RevolvingUtilizationOfUnsecuredLines,age,NumberOfTime30-59DaysPastDueNotWorse,DebtRatio,MonthlyIncome,NumberOfOpenCreditLinesAndLoans,NumberOfTimes90DaysLate,NumberRealEstateLoansOrLines,NumberOfTime60-89DaysPastDueNotWorse,NumberOfDependents,SeriousDlqin2yrs
0.1722,56,0,0.5316,7974.0,14,0,0,0,0.0,0
0.0234,37,0,0.3567,,10,0,1,0,1.0,0
0.4166,63,0,0.7804,4732.0,4,0,1,0,0.0,0
0.5139,65,0,0.4133,961.0,5,0,0,0,3.0,0
0.4696,25,0,0.0415,2611.0,13,0,2,0,0.0,1
0.2844,34,0,0.5451,9904.0,9,0,3,0,0.0,0
0.4207,54,0,0.4125,8857.0,5,0,0,0,0.0,0
0.6644,48,1,0.3374,3700.0,3,0,0,0,2.0,0
0.3292,52,0,0.1991,5367.0,7,0,2,0,0.0,0
0.477,40,0,0.2189,4457.0,10,0,0,0,0.0,0
0.7561,64,0,0.7007,2661.0,12,0,1,0,0.0,0
0.0736,63,0,0.8965,4514.0,7,0,1,0,3.0,0
0.2549,53,0,1.1498,3639.0,6,0,0,0,1.0,0
0.0804,68,0,0.4043,797.0,6,0,1,0,1.0,0
2.9656,59,0,0.2786,7441.0,9,0,0,0,3.0,0
0.0499,40,0,0.5313,8392.0,8,0,0,0,1.0,0
0.9468,57,0,0.086,8506.0,9,0,2,0,1.0,0
0.8796,39,0,0.5033,5096.0,5,0,0,0,1.0,1
0.2029,64,0,1.0142,1901.0,6,0,0,0,0.0,0
0.3523,51,0,0.4205,2442.0,8,0,1,0,1.0,0
0.8238,49,0,0.1144,5863.0,7,0,0,0,1.0,0
1.6941,42,0,1.1631,1779.0,9,0,2,0,0.0,0
1.9011,69,0,0.7001,,11,0,0,0,0.0,0
0.2826,50,0,0.476,9252.0,6,0,1,0,1.0,0
0.1564,46,0,0.3636,4676.0,12,0,1,0,1.0,0
0.7644,47,0,0.3096,3170.0,8,0,2,0,1.0,0
0.0503,59,0,0.6796,3646.0,9,0,3,0,1.0,0
0.5661,57,0,1.4151,9425.0,5,0,2,0,1.0,0
0.7117,58,0,0.6403,,9,0,0,0,1.0,0
0.353,58,0,0.2468,8688.0,8,0,0,0,1.0,0
0.0417,82,1,0.8193,11369.0,20,0,3,0,0.0,0
1.3392,46,0,0.2297,23465.0,13,0,2,0,0.0,0
0.444,45,0,0.0992,9106.0,13,0,1,0,2.0,0
3.4056,41,0,0.2158,8305.0,14,0,1,0,0.0,0
0.7526,61,0,0.4809,6920.0,11,0,2,0,0.0,0
0.317,68,0,0.8323,8550.0,7,0,1,0,1.0,0
0.4779,50,0,0.6207,8353.0,12,0,0,0,4.0,0
0.1968,40,0,0.0721,1595.0,12,0,1,0,0.0,0
0.2588,40,0,0.8253,,8,0,3,0,0.0,0
0.3788,61,0,0.5065,8639.0,7,0,0,0,2.0,0
0.4447,62,0,0.4918,,7,0,0,0,4.0,0
0.876,60,0,0.1151,10571.0,9,0,0,0,0.0,0
0.4794,43,0,0.251,,9,0,1,0,0.0,0
0.4515,55,0,0.7028,8018.0,13,0,2,0,0.0,0
0.2303,54,0,0.6453,3646.0,3,0,1,0,1.0,0
0.5743,55,0,0.4239,7564.0,6,0,1,0,1.0,0
0.1699,64,0,0.4668,6936.0,2,0,0,0,1.0,0
0.4666,55,0,0.725,8539.0,7,0,2,0,0.0,0
0.3309,62,0,0.6298,9747.0,6,0,1,0,0.0,0
4.3246,53,0,0.5493,,11,0,2,0,1.0,1
0.5401,56,0,1.0328,3723.0,9,0,4,0,1.0,0
0.0163,61,0,0.2975,5658.0,8,0,1,0,0.0,0
1.1651,32,0,0.5931,3682.0,5,0,0,0,2.0,1
0.4538,48,0,0.7916,11063.0,10,0,2,0,0.0,0
0.479,45,0,0.7371,3465.0,4,0,1,0,1.0,0
0.2842,43,1,0.2525,1992.0,8,0,1,1,5.0,0
2.3317,48,0,0.1779,6414.0,6,0,0,0,1.0,0
2.8055,73,0,0.8591,13355.0,10,0,4,0,0.0,0
0.4629,40,0,0.2895,1733.0,4,0,1,0,1.0,0
1.5401,66,0,0.1896,8828.0,7,0,1,0,1.0,0
0.3953,28,0,0.0683,6212.0,7,0,1,0,0.0,0
0.346,47,0,0.5965,7741.0,10,0,0,0,0.0,0
0.1959,54,0,0.4627,7271.0,5,0,1,0,0.0,0
0.3358,60,0,0.4008,5348.0,16,0,2,0,0.0,0
0.1761,62,0,0.3048,,16,0,0,0,,0
6.4694,63,0,0.7153,,5,0,0,0,2.0,0
0.7343,47,0,0.2665,3906.0,11,0,0,0,1.0,0
0.0108,46,0,0.676,4567.0,8,0,1,0,1.0,0
0.6903,64,0,0.2658,8860.0,5,0,1,0,0.0,0
2.9934,49,0,0.3762,5028.0,8,0,2,0,0.0,0
0.1653,34,0,0.1169,2902.0,3,0,2,0,0.0,0
0.0525,36,0,0.6088,4048.0,14,0,1,0,1.0,0
0.1592,39,0,0.5173,12381.0,13,0,2,0,0.0,0
0.3611,59,0,1.0814,10684.0,7,0,0,0,0.0,0
0.0967,54,0,1.0325,4080.0,7,0,1,0,1.0,0
0.2255,62,0,0.2064,4055.0,6,0,1,0,0.0,0
0.4565,46,0,0.6088,,3,0,2,0,0.0,1
0.6107,54,0,0.3863,2618.0,9,0,1,0,2.0,0
5.9493,61,0,0.5434,5861.0,5,0,1,0,2.0,0
0.0024,48,2,0.8092,1869.0,8,0,1,0,1.0,0
0.0127,58,0,0.2715,2798.0,9,0,1,0,1.0,0
5.5525,43,0,0.507,,9,0,0,0,1.0,0
0.7473,47,0,0.4718,,15,0,3,0,1.0,0
0.2639,47,0,0.1753,,6,0,2,0,0.0,0
0.6539,35,0,0.1806,2155.0,13,0,0,0,1.0,0
0.8162,59,0,0.6536,6496.0,6,0,1,0,0.0,0
0.1375,45,0,0.5298,5311.0,17,0,0,0,1.0,0
0.9524,52,0,0.9109,,7,0,1,0,2.0,0
0.6196,59,0,0.852,4648.0,8,0,1,0,,0
0.5829,58,0,0.9099,6364.0,9,0,3,0,1.0,0
0.5755,61,0,0.4692,2417.0,7,0,1,0,3.0,0
0.6381,51,0,0.4903,12789.0,13,0,0,0,0.0,0
4.9609,46,0,0.8113,4384.0,7,0,1,0,2.0,0
0.0737,51,0,0.5148,22304.0,13,0,0,0,3.0,0
0.3357,28,0,0.1586,4433.0,11,0,3,0,0.0,0
0.8703,32,1,0.0964,3367.0,9,2,1,2,0.0,0
0.0367,33,0,0.501,2508.0,15,0,0,0,0.0,0
0.0696,38,0,0.5547,4668.0,7,0,0,0,1.0,0
0.1072,58,0,0.6233,6241.0,6,0,1,0,3.0,0
0.1533,39,0,0.3734,8210.0,9,0,1,0,2.0,1
0.3718,47,0,0.3352,7227.0,6,0,0,0,1.0,0
0.0364,70,0,1.3485,4377.0,5,0,1,0,0.0,0
0.4824,47,0,0.2497,,12,0,1,0,1.0,0
0.9938,62,0,0.5725,5565.0,9,0,0,0,2.0,0
3.0715,39,0,0.0169,2587.0,2,0,1,0,1.0,0
0.4173,49,0,0.2556,3650.0,7,0,0,0,1.0,0
0.3732,39,0,0.359,,10,0,0,0,1.0,0
0.1021,47,0,0.6645,,11,0,0,0,0.0,0
0.3213,64,0,0.3194,,5,0,2,0,0.0,0
0.6662,28,0,0.9607,5161.0,10,0,0,0,1.0,1
0.8452,58,4,0.6055,5617.0,7,0,2,0,2.0,0
0.4923,55,0,0.3049,,7,0,2,0,1.0,0
0.911,44,0,0.9804,10763.0,4,0,2,0,1.0,1
1.0266,32,3,0.1825,4083.0,6,0,0,0,3.0,0
0.4652,53,0,0.9352,8542.0,10,0,1,0,0.0,0
1.1546,45,0,0.6065,7698.0,8,0,0,0,3.0,0
0.2183,55,0,0.4447,8322.0,10,0,2,0,1.0,0
0.3009,52,0,0.1859,6452.0,2,0,0,0,0.0,0
0.514,74,0,0.1945,,4,0,0,0,0.0,0
0.2855,49,0,0.1091,,8,0,0,0,1.0,0
0.1949,38,0,0.0659,3962.0,9,0,2,0,1.0,0
0.8235,55,1,0.3799,,7,0,0,0,0.0,0
0.5128,55,0,0.3142,4953.0,8,0,4,0,0.0,0
0.299,71,0,0.8756,8898.0,6,0,4,0,0.0,0
0.101,64,0,0.3917,3326.0,5,0,3,0,1.0,0
0.2885,57,0,0.811,7442.0,9,0,0,0,1.0,0
0.025,72,0,0.7036,8344.0,12,0,0,0,2.0,0
0.097,35,0,0.5298,6621.0,10,0,0,0,0.0,0
0.9229,43,0,0.4725,1757.0,11,0,0,0,1.0,0
0.3532,39,0,0.7624,6333.0,11,0,2,0,2.0,0
0.3219,47,0,0.2244,6686.0,7,0,0,0,0.0,0
0.5571,33,0,0.2912,4324.0,8,0,0,0,0.0,0
0.6318,61,0,0.3314,10093.0,6,0,0,0,1.0,0
0.3849,49,0,0.2947,8316.0,8,0,2,0,2.0,0
0.2717,31,0,0.4209,10144.0,10,0,2,0,,0
0.6967,38,0,0.6809,8198.0,14,0,2,0,1.0,0
0.3059,56,0,0.4415,2196.0,11,0,1,0,0.0,0
4.4538,64,0,0.9432,3540.0,10,0,0,0,1.0,0
0.7318,80,0,0.8176,5474.0,16,0,3,0,0.0,0
6.0092,93,0,0.6237,10192.0,8,0,3,0,1.0,0
0.7441,58,0,1.2764,5352.0,6,0,1,0,2.0,0
0.1513,38,0,0.1506,11593.0,9,0,2,0,0.0,0
0.6233,22,0,0.6452,6697.0,9,0,0,0,1.0,0
0.3649,56,0,0.4369,,7,0,0,0,2.0,0
0.6889,41,0,0.3111,5192.0,7,0,1,0,1.0,0
1.1427,46,0,1.0129,4210.0,4,0,1,0,3.0,0
0.3682,43,0,0.3676,,8,0,1,0,0.0,0
0.3908,50,0,0.9833,,4,0,1,0,0.0,0
2.0544,67,0,0.5888,6085.0,11,0,2,0,2.0,0
0.2697,54,0,0.4941,3720.0,4,0,1,0,0.0,0
0.5772,50,0,0.7168,3048.0,12,0,2,0,3.0,0
0.3988,38,0,0.1632,4818.0,6,0,0,0,0.0,0
0.0132,29,0,0.2328,1768.0,10,0,0,0,1.0,0
1.213,45,0,0.6009,5760.0,4,0,1,0,2.0,0
0.0782,51,0,0.6629,,10,0,2,0,0.0,0
0.8409,77,0,0.1308,,4,0,0,0,0.0,0
1.1223,54,0,0.2317,20818.0,7,0,1,0,0.0,0
0.1696,66,0,0.3473,13483.0,7,0,1,0,,0
0.5108,45,0,0.4159,2054.0,8,0,0,0,0.0,0
0.2798,35,0,0.3938,4120.0,9,0,3,0,3.0,0
0.8454,38,0,0.6552,4469.0,7,0,2,0,0.0,0
0.4784,42,0,0.3376,2896.0,4,0,2,0,0.0,0
5.8734,82,0,0.2645,2893.0,9,0,0,0,0.0,0
0.0967,41,0,0.8332,8864.0,15,0,0,0,1.0,0
0.3772,64,0,0.3521,7598.0,7,0,0,0,1.0,0
0.6778,39,0,0.699,5532.0,13,0,2,0,0.0,0
0.3819,65,0,0.739,7733.0,5,0,1,0,0.0,0
0.4882,57,0,0.4589,,5,0,0,0,1.0,1
0.2146,50,0,0.1194,5775.0,10,0,2,0,0.0,0
0.0434,51,0,0.5814,4008.0,9,0,1,0,1.0,0
0.7363,43,3,0.5863,3173.0,8,0,2,0,1.0,0
0.5487,58,0,0.5387,,8,0,1,0,5.0,0
0.6539,46,1,1.172,3214.0,11,0,0,0,2.0,0
2.0491,35,0,0.3112,3305.0,4,0,1,0,0.0,0
0.4195,34,0,0.6308,,6,0,2,0,0.0,0
0.1536,54,0,0.568,4519.0,8,0,1,0,1.0,0
4.6346,74,0,0.7446,13258.0,9,0,1,0,2.0,0
0.2684,54,0,0.7079,4660.0,6,0,1,0,1.0,0
0.6425,50,0,0.2336,5375.0,9,0,0,0,2.0,0
0.2034,56,0,0.2649,4337.0,9,0,0,0,0.0,0
3.2366,70,0,0.6297,4764.0,5,0,4,0,2.0,0
0.6356,55,0,0.3634,18544.0,6,0,0,0,1.0,0
0.0377,46,0,0.3637,11562.0,9,0,1,0,1.0,0
1.7043,67,0,0.7245,7497.0,10,0,2,0,1.0,0
1.2225,58,0,0.9723,10139.0,8,0,1,0,1.0,0
0.1319,74,0,0.7954,,10,0,1,0,0.0,0
2.6327,55,0,0.8652,5827.0,10,0,0,0,1.0,0
0.3702,35,1,0.2062,3421.0,8,0,1,0,1.0,0
0.445,33,0,0.8563,877.0,3,0,2,0,3.0,0
0.2868,75,0,0.7095,12725.0,9,0,1,0,1.0,0
0.6252,76,0,0.5434,,7,0,1,0,2.0,1
0.5622,49,0,0.209,5602.0,6,0,0,0,3.0,0
0.0526,47,0,0.2864,14352.0,17,0,0,0,1.0,0
0.0192,72,0,0.9134,,11,0,0,0,0.0,0
0.1478,37,0,0.926,9283.0,14,0,1,0,0.0,0
0.2101,39,0,0.1186,,7,0,0,0,0.0,0
0.1324,61,0,0.7223,13568.0,8,0,1,0,0.0,0
0.2756,46,0,0.4045,4090.0,5,0,2,0,1.0,0
0.0992,52,0,0.6582,10934.0,12,0,1,0,1.0,0
0.9244,50,0,0.1479,3541.0,6,0,0,0,0.0,0
0.1413,57,0,0.7773,,11,0,1,0,1.0,0
0.0602,72,0,0.6041,,6,0,1,0,3.0,0
0.3961,53,0,0.5593,,13,0,0,0,,0
0.1107,61,0,0.2146,,13,0,0,0,0.0,0
0.2073,23,0,1.1583,6389.0,11,0,2,0,1.0,0
0.3823,51,0,0.6679,8893.0,5,0,2,0,2.0,0
0.427,40,0,0.7962,,8,0,0,0,2.0,1
0.1355,35,0,0.1383,7381.0,10,0,1,0,0.0,0
2.0736,40,0,0.3418,5583.0,9,0,1,0,1.0,0
1.4539,47,0,0.6021,3843.0,6,0,1,3,2.0,0
1.4434,65,0,0.7709,,7,0,0,0,1.0,0
1.4605,33,0,0.3981,15680.0,10,0,1,0,1.0,0
0.4834,52,0,0.6055,2788.0,13,0,1,0,0.0,0
0.068,45,0,1.0023,1519.0,5,0,1,0,0.0,0
1.7115,47,0,0.801,10093.0,8,0,0,0,2.0,0
0.1194,66,0,0.814,8835.0,11,0,3,0,2.0,0
0.6208,60,0,0.2,2869.0,10,0,0,0,0.0,1
0.0588,71,0,0.2891,,10,0,0,0,1.0,0
3.7378,50,0,0.2324,5370.0,3,0,1,0,1.0,0
3.4186,42,0,0.8903,,4,0,2,0,1.0,1
2.6122,49,0,0.6877,,3,0,2,0,0.0,0
0.2116,55,0,0.429,8411.0,6,0,0,0,5.0,0
0.062,54,0,0.2233,7131.0,6,0,2,0,0.0,0
3.0741,37,0,0.6273,2056.0,9,0,1,0,0.0,0
0.1896,53,0,0.5765,,6,0,3,0,0.0,0
0.0167,55,0,0.6923,8421.0,5,0,0,0,0.0,0
0.1735,87,0,0.4385,,5,0,0,0,1.0,0
0.6957,78,0,0.1389,3743.0,8,0,2,0,1.0,1
2.2753,40,0,0.117,2277.0,4,0,1,0,2.0,0
0.0348,48,0,0.353,1924.0,6,0,1,0,0.0,0
0.0465,32,0,0.5281,7133.0,7,0,0,0,1.0,0
0.3054,44,0,0.321,,9,0,1,0,0.0,0
0.5178,56,0,0.6797,3336.0,6,0,3,0,0.0,0
0.5904,69,0,0.9273,2158.0,4,0,0,0,0.0,1
1.3427,42,0,0.6573,8699.0,12,0,1,0,0.0,0
0.3436,43,0,0.0745,,8,0,0,0,2.0,0
0.2523,22,0,0.0998,2973.0,8,0,0,0,1.0,0
0.1243,50,0,0.2582,3903.0,9,0,0,0,0.0,0
0.0071,37,0,0.2628,,6,0,0,0,1.0,0
0.4489,45,0,0.9811,5762.0,4,0,0,0,0.0,0
1.0344,40,0,0.8866,2726.0,6,0,0,0,1.0,0
0.3244,51,0,0.5735,6042.0,8,0,1,0,0.0,0
1.0064,27,1,0.7363,3938.0,13,0,1,0,0.0,1
0.7432,31,0,0.2672,3498.0,4,0,0,0,0.0,0
0.4643,82,0,0.443,,12,0,1,0,1.0,1
0.5338,34,0,0.7722,3404.0,9,0,1,0,0.0,0
0.4057,37,0,0.1501,,6,0,1,0,5.0,0
0.5552,78,0,0.6632,11138.0,4,0,0,0,0.0,0
0.1145,93,0,0.3437,18773.0,5,0,1,0,1.0,0
3.5762,36,0,0.5455,962.0,7,0,0,0,1.0,1
0.0185,47,0,0.5289,7561.0,8,0,1,0,1.0,0
0.502,57,0,0.8923,3241.0,5,0,2,0,0.0,0
1.9362,76,0,0.4873,,9,0,2,0,1.0,0
1.1679,38,0,0.1727,5099.0,5,0,1,0,0.0,0
2.0079,49,0,0.2966,,8,0,1,0,0.0,0
0.2747,63,0,0.2889,8589.0,6,0,1,0,2.0,0
1.2818,58,0,0.0839,3742.0,8,0,1,0,1.0,0
1.1986,47,0,0.3365,5334.0,6,0,2,0,0.0,0
0.1272,50,0,0.6865,10208.0,11,0,0,0,0.0,0
0.6442,33,0,0.3859,4844.0,6,0,0,0,0.0,0
0.1587,49,0,0.3967,8774.0,2,0,2,0,1.0,0
0.4378,48,0,0.525,,10,0,2,0,1.0,0
0.5508,55,0,0.1114,3654.0,8,0,0,0,1.0,0
2.6985,44,0,0.3985,7374.0,5,0,1,0,2.0,0
0.0369,59,0,0.461,8486.0,6,0,4,0,2.0,0
0.3065,66,0,0.7342,4834.0,8,0,1,0,2.0,0
0.5392,54,0,0.1407,6869.0,10,0,1,0,2.0,0
0.2085,57,0,0.2643,4496.0,6,0,1,0,0.0,0
0.4104,53,0,0.1253,2219.0,10,0,0,0,3.0,0
0.523,52,0,0.3196,2219.0,6,0,3,0,1.0,0
0.6139,42,0,0.3789,,7,0,0,0,0.0,0
0.2731,56,0,0.3925,1999.0,14,0,1,0,2.0,0
0.0392,51,0,0.6349,3805.0,10,0,1,0,1.0,0
0.4407,81,0,0.3576,,6,0,1,0,2.0,0
3.7768,74,0,0.9752,6324.0,10,0,0,0,0.0,0
0.0838,57,0,0.6254,3619.0,13,0,2,0,0.0,0
0.2061,41,0,0.0657,5503.0,7,0,1,0,1.0,1
0.4349,36,0,0.377,12727.0,11,0,3,0,1.0,0
0.1784,69,0,0.2334,5657.0,8,0,0,0,0.0,0
0.7885,56,0,0.9103,15879.0,9,0,0,0,2.0,0
0.0998,59,0,0.3293,5872.0,7,0,1,0,2.0,0
1.8189,28,0,0.1875,,8,0,0,0,1.0,0
0.8509,65,0,0.1608,3571.0,15,0,2,0,0.0,0
0.2462,58,0,0.8455,,15,0,1,0,0.0,0
0.3635,36,0,0.3944,9486.0,7,0,0,0,0.0,0
0.032,45,0,1.3069,8541.0,11,0,0,0,1.0,0
0.7088,56,0,0.6084,13316.0,7,0,0,0,0.0,0
2.3714,53,3,0.8911,,11,0,0,0,1.0,0
0.4059,48,0,0.7476,6873.0,8,0,1,0,0.0,0
0.2005,51,0,0.0715,2777.0,8,0,1,0,0.0,0
0.5184,48,0,0.397,7068.0,3,0,2,0,0.0,0
9.8023,54,1,1.0069,2902.0,6,0,1,2,0.0,0
2.3618,73,0,0.4769,4163.0,6,0,0,0,1.0,1
0.2074,21,0,0.4272,5344.0,6,0,3,0,0.0,0
0.9855,49,2,0.0789,2970.0,5,0,1,0,0.0,0
0.7925,54,0,0.366,4074.0,8,0,1,0,1.0,0
0.7494,56,0,0.3729,4346.0,9,0,0,0,2.0,0
0.6624,47,0,0.9368,8198.0,5,0,1,0,1.0,0
0.2401,27,0,0.4791,4899.0,8,0,1,0,1.0,0
0.1086,57,0,0.5756,,6,0,1,0,2.0,0
0.6781,76,0,0.7097,6609.0,9,0,0,0,1.0,0
0.5835,31,0,0.1106,4405.0,10,0,1,0,1.0,0
1.4869,64,0,0.3342,11571.0,6,0,1,0,1.0,0
0.2272,47,0,0.4069,4949.0,10,0,0,0,1.0,0
1.5144,51,0,0.0657,13078.0,11,0,0,0,0.0,1
0.5511,37,0,0.4997,3753.0,6,0,1,0,1.0,1
0.6468,47,0,0.1457,4416.0,12,0,2,0,1.0,1
0.5704,70,0,0.6724,,6,0,1,0,1.0,0
1.8853,60,0,0.1852,5362.0,6,0,1,0,1.0,0
0.3396,76,0,0.1399,5730.0,12,0,3,0,0.0,1
0.1194,68,0,0.7968,9275.0,7,0,1,0,2.0,0
0.4409,58,0,0.668,,11,0,0,0,1.0,0
0.7323,76,0,0.2233,2092.0,8,0,0,0,0.0,0
0.2024,58,0,0.1627,3718.0,6,0,0,0,0.0,0
0.477,64,0,0.5038,4510.0,5,0,0,0,0.0,0
0.1512,48,0,0.4058,,4,0,1,0,0.0,0
0.424,53,0,0.8257,2223.0,14,0,1,0,0.0,0
1.4763,42,0,0.3857,3300.0,8,0,0,0,1.0,0
0.0173,66,0,0.385,11662.0,4,0,0,0,2.0,0
0.0372,36,0,0.8275,5023.0,9,0,2,0,,0
0.2199,63,0,0.8015,3297.0,14,0,0,0,1.0,0
0.058,49,0,1.038,10064.0,9,0,1,0,2.0,0
0.8286,68,0,0.1684,2975.0,11,0,2,0,0.0,0
0.7361,63,0,0.7852,4348.0,3,0,0,0,1.0,0
0.4693,77,0,0.0306,4923.0,1,0,0,0,3.0,0
0.4235,62,0,0.1621,6210.0,5,0,1,0,1.0,0
4.5804,30,0,0.5098,3678.0,12,0,1,0,,0
0.7208,51,0,0.5902,3157.0,9,0,1,0,0.0,0
0.1194,36,0,0.7956,2513.0,5,0,3,0,0.0,0
1.3943,45,0,0.6828,7125.0,8,0,1,0,1.0,0
0.3306,73,0,0.288,,8,0,3,0,5.0,0
1.3438,61,0,0.4703,4506.0,7,0,0,0,,0
1.2251,42,0,0.5878,,18,0,0,0,1.0,0
0.5746,38,0,0.1236,,8,0,0,0,1.0,0
0.2295,52,0,0.4797,6308.0,2,0,3,0,1.0,0
1.7274,35,0,0.8958,1567.0,9,0,1,0,1.0,0
0.2609,43,0,0.724,5578.0,7,0,0,0,1.0,0
0.6293,56,0,0.112,2658.0,10,0,2,0,0.0,0
0.4994,68,0,0.5364,2744.0,4,0,2,0,2.0,0
1.961,61,0,0.4995,4731.0,6,0,0,0,1.0,0
0.9807,21,0,0.9255,4305.0,7,0,1,0,0.0,0
2.3056,56,0,0.2817,16493.0,7,0,1,0,2.0,0
0.3862,53,0,0.8372,,7,0,1,0,1.0,0
1.7993,58,0,0.0853,3189.0,5,0,2,0,1.0,0
0.0153,75,0,0.0832,8646.0,7,0,1,0,1.0,1
0.8702,23,0,0.8164,,4,0,0,0,1.0,0
0.5601,44,0,0.4737,7657.0,7,0,0,0,0.0,0
0.4493,60,0,0.2973,4386.0,8,0,2,0,1.0,0
2.078,30,0,0.277,,12,0,1,0,2.0,1
0.1584,73,0,0.4432,8356.0,8,0,3,0,3.0,0
0.5862,57,0,0.1139,8147.0,7,0,1,0,2.0,0
0.6798,64,0,0.893,,8,0,2,0,1.0,0
0.3645,44,0,0.697,11586.0,8,0,1,0,3.0,0
0.1537,63,0,0.5741,6530.0,15,0,1,0,1.0,0
8.9031,67,0,0.6792,,8,0,1,0,0.0,1
0.2822,55,0,0.5297,7713.0,6,0,0,0,3.0,0
0.6547,55,0,0.5951,8772.0,6,0,1,0,0.0,0
0.6247,56,0,1.0177,13386.0,13,0,1,0,,0
0.5242,40,0,0.7222,8201.0,9,0,0,0,1.0,0
0.4334,50,0,0.192,,7,0,2,0,0.0,0
0.3213,50,0,0.2044,10112.0,5,0,0,0,1.0,0
3.8527,57,0,0.3059,3242.0,13,0,2,0,1.0,0
0.0698,66,0,0.498,12845.0,7,0,1,0,1.0,0
0.2369,37,0,0.8294,,4,0,0,0,0.0,0
0.3363,50,2,0.1804,2014.0,3,0,1,0,0.0,0
0.365,73,0,0.8053,1452.0,10,0,0,0,0.0,0
1.9255,42,0,0.4842,5961.0,11,0,0,0,0.0,0
0.0616,40,0,0.4479,7844.0,3,0,1,0,1.0,0
2.7221,55,0,0.114,3837.0,9,0,1,0,0.0,0
0.1863,64,0,0.2586,6487.0,6,0,1,0,1.0,0
0.4462,52,0,0.3326,5476.0,8,0,0,0,0.0,0
0.2398,71,0,0.0345,6258.0,13,0,1,0,1.0,0
0.0958,64,0,0.2795,5654.0,4,0,2,0,0.0,0
6.6487,64,0,0.405,8006.0,5,0,0,0,0.0,0
0.1068,60,0,0.6078,,6,0,1,0,0.0,0
0.1995,85,0,0.1605,,7,0,4,0,0.0,0
0.3667,49,0,0.5695,2044.0,10,0,2,0,0.0,0
7.2302,24,1,0.4202,,4,0,1,0,1.0,0
2.0383,74,2,0.0265,,5,1,1,2,3.0,1
0.574,46,0,0.3762,6659.0,5,0,0,0,,0
0.0855,54,0,0.4972,3172.0,9,0,0,0,1.0,0
0.0133,70,0,1.0787,7670.0,9,0,1,0,1.0,0
0.6556,30,0,0.331,7557.0,6,0,3,0,0.0,0
0.0778,34,0,0.4131,2711.0,14,0,1,0,0.0,0
3.1052,30,0,0.3127,,5,0,2,0,0.0,0
1.3106,41,0,1.1534,4923.0,12,0,1,0,1.0,0
0.6163,58,0,0.3608,,7,0,2,0,2.0,0
0.9042,59,0,0.4529,,9,0,2,0,0.0,0
0.2935,56,0,0.4013,,9,0,3,0,1.0,0
0.0735,32,0,0.1222,13896.0,8,0,1,0,0.0,0
0.1225,21,0,0.1968,9691.0,10,0,0,0,1.0,0
0.2342,53,0,0.3485,,11,0,0,0,1.0,0
0.3844,45,0,0.7939,7718.0,8,0,1,0,1.0,0
0.4466,58,0,0.2371,8408.0,7,0,0,0,2.0,0
0.1337,62,0,0.9898,4651.0,8,0,1,0,1.0,0
0.1949,54,0,0.4628,6996.0,8,0,0,0,1.0,0
0.1945,63,0,0.9356,,8,0,2,0,1.0,0
0.5047,55,0,0.8264,3054.0,8,0,1,0,1.0,0
0.065,59,0,0.5222,11159.0,10,0,2,0,1.0,0
0.4931,42,0,0.0603,4757.0,12,0,0,0,,0
1.3968,49,0,1.1769,,8,0,1,0,0.0,1
0.1942,55,0,0.1915,15479.0,7,0,2,0,1.0,0
0.1179,63,0,0.7782,19959.0,9,0,2,0,0.0,0
1.056,46,0,0.6603,2898.0,6,0,1,0,0.0,0
0.8718,59,0,0.3636,,10,0,1,0,1.0,0
0.1934,48,0,0.19,3935.0,5,0,0,0,1.0,0
0.7007,50,0,0.8495,6128.0,8,0,1,0,3.0,0
0.4991,64,0,0.1826,,5,0,0,0,1.0,0
3.0541,24,0,0.5376,3110.0,13,0,1,0,0.0,0
0.0782,34,1,0.4476,821.0,5,0,0,2,1.0,0
0.7795,31,0,0.2024,7899.0,6,0,2,0,1.0,0
0.2132,21,0,0.1674,,5,0,0,0,3.0,0
0.4104,43,0,0.0716,5921.0,5,0,2,0,0.0,0
0.2051,62,0,0.0923,7053.0,9,0,1,0,0.0,0
0.0853,48,0,0.2614,6431.0,5,0,1,0,1.0,0
0.5665,55,1,0.1561,3270.0,8,0,3,3,0.0,0
4.8592,67,1,1.3987,,8,0,0,0,0.0,1
0.3602,71,0,0.8883,7700.0,5,0,1,0,2.0,0
0.0735,51,0,1.0831,2085.0,11,0,1,0,0.0,0
0.8301,71,0,0.7629,10555.0,12,0,1,0,1.0,0
0.2456,53,0,0.5071,2996.0,6,0,2,0,1.0,0
0.8164,40,0,0.3374,,11,0,0,0,0.0,0
0.7099,44,0,0.7807,7924.0,4,0,0,0,2.0,0
5.7899,31,0,0.481,7346.0,2,0,1,0,0.0,0
0.479,40,0,0.3586,2770.0,8,0,0,0,0.0,0
0.5845,47,0,0.1338,,7,0,2,0,1.0,0
0.28,63,0,0.6456,,4,0,2,0,2.0,0
0.6193,76,0,0.2238,2463.0,8,0,0,0,1.0,0
0.1347,33,0,0.4756,4344.0,7,0,1,0,1.0,0
0.6249,57,0,0.3871,2069.0,12,0,0,0,1.0,0
0.1494,37,0,0.2798,,5,0,2,0,0.0,0
0.789,59,0,0.4209,4307.0,8,0,0,0,0.0,0
1.6543,50,0,0.731,,8,0,0,0,1.0,0
0.3179,26,0,0.6143,,12,0,1,0,2.0,0
0.7799,65,0,0.9889,12103.0,4,0,3,0,1.0,0
0.2157,44,0,0.7829,5024.0,5,0,2,0,1.0,0
0.4762,45,0,0.9045,3041.0,5,0,1,0,1.0,0
0.3111,37,0,0.3928,9039.0,6,0,2,0,0.0,0
2.3288,43,0,0.3311,3705.0,8,0,0,0,,0
0.4029,58,0,0.9083,7357.0,5,0,0,0,2.0,0
1.9724,49,0,0.1425,3560.0,8,0,1,0,0.0,0
0.156,57,0,0.4406,10516.0,9,0,2,0,0.0,0
1.2448,57,0,0.1298,4601.0,11,0,0,0,2.0,0
0.0387,70,0,0.3267,7406.0,3,0,0,0,1.0,0
0.6051,47,1,0.75,4985.0,9,1,0,0,0.0,0
0.04,31,0,0.7817,8677.0,5,0,1,0,1.0,0
0.0851,67,0,0.1034,6240.0,6,0,2,0,2.0,0
1.8014,47,0,0.7035,12378.0,6,0,0,0,0.0,0
0.8321,68,0,0.3939,7679.0,6,0,0,0,0.0,0
3.7418,57,0,0.7459,3317.0,6,0,1,0,0.0,1
0.0529,50,0,0.6589,3572.0,11,0,0,0,0.0,0
8.3911,57,0,0.6287,,8,0,0,0,0.0,1
0.1853,79,0,0.2756,,9,0,1,0,2.0,0
0.2842,81,0,0.3749,,9,2,2,0,1.0,0
0.2122,53,0,0.6723,7408.0,5,0,0,0,1.0,0
0.2361,54,3,1.3022,2557.0,5,0,1,0,,0
0.5067,67,0,0.9372,2692.0,5,0,0,0,3.0,1
0.3313,40,0,0.1288,6222.0,6,0,0,0,0.0,0
0.2743,57,0,0.3325,8071.0,6,0,2,0,1.0,0
0.9547,52,0,0.5261,3230.0,9,0,1,0,0.0,1
0.4055,56,0,1.0616,,7,0,2,0,1.0,0
0.4908,40,0,0.3729,8659.0,9,0,2,0,0.0,0
1.1269,30,0,0.2946,,4,0,1,0,1.0,0
0.632,23,0,0.5024,4163.0,10,0,1,0,,1
1.7449,36,0,0.6564,2795.0,5,0,0,0,2.0,0
0.1633,46,0,0.2945,3106.0,11,0,1,0,2.0,0
0.389,48,0,0.6852,4591.0,7,0,1,0,0.0,0
0.5218,79,0,0.776,4671.0,11,0,1,0,,1
0.14,67,0,0.5763,,11,0,3,0,1.0,0
0.1494,39,0,0.4846,1997.0,7,0,1,0,3.0,0
1.1335,57,0,1.2606,14989.0,3,0,1,0,1.0,0
0.214,46,0,0.6148,8814.0,6,0,1,0,0.0,0
0.6709,48,0,0.237,4134.0,5,0,5,0,2.0,0
2.4823,55,0,0.6271,3396.0,9,0,0,0,,0
0.7698,61,0,0.6525,9399.0,8,0,1,0,1.0,0
0.7879,47,0,0.3777,10682.0,4,0,0,0,2.0,0
0.37,67,0,0.6928,5117.0,10,0,0,0,2.0,0
0.3316,36,0,0.5025,,6,0,1,0,1.0,0
0.279,52,2,0.4973,8334.0,16,0,2,0,2.0,0
0.3864,88,0,0.0467,,8,0,0,0,0.0,0
0.3002,55,0,0.4041,11056.0,7,0,1,0,1.0,0
0.2439,72,0,0.1451,4363.0,10,0,0,0,0.0,0
0.1872,53,0,0.57,4073.0,7,0,1,0,0.0,0
0.5521,60,0,0.2222,1859.0,2,0,1,0,0.0,0
0.0738,51,0,0.9699,7825.0,9,0,0,0,0.0,0
0.3695,50,0,1.0451,6140.0,11,0,2,0,2.0,0
0.1259,41,0,0.2446,,9,0,0,0,,0
1.1716,58,0,0.1229,5112.0,9,0,1,0,1.0,0
0.0112,40,0,0.6459,8989.0,13,0,1,0,2.0,0
0.6648,61,0,0.6294,10872.0,9,0,1,0,1.0,0
0.2111,67,0,1.0605,4827.0,5,0,0,0,0.0,0
0.2533,57,0,0.3341,10599.0,10,1,2,0,1.0,0
1.1465,48,0,0.4833,5355.0,7,0,0,0,0.0,0
0.1746,58,1,0.3596,5241.0,6,0,0,0,0.0,0
1.5209,48,0,0.6157,6712.0,6,0,1,0,0.0,0
0.1655,65,0,0.6706,1176.0,5,0,1,0,1.0,0
0.0601,26,0,0.6295,3683.0,7,0,2,0,0.0,0
0.1653,47,0,0.5022,7408.0,6,0,0,0,2.0,0
0.2561,24,0,0.1186,6143.0,7,0,1,0,0.0,0
0.3685,31,0,0.2297,,9,0,3,0,2.0,0
0.2464,71,0,0.337,16793.0,8,0,0,0,1.0,0
0.6027,65,1,0.387,6988.0,10,0,0,0,1.0,0
0.2932,42,0,0.2948,2732.0,6,0,0,0,0.0,0
0.4498,31,0,0.217,2688.0,11,0,0,0,2.0,0
2.673,21,0,0.5783,5446.0,14,0,0,0,1.0,0
0.1758,44,0,0.4619,,7,0,0,0,0.0,0
0.2283,86,0,0.5962,5938.0,5,0,0,0,1.0,0
0.6733,58,0,0.6898,2495.0,13,0,2,0,0.0,0
0.5384,44,0,0.4099,2066.0,5,0,2,0,0.0,0
0.4803,59,0,0.6865,2661.0,5,0,1,0,1.0,0
2.1486,30,0,0.12,1866.0,7,0,2,0,1.0,0
0.6374,48,0,0.7359,7653.0,9,0,1,0,1.0,0
0.0938,53,0,0.8728,,3,0,0,0,1.0,0
0.061,51,0,0.7291,,7,0,0,0,0.0,0
0.5128,63,0,0.6888,,10,0,0,0,,0
0.4125,57,0,0.7604,6265.0,13,0,1,0,1.0,0
0.6549,61,0,0.2027,7399.0,6,0,1,0,3.0,0
0.3166,42,2,0.368,2567.0,14,0,0,0,0.0,0
0.4545,65,0,0.4075,9518.0,6,0,1,0,1.0,0
0.7427,75,0,0.3666,2258.0,10,0,2,0,2.0,0
1.0361,38,0,0.5936,2705.0,14,0,0,0,2.0,0
1.4179,40,0,0.0417,3073.0,11,0,1,0,1.0,0
0.6741,71,1,0.4114,3407.0,8,0,0,0,0.0,0
2.047,49,0,0.2289,,9,0,1,0,0.0,0
0.3931,72,0,0.2169,22205.0,8,0,1,0,,0
0.1227,46,0,0.0393,15546.0,9,0,1,0,0.0,0
0.4597,72,0,0.394,7103.0,7,0,2,0,0.0,0
0.3006,54,0,0.8191,10635.0,11,0,2,0,1.0,0
0.1568,56,0,0.4987,,11,0,0,0,0.0,0
0.5188,74,0,0.8508,7088.0,5,0,1,0,0.0,0
0.0797,47,0,0.4627,7172.0,5,0,0,0,0.0,0
0.4851,39,0,0.2988,3387.0,9,0,1,0,0.0,0
0.4463,46,0,0.413,12140.0,7,0,0,2,0.0,0
0.4052,58,0,0.7549,,10,0,1,0,0.0,0
0.6051,30,0,0.6269,4173.0,9,0,1,0,0.0,0
1.0963,61,1,0.2608,,4,0,1,0,2.0,0
0.1002,44,0,0.1766,1333.0,5,0,0,0,0.0,0
0.0329,68,0,0.5267,15659.0,8,0,4,0,1.0,0
0.2026,21,0,0.4111,3425.0,6,0,2,0,3.0,0
0.1104,41,0,0.1143,6216.0,16,0,1,0,0.0,0
0.1586,28,0,0.5111,1619.0,5,0,0,0,1.0,0
0.0274,40,0,0.7442,4486.0,12,0,0,0,0.0,0
1.1718,55,2,0.4466,,11,0,1,0,1.0,0
0.7188,49,0,0.6287,7145.0,7,0,0,0,1.0,0
3.8675,48,0,0.49,,14,0,1,0,2.0,0
0.122,50,0,0.1272,12093.0,11,0,2,0,1.0,0
0.3534,55,0,0.8467,8936.0,9,0,0,0,3.0,0
0.1555,38,0,0.2069,2993.0,7,0,0,0,0.0,0
0.1019,62,0,0.2706,,7,0,1,0,1.0,0
0.205,61,0,0.4111,3242.0,10,0,1,0,0.0,0
0.7581,57,0,0.3503,3845.0,11,0,2,0,1.0,0
0.2621,60,0,0.1831,5770.0,5,0,0,0,2.0,0
0.2758,56,0,0.4792,11547.0,5,0,2,0,0.0,0
0.4031,80,0,0.6543,9265.0,13,0,0,0,0.0,0
3.4115,51,0,0.4749,3253.0,9,0,0,0,1.0,0
0.209,48,0,0.0716,2753.0,8,0,1,0,0.0,0
0.1076,41,0,0.2942,6306.0,12,0,1,0,1.0,0
0.0954,38,0,0.9793,8692.0,8,0,2,0,0.0,0
1.0161,35,0,0.3367,,7,0,0,0,0.0,0
0.0485,40,0,0.1407,2150.0,5,0,0,0,0.0,0
1.9844,51,1,0.3885,19023.0,8,1,1,0,1.0,0
0.1366,57,0,0.7065,2019.0,7,0,0,0,0.0,0
0.3673,53,0,0.8086,1410.0,5,0,0,0,2.0,0
0.0404,41,0,0.6379,3050.0,10,0,0,0,0.0,0
0.6933,65,0,0.4448,,7,0,0,0,1.0,0
0.5406,62,0,0.4982,15866.0,13,0,1,0,0.0,0
2.216,50,0,0.4823,,7,0,1,0,0.0,0
0.6249,43,0,0.4952,2914.0,9,0,1,0,0.0,0
1.0184,60,0,0.3891,4103.0,8,0,0,0,0.0,0
0.8969,55,0,0.3142,4823.0,13,0,2,0,1.0,0
0.0688,32,0,0.7969,4343.0,10,0,0,0,0.0,0
0.3113,51,0,0.4408,9350.0,5,0,0,0,2.0,0
0.1585,56,0,0.5037,5589.0,7,0,1,0,0.0,0
0.5943,39,0,0.7436,3630.0,9,0,0,0,0.0,1
0.5689,55,0,0.2096,5079.0,7,0,0,0,2.0,0
0.6332,32,0,0.0787,6730.0,11,0,1,0,2.0,1
0.94,71,1,0.5709,2048.0,5,0,2,1,0.0,0
0.1192,69,0,0.4331,4336.0,9,0,0,0,3.0,0
0.3818,48,0,0.7676,3528.0,8,0,1,0,0.0,0
0.4867,57,0,0.9066,4974.0,8,0,1,0,2.0,0
0.9662,21,0,0.7586,3500.0,12,0,1,0,1.0,0
0.624,36,0,0.1073,2291.0,10,0,1,0,1.0,0
0.1898,48,0,0.1548,,12,0,3,0,,0
0.3059,37,0,0.7933,14449.0,6,0,1,0,2.0,0
0.0827,62,0,0.2341,,9,0,0,0,0.0,0
0.0867,80,0,0.5553,1110.0,10,0,1,0,2.0,0
4.0191,36,0,0.1499,,8,0,1,0,0.0,0
0.7943,40,0,0.6035,2805.0,7,0,0,0,0.0,1
0.8293,55,0,0.5928,5357.0,7,0,1,0,0.0,0
0.0862,75,0,0.1597,10176.0,10,0,0,0,2.0,0
4.4046,35,0,0.3163,4616.0,5,0,3,0,0.0,1
0.7628,55,0,0.6768,7362.0,8,0,1,0,2.0,0
0.1852,77,0,0.0444,,6,0,0,0,1.0,0
0.2398,29,0,0.4722,,6,0,2,0,0.0,0
0.7532,34,0,0.2826,6731.0,7,0,2,0,0.0,0
0.7608,46,0,0.3974,4628.0,6,0,2,0,2.0,0
0.2465,45,0,0.8594,4263.0,2,0,1,0,2.0,0
5.6124,63,0,0.2148,,7,0,0,0,2.0,0
0.1042,55,0,0.4959,,8,0,2,0,3.0,0
0.7571,27,0,0.3579,3283.0,9,0,1,0,2.0,0
0.1253,59,0,0.0212,10486.0,9,0,0,0,1.0,0
0.1474,44,0,0.708,2634.0,8,0,0,0,1.0,0
1.0528,70,0,0.3977,2616.0,9,0,2,0,1.0,1
0.7162,43,0,0.2533,17690.0,10,0,1,0,2.0,0
0.0299,43,0,0.3195,7282.0,7,0,0,0,0.0,0
0.2048,60,0,0.7551,7602.0,10,0,2,0,4.0,0
0.8015,63,0,0.7739,6198.0,5,0,1,0,1.0,0
0.296,58,0,0.6926,8942.0,7,0,1,0,1.0,0
0.4968,28,0,0.1101,15532.0,10,0,0,0,1.0,0
0.7528,60,0,0.3228,9125.0,14,0,1,0,0.0,0
0.3478,38,0,0.472,4282.0,6,0,1,0,1.0,0
0.8741,55,0,0.8991,1699.0,8,0,0,0,0.0,0
0.0953,32,0,0.4996,3068.0,6,0,1,0,0.0,0
0.3412,58,0,0.5221,4254.0,10,0,0,0,1.0,0
0.1475,41,0,0.5945,2625.0,10,0,0,0,0.0,0
0.2537,34,0,0.8136,6773.0,8,0,1,0,2.0,0
0.3881,62,0,0.3453,,5,0,1,0,1.0,0
6.2407,55,0,0.1565,5667.0,7,0,1,0,0.0,0
4.3155,43,0,0.1444,4222.0,11,0,2,0,0.0,0
0.0551,72,0,0.3316,6205.0,8,0,2,0,0.0,0
1.0143,46,0,0.4303,7005.0,5,0,3,0,0.0,0
0.4262,52,0,0.5627,10591.0,12,0,1,0,0.0,0
0.1845,56,0,1.1499,7113.0,15,0,2,0,0.0,0
0.2901,43,0,0.802,3454.0,8,0,1,0,1.0,0
0.0918,59,0,0.1449,3228.0,8,0,1,0,0.0,0
0.4786,45,0,0.3716,,8,0,3,0,0.0,0
0.2907,46,1,0.2554,7718.0,7,1,2,0,0.0,0
1.4399,71,0,0.243,4578.0,5,0,2,0,0.0,0
0.945,37,1,0.3346,5905.0,7,1,1,0,0.0,0
1.1931,21,0,1.0124,,10,0,1,0,2.0,0
0.3535,75,0,0.6248,4802.0,2,0,1,0,0.0,0
0.3617,88,0,0.4544,5334.0,10,0,0,0,2.0,0
0.2204,46,0,0.3879,1279.0,6,0,0,0,1.0,0
0.5762,25,0,0.6003,,10,0,1,0,2.0,1
0.4535,48,0,0.3658,9024.0,2,0,1,0,1.0,0
0.4348,48,0,0.2383,5464.0,3,0,0,0,1.0,0
0.1357,49,0,0.6992,6092.0,15,0,1,0,2.0,0
0.3579,36,0,0.2991,6469.0,6,0,1,0,3.0,0
2.3805,60,3,0.1382,,7,0,2,0,0.0,0
0.2496,59,0,0.2993,,7,0,1,0,1.0,0
0.5932,31,0,0.5907,4603.0,4,0,1,0,1.0,1
3.235,62,2,0.1766,,13,0,1,2,0.0,0
1.2647,81,0,0.6677,6016.0,6,0,1,0,0.0,0
0.6087,54,0,0.2062,,10,0,2,0,2.0,0
0.3935,47,0,0.8544,,6,0,0,0,1.0,0
0.4101,50,0,0.5897,5167.0,7,0,0,0,0.0,0
0.9683,61,0,0.2265,8002.0,5,0,1,0,3.0,0
0.0304,28,0,0.4079,5173.0,16,0,0,0,0.0,0
0.4063,54,0,0.3816,5372.0,9,0,1,0,0.0,0
1.1148,47,0,0.2461,3976.0,5,0,4,0,2.0,0
0.5845,78,0,0.7341,4002.0,5,0,1,0,1.0,0
4.3143,50,0,0.1812,9557.0,10,0,1,0,1.0,0
0.2443,75,0,0.8354,6615.0,4,0,0,0,1.0,0
0.7285,37,0,0.652,5127.0,7,0,0,0,1.0,1
0.323,60,2,0.217,,4,0,1,2,0.0,0
0.2876,56,0,0.6667,6471.0,14,0,1,0,2.0,0
0.0185,40,0,0.4446,2523.0,11,0,0,0,0.0,0
0.6746,54,0,0.428,8686.0,8,0,0,0,1.0,0
4.043,69,3,0.6029,6822.0,11,1,1,1,1.0,0
5.216,47,2,0.6963,,7,0,0,0,,0
1.8614,28,0,0.7397,3382.0,14,0,0,0,0.0,0
0.4705,52,0,0.6576,4120.0,9,0,1,0,1.0,0
0.2593,39,0,0.1412,3606.0,6,0,2,0,0.0,0
0.1921,47,0,0.1143,16830.0,9,0,4,0,1.0,0
0.331,51,0,0.9864,10768.0,7,0,0,0,2.0,0
0.6444,28,0,0.603,5498.0,8,0,0,0,1.0,0
0.3118,29,0,1.0092,6218.0,10,1,2,2,0.0,0
0.1087,59,0,0.3985,8896.0,10,0,1,0,1.0,0
0.5457,45,0,0.3373,3767.0,7,0,1,0,,0
1.2902,21,0,0.8299,,6,0,1,0,0.0,1
0.0348,63,0,1.0044,10800.0,8,0,0,0,0.0,0
0.0013,56,0,0.4734,5991.0,11,0,1,0,0.0,0
2.7062,42,0,0.6978,15613.0,4,0,0,0,1.0,0
0.0405,34,0,0.1813,10333.0,11,0,4,0,0.0,0
0.0815,64,0,0.4948,,6,0,1,0,1.0,0
1.4269,57,0,0.7311,4700.0,9,0,2,0,1.0,0
0.8315,85,0,0.3558,,8,0,0,0,0.0,0
0.9241,58,0,1.4588,17670.0,3,0,1,0,1.0,0
0.2641,57,0,0.4838,6033.0,17,0,2,0,,0
0.4487,50,0,0.5797,2121.0,8,0,0,0,2.0,0
0.0895,63,0,0.3026,7081.0,4,0,1,0,2.0,0
0.5416,61,0,0.0412,,6,0,3,0,1.0,0
0.0155,70,0,0.5256,3515.0,9,0,0,0,0.0,0
0.6624,45,0,0.3871,3794.0,10,0,0,0,2.0,0
0.2175,46,0,0.5801,7501.0,4,0,0,0,0.0,0
0.6235,45,0,0.3152,17200.0,10,0,1,0,4.0,0
0.5816,63,0,0.725,19291.0,7,0,1,0,0.0,0
2.9898,73,0,0.2335,8014.0,6,0,2,0,1.0,1
1.3926,46,0,0.2638,5273.0,6,0,1,0,3.0,0
2.2695,46,0,0.5329,5142.0,6,0,0,0,0.0,1
0.0412,56,0,0.4414,9594.0,11,1,0,1,0.0,0
0.3856,49,0,0.4115,3116.0,7,0,0,0,,0
0.0146,65,0,0.5769,2710.0,8,0,1,0,2.0,0
0.0004,21,2,0.6793,3419.0,8,0,2,0,0.0,0
0.5797,40,3,0.8942,,7,0,2,0,,0
0.5956,41,0,0.1186,4374.0,8,0,1,0,0.0,0
0.2632,21,0,0.1516,8475.0,7,0,0,0,0.0,0
0.4508,39,0,0.6228,3218.0,11,0,0,0,0.0,0
3.8873,39,0,0.17,8139.0,3,0,0,0,5.0,0
0.197,49,0,0.2048,2815.0,7,0,1,0,1.0,0
0.3436,68,0,0.6728,,9,0,0,0,2.0,0
0.211,49,0,0.5352,3676.0,5,0,1,0,1.0,0
0.2348,38,0,0.6439,9621.0,7,0,0,0,2.0,0
0.1425,51,0,0.2314,3781.0,2,0,2,0,0.0,0
2.9874,67,0,0.1004,4223.0,11,0,1,0,0.0,0
0.0531,38,0,0.9161,,12,0,0,0,1.0,0
0.4051,39,0,0.4183,,8,0,1,0,0.0,0
0.0271,60,0,0.3748,9338.0,5,0,2,0,1.0,0
0.5072,49,0,0.6436,2807.0,11,0,1,0,1.0,0
0.2803,61,0,0.6122,9239.0,4,0,2,0,1.0,0
0.3353,52,2,0.3107,4898.0,17,0,1,0,0.0,0
0.0082,62,0,0.5051,,9,0,0,0,1.0,0
0.0295,38,0,0.6857,3064.0,7,0,0,0,2.0,0
0.0032,52,0,0.9746,4975.0,5,0,0,0,0.0,0
0.1025,49,0,0.2535,5061.0,8,0,0,0,2.0,0
0.0802,35,0,0.3297,2281.0,15,0,1,0,0.0,0
0.5852,30,0,0.182,2885.0,9,0,0,0,0.0,0
1.166,62,0,0.337,2571.0,12,0,0,0,0.0,0
0.5862,47,0,0.1765,4924.0,14,0,0,0,0.0,0
0.4362,38,0,0.6756,,10,0,3,0,3.0,0
0.2386,51,0,0.0919,4816.0,6,0,0,0,0.0,0
0.3447,68,0,0.3811,6993.0,5,0,1,0,1.0,0
1.6174,21,0,0.8617,2203.0,10,0,2,0,2.0,0
0.2961,31,0,0.6305,6452.0,11,0,2,0,0.0,0
2.4377,39,0,0.9144,9670.0,7,0,2,0,1.0,0
0.6622,72,0,0.6933,6603.0,10,0,0,0,0.0,0
1.4738,56,0,0.4958,3660.0,8,0,0,0,2.0,0
0.3603,63,0,0.8766,2144.0,7,0,2,0,0.0,0
0.6527,36,0,0.3773,,13,0,1,0,0.0,0
0.9663,36,0,0.1006,2919.0,13,0,0,0,1.0,0
0.0375,58,0,0.4475,,6,0,0,0,0.0,0
0.2055,53,0,0.0973,3893.0,12,0,1,0,1.0,0
2.1621,60,0,0.1846,14971.0,7,0,1,0,0.0,0
0.8628,49,0,0.69,,5,0,0,0,3.0,0
3.2903,56,0,0.6601,6904.0,9,0,0,0,0.0,0
1.1058,54,1,0.6185,4201.0,6,0,0,1,1.0,0
2.9417,63,1,0.8633,1541.0,8,1,2,1,0.0,0
0.0979,63,0,0.4996,,5,0,0,0,0.0,0
0.0169,29,0,0.1423,7354.0,6,0,1,0,3.0,1
0.3863,21,0,0.5852,10498.0,8,0,0,0,,0
0.4326,66,0,0.3873,10387.0,12,0,1,0,0.0,0
0.2232,69,0,1.3691,11172.0,7,0,0,0,0.0,0
0.3185,38,0,0.1691,6146.0,5,0,0,0,0.0,0
0.4301,26,0,0.0578,4557.0,13,0,2,0,2.0,1
0.4632,53,0,0.6691,4624.0,9,0,1,0,1.0,0
0.303,65,0,0.3243,1824.0,10,0,1,0,0.0,0
0.0562,77,0,0.3849,,9,0,2,0,1.0,0
1.002,59,0,0.3204,5361.0,3,0,2,0,1.0,0
3.9908,47,2,0.1708,2082.0,9,0,1,0,0.0,0
0.7877,39,2,0.2989,9214.0,8,0,1,0,2.0,0
2.0791,52,0,0.1742,4202.0,9,0,1,0,0.0,0
0.1695,48,0,0.4624,5910.0,13,0,0,0,1.0,0
0.8038,38,0,0.6495,,12,0,0,0,2.0,0
0.4145,81,0,0.4766,,4,0,0,0,0.0,0
0.0828,77,0,0.6277,4467.0,9,0,1,0,2.0,0
0.4805,68,0,0.7047,4828.0,3,0,0,0,0.0,0
0.1083,39,0,0.627,1665.0,8,0,0,0,0.0,0
0.1679,64,0,0.5591,1717.0,14,0,3,0,1.0,0
2.0885,61,0,0.5167,6945.0,6,0,1,0,1.0,0
0.46,58,0,1.0644,4481.0,5,0,2,0,1.0,0
0.3904,69,0,0.554,6100.0,7,0,1,0,4.0,0
8.805,61,1,0.492,,10,0,0,0,0.0,0
1.2342,62,0,0.4815,4335.0,7,0,5,0,0.0,0
0.4669,61,0,0.2486,2965.0,8,0,2,0,1.0,0
0.688,57,0,0.4074,,4,0,1,0,2.0,0
0.3569,27,0,0.72,4736.0,16,0,2,0,0.0,0
0.0936,53,0,0.0917,6492.0,6,0,1,0,1.0,0
0.3133,44,0,0.7124,6201.0,6,0,0,0,1.0,0
2.8556,34,2,0.2056,,9,0,1,0,0.0,0
0.8289,76,0,0.6112,11000.0,5,0,0,0,0.0,0
0.4004,76,0,0.4469,2025.0,5,0,1,0,1.0,0
2.5407,71,0,0.2644,7525.0,9,0,1,0,0.0,1
0.5486,56,0,0.3928,9067.0,8,0,1,0,0.0,0
2.2041,71,0,0.2415,16064.0,7,0,1,0,0.0,0
1.7153,52,2,0.1297,,10,3,1,0,0.0,0
0.1386,55,0,0.6707,12660.0,11,0,0,0,,0
0.0021,37,1,0.7486,21014.0,9,0,1,1,1.0,0
0.1016,58,0,0.1598,,10,0,1,0,0.0,0
1.0572,53,0,0.5013,4335.0,12,0,2,0,1.0,1
0.249,34,0,0.6002,2951.0,7,0,0,0,1.0,0
0.8465,51,0,0.9138,8352.0,3,0,0,0,1.0,0
0.4036,51,2,0.3819,5758.0,11,0,1,1,0.0,0
0.8446,77,0,0.574,12675.0,4,0,0,0,2.0,0
0.8164,65,0,0.4418,2644.0,8,0,0,0,1.0,0
0.6579,52,0,0.6034,4717.0,12,0,2,0,1.0,0
0.2878,55,0,0.427,3511.0,8,0,0,0,2.0,0
0.0776,53,0,0.2845,7483.0,7,0,0,0,0.0,0
0.4184,49,0,0.7251,10973.0,9,0,2,0,1.0,0
0.7327,37,0,0.6985,11572.0,9,0,2,0,1.0,0
0.6761,50,0,0.6487,3598.0,8,0,0,0,3.0,0
0.3763,42,0,0.8865,4161.0,9,0,1,0,0.0,0
0.6446,34,0,0.7255,7473.0,3,0,2,0,0.0,0
0.1077,59,0,0.5317,7058.0,9,0,0,0,,0
0.5816,57,0,0.3418,3615.0,11,0,1,0,1.0,0
0.6458,27,0,0.5768,,9,0,0,0,2.0,0
0.3452,50,0,0.5932,2498.0,13,0,1,0,2.0,0
1.0775,66,0,0.1639,4947.0,8,0,2,0,2.0,0
0.4233,67,0,0.5758,6465.0,11,0,0,0,0.0,0
0.2309,66,1,0.3552,4118.0,6,0,1,0,,0
0.5979,53,0,0.2543,5855.0,9,0,0,0,,0
1.2443,40,2,0.5511,,10,0,2,2,1.0,0
0.0496,37,0,0.6217,1645.0,9,0,2,0,0.0,0
0.4017,57,0,0.1013,5351.0,4,0,1,0,1.0,0
0.2868,57,0,0.0924,6386.0,8,0,1,0,1.0,0
0.5132,70,1,0.5807,13407.0,13,1,0,0,0.0,0
0.1582,67,0,0.3024,3288.0,7,0,0,0,0.0,0
0.4263,50,0,0.6099,6236.0,7,0,1,0,0.0,0
0.129,35,2,0.6255,,9,0,1,0,0.0,0
0.7034,48,0,0.6026,6133.0,6,0,1,0,1.0,0
0.2069,55,0,0.1327,7104.0,2,0,0,0,1.0,1
1.0478,49,0,0.6307,,3,0,0,0,0.0,0
0.7275,44,0,0.214,7737.0,7,0,1,0,2.0,0
2.4025,56,0,0.615,28208.0,13,0,0,0,1.0,0
0.6765,45,0,0.6701,4936.0,9,0,4,0,0.0,0
0.7218,43,0,0.7673,,7,0,1,0,2.0,0
0.0521,56,0,0.1964,4425.0,7,0,2,0,1.0,0
0.0216,46,0,0.1513,2921.0,7,0,0,0,1.0,0
0.1313,55,0,0.3939,17055.0,2,0,0,0,1.0,0
0.4284,56,0,0.8014,6948.0,8,0,1,0,1.0,0
0.4275,36,0,0.7178,3311.0,3,1,1,0,2.0,0
0.7151,45,0,0.2894,5753.0,6,0,3,0,1.0,0
0.444,72,0,1.0926,6150.0,4,0,1,0,0.0,0
0.581,36,0,0.353,5349.0,3,0,0,0,0.0,0
3.5997,22,2,0.3213,4643.0,11,1,2,1,,0
4.7921,26,1,0.7183,3808.0,9,0,1,1,1.0,0
0.414,52,0,0.8811,,5,0,0,0,1.0,0
0.5906,52,3,0.4832,3653.0,14,0,3,0,2.0,0
0.3778,50,0,0.4218,5095.0,14,0,1,0,1.0,0
0.2956,69,2,0.0586,,6,0,1,1,0.0,0
0.0838,21,0,0.1228,,10,0,1,0,2.0,0
0.0145,58,0,0.6827,4767.0,6,0,2,0,1.0,0
0.3054,74,0,0.1549,6329.0,6,0,0,0,2.0,0
0.4145,36,1,0.3609,11001.0,9,0,1,1,0.0,0
0.0128,47,0,0.356,,10,0,2,0,0.0,0
0.7225,41,0,0.3251,,2,0,1,0,1.0,0
0.0512,39,0,0.6295,3658.0,5,0,4,0,0.0,0
3.657,47,0,0.2729,,11,0,1,0,0.0,0
0.5794,72,0,0.2766,,8,0,0,0,0.0,0
0.0241,78,0,0.139,,7,0,0,0,0.0,0
0.4155,47,0,0.3569,10130.0,10,0,0,0,0.0,0
0.188,79,0,0.4856,,13,0,1,0,1.0,0
0.3566,52,0,0.2804,5550.0,5,0,2,0,0.0,0
0.6501,77,0,0.807,7577.0,7,0,1,0,0.0,0
0.2274,51,0,0.4581,14533.0,8,0,1,0,1.0,0
0.4359,54,3,0.6932,863.0,11,0,1,0,2.0,0
0.8252,57,0,0.6697,,6,0,0,0,0.0,1
0.0269,95,0,0.5411,6941.0,3,0,2,0,1.0,0
0.6386,64,0,0.0667,5135.0,9,0,0,0,0.0,0
0.712,42,1,0.5094,3916.0,11,0,1,0,1.0,0
0.0266,66,0,0.9942,4035.0,9,0,0,0,1.0,0
0.0789,47,0,0.2534,5343.0,8,0,2,0,1.0,0
0.3817,45,0,1.0394,2412.0,10,0,2,0,0.0,0
0.0807,65,0,0.2028,,10,0,0,0,1.0,0
0.1261,52,0,0.7975,2520.0,6,0,1,0,2.0,0
0.2589,56,0,0.3221,7825.0,7,0,2,0,1.0,0
0.028,52,0,0.3212,8422.0,11,0,0,0,0.0,0
0.141,57,0,0.6387,10839.0,10,0,0,0,0.0,0
0.3002,58,0,0.4222,,10,0,2,0,0.0,0
0.7999,25,0,0.2707,,6,0,1,0,0.0,0
0.4839,61,0,0.7335,7760.0,7,0,1,0,0.0,0
0.3609,38,0,0.2382,,6,0,2,0,0.0,0
0.1729,32,0,1.0464,3120.0,6,0,2,0,,0
0.338,51,0,0.4705,3717.0,11,0,1,0,0.0,0
0.1487,53,0,0.8301,6290.0,14,0,0,0,1.0,0
0.5458,42,2,0.2053,1409.0,12,0,1,0,0.0,0
0.9337,64,0,0.144,2584.0,11,1,0,0,1.0,0
0.3886,33,0,0.9294,6520.0,7,0,0,0,0.0,0
0.8457,46,0,0.3575,4246.0,9,0,0,0,0.0,0
0.0092,44,0,0.5243,3366.0,9,0,0,0,1.0,0
0.3718,51,0,0.3394,2211.0,7,0,0,0,1.0,0
0.2078,56,0,0.0536,5388.0,7,0,0,0,2.0,0
0.0883,38,0,0.1663,4469.0,6,0,1,0,1.0,0
0.7218,62,0,0.4892,4399.0,4,0,0,0,0.0,1
0.1247,53,0,0.4435,6341.0,12,0,0,0,0.0,0
1.8271,26,0,0.2771,,10,0,0,0,0.0,1
0.0543,25,0,0.4137,17641.0,5,0,0,0,0.0,0
0.593,52,0,0.3403,10681.0,8,0,1,0,3.0,0
0.5389,49,0,0.2277,,5,0,0,0,1.0,0
0.305,51,0,0.8466,,6,0,1,0,0.0,0
0.3152,52,0,1.4606,13308.0,1,0,0,0,0.0,0
0.2046,55,2,0.992,13300.0,8,2,1,1,1.0,0
0.0308,65,0,0.5326,6837.0,9,0,1,0,1.0,0
0.5724,36,0,0.2009,10856.0,6,0,0,0,0.0,0
0.3581,36,0,0.2566,3607.0,7,0,0,0,2.0,0
2.1752,37,1,0.9562,3786.0,6,0,0,0,0.0,0
2.4253,56,0,0.9325,,9,0,1,0,0.0,1
0.1516,69,0,0.3214,,12,0,2,0,1.0,0
0.8481,46,0,0.0778,9207.0,7,0,0,0,0.0,0
0.2027,21,0,0.2685,9357.0,5,0,3,0,1.0,0
0.5798,28,0,0.2757,5578.0,6,0,0,0,0.0,0
0.5159,40,0,0.3887,3875.0,6,0,0,0,2.0,0
0.4195,44,0,0.6756,9572.0,6,0,2,0,3.0,0
0.5419,46,0,0.4662,2571.0,10,0,1,0,0.0,0
2.2962,53,0,0.1604,,8,0,1,0,2.0,0
0.1905,48,0,0.7681,6593.0,6,0,0,0,1.0,0
0.7982,67,0,0.721,6544.0,5,0,1,0,0.0,0
0.026,43,0,0.2245,4571.0,9,0,1,0,0.0,0
0.5406,40,0,0.6693,7401.0,9,0,2,0,1.0,0
0.1054,59,0,0.295,3133.0,8,0,0,0,3.0,0
0.2807,31,0,0.2328,5660.0,9,0,0,0,2.0,0
0.2535,57,0,0.5074,2496.0,10,0,0,0,1.0,0
0.5163,53,1,0.7745,3919.0,6,0,2,0,0.0,0
0.2216,50,0,0.2752,6020.0,5,0,1,0,2.0,0
0.689,74,0,0.4707,9187.0,5,0,0,0,1.0,0
0.4147,43,0,0.3685,9256.0,9,0,2,0,0.0,0
0.5118,81,0,0.1667,,8,0,1,0,1.0,0
0.0218,49,1,0.5367,10208.0,7,1,0,1,2.0,0
0.8656,34,0,0.4008,1865.0,7,0,1,0,2.0,0
0.3121,53,0,0.5957,,5,0,0,0,1.0,0
0.4433,37,0,0.1646,,4,0,0,0,2.0,0
0.7878,41,0,0.4451,9749.0,10,0,1,0,,0
0.0029,58,0,0.5414,3843.0,11,0,1,0,,0
0.4425,60,0,0.3351,5709.0,10,0,0,0,0.0,0
0.0739,43,0,0.735,4250.0,9,0,0,0,1.0,0
0.0873,66,0,0.5468,3726.0,8,0,1,0,1.0,0
0.7763,68,0,0.1147,9458.0,5,0,1,0,1.0,0
1.7023,72,0,0.7605,8402.0,9,0,2,0,0.0,0
0.2263,59,0,0.2601,3406.0,8,0,1,0,1.0,0
0.1689,71,0,0.0785,4682.0,12,0,0,0,1.0,0
0.1632,26,0,0.608,2881.0,13,0,1,0,0.0,0
10.288,48,0,0.6927,15777.0,11,0,1,0,,0
2.7764,40,0,0.6522,,7,0,1,0,1.0,0
3.3189,54,0,0.0269,4635.0,11,0,0,0,2.0,0
0.3829,44,0,0.7191,5588.0,7,0,0,0,1.0,0
0.3424,50,0,0.4978,4598.0,8,0,1,0,2.0,0
0.4896,78,0,0.2837,9221.0,9,0,1,0,0.0,0
0.3637,50,0,0.3803,,9,0,1,0,0.0,0
0.5277,58,0,0.2274,7749.0,7,0,1,0,0.0,0
0.6314,49,0,1.2005,,13,0,1,0,1.0,1
0.2718,53,0,0.6213,7997.0,5,0,0,0,2.0,0
0.3832,52,0,0.3011,3882.0,13,0,0,0,1.0,0
0.0798,58,0,0.5536,8646.0,9,0,0,0,1.0,0
1.1095,68,0,1.0187,5408.0,10,0,2,0,0.0,0
0.9543,75,0,0.4472,7938.0,7,0,3,0,3.0,0
0.0556,56,0,0.1898,7547.0,8,0,0,0,,0
0.294,60,0,0.812,4002.0,4,0,1,0,1.0,0
0.013,36,0,0.4542,7465.0,7,0,0,0,0.0,0
0.7585,51,3,0.4619,1368.0,9,0,2,1,1.0,0
0.4585,65,0,0.1179,,12,0,1,0,3.0,0
0.2819,64,1,0.3424,,11,0,1,0,0.0,0
0.5933,55,0,0.2062,7956.0,8,0,0,0,0.0,0
0.0642,64,0,0.505,6044.0,8,0,0,0,0.0,0
0.1506,59,0,0.0911,,7,0,0,0,2.0,0
2.3101,69,1,0.7744,9322.0,5,0,1,0,2.0,0
0.7025,56,0,0.1316,3440.0,10,0,0,0,1.0,1
0.0468,47,0,0.3149,3672.0,6,0,1,0,1.0,0
0.027,57,0,0.1481,18885.0,9,0,2,0,0.0,0
0.6215,21,0,0.1529,6383.0,14,1,1,0,0.0,0
0.5273,57,0,0.8757,8294.0,10,0,1,0,2.0,0
0.3639,21,0,0.0752,5266.0,6,0,1,0,1.0,0
1.4946,28,1,0.7115,,9,0,2,0,1.0,0
0.4883,58,0,0.953,6620.0,13,0,0,0,,0
5.6015,59,0,1.0316,,6,0,1,0,3.0,0
0.5633,36,0,0.3634,9647.0,8,1,1,1,0.0,0
0.4591,42,0,0.0972,3492.0,12,0,3,0,0.0,0
0.1429,71,0,0.4367,2955.0,5,0,0,0,0.0,0
0.2073,45,0,1.0914,,12,0,0,0,0.0,0
0.8392,83,0,0.31,7620.0,9,0,1,0,2.0,0
0.2629,52,0,0.5282,4705.0,10,0,1,0,3.0,0
1.7408,58,0,0.5224,8942.0,8,0,0,0,0.0,0
1.6814,75,2,0.9322,6372.0,12,2,2,0,2.0,0
1.2114,54,0,0.15,,12,0,3,0,1.0,0
2.1459,38,0,0.5749,3743.0,6,0,0,0,0.0,0
0.2188,50,0,0.5456,2615.0,8,0,1,0,0.0,0
0.7283,52,0,0.2799,7372.0,12,0,1,0,0.0,0
0.6355,33,0,0.4646,,7,0,2,0,1.0,0
0.5925,48,0,0.4059,10241.0,6,0,1,0,0.0,0
0.5164,42,0,0.3455,3884.0,14,0,1,0,0.0,0
0.3592,65,0,0.28,,7,0,0,0,2.0,0
0.1998,52,0,0.6456,3871.0,6,0,1,0,1.0,0
0.1751,48,0,1.1465,9876.0,7,0,0,0,,0
0.443,51,0,0.322,3303.0,13,0,2,0,1.0,0
0.1416,55,0,0.3985,,7,0,0,0,0.0,0
0.5307,61,0,0.0751,6066.0,6,0,0,0,1.0,0
0.2368,38,0,0.2773,6180.0,7,0,2,0,0.0,0
0.7411,37,0,0.4975,,9,0,2,0,0.0,0
0.5161,67,0,0.241,6146.0,7,0,0,0,0.0,0
0.0477,46,0,0.4156,,5,0,1,0,0.0,0
0.5979,32,0,0.928,1676.0,9,0,2,0,1.0,0
2.7292,58,0,0.6436,2711.0,9,0,2,0,,0
0.354,58,0,0.1835,,8,0,0,0,1.0,0
0.6116,31,0,0.697,4524.0,6,0,0,0,0.0,0
0.0475,55,0,0.5839,,9,0,2,0,3.0,0
0.1085,62,0,0.5643,,10,0,1,0,1.0,0
0.0137,57,0,0.6381,6471.0,10,0,0,0,0.0,0
0.7771,61,0,0.6946,4577.0,3,0,1,0,0.0,0
0.1752,32,0,0.4926,,8,0,3,0,1.0,0
0.1714,57,0,0.7434,7168.0,11,0,1,0,2.0,0
10.6602,48,0,0.6479,4268.0,4,0,0,0,0.0,0
0.6028,45,0,0.4719,3363.0,5,0,2,0,2.0,0
0.2192,64,0,0.2618,7643.0,6,0,4,0,1.0,0
0.0256,73,0,0.9352,4063.0,12,0,0,0,0.0,0
0.1852,77,0,0.242,4645.0,7,0,0,0,0.0,0
0.2582,70,0,0.6051,,8,0,3,0,2.0,0
2.4249,50,0,0.6873,4504.0,10,0,0,0,0.0,0
2.0789,57,0,0.3164,11773.0,9,0,0,0,2.0,0
0.8717,63,0,0.1769,6188.0,7,0,2,0,0.0,0
0.1946,54,0,0.6994,,10,0,2,0,0.0,0
0.8316,54,0,0.3562,,11,0,1,0,0.0,0
0.5663,64,0,0.3031,10381.0,12,0,0,0,0.0,0
2.1353,51,0,0.1272,6397.0,4,0,0,0,2.0,0
0.0467,42,0,0.3999,,3,0,2,0,0.0,0
0.5231,46,0,0.1649,6099.0,6,0,2,0,1.0,0
0.1087,61,0,0.1405,9528.0,10,0,2,0,1.0,0
0.2131,52,0,0.4697,,4,0,4,0,0.0,0
0.0673,57,0,0.5913,6851.0,10,0,3,0,1.0,0
0.1358,61,0,1.0304,5897.0,6,0,2,0,2.0,0
0.1021,47,0,0.2782,3581.0,12,0,2,0,0.0,0
0.022,63,0,0.2224,,6,0,1,0,0.0,0
0.0277,57,0,0.5328,,12,0,0,0,2.0,0
0.3558,35,0,0.403,3139.0,13,0,0,0,1.0,0
0.9911,72,0,0.7161,4464.0,6,0,0,0,1.0,0
0.585,45,0,0.0636,,7,0,0,0,0.0,1
0.8038,29,0,0.8386,2183.0,5,0,2,0,2.0,1
1.0264,37,0,0.5267,3594.0,3,0,3,0,0.0,0
0.2061,38,0,0.4849,11698.0,11,0,1,0,0.0,0
2.2693,53,0,0.8468,1979.0,5,0,0,0,0.0,0
1.1407,48,0,0.6363,2521.0,6,0,0,0,0.0,0
1.2435,47,3,0.6219,12991.0,4,0,0,0,1.0,0
3.6365,61,0,0.3595,3437.0,8,0,1,0,3.0,0
0.2494,57,0,0.3373,3255.0,3,0,0,0,0.0,0
0.4792,56,0,0.098,,7,0,2,0,0.0,0
0.2234,58,0,0.3526,,5,0,1,0,0.0,0
0.0915,61,0,0.1155,14523.0,7,0,0,0,1.0,0
0.0743,22,0,0.4663,7230.0,5,0,0,0,0.0,0
2.508,47,0,0.6807,10336.0,6,0,2,0,0.0,0
0.2197,21,0,0.3954,5587.0,6,0,0,0,0.0,0
0.5996,53,0,0.7727,9741.0,11,0,0,0,0.0,0
0.5786,52,0,0.7652,,5,0,0,0,0.0,0
0.2122,67,1,0.7999,15845.0,4,0,1,2,1.0,0
0.2591,69,0,0.5373,4458.0,11,0,0,0,2.0,0
0.0633,55,0,0.9788,,9,0,0,0,2.0,0
0.3274,45,0,0.2584,3403.0,6,0,1,0,1.0,0
0.6178,59,0,0.7622,12165.0,9,0,0,0,0.0,0
0.9552,45,0,0.4502,4121.0,7,0,0,0,0.0,0
0.2021,52,0,0.165,6848.0,9,0,2,0,0.0,0
1.3002,66,0,0.2037,2873.0,5,0,0,0,0.0,0
0.3585,44,0,0.498,4621.0,13,0,0,0,3.0,0
0.7712,63,0,0.5872,5157.0,7,0,0,0,1.0,0
1.6478,61,0,0.2354,8707.0,8,0,1,0,1.0,0
0.432,39,0,0.7132,,8,0,3,0,1.0,0
1.4908,66,0,0.3312,7282.0,8,0,2,0,0.0,0
0.0553,62,0,0.9398,8187.0,6,0,1,0,0.0,0
2.1059,53,0,0.3147,,2,0,0,0,1.0,0
0.7275,41,0,0.5389,1499.0,4,0,1,0,0.0,1
0.4209,40,0,0.8198,2432.0,12,0,2,0,2.0,0
0.04,44,0,0.5079,3310.0,9,0,2,0,1.0,0
0.1843,60,0,0.6305,11320.0,4,0,0,0,1.0,0
1.1162,39,0,1.088,4420.0,6,0,3,0,1.0,0
0.1643,58,0,0.7155,24294.0,10,0,2,0,0.0,0
0.0304,35,0,0.5348,,9,0,0,0,0.0,0
0.2487,49,0,0.3509,11676.0,7,0,0,0,3.0,0
0.1402,54,0,0.2517,12367.0,11,0,1,0,1.0,0
0.2959,86,0,0.1512,,5,0,0,0,0.0,0
0.293,33,0,0.1963,,6,0,0,0,1.0,0
0.3518,73,0,0.7386,1061.0,9,0,1,0,1.0,0
0.309,54,0,0.4633,7214.0,3,0,2,0,0.0,0
0.5207,58,0,0.1351,8083.0,12,0,3,0,1.0,1
0.7363,54,0,0.1867,,11,0,1,0,0.0,0
0.2742,58,0,0.3687,11029.0,6,0,1,0,3.0,0
0.0221,50,0,0.4271,5703.0,8,0,1,0,1.0,0
0.2988,72,0,0.6865,,6,0,1,0,0.0,0
1.7035,46,0,0.3142,9107.0,7,0,3,0,0.0,0
0.2596,68,0,0.291,5722.0,8,0,0,0,0.0,0
0.247,43,0,0.4546,12733.0,8,0,1,0,0.0,0
0.3312,51,0,0.5202,,7,0,0,0,2.0,0
3.3768,37,0,0.0409,8835.0,14,0,2,0,0.0,0
2.3779,58,0,0.3735,5636.0,9,0,0,0,2.0,0
1.8518,72,0,0.3266,3526.0,8,0,0,0,1.0,1
5.7248,51,0,0.1193,2196.0,8,0,2,0,0.0,0
0.4139,49,0,0.3435,2632.0,7,0,1,0,1.0,0
0.0887,36,2,0.4415,8626.0,8,1,2,0,1.0,0
0.1859,49,0,0.7762,1796.0,13,0,2,0,0.0,0
0.3459,30,1,0.0773,5708.0,5,0,4,0,,0
3.3272,39,0,0.5812,11343.0,7,0,1,0,1.0,0
0.7933,55,0,0.1342,2367.0,10,0,1,0,0.0,1
2.2618,70,0,0.5433,1117.0,13,0,1,3,0.0,0
0.0791,91,0,0.8125,2748.0,3,0,3,0,2.0,0
0.1857,44,0,0.6039,,6,0,1,0,2.0,0
1.581,72,0,0.9023,3433.0,6,0,1,0,2.0,0
0.0679,55,0,0.5933,2586.0,6,0,3,0,1.0,0
0.8556,50,0,0.457,8409.0,5,0,3,0,0.0,0
0.6239,58,0,0.9658,4184.0,4,0,1,0,0.0,0
0.1586,53,0,0.0856,7059.0,12,0,2,0,0.0,0
5.0931,54,0,0.8082,4005.0,6,0,2,0,,0
0.6235,46,0,0.5223,7250.0,5,0,1,0,1.0,0
0.5652,32,0,0.5703,4279.0,7,0,1,0,1.0,0
1.1588,30,0,0.2159,3553.0,8,0,1,0,0.0,1
1.5809,61,0,0.6453,3224.0,10,0,2,0,0.0,0
0.5666,48,0,0.3847,8278.0,15,0,2,0,0.0,0
0.3205,44,0,0.6567,16982.0,8,0,0,0,0.0,0
0.4745,52,0,0.285,12210.0,3,0,0,0,0.0,1
0.5883,63,0,0.3663,6379.0,6,0,1,0,1.0,0
0.5926,55,5,1.1994,3437.0,8,0,1,0,0.0,0
0.6899,43,0,0.0272,26002.0,8,0,0,0,,0
0.4244,69,0,0.2198,8445.0,4,0,2,0,1.0,0
0.1146,74,0,0.7981,3640.0,6,0,1,0,0.0,0
0.1401,59,2,0.2954,5033.0,10,0,1,0,1.0,0
0.1915,66,0,0.4816,7127.0,10,0,0,0,1.0,0
0.3436,69,0,0.2328,7506.0,6,0,2,0,0.0,0
0.3638,68,0,0.408,7555.0,9,0,0,0,2.0,0
2.1408,61,0,0.3844,,9,0,1,0,0.0,0
0.6783,60,0,0.8743,3668.0,8,0,2,0,1.0,1
0.2522,59,0,0.4995,13035.0,5,0,0,0,1.0,0
0.53,37,0,0.8579,1204.0,7,0,1,0,2.0,0
1.9179,62,0,0.0742,6182.0,12,0,1,0,1.0,1
0.0601,33,0,0.9357,10716.0,6,0,2,0,1.0,0
0.2643,41,0,0.7362,2841.0,5,0,3,0,0.0,0
3.113,70,0,1.0749,10640.0,5,0,2,0,3.0,0
0.6565,64,0,0.5327,5778.0,8,0,2,0,0.0,0
0.4216,73,0,0.7567,7341.0,5,0,0,0,0.0,0
0.6128,48,0,0.5241,11729.0,6,0,0,0,2.0,0
0.6512,36,0,1.0528,,12,0,1,0,0.0,0
0.537,49,0,0.0719,,4,0,0,0,1.0,0
0.2574,53,0,0.0984,,11,0,1,0,,0
0.2476,53,0,0.3655,1940.0,8,0,1,0,1.0,0
0.0507,68,0,0.2207,4916.0,9,0,1,0,1.0,0
0.4831,47,0,0.6164,,7,0,2,0,1.0,0
0.2054,57,0,0.4106,8200.0,12,0,1,0,0.0,0
0.8944,38,0,0.0878,4662.0,11,0,0,0,2.0,0
0.2502,58,0,0.6518,1904.0,6,0,1,0,1.0,0
0.1359,52,0,0.0719,,6,0,1,0,1.0,0
0.6199,42,0,0.5567,10293.0,14,0,0,0,0.0,0
0.5145,49,0,0.5953,10861.0,7,0,0,0,1.0,0
3.2317,49,0,0.539,5165.0,7,0,2,0,0.0,0
0.0432,48,0,0.2457,3421.0,7,0,0,0,1.0,0
1.1283,77,0,0.5086,2633.0,7,0,1,0,0.0,1
3.5381,51,0,0.9173,7747.0,11,0,4,0,1.0,0
0.2344,49,0,0.2898,3755.0,12,0,2,0,,0
0.4806,23,0,0.3799,3634.0,12,0,1,0,1.0,0
1.6162,39,0,0.5859,6153.0,3,0,2,0,1.0,0
0.2598,48,1,0.5755,4916.0,7,0,0,1,1.0,0
0.0859,42,0,0.3454,4371.0,10,0,2,0,1.0,0
1.7496,71,0,0.5937,,12,0,3,0,,1
0.4549,50,0,0.1092,,9,0,2,0,2.0,0
1.6546,70,0,0.4548,3131.0,4,0,2,0,2.0,0
0.5646,53,4,0.6632,7014.0,12,0,0,0,0.0,0
0.1737,53,0,0.3569,4676.0,8,0,0,0,1.0,0
0.7209,51,0,0.3232,7785.0,4,0,1,0,1.0,0
0.5643,52,0,0.784,2847.0,12,0,1,0,2.0,0
0.3807,76,0,0.4708,5617.0,7,0,0,0,1.0,0
0.0214,21,0,0.6657,5627.0,10,0,0,0,0.0,0
3.718,24,0,0.6023,1959.0,11,0,1,0,0.0,0
3.2218,44,0,0.7134,3686.0,8,0,1,0,,0
0.1673,52,0,0.1014,6386.0,8,0,3,0,1.0,0
1.364,62,0,0.1326,4592.0,8,0,1,0,1.0,0
0.0695,59,0,0.8164,3213.0,10,0,2,0,1.0,0
0.0924,47,0,0.4906,11208.0,8,0,2,0,3.0,0
0.5521,66,0,0.1939,,7,0,1,0,2.0,0
5.7006,66,0,0.2272,2683.0,10,0,1,0,0.0,0
0.0046,55,0,0.3707,3432.0,3,0,1,0,1.0,0
0.2001,65,0,0.7847,1954.0,10,0,0,0,2.0,0
0.8304,56,0,0.1478,7436.0,4,0,1,0,2.0,0
0.8196,44,0,0.4156,23041.0,12,0,1,0,2.0,0
0.1219,62,0,0.1074,5374.0,9,0,1,0,3.0,0
0.2654,54,0,0.5448,3686.0,5,0,1,0,2.0,0
0.396,52,0,0.2816,3305.0,3,0,0,0,1.0,0
0.6235,73,0,0.8645,2424.0,12,0,0,0,0.0,1
0.1508,21,0,0.1745,17445.0,7,0,0,0,1.0,0
0.198,32,0,0.6006,,12,0,0,0,1.0,0
1.8705,35,0,0.3224,8313.0,9,0,2,0,0.0,0
0.6751,47,0,0.1144,5024.0,5,0,0,0,1.0,0
0.5119,48,0,0.1313,22692.0,7,0,1,0,1.0,0
0.1136,31,0,0.5108,6386.0,11,0,1,0,0.0,0
0.3887,38,0,0.8198,21034.0,7,0,1,0,1.0,0
0.2605,40,0,0.5509,2980.0,4,0,3,0,1.0,0
4.4754,86,0,0.5019,3071.0,9,0,1,0,2.0,0
0.8525,77,0,0.7249,12451.0,7,0,2,0,2.0,0
0.444,46,0,0.4099,15438.0,5,0,0,0,0.0,0
0.284,47,0,0.2946,20240.0,8,0,0,0,1.0,0
0.1368,36,0,0.7987,4195.0,5,0,1,0,1.0,0
0.4086,25,0,0.4111,4423.0,8,0,0,0,1.0,0
1.6798,50,0,0.5424,,5,0,2,0,2.0,1
0.3182,38,0,0.0161,6365.0,3,0,0,0,0.0,0
0.1653,51,0,0.5798,6034.0,3,0,0,0,0.0,0
0.2822,30,0,0.1312,4358.0,7,0,0,0,0.0,0
0.0786,41,0,0.7349,6861.0,14,0,0,0,0.0,0
3.5893,54,2,0.3755,10242.0,8,0,0,0,2.0,0
0.3633,57,0,0.2056,8708.0,7,0,1,0,2.0,0
3.7925,58,2,0.8335,9524.0,12,1,0,0,3.0,0
0.0219,34,0,1.1668,3373.0,6,0,0,0,0.0,0
0.2877,64,0,0.9425,,10,0,0,0,0.0,0
0.6759,41,0,0.5524,5674.0,11,0,2,0,1.0,0
0.1635,61,0,0.3679,,4,0,1,0,1.0,0
0.6974,52,0,0.3119,11630.0,10,0,2,0,0.0,0
0.769,33,0,0.9219,,13,0,1,0,0.0,1
0.6334,48,0,0.5197,12296.0,8,0,3,0,0.0,0
0.6486,57,0,0.5375,3516.0,7,0,0,0,0.0,0
0.2834,61,0,0.1082,,6,0,4,0,1.0,0
1.5845,50,0,1.0804,5794.0,10,0,1,0,0.0,0
0.6202,73,0,0.1138,8082.0,9,0,0,0,0.0,0
0.554,66,0,0.2624,19467.0,11,0,0,0,0.0,0
0.2017,48,0,0.8114,,7,0,1,0,2.0,0
0.1547,63,2,0.4993,11544.0,6,0,2,1,0.0,0
0.1285,79,0,0.2863,8736.0,3,0,2,0,0.0,0
0.8115,79,0,0.5106,,13,0,1,0,0.0,0
1.8624,35,0,0.5612,7605.0,5,0,1,0,1.0,0
0.0782,39,0,1.1933,6744.0,7,0,0,0,0.0,0
0.1791,73,0,0.1333,6916.0,7,0,1,0,1.0,1
0.2334,37,0,0.6038,,8,0,1,0,1.0,0
0.272,33,0,0.4202,6629.0,9,0,1,0,0.0,0
0.9353,45,1,1.4515,6581.0,11,2,2,0,2.0,0
0.3663,58,0,0.292,7897.0,8,0,0,0,1.0,0
0.2868,51,0,0.5266,2990.0,6,0,0,0,0.0,0
0.0251,43,0,0.3539,4025.0,9,0,0,0,3.0,0
0.3129,43,0,0.2541,3735.0,11,0,1,0,0.0,0
0.3304,42,0,0.0839,7033.0,5,0,0,0,0.0,0
0.0006,40,0,0.6708,2608.0,12,0,2,0,1.0,0
0.5115,84,0,1.013,5874.0,7,0,1,0,1.0,0
0.3529,56,0,0.2233,6362.0,11,0,2,0,0.0,0
0.7405,64,0,0.5125,5665.0,7,0,0,0,1.0,0
0.2666,45,0,0.9888,3878.0,5,0,1,0,0.0,0
0.1397,49,0,0.3025,,6,0,1,0,1.0,0
0.5936,42,0,0.2912,5341.0,6,0,1,0,2.0,0
0.8525,21,0,0.6809,3084.0,9,0,1,0,1.0,0
0.8026,33,2,0.4366,11191.0,8,0,3,0,0.0,0
0.6718,27,0,0.4665,4756.0,10,0,3,0,0.0,0
0.1814,21,0,0.7284,,8,0,3,0,1.0,0
0.7981,35,0,0.6023,,8,0,1,0,1.0,0
0.3187,71,0,0.509,7347.0,14,0,1,0,1.0,0
0.5495,51,2,0.9538,,10,0,0,0,0.0,0
0.5117,70,0,0.6483,4343.0,4,0,0,0,2.0,0
0.2676,58,0,0.4372,,14,0,2,0,2.0,0
0.5461,63,0,1.1179,4110.0,10,0,1,0,0.0,1
0.5725,39,0,0.0643,5088.0,7,0,2,0,0.0,0
1.6586,59,0,0.6552,,3,0,1,0,0.0,0
0.022,62,0,0.5827,10429.0,9,0,0,0,2.0,0
0.0218,44,0,0.4602,,7,0,2,0,0.0,0
0.5467,60,0,0.3881,4026.0,2,0,0,0,,0
0.1099,60,0,0.4019,15779.0,6,0,1,0,1.0,0
0.4379,44,0,0.7717,2292.0,10,0,1,0,3.0,0
0.0891,36,0,0.7632,4149.0,8,0,1,0,0.0,0
0.0088,35,0,0.2558,3062.0,10,0,1,0,0.0,0
0.5458,53,0,0.6407,4772.0,7,0,2,0,0.0,0
0.3999,57,0,0.0342,,10,0,0,0,0.0,0
0.7233,41,0,0.0769,,9,0,5,0,0.0,0
0.7169,52,0,0.5958,15519.0,6,0,1,0,0.0,0
0.5742,60,0,0.8486,2669.0,7,0,1,0,1.0,0
0.0988,61,0,0.335,14292.0,5,0,4,0,2.0,0
0.5957,74,0,0.2816,5028.0,9,0,2,0,2.0,0
1.0895,70,0,0.3308,8077.0,6,0,0,0,0.0,0
0.3149,38,0,0.5989,8680.0,12,0,0,0,0.0,0
0.575,76,0,0.4443,4378.0,9,0,2,0,0.0,0
0.1844,45,1,0.8705,3673.0,9,3,0,0,,0
0.5998,67,0,0.4267,14677.0,7,0,1,0,1.0,0
0.0694,53,0,0.1501,,4,0,0,0,4.0,0
0.7971,46,0,0.919,2001.0,8,0,1,0,0.0,0
1.8655,27,0,0.294,7758.0,6,0,2,0,1.0,0
0.6377,50,0,0.8039,3444.0,8,0,1,0,0.0,0
0.8191,30,2,0.7486,11782.0,8,0,3,0,3.0,0
3.8877,66,0,0.3119,,10,0,1,0,0.0,0
2.0454,73,1,0.3276,5191.0,7,1,0,3,1.0,0
0.1307,41,0,1.0356,5999.0,7,0,1,0,0.0,0
2.0086,56,0,0.659,4404.0,7,0,0,0,1.0,0
1.5701,42,0,0.5249,5287.0,11,0,2,0,3.0,0
0.293,43,0,0.4471,2552.0,8,0,2,0,2.0,0
0.5821,63,0,0.2283,3940.0,17,0,2,0,0.0,0
0.441,51,0,0.1343,16130.0,5,0,0,0,0.0,0
0.1213,76,0,0.609,,9,0,0,0,0.0,0
0.0528,45,4,0.4894,5522.0,14,0,2,0,1.0,0
0.6103,66,0,0.6562,,9,0,2,0,2.0,0
0.3762,53,0,0.5332,8164.0,9,0,1,0,1.0,0
0.1105,63,0,0.361,8316.0,11,0,0,0,1.0,0
0.4096,46,0,0.6057,6877.0,6,0,0,0,2.0,0
3.2387,51,0,0.2881,1378.0,11,0,5,0,2.0,0
0.6599,50,0,0.2139,7127.0,8,0,3,0,0.0,0
0.6798,40,0,0.1762,,6,0,2,0,1.0,0
1.3981,61,0,0.5687,,8,0,0,0,1.0,0
0.166,61,0,0.1047,,11,0,0,0,2.0,0
0.6453,60,0,0.1428,4256.0,8,0,2,0,0.0,0
1.9613,74,0,0.2352,,8,0,2,0,1.0,0
2.9279,72,1,0.7942,12011.0,9,1,1,1,0.0,0
3.9834,47,0,0.352,7229.0,3,0,1,0,0.0,0
0.8804,57,0,0.3182,,12,0,3,0,2.0,0
0.2429,43,0,0.2624,1615.0,3,0,0,0,1.0,0
0.1704,52,0,0.3582,6069.0,9,0,0,0,0.0,0
0.111,44,0,1.0702,4983.0,13,0,1,0,0.0,0
0.5168,75,0,0.3887,,7,0,0,0,0.0,0
4.4263,57,0,0.2137,,10,0,1,0,1.0,0
0.1449,49,0,0.1023,2173.0,5,0,0,0,0.0,0
1.4522,69,0,0.6242,,5,0,1,0,1.0,1
0.2092,22,0,0.459,,7,0,0,0,0.0,0
3.2989,24,0,0.4652,4114.0,4,0,0,0,0.0,0
1.1389,63,0,0.2532,1925.0,11,0,0,0,0.0,0
0.3562,53,0,0.5802,,16,0,1,0,1.0,0
0.4198,56,0,0.8263,4704.0,9,0,1,0,1.0,0
0.6554,33,0,0.2833,2326.0,3,2,2,0,0.0,0
0.1435,52,1,0.4501,,11,0,0,0,0.0,0
0.2459,80,0,0.414,2341.0,5,0,1,0,0.0,0
0.1743,64,0,0.1321,20549.0,10,0,1,0,1.0,0
0.2992,54,0,0.3387,8095.0,8,0,1,0,1.0,0
0.3466,46,0,0.1011,,9,0,0,0,,0
0.0613,46,0,0.5157,2708.0,10,0,2,0,2.0,0
0.2742,22,0,0.5458,9156.0,7,0,2,0,0.0,0
0.0367,56,0,0.6617,10728.0,5,0,1,0,0.0,0
0.2495,64,0,0.617,4083.0,11,0,1,0,1.0,0
0.1769,30,0,0.7045,4191.0,10,0,1,0,0.0,0
0.4937,43,0,0.2659,9955.0,9,0,0,0,2.0,0
2.3572,36,0,0.3665,6495.0,10,0,0,0,2.0,0
0.6624,38,0,0.63,2528.0,6,0,0,0,0.0,0
0.3184,53,0,0.3828,5051.0,2,0,2,0,1.0,0
0.0292,23,0,0.1557,,9,0,1,0,1.0,0
0.2383,61,0,0.3684,6953.0,10,0,2,0,,0
0.0475,63,0,0.1932,1312.0,6,0,3,0,0.0,0
0.8579,48,0,0.4789,4071.0,8,0,1,0,0.0,0
0.1506,21,0,0.1394,17700.0,10,1,1,0,1.0,1
0.0954,38,0,0.3767,2454.0,4,0,0,0,0.0,0
3.1948,69,0,0.6162,8815.0,13,0,0,0,0.0,0
0.2742,21,0,0.9529,,2,0,1,0,0.0,0
0.5427,47,0,0.7786,3956.0,4,0,2,0,0.0,0
0.3495,35,0,0.6337,5162.0,4,0,0,0,1.0,0
1.1454,63,0,0.2157,3462.0,7,0,1,0,1.0,0
0.5534,43,0,0.1803,,4,0,1,0,1.0,0
2.0489,58,0,0.4573,7710.0,8,0,2,0,1.0,0
0.0241,60,0,0.0368,10876.0,4,0,1,0,2.0,0
3.8038,78,0,0.2713,3252.0,12,0,1,2,0.0,0
1.7978,49,0,0.1697,5783.0,9,0,1,0,0.0,0
4.8482,57,0,0.7059,7753.0,8,0,0,0,1.0,0
7.8778,31,0,0.8037,4458.0,7,0,0,0,3.0,0
0.7352,69,0,0.7146,11082.0,9,0,0,0,0.0,0
0.5391,41,0,0.095,,12,0,2,0,1.0,0
0.5546,44,0,0.2965,9130.0,7,0,3,0,0.0,0
0.4759,52,0,0.6792,1435.0,6,0,2,0,2.0,0
0.4977,30,0,0.4411,,12,0,2,0,1.0,0
1.645,55,0,1.1426,11933.0,9,0,0,0,2.0,0
0.1532,66,0,0.297,9955.0,8,0,1,0,1.0,0
2.3565,56,0,0.0733,5674.0,12,0,2,0,3.0,0
0.6376,30,0,0.3918,18781.0,7,0,1,0,0.0,0
0.3857,50,0,0.6054,7281.0,4,0,2,0,0.0,0
0.1239,62,0,0.4963,3020.0,8,1,1,0,0.0,0
0.4022,26,0,0.7472,6255.0,8,0,0,0,0.0,0
0.021,37,0,0.6836,8691.0,7,0,3,0,1.0,0
0.3235,64,0,0.8513,2630.0,7,0,1,0,3.0,0
0.0231,56,0,0.4562,8320.0,5,0,2,0,1.0,0
0.05,58,0,0.4552,8009.0,12,0,0,0,1.0,0
0.4386,78,0,0.4714,1782.0,6,0,3,0,2.0,0
10.5735,59,0,0.4639,,13,0,0,0,1.0,0
1.0727,61,0,0.5149,6151.0,3,0,1,0,0.0,0
2.2671,90,0,0.3211,5643.0,8,0,3,0,0.0,0
7.2834,49,0,0.4564,4172.0,11,0,0,0,0.0,0
0.144,41,0,0.7105,1454.0,9,0,1,0,2.0,0
0.409,58,0,0.2049,3676.0,9,0,0,0,0.0,0
0.5052,58,0,0.0936,,3,0,1,0,0.0,0
0.355,45,0,0.2499,4187.0,9,0,0,0,0.0,0
0.2417,38,0,0.2264,,10,0,1,0,0.0,0
0.3205,84,0,0.3823,4044.0,9,0,1,0,0.0,0
0.0417,57,0,0.311,6812.0,5,0,0,0,1.0,0
0.4874,42,0,1.0339,4035.0,6,0,1,0,1.0,0
0.2253,65,0,0.8033,6699.0,12,0,2,0,0.0,0
0.1832,50,0,0.7054,5237.0,6,0,1,0,0.0,0
0.3821,48,0,0.402,2081.0,7,0,2,0,0.0,0
0.3349,60,0,0.9347,6921.0,5,0,1,0,0.0,0
0.3288,34,0,0.3438,5141.0,10,0,0,0,1.0,0
0.0716,57,0,0.8322,4889.0,7,0,2,0,1.0,0
0.999,79,0,0.5907,4533.0,6,0,0,0,0.0,0
2.1163,59,1,0.8281,,6,0,1,0,3.0,0
0.0318,47,0,0.2173,6975.0,9,0,0,0,0.0,0
0.7793,45,0,0.2601,,5,0,1,0,0.0,0
0.4446,46,0,0.5477,8903.0,8,0,1,0,2.0,0
0.2399,48,0,0.451,,8,0,0,0,1.0,0
0.7154,47,0,0.4567,8434.0,5,0,1,0,2.0,0
0.137,65,0,0.6107,5189.0,16,0,3,0,0.0,0
0.1533,28,1,0.3521,17270.0,6,0,0,0,2.0,0
0.2306,64,0,0.3548,4812.0,9,0,1,0,0.0,0
0.3475,47,0,0.0729,,10,0,2,0,0.0,0
0.334,57,0,0.6836,4500.0,10,0,2,0,0.0,0
0.6382,36,0,0.5944,3674.0,6,0,0,0,0.0,0
0.8839,71,0,0.058,5407.0,10,0,4,0,5.0,0
0.1803,69,0,0.2529,6074.0,13,0,3,0,4.0,0
0.2306,65,0,0.3757,,6,0,1,0,2.0,0
0.1421,31,0,0.3282,,13,0,1,0,0.0,0
0.0159,64,0,0.731,9773.0,6,0,1,0,2.0,0
0.1075,58,0,0.2703,5578.0,8,0,2,0,1.0,0
0.1837,30,0,0.3338,3441.0,7,0,0,0,1.0,0
0.4569,52,0,0.1708,14132.0,12,0,1,0,0.0,0
2.329,57,0,0.215,12255.0,4,0,0,0,2.0,0
0.1002,60,0,0.4413,,5,0,0,0,0.0,0
0.861,54,0,0.165,3898.0,13,0,1,0,0.0,0
0.2191,56,0,0.367,7443.0,15,0,0,0,0.0,0
1.8671,73,0,0.4897,17436.0,7,0,0,0,1.0,0
0.8349,69,0,0.1769,,5,0,1,0,3.0,0
0.261,21,0,1.0977,4249.0,4,0,0,0,3.0,0
6.2327,48,0,0.1432,,10,0,0,0,0.0,0
0.0635,50,0,0.9408,3017.0,10,0,1,0,2.0,0
1.7289,27,0,0.3387,1725.0,9,0,0,0,0.0,0
0.5843,53,0,0.0753,2316.0,3,0,1,0,1.0,0
0.4008,69,0,0.3553,5950.0,11,0,2,0,,0
0.5923,37,0,0.3314,4461.0,9,0,0,0,1.0,0
0.1799,57,0,1.224,,7,0,1,0,0.0,0
1.4913,39,0,0.558,4708.0,14,0,0,0,2.0,0
0.4671,43,0,0.1952,4949.0,4,0,1,0,0.0,0
3.6514,73,0,0.5161,,7,0,1,0,0.0,1
0.335,44,0,0.9734,3351.0,3,0,0,0,2.0,0
0.8384,58,0,1.5382,4352.0,10,0,1,0,0.0,0
0.1013,26,0,0.3521,3538.0,9,0,1,0,2.0,0
0.1244,78,0,0.7542,4316.0,13,0,0,0,1.0,0
6.2001,60,0,0.2376,4295.0,6,0,0,0,0.0,0
0.5633,49,0,0.2146,21535.0,10,0,1,0,3.0,0
0.7391,60,0,0.9686,3791.0,9,0,2,0,0.0,0
0.2225,32,0,0.0647,2520.0,4,0,1,0,2.0,0
0.184,69,0,0.1752,26157.0,11,0,2,0,2.0,0
0.0402,47,2,0.0585,2160.0,8,0,1,0,0.0,0
0.4701,49,0,0.9661,6160.0,11,0,1,0,0.0,0
0.3019,45,0,0.3029,9684.0,7,0,1,0,2.0,0
0.61,44,0,0.7786,4237.0,3,0,0,0,4.0,0
0.9649,62,0,0.5856,2037.0,8,0,0,0,0.0,0
0.4403,56,0,1.3299,6541.0,11,0,2,0,0.0,0
5.6736,61,0,0.799,2898.0,7,0,0,0,1.0,1
0.3022,52,0,0.6949,2566.0,11,0,1,0,0.0,0
0.4476,59,0,0.3101,3919.0,7,0,0,0,3.0,0
0.0044,46,0,0.7455,,6,0,3,0,1.0,0
0.3245,83,0,0.7669,4962.0,7,0,0,0,1.0,0
0.3982,30,0,0.1425,1871.0,6,0,0,0,0.0,0
0.1718,70,0,0.8652,3381.0,4,0,1,0,1.0,0
0.4088,71,0,0.1451,7131.0,8,0,0,0,1.0,1
1.7923,40,0,0.7293,3032.0,8,0,0,0,1.0,1
0.3095,83,0,0.2846,,6,0,1,0,0.0,0
0.2262,66,0,0.2797,4407.0,8,0,1,0,1.0,0
0.0382,66,0,0.2468,,7,0,1,0,2.0,0
0.9471,52,0,0.3989,6680.0,6,0,2,0,1.0,0
0.9203,49,0,0.3177,2399.0,11,0,2,0,0.0,0
1.1112,49,0,0.5209,4937.0,8,0,1,0,0.0,0
0.2038,57,0,0.1947,,4,0,0,0,0.0,0
0.366,72,0,0.3705,10151.0,7,0,0,0,0.0,0
1.534,55,1,0.7123,2800.0,8,0,1,1,1.0,0
0.4218,39,0,0.1005,3896.0,8,0,1,0,3.0,0
0.4624,64,0,0.6521,11622.0,7,0,3,0,0.0,0
1.8233,65,0,0.2225,10905.0,9,0,2,0,0.0,0
0.7354,61,0,0.0943,5073.0,9,0,2,0,0.0,0
0.9061,62,0,0.0302,,6,1,3,0,1.0,0
0.1224,48,0,0.6719,,13,0,2,0,0.0,0
0.0596,39,0,0.4985,5617.0,8,0,0,0,1.0,0
0.5548,40,0,0.8596,11902.0,5,0,2,0,1.0,0
0.19,29,0,0.7658,12330.0,9,0,1,0,2.0,0
0.1038,55,0,0.3814,2137.0,5,0,0,0,3.0,0
0.253,51,0,1.1145,1869.0,10,0,2,0,0.0,0
0.2464,46,0,0.1434,2451.0,5,0,0,0,0.0,0
1.5318,21,0,0.1798,7810.0,11,0,2,0,1.0,0
0.4955,35,0,0.4643,4154.0,4,0,2,0,1.0,0
0.3042,68,2,0.2932,5766.0,9,0,0,2,2.0,0
0.913,43,2,0.3434,,7,1,0,0,1.0,0
0.7152,57,0,0.0873,,5,0,2,0,1.0,0
0.2852,33,0,0.4842,2641.0,14,0,1,0,0.0,0
0.8072,72,0,0.1451,3476.0,10,0,2,0,4.0,0
0.0784,50,0,0.3398,,6,0,1,0,1.0,0
1.2496,56,0,0.4184,,10,0,0,0,,0
0.7438,85,0,0.097,17270.0,9,0,1,0,0.0,0
0.9738,73,0,0.4248,,7,0,0,0,0.0,1
0.6876,48,0,0.3871,5367.0,5,0,1,0,0.0,0
0.1212,44,0,0.495,,10,0,0,0,1.0,0
0.1444,47,0,0.4123,,10,0,0,0,1.0,0
0.548,59,0,0.2186,5358.0,9,0,1,0,1.0,0
0.0145,51,1,0.5781,2052.0,7,0,1,0,2.0,0
0.0053,46,0,0.4652,7705.0,5,0,0,0,1.0,0
0.2441,73,0,0.4344,6652.0,9,0,0,0,0.0,0
0.067,50,0,0.0259,3472.0,5,0,2,0,0.0,0
0.9593,84,0,0.118,11773.0,5,0,1,0,1.0,0
0.8873,53,0,0.4011,14516.0,8,0,1,0,2.0,0
1.4104,77,0,0.6264,5160.0,11,0,0,1,0.0,0
0.197,57,0,0.4917,9195.0,6,0,1,0,1.0,0
0.911,65,0,0.2506,5350.0,7,0,2,0,1.0,0
0.2545,42,0,0.9317,4350.0,4,0,1,0,0.0,0
0.5592,40,0,0.0407,5803.0,7,0,0,0,1.0,0
0.5874,58,0,0.4005,6685.0,7,0,4,0,0.0,0
0.0729,66,0,0.9365,16581.0,6,0,0,0,0.0,0
0.5883,53,1,0.5532,9932.0,11,1,0,2,1.0,0
3.454,34,2,0.726,8177.0,12,2,2,0,0.0,0
0.5025,33,0,0.0926,7800.0,8,0,1,0,0.0,0
0.0363,32,0,0.032,5101.0,11,0,1,0,0.0,0
0.4857,27,0,0.4877,3802.0,11,1,3,0,2.0,0
0.5371,54,0,0.4045,10529.0,11,0,0,0,0.0,0
0.5609,68,0,0.5562,,7,0,0,0,1.0,0
1.0402,52,0,0.3931,2713.0,6,0,2,0,3.0,0
1.7957,21,0,0.5003,3793.0,11,0,0,0,1.0,1
0.0595,49,0,0.1708,7205.0,8,0,1,0,,0
0.0133,50,0,0.6741,3256.0,9,0,0,0,0.0,0
0.702,81,0,0.2838,5581.0,5,0,0,0,0.0,0
0.8276,32,0,0.43,7153.0,10,0,1,0,0.0,0
0.4626,47,0,0.2602,,4,0,2,0,0.0,0
0.4489,76,0,0.9436,1789.0,5,0,1,0,1.0,0
0.3544,58,0,0.3003,,11,0,0,0,0.0,0
0.481,60,0,0.4502,,6,0,1,0,2.0,0
0.6377,54,0,0.3653,,9,0,0,0,1.0,0
0.33,57,0,0.304,,7,0,0,0,0.0,0
1.248,63,0,0.465,6803.0,7,0,0,0,1.0,0
0.214,41,0,0.7441,1551.0,4,0,1,0,0.0,0
0.522,64,0,0.578,17099.0,9,0,0,0,0.0,0
0.51,33,0,0.2105,10801.0,11,0,3,0,1.0,0
0.6549,57,0,0.2782,,8,0,2,0,1.0,0
0.4556,55,0,0.7859,24739.0,2,0,1,0,0.0,0
0.1036,43,0,0.7562,,6,0,3,0,1.0,0
0.7682,52,0,0.6689,10251.0,9,0,1,0,0.0,0
0.1207,43,0,0.2922,,8,0,3,0,1.0,0
0.242,37,0,0.0618,7852.0,12,0,1,0,0.0,0
0.8443,47,0,0.4741,3316.0,12,0,0,0,1.0,0
4.5811,37,0,0.9752,13034.0,10,0,1,0,,0
2.7376,57,0,0.2287,6711.0,5,0,1,0,0.0,0
0.5418,36,0,0.377,3937.0,8,0,0,0,0.0,0
0.7193,62,0,0.4227,3381.0,9,0,0,0,0.0,0
0.3478,35,0,0.2006,10364.0,6,0,1,0,0.0,0
8.4961,44,3,0.2637,,5,0,2,0,1.0,0
0.7994,43,0,0.5585,,11,0,0,0,0.0,1
0.3668,71,0,0.0938,,6,0,2,0,1.0,0
0.2606,57,0,0.2819,1682.0,6,0,0,0,0.0,0
0.7426,49,0,0.6064,2876.0,9,0,0,0,1.0,0
8.2699,59,0,0.1052,2333.0,9,0,0,0,1.0,0
0.2397,22,0,0.0095,2585.0,2,0,1,0,1.0,0
2.1064,51,0,0.1662,2347.0,8,0,2,0,3.0,0
0.5392,80,0,0.5906,8441.0,8,0,2,0,0.0,0
0.2496,54,0,0.6118,5592.0,7,0,0,0,0.0,0
0.2193,53,0,0.4758,,8,0,0,0,2.0,0
0.5654,60,0,0.1475,3145.0,10,0,0,0,0.0,0
0.0496,65,0,0.3861,7287.0,8,0,1,0,1.0,0
0.1439,24,0,0.3351,5771.0,10,0,0,0,1.0,0
8.2608,28,1,0.2305,6198.0,8,0,1,0,0.0,0
0.6067,55,0,0.5257,5023.0,10,0,1,0,1.0,0
1.0229,42,0,0.7466,,7,0,1,0,1.0,0
0.3482,70,0,0.7289,,7,0,0,0,1.0,0
0.6678,48,0,0.3591,7668.0,7,0,0,0,0.0,0
0.3213,25,0,0.9279,8553.0,6,0,1,0,1.0,0
0.1021,34,0,0.1178,3846.0,7,0,1,0,0.0,0
0.5124,21,0,0.7217,4931.0,4,0,2,0,1.0,1
0.5849,49,0,0.495,11453.0,5,0,0,0,1.0,0
1.7078,49,0,0.4083,5508.0,4,0,1,0,1.0,0
0.0726,46,0,0.6434,7633.0,9,0,2,0,1.0,0
0.3245,67,0,0.7862,3298.0,3,0,0,0,0.0,0
0.5784,69,0,0.4606,4832.0,9,0,0,0,0.0,0
0.7477,50,0,0.5994,10102.0,6,0,1,0,0.0,0
0.2381,22,0,0.383,2535.0,5,0,3,0,0.0,0
0.6146,61,0,0.1831,5671.0,7,0,1,0,4.0,0
0.2775,60,0,0.5626,4466.0,14,0,1,0,0.0,0
1.0185,56,0,0.6726,2744.0,7,0,0,0,1.0,0
2.5289,66,0,1.2454,7842.0,8,0,1,0,0.0,0
0.3208,36,0,0.6769,2757.0,10,0,3,0,1.0,0
0.4793,80,0,0.7692,2000.0,9,0,1,0,2.0,0
0.1901,39,0,0.6302,8277.0,3,0,1,0,0.0,0
0.3673,62,0,0.2566,3256.0,6,0,0,0,1.0,0
0.1444,28,0,0.1207,7496.0,14,0,0,0,,0
0.2261,39,2,0.3986,7023.0,3,0,4,0,1.0,0
0.4041,73,1,0.6154,13166.0,6,1,4,0,0.0,0
3.1997,48,0,0.2441,10755.0,5,0,1,0,0.0,0
0.9631,64,0,0.6159,,6,0,0,0,0.0,0
2.7645,55,0,0.6938,9622.0,10,0,0,0,0.0,0
0.6191,51,0,0.1767,2418.0,9,0,4,0,3.0,0
0.6103,71,0,0.6223,,6,0,0,0,1.0,0
0.6503,49,0,0.3126,3445.0,7,0,0,0,0.0,0
0.0275,27,0,0.5365,,9,0,0,0,0.0,0
0.9481,41,0,0.3737,9958.0,8,0,3,0,2.0,0
1.4748,60,0,0.7271,14038.0,7,0,0,0,0.0,0
0.2077,58,0,0.598,7509.0,13,0,2,0,2.0,0
0.2004,30,0,0.5488,7401.0,7,0,0,0,0.0,0
0.0683,42,0,0.0844,,5,0,0,0,0.0,0
0.832,44,2,0.2816,3337.0,9,0,1,1,1.0,0
1.1654,47,0,0.1287,4526.0,7,0,0,0,1.0,0
0.956,33,0,0.2008,5542.0,9,0,0,0,2.0,0
0.4579,43,0,0.8217,6272.0,4,0,1,0,0.0,0
0.2492,42,0,0.2094,4595.0,9,0,1,0,0.0,0
0.0502,63,0,0.1989,5056.0,7,0,1,0,3.0,0
0.1695,63,0,0.2223,11280.0,7,0,1,0,0.0,0
0.3708,50,0,0.6461,8964.0,6,0,0,0,1.0,0
0.3331,47,0,0.1023,10729.0,5,0,1,0,2.0,0
0.5105,54,0,0.6746,3100.0,9,0,1,0,1.0,0
0.5373,41,0,0.8965,,7,0,1,0,1.0,0
0.3022,36,0,0.5445,8048.0,4,0,1,0,0.0,0
0.254,39,0,0.9611,9648.0,9,0,1,0,1.0,0
5.0127,43,0,0.493,3852.0,6,0,3,0,0.0,0
0.8545,36,0,0.0777,4497.0,8,0,1,0,2.0,1
0.4984,54,0,0.4415,4693.0,5,0,1,0,0.0,0
0.9201,62,0,0.2473,5518.0,4,0,0,0,1.0,0
0.2962,30,0,0.8254,,8,1,1,0,1.0,0
0.6919,52,0,0.4275,,9,0,3,0,0.0,0
2.1017,49,0,0.5071,,14,0,1,0,1.0,0
0.1877,57,0,0.3979,9513.0,4,0,2,0,1.0,0
0.0827,52,0,0.3449,8133.0,6,0,2,0,0.0,0
0.6549,32,0,0.3142,,7,0,2,0,0.0,0
2.4749,34,0,1.0824,3650.0,5,0,3,0,0.0,0
0.25,52,0,1.06,2369.0,4,0,0,0,0.0,0
0.056,66,0,0.2705,7662.0,11,0,0,0,0.0,0
0.0492,21,1,0.6267,1871.0,7,0,1,0,0.0,0
0.869,57,0,0.6316,13469.0,5,0,1,0,1.0,0
0.0423,69,0,0.5772,9973.0,8,0,1,0,1.0,0
1.3092,50,0,0.4069,4763.0,6,0,1,0,1.0,0
1.4561,60,0,0.3912,5166.0,6,0,0,0,2.0,1
0.4417,42,0,0.9086,14763.0,4,0,1,0,1.0,0
0.6009,50,0,0.3513,2071.0,8,0,0,0,1.0,0
0.3353,29,0,0.337,2910.0,11,0,0,0,0.0,0
0.6293,21,0,0.6224,7143.0,7,0,3,0,2.0,0
2.0257,65,0,0.8781,2183.0,5,0,1,0,1.0,0
0.4201,38,0,0.1497,1873.0,7,0,3,0,0.0,0
1.1064,46,0,0.6624,3856.0,7,0,1,0,1.0,0
0.0168,33,0,0.4992,1909.0,15,0,1,0,1.0,0
0.0537,32,2,0.5696,1990.0,8,0,0,0,0.0,0
0.3931,50,0,0.6717,,6,0,0,0,1.0,0
0.0256,42,0,0.4733,,9,0,1,0,1.0,0
0.1296,57,0,0.3112,6586.0,7,0,1,0,0.0,0
0.5324,58,0,0.4839,3619.0,8,0,2,0,0.0,0
3.6837,56,0,0.221,11738.0,10,0,0,0,1.0,0
0.6892,55,0,0.4725,,6,0,4,0,,0
0.6597,74,0,0.3716,4305.0,11,0,0,0,1.0,0
0.5781,37,0,0.4714,9637.0,11,0,0,0,2.0,0
0.1554,51,0,0.1147,2863.0,7,0,1,0,0.0,0
0.5163,68,0,0.021,10885.0,6,0,1,0,1.0,0
0.4832,70,0,0.6835,,5,0,1,0,1.0,0
0.2685,32,0,0.3494,,9,0,1,0,0.0,0
4.406,48,0,0.3934,8278.0,6,0,2,0,1.0,0
0.6624,71,0,0.7102,,13,0,1,0,,1
0.2402,59,0,1.0045,5297.0,7,0,0,0,0.0,0
0.3518,55,0,0.5623,7722.0,9,0,2,0,0.0,0
0.2457,49,0,0.3561,5781.0,7,0,2,0,1.0,0
0.5323,47,0,0.5371,2435.0,6,0,2,0,1.0,1
0.6226,56,0,0.3423,14099.0,6,0,0,0,1.0,0
0.6046,48,0,0.8773,4786.0,13,0,3,0,0.0,0
0.097,51,0,0.42,9956.0,14,0,1,0,0.0,0
0.6772,53,0,0.5492,15655.0,2,0,0,0,1.0,0
0.6423,43,0,0.3517,11916.0,1,0,2,0,1.0,0
0.0852,59,0,0.5721,9035.0,3,0,2,0,0.0,0
0.7983,93,0,0.3686,5047.0,13,0,0,0,0.0,0
0.3987,27,0,0.2988,,9,0,0,0,,0
4.0002,57,0,0.5554,3402.0,8,0,0,0,3.0,0
0.0624,41,0,0.3979,19507.0,6,0,2,0,,0
0.2961,60,0,0.1847,7752.0,6,0,1,0,0.0,0
0.3748,53,0,0.88,6160.0,9,0,1,0,0.0,0
0.2403,63,0,0.0668,5614.0,7,0,2,0,1.0,0
0.0197,68,0,0.8364,15816.0,6,0,1,0,0.0,0
0.4687,55,3,0.2693,3151.0,6,0,1,1,0.0,0
2.5557,68,0,0.582,5179.0,8,0,3,0,0.0,0
0.4845,21,0,0.5437,3903.0,6,0,1,0,1.0,1
0.2166,74,0,1.2914,2548.0,7,0,2,0,0.0,0
2.148,57,0,0.3958,8109.0,5,0,0,0,0.0,0
0.9085,67,0,0.4169,,7,0,0,0,0.0,0
0.082,35,0,0.6456,8863.0,8,0,0,0,2.0,0
0.7697,40,0,0.2722,5189.0,11,0,0,0,0.0,0
0.0877,54,0,0.3092,2883.0,11,0,3,0,0.0,0
0.4392,52,0,0.1998,6249.0,7,0,3,0,0.0,0
0.4305,56,0,0.1355,,10,0,3,0,3.0,0
0.0491,67,0,0.6039,3087.0,9,0,0,0,2.0,0
0.563,27,0,0.2157,12955.0,4,0,1,0,1.0,0
0.9179,66,0,0.6127,7133.0,6,0,3,0,0.0,0
0.2494,52,0,0.0526,7445.0,9,0,0,0,1.0,0
0.1576,49,0,0.754,5309.0,8,0,2,0,1.0,0
0.4075,31,0,0.5651,6117.0,8,0,1,0,2.0,0
0.1959,59,0,0.4996,3193.0,6,0,3,0,0.0,0
0.0473,21,0,0.9874,,6,0,2,0,0.0,0
0.1315,61,0,0.6519,4103.0,7,0,0,0,1.0,0
0.4437,31,0,0.3929,2406.0,4,0,3,0,0.0,0
0.0455,53,0,0.6896,6281.0,10,0,1,0,0.0,0
0.1328,50,0,0.7301,10003.0,8,0,3,0,1.0,0
0.3488,68,0,0.3933,,7,0,1,0,0.0,0
0.5194,49,0,0.7165,5530.0,8,0,0,0,0.0,0
0.1926,42,0,0.7908,,8,0,5,0,0.0,0
0.1183,45,0,0.307,,8,0,0,0,0.0,0
0.3288,70,0,0.342,5743.0,12,0,0,0,1.0,0
0.3683,60,0,0.2666,,5,0,2,0,1.0,0
0.4008,47,0,0.4555,8128.0,7,0,4,0,2.0,0
1.4144,49,0,0.8063,11091.0,13,0,1,0,0.0,0
0.2025,30,0,0.3522,3825.0,10,0,1,0,0.0,0
3.7253,57,0,0.5136,7249.0,9,0,2,0,2.0,0
0.8672,27,0,0.6145,2888.0,11,0,1,0,2.0,1
1.3355,63,0,0.1959,3350.0,11,0,4,0,2.0,0
0.0728,54,0,0.5661,4738.0,9,0,1,0,1.0,0
0.1241,85,0,0.5164,11770.0,9,0,0,0,1.0,0
0.493,37,0,0.15,3045.0,9,0,1,0,2.0,0
0.3157,51,0,0.3958,5664.0,10,0,1,0,0.0,0
0.3954,77,0,0.7408,1798.0,6,0,0,0,0.0,0
0.3632,69,0,0.8312,9985.0,15,0,3,0,1.0,0
2.7498,42,0,0.8599,3245.0,6,0,2,0,0.0,0
0.0209,55,0,0.65,7888.0,12,0,1,0,,0
0.388,52,0,0.6958,,9,0,0,0,1.0,0
0.1653,56,0,0.0886,6436.0,8,0,1,0,1.0,0
0.471,42,0,0.9995,8521.0,8,0,0,0,4.0,0
0.1621,51,1,0.7263,4077.0,6,0,1,0,1.0,0
0.015,30,0,0.8097,12933.0,8,0,1,0,1.0,0
0.1036,54,2,0.2079,2746.0,6,0,1,0,1.0,0
0.3446,58,0,0.4794,2236.0,7,0,3,0,1.0,0
0.5246,49,0,0.7604,2612.0,10,0,0,0,0.0,0
4.0899,29,0,0.3384,5498.0,8,0,1,0,1.0,0
0.3904,66,0,0.4065,4185.0,9,0,2,0,1.0,0
0.2034,57,0,0.3766,,7,0,2,0,2.0,0
0.1043,42,0,0.1682,4065.0,5,0,0,0,1.0,0
0.3481,48,0,0.827,4424.0,10,0,0,0,0.0,0
1.0656,31,2,0.1688,13734.0,9,0,3,0,0.0,0
0.0017,38,0,0.5316,,5,0,4,0,0.0,0
0.8793,44,0,0.2847,2649.0,2,0,1,0,1.0,0
0.5337,69,0,1.29,6007.0,8,0,1,0,0.0,0
0.0431,43,0,0.7555,6851.0,10,0,1,0,0.0,0
3.9074,61,0,0.6902,6173.0,15,0,1,0,0.0,0
0.3142,44,0,0.5474,6536.0,6,0,0,0,1.0,0
1.7621,55,0,0.368,6062.0,9,0,2,0,0.0,0
0.1112,50,0,0.6985,6424.0,5,0,1,0,0.0,0
0.314,64,0,0.6264,,9,0,0,0,0.0,0
1.0404,45,0,0.136,9034.0,7,0,1,0,1.0,0
0.4124,30,0,0.1602,4186.0,7,0,0,0,2.0,0
2.373,33,0,0.1004,2574.0,12,0,1,0,0.0,0
1.3913,45,3,1.1147,,8,0,1,1,0.0,0
0.1514,35,2,0.5692,2061.0,7,0,0,0,0.0,0
0.1779,58,0,0.7343,,5,0,0,0,2.0,0
0.4444,45,0,0.4166,9810.0,10,0,1,0,0.0,0
0.2124,85,0,0.7582,,10,0,1,0,1.0,0
0.3553,28,0,0.0109,3088.0,7,0,1,0,0.0,0
7.6092,55,2,0.471,36058.0,9,0,3,0,1.0,0
0.0691,36,0,0.6553,3189.0,6,0,2,0,0.0,0
0.2199,45,0,0.9822,4201.0,7,0,0,0,1.0,0
0.2532,54,0,1.1434,5691.0,9,0,0,0,1.0,0
0.1216,21,0,0.272,6484.0,4,0,2,0,2.0,0
0.2539,55,0,0.5697,6357.0,8,0,0,0,0.0,0
0.3801,79,0,0.8954,5087.0,5,0,0,0,2.0,0
0.2518,46,0,0.379,2126.0,9,0,0,0,0.0,0
0.4317,56,0,0.0289,,5,0,1,0,0.0,0
0.1217,66,0,0.2014,1513.0,13,0,0,0,1.0,0
0.1425,50,0,0.4254,5497.0,4,0,1,0,0.0,0
0.8203,44,0,0.5155,7634.0,6,0,0,0,1.0,0
0.5309,21,0,0.291,12104.0,11,0,0,0,0.0,0
1.9562,61,0,0.671,1371.0,14,0,2,0,1.0,0
0.1779,50,0,0.7873,11644.0,9,0,0,0,1.0,0
0.0477,38,0,0.6758,6994.0,8,0,0,0,0.0,0
0.7227,54,0,0.9282,2507.0,13,0,0,0,1.0,0
0.2876,44,1,0.2406,3465.0,5,1,1,1,1.0,0
0.1767,45,0,1.2756,7624.0,10,0,0,0,0.0,0
1.7742,60,0,0.171,,7,0,2,0,0.0,0
0.1885,33,1,0.651,6142.0,5,2,0,0,0.0,0
0.1443,67,0,0.3206,2438.0,7,0,1,0,0.0,0
0.2449,32,0,0.8482,17332.0,10,0,1,0,0.0,0
0.1217,43,0,0.6401,1443.0,12,0,1,0,0.0,0
0.3478,79,0,0.5896,4657.0,12,0,0,0,0.0,0
0.3633,68,0,0.6104,4120.0,5,0,2,0,1.0,0
0.4356,53,0,0.2672,3037.0,10,0,1,0,1.0,0
0.4884,39,2,0.504,9670.0,7,0,0,0,1.0,0
0.6496,45,0,0.5808,4133.0,8,0,0,0,3.0,0
0.4094,53,0,0.9055,8851.0,11,0,1,0,2.0,0
0.0551,53,0,0.7813,8042.0,10,0,1,0,0.0,0
0.7538,51,0,0.7727,7273.0,6,0,0,0,1.0,0
4.1398,52,0,0.4646,,6,0,0,0,2.0,0
0.0516,49,0,0.444,,7,0,2,0,2.0,0
0.01,32,0,0.2677,,9,0,0,0,0.0,0
0.6514,45,1,0.9467,9343.0,10,0,0,0,0.0,0
5.843,65,1,0.215,6739.0,4,0,1,0,1.0,0
0.1194,33,1,0.707,5304.0,1,0,0,0,2.0,0
0.2325,49,0,0.9527,5834.0,8,0,1,0,0.0,0
0.3249,41,0,0.0198,4452.0,11,0,0,0,0.0,0
14.1335,54,0,0.2906,5776.0,11,0,1,0,1.0,0
1.9176,47,0,0.9911,9637.0,9,0,1,0,2.0,0
0.328,73,0,0.783,3471.0,6,0,0,0,1.0,0
2.8425,59,0,0.6188,6129.0,5,0,0,0,1.0,0
0.807,34,0,0.3119,2711.0,5,0,0,0,0.0,0
0.4064,61,0,0.0347,,12,0,2,0,,0
4.7572,41,0,0.5016,,9,0,2,0,1.0,0
0.1549,44,0,0.1807,1259.0,7,0,0,0,1.0,0
0.0332,56,0,0.6026,4589.0,7,0,2,0,1.0,0
0.8101,45,0,0.1815,1336.0,5,0,1,0,0.0,0
0.2152,64,0,0.0824,,5,0,0,0,0.0,0
0.2765,41,0,0.3637,,10,0,0,0,1.0,0
0.1556,43,0,0.4159,7673.0,13,0,3,0,0.0,0
0.3978,43,0,0.5925,5758.0,4,0,0,0,1.0,0
0.2826,44,0,0.2141,11978.0,8,0,2,0,0.0,0
0.7667,67,0,0.4843,3255.0,8,0,2,0,2.0,1
1.1034,61,0,0.3885,5245.0,10,0,3,0,1.0,0
0.0637,76,0,0.8968,,5,0,0,0,1.0,0
0.0665,84,1,0.8316,3663.0,6,0,0,0,1.0,1
0.3379,38,0,0.3652,3065.0,8,0,1,0,0.0,0
3.3999,53,0,0.5745,,7,0,0,0,0.0,0
0.0013,36,0,0.5938,,14,0,3,0,1.0,0
0.5413,41,0,0.8212,5734.0,10,0,2,0,1.0,0
0.1227,43,0,0.9413,3248.0,14,0,1,0,3.0,0
0.5025,37,0,0.3343,3278.0,10,0,2,0,1.0,0
0.2829,37,0,0.4956,31146.0,10,0,3,0,1.0,0
0.2835,50,0,0.4994,3599.0,6,0,1,0,0.0,0
0.3675,35,0,0.614,,9,0,1,0,0.0,0
2.823,64,0,0.2961,,9,0,1,0,0.0,0
0.3322,39,2,0.1339,,5,0,1,0,0.0,0
0.2755,91,0,0.1823,6139.0,11,0,1,0,1.0,0
0.5853,46,0,0.5974,5326.0,11,0,1,0,1.0,0
1.0528,53,0,0.1364,2552.0,14,0,0,0,0.0,0
0.6309,34,0,0.881,8488.0,7,0,1,0,2.0,0
0.1212,76,1,0.2296,4479.0,8,0,1,0,1.0,0
0.6163,68,0,0.2814,,10,0,1,0,1.0,0
0.4923,56,0,0.4513,4756.0,7,0,0,0,1.0,0
0.625,33,0,0.0843,8631.0,6,0,1,0,1.0,0
2.1452,55,0,0.6617,3630.0,11,0,1,0,1.0,0
0.3791,36,0,0.3231,,4,0,1,0,1.0,0
0.4837,72,0,0.0684,1767.0,6,0,0,0,0.0,0
0.1105,63,0,0.506,11648.0,8,0,1,0,0.0,0
1.7147,53,0,0.362,6644.0,15,0,2,0,3.0,0
0.7124,21,0,0.269,7996.0,10,0,1,0,0.0,0
0.145,38,0,1.2375,8883.0,5,0,0,0,0.0,0
0.0869,62,1,0.4837,,8,0,3,0,1.0,0
1.4384,69,0,1.0691,6448.0,10,0,1,0,0.0,0
0.1639,68,0,0.6897,4803.0,13,0,0,0,,1
0.3996,30,0,0.2798,3300.0,10,0,4,0,2.0,0
0.4347,56,0,0.3233,2292.0,15,0,1,0,0.0,0
0.6321,66,0,0.284,20064.0,11,0,1,0,0.0,0
0.7957,29,0,0.634,,7,0,0,0,3.0,1
0.0272,52,0,0.6713,7457.0,9,0,2,0,0.0,0
0.0531,56,0,0.2504,4399.0,13,0,0,0,2.0,0
1.036,48,1,0.2474,2160.0,7,0,2,2,0.0,0
0.2716,26,0,0.3468,,8,0,2,2,1.0,0
3.4998,47,0,0.4045,2466.0,10,0,0,0,1.0,0
5.3471,47,0,0.2704,16527.0,6,0,0,0,0.0,0
0.2238,50,1,0.5644,4222.0,7,0,1,0,,0
3.0977,44,0,1.0573,3132.0,3,0,1,0,0.0,0
0.4191,46,0,0.3927,3540.0,8,0,2,0,0.0,0
0.4206,51,0,0.2256,6331.0,7,0,1,0,0.0,0
0.3639,58,0,0.2978,6982.0,13,0,1,0,0.0,1
0.1993,48,0,0.3192,4815.0,14,0,0,0,1.0,0
0.6374,46,0,0.2629,6604.0,10,0,3,0,0.0,0
0.4603,53,0,0.8272,6944.0,7,0,0,0,0.0,0
2.8519,25,0,0.4088,7938.0,11,0,2,0,,0
0.6586,59,1,0.7432,5188.0,7,0,0,0,0.0,0
0.446,52,0,0.4908,3740.0,10,0,3,4,2.0,0
0.0024,53,0,0.346,12276.0,7,0,1,0,1.0,0
0.3971,65,0,0.4825,,5,0,2,0,0.0,0
0.9703,25,0,0.3532,3899.0,9,0,0,0,1.0,0
0.4796,24,0,0.1151,,8,0,0,0,0.0,0
0.4504,56,0,0.03,,10,0,0,0,3.0,1
5.9764,52,0,0.5704,12471.0,11,0,2,0,2.0,0
0.1834,54,0,0.5289,7239.0,5,0,2,0,0.0,0
0.265,46,0,0.69,5388.0,9,0,2,0,1.0,0
0.6181,61,0,0.146,1726.0,7,0,1,0,2.0,0
0.8938,65,0,0.2793,3752.0,5,0,1,0,1.0,0
0.3093,59,0,0.4521,6352.0,6,0,0,0,0.0,0
0.5679,48,0,0.6369,3999.0,6,0,2,0,1.0,0
0.4869,22,0,0.1041,3327.0,6,0,1,0,0.0,0
1.4004,63,0,0.2524,,10,0,0,0,0.0,0
0.9109,69,0,0.29,4371.0,3,0,0,0,0.0,0
0.3353,61,0,0.3524,4802.0,7,0,3,0,,0
0.1636,40,0,0.4611,3590.0,3,0,2,0,2.0,0
0.4128,61,0,0.1355,,8,0,1,0,0.0,0
0.3692,64,0,0.8192,11257.0,10,0,0,0,3.0,0
0.3965,74,0,0.2505,10089.0,4,0,0,0,3.0,0
3.4163,40,0,0.8352,3806.0,11,0,1,0,0.0,0
0.3925,49,0,0.3969,4291.0,9,0,0,0,1.0,0
1.891,62,2,0.9083,2679.0,6,0,2,0,1.0,0
0.283,53,0,1.1765,,6,0,0,0,1.0,0
4.2437,36,0,0.763,9702.0,7,0,0,0,0.0,0
0.4817,58,1,0.2337,1876.0,8,0,0,0,3.0,0
0.2983,60,0,0.4898,2565.0,6,0,2,0,2.0,0
0.1273,53,0,0.6197,2373.0,3,0,1,0,1.0,0
1.5385,55,0,0.7586,3904.0,9,0,2,0,2.0,1
0.3667,48,0,0.9473,8473.0,13,0,1,0,2.0,0
2.2145,73,0,0.4981,8841.0,7,0,0,0,1.0,0
0.4736,39,0,0.7184,9166.0,6,0,0,0,0.0,0
1.088,44,0,0.7289,8006.0,9,0,0,0,1.0,0
2.0594,52,0,0.6992,4072.0,8,0,1,0,0.0,0
0.1421,64,0,0.1192,7538.0,4,0,0,0,0.0,0
1.1814,31,0,0.7872,,9,0,1,0,0.0,0
0.5017,34,0,0.2582,6316.0,8,0,1,0,2.0,0
0.4726,23,0,0.2802,17894.0,4,0,0,0,1.0,0
0.0515,52,0,0.3238,1940.0,4,0,2,0,1.0,0
0.294,36,0,0.8237,1728.0,12,0,2,0,0.0,0
0.6024,47,0,0.4891,5352.0,7,0,1,0,1.0,0
0.5784,61,0,0.4482,,9,0,2,0,1.0,0
0.444,43,0,0.127,4133.0,7,0,2,0,0.0,0
0.191,55,0,0.6964,3745.0,5,0,3,0,0.0,0
0.401,48,0,0.5582,3101.0,12,0,0,0,0.0,0
0.1835,61,0,0.1571,4723.0,7,0,2,0,1.0,0
0.2718,59,0,0.5067,6916.0,5,0,3,0,1.0,0
0.7772,42,0,0.1173,6781.0,1,0,1,0,,0
0.3005,50,0,0.15,5115.0,7,0,0,0,0.0,0
1.234,67,0,0.5072,,10,0,1,0,0.0,0
0.211,58,0,0.4976,4055.0,7,0,1,0,2.0,0
0.5028,32,0,0.6006,2994.0,11,0,0,0,0.0,0
2.9111,61,0,0.6869,,10,0,0,0,0.0,0
0.5939,37,0,0.3063,3936.0,6,0,2,0,1.0,0
0.4341,72,0,1.1711,24117.0,6,0,1,0,0.0,0
2.7585,66,2,0.4587,4290.0,12,0,1,1,1.0,0
0.6424,56,0,0.0935,,6,0,0,0,0.0,0
3.2616,54,0,0.4625,3493.0,9,0,2,0,1.0,0
0.3993,49,0,0.2183,2041.0,8,0,1,0,2.0,0
0.3062,61,0,0.121,2088.0,6,0,0,0,1.0,0
0.7825,47,0,0.6461,,9,0,0,0,3.0,0
0.0082,55,0,0.4503,,11,0,3,0,0.0,0
0.0751,64,0,0.106,5048.0,10,0,3,0,0.0,0
0.5352,44,0,0.5498,9866.0,6,0,2,0,0.0,0
0.6052,43,0,0.8743,2513.0,3,0,1,0,2.0,1
0.0533,35,0,1.1062,3197.0,10,0,0,0,1.0,0
0.4711,37,0,0.1111,,9,0,2,0,1.0,0
0.2431,26,0,0.4566,4221.0,9,0,1,0,1.0,0
5.3883,62,1,0.1426,7273.0,5,0,1,0,2.0,0
0.3452,77,0,0.235,4585.0,4,0,2,0,0.0,0
0.6,72,0,0.0991,5448.0,8,0,1,0,0.0,0
0.6951,29,0,1.0108,10653.0,13,0,0,0,2.0,0
0.7491,62,0,0.7167,2736.0,12,0,0,0,3.0,0
0.4363,72,0,0.4334,,9,0,1,0,0.0,0
0.1424,46,0,0.569,7134.0,6,0,1,0,1.0,0
0.2518,53,0,0.787,3690.0,10,0,1,0,1.0,0
0.263,24,0,0.9626,5681.0,10,0,0,0,0.0,0
1.1871,56,0,1.3912,5058.0,13,0,1,0,1.0,1
0.064,37,1,0.1146,10450.0,9,1,1,0,0.0,0
0.6246,55,0,0.43,8407.0,11,0,0,0,1.0,0
0.1413,30,0,0.1708,2814.0,6,0,0,0,3.0,0
0.0153,60,1,0.1056,7043.0,8,0,3,0,1.0,0
0.3841,66,0,0.3734,7514.0,11,0,1,0,0.0,0
0.4375,41,0,0.2111,,11,0,2,0,1.0,0
0.8149,36,0,0.5832,,6,0,0,0,0.0,0
0.5212,22,0,0.4657,,7,0,2,0,1.0,1
0.8079,48,0,0.7667,5669.0,7,0,4,0,1.0,0
0.0616,44,3,0.2526,12490.0,3,0,1,0,0.0,0
0.1821,30,0,1.0192,8508.0,10,0,2,0,0.0,0
0.1285,58,0,0.6892,1771.0,5,0,0,0,3.0,0
0.155,46,0,0.7672,17997.0,5,0,2,0,1.0,0
0.2585,37,0,0.5302,,2,0,2,0,0.0,0
1.535,44,0,0.7414,,3,0,1,0,1.0,0
0.6218,67,0,1.0604,7824.0,11,0,1,0,0.0,0
0.0607,60,0,0.1755,,5,0,0,0,0.0,0
0.0849,50,0,0.6639,13062.0,6,0,0,0,0.0,0
0.235,61,0,0.5685,9816.0,8,0,0,0,0.0,0
2.3903,36,0,0.2903,988.0,15,0,1,0,0.0,0
0.4459,52,0,0.6976,4918.0,5,0,2,0,1.0,0
0.5695,54,0,0.7828,,6,0,1,0,2.0,0
0.6688,45,0,0.8513,,7,0,0,0,0.0,0
1.8896,58,0,0.8501,8158.0,9,0,0,0,0.0,0
0.3554,41,0,0.8163,3181.0,7,0,0,0,0.0,0
3.5933,59,0,0.3936,13006.0,10,0,2,0,1.0,0
0.5205,60,0,0.3234,6638.0,10,0,0,0,1.0,0
0.3162,21,0,0.9043,7568.0,7,0,1,0,0.0,0
7.9127,69,0,0.7959,6604.0,3,0,0,0,3.0,0
2.7131,21,0,0.506,,6,0,1,0,0.0,0
0.7136,43,0,0.5158,6229.0,11,0,2,0,0.0,0
0.4302,66,0,0.3086,4157.0,10,0,0,0,0.0,0
0.4169,48,0,0.2314,5065.0,4,0,0,0,2.0,0
0.5011,31,0,1.3922,8154.0,5,0,1,0,0.0,0
0.3394,37,0,0.88,6207.0,3,0,0,0,0.0,0
0.5059,66,0,0.2308,,8,0,1,0,1.0,0
0.4289,25,0,0.1262,6103.0,7,0,1,0,2.0,1
0.4008,68,0,0.3537,6386.0,9,0,0,0,0.0,0
0.5701,51,0,0.2707,8000.0,5,0,0,0,0.0,0
0.2439,35,0,0.4544,8423.0,10,0,0,0,1.0,0
0.2317,44,0,0.8051,9511.0,8,0,1,0,0.0,0
2.9414,38,0,0.1865,5510.0,12,0,0,0,2.0,0
0.8556,64,0,0.4704,4095.0,5,0,0,0,3.0,0
0.4501,62,0,0.2887,6764.0,9,0,2,0,0.0,0
0.4552,28,0,0.711,3491.0,5,0,0,0,3.0,1
0.5167,46,0,0.4413,5460.0,12,0,1,0,3.0,0
0.2393,40,0,0.2643,,10,0,2,0,0.0,0
0.0272,70,0,0.1388,11547.0,13,0,1,0,0.0,0
0.2918,33,0,0.2837,12590.0,7,0,0,0,0.0,0
0.4571,74,0,0.5323,3966.0,10,0,1,0,3.0,1
1.0145,52,0,0.1497,3730.0,7,0,0,0,0.0,0
3.4709,36,0,0.5262,4426.0,11,1,1,0,3.0,0
0.832,43,0,0.2716,,4,0,2,0,,0
0.5197,41,0,0.301,3000.0,11,0,0,0,1.0,0
0.5968,34,0,0.5412,4207.0,6,0,0,0,1.0,0
0.1254,53,0,0.3788,,4,0,1,0,3.0,0
0.1512,35,0,0.4339,4211.0,10,0,2,0,2.0,0
1.2347,21,1,0.5698,3781.0,10,0,2,3,1.0,0
0.1509,47,0,0.3363,3031.0,6,0,3,0,1.0,0
0.1542,27,0,0.5341,2561.0,7,0,1,0,0.0,0
1.9003,41,0,0.4279,5292.0,7,0,0,0,2.0,0
0.5809,39,0,0.7745,2983.0,5,0,0,0,1.0,0
0.1851,40,0,0.4541,2100.0,11,0,3,0,1.0,0
0.074,80,0,0.5682,3898.0,13,0,0,0,0.0,0
0.2142,53,0,0.1365,4033.0,5,0,2,0,0.0,0
0.7455,55,0,0.706,19125.0,4,0,2,0,0.0,0
0.5566,27,0,0.7452,9946.0,14,0,0,0,1.0,0
0.1957,43,0,0.4621,2998.0,13,0,1,0,0.0,0
0.3346,55,0,0.3473,10869.0,6,0,0,0,1.0,0
0.0365,38,0,0.6312,20060.0,9,0,4,0,0.0,0
0.2472,65,0,0.3105,13031.0,7,0,2,0,1.0,0
0.2466,35,2,0.2993,4467.0,8,0,0,0,1.0,0
0.8433,48,0,1.0808,,8,0,2,0,1.0,0
0.4569,44,0,0.3949,10374.0,9,0,1,0,1.0,0
1.9627,54,0,0.219,4285.0,10,0,1,0,1.0,0
0.6219,43,0,0.1769,,7,0,0,0,0.0,0
0.5283,48,0,0.3542,3149.0,10,0,3,0,1.0,0
0.1668,49,0,0.4734,5162.0,5,0,4,0,0.0,0
0.7245,42,0,1.0447,2419.0,9,0,0,0,,0
0.0907,59,0,0.5801,2877.0,8,0,1,0,1.0,0
0.7709,55,0,0.8845,5932.0,4,0,0,0,0.0,0
0.501,51,0,0.4751,,6,0,1,0,0.0,0
0.3569,46,0,0.8056,6340.0,11,0,0,0,1.0,0
0.1752,63,0,0.394,7525.0,6,0,1,0,,0
0.397,49,0,0.1961,1357.0,6,0,0,0,1.0,0
2.9188,48,0,0.5701,10119.0,10,0,1,0,1.0,0
0.2936,53,0,0.6225,7326.0,9,0,0,0,1.0,0
0.0606,76,0,0.141,6233.0,10,0,0,0,0.0,0
5.449,33,0,0.7312,3713.0,7,0,1,0,0.0,0
0.4054,63,0,0.8341,6729.0,8,1,1,0,2.0,0
2.8814,25,0,0.5094,3588.0,6,0,0,0,0.0,1
0.2758,55,0,1.3081,,10,0,1,0,4.0,0
0.08,74,0,0.6632,9499.0,16,0,0,0,1.0,0
0.5477,59,0,0.0359,4513.0,13,0,1,0,0.0,0
1.4613,54,0,0.7224,5774.0,8,0,0,0,0.0,0
0.0995,44,0,0.2979,3548.0,6,0,1,0,1.0,0
1.8865,52,0,0.6173,5871.0,9,0,1,0,2.0,0
1.0125,48,0,0.3164,,8,0,1,0,2.0,0
0.075,41,0,1.1105,5582.0,5,0,1,0,2.0,0
0.0554,48,0,0.135,,10,0,0,0,,0
0.5745,55,0,0.3243,3696.0,7,0,0,0,0.0,0
0.0651,41,0,0.3523,9444.0,5,0,1,0,1.0,0
0.1509,41,0,0.3088,2340.0,11,0,2,0,0.0,0
0.2411,33,0,0.1793,8051.0,4,0,0,0,1.0,1
0.4475,57,0,0.326,,6,0,1,0,0.0,0
0.4494,60,0,0.4855,5618.0,7,0,1,0,2.0,0
0.7863,55,0,0.8299,6611.0,7,0,0,0,2.0,0
0.7406,66,0,0.7097,7205.0,9,0,1,0,2.0,0
0.3244,53,0,0.4009,,4,0,2,0,0.0,0
0.7742,57,0,0.3262,2334.0,15,0,1,0,2.0,0
0.6734,56,0,0.2166,5693.0,8,0,0,0,1.0,0
0.109,51,0,0.182,5226.0,11,0,1,0,0.0,0
0.6313,45,0,0.5439,3619.0,7,0,0,0,0.0,0
8.3346,83,2,0.7817,6068.0,9,0,2,0,0.0,0
1.2185,46,0,0.9026,9509.0,9,0,1,0,1.0,0
0.3259,43,0,0.4726,,6,0,0,0,1.0,0
0.5632,58,0,0.6368,1795.0,6,0,0,0,1.0,0
0.4357,56,0,1.254,,4,0,0,0,1.0,0
0.5434,32,0,0.1679,3762.0,5,0,3,0,0.0,0
0.3923,68,0,0.577,,7,0,0,0,3.0,0
3.1518,51,0,0.6596,11014.0,7,0,1,0,2.0,0
1.5529,36,0,0.4813,11593.0,7,0,0,0,1.0,0
3.1397,69,0,0.0725,24856.0,7,0,1,0,0.0,0
0.0193,61,0,0.8321,,2,0,2,0,1.0,0
0.5424,34,0,0.9183,9282.0,10,0,1,0,0.0,0
1.2887,77,0,0.1328,6767.0,6,0,1,0,0.0,0
1.0194,61,0,0.4625,11890.0,12,0,2,0,2.0,0
0.4112,52,0,0.1758,5852.0,4,0,2,0,,0
2.3643,74,0,0.2968,1715.0,7,0,2,0,0.0,1
0.6309,54,0,0.7154,3961.0,9,0,1,0,1.0,0
2.5293,52,1,0.3902,,9,0,0,0,0.0,0
0.435,43,0,0.6911,,12,0,2,0,1.0,0
0.0955,60,0,0.5949,4399.0,5,0,1,0,1.0,0
0.0651,59,0,0.3354,4822.0,12,0,0,0,0.0,0
0.5458,52,0,0.4429,2784.0,9,0,1,0,0.0,0
1.2337,41,0,0.7399,6433.0,10,0,1,0,1.0,0
0.3554,54,0,0.3818,8624.0,7,0,1,0,0.0,0
0.1033,51,0,0.3878,5697.0,5,0,2,0,0.0,0
2.222,33,1,0.5445,2976.0,6,0,0,1,1.0,0
0.8321,31,0,0.0966,4323.0,12,0,0,0,4.0,0
1.3209,60,0,0.7008,10041.0,9,0,2,0,0.0,0
0.1976,21,0,0.1047,5980.0,9,0,0,0,0.0,0
0.1713,55,0,0.7397,3474.0,5,0,2,0,0.0,0
0.1256,45,0,0.8059,7209.0,6,0,1,0,1.0,0
0.1345,70,0,0.2175,,6,0,3,0,0.0,0
4.3429,45,1,0.553,6020.0,8,0,2,1,0.0,0
0.2348,61,0,0.3042,13914.0,9,0,0,0,1.0,0
1.7251,46,0,0.0695,3994.0,11,0,0,0,0.0,0
0.4342,54,0,0.7023,9529.0,8,0,1,0,2.0,0
0.1927,62,0,0.587,4471.0,10,0,1,0,,0
0.1716,46,0,0.4486,10165.0,12,0,4,0,2.0,0
0.0668,66,0,0.5138,6177.0,5,0,2,0,0.0,0
0.2767,38,0,0.069,4444.0,5,0,3,0,1.0,0
0.5744,56,0,0.1339,5840.0,11,0,2,0,0.0,0
0.2289,65,0,0.4548,,13,0,2,0,0.0,0
0.2242,61,0,0.138,8961.0,9,0,0,0,0.0,0
0.5048,79,0,0.4125,3049.0,3,0,0,0,0.0,0
0.5945,41,2,0.7514,8000.0,14,1,1,0,2.0,0
7.1707,33,0,1.1162,4483.0,5,0,1,0,0.0,0
4.885,38,0,0.5665,5157.0,7,0,0,0,1.0,1
0.5175,61,0,0.6415,8376.0,8,0,0,0,1.0,0
0.2854,59,0,0.4748,10019.0,7,0,0,0,1.0,0
0.2226,53,0,0.5151,4302.0,6,0,2,0,0.0,0
0.5252,36,0,0.8185,2436.0,7,0,0,0,0.0,0
0.0484,63,0,0.2407,,5,0,0,0,0.0,0
0.5364,35,0,0.4934,5641.0,10,0,2,0,1.0,0
0.2865,68,0,0.7452,,3,0,0,0,1.0,0
0.778,92,0,0.7061,5818.0,9,0,1,0,2.0,0
6.1263,57,0,0.6041,5169.0,7,0,0,0,1.0,0
1.0396,60,0,0.5878,,6,0,0,0,1.0,1
0.0396,45,0,0.4651,,9,0,0,0,2.0,0
0.4005,27,0,0.4003,11017.0,11,0,0,0,0.0,0
0.1664,44,0,0.2052,,9,0,0,0,0.0,0
0.9306,37,0,0.3794,4297.0,11,0,1,0,1.0,0
0.1795,32,0,0.4028,,7,0,0,0,1.0,0
0.3767,76,0,0.1943,11437.0,3,0,1,0,0.0,0
0.8566,56,4,0.4344,4565.0,8,0,1,0,1.0,0
0.4628,57,0,0.1807,1886.0,4,0,1,0,1.0,0
0.1414,48,0,0.9084,7684.0,15,0,2,0,1.0,0
0.1325,50,0,0.4772,3565.0,7,0,1,0,,0
0.6768,66,0,0.5026,3539.0,7,0,0,0,0.0,0
0.8609,52,0,0.9534,5757.0,7,0,0,0,1.0,0
0.0537,59,0,0.7487,15057.0,12,0,0,0,,0
0.0757,49,0,0.6152,2991.0,5,0,1,0,1.0,0
0.1097,47,0,0.2564,5655.0,9,0,0,0,0.0,0
0.3949,32,0,0.2405,2497.0,9,0,2,0,0.0,0
1.5112,24,0,0.6838,,9,0,1,0,0.0,0
0.6141,48,0,0.2157,,6,0,1,0,1.0,0
0.3622,53,0,0.5551,4406.0,6,0,1,0,1.0,0
0.3879,34,0,0.2607,5758.0,11,0,0,0,0.0,0
0.4964,52,0,0.4935,10976.0,7,0,2,0,0.0,0
0.2793,53,0,0.2503,4131.0,9,0,0,0,2.0,0
0.414,22,0,0.7081,2480.0,5,0,2,0,1.0,0
3.3419,39,0,0.3822,4552.0,7,0,1,0,0.0,0
0.0678,58,0,0.0963,,6,0,4,0,0.0,0
0.5233,57,0,0.2585,3918.0,6,0,0,0,1.0,0
0.8765,36,0,0.2249,,8,0,1,0,3.0,0
0.1233,54,0,0.3318,5818.0,7,0,2,0,1.0,0
0.3544,66,0,0.6394,,7,0,0,0,0.0,0
0.5858,63,0,0.3495,5015.0,9,0,0,0,0.0,0
0.6157,51,0,0.7074,7278.0,6,0,3,0,2.0,0
0.8671,45,0,0.3218,4748.0,11,0,2,0,1.0,0
0.5077,43,0,0.4277,4955.0,6,0,2,0,0.0,0
2.2972,59,0,0.329,2520.0,6,0,1,0,2.0,0
0.6756,55,0,0.4852,2301.0,6,0,2,0,1.0,0
0.2049,61,0,0.4455,8208.0,7,0,1,0,2.0,0
5.9537,54,1,0.2246,6985.0,10,0,0,0,1.0,0
0.8926,63,0,0.6173,2424.0,6,0,1,0,,0
0.6314,53,0,0.8678,10015.0,9,0,2,0,2.0,0
0.3932,63,0,0.3027,,12,0,1,0,0.0,0
0.5292,64,0,0.4103,8223.0,3,0,0,0,1.0,0
0.6394,41,0,0.1262,4359.0,5,0,0,0,1.0,0
0.1596,27,0,0.4686,,6,0,0,0,1.0,0
0.5343,74,0,0.1481,,12,0,0,0,0.0,0
0.8227,56,0,0.8521,3601.0,8,0,0,0,0.0,0
0.1505,28,0,0.1443,,8,0,0,0,,0
0.1294,42,0,0.5004,,11,0,1,0,0.0,0
0.162,63,0,0.5581,,7,0,1,0,1.0,0
0.6826,48,0,0.768,2046.0,8,0,0,0,0.0,0
6.12,45,1,0.4274,11450.0,8,0,3,0,1.0,0
0.297,72,0,0.7923,10837.0,13,0,0,0,2.0,0
0.4114,37,0,0.4685,,7,0,1,0,3.0,0
3.7004,41,0,0.5278,,7,0,3,0,0.0,0
0.2919,55,0,0.0679,10247.0,5,0,0,0,4.0,0
0.4521,57,0,0.121,,7,0,1,0,0.0,0
0.6229,59,0,0.3639,2456.0,6,0,0,0,0.0,0
0.9195,65,1,0.3631,5806.0,8,0,0,1,,0
6.5479,55,0,0.551,5694.0,6,0,0,0,0.0,0
0.0525,59,0,0.5153,5513.0,7,0,1,0,1.0,0
0.517,48,0,0.4412,4172.0,12,0,1,0,3.0,0
0.6619,53,0,0.5236,2243.0,7,0,1,0,0.0,0
0.4382,54,0,0.2564,9804.0,6,0,0,0,0.0,0
0.8874,55,0,0.196,14742.0,7,0,0,0,,0
0.0732,63,0,0.1577,4914.0,6,0,0,0,0.0,0
0.6283,60,0,0.447,6447.0,15,0,2,0,0.0,0
0.1798,53,0,0.7313,,8,0,0,0,3.0,0
2.7173,41,0,0.5945,8011.0,12,0,0,0,2.0,0
1.4903,53,0,0.184,,15,0,0,0,0.0,0
0.2038,52,0,1.1336,2702.0,10,0,3,0,0.0,0
0.0035,55,0,0.6451,10475.0,10,0,2,0,1.0,0
0.4537,83,0,0.1439,,9,0,0,0,1.0,1
0.3219,45,0,0.3615,,12,0,2,0,1.0,0
0.123,58,0,0.8705,2956.0,11,0,1,0,1.0,0
0.6848,67,4,0.8801,3239.0,7,0,0,0,1.0,0
0.5353,53,0,0.6531,8831.0,13,0,1,0,2.0,0
0.3509,85,0,0.1856,3805.0,9,0,1,0,0.0,0
0.0731,47,0,0.7226,8844.0,7,0,2,0,0.0,0
0.4901,57,0,0.8813,4679.0,9,0,1,0,1.0,0
0.0837,41,0,0.6456,4174.0,7,0,3,0,0.0,0
0.0824,47,0,0.6861,8602.0,5,0,0,0,2.0,0
0.1667,55,0,0.6681,2290.0,9,0,2,0,,0
0.1068,64,0,0.2044,3884.0,8,0,2,0,2.0,0
4.7741,56,0,0.3677,4919.0,6,0,3,0,1.0,0
0.1877,70,0,0.5843,,8,0,0,0,0.0,0
0.2835,51,0,0.5735,,10,0,3,0,1.0,0
0.0062,47,0,0.2703,1779.0,6,0,2,0,1.0,0
0.1329,90,0,0.5844,14904.0,10,0,0,0,0.0,0
0.4459,58,0,0.6849,3364.0,5,0,4,0,0.0,0
3.5482,42,0,0.634,5377.0,9,0,0,0,1.0,0
0.3628,42,0,0.5195,6434.0,10,0,0,0,3.0,0
0.3559,39,0,0.7479,6237.0,10,0,1,0,1.0,0
0.4049,65,0,0.42,6369.0,2,0,1,0,0.0,0
0.7638,47,0,0.4972,13395.0,9,0,1,0,0.0,0
0.7053,54,0,0.0062,,13,0,1,0,0.0,1
0.0347,51,0,0.553,4680.0,11,1,1,2,0.0,0
0.5341,62,0,0.8129,6062.0,12,0,0,0,1.0,0
0.539,40,0,0.2319,5769.0,6,0,2,0,1.0,1
0.0324,37,0,0.1867,5451.0,4,0,0,0,1.0,0
3.9597,55,3,0.5736,,9,0,0,0,3.0,0
0.1889,60,2,0.5961,5360.0,9,0,1,1,,0
4.4401,57,0,0.4625,5450.0,6,0,3,0,1.0,0
0.1654,41,0,1.2878,1454.0,8,0,0,0,0.0,0
0.804,61,0,0.4815,6740.0,9,0,0,0,0.0,0
3.662,42,0,0.2728,,7,0,1,0,2.0,0
0.6586,45,0,0.4971,6615.0,13,0,1,0,2.0,0
0.7759,39,0,0.7259,,8,0,0,0,2.0,0
0.0709,70,0,0.2818,8442.0,7,0,2,0,0.0,0
0.2233,61,0,0.9034,6805.0,9,0,3,0,3.0,0
0.4875,60,0,0.4713,17936.0,4,0,2,0,0.0,0
2.4956,69,0,0.1986,,11,0,1,0,1.0,0
7.8226,91,0,0.4207,12226.0,10,0,0,0,0.0,0
0.0891,28,0,0.7502,18436.0,6,0,1,0,0.0,0
1.7732,42,0,0.1877,3772.0,11,0,1,0,1.0,0
0.1412,43,0,0.4999,3535.0,4,0,1,0,1.0,0
0.1503,40,0,0.3802,4313.0,11,0,0,0,0.0,0
3.3917,37,0,0.1625,5879.0,10,0,0,0,0.0,0
3.3295,48,0,0.6129,3997.0,5,0,1,0,2.0,0
0.3646,35,0,0.6746,4317.0,9,0,1,0,0.0,0
0.3704,57,0,0.3067,,7,0,2,0,0.0,0
0.8518,53,0,0.8271,7388.0,7,0,2,0,3.0,0
2.8759,59,0,0.1656,,9,0,3,0,,1
0.392,59,0,0.6789,14837.0,12,0,1,0,0.0,0
0.2086,60,0,0.4533,7919.0,7,0,2,0,1.0,0
0.2968,47,0,0.5457,5679.0,9,0,0,0,1.0,0
0.0698,82,0,0.2045,6371.0,9,0,0,0,0.0,0
1.1317,55,0,0.2999,1878.0,10,0,1,0,1.0,0
0.8948,26,0,1.3392,7731.0,8,0,1,0,2.0,0
0.288,38,0,0.1212,7465.0,9,0,0,0,0.0,0
0.6705,28,0,0.2258,,8,0,2,0,0.0,0
0.0741,52,0,0.6192,4215.0,8,0,1,0,1.0,0
2.8316,50,3,0.7751,,11,0,1,0,1.0,0
0.4319,45,0,0.3376,6152.0,9,0,1,0,1.0,0
0.4716,80,0,0.6662,12159.0,12,0,1,0,,0
0.3508,60,0,0.9075,4020.0,18,0,2,0,2.0,0
0.3651,62,0,0.3499,4265.0,10,0,2,1,2.0,0
0.2326,39,0,0.6632,,10,0,1,0,0.0,0
0.6329,38,1,0.9051,7882.0,5,0,2,1,1.0,0
0.2438,53,0,0.1237,5134.0,10,0,1,0,2.0,0
0.6345,54,0,1.0214,,8,0,2,0,0.0,1
2.6075,26,0,0.736,,6,0,2,0,0.0,0
1.0689,49,0,0.2443,4315.0,7,0,0,0,0.0,0
0.6542,52,0,0.4969,4083.0,7,0,0,0,0.0,0
4.8305,49,0,0.5677,16569.0,10,0,0,0,0.0,0
0.9406,41,0,0.4588,5960.0,12,0,0,0,2.0,0
0.9195,44,0,0.8771,3461.0,8,0,0,0,1.0,0
0.2767,50,0,1.0791,8644.0,12,0,2,0,3.0,0
0.0838,53,0,0.5538,,8,0,1,0,0.0,0
1.8581,60,0,0.37,,11,0,0,0,0.0,0
0.317,67,0,0.3765,3068.0,17,0,0,0,0.0,0
0.1182,48,0,0.2006,11237.0,6,0,1,0,0.0,0
0.1728,46,0,0.3469,5419.0,15,0,1,0,0.0,0
1.3901,58,0,0.0684,4241.0,8,0,0,0,1.0,0
0.2048,61,0,0.5865,,8,0,1,0,1.0,0
0.71,46,0,0.4335,,8,0,0,0,2.0,0
0.4528,63,0,0.4746,4529.0,7,0,1,0,2.0,0
0.0435,66,0,0.4014,4762.0,8,0,2,0,3.0,0
0.7369,70,0,1.2259,3531.0,3,0,0,0,1.0,1
0.2541,77,0,0.2592,8107.0,8,0,1,0,1.0,0
0.0546,40,0,0.8814,7117.0,13,0,5,0,1.0,0
0.1466,52,0,0.0775,,10,0,2,0,0.0,0
0.0469,52,0,1.1016,5330.0,11,0,3,0,0.0,0
0.4157,51,0,0.4408,,8,0,0,0,0.0,0
0.2302,43,0,0.801,,13,0,1,0,0.0,0
0.2706,31,2,0.3478,,6,0,0,0,0.0,0
0.2042,53,0,0.3158,9641.0,10,0,0,0,0.0,0
1.0394,41,0,0.6495,,6,0,5,0,3.0,0
0.7395,53,0,0.2115,8560.0,9,0,1,0,1.0,0
0.9549,41,0,0.9158,1769.0,12,0,4,0,0.0,0
0.1529,37,0,0.4656,6990.0,14,0,2,0,0.0,0
0.6109,55,0,0.7123,4230.0,17,0,1,0,0.0,0
0.0923,54,0,0.3953,8076.0,5,0,1,0,0.0,0
0.5019,60,0,0.0444,4742.0,5,0,1,0,0.0,1
0.07,83,0,0.5801,,6,0,1,0,0.0,0
0.8727,56,0,0.6122,6496.0,12,0,0,0,2.0,0
0.4492,59,0,0.397,11212.0,6,0,0,0,1.0,0
0.7545,37,0,0.5228,10905.0,6,0,1,0,0.0,0
1.0727,34,0,0.2953,2173.0,7,0,4,0,0.0,0
2.3993,74,0,0.2365,,8,0,1,0,0.0,0
0.2565,39,0,0.1232,5024.0,7,1,1,0,1.0,0
0.4022,37,0,1.1748,6288.0,9,0,1,0,0.0,0
1.8526,51,0,0.136,9945.0,4,0,1,0,2.0,0
0.5666,51,0,1.1603,7254.0,13,0,1,0,1.0,0
0.131,39,0,0.3658,7166.0,7,0,1,2,2.0,0
0.7997,48,0,0.3448,,9,0,2,0,0.0,0
0.2041,69,0,0.4261,1779.0,5,0,0,0,0.0,0
0.3439,41,0,0.2698,3690.0,10,0,2,0,0.0,0
0.2644,32,0,0.4185,,11,0,1,0,2.0,0
0.176,65,0,0.416,5962.0,7,0,0,0,0.0,0
0.7622,59,0,0.7379,12716.0,5,0,0,0,0.0,0
0.3265,43,0,0.4512,,5,0,1,0,0.0,0
0.0668,30,0,0.3956,8915.0,12,0,4,0,0.0,0
0.4207,42,0,0.4928,3117.0,6,0,0,0,1.0,0
0.0821,51,0,0.9727,2912.0,7,0,0,0,1.0,0
1.3004,68,0,0.4264,3103.0,9,0,2,0,2.0,0
0.6011,37,0,0.3286,,9,0,1,0,0.0,1
3.8852,51,0,0.0534,,8,0,0,0,0.0,0
0.4443,61,0,0.9579,2969.0,7,0,1,0,1.0,0
0.4516,21,0,0.4102,3210.0,10,0,0,0,0.0,1
2.5232,66,0,0.1173,,12,0,3,0,1.0,1
0.698,35,0,0.983,11768.0,7,0,0,0,1.0,0
1.0098,57,1,0.5576,7169.0,8,0,2,2,0.0,0
0.5791,55,0,0.2662,2617.0,13,0,0,0,1.0,0
0.8169,67,0,0.6583,4617.0,8,0,2,0,1.0,0
0.2698,60,0,0.821,,4,0,0,0,0.0,0
0.0249,21,0,0.0806,3385.0,2,0,0,0,0.0,0
0.9612,41,0,0.3653,4930.0,6,0,0,0,1.0,0
0.5315,54,0,0.2457,6969.0,8,0,4,0,0.0,0
1.0286,49,0,0.1613,6084.0,5,0,1,0,1.0,0
0.3024,59,0,0.0231,3502.0,17,0,0,0,,0
0.878,63,0,0.4223,5523.0,10,0,1,0,2.0,0
2.4559,61,0,0.7691,,8,0,0,0,3.0,0
0.4612,49,0,0.0994,17531.0,11,0,1,0,0.0,0
0.2607,26,0,0.0568,8038.0,11,0,1,0,2.0,0
0.1978,46,0,0.6706,,10,0,0,0,3.0,0
0.2853,58,0,0.4395,4268.0,7,0,2,0,0.0,0
4.1098,37,0,0.5248,11444.0,9,0,1,0,1.0,0
0.3755,61,0,0.3718,4986.0,10,0,1,0,1.0,0
0.3813,65,0,0.6957,5090.0,6,0,2,0,0.0,0
3.8109,54,0,0.4396,6506.0,9,0,2,0,2.0,0
0.3188,21,0,0.2203,,11,0,0,0,1.0,0
0.3381,34,0,0.6282,3511.0,4,0,0,0,2.0,0
0.3706,78,0,0.187,8887.0,7,0,0,0,0.0,0
3.1051,44,0,0.2219,1492.0,5,0,0,0,0.0,0
0.0767,24,0,0.4991,8615.0,9,0,1,0,1.0,0
0.293,69,0,0.2373,,11,0,0,0,0.0,0
0.1919,52,0,0.2903,2510.0,7,0,3,0,1.0,0
0.0622,67,0,0.1065,5555.0,4,0,1,0,0.0,0
6.0677,56,0,0.4351,2493.0,10,0,0,0,1.0,1
0.0976,58,0,0.0761,10694.0,4,0,4,0,0.0,0
0.3684,57,0,0.2011,13597.0,5,0,1,0,0.0,0
2.7081,62,0,0.2489,4312.0,8,0,1,0,1.0,0
1.6341,84,0,0.2241,5607.0,7,0,1,0,0.0,0
0.4111,66,0,0.4861,10758.0,14,0,1,0,2.0,0
0.3808,30,0,0.7113,4580.0,6,0,3,0,0.0,0
0.4134,58,0,0.2736,12832.0,8,0,1,0,0.0,0
0.1538,68,0,0.4656,3450.0,6,0,0,0,1.0,0
3.1613,69,0,0.9483,3108.0,6,0,0,0,0.0,1
0.252,46,0,0.3928,20376.0,10,0,1,0,1.0,0
3.6452,68,0,0.5143,8096.0,6,0,3,0,1.0,0
0.3078,65,0,0.8551,4699.0,6,0,0,0,1.0,0
0.533,88,0,0.3665,,7,0,3,0,1.0,0
0.2164,41,0,0.0234,7065.0,6,0,0,0,0.0,0
1.9926,45,0,0.4816,14624.0,9,0,2,0,0.0,0
0.0355,48,0,0.3024,2995.0,11,0,2,0,1.0,0
0.7545,45,0,0.3364,10670.0,8,0,2,0,0.0,0
0.0454,40,0,0.3348,4700.0,6,0,2,0,3.0,0
0.6724,21,0,0.5724,4678.0,6,0,2,0,2.0,1
0.2793,46,0,0.4067,3534.0,8,0,0,0,0.0,0
0.6315,57,0,0.4168,2131.0,9,0,3,0,0.0,0
0.7932,45,0,0.5634,7310.0,11,0,1,0,1.0,0
1.05,79,0,0.2183,7051.0,4,0,1,0,1.0,0
2.3748,52,0,0.705,21736.0,14,0,0,0,0.0,0
0.6146,70,0,0.0511,,8,0,2,0,0.0,0
0.0411,56,0,0.5656,6026.0,9,0,1,0,1.0,0
0.3233,64,0,0.827,5688.0,9,0,0,0,2.0,0
0.3831,56,0,1.0283,2925.0,8,0,0,0,0.0,0
0.3976,71,0,0.451,17729.0,5,0,1,0,0.0,0
0.9439,53,0,0.6148,7565.0,3,0,0,0,0.0,0
0.8326,59,0,0.1874,,10,0,1,0,1.0,0
0.4152,57,0,0.642,9113.0,8,0,1,0,1.0,0
0.2942,48,0,0.3504,,5,0,1,0,1.0,0
0.7714,58,0,0.7195,3987.0,3,0,1,0,0.0,0
1.4171,83,0,0.3445,7631.0,10,0,0,0,0.0,0
0.4533,48,0,0.448,11795.0,5,0,0,0,1.0,0
0.2365,58,0,0.3568,,8,0,2,0,0.0,0
0.3759,70,0,0.2362,5990.0,5,0,0,0,0.0,0
1.2008,68,0,1.0582,6834.0,9,0,2,0,0.0,0
0.7212,52,0,0.5953,,14,0,0,0,2.0,0
0.4092,21,0,0.5311,3768.0,8,0,3,0,1.0,0
0.5798,59,0,0.36,12874.0,8,0,1,0,0.0,0
0.2693,21,0,0.7869,,5,0,0,0,0.0,0
0.5484,73,0,0.4713,,8,0,1,0,0.0,0
2.7508,54,0,0.2677,,6,0,3,0,2.0,0
0.7517,66,0,0.8831,4870.0,12,0,1,0,0.0,0
0.4765,39,0,0.0988,4994.0,8,0,0,0,2.0,0
0.0933,30,0,0.7928,9337.0,10,0,2,0,0.0,0
0.876,56,0,0.6209,1088.0,12,0,2,0,0.0,0
0.2387,52,0,1.0947,7263.0,5,0,3,0,1.0,0
0.9551,45,0,0.164,4566.0,9,0,0,0,0.0,0
0.2488,53,5,1.1365,4382.0,8,0,1,0,0.0,0
1.7455,91,0,0.5054,2397.0,5,0,0,0,0.0,0
0.1017,64,0,0.1186,8810.0,6,0,1,0,1.0,0
0.2168,67,0,0.2122,16460.0,11,0,1,0,0.0,0
0.5764,64,0,0.8053,2014.0,8,0,0,0,1.0,1
0.1453,73,0,0.3421,,13,0,0,0,1.0,0
0.5774,49,0,0.5021,2210.0,12,0,0,0,1.0,0
0.0041,23,0,0.2906,3101.0,3,0,2,0,0.0,1
0.4853,49,0,0.4339,,4,0,0,0,1.0,0
0.8601,63,0,0.3747,4437.0,9,0,0,0,1.0,0
2.6078,38,0,0.6587,4672.0,3,0,2,0,0.0,1
0.5216,50,0,0.4733,6418.0,5,0,0,0,1.0,0
0.6912,42,0,0.4089,3857.0,10,0,0,0,2.0,0
1.7891,73,0,0.4662,,10,0,2,0,0.0,0
0.8425,62,0,0.8509,4376.0,9,0,2,0,1.0,0
0.2674,61,0,0.6754,7913.0,4,0,2,0,0.0,0
1.5512,61,0,0.9701,6089.0,11,0,0,0,0.0,0
0.1115,51,0,1.286,3045.0,7,0,1,0,0.0,0
0.5106,55,0,0.6404,4222.0,8,0,0,0,0.0,0
0.2257,35,0,0.2179,3835.0,8,0,3,0,1.0,0
0.0716,21,0,0.286,2806.0,10,0,0,0,0.0,0
0.4253,54,0,0.3455,5975.0,4,0,1,0,0.0,0
0.1262,57,0,0.075,2229.0,6,0,2,0,0.0,0
0.4954,69,0,0.5512,3635.0,9,0,1,0,1.0,1
0.4403,74,0,0.5959,2970.0,9,0,1,0,1.0,1
0.216,74,0,0.3966,12468.0,13,0,1,0,0.0,0
0.1552,38,0,0.3184,4763.0,5,0,0,0,3.0,0
0.3466,47,0,0.1855,6338.0,10,0,0,0,2.0,0
0.7296,59,0,0.4353,4421.0,8,0,0,0,0.0,0
0.0113,87,0,0.3031,5264.0,7,0,1,0,,0
0.924,73,0,0.4405,7854.0,10,1,2,0,0.0,0
2.7366,68,0,0.2627,5175.0,7,0,2,0,0.0,0
0.2675,47,0,0.3127,6309.0,6,0,0,0,1.0,0
0.467,40,0,0.3023,,6,0,2,0,0.0,0
0.169,63,0,1.1747,5148.0,10,0,1,0,0.0,0
0.8502,37,0,0.36,5615.0,9,0,1,0,1.0,0
4.2302,49,0,0.4964,2343.0,9,0,0,0,0.0,0
0.3113,50,0,0.8755,,6,0,0,0,0.0,0
0.3418,74,0,0.7088,3500.0,4,0,2,0,1.0,0
0.3103,47,0,0.4612,9955.0,10,0,1,0,0.0,0
0.2844,21,0,0.0408,,5,0,1,0,0.0,0
1.3672,59,0,0.4231,4063.0,10,0,1,0,0.0,0
0.4521,42,0,0.0962,10658.0,10,0,0,0,1.0,0
0.1066,53,0,0.2472,9990.0,6,0,0,0,0.0,0
0.2362,51,0,0.3422,10881.0,6,0,0,0,0.0,0
1.3537,48,0,0.1217,,14,0,3,0,1.0,0
0.7736,63,0,0.3969,6912.0,11,0,0,0,1.0,0
0.1505,31,0,0.105,4728.0,6,0,0,0,0.0,0
0.3652,45,0,0.8409,7887.0,7,0,0,0,0.0,0
0.2206,62,0,0.5336,9160.0,4,0,0,0,2.0,0
0.3898,43,0,0.204,4238.0,9,0,0,0,0.0,0
3.2153,29,0,0.2301,2713.0,6,0,0,0,0.0,0
0.1809,61,0,0.1598,1555.0,11,0,1,0,0.0,0
0.7629,68,0,0.1978,9808.0,5,0,2,0,0.0,0
0.9424,51,0,0.2068,4324.0,10,0,0,0,0.0,0
0.0263,25,0,0.1626,6818.0,9,0,0,0,0.0,0
0.4574,62,0,0.7732,,5,0,1,0,0.0,0
0.2488,29,0,0.6372,3454.0,18,0,0,0,0.0,0
0.2344,56,0,0.0644,15334.0,7,0,3,0,0.0,0
0.5941,40,0,1.063,4903.0,7,0,2,0,2.0,0
0.429,36,0,0.4648,7757.0,12,0,1,0,0.0,0
3.2355,46,0,0.1518,8934.0,4,0,0,0,0.0,0
1.132,49,0,0.659,14420.0,10,0,0,0,1.0,0
0.2866,43,0,0.9015,2763.0,13,0,2,0,1.0,0
0.2519,60,0,0.1865,,6,0,1,0,1.0,0
0.3547,46,0,0.1933,4999.0,14,0,4,0,1.0,0
4.7266,66,0,0.6695,5015.0,9,0,0,0,2.0,0
0.12,56,0,0.3183,3550.0,10,0,0,0,1.0,0
0.7606,42,0,0.6201,4523.0,10,0,3,0,0.0,0
0.051,40,0,0.3598,14571.0,6,0,1,0,1.0,0
0.2729,29,0,0.8721,7735.0,7,0,1,0,1.0,0
1.6107,56,0,0.3521,3953.0,10,0,0,0,1.0,0
1.1386,47,0,0.6317,,7,0,1,0,1.0,1
0.0009,21,0,0.8862,2762.0,9,0,1,0,0.0,0
0.8275,44,0,0.0332,2296.0,11,0,1,0,0.0,1
0.062,39,0,0.5932,2388.0,11,0,1,0,0.0,0
2.5114,74,0,0.6261,3990.0,6,0,0,0,2.0,0
0.082,28,2,0.0526,3634.0,7,0,1,0,1.0,1
0.3683,32,0,0.8035,21529.0,4,0,0,0,0.0,0
0.5079,68,0,0.4405,,10,0,0,0,0.0,0
0.6063,71,0,0.5484,,6,0,1,0,1.0,0
0.5879,42,0,0.2365,3876.0,6,0,0,0,1.0,0
0.2803,43,0,0.9469,,4,0,2,0,1.0,0
0.1547,61,0,0.4674,,8,0,2,0,1.0,0
1.2139,21,0,0.2916,9652.0,10,0,1,0,0.0,0
0.829,26,0,0.4213,,8,0,1,0,,0
0.113,48,0,0.8434,4483.0,12,0,3,0,0.0,0
1.4561,74,1,0.4096,3332.0,7,0,0,1,0.0,0
1.8202,46,0,0.3579,3080.0,8,0,0,0,0.0,0
0.4138,53,0,0.5237,9260.0,7,0,3,0,1.0,0
0.087,68,0,0.4509,,3,0,1,0,0.0,0
0.3707,81,2,0.3858,3667.0,9,0,0,0,0.0,0
0.6475,44,0,0.1933,2410.0,9,0,0,0,1.0,0
0.2983,52,0,0.5895,,11,0,2,0,0.0,0
2.6304,78,0,0.2703,5942.0,9,0,0,0,0.0,0
0.3134,31,0,0.9056,,7,0,0,0,1.0,0
1.9736,66,0,0.4591,,10,0,0,0,0.0,0
0.4606,38,0,0.4935,6824.0,7,0,0,0,1.0,0
0.0777,53,0,0.2984,2820.0,5,0,1,0,1.0,0
0.4353,49,0,0.0938,5442.0,15,0,1,0,1.0,0
6.0621,39,0,0.6846,6625.0,10,0,1,0,,0
0.0201,38,0,0.5529,4087.0,9,0,2,0,1.0,0
2.1131,56,0,0.6083,,9,0,0,0,0.0,0
0.4285,66,0,0.9675,4719.0,8,0,3,0,0.0,0
1.3255,50,0,0.1338,13256.0,6,0,0,0,1.0,0
0.5653,53,0,0.263,,5,0,4,0,1.0,0
0.551,60,0,1.1992,2590.0,7,0,0,0,0.0,1
0.1655,38,0,0.1735,4303.0,7,0,2,0,0.0,0
4.5511,62,0,0.3214,3491.0,5,0,0,0,1.0,0
0.0443,63,0,0.7153,,5,0,1,0,1.0,0
0.0219,88,0,0.1872,5029.0,12,0,1,0,0.0,0
0.4913,47,0,0.1079,5857.0,10,0,0,0,1.0,0
0.0917,46,0,0.1027,23080.0,10,0,2,0,1.0,0
0.2368,63,0,0.7831,2814.0,4,0,1,0,0.0,0
0.0102,63,0,0.2828,5043.0,8,0,0,0,1.0,0
1.9847,45,3,0.4462,11440.0,9,0,1,0,0.0,0
0.2589,46,0,0.3863,3647.0,11,0,3,0,1.0,0
0.3893,60,0,0.4174,6112.0,8,0,0,0,2.0,0
0.4492,40,0,0.2525,8664.0,9,0,0,0,1.0,0
0.2961,46,0,0.1595,6550.0,9,0,0,0,0.0,0
1.5561,53,0,0.3962,,7,0,0,0,0.0,0
0.8314,66,2,0.1821,,5,0,3,1,0.0,0
0.4601,44,0,0.6707,3479.0,5,0,0,0,1.0,0
0.5875,26,0,0.207,,3,0,3,0,0.0,0
0.5831,25,2,0.4734,3507.0,7,0,1,0,1.0,0
0.9151,34,0,0.5945,,13,0,0,0,2.0,0
0.0131,34,0,0.4015,,18,0,0,0,0.0,0
6.5927,50,2,0.5117,6175.0,5,0,0,2,,0
0.1079,35,0,0.7864,5749.0,13,0,0,0,0.0,0
4.2199,42,0,0.1195,13055.0,5,0,2,0,0.0,0
0.0573,41,0,0.2967,7082.0,7,0,0,0,0.0,0
0.0504,46,0,0.3543,5403.0,10,0,1,0,0.0,0
0.1062,71,0,0.8669,,6,0,1,0,1.0,0
0.0202,61,0,0.2713,,9,0,1,0,0.0,0
0.0397,52,0,0.4862,7630.0,7,0,0,0,0.0,0
0.308,46,0,0.6469,4718.0,7,0,2,0,,0
1.0167,46,0,0.5958,5135.0,7,0,1,0,0.0,1
0.0146,57,1,0.6584,2685.0,7,0,3,1,1.0,0
0.6652,60,0,1.0647,,11,0,1,0,0.0,0
0.6598,39,0,0.4178,1829.0,7,0,3,0,0.0,0
0.3368,53,0,0.5678,,9,0,0,0,0.0,0
0.0329,24,0,0.1222,4543.0,4,0,1,0,0.0,0
0.6771,55,0,0.306,,5,0,0,0,1.0,0
1.2394,63,0,0.6998,5764.0,4,0,0,0,1.0,0
0.6025,48,0,1.0679,,11,0,2,0,2.0,0
0.6149,77,0,1.1203,,7,0,1,0,1.0,1
4.4794,40,0,0.7452,,6,0,2,0,2.0,0
0.5237,55,0,0.4297,857.0,3,0,1,0,1.0,0
2.8134,51,0,0.4874,9672.0,8,0,0,0,1.0,0
0.0833,51,0,0.911,,11,0,0,0,0.0,0
0.2733,50,0,0.4921,1994.0,8,0,0,0,2.0,0
0.1757,53,0,0.4249,2282.0,8,0,3,0,0.0,0
1.1731,64,0,0.5309,5486.0,10,0,1,0,0.0,0
0.4577,71,0,0.1153,5003.0,6,0,1,0,3.0,0
0.1447,52,0,0.1281,8303.0,9,0,1,0,0.0,0
0.5056,63,0,0.8966,867.0,8,0,1,0,2.0,1
1.7704,42,0,0.5656,5683.0,6,0,1,0,0.0,0
0.7054,63,0,0.8476,2947.0,6,0,0,0,0.0,0
0.1257,41,0,0.3836,10088.0,7,0,1,0,1.0,0
1.4096,67,0,0.6179,3251.0,9,0,1,0,3.0,0
0.6417,83,0,0.8306,,6,0,0,0,1.0,0
5.6851,50,0,0.5404,5758.0,7,0,1,0,1.0,0
0.8022,21,1,0.5104,5062.0,8,1,2,2,1.0,0
0.3191,44,0,0.1531,5558.0,7,0,0,0,0.0,0
0.9025,69,0,0.9715,5398.0,10,0,1,0,2.0,1
1.0661,60,0,0.1002,7805.0,12,0,0,0,0.0,0
5.9068,55,0,0.33,,8,0,1,0,0.0,0
0.4712,66,0,0.3572,11801.0,12,0,0,0,1.0,0
0.5698,59,0,0.2478,6766.0,6,0,4,0,2.0,0
0.0825,69,0,0.2424,4936.0,7,0,2,0,1.0,0
0.5924,65,0,0.3714,3670.0,8,0,0,0,1.0,0
0.5189,73,0,0.1211,4847.0,12,0,0,0,1.0,1
0.1904,57,0,1.2863,8756.0,7,0,2,0,1.0,0
0.3555,65,0,0.3573,,2,0,1,0,1.0,0
0.2311,48,0,0.3561,4685.0,4,0,1,0,1.0,0
0.9707,44,0,0.3243,3998.0,4,0,0,0,1.0,0
0.4433,76,0,0.3259,4355.0,9,0,0,0,0.0,0
1.1487,55,0,0.7265,,8,0,1,0,0.0,0
0.1276,63,0,0.2295,2740.0,8,0,1,0,0.0,0
0.633,54,0,0.3999,2658.0,7,0,0,0,1.0,0
0.4117,44,0,0.469,,7,0,2,0,1.0,0
2.2449,52,0,0.7928,5003.0,8,0,1,0,2.0,0
0.5366,72,0,0.1953,4750.0,8,0,0,0,0.0,0
0.3385,60,0,0.0847,4896.0,5,0,1,0,1.0,0
0.7669,28,0,0.7324,3448.0,5,0,3,0,0.0,0
0.2195,49,0,0.3665,3256.0,7,0,3,0,0.0,0
1.3742,77,0,0.2287,10899.0,6,0,0,0,0.0,0
0.1888,49,0,0.7496,3072.0,6,0,1,0,0.0,0
0.2923,27,0,0.7509,,9,0,1,0,0.0,0
0.3801,79,0,0.4366,,5,0,0,0,1.0,0
0.3887,62,0,0.3451,4013.0,7,0,0,0,2.0,0
0.3966,51,0,0.0655,4535.0,9,0,0,0,0.0,0
1.6488,47,0,0.7352,4460.0,9,0,0,2,1.0,0
2.5631,67,0,0.2124,2800.0,3,0,1,0,3.0,0
0.5896,44,0,0.1451,2527.0,3,0,2,0,1.0,0
0.5542,68,0,0.6692,3244.0,9,0,2,0,0.0,0
0.5196,60,0,1.0254,,8,0,2,0,1.0,0
2.3844,55,0,0.5787,4235.0,12,0,1,0,0.0,0
0.4677,54,1,0.3688,,12,1,2,1,0.0,0
0.5129,50,0,0.8881,4695.0,7,0,0,0,1.0,0
0.9168,67,0,0.599,4678.0,5,0,1,0,1.0,0
2.0471,40,0,0.5631,,7,0,0,0,2.0,0
0.1577,29,0,0.5341,2706.0,5,0,1,0,1.0,0
0.074,61,0,0.7668,3149.0,6,0,1,0,2.0,0
1.9686,61,0,0.4196,12981.0,11,0,1,0,1.0,0
0.4719,59,0,0.6685,5727.0,7,0,2,0,2.0,0
0.0893,58,0,0.2895,,8,0,0,0,2.0,0
0.0262,48,0,1.0062,2637.0,8,0,1,0,1.0,0
1.0052,63,0,0.0584,,5,0,1,0,1.0,0
0.5377,51,0,0.404,5580.0,13,0,0,0,,0
2.5805,45,0,0.157,2457.0,4,0,2,0,0.0,0
0.3673,48,1,0.2951,12953.0,8,2,0,1,0.0,1
0.6461,80,0,0.4616,,9,0,3,0,1.0,1
0.637,28,3,0.1678,15616.0,14,1,2,0,0.0,0
0.5107,59,0,0.4695,11661.0,13,0,0,0,2.0,0
0.3376,28,0,0.306,3369.0,8,0,0,0,0.0,0
0.4875,50,0,0.4462,9983.0,8,0,2,0,0.0,0
2.423,46,0,0.4146,5270.0,6,0,0,0,,0
5.6552,23,0,0.6727,4499.0,6,0,1,0,0.0,1
0.5176,57,0,0.5756,2776.0,8,0,1,0,3.0,0
0.1618,47,0,0.3976,2964.0,7,0,2,0,1.0,0
0.3093,23,0,0.6766,8351.0,8,0,0,0,0.0,0
0.6027,64,0,0.3634,,8,0,1,0,,0
0.0343,72,0,0.4981,2401.0,7,0,0,0,0.0,0
0.5518,73,0,0.5198,7959.0,9,0,1,0,3.0,0
0.3657,57,0,0.8028,4422.0,7,0,2,0,0.0,0
0.239,53,2,0.2856,,6,0,2,0,1.0,0
0.4387,71,0,0.1726,,13,0,0,0,1.0,0
0.1186,76,0,0.0189,10591.0,8,0,0,0,1.0,0
0.6791,68,0,0.645,13494.0,7,0,0,0,1.0,0
0.2371,39,0,0.4105,8863.0,12,0,1,0,1.0,0
0.2111,55,0,0.2966,1808.0,10,0,2,0,1.0,0
0.136,58,0,0.7036,6884.0,7,0,3,0,1.0,0
0.3641,27,0,0.5786,19950.0,9,0,0,0,0.0,0
0.4091,59,0,0.7204,3703.0,8,0,1,0,1.0,0
0.5237,84,0,0.9041,,9,0,2,0,3.0,0
0.0221,61,0,1.0929,7839.0,7,0,1,0,1.0,0
0.5677,73,0,0.1485,8171.0,8,0,1,0,2.0,0
0.9507,55,0,0.8342,3088.0,4,0,0,0,1.0,0
0.7131,51,0,0.4077,,6,0,0,0,1.0,0
0.2516,57,0,0.5811,4842.0,17,0,0,0,0.0,0
0.6471,41,0,0.5479,4330.0,9,0,2,0,0.0,0
3.9875,39,0,0.8915,,6,0,1,0,1.0,0
0.3237,70,0,0.7877,13961.0,10,0,2,0,0.0,0
1.3974,71,0,0.0676,8941.0,6,0,0,0,0.0,1
4.3557,38,0,0.5506,,10,0,0,0,3.0,0
0.1156,66,0,0.4084,5383.0,13,0,2,0,1.0,0
0.3896,51,0,0.6063,4545.0,10,0,1,0,1.0,0
0.4944,57,0,0.6255,3048.0,7,0,0,0,1.0,0
0.4641,58,0,0.3376,,11,0,1,0,0.0,0
1.5678,66,0,0.5974,7034.0,10,0,1,0,1.0,0
0.428,53,0,0.2217,5685.0,12,0,1,0,0.0,0
0.2387,72,0,0.7444,6737.0,13,0,1,0,0.0,0
0.4115,56,0,0.3096,3331.0,12,0,1,0,1.0,0
0.976,61,0,0.2508,4197.0,4,0,0,0,2.0,0
0.4545,40,0,0.8029,8664.0,8,0,3,0,1.0,0
0.3631,82,0,0.4179,35142.0,11,0,0,0,4.0,0
0.7792,59,0,0.8511,4690.0,7,0,1,0,0.0,1
0.6328,62,1,0.235,,5,0,1,0,2.0,0
0.2191,29,0,0.4038,6896.0,9,0,0,0,2.0,0
0.0998,40,0,0.4398,13294.0,14,0,2,0,0.0,0
0.221,69,0,0.1983,6467.0,8,0,0,0,0.0,0
0.5839,56,0,0.4826,5159.0,12,0,0,0,0.0,0
3.7673,25,0,0.246,3986.0,11,0,0,0,0.0,0
0.2543,67,0,0.6498,7130.0,12,0,0,0,0.0,0
0.6023,44,0,0.7632,7149.0,6,0,0,0,1.0,0
0.7484,72,1,0.2335,3116.0,9,0,1,0,1.0,0
0.4246,51,0,0.5094,,5,0,0,0,3.0,0
0.2392,55,0,0.7343,11962.0,9,0,1,0,0.0,0
0.1294,69,0,0.2026,19053.0,14,0,0,0,1.0,0
1.314,39,2,0.0964,6071.0,5,0,1,0,2.0,0
0.3353,38,0,0.4835,6824.0,8,0,0,0,0.0,0
1.1132,49,0,0.1302,36942.0,10,0,2,0,0.0,0
0.318,64,0,0.8449,10334.0,8,0,0,0,1.0,0
0.9754,33,0,0.6973,3249.0,9,0,1,0,,0
0.384,29,0,0.1875,4694.0,5,0,0,0,2.0,0
0.0642,64,1,0.6578,2499.0,8,0,1,0,3.0,0
0.5015,44,0,0.7378,5292.0,5,0,2,0,0.0,0
2.0579,47,3,0.7461,4378.0,6,0,2,0,2.0,0
0.0929,26,0,0.1493,2536.0,8,0,1,0,1.0,0
0.0017,42,0,0.6138,1811.0,8,0,1,0,0.0,0
0.3359,52,0,0.5839,,10,0,1,0,0.0,0
0.7978,65,0,0.0161,14314.0,12,0,1,0,2.0,0
0.1248,41,0,1.113,,10,0,2,0,1.0,1
0.6792,75,0,0.183,7078.0,8,0,0,0,0.0,0
0.2469,42,0,0.3935,3604.0,12,0,0,0,0.0,0
0.8195,42,0,0.1365,6193.0,3,0,1,0,1.0,0
1.0036,74,0,0.6426,,4,0,1,0,1.0,1
0.6341,55,0,0.306,8286.0,8,0,1,0,0.0,0
0.1001,44,0,0.9136,4365.0,10,0,0,0,0.0,0
0.0945,50,0,1.2239,4143.0,11,0,0,0,0.0,0
1.3128,71,0,0.5757,6336.0,9,0,2,0,0.0,0
0.0099,73,0,0.6187,4297.0,9,0,0,0,1.0,0
0.2858,41,0,0.5042,6810.0,6,0,0,0,0.0,0
0.7468,51,0,0.9607,,7,0,0,0,2.0,0
5.8856,53,0,0.3684,5233.0,6,0,1,0,0.0,0
0.1576,38,0,0.3928,8060.0,10,0,0,0,1.0,0
0.0373,51,0,0.2529,6121.0,12,0,2,0,0.0,0
0.2406,52,0,0.6246,5500.0,6,0,0,0,0.0,0
0.1199,68,0,0.7715,18120.0,4,0,1,0,0.0,0
0.0848,69,0,0.227,,5,0,1,0,1.0,0
0.3996,47,0,0.7442,6109.0,4,0,0,1,0.0,0
0.1293,49,0,1.7118,5218.0,10,0,2,0,0.0,0
3.7801,61,0,0.5721,1728.0,8,0,0,0,1.0,1
0.5276,44,0,0.832,,12,0,0,0,0.0,1
0.7906,60,0,0.1693,,10,0,3,0,0.0,0
1.1505,51,0,0.3714,8927.0,9,0,1,0,1.0,0
0.6014,38,0,1.0186,7381.0,5,0,0,0,0.0,0
0.7336,39,0,0.6697,3396.0,8,0,1,0,1.0,1
1.3809,72,0,0.9631,5064.0,9,0,1,0,1.0,1
0.2058,50,0,0.3196,,4,0,0,0,1.0,0
0.3817,75,0,0.7322,7050.0,5,0,1,0,1.0,0
0.3219,45,0,0.9008,3767.0,8,0,0,0,1.0,0
0.2119,56,0,0.4458,2224.0,5,0,2,0,0.0,0
0.2328,85,0,0.2515,3473.0,5,0,0,0,0.0,0
0.081,37,0,0.4684,7022.0,6,0,2,0,3.0,0
3.6268,25,0,0.1357,,6,0,1,0,0.0,0
0.0518,70,0,0.5503,,11,0,0,0,1.0,0
0.277,40,0,0.0606,3594.0,7,0,1,0,0.0,0
0.2793,52,0,0.3049,,11,0,1,0,0.0,0
0.6182,44,0,0.091,7459.0,8,0,3,0,0.0,0
0.5747,56,0,0.0603,4910.0,6,0,0,0,1.0,0
0.3105,39,0,1.015,4865.0,2,0,0,0,1.0,0
0.2254,49,0,0.6006,2915.0,8,0,1,0,2.0,0
0.0239,58,0,0.0861,5204.0,7,0,3,0,0.0,0
0.7405,38,0,0.372,,6,0,2,0,0.0,0
0.6379,42,0,0.5047,8187.0,14,0,1,0,1.0,0
0.0423,47,1,0.5661,16440.0,8,0,0,0,0.0,0
0.6232,32,0,0.0622,,7,0,1,0,1.0,0
0.041,46,0,1.174,3988.0,10,0,0,0,0.0,0
0.5354,54,0,0.5749,14732.0,4,0,0,0,0.0,0
2.2089,46,0,1.0783,,8,0,0,0,0.0,1
0.7254,48,0,0.0857,12282.0,10,0,0,0,2.0,0
0.0761,52,0,0.3867,9672.0,7,0,0,0,0.0,0
0.1738,43,0,0.9346,5115.0,7,0,0,0,1.0,0
0.0584,62,0,0.7353,,6,0,0,0,2.0,0
0.3631,72,0,0.6034,7677.0,4,0,1,0,0.0,0
0.8862,45,0,0.2804,,9,0,0,0,2.0,0
0.3194,59,0,0.956,3686.0,9,0,1,0,1.0,0
3.0835,49,0,0.5684,3404.0,8,0,0,0,2.0,1
0.3577,57,0,0.3681,,6,0,3,0,1.0,0
0.2699,74,0,0.4261,6536.0,12,0,2,0,1.0,0
0.5261,59,0,0.1759,4392.0,5,0,2,0,1.0,0
4.0639,27,0,0.6676,5296.0,8,0,1,0,2.0,0
0.3562,58,0,0.062,6680.0,6,0,0,0,0.0,0
0.5482,69,0,0.6278,10970.0,12,0,3,0,1.0,0
0.6665,49,0,0.3482,4589.0,10,0,1,0,0.0,0
0.8319,66,0,0.9441,3090.0,9,0,0,0,1.0,1
0.046,42,0,0.6666,10301.0,15,0,1,0,1.0,0
0.0088,31,0,0.8842,,9,0,0,0,0.0,0
0.1698,54,0,0.4613,19705.0,7,0,0,0,3.0,0
0.5832,27,0,0.6403,14631.0,5,0,1,0,0.0,0
5.4766,49,0,0.207,7712.0,10,0,0,0,1.0,0
0.3855,70,0,0.7375,,8,0,2,0,1.0,1
0.3979,25,0,0.1984,3372.0,9,0,1,0,0.0,0
0.1089,34,0,0.1703,6349.0,10,0,1,0,,0
1.9052,38,1,0.2215,2685.0,6,0,0,1,1.0,0
0.1598,51,0,0.3748,5925.0,4,0,0,0,3.0,0
0.7883,47,0,0.434,5030.0,8,0,2,0,0.0,0
0.5225,72,0,0.1902,,15,0,1,0,0.0,0
1.2769,65,0,0.0895,,8,0,1,0,,0
0.1448,59,0,0.2484,7320.0,7,0,0,0,1.0,0
0.2976,54,0,0.0909,10795.0,7,0,2,0,1.0,0
0.5135,58,0,0.515,,7,0,1,0,0.0,0
0.1171,40,0,0.5881,6165.0,11,0,1,0,1.0,0
0.6476,64,0,0.2141,6262.0,8,0,0,0,3.0,1
2.0308,36,0,0.3823,3132.0,4,0,1,0,4.0,0
1.1854,64,0,0.5951,3569.0,8,0,0,0,0.0,0
0.4526,69,0,0.5835,2703.0,6,0,0,0,1.0,0
0.7492,55,0,0.6428,,7,0,2,0,1.0,1
1.2015,50,0,0.7254,6147.0,3,0,0,0,0.0,0
0.6346,58,0,0.2132,3333.0,8,0,2,0,2.0,0
0.9304,21,0,0.3812,3163.0,6,0,1,0,2.0,0
0.4371,56,0,0.4677,4025.0,9,0,0,0,3.0,0
0.6321,50,0,0.6734,19664.0,4,0,0,0,2.0,0
0.3846,51,0,0.3372,1617.0,8,0,3,0,1.0,0
0.0368,62,0,0.1865,,6,0,1,0,2.0,0
3.3346,51,0,0.3613,4750.0,8,0,1,0,2.0,0
0.3476,36,0,0.5215,5573.0,2,0,1,0,0.0,0
0.2774,50,0,0.5069,7739.0,12,0,1,0,1.0,0
0.2917,53,0,0.721,2933.0,6,0,1,0,1.0,0
0.2118,54,0,0.6528,12357.0,8,0,2,0,0.0,0
0.8358,54,0,0.436,2355.0,6,0,5,0,1.0,0
0.1368,67,0,0.5371,2807.0,5,0,2,0,0.0,0
0.7903,37,0,0.5135,6540.0,8,0,0,0,1.0,0
0.4049,54,0,0.0906,10053.0,11,0,0,0,2.0,0
2.7275,70,0,0.5214,2760.0,8,0,0,0,0.0,1
0.1846,28,0,0.3203,5379.0,10,0,1,0,0.0,0
3.6375,55,0,0.2835,1416.0,9,0,0,0,,0
1.1366,44,0,0.4031,5836.0,5,0,2,0,1.0,0
0.5345,47,0,0.6822,2945.0,5,0,1,0,1.0,0
0.9852,39,2,0.3067,,6,0,0,0,2.0,0
0.9415,50,0,0.1247,,10,0,2,0,2.0,1
0.0463,78,0,0.198,10549.0,6,0,0,0,1.0,0
0.4536,34,0,0.2854,11340.0,8,0,0,0,0.0,0
7.9427,36,0,0.4513,14254.0,5,0,2,0,0.0,0
0.3532,34,0,0.2562,3367.0,6,0,2,0,0.0,0
0.2014,76,0,0.8837,2821.0,2,0,1,0,,0
3.3202,46,0,0.6588,8333.0,8,0,0,0,3.0,0
0.0101,52,0,0.2662,3913.0,6,0,1,0,0.0,0
0.4339,46,0,0.133,4320.0,7,0,0,0,0.0,0
0.1864,39,0,0.4583,2549.0,7,0,1,0,1.0,0
0.6457,49,0,0.7032,3048.0,9,0,2,0,1.0,0
0.2391,86,0,0.4719,9683.0,6,0,2,0,0.0,0
0.8703,71,0,0.3234,14009.0,10,0,0,0,2.0,0
0.3315,40,0,0.5958,5556.0,5,0,0,0,,0
4.2833,61,0,0.034,6861.0,5,0,0,0,2.0,0
0.3402,40,0,0.9022,1893.0,11,0,0,0,0.0,0
0.5103,27,0,0.2184,1984.0,5,0,2,0,,0
0.8026,66,0,0.7813,23715.0,10,0,2,0,0.0,0
4.4542,68,0,0.347,,5,0,0,0,2.0,0
0.325,67,0,0.2104,,6,0,1,0,0.0,0
0.2903,45,0,0.5266,12042.0,13,0,1,0,1.0,0
0.7297,50,0,0.6805,8647.0,9,0,3,0,2.0,0
0.9848,62,0,0.4503,4171.0,10,0,0,0,1.0,0
1.4229,57,0,0.0246,14600.0,11,0,2,0,1.0,0
0.46,46,0,1.2351,6353.0,4,0,2,0,2.0,0
0.2128,29,0,0.8196,11602.0,6,0,1,0,1.0,0
0.8564,54,0,0.6401,4432.0,14,0,0,0,,0
0.0963,67,0,0.2712,6122.0,6,0,1,0,1.0,0
0.1044,35,1,0.3481,,8,0,2,0,0.0,0
2.0321,61,0,0.7558,9988.0,10,0,0,0,3.0,0
0.5128,57,0,0.5766,,7,0,1,0,2.0,0
1.8561,63,0,0.2787,7888.0,6,0,1,0,0.0,0
1.7784,64,0,0.6051,3959.0,8,0,0,0,0.0,0
0.5098,42,0,0.4174,4671.0,12,0,1,0,,0
0.488,29,0,0.6132,,5,0,2,0,1.0,0
0.1635,45,0,0.3753,8345.0,10,0,1,0,,1
6.8877,64,0,0.2353,6934.0,10,0,2,0,0.0,0
0.7681,44,0,0.6208,4830.0,11,0,1,0,2.0,1
0.0387,42,0,0.0821,2176.0,13,0,0,0,0.0,0
0.3396,27,0,0.5446,7237.0,7,0,1,0,0.0,0
0.4562,77,0,0.2652,9558.0,11,0,3,0,0.0,0
0.7942,64,0,0.5396,12609.0,8,0,3,0,0.0,0
1.5579,63,0,0.485,16859.0,7,0,0,0,2.0,0
2.8685,66,0,0.3806,7600.0,9,0,0,0,0.0,0
3.2547,60,0,0.6037,5102.0,6,0,1,0,,0
3.5215,49,0,0.6081,6995.0,9,0,0,0,1.0,0
0.3747,50,0,0.1869,,8,0,0,0,1.0,0
1.2724,46,0,0.6405,,10,0,1,0,1.0,0
0.169,89,0,0.3217,4417.0,12,0,2,0,0.0,0
0.3549,60,0,0.2677,3964.0,10,0,2,0,1.0,0
0.2767,46,0,0.2085,,8,0,1,0,0.0,0
0.7882,59,0,0.4155,6617.0,8,0,1,0,0.0,0
3.1419,38,0,0.2142,2375.0,4,0,1,0,0.0,0
0.5919,73,0,0.5366,13627.0,5,0,2,0,0.0,0
0.217,43,0,0.7714,4480.0,4,0,1,0,0.0,0
0.226,59,0,0.0692,8450.0,9,0,1,0,2.0,0
0.4375,67,0,0.8924,7482.0,3,0,0,0,0.0,0
0.0547,57,0,1.0294,1198.0,8,0,1,0,3.0,0
0.5142,53,0,0.1388,13844.0,2,0,3,0,0.0,0
0.0944,52,0,0.4107,1998.0,10,0,1,0,0.0,0
0.7804,51,0,0.8048,,9,0,1,0,1.0,0
0.033,44,0,0.8441,6379.0,6,0,0,0,1.0,0
0.1485,46,0,0.4059,1890.0,5,0,0,0,1.0,0
0.0645,73,0,0.589,5671.0,6,0,1,0,0.0,0
0.9125,50,0,0.5319,2874.0,13,0,3,0,1.0,0
0.4173,41,0,0.226,4767.0,2,0,1,0,2.0,0
0.404,45,0,0.6338,3058.0,8,0,0,0,1.0,0
3.9944,67,0,0.3278,2949.0,13,0,0,0,2.0,0
2.7066,61,0,0.401,5867.0,10,0,1,0,0.0,0
0.1443,60,0,0.5759,,7,0,0,0,1.0,0
0.2251,48,0,0.1382,4035.0,11,0,0,0,2.0,0
0.116,60,0,0.4478,26183.0,3,0,1,0,0.0,0
0.318,43,0,0.211,5314.0,10,0,0,0,0.0,0
0.5437,48,0,0.2455,7501.0,9,0,4,0,0.0,0
0.2722,66,0,0.6466,5025.0,8,0,1,0,1.0,0
4.8028,64,0,0.7533,2771.0,9,0,2,0,1.0,0
0.156,38,0,0.8498,4987.0,10,0,1,0,0.0,0
0.4866,40,0,0.5652,,3,0,1,0,0.0,0
0.54,54,0,0.7018,5521.0,13,0,0,0,2.0,0
0.9352,76,0,0.757,2775.0,10,0,1,0,0.0,1
0.1516,25,0,0.3784,3064.0,8,0,3,0,0.0,0
0.3092,56,0,0.1018,,6,0,1,0,0.0,0
0.4253,33,0,0.0429,4756.0,6,0,0,0,1.0,0
0.5528,43,0,0.1712,6126.0,8,0,0,0,0.0,0
0.5298,47,0,1.0542,5793.0,6,0,2,0,1.0,0
0.1699,46,0,0.3607,,5,0,1,0,,0
0.2817,45,0,0.1526,,7,0,1,0,1.0,0
0.4329,52,0,0.6954,3158.0,6,0,3,0,1.0,0
0.0222,45,0,0.775,8312.0,11,0,0,0,0.0,0
0.0065,32,0,0.7319,4633.0,9,0,0,0,2.0,0
0.186,63,0,0.6967,5301.0,7,0,1,0,2.0,0
1.442,63,0,0.4748,4298.0,14,0,1,0,1.0,0
2.7636,64,0,0.9702,3794.0,7,0,1,0,0.0,0
0.1698,30,0,0.2251,2345.0,9,0,2,0,1.0,0
2.4698,56,0,0.4046,3719.0,11,0,0,0,0.0,0
0.132,61,0,0.4707,,7,0,3,0,1.0,0
0.8671,38,0,0.5463,11138.0,6,0,1,0,0.0,0
0.7435,52,0,0.1278,,12,0,2,0,,0
3.1943,50,0,0.2669,5287.0,16,0,0,0,0.0,0
0.0882,78,0,0.1351,14112.0,12,0,2,0,0.0,0
0.4542,79,2,0.1708,10270.0,8,0,1,0,0.0,0
3.0833,29,0,0.7135,3432.0,6,0,1,0,2.0,0
0.3682,87,0,0.4017,3485.0,12,0,2,0,0.0,0
0.4032,39,0,0.5949,15126.0,9,1,1,0,1.0,0
1.0978,66,0,0.6587,3127.0,7,0,0,0,3.0,0
0.2855,66,0,0.07,6700.0,12,0,1,0,0.0,0
2.0671,38,0,0.4226,6047.0,12,0,1,0,0.0,0
0.2441,59,0,0.3108,5621.0,10,0,2,0,0.0,0
0.2206,50,0,0.271,8532.0,4,0,2,0,0.0,0
0.5977,60,1,0.1191,8776.0,10,0,1,0,0.0,0
0.0812,55,0,0.2949,2611.0,6,0,2,0,3.0,0
0.5253,69,0,0.5857,3741.0,10,0,1,0,1.0,0
1.6757,53,2,0.4029,5130.0,5,1,1,0,1.0,0
1.4053,50,0,0.1886,2740.0,9,0,0,0,1.0,0
0.1782,67,0,1.2065,14896.0,8,0,1,0,2.0,0
0.1607,60,0,0.4995,,4,0,0,1,0.0,0
2.7403,62,0,0.1128,5243.0,8,0,0,0,1.0,0
5.0075,43,0,0.1568,9561.0,9,0,1,0,0.0,0
0.3692,37,2,0.2708,1253.0,10,0,0,0,0.0,0
0.5168,44,0,1.2489,8050.0,9,0,1,0,2.0,0
0.3766,43,0,0.0375,2818.0,11,0,0,0,0.0,0
0.1959,63,0,0.5972,4008.0,8,0,0,0,0.0,0
0.0623,66,0,0.3522,8337.0,8,0,2,0,1.0,0
0.4042,50,0,0.2166,3406.0,9,0,0,0,0.0,0
0.1247,72,0,0.6608,,9,0,0,0,0.0,0
0.4907,71,3,0.6187,5823.0,8,0,1,0,0.0,0
0.2134,55,0,0.8061,2961.0,14,0,0,0,0.0,0
0.1818,40,0,0.5811,6675.0,14,0,0,0,0.0,0
0.1111,74,0,0.1039,,7,0,1,0,3.0,0
0.3581,51,0,0.9019,,12,0,0,0,2.0,0
1.6769,54,4,0.3544,4959.0,10,1,1,4,0.0,0
0.1782,47,0,0.1725,,14,0,1,0,1.0,0
0.4546,40,0,0.6856,15929.0,8,0,0,0,2.0,0
0.1861,31,0,1.0447,5326.0,11,0,1,0,,0
2.4625,61,0,0.6789,,9,0,1,0,0.0,0
0.8331,41,0,0.7118,2195.0,4,0,3,0,0.0,0
0.3064,95,0,0.5708,,8,0,3,0,0.0,0
0.309,37,0,0.2916,2089.0,8,0,1,0,0.0,0
0.413,34,0,0.1972,5602.0,9,0,0,0,0.0,0
0.4993,59,0,0.5733,3793.0,9,0,1,0,0.0,0
0.3178,73,0,0.438,4413.0,5,0,1,0,1.0,0
0.4245,53,0,0.5703,3080.0,12,0,2,0,0.0,0
0.161,60,0,0.0126,2029.0,4,0,0,0,1.0,0
0.215,26,0,0.3876,7723.0,3,0,0,0,1.0,0
0.078,43,0,0.1829,9006.0,4,0,1,0,1.0,0
1.7525,37,0,0.2702,5469.0,8,0,0,0,1.0,0
1.7737,25,0,0.0308,6882.0,9,0,0,0,1.0,0
0.6836,54,0,0.2299,7765.0,4,0,0,0,0.0,0
0.2506,21,0,0.7643,2269.0,8,0,1,0,0.0,0
4.3944,33,0,0.6208,3849.0,6,0,0,0,0.0,1
0.475,44,0,0.1916,8445.0,4,0,2,0,0.0,0
0.1463,40,0,0.6138,,6,0,0,0,0.0,0
0.3354,58,0,0.7979,,4,0,1,0,1.0,0
0.4774,56,0,0.5455,6830.0,13,1,0,0,1.0,0
5.2104,65,0,1.0025,,4,0,2,0,1.0,0
0.1018,63,0,0.689,,8,0,0,0,0.0,0
1.201,68,0,0.1602,,10,0,0,0,,0
0.2408,52,0,1.4099,10259.0,5,0,0,0,2.0,0
0.1558,56,0,0.4519,3879.0,6,0,3,0,1.0,0
0.8562,59,1,0.4974,7989.0,11,0,0,2,1.0,0
0.168,54,0,0.328,,5,0,0,0,3.0,0
0.314,46,0,0.167,9302.0,8,0,1,0,2.0,0
0.7518,47,0,0.4104,7024.0,3,0,1,0,1.0,0
0.35,41,0,0.653,5090.0,8,0,0,0,2.0,0
0.1747,58,0,0.2844,6204.0,16,0,3,0,0.0,0
0.7544,51,0,0.3762,4524.0,10,0,1,0,0.0,0
0.6284,43,2,0.1795,3723.0,9,0,1,1,1.0,0
1.0477,43,0,0.3293,3742.0,3,0,1,0,1.0,1
0.6703,35,0,0.1357,5062.0,8,0,0,0,0.0,0
2.0473,66,0,0.3948,8657.0,7,0,0,0,0.0,0
3.3451,53,0,0.5865,1287.0,9,0,1,0,2.0,0
0.9334,40,0,0.5554,,7,0,1,0,0.0,1
0.0137,63,0,1.0597,7239.0,11,0,0,0,0.0,0
1.4758,44,0,0.5627,8799.0,12,0,1,0,1.0,0
0.7419,32,0,0.8288,13064.0,11,0,0,0,0.0,0
6.2347,66,0,0.9778,2251.0,4,0,1,0,0.0,0
0.9285,44,0,0.5053,3806.0,6,0,2,0,0.0,0
0.081,46,0,0.2842,7562.0,7,0,0,0,0.0,0
0.6394,53,0,0.194,6299.0,8,0,1,0,1.0,0
0.052,68,0,0.2386,2336.0,14,0,1,0,1.0,0
0.0206,52,0,0.1914,18503.0,7,0,1,0,0.0,0
0.0173,35,0,0.3886,6589.0,5,0,1,0,1.0,0
0.2318,60,5,0.4718,11245.0,10,0,3,1,0.0,0
0.7299,45,0,0.6001,2756.0,10,0,0,0,0.0,0
0.3036,78,0,0.9884,2837.0,9,0,1,0,0.0,0
0.1595,52,0,0.8397,4922.0,5,0,1,0,1.0,0
7.3685,21,0,0.3311,,7,0,0,0,1.0,0
2.7031,57,0,0.7558,4564.0,9,0,1,0,0.0,0
0.0198,79,0,0.4145,6973.0,7,0,0,0,0.0,0
0.2119,74,0,0.3525,5994.0,5,0,1,0,2.0,1
0.2059,78,0,0.6745,8361.0,7,0,1,0,2.0,0
0.4072,38,0,0.6319,13051.0,7,0,0,0,0.0,0
1.0637,65,0,1.0274,4272.0,9,0,0,0,0.0,0
0.0822,42,0,0.9283,3692.0,4,0,4,0,1.0,0
0.199,55,0,0.6561,,7,0,0,0,0.0,0
0.5547,34,0,0.04,3371.0,7,0,2,0,0.0,0
0.599,43,0,0.5035,7849.0,7,0,1,0,0.0,0
1.0227,43,0,0.5305,6371.0,6,0,0,0,2.0,0
0.8198,65,0,0.327,23126.0,11,0,2,0,1.0,0
0.2746,63,0,0.1223,4873.0,11,0,1,0,0.0,0
0.246,56,0,0.3492,,5,0,1,0,2.0,0
0.0138,33,0,0.6743,,7,0,1,0,0.0,0
0.272,48,0,0.2303,,5,0,0,0,0.0,0
0.529,42,0,0.3407,3597.0,7,0,0,0,0.0,0
0.2972,64,0,0.5268,5190.0,11,0,1,0,0.0,0
0.2572,68,3,0.7978,2083.0,8,0,2,1,3.0,0
2.6088,67,1,0.3538,10225.0,6,0,0,0,0.0,0
0.6248,41,2,0.923,6861.0,9,0,0,0,3.0,0
0.5755,21,0,0.5671,,7,0,0,0,0.0,1
1.519,27,2,0.1409,4492.0,7,0,0,0,2.0,0
3.6971,72,0,0.8381,8884.0,10,0,0,0,1.0,0
0.0453,46,0,0.2287,2316.0,9,0,3,0,1.0,0
0.1401,41,0,0.964,7864.0,8,0,2,0,1.0,0
0.1882,75,0,0.5217,,11,0,1,0,0.0,0
0.361,70,0,0.7419,,6,0,0,0,0.0,0
0.6692,52,0,0.5204,1416.0,5,0,0,0,2.0,0
0.7928,48,0,0.0602,882.0,13,0,0,0,1.0,1
0.0477,50,0,0.9342,,6,0,3,0,0.0,0
0.563,55,0,0.3312,6120.0,6,0,0,0,0.0,1
0.4371,74,0,0.2598,6014.0,8,0,1,0,2.0,0
0.4595,58,0,0.9052,,9,0,0,0,1.0,0
1.0931,62,0,0.4784,3402.0,5,0,0,0,0.0,0
1.1553,68,0,0.405,5261.0,8,0,0,0,0.0,0
0.5034,36,0,0.3076,3243.0,10,0,1,0,,0
0.2455,63,0,1.2041,5434.0,11,0,1,0,0.0,0
0.5843,48,0,0.6651,15234.0,6,0,0,0,1.0,0
0.9649,21,0,0.0771,5460.0,6,0,2,0,0.0,1
1.1558,22,0,0.4127,,13,0,1,0,2.0,0
0.7389,38,0,0.1772,2479.0,8,0,2,0,1.0,0
0.1134,59,0,1.0164,9172.0,5,0,1,0,1.0,0
0.1078,54,0,0.6569,1781.0,10,0,3,0,2.0,0
0.6813,55,0,0.4045,2261.0,8,0,1,0,1.0,0
0.3833,79,0,0.4076,11296.0,7,0,1,0,0.0,0
0.3282,34,0,0.2989,1680.0,12,0,2,0,0.0,0
0.4355,52,0,0.3706,,7,0,2,0,2.0,0
0.6004,56,0,0.7546,2348.0,10,0,0,0,0.0,0
0.8603,42,0,0.5844,,11,0,0,0,1.0,0
0.1832,52,0,0.6554,5410.0,8,0,1,0,0.0,0
0.4905,30,0,0.1763,,6,0,1,0,2.0,0
0.7835,72,0,0.3081,19725.0,10,0,0,0,2.0,0
0.4361,42,0,0.5055,9129.0,10,0,4,0,1.0,0
0.5307,80,0,0.5935,9607.0,10,0,4,0,1.0,0
3.5082,52,2,0.3427,6425.0,12,0,1,0,2.0,0
0.1542,66,0,0.5816,2791.0,10,0,1,0,0.0,0
0.2053,51,0,0.392,7581.0,12,0,1,0,0.0,0
0.9557,52,0,0.6319,4413.0,6,0,0,0,3.0,0
0.3533,44,0,0.5755,8866.0,7,0,2,0,0.0,0
2.7964,54,0,0.0524,5268.0,7,1,0,0,2.0,0
0.0705,56,0,0.2963,10200.0,8,0,1,0,0.0,0
1.0382,41,0,0.2898,3432.0,7,0,0,0,0.0,0
1.2819,50,4,0.3401,,6,1,2,0,0.0,0
0.0041,43,0,0.2408,1602.0,11,0,2,0,,0
0.2667,84,0,0.5769,4446.0,10,0,2,0,1.0,0
0.5777,51,0,0.1447,2765.0,9,0,0,0,1.0,0
0.7551,74,0,0.7116,15437.0,8,0,1,0,0.0,0
0.499,49,0,0.6413,2934.0,9,0,0,0,0.0,0
0.2163,56,0,0.3003,2810.0,11,0,1,0,0.0,0
0.0212,34,0,0.7935,4632.0,7,0,2,0,0.0,0
0.3501,46,0,0.5011,,6,0,0,0,0.0,0
3.2342,55,0,0.2196,8667.0,10,0,0,0,2.0,0
0.3276,74,1,0.2047,6552.0,5,0,0,0,3.0,0
0.2236,55,0,0.4033,,9,0,1,0,2.0,0
0.055,71,0,0.5607,5912.0,7,0,0,0,0.0,0
0.1366,61,0,0.4681,1507.0,14,0,0,0,0.0,0
0.5175,75,0,0.119,3629.0,9,0,1,0,0.0,1
0.5748,51,0,0.4325,13891.0,11,0,0,0,1.0,0
0.304,85,0,0.3337,3997.0,9,0,3,0,0.0,0
0.2964,45,0,0.7803,3364.0,10,0,0,0,0.0,0
0.3969,41,0,0.2455,9667.0,7,0,1,0,0.0,0
0.2737,35,0,0.2448,2667.0,6,0,0,0,0.0,0
0.7652,85,0,1.1323,5065.0,10,0,2,0,0.0,0
0.2786,63,0,0.6472,3641.0,9,0,1,0,2.0,0
2.6732,47,0,0.0921,9813.0,7,0,1,0,2.0,0
0.3274,69,0,0.8812,4379.0,11,0,0,0,2.0,0
0.0837,62,0,0.4732,13510.0,7,0,0,0,0.0,0
0.0974,80,0,0.4464,4785.0,10,0,1,0,0.0,0
0.1368,30,0,0.3323,5047.0,9,0,3,0,1.0,0
0.1755,48,0,1.4102,5789.0,3,0,1,0,0.0,0
0.1976,46,0,0.1153,3566.0,4,0,1,0,1.0,0
4.2038,24,0,0.2285,4559.0,13,0,0,0,2.0,0
0.568,67,0,0.6667,3069.0,5,0,2,0,1.0,0
0.1259,48,0,1.2153,,7,0,2,0,2.0,0
0.3274,62,0,0.1924,,5,0,1,0,0.0,0
0.0945,85,0,0.5824,6353.0,12,0,1,0,4.0,0
0.0815,47,0,0.4258,10477.0,8,0,2,0,0.0,0
6.0839,46,0,0.684,7257.0,7,0,0,0,0.0,0
1.1076,54,0,0.2578,4566.0,4,0,3,0,2.0,0
0.402,66,0,0.851,7111.0,9,0,1,0,3.0,0
0.6349,44,0,0.7833,,6,0,0,0,0.0,0
0.9049,43,0,0.4677,,5,0,2,0,0.0,0
0.5684,67,0,0.4137,5255.0,8,0,2,0,1.0,0
0.3513,57,0,0.4486,18034.0,11,0,2,0,0.0,0
0.6283,23,0,0.6007,2696.0,8,0,2,0,0.0,0
0.6955,35,0,0.3039,,12,0,2,0,0.0,0
0.0962,73,0,0.7863,5519.0,10,0,0,0,3.0,0
0.2843,58,0,0.4672,9691.0,9,0,0,0,1.0,0
0.3746,41,0,0.4951,2716.0,8,0,0,0,4.0,0
0.1277,50,0,1.0697,8464.0,12,0,0,0,,0
1.3232,52,0,0.7093,3797.0,8,0,2,0,0.0,0
0.2065,62,0,0.102,6065.0,12,0,0,0,1.0,0
0.4282,33,0,0.7117,4649.0,7,0,0,0,0.0,0
0.8455,40,0,0.4426,12401.0,5,0,0,1,2.0,0
0.2818,56,0,0.5529,,12,0,0,0,0.0,0
0.444,51,0,0.3882,1538.0,5,0,0,0,0.0,0
0.3002,60,0,0.3532,14035.0,5,0,1,0,3.0,0
1.1692,35,0,0.8603,,10,0,0,0,3.0,0
0.453,57,0,0.5524,7808.0,7,0,2,0,1.0,0
0.0535,67,0,0.5776,4039.0,10,0,2,0,0.0,0
0.4751,59,0,0.4302,3193.0,3,0,0,0,0.0,1
0.3411,54,1,0.2324,4843.0,10,0,2,2,0.0,0
3.2739,51,0,0.81,8619.0,8,0,0,0,1.0,0
0.0647,40,0,0.5428,4449.0,10,0,3,0,0.0,0
0.3147,51,0,1.0401,11261.0,5,0,1,0,1.0,0
0.1662,70,0,0.4948,7509.0,7,0,2,0,1.0,0
0.1596,50,0,1.0996,3222.0,8,0,0,0,1.0,0
0.4067,40,0,0.5835,,6,0,1,0,0.0,0
0.4983,45,0,0.263,8967.0,9,0,1,0,2.0,0
3.3235,55,0,0.4338,7900.0,4,0,0,0,0.0,0
0.1313,47,0,0.2943,3881.0,11,0,0,0,1.0,0
0.1545,59,0,0.7336,,10,0,0,0,2.0,0
0.5264,59,0,0.1315,6816.0,8,0,2,0,0.0,0
0.3506,64,0,0.3867,6562.0,7,0,2,0,1.0,0
1.3925,72,0,0.1094,,5,0,1,0,0.0,0
0.4343,66,0,0.4886,18047.0,6,0,0,0,1.0,0
0.6236,39,0,0.1767,6593.0,6,0,0,0,0.0,0
0.0635,39,0,0.0728,10563.0,7,0,1,0,0.0,0
8.6689,51,0,0.9513,2363.0,8,0,2,0,1.0,0
4.9693,46,0,1.1196,,7,0,0,0,0.0,0
0.252,36,0,0.2203,6448.0,7,0,0,0,1.0,0
0.0658,46,0,0.601,,7,0,0,0,1.0,0
0.589,45,0,0.6019,15912.0,9,0,1,0,0.0,0
0.4581,43,0,0.5034,1403.0,10,0,4,0,1.0,0
0.158,48,0,0.1818,7349.0,6,0,2,0,0.0,0
3.1645,68,0,0.4268,4254.0,10,0,1,0,0.0,0
0.0179,55,0,0.4787,5008.0,7,0,1,0,0.0,0
0.1568,87,0,0.2902,6429.0,9,0,0,0,0.0,0
0.1502,54,0,0.5212,5829.0,7,0,2,0,0.0,0
0.2737,48,0,0.5807,7951.0,7,0,2,0,2.0,0
1.4863,52,0,0.5797,3039.0,8,0,3,0,2.0,0
0.4459,56,0,0.2713,,10,0,1,0,1.0,0
0.2641,58,0,0.4322,,2,0,1,0,3.0,0
0.1043,81,0,0.6782,,11,0,0,0,1.0,0
0.5704,40,1,0.3305,1627.0,13,1,3,0,0.0,0
0.6754,64,0,0.5041,,6,0,0,0,1.0,0
0.3096,55,0,0.1794,4011.0,17,0,1,0,0.0,0
0.4624,30,0,0.1176,6969.0,2,0,0,0,2.0,0
2.0102,63,0,0.0902,,10,0,1,0,0.0,0
0.068,70,0,0.4559,15353.0,7,0,0,0,0.0,0
0.1985,40,0,0.7255,5309.0,6,0,0,0,0.0,0
0.3561,52,1,0.4961,1635.0,8,0,0,0,0.0,0
0.1138,28,0,0.53,5246.0,9,0,1,0,1.0,0
1.3275,34,0,0.293,2990.0,6,0,4,0,1.0,0
6.7366,67,0,0.6389,2244.0,7,0,0,0,0.0,1
1.261,45,0,0.868,3464.0,5,0,0,0,,0
0.1838,36,0,0.6264,2755.0,8,0,1,0,0.0,0
1.5399,55,0,0.7554,3797.0,8,0,1,0,1.0,1
2.5308,45,0,0.5072,8804.0,4,0,1,0,1.0,0
1.0147,45,0,0.0309,5622.0,9,0,0,0,1.0,1
0.5683,62,0,0.6189,8943.0,14,0,0,0,0.0,0
0.4898,36,0,0.5466,,8,0,2,0,1.0,0
1.2763,39,0,0.2596,4374.0,7,0,1,0,1.0,0
0.3925,54,0,0.6278,5160.0,7,0,1,0,0.0,0
1.9208,66,0,0.0828,5801.0,9,0,3,0,1.0,0
0.1299,69,0,0.0578,4733.0,6,0,2,0,1.0,0
0.2224,43,0,0.3865,3746.0,7,0,0,0,0.0,0
0.2717,65,0,0.3966,2537.0,5,0,1,0,1.0,0
1.2873,41,0,0.6286,,9,0,1,0,1.0,0
0.0186,78,0,0.5105,21587.0,5,0,1,0,0.0,0
0.6145,36,0,0.8683,14419.0,7,0,0,0,1.0,0
0.8554,71,0,0.8412,8093.0,7,0,1,0,1.0,0
0.1806,43,0,0.5077,1932.0,10,0,0,0,1.0,0
0.3421,80,0,0.3787,13349.0,7,0,2,0,0.0,0
0.082,60,0,0.3947,5856.0,9,0,1,0,2.0,0
0.1152,38,0,0.5346,,10,0,2,0,1.0,0
1.5362,45,0,0.8274,6845.0,10,0,2,0,1.0,0
0.6008,63,0,0.7002,,7,0,1,0,0.0,0
0.3076,67,0,0.0358,9348.0,12,0,2,0,,0
0.4348,51,0,0.6285,5717.0,12,0,1,0,0.0,0
0.4631,53,0,0.5087,4252.0,3,0,0,0,0.0,0
0.0925,63,0,0.8262,14038.0,9,0,2,0,0.0,0
0.196,54,0,0.8337,,8,0,0,0,1.0,0
0.2804,34,0,0.3109,2913.0,7,0,1,0,0.0,0
0.3885,41,0,0.1766,10881.0,14,0,0,0,,0
0.7185,55,0,0.1074,4683.0,7,0,0,0,1.0,0
0.4851,69,0,0.5963,,6,0,4,0,0.0,0
0.0544,75,0,0.2725,5567.0,9,0,0,0,0.0,0
0.4034,63,0,0.5897,11096.0,9,0,0,0,0.0,0
0.6098,56,0,0.4845,,7,0,0,0,,0
0.3198,62,0,0.1135,,8,0,0,0,5.0,0
0.2678,43,0,0.465,,10,0,0,0,1.0,0
0.3808,50,0,0.199,8768.0,8,0,2,0,1.0,0
0.0496,40,0,0.5395,10913.0,5,0,0,0,2.0,0
0.1382,35,0,0.5339,2325.0,8,0,0,0,0.0,0
0.1342,57,0,0.8916,,11,0,1,0,1.0,0
0.4795,55,0,0.2526,3200.0,13,0,1,0,0.0,0
0.0389,62,0,0.5575,3824.0,9,0,0,0,1.0,0
0.5053,60,0,0.3734,4664.0,7,0,3,0,1.0,0
1.9423,55,0,0.5663,8769.0,8,0,1,0,3.0,0
0.2231,60,0,0.4168,,11,0,0,0,1.0,0
0.1656,51,0,0.3714,5841.0,8,0,0,0,0.0,0
0.3061,58,0,0.3585,7757.0,10,0,2,0,1.0,0
0.4929,42,1,0.0973,5723.0,11,0,1,0,0.0,0
2.0117,57,0,0.7563,7101.0,5,0,1,0,1.0,0
1.4284,61,0,0.4016,4298.0,10,0,2,0,1.0,0
0.6458,43,0,0.1088,4916.0,13,0,1,0,2.0,0
0.5605,53,0,0.7429,,10,0,0,0,1.0,0
0.2292,43,0,0.2761,2780.0,4,0,0,0,0.0,0
0.6457,45,0,0.541,9099.0,13,0,1,0,0.0,0
0.8723,36,0,0.6377,4013.0,7,0,1,0,0.0,0
0.4209,70,0,0.5474,,5,0,0,0,0.0,0
0.3149,67,0,0.1492,7423.0,7,0,0,0,1.0,0
0.4976,60,0,0.6606,3773.0,6,0,0,0,2.0,1
0.886,80,0,0.2904,2770.0,3,0,3,0,1.0,0
0.0626,49,0,0.8128,6569.0,3,0,2,0,1.0,0
0.807,94,0,1.1118,6698.0,5,0,0,0,0.0,0
0.5563,49,0,1.2761,8287.0,5,0,0,0,1.0,0
0.0989,56,0,0.8387,5022.0,5,0,1,0,2.0,0
0.2157,46,0,0.545,4048.0,4,0,0,0,0.0,0
0.4224,57,0,0.2707,,7,0,0,0,1.0,0
0.0666,64,0,0.0658,2735.0,7,0,1,0,1.0,0
0.7725,50,0,0.2258,3065.0,8,0,1,0,1.0,0
0.571,77,0,0.3063,6146.0,8,0,0,0,1.0,0
3.6406,55,0,0.9983,6489.0,5,0,0,0,0.0,0
0.5496,56,0,0.2312,,9,0,1,0,1.0,0
0.3607,39,0,0.1378,,5,0,2,0,0.0,0
2.7772,58,0,0.211,9659.0,7,0,0,0,2.0,0
0.5565,50,0,0.3013,3044.0,6,0,1,0,0.0,0
0.3823,43,0,0.4854,,2,0,0,0,2.0,0
0.4593,41,0,0.6062,4613.0,8,0,0,0,3.0,0
0.0888,89,0,0.3932,3626.0,5,0,1,0,0.0,0
0.833,48,0,0.3528,5910.0,9,0,1,0,1.0,0
5.5681,32,0,0.6256,,7,0,1,0,1.0,0
0.0855,42,0,1.5726,2730.0,12,0,1,0,0.0,0
0.5381,51,0,0.0471,1554.0,11,0,0,0,1.0,0
4.195,60,0,0.1192,13543.0,4,0,0,0,2.0,0
0.3336,60,0,0.1929,,8,0,3,0,0.0,0
5.1266,61,0,0.2568,,12,0,1,0,0.0,0
0.8159,43,0,0.0783,9005.0,7,0,0,0,1.0,0
0.2419,57,0,0.5526,4496.0,9,0,1,0,0.0,0
0.4805,40,0,0.9869,12178.0,6,0,0,0,1.0,0
0.4313,43,0,0.4219,6491.0,2,0,3,0,0.0,0
0.25,39,0,0.8779,12856.0,9,0,1,0,0.0,0
0.0085,35,0,0.685,3827.0,6,0,0,0,0.0,0
1.8006,67,0,0.2411,3813.0,13,0,2,0,1.0,0
0.6278,62,0,0.4034,,5,0,1,0,0.0,0
1.1606,66,0,0.4936,10032.0,9,0,0,0,0.0,0
1.9236,53,0,0.2642,7237.0,8,0,1,0,0.0,0
0.2099,63,0,0.3219,4796.0,9,0,0,0,0.0,0
1.3902,27,0,0.8381,1793.0,7,0,3,0,0.0,0
1.1947,64,0,0.0956,14736.0,13,0,2,0,1.0,0
0.1298,54,0,0.222,4399.0,11,0,3,0,0.0,0
0.3886,61,0,0.9011,5530.0,8,0,0,0,0.0,0
0.3965,57,0,0.3195,5328.0,3,0,2,0,0.0,0
0.3268,38,0,0.3279,,5,0,0,0,1.0,0
0.1334,31,0,0.3857,,3,0,1,0,1.0,0
0.3658,42,0,0.7308,4312.0,7,0,0,0,1.0,0
0.0576,60,0,0.3165,,3,0,2,0,1.0,0
0.5573,62,0,0.3694,2275.0,9,0,0,0,1.0,0
0.3066,33,0,0.7639,7446.0,12,0,0,0,1.0,0
0.0388,38,0,0.4551,,5,0,0,0,2.0,0
0.6198,42,0,0.6726,3585.0,8,0,2,0,1.0,0
0.4309,47,0,0.8077,1637.0,6,0,1,0,0.0,1
0.1725,33,0,0.8414,3699.0,11,0,0,0,0.0,0
0.6912,32,0,0.4023,3996.0,6,0,2,0,2.0,0
0.3647,40,0,0.1645,19450.0,8,0,0,0,1.0,0
0.5949,53,0,0.5431,7405.0,13,0,1,0,0.0,0
0.0551,35,0,0.6809,25479.0,7,0,2,0,0.0,0
0.2417,50,0,0.4112,3312.0,6,0,2,0,0.0,0
0.5564,67,0,0.9051,7391.0,10,0,0,0,,0
0.235,34,0,0.603,3274.0,3,0,1,0,2.0,0
0.1572,49,0,0.3103,7501.0,12,0,3,0,,0
1.1734,66,0,0.7837,3849.0,4,0,0,0,1.0,0
0.7417,46,0,0.6906,,7,0,0,0,0.0,0
0.3432,44,0,0.825,5814.0,7,0,0,0,1.0,0
0.2084,68,0,0.3293,,11,0,1,0,1.0,0
0.6978,48,0,0.5063,10061.0,13,0,1,0,0.0,0
0.4102,67,0,0.0718,4343.0,9,0,2,0,3.0,0
0.3641,58,0,0.5112,,6,0,1,0,0.0,0
0.8205,47,0,0.4532,12833.0,8,0,1,0,0.0,0
0.0684,59,0,0.4027,4486.0,11,0,0,0,0.0,0
1.0806,56,0,0.6342,,4,0,0,0,0.0,0
0.154,66,0,0.5194,3956.0,7,0,1,0,0.0,0
0.1731,44,0,0.2531,8825.0,9,0,2,0,0.0,0
0.6339,53,0,0.5307,3618.0,14,0,0,0,1.0,0
0.3071,51,0,0.2836,8458.0,8,0,1,0,0.0,0
0.5615,62,0,0.1838,4019.0,13,0,0,0,2.0,0
0.1572,38,0,0.2173,18270.0,7,0,2,0,0.0,0
0.2915,66,1,0.6936,9326.0,5,2,3,0,0.0,0
0.2352,59,0,0.6794,6742.0,8,0,0,0,0.0,0
0.0689,34,0,0.7192,,10,0,2,0,0.0,0
0.5924,69,0,0.6203,5034.0,6,0,0,0,0.0,0
0.4352,83,0,0.2856,10130.0,7,0,1,0,0.0,0
0.078,66,0,0.7862,2656.0,14,0,0,0,0.0,0
0.3641,72,0,0.1382,4826.0,10,0,1,0,0.0,0
0.0324,53,0,0.1685,4218.0,9,0,1,0,0.0,0
0.3942,29,0,0.2252,6528.0,9,0,2,0,3.0,0
0.5149,26,0,0.3933,11445.0,7,0,1,0,2.0,0
0.8202,56,0,0.3061,4192.0,2,0,2,0,1.0,0
0.3738,44,0,0.3442,12340.0,10,0,1,0,0.0,0
2.8377,39,0,0.6418,5521.0,6,0,2,0,0.0,0
0.2243,51,0,0.2231,14128.0,12,0,1,0,3.0,0
0.0089,61,0,0.5485,18371.0,11,0,1,0,2.0,0
0.498,32,0,0.6539,6243.0,11,0,0,0,0.0,0
0.3484,46,0,0.6609,5744.0,4,0,2,0,1.0,0
0.3134,73,0,0.5874,11057.0,9,0,1,0,0.0,0
0.2798,37,0,0.0444,6389.0,12,0,1,0,1.0,0
0.203,64,0,0.2514,4885.0,8,0,0,0,0.0,0
0.0882,45,0,0.6484,4236.0,9,0,0,0,0.0,0
0.2867,60,0,0.5228,9808.0,12,0,1,0,0.0,0
0.0008,67,0,0.8315,2888.0,8,0,1,0,0.0,0
0.7414,62,0,0.9167,5005.0,7,0,1,0,0.0,0
0.384,65,0,0.347,3210.0,10,0,1,0,1.0,0
2.5656,36,0,0.4712,2644.0,10,0,1,0,1.0,0
3.1973,68,0,0.8403,3025.0,5,0,3,0,2.0,0
0.7775,40,3,0.5862,3610.0,5,4,0,0,0.0,0
0.4488,56,0,0.1287,5943.0,13,0,0,0,0.0,0
0.1702,56,0,0.6161,,5,0,1,0,2.0,0
0.7257,59,0,0.1622,2285.0,5,0,1,0,0.0,0
3.5886,57,0,0.6211,10245.0,8,0,1,0,1.0,0
0.2791,40,0,0.3954,4394.0,15,0,1,0,1.0,0
4.8159,33,0,0.1179,,6,0,3,0,0.0,0
0.7125,64,0,0.6554,12499.0,6,0,3,0,1.0,0
0.0844,55,2,0.8702,9843.0,13,0,0,0,2.0,0
0.0097,68,0,0.4503,,8,0,0,0,1.0,0
0.5283,51,0,0.6633,2488.0,6,0,3,0,0.0,0
1.011,32,1,1.1649,11423.0,12,0,1,0,1.0,0
0.794,66,0,0.4056,8036.0,6,0,0,0,0.0,0
0.5646,47,0,0.3634,2228.0,5,0,2,0,0.0,0
0.2629,57,0,0.459,6148.0,8,0,3,0,1.0,0
0.3873,43,0,0.1894,3594.0,9,0,0,0,1.0,0
0.288,75,0,0.6656,18137.0,5,0,0,0,0.0,0
3.7609,40,0,0.6976,4415.0,9,0,3,0,1.0,0
0.9187,47,0,0.84,8974.0,8,0,1,0,1.0,0
0.5476,54,0,0.3213,8437.0,6,0,1,0,2.0,0
0.174,37,0,0.4298,4521.0,9,0,1,0,0.0,0
0.5959,57,0,0.5634,2111.0,9,0,0,0,5.0,1
0.1272,75,0,0.8255,7894.0,14,0,0,0,1.0,0
0.4738,45,0,0.2715,5828.0,8,0,0,0,1.0,0
0.0398,58,0,0.9738,3291.0,7,0,0,0,0.0,0
0.2675,21,0,0.6813,2229.0,3,0,1,0,0.0,0
0.8111,51,0,0.7909,6642.0,9,0,0,0,1.0,0
0.6475,48,0,0.202,2390.0,6,0,0,0,0.0,0
0.1863,41,0,0.8011,6122.0,10,0,0,0,0.0,0
1.0236,67,0,0.5466,17742.0,6,0,1,0,0.0,0
2.6228,47,0,1.0255,3466.0,15,0,2,0,0.0,0
1.8755,50,0,0.121,,4,0,0,0,0.0,0
0.2053,47,0,0.2741,2247.0,6,0,1,0,0.0,0
3.1597,25,0,0.4272,,3,0,1,0,1.0,0
0.3633,36,0,0.352,13318.0,6,0,2,0,4.0,0
0.6625,65,0,0.3968,21033.0,13,0,0,0,1.0,0
0.9,22,0,0.459,3093.0,14,0,0,0,0.0,1
0.3922,41,0,0.2636,,14,0,3,0,0.0,0
0.591,46,0,0.5572,4228.0,11,0,2,0,0.0,1
0.7217,76,0,0.1272,5423.0,4,0,1,0,1.0,0
0.2819,63,0,0.4476,12674.0,6,0,0,0,0.0,0
0.0991,44,0,0.4949,2834.0,8,0,1,0,0.0,0
2.6484,70,0,0.1979,1994.0,13,0,1,0,0.0,0
0.5053,42,0,0.0372,,10,0,1,0,2.0,0
3.2971,66,0,0.4613,,8,0,1,0,0.0,0
0.5458,33,0,0.5045,3302.0,5,0,3,0,2.0,0
0.5833,67,0,0.8636,5913.0,9,0,2,0,0.0,0
0.3811,46,0,0.6729,,4,0,1,0,2.0,0
2.2784,38,0,0.3079,6191.0,5,0,1,0,1.0,0
0.4232,49,0,0.968,8129.0,4,0,0,0,0.0,0
0.4733,56,0,0.9284,11622.0,7,0,2,0,1.0,0
0.2232,45,3,0.7063,14238.0,7,0,1,1,0.0,0
0.038,60,0,0.3865,2371.0,9,0,0,0,0.0,0
0.2281,44,0,0.1447,4759.0,15,0,0,0,0.0,0
0.4169,61,0,0.2546,3886.0,11,0,2,0,0.0,0
0.4386,58,0,0.6697,4969.0,8,0,2,0,1.0,0
0.1036,51,0,0.2199,6720.0,6,0,2,0,0.0,1
0.0362,46,0,0.4113,3675.0,7,0,0,0,1.0,0
0.2255,54,0,0.3598,,6,0,1,0,0.0,0
0.286,60,0,0.3668,1971.0,12,0,2,0,2.0,0
0.5268,81,0,0.4733,5539.0,8,0,2,0,1.0,0
0.4399,65,3,0.5288,,5,0,2,0,0.0,0
0.1799,66,0,0.2549,20738.0,11,0,1,0,1.0,0
0.3673,95,0,0.1307,14470.0,7,0,1,0,2.0,0
0.6977,59,0,0.4252,6495.0,6,0,1,0,2.0,0
0.5745,59,0,0.4476,4762.0,4,0,0,0,1.0,0
0.1257,62,0,0.1383,,5,0,1,0,0.0,0
0.0255,38,0,0.1801,,13,0,1,0,2.0,0
0.009,46,0,0.6904,1953.0,10,0,1,0,3.0,0
1.2584,45,0,0.4641,5991.0,7,0,1,0,1.0,0
0.3124,61,0,0.0826,6731.0,13,0,0,0,1.0,0
0.1911,50,0,0.5868,,5,0,0,0,2.0,0
0.8953,54,0,0.4477,,4,0,0,0,1.0,0
0.2702,67,0,0.1831,853.0,7,0,2,2,1.0,0
1.7842,64,0,0.2947,,4,0,2,0,0.0,0
0.7908,50,0,0.1987,5875.0,11,0,2,0,3.0,0
2.0808,43,0,0.1789,6299.0,10,0,4,0,0.0,0
0.4782,68,0,0.0622,6943.0,12,0,1,0,1.0,0
0.9386,63,0,0.3143,8083.0,9,0,0,0,1.0,0
0.3771,30,0,0.4373,4764.0,7,0,1,0,0.0,0
0.6879,48,0,0.5604,7716.0,11,0,0,0,,0
0.0927,54,0,0.2038,3487.0,11,0,0,0,1.0,0
0.2576,63,0,0.2293,8809.0,11,0,0,0,1.0,0
3.2,65,0,0.4057,3230.0,6,0,0,0,1.0,0
0.2606,56,0,0.6115,11925.0,12,0,2,0,1.0,0
0.5599,60,0,0.1021,20363.0,6,0,1,0,1.0,0
0.0984,53,0,0.2844,5612.0,6,0,0,0,1.0,0
0.6288,43,0,0.6097,,8,0,1,0,0.0,0
1.1179,48,0,0.3114,13948.0,8,0,4,0,1.0,0
0.1138,52,1,1.0113,10474.0,8,1,1,0,1.0,0
0.9416,52,0,0.1198,1389.0,9,0,1,0,0.0,1
0.7191,26,0,0.1518,3316.0,6,0,0,0,1.0,0
0.1472,46,0,0.3911,12097.0,8,0,0,0,2.0,0
0.3594,53,0,0.2604,,6,0,0,0,1.0,0
0.7131,48,2,0.1166,4118.0,14,0,1,0,1.0,0
0.2634,49,0,0.5594,2215.0,8,0,2,0,0.0,0
0.1842,59,0,0.1356,14229.0,10,0,1,0,0.0,0
0.1934,37,0,0.1711,,17,0,2,0,,0
0.6293,29,0,0.1436,4048.0,7,0,0,0,2.0,1
0.5753,47,0,0.3511,5340.0,10,0,0,0,1.0,0
0.0328,63,0,0.6212,7123.0,6,0,0,0,2.0,0
0.1022,76,0,0.7687,4538.0,12,0,0,0,1.0,0
1.241,63,0,0.4525,8164.0,6,0,0,0,1.0,0
0.4726,31,0,0.218,4966.0,10,0,1,0,1.0,0
0.5796,49,0,0.3859,3069.0,8,0,1,0,1.0,0
0.3774,56,0,0.6278,2974.0,13,0,0,0,0.0,0
0.2453,54,0,0.5788,12794.0,10,0,1,0,0.0,0
1.7149,60,1,0.7267,3845.0,7,0,0,1,2.0,0
3.0875,39,3,0.4339,8179.0,10,0,0,0,1.0,0
0.2697,53,0,0.0972,3543.0,8,0,0,0,0.0,0
1.2172,58,0,0.521,6117.0,12,0,1,0,1.0,0
0.3297,64,0,0.596,6413.0,8,0,0,0,0.0,0
0.2436,41,0,0.8539,26724.0,11,0,1,0,0.0,0
2.4281,47,0,0.2914,5543.0,8,0,0,0,1.0,0
0.5409,21,2,0.8978,3776.0,8,0,1,0,0.0,0
0.6296,43,0,0.4355,3871.0,10,0,0,0,1.0,0
0.7018,45,0,0.4077,3672.0,5,0,1,0,2.0,1
0.5665,38,0,0.2349,5954.0,7,0,0,0,2.0,0
0.4119,54,0,0.3235,2238.0,7,0,0,0,1.0,0
0.2316,51,0,0.297,10562.0,5,0,2,0,1.0,0
0.1088,21,0,0.4945,12410.0,8,0,1,0,1.0,0
0.2042,55,0,0.7125,10884.0,11,0,0,0,0.0,0
0.2419,39,0,0.3578,3969.0,8,0,0,0,0.0,0
0.1622,59,0,0.5068,,11,0,0,0,1.0,0
0.5739,34,0,1.0712,7108.0,5,0,1,0,0.0,0
1.444,52,0,0.7484,,5,0,1,0,0.0,0
0.501,48,0,0.0816,4079.0,6,1,3,0,1.0,0
0.4236,56,0,0.693,4582.0,8,0,0,0,0.0,1
0.1247,54,0,0.5266,4928.0,6,0,0,0,2.0,0
0.0398,48,0,0.2469,,7,0,2,0,1.0,0
0.0711,30,0,0.4187,,5,0,0,0,2.0,0
0.1266,31,0,0.1604,2955.0,10,0,0,0,0.0,0
4.5677,44,0,0.8168,1498.0,8,0,1,0,0.0,0
0.3788,52,0,0.0144,,6,0,0,0,2.0,0
3.9918,43,0,0.9502,7581.0,9,0,2,0,0.0,0
0.5449,61,0,0.459,,3,0,1,0,1.0,0
0.8347,48,0,0.4152,,7,0,0,1,1.0,0
0.123,38,0,0.9559,,5,0,0,0,0.0,0
0.2759,48,0,0.1413,4422.0,4,0,0,0,1.0,0
0.0846,55,0,0.8562,8876.0,5,0,4,0,2.0,0
0.5076,57,0,0.4302,5570.0,8,0,1,0,0.0,0
0.4738,78,0,0.5617,1361.0,10,0,1,0,1.0,0
0.3914,43,0,0.3377,2580.0,10,0,0,0,2.0,0
0.3329,51,0,0.647,,7,0,0,0,1.0,0
0.1322,58,0,0.3167,7056.0,12,0,2,0,2.0,0
0.233,52,0,0.6079,7206.0,7,0,1,0,0.0,0
2.2131,45,0,0.6075,,5,0,1,0,2.0,0
0.1009,30,0,0.3967,2703.0,10,0,0,0,0.0,0
0.3817,45,0,0.2442,2845.0,5,0,0,0,2.0,0
0.2026,37,0,0.3255,2454.0,4,0,1,0,0.0,0
0.1143,28,0,0.1728,4418.0,10,0,0,0,1.0,0
0.138,41,0,0.1792,3427.0,7,0,1,0,0.0,0
0.5716,37,0,0.4434,8846.0,6,0,0,0,1.0,0
0.0099,60,0,0.4523,3813.0,8,0,0,0,0.0,0
0.3924,60,0,0.1526,12510.0,12,0,0,0,3.0,0
0.8417,39,0,0.5723,,9,0,1,0,1.0,1
0.8273,48,0,0.5777,6869.0,4,0,0,0,1.0,0
0.3789,26,0,0.1567,994.0,5,0,1,0,2.0,0
1.6326,45,0,0.813,,9,0,0,0,0.0,1
0.6151,58,0,0.1201,9333.0,8,0,2,0,1.0,0
0.0581,64,0,0.6556,3641.0,7,0,1,0,1.0,0
0.1942,42,0,0.3817,3181.0,8,0,1,0,0.0,0
0.0137,67,0,0.5107,4553.0,7,0,0,0,2.0,0
0.1639,31,0,0.6317,1383.0,11,0,1,0,2.0,0
0.4824,35,0,0.2017,10785.0,7,0,0,0,2.0,0
0.1168,62,0,0.4411,,8,0,0,0,1.0,0
1.4787,75,0,0.1422,2622.0,7,0,0,0,2.0,0
0.1925,59,0,0.81,6551.0,6,0,1,0,2.0,0
0.0608,51,0,0.5462,2150.0,16,0,0,0,0.0,0
0.6757,21,1,0.4619,3620.0,5,0,0,0,0.0,0
0.6209,24,0,0.3283,2410.0,6,0,1,0,2.0,0
0.4269,54,0,1.0227,6045.0,6,0,0,0,0.0,0
0.761,47,0,0.5531,1985.0,10,0,0,0,0.0,0
0.3042,37,0,1.1089,7482.0,3,0,1,0,1.0,0
0.2256,53,0,0.154,,13,0,3,0,0.0,0
0.1927,54,0,0.6578,3453.0,6,0,1,0,1.0,0
0.1097,65,0,0.4758,12410.0,6,0,2,0,0.0,0
0.2541,54,0,0.5136,4390.0,5,0,0,0,1.0,0
0.2033,69,0,0.7016,,12,0,0,0,0.0,0
0.0689,52,0,0.4127,15746.0,6,0,1,0,1.0,0
0.784,50,0,0.2342,3098.0,9,0,1,0,0.0,0
3.8012,67,0,0.5959,4810.0,12,0,1,0,1.0,0
0.4828,38,0,0.4998,1554.0,3,0,3,0,1.0,0
0.517,91,0,0.5804,5793.0,7,0,4,0,0.0,0
0.0004,57,0,0.2941,2371.0,10,0,0,0,1.0,0
4.6679,57,0,0.361,3551.0,5,0,1,0,0.0,0
0.4538,59,0,1.4215,22875.0,9,0,0,0,0.0,0
0.0725,78,0,0.1847,9972.0,11,0,0,0,1.0,0
0.3557,63,0,0.1513,,10,0,0,0,0.0,0
0.8632,30,0,0.1725,3386.0,3,0,1,0,1.0,0
0.848,72,0,0.5003,,5,0,4,0,2.0,0
0.3149,47,0,0.6632,3772.0,6,0,0,0,0.0,0
0.0552,54,0,0.8592,6695.0,9,0,0,0,0.0,0
0.6106,34,0,0.3805,,9,0,2,0,0.0,0
0.1471,59,0,0.6419,7017.0,9,0,1,0,0.0,0
0.3567,43,0,0.6186,2642.0,3,0,1,0,2.0,0
0.4432,53,0,0.6634,7848.0,5,0,0,0,2.0,0
0.7348,48,0,0.15,4102.0,9,0,3,0,1.0,1
0.1662,79,0,0.4274,9679.0,9,0,1,0,2.0,0
0.2126,80,0,0.0341,14478.0,9,0,1,0,0.0,0
1.0531,53,0,0.2221,3813.0,12,0,0,0,0.0,0
0.3934,53,0,0.8411,4476.0,6,0,0,0,0.0,0
0.5116,47,0,0.0485,,12,0,1,0,0.0,0
0.0309,67,0,0.4979,3878.0,11,0,1,0,0.0,0
2.5619,47,0,0.6542,,7,0,2,0,1.0,0
0.8669,46,0,0.6188,4739.0,13,0,1,0,1.0,0
0.2963,66,0,0.6258,,8,0,0,0,,0
0.0952,44,0,1.186,11167.0,8,0,1,0,2.0,0
0.2331,51,0,0.8629,11116.0,7,0,1,0,0.0,0
0.5324,30,0,0.953,4350.0,10,0,0,0,0.0,0
0.3984,62,0,0.5111,,9,0,2,0,0.0,0
0.6852,79,0,0.6253,3935.0,10,0,0,0,2.0,0
1.0701,62,1,0.4264,7652.0,11,1,1,1,1.0,0
0.3755,72,0,0.5671,,7,0,1,0,3.0,0
0.0746,40,0,0.0926,3546.0,10,0,1,0,1.0,0
0.1256,55,0,0.2867,21449.0,2,0,2,0,1.0,0
0.2337,39,0,0.2644,2026.0,6,0,1,0,0.0,0
0.1362,49,0,1.0301,11197.0,9,0,1,0,0.0,0
0.3452,63,0,0.1376,5215.0,5,0,2,0,2.0,0
0.2247,53,0,0.3562,3526.0,10,0,1,0,1.0,0
1.4787,32,0,0.6215,9516.0,9,0,3,0,1.0,0
0.5468,34,0,0.1755,5520.0,4,0,1,0,0.0,0
0.0711,33,0,0.1684,3348.0,7,0,1,0,1.0,0
0.3714,59,0,0.0611,,9,0,0,0,0.0,0
3.3276,81,0,0.4354,,11,0,1,0,0.0,0
0.6045,71,0,0.1328,2332.0,6,0,0,0,1.0,0
1.0338,25,0,0.4117,,11,0,0,0,1.0,1
0.5189,72,0,0.527,,8,0,1,0,4.0,0
0.8549,65,0,0.466,3652.0,7,0,0,0,3.0,0
0.5858,30,0,0.196,6200.0,10,0,2,0,0.0,0
0.426,48,0,0.1182,2682.0,6,0,3,0,0.0,1
0.1874,67,0,0.6788,2831.0,8,0,0,0,1.0,0
2.4206,60,0,0.5146,8171.0,5,0,0,0,0.0,0
0.4722,34,0,0.0888,4213.0,10,0,2,0,1.0,0
0.6825,61,0,0.4773,26807.0,8,0,2,0,,0
0.3215,22,0,0.9026,8026.0,8,0,1,0,0.0,0
0.6744,49,0,0.1956,,9,0,1,0,1.0,0
4.173,68,0,0.7584,3795.0,4,0,1,0,0.0,0
0.2036,52,0,0.9808,4330.0,7,0,1,0,1.0,0
0.2557,45,0,0.5726,4468.0,4,0,2,0,0.0,0
0.4922,64,0,0.9323,4085.0,11,0,3,0,1.0,0
0.188,66,0,0.5295,10814.0,6,0,2,0,1.0,0
0.8421,70,0,0.4101,23702.0,9,0,1,0,0.0,0
0.7539,64,0,0.3308,2157.0,9,0,1,0,1.0,0
0.1274,67,0,0.4527,11530.0,8,0,1,0,1.0,0
0.0872,62,0,0.7642,,7,0,1,0,1.0,0
0.4353,56,0,0.4242,9211.0,8,0,2,0,0.0,0
0.4476,53,0,0.2932,4362.0,6,0,0,0,,0
6.3192,49,0,0.5286,7188.0,4,0,0,0,0.0,0
0.0605,35,1,0.5753,6495.0,4,0,1,1,1.0,0
0.1608,39,0,0.2484,6232.0,5,0,2,0,0.0,0
0.2885,48,0,0.2542,14108.0,8,0,1,0,0.0,0
0.0897,55,0,0.2238,,10,0,1,0,0.0,0
0.0799,72,1,0.3485,16792.0,10,0,2,0,2.0,0
0.3093,51,0,0.2871,3358.0,5,0,0,0,2.0,0
0.8052,66,0,0.6136,,18,0,0,0,1.0,1
0.2773,67,0,0.36,1827.0,8,0,1,0,2.0,0
1.0644,49,0,1.1706,,6,0,1,0,1.0,0
0.0991,60,1,0.5945,8269.0,10,0,1,2,0.0,0
0.1471,49,0,0.7675,6466.0,7,0,2,0,2.0,0
0.4565,71,0,0.2998,4954.0,3,0,1,0,0.0,0
0.0663,61,0,0.2437,5420.0,9,0,0,0,0.0,0
0.1808,35,0,0.474,2422.0,7,0,0,0,1.0,0
0.2239,54,0,0.345,2070.0,9,0,2,0,2.0,0
0.5613,75,0,0.5491,14331.0,6,0,0,0,2.0,0
0.0059,49,0,0.3836,3985.0,9,0,0,0,0.0,0
0.4582,58,0,0.1624,6574.0,9,0,0,0,0.0,0
0.4971,60,0,0.6405,9643.0,9,0,2,0,0.0,0
0.465,37,0,0.5977,3807.0,8,0,3,0,0.0,0
0.1383,59,0,0.5556,9762.0,6,0,0,0,0.0,0
0.3778,32,0,0.5414,,7,0,4,0,4.0,0
0.4357,43,0,0.6787,6391.0,5,0,1,0,,0
0.0633,67,0,0.2723,,9,0,1,0,1.0,0
0.5955,57,0,0.8627,16031.0,7,0,1,0,1.0,0
0.3988,48,0,0.8875,12672.0,8,0,1,0,1.0,0
0.333,58,0,0.4866,,7,0,0,0,0.0,0
0.3183,51,0,0.8752,4266.0,7,0,0,0,2.0,0
0.4566,52,0,0.5732,8013.0,8,0,1,0,2.0,0
2.0571,61,1,0.6978,4979.0,7,1,1,0,1.0,0
0.1003,42,0,0.8186,7543.0,5,0,1,0,1.0,0
0.4314,53,0,0.7872,,9,0,2,0,0.0,0
0.6497,48,0,0.3422,2295.0,6,0,0,0,0.0,0
0.2602,30,0,0.7211,2991.0,10,0,0,0,0.0,0
0.0263,39,0,0.617,1925.0,4,0,1,0,0.0,0
0.3207,74,0,0.4942,16030.0,7,0,0,0,0.0,0
1.3799,57,0,0.6898,3537.0,6,0,3,0,0.0,0
0.4473,33,0,0.7625,2971.0,7,0,2,0,0.0,0
0.7954,30,1,0.1688,6038.0,12,0,1,0,0.0,0
0.6101,50,0,0.3863,4675.0,11,0,0,0,2.0,1
2.1848,74,1,0.6437,10275.0,5,0,2,0,0.0,0
0.4374,49,0,0.3033,8191.0,10,0,2,0,0.0,0
3.3189,70,0,0.5498,,4,0,1,0,0.0,0
0.2933,57,0,0.4586,19023.0,8,0,1,0,1.0,0
0.3277,59,0,0.7045,5346.0,8,0,0,0,2.0,0
0.4538,33,0,0.6555,5727.0,10,0,4,0,0.0,0
0.4603,65,0,0.6264,9917.0,13,0,1,0,2.0,0
0.1065,47,0,0.1966,2375.0,17,0,3,0,2.0,0
1.459,64,0,0.5018,3172.0,14,0,2,0,0.0,0
0.8715,41,1,0.3763,5514.0,9,1,1,0,2.0,0
0.6994,54,0,0.3209,1816.0,11,0,2,0,1.0,0
0.3418,57,0,0.5269,3495.0,7,0,0,0,1.0,0
0.1538,50,2,0.5317,8903.0,11,0,1,0,1.0,0
0.4435,58,0,0.2761,6292.0,7,0,2,0,1.0,0
2.4381,48,0,0.2077,7439.0,6,0,0,0,1.0,0
0.569,43,0,0.4143,2870.0,5,0,3,0,2.0,0
0.6784,74,0,0.0109,5017.0,9,0,1,0,0.0,0
0.3447,67,0,0.4995,5971.0,6,0,1,0,,0
0.2034,41,0,0.496,5022.0,7,0,0,0,,0
0.0381,60,0,0.2184,3665.0,9,0,0,0,2.0,0
0.3899,42,0,0.3074,1923.0,5,0,1,0,0.0,0
0.8332,35,0,0.4109,10133.0,9,0,1,0,0.0,0
0.1832,66,0,0.6467,9495.0,4,0,1,0,2.0,0
0.4157,28,0,0.2131,5559.0,9,0,2,0,0.0,0
0.3605,65,3,0.7599,,12,0,2,1,3.0,0
1.025,48,0,0.5789,3859.0,7,0,1,0,1.0,0
0.5414,49,0,0.26,15084.0,4,0,1,0,1.0,0
4.7369,58,0,0.2652,5778.0,8,0,0,1,0.0,0
0.6997,60,0,0.0295,7482.0,8,0,1,0,2.0,1
0.1551,40,0,0.5376,,4,0,1,0,1.0,0
0.797,62,0,0.24,3240.0,8,0,0,0,0.0,0
0.2772,54,0,0.5261,7843.0,10,0,1,0,1.0,0
0.1055,34,0,0.1827,9506.0,11,0,0,0,0.0,0
0.2919,50,0,0.8591,,12,0,0,0,1.0,0
0.9373,71,0,0.615,2727.0,8,0,0,0,2.0,1
0.1283,75,0,0.748,6677.0,4,0,0,0,1.0,0
0.5509,62,0,1.0608,3288.0,10,0,2,0,1.0,1
0.3951,35,0,0.2994,,10,0,3,0,0.0,0
0.1232,59,0,0.4628,5603.0,11,0,1,0,1.0,0
0.1852,64,0,0.6935,20021.0,6,0,2,0,1.0,0
0.4939,62,0,0.6135,4797.0,8,0,0,0,2.0,0
0.1093,63,1,0.7282,2279.0,9,0,1,0,0.0,0
0.6222,57,0,0.6709,17559.0,11,0,3,0,1.0,0
0.3768,51,0,0.4647,3051.0,6,0,2,0,0.0,0
0.3322,43,3,0.2594,,8,0,1,0,0.0,0
0.6194,25,0,0.2231,5214.0,6,0,1,0,1.0,0
0.3792,57,0,0.363,3877.0,8,0,1,0,0.0,0
0.349,55,1,0.2318,2810.0,10,0,0,0,4.0,0
0.1915,60,0,0.6463,8869.0,6,0,1,0,2.0,0
0.2473,33,0,0.9294,3241.0,10,0,2,0,0.0,0
0.0946,61,0,0.1074,6542.0,3,0,1,0,1.0,0
0.4218,81,0,0.9788,7083.0,4,0,4,0,1.0,0
0.2411,53,0,0.0894,,4,0,4,0,0.0,0
0.0113,51,0,0.382,,3,0,1,0,1.0,0
0.555,56,0,0.1669,,8,0,0,0,2.0,0
0.6218,80,0,0.1152,2323.0,5,0,1,0,1.0,0
0.0059,38,0,0.6297,7732.0,5,0,2,0,1.0,0
0.1828,55,0,0.5502,20497.0,9,0,1,0,1.0,0
0.3152,41,0,0.3501,,4,0,2,0,1.0,0
1.1862,44,0,0.4035,,3,0,2,0,1.0,0
0.4448,51,0,0.2879,4728.0,8,0,0,0,0.0,0
0.1347,71,0,0.4094,,5,0,1,0,0.0,0
0.6834,77,0,0.4067,7171.0,9,0,1,0,0.0,0
0.5871,58,0,0.2174,4003.0,13,0,3,0,0.0,0
0.6772,47,0,0.614,,7,0,0,0,2.0,1
0.255,87,0,0.6857,7324.0,7,0,0,0,0.0,0
0.1205,46,0,0.7282,7403.0,4,0,0,0,,0
0.1889,44,0,0.6522,11092.0,12,0,0,0,0.0,0
0.6826,27,0,0.0346,11179.0,9,0,1,0,0.0,0
0.0421,72,0,0.4273,2640.0,10,0,1,0,0.0,0
0.564,66,0,0.4372,,6,0,1,0,,0
0.7237,86,0,0.7936,7311.0,11,0,0,0,0.0,0
0.5761,33,0,0.0793,11775.0,7,0,2,0,0.0,0
0.0292,72,0,0.9414,7037.0,10,0,2,0,0.0,0
0.4155,53,0,0.7006,,6,0,0,0,0.0,0
0.4503,63,0,0.6087,,7,0,1,0,1.0,0
0.052,29,0,0.4134,2175.0,5,0,1,0,0.0,0
0.904,73,0,0.4525,2869.0,11,0,2,0,1.0,0
0.581,63,0,0.6974,6636.0,7,0,0,0,0.0,0
0.0039,51,0,0.6795,,7,0,2,0,1.0,0
0.0031,61,0,0.3937,,11,0,1,0,0.0,0
0.9736,41,0,0.4782,3634.0,7,0,1,0,0.0,0
1.3242,44,0,0.253,4795.0,9,0,0,0,0.0,0
0.3484,46,0,0.8403,4007.0,14,0,2,0,0.0,0
0.0153,26,0,0.3455,4334.0,6,0,0,0,0.0,0
0.5186,64,0,0.4503,5063.0,12,0,2,0,0.0,0
0.2802,69,1,0.603,6992.0,4,0,1,0,2.0,0
0.0534,42,0,0.1737,9842.0,7,0,0,0,0.0,0
0.615,57,1,0.6485,2790.0,8,0,2,0,0.0,0
0.2263,48,0,0.4145,1995.0,6,0,0,0,2.0,0
0.7004,57,0,0.4416,5417.0,4,0,0,0,0.0,0
0.0211,43,0,0.2803,2870.0,8,0,0,0,1.0,0
0.758,40,0,0.8802,15134.0,9,0,0,0,2.0,0
0.2829,67,0,0.588,2858.0,9,0,2,0,1.0,0
0.3542,51,0,0.7668,2447.0,11,0,0,0,0.0,0
2.875,80,0,0.5988,5016.0,8,0,1,0,1.0,0
3.6746,53,3,0.6296,9468.0,3,1,2,0,0.0,0
0.7478,39,0,0.0563,6881.0,3,0,1,0,0.0,0
1.0317,69,0,0.8791,,6,0,2,0,0.0,1
0.3277,61,0,0.5405,22333.0,12,0,1,0,3.0,0
0.9703,62,0,0.1292,13149.0,9,0,0,0,0.0,0
0.1789,69,0,0.3382,7995.0,6,0,2,0,0.0,0
0.2958,43,0,0.7236,3625.0,6,0,2,0,1.0,0
0.8451,50,0,0.4518,,8,0,5,0,0.0,0
0.5329,50,0,0.1561,5281.0,9,0,0,0,0.0,0
0.1494,34,0,0.7186,9987.0,5,0,1,0,0.0,0
0.0677,48,0,1.1028,10248.0,2,0,0,0,0.0,0
0.8538,71,0,0.3972,,4,0,1,0,0.0,0
0.4906,55,0,0.4487,4296.0,12,0,0,0,1.0,0
0.2563,33,0,0.4972,5713.0,13,0,0,0,3.0,0
0.3847,30,0,0.5248,8587.0,9,0,0,0,1.0,0
3.0896,75,0,0.9089,7111.0,18,0,2,0,0.0,0
0.9126,51,1,0.6399,17170.0,9,0,0,0,2.0,0
0.2005,43,0,0.4621,,9,0,0,0,1.0,0
0.2201,48,0,0.9532,4004.0,9,0,2,0,0.0,0
0.1509,31,0,0.1059,5148.0,9,0,2,0,0.0,0
0.2895,72,0,0.1313,2984.0,6,0,1,0,1.0,0
0.6016,46,0,0.6886,3365.0,7,0,0,0,1.0,0
1.2949,71,0,0.4411,9968.0,11,0,1,0,3.0,0
0.5903,53,0,0.3749,10553.0,11,0,3,0,1.0,0
0.7243,72,0,0.1058,8872.0,6,0,2,0,0.0,1
0.6471,56,0,0.3411,7138.0,10,0,0,0,,0
0.8412,64,0,0.5605,4072.0,5,0,0,0,1.0,0
0.226,62,0,0.3702,22657.0,10,0,2,0,1.0,0
0.5002,61,0,0.6854,,6,0,1,0,0.0,0
0.2694,57,0,0.4874,2538.0,9,0,0,0,0.0,0
5.8356,49,1,0.2875,,11,0,1,0,2.0,0
0.4231,79,0,0.5551,12509.0,7,0,0,0,2.0,0
0.3819,39,0,0.2893,6895.0,9,0,0,0,1.0,0
0.4577,52,0,0.2088,2227.0,6,0,1,0,1.0,0
4.8523,52,0,0.4562,7548.0,7,0,2,0,1.0,0
0.5054,58,0,0.0519,5761.0,11,0,1,0,0.0,0
6.2764,46,0,0.36,4356.0,5,0,0,0,1.0,0
0.7822,56,0,0.4579,2174.0,13,0,2,0,0.0,0
1.9158,50,0,0.4718,9148.0,4,0,2,0,0.0,0
0.128,30,0,0.3814,6375.0,8,0,1,0,0.0,0
1.0736,52,0,0.3406,2998.0,10,0,0,0,0.0,0
0.4504,37,0,0.1334,2951.0,5,0,1,0,1.0,0
0.4613,28,0,0.3832,7331.0,8,0,2,0,0.0,0
0.201,54,0,0.4591,6065.0,7,0,0,0,0.0,0
0.5579,59,0,0.1877,12809.0,7,0,0,0,1.0,0
0.0313,59,0,0.1822,21039.0,5,0,0,0,2.0,0
0.8987,60,1,0.7193,,13,0,1,0,1.0,0
0.3642,25,0,0.263,,12,0,1,0,1.0,0
0.0675,33,0,0.3589,4467.0,7,0,2,0,1.0,0
0.3821,80,0,0.4057,4365.0,7,0,0,0,0.0,0
0.4905,37,0,0.4856,13786.0,7,0,1,0,1.0,0
0.0726,61,0,0.1712,8659.0,8,0,1,0,0.0,0
0.3877,42,0,0.3608,5143.0,9,0,0,0,1.0,0
2.5321,53,0,0.6597,3079.0,11,0,2,0,0.0,1
0.8285,43,0,0.6887,,10,0,0,0,0.0,0
0.0088,60,0,0.3107,4970.0,5,0,2,0,0.0,0
0.5428,54,0,0.486,16590.0,5,0,0,0,1.0,0
0.0166,46,0,0.1321,8799.0,10,0,1,0,0.0,0
0.5951,37,0,0.1527,4113.0,9,0,0,0,0.0,0
0.5557,56,0,0.8837,,9,0,1,0,0.0,0
0.4632,35,0,0.6003,5509.0,10,0,0,0,0.0,0
5.3353,58,0,0.5846,9024.0,4,2,0,0,2.0,0
1.3658,89,1,0.2112,27986.0,5,0,0,2,0.0,0
0.4348,71,0,0.2683,4893.0,9,0,1,0,0.0,0
0.2951,62,0,0.8116,4014.0,4,0,1,0,0.0,0
7.2562,51,0,0.2448,,13,0,0,0,0.0,0
0.4411,25,0,0.3482,6100.0,11,0,0,0,3.0,0
1.5804,33,0,0.5967,9306.0,16,0,2,0,0.0,0
1.1277,70,0,0.5723,6000.0,11,0,3,2,0.0,0
1.364,41,0,0.5063,3025.0,10,0,0,0,0.0,0
0.0595,42,0,0.2665,4623.0,7,0,1,0,0.0,0
0.7205,50,0,0.4978,4001.0,10,0,3,0,1.0,0
0.3899,37,0,0.9316,,7,0,3,0,0.0,0
0.118,35,0,0.7252,13571.0,10,0,1,0,0.0,0
0.2984,51,0,0.5246,,9,0,0,0,1.0,0
1.0465,40,0,0.2175,3110.0,11,0,0,0,0.0,0
0.5374,42,0,0.4747,2716.0,8,0,1,0,0.0,0
0.7057,41,0,0.1088,12138.0,11,0,3,0,1.0,0
0.2961,59,0,0.75,10374.0,1,0,2,0,0.0,0
0.1592,49,0,0.6604,,7,0,2,0,0.0,0
0.5165,49,0,1.3536,9828.0,10,0,1,0,1.0,0
0.537,60,0,0.1973,,8,0,0,0,4.0,0
0.316,50,0,0.4271,4502.0,6,0,0,0,0.0,0
0.5705,48,0,0.0331,7203.0,5,0,1,0,0.0,0
0.5268,59,0,0.6665,5886.0,4,0,1,0,0.0,0
2.5437,61,2,0.374,19639.0,8,0,1,1,0.0,0
2.6945,50,0,0.2319,,10,0,0,0,,0
0.0076,53,0,0.4032,8479.0,9,0,3,0,2.0,0
0.1876,41,0,0.3188,10501.0,6,0,0,0,0.0,0
0.5589,40,0,0.65,4512.0,13,0,0,0,1.0,0
0.7933,63,0,0.1631,2268.0,9,0,1,0,1.0,0
0.616,58,0,0.3479,4658.0,5,0,1,0,1.0,0
0.2829,58,0,0.3693,8130.0,13,0,1,0,3.0,0
0.6249,56,0,0.1522,7174.0,7,0,0,0,0.0,0
0.0702,53,0,0.8294,15681.0,8,0,2,0,0.0,0
0.7146,62,0,0.0352,4538.0,7,0,1,0,2.0,0
0.889,65,0,0.1695,1233.0,10,0,2,0,1.0,0
2.6647,65,0,0.7017,,5,0,1,0,1.0,1
0.0606,51,0,0.7793,10897.0,7,0,2,0,0.0,0
0.0388,71,0,0.576,4864.0,5,0,0,0,2.0,0
0.6508,55,0,0.7992,4333.0,10,0,5,0,0.0,1
2.8573,61,0,0.4912,,4,0,0,0,0.0,0
0.0329,56,0,0.3902,7009.0,7,0,0,0,2.0,0
0.0746,55,0,0.9468,6981.0,4,0,1,0,1.0,0
0.4803,42,0,0.184,7919.0,17,0,1,0,0.0,0
0.0288,62,0,0.6311,6190.0,9,0,0,0,1.0,0
0.4419,92,0,0.5989,8870.0,12,0,0,0,2.0,0
0.78,47,0,0.3508,6840.0,3,0,2,0,2.0,0
0.3663,53,0,0.21,,7,0,2,0,0.0,0
0.9419,46,0,0.5692,12598.0,6,0,3,0,0.0,0
0.5169,45,0,1.3013,5949.0,7,0,0,0,0.0,0
0.3343,74,0,0.4305,4319.0,9,0,2,0,0.0,0
2.1953,43,0,0.1766,3233.0,5,0,1,0,1.0,0
0.6818,45,0,0.0653,6806.0,12,0,0,0,2.0,0
0.0351,30,1,0.722,5507.0,9,0,0,1,1.0,0
0.2487,41,0,0.5066,4360.0,14,0,1,0,0.0,0
0.0347,28,0,0.1691,2962.0,6,0,0,0,2.0,0
0.2597,61,0,0.4346,5659.0,3,0,0,0,0.0,0
0.2571,91,0,0.8864,5810.0,7,0,0,0,2.0,0
0.4525,47,0,0.7592,,7,0,0,0,2.0,0
0.1997,29,0,0.8142,2137.0,8,0,1,0,2.0,0
0.4016,65,0,0.3761,9275.0,3,0,1,0,2.0,0
0.1903,42,0,0.9017,10501.0,13,0,2,0,1.0,0
0.0002,70,0,0.7193,3263.0,5,0,3,0,1.0,0
0.4197,48,0,0.5491,1134.0,11,0,1,0,1.0,0
0.0568,43,0,0.2901,,8,0,1,0,0.0,0
0.2632,50,0,0.6388,2658.0,6,0,0,0,2.0,0
0.023,63,0,0.4154,3696.0,6,0,1,0,1.0,0
1.3914,49,0,0.0854,5661.0,5,0,1,0,1.0,0
0.0314,45,0,0.6653,9245.0,4,0,2,0,0.0,0
2.5475,49,0,0.3476,3707.0,6,0,1,0,2.0,0
0.3426,34,0,0.6554,5344.0,3,0,1,0,2.0,0
0.0464,58,0,0.7849,4355.0,6,0,0,0,1.0,0
0.1173,27,0,0.6349,6851.0,13,0,0,0,2.0,0
2.2919,46,0,0.0306,5429.0,6,0,1,0,0.0,0
0.3556,63,0,0.9092,6226.0,7,0,1,0,2.0,0
0.533,56,0,0.1063,4993.0,8,0,3,0,0.0,0
0.4737,60,0,0.5422,,9,0,1,0,0.0,1
0.643,51,0,0.9705,,8,0,1,0,4.0,1
0.2447,68,0,0.8604,,8,0,3,0,0.0,0
0.2849,65,0,0.6029,6427.0,8,0,3,0,1.0,0
0.2378,58,0,0.2054,4167.0,7,0,2,0,1.0,0
0.9428,65,0,0.7747,3426.0,7,0,2,0,0.0,0
1.4652,63,0,0.3573,11203.0,6,0,0,0,1.0,0
0.7391,46,0,0.2226,2333.0,13,0,1,0,1.0,0
0.9846,33,0,0.4095,5859.0,6,0,0,0,,0
0.0744,58,0,0.2885,6519.0,9,0,0,0,1.0,0
0.7766,60,0,0.4105,5749.0,5,0,1,0,0.0,0
0.2336,67,0,0.4926,,5,0,2,0,0.0,0
0.7001,39,0,0.5527,,3,0,1,0,,0
0.0543,39,0,0.8721,7185.0,5,0,1,0,2.0,0
0.4637,58,0,0.6728,8745.0,9,0,6,0,0.0,0
0.2591,51,0,1.2499,4964.0,10,0,1,0,0.0,0
0.3775,26,0,0.4634,16380.0,6,0,1,0,1.0,0
0.0283,57,0,0.6842,8808.0,6,0,1,0,3.0,0
0.2386,26,0,0.4413,3836.0,8,0,2,0,0.0,0
0.167,39,0,0.2542,4175.0,6,0,3,0,1.0,0
0.7681,71,0,0.3714,4714.0,12,0,2,0,0.0,1
0.0794,78,0,0.2705,6693.0,8,0,0,0,3.0,0
0.1468,35,0,0.4384,,10,0,0,0,,0
0.1668,47,0,0.1943,7827.0,6,0,0,0,0.0,0
0.63,53,0,0.8982,5546.0,9,0,0,0,1.0,0
0.8321,77,0,0.3672,3959.0,7,0,2,0,2.0,0
0.8104,45,0,0.4827,3158.0,12,1,1,1,1.0,0
0.1906,45,0,0.5685,6550.0,7,0,1,0,0.0,0
0.1985,74,0,0.8932,4376.0,2,0,0,0,,0
0.0441,47,0,0.6438,7565.0,8,0,2,0,0.0,0
0.559,62,1,0.2647,,12,0,0,2,0.0,0
0.4675,31,0,1.1598,4025.0,7,0,1,0,0.0,0
1.602,50,0,0.1247,,10,0,1,0,0.0,0
0.1144,29,0,0.2441,,4,0,2,0,0.0,0
0.3858,37,3,0.3024,15973.0,9,0,0,0,1.0,0
0.4216,64,0,0.9311,3338.0,4,0,1,0,0.0,0
0.5763,51,0,0.4658,10714.0,4,0,1,0,2.0,0
0.6614,48,0,0.532,12808.0,10,0,0,0,1.0,0
0.2316,42,0,0.2195,8731.0,12,0,0,0,1.0,0
4.3963,49,1,0.7621,4214.0,6,0,4,0,2.0,0
0.2441,56,0,0.4009,3176.0,10,0,0,0,1.0,0
1.324,66,0,0.2622,7235.0,5,0,1,0,,0
1.0184,21,0,0.9638,10952.0,10,0,1,0,0.0,0
0.1091,40,0,0.7268,4718.0,5,0,0,0,0.0,0
1.1781,54,0,0.7233,16585.0,5,0,0,0,0.0,0
0.1355,51,0,1.3465,31745.0,13,0,2,0,1.0,0
0.1932,58,0,0.3962,14973.0,9,0,1,0,0.0,0
0.1395,56,0,1.0554,5933.0,5,0,2,0,0.0,0
1.335,48,0,0.322,2488.0,7,0,1,0,1.0,0
0.4595,45,0,0.2183,2792.0,12,0,0,0,1.0,0
0.2266,49,0,0.2371,4699.0,10,0,2,0,2.0,0
1.3589,68,0,0.1029,3173.0,9,0,1,0,0.0,0
0.1839,42,0,0.9839,3339.0,11,0,0,0,1.0,0
3.5477,51,0,0.4438,5765.0,10,0,3,0,0.0,0
1.1404,55,0,0.0796,9266.0,7,0,1,0,2.0,0
0.3986,74,0,0.2284,1017.0,5,0,0,0,3.0,0
0.2791,48,0,0.6708,3236.0,7,0,0,0,1.0,0
0.6642,65,0,0.4822,3036.0,6,0,0,0,3.0,1
2.6714,69,0,0.8337,5745.0,6,0,0,0,1.0,0
1.5042,51,0,0.6248,6853.0,8,0,1,0,2.0,0
0.068,49,0,0.7979,2462.0,9,0,0,0,1.0,0
0.6855,47,0,0.2047,2444.0,5,0,1,0,2.0,0
0.3137,48,0,0.2863,2695.0,9,0,2,0,1.0,0
0.6878,64,0,0.7203,2171.0,9,0,1,0,0.0,0
0.4484,55,0,0.3564,,9,0,1,0,0.0,0
0.4546,55,0,0.7641,3206.0,8,0,0,0,0.0,0
2.4944,36,0,0.4318,,7,0,1,0,,0
0.8683,38,0,0.2372,9461.0,9,0,1,0,1.0,0
0.0163,82,0,0.9068,1967.0,5,0,0,0,0.0,0
0.7627,50,0,0.1713,5786.0,6,0,1,0,0.0,0
0.4706,41,0,0.9516,9407.0,8,0,0,0,0.0,0
0.1104,72,0,0.7857,11926.0,7,0,0,0,1.0,0
0.2254,56,0,0.9419,4469.0,9,0,0,0,2.0,0
0.0572,60,0,0.6077,5865.0,12,0,1,0,2.0,0
0.5476,50,0,0.7276,3019.0,6,0,4,0,1.0,0
0.7739,48,0,0.9309,,8,0,1,0,2.0,0
0.6304,50,0,0.5013,7195.0,10,0,1,0,1.0,0
1.3859,33,0,0.4714,3461.0,9,0,3,0,1.0,0
0.2763,51,0,0.2732,4532.0,3,0,0,0,0.0,0
0.0047,56,0,0.5308,3320.0,9,0,1,0,1.0,0
5.4664,78,0,0.4847,,8,0,1,0,0.0,1
2.7459,53,0,0.3401,5502.0,10,0,1,0,1.0,0
1.2711,21,0,0.2183,11095.0,8,0,2,0,2.0,0
0.4627,51,0,0.3789,7623.0,13,0,0,0,0.0,0
0.4628,90,0,0.6404,12914.0,14,0,0,0,2.0,0
0.2384,64,0,0.42,9913.0,1,0,2,0,1.0,0
0.315,41,0,0.3915,9547.0,11,0,1,0,1.0,0
0.1662,60,0,0.6209,2619.0,10,0,0,0,0.0,0
0.0152,42,0,0.7607,5883.0,8,0,2,0,1.0,0
0.3758,33,0,0.7336,,10,0,1,0,1.0,0
0.3203,47,0,0.0529,6417.0,11,0,0,0,1.0,0
0.4586,53,0,0.9239,5149.0,7,0,0,0,,0
0.8309,26,0,0.1669,,13,0,0,0,0.0,1
0.2015,36,0,0.0591,5732.0,3,0,1,0,0.0,0
0.2028,52,0,0.4729,2257.0,5,0,0,0,1.0,0
0.183,46,0,0.4936,5297.0,10,0,0,0,0.0,0
0.8515,58,0,0.4218,2543.0,5,0,1,0,2.0,0
0.7542,35,0,0.425,6178.0,5,0,1,0,1.0,0
0.1529,62,0,0.9236,7672.0,10,0,2,0,0.0,0
0.4683,35,0,0.4469,5476.0,7,0,0,0,2.0,0
0.1734,75,0,0.3633,,10,0,2,0,0.0,0
0.6483,28,0,0.5716,,5,0,2,0,0.0,1
1.3279,37,0,0.8112,3210.0,5,0,2,0,0.0,0
0.5348,58,0,0.6229,7233.0,9,0,2,0,2.0,0
0.3186,75,0,0.2211,5603.0,9,0,2,0,2.0,0
0.5881,56,0,0.708,9659.0,5,0,1,0,1.0,0
0.0826,60,0,0.2395,3194.0,9,0,0,0,0.0,0
4.2071,52,0,0.4189,,10,0,0,0,0.0,0
0.4201,38,0,0.3225,9207.0,9,0,1,0,2.0,0
0.725,45,0,0.6322,2582.0,14,0,2,0,2.0,0
0.2919,35,0,0.4884,1944.0,13,0,1,0,1.0,0
1.457,34,3,0.4974,8088.0,11,0,1,0,0.0,0
0.1623,58,0,0.4617,11653.0,10,0,1,0,1.0,0
0.4708,36,0,0.3094,6674.0,6,0,1,0,0.0,0
0.3396,56,0,0.6665,,6,0,3,0,1.0,0
0.4883,34,0,0.3898,4439.0,6,0,1,0,1.0,0
0.349,56,0,0.4428,2487.0,5,0,1,0,0.0,0
2.7795,45,0,0.2939,45125.0,6,0,1,0,0.0,0
0.0659,72,0,0.7033,2192.0,8,0,0,0,1.0,0
0.3741,57,0,0.265,,8,0,1,0,1.0,0
0.1498,69,0,0.6847,4978.0,11,0,1,0,1.0,0
0.2926,41,0,0.2258,2756.0,8,0,1,0,1.0,0
0.1158,53,1,0.6769,9427.0,10,0,2,1,2.0,0
0.8553,38,0,0.8097,5810.0,6,0,1,0,0.0,0
0.0668,46,0,0.3815,8735.0,6,0,1,0,1.0,0
1.7669,48,0,0.3363,,7,0,1,0,,0
0.0894,42,0,0.5015,19118.0,3,0,0,0,0.0,1
0.9363,35,0,0.5629,8905.0,10,0,1,0,2.0,0
0.5694,32,0,0.8061,6454.0,10,0,0,0,1.0,0
0.0854,21,0,0.6088,,9,0,1,0,0.0,0
0.4071,37,0,0.3142,5392.0,10,0,0,0,3.0,0
0.5731,61,0,0.2287,7778.0,9,0,0,0,0.0,0
0.8386,30,0,0.3486,,9,0,0,0,0.0,0
0.2651,33,0,0.4958,7420.0,6,0,3,0,2.0,0
0.6503,77,0,0.151,,8,0,2,0,,0
0.2888,43,0,0.6725,9592.0,12,0,1,0,1.0,0
0.1908,56,0,0.2535,4584.0,3,0,2,0,0.0,0
0.4767,61,0,0.2468,,7,0,0,0,0.0,0
0.1955,61,0,0.8104,11928.0,8,0,1,0,1.0,0
0.3414,31,0,0.6684,7164.0,6,0,1,0,1.0,0
0.5964,49,1,0.5567,4511.0,7,0,1,1,0.0,0
0.8363,29,0,0.5955,4216.0,7,0,1,0,1.0,0
0.0129,86,0,0.438,6194.0,6,0,0,0,1.0,0
0.1439,30,0,0.674,2854.0,5,0,0,0,2.0,0
1.3812,37,0,0.8795,10743.0,9,0,3,0,2.0,0
0.4234,37,0,0.6297,2189.0,7,0,1,0,1.0,0
0.3025,31,0,0.4631,8857.0,6,0,2,0,0.0,0
0.251,71,1,0.7376,3623.0,5,0,0,0,1.0,0
0.1106,86,0,1.0422,7226.0,5,0,1,0,2.0,0
0.0551,45,0,0.4094,6100.0,9,0,0,0,1.0,0
0.0219,34,0,0.181,2133.0,6,0,4,0,,0
0.1064,21,0,0.1791,,8,0,0,0,1.0,0
8.1263,49,0,0.4533,11637.0,8,0,0,0,1.0,0
2.3007,48,0,0.7603,5869.0,6,0,0,0,0.0,0
0.944,43,0,0.6542,,5,0,1,0,0.0,0
5.9103,55,0,1.1396,,4,0,0,0,2.0,0
4.3294,58,0,0.385,9194.0,9,0,0,0,0.0,0
0.3118,57,0,0.0525,3175.0,10,0,0,0,4.0,0
1.9441,48,0,0.7916,13078.0,14,0,0,0,4.0,0
0.3908,37,0,0.5136,,12,0,0,0,0.0,0
0.2589,61,0,0.783,4717.0,5,0,4,0,1.0,0
0.5381,52,0,0.7047,20972.0,9,0,2,0,1.0,0
9.2626,64,0,0.7704,4731.0,8,0,1,0,0.0,0
0.7053,63,0,0.4797,,8,0,1,0,0.0,0
0.1169,32,0,0.1835,,10,0,1,0,1.0,0
0.0552,32,0,0.3214,3976.0,8,0,0,0,0.0,0
0.2494,41,0,0.6438,4756.0,9,0,0,0,0.0,0
3.2885,37,0,0.0822,11078.0,12,0,0,0,2.0,0
2.3966,63,1,0.5156,3207.0,7,0,1,0,0.0,0
2.608,57,0,0.3812,8071.0,10,0,2,0,0.0,0
0.3282,67,0,0.073,1161.0,9,0,0,0,2.0,0
0.5125,58,0,0.5034,,10,0,1,0,1.0,1
0.0413,55,0,0.2169,7785.0,8,0,2,0,0.0,0
0.5413,69,0,0.3104,6284.0,7,0,0,0,0.0,0
0.4452,59,0,0.686,4691.0,9,0,0,0,1.0,0
0.1566,53,0,0.7605,17417.0,9,0,2,0,1.0,0
0.1009,73,0,0.1521,5482.0,9,0,1,0,0.0,0
0.7157,54,0,0.671,6834.0,5,0,1,0,0.0,0
0.4053,48,0,0.509,,7,0,0,0,2.0,0
0.761,40,0,0.3669,,8,0,0,0,1.0,0
0.2697,62,0,0.7195,,11,0,0,0,1.0,0
1.0669,69,0,0.1324,2911.0,8,0,0,0,2.0,0
0.9189,51,0,0.3703,4784.0,4,0,0,0,1.0,0
0.55,70,0,0.2515,4942.0,8,0,0,0,0.0,0
0.779,24,0,0.0937,5208.0,4,0,0,0,0.0,1
0.7615,51,0,0.8008,9744.0,10,0,1,0,1.0,0
0.654,51,0,0.6061,19346.0,4,0,1,0,2.0,0
0.3794,42,0,0.746,1461.0,7,0,1,0,0.0,0
0.7951,85,0,1.066,,9,0,2,0,0.0,1
0.434,51,0,0.6092,12700.0,10,0,1,0,2.0,0
0.2874,46,0,1.0657,3653.0,8,0,1,0,0.0,0
0.2785,52,0,0.0402,12984.0,7,0,1,0,0.0,1
0.4821,24,0,0.7136,,6,0,1,0,1.0,1
1.0018,41,0,0.4306,,9,0,2,0,1.0,0
0.1373,66,0,1.1085,,7,0,0,0,1.0,0
1.2098,43,0,0.6097,,11,0,0,0,3.0,0
0.2997,40,0,0.122,,6,0,0,0,1.0,0
0.4826,70,0,0.4833,4887.0,5,0,2,0,1.0,1
0.837,71,0,0.1545,3916.0,10,0,4,0,1.0,1
0.0885,59,0,0.9867,10713.0,12,0,4,0,0.0,0
0.6006,46,0,0.7862,3048.0,5,0,2,0,0.0,1
0.0222,49,0,0.6238,17345.0,7,0,2,0,0.0,0
0.3374,41,0,0.4123,,13,0,1,0,1.0,0
0.7542,38,0,0.4159,,12,0,0,0,0.0,0
0.6653,37,0,0.3099,,6,0,1,0,0.0,0
0.1264,43,0,0.7113,8636.0,4,0,0,0,3.0,0
0.2071,38,0,0.4563,2963.0,7,0,0,0,1.0,0
0.4693,30,0,0.8242,,4,0,1,0,0.0,0
1.5394,55,0,0.8888,5763.0,7,0,0,0,2.0,0
0.4495,55,0,0.2626,2180.0,11,0,1,0,1.0,0
0.28,76,0,0.2576,13461.0,9,0,0,0,2.0,0
0.4454,43,0,0.3798,,7,0,0,0,1.0,0
0.3155,56,0,0.7084,4163.0,5,0,1,0,0.0,0
0.0248,56,0,0.1663,14053.0,9,0,1,0,1.0,0
0.1702,48,0,0.2553,5695.0,4,0,3,0,1.0,0
0.5806,62,0,0.1643,8736.0,10,0,1,0,2.0,0
0.3979,63,0,0.6995,,16,0,2,0,0.0,0
0.0264,57,0,0.8086,3712.0,7,0,1,0,2.0,0
0.8678,48,0,0.7912,,9,0,0,0,1.0,0
0.7035,47,0,0.1668,4884.0,9,0,0,0,1.0,0
0.1506,33,0,0.6218,5494.0,9,0,0,0,1.0,0
0.0536,41,0,0.3333,15437.0,6,0,1,0,0.0,0
0.6896,43,0,0.6379,8518.0,4,0,1,0,1.0,0
1.0794,36,0,0.2073,4306.0,7,0,1,0,3.0,0
0.2692,58,0,0.8273,,10,0,0,0,0.0,0
0.5424,69,0,0.6366,8880.0,3,0,0,0,0.0,0
0.4687,39,2,0.4891,6857.0,7,0,2,0,,0
0.0096,56,0,0.3525,6579.0,9,0,2,0,1.0,0
0.0115,38,0,0.7253,5991.0,4,0,0,0,1.0,0
0.4634,48,0,0.4313,,11,0,1,0,2.0,0
1.4547,42,0,0.2818,5618.0,12,0,3,0,0.0,0
0.3859,60,0,0.6081,5559.0,14,0,0,0,1.0,0
0.0547,42,0,0.6527,,3,0,1,0,1.0,0
0.5482,66,0,0.4387,6376.0,11,0,1,0,0.0,0
0.8005,49,0,0.54,5195.0,9,0,0,0,1.0,0
0.4662,43,0,0.6836,3420.0,7,0,3,0,1.0,0
0.4817,34,0,0.4113,3622.0,8,0,0,0,2.0,0
0.1668,56,0,1.0193,4296.0,7,0,1,0,3.0,0
0.3553,65,0,0.3047,7148.0,8,0,0,0,0.0,0
0.1088,56,0,0.6401,,10,0,2,0,0.0,0
0.0703,83,0,0.6272,3413.0,10,0,2,0,0.0,0
0.3389,72,0,0.1305,8974.0,6,0,1,0,1.0,0
0.7199,48,0,0.9962,6277.0,15,0,1,0,0.0,0
0.5706,48,0,0.3006,5367.0,4,0,0,0,3.0,0
0.4503,59,0,0.279,7729.0,8,0,0,0,0.0,0
2.6332,40,0,0.5092,,3,0,0,0,0.0,0
2.3267,68,0,0.1209,5479.0,11,0,0,0,,1
1.3278,57,0,0.1994,6526.0,3,0,1,0,1.0,0
0.1241,56,0,0.2282,2735.0,5,0,0,0,1.0,0
0.4136,62,0,0.1522,2610.0,9,0,1,0,0.0,0
0.187,76,0,0.2224,5673.0,7,0,1,0,1.0,0
0.8448,54,0,0.365,10138.0,7,0,2,0,1.0,1
0.2266,50,0,0.6154,2581.0,9,0,3,0,0.0,0
0.4436,73,0,0.9339,3800.0,9,0,0,0,0.0,0
0.1437,66,0,0.1924,,7,0,1,0,2.0,0
0.3178,48,0,0.8141,5010.0,8,0,2,0,,0
0.4756,52,0,0.0971,5927.0,9,0,0,0,0.0,1
0.3577,55,0,0.5726,5015.0,4,0,0,0,0.0,0
1.3146,57,0,0.5467,5559.0,6,0,1,0,3.0,0
0.003,33,0,0.8336,10040.0,13,0,0,0,1.0,0
0.9363,30,0,1.1444,12560.0,5,0,3,0,1.0,0
0.2146,40,0,0.3003,5814.0,12,0,3,0,0.0,0
0.8913,38,0,0.8666,1626.0,7,0,0,0,1.0,0
2.4287,43,1,0.7286,,7,1,1,0,0.0,0
0.5735,61,0,0.1827,5543.0,7,0,1,0,0.0,0
0.1239,50,0,0.632,4697.0,10,0,1,0,1.0,0
3.3955,55,0,0.331,10679.0,7,0,1,0,0.0,0
0.5752,35,0,1.0498,7561.0,8,0,0,0,0.0,0
0.9126,46,0,0.6383,5057.0,7,0,0,0,0.0,1
0.0469,60,0,0.5239,,11,0,1,0,0.0,0
0.4353,60,0,0.1647,6459.0,17,0,2,0,0.0,0
0.8954,42,0,0.3741,14333.0,12,0,2,0,1.0,0
0.047,54,0,0.1234,,6,0,0,0,0.0,0
0.0396,83,0,0.5032,9549.0,9,0,0,0,0.0,0
0.5177,52,0,0.3863,20588.0,5,0,0,0,2.0,0
0.4971,42,0,0.8873,2860.0,7,0,0,0,1.0,0
0.394,50,0,0.71,4664.0,8,0,0,0,1.0,0
1.8869,53,0,0.8727,,8,0,1,0,1.0,0
0.5375,50,0,0.8568,7573.0,10,0,2,0,0.0,0
0.6357,52,0,0.9098,,6,0,0,0,1.0,0
0.3043,32,0,0.1978,,8,0,0,0,1.0,0
0.7192,39,0,0.4242,3446.0,12,0,1,0,1.0,0
0.3128,50,0,0.2791,,15,0,1,0,0.0,0
0.4812,50,0,0.2016,8544.0,11,0,1,0,0.0,0
0.4436,44,0,1.1039,6618.0,12,0,1,0,2.0,0
0.2943,50,0,0.6378,4626.0,8,0,1,0,1.0,0
2.1139,53,0,0.7236,,8,0,0,0,0.0,0
0.3585,64,0,0.9781,,6,0,2,0,0.0,0
0.6581,51,0,0.4453,5910.0,4,0,2,0,1.0,0
0.5589,58,0,0.3641,6148.0,10,0,0,0,0.0,0
0.7671,44,0,0.4983,7783.0,10,0,1,0,0.0,0
1.9495,60,2,0.5998,2826.0,8,1,2,1,0.0,0
3.2513,57,0,0.0435,4220.0,14,0,0,0,1.0,0
2.4016,64,0,0.6826,,17,0,1,0,0.0,0
2.4288,62,0,0.4495,7455.0,4,0,0,0,0.0,0
6.5863,60,0,0.8996,5264.0,6,0,0,0,0.0,0
0.3047,51,0,0.1865,9323.0,3,0,1,0,1.0,0
0.7279,55,0,0.6654,9608.0,8,0,2,0,1.0,0
0.1329,67,0,0.7696,7105.0,6,0,1,0,0.0,0
0.0065,43,0,0.5734,4447.0,8,0,1,0,1.0,0
0.3887,43,0,0.6738,,8,0,0,0,1.0,0
0.5973,55,0,1.227,3765.0,8,0,1,0,1.0,0
0.3959,58,0,0.1938,9010.0,7,0,1,0,1.0,0
0.2543,40,0,0.4859,12276.0,9,0,4,0,0.0,0
0.5469,51,0,0.6707,13152.0,4,0,0,0,2.0,0
0.2092,51,0,0.2793,4572.0,9,0,1,0,0.0,0
2.2222,21,0,0.581,7717.0,11,0,1,0,2.0,0
0.0224,49,0,0.7688,2477.0,6,0,2,0,0.0,0
0.2254,50,0,0.8251,,3,0,1,0,0.0,0
1.5204,50,0,0.7615,6017.0,7,0,0,0,0.0,0
0.8522,72,0,0.6285,,10,0,0,0,0.0,0
0.4787,35,0,0.2405,2976.0,12,0,0,0,1.0,0
4.4102,40,0,0.5669,2487.0,14,0,0,0,1.0,1
1.026,21,0,0.0839,5046.0,3,0,0,0,2.0,0
0.609,45,0,0.1035,5809.0,6,0,1,0,1.0,0
0.8155,46,0,0.4248,,7,0,1,0,0.0,0
0.6846,45,0,0.45,4479.0,6,0,1,0,1.0,1
0.4595,68,0,0.1334,8697.0,11,0,1,0,0.0,0
2.812,64,0,0.1855,5350.0,3,0,2,0,1.0,0
0.0629,53,0,0.103,,5,0,0,0,0.0,0
0.3492,47,0,0.3579,10176.0,9,0,1,0,0.0,0
0.325,66,0,0.7447,8246.0,9,0,2,0,2.0,0
0.4244,52,3,0.0482,13704.0,12,0,0,0,1.0,0
0.3436,41,0,0.6262,4360.0,6,0,2,0,2.0,0
0.0393,28,0,0.0754,,7,0,3,0,1.0,0
0.9517,46,0,0.7505,3588.0,5,0,1,0,0.0,0
0.5897,63,0,0.1724,4944.0,7,0,1,0,1.0,0
0.7796,84,0,0.7722,3942.0,8,0,2,0,0.0,1
0.5514,53,0,0.9996,,6,0,4,0,2.0,1
0.1809,41,0,0.4391,2867.0,10,0,2,0,1.0,0
0.5406,35,0,0.7135,10098.0,7,0,1,0,1.0,0
0.6364,60,0,0.1934,2681.0,8,0,1,0,0.0,0
0.303,27,0,0.938,3942.0,8,0,0,0,0.0,0
0.1866,60,3,0.8865,6845.0,12,2,1,1,0.0,0
0.5464,63,0,0.7978,,5,0,1,0,0.0,0
0.3316,58,0,0.5197,3341.0,1,0,0,0,1.0,0
0.1346,49,0,0.7742,3244.0,16,0,0,0,,0
4.3717,60,0,0.2187,,7,0,1,0,1.0,0
2.887,54,0,0.3563,4895.0,10,0,0,0,0.0,0
1.0853,41,0,0.7147,,5,0,1,0,1.0,0
0.0223,78,0,0.4158,3655.0,10,0,0,0,0.0,0
0.0512,47,0,0.7364,10850.0,7,0,0,0,0.0,0
0.4947,63,0,0.3214,5409.0,5,0,0,0,0.0,0
0.516,21,0,0.1756,,7,0,1,0,0.0,0
0.0235,70,0,1.2922,4473.0,5,0,2,0,0.0,0
0.1127,73,0,0.2522,6212.0,12,0,1,0,2.0,0
1.2811,52,0,0.2191,5444.0,15,0,0,0,0.0,0
0.1306,60,0,0.2719,3705.0,9,0,1,0,0.0,0
0.3116,60,0,0.3361,2836.0,10,0,1,0,2.0,0
0.03,43,0,0.2344,21000.0,9,0,1,0,2.0,0
0.5356,60,0,0.6633,2470.0,12,0,0,0,2.0,0
0.4362,41,0,0.4258,7920.0,10,0,0,0,1.0,0
0.4528,43,0,0.5075,9473.0,11,0,2,0,0.0,0
3.8137,68,0,0.7821,12447.0,5,0,1,0,1.0,0
2.5074,66,0,0.2576,6267.0,9,0,1,0,0.0,0
0.3379,42,0,0.7995,5841.0,5,0,0,0,1.0,0
0.3149,42,0,0.1642,4012.0,10,0,2,0,1.0,0
1.8378,43,0,0.4915,5935.0,9,0,2,0,0.0,0
4.7936,62,0,0.1669,,9,0,3,0,2.0,0
0.5023,38,0,0.2612,9565.0,6,0,0,0,0.0,0
0.036,57,0,0.6917,6219.0,11,0,3,0,0.0,0
0.4789,62,0,0.2059,,7,0,0,0,1.0,0
0.0094,51,0,1.0261,7092.0,7,0,0,0,1.0,0
1.5772,66,0,0.75,,8,0,1,0,2.0,0
0.5644,48,0,0.405,12380.0,10,0,1,0,1.0,0
0.0393,49,0,0.3354,11051.0,13,0,2,0,0.0,0
0.3061,38,0,0.4646,13903.0,7,0,3,0,2.0,0
4.1289,66,0,0.5798,2832.0,12,0,1,0,1.0,0
1.6889,41,1,0.6921,,9,0,0,1,2.0,0
0.0185,57,0,0.3273,4010.0,9,0,0,0,1.0,0
0.4259,51,0,0.5236,5721.0,9,0,1,0,0.0,0
2.1713,37,0,0.7067,5525.0,8,0,1,0,0.0,0
0.2808,43,0,0.343,13023.0,6,0,0,0,1.0,0
0.5804,71,0,0.363,5825.0,9,0,2,0,0.0,0
0.1166,55,0,0.6391,5367.0,11,0,0,0,0.0,0
0.583,38,0,0.3791,4073.0,8,0,0,0,2.0,1
0.2908,56,0,0.1354,,6,0,0,0,0.0,0
5.1117,50,0,1.0289,,11,0,0,0,1.0,0
0.1441,95,0,0.0272,5405.0,8,0,1,0,2.0,0
0.2945,56,0,0.8867,7089.0,7,0,1,0,2.0,0
0.6002,47,0,0.6809,7998.0,10,0,0,0,1.0,0
0.2838,72,0,0.9164,,8,0,1,0,2.0,0
0.9562,26,0,0.2838,3969.0,9,0,0,0,0.0,0
0.484,53,1,0.5318,6125.0,10,0,1,0,2.0,0
0.9341,80,1,0.1315,,9,0,2,1,2.0,1
0.049,50,0,0.3862,2468.0,4,0,0,0,0.0,0
0.1071,28,0,0.1314,4096.0,7,0,0,0,1.0,0
0.1196,46,0,0.9352,8891.0,11,0,1,0,0.0,0
4.4895,72,1,0.1388,7489.0,9,0,0,0,1.0,0
0.1279,57,0,0.4416,4730.0,9,0,5,0,1.0,0
0.3876,40,0,0.1326,6168.0,4,0,1,0,1.0,0
0.4252,42,0,1.0054,13989.0,5,0,0,0,0.0,0
0.0946,44,0,0.5594,9290.0,9,0,1,0,0.0,0
0.3759,57,0,0.8316,3215.0,8,0,0,0,2.0,0
0.0625,71,0,0.4028,2243.0,6,0,2,0,1.0,0
0.2298,67,0,0.0832,,10,0,4,0,1.0,0
0.1022,58,0,0.2955,,5,0,2,0,1.0,0
1.4166,33,0,0.3305,,10,0,1,0,0.0,0
1.8787,33,0,0.1923,,10,0,1,0,0.0,0
0.164,59,0,0.6638,3479.0,8,0,1,0,1.0,0
0.4253,33,0,0.066,7052.0,7,0,2,0,0.0,0
0.0343,49,0,0.2245,4221.0,8,0,1,0,1.0,0
0.3315,56,0,0.1862,4935.0,8,0,0,0,1.0,0
0.462,36,0,0.8624,8345.0,14,0,0,0,1.0,0
0.6688,38,0,0.5673,6689.0,12,0,1,0,0.0,0
0.1363,51,0,0.2843,7021.0,2,0,0,0,1.0,0
0.0957,59,0,0.3055,3700.0,14,0,1,0,1.0,0
0.2804,67,0,0.498,2354.0,7,0,1,0,0.0,0
3.4399,60,1,0.5134,,8,0,2,0,0.0,0
0.5447,53,0,0.1463,7969.0,11,0,0,0,2.0,0
0.2425,42,0,0.8248,2771.0,8,0,1,0,0.0,0
0.1581,37,1,0.7827,5274.0,4,0,1,1,1.0,0
0.12,45,0,0.493,9588.0,9,0,1,0,0.0,0
0.7108,58,3,0.5683,4425.0,8,0,0,0,0.0,0
0.0704,57,0,0.9015,6080.0,15,0,0,0,0.0,0
0.5189,23,0,0.8288,2597.0,5,0,2,0,1.0,0
0.8612,41,0,0.1678,2213.0,8,0,0,0,0.0,0
0.6685,69,0,0.0605,3403.0,8,0,1,0,1.0,1
0.4378,53,0,0.4155,,8,0,0,0,0.0,0
0.2865,32,0,0.7521,4244.0,6,0,3,0,0.0,0
0.0206,85,0,1.1203,5369.0,8,0,0,0,0.0,0
0.6245,52,0,0.148,3670.0,9,0,2,0,0.0,0
7.1214,57,0,0.0576,7187.0,7,0,0,0,0.0,0
0.8889,58,0,0.8389,10260.0,4,0,1,0,1.0,0
0.4144,47,0,0.3577,,10,0,2,0,2.0,0
1.2101,42,0,0.2371,7541.0,6,0,0,0,2.0,0
0.704,82,0,0.6238,6894.0,17,0,2,0,1.0,0
0.6918,66,0,0.5367,,3,0,2,0,3.0,0
0.3853,64,0,0.5021,2831.0,7,0,1,0,1.0,0
0.7426,60,0,0.3025,5667.0,6,0,1,0,3.0,0
0.7666,38,0,0.1652,2221.0,6,0,1,0,0.0,0
0.1573,70,0,0.0803,4140.0,8,0,4,0,1.0,0
0.3779,40,0,0.132,1761.0,12,0,1,0,0.0,0
1.1071,56,0,0.3027,,9,0,0,0,0.0,0
1.2066,29,0,0.8222,3677.0,4,0,0,0,0.0,1
1.1733,23,0,0.1657,5668.0,9,0,1,0,1.0,0
0.4255,56,0,0.0584,8598.0,10,0,0,0,0.0,0
0.5298,41,0,0.2702,3211.0,11,0,1,0,1.0,0
0.5376,24,0,0.2285,3788.0,7,0,0,0,,0
5.1921,60,0,0.6663,11502.0,4,0,2,0,0.0,0
3.0464,82,3,0.5211,13849.0,7,0,0,1,0.0,0
0.5289,71,1,0.627,7765.0,5,0,2,0,1.0,0
1.3832,48,0,0.617,5278.0,8,0,0,0,0.0,0
0.5655,52,0,0.5875,3822.0,3,0,1,0,0.0,0
0.216,64,0,0.4183,5410.0,7,0,0,0,0.0,0
0.234,68,0,0.2073,2721.0,7,0,3,0,1.0,0
0.0091,47,0,0.5257,,7,0,1,0,0.0,0
0.5613,52,0,0.2169,10532.0,12,0,1,0,3.0,0
0.3585,56,0,1.2063,7734.0,14,0,1,0,0.0,0
0.8482,60,0,0.0065,7583.0,3,0,1,0,0.0,0
0.208,50,0,0.3434,4155.0,8,0,2,0,3.0,0
0.4337,50,0,0.6014,7412.0,8,0,0,0,,0
0.633,71,0,0.2835,12050.0,11,0,0,0,1.0,0
0.5025,69,0,0.8297,1344.0,3,0,0,0,0.0,0
0.3338,59,0,0.4667,,5,0,0,0,0.0,0
0.8049,76,0,1.0623,7313.0,9,0,2,0,1.0,0
0.7051,47,0,0.5917,2199.0,6,0,0,0,1.0,0
0.8728,75,0,0.8354,3769.0,5,0,1,0,,0
0.4261,60,0,0.4997,13635.0,19,0,0,0,1.0,0
0.725,95,0,0.5856,4757.0,6,0,0,0,0.0,1
0.5764,35,0,0.8169,16222.0,11,0,0,0,0.0,0
0.4016,42,0,0.0488,7571.0,10,0,2,0,2.0,0
2.3398,58,1,0.2114,7828.0,12,0,1,1,1.0,0
2.6002,58,0,0.6414,2769.0,8,0,0,0,2.0,1
0.4473,79,0,0.2558,6938.0,6,0,1,0,0.0,0
0.0443,43,0,0.0652,4237.0,5,0,2,0,0.0,0
0.3278,65,0,0.0962,5019.0,10,0,1,0,1.0,0
2.6857,68,0,0.4736,,6,0,0,0,0.0,0
0.5525,62,0,0.4275,6648.0,10,0,3,0,3.0,0
0.6018,39,0,0.7334,1693.0,8,0,2,0,1.0,0
0.3287,72,0,0.4224,8428.0,6,0,0,0,0.0,0
0.3026,69,0,0.3364,6252.0,11,0,1,0,0.0,0
0.651,60,0,0.2787,4534.0,8,0,1,0,0.0,0
0.3737,55,0,0.3642,20503.0,2,0,1,0,2.0,0
3.7842,55,0,0.3824,5538.0,6,0,0,0,0.0,0
0.0932,51,0,0.458,13152.0,8,0,1,0,0.0,0
0.008,61,0,0.2632,3607.0,12,0,1,0,0.0,0
0.8868,52,0,0.3429,3908.0,4,0,1,0,2.0,0
0.6192,40,2,0.5807,8180.0,9,0,2,0,0.0,0
0.678,37,0,0.1415,,2,0,0,0,0.0,1
3.9024,41,0,0.2753,4949.0,12,0,0,0,1.0,0
2.9255,55,0,0.0932,3405.0,3,0,0,0,3.0,1
0.5507,52,0,0.1488,12763.0,9,0,0,0,1.0,0
0.0236,55,0,0.0294,,11,0,2,0,0.0,0
3.8831,59,0,0.5512,3412.0,11,0,1,0,3.0,0
1.6266,43,0,0.5603,9762.0,6,0,0,0,0.0,0
0.4946,73,0,0.1497,6241.0,8,0,2,0,1.0,1
0.9332,48,0,0.5,2687.0,5,0,1,0,0.0,0
0.5707,46,0,0.5369,5223.0,6,0,0,0,1.0,0
0.0276,59,0,0.5401,6410.0,7,0,0,0,0.0,0
0.3951,26,2,1.1307,2004.0,9,0,1,0,1.0,1
0.5626,41,0,0.2671,2662.0,10,0,1,0,2.0,0
0.6034,66,0,0.795,7999.0,10,0,1,0,2.0,0
0.2705,28,0,0.0671,7495.0,7,0,0,0,,0
0.0238,68,0,0.2164,,7,0,1,0,0.0,0
0.6733,73,0,0.6959,7088.0,11,0,0,0,2.0,0
0.1369,47,0,1.1464,,7,0,0,0,0.0,0
0.5156,56,0,0.3947,6832.0,6,0,2,0,1.0,0
0.0248,68,0,0.6308,,5,0,1,0,0.0,0
0.8996,45,3,0.1241,,7,3,2,0,2.0,0
0.2846,64,2,0.2979,12580.0,9,0,3,0,2.0,0
0.2645,43,1,0.2563,5570.0,10,0,0,1,0.0,1
0.036,45,0,0.5943,,11,0,1,0,0.0,0
2.0729,41,0,0.2334,2462.0,9,0,1,0,0.0,0
0.288,57,0,0.8973,3049.0,12,0,2,0,1.0,0
0.4872,68,1,0.7134,4427.0,14,0,2,1,0.0,0
0.5321,49,0,0.318,6258.0,7,0,0,0,0.0,0
0.388,34,0,0.1075,,15,0,0,0,0.0,0
0.2387,37,0,0.5247,3932.0,10,0,1,0,0.0,0
0.052,58,0,0.0704,3104.0,12,0,1,0,0.0,0
0.2434,78,0,0.2898,4895.0,10,0,1,0,0.0,0
0.5571,58,0,0.4134,,5,0,1,0,0.0,0
0.0863,47,0,0.7112,3457.0,6,0,1,0,0.0,0
4.212,63,0,1.03,7945.0,9,0,0,1,0.0,0
6.5753,49,0,0.7966,22469.0,11,0,0,0,0.0,0
0.5115,47,0,0.486,6846.0,10,0,2,0,2.0,0
0.3654,39,0,0.8946,3005.0,5,0,1,0,1.0,0
0.0649,72,0,0.5575,1576.0,11,0,0,0,2.0,0
4.952,21,0,0.8037,,8,2,0,0,2.0,0
0.6699,63,0,0.3598,7331.0,4,0,0,0,0.0,0
0.5136,46,0,0.7422,,6,0,1,0,0.0,0
0.4014,46,0,0.248,5920.0,10,0,1,0,0.0,0
0.5221,76,0,0.3838,3806.0,4,0,2,0,0.0,0
0.7155,42,0,0.7458,4193.0,9,0,0,0,0.0,1
0.1989,42,0,0.6589,4461.0,4,0,1,0,0.0,0
0.0402,50,0,0.219,6019.0,8,0,1,0,3.0,0
2.7871,58,0,0.6913,2670.0,9,0,1,0,0.0,0
0.5133,46,0,0.5905,8182.0,6,0,2,0,0.0,0
0.0766,30,0,0.4234,,8,0,0,0,1.0,0
0.0418,40,0,0.4895,,11,0,0,0,0.0,0
0.6309,70,0,0.7082,,5,0,1,0,1.0,1
1.5826,53,0,0.6183,5340.0,7,0,1,0,0.0,0
0.2108,58,0,0.8773,3563.0,6,0,1,0,0.0,0
0.5673,48,0,0.0835,7519.0,4,0,0,0,,0
7.724,43,0,0.0801,1847.0,7,0,3,0,1.0,0
0.6224,75,0,0.5156,7565.0,10,0,4,0,0.0,0
0.4859,49,0,0.4244,2816.0,4,0,1,0,1.0,0
0.498,46,0,1.1935,1472.0,6,0,2,0,0.0,1
0.0182,67,0,0.5814,5358.0,12,0,1,0,0.0,0
0.1251,42,0,0.1818,,11,0,3,0,0.0,0
0.5213,44,0,0.2816,2295.0,9,0,0,0,0.0,0
0.1879,52,0,0.1628,3563.0,3,0,0,0,0.0,0
1.4072,52,0,0.6021,,8,0,1,0,0.0,1
2.3414,56,1,0.095,1388.0,6,0,1,0,0.0,0
0.857,81,0,0.5555,5858.0,10,0,0,0,1.0,0
0.8296,57,0,0.8347,3674.0,8,0,3,0,2.0,0
0.477,21,0,0.7111,2923.0,10,0,2,0,3.0,1
0.206,57,0,0.7141,3183.0,5,0,1,0,0.0,0
0.1912,53,0,0.5309,1742.0,5,0,2,0,0.0,0
2.7582,53,0,0.6311,1564.0,8,0,0,0,1.0,0
0.443,55,0,0.8081,,13,0,0,0,1.0,1
0.1233,52,0,0.7144,9254.0,12,0,1,0,0.0,0
0.1405,51,0,0.577,6795.0,4,0,0,0,3.0,0
0.276,61,0,0.5254,4953.0,7,0,2,0,1.0,0
3.9149,44,0,0.3344,3002.0,8,0,0,0,1.0,0
1.3135,39,0,0.603,3041.0,5,0,2,0,1.0,0
1.7574,94,0,0.6396,3037.0,6,0,3,0,0.0,0
0.3184,42,0,0.4599,2856.0,7,0,1,0,0.0,0
5.9515,53,0,0.4371,4075.0,9,0,0,0,1.0,0
0.4461,31,0,0.0793,6626.0,12,0,1,0,4.0,0
0.3901,54,0,0.5194,7687.0,8,0,0,0,1.0,0
0.0582,39,0,0.9734,12722.0,8,0,1,0,1.0,0
1.0103,46,0,0.5973,1820.0,4,0,1,0,0.0,0
1.2769,67,0,0.2273,6021.0,9,0,0,0,2.0,0
0.01,59,0,0.6226,,10,0,0,0,0.0,0
0.7801,60,0,0.6192,18059.0,6,0,0,0,1.0,0
0.3609,27,0,0.6229,14357.0,8,0,0,0,0.0,0
0.2547,78,0,0.2303,8669.0,7,0,2,0,1.0,0
0.0803,35,0,0.137,8144.0,10,0,1,0,1.0,0
1.0042,73,0,0.3292,,7,0,3,0,0.0,1
0.2234,66,0,0.318,6522.0,6,0,2,0,0.0,0
0.1906,60,0,0.3171,3899.0,10,0,1,0,0.0,0
0.0454,40,0,0.378,1752.0,6,0,1,0,2.0,0
0.6979,54,0,0.4362,7397.0,7,0,2,0,1.0,0
0.3147,45,0,0.9679,10799.0,8,0,0,0,0.0,0
0.8257,52,0,0.3425,7826.0,11,0,2,0,2.0,0
0.7892,49,0,0.6262,6550.0,12,0,1,0,0.0,0
0.0277,23,0,0.4179,3244.0,8,0,0,0,1.0,0
0.3409,68,0,0.6615,5438.0,9,0,2,0,1.0,0
0.3116,51,0,0.2332,1747.0,9,0,0,0,1.0,0
0.3529,45,0,0.4274,6047.0,4,0,2,0,0.0,0
6.8401,44,0,0.3173,,7,0,2,0,0.0,0
0.272,57,0,0.476,3632.0,9,0,0,0,0.0,0
0.3395,39,0,0.5594,,13,0,1,0,1.0,0
0.3174,21,0,0.1104,,6,0,2,0,1.0,0
0.3117,58,0,1.0388,5416.0,5,0,1,0,1.0,0
4.8722,59,0,0.0452,6478.0,13,0,1,0,2.0,0
0.1019,49,0,0.1763,6496.0,7,0,0,0,1.0,0
0.4969,36,0,0.6436,7449.0,6,0,2,0,0.0,0
0.4366,53,0,0.2651,6784.0,7,0,0,0,2.0,1
0.3576,31,0,0.5942,6796.0,8,0,0,0,0.0,0
0.3849,38,0,0.0833,5316.0,7,0,1,0,1.0,0
0.8165,41,0,0.0567,4858.0,4,0,1,0,1.0,0
0.5254,64,0,0.0533,9950.0,6,0,0,0,0.0,0
0.7185,47,0,0.7367,5656.0,6,0,1,0,0.0,0
0.6775,46,0,0.5242,,14,0,0,0,1.0,0
4.55,79,0,0.2655,3460.0,8,0,1,0,0.0,0
4.9816,57,0,0.2719,2515.0,8,0,2,0,0.0,0
0.0065,57,0,0.2915,3531.0,8,0,2,0,1.0,0
0.526,47,0,1.031,5567.0,7,0,3,0,1.0,0
0.5463,44,0,1.0289,4637.0,11,0,1,0,1.0,0
0.4553,21,0,0.2866,9932.0,10,0,2,0,1.0,0
1.0108,66,0,1.1886,4337.0,8,0,0,0,2.0,1
0.3958,58,0,0.7169,2781.0,6,0,2,0,2.0,0
0.5065,49,0,0.19,,7,0,3,0,0.0,0
0.9802,50,0,0.1739,1969.0,6,0,2,0,1.0,0
0.2435,62,0,0.2249,9080.0,10,0,3,0,1.0,0
0.1864,30,0,0.1661,6682.0,6,0,2,0,1.0,0
0.009,44,0,0.3641,2789.0,3,0,0,0,0.0,0
4.5756,36,0,0.5124,7405.0,7,0,2,0,0.0,0
0.9022,77,0,0.5962,5549.0,10,0,1,0,0.0,0
0.2456,64,0,0.725,6416.0,7,0,1,0,0.0,0
0.4168,21,2,0.4922,,5,0,2,0,1.0,0
0.0126,31,0,1.0873,5047.0,5,0,0,0,1.0,0
0.3181,50,0,0.1772,2346.0,6,0,0,0,1.0,0
0.3055,45,0,0.3866,7072.0,10,0,3,0,1.0,0
0.0759,33,0,0.4679,3312.0,8,0,0,0,1.0,0
0.0407,79,0,0.2688,3588.0,9,0,3,0,0.0,0
0.2864,56,0,0.6748,4761.0,6,0,2,0,1.0,0
0.2336,59,0,0.5809,5774.0,10,0,0,0,1.0,0
0.3555,42,0,0.4186,6297.0,10,0,0,0,0.0,0
4.2323,62,0,0.2938,3573.0,10,0,2,0,0.0,0
0.1105,47,0,0.2426,,9,0,3,0,0.0,0
0.4878,48,0,0.558,2525.0,6,0,1,0,1.0,1
12.437,61,0,0.4784,6837.0,8,0,2,0,1.0,0
0.0545,29,0,1.1978,6698.0,9,0,0,0,1.0,0
0.2226,74,0,0.3386,4337.0,7,0,0,0,0.0,0
0.1819,55,0,1.2091,4963.0,8,0,1,0,1.0,0
0.4958,70,0,0.1755,6693.0,6,0,0,0,,0
0.0546,37,0,0.7095,,7,0,1,0,1.0,0
0.1521,39,0,0.1389,18626.0,8,0,0,0,0.0,0
0.1095,36,0,0.3612,,6,0,0,0,1.0,0
0.4463,56,0,0.4237,9145.0,7,0,1,0,1.0,0
1.7182,53,0,0.2429,4674.0,12,0,1,0,0.0,0
0.2445,45,0,0.1328,16404.0,6,0,1,0,0.0,1
2.9761,38,0,0.8701,5084.0,8,0,1,0,1.0,0
0.33,34,0,0.4057,4918.0,10,0,1,0,1.0,0
0.5545,51,0,0.5781,,9,0,1,0,1.0,0
1.7845,45,0,0.357,,5,0,0,0,3.0,1
0.2533,42,0,0.4426,2920.0,10,0,2,0,0.0,0
1.5975,74,0,0.8545,,8,0,0,0,0.0,0
0.4014,51,0,0.5509,3960.0,5,0,0,0,2.0,0
0.1116,70,0,0.2953,,5,0,1,0,2.0,0
0.6648,45,0,0.5489,5170.0,8,0,1,0,0.0,0
0.3134,55,0,0.6606,,9,0,0,0,1.0,0
0.5981,51,0,0.3029,,11,0,1,0,0.0,0
0.4252,28,0,0.1522,4508.0,12,0,0,0,2.0,0
0.0877,72,0,0.18,2597.0,14,0,0,0,2.0,0
0.2792,50,0,0.9998,2358.0,10,0,1,0,0.0,0
0.0843,62,0,0.6428,,4,0,2,0,1.0,0
0.4028,41,0,0.7338,,8,0,0,0,1.0,0
0.4714,50,0,0.6389,11252.0,6,0,0,0,1.0,0
0.4217,40,0,0.6565,6631.0,8,0,1,0,1.0,0
0.1014,69,0,0.6098,,8,0,0,0,0.0,0
0.3126,56,0,0.8823,691.0,11,0,3,0,2.0,0
0.451,57,0,0.7904,,14,0,1,0,1.0,0
0.6159,71,0,0.9172,6663.0,4,0,2,0,1.0,0
0.2407,68,0,0.4668,14116.0,2,0,1,0,2.0,0
0.2077,63,0,0.4836,5756.0,9,0,1,0,0.0,0
1.222,32,0,1.216,6207.0,9,0,0,0,1.0,0
0.501,42,0,0.1679,10314.0,12,0,1,0,,0
0.7416,38,0,0.3969,4699.0,8,0,1,0,2.0,0
0.6379,62,0,0.3445,14849.0,7,0,0,0,2.0,0
0.0728,54,0,0.2557,6734.0,7,0,2,0,1.0,0
0.1675,33,0,0.4807,,10,0,0,0,3.0,0
0.3092,49,0,0.5532,,15,0,0,0,1.0,0
0.2186,31,0,0.4535,6138.0,11,0,0,0,1.0,0
0.1304,51,0,0.8248,,11,0,4,0,0.0,0
3.8313,29,3,0.35,5005.0,12,0,0,0,0.0,0
0.3645,59,0,0.4504,5051.0,7,0,0,0,0.0,0
0.1185,57,0,0.099,2074.0,8,0,0,0,0.0,0
0.0807,79,0,0.5762,12470.0,8,0,0,0,0.0,0
1.0244,64,0,0.4621,9478.0,6,0,2,0,2.0,0
0.0833,46,0,0.366,4718.0,6,0,0,0,1.0,0
0.1083,63,0,0.2768,5331.0,14,0,0,0,0.0,0
1.0512,32,0,0.8072,3213.0,7,0,2,0,0.0,0
1.7486,39,0,0.0566,7552.0,15,0,0,0,0.0,0
0.0979,57,0,0.693,3321.0,6,0,0,0,1.0,0
0.6759,22,0,0.3413,3844.0,9,0,0,0,0.0,0
0.2101,51,0,0.0305,3970.0,8,0,3,0,2.0,0
0.2049,38,0,0.5747,4949.0,9,0,1,0,1.0,0
1.799,53,0,0.3235,3757.0,6,0,0,0,1.0,0
0.7198,37,0,1.1986,,4,0,0,0,0.0,0
0.2706,58,0,0.0431,3831.0,6,0,1,0,,0
0.2347,52,0,0.4062,5901.0,9,0,1,0,1.0,0
2.3698,72,0,0.2738,4728.0,3,0,2,0,0.0,1
0.9119,52,0,0.0526,6679.0,11,0,1,0,0.0,0
0.0602,41,0,0.1286,5760.0,11,0,0,0,2.0,0
0.3315,49,3,0.3685,,10,0,0,0,1.0,0
4.1279,33,0,0.5117,19436.0,7,0,1,0,0.0,0
0.7245,58,0,0.5919,8925.0,7,0,1,0,0.0,0
0.6266,60,0,0.101,,5,0,0,0,0.0,0
0.7403,87,0,0.417,2511.0,6,0,0,0,,0
0.3142,43,3,0.9916,4377.0,8,0,1,0,1.0,0
0.4285,48,0,0.4116,30219.0,9,0,1,0,1.0,0
0.7595,44,0,0.1764,7851.0,12,0,0,0,1.0,0
4.6486,55,0,0.4623,1733.0,12,0,0,0,0.0,0
0.128,57,0,0.4233,8260.0,4,0,1,0,0.0,0
0.2928,51,0,0.6433,12771.0,8,0,1,0,2.0,0
0.0631,67,0,0.6297,5226.0,7,0,0,0,0.0,0
4.3449,43,0,0.8605,2503.0,13,0,1,1,0.0,0
0.4521,66,0,0.5145,3585.0,6,0,1,0,2.0,0
0.4811,60,0,1.5021,,10,0,1,0,0.0,0
0.1467,52,0,0.3738,6812.0,4,0,0,0,0.0,0
0.2682,48,0,0.5355,2351.0,5,0,0,0,0.0,0
0.46,86,0,0.6132,9138.0,6,0,0,0,0.0,0
0.166,41,0,0.3431,4818.0,10,0,0,0,1.0,0
3.2798,56,0,1.173,3930.0,6,0,0,0,1.0,0
0.3148,41,0,0.7588,6989.0,6,0,0,0,1.0,0
0.658,77,0,0.4945,4295.0,10,0,3,0,0.0,0
0.26,64,0,0.5456,7201.0,10,0,2,0,0.0,0
0.2712,43,0,0.3552,4114.0,8,0,1,0,,0
0.3959,59,0,0.3609,,9,0,1,0,0.0,0
4.3442,56,0,0.2222,8886.0,10,0,1,0,0.0,0
1.1452,45,2,0.594,5758.0,20,0,1,0,0.0,0
0.3579,63,0,0.6072,15985.0,7,0,1,0,3.0,0
0.6143,57,0,0.3983,4556.0,11,0,2,0,1.0,0
0.326,55,0,0.1097,6743.0,7,0,1,0,2.0,0
0.3648,51,0,0.6874,6190.0,8,0,0,0,1.0,0
0.7447,58,0,0.6629,5571.0,6,0,0,0,1.0,0
1.0095,55,0,0.177,7863.0,8,0,0,0,2.0,0
0.4905,53,0,0.2734,5591.0,7,0,2,0,0.0,0
0.754,43,0,0.9181,8511.0,7,0,4,0,0.0,0
0.607,76,1,0.4416,6733.0,7,0,0,0,1.0,0
3.4786,37,0,0.6878,2381.0,2,0,0,0,0.0,0
3.786,58,1,0.562,3739.0,8,0,0,0,1.0,0
0.4335,48,0,0.4427,5367.0,11,0,1,0,0.0,0
0.0788,77,0,0.542,5306.0,8,0,1,0,3.0,0
2.253,39,0,0.6529,6496.0,5,0,0,0,1.0,0
0.3376,42,0,0.7426,8299.0,12,0,1,0,0.0,0
3.777,38,0,0.8162,,13,0,3,0,1.0,0
0.3497,57,0,0.6575,6136.0,7,0,0,0,2.0,0
0.5296,33,0,0.6078,7245.0,4,0,3,0,2.0,0
4.2312,45,0,0.5794,,6,0,4,0,1.0,0
0.0915,22,0,0.2404,11332.0,11,0,4,0,1.0,0
0.8221,55,0,0.3037,7782.0,7,0,1,0,2.0,0
0.3613,45,1,0.4481,3403.0,6,1,2,0,1.0,0
0.3804,31,0,0.1119,7554.0,4,0,1,0,1.0,0
0.2295,67,0,1.0454,12535.0,5,0,2,0,0.0,0
0.9251,34,0,0.8891,2794.0,4,0,1,0,1.0,0
0.1646,63,0,0.9717,,12,0,3,0,1.0,0
0.0345,42,0,0.1687,5259.0,7,0,2,0,0.0,0
0.0618,74,0,0.7344,5334.0,7,0,0,0,0.0,0
5.6826,62,0,0.9587,8558.0,9,0,1,0,2.0,0
0.103,38,0,0.6916,10239.0,11,0,1,0,1.0,0
0.156,39,0,0.6214,6060.0,6,0,3,0,0.0,0
0.134,60,0,0.4939,6333.0,11,0,1,0,1.0,0
0.6776,48,0,0.1305,,4,0,3,0,0.0,1
0.2906,50,0,0.8366,4195.0,7,0,1,0,1.0,0
0.4283,70,0,0.1072,,10,0,0,0,1.0,0
3.0639,42,0,0.6732,5225.0,8,0,0,0,0.0,0
0.196,53,0,0.6779,,8,0,0,0,0.0,0
0.5567,65,0,0.319,8575.0,9,0,0,0,0.0,0
0.0954,63,0,0.4461,,5,0,1,0,2.0,0
0.457,50,0,0.4957,5504.0,7,0,2,0,1.0,0
1.7279,48,0,0.2687,2985.0,4,0,3,0,1.0,0
0.028,28,0,0.1525,4400.0,6,0,1,0,0.0,0
0.4389,37,0,0.3588,2996.0,5,0,3,0,1.0,0
0.1328,56,0,0.6649,4435.0,7,0,0,0,1.0,0
5.6534,50,0,0.8421,9206.0,13,0,1,0,0.0,0
0.7081,53,0,0.2202,7381.0,10,0,0,0,1.0,0
0.1705,67,0,0.5937,4068.0,7,0,2,0,1.0,0
0.3304,35,0,0.6157,,10,0,1,0,0.0,0
0.2119,49,0,0.3332,11646.0,14,0,5,0,5.0,0
8.8777,55,0,0.3115,3643.0,4,0,0,0,1.0,0
0.0177,42,0,0.6097,2344.0,6,0,3,0,1.0,0
0.8851,72,0,0.4982,,9,0,0,0,1.0,0
0.8108,65,4,0.1423,3679.0,11,0,3,0,0.0,0
0.4553,56,0,0.1981,5453.0,5,0,0,0,1.0,0
0.3298,77,0,0.4147,7393.0,7,0,2,0,0.0,0
0.1715,31,0,0.709,15154.0,4,0,2,0,,0
0.9648,52,3,0.5285,,13,0,4,0,3.0,0
0.0715,57,0,0.1359,3204.0,7,0,2,0,2.0,0
0.7921,39,0,0.6402,10876.0,8,0,0,0,2.0,0
0.1475,56,0,0.1704,3550.0,11,0,1,0,1.0,0
0.0973,37,0,0.7993,,5,0,2,0,0.0,0
0.5533,62,0,0.1708,3543.0,2,0,0,0,2.0,0
0.3107,67,1,0.4057,9486.0,9,1,1,0,2.0,0
0.0365,56,0,1.1432,,7,0,0,0,0.0,0
0.4581,26,0,0.8255,5016.0,6,0,2,0,0.0,0
0.4876,38,0,0.3171,2184.0,11,0,0,0,2.0,0
1.0984,60,1,0.3357,5950.0,15,0,2,0,1.0,0
1.2344,52,0,0.366,23207.0,7,0,1,0,0.0,0
0.1773,21,0,1.1468,,6,0,0,0,0.0,0
0.2961,69,0,0.6347,,17,0,3,0,0.0,0
2.9841,54,0,0.2875,,11,0,1,0,3.0,0
0.2274,41,0,1.1586,,5,0,2,0,0.0,0
0.469,66,0,0.5801,4250.0,11,0,0,0,2.0,0
0.2874,43,0,0.6849,6673.0,9,0,0,0,2.0,0
0.1095,42,0,0.2619,6509.0,4,0,1,0,0.0,0
0.0739,57,0,0.3937,6088.0,9,0,0,0,1.0,0
0.051,77,0,0.4176,2561.0,4,0,2,0,2.0,0
2.2418,75,1,0.4466,,2,0,1,0,0.0,0
0.4961,57,0,0.4412,2950.0,11,0,1,0,0.0,0
0.3292,58,0,0.4003,4920.0,11,0,2,0,0.0,0
0.4681,63,0,0.6604,5927.0,11,0,0,0,0.0,0
0.1933,34,0,0.4645,8114.0,9,0,1,0,0.0,0
0.0057,61,0,0.6867,2948.0,9,0,1,0,0.0,0
0.3394,42,0,0.6199,2149.0,13,0,0,0,1.0,0
0.3315,56,0,0.5812,,4,0,0,0,0.0,0
0.3867,49,1,0.5072,6315.0,9,0,0,1,,0
0.0923,59,0,0.1012,6105.0,5,0,3,0,,0
1.0833,54,0,0.478,5773.0,7,0,3,0,0.0,0
0.3655,21,0,0.1953,,7,0,0,0,,0
0.3533,55,0,0.362,2130.0,10,0,1,0,0.0,0
2.8274,61,0,0.3334,10133.0,9,0,2,1,0.0,0
0.2671,58,0,0.2972,15662.0,5,0,2,0,1.0,0
0.678,51,0,0.2684,,11,0,1,0,0.0,0
0.5651,75,0,0.4637,14495.0,7,0,1,0,1.0,0
0.5922,56,0,0.1588,14474.0,4,0,0,0,0.0,0
6.5442,58,0,0.4148,7196.0,10,0,1,0,0.0,0
0.2205,67,0,0.5669,3773.0,9,0,0,0,0.0,0
2.7287,57,0,0.8153,,7,0,1,0,1.0,0
4.0885,39,0,1.0375,,10,0,3,0,0.0,0
0.3713,21,0,0.5164,8276.0,8,0,1,0,1.0,0
0.1454,45,0,1.0223,10937.0,7,0,3,0,1.0,0
0.0196,63,0,0.559,9184.0,15,0,4,0,1.0,0
0.5463,47,0,0.4409,3902.0,8,0,0,0,1.0,0
0.1016,63,0,0.3484,2750.0,6,0,1,0,0.0,0
0.9609,54,0,0.3568,3862.0,8,0,1,0,1.0,0
0.8975,70,0,0.5758,4686.0,8,0,0,0,0.0,1
0.3732,48,0,0.3966,3276.0,6,0,1,0,1.0,0
0.1315,59,0,0.2196,11659.0,7,0,1,0,0.0,0
0.0864,59,0,0.9398,,16,0,1,0,1.0,0
0.3815,73,0,0.2169,7149.0,14,0,4,0,0.0,0
0.3682,28,0,0.3228,,12,0,0,0,0.0,0
0.4078,46,0,0.2592,4063.0,7,0,0,0,0.0,0
0.3006,64,0,0.48,8021.0,6,0,0,0,1.0,0
0.1746,74,0,0.5974,9014.0,9,0,0,0,1.0,0
0.0628,55,0,0.9733,2213.0,5,0,1,0,0.0,0
0.4131,48,1,0.7225,,14,0,1,1,1.0,0
0.3752,63,0,0.6828,14351.0,8,0,1,0,0.0,0
0.0143,64,0,0.9034,14751.0,7,0,1,0,,0
0.5514,47,0,0.428,2758.0,7,0,2,0,2.0,0
0.3085,57,0,0.1799,7742.0,8,0,2,0,1.0,0
4.1237,69,0,0.4145,3800.0,7,0,1,0,1.0,0
0.1796,78,0,0.0985,5405.0,4,0,2,0,1.0,0
0.1706,62,0,0.1208,9087.0,12,0,0,0,0.0,0
0.3725,53,0,0.4464,,9,0,0,0,2.0,0
0.0016,51,0,0.2765,,6,0,1,0,2.0,0
0.1987,60,0,0.7002,3178.0,7,0,1,0,1.0,0
6.2406,50,2,0.5215,,6,0,2,1,2.0,0
0.3655,55,0,0.5634,15482.0,13,0,6,0,0.0,0
0.8869,37,0,0.7772,7648.0,7,0,0,0,0.0,0
0.3572,70,0,0.6921,1749.0,5,0,2,0,1.0,0
0.5068,36,0,0.3668,5288.0,6,0,1,0,0.0,0
0.1126,46,0,0.3568,6945.0,8,0,0,0,0.0,0
0.8848,53,0,0.8178,3736.0,8,0,5,0,1.0,0
0.3579,80,0,0.4106,,7,0,1,0,1.0,0
0.7223,46,0,0.4721,17006.0,10,0,2,0,2.0,0
0.2418,43,0,0.7674,,7,0,1,0,1.0,0
1.2511,44,0,0.3609,10169.0,8,0,1,0,,0
0.7329,75,3,0.2334,,5,0,1,1,0.0,0
0.9843,21,0,0.1715,5720.0,6,0,1,0,0.0,0
0.3593,38,0,0.4452,2950.0,10,0,1,0,2.0,0
0.4368,90,1,0.5894,,9,0,1,0,0.0,0
0.1121,60,0,0.2726,3125.0,9,0,1,0,1.0,0
5.3236,37,0,0.7244,2637.0,10,0,0,0,1.0,1
0.4756,51,0,0.4087,5900.0,4,0,1,0,1.0,0
0.2497,53,0,0.3714,,10,0,1,0,1.0,0
0.1612,64,0,0.5752,2512.0,4,0,0,0,3.0,0
0.1744,78,0,0.8825,3120.0,11,0,1,0,2.0,0
0.5809,57,0,0.1697,,9,0,0,0,0.0,0
0.2606,44,0,0.1333,8153.0,6,0,0,0,1.0,0
0.0812,63,0,0.5901,3801.0,7,0,0,0,0.0,0
0.4403,42,0,0.6246,,10,0,0,0,0.0,0
1.0928,38,5,0.3537,8279.0,13,1,1,1,1.0,0
0.6278,27,0,0.276,18815.0,8,0,2,0,2.0,0
2.0613,30,0,0.6112,7837.0,12,0,0,3,1.0,0
0.689,39,0,0.6042,7999.0,7,0,2,0,1.0,0
0.4078,36,0,0.3707,4436.0,12,0,1,0,1.0,0
0.5194,56,0,1.2045,25022.0,8,0,0,0,1.0,0
2.7957,35,0,0.3485,8399.0,5,0,0,0,,0
5.288,21,0,0.3224,3695.0,6,0,2,0,0.0,0
0.0138,37,0,0.1849,,8,0,1,0,0.0,0
0.5405,45,0,0.3859,,7,0,2,0,0.0,0
0.0865,44,0,0.3133,6698.0,10,0,1,0,1.0,0
0.4171,73,0,0.2666,,8,0,1,0,0.0,0
4.1428,43,0,0.6297,7709.0,6,0,2,0,1.0,0
0.5888,64,0,0.3724,8419.0,6,0,1,0,0.0,0
0.3698,52,0,0.2971,3854.0,10,0,1,0,0.0,0
0.1218,51,0,0.3091,,4,0,1,0,,0
0.3189,40,0,0.1792,9829.0,10,0,1,0,2.0,0
4.3219,51,0,0.7012,11728.0,10,0,1,0,1.0,0
0.5157,41,0,0.4248,9064.0,6,0,1,0,2.0,0
0.3832,54,0,0.7222,1927.0,9,0,2,0,1.0,0
0.0159,49,0,0.2698,2504.0,7,0,0,0,1.0,0
0.6361,39,0,0.1817,,11,0,1,0,1.0,0
0.1316,66,1,0.2008,7890.0,7,0,0,0,,0
0.3555,58,0,0.5244,10431.0,11,0,2,0,0.0,0
0.1752,46,0,0.4757,23710.0,5,0,1,0,2.0,0
0.3109,54,0,0.3504,2457.0,8,0,1,0,2.0,0
0.1831,51,0,0.2119,2835.0,6,0,0,0,0.0,0
7.1065,40,0,0.305,3567.0,5,0,2,0,2.0,0
0.3139,53,0,0.3972,7565.0,11,0,2,0,0.0,0
2.1747,43,0,0.5665,2672.0,1,0,2,3,0.0,0
0.4441,39,0,0.5944,4864.0,5,0,0,0,0.0,0
0.037,29,0,0.3848,7492.0,3,0,1,0,0.0,0
1.4053,47,0,0.6093,8260.0,7,0,3,0,0.0,0
0.4228,60,0,0.5729,4516.0,7,0,1,0,0.0,1
0.4897,42,0,0.5793,8555.0,9,1,1,0,0.0,0
0.3598,87,0,0.9265,2935.0,7,0,0,0,0.0,0
1.7383,64,0,0.9302,,12,0,4,0,1.0,1
0.1434,70,0,0.7006,1332.0,7,0,1,0,2.0,0
6.2322,63,0,0.3105,6230.0,6,0,1,0,2.0,0
0.4152,78,0,0.6081,11304.0,4,0,1,0,2.0,0
0.7428,41,0,0.5754,7827.0,2,0,2,0,1.0,0
3.0343,21,0,0.6222,5172.0,11,0,0,0,0.0,1
0.1884,46,0,0.1908,5414.0,12,0,2,0,0.0,0
0.2749,60,0,0.9368,5939.0,7,0,3,0,0.0,0
0.0835,54,0,0.7576,5876.0,8,0,1,0,2.0,0
0.1059,56,0,0.7464,,6,0,0,0,0.0,0
0.4577,70,0,0.8728,4503.0,11,0,0,0,0.0,1
0.2664,57,0,0.201,11220.0,10,0,2,0,1.0,0
1.4474,63,0,0.8987,4122.0,11,0,2,0,1.0,0
0.705,39,0,0.0849,2936.0,8,0,0,0,0.0,0
0.4609,37,0,0.5367,7541.0,10,0,0,0,1.0,0
0.6301,75,0,1.2589,7100.0,10,0,1,0,1.0,0
0.5653,53,0,0.3022,8745.0,10,0,0,0,0.0,0
0.0372,43,0,0.259,5162.0,9,0,1,0,1.0,0
0.7092,43,0,0.0987,7614.0,8,0,1,0,2.0,0
0.5956,43,0,0.5032,7327.0,7,0,2,0,1.0,0
0.7028,42,0,1.1303,,7,0,0,0,2.0,0
0.5325,34,0,1.0245,3017.0,7,0,1,0,2.0,1
0.7219,31,0,0.0885,3558.0,4,0,4,0,1.0,0
0.4749,49,0,0.4348,4913.0,6,0,5,0,0.0,0
0.2734,44,0,0.2514,6362.0,4,0,2,0,0.0,0
0.619,68,0,0.198,16453.0,11,0,1,0,0.0,0
0.1789,56,0,0.6916,4583.0,10,0,0,0,0.0,0
0.1728,56,0,1.0377,6262.0,6,0,1,0,2.0,0
0.6072,42,0,0.4257,3000.0,9,0,2,0,0.0,0
1.1881,50,0,0.3778,,8,0,0,0,0.0,0
0.4069,57,0,0.22,,7,0,0,0,0.0,0
5.0957,62,0,0.5049,2874.0,10,0,0,0,0.0,1
0.4164,51,0,1.0401,13579.0,7,0,1,0,0.0,0
0.4366,67,0,0.6972,2927.0,12,0,0,0,0.0,0
1.7212,52,0,1.1265,3350.0,13,0,2,0,0.0,0
0.8916,63,0,0.3105,4568.0,11,0,1,0,0.0,1
0.4955,45,0,0.2272,2178.0,8,0,0,0,0.0,0
0.6363,27,0,0.7408,,11,0,2,0,2.0,1
0.0791,56,0,0.2776,7318.0,13,0,0,0,2.0,0
0.5788,62,0,0.2928,7644.0,10,0,2,0,3.0,0
0.0912,60,0,0.5355,1487.0,11,0,0,0,0.0,0
0.0893,58,0,0.3742,13805.0,2,0,1,0,0.0,0
0.1806,47,0,0.6688,5664.0,10,0,1,0,0.0,0
0.3049,41,0,0.1507,,8,0,1,0,0.0,0
0.3682,60,0,0.2488,5089.0,8,0,2,0,1.0,0
0.1469,58,1,0.4099,,10,0,0,0,1.0,0
0.7208,44,0,0.2008,6579.0,10,0,1,0,2.0,0
0.5821,68,0,0.9925,,5,0,2,0,1.0,0
0.6909,40,0,0.3214,2883.0,12,0,1,0,2.0,0
0.875,44,0,0.2603,5511.0,10,0,0,0,3.0,0
0.1152,75,0,0.0435,4909.0,8,0,2,0,1.0,0
0.7875,64,0,0.634,,8,0,1,0,1.0,1
0.1241,47,0,0.9142,,6,0,1,0,1.0,0
0.4066,56,0,0.6892,4526.0,6,0,1,0,0.0,0
0.5926,54,0,0.3677,,13,0,0,0,0.0,0
0.2912,21,0,0.5895,4122.0,9,0,0,0,1.0,0
3.0909,39,0,0.5785,2527.0,3,0,1,0,0.0,0
0.0492,51,0,0.194,3734.0,8,0,1,0,1.0,0
0.3225,47,0,0.4495,2211.0,6,0,1,0,0.0,0
0.5227,55,0,0.0993,7069.0,5,0,2,0,1.0,0
0.4119,68,0,0.3313,,6,0,2,0,2.0,0
0.1751,47,0,0.7037,8496.0,5,0,1,0,1.0,0
0.4253,37,0,0.3043,,8,0,1,0,2.0,0
0.1493,57,0,0.6337,11884.0,8,0,2,0,1.0,0
0.4263,47,0,0.1536,6681.0,11,0,0,0,1.0,0
0.9106,50,0,1.0785,7179.0,9,0,0,0,0.0,0
0.1792,48,0,0.1551,6246.0,4,0,0,2,0.0,0
0.0341,83,0,0.8214,3384.0,15,0,2,0,0.0,0
0.8507,21,0,0.2381,17921.0,7,0,1,0,0.0,0
0.6286,47,0,0.7335,3322.0,8,0,1,0,1.0,0
0.3659,52,0,0.3525,5555.0,9,0,0,0,3.0,0
0.4505,41,0,0.3916,4029.0,8,0,0,0,1.0,0
0.5224,65,0,0.3808,4305.0,8,0,1,0,1.0,0
0.3697,63,0,0.4125,3766.0,7,0,2,0,1.0,0
0.3346,51,0,0.0817,7069.0,14,0,2,0,0.0,0
0.7728,48,0,0.2625,2656.0,7,0,1,0,0.0,0
0.2687,50,0,0.0845,,5,0,1,0,2.0,0
0.7354,51,0,0.5388,4047.0,6,0,1,0,1.0,0
0.1439,51,0,0.5744,3800.0,13,0,1,0,2.0,0
0.8136,49,0,0.0677,12889.0,9,0,1,0,2.0,0
0.2539,56,0,0.8738,5327.0,9,0,1,0,0.0,0
0.215,63,0,0.5215,6907.0,8,0,1,0,0.0,0
0.1282,35,0,0.7673,3378.0,14,0,2,0,1.0,0
0.6146,37,2,0.1856,,7,0,1,0,0.0,0
0.4472,28,0,0.2428,5521.0,7,0,1,0,0.0,0
0.2735,64,0,0.6432,7151.0,7,0,2,0,2.0,0
0.0091,56,0,0.3245,3309.0,8,0,0,0,0.0,0
0.6571,59,0,0.6098,,8,0,3,0,0.0,0
0.2223,32,0,0.6544,8721.0,7,0,1,0,1.0,0
0.1534,77,0,0.7783,,6,0,0,0,1.0,1
0.7279,43,0,0.7394,5194.0,12,0,0,0,2.0,0
0.5013,54,0,0.424,6183.0,10,0,1,0,0.0,0
1.1486,64,0,0.2889,9225.0,10,0,1,0,0.0,0
0.4392,38,0,0.9046,,10,0,0,0,0.0,0
1.0573,44,0,0.5422,,9,0,0,0,0.0,1
0.4934,55,0,0.1594,,7,0,2,0,0.0,0
0.5736,92,0,0.6757,,9,0,2,0,1.0,1
0.3418,56,0,1.2613,3440.0,11,0,0,0,3.0,0
0.5142,74,1,0.316,,11,0,0,0,1.0,0
0.6616,69,0,0.333,3673.0,7,0,2,0,1.0,0
0.3172,57,0,0.8049,13830.0,10,0,0,0,0.0,0
0.0885,38,1,0.9647,2169.0,5,0,1,2,1.0,0
0.1208,67,0,0.5911,11881.0,6,0,0,0,1.0,0
0.4163,31,0,0.3091,15644.0,4,0,1,0,0.0,0
0.2088,74,0,0.2011,,11,0,0,0,1.0,0
0.3648,55,0,0.0086,5887.0,13,0,0,0,0.0,0
0.5486,21,0,0.2463,,5,0,0,0,1.0,0
0.4616,47,0,1.0372,14332.0,8,0,1,0,0.0,0
1.8641,61,0,0.0305,2888.0,6,0,0,0,3.0,0
0.6896,49,0,0.2571,3961.0,14,0,1,0,1.0,0
0.0095,62,0,0.2874,,6,0,1,0,2.0,0
0.4711,40,0,0.6607,,15,0,1,0,2.0,1
0.4924,34,0,0.2161,,6,0,0,0,1.0,0
0.7295,51,0,0.7278,4357.0,9,1,1,0,0.0,0
0.3614,52,0,0.3766,3616.0,7,0,2,0,0.0,0
0.0689,47,0,0.34,5694.0,7,0,0,0,3.0,0
0.7793,69,0,0.819,8561.0,3,0,1,0,1.0,0
0.834,40,0,0.968,9062.0,13,0,0,0,0.0,0
0.4032,56,0,0.5582,2225.0,4,0,0,0,0.0,0
0.024,53,0,1.0476,3983.0,9,0,1,0,1.0,0
0.217,30,0,0.3043,4752.0,10,0,2,0,2.0,0
0.9049,34,0,0.3316,7384.0,9,0,0,0,0.0,0
0.3488,52,0,0.2719,7460.0,9,0,0,0,0.0,0
0.0602,80,0,0.4361,4254.0,11,0,0,0,1.0,0
0.1919,60,0,0.4739,12008.0,8,0,1,0,0.0,0
1.0152,28,0,0.8065,4583.0,4,0,0,0,0.0,1
2.4174,21,0,0.7707,4983.0,14,0,0,0,0.0,0
0.2571,62,0,0.2872,,10,0,0,0,0.0,0
1.8874,51,0,0.9902,5712.0,7,0,2,0,2.0,0
0.823,68,0,0.7581,6470.0,6,0,2,0,0.0,0
0.6383,40,0,0.5247,,5,0,1,0,2.0,0
1.0392,57,0,0.3361,3086.0,9,0,1,0,2.0,0
2.2686,64,2,0.9814,,11,0,3,0,0.0,0
0.3597,46,0,0.7509,1970.0,6,0,1,0,,0
0.5687,46,0,0.5084,2142.0,6,0,0,0,0.0,0
0.2288,52,0,0.6548,7175.0,13,0,2,0,0.0,0
0.058,60,0,0.3816,15230.0,9,0,2,0,1.0,0
0.0978,52,0,0.2705,11322.0,5,0,2,0,1.0,0
0.3574,66,0,0.7716,4137.0,6,0,0,0,1.0,0
0.168,46,0,0.2712,4763.0,8,0,1,0,0.0,0
0.4648,33,0,0.8017,3440.0,11,0,3,0,0.0,0
0.1696,80,0,0.2825,5216.0,6,0,0,0,0.0,0
0.0979,44,0,0.4596,9525.0,1,0,1,0,1.0,0
0.0188,44,0,0.3643,14429.0,9,0,1,0,0.0,0
0.0764,51,0,0.3389,8317.0,5,0,1,0,1.0,0
0.1328,53,0,0.6049,,12,0,0,0,1.0,0
3.7243,47,0,0.562,4370.0,12,0,1,0,2.0,0
2.3152,52,0,0.651,7788.0,12,0,1,0,0.0,0
0.1472,51,0,0.3619,,10,0,1,0,2.0,0
1.7663,54,0,1.0467,3802.0,7,0,0,0,0.0,0
0.0371,21,0,0.258,6127.0,4,0,0,0,0.0,0
0.9471,78,1,0.61,4538.0,12,0,3,0,0.0,0
0.1234,50,0,0.1154,,10,0,2,0,0.0,0
0.1574,60,0,0.8544,9033.0,10,0,1,0,2.0,0
0.1862,33,0,0.5811,13302.0,11,0,0,0,0.0,0
0.7871,45,0,0.6176,12411.0,7,0,0,0,0.0,0
0.0249,43,0,0.562,5748.0,10,0,1,0,2.0,0
0.1189,73,0,0.5216,2600.0,8,0,0,0,1.0,0
0.0732,44,0,0.9059,9951.0,5,0,1,0,0.0,0
0.094,63,0,0.7644,3645.0,9,0,1,0,1.0,0
0.4575,43,3,0.1891,3976.0,7,0,1,0,1.0,0
0.9996,46,2,0.3486,23551.0,8,0,1,2,2.0,0
0.5474,49,0,0.1204,9513.0,8,0,0,0,1.0,0
0.3198,70,0,0.7272,2692.0,9,0,1,0,0.0,0
0.6253,26,0,0.1112,5373.0,4,0,0,0,2.0,0
0.3235,34,0,0.2629,1159.0,6,0,1,0,,0
0.0154,25,0,0.6603,,5,0,1,0,1.0,0
0.4123,37,0,0.7035,10528.0,8,0,2,0,2.0,0
0.0422,41,0,0.4182,4674.0,7,0,0,0,0.0,0
0.8641,29,0,1.2084,,10,0,1,3,0.0,0
0.4976,42,0,0.4763,6227.0,7,0,0,0,4.0,0
0.0889,24,0,0.276,9611.0,8,0,0,0,0.0,0
0.3331,38,0,0.5268,3876.0,9,0,0,0,1.0,0
4.3369,69,0,1.0796,3715.0,8,0,0,0,2.0,0
0.104,58,0,0.1943,5038.0,6,0,2,0,0.0,0
0.7063,55,0,0.6479,3528.0,8,0,1,0,0.0,0
0.8165,38,3,0.4715,4811.0,13,0,1,1,0.0,0
0.1149,30,0,0.7366,5251.0,8,0,2,0,2.0,0
0.3248,36,0,0.4362,4012.0,2,0,1,0,2.0,0
0.3654,51,0,0.4947,8224.0,7,0,0,0,0.0,0
0.6573,64,0,0.881,,10,0,1,0,1.0,0
0.0242,65,0,0.109,,7,0,0,0,1.0,0
0.7196,61,0,0.5482,,10,0,1,0,1.0,0
0.4097,42,0,0.3147,13977.0,5,0,2,0,0.0,0
0.3967,52,0,0.4896,,3,0,1,0,1.0,0
0.4129,48,0,0.4589,,7,0,0,0,3.0,0
0.308,49,0,0.2287,8170.0,8,0,0,0,1.0,0
0.6952,81,0,0.2036,2264.0,7,0,0,0,0.0,1
0.006,27,0,0.6696,4492.0,6,0,1,0,1.0,0
0.0601,49,0,0.5311,2080.0,4,0,1,0,0.0,0
1.3464,69,1,0.5096,9126.0,6,0,3,0,0.0,0
1.011,31,0,0.1128,,10,0,3,0,0.0,0
2.5936,43,0,0.3611,5828.0,12,0,0,0,0.0,1
0.8985,45,0,1.1522,3655.0,8,0,0,0,1.0,1
0.222,49,0,0.8291,,7,0,1,0,0.0,0
0.1027,30,0,0.671,1342.0,5,0,4,0,1.0,0
0.4118,60,0,0.4782,,5,0,1,0,0.0,0
0.1749,61,0,0.3618,,5,0,1,0,1.0,0
0.1109,59,0,0.1916,8772.0,8,0,2,0,1.0,0
0.2141,40,1,0.3748,22644.0,8,0,1,0,1.0,1
0.5421,53,0,0.2635,8375.0,9,0,1,0,1.0,0
0.7732,39,0,0.5002,2100.0,20,0,3,0,2.0,1
0.6994,47,0,0.0778,,9,0,0,0,0.0,0
3.9696,82,0,0.3941,10659.0,8,0,2,0,1.0,0
0.8894,53,0,0.4317,,8,0,1,0,0.0,0
0.0123,35,0,1.3738,9740.0,13,0,0,0,0.0,0
0.3623,55,0,0.9165,10810.0,11,0,1,0,2.0,0
3.1571,33,0,0.2639,2079.0,4,0,1,0,2.0,0
0.523,35,0,0.5675,,5,0,1,0,0.0,0
0.8251,37,0,0.7982,5618.0,12,0,2,0,4.0,0
0.4839,46,0,0.8272,6761.0,10,0,2,0,3.0,0
0.3195,65,0,0.768,,3,0,1,0,1.0,0
0.4484,60,0,0.1431,4661.0,7,0,1,0,0.0,0
0.2311,59,0,0.6106,6009.0,6,0,2,0,0.0,0
0.7114,37,0,0.4405,,15,0,1,0,2.0,0
0.3371,44,0,0.1866,4416.0,17,0,0,0,1.0,0
0.2414,56,0,0.4293,5160.0,8,0,1,0,0.0,0
0.0394,43,2,0.8785,5380.0,4,0,0,0,1.0,0
0.1448,48,0,0.2581,1205.0,6,0,1,0,0.0,0
1.481,58,0,0.9063,12461.0,11,0,2,0,2.0,0
0.1519,47,0,0.888,6571.0,9,0,1,0,3.0,0
2.4223,55,2,0.4021,10349.0,5,0,0,0,1.0,0
0.1634,74,0,0.6327,1677.0,11,0,2,0,2.0,0
0.5185,50,0,0.3751,11272.0,5,0,1,0,0.0,0
0.6043,69,0,0.247,10544.0,13,0,0,0,1.0,0
1.7584,60,0,0.8578,19366.0,6,0,0,0,0.0,0
0.054,31,0,0.8404,,14,0,0,0,2.0,0
0.5751,37,0,0.8397,6890.0,8,0,4,0,0.0,0
0.3925,40,0,0.6149,2790.0,7,0,0,0,0.0,0
1.4831,40,1,0.4028,,10,0,0,2,0.0,0
0.5556,51,0,0.0583,2603.0,9,0,1,0,1.0,0
0.1651,61,1,0.9523,4001.0,10,0,2,1,0.0,0
0.1152,70,0,0.349,3622.0,9,0,1,0,1.0,0
0.08,56,0,0.5342,5430.0,4,0,1,0,0.0,0
0.7563,46,0,0.3994,,5,0,2,0,2.0,0
0.6074,23,0,0.9142,7709.0,12,0,0,0,1.0,0
8.9684,53,0,0.2911,,7,0,1,0,2.0,0
0.1697,52,0,0.1964,3143.0,6,0,2,0,0.0,0
0.5095,55,0,0.7491,,5,0,0,0,1.0,0
0.0026,81,0,0.2863,19752.0,6,0,1,0,1.0,0
0.5326,69,0,0.3699,7924.0,14,0,1,0,1.0,0
0.9266,63,0,0.7001,9566.0,10,0,0,0,1.0,0
0.0015,39,0,0.72,1056.0,10,0,0,0,1.0,0
0.5112,45,0,0.2337,5398.0,12,0,2,0,1.0,0
0.2185,51,0,0.6395,,12,0,0,0,1.0,0
0.8561,41,0,0.6127,2146.0,6,0,1,0,2.0,0
1.2401,59,0,0.5959,6100.0,6,0,0,0,2.0,0
0.1636,57,2,0.3282,10200.0,8,0,0,0,0.0,0
0.3618,37,0,0.3476,2728.0,9,0,1,0,0.0,0
1.2833,69,0,0.3623,,4,0,1,0,0.0,0
1.3852,53,0,0.7161,3465.0,9,0,1,0,0.0,0
0.0291,28,0,0.4198,8021.0,6,0,1,0,2.0,0
0.3005,51,0,0.7506,6978.0,10,0,0,0,0.0,0
0.455,56,0,0.4553,9868.0,7,0,1,0,,0
0.181,66,0,0.1116,,7,0,2,0,2.0,0
1.0531,47,2,0.6406,11540.0,4,0,2,1,0.0,0
0.3461,64,0,0.4748,6113.0,10,0,3,0,0.0,0
0.3214,55,0,0.3211,8044.0,11,0,2,0,2.0,0
0.194,34,0,0.5374,13943.0,7,0,0,0,,0
0.0003,32,0,0.1429,8996.0,7,0,2,0,1.0,0
0.2259,68,0,0.4344,18596.0,11,0,0,0,0.0,0
0.4706,69,0,0.3911,4194.0,11,0,2,0,0.0,0
0.6329,57,0,0.4348,6352.0,9,0,1,1,0.0,0
0.4466,73,0,0.5746,17313.0,3,0,0,0,2.0,0
0.2428,67,0,0.3375,6614.0,12,0,1,0,1.0,0
0.3432,62,0,0.269,4387.0,8,0,0,0,1.0,0
0.0345,39,0,0.4668,9697.0,10,2,1,0,0.0,0
0.8932,76,0,0.2005,14113.0,6,0,1,0,0.0,1
0.0896,60,0,0.285,3569.0,8,0,1,0,4.0,0
1.7054,47,0,0.4825,2945.0,6,0,0,0,3.0,0
0.5004,43,0,0.2768,,11,0,0,0,0.0,0
0.1584,56,0,0.5809,6676.0,10,0,2,0,0.0,0
0.838,29,0,0.1542,18413.0,5,0,0,0,,1
0.4614,62,0,0.6551,8601.0,9,0,0,0,1.0,0
0.0334,39,0,0.1419,,7,0,1,0,2.0,0
0.6461,57,0,0.7254,7807.0,9,0,0,0,0.0,0
1.3021,45,0,1.0154,,9,0,1,0,0.0,1
0.8027,48,0,0.1997,11606.0,3,0,1,0,0.0,0
0.045,41,0,1.2216,4573.0,7,0,0,0,1.0,0
0.4043,50,0,0.1574,1736.0,7,0,2,0,0.0,0
0.5902,78,0,0.6269,1801.0,11,0,0,0,0.0,0
0.0467,71,0,0.3793,6429.0,4,0,2,0,2.0,0
0.8533,57,0,0.2525,10321.0,7,0,1,0,1.0,0
0.3166,52,0,0.1581,,8,0,0,0,0.0,0
0.4146,64,0,0.327,,8,0,0,0,0.0,0
0.5107,68,0,0.3484,,8,0,2,0,0.0,0
0.6907,40,0,0.189,7541.0,7,0,0,0,0.0,0
3.6265,51,1,0.5865,5965.0,4,0,0,0,1.0,0
0.7478,26,0,0.5501,4995.0,4,0,0,0,2.0,0
0.3529,68,0,0.3854,3844.0,11,0,0,0,0.0,0
0.0033,81,0,0.7906,4015.0,8,0,0,0,0.0,0
0.3344,53,0,0.465,1679.0,8,0,2,0,1.0,0
0.4729,22,0,0.6652,,8,0,2,0,2.0,1
0.5914,61,0,0.4018,8562.0,9,0,1,0,1.0,0
11.3437,39,0,0.4744,1827.0,9,0,0,0,0.0,0
0.1245,43,0,0.6526,5127.0,8,0,3,0,0.0,0
0.0605,61,0,0.3624,19549.0,4,0,1,0,2.0,0
0.8528,56,0,0.7901,1808.0,9,0,1,0,1.0,0
0.5704,45,0,0.5369,,7,0,0,0,0.0,0
0.271,43,0,0.2942,,11,0,1,0,0.0,0
0.067,54,2,0.1595,4212.0,12,1,2,0,0.0,0
0.2718,46,0,0.101,3972.0,8,0,0,0,1.0,0
0.2049,36,0,0.9543,6307.0,7,0,0,0,0.0,0
4.2188,47,2,0.0415,10661.0,11,0,1,1,3.0,0
0.0348,57,0,0.2342,,3,0,0,0,1.0,0
5.5794,50,0,0.4176,5518.0,10,0,2,0,1.0,0
0.1076,32,0,0.5669,10522.0,13,0,1,0,1.0,0
0.3796,66,0,0.6811,,10,0,2,0,0.0,0
0.6332,21,0,0.3578,5983.0,4,0,1,0,0.0,0
0.412,46,0,0.3617,5529.0,7,0,1,0,1.0,0
0.826,43,0,0.2175,3250.0,9,0,0,0,0.0,0
0.3188,54,0,0.7982,5526.0,10,0,0,0,0.0,0
2.5793,60,1,0.5666,3373.0,6,0,2,1,,0
0.3111,68,0,0.5038,3715.0,7,0,0,0,2.0,0
0.4754,42,0,0.2,2298.0,7,0,0,0,2.0,0
1.9594,60,0,0.6456,4043.0,13,1,0,2,1.0,0
0.389,55,0,0.0561,6153.0,7,0,0,0,1.0,0
0.5942,28,0,0.1947,1759.0,7,0,0,0,1.0,0
0.0492,79,0,0.9834,7332.0,7,0,1,0,0.0,0
0.5961,32,0,0.5954,9582.0,3,0,2,0,0.0,0
0.0714,58,0,0.4894,,9,0,0,0,0.0,0
0.35,57,0,0.5068,9375.0,5,0,2,0,3.0,0
0.9763,56,0,0.2825,2426.0,7,0,0,0,1.0,0
0.1727,45,0,0.551,5289.0,5,0,0,0,0.0,0
0.0592,64,0,0.981,,8,0,3,0,2.0,0
0.4682,30,0,0.7343,2825.0,6,0,1,0,0.0,0
0.2124,51,0,0.5374,8705.0,14,0,2,0,0.0,0
0.6866,44,0,0.2598,,14,0,2,0,2.0,0
0.2354,43,0,0.6639,11225.0,9,0,1,0,0.0,0
1.5327,58,0,0.7243,4387.0,6,0,1,0,1.0,1
0.9968,67,0,0.3865,2892.0,9,0,5,0,3.0,0
0.3835,47,0,0.5062,7440.0,4,0,1,0,1.0,0
0.318,63,0,1.0119,5683.0,11,0,1,0,0.0,0
0.0372,53,0,0.1374,5299.0,13,0,0,0,,0
5.9551,40,0,0.1543,,8,0,2,0,0.0,0
1.557,48,0,0.376,4197.0,9,0,1,0,0.0,0
1.0144,48,0,0.6313,7269.0,6,0,0,0,1.0,0
0.3875,42,0,0.3359,8835.0,6,0,0,0,0.0,0
0.1359,58,0,0.4984,6869.0,15,0,1,0,1.0,0
8.6071,55,0,0.7379,17046.0,3,0,0,0,0.0,0
0.1844,30,0,0.2118,7296.0,8,0,0,0,0.0,0
0.4623,29,0,0.4253,3466.0,6,0,2,0,1.0,0
0.3755,58,0,0.3551,,9,0,3,0,2.0,0
0.2878,41,0,0.1836,4157.0,11,0,1,0,0.0,0
0.5785,56,0,0.7615,7506.0,7,0,2,0,1.0,0
0.4707,63,0,0.1686,,10,0,1,0,1.0,0
0.2264,34,0,0.3214,10412.0,4,0,2,0,1.0,0
0.5822,32,0,0.4751,8445.0,8,0,0,0,2.0,0
4.199,75,0,1.1459,6458.0,10,0,1,0,1.0,0
0.0621,57,0,0.5467,4658.0,6,0,0,0,2.0,0
0.6489,46,0,0.4552,,2,0,1,0,0.0,0
2.1001,39,0,0.5948,7914.0,6,0,1,0,0.0,0
8.1807,45,0,0.7619,,10,0,0,0,0.0,1
0.2389,35,0,0.2206,,4,0,0,0,1.0,0
0.2476,64,0,0.8918,8136.0,4,0,0,0,0.0,0
0.1356,41,0,0.6852,2142.0,7,0,0,0,1.0,0
4.0148,67,0,0.9213,3990.0,7,0,0,0,0.0,0
0.6031,46,0,0.3958,5047.0,11,0,0,0,1.0,0
0.0305,37,0,0.677,15233.0,9,0,2,0,1.0,0
0.0933,46,0,0.2075,,12,0,1,0,0.0,0
1.1854,21,0,0.6882,,3,0,0,0,1.0,0
2.8962,50,0,0.4999,2151.0,13,0,0,0,0.0,0
1.313,50,0,0.1415,1940.0,15,0,4,0,0.0,0
0.8173,64,0,0.6313,,7,0,1,0,0.0,0
0.3345,26,0,1.0368,6490.0,2,0,0,0,0.0,0
0.3347,68,0,0.2899,6928.0,8,0,1,0,0.0,0
1.4686,63,1,0.4309,,8,0,0,0,0.0,0
0.1132,70,0,0.2369,,10,0,2,0,0.0,0
0.5231,51,0,0.0992,5034.0,10,0,1,0,0.0,0
2.9701,66,0,0.2573,12410.0,6,0,1,0,1.0,0
0.3782,31,0,0.1782,6987.0,3,0,1,0,2.0,0
0.9873,62,0,0.4161,8843.0,9,0,0,0,1.0,0
1.6672,41,0,0.4073,5984.0,10,0,1,0,0.0,0
1.8084,29,0,0.704,2330.0,16,0,0,0,0.0,0
0.1183,36,0,0.0435,8066.0,6,0,0,0,0.0,0
0.3863,52,0,0.2391,7374.0,9,0,1,0,1.0,0
0.6028,40,0,0.577,3564.0,7,0,1,0,1.0,0
0.3131,57,0,1.1772,,3,0,2,0,1.0,0
0.5435,27,0,0.399,4671.0,15,0,0,0,,0
0.7366,22,0,0.3514,4021.0,7,0,1,0,3.0,0
0.0479,71,0,0.3786,,5,0,0,0,0.0,0
3.0092,65,0,0.339,,6,0,0,0,0.0,0
0.1765,37,0,0.2187,6930.0,10,0,1,0,0.0,0
0.6726,52,0,0.5523,5940.0,3,0,0,0,1.0,0
0.523,66,0,0.5333,7678.0,8,0,1,0,,0
4.5804,58,0,0.7538,3980.0,6,0,2,0,0.0,0
0.5898,54,0,0.3539,,10,0,0,0,0.0,0
2.485,67,0,0.6045,13217.0,7,0,0,0,1.0,0
0.1486,42,0,0.6043,6192.0,6,0,0,0,1.0,0
0.0967,52,1,0.3385,1850.0,8,1,1,0,0.0,0
0.2221,52,0,0.3317,2498.0,10,0,1,0,1.0,0
0.6741,48,0,0.801,5362.0,5,0,3,0,1.0,0
0.9994,47,0,0.5619,,7,0,1,0,0.0,0
0.5806,53,0,0.4145,2948.0,11,0,0,0,1.0,0
0.0775,52,0,0.4665,12086.0,10,0,0,0,1.0,0
0.2307,37,0,0.1748,8530.0,8,0,2,0,3.0,0
0.2565,63,0,0.6268,6979.0,8,0,0,0,1.0,0
1.2087,38,0,0.2827,19704.0,11,0,2,0,2.0,0
0.7101,49,0,0.5906,8607.0,5,0,1,0,0.0,0
12.9332,48,0,0.6138,3989.0,5,0,1,0,0.0,0
0.4622,57,0,0.0951,,7,0,1,0,1.0,0
0.7674,22,0,0.8929,8082.0,6,0,0,0,1.0,1
0.245,64,0,0.7303,9944.0,7,0,2,0,0.0,0
0.5366,43,0,0.9235,2546.0,8,0,1,0,2.0,0
0.4118,69,1,0.3912,,13,0,2,0,1.0,0
0.1723,45,0,0.4225,12422.0,5,0,0,0,0.0,0
0.0266,51,0,0.8177,,8,0,2,0,1.0,0
0.5468,79,0,0.4467,,6,0,0,0,3.0,0
1.3123,48,0,0.3562,9001.0,12,0,1,0,1.0,0
0.6585,69,0,0.0705,9056.0,11,0,2,0,3.0,0
2.5722,53,0,0.0395,4296.0,3,0,2,0,,0
0.1048,58,0,0.9263,3333.0,8,0,1,0,1.0,0
0.9084,53,0,0.4507,,7,0,0,0,1.0,0
0.6405,64,0,0.5442,2566.0,9,0,0,0,1.0,0
0.3196,42,2,0.4936,3611.0,9,0,0,0,,0
0.23,38,0,0.405,,7,0,1,0,0.0,0
0.3081,43,0,0.2621,1117.0,8,0,0,0,1.0,0
0.3708,53,0,0.7212,2909.0,7,0,0,0,1.0,0
0.4473,49,0,1.0494,6247.0,10,0,1,0,0.0,0
0.9519,62,0,0.4273,7789.0,9,0,1,0,0.0,0
0.0919,70,0,1.32,4098.0,7,0,2,0,1.0,0
0.3915,38,0,1.0639,,8,0,1,0,0.0,0
0.3727,42,0,0.8832,9370.0,9,0,4,0,2.0,0
0.2254,32,0,1.0593,3965.0,5,0,0,0,0.0,0
0.4821,80,0,0.4537,8415.0,4,0,1,0,0.0,0
0.144,56,0,0.2757,,9,0,0,0,0.0,0
4.2953,59,0,0.3564,7091.0,15,0,1,0,0.0,0
0.2302,33,0,0.5623,11661.0,12,0,1,0,1.0,0
0.6601,52,0,0.2414,7587.0,12,0,2,0,0.0,0
0.2606,59,0,0.506,4116.0,7,0,0,0,3.0,0
0.3686,48,0,0.8782,3842.0,11,0,1,0,1.0,0
0.6895,67,0,0.6584,6127.0,8,0,0,0,2.0,0
0.1908,84,0,0.8528,,9,0,2,0,0.0,0
0.6193,39,0,0.2402,8379.0,10,0,1,0,0.0,0
1.4886,38,0,0.7495,1147.0,6,0,2,0,3.0,1
0.1779,40,0,1.0557,5187.0,10,0,2,0,0.0,0
0.1574,74,0,0.3783,6886.0,7,0,0,0,3.0,0
0.3888,67,0,0.0221,,5,0,2,0,1.0,0
0.2254,50,0,0.3525,2252.0,11,0,2,0,1.0,0
0.1573,53,0,0.3673,6323.0,8,0,2,0,0.0,0
0.5605,41,0,0.3527,11282.0,6,0,2,0,0.0,0
0.1669,64,0,0.0742,4677.0,6,0,3,0,0.0,0
0.2765,47,0,0.5721,2811.0,4,0,1,0,0.0,0
0.3293,48,0,0.0821,4006.0,7,0,2,0,1.0,0
0.5697,61,0,0.6692,,11,0,1,0,,0
0.7935,49,0,0.7536,2895.0,10,0,0,0,2.0,0
12.6616,49,2,0.6096,1576.0,6,0,0,0,0.0,0
0.4746,52,0,0.674,5232.0,12,0,0,0,1.0,0
0.6467,63,0,0.1983,4204.0,7,0,1,0,0.0,0
1.1778,75,0,0.8042,2064.0,9,0,0,0,0.0,1
0.4141,60,0,0.2402,6194.0,10,0,1,0,0.0,0
0.7899,63,0,0.2785,5528.0,5,0,1,0,0.0,0
0.9453,49,0,0.2614,6738.0,9,0,0,0,,0
0.3928,42,0,0.324,4846.0,12,0,0,0,0.0,0
0.1107,61,0,0.1975,6289.0,8,0,3,0,0.0,0
0.2061,54,0,0.7723,11829.0,9,0,1,0,3.0,0
0.3538,32,0,0.8024,1800.0,9,0,0,0,2.0,0
0.1295,47,0,0.8173,2291.0,11,0,3,0,4.0,0
0.5195,51,0,0.1897,3538.0,15,0,0,0,3.0,0
0.0165,45,0,1.15,11237.0,15,0,1,0,1.0,0
1.64,73,0,0.5264,6406.0,9,0,2,0,0.0,0
0.1596,59,0,0.3183,3541.0,5,0,1,0,1.0,0
5.487,71,0,0.357,19340.0,8,0,2,0,1.0,0
0.0988,56,0,0.9495,,9,0,1,0,0.0,0
0.3927,53,0,0.4101,4064.0,9,0,0,0,1.0,0
0.7226,39,0,0.6456,3166.0,9,0,2,0,2.0,0
0.252,52,0,0.3502,12214.0,6,0,1,0,1.0,0
0.4262,52,0,0.2146,7216.0,6,0,0,0,0.0,0
5.2896,33,0,0.3961,,8,0,1,0,,0
0.1316,44,0,0.4434,6249.0,10,0,2,0,1.0,0
0.5472,47,0,0.0577,11949.0,11,0,1,0,1.0,0
0.1588,58,0,0.373,4328.0,14,0,2,0,,0
0.5111,58,0,0.5611,,13,1,2,0,,1
0.3174,44,0,0.7128,18964.0,8,0,1,0,1.0,0
0.2651,59,0,0.6006,4549.0,5,0,0,0,3.0,0
0.5046,49,0,0.6521,8512.0,14,0,0,0,2.0,0
0.3151,21,0,0.2073,4227.0,9,0,1,0,0.0,0
0.119,45,0,0.3357,15775.0,10,0,0,0,,0
0.7749,67,0,0.6206,5493.0,9,0,1,0,1.0,0
0.1042,28,0,0.2902,3078.0,3,0,0,0,0.0,0
0.3538,54,0,0.4534,,8,0,2,0,2.0,0
0.0959,74,0,0.4178,6850.0,4,0,0,0,2.0,0
0.1898,41,0,0.681,,11,0,1,0,1.0,0
0.2986,52,0,0.6472,16130.0,6,0,0,0,0.0,0
0.1577,34,0,0.3525,3156.0,9,0,0,0,0.0,0
0.8312,75,0,0.5687,7939.0,7,0,1,0,0.0,0
0.5664,51,0,0.2387,12543.0,9,0,1,0,1.0,0
2.1611,53,0,0.3927,13610.0,9,0,0,0,0.0,0
0.2475,71,0,0.1145,4113.0,9,0,2,1,1.0,0
0.2733,61,0,0.8162,7703.0,14,0,0,0,1.0,0
2.3629,40,0,0.1227,5684.0,9,0,1,0,0.0,0
3.0125,43,0,0.4224,7107.0,8,0,4,0,1.0,0
4.1631,59,0,0.0346,3452.0,8,1,0,0,0.0,0
3.9022,43,2,1.4549,2716.0,7,0,1,0,1.0,0
0.1244,22,0,0.5016,4495.0,4,0,4,0,0.0,0
0.6494,51,0,0.5987,4481.0,10,0,1,0,0.0,0
0.2438,31,0,0.1484,3094.0,7,0,1,0,0.0,0
0.1689,75,0,1.1254,2553.0,6,0,2,0,,0
3.3391,54,0,0.9372,13206.0,7,0,2,0,2.0,0
0.4067,39,0,0.786,4131.0,4,0,0,0,1.0,0
0.2651,42,0,0.2456,6428.0,8,0,0,0,2.0,0
0.5897,26,0,0.3397,7342.0,6,0,1,0,1.0,0
0.5836,37,0,0.757,1977.0,8,0,0,0,0.0,0
8.385,66,2,0.6525,20051.0,9,2,1,0,1.0,0
0.0872,83,0,0.6014,8732.0,9,0,0,0,0.0,0
0.5504,62,0,0.5574,6303.0,7,0,2,0,1.0,0
0.2254,51,0,0.2884,4874.0,5,0,0,0,0.0,0
0.5445,46,0,0.4602,,11,0,0,0,2.0,0
0.0927,39,0,0.4883,1454.0,9,0,0,0,0.0,0
0.4097,81,0,0.857,4659.0,10,0,2,0,1.0,0
0.3667,49,0,0.2465,,7,0,2,0,0.0,0
0.4779,82,1,0.3552,3804.0,9,0,0,0,0.0,0
0.4144,72,0,0.1771,,4,0,1,0,1.0,0
0.4406,28,0,0.2317,2601.0,6,0,0,0,1.0,0
0.1431,43,0,0.0747,8918.0,12,0,0,0,0.0,0
0.2782,43,0,0.315,5160.0,8,0,0,0,1.0,0
0.1329,51,0,0.2823,,11,0,2,0,2.0,0
1.5452,51,0,0.0726,3505.0,5,0,0,0,0.0,0
0.7631,94,1,0.9787,2126.0,6,0,5,2,1.0,0
0.305,37,0,0.6869,8265.0,6,0,0,0,0.0,0
0.8866,55,0,0.1465,,7,0,1,0,0.0,0
0.376,61,0,0.1174,,5,0,1,0,0.0,0
1.4275,52,0,0.6799,5235.0,12,0,0,0,2.0,0
0.3568,54,0,0.7472,2857.0,5,0,0,0,1.0,0
0.2545,37,0,0.1242,,13,0,2,0,0.0,0
1.882,53,0,0.2756,4952.0,7,0,0,0,0.0,0
0.2458,59,0,0.1295,2722.0,9,0,1,0,0.0,0
0.2434,57,0,0.8996,16105.0,10,0,0,0,1.0,0
0.1364,60,0,0.4615,6097.0,9,0,2,0,0.0,0
0.6651,72,0,0.4649,2313.0,3,0,0,0,,0
0.1613,65,0,0.452,5827.0,5,0,1,0,2.0,0
0.1903,53,0,0.4342,5178.0,6,0,2,0,0.0,0
0.2221,36,0,0.1812,2559.0,6,0,1,0,0.0,0
0.1703,44,0,0.3426,,5,0,0,0,2.0,0
0.4159,49,0,0.1226,8038.0,11,0,0,0,1.0,0
0.3192,56,0,0.537,,11,0,3,0,0.0,0
0.1885,45,1,0.2206,4393.0,8,0,1,0,1.0,0
0.2849,39,0,0.3372,8213.0,9,0,0,0,0.0,0
0.4517,35,0,0.2474,,8,0,1,0,0.0,0
0.2882,29,0,0.5571,10519.0,6,0,1,0,1.0,0
0.6212,49,0,0.369,,10,0,0,0,2.0,0
5.899,31,2,0.3622,5881.0,12,0,1,2,1.0,0
0.5137,38,0,0.3988,4876.0,10,0,1,0,1.0,0
0.2849,46,0,0.479,4494.0,7,0,0,0,0.0,0
0.7457,33,0,0.4889,5451.0,8,0,1,0,1.0,0
0.6848,57,0,0.6483,8917.0,7,0,1,0,0.0,0
0.2306,62,0,0.4467,,7,0,3,0,0.0,0
0.982,44,0,0.8092,,6,0,1,0,0.0,0
5.2748,46,0,0.4155,5259.0,6,0,0,0,0.0,1
0.1373,60,0,0.5919,,8,0,0,0,1.0,0
2.1317,42,0,0.5157,3172.0,9,0,0,0,1.0,0
0.0067,41,0,0.8409,3918.0,11,0,0,0,0.0,0
0.6478,69,0,0.3521,6240.0,14,0,1,0,1.0,0
0.4024,64,0,0.6571,7050.0,4,0,1,0,,0
0.7864,60,0,0.251,3634.0,5,0,2,0,1.0,0
0.7562,65,0,0.5919,2515.0,3,0,2,0,3.0,0
0.6577,24,0,0.2671,2038.0,12,0,2,0,0.0,1
0.151,71,0,0.8583,5995.0,5,0,0,0,1.0,0
0.7071,57,0,0.4774,,11,0,3,0,0.0,0
0.449,66,0,1.0657,,7,0,1,0,3.0,0
3.3724,57,0,0.4985,18328.0,12,0,1,0,1.0,0
0.9265,53,0,0.1627,1438.0,9,0,0,0,1.0,0
0.0283,48,0,0.6004,6674.0,4,0,2,0,0.0,0
0.2486,57,0,0.9343,,8,0,1,0,2.0,0
0.5156,48,0,0.8572,,7,0,1,0,0.0,0
0.8243,64,0,0.1876,11140.0,7,0,0,0,1.0,0
0.421,30,0,0.3645,5191.0,12,0,0,0,0.0,0
0.1766,44,0,0.2464,3936.0,13,0,1,0,0.0,0
0.12,81,1,0.2515,5773.0,10,0,0,1,0.0,0
1.6115,43,4,0.4254,7762.0,6,0,2,0,2.0,0
0.75,49,0,0.4493,24215.0,16,0,0,0,1.0,0
0.3362,40,0,0.6345,4745.0,8,0,2,0,0.0,0
0.7826,57,0,0.3316,6157.0,7,0,1,0,0.0,0
1.2237,42,0,0.6836,8752.0,10,0,2,0,0.0,0
0.4881,49,0,0.4963,3186.0,2,0,0,1,1.0,0
0.521,64,0,0.8045,4341.0,13,0,0,0,1.0,0
0.1177,42,0,0.1652,,4,0,1,0,0.0,0
0.0759,63,0,0.8049,2837.0,6,0,0,0,0.0,0
0.1155,64,0,0.3747,1336.0,10,0,0,0,0.0,0
0.3195,67,0,0.9253,10940.0,8,0,1,0,1.0,0
0.7889,54,0,0.4597,5506.0,8,0,0,0,0.0,0
0.6288,95,0,0.3502,2474.0,9,0,0,0,1.0,0
0.6614,67,0,0.3109,2726.0,8,0,1,0,0.0,1
0.1462,57,0,0.8337,11419.0,10,0,0,0,1.0,0
0.086,40,0,0.4647,9056.0,5,0,0,0,0.0,0
1.2038,51,0,0.6109,9008.0,6,0,2,0,0.0,0
0.3236,72,0,0.8218,,8,0,1,0,1.0,0
0.0241,76,0,0.3383,6813.0,11,0,0,0,0.0,0
0.666,73,0,0.1501,5487.0,7,0,0,0,0.0,0
0.2641,63,0,0.2323,3177.0,8,0,2,0,1.0,0
0.473,34,0,0.7346,,9,0,0,0,0.0,0
0.1307,59,0,0.1615,15579.0,12,0,0,0,0.0,0
4.8449,35,0,0.3448,3488.0,8,0,1,0,0.0,0
0.2674,31,0,0.4741,,5,0,2,0,0.0,0
0.5829,55,0,0.1609,,10,0,2,0,0.0,0
0.9122,59,0,0.3518,4971.0,7,0,0,0,0.0,0
0.2811,65,0,0.3703,3755.0,9,0,0,0,0.0,0
3.6128,59,0,0.1878,2374.0,5,0,0,0,0.0,0
0.1553,59,0,0.8973,1356.0,8,0,0,0,0.0,0
0.2511,38,0,0.4164,,8,0,4,0,0.0,0
0.1651,51,0,0.2329,16894.0,11,0,2,0,0.0,0
0.7496,31,0,0.222,9536.0,7,0,1,0,0.0,0
0.0017,24,0,0.4577,7168.0,11,0,4,0,2.0,0
0.067,62,0,0.9303,4607.0,9,0,0,0,0.0,0
0.0239,41,0,0.3796,3988.0,13,0,2,0,1.0,0
0.5471,64,0,0.3731,3548.0,9,0,0,0,0.0,0
0.3701,68,1,1.1103,3989.0,6,0,1,0,0.0,0
1.1354,43,0,0.2841,5774.0,6,0,1,0,1.0,0
1.0859,60,0,0.5487,12286.0,8,0,1,0,1.0,0
0.6046,43,0,0.1895,7061.0,11,0,1,0,0.0,0
1.8357,26,4,0.1941,3852.0,7,2,3,1,0.0,0
0.4158,54,0,0.2337,7743.0,7,0,1,0,1.0,0
0.3372,45,0,0.4699,6120.0,8,0,0,0,0.0,0
0.168,46,0,0.1809,2079.0,8,0,0,0,1.0,0
0.1356,80,0,0.5206,1433.0,16,0,0,0,2.0,0
0.4901,31,0,0.3982,7281.0,11,0,1,0,2.0,0
0.5198,57,3,1.131,1816.0,3,0,2,3,0.0,0
1.0375,38,0,0.6831,2776.0,8,0,0,0,1.0,0
0.1382,65,0,0.4583,,9,0,0,0,0.0,0
1.1213,56,0,0.8617,5610.0,6,0,0,0,1.0,0
0.0903,57,0,0.2277,,7,0,1,0,0.0,0
0.5508,39,0,0.2584,,13,0,1,0,0.0,0
0.2951,41,0,0.1594,6121.0,9,0,2,0,1.0,0
1.4598,65,0,0.5663,3068.0,5,0,0,0,1.0,0
0.6017,77,0,0.9768,3273.0,11,0,0,0,1.0,1
0.1586,59,0,0.2424,3184.0,5,0,1,0,1.0,0
2.3519,39,0,0.518,,5,0,1,0,0.0,0
0.394,57,0,0.5464,5874.0,8,0,1,0,2.0,0
0.3601,86,0,0.3028,,6,0,2,0,0.0,0
0.4996,53,0,0.6899,3663.0,9,0,0,0,0.0,0
0.3998,72,0,0.1077,5913.0,2,0,1,0,0.0,1
0.2639,42,0,0.6743,,9,0,1,0,2.0,0
2.0954,51,1,0.2083,3140.0,7,0,1,0,1.0,0
0.5328,61,0,0.3659,5968.0,6,0,0,0,0.0,0
0.0871,58,0,0.3326,5396.0,7,0,1,0,0.0,0
0.5343,41,0,0.345,,8,0,2,0,1.0,0
0.2113,41,0,0.2513,8934.0,7,0,1,0,0.0,0
0.2929,66,0,0.2065,11584.0,8,0,2,0,1.0,0
0.7212,69,0,0.4446,2771.0,6,0,2,0,0.0,0
0.3293,73,0,0.2944,,4,0,1,0,2.0,0
0.8357,77,0,0.5957,2857.0,5,0,1,0,1.0,1
0.814,54,0,0.3123,6115.0,5,0,1,0,1.0,0
0.574,48,0,0.3948,,9,0,2,0,0.0,0
0.4112,71,0,0.6528,5117.0,8,0,0,0,0.0,0
0.674,62,3,0.5548,2557.0,10,0,1,1,1.0,0
0.0944,38,0,0.7475,4883.0,1,0,2,0,2.0,0
0.5119,38,0,0.2718,2787.0,10,0,2,0,1.0,1
0.015,59,0,1.1447,4842.0,12,0,0,0,0.0,0
0.7672,50,0,0.1968,18391.0,17,0,1,0,0.0,0
0.5481,52,0,0.6354,6746.0,10,0,0,0,2.0,0
0.739,67,0,0.098,,9,0,1,0,0.0,0
0.0213,63,0,0.299,36267.0,4,0,1,0,2.0,0
0.2239,71,0,0.1916,1333.0,9,0,1,0,0.0,0
1.0056,25,0,0.7751,2918.0,10,0,0,0,0.0,0
0.1256,56,0,0.4287,9672.0,8,0,2,0,1.0,0
0.2644,62,0,0.8313,3057.0,9,0,1,0,2.0,0
0.5917,31,0,1.0537,13581.0,10,0,1,0,1.0,0
1.5788,43,3,0.2753,7445.0,9,0,0,0,0.0,0
0.5299,40,0,0.5107,1781.0,10,0,0,0,2.0,0
0.3927,52,0,0.9771,4127.0,8,0,0,0,0.0,0
0.038,75,0,0.9076,,5,0,0,0,0.0,0
0.4557,80,0,0.611,5721.0,9,0,2,0,2.0,0
1.0709,41,0,0.2124,15960.0,10,0,0,0,1.0,0
0.5511,59,0,0.4845,,10,0,1,0,0.0,0
0.1938,60,2,0.2809,4120.0,8,0,0,1,0.0,0
6.2721,57,0,0.6807,7230.0,8,0,1,0,1.0,0
0.2991,58,0,0.4119,5966.0,7,0,2,0,1.0,0
0.0662,56,0,0.4883,,6,0,1,0,0.0,0
0.712,76,1,0.2327,3517.0,10,1,1,0,0.0,0
0.0671,67,0,0.5257,,6,0,1,0,0.0,0
0.4618,37,0,0.2974,2808.0,4,0,1,0,0.0,0
1.2752,63,0,0.9014,2661.0,7,0,0,0,1.0,0
0.0636,64,0,0.5911,,9,0,0,0,0.0,0
0.1402,56,0,0.1961,11144.0,12,0,1,0,1.0,0
0.6195,68,1,0.4876,,3,0,1,0,0.0,0
12.5077,55,0,0.2308,3076.0,7,0,0,0,1.0,0
0.0337,55,0,0.3164,7028.0,11,0,2,0,1.0,0
0.4969,54,0,0.7128,10528.0,13,0,1,0,1.0,0
0.4268,24,0,0.191,,9,0,0,0,1.0,0
2.4779,51,0,0.4339,2768.0,7,0,2,0,2.0,0
0.1145,43,0,0.3594,17610.0,7,0,2,0,1.0,0
0.7236,35,0,0.3876,6624.0,10,0,0,0,0.0,0
8.7875,72,0,0.4787,7724.0,10,0,1,0,1.0,0
0.3146,59,0,0.0886,14673.0,12,0,1,0,1.0,0
0.1625,52,1,0.4429,3783.0,7,0,3,0,0.0,0
0.8313,44,0,0.3166,5495.0,11,0,0,0,0.0,0
1.8192,56,0,0.1215,,5,0,1,0,1.0,0
0.3081,66,0,0.2674,3663.0,14,0,1,0,1.0,0
1.2151,40,0,0.6262,2604.0,5,0,1,0,1.0,0
0.287,52,0,0.443,,7,0,1,0,1.0,0
0.2843,64,0,0.116,4575.0,9,0,1,0,1.0,0
0.1451,25,0,0.9622,3650.0,11,0,0,0,1.0,0
1.58,51,0,0.9083,1407.0,9,0,1,0,0.0,0
0.9506,46,0,0.8265,3166.0,4,0,2,0,1.0,0
0.1373,50,0,0.3124,11330.0,8,0,0,0,0.0,0
0.4918,45,0,1.1444,,4,0,1,0,1.0,1
0.1174,54,0,0.8699,3536.0,3,0,0,0,0.0,0
0.5204,79,0,0.3181,8181.0,7,0,1,0,1.0,0
4.6742,47,0,0.8782,6382.0,9,0,2,0,3.0,0
0.0873,56,0,0.046,4132.0,6,0,0,0,2.0,0
1.4092,80,0,0.0713,13397.0,10,0,3,0,1.0,0
0.0773,44,0,1.0116,3008.0,6,0,1,0,1.0,0
0.455,77,0,0.4106,1854.0,8,0,2,0,0.0,0
0.0031,52,0,0.6671,4477.0,4,0,0,0,2.0,0
1.0521,77,1,0.0437,,3,0,1,0,2.0,0
0.5644,63,0,0.286,,11,0,0,0,0.0,0
0.7209,56,0,0.2532,2347.0,6,0,0,0,1.0,0
0.1762,51,0,0.1817,7888.0,7,0,1,0,0.0,0
4.8867,43,0,0.337,3195.0,15,0,1,0,2.0,0
0.3962,53,0,0.2743,,8,0,1,0,0.0,0
2.269,65,0,0.6391,3158.0,6,0,0,0,0.0,0
0.2584,52,0,0.1953,3149.0,5,0,0,0,0.0,0
4.1959,48,0,0.591,3033.0,10,0,2,0,0.0,0
0.127,48,0,0.4516,4612.0,11,0,2,0,0.0,0
1.0129,66,0,0.2625,6103.0,3,0,0,0,3.0,0
0.0335,69,0,0.8358,,13,0,1,0,0.0,0
0.4932,43,0,0.1154,6669.0,9,0,1,0,0.0,0
0.8805,43,0,0.7762,15510.0,9,0,0,0,2.0,0
0.6293,57,0,0.1293,4139.0,7,0,0,0,2.0,0
0.114,73,0,0.5847,8949.0,12,0,1,0,0.0,0
0.0485,68,0,0.3841,7583.0,10,0,1,0,0.0,0
0.0539,34,0,0.547,,9,0,0,0,0.0,0
0.4692,48,0,0.9203,1843.0,11,0,1,0,0.0,0
0.4616,39,0,0.4587,17346.0,6,0,1,0,0.0,0
0.0432,48,0,0.1233,2741.0,13,0,0,0,0.0,0
0.4214,74,0,0.8982,9876.0,9,0,1,0,0.0,0
0.535,32,0,0.2122,,12,0,0,0,1.0,0
0.3989,29,0,0.6658,,9,0,2,0,0.0,0
0.0085,40,0,0.2515,,9,0,1,0,2.0,0
3.2358,56,0,0.0981,4318.0,12,0,1,0,0.0,0
0.5279,61,0,0.2597,2317.0,8,0,2,0,0.0,0
0.2781,58,0,0.3716,12795.0,7,0,1,0,0.0,0
0.6048,68,0,0.162,5685.0,6,0,0,0,0.0,0
2.0184,27,1,0.587,5461.0,4,0,3,0,0.0,0
1.1493,69,0,0.2305,12417.0,8,0,1,0,0.0,0
0.3604,48,2,0.7216,10719.0,5,0,2,0,2.0,0
0.362,62,0,0.376,9164.0,9,0,0,0,1.0,0
0.2096,33,0,0.7055,3094.0,5,0,1,0,0.0,0
0.5334,52,0,0.7978,,8,0,1,0,2.0,0
0.2964,55,0,0.8999,11890.0,6,0,0,0,0.0,0
0.2924,68,0,0.4692,3227.0,8,0,2,0,0.0,0
0.24,30,0,0.377,7671.0,7,0,2,0,0.0,0
0.0448,52,0,0.2722,4204.0,10,0,1,0,1.0,0
0.2046,37,0,0.196,3643.0,5,0,1,0,1.0,0
0.2041,59,0,0.5072,,15,0,1,0,1.0,0
2.3114,63,0,0.1363,1534.0,9,0,1,0,1.0,0
0.4508,70,0,0.2191,4609.0,12,0,0,0,0.0,0
0.5564,45,0,0.3239,5517.0,8,0,0,0,0.0,1
0.2582,65,0,0.7037,15471.0,7,0,2,0,0.0,0
0.8359,71,0,0.4526,6773.0,7,0,1,0,1.0,0
1.1809,29,0,0.5552,1613.0,8,0,1,0,0.0,1
1.9263,61,0,0.5501,6799.0,8,0,0,0,1.0,0
0.3185,65,1,0.4045,9630.0,8,0,2,3,0.0,0
0.2783,48,0,0.6544,2009.0,7,0,0,0,4.0,0
0.2746,35,0,0.4589,12999.0,7,0,2,0,0.0,0
0.2847,65,0,0.3362,,8,0,1,0,0.0,0
0.1706,35,0,0.1584,10443.0,7,0,0,0,1.0,0
0.5626,50,0,0.4574,1572.0,8,0,1,0,3.0,0
1.2575,51,0,0.7367,6600.0,6,0,1,0,0.0,0
0.0745,62,0,1.0703,2450.0,11,0,1,0,0.0,0
0.7242,43,0,0.6166,1467.0,8,0,1,0,0.0,1
0.8371,42,0,0.6306,9013.0,6,0,1,0,2.0,0
1.3452,53,0,0.2227,,5,0,1,0,2.0,1
2.5909,66,0,0.1989,,5,0,0,0,1.0,0
0.4921,84,0,0.1281,2531.0,5,0,2,0,0.0,0
0.1839,31,0,0.2122,3798.0,9,0,0,0,0.0,0
0.7834,56,0,0.6791,2614.0,7,0,1,0,0.0,0
0.091,37,0,0.3275,7753.0,11,0,1,0,0.0,0
0.3462,66,0,0.3003,2640.0,12,0,0,0,0.0,0
0.2654,39,0,0.2211,4028.0,9,0,1,0,0.0,0
0.5183,43,0,1.2383,,13,0,2,0,,1
0.4458,44,0,0.7125,,7,0,0,0,0.0,0
1.5989,51,0,0.7036,3992.0,5,0,1,0,0.0,0
0.752,57,0,0.6859,7332.0,9,0,0,0,0.0,0
0.8623,59,0,0.4909,4380.0,9,0,2,0,2.0,0
0.8319,52,0,0.3587,3597.0,14,0,0,0,0.0,0
0.6248,33,0,0.6508,2385.0,6,0,0,0,1.0,0
0.472,62,0,0.3084,16547.0,5,0,1,0,2.0,0
0.6174,51,0,0.1644,9157.0,7,0,2,2,0.0,0
0.4714,68,0,0.3593,4906.0,10,0,3,0,0.0,0
1.0387,42,0,0.1779,3728.0,6,0,0,0,0.0,0
0.2743,30,0,0.95,2303.0,6,0,0,0,2.0,0
0.3978,52,0,0.6386,4828.0,4,0,0,0,0.0,0
0.8377,70,0,0.3814,12715.0,9,0,0,0,0.0,0
1.5599,54,0,0.0447,6453.0,7,0,2,0,0.0,0
2.9836,49,0,0.4544,6391.0,8,0,0,0,0.0,0
0.3235,40,0,0.5206,6687.0,11,0,1,0,2.0,0
0.349,77,0,0.2027,5497.0,7,0,0,0,0.0,0
0.0064,38,0,0.254,6612.0,10,0,3,0,1.0,0
0.3239,42,0,0.1095,9198.0,8,0,3,0,0.0,0
0.3798,60,0,0.2538,,12,0,1,0,0.0,0
0.4243,26,0,0.5774,4120.0,7,0,1,0,0.0,1
0.1013,70,0,0.7176,8487.0,3,0,3,0,0.0,0
0.889,61,0,0.7248,8411.0,9,0,0,0,1.0,0
0.1873,65,0,0.3247,,11,0,1,0,1.0,0
2.4341,60,0,0.6585,,7,0,1,0,0.0,0
3.0069,50,1,0.3728,22670.0,11,0,2,0,0.0,0
0.0527,37,0,0.4859,,9,0,0,0,1.0,0
0.0664,50,0,0.3991,4258.0,6,0,1,0,0.0,0
0.4607,38,0,1.0869,4178.0,9,0,0,0,0.0,0
0.6895,59,0,0.6016,1869.0,8,0,1,0,2.0,1
0.205,63,0,0.1487,3819.0,13,0,0,0,0.0,0
0.8242,73,0,0.8767,2310.0,6,0,3,0,1.0,1
0.6967,57,0,0.7179,3487.0,8,0,1,0,1.0,0
0.4586,65,0,0.3694,3770.0,7,0,1,0,3.0,0
0.0905,48,0,0.3239,,13,0,1,0,0.0,0
0.2712,45,0,0.3343,1848.0,12,0,1,0,0.0,0
0.1355,59,0,0.4289,3031.0,5,0,0,0,1.0,0
0.5429,47,0,0.6607,3425.0,12,0,3,0,1.0,0
0.2012,56,0,0.2351,6475.0,10,0,0,0,2.0,0
0.2303,37,0,0.863,7102.0,7,0,0,0,,0
0.1456,40,0,0.3345,5431.0,9,0,1,0,1.0,0
0.2113,61,0,0.4706,9542.0,8,0,1,0,2.0,0
0.6558,64,0,0.331,5344.0,7,0,0,0,1.0,0
1.8375,38,0,0.7397,,8,0,0,0,2.0,0
0.6002,61,0,0.3404,7694.0,12,0,0,0,1.0,0
0.3388,45,0,0.6574,,9,0,0,0,0.0,0
0.4963,52,0,0.0639,2957.0,12,0,2,0,1.0,0
0.1936,72,0,0.4106,14294.0,8,0,2,0,0.0,0
0.278,63,0,0.5364,2423.0,18,0,1,0,0.0,0
0.0436,63,0,0.5456,5163.0,8,0,0,0,1.0,0
0.3132,79,0,0.7365,8698.0,9,0,1,0,1.0,0
0.3886,42,0,0.3879,4441.0,8,0,1,0,4.0,0
0.1225,38,0,0.5088,18203.0,10,0,0,0,0.0,0
0.3959,42,0,0.7491,1482.0,10,0,0,0,0.0,0
0.5589,48,0,0.0559,,6,0,0,0,1.0,0
0.8985,21,0,0.4007,4374.0,13,0,1,0,0.0,0
0.2921,49,0,0.3257,7034.0,7,0,1,0,3.0,0
0.1924,44,0,0.2193,11211.0,7,0,1,0,0.0,0
0.2828,63,0,0.5711,7089.0,9,0,0,0,0.0,0
5.5387,57,0,0.8672,2639.0,9,0,2,0,0.0,0
0.5321,44,0,0.5817,5064.0,9,0,2,0,1.0,1
0.2197,60,0,0.4657,,7,0,0,0,1.0,0
0.5047,62,0,0.969,9509.0,4,0,1,0,1.0,0
0.1931,41,0,0.4579,6538.0,10,0,2,0,0.0,0
0.2744,45,1,0.1428,3236.0,8,1,1,0,0.0,0
0.3246,21,0,0.7064,3136.0,10,0,2,0,2.0,0
0.7926,37,0,0.6345,3945.0,4,0,0,0,0.0,0
0.5002,42,0,0.1665,20531.0,7,0,0,0,0.0,0
0.0138,53,0,0.5735,6035.0,11,0,0,0,0.0,0
0.2616,39,0,0.5002,5962.0,10,0,2,0,0.0,0
0.0027,45,0,0.2356,2702.0,7,0,1,0,2.0,0
0.4728,35,0,0.0971,4632.0,10,0,2,0,0.0,0
0.2643,54,0,0.4751,,4,0,1,0,0.0,0
0.3808,58,0,0.3125,2259.0,12,0,1,0,3.0,0
0.1322,58,0,0.2253,4627.0,9,0,2,0,0.0,0
0.3061,52,0,0.7852,,8,0,0,0,1.0,0
0.8415,30,0,0.5588,2396.0,10,0,1,0,2.0,0
0.4335,43,0,0.5654,4432.0,6,0,0,0,0.0,0
0.7542,46,0,0.6341,4440.0,9,0,0,0,3.0,0
0.3523,46,0,0.0876,,8,0,0,0,2.0,0
2.2789,53,0,0.5056,2303.0,3,0,2,0,0.0,0
0.8831,72,0,0.6863,3713.0,9,0,0,0,0.0,1
0.2307,63,0,0.3438,5466.0,5,0,1,0,0.0,0
0.9439,38,0,0.0592,5298.0,3,0,1,0,0.0,0
0.3043,61,0,0.9326,18040.0,7,0,2,0,1.0,0
0.2726,61,0,0.591,5067.0,5,0,2,0,1.0,0
0.0664,41,0,0.8296,1829.0,7,0,0,0,0.0,0
0.088,64,0,0.7333,,4,0,2,0,2.0,0
1.1758,50,0,1.3177,2483.0,3,0,0,0,1.0,0
0.2555,32,0,0.1263,3793.0,7,0,1,0,0.0,0
0.1583,58,0,0.5601,12880.0,8,0,1,0,0.0,0
0.166,55,0,0.6954,,11,0,0,0,2.0,0
0.2891,49,0,0.2882,9257.0,8,0,0,0,0.0,0
0.3524,51,0,0.583,3008.0,9,0,2,0,3.0,0
0.1463,42,0,0.6763,5041.0,9,0,0,0,4.0,0
0.2304,61,0,0.1579,,5,0,0,0,2.0,0
0.3658,51,0,0.5325,9129.0,8,0,1,0,1.0,0
0.2583,54,0,0.6364,4369.0,2,0,2,0,1.0,0
0.0572,57,0,0.3203,5733.0,6,0,1,0,0.0,0
0.3136,36,0,0.7427,2370.0,8,0,0,0,1.0,0
0.9321,39,0,0.8017,9405.0,9,0,3,1,1.0,0
0.3385,21,0,0.0817,4120.0,10,0,0,0,1.0,0
1.3557,60,0,0.1941,,11,0,1,0,1.0,0
0.105,35,5,0.5048,1808.0,13,0,1,0,0.0,0
2.0397,54,0,0.3303,2335.0,3,0,1,0,2.0,0
0.0591,57,0,0.0455,2287.0,7,0,1,0,2.0,0
0.2514,60,0,0.5257,7577.0,11,0,1,0,1.0,0
0.556,35,0,0.3145,4664.0,10,0,0,0,0.0,0
0.2486,51,0,0.5841,8333.0,5,0,0,0,0.0,0
0.6577,75,0,0.3131,10995.0,3,0,0,0,1.0,0
0.3153,76,0,0.1281,,8,0,0,1,0.0,0
0.0009,66,0,0.5097,10882.0,6,0,0,0,1.0,0
1.3991,57,0,0.6733,10473.0,7,0,2,0,2.0,0
0.004,38,0,0.9451,22859.0,7,0,0,0,1.0,0
0.0285,62,0,0.703,1931.0,2,0,0,0,2.0,0
0.1788,50,0,0.8255,9024.0,9,0,1,0,1.0,0
0.9286,60,1,0.9626,11457.0,10,0,2,0,1.0,0
0.6058,43,0,0.2643,,4,0,0,0,1.0,0
0.0935,50,0,0.4762,1533.0,5,0,1,0,0.0,0
0.266,54,0,0.2522,5161.0,11,0,0,0,1.0,0
0.6923,55,0,0.192,8754.0,4,0,1,0,0.0,0
0.7877,59,0,0.3956,2769.0,5,0,1,0,0.0,0
0.2736,44,0,0.247,7691.0,8,0,0,0,0.0,0
0.3273,33,0,0.4156,5501.0,5,0,0,0,1.0,0
0.0869,75,0,0.4179,,14,0,0,0,1.0,0
2.669,87,0,0.3082,5540.0,9,0,2,0,1.0,0
0.6663,58,0,0.5566,6425.0,7,0,0,0,0.0,0
0.7827,33,0,0.2903,,10,0,1,0,,1
0.1111,41,0,0.6263,4466.0,7,0,1,0,2.0,0
0.6047,59,0,0.596,8350.0,8,0,1,0,0.0,0
0.0155,71,0,0.3089,3177.0,7,0,0,0,1.0,0
0.5022,35,0,0.5635,6964.0,13,0,1,0,0.0,0
2.7361,50,0,0.5334,5833.0,6,0,2,0,1.0,0
1.7567,55,0,0.9275,6216.0,10,0,0,0,0.0,0
0.0925,64,0,0.142,13287.0,9,0,0,0,0.0,0
6.7218,47,0,0.9669,6231.0,9,0,2,0,0.0,0
0.3717,30,0,0.1442,7407.0,4,0,0,0,0.0,0
0.0376,61,0,0.8187,9312.0,9,0,1,0,0.0,0
0.0568,68,0,0.4393,,3,0,1,0,1.0,0
0.2579,51,0,0.6003,1851.0,12,0,0,0,0.0,0
0.153,58,0,0.6597,1339.0,7,0,2,0,1.0,0
0.1521,45,0,0.6265,,7,0,1,0,0.0,0
0.4553,40,0,0.0653,,11,0,1,0,1.0,0
0.4552,66,0,0.7026,16628.0,9,0,1,0,0.0,0
0.6825,57,0,0.7809,4103.0,7,0,2,0,4.0,0
0.6666,59,0,0.2947,5620.0,2,1,0,0,1.0,0
0.1117,73,0,0.2962,6470.0,7,0,3,0,1.0,0
0.302,37,0,0.3188,9503.0,11,0,1,0,0.0,0
0.8211,44,0,0.3638,2799.0,5,0,2,0,0.0,0
0.5605,54,0,0.0373,,6,0,0,0,1.0,0
0.0807,44,0,0.2662,,10,0,0,0,,0
0.4738,63,0,0.9069,2531.0,13,0,1,0,1.0,0
0.0401,49,1,0.6993,2713.0,7,0,1,1,0.0,0
0.1875,38,0,0.1593,1862.0,5,0,2,0,0.0,0
0.4516,53,0,0.666,5234.0,7,0,0,0,1.0,0
0.4577,54,0,0.5307,6787.0,8,0,0,0,1.0,0
0.1886,65,0,0.2339,4268.0,14,0,3,0,3.0,0
0.2743,58,0,0.6434,6587.0,11,0,1,0,0.0,0
0.1856,58,0,0.0631,6945.0,4,0,0,0,3.0,0
0.3105,56,0,0.6619,5630.0,8,0,2,0,0.0,0
0.4577,49,0,0.9211,25509.0,7,0,1,0,0.0,0
0.1551,42,0,0.4673,4329.0,7,0,1,0,0.0,0
0.0145,56,0,0.1931,6989.0,12,0,1,0,1.0,1
2.0046,47,0,0.5604,11565.0,6,0,1,0,0.0,0
0.0974,76,0,0.0886,10309.0,7,0,0,0,1.0,0
5.5099,71,0,0.7475,,9,0,2,0,0.0,0
0.0907,61,0,0.3092,2815.0,8,0,0,0,2.0,0
1.2725,57,1,0.753,15956.0,10,0,1,0,2.0,0
2.3252,51,0,0.2361,4117.0,9,0,3,0,2.0,0
3.8319,34,1,0.362,9764.0,6,0,1,0,1.0,0
0.2915,49,0,0.3944,9161.0,10,0,3,0,1.0,0
0.0978,53,0,0.1846,3188.0,3,0,1,0,2.0,0
0.4548,55,0,0.66,4051.0,10,0,0,0,0.0,0
0.6199,59,0,0.3173,7260.0,7,0,0,0,0.0,0
0.7039,65,0,0.9202,2837.0,4,0,1,0,0.0,0
0.9677,42,0,0.2116,2095.0,6,0,1,0,1.0,0
0.7272,42,0,0.2984,2727.0,14,0,2,0,0.0,0
0.0209,72,0,0.2499,,8,0,2,0,0.0,0
0.6513,63,0,0.4875,9977.0,6,0,1,0,2.0,0
0.0673,47,0,0.6877,8180.0,5,0,0,0,1.0,0
0.7817,50,0,0.6141,,10,0,3,0,0.0,0
0.5922,51,0,0.2,8331.0,10,0,2,0,0.0,0
8.7278,52,0,0.6817,7640.0,6,0,1,0,0.0,0
0.0885,59,0,0.7275,6080.0,5,0,0,0,1.0,0
0.6612,87,0,0.7779,,8,0,1,0,2.0,0
0.5738,55,0,0.3558,1920.0,8,0,0,0,0.0,0
0.3662,61,0,0.5831,2039.0,7,0,1,0,0.0,0
0.4692,28,0,0.4761,1927.0,11,0,1,0,0.0,1
0.0747,45,0,0.8663,2355.0,4,0,1,0,0.0,0
0.5766,69,0,0.4963,3330.0,5,0,1,0,2.0,0
0.6083,58,0,0.1368,8287.0,6,0,0,0,1.0,0
0.6812,21,0,0.7406,1564.0,5,0,1,0,0.0,1
0.1399,61,0,1.0257,5267.0,8,0,1,0,0.0,0
0.2919,79,0,1.0019,4914.0,11,0,0,0,0.0,0
0.2002,24,0,0.2522,,7,0,0,0,,0
0.8159,73,0,0.8151,5334.0,4,0,0,0,1.0,0
5.1057,21,0,0.3882,10863.0,8,0,0,0,0.0,0
0.1921,65,0,0.9282,4889.0,8,0,3,0,0.0,0
0.2746,52,0,0.6706,5695.0,6,0,4,0,0.0,0
0.3067,21,0,0.5685,5622.0,3,0,0,0,,0
0.4512,58,0,0.2932,4265.0,4,0,1,0,1.0,0
0.0159,68,0,0.4628,3563.0,6,0,0,0,0.0,0
0.0437,57,1,0.8159,7286.0,7,0,0,0,0.0,0
0.354,60,0,0.8304,3410.0,6,0,1,0,1.0,0
0.0064,46,0,0.6512,,7,0,0,0,1.0,0
0.4645,26,0,0.426,,8,0,0,0,1.0,0
0.3926,62,1,0.7055,,8,0,1,0,0.0,1
0.6362,76,0,0.825,2298.0,9,0,2,0,0.0,0
0.7225,68,0,0.7944,4757.0,9,0,1,0,0.0,1
0.4666,24,0,0.8676,1551.0,4,0,0,0,0.0,0
0.1648,31,0,0.1052,5175.0,6,0,1,0,0.0,0
0.2719,40,0,0.6162,7705.0,4,0,1,0,0.0,0
0.1835,30,0,0.392,5421.0,3,0,0,0,2.0,0
3.0597,53,0,0.0499,7770.0,3,0,0,0,3.0,0
0.2828,58,0,0.4666,15693.0,8,0,0,0,0.0,0
2.8487,32,0,0.1323,7513.0,5,0,1,0,2.0,0
0.6347,63,0,0.6776,9095.0,7,0,0,0,0.0,0
0.1838,60,0,0.2067,6412.0,4,0,3,0,2.0,0
0.4093,44,0,0.4648,6287.0,8,0,1,0,0.0,0
0.0128,50,0,0.6657,6093.0,8,0,2,0,1.0,0
0.3071,25,0,0.072,13749.0,9,0,0,0,0.0,0
0.3083,47,0,0.7822,2226.0,8,0,0,0,2.0,0
0.5262,52,0,0.4556,,12,0,2,0,1.0,0
2.7198,54,0,0.1468,,5,0,2,0,0.0,0
0.4621,57,0,0.1257,4184.0,7,0,1,0,0.0,0
0.3365,55,0,0.7025,14157.0,6,0,0,0,0.0,0
0.6382,48,0,0.3059,10054.0,8,0,0,0,2.0,0
0.1161,56,0,0.7516,,7,0,0,0,1.0,0
0.496,66,0,0.6598,4513.0,7,0,2,0,2.0,0
0.0951,51,0,0.4348,4024.0,10,0,1,0,1.0,0
3.8814,56,0,0.2713,4667.0,8,0,1,0,2.0,0
0.3578,49,0,0.1983,,8,0,2,0,1.0,0
0.032,43,0,0.653,6711.0,8,0,0,0,0.0,0
0.4404,59,0,0.5482,3544.0,9,0,0,0,0.0,0
0.4989,44,0,0.6229,10579.0,9,0,1,0,2.0,0
0.2762,57,0,0.382,,12,0,0,0,0.0,0
0.2889,52,0,0.3515,3738.0,13,0,0,0,2.0,0
0.1305,48,0,0.1769,3377.0,5,0,2,0,2.0,0
0.5747,47,0,0.2537,11272.0,13,0,0,0,0.0,0
0.3745,45,0,0.2529,7715.0,11,0,1,0,0.0,0
0.1347,29,0,0.0237,,4,0,0,0,1.0,0
0.0627,57,0,0.3489,6898.0,5,0,0,0,1.0,0
0.707,55,0,0.479,,7,0,1,0,1.0,0
4.7718,64,0,0.931,4673.0,10,0,1,0,1.0,0
0.2325,45,0,0.5489,6558.0,7,0,1,0,1.0,0
0.5488,79,0,0.6193,1374.0,9,0,1,0,3.0,0
0.0645,47,0,0.1609,5057.0,9,0,1,0,0.0,0
1.4532,40,0,1.1026,10403.0,9,0,1,0,1.0,0
0.9042,38,0,0.2843,4120.0,6,0,0,0,2.0,0
0.2226,28,0,0.1908,7181.0,6,0,0,0,1.0,0
0.074,73,0,0.6246,6991.0,7,0,2,0,0.0,0
0.2372,71,0,0.635,5892.0,6,0,0,0,0.0,0
0.1202,60,0,0.6125,3552.0,11,0,0,0,1.0,0
0.1861,39,0,0.4234,8407.0,11,0,2,0,1.0,0
0.4798,77,0,0.3557,,7,0,1,0,1.0,0
0.372,47,0,0.7124,,11,0,2,0,,0
0.4134,48,0,0.4578,7647.0,9,0,0,0,0.0,0
0.7428,72,0,0.7723,14701.0,5,0,1,0,1.0,0
0.1833,61,0,0.2309,,12,0,1,0,0.0,0
0.0411,83,0,0.324,8060.0,6,0,0,0,1.0,0
0.8855,55,0,0.2655,1647.0,11,0,0,0,0.0,0
0.7942,46,0,0.6254,,4,0,0,0,0.0,0
10.8689,43,1,0.4815,,5,1,1,0,0.0,0
0.2242,26,0,0.1084,7108.0,10,0,1,0,1.0,1
2.0827,48,0,0.0841,1080.0,5,1,2,3,0.0,0
0.261,68,0,0.2003,4883.0,9,0,2,0,0.0,0
0.179,60,0,0.7588,9811.0,5,0,0,0,0.0,0
0.0267,52,0,0.3756,9530.0,5,0,2,0,0.0,0
0.2385,38,0,0.6601,,4,0,0,0,1.0,0
1.09,55,0,0.6847,,7,0,1,0,1.0,0
0.0208,66,3,0.3052,3098.0,7,0,2,3,1.0,0
0.3696,58,0,0.9216,4865.0,6,0,0,0,,0
5.3875,54,0,0.1239,10573.0,9,0,0,0,0.0,0
0.2876,41,0,0.9089,,7,0,2,0,1.0,0
2.0371,64,0,0.4847,9691.0,6,0,1,0,1.0,0
0.105,21,0,0.2126,,11,0,0,0,2.0,0
0.8898,57,0,0.6768,3082.0,12,0,3,0,1.0,0
0.0321,88,0,0.8333,3234.0,5,0,2,0,2.0,0
0.3485,31,0,0.0878,3486.0,8,0,3,0,3.0,0
0.5621,49,2,0.6393,15748.0,5,0,0,0,0.0,0
0.9174,52,0,0.3916,8586.0,9,0,2,0,0.0,0
0.5181,46,0,0.6048,12327.0,8,0,2,0,0.0,0
0.1061,67,0,0.907,8784.0,9,0,1,0,0.0,0
0.8521,59,0,0.358,6840.0,9,0,1,0,1.0,0
1.4496,54,0,0.9503,6556.0,11,0,1,0,0.0,0
0.2451,63,0,0.3865,4031.0,7,0,0,0,1.0,0
0.6654,52,0,0.424,8339.0,7,0,0,0,0.0,0
0.3512,95,0,0.6817,19675.0,12,0,1,0,,0
0.0761,54,0,0.657,8497.0,10,0,0,0,3.0,0
0.7408,55,0,1.1182,7061.0,9,0,1,0,,0
0.1815,28,0,0.5464,,7,0,2,0,1.0,0
0.2164,44,0,0.7307,4719.0,9,0,1,0,1.0,0
0.0283,68,0,0.8119,6012.0,15,0,0,0,1.0,0
0.7022,33,0,0.3204,,5,0,2,0,0.0,0
0.2792,22,0,0.1523,6147.0,7,0,1,0,1.0,0
0.2226,52,0,0.6029,6467.0,9,0,2,0,0.0,0
2.1148,71,0,1.1346,17756.0,8,0,0,0,0.0,0
0.8352,53,0,0.4712,4661.0,6,0,1,0,1.0,0
0.6466,47,0,0.3963,29250.0,7,0,1,0,0.0,0
0.8664,26,0,0.8534,13273.0,3,0,1,0,,0
0.0822,58,0,0.1756,1898.0,2,0,2,0,0.0,0
1.219,61,0,0.9251,2316.0,10,0,1,0,2.0,0
0.1147,27,0,0.6231,,7,0,5,0,1.0,0
0.321,68,0,0.5591,,5,0,1,0,1.0,0
0.7215,63,0,0.6401,,9,0,0,0,0.0,1
1.0599,68,1,0.7155,10509.0,3,0,0,0,2.0,0
0.1939,60,0,0.594,5924.0,5,0,0,0,1.0,0
0.9676,61,0,0.2257,6588.0,11,0,1,0,1.0,0
0.1112,59,0,0.7479,13583.0,12,0,0,0,1.0,0
0.2704,64,0,0.4551,6198.0,5,0,0,0,1.0,0
0.0917,27,0,0.6596,2867.0,7,0,1,0,1.0,0
0.566,31,0,0.2736,,6,0,0,0,,0
2.6269,42,0,0.4221,14626.0,8,0,1,0,1.0,0
0.3302,50,0,0.4411,3903.0,6,0,0,0,1.0,0
0.5007,57,0,0.3935,,8,0,1,0,1.0,0
0.439,57,0,0.5832,,11,0,1,0,2.0,0
0.6409,68,0,0.1116,,10,0,2,0,0.0,0
0.249,68,0,0.4648,4867.0,10,0,2,0,1.0,0
0.5989,40,0,0.557,7735.0,9,0,1,0,0.0,0
0.2573,55,0,0.6398,,11,0,0,0,3.0,0
0.9953,40,0,0.6731,7222.0,9,0,2,0,2.0,0
0.5332,49,0,0.5497,2931.0,11,0,0,0,1.0,0
0.0897,57,0,0.2707,2625.0,7,0,0,0,1.0,0
0.3419,21,0,0.5019,1707.0,9,0,0,0,0.0,0
0.4963,86,0,0.3994,12175.0,8,0,1,0,1.0,0
0.4778,60,0,0.5327,,6,0,2,0,1.0,1
0.9846,44,0,0.2464,1435.0,10,0,2,0,2.0,0
3.2717,79,1,0.3038,11383.0,5,1,0,0,0.0,0
0.6635,47,0,0.7061,3665.0,9,0,1,0,0.0,0
0.5602,54,0,0.3537,8284.0,8,0,2,0,1.0,0
0.0581,45,0,0.3075,3308.0,9,0,0,0,1.0,0
0.57,75,0,0.3744,2672.0,5,0,0,0,0.0,0
0.2478,51,0,0.0299,12486.0,7,0,0,0,0.0,1
2.6039,54,0,0.3156,10150.0,11,0,0,0,2.0,0
0.4937,69,0,0.4676,4425.0,7,0,0,0,0.0,1
1.4349,60,0,1.0072,3053.0,9,0,2,0,0.0,0
0.463,51,1,0.3147,3619.0,7,1,1,0,0.0,0
0.9419,68,0,0.7308,3419.0,6,0,0,0,0.0,0
0.5613,88,0,0.7453,2589.0,8,0,1,0,0.0,1
0.8379,56,0,0.2012,8626.0,9,0,1,0,1.0,0
0.2103,54,0,0.1821,,8,0,0,0,1.0,0
0.3483,54,0,0.1778,3530.0,8,0,0,0,0.0,0
0.0725,70,0,0.425,25239.0,7,0,0,0,0.0,0
0.393,44,0,0.5545,2676.0,5,0,2,0,1.0,0
0.0904,48,0,0.3091,8989.0,10,0,1,0,0.0,0
0.3267,30,0,0.3879,,10,0,0,0,0.0,0
1.6158,35,0,0.8875,4879.0,11,0,1,0,5.0,0
0.0082,45,0,0.5572,6262.0,9,0,1,0,2.0,0
1.8074,51,0,1.1179,27079.0,9,0,1,0,2.0,0
2.7553,77,0,0.5069,5129.0,2,0,1,0,0.0,1
0.1203,60,2,0.411,3005.0,9,0,0,0,0.0,0
0.3249,39,1,1.3637,,7,0,1,0,1.0,0
0.9696,42,0,0.297,4724.0,6,0,2,0,3.0,0
0.2902,71,0,0.2253,4896.0,8,0,1,0,0.0,0
0.1782,68,0,0.982,1652.0,7,0,1,0,2.0,0
0.1914,52,0,0.532,4634.0,8,0,2,0,0.0,0
0.6331,46,0,0.7526,3489.0,5,0,1,0,0.0,0
0.5552,68,0,0.2431,,8,0,1,0,3.0,0
0.509,38,0,0.4274,6213.0,7,0,0,0,1.0,0
0.0881,57,0,0.3077,,8,0,1,0,0.0,0
1.2773,84,1,0.3269,9696.0,11,2,0,0,1.0,0
1.2197,55,0,0.6972,,6,0,1,0,0.0,0
1.546,41,0,0.6488,6243.0,5,0,0,0,0.0,0
10.8424,58,0,0.1572,7340.0,5,0,0,0,,0
0.312,45,0,0.7004,,8,0,2,0,1.0,0
0.8048,32,0,0.6752,6003.0,10,0,1,0,0.0,0
0.5059,62,0,0.495,5675.0,9,0,0,0,0.0,0
0.0002,68,0,0.7492,13595.0,4,0,2,0,0.0,0
0.1997,48,0,0.2338,,9,0,4,0,0.0,0
0.3362,47,0,0.8174,3195.0,5,0,0,0,1.0,0
0.1378,39,0,0.5799,6082.0,7,0,3,0,0.0,0
0.1461,50,0,0.6046,4420.0,7,0,0,0,0.0,0
0.7751,44,0,1.125,4405.0,10,0,1,0,1.0,1
1.3561,38,0,0.3439,6599.0,16,0,0,0,1.0,0
0.1423,78,0,0.2744,1812.0,10,0,2,0,1.0,0
1.0111,59,0,0.5189,,14,0,0,0,1.0,1
0.3953,60,0,0.6436,5087.0,13,0,0,0,1.0,0
0.4979,64,1,0.6347,12735.0,7,0,0,0,2.0,0
0.1921,63,0,0.7281,11176.0,5,0,0,0,2.0,0
0.6124,46,0,0.6523,5599.0,6,0,2,0,0.0,0
0.045,56,0,0.3958,7269.0,12,0,2,0,,0
0.0136,48,0,0.8783,10052.0,11,0,1,0,0.0,0
0.959,58,0,0.4759,4909.0,5,0,0,0,1.0,0
0.4024,57,0,0.2356,19988.0,11,0,2,0,1.0,0
0.4327,47,0,0.6844,11444.0,14,0,1,0,0.0,0
0.1038,33,0,0.3767,4377.0,5,0,1,0,2.0,0
0.4567,54,0,0.094,6505.0,9,0,1,0,0.0,0
0.1419,49,0,0.2573,,5,0,0,0,1.0,0
0.2107,26,0,0.6314,2377.0,7,0,1,0,0.0,0
0.0181,59,0,0.294,28553.0,12,0,0,0,1.0,0
0.1918,66,0,0.0294,10506.0,10,0,0,0,2.0,0
0.1432,87,0,0.3774,6661.0,7,0,5,0,5.0,0
0.5429,47,0,0.5548,8238.0,7,0,1,0,3.0,0
0.1756,44,0,0.4913,1906.0,9,0,0,0,0.0,0
3.416,36,0,0.5534,4580.0,10,0,2,0,0.0,0
0.2889,55,0,0.3072,2225.0,5,0,1,0,1.0,0
0.807,55,0,0.2085,17244.0,8,0,0,0,0.0,0
1.9117,41,0,0.1439,26842.0,12,0,0,0,0.0,0
0.0013,50,0,0.9632,3577.0,4,0,2,0,1.0,0
2.2508,24,0,0.3744,5415.0,11,0,0,0,1.0,0
0.3554,65,0,0.3773,3557.0,10,0,1,0,0.0,0
0.464,41,0,0.8399,5260.0,8,0,0,0,1.0,0
2.4596,52,0,0.8058,6626.0,9,0,0,1,1.0,0
0.1592,32,0,0.1396,9198.0,4,0,1,0,1.0,0
0.4632,44,0,0.7566,2650.0,13,0,0,0,1.0,0
0.3716,48,0,0.1249,2617.0,5,0,0,0,2.0,0
0.1589,52,0,0.3974,4298.0,10,0,2,0,2.0,0
0.2513,59,0,0.2675,4706.0,4,0,0,0,0.0,0
0.1882,72,0,0.1453,,11,0,0,0,1.0,0
5.1352,62,0,0.1186,4382.0,4,0,1,0,0.0,0
1.1361,65,0,0.4099,,3,0,3,0,0.0,0
0.7942,72,0,1.0061,6945.0,10,0,3,0,1.0,0
0.8594,60,0,0.3583,3548.0,5,0,1,0,0.0,0
0.115,51,1,0.1874,,6,0,3,0,0.0,1
0.0068,66,0,0.5789,,7,0,0,0,0.0,0
0.7569,67,0,0.4625,11002.0,6,0,1,0,4.0,0
0.0049,61,0,0.3064,5430.0,9,0,1,0,0.0,0
1.0159,32,0,0.4199,6842.0,8,0,0,0,0.0,0
0.3439,40,0,0.1516,11483.0,6,0,1,0,0.0,0
0.9602,48,0,0.3778,3183.0,12,0,0,0,1.0,0
0.352,63,0,0.5776,,6,0,1,0,0.0,0
0.1508,52,0,0.3292,2944.0,6,0,0,0,2.0,0
0.7979,68,0,0.3177,20474.0,12,0,2,0,0.0,0
1.0987,70,0,0.8875,3207.0,6,0,1,0,3.0,0
0.34,69,0,0.1214,11129.0,2,0,0,0,1.0,0
0.2861,69,0,0.581,,12,0,0,0,1.0,0
0.9167,37,3,0.6066,8608.0,7,0,1,0,3.0,0
0.1054,59,0,0.6137,,5,0,1,0,0.0,0
0.7767,43,0,0.0596,3074.0,7,0,1,0,0.0,0
0.2689,29,0,0.6182,18220.0,7,0,0,0,0.0,0
2.0222,48,0,0.1799,17126.0,11,1,1,0,1.0,0
0.3744,71,0,0.4735,5679.0,11,0,1,0,2.0,0
0.0309,58,0,0.246,5981.0,6,0,2,0,0.0,0
0.4641,80,0,0.6553,7191.0,9,0,1,0,2.0,0
0.7233,54,0,0.2338,,10,0,0,0,2.0,0
4.572,86,0,0.7371,5245.0,2,0,3,0,0.0,0
3.8367,54,0,0.4885,,10,0,1,0,1.0,0
2.8678,52,0,0.5526,4791.0,6,0,0,0,0.0,0
1.3234,34,0,0.4541,,9,0,1,0,0.0,0
0.1548,68,0,0.5035,7434.0,9,0,0,0,1.0,0
3.3471,45,1,0.874,2365.0,5,0,1,0,0.0,0
0.8082,43,0,0.1597,3527.0,5,0,1,0,0.0,0
0.4451,70,0,1.0426,,8,0,1,0,1.0,0
0.0044,68,0,0.1307,5815.0,9,0,3,0,1.0,0
0.4627,68,0,0.8105,13802.0,10,0,3,0,1.0,0
0.3658,47,0,0.5919,9380.0,7,0,1,0,2.0,0
0.5669,51,0,0.9875,,3,0,2,0,1.0,0
0.0069,51,0,0.2849,3915.0,10,0,0,0,2.0,0
1.091,63,0,0.6465,,8,0,0,0,2.0,0
0.1269,74,0,1.2622,,6,0,0,0,2.0,0
0.3956,57,0,0.6908,8517.0,7,0,1,0,1.0,0
0.2583,80,0,0.3401,12226.0,6,0,0,0,2.0,0
1.4404,65,0,0.7454,4732.0,10,0,3,0,2.0,0
0.0902,49,0,0.3636,8664.0,8,0,0,0,0.0,0
0.4067,64,0,0.288,5446.0,8,0,2,0,0.0,0
0.2599,76,0,0.1194,6467.0,11,0,1,0,1.0,0
0.5997,80,0,0.8169,3986.0,12,0,1,0,0.0,0
0.6164,69,1,1.0672,3960.0,6,0,2,0,1.0,0
0.2216,52,0,0.4698,,9,0,1,0,0.0,0
0.9415,49,0,0.3704,,7,0,3,0,1.0,0
0.4092,60,0,0.2379,4995.0,11,0,0,0,2.0,0
0.3602,75,0,0.6547,15293.0,6,0,3,0,1.0,0
0.0643,58,3,0.2673,12238.0,10,0,3,0,0.0,1
0.7432,58,0,0.4698,21790.0,5,0,1,0,0.0,0
0.087,53,0,0.7604,,14,0,0,0,2.0,0
0.19,47,0,0.7697,,8,0,3,0,2.0,0
0.0284,50,0,0.59,,11,0,1,0,1.0,0
0.341,54,0,0.5914,7277.0,6,0,1,0,0.0,0
0.8158,76,0,0.5246,,9,0,0,0,0.0,0
0.9386,49,0,0.087,3398.0,11,2,0,0,2.0,0
0.4443,53,0,0.8532,7416.0,10,0,0,0,1.0,0
0.3532,40,0,0.175,,3,0,1,0,,0
0.4772,62,0,0.5898,,7,0,2,0,1.0,1
0.3044,71,0,0.326,9256.0,7,0,2,0,0.0,0
0.2649,75,0,0.3443,5776.0,3,0,0,0,1.0,0
0.0992,55,0,0.46,3320.0,11,0,0,0,3.0,0
0.2439,60,0,0.9366,5717.0,6,0,1,0,0.0,0
0.2544,50,0,0.683,5961.0,14,0,2,0,0.0,0
0.1792,59,0,0.7291,8293.0,8,0,0,0,0.0,0
0.6595,56,0,0.1765,1222.0,8,0,2,0,0.0,0
0.6265,53,0,0.5504,8794.0,8,0,2,0,0.0,0
0.5744,54,0,1.2617,,12,0,3,0,1.0,0
0.3011,58,0,0.4816,16037.0,6,0,2,0,0.0,0
7.5649,48,0,0.2366,11478.0,12,0,1,0,0.0,0
0.586,49,0,0.7868,5996.0,3,0,0,0,0.0,0
0.69,76,0,0.6632,8138.0,16,0,1,0,1.0,0
0.5469,90,0,0.2785,2021.0,11,0,2,0,0.0,0
4.6762,35,0,0.7997,1903.0,6,0,1,0,2.0,0
0.2945,34,0,0.8233,,8,0,4,0,0.0,0
0.819,39,0,0.3769,9501.0,9,0,2,0,0.0,0
0.6938,51,0,0.8258,2573.0,6,0,0,0,0.0,1
0.6691,65,0,0.7619,,6,0,1,0,1.0,0
1.4636,60,0,0.1744,,9,0,1,0,1.0,0
2.7429,54,1,0.5372,10069.0,10,2,0,0,1.0,0
0.1727,59,0,0.3559,8380.0,11,0,0,0,0.0,0
0.4859,42,0,0.6377,5022.0,10,0,4,0,0.0,1
0.8889,49,0,0.2614,2379.0,8,0,0,0,0.0,0
0.5355,52,0,0.1896,4614.0,10,0,1,0,0.0,0
0.9915,30,0,0.2644,9605.0,15,0,1,0,0.0,0
0.4867,36,0,0.0662,,4,0,0,0,0.0,0
3.5916,36,0,0.4453,3043.0,9,0,2,0,0.0,0
0.9337,63,0,0.5319,5764.0,5,0,2,0,0.0,0
1.4462,55,0,0.3044,7136.0,9,0,0,0,1.0,0
0.4887,61,0,0.7484,5833.0,12,0,3,0,0.0,0
0.4026,26,0,0.2712,,9,0,0,0,2.0,0
0.4754,31,0,0.4393,12991.0,8,0,2,0,0.0,0
0.4564,61,0,0.8622,18639.0,12,0,3,0,1.0,0
0.3959,21,0,0.1476,6162.0,11,0,1,0,3.0,0
0.5412,69,0,0.2664,5923.0,11,0,1,0,0.0,0
0.086,26,0,0.506,4655.0,14,0,0,0,0.0,0
0.5527,64,0,0.3413,4750.0,6,0,2,0,1.0,0
0.0809,40,0,0.3954,5394.0,12,0,0,0,0.0,0
0.3017,67,1,0.6112,2338.0,2,0,2,0,1.0,0
0.5043,95,0,0.4328,9414.0,10,0,0,0,1.0,0
0.3953,21,0,0.1149,,6,0,1,0,0.0,0
1.3205,62,0,0.6256,4457.0,5,0,1,0,0.0,0
0.3955,27,0,0.5654,9001.0,8,0,0,0,0.0,0
0.3041,58,0,1.2168,10530.0,7,0,0,0,2.0,0
0.3283,49,0,0.5459,8908.0,7,0,1,0,1.0,0
0.1271,54,0,0.4968,,3,0,1,0,0.0,0
0.4515,39,0,0.3722,6034.0,10,0,0,0,2.0,0
0.6458,63,0,0.3114,2305.0,13,0,0,0,0.0,0
2.111,32,2,0.6584,3781.0,7,0,3,0,,0
0.7659,69,0,0.2123,7405.0,6,0,2,0,0.0,0
0.2816,46,0,0.8653,7307.0,7,0,1,0,2.0,0
0.5438,32,0,0.5889,2839.0,9,0,0,0,0.0,0
0.8499,74,0,0.2721,8188.0,12,0,0,0,1.0,0
0.4504,51,0,0.1715,4792.0,12,0,2,0,2.0,0
0.2239,79,0,0.516,,7,0,0,0,0.0,0
1.3098,69,0,0.9273,3224.0,13,0,2,0,0.0,1
0.3811,41,2,0.4452,,9,0,1,0,0.0,0
0.5615,51,0,0.4128,8404.0,7,0,1,0,1.0,0
3.4917,54,0,0.1284,3726.0,11,0,1,0,0.0,0
0.7411,73,0,0.2745,4175.0,10,0,1,0,1.0,0
0.4583,58,0,0.534,5074.0,5,0,1,0,0.0,0
0.8235,54,0,0.4859,6740.0,10,0,0,0,0.0,0
0.3811,49,0,0.6906,10670.0,8,0,0,0,1.0,0
0.6414,51,3,0.0505,12578.0,7,0,1,1,2.0,0
0.4359,70,0,0.8637,8733.0,7,0,1,0,0.0,0
5.051,52,0,0.1971,6914.0,8,0,0,0,1.0,0
0.3975,46,0,0.5387,16647.0,11,0,1,0,1.0,0
0.0083,44,0,0.1857,,8,0,2,0,1.0,0
1.6572,44,0,0.6698,6977.0,4,0,2,0,0.0,0
0.1038,32,0,0.451,1500.0,4,0,1,0,1.0,0
0.6869,41,0,0.5191,6408.0,7,0,1,0,1.0,0
0.0874,73,0,0.8011,3182.0,9,0,1,0,0.0,0
0.4385,49,0,0.5014,2356.0,6,0,1,0,1.0,0
0.5051,62,0,0.092,,11,0,1,0,5.0,0
0.2782,21,1,0.1686,5605.0,2,0,2,0,2.0,0
2.7562,60,0,0.9148,3948.0,10,0,1,0,0.0,1
0.1958,50,0,0.6649,10251.0,6,0,0,0,0.0,0
0.1021,45,0,0.0977,9940.0,9,0,1,0,2.0,0
0.4216,55,0,0.436,,8,0,0,0,1.0,0
0.0634,45,0,0.4963,7966.0,9,0,0,0,2.0,0
0.5618,22,0,0.5343,3503.0,8,0,1,0,1.0,1
0.9158,65,0,0.0976,4305.0,9,0,2,0,2.0,0
0.3424,55,0,0.3318,4402.0,8,0,0,0,0.0,0
0.4166,48,0,0.3352,2333.0,14,0,2,0,1.0,0
0.232,38,0,0.3979,2409.0,6,0,2,0,1.0,0
0.1992,31,0,0.8428,3515.0,9,0,1,0,1.0,0
0.0439,55,0,0.4867,10763.0,13,0,2,0,0.0,0
0.6419,75,0,0.745,2285.0,10,0,4,0,0.0,0
0.4458,55,0,0.8747,,11,0,2,0,0.0,0
0.4598,33,0,0.4728,22177.0,3,0,1,0,2.0,0
3.1251,55,0,0.4287,3247.0,6,0,2,0,1.0,0
0.8814,51,0,0.2373,8369.0,6,0,1,0,0.0,0
0.0168,64,0,0.7516,6762.0,2,0,0,0,0.0,0
0.4461,60,0,1.0883,7071.0,11,0,2,0,1.0,0
0.3953,21,0,0.1887,,9,0,0,0,0.0,0
1.3542,60,0,0.7468,16845.0,7,0,1,0,0.0,0
0.5202,38,0,0.4241,,9,0,1,0,0.0,0
0.0973,32,0,0.5286,4143.0,12,0,2,0,1.0,0
0.6174,49,0,0.3473,3586.0,10,0,1,0,1.0,0
0.9361,58,0,0.8406,,8,0,1,0,2.0,0
0.6795,29,0,0.2906,5228.0,10,0,1,0,0.0,0
1.8008,62,0,0.6868,4487.0,12,0,0,0,0.0,0
3.568,63,0,1.0872,,9,0,0,0,0.0,0
0.4452,53,0,0.0828,,11,0,1,0,2.0,0
0.2632,40,0,0.6677,6425.0,8,0,0,0,0.0,0
0.7075,38,0,0.6946,5898.0,8,0,1,0,0.0,0
1.3212,66,0,0.1229,2993.0,8,0,0,0,0.0,0
0.5479,31,0,0.4749,5834.0,6,0,0,0,2.0,0
0.3983,67,0,0.3549,,10,0,1,0,0.0,0
0.2272,50,0,0.3711,4745.0,10,0,1,0,1.0,0
0.1497,51,0,0.8127,2968.0,6,0,0,0,0.0,0
2.1353,28,0,0.8906,3219.0,11,0,0,0,3.0,0
5.5517,50,0,0.3929,2138.0,7,0,0,0,0.0,0
0.1241,61,0,0.5207,4194.0,8,0,0,0,,0
0.7998,33,0,0.3485,7895.0,10,0,0,0,2.0,0
0.4898,59,0,0.4455,3153.0,10,0,0,0,0.0,0
0.5542,53,0,0.3863,5340.0,9,0,1,0,1.0,1
1.4664,43,0,0.2758,,10,0,0,0,1.0,0
0.1685,64,0,0.5228,,8,0,0,0,0.0,0
0.695,21,0,0.6865,2319.0,7,0,1,0,2.0,0
0.0087,57,0,0.9698,1817.0,8,0,0,0,1.0,0
0.2043,75,0,0.1487,5782.0,10,0,1,0,0.0,1
0.7019,72,0,1.0718,13078.0,10,0,1,0,1.0,0
0.5047,57,0,0.2337,2812.0,11,0,0,0,1.0,0
0.8216,48,0,0.6756,9990.0,8,0,1,0,1.0,0
0.8406,43,0,0.649,4174.0,12,1,2,0,0.0,0
0.4978,48,0,0.3098,,12,0,1,0,2.0,0
0.1227,60,0,0.8238,7051.0,7,0,3,0,0.0,0
0.2073,41,0,0.3077,,6,0,0,0,1.0,0
0.0226,63,0,0.715,,8,0,0,0,1.0,0
0.8852,82,0,0.6596,6041.0,7,0,2,1,,0
0.4332,51,0,0.643,2931.0,7,0,1,0,0.0,0
0.1865,33,0,0.6548,2321.0,8,0,2,0,1.0,0
0.6012,33,0,0.3106,4277.0,7,0,2,0,1.0,0
0.5351,63,0,0.7573,2792.0,8,0,0,0,1.0,0
0.3197,51,0,0.2671,,11,0,2,0,1.0,0
5.3709,64,1,0.4669,1473.0,7,0,0,0,1.0,0
3.5467,45,0,0.4839,,10,0,1,0,2.0,0
1.1678,64,0,0.9705,10473.0,12,0,1,1,1.0,0
0.5141,50,0,0.8564,9722.0,6,0,1,0,0.0,0
0.0311,42,0,0.2902,1570.0,12,0,0,0,0.0,0
0.0479,46,0,0.1538,4317.0,10,0,2,0,1.0,0
0.1356,35,0,0.4422,11086.0,6,0,0,0,1.0,0
0.5019,80,0,0.9952,,3,0,2,0,0.0,1
0.6661,51,0,0.5802,5378.0,8,0,1,0,2.0,1
0.4323,61,0,0.6631,4421.0,5,0,0,0,1.0,0
0.1749,44,0,0.9222,2466.0,10,0,3,0,2.0,0
8.8332,37,0,0.4011,6658.0,7,0,2,0,1.0,0
0.1195,49,0,0.5538,12253.0,5,0,1,0,0.0,0
0.2758,67,0,0.7054,,9,0,1,0,0.0,0
1.3421,45,1,1.1306,8174.0,6,0,0,0,1.0,0
0.2566,40,0,0.3536,7948.0,6,0,1,0,,0
0.1973,54,0,0.5597,10473.0,9,0,1,0,1.0,0
0.3824,59,0,0.8759,5705.0,11,0,0,0,1.0,0
0.9656,75,3,0.5957,4274.0,10,0,0,1,1.0,0
1.8246,57,1,0.2767,7660.0,7,0,2,2,2.0,0
0.2498,61,0,0.6403,2689.0,11,0,1,0,1.0,0
0.0499,62,0,0.7405,13088.0,8,0,1,0,0.0,0
0.7783,36,0,0.2306,3024.0,5,0,0,0,0.0,0
0.0189,39,0,0.4883,6022.0,6,0,0,0,2.0,0
0.0634,37,0,0.0547,5855.0,7,0,0,0,0.0,0
0.6412,33,0,0.909,3854.0,9,0,1,0,0.0,0
0.2038,63,0,0.4252,,12,0,0,0,0.0,0
0.2315,56,0,1.1441,4474.0,6,0,3,0,1.0,0
3.5394,53,0,0.0714,,7,0,1,0,2.0,1
0.5553,21,0,0.5004,7764.0,9,0,1,0,1.0,0
0.5191,81,0,0.7798,47666.0,9,0,1,0,1.0,0
0.7164,39,0,1.1799,,6,0,0,0,1.0,1
4.3005,81,0,0.2737,2360.0,7,0,1,0,2.0,0
0.4353,32,0,0.6064,6770.0,6,0,0,0,2.0,0
0.3237,41,0,0.2434,10710.0,9,0,1,0,0.0,0
0.1159,21,0,0.3083,2596.0,10,0,0,0,0.0,0
0.6982,57,0,0.3653,7663.0,10,0,0,0,,0
0.2486,37,0,0.8571,,8,0,3,0,0.0,0
1.0369,37,0,0.1989,6698.0,7,0,0,0,1.0,0
0.774,33,0,0.4261,6409.0,5,0,0,0,1.0,0
0.5726,63,0,0.6687,,7,0,0,0,2.0,0
0.7144,62,0,0.7932,3251.0,7,0,1,0,3.0,0
0.0494,77,0,0.6003,40822.0,7,0,3,0,0.0,0
0.0032,42,0,1.0145,7967.0,5,0,0,0,1.0,0
0.1105,55,0,0.1314,3468.0,9,0,0,0,0.0,0
0.1854,34,0,0.4754,9051.0,11,0,0,0,1.0,0
0.2778,47,0,0.5834,1853.0,8,0,0,0,0.0,0
0.1393,45,0,0.1129,2765.0,10,0,1,0,0.0,0
0.0986,59,0,0.3648,4570.0,7,0,2,0,1.0,0
0.4294,66,0,0.2396,,8,0,0,0,1.0,0
0.2192,66,0,0.1834,8941.0,7,0,1,0,2.0,0
0.3745,40,0,0.5325,5676.0,11,0,0,0,2.0,0
0.1059,66,0,0.3052,,6,0,0,0,2.0,0
2.8723,51,0,0.7954,10996.0,8,0,1,0,1.0,0
0.7081,47,0,0.509,4470.0,9,0,0,0,2.0,0
0.6882,42,0,0.6012,3540.0,7,0,0,0,0.0,1
0.0574,44,0,0.3215,,7,0,4,0,3.0,0
0.2603,76,0,0.5158,14248.0,8,0,1,0,2.0,0
0.8377,56,0,0.0699,4262.0,13,0,1,0,0.0,0
0.8529,54,0,0.0283,5408.0,7,0,0,0,1.0,0
0.161,48,0,0.5632,7167.0,3,0,1,0,0.0,0
0.0309,86,0,1.2458,,6,0,2,0,1.0,0
3.7403,70,0,1.0709,5533.0,6,0,2,0,2.0,0
1.3763,42,0,0.3742,7867.0,6,0,1,0,1.0,0
0.5648,48,0,0.6073,,11,0,1,0,,1
0.17,49,0,0.9907,,8,0,0,0,0.0,0
3.3725,54,0,0.6858,2560.0,17,0,1,0,1.0,0
0.0535,42,0,0.2824,4055.0,9,0,1,0,0.0,0
0.4232,58,0,0.3004,6397.0,6,0,1,0,2.0,0
0.2993,72,0,0.3018,,4,0,0,0,0.0,0
0.1916,34,0,0.1068,,8,0,2,0,1.0,0
3.4371,36,0,0.7147,,10,0,1,1,1.0,0
1.556,45,0,1.127,3961.0,10,0,0,0,1.0,0
0.2539,46,0,0.1231,,4,0,0,0,2.0,0
0.474,80,0,0.4431,,11,0,0,0,0.0,0
0.1238,66,0,0.7167,,6,0,2,0,1.0,0
0.1928,65,0,0.5323,13398.0,11,0,1,0,0.0,0
0.0506,48,0,0.3636,9096.0,15,0,0,0,1.0,0
6.0866,48,0,0.2929,2477.0,5,0,0,0,0.0,0
0.2645,32,0,0.7176,6623.0,9,0,0,0,0.0,0
0.4398,63,0,0.3652,5019.0,5,0,1,0,1.0,0
0.3293,59,0,0.4053,5869.0,5,0,1,0,2.0,0
0.9481,70,0,0.5418,1870.0,12,0,0,0,0.0,0
0.4429,49,0,0.2044,6357.0,11,0,0,0,0.0,0
0.3315,50,0,0.6037,3435.0,9,0,2,0,1.0,0
2.9986,54,0,0.3885,2421.0,7,0,1,0,,0
0.896,64,0,0.1601,6838.0,7,0,0,0,0.0,0
0.7548,31,0,0.2985,2618.0,6,0,0,0,1.0,0
0.7821,62,0,0.7366,12930.0,10,0,1,0,1.0,0
1.5153,52,2,0.5654,7889.0,8,0,2,2,1.0,0
1.379,37,0,0.6039,14228.0,6,0,0,0,2.0,0
0.2648,23,0,0.6439,,8,0,1,0,2.0,0
0.5379,50,0,0.1579,5011.0,4,0,1,0,0.0,0
0.2852,72,0,0.2619,10399.0,6,0,2,0,1.0,1
0.2569,75,0,0.8911,3426.0,7,0,1,0,3.0,0
0.1759,57,0,0.7468,5089.0,10,0,2,0,0.0,0
0.3856,79,0,0.3453,5827.0,9,0,0,0,0.0,0
0.6269,51,0,0.5987,4398.0,13,0,3,0,0.0,0
0.6359,65,0,0.8344,3999.0,7,0,0,0,1.0,1
0.0926,46,0,0.7628,1339.0,5,0,0,0,1.0,0
0.2828,45,0,0.3932,6516.0,7,0,3,0,0.0,0
0.225,43,0,0.6325,3999.0,8,0,0,0,0.0,0
0.1552,23,0,0.6563,3802.0,6,0,0,0,1.0,0
0.0749,70,0,0.5504,9466.0,12,0,1,0,2.0,0
1.8051,43,0,0.4966,5455.0,11,0,0,1,0.0,0
0.2032,41,0,0.695,3283.0,4,0,0,0,1.0,0
0.904,35,0,0.4351,3336.0,6,0,1,0,2.0,0
0.2838,49,0,0.287,2361.0,8,0,0,0,2.0,0
0.6364,77,0,0.3293,12408.0,7,0,2,0,0.0,0
0.3108,81,0,0.7735,,6,0,0,0,0.0,0
0.1946,29,0,0.4597,,5,0,0,0,0.0,0
0.7307,47,3,0.5262,17329.0,9,0,1,0,0.0,0
0.8631,38,0,0.2545,,4,0,1,0,3.0,0
0.4238,66,0,0.2794,17329.0,9,0,1,0,0.0,0
0.7485,56,0,0.6733,,7,0,1,0,0.0,1
1.081,43,0,0.1941,2638.0,7,0,3,0,0.0,0
0.109,53,0,0.6046,15111.0,7,0,0,0,,0
2.3388,45,0,0.1375,3112.0,8,0,3,0,1.0,0
0.2788,75,0,0.7443,,7,0,1,0,0.0,0
0.5549,60,0,0.5526,12732.0,8,0,0,0,1.0,0
0.467,61,0,0.214,5001.0,5,0,0,0,1.0,0
0.1873,21,0,0.7201,4523.0,5,0,1,0,1.0,0
0.5574,51,0,0.2583,2876.0,5,0,2,0,1.0,0
0.1012,81,0,0.6754,5183.0,10,0,1,0,0.0,1
0.1652,71,0,0.4528,8998.0,6,0,1,0,1.0,0
3.3761,26,0,0.3181,6750.0,8,0,0,0,1.0,0
3.2761,48,0,0.6624,1860.0,6,0,0,0,0.0,0
0.5951,35,0,0.2728,1402.0,8,0,1,0,2.0,0
0.0757,76,0,0.2274,7308.0,3,0,1,0,1.0,0
0.4456,55,0,0.9793,,6,0,1,0,0.0,1
3.3294,41,0,0.6261,3202.0,8,1,0,0,1.0,0
0.0865,52,0,0.3173,3000.0,6,0,1,0,2.0,0
3.7679,21,0,0.7808,2791.0,7,0,0,0,1.0,0
0.0236,37,0,0.1812,5102.0,8,0,1,0,3.0,0
0.4925,53,0,0.7266,2910.0,5,0,2,0,2.0,0
0.5638,64,0,0.546,,13,0,1,0,1.0,0
0.7382,25,0,0.5349,6370.0,6,0,0,0,0.0,0
0.8974,47,0,0.3415,,5,0,2,0,0.0,0
0.5404,66,0,0.9873,2101.0,4,0,2,0,2.0,0
0.0977,32,0,0.165,5437.0,11,0,1,0,0.0,0
0.1121,55,0,0.1157,6712.0,9,0,1,0,0.0,1
0.7706,53,0,0.1348,7353.0,9,0,0,0,0.0,0
0.1512,76,0,0.6248,,8,0,1,0,0.0,0
0.4898,49,0,0.548,3788.0,8,0,3,0,1.0,1
0.1405,50,0,0.1732,3391.0,10,0,3,0,1.0,0
0.2845,64,0,0.8194,3164.0,10,0,0,0,3.0,0
1.7873,33,3,0.1156,,8,1,0,0,2.0,0
0.2293,49,0,0.1483,10267.0,4,0,2,0,2.0,0
0.1477,46,0,0.4896,2687.0,7,0,0,0,2.0,0
0.2364,50,0,0.5738,,11,0,0,0,0.0,0
0.9255,64,0,0.1269,,13,0,0,0,2.0,0
0.3943,60,0,0.4811,8839.0,12,0,2,0,0.0,0
1.3249,42,0,0.2167,,7,0,0,0,,0
0.5257,54,0,0.7584,12016.0,10,0,0,0,1.0,0
0.6641,73,0,0.2782,,7,0,1,0,2.0,0
0.2128,40,0,0.3844,7167.0,8,0,2,0,0.0,0
0.3402,54,0,0.3786,,7,0,2,0,0.0,0
0.3542,49,0,0.207,1637.0,5,0,0,0,,0
0.3448,51,0,0.3007,4122.0,7,0,2,0,2.0,0
0.9318,29,0,0.933,6395.0,8,0,3,0,2.0,0
0.2556,72,0,0.8592,,4,0,1,0,0.0,0
0.353,41,0,0.269,5400.0,8,0,1,0,0.0,0
0.112,66,0,0.5834,,7,0,2,0,0.0,0
0.4126,43,0,0.7463,3191.0,9,0,1,0,0.0,0
3.89,43,0,0.708,14879.0,5,0,0,0,1.0,0
0.5757,69,0,0.7194,13784.0,5,0,0,0,0.0,0
0.9114,66,1,0.5341,5294.0,9,0,0,0,0.0,0
0.2694,55,0,0.332,6809.0,13,0,0,0,1.0,0
0.0341,63,0,0.139,,9,0,1,0,1.0,0
0.824,48,0,0.3982,4942.0,9,0,0,0,1.0,0
0.2744,52,0,0.3698,,11,0,1,0,2.0,0
16.9202,43,0,0.5166,4756.0,11,0,1,0,2.0,0
0.6876,65,0,0.7394,7267.0,5,0,2,0,1.0,0
0.4584,42,0,0.2138,5017.0,8,0,1,0,0.0,0
0.4565,73,0,0.249,,12,0,1,0,0.0,1
0.1021,48,0,0.4212,8773.0,4,0,0,0,1.0,0
0.3376,52,0,0.7358,9726.0,11,0,2,0,2.0,0
4.2169,63,3,0.3729,2022.0,15,0,1,0,1.0,0
0.701,52,0,0.3912,,9,0,1,0,1.0,0
0.0147,48,0,0.5497,,7,0,4,0,0.0,0
0.2562,52,0,0.2687,3299.0,7,0,0,0,0.0,0
0.3682,65,0,0.54,4369.0,5,0,2,0,0.0,0
0.0663,43,0,0.1147,5541.0,9,0,3,0,1.0,0
0.8023,50,1,0.1764,3950.0,6,0,0,0,1.0,0
0.4652,52,1,0.4223,,10,0,0,0,0.0,0
1.3022,64,1,0.354,3884.0,7,0,1,0,1.0,0
0.3732,51,0,0.6109,1868.0,8,0,0,0,2.0,0
0.2979,77,0,0.2365,3511.0,8,0,1,0,2.0,0
1.0714,50,1,0.1777,2989.0,8,0,1,0,0.0,0
0.0839,49,0,0.571,,12,0,1,0,0.0,0
0.5462,50,0,0.1307,2634.0,8,0,2,0,0.0,0
0.2477,34,0,0.4161,13654.0,11,0,1,0,0.0,0
0.4148,37,0,0.3001,7154.0,10,0,2,0,0.0,0
0.0686,45,0,0.2343,2178.0,8,1,3,1,2.0,0
0.1264,68,0,0.4465,8117.0,6,0,1,0,2.0,0
0.0838,52,0,0.4216,3585.0,8,0,1,0,0.0,0
0.2989,45,0,0.4101,2959.0,8,0,3,0,1.0,0
0.7974,69,0,0.8209,,4,0,0,0,1.0,1
0.8063,74,0,0.56,4425.0,5,0,0,0,1.0,0
0.9841,70,0,0.028,8292.0,8,0,2,0,,0
0.0562,40,0,0.3838,5977.0,8,2,0,0,0.0,0
0.5178,45,0,0.4359,4855.0,6,0,0,0,0.0,0
0.5931,77,0,0.5442,7324.0,9,0,3,0,0.0,0
0.1038,55,0,0.6551,5685.0,8,0,2,0,1.0,0
0.4358,48,0,0.9519,3598.0,12,0,0,0,1.0,0
0.1079,62,0,0.2011,,7,0,2,0,0.0,0
0.2407,66,0,0.3627,2977.0,10,0,1,0,0.0,0
0.1549,44,0,0.1689,9063.0,6,0,1,0,1.0,0
0.15,55,0,0.693,12744.0,6,0,2,0,3.0,0
3.6474,65,0,0.8404,2957.0,5,0,3,0,1.0,0
0.8076,36,0,0.5916,3170.0,9,0,0,0,0.0,0
0.1166,52,0,0.656,4966.0,6,0,0,0,1.0,0
0.5716,36,0,0.771,4227.0,7,0,2,0,,0
0.0931,38,3,0.3801,8810.0,9,0,0,0,0.0,0
0.5486,44,0,0.6274,7272.0,6,0,0,0,1.0,0
0.351,59,0,0.304,,16,0,0,0,0.0,0
3.1858,47,0,0.441,1970.0,5,0,2,0,0.0,0
0.0913,43,0,0.7902,2698.0,8,0,0,0,2.0,0
0.4951,53,0,0.094,6820.0,11,0,1,0,0.0,0
0.2415,36,0,0.2924,5297.0,6,0,1,0,0.0,0
0.4987,58,0,0.9334,8476.0,6,0,2,0,0.0,0
0.2676,68,0,0.4781,3392.0,8,0,1,0,2.0,0
0.6184,51,0,0.4219,1458.0,6,0,1,0,0.0,0
0.5219,49,0,0.3425,1979.0,8,0,1,0,0.0,0
0.0567,57,0,0.3257,1587.0,4,0,1,0,4.0,0
0.2155,24,0,0.394,5323.0,8,0,2,0,0.0,0
3.3333,60,0,0.5268,8430.0,8,0,3,0,0.0,0
0.4225,95,0,0.748,8419.0,8,0,2,0,3.0,0
0.0544,50,0,0.8054,,9,0,1,0,1.0,0
0.4435,50,0,0.7337,3912.0,11,0,1,0,1.0,0
0.0699,62,2,0.266,,3,0,2,0,0.0,0
5.1039,75,1,0.3249,5540.0,5,0,2,0,0.0,0
0.1442,66,0,0.4965,,6,0,0,0,1.0,0
0.7485,22,0,0.5689,,5,0,3,0,0.0,1
0.4552,60,0,0.0191,10411.0,12,0,1,0,1.0,0
0.4639,88,0,0.5778,5873.0,6,0,2,0,2.0,0
0.2432,61,0,0.531,1846.0,8,0,0,0,0.0,0
0.2063,36,0,0.1791,6515.0,5,0,0,0,1.0,0
0.4955,56,2,0.4482,5507.0,9,1,1,0,0.0,0
2.6537,34,1,0.4148,,8,0,1,1,1.0,0
0.1449,69,0,1.3166,5079.0,11,0,0,0,0.0,0
0.0863,39,0,0.4712,6556.0,4,0,1,0,0.0,0
0.0142,53,0,0.2078,2909.0,9,0,1,0,0.0,0
0.6272,40,0,0.078,5432.0,6,0,0,0,0.0,0
0.3528,44,0,0.681,6525.0,6,0,4,0,0.0,0
3.4266,73,0,0.5527,5034.0,8,0,1,0,0.0,1
1.2741,53,0,0.7821,17287.0,5,0,2,0,0.0,0
0.5985,44,0,0.1676,11065.0,7,0,1,0,0.0,0
9.709,36,0,0.2643,6071.0,6,0,0,0,1.0,0
4.5059,26,0,0.5534,2580.0,8,0,1,0,,0
0.083,34,0,0.372,9336.0,12,0,0,0,1.0,0
0.3889,54,0,0.5645,3970.0,6,0,3,0,0.0,0
0.4713,66,0,0.6698,2819.0,7,0,1,0,1.0,0
3.7011,44,2,0.7507,10948.0,8,0,0,0,0.0,0
0.2947,74,0,0.3326,4914.0,13,0,2,0,0.0,0
0.0111,42,0,0.511,,9,0,0,0,1.0,0
0.0132,49,0,0.217,4767.0,10,0,1,0,1.0,0
0.5563,37,0,0.5714,5599.0,8,0,1,0,1.0,0
0.217,66,0,0.8889,8149.0,14,0,1,0,2.0,0
0.5747,81,0,0.3704,16340.0,15,0,1,0,2.0,0
0.8574,27,0,0.1556,7633.0,9,0,1,0,1.0,0
0.4164,47,0,0.1102,13384.0,8,0,0,0,1.0,0
2.0826,70,0,0.6454,4963.0,3,0,0,0,1.0,1
0.158,32,0,0.1229,9250.0,10,0,2,0,2.0,0
0.5163,60,0,0.1292,,2,0,0,0,1.0,0
0.1922,69,0,0.7643,3649.0,4,0,2,0,0.0,0
0.3228,53,0,0.3289,,11,0,0,0,0.0,0
0.1372,60,0,0.4749,,10,0,0,0,2.0,0
0.018,77,0,0.1992,3871.0,2,0,1,0,,0
0.3409,79,0,0.6655,12042.0,3,0,1,0,2.0,0
3.5312,51,1,0.4849,,15,0,0,2,2.0,0
0.1036,45,0,0.4362,5730.0,7,0,1,0,0.0,0
0.3595,39,0,0.4841,3684.0,5,0,1,0,2.0,0
0.3154,66,0,0.1929,1529.0,9,0,0,0,1.0,0
0.1153,33,0,0.4369,6639.0,13,0,1,0,4.0,1
1.8879,48,0,0.1046,,6,0,0,0,1.0,0
0.1256,53,0,0.745,19371.0,7,0,1,0,0.0,0
0.1738,45,0,0.3605,3010.0,6,0,0,0,0.0,0
0.0321,56,0,0.248,4481.0,5,0,0,0,1.0,0
0.237,88,0,0.3347,,9,0,2,0,1.0,0
0.6079,50,0,0.5147,6778.0,9,0,1,0,0.0,0
0.4895,46,0,0.3361,2903.0,11,0,1,0,1.0,0
3.2589,66,0,0.4748,,7,0,1,0,0.0,0
2.0906,55,0,0.1858,,11,0,1,0,0.0,0
0.9253,72,0,0.7735,,8,0,0,0,3.0,1
0.4775,54,0,0.5175,7981.0,9,0,0,0,,0
0.7145,49,0,0.4331,5585.0,5,0,0,0,0.0,0
0.0362,27,0,0.3459,,8,0,0,0,0.0,0
0.5739,29,0,0.0615,8076.0,10,0,3,0,1.0,0
0.0589,26,0,0.2774,5522.0,7,0,3,0,0.0,0
0.0872,57,4,0.0577,12581.0,8,0,2,2,1.0,0
0.3669,33,0,0.7627,4070.0,8,0,0,0,1.0,0
0.0973,70,0,0.6021,14732.0,11,0,1,0,0.0,0
0.1536,52,0,0.0441,4079.0,9,0,3,0,0.0,0
3.4289,49,0,0.1872,2084.0,5,0,0,0,2.0,0
0.5179,40,0,0.2942,18806.0,10,0,1,0,1.0,0
0.3299,61,3,0.8312,,5,0,0,0,0.0,1
0.3557,41,0,0.8369,7666.0,6,0,2,0,1.0,0
0.0632,38,0,0.5761,3532.0,6,0,2,0,0.0,0
3.8388,69,0,0.8079,3471.0,6,2,1,0,0.0,0
0.3547,57,0,0.1393,7926.0,6,0,1,0,0.0,0
0.247,49,0,0.2408,16152.0,12,0,0,0,0.0,0
1.3812,61,0,0.4071,3271.0,5,0,1,0,0.0,0
0.4683,52,0,0.7088,5068.0,10,0,1,0,2.0,0
0.3594,57,0,0.3283,2031.0,3,0,2,0,1.0,0
0.502,41,0,0.5009,4412.0,7,0,0,0,0.0,0
1.1688,81,0,0.7782,3429.0,10,0,2,0,0.0,1
0.8848,44,0,0.4485,3368.0,7,0,2,0,0.0,0
0.3779,74,0,0.4027,3756.0,13,0,0,0,1.0,0
0.0843,49,0,0.5011,3663.0,6,0,5,0,0.0,0
0.5605,63,0,1.3898,21612.0,6,0,0,0,1.0,0
0.1888,62,0,0.4192,10919.0,10,0,0,0,0.0,0
0.4839,68,0,0.196,7267.0,11,0,1,0,0.0,0
0.1407,40,0,0.5102,,9,0,0,0,1.0,0
0.9033,67,0,0.1391,2080.0,12,0,0,0,0.0,0
2.3913,78,0,0.5129,10026.0,7,0,1,0,1.0,0
1.0327,48,0,0.5477,,10,0,3,0,0.0,0
1.7352,52,0,0.8339,3557.0,8,0,1,0,1.0,0
0.3398,45,0,0.6517,3292.0,5,0,0,0,0.0,0
0.3876,47,0,0.9736,9184.0,9,0,0,0,1.0,0
0.427,76,0,0.8052,7446.0,4,0,0,0,5.0,0
0.5871,38,0,0.7017,1621.0,8,0,3,0,1.0,0
0.3286,39,0,0.2186,,12,0,2,0,0.0,0
0.0914,75,0,0.5347,3949.0,10,0,1,0,2.0,0
1.5541,61,1,0.6452,21162.0,10,0,1,0,3.0,0
0.453,82,0,0.7742,3338.0,5,0,0,0,0.0,0
0.5798,46,0,0.802,,9,0,2,0,2.0,0
1.9244,54,0,0.5605,6919.0,11,0,1,0,2.0,0
0.345,43,0,0.1599,,5,0,0,0,2.0,0
0.238,54,0,0.5792,3781.0,10,0,0,0,1.0,0
0.7139,27,0,0.6259,2753.0,5,0,2,0,2.0,0
4.6188,62,0,0.4017,5567.0,12,0,3,0,1.0,0
0.2454,57,0,0.698,7291.0,11,0,0,0,0.0,0
0.0024,51,0,0.2761,7849.0,8,0,2,0,1.0,0
3.6408,47,0,0.7428,7420.0,7,0,1,0,1.0,0
0.5786,39,0,0.5085,2265.0,7,0,1,0,0.0,0
0.097,62,0,0.767,4589.0,11,0,1,0,0.0,0
0.1303,36,0,0.4415,5434.0,9,0,0,0,0.0,0
0.0651,59,1,0.2089,,8,0,2,0,1.0,0
0.8533,81,0,0.2631,,13,0,1,0,0.0,0
2.8017,73,0,0.7072,13451.0,11,0,1,0,1.0,0
0.789,31,0,0.4209,,9,0,1,0,1.0,0
0.1758,44,4,0.6407,8737.0,6,1,0,0,2.0,0
0.6585,58,0,0.1111,15697.0,10,0,1,0,0.0,0
0.5881,51,0,0.1464,4814.0,7,0,1,0,1.0,0
4.2323,32,0,0.2155,3107.0,11,0,2,0,0.0,0
0.0793,57,0,0.2601,5038.0,8,0,0,0,1.0,0
0.3029,52,0,0.1977,5026.0,5,0,0,0,1.0,0
4.7162,79,0,1.0975,5144.0,3,0,0,0,,0
0.2386,48,0,0.3552,5808.0,3,0,1,0,4.0,0
0.0815,68,0,0.3246,1864.0,12,0,0,0,1.0,0
0.9142,34,0,0.659,6627.0,7,0,1,0,0.0,0
0.4533,38,0,0.1127,,6,0,0,0,1.0,0
0.276,62,0,0.2138,,4,0,3,0,1.0,0
0.5662,67,0,0.0642,4594.0,4,0,1,0,0.0,0
6.2907,39,2,0.7412,1622.0,11,0,1,0,1.0,0
0.0295,52,0,0.2963,4586.0,11,0,2,0,1.0,0
0.3768,33,0,0.3972,6873.0,9,0,1,0,2.0,0
0.4135,49,0,0.7503,,8,0,0,0,1.0,0
0.6321,64,1,0.0741,,6,0,1,0,1.0,0
0.7215,46,0,0.122,5641.0,6,0,1,0,2.0,0
0.5189,49,0,0.5614,,7,0,2,0,0.0,0
1.9748,36,0,0.5654,,10,0,1,0,1.0,0
3.0336,43,0,0.6018,4353.0,10,0,2,0,0.0,1
0.5215,77,1,0.5097,12042.0,10,0,1,0,1.0,0
1.0528,53,0,0.1421,,5,0,0,0,1.0,0
0.5556,38,0,0.0341,7154.0,11,0,4,0,,0
8.7503,48,2,0.5605,2380.0,1,0,0,0,0.0,0
0.8469,30,0,0.2009,5538.0,7,0,2,0,0.0,0
1.143,38,0,0.4308,3500.0,6,0,2,0,0.0,0
0.2493,71,0,0.8028,5028.0,12,0,2,0,0.0,0
0.9134,50,0,0.4334,,10,0,0,0,0.0,0
0.5545,78,0,0.3872,4528.0,14,0,1,0,1.0,0
0.5668,51,0,0.5655,3685.0,7,0,1,0,1.0,0
0.6496,51,0,0.6481,10978.0,14,0,0,0,1.0,0
0.4094,61,0,0.8018,4970.0,5,0,0,0,3.0,0
0.0531,21,0,0.7153,,11,0,2,0,1.0,0
0.1699,55,0,0.6658,4846.0,12,0,2,0,1.0,0
0.186,51,0,0.1793,8812.0,7,0,3,0,1.0,0
0.1098,73,0,0.4761,,4,0,2,0,3.0,0
0.2318,66,0,0.1324,4158.0,7,0,1,0,1.0,0
3.4605,36,0,0.2131,2122.0,8,0,1,0,1.0,0
2.201,69,0,0.2569,4025.0,7,0,3,0,1.0,0
3.2256,48,1,0.6232,4812.0,6,0,2,0,2.0,0
0.2749,39,0,0.8142,,13,0,0,0,0.0,0
0.8053,55,0,0.054,,3,0,2,0,0.0,0
0.8993,49,2,0.5585,13346.0,8,0,2,2,0.0,0
0.4314,74,0,0.0218,,8,0,1,0,3.0,0
0.3482,57,0,0.2336,9226.0,13,0,5,0,0.0,0
0.7398,55,0,0.441,3867.0,7,0,3,0,0.0,0
0.687,65,0,1.1255,,7,0,0,0,1.0,1
0.1993,67,0,0.3312,5358.0,8,0,0,0,4.0,0
0.193,63,0,0.4652,5568.0,11,0,0,0,2.0,0
0.4565,72,0,0.4708,2794.0,10,0,0,0,0.0,0
0.1339,61,0,0.5446,,8,0,0,0,1.0,0
0.4638,54,0,1.0602,6043.0,11,0,2,0,0.0,0
0.313,69,0,0.661,,15,0,0,0,0.0,0
1.0303,51,0,0.0899,5700.0,8,0,1,0,0.0,0
0.1626,52,0,0.4929,6106.0,12,0,1,0,0.0,0
0.4762,76,0,0.5464,12616.0,6,0,0,0,0.0,0
0.2309,75,0,0.6088,,8,0,1,0,0.0,0
0.4048,52,0,0.6884,4549.0,6,0,2,0,0.0,0
1.8799,46,0,0.6237,19081.0,12,0,1,0,0.0,0
1.0212,72,0,0.4341,4032.0,11,0,0,0,0.0,0
0.9499,63,0,0.6727,11123.0,5,0,1,0,1.0,0
0.2579,56,0,0.2131,9358.0,10,0,0,0,0.0,0
0.3594,47,0,0.3527,3151.0,4,0,0,0,1.0,0
2.7217,57,0,0.5797,,5,0,2,0,0.0,1
0.6748,52,0,0.4892,7227.0,9,0,2,0,0.0,0
0.0053,43,0,0.7931,,6,0,1,0,0.0,0
1.1358,54,0,0.4625,2210.0,5,0,2,0,0.0,0
0.7498,56,0,0.1551,7744.0,10,0,1,0,1.0,0
0.3718,47,0,1.0388,6805.0,6,0,3,0,1.0,0
0.8056,65,0,0.3279,6853.0,10,0,1,0,1.0,0
0.8344,70,0,0.2031,,16,0,1,0,1.0,0
1.3185,66,0,0.397,12083.0,8,0,1,0,1.0,0
0.282,48,0,0.2264,2683.0,9,0,2,0,0.0,0
1.1933,63,0,0.5578,12014.0,6,0,1,0,0.0,0
7.7122,53,0,0.6183,1839.0,11,0,3,0,0.0,0
0.3449,35,0,0.5372,,9,0,0,0,1.0,0
4.0678,61,0,0.9597,,16,0,1,0,1.0,0
0.1461,54,0,0.2052,4194.0,2,0,0,0,1.0,0
1.3964,88,1,0.3955,,9,0,0,0,0.0,0
0.2787,72,0,1.2658,14004.0,9,0,0,0,1.0,0
0.0255,62,0,0.2148,1784.0,8,0,2,0,3.0,0
0.633,55,0,0.9173,15294.0,8,0,0,0,0.0,0
0.7101,54,0,0.4857,21881.0,7,0,1,0,0.0,0
0.6449,38,0,0.0623,4864.0,10,0,0,0,0.0,0
0.2498,28,0,0.4848,6357.0,4,0,1,0,0.0,0
0.4517,40,0,0.6387,,6,0,1,0,1.0,0
0.3567,51,0,0.9325,3679.0,10,0,1,0,3.0,0
5.8831,23,0,0.8031,5653.0,3,0,1,0,2.0,0
0.4931,44,0,0.4642,4555.0,13,0,1,0,1.0,0
0.5303,49,0,0.7778,,10,0,0,0,1.0,0
0.856,49,0,0.6356,4688.0,9,0,1,0,0.0,0
0.4856,43,0,0.1796,6686.0,6,0,1,0,2.0,0
0.4433,47,0,0.2627,2775.0,4,0,0,0,0.0,0
0.4554,76,0,0.4828,,7,0,0,0,0.0,0
0.8974,61,0,0.3631,,9,0,4,0,1.0,0
0.1652,44,0,0.5949,,14,0,0,0,1.0,0
0.6895,51,0,1.3474,13495.0,6,0,1,0,0.0,0
2.0675,52,0,0.2937,4682.0,8,0,2,0,0.0,0
0.3293,41,0,0.3426,3504.0,7,0,0,0,2.0,0
0.4359,41,0,0.451,4434.0,8,0,2,0,0.0,0
0.8112,66,0,0.38,5663.0,10,0,2,0,0.0,0
0.496,46,0,0.5275,5314.0,7,0,0,0,1.0,0
0.5132,37,0,0.0924,6479.0,9,0,0,0,1.0,0
0.3072,51,0,0.0538,5286.0,10,0,1,0,0.0,0
3.3749,54,0,0.6398,2756.0,8,0,0,0,1.0,0
0.633,24,0,0.9335,6753.0,8,0,2,0,1.0,0
0.3835,51,1,0.4267,,3,0,1,0,2.0,0
0.4312,64,0,0.3771,13108.0,4,0,3,0,2.0,0
1.5984,58,0,0.8272,,7,0,2,0,0.0,0
0.9034,83,0,0.102,12188.0,7,0,1,0,1.0,0
0.712,70,0,0.3893,10136.0,6,0,0,0,1.0,1
0.337,72,0,0.6013,16572.0,9,0,0,0,2.0,0
0.7434,91,0,0.1101,4901.0,9,0,1,0,0.0,1
0.4279,63,0,0.1639,13218.0,9,0,0,0,1.0,0
0.2675,54,0,0.605,8667.0,9,0,1,0,,0
0.2853,66,0,0.5948,4032.0,7,0,1,0,0.0,0
0.1934,44,0,0.7959,,9,0,1,0,2.0,0
0.3081,54,0,0.4322,8751.0,8,0,1,0,2.0,0
1.1266,43,0,0.5857,16568.0,11,0,0,0,1.0,0
0.093,58,0,0.7262,4201.0,8,0,0,0,3.0,0
0.6327,43,0,0.0946,3216.0,12,0,1,0,1.0,0
0.1671,42,0,0.1288,3681.0,4,0,0,0,0.0,0
0.3965,58,0,0.2118,4940.0,6,0,1,0,0.0,0
0.2452,50,0,0.4972,,9,0,0,0,0.0,0
2.2109,25,1,0.6411,,14,0,0,0,0.0,0
0.5541,32,0,0.657,6190.0,6,0,0,0,0.0,0
0.2528,36,0,0.5262,13984.0,9,0,0,0,1.0,0
0.2753,40,0,0.9231,6543.0,8,0,0,0,1.0,0
0.3056,58,0,0.5937,6001.0,7,0,0,0,3.0,0
3.9818,55,0,0.6819,3547.0,9,0,0,0,0.0,0
0.6473,67,0,0.5817,5933.0,8,0,1,0,1.0,0
0.2988,63,0,0.3819,4718.0,7,0,0,0,0.0,0
1.4737,67,0,0.2934,7775.0,12,0,2,0,3.0,0
0.6215,61,0,0.8739,1952.0,8,0,2,0,0.0,0
0.6646,55,0,0.5748,6759.0,8,0,1,0,2.0,0
0.0664,67,0,0.2413,2716.0,9,0,1,0,0.0,0
0.4946,65,0,0.5296,8052.0,7,0,0,0,1.0,0
0.3277,57,0,0.8493,1400.0,6,0,4,0,,0
0.6386,70,0,0.3871,7373.0,9,0,1,0,1.0,0
0.847,21,0,0.4536,3004.0,4,0,3,0,0.0,0
0.3312,48,0,0.4946,6407.0,5,0,1,0,0.0,0
0.3974,48,0,0.3687,18664.0,6,0,2,0,0.0,0
0.514,68,0,0.6265,,14,0,1,0,0.0,0
0.0334,74,0,0.5691,4992.0,5,0,1,0,2.0,0
0.035,32,0,0.71,13204.0,10,0,2,0,1.0,0
0.2794,72,0,0.6733,3345.0,13,0,0,0,0.0,0
0.2803,36,0,0.414,11968.0,8,0,4,0,1.0,0
0.2635,36,4,0.5989,14256.0,9,0,1,0,1.0,0
2.741,49,0,0.0912,,9,0,1,0,0.0,0
1.0584,48,0,0.3021,4376.0,3,0,0,0,3.0,0
1.3217,30,0,0.8412,,9,0,0,0,0.0,0
0.5252,61,0,1.3306,6857.0,9,0,0,0,1.0,0
0.3158,62,0,0.5127,4167.0,8,0,1,0,2.0,0
0.3213,67,0,0.5475,,11,0,4,0,1.0,0
0.4599,46,0,0.2873,5072.0,10,0,2,0,1.0,0
0.312,51,0,0.3349,4150.0,7,0,1,0,0.0,0
0.9193,52,0,0.2406,18299.0,7,0,1,0,2.0,0
8.4243,76,0,0.0372,,9,0,2,0,1.0,1
0.5531,21,0,0.2065,,7,0,0,0,0.0,0
0.0571,39,0,0.4493,7909.0,6,0,2,0,0.0,0
0.45,52,0,0.8689,7749.0,6,0,1,0,1.0,0
0.489,37,0,0.2839,6285.0,10,0,1,0,1.0,0
0.4523,48,0,0.1303,4286.0,10,0,3,0,0.0,0
4.3154,50,0,0.4392,2405.0,5,0,2,0,0.0,0
1.1955,43,0,0.1677,,9,0,1,0,0.0,0
5.3252,53,3,0.8744,3964.0,11,0,1,0,0.0,0
0.4685,61,0,0.2638,16058.0,10,0,3,0,,0
0.4603,49,0,0.2613,5349.0,7,0,1,0,1.0,0
0.4322,46,0,0.4142,5556.0,3,0,1,0,0.0,0
1.7403,50,0,0.2963,2674.0,11,0,1,0,2.0,0
1.3653,52,0,0.5925,6388.0,8,0,0,0,0.0,0
0.3587,28,0,0.8777,11151.0,4,0,2,0,0.0,0
0.851,58,0,0.5789,12910.0,6,0,1,0,1.0,0
0.7035,46,0,0.7046,4371.0,6,0,1,0,1.0,0
0.0053,70,0,0.1222,7824.0,5,0,0,0,0.0,0
1.3319,60,0,0.2009,2926.0,13,0,1,0,0.0,0
0.5059,68,2,0.264,2903.0,11,0,0,0,0.0,0
0.592,38,0,0.7672,3176.0,8,0,0,0,1.0,0
0.331,47,0,0.7092,8401.0,9,0,2,0,3.0,0
0.1943,35,0,0.4327,3513.0,7,0,1,0,1.0,0
0.2636,42,0,0.0767,3036.0,10,0,1,0,0.0,0
0.8554,70,0,0.3546,3524.0,7,0,1,0,0.0,0
0.8358,73,0,0.3867,3229.0,9,0,1,0,1.0,1
0.2326,36,0,0.308,7331.0,6,0,3,0,2.0,0
0.7048,46,0,0.2209,,4,0,2,0,0.0,0
0.3881,51,0,0.6865,6248.0,13,0,1,0,0.0,0
0.1344,60,0,0.6245,12049.0,5,0,0,0,2.0,0
0.3039,27,0,0.0564,,7,0,1,0,3.0,0
0.1341,30,0,0.7243,3856.0,8,0,2,0,0.0,0
0.152,59,0,0.4888,4923.0,7,0,1,0,2.0,0
0.8408,25,0,0.5608,,6,0,2,0,0.0,1
0.4897,46,0,0.387,5194.0,11,0,2,0,0.0,0
0.5764,54,0,0.2384,1484.0,8,0,2,0,2.0,0
1.2667,58,0,0.2018,9775.0,9,0,1,0,1.0,0
0.556,50,0,0.8337,9376.0,8,0,0,0,0.0,0
0.5536,47,0,0.3336,5557.0,7,0,1,0,2.0,0
6.0675,64,0,0.7931,7450.0,7,0,1,0,1.0,0
0.364,56,0,0.2088,3896.0,7,0,1,0,0.0,0
0.3679,43,0,0.3873,3898.0,5,0,0,0,0.0,0
0.0579,53,0,0.6096,2786.0,8,0,0,0,0.0,0
0.1945,57,0,0.5439,8760.0,11,0,0,0,1.0,0
0.7679,76,0,0.5539,10114.0,12,0,4,0,0.0,0
2.155,63,0,0.415,4770.0,5,0,2,0,1.0,0
0.9643,69,0,0.4851,17179.0,12,0,1,0,1.0,0
0.2531,43,0,0.985,4215.0,8,0,0,0,1.0,0
0.1872,45,0,0.2048,10687.0,6,0,0,0,0.0,0
0.7298,49,0,0.3567,5986.0,5,0,0,0,2.0,0
0.2884,50,0,0.2868,5556.0,6,0,0,0,0.0,0
0.1524,38,0,0.7824,5300.0,2,0,0,0,2.0,0
7.0957,70,0,1.01,2269.0,5,0,1,0,2.0,1
2.8889,64,0,0.4897,5769.0,9,0,2,0,0.0,0
0.2088,48,0,0.9047,4142.0,5,0,0,0,1.0,0
0.5003,61,0,0.3558,,9,0,1,0,2.0,0
0.0962,55,0,0.8454,19625.0,17,0,1,0,2.0,0
0.0593,62,0,0.7495,15809.0,4,0,0,0,1.0,0
0.4663,33,0,0.6339,1818.0,11,0,1,0,0.0,1
0.0754,50,0,0.8749,2526.0,10,0,1,0,1.0,0
0.2961,51,0,0.2226,3516.0,6,0,0,0,0.0,0
0.2599,61,0,0.412,6571.0,6,0,1,0,3.0,0
0.5561,43,0,0.4404,3163.0,4,0,4,0,2.0,0
0.2969,21,0,0.5668,7558.0,9,0,0,0,0.0,0
0.1019,37,0,0.4181,2599.0,8,0,3,0,0.0,0
0.6362,51,0,0.4067,3078.0,7,0,2,0,0.0,0
0.1941,53,0,0.6316,2484.0,4,0,0,0,3.0,0
0.1471,76,0,0.3602,12401.0,11,0,1,0,1.0,1
0.5642,60,0,0.3011,2322.0,5,0,0,0,,0
0.5393,53,0,0.4164,8059.0,8,0,3,0,0.0,0
0.0027,52,0,0.3906,4897.0,6,0,0,0,1.0,0
3.7202,67,0,0.2697,4527.0,12,0,0,0,0.0,1
0.879,44,0,0.2447,2776.0,4,0,0,0,,0
0.8646,50,0,0.5878,,12,0,1,0,0.0,0
0.1116,37,0,0.4631,7539.0,9,0,2,0,2.0,0
0.158,72,0,0.2774,1812.0,6,0,0,0,1.0,0
0.0306,57,0,0.8054,,8,0,1,0,1.0,0
0.0135,42,0,0.4957,,5,0,2,0,1.0,0
0.4616,50,0,0.6107,,8,0,1,0,1.0,0
0.7712,59,0,0.5623,5779.0,10,0,1,0,2.0,0
0.002,48,0,0.7071,,7,0,0,0,1.0,0
0.5647,45,0,0.2378,7379.0,6,0,0,0,0.0,0
0.3287,43,0,0.4787,7126.0,9,0,1,0,0.0,0
0.6365,57,1,0.1477,3215.0,5,0,2,0,2.0,0
0.1975,47,0,0.5255,9315.0,4,0,0,0,0.0,0
0.2869,46,0,0.2788,9955.0,12,0,0,0,0.0,0
0.2181,33,0,0.1879,4672.0,11,0,1,0,2.0,0
0.3568,53,0,0.6806,4337.0,9,0,2,0,1.0,0
0.2343,49,0,0.6337,3238.0,7,0,0,0,,0
1.463,47,0,0.5496,,6,0,1,0,1.0,0
0.0246,55,0,0.503,2714.0,8,0,4,0,1.0,0
0.2717,62,0,0.6881,3687.0,5,0,2,0,0.0,0
0.6089,62,0,0.2892,8754.0,8,0,1,0,0.0,0
6.3293,60,1,0.9415,4101.0,6,0,0,0,2.0,0
0.1588,49,0,0.7946,3729.0,8,0,1,0,0.0,0
0.0739,44,0,1.1178,4884.0,5,0,0,0,0.0,0
0.357,37,0,1.1819,7588.0,10,0,2,0,1.0,0
0.2417,44,0,0.7173,5552.0,8,0,0,0,1.0,0
0.4622,52,0,0.6853,,10,0,0,0,0.0,0
0.057,41,0,0.8151,,12,0,0,0,0.0,0
0.6346,53,0,0.1091,27146.0,7,0,4,0,2.0,0
1.2985,38,0,0.9975,10780.0,12,0,1,0,1.0,0
0.2222,29,0,0.6727,2928.0,5,0,0,0,1.0,0
2.2051,63,0,0.4738,7985.0,5,0,1,0,2.0,0
0.4777,45,0,0.1569,12579.0,8,0,1,0,0.0,0
8.2984,40,0,0.8165,3699.0,9,0,1,0,1.0,0
0.1434,37,0,0.1981,3133.0,7,0,1,0,0.0,0
0.645,58,0,0.2079,10137.0,8,0,2,0,0.0,0
2.5088,71,0,0.9196,,6,1,1,0,1.0,0
2.7772,46,0,0.275,6487.0,6,0,1,0,3.0,0
0.5013,49,0,0.9263,1805.0,9,0,1,0,1.0,0
0.3915,67,0,0.3223,7661.0,4,0,5,0,0.0,0
3.7123,27,0,0.675,,10,0,2,0,1.0,0
0.914,80,0,0.765,5852.0,2,0,1,0,0.0,0
0.5024,86,0,0.7254,,9,0,1,0,3.0,1
0.3156,21,0,0.4198,6224.0,7,0,1,0,0.0,0
1.0656,51,0,0.4122,1735.0,7,0,1,0,0.0,0
0.4706,42,0,0.5074,5052.0,6,0,0,0,1.0,0
2.4163,48,1,1.1621,2341.0,7,0,1,0,0.0,0
0.3817,46,0,0.3784,,3,0,2,0,0.0,0
0.198,63,0,0.6755,3588.0,6,0,2,0,0.0,0
0.629,50,0,1.1148,2738.0,9,0,1,0,1.0,0
1.002,39,0,0.1763,4513.0,7,0,0,0,1.0,0
0.5831,50,0,0.4127,2884.0,2,0,0,0,0.0,0
0.3969,59,0,0.9937,8001.0,2,0,0,0,0.0,0
0.8851,35,0,0.5911,,4,0,1,0,0.0,0
0.2824,29,0,0.312,7787.0,8,0,0,0,3.0,0
0.0657,80,0,0.476,,10,0,1,0,1.0,0
0.338,43,0,0.3424,7285.0,10,1,0,1,0.0,0
0.3111,50,0,0.324,,12,0,0,0,1.0,0
0.2722,46,0,0.643,7832.0,7,0,1,0,1.0,0
0.0236,60,0,0.2161,8860.0,7,0,0,0,2.0,0
0.2051,77,0,1.0015,,5,0,1,0,1.0,0
0.1704,60,0,0.6597,15007.0,7,0,3,0,0.0,0
0.166,31,0,0.5461,7456.0,4,0,1,0,2.0,0
0.119,33,1,0.3114,9338.0,13,0,0,0,0.0,0
0.2057,46,0,0.3564,5858.0,3,0,0,0,1.0,0
0.4776,48,0,0.7292,4171.0,8,0,1,0,1.0,1
0.2463,28,0,0.2248,3308.0,8,0,1,0,1.0,0
1.1463,63,0,0.6462,5148.0,12,0,1,0,1.0,0
0.1232,37,0,0.3521,9524.0,6,0,0,0,0.0,0
0.242,73,0,0.5993,5487.0,8,0,2,0,0.0,0
0.6949,77,0,0.3108,,10,0,2,0,1.0,0
0.0265,49,0,0.5892,6201.0,7,0,1,0,1.0,0
1.3723,58,0,0.5449,,10,0,1,0,1.0,0
6.8085,35,0,0.2139,,6,0,1,0,1.0,0
0.0548,61,0,0.4038,11001.0,5,0,0,0,0.0,0
0.3922,45,0,0.8008,3068.0,7,0,1,0,3.0,0
0.0192,37,0,0.6249,3146.0,8,0,1,0,1.0,0
0.1249,48,0,0.7792,11637.0,12,0,1,0,1.0,0
0.4086,45,0,0.1137,2784.0,9,0,0,0,0.0,0
0.869,47,0,0.3922,1987.0,5,0,1,0,1.0,0
0.5372,65,0,0.3992,3669.0,11,0,0,0,0.0,0
0.6246,41,0,0.2482,4308.0,8,0,0,0,1.0,0
2.3175,76,0,0.4319,4263.0,5,0,0,0,0.0,0
0.3624,33,0,0.2221,4923.0,6,0,1,0,1.0,0
1.8333,75,0,0.5092,3744.0,6,0,1,0,4.0,1
0.4211,38,0,0.3825,6183.0,11,0,1,0,0.0,0
5.6149,52,0,0.5112,3115.0,8,0,1,0,0.0,1
0.224,45,0,0.8551,4816.0,11,0,0,0,1.0,0
0.2693,47,0,0.1103,5457.0,6,0,0,0,1.0,1
0.3985,63,0,0.797,6758.0,8,0,0,0,1.0,0
0.2403,73,0,0.5367,10659.0,12,0,2,0,1.0,0
2.3013,69,0,0.3281,6137.0,11,0,1,0,0.0,0
0.3462,46,0,0.3242,10473.0,4,0,2,0,0.0,0
0.2405,55,0,0.9626,9455.0,12,0,3,0,1.0,0
0.2136,41,0,0.3427,9583.0,4,0,0,0,2.0,0
2.6169,38,1,0.399,6415.0,10,0,0,0,1.0,0
0.0627,36,0,0.4268,6254.0,12,0,1,0,2.0,0
1.2171,46,0,0.2038,5463.0,9,0,3,0,0.0,0
3.5963,55,0,0.3608,,7,0,0,0,0.0,0
0.6177,25,0,0.9668,6047.0,7,0,2,0,0.0,0
0.7032,51,0,0.2969,6468.0,9,0,1,0,1.0,0
6.2969,73,0,0.4593,6616.0,9,0,1,0,0.0,0
0.1838,68,0,0.4312,2124.0,10,0,0,0,2.0,0
0.0501,44,0,0.6361,2210.0,8,0,0,0,0.0,0
0.1355,32,0,0.511,7207.0,6,0,2,0,1.0,0
0.4919,58,0,0.1295,5563.0,6,0,2,0,1.0,0
0.3273,21,0,0.0891,5601.0,6,0,1,0,1.0,0
0.3377,68,0,0.1592,,9,0,0,0,1.0,0
0.1347,49,0,0.5405,3626.0,12,0,1,0,1.0,0
0.7122,78,0,0.2614,7202.0,9,0,0,0,0.0,0
0.6548,28,0,0.5511,1760.0,4,0,1,0,0.0,0
0.4845,65,0,0.5988,4170.0,10,0,0,0,1.0,0
0.0353,51,0,0.1687,,10,0,3,0,1.0,0
0.9194,47,0,0.4012,17975.0,7,0,1,0,1.0,0
0.8991,33,0,0.5249,2677.0,7,0,0,0,0.0,0
0.1932,60,2,0.1597,2975.0,11,0,0,0,1.0,0
0.3793,61,0,0.3672,3218.0,1,0,3,0,1.0,0
0.4961,77,1,0.9491,3376.0,11,1,3,1,0.0,0
0.0834,66,0,0.2773,4718.0,4,0,0,0,1.0,0
0.5637,44,0,0.3075,,7,0,1,0,0.0,0
0.7084,38,0,0.3622,4001.0,6,0,3,0,2.0,0
0.0396,33,0,0.8299,13139.0,9,0,3,0,0.0,0
0.7361,73,0,0.3359,,9,0,1,0,1.0,0
0.4902,41,0,0.3289,4265.0,8,0,1,0,0.0,0
0.8785,73,0,0.6353,6335.0,12,0,3,0,0.0,0
0.4928,59,1,0.3779,5594.0,12,2,1,0,1.0,0
0.1025,57,0,0.7411,4527.0,7,0,0,0,0.0,0
0.1452,48,0,0.0899,13580.0,5,0,1,0,1.0,0
0.4159,61,0,0.3924,22373.0,12,0,3,0,0.0,0
0.3254,52,0,0.5739,3414.0,6,0,1,0,0.0,0
0.2951,47,0,0.7158,,7,0,1,0,0.0,0
0.1523,62,0,0.2935,3436.0,5,0,2,0,1.0,0
0.3724,50,0,0.1206,2273.0,4,0,1,0,0.0,0
0.4768,41,0,0.2023,3065.0,14,0,2,0,0.0,0
0.0901,60,0,0.9764,3079.0,14,0,1,0,0.0,0
0.4945,51,0,0.059,7099.0,4,0,1,0,0.0,1
1.1707,59,2,0.8008,5950.0,6,0,1,0,0.0,0
0.566,46,0,0.6047,1817.0,5,0,3,0,0.0,0
0.7753,35,0,0.7912,6667.0,8,0,0,0,0.0,0
0.0983,76,0,0.5487,13092.0,8,0,0,0,0.0,0
0.4878,74,0,0.3053,8975.0,9,0,1,0,0.0,0
0.872,64,0,0.4325,10394.0,9,0,1,0,0.0,0
0.7834,47,0,0.4104,3504.0,8,0,2,0,1.0,0
0.4675,48,0,0.0735,10363.0,5,0,0,0,0.0,0
0.1262,71,0,0.3468,,7,0,1,0,1.0,0
0.3765,47,0,0.5889,9565.0,4,0,1,0,1.0,0
0.4853,43,0,0.9978,4697.0,6,0,0,0,0.0,0
0.4208,78,0,0.1393,3933.0,8,0,2,0,0.0,1
0.2973,51,0,0.6405,3055.0,20,0,2,0,2.0,0
0.1517,77,0,0.682,,12,0,0,0,0.0,0
0.0721,32,0,0.2106,13863.0,12,0,0,0,1.0,0
0.0878,59,0,0.4416,13549.0,10,0,2,0,1.0,0
0.183,81,0,0.7805,5498.0,9,0,0,0,0.0,0
0.4318,52,3,0.4373,5554.0,9,0,1,0,2.0,0
0.4602,48,0,0.075,,3,0,0,0,2.0,0
0.3736,36,0,0.3298,3913.0,7,0,0,0,3.0,0
0.441,67,0,0.5745,2612.0,4,0,0,0,1.0,0
0.6872,41,0,0.4321,8552.0,6,0,1,0,1.0,0
0.6456,51,0,1.0795,,12,0,1,0,1.0,0
0.295,35,0,0.4932,,7,0,0,0,0.0,0
0.4276,74,0,0.5137,11516.0,10,0,0,0,1.0,0
0.665,68,1,0.5012,5865.0,15,0,1,0,0.0,0
0.0758,52,0,0.8988,4109.0,8,0,1,0,0.0,0
0.4336,36,0,0.6425,2064.0,4,0,0,0,2.0,0
0.0814,74,0,0.308,,10,0,1,0,0.0,0
0.1333,47,0,0.5255,,5,0,1,0,2.0,0
0.061,37,0,0.2859,10202.0,17,0,0,0,1.0,0
1.2101,27,0,0.6458,2962.0,9,0,1,0,0.0,0
0.4428,43,0,0.517,2031.0,9,0,2,0,2.0,0
2.1173,32,0,0.4902,2482.0,13,0,1,0,1.0,0
0.7546,43,0,0.3232,4521.0,9,0,0,0,1.0,0
5.7159,62,0,0.5732,9299.0,9,0,0,0,0.0,0
0.1921,47,0,0.5114,6060.0,10,0,2,0,0.0,0
0.1443,57,0,0.3162,,13,0,1,0,1.0,0
0.261,42,0,0.5029,15696.0,8,0,3,0,4.0,0
0.0902,53,0,0.4274,,10,0,1,0,1.0,0
0.241,79,0,0.5485,6349.0,7,0,1,0,2.0,0
0.1867,47,0,0.9457,2727.0,10,0,0,0,2.0,0
0.2043,57,0,0.5168,,5,0,3,0,0.0,0
2.6624,30,0,0.3232,3100.0,8,0,1,0,2.0,0
4.8349,73,0,0.2678,1782.0,12,0,0,0,0.0,0
0.4228,45,0,0.6307,2987.0,5,0,1,0,0.0,1
0.0734,67,0,0.2048,3640.0,4,0,0,0,1.0,0
0.5678,50,0,0.5196,4119.0,5,0,0,0,1.0,0
0.9683,61,0,0.8604,6135.0,7,0,0,0,3.0,0
1.3089,61,0,0.1479,8976.0,9,0,1,0,0.0,0
1.2963,46,0,0.4002,3887.0,7,0,1,0,0.0,0
2.2717,67,2,0.6386,21604.0,7,0,1,0,1.0,0
4.8438,41,0,0.6597,3784.0,6,0,0,0,,0
0.4496,63,0,0.4964,3431.0,7,0,1,3,0.0,0
0.394,47,0,0.7667,2496.0,12,0,4,0,2.0,0
3.3588,57,0,0.4259,4900.0,9,0,0,0,0.0,1
0.6613,46,0,0.6368,6473.0,9,0,1,0,2.0,0
0.1244,53,0,0.6472,,9,0,1,0,0.0,0
0.0244,37,0,0.2404,2722.0,10,0,1,0,0.0,0
0.3476,55,0,0.4377,3530.0,6,0,0,0,1.0,0
0.2967,53,0,0.0802,12610.0,7,0,2,0,1.0,0
0.1241,44,0,0.8671,8886.0,13,0,2,0,1.0,0
0.3016,51,0,1.0457,11530.0,6,1,0,0,0.0,0
0.1189,54,0,0.3766,,6,0,1,0,1.0,0
0.0258,43,0,0.69,,9,0,1,0,0.0,0
0.6114,50,0,0.1891,5157.0,7,0,0,0,1.0,0
0.6581,38,0,0.2864,,4,0,1,0,1.0,0
0.2408,85,0,0.2193,,13,0,1,0,1.0,0
0.5248,67,0,0.2954,7413.0,1,0,1,0,1.0,0
0.1406,56,0,0.7975,7087.0,6,0,2,0,1.0,0
0.9762,68,0,0.4121,7769.0,8,0,0,0,3.0,0
0.4671,24,0,0.6838,7364.0,13,0,1,0,1.0,0
0.6221,21,0,0.1836,6659.0,8,0,3,0,1.0,0
0.3577,46,0,0.1406,4654.0,5,0,1,0,0.0,0
7.0022,33,0,0.247,4389.0,9,0,1,0,1.0,0
0.7443,49,0,0.9403,5148.0,7,0,1,0,1.0,0
3.5159,55,4,0.3972,2689.0,3,0,1,0,1.0,0
0.5079,65,0,0.0685,16133.0,6,0,0,0,1.0,0
0.4365,36,0,1.0383,10259.0,14,0,1,0,0.0,0
0.1417,58,0,0.2466,,9,0,4,0,0.0,0
1.6057,52,0,0.4603,5133.0,6,0,2,0,3.0,0
2.949,57,0,0.2342,7629.0,3,0,1,0,0.0,0
0.6124,45,0,0.5854,2225.0,6,0,0,0,3.0,0
0.048,71,0,0.5233,4109.0,8,0,1,0,1.0,0
0.6364,51,0,0.931,3219.0,6,0,1,0,0.0,0
0.1187,77,0,0.5789,,11,0,2,0,3.0,0
0.0403,41,0,0.258,3137.0,5,0,0,0,1.0,0
0.0605,62,1,0.563,7790.0,6,0,1,0,0.0,0
0.8178,51,0,0.2374,,8,0,3,0,1.0,0
0.4048,47,0,0.3095,4485.0,8,0,1,0,0.0,0
0.2022,61,0,0.7041,4058.0,9,0,0,0,0.0,0
0.7496,48,0,0.7696,2309.0,8,0,0,0,0.0,0
1.2481,21,0,0.2215,,9,0,2,0,1.0,0
0.0773,21,0,0.3966,6399.0,3,0,2,0,1.0,0
0.777,70,0,0.5739,11276.0,8,0,1,0,1.0,0
0.2277,69,0,0.4791,8062.0,9,0,1,0,3.0,0
6.3081,78,0,0.3091,8612.0,11,0,1,0,0.0,0
0.0979,52,0,0.3788,,5,0,3,0,0.0,0
0.4372,34,1,0.4697,4536.0,5,2,0,0,0.0,0
0.5593,46,1,0.6389,6697.0,12,0,0,0,1.0,0
0.5694,52,0,0.6311,,5,0,2,0,0.0,0
0.0113,38,0,0.0749,5375.0,10,0,2,0,0.0,0
4.047,75,0,0.3269,5457.0,6,0,1,0,0.0,0
3.0244,83,0,0.7116,3317.0,11,0,2,0,0.0,1
0.5603,59,0,0.4879,3818.0,12,0,1,0,0.0,0
0.7021,52,0,0.7881,14925.0,7,0,1,0,0.0,0
0.2306,34,0,0.2511,3743.0,10,0,1,0,1.0,0
0.0281,74,0,0.6319,1402.0,12,0,2,0,1.0,0
3.7871,53,1,0.4384,3196.0,5,0,1,0,1.0,0
0.7453,48,0,0.2928,8441.0,5,0,1,0,1.0,0
0.3955,59,0,0.8775,,8,0,1,0,1.0,0
0.1749,44,1,0.0948,2298.0,8,0,0,0,,0
0.3458,54,0,0.6717,9849.0,8,0,1,0,1.0,0
3.0037,32,0,0.8164,5042.0,6,0,1,0,0.0,1
5.7123,67,0,0.0116,13091.0,10,0,1,0,1.0,1
0.2451,51,1,0.7205,1697.0,7,0,1,0,2.0,0
0.2277,68,0,0.4078,10304.0,15,0,1,0,0.0,0
0.4179,49,0,0.1077,,8,0,1,0,1.0,0
0.1775,50,0,0.4227,8414.0,6,0,2,0,0.0,0
7.7362,35,0,0.7355,3130.0,5,0,3,0,0.0,1
0.5615,63,0,0.3582,,10,0,0,0,1.0,0
0.797,40,0,0.6445,,5,0,3,0,0.0,1
0.628,45,0,0.4522,23471.0,10,0,0,0,0.0,0
0.5389,52,0,0.6295,,11,0,1,0,0.0,0
5.0498,54,0,1.0788,4136.0,9,0,0,0,1.0,0
0.1426,28,0,1.158,,10,0,1,0,1.0,0
0.0418,49,0,0.642,11205.0,3,0,0,0,1.0,0
1.6259,63,0,0.3523,,7,0,4,0,,0
0.3087,47,0,0.7383,,5,0,1,0,2.0,0
0.0489,49,0,0.6998,7726.0,10,0,1,0,0.0,0
0.1157,54,0,0.2889,2409.0,10,0,3,0,4.0,0
0.7424,50,0,0.1339,,14,0,1,0,1.0,0
0.072,38,0,0.3543,6579.0,7,0,2,0,2.0,0
0.4818,51,0,0.3307,7800.0,8,0,0,0,2.0,0
0.3236,66,0,0.124,,8,0,0,0,1.0,0
0.502,37,0,0.6251,16089.0,9,0,0,0,0.0,0
0.1953,47,0,0.0697,3994.0,5,0,0,0,1.0,0
0.3458,33,0,0.4219,7924.0,10,0,0,0,1.0,0
0.4563,65,0,0.6531,12441.0,9,0,0,0,0.0,0
0.3896,51,0,0.0765,,6,0,0,0,1.0,0
0.401,40,0,0.5516,,4,0,2,0,0.0,0
2.7245,53,0,0.2017,,11,0,2,0,1.0,0
1.4785,35,0,0.0884,,2,0,1,0,0.0,0
0.1887,38,0,0.8909,3065.0,12,0,1,0,1.0,0
0.77,32,0,0.9649,3262.0,9,0,1,0,2.0,0
0.1122,37,0,0.2554,6045.0,9,0,1,0,1.0,0
0.3475,71,0,0.1027,9098.0,11,0,2,0,0.0,0
2.9737,42,0,0.1857,2072.0,8,0,1,0,1.0,1
0.2428,59,0,0.6258,5664.0,5,0,0,0,0.0,0
0.0566,40,0,0.6407,7210.0,6,0,1,0,3.0,0
0.5343,63,0,0.4705,,5,0,1,0,0.0,0
0.175,38,0,0.4422,3109.0,7,0,1,0,0.0,0
0.3053,53,0,0.2998,,6,0,1,0,1.0,0
0.379,53,0,0.4144,7392.0,10,0,0,0,0.0,0
0.0873,85,0,1.1235,8088.0,11,0,0,0,1.0,0
0.3348,61,0,0.3938,3336.0,13,0,0,0,0.0,0
0.2911,44,0,0.4805,2449.0,7,0,1,0,0.0,0
0.1433,62,0,0.3749,3040.0,9,0,2,0,1.0,0
0.4964,82,0,0.5587,9640.0,7,0,1,0,1.0,0
0.1794,29,0,0.5613,2894.0,7,0,0,0,0.0,0
0.7091,40,0,1.243,2507.0,11,0,1,0,0.0,0
0.5687,49,0,0.1035,9546.0,12,0,0,0,1.0,0
0.5254,46,0,0.0728,,9,0,0,0,0.0,0
0.5004,47,0,0.4609,8116.0,4,0,3,0,1.0,0
2.944,34,0,0.3774,2870.0,10,0,0,0,1.0,0
0.0615,72,0,0.5252,4819.0,8,0,2,0,1.0,0
0.2635,32,0,0.9537,4299.0,11,0,0,0,1.0,0
0.4936,49,0,0.0767,7413.0,7,0,1,0,,0
0.2831,67,0,0.766,26465.0,10,0,2,0,1.0,0
0.4579,52,1,0.3969,,0,0,1,0,1.0,0
0.2016,38,0,0.3335,4765.0,10,0,0,0,1.0,0
0.1839,33,0,0.6894,1959.0,5,0,1,0,0.0,0
0.6227,49,0,0.1316,5162.0,8,0,1,0,2.0,0
0.3209,41,0,0.5398,,3,0,3,0,0.0,0
0.2656,55,0,0.441,6410.0,11,0,2,0,1.0,0
0.9025,32,0,1.239,,4,0,1,0,2.0,0
0.8219,63,0,0.516,7031.0,8,0,0,0,2.0,0
0.3995,54,0,0.0542,6129.0,8,0,0,0,2.0,0
1.6025,55,0,0.0327,2841.0,12,0,1,0,1.0,0
0.3106,72,0,0.8178,10267.0,10,0,0,0,0.0,0
0.0229,46,0,0.6755,,8,0,1,0,1.0,0
0.3267,42,0,0.3474,,8,0,0,0,,0
0.4071,44,0,0.2241,9093.0,7,0,3,0,3.0,0
0.7893,49,0,1.0084,,9,0,0,0,1.0,0
0.2319,51,0,0.3,2949.0,8,0,0,0,1.0,0
0.3497,40,0,0.0772,,8,0,0,0,0.0,0
0.3244,24,0,0.7781,5861.0,7,0,2,0,0.0,0
0.6167,44,0,0.6725,3752.0,7,0,1,0,1.0,0
0.3369,57,0,0.2676,4859.0,8,0,1,0,0.0,0
0.7658,54,0,0.3456,5413.0,2,0,0,0,0.0,0
0.5072,69,0,0.2019,2633.0,9,0,2,0,3.0,0
0.0279,79,0,0.6904,5516.0,7,0,1,0,0.0,0
0.0399,63,0,0.4757,,8,0,2,0,1.0,0
0.159,71,0,1.0633,8462.0,11,0,2,0,1.0,0
4.5574,63,0,0.48,6437.0,4,0,1,0,0.0,0
0.67,76,0,0.1554,,6,0,1,0,1.0,0
0.8628,78,0,1.0092,1608.0,7,0,0,0,2.0,0
0.6516,65,0,0.3968,5929.0,9,0,1,0,1.0,0
0.5539,62,0,0.4563,3745.0,9,0,3,0,1.0,0
0.1773,49,0,0.4457,2813.0,7,0,2,0,2.0,0
0.1295,51,0,0.4941,4229.0,7,0,1,0,2.0,0
0.7535,47,0,0.332,,7,0,0,0,2.0,0
0.2293,61,0,0.5609,4889.0,9,0,3,0,0.0,0
0.0616,42,0,0.6055,5108.0,6,0,1,0,0.0,0
0.8021,49,1,0.2598,,12,0,2,0,1.0,0
0.9854,21,0,0.8976,,6,0,0,0,1.0,1
0.6853,76,0,0.1027,,7,0,0,0,2.0,1
0.1084,49,0,0.5764,,8,0,1,0,1.0,0
0.134,58,0,0.5953,,4,0,0,0,1.0,0
0.169,72,0,0.6982,7818.0,8,0,1,0,0.0,0
0.5632,56,0,0.2442,8665.0,12,0,1,0,0.0,0
0.2908,72,0,0.867,14437.0,6,0,3,0,2.0,0
0.2944,35,0,0.1585,7090.0,6,0,0,0,2.0,0
5.4471,86,0,0.6821,9942.0,3,0,0,0,0.0,0
0.7986,67,0,0.5042,6657.0,2,0,0,0,0.0,0
0.0161,55,0,0.599,,8,0,1,0,1.0,0
0.3234,72,0,0.2511,5136.0,6,0,1,0,0.0,0
0.275,36,0,0.2623,10402.0,7,0,0,0,2.0,0
0.1118,48,0,1.0057,8453.0,14,0,0,0,2.0,0
0.5261,72,2,0.5414,5076.0,7,0,2,0,0.0,0
0.0302,26,0,0.6498,8763.0,7,0,1,0,0.0,0
0.5037,60,0,0.4622,,5,0,1,0,2.0,0
0.3807,59,0,0.6736,1883.0,12,0,0,0,1.0,0
0.3802,80,0,0.3407,6910.0,9,0,0,0,0.0,0
0.4961,30,0,0.4421,12220.0,8,0,1,0,3.0,0
0.6108,75,0,0.1946,5133.0,9,0,1,0,2.0,1
0.3604,44,0,0.959,,11,0,2,0,3.0,0
0.5143,46,0,0.5473,1838.0,10,0,2,0,1.0,0
5.3021,35,2,0.6353,,3,0,0,0,1.0,0
0.1601,37,0,0.2771,29233.0,10,0,0,0,1.0,0
1.4329,58,0,0.2018,,12,0,1,0,0.0,0
0.2241,36,0,1.037,4879.0,9,0,1,0,1.0,0
0.0731,62,0,0.5365,,8,0,0,0,0.0,0
0.1254,43,0,0.6739,,6,0,0,0,0.0,0
2.9261,35,0,0.4407,3130.0,11,0,0,0,0.0,0
0.0011,45,0,0.3256,9273.0,8,0,2,0,1.0,0
0.324,57,1,0.4289,2539.0,9,0,2,0,1.0,0
1.321,48,0,0.9572,8238.0,7,0,4,0,2.0,0
0.7813,52,0,0.5458,,4,0,2,0,0.0,0
0.6784,62,0,0.2141,7047.0,5,0,0,0,0.0,0
1.1159,67,0,0.8611,2285.0,9,0,0,0,0.0,0
1.7517,48,0,0.6102,6773.0,5,0,0,0,2.0,0
0.7906,37,0,0.8603,3414.0,6,0,1,0,4.0,1
0.4843,53,0,0.4436,2407.0,6,0,2,0,1.0,0
0.071,59,0,0.7103,10951.0,8,0,1,0,2.0,0
0.6707,32,0,0.4496,3767.0,7,0,0,0,2.0,0
0.0545,40,0,1.0236,4603.0,9,0,0,0,2.0,0
1.2594,42,0,0.3604,,5,0,1,0,0.0,0
0.5663,49,1,0.6295,11199.0,10,1,1,0,1.0,0
0.3208,41,0,0.9628,3435.0,10,0,0,0,1.0,0
0.3296,62,0,0.7213,19417.0,3,0,0,0,3.0,0
0.5115,30,0,0.5589,4489.0,4,0,2,0,1.0,0
0.0427,30,0,0.3883,,8,0,1,0,1.0,0
0.4662,47,0,0.7399,,1,0,1,0,1.0,0
0.043,50,0,0.7385,,15,0,0,0,0.0,0
0.5093,32,0,0.5363,3329.0,6,0,1,0,2.0,1
0.0678,44,0,0.4076,5276.0,11,0,1,0,1.0,0
0.5591,46,0,0.4703,5961.0,10,0,1,0,1.0,0
0.2482,46,0,0.4177,,4,0,0,0,0.0,0
0.1379,54,0,0.0758,9918.0,11,0,4,0,0.0,0
1.7312,43,0,0.1624,1324.0,9,0,0,0,0.0,0
0.2866,73,0,0.2579,3237.0,3,0,2,0,,0
2.2471,59,0,0.4384,6434.0,3,0,3,0,0.0,0
0.0567,41,0,0.5791,,10,0,0,0,1.0,0
0.175,53,0,0.1501,8990.0,12,0,1,0,,0
0.3698,54,0,0.3078,3927.0,5,0,1,0,0.0,0
0.4114,69,0,0.6038,9954.0,7,0,0,0,0.0,0
0.4715,44,0,0.552,,9,0,4,0,1.0,0
0.0225,63,0,0.078,4265.0,3,0,1,0,1.0,0
0.2138,53,0,0.7941,,11,0,1,0,0.0,0
0.2023,73,0,0.8931,3008.0,16,0,3,0,2.0,0
0.4991,70,0,0.5504,8355.0,10,0,1,0,1.0,0
0.0793,55,0,0.2181,10446.0,4,0,0,0,0.0,0
0.102,48,0,0.2562,9298.0,6,0,3,0,0.0,0
3.6486,59,0,0.2165,6609.0,9,0,0,0,0.0,0
3.7761,49,1,0.5343,3056.0,11,0,2,0,0.0,0
0.0025,76,0,0.5636,,10,0,0,0,2.0,0
0.8018,53,2,0.9198,3339.0,8,0,1,1,2.0,1
0.0852,46,0,0.3758,,6,0,2,0,0.0,0
0.2503,46,0,0.4205,2724.0,7,0,2,0,0.0,0
0.3161,35,0,0.4615,901.0,6,0,0,0,2.0,0
0.0822,60,0,0.5025,3885.0,6,0,0,0,1.0,0
0.4397,41,0,0.4664,,8,0,3,0,1.0,0
0.0202,67,0,0.3232,10931.0,10,0,1,0,2.0,0
0.2835,34,0,0.3104,12124.0,6,0,1,0,0.0,0
0.8615,54,0,0.6439,,5,0,1,0,1.0,1
0.7314,68,1,0.4663,2887.0,8,0,1,2,0.0,0
0.6244,22,0,0.0568,5024.0,6,0,1,0,1.0,1
0.0733,80,0,0.5025,5831.0,11,0,0,0,0.0,0
1.5864,46,0,0.6098,,4,0,0,0,0.0,1
0.0516,54,0,0.2768,4149.0,9,0,2,0,1.0,0
0.0124,60,0,0.269,4072.0,7,0,2,0,0.0,0
0.5351,62,0,0.2192,3178.0,7,0,1,0,0.0,0
1.2221,56,1,0.8248,6568.0,6,0,2,0,1.0,0
0.0025,66,0,0.5207,,9,0,0,0,2.0,0
2.2926,59,0,0.2045,2836.0,5,0,1,0,1.0,0
0.199,77,0,0.2924,5695.0,11,0,3,0,2.0,0
0.6076,59,0,0.7872,8098.0,9,0,4,0,0.0,0
0.5471,80,0,0.5908,,10,0,1,0,1.0,0
0.1688,65,0,0.5558,19818.0,5,0,1,0,1.0,0
0.2122,27,0,0.4347,12981.0,13,0,1,0,2.0,0
0.316,89,0,0.9786,,8,0,2,0,1.0,0
0.1248,44,0,0.3146,5659.0,10,0,1,0,1.0,0
0.7357,73,0,0.3355,2458.0,7,0,0,0,0.0,1
0.7808,52,0,1.2379,11663.0,6,0,0,0,2.0,0
0.9862,67,0,0.8911,9288.0,12,0,3,0,0.0,0
1.0557,42,0,0.3395,6369.0,3,0,2,0,1.0,0
0.3035,61,0,0.1353,6921.0,7,0,1,0,0.0,0
0.3988,48,1,0.0798,3112.0,9,0,0,0,1.0,0
0.203,74,0,0.2775,5367.0,5,0,1,0,0.0,0
0.0938,58,0,0.3067,2795.0,4,0,1,0,1.0,0
1.0819,65,0,0.2964,3918.0,8,0,5,0,2.0,0
1.1095,22,0,0.9955,,11,0,1,0,0.0,0
0.8306,51,0,0.546,10505.0,8,0,1,0,0.0,0
0.8692,58,0,0.1347,,7,0,0,0,0.0,0
0.9175,55,2,0.561,4947.0,6,0,0,0,1.0,0
0.5613,65,0,0.541,3700.0,16,0,0,0,0.0,0
0.132,47,0,0.6611,,7,0,0,0,1.0,0
1.6418,53,0,0.1238,8437.0,8,0,0,0,1.0,0
0.4058,69,1,0.7956,16740.0,9,3,0,0,1.0,0
0.0005,21,0,0.2244,7424.0,6,0,1,0,,0
0.537,60,0,0.86,4791.0,11,0,0,0,0.0,0
0.7749,47,0,0.7912,4863.0,10,0,0,0,2.0,1
0.3848,39,0,0.2149,3172.0,5,0,1,0,1.0,0
0.0907,57,0,0.7552,2606.0,10,0,0,0,0.0,0
0.1517,69,0,0.7926,,10,0,1,0,1.0,0
0.6184,67,0,0.408,8009.0,9,0,0,0,0.0,0
0.5416,50,0,0.3031,11496.0,10,0,0,0,0.0,0
0.1045,64,0,0.4797,8971.0,7,0,0,0,1.0,0
0.4147,64,0,0.646,8843.0,19,0,0,0,0.0,0
3.8811,51,0,0.547,2604.0,7,0,1,0,0.0,1
0.3216,42,0,0.379,10926.0,10,0,0,0,0.0,0
3.1029,43,0,1.1652,7156.0,12,0,1,0,0.0,0
0.257,64,0,0.4283,5391.0,9,0,1,0,1.0,0
1.4212,51,0,1.0214,,7,0,0,0,1.0,0
0.3075,37,0,0.4379,13006.0,5,0,2,0,0.0,0
0.5539,28,0,0.4203,12526.0,12,0,2,0,0.0,0
0.4831,64,0,0.6457,3229.0,11,0,0,0,0.0,0
2.1531,44,0,0.2786,4631.0,3,0,0,0,0.0,0
0.2156,57,0,0.4589,4897.0,11,0,2,0,1.0,0
0.3338,69,0,0.8282,11546.0,7,0,0,0,0.0,0
2.0873,34,0,0.1445,13834.0,7,0,2,0,1.0,0
0.067,51,0,0.8479,5355.0,15,0,0,0,1.0,0
0.7363,50,0,0.1348,12631.0,12,0,0,0,0.0,0
0.3428,57,0,0.3227,3870.0,7,0,3,0,2.0,0
0.3283,69,0,0.7383,10766.0,6,0,0,0,0.0,0
0.1222,33,0,0.6022,1920.0,9,0,0,0,1.0,0
0.0822,60,1,0.242,4379.0,9,0,1,1,0.0,0
0.8212,66,0,0.2597,,6,0,1,0,0.0,0
0.3182,49,0,0.3185,5595.0,5,0,1,0,0.0,0
0.3542,50,0,1.0609,3473.0,7,0,4,0,0.0,0
4.278,58,0,0.0336,3451.0,13,0,1,0,2.0,0
2.4729,57,0,0.5762,6088.0,11,0,0,0,1.0,0
0.2812,60,0,0.554,5654.0,5,0,0,0,0.0,0
2.4623,60,0,0.728,,13,0,1,0,1.0,0
0.1335,38,0,0.2515,,6,0,0,0,2.0,0
0.3477,66,0,0.4607,2839.0,8,0,4,0,1.0,0
0.2449,68,0,0.7644,,10,0,1,0,1.0,0
0.0754,55,0,0.2236,12176.0,4,0,4,0,0.0,0
0.2028,31,0,0.8241,12156.0,10,0,1,0,0.0,0
0.7815,50,0,0.7084,4675.0,5,0,2,0,0.0,1
2.7267,55,0,0.4463,1619.0,8,1,3,1,1.0,0
1.2705,36,0,0.9063,,5,0,1,0,1.0,0
0.2733,47,0,0.4751,3894.0,7,0,2,0,1.0,0
0.4822,32,0,0.832,8160.0,4,0,2,0,0.0,0
0.1184,61,0,0.6036,6892.0,13,0,2,0,1.0,0
0.4281,54,0,0.5013,10142.0,10,0,1,0,1.0,0
0.5754,29,0,0.311,2050.0,8,0,1,0,2.0,1
0.0788,57,0,1.1633,,9,0,3,0,2.0,0
0.0971,51,0,0.6636,5575.0,10,0,1,0,1.0,0
4.5212,59,0,0.1946,6963.0,6,0,3,0,0.0,0
0.6281,47,0,0.3389,3487.0,10,0,1,0,0.0,0
0.5852,41,0,0.366,9181.0,5,0,1,0,0.0,0
0.725,41,0,0.5382,2121.0,8,0,2,0,1.0,1
5.0543,44,0,0.8472,6355.0,8,0,2,0,1.0,0
0.0929,52,0,0.181,5529.0,8,0,0,0,1.0,0
0.5598,54,0,0.6813,1998.0,9,0,1,0,1.0,0
0.0292,49,0,0.4375,5711.0,6,0,0,0,2.0,0
0.0879,46,0,0.7236,5124.0,3,0,2,0,0.0,0
4.4244,47,0,0.7488,3602.0,8,0,2,0,0.0,0
0.1251,87,0,0.1374,9435.0,4,0,0,0,2.0,0
0.9582,41,0,0.0226,3909.0,8,0,0,0,1.0,0
0.2147,44,0,0.2785,2947.0,6,0,0,0,1.0,0
0.2076,95,0,0.9855,4748.0,8,0,1,0,0.0,0
0.5374,58,0,0.3413,,5,2,1,0,0.0,0
0.1868,33,0,0.4964,7540.0,6,0,0,0,0.0,0
0.1688,64,0,0.9019,,9,0,1,0,0.0,0
4.4424,39,0,0.3619,4227.0,9,0,0,0,1.0,0
0.5146,65,0,0.0668,10448.0,7,0,0,0,0.0,0
0.0191,49,0,0.9766,3986.0,6,0,2,0,1.0,0
0.7079,46,0,0.0635,2572.0,8,0,1,0,0.0,0
0.1757,75,3,0.2638,4757.0,5,1,0,0,1.0,0
0.2708,60,0,0.462,6599.0,11,0,1,0,1.0,0
0.3151,66,0,0.2952,6054.0,9,0,2,0,1.0,0
0.0598,58,0,0.5024,2754.0,6,0,0,0,2.0,0
0.0882,46,0,0.5557,12727.0,10,0,3,0,1.0,0
0.5625,61,0,0.4881,10645.0,8,0,0,0,1.0,0
3.0262,69,0,0.3868,3420.0,6,0,1,0,1.0,0
0.579,54,0,0.4741,2626.0,10,0,3,0,1.0,1
4.8505,77,0,0.3784,,6,0,1,0,1.0,0
0.4944,64,0,0.6246,20789.0,5,0,1,0,1.0,0
0.0378,55,0,0.2991,10877.0,11,0,1,0,1.0,0
0.2481,56,0,0.6883,6939.0,9,0,2,0,0.0,0
0.6965,54,0,0.1606,7382.0,15,0,0,0,0.0,0
3.3928,34,0,0.947,11654.0,11,0,1,0,1.0,0
0.6275,51,0,0.7524,12576.0,7,0,3,0,0.0,0
0.2036,55,0,1.0073,4873.0,8,0,1,0,1.0,0
0.2607,46,0,0.2572,3143.0,9,0,2,0,0.0,0
0.6823,57,0,1.1283,4819.0,8,0,3,0,0.0,0
0.4197,52,0,0.9664,6268.0,8,0,1,0,0.0,0
0.6639,63,0,0.6523,8209.0,11,0,2,0,1.0,0
0.6767,61,0,0.4195,6774.0,10,0,2,0,0.0,0
0.3643,54,0,0.9263,4782.0,6,0,0,0,2.0,0
0.3062,33,0,0.7629,7707.0,8,0,0,0,1.0,0
0.0359,77,0,0.3252,7881.0,6,0,3,0,0.0,0
0.584,50,0,0.4996,8746.0,5,0,1,0,1.0,0
0.9657,51,0,0.8312,5717.0,9,0,0,0,1.0,0
0.0901,47,0,0.6969,,7,0,1,0,2.0,0
0.536,45,0,0.0684,9909.0,12,0,1,0,1.0,0
1.3438,74,0,0.281,6995.0,9,0,3,0,2.0,0
0.2192,71,0,0.1717,9096.0,12,0,0,0,0.0,0
5.9264,58,0,0.0918,5980.0,9,0,1,0,1.0,0
0.0977,50,0,0.376,,7,0,0,0,1.0,0
0.7043,61,0,0.5834,3955.0,6,0,2,0,0.0,0
0.0753,53,0,0.2343,3328.0,10,0,2,0,0.0,0
0.28,49,0,0.6583,,9,0,0,0,2.0,0
0.0009,57,0,0.1936,6390.0,16,0,2,0,0.0,0
0.2143,46,0,0.3917,,7,0,0,0,0.0,0
3.7851,56,0,0.0844,,10,0,1,0,1.0,0
0.8714,55,1,0.4029,,5,0,1,1,1.0,0
3.1424,60,0,0.7092,2038.0,8,0,4,0,1.0,0
0.4398,43,0,0.3963,4372.0,1,0,0,0,3.0,0
0.0575,62,0,1.1165,5608.0,5,0,1,0,1.0,0
0.134,39,0,1.0646,,8,0,0,0,1.0,0
0.2756,44,0,1.1322,4045.0,11,0,1,0,0.0,0
1.7171,45,0,0.5793,2696.0,5,0,0,0,1.0,0
0.5073,37,3,0.0938,,8,0,0,0,2.0,0
0.055,66,0,0.5352,4643.0,11,0,2,0,0.0,0
1.0685,38,0,0.556,9950.0,12,0,0,0,0.0,0
10.1906,42,0,0.2501,7618.0,8,0,0,0,1.0,0
0.7553,70,0,0.4664,7471.0,7,0,1,0,0.0,0
0.8328,44,0,0.2768,6570.0,6,0,0,0,0.0,0
1.3841,49,0,0.2038,8627.0,9,0,0,0,0.0,0
0.1389,38,0,0.2274,6819.0,6,0,0,0,3.0,0
0.9284,64,0,0.0333,,11,0,3,0,0.0,0
6.7334,64,0,0.5281,1761.0,15,0,0,0,2.0,1
4.8927,62,0,0.3167,6754.0,5,0,1,0,2.0,0
0.9195,60,0,0.6648,3088.0,14,0,0,0,0.0,0
0.5471,53,0,0.7001,2606.0,6,0,0,0,0.0,0
0.8263,45,0,0.3298,,7,0,2,0,3.0,0
3.3103,41,0,0.383,3161.0,7,0,1,0,0.0,0
0.1727,70,0,0.8428,3936.0,5,0,2,0,0.0,0
0.6145,63,0,0.5163,6370.0,5,0,3,0,1.0,0
0.4415,42,0,0.639,5452.0,7,0,0,0,1.0,0
0.2759,53,0,0.5441,5142.0,14,0,0,0,0.0,0
0.8731,48,0,0.4728,3770.0,13,0,1,0,0.0,0
0.2089,36,0,0.298,,8,0,2,0,0.0,0
0.0275,54,0,0.8194,12850.0,8,0,0,0,1.0,0
10.2686,46,0,0.6747,2893.0,5,0,0,0,0.0,0
0.3472,39,0,0.5375,3310.0,11,0,1,0,1.0,0
0.1768,31,0,0.274,12500.0,12,0,0,0,1.0,0
0.6603,30,0,0.4936,,6,0,1,0,0.0,0
0.5537,47,0,0.3402,3274.0,10,0,2,0,1.0,0
0.1692,51,0,0.5741,,12,0,1,0,,0
1.6456,40,1,1.4457,6484.0,4,0,1,0,1.0,0
1.0847,61,0,0.709,15597.0,7,0,0,0,0.0,0
0.3582,51,0,0.4668,10246.0,6,0,1,0,0.0,0
6.4909,60,0,0.4123,4272.0,10,0,0,0,2.0,0
0.5413,49,0,0.1172,1262.0,12,0,2,0,1.0,0
0.6268,41,0,0.2764,2350.0,10,0,3,0,0.0,0
0.0534,54,0,0.2765,3751.0,10,0,0,0,0.0,0
0.2021,34,0,0.1304,,8,0,0,0,1.0,0
0.5167,60,0,0.5858,6289.0,11,0,1,0,,0
0.1555,39,0,0.6777,,9,0,1,0,1.0,0
0.1567,65,0,0.9921,3823.0,7,0,1,0,,0
0.267,47,0,0.6879,4270.0,7,0,2,0,0.0,0
0.0241,67,0,0.7436,9640.0,6,0,2,0,2.0,0
0.1849,36,0,0.2651,,7,0,0,0,0.0,0
0.6484,43,0,1.1341,6733.0,7,0,0,0,1.0,0
4.3291,57,0,0.4575,3363.0,6,0,1,0,1.0,0
1.4163,68,0,0.1824,1149.0,9,0,0,0,0.0,0
0.5062,75,0,0.5432,10494.0,13,0,0,0,0.0,0
0.4221,53,0,0.5597,3005.0,8,0,0,0,0.0,1
0.2561,78,0,0.6259,22973.0,5,0,0,0,2.0,0
0.1424,48,0,0.6695,,5,0,0,0,4.0,0
0.8325,67,0,0.6162,,6,0,0,0,0.0,0
0.5165,39,0,0.3031,7465.0,8,0,0,0,0.0,0
0.3443,58,0,0.2491,3535.0,9,0,0,0,3.0,0
0.5152,21,0,0.5068,3942.0,9,0,0,0,1.0,0
0.4649,36,0,0.5485,,14,0,0,0,1.0,0
1.1353,59,0,0.6138,,9,0,0,0,2.0,0
0.2268,34,0,0.074,,8,0,3,0,3.0,0
0.0559,58,0,0.5061,,9,0,0,0,0.0,0
1.1893,65,0,0.1675,,4,0,2,0,0.0,0
0.3427,45,0,0.9083,3186.0,8,0,2,0,1.0,0
0.6594,38,0,0.3896,2844.0,8,0,2,0,0.0,0
0.0342,45,0,0.2001,3506.0,8,0,0,0,1.0,0
0.8341,38,0,1.1058,2852.0,11,0,2,0,0.0,0
5.7281,51,0,0.6916,5458.0,9,0,0,0,1.0,0
1.8611,53,0,0.4047,8952.0,9,0,2,0,1.0,0
0.0458,48,0,0.1231,,3,0,1,0,0.0,0
0.7237,75,0,0.1807,7631.0,4,0,0,0,0.0,0
0.2831,42,0,0.3399,4283.0,10,0,0,0,1.0,0
0.3823,71,0,1.0562,4104.0,10,0,0,0,2.0,0
0.7148,37,0,0.3202,8994.0,6,0,1,0,0.0,0
0.0395,53,0,0.5361,5963.0,6,0,4,0,1.0,0
0.6474,69,0,0.4538,5955.0,7,0,1,0,0.0,0
0.2276,68,0,0.6704,,7,0,1,0,1.0,0
0.7146,46,0,0.7969,9031.0,5,0,0,0,0.0,0
0.1439,60,0,0.915,3913.0,8,0,1,0,1.0,0
0.5649,58,0,0.0879,,6,0,1,0,0.0,0
0.2233,44,0,0.4059,,8,0,1,0,0.0,0
0.3869,61,0,0.4678,7743.0,7,1,0,0,0.0,0
0.4982,78,2,0.2348,4605.0,7,0,1,1,1.0,0
0.1692,59,0,0.2153,6355.0,7,0,2,0,1.0,0
0.2384,60,0,0.1691,6199.0,9,0,3,0,1.0,0
0.7435,61,0,0.0838,6132.0,4,0,1,0,2.0,0
0.356,32,0,0.6845,7316.0,9,0,1,0,3.0,0
0.264,58,0,0.2652,3485.0,5,0,2,0,3.0,0
0.8369,38,0,0.106,4924.0,6,0,0,0,2.0,0
0.1844,44,1,0.1355,7586.0,7,0,0,0,0.0,0
0.5472,82,0,0.6883,1313.0,14,0,2,0,0.0,1
0.4115,48,1,1.1398,,11,0,1,2,,1
0.813,42,0,0.5325,9050.0,9,0,1,0,0.0,0
0.581,68,0,1.0476,2318.0,5,0,1,0,1.0,0
0.4113,39,0,0.7866,9315.0,6,0,1,0,1.0,0
0.2275,46,0,0.3525,,9,0,1,0,0.0,0
0.2998,69,0,0.5412,1967.0,8,0,0,0,2.0,0
2.0292,53,0,0.5318,9935.0,11,0,2,0,0.0,0
0.9099,30,0,0.7448,5152.0,7,0,0,0,2.0,0
0.3088,60,0,0.0861,5573.0,6,0,0,0,0.0,0
0.3706,46,0,0.7026,2629.0,5,0,1,0,0.0,0
0.1967,74,0,0.2833,6813.0,6,0,3,0,0.0,0
0.5545,44,0,0.7101,4834.0,10,0,0,0,3.0,0
0.0589,67,0,0.5898,,7,0,1,0,0.0,0
0.2763,77,0,0.5626,4353.0,9,0,4,0,0.0,0
0.6049,40,0,0.7886,,11,0,1,0,2.0,1
0.1847,49,0,0.352,3705.0,7,0,2,0,0.0,0
0.3576,57,0,0.4205,,9,0,3,0,2.0,0
2.0866,40,0,0.4867,5878.0,7,0,0,0,2.0,0
0.7268,56,0,0.2214,8484.0,17,0,1,0,0.0,0
0.13,49,0,0.4044,11145.0,11,0,1,0,3.0,0
0.0749,49,0,0.3047,,14,0,2,0,2.0,0
1.4129,53,0,0.1444,3964.0,6,0,0,0,1.0,0
1.1468,53,0,1.2639,4381.0,5,0,1,0,0.0,0
0.2218,54,0,0.2713,,8,0,1,0,0.0,0
0.6565,44,0,0.4012,3240.0,7,0,2,0,1.0,0
0.1806,44,0,0.0537,,10,0,1,0,0.0,0
0.334,50,0,0.3349,8196.0,4,0,3,0,0.0,0
0.3548,51,0,0.3058,,13,0,1,0,0.0,0
0.0725,46,0,0.6957,5669.0,11,0,1,0,2.0,0
0.2878,57,0,0.7238,6389.0,7,0,0,0,0.0,1
7.334,27,0,0.725,3371.0,3,0,2,0,1.0,0
0.3767,42,0,0.2402,2160.0,9,0,1,0,0.0,0
0.0311,48,0,0.693,4708.0,10,0,1,0,1.0,0
0.6411,40,1,0.3161,4950.0,8,0,1,1,0.0,0
0.2396,75,0,0.9123,15027.0,13,0,2,0,2.0,0
0.6537,52,0,0.052,3725.0,4,0,1,0,0.0,0
0.4377,54,0,0.4121,8027.0,4,0,0,0,1.0,0
8.2051,45,0,0.6977,,4,0,0,0,1.0,0
0.1988,52,0,0.6728,3211.0,12,0,2,0,0.0,0
5.6925,35,0,0.9377,6820.0,10,0,0,0,0.0,0
0.193,50,0,0.5792,3498.0,8,0,4,0,1.0,0
1.0298,39,0,0.5658,5467.0,12,0,1,0,0.0,0
1.017,48,0,0.1777,6363.0,8,0,0,0,0.0,0
0.3448,21,0,0.2149,8193.0,7,0,0,0,0.0,0
0.0627,36,0,0.0893,,8,0,2,0,2.0,0
0.4854,72,1,0.9478,4726.0,5,0,0,0,0.0,0
0.7784,64,0,0.1103,,7,0,3,0,1.0,0
0.0635,70,0,0.1728,5210.0,6,0,2,0,2.0,0
1.0585,71,0,0.4425,3761.0,6,0,1,0,,0
2.1042,61,0,0.6795,2499.0,7,0,1,0,1.0,0
0.3837,46,0,0.5425,14320.0,6,0,0,0,1.0,0
0.1353,37,0,1.0557,,8,0,1,0,,0
0.0857,68,2,0.291,3143.0,7,0,1,0,1.0,0
0.0941,53,0,0.2029,8414.0,10,0,0,0,2.0,0
0.0177,87,0,0.5113,6525.0,4,0,0,0,,0
2.794,47,0,0.6646,8489.0,8,0,0,0,2.0,0
0.6171,80,0,0.2022,,12,0,1,0,1.0,0
0.0195,50,0,0.1693,4026.0,5,0,3,0,1.0,0
0.6875,71,0,0.4049,3293.0,9,0,6,0,2.0,1
0.6828,76,0,0.3334,12403.0,5,0,0,0,0.0,0
0.2395,38,0,0.4848,,5,0,1,0,1.0,0
0.2772,45,0,0.4433,4014.0,5,0,0,0,1.0,0
2.8184,38,1,0.2507,6066.0,11,0,1,0,3.0,0
0.003,35,0,0.278,6739.0,13,0,1,0,2.0,0
2.436,61,0,0.187,6135.0,5,0,2,0,2.0,0
0.3178,49,0,0.0596,2373.0,6,0,2,0,1.0,0
0.32,53,0,0.8675,,9,0,2,0,1.0,0
0.5346,60,0,0.4527,12889.0,10,0,0,0,1.0,0
0.6745,26,0,0.3911,1178.0,7,0,2,0,2.0,0
4.5889,70,0,0.3522,1767.0,10,0,1,0,1.0,0
3.5504,47,0,0.4704,3340.0,10,0,2,0,2.0,0
0.1185,59,0,0.0594,,7,0,1,0,2.0,0
1.2278,61,0,0.7733,5042.0,11,0,0,0,1.0,0
0.3351,71,0,0.5799,,5,0,0,0,0.0,0
0.6365,51,0,0.3691,3648.0,10,0,0,0,0.0,0
0.825,22,0,0.3106,20019.0,7,0,1,0,1.0,0
0.8274,53,0,0.5877,14518.0,8,0,1,0,2.0,0
0.0484,55,0,0.3573,,8,0,0,0,0.0,0
0.3495,38,0,0.1126,8565.0,12,0,1,0,0.0,0
0.2178,54,0,0.5559,,15,0,0,0,2.0,0
2.6118,47,0,0.5519,7374.0,8,0,1,0,0.0,0
0.8653,33,0,0.1686,,4,0,2,0,0.0,0
0.4621,61,0,0.6311,2829.0,15,0,1,0,1.0,0
0.2849,44,0,0.5812,3344.0,9,0,1,0,0.0,0
0.0229,46,0,0.091,1179.0,3,0,0,0,1.0,0
1.3025,46,0,0.2362,,9,0,0,0,,0
0.5266,69,0,1.164,15277.0,10,0,0,0,0.0,0
0.0684,51,0,0.1973,11378.0,3,1,2,0,2.0,0
0.0731,53,0,0.6756,,5,0,2,0,2.0,0
0.3225,46,0,0.2917,1927.0,10,0,1,0,0.0,0
0.2617,58,0,0.3356,,13,0,4,0,2.0,0
0.12,71,0,0.3357,5176.0,12,0,0,0,1.0,0
0.484,61,0,0.8421,1468.0,9,0,0,0,0.0,0
0.2388,62,0,0.4872,9451.0,6,0,0,0,2.0,0
0.2989,60,0,0.2267,4004.0,14,0,1,0,0.0,0
0.3407,33,0,0.4667,,12,0,1,0,1.0,0
0.5619,40,0,0.3057,5054.0,6,0,4,0,4.0,0
0.4983,49,0,0.5515,3648.0,6,0,1,0,1.0,0
3.6496,42,0,0.0822,2086.0,11,0,0,0,3.0,0
2.6507,37,0,0.3555,4990.0,7,0,0,0,0.0,1
1.3183,26,0,0.0333,,5,0,1,0,1.0,0
0.2863,33,0,0.5354,13245.0,4,0,3,0,0.0,0
0.1802,48,0,0.6567,5151.0,12,0,0,0,1.0,0
0.6117,51,0,0.889,7772.0,8,0,1,0,0.0,0
0.1912,41,0,0.2586,10519.0,7,0,1,0,1.0,0
0.4612,53,0,0.7596,3922.0,15,0,1,0,0.0,0
0.0192,46,0,0.5463,4419.0,8,0,0,0,3.0,0
0.4358,67,0,0.2782,10859.0,17,0,0,0,1.0,0
1.5165,50,0,1.0627,,10,0,2,0,0.0,0
0.6539,62,0,0.2721,2138.0,6,0,1,0,,0
0.3219,55,0,0.6245,16742.0,6,0,2,0,0.0,0
0.5364,32,0,0.0735,3006.0,6,0,2,0,0.0,0
5.0608,51,0,0.4218,10066.0,4,0,2,0,0.0,0
0.2708,35,0,0.4585,9996.0,5,0,1,0,0.0,0
0.4935,50,0,0.5477,,4,0,0,0,1.0,1
4.7688,42,1,0.8096,5929.0,6,0,0,0,0.0,0
0.4001,57,0,0.1136,3397.0,9,0,2,0,1.0,0
0.1972,33,0,0.4478,3741.0,6,0,1,0,1.0,0
0.2756,52,0,0.1622,5102.0,5,0,2,0,0.0,0
0.1923,60,0,0.8391,2767.0,5,0,1,0,0.0,0
0.2357,65,0,0.9854,9691.0,11,0,2,0,0.0,0
0.0646,41,0,0.1962,2745.0,10,0,3,0,0.0,0
1.1122,52,0,0.3931,9617.0,9,0,1,0,,0
0.1059,55,0,1.0421,,6,0,1,0,0.0,0
0.2767,74,0,0.435,10015.0,11,0,1,0,0.0,0
0.4129,31,0,0.5979,18019.0,6,0,0,0,0.0,0
0.2919,39,0,0.1202,,7,0,1,0,2.0,0
0.1531,91,0,0.2869,6129.0,9,0,4,0,1.0,0
0.6548,48,0,0.3555,4256.0,10,0,1,0,0.0,0
0.8203,26,0,0.7054,11192.0,8,0,3,0,1.0,0
0.0312,44,0,0.142,,5,0,0,0,1.0,0
0.0689,21,0,0.4816,,9,0,2,0,1.0,0
0.4705,55,0,0.579,12077.0,4,0,0,0,1.0,0
0.4654,63,0,0.5379,,5,0,0,0,0.0,0
0.4411,39,0,0.324,5504.0,7,0,3,0,2.0,0
0.9059,45,0,0.3633,10508.0,9,0,0,0,0.0,0
1.3759,65,0,0.302,,7,0,0,0,0.0,0
2.7633,27,0,0.4485,,11,0,2,0,0.0,0
0.4823,33,0,0.5566,4776.0,8,0,1,0,0.0,1
0.1887,49,0,1.0342,9093.0,10,0,3,0,0.0,0
0.504,41,0,0.1821,6052.0,6,0,1,0,2.0,0
3.0441,48,0,0.4258,8741.0,4,0,2,0,0.0,0
2.1757,34,0,0.5586,9574.0,10,0,0,0,0.0,0
0.8567,55,2,0.5257,5122.0,9,0,0,0,0.0,0
0.8765,50,0,0.3272,,9,0,4,0,1.0,0
0.4814,60,0,0.4719,,7,0,1,0,,0
0.0609,55,0,0.1201,3920.0,9,0,0,0,5.0,0
1.4379,55,0,0.1524,3390.0,8,0,2,0,0.0,0
0.0947,32,0,0.1012,7178.0,5,0,0,0,1.0,0
0.2658,59,0,0.5529,3144.0,1,0,2,0,0.0,0
0.6011,47,3,0.3767,,11,0,0,1,0.0,0
0.4016,50,0,1.0346,3879.0,11,0,0,0,2.0,0
0.3835,67,0,0.4858,16234.0,8,0,2,0,3.0,0
2.3212,42,0,0.3488,5448.0,8,0,4,0,0.0,0
0.5782,71,0,0.1015,6541.0,10,0,2,0,0.0,0
0.0843,72,1,0.1279,,9,2,1,0,0.0,0
3.0427,63,0,0.4482,5229.0,6,0,1,0,0.0,0
0.3605,38,0,0.3716,4058.0,9,0,2,0,1.0,0
0.5701,21,0,0.1452,8685.0,8,0,1,0,0.0,0
0.317,67,0,0.3977,1750.0,5,0,2,0,1.0,0
1.0372,54,0,0.7541,4416.0,7,0,3,0,3.0,0
0.516,42,0,0.1511,3433.0,11,0,3,0,0.0,0
0.1668,68,0,0.4993,6919.0,4,0,0,0,0.0,0
1.4782,40,0,0.7913,6754.0,8,0,1,0,0.0,0
1.2714,46,0,0.3067,7046.0,7,0,0,0,0.0,0
0.09,59,0,0.2072,8340.0,7,0,2,0,3.0,0
0.0215,36,1,0.6865,5743.0,13,0,2,0,0.0,0
0.3619,50,0,0.0146,10530.0,8,0,0,0,2.0,0
0.1827,67,0,0.2682,8961.0,7,0,0,0,0.0,0
0.4003,55,0,1.0238,3505.0,6,0,1,0,2.0,0
0.0751,69,2,0.4581,7943.0,10,0,0,0,3.0,1
0.0879,68,0,0.4532,4714.0,9,0,0,0,0.0,0
2.1148,52,1,0.4065,6510.0,14,0,1,1,1.0,0
0.1057,21,1,0.7936,10577.0,10,0,0,0,1.0,0
0.3531,37,0,0.2095,7003.0,11,0,0,0,0.0,0
0.6255,63,0,0.5733,6565.0,7,0,1,0,1.0,0
2.6164,30,0,0.5418,9001.0,10,0,3,0,0.0,0
0.5284,47,0,0.4063,6878.0,8,0,1,0,0.0,0
0.5458,57,0,0.2179,,10,0,0,0,2.0,0
0.068,73,0,0.4594,,5,0,2,0,3.0,0
2.7275,44,0,0.4547,6354.0,6,0,0,0,0.0,0
0.2374,43,0,0.7304,6984.0,4,0,0,0,0.0,0
0.2676,51,0,0.1229,2133.0,4,0,3,0,1.0,0
1.065,57,3,0.2928,4244.0,11,0,0,0,2.0,0
0.2523,50,0,0.4407,2597.0,14,0,2,0,2.0,0
0.9955,67,1,0.3527,,7,0,0,2,0.0,0
0.7266,41,0,0.1896,12848.0,9,0,1,0,2.0,0
0.4685,54,0,0.46,3396.0,6,0,1,0,1.0,0
0.093,58,0,0.093,4024.0,12,0,2,0,3.0,0
0.2141,46,0,0.1304,4589.0,10,0,1,0,1.0,0
1.014,64,0,0.8386,5769.0,7,0,2,0,1.0,0
2.341,54,3,0.3796,7482.0,9,0,1,0,0.0,0
0.4277,63,0,0.6559,5740.0,9,0,0,0,2.0,0
0.0218,55,0,0.328,7826.0,4,0,2,0,1.0,0
0.887,57,0,0.2153,14963.0,7,0,2,0,3.0,0
0.0259,43,0,0.2757,14477.0,9,0,1,3,0.0,0
0.1557,43,0,0.174,2574.0,11,0,0,0,0.0,0
0.4309,69,0,0.4014,15360.0,9,0,2,0,0.0,0
0.6459,61,0,0.6836,6205.0,4,0,2,0,0.0,0
0.1766,38,0,0.538,2825.0,12,0,2,0,1.0,0
0.3209,55,0,0.8711,1321.0,9,0,2,0,1.0,0
0.0686,21,0,0.6203,,6,0,3,0,0.0,0
0.2677,44,0,0.3537,3287.0,5,0,1,0,3.0,0
0.4777,65,0,0.4809,35134.0,7,0,2,2,0.0,0
1.661,50,0,0.6935,,9,0,1,0,0.0,1
0.3406,54,0,0.5015,,7,0,1,0,1.0,0
6.2583,21,0,0.3055,20859.0,6,0,0,0,1.0,0
0.8893,47,0,0.657,6983.0,9,0,2,0,,0
0.5492,57,0,1.3064,9056.0,9,0,4,1,1.0,0
0.4509,59,0,0.7256,6139.0,6,0,1,0,0.0,0
1.8015,65,0,0.7978,18225.0,7,0,1,0,0.0,0
5.7796,49,2,0.7254,4298.0,8,1,2,0,1.0,0
0.0641,50,0,0.055,11219.0,19,0,1,0,1.0,0
0.2397,33,0,0.8871,3847.0,7,0,1,0,1.0,0
0.1892,49,0,0.6187,,8,0,0,0,0.0,0
0.2817,34,0,0.1386,,8,0,0,0,1.0,0
0.3944,26,0,0.4112,,10,0,1,0,2.0,0
1.4965,37,1,0.3116,3843.0,8,0,2,0,0.0,0
0.2581,73,0,0.5432,9323.0,9,0,1,0,2.0,0
0.1331,48,0,1.0387,6109.0,8,0,1,0,0.0,0
0.6848,55,0,0.2864,8197.0,7,0,1,0,0.0,0
0.886,45,0,0.6317,4767.0,6,0,3,0,1.0,0
0.7015,27,0,1.0665,2414.0,9,0,1,0,1.0,0
0.2174,65,0,0.629,4381.0,6,0,0,0,0.0,0
0.5894,22,0,0.7898,10965.0,8,0,3,0,1.0,0
0.1586,44,0,0.5556,2772.0,10,0,3,0,0.0,0
0.0014,51,0,1.0271,15925.0,12,0,0,0,0.0,0
0.0162,55,0,0.7337,21404.0,6,0,2,0,1.0,0
0.6857,42,0,0.5483,4563.0,6,0,3,0,0.0,0
0.9126,26,0,0.3681,14507.0,7,0,1,0,1.0,0
0.2609,41,0,0.7299,9092.0,11,0,1,0,1.0,0
0.5372,42,0,0.4757,,11,0,1,0,0.0,1
0.0878,41,0,0.2855,1725.0,6,0,2,0,0.0,0
0.6048,66,0,0.0223,18051.0,5,0,0,0,2.0,0
0.2585,35,0,0.2247,3921.0,9,0,0,0,0.0,0
0.7105,56,0,0.1838,4592.0,6,0,1,0,0.0,0
0.7314,54,0,0.2167,8037.0,5,0,0,0,0.0,0
0.0791,65,0,0.7401,,7,0,1,0,0.0,0
0.7883,50,0,0.1561,9009.0,8,0,1,0,0.0,0
0.7598,63,0,0.7255,13783.0,7,0,0,0,0.0,0
0.1896,50,0,0.1004,4924.0,8,0,0,0,3.0,0
8.4494,58,0,1.2034,,14,0,0,0,2.0,0
0.2624,31,0,0.8616,,7,0,0,0,0.0,0
0.3025,21,0,0.1955,3655.0,11,0,1,0,0.0,0
0.3646,57,0,0.9643,,8,0,0,0,1.0,0
0.0169,58,0,0.1909,,11,0,0,0,0.0,0
0.7683,59,0,0.3682,3132.0,9,0,0,0,1.0,0
0.5043,45,0,0.6646,4683.0,10,0,1,0,0.0,0
2.3167,73,0,0.6685,11819.0,8,0,0,0,0.0,0
0.2318,46,0,0.6977,3534.0,7,0,1,0,1.0,0
0.3324,58,0,0.7668,5071.0,7,0,2,0,1.0,0
0.0887,60,0,0.3012,8168.0,7,0,1,0,2.0,0
0.2468,76,0,0.7762,14549.0,5,0,2,0,4.0,0
0.1027,48,0,0.707,7495.0,2,0,1,0,1.0,0
0.1061,43,0,0.4988,2408.0,3,0,1,0,1.0,0
0.3446,31,0,0.8743,,7,0,1,0,1.0,0
0.5584,74,0,0.5385,23037.0,5,0,1,0,0.0,0
0.3445,58,0,0.4464,6250.0,12,0,0,0,1.0,0
0.2511,58,0,0.0781,9629.0,10,0,1,0,0.0,0
0.7202,95,0,0.1692,23324.0,10,0,0,0,1.0,0
0.007,57,0,0.2888,8286.0,5,0,2,0,1.0,0
0.4967,34,0,0.7014,3157.0,5,0,0,0,0.0,1
0.1892,49,0,0.696,4916.0,8,0,2,0,2.0,0
1.6114,38,0,0.2092,6394.0,5,0,1,0,2.0,1
0.0153,46,0,0.3995,3052.0,7,0,0,0,2.0,0
0.0592,46,0,0.7363,4645.0,9,0,0,0,1.0,0
0.2601,44,0,0.8826,4529.0,11,0,2,0,0.0,0
0.2205,32,0,0.5246,4481.0,5,0,0,0,,0
0.3617,74,0,0.6557,3947.0,7,0,1,0,1.0,0
0.3048,56,0,1.0253,4668.0,9,0,2,0,1.0,0
3.3558,49,0,0.3115,,5,0,0,0,0.0,0
0.7704,63,2,0.6332,,8,0,3,0,1.0,0
0.7696,59,0,0.3277,3916.0,7,0,0,0,0.0,0
0.3121,56,0,0.276,7278.0,7,0,3,0,1.0,0
0.2638,62,0,0.2212,4942.0,8,0,1,0,0.0,0
0.3458,54,0,0.6925,4501.0,3,0,1,0,0.0,0
0.4603,61,0,0.9589,4748.0,7,0,0,0,1.0,0
0.283,63,0,0.1403,5446.0,2,0,2,0,1.0,0
0.7813,54,0,0.7577,3741.0,4,0,0,0,1.0,0
0.6172,49,0,1.0561,,9,0,1,0,0.0,0
0.1875,73,0,0.1744,8311.0,12,0,1,0,1.0,0
0.0462,45,0,0.6146,16325.0,12,0,0,0,1.0,0
0.1365,57,0,0.1894,5198.0,11,0,0,0,1.0,0
0.4919,58,0,0.7739,,12,0,1,0,0.0,1
0.9535,43,0,0.0749,,8,0,1,0,0.0,0
0.5942,41,0,0.9573,6438.0,9,0,0,0,0.0,0
0.2773,47,0,0.6518,3609.0,10,0,2,0,1.0,0
2.0924,45,1,0.1987,,10,0,0,0,1.0,0
0.1353,32,0,0.6627,4322.0,7,0,1,0,1.0,0
1.1935,43,0,0.3148,4959.0,8,0,4,0,0.0,0
0.7842,56,0,0.0694,2941.0,13,0,1,0,0.0,0
0.3604,70,0,0.5515,4866.0,7,0,2,0,3.0,0
0.5705,60,0,0.2989,1036.0,9,0,1,0,1.0,0
0.1127,21,0,0.9267,3659.0,8,0,0,0,0.0,0
0.3888,61,0,0.2099,,7,0,2,0,0.0,0
0.3632,44,0,0.1125,7042.0,4,0,1,0,1.0,0
0.9918,58,0,0.2259,3663.0,13,0,1,0,0.0,0
0.9557,52,0,1.2776,4947.0,8,0,2,0,0.0,1
0.3801,49,0,0.1923,6586.0,11,0,0,0,0.0,0
5.629,51,0,0.4689,,7,0,0,0,1.0,0
0.0553,52,0,0.1954,4418.0,2,0,0,0,0.0,0
0.2365,71,0,0.6589,,8,0,0,0,1.0,0
0.1566,52,0,0.1189,,9,0,1,0,1.0,0
0.5222,67,0,0.4513,8305.0,5,0,1,0,0.0,0
0.1807,65,0,0.7361,,9,0,1,0,2.0,0
0.3518,61,0,0.0534,4791.0,6,0,0,0,1.0,0
0.1082,27,0,0.7765,,7,0,1,0,3.0,0
3.4794,68,2,0.4751,3991.0,5,0,1,0,1.0,0
0.134,46,0,0.3595,2001.0,9,0,2,0,3.0,0
0.5443,62,0,0.8957,3848.0,6,0,0,0,0.0,1
0.5353,38,0,0.2672,,9,0,1,0,2.0,0
0.8502,35,0,0.5167,5545.0,6,0,0,0,2.0,0
2.3961,80,0,0.3794,8462.0,5,0,0,0,0.0,0
0.9977,39,0,0.4237,12760.0,5,0,3,0,2.0,0
0.1489,68,0,0.8019,2857.0,12,0,2,0,2.0,0
0.4117,54,0,0.8892,15227.0,14,0,0,0,0.0,0
0.6946,46,1,0.4372,7624.0,8,0,2,1,0.0,0
0.6974,51,0,0.8199,10222.0,7,0,1,0,0.0,0
0.1339,34,0,0.3512,7739.0,6,0,0,0,1.0,0
0.0763,52,0,0.1529,4716.0,8,0,1,0,0.0,0
0.6594,37,0,0.4347,9659.0,4,0,0,0,0.0,0
0.1914,46,0,0.781,9385.0,6,0,1,0,0.0,0
0.0072,65,0,0.8124,,6,0,3,0,2.0,0
0.5531,56,0,0.4391,585.0,13,0,1,0,0.0,0
4.3075,31,0,0.6407,1616.0,13,0,0,0,,0
0.3522,64,0,0.7308,,5,0,2,0,2.0,0
0.1353,52,0,0.3269,,13,0,0,0,1.0,0
0.2828,44,0,0.5768,5991.0,4,0,0,0,2.0,0
0.5421,62,0,0.1639,4157.0,11,0,1,0,0.0,0
0.4942,50,0,0.247,4251.0,9,0,0,0,1.0,0
0.4,36,0,0.4232,5647.0,3,0,1,0,0.0,0
0.9097,78,0,0.5663,3746.0,9,0,1,0,0.0,0
0.1322,52,0,0.1173,10031.0,7,0,2,0,2.0,0
0.0866,51,0,0.7598,4042.0,12,0,4,0,0.0,0
0.5822,46,0,0.1148,3188.0,5,0,0,0,0.0,0
1.3523,69,0,0.2272,12401.0,11,0,1,0,1.0,0
0.1927,45,0,0.1655,8273.0,7,0,1,0,1.0,0
0.0296,30,0,0.0911,6086.0,8,0,1,0,0.0,0
3.3511,42,0,0.9617,5830.0,9,0,0,0,1.0,0
0.0628,71,0,0.8679,5236.0,9,0,1,0,0.0,0
0.8444,64,0,0.5372,6885.0,7,0,1,0,1.0,0
0.3298,48,0,0.0989,3772.0,10,0,0,0,1.0,0
0.4154,71,0,0.1381,3753.0,6,0,1,0,0.0,0
0.2354,62,0,0.6322,7660.0,8,0,0,0,1.0,0
0.0069,48,0,0.3171,4412.0,6,0,1,0,0.0,0
0.0109,50,0,0.4829,,6,0,0,0,0.0,0
0.4409,57,1,0.3871,4144.0,8,0,0,0,1.0,0
0.024,40,0,0.7354,3288.0,7,0,0,0,0.0,0
0.4631,52,0,0.1883,3228.0,9,0,2,0,0.0,0
0.2956,56,0,0.3764,3716.0,6,0,0,0,0.0,0
0.0721,28,0,0.3904,3104.0,3,0,4,0,0.0,0
0.6366,49,0,0.9582,11517.0,10,0,4,0,0.0,0
0.2735,48,0,0.9663,2010.0,11,0,0,0,4.0,0
0.0868,66,0,1.0251,21082.0,7,0,2,1,2.0,0
1.9097,26,0,0.8025,,5,0,0,0,0.0,1
1.4114,47,0,0.3727,3703.0,6,0,0,0,0.0,0
0.2696,45,0,0.5453,5083.0,12,0,1,0,2.0,0
0.0311,65,0,0.2696,1856.0,10,0,1,0,0.0,0
0.8357,51,0,0.1166,8516.0,9,0,3,0,1.0,0
0.2344,77,0,0.3803,10001.0,8,0,2,0,0.0,0
0.1968,61,0,0.7814,8339.0,9,0,3,0,0.0,0
0.4303,46,0,0.0517,15337.0,10,0,0,0,0.0,0
1.4479,55,0,0.3263,,6,0,1,0,2.0,0
0.0047,47,0,0.6582,6147.0,11,0,1,0,0.0,0
0.0776,64,0,0.0999,,14,0,1,0,1.0,0
0.6235,33,0,0.7177,3328.0,9,0,0,0,1.0,1
0.6675,40,0,0.3759,3669.0,10,0,0,0,1.0,0
0.1368,58,0,0.1573,,10,0,2,0,1.0,0
0.3986,69,0,0.5684,7050.0,8,0,0,0,0.0,0
1.286,21,0,0.0662,2476.0,7,0,1,0,1.0,0
0.8328,71,0,0.5922,,5,0,2,0,0.0,1
0.0934,50,0,0.4507,,1,0,0,0,0.0,0
0.659,26,0,0.6199,2082.0,10,0,1,0,0.0,0
0.0925,21,0,0.4017,,6,0,1,0,1.0,0
0.172,31,0,0.7385,5984.0,9,0,2,2,1.0,0
1.3097,52,0,0.3946,2953.0,11,0,0,0,0.0,0
0.5973,51,0,0.3344,6364.0,6,0,2,0,0.0,0
0.1618,61,0,0.3873,4085.0,9,0,0,0,1.0,0
0.2971,44,0,0.139,,11,0,0,0,0.0,0
0.6684,36,0,0.9737,,9,0,0,0,0.0,0
0.694,46,0,0.639,1915.0,9,0,2,0,1.0,1
0.1205,52,4,0.5764,3236.0,11,0,0,2,0.0,0
0.1994,55,0,0.251,5101.0,5,0,0,0,1.0,0
0.4514,41,0,0.1471,5166.0,8,0,2,0,1.0,0
0.2031,65,0,0.203,6126.0,7,0,0,0,1.0,0
0.1203,43,0,0.206,9512.0,1,0,0,0,3.0,0
0.3351,40,0,0.6115,6240.0,13,0,2,0,,0
1.1328,44,0,0.5682,6111.0,9,0,3,0,0.0,0
0.3166,67,0,1.2274,4182.0,6,0,0,0,0.0,0
0.3091,50,0,0.3737,,16,0,1,0,1.0,0
0.1538,42,0,0.2122,9663.0,7,0,1,0,3.0,0
0.6292,65,0,0.3508,,12,0,1,0,1.0,0
0.4515,82,0,0.4005,4642.0,7,0,1,0,1.0,0
0.4253,55,0,0.4872,7996.0,8,0,0,0,0.0,0
0.4734,69,0,0.3896,,7,0,2,0,1.0,0
0.8737,67,0,0.4038,6664.0,9,0,2,0,0.0,0
0.5134,44,0,0.4641,3163.0,5,0,0,0,1.0,0
0.1988,52,0,0.7912,4258.0,8,0,0,0,0.0,0
0.2222,34,0,0.4308,4491.0,7,0,1,0,0.0,0
0.4405,49,0,0.2516,9401.0,7,0,0,0,2.0,0
0.4224,43,0,0.523,5187.0,5,0,0,0,0.0,0
1.7743,46,0,0.376,,9,0,2,0,1.0,0
0.1909,42,0,1.1421,7691.0,7,0,1,0,0.0,0
0.0755,48,0,0.0907,3018.0,5,0,2,0,0.0,0
0.7711,59,0,0.4208,,3,0,0,0,1.0,0
0.0913,50,0,0.1143,,5,0,0,0,0.0,0
0.9943,26,0,0.6319,3430.0,5,0,0,0,1.0,0
2.0488,42,0,0.4496,2895.0,6,0,2,0,,0
0.4061,31,0,0.2498,,10,0,1,0,0.0,0
0.7018,55,0,0.1837,5001.0,6,0,2,0,0.0,0
1.4812,59,0,0.4094,3594.0,4,0,0,1,0.0,0
0.2687,56,0,0.4947,,4,0,0,0,1.0,0
0.3963,41,0,0.59,,16,0,3,0,3.0,0
6.6676,55,0,0.5299,,5,0,0,0,0.0,0
0.1053,45,0,0.6558,,8,0,1,0,1.0,0
3.1059,36,0,0.6539,4230.0,7,0,0,0,1.0,0
0.6987,62,0,0.4438,,10,2,2,0,0.0,0
0.0834,63,0,0.3385,6101.0,8,0,2,0,1.0,0
0.3625,65,0,0.401,,5,0,1,0,3.0,0
0.6522,43,0,0.3824,14198.0,16,0,2,0,0.0,0
0.5293,69,0,0.0617,6559.0,9,0,0,0,1.0,0
0.0162,45,0,0.212,,10,0,0,0,0.0,0
0.1521,61,0,0.1593,4535.0,9,0,3,0,0.0,0
0.5978,45,0,0.0838,3306.0,7,0,1,0,0.0,0
0.1739,49,0,0.2484,4660.0,6,0,1,0,2.0,0
0.2129,21,0,0.8093,19148.0,9,0,1,0,0.0,0
2.1592,48,0,0.6562,2354.0,7,0,1,0,0.0,0
0.5726,53,0,0.8041,3673.0,9,0,0,0,2.0,0
0.0427,46,0,0.1934,,9,0,2,0,1.0,0
0.0978,77,0,0.014,6298.0,10,0,3,0,2.0,1
1.6676,36,0,0.7616,5954.0,11,0,3,0,0.0,0
0.4245,44,0,0.5458,11440.0,5,0,0,0,0.0,0
0.7385,39,0,0.3855,,11,0,3,0,1.0,0
7.614,44,0,0.1779,,6,0,1,0,1.0,0
0.4671,66,0,0.4797,2838.0,9,0,0,0,0.0,0
0.5252,73,0,0.3735,7440.0,8,0,0,0,0.0,0
0.7282,42,0,0.6583,5757.0,8,0,1,0,2.0,0
0.7459,42,0,0.5738,,6,0,1,0,1.0,0
0.1583,36,0,0.7083,11868.0,5,0,2,0,0.0,0
0.4104,70,0,0.037,3040.0,7,0,0,0,0.0,0
0.2219,68,0,0.6682,6638.0,4,0,0,0,1.0,0
0.5304,51,0,0.364,,12,0,1,0,1.0,0
0.2198,32,0,0.2351,8136.0,14,0,0,0,1.0,0
0.3808,34,0,0.2515,,14,0,2,0,2.0,0
3.9257,54,0,0.2821,13711.0,10,0,0,0,1.0,0
0.2964,60,0,0.5437,9933.0,12,0,1,0,0.0,0
0.3954,23,0,0.1674,3373.0,6,0,3,0,0.0,0
0.1875,48,0,0.382,7258.0,4,0,3,0,0.0,0
0.6794,75,0,0.5518,9339.0,2,4,2,0,0.0,0
0.4797,49,0,0.2277,3328.0,8,0,0,0,1.0,0
2.0275,73,0,0.0634,8334.0,11,0,3,0,1.0,0
0.2491,61,0,0.7201,,7,0,3,0,1.0,0
0.3396,37,0,0.5042,8451.0,11,0,2,0,1.0,0
1.0999,48,0,0.4387,3799.0,6,0,0,0,1.0,0
0.2075,50,0,0.5719,9845.0,11,0,0,0,1.0,0
0.5136,39,0,0.2508,6261.0,8,0,1,0,4.0,0
2.2479,38,0,1.0254,,4,0,2,0,0.0,0
0.29,73,0,0.4446,4300.0,7,0,1,0,1.0,0
0.3687,38,0,0.3199,,3,0,0,0,0.0,0
0.4705,67,0,0.3567,2121.0,5,0,3,0,1.0,0
0.5308,46,0,0.477,3317.0,3,0,2,0,1.0,0
0.123,52,0,0.3279,3735.0,8,0,0,0,1.0,0
0.5515,60,0,0.324,6698.0,9,0,0,0,1.0,0
0.5177,44,0,0.5804,5129.0,7,0,0,0,0.0,0
0.2669,60,0,0.2846,4640.0,10,0,1,0,0.0,0
0.7214,23,0,0.328,2092.0,4,0,1,0,0.0,0
0.9625,58,0,0.6605,9999.0,6,0,0,0,0.0,0
0.3328,21,0,0.5251,,12,0,1,0,0.0,0
0.1124,49,0,0.2897,,9,0,0,0,0.0,0
0.3403,64,0,0.5661,5670.0,5,0,1,0,0.0,0
3.011,61,0,0.1422,7456.0,12,0,2,0,,0
0.4086,34,0,0.5911,3853.0,11,0,0,0,1.0,0
1.9563,36,0,0.3922,14624.0,8,0,0,0,1.0,0
0.2189,42,0,0.0332,1676.0,9,0,0,0,1.0,0
1.0118,55,0,0.0443,,7,0,0,0,1.0,0
0.4141,24,0,0.0058,9138.0,13,0,0,0,0.0,0
0.2631,52,0,0.6567,5096.0,12,0,0,0,1.0,0
2.0859,56,0,0.8391,6252.0,5,0,1,0,0.0,0
1.3232,48,0,0.393,2069.0,11,0,1,0,1.0,1
0.4282,59,0,0.3356,5050.0,7,0,1,0,,0
0.9179,55,0,0.1261,4406.0,8,0,0,0,0.0,0
1.3739,44,0,0.0639,10179.0,13,0,2,0,1.0,0
0.7439,25,0,0.2495,3631.0,10,0,0,0,0.0,0
0.1922,54,0,1.1148,1621.0,9,0,1,0,3.0,0
0.8912,39,0,0.2853,,7,0,1,0,1.0,0
3.3481,44,1,0.2226,2936.0,6,0,0,0,1.0,0
0.7845,59,0,0.0854,3709.0,4,0,1,0,1.0,0
0.0378,72,0,0.37,2644.0,11,0,2,0,0.0,0
0.3564,51,0,0.3557,,15,0,2,0,2.0,0
3.5175,60,0,0.4961,3281.0,7,0,1,0,0.0,0
0.2323,32,0,0.4832,,9,0,2,0,0.0,0
0.5077,55,0,0.5086,7103.0,6,0,0,0,1.0,0
3.5034,51,0,0.6178,12079.0,9,0,2,0,0.0,0
0.2563,69,0,1.3563,5371.0,9,0,1,0,1.0,0
0.3998,44,0,0.6881,3190.0,10,0,1,0,0.0,0
0.7742,49,0,0.4369,,8,0,0,0,0.0,0
1.5701,67,0,0.2804,,7,0,1,0,0.0,0
2.4527,51,0,0.6161,9004.0,10,0,2,0,2.0,0
0.7045,36,0,1.0291,,6,0,0,0,1.0,1
0.1024,88,0,0.4892,7194.0,13,0,2,0,0.0,0
1.3946,37,0,0.931,13825.0,6,0,1,0,0.0,0
0.2678,51,0,0.1085,20566.0,7,0,1,0,1.0,0
0.231,57,0,1.0205,2238.0,9,0,0,0,1.0,0
1.1072,56,0,0.1447,7598.0,10,0,3,0,2.0,0
0.612,49,0,0.3566,3158.0,8,0,1,0,1.0,0
0.4634,49,0,0.2187,7811.0,8,0,1,0,3.0,0
0.0748,49,0,0.0766,2903.0,4,0,0,0,2.0,0
0.0134,36,0,0.438,11441.0,5,0,1,0,0.0,0
0.1502,82,0,0.4144,8279.0,9,0,1,0,2.0,0
0.0151,49,0,0.1213,,13,0,0,0,1.0,0
0.2039,60,0,0.2769,5108.0,13,0,1,0,0.0,0
0.0802,47,0,0.786,,5,0,2,0,1.0,0
3.7353,47,0,0.2681,3659.0,9,0,1,0,1.0,0
0.0387,46,0,0.9554,1220.0,6,0,0,0,,0
0.6157,30,0,0.4465,4031.0,10,0,1,0,0.0,0
0.7419,50,3,0.2675,,12,0,0,0,0.0,0
0.4756,46,0,0.6918,7317.0,2,0,0,0,1.0,0
0.4228,68,0,0.7887,,8,0,2,0,2.0,1
0.1147,35,0,0.7956,1133.0,8,0,0,0,2.0,0
0.0782,44,0,0.9731,5688.0,9,0,2,0,0.0,0
0.6389,39,0,0.1035,4815.0,4,0,1,0,1.0,0
0.0072,72,0,0.3018,,8,0,1,0,1.0,0
0.6643,40,0,0.3901,5105.0,4,0,0,0,0.0,0
0.2987,60,0,0.3606,2959.0,6,0,0,0,1.0,0
1.6809,66,0,0.272,5482.0,7,0,2,0,0.0,0
0.247,50,0,1.1723,18260.0,7,0,1,0,0.0,0
1.3117,33,0,0.2491,4184.0,9,0,0,0,1.0,0
0.0476,33,0,0.8884,3469.0,11,0,0,0,1.0,0
0.8635,64,0,0.5317,2688.0,6,0,1,0,3.0,1
2.8242,34,0,0.2297,9756.0,8,0,1,0,0.0,0
0.1101,57,0,0.1939,2443.0,12,0,1,0,2.0,0
0.0974,54,0,0.6753,7331.0,4,0,3,0,0.0,0
0.0255,57,1,0.5431,6027.0,10,0,0,0,1.0,0
0.4467,59,0,0.4217,2695.0,9,0,1,0,1.0,0
1.979,39,0,0.1138,3038.0,6,0,2,0,1.0,0
0.8737,38,0,0.1828,5973.0,7,0,1,0,0.0,0
1.2531,62,0,0.4859,10856.0,11,0,1,0,2.0,0
0.4044,43,0,1.0605,8313.0,7,0,0,0,1.0,0
0.4399,21,0,0.4276,3534.0,11,0,0,0,0.0,0
3.0479,61,0,0.6257,13994.0,6,0,2,0,3.0,0
0.1463,37,0,0.2187,2247.0,9,0,1,0,1.0,0
0.5121,59,0,1.0768,2503.0,7,0,1,0,0.0,1
0.3574,71,0,0.5401,7865.0,8,0,0,0,0.0,0
1.7818,52,0,0.7007,8396.0,11,0,2,0,1.0,0
0.1893,66,0,0.4097,4689.0,9,0,2,0,2.0,0
1.3818,54,0,0.1299,5604.0,6,0,0,0,3.0,0
5.3656,74,0,0.5321,4671.0,7,0,0,0,0.0,0
1.0812,37,0,0.7056,3557.0,9,0,1,0,1.0,0
0.3331,52,0,0.8999,3868.0,8,0,2,0,0.0,0
0.0968,61,0,0.5202,6341.0,6,0,0,0,1.0,0
0.144,49,0,0.7141,3040.0,6,0,2,0,1.0,0
0.3233,68,0,0.1212,3793.0,1,0,0,0,1.0,0
0.2917,46,0,0.5012,19584.0,12,0,3,0,0.0,0
1.0004,81,0,0.6397,,11,0,0,0,1.0,0
0.2111,82,0,1.0827,9854.0,6,0,0,0,0.0,0
0.6065,56,0,0.4949,3396.0,5,0,0,0,1.0,0
2.495,60,0,0.3478,,7,0,1,0,0.0,0
1.0173,69,1,0.7728,,3,0,1,0,1.0,0
0.4746,35,0,0.308,6861.0,10,0,2,0,1.0,0
0.8464,34,0,0.4952,6692.0,16,0,0,0,2.0,0
0.1621,70,0,0.4905,4273.0,11,0,2,0,0.0,0
0.2654,56,0,0.5232,,11,0,0,0,1.0,0
0.0945,49,0,0.4578,3134.0,13,0,0,0,2.0,0
0.0209,52,0,0.2662,3737.0,6,0,0,0,1.0,0
0.9037,21,0,0.4875,2417.0,13,0,1,0,2.0,1
0.3236,49,0,0.0029,3569.0,12,0,1,0,1.0,0
0.6311,41,0,0.6402,,4,0,3,0,0.0,0
0.4686,65,0,0.3915,,12,0,2,0,1.0,0
3.0286,66,0,0.4341,,10,0,1,0,0.0,0
0.1883,60,0,1.3154,4104.0,5,0,1,0,0.0,0
4.0754,58,0,0.3294,3331.0,7,0,0,0,1.0,0
0.3625,31,0,0.1485,8291.0,6,0,0,0,1.0,0
0.5039,60,0,0.3751,,9,0,1,0,0.0,0
0.407,61,5,0.3669,7704.0,7,0,0,2,0.0,0
0.1046,69,0,0.4712,3402.0,5,0,1,0,3.0,0
0.15,82,0,1.0471,,12,0,0,0,0.0,0
1.8944,28,0,0.2807,,10,0,0,0,0.0,1
0.154,47,0,0.9,14862.0,11,0,0,0,1.0,0
0.9704,42,0,1.1747,6464.0,7,0,1,0,1.0,0
0.3128,54,0,0.2882,2807.0,10,0,0,0,2.0,0
0.0609,52,0,0.3612,,13,0,0,0,2.0,0
3.2098,49,0,0.5354,2868.0,10,0,1,0,0.0,0
0.1574,66,0,0.3639,5336.0,8,0,1,0,0.0,0
0.4825,37,0,0.7367,6499.0,10,0,2,0,1.0,0
2.7959,37,0,0.5392,4208.0,5,0,1,0,0.0,0
6.4316,38,0,0.3298,2239.0,12,0,0,0,2.0,0
0.1578,47,0,0.4051,9051.0,7,0,1,0,2.0,0
0.6021,35,0,0.4825,4694.0,7,0,1,0,0.0,0
0.0956,51,0,0.6959,10879.0,14,0,2,0,0.0,0
0.2801,50,0,0.4476,,4,0,0,0,0.0,0
0.0944,41,0,0.5163,5800.0,11,0,1,0,2.0,0
0.4616,64,0,0.7351,8367.0,6,0,0,0,0.0,0
0.5068,51,0,0.4917,,5,0,1,0,1.0,0
0.2351,67,0,0.2692,8739.0,18,0,0,0,0.0,0
0.0588,49,0,0.2126,3668.0,12,0,1,0,0.0,0
0.0694,52,0,0.5248,2646.0,11,0,1,0,2.0,0
6.289,44,0,0.252,17343.0,11,0,0,0,0.0,0
0.4665,52,0,0.7028,2615.0,5,0,0,0,0.0,0
0.1606,62,0,0.3499,5821.0,6,0,2,0,1.0,0
0.6887,46,0,0.4185,3746.0,5,0,0,0,0.0,0
0.2281,59,0,0.0802,2219.0,2,0,2,0,1.0,0
0.1127,41,0,0.5032,1699.0,9,0,2,0,,0
0.8911,63,0,0.0331,2265.0,5,0,1,0,1.0,0
0.042,44,0,0.2194,4233.0,7,0,1,0,0.0,0
0.0348,64,0,0.1872,8673.0,7,0,3,0,1.0,0
0.1447,53,0,0.408,4929.0,10,0,1,0,1.0,0
0.6932,73,0,0.3367,2318.0,11,0,2,0,1.0,0
0.6041,36,0,0.8404,2459.0,9,0,2,0,0.0,0
0.4743,31,0,0.0528,5906.0,7,0,1,0,1.0,0
0.4296,43,0,0.6189,4781.0,1,0,2,0,1.0,0
1.8055,33,0,0.9684,,10,0,3,0,1.0,0
0.3881,33,0,0.0666,5908.0,9,0,1,0,0.0,0
0.4368,61,0,0.2231,9766.0,7,0,0,0,0.0,0
0.1525,52,0,0.5281,20777.0,7,0,1,0,,0
3.5464,45,0,1.0536,6898.0,8,0,0,0,2.0,0
0.5456,47,1,0.1635,17652.0,4,4,1,1,1.0,0
0.0784,44,0,0.5723,,7,0,1,0,0.0,0
0.2834,75,0,0.5902,2754.0,7,0,0,0,1.0,0
0.0465,42,0,1.1597,6788.0,10,0,1,0,0.0,0
0.0004,33,0,0.6237,6653.0,8,0,1,0,1.0,0
1.0179,63,0,0.1579,24373.0,15,0,2,0,0.0,0
0.3775,49,0,0.1341,2160.0,9,0,1,0,1.0,0
0.7061,81,3,0.3404,,11,0,0,1,1.0,0
0.1502,45,0,0.2981,3900.0,6,0,1,0,0.0,0
0.4598,64,0,0.4143,8216.0,11,0,0,0,0.0,0
0.7928,67,0,0.235,10954.0,7,0,1,0,1.0,0
0.3832,45,0,1.085,3476.0,7,0,2,0,2.0,0
0.5585,42,0,0.7936,2829.0,12,0,2,0,0.0,1
0.009,62,0,0.6037,5429.0,8,0,2,0,1.0,0
0.4243,60,0,0.4224,5718.0,11,0,0,0,1.0,0
1.5878,32,0,0.1802,,9,0,0,0,1.0,0
0.6933,36,0,0.8059,,8,0,1,0,2.0,0
0.3343,21,0,0.7154,,6,0,0,0,0.0,0
0.1226,60,0,0.461,11305.0,9,0,1,0,0.0,0
0.3854,48,0,0.5103,7771.0,10,0,0,0,3.0,0
0.7266,50,0,0.281,6933.0,12,0,1,0,0.0,0
0.9635,28,0,0.911,5724.0,8,0,3,0,3.0,0
4.9132,37,0,0.1885,3048.0,8,0,2,0,0.0,0
2.8252,45,1,0.4884,2701.0,9,0,1,3,1.0,0
0.7036,43,0,0.1441,2599.0,6,0,2,0,2.0,0
0.4093,54,0,0.0784,2085.0,12,0,0,0,1.0,0
1.2352,60,0,0.8947,4347.0,12,0,1,0,0.0,0
0.3987,84,0,0.2986,8853.0,8,0,0,0,0.0,0
0.4436,52,0,0.6817,11113.0,6,0,0,0,1.0,0
0.2673,68,0,0.676,4538.0,9,0,1,0,1.0,0
0.3101,40,0,0.359,4232.0,12,0,0,0,0.0,0
0.3555,29,0,0.5742,,9,0,1,0,0.0,0
0.0949,47,0,0.4434,,18,0,0,0,1.0,0
1.9532,30,0,0.2419,7011.0,7,0,0,0,0.0,0
0.7545,52,0,0.3692,,8,0,1,0,0.0,0
0.1836,41,0,0.7094,,3,0,0,0,0.0,0
0.9754,25,0,1.0032,8826.0,3,0,0,0,0.0,0
0.6831,76,0,0.1641,9504.0,7,0,1,0,0.0,0
0.3267,44,0,0.6339,3804.0,10,0,1,0,1.0,0
0.2963,29,0,0.4763,,2,0,1,0,0.0,0
7.5059,65,0,0.9646,10478.0,9,0,1,0,0.0,0
5.8855,42,0,0.9439,4485.0,6,0,0,0,0.0,1
0.1944,67,0,0.1234,4579.0,9,0,1,0,1.0,0
1.0972,42,0,0.7986,8072.0,8,0,1,0,1.0,0
0.552,44,0,0.4069,5149.0,4,0,1,0,1.0,0
1.8518,57,0,0.5319,8466.0,3,0,0,0,2.0,0
0.1537,60,0,0.0812,5436.0,8,0,2,0,2.0,0
0.2733,63,0,0.3155,,7,0,1,0,0.0,0
0.0452,51,0,0.3332,3730.0,7,0,2,0,2.0,0
0.2584,59,0,0.98,7914.0,4,0,1,0,1.0,0
0.2306,62,0,1.0462,4144.0,2,0,1,0,0.0,0
0.3926,55,0,0.4157,6713.0,8,0,1,0,3.0,0
0.1885,50,0,1.2723,11262.0,9,0,1,0,0.0,0
0.3299,32,0,0.2933,7700.0,9,0,0,0,1.0,0
0.5084,60,0,0.2086,3698.0,12,0,1,0,2.0,0
0.2199,53,0,0.2071,4285.0,5,0,0,0,0.0,0
0.1832,46,0,0.5732,,11,0,1,0,1.0,0
0.358,70,0,0.6917,4212.0,7,0,1,0,2.0,0
0.5681,32,0,0.6523,,8,0,0,0,1.0,0
0.5187,75,0,0.0304,7996.0,8,0,3,0,0.0,0
0.3263,52,0,0.8192,7970.0,7,0,2,0,2.0,0
0.6605,56,0,0.4749,897.0,10,0,1,0,3.0,0
1.6107,46,0,0.1752,7680.0,8,0,1,0,2.0,0
0.0164,29,0,0.4364,4817.0,9,0,1,0,2.0,0
0.1018,50,0,0.7384,11492.0,6,0,0,0,2.0,0
0.208,57,0,1.128,,6,0,3,0,1.0,0
6.9199,61,0,0.2502,2633.0,2,0,0,0,0.0,0
0.3335,49,0,0.3956,,10,0,0,0,1.0,0
0.0986,21,0,0.1807,11033.0,9,0,3,0,0.0,0
0.6197,30,0,0.3083,6648.0,7,0,1,0,1.0,0
0.0861,81,0,0.3546,2954.0,8,0,2,0,2.0,0
1.0929,37,0,0.808,5735.0,5,0,0,0,5.0,0
0.4185,72,0,0.2084,12042.0,4,0,0,0,2.0,0
0.3939,39,0,1.1766,4456.0,9,0,1,0,0.0,0
0.2147,49,0,0.2668,2866.0,7,0,1,0,4.0,0
0.2257,61,0,0.0911,9409.0,8,0,0,0,1.0,0
0.1891,41,2,0.36,7313.0,13,0,0,2,1.0,0
0.5938,74,0,0.4539,5520.0,6,0,1,0,0.0,0
0.4716,53,0,0.7215,2731.0,10,0,2,0,1.0,0
0.7036,58,0,0.5374,,7,0,0,0,1.0,0
10.3524,48,0,0.0673,11927.0,9,0,0,0,1.0,0
0.4408,61,0,0.5415,4641.0,9,0,2,0,0.0,0
0.1347,74,0,0.6453,4404.0,11,0,1,0,1.0,0
0.3846,50,0,0.2606,17927.0,8,0,1,0,2.0,0
0.5003,76,0,0.4882,5779.0,6,0,2,0,1.0,0
0.4437,43,0,0.3842,6532.0,5,0,2,0,3.0,0
1.6507,63,0,0.1674,3963.0,10,0,1,0,1.0,0
0.254,59,0,0.2871,3783.0,8,0,1,0,1.0,0
0.3933,37,0,0.6874,,6,0,2,0,1.0,0
0.1377,55,0,0.2048,11102.0,8,0,0,0,2.0,0
3.9927,52,0,0.3552,6919.0,6,0,0,0,0.0,0
1.6548,40,0,0.7507,,12,0,1,0,0.0,0
0.5754,57,0,0.735,10732.0,3,0,0,0,2.0,0
0.2133,54,0,0.3892,,12,0,3,0,1.0,0
0.0077,51,0,0.2162,3274.0,12,0,1,0,2.0,0
0.2979,51,0,0.5023,,6,0,1,0,1.0,0
0.251,51,0,0.2681,,5,0,0,0,0.0,0
0.6037,47,0,0.1052,3215.0,5,0,0,0,0.0,0
0.6258,54,0,0.2628,4569.0,6,0,0,0,1.0,0
0.5406,43,0,0.5062,9396.0,10,0,2,0,0.0,0
0.1558,89,0,0.5229,7110.0,5,0,0,0,1.0,0
0.6125,32,0,0.1792,,11,0,2,0,0.0,1
0.4412,44,0,0.6521,3716.0,10,0,1,0,0.0,0
0.2392,45,4,0.3473,2839.0,6,0,1,0,0.0,0
0.0743,81,0,0.807,2341.0,9,0,2,0,1.0,0
0.1118,34,0,0.7248,3681.0,16,0,0,0,0.0,0
1.2456,58,0,0.7013,1635.0,4,0,0,0,0.0,0
0.5714,55,0,0.141,2773.0,9,0,1,0,,0
0.7445,57,0,0.6011,3011.0,4,0,0,0,0.0,1
0.2038,69,0,0.5458,2224.0,16,0,1,0,2.0,0
0.2683,69,0,0.6468,27989.0,6,0,0,0,1.0,0
0.1068,46,0,0.5479,2017.0,12,0,0,0,3.0,0
0.3688,55,0,0.7206,,10,0,0,0,3.0,0
0.078,26,0,0.4637,4970.0,5,0,0,0,0.0,0
0.3971,53,0,1.2964,6383.0,6,0,0,0,3.0,0
0.7221,41,0,0.1972,,9,0,0,0,1.0,0
0.4518,49,0,0.6496,4328.0,6,0,0,0,0.0,1
1.4045,28,0,0.4607,18149.0,6,0,1,0,0.0,0
0.9934,58,0,0.3219,3749.0,8,0,1,0,1.0,0
0.1667,28,0,0.4369,5151.0,10,0,1,0,0.0,0
0.4009,54,0,0.1126,9280.0,7,0,1,0,2.0,0
0.6134,35,0,0.5118,5174.0,12,0,1,0,1.0,0
0.0932,40,0,0.9599,,9,0,1,0,0.0,0
0.1638,68,0,0.249,9597.0,7,0,1,0,1.0,0
0.0581,60,0,0.3377,5432.0,6,0,0,0,0.0,0
0.5042,68,0,0.8647,7972.0,10,0,1,0,0.0,0
0.4958,74,1,0.8306,3643.0,6,0,1,2,0.0,0
0.8969,41,0,0.684,4021.0,9,0,1,0,0.0,0
2.9012,73,0,0.6388,4641.0,8,0,1,0,,0
0.2507,31,0,0.4535,29904.0,10,0,0,0,0.0,0
0.0912,62,0,0.5247,3517.0,2,0,2,0,3.0,0
0.3088,45,0,0.3964,9108.0,1,0,0,0,2.0,0
0.3618,39,0,0.4817,7088.0,7,0,1,0,1.0,0
1.7957,61,0,0.5175,4850.0,3,0,0,0,1.0,0
5.1924,65,0,0.206,,7,0,3,0,1.0,0
0.4228,65,0,0.8345,11346.0,12,0,1,0,0.0,0
3.1975,55,0,0.5695,7795.0,4,0,2,0,0.0,0
0.8413,54,0,0.8811,5211.0,13,0,1,0,0.0,0
0.1137,59,0,0.5627,1661.0,7,0,1,0,0.0,0
0.913,56,0,0.2094,,8,0,0,0,1.0,0
0.1826,60,0,0.5982,4772.0,5,0,1,0,0.0,0
0.8059,55,0,0.7917,6288.0,7,0,0,0,1.0,0
0.3208,64,0,0.1812,6703.0,10,0,2,0,1.0,0
0.7671,29,0,0.7579,6587.0,5,0,0,0,0.0,0
0.6114,50,0,0.6008,3967.0,9,0,2,0,0.0,0
0.0965,33,0,0.6821,3109.0,2,0,1,0,1.0,0
0.3865,56,0,0.4032,,9,0,0,0,0.0,0
0.3019,75,0,0.385,7014.0,5,0,3,0,1.0,0
0.1712,45,0,0.2151,10733.0,7,0,2,0,0.0,0
0.663,54,0,0.5908,5272.0,3,0,1,0,2.0,0
0.1279,63,0,0.1861,7687.0,10,0,1,0,,0
1.4843,23,2,0.2188,,8,0,1,0,0.0,0
0.9597,45,0,0.7409,6992.0,5,0,0,0,0.0,0
0.4569,57,0,0.3888,,7,0,1,0,0.0,0
0.6769,21,0,0.5681,8663.0,9,0,1,0,0.0,0
3.2851,38,1,0.0877,6211.0,7,0,1,2,1.0,0
0.2769,67,0,0.7827,3739.0,7,0,0,0,1.0,0
3.0189,66,0,0.2613,1249.0,3,0,3,0,2.0,0
0.2807,57,1,0.2815,5513.0,9,0,2,0,1.0,0
0.5542,64,0,0.867,4636.0,8,0,3,0,1.0,0
0.4435,55,0,0.6488,,13,0,1,0,1.0,0
0.6359,60,0,1.2976,5133.0,10,0,2,0,0.0,1
5.7912,48,0,0.8606,7218.0,9,0,0,0,1.0,0
0.9939,54,0,0.7313,4568.0,7,1,0,0,0.0,0
0.0119,43,0,0.6956,9555.0,7,0,1,0,0.0,0
0.4425,70,0,1.0126,,5,0,0,0,1.0,0
0.336,73,0,0.5053,7450.0,6,0,0,0,1.0,0
0.3711,71,0,0.017,10815.0,9,0,1,0,0.0,0
0.2037,46,0,0.2668,,6,0,1,0,2.0,0
0.6569,39,1,0.4956,14401.0,15,0,1,0,0.0,0
0.2427,70,0,0.4866,10374.0,14,0,2,0,0.0,0
0.2539,60,0,0.2975,2874.0,7,0,2,0,1.0,0
0.3775,57,0,0.4103,,7,0,1,0,1.0,0
0.1588,43,0,0.5077,5829.0,10,0,2,0,0.0,0
0.153,58,0,0.3839,3218.0,14,0,2,0,0.0,0
0.2466,37,0,0.2234,,9,0,0,0,0.0,0
0.0544,61,0,0.418,6678.0,9,0,0,0,0.0,0
2.5082,71,0,0.3616,4554.0,9,0,0,0,0.0,0
1.8523,75,0,0.1835,,10,0,1,0,0.0,0
0.1112,62,0,0.4086,,9,0,0,0,0.0,0
1.3644,33,0,0.6227,5812.0,9,0,0,0,0.0,0
0.4284,55,0,0.0744,,6,0,1,0,0.0,0
0.2042,82,0,0.0319,3995.0,7,0,0,0,1.0,0
0.5404,40,2,0.6547,7121.0,7,0,1,1,0.0,0
0.2999,51,0,0.1085,,6,0,1,0,2.0,0
0.1915,72,0,0.2544,4553.0,9,0,1,0,0.0,0
1.5505,61,0,0.0519,,4,0,0,0,2.0,0
0.2613,87,0,0.1619,6268.0,11,0,0,0,0.0,0
3.7859,42,1,0.9775,3182.0,9,0,1,1,0.0,0
0.573,38,0,0.8559,4811.0,8,0,0,0,2.0,0
1.0638,69,0,0.2973,5039.0,9,0,0,0,1.0,0
0.0249,35,0,0.3097,8817.0,6,0,2,0,1.0,1
0.5073,49,0,0.2956,9615.0,9,0,1,0,0.0,0
0.1623,51,0,0.2223,,7,0,1,0,0.0,0
0.5087,67,0,0.3646,20467.0,9,0,1,0,2.0,1
0.3859,61,0,0.4666,,5,0,0,0,0.0,0
0.1913,58,0,0.6558,9853.0,4,0,1,0,0.0,0
0.3192,46,0,0.0637,14933.0,14,0,1,0,0.0,0
0.3682,69,0,0.4825,3192.0,6,0,0,0,0.0,0
0.2679,95,0,0.7809,4961.0,13,0,1,0,1.0,0
0.255,62,0,0.1777,,9,0,1,0,0.0,0
0.2901,53,0,0.3205,6238.0,7,0,1,0,0.0,0
1.8579,34,1,0.6366,4634.0,9,0,1,0,0.0,0
0.2837,43,0,1.1102,25568.0,10,0,2,0,0.0,0
0.5119,49,0,0.0203,,6,0,1,0,2.0,0
0.0762,45,0,0.793,3264.0,6,0,0,0,1.0,0
0.3557,52,0,0.3197,4727.0,7,0,0,0,0.0,0
0.3368,77,0,0.3065,,5,0,0,0,0.0,0
0.0973,69,0,0.3963,3210.0,8,0,1,0,2.0,0
0.3373,50,0,0.0051,8077.0,9,0,2,0,2.0,0
0.6917,35,0,0.9682,,11,0,1,0,2.0,1
0.222,71,0,1.2231,4123.0,9,0,0,0,0.0,0
7.1892,51,0,0.658,8410.0,6,0,2,0,2.0,0
0.4002,28,0,0.3684,11470.0,15,0,3,0,1.0,0
0.4132,62,0,0.1471,10293.0,12,0,3,0,1.0,0
0.0854,66,0,0.7728,23184.0,6,0,0,0,0.0,0
2.9201,21,0,0.7505,7919.0,8,0,1,0,0.0,0
0.0595,40,0,0.3217,7657.0,5,0,1,0,0.0,0
0.9247,50,1,0.8591,5978.0,9,0,0,2,1.0,0
0.5525,62,0,0.7349,5728.0,8,0,0,0,0.0,0
0.3097,45,0,0.4871,4317.0,8,0,2,0,0.0,0
0.2057,40,0,0.5577,6989.0,10,0,1,0,0.0,0
0.1404,62,0,0.4445,4738.0,8,0,0,0,0.0,0
0.3846,45,0,0.3151,,12,0,1,0,0.0,0
0.9269,60,1,0.829,6841.0,7,0,1,0,0.0,0
0.9728,36,0,0.4992,2980.0,13,0,1,0,0.0,0
0.4766,33,0,0.1422,6377.0,5,0,0,0,1.0,1
0.2879,63,0,0.4882,3161.0,10,0,1,0,0.0,0
0.0712,56,0,0.2253,10266.0,6,0,0,0,1.0,0
0.166,65,0,0.1952,9414.0,12,0,2,0,1.0,0
0.2177,45,0,0.1822,8444.0,10,0,1,0,0.0,0
0.5034,41,0,0.3631,3446.0,10,0,0,0,1.0,0
0.2966,71,0,0.0283,3225.0,3,0,1,0,1.0,0
0.8132,31,0,0.1916,11656.0,9,0,2,0,0.0,0
0.686,70,0,0.6584,8632.0,11,0,2,0,0.0,0
0.2832,70,0,0.0949,5099.0,12,0,3,0,0.0,0
0.9112,64,0,0.8446,7444.0,7,0,3,0,0.0,0
2.9866,42,0,0.5864,,7,0,0,0,1.0,0
0.1883,41,0,0.9502,,8,0,1,0,0.0,0
0.1993,49,0,0.6269,4885.0,5,0,0,0,0.0,0
0.051,34,0,0.748,4205.0,11,0,2,0,1.0,0
0.9504,39,0,1.0447,2564.0,10,0,3,1,2.0,0
0.035,61,0,0.4321,10482.0,6,0,3,0,2.0,0
0.0371,61,0,0.5371,,11,0,1,2,1.0,0
0.2646,37,0,0.2577,6068.0,10,0,1,0,0.0,0
0.8475,61,0,0.3908,4699.0,9,0,1,0,0.0,0
4.2748,58,0,0.2886,5536.0,7,0,1,0,1.0,0
0.3717,73,0,0.3585,,10,0,1,0,1.0,0
0.1391,60,0,0.2073,11871.0,5,0,0,0,0.0,0
1.0609,67,0,0.624,2133.0,8,0,1,0,2.0,0
0.044,59,0,0.1413,9998.0,6,0,1,0,2.0,0
0.3937,66,0,0.4383,9470.0,6,0,1,0,2.0,0
0.1362,34,0,0.2843,9590.0,6,0,0,0,0.0,0
0.3768,50,0,0.353,7304.0,5,0,0,0,1.0,0
0.4251,51,0,0.2567,19627.0,15,0,1,0,0.0,0
0.1447,49,0,0.1057,6455.0,8,0,1,0,0.0,0
0.642,58,0,0.1391,5684.0,10,0,1,0,1.0,0
0.3434,61,0,0.8853,4679.0,8,0,1,0,1.0,0
1.5172,57,0,0.3201,6514.0,8,0,2,0,3.0,0
0.5296,50,0,0.1234,2999.0,7,0,1,0,0.0,0
0.1487,42,0,0.5284,3936.0,11,0,2,0,2.0,0
0.3254,67,0,0.6056,,13,0,0,0,2.0,0
0.0247,57,0,0.0607,14673.0,9,0,1,0,1.0,1
2.4468,38,0,0.0721,5306.0,9,0,0,0,0.0,0
0.7656,49,0,0.4716,9347.0,8,0,0,0,1.0,0
0.1366,28,0,0.673,5281.0,3,0,1,0,1.0,0
0.7478,52,0,0.4452,4650.0,6,0,2,0,0.0,0
0.2782,49,0,0.5181,,12,0,0,0,1.0,0
0.5447,44,0,0.6318,5522.0,7,0,0,0,2.0,0
0.2711,74,0,0.1057,4052.0,5,0,1,0,0.0,0
0.219,36,0,0.9934,7270.0,2,0,2,0,0.0,0
0.1239,62,0,0.4309,7664.0,8,0,3,0,2.0,0
5.1497,83,0,0.1876,,10,0,1,0,1.0,0
0.1282,67,0,0.9086,4780.0,4,0,0,0,2.0,0
0.3723,52,0,0.283,3116.0,7,0,1,0,2.0,0
3.7167,36,0,0.2397,5361.0,8,0,0,0,1.0,0
0.0643,33,0,0.176,,6,0,1,0,0.0,0
0.5705,46,0,0.2147,3055.0,4,0,0,0,0.0,0
0.6958,42,0,0.5898,3908.0,10,0,0,0,0.0,0
0.0006,42,0,0.4705,6410.0,5,0,3,0,1.0,0
2.3317,47,0,0.8314,6392.0,8,0,0,0,1.0,0
0.039,51,0,0.8825,5517.0,4,0,3,0,2.0,0
0.3451,59,0,0.6004,,8,0,3,0,0.0,0
0.0921,35,0,0.1298,5304.0,2,0,0,0,0.0,0
0.596,42,0,0.2861,2614.0,5,0,1,0,0.0,0
0.0698,50,0,0.4564,7390.0,8,0,0,0,2.0,0
0.0852,49,0,0.2419,4854.0,8,0,0,0,1.0,0
0.4535,78,0,0.4467,,9,0,0,0,0.0,0
0.068,55,0,0.2962,8255.0,5,0,3,0,2.0,0
0.2798,29,0,0.5579,10454.0,5,0,2,0,1.0,0
0.6825,58,0,0.7685,1733.0,6,0,0,0,2.0,0
0.5976,60,0,0.0674,5522.0,7,0,1,0,0.0,0
0.6545,50,0,0.4427,12002.0,11,0,0,0,1.0,0
0.1984,35,0,0.3152,6114.0,9,0,3,0,0.0,0
0.2752,77,0,0.1971,2131.0,7,0,1,0,2.0,0
0.4587,37,0,0.7335,12538.0,7,0,0,0,0.0,0
2.6848,61,0,0.2452,5433.0,10,0,2,0,1.0,0
1.8661,55,0,0.9015,3221.0,8,0,2,0,2.0,0
0.1735,60,0,0.2919,16524.0,10,0,1,0,1.0,0
0.2737,76,0,0.7974,,10,0,1,0,2.0,0
0.7061,60,0,0.6869,7827.0,6,0,1,0,0.0,0
0.1768,44,0,0.6303,,5,0,0,0,2.0,0
0.3061,67,0,0.9619,5308.0,8,0,1,0,1.0,0
1.0711,43,0,0.249,4222.0,7,0,1,0,1.0,0
0.0786,54,0,0.6925,6347.0,7,0,0,0,2.0,0
0.2595,34,0,0.8292,,6,0,1,0,0.0,0
1.5379,38,0,0.5214,,8,0,0,0,2.0,0
0.437,53,0,0.1147,9612.0,7,0,1,0,1.0,0
0.5254,57,0,0.5241,7367.0,10,0,0,0,0.0,0
0.5038,28,0,0.6913,4329.0,5,0,0,0,0.0,0
6.1427,59,0,0.3314,,12,0,1,0,2.0,0
0.4926,41,0,0.8744,6628.0,5,0,1,0,2.0,0
0.2758,70,0,0.0309,,9,0,0,0,0.0,0
0.5597,47,0,0.7751,2131.0,6,0,1,0,0.0,0
0.1334,36,0,0.168,4441.0,10,0,1,0,1.0,0
0.5134,53,0,0.5672,3875.0,4,0,0,0,,0
1.653,39,0,0.4092,,8,0,1,0,1.0,0
1.0136,70,0,0.7752,5421.0,4,0,0,0,0.0,1
0.8667,52,0,0.1966,7512.0,4,0,1,0,0.0,0
0.4357,50,1,0.3058,8991.0,5,0,1,1,0.0,0
0.0037,60,0,0.2652,9653.0,5,0,0,0,0.0,0
0.1745,38,0,0.4,2060.0,10,0,0,0,3.0,0
1.1014,34,0,0.5336,,14,0,3,0,0.0,0
0.2295,58,0,0.3196,4513.0,9,0,0,0,0.0,0
0.7262,37,0,0.3721,7256.0,9,0,2,0,1.0,0
0.0042,37,0,0.1792,,8,0,0,0,2.0,0
0.4516,64,0,0.1589,9667.0,7,0,1,0,1.0,0
1.0727,59,0,0.4626,17403.0,9,0,2,0,0.0,0
1.0933,34,0,0.5174,3261.0,8,0,1,0,0.0,0
3.74,43,0,0.2863,,6,0,1,0,0.0,0
0.0713,39,0,0.7161,5878.0,3,0,0,0,0.0,0
0.626,77,0,0.3295,3101.0,9,0,3,0,0.0,0
0.7991,65,0,0.7816,5391.0,11,0,0,0,1.0,0
0.0804,46,0,0.3218,4090.0,5,0,1,0,0.0,0
0.0361,60,0,0.1077,,4,0,2,0,0.0,0
0.0494,33,0,0.6989,14551.0,11,0,0,0,0.0,0
1.6174,43,0,0.384,4794.0,14,0,2,0,0.0,0
0.1037,53,0,0.2736,8429.0,7,0,1,0,1.0,0
0.2238,58,0,0.3161,,2,0,3,0,2.0,0
0.2143,51,0,0.3498,5069.0,7,0,2,0,0.0,0
0.0459,55,0,0.6306,,8,0,0,0,3.0,0
2.9836,53,0,0.445,3210.0,4,0,0,0,1.0,0
0.5837,50,0,0.4101,3192.0,10,0,0,0,0.0,0
0.3928,48,0,0.3805,4056.0,8,0,1,0,2.0,0
0.8006,46,0,0.9229,4621.0,9,0,3,0,0.0,1
0.3722,55,0,0.2662,,4,0,0,0,0.0,0
0.1959,58,0,0.6574,6232.0,9,0,2,0,2.0,0
0.0109,55,0,0.2376,2936.0,8,0,1,0,1.0,0
0.1767,35,0,0.5758,3756.0,10,0,1,0,1.0,0
0.2227,38,0,0.9969,20532.0,10,0,2,0,0.0,0
0.7687,58,0,0.4934,15811.0,6,0,1,0,3.0,0
0.072,73,0,0.648,2747.0,6,0,0,0,0.0,0
0.2348,54,0,0.5007,2090.0,5,0,0,0,0.0,0
0.6654,46,0,0.1759,5072.0,8,0,1,0,1.0,0
0.261,55,0,0.1916,15398.0,8,0,3,0,2.0,0
0.6142,36,0,0.2182,12989.0,8,0,0,0,0.0,0
0.1925,70,0,0.2732,3442.0,8,0,1,0,2.0,0
0.1496,55,0,0.4549,6310.0,11,0,0,0,0.0,0
0.2607,43,1,0.4784,5770.0,2,1,1,0,0.0,0
2.2417,50,0,0.9259,3505.0,10,0,2,1,2.0,0
0.5953,45,0,0.8567,5042.0,7,0,2,0,1.0,0
3.3883,70,0,0.432,10686.0,9,0,1,0,1.0,0
0.3461,49,0,0.5998,7590.0,12,0,0,0,0.0,0
0.0733,54,0,0.6806,9295.0,13,0,0,0,1.0,0
0.4369,60,0,0.6086,22587.0,12,0,2,0,0.0,0
1.0069,42,0,0.6814,5411.0,8,0,0,0,0.0,0
1.5077,55,0,0.171,5225.0,11,0,1,0,0.0,0
0.3393,56,0,0.3567,3860.0,14,0,0,0,0.0,0
0.0817,30,0,0.579,20482.0,2,0,0,0,0.0,0
0.1411,56,0,0.305,7342.0,5,0,2,0,,0
0.2371,51,0,0.1997,,7,0,1,0,0.0,0
0.0597,54,0,0.5324,,7,0,2,0,2.0,0
0.3628,52,0,0.6771,7660.0,8,0,1,0,1.0,0
0.6698,56,0,0.9054,13552.0,13,0,1,0,1.0,0
0.676,71,0,0.1561,10020.0,7,0,2,0,1.0,0
0.1484,35,0,0.4048,,7,0,1,0,,0
0.1213,47,0,0.2924,6691.0,6,0,1,0,2.0,0
0.084,61,0,0.1314,10194.0,7,0,1,0,0.0,0
0.5164,59,0,1.0535,4319.0,7,0,0,0,,0
0.4159,58,0,0.3308,,8,0,2,0,1.0,0
0.7731,91,0,0.4015,4092.0,9,0,0,0,0.0,0
0.9265,61,0,0.6578,4446.0,5,0,0,0,1.0,0
0.1579,68,1,0.7154,4063.0,7,0,1,2,2.0,0
0.1476,48,0,0.6431,3215.0,7,0,1,0,1.0,0
0.4661,38,0,0.5557,5000.0,10,0,1,0,1.0,1
4.6328,48,0,0.7759,5044.0,8,0,0,0,1.0,1
3.579,62,4,0.2461,4871.0,12,0,1,0,1.0,0
5.0487,58,0,0.2532,1613.0,9,0,0,0,1.0,0
0.2211,58,0,0.7144,21300.0,11,0,0,0,0.0,0
0.1136,49,0,0.3289,7002.0,6,0,0,0,0.0,0
0.1574,47,0,0.1189,2115.0,9,0,0,0,2.0,0
0.4323,49,0,0.1874,6400.0,8,0,1,0,0.0,0
0.1365,62,0,0.1532,4176.0,7,0,3,0,0.0,0
0.0764,64,0,0.1321,5817.0,6,0,2,0,1.0,0
0.2412,38,0,0.4759,7364.0,9,0,0,0,0.0,0
1.1595,63,1,0.0415,2730.0,13,0,2,0,1.0,0
0.0849,43,0,0.5136,5367.0,10,0,0,0,0.0,0
7.6743,59,0,0.1525,4911.0,8,0,2,0,2.0,0
1.1268,49,2,0.4538,,6,0,1,0,1.0,0
0.7986,74,0,0.692,3376.0,8,0,0,0,0.0,1
0.2269,46,0,1.3545,8116.0,7,0,1,0,3.0,0
0.3164,55,0,0.4594,7430.0,11,0,0,0,3.0,0
0.0538,60,0,0.2531,16214.0,7,0,4,0,1.0,0
0.1621,40,0,0.5251,8524.0,13,0,0,0,1.0,0
0.8767,51,0,0.4325,15188.0,9,0,1,0,1.0,0
0.0361,48,0,0.591,3763.0,14,0,0,0,0.0,0
0.1664,45,0,0.1962,3080.0,15,0,4,0,2.0,0
0.3449,46,0,0.5375,,4,0,0,0,1.0,0
0.3059,68,0,0.0819,,12,0,3,0,0.0,0
0.2238,44,0,0.8086,3987.0,10,0,0,0,,0
0.2555,60,0,0.1511,6771.0,6,0,1,0,2.0,0
0.6899,56,0,0.5879,2317.0,9,0,1,0,1.0,0
0.5368,32,0,0.6416,3983.0,7,0,0,0,2.0,0
0.1315,59,1,0.6322,,7,1,0,0,2.0,0
0.356,32,0,0.662,6450.0,7,0,0,0,1.0,0
0.5683,61,1,0.6874,3763.0,11,0,1,0,1.0,0
0.3141,45,0,0.6072,6972.0,13,0,2,0,0.0,0
0.224,52,0,0.1753,3838.0,8,0,0,0,1.0,0
4.7074,34,0,0.4893,4917.0,13,0,1,0,2.0,1
0.2476,54,0,0.5134,,6,0,1,0,,0
3.5696,65,0,0.2002,6463.0,8,0,1,0,0.0,1
0.2491,41,0,0.0824,6412.0,9,0,0,0,1.0,0
4.6945,43,0,0.1589,15398.0,9,0,2,0,1.0,0
0.1115,58,0,0.4273,3456.0,7,0,1,0,1.0,0
2.1591,59,0,0.1168,5230.0,8,0,2,0,0.0,0
1.6258,21,4,0.5721,3937.0,5,0,0,0,1.0,0
0.3686,80,0,0.1507,,10,0,1,0,2.0,0
0.0507,59,0,1.0761,,5,0,3,0,1.0,0
0.4197,62,0,0.2541,,6,0,2,0,0.0,0
1.6647,50,0,0.8297,8886.0,6,0,3,0,2.0,0
0.5917,26,0,0.2182,9064.0,9,0,2,0,1.0,0
0.5182,61,0,0.2655,7811.0,6,0,2,0,0.0,0
3.6682,44,2,0.7415,6937.0,6,1,1,1,1.0,0
0.0209,60,0,0.391,5611.0,9,0,0,0,0.0,0
1.0694,49,0,0.506,,7,0,2,0,2.0,0
0.2921,55,0,0.4523,10190.0,10,0,1,0,0.0,0
0.7868,41,0,0.2615,,13,0,1,0,0.0,0
0.487,64,0,0.2929,3953.0,14,0,0,0,1.0,0
0.1684,35,2,0.1182,7085.0,10,2,1,4,2.0,0
0.5552,83,0,0.1303,,5,0,0,0,0.0,0
0.3974,83,0,0.5327,18469.0,9,0,3,0,1.0,0
0.3458,75,0,0.2164,18862.0,6,0,1,0,0.0,0
0.1409,70,0,0.7651,,8,0,3,0,0.0,0
0.1918,51,0,0.5491,7547.0,8,0,0,0,0.0,0
0.0618,68,0,0.5227,3003.0,6,0,2,0,1.0,0
0.5027,51,0,0.1251,5457.0,12,0,1,0,0.0,0
0.1551,30,0,0.2815,5044.0,5,0,2,0,2.0,0
0.4255,73,3,0.5284,1902.0,5,0,2,0,1.0,0
0.0995,68,0,0.1182,9322.0,7,0,1,0,2.0,0
0.0547,52,0,0.3448,4152.0,5,0,0,0,0.0,0
1.1696,35,0,0.2126,,0,0,1,0,0.0,0
0.9588,44,0,0.3055,,6,0,0,0,0.0,0
0.1214,27,0,0.1165,2120.0,5,0,0,0,0.0,0
0.0538,65,0,0.5612,4966.0,10,0,0,0,,0
4.2295,30,0,0.2923,2761.0,11,0,1,0,0.0,1
0.9515,56,0,0.409,3116.0,9,0,1,0,0.0,0
0.2399,40,0,0.7114,4387.0,5,0,1,0,0.0,0
0.0,32,0,0.5214,12760.0,6,0,1,0,1.0,0
1.0419,55,0,0.0938,,7,0,0,0,0.0,0
0.2496,47,0,0.6251,6732.0,2,0,2,0,1.0,0
0.6027,64,0,0.513,10828.0,9,0,2,0,4.0,0
3.1416,34,0,0.3031,5992.0,12,0,1,0,1.0,0
0.4693,41,0,0.6985,1956.0,7,0,0,0,0.0,0
0.2606,21,0,0.5804,1464.0,10,0,0,0,0.0,0
0.1672,21,0,0.12,2790.0,9,0,1,0,1.0,0
1.3553,77,1,0.5677,2345.0,10,0,1,2,0.0,0
0.3138,81,0,0.5773,,9,0,3,0,0.0,0
0.2986,53,0,0.1963,19523.0,6,0,0,0,1.0,0
0.6017,40,0,0.0973,2954.0,5,0,0,0,0.0,0
8.5793,48,0,0.4518,11045.0,11,0,1,0,1.0,0
0.008,64,0,0.8331,1940.0,4,0,2,0,1.0,0
0.0013,45,0,0.8803,,13,0,0,0,0.0,0
0.4724,55,0,0.6352,15176.0,3,0,2,0,0.0,0
0.2565,52,0,0.0585,8262.0,7,0,1,0,0.0,0
0.5463,44,0,0.3573,1678.0,11,0,2,0,0.0,0
0.4858,45,0,0.082,10056.0,8,0,0,0,1.0,0
2.642,56,0,0.4623,7958.0,9,0,2,0,0.0,0
0.2076,38,0,0.3412,3026.0,13,0,1,0,0.0,0
0.1592,58,0,0.3676,6435.0,10,0,1,0,1.0,0
0.0244,45,0,0.8213,6418.0,11,0,2,0,2.0,0
0.669,54,0,0.5003,4091.0,4,0,0,0,0.0,0
0.5935,71,0,0.5195,2679.0,7,0,1,0,0.0,0
0.9724,50,0,0.5354,6798.0,12,0,3,0,1.0,0
0.4043,65,0,0.5099,2015.0,10,0,0,0,0.0,0
0.722,27,0,0.4593,4978.0,4,0,1,0,0.0,0
0.2016,45,0,0.1762,4815.0,6,0,1,0,0.0,0
3.9168,52,0,0.3916,4193.0,12,0,2,0,0.0,0
0.4898,79,0,0.8014,5512.0,9,0,1,0,1.0,0
8.0347,25,0,0.1151,4222.0,7,0,1,0,0.0,0
0.0003,51,0,0.4826,1808.0,9,0,0,0,0.0,0
0.0475,72,0,0.7986,,12,1,2,0,1.0,0
0.7561,41,0,0.613,4812.0,9,0,2,0,1.0,0
0.5413,49,0,0.9157,4677.0,8,0,2,0,1.0,0
0.7614,57,0,0.9437,,12,0,3,0,0.0,0
2.1247,55,0,0.4439,,12,0,1,0,1.0,0
0.8689,74,0,0.6095,7678.0,10,0,2,0,1.0,0
0.0042,58,0,0.6769,,6,0,3,0,1.0,0
0.268,71,0,0.0729,5711.0,12,0,2,0,0.0,0
0.5639,47,0,0.5155,3906.0,3,0,1,0,2.0,0
0.1832,42,0,0.2467,6724.0,6,0,1,0,,0
0.2401,49,0,0.2477,3574.0,5,0,0,0,4.0,0
0.0381,36,0,0.269,2835.0,6,0,1,0,0.0,0
6.0288,59,3,1.0993,4280.0,7,0,1,0,0.0,0
0.6031,47,0,0.6121,3708.0,8,0,0,0,1.0,0
0.3341,43,0,0.4773,4672.0,11,0,3,0,1.0,0
0.4946,59,0,0.4091,4944.0,10,0,1,0,0.0,0
0.7795,36,0,0.6925,3506.0,7,0,1,0,0.0,0
0.3288,63,0,0.5962,5123.0,9,0,2,0,1.0,0
0.6332,45,0,0.515,6210.0,7,0,0,0,2.0,0
0.4213,68,0,0.5614,,6,0,1,0,0.0,0
0.659,47,0,0.2326,,8,0,1,0,1.0,0
0.7348,61,0,0.459,12846.0,8,0,3,0,0.0,0
0.2447,55,0,0.4674,,6,0,0,0,0.0,0
1.3944,62,0,0.5136,2689.0,9,0,1,0,0.0,0
0.9182,54,1,0.7374,6676.0,9,0,0,0,1.0,0
0.1816,29,0,0.5014,,14,0,3,0,2.0,0
1.0843,66,0,0.5355,3215.0,12,0,1,0,2.0,1
0.1296,51,2,0.1761,5040.0,12,1,0,0,0.0,0
0.2969,63,0,0.6471,,7,0,3,0,1.0,0
0.4154,62,0,0.5259,2465.0,2,0,0,0,0.0,0
0.1723,41,0,0.8148,3327.0,10,0,1,0,1.0,0
0.6878,39,0,0.3109,,9,0,0,0,1.0,0
0.7489,61,0,0.1296,11843.0,5,0,0,0,1.0,0
0.5187,48,0,0.6789,,10,0,0,0,1.0,1
0.2297,65,0,0.1654,4848.0,8,0,0,0,0.0,0
0.7644,50,0,0.8016,11813.0,7,0,0,0,0.0,0
0.3428,66,0,0.2725,9640.0,3,0,1,0,0.0,0
1.0141,58,0,0.5035,3614.0,4,0,4,0,0.0,1
0.3074,56,0,0.5456,6336.0,9,0,1,0,0.0,0
0.3776,47,0,0.0931,2291.0,10,0,0,0,1.0,0
0.4955,55,0,0.6002,22278.0,3,0,2,0,0.0,0
0.9507,69,0,0.6579,6347.0,8,0,1,0,0.0,0
9.4676,51,0,0.7677,9446.0,8,0,2,0,0.0,0
4.2762,59,0,0.7313,,8,0,1,0,0.0,1
0.4529,53,0,0.335,,11,0,1,0,0.0,0
0.2621,54,3,1.0569,4806.0,13,0,2,0,0.0,0
0.5772,76,0,0.308,5717.0,2,0,1,0,0.0,0
0.469,69,0,0.6795,2731.0,6,0,1,0,0.0,0
0.2134,53,0,1.2206,,10,0,2,0,0.0,0
0.0463,55,0,0.2897,5128.0,10,0,1,0,2.0,0
3.4394,42,0,0.7036,4658.0,9,0,1,0,1.0,1
0.3411,50,0,1.1072,,9,0,1,0,1.0,0
0.3165,56,0,0.5516,1890.0,7,0,1,0,1.0,0
7.7925,64,0,0.5803,6649.0,4,0,0,2,0.0,0
0.0194,62,0,0.1326,,11,0,1,0,1.0,0
0.9529,36,0,0.7061,,10,0,2,0,0.0,0
0.8703,66,0,0.6261,16062.0,9,0,1,0,1.0,0
1.8409,51,0,0.3113,8713.0,5,0,1,0,1.0,0
0.5795,38,0,0.6619,5784.0,8,0,2,0,1.0,0
0.8641,71,0,0.3797,3418.0,8,0,1,0,1.0,0
0.3391,72,0,0.6978,7627.0,4,0,0,0,0.0,0
1.112,56,0,1.3775,16172.0,8,0,1,0,0.0,0
1.6276,62,0,0.497,1772.0,13,0,0,0,1.0,0
0.6836,63,0,0.3993,3947.0,5,0,1,0,1.0,0
0.2052,72,0,0.3885,4927.0,7,0,0,0,0.0,0
0.0916,62,0,0.5689,5444.0,5,0,2,0,1.0,0
1.1806,33,0,0.0244,3670.0,6,0,1,0,1.0,0
0.6461,80,0,0.101,8812.0,11,0,2,0,1.0,0
0.7645,67,0,0.8403,2868.0,7,0,0,0,0.0,0
1.0866,45,0,0.8775,4513.0,8,0,2,0,2.0,0
0.8914,38,0,0.5111,2280.0,4,0,1,0,1.0,1
0.2415,59,0,0.7276,2926.0,12,0,0,0,0.0,0
0.0446,48,0,0.2254,4318.0,11,0,0,0,0.0,0
0.4844,57,0,0.8188,,5,0,2,0,0.0,0
0.2588,62,0,0.5905,12646.0,8,0,1,0,0.0,0
0.0931,44,0,0.508,3453.0,9,0,0,0,1.0,0
0.388,36,0,0.7455,2221.0,14,0,1,0,0.0,0
0.1841,57,0,0.4869,16448.0,9,0,0,0,2.0,0
0.8099,45,0,0.6771,2301.0,6,0,1,0,2.0,0
0.9203,54,2,0.5519,6443.0,13,0,1,0,1.0,0
0.5319,33,0,0.6542,5316.0,6,0,4,0,1.0,1
0.529,48,0,0.6185,3830.0,5,0,1,0,0.0,0
0.6508,62,0,0.4135,20346.0,6,0,0,0,0.0,0
0.0111,60,0,0.4912,7146.0,5,0,0,0,1.0,0
0.0359,41,0,1.1977,4512.0,8,0,0,0,1.0,0
0.4844,36,0,0.358,,7,0,1,0,0.0,0
7.2944,52,3,0.3014,10935.0,6,0,3,0,1.0,0
0.4142,60,0,0.0773,,6,0,0,0,0.0,0
0.7239,58,0,1.0277,2952.0,7,0,0,0,0.0,0
1.4841,45,1,0.1551,,8,0,2,1,2.0,0
0.6426,56,0,0.3216,10890.0,6,0,0,0,0.0,0
0.4783,73,0,0.5711,12809.0,7,0,0,0,1.0,0
0.2656,55,2,0.5477,5418.0,10,0,2,1,0.0,0
0.0273,29,0,0.4105,5359.0,5,0,0,0,1.0,0
0.3004,55,0,0.903,6633.0,9,0,3,0,0.0,0
0.2546,81,0,0.1676,21304.0,4,0,2,0,0.0,0
0.3727,34,0,0.2925,4027.0,12,0,4,0,1.0,0
0.1831,52,0,0.1944,,9,0,3,0,0.0,0
0.113,49,0,0.6056,,9,0,1,0,1.0,0
0.266,53,0,0.6224,6613.0,9,0,1,0,0.0,0
0.4357,55,0,0.5927,6355.0,6,0,1,0,1.0,0
0.8085,68,0,0.0311,4355.0,12,0,0,0,1.0,0
0.59,53,0,0.9075,4852.0,6,0,2,0,0.0,0
0.0666,70,0,0.3458,6655.0,5,0,2,0,0.0,0
0.4662,50,0,0.7866,6174.0,9,0,1,0,0.0,0
0.6337,47,0,0.5392,2747.0,12,0,0,0,1.0,1
0.7483,43,0,0.7474,3564.0,10,0,0,0,2.0,0
0.2721,27,1,0.7523,,6,1,1,0,1.0,0
1.3154,56,0,0.5028,3508.0,12,0,1,0,0.0,1
0.9195,81,0,0.5027,15753.0,14,0,0,0,0.0,0
0.1808,58,1,0.1988,2768.0,7,1,2,0,1.0,0
0.1913,62,0,0.224,4417.0,9,0,0,0,1.0,0
0.6314,46,0,0.1173,11883.0,3,0,2,0,0.0,0
0.1562,49,0,0.2761,10229.0,7,0,1,0,1.0,0
0.1689,66,0,0.3867,7003.0,7,0,0,0,1.0,0
0.2616,80,0,0.3465,8656.0,9,0,1,0,1.0,0
1.5966,73,0,0.5446,6202.0,7,0,1,0,0.0,0
0.2485,63,0,1.1321,13860.0,8,0,0,0,0.0,0
1.9136,52,0,0.0829,2597.0,7,0,3,0,0.0,1
0.0216,55,0,0.5115,,10,0,0,0,0.0,0
1.0619,41,0,0.771,9774.0,7,0,0,0,0.0,0
0.1588,32,0,0.3161,3933.0,6,0,0,0,1.0,0
0.3232,36,0,0.8016,8937.0,5,0,3,0,0.0,0
0.5491,53,0,0.4404,,9,0,1,0,1.0,0
0.2534,48,0,0.3801,2518.0,5,0,1,0,0.0,0
0.1188,31,0,0.6667,16031.0,7,0,1,0,1.0,0
0.7005,51,0,0.4246,2183.0,6,0,1,0,1.0,0
0.1005,48,0,0.5325,2637.0,11,0,0,0,2.0,0
0.1982,36,0,0.8528,7668.0,7,0,0,0,0.0,0
2.8683,47,0,0.2101,5878.0,4,0,0,0,0.0,0
0.8659,48,0,0.7131,11385.0,5,0,0,0,1.0,0
0.2436,43,0,0.8889,6576.0,6,0,3,0,0.0,0
0.2152,65,0,0.5246,4101.0,11,0,3,0,0.0,0
1.2691,25,0,0.5426,,7,0,0,0,1.0,0
0.226,24,0,0.8343,5675.0,11,0,1,0,0.0,0
0.0388,52,0,0.535,,11,0,2,0,0.0,0
0.7151,53,0,0.3051,9558.0,11,0,2,0,0.0,0
0.3864,58,0,0.3948,10033.0,8,0,1,0,1.0,0
0.0687,44,0,0.8743,6223.0,7,0,0,0,0.0,0
0.0814,39,0,1.2925,,4,0,3,0,1.0,0
0.2063,52,0,0.6565,,10,0,1,0,1.0,0
0.064,46,0,0.7239,5985.0,4,0,2,0,0.0,0
1.3671,74,0,0.7176,3393.0,9,0,0,0,3.0,0
0.5531,47,0,0.7179,,8,0,0,0,0.0,0
0.075,51,0,0.3556,11823.0,9,0,0,0,2.0,0
0.3074,87,0,0.3997,,12,0,2,0,0.0,0
0.6072,49,0,0.3995,8649.0,9,0,1,0,0.0,0
0.3647,60,0,0.5658,5095.0,8,0,1,0,1.0,0
0.1097,61,0,0.6602,9427.0,7,0,0,0,1.0,0
2.5794,62,0,0.101,9698.0,5,0,2,0,3.0,0
2.2618,56,0,0.2649,4297.0,8,0,0,0,1.0,0
1.2693,55,0,0.6483,4005.0,6,0,1,0,1.0,1
0.3038,53,0,0.4176,7191.0,6,0,2,0,0.0,0
0.3749,44,0,0.5985,7649.0,8,0,1,0,1.0,0
0.3553,57,0,0.2739,,6,0,0,0,0.0,0
2.0815,80,0,1.0342,15597.0,6,0,0,0,0.0,0
0.0133,69,0,0.1948,,9,0,2,0,0.0,0
1.3027,56,0,0.5062,5487.0,3,0,0,0,1.0,0
0.4713,64,0,0.6251,23137.0,6,0,3,0,3.0,0
3.8949,40,0,0.0863,,9,0,1,0,0.0,0
0.5447,48,0,0.1323,17322.0,13,0,2,0,2.0,0
0.2345,65,0,0.5149,10115.0,8,0,1,0,0.0,0
0.5516,73,0,0.0828,,4,0,0,0,1.0,1
0.344,41,0,0.2113,19529.0,8,0,1,0,0.0,0
0.5628,45,0,0.2941,13614.0,9,0,1,0,2.0,0
0.686,83,0,0.3991,21717.0,8,0,1,0,0.0,0
0.4756,53,0,0.3381,,6,0,0,0,0.0,0
0.6537,78,0,0.5612,4178.0,8,0,2,0,0.0,0
0.8419,55,0,0.565,10978.0,8,0,1,0,2.0,0
0.3421,55,0,0.4992,3178.0,8,0,0,0,0.0,0
0.4513,48,0,0.414,4927.0,5,0,0,0,0.0,0
7.7702,65,0,0.749,10042.0,9,0,3,0,0.0,0
0.5687,71,0,0.1803,,7,0,2,0,2.0,1
0.3876,38,0,0.3455,1794.0,6,0,0,0,,0
0.8486,47,0,0.8353,15151.0,19,0,4,0,1.0,0
5.4232,65,0,0.1976,,12,0,2,0,1.0,0
0.2524,50,0,0.603,10733.0,8,0,2,0,0.0,0
0.4671,45,0,0.9748,7198.0,5,0,3,0,1.0,0
3.562,66,0,0.1646,7406.0,11,0,3,0,0.0,0
0.2959,67,0,0.3426,1250.0,7,0,0,0,0.0,0
0.1774,46,0,0.3812,8390.0,10,0,2,0,3.0,0
0.2086,55,0,0.5568,4078.0,11,0,1,0,0.0,0
0.3234,35,0,0.7287,2303.0,9,0,1,0,1.0,0
0.9676,39,0,0.4895,3682.0,6,0,0,0,1.0,0
0.3199,54,0,0.8727,7617.0,9,0,0,1,1.0,0
0.0607,52,0,0.0147,3369.0,6,0,1,0,1.0,0
0.7693,38,0,0.6298,6958.0,6,0,0,0,0.0,0
0.8309,42,3,0.3541,6225.0,7,0,0,1,1.0,0
1.4088,37,0,0.4868,,6,0,1,0,0.0,0
0.8443,58,0,0.6686,3385.0,7,0,2,0,0.0,0
0.0819,24,0,0.2137,2402.0,5,0,1,0,2.0,0
0.0065,38,0,0.472,8652.0,13,0,1,0,0.0,0
0.2759,26,0,0.8718,2405.0,9,0,2,0,0.0,0
0.6369,58,0,0.1218,8043.0,10,0,0,0,2.0,1
0.7305,27,0,0.0856,,10,0,2,0,1.0,0
0.0761,52,0,0.5371,7147.0,7,0,0,0,0.0,0
0.4257,75,0,0.8799,10650.0,8,0,2,0,1.0,0
0.6957,75,0,0.2455,4876.0,8,0,1,0,0.0,0
0.9378,27,0,0.4093,4637.0,12,0,1,0,1.0,0
0.6471,56,0,0.2015,5022.0,6,0,2,0,,0
0.2401,38,0,0.7141,4166.0,8,0,1,0,1.0,0
1.0901,35,0,0.5566,1106.0,7,0,1,0,1.0,1
0.5433,50,0,0.3308,2665.0,12,0,0,0,1.0,1
0.6506,69,0,0.8678,8838.0,9,0,0,0,2.0,0
0.4305,60,0,0.395,6751.0,7,0,0,0,3.0,0
0.1956,42,0,0.2834,10435.0,8,0,1,0,0.0,0
0.4738,62,1,0.5023,4752.0,10,0,1,0,0.0,0
0.4217,21,0,1.2978,5014.0,13,0,0,0,1.0,1
0.2894,41,0,0.5991,7708.0,8,0,1,0,1.0,0
0.5436,40,0,0.0751,1855.0,9,0,0,0,1.0,0
0.1953,53,0,1.1653,13589.0,4,0,3,0,3.0,0
2.599,49,0,0.8165,5210.0,5,0,2,0,2.0,0
0.889,50,0,0.7872,2361.0,8,0,0,0,0.0,1
0.1923,50,0,0.7144,10660.0,14,0,2,0,1.0,0
0.5784,52,1,0.3976,,6,1,1,2,0.0,0
0.1456,60,0,0.0551,4645.0,1,0,0,0,1.0,0
0.0543,54,2,0.4424,4651.0,2,0,1,0,1.0,0
0.719,48,0,0.2411,13922.0,5,0,0,0,1.0,0
0.8003,58,0,0.5635,5003.0,11,0,2,0,2.0,0
0.0749,64,0,0.6644,16262.0,9,0,0,0,2.0,0
3.7868,44,0,0.5652,4859.0,6,0,1,0,1.0,0
0.23,51,0,0.1369,10473.0,9,0,1,0,0.0,0
0.6135,68,0,0.179,9246.0,9,0,0,0,2.0,0
0.5902,37,0,0.8656,13657.0,2,0,2,0,1.0,0
0.7606,77,0,0.535,6159.0,13,0,0,0,1.0,0
0.0842,33,0,0.3223,,3,0,2,0,1.0,0
0.6866,47,0,0.5432,6306.0,7,0,0,0,1.0,0
0.3594,39,0,0.1398,3125.0,7,0,0,0,1.0,0
0.0668,83,0,0.7073,6610.0,3,0,2,0,0.0,0
0.2448,45,0,0.2521,6144.0,7,0,2,0,1.0,0
0.3977,45,0,0.0322,5603.0,5,0,1,0,1.0,0
0.3772,47,0,0.2956,10323.0,9,0,1,0,1.0,0
0.4188,53,0,0.1256,4723.0,9,0,0,0,1.0,0
0.6713,47,0,0.2685,7179.0,10,0,0,0,0.0,0
0.8618,50,0,0.8621,7619.0,8,0,1,0,2.0,0
0.5597,21,0,0.4945,8071.0,9,0,2,0,1.0,0
0.2244,53,0,0.206,3511.0,10,0,2,0,2.0,0
0.1036,52,0,0.4201,7894.0,13,0,0,0,0.0,0
0.2914,67,0,0.6803,6346.0,14,0,3,0,1.0,0
0.6108,70,0,0.0869,8389.0,10,0,2,0,1.0,0
0.7228,49,0,0.2978,4492.0,5,0,1,0,0.0,0
0.149,63,0,0.7365,,6,0,1,0,0.0,0
0.0956,37,0,0.3206,5574.0,8,0,1,0,1.0,0
0.2343,63,0,0.8952,7943.0,9,0,0,0,0.0,0
0.3912,44,0,0.5053,,10,0,0,0,0.0,0
0.0384,35,0,0.5343,1231.0,9,0,2,0,0.0,0
3.3669,49,0,0.4913,6271.0,4,0,1,0,1.0,0
0.1662,72,0,0.3968,7973.0,2,0,0,0,2.0,0
5.4226,55,0,0.5821,4838.0,9,0,1,0,1.0,0
0.4524,73,0,0.1391,13643.0,8,0,0,0,2.0,0
0.1899,42,0,0.2733,4874.0,7,0,0,0,1.0,0
0.4618,67,0,0.5452,10092.0,5,0,0,0,0.0,0
0.2402,43,0,0.3358,,10,0,2,0,1.0,0
0.1975,55,0,0.6721,3338.0,8,0,5,0,1.0,0
0.1322,55,0,0.3992,,9,0,1,0,0.0,0
0.5381,61,0,0.2574,5115.0,10,0,1,0,0.0,0
4.7297,56,0,0.2501,4860.0,10,0,1,0,3.0,0
0.4642,42,0,0.4628,4196.0,4,0,0,0,1.0,1
0.627,64,0,0.6552,14302.0,12,0,2,0,1.0,0
0.0148,76,0,0.2015,4939.0,10,0,0,0,1.0,0
0.0699,44,0,0.4718,8880.0,9,0,0,0,1.0,0
2.3917,26,0,0.6985,2047.0,7,0,0,0,2.0,0
0.4003,59,0,1.1231,10912.0,14,0,1,0,2.0,0
0.0623,47,0,0.3503,3858.0,8,0,0,0,0.0,0
0.9403,50,0,0.5931,3341.0,5,0,2,0,3.0,0
5.2211,60,0,0.3121,2078.0,9,0,1,0,2.0,0
1.3735,46,0,0.9527,8580.0,8,0,0,0,2.0,0
5.5953,48,0,1.1575,2083.0,5,0,0,0,0.0,1
0.4195,51,0,0.3378,5303.0,6,0,0,0,0.0,0
0.6795,73,0,0.1555,8021.0,7,0,2,0,0.0,0
0.1754,52,0,0.4945,,9,0,0,0,1.0,0
0.3015,35,0,0.5839,18088.0,8,0,0,0,0.0,0
0.07,35,0,0.6219,,9,0,0,0,2.0,0
0.083,54,0,0.2231,,6,0,3,0,0.0,0
0.0068,36,0,1.1053,8731.0,9,0,0,0,1.0,0
0.4749,30,0,0.2792,4530.0,5,0,1,0,0.0,0
0.1081,61,0,0.7641,4604.0,8,0,0,0,1.0,0
0.3831,62,0,0.4665,7706.0,9,0,0,0,1.0,0
0.3308,47,0,0.5337,4755.0,10,0,2,0,0.0,0
0.4406,56,0,0.1997,3963.0,16,0,0,0,1.0,0
0.8052,55,0,0.8511,4194.0,5,0,0,0,0.0,0
0.0289,60,0,0.2928,4348.0,6,0,0,0,1.0,0
0.4199,60,0,0.3612,5509.0,11,0,1,0,1.0,0
0.6135,21,0,0.8755,1378.0,9,0,3,0,0.0,0
0.1094,49,0,0.33,6244.0,8,0,1,0,1.0,0
0.8366,59,0,0.8006,2088.0,9,0,0,0,0.0,1
0.3568,46,0,1.1489,4245.0,11,0,2,0,0.0,0
0.7608,53,0,0.1354,3750.0,5,0,2,0,0.0,0
0.5909,63,0,0.3964,11738.0,6,0,1,0,0.0,0
1.8827,53,0,0.0948,6099.0,7,0,3,0,0.0,0
3.879,73,0,0.199,7846.0,6,0,1,0,0.0,0
0.1009,68,0,0.6819,4418.0,12,0,0,0,0.0,0
0.4336,50,0,0.5987,11319.0,9,0,5,0,0.0,0
0.1733,49,0,0.7392,,6,0,0,0,1.0,0
2.2935,21,0,0.5547,1434.0,7,0,1,0,2.0,0
0.1504,47,0,0.8263,6247.0,8,0,3,0,0.0,0
0.0566,33,0,0.3113,3878.0,3,0,0,0,1.0,0
5.8466,55,0,0.1464,7604.0,5,0,0,0,0.0,0
0.3781,54,0,0.5704,7038.0,12,0,1,0,3.0,0
1.8496,62,0,0.1252,10322.0,10,0,1,0,1.0,0
0.7021,72,0,0.4611,10772.0,6,0,5,0,0.0,0
0.0578,52,0,0.655,6771.0,6,0,0,0,1.0,0
1.8743,84,0,0.0977,,6,0,0,0,2.0,0
3.4439,55,0,0.7692,7594.0,10,0,3,0,1.0,0
3.7317,34,0,0.0543,10520.0,6,0,1,0,0.0,0
0.7035,44,0,0.335,2696.0,7,0,2,0,,0
1.0166,47,0,0.1453,,8,0,0,0,2.0,0
1.2181,60,0,0.2155,6605.0,11,0,0,0,2.0,0
0.44,39,0,0.4194,4900.0,5,0,2,0,1.0,0
0.1119,48,0,0.3109,5959.0,8,0,0,0,0.0,0
0.0917,50,0,0.4067,4410.0,10,0,0,0,1.0,0
0.5776,46,0,0.4545,3477.0,7,0,0,0,1.0,0
0.1163,63,0,0.0586,,9,0,0,0,1.0,0
0.5835,61,0,0.1485,11679.0,10,0,1,0,0.0,0
0.0239,68,0,0.3403,,10,0,2,0,0.0,0
4.237,47,0,0.4923,2655.0,5,0,2,0,0.0,0
0.1329,69,0,0.9715,9195.0,6,0,1,0,1.0,0
0.6102,33,0,0.8113,,11,0,0,0,2.0,0
0.3484,33,0,0.6955,9203.0,8,0,0,0,0.0,0
0.0141,35,0,0.3151,2930.0,7,0,1,0,2.0,0
0.0096,52,0,0.8261,1322.0,10,0,1,0,1.0,0
0.5971,69,0,0.3517,19305.0,9,0,3,0,0.0,0
0.1359,44,0,0.5484,2321.0,7,0,0,0,0.0,0
2.3175,45,0,0.3017,,5,0,2,0,0.0,0
1.5267,49,0,0.0777,,6,0,2,0,1.0,1
0.2877,60,0,0.1489,7493.0,10,0,1,0,1.0,0
0.2647,45,0,0.269,1713.0,16,0,0,0,2.0,0
0.1157,45,0,0.16,25281.0,12,0,0,0,0.0,0
1.468,33,3,0.4688,1442.0,6,0,1,1,0.0,0
0.4102,44,0,1.1799,,8,0,0,0,2.0,0
0.5564,68,0,0.834,4933.0,5,0,4,0,0.0,0
0.539,53,0,0.2598,11863.0,8,0,0,0,,0
0.8131,42,0,0.4058,,11,0,0,0,2.0,0
0.3386,69,0,0.6611,,7,0,0,0,0.0,0
0.9027,44,0,0.5443,12718.0,5,0,2,0,2.0,0
4.2645,72,0,0.4422,,8,0,1,0,1.0,0
0.4152,72,0,0.351,3200.0,6,0,2,0,1.0,0
3.5984,53,0,1.0225,,7,0,3,0,1.0,1
0.6754,31,0,0.4766,2419.0,9,0,0,0,0.0,0
0.3949,84,0,0.6833,,5,0,0,0,0.0,0
0.5882,57,2,1.118,5242.0,8,0,1,0,1.0,0
2.0389,47,0,0.287,9139.0,9,0,3,0,2.0,0
3.6123,65,0,0.189,5186.0,5,0,2,0,0.0,0
0.2106,62,0,0.6598,6204.0,8,0,0,0,1.0,0
0.1213,70,0,0.3332,,13,0,3,0,0.0,0
0.2878,43,0,0.3779,9651.0,7,0,1,0,1.0,0
0.1599,56,0,0.1591,4401.0,12,0,1,0,0.0,0
3.8112,35,0,0.4176,,14,0,2,0,0.0,0
1.1265,61,0,0.4415,,5,0,1,0,1.0,0
0.6977,52,0,0.1802,5569.0,10,0,1,0,1.0,0
0.5582,56,0,0.0593,6984.0,10,0,0,0,0.0,0
0.9875,50,0,0.3423,5225.0,12,0,2,0,3.0,0
1.6897,48,0,0.6571,,10,0,1,0,0.0,0
0.6848,40,0,0.0721,1479.0,19,0,0,0,2.0,0
0.9907,63,0,0.2479,34481.0,5,0,0,0,0.0,0
0.1386,73,0,0.0515,4455.0,6,0,0,0,0.0,0
0.0196,44,0,0.1759,2111.0,6,0,0,2,1.0,0
0.7225,60,0,0.2657,,6,0,0,0,0.0,0
0.5891,58,0,0.1002,,8,0,1,0,5.0,0
0.5419,52,0,0.1324,,6,0,0,0,1.0,0
0.1152,31,2,0.333,8958.0,9,0,1,2,1.0,0
0.9116,34,0,0.0246,7197.0,5,0,1,0,1.0,0
0.2238,41,0,1.1361,13543.0,8,0,1,0,0.0,0
0.3069,22,0,0.313,,11,0,1,0,1.0,0
0.4207,72,0,0.4667,3763.0,1,0,1,0,1.0,0
0.4152,57,0,0.2441,8344.0,8,0,1,0,2.0,0
0.7206,52,0,0.619,4682.0,8,0,1,0,1.0,0
1.5498,21,0,0.7369,1853.0,5,0,1,0,0.0,0
0.282,26,0,0.4183,7940.0,7,0,0,0,0.0,0
0.0401,52,3,0.374,4770.0,10,0,3,0,1.0,0
0.8922,80,0,0.4471,,8,0,0,0,1.0,0
0.1825,42,0,1.0027,4423.0,8,0,0,0,,0
0.1338,64,0,0.2929,,7,0,1,0,,0
0.4961,45,0,0.4847,3726.0,7,0,3,0,0.0,0
0.2628,53,0,0.581,4577.0,6,0,0,0,0.0,0
0.4808,69,0,0.3955,3135.0,10,0,0,0,0.0,0
0.2828,47,0,0.5123,4107.0,9,0,4,0,3.0,0
0.2024,42,0,0.4961,,5,0,1,0,1.0,0
0.2269,72,0,0.3614,4195.0,12,0,2,2,0.0,0
0.2948,53,0,0.4972,5314.0,8,0,2,0,0.0,0
1.1049,67,0,0.2722,5107.0,8,0,1,0,1.0,0
0.0736,42,0,0.6971,,8,0,4,0,0.0,0
1.3665,72,0,0.1621,6695.0,12,0,0,0,1.0,0
0.6834,56,0,0.5492,4476.0,8,0,0,0,1.0,1
0.6451,58,0,0.0373,6543.0,5,0,2,0,0.0,0
0.0351,54,0,0.5733,10721.0,6,0,1,0,0.0,0
2.0202,45,0,0.2344,5416.0,12,0,1,0,0.0,0
0.2689,52,0,0.3304,,8,0,0,0,0.0,0
0.0691,46,0,0.2388,4954.0,12,0,1,0,0.0,0
1.4217,65,0,0.6053,4751.0,7,0,0,0,1.0,0
1.3234,49,0,0.5231,3110.0,9,0,2,0,1.0,1
0.1473,31,0,0.5241,4627.0,5,0,3,0,0.0,0
0.0881,28,0,1.1877,,7,0,0,0,0.0,0
0.5595,28,0,0.3998,,7,0,0,0,0.0,1
0.5738,61,0,0.5485,,14,0,1,0,0.0,0
0.3753,36,0,0.1944,7604.0,10,0,1,0,1.0,0
0.0226,56,0,0.4236,5467.0,9,0,3,0,2.0,0
0.8604,54,0,0.337,2837.0,8,0,2,0,1.0,0
0.0068,51,0,0.1862,,7,0,1,0,0.0,0
0.2798,58,0,0.4981,2444.0,7,0,2,0,1.0,0
0.516,54,0,1.1941,2197.0,11,0,0,0,1.0,0
7.7615,21,0,0.8423,4360.0,10,0,1,0,0.0,0
0.5651,47,0,0.4294,6726.0,12,0,0,0,1.0,0
0.7273,58,0,0.958,4246.0,4,0,0,0,1.0,0
0.078,75,0,0.4117,6311.0,9,0,1,0,1.0,0
0.3876,76,0,0.3482,4710.0,4,0,0,0,2.0,0
0.6708,33,0,0.7163,,6,0,2,0,1.0,0
2.3469,47,0,0.1613,5321.0,12,0,1,0,,0
0.1589,30,0,0.2597,1870.0,2,0,2,0,1.0,0
0.5433,73,0,0.9168,4490.0,8,0,1,0,0.0,0
0.4762,66,0,0.3889,10993.0,9,0,1,0,2.0,0
0.5021,57,0,0.1178,3680.0,9,0,0,0,1.0,0
0.4998,54,0,0.0623,,15,0,3,0,0.0,1
0.1224,71,0,0.7521,1941.0,9,0,1,0,,0
0.4736,69,0,0.6953,2822.0,12,0,0,0,0.0,1
0.2502,68,0,0.0889,6578.0,12,0,2,0,1.0,0
0.1142,58,0,0.4451,2248.0,5,0,2,0,0.0,0
0.5732,47,0,0.7809,27687.0,5,0,4,0,1.0,0
0.0017,63,0,0.6423,,6,0,1,0,0.0,0
0.3684,63,0,0.8954,5238.0,4,0,1,0,0.0,0
1.3422,49,0,1.0931,14621.0,9,0,0,0,0.0,0
0.4768,47,0,0.8475,8070.0,3,0,0,0,0.0,0
0.7718,68,0,0.2056,,10,0,0,0,0.0,0
0.4856,75,0,0.8428,5511.0,11,0,1,0,1.0,0
0.3657,42,0,0.0928,4013.0,5,0,1,0,1.0,0
0.1031,48,0,0.3429,10910.0,6,0,2,0,2.0,0
0.5662,57,0,0.3035,,8,0,1,0,1.0,0
0.4941,59,0,0.3096,14611.0,4,0,2,0,0.0,0
0.0173,45,0,0.4356,,7,0,0,0,0.0,0
0.2205,78,0,0.3327,4568.0,8,0,1,0,1.0,0
0.0029,58,0,0.2935,4496.0,9,0,1,0,0.0,0
0.4519,59,0,0.4689,,6,0,2,0,0.0,1
0.2893,77,0,0.7344,15392.0,13,0,2,0,3.0,0
0.4726,46,0,0.6131,4474.0,11,0,0,0,0.0,0
3.7826,51,0,0.311,,6,0,0,0,0.0,0
0.388,34,0,0.385,4282.0,11,0,2,0,0.0,0
0.4239,50,0,0.1574,921.0,7,0,2,0,2.0,0
0.5073,31,0,0.3518,1299.0,11,0,1,0,0.0,0
0.3288,62,0,0.4195,14313.0,6,0,1,0,1.0,0
0.076,58,0,1.4587,,7,0,2,0,2.0,0
1.4736,48,0,0.3871,6877.0,8,0,0,0,0.0,0
0.6537,51,0,0.4551,,12,0,1,0,0.0,0
0.8035,63,0,0.4988,2803.0,1,0,0,0,0.0,1
0.5776,36,0,0.3791,4392.0,15,0,1,0,1.0,0
0.107,55,0,0.3107,7519.0,3,0,0,0,1.0,0
0.0448,62,0,0.4753,4912.0,7,0,1,0,5.0,0
0.5735,27,0,0.4263,5559.0,13,0,2,0,1.0,0
0.5992,62,0,0.3068,,9,0,1,0,0.0,0
0.2054,29,0,0.6278,3965.0,8,0,1,0,,0
1.8187,50,0,0.5862,4559.0,8,0,0,0,0.0,0
0.1847,36,1,0.9087,11817.0,9,0,1,0,1.0,0
0.2865,72,0,0.7307,,6,0,2,0,0.0,0
0.1535,36,0,0.3755,,8,0,0,0,0.0,0
0.4511,29,0,0.5913,7833.0,5,0,2,0,0.0,0
0.3187,54,0,0.3919,3407.0,7,0,2,0,0.0,0
0.1094,46,0,0.148,3793.0,7,0,1,0,0.0,0
0.2265,31,0,0.0389,11985.0,8,0,0,0,0.0,0
0.5444,59,0,0.4117,,9,0,2,0,0.0,0
0.2965,24,0,0.4856,8402.0,12,0,0,0,1.0,0
0.3069,37,0,0.9902,,7,0,0,0,2.0,0
0.609,44,0,0.4507,9208.0,8,0,3,0,0.0,0
0.9529,63,0,0.3031,3856.0,8,0,1,0,2.0,0
1.2385,70,0,0.5907,5408.0,9,0,0,0,1.0,1
0.8637,67,0,0.6453,5841.0,6,0,1,0,1.0,0
0.3129,50,0,0.6903,4963.0,10,0,0,0,0.0,0
0.6907,21,0,0.1002,,6,0,1,0,2.0,1
0.4599,57,0,0.2998,3049.0,11,0,3,0,1.0,0
0.004,73,0,0.3748,5322.0,6,0,3,0,1.0,0
0.1527,69,0,0.1904,8035.0,9,0,1,0,0.0,0
0.1017,58,0,0.2659,,11,0,4,0,0.0,0
0.3678,35,0,1.1652,1779.0,8,0,0,0,0.0,0
2.7566,45,2,0.2068,6783.0,10,0,0,0,2.0,0
0.2353,79,0,0.2928,9084.0,8,0,1,0,2.0,0
0.5241,32,0,0.5325,2040.0,9,0,3,0,0.0,0
0.217,36,0,0.4278,31611.0,5,0,0,0,0.0,0
0.3602,65,0,0.466,6101.0,11,0,2,0,1.0,0
0.7234,46,0,0.7161,,10,0,4,0,1.0,0
0.7759,35,0,0.311,1725.0,6,0,1,0,1.0,0
0.9737,73,1,0.2755,6403.0,13,0,0,0,1.0,0
0.8042,58,0,0.1601,2579.0,7,0,0,0,2.0,0
0.9933,47,0,0.8716,5950.0,7,0,3,0,1.0,0
0.9925,36,0,0.1698,7937.0,11,0,1,0,1.0,0
0.5226,81,0,0.5495,6518.0,7,0,2,0,0.0,0
0.4678,52,0,0.3423,1841.0,7,0,3,0,1.0,0
0.2325,72,0,0.6299,3955.0,7,0,3,0,1.0,0
0.5882,65,0,0.7281,,12,0,1,0,1.0,0
0.0553,45,0,0.5086,5390.0,11,0,0,0,2.0,0
1.2688,45,0,0.4449,4706.0,19,0,2,0,0.0,0
0.6565,72,0,0.3803,7566.0,5,0,0,0,1.0,0
0.2707,72,0,0.233,,4,0,2,0,0.0,0
0.3376,26,0,0.208,6359.0,5,0,2,0,1.0,0
0.3867,60,0,0.3361,3732.0,10,0,2,0,1.0,0
0.0498,50,0,0.7286,2309.0,10,0,3,0,2.0,0
3.9848,38,2,0.2159,2113.0,6,0,0,1,0.0,0
0.4802,56,1,0.835,,5,0,1,0,1.0,0
0.4811,33,0,0.1633,4025.0,10,0,1,0,1.0,0
0.2431,45,0,0.7263,5723.0,9,0,1,0,1.0,0
0.158,41,0,0.299,,7,0,1,0,1.0,0
0.4566,45,0,0.7838,2340.0,9,0,0,0,1.0,0
0.2178,51,0,0.7535,7831.0,11,0,0,0,,0
1.092,38,1,0.3156,5736.0,6,0,0,0,0.0,0
1.6018,74,0,0.5548,,13,0,0,0,1.0,0
0.3375,59,0,0.0913,7800.0,9,0,0,0,1.0,0
0.7721,77,0,0.4322,9372.0,10,0,0,0,0.0,0
0.6143,50,0,0.8662,10409.0,9,0,1,0,1.0,0
1.1915,44,0,0.622,7378.0,5,0,0,0,0.0,0
6.5817,77,2,1.1827,5878.0,8,1,1,0,0.0,0
0.5285,44,0,0.5646,,4,0,2,0,0.0,0
0.5811,50,0,0.7884,6222.0,12,0,0,0,,0
0.0925,62,0,0.1928,,9,0,3,0,1.0,0
0.928,35,0,0.7557,3724.0,5,0,1,0,1.0,0
0.1683,62,0,1.0114,2424.0,11,0,3,0,0.0,0
8.7679,60,0,0.4617,3631.0,11,0,1,0,1.0,0
0.9215,70,0,0.3058,5953.0,5,0,2,0,0.0,0
0.4566,64,0,0.0472,,6,1,4,0,1.0,0
1.2059,70,0,0.6381,7897.0,9,0,0,0,0.0,0
0.1182,50,0,0.3341,4329.0,7,0,2,0,2.0,0
0.026,40,0,0.5735,3628.0,2,0,3,0,1.0,0
0.0917,82,0,0.5685,,4,0,1,0,0.0,0
0.6671,31,0,0.6445,7348.0,9,0,1,0,0.0,0
0.7445,32,0,0.2223,,10,0,0,0,1.0,0
0.235,60,0,0.6934,7126.0,10,0,0,0,1.0,0
0.0042,75,0,0.4512,20527.0,10,0,0,0,0.0,0
0.2207,55,0,0.6366,,14,0,1,0,0.0,0
0.0937,66,0,0.6014,7935.0,10,0,3,0,4.0,0
0.0809,24,0,0.5238,2665.0,6,0,1,0,1.0,0
0.3745,45,0,0.4882,9999.0,6,0,1,0,1.0,0
0.0349,26,0,0.6768,3550.0,11,0,1,0,1.0,0
0.6605,63,0,0.0369,5309.0,13,0,2,0,0.0,0
0.8761,30,0,0.6038,3293.0,11,0,1,0,2.0,1
0.2001,34,0,0.0957,,7,0,1,0,0.0,0
0.41,59,0,0.6097,3864.0,7,0,1,0,1.0,0
0.5262,67,0,0.1853,25273.0,8,0,2,0,1.0,0
0.0216,50,0,0.7377,5103.0,7,0,1,0,1.0,0
0.2856,60,0,0.327,8236.0,9,0,1,0,0.0,0
1.6087,60,0,0.7123,3603.0,4,0,0,0,2.0,0
0.0962,49,0,0.4122,,10,0,0,0,0.0,0
0.8826,37,0,0.1978,3888.0,7,0,0,0,0.0,0
0.6649,60,0,0.1613,7212.0,8,0,2,0,2.0,1
0.7146,61,0,0.6414,8487.0,7,0,2,0,0.0,0
1.2364,65,0,0.4486,,9,0,2,0,0.0,0
0.4407,56,0,0.133,5204.0,10,0,1,0,0.0,0
0.2898,36,0,0.4503,4222.0,5,0,0,0,0.0,0
0.1646,62,3,0.5703,4963.0,12,0,0,0,0.0,0
0.4811,52,0,0.1117,6269.0,6,0,0,0,3.0,0
0.3712,45,1,0.1406,9273.0,6,0,1,0,2.0,0
0.2538,48,0,0.4451,11725.0,12,0,1,0,0.0,0
3.599,42,0,0.3483,,7,0,0,0,2.0,0
0.3365,64,0,0.672,5211.0,6,0,0,0,2.0,0
0.4096,32,0,0.9531,8203.0,14,0,2,0,3.0,0
0.6981,38,0,0.6836,6839.0,6,0,1,0,0.0,0
0.3993,47,0,0.1094,20251.0,12,0,2,0,0.0,0
0.1848,75,0,0.615,,12,0,1,0,1.0,0
0.0896,67,0,0.7787,4852.0,14,0,1,0,0.0,0
0.4433,29,0,0.5188,,6,0,1,0,0.0,0
1.1394,71,0,0.2199,4085.0,11,0,1,0,0.0,1
0.2844,71,0,0.4902,6371.0,10,0,1,0,0.0,0
0.057,36,0,0.075,5552.0,6,0,2,0,2.0,0
0.7788,21,0,0.1335,,6,0,0,0,0.0,0
0.0802,51,0,0.4532,,12,0,0,0,1.0,0
0.5693,68,0,0.4439,3984.0,10,0,0,0,1.0,0
0.4461,74,0,0.2046,11290.0,11,0,1,0,1.0,0
0.0625,40,0,0.5532,3155.0,12,0,0,0,0.0,0
2.0144,77,0,0.5681,5305.0,9,0,0,0,1.0,1
0.4336,21,0,0.6694,4686.0,7,0,0,0,4.0,0
0.1317,47,0,0.1061,4640.0,11,0,1,0,1.0,0
2.1816,46,1,0.3508,2781.0,4,0,0,1,0.0,0
0.4327,68,0,0.0931,,8,0,2,0,1.0,0
0.5552,70,0,0.1321,6494.0,12,0,3,0,4.0,0
0.2663,65,0,0.7025,7010.0,9,0,1,0,0.0,0
0.3021,33,0,0.4757,3418.0,10,0,0,0,3.0,0
0.074,64,0,0.5149,8064.0,9,0,0,0,0.0,0
0.7938,59,0,0.7527,5322.0,13,0,2,0,0.0,1
0.3032,29,0,0.6028,5808.0,10,0,2,0,0.0,0
0.2568,23,0,0.089,5981.0,8,0,0,0,0.0,0
0.8223,67,0,0.1714,6247.0,4,0,2,0,1.0,0
1.597,49,0,0.4409,3945.0,8,0,0,0,0.0,0
0.3529,34,0,0.0743,,10,0,0,0,0.0,0
0.138,49,0,0.4169,6407.0,7,0,0,0,1.0,0
1.0036,57,0,0.4801,4840.0,11,0,2,0,0.0,0
0.0015,51,0,0.9092,8533.0,8,0,1,0,,0
0.335,30,0,0.4651,4904.0,5,0,1,0,0.0,0
0.2837,78,0,0.0626,,6,0,0,0,0.0,0
0.2943,66,0,0.4922,6897.0,8,1,0,0,0.0,1
0.7864,47,0,0.8912,3646.0,7,0,2,0,2.0,0
0.5411,48,0,0.8424,3491.0,6,0,1,0,1.0,0
0.3396,57,0,0.7108,4579.0,10,0,2,0,0.0,0
0.5695,36,0,0.2168,5745.0,13,0,1,0,0.0,0
0.3372,57,0,0.7115,8964.0,4,0,0,0,1.0,0
0.174,33,0,0.2128,13042.0,18,0,0,0,0.0,0
1.9794,51,0,0.1523,,11,0,0,0,1.0,0
1.3086,36,0,1.1411,,7,0,0,0,2.0,0
0.5896,36,0,0.223,13680.0,10,0,2,0,1.0,0
0.0228,75,1,0.5735,7499.0,6,0,1,0,3.0,0
0.321,53,0,0.172,1558.0,7,0,1,0,1.0,0
0.008,55,0,0.4526,,6,0,2,0,1.0,0
0.0009,24,0,0.1273,8704.0,12,0,0,0,0.0,0
0.3675,44,0,0.5589,,13,0,0,0,0.0,0
0.8699,58,1,0.1853,,6,1,0,0,1.0,0
0.0346,55,0,0.8825,2864.0,11,0,0,0,1.0,0
0.1768,22,0,0.3451,3484.0,7,0,3,0,0.0,0
0.6008,55,0,0.6911,6125.0,8,0,0,0,3.0,0
0.241,57,0,0.0899,3793.0,5,0,0,0,1.0,0
0.6027,70,1,1.1322,,6,0,3,0,1.0,1
0.1838,43,0,0.0979,2960.0,3,0,1,0,2.0,0
0.2225,21,0,0.8165,,8,0,0,0,1.0,0
0.3163,38,0,0.3799,11549.0,12,0,0,0,2.0,0
0.9044,37,0,1.1411,,10,0,2,0,0.0,1
0.2121,62,0,0.8854,,9,0,1,0,0.0,0
1.2232,21,0,0.8308,2740.0,8,0,1,0,1.0,0
0.4747,46,0,0.5703,,4,0,0,0,0.0,1
0.1242,72,0,0.0259,5614.0,6,0,0,0,0.0,0
0.4812,52,0,0.1879,3861.0,5,0,1,0,0.0,0
0.5789,65,0,0.4414,2559.0,8,0,1,0,2.0,0
0.4064,29,0,0.0632,5686.0,9,0,2,0,1.0,0
0.1567,30,0,0.311,5421.0,8,0,0,0,0.0,0
0.1243,72,0,0.7034,4301.0,6,0,0,0,0.0,0
0.5307,53,0,0.079,9962.0,9,0,0,0,0.0,0
2.9956,53,0,0.5147,,9,0,2,0,3.0,0
0.9893,36,0,0.3702,19115.0,5,0,2,0,2.0,0
0.2324,53,0,0.4025,13515.0,8,0,0,0,2.0,0
0.8116,36,0,0.5307,,6,0,1,0,0.0,0
0.7273,69,0,0.9586,4002.0,11,0,0,0,0.0,1
0.4012,90,0,0.7693,12569.0,8,0,0,0,1.0,0
0.8434,59,0,0.3458,12528.0,13,0,4,0,1.0,0
0.3932,43,0,0.9837,,12,0,0,0,0.0,0
0.3836,21,0,0.8282,5277.0,6,0,1,0,1.0,0
0.0555,28,0,0.0533,32307.0,6,0,0,0,1.0,0
0.8338,74,0,1.1532,2722.0,10,0,1,0,1.0,0
0.4989,38,0,0.3345,2527.0,7,0,2,0,0.0,0
0.277,47,0,1.0439,,8,0,1,0,0.0,0
0.0411,61,0,0.8028,,8,0,1,0,2.0,0
0.2152,73,0,0.1874,4067.0,9,0,2,0,1.0,0
4.2331,49,0,0.209,7201.0,8,0,2,0,1.0,0
0.738,46,0,0.8982,,8,0,4,0,0.0,0
0.6919,53,0,0.4962,2003.0,6,0,3,0,2.0,0
0.2324,43,0,0.5826,6413.0,12,0,0,0,0.0,0
0.1588,44,0,0.8078,14163.0,8,0,0,0,0.0,0
0.5793,58,0,0.2527,8525.0,4,0,0,0,3.0,0
0.0572,55,0,0.2957,6099.0,10,0,0,0,1.0,0
0.5423,82,0,0.2705,2597.0,14,0,1,0,2.0,0
0.7653,58,0,0.3873,17738.0,6,1,1,0,0.0,0
0.8597,68,0,0.7488,3492.0,17,0,1,0,1.0,0
0.0144,37,0,0.3662,,4,0,1,0,1.0,0
0.3791,59,0,0.1729,,14,0,1,0,0.0,0
0.3226,42,0,0.3206,,7,0,0,0,3.0,0
0.2414,58,0,0.1547,3206.0,9,0,0,0,1.0,0
0.49,62,0,0.3015,5366.0,10,0,0,0,1.0,0
0.294,53,0,0.8602,1142.0,4,0,4,0,0.0,0
0.2334,86,0,0.7633,6009.0,11,0,1,0,0.0,0
0.3154,72,2,0.6382,5476.0,6,1,1,0,1.0,0
0.2016,68,0,0.2963,4444.0,10,0,0,0,1.0,0
0.1114,63,0,0.3033,4815.0,3,0,1,0,1.0,0
0.5887,77,0,0.5312,17016.0,12,0,0,0,1.0,1
0.2893,32,0,0.1368,1667.0,4,0,0,0,2.0,0
0.7094,71,0,0.7001,3465.0,13,0,1,0,1.0,0
0.5412,38,4,0.5792,6484.0,8,0,0,0,1.0,0
0.5597,44,0,0.3092,1552.0,7,0,0,0,0.0,0
0.1896,60,0,0.2244,,8,0,0,0,0.0,0
0.3045,69,0,0.9483,,8,0,1,0,0.0,1
0.5961,36,0,0.4465,,9,0,1,0,0.0,0
0.7586,45,0,0.1636,11182.0,8,0,0,0,,0
0.3181,53,0,0.2605,2921.0,5,0,0,0,1.0,0
0.0816,49,2,0.4362,12412.0,8,1,3,0,1.0,0
6.0845,64,0,0.8341,5629.0,10,0,1,0,2.0,0
0.2151,95,0,0.4816,9766.0,5,0,0,0,0.0,0
0.2871,58,0,0.524,1477.0,10,0,2,0,1.0,0
0.3213,42,0,0.7403,3570.0,7,0,1,0,,0
0.7945,34,0,0.7798,10353.0,8,0,1,0,0.0,0
0.7318,47,0,0.3056,2713.0,10,0,2,0,2.0,0
0.6807,39,0,0.5065,,5,0,0,0,1.0,0
0.1304,59,0,0.7378,6315.0,4,0,3,0,0.0,0
0.1058,58,0,0.3166,4594.0,4,0,0,0,0.0,0
0.1939,46,0,0.1771,24353.0,12,0,0,0,3.0,0
0.3735,80,0,0.6052,12481.0,12,0,1,0,1.0,0
0.9902,42,0,0.6996,9154.0,8,0,1,0,0.0,0
0.1728,50,2,0.6751,,7,0,3,0,0.0,0
0.5465,61,0,0.4941,10507.0,8,0,2,0,3.0,0
0.0976,64,0,0.0864,,9,0,1,0,1.0,0
0.8871,70,0,0.5273,7912.0,4,0,0,0,0.0,0
0.421,58,0,0.204,3789.0,6,0,1,0,1.0,0
0.1265,67,0,0.8047,6055.0,8,0,1,0,2.0,0
0.0817,43,0,0.6173,3260.0,6,0,2,0,1.0,0
0.0409,65,0,0.6552,2519.0,12,0,1,0,0.0,0
0.1965,65,0,0.4982,31202.0,5,0,1,0,0.0,0
1.6702,73,0,0.5781,,6,0,1,0,0.0,1
0.186,29,0,0.2593,,7,0,1,0,0.0,0
5.4303,39,0,0.8026,2558.0,8,0,3,0,2.0,0
6.38,64,2,0.897,2637.0,13,1,1,0,2.0,0
0.1569,21,0,0.219,4090.0,8,0,1,0,0.0,0
0.6169,59,0,1.2487,12196.0,11,0,1,0,0.0,0
0.1817,67,0,0.2697,4892.0,7,0,0,0,0.0,0
0.0999,44,0,0.929,,14,0,2,0,1.0,0
0.5065,46,1,0.5786,9346.0,8,1,2,0,0.0,0
0.3864,37,0,0.4462,4926.0,8,0,1,0,1.0,0
0.139,45,0,0.525,3303.0,9,0,3,0,0.0,0
0.2126,45,0,0.421,,9,0,0,0,1.0,0
0.3166,42,0,0.283,2428.0,7,0,0,0,1.0,0
0.0451,42,0,0.7024,4179.0,11,0,2,0,1.0,0
0.6934,48,0,1.095,4641.0,13,0,2,0,0.0,0
0.0341,48,0,0.6015,8043.0,10,0,1,0,2.0,0
0.8668,78,0,0.1415,,10,0,0,0,2.0,0
0.2742,46,0,0.2368,6237.0,4,0,0,0,1.0,0
0.3958,57,0,0.6182,13691.0,10,0,1,0,1.0,0
0.5239,44,0,0.0317,2183.0,8,0,0,0,0.0,0
2.1812,44,0,0.928,,5,0,5,0,0.0,0
0.3636,28,1,0.2015,11813.0,9,0,2,0,2.0,1
0.1444,30,0,0.493,4684.0,14,0,1,0,1.0,0
2.5734,35,0,0.4425,2247.0,8,0,2,0,1.0,0
0.0939,55,0,0.1456,3284.0,5,0,1,0,1.0,0
2.1722,67,0,0.8223,6706.0,8,0,2,0,1.0,0
0.4352,27,0,0.5658,2314.0,5,0,2,0,1.0,1
0.6449,44,0,0.7282,2280.0,10,0,1,0,1.0,0
0.0799,33,0,0.4594,5136.0,9,0,0,0,1.0,0
1.2755,48,0,0.4721,8036.0,9,0,0,0,2.0,0
0.1004,67,0,0.4215,,8,0,1,0,2.0,0
0.6119,46,0,0.6744,4811.0,3,0,0,0,2.0,0
0.4225,51,0,0.3451,,6,0,1,0,2.0,0
1.1041,72,0,0.1565,5915.0,14,0,2,0,0.0,0
0.4944,58,0,0.1896,19135.0,13,0,0,0,1.0,0
0.4719,41,0,0.6722,,14,0,0,0,1.0,1
0.4206,54,0,0.6166,19306.0,6,0,1,0,2.0,0
0.7156,40,0,0.3899,10824.0,7,0,0,0,0.0,0
0.2269,58,0,0.1378,5003.0,9,0,1,0,,0
0.2377,59,0,0.7798,2969.0,3,0,2,0,2.0,0
0.457,33,0,0.5621,2197.0,12,0,0,0,0.0,0
0.8316,54,0,0.5857,10075.0,11,0,0,0,1.0,0
0.4737,50,0,0.1491,4618.0,9,0,0,0,0.0,0
0.1256,60,0,0.5464,4146.0,9,0,0,0,0.0,0
0.6108,64,0,1.0815,10688.0,5,0,1,0,1.0,0
0.4959,59,0,0.5052,5189.0,4,0,2,0,1.0,1
0.4284,48,0,0.5241,,5,0,1,0,1.0,0
0.4664,65,0,0.4935,835.0,10,0,0,0,0.0,1
0.1856,40,1,0.5572,,8,0,1,2,1.0,0
0.5057,34,0,0.1923,11189.0,12,0,2,0,,0
0.1487,21,0,0.3193,6260.0,9,0,1,0,0.0,0
0.7204,51,0,0.11,,7,0,1,0,1.0,0
1.0697,40,0,0.1025,1814.0,9,0,1,0,0.0,0
0.9038,58,2,0.7911,3170.0,5,0,1,0,0.0,0
0.196,24,0,0.3393,3731.0,6,0,0,0,1.0,0
0.5874,43,0,0.4726,7205.0,9,0,1,0,1.0,0
0.6724,59,0,0.1001,5498.0,6,0,0,0,0.0,0
0.5694,38,0,1.083,1891.0,8,0,0,0,2.0,0
0.1236,58,0,0.3855,9143.0,3,0,0,0,3.0,0
0.1934,44,0,0.1671,8948.0,6,0,0,0,0.0,0
0.0261,52,0,0.6228,8288.0,8,0,1,0,0.0,0
0.0943,60,0,0.1445,8818.0,10,0,0,0,0.0,0
1.0258,65,0,0.8042,7373.0,7,4,1,0,2.0,0
0.3509,53,0,0.7195,11086.0,10,0,0,0,1.0,0
0.017,41,0,0.8465,5829.0,8,1,1,2,1.0,0
1.0481,46,0,0.4865,11823.0,6,0,2,0,0.0,0
0.965,61,0,0.3819,,9,0,1,0,0.0,0
4.1327,38,0,0.8386,7070.0,7,0,1,0,2.0,0
0.3678,50,0,0.7329,12501.0,10,0,1,0,1.0,0
1.7918,47,0,0.0818,4149.0,7,0,0,0,0.0,0
0.0732,51,0,0.5667,3900.0,10,0,0,0,2.0,0
6.616,38,0,0.6035,11543.0,10,0,1,0,0.0,0
0.9349,26,0,0.3109,5640.0,9,0,2,0,2.0,1
0.3094,59,0,0.3174,7110.0,12,0,0,0,0.0,0
0.6493,65,0,1.2865,,6,0,1,0,3.0,0
2.1946,27,0,0.0533,,11,0,0,0,1.0,0
0.2797,57,0,0.637,3921.0,8,0,1,0,0.0,0
0.0552,67,0,0.5634,1843.0,11,0,2,0,1.0,0
0.3704,60,0,0.403,10307.0,10,0,0,0,2.0,0
1.0865,46,0,0.6551,4298.0,9,0,2,0,0.0,0
3.3371,39,0,0.1632,6424.0,6,0,0,0,1.0,0
0.8023,53,0,0.4151,,9,0,3,0,1.0,0
0.2313,55,0,0.4601,8614.0,10,0,1,0,0.0,0
1.6708,53,0,0.4665,4824.0,6,0,0,0,1.0,0
0.6451,49,0,0.1193,1397.0,5,0,1,0,1.0,0
0.5483,37,0,0.7889,,5,0,0,0,1.0,0
0.6519,58,0,0.1996,15446.0,7,0,2,0,1.0,0
5.9101,59,0,0.2296,,4,0,3,0,1.0,0
0.5033,55,0,0.1621,7229.0,11,0,2,0,1.0,0
0.6741,54,0,0.2871,10556.0,7,0,0,0,2.0,0
0.8449,76,0,0.459,11972.0,11,0,0,0,0.0,0
0.3467,43,0,0.3973,14314.0,11,0,1,0,3.0,0
0.2002,70,0,0.2671,4422.0,13,0,0,0,2.0,0
0.6496,42,1,0.4785,9984.0,2,0,5,2,1.0,0
0.3045,68,1,0.314,6070.0,3,0,3,3,0.0,0
0.6103,69,0,0.2578,3515.0,6,0,1,0,0.0,0
1.2221,48,1,0.2301,,7,0,1,0,1.0,0
0.3284,75,1,0.4472,,9,0,2,0,0.0,0
0.2909,59,0,0.4356,5782.0,7,0,1,0,0.0,0
0.237,40,0,0.8767,,8,0,2,0,1.0,0
0.9185,47,0,0.8195,4645.0,6,0,1,0,2.0,0
2.8051,68,2,0.6592,10119.0,7,1,1,0,1.0,0
0.366,65,0,0.8165,2755.0,8,0,0,0,1.0,0
0.6443,37,0,0.2867,5188.0,6,0,0,0,1.0,0
0.2849,50,0,0.578,13347.0,5,0,0,0,2.0,0
0.1034,55,0,0.3031,3328.0,6,0,1,0,0.0,0
0.1282,45,0,0.8582,,6,0,3,0,1.0,0
1.4075,85,1,0.1227,9649.0,5,1,0,0,1.0,0
0.5514,55,0,1.0176,27379.0,7,0,2,0,1.0,0
0.4121,51,0,0.2601,2154.0,9,0,2,0,0.0,0
0.0607,69,0,0.7525,,4,0,3,0,0.0,0
1.0322,47,0,0.118,4099.0,3,0,0,0,1.0,0
0.6929,66,0,0.329,5897.0,11,0,1,0,0.0,0
3.0374,29,2,0.1296,7656.0,8,0,2,0,2.0,0
0.0345,46,0,0.4831,,6,0,2,0,0.0,0
0.6678,67,0,0.0301,21053.0,7,0,0,0,0.0,0
0.2393,74,0,0.1612,14375.0,11,0,0,0,2.0,0
0.422,41,0,0.6166,,2,0,1,0,4.0,0
0.6555,40,0,0.3288,13253.0,8,0,0,0,0.0,0
0.2307,60,0,0.368,,12,2,1,1,0.0,0
0.3819,43,0,0.3596,7783.0,9,0,1,0,0.0,0
0.3756,48,0,0.6739,2456.0,6,0,0,0,0.0,0
0.0562,64,0,0.3016,,7,0,2,0,0.0,0
0.0424,44,0,0.4846,4773.0,5,0,1,0,1.0,0
0.1226,24,0,0.3938,2745.0,11,0,1,0,1.0,0
0.3116,34,0,0.121,3069.0,4,0,4,0,0.0,0
0.1655,52,0,0.7967,,7,0,0,0,0.0,0
0.7028,26,0,0.6575,5553.0,10,0,1,0,0.0,0
0.0154,48,0,0.5742,,9,0,0,0,1.0,0
0.1464,33,0,0.2289,4607.0,7,0,0,0,1.0,0
0.2814,75,0,0.5484,15517.0,8,0,1,0,0.0,0
0.0791,82,0,0.3032,6203.0,7,0,2,0,1.0,0
0.0943,37,0,0.4432,8981.0,12,0,1,0,0.0,0
0.7194,56,2,0.3072,5915.0,6,0,1,2,1.0,0
1.0574,39,0,0.2546,3568.0,13,0,1,0,2.0,0
0.5527,48,0,0.4392,10241.0,11,0,1,0,0.0,0
0.1971,77,0,0.1034,52985.0,12,0,0,0,1.0,0
0.1899,45,0,0.197,2574.0,7,0,1,0,1.0,0
0.6001,48,2,0.0353,7296.0,8,0,2,0,0.0,1
0.5727,39,0,0.7135,3719.0,4,0,0,0,0.0,0
0.1796,68,0,0.1003,8253.0,8,0,1,0,0.0,0
0.3292,21,1,0.0846,,9,1,1,0,0.0,0
0.8223,46,0,0.3215,,5,0,0,0,1.0,0
0.2248,51,0,0.4789,6443.0,7,0,2,0,1.0,0
0.3428,43,0,0.8843,,10,0,1,0,2.0,0
0.3855,64,0,0.6134,4773.0,8,0,2,0,0.0,0
0.6907,69,0,0.1791,5070.0,13,0,1,0,0.0,0
0.3659,32,0,0.1301,2386.0,7,0,2,0,0.0,0
0.1106,81,0,0.1376,,7,0,0,0,1.0,0
0.5571,32,0,0.89,12223.0,8,0,0,0,1.0,0
0.1011,70,0,0.1329,1916.0,7,0,2,0,0.0,0
0.1293,54,0,0.7452,3195.0,13,0,0,0,0.0,0
5.7398,45,0,0.8214,3186.0,5,0,1,0,1.0,1
0.2408,46,0,0.2116,,3,0,2,0,2.0,0
0.3487,52,0,0.1242,2245.0,6,0,1,0,0.0,0
0.6847,55,0,0.406,4104.0,4,0,2,0,1.0,0
0.8498,39,0,0.5196,7559.0,7,0,5,0,1.0,0
0.3248,49,0,0.9275,5968.0,8,0,0,0,0.0,0
2.8497,41,0,0.9337,,7,0,0,0,0.0,0
0.5664,35,0,0.5209,14861.0,6,0,0,0,0.0,0
0.9194,41,0,0.2722,2688.0,13,0,3,0,0.0,0
0.0968,36,0,0.3006,8738.0,3,0,0,0,1.0,0
0.1156,46,0,0.017,,13,0,0,0,1.0,0
0.3893,58,0,0.8813,3028.0,8,0,2,0,1.0,0
0.0248,54,0,0.615,5239.0,7,0,1,0,0.0,0
2.057,80,0,0.1615,4046.0,13,0,1,0,1.0,0
0.1167,21,0,0.2202,6077.0,6,0,3,0,0.0,0
0.0876,59,0,0.1193,2810.0,12,0,0,0,0.0,0
1.3189,52,0,0.2944,4615.0,12,0,1,0,1.0,0
0.0623,63,0,0.4943,,10,0,1,0,,0
0.5112,62,0,0.0951,,10,0,3,0,0.0,0
0.1423,50,0,0.6315,4262.0,6,0,0,0,0.0,0
0.4362,54,0,0.3684,,1,0,0,0,1.0,0
0.0409,42,0,0.5742,,6,0,1,0,1.0,0
0.0443,61,0,0.1452,7011.0,5,0,0,0,2.0,0
0.2279,26,0,0.2842,,9,0,0,0,0.0,0
0.8734,63,0,0.3787,12138.0,10,0,3,0,0.0,0
0.311,52,0,0.7276,1975.0,10,0,1,0,0.0,0
0.4576,45,0,0.2085,,8,0,2,0,2.0,0
1.636,49,0,0.3238,8372.0,6,0,3,0,1.0,0
0.4703,50,0,0.7698,,9,0,0,0,0.0,0
2.4872,70,0,0.6654,4820.0,9,0,4,0,0.0,0
3.8722,95,0,0.5043,10420.0,3,0,2,0,1.0,0
0.3364,69,0,0.2272,,7,0,0,0,0.0,0
0.1079,44,0,0.7032,,9,0,3,0,1.0,0
0.3875,61,0,0.366,6139.0,7,0,0,0,1.0,0
1.6164,61,0,0.4998,17181.0,7,0,1,0,0.0,0
0.1104,39,0,0.2182,,8,0,1,0,1.0,0
0.7414,34,0,0.3411,,6,0,2,0,2.0,0
0.351,51,0,1.0852,,6,0,0,0,0.0,0
0.0121,63,0,0.2087,31340.0,4,0,1,0,0.0,0
0.1648,29,0,0.2472,7874.0,10,0,0,0,1.0,0
0.1743,42,0,0.617,22217.0,12,0,0,0,1.0,0
1.054,60,0,0.2552,,17,0,1,0,2.0,1
0.9735,53,0,0.0994,2094.0,7,0,2,0,1.0,0
0.4779,72,0,0.6423,6558.0,6,0,2,0,2.0,0
1.6125,32,0,0.6998,7001.0,4,0,0,0,0.0,0
0.5767,85,0,0.642,4790.0,6,0,2,0,1.0,0
0.3828,30,0,0.353,5621.0,4,0,2,0,0.0,0
0.2356,24,0,0.5837,1934.0,9,0,2,0,0.0,0
0.2477,51,0,0.2418,7591.0,7,0,1,0,0.0,0
0.1375,36,0,0.6297,,9,0,0,0,0.0,0
0.5443,51,0,0.2767,3920.0,9,0,2,0,3.0,0
0.9079,51,0,0.3355,4239.0,6,0,2,0,1.0,0
0.4149,49,0,1.0799,4412.0,9,0,4,0,2.0,0
1.6513,40,0,0.7375,1989.0,7,0,0,0,2.0,0
0.0079,58,0,0.0288,,7,0,0,0,,0
0.9953,48,0,0.8387,11748.0,10,0,1,0,3.0,0
1.1603,67,0,0.4494,8976.0,4,0,1,0,1.0,0
0.2806,49,0,0.5397,13748.0,7,0,1,0,1.0,0
0.1956,38,0,0.4598,13959.0,7,0,0,0,1.0,0
0.2494,28,0,0.8903,681.0,6,0,0,0,0.0,0
0.3909,50,0,0.2363,5186.0,7,0,0,0,0.0,0
0.7128,34,0,0.6084,2957.0,12,0,1,0,2.0,0
3.442,33,0,0.6849,3349.0,5,0,1,0,0.0,1
0.0337,59,0,0.7233,,4,0,0,0,3.0,0
0.6289,27,0,0.2867,3811.0,7,0,0,0,2.0,0
0.0123,72,0,0.4366,6693.0,5,0,1,0,2.0,0
0.2193,54,0,0.3049,2910.0,6,0,0,0,0.0,0
0.5593,51,0,0.7522,15056.0,11,0,0,0,0.0,0
0.4528,38,0,0.6055,9775.0,6,0,2,0,2.0,0
0.2376,63,0,0.6545,4038.0,6,0,1,0,0.0,0
0.3052,52,0,0.0942,5063.0,8,0,1,0,0.0,0
0.1796,42,0,0.8397,9512.0,9,0,1,0,2.0,0
0.0033,55,0,0.3869,5214.0,4,0,2,0,1.0,0
0.0387,28,0,0.7595,4540.0,5,0,2,0,,0
0.0246,29,0,0.1131,,8,0,1,0,1.0,0
0.2311,36,0,0.5274,1410.0,10,0,1,0,1.0,0
0.4427,57,0,0.3374,,8,0,2,0,1.0,0
6.925,52,0,0.9629,,5,0,0,0,0.0,0
0.0924,67,0,0.6214,4138.0,9,0,1,0,2.0,0
0.2634,39,0,1.1114,5571.0,10,0,2,0,0.0,0
0.0057,60,3,0.0618,4375.0,7,0,1,0,0.0,0
6.6404,50,0,0.05,5082.0,5,0,0,0,0.0,0
0.5228,39,1,0.5301,5276.0,9,0,2,0,1.0,0
0.6376,57,2,0.9361,8767.0,12,0,0,2,1.0,0
0.3239,51,0,0.2369,3923.0,3,0,0,0,,0
0.1701,43,0,0.4441,,6,0,0,0,1.0,0
3.2189,53,0,0.9391,5248.0,6,0,1,0,2.0,0
0.6053,50,0,0.5146,2681.0,10,0,0,0,0.0,0
8.3691,50,0,0.0615,,16,0,2,0,1.0,0
0.1286,46,1,0.4677,9459.0,9,0,0,0,0.0,1
0.3395,34,0,0.2335,3475.0,6,0,2,0,0.0,0
0.7267,53,2,0.1599,,9,3,0,1,2.0,0
0.6986,41,0,0.2586,5183.0,9,0,1,0,0.0,0
0.1474,38,1,0.1361,12085.0,10,0,1,0,1.0,0
0.2589,49,0,0.9284,18954.0,12,0,0,0,0.0,0
0.1372,62,0,0.9612,5692.0,6,0,0,0,0.0,0
4.9843,55,0,0.5556,3695.0,9,0,2,0,2.0,0
0.4944,45,0,0.3218,7972.0,6,0,1,0,1.0,0
0.4258,44,0,0.2691,5033.0,8,0,1,0,1.0,0
0.1191,61,0,0.6118,6887.0,8,0,1,0,0.0,0
0.1824,21,0,0.8512,3759.0,8,0,2,0,2.0,0
0.0468,63,0,0.3209,15453.0,6,0,0,0,0.0,0
0.1999,26,0,0.1785,3256.0,3,0,0,0,0.0,0
0.4533,32,0,0.2451,7572.0,2,0,0,0,3.0,0
0.4486,45,0,0.5425,12241.0,6,0,2,0,1.0,0
0.2896,82,0,0.9339,,8,0,0,0,1.0,0
0.319,75,0,0.4639,,4,0,1,0,2.0,0
0.2463,62,0,0.2303,4458.0,10,0,0,0,0.0,0
0.7137,57,0,0.6442,3160.0,7,0,1,0,1.0,0
0.2965,26,0,0.509,9826.0,6,0,3,0,0.0,0
0.3303,54,0,0.3242,6241.0,10,0,0,0,0.0,0
0.9281,44,0,0.6075,,7,0,2,0,0.0,0
0.2942,41,0,0.7314,4037.0,7,0,2,0,0.0,0
0.0163,54,0,0.6991,2665.0,9,0,0,0,0.0,0
0.6407,45,0,0.3823,2969.0,11,0,1,0,1.0,0
0.3545,64,0,0.4003,3963.0,4,0,1,0,1.0,0
0.0642,25,0,0.2237,5952.0,8,0,2,0,0.0,1
0.2273,53,0,0.671,4505.0,4,0,1,0,3.0,0
0.573,40,0,0.5437,5751.0,9,0,0,0,1.0,0
0.4288,46,0,0.4362,4529.0,5,0,1,0,1.0,0
2.848,56,0,0.3398,4006.0,6,0,1,0,0.0,0
0.1469,36,0,0.8357,5438.0,7,0,1,0,0.0,0
0.2393,54,0,0.6565,4907.0,5,0,1,0,1.0,0
1.3141,49,0,0.5479,2266.0,8,0,1,0,0.0,1
5.388,43,0,0.2411,4767.0,7,0,0,0,0.0,0
1.8454,45,1,0.5157,13688.0,5,1,2,0,2.0,0
0.196,50,0,0.7757,13246.0,5,0,3,0,1.0,0
0.6711,41,0,0.2005,5962.0,6,0,0,0,1.0,0
0.1928,52,1,0.2957,14407.0,11,0,1,0,1.0,0
0.231,48,0,0.641,6253.0,6,0,1,0,1.0,0
0.0309,43,0,0.7159,7880.0,6,0,0,0,0.0,0
0.8604,74,2,0.6759,7073.0,8,0,0,1,1.0,0
0.1656,58,1,1.0996,6013.0,11,0,0,0,0.0,0
0.1828,47,0,1.0787,3092.0,9,0,0,0,0.0,0
2.5675,54,0,0.6319,2896.0,8,0,0,0,1.0,0
0.327,38,0,0.3495,19246.0,8,0,0,0,3.0,0
0.2972,46,0,0.226,2966.0,8,0,1,0,1.0,0
0.336,48,0,0.365,4626.0,0,0,0,0,0.0,0
0.0243,35,0,0.1859,6053.0,2,0,1,0,2.0,0
0.6835,57,0,0.462,3933.0,8,0,1,0,2.0,1
0.4604,45,0,0.353,10136.0,8,0,0,0,3.0,0
0.0811,47,0,0.9948,7283.0,8,0,3,0,0.0,0
0.1878,44,0,0.4575,,10,0,1,0,4.0,0
1.4485,93,0,0.8054,8174.0,9,0,0,0,1.0,0
0.0879,43,0,0.1769,17005.0,9,0,0,0,2.0,0
0.1117,23,0,0.8943,5750.0,12,0,0,0,1.0,0
0.6121,30,0,0.3053,,9,0,1,0,0.0,0
0.364,63,0,0.6636,,7,0,1,0,3.0,1
0.2233,71,0,0.3801,5122.0,6,0,2,0,1.0,0
0.3206,42,0,0.484,5722.0,7,0,0,0,1.0,0
0.3387,70,0,0.7704,3075.0,9,0,4,0,2.0,0
1.7647,62,0,0.4899,2874.0,11,0,2,0,1.0,0
3.5334,49,0,0.285,5018.0,6,0,1,0,0.0,0
1.4939,48,0,1.0438,7467.0,5,0,0,0,1.0,0
0.123,55,0,0.3927,8944.0,4,0,1,0,0.0,0
0.7092,64,0,0.5467,7419.0,9,0,1,0,2.0,0
0.3715,58,0,0.3551,5972.0,8,0,0,0,0.0,0
0.0528,43,0,0.4575,,5,0,1,0,,0
0.2704,50,0,0.5873,6264.0,5,0,1,0,1.0,0
0.176,80,0,1.1386,3479.0,16,0,1,0,1.0,0
0.2711,56,0,0.2522,7754.0,10,0,0,0,0.0,0
0.1328,64,0,0.3118,2478.0,9,0,1,0,0.0,0
0.0881,60,0,0.1713,5377.0,6,0,0,0,2.0,0
2.6925,56,0,0.2961,,6,0,0,0,1.0,0
1.1554,54,0,0.3906,4667.0,8,0,1,0,1.0,0
0.6601,65,2,0.3417,2302.0,7,0,0,0,,0
0.3572,62,0,0.8588,5427.0,8,0,2,0,1.0,0
0.4632,56,0,0.4419,8341.0,5,0,2,0,0.0,0
0.1705,42,0,0.4821,20164.0,10,0,0,0,2.0,0
0.6322,57,0,0.2677,5046.0,8,0,1,0,1.0,0
0.0795,51,0,0.1342,,9,0,2,0,2.0,0
0.1684,48,0,0.3666,9112.0,10,0,0,0,1.0,0
0.301,90,0,0.1421,19263.0,8,0,2,0,0.0,0
0.6263,30,0,0.5989,3200.0,11,0,0,0,2.0,0
0.1909,65,0,0.0698,,9,0,1,0,1.0,0
0.2625,40,0,0.4189,6401.0,9,0,0,0,1.0,0
3.7064,54,0,0.0935,3449.0,11,0,0,0,2.0,0
1.8349,88,0,0.376,,5,0,0,0,1.0,0
0.2917,39,0,0.7986,4205.0,6,0,4,0,0.0,0
0.5552,42,0,0.2467,4005.0,8,0,0,0,0.0,0
0.8257,52,0,0.5462,4146.0,5,0,0,0,2.0,0
0.3236,40,0,0.3816,6947.0,10,0,2,0,1.0,0
0.3241,64,0,0.126,,11,0,0,0,,0
1.4699,45,0,0.5733,8751.0,12,0,0,0,1.0,0
0.2396,61,0,0.1976,2865.0,10,0,3,0,3.0,0
0.4125,33,0,0.8338,2514.0,6,0,1,0,0.0,0
1.5805,27,0,0.2122,3695.0,4,0,0,0,0.0,0
3.1665,49,0,0.9261,,8,0,2,0,1.0,0
0.6561,30,0,0.4633,,8,0,2,0,0.0,0
0.1537,73,0,0.7616,3393.0,4,0,0,0,0.0,0
0.2214,31,0,0.5462,6777.0,5,0,1,0,0.0,0
0.4756,37,0,0.8416,4114.0,7,0,0,0,1.0,0
0.1778,58,0,0.7468,1880.0,4,0,2,0,1.0,0
0.1585,44,0,0.6212,1880.0,9,0,3,0,0.0,0
0.5322,31,0,0.8171,4100.0,10,0,0,0,0.0,0
0.5177,81,0,0.4203,4383.0,10,0,0,0,0.0,0
0.2998,38,0,0.3975,8705.0,6,0,1,0,1.0,0
0.091,49,0,0.4511,5605.0,9,0,1,0,0.0,0
0.7298,49,0,0.6028,2225.0,4,0,0,0,0.0,0
0.3791,62,0,0.3745,13897.0,9,0,1,0,0.0,0
0.18,58,0,0.9849,7428.0,9,0,0,0,1.0,0
0.1957,40,0,0.5976,8072.0,7,0,0,0,2.0,0
0.0703,47,0,0.6961,,8,0,1,0,0.0,0
0.2244,49,0,0.3952,8906.0,7,0,0,0,0.0,0
0.5818,62,0,0.9111,,7,0,1,0,0.0,0
1.4465,36,0,0.8517,,9,0,2,0,1.0,0
0.4881,80,0,0.8415,,13,0,2,0,1.0,1
0.32,41,0,0.2139,5752.0,8,0,0,0,1.0,0
1.5178,52,1,0.3599,6562.0,5,1,1,0,2.0,0
0.3208,36,0,0.7613,4235.0,4,0,0,0,1.0,0
1.0216,34,0,0.4125,1720.0,8,0,1,0,2.0,0
0.7929,40,0,0.413,,5,0,2,0,0.0,0
0.2589,38,0,0.699,3630.0,13,0,0,0,0.0,0
0.5318,46,0,0.5959,2705.0,4,0,0,0,1.0,0
0.4528,38,0,0.4191,1639.0,8,0,2,0,0.0,0
0.6082,62,0,0.5712,7307.0,5,0,2,0,1.0,0
3.65,41,1,0.6508,,9,3,0,2,0.0,0
0.8513,39,0,0.4786,6268.0,5,0,0,0,0.0,0
0.7428,46,0,0.2901,4967.0,8,0,1,0,0.0,0
0.2289,66,0,0.4038,6348.0,12,0,0,0,1.0,0
0.4763,55,0,0.5282,2529.0,11,0,2,0,0.0,0
0.189,51,0,1.0745,5351.0,5,0,2,0,0.0,0
5.5284,32,0,0.1308,8016.0,6,0,0,0,1.0,0
0.8889,36,0,0.9558,17493.0,3,0,1,0,0.0,0
6.0806,34,2,0.4205,7401.0,13,0,1,1,0.0,0
0.3242,70,0,0.4573,15377.0,13,0,0,0,0.0,1
0.8496,59,0,0.5679,,9,0,0,0,0.0,1
0.1354,40,0,0.6382,5905.0,9,0,1,0,0.0,0
0.2891,44,0,0.3996,2357.0,7,0,0,0,0.0,0
0.2805,40,0,0.3809,1480.0,10,0,1,0,0.0,0
0.1904,40,0,0.3992,3388.0,12,0,1,0,1.0,0
0.4498,58,0,0.1151,,8,0,0,0,0.0,0
0.3266,48,0,0.4438,1448.0,3,0,0,0,2.0,0
0.0998,81,0,0.5101,5939.0,9,0,1,0,0.0,0
0.0734,70,0,0.6388,17502.0,5,0,1,0,1.0,0
0.7638,70,0,0.5775,9598.0,10,0,2,0,0.0,0
5.6331,61,0,0.8049,5757.0,10,0,5,0,0.0,0
1.061,46,0,0.374,4549.0,7,0,0,0,0.0,1
0.3846,60,0,0.4284,5913.0,13,0,0,0,0.0,0
0.5606,47,0,0.6153,3856.0,13,0,1,0,2.0,0
0.2188,75,0,0.6938,6751.0,6,0,1,0,1.0,0
1.4027,58,0,0.559,7183.0,8,0,2,0,1.0,1
0.785,56,0,0.4954,2644.0,6,0,1,0,0.0,0
0.0475,54,0,0.5006,,7,0,1,0,1.0,0
2.571,76,0,0.4106,3099.0,4,0,0,0,0.0,0
0.4616,32,0,0.4274,6518.0,6,0,1,0,0.0,0
0.0088,78,0,0.3303,2846.0,9,0,2,0,2.0,0
0.1325,49,0,0.3902,3766.0,11,0,2,0,1.0,0
0.0722,32,0,0.6291,3024.0,5,0,2,0,2.0,0
0.2462,41,0,1.2064,5029.0,6,0,0,0,1.0,0
4.1041,29,0,0.4494,,10,0,1,0,1.0,1
3.3359,61,0,0.9724,2885.0,8,0,1,0,2.0,0
0.9447,37,0,0.6463,10505.0,6,0,0,0,0.0,0
0.637,54,0,0.1768,,10,0,0,0,0.0,0
0.6243,68,0,0.7753,3183.0,13,0,0,0,0.0,0
0.2914,43,0,0.3995,,9,0,4,0,1.0,0
0.1918,48,0,0.3446,9695.0,7,0,0,0,0.0,0
0.8004,34,0,0.3727,,6,0,1,0,0.0,0
0.1312,47,0,0.806,12432.0,6,0,2,0,2.0,0
0.1878,88,0,0.5154,,4,0,1,0,0.0,0
0.6388,63,0,1.025,,7,0,0,0,0.0,0
0.4466,48,0,0.4986,,10,0,2,0,2.0,0
0.0013,43,0,0.2359,4422.0,7,0,2,0,2.0,0
0.2129,51,0,0.7059,9726.0,4,0,0,0,1.0,0
0.1624,54,0,0.7527,6569.0,14,0,3,0,0.0,0
0.538,46,0,0.6423,2469.0,6,0,0,0,2.0,0
1.01,59,0,0.2587,4509.0,8,0,1,0,1.0,0
0.1098,39,0,0.5043,4687.0,7,0,1,0,1.0,0
0.1879,39,0,0.6677,19562.0,7,0,0,0,0.0,0
0.9595,57,0,0.6617,,3,0,2,0,,0
0.0985,36,0,0.3854,,10,0,0,0,1.0,0
0.6896,62,0,0.8282,4948.0,8,0,3,0,1.0,1
0.0824,52,0,0.6647,,14,0,2,0,1.0,0
1.0292,26,0,0.6841,6197.0,13,0,2,0,0.0,0
0.1373,54,0,0.5609,1982.0,8,0,1,0,1.0,0
0.5049,28,0,0.3894,7100.0,11,0,1,0,1.0,0
0.4889,62,0,0.5012,5222.0,12,0,0,0,0.0,0
0.5444,49,0,0.3607,5727.0,5,0,3,0,0.0,0
0.0519,78,0,0.2995,2359.0,9,0,0,0,1.0,0
0.2754,67,0,0.6197,2774.0,11,0,1,0,1.0,0
0.2799,37,0,0.5481,,11,0,0,0,1.0,0
0.1988,24,0,0.3362,3474.0,6,0,1,0,1.0,0
0.4493,41,0,1.0064,2859.0,7,0,1,0,0.0,0
0.129,35,0,0.7473,,6,0,0,0,0.0,0
1.0363,78,0,0.6844,4355.0,8,0,2,0,1.0,0
1.86,52,1,0.5813,4271.0,9,0,0,0,0.0,0
0.2486,65,0,0.5585,2602.0,8,0,2,0,1.0,0
0.0769,48,0,0.7143,31689.0,8,0,1,0,0.0,0
5.7434,49,2,0.1917,,12,0,1,2,0.0,0
0.1882,52,2,0.1538,6355.0,8,0,0,0,0.0,0
0.462,67,0,0.2733,9603.0,7,0,1,0,1.0,0
0.2057,56,0,0.8223,826.0,11,0,0,0,0.0,0
0.2668,37,0,0.5926,1260.0,9,0,0,0,0.0,0
0.2491,75,0,0.4954,7235.0,2,0,2,0,0.0,0
0.5107,48,0,0.7532,19454.0,9,0,1,0,1.0,0
0.0747,46,2,0.5402,2636.0,8,0,1,0,1.0,1
0.366,21,0,0.2224,3514.0,8,0,4,0,2.0,0
0.0106,61,0,0.3346,9702.0,8,0,3,0,3.0,0
1.2097,53,0,0.5346,7659.0,7,0,0,0,0.0,0
0.1926,53,0,0.6914,8639.0,10,0,2,0,1.0,0
0.554,46,1,0.8503,7715.0,9,0,2,0,1.0,0
0.1317,44,0,0.8615,,6,0,0,0,1.0,0
1.0011,47,0,0.701,8748.0,7,0,0,0,1.0,0
0.4466,58,0,0.8254,1706.0,5,0,0,0,1.0,0
0.1568,61,0,0.5164,9338.0,4,0,1,0,1.0,0
0.4609,49,0,0.4242,8009.0,5,0,0,0,3.0,0
0.4319,65,0,0.4412,2524.0,9,0,1,0,0.0,0
1.9406,51,0,0.6276,1994.0,5,0,2,0,0.0,0
1.6369,45,0,0.4684,5417.0,5,0,2,0,,0
0.5755,55,0,0.4274,5290.0,12,0,1,0,1.0,0
0.2902,33,0,0.3653,2720.0,9,0,0,0,1.0,0
0.043,55,0,0.5916,,7,0,2,0,0.0,0
0.5397,30,0,0.2478,11488.0,10,0,1,0,3.0,0
0.5226,38,0,0.3922,7250.0,8,0,1,0,0.0,0
0.4416,24,0,1.1928,,5,0,3,0,0.0,0
0.4461,50,0,0.2885,,10,0,2,0,0.0,0
0.7918,75,0,0.6348,12670.0,7,0,0,0,1.0,0
0.1535,50,0,0.4198,,5,0,2,0,2.0,0
0.6519,61,0,0.3007,1991.0,8,0,3,0,2.0,0
2.2022,85,0,0.2715,11715.0,6,0,0,0,0.0,0
0.7303,58,0,0.868,,5,0,3,0,2.0,1
0.4751,41,0,0.0882,5538.0,6,0,0,0,2.0,0
0.9124,43,0,0.464,,6,0,1,0,2.0,0
0.1503,52,0,0.2583,6758.0,7,0,2,0,0.0,0
1.232,43,0,0.3743,5112.0,11,0,1,0,1.0,0
0.174,44,0,0.677,10990.0,6,0,0,0,0.0,0
0.2303,66,0,0.3696,5229.0,8,0,3,0,0.0,0
2.9814,66,0,0.5919,9193.0,7,0,2,0,0.0,0
0.1899,29,3,0.2468,,9,0,2,0,0.0,0
0.8971,41,0,0.8033,,11,0,1,0,2.0,0
0.3764,46,0,0.5409,2786.0,6,0,0,0,1.0,0
0.0237,60,0,0.341,,6,0,0,0,0.0,0
0.0331,68,0,0.2945,2555.0,4,0,1,0,1.0,0
3.599,90,2,0.5934,,5,2,1,0,0.0,0
0.4163,45,0,0.26,1599.0,8,0,3,0,0.0,0
0.4879,46,0,0.4359,4610.0,5,0,1,0,0.0,0
0.4523,60,0,0.6218,3577.0,8,0,0,0,1.0,0
0.832,42,1,0.7815,5392.0,12,0,0,0,2.0,0
0.0964,50,0,0.452,3469.0,6,0,0,0,0.0,0
0.9657,46,0,0.3797,1500.0,12,0,0,0,0.0,0
0.9248,21,0,0.1244,6516.0,11,0,0,0,0.0,0
2.0932,54,0,0.2363,4354.0,4,0,0,0,1.0,0
0.4605,49,0,0.4199,,8,0,2,0,0.0,0
0.6117,70,0,0.4757,,3,0,1,0,0.0,1
0.1947,52,0,0.3224,3009.0,3,0,2,0,4.0,0
0.8703,34,0,0.8562,6477.0,11,0,2,0,2.0,0
0.9194,48,0,0.3756,6382.0,6,0,0,0,1.0,0
0.0817,23,0,0.7107,8129.0,11,0,0,0,0.0,0
0.5435,35,0,0.5309,1655.0,6,0,0,0,1.0,1
7.5622,61,0,0.6051,,3,0,2,0,0.0,0
0.2436,49,1,0.125,7417.0,9,0,3,1,1.0,0
0.0173,65,0,0.0527,9018.0,9,0,4,0,4.0,0
0.1843,24,0,0.3088,5778.0,8,0,2,0,2.0,0
0.6358,49,0,0.9766,9180.0,5,0,0,0,0.0,0
4.5985,45,0,0.2388,19083.0,5,0,3,0,,0
0.3891,65,0,0.8919,,6,0,2,0,1.0,0
0.1719,61,0,0.5272,11428.0,9,0,0,1,1.0,0
2.6253,61,0,0.2777,,15,0,0,0,0.0,0
0.8839,74,0,0.6233,7380.0,7,0,0,0,0.0,0
0.3104,47,0,0.7362,6780.0,10,0,1,0,1.0,0
0.5004,71,0,0.0787,6074.0,7,0,1,0,2.0,0
0.2454,37,0,0.7631,,7,0,0,0,1.0,0
0.0445,37,0,0.3758,6318.0,10,0,0,0,2.0,0
0.033,63,0,0.7256,3214.0,10,0,1,0,0.0,0
0.0101,31,0,0.165,3533.0,10,0,2,0,1.0,0
0.5057,60,3,0.1675,3618.0,7,0,0,1,1.0,0
0.6701,53,0,0.4682,7753.0,7,0,1,0,1.0,0
0.1805,67,0,0.2335,6294.0,10,0,0,0,0.0,0
0.2563,51,0,1.2143,11375.0,9,0,2,0,3.0,0
0.2011,53,0,0.3756,13302.0,7,0,2,0,0.0,0
0.456,59,0,0.774,9748.0,10,0,1,0,1.0,0
1.5925,43,0,0.2709,3559.0,5,0,0,0,0.0,0
0.5525,42,0,0.5989,6844.0,5,0,3,0,0.0,0
0.0931,59,3,0.2485,,2,1,2,0,0.0,0
0.1827,52,0,1.0206,3273.0,12,0,0,0,0.0,0
0.4005,46,0,0.1392,7007.0,3,0,0,0,0.0,0
0.1663,51,0,0.5352,,6,0,2,0,0.0,0
0.3163,74,0,0.9888,,8,0,0,0,1.0,0
0.575,46,0,0.2369,6271.0,7,0,0,0,0.0,0
0.4098,45,0,0.1841,7007.0,9,0,0,0,0.0,0
2.2948,28,0,0.6067,13594.0,9,0,1,0,0.0,0
0.2172,51,0,0.1846,3247.0,7,0,1,0,0.0,0
0.538,61,0,0.7416,7568.0,8,0,2,0,0.0,0
0.6599,64,0,0.192,3906.0,10,0,0,0,1.0,0
0.1182,54,0,0.4276,8156.0,7,0,1,0,2.0,0
0.3067,65,0,0.7879,,2,0,0,0,1.0,0
0.0335,62,0,0.2825,5037.0,9,0,0,0,1.0,0
0.1638,68,0,0.9336,8753.0,11,0,1,0,0.0,0
0.6634,66,0,0.7083,3080.0,7,0,3,0,2.0,0
3.2859,74,0,1.0664,7618.0,11,0,0,0,1.0,0
0.7426,50,0,0.0519,,9,0,1,0,1.0,1
0.4065,33,0,0.5038,,4,0,4,0,1.0,0
0.5519,61,0,0.7446,,9,0,3,0,2.0,0
0.3747,63,0,0.2616,4415.0,14,0,0,0,1.0,0
4.7292,74,0,0.2357,4267.0,17,0,2,0,2.0,1
0.0919,70,0,0.7171,5258.0,6,0,3,0,0.0,0
0.3445,79,0,0.4147,18853.0,10,0,0,0,1.0,0
0.3275,61,1,0.5788,10162.0,8,0,1,0,0.0,0
0.2771,55,0,0.4673,6331.0,7,0,1,0,3.0,0
2.9835,33,0,0.8636,3997.0,9,0,1,0,0.0,1
0.1685,56,0,0.0253,7549.0,10,0,1,0,1.0,0
0.3908,44,0,0.6946,4469.0,8,0,0,0,0.0,0
0.518,55,0,0.8044,,9,0,4,0,1.0,1
0.4361,53,0,0.4915,2771.0,9,0,1,0,1.0,0
0.0921,59,0,0.3857,8842.0,9,0,2,0,1.0,0
0.5556,51,0,0.6801,,6,0,1,0,0.0,0
1.0705,65,3,0.2334,2157.0,9,0,3,2,0.0,0
0.5657,21,0,0.6823,8610.0,11,0,1,0,1.0,0
0.0845,55,0,1.1037,9139.0,7,0,1,0,1.0,0
0.7234,69,0,0.6319,2311.0,5,0,1,0,0.0,0
0.3924,78,0,0.7584,14746.0,11,0,1,0,1.0,0
0.1824,62,1,0.3914,4163.0,5,1,0,0,1.0,0
0.1804,76,0,0.0834,7509.0,12,0,2,0,1.0,0
0.9602,54,0,0.5185,5464.0,6,0,1,0,0.0,0
0.1656,52,1,0.4812,5076.0,5,0,4,0,0.0,0
6.2437,59,0,0.2574,,7,0,3,0,0.0,0
0.1516,52,0,0.9747,5955.0,8,0,2,0,1.0,0
2.0556,41,0,0.3863,4611.0,9,0,3,0,2.0,0
0.6777,45,0,1.2213,8913.0,13,0,1,0,0.0,0
0.1762,36,0,0.8614,5858.0,8,0,1,0,1.0,0
0.6881,59,0,0.4635,,12,0,2,0,1.0,0
0.3717,52,4,0.1479,3133.0,7,0,0,0,1.0,0
0.3764,47,0,0.6108,3760.0,8,1,1,4,0.0,0
0.5832,44,0,0.0994,,9,0,1,0,1.0,0
0.3156,59,0,0.314,,6,0,0,0,,0
0.3651,63,0,0.1808,,8,0,2,0,1.0,0
1.8955,36,0,0.4415,3067.0,7,0,3,0,0.0,0
0.1023,34,0,0.524,,5,0,1,0,3.0,0
0.7169,65,0,0.193,7810.0,6,0,1,0,0.0,0
4.8466,33,0,0.447,8895.0,6,0,0,0,0.0,0
0.9867,60,0,0.4901,1613.0,8,0,2,0,0.0,0
0.6462,75,0,0.8994,1796.0,8,0,3,0,0.0,1
0.0174,75,0,0.114,7662.0,8,0,1,0,0.0,0
0.3477,62,0,0.9347,9876.0,7,0,1,0,1.0,0
0.0151,62,0,0.5309,3434.0,9,0,0,0,1.0,0
1.2039,84,0,0.7863,5112.0,5,0,1,0,0.0,1
2.1335,21,0,0.7226,6414.0,7,0,0,0,1.0,0
0.4272,45,0,0.567,9678.0,11,0,2,0,0.0,0
0.3785,64,0,0.5099,4998.0,7,0,0,0,0.0,0
0.3646,47,0,0.7104,,9,0,1,0,0.0,0
0.4421,69,0,0.1298,4230.0,8,0,0,0,1.0,1
0.9278,51,0,1.0032,2546.0,5,0,1,0,1.0,0
0.0491,54,0,0.1645,5054.0,10,0,0,0,0.0,0
0.4365,48,0,0.8558,8648.0,14,0,1,0,1.0,0
0.6388,45,0,0.2724,3183.0,8,0,0,0,1.0,0
0.7591,44,0,0.8047,6166.0,11,0,0,0,3.0,0
1.3504,56,0,0.2947,,3,0,0,0,0.0,0
0.0033,41,0,0.6291,2886.0,10,0,1,0,0.0,0
0.2985,65,0,0.4128,,7,0,2,0,0.0,0
0.4625,61,0,0.6728,9884.0,8,0,0,0,1.0,0
0.0471,67,0,0.5924,2911.0,8,0,1,0,1.0,0
0.8863,36,0,0.3002,5778.0,7,0,1,0,0.0,0
0.2185,28,0,0.6582,15648.0,9,0,1,0,0.0,0
0.7178,52,0,0.3619,7867.0,7,0,0,0,1.0,0
2.2964,93,0,0.1037,17317.0,1,0,0,0,1.0,0
1.3873,70,0,0.7539,12962.0,6,0,2,0,1.0,0
0.9996,44,0,0.3381,11927.0,5,0,0,0,1.0,0
0.2828,58,0,0.0808,,7,0,1,0,0.0,0
0.4381,62,0,0.2066,,5,0,0,0,1.0,0
0.2333,33,0,0.2966,1590.0,10,0,0,0,0.0,0
0.6171,71,0,0.3549,2282.0,13,0,2,0,1.0,0
0.3709,50,0,0.71,3951.0,9,0,1,0,0.0,0
0.1582,51,0,0.0666,,7,0,0,0,0.0,0
0.2613,52,0,0.3045,,10,0,4,0,0.0,0
0.0426,68,1,0.2006,3408.0,9,0,3,0,0.0,0
0.2021,41,0,0.1167,11470.0,9,0,3,0,0.0,0
0.5629,28,0,0.246,13123.0,7,0,0,0,1.0,0
1.5767,57,0,0.5096,,7,0,2,0,2.0,0
0.3065,23,0,0.6102,2156.0,7,0,1,0,1.0,0
0.2747,48,0,0.5135,3722.0,10,0,0,0,0.0,0
1.5187,69,0,0.8653,2375.0,7,4,0,0,3.0,0
0.604,60,0,0.5946,9904.0,11,0,1,0,1.0,0
0.4314,67,0,0.4246,3154.0,5,0,0,0,1.0,0
0.047,61,0,0.2328,2014.0,2,0,1,0,0.0,0
1.0882,86,0,0.3606,2593.0,9,0,1,0,0.0,0
0.1228,44,0,0.4891,6047.0,11,0,1,0,0.0,0
0.2423,58,0,0.8401,2874.0,4,0,0,0,2.0,0
1.3749,46,0,0.3345,7966.0,14,0,2,0,0.0,0
0.338,65,0,0.448,7609.0,4,0,0,0,0.0,0
0.2548,51,1,0.2075,7000.0,11,0,1,2,1.0,0
0.4138,76,0,0.7681,4935.0,4,0,1,0,0.0,0
0.2698,45,0,1.0372,,9,0,3,0,2.0,0
0.321,72,0,0.8115,12528.0,5,0,0,0,1.0,0
0.5853,60,0,0.6318,5422.0,11,0,1,0,1.0,0
0.3296,52,0,0.3549,,9,0,0,0,1.0,0
0.7393,60,0,0.348,8481.0,7,0,0,0,0.0,0
4.8783,56,0,0.7776,2925.0,10,0,0,0,0.0,1
0.2111,57,0,0.4433,4507.0,6,0,2,0,1.0,0
0.7241,49,0,0.1566,1038.0,7,0,1,0,0.0,0
0.1972,42,0,0.18,14068.0,3,0,2,0,2.0,0
0.6808,47,1,0.3117,2678.0,11,0,1,0,2.0,0
0.7509,28,0,0.5457,5204.0,9,0,1,0,0.0,1
0.4809,64,0,0.5624,6962.0,11,0,1,0,0.0,0
0.0095,35,0,0.4884,9271.0,5,0,1,0,0.0,0
0.0286,49,0,0.2089,9574.0,8,0,1,0,1.0,0
1.4953,61,0,0.818,,6,0,0,0,1.0,0
0.5807,64,0,0.5235,2418.0,8,0,1,0,2.0,1
1.0125,27,0,0.4476,3662.0,7,1,3,1,0.0,0
1.7802,51,0,0.5259,,9,0,3,0,0.0,0
0.0144,58,0,0.3987,10592.0,6,0,3,0,2.0,0
0.7511,53,0,0.7231,998.0,6,0,2,0,0.0,0
0.9321,71,0,0.5924,3825.0,5,0,1,0,0.0,0
0.4527,40,0,0.4826,,2,0,1,0,1.0,0
0.5269,23,0,0.953,6094.0,6,0,0,0,0.0,0
2.8182,63,0,0.8244,9397.0,7,0,2,0,0.0,0
3.3078,44,0,0.1681,6237.0,7,0,2,0,2.0,0
0.3725,27,0,0.2993,6018.0,5,0,2,0,1.0,0
0.2232,50,0,0.2302,4258.0,7,0,2,0,1.0,0
0.0519,69,0,0.7644,10762.0,7,0,0,0,0.0,0
0.4612,34,0,0.7401,3653.0,10,0,1,0,0.0,0
0.4363,85,0,0.3273,8497.0,5,0,1,0,0.0,1
0.4561,40,0,0.5681,3679.0,6,0,2,0,0.0,1
0.4638,53,0,0.5844,6345.0,5,0,0,0,1.0,0
0.5036,35,2,0.1147,8309.0,10,0,0,0,3.0,0
0.4416,53,0,0.476,4356.0,15,0,1,0,2.0,0
0.2543,50,4,0.0992,10301.0,2,0,0,0,4.0,0
0.0714,31,0,0.4399,12327.0,8,0,1,0,2.0,0
1.2215,92,0,0.6442,8879.0,3,0,0,0,0.0,0
2.0862,45,0,0.9414,,9,0,2,0,1.0,0
0.6357,45,0,0.2889,11629.0,15,0,1,0,1.0,0
0.4788,66,0,1.2534,,9,0,2,0,1.0,0
0.6499,77,0,0.7149,3987.0,9,0,0,0,0.0,1
0.3278,68,0,0.7541,2181.0,10,0,2,0,0.0,0
7.7172,35,0,0.435,,4,0,1,0,,0
0.4222,55,0,0.1761,11501.0,11,0,0,0,2.0,0
0.7398,26,0,0.2512,2438.0,4,0,0,0,0.0,0
0.3289,65,0,0.6414,5400.0,8,0,0,0,1.0,0
4.1283,29,0,0.2714,13504.0,6,0,1,0,0.0,0
0.4215,41,0,0.5109,4244.0,6,0,0,0,0.0,0
5.283,52,0,0.8268,3001.0,6,0,0,0,1.0,0
0.6208,58,0,0.0765,,7,0,1,0,3.0,0
0.5888,48,0,0.3841,5528.0,11,0,1,0,1.0,0
0.8681,73,0,0.6398,6307.0,7,0,1,0,1.0,0
0.0925,62,0,0.7693,4123.0,5,0,2,0,0.0,0
0.3944,61,0,0.423,8959.0,7,0,3,0,0.0,0
0.3116,35,0,0.3561,,14,0,0,0,1.0,0
0.2842,76,0,0.2534,5835.0,15,0,0,0,1.0,0
0.5337,41,0,0.6297,3388.0,6,0,0,0,3.0,0
0.3011,76,0,0.233,3443.0,6,0,0,0,0.0,0
0.6,80,0,0.3136,8360.0,9,0,1,0,1.0,0
0.9082,59,0,0.7685,,8,0,0,0,1.0,0
0.1591,66,0,0.3107,2699.0,4,0,0,0,0.0,0
1.3117,21,0,0.3663,7300.0,6,0,1,0,2.0,0
1.9748,49,0,0.6651,2860.0,4,0,1,0,0.0,0
0.2237,67,0,0.4271,21708.0,7,0,1,0,0.0,0
0.0345,65,0,0.0521,4311.0,7,0,1,0,2.0,0
0.1395,35,0,0.1071,6746.0,8,0,1,0,0.0,0
0.1629,48,0,0.2147,3116.0,13,0,0,0,0.0,0
0.5633,21,0,0.4462,6577.0,7,0,1,0,1.0,0
0.1497,58,0,0.2902,10595.0,6,0,3,0,0.0,0
0.4881,26,0,0.379,,4,0,0,0,0.0,0
0.2173,68,0,0.96,5550.0,8,0,0,0,1.0,0
0.4518,69,0,0.56,4434.0,7,0,1,0,0.0,0
0.0558,45,0,0.6126,16679.0,7,0,0,0,0.0,0
0.4014,59,0,0.663,,4,0,2,0,1.0,0
0.1703,49,0,0.6361,7309.0,11,0,0,0,1.0,0
0.1698,55,0,0.1799,2462.0,5,0,0,0,1.0,0
0.3424,36,0,0.3818,5176.0,5,0,1,0,1.0,0
4.2985,61,0,0.3658,,12,0,0,0,2.0,0
0.9721,29,0,0.3871,7825.0,12,0,0,0,0.0,0
1.2594,26,0,0.0604,4847.0,9,0,2,0,0.0,0
0.5686,50,0,0.0469,3622.0,5,0,0,0,1.0,0
0.5644,49,0,0.1971,15848.0,7,0,0,0,1.0,0
0.0782,56,1,0.1119,9747.0,13,0,1,0,0.0,0
0.6544,43,0,0.3882,2780.0,3,0,0,0,2.0,0
0.0981,78,0,0.2723,,6,0,2,0,3.0,0
1.0855,54,1,0.3859,,6,1,1,0,0.0,0
0.5248,55,0,0.7099,,11,0,1,0,1.0,0
0.1309,55,0,0.699,1564.0,4,0,0,0,0.0,0
0.081,66,0,0.7294,9941.0,10,0,0,0,1.0,0
0.6616,60,0,0.3889,7666.0,6,0,0,0,0.0,0
0.407,58,0,0.5453,14685.0,12,0,1,0,0.0,0
0.2692,62,0,0.7401,5686.0,14,0,1,0,1.0,0
0.3108,26,0,0.6431,6409.0,7,0,1,0,0.0,0
1.1005,27,0,0.6272,,4,0,1,0,1.0,1
0.1996,51,0,0.2185,7368.0,8,0,1,0,1.0,0
0.6488,49,0,0.3535,5749.0,6,0,3,0,0.0,0
0.4953,60,0,0.7974,3205.0,7,0,3,0,0.0,1
0.0049,52,0,0.3828,2591.0,8,0,2,0,0.0,0
0.33,60,0,0.4837,8865.0,9,0,0,0,1.0,0
0.1855,35,1,0.0753,4279.0,7,1,0,1,1.0,0
0.4772,52,0,0.6031,5004.0,2,0,1,0,1.0,0
0.2595,33,0,0.3633,5278.0,8,0,1,0,1.0,0
0.0969,57,0,0.2669,4499.0,6,0,3,0,2.0,0
0.2499,26,0,0.6376,5330.0,10,0,1,0,1.0,0
0.2301,57,0,0.386,5869.0,7,0,0,0,1.0,0
0.5046,31,0,0.5955,,9,0,3,0,0.0,0
0.1628,47,0,0.5301,8029.0,15,0,0,0,1.0,0
0.6116,65,0,0.849,,8,0,2,0,2.0,0
0.1851,55,0,0.2711,,7,0,0,0,0.0,0
1.6962,29,0,0.0605,,9,0,1,1,0.0,0
0.2608,43,0,0.8721,8182.0,7,0,0,0,0.0,0
0.565,31,3,0.1588,,5,0,4,0,0.0,0
0.8307,28,0,0.3402,3682.0,9,0,0,0,0.0,0
0.6668,54,0,0.4136,3636.0,8,0,2,0,1.0,0
0.6353,60,0,0.9177,8474.0,7,0,0,0,0.0,0
0.73,58,0,0.5014,,6,0,2,0,1.0,0
0.3094,60,0,0.3487,2474.0,9,0,0,0,0.0,0
0.4588,52,0,0.3538,5749.0,6,0,1,0,1.0,0
0.099,48,0,0.7119,2611.0,9,0,1,0,1.0,0
0.4952,37,0,0.0617,9251.0,8,0,0,0,0.0,0
1.716,46,0,0.1045,5319.0,5,0,0,0,2.0,0
0.4274,34,1,0.6848,8835.0,10,0,1,2,1.0,0
0.8775,40,0,0.3648,4513.0,6,0,0,0,0.0,0
0.4384,53,0,0.1229,6546.0,13,0,2,0,1.0,0
0.158,50,0,0.1861,3129.0,11,0,1,0,1.0,0
0.7311,95,0,0.4883,,12,0,1,0,0.0,0
0.5752,33,0,0.3475,6434.0,7,0,0,0,1.0,0
1.6647,50,0,0.7395,14991.0,6,0,1,0,2.0,0
0.9113,32,0,1.3164,5950.0,7,0,2,0,0.0,0
0.4149,47,0,0.5746,1367.0,2,0,2,0,1.0,0
3.3434,47,0,0.3153,2950.0,9,0,0,0,1.0,0
0.2286,64,0,0.3266,,6,0,1,0,0.0,0
4.3008,46,0,0.0062,5147.0,5,0,1,0,2.0,0
0.6348,49,0,0.3119,1864.0,9,0,1,0,0.0,0
0.9371,46,1,1.0486,10193.0,3,2,3,2,1.0,0
0.5722,32,0,0.2654,4452.0,11,0,1,0,1.0,0
0.312,43,0,0.0431,4104.0,5,0,0,0,1.0,0
1.3241,47,2,1.0516,3843.0,13,0,1,1,0.0,0
0.8251,53,0,0.2508,3421.0,8,0,0,0,1.0,0
0.2747,60,0,0.5248,6936.0,10,0,1,0,3.0,0
1.1185,49,0,0.0743,,7,0,2,0,,0
0.1887,48,0,0.8421,10205.0,5,0,1,0,0.0,0
0.3961,28,0,0.5774,4018.0,3,0,2,0,0.0,0
0.091,60,0,0.2555,2201.0,12,0,3,0,2.0,0
0.4931,42,0,0.313,3466.0,6,0,1,0,1.0,0
0.0692,62,0,0.2291,5479.0,11,0,1,0,0.0,0
0.3007,70,0,0.6443,15283.0,6,0,1,0,0.0,0
0.3693,49,0,0.8442,5345.0,9,0,0,0,1.0,0
0.2786,38,0,0.7985,4532.0,9,0,1,0,2.0,0
0.2027,52,0,0.1855,3571.0,6,0,0,0,0.0,0
0.2288,57,0,0.3045,,11,0,1,0,1.0,0
0.329,48,0,0.3531,,7,0,0,0,2.0,0
0.0058,44,0,0.2635,10227.0,12,0,2,0,1.0,0
2.2919,60,0,0.2333,3607.0,8,0,1,0,2.0,1
0.6145,59,0,0.4768,9350.0,7,0,2,0,1.0,0
0.412,47,0,0.3825,4747.0,4,0,2,0,0.0,0
0.2609,29,1,0.3811,16385.0,6,0,1,0,1.0,0
0.7421,58,0,0.6315,9882.0,9,0,0,0,1.0,0
0.406,41,0,0.6999,3862.0,6,0,0,0,0.0,0
0.5214,55,0,0.648,8979.0,7,0,1,0,2.0,0
0.2735,54,0,1.0095,4878.0,12,0,2,0,0.0,0
0.3599,26,0,0.9706,4169.0,6,0,0,0,0.0,0
0.2888,53,0,0.6457,,13,0,0,0,1.0,0
0.3269,59,0,0.1376,18800.0,7,0,1,0,0.0,0
0.3514,61,0,0.3253,6206.0,7,0,1,0,1.0,0
2.307,54,0,0.8665,4201.0,13,0,1,0,0.0,0
0.0046,24,0,0.4094,5021.0,8,0,0,0,2.0,0
0.2839,70,0,0.4608,6481.0,9,0,1,0,1.0,0
0.5169,58,0,1.0204,17434.0,7,0,1,0,,0
3.6786,35,0,0.3997,7189.0,3,0,2,0,1.0,0
0.4158,41,0,0.3649,3756.0,7,0,1,0,1.0,0
0.5034,55,0,0.7262,5446.0,4,0,0,0,0.0,0
0.5055,62,0,0.4433,8553.0,5,0,2,0,0.0,0
0.5103,45,0,0.211,3333.0,4,0,3,0,0.0,0
5.7307,64,0,0.3219,,5,0,1,0,,0
0.0172,27,0,0.3255,3491.0,10,0,0,0,1.0,0
0.044,37,0,1.0498,5033.0,3,0,0,0,0.0,0
0.2525,23,0,0.2609,,2,0,0,0,1.0,0
0.9893,39,0,0.3648,,6,0,0,0,1.0,0
0.8412,73,0,0.5292,9529.0,9,0,0,0,0.0,0
0.3662,81,0,0.2798,7223.0,8,0,0,0,1.0,0
0.6073,55,0,0.3788,,6,0,1,0,0.0,1
0.2538,43,0,1.0089,5817.0,9,0,0,0,0.0,0
0.0361,49,0,0.588,6738.0,14,0,3,0,1.0,0
0.217,59,0,0.5355,6302.0,10,0,0,0,2.0,0
0.016,30,0,0.0922,,9,0,0,0,1.0,0
0.164,44,1,0.5739,3955.0,9,1,2,1,3.0,0
0.1352,72,0,1.325,6578.0,5,0,1,0,1.0,0
0.2362,37,0,0.599,,9,0,1,0,0.0,0
0.5184,42,0,0.7269,7757.0,15,0,0,0,2.0,0
7.0126,52,0,0.3218,6574.0,11,0,3,0,2.0,0
0.688,56,3,0.207,,10,0,0,0,0.0,0
0.6018,43,0,0.8779,4642.0,8,0,0,0,2.0,0
0.1001,53,0,0.0641,2708.0,4,0,0,0,2.0,0
0.3017,61,0,0.3164,4475.0,8,0,1,0,2.0,0
2.0132,79,0,0.3319,4571.0,7,0,0,0,0.0,0
0.1036,50,0,0.101,,15,0,2,0,1.0,0
1.2484,51,0,1.0988,2512.0,8,0,0,0,3.0,0
0.2783,73,0,0.8632,1563.0,14,0,2,0,1.0,0
0.0853,44,0,0.6571,,11,0,1,0,0.0,0
0.4733,33,1,0.7549,,6,0,2,1,2.0,0
0.8013,56,2,0.4388,8451.0,8,0,1,0,1.0,0
1.1336,67,1,0.991,9804.0,7,0,1,0,0.0,0
5.3029,57,0,0.5331,4831.0,6,0,2,0,0.0,0
0.229,51,0,0.2216,6821.0,8,0,0,0,3.0,0
0.9714,32,0,0.6665,3981.0,10,0,2,0,0.0,0
0.2932,51,0,0.2468,5490.0,11,0,1,0,2.0,0
0.1867,69,0,0.6596,2433.0,11,0,1,0,0.0,0
0.1934,35,0,0.4644,1180.0,8,0,1,0,0.0,0
0.2921,49,0,0.1723,,10,0,0,0,4.0,0
0.4739,47,0,0.1872,,9,0,0,0,0.0,0
0.2463,42,0,0.0743,8699.0,6,0,1,0,2.0,0
0.9983,55,0,0.0877,1599.0,10,0,3,0,1.0,0
3.948,58,0,0.3286,5445.0,9,0,1,0,0.0,0
0.1371,58,1,0.5628,,7,0,0,1,2.0,0
0.0143,38,0,0.3475,,10,0,0,0,1.0,0
0.3393,29,0,0.8369,,4,0,1,0,1.0,0
0.4166,56,0,0.2372,18552.0,7,0,2,0,0.0,0
0.1564,45,0,0.5536,2507.0,5,0,1,0,1.0,0
0.9958,78,0,0.2121,5927.0,7,0,0,0,,0
0.4974,78,3,0.701,10793.0,10,0,1,2,3.0,0
0.7643,80,0,0.9944,11768.0,6,0,1,2,1.0,0
0.0197,39,0,0.3731,,11,0,1,0,0.0,0
0.4237,60,0,0.6129,8237.0,10,0,1,0,1.0,0
0.1597,64,0,0.5987,5842.0,8,0,3,0,0.0,0
0.3396,63,0,0.2308,12502.0,5,0,2,0,4.0,0
0.0585,47,0,0.2909,9706.0,6,0,0,0,0.0,0
1.6574,70,1,0.5156,,9,0,0,2,1.0,0
0.7962,52,0,0.2398,,4,0,1,0,1.0,0
0.3737,54,0,0.8426,8967.0,8,0,0,0,0.0,0
1.031,30,0,0.5262,7974.0,10,0,1,0,1.0,0
0.347,61,0,0.1843,5263.0,15,0,3,0,1.0,0
0.6166,48,2,0.5016,5517.0,4,0,2,0,1.0,0
0.1446,59,0,0.2632,6028.0,8,0,0,0,2.0,0
0.5933,55,0,0.2224,6263.0,6,0,1,0,1.0,0
0.5636,55,0,0.778,3998.0,9,0,0,0,0.0,0
0.0938,51,0,0.247,3672.0,9,0,1,0,0.0,0
0.8803,63,0,0.2111,10454.0,6,0,0,0,,0
6.2953,49,0,0.4558,3992.0,9,0,0,0,0.0,0
0.1763,32,0,0.0857,19662.0,10,0,2,0,0.0,0
0.9414,60,0,0.3946,10030.0,11,0,0,0,0.0,0
0.4215,41,0,0.1127,,8,0,0,0,1.0,0
2.1898,33,0,0.7898,6709.0,7,0,0,0,2.0,0
0.2913,38,0,0.5518,11163.0,6,0,2,0,0.0,0
3.786,56,0,0.6826,7399.0,8,0,2,0,0.0,0
0.669,51,0,0.4738,2585.0,6,0,1,0,0.0,0
0.4953,22,0,0.4721,,9,0,0,0,0.0,0
0.1561,47,0,0.1787,,12,0,1,0,1.0,0
0.5,68,0,0.1906,1276.0,5,0,2,0,1.0,0
0.4337,46,0,0.8982,18354.0,12,0,0,0,0.0,0
0.4809,50,0,0.4838,3978.0,9,0,1,0,0.0,0
0.1213,67,0,0.3256,1378.0,6,0,3,0,2.0,0
0.1909,63,0,0.1462,7688.0,4,0,3,0,0.0,0
0.4664,66,0,0.1277,3543.0,2,0,0,0,2.0,0
0.5845,21,0,0.5497,4326.0,10,0,2,0,0.0,0
0.1138,76,0,0.4589,3961.0,6,0,1,0,1.0,0
0.3265,61,0,0.2649,6398.0,6,0,0,0,1.0,0
0.1958,86,0,0.3289,8511.0,11,0,3,0,1.0,0
0.4199,41,0,0.6389,1841.0,13,0,0,0,2.0,0
0.2175,27,0,0.6741,5112.0,6,0,0,0,2.0,0
0.081,52,2,0.9971,2393.0,13,0,2,1,1.0,0
0.5816,48,0,0.4775,2423.0,8,0,0,0,0.0,0
0.2162,61,0,0.7641,2935.0,9,0,1,0,0.0,0
0.322,67,0,0.7,,13,0,2,0,2.0,0
6.7901,51,0,0.938,7408.0,15,0,0,0,0.0,0
4.7593,49,0,0.2094,,5,0,2,0,2.0,0
0.1851,59,0,0.1342,5195.0,5,0,4,0,3.0,0
0.2101,48,0,0.4575,3119.0,6,0,0,0,0.0,0
0.1883,47,0,0.2969,23421.0,10,0,0,0,0.0,0
0.3736,67,0,0.683,1893.0,8,0,3,0,3.0,0
0.285,70,0,0.7806,17962.0,10,0,0,0,1.0,0
0.2896,67,0,0.9492,5242.0,7,0,0,0,1.0,0
0.1013,50,0,0.2359,4750.0,10,0,2,0,1.0,0
0.3164,22,0,0.2175,7743.0,8,0,0,0,0.0,0
0.2588,50,0,0.5049,2403.0,3,0,2,0,1.0,0
0.267,41,0,0.4745,8683.0,15,0,0,0,0.0,0
0.025,50,0,0.0561,3526.0,12,0,4,0,0.0,0
0.4423,43,0,0.8387,4474.0,8,0,0,0,0.0,0
0.8267,52,3,0.306,3159.0,10,0,3,0,2.0,0
0.3957,37,0,0.218,3521.0,8,0,1,0,1.0,0
0.527,34,0,0.6493,6648.0,8,0,2,0,1.0,0
0.2673,69,0,0.9163,,7,0,0,0,1.0,0
0.8432,38,0,0.8154,10798.0,11,0,1,0,2.0,0
0.1532,52,0,0.2768,4974.0,4,0,0,0,2.0,0
0.4159,65,0,0.7575,,7,0,1,0,0.0,0
0.6875,65,0,0.1642,6493.0,8,0,1,0,0.0,0
0.1817,63,0,0.1719,,5,0,1,0,2.0,0
3.1097,56,0,0.4346,9348.0,5,0,2,0,1.0,1
6.4017,62,1,0.0838,5020.0,6,1,0,0,3.0,0
0.2746,71,0,0.8087,11698.0,9,0,1,0,1.0,0
0.3449,58,0,0.4561,5641.0,5,0,2,0,0.0,0
0.4122,26,0,0.2882,2636.0,9,0,1,2,0.0,0
0.0815,45,0,0.9382,4616.0,17,0,1,0,0.0,0
0.7744,62,0,0.2687,2789.0,10,0,0,0,1.0,0
0.2443,43,0,0.4596,,4,0,1,0,0.0,0
0.2978,75,0,0.7318,4642.0,6,0,1,0,0.0,0
0.2198,51,0,0.6562,,8,0,0,0,0.0,0
0.1197,53,0,0.5937,,8,0,4,0,0.0,0
1.3233,68,0,0.3427,3523.0,10,0,0,0,1.0,0
0.9889,49,0,0.169,3297.0,14,0,2,0,0.0,0
0.6419,54,0,0.5189,4557.0,7,0,2,0,0.0,0
0.2826,65,0,0.1464,5226.0,6,0,1,0,0.0,0
0.5068,31,0,0.3942,,11,0,2,0,0.0,0
0.2242,48,0,0.5701,8701.0,5,0,1,0,1.0,0
0.5585,64,0,0.2159,2234.0,18,0,0,0,0.0,0
2.192,53,0,0.0585,11206.0,8,0,1,0,5.0,0
0.2131,73,0,0.4387,5513.0,8,0,1,0,0.0,0
0.3586,30,1,0.3952,12952.0,10,0,3,0,1.0,0
0.179,28,0,0.784,4812.0,14,0,0,0,0.0,0
0.3594,63,0,0.8263,11009.0,10,0,1,0,1.0,0
0.5658,64,0,0.4698,10497.0,5,0,1,0,0.0,0
1.2169,49,1,0.8879,3774.0,10,0,1,0,2.0,0
0.4488,58,0,0.6854,15871.0,8,0,2,0,0.0,0
0.0526,62,0,0.3357,6839.0,5,0,2,0,2.0,0
7.4044,41,0,0.458,8140.0,11,0,1,0,0.0,0
0.4866,42,0,0.6977,4035.0,9,0,2,0,1.0,0
0.081,55,0,0.6819,12135.0,8,0,1,0,0.0,0
0.737,65,0,0.5363,1633.0,10,0,3,0,0.0,1
0.0617,36,0,0.4942,5201.0,16,0,2,0,0.0,0
1.1081,49,2,0.4687,8337.0,14,0,2,2,3.0,0
1.0124,49,0,0.1969,4540.0,9,0,1,0,1.0,0
0.0931,58,0,0.1197,8178.0,8,0,1,0,1.0,0
0.1763,52,0,0.6868,3523.0,9,0,0,0,0.0,0
0.2612,44,0,0.3579,,5,0,1,0,0.0,0
0.351,69,0,0.6326,2983.0,2,0,3,0,0.0,0
0.6796,44,0,0.4462,,10,0,0,0,3.0,0
0.4151,48,0,0.5683,3577.0,9,0,1,0,2.0,0
2.784,30,0,0.2363,3765.0,7,0,1,0,2.0,0
2.5933,42,0,0.0799,3003.0,9,0,0,0,1.0,0
1.2705,59,2,0.4051,12933.0,9,0,2,2,0.0,0
1.0473,56,0,0.8926,6419.0,8,0,0,0,1.0,0
1.3551,60,0,0.2072,4401.0,10,0,4,0,2.0,0
0.3773,60,0,0.6681,9026.0,7,0,1,0,1.0,0
0.291,81,0,0.4234,,9,0,2,0,0.0,0
0.7177,42,0,0.5401,19224.0,5,0,1,0,0.0,0
0.868,29,0,0.1941,4483.0,16,0,0,0,0.0,0
0.0825,37,0,1.0615,1848.0,10,0,3,0,0.0,0
0.2441,42,0,0.3079,10444.0,11,0,0,0,2.0,0
0.3827,38,0,0.3381,,8,0,2,0,2.0,0
0.1845,53,0,0.4794,1925.0,12,0,0,0,1.0,0
0.1828,70,0,0.3889,12663.0,12,0,0,0,1.0,0
0.3901,74,0,0.2615,1763.0,10,0,0,0,1.0,0
0.9782,59,0,0.3714,3499.0,5,0,3,0,,0
0.2217,82,0,0.8773,2614.0,12,0,0,0,,0
0.5642,47,0,0.389,,3,0,0,0,2.0,0
0.6857,29,0,0.6105,,7,0,1,0,1.0,0
0.1122,67,0,0.4462,12904.0,7,0,1,0,3.0,0
0.404,26,0,0.7398,6873.0,11,0,2,0,0.0,0
0.7072,41,0,0.7078,1552.0,10,0,1,0,0.0,0
0.7847,59,0,0.3002,6289.0,5,0,1,0,0.0,0
4.7011,51,0,0.6505,2017.0,14,0,1,0,1.0,1
1.3628,49,0,0.7995,3113.0,6,0,2,0,0.0,0
1.0206,35,0,0.4125,5738.0,5,0,0,0,1.0,0
1.0024,52,0,0.4045,,5,0,2,0,2.0,0
0.68,66,0,0.4931,6753.0,6,0,0,0,0.0,0
0.7736,52,0,0.4997,,10,0,1,0,,0
0.9458,40,0,0.9821,6809.0,2,0,0,0,2.0,0
0.1254,35,0,0.652,6309.0,5,0,0,0,0.0,0
0.7244,41,0,0.2237,8798.0,6,0,1,0,2.0,0
0.5846,57,0,0.9847,,5,0,1,0,1.0,1
0.4937,57,0,0.6117,6960.0,2,0,0,0,1.0,0
0.4039,41,0,0.8105,11263.0,10,0,0,0,0.0,0
0.9043,21,3,0.585,5075.0,8,0,1,0,1.0,0
2.8264,58,0,0.1616,5793.0,10,0,3,0,1.0,0
0.078,39,0,0.7272,8651.0,6,0,0,0,2.0,0
0.8906,62,0,0.3924,3922.0,7,0,1,0,0.0,0
0.1628,41,0,0.5274,6127.0,8,0,1,0,1.0,0
0.9453,38,0,0.68,12274.0,8,0,2,0,1.0,0
0.2372,54,0,0.0864,,5,0,0,0,1.0,0
0.3003,85,0,0.2176,8335.0,11,0,0,0,1.0,0
0.195,62,0,0.2628,16784.0,7,0,1,0,1.0,0
0.1426,54,0,0.8759,,3,0,1,0,0.0,0
0.5505,57,0,0.1405,1911.0,5,0,0,0,0.0,1
0.6314,27,0,0.8299,2804.0,8,0,1,0,2.0,1
0.5628,36,0,1.2398,,9,0,1,0,2.0,0
0.5187,21,0,0.6522,4954.0,8,0,0,0,1.0,0
3.6223,76,0,0.6727,19435.0,9,0,0,0,1.0,0
0.1337,73,0,0.1464,14044.0,5,0,1,0,0.0,0
0.7023,57,0,0.2538,11264.0,8,0,1,0,1.0,0
0.5625,54,0,0.1912,9684.0,3,0,0,0,2.0,0
0.2615,30,0,1.1651,4139.0,8,0,0,0,1.0,0
0.0989,49,0,0.2147,7410.0,12,0,3,0,0.0,0
0.2017,77,0,0.4533,3089.0,5,0,2,0,1.0,0
0.1357,54,0,0.8653,,6,0,0,0,0.0,0
1.2961,44,0,0.2717,2429.0,5,0,0,3,0.0,0
0.3989,27,0,0.2166,,8,0,2,0,1.0,0
6.1939,71,0,0.4992,6322.0,7,0,1,0,,0
0.4066,51,0,0.7402,6579.0,6,0,1,0,0.0,0
0.8481,27,0,0.1798,,8,0,4,0,2.0,1
0.361,39,0,1.3236,1942.0,3,0,0,0,0.0,0
4.0988,34,0,0.138,3341.0,13,0,2,0,0.0,0
0.6346,50,0,0.3085,6671.0,9,0,0,0,0.0,0
0.089,55,0,0.0324,6994.0,7,0,0,0,0.0,0
0.6954,45,0,0.5087,27007.0,7,0,1,0,1.0,0
0.4293,63,0,0.5032,4966.0,11,0,0,0,1.0,0
0.4555,53,0,0.2983,18103.0,10,0,2,0,1.0,0
0.2278,67,0,0.8102,5010.0,4,0,1,0,0.0,0
0.2512,47,0,0.3719,6036.0,10,0,1,0,1.0,0
0.4613,95,0,0.2644,7321.0,8,0,1,0,1.0,0
0.1641,44,0,0.6671,5212.0,5,0,2,0,1.0,0
4.291,39,0,0.4088,7422.0,7,0,1,0,0.0,0
0.0779,38,0,0.5842,7379.0,9,0,2,0,1.0,0
0.0464,49,0,0.5225,4485.0,13,0,0,0,1.0,0
0.3188,28,0,0.7771,4728.0,9,0,1,0,0.0,0
0.0668,56,0,0.3138,6575.0,11,0,1,0,0.0,0
0.6917,25,0,0.3112,,13,0,1,0,0.0,0
0.7129,54,0,0.5895,4333.0,10,0,0,0,0.0,0
2.5403,33,0,0.4491,4433.0,6,0,0,0,0.0,0
0.5032,47,0,0.552,2659.0,7,0,3,0,2.0,0
0.0437,60,0,0.2581,4514.0,7,0,2,0,0.0,0
0.3613,84,0,0.7168,,12,0,2,0,0.0,0
0.3432,37,2,0.4333,10857.0,10,0,1,1,3.0,0
0.462,50,0,0.4561,7954.0,5,0,0,0,0.0,0
0.2706,42,0,0.8388,6123.0,10,0,1,0,0.0,0
0.4433,40,0,0.1119,6442.0,10,0,1,0,0.0,0
0.2752,42,0,0.1349,4330.0,6,0,1,0,1.0,0
0.7115,64,0,1.2661,7359.0,6,0,1,0,2.0,0
0.0858,45,0,0.2909,,8,0,1,0,2.0,0
0.3392,83,0,0.8892,9359.0,9,0,0,0,0.0,0
1.1661,58,0,1.1705,3164.0,8,0,1,0,0.0,1
0.0222,38,0,0.3796,5474.0,5,0,0,0,3.0,0
0.0575,47,0,0.3505,5606.0,13,0,1,0,0.0,0
0.0383,41,2,0.3928,12566.0,8,0,1,0,0.0,0
0.5366,63,0,0.8313,,7,0,2,0,1.0,0
0.0421,29,0,0.2475,8754.0,10,0,0,0,1.0,1
0.0845,33,0,0.2601,3835.0,7,0,1,0,0.0,0
0.1134,44,0,0.8846,14483.0,9,0,1,0,0.0,0
0.2997,62,0,0.548,5616.0,8,0,1,0,0.0,0
0.1503,69,0,0.202,11531.0,7,0,0,0,0.0,0
0.1395,71,0,0.185,3656.0,6,0,1,0,1.0,0
0.436,59,0,0.0608,11384.0,7,0,0,0,1.0,0
0.5734,51,0,0.2912,12656.0,9,0,1,0,1.0,0
0.9739,63,0,0.3092,2899.0,6,0,2,0,0.0,0
0.7053,36,0,0.3419,12777.0,8,0,1,0,1.0,0
0.5398,26,1,0.5875,13358.0,4,0,0,2,0.0,0
0.4044,58,0,0.2295,,9,0,0,0,0.0,0
4.3275,38,0,0.5081,3937.0,4,0,0,0,1.0,0
0.0489,51,0,0.1843,8136.0,8,0,4,0,0.0,0
0.4037,54,0,0.4013,6161.0,9,0,3,0,1.0,0
0.5091,55,0,0.5867,3759.0,5,0,0,0,,0
0.1973,65,0,0.6908,,11,0,0,0,0.0,0
0.2524,64,0,0.1705,3227.0,11,0,1,0,0.0,0
0.7961,55,1,0.3619,4029.0,6,0,0,0,0.0,0
1.2449,46,0,0.1381,3708.0,10,0,2,0,1.0,0
0.1697,54,0,0.4354,6947.0,10,0,3,0,0.0,0
0.4044,44,0,0.4276,1162.0,9,0,1,0,0.0,0
0.596,49,0,0.2761,,6,0,1,0,1.0,0
0.2838,89,0,0.2753,5843.0,7,0,2,0,0.0,0
0.1069,55,0,0.333,2596.0,7,0,2,0,2.0,0
0.3852,58,0,0.1506,5265.0,12,0,3,0,2.0,0
0.5748,42,1,0.479,,4,0,2,0,0.0,0
0.4184,66,0,0.1923,7880.0,7,0,2,0,0.0,0
1.1019,63,0,0.8091,10108.0,11,0,1,0,3.0,0
0.1432,63,0,0.3742,14602.0,7,0,3,0,1.0,0
0.4012,55,1,0.2062,6146.0,11,0,0,0,1.0,0
0.14,66,0,0.0762,6955.0,7,0,2,0,0.0,0
0.4296,70,0,0.8624,,12,0,2,0,0.0,0
0.0787,56,0,0.4868,3846.0,7,0,1,0,0.0,0
0.153,50,0,0.8348,,7,0,0,0,1.0,0
0.9425,65,0,0.522,5761.0,10,0,3,0,1.0,0
1.8306,39,0,0.4463,4032.0,8,0,1,0,0.0,0
2.8867,42,0,0.3926,2622.0,3,0,2,0,0.0,0
0.7571,51,0,0.2178,5191.0,13,0,1,0,0.0,0
0.1773,28,0,0.8319,7363.0,8,0,1,0,0.0,0
0.0092,64,0,0.0489,6522.0,10,0,1,0,0.0,0
0.271,39,0,0.3811,2393.0,7,0,0,0,2.0,0
0.6745,45,0,0.3324,4000.0,8,0,2,0,0.0,0
0.3961,49,0,0.6987,,6,0,2,0,0.0,0
0.2797,53,0,0.1489,4590.0,8,0,0,0,0.0,0
0.4643,47,0,0.1694,2720.0,12,0,2,0,0.0,0
0.1412,51,0,0.4557,1877.0,11,0,1,0,1.0,0
0.2112,51,0,0.2587,5561.0,6,0,1,0,,0
0.1121,46,0,0.9524,,7,0,1,0,2.0,0
3.3675,41,0,0.1594,7637.0,10,0,3,0,0.0,0
0.0323,67,0,0.2283,6177.0,11,0,1,0,1.0,0
0.5664,23,1,0.2149,3212.0,7,0,0,0,4.0,0
0.2842,49,0,0.2937,5856.0,5,0,1,0,0.0,0
0.1405,45,0,0.2423,13935.0,7,0,0,0,2.0,0
0.0464,58,0,0.3094,4824.0,10,0,1,0,0.0,0
0.2588,32,0,0.2297,8549.0,11,0,0,0,1.0,0
0.6037,45,0,0.6472,11740.0,11,0,2,0,2.0,0
0.4106,51,0,0.0916,3226.0,16,0,0,0,0.0,0
0.2371,67,1,0.1817,,4,2,3,3,0.0,0
0.0004,57,0,0.2191,3269.0,9,0,2,0,2.0,0
0.0702,35,0,0.4026,2932.0,6,0,1,0,0.0,0
0.6473,45,0,0.3816,3723.0,8,0,0,0,1.0,0
0.4919,64,0,0.5016,,9,0,3,0,,0
2.9876,35,0,0.8531,5652.0,8,0,2,0,2.0,0
0.3877,51,0,0.3008,4194.0,9,0,3,0,0.0,0
0.4278,52,0,1.1354,9095.0,10,0,0,0,1.0,0
3.4128,47,0,0.5771,16343.0,7,0,2,0,1.0,0
0.0339,90,0,0.3186,2260.0,6,0,0,0,2.0,0
1.4998,46,0,0.6214,9382.0,8,0,0,0,2.0,0
0.2076,58,0,0.9049,18944.0,4,0,0,0,2.0,0
0.167,41,0,0.31,2372.0,7,0,1,0,1.0,0
0.4695,59,0,0.0516,,6,0,1,0,0.0,0
0.4138,64,0,0.5785,5634.0,7,0,1,0,0.0,0
1.0009,44,0,0.7503,,5,0,1,0,0.0,0
0.4029,51,0,0.5357,14067.0,7,0,0,0,0.0,0
0.5941,39,0,0.728,17404.0,5,0,1,0,1.0,0
0.9102,36,0,0.3146,,6,0,3,0,0.0,0
1.1625,67,0,0.1843,20931.0,11,0,0,0,,0
0.5101,44,0,0.5629,5493.0,8,0,1,0,1.0,0
0.6996,21,0,0.3309,18434.0,3,0,0,0,1.0,0
1.0449,77,0,0.8947,4978.0,6,0,1,0,0.0,0
0.3413,41,0,1.0527,,10,0,0,0,1.0,0
1.6174,49,0,0.5844,2153.0,10,0,0,0,0.0,1
0.4645,75,0,0.462,10250.0,12,0,3,0,0.0,0
0.04,50,0,0.7075,11739.0,10,0,1,0,0.0,0
2.7883,50,0,0.2012,,9,0,2,0,0.0,0
0.1344,35,0,0.1879,,9,0,1,0,0.0,0
0.5953,29,0,0.7718,3691.0,7,0,1,0,0.0,0
0.3442,50,0,0.475,10709.0,11,0,0,0,2.0,0
0.4508,57,0,0.6279,9673.0,9,0,1,0,0.0,0
0.8296,56,0,0.635,3804.0,9,0,1,0,0.0,0
5.3754,45,0,0.4039,10579.0,3,0,1,0,0.0,0
0.2519,52,0,0.1418,,7,0,0,0,0.0,0
3.6343,26,0,0.4174,,5,0,1,0,2.0,1
0.1966,58,0,0.5751,5835.0,4,0,0,0,0.0,0
0.0733,54,0,0.8009,,7,0,0,0,1.0,0
0.1559,80,0,1.0893,4838.0,8,0,1,0,2.0,0
0.3136,52,0,0.322,,8,0,1,0,1.0,0
0.3205,39,0,0.3378,,13,0,1,0,,0
0.0002,51,0,0.2305,2753.0,7,0,2,0,1.0,0
0.5756,47,0,0.749,,6,0,1,0,1.0,0
0.5656,58,0,0.7458,5003.0,6,0,2,0,3.0,0
0.2547,52,0,0.4479,16943.0,10,0,1,0,0.0,0
0.6941,34,1,0.651,,16,1,0,0,0.0,0
0.2329,29,0,0.278,9884.0,7,0,1,0,1.0,0
3.9611,56,0,0.4459,6327.0,8,0,1,0,0.0,0
0.7672,71,0,0.3186,,9,0,2,0,2.0,0
0.1503,53,0,0.1002,5438.0,8,0,0,0,1.0,0
0.3848,63,0,0.434,10441.0,8,0,0,0,1.0,0
0.0985,66,0,0.2581,1722.0,13,0,0,0,1.0,0
0.0101,56,0,0.3562,7774.0,2,0,1,0,3.0,0
0.1814,41,1,0.1747,3569.0,9,0,1,0,,0
0.4384,55,0,0.1208,,15,0,2,0,3.0,0
0.0151,69,0,0.6769,,7,0,3,0,1.0,0
0.7413,59,0,0.9157,5249.0,9,0,2,0,2.0,0
1.946,62,0,0.2281,10194.0,8,0,1,0,2.0,0
0.4782,46,0,0.4511,11106.0,3,0,2,0,1.0,0
0.1023,49,0,0.944,8313.0,6,0,1,0,1.0,0
0.8313,50,0,0.2062,,10,0,2,0,0.0,0
2.2809,51,0,0.339,5078.0,15,0,2,0,1.0,0
0.8368,68,0,0.3483,3089.0,9,0,1,0,0.0,0
0.9184,21,0,0.3926,5749.0,8,0,1,0,0.0,0
1.1254,52,0,0.4744,4144.0,16,0,2,0,0.0,0
4.1329,51,0,0.7229,6922.0,6,0,0,0,2.0,0
0.3553,33,0,0.2461,2714.0,7,0,3,0,0.0,0
0.7057,61,0,0.6298,8861.0,7,0,0,0,1.0,0
0.1624,42,0,0.2812,7037.0,11,0,0,0,1.0,0
0.6566,47,0,0.4889,11088.0,10,0,5,0,1.0,0
0.1216,78,0,0.6581,7692.0,11,0,3,0,0.0,0
3.8316,66,0,0.9287,9137.0,6,0,0,0,3.0,0
1.0592,60,0,1.1862,2010.0,5,0,2,0,1.0,0
0.5016,57,0,0.792,9300.0,8,0,0,0,1.0,0
0.0497,50,0,0.5367,,12,0,1,0,0.0,0
2.7486,80,0,0.8203,1791.0,15,1,0,0,0.0,0
0.4583,63,2,0.4051,10318.0,7,0,1,0,0.0,0
0.2931,42,0,0.6659,6361.0,12,0,1,0,2.0,0
0.409,32,0,0.4371,2794.0,5,0,0,0,0.0,0
0.7317,60,0,0.4817,2893.0,6,0,1,0,1.0,0
1.7009,51,2,0.3261,3432.0,9,0,0,0,,0
0.1499,32,0,0.3738,4930.0,9,0,0,0,0.0,0
0.3778,58,0,0.6411,9172.0,6,0,1,0,3.0,0
0.0065,48,0,0.719,2579.0,12,0,2,0,0.0,0
0.0195,59,0,0.1526,3229.0,9,0,0,0,0.0,0
0.1277,58,0,0.0781,5100.0,8,0,3,0,0.0,0
0.3134,43,0,0.0295,7600.0,5,0,1,0,2.0,0
0.3801,61,0,0.2406,,6,0,1,0,1.0,0
0.9863,45,0,0.6925,,6,0,4,0,0.0,0
0.4105,46,0,0.3125,13089.0,6,0,0,0,0.0,0
0.4911,45,0,0.7755,8077.0,6,0,2,0,0.0,0
0.1447,68,0,0.3055,6525.0,8,0,2,0,0.0,0
0.9559,48,0,0.7053,4012.0,5,0,0,0,1.0,1
0.1258,71,0,0.6998,,10,0,0,0,0.0,0
0.3575,77,0,0.5503,7519.0,6,0,3,0,0.0,0
0.844,42,0,1.0794,11394.0,3,0,0,0,0.0,0
0.9068,21,0,0.5492,6511.0,7,0,1,0,1.0,0
0.283,67,0,0.8939,9386.0,5,0,2,0,0.0,0
0.9506,47,0,0.7493,10782.0,11,0,0,0,1.0,0
1.1904,40,0,0.5802,5483.0,6,0,0,0,0.0,0
0.2476,44,0,0.1379,3495.0,6,0,1,0,0.0,0
0.4818,46,0,0.4588,9783.0,9,0,1,0,1.0,0
0.198,70,0,0.166,7583.0,10,0,2,0,1.0,0
0.0748,54,0,0.6358,6970.0,5,0,0,0,0.0,0
1.5157,70,0,0.0814,,7,0,2,0,1.0,0
0.5255,59,0,0.5488,5132.0,8,0,2,0,1.0,0
0.2926,48,0,0.0715,8405.0,16,0,1,0,0.0,0
0.4326,47,0,0.2492,5589.0,15,0,0,0,0.0,0
0.6166,60,0,0.7116,3871.0,6,0,2,0,0.0,1
0.725,63,0,0.1273,5795.0,11,0,2,0,,0
0.2143,66,0,0.6961,1666.0,11,0,2,0,1.0,0
0.1705,48,0,0.2467,16298.0,4,0,1,0,2.0,0
0.3562,54,0,0.4457,4336.0,6,0,0,0,3.0,0
0.0378,60,0,0.4213,1725.0,14,0,1,0,0.0,0
0.1623,47,0,0.4987,,11,0,3,0,3.0,0
0.5861,36,0,0.5023,,8,0,0,0,1.0,0
0.4492,41,0,0.3133,3967.0,10,0,1,0,0.0,0
0.7698,49,0,0.8692,6487.0,10,0,0,0,1.0,0
0.1475,61,0,0.8538,6200.0,10,0,1,0,0.0,0
0.8671,70,0,0.2369,,10,0,1,0,2.0,0
0.1106,33,0,0.954,3465.0,8,0,0,0,2.0,0
0.0741,44,0,0.3325,9040.0,10,0,0,0,0.0,0
0.213,47,0,0.4367,3150.0,11,0,0,0,1.0,0
0.555,63,0,0.5111,5034.0,9,0,1,0,1.0,0
0.515,45,0,0.0725,14692.0,11,0,1,0,1.0,1
0.3192,46,0,0.7315,10340.0,7,0,0,0,4.0,0
0.486,32,0,0.4863,2166.0,16,0,0,0,0.0,0
0.269,59,0,0.4772,,8,0,0,0,0.0,0
0.2164,50,0,0.7082,,8,0,0,0,,0
0.4062,43,0,0.4915,8076.0,5,0,0,0,0.0,0
0.7372,48,0,0.3793,4615.0,5,0,0,0,1.0,1
0.561,68,0,0.6393,5572.0,11,0,2,0,1.0,0
2.1097,38,0,0.2195,3289.0,5,0,2,0,0.0,0
0.5011,40,0,0.8601,5011.0,8,0,0,0,0.0,0
0.0853,70,0,0.3869,4468.0,10,0,0,0,0.0,0
1.1431,53,0,0.3568,1478.0,8,0,0,0,0.0,0
0.7949,61,0,0.5087,2247.0,10,0,2,0,0.0,0
0.6013,58,0,0.0828,2840.0,9,0,0,0,0.0,1
0.749,52,0,0.4934,8672.0,4,0,2,0,1.0,0
0.4973,47,0,0.7274,1682.0,9,0,0,0,1.0,0
0.0874,64,0,0.38,2559.0,3,0,1,0,1.0,0
0.3211,68,0,0.3986,12659.0,6,0,0,0,1.0,0
0.3393,67,0,0.3068,,12,0,0,0,0.0,0
4.5262,35,0,0.6251,3298.0,8,0,2,0,2.0,0
0.2228,70,0,0.5542,2965.0,12,0,1,0,1.0,0
0.4534,47,0,0.7527,10110.0,4,0,0,0,2.0,0
0.9272,41,0,0.2679,,8,0,1,0,2.0,0
0.3807,50,0,0.6432,8944.0,10,0,0,0,,0
2.6859,64,0,0.7143,10139.0,11,0,3,0,0.0,0
0.565,60,0,0.3059,,7,0,0,0,1.0,0
0.2651,48,0,0.1467,,7,0,2,0,,0
5.7103,64,1,0.5864,5955.0,10,0,2,0,2.0,0
0.2479,54,0,0.3456,7203.0,3,0,1,0,0.0,0
0.1363,44,2,0.9288,1377.0,7,0,0,0,0.0,0
0.2406,42,0,0.649,4089.0,6,0,0,0,0.0,0
0.0089,58,0,0.2294,5310.0,6,0,2,0,0.0,0
3.1671,51,0,0.6641,8241.0,6,0,1,0,1.0,0
0.7137,33,2,0.5996,5120.0,2,0,1,0,0.0,0
0.9984,64,0,0.4131,,3,0,3,0,2.0,0
0.3728,45,0,0.7834,4659.0,9,0,0,0,0.0,0
0.3761,74,0,0.4754,3458.0,6,0,0,0,1.0,0
0.1231,32,0,0.4542,3789.0,11,0,0,0,0.0,0
0.0916,49,0,0.4738,8617.0,11,0,4,0,0.0,0
0.338,42,0,0.4198,,10,0,0,0,0.0,0
0.4283,38,0,0.2008,5373.0,9,0,3,0,1.0,0
0.5672,45,0,0.1319,,11,0,0,0,1.0,1
12.1991,77,0,0.6425,12548.0,9,0,0,0,0.0,0
0.1342,54,0,0.7117,,11,0,2,0,0.0,0
0.2974,41,0,1.1647,1559.0,8,0,2,0,1.0,0
0.0742,26,0,0.1839,5203.0,5,0,0,0,2.0,0
1.8644,28,0,0.453,1275.0,6,0,1,0,0.0,0
0.407,44,0,0.6706,4210.0,9,0,0,0,0.0,0
0.1984,43,0,0.1251,1913.0,11,0,0,0,1.0,0
0.3473,49,0,0.3801,5227.0,6,0,4,0,1.0,0
0.0102,21,0,0.8945,4658.0,8,0,2,0,0.0,0
0.4005,51,1,0.208,6919.0,7,0,3,0,3.0,0
1.2079,66,1,0.387,9390.0,7,0,2,1,0.0,0
0.6102,75,0,0.724,8256.0,10,0,2,0,0.0,0
0.2076,25,0,0.3787,6870.0,11,0,0,0,1.0,0
0.7407,41,0,0.3449,3956.0,5,0,0,0,,1
0.1345,40,0,0.4064,5042.0,14,0,2,0,2.0,0
0.6045,54,0,0.3568,,7,0,1,0,1.0,0
0.0461,35,0,0.0784,14944.0,10,0,2,0,0.0,0
0.1342,76,0,0.2084,6803.0,6,0,1,0,0.0,0
0.1102,53,0,0.319,3236.0,6,0,1,0,0.0,0
0.648,50,0,0.4804,7181.0,6,3,0,0,0.0,0
0.6432,74,0,0.6243,2764.0,8,0,2,0,0.0,0
1.1921,52,0,0.8865,1366.0,9,0,0,0,0.0,0
3.2322,58,0,0.5324,2875.0,9,0,1,0,0.0,1
0.7646,41,0,0.7136,5811.0,8,0,1,0,0.0,0
0.3419,33,0,0.4329,,3,0,0,0,3.0,0
0.2174,43,0,0.1879,,11,0,0,0,1.0,0
0.3813,83,0,0.2889,12283.0,11,0,3,0,0.0,0
0.7378,61,1,0.3904,,6,2,4,0,4.0,0
0.0837,56,0,0.1356,6032.0,9,0,3,0,0.0,0
0.5855,38,0,0.5288,4991.0,8,0,0,0,0.0,1
0.1453,65,0,0.6485,4154.0,14,0,1,0,0.0,0
0.4534,33,0,0.9237,2774.0,7,0,1,0,2.0,0
0.142,30,0,0.434,2423.0,7,0,1,0,0.0,0
0.0178,44,0,0.88,4472.0,12,0,1,0,0.0,0
0.4018,79,0,0.6788,8907.0,10,0,0,0,,0
0.1546,79,0,0.0415,2581.0,7,0,0,0,2.0,0
0.3418,46,1,0.4045,,11,0,2,0,,0
0.4769,43,0,0.5967,3890.0,13,0,0,0,1.0,0
0.4223,29,2,0.3685,3250.0,11,0,1,0,0.0,0
0.3811,53,0,0.4938,,7,0,1,0,0.0,0
0.0724,54,0,0.4714,4365.0,10,0,0,0,2.0,0
0.0359,63,0,0.6266,2126.0,4,0,0,0,1.0,0
0.5379,65,0,0.3751,17176.0,3,0,2,0,0.0,0
1.096,49,0,0.4939,7456.0,12,0,0,0,2.0,0
1.0892,60,0,0.3217,3337.0,7,0,0,0,1.0,0
0.9452,42,0,0.5468,4623.0,15,0,2,0,0.0,1
0.1559,60,0,0.7725,,5,0,0,0,2.0,0
0.263,45,0,0.7427,16087.0,7,0,0,0,0.0,0
1.331,58,0,0.2249,6564.0,5,0,1,0,,0
0.4855,57,0,0.1845,16298.0,6,0,1,0,0.0,0
0.3849,53,0,1.0539,12116.0,6,0,2,0,1.0,0
0.6098,63,0,0.3279,,9,0,2,0,0.0,0
0.7198,30,0,0.1876,5791.0,3,0,1,0,1.0,0
0.6728,37,0,0.8882,6680.0,9,0,0,0,,0
0.6576,48,0,0.423,,12,0,0,0,0.0,0
0.5183,32,0,0.3562,2863.0,10,0,0,0,0.0,0
0.9695,46,0,0.4781,7743.0,8,0,3,0,0.0,0
0.8108,47,0,0.7836,7063.0,4,0,1,0,1.0,0
0.2135,70,0,0.0952,5393.0,12,0,2,0,2.0,0
0.1381,54,1,0.1571,,7,0,0,0,1.0,0
1.5709,66,0,0.3857,,13,0,1,0,1.0,0
0.308,56,0,0.4055,4370.0,8,0,0,0,1.0,0
0.8918,45,0,0.9641,7548.0,10,0,0,0,0.0,0
0.6997,54,0,1.2081,4225.0,8,0,1,0,2.0,0
0.7541,62,0,0.5974,4710.0,5,0,1,0,0.0,1
0.3867,69,0,0.3529,4187.0,8,0,0,0,0.0,0
0.1473,50,2,0.613,9294.0,4,0,0,0,1.0,0
0.4422,29,0,0.3268,5199.0,11,0,2,0,1.0,0
0.5861,28,0,0.377,5013.0,13,0,1,0,1.0,1
0.2476,47,0,0.7939,2921.0,7,0,0,0,,0
0.5512,21,2,0.6481,1590.0,6,1,0,0,1.0,0
0.1093,77,0,0.3104,,10,0,0,0,0.0,0
0.3298,60,1,1.0952,5955.0,8,0,2,0,1.0,0
0.1039,43,0,0.1106,1629.0,11,0,1,0,2.0,0
4.3966,36,0,0.2701,3488.0,6,0,3,0,3.0,0
0.445,66,0,0.562,17767.0,4,0,2,0,1.0,0
1.9331,36,0,0.644,2198.0,5,0,0,0,2.0,0
0.0215,38,0,0.6325,3757.0,7,0,1,0,1.0,0
0.1909,41,0,0.4197,3553.0,10,0,1,0,0.0,0
0.9733,54,0,0.4085,8149.0,9,0,0,0,1.0,0
0.5499,61,0,0.3816,,10,0,1,0,0.0,0
0.3801,69,0,0.108,5544.0,7,0,1,0,2.0,0
0.6518,67,0,0.5422,4473.0,13,0,2,0,0.0,1
0.3146,52,0,0.0552,,8,0,0,0,1.0,0
0.7929,66,0,1.0009,2906.0,12,0,1,0,1.0,0
0.5537,43,0,0.8044,,9,0,1,0,1.0,1
0.079,27,0,0.724,,5,0,0,0,0.0,0
2.8788,43,0,0.7997,6387.0,9,0,4,0,0.0,0
0.1798,41,2,0.8212,5654.0,11,1,0,0,1.0,0
0.4133,43,0,0.6163,6571.0,14,0,0,0,0.0,0
0.2523,39,0,0.167,2943.0,9,0,2,0,0.0,0
0.0131,46,0,0.4199,5904.0,8,0,2,0,0.0,0
0.1482,61,0,0.0992,2764.0,9,0,2,0,2.0,0
3.198,76,0,0.9227,3633.0,11,0,0,0,,1
0.4921,28,0,0.5447,4171.0,6,0,0,0,2.0,0
0.2819,34,0,0.2346,6605.0,7,0,1,0,0.0,0
1.8368,41,0,0.4309,4790.0,11,0,2,0,0.0,1
0.0486,63,0,0.715,7635.0,5,0,1,0,1.0,0
4.2943,49,0,0.2728,3737.0,13,0,3,0,2.0,0
0.4687,42,0,0.1305,11467.0,10,0,1,0,2.0,0
0.6508,62,0,0.404,4249.0,10,0,2,0,0.0,0
0.4271,65,0,0.392,2243.0,5,0,2,0,0.0,0
0.6654,52,0,0.8305,6721.0,10,0,3,0,1.0,0
1.0578,41,0,0.2833,3803.0,10,0,1,0,1.0,0
0.1675,56,0,0.6949,3511.0,12,0,1,0,1.0,0
3.2754,49,0,0.43,6027.0,5,0,0,0,1.0,0
0.0429,49,0,0.7949,5411.0,7,0,1,0,0.0,0
0.0952,45,0,0.2161,,8,0,1,0,1.0,0
0.6037,65,0,0.5822,2989.0,9,0,0,0,2.0,0
1.5494,55,0,0.4936,7317.0,9,0,4,0,0.0,0
0.3107,66,0,0.1686,9842.0,9,0,1,0,0.0,0
0.8593,71,0,0.0775,9193.0,6,1,0,0,1.0,0
0.0317,58,0,0.6661,3470.0,6,0,0,0,1.0,0
4.1565,45,0,0.6638,3205.0,6,0,2,0,0.0,0
0.0461,67,0,0.225,5695.0,9,0,1,0,0.0,0
0.6299,59,0,0.2639,6700.0,6,0,2,0,0.0,0
0.4384,88,0,0.4911,3470.0,3,0,0,0,0.0,1
0.1535,56,0,0.6685,16920.0,6,0,0,0,0.0,0
0.472,62,0,0.1895,15006.0,8,0,2,0,2.0,0
0.8808,56,0,0.3895,9898.0,14,0,1,0,0.0,0
0.4657,51,0,0.3764,,12,0,0,0,0.0,0
1.1676,48,2,0.3969,5279.0,14,0,1,1,2.0,0
0.2053,56,0,0.2906,8195.0,11,0,1,0,1.0,0
0.5513,59,0,0.6331,3842.0,9,0,1,0,0.0,1
0.6148,68,0,0.2328,4229.0,12,0,0,0,0.0,0
2.0972,56,0,0.3353,3587.0,7,0,2,0,0.0,0
1.1466,46,0,0.5303,,8,0,1,0,0.0,0
0.137,47,0,0.6819,20811.0,9,0,3,0,0.0,0
0.1012,33,0,0.9009,,10,0,1,0,1.0,0
0.2681,75,0,0.188,15173.0,7,0,0,0,1.0,0
0.9508,44,0,0.1284,4995.0,10,0,0,0,2.0,0
0.3273,66,0,0.5988,13971.0,6,0,1,0,1.0,0
0.5531,56,0,0.8533,,8,0,1,0,0.0,0
2.3441,56,0,0.372,9407.0,6,0,2,0,0.0,0
0.5212,50,0,0.5621,3065.0,10,0,2,0,1.0,1
0.9288,41,2,0.5409,7775.0,7,0,1,0,1.0,0
0.2509,38,3,0.3154,5468.0,5,1,2,0,0.0,0
0.0588,76,0,0.2306,3332.0,17,0,2,0,2.0,0
0.3482,54,0,1.2313,3294.0,9,0,0,0,1.0,0
0.0377,68,0,1.2993,8055.0,6,0,1,1,2.0,0
0.3317,71,0,0.4891,2639.0,6,0,2,0,1.0,0
0.4481,46,0,0.5094,3513.0,12,0,0,0,2.0,0
1.0532,58,0,0.4394,7071.0,9,0,1,0,,0
0.3649,53,0,0.5665,3907.0,5,0,2,0,0.0,0
7.1196,36,0,0.0962,13267.0,6,0,3,0,0.0,0
0.0579,49,0,0.0737,5198.0,4,0,2,0,0.0,0
0.004,60,0,0.8888,,9,0,0,0,0.0,0
0.1145,45,0,0.524,5348.0,8,0,0,0,0.0,0
0.0492,47,0,0.2957,1566.0,7,0,2,0,1.0,0
0.7298,50,0,0.5097,3061.0,7,0,0,0,0.0,0
0.303,82,0,0.3184,4260.0,11,0,0,0,2.0,0
2.7368,26,0,0.2146,3285.0,10,0,0,0,3.0,0
0.8761,59,0,0.5118,4644.0,14,0,1,0,0.0,0
0.6765,48,0,0.4341,,7,0,2,0,1.0,0
0.0131,43,0,0.4903,,5,0,2,0,1.0,0
1.094,48,0,0.7687,,10,0,1,0,0.0,1
0.9166,61,7,0.429,4390.0,7,0,0,1,2.0,0
0.1252,62,0,0.1606,2728.0,10,0,2,0,0.0,0
0.0099,55,0,0.2826,,11,0,0,0,1.0,0
0.5283,67,1,0.8693,8583.0,12,0,3,0,1.0,0
0.1192,70,0,0.4179,10950.0,8,0,0,0,1.0,0
0.5294,63,0,0.2233,5783.0,10,0,1,0,0.0,0
0.3792,44,0,0.5693,4144.0,12,0,1,0,0.0,0
0.0179,59,0,0.1837,3915.0,9,0,1,0,0.0,0
0.5002,59,0,0.4681,12136.0,8,0,0,0,0.0,0
1.0722,41,0,0.7628,,12,0,2,0,0.0,0
0.1945,30,0,0.356,7670.0,8,0,1,0,2.0,0
0.2762,24,0,0.3655,4005.0,5,0,1,0,1.0,0
0.9854,53,0,0.4721,40454.0,9,0,4,0,1.0,0
0.069,56,0,0.1988,,12,0,0,0,1.0,0
0.236,35,0,0.3773,7948.0,7,0,2,0,0.0,0
0.2157,67,0,0.3343,11458.0,14,0,2,0,1.0,0
0.8303,54,0,0.7784,,9,0,3,0,1.0,0
5.1484,71,0,0.1925,7948.0,11,0,2,0,0.0,1
0.3867,57,0,0.4233,5814.0,15,0,0,0,0.0,0
0.291,37,0,0.6361,4061.0,9,0,0,0,3.0,0
0.128,58,0,0.6444,7116.0,12,0,1,0,0.0,0
0.2254,61,0,0.3735,28024.0,10,0,3,0,1.0,0
0.5031,44,0,0.1575,,10,0,1,0,0.0,0
0.0742,32,0,1.1133,2808.0,7,0,1,0,1.0,0
0.8424,53,0,0.3643,,8,0,0,0,2.0,0
0.824,38,0,0.4061,8292.0,2,0,0,0,1.0,0
3.8992,68,0,0.705,,7,0,0,0,0.0,0
0.4615,46,0,0.2472,5428.0,9,0,2,0,0.0,0
0.6168,76,0,0.7361,,8,0,0,0,1.0,0
0.9443,22,0,0.4321,4043.0,10,0,1,0,1.0,0
0.0752,54,0,0.5104,5276.0,9,0,0,0,0.0,0
0.6454,72,0,0.2199,6332.0,7,0,0,0,3.0,0
0.285,40,0,0.6952,7962.0,8,0,0,0,0.0,0
3.3265,50,0,0.2871,,4,0,1,0,5.0,0
0.3989,46,0,0.4749,9202.0,4,0,1,0,2.0,0
0.5298,42,0,0.2684,4179.0,7,0,2,0,0.0,0
0.1362,55,0,0.7855,,10,0,2,0,1.0,0
0.204,34,0,0.8657,,7,0,1,0,1.0,0
0.452,50,0,0.5029,17405.0,10,0,0,0,1.0,0
0.4568,59,0,0.5264,,12,0,0,0,1.0,0
1.1834,49,0,0.4073,17740.0,12,0,0,0,0.0,0
0.4078,38,0,0.6851,,5,0,2,0,3.0,0
0.6124,66,0,0.1467,4436.0,7,0,1,0,2.0,0
0.0482,62,0,0.943,,6,0,2,0,2.0,0
0.2404,37,0,0.463,,11,0,2,0,0.0,0
0.1858,34,0,0.7958,5574.0,12,0,6,0,1.0,0
0.2145,39,0,0.2447,5471.0,15,0,1,0,0.0,0
0.1635,60,0,0.5524,3105.0,7,0,0,0,0.0,0
0.0135,56,0,0.0801,3960.0,10,0,1,0,0.0,0
0.2661,63,0,0.4416,5079.0,7,0,0,0,0.0,0
0.158,47,0,0.1604,10090.0,10,0,1,0,0.0,0
3.948,39,0,1.0215,5277.0,10,0,1,0,0.0,0
2.5124,65,0,0.2728,7826.0,8,2,0,2,,0
0.7027,44,0,0.3883,,6,0,1,0,0.0,0
0.1936,55,0,0.7903,5677.0,4,0,3,0,,0
0.2603,30,0,0.6287,4881.0,7,0,2,0,0.0,0
5.9097,44,4,0.6061,6493.0,9,0,1,0,0.0,0
1.9365,66,0,1.4158,12941.0,7,0,3,0,0.0,0
0.0766,42,0,0.1997,7349.0,9,0,2,0,1.0,0
0.8579,63,0,0.568,8653.0,8,0,2,0,1.0,0
0.4871,21,0,0.5893,7425.0,6,0,0,0,2.0,0
0.7663,44,0,0.6053,9826.0,9,0,2,0,0.0,0
2.5382,50,0,0.6235,,7,0,2,0,1.0,0
0.168,76,0,0.3882,3313.0,11,0,2,0,2.0,0
0.6778,36,0,0.3254,4733.0,7,0,2,0,1.0,0
0.603,61,0,0.2601,18261.0,7,0,0,0,1.0,0
0.0775,67,0,0.2351,7456.0,9,0,1,0,1.0,0
0.0806,42,0,0.5139,4602.0,13,0,1,0,1.0,0
0.2026,47,0,0.8298,,12,0,0,0,1.0,0
0.2261,54,0,0.3778,1435.0,8,0,1,0,0.0,0
0.1823,31,0,0.2776,11465.0,4,0,0,0,0.0,0
0.3455,46,0,0.2915,1697.0,8,0,1,0,1.0,0
0.2109,70,0,0.1965,,3,0,0,0,1.0,0
0.2202,59,0,0.4317,5220.0,9,0,2,0,0.0,0
0.5326,50,0,1.5745,9722.0,10,0,2,0,0.0,0
0.3589,54,0,0.8698,4523.0,5,0,1,0,1.0,0
0.0742,60,0,0.7212,6916.0,7,0,0,0,2.0,0
0.4635,63,0,0.5412,4454.0,8,0,2,0,1.0,0
0.8986,44,0,1.1026,11227.0,7,0,0,0,1.0,0
0.2965,73,0,0.2868,4057.0,7,0,0,0,1.0,0
0.183,70,0,0.0499,6287.0,9,0,0,0,0.0,0
2.2613,61,0,0.2083,26955.0,8,0,3,0,2.0,0
1.7022,40,0,0.3969,7603.0,10,0,0,0,0.0,0
1.1541,38,1,0.9505,5704.0,5,0,3,0,3.0,0
0.1917,47,0,0.1736,2577.0,13,0,1,0,0.0,0
0.5853,53,0,0.1878,,4,0,4,0,0.0,0
0.6342,27,0,0.4989,6120.0,8,0,2,0,2.0,0
0.0075,59,0,0.7458,7636.0,7,0,2,0,2.0,0
0.4853,70,0,0.2528,3986.0,6,0,1,0,0.0,0
0.2065,60,0,0.7583,10538.0,8,0,2,0,2.0,0
0.4204,43,0,1.0595,3151.0,12,0,1,0,1.0,0
0.6561,41,0,0.1944,2379.0,10,0,0,0,,0
0.9097,56,0,0.85,2023.0,7,0,0,0,1.0,0
0.8934,50,0,1.1011,,4,0,0,0,1.0,1
0.3127,58,0,0.6019,8108.0,5,0,1,0,2.0,0
0.4187,60,0,0.0725,4906.0,5,0,1,0,2.0,0
0.1572,67,1,0.3513,10853.0,10,0,0,2,0.0,1
1.5122,36,0,0.4791,9186.0,11,0,2,0,0.0,0
0.7562,55,0,0.9162,8665.0,13,0,0,0,1.0,0
0.3566,47,0,0.4315,2990.0,8,0,0,0,1.0,0
0.4388,51,0,0.1587,2331.0,11,0,1,0,3.0,0
0.4062,64,0,0.8298,,6,0,3,0,1.0,0
1.5008,66,0,0.3459,,7,0,0,0,2.0,1
0.386,72,4,0.6424,5932.0,3,0,1,2,0.0,0
3.5249,58,0,0.636,11458.0,12,0,1,0,3.0,0
0.4896,50,0,0.9207,7037.0,12,0,3,0,2.0,0
0.926,48,0,0.5589,,7,0,1,0,2.0,0
0.0725,28,0,0.1731,4702.0,11,0,0,0,0.0,0
0.2172,71,0,0.153,7060.0,11,0,0,0,1.0,0
0.1254,47,0,0.4685,,7,0,1,0,0.0,0
0.3047,59,0,0.1864,4687.0,5,0,1,0,1.0,0
1.3123,62,0,0.3554,12972.0,6,0,1,0,2.0,0
0.5163,35,0,0.1404,,11,0,0,0,2.0,0
0.0291,39,0,0.3255,3277.0,8,0,0,0,0.0,0
0.0792,74,0,0.4555,2726.0,11,0,0,0,1.0,0
3.4161,56,0,0.2577,2115.0,5,0,3,0,1.0,0
0.2794,44,1,0.6722,3665.0,4,0,0,0,1.0,0
0.6422,50,0,0.1089,,5,0,1,0,2.0,0
1.6992,67,0,0.2383,3696.0,10,0,2,0,,0
0.2051,65,0,0.3004,3585.0,13,0,2,0,0.0,0
0.1956,31,0,0.5347,2836.0,8,0,1,0,0.0,0
2.1042,75,0,0.1345,10128.0,5,0,1,0,0.0,1
1.0239,66,0,0.4629,13973.0,6,0,1,0,0.0,0
0.4518,50,0,0.3393,10173.0,8,0,3,0,0.0,0
0.5397,35,0,0.7647,,9,0,1,0,0.0,1
0.2718,67,0,1.1022,,4,0,4,0,0.0,0
0.5145,59,0,0.1383,,13,0,2,0,2.0,1
0.2737,32,0,0.6064,4570.0,11,0,1,0,0.0,0
1.4325,49,0,1.1785,7499.0,7,0,0,0,2.0,0
0.0654,95,0,0.7059,5107.0,6,0,2,0,0.0,0
1.291,52,0,0.7893,,5,0,1,0,0.0,0
0.1912,42,0,0.143,2223.0,11,0,1,0,1.0,0
0.0539,38,0,0.6183,2252.0,15,0,1,0,0.0,0
4.0232,77,0,0.2817,,7,0,0,0,0.0,0
0.2376,64,0,0.8768,3995.0,15,0,2,0,0.0,0
0.882,72,0,0.3726,1560.0,4,0,1,0,0.0,0
0.4193,55,0,0.5826,7148.0,13,0,0,0,1.0,0
0.3727,70,0,0.2445,3177.0,15,0,1,0,0.0,0
0.188,40,0,0.4471,,7,0,3,0,1.0,0
1.948,54,0,0.5438,,6,0,1,0,1.0,0
0.1454,56,0,0.5733,3300.0,9,0,0,0,0.0,0
0.1115,71,0,1.018,,8,0,1,0,0.0,0
0.2852,56,0,0.297,7143.0,8,0,3,0,0.0,0
0.4525,43,0,0.1906,,7,0,1,0,1.0,0
0.0427,53,0,0.2659,5091.0,5,0,1,0,1.0,0
0.1285,29,0,0.3483,7568.0,5,0,1,0,2.0,0
0.3014,21,0,0.3244,,11,0,0,0,0.0,0
0.8424,64,0,1.0,4944.0,4,0,1,0,0.0,0
0.2852,47,0,0.2949,3324.0,5,0,1,0,1.0,0
0.5023,48,0,0.7615,6213.0,7,0,1,0,1.0,0
0.6168,64,0,0.5879,2696.0,15,0,4,0,0.0,0
1.0455,72,0,0.6337,,9,0,2,0,1.0,1
0.1645,59,0,0.8262,10073.0,8,0,0,0,1.0,0
0.0919,79,0,0.4739,4236.0,11,0,2,0,1.0,0
0.0364,59,0,0.1668,7071.0,9,0,0,0,2.0,0
0.1849,56,0,0.7518,,5,0,0,0,0.0,0
0.7014,55,0,0.6874,6145.0,13,0,0,0,1.0,0
0.4441,34,0,0.661,6007.0,9,0,0,0,0.0,0
0.3316,65,3,0.7809,9230.0,8,0,1,1,0.0,0
0.4647,21,0,0.1663,6282.0,13,0,2,0,1.0,0
0.712,44,0,0.5686,,7,0,1,0,1.0,0
0.5779,52,0,0.4626,3877.0,8,0,1,0,0.0,0
0.8263,41,0,0.8269,7173.0,9,0,0,0,0.0,0
1.6216,46,0,0.2721,22624.0,9,0,1,0,2.0,1
0.5126,78,0,0.1958,22722.0,8,0,1,0,0.0,0
0.2427,67,0,0.4524,2279.0,6,0,1,0,0.0,0
0.2566,42,0,0.2468,6204.0,10,0,2,0,1.0,0
0.0456,45,0,0.5941,1778.0,3,0,3,0,0.0,0
0.7507,34,0,0.5918,10987.0,8,0,3,0,0.0,0
0.3452,62,0,0.3396,2442.0,7,0,1,0,1.0,0
7.8336,49,0,0.0665,,13,0,2,0,1.0,0
0.4168,24,0,0.2857,,7,0,1,0,1.0,0
0.2429,53,0,0.6063,6055.0,9,0,0,0,0.0,0
0.7695,58,0,0.6671,6008.0,4,0,2,0,1.0,0
0.7705,65,0,0.2432,3009.0,9,0,1,0,1.0,0
0.1696,51,0,0.0659,2677.0,7,0,1,0,4.0,0
0.7201,47,0,0.4965,12231.0,8,0,0,0,0.0,0
0.8921,80,0,0.8536,6128.0,11,0,2,0,1.0,0
2.4999,52,0,0.4232,6985.0,8,0,0,0,1.0,0
0.0215,62,1,0.5853,4230.0,3,0,0,0,0.0,0
0.0197,44,0,0.2845,17379.0,10,0,4,0,0.0,0
0.5728,62,0,0.4452,,8,0,2,0,0.0,0
0.9329,32,0,1.0597,7517.0,8,0,0,0,1.0,0
0.1074,46,0,0.1039,5916.0,11,0,1,0,0.0,0
0.5717,35,0,0.6919,5864.0,6,0,1,0,0.0,0
0.5076,44,0,0.2287,8774.0,12,0,0,0,0.0,0
17.0672,70,2,0.1959,11168.0,11,0,3,1,0.0,0
0.1085,43,0,0.4501,7044.0,7,0,1,0,,0
0.3016,62,0,0.8134,6375.0,0,0,0,2,0.0,0
0.3546,73,0,0.0985,9275.0,11,0,1,0,0.0,0
0.0302,52,0,0.9322,14625.0,3,0,0,0,0.0,0
0.1934,66,0,0.1904,,6,0,2,0,0.0,0
0.4189,59,0,0.7753,3556.0,11,0,2,0,1.0,0
0.3469,54,0,0.4199,6602.0,5,0,1,0,3.0,0
1.0856,63,0,0.1923,4207.0,3,0,2,0,0.0,0
0.0036,78,0,0.1409,4497.0,7,0,1,0,0.0,0
0.8845,43,1,0.1827,4599.0,5,0,3,0,,0
2.2295,39,0,0.7246,7838.0,4,0,0,0,1.0,0
0.2659,38,0,0.3414,2984.0,5,0,0,2,1.0,0
1.2429,66,0,0.1106,8980.0,7,0,1,0,1.0,0
6.5515,68,0,0.4171,,5,0,0,0,0.0,0
0.1155,44,0,0.222,,9,0,0,0,0.0,0
11.912,22,0,0.4947,23879.0,6,0,1,0,1.0,0
0.9583,43,0,0.5212,5426.0,3,0,4,0,0.0,0
0.6757,60,0,0.4414,9394.0,7,0,3,0,1.0,0
0.5445,51,0,0.1627,2519.0,5,0,3,0,0.0,0
0.3906,55,0,0.5794,12412.0,13,0,0,0,0.0,0
0.2817,45,0,0.9572,7923.0,6,0,2,0,1.0,0
0.0272,66,0,0.5976,5941.0,9,0,1,0,0.0,0
0.0256,57,0,0.5946,9219.0,8,0,0,0,0.0,0
0.4622,60,0,0.6799,4979.0,9,0,1,0,0.0,0
4.5151,54,0,0.6698,2731.0,10,0,2,0,0.0,0
0.081,59,0,0.3185,8873.0,7,0,0,0,0.0,0
0.1437,58,0,0.604,,5,0,0,0,0.0,0
0.8293,39,0,0.5498,,9,0,0,0,1.0,0
0.0411,57,0,0.3733,8403.0,5,0,1,0,0.0,0
0.0492,63,0,0.4044,11557.0,12,0,0,0,1.0,0
0.2873,68,0,0.2026,,7,0,0,0,0.0,0
0.1108,58,0,0.7705,5625.0,9,0,1,0,0.0,1
0.2778,38,0,0.8339,9267.0,9,0,3,0,1.0,0
0.612,41,0,0.4599,9163.0,5,0,0,0,2.0,0
0.2447,46,0,0.1886,2292.0,4,0,1,0,0.0,0
0.5478,55,0,0.7151,1835.0,0,0,1,0,1.0,0
0.0873,50,0,0.2501,6480.0,5,0,1,0,0.0,0
0.0641,36,0,1.3287,,9,0,0,0,0.0,0
0.2201,36,0,0.6389,8904.0,6,0,1,0,1.0,0
0.5371,23,0,0.2753,5460.0,13,0,0,0,0.0,0
0.1095,21,0,0.8281,3040.0,5,0,2,0,,0
6.8217,50,0,0.7269,6958.0,11,0,0,0,2.0,0
1.0184,84,0,0.8478,12410.0,7,0,1,0,3.0,0
0.5373,77,0,0.3131,9305.0,11,0,1,0,0.0,0
0.3028,38,0,1.0308,2104.0,3,0,0,0,3.0,0
0.2616,54,0,1.476,8268.0,7,0,1,0,0.0,0
0.3532,31,0,0.2998,5556.0,6,0,3,0,0.0,0
0.3586,34,0,0.1391,8381.0,6,0,1,0,0.0,0
0.455,35,0,0.9663,3616.0,8,0,1,0,1.0,0
0.0509,49,0,0.5989,15055.0,8,0,0,0,1.0,0
0.0912,49,0,0.6657,2573.0,10,0,0,0,2.0,0
0.2372,56,0,0.6357,3709.0,3,0,1,0,2.0,0
0.4227,61,3,0.2374,2936.0,12,0,2,1,1.0,0
0.5388,47,0,0.693,5300.0,11,0,2,0,0.0,0
0.0459,53,0,0.9146,,8,0,2,0,0.0,0
0.3659,37,0,0.7273,3477.0,9,0,1,0,0.0,0
0.3527,33,0,0.403,4555.0,9,0,3,0,1.0,0
0.1008,31,0,1.3258,7007.0,6,0,0,0,0.0,0
0.4962,61,0,0.474,7961.0,13,0,0,0,1.0,0
2.3382,47,0,0.9397,3376.0,6,0,1,0,1.0,0
0.0219,26,0,1.1732,3135.0,7,0,1,0,0.0,0
0.0385,51,0,0.5781,8671.0,9,0,0,0,1.0,0
0.2764,35,0,0.4985,7527.0,9,0,0,0,1.0,0
0.6618,75,0,0.48,,11,0,0,0,2.0,1
0.1391,44,0,1.1329,2443.0,7,0,0,0,0.0,0
0.8615,62,0,0.7687,8495.0,9,0,0,0,1.0,0
0.778,67,0,0.3881,6846.0,10,0,2,0,1.0,0
0.2773,39,0,0.6464,,7,0,1,0,1.0,0
0.4046,53,0,1.1388,5841.0,8,0,3,0,0.0,0
1.4587,60,0,0.2487,10480.0,11,0,1,0,0.0,0
0.0182,54,0,0.5305,,15,0,1,0,0.0,0
0.2621,57,0,0.314,6822.0,5,0,2,0,0.0,0
0.5022,33,0,0.1115,6001.0,9,0,1,0,0.0,0
0.1983,60,0,0.615,8795.0,7,0,1,0,0.0,0
0.7122,45,0,0.1811,4679.0,6,0,1,0,5.0,0
0.0407,57,0,0.1138,2874.0,4,0,0,0,1.0,0
4.2016,65,2,0.3782,8999.0,7,0,1,0,2.0,0
2.6423,61,0,0.3194,,6,0,2,0,0.0,0
0.041,57,0,0.758,20400.0,7,0,0,0,0.0,0
3.1217,61,0,0.1768,,9,0,2,0,3.0,0
0.4235,62,0,0.9309,6311.0,13,0,0,0,1.0,0
0.0785,73,0,0.4301,4549.0,8,0,2,0,2.0,0
0.908,52,0,0.2219,,6,0,0,0,1.0,0
0.2865,54,0,0.7225,5984.0,8,0,1,0,,0
0.1388,65,0,0.2301,9136.0,6,0,0,0,1.0,0
0.3051,45,0,0.2323,,5,0,0,0,1.0,0
0.6521,33,0,0.5076,,5,0,0,0,2.0,0
0.6745,59,0,0.6223,3438.0,8,0,0,0,0.0,0
0.7673,49,0,0.5889,2833.0,6,0,0,0,2.0,0
0.4194,35,0,1.2877,,7,0,0,0,1.0,0
1.5691,59,0,1.0337,11571.0,10,0,0,0,1.0,0
0.5162,72,0,0.8231,1864.0,7,0,1,0,,1
1.0158,29,0,0.5016,5125.0,10,0,0,0,3.0,1
0.4809,66,0,0.2126,2359.0,11,0,0,0,0.0,0
0.298,21,1,0.6897,7587.0,6,0,2,0,2.0,0
0.087,46,0,0.4015,5290.0,7,0,0,0,1.0,0
0.088,78,0,0.591,,9,0,0,0,1.0,0
1.9703,47,0,0.4872,3272.0,8,0,1,0,0.0,1
0.3342,53,0,0.7002,2552.0,4,0,1,0,2.0,0
8.1214,63,0,0.3301,2629.0,7,0,0,0,0.0,0
0.6506,28,2,0.6356,,8,0,1,0,0.0,0
0.4139,53,0,0.5143,3650.0,7,0,1,0,1.0,0
0.4058,53,0,0.1737,,6,0,0,0,0.0,0
1.787,78,0,0.6596,,4,0,1,0,0.0,0
0.6778,35,0,0.2335,2125.0,11,0,3,0,0.0,0
0.1056,47,0,0.1811,,5,0,2,0,1.0,0
0.5521,39,0,0.3458,6456.0,12,0,1,0,0.0,0
0.6381,38,1,0.6236,3703.0,11,0,1,0,1.0,0
1.2094,68,0,0.7694,2241.0,8,0,1,0,0.0,0
1.2156,52,2,0.641,,9,0,1,0,0.0,0
0.1121,44,0,1.2389,,6,0,1,0,0.0,0
0.8198,45,0,0.5805,2574.0,4,0,2,0,2.0,0
0.5213,44,0,0.4046,3801.0,7,0,1,0,0.0,0
0.107,45,0,0.3701,5234.0,2,0,1,0,0.0,0
0.2047,34,0,0.2561,3022.0,5,0,1,0,1.0,0
0.3029,48,0,0.1509,4807.0,7,0,2,0,0.0,0
0.9283,47,0,0.2317,,12,0,2,0,0.0,0
0.3268,41,0,0.4996,6658.0,9,0,0,0,1.0,0
0.351,54,0,0.2527,8220.0,11,0,0,0,1.0,0
0.3513,55,0,0.2626,7831.0,9,0,0,0,0.0,0
0.0105,44,0,0.7815,5241.0,5,0,0,0,0.0,0
0.548,50,0,0.7152,9246.0,7,0,0,0,0.0,0
0.8163,82,0,0.9056,10858.0,10,0,0,0,0.0,0
0.516,82,0,0.4247,10390.0,9,0,1,0,0.0,0
0.019,37,0,0.8488,7670.0,4,0,3,0,,0
0.4607,39,0,0.518,3462.0,8,0,1,0,1.0,0
0.5113,37,0,0.1951,,7,0,0,0,0.0,0
0.0888,67,0,0.5154,3380.0,8,0,1,0,2.0,0
0.1123,46,0,0.5568,,13,0,1,0,1.0,0
0.0872,55,0,0.2034,4370.0,7,0,1,0,0.0,0
1.5467,80,0,0.3809,11645.0,7,0,1,0,0.0,0
0.1006,52,0,0.3814,,9,0,1,0,0.0,0
0.3033,62,0,0.2571,3838.0,8,0,1,0,0.0,0
0.4919,59,0,0.4808,7060.0,6,0,0,0,0.0,0
0.4284,44,0,0.6186,16227.0,6,0,0,0,1.0,0
3.3771,67,0,0.6265,9949.0,12,0,0,0,1.0,0
0.1187,40,0,0.6493,5192.0,4,0,0,0,1.0,0
0.1475,71,1,0.7542,12615.0,12,0,0,0,1.0,0
0.0824,44,0,0.8099,8504.0,8,0,3,1,0.0,0
0.684,45,0,0.3933,2065.0,5,0,2,0,1.0,0
0.4114,37,0,0.7724,16587.0,7,0,1,0,2.0,0
0.662,39,0,0.384,,4,0,0,0,0.0,0
0.1413,46,0,0.5362,4757.0,12,0,0,0,0.0,0
0.38,21,0,0.6069,1647.0,5,0,0,0,0.0,0
0.776,49,0,0.4818,1968.0,12,0,0,0,1.0,1
2.0763,45,0,0.4953,,11,0,0,0,1.0,1
0.3762,63,0,1.1481,2285.0,8,0,0,0,0.0,0
0.0002,58,0,0.3322,6186.0,5,0,0,0,,0
2.3258,42,0,0.2115,17483.0,10,0,2,0,0.0,0
0.5183,46,0,1.3548,,13,0,1,0,0.0,0
3.31,49,0,0.0947,16399.0,10,0,1,0,0.0,0
0.2576,73,0,0.3695,2997.0,7,0,0,0,,0
1.2607,40,0,0.4887,5264.0,6,0,1,0,1.0,0
0.0876,42,0,0.2172,3016.0,7,0,1,0,1.0,0
0.4431,36,0,0.4071,2659.0,14,0,1,0,1.0,0
2.9194,31,0,0.8034,8374.0,3,0,0,0,0.0,0
1.6431,56,0,0.397,,8,0,1,0,1.0,0
0.1353,55,0,0.2406,,11,0,2,0,0.0,0
0.606,70,2,0.2096,5472.0,9,0,2,0,2.0,0
0.753,67,0,0.3613,3978.0,16,0,2,0,1.0,0
0.4278,86,0,0.7134,10641.0,5,0,2,0,0.0,0
0.5567,51,0,0.5356,,7,0,1,0,1.0,0
0.0094,48,0,0.3903,3239.0,5,0,0,0,1.0,0
0.0801,34,1,0.1418,,6,0,1,1,0.0,1
0.5838,62,0,0.6232,2710.0,12,0,1,0,1.0,0
0.405,54,0,0.3331,,9,0,1,0,0.0,0
1.3194,61,0,0.4867,6295.0,11,0,0,0,0.0,0
2.3993,36,0,0.0982,8199.0,5,0,0,0,0.0,0
0.3731,57,0,0.22,16911.0,11,0,1,0,1.0,0
0.1655,55,0,0.4574,4465.0,11,0,2,0,1.0,0
0.701,54,0,0.021,5312.0,7,0,1,0,0.0,0
0.0533,42,0,0.6279,4771.0,9,0,0,0,0.0,0
0.4403,69,0,0.7792,3803.0,9,0,2,0,1.0,0
2.0146,81,0,0.4731,4858.0,10,0,1,0,0.0,1
0.6693,36,0,0.4956,7288.0,10,0,0,0,0.0,0
0.2674,62,0,0.5617,5651.0,5,0,0,0,0.0,0
0.3616,21,0,0.9721,2025.0,8,0,0,0,0.0,0
0.3717,61,0,0.1585,,10,0,2,0,2.0,0
0.4301,26,0,0.4081,9060.0,12,0,0,0,1.0,0
0.0082,45,0,0.2638,,9,0,2,0,1.0,0
0.679,34,0,0.6329,6946.0,10,0,0,0,0.0,0
0.4794,49,0,0.8314,,6,0,0,0,1.0,0
1.9638,64,0,0.5706,3157.0,5,0,1,0,2.0,1
0.5214,26,0,0.2822,,12,0,0,0,2.0,0
0.3385,47,0,0.3331,,10,0,1,0,3.0,0
0.4936,45,0,0.8238,10058.0,8,0,0,0,0.0,0
0.1464,74,0,0.7527,7710.0,15,0,0,0,1.0,0
0.7741,58,0,0.9198,4333.0,9,0,0,0,1.0,0
0.5374,36,0,0.8636,14773.0,5,0,2,0,1.0,0
0.4522,45,0,0.3643,7322.0,5,0,1,0,1.0,0
0.1767,74,0,0.3323,3511.0,8,0,4,0,1.0,0
1.0511,62,1,0.1682,5529.0,6,0,0,1,0.0,0
0.3335,39,0,0.7282,2072.0,13,0,3,0,0.0,0
0.5779,48,0,0.5088,3506.0,10,0,1,0,0.0,1
0.266,49,0,0.7102,9523.0,11,0,1,0,0.0,0
0.0165,44,0,0.2174,1840.0,12,0,0,0,1.0,0
0.3177,28,0,0.3965,9102.0,5,0,0,0,1.0,0
0.6081,43,2,0.6662,6164.0,5,0,2,0,1.0,0
0.221,71,0,1.7891,19941.0,7,0,4,0,0.0,0
0.7603,47,0,0.1969,11148.0,11,0,2,0,1.0,0
0.3553,51,0,0.4225,,9,0,0,0,2.0,0
1.1231,54,0,0.0506,3300.0,6,0,0,0,1.0,0
0.1552,83,0,0.3718,,6,0,1,0,0.0,0
2.1107,52,0,0.0365,3973.0,8,0,0,0,0.0,0
0.483,67,0,0.7701,5401.0,8,0,3,0,2.0,0
0.3841,44,0,0.2917,14547.0,13,0,0,0,1.0,0
0.1321,48,0,0.3542,,7,0,1,0,3.0,0
0.4425,52,0,0.1838,7576.0,9,0,1,0,0.0,0
0.0113,41,0,0.413,6031.0,5,0,2,0,0.0,0
0.3036,49,0,0.6666,,6,0,1,0,0.0,0
0.1416,64,0,0.7138,10350.0,9,0,0,0,1.0,0
0.629,41,0,0.2917,9765.0,11,0,2,0,1.0,0
0.1971,52,0,0.3315,3615.0,5,0,0,0,0.0,0
0.645,62,0,0.8697,,10,0,0,0,0.0,0
0.6062,40,0,0.5194,6374.0,9,0,1,0,0.0,0
0.6771,67,0,0.9693,,9,0,1,0,0.0,0
0.0958,53,0,0.334,,6,0,0,0,2.0,0
0.8373,50,0,0.6516,4120.0,7,0,0,0,1.0,0
0.5506,24,0,0.2431,,6,0,1,0,0.0,0
0.1098,47,0,0.1496,,9,0,1,0,0.0,0
0.264,57,0,0.5142,10590.0,11,0,0,0,0.0,0
0.3792,76,0,0.4342,6071.0,8,0,1,0,2.0,0
0.3948,60,1,0.1067,,12,0,2,1,1.0,0
2.2523,68,0,0.5872,10358.0,13,0,0,0,1.0,0
0.7255,35,0,0.3588,,7,0,0,0,0.0,0
1.394,50,0,0.3083,,8,0,0,0,1.0,0
1.4963,69,0,0.6752,,8,0,2,0,2.0,1
0.2214,40,0,0.4302,8029.0,6,0,4,0,1.0,0
0.9672,66,0,0.3823,,14,0,0,0,1.0,0
0.3656,62,0,0.1524,,8,0,0,0,3.0,0
0.6007,56,0,0.4059,3340.0,3,0,3,0,0.0,0
6.8013,47,0,0.4128,6944.0,6,0,0,0,1.0,0
0.4452,38,0,0.5239,10698.0,6,0,2,0,1.0,0
0.6758,77,0,0.8636,15850.0,9,0,1,0,0.0,0
0.5533,61,0,0.5474,7600.0,3,0,0,0,1.0,0
0.3914,57,0,0.0485,2125.0,10,0,0,0,0.0,0
4.8815,46,0,0.62,9905.0,6,0,4,0,0.0,0
0.3778,53,0,0.7862,5202.0,9,0,2,0,3.0,0
2.1723,54,0,0.5088,10045.0,5,0,1,0,0.0,0
1.8806,58,0,0.4521,,6,0,1,0,0.0,0
6.9711,62,0,0.1642,2944.0,7,0,0,0,3.0,0
0.1837,41,0,0.4487,2925.0,14,0,1,0,1.0,0
0.2159,31,0,0.5851,4061.0,6,0,2,0,1.0,0
0.3671,53,0,0.3446,1501.0,8,0,2,0,0.0,0
2.3904,28,2,1.0995,,5,0,0,0,1.0,0
0.4104,47,0,0.2996,5082.0,10,0,1,0,0.0,0
0.6358,45,0,0.5686,2692.0,17,0,1,0,0.0,0
0.6153,59,0,0.4643,8914.0,9,0,0,0,0.0,0
3.4787,80,0,0.6125,6090.0,3,0,2,0,2.0,0
0.1277,25,1,0.3915,,7,0,1,1,0.0,0
0.2245,84,0,0.9662,16851.0,11,0,2,0,2.0,0
0.5583,49,0,0.0718,5585.0,9,0,1,0,0.0,0
1.0892,57,0,0.4435,11889.0,6,0,1,0,0.0,0
7.3616,32,3,0.205,8362.0,4,0,0,2,0.0,0
0.3283,66,0,0.0772,4897.0,9,0,3,0,2.0,0
1.3928,53,0,0.1068,7211.0,10,0,0,0,,0
0.6226,51,0,0.7151,,6,0,1,0,1.0,0
0.6078,25,0,0.4774,7578.0,7,0,1,0,1.0,0
0.1163,53,0,0.6317,,6,0,0,0,0.0,0
0.0992,64,0,0.2756,,7,0,1,0,3.0,0
0.2514,49,0,0.9058,3795.0,10,0,0,0,1.0,0
0.0568,68,0,0.5367,,9,0,0,0,0.0,0
6.12,68,0,0.4756,4194.0,7,0,0,0,1.0,0
0.0054,43,0,0.3186,2173.0,11,0,1,0,1.0,0
1.2007,74,0,0.2104,,3,0,2,0,0.0,0
0.0899,53,0,0.4657,6243.0,10,0,0,0,2.0,0
0.4356,53,0,0.1312,2638.0,8,0,2,0,0.0,0
0.0917,53,0,0.2476,4447.0,4,0,1,0,1.0,0
2.904,53,0,0.5019,9019.0,8,0,1,0,1.0,0
0.0175,21,0,0.1083,6223.0,8,0,0,0,3.0,0
0.1439,49,0,0.3755,4607.0,8,0,1,0,0.0,0
0.1476,33,0,0.2827,4396.0,7,0,2,0,0.0,0
0.0982,75,0,0.7535,8270.0,5,0,1,0,1.0,0
1.8959,74,1,0.2994,17278.0,7,0,2,0,1.0,0
0.1441,64,0,0.4469,,9,0,0,0,2.0,0
0.0734,49,0,0.5603,3185.0,11,0,0,0,1.0,0
0.1341,38,0,0.6995,,8,0,0,0,3.0,0
0.3596,43,0,0.4346,,9,0,0,0,2.0,0
0.0627,79,0,0.3174,5091.0,6,0,1,0,1.0,0
0.323,42,0,0.5766,6308.0,4,0,0,0,1.0,0
0.1156,21,0,0.8647,,2,0,1,0,2.0,0
0.0441,66,0,0.2926,3159.0,9,0,2,0,3.0,0
0.041,73,0,0.8793,,9,0,2,0,1.0,0
0.5778,75,0,0.4028,14089.0,8,0,2,0,1.0,0
0.1715,67,0,0.8606,7183.0,12,0,0,0,1.0,0
0.0195,69,0,0.5809,11761.0,9,0,1,0,2.0,0
0.0169,53,0,0.2064,3931.0,7,0,2,0,1.0,0
0.6745,23,0,0.0949,3035.0,8,0,1,0,0.0,0
0.8719,52,0,0.7431,4834.0,14,0,0,0,1.0,1
1.233,61,0,0.5511,4075.0,3,0,1,0,3.0,0
1.1471,50,0,0.1806,4346.0,6,0,2,0,2.0,0
0.5075,49,0,0.5836,2814.0,7,0,0,0,0.0,0
0.4884,39,0,0.4511,5037.0,6,0,2,0,0.0,0
0.2146,38,0,1.0409,8684.0,10,0,0,0,1.0,0
0.6261,78,0,0.0921,,9,0,0,0,1.0,1
0.2636,78,0,1.041,15557.0,4,0,0,0,1.0,0
2.2488,52,0,0.7347,8609.0,10,0,1,0,,0
1.0177,56,0,0.6508,19381.0,5,0,2,0,1.0,0
3.522,38,0,0.7536,6470.0,18,0,2,2,0.0,0
0.0636,61,0,0.9051,3994.0,14,0,0,0,1.0,0
0.081,77,0,0.0965,8282.0,8,0,1,0,0.0,1
0.641,31,0,0.06,7109.0,10,0,0,0,0.0,0
0.3887,58,0,0.3182,10571.0,4,0,0,0,1.0,0
1.412,60,1,0.8064,,15,0,0,0,0.0,0
0.5102,59,0,0.2685,2639.0,11,0,1,0,3.0,0
0.1157,75,0,0.213,2693.0,6,0,1,0,0.0,0
0.0778,81,0,0.4546,5242.0,10,0,1,0,0.0,0
3.2205,49,0,0.7655,3214.0,10,0,0,0,0.0,0
0.4346,61,0,0.2226,,4,0,3,0,1.0,0
0.2876,53,0,0.2126,4239.0,3,0,0,0,0.0,0
0.9047,43,0,0.9937,5149.0,12,0,1,0,0.0,0
0.2171,56,0,0.537,16810.0,7,0,4,0,1.0,0
0.0897,61,1,0.2758,6152.0,8,0,1,0,0.0,0
0.474,55,0,0.4234,4241.0,6,0,0,0,1.0,0
0.7126,40,0,0.339,7619.0,11,0,1,0,0.0,0
3.5921,46,0,0.5399,3662.0,3,0,2,0,2.0,0
0.4959,46,0,0.9194,14085.0,13,0,0,0,0.0,0
0.0104,40,1,0.5766,16126.0,9,0,0,0,1.0,0
0.1837,56,0,0.8208,1849.0,8,0,0,0,0.0,0
1.112,58,0,0.287,4145.0,6,0,0,0,0.0,0
0.0486,66,0,0.9368,3296.0,11,0,1,0,1.0,0
0.1249,40,0,0.5042,11130.0,7,0,2,0,1.0,0
0.2247,44,0,0.6258,13819.0,9,0,2,0,1.0,0
0.6682,74,0,0.8326,8401.0,8,0,0,0,1.0,0
0.6332,50,0,0.7126,,13,0,2,0,0.0,0
0.2645,52,0,0.6439,,7,0,0,0,1.0,0
0.644,50,0,0.2641,4412.0,9,0,1,0,2.0,0
0.2578,68,1,0.4574,,4,1,0,0,1.0,0
0.0972,68,0,0.7914,9499.0,11,0,1,0,0.0,0
0.3413,68,0,0.1341,3948.0,5,0,1,0,3.0,0
2.0555,52,0,1.1072,2784.0,10,0,1,0,1.0,0
0.047,40,0,0.7559,18075.0,7,0,3,0,0.0,0
0.4254,79,0,1.0739,5166.0,9,0,1,0,2.0,1
0.5054,64,0,0.2553,,7,0,3,0,0.0,0
0.5932,46,0,0.1706,6461.0,7,0,1,0,0.0,0
0.26,72,2,0.1887,6749.0,11,2,3,0,2.0,1
1.054,45,0,0.9684,,6,0,2,0,0.0,0
0.4898,72,0,0.3973,2837.0,7,0,1,0,0.0,0
0.2175,73,0,0.3864,3299.0,3,0,1,0,1.0,0
0.6953,39,0,0.8356,6501.0,9,0,0,0,0.0,0
2.5075,60,0,0.2995,7764.0,9,0,0,0,2.0,0
0.0828,63,0,0.6133,5820.0,9,0,1,0,2.0,0
0.3744,89,0,0.3146,6730.0,7,0,1,0,1.0,0
1.2366,42,1,0.339,2940.0,5,0,0,0,0.0,0
1.5752,72,0,0.5148,3002.0,8,0,1,0,0.0,0
0.4502,52,0,0.7653,,8,0,1,0,2.0,0
0.7387,35,0,0.2837,4905.0,6,0,1,0,0.0,0
0.2646,50,0,0.4089,5069.0,14,0,0,0,1.0,0
0.7484,52,0,0.7487,9312.0,8,0,1,0,0.0,0
0.1585,37,0,0.1741,3851.0,6,0,0,0,1.0,0
0.3802,56,0,0.4678,,8,0,0,0,2.0,0
0.6495,65,0,0.3211,3408.0,11,0,1,0,0.0,0
0.813,55,0,0.7597,3859.0,9,0,0,0,2.0,0
0.1243,44,0,0.2865,7375.0,12,0,0,0,1.0,0
0.6525,50,0,0.5666,8894.0,7,0,1,0,0.0,0
0.8911,52,0,0.5839,,8,0,0,0,0.0,0
3.2286,55,0,0.3674,2502.0,7,0,3,0,2.0,1
0.5694,68,0,0.8016,3406.0,11,0,2,0,1.0,0
0.0873,56,0,1.0594,,11,0,0,0,0.0,0
1.7336,32,0,0.8219,1953.0,5,0,0,0,2.0,0
0.8086,44,0,0.301,3723.0,10,0,2,0,1.0,0
0.0701,54,0,0.1715,3290.0,9,0,1,0,1.0,0
0.4127,68,0,0.2124,3341.0,7,0,1,0,2.0,0
2.1448,70,0,0.3,22221.0,12,0,2,0,1.0,0
1.1504,77,0,0.9266,3552.0,5,0,1,0,0.0,0
0.1937,54,0,0.1371,6306.0,7,0,0,0,1.0,0
0.5774,63,0,0.4616,2427.0,9,0,0,0,1.0,0
0.6097,32,1,0.9501,14673.0,6,0,2,1,,0
0.3858,58,0,0.4227,3018.0,7,0,1,0,2.0,0
0.1207,37,0,0.4346,,8,0,1,0,,0
0.4934,51,0,0.6141,,11,0,2,0,1.0,0
6.0385,94,1,1.076,5915.0,8,0,0,0,0.0,0
0.0843,56,0,0.1547,16013.0,12,0,1,0,0.0,0
0.2605,40,0,0.3514,11051.0,8,0,1,0,2.0,0
1.0537,58,0,0.4875,,8,0,0,0,0.0,0
0.5935,45,0,0.2321,3027.0,10,0,1,0,0.0,0
0.2606,39,0,0.6333,11022.0,8,0,2,0,0.0,0
0.0033,81,0,0.481,10176.0,7,0,1,0,0.0,0
0.1694,67,0,0.8507,,12,0,1,0,0.0,0
0.0413,57,0,0.2468,12512.0,8,0,1,0,0.0,0
0.4984,47,0,0.6678,,6,0,1,0,1.0,0
0.3234,48,0,0.4456,5243.0,8,0,0,0,1.0,0
0.2712,74,0,0.7939,,9,0,1,0,3.0,0
0.2788,56,0,0.4736,,2,0,0,0,0.0,0
0.3979,21,0,0.074,,6,0,0,0,2.0,0
4.0019,86,0,0.6334,,8,0,1,0,1.0,0
0.0525,55,1,0.1707,2850.0,13,0,1,0,2.0,0
0.4386,57,0,0.4672,14399.0,7,0,1,0,0.0,0
0.1635,67,0,0.4869,,8,0,1,0,0.0,0
0.016,59,0,0.6277,8257.0,5,0,0,0,2.0,0
5.5315,62,0,0.1798,1509.0,7,0,1,0,1.0,0
1.1363,46,0,0.4501,5080.0,8,0,1,0,1.0,0
0.1197,35,0,0.4786,11099.0,11,0,1,0,1.0,0
0.9551,56,0,0.1747,7053.0,9,0,0,0,2.0,0
3.8243,72,0,0.5612,,13,0,2,0,2.0,0
0.1514,43,0,0.6176,5424.0,8,0,1,0,2.0,0
3.3068,42,0,0.3673,,6,0,2,0,0.0,0
0.6422,69,0,0.2467,8193.0,12,0,3,0,1.0,0
0.3159,46,0,0.19,4195.0,12,0,0,0,2.0,0
0.0742,46,0,0.5741,,10,0,1,0,0.0,0
0.2213,47,0,0.5226,6219.0,10,0,0,0,0.0,0
0.7391,51,0,0.9573,3013.0,7,0,2,0,2.0,0
0.1908,30,0,0.2605,5447.0,9,0,1,0,1.0,0
1.7109,44,0,0.6253,2278.0,7,0,2,0,2.0,0
2.38,55,0,0.2255,6423.0,2,0,2,0,0.0,0
0.6134,55,0,0.2741,2398.0,7,0,1,0,0.0,0
0.1563,68,0,0.4279,5678.0,4,0,0,0,1.0,0
0.854,78,0,0.3022,10165.0,9,0,1,0,0.0,0
0.1108,73,0,0.5008,4002.0,15,0,0,0,2.0,0
0.7858,65,0,0.5355,2870.0,6,0,1,0,1.0,0
1.124,50,0,0.639,5499.0,9,0,1,0,,0
1.3362,43,2,0.559,18192.0,14,0,1,0,2.0,0
0.387,52,0,0.4805,6219.0,7,0,1,0,0.0,0
0.493,60,0,0.0117,,10,0,0,0,0.0,0
1.101,64,0,0.1479,14871.0,4,0,2,0,0.0,0
1.0491,61,0,0.719,,5,0,0,0,0.0,0
0.1423,50,0,0.2388,8153.0,4,0,1,0,0.0,0
0.8724,63,0,0.8265,9110.0,1,0,3,0,0.0,0
0.339,70,0,0.0647,4095.0,12,0,0,0,0.0,0
2.167,64,0,1.2255,5909.0,7,0,0,0,1.0,0
0.1076,52,1,0.5109,,8,2,1,0,2.0,0
0.2849,40,0,1.1717,9203.0,15,0,0,0,0.0,0
0.911,40,0,0.2186,4723.0,2,0,3,1,1.0,0
0.2055,42,0,0.3235,3241.0,13,0,1,0,0.0,0
0.0612,56,0,0.6279,6123.0,8,0,1,0,0.0,0
1.0186,59,0,0.7895,2920.0,6,0,0,0,0.0,0
11.8192,32,0,0.5244,,4,0,1,0,2.0,1
0.1209,45,0,0.3462,5139.0,7,0,0,0,0.0,0
0.5908,55,0,0.6431,4596.0,9,0,1,0,2.0,1
5.8541,39,1,0.6827,2600.0,6,0,1,0,2.0,0
0.2375,58,0,0.0812,9970.0,10,0,3,0,2.0,1
0.1857,48,1,0.2197,9117.0,10,0,2,0,0.0,0
0.3488,42,0,0.7648,,7,0,1,0,1.0,0
0.0336,53,0,0.6772,6136.0,14,0,2,0,0.0,0
0.2571,57,0,0.3135,2520.0,6,0,0,0,0.0,0
0.0835,40,0,0.1962,7092.0,11,0,3,0,0.0,0
0.1804,49,0,0.043,,6,0,2,0,1.0,0
0.1524,59,0,0.532,1938.0,5,0,2,0,0.0,0
5.7954,41,1,0.8467,15940.0,8,0,2,0,2.0,0
1.1688,29,0,0.6696,2288.0,12,0,0,0,0.0,0
0.1395,30,0,0.7164,6236.0,12,0,1,0,2.0,0
3.0682,46,0,0.274,2097.0,6,0,0,0,3.0,0
0.1052,34,0,0.9678,2795.0,6,0,2,0,1.0,0
0.6732,47,0,0.5775,7941.0,11,0,1,0,2.0,0
0.4383,75,0,0.1384,6028.0,6,0,0,0,0.0,0
0.2564,33,0,0.3284,2077.0,9,0,2,0,1.0,0
2.5837,48,0,0.5745,,8,0,2,0,0.0,0
0.1449,82,0,0.3086,5895.0,13,0,1,0,2.0,0
0.4041,58,0,0.7074,7257.0,9,0,1,0,0.0,0
0.3848,47,0,0.7667,,11,0,1,0,1.0,0
0.1302,50,0,0.5483,2311.0,9,0,1,0,1.0,0
0.1,58,0,0.1459,4007.0,8,0,2,0,1.0,0
0.3841,76,0,0.4348,6570.0,10,0,0,0,1.0,0
1.0897,45,0,0.1769,2024.0,4,0,1,0,2.0,0
0.2443,41,0,0.1244,3295.0,2,0,0,0,2.0,0
0.8731,33,1,0.6538,4439.0,3,0,1,0,1.0,0
0.3363,53,0,0.3455,10888.0,8,0,2,0,0.0,0
0.2245,32,0,0.084,6940.0,12,0,0,0,1.0,0
0.7988,46,0,0.9917,,6,0,1,0,3.0,0
0.4782,39,0,0.2345,6129.0,7,0,1,0,1.0,0
0.2556,67,0,0.3989,15477.0,10,0,1,0,1.0,0
2.1602,45,0,0.0647,5369.0,11,0,1,0,1.0,0
0.0197,58,0,0.8893,4763.0,11,0,1,0,0.0,0
0.3102,30,0,0.4539,3712.0,7,0,1,0,1.0,0
0.1633,54,0,0.3966,1991.0,5,0,1,0,1.0,0
0.4863,35,0,0.5065,7752.0,9,0,1,0,1.0,0
0.396,46,0,0.5933,,6,0,0,0,0.0,0
0.518,83,1,0.2516,,10,0,0,0,2.0,0
0.2212,65,0,0.1385,1322.0,8,0,1,0,0.0,0
0.4192,50,0,0.9117,9862.0,8,0,2,0,0.0,0
0.8059,95,0,0.6676,11957.0,3,0,1,0,0.0,0
0.247,39,0,0.8725,4884.0,9,0,4,0,1.0,0
0.0042,68,0,0.1769,9037.0,13,0,2,0,1.0,0
0.4128,31,0,0.406,7474.0,10,0,1,0,2.0,0
0.351,49,0,0.8817,18230.0,4,0,0,0,0.0,0
0.4864,33,0,0.0995,4257.0,7,0,1,0,0.0,0
0.3545,56,0,0.0515,,9,0,0,0,1.0,0
0.5443,53,1,0.5726,16119.0,9,0,0,0,1.0,0
1.1405,48,0,0.5262,,8,0,1,0,0.0,0
0.1867,67,0,0.7456,4600.0,12,0,2,0,0.0,0
0.1494,44,0,0.4675,4088.0,6,0,1,0,0.0,0
0.6588,57,0,0.6198,5498.0,12,0,0,0,2.0,0
0.966,63,0,0.44,5328.0,10,0,2,0,0.0,0
0.577,31,0,0.7274,1358.0,12,0,2,0,1.0,0
0.7102,42,0,0.3429,3877.0,6,0,2,0,2.0,0
3.6971,53,0,0.6096,3762.0,12,0,0,0,1.0,0
1.1582,61,0,0.9803,3374.0,6,0,1,0,0.0,0
2.7897,72,0,0.716,9315.0,9,0,0,0,1.0,0
0.1945,49,0,0.4466,,10,0,2,0,2.0,0
0.2864,48,0,0.6753,7166.0,5,0,1,0,4.0,0
0.3548,40,0,1.0793,4342.0,8,0,1,0,0.0,0
0.226,57,0,0.4445,5046.0,8,0,0,0,1.0,0
0.6895,48,0,0.0702,19441.0,11,0,2,0,1.0,0
0.5407,48,0,0.2011,,6,0,1,0,0.0,0
0.4722,51,0,0.2734,,6,0,1,0,1.0,0
0.0775,60,3,0.5343,9247.0,10,0,1,1,1.0,0
0.3106,44,0,0.1227,12202.0,9,0,0,0,2.0,0
0.1305,41,0,0.6312,5677.0,6,0,4,0,0.0,0
0.1988,58,0,0.7587,5103.0,8,0,1,0,0.0,0
0.2164,21,0,1.1008,11071.0,14,0,1,0,1.0,0
0.4022,44,0,0.5084,,9,0,2,0,0.0,0
0.331,36,0,0.1973,2646.0,6,0,0,0,2.0,0
0.0136,69,0,0.5666,4576.0,10,1,2,1,0.0,0
0.3159,46,0,0.4282,,4,0,1,0,0.0,0
0.5098,44,0,0.8627,14485.0,11,0,2,0,2.0,0
0.5337,51,0,0.5608,2367.0,6,0,2,0,2.0,0
0.0841,44,0,0.737,11002.0,5,0,1,0,1.0,0
4.3154,46,0,0.5201,4543.0,8,0,2,0,2.0,0
0.2424,53,0,0.2592,,15,0,1,0,5.0,0
0.0935,46,0,0.5387,7307.0,9,0,1,0,0.0,0
0.2886,46,0,0.7373,5250.0,7,0,0,0,0.0,0
0.5346,38,0,0.5029,5544.0,12,0,0,0,1.0,0
0.6052,36,0,0.1349,2089.0,8,0,0,0,1.0,0
0.0249,53,0,0.5208,5297.0,6,0,0,0,1.0,0
0.4334,56,0,0.2516,3750.0,11,0,4,0,1.0,0
0.1672,32,0,0.7088,6081.0,5,0,2,0,0.0,0
0.3793,63,0,0.6078,3639.0,10,0,1,0,1.0,0
0.1397,63,0,0.3474,8306.0,11,0,1,0,0.0,0
2.3993,66,0,0.9669,3027.0,4,0,0,0,0.0,0
0.695,56,0,0.4157,,5,0,0,0,2.0,0
0.4982,61,0,0.0575,4370.0,7,0,1,0,0.0,1
10.219,83,0,0.461,13703.0,6,0,3,0,,0
1.3166,48,0,0.4348,5324.0,5,0,0,0,1.0,0
0.1633,37,0,0.7523,,6,0,1,0,3.0,0
3.1124,31,0,0.2992,,10,0,1,0,1.0,0
0.0801,77,0,0.6566,6445.0,6,0,0,0,1.0,0
0.566,77,2,0.3643,,7,0,1,1,1.0,0
0.8685,39,0,0.5337,11062.0,11,0,2,0,0.0,0
0.6488,42,0,0.4004,,11,0,1,0,0.0,0
0.5797,47,0,0.7844,5931.0,9,0,2,0,0.0,0
0.0505,69,0,0.2045,4681.0,8,0,2,0,0.0,0
0.1441,34,0,0.1558,8742.0,7,0,1,0,1.0,0
0.4143,24,0,0.8368,6341.0,6,0,2,0,0.0,0
0.7646,82,0,0.2167,,6,0,0,0,0.0,0
0.413,56,0,0.217,2753.0,9,0,3,0,0.0,0
0.309,58,0,0.5409,7718.0,6,0,0,0,0.0,0
0.0274,49,0,0.5427,10660.0,7,0,2,0,1.0,0
1.9766,59,0,0.5251,14732.0,11,0,0,0,0.0,0
0.4922,31,0,0.6235,5627.0,9,0,1,0,0.0,0
3.245,40,0,0.4091,3996.0,10,0,2,0,0.0,0
0.3344,53,0,0.7849,3401.0,7,0,1,0,0.0,0
0.0462,21,0,0.5882,5798.0,9,0,0,0,1.0,0
0.7629,48,0,0.3697,,5,0,3,0,2.0,0
0.5553,47,0,0.9543,6489.0,2,0,0,0,0.0,0
0.1193,48,0,0.4379,3390.0,7,0,0,0,0.0,0
0.7995,44,0,0.5288,2418.0,8,0,2,0,2.0,0
0.741,38,0,0.4287,4508.0,10,0,0,0,0.0,1
0.4061,26,0,0.2125,,9,0,0,0,1.0,0
0.1593,54,0,0.1908,6423.0,8,0,3,0,,0
2.6242,48,0,0.7632,,10,0,0,0,0.0,0
0.2953,33,0,0.8922,1769.0,9,0,0,0,1.0,0
0.4134,53,0,0.0322,,5,0,1,0,0.0,0
0.4605,48,0,0.4904,,7,0,1,0,1.0,0
0.3231,46,0,0.7983,8973.0,6,0,1,0,1.0,0
0.1936,22,0,0.0748,,8,0,0,0,1.0,0
0.0894,62,0,0.1741,3575.0,9,0,0,0,2.0,0
0.5829,35,0,0.5728,2049.0,13,0,1,0,1.0,0
0.0383,53,0,0.7636,6738.0,3,0,1,0,0.0,0
1.9694,41,0,0.3009,5554.0,6,0,0,0,,1
0.226,47,0,0.5049,7466.0,8,0,3,0,0.0,0
0.5749,68,0,0.6297,4661.0,14,0,1,0,0.0,1
0.8213,59,0,0.6083,5359.0,6,0,3,0,1.0,0
0.7216,68,0,0.5258,5709.0,6,0,0,0,0.0,0
0.2405,57,0,0.4467,7375.0,8,0,3,0,0.0,0
1.0495,58,2,0.5691,6333.0,10,0,1,1,0.0,0
0.1461,27,0,0.4153,7660.0,7,0,2,0,0.0,0
3.5825,48,0,0.3269,5591.0,5,0,2,0,0.0,0
0.2459,49,0,0.6761,3857.0,14,0,2,0,0.0,0
0.0383,69,0,0.1197,5121.0,6,0,0,0,1.0,0
1.2336,45,0,0.0982,,7,0,1,0,1.0,0
0.9181,56,0,0.5041,8146.0,9,0,1,0,0.0,0
0.3032,55,0,0.4723,7229.0,3,0,1,0,0.0,0
0.2316,68,0,0.7056,15174.0,6,0,1,0,0.0,0
0.3838,50,0,0.5504,5374.0,6,0,1,0,1.0,0
4.0879,64,0,0.1871,6870.0,9,0,1,0,0.0,0
0.2236,28,0,0.5764,5138.0,7,0,2,0,1.0,0
0.2895,29,0,0.0877,2578.0,7,0,1,0,2.0,0
0.2802,21,0,0.6975,3164.0,3,0,2,0,0.0,0
0.6889,63,0,0.7648,2528.0,8,0,2,0,1.0,0
0.0474,61,0,1.0454,5910.0,8,0,0,0,0.0,0
1.54,65,0,0.3258,2974.0,8,0,2,0,0.0,0
0.6512,43,0,0.6513,4961.0,14,0,0,0,0.0,0
1.1666,44,0,0.6622,2665.0,7,0,0,0,0.0,0
0.4421,50,0,0.5275,3829.0,13,0,1,0,0.0,0
0.362,72,0,0.4782,5304.0,9,0,2,0,0.0,0
0.1151,76,0,0.3085,14451.0,7,0,0,0,1.0,0
0.3366,63,0,0.1607,4338.0,8,0,1,0,1.0,0
0.0935,57,0,0.1906,8066.0,8,0,0,0,1.0,0
0.3937,71,0,0.3693,15122.0,11,0,1,0,1.0,0
0.3002,48,0,0.8527,10451.0,10,0,0,0,0.0,0
0.2479,47,0,0.7223,2352.0,10,0,1,0,1.0,0
0.2295,50,0,0.8813,3194.0,4,0,1,0,2.0,0
0.7164,38,0,0.4805,4325.0,7,0,0,0,0.0,0
0.6009,50,0,0.2464,,2,0,2,0,3.0,0
0.4381,36,0,0.6172,3168.0,8,0,0,0,0.0,0
0.3046,66,0,0.3761,3220.0,4,0,0,0,0.0,0
0.5839,60,0,0.8578,2306.0,6,0,2,0,0.0,0
0.288,72,0,0.2139,6319.0,11,0,1,0,0.0,0
0.9019,29,0,0.4247,3458.0,7,0,0,0,0.0,0
0.338,79,0,0.4216,,6,0,1,0,1.0,0
0.6008,30,0,0.3437,1959.0,11,0,0,0,3.0,0
0.2902,35,0,0.22,3068.0,5,0,1,0,2.0,0
1.3608,43,0,0.9203,9449.0,11,0,1,0,2.0,0
0.3255,70,0,0.223,5115.0,5,0,0,0,0.0,0
0.794,55,0,0.7778,5220.0,12,0,1,0,1.0,0
0.235,49,0,0.7201,4767.0,11,0,4,0,0.0,0
0.6877,41,0,0.3828,10833.0,10,0,0,0,2.0,0
0.0199,33,0,0.5172,7847.0,7,0,2,0,0.0,0
0.0101,68,0,0.1214,3885.0,11,0,0,0,0.0,0
0.14,63,0,0.257,20381.0,10,0,0,0,0.0,0
0.3552,71,0,0.5776,4678.0,11,0,0,0,0.0,0
1.4178,58,0,0.7208,6370.0,8,0,1,0,1.0,0
0.4225,21,0,0.3447,,7,0,0,0,1.0,0
0.1454,35,0,0.8807,,10,0,2,0,0.0,0
0.8474,59,0,0.4794,5114.0,10,0,1,0,0.0,0
0.2003,47,0,0.1426,,12,0,0,0,0.0,0
0.4634,44,0,0.3657,3183.0,8,0,0,0,1.0,0
0.3811,37,0,0.3119,2887.0,7,0,0,0,2.0,0
0.2305,65,0,0.393,2258.0,12,0,0,0,1.0,0
0.0214,58,0,0.3623,,16,0,0,0,0.0,0
0.0724,59,0,0.3734,4445.0,6,0,2,0,2.0,0
0.2502,43,0,0.1802,6447.0,4,0,1,0,0.0,0
0.6641,54,0,0.6101,3843.0,12,0,0,0,2.0,0
0.4036,33,0,0.5957,3200.0,6,0,1,0,0.0,0
2.1284,50,0,0.0779,5135.0,9,0,0,0,0.0,0
0.0637,21,0,0.1811,,4,0,3,0,0.0,0
0.1007,30,0,0.4739,,11,0,1,1,0.0,0
5.914,47,0,0.4097,5681.0,6,0,2,0,1.0,1
2.9957,85,0,0.3487,8218.0,9,0,1,0,1.0,0
0.1363,27,0,0.5475,,10,0,0,0,0.0,0
0.083,35,0,0.9093,4123.0,4,0,2,0,1.0,0
0.5148,55,0,0.738,6727.0,3,0,2,0,0.0,0
0.0683,77,0,0.5215,3068.0,9,0,1,0,1.0,0
0.2233,55,0,0.8993,6541.0,12,0,0,0,1.0,0
0.1474,62,0,0.9014,6028.0,4,0,1,0,1.0,0
0.0697,47,0,0.2439,20650.0,11,0,1,0,,0
4.5023,45,0,0.2617,3971.0,6,0,0,0,0.0,0
0.5502,53,1,0.5654,9264.0,10,0,1,1,3.0,0
0.8051,43,0,0.6846,5458.0,8,0,1,0,2.0,0
0.5072,62,0,0.6272,5781.0,10,0,1,0,0.0,0
0.17,30,0,0.5408,3238.0,5,0,1,0,2.0,0
0.3323,64,0,0.2906,2187.0,4,0,2,0,1.0,0
0.8403,53,0,0.6707,,6,0,0,0,1.0,0
0.9305,49,0,0.2915,4980.0,6,0,0,0,1.0,0
0.0377,29,0,0.4583,4263.0,10,0,1,0,0.0,0
0.1308,38,0,0.8408,,10,0,2,0,1.0,0
0.4209,69,0,0.8484,5300.0,8,0,2,0,2.0,1
0.4179,49,0,0.3599,12198.0,13,0,0,0,2.0,0
0.1557,56,0,0.3389,6149.0,6,0,0,0,2.0,0
0.0102,40,0,0.5334,4075.0,3,0,0,0,2.0,0
1.1654,52,0,0.2703,6592.0,10,0,1,0,,0
0.4229,33,0,0.3189,2823.0,6,0,1,0,0.0,0
0.1575,53,0,0.2076,12732.0,7,0,1,0,0.0,0
0.0382,57,0,0.9519,1346.0,9,0,2,0,1.0,0
0.3558,56,0,0.0854,8427.0,6,0,0,0,1.0,0
0.0964,39,0,0.5876,,5,0,3,0,,0
1.5233,47,0,0.3111,,6,0,1,0,1.0,0
0.6907,60,0,0.5418,9150.0,11,0,0,0,1.0,0
1.578,49,0,0.2107,,8,0,1,0,0.0,0
5.2743,48,0,0.3135,2377.0,7,0,2,0,1.0,0
1.1267,79,1,0.7934,960.0,9,0,2,0,1.0,0
0.3836,39,0,0.6561,13407.0,7,0,1,0,2.0,0
0.7735,67,0,1.1119,2073.0,10,0,1,0,1.0,0
0.4188,36,0,0.3707,5208.0,3,0,1,0,1.0,0
1.2048,61,0,0.739,4913.0,6,0,0,0,0.0,1
0.46,62,0,0.6319,8157.0,4,0,0,0,0.0,0
0.5364,45,0,0.9218,3020.0,6,0,1,0,2.0,0
0.1492,35,0,0.14,9078.0,11,0,1,0,2.0,0
0.3084,24,0,0.9818,2621.0,9,0,0,0,,0
0.913,43,1,0.1559,3788.0,9,0,0,0,,0
1.5309,59,0,0.4203,1944.0,2,0,0,0,1.0,1
0.158,37,0,0.4345,1906.0,11,0,1,0,2.0,0
0.342,53,0,0.7438,3039.0,7,0,0,0,1.0,0
3.6321,31,0,0.3451,,7,0,0,0,0.0,0
0.112,49,0,0.4347,,7,0,1,0,1.0,0
0.8595,36,0,0.0783,21268.0,15,0,1,0,0.0,1
1.938,51,0,1.0487,5385.0,5,0,0,0,0.0,1
1.5983,45,0,0.7275,,4,0,0,0,2.0,0
0.1886,35,0,0.0271,7257.0,10,0,0,0,0.0,0
0.0511,43,0,0.4424,,5,0,2,0,1.0,0
0.4004,39,0,0.407,,6,0,0,0,1.0,0
0.3941,34,0,0.2797,6674.0,8,0,1,0,1.0,0
0.6133,67,0,0.0952,,6,0,1,0,0.0,0
0.1743,47,0,0.7098,8425.0,10,0,3,0,1.0,0
0.6321,21,0,0.2023,2569.0,12,0,1,0,,0
1.1465,43,0,0.1166,,5,0,0,0,1.0,0
0.5202,65,0,0.5229,2445.0,5,0,4,0,0.0,1
0.0446,41,0,0.2576,8216.0,10,0,1,0,1.0,0
0.1718,73,0,0.9482,20151.0,9,0,1,0,0.0,0
0.3952,40,0,0.4509,2699.0,11,0,0,0,1.0,0
0.0787,59,0,0.8214,4586.0,10,0,1,0,1.0,0
0.8107,67,0,0.2883,2870.0,9,0,2,0,0.0,0
0.511,58,0,0.2884,,9,0,2,0,,0
0.5543,33,0,0.3734,,11,0,1,0,2.0,0
0.1378,39,0,0.2516,5213.0,10,0,1,0,0.0,0
0.2652,68,0,0.5329,10477.0,14,0,1,0,0.0,0
0.9887,41,0,0.8007,2744.0,7,0,1,0,3.0,0
0.3096,66,0,0.3545,10075.0,3,0,1,0,1.0,0
0.1574,46,0,0.4869,4508.0,8,0,1,0,0.0,0
0.8089,54,0,0.2849,5747.0,11,0,5,0,0.0,0
0.1085,33,0,0.6112,,12,0,2,0,0.0,0
0.4027,43,0,0.7046,2196.0,3,0,3,0,1.0,0
0.564,40,0,0.4864,1442.0,5,0,1,0,1.0,0
0.1726,55,0,0.4882,3575.0,14,0,0,0,1.0,0
0.566,53,0,0.3483,,6,0,2,0,1.0,0
0.4045,58,0,0.6853,5415.0,9,0,0,0,3.0,0
5.4561,45,0,0.6244,6909.0,7,0,0,0,2.0,0
0.9372,39,0,0.1768,9128.0,4,0,2,0,1.0,0
0.3532,55,0,0.1038,2299.0,10,0,0,0,0.0,0
2.596,38,1,0.0594,4483.0,4,0,1,1,0.0,0
2.8556,67,0,0.3962,,4,0,0,0,1.0,0
0.2496,50,0,0.6286,4992.0,14,0,2,0,0.0,0
0.1501,47,0,0.4278,4334.0,11,0,2,0,1.0,0
0.4932,58,0,0.4843,3349.0,9,0,1,0,0.0,0
1.1192,51,0,0.817,4481.0,11,0,3,0,0.0,1
0.1551,29,0,0.4025,4007.0,8,0,0,0,0.0,0
1.6726,37,0,0.4726,5101.0,11,0,1,0,0.0,1
0.678,67,0,0.6803,16082.0,4,0,0,0,1.0,0
0.1444,53,0,0.1792,31972.0,6,0,1,0,2.0,0
0.2669,28,0,0.2268,7997.0,6,0,1,0,1.0,0
1.3341,57,0,0.1994,5921.0,5,0,3,0,1.0,0
0.1784,44,0,0.8089,4478.0,5,0,3,0,1.0,0
0.5822,40,0,0.869,8120.0,10,0,1,0,0.0,0
0.3185,36,0,0.4224,9483.0,6,0,0,0,0.0,0
0.4256,66,0,0.3719,8297.0,7,0,1,0,3.0,0
0.477,24,0,0.1319,,13,0,0,0,2.0,0
0.2402,40,0,0.4359,11401.0,9,0,0,0,0.0,0
0.524,54,0,0.2515,,11,0,1,0,2.0,0
0.8677,74,0,0.4687,3712.0,10,0,0,0,1.0,0
0.1556,60,0,0.8196,22981.0,12,0,3,0,2.0,0
0.1115,40,0,0.4271,1480.0,7,0,3,0,2.0,0
0.246,73,0,0.2741,7387.0,11,0,1,0,0.0,0
0.1903,33,0,0.1713,,12,0,1,0,2.0,0
0.2964,56,0,0.5861,5640.0,9,0,0,0,2.0,0
3.2274,59,0,0.6774,10025.0,8,0,2,0,1.0,0
4.4035,40,0,0.8011,,7,0,0,0,0.0,0
0.0344,62,0,0.6004,,14,0,1,0,1.0,0
0.7961,45,0,0.1302,,4,0,1,0,1.0,0
1.1277,62,0,0.1619,3310.0,8,0,2,0,1.0,0
0.5325,26,0,0.5123,4078.0,11,0,3,0,1.0,0
4.0197,57,0,0.4709,,10,0,0,0,0.0,1
0.335,46,0,0.8143,7026.0,7,0,1,0,2.0,0
0.373,68,0,0.4875,3398.0,9,0,2,0,3.0,0
0.0577,51,0,0.1827,,5,0,0,0,0.0,0
0.2646,69,0,0.2218,2187.0,11,0,0,0,1.0,0
0.5237,59,0,0.7097,8322.0,4,0,0,0,1.0,0
2.6161,50,0,0.4483,5839.0,9,0,0,0,1.0,0
5.3194,63,0,0.9589,9453.0,4,0,1,0,0.0,0
0.7663,63,0,0.728,4019.0,5,0,2,0,2.0,0
0.596,59,0,0.6332,10934.0,10,0,0,0,0.0,0
1.963,21,0,0.2782,2168.0,12,0,1,0,1.0,0
0.4666,38,0,0.4553,6081.0,7,0,0,0,1.0,0
0.0625,71,0,0.7271,,12,0,2,0,0.0,0
0.236,34,0,0.3244,,10,0,0,0,2.0,0
0.0452,64,0,0.7602,7392.0,14,0,0,1,1.0,0
0.1537,62,0,0.5267,10978.0,5,0,0,0,1.0,0
1.2842,42,2,0.4511,8431.0,4,1,0,0,0.0,0
0.4334,24,0,0.0761,4447.0,8,0,1,0,0.0,0
1.1076,44,0,0.4667,21264.0,13,0,1,0,3.0,0
0.6847,81,0,0.7721,2953.0,8,0,2,0,0.0,0
1.2285,40,0,0.2868,3157.0,11,0,2,0,,0
0.8916,41,0,0.66,2808.0,9,0,0,0,2.0,1
0.398,38,0,1.0779,,9,0,1,0,1.0,0
0.7642,69,0,0.074,,6,0,1,0,3.0,0
1.0285,49,0,0.046,8640.0,6,0,1,0,1.0,0
0.0497,43,0,0.4705,10404.0,5,0,2,0,1.0,0
0.8297,72,0,0.121,7373.0,11,0,0,0,0.0,0
0.9214,60,0,0.068,8761.0,8,0,0,0,2.0,0
1.0191,39,0,0.2136,2610.0,4,0,2,0,0.0,0
0.2569,35,0,0.3364,5020.0,10,0,0,0,1.0,0
3.8331,68,0,0.0943,7155.0,5,0,2,0,2.0,0
0.2442,52,0,0.2288,4446.0,11,0,0,0,1.0,0
0.6194,30,0,0.6455,,11,0,0,0,2.0,0
0.4788,27,0,0.2445,,6,0,1,0,1.0,0
0.4391,36,0,0.387,5497.0,8,0,1,0,0.0,0
0.392,35,0,0.8415,,8,0,1,0,0.0,0
0.4377,23,0,0.7054,4768.0,10,0,0,0,0.0,0
0.1249,37,0,0.4929,2931.0,6,0,2,0,0.0,0
2.4199,39,0,0.3237,12325.0,13,0,0,0,0.0,0
6.092,46,0,0.5298,4411.0,10,0,0,0,0.0,0
0.6408,76,0,0.2882,6746.0,4,0,1,0,3.0,0
0.8828,48,1,0.4702,6669.0,6,0,1,1,0.0,0
1.7481,50,0,0.7984,,4,0,1,0,0.0,0
0.4343,59,0,0.6133,5509.0,6,0,1,0,1.0,0
0.0863,49,0,0.3075,3230.0,4,0,1,0,1.0,0
0.1779,58,0,0.6953,2547.0,8,0,2,0,,0
0.2442,56,0,0.594,5868.0,12,0,0,0,1.0,0
0.375,54,0,0.9031,12685.0,12,0,1,0,1.0,0
0.0113,91,0,0.0587,3409.0,15,0,0,0,0.0,0
0.0983,65,0,0.2225,2540.0,11,0,0,0,2.0,0
0.3888,37,4,0.6685,7216.0,9,2,1,0,1.0,0
0.4483,57,0,0.4772,5318.0,9,0,0,0,0.0,0
0.124,41,0,0.6948,3458.0,8,0,0,0,1.0,0
0.4441,58,0,0.5223,,14,0,3,0,0.0,1
0.0771,33,0,0.5299,,7,0,2,0,,0
0.186,36,0,0.5892,4295.0,6,0,0,0,0.0,0
0.2139,57,0,0.5819,6572.0,7,0,2,0,0.0,0
0.8724,66,0,0.9909,15670.0,9,0,0,0,1.0,0
0.0126,59,0,0.2703,,6,0,1,0,1.0,0
0.6838,64,0,0.4794,2530.0,7,0,3,0,0.0,0
0.1984,57,0,0.8737,8150.0,12,0,0,0,1.0,0
0.5479,54,1,0.7204,7381.0,8,0,2,1,0.0,0
0.9144,45,0,0.832,5335.0,6,0,1,0,0.0,0
0.2015,63,0,0.726,5597.0,9,0,0,0,1.0,0
4.7229,66,0,1.1344,,5,0,1,0,0.0,0
0.4323,51,2,0.2456,,9,0,2,0,0.0,0
0.9593,50,0,0.0979,5136.0,16,0,1,0,0.0,0
0.3046,74,0,0.3797,,8,0,2,0,4.0,0
0.5326,52,0,0.5622,,6,0,0,0,3.0,0
0.3507,53,0,0.6611,4581.0,9,0,2,0,2.0,0
0.5933,59,0,0.4901,2430.0,9,0,0,0,3.0,0
0.392,51,0,0.7913,4938.0,5,0,1,0,5.0,0
0.2147,41,0,0.6853,4991.0,11,0,1,0,1.0,0
0.5418,57,0,0.4049,4700.0,10,0,2,0,0.0,0
0.8606,51,0,0.3225,,10,0,6,0,1.0,0
0.3269,78,0,0.7104,4939.0,8,0,0,0,0.0,0
0.5144,63,0,0.7455,,6,0,0,0,0.0,1
1.057,44,0,0.498,4088.0,10,0,1,0,1.0,1
0.2593,62,0,0.0916,,6,0,0,0,1.0,0
0.3987,56,0,0.6281,3470.0,13,0,0,0,1.0,0
0.4859,70,0,0.1996,12715.0,8,0,1,0,0.0,0
0.2348,45,0,0.8857,5407.0,8,0,1,0,1.0,0
0.1161,55,0,0.2655,4989.0,6,0,1,0,1.0,0
0.5594,51,0,0.1578,3611.0,11,0,1,0,1.0,0
0.2525,53,0,0.3974,8348.0,7,0,0,0,0.0,0
2.7353,40,0,0.8496,2168.0,8,0,3,0,0.0,0
3.886,60,1,0.0715,11001.0,5,0,1,0,1.0,0
0.1504,58,0,0.5128,,5,0,0,0,1.0,0
0.1569,70,0,0.5863,,10,0,1,0,2.0,0
0.09,52,0,0.0577,,8,0,1,0,0.0,0
0.322,46,0,0.4758,3258.0,3,0,1,0,0.0,0
0.7519,63,0,0.132,19245.0,5,0,0,0,1.0,0
4.8408,41,0,0.3679,3765.0,10,0,0,0,0.0,0
0.4318,67,0,0.0256,2515.0,11,0,2,0,0.0,0
0.043,67,0,0.5623,7177.0,11,0,0,0,0.0,0
2.0254,70,0,0.0795,3284.0,2,0,2,0,1.0,0
0.6144,57,0,0.6882,12056.0,8,0,4,0,0.0,0
0.3196,45,0,0.708,2788.0,15,0,1,0,2.0,0
0.0188,54,0,1.1048,3004.0,2,0,0,0,0.0,0
0.3362,57,0,0.8631,7522.0,5,0,1,0,1.0,0
0.4898,44,0,0.3761,6245.0,9,0,0,0,0.0,0
0.0663,71,0,0.4864,21644.0,9,0,1,0,0.0,0
0.5523,60,0,0.3227,6808.0,8,0,1,0,1.0,0
0.7826,40,0,0.7424,3569.0,9,0,1,0,2.0,0
0.0914,78,0,0.2089,15131.0,12,0,1,0,1.0,0
0.6178,53,0,0.2385,2359.0,11,0,0,0,0.0,0
0.269,37,0,1.0833,2438.0,8,0,2,0,0.0,0
0.229,40,0,0.5036,3394.0,7,0,0,0,1.0,0
3.0429,73,1,0.3614,9497.0,7,0,0,0,1.0,0
0.609,78,0,0.3306,4991.0,5,0,0,0,1.0,0
0.0275,66,0,0.2844,3205.0,9,0,0,0,1.0,0
0.1453,70,0,0.2582,7175.0,5,0,1,0,0.0,1
0.4151,69,0,0.6544,6320.0,14,0,2,0,1.0,0
0.4288,60,0,0.6144,,9,0,1,0,1.0,0
0.9574,57,3,0.4473,,9,0,1,0,0.0,0
0.6642,60,0,0.3387,,6,0,4,0,1.0,0
0.5453,62,0,0.1095,,6,0,2,0,1.0,0
1.2434,42,0,0.6395,5827.0,8,0,2,0,0.0,0
0.3657,62,0,0.5411,3497.0,2,0,1,0,1.0,0
0.348,72,0,1.2558,11023.0,4,0,1,0,3.0,0
0.1871,49,0,0.0273,9353.0,7,0,1,0,0.0,1
0.3315,48,0,1.3145,9115.0,12,0,2,0,0.0,0
0.5447,59,0,0.5788,7043.0,5,0,1,0,0.0,0
0.0571,43,0,0.0874,2761.0,5,0,0,0,2.0,0
0.1508,34,0,0.5432,13809.0,9,0,2,0,0.0,0
0.5191,68,0,0.5709,11407.0,19,0,1,0,,0
0.0768,46,0,0.4039,4524.0,7,0,0,0,0.0,0
0.7109,52,0,0.8161,4011.0,8,0,2,0,1.0,0
0.1664,43,0,0.6551,1927.0,9,0,0,0,1.0,0
0.4116,70,0,0.5638,,7,0,0,0,,0
0.8879,64,0,0.0257,5076.0,8,0,1,0,0.0,0
0.8302,49,0,0.5596,17043.0,7,0,0,0,0.0,0
0.2289,35,0,1.1564,,10,0,1,0,0.0,0
0.052,47,0,0.5688,2748.0,8,0,3,0,3.0,0
0.3587,60,0,0.0429,,8,0,1,0,0.0,0
0.3822,55,0,1.022,2896.0,7,0,2,0,0.0,0
0.1291,54,0,0.6608,5901.0,6,0,0,0,0.0,0
0.7849,55,0,0.4494,22546.0,8,0,3,0,1.0,0
6.1401,63,0,0.9968,5811.0,6,0,1,0,0.0,0
0.2428,51,0,0.328,16440.0,6,0,3,0,0.0,0
0.2348,58,0,0.6577,,14,0,2,0,0.0,0
0.0268,38,0,0.467,,10,0,1,0,0.0,0
0.0567,88,0,0.445,9832.0,7,0,1,0,1.0,0
0.0408,48,1,0.9587,2717.0,9,0,0,0,0.0,0
3.3631,55,0,0.2198,4874.0,11,0,0,0,0.0,0
0.4392,60,0,0.4813,2464.0,11,0,1,0,2.0,1
0.0655,46,0,0.4069,4306.0,15,0,1,0,0.0,0
0.38,52,0,0.4494,4195.0,5,0,0,0,2.0,0
3.8681,52,0,0.1633,5498.0,11,0,1,0,0.0,0
1.8408,39,0,0.7649,8668.0,12,0,1,0,1.0,0
0.4473,58,1,0.2293,15185.0,14,0,1,0,0.0,0
0.1559,29,0,0.7779,7793.0,9,0,2,0,2.0,0
0.825,77,2,0.391,4992.0,5,0,0,1,0.0,0
1.2449,63,0,0.9501,2110.0,10,0,2,0,0.0,0
0.3739,61,0,0.089,,6,0,2,0,1.0,0
0.1915,28,0,0.9663,2916.0,9,0,1,0,2.0,0
0.3324,41,0,0.2689,4634.0,11,0,1,0,0.0,0
0.023,71,0,0.1928,,10,0,1,0,2.0,0
1.9868,95,0,0.0954,,9,0,3,0,3.0,0
0.9243,69,0,0.4791,8185.0,5,0,0,0,0.0,0
0.0099,67,0,0.0465,2409.0,7,0,3,0,0.0,0
0.7493,59,0,0.6587,15922.0,14,0,0,0,0.0,0
0.7723,40,0,0.3471,2819.0,14,0,1,0,0.0,0
1.2381,66,0,0.7541,4823.0,5,0,0,0,0.0,0
3.964,37,0,0.6337,6104.0,11,0,1,0,0.0,0
0.3548,35,0,0.3253,4999.0,11,0,4,0,2.0,0
0.098,34,2,0.7951,4905.0,10,0,2,1,0.0,0
0.1499,66,0,0.8168,,10,0,1,0,1.0,0
0.6875,51,0,0.5633,3851.0,11,0,2,0,1.0,0
0.0247,53,0,0.243,13341.0,5,0,1,0,1.0,1
2.8444,52,0,0.7041,6311.0,6,0,1,0,1.0,0
0.9353,36,2,0.6325,4513.0,12,0,0,3,0.0,0
0.9898,43,0,0.8188,,10,0,1,0,0.0,0
0.2768,43,0,0.7373,7628.0,13,0,1,0,0.0,0
0.3681,32,0,0.4533,5405.0,7,0,1,0,1.0,0
0.5933,45,0,0.287,12744.0,7,0,1,0,3.0,0
0.4218,37,0,0.4228,,8,0,0,0,0.0,0
0.1045,60,0,0.5588,1905.0,7,0,2,0,0.0,0
0.0234,61,2,0.3959,2937.0,9,0,1,1,1.0,0
0.15,34,0,0.3292,4443.0,7,0,0,0,2.0,0
0.1383,48,0,0.4187,5979.0,6,0,6,0,0.0,0
0.105,78,0,1.1172,,6,0,1,0,0.0,0
0.3726,38,0,0.4282,7622.0,4,0,0,0,1.0,0
0.216,58,0,0.5186,12717.0,8,0,0,0,0.0,0
0.0587,53,0,0.5192,1315.0,6,0,2,0,1.0,0
0.2561,67,3,0.639,6812.0,6,1,2,0,0.0,0
0.1556,56,0,0.9985,5707.0,7,0,0,0,0.0,0
3.7059,46,0,0.1531,1999.0,4,0,0,0,0.0,0
0.1243,53,0,0.5539,4241.0,13,0,0,0,1.0,0
0.0567,53,0,0.3515,5706.0,11,0,3,0,2.0,0
1.0128,51,1,0.3345,4847.0,6,1,1,3,0.0,0
0.4723,34,0,0.5937,,2,0,2,0,0.0,0
0.277,69,0,0.6418,,5,0,0,0,0.0,0
0.2137,67,0,0.9013,3197.0,6,0,0,0,0.0,0
0.0321,37,0,0.3663,,7,0,1,0,0.0,0
0.1746,48,0,0.4651,,14,0,0,0,0.0,0
0.3685,49,0,0.6131,,4,0,1,0,0.0,0
0.5749,36,0,1.0846,16905.0,8,0,1,0,0.0,0
0.0259,26,0,0.058,12000.0,8,0,0,0,3.0,0
0.2775,43,0,0.3043,,6,0,0,0,1.0,0
0.5945,47,0,0.968,,8,0,1,0,0.0,0
1.2391,32,0,0.9617,5711.0,15,0,0,0,0.0,0
0.0258,54,1,0.4836,,8,0,2,0,1.0,0
0.4884,68,3,0.3435,11116.0,6,0,1,0,1.0,0
0.5011,64,0,0.487,,5,0,2,0,0.0,0
0.1106,50,0,0.5483,4404.0,13,0,2,0,0.0,0
1.3953,26,0,0.3774,,5,0,0,0,2.0,0
0.5548,62,0,0.2989,3570.0,10,0,1,0,0.0,0
0.2195,54,0,0.6313,12448.0,6,0,0,0,2.0,0
1.5583,58,0,0.2118,8588.0,7,0,0,0,1.0,0
0.6595,79,0,0.2742,,11,0,0,0,2.0,0
0.2178,40,0,0.404,4860.0,5,0,2,0,0.0,0
1.045,21,0,0.4044,3944.0,8,0,1,0,1.0,0
0.5369,37,0,1.2727,2027.0,15,0,3,0,0.0,1
0.077,59,0,0.1339,7814.0,10,0,0,0,2.0,0
0.3347,52,0,0.2951,7639.0,14,0,1,0,0.0,0
0.8108,35,0,1.0495,,7,0,1,0,0.0,0
3.2792,32,0,0.2326,,6,0,1,0,1.0,0
0.1532,47,0,0.6952,1573.0,4,0,2,0,1.0,0
0.1683,35,0,0.6316,5957.0,9,0,1,0,,0
0.278,59,0,0.207,,8,0,0,0,2.0,0
1.2464,46,0,0.7239,6311.0,8,0,2,0,0.0,0
0.3739,43,0,0.4219,5225.0,11,0,2,0,0.0,0
0.7146,41,0,0.4254,2097.0,7,0,1,0,0.0,0
0.186,56,0,0.2926,7835.0,8,0,1,0,0.0,0
0.3003,53,0,0.2337,,15,0,3,0,0.0,0
0.4303,55,0,0.896,,7,0,0,0,1.0,0
0.0478,55,0,0.3891,7692.0,6,0,4,0,0.0,0
0.609,51,0,0.642,5976.0,12,0,0,0,,0
0.0919,38,0,0.6311,,9,0,3,0,0.0,0
0.685,42,0,0.536,5596.0,7,0,0,0,0.0,0
1.4196,46,0,0.9326,38468.0,8,0,1,0,,0
0.8131,81,0,0.3968,11807.0,6,0,1,0,0.0,0
0.1979,33,0,0.4381,3514.0,11,0,1,0,0.0,0
0.7091,46,0,0.5319,5995.0,7,0,2,0,1.0,0
0.1146,53,0,0.2164,1739.0,8,0,1,0,0.0,0
0.6917,48,0,0.6377,4508.0,9,0,0,0,0.0,0
0.4574,67,0,0.4683,4519.0,2,0,0,0,0.0,0
0.3444,48,0,0.4647,,6,0,1,0,1.0,0
0.7091,49,0,0.7336,9875.0,6,0,0,0,0.0,0
2.4477,63,2,0.5989,3884.0,11,0,0,0,1.0,0
0.3347,77,0,0.1119,1280.0,9,0,0,0,0.0,0
0.5841,72,0,0.4579,5289.0,13,0,1,0,1.0,1
0.2619,50,1,0.4947,3299.0,6,0,1,0,1.0,0
0.0961,51,0,0.4509,3918.0,6,0,3,0,0.0,0
0.1637,53,0,0.6569,,10,0,1,0,0.0,0
0.1043,54,0,0.3738,3546.0,10,0,1,0,1.0,0
0.1957,40,0,0.3663,2388.0,10,0,1,0,1.0,0
1.2214,65,0,0.3373,3288.0,9,0,2,0,0.0,0
3.2869,55,1,0.2802,5881.0,8,1,1,0,,0
0.1147,51,0,0.3355,,6,0,2,0,1.0,0
0.5904,34,0,0.6636,9326.0,5,0,1,0,1.0,0
1.5038,53,0,0.0084,,8,0,0,0,1.0,0
0.5143,25,0,0.7732,5110.0,8,0,2,0,0.0,0
0.4021,44,0,0.7584,4859.0,8,0,1,0,0.0,0
0.3398,44,0,0.4432,3267.0,4,0,0,0,1.0,0
0.2759,56,0,0.5593,2710.0,13,0,1,0,,0
0.3451,78,1,0.5612,5770.0,11,0,0,0,0.0,0
0.5297,60,0,0.4925,5337.0,8,0,2,0,0.0,0
0.1251,72,0,0.8207,8242.0,6,0,2,0,0.0,0
0.3569,61,0,0.3389,2084.0,8,0,2,0,1.0,0
0.6571,68,0,0.2218,4400.0,6,0,2,0,0.0,0
0.134,78,0,0.1163,6887.0,7,0,2,0,2.0,1
0.3587,42,0,0.4453,4300.0,8,0,2,0,0.0,0
0.1818,41,0,0.1472,,5,0,2,0,2.0,0
0.1181,61,0,0.1102,5266.0,8,0,0,0,4.0,0
0.2971,52,0,0.1194,5474.0,5,0,3,0,3.0,0
0.0086,55,0,0.8614,6264.0,12,0,1,0,0.0,0
5.081,49,0,0.8447,3576.0,9,0,0,0,0.0,1
0.3369,44,0,0.6072,,7,0,1,0,1.0,0
0.1666,75,0,0.2995,4918.0,9,0,1,0,1.0,0
0.3591,37,0,0.8709,4737.0,8,0,0,0,,0
1.2249,62,0,0.7437,,6,0,2,0,0.0,0
0.1465,59,0,0.3575,5074.0,6,0,1,0,0.0,0
0.5298,30,0,0.5075,4533.0,8,0,2,0,1.0,0
1.2869,40,0,0.2705,,5,0,0,0,,0
0.2436,43,0,0.146,2586.0,4,0,1,0,1.0,0
0.1014,60,0,0.1802,8597.0,8,0,0,0,0.0,0
0.1122,47,0,0.2652,3764.0,7,0,1,0,4.0,0
2.3776,51,1,0.2101,4046.0,8,0,0,1,2.0,0
0.0411,32,0,0.6965,14031.0,8,0,0,0,0.0,0
0.8233,85,0,0.4446,4322.0,6,0,1,0,1.0,0
0.0956,53,0,0.5589,1988.0,6,0,0,0,2.0,0
0.152,59,0,0.5067,6559.0,8,0,1,0,0.0,0
0.3557,44,0,0.4323,6066.0,5,0,1,0,1.0,0
0.8323,43,0,0.5334,1380.0,7,0,1,0,0.0,0
0.0346,79,0,0.8405,6803.0,9,0,3,0,0.0,0
0.1719,25,0,0.1184,7686.0,3,0,2,0,0.0,1
0.2948,56,0,0.0423,5986.0,10,0,0,0,1.0,0
0.6269,35,0,0.6451,10028.0,12,0,1,0,,0
0.3919,46,0,0.8999,14019.0,11,0,0,0,0.0,0
0.2331,43,0,0.4695,10675.0,5,0,1,0,0.0,0
0.3684,38,0,0.6012,4693.0,9,0,1,0,1.0,0
1.1412,52,0,0.7985,3581.0,8,0,1,0,1.0,0
0.5453,21,1,0.0941,1542.0,5,0,0,0,1.0,0
0.313,48,0,0.0808,,6,0,0,0,0.0,0
4.0218,51,0,0.4819,18575.0,8,0,0,0,1.0,0
0.2413,33,0,0.2094,9100.0,4,0,0,0,3.0,0
0.2909,73,0,0.5701,14539.0,6,0,0,0,2.0,0
0.0031,44,0,0.4361,3528.0,5,0,0,0,0.0,0
0.2124,49,0,0.3314,5260.0,11,0,0,0,0.0,0
0.3459,44,0,0.6168,3404.0,7,0,0,0,1.0,0
0.2133,51,0,0.2448,2231.0,11,0,4,0,1.0,0
0.2336,70,0,0.1116,1818.0,7,0,1,0,1.0,0
0.2938,87,0,0.2445,7487.0,4,0,3,0,0.0,0
0.6071,62,0,1.2595,2168.0,12,0,0,0,1.0,0
0.4888,67,0,1.0623,5954.0,12,0,1,0,0.0,0
0.2624,76,0,0.2724,7277.0,7,0,0,0,3.0,0
0.0681,55,0,0.9832,,19,0,2,0,0.0,0
0.2543,74,0,0.4877,2520.0,4,0,1,0,2.0,0
0.7539,63,0,0.8687,5134.0,5,0,0,0,2.0,0
0.8029,54,1,0.3222,9453.0,8,0,1,0,0.0,0
0.3572,57,0,0.3527,21687.0,8,0,4,0,0.0,0
0.2854,27,0,0.678,,9,0,0,0,2.0,0
0.5524,56,0,1.1468,6504.0,7,0,1,0,0.0,0
0.5865,30,0,0.1506,4352.0,11,0,2,0,0.0,1
0.8261,29,0,0.5504,2300.0,6,0,0,0,2.0,0
1.5666,55,0,0.1278,2478.0,9,0,0,0,1.0,0
5.9265,36,0,0.0424,8007.0,7,0,0,0,1.0,0
0.295,52,0,0.5546,2069.0,11,0,2,0,2.0,0
0.2348,54,0,0.5856,6800.0,6,0,1,0,0.0,0
2.5961,55,0,0.0745,9529.0,6,0,0,0,0.0,0
0.1026,39,1,0.0734,,6,0,1,1,0.0,0
0.4536,65,1,0.1215,5513.0,14,0,3,2,1.0,0
0.0764,51,0,0.7498,3814.0,10,0,1,0,0.0,0
0.2127,58,0,0.8379,10472.0,6,0,0,0,1.0,0
0.3888,35,0,0.4745,,7,0,3,0,0.0,0
0.6188,50,0,0.4548,8368.0,4,0,0,0,0.0,0
0.0521,67,0,0.8937,10433.0,5,0,1,0,0.0,0
0.0316,66,0,0.793,14014.0,10,0,1,0,0.0,0
0.4334,41,0,0.4437,7944.0,5,0,2,0,0.0,0
0.1625,44,0,0.2656,4262.0,3,0,1,0,1.0,0
0.362,38,0,0.0208,1909.0,5,0,0,0,0.0,0
0.4054,43,0,0.5351,,8,0,1,0,1.0,0
0.855,32,0,1.3513,,15,0,2,0,1.0,0
0.8412,50,0,0.6162,2475.0,8,0,1,0,1.0,0
0.882,61,0,0.3124,8642.0,8,0,1,0,0.0,0
1.5716,41,0,0.6451,3976.0,4,0,1,0,1.0,0
1.501,51,0,0.3169,,16,0,2,0,2.0,0
0.6287,49,0,0.1469,4843.0,6,0,1,0,,0
6.1445,67,0,0.3931,7075.0,4,0,2,0,0.0,0
0.3913,43,0,0.5956,5995.0,5,0,2,0,0.0,0
0.4724,44,0,0.5088,,13,0,0,0,0.0,0
1.79,40,0,0.299,5121.0,6,0,1,0,2.0,0
0.4388,36,0,0.682,2703.0,12,0,0,0,1.0,0
0.0301,59,0,0.2259,8662.0,7,0,1,0,0.0,0
0.6164,50,0,0.4653,,5,0,1,0,1.0,0
0.1033,53,0,0.6494,,5,0,0,0,0.0,0
0.3562,70,0,0.3416,3639.0,5,0,1,0,2.0,0
0.492,71,0,0.5016,2895.0,7,0,0,0,0.0,0
1.0289,29,0,0.4482,4917.0,10,0,3,0,,0
0.7042,61,0,0.4822,3178.0,4,0,0,0,0.0,0
5.3688,55,0,0.3479,,8,0,0,0,1.0,0
3.3762,46,0,0.1306,3018.0,4,0,1,0,4.0,0
0.212,57,0,0.3637,15502.0,6,0,0,0,0.0,0
0.2556,28,0,0.3616,,9,0,1,0,2.0,0
0.1038,72,0,0.0834,4369.0,2,0,2,0,0.0,0
1.074,59,0,0.7265,3593.0,5,0,2,0,2.0,0
0.6835,40,0,0.2237,10335.0,6,0,3,0,0.0,0
0.0111,44,0,0.1269,4116.0,9,0,2,0,1.0,0
0.4455,28,0,0.1556,4898.0,9,0,1,0,1.0,1
1.6876,48,0,0.1347,5476.0,5,0,0,0,0.0,0
0.2392,45,0,0.1246,4254.0,6,0,1,0,1.0,0
0.1612,33,0,0.623,3639.0,8,0,1,0,0.0,0
0.2906,63,0,0.9974,3823.0,6,0,1,0,1.0,0
2.1297,70,0,0.8056,26791.0,12,0,2,0,1.0,0
0.0654,52,0,0.7964,,8,0,1,0,1.0,0
0.6086,48,0,0.467,,6,0,1,0,2.0,0
0.5638,58,0,0.397,7963.0,7,0,1,0,0.0,0
0.6768,52,3,0.3218,2222.0,3,0,4,0,0.0,0
0.1051,37,0,0.495,5293.0,11,0,0,0,0.0,0
0.2891,43,2,0.486,7404.0,7,0,0,0,1.0,0
0.5798,48,0,0.6864,4696.0,2,0,0,0,0.0,0
0.7521,55,0,0.815,1933.0,9,0,2,0,0.0,0
0.8221,52,0,1.1477,13072.0,6,0,1,0,,0
0.0612,55,0,0.6276,2944.0,10,0,3,0,0.0,0
1.3052,31,0,0.8229,5125.0,9,0,0,0,1.0,0
0.2133,61,0,0.9229,,9,0,0,0,3.0,0
0.6937,52,0,0.0108,,10,0,1,0,1.0,0
0.2626,88,0,0.4151,11506.0,5,0,0,0,2.0,0
1.7772,47,0,0.5289,2693.0,8,0,0,0,0.0,0
0.1086,57,0,0.5406,7619.0,4,0,1,0,0.0,0
0.2588,92,0,0.4284,,2,0,1,0,1.0,0
0.2072,55,0,0.4812,1906.0,6,0,2,0,1.0,0
0.1376,51,0,0.4115,4809.0,10,0,0,0,0.0,0
6.0669,38,0,0.6244,12100.0,7,0,1,0,1.0,0
1.9108,73,0,0.1523,4969.0,6,2,1,3,0.0,0
0.1997,36,0,1.2541,,6,0,1,0,0.0,0
0.0782,58,0,0.3711,11975.0,8,0,1,0,0.0,0
0.0235,45,0,0.7594,13692.0,6,0,0,0,0.0,0
0.6246,49,0,0.1068,3911.0,9,0,0,0,0.0,0
0.0874,32,3,0.9089,,7,0,1,0,3.0,0
3.6334,71,0,0.9619,7331.0,5,0,1,1,1.0,0
0.3941,48,0,0.9085,3669.0,4,0,1,0,0.0,0
0.0528,35,0,0.3478,5239.0,10,0,1,0,1.0,0
1.0914,70,0,0.6025,8381.0,6,0,1,0,1.0,1
0.5069,45,0,0.3307,1925.0,9,0,0,0,1.0,0
0.3956,57,0,0.7348,7814.0,7,0,0,0,0.0,0
0.4229,64,0,0.5975,,7,0,1,0,2.0,0
0.2523,59,0,0.4778,,10,0,1,0,1.0,0
0.0521,21,0,0.39,4201.0,13,0,2,0,0.0,0
6.9798,62,2,0.0896,3591.0,9,0,0,0,0.0,0
0.0831,51,3,0.8542,15919.0,9,0,1,0,,0
1.7108,47,0,0.7404,3262.0,9,0,1,0,2.0,0
0.3619,50,0,0.4544,,8,0,2,0,3.0,0
0.3734,29,0,0.4887,8847.0,10,0,0,0,1.0,0
0.3227,55,0,0.5022,16152.0,10,0,0,0,0.0,0
0.2108,33,0,0.6157,,4,0,1,0,0.0,0
0.4029,48,0,0.5064,5586.0,6,0,1,0,1.0,0
2.7415,54,0,0.6554,,7,0,0,0,0.0,1
0.1808,67,0,0.5111,7308.0,11,0,0,0,0.0,0
0.3097,41,0,0.6056,,7,0,1,0,0.0,0
0.2602,72,0,0.4855,3280.0,6,0,1,0,1.0,0
2.7564,65,0,0.4734,3642.0,5,0,1,0,0.0,0
0.2701,46,0,0.6222,4323.0,9,0,3,0,3.0,0
0.2657,36,0,0.4604,,12,0,1,0,0.0,0
0.6203,32,0,0.5996,2575.0,6,0,2,0,,0
0.2692,56,0,0.5287,11000.0,8,0,1,0,2.0,0
0.1424,42,0,0.6298,5091.0,9,0,1,0,0.0,0
1.9949,69,0,0.6282,1615.0,10,0,2,0,2.0,1
0.463,42,0,0.7285,19700.0,7,0,0,0,0.0,0
0.2233,39,0,0.5384,,2,0,0,0,2.0,0
0.5476,55,0,0.4494,4184.0,9,0,2,0,0.0,0
0.96,42,0,0.924,1425.0,7,0,2,0,0.0,0
0.5439,52,0,0.3202,4177.0,7,0,0,0,0.0,0
0.6945,66,0,0.3569,7123.0,14,0,0,0,0.0,0
0.5733,54,0,0.3302,7412.0,10,0,1,0,3.0,0
0.1787,54,0,0.6356,3489.0,4,0,2,0,0.0,0
0.3982,55,0,0.9303,,4,0,1,0,2.0,0
0.0061,28,0,0.8237,,6,0,2,0,0.0,0
0.6469,57,0,0.2433,3694.0,11,0,0,0,0.0,0
0.1177,54,0,0.3624,8880.0,10,0,1,0,2.0,0
0.2556,65,0,0.0611,16742.0,10,0,1,0,0.0,0
4.0294,60,2,0.4036,6784.0,4,0,0,0,3.0,0
0.0656,49,0,0.8043,9403.0,9,0,0,0,1.0,0
0.8498,66,0,1.3745,7883.0,9,0,0,0,,0
6.0178,48,0,0.4971,,9,0,0,0,2.0,1
0.8388,55,0,0.8383,,6,0,0,0,1.0,1
0.7336,48,0,0.469,8619.0,8,0,1,0,1.0,0
0.599,58,0,0.6168,3877.0,11,0,1,0,0.0,0
0.3307,47,0,0.863,1610.0,4,0,2,0,1.0,0
0.0776,75,0,1.0354,27237.0,8,0,0,0,0.0,0
0.3087,80,0,0.5814,5836.0,8,0,1,0,2.0,0
0.2356,64,0,0.3,18488.0,6,0,0,0,0.0,0
0.1277,74,0,1.0379,2112.0,6,0,1,0,2.0,0
0.2797,30,0,1.3277,12203.0,8,0,1,0,0.0,0
2.8582,32,0,0.2634,,7,0,0,0,0.0,0
0.2754,47,0,0.6607,5204.0,6,0,0,0,2.0,0
0.3489,53,0,0.6872,,8,0,0,0,,0
0.3012,49,0,0.5834,5665.0,8,0,3,0,0.0,0
0.4687,29,0,0.4966,2530.0,10,0,2,0,1.0,1
0.4661,68,0,0.3883,9910.0,4,0,1,0,1.0,0
0.3412,82,1,0.4974,5435.0,10,0,2,0,0.0,0
0.071,70,0,0.3229,3757.0,8,0,0,0,1.0,0
0.0431,67,0,0.2439,6032.0,5,0,0,0,0.0,0
2.7754,55,0,0.4844,,9,0,1,0,0.0,0
0.1397,40,0,0.0579,3948.0,4,0,1,0,2.0,0
0.0761,53,0,0.4451,9237.0,8,0,1,0,1.0,0
0.1631,81,0,1.0225,12470.0,11,0,1,0,1.0,0
1.4206,47,0,0.3524,10490.0,9,0,0,0,2.0,0
0.1342,46,0,0.8776,3244.0,6,0,1,0,0.0,0
3.5348,68,0,0.3584,4879.0,13,0,1,0,1.0,0
0.9379,68,0,0.9525,4160.0,12,0,0,0,0.0,0
0.357,40,0,0.5262,,11,0,0,0,1.0,0
0.2775,48,0,0.2951,3636.0,7,0,2,0,4.0,0
0.0661,45,0,0.1843,4946.0,7,0,2,0,0.0,0
0.2268,53,0,0.3755,2997.0,12,0,1,0,,0
0.1376,67,0,0.1978,,9,0,1,0,0.0,0
0.0207,41,0,0.3986,5083.0,6,0,1,0,1.0,0
0.642,67,0,0.5911,3859.0,8,0,2,0,2.0,0
2.6204,53,0,0.4345,7539.0,9,0,2,0,0.0,0
1.1742,85,0,0.2875,9317.0,10,0,2,0,2.0,1
1.0547,56,0,0.3667,7451.0,11,0,0,0,0.0,0
0.2072,51,0,0.2641,8619.0,8,0,0,0,2.0,0
0.9534,60,0,0.3957,,11,0,0,0,1.0,0
0.1275,47,0,0.1782,2074.0,7,0,5,0,1.0,0
1.1969,27,0,0.6822,,10,0,0,0,0.0,1
0.409,49,0,0.9178,4835.0,3,0,0,0,0.0,0
0.2682,48,0,0.6785,4774.0,6,0,0,0,2.0,0
0.2693,30,0,0.1833,12476.0,8,0,3,0,0.0,0
0.1284,51,0,0.1221,10926.0,12,0,0,0,0.0,0
0.182,23,0,0.9746,7354.0,7,0,0,0,0.0,0
0.655,47,0,0.7484,3134.0,7,0,2,0,1.0,0
0.8557,55,0,0.0195,5501.0,6,0,2,0,3.0,0
3.6882,53,0,0.0638,2559.0,9,0,0,1,0.0,0
0.3759,46,0,0.0971,6059.0,15,0,0,0,3.0,1
0.4001,51,0,0.4344,1597.0,5,0,1,0,0.0,0
0.0635,41,0,0.5733,,6,0,3,0,1.0,0
0.4197,52,0,0.8415,5904.0,7,0,1,0,0.0,0
0.3529,53,0,0.697,2725.0,6,0,0,0,1.0,0
0.5875,39,0,0.1849,4374.0,4,0,1,0,2.0,0
3.6234,56,0,0.585,4486.0,16,0,0,0,1.0,1
0.2534,56,0,0.1209,4846.0,7,0,2,0,3.0,0
0.4114,50,0,0.4597,6815.0,7,0,1,0,0.0,0
0.3271,86,0,0.5942,3865.0,13,0,2,0,2.0,0
0.31,50,0,0.5234,11223.0,12,0,1,0,1.0,0
0.7276,48,0,0.2,7031.0,6,0,2,0,1.0,0
0.2486,46,0,0.5044,,10,0,0,0,2.0,0
0.3584,38,0,0.7767,3640.0,7,0,0,0,1.0,0
0.6214,62,0,0.0659,4238.0,7,0,3,0,2.0,0
1.9979,42,0,0.8469,11600.0,6,0,1,0,1.0,0
0.443,44,0,0.236,4213.0,7,0,0,0,1.0,0
3.6925,44,0,0.5389,4245.0,4,0,0,0,0.0,0
0.1835,38,0,0.6368,5065.0,7,0,0,0,2.0,0
0.3957,27,0,0.1878,9426.0,11,0,3,0,1.0,0
4.1611,46,0,0.2001,,13,0,3,0,0.0,0
0.2819,64,0,0.7086,,7,0,1,0,0.0,0
0.4555,55,0,1.072,4655.0,6,0,2,0,1.0,1
0.1977,74,0,0.4207,,4,0,1,0,1.0,0
0.7138,63,0,0.616,7169.0,9,0,1,0,0.0,0
0.4314,59,0,0.2533,2532.0,9,0,2,0,0.0,0
1.4364,78,0,0.5961,7579.0,13,0,2,0,1.0,0
0.0651,51,0,0.2493,,8,0,0,0,1.0,0
0.0947,53,0,0.2954,1719.0,5,0,1,0,0.0,0
0.275,52,0,0.2491,3202.0,9,0,1,0,2.0,0
0.0661,74,0,0.3088,2733.0,11,0,0,0,1.0,0
1.4132,52,0,0.0079,,10,0,0,0,0.0,0
0.4631,43,0,0.4707,11536.0,5,0,2,0,0.0,0
0.2,60,0,0.2987,1761.0,9,0,0,0,0.0,0
0.3376,41,0,0.9001,10959.0,7,0,1,0,0.0,0
0.1646,59,0,0.6953,,8,0,0,0,,0
0.1509,58,2,0.7121,3048.0,8,0,1,0,0.0,0
0.1203,49,2,0.0847,2120.0,10,0,0,0,0.0,0
0.2055,60,0,0.626,2443.0,8,1,3,0,0.0,0
0.3947,31,0,0.1251,,7,0,0,0,2.0,0
0.0787,54,0,0.5248,4685.0,6,0,0,0,1.0,0
0.2089,46,0,0.2692,2643.0,10,0,3,0,1.0,0
0.5787,92,2,0.4067,3599.0,7,0,0,0,0.0,0
0.8235,54,2,0.7316,13787.0,10,0,1,0,2.0,0
0.4076,44,0,0.7318,3055.0,9,0,1,0,1.0,0
0.3136,33,0,0.9615,3535.0,8,0,1,0,,0
0.266,70,0,1.0899,6422.0,7,0,0,0,0.0,0
0.2394,47,0,0.3788,1489.0,11,0,2,0,1.0,0
0.6441,41,0,0.9265,4142.0,10,0,0,0,0.0,1
0.1153,57,0,0.3124,10090.0,13,0,3,0,1.0,0
0.6061,61,0,0.2912,2385.0,7,0,0,0,0.0,0
0.1206,61,0,0.3624,4831.0,6,0,1,0,0.0,0
0.185,52,0,0.7246,7684.0,5,0,0,0,0.0,0
0.1015,54,0,0.2421,6968.0,7,0,4,0,1.0,0
0.1739,55,0,0.5399,5999.0,7,0,1,0,0.0,0
0.392,57,0,0.53,2624.0,6,0,1,0,1.0,0
0.4789,58,0,0.361,4767.0,7,0,0,0,0.0,0
0.0706,67,0,0.6355,,9,0,3,0,2.0,0
0.3803,53,0,0.773,2275.0,8,0,1,0,2.0,0
0.7787,41,0,0.5806,,4,0,0,0,1.0,0
0.2288,50,0,0.5576,8026.0,8,0,0,0,2.0,0
0.1709,63,0,0.5078,9644.0,6,0,0,0,1.0,0
0.3458,27,0,0.9715,4000.0,10,0,1,0,3.0,0
0.2594,27,0,0.9678,9709.0,6,0,1,0,2.0,0
0.2853,65,0,0.2227,9283.0,7,0,2,0,0.0,0
0.4773,73,0,0.1869,3112.0,9,0,1,0,0.0,0
3.2652,34,0,0.202,4229.0,11,0,1,0,2.0,0
3.0528,53,0,0.308,2946.0,10,0,1,0,0.0,0
0.6027,46,0,0.3863,16667.0,13,0,3,0,1.0,0
0.7669,48,0,1.0907,10792.0,4,0,0,0,0.0,0
0.1088,56,0,0.518,,7,0,0,0,0.0,0
0.3168,34,0,0.8992,4826.0,6,0,0,0,2.0,0
0.1061,36,0,0.7182,6756.0,6,0,2,0,2.0,0
0.4295,48,0,0.7041,5661.0,9,0,1,0,2.0,0
0.1501,50,0,0.4867,8813.0,7,0,4,0,1.0,0
0.4445,36,0,0.8728,5047.0,5,0,1,0,0.0,0
0.9208,63,0,0.5816,4082.0,10,0,2,0,2.0,0
0.0576,46,0,0.8612,5415.0,16,0,1,0,0.0,0
0.24,46,0,0.5491,7341.0,12,0,1,0,0.0,0
0.7661,56,0,0.5864,,7,0,1,0,1.0,1
0.1202,50,0,0.2683,,11,0,0,0,2.0,0
0.2293,64,1,0.3536,,5,1,2,4,1.0,0
4.6566,39,0,1.0963,4247.0,3,0,0,0,1.0,0
0.8549,32,0,0.0933,5581.0,8,0,0,0,0.0,0
4.7042,48,0,0.4199,2867.0,4,0,1,0,1.0,0
0.0899,53,0,0.3769,6095.0,12,0,1,0,0.0,0
0.0218,35,0,0.1929,6508.0,9,0,4,0,2.0,0
1.1025,33,0,0.1454,3537.0,13,0,3,0,0.0,0
0.4595,55,0,0.0495,1191.0,5,0,2,0,0.0,0
1.3547,41,0,0.1578,14904.0,8,0,1,0,,0
1.3951,32,0,0.7176,,8,0,1,0,0.0,0
0.0916,66,0,0.3651,2062.0,10,0,1,0,0.0,0
3.6136,43,0,0.18,3614.0,6,0,0,0,1.0,0
0.2218,68,0,0.6727,8672.0,7,0,0,0,0.0,0
0.1643,52,0,1.0768,5732.0,7,0,2,0,1.0,0
3.6009,56,0,0.2822,10207.0,9,0,1,0,0.0,0
0.5182,49,0,0.6622,5252.0,7,0,0,0,0.0,0
0.4601,21,0,0.4023,5851.0,6,0,2,0,2.0,0
0.3339,36,0,0.3074,3320.0,10,0,0,0,1.0,0
5.1812,50,0,0.1521,15687.0,11,0,0,0,0.0,0
1.0305,57,0,0.2655,,15,0,2,0,1.0,0
0.656,27,0,0.7837,,8,0,2,0,1.0,0
0.1683,51,0,0.6368,,3,0,1,0,0.0,0
0.2269,36,0,0.2564,,11,0,1,0,0.0,0
0.4185,55,0,0.2682,3231.0,7,0,2,0,0.0,0
0.2665,52,0,0.525,7969.0,11,0,2,0,,0
8.9307,62,0,0.4301,14253.0,8,0,1,0,1.0,0
0.0227,67,0,0.1864,2121.0,9,0,1,0,0.0,0
0.0501,58,0,0.7007,2179.0,6,0,2,0,0.0,0
0.3469,64,0,0.2051,,6,0,2,0,1.0,0
0.832,47,0,0.176,,9,0,0,0,2.0,0
0.0081,92,0,0.437,4966.0,10,0,1,0,1.0,0
0.1829,35,0,0.0495,3059.0,12,0,3,0,1.0,0
0.3927,45,0,0.4013,,9,0,2,0,1.0,0
0.8576,65,0,0.7713,,9,0,1,0,0.0,0
0.5995,63,0,0.2582,8518.0,6,0,4,0,0.0,0
0.1565,59,0,0.4668,5251.0,8,0,0,0,1.0,0
1.8201,61,0,0.8726,,4,0,0,0,1.0,0
0.1048,23,0,0.4426,4367.0,11,0,0,0,0.0,0
1.696,74,1,0.4623,4297.0,3,0,1,0,0.0,1
1.9458,49,1,0.0981,,9,0,0,0,0.0,0
1.4997,69,1,0.7891,,7,0,1,0,1.0,0
0.5472,24,3,0.4988,1724.0,6,1,0,1,,0
5.4427,56,0,0.3549,35683.0,6,0,1,0,2.0,0
1.47,44,0,0.7199,,12,0,0,0,0.0,0
0.6338,60,0,0.6235,14644.0,3,0,1,0,0.0,0
0.4211,56,0,0.6256,4607.0,9,0,1,0,0.0,0
0.4083,57,0,0.5061,2131.0,12,0,0,0,0.0,0
0.6042,37,0,0.9849,7141.0,4,0,1,0,1.0,0
0.0849,51,0,0.2811,,7,0,3,0,0.0,0
0.2052,49,0,0.2443,,7,0,2,0,0.0,0
0.3811,59,0,0.1771,3299.0,7,0,1,0,1.0,0
0.2189,66,0,0.4062,12384.0,13,0,2,0,3.0,0
0.1581,54,0,0.7053,5459.0,8,0,0,0,0.0,0
3.9339,34,0,0.6863,3657.0,8,0,3,0,,0
0.6835,54,0,1.0225,4573.0,15,0,1,0,1.0,0
0.381,89,0,0.2085,2201.0,7,0,1,0,0.0,0
0.0531,75,0,0.0735,3283.0,9,0,2,0,,0
1.6226,21,0,0.185,5527.0,8,0,0,0,0.0,0
0.4676,53,0,0.1831,,8,0,0,0,0.0,0
0.2862,65,0,0.2794,9434.0,8,0,0,0,2.0,0
0.7851,49,0,0.2938,13044.0,10,0,0,0,0.0,0
0.2171,46,0,0.4857,4959.0,6,0,0,0,0.0,0
2.2183,48,0,0.3525,,9,0,0,0,1.0,0
0.1205,60,0,0.2482,8237.0,6,0,0,0,2.0,0
0.2256,36,0,0.4203,9200.0,8,0,1,0,1.0,0
0.6477,69,2,0.2184,5196.0,9,1,1,0,0.0,0
0.272,51,0,0.2268,5378.0,7,0,0,0,0.0,0
1.1725,39,0,0.284,,6,0,0,0,1.0,0
0.861,68,0,0.5413,5519.0,6,0,2,1,0.0,0
0.1989,30,0,0.4997,2840.0,8,0,0,0,1.0,0
0.0224,44,0,0.1911,,4,0,0,0,2.0,0
0.6372,44,0,0.4262,4526.0,10,0,0,0,0.0,0
0.5119,82,0,0.7428,,4,0,0,0,2.0,0
0.7629,42,0,0.8682,3907.0,5,0,0,0,2.0,0
0.5721,22,0,0.7815,8011.0,8,0,0,0,0.0,1
0.6148,44,0,0.8241,4173.0,6,0,2,0,1.0,0
0.0361,58,0,0.3196,2928.0,7,0,1,0,0.0,0
0.9861,63,0,0.377,4576.0,5,0,0,0,0.0,0
0.5129,84,0,0.514,12198.0,8,0,2,0,1.0,0
0.1592,72,0,0.3175,9329.0,9,0,2,0,0.0,0
0.3614,55,0,0.0769,,12,0,1,0,0.0,0
0.7437,40,0,0.1525,3480.0,12,0,0,0,2.0,0
3.0147,75,0,0.6416,2563.0,4,0,3,0,2.0,0
0.7687,47,0,0.1327,,10,0,1,0,1.0,0
0.2424,43,0,0.567,3333.0,6,0,0,0,1.0,0
0.2451,46,0,0.4091,4968.0,12,0,0,0,2.0,0
0.6286,34,0,0.631,5819.0,9,0,0,0,1.0,0
0.8595,45,0,0.2592,3967.0,9,0,1,0,0.0,1
3.4286,49,0,0.092,2631.0,10,0,0,0,1.0,0
0.2009,62,0,0.4872,6030.0,4,0,1,0,1.0,0
0.1428,47,0,0.1677,6454.0,10,0,1,0,1.0,0
0.0153,34,0,0.8578,20335.0,6,0,0,0,1.0,0
0.3836,30,0,0.5813,3388.0,7,0,2,0,0.0,0
0.5665,55,0,0.454,2702.0,5,0,1,0,1.0,0
0.3768,53,0,0.7072,3943.0,11,0,2,0,2.0,0
0.1989,44,0,0.3442,8989.0,13,0,1,0,0.0,0
0.7718,45,4,0.2295,8369.0,7,0,0,0,1.0,0
0.334,57,0,0.4117,18737.0,10,0,0,0,1.0,0
0.4719,71,0,0.6446,3521.0,10,0,1,0,0.0,1
1.8926,41,0,0.2025,7834.0,9,0,0,0,0.0,0
0.04,53,0,0.4462,8554.0,14,0,1,0,0.0,0
0.3524,65,0,0.7142,,3,0,0,0,2.0,0
0.2144,41,0,0.848,3455.0,5,0,2,0,1.0,0
0.8102,52,0,0.422,4061.0,10,0,1,0,0.0,1
2.4922,51,0,0.543,8978.0,10,0,2,0,0.0,0
0.2618,34,0,0.201,,9,0,0,0,2.0,0
0.3055,54,0,0.2918,6210.0,9,0,0,0,0.0,0
0.5925,52,0,0.7336,,15,0,2,0,0.0,1
0.3071,60,0,0.1586,10774.0,9,0,1,0,1.0,0
0.3713,35,0,0.1421,,5,0,0,0,1.0,0
0.3655,52,0,0.4643,,8,0,0,0,0.0,0
0.2565,71,0,0.7326,13348.0,9,0,4,0,2.0,0
1.7945,81,0,0.2048,4838.0,9,0,1,0,1.0,1
0.5407,70,0,0.3068,4281.0,6,0,1,0,0.0,0
3.438,36,0,0.4783,7364.0,6,0,2,0,0.0,0
0.6939,58,0,0.5647,4596.0,7,0,0,0,1.0,0
0.6376,45,0,0.1748,,7,0,1,0,2.0,0
0.6438,56,0,0.5448,,10,0,0,0,1.0,1
0.0427,41,0,0.385,4329.0,6,0,1,0,0.0,0
3.0761,28,0,0.7941,4708.0,8,0,1,0,0.0,1
0.5956,47,0,0.1929,,8,0,1,0,1.0,0
0.2289,62,0,0.4094,8099.0,6,0,0,0,1.0,0
0.1258,56,0,0.6624,6335.0,7,0,2,0,1.0,0
0.9833,58,0,0.8435,8925.0,14,0,2,0,0.0,0
0.2231,55,0,0.5414,14322.0,11,0,0,0,1.0,0
2.5572,58,0,0.8088,12460.0,17,0,1,0,0.0,0
6.1825,59,0,0.6272,3873.0,6,0,0,0,0.0,0
0.0391,48,0,0.2368,8312.0,6,0,2,0,0.0,0
0.4789,53,0,0.4143,5261.0,13,0,0,0,2.0,0
0.2686,76,0,0.4676,,4,0,0,0,0.0,0
1.7561,54,0,0.2242,5413.0,8,0,1,0,0.0,0
0.1468,53,0,0.2488,9211.0,12,0,0,0,1.0,0
0.6303,53,0,0.6933,12989.0,4,0,2,0,1.0,0
2.5279,49,0,0.9306,8794.0,4,0,1,0,0.0,0
0.064,46,1,0.1972,,10,2,2,1,2.0,0
0.6893,55,0,0.1345,7321.0,7,0,1,0,1.0,0
0.2636,45,0,0.2677,,4,0,2,0,2.0,0
5.0993,50,0,0.5135,1240.0,11,0,0,0,1.0,0
0.1943,41,0,0.0235,3502.0,7,0,0,0,0.0,0
0.8931,54,0,0.2884,,10,0,0,0,0.0,0
0.4711,60,0,0.0318,10092.0,5,0,0,0,0.0,0
0.5616,49,0,0.6026,6522.0,5,0,1,0,3.0,0
0.5158,24,0,0.571,2945.0,5,0,1,0,1.0,1
0.2449,60,0,0.1227,4862.0,7,0,2,0,0.0,0
0.1388,54,0,0.1537,4465.0,11,0,4,0,0.0,0
0.0872,38,0,0.424,2353.0,9,0,1,0,0.0,0
0.6461,63,2,0.2366,1451.0,6,0,1,0,0.0,0
0.2678,32,0,0.0823,5614.0,7,0,0,0,1.0,0
0.5625,67,0,0.3677,4642.0,9,0,1,0,0.0,0
1.5219,51,0,0.9359,5950.0,8,0,1,0,2.0,0
0.3041,21,1,0.4597,1830.0,8,0,1,2,1.0,0
0.3479,54,0,0.2449,4022.0,9,0,1,0,2.0,0
0.6963,46,0,0.0847,11609.0,11,0,0,0,1.0,0
0.0038,44,0,0.1352,4228.0,13,0,1,0,0.0,0
0.8696,42,0,0.4804,3713.0,7,0,0,0,1.0,0
0.5651,50,0,0.3137,,7,0,1,0,0.0,0
0.5723,45,0,0.5575,7156.0,13,0,0,0,0.0,0
0.4061,26,0,0.3057,10892.0,9,0,1,0,0.0,0
0.0522,70,0,0.3882,7236.0,4,0,1,0,1.0,0
0.4971,49,0,0.5785,2262.0,5,0,2,0,2.0,0
0.2671,42,1,0.4676,3497.0,6,0,4,0,2.0,0
0.5948,36,0,0.5438,,8,0,3,0,2.0,1
0.2428,63,0,0.5135,2400.0,10,0,2,0,0.0,0
0.0003,34,0,0.53,4610.0,12,0,1,0,1.0,0
0.328,54,0,0.6465,4991.0,9,0,1,0,2.0,0
0.0266,44,0,0.2457,,8,0,2,0,2.0,0
0.2767,45,0,0.3304,1869.0,7,0,2,0,1.0,0
0.085,37,0,0.7598,3638.0,12,0,0,0,0.0,0
0.1433,43,1,0.3068,4359.0,8,2,1,0,0.0,0
0.6865,52,0,0.4579,,6,0,1,0,,0
0.3925,55,0,0.1723,10858.0,9,0,2,0,1.0,0
0.7877,41,0,0.4891,2875.0,5,0,0,0,1.0,0
0.1863,51,0,0.6447,2507.0,8,0,0,0,,0
0.593,64,0,0.5407,1855.0,9,0,0,0,1.0,0
1.2253,29,0,1.1776,3975.0,8,0,0,0,1.0,0
1.0163,52,0,0.4464,5534.0,7,0,0,0,1.0,0
1.2962,39,0,0.3994,2158.0,10,0,2,0,1.0,0
0.4779,37,0,0.8605,7400.0,9,0,0,0,0.0,0
0.0717,56,0,0.8375,2943.0,10,0,1,0,1.0,0
0.0851,44,0,0.3157,3390.0,6,0,0,0,0.0,0
0.6114,35,0,1.2899,,8,0,0,0,2.0,0
0.1287,71,0,0.7277,17483.0,9,0,0,0,0.0,0
1.9292,65,0,0.7853,5283.0,5,0,0,0,0.0,0
0.1,25,0,0.6364,3315.0,8,0,3,0,0.0,0
0.222,31,0,0.9089,4882.0,12,0,0,0,2.0,0
0.235,60,0,0.2038,,10,0,0,0,0.0,0
0.2132,48,0,0.0655,3723.0,8,0,0,0,0.0,0
0.7345,73,0,0.1676,4563.0,6,0,1,0,0.0,0
0.4576,61,0,0.7907,4643.0,9,0,1,0,2.0,0
1.7928,56,0,0.7703,1392.0,12,0,2,0,1.0,0
3.232,38,0,0.5963,2284.0,13,0,0,0,3.0,1
0.1695,59,0,0.3001,,10,0,1,0,1.0,0
0.5183,34,0,0.6434,7825.0,8,0,0,0,0.0,0
2.0037,70,0,0.2004,,7,0,0,0,0.0,0
0.0746,58,0,0.2409,8101.0,9,0,0,0,1.0,0
0.0839,40,0,0.6648,11726.0,7,0,0,0,0.0,0
1.2153,63,0,0.7132,3573.0,6,0,1,0,1.0,0
2.5197,83,0,0.6791,4761.0,6,0,0,0,0.0,0
0.4042,49,0,0.5701,5642.0,6,0,0,0,0.0,0
0.7904,60,0,0.7369,6789.0,3,0,1,0,2.0,0
0.1053,46,0,0.1308,2629.0,6,0,0,0,1.0,0
2.1335,53,0,0.1163,6980.0,6,0,2,0,1.0,0
0.2924,31,0,0.5244,11258.0,6,0,1,0,0.0,0
0.2498,52,0,0.8485,7164.0,8,0,3,0,0.0,0
0.1231,53,0,0.2468,1422.0,12,0,0,0,3.0,0
0.0702,77,0,0.627,3209.0,7,0,0,0,2.0,0
0.2516,27,0,0.4332,4379.0,6,0,1,0,0.0,0
0.6419,48,0,0.2192,3453.0,6,0,0,0,1.0,0
1.0382,70,0,0.5417,7520.0,10,0,3,0,0.0,0
0.3737,49,0,0.5394,3032.0,5,0,0,0,0.0,0
0.7661,50,0,0.3331,,6,0,0,0,1.0,0
0.3428,40,0,0.4517,2612.0,8,0,0,0,0.0,0
0.2297,39,0,0.2458,8797.0,4,0,2,0,0.0,0
0.3375,26,0,0.1411,,5,0,0,0,1.0,0
0.7588,43,0,0.4013,5125.0,12,0,1,0,0.0,0
0.5521,38,0,0.092,5345.0,8,0,1,0,5.0,0
0.0856,54,0,0.6897,4532.0,8,0,0,0,4.0,0
8.1259,41,0,0.2774,3183.0,8,0,0,0,0.0,0
0.5063,45,3,0.2977,,11,0,3,0,2.0,0
0.0742,46,0,0.1344,7585.0,6,0,0,0,2.0,0
0.1307,51,0,0.7006,3088.0,7,0,2,0,0.0,0
0.0255,45,3,0.3649,15756.0,4,0,1,0,3.0,0
0.4101,37,0,0.2956,11928.0,6,0,0,0,0.0,0
0.1027,53,0,0.3332,5521.0,8,0,1,0,4.0,0
0.4554,67,0,0.3425,3622.0,7,0,0,0,2.0,0
0.6623,54,0,0.0275,12991.0,9,0,3,0,0.0,1
2.5703,43,0,0.2916,8836.0,7,0,0,0,0.0,0
0.2151,50,0,0.2793,4231.0,7,0,0,0,0.0,0
0.2107,23,0,0.5078,11365.0,7,0,2,0,2.0,0
0.7234,50,0,0.4837,3725.0,7,0,1,0,0.0,0
0.6383,46,0,0.0429,1440.0,7,0,0,0,1.0,0
0.2433,39,0,0.6071,19814.0,6,0,0,0,2.0,0
0.1748,41,0,0.5695,,4,0,1,0,0.0,0
0.248,46,0,0.6033,3117.0,7,0,0,0,1.0,0
0.3614,66,1,0.8303,6603.0,8,0,0,2,1.0,0
0.4593,67,0,0.5622,15815.0,9,0,1,0,0.0,0
11.7035,39,0,0.3825,,8,0,0,0,1.0,0
0.2839,45,1,0.6013,5442.0,8,0,1,1,1.0,0
6.2188,45,0,0.7533,5434.0,4,0,0,0,1.0,0
0.4981,63,0,0.1337,5683.0,8,0,2,0,1.0,0
0.9181,54,0,0.4064,5838.0,8,0,1,0,0.0,0
0.6523,53,0,0.4872,2484.0,11,0,1,0,0.0,0
0.126,60,2,0.3659,5057.0,10,0,1,0,0.0,0
0.257,44,0,0.2267,5658.0,7,0,2,0,0.0,0
0.1914,71,0,0.5718,,11,0,4,0,2.0,0
0.0322,52,0,0.5312,,7,0,0,0,0.0,0
0.327,40,0,0.9897,,7,0,0,0,0.0,0
0.58,49,0,1.0721,6871.0,8,0,1,0,0.0,0
1.2632,69,0,0.3237,,7,0,0,0,2.0,1
0.3699,46,0,0.7245,,5,0,2,0,0.0,0
2.8075,65,0,0.7908,4605.0,5,0,1,0,1.0,1
2.8021,43,0,0.1795,,9,0,0,0,1.0,0
0.0616,41,0,0.4297,8132.0,10,0,1,0,1.0,0
0.8415,61,0,0.7843,2679.0,10,0,2,0,0.0,0
0.9548,40,0,0.7736,14597.0,6,0,1,0,0.0,0
0.0965,64,0,0.2809,15305.0,9,0,2,0,1.0,0
1.0452,57,1,0.7759,5109.0,8,1,3,0,0.0,0
0.1449,40,0,0.1357,,10,0,1,0,1.0,0
0.1152,51,0,0.6211,6939.0,7,0,2,0,1.0,0
0.3656,44,0,0.7168,5629.0,6,0,0,0,0.0,0
0.4271,57,0,0.2734,5166.0,8,0,1,0,0.0,0
0.6623,78,0,0.5858,,6,0,0,0,0.0,1
0.7288,47,0,0.3233,,9,0,1,0,1.0,0
0.373,59,0,0.3009,,9,0,1,0,0.0,0
2.0166,52,0,0.2285,3595.0,10,0,2,0,1.0,0
0.393,52,0,0.3171,3380.0,8,0,4,0,0.0,0
0.8904,50,0,0.281,2937.0,8,0,1,0,1.0,0
0.3176,40,0,0.6428,,8,0,1,0,1.0,0
0.381,57,0,0.3216,6919.0,9,0,2,0,0.0,0
0.6705,48,0,0.7696,7760.0,8,0,0,0,0.0,0
9.8555,39,0,0.2035,4484.0,6,0,1,0,1.0,0
0.6845,66,0,0.4233,3429.0,13,0,0,0,1.0,0
2.439,53,0,0.4766,,11,0,2,0,2.0,0
0.65,49,0,0.423,4279.0,5,0,3,0,,0
0.4137,71,0,0.5068,2947.0,10,0,1,0,2.0,0
0.2874,26,0,0.276,6098.0,8,0,1,0,0.0,0
0.3552,70,0,0.798,2538.0,10,0,1,0,1.0,0
0.1164,40,0,0.9304,2175.0,6,0,1,0,1.0,0
0.8947,55,0,0.6371,3695.0,7,0,1,0,1.0,0
0.2531,44,0,0.6438,7281.0,7,0,2,0,0.0,0
0.2508,39,0,0.5,1653.0,8,0,1,0,0.0,0
0.2399,70,0,0.0949,3011.0,9,0,1,0,2.0,0
0.0417,78,0,0.2962,,14,0,2,0,0.0,0
0.6771,49,0,0.3533,2652.0,8,0,1,0,1.0,0
0.6982,57,0,0.6239,1453.0,12,0,0,0,2.0,0
2.6463,53,0,0.1946,3794.0,7,0,0,0,1.0,0
0.4899,76,0,0.1278,8894.0,9,0,1,0,0.0,0
0.2059,22,0,0.7678,5365.0,8,0,0,0,0.0,0
0.2695,57,0,0.6745,5542.0,6,0,2,0,0.0,0
4.3256,42,0,0.3936,2841.0,11,0,0,0,1.0,0
0.2454,21,0,0.1614,5643.0,12,0,1,0,1.0,0
0.2475,47,0,0.5545,3640.0,6,0,0,0,1.0,0
0.2148,78,0,0.4754,23196.0,8,0,1,0,,0
0.1184,43,0,0.2673,1399.0,7,0,4,0,0.0,0
0.5363,63,0,0.0315,3647.0,15,0,2,0,1.0,0
1.4481,69,0,0.3521,3521.0,8,0,1,0,0.0,0
0.064,52,0,1.0236,5130.0,7,0,1,0,1.0,0
0.2682,54,0,0.1411,3313.0,11,0,1,0,0.0,0
0.3297,28,0,0.3166,8041.0,7,0,3,0,0.0,0
0.1812,42,0,0.3068,17422.0,5,0,1,0,2.0,0
0.2969,65,0,0.432,11393.0,8,0,0,0,0.0,0
0.2387,53,1,0.1569,4159.0,5,1,3,5,,0
0.2132,57,0,0.4422,,4,0,1,0,0.0,0
0.1635,54,0,0.5092,7925.0,12,0,2,0,,0
5.7778,83,0,0.5626,3999.0,8,0,1,0,1.0,0
0.4974,46,0,0.5182,2736.0,2,0,1,0,1.0,1
5.2731,74,0,0.0897,11365.0,6,0,0,0,0.0,0
1.2641,54,0,1.0655,7195.0,3,0,1,0,2.0,0
0.6393,76,0,0.4073,16571.0,7,0,0,0,1.0,0
0.5008,35,0,0.0947,6150.0,6,0,1,0,1.0,0
0.5138,55,0,0.3063,9383.0,4,0,1,0,0.0,0
7.9447,46,0,0.2933,1092.0,5,0,0,0,0.0,0
0.6177,54,0,0.6416,5702.0,15,0,0,0,1.0,0
0.1501,69,0,0.5157,3999.0,9,0,0,0,0.0,0
0.0145,57,0,0.1101,8264.0,8,0,0,0,0.0,0
0.1705,69,0,0.6616,2554.0,5,0,2,0,1.0,0
0.6081,43,0,0.276,7401.0,13,0,0,0,1.0,0
1.179,40,0,0.9159,8709.0,10,0,1,0,0.0,0
0.0717,52,0,0.6986,2091.0,9,0,1,0,1.0,0
2.203,51,0,0.2998,5351.0,7,0,1,0,0.0,0
0.7444,49,0,1.1136,,13,0,3,0,1.0,0
0.4314,39,1,0.3218,,5,0,1,0,1.0,0
1.0127,69,0,0.5624,12063.0,9,0,1,0,3.0,0
1.9078,47,0,0.7056,4074.0,11,0,0,0,1.0,0
0.046,72,2,0.6915,,6,0,0,1,1.0,0
0.1809,52,0,0.9511,6836.0,8,0,0,0,0.0,0
0.3835,61,0,0.1331,9883.0,10,0,0,0,1.0,1
0.4747,60,0,0.6666,,8,0,0,0,0.0,1
0.1867,40,0,0.6002,2953.0,13,0,0,0,,0
0.6371,57,0,0.3574,5052.0,8,0,2,0,0.0,0
0.2272,79,0,0.9986,3159.0,7,0,1,0,1.0,0
0.1924,56,0,0.1768,9258.0,12,0,1,0,1.0,0
0.0497,65,0,0.1786,11441.0,5,0,1,0,,0
0.8986,62,0,0.5673,3998.0,8,0,2,0,1.0,0
0.1066,56,0,0.2216,16046.0,5,0,1,0,1.0,0
0.8415,55,0,1.0304,5381.0,6,0,0,0,0.0,0
0.039,60,0,0.5459,3883.0,6,0,0,0,0.0,0
0.0508,63,0,1.0108,3573.0,9,0,1,0,0.0,0
0.3581,33,0,0.6327,3564.0,13,0,0,0,1.0,0
0.1203,55,0,0.4688,2748.0,6,0,2,0,0.0,0
0.2166,49,0,0.4358,6564.0,9,0,1,0,1.0,0
0.3612,47,0,1.2756,3794.0,8,0,0,0,0.0,0
0.0977,70,0,1.0912,11931.0,6,0,1,0,0.0,0
0.4632,42,0,0.7125,3633.0,5,0,0,0,1.0,0
0.4551,32,0,0.4842,5677.0,11,0,0,0,0.0,0
0.04,63,0,0.519,7687.0,10,0,2,0,1.0,0
4.3438,32,0,0.4057,4553.0,5,0,1,0,0.0,1
0.1676,25,0,0.7001,4620.0,7,0,0,0,0.0,0
0.466,65,0,0.635,2055.0,7,0,3,0,1.0,0
0.9138,54,0,0.2708,,11,0,1,0,1.0,0
2.3937,59,0,0.8806,11480.0,8,0,0,0,2.0,0
0.4146,46,0,0.5835,,6,0,1,0,0.0,0
0.2522,33,0,0.346,5836.0,7,0,0,0,1.0,0
0.7408,35,0,1.0408,5364.0,5,0,0,0,2.0,0
2.7495,48,0,0.3381,4839.0,12,0,0,0,1.0,0
0.3818,34,0,1.124,10091.0,10,0,1,0,0.0,0
0.0422,56,0,1.2151,1247.0,10,0,0,0,2.0,0
0.2407,46,0,0.7004,,11,0,1,0,1.0,0
0.8417,55,0,0.0442,7530.0,12,0,1,0,1.0,0
0.517,54,0,0.8267,5709.0,5,0,2,0,0.0,0
0.0495,57,0,0.2371,7097.0,14,0,1,0,0.0,0
0.1481,59,0,0.2167,6183.0,2,0,1,0,1.0,0
0.634,47,0,0.5358,6407.0,5,0,2,0,0.0,0
0.4614,55,0,1.2929,2247.0,9,0,1,0,0.0,0
0.0793,55,0,0.719,1078.0,7,0,0,0,1.0,0
0.9253,21,0,0.2294,8753.0,7,0,2,0,0.0,0
2.3064,61,0,0.9658,2572.0,11,0,4,0,2.0,0
0.2893,54,0,0.1268,5947.0,6,0,0,0,0.0,0
0.0005,60,0,0.4338,10055.0,13,0,0,0,0.0,0
0.8789,34,0,0.1585,,9,0,2,0,0.0,1
1.6732,48,0,0.2989,6759.0,9,0,1,0,0.0,0
0.5068,37,0,0.8089,2454.0,10,0,4,0,1.0,0
6.288,62,0,0.1751,,13,0,1,0,1.0,0
0.5161,32,0,0.1595,5034.0,7,0,1,0,2.0,0
0.0155,39,0,0.5113,,13,0,0,0,0.0,0
0.0343,59,0,0.7368,3008.0,11,0,2,0,0.0,0
2.8207,43,0,0.4263,1205.0,6,0,1,0,1.0,0
0.4679,39,0,0.3945,3695.0,10,0,0,0,0.0,0
0.5273,65,0,0.777,12395.0,5,0,3,0,2.0,0
0.6788,65,0,0.0643,7417.0,5,0,0,0,1.0,0
0.9203,62,0,0.261,,7,0,3,0,2.0,0
0.8926,64,0,0.1945,15315.0,9,0,2,0,1.0,0
0.7396,49,0,0.5604,,12,0,1,0,2.0,0
1.2172,49,0,0.8414,2743.0,10,0,1,0,0.0,0
0.2371,43,0,0.9955,,6,0,1,0,2.0,0
0.361,54,0,0.2386,6851.0,10,0,3,0,0.0,0
0.0519,45,0,0.1969,13289.0,11,0,3,0,1.0,0
0.3335,46,0,0.9617,4488.0,6,0,1,0,1.0,0
0.9023,60,0,0.3246,5177.0,7,0,0,0,0.0,0
0.7313,69,0,0.7409,5085.0,7,0,2,0,0.0,0
3.573,58,1,0.8044,773.0,13,1,1,0,0.0,0
0.3485,77,0,0.963,,12,0,1,0,0.0,0
0.4345,42,0,0.8236,5281.0,6,0,2,0,0.0,0
0.066,26,0,0.5758,,12,0,1,0,2.0,0
2.7599,62,0,0.4329,8691.0,8,0,3,0,2.0,0
0.3753,41,0,0.0912,2899.0,5,0,1,0,0.0,0
0.4014,48,0,0.5127,6025.0,10,0,0,0,0.0,0
0.8386,27,0,0.7159,,10,0,2,0,1.0,1
0.4022,39,0,0.6557,4109.0,11,0,1,0,0.0,0
0.03,31,0,0.1775,2363.0,8,0,4,0,3.0,0
0.1986,46,0,0.5908,,10,0,1,0,1.0,0
0.4786,46,0,0.6373,5726.0,8,0,1,0,0.0,0
0.5475,53,0,0.4049,,6,0,4,0,4.0,0
0.042,69,0,0.4535,2579.0,8,0,2,0,0.0,0
8.6584,61,0,0.886,,11,0,1,0,1.0,0
2.8918,29,0,0.6506,,3,0,0,0,2.0,1
0.4666,61,0,0.2697,,3,0,1,0,0.0,0
0.186,54,0,0.4199,2872.0,5,0,1,0,2.0,0
3.458,51,0,0.7697,,9,0,1,0,0.0,1
0.2684,52,0,0.8654,7908.0,9,0,2,0,0.0,0
0.8902,55,0,1.4867,4751.0,11,0,1,0,1.0,0
0.1032,42,0,1.0423,,17,0,1,0,1.0,0
1.8948,49,0,0.3511,3148.0,8,0,3,0,0.0,0
0.1642,69,0,0.642,9964.0,11,0,0,0,0.0,0
0.2008,42,0,0.9272,3573.0,7,0,0,0,1.0,0
0.3154,38,0,0.9687,,5,0,1,0,0.0,0
0.3772,51,0,0.1484,12494.0,11,0,2,0,3.0,0
0.0465,36,0,0.3041,2001.0,9,0,4,0,0.0,0
0.3683,28,0,0.3908,9770.0,7,0,1,0,3.0,0
0.0446,47,0,0.7602,,7,0,1,0,2.0,0
0.7837,72,0,0.4772,,4,0,0,0,1.0,1
0.7787,51,0,0.7427,5753.0,6,0,1,0,1.0,0
0.1958,55,0,0.3592,10840.0,7,0,0,0,,0
0.128,22,0,0.1239,,6,0,1,0,1.0,0
0.3454,58,0,0.8278,18803.0,4,0,0,0,2.0,0
0.3937,53,0,0.0964,7094.0,6,0,1,0,0.0,0
0.0116,43,0,0.1688,6630.0,8,0,0,0,1.0,0
0.2829,55,0,0.3011,4219.0,6,0,0,0,0.0,0
0.8961,54,0,0.5118,,9,0,0,0,1.0,0
0.8051,37,0,0.5614,9015.0,11,0,2,0,1.0,0
0.628,57,0,1.004,1433.0,10,0,4,0,2.0,0
0.4443,69,0,0.1883,5130.0,9,0,2,0,2.0,1
0.7413,49,0,0.489,4342.0,4,0,0,0,3.0,0
0.1426,40,3,0.3738,6151.0,6,0,1,0,0.0,0
0.7736,50,0,0.2986,8536.0,6,0,1,0,1.0,0
2.5015,64,0,0.0962,,7,0,0,0,0.0,0
0.0965,35,0,0.4724,4471.0,3,0,0,0,0.0,0
0.1951,60,0,0.0681,,11,0,0,0,1.0,0
0.5987,43,0,0.365,4795.0,7,0,0,0,2.0,0
2.3393,55,0,0.4563,3328.0,6,0,1,0,1.0,0
0.3312,44,0,0.1813,,5,0,0,0,1.0,0
0.4521,44,0,0.3764,12898.0,10,0,1,0,0.0,0
0.6073,73,0,0.1308,3177.0,6,0,0,0,3.0,0
1.982,32,0,0.2287,3457.0,7,0,1,0,0.0,0
0.1875,59,2,0.416,3123.0,6,0,4,0,0.0,0
0.5797,76,0,0.7339,3228.0,5,0,1,0,2.0,1
0.7797,62,0,0.5002,4379.0,7,0,2,0,0.0,0
0.0779,33,0,0.6459,6191.0,7,0,0,0,0.0,0
0.8976,34,0,0.2093,6386.0,10,0,0,0,0.0,0
2.7993,41,0,0.5304,4921.0,9,0,1,0,3.0,0
3.4371,54,0,0.7108,6370.0,10,0,0,0,,0
0.4561,55,0,0.5314,,7,0,1,0,1.0,0
0.2012,34,0,0.3409,,5,0,2,0,0.0,0
0.0283,40,0,0.3279,,6,0,2,0,1.0,0
1.6334,41,0,0.4247,3985.0,2,0,1,0,2.0,0
3.534,49,0,0.277,3876.0,7,0,0,0,1.0,0
0.4495,80,0,0.1173,4268.0,7,0,1,0,0.0,0
0.3947,39,0,0.2462,3693.0,11,0,0,0,2.0,0
0.1774,38,0,0.2851,10541.0,12,0,0,0,1.0,0
0.1599,36,0,0.6001,8827.0,6,0,1,0,1.0,0
0.7043,61,0,0.5622,2546.0,9,0,0,0,0.0,0
0.418,51,0,0.2397,2151.0,8,0,2,0,0.0,0
5.2098,39,0,0.0883,4664.0,5,0,2,0,0.0,0
0.062,47,0,0.9313,16233.0,8,0,1,0,1.0,0
0.5319,41,0,0.3835,,1,0,0,0,1.0,0
0.7334,56,0,0.2009,1318.0,10,0,1,0,,0
0.6326,90,0,0.4139,8588.0,9,0,0,0,2.0,0
4.7007,60,0,0.838,4709.0,9,0,2,0,0.0,0
0.1817,51,0,0.4702,9170.0,3,0,0,0,0.0,0
0.7516,43,0,0.3613,5892.0,15,0,0,0,0.0,0
0.5969,33,0,0.4039,,11,0,0,0,1.0,0
3.8096,62,2,0.2037,8024.0,7,0,1,0,0.0,0
0.8511,62,0,0.2033,5106.0,7,0,0,0,0.0,0
0.3657,45,0,0.7969,7173.0,5,0,2,0,0.0,0
0.1068,69,0,0.4825,5625.0,5,0,0,0,1.0,0
0.2239,52,0,0.2394,,5,0,2,0,1.0,0
1.8947,63,0,0.0943,24988.0,4,0,1,0,1.0,0
0.2955,56,0,0.2628,5528.0,8,0,1,0,2.0,0
0.3299,50,0,0.6593,3296.0,12,0,0,0,0.0,0
1.4522,39,0,0.4128,,8,0,0,0,1.0,0
0.631,50,1,0.6487,8263.0,10,2,0,2,0.0,0
0.4807,64,0,0.8688,2196.0,10,0,1,0,0.0,0
2.1173,45,0,0.0585,4986.0,3,0,3,0,2.0,0
0.5462,58,0,0.0902,5506.0,6,0,5,0,0.0,0
0.2436,37,0,0.6177,7727.0,11,0,0,0,1.0,0
0.925,63,0,0.6578,6030.0,16,0,2,0,0.0,0
0.0687,56,0,0.3385,6990.0,7,0,2,0,0.0,0
0.1004,35,0,0.8125,5335.0,8,0,3,0,0.0,0
0.0143,49,0,0.8347,2574.0,8,0,0,0,0.0,0
0.9821,65,0,0.3653,6738.0,8,0,1,0,,0
0.878,34,0,0.3382,,8,0,1,0,1.0,0
4.4497,37,1,0.5929,7109.0,8,0,1,0,0.0,0
0.1163,51,1,0.4684,3584.0,10,0,0,0,1.0,0
1.7645,82,0,0.0129,,11,0,1,0,0.0,0
0.026,43,2,0.4076,4357.0,5,0,1,0,2.0,0
0.4825,59,0,0.5645,3022.0,4,0,4,0,1.0,0
0.1909,56,0,0.4723,23175.0,6,0,0,0,0.0,0
0.0142,44,0,0.1138,6081.0,4,0,0,0,2.0,0
0.407,54,0,0.0524,5748.0,11,0,1,0,0.0,0
0.4044,46,0,0.3057,17061.0,4,0,0,0,0.0,0
0.4104,47,0,0.6037,3235.0,6,0,0,0,0.0,0
0.7188,29,0,0.5989,6605.0,11,0,0,0,0.0,0
0.1375,52,0,0.8994,5452.0,4,0,0,0,1.0,0
0.2212,65,2,0.1752,7057.0,6,2,1,1,3.0,0
3.9683,53,0,0.0592,6520.0,9,0,0,0,0.0,0
0.2386,67,0,0.2719,2132.0,4,0,0,0,0.0,0
0.5512,60,0,0.2419,6213.0,11,0,0,0,2.0,0
3.4891,51,0,0.7827,8294.0,6,0,0,0,,0
0.4329,43,0,0.7091,,5,0,1,0,0.0,1
0.3988,45,0,0.3916,10057.0,5,0,0,0,1.0,0
0.0985,31,0,0.1823,2677.0,8,0,2,0,0.0,0
0.2799,48,0,0.258,16132.0,11,0,2,0,1.0,0
0.3132,54,1,0.5256,3655.0,10,1,1,0,1.0,0
0.1262,76,0,0.0784,17218.0,19,0,0,0,0.0,1
0.9268,59,0,0.1782,2014.0,3,0,1,0,1.0,0
0.0535,40,0,0.6531,2130.0,11,0,0,0,0.0,0
0.4548,32,0,0.8052,11614.0,10,0,0,0,1.0,0
0.7784,49,0,0.8082,4055.0,10,0,2,0,0.0,0
2.7778,63,0,1.117,7210.0,6,0,2,0,1.0,0
0.4119,49,0,0.4403,,11,0,0,0,0.0,0
0.7313,60,0,0.6858,9595.0,8,0,0,0,0.0,0
0.9523,49,0,0.4025,5280.0,9,0,1,0,1.0,0
0.0188,62,0,0.2367,11889.0,9,0,1,0,2.0,0
0.1459,30,0,0.2873,4965.0,8,0,1,0,0.0,0
0.6514,74,0,0.6568,7353.0,8,0,1,0,1.0,0
0.9045,36,0,0.5491,2992.0,14,0,0,0,0.0,0
6.204,63,0,0.2935,10793.0,10,0,1,0,2.0,0
0.4336,48,0,0.2353,17162.0,8,0,3,0,1.0,0
1.422,50,0,0.8805,5405.0,11,0,0,0,2.0,0
0.1276,49,0,0.2878,,12,0,1,0,0.0,0
1.0399,56,0,0.9482,8276.0,4,0,0,0,3.0,0
0.219,58,0,0.5524,3510.0,7,0,0,0,0.0,0
0.1662,67,0,0.6636,,9,0,2,0,1.0,0
0.6002,72,0,0.4191,5746.0,11,0,0,0,2.0,0
0.3756,57,0,0.1407,1235.0,8,0,3,0,1.0,0
0.025,76,0,0.3613,6135.0,7,0,1,0,0.0,0
1.0863,53,0,0.5291,3527.0,6,0,1,0,0.0,0
0.5025,67,0,0.4266,3543.0,5,0,0,0,0.0,0
0.0156,58,1,0.5864,2477.0,10,0,2,0,0.0,0
1.0459,44,0,0.2866,,8,0,1,0,0.0,0
0.4557,55,0,0.3319,7299.0,14,0,0,0,0.0,0
0.6703,59,0,0.5585,6272.0,12,0,0,0,0.0,0
0.0265,52,0,0.2217,,5,0,1,0,2.0,0
0.0923,58,0,0.4213,15618.0,6,0,2,0,0.0,0
0.0402,64,0,0.5691,2888.0,4,0,0,0,1.0,0
0.3241,52,0,0.2069,12910.0,5,0,1,0,0.0,0
7.8894,21,0,0.0862,9216.0,5,0,1,0,0.0,0
0.7725,75,0,0.2514,6605.0,9,0,0,0,1.0,0
0.2565,48,0,0.6188,,6,0,0,0,0.0,0
0.452,40,2,0.1672,8800.0,8,2,1,0,0.0,0
0.9015,36,0,0.8401,10156.0,4,0,2,0,0.0,0
0.0448,47,0,0.3755,5749.0,7,0,2,0,1.0,0
0.9286,44,1,0.6704,,8,0,0,0,2.0,0
0.4786,42,0,0.4438,,5,0,1,0,0.0,0
0.8561,42,0,0.8351,4865.0,4,0,4,0,1.0,0
0.4252,59,2,0.6096,2794.0,10,0,3,0,0.0,0
0.871,80,0,0.573,10210.0,4,0,1,0,0.0,0
0.4134,63,0,0.5283,4858.0,9,0,1,0,1.0,0
0.6096,68,0,0.6368,5820.0,6,0,3,0,3.0,0
0.4802,47,0,0.4791,4690.0,12,0,3,0,1.0,0
0.4235,53,0,0.7998,10793.0,7,0,2,0,2.0,0
0.0512,58,0,0.1293,3631.0,8,0,2,0,1.0,0
0.161,43,0,0.2027,6614.0,3,0,1,0,2.0,0
0.6239,46,0,1.1353,6336.0,10,0,1,0,0.0,0
0.0664,64,0,0.6724,6591.0,8,0,1,0,0.0,0
0.4012,67,0,0.6753,9912.0,14,0,1,0,0.0,0
0.4452,53,0,0.4402,2569.0,13,0,0,0,,0
0.4573,35,0,0.6469,8657.0,13,0,0,0,0.0,0
0.2705,48,0,0.7586,2415.0,9,0,1,0,0.0,0
0.7557,32,0,0.4233,6732.0,2,0,0,0,2.0,0
0.6757,53,1,0.7295,5236.0,5,0,0,0,2.0,1
0.3864,56,0,0.4147,4109.0,9,0,0,0,2.0,0
0.2234,48,0,0.9299,5186.0,6,0,0,0,0.0,0
0.1621,55,0,0.4379,6497.0,5,0,0,0,2.0,0
0.0813,58,0,0.7828,,8,0,0,0,,0
1.4851,56,0,0.027,6488.0,10,0,3,0,0.0,0
0.1828,35,0,0.5689,,8,0,1,0,1.0,0
0.8658,48,0,0.0572,,12,0,1,0,1.0,0
3.5013,58,0,0.6588,4945.0,4,0,0,0,1.0,0
0.314,74,0,0.4745,7674.0,7,0,1,0,0.0,0
0.3429,48,0,0.274,6128.0,6,0,1,0,2.0,0
0.0036,60,0,0.8215,6301.0,13,0,0,0,2.0,0
0.1662,64,0,0.075,9945.0,3,0,0,0,1.0,0
0.314,49,2,0.4306,3433.0,4,0,3,0,1.0,0
0.2099,68,0,0.4194,9062.0,7,0,0,0,2.0,0
0.3444,69,0,0.5375,,6,0,0,0,0.0,0
0.3789,71,0,0.4984,5673.0,7,0,3,0,0.0,0
0.4668,58,2,0.0438,5854.0,9,0,1,0,1.0,0
0.9364,85,0,0.8131,,5,0,0,0,,0
0.1733,43,0,0.7972,5031.0,9,0,0,0,1.0,0
1.1931,82,0,0.6953,8213.0,8,0,1,0,3.0,0
1.1306,63,0,0.2304,8151.0,9,0,0,0,0.0,0
1.953,71,0,0.2073,5891.0,14,0,1,0,0.0,0
0.4048,48,0,0.1188,14899.0,8,0,1,0,1.0,0
0.6088,64,0,0.2559,3499.0,7,0,2,0,0.0,0
0.44,72,0,1.0062,,14,0,0,0,2.0,0
0.0197,37,0,0.6878,8286.0,8,0,1,0,1.0,0
2.6712,50,0,0.3802,,5,0,0,0,1.0,0
0.092,22,0,0.4057,5786.0,6,0,0,0,0.0,0
0.0068,50,0,1.084,11525.0,5,0,1,0,2.0,0
0.3483,41,1,0.6619,,2,0,1,0,0.0,0
0.146,49,0,0.4183,6068.0,8,0,1,0,0.0,0
0.5927,93,0,0.3392,4837.0,9,0,0,0,2.0,0
1.7491,76,0,0.203,3125.0,8,0,2,0,1.0,0
2.9682,32,3,0.1953,5401.0,5,0,2,1,0.0,1
0.6925,60,0,0.7391,6920.0,6,0,1,0,0.0,0
0.0477,63,0,0.859,3893.0,8,0,1,0,1.0,0
1.4992,47,0,0.1747,4509.0,6,0,0,0,1.0,0
0.7918,54,0,0.1199,7900.0,14,0,0,0,0.0,0
0.2301,56,0,0.3486,8065.0,9,0,1,0,2.0,0
0.3843,33,0,0.677,4971.0,7,0,1,0,0.0,0
3.4007,38,0,0.4697,3261.0,7,0,1,0,0.0,0
0.2208,54,0,0.4343,17730.0,7,0,0,0,1.0,0
0.1295,53,0,0.5486,7080.0,9,0,1,0,0.0,0
0.2432,42,0,0.5212,9953.0,4,0,1,0,1.0,0
0.7394,41,0,0.2195,4797.0,8,0,1,0,2.0,0
0.0034,51,0,0.1734,4534.0,6,0,1,0,1.0,0
0.4604,64,0,0.4895,,13,0,2,0,0.0,0
0.0721,51,0,0.329,1704.0,9,0,3,0,1.0,0
0.77,75,0,0.1308,3018.0,12,0,0,0,0.0,1
0.4274,42,0,0.6918,,3,0,1,0,3.0,0
0.8709,55,0,0.3256,,4,0,1,0,1.0,0
0.3179,47,0,0.725,,8,0,2,0,1.0,0
0.3941,60,0,0.0462,5717.0,5,0,0,0,1.0,0
0.24,41,0,0.5657,2927.0,13,0,4,0,1.0,0
0.4582,79,0,0.0873,5923.0,8,0,0,0,1.0,0
0.2909,28,0,0.1824,3901.0,12,0,2,0,0.0,0
0.4838,76,0,0.2553,2396.0,10,0,0,0,,0
0.8628,53,1,1.016,11090.0,10,0,1,0,0.0,0
0.109,60,0,0.7529,14600.0,13,0,0,0,1.0,0
0.2892,71,0,1.3657,2549.0,4,0,1,0,0.0,0
0.3655,64,0,0.4733,,11,0,3,0,1.0,0
0.4933,42,0,0.5607,9883.0,5,0,3,0,0.0,0
0.6055,60,2,0.2244,19587.0,13,0,1,0,,0
0.191,78,0,0.0749,,11,0,2,0,1.0,0
0.1805,40,0,0.5251,1434.0,7,0,2,0,0.0,0
0.4417,82,0,0.1176,7636.0,8,0,1,0,2.0,0
0.2933,57,0,0.1787,6703.0,10,0,1,0,2.0,0
0.8485,46,0,0.5579,4850.0,3,0,2,0,1.0,1
1.2945,39,0,0.6088,7608.0,7,0,1,3,2.0,0
1.9133,49,0,0.4801,16934.0,4,0,0,0,1.0,0
0.2321,25,0,0.0098,5621.0,13,0,0,0,0.0,0
0.3631,46,0,0.0974,3266.0,8,0,1,0,1.0,0
0.2168,48,0,0.9457,11754.0,9,0,0,0,2.0,0
0.0929,37,0,0.7973,1882.0,9,0,2,0,0.0,0
0.5596,62,0,0.3798,3757.0,4,0,0,0,0.0,0
0.3462,49,0,0.5034,14931.0,3,0,2,0,0.0,0
0.2304,43,0,0.2363,5175.0,8,0,2,0,0.0,0
0.4491,47,0,0.1584,,11,0,0,0,2.0,0
0.067,57,0,1.0634,,6,0,3,0,0.0,0
1.1532,53,0,0.5136,8236.0,9,0,2,0,0.0,0
0.4564,42,0,0.7733,3811.0,8,0,0,0,,0
0.0856,54,0,0.3867,7784.0,5,0,2,0,1.0,0
0.1138,51,0,0.6166,4815.0,5,0,2,0,1.0,0
0.6193,36,0,0.4959,8905.0,10,0,0,0,2.0,0
0.8233,48,0,0.7294,,11,0,0,0,1.0,1
0.6545,60,0,0.5735,2941.0,9,0,1,0,0.0,0
4.6049,60,2,0.0447,,12,0,0,1,2.0,0
0.79,49,1,0.7026,6530.0,12,0,1,0,1.0,0
0.0024,61,0,0.6163,5693.0,8,0,2,0,1.0,0
4.2352,38,2,0.6959,,8,0,1,3,0.0,0
5.6931,39,0,0.3107,7033.0,13,0,0,0,0.0,0
0.4569,48,0,0.0455,10099.0,6,0,0,0,1.0,0
0.5003,73,0,0.2895,38575.0,8,0,0,0,0.0,0
1.0119,54,0,0.3605,11151.0,7,0,0,0,1.0,0
0.5105,48,0,0.3796,4759.0,5,0,2,0,1.0,0
0.8167,74,0,0.6548,19591.0,2,0,1,0,2.0,0
0.3114,48,0,0.9902,5611.0,7,0,2,0,2.0,0
0.1601,83,0,0.2332,13295.0,6,0,0,0,0.0,1
0.2963,45,0,0.3245,5028.0,11,0,2,0,2.0,0
0.3445,38,0,0.9602,4251.0,3,0,0,0,0.0,0
0.0897,50,0,0.8425,,9,0,1,0,1.0,0
0.3414,49,0,0.6595,8154.0,6,1,2,1,2.0,0
0.3934,41,0,0.4725,5589.0,6,0,1,0,0.0,0
0.4345,88,0,0.3426,2309.0,4,0,1,0,1.0,0
0.9865,56,0,0.0793,,6,0,0,0,0.0,0
0.7617,58,0,0.6707,4324.0,9,0,0,0,0.0,0
0.2811,46,0,0.9413,18484.0,10,0,1,0,1.0,0
0.3349,44,0,0.2333,1131.0,4,0,0,0,1.0,0
0.7645,66,0,0.9977,5316.0,14,0,1,0,2.0,0
0.2612,29,0,0.1508,5116.0,11,0,0,0,1.0,0
0.1473,36,0,0.5679,8151.0,9,0,0,0,1.0,0
0.3614,49,2,0.7258,10242.0,7,0,0,2,0.0,0
2.1977,71,0,0.1579,3840.0,3,1,0,0,0.0,0
0.0619,47,0,0.9295,13468.0,8,0,2,0,1.0,0
0.268,58,0,0.2473,3685.0,9,0,4,0,2.0,0
0.4202,52,0,0.5749,1702.0,9,0,1,0,2.0,0
1.6779,70,0,0.6819,7458.0,6,0,1,0,0.0,0
0.2824,30,0,0.1563,6222.0,9,0,0,0,2.0,0
0.2861,62,0,0.8138,10625.0,11,0,0,0,1.0,0
2.5439,49,2,0.6039,7114.0,4,0,0,0,0.0,0
0.36,65,0,1.0696,15567.0,13,0,0,0,0.0,0
0.6855,41,0,0.2206,4093.0,9,0,1,0,0.0,0
0.2059,52,0,0.3196,12701.0,2,0,1,0,0.0,0
0.0868,51,0,0.6719,,5,0,0,0,0.0,0
0.1507,38,0,0.4104,10265.0,11,0,4,0,0.0,0
0.0261,34,0,0.5371,,9,0,1,0,0.0,0
0.3427,44,0,0.0259,4121.0,14,0,0,0,0.0,0
0.0123,54,1,0.7665,4232.0,6,0,1,0,3.0,0
0.0783,41,0,0.8504,,10,0,2,0,0.0,0
0.0866,47,0,0.861,4785.0,8,0,1,0,1.0,0
0.3366,26,0,0.5621,17942.0,3,0,1,0,0.0,0
0.0616,47,0,0.4856,,7,0,1,0,1.0,0
0.1979,66,0,0.3875,5135.0,9,0,0,0,,0
0.2278,62,0,0.3569,4649.0,8,0,1,0,0.0,0
0.7428,51,0,0.154,3180.0,8,0,2,0,0.0,0
0.3869,55,0,0.9023,10060.0,5,0,1,0,2.0,0
0.2575,40,0,0.4945,,8,0,0,0,1.0,0
0.4033,75,0,0.4275,4022.0,12,0,2,0,,0
1.5556,81,0,0.2034,8290.0,13,0,0,0,1.0,1
0.4455,54,0,0.3723,2451.0,10,0,0,0,2.0,0
0.0379,88,0,0.0636,,4,0,1,0,2.0,0
0.2236,42,0,0.6179,,6,0,3,0,0.0,0
0.0588,34,0,1.1085,1970.0,7,0,1,0,2.0,0
0.2644,42,0,0.7324,5000.0,12,0,0,0,1.0,0
0.1254,49,0,0.1427,,8,0,2,0,1.0,0
0.6648,84,0,0.7477,12872.0,7,0,1,0,1.0,0
0.3566,48,0,0.217,11225.0,4,0,0,0,0.0,0
0.9109,40,0,0.7828,4526.0,8,0,3,0,1.0,0
0.4724,39,0,0.3443,16734.0,13,0,1,0,0.0,0
0.8899,68,0,0.7577,4098.0,7,0,2,0,3.0,0
0.8376,66,0,0.8686,9282.0,7,1,1,0,1.0,0
0.1246,45,0,0.717,10228.0,10,0,0,0,1.0,0
0.6877,26,0,0.3636,3628.0,12,0,0,0,1.0,1
0.5606,36,0,0.1967,7724.0,12,0,2,0,0.0,0
0.3196,76,0,0.2026,4282.0,10,0,1,0,1.0,0
0.0711,62,0,0.3348,2593.0,8,0,1,0,0.0,0
0.0535,53,0,0.7024,11400.0,6,0,2,0,0.0,0
0.2832,78,0,0.5427,5546.0,7,0,3,0,1.0,0
0.3177,79,0,0.2375,,9,0,2,0,0.0,0
0.346,51,0,0.6549,,9,0,1,0,0.0,0
0.1265,52,0,0.2117,2571.0,12,0,2,0,1.0,0
0.1705,44,0,0.0902,19526.0,12,0,1,0,1.0,0
0.4498,48,0,0.6064,5320.0,18,0,2,0,1.0,0
0.4137,31,0,0.3667,2469.0,7,0,4,0,1.0,0
0.1095,31,0,0.4762,,6,0,1,0,1.0,0
0.2332,28,0,0.7984,2814.0,4,0,2,0,0.0,0
0.381,67,0,0.8075,1993.0,8,0,3,0,1.0,0
0.2384,30,0,0.6249,,14,0,0,0,0.0,0
0.0094,79,0,0.7878,5791.0,8,0,0,0,0.0,0
0.6116,42,0,0.2985,2367.0,11,0,0,0,0.0,0
0.1632,76,0,0.4247,1435.0,6,0,1,0,0.0,0
1.6618,47,0,0.3729,5879.0,4,0,1,0,2.0,0
2.6917,30,0,1.001,11302.0,6,0,1,0,2.0,0
0.5269,70,0,0.2669,10377.0,7,0,1,0,1.0,0
2.2804,72,0,0.3961,,9,0,0,0,1.0,0
0.6284,39,0,0.9597,4867.0,8,0,1,0,2.0,0
0.3192,47,0,0.7538,5465.0,7,0,0,0,0.0,0
0.0106,39,0,0.5098,17617.0,3,0,0,0,1.0,0
1.5014,50,0,0.556,4723.0,6,0,3,0,2.0,0
0.5316,54,0,0.598,,8,0,0,0,0.0,0
0.3663,47,0,0.6571,1965.0,13,0,1,0,0.0,0
0.3807,27,0,0.3197,4087.0,8,0,1,0,1.0,0
0.357,44,0,0.7934,6909.0,11,0,1,0,1.0,0
0.367,62,0,0.0622,1944.0,5,0,3,0,0.0,0
0.7566,49,0,0.5821,11836.0,9,0,0,0,0.0,0
0.0496,47,0,0.3318,6354.0,7,0,0,0,1.0,0
0.5303,39,0,0.0348,5694.0,7,0,2,0,2.0,0
0.0994,43,0,0.3011,4652.0,6,0,1,0,1.0,0
0.3424,72,0,0.2488,6402.0,3,0,0,0,1.0,1
0.4067,36,0,0.3922,4327.0,9,0,2,0,0.0,0
0.8601,62,0,0.335,2146.0,11,0,0,0,0.0,0
0.0207,53,0,0.2847,4431.0,7,0,2,0,1.0,0
1.9483,55,0,0.5249,2291.0,8,0,1,0,1.0,0
0.3836,42,0,0.4879,6653.0,8,0,1,0,2.0,0
0.5819,47,5,0.214,,12,0,2,0,0.0,0
0.6796,52,0,0.6045,4062.0,11,0,1,0,2.0,0
0.7787,45,0,0.2507,5685.0,7,0,1,0,0.0,0
0.6175,57,0,0.1001,6058.0,7,0,1,0,0.0,0
1.7395,58,0,0.2016,1891.0,7,0,2,0,3.0,0
1.0006,82,0,0.3409,9529.0,10,0,1,0,1.0,0
1.5808,56,0,0.5138,2780.0,8,0,0,0,0.0,0
1.3406,25,1,0.5982,1100.0,9,0,0,0,0.0,0
1.142,68,0,0.0241,,6,0,1,0,1.0,0
0.6911,49,0,0.7449,4827.0,12,0,0,0,1.0,0
0.0234,80,0,0.3092,11066.0,7,0,1,0,1.0,0
0.4722,73,0,0.2079,,8,0,1,0,0.0,0
0.0565,45,0,0.8426,3435.0,11,0,1,0,1.0,0
0.9545,62,0,0.2708,5340.0,6,0,1,0,1.0,0
3.5622,44,0,0.7407,14450.0,14,0,0,0,0.0,0
0.3777,52,1,0.1638,,11,0,0,0,0.0,0
0.864,61,0,0.5564,6513.0,11,0,2,0,0.0,0
0.0309,68,0,0.9364,4884.0,3,0,3,0,0.0,0
1.5903,65,1,0.4159,,9,0,1,0,0.0,0
0.6864,53,0,0.1756,12010.0,7,0,3,0,0.0,0
0.9797,87,0,0.8671,4353.0,11,0,1,0,1.0,0
0.0458,47,0,0.4684,,4,0,0,0,1.0,0
0.4304,29,0,0.1994,2519.0,9,0,1,0,0.0,0
0.4752,32,0,0.4729,5618.0,6,0,0,0,0.0,0
0.9552,73,0,0.5191,5628.0,10,0,0,0,1.0,0
0.0651,51,0,0.3959,8321.0,9,0,1,0,0.0,0
2.1424,54,0,0.4111,3222.0,5,0,1,0,0.0,0
0.8473,44,0,0.1838,2797.0,13,0,0,0,0.0,0
0.1461,46,0,1.0724,3474.0,9,0,1,0,1.0,0
0.143,41,0,0.5913,6081.0,7,0,1,0,0.0,0
0.6268,59,0,0.729,,6,0,1,0,2.0,0
0.0006,51,0,0.5017,8205.0,5,0,0,0,2.0,0
3.5012,58,3,0.5253,7645.0,7,0,0,1,0.0,0
0.6319,57,0,0.6636,,7,0,0,0,0.0,0
0.4551,46,0,0.8141,4672.0,5,0,1,0,1.0,1
0.0885,32,0,0.8727,7290.0,6,0,1,0,0.0,0
1.0568,30,3,0.578,7144.0,11,0,1,0,0.0,0
0.4455,94,0,0.3997,2883.0,4,0,0,0,0.0,1
0.2312,73,0,0.6644,8600.0,5,0,1,0,2.0,0
0.9965,71,0,0.562,6818.0,10,0,1,0,4.0,0
7.9542,43,0,0.5431,3704.0,7,0,0,0,0.0,0
0.165,52,0,0.9169,8061.0,8,0,2,0,1.0,0
0.6689,41,0,0.5106,11965.0,9,0,0,0,0.0,0
0.2625,34,0,0.6976,5101.0,9,0,0,0,1.0,0
1.8904,44,2,0.7056,6330.0,6,0,0,2,2.0,0
0.431,71,0,0.3269,,9,0,1,0,1.0,0
0.353,64,0,0.4252,,7,0,1,0,0.0,0
2.4192,38,0,0.2337,4962.0,5,0,0,0,1.0,0
0.5045,48,0,0.1311,6321.0,15,0,2,0,0.0,0
1.4372,62,0,0.5275,11460.0,10,0,2,0,0.0,0
0.4689,44,0,0.2301,12033.0,7,0,3,0,0.0,0
0.1447,53,0,0.314,8364.0,8,0,2,0,2.0,1
0.6215,58,0,0.5989,14461.0,11,0,0,0,1.0,0
0.4356,57,2,0.2313,4568.0,10,0,0,0,0.0,0
0.2311,56,0,0.2255,19800.0,5,0,2,0,1.0,0
0.2528,43,0,0.9175,7691.0,12,0,1,0,1.0,0
0.1439,44,0,0.5824,,10,0,4,0,1.0,0
0.0923,36,0,0.7101,,5,0,0,0,2.0,0
0.3514,30,0,0.1989,4768.0,5,0,1,0,0.0,0
0.0721,50,0,0.9861,4697.0,8,0,0,0,1.0,0
0.1734,63,0,0.5571,3224.0,1,0,1,0,2.0,0
0.255,33,1,0.6659,3742.0,9,0,1,0,0.0,0
5.3497,56,0,0.3452,39453.0,13,0,1,0,0.0,0
2.1939,63,0,0.1714,,9,0,3,0,0.0,0
0.4355,26,0,0.1429,18049.0,5,0,2,0,0.0,0
0.4632,48,0,0.6124,2137.0,5,0,2,0,0.0,0
0.0116,75,0,0.0604,6607.0,7,0,2,0,1.0,0
0.4,60,0,0.0711,1270.0,4,0,3,0,0.0,0
0.4003,26,1,0.0249,,7,0,1,0,1.0,0
0.1232,61,0,0.1981,9807.0,15,0,0,0,1.0,0
0.4397,42,0,0.46,3429.0,8,0,2,0,1.0,0
0.5179,62,0,0.6656,5961.0,10,0,2,0,1.0,0
0.6162,42,0,0.5976,,10,0,0,0,0.0,0
0.9646,51,0,0.578,13978.0,12,0,0,0,1.0,0
0.8496,44,0,0.4298,5370.0,8,0,3,0,0.0,0
5.2666,52,0,0.5947,,3,0,2,0,1.0,0
0.2182,44,0,0.7756,12417.0,6,0,1,0,,0
0.0153,49,0,0.9106,10251.0,14,0,2,0,1.0,0
0.3831,36,0,0.9148,,6,0,1,0,2.0,0
0.5074,59,0,0.4435,3881.0,5,0,1,0,2.0,0
0.6936,54,0,0.1181,5566.0,8,0,0,0,1.0,0
0.0722,29,0,1.026,9824.0,3,0,1,0,2.0,0
4.7063,66,0,0.0491,,8,0,2,0,0.0,0
0.4184,50,0,0.3975,12920.0,3,0,2,0,1.0,0
0.4097,54,0,0.1635,,4,0,1,0,1.0,0
0.3002,63,0,0.4189,5058.0,9,0,1,0,0.0,0
2.7638,57,0,0.3858,3537.0,7,0,2,0,1.0,0
0.6646,68,0,0.552,,5,0,2,0,0.0,1
0.2761,48,2,0.6189,3933.0,9,0,1,0,2.0,0
0.7535,66,0,0.3176,4024.0,10,0,0,0,0.0,0
0.7762,54,0,0.4729,5225.0,6,0,1,0,0.0,0
3.1006,59,4,0.3203,,7,0,1,2,1.0,0
0.1804,58,0,0.429,2302.0,8,0,1,0,0.0,0
0.6063,69,0,0.2998,15475.0,5,0,1,0,0.0,0
0.6121,62,0,0.2214,9570.0,9,0,1,0,1.0,0
0.0871,46,3,0.3685,24584.0,6,0,2,0,1.0,0
0.3646,43,0,0.6445,5102.0,2,0,5,0,1.0,0
0.0766,51,0,0.4355,7332.0,6,0,1,0,2.0,0
0.7506,41,0,0.6975,2067.0,7,0,1,0,2.0,0
0.5792,37,0,0.4003,2120.0,8,0,5,0,1.0,0
0.4842,22,0,0.4002,5785.0,10,0,0,0,1.0,0
1.8533,30,0,0.557,3180.0,6,0,0,0,0.0,0
2.0984,80,0,0.8729,4819.0,11,0,2,0,0.0,0
0.7588,43,0,0.4847,3312.0,7,0,0,0,1.0,0
0.5944,79,0,0.5045,,13,0,0,0,1.0,1
0.02,58,0,0.5492,5194.0,5,0,3,0,0.0,0
0.2276,51,0,0.1333,,11,0,4,0,1.0,0
0.1746,31,0,0.7068,5017.0,10,0,1,0,2.0,0
0.7686,52,0,0.5697,9063.0,6,0,2,0,1.0,0
0.1298,78,0,0.4936,3158.0,12,0,0,0,0.0,0
0.1716,74,3,0.7465,13268.0,10,0,0,0,1.0,0
0.354,56,0,0.4425,2164.0,7,0,0,0,1.0,0
4.4198,36,0,0.6114,7751.0,10,0,1,0,0.0,0
0.098,39,0,0.1335,,7,0,0,0,0.0,0
0.6308,40,0,0.6418,8563.0,12,0,1,0,0.0,0
0.4274,70,0,0.7971,,11,0,1,0,1.0,1
0.4663,75,0,1.0454,3284.0,12,0,2,0,0.0,0
0.6786,55,0,0.7223,3895.0,12,0,0,0,1.0,0
0.0509,48,0,0.6847,6807.0,11,0,0,0,2.0,0
0.0197,74,0,0.4593,3918.0,5,0,3,0,1.0,0
1.0054,38,0,0.565,7719.0,6,0,0,0,0.0,0
0.0224,53,0,0.1515,6138.0,5,0,1,0,1.0,0
0.2002,58,0,0.3418,5782.0,3,0,1,0,0.0,0
0.9192,40,2,0.1979,,10,0,1,0,2.0,0
0.0882,43,0,0.5784,17558.0,6,0,0,0,2.0,0
0.4977,42,0,0.3166,,8,0,2,0,1.0,0
0.9416,72,0,0.7295,2974.0,9,0,1,0,1.0,1
0.6105,79,0,0.0638,8366.0,9,0,1,0,0.0,0
0.6385,54,0,0.9805,1406.0,4,0,0,0,0.0,0
4.4804,48,0,0.783,1971.0,13,0,0,0,1.0,0
0.3949,44,0,0.7333,8734.0,10,0,1,0,1.0,0
0.766,52,0,0.1791,7587.0,12,0,0,0,2.0,0
0.0274,44,0,0.2582,2732.0,3,0,1,0,1.0,0
0.229,51,0,0.6234,8548.0,14,0,1,0,1.0,0
0.1609,58,0,0.7826,12761.0,3,0,2,0,0.0,0
0.7056,46,0,0.466,,11,0,1,0,0.0,0
0.1364,49,0,0.7736,5798.0,5,0,0,0,1.0,0
0.3517,49,0,0.7007,6229.0,8,0,0,0,2.0,0
2.3458,48,0,0.0947,5786.0,9,0,1,0,0.0,0
0.082,46,0,0.3922,,8,0,0,0,0.0,0
0.3789,63,0,0.964,4537.0,9,0,2,0,0.0,0
0.5117,27,0,0.117,9266.0,6,0,0,0,0.0,0
0.1852,74,0,0.3111,11729.0,8,0,0,0,0.0,1
0.9989,54,0,0.4277,,6,0,1,0,0.0,0
0.5483,61,0,0.9856,5715.0,11,0,2,0,0.0,0
0.5938,62,0,0.1191,6648.0,6,0,0,0,1.0,0
0.5517,42,0,0.8013,,11,0,1,0,0.0,1
1.0382,39,0,0.1762,2295.0,9,0,1,0,0.0,0
0.5902,38,0,0.4205,7726.0,9,0,1,0,2.0,0
2.5338,49,0,0.042,4109.0,7,0,0,0,1.0,0
0.5676,62,0,0.4303,8090.0,3,0,1,0,1.0,0
1.7438,44,1,0.292,7558.0,9,1,0,5,0.0,0
0.2398,61,0,1.0213,2662.0,7,0,2,0,0.0,0
0.5385,21,0,0.1705,4911.0,10,0,0,0,1.0,0
0.1458,47,0,0.2685,,8,0,1,0,1.0,0
0.3459,68,0,0.2296,2432.0,4,0,2,0,1.0,0
0.3053,50,0,0.4473,,13,0,1,0,1.0,0
0.2855,40,0,0.9161,10042.0,6,0,0,0,0.0,0
0.6176,43,0,0.0242,2077.0,5,0,2,0,2.0,0
1.7568,21,0,0.9158,4374.0,10,0,0,0,1.0,1
0.6336,38,0,0.3379,4331.0,8,0,0,0,,0
0.0986,67,0,0.0555,1907.0,6,0,2,0,0.0,0
0.6455,44,0,0.3824,2930.0,10,0,0,0,0.0,0
0.3761,45,0,0.4999,,6,0,0,0,1.0,0
0.5406,21,0,0.3051,3258.0,7,0,1,0,1.0,0
2.8831,29,0,0.1909,5661.0,5,0,1,0,0.0,0
0.0815,69,0,0.9262,2863.0,3,0,0,0,0.0,0
0.2925,61,0,0.2432,6690.0,8,0,1,0,1.0,0
0.4772,34,0,0.4015,6587.0,5,0,0,0,0.0,0
0.7779,43,0,0.4844,3416.0,7,0,1,0,0.0,1
0.7021,52,0,0.4032,9124.0,7,0,1,0,1.0,0
1.2943,35,2,0.3468,2804.0,5,1,1,0,0.0,0
0.6118,24,0,0.1289,1194.0,10,0,4,0,0.0,1
1.2097,50,0,0.5625,4076.0,7,0,2,0,1.0,0
0.0705,60,0,0.2808,2542.0,7,0,0,0,3.0,0
0.7226,60,0,0.2253,4710.0,6,0,0,0,1.0,0
0.0268,64,0,0.3955,6628.0,7,0,2,0,2.0,0
0.349,30,0,0.2213,,8,0,2,0,0.0,0
0.0781,53,0,0.1238,,9,0,1,0,1.0,0
0.5069,48,0,0.2661,,5,0,0,0,0.0,0
0.4537,51,0,0.9093,8801.0,10,0,2,0,0.0,0
0.3071,49,0,0.4787,7478.0,8,0,0,0,0.0,0
0.1788,43,0,0.1098,5545.0,10,0,1,0,4.0,0
0.2196,21,0,0.4207,9217.0,4,0,0,0,1.0,1
0.0352,68,0,1.5743,,7,0,1,0,2.0,0
0.1637,57,0,0.4794,4611.0,12,0,1,0,3.0,0
0.1226,31,0,0.8411,,12,0,0,0,1.0,0
0.7525,59,0,1.0302,4391.0,5,0,0,0,1.0,0
2.4074,46,0,0.2937,7024.0,12,0,0,0,0.0,0
0.526,46,0,0.8048,1362.0,3,0,2,0,1.0,0
0.6917,41,0,0.2134,7056.0,6,0,4,0,1.0,0
0.0472,60,0,0.4151,7216.0,8,0,2,0,1.0,0
1.1096,41,0,0.2979,1797.0,4,0,0,0,0.0,0
1.3339,37,0,0.5499,23072.0,11,0,0,0,0.0,0
1.6052,68,0,0.7082,3697.0,8,0,2,0,0.0,0
0.4141,49,2,0.7218,,6,0,1,1,1.0,0
0.4189,50,0,0.0715,7865.0,11,0,3,0,1.0,0
0.0131,62,0,0.8849,8832.0,9,0,1,0,1.0,0
1.201,43,0,0.2899,7008.0,9,0,2,0,0.0,0
0.2779,45,0,0.554,8423.0,2,0,0,0,1.0,0
0.4176,56,0,0.1993,5663.0,15,0,1,0,0.0,0
0.4227,30,0,0.7056,,9,0,1,0,0.0,0
2.2157,55,0,0.2705,10587.0,8,0,1,0,1.0,0
0.6055,41,0,0.6893,8918.0,13,0,0,0,0.0,0
0.2124,64,0,0.3038,8120.0,8,0,3,0,0.0,0
0.0131,60,0,1.3051,5304.0,9,0,2,0,0.0,0
0.5789,58,0,0.0912,1955.0,7,0,1,0,1.0,0
0.1744,30,0,0.8395,9399.0,8,0,1,0,1.0,0
5.8161,51,0,0.3544,,7,0,0,0,3.0,0
0.2219,36,0,0.9812,9482.0,6,0,1,0,0.0,0
3.1603,51,0,0.4725,,5,0,2,0,0.0,0
2.6655,21,0,0.7094,5064.0,7,0,0,0,1.0,0
0.1284,30,0,0.1667,8635.0,2,0,0,0,0.0,0
0.0223,69,0,1.0123,17334.0,10,0,2,0,0.0,0
0.4868,57,0,0.348,6345.0,8,0,1,0,1.0,0
1.3668,47,0,0.438,6648.0,6,0,1,0,1.0,0
0.8351,39,0,0.2291,5429.0,11,0,0,0,1.0,0
0.8021,37,0,0.4209,,10,0,0,0,1.0,0
0.1805,55,0,0.049,1787.0,11,0,6,0,0.0,0
2.9711,47,0,0.9272,10895.0,13,0,1,0,2.0,0
0.5525,74,0,0.3304,,11,0,1,0,1.0,0
0.1649,49,0,0.4744,,5,0,1,0,1.0,0
0.3559,53,0,0.3341,,4,0,0,0,1.0,0
3.7741,33,0,0.448,3990.0,6,0,2,0,1.0,0
0.6584,47,0,0.4172,4564.0,3,0,1,0,0.0,0
0.2308,54,0,0.48,13276.0,5,0,0,0,2.0,0
0.3808,47,0,0.264,2035.0,8,0,1,0,,0
2.4694,45,1,0.077,5316.0,10,0,1,1,0.0,0
6.6283,57,0,0.1476,1539.0,5,1,1,0,1.0,0
2.0341,73,0,0.9516,4530.0,7,0,1,0,0.0,0
0.116,54,0,0.4669,,6,0,1,0,1.0,0
0.6733,68,0,0.2604,7503.0,10,0,1,0,0.0,0
0.3237,61,0,0.194,5558.0,13,0,0,0,1.0,0
0.8171,67,0,0.5119,4617.0,7,0,0,0,1.0,0
1.0778,43,0,0.8725,,7,0,0,0,1.0,0
0.4391,49,0,0.0592,4991.0,13,0,1,0,1.0,0
0.193,49,0,0.5645,,15,0,2,1,3.0,0
0.21,60,0,0.4593,4179.0,6,0,1,0,0.0,0
0.1555,63,0,0.1615,3910.0,6,0,0,0,0.0,0
4.7331,54,0,0.4012,1547.0,9,0,3,0,1.0,0
0.2939,64,0,0.632,,2,0,2,0,2.0,0
0.8593,44,3,0.3668,2624.0,14,0,2,0,3.0,0
0.0436,64,0,0.3659,5394.0,5,0,1,0,1.0,0
0.622,66,0,1.0123,5666.0,8,0,0,0,2.0,0
0.5092,61,0,0.5415,2808.0,11,0,2,0,0.0,0
0.1215,54,0,0.6029,9251.0,10,0,1,0,0.0,0
0.6335,62,0,0.4827,3727.0,9,0,1,0,,0
0.2989,39,0,0.4632,3110.0,2,0,0,0,0.0,0
0.9428,55,0,0.8999,,11,0,0,0,5.0,0
0.193,56,0,0.2922,,12,0,1,0,1.0,0
0.8724,33,2,0.6244,,9,1,1,1,,0
0.5825,59,0,0.7442,11569.0,6,0,1,0,2.0,0
3.9406,35,0,0.4316,3163.0,8,0,1,0,0.0,0
0.4748,46,0,0.5756,13069.0,9,0,1,0,2.0,0
0.4155,53,0,0.4621,,5,0,1,0,0.0,0
0.4286,42,0,0.665,5612.0,10,0,0,0,0.0,0
1.0183,53,0,1.0359,4665.0,11,0,1,0,3.0,0
1.6202,53,0,0.2066,3841.0,9,0,0,0,1.0,0
0.069,41,0,0.4407,10898.0,11,0,0,0,1.0,0
0.4719,60,0,0.0943,9661.0,13,0,1,0,0.0,0
0.4789,41,0,0.6651,2646.0,8,0,3,0,0.0,0
2.4875,84,0,0.6114,4034.0,12,0,1,0,1.0,0
0.3507,50,0,0.7785,13378.0,6,0,1,0,0.0,0
0.1175,36,0,0.0704,4745.0,5,0,3,0,1.0,0
0.2667,38,0,0.2718,3325.0,6,0,0,0,2.0,0
0.9551,68,0,0.7338,,6,0,1,0,1.0,1
0.3002,46,0,0.6012,3618.0,13,0,0,0,2.0,0
0.5039,33,0,0.4331,12441.0,8,0,0,0,0.0,0
0.1861,64,0,0.4139,5986.0,13,0,1,0,1.0,0
0.2954,46,0,0.7698,4105.0,12,0,1,0,0.0,0
0.4905,61,0,0.3217,2664.0,7,0,1,0,0.0,0
0.3252,65,0,1.1619,3957.0,7,0,2,0,1.0,0
0.0865,56,0,0.1715,,11,0,0,0,1.0,0
0.0882,86,0,0.5789,4923.0,5,0,2,0,0.0,0
0.3865,28,1,0.7429,9153.0,5,1,1,1,1.0,0
0.4759,41,0,0.8972,13451.0,6,0,2,0,0.0,0
0.0344,48,0,0.3084,3018.0,8,0,1,0,3.0,0
0.3333,84,0,0.6592,2179.0,7,0,0,0,,0
0.0105,77,0,0.461,,12,0,1,0,0.0,0
0.2811,70,0,0.0823,12803.0,10,0,2,0,0.0,0
0.8963,41,0,0.9991,4338.0,3,0,1,0,0.0,0
0.1389,43,0,0.4491,,8,0,0,0,0.0,0
0.3672,40,0,0.3971,4617.0,7,0,0,0,0.0,0
0.6443,41,0,1.1504,8290.0,10,0,1,0,1.0,0
1.7392,73,2,0.3805,2678.0,12,0,1,0,0.0,0
0.0991,49,0,0.8681,15800.0,10,0,1,0,,0
0.7478,50,0,0.2957,,7,0,1,0,2.0,0
0.6158,63,0,0.5887,15049.0,8,0,1,0,0.0,0
1.3655,29,0,0.831,1897.0,9,0,0,0,0.0,1
2.6319,53,1,0.403,4631.0,8,0,1,0,1.0,0
0.586,37,0,0.4919,,6,0,1,0,1.0,1
0.4574,48,0,0.554,4352.0,6,0,1,0,0.0,0
0.7502,44,0,0.664,10825.0,11,0,1,0,2.0,0
2.7133,43,0,0.5428,,7,0,1,0,1.0,0
0.4873,55,0,0.6608,9176.0,8,0,1,0,2.0,0
0.162,55,0,0.4331,4291.0,10,0,2,0,0.0,0
0.449,49,0,0.7021,19926.0,13,0,1,0,0.0,0
3.1314,57,0,0.6523,6697.0,7,0,1,0,0.0,0
0.6266,40,0,0.273,2687.0,5,0,1,0,1.0,0
0.0926,62,0,0.4271,,15,0,0,0,1.0,0
0.0556,49,0,0.8002,5651.0,11,0,1,0,0.0,0
0.0283,45,0,1.1524,,5,0,3,0,0.0,0
0.1565,41,0,0.2436,5351.0,9,0,1,0,0.0,0
0.1187,49,0,0.1073,,2,0,3,0,0.0,0
0.448,78,0,0.2021,13350.0,11,0,1,0,2.0,0
0.1539,51,0,0.7232,6453.0,6,0,2,0,3.0,0
0.1232,36,0,0.5971,4679.0,6,0,0,0,2.0,0
0.5974,65,0,0.0742,12953.0,12,0,0,0,0.0,0
0.3468,45,0,0.2087,1757.0,6,0,0,0,1.0,0
0.7136,56,0,0.3198,,9,0,0,0,0.0,0
0.4215,44,0,0.2295,6677.0,12,0,2,0,1.0,0
0.2023,70,0,0.6043,,11,0,0,0,0.0,0
0.0161,44,0,0.4072,2961.0,9,0,2,0,3.0,0
0.9428,72,0,0.1384,10718.0,12,0,0,0,2.0,1
0.3933,37,0,0.6917,5909.0,6,0,3,0,1.0,0
3.8566,48,0,0.6524,1990.0,10,0,1,0,1.0,0
0.0506,72,0,0.3765,,11,0,0,0,1.0,0
0.2171,54,0,0.3741,7765.0,7,0,3,0,0.0,0
0.1403,84,0,0.5032,3101.0,4,0,2,0,0.0,0
0.8529,48,0,0.6269,5448.0,8,0,0,0,1.0,0
4.2265,56,1,0.4015,14957.0,11,0,2,0,1.0,0
0.376,79,0,0.4582,11748.0,5,0,3,0,,0
0.0134,31,0,0.289,4193.0,7,0,2,0,3.0,0
0.1074,29,0,0.3637,3041.0,8,0,2,0,0.0,0
0.2405,41,0,0.9982,18124.0,6,0,1,0,1.0,0
0.4674,63,0,0.4289,12570.0,8,0,1,0,0.0,0
0.2037,29,0,0.1918,14314.0,13,0,1,0,0.0,0
3.8604,60,0,0.3724,4845.0,14,0,2,0,0.0,0
0.8576,59,0,0.0502,,10,0,0,0,2.0,0
0.3732,80,0,0.7084,3423.0,11,0,3,0,1.0,0
0.429,67,0,0.6185,5861.0,16,0,3,0,,0
0.1998,57,0,0.3947,9858.0,11,0,0,0,0.0,0
0.3736,71,0,0.9833,,9,0,0,0,2.0,0
3.4882,60,0,0.4518,3856.0,13,0,1,0,1.0,0
0.4555,46,0,0.0882,10134.0,6,0,1,0,1.0,0
0.4215,36,0,0.7454,5513.0,6,0,0,0,,0
0.5567,44,0,0.2526,4762.0,8,0,0,0,0.0,0
0.8423,51,0,0.3633,5922.0,8,0,0,0,0.0,0
0.1164,54,0,0.6049,,7,0,2,0,2.0,0
0.4665,22,0,0.1376,11157.0,11,0,0,0,1.0,0
1.1375,49,0,0.7134,3467.0,5,0,1,0,0.0,0
0.3583,52,0,0.8159,1676.0,6,0,0,0,0.0,0
0.2,60,0,0.4079,1188.0,7,0,3,0,0.0,0
0.3134,75,0,0.4098,6570.0,6,0,1,0,,0
0.0902,55,0,0.9814,19060.0,8,0,0,0,1.0,0
0.0414,39,0,0.1831,6197.0,8,0,1,0,1.0,0
0.9344,27,0,0.8831,9512.0,5,0,1,0,1.0,0
1.1611,62,0,0.1133,9193.0,11,0,0,0,0.0,0
0.4959,40,0,0.7593,5935.0,13,0,1,0,1.0,0
3.9829,64,0,0.6259,14281.0,10,0,1,0,0.0,0
6.29,72,0,0.922,5098.0,9,0,2,0,0.0,1
0.9936,30,0,0.7004,5304.0,9,0,1,0,2.0,0
0.1025,60,0,0.3426,1788.0,6,0,0,0,1.0,0
0.249,70,0,0.2702,3738.0,10,0,1,0,0.0,0
0.3018,66,0,0.6546,3805.0,12,0,2,0,2.0,0
1.8836,23,0,0.1355,6803.0,13,0,0,0,0.0,1
0.2531,40,0,0.3852,4235.0,8,0,1,0,0.0,0
0.3833,34,0,0.2283,5189.0,9,0,1,0,0.0,0
0.4074,59,0,0.2831,6308.0,10,0,2,0,0.0,0
0.3212,58,2,0.6797,5548.0,8,0,1,2,0.0,0
0.0283,21,0,0.503,4576.0,8,0,1,0,1.0,0
0.1814,48,0,0.3741,4560.0,3,0,1,0,1.0,0
1.2987,63,0,0.8977,,7,0,3,0,1.0,0
0.0618,54,0,0.7209,3456.0,5,0,1,0,,0
0.0249,54,0,0.2176,6261.0,11,0,0,0,1.0,0
0.0604,47,0,0.3086,3921.0,7,0,1,0,2.0,0
0.1586,37,0,0.4434,2535.0,10,0,3,0,1.0,0
0.3654,52,0,0.323,5312.0,14,0,1,0,0.0,0
0.3014,53,0,0.5825,5015.0,7,0,1,0,1.0,0
1.3881,61,0,0.7414,,10,0,0,0,0.0,0
0.6112,62,0,0.6881,2489.0,9,0,0,0,1.0,0
0.3946,53,0,0.5359,,7,0,1,0,0.0,0
3.2127,67,0,0.7808,6592.0,5,0,2,0,0.0,0
0.035,47,0,0.6712,,7,0,2,0,2.0,0
0.1559,32,0,0.9647,7144.0,9,0,1,0,0.0,0
0.884,59,0,0.7513,2404.0,9,0,0,0,0.0,1
0.1374,54,0,0.2145,18925.0,10,0,1,0,0.0,0
0.3922,59,0,0.3535,,7,0,1,0,2.0,0
0.1169,34,0,0.3917,4146.0,6,0,3,0,2.0,0
0.3769,77,0,0.9954,7279.0,7,0,1,0,1.0,0
0.8246,62,2,0.4554,5231.0,10,0,0,1,3.0,0
0.1408,48,0,0.3148,4261.0,8,0,1,0,0.0,0
0.1609,39,0,0.4885,2963.0,8,0,1,0,0.0,0
0.8096,67,3,0.4219,,6,0,0,0,0.0,0
1.6333,37,0,0.272,,5,0,2,0,0.0,0
0.641,84,0,0.5028,,6,0,0,0,1.0,0
0.264,43,0,0.3604,,12,0,1,0,2.0,0
0.2428,76,0,0.4632,9220.0,4,0,0,0,3.0,0
0.638,49,0,0.432,11881.0,8,0,1,0,1.0,0
2.171,74,0,0.2777,21762.0,4,0,3,0,0.0,0
0.7553,42,0,0.6349,,7,0,1,0,1.0,0
0.3573,52,0,0.071,4154.0,7,0,2,0,1.0,0
0.1708,63,0,0.8292,9323.0,3,0,2,0,0.0,0
0.4217,61,0,0.1638,4088.0,5,0,1,0,1.0,0
0.315,67,0,0.4285,15986.0,7,0,0,0,1.0,0
0.2243,45,0,0.4019,,8,0,0,0,0.0,0
0.0595,53,0,0.9988,3263.0,8,0,0,0,0.0,0
0.5034,69,0,0.4504,,5,0,2,0,0.0,0
0.2914,42,0,0.8004,1549.0,9,0,0,0,1.0,0
0.2619,60,0,0.5432,4004.0,10,0,1,0,0.0,0
0.9649,49,0,0.571,,10,0,0,0,1.0,0
0.5224,55,0,0.4768,7928.0,17,0,0,0,0.0,0
0.277,53,0,0.182,,7,0,1,0,2.0,0
0.0463,41,0,1.0807,4537.0,9,0,0,0,2.0,0
0.6594,48,0,1.0139,4071.0,5,0,0,0,1.0,0
0.9357,54,0,0.3823,2777.0,6,0,0,0,1.0,0
0.6031,51,0,0.3707,5651.0,11,0,0,0,0.0,0
1.7297,74,0,0.3004,,8,0,1,0,0.0,0
0.6845,66,0,1.4361,2751.0,6,0,1,0,0.0,1
1.7902,56,0,0.8081,7460.0,7,0,0,0,0.0,0
3.8037,41,1,0.501,,10,0,2,2,0.0,0
0.1936,40,0,0.1721,2225.0,6,0,1,0,0.0,0
0.3324,80,0,0.1731,,4,0,2,0,1.0,0
0.9049,38,4,0.4859,12741.0,6,0,1,3,0.0,0
0.6982,54,1,0.0912,,8,1,3,0,,0
0.3286,57,0,0.7326,5745.0,7,0,0,0,2.0,0
0.5571,48,0,0.4624,6195.0,6,0,2,0,0.0,0
0.0132,38,0,0.4472,14926.0,11,0,0,0,2.0,0
0.2524,41,0,0.4518,,8,0,2,0,0.0,0
1.1167,44,0,0.247,4049.0,12,0,1,0,1.0,0
0.225,42,0,0.5103,12103.0,7,0,2,0,1.0,0
0.2756,71,0,0.8525,4840.0,8,0,1,0,2.0,0
1.0731,52,0,0.4221,7943.0,11,0,0,0,1.0,0
0.1417,45,0,0.761,15364.0,6,0,0,0,0.0,0
0.6722,53,0,0.8191,,11,0,0,0,2.0,0
1.3365,61,1,0.4284,2568.0,9,1,1,0,2.0,0
0.6204,47,0,0.2952,,8,0,1,0,0.0,0
0.5843,65,0,0.0913,6232.0,11,0,0,0,1.0,0
0.9337,34,0,0.7008,5020.0,3,0,1,0,1.0,0
0.9457,68,0,0.2692,,9,0,3,0,1.0,0
0.0695,52,0,0.67,7251.0,7,0,2,0,0.0,0
0.6309,51,0,0.5656,5099.0,8,0,1,0,0.0,0
0.1611,42,0,0.5373,,11,0,2,0,2.0,0
0.9245,35,0,0.7444,9298.0,6,0,1,0,0.0,0
0.2717,29,2,0.6582,3221.0,13,0,1,2,0.0,0
0.575,41,0,0.1113,1864.0,7,0,3,0,1.0,1
0.7164,60,0,0.4419,10202.0,11,0,0,0,1.0,0
3.7571,39,0,0.0882,4579.0,11,0,1,0,1.0,0
0.7111,30,0,0.5522,7712.0,9,0,0,0,0.0,0
4.2644,39,0,0.4725,8356.0,6,0,1,0,1.0,0
0.5668,47,0,0.2544,11327.0,8,0,2,0,1.0,0
1.0651,47,0,0.3807,,6,0,0,0,1.0,0
0.0601,50,0,0.3818,1852.0,6,0,0,0,0.0,0
0.3769,66,0,0.3245,2760.0,8,0,1,0,3.0,0
0.0038,69,0,0.4178,7643.0,8,0,1,0,2.0,0
0.3627,80,0,0.2082,,4,0,0,0,0.0,0
0.0153,29,0,0.2417,4445.0,8,0,2,0,1.0,0
1.2267,40,0,0.2773,5418.0,5,0,1,0,0.0,0
1.8086,62,0,0.5455,6950.0,3,0,2,0,0.0,0
0.6837,46,0,0.4805,3911.0,11,0,2,0,0.0,0
5.0505,64,0,0.0181,2613.0,4,0,0,0,0.0,0
0.1684,55,1,0.5026,10753.0,11,0,0,0,0.0,0
0.8823,74,0,0.2242,4850.0,11,0,2,0,1.0,0
0.3156,67,0,0.5133,,9,0,1,0,0.0,0
0.0559,67,0,0.4961,4274.0,8,0,0,0,3.0,0
0.5247,46,0,1.0384,,8,0,1,0,0.0,1
0.3097,51,0,0.8127,,5,0,1,0,1.0,0
0.0697,48,0,0.3012,4743.0,7,0,0,0,0.0,0
5.3386,31,0,0.2302,4924.0,10,0,2,0,1.0,0
0.3908,73,0,0.2617,2249.0,14,0,1,0,0.0,0
0.2984,62,0,0.2267,2124.0,8,0,0,0,0.0,0
0.5004,47,0,0.4108,6983.0,4,0,1,0,0.0,0
0.3095,70,0,0.1113,,8,0,0,0,2.0,0
1.8489,43,0,0.6622,9982.0,5,0,1,0,1.0,0
0.5342,26,0,0.1803,,6,0,3,0,2.0,0
0.1248,66,0,1.0005,8007.0,7,0,1,0,1.0,0
0.0845,34,0,0.5979,5775.0,5,0,0,0,1.0,0
0.3568,49,0,0.1695,,9,0,3,0,0.0,0
0.3015,55,0,0.3579,9203.0,8,0,2,0,0.0,0
0.1927,57,0,0.4165,,11,0,0,0,0.0,0
0.3908,64,0,0.3117,4567.0,8,0,0,0,0.0,0
2.9715,60,0,0.3525,10740.0,12,0,3,0,1.0,0
0.785,60,0,0.1602,,11,0,1,0,0.0,0
0.048,41,0,0.5767,5936.0,6,0,2,0,0.0,0
3.2763,56,0,0.4462,,9,0,2,0,2.0,0
0.633,31,0,0.1976,1611.0,8,0,0,0,1.0,0
0.5072,74,0,0.6626,10481.0,7,0,2,0,0.0,0
0.6369,32,0,0.5347,2036.0,3,0,0,0,1.0,0
0.5808,47,0,0.1433,,10,0,2,0,,0
0.376,34,0,0.0587,7726.0,11,0,1,0,0.0,0
0.1416,42,0,0.5782,4017.0,7,0,0,0,0.0,0
0.2921,52,0,0.0449,,10,0,0,0,0.0,0
0.3118,45,1,0.2745,3234.0,7,0,3,0,1.0,0
0.2439,68,0,0.6915,3508.0,8,0,2,0,1.0,0
0.5184,55,0,0.5302,,14,0,0,0,1.0,0
0.017,46,1,0.6181,11367.0,10,0,2,0,1.0,0
0.0475,50,0,0.6389,5554.0,5,0,1,0,0.0,0
0.2421,69,0,0.3675,,5,0,2,0,1.0,0
0.1447,65,0,0.1667,2511.0,14,0,2,0,0.0,0
0.2448,36,0,0.7481,1998.0,7,0,1,0,1.0,0
0.3032,42,0,0.5899,,8,0,1,0,1.0,0
1.0962,59,0,0.5054,6021.0,12,0,3,1,2.0,0
0.33,57,0,0.3005,7731.0,6,0,1,0,3.0,0
0.6923,37,0,0.6331,,6,0,1,0,0.0,1
0.8589,62,0,0.1212,4914.0,7,0,0,0,0.0,0
0.3398,40,0,0.2683,,8,0,0,0,0.0,0
0.4881,70,0,0.1349,10896.0,10,0,2,0,0.0,0
0.1215,59,0,0.6666,6997.0,7,0,0,0,0.0,0
0.0975,36,0,0.767,,6,0,1,0,0.0,0
0.5517,45,0,1.4622,3210.0,7,0,1,0,0.0,0
2.3433,44,0,0.7416,6656.0,5,0,1,0,0.0,0
0.1645,54,1,1.0499,8462.0,11,1,1,0,2.0,0
0.2647,49,0,0.3615,5120.0,6,0,0,0,1.0,0
0.5379,36,0,0.231,3282.0,8,0,5,0,2.0,0
0.3512,32,0,0.0561,3295.0,12,0,1,0,0.0,0
0.6111,60,0,0.2542,5077.0,11,0,2,0,1.0,0
0.9518,56,0,0.4361,10877.0,6,0,1,0,0.0,0
0.3748,53,0,0.6906,5197.0,4,0,1,0,1.0,0
0.2043,56,0,0.3821,1278.0,5,0,1,0,1.0,0
0.5252,43,0,0.844,5826.0,8,0,1,0,1.0,0
0.5854,55,0,0.5955,8199.0,7,0,0,0,0.0,0
0.6763,88,0,1.0323,3990.0,12,0,2,0,0.0,0
0.1176,68,0,0.2494,4433.0,15,0,5,0,0.0,0
0.292,48,0,0.3723,5120.0,10,0,0,0,0.0,0
0.7925,45,0,0.429,3985.0,7,0,1,0,1.0,0
1.8965,21,1,0.5515,2378.0,13,0,0,0,3.0,0
0.3301,67,0,0.1178,2494.0,12,0,0,0,1.0,0
0.5461,63,0,0.8619,3551.0,8,0,0,0,1.0,0
0.2992,44,0,0.5071,2645.0,3,0,1,0,1.0,0
0.5237,32,0,0.1714,2302.0,9,0,0,0,1.0,0
0.4134,36,0,0.1918,5868.0,5,0,1,0,0.0,0
13.7529,58,0,0.401,5824.0,7,0,3,0,1.0,0
0.6216,51,0,0.5231,7095.0,4,0,1,0,1.0,0
0.4239,62,0,0.109,,7,0,0,0,0.0,0
0.6849,53,0,0.2487,5441.0,10,0,1,0,4.0,0
1.2657,66,0,0.6685,17800.0,8,0,1,0,3.0,0
2.7336,57,0,0.3862,,12,0,1,0,1.0,0
0.5342,64,0,0.8951,5606.0,5,0,0,0,1.0,0
0.4624,23,0,0.9336,6660.0,7,0,3,0,1.0,0
0.527,35,0,0.0211,2666.0,10,0,2,0,1.0,0
0.5005,47,0,0.1971,8920.0,11,0,1,0,1.0,0
0.1059,67,0,0.9057,5356.0,6,0,0,0,3.0,0
0.286,78,0,0.5342,,5,0,2,0,1.0,0
1.4053,50,0,0.8078,5971.0,12,0,1,0,0.0,0
0.3156,43,0,1.1125,7939.0,4,0,0,0,0.0,0
0.0878,25,0,0.1134,3837.0,6,0,0,0,0.0,0
0.022,64,0,0.6716,,7,0,0,0,0.0,0
2.3409,44,0,0.3127,3421.0,6,0,0,0,0.0,0
0.1114,93,0,0.3809,10696.0,4,0,2,0,2.0,0
0.0191,42,0,0.3203,2028.0,10,0,1,0,0.0,0
0.9449,81,0,0.8744,4817.0,8,0,0,0,0.0,1
0.2487,62,0,0.3979,2499.0,7,0,0,0,0.0,0
0.8652,38,0,0.4302,5804.0,5,0,1,0,1.0,0
0.677,55,0,0.4041,8058.0,7,0,1,0,0.0,0
2.1954,63,0,1.0015,2817.0,7,0,0,0,3.0,0
0.1477,49,0,0.6556,9378.0,12,0,1,0,0.0,0
0.0103,64,0,0.9604,5921.0,15,0,2,0,0.0,0
0.5117,63,0,0.2667,2484.0,8,0,0,0,0.0,0
0.3373,60,0,0.4406,,8,0,2,0,,0
0.2337,52,0,0.5965,4640.0,7,0,1,0,0.0,0
0.1987,36,0,0.8436,4289.0,9,0,1,0,0.0,0
0.3254,51,0,0.2749,,8,0,0,0,0.0,0
0.4022,54,0,0.6769,5580.0,4,0,0,0,0.0,0
0.0738,26,0,0.6733,4412.0,7,0,3,0,0.0,0
0.1058,54,0,0.5323,,1,0,2,0,2.0,0
0.3323,51,0,0.6322,5886.0,9,0,0,0,2.0,0
3.7965,34,0,0.169,18525.0,5,0,1,0,0.0,0
0.0405,47,0,0.1967,4002.0,5,0,2,0,1.0,0
0.2632,48,0,0.4744,3950.0,7,0,2,0,0.0,0
0.1531,79,0,1.1809,3192.0,8,0,2,0,2.0,0
0.5711,55,0,0.201,3586.0,9,0,1,0,2.0,0
0.1979,67,0,0.1937,6398.0,7,0,3,0,0.0,0
0.4899,50,0,0.2848,15609.0,7,0,1,0,0.0,0
0.5883,26,0,0.4559,,6,0,0,0,0.0,0
1.9352,61,0,0.4715,6829.0,15,0,3,0,0.0,0
0.6063,43,0,0.406,2516.0,10,0,0,0,1.0,0
0.9141,47,0,0.4141,,7,0,0,0,2.0,0
0.1239,37,0,0.5838,4668.0,8,0,0,0,1.0,0
0.7743,53,0,0.7464,,7,0,0,0,0.0,0
0.4699,67,0,0.3836,7702.0,7,0,0,0,0.0,0
0.9956,65,0,0.1907,3885.0,11,0,0,0,2.0,0
0.0724,74,0,0.3931,6796.0,5,0,1,1,0.0,1
0.7816,76,0,0.3867,4739.0,5,0,3,0,0.0,0
1.1283,23,3,1.1943,3808.0,5,0,2,0,0.0,0
3.0177,35,0,0.731,4744.0,9,0,2,0,0.0,0
0.2425,27,0,0.4374,,11,0,0,0,0.0,0
2.8559,61,0,0.3278,5060.0,6,0,0,0,2.0,0
2.5641,42,0,0.1887,2991.0,6,0,4,0,,0
0.6706,45,0,0.3385,,7,0,4,0,0.0,0
0.9562,49,0,0.2036,6578.0,8,0,1,0,2.0,0
3.5185,57,0,0.9808,3622.0,7,0,2,0,1.0,0
0.0069,31,0,0.5724,2907.0,5,0,0,0,1.0,0
1.1021,34,0,0.0887,1297.0,5,0,1,1,2.0,0
0.9175,52,0,0.7095,1198.0,10,0,1,0,1.0,0
0.4937,69,0,0.6858,9455.0,9,0,2,0,0.0,0
0.1926,52,0,0.4272,,5,0,1,0,0.0,0
2.0092,41,0,0.2499,10932.0,4,0,0,0,1.0,0
0.138,22,0,0.7467,,7,0,0,0,0.0,0
0.0622,65,0,0.7836,3551.0,5,0,2,0,0.0,0
0.6433,42,0,0.6949,12109.0,7,0,0,0,0.0,0
0.1944,36,0,0.1973,7919.0,11,0,1,0,0.0,0
2.3536,28,3,0.2005,3309.0,5,0,1,0,1.0,0
2.6728,32,0,0.5517,2966.0,6,0,2,0,0.0,0
0.2731,39,0,0.3226,2947.0,4,0,1,0,1.0,0
0.2719,49,0,0.5658,,8,0,2,0,1.0,0
0.7098,35,0,0.1768,44452.0,10,0,1,0,0.0,0
4.9051,55,0,0.2721,,5,0,2,2,0.0,0
3.4758,49,0,1.0158,,13,0,2,0,2.0,0
0.3138,83,0,0.3319,9390.0,13,0,1,0,1.0,0
1.0359,28,0,0.3908,3097.0,8,0,1,0,3.0,0
0.5626,54,0,0.5299,10428.0,8,0,0,0,1.0,0
0.5566,54,1,0.6681,9861.0,9,0,0,0,1.0,0
0.7529,38,0,0.5989,3473.0,8,0,2,0,2.0,0
0.6906,53,0,0.72,4286.0,12,0,0,0,1.0,0
0.2332,63,0,0.1645,,10,0,1,0,0.0,0
0.9975,53,0,0.3123,,13,0,0,0,2.0,0
0.0937,71,0,0.4468,2332.0,2,0,0,0,0.0,0
0.4095,22,0,0.3641,5120.0,8,0,0,0,0.0,0
0.2007,40,0,0.2463,1624.0,5,0,2,0,0.0,0
0.1559,73,0,0.5286,4836.0,4,0,1,0,0.0,0
0.4163,65,0,0.8081,4842.0,3,0,0,0,2.0,0
0.9568,60,0,0.3652,3396.0,10,0,0,0,0.0,0
1.2945,69,0,0.2621,3112.0,9,0,1,0,0.0,0
0.1935,25,1,0.7034,6071.0,11,0,3,0,2.0,1
0.3948,63,0,0.5771,,7,0,1,0,0.0,0
6.5178,67,0,0.4698,,7,0,2,0,2.0,0
0.0996,43,0,0.332,1755.0,8,0,1,0,1.0,0
1.4718,89,0,1.2728,,7,0,1,0,0.0,0
0.417,55,0,0.3775,8375.0,7,0,2,0,2.0,0
2.8341,21,0,0.6213,13734.0,8,0,0,0,0.0,0
0.539,57,0,0.9192,10767.0,9,0,0,0,1.0,0
0.0578,42,0,0.143,2516.0,8,0,2,0,1.0,0
0.4211,68,0,0.7608,,10,0,2,0,1.0,0
0.077,60,0,0.4361,7477.0,6,0,1,0,0.0,0
0.1234,44,0,0.5902,3794.0,7,0,0,0,1.0,0
0.9393,73,0,0.1152,,9,0,0,0,1.0,0
0.3868,65,0,0.7403,5241.0,13,0,0,0,2.0,0
0.3286,40,0,0.1602,,10,0,1,0,1.0,0
0.4273,50,0,0.1798,8154.0,5,0,0,0,0.0,0
1.1017,59,0,0.3333,4708.0,4,0,1,0,2.0,0
0.1202,47,0,0.1143,4992.0,7,0,2,0,4.0,0
0.749,47,0,0.8892,,9,0,1,0,1.0,0
0.472,53,0,0.2573,10799.0,6,0,1,0,1.0,0
0.0945,37,3,0.1345,,8,0,1,2,0.0,0
0.6125,21,0,0.3323,2120.0,7,0,2,0,0.0,0
0.7447,55,1,0.8788,,14,0,0,0,1.0,0
1.2109,24,0,0.2891,4569.0,5,1,1,0,0.0,0
0.0257,38,0,0.6916,2704.0,7,0,1,0,0.0,0
0.1958,27,0,0.2891,,11,0,3,0,1.0,0
0.1198,29,0,0.9318,13878.0,6,0,0,0,0.0,0
0.5669,58,0,0.9892,4636.0,11,0,1,0,1.0,0
0.9726,49,0,0.32,8310.0,7,0,0,0,1.0,0
3.0027,48,0,0.1012,4604.0,4,0,1,0,1.0,1
0.9294,34,0,0.2545,8971.0,12,0,1,0,2.0,0
0.1016,43,0,0.9231,6977.0,11,0,3,0,0.0,0
0.2973,57,0,0.2417,7641.0,5,0,0,0,1.0,0
0.1953,51,0,0.6698,864.0,7,0,1,0,1.0,0
0.5014,64,0,0.7467,13635.0,8,0,1,0,0.0,0
0.6615,66,0,0.7181,2203.0,8,0,1,0,0.0,0
0.5641,48,0,0.8563,13881.0,7,0,0,0,0.0,0
0.6135,26,0,0.8572,,10,0,0,0,0.0,0
0.4751,41,0,0.6044,5636.0,4,0,0,0,0.0,0
0.3079,51,0,0.7572,,5,0,2,0,0.0,0
1.3391,41,0,0.4383,2090.0,8,0,0,0,1.0,0
0.3192,37,0,0.1358,6884.0,12,0,0,0,1.0,0
0.8254,53,0,0.2054,1466.0,12,0,2,0,1.0,0
0.0669,86,0,0.1139,7221.0,9,0,0,0,0.0,0
0.3132,45,0,0.8465,2159.0,6,0,1,0,0.0,0
0.7571,52,0,0.7887,3847.0,6,0,1,0,0.0,0
0.9008,34,0,0.7602,3655.0,12,0,0,0,3.0,0
0.282,69,3,0.3128,,6,0,2,1,2.0,0
0.0768,64,0,0.2849,4329.0,8,0,1,0,4.0,0
0.0598,63,0,0.4274,,8,0,1,0,0.0,0
0.1413,71,0,0.7472,7052.0,9,0,0,0,1.0,0
1.081,46,0,0.6368,8348.0,8,0,2,0,1.0,0
0.8338,48,0,0.7994,8382.0,7,0,0,0,1.0,0
0.0426,76,0,1.0502,4215.0,9,0,1,0,2.0,0
0.1894,61,0,0.606,,8,0,2,0,1.0,0
0.0733,21,0,0.1862,11534.0,5,0,0,0,0.0,0
0.9446,58,0,0.3011,9318.0,9,0,0,0,0.0,0
0.0308,44,0,0.3029,7801.0,5,0,0,0,1.0,0
0.5032,65,0,0.5316,,8,0,0,0,,0
0.571,58,0,0.5435,7714.0,3,0,0,0,1.0,0
0.1075,28,0,0.4288,6771.0,8,0,1,0,0.0,0
0.3174,56,0,0.4454,4722.0,8,0,3,0,1.0,0
0.3312,55,0,0.7564,9407.0,7,0,3,0,1.0,0
0.4963,57,0,0.0739,2377.0,14,0,1,0,2.0,0
0.6012,60,0,0.4462,4855.0,4,0,2,0,0.0,0
3.4109,73,0,0.6225,6438.0,3,0,0,0,0.0,0
5.2024,58,0,0.3265,4494.0,9,0,1,0,1.0,0
0.2785,52,0,0.7833,5143.0,5,0,1,0,1.0,0
1.2305,68,0,0.2017,6868.0,8,0,4,0,2.0,0
0.1765,83,0,0.2349,4174.0,5,0,2,0,0.0,0
0.245,65,0,0.0521,3191.0,2,0,1,0,1.0,0
0.3643,55,0,0.5093,8869.0,9,0,0,0,1.0,0
0.0096,58,0,0.4116,3477.0,3,0,2,0,0.0,0
0.5515,56,0,0.7847,12912.0,10,0,2,0,1.0,0
0.0108,52,0,0.5006,1591.0,9,0,0,0,0.0,0
0.2793,82,0,0.3475,11553.0,7,0,1,0,0.0,0
1.3762,42,0,0.347,2815.0,5,0,1,0,1.0,0
0.1355,68,0,0.9205,,9,0,2,0,3.0,0
1.5666,50,0,0.2096,3277.0,12,0,3,0,0.0,0
0.1287,31,0,0.4478,7150.0,7,0,4,0,0.0,0
0.33,49,0,0.4375,3707.0,9,0,0,0,2.0,0
0.3863,44,0,0.2652,,11,0,1,0,1.0,0
0.8558,60,0,0.7841,,6,0,1,0,1.0,1
0.0553,53,0,1.2477,7720.0,9,0,0,0,0.0,0
0.4241,38,0,0.3961,4581.0,6,0,2,0,1.0,0
0.2315,73,0,0.8285,5059.0,13,0,1,0,0.0,0
0.1319,67,0,0.2298,4411.0,7,0,1,0,3.0,0
0.129,74,0,0.3678,6574.0,8,0,1,0,0.0,0
0.4259,55,0,0.3707,5394.0,9,0,0,0,0.0,0
0.6355,51,0,0.069,8090.0,8,0,1,0,0.0,0
0.1226,62,0,0.4547,13676.0,7,0,0,0,1.0,0
0.1188,44,0,0.7699,4590.0,6,0,1,0,1.0,0
0.0372,54,0,0.1228,3629.0,9,0,2,0,1.0,0
0.0191,50,0,0.6671,18717.0,5,0,2,0,2.0,0
0.2753,32,0,0.2107,8830.0,7,0,0,0,1.0,0
0.3827,54,0,0.3717,6915.0,9,0,1,0,2.0,0
0.2455,46,0,0.8948,5716.0,8,0,2,0,0.0,0
0.2785,49,0,0.4411,1796.0,11,0,0,0,1.0,0
0.2471,57,0,0.5529,2657.0,6,0,2,0,0.0,1
1.9347,70,0,0.4292,2671.0,13,0,1,0,0.0,0
0.4621,40,0,0.3101,4101.0,6,0,2,0,1.0,0
3.3017,47,0,0.4454,4772.0,9,0,0,0,2.0,0
4.5254,41,0,0.2155,7171.0,8,0,0,0,0.0,0
0.0265,40,0,0.7358,4774.0,9,0,1,0,,0
0.105,44,0,0.6021,8648.0,7,0,2,0,0.0,0
1.0919,49,0,0.3603,,8,0,1,0,1.0,0
0.4644,60,0,0.9157,3628.0,8,0,0,0,1.0,0
1.8617,56,0,0.3917,1494.0,5,0,0,0,0.0,0
2.8314,37,0,0.4198,7957.0,5,0,2,0,2.0,0
0.642,70,0,0.016,3821.0,8,0,1,0,0.0,1
0.0336,65,0,0.2072,6790.0,8,0,1,0,2.0,0
0.3543,39,0,0.504,7402.0,11,0,0,0,1.0,0
0.272,69,0,0.4079,,12,0,1,0,1.0,0
0.3127,57,0,0.2608,,8,0,2,0,0.0,0
0.4022,50,0,0.1614,8403.0,8,0,0,0,1.0,0
6.8987,57,2,0.4247,4520.0,5,0,1,0,1.0,0
0.2559,52,0,0.68,,11,0,2,0,0.0,0
0.0737,60,0,0.2336,4781.0,6,0,0,0,0.0,0
0.281,55,0,0.5716,4730.0,8,0,0,0,2.0,0
0.3451,47,0,0.44,1190.0,6,0,2,0,0.0,0
0.023,24,0,0.5023,4095.0,9,0,0,0,1.0,0
1.1303,59,0,0.2176,18625.0,7,0,1,0,2.0,0
0.2782,47,0,0.8283,8761.0,9,0,2,0,0.0,0
0.5588,63,0,0.9062,12698.0,10,0,0,0,1.0,0
1.1103,59,0,0.2806,1963.0,13,0,0,0,1.0,0
0.3145,47,0,0.4855,4471.0,10,0,1,0,1.0,0
0.4868,66,0,0.5083,,3,0,0,0,2.0,0
0.5081,55,0,0.2257,7474.0,10,0,1,0,0.0,0
0.3745,54,0,0.8057,2667.0,6,0,0,0,1.0,0
0.1973,50,0,0.6141,5865.0,6,0,3,0,0.0,0
1.7597,76,0,1.0856,6311.0,4,0,0,0,0.0,0
0.1646,42,0,0.1808,2747.0,10,0,3,0,2.0,0
0.0409,47,0,0.6179,,2,0,0,0,1.0,0
3.5172,35,0,0.6322,9547.0,10,0,1,0,1.0,0
0.1633,62,0,0.4324,,4,0,3,0,1.0,0
0.5171,44,0,0.5425,4947.0,10,0,2,0,1.0,0
1.0641,45,4,0.541,5298.0,10,0,1,0,0.0,0
0.5538,45,0,1.1476,12215.0,11,0,0,0,1.0,0
0.7479,53,0,0.4707,3006.0,12,0,1,0,1.0,0
0.5554,34,0,0.5099,2777.0,10,0,1,0,1.0,0
0.0441,21,0,0.3031,2440.0,7,0,1,0,0.0,0
0.4125,58,0,0.1174,5096.0,6,0,0,0,0.0,0
0.4516,22,0,0.418,3157.0,9,0,0,0,,0
1.6075,64,0,0.2176,10433.0,8,0,1,0,1.0,0
0.6896,74,1,0.1671,5193.0,9,0,1,0,0.0,0
0.3062,50,0,0.9149,2690.0,12,0,0,0,0.0,0
3.0853,70,0,0.2965,,6,0,0,0,1.0,1
0.2389,52,0,0.3991,3530.0,4,0,0,0,0.0,0
0.6263,74,0,0.4398,,4,0,0,0,4.0,0
0.6008,46,0,0.4584,,8,0,0,0,1.0,0
1.1443,21,0,0.1252,6835.0,6,0,3,0,0.0,0
0.0349,51,0,0.2736,9541.0,5,0,0,0,0.0,0
0.5729,76,1,0.3002,1704.0,8,0,1,0,0.0,0
2.9062,59,0,0.4017,,8,0,0,0,1.0,0
0.0323,45,0,0.5373,,6,0,0,0,2.0,0
0.8837,57,0,0.2219,7867.0,7,0,3,0,0.0,0
0.0975,66,0,0.4096,,6,0,0,0,0.0,0
0.5457,51,0,0.8696,5451.0,8,0,0,0,0.0,0
0.1482,89,0,0.706,6182.0,7,0,0,0,2.0,0
0.5406,45,0,0.0704,9738.0,9,0,0,0,0.0,0
0.9674,66,0,0.216,2478.0,6,0,1,0,,0
0.5462,63,0,0.1347,8613.0,9,0,1,0,0.0,0
0.5746,42,0,0.2836,3484.0,6,0,1,0,0.0,0
0.4744,46,0,0.4071,8376.0,8,0,3,0,1.0,0
0.1033,66,0,0.1258,15784.0,11,0,0,0,1.0,0
13.8468,54,0,0.4599,4322.0,7,0,1,0,1.0,0
3.9306,57,1,0.1819,4359.0,6,0,0,0,0.0,0
0.4789,29,0,0.8331,11019.0,13,0,0,0,1.0,0
0.1829,61,0,0.5721,7159.0,7,0,1,0,1.0,0
1.1094,56,0,0.8972,2096.0,6,0,1,0,0.0,0
4.9136,51,0,1.2707,5549.0,3,0,0,0,0.0,0
1.479,57,0,1.0128,4697.0,8,0,4,0,2.0,0
0.0025,46,0,0.4846,3924.0,11,0,2,0,1.0,0
0.6275,44,0,0.1754,,6,0,1,0,2.0,0
0.3913,49,0,0.5551,3425.0,7,0,2,0,,0
0.2582,46,0,0.2051,4326.0,7,0,2,0,2.0,0
0.0484,83,0,0.8058,22829.0,10,0,0,0,1.0,0
0.4285,65,0,0.2913,6827.0,6,0,2,0,2.0,1
1.6057,38,0,0.4631,15888.0,10,0,2,0,0.0,0
0.5708,81,1,0.3831,26486.0,6,1,1,0,0.0,0
0.0576,46,1,0.397,5567.0,5,0,4,0,1.0,0
1.9534,52,0,0.2561,3398.0,7,0,0,0,0.0,0
0.0301,65,0,1.2571,,11,0,0,0,2.0,0
0.2159,24,0,0.2605,3530.0,10,0,1,0,0.0,0
0.0285,49,0,0.3939,5368.0,9,0,1,0,0.0,0
1.4537,44,1,0.7682,9181.0,5,0,1,0,0.0,0
0.684,55,0,0.462,4631.0,10,0,3,0,0.0,0
0.8609,57,0,0.0637,2571.0,12,0,1,0,1.0,0
0.3867,51,1,1.0455,,5,1,3,2,0.0,0
0.1392,50,0,0.4513,,9,0,3,0,0.0,0
0.3083,67,0,0.6373,,11,0,1,0,1.0,0
0.503,56,0,0.829,4456.0,7,0,1,0,0.0,1
0.7053,53,0,0.2375,2834.0,7,0,0,0,0.0,0
2.1454,54,0,0.5279,4785.0,5,0,0,0,0.0,0
4.5209,78,0,0.3718,3489.0,2,0,1,0,,0
0.2603,54,0,0.5446,8535.0,6,0,2,0,1.0,0
0.429,45,1,0.1392,2688.0,7,0,2,0,1.0,0
1.6772,25,0,0.3765,6022.0,9,0,1,0,2.0,0
0.0957,32,0,0.0937,2795.0,8,0,1,0,1.0,0
0.1609,45,0,0.245,9516.0,5,0,1,0,0.0,0
2.6669,50,0,0.4301,2999.0,6,0,1,0,2.0,0
0.7652,44,0,0.3824,2236.0,5,0,2,0,1.0,0
0.0899,57,0,0.7465,13025.0,12,0,1,0,0.0,0
0.6443,44,0,0.2746,5304.0,10,0,3,0,1.0,0
0.4614,39,0,0.0273,,4,0,0,0,0.0,0
0.2401,61,0,1.035,,11,0,2,0,0.0,0
1.9474,71,0,0.3932,4984.0,0,0,0,0,1.0,0
0.6983,36,0,0.8163,5378.0,12,0,0,0,1.0,1
0.0991,55,0,0.2208,,7,0,2,0,0.0,0
0.2413,25,0,0.2709,8611.0,7,0,1,0,0.0,0
0.0075,31,0,0.4655,2045.0,7,0,1,0,1.0,0
0.3088,44,0,0.2354,2319.0,12,0,1,0,0.0,0
0.6159,68,0,0.1913,4540.0,11,0,0,0,0.0,0
0.7504,41,0,0.354,2929.0,9,0,1,0,0.0,1
0.3888,41,0,0.5579,5155.0,9,0,0,0,1.0,0
0.5361,53,0,0.8185,,6,0,1,0,1.0,0
0.2163,53,0,0.3574,6313.0,6,0,0,0,0.0,0
0.4889,41,0,0.2526,8988.0,10,0,0,0,1.0,0
1.4183,80,0,0.4787,1828.0,9,0,1,0,0.0,0
0.9243,48,0,0.2615,7260.0,6,0,3,0,0.0,0
0.0662,54,0,0.4117,9170.0,8,0,3,0,0.0,0
1.8792,46,0,0.5619,10092.0,6,0,1,0,0.0,0
0.1177,58,0,0.0592,7357.0,12,0,2,0,0.0,0
0.0193,69,2,0.5257,8569.0,11,0,1,0,0.0,0
0.1158,75,0,1.0352,,6,0,0,0,2.0,0
0.5654,41,1,0.176,,7,0,1,0,2.0,0
0.1402,67,0,0.6202,3699.0,4,0,0,0,0.0,0
0.9797,60,0,0.3583,6274.0,4,0,0,0,2.0,0
3.0798,66,1,0.8667,5095.0,7,0,0,2,0.0,0
0.5249,51,0,0.9754,5090.0,7,0,0,0,4.0,0
0.2553,49,0,0.3772,,15,0,1,0,1.0,0
0.0278,65,0,0.2646,3686.0,13,0,2,0,2.0,0
1.005,65,0,0.7979,,5,0,0,0,1.0,0
0.4494,74,0,0.5687,5872.0,4,0,0,0,1.0,0
1.9977,55,0,0.577,8161.0,11,0,1,0,1.0,0
1.9234,51,0,0.5851,5993.0,8,0,0,0,0.0,0
0.5218,21,0,0.0672,7033.0,5,0,2,0,0.0,1
0.2402,29,0,0.8817,3472.0,7,0,2,0,2.0,0
0.7194,46,0,0.2714,11547.0,9,0,0,0,1.0,0
0.1925,37,0,0.2039,1642.0,6,0,4,0,,0
6.7537,63,0,0.716,,5,0,0,0,2.0,0
0.3522,34,0,0.2733,10147.0,10,0,0,0,1.0,0
0.0369,45,0,0.8342,10756.0,12,0,0,0,1.0,0
0.3365,46,0,0.4839,1665.0,9,0,3,0,2.0,0
0.325,69,0,0.3681,3026.0,5,0,1,0,0.0,0
1.4795,43,1,0.3992,8635.0,10,0,0,0,1.0,0
0.0704,58,0,0.5136,,13,0,0,0,2.0,0
0.0093,55,0,0.1871,,7,0,2,0,0.0,0
0.7102,65,0,0.5263,,15,0,1,0,0.0,0
0.7688,64,0,1.1482,,7,0,1,0,1.0,0
0.0388,52,0,0.5333,7870.0,11,0,2,0,0.0,0
0.1818,28,0,0.1907,2641.0,6,0,0,0,2.0,0
6.2775,49,0,0.3261,4855.0,9,0,1,0,0.0,0
3.5794,52,0,1.1699,,2,0,2,0,1.0,0
0.1122,56,0,0.4879,13759.0,9,0,1,0,0.0,0
0.2314,42,0,0.0344,,8,0,4,0,2.0,0
0.2797,68,0,0.5836,5189.0,6,0,0,0,2.0,0
0.3619,52,0,0.6272,8860.0,13,0,1,0,1.0,0
0.335,39,0,0.6216,,13,0,0,0,0.0,0
0.6219,46,0,0.081,2910.0,1,0,2,0,2.0,0
0.2361,79,0,0.247,,7,0,0,0,1.0,0
0.6827,61,0,0.9392,,10,0,1,0,0.0,0
0.537,67,0,0.5158,,7,0,2,0,0.0,0
0.6057,37,0,0.138,17437.0,7,0,0,0,0.0,0
0.4076,42,0,1.1617,3439.0,8,0,0,0,1.0,0
0.8266,42,0,0.5086,,10,0,0,0,1.0,0
0.1165,55,0,0.8471,,10,0,1,0,0.0,0
0.4744,50,0,0.2969,4500.0,9,0,0,0,0.0,0
0.0253,45,0,0.1639,5083.0,10,0,0,0,1.0,0
0.7799,47,0,0.3761,7018.0,7,0,0,0,0.0,0
0.4634,41,0,0.7179,4646.0,8,0,0,0,0.0,0
0.6656,49,0,0.3089,,12,0,0,0,1.0,0
0.7995,68,0,0.4057,,8,0,3,0,4.0,0
0.5225,31,2,0.7142,3433.0,5,0,3,1,0.0,0
0.1823,57,0,0.1149,2476.0,6,0,0,0,1.0,0
0.1445,71,0,0.1212,4808.0,5,0,1,0,1.0,0
1.5585,49,0,0.134,4946.0,6,0,2,0,1.0,1
1.3978,45,0,0.2576,3067.0,6,0,0,0,0.0,0
0.2302,65,0,0.6456,3426.0,8,0,0,0,0.0,0
0.6649,38,0,0.6087,,9,0,2,0,1.0,0
0.1826,52,0,0.3601,8511.0,12,0,3,0,3.0,0
0.6933,37,0,0.4575,2171.0,11,0,3,0,1.0,0
0.3145,26,0,0.5215,5824.0,15,0,1,0,1.0,0
0.0339,50,0,0.118,1994.0,3,0,0,0,2.0,0
0.5121,34,0,0.4016,,6,0,1,0,0.0,0
3.8961,52,0,0.2287,12184.0,6,0,1,0,2.0,0
0.4919,68,0,0.7737,7371.0,7,0,0,0,1.0,0
0.2061,78,0,0.8469,8266.0,3,0,0,0,0.0,0
0.072,53,0,1.0136,4861.0,2,0,0,0,1.0,0
0.7845,66,0,1.0936,2869.0,13,0,4,0,0.0,0
0.2202,58,0,0.414,,9,0,0,0,0.0,0
0.5983,47,0,0.2412,2817.0,11,0,2,0,1.0,0
1.9116,25,0,0.1398,33058.0,7,0,0,0,1.0,0
0.5559,75,0,0.1081,4958.0,8,0,1,0,1.0,0
4.8235,37,1,0.6505,2377.0,8,0,3,1,2.0,0
0.3588,71,0,0.9702,,8,0,0,0,0.0,0
0.9311,60,0,0.804,10538.0,7,0,2,0,1.0,0
0.353,38,0,0.4181,8463.0,11,0,1,0,1.0,0
0.0488,56,0,0.3923,3515.0,10,0,2,0,1.0,0
0.2912,82,0,0.111,4785.0,7,0,1,0,1.0,0
0.061,73,0,0.1772,3113.0,11,0,2,0,0.0,0
0.6401,45,0,0.3876,5984.0,15,0,2,0,0.0,0
0.4162,42,0,0.5379,4252.0,10,0,0,0,1.0,0
0.1733,53,0,0.6509,2867.0,6,0,1,0,0.0,0
0.7422,50,0,0.4643,6645.0,6,0,0,0,,0
0.3752,69,0,1.0416,6229.0,10,0,1,0,2.0,0
4.6581,62,1,0.1741,5310.0,8,0,0,1,0.0,0
0.1127,28,0,0.4241,5105.0,8,0,1,0,1.0,0
0.8306,58,0,0.121,,12,0,0,0,1.0,0
0.7975,49,0,0.4325,8869.0,1,0,0,0,0.0,0
1.0205,53,0,0.4962,13316.0,12,0,2,0,1.0,0
0.6758,55,0,0.742,16863.0,15,0,0,0,0.0,0
0.3027,69,0,0.0852,19789.0,12,0,1,0,2.0,0
0.2358,66,0,0.0439,6987.0,8,0,1,0,1.0,0
0.954,42,0,0.8818,,11,0,1,0,1.0,0
2.2509,51,0,0.3945,2424.0,8,0,1,0,1.0,0
0.2344,46,0,0.0698,2873.0,13,0,1,0,2.0,0
0.0003,28,0,0.6469,,10,0,3,0,0.0,0
0.0823,50,0,0.6006,,12,0,1,0,0.0,0
0.248,78,0,0.3566,6048.0,7,0,0,0,2.0,0
2.635,28,0,0.5537,12044.0,4,0,2,0,1.0,0
0.1804,52,0,0.1499,5589.0,10,0,1,0,2.0,0
4.2542,51,5,0.4887,13661.0,8,0,1,0,3.0,0
0.4096,56,0,0.4388,5517.0,5,0,1,0,2.0,0
0.1921,39,0,0.2852,3405.0,12,0,5,0,0.0,0
0.8927,32,0,0.5587,5637.0,12,0,0,0,0.0,0
2.6622,33,0,0.1966,5937.0,9,0,1,0,0.0,0
0.1815,71,0,0.2956,12897.0,12,0,2,0,0.0,0
0.4407,38,0,0.1284,5136.0,11,0,2,0,1.0,0
0.2038,45,0,0.4884,3505.0,7,0,1,0,0.0,0
0.397,81,0,0.7884,6318.0,5,0,1,0,0.0,0
0.5989,42,0,0.4697,2315.0,5,0,0,0,2.0,0
0.297,57,0,0.3797,,3,0,1,0,0.0,0
0.0687,67,0,0.4512,10695.0,7,0,1,0,0.0,0
0.1531,66,0,0.0585,5392.0,6,0,1,0,0.0,0
0.8167,33,3,0.6285,,8,0,1,1,0.0,0
0.4562,42,0,0.3736,,8,0,0,0,1.0,0
0.0163,56,0,0.4975,2992.0,7,0,2,0,2.0,0
0.2431,79,0,0.345,6205.0,5,0,2,0,0.0,0
0.7905,41,0,0.3457,7023.0,11,0,2,0,0.0,0
0.326,45,0,0.3122,2962.0,11,0,2,0,2.0,0
0.4846,58,0,0.936,,14,0,0,0,2.0,0
0.8616,61,3,0.4501,12178.0,11,0,2,0,0.0,0
10.117,62,0,0.5414,33149.0,3,0,2,0,0.0,0
0.6918,40,1,0.7477,3296.0,6,1,4,0,0.0,0
1.2567,45,0,0.951,1826.0,6,0,0,2,2.0,0
0.5464,55,0,0.7832,7413.0,8,0,0,0,0.0,0
0.7647,70,0,0.3961,8903.0,12,0,0,0,1.0,0
0.4926,49,2,0.4576,4506.0,9,0,1,0,1.0,0
0.3531,52,0,0.6975,8599.0,9,0,0,0,0.0,0
0.118,38,0,0.1176,2195.0,11,0,1,0,0.0,0
0.5412,78,0,0.3314,11595.0,10,0,0,0,0.0,0
0.3013,54,0,0.7417,,4,0,0,0,2.0,0
0.1042,67,0,0.1429,1725.0,9,0,1,0,0.0,0
0.6747,52,0,0.21,6379.0,8,0,1,0,0.0,0
0.828,53,0,0.5699,,6,0,2,0,0.0,0
0.3923,31,0,0.3018,,0,0,0,0,1.0,0
0.6044,22,0,0.5974,,9,0,0,0,0.0,1
0.8445,70,0,0.3417,6157.0,5,0,0,0,1.0,0
0.2535,53,0,0.5407,21042.0,13,0,3,0,1.0,0
0.4331,55,0,0.5141,4838.0,11,0,1,0,1.0,0
0.0303,35,0,0.7605,4608.0,9,0,3,0,1.0,0
0.0632,39,0,0.4663,1452.0,9,0,0,0,0.0,0
0.136,67,0,0.557,,5,0,0,0,2.0,0
1.4406,76,0,0.4145,12105.0,10,0,0,0,1.0,0
0.3359,43,0,0.5211,6898.0,2,0,0,0,3.0,0
0.08,61,0,0.2227,7203.0,10,0,0,0,1.0,0
0.7907,55,0,0.6709,3603.0,11,0,1,0,0.0,0
0.9075,50,0,0.7916,4943.0,6,0,1,0,1.0,0
0.4289,78,0,0.9593,10047.0,10,0,1,0,0.0,0
0.4547,46,0,0.4249,3019.0,9,0,0,0,1.0,0
1.2117,69,0,0.5076,11705.0,10,0,1,0,2.0,0
0.4833,57,0,0.6268,6059.0,8,0,3,0,1.0,0
0.2464,52,0,0.1789,8473.0,10,0,4,0,0.0,0
0.1869,71,0,1.0523,3207.0,1,0,3,0,1.0,0
1.9109,56,0,0.7435,4516.0,4,0,1,0,1.0,0
0.526,51,0,0.317,7245.0,4,0,0,0,1.0,0
0.2701,71,0,0.2888,4190.0,8,0,0,0,2.0,0
0.3203,69,0,0.6799,19775.0,7,0,0,0,1.0,0
0.3414,69,0,0.8948,,6,0,3,0,2.0,0
0.3079,21,0,0.425,11980.0,5,0,0,0,2.0,0
2.6593,58,0,0.4342,26895.0,9,0,2,0,0.0,0
1.5852,55,2,0.7521,3157.0,11,1,1,0,2.0,0
0.4608,52,0,0.3842,,5,0,0,0,0.0,0
0.5891,61,0,0.4615,4999.0,9,0,0,0,0.0,0
0.8091,56,0,0.2162,,7,0,1,0,0.0,0
0.9461,61,0,0.0981,3250.0,4,0,0,0,2.0,0
2.1772,48,0,0.3037,5418.0,7,0,1,0,2.0,0
0.3738,73,0,0.6421,3478.0,14,0,1,0,1.0,0
0.3489,63,0,0.7835,,5,0,2,0,,0
0.2767,60,0,1.0489,14277.0,7,0,0,0,1.0,0
4.3436,59,0,0.2098,12211.0,11,0,3,0,,0
3.4599,68,0,0.3363,2177.0,11,0,3,0,0.0,0
0.007,66,0,0.6629,7059.0,16,0,1,0,1.0,0
8.8071,50,0,0.7225,5890.0,15,0,0,0,1.0,0
0.3107,66,0,0.0814,,8,0,1,0,2.0,0
0.2291,54,0,0.201,5677.0,11,0,1,0,0.0,0
0.0276,79,0,0.8666,20037.0,4,0,1,0,2.0,0
0.5548,67,0,0.8102,7495.0,6,0,1,0,0.0,0
0.0831,43,0,0.0551,3067.0,8,0,0,0,1.0,0
0.1737,85,0,0.184,,3,0,1,0,1.0,0
0.0925,23,0,0.4539,4654.0,7,0,1,0,1.0,0
0.3335,61,0,0.8845,3851.0,10,0,3,0,0.0,0
0.1944,42,0,0.1691,14538.0,13,0,0,0,3.0,0
0.0881,78,0,0.4008,6321.0,7,0,2,0,1.0,1
0.9955,56,0,0.2311,4532.0,10,0,0,0,1.0,0
0.0853,41,0,0.3913,2794.0,6,0,0,0,1.0,0
0.2379,48,0,0.7196,6193.0,7,0,1,0,1.0,0
0.1333,42,0,0.0462,4063.0,12,0,0,0,1.0,0
0.4665,48,4,0.3248,6368.0,8,0,1,0,0.0,0
0.631,47,0,0.472,,9,0,3,0,0.0,0
0.4029,41,0,0.4645,10640.0,9,0,1,0,4.0,0
0.2288,56,0,0.5592,6461.0,5,0,1,0,0.0,0
0.1289,57,0,0.8323,5274.0,7,0,3,0,1.0,0
0.2896,38,0,0.0676,2823.0,11,0,1,0,0.0,0
0.1974,29,0,0.1182,34257.0,6,0,1,0,1.0,0
0.5492,56,0,0.3722,6412.0,6,0,0,0,1.0,0
0.8757,59,0,0.1972,3505.0,10,0,1,0,1.0,0
1.5765,62,0,0.4737,,9,0,1,0,2.0,0
0.5331,60,0,0.5175,7383.0,7,0,0,0,2.0,0
0.3238,74,0,0.2855,5507.0,8,0,0,0,0.0,0
0.8155,66,0,0.5776,7526.0,10,0,1,0,0.0,0
0.2828,90,0,0.1038,13603.0,7,0,0,0,1.0,0
0.3969,95,0,0.2876,,13,0,0,0,1.0,0
0.1554,27,0,0.8481,3724.0,6,0,3,0,1.0,0
12.9705,21,0,0.4699,6122.0,7,0,3,0,2.0,0
0.0744,52,0,0.1333,1258.0,10,0,1,0,0.0,0
0.2153,59,0,0.4248,6985.0,4,0,1,0,1.0,0
2.1712,51,0,0.6828,2214.0,4,0,2,0,0.0,1
0.2081,62,0,0.242,16446.0,10,0,3,0,0.0,0
0.4744,48,0,0.635,,4,0,0,0,1.0,0
0.5372,42,0,0.7547,,6,0,0,0,0.0,0
0.4462,44,0,0.5006,3808.0,3,0,1,0,1.0,0
0.2315,49,0,0.7086,4848.0,9,0,5,0,2.0,0
0.2476,64,0,0.8275,4173.0,2,0,1,0,1.0,0
0.5273,45,0,0.7589,11505.0,4,0,0,0,2.0,0
1.1408,48,0,0.2885,3404.0,8,0,0,0,2.0,0
0.0759,60,0,0.6709,8578.0,7,0,0,0,0.0,0
0.5848,49,0,0.4695,4368.0,5,0,0,0,2.0,0
0.2555,68,0,0.9601,13316.0,9,0,1,0,3.0,0
0.5422,39,0,0.2463,,15,0,0,0,1.0,1
0.3447,36,0,0.7024,4228.0,7,0,0,0,2.0,0
0.3542,56,0,0.4697,,8,0,2,0,0.0,0
0.1047,58,0,0.3008,1334.0,6,0,0,0,2.0,0
1.4757,40,0,0.1889,6089.0,7,0,1,0,1.0,0
0.7086,71,0,1.131,3340.0,11,0,1,0,,1
0.0054,79,0,0.3942,4101.0,12,0,1,0,1.0,0
0.5508,43,0,0.5918,3047.0,13,0,0,0,1.0,1
0.1587,73,0,1.1197,3917.0,13,0,3,0,1.0,0
1.3294,21,0,0.7733,,11,0,1,0,,1
0.6261,67,0,0.4126,,8,0,0,0,0.0,0
0.6232,40,0,0.2281,3608.0,6,0,2,0,2.0,0
0.1994,66,0,0.1279,5597.0,9,0,0,0,1.0,0
0.5198,39,0,1.1254,3421.0,4,0,0,0,0.0,0
0.4943,51,0,0.1692,3161.0,11,0,0,0,2.0,0
0.3015,41,0,0.7526,6746.0,11,0,3,0,1.0,0
0.4069,49,0,0.7321,,4,0,0,0,2.0,0
1.0547,78,2,0.8532,13294.0,5,0,0,0,1.0,0
0.3586,50,0,0.6003,1035.0,8,0,1,0,,0
0.8718,82,0,0.4388,2903.0,17,0,2,0,0.0,0
0.7675,47,0,0.4424,5390.0,6,0,0,0,0.0,0
0.1254,73,0,0.4462,2857.0,5,0,0,0,1.0,0
0.0127,29,0,0.6455,14231.0,5,0,1,0,0.0,0
0.5706,48,0,0.4786,,6,0,1,0,0.0,0
0.4143,44,0,0.2765,6393.0,7,0,0,0,3.0,0
0.4371,74,0,0.1941,,10,0,0,0,0.0,0
0.6343,55,0,0.0406,5801.0,9,0,1,0,0.0,0
0.595,23,0,0.9356,5138.0,11,0,0,0,0.0,0
0.166,34,0,0.9383,4929.0,4,0,0,0,0.0,0
0.362,38,0,0.3181,15046.0,5,0,0,0,,0
0.3949,65,0,0.5232,3981.0,4,0,0,0,1.0,0
0.3505,63,0,0.6219,11654.0,11,0,2,0,2.0,0
1.7407,48,0,0.1547,1882.0,6,0,0,0,1.0,0
0.8465,44,0,0.6771,5068.0,11,0,0,0,0.0,0
2.3997,62,0,0.0649,15180.0,18,0,1,0,0.0,0
0.9053,36,0,0.4643,2713.0,7,0,0,0,0.0,0
0.9877,58,0,0.8669,6207.0,6,0,0,0,2.0,0
0.0338,57,0,0.7559,2449.0,9,0,1,0,0.0,0
0.0384,48,0,0.7116,3520.0,9,0,1,0,1.0,0
0.4562,58,0,0.0883,7522.0,11,0,2,0,0.0,0
0.3039,53,0,0.6514,3539.0,9,0,1,0,3.0,0
0.0318,59,0,0.1199,6884.0,5,0,1,0,1.0,0
0.0884,33,0,0.0253,,11,0,0,0,2.0,0
0.4278,61,0,0.6404,3952.0,8,0,3,0,1.0,0
0.6464,66,0,0.3349,4284.0,8,0,2,0,0.0,0
0.1181,56,0,0.2816,6120.0,11,0,3,1,1.0,0
2.8454,60,4,0.3751,6308.0,7,0,0,0,1.0,0
2.2346,50,0,0.1893,8261.0,5,0,0,0,2.0,0
0.4131,64,0,0.14,3669.0,5,0,4,0,0.0,0
1.0787,53,0,0.4951,10719.0,7,0,2,0,1.0,0
0.1672,36,1,0.1578,7358.0,7,0,0,4,1.0,0
9.2479,63,0,0.6071,2321.0,6,0,1,0,2.0,0
0.5898,29,0,0.8589,,8,0,1,0,0.0,1
0.543,56,0,0.1842,3176.0,7,0,1,0,0.0,0
0.3609,47,0,0.1128,7381.0,4,0,0,0,0.0,0
0.0722,46,0,0.9874,16492.0,7,0,1,0,2.0,0
0.2787,54,0,0.7776,5743.0,11,0,1,0,1.0,0
0.3866,42,0,0.469,7710.0,8,0,0,0,0.0,0
0.0448,59,0,0.6715,10418.0,6,0,2,0,2.0,0
0.0856,53,0,0.315,5278.0,10,0,2,0,0.0,0
0.07,43,0,0.2103,5040.0,5,0,1,0,1.0,0
0.4781,71,0,0.1097,4955.0,5,0,0,0,2.0,0
0.1173,55,0,0.2456,9654.0,8,0,0,0,0.0,0
0.1704,61,0,0.5499,7679.0,7,0,2,0,1.0,0
0.131,72,0,0.7263,11783.0,8,0,0,0,0.0,0
0.095,72,0,0.4064,1364.0,10,0,1,0,1.0,0
0.4704,60,0,0.7666,4768.0,5,0,0,0,1.0,0
0.4981,48,0,0.5717,8486.0,12,0,1,0,0.0,0
0.3708,32,1,0.4398,6900.0,6,0,0,1,1.0,0
0.1089,55,0,0.0382,4578.0,11,0,1,0,1.0,0
0.0781,67,0,0.5357,16602.0,7,0,1,0,0.0,0
0.4657,57,0,0.375,4188.0,8,0,1,0,2.0,0
0.3318,21,0,0.5615,9413.0,7,0,2,0,2.0,0
0.5137,64,0,0.6259,,5,0,2,0,1.0,0
0.7937,65,0,0.7151,2072.0,12,0,0,0,,0
0.6011,48,0,0.4225,1556.0,8,0,1,0,0.0,0
1.012,66,0,0.5611,,10,0,0,0,2.0,0
0.399,61,0,0.4256,2647.0,6,0,3,0,0.0,0
2.939,42,0,0.724,3099.0,9,0,1,0,0.0,0
0.1796,70,0,0.2083,7666.0,12,0,1,0,0.0,0
0.0489,34,0,0.9703,3149.0,9,0,0,0,0.0,0
0.5695,51,0,1.083,4213.0,6,0,1,0,0.0,0
0.9476,50,0,1.226,,12,0,0,0,0.0,1
0.1073,40,0,1.1786,6773.0,6,0,0,0,3.0,0
0.2045,56,0,0.3065,4509.0,7,0,1,0,1.0,0
0.308,70,0,0.6716,1617.0,7,0,1,0,2.0,0
0.6845,69,0,0.4696,5388.0,4,0,0,0,2.0,1
0.324,62,0,0.4619,2741.0,12,0,0,0,0.0,0
0.4968,28,0,0.621,6484.0,4,0,2,0,1.0,0
0.5232,33,0,0.5375,3178.0,4,0,1,0,1.0,0
5.0076,54,0,0.4021,10343.0,13,0,0,0,,0
0.4016,52,0,1.2623,,8,0,0,0,0.0,0
0.0856,45,0,0.6107,4190.0,12,0,0,0,,0
0.9744,79,0,0.2435,,9,0,0,0,0.0,0
0.6114,53,0,0.2598,,8,0,2,0,0.0,0
7.037,60,0,0.5974,4044.0,9,0,3,0,0.0,0
0.4056,66,0,0.5344,1698.0,9,0,0,0,2.0,0
0.2272,53,0,0.6615,5820.0,4,0,1,0,4.0,0
0.266,88,0,0.3374,13265.0,9,0,1,0,0.0,0
0.9096,39,0,0.4348,5731.0,8,0,1,0,0.0,0
0.3132,44,0,0.6841,5220.0,8,0,0,0,2.0,0
0.1171,39,0,0.3009,9015.0,9,0,2,0,0.0,0
0.0878,74,0,0.5556,,13,0,0,0,0.0,0
0.0616,63,0,0.4967,,5,0,2,0,2.0,0
0.2778,44,0,0.5305,3401.0,8,0,2,0,1.0,0
0.0351,40,0,0.0682,12386.0,5,0,1,0,0.0,0
0.4524,71,0,0.6275,,6,0,2,0,0.0,0
0.2738,57,0,0.5689,3068.0,12,0,1,0,3.0,0
0.0536,72,0,0.9348,15369.0,7,0,0,0,1.0,0
1.4899,51,0,0.2811,6961.0,7,0,0,0,1.0,0
0.5433,59,0,0.2491,3011.0,10,0,0,0,1.0,0
0.356,56,0,0.2187,5817.0,8,0,1,0,1.0,0
0.1587,43,0,0.1452,,6,0,1,0,0.0,0
1.8034,50,0,0.2,3317.0,8,0,0,0,1.0,0
0.6069,35,1,0.8755,9278.0,4,0,1,0,1.0,0
0.1976,59,0,0.6796,8438.0,9,0,1,0,2.0,0
0.598,63,0,0.1598,3047.0,8,0,0,0,1.0,0
0.2769,66,0,0.2125,2126.0,7,0,0,0,1.0,0
0.5562,61,0,0.5218,8426.0,8,0,0,0,2.0,0
0.5616,50,0,0.5654,5030.0,4,0,0,0,3.0,0
0.2953,74,0,0.1712,10195.0,6,0,1,0,0.0,0
0.2647,64,0,0.5022,9474.0,11,0,1,0,0.0,0
0.3095,71,0,0.6131,,11,0,3,0,0.0,0
0.2681,72,0,0.3155,,9,0,1,0,2.0,0
0.3276,50,0,0.8043,5416.0,9,0,1,0,0.0,0
1.1356,57,0,0.4269,13632.0,7,0,0,0,1.0,0
1.1282,63,2,0.5761,9622.0,10,0,1,1,2.0,0
0.1797,36,0,0.4283,2174.0,5,0,2,0,2.0,0
0.3351,36,0,0.3805,3564.0,8,0,0,0,1.0,0
0.0933,34,0,0.5752,13110.0,11,0,0,0,1.0,0
3.4396,50,1,0.7256,2725.0,6,0,1,0,1.0,0
7.6965,47,0,0.4207,,6,0,0,0,1.0,0
0.1879,32,0,0.7103,1755.0,7,0,0,0,1.0,0
1.9092,54,0,0.5114,5512.0,12,0,0,0,0.0,0
1.9601,51,0,0.6936,4015.0,7,0,2,0,1.0,1
0.3211,69,0,0.7214,,6,0,0,0,3.0,0
0.3427,80,0,0.9557,8647.0,4,0,2,0,0.0,0
5.7001,58,0,0.4376,6723.0,10,0,1,0,0.0,0
0.2936,42,2,0.146,5460.0,6,0,1,1,1.0,1
0.3741,61,2,0.3981,,9,0,1,1,2.0,0
0.3355,52,0,0.5025,3729.0,7,0,1,0,0.0,0
6.7005,49,0,0.5152,,8,0,0,0,0.0,0
0.4282,40,0,0.69,2449.0,9,0,3,0,0.0,1
0.4148,46,0,0.3361,4476.0,13,0,1,0,0.0,0
3.7311,50,0,0.6201,3336.0,7,0,0,0,1.0,0
0.0639,63,0,0.1855,5145.0,6,0,0,0,1.0,0
0.8264,59,0,0.3638,3634.0,7,0,2,0,0.0,0
0.2418,78,0,0.2126,,6,0,1,0,1.0,0
0.3024,61,0,0.3589,,8,0,1,0,1.0,0
0.7219,58,0,0.5427,2396.0,8,0,2,0,0.0,1
0.568,48,0,0.4076,13664.0,9,0,4,0,1.0,0
0.2267,37,0,0.8321,6086.0,6,0,0,0,2.0,0
0.2567,44,0,0.5872,4832.0,4,0,0,0,1.0,0
0.4736,42,0,0.2148,6340.0,11,0,1,0,1.0,0
1.0417,21,0,0.835,,7,0,1,0,1.0,0
0.3204,38,0,0.4371,,9,0,0,0,1.0,0
0.706,74,0,0.2572,8784.0,13,0,2,0,3.0,0
0.4846,57,0,0.5475,,11,0,2,0,0.0,0
0.4036,47,0,0.3917,18285.0,10,0,2,0,0.0,0
0.2237,58,0,0.9376,,7,0,0,0,0.0,0
0.9745,25,0,0.4335,6887.0,4,0,0,0,1.0,0
0.1075,56,0,0.2907,1764.0,5,0,0,0,1.0,0
3.554,70,0,0.2097,6572.0,6,0,3,0,0.0,0
0.0362,50,0,0.3542,5408.0,11,0,0,0,0.0,0
0.3461,27,0,0.1074,,5,0,1,0,2.0,0
1.4635,46,0,0.6436,7027.0,12,0,0,0,2.0,0
0.0482,70,0,0.1322,14454.0,10,0,0,0,0.0,0
0.0638,56,0,0.6475,2600.0,3,0,0,0,1.0,0
0.8099,32,0,0.292,3175.0,6,0,2,0,1.0,0
0.5301,85,0,0.776,3723.0,11,0,0,0,,0
0.1289,34,0,0.5726,18236.0,5,0,4,0,1.0,0
0.6813,49,0,0.6111,4391.0,9,0,2,0,1.0,0
0.1293,37,0,0.3726,2629.0,9,0,1,0,1.0,0
0.4183,37,0,0.6322,4357.0,10,0,1,0,0.0,0
0.2333,46,0,0.3839,6626.0,7,0,3,0,,0
0.5324,61,0,0.5,7147.0,4,0,1,0,1.0,0
0.4083,70,0,0.3629,6127.0,6,0,1,0,1.0,0
1.4579,47,0,0.3601,2067.0,2,0,2,0,0.0,0
0.1298,38,0,1.0551,36921.0,6,0,0,0,0.0,0
0.8535,59,0,0.4712,4794.0,7,0,0,0,0.0,0
0.6251,59,0,0.2833,,7,0,2,0,0.0,0
0.0502,55,0,0.4849,2735.0,10,0,1,0,2.0,0
0.0892,56,0,0.35,3138.0,10,0,3,0,0.0,0
0.3888,50,0,0.3964,2821.0,5,0,1,0,0.0,0
0.1281,53,0,0.1876,,7,0,0,0,1.0,0
0.2701,49,0,0.0602,,10,0,0,0,2.0,0
0.2478,67,0,0.6153,5146.0,5,0,1,0,0.0,0
0.8397,83,0,0.3795,4630.0,14,0,1,0,1.0,0
0.48,55,0,0.5836,3166.0,14,0,0,0,0.0,0
0.4143,52,0,0.3139,3480.0,12,0,1,0,2.0,0
0.193,56,0,0.6681,,6,0,1,0,0.0,0
0.4133,43,0,0.6076,4289.0,4,0,1,0,0.0,0
0.2996,63,0,0.4494,2335.0,7,0,0,0,0.0,0
0.268,58,0,0.2579,,8,0,2,0,2.0,0
0.2999,46,0,0.2106,15664.0,4,0,4,0,0.0,0
3.6129,65,0,0.8578,8053.0,8,0,0,0,4.0,0
13.847,52,0,0.8743,,4,0,0,0,0.0,0
0.37,38,0,0.5684,15125.0,5,0,3,0,0.0,0
0.3687,57,0,0.3733,2275.0,11,0,2,0,0.0,0
0.7468,55,0,0.53,,11,0,2,0,0.0,0
0.5828,65,1,0.2532,7665.0,7,0,0,2,0.0,0
1.3478,64,0,0.2152,9888.0,11,0,0,0,0.0,0
0.2248,50,0,0.8142,5573.0,8,0,1,0,2.0,0
0.4416,45,0,0.6731,9339.0,9,0,2,0,0.0,0
1.4519,52,0,0.4421,4717.0,14,0,2,0,2.0,0
1.3846,57,0,0.6422,2159.0,2,0,0,0,1.0,0
0.3085,59,0,0.3412,,6,0,1,0,1.0,0
0.2798,56,0,1.0148,,11,0,1,0,0.0,0
0.2728,51,0,0.3906,6126.0,5,0,1,0,2.0,0
0.5222,66,0,0.9237,6088.0,5,0,1,0,1.0,0
0.293,43,0,0.414,7017.0,9,0,3,0,3.0,0
0.1681,87,0,0.5135,15129.0,7,0,1,0,0.0,0
0.1393,63,0,0.2845,6275.0,9,0,3,0,0.0,0
1.0876,36,0,0.549,,14,0,1,0,3.0,1
1.0389,55,0,0.4448,,6,0,0,0,0.0,0
0.4712,63,0,0.6723,11411.0,2,0,1,0,0.0,0
0.9799,47,1,1.1467,18309.0,8,0,0,0,0.0,0
0.4748,31,0,0.53,4669.0,5,0,1,0,0.0,1
0.8627,37,0,0.2542,,4,0,0,0,2.0,0
0.0321,60,0,0.4725,5296.0,6,0,2,0,1.0,0
0.3363,27,0,0.9651,4558.0,5,0,1,0,1.0,0
2.9485,32,0,0.6805,2324.0,7,0,1,0,,0
0.9307,60,0,0.777,,10,0,2,2,0.0,0
0.7432,49,0,0.8326,3166.0,6,0,1,0,1.0,0
0.1742,42,0,0.4721,8409.0,7,0,0,0,1.0,0
0.5252,45,0,0.4909,1986.0,3,0,0,0,1.0,0
0.168,31,1,0.0956,,5,0,2,2,1.0,0
0.4632,59,0,0.269,,5,0,1,0,0.0,0
4.4984,41,1,0.5607,3184.0,6,0,1,0,2.0,0
0.5376,44,0,0.0704,5686.0,9,0,0,0,0.0,0
0.5282,57,0,0.1735,6625.0,9,0,2,0,2.0,0
0.271,48,0,1.1546,3402.0,10,0,1,0,0.0,0
0.2785,42,0,0.674,8183.0,9,0,4,0,1.0,0
0.6113,24,0,0.3294,2391.0,4,0,3,0,1.0,0
2.0133,57,0,0.402,3330.0,10,0,0,0,0.0,0
0.0501,53,0,0.7194,4562.0,7,0,1,0,0.0,0
0.0217,45,0,0.4684,3828.0,9,0,1,0,1.0,0
3.9669,37,0,0.2212,13506.0,10,0,0,0,1.0,0
0.3362,52,0,0.2238,4035.0,8,0,1,0,2.0,0
0.4623,59,0,0.173,2457.0,10,0,2,0,0.0,0
2.5092,53,0,0.6695,,11,0,2,0,1.0,0
0.4927,75,0,0.2027,7439.0,9,0,1,0,1.0,0
0.2295,62,0,0.2339,6258.0,8,0,2,0,2.0,0
0.7402,50,0,0.8437,13504.0,12,0,1,0,2.0,0
0.2689,62,0,0.6309,17243.0,5,0,0,0,1.0,0
0.7286,53,0,0.2069,5528.0,8,0,2,0,0.0,0
2.7631,53,0,0.7978,,11,0,1,0,0.0,0
0.0114,70,0,0.2923,9774.0,3,0,0,0,2.0,0
4.4444,39,0,0.1437,4381.0,7,0,0,0,0.0,0
0.7658,52,0,0.3178,6486.0,9,0,1,0,0.0,0
0.6894,69,0,0.2522,10805.0,6,0,1,0,1.0,0
0.0288,56,0,0.5833,4699.0,7,0,2,0,1.0,0
2.2883,47,0,0.5719,,8,0,2,0,2.0,0
0.0801,28,0,0.388,3348.0,6,0,3,0,0.0,0
0.5999,21,0,0.2605,4381.0,7,0,3,0,1.0,0
0.1153,81,0,0.2929,3831.0,8,0,2,0,2.0,0
0.7314,56,0,0.2663,,8,0,1,0,0.0,0
0.1698,44,0,0.0605,2572.0,9,0,0,0,0.0,0
0.267,57,0,1.2175,,8,0,0,0,0.0,0
0.2007,39,0,0.7487,2528.0,7,0,1,0,1.0,0
0.1013,47,3,0.887,5422.0,7,2,0,2,1.0,0
0.4067,39,0,0.2175,13020.0,8,0,1,0,0.0,0
0.4612,32,0,0.5426,2501.0,10,0,2,0,0.0,0
0.1959,23,0,0.1257,694.0,10,0,0,0,1.0,0
1.7703,30,0,0.5747,19378.0,10,0,1,0,0.0,0
0.7784,66,0,0.5552,5355.0,9,0,0,0,2.0,0
0.6693,38,0,0.7226,5537.0,8,0,2,0,1.0,0
0.2317,59,0,0.0976,9116.0,9,0,1,0,0.0,0
0.9093,65,0,0.3659,9643.0,10,0,3,0,1.0,0
0.1142,52,0,0.1987,5524.0,16,0,2,0,0.0,0
0.2556,48,1,0.4227,7335.0,6,0,0,0,0.0,0
0.3233,54,0,0.1689,2896.0,11,0,0,0,1.0,0
0.0265,46,0,0.2871,,6,0,0,0,0.0,0
0.2991,69,0,0.811,2335.0,7,0,2,0,1.0,0
0.1815,78,0,0.2671,2026.0,6,0,0,0,3.0,0
0.108,72,0,0.1601,19493.0,15,0,1,0,1.0,0
0.136,22,0,0.2587,2470.0,9,0,1,0,0.0,0
0.8387,46,0,0.3787,,8,0,1,0,3.0,0
0.4269,52,0,0.0873,11396.0,9,0,1,0,0.0,0
0.1433,58,0,0.9656,10206.0,4,0,3,0,0.0,0
1.8497,28,1,0.3461,15845.0,9,0,0,0,1.0,0
0.0648,28,0,0.4526,7364.0,13,0,0,0,1.0,0
0.4947,70,0,0.4764,5583.0,3,0,0,0,0.0,0
0.4917,44,0,0.1012,5648.0,11,0,2,0,2.0,0
0.4528,31,0,0.4791,17244.0,10,0,0,0,1.0,0
0.1733,37,0,0.3504,,7,0,0,0,0.0,0
1.1283,57,0,0.9401,3923.0,7,0,1,3,3.0,0
0.1519,40,1,0.5202,,14,0,0,0,2.0,0
0.9987,55,0,0.604,23059.0,8,0,1,0,1.0,0
0.2338,38,0,0.4289,10675.0,11,0,0,0,0.0,0
0.4062,28,0,0.9053,,8,0,0,0,0.0,0
0.0803,72,0,0.3052,1392.0,3,0,0,0,1.0,0
0.1134,58,0,0.5172,9418.0,10,0,0,0,1.0,0
0.3564,47,0,0.5323,18757.0,8,0,0,0,2.0,0
0.1264,45,0,0.1484,,5,0,2,0,3.0,0
0.3175,73,0,0.0868,,9,0,1,0,0.0,0
0.0418,60,0,0.4592,31260.0,5,0,1,0,0.0,0
1.4579,68,0,0.2356,5622.0,6,1,1,1,0.0,0
0.0484,44,0,0.39,4164.0,6,0,2,0,1.0,0
0.616,53,0,0.1688,3968.0,5,0,1,0,1.0,0
0.1914,58,0,0.4094,,6,0,1,0,1.0,0
0.5659,44,0,0.3666,,7,0,1,0,0.0,0
0.2618,51,0,0.5977,5795.0,7,0,2,0,0.0,0
4.4058,44,0,0.3957,,8,0,1,0,1.0,0
1.4663,58,0,0.0726,2822.0,9,0,1,0,0.0,0
3.8993,34,0,0.6971,4336.0,7,0,0,0,0.0,0
0.1539,60,0,0.8208,7120.0,10,0,1,0,0.0,0
1.1208,56,0,0.4239,10059.0,7,0,1,0,0.0,0
0.0353,49,0,0.4232,7134.0,7,0,0,0,2.0,0
5.7312,58,0,0.3932,3341.0,10,0,0,0,0.0,0
0.7523,47,0,0.4907,10402.0,9,0,2,0,0.0,0
0.993,43,0,0.3911,11095.0,4,0,0,0,3.0,0
0.2183,60,0,0.4106,4559.0,8,0,1,0,1.0,0
0.2484,60,1,0.3877,,7,0,2,0,1.0,0
2.272,45,0,0.488,6498.0,9,0,0,0,,0
1.0212,44,0,0.4185,6914.0,5,0,1,0,0.0,0
4.5294,49,0,0.3161,,9,0,2,0,1.0,0
4.756,44,0,0.5924,6359.0,5,0,1,0,0.0,0
0.1579,73,0,0.4145,2638.0,6,0,2,0,0.0,0
0.4342,56,0,0.8051,,14,0,0,0,1.0,0
0.6594,52,0,0.6971,4111.0,5,0,1,0,1.0,0
0.0355,39,0,0.1265,4007.0,8,0,2,0,1.0,0
0.4867,62,0,0.4636,6586.0,4,0,2,0,0.0,0
0.0615,43,0,0.2433,5058.0,7,0,1,0,1.0,0
1.0433,43,1,0.3938,2419.0,4,0,0,0,0.0,0
0.1964,63,1,0.3161,3838.0,10,0,0,0,1.0,0
0.5891,57,0,0.428,16438.0,0,0,1,0,1.0,0
3.8901,21,2,0.991,,13,0,1,0,1.0,0
0.168,50,0,0.1355,6037.0,8,0,0,0,2.0,0
0.5096,54,1,0.0224,5295.0,8,1,1,0,2.0,0
0.1236,47,0,0.5123,3066.0,3,0,2,0,0.0,0
0.7545,54,0,0.314,4962.0,14,0,0,0,2.0,0
3.1632,27,0,0.6389,11583.0,6,0,1,0,0.0,0
0.0154,21,0,0.457,7543.0,12,0,2,0,1.0,0
0.1322,38,0,0.3815,3714.0,6,0,1,0,0.0,0
2.3398,56,0,0.2562,4245.0,6,0,1,0,4.0,0
0.9406,21,0,1.2952,8644.0,9,0,0,0,0.0,0
0.739,40,0,0.8383,,10,0,1,0,1.0,0
0.4808,25,0,0.6329,,6,0,3,0,0.0,0
0.1427,49,0,0.1718,5273.0,7,0,2,0,0.0,0
0.1994,79,0,0.6288,4926.0,9,0,1,0,0.0,0
0.9031,49,2,0.7433,2307.0,8,0,0,0,1.0,0
0.3041,50,0,0.4872,3402.0,5,0,0,0,0.0,0
1.4802,64,0,0.109,15076.0,5,0,2,0,2.0,0
0.3772,52,0,0.3461,,14,0,0,0,1.0,0
0.2144,49,0,0.3639,4735.0,7,0,0,0,1.0,0
0.1771,65,0,0.1239,3620.0,10,0,2,0,0.0,0
0.3338,59,0,0.2365,10824.0,3,0,2,0,0.0,0
0.6617,56,0,0.2603,4701.0,10,0,0,0,5.0,0
0.208,50,0,0.2037,8533.0,5,0,1,0,1.0,0
0.6024,47,0,0.3081,1680.0,12,0,0,0,0.0,0
9.6011,65,1,0.5416,5528.0,9,1,1,0,1.0,0
0.0435,47,0,0.5816,7996.0,7,0,0,0,1.0,0
0.1638,69,0,0.6485,,13,0,2,0,0.0,0
0.019,37,0,0.3071,8437.0,8,0,2,0,0.0,0
2.2499,72,1,0.0426,5552.0,8,0,0,0,3.0,0
3.1262,59,0,0.1834,19026.0,5,0,0,0,1.0,0
0.6043,38,0,0.0846,4068.0,6,0,0,0,0.0,0
0.1523,59,0,0.1723,2408.0,5,0,1,0,0.0,0
0.0499,43,0,0.5814,4619.0,13,0,1,0,1.0,0
2.0256,52,0,0.4316,2938.0,8,0,0,0,0.0,0
0.2606,45,0,0.2907,6077.0,6,0,1,0,3.0,0
0.1943,50,2,0.4144,14085.0,4,2,0,0,2.0,0
0.0512,65,0,0.1819,2767.0,5,0,1,0,0.0,0
0.1655,59,0,0.9676,5068.0,6,0,1,0,1.0,0
3.2405,36,0,0.9504,4295.0,8,0,0,0,0.0,0
0.1462,37,0,0.1983,,10,0,0,0,,0
0.1295,56,0,0.5973,4927.0,11,0,1,0,2.0,0
0.7978,57,0,0.6102,4163.0,4,0,2,0,1.0,1
1.1018,43,0,0.467,20028.0,8,0,0,0,0.0,0
2.309,74,0,0.5972,17198.0,5,0,1,0,1.0,0
0.6281,63,0,0.7223,4434.0,6,0,0,0,0.0,1
3.5751,43,0,0.5715,2686.0,7,0,1,0,1.0,0
0.5182,42,0,0.8223,,5,0,0,0,0.0,0
0.6682,49,0,0.1401,13506.0,13,0,2,0,1.0,0
4.8666,47,0,1.0962,,8,0,1,0,0.0,0
0.0572,70,0,0.6876,24950.0,7,0,0,0,0.0,0
0.2218,66,0,0.0974,5087.0,9,0,3,0,1.0,0
1.9962,52,0,1.003,2617.0,7,0,1,0,0.0,0
0.2527,61,0,0.638,2667.0,3,0,1,0,3.0,0
1.0643,64,0,0.2049,27585.0,6,0,1,0,2.0,0
0.2373,53,0,0.0946,8888.0,4,0,0,0,,0
0.2248,58,0,0.1546,,8,0,0,0,1.0,0
0.8606,60,0,0.645,6197.0,9,0,0,0,1.0,0
0.0366,59,0,0.3876,7999.0,4,0,0,0,2.0,0
0.3189,41,0,0.5784,14476.0,8,0,0,0,2.0,0
0.1049,43,1,0.5484,6037.0,8,0,1,1,1.0,0
0.165,48,0,0.384,1896.0,11,0,2,0,0.0,0
0.4056,42,0,0.0912,3012.0,4,0,0,0,0.0,0
0.3711,31,0,0.4199,,11,0,0,0,1.0,0
4.3047,61,0,0.7402,8091.0,12,0,0,0,1.0,0
0.3198,57,0,0.7485,6034.0,8,0,0,0,0.0,0
1.3652,33,0,0.2196,5553.0,5,0,1,0,1.0,0
0.2537,49,0,0.2681,3951.0,7,0,1,0,1.0,0
0.412,49,0,0.8247,,4,0,3,0,3.0,0
0.6325,55,0,0.4195,7202.0,6,0,1,0,1.0,0
0.7539,37,0,0.313,6810.0,4,0,1,0,1.0,0
0.6012,33,0,0.214,,12,0,2,0,1.0,0
0.3959,59,0,0.27,8125.0,5,0,1,0,2.0,0
0.1127,31,0,0.3798,,5,0,3,0,0.0,0
3.753,49,0,0.4147,,12,0,4,0,1.0,0
0.6511,47,0,0.4244,6737.0,6,0,1,0,0.0,0
2.5512,50,0,0.2931,,6,0,1,0,4.0,0
0.397,56,0,1.1395,7949.0,2,0,1,0,2.0,0
0.532,74,0,0.4463,6640.0,10,0,1,0,3.0,0
0.5459,30,0,0.6846,2430.0,7,0,1,0,0.0,0
0.2388,64,0,0.9817,3954.0,10,0,2,0,1.0,0
0.5425,21,0,0.3556,10105.0,8,0,0,0,2.0,0
0.0691,72,0,0.7337,8484.0,10,0,0,0,0.0,0
0.5679,23,0,1.2748,4725.0,10,0,1,0,1.0,1
0.2089,86,0,0.5189,2672.0,1,0,0,0,0.0,0
0.3568,47,0,0.3467,3450.0,8,0,1,0,1.0,0
0.584,70,0,0.4599,7627.0,8,0,0,0,0.0,0
1.5445,67,0,1.0209,6015.0,7,0,1,0,0.0,0
0.7516,46,0,0.3498,6165.0,14,0,1,0,3.0,0
0.3013,47,0,0.6116,807.0,6,0,2,0,2.0,0
0.1154,40,0,0.0969,,4,0,2,0,1.0,0
0.0989,63,0,0.4783,2462.0,8,0,1,0,1.0,0
0.0661,46,0,0.3928,8790.0,5,0,3,0,1.0,0
0.0195,41,0,0.2108,3747.0,9,0,0,0,1.0,0
0.8633,60,2,0.9111,3096.0,8,2,2,1,1.0,0
0.3409,39,0,0.2415,10902.0,8,0,0,0,0.0,1
0.5904,47,0,0.4306,,11,0,1,0,0.0,0
0.7238,53,0,0.3108,3576.0,7,0,0,0,2.0,0
3.9599,43,0,0.4083,,10,0,0,0,1.0,0
2.7484,45,0,0.5324,7348.0,7,0,0,0,2.0,0
0.2351,73,0,0.4436,,12,0,1,0,0.0,0
0.1455,49,0,0.4009,,6,0,0,0,0.0,0
0.01,47,0,0.5374,8349.0,13,0,0,0,0.0,0
0.7345,50,0,0.5914,4413.0,3,0,0,0,0.0,0
1.4409,58,0,0.555,,8,0,1,0,0.0,1
0.4422,38,0,0.3335,4046.0,12,0,1,0,1.0,0
0.008,58,0,0.8645,4599.0,7,0,0,0,1.0,0
0.2258,56,0,1.069,,5,0,1,0,2.0,0
0.1165,27,0,0.8625,24851.0,10,0,1,0,1.0,0
3.0999,77,1,0.1953,5973.0,8,0,2,1,1.0,0
0.2244,72,0,0.4343,,8,0,1,0,1.0,0
0.6976,41,1,0.5006,6496.0,11,1,0,0,0.0,0
1.4076,36,0,0.4924,4558.0,8,0,2,0,0.0,0
0.5491,55,0,0.158,,9,0,2,0,1.0,0
0.6509,32,0,0.3621,3938.0,11,0,1,0,,0
0.2968,71,0,0.2896,1187.0,8,0,1,0,1.0,0
0.111,45,0,0.9198,2788.0,9,0,0,0,2.0,0
0.1838,75,0,0.6037,11330.0,16,0,1,0,2.0,0
0.6465,40,0,0.4445,2888.0,9,0,0,0,1.0,0
6.3181,50,0,0.3659,3321.0,8,0,1,0,1.0,0
0.1707,70,0,0.3813,4481.0,5,0,0,0,0.0,0
0.6911,47,0,0.5663,1304.0,8,0,1,0,0.0,0
0.2345,56,0,0.2596,8284.0,6,0,0,0,0.0,0
0.2255,67,1,0.2728,5202.0,9,0,0,1,0.0,0
1.3102,44,0,0.7584,,7,0,2,0,2.0,0
4.1809,34,0,0.5566,8153.0,3,0,0,0,1.0,0
1.3466,32,0,0.1145,,9,0,2,0,0.0,1
1.8928,60,0,0.8497,,12,0,0,0,1.0,0
0.1842,57,0,0.5366,3571.0,8,0,0,0,2.0,0
0.5957,67,0,0.7002,3443.0,7,0,2,0,0.0,1
0.4788,48,0,0.55,8508.0,6,0,1,0,2.0,0
0.505,32,0,0.3174,,6,0,1,0,2.0,0
0.3139,21,0,0.5103,,9,0,0,0,0.0,0
0.5065,92,0,0.4548,4604.0,6,0,2,0,2.0,1
0.2238,59,0,0.5839,,9,0,0,0,0.0,0
0.057,54,0,0.2615,14029.0,11,0,0,0,1.0,0
0.5929,56,0,0.2242,,6,0,1,0,0.0,0
2.5741,32,0,0.1742,4453.0,3,0,0,0,2.0,0
0.1548,41,0,0.5411,,7,0,0,0,0.0,0
0.1066,76,0,0.424,1532.0,10,0,0,0,1.0,0
0.3957,61,0,0.1609,,6,0,3,0,0.0,0
0.2971,41,1,0.5932,2112.0,5,0,1,1,2.0,0
0.2426,35,0,0.502,,15,0,0,0,1.0,0
0.3665,45,0,0.5353,,8,0,1,0,0.0,0
0.5333,48,0,0.9182,5799.0,14,0,0,0,0.0,0
0.2105,81,0,0.5507,8282.0,7,0,3,0,1.0,0
0.5553,49,0,0.4224,4273.0,8,0,0,0,0.0,0
0.4911,35,0,0.0855,3426.0,7,0,1,0,0.0,0
0.2159,51,0,0.8209,3821.0,7,0,0,0,0.0,0
2.9119,56,0,0.2892,,4,0,2,0,0.0,1
0.3397,34,0,0.2551,2833.0,12,0,1,0,1.0,0
0.0587,58,0,0.6934,4791.0,3,0,0,0,0.0,0
6.4399,69,0,0.2828,9145.0,12,0,0,0,0.0,0
1.2119,54,0,0.7046,2927.0,9,0,0,0,1.0,0
0.7256,41,0,0.4046,,8,0,0,0,3.0,0
0.1771,45,0,0.4518,,10,0,0,0,2.0,0
0.0251,29,0,0.1904,10269.0,10,0,0,0,1.0,1
0.4271,50,0,0.44,4833.0,13,0,1,0,0.0,0
0.946,56,0,0.4195,5063.0,7,0,1,0,1.0,0
0.0494,39,0,0.3345,4718.0,6,0,3,0,0.0,0
2.6767,79,0,0.8744,,6,0,1,0,2.0,1
0.0449,63,0,0.366,5660.0,8,0,1,0,,0
0.1573,27,0,0.4477,9071.0,11,0,2,0,,0
0.687,27,0,1.1643,3201.0,12,0,0,0,2.0,0
8.6817,38,0,0.6503,8384.0,2,0,0,0,2.0,0
0.5474,74,0,0.5291,4863.0,14,0,1,0,0.0,0
0.241,64,0,0.3383,7543.0,10,0,0,0,1.0,0
0.015,75,0,0.4567,8557.0,8,0,4,0,1.0,0
0.7978,52,0,0.6849,1187.0,14,0,0,0,0.0,0
0.0469,49,0,0.5994,9974.0,11,0,0,0,1.0,0
2.6304,35,0,0.499,6204.0,11,0,1,0,0.0,0
0.0393,57,0,0.879,10372.0,8,0,0,0,0.0,0
0.6573,49,0,0.2596,2791.0,7,0,0,0,0.0,0
0.2333,49,0,0.9169,2340.0,9,0,1,0,2.0,0
0.6073,75,0,0.3218,5063.0,9,0,0,0,0.0,1
0.0055,50,0,0.2731,7318.0,6,0,3,0,0.0,1
0.2255,71,1,0.5631,4999.0,12,0,1,0,0.0,0
0.7437,30,0,0.4317,3972.0,11,0,0,0,1.0,0
0.1617,90,0,0.3464,10527.0,8,0,0,0,1.0,0
0.0498,47,0,0.3979,,8,0,1,0,1.0,0
1.0778,62,0,0.4808,4019.0,12,0,3,0,,0
0.6924,64,0,0.5382,10648.0,5,0,1,0,1.0,0
1.1033,45,1,0.7937,14948.0,9,0,0,0,0.0,0
0.7782,63,0,0.6014,3274.0,6,0,2,0,2.0,0
0.3592,64,0,0.9241,12707.0,7,0,1,0,0.0,0
0.6509,42,2,0.06,,12,0,0,0,0.0,0
0.7179,42,0,0.1577,6201.0,7,0,1,0,5.0,0
0.2102,53,0,0.309,10896.0,9,0,3,0,1.0,0
0.4596,50,0,0.2211,,7,0,1,0,0.0,0
1.4351,72,0,0.3725,7039.0,5,0,0,0,0.0,0
0.1141,62,0,0.3659,7805.0,19,0,1,0,2.0,0
0.3912,51,0,0.8251,6476.0,3,0,2,0,0.0,0
0.8212,60,3,1.0948,2274.0,7,0,2,3,2.0,0
0.6236,23,0,0.1171,4438.0,6,0,1,0,0.0,0
0.1211,43,2,0.2164,,12,0,2,0,2.0,0
0.4258,56,0,0.1374,6315.0,1,0,1,0,1.0,0
3.4897,68,0,0.5764,7683.0,12,0,0,0,0.0,0
0.0942,55,0,0.1943,9727.0,4,0,0,0,2.0,0
0.3563,72,0,0.2715,,7,0,0,0,0.0,0
0.1752,64,0,0.0423,9267.0,7,0,1,0,2.0,0
0.5745,45,0,0.3039,4004.0,9,0,0,0,3.0,0
1.7374,50,0,0.0555,2460.0,11,0,1,0,0.0,0
0.4038,58,0,0.7927,,5,0,1,0,4.0,0
0.2247,46,0,0.5233,,5,0,1,0,0.0,0
0.2639,73,0,0.4823,,7,0,2,0,0.0,0
1.7744,36,0,0.6363,,2,0,1,0,0.0,1
0.6232,56,0,0.2853,9785.0,8,0,0,0,0.0,0
0.4568,62,0,0.4977,,14,0,2,0,0.0,0
0.3688,48,0,0.3327,10281.0,7,0,1,0,0.0,0
0.3227,44,0,0.6658,4956.0,10,0,1,0,0.0,0
0.2381,51,0,0.2975,,12,0,0,0,1.0,0
0.3595,63,0,0.6137,2711.0,7,0,1,0,0.0,0
0.0489,45,0,1.0623,9816.0,7,0,1,0,,0
0.2234,37,0,0.7262,5714.0,7,0,3,0,0.0,0
0.1367,68,0,0.1367,2083.0,6,0,1,0,0.0,0
0.3675,58,0,0.6895,2434.0,5,0,1,0,1.0,0
0.2677,66,0,0.21,3415.0,9,0,0,0,,0
0.4891,63,0,0.3846,3157.0,8,0,0,0,2.0,0
0.285,83,0,0.5741,9832.0,12,0,1,0,1.0,0
0.1224,68,0,0.5437,11307.0,11,0,0,0,2.0,0
0.6022,42,0,0.3845,4062.0,12,0,0,0,1.0,0
0.346,59,0,0.3027,,7,0,0,0,3.0,0
1.8641,44,0,0.9925,,10,0,2,0,0.0,0
0.0699,46,0,0.3192,,6,0,0,0,1.0,0
0.4681,32,0,0.0398,6566.0,8,0,0,0,0.0,0
0.5326,48,0,0.4433,4706.0,7,0,1,0,2.0,0
0.5098,60,0,0.4017,8735.0,5,0,2,0,2.0,0
0.2393,51,0,0.5999,8520.0,10,0,2,0,0.0,0
6.3535,37,0,0.5202,1998.0,9,0,0,0,0.0,0
0.2749,31,0,0.4195,4606.0,5,0,1,0,2.0,0
0.6983,82,0,0.1585,4542.0,7,0,1,0,0.0,0
0.856,57,0,0.1652,2996.0,5,0,1,0,2.0,1
0.3395,40,1,0.7378,2415.0,5,0,2,2,1.0,0
0.888,58,0,0.4038,3417.0,3,0,0,0,0.0,0
0.3184,83,0,0.608,7291.0,10,0,0,0,0.0,0
0.042,61,0,0.7596,4423.0,3,0,3,0,0.0,0
0.9976,21,0,0.6491,1964.0,5,0,0,0,1.0,0
0.4297,89,0,0.5466,,8,0,1,0,0.0,0
0.3364,26,1,0.4617,9344.0,9,0,3,0,1.0,0
0.7591,49,0,0.3284,4319.0,4,0,1,0,0.0,0
1.0902,36,0,0.7997,2255.0,7,0,2,0,0.0,0
0.2412,42,0,0.1388,3788.0,3,0,2,0,1.0,0
0.2126,56,0,0.2479,5856.0,9,0,0,0,1.0,0
0.3524,23,0,0.2004,6688.0,6,0,3,0,0.0,0
0.637,51,0,0.5301,10969.0,4,0,0,0,0.0,0
4.9483,68,0,0.107,6912.0,11,0,5,0,2.0,1
0.3469,40,3,0.0581,3171.0,5,0,4,0,0.0,0
4.7893,33,1,0.7575,2238.0,9,0,0,1,0.0,0
0.9924,50,0,0.7889,5341.0,8,0,1,0,0.0,0
0.6561,47,0,0.7015,4104.0,9,0,2,0,0.0,0
0.402,44,0,0.7833,2623.0,10,0,3,0,0.0,0
0.0574,35,0,1.2929,4468.0,8,0,0,0,0.0,0
0.7246,59,0,0.6067,4239.0,9,0,0,0,0.0,0
0.2827,60,0,0.2652,,9,0,2,0,3.0,0
0.1633,37,0,0.8017,3570.0,12,0,1,0,2.0,0
0.2959,39,0,0.4257,,11,0,1,0,0.0,0
0.1363,54,2,0.3577,2515.0,9,1,1,0,2.0,0
0.2205,38,0,0.323,2571.0,12,0,0,0,0.0,0
0.534,55,0,0.4849,,3,0,3,0,1.0,0
3.1809,73,0,0.2932,10929.0,6,0,0,0,0.0,0
0.2359,51,0,0.4738,7512.0,6,0,3,0,2.0,0
0.2043,35,0,0.3934,6566.0,8,0,2,0,2.0,0
0.5781,57,1,0.3255,3793.0,11,0,0,2,0.0,0
0.5842,50,0,0.1696,13254.0,4,0,3,0,0.0,0
0.5919,50,0,0.9235,,4,0,2,0,0.0,0
0.8308,59,0,1.1776,6352.0,7,0,2,0,1.0,0
0.1451,62,0,0.4703,,2,0,0,0,1.0,0
0.4169,52,0,0.4543,6162.0,10,0,3,0,1.0,0
0.0914,51,0,0.2175,,10,0,1,0,1.0,0
0.0652,81,0,0.4873,11067.0,7,0,1,0,1.0,0
0.5667,69,0,0.3999,9661.0,10,0,1,0,1.0,0
0.0781,64,0,0.3327,13964.0,10,0,2,0,2.0,0
2.4807,54,0,0.1473,5558.0,7,0,2,0,0.0,0
0.391,38,0,0.7235,5243.0,12,0,2,0,0.0,0
0.0731,68,0,0.4955,,7,0,1,0,0.0,0
1.7307,54,0,0.1846,2842.0,6,0,1,0,1.0,0
0.5168,44,0,0.7962,,7,0,0,0,0.0,0
0.3488,49,0,0.9507,22336.0,5,0,1,0,1.0,0
0.2433,38,0,0.5806,2005.0,5,0,0,0,1.0,0
0.9606,67,0,0.2834,,12,0,5,0,0.0,0
9.826,62,0,0.5621,16302.0,9,0,1,0,0.0,0
4.264,55,0,0.1499,7138.0,9,0,2,0,1.0,0
0.4045,51,0,0.4223,4276.0,8,0,1,0,0.0,0
0.5783,42,0,0.2246,3412.0,12,0,2,0,0.0,0
0.3352,22,0,0.5806,5425.0,8,0,1,0,0.0,0
0.0657,32,0,0.0767,4038.0,5,0,0,0,3.0,0
1.3181,42,0,0.4141,,14,0,0,0,0.0,0
0.0265,39,0,0.1933,9519.0,5,0,2,0,2.0,1
0.1717,56,0,0.5399,5109.0,12,0,0,0,0.0,0
0.3863,63,0,1.408,7834.0,5,0,2,0,0.0,0
0.147,50,0,0.3512,,6,0,0,0,0.0,0
1.4228,72,0,0.5208,4730.0,12,0,1,0,1.0,1
0.7078,41,0,0.4934,,11,0,1,0,1.0,0
0.1775,50,0,0.9173,2934.0,7,0,0,0,1.0,0
0.5838,51,0,0.5878,3656.0,3,0,0,0,0.0,0
0.3189,67,0,0.708,,10,0,0,0,0.0,0
0.6976,53,0,0.3666,12579.0,9,0,0,0,1.0,0
0.4887,54,0,0.1133,7998.0,9,0,0,0,0.0,0
0.5165,29,0,0.947,4059.0,11,0,1,0,1.0,0
0.0857,39,0,0.7825,9233.0,8,0,1,0,2.0,0
2.0485,67,0,0.1688,2344.0,8,0,2,0,2.0,0
0.3277,23,0,0.2133,6076.0,10,0,1,0,2.0,0
0.4658,71,0,0.1615,,12,0,2,0,0.0,0
1.6707,59,0,0.7286,5089.0,10,0,1,1,1.0,0
0.4545,42,0,0.9487,3404.0,7,0,0,0,0.0,0
0.5268,40,0,0.5952,4394.0,5,0,0,0,0.0,0
4.589,79,0,0.6923,6733.0,7,0,0,1,0.0,0
0.113,72,0,1.0645,,10,0,2,0,0.0,0
0.2332,50,0,0.9572,8543.0,10,0,0,0,3.0,0
1.082,54,1,0.9211,4649.0,5,0,0,0,0.0,0
0.43,43,0,0.3872,2765.0,9,0,1,0,0.0,0
3.4674,54,0,0.0941,,9,0,0,0,0.0,0
0.1592,43,0,0.3904,4658.0,8,0,0,0,0.0,0
0.438,51,0,0.509,1011.0,3,0,0,0,,0
0.6247,77,0,1.3086,12303.0,6,0,0,0,0.0,0
0.0884,51,0,0.4889,,10,0,1,0,0.0,0
0.0238,37,0,0.5636,,7,0,0,0,0.0,0
0.3278,33,0,0.1571,,7,0,0,0,0.0,0
1.094,54,0,0.6356,,10,0,1,0,0.0,0
0.0909,41,0,0.2854,6408.0,9,0,2,0,0.0,0
0.2455,55,0,0.2359,4891.0,7,0,0,0,1.0,0
1.0935,29,0,0.3276,3559.0,13,0,0,0,0.0,0
0.1447,62,0,0.6578,,6,0,0,0,0.0,0
0.4881,37,0,1.301,2383.0,5,0,2,0,0.0,0
9.187,53,0,0.2213,,10,0,1,0,1.0,0
0.4006,47,0,0.2087,5694.0,7,0,0,0,,0
0.5288,76,0,0.3935,3386.0,5,0,1,0,2.0,0
0.7577,54,0,0.896,20051.0,8,0,0,0,0.0,0
1.3068,79,0,0.7112,8910.0,5,0,2,0,1.0,0
1.7616,60,0,0.6202,,5,0,1,0,0.0,0
1.1181,72,1,0.459,3933.0,5,0,0,1,0.0,0
0.0727,49,0,0.508,3847.0,10,0,0,0,0.0,0
0.7393,57,0,0.654,1706.0,4,0,1,0,1.0,1
8.9177,69,0,0.7096,15056.0,6,0,2,0,2.0,0
0.761,65,0,0.439,4184.0,8,0,0,0,0.0,0
0.7352,59,0,0.473,1334.0,10,0,2,0,0.0,0
0.4217,47,0,0.0609,4223.0,6,0,1,0,0.0,0
0.1639,50,0,0.1187,21264.0,9,0,0,0,1.0,0
1.6999,68,1,0.2075,3643.0,3,0,0,0,0.0,0
0.3723,71,0,0.7608,7971.0,6,0,1,0,2.0,0
0.7946,44,0,0.0745,5197.0,11,0,0,0,0.0,0
0.3672,42,0,0.2457,,7,0,2,0,0.0,0
0.7155,39,0,0.0933,4822.0,13,0,1,0,0.0,0
0.1657,64,0,1.3574,2623.0,8,0,0,0,2.0,0
0.1244,39,0,0.2058,10099.0,11,0,3,0,2.0,0
0.7298,63,0,0.5323,,9,0,2,0,0.0,0
0.0968,60,0,0.3797,10410.0,8,0,0,0,1.0,0
0.158,44,0,0.198,3555.0,8,0,1,0,3.0,0
0.1281,74,0,0.0623,3267.0,7,0,0,0,1.0,0
0.3392,32,0,0.5553,10358.0,13,0,0,0,3.0,0
0.3226,75,0,1.0041,6753.0,9,0,1,0,1.0,0
0.428,56,0,0.2826,3134.0,5,0,1,0,1.0,0
0.3026,23,0,0.2111,7571.0,9,0,1,0,1.0,0
0.0249,74,0,0.5324,,6,0,3,0,1.0,0
0.4861,66,0,0.5084,14665.0,4,0,0,0,1.0,0
0.3118,46,0,0.1296,2684.0,4,0,1,0,1.0,0
0.9513,38,0,0.822,3037.0,7,0,1,0,0.0,0
0.4114,30,0,0.3382,10057.0,9,0,2,0,0.0,0
0.5423,86,0,0.344,3146.0,8,0,0,0,1.0,0
1.286,39,3,0.3539,,4,1,1,0,0.0,0
0.338,34,0,0.7187,,4,0,0,0,0.0,0
0.1715,56,0,0.7074,1577.0,5,0,4,0,2.0,0
0.3857,29,0,0.2548,6180.0,8,0,0,0,1.0,0
0.657,38,0,0.6972,5253.0,6,0,1,0,1.0,0
0.285,66,0,0.1919,3985.0,5,0,0,0,1.0,0
0.0374,58,0,0.1808,14623.0,8,0,1,0,0.0,1
0.1985,47,0,1.008,11549.0,7,0,0,0,0.0,0
0.2942,52,0,0.3939,5716.0,10,0,1,0,0.0,0
0.2714,46,0,0.3199,3821.0,12,0,0,0,0.0,0
0.0497,51,0,0.3189,16995.0,9,0,1,0,0.0,0
0.2801,41,0,0.2849,3528.0,7,0,0,0,1.0,0
0.0127,44,0,0.9932,,9,0,2,0,0.0,1
0.7033,43,0,0.2863,4636.0,6,0,0,0,2.0,0
7.6292,42,0,0.1809,,11,0,3,0,2.0,0
1.2996,67,0,0.8978,1874.0,10,0,1,0,0.0,0
0.1461,63,0,0.9086,2930.0,11,0,1,0,1.0,0
0.0222,39,0,0.7671,,10,0,1,0,0.0,0
0.3397,35,0,0.1534,3246.0,5,0,1,0,1.0,0
0.4862,50,0,0.3492,7681.0,5,0,1,0,0.0,0
0.0424,82,0,0.2977,3366.0,10,0,0,0,0.0,0
0.5537,38,0,0.2458,4999.0,4,0,3,0,1.0,0
0.0326,50,0,0.2579,11103.0,3,0,0,0,2.0,0
0.4161,53,0,0.2071,2829.0,4,0,2,0,0.0,0
0.2549,50,0,0.4488,9550.0,6,0,0,0,0.0,0
2.6915,46,0,0.4325,,11,0,0,0,2.0,0
0.184,68,0,0.3077,3857.0,3,0,0,0,1.0,0
0.4044,58,0,0.6474,7280.0,8,0,4,0,2.0,0
0.2519,64,0,0.7144,,14,0,2,0,0.0,0
0.1091,60,0,0.6577,15570.0,7,0,1,0,1.0,0
0.3026,65,0,0.1736,2762.0,7,0,1,0,2.0,0
0.5816,74,0,1.0381,6748.0,9,0,2,0,0.0,0
0.2299,71,0,0.5244,4838.0,7,0,2,0,1.0,0
0.7729,85,0,0.1171,4946.0,9,0,0,0,1.0,1
1.2438,69,1,0.1038,12345.0,7,0,2,1,0.0,0
0.3685,43,0,0.5401,7581.0,11,0,0,0,1.0,0
0.2198,64,0,0.9778,4815.0,8,0,0,0,1.0,0
0.3754,62,0,0.5494,8556.0,11,0,1,0,1.0,0
0.2871,79,0,0.2929,7362.0,4,0,2,0,1.0,0
0.6329,38,0,0.1994,5142.0,6,0,1,0,1.0,0
0.0216,60,0,0.5446,2896.0,10,0,3,0,1.0,0
0.0947,42,0,0.4245,6362.0,6,0,0,0,0.0,0
0.0757,59,0,1.2402,,7,0,3,0,0.0,0
0.137,49,0,1.0519,2117.0,8,0,1,0,0.0,0
0.8411,59,0,0.6012,6163.0,8,0,2,0,0.0,0
0.923,32,0,0.2408,5995.0,8,0,1,0,0.0,0
0.1596,63,2,0.2753,4320.0,7,0,0,0,1.0,0
1.075,55,0,0.6223,7746.0,10,0,1,0,0.0,0
0.2069,54,0,0.8492,4921.0,9,0,1,0,1.0,0
0.7491,79,0,0.2238,,6,0,5,0,0.0,0
0.3525,47,0,0.3788,,3,0,0,0,0.0,0
0.0344,57,0,0.4482,2779.0,12,0,0,0,1.0,0
0.1295,53,0,0.3282,4238.0,3,0,3,0,0.0,0
0.6218,55,0,0.5078,,3,0,0,0,0.0,0
0.375,83,0,0.4132,6717.0,8,0,0,0,0.0,1
0.2532,53,0,0.4344,2878.0,12,0,0,0,0.0,0
0.2353,44,0,0.0457,3141.0,8,0,1,0,1.0,0
0.6215,78,0,0.6737,3556.0,11,0,0,0,0.0,1
2.6239,48,0,0.463,7257.0,5,0,3,0,1.0,0
0.2683,30,0,0.9467,16443.0,7,0,2,0,1.0,0
0.2482,42,0,0.1731,,9,0,0,0,2.0,0
0.1402,35,0,0.4145,10246.0,5,0,1,0,1.0,0
0.4579,27,0,0.2158,3496.0,8,0,1,0,1.0,0
0.1706,47,0,0.2592,7181.0,10,0,0,0,1.0,0
0.4075,51,0,0.5382,8684.0,9,0,0,0,2.0,0
1.3788,69,0,0.3464,15667.0,3,0,2,0,2.0,0
2.966,61,0,0.4456,3192.0,8,0,0,0,2.0,0
1.1295,60,0,0.3694,7459.0,8,0,1,0,,0
0.2566,39,0,0.2715,,8,0,4,0,1.0,0
1.0787,64,0,0.3362,3241.0,12,0,3,0,1.0,0
0.1673,71,0,0.6776,2927.0,7,0,1,0,1.0,0
0.6549,58,0,0.2262,3783.0,8,0,0,0,1.0,0
0.3921,58,0,0.6543,2227.0,7,0,2,0,1.0,0
0.4331,34,0,0.4516,1595.0,8,0,0,0,2.0,0
0.1592,67,0,0.1994,4832.0,13,0,2,0,1.0,0
0.0153,77,0,0.8497,,10,0,1,0,1.0,0
0.2746,57,0,0.3894,5880.0,8,0,1,0,2.0,0
0.0963,44,0,0.2268,1813.0,13,0,0,0,1.0,0
0.3394,50,0,0.3261,,10,0,1,0,1.0,0
0.0352,46,0,0.1995,2743.0,3,0,1,0,0.0,0
2.7628,47,0,0.3696,8600.0,12,0,1,0,0.0,0
0.6489,61,0,0.4905,1931.0,11,0,1,0,2.0,1
0.2586,56,0,0.5971,14295.0,4,0,0,0,0.0,0
0.5261,66,1,0.4138,5478.0,9,1,1,0,2.0,0
0.7252,57,0,1.2001,1897.0,4,0,1,0,2.0,0
0.2539,40,0,0.2228,4841.0,10,0,1,0,1.0,0
0.0614,45,0,0.3642,9753.0,11,0,0,0,0.0,0
0.0048,44,0,0.5804,,10,0,2,0,3.0,0
0.011,49,0,0.7261,3975.0,4,0,4,0,0.0,0
0.5302,77,0,0.4558,,6,0,1,0,1.0,0
2.818,79,0,0.7625,12281.0,7,0,3,0,0.0,0
0.3365,64,0,0.1407,14500.0,6,0,2,0,0.0,0
0.0063,54,0,0.5403,7662.0,3,0,1,0,0.0,0
1.0958,33,0,0.1916,8819.0,7,0,1,0,0.0,0
0.0719,55,1,0.3879,10401.0,5,0,0,1,1.0,0
1.5332,41,0,0.0677,7373.0,8,0,0,0,1.0,0
0.132,75,0,0.6126,3581.0,5,0,0,0,0.0,0
0.1219,30,0,0.1677,6242.0,9,0,2,0,2.0,0
0.08,57,0,0.3282,5183.0,9,0,1,0,2.0,0
0.1809,40,0,0.3519,,8,0,1,0,2.0,0
0.9747,52,0,0.64,3471.0,6,0,0,0,0.0,0
0.2075,61,0,0.5132,6060.0,7,0,1,0,3.0,0
0.2874,66,0,0.0764,9051.0,6,0,1,0,1.0,0
1.6643,51,0,0.1624,4863.0,9,0,2,0,0.0,0
0.5436,63,0,0.2868,5980.0,12,0,1,0,2.0,0
0.061,43,0,0.2541,6307.0,11,0,3,0,1.0,0
0.0041,55,0,0.3655,3631.0,18,0,1,0,3.0,0
0.4047,66,0,0.5079,4344.0,6,0,1,0,0.0,0
0.3364,57,0,0.6155,,8,0,0,0,0.0,0
0.9053,45,0,1.0617,7403.0,15,0,1,0,1.0,0
0.2827,48,0,0.8366,7417.0,10,0,3,0,1.0,0
1.1586,66,0,0.1967,,6,0,2,0,1.0,0
0.0254,37,0,0.5162,2052.0,6,0,2,0,2.0,0
0.7845,39,0,0.6836,7096.0,10,0,0,0,1.0,0
0.4783,60,0,0.967,5772.0,4,0,4,0,1.0,0
0.0375,46,0,0.7728,8144.0,5,0,1,0,0.0,0
0.2781,32,0,0.3975,4759.0,11,0,2,0,1.0,0
1.4977,71,0,0.6189,17917.0,9,0,1,0,2.0,0
0.2754,37,0,0.6972,5205.0,6,0,2,0,1.0,0
0.3548,49,0,0.6561,5793.0,6,0,1,0,0.0,0
0.5221,43,0,0.3145,4890.0,8,3,2,1,3.0,0
2.2074,48,0,0.6986,6170.0,10,0,2,0,1.0,0
0.1143,40,0,0.3601,2469.0,6,0,0,0,0.0,0
0.236,62,0,0.0938,5207.0,7,0,1,0,0.0,0
0.2681,54,0,0.3193,,10,0,2,0,0.0,0
3.4977,66,0,0.4049,4639.0,7,0,1,0,1.0,1
4.332,43,0,0.6739,3625.0,8,0,1,0,0.0,0
0.5165,82,0,0.5552,6221.0,8,0,2,0,,0
0.1594,25,0,0.1353,,7,0,3,0,1.0,0
0.0964,30,0,0.3389,2150.0,12,0,0,0,0.0,0
1.7889,77,0,0.423,4376.0,12,0,3,0,1.0,0
2.2905,59,0,0.4305,11084.0,10,0,0,0,0.0,0
0.7914,57,0,0.5033,3601.0,10,0,0,0,0.0,0
1.0371,58,0,0.9665,,10,0,0,0,1.0,0
0.3777,60,0,0.0756,6273.0,7,0,2,0,1.0,0
0.1883,56,0,0.7141,2492.0,8,0,1,0,0.0,0
0.5126,38,0,0.097,6098.0,10,0,1,0,2.0,0
0.5986,63,0,0.3732,,5,0,0,0,0.0,0
0.1127,61,0,0.8786,,11,0,4,0,1.0,0
0.6392,72,0,0.6886,,6,0,1,0,1.0,1
0.059,77,0,0.4203,19155.0,9,0,0,0,2.0,0
0.0859,57,3,0.5557,5795.0,8,0,0,0,1.0,0
0.1472,35,0,0.517,5416.0,8,0,0,0,2.0,0
7.0683,77,0,0.2814,5849.0,10,0,2,0,2.0,0
0.4358,38,0,0.9625,,5,0,1,0,,0
2.3455,57,1,0.4215,11639.0,7,0,0,0,0.0,0
0.6289,48,0,1.0544,2997.0,10,0,0,0,0.0,1
1.575,46,1,0.0243,11710.0,8,0,0,0,0.0,0
2.3787,63,0,0.5986,,8,0,2,0,0.0,0
0.7407,55,0,1.0412,11078.0,7,0,1,0,0.0,0
0.6487,59,0,0.8413,,5,0,3,0,0.0,1
3.2986,41,0,0.7014,,11,0,1,0,0.0,0
1.3067,50,0,0.5496,,11,0,1,0,1.0,0
0.3354,41,0,0.2968,,8,0,1,0,1.0,0
7.8858,49,0,0.3333,4387.0,9,0,0,0,3.0,0
0.226,50,0,0.2657,3778.0,9,0,0,0,1.0,0
0.012,78,0,0.6072,6750.0,10,0,0,0,,0
0.0788,48,0,0.7486,28894.0,5,0,4,0,0.0,0
0.2226,22,0,0.4759,2008.0,15,0,0,0,0.0,0
0.2814,72,0,0.3375,4583.0,9,0,0,0,1.0,0
0.3884,58,0,1.3092,9108.0,9,0,1,0,2.0,0
0.6561,50,0,0.5413,4401.0,3,0,0,0,0.0,0
2.8689,46,2,0.7797,4692.0,8,0,0,0,1.0,0
1.1139,39,0,0.9102,11316.0,5,0,0,0,1.0,0
0.2826,79,0,0.2303,,6,0,2,0,0.0,0
0.3885,53,0,0.3185,5012.0,8,0,1,0,0.0,0
2.4668,28,0,0.1145,4706.0,11,0,2,0,,0
0.1059,57,0,0.5664,,12,0,2,0,0.0,0
0.1207,69,0,0.5553,3153.0,8,0,1,0,0.0,0
0.8532,54,2,0.424,3380.0,9,1,0,2,0.0,0
0.9036,39,1,0.6067,9058.0,9,1,1,2,3.0,0
0.2813,38,0,0.397,3066.0,3,0,2,0,0.0,0
3.7363,39,4,0.5744,4684.0,8,1,1,0,2.0,0
0.4911,73,0,0.6897,3383.0,9,0,1,0,0.0,0
4.8645,51,0,0.1243,7299.0,14,0,2,0,0.0,0
0.4171,28,0,0.3474,,8,0,3,0,0.0,0
0.3645,57,0,0.3935,,4,0,0,0,0.0,0
0.131,54,2,0.0861,5574.0,5,0,2,0,1.0,0
0.0458,46,0,1.1078,11183.0,11,0,1,0,,0
0.5003,38,0,0.1889,,8,0,1,0,0.0,0
0.2755,37,0,0.8103,5400.0,14,0,1,2,2.0,0
2.0551,67,0,0.6372,1824.0,4,0,0,0,1.0,0
0.3764,55,0,0.46,3545.0,2,0,0,0,1.0,0
0.6224,59,0,0.3332,,5,0,2,0,1.0,0
0.3967,55,0,0.0713,8391.0,13,0,1,0,0.0,0
0.649,57,0,0.3673,5968.0,10,0,1,0,0.0,0
0.528,45,0,0.896,3423.0,6,0,1,0,4.0,0
0.2012,49,0,0.7286,6839.0,7,0,1,0,0.0,0
1.2192,68,0,0.1334,1628.0,9,0,0,0,0.0,0
0.3476,72,0,0.5144,7430.0,9,0,1,0,0.0,0
3.3873,35,0,0.0961,24221.0,7,0,2,0,1.0,0
0.1238,49,0,0.205,9594.0,10,0,2,0,,0
2.7257,64,0,0.9121,8192.0,6,0,1,0,1.0,0
0.0178,78,0,0.8739,,7,0,0,0,1.0,0
0.1649,77,0,0.1682,4565.0,6,0,1,0,0.0,0
0.3496,41,0,0.6864,11935.0,1,0,0,0,1.0,0
0.4805,70,0,0.3454,3295.0,9,0,1,0,0.0,0
0.2339,53,0,0.8538,1708.0,5,0,2,0,1.0,0
0.7241,67,0,0.5121,3802.0,4,0,2,0,1.0,0
0.9674,63,0,0.1918,4745.0,6,0,1,0,1.0,0
0.079,34,0,0.224,3979.0,7,0,0,0,1.0,0
0.1032,60,0,0.4076,5985.0,5,0,1,0,1.0,0
0.6098,66,0,0.729,5127.0,9,0,0,0,1.0,0
4.7324,52,0,0.4553,,10,0,1,0,0.0,0
0.8834,49,0,0.2444,996.0,11,0,2,0,2.0,0
0.2542,30,0,0.1388,12085.0,5,0,1,0,0.0,0
0.0502,62,0,0.2126,,10,0,0,0,0.0,0
0.0022,55,0,0.5145,8312.0,9,0,1,0,3.0,0
0.676,39,0,0.4182,3984.0,4,0,0,0,3.0,0
1.0269,47,2,0.7686,9512.0,6,0,0,0,1.0,0
0.2249,54,0,0.5195,,11,0,0,0,0.0,0
1.0094,44,3,0.2938,2658.0,3,0,1,0,1.0,0
0.4013,52,0,0.8804,5325.0,11,0,0,0,1.0,0
0.2744,28,0,0.2856,3428.0,12,0,1,0,0.0,0
0.5783,71,3,0.1024,24489.0,11,1,1,1,0.0,0
0.4349,52,0,0.7297,10487.0,9,0,0,0,2.0,0
0.1582,37,0,0.5546,4950.0,5,0,0,0,0.0,0
0.3308,21,0,0.427,1670.0,11,0,0,0,1.0,0
0.5039,66,0,0.2913,3040.0,9,0,1,0,1.0,0
0.6853,60,0,0.5736,4927.0,12,0,2,0,1.0,0
0.1862,55,0,0.3406,2861.0,9,0,0,0,0.0,0
0.0409,64,0,0.4832,4099.0,9,0,1,0,0.0,0
0.3015,64,0,0.7172,5615.0,5,0,3,0,0.0,0
3.6962,55,0,0.219,8093.0,4,0,1,0,1.0,0
0.1851,48,0,0.1832,5483.0,4,0,0,0,2.0,0
0.745,46,0,0.3225,18762.0,8,0,1,0,0.0,0
0.491,58,0,0.6533,4342.0,10,0,0,0,0.0,1
0.5331,72,0,0.2917,3546.0,11,0,0,0,1.0,0
0.1286,51,0,0.2737,7155.0,11,0,3,0,0.0,0
0.6888,73,0,0.8129,9010.0,7,0,1,0,0.0,0
0.2386,57,0,0.1095,9206.0,6,0,0,0,0.0,0
0.4501,57,4,0.7401,16431.0,6,1,0,0,0.0,0
0.0985,86,0,0.4644,,7,0,2,0,2.0,0
0.0619,75,0,1.4908,5984.0,11,0,2,0,1.0,0
6.6009,76,3,0.8946,17608.0,6,0,0,1,0.0,0
0.5128,41,0,0.8979,3182.0,9,0,0,0,2.0,1
4.224,83,0,0.6227,5038.0,11,0,1,0,2.0,1
0.2942,51,0,0.3642,3584.0,8,0,2,0,1.0,0
0.7038,49,0,0.2078,3538.0,13,0,1,0,0.0,0
0.1612,22,0,0.7251,2302.0,10,0,3,0,0.0,0
0.1958,57,0,0.0192,5375.0,4,0,1,0,0.0,0
4.3936,37,0,0.4822,8669.0,6,0,1,0,0.0,0
0.5967,58,0,0.6753,4203.0,10,0,0,0,0.0,0
0.0215,36,0,0.4646,3785.0,4,0,0,0,0.0,0
0.6581,77,0,0.5961,2400.0,10,0,3,0,1.0,1
0.1956,60,0,0.494,7363.0,11,0,2,0,0.0,0
0.2964,84,2,0.9112,3788.0,10,2,1,1,1.0,0
7.7718,38,0,0.4309,3200.0,8,0,0,0,2.0,0
0.2013,74,0,0.5735,,10,0,1,0,0.0,0
0.0363,27,0,0.1152,4364.0,10,0,1,0,0.0,0
0.0449,55,0,0.5136,,11,0,0,0,2.0,0
2.3968,43,3,0.2352,14471.0,8,0,1,0,0.0,0
0.3336,46,0,0.019,,5,0,0,0,1.0,0
0.3146,45,0,0.3487,17289.0,5,0,0,0,1.0,0
0.4182,39,0,0.513,5751.0,7,0,0,0,1.0,0
1.544,34,0,0.6357,,11,0,1,0,1.0,0
0.7414,46,0,0.7913,3402.0,5,0,0,0,0.0,0
0.1294,54,0,0.2801,,3,0,1,0,1.0,0
2.1377,68,0,0.2808,9526.0,9,0,1,0,1.0,0
0.5858,56,0,0.5028,14036.0,7,0,1,0,0.0,0
0.6871,68,0,0.9692,5235.0,11,0,1,0,1.0,0
0.1982,31,0,0.2295,,14,0,1,0,1.0,0
1.7168,46,0,0.8458,,5,0,2,0,0.0,0
6.9712,62,0,0.4521,13475.0,12,0,1,0,0.0,0
5.1721,57,5,0.2761,4780.0,9,0,3,0,2.0,0
1.0143,40,1,0.0148,9927.0,5,0,1,0,0.0,0
0.7165,65,0,0.4905,7775.0,16,0,3,0,0.0,0
0.1797,45,0,0.2907,1070.0,6,0,3,0,1.0,0
2.9471,41,0,0.6017,5527.0,5,0,1,0,1.0,0
0.7837,59,0,0.1606,3151.0,5,0,3,0,0.0,0
1.0891,52,0,0.3789,,12,0,1,0,2.0,0
0.1046,45,0,0.702,4092.0,6,0,1,0,0.0,0
1.0221,44,0,0.3306,4661.0,7,0,0,0,0.0,0
0.4414,37,0,0.3347,,13,0,0,0,2.0,0
0.8681,46,0,0.5591,7600.0,7,0,2,0,0.0,0
0.0908,67,0,0.4449,4751.0,9,0,1,0,0.0,0
0.5736,55,0,0.104,4618.0,7,0,0,0,1.0,0
0.7063,65,0,0.4989,10675.0,6,0,1,0,1.0,0
0.2688,59,0,0.0889,5262.0,5,0,0,0,0.0,0
1.1531,43,0,0.2779,,10,0,0,0,0.0,0
0.4104,29,0,0.3871,4525.0,8,0,0,0,1.0,0
0.2251,39,0,0.9489,1744.0,10,0,0,0,0.0,0
1.8261,43,0,0.4317,6050.0,4,0,0,0,1.0,0
0.2756,42,0,0.1282,3245.0,7,0,1,0,0.0,0
0.3492,66,0,0.4933,4118.0,4,0,1,0,0.0,0
0.3294,66,1,0.2934,11549.0,6,0,2,1,,0
0.1899,83,0,0.5516,8756.0,12,0,0,0,1.0,0
0.1015,41,0,0.4646,3522.0,5,0,2,0,0.0,0
0.4612,74,0,0.5072,4081.0,4,0,3,0,1.0,1
0.0703,74,0,1.0229,2344.0,10,0,1,0,1.0,0
0.0095,49,0,0.6525,3061.0,3,0,2,0,0.0,0
0.7108,59,2,0.4944,,7,0,2,0,0.0,0
0.2691,69,0,0.2418,7736.0,4,0,0,0,2.0,0
0.6556,51,0,0.3774,10170.0,9,0,3,0,0.0,0
0.098,50,0,0.531,2228.0,6,0,0,0,3.0,0
1.1167,43,0,0.7954,5120.0,7,0,1,0,0.0,0
0.5972,21,0,0.6848,6635.0,14,0,1,0,1.0,0
0.0915,53,0,0.1703,4270.0,3,0,0,0,1.0,0
0.2794,42,0,0.2107,3656.0,5,0,1,0,0.0,0
0.105,37,0,0.314,4936.0,16,0,1,0,0.0,0
0.3556,58,0,0.4974,7705.0,4,0,1,0,1.0,0
0.7666,32,0,0.2516,2667.0,6,0,2,0,1.0,0
0.463,63,0,0.693,14867.0,15,0,1,0,0.0,0
0.9707,59,0,0.4894,5789.0,11,0,1,0,0.0,0
0.0487,46,0,0.4738,3681.0,10,0,0,0,1.0,0
0.5142,51,0,0.3495,,6,0,2,0,0.0,0
0.3506,35,0,0.2689,5759.0,6,0,1,0,1.0,0
0.5001,63,0,0.3891,18975.0,8,0,1,0,0.0,0
0.5251,55,0,0.5049,7406.0,9,0,0,0,2.0,0
0.3126,56,0,0.0073,1380.0,14,0,1,0,0.0,0
0.9265,59,0,0.7087,3722.0,10,0,2,0,2.0,0
0.7323,43,0,0.4333,5402.0,9,0,2,0,0.0,0
0.1406,31,0,0.5315,3825.0,6,0,1,0,1.0,0
0.2304,65,0,0.1672,3157.0,13,0,3,0,1.0,0
0.3481,62,0,0.0605,,10,0,1,0,2.0,0
0.1522,45,0,0.6283,3899.0,3,0,0,0,0.0,0
0.092,58,0,0.517,6999.0,9,0,0,0,1.0,0
4.8342,70,0,0.064,2335.0,12,0,2,0,,0
0.1805,68,0,0.1026,,8,0,0,0,1.0,0
0.2337,44,0,0.8054,,11,0,0,0,0.0,0
0.8882,31,0,0.3931,4966.0,9,0,0,0,1.0,0
0.3637,34,0,0.8784,9701.0,10,0,1,0,0.0,0
0.0762,48,0,1.1656,10786.0,9,0,0,0,2.0,0
0.0001,72,0,0.1907,5327.0,7,0,3,0,3.0,0
0.4808,42,0,0.6657,2865.0,9,0,0,0,2.0,0
0.7223,44,0,0.2534,4873.0,8,0,2,0,3.0,0
0.149,43,0,0.261,6202.0,13,0,0,0,2.0,0
0.2902,45,0,0.5106,3801.0,6,0,1,0,2.0,0
1.3118,52,0,0.1684,3116.0,9,0,2,0,0.0,0
0.0738,34,0,0.161,2954.0,9,0,0,0,3.0,0
0.081,67,0,0.2296,3877.0,10,0,1,0,0.0,0
0.0659,50,0,0.5889,,13,0,0,0,1.0,0
0.4915,87,0,0.6293,,14,0,1,0,0.0,1
4.7381,36,0,0.5129,11596.0,7,0,2,0,1.0,0
1.7816,74,0,0.4739,10563.0,7,0,1,0,2.0,0
0.0202,71,0,0.5147,1583.0,7,0,0,0,1.0,0
2.8756,46,0,0.5197,3439.0,8,0,2,0,0.0,0
1.8936,46,0,0.0951,5377.0,6,0,3,0,,0
0.5313,39,0,0.2303,2648.0,12,0,1,0,0.0,0
0.6981,39,0,0.5424,5934.0,9,0,1,0,0.0,0
0.1651,52,0,0.9182,4506.0,6,0,2,0,2.0,0
0.3769,52,0,0.7724,2987.0,6,0,2,0,1.0,0
0.5289,30,0,0.6144,7676.0,6,0,1,0,0.0,0
1.6369,84,0,0.0933,3900.0,11,0,2,0,0.0,0
0.1422,48,0,0.9778,5178.0,8,0,2,0,1.0,0
0.9599,53,1,0.7198,9320.0,8,0,1,0,0.0,0
0.1717,43,0,0.5925,8478.0,3,0,0,0,0.0,0
0.0329,48,0,0.7609,6051.0,11,0,2,0,0.0,0
0.5929,47,0,0.4807,2839.0,6,0,0,0,1.0,0
3.2777,52,0,0.6401,3738.0,4,0,0,0,0.0,1
0.5078,52,0,0.2651,5504.0,9,0,0,0,2.0,0
0.3461,63,0,0.8268,3168.0,6,0,1,0,1.0,0
0.6547,55,0,0.6002,3069.0,8,0,1,0,0.0,0
0.5001,62,0,0.4357,4354.0,3,0,1,0,1.0,0
0.0647,52,0,0.1179,8337.0,7,0,0,0,1.0,0
0.277,55,0,0.1187,6129.0,6,0,2,0,3.0,0
0.4928,49,0,1.0467,4784.0,10,0,0,0,2.0,0
2.1355,66,0,0.4366,3807.0,8,0,0,0,1.0,0
0.1991,57,0,0.2683,2684.0,6,0,2,0,0.0,0
0.7671,50,0,0.0413,7410.0,10,0,0,0,0.0,0
0.5929,49,0,0.7257,10034.0,8,0,0,0,0.0,0
0.7515,50,0,0.8323,,6,0,0,0,1.0,0
2.0924,52,0,0.4476,5513.0,4,0,0,0,,0
0.2622,51,0,0.5068,4499.0,8,0,1,0,0.0,0
0.576,44,0,0.7705,19444.0,4,0,1,0,2.0,0
0.9314,63,0,0.5292,,6,0,0,0,0.0,0
0.557,64,0,0.6302,10749.0,6,0,2,0,2.0,0
0.3562,77,0,0.6669,6176.0,10,0,2,0,3.0,0
1.515,44,1,0.1303,4771.0,9,0,2,0,1.0,0
0.235,61,0,0.5649,,4,0,4,0,1.0,0
0.4204,25,0,1.0544,2962.0,9,0,2,0,1.0,0
0.2346,64,0,0.6326,3575.0,2,0,1,0,0.0,0
0.6095,32,0,0.6527,6972.0,12,0,1,0,0.0,0
0.3275,38,0,0.5389,1963.0,5,0,0,0,4.0,0
0.0984,57,0,0.1627,20551.0,8,0,1,0,3.0,0
0.2761,43,0,0.9257,3992.0,10,0,0,0,0.0,0
0.1487,41,0,0.1267,,5,0,1,0,2.0,0
0.538,45,0,0.4688,21429.0,8,0,3,0,0.0,0
0.126,62,1,1.0225,7025.0,9,0,7,0,0.0,0
0.5266,39,0,0.3652,13195.0,11,0,1,0,0.0,0
0.2658,51,0,0.286,4673.0,11,0,2,0,1.0,0
1.9556,47,0,0.2087,14040.0,11,0,1,0,1.0,0
0.1093,63,0,0.4205,2133.0,5,0,1,0,0.0,0
0.9297,64,0,0.3954,,14,0,3,0,2.0,0
0.1509,26,0,0.9029,1678.0,7,0,0,0,0.0,0
0.443,67,0,0.7449,6320.0,11,0,0,0,1.0,0
0.2378,43,0,0.8211,7481.0,8,0,1,0,1.0,0
0.2407,55,0,0.4177,7419.0,9,0,0,0,1.0,0
0.0309,39,0,0.409,5168.0,7,0,1,0,0.0,0
0.2501,57,0,0.0729,,5,0,2,0,4.0,0
0.8358,88,0,0.1325,,5,0,2,0,0.0,0
0.2559,54,0,0.3782,11101.0,7,0,0,0,0.0,0
0.4948,46,0,0.8968,2782.0,3,0,2,0,0.0,0
0.0346,49,0,0.5241,,5,0,0,0,0.0,0
0.0718,31,0,0.4211,1731.0,3,0,0,0,2.0,0
0.7382,72,0,0.1808,5478.0,5,0,1,0,1.0,0
0.4594,56,0,0.2563,7637.0,8,0,0,0,1.0,0
0.1007,37,0,0.6285,2816.0,5,0,2,0,1.0,0
0.6692,38,0,0.6519,5414.0,7,0,4,0,0.0,0
0.3617,52,0,0.3835,9406.0,8,0,1,0,0.0,0
0.6,65,0,0.4147,2955.0,5,0,0,0,1.0,0
0.4161,36,0,0.6678,,9,0,1,0,1.0,0
2.6714,68,0,0.6861,2233.0,4,0,1,0,0.0,0
0.5026,51,0,0.8906,7974.0,6,0,0,0,0.0,0
0.6116,39,0,0.5735,3225.0,4,0,0,0,1.0,0
0.4274,45,0,0.5439,4372.0,12,0,0,0,0.0,0
0.3468,76,0,0.1284,9652.0,5,0,0,0,0.0,0
0.7026,33,0,0.0702,1125.0,5,0,3,0,0.0,0
1.0836,42,0,0.5805,5812.0,11,0,0,1,0.0,0
0.4034,65,1,0.2556,7093.0,12,0,0,0,1.0,0
0.5237,55,0,0.8884,3899.0,10,0,0,0,3.0,0
0.4317,41,0,0.2228,7532.0,5,0,0,0,0.0,0
0.5344,66,0,0.982,2753.0,4,0,3,0,3.0,1
0.2045,66,0,0.4709,4404.0,4,0,1,0,1.0,0
0.4329,57,0,0.527,6953.0,10,0,1,0,1.0,0
1.7304,43,0,0.1106,1306.0,7,0,0,0,1.0,0
1.7616,46,0,0.403,8365.0,11,0,1,0,0.0,0
0.2196,56,0,0.3058,9070.0,6,0,3,0,1.0,0
0.0409,34,0,0.4475,,10,0,0,0,0.0,0
0.4345,71,2,0.7567,7675.0,15,0,2,0,1.0,0
0.7018,76,0,0.3835,6837.0,5,0,0,0,0.0,0
1.2764,49,0,0.5649,6635.0,10,0,0,0,0.0,0
0.1461,57,0,0.4962,8288.0,4,0,2,0,0.0,0
0.16,69,0,0.9693,8172.0,8,0,0,0,0.0,0
0.0844,79,0,0.3726,22128.0,10,0,1,0,0.0,0
0.6079,74,0,0.2691,,12,0,1,0,1.0,0
0.6186,28,0,0.7681,9353.0,6,0,0,0,1.0,0
0.3228,48,1,0.0993,2097.0,13,0,0,1,1.0,0
0.3317,59,0,0.2027,13644.0,8,0,0,0,2.0,0
0.2835,45,0,0.4106,7887.0,15,0,0,0,2.0,0
0.1347,77,0,0.3098,3040.0,10,0,2,0,0.0,0
0.5906,75,0,0.6339,8366.0,12,0,1,0,1.0,1
0.3137,41,0,0.9757,6390.0,12,0,1,0,1.0,0
0.4108,50,0,0.8323,1873.0,4,0,0,0,1.0,0
0.5238,42,0,0.143,10219.0,12,0,0,0,0.0,0
0.7648,49,0,1.2743,17623.0,6,0,0,0,2.0,0
0.332,49,0,0.722,12313.0,10,0,1,0,1.0,0
0.3489,65,0,0.5665,6637.0,7,0,0,0,0.0,0
0.2316,40,0,0.3958,9171.0,11,0,2,0,0.0,0
0.1524,21,0,0.1298,7209.0,4,0,3,0,2.0,1
0.0947,30,0,0.3117,,5,0,1,0,1.0,0
4.5597,38,0,0.3123,,6,0,2,0,1.0,0
0.1277,43,0,0.3552,2070.0,11,0,0,0,0.0,0
0.13,55,0,0.1471,3826.0,4,0,2,0,1.0,0
0.7855,37,0,0.9163,2810.0,8,0,1,0,0.0,0
3.0769,35,0,0.1887,,7,0,3,0,0.0,0
0.1662,39,0,0.0238,,11,0,1,0,0.0,0
0.1838,36,0,0.5116,,11,0,0,0,1.0,0
0.5322,44,0,0.7676,3937.0,6,0,1,0,1.0,0
4.4839,44,0,0.2513,,12,0,2,0,0.0,0
0.8355,62,0,0.2768,8799.0,9,0,1,0,0.0,0
0.1521,38,0,0.0882,,6,0,0,0,2.0,0
0.8324,47,0,0.7414,10954.0,8,0,1,0,0.0,0
0.0987,44,0,0.2383,,6,0,1,0,3.0,0
0.1501,63,0,0.5542,,8,0,1,0,0.0,0
0.3409,50,0,0.2359,4328.0,6,0,1,0,0.0,0
0.2642,67,0,0.6991,7021.0,9,0,1,0,0.0,0
0.7171,36,0,1.3269,3001.0,6,0,1,0,1.0,0
1.1688,51,0,0.6834,9775.0,9,0,1,0,0.0,0
0.115,44,0,0.0749,,12,0,1,0,1.0,0
0.3193,35,3,0.3004,,5,0,0,1,2.0,0
0.7795,51,0,0.517,4971.0,8,0,1,0,0.0,0
0.6856,76,0,0.3744,10414.0,8,0,0,0,0.0,0
0.1867,40,0,0.5864,7592.0,10,0,2,0,0.0,0
6.1339,50,0,0.5456,2390.0,3,0,2,0,0.0,1
0.4877,34,0,0.2364,10171.0,10,0,0,0,1.0,0
0.0059,32,0,0.3354,3235.0,8,0,1,0,0.0,0
0.1071,41,0,0.815,18540.0,4,0,1,0,1.0,0
0.3287,46,0,0.5649,4960.0,6,0,0,0,0.0,0
0.0838,46,0,0.4533,,7,0,0,0,1.0,0
0.5988,49,0,0.0857,3828.0,9,0,0,0,2.0,0
1.0453,29,0,0.1844,3705.0,5,0,1,0,0.0,0
0.2307,43,0,0.4061,7254.0,6,0,1,0,,0
0.3022,59,0,0.2691,10869.0,7,0,1,0,0.0,0
0.527,33,0,0.1955,,10,0,1,0,0.0,0
0.1307,47,0,0.1827,4391.0,6,0,1,0,1.0,0
0.2276,56,0,0.4194,14976.0,13,0,2,0,0.0,0
0.2645,41,0,0.7678,5046.0,10,0,1,1,1.0,0
0.6464,57,0,0.1695,9461.0,11,0,0,0,2.0,0
0.1461,31,0,0.1728,2233.0,12,0,4,0,2.0,0
0.285,64,0,0.3479,9625.0,9,0,0,0,0.0,0
0.2244,57,0,0.4252,2990.0,7,0,1,0,0.0,0
0.4525,53,2,0.3679,3148.0,10,0,4,0,1.0,0
0.1472,68,0,0.4111,,8,0,1,0,0.0,0
0.0352,47,0,0.1992,6588.0,6,0,2,0,1.0,0
0.2538,43,0,1.2766,,8,0,0,0,0.0,0
0.3593,71,0,0.5756,15775.0,7,0,3,0,0.0,0
2.3642,78,0,0.2058,4431.0,4,0,1,0,2.0,1
0.5942,42,0,0.5101,3231.0,8,0,1,0,0.0,0
1.5579,50,0,0.47,8608.0,8,0,3,0,1.0,0
0.1993,67,0,0.6947,8334.0,7,0,1,0,0.0,0
0.3683,51,0,0.0948,4346.0,3,0,0,0,0.0,0
0.5614,60,0,0.8413,4124.0,8,0,2,0,,0
0.6601,63,0,0.9752,,7,0,3,1,1.0,0
0.0857,44,0,0.219,2192.0,5,0,1,0,0.0,0
0.5935,58,0,0.3871,2624.0,5,0,1,0,0.0,0
0.3024,52,0,0.7309,4592.0,9,0,1,0,1.0,0
1.4466,35,0,0.8443,3984.0,9,0,1,0,0.0,0
0.1111,38,0,0.5826,6624.0,5,0,1,0,0.0,0
0.6392,43,0,0.2004,4734.0,9,0,1,0,0.0,0
0.1183,65,0,0.1815,6671.0,7,0,2,0,0.0,0
0.4054,65,0,0.5201,6339.0,6,0,4,0,1.0,0
5.3246,62,0,0.4609,4647.0,7,0,1,0,0.0,0
1.1132,58,0,0.8139,8857.0,8,0,1,0,1.0,0
0.5762,58,0,1.2054,7483.0,12,0,0,0,1.0,0
0.8518,56,0,0.3928,7344.0,4,0,1,0,0.0,0
0.5049,58,0,0.2006,3456.0,7,0,0,0,0.0,0
0.4282,59,0,0.2986,,10,0,2,0,0.0,0
2.1811,32,0,0.6045,6571.0,5,0,2,0,0.0,0
0.0847,41,0,0.5605,3765.0,10,0,0,0,1.0,0
0.1576,38,0,0.4212,7262.0,10,0,0,0,0.0,0
0.0381,68,0,0.5003,2392.0,7,0,1,0,2.0,0
0.3015,75,0,0.8301,2124.0,10,0,0,0,2.0,0
0.5508,22,0,0.4167,8838.0,4,0,0,0,0.0,0
0.1214,74,0,0.1962,2965.0,7,0,2,0,0.0,0
0.0298,53,0,0.2962,12077.0,8,0,2,0,1.0,0
0.3149,66,0,0.5874,,6,0,0,0,1.0,0
0.8945,59,0,0.5604,,10,0,0,0,0.0,0
0.4808,72,0,0.8431,12497.0,4,0,1,0,1.0,0
0.0665,55,0,0.9391,6971.0,6,0,2,0,1.0,0
0.3637,33,0,0.3471,3734.0,9,0,0,0,0.0,0
0.2695,51,0,0.4473,7182.0,9,0,1,0,0.0,0
0.1999,59,2,0.1968,6209.0,4,1,0,1,1.0,0
0.5216,49,0,0.168,11978.0,13,0,2,0,0.0,0
0.3565,61,0,0.8967,4165.0,12,0,1,0,0.0,0
0.2805,51,0,0.4037,11112.0,11,0,0,0,3.0,0
0.8022,44,0,0.5664,,6,0,2,0,2.0,0
0.7087,37,0,1.2634,4423.0,5,0,0,0,0.0,1
0.0498,47,0,0.9054,12300.0,7,0,1,0,0.0,0
5.5693,55,0,0.5779,8443.0,10,0,2,0,1.0,0
0.4431,25,0,0.6254,2963.0,6,0,3,0,0.0,1
5.2163,41,1,0.7837,5361.0,4,0,0,0,1.0,0
0.29,24,0,0.4401,,11,0,3,0,0.0,0
0.0885,43,0,0.5802,4595.0,11,0,2,0,,0
2.1453,69,0,0.354,4784.0,7,0,0,0,1.0,0
0.5423,35,0,0.423,2489.0,8,0,0,0,1.0,0
0.3644,62,0,0.6792,3806.0,7,0,2,0,0.0,0
0.6791,92,0,0.3724,10388.0,7,0,2,0,1.0,0
0.2177,72,0,0.1359,,6,0,0,0,0.0,0
0.3522,54,2,0.6688,5503.0,5,0,2,0,1.0,1
0.1013,64,0,0.6597,12799.0,14,0,0,0,1.0,0
0.8901,33,0,0.0507,3567.0,4,0,0,0,0.0,1
0.1136,30,0,0.6206,2373.0,8,0,0,0,1.0,0
0.4995,52,0,0.3371,4128.0,8,0,1,0,1.0,0
0.2052,58,0,0.9166,8086.0,7,0,1,0,1.0,0
0.5229,67,0,0.882,3481.0,9,0,1,0,,0
0.6862,44,0,0.4564,3500.0,7,0,2,0,1.0,0
0.9276,55,0,0.0467,6990.0,8,0,0,0,0.0,0
1.2947,54,2,0.2223,,7,0,1,0,2.0,0
0.0557,50,0,0.1487,3840.0,11,0,1,0,,0
0.2183,51,0,0.0969,5746.0,10,0,0,0,2.0,0
0.4661,40,0,0.5669,2192.0,11,0,5,0,2.0,0
0.4739,56,0,0.3971,3567.0,8,0,0,0,0.0,0
0.3737,55,0,0.6985,8182.0,6,0,1,0,0.0,0
0.423,46,0,0.5952,4964.0,10,0,1,0,2.0,0
0.686,61,0,0.6527,9141.0,8,0,0,0,0.0,0
0.2333,66,0,0.2297,4001.0,8,0,0,0,0.0,0
0.4022,61,0,0.2482,7395.0,5,0,0,0,0.0,0
2.3889,37,0,0.271,4886.0,9,0,3,0,0.0,0
0.7724,53,0,0.3216,3976.0,8,0,0,0,1.0,0
0.3629,39,0,0.4891,2398.0,7,0,0,0,0.0,0
0.0162,53,0,0.3657,10241.0,5,0,0,0,4.0,0
0.4215,39,0,0.4358,2551.0,6,0,1,0,1.0,0
0.572,70,0,1.2061,,11,0,0,0,0.0,1
0.1435,63,0,0.4192,,7,0,0,0,1.0,0
0.5437,68,0,0.2772,9525.0,5,0,0,0,0.0,0
0.4186,67,0,0.3541,4781.0,8,0,0,0,1.0,0
0.6499,48,0,0.3724,5328.0,8,0,0,0,0.0,0
0.0224,46,0,0.5289,4116.0,11,0,1,0,0.0,0
0.9495,76,0,0.4124,18794.0,5,0,0,0,1.0,0
0.0811,50,0,0.8117,3041.0,10,0,1,0,0.0,0
0.1851,33,0,0.1482,4332.0,5,0,1,0,1.0,0
0.072,66,0,0.3876,1943.0,8,0,0,0,,0
0.1403,54,0,0.8737,,9,0,0,0,0.0,0
1.0717,73,0,0.2121,1915.0,12,0,0,0,2.0,0
0.2621,55,0,0.3914,,7,0,0,0,1.0,0
2.0781,52,0,0.4341,3930.0,5,0,2,0,0.0,0
0.8907,73,0,0.7431,7290.0,10,0,1,0,0.0,0
0.6104,30,0,0.3629,3147.0,6,0,1,0,0.0,0
1.7007,44,0,0.7129,3900.0,6,0,1,0,0.0,1
1.1936,40,0,0.4696,8114.0,5,0,2,0,1.0,0
0.1227,21,0,0.1369,2611.0,6,0,0,0,0.0,0
0.1022,64,0,1.1153,6167.0,5,0,1,0,0.0,0
0.9542,44,0,1.2815,8154.0,3,0,0,0,1.0,0
0.7131,65,0,0.3451,,8,0,1,0,1.0,0
1.8587,57,0,0.0579,4689.0,8,0,1,0,0.0,0
0.4759,60,0,0.1772,12248.0,7,0,1,0,0.0,0
0.884,46,0,0.7257,3345.0,3,1,1,0,2.0,0
0.8663,41,0,0.3329,9591.0,7,0,0,0,2.0,0
0.517,53,0,0.2637,,11,0,2,0,0.0,0
0.3145,65,0,0.531,11189.0,5,2,0,0,0.0,0
0.3318,51,0,0.4619,,8,0,0,0,0.0,0
0.4129,42,0,0.23,4621.0,9,0,1,0,0.0,0
2.0431,35,1,0.3357,10833.0,5,0,4,0,0.0,0
1.6654,55,0,0.7552,4579.0,3,0,1,0,3.0,0
0.6594,44,0,0.5188,2348.0,3,0,1,0,1.0,0
5.5355,51,0,0.1019,1135.0,5,0,2,0,0.0,0
1.8648,49,0,0.5269,,6,0,2,0,0.0,0
0.4626,46,0,0.793,10217.0,11,0,2,0,0.0,0
1.7861,56,0,0.1717,4049.0,9,0,1,2,0.0,0
0.2928,60,0,0.6717,,5,0,0,0,1.0,0
0.5057,80,0,0.8216,4073.0,11,0,1,0,0.0,1
0.3699,63,0,0.37,4338.0,6,0,0,0,0.0,0
0.11,74,0,0.9857,3722.0,5,0,2,0,1.0,0
0.1087,41,0,0.2384,4226.0,5,0,1,0,0.0,0
0.4705,30,0,0.3301,2801.0,5,0,1,0,1.0,0
0.2283,52,0,0.5377,6278.0,10,0,0,0,3.0,0
1.2202,64,0,0.5676,15247.0,10,0,0,0,1.0,0
3.8908,62,0,0.918,5496.0,10,0,1,0,0.0,0
0.2232,69,0,0.1328,3443.0,7,0,0,0,1.0,0
0.0746,21,0,0.3067,,5,0,0,0,0.0,0
0.1842,70,0,0.9983,4517.0,6,0,2,0,1.0,0
0.3661,57,0,0.2934,3168.0,9,0,2,0,0.0,0
0.611,30,0,0.3928,4926.0,11,0,0,0,3.0,0
0.7039,62,0,0.8161,6096.0,7,0,5,0,,0
0.4226,54,0,0.4083,4010.0,9,0,1,0,0.0,0
2.0394,57,0,0.1543,7975.0,6,0,0,0,2.0,0
0.5558,66,0,0.3192,12810.0,7,0,6,0,1.0,0
0.7319,58,0,0.8169,3108.0,5,0,1,0,0.0,0
0.0846,31,0,0.8939,5006.0,7,0,0,0,0.0,0
0.0749,50,0,0.4265,3648.0,5,0,2,0,0.0,0
0.5267,29,0,0.6001,3532.0,11,0,2,0,1.0,0
0.5455,61,0,0.4368,4262.0,11,0,4,0,0.0,0
0.4166,72,0,0.1281,3335.0,7,0,0,0,2.0,0
0.7735,35,0,0.7455,3505.0,10,0,0,0,0.0,0
0.1963,43,0,0.1372,,10,0,2,0,1.0,0
0.7561,40,0,0.3012,3054.0,7,0,1,0,0.0,0
0.2614,46,0,0.732,3792.0,7,0,1,0,1.0,0
0.1684,58,0,0.3646,5561.0,8,0,0,0,1.0,0
0.0747,46,0,0.3557,6408.0,9,0,1,0,0.0,0
0.7787,61,0,0.4719,5205.0,9,0,0,0,0.0,0
0.5105,67,0,0.1694,12481.0,8,0,3,0,1.0,0
0.705,67,0,0.4501,8236.0,9,0,1,0,0.0,0
0.7797,36,0,0.0599,,11,0,1,0,1.0,0
0.1873,71,0,0.388,,11,0,1,0,0.0,0
0.0179,73,0,0.2288,9818.0,8,0,0,0,0.0,0
0.0975,74,0,0.5917,,12,0,5,0,2.0,0
0.015,50,0,0.1687,4486.0,5,0,0,0,1.0,0
0.1734,41,0,0.5788,,5,0,0,0,0.0,0
0.3444,38,0,0.4869,5922.0,6,0,1,0,1.0,0
0.2612,37,0,0.9748,1559.0,9,0,1,0,0.0,0
0.2604,52,2,0.4176,,8,0,1,0,0.0,0
0.644,64,0,0.5299,2709.0,9,0,0,0,1.0,0
3.1086,70,0,0.9075,3835.0,9,0,0,0,3.0,0
1.6445,45,0,0.8872,9206.0,4,0,5,0,0.0,0
0.0928,51,0,0.2607,5321.0,7,0,1,0,0.0,0
0.4155,51,0,0.8131,8819.0,2,0,0,0,0.0,0
0.2161,43,0,0.3073,,10,0,1,0,0.0,0
0.2617,62,0,0.1842,4683.0,9,0,2,0,1.0,0
0.154,57,0,0.5358,,7,0,2,0,0.0,0
0.4882,54,0,0.6137,14165.0,10,0,2,0,2.0,0
0.0344,57,0,0.7707,7359.0,9,0,2,0,0.0,0
0.7645,61,0,0.125,,10,0,0,0,1.0,0
1.0973,60,0,0.6703,,10,0,0,0,1.0,0
1.3702,40,0,0.1688,7901.0,6,0,3,0,1.0,0
0.1552,65,0,0.7808,,5,0,0,0,0.0,0
1.0789,56,0,0.919,,7,0,1,0,0.0,0
0.5308,46,0,1.1913,2904.0,9,0,0,0,2.0,0
1.5648,55,0,0.2057,5272.0,13,0,1,0,1.0,0
0.1328,57,0,0.7256,11754.0,2,0,0,0,1.0,0
0.1132,67,0,0.564,13547.0,6,0,0,0,0.0,0
0.0508,37,0,0.568,2314.0,3,0,0,0,0.0,0
0.2064,71,0,1.0823,4569.0,10,0,0,0,0.0,0
0.5144,52,0,0.3022,,5,0,2,0,0.0,0
0.1895,45,0,0.0531,,9,0,2,0,,0
0.4224,44,0,0.4775,,8,0,0,0,2.0,0
0.6051,38,0,0.2533,3088.0,9,0,0,0,,0
1.8428,28,0,0.4209,8966.0,10,0,3,0,1.0,0
0.1503,61,0,0.3295,,10,0,1,0,2.0,0
0.3569,80,0,0.6201,7555.0,3,0,2,0,1.0,0
0.6314,29,0,0.7187,8381.0,10,0,0,0,0.0,0
0.205,39,0,0.2586,5853.0,6,0,0,0,2.0,0
0.4351,63,0,0.3039,,8,0,2,0,1.0,0
3.2694,51,0,0.2698,5335.0,11,0,2,0,0.0,0
0.5436,64,0,0.4208,4333.0,5,0,2,0,2.0,0
0.3894,51,0,0.1469,,5,0,1,0,4.0,0
0.3616,44,0,1.1645,4349.0,4,0,0,0,0.0,0
0.1932,49,0,0.4506,,11,0,1,0,2.0,0
0.1422,21,0,0.2081,3542.0,2,0,0,0,0.0,0
2.4382,36,0,0.1868,3434.0,9,0,1,0,0.0,0
0.274,65,0,0.937,7181.0,9,0,1,0,1.0,0
0.1684,69,0,0.7549,3818.0,9,0,1,0,0.0,0
0.841,72,0,0.0895,7078.0,6,0,1,0,1.0,0
0.1506,58,0,0.809,10258.0,4,0,0,0,0.0,0
0.2164,21,0,1.2773,4875.0,10,0,1,0,2.0,0
0.1861,43,0,0.3213,8816.0,9,0,1,0,0.0,0
0.3799,71,0,0.5392,,9,0,1,0,3.0,0
0.6574,75,0,0.2579,5222.0,3,0,2,0,0.0,0
0.0407,71,0,0.4813,6899.0,7,0,1,0,1.0,0
0.6516,49,0,0.7401,,5,0,0,0,1.0,1
0.0019,34,0,0.3371,,7,0,2,0,0.0,0
0.565,51,0,0.5419,3223.0,9,0,0,0,4.0,0
0.0674,52,2,0.3425,5051.0,3,0,1,0,1.0,0
0.7173,74,1,0.85,15311.0,7,0,1,0,0.0,0
0.3628,55,0,0.4976,,8,0,1,0,0.0,0
0.3908,52,0,0.349,,10,0,1,0,2.0,0
3.3831,53,0,0.0836,9994.0,11,0,0,0,0.0,0
0.1362,58,0,0.4545,2276.0,10,0,0,0,1.0,0
0.3045,61,0,1.1125,9665.0,8,0,0,0,0.0,0
0.3446,42,0,0.5439,,8,0,3,0,2.0,0
0.6172,37,0,0.9542,,9,0,2,0,0.0,0
0.8448,71,0,0.7085,4644.0,4,0,0,0,0.0,0
0.6324,29,0,0.0373,4237.0,12,0,1,0,0.0,0
0.0566,75,0,0.3471,3620.0,10,0,1,0,0.0,0
3.4656,25,1,0.5375,19213.0,7,0,0,1,0.0,0
0.5174,44,0,0.3873,5236.0,9,0,1,0,0.0,0
0.2498,66,0,0.4181,3902.0,11,0,0,0,0.0,0
0.0576,52,0,0.2267,,9,0,1,0,1.0,0
0.0677,34,0,0.946,5214.0,9,0,0,0,0.0,0
0.6435,58,0,0.2171,6145.0,8,0,1,0,1.0,0
0.5231,53,0,0.47,4375.0,10,0,3,0,0.0,0
0.1551,49,0,0.2896,9923.0,5,0,1,0,1.0,0
0.5417,43,0,0.2925,4876.0,6,0,4,0,0.0,0
4.2757,52,0,0.2489,3897.0,5,0,1,0,2.0,0
0.2952,44,0,0.217,2443.0,6,0,2,0,0.0,0
0.9426,86,0,0.194,9480.0,8,0,1,1,0.0,0
0.0049,49,0,0.8954,3061.0,11,0,0,0,0.0,0
0.3601,47,0,0.2623,,8,0,2,0,1.0,0
0.5872,44,0,0.9066,5685.0,4,0,0,0,0.0,0
0.5826,77,0,0.0298,4289.0,8,0,2,0,1.0,0
0.5214,29,0,0.3739,6013.0,5,0,3,0,0.0,0
0.5682,57,0,0.6444,28470.0,8,0,0,0,0.0,0
0.3364,49,0,0.3773,8735.0,9,0,0,0,0.0,0
0.5418,32,0,0.8587,7302.0,5,0,3,0,1.0,0
0.036,41,0,0.849,,7,0,0,0,3.0,0
0.6135,56,0,0.6152,19965.0,10,0,1,0,1.0,0
0.0987,40,0,0.3342,6953.0,11,0,1,0,0.0,0
0.4605,56,0,0.2413,8146.0,11,0,0,0,2.0,0
0.0163,76,0,0.2058,4871.0,7,0,3,0,0.0,0
0.3548,54,0,0.4798,4428.0,10,0,2,0,2.0,0
0.0131,32,0,0.567,,6,0,2,0,1.0,0
0.6715,40,0,0.5404,2702.0,8,0,2,0,0.0,0
0.0024,48,0,0.3838,2160.0,10,0,1,0,0.0,0
0.6307,47,1,0.4414,,4,2,2,0,0.0,0
1.7559,54,0,0.6959,,8,0,2,0,2.0,0
0.5001,56,1,0.5032,9121.0,4,0,2,3,1.0,0
0.6711,76,0,0.6501,6404.0,11,0,0,0,0.0,0
0.8195,52,0,0.9526,7901.0,5,0,1,0,1.0,0
0.9322,36,0,0.4709,8966.0,8,0,0,0,2.0,0
4.2595,68,0,1.1818,5995.0,13,0,1,0,0.0,0
0.0776,70,0,0.1794,1747.0,12,0,1,0,0.0,0
1.0,55,0,0.6409,7672.0,10,3,1,1,0.0,0
0.0362,49,0,0.6663,10654.0,11,0,0,0,0.0,0
0.1884,61,0,0.9483,3764.0,11,0,0,0,0.0,0
0.4229,49,0,0.0788,,8,0,1,0,1.0,0
5.2671,23,0,0.287,3849.0,9,0,3,0,2.0,0
0.0815,60,0,0.4639,6093.0,7,0,0,0,1.0,0
2.3791,64,0,0.3957,1389.0,8,0,2,0,0.0,0
0.0934,72,0,0.0333,9712.0,8,0,1,0,0.0,0
0.5294,42,0,0.3952,5950.0,11,0,1,0,0.0,0
0.5831,55,0,0.634,9576.0,11,0,2,0,0.0,0
0.3272,55,0,0.3399,3047.0,9,0,2,0,1.0,0
0.527,53,0,0.3268,2597.0,8,0,0,0,1.0,0
0.4026,54,0,0.1639,4584.0,7,0,4,0,0.0,0
0.692,53,0,0.3363,8940.0,6,0,2,0,0.0,0
0.6586,55,0,0.2217,5330.0,7,0,0,0,0.0,0
0.0375,62,0,0.4661,,7,0,1,0,0.0,0
0.6796,69,0,0.1999,12612.0,7,0,1,0,2.0,0
0.1881,41,0,0.4613,2621.0,8,0,1,0,1.0,0
2.1864,50,0,0.3267,31167.0,4,0,1,0,1.0,0
0.6668,46,0,0.2453,9246.0,5,0,1,0,0.0,0
0.927,44,0,0.2305,3457.0,9,0,3,0,2.0,0
0.1553,29,0,0.1575,,11,0,1,0,0.0,0
0.4958,52,0,0.5119,7430.0,9,0,1,0,,0
0.4238,59,0,0.3285,10962.0,6,0,2,0,0.0,0
0.3711,50,0,0.7177,2023.0,12,0,3,0,0.0,0
0.1308,52,0,0.9721,,9,0,1,0,2.0,0
2.289,58,0,0.618,3813.0,4,0,1,0,2.0,0
0.4033,72,0,0.9158,3944.0,6,0,1,0,0.0,0
1.5891,46,0,0.4316,5497.0,6,0,3,0,0.0,0
1.0201,36,0,0.0257,8800.0,2,0,1,0,2.0,0
0.4572,51,0,0.4776,8005.0,4,0,4,0,1.0,0
0.8081,78,0,0.9513,10129.0,7,0,0,0,0.0,0
0.0608,36,0,0.6407,949.0,11,0,2,0,0.0,0
0.6026,61,0,0.9544,11878.0,13,0,3,0,2.0,0
0.943,68,0,0.0405,3679.0,8,0,0,0,0.0,0
2.5301,21,0,0.5441,2393.0,9,0,0,0,1.0,0
0.6809,58,0,0.5413,4309.0,8,0,0,0,1.0,0
0.3399,60,0,0.1253,4299.0,7,0,0,0,0.0,0
0.0922,48,0,0.2142,10884.0,5,0,1,0,,0
0.3601,43,0,0.5654,,6,0,0,0,1.0,0
0.6457,44,0,0.3062,8301.0,16,0,0,0,0.0,0
0.1489,47,0,0.2079,7387.0,11,0,0,0,1.0,0
0.7558,48,0,0.3812,21751.0,6,0,3,0,0.0,0
0.1457,45,0,0.1626,3681.0,2,0,1,0,0.0,0
0.2976,47,0,0.8089,10223.0,10,0,1,0,,0
0.4074,69,0,0.4116,5689.0,2,0,2,0,1.0,0
2.4799,35,0,0.4675,2869.0,14,0,0,0,0.0,0
3.3932,28,0,0.4168,,9,1,1,0,1.0,0
0.459,69,0,0.2506,,6,0,2,0,1.0,0
0.6187,49,0,0.7427,5286.0,5,0,0,0,1.0,0
0.1349,47,0,0.6076,11087.0,6,0,1,0,0.0,0
0.3903,50,0,0.4568,,9,0,0,0,0.0,0
0.2801,55,0,0.3511,3333.0,8,0,0,0,1.0,0
0.2016,45,0,0.3438,,10,0,1,0,2.0,0
0.1044,59,0,0.4821,3494.0,9,0,2,0,3.0,0
8.3082,39,0,0.7199,6145.0,15,0,1,0,0.0,0
0.2041,48,0,0.6196,3066.0,6,0,1,0,0.0,0
4.4136,21,0,0.528,2388.0,3,0,0,0,3.0,1
0.0706,68,0,0.2586,7905.0,12,0,0,0,2.0,0
1.7276,50,0,0.5012,,10,0,1,0,2.0,0
0.2791,61,0,0.8369,7543.0,11,0,1,0,1.0,0
0.4513,59,1,0.5722,,2,1,0,1,1.0,0
1.0375,60,0,0.8959,8036.0,4,0,0,0,1.0,0
0.1793,52,0,0.3051,1419.0,10,0,3,0,0.0,0
0.1615,57,0,0.5493,,4,0,2,0,2.0,0
0.1883,39,0,0.7004,4262.0,7,0,3,0,,0
1.0008,36,0,0.3473,2515.0,4,0,0,0,0.0,0
0.0914,51,0,0.4118,6810.0,10,0,2,0,1.0,0
0.0401,42,0,0.702,8372.0,5,1,1,1,1.0,1
0.3528,72,0,0.4128,18961.0,8,0,1,0,0.0,0
3.018,57,0,0.698,6738.0,7,0,1,0,2.0,0
0.9479,42,0,0.1391,3901.0,7,0,1,0,,0
0.2321,48,0,0.7646,4355.0,6,0,0,0,2.0,0
0.5003,54,0,0.3785,,7,0,0,0,1.0,0
3.3217,51,0,0.3204,5358.0,9,0,0,0,1.0,0
0.443,56,0,0.0867,,8,0,0,0,0.0,0
0.4197,53,0,0.5927,3507.0,7,0,0,0,2.0,0
2.5556,33,0,0.4291,5803.0,6,0,2,0,1.0,0
1.0195,22,0,0.3997,9774.0,3,0,0,0,0.0,0
1.1962,47,0,0.4998,1773.0,4,0,1,0,0.0,0
0.0672,60,0,0.2913,2911.0,5,0,1,0,0.0,0
0.2406,47,0,0.5557,2003.0,6,0,0,0,3.0,0
2.3747,69,3,0.3771,8356.0,6,0,3,0,1.0,0
0.8899,51,0,0.6474,4293.0,7,0,1,0,1.0,0
0.0137,71,0,0.1476,,14,0,1,0,1.0,0
0.7542,68,0,0.5993,,10,0,0,0,0.0,1
0.8035,67,0,0.4331,,9,0,2,0,0.0,0
0.1121,35,0,0.3024,8983.0,2,0,1,0,0.0,0
0.2755,52,0,0.1807,3958.0,6,0,3,0,1.0,0
0.3843,69,0,0.3398,7314.0,7,0,1,0,2.0,0
0.6556,56,0,0.9918,3959.0,13,0,2,0,1.0,0
0.5501,60,0,0.2029,3562.0,8,0,1,0,0.0,0
0.491,33,0,0.1591,6781.0,7,0,0,0,0.0,0
0.7367,79,0,0.7608,7741.0,6,0,3,0,0.0,0
0.0843,41,0,0.6753,1705.0,10,0,0,0,1.0,0
0.2526,24,0,0.6416,5399.0,13,0,0,0,2.0,0
1.1698,47,0,0.3977,,6,0,1,0,0.0,0
3.1885,21,0,0.2824,1773.0,11,0,1,0,0.0,1
0.576,37,0,0.4771,9972.0,7,0,0,0,2.0,0
0.6371,88,0,0.4975,8193.0,10,0,1,0,0.0,0
0.9178,47,0,0.3544,11204.0,8,0,1,0,2.0,0
1.1009,32,0,1.3456,2894.0,9,0,1,0,2.0,0
0.7938,52,0,0.6234,,2,0,2,0,0.0,0
0.3289,39,0,0.1041,4585.0,7,0,2,0,1.0,0
0.1597,64,0,0.5173,5906.0,6,0,2,0,1.0,0
0.1412,40,0,0.6452,5670.0,12,0,0,0,,0
0.4332,56,0,0.1754,5527.0,13,0,1,0,0.0,0
0.0326,36,0,1.0335,,11,0,0,0,2.0,0
0.1985,88,0,0.5663,8258.0,9,0,0,0,1.0,0
0.6624,59,0,0.5093,7662.0,8,0,3,0,2.0,0
0.457,50,0,0.1888,4061.0,7,0,0,0,1.0,0
0.532,48,0,0.4882,,15,0,1,0,0.0,1
4.0463,44,0,0.171,16805.0,7,0,0,0,0.0,0
0.2488,41,0,0.5921,,15,0,2,0,0.0,0
0.5363,41,0,0.0441,8360.0,3,0,1,0,0.0,0
0.4135,75,0,0.5589,,6,0,1,0,2.0,0
0.6255,44,0,0.321,,14,0,3,0,1.0,0
0.3732,22,0,0.4421,5885.0,8,0,2,0,0.0,0
0.1148,36,0,0.4373,3623.0,8,0,1,0,1.0,0
0.4652,65,0,0.4256,4301.0,8,0,0,0,,0
1.3673,48,0,0.9918,4983.0,8,0,1,0,1.0,0
0.2822,50,0,0.5258,5481.0,11,0,0,0,1.0,0
0.821,68,0,0.1553,6408.0,10,0,1,0,1.0,0
0.2014,41,0,0.3589,2619.0,4,0,0,0,0.0,0
0.0469,61,0,1.1539,3460.0,10,0,0,0,2.0,0
0.3846,43,0,0.4777,2467.0,7,0,1,0,0.0,0
0.5435,60,0,0.2782,,4,0,0,0,1.0,0
0.0994,47,0,0.2969,7681.0,10,0,0,0,1.0,0
0.4045,49,0,0.6164,7473.0,17,0,2,0,0.0,0
2.3952,63,0,0.3191,9019.0,9,0,1,0,1.0,0
0.2744,62,1,0.5981,,10,0,0,2,0.0,0
0.4105,50,0,0.8923,7568.0,11,0,1,0,0.0,0
0.3059,45,0,0.8279,5768.0,4,0,1,0,2.0,0
0.0464,74,2,1.3869,6709.0,8,2,0,1,0.0,0
0.5728,60,0,0.7199,13592.0,9,0,0,0,1.0,0
0.9759,47,0,0.8477,4665.0,9,0,1,0,2.0,0
0.0429,43,0,0.2614,,10,0,0,0,1.0,0
0.59,66,0,0.8035,10057.0,7,0,1,0,2.0,0
0.412,54,0,0.6846,1893.0,12,0,1,0,1.0,0
0.2893,50,0,0.2229,5466.0,5,0,4,0,0.0,0
0.4034,54,0,0.3645,4599.0,4,0,1,0,2.0,0
0.4581,57,0,0.2568,7330.0,8,0,2,0,2.0,0
3.1876,51,0,0.2641,7626.0,8,0,0,1,1.0,0
0.1712,69,0,1.2634,5176.0,8,0,1,0,0.0,0
0.662,70,0,0.1787,4341.0,6,0,5,0,0.0,0
0.3241,59,0,0.4057,3284.0,13,0,1,0,1.0,0
0.2233,71,0,0.4296,4814.0,10,0,2,0,2.0,0
0.2365,52,0,0.6067,4189.0,10,0,0,0,2.0,0
0.0696,62,0,0.575,6090.0,11,0,0,0,0.0,0
0.3035,66,0,0.4868,5077.0,7,0,1,0,1.0,0
2.4436,66,1,0.7391,6001.0,5,0,3,0,1.0,0
0.942,65,0,0.7267,7281.0,9,0,3,0,0.0,0
1.1349,61,2,0.0903,,5,0,1,0,0.0,0
0.1609,79,0,0.6043,8728.0,9,0,0,0,0.0,0
0.9376,44,4,0.7339,11276.0,12,0,2,0,0.0,0
0.3556,50,0,0.1872,1395.0,4,0,1,0,1.0,0
0.1971,49,0,0.3903,9387.0,12,0,0,0,0.0,0
0.8044,47,1,0.9921,4727.0,9,0,1,0,1.0,0
1.9437,24,0,0.03,8718.0,9,0,0,0,0.0,1
0.579,71,0,0.2388,9152.0,6,0,1,0,1.0,0
0.4736,38,0,0.7669,7577.0,13,0,3,0,,0
0.211,54,0,0.5707,,6,0,1,0,0.0,0
0.4985,32,0,0.7179,2841.0,10,0,1,0,1.0,0
0.0223,61,0,0.2828,5617.0,5,0,3,0,2.0,0
0.149,41,0,0.6183,4647.0,5,0,2,0,0.0,0
0.0034,36,0,0.1758,7414.0,7,0,1,0,1.0,0
0.3492,55,0,0.2996,1754.0,4,0,2,0,1.0,0
0.9708,42,0,0.6431,,6,1,1,2,3.0,0
0.3918,44,0,0.3441,2483.0,6,0,0,0,2.0,0
0.0145,54,0,0.614,8251.0,12,0,2,0,2.0,0
0.3293,63,0,0.4314,8794.0,9,0,0,0,1.0,0
0.0293,41,0,0.1975,2204.0,6,0,0,0,0.0,0
0.4124,38,0,0.4435,7406.0,8,0,1,0,0.0,0
0.6304,52,0,0.7691,3630.0,7,0,1,0,1.0,0
0.7439,60,0,0.1276,,6,0,0,0,4.0,0
6.8301,72,0,0.1714,,8,0,1,0,0.0,0
0.7181,37,0,0.5381,,6,0,4,0,0.0,0
0.5305,48,0,1.0005,2149.0,8,0,0,0,2.0,1
0.5094,68,0,0.6473,3131.0,6,0,1,0,0.0,0
0.3442,80,0,0.9234,8850.0,9,0,0,0,1.0,0
0.7291,38,0,0.6543,7075.0,10,0,0,0,2.0,0
0.0402,42,0,0.4581,3107.0,8,0,3,0,0.0,0
0.505,57,0,0.1709,6718.0,10,0,0,0,1.0,0
2.6286,44,0,0.398,8866.0,8,0,0,0,0.0,0
0.5949,41,0,0.2092,6180.0,6,0,1,0,0.0,0
0.6117,55,0,0.3328,26326.0,11,0,0,0,1.0,0
0.0615,74,0,0.2729,3147.0,7,0,1,0,1.0,0
0.8501,34,0,0.3676,3584.0,8,0,1,0,0.0,0
3.9578,73,0,0.0063,7836.0,12,0,3,0,2.0,0
0.1269,44,0,0.3827,9105.0,8,0,1,0,0.0,0
0.3437,57,0,0.7712,6644.0,6,0,3,0,2.0,0
0.4497,74,0,0.2282,5697.0,7,0,3,0,1.0,0
0.5397,57,0,0.2897,4113.0,4,0,2,0,1.0,0
0.4436,48,0,0.4979,3132.0,9,0,2,0,4.0,0
7.6607,62,0,0.0358,20355.0,11,0,1,0,1.0,0
0.1808,50,0,0.6417,3922.0,10,0,0,0,0.0,0
0.2529,59,0,0.0786,5878.0,10,0,2,0,0.0,0
0.2968,49,0,0.1054,4788.0,7,0,2,0,1.0,0
0.5098,64,3,0.3069,7288.0,8,0,0,0,1.0,0
0.882,32,1,0.9047,3906.0,7,0,3,0,2.0,0
0.8623,38,1,0.1299,,8,0,1,0,0.0,0
0.2421,32,0,0.9337,2615.0,14,0,0,0,0.0,0
0.423,51,0,0.5369,1968.0,7,0,1,0,4.0,0
0.5786,31,0,0.0843,10338.0,12,0,1,0,,0
1.5959,42,0,0.0538,2131.0,8,0,0,0,,0
1.0338,36,0,0.8637,5801.0,8,0,2,0,2.0,0
0.8511,73,0,0.8058,3542.0,7,0,0,0,0.0,0
0.4412,38,0,0.7888,4281.0,11,0,1,0,,0
1.6259,34,0,0.3457,3441.0,5,0,4,0,0.0,0
11.0114,55,1,0.308,10636.0,11,0,0,0,2.0,0
0.408,76,3,0.5672,4335.0,3,0,1,0,0.0,0
0.268,50,0,0.819,5103.0,10,0,1,0,1.0,0
0.4878,51,0,0.1338,2318.0,14,0,0,0,0.0,0
0.0668,70,0,1.1135,9106.0,10,0,1,0,0.0,0
3.083,64,0,0.9173,,7,0,0,0,0.0,0
0.4269,58,0,0.5987,3445.0,5,0,2,0,0.0,0
0.4359,44,0,0.8505,5418.0,4,0,0,0,0.0,0
0.7536,58,0,0.5571,,7,0,0,0,2.0,0
0.354,33,0,0.2018,6305.0,11,0,1,0,1.0,0
1.402,43,0,0.0629,8336.0,9,0,0,0,1.0,0
4.512,72,2,0.3496,15178.0,11,0,3,0,2.0,0
0.03,70,0,0.5047,6995.0,7,0,2,0,,0
0.1233,58,0,0.2372,4095.0,12,0,2,0,1.0,0
0.2579,25,0,0.5361,,4,0,0,0,0.0,0
0.0863,35,0,0.3857,9676.0,11,0,2,0,2.0,0
0.0995,42,0,0.3261,4061.0,6,0,0,0,1.0,0
1.1098,50,0,0.2454,4263.0,6,0,0,0,0.0,0
3.0422,34,0,0.2212,9640.0,6,0,0,0,1.0,0
0.922,49,0,0.3168,2586.0,6,0,3,0,1.0,0
0.8332,77,0,0.4411,7508.0,11,0,0,0,2.0,0
2.6252,58,1,0.2631,12452.0,5,0,1,1,0.0,0
0.4429,55,0,0.7748,7440.0,4,0,1,0,0.0,0
0.122,38,0,0.3872,2451.0,9,0,2,0,1.0,0
0.2045,29,0,0.5711,3593.0,15,0,3,0,0.0,0
0.534,35,1,0.4913,13231.0,7,0,0,0,,0
0.05,28,0,0.6035,1574.0,10,0,3,0,0.0,0
0.9561,53,0,0.7897,4474.0,10,0,1,0,1.0,0
0.3262,57,0,0.8325,,10,0,1,0,1.0,0
0.4062,38,0,0.2747,5221.0,6,0,0,0,1.0,0
2.4234,54,0,0.4925,4226.0,8,0,0,0,0.0,0
0.5553,73,0,0.3172,9043.0,9,0,1,0,1.0,0
0.7914,79,0,0.4924,10065.0,7,0,1,0,0.0,0
1.542,63,0,1.046,1772.0,4,0,1,0,2.0,0
0.2238,50,0,0.6818,9607.0,9,0,0,0,3.0,0
0.7537,62,0,0.1717,8799.0,7,0,0,0,1.0,0
0.0599,71,0,0.9216,,8,0,1,0,1.0,0
4.9549,24,3,0.1886,7413.0,13,0,1,0,0.0,0
0.5248,73,0,0.8475,,7,0,0,0,0.0,1
0.9273,44,0,0.435,7125.0,10,0,2,0,0.0,0
0.0567,45,0,0.4746,,8,0,2,0,0.0,0
0.1367,47,0,0.1522,9438.0,8,0,0,0,0.0,0
1.1747,56,0,0.9807,1864.0,10,0,2,0,0.0,0
0.9355,36,0,0.6996,1342.0,8,0,3,0,0.0,0
0.0171,48,0,0.5512,6053.0,7,0,2,0,0.0,0
0.272,59,0,0.5714,7607.0,2,0,2,0,0.0,0
0.6778,55,0,0.2487,13943.0,14,0,1,0,2.0,0
0.008,57,0,0.3123,,9,0,1,0,1.0,0
0.5448,47,2,0.943,1693.0,12,0,1,0,1.0,0
1.2011,62,0,0.3872,4402.0,8,0,0,0,0.0,0
0.4996,67,0,0.3051,,8,0,0,0,1.0,0
0.6123,66,0,0.1941,2714.0,9,0,1,0,2.0,0
1.0269,58,0,0.4041,3517.0,5,0,1,0,0.0,0
0.433,65,0,1.1192,1866.0,4,0,1,0,2.0,0
0.2672,64,0,0.4451,9501.0,12,0,1,0,0.0,0
10.7952,89,0,0.7009,14711.0,10,0,1,0,0.0,0
0.2638,69,0,1.2692,7977.0,9,0,1,0,2.0,0
0.8514,51,0,0.7333,9879.0,9,0,2,0,2.0,0
0.1568,39,0,0.7151,5014.0,7,0,2,0,1.0,0
0.6337,48,0,0.2852,6031.0,6,0,2,0,0.0,0
0.7232,47,0,0.3896,,9,0,3,0,2.0,0
0.195,59,0,0.7403,5726.0,6,0,0,0,0.0,0
0.0927,42,0,1.1722,,8,0,1,0,0.0,0
0.5073,69,0,1.0312,4917.0,9,0,2,0,0.0,0
0.9085,33,0,0.7581,6598.0,9,0,2,0,1.0,0
0.4797,29,0,0.5336,3452.0,4,0,0,0,1.0,0
0.0584,50,0,0.3715,18335.0,2,0,1,0,2.0,0
7.1439,40,0,1.0064,9183.0,9,0,2,0,2.0,0
0.6351,34,0,0.0985,4166.0,6,0,0,0,0.0,0
1.2145,43,0,0.4866,3810.0,9,0,1,0,1.0,0
0.0399,41,0,0.6622,7059.0,8,0,0,0,0.0,0
0.7,52,0,0.3894,9108.0,5,0,1,0,1.0,0
0.2082,43,0,0.5306,14841.0,9,0,0,0,0.0,0
0.4395,44,0,0.6603,5811.0,6,0,1,0,0.0,0
0.164,52,0,0.7274,3007.0,5,0,1,0,0.0,0
0.3955,66,0,0.4749,2940.0,16,0,0,0,0.0,0
0.0324,73,0,0.6766,,15,0,1,0,1.0,0
0.1937,54,0,0.6593,4583.0,5,0,0,0,3.0,0
0.1921,55,0,0.7146,7379.0,8,0,1,0,1.0,0
0.0181,49,0,0.4674,6180.0,4,0,0,0,2.0,0
0.473,59,0,0.4609,,4,0,4,0,0.0,0
0.0733,57,0,0.2573,5898.0,10,0,0,0,1.0,0
0.3856,71,0,0.5661,4914.0,5,0,3,0,3.0,0
1.655,26,0,0.3053,,8,0,0,0,2.0,1
0.4968,49,0,0.9231,11265.0,11,0,3,0,0.0,0
0.079,57,0,0.4521,6597.0,8,0,1,0,1.0,0
0.0221,52,0,0.3146,5205.0,9,0,1,0,1.0,0
0.2231,39,0,0.1824,6211.0,7,0,2,0,1.0,0
0.6508,34,0,0.3017,2728.0,9,0,1,0,1.0,0
0.0859,63,0,0.2596,4253.0,7,0,0,0,0.0,0
0.6868,41,0,0.6614,1831.0,8,0,1,0,1.0,0
1.931,27,0,0.6643,4265.0,13,0,1,0,1.0,1
0.0499,64,0,0.6622,4617.0,6,0,2,0,3.0,0
0.5174,58,0,0.9024,,9,0,0,0,1.0,1
2.2578,50,1,0.2746,3468.0,4,0,1,1,1.0,0
0.0413,39,0,0.342,8174.0,8,0,0,0,0.0,0
0.4705,50,0,0.4399,4750.0,2,0,1,0,1.0,0
0.5656,69,0,0.2883,6473.0,11,0,1,0,0.0,0
0.1248,29,0,0.2644,4744.0,3,0,4,0,0.0,0
0.2861,30,0,0.5266,4809.0,5,0,1,0,0.0,0
0.1089,43,0,0.3688,,9,0,0,0,1.0,0
0.2172,52,0,0.1827,3756.0,5,0,1,0,2.0,0
0.1228,45,0,0.5125,13427.0,4,0,2,0,0.0,0
0.2472,61,0,0.6384,,11,0,1,0,0.0,0
0.3374,67,0,0.591,10021.0,7,0,2,0,0.0,0
0.5907,56,0,0.3889,4160.0,4,0,5,0,0.0,0
0.1927,60,0,0.1697,4479.0,10,0,1,0,1.0,0
2.3237,56,0,0.368,4607.0,6,0,2,0,0.0,0
0.2319,52,0,0.1671,2305.0,10,0,2,0,1.0,0
0.0686,34,0,0.2046,4092.0,8,0,1,0,1.0,0
1.1045,38,0,0.1402,8818.0,7,0,1,0,0.0,0
0.2175,33,0,0.1996,5605.0,5,0,1,0,0.0,0
0.2501,50,0,0.6812,3262.0,9,0,2,0,1.0,0
0.2296,55,0,0.4725,6168.0,8,0,2,0,2.0,0
1.7706,32,0,0.6747,6866.0,3,0,1,0,1.0,0
0.0748,53,0,0.1923,4438.0,11,0,4,0,1.0,0
0.2285,40,0,0.2593,,6,0,1,0,0.0,0
0.598,37,0,0.3713,,9,0,2,0,0.0,0
0.1056,43,0,0.4724,6277.0,9,0,1,0,0.0,0
0.7376,36,0,0.6557,,5,0,1,0,1.0,0
0.1228,60,0,0.2986,2957.0,9,0,1,0,1.0,0
0.109,50,0,0.4563,3537.0,7,0,2,0,0.0,0
1.955,63,0,0.586,2962.0,8,0,3,0,1.0,0
0.4441,46,0,0.4724,10704.0,9,0,0,0,2.0,0
0.4491,46,0,0.7694,,16,0,2,0,1.0,0
0.3447,78,0,0.4159,4684.0,7,0,1,0,1.0,0
0.1549,29,0,0.5193,4334.0,11,0,2,0,0.0,0
0.0788,70,0,0.1955,2060.0,10,0,0,0,,0
0.3929,75,0,0.3188,13277.0,3,0,0,0,0.0,0
0.899,63,0,0.7635,,11,0,1,0,0.0,0
0.9874,47,0,0.2168,13197.0,0,0,0,0,1.0,0
1.57,72,0,0.2305,11136.0,3,0,2,0,0.0,1
0.1238,47,0,0.3456,7684.0,5,0,1,0,1.0,0
1.0776,42,0,0.6636,6077.0,8,0,0,0,1.0,0
0.5765,47,0,0.7369,4671.0,8,0,0,0,2.0,0
0.1975,44,0,0.4528,2771.0,7,0,1,0,0.0,0
0.0355,39,0,0.31,4193.0,6,0,1,0,1.0,0
2.4985,68,0,0.3591,3640.0,7,0,0,0,3.0,0
0.6732,41,1,0.3391,2351.0,6,1,2,0,,0
0.25,52,0,1.0039,3956.0,7,0,0,0,2.0,0
4.1337,32,0,0.2968,5309.0,10,0,1,0,,0
0.18,52,0,0.6337,9142.0,7,0,1,0,0.0,0
0.2028,36,0,0.5951,,11,0,1,0,0.0,0
0.2993,35,0,0.5254,8749.0,9,0,0,0,0.0,0
0.0751,50,0,0.3516,6339.0,12,0,2,0,1.0,0
0.2749,67,0,0.7733,7395.0,2,1,1,1,1.0,0
0.4365,58,0,0.8562,2725.0,6,0,1,0,1.0,0
0.8187,59,0,0.8392,9183.0,9,0,0,0,0.0,0
0.277,50,0,0.1817,,12,0,1,0,0.0,0
1.2233,47,0,0.5055,,5,0,0,0,1.0,1
0.5544,63,1,0.6024,2954.0,7,0,1,0,0.0,0
0.3898,44,0,0.5564,3827.0,9,0,1,0,0.0,0
0.3788,64,0,0.1339,19571.0,8,0,0,0,3.0,0
0.2053,69,0,0.2936,2098.0,5,0,1,0,1.0,0
0.6661,40,0,0.5337,,11,0,1,0,0.0,0
0.1093,42,0,0.2471,,4,0,0,0,0.0,0
0.5919,44,0,0.9803,8959.0,2,0,0,0,1.0,0
3.5288,31,0,0.4238,4364.0,5,0,2,0,1.0,0
0.3606,45,0,0.3806,4196.0,9,0,1,0,1.0,0
0.684,70,0,0.3899,8756.0,8,0,3,0,2.0,0
0.482,37,0,0.6675,5069.0,10,0,2,0,2.0,0
0.6366,71,0,0.3411,6818.0,8,0,1,0,0.0,0
0.204,46,0,0.4587,4677.0,4,0,2,0,0.0,0
0.0556,82,0,0.3242,7557.0,5,0,1,0,,0
2.5202,42,0,0.8222,2938.0,5,0,1,0,0.0,0
0.6874,50,1,0.1517,5722.0,7,0,1,0,0.0,0
0.5249,39,0,0.2839,5372.0,12,0,2,0,1.0,0
0.6114,42,0,0.7406,9097.0,13,0,3,0,1.0,0
0.5374,71,0,0.5532,7516.0,13,0,1,0,0.0,0
0.0699,59,0,0.4402,5353.0,7,0,0,0,0.0,0
0.5982,66,0,0.4152,10858.0,6,0,0,0,,0
0.2392,34,0,0.4419,1229.0,9,0,1,0,0.0,0
0.0806,61,0,0.4029,5787.0,8,0,1,0,0.0,0
0.5452,38,0,0.3604,7757.0,8,0,1,0,2.0,0
1.0761,33,0,0.2769,2794.0,4,0,3,0,0.0,0
0.5552,55,0,0.3264,4100.0,7,0,1,0,1.0,0
0.7472,55,0,0.3769,2969.0,7,0,1,0,0.0,0
0.2485,53,0,0.4048,10470.0,4,0,2,0,1.0,0
1.6305,62,0,0.6092,,6,0,0,0,0.0,0
1.5996,64,0,0.2458,1581.0,6,0,1,0,0.0,0
0.2271,73,0,0.2198,6468.0,7,0,2,0,0.0,0
0.4989,35,0,0.4426,9984.0,4,0,1,0,1.0,0
0.8136,73,0,0.6058,4781.0,8,0,0,0,0.0,1
0.5479,78,0,0.6255,,5,0,0,0,0.0,1
0.9048,47,0,0.1288,3543.0,14,0,0,0,0.0,0
0.2092,29,0,0.4534,2880.0,10,0,0,0,3.0,0
1.4932,33,0,0.9772,9523.0,9,0,0,1,0.0,0
0.4712,46,0,0.2896,,6,0,1,0,0.0,0
0.8632,80,0,0.3041,2019.0,6,0,1,0,1.0,0
0.3663,52,0,0.4125,3839.0,9,0,2,0,0.0,0
0.1704,43,0,0.8115,3560.0,15,0,2,0,0.0,0
0.2774,42,0,0.2091,6856.0,8,0,0,0,1.0,0
0.4091,33,0,0.9325,16083.0,8,0,0,0,0.0,0
0.4573,64,0,0.7158,4829.0,8,0,1,0,0.0,0
2.1442,51,0,0.706,4305.0,8,0,0,0,3.0,0
0.6278,81,0,0.6763,,7,0,4,0,0.0,0
1.3576,61,0,0.1163,6728.0,9,0,1,0,2.0,0
0.1748,64,0,0.7884,4497.0,9,0,1,0,1.0,0
0.2997,49,0,0.0587,5014.0,9,0,1,0,1.0,0
9.729,37,0,0.2689,3404.0,10,0,0,0,0.0,0
0.0417,40,0,0.342,5662.0,5,0,0,0,1.0,0
1.144,33,0,0.7233,9708.0,8,0,2,0,0.0,0
0.0475,65,0,0.4276,3483.0,6,0,3,0,0.0,0
2.6396,47,1,0.1733,10788.0,5,1,1,0,0.0,0
0.1436,65,0,0.4484,5236.0,10,0,0,0,0.0,0
0.5039,54,0,0.0414,3862.0,8,0,0,0,1.0,0
0.852,48,0,0.1015,,11,0,2,0,0.0,0
0.5574,36,0,0.3329,2440.0,7,0,1,0,1.0,0
1.0142,56,0,0.3995,,9,0,0,0,1.0,0
0.0184,49,0,0.1907,,10,0,1,0,2.0,0
1.3942,65,0,0.2054,,9,0,0,0,2.0,0
0.2828,42,0,0.3507,15452.0,12,0,1,0,0.0,0
0.1325,61,0,0.9359,4111.0,8,0,1,0,0.0,0
0.7423,75,0,0.338,7688.0,6,0,2,0,1.0,0
0.074,56,0,0.31,8464.0,5,0,1,0,2.0,0
2.9401,63,0,0.7743,3363.0,10,0,0,0,1.0,0
0.4011,60,0,0.3131,5741.0,8,0,1,0,2.0,0
0.0884,79,0,0.6189,12098.0,11,0,2,0,1.0,0
0.2126,57,0,0.064,3031.0,8,0,2,0,0.0,0
0.1937,62,0,0.2008,5050.0,7,0,1,0,0.0,0
0.7577,51,0,0.6868,3290.0,4,0,3,0,0.0,0
5.6173,41,0,1.011,,7,0,2,0,0.0,0
0.0637,35,0,0.3142,,12,0,2,0,0.0,0
0.4502,70,0,0.7969,,7,0,0,0,0.0,0
0.5125,38,0,1.1104,7691.0,5,0,2,0,1.0,0
1.1392,62,0,0.6745,5101.0,7,0,1,0,0.0,0
0.3221,58,0,0.927,3665.0,8,0,0,0,0.0,0
0.4437,65,0,0.3774,11028.0,7,0,0,0,0.0,0
1.6666,45,0,0.3679,,5,0,1,0,2.0,0
1.039,41,0,0.6968,9437.0,10,0,0,0,1.0,0
4.13,57,0,0.4759,10267.0,9,0,3,0,0.0,0
0.0747,48,1,0.1919,4219.0,11,0,5,1,1.0,0
0.9413,35,0,0.3688,5457.0,8,0,0,0,2.0,0
0.8861,79,0,0.7204,2218.0,9,0,1,0,1.0,1
0.7146,41,0,0.1789,5881.0,11,0,4,0,0.0,0
0.7018,38,0,0.7705,9214.0,8,0,1,0,3.0,0
0.1265,49,0,0.1996,,8,0,2,0,0.0,0
0.6155,70,0,0.7839,,9,0,0,0,1.0,0
0.082,22,0,0.8381,,2,0,0,0,0.0,0
3.0347,68,0,0.6663,,8,0,0,0,0.0,0
0.4178,39,0,0.585,4018.0,8,0,1,0,1.0,1
0.7553,56,0,0.3585,,10,0,2,0,1.0,0
0.458,43,0,0.6676,2290.0,13,0,1,0,0.0,1
0.4304,80,0,0.3013,2380.0,3,0,0,0,0.0,0
0.0006,54,0,0.6031,5601.0,9,0,1,0,1.0,0
0.2425,42,0,0.338,2644.0,9,0,1,0,0.0,0
0.0756,48,0,0.5315,2096.0,7,0,0,0,0.0,0
0.7842,53,0,0.0855,3035.0,6,0,2,0,0.0,0
0.2778,54,0,0.8477,5136.0,9,0,4,0,1.0,0
0.3485,58,0,0.4465,4288.0,7,0,1,0,4.0,0
0.1033,52,0,0.4055,,6,0,0,0,1.0,0
0.8239,33,0,0.8643,6414.0,11,0,2,0,2.0,0
0.6779,47,0,0.573,,7,0,0,0,0.0,0
0.3477,60,0,0.5223,,10,0,0,0,0.0,0
0.5179,43,0,0.445,5087.0,10,0,2,0,0.0,0
0.2491,61,0,0.521,12656.0,10,0,2,0,1.0,0
0.5896,52,0,0.4566,,7,0,1,0,1.0,0
0.1935,49,0,0.6535,4230.0,11,0,2,0,1.0,0
0.5816,69,0,0.0863,4508.0,8,0,2,0,0.0,1
0.0445,28,0,0.7578,6216.0,8,0,1,0,1.0,0
1.3087,43,0,0.2579,7673.0,6,0,1,0,2.0,0
0.2051,69,0,0.3362,,7,0,1,0,1.0,0
0.1628,78,1,0.727,4434.0,11,0,1,1,0.0,0
0.1486,84,0,0.8139,23111.0,8,0,2,0,1.0,0
0.4707,53,0,0.6308,2633.0,10,0,0,0,1.0,0
0.4045,58,0,0.6411,11379.0,4,0,2,0,0.0,0
0.7404,63,0,0.1477,6150.0,9,0,2,0,0.0,0
0.584,70,0,0.2674,6593.0,13,0,1,0,0.0,0
0.3662,56,0,0.5896,,6,0,0,0,0.0,0
0.5617,65,0,0.2583,4416.0,3,0,0,0,1.0,0
0.0605,58,0,0.8247,,9,0,1,0,0.0,0
0.218,59,0,0.2388,3094.0,8,0,1,0,1.0,0
0.556,39,0,0.7969,3105.0,8,0,1,0,0.0,0
1.0044,47,0,1.0269,,15,0,0,0,2.0,0
0.0106,45,0,0.875,3673.0,11,0,1,0,0.0,0
2.1391,35,0,0.0824,6204.0,4,0,0,0,2.0,0
0.5202,29,0,0.3556,,4,0,4,0,0.0,0
0.4392,46,0,0.6559,1803.0,9,0,0,0,0.0,0
0.3472,48,0,0.5062,7494.0,7,0,1,0,0.0,0
0.0081,53,0,0.1356,2634.0,6,0,1,0,1.0,0
2.3685,60,0,0.4539,2581.0,10,0,1,0,2.0,0
0.0246,55,0,0.2257,5549.0,7,0,0,0,0.0,0
1.3181,48,0,0.697,10444.0,8,0,2,0,0.0,0
0.6238,39,0,0.1112,2786.0,10,0,1,0,1.0,1
0.2146,64,0,0.5156,4427.0,13,0,0,0,0.0,0
0.0796,51,0,0.1163,9174.0,5,0,1,0,1.0,0
0.2433,46,0,0.4697,2735.0,11,0,2,0,0.0,0
0.2429,49,0,0.2911,6542.0,6,0,1,0,0.0,0
0.0577,42,0,0.2642,17313.0,14,0,1,0,3.0,0
0.1217,45,0,0.294,3926.0,5,0,2,0,0.0,0
0.6393,44,0,0.6183,7982.0,12,0,0,0,0.0,0
0.0683,48,0,0.3079,2954.0,11,0,1,0,1.0,0
0.3403,61,0,0.2449,8850.0,11,0,4,0,0.0,0
0.0205,58,0,0.1634,8854.0,11,0,2,0,0.0,0
0.0318,74,0,0.8977,8124.0,7,0,0,0,0.0,0
0.4132,69,0,0.5895,2111.0,5,0,1,0,2.0,0
1.0494,79,0,0.297,12754.0,3,0,0,0,0.0,0
0.0384,60,0,0.0758,5230.0,10,0,1,0,1.0,0
1.2177,60,0,0.2734,1436.0,12,0,0,1,0.0,0
0.4969,45,0,0.5817,8431.0,13,0,0,0,0.0,0
0.7343,64,0,0.038,7759.0,15,0,1,0,1.0,0
0.4694,43,0,0.4866,12130.0,13,0,3,0,1.0,0
0.7659,31,0,0.6361,5917.0,6,0,2,0,1.0,0
0.1449,73,0,0.031,6144.0,13,0,0,0,1.0,1
0.0471,35,0,0.5253,7188.0,11,0,2,0,1.0,0
0.493,58,0,0.4028,,9,0,2,0,1.0,0
0.0871,40,0,0.4423,5758.0,10,0,0,0,0.0,0
0.0761,68,0,0.5578,14290.0,6,0,2,0,1.0,0
0.0086,70,0,0.2902,,7,0,1,0,1.0,0
0.0339,59,0,0.6019,6005.0,7,0,3,0,0.0,0
0.0355,69,0,0.5086,8843.0,13,0,0,0,1.0,0
0.1819,52,0,0.2722,3497.0,6,0,0,0,0.0,0
1.419,83,0,0.5207,3736.0,13,0,0,0,0.0,1
0.1984,62,0,0.3287,,11,0,3,0,0.0,0
0.3692,39,0,0.5625,,7,0,2,0,1.0,0
0.0545,53,0,0.3658,,11,0,2,0,0.0,0
0.222,50,0,0.4793,10656.0,4,0,0,0,1.0,0
0.0106,48,0,0.224,,8,0,1,0,2.0,0
0.6192,29,0,0.0894,4480.0,12,0,0,0,2.0,0
2.831,57,0,0.478,4531.0,2,0,0,0,0.0,0
0.0519,33,0,0.2485,2761.0,8,0,0,0,0.0,0
0.5782,21,0,0.2751,5624.0,8,0,0,0,1.0,0
12.0496,47,0,0.2595,,10,0,3,0,0.0,0
0.4168,41,2,0.1461,,8,0,0,0,,0
0.257,40,0,0.6046,,6,0,1,0,0.0,0
0.3467,21,0,0.2921,3299.0,7,0,2,0,0.0,0
0.0172,40,0,0.1337,11610.0,12,0,1,0,0.0,0
0.1753,50,0,0.2249,2320.0,10,0,4,0,2.0,0
0.5568,43,0,0.3613,4011.0,7,0,3,0,2.0,0
0.481,57,0,0.7847,5944.0,9,0,2,0,0.0,0
0.2657,71,0,0.3121,11964.0,11,0,0,0,0.0,0
0.6418,59,0,0.1959,,8,0,0,0,0.0,0
0.6192,66,0,0.2205,13815.0,6,0,2,0,1.0,0
1.9778,68,0,0.8654,4477.0,9,0,0,0,0.0,1
0.5437,38,0,0.4595,1997.0,7,0,1,0,0.0,0
9.3559,58,0,0.2488,6015.0,10,0,2,0,1.0,0
0.4031,66,0,0.5226,6711.0,7,0,1,0,0.0,0
0.0807,46,0,0.5862,9001.0,9,0,2,0,0.0,0
0.845,41,0,1.08,4734.0,14,0,2,0,1.0,0
5.7861,59,0,0.6617,,6,0,2,0,0.0,0
0.1234,31,0,0.8654,3158.0,7,0,3,0,2.0,0
0.4889,37,0,0.3239,3140.0,8,0,2,0,1.0,0
0.5256,43,0,0.5058,3084.0,11,0,0,0,0.0,1
4.7656,58,0,0.438,3423.0,13,0,0,0,1.0,0
0.5036,55,0,0.1365,5619.0,8,0,1,0,1.0,0
0.5202,66,0,0.2412,10438.0,14,0,2,0,0.0,0
0.3256,39,0,0.4682,2260.0,6,0,0,0,0.0,0
0.762,38,0,0.4693,7851.0,14,0,0,0,2.0,0
0.1305,59,0,0.3228,9458.0,8,0,1,0,0.0,0
0.5572,41,0,0.5021,2697.0,5,0,2,0,1.0,0
2.2678,44,0,0.1629,2270.0,9,0,0,0,1.0,0
0.0788,26,0,0.5606,1965.0,7,0,2,0,0.0,0
4.0574,56,0,0.6834,3682.0,11,0,1,0,3.0,0
0.4477,74,0,0.9735,8974.0,7,0,0,0,0.0,0
0.5977,38,0,0.4794,2591.0,7,0,0,0,0.0,1
5.8158,66,0,0.9158,4058.0,13,0,0,0,1.0,0
2.1669,51,0,0.3283,17757.0,5,0,1,0,0.0,0
0.2845,27,0,0.4946,7796.0,5,0,2,0,1.0,0
0.7177,39,0,0.3806,4688.0,10,0,2,0,,0
0.0229,39,0,0.2317,4115.0,7,0,0,0,0.0,0
0.4386,48,0,0.6758,17116.0,9,0,1,0,1.0,0
0.7,58,0,0.4866,2903.0,10,0,0,0,,0
0.1319,78,0,0.6632,4132.0,8,0,1,0,1.0,0
0.2315,32,0,0.4351,,5,0,2,0,0.0,0
0.6743,45,0,0.5331,,5,0,2,0,1.0,0
0.266,39,0,0.5546,,6,0,1,0,1.0,0
0.7022,34,0,0.3848,,10,0,0,0,,0
1.4575,53,0,0.6094,5717.0,8,0,2,0,1.0,0
0.7467,52,0,0.3782,6749.0,7,0,1,0,0.0,0
0.8586,27,2,1.084,8967.0,9,0,3,0,0.0,0
0.0085,52,0,0.4495,34497.0,4,0,2,0,0.0,0
0.6541,35,0,0.2485,3037.0,7,0,1,0,3.0,0
2.022,52,0,0.3049,5180.0,11,0,0,0,0.0,0
0.3899,70,0,0.4425,5162.0,8,0,2,0,0.0,0
0.2225,58,0,0.91,2665.0,5,0,0,0,0.0,0
0.0916,54,0,0.1861,6628.0,9,0,0,0,0.0,0
0.0525,45,0,0.4493,2181.0,11,0,0,0,1.0,0
0.0649,53,0,0.7029,8128.0,8,0,1,0,0.0,0
0.0265,60,0,0.3705,12905.0,6,0,0,0,4.0,0
0.2945,58,0,0.6797,,9,0,1,0,1.0,0
0.0827,51,0,0.3878,16383.0,3,0,1,0,0.0,0
0.3043,55,0,0.42,,7,0,0,0,1.0,0
0.3724,34,0,0.7351,2266.0,5,0,0,0,1.0,0
0.2689,42,0,0.8535,8804.0,6,0,1,0,0.0,0
0.1704,62,0,0.9281,,7,0,1,0,2.0,0
0.2435,64,0,0.3996,8724.0,2,0,2,0,0.0,0
0.1426,53,0,0.3454,21947.0,4,0,0,0,3.0,0
0.571,73,0,0.7858,6334.0,14,0,0,0,0.0,0
3.5699,59,0,1.0164,,6,0,2,0,1.0,0
0.2511,49,0,0.777,6005.0,10,0,3,0,1.0,0
4.351,35,0,0.1889,1214.0,5,0,1,0,0.0,0
0.1395,72,0,0.1785,,8,0,2,0,2.0,0
0.2982,63,0,0.3086,4559.0,9,0,0,0,0.0,0
0.4259,77,0,0.212,8083.0,8,0,4,0,0.0,0
0.606,82,3,0.5448,8083.0,11,0,1,1,0.0,0
0.286,34,0,0.5369,16218.0,8,0,0,0,1.0,0
0.2626,34,0,0.6981,2554.0,6,0,0,1,0.0,0
0.1152,21,1,0.3287,2049.0,12,1,2,0,0.0,0
0.2476,65,0,0.2272,8354.0,3,0,4,0,1.0,0
0.4975,61,0,0.1533,4547.0,9,0,0,0,1.0,0
0.1522,53,0,0.5672,5119.0,7,0,0,0,1.0,0
0.0479,35,0,0.217,3566.0,6,0,1,0,0.0,0
0.0257,51,0,0.1895,,5,0,2,0,0.0,0
0.5573,55,0,0.6569,2784.0,6,0,0,0,0.0,0
5.0942,63,0,0.3393,5221.0,8,0,0,0,1.0,0
0.6997,56,0,0.5219,,9,0,1,0,0.0,0
0.1728,61,0,0.2993,6709.0,11,0,2,0,,0
0.3764,50,0,0.3509,,9,0,0,0,1.0,0
0.2049,69,0,0.1352,9401.0,8,0,0,0,2.0,1
1.8201,61,0,0.3486,3735.0,8,0,2,0,1.0,0
0.039,35,2,0.4853,2084.0,9,0,1,0,1.0,0
0.1572,71,0,0.2604,4180.0,7,0,1,0,1.0,0
0.3709,69,0,0.4043,4373.0,6,0,0,1,1.0,0
0.5347,59,0,0.5767,1419.0,10,0,2,0,3.0,1
6.4467,56,0,0.4194,,8,0,1,0,0.0,0
0.256,75,0,0.9772,15064.0,8,0,1,0,2.0,0
0.3814,29,0,0.0717,7582.0,3,0,2,0,0.0,0
0.0389,69,0,0.277,11177.0,9,0,3,0,0.0,0
0.7735,45,0,0.1703,,13,0,3,0,1.0,0
1.0038,67,0,0.2879,28745.0,10,0,2,0,0.0,0
1.162,54,0,0.9396,,5,0,1,0,0.0,0
1.1577,35,0,0.6559,5281.0,11,0,0,0,0.0,0
1.2334,45,0,0.8106,3693.0,7,0,0,0,1.0,0
0.034,66,0,0.2598,7181.0,14,0,0,0,0.0,0
0.1825,49,0,0.4416,,5,0,2,0,3.0,0
0.5561,43,0,0.2827,3872.0,7,0,0,0,2.0,0
0.5954,43,0,0.3439,15533.0,9,0,2,0,4.0,0
1.5839,61,0,0.6073,8231.0,9,0,1,0,0.0,0
0.1284,77,0,0.7056,14768.0,11,0,2,0,1.0,0
0.0063,22,0,0.4174,3270.0,9,0,0,0,,0
0.3199,91,0,0.0965,12088.0,4,0,3,0,2.0,0
0.8107,55,0,0.2932,5522.0,10,0,0,0,1.0,0
0.3414,60,0,0.8095,,11,0,1,0,0.0,0
0.4765,46,0,0.3587,2570.0,5,0,0,0,2.0,0
0.6493,52,2,0.2943,5863.0,9,0,1,0,0.0,0
0.706,55,0,0.2231,2533.0,10,0,0,0,2.0,0
1.87,37,0,0.6949,3341.0,8,0,2,0,2.0,0
0.2887,41,0,0.1908,5588.0,10,0,2,0,2.0,0
0.1982,69,0,0.4111,3768.0,5,0,4,0,1.0,0
1.5032,30,0,0.119,4721.0,8,0,2,0,0.0,0
0.6835,58,0,0.4468,4608.0,5,0,0,0,1.0,0
0.632,47,0,0.6527,4706.0,10,0,4,0,1.0,0
1.906,39,0,0.8706,,9,0,1,0,1.0,0
0.3679,80,0,0.2237,2439.0,9,0,2,0,2.0,0
4.6193,39,0,0.3353,,16,0,0,1,1.0,0
0.3052,36,0,0.3036,8974.0,5,0,2,0,0.0,0
0.2869,49,0,1.1036,6666.0,7,0,2,0,0.0,0
0.4578,41,0,0.2108,,14,0,2,0,1.0,0
0.1626,52,0,0.2975,5286.0,10,0,1,0,1.0,0
0.6128,54,0,0.9335,4800.0,7,0,0,0,1.0,0
0.5102,55,0,0.2506,3698.0,4,0,0,0,1.0,0
0.0049,50,0,0.3576,13746.0,3,0,0,0,0.0,0
0.146,42,0,0.2585,5548.0,7,0,2,0,0.0,0
0.4727,61,0,0.1123,,9,0,1,0,2.0,0
0.5052,50,1,0.5991,7453.0,13,0,2,1,3.0,0
1.042,45,0,0.7209,7956.0,11,0,1,0,0.0,0
0.0273,73,0,0.1205,5019.0,7,0,0,0,0.0,0
0.3428,50,0,0.2961,,8,0,1,0,0.0,0
1.394,67,0,0.6964,,8,0,2,0,1.0,0
0.1188,69,0,0.0115,6139.0,5,0,0,0,1.0,0
0.644,70,0,0.5325,6338.0,7,0,1,0,4.0,0
0.0236,62,1,0.769,1039.0,5,0,1,0,1.0,0
0.8264,52,0,0.5117,7047.0,6,0,1,0,1.0,0
0.6739,51,0,0.5242,,7,0,1,0,,0
0.3211,49,0,0.8154,3964.0,9,0,1,0,0.0,0
0.5344,22,0,0.7104,1735.0,12,0,2,0,0.0,1
0.4613,62,0,0.5745,,6,0,2,0,0.0,0
0.1622,55,0,0.1879,11332.0,7,0,3,0,2.0,0
0.6012,64,2,0.3649,5133.0,9,0,2,0,0.0,0
0.0862,50,0,0.5856,18939.0,4,0,3,0,2.0,0
1.9622,61,0,1.2028,28800.0,5,0,2,0,2.0,0
0.1789,33,0,0.9871,,3,0,0,0,0.0,0
0.5593,36,0,0.2376,7040.0,10,0,2,0,0.0,0
1.9045,21,0,0.6578,2371.0,4,0,1,0,2.0,0
0.0416,50,0,0.6854,2222.0,8,0,2,0,3.0,0
0.4909,41,0,0.7718,5290.0,8,0,0,0,0.0,1
5.1551,39,0,0.602,7277.0,11,0,1,0,0.0,0
0.8829,57,0,0.6175,5660.0,14,1,2,0,1.0,0
0.9453,46,0,0.4407,2308.0,10,0,0,0,0.0,0
0.4248,32,0,0.6538,2220.0,9,0,0,0,1.0,0
0.038,88,0,0.2045,12687.0,7,0,0,0,0.0,0
0.3207,51,0,1.2032,6218.0,8,0,0,0,0.0,0
0.8891,37,0,0.596,12519.0,3,0,0,0,0.0,0
2.3043,43,0,0.4389,,5,0,3,0,0.0,0
0.2563,50,5,0.4022,,13,0,1,0,0.0,0
0.1625,50,0,0.6265,2034.0,9,0,0,0,2.0,0
0.2564,70,0,0.5453,3552.0,8,0,0,0,3.0,0
0.706,51,0,0.8858,9675.0,7,0,2,0,0.0,0
0.5213,78,0,0.504,16393.0,10,0,1,0,1.0,0
0.0471,46,0,0.4367,3419.0,7,0,0,0,0.0,0
2.7856,58,2,0.6166,,7,0,1,0,1.0,0
0.2367,66,0,0.9548,5302.0,6,0,1,0,1.0,0
1.7534,69,1,0.3688,5712.0,13,0,1,0,1.0,0
0.3162,70,0,0.3833,21484.0,4,0,2,0,1.0,0
0.2375,48,0,0.1409,,6,0,1,0,,0
0.8037,52,0,0.1954,6733.0,8,0,1,0,3.0,0
1.4412,21,0,0.4319,,8,0,2,0,0.0,0
2.9685,49,0,0.9408,5698.0,5,0,3,0,1.0,0
1.3991,67,0,1.031,1568.0,8,0,1,0,0.0,0
1.0405,65,0,0.6225,,4,0,0,0,0.0,0
1.1428,51,0,1.2672,8650.0,5,0,1,0,1.0,0
0.0083,76,0,0.3718,6832.0,10,0,1,0,1.0,0
0.6794,47,0,0.1882,5538.0,6,0,0,0,2.0,0
3.2413,42,0,1.1204,,9,0,1,0,0.0,0
1.6728,45,0,0.2843,,5,0,1,0,2.0,0
0.3995,36,0,0.6848,6254.0,11,0,0,0,0.0,0
0.0963,61,0,0.5181,8074.0,2,0,1,0,2.0,0
0.5162,56,0,0.5241,2587.0,8,0,1,0,0.0,0
0.1905,61,0,0.4247,2180.0,8,0,1,0,0.0,0
0.6704,46,0,0.5627,4847.0,10,0,1,0,1.0,0
0.0803,51,0,0.557,4626.0,11,0,1,0,0.0,0
0.4182,22,0,0.3032,,9,0,4,0,0.0,0
0.3422,57,0,0.2498,5356.0,6,0,2,0,0.0,0
0.7767,53,0,0.2733,,6,0,1,0,1.0,0
0.2364,37,0,0.5103,7294.0,12,0,0,0,1.0,0
0.3998,51,0,0.2517,,11,0,0,0,,0
1.8859,48,0,0.6526,5930.0,9,0,1,0,0.0,0
0.6753,77,0,0.7907,4551.0,5,0,0,0,2.0,1
0.2546,37,0,0.7344,7103.0,5,0,2,0,0.0,0
0.4208,57,0,0.4391,31601.0,6,0,1,0,1.0,0
2.1218,37,2,0.3819,6513.0,9,0,0,0,1.0,0
0.0102,44,0,1.0582,5895.0,6,0,3,0,0.0,0
2.5626,56,0,0.1289,7690.0,8,0,0,0,0.0,0
0.1017,49,3,0.6737,9310.0,9,1,1,0,2.0,0
0.6039,52,0,0.4395,3912.0,11,0,1,0,0.0,0
0.1842,57,0,0.2889,4706.0,9,0,0,0,1.0,0
1.0771,45,0,0.8914,2602.0,3,0,3,0,,0
0.7238,64,0,1.4104,5848.0,6,0,1,0,0.0,0
0.5225,48,0,0.4274,20930.0,5,0,0,0,2.0,0
0.9122,51,0,0.6494,9694.0,7,0,2,0,0.0,0
0.1287,57,0,0.239,4100.0,9,0,2,0,2.0,0
2.2555,55,0,0.1433,48501.0,8,0,1,0,,0
0.2624,61,0,0.7528,,7,0,1,0,0.0,0
0.0264,56,0,0.2073,7249.0,5,0,1,0,0.0,0
1.5489,59,0,0.6698,7625.0,9,0,0,0,0.0,0
0.3253,47,0,0.5225,11725.0,8,0,1,0,0.0,0
0.3797,37,0,0.3449,2760.0,9,0,1,0,0.0,0
0.3045,32,0,0.35,4187.0,11,0,0,0,0.0,0
1.0809,29,0,0.4997,4798.0,7,0,1,0,0.0,1
0.094,77,0,0.9843,42517.0,9,0,2,0,,0
0.0368,21,0,0.1185,,5,0,1,0,1.0,0
1.1626,69,0,0.4538,2377.0,4,0,1,0,1.0,0
0.931,41,0,0.3636,2633.0,10,0,0,0,0.0,0
2.7116,69,0,0.3112,,4,0,0,0,0.0,0
0.6273,21,0,0.0307,2368.0,12,0,1,0,2.0,0
0.1702,49,0,0.8391,4016.0,9,0,2,0,0.0,0
0.2367,72,0,0.5684,5809.0,10,0,1,0,2.0,0
0.4521,62,0,0.3072,,8,0,1,0,1.0,0
0.4012,47,0,0.2471,6340.0,11,0,2,0,2.0,0
0.0884,25,0,0.1277,6801.0,8,0,2,0,2.0,0
0.554,33,0,0.2813,4750.0,4,0,1,0,0.0,1
1.1791,71,0,0.925,8730.0,2,0,1,0,1.0,0
0.5338,47,0,0.1409,4133.0,6,0,1,0,1.0,0
1.0931,51,0,0.4768,6526.0,10,0,2,0,0.0,0
0.4642,56,0,0.3404,6494.0,5,0,2,0,,0
0.9651,34,0,0.1487,1959.0,9,0,0,0,1.0,0
2.5855,58,0,0.6707,1142.0,4,0,1,0,0.0,0
0.4671,46,0,0.4525,,8,0,0,0,1.0,0
0.0638,56,0,1.2102,2872.0,12,0,2,0,0.0,0
0.0611,44,0,0.3286,10088.0,4,0,0,0,2.0,0
0.4745,30,0,0.3606,,7,0,0,0,1.0,0
0.647,46,0,0.999,2505.0,11,0,1,0,1.0,0
3.4903,61,0,0.8279,2686.0,10,0,2,0,0.0,0
0.6975,58,0,0.7327,,8,0,2,0,0.0,0
1.6697,52,0,0.6488,4482.0,8,0,1,0,1.0,1
0.3636,65,0,0.4382,11790.0,12,0,1,0,0.0,1
2.6312,49,0,0.7054,4503.0,5,0,1,0,0.0,0
1.0537,53,0,0.3403,2983.0,8,0,1,0,1.0,0
0.4041,45,1,0.4695,7346.0,10,0,2,0,0.0,0
0.3082,65,0,0.7639,,8,0,1,0,0.0,0
0.5273,56,0,0.3204,4947.0,15,0,1,0,2.0,0
2.2015,44,2,0.5985,,14,0,2,0,1.0,0
0.7016,31,0,0.6079,1119.0,5,0,3,0,2.0,1
0.4555,67,0,0.1489,7487.0,7,0,1,0,1.0,0
0.329,42,4,0.3633,3181.0,5,0,1,1,0.0,0
0.2874,53,0,0.7812,5192.0,6,0,0,0,0.0,0
0.2362,85,0,0.0789,8481.0,5,0,2,0,0.0,0
0.3724,63,0,0.6499,3153.0,9,0,1,0,0.0,0
0.182,75,0,0.2671,6127.0,5,0,4,0,1.0,0
0.3811,44,0,0.5101,,6,0,2,0,1.0,0
0.3097,67,0,0.0369,8956.0,7,0,0,0,1.0,0
0.2445,52,0,0.6298,5952.0,9,0,1,0,1.0,0
0.0769,57,0,0.5975,,6,0,3,0,1.0,0
0.4639,80,0,0.7743,7913.0,9,0,2,0,0.0,0
0.8522,48,0,0.2613,1251.0,5,0,0,0,0.0,0
0.7886,52,0,0.6847,7249.0,6,0,2,0,1.0,0
1.0467,39,0,0.6617,13467.0,6,0,0,0,1.0,0
0.7114,64,0,0.0429,4417.0,9,0,1,0,0.0,0
0.1371,44,2,0.5108,4818.0,7,0,2,0,0.0,0
0.3445,66,0,0.412,,6,0,0,0,1.0,0
0.3748,29,0,0.2915,2954.0,5,0,1,0,1.0,0
0.5357,60,0,0.2101,,4,0,0,0,1.0,0
1.3843,43,0,0.5016,7487.0,8,0,2,0,2.0,0
0.0688,62,0,0.414,4302.0,8,0,3,0,2.0,0
0.3975,52,0,0.2101,4410.0,9,0,2,0,0.0,0
0.5963,45,0,0.4794,,6,0,0,0,0.0,0
0.619,47,0,0.2543,5534.0,9,0,2,0,1.0,0
0.9787,40,0,0.2698,9623.0,9,0,3,0,1.0,0
2.7249,64,0,0.7521,13126.0,4,0,2,0,0.0,0
0.6424,37,0,0.6578,5189.0,5,0,0,0,1.0,0
0.6156,48,0,0.0097,,10,0,2,0,1.0,0
0.5852,57,0,0.5001,7168.0,7,0,0,0,1.0,0
2.9006,75,0,0.7619,,4,0,3,0,2.0,1
0.5845,52,0,0.5076,5226.0,11,0,0,0,1.0,0
1.4279,49,2,0.8171,3744.0,7,0,1,0,1.0,0
0.0763,56,0,1.2685,1956.0,10,0,1,0,1.0,0
0.7196,23,0,0.4247,5832.0,7,0,2,0,1.0,0
0.4125,35,0,0.6507,1603.0,7,0,1,0,1.0,0
0.1565,47,0,0.5107,4117.0,11,0,1,0,1.0,0
0.8508,42,1,0.1642,2491.0,6,1,0,0,1.0,0
0.3455,30,0,0.4441,,8,0,0,0,0.0,0
0.6966,64,0,0.2527,6567.0,11,0,0,0,0.0,0
0.4851,56,2,0.2331,8392.0,12,0,0,0,0.0,0
1.1053,54,0,0.1567,8755.0,7,0,3,0,1.0,0
0.396,42,0,0.2751,3664.0,11,0,2,0,1.0,0
0.823,53,1,0.0846,7441.0,15,0,0,1,0.0,0
0.0718,59,0,0.7945,,6,0,0,0,1.0,0
0.48,48,1,0.5573,4886.0,11,0,1,0,1.0,1
0.0591,58,0,0.379,4433.0,11,0,1,0,,0
1.5019,41,0,0.552,18202.0,10,0,1,0,1.0,0
0.4874,53,0,0.5045,3424.0,12,0,2,0,0.0,0
0.6469,68,0,0.4965,3775.0,7,0,0,0,1.0,0
0.3263,69,0,0.2439,4339.0,11,0,0,0,1.0,0
0.164,71,0,0.4402,5222.0,13,0,0,0,0.0,0
0.0136,56,0,0.369,30839.0,9,0,1,0,1.0,0
0.2477,52,0,0.6304,17011.0,13,0,0,0,3.0,0
0.221,46,0,0.0847,,8,0,2,0,2.0,0
0.0985,27,0,0.8413,6387.0,8,0,2,0,0.0,0
0.957,33,0,0.444,4258.0,10,0,1,0,,0
0.9189,50,0,1.1177,4169.0,9,0,2,1,1.0,0
1.0225,50,0,0.8672,3890.0,7,0,1,0,0.0,0
0.2625,72,0,0.1522,7172.0,5,0,1,0,1.0,0
0.6031,70,0,0.305,7008.0,10,0,1,0,1.0,0
0.3804,42,0,0.2711,6011.0,10,0,1,0,,0
0.5198,63,1,0.3091,4679.0,7,0,1,0,0.0,0
0.4443,45,0,0.0479,,6,0,0,0,2.0,1
0.5558,62,0,0.5763,8105.0,9,0,0,0,1.0,0
0.3199,63,0,0.5372,2314.0,6,0,0,0,1.0,0
0.262,69,0,0.7355,,6,0,0,0,0.0,0
0.3255,45,2,0.281,12151.0,6,0,2,1,2.0,0
0.0398,66,0,0.3013,3758.0,3,0,1,0,1.0,0
1.0692,26,0,0.6729,8601.0,11,0,1,0,1.0,0
0.5516,70,0,0.1371,2824.0,8,0,0,0,0.0,1
0.1473,52,0,0.4301,10224.0,8,0,1,0,0.0,0
0.7989,52,0,0.2699,,12,0,1,0,1.0,0
1.6949,23,0,0.4789,10371.0,6,0,1,0,2.0,0
0.1473,47,0,0.3339,,8,0,1,0,1.0,0
0.0318,71,0,0.9574,,7,0,0,0,0.0,0
0.2093,46,0,0.3836,,11,0,0,0,0.0,0
0.0465,62,0,0.5821,4396.0,7,0,2,0,0.0,0
0.6703,52,0,0.1612,1895.0,6,0,1,0,0.0,0
0.5054,67,0,0.2851,9179.0,5,0,1,0,1.0,0
1.13,55,0,0.2863,3306.0,8,0,1,0,0.0,0
0.0425,39,0,0.3485,4315.0,11,0,3,0,0.0,0
3.8644,53,0,0.3144,8229.0,9,0,1,0,2.0,0
0.4635,74,0,0.9184,8406.0,6,0,1,0,,0
0.4674,59,0,0.0871,9151.0,8,0,0,0,0.0,0
0.4871,50,0,0.376,5610.0,6,0,1,0,0.0,1
0.709,84,0,0.2297,4877.0,3,0,6,0,2.0,0
0.1352,68,3,0.5796,5332.0,6,0,0,1,4.0,0
0.3132,63,0,0.7281,5768.0,9,0,0,0,0.0,0
0.5292,56,0,0.555,,9,0,3,0,0.0,0
0.2661,62,0,0.3538,6662.0,7,0,0,0,0.0,0
0.0917,63,0,0.1088,,5,0,0,0,1.0,0
0.3293,21,0,0.0199,11616.0,6,0,0,0,0.0,0
0.6052,58,1,0.5786,18916.0,5,0,1,2,,0
0.251,50,0,0.2207,8120.0,9,0,1,0,1.0,0
7.697,45,0,0.4247,4999.0,5,0,2,0,1.0,0
0.4181,49,0,0.4903,,9,0,2,0,1.0,0
0.0036,30,0,0.9601,14731.0,10,0,3,0,3.0,0
0.2745,27,0,0.2666,4144.0,4,0,0,0,0.0,0
0.3859,69,0,0.3864,9851.0,10,0,0,0,3.0,0
1.4316,58,0,0.5572,,5,0,4,0,0.0,1
2.6832,21,0,0.5809,3599.0,4,0,2,0,0.0,0
0.3568,44,0,0.1355,4699.0,11,0,0,0,1.0,0
0.1854,64,2,0.526,5960.0,12,0,0,1,0.0,0
1.7021,48,0,0.5353,3882.0,8,0,1,0,1.0,0
0.4669,69,0,0.5662,7101.0,10,0,2,0,0.0,0
0.1531,67,0,0.3479,2546.0,5,0,2,0,0.0,0
0.4511,33,0,0.6264,6134.0,5,0,1,0,0.0,0
0.078,50,0,0.0725,7691.0,4,0,1,0,1.0,0
1.5267,46,0,0.6035,3356.0,6,0,1,0,0.0,0
1.0757,33,0,0.2694,,10,0,2,0,1.0,0
0.2531,32,0,0.6359,8749.0,11,0,2,0,0.0,0
0.1455,41,0,1.0877,6685.0,9,0,0,0,1.0,0
0.1817,43,0,0.7758,4292.0,7,0,0,0,3.0,0
0.5083,56,0,0.5241,16566.0,4,0,0,0,0.0,0
0.0154,67,0,0.3255,5986.0,6,0,2,0,1.0,0
0.2679,59,1,0.2964,3238.0,7,0,1,2,1.0,0
0.2937,63,0,0.1553,5352.0,10,0,1,0,1.0,0
0.115,48,0,0.5416,4793.0,8,0,2,0,1.0,0
4.2545,60,0,0.3622,8640.0,11,0,1,0,1.0,0
0.5291,50,0,0.4371,10222.0,9,0,0,0,0.0,0
0.3945,46,0,0.4103,6976.0,7,0,0,0,,0
0.4472,79,0,0.5079,7723.0,10,0,3,0,0.0,0
0.8737,21,0,0.2697,,8,0,2,0,1.0,1
0.3821,26,0,0.5482,4249.0,11,0,0,0,0.0,0
1.5238,57,0,0.295,9345.0,12,0,2,0,0.0,0
0.6313,48,0,0.4901,,10,0,0,0,2.0,1
1.0828,32,0,0.2308,3904.0,10,0,2,0,2.0,0
0.0126,37,0,0.3827,4857.0,8,0,2,0,1.0,0
0.9371,39,0,0.2846,3199.0,10,0,2,0,1.0,0
0.1238,64,0,0.7211,,7,0,3,0,2.0,0
0.1328,69,0,0.3103,,7,0,2,0,1.0,0
0.5907,75,0,0.2874,7147.0,3,0,1,0,1.0,0
0.6952,30,0,0.1046,,3,0,0,0,1.0,0
0.1636,33,0,0.1085,,4,0,2,0,0.0,0
0.3926,32,0,0.5588,9404.0,15,0,1,0,0.0,0
0.5701,70,0,0.5553,3916.0,9,0,0,0,3.0,0
0.5299,58,0,0.7318,,9,0,1,0,0.0,0
0.5325,53,0,0.5952,13228.0,12,0,0,0,0.0,0
0.0221,55,0,0.2253,3359.0,4,0,0,0,0.0,0
0.923,51,0,0.3795,7790.0,9,0,2,0,1.0,0
1.4375,36,2,0.9443,,10,1,0,0,0.0,0
0.5154,59,0,0.7421,10483.0,11,0,3,0,1.0,0
0.6942,49,0,0.3753,,4,0,1,0,1.0,0
0.8029,35,0,0.6341,10148.0,6,0,1,0,1.0,0
7.7798,60,0,0.5243,5213.0,12,0,2,0,1.0,0
0.7526,46,0,0.7783,1103.0,3,0,2,0,1.0,0
0.8208,55,0,0.1256,4915.0,9,0,0,0,0.0,0
0.2596,50,0,0.2863,5993.0,5,0,1,0,1.0,0
0.1269,64,0,0.2221,6028.0,8,0,0,0,1.0,0
0.7192,55,0,0.2101,9222.0,10,0,3,0,0.0,0
0.6473,40,0,0.5109,15382.0,5,0,2,0,1.0,0
0.5652,57,0,0.8733,9601.0,11,0,0,0,1.0,0
0.2956,57,0,0.2954,,9,0,2,0,3.0,0
0.3877,59,0,0.3285,2363.0,3,0,0,0,1.0,0
0.7464,67,0,0.8035,7293.0,9,0,1,0,0.0,0
0.4672,43,0,0.6016,10854.0,6,0,0,0,1.0,0
0.6182,61,0,0.4265,,7,0,1,0,2.0,0
0.175,28,0,0.9474,4979.0,5,0,2,0,0.0,0
0.3143,50,0,0.7979,3874.0,15,0,0,0,1.0,0
0.111,48,0,0.8531,14697.0,10,0,1,0,0.0,0
0.2034,72,0,0.2082,,9,0,0,0,1.0,0
0.3866,50,0,0.5265,1996.0,12,0,1,0,2.0,1
1.1982,61,0,0.5665,9024.0,8,0,0,0,0.0,0
0.3543,27,0,0.3761,,9,0,1,0,0.0,0
0.4865,47,0,0.8384,1232.0,4,0,0,0,0.0,0
0.9656,40,0,0.2546,1556.0,7,0,0,0,1.0,0
0.694,87,0,0.1056,3634.0,6,0,3,0,0.0,0
0.8819,43,1,0.8144,2932.0,7,0,0,1,4.0,0
0.2628,53,0,0.3281,,9,0,0,0,1.0,0
0.0342,54,0,0.9935,11400.0,4,0,4,0,2.0,0
0.4864,30,0,0.66,,12,0,0,0,0.0,0
1.1172,45,0,1.1568,,8,0,2,1,0.0,0
0.1842,58,0,0.4534,3138.0,12,0,1,0,2.0,0
0.1041,53,0,0.7031,4322.0,9,0,1,0,,0
0.3926,21,0,0.1178,3761.0,9,0,0,0,2.0,0
1.3065,44,0,0.425,12286.0,6,0,0,0,0.0,0
2.995,66,0,0.4346,2984.0,3,0,2,0,0.0,0
0.6622,60,0,0.6536,2360.0,7,0,1,0,1.0,0
0.603,69,0,0.1566,8831.0,10,0,2,0,0.0,0
0.1238,38,0,0.3185,7395.0,11,0,2,0,2.0,0
0.6512,70,0,0.5409,6954.0,8,0,0,0,0.0,0
0.0734,51,0,0.3968,2583.0,5,0,0,0,1.0,0
0.4195,74,0,0.4046,,5,0,0,0,3.0,0
0.78,52,0,0.7717,8350.0,8,0,2,0,1.0,0
0.2405,23,0,0.2223,5699.0,13,0,1,0,1.0,0
0.15,64,0,0.8397,1493.0,4,0,2,0,,0
0.3531,46,0,0.2371,,9,0,2,0,0.0,0
0.1019,47,0,0.3482,3026.0,10,0,1,0,0.0,0
0.4145,32,0,0.3813,5503.0,5,0,0,0,0.0,1
0.1137,75,0,0.2449,4696.0,10,0,1,0,3.0,0
0.0991,45,0,0.2177,5558.0,12,0,3,0,1.0,0
0.0075,74,0,0.2805,4346.0,8,0,2,0,0.0,0
0.8305,46,0,0.0835,6796.0,8,0,0,0,0.0,0
0.1773,39,0,0.2601,4527.0,4,0,0,0,0.0,0
0.7972,70,0,0.4749,7626.0,10,0,2,0,0.0,0
0.5021,51,0,0.07,11487.0,7,0,1,0,0.0,0
0.3486,51,0,0.4426,7857.0,8,0,1,0,0.0,0
0.6941,34,0,0.1453,,7,0,1,0,0.0,0
0.4549,46,0,0.7172,,10,0,4,0,2.0,0
0.5003,58,0,0.5073,2128.0,6,0,1,0,1.0,0
0.0769,34,0,0.3987,,7,0,0,0,0.0,0
0.242,44,0,0.1682,13288.0,9,0,2,0,0.0,0
0.5677,46,0,0.406,6695.0,9,0,0,0,0.0,0
0.4922,53,0,0.9556,8918.0,11,0,0,0,1.0,0
0.7427,73,0,0.0999,8462.0,2,0,1,0,0.0,0
0.4131,48,0,0.7999,4654.0,11,0,0,0,0.0,0
0.6128,42,0,0.3753,14750.0,7,0,2,0,1.0,0
0.806,90,0,0.0684,,7,0,2,0,1.0,1
0.9876,46,0,0.4037,7592.0,3,0,0,0,0.0,0
0.2164,49,0,0.3165,,5,0,0,0,1.0,0
0.4329,47,0,1.0613,,10,0,1,0,0.0,1
0.6073,48,0,0.1303,,16,0,0,0,0.0,0
0.6166,53,0,0.5037,3673.0,8,0,1,0,0.0,0
0.2248,65,0,0.1826,6439.0,10,0,0,0,2.0,0
0.6226,58,0,0.1935,,13,0,3,0,,0
0.0739,67,0,0.8456,14918.0,8,0,2,0,0.0,0
0.5467,67,0,0.659,2633.0,5,0,0,0,0.0,1
0.4987,55,0,0.1598,5476.0,6,0,0,0,2.0,0
1.4416,57,1,0.1986,6254.0,9,0,3,0,0.0,0
0.2756,68,0,1.2298,,13,0,0,0,1.0,0
1.3283,36,0,0.87,1611.0,11,0,0,0,0.0,0
0.8017,87,2,0.0758,9090.0,9,0,1,0,0.0,0
0.3239,45,0,0.4867,1974.0,3,0,0,0,1.0,0
0.0082,47,0,0.2242,2889.0,9,0,0,0,0.0,0
3.3976,35,0,0.1298,9485.0,6,0,3,0,0.0,0
0.107,35,0,0.1798,4070.0,9,0,0,0,4.0,0
0.5694,66,0,0.1786,,11,0,1,0,0.0,0
0.0229,84,0,0.1445,2447.0,8,0,0,0,1.0,0
2.43,44,0,0.2402,,8,0,2,3,1.0,0
0.0507,57,0,0.0785,3927.0,4,0,0,0,1.0,0
0.1572,55,0,0.0831,,8,0,1,0,1.0,0
0.4778,66,0,0.3768,4390.0,14,0,3,0,2.0,0
0.2556,83,0,0.2835,18813.0,6,0,3,0,0.0,0
0.0777,73,0,0.1908,3338.0,7,0,0,0,1.0,0
0.5166,49,0,0.0673,25476.0,7,0,2,0,1.0,0
0.8934,59,0,0.8529,6009.0,10,0,1,0,0.0,0
0.0919,61,0,0.4493,,6,0,3,0,0.0,0
0.2866,52,0,0.2043,,6,0,1,0,0.0,0
0.1211,37,0,0.4302,,7,0,0,0,0.0,0
0.4774,41,0,0.6512,15524.0,4,0,1,0,0.0,0
0.3609,68,0,0.4651,2055.0,8,0,0,0,1.0,0
0.1536,70,0,0.5683,6364.0,6,0,1,0,0.0,0
0.9737,49,0,0.2392,3079.0,13,0,0,0,0.0,0
0.2551,56,0,0.2167,8688.0,8,0,1,0,2.0,0
0.3314,69,0,0.2728,4455.0,10,0,1,0,0.0,0
0.534,28,0,0.1495,12052.0,8,0,0,0,1.0,0
3.2872,46,0,0.6764,3418.0,7,0,2,0,0.0,0
0.4659,80,0,0.7782,1330.0,8,0,1,0,1.0,0
0.4267,56,0,1.0385,3579.0,11,0,0,0,1.0,1
0.7069,36,0,0.4298,,9,0,0,0,2.0,0
7.264,54,0,0.6834,2870.0,12,0,0,0,0.0,0
0.2572,66,0,0.4641,,9,0,1,0,2.0,0
0.6516,21,0,0.3189,3585.0,5,0,1,0,0.0,0
0.8605,54,0,0.2654,6912.0,10,0,0,0,0.0,0
1.3064,47,0,0.3904,6486.0,8,0,1,0,1.0,0
0.1753,29,0,0.2673,8732.0,8,0,4,0,3.0,0
0.1337,53,0,0.2187,,6,0,0,0,1.0,0
0.5748,50,0,0.2928,,5,0,0,0,0.0,0
0.0378,52,0,0.3364,6335.0,3,0,0,0,0.0,0
0.1452,47,0,0.5087,3337.0,4,0,0,0,0.0,0
1.0665,38,0,0.4534,5814.0,4,0,3,0,1.0,0
0.0351,32,0,0.2368,,10,0,3,0,2.0,0
0.3,42,0,0.3409,23722.0,5,0,2,0,0.0,0
0.6298,64,0,0.3298,2832.0,7,0,1,0,2.0,0
0.0684,55,0,0.1989,,8,0,0,0,2.0,0
4.7019,51,0,0.3216,1578.0,6,0,0,0,0.0,0
0.5391,37,0,0.4866,7440.0,8,0,1,0,0.0,0
0.7547,47,0,0.7775,,7,0,1,0,2.0,0
0.3368,62,0,0.4925,4346.0,5,0,1,0,0.0,0
0.2768,59,0,0.6183,,7,0,2,0,1.0,0
0.2051,45,0,0.7317,2051.0,10,0,2,0,1.0,0
0.7151,21,0,0.8087,,6,0,0,0,,0
0.7385,43,0,0.7583,8799.0,10,0,5,0,0.0,0
0.3876,45,0,0.0663,15522.0,13,0,1,0,0.0,1
0.3233,39,0,0.1183,2274.0,2,0,0,0,0.0,0
0.3269,46,0,0.8497,,6,0,2,0,3.0,0
0.204,63,0,0.3921,2999.0,6,0,2,0,0.0,0
0.1216,51,0,0.9239,8115.0,6,0,2,0,2.0,0
0.247,66,0,0.3797,6156.0,8,0,2,0,0.0,1
0.0306,31,0,0.0574,7511.0,6,0,0,0,1.0,0
0.2371,48,0,0.2227,3557.0,8,0,0,0,2.0,0
0.1562,25,0,0.1237,9017.0,10,0,0,0,1.0,0
0.251,46,0,0.2468,7916.0,4,0,0,0,1.0,0
0.9243,37,0,0.0716,2397.0,6,0,0,0,2.0,1
3.6115,70,0,0.0735,,13,0,0,0,0.0,1
1.2717,58,0,0.6093,7254.0,8,1,2,1,1.0,0
1.3409,66,0,0.3948,3861.0,6,0,0,0,2.0,0
0.1619,46,0,0.8495,4811.0,10,0,1,0,1.0,0
0.8191,38,1,0.2579,11566.0,4,1,0,3,0.0,0
0.1265,37,0,0.2202,,12,0,1,0,0.0,0
0.714,56,0,0.4474,8644.0,9,0,1,0,1.0,0
5.6394,77,0,0.2997,,8,0,0,0,0.0,0
0.5176,58,0,0.4317,3809.0,7,0,1,0,0.0,0
0.521,47,0,0.066,15419.0,11,0,3,0,1.0,0
1.542,49,3,0.1164,10588.0,10,0,2,0,1.0,0
0.3933,52,0,0.5596,5208.0,5,0,0,0,1.0,0
0.1994,80,0,0.809,7124.0,8,0,1,0,2.0,0
0.7196,69,0,0.9266,5179.0,10,0,1,0,0.0,1
2.86,56,0,0.4964,7404.0,10,0,1,0,0.0,0
0.2943,54,4,1.1194,6933.0,13,0,0,1,0.0,0
0.8377,56,0,0.6389,6594.0,3,0,1,0,0.0,0
0.0216,59,0,0.6327,14559.0,7,0,0,0,0.0,0
7.1972,46,0,0.7238,6956.0,5,0,1,0,1.0,0
0.3219,40,0,0.3254,3410.0,5,0,3,0,2.0,0
0.737,66,0,0.1716,11910.0,8,0,1,0,1.0,0
2.8527,52,0,0.1472,8462.0,9,0,1,0,0.0,0
0.6516,65,0,0.903,7263.0,10,0,0,0,1.0,0
0.4922,75,0,0.726,6616.0,12,0,0,0,1.0,0
1.1244,59,0,0.6497,3874.0,6,0,1,0,0.0,0
3.1908,57,0,0.3648,6425.0,6,0,1,0,0.0,0
0.2439,95,0,0.6827,,7,0,1,0,2.0,0
0.1707,55,0,0.4036,8327.0,11,0,2,0,0.0,0
2.7826,37,0,0.3846,8890.0,6,0,1,0,0.0,0
0.4925,48,0,0.5716,6782.0,8,0,3,0,2.0,0
0.2726,74,0,0.1337,4325.0,7,0,0,0,1.0,0
0.1756,34,0,0.896,3617.0,5,0,0,0,0.0,0
0.6156,41,0,0.2947,21608.0,7,0,0,0,0.0,0
0.3281,67,0,0.2362,,6,0,3,0,1.0,0
0.5049,48,0,0.5143,,5,0,2,0,2.0,0
0.3906,50,0,0.6771,9714.0,10,0,2,0,1.0,0
0.8398,67,2,0.2285,8354.0,5,0,2,0,2.0,0
3.8004,42,0,0.4184,1527.0,6,0,0,0,0.0,0
0.0035,31,0,0.3901,,10,0,2,0,1.0,0
0.3799,33,0,0.5947,3084.0,6,1,0,0,0.0,0
0.4319,60,0,0.3123,,7,0,1,0,,0
0.7477,56,0,0.371,3096.0,6,0,0,1,0.0,0
0.4249,42,0,0.146,14458.0,14,0,1,0,1.0,0
0.4396,36,0,0.4053,,7,0,0,0,1.0,0
0.0861,48,0,0.5808,2669.0,6,0,0,0,0.0,0
0.1702,68,0,0.3816,5290.0,2,0,0,0,0.0,0
0.7032,40,0,0.1407,9461.0,9,0,1,0,0.0,0
0.0796,43,0,0.3048,4092.0,7,0,2,0,0.0,0
0.1291,35,0,0.584,3781.0,9,0,1,0,1.0,0
0.2541,47,0,0.4544,10567.0,6,0,1,0,1.0,1
1.732,57,0,0.4139,6769.0,7,0,1,0,1.0,0
2.0553,82,0,0.4972,,12,0,0,0,1.0,1
1.0268,55,0,0.3334,4254.0,9,0,2,0,0.0,0
0.8412,51,0,0.2527,7041.0,7,0,0,0,2.0,0
7.3288,64,0,0.2693,4570.0,8,0,0,0,0.0,0
0.146,62,0,0.5673,8514.0,7,0,0,0,0.0,0
0.2458,44,0,0.1692,7100.0,7,0,2,0,0.0,0
0.1782,84,0,0.6105,6689.0,5,0,0,0,2.0,0
0.6254,52,0,0.8544,2551.0,6,0,1,0,1.0,0
0.3411,55,0,0.992,7525.0,14,0,1,0,0.0,0
0.3447,60,0,1.0758,6811.0,13,0,1,0,1.0,0
0.1615,57,0,0.3806,19026.0,10,0,0,0,1.0,0
1.4758,73,0,0.3467,3241.0,15,0,1,0,1.0,1
0.3424,44,0,0.7311,3279.0,8,0,1,0,0.0,0
0.1135,63,0,0.4421,,7,0,0,0,0.0,0
0.3192,54,0,0.9154,3263.0,7,0,2,0,0.0,0
0.0331,66,0,0.5303,5222.0,9,0,1,0,0.0,0
0.188,49,0,0.5627,,9,0,2,0,1.0,0
1.8041,47,0,0.5783,,7,0,0,0,1.0,0
0.17,62,0,0.2003,3832.0,11,0,2,0,1.0,0
0.8167,57,0,0.4603,3096.0,7,0,0,0,2.0,0
0.0886,41,0,0.7834,4423.0,8,0,2,0,1.0,0
0.517,71,0,0.1153,1701.0,5,0,1,0,0.0,1
1.0235,62,0,0.3248,16163.0,8,0,0,2,1.0,0
0.0653,51,0,0.9144,,12,0,0,0,0.0,0
0.2451,45,0,0.3447,2994.0,14,0,3,0,0.0,0
0.9542,57,0,0.4038,8606.0,10,0,1,0,1.0,0
0.7248,61,0,0.3382,1551.0,7,0,0,0,1.0,0
5.8883,30,0,0.0715,1711.0,5,0,0,0,0.0,0
0.1518,57,2,0.7763,2831.0,8,0,1,0,0.0,0
0.6302,61,1,0.2778,1506.0,9,0,0,1,2.0,0
2.0891,21,0,0.1098,1923.0,7,0,2,0,1.0,0
0.112,55,0,0.3335,4415.0,6,0,0,0,0.0,0
1.0508,62,0,0.8019,,5,0,1,0,0.0,0
0.8118,60,0,1.0047,,7,0,1,0,3.0,0
0.8245,63,0,0.1346,3564.0,15,0,0,0,1.0,0
0.1863,47,0,0.6797,,4,0,0,0,0.0,0
0.0884,37,0,1.0722,3644.0,9,0,1,0,2.0,0
0.2113,27,0,0.5799,8365.0,5,0,1,0,1.0,0
0.2708,67,0,0.272,,10,0,0,0,0.0,0
4.0199,62,0,0.775,6474.0,8,0,1,0,2.0,0
0.2202,68,0,0.554,8755.0,7,0,0,0,0.0,0
0.3688,42,0,0.3946,7939.0,9,0,1,0,0.0,0
0.4904,63,0,0.7269,4982.0,10,0,3,0,1.0,0
0.3325,31,0,0.7388,8629.0,9,0,0,0,3.0,0
0.2975,40,0,0.8621,6258.0,6,0,0,0,1.0,0
0.1277,54,0,0.1174,7448.0,5,0,0,0,3.0,0
1.2287,61,0,0.1214,3580.0,15,0,0,0,1.0,0
0.3561,76,0,0.1381,6383.0,8,0,0,0,0.0,0
1.2006,49,0,0.0091,3043.0,7,0,1,0,2.0,0
0.793,40,0,0.8594,,10,0,1,0,2.0,0
0.0795,39,0,0.802,2142.0,9,0,1,0,2.0,0
0.5964,42,0,0.5077,6297.0,4,0,1,0,2.0,0
0.2261,83,0,0.1988,6101.0,9,0,0,0,1.0,0
2.4085,63,0,0.5989,,5,0,0,0,0.0,0
0.0003,68,0,0.3871,14747.0,5,0,1,0,,0
0.827,49,0,0.3614,8786.0,10,0,1,0,0.0,0
0.2951,52,0,0.4464,9594.0,14,0,1,0,0.0,0
0.4733,62,0,0.249,7520.0,11,0,2,0,0.0,0
0.1052,45,0,0.6058,5467.0,6,0,2,0,2.0,0
0.037,48,0,0.9838,5337.0,14,0,1,0,3.0,0
0.6962,43,0,0.496,9644.0,7,0,1,0,0.0,0
0.0224,46,0,0.0828,9120.0,12,0,4,0,0.0,0
0.2772,53,0,0.0644,9989.0,8,0,0,0,2.0,0
0.0526,40,0,0.544,2730.0,6,0,3,0,2.0,0
0.3135,56,0,0.763,2494.0,5,0,0,0,1.0,0
0.2972,56,0,0.3338,11329.0,10,0,0,0,2.0,0
0.4423,49,0,0.1486,5644.0,7,0,2,0,2.0,0
0.0353,40,0,0.4631,10078.0,12,0,1,0,,0
1.949,53,1,0.694,5638.0,12,0,2,1,0.0,0
0.841,45,0,0.1677,11600.0,11,0,1,0,0.0,0
8.1154,53,0,0.6883,5445.0,7,0,3,0,2.0,0
0.0793,67,0,0.6514,7963.0,8,0,2,0,0.0,0
0.434,34,0,0.7409,6764.0,14,0,2,0,1.0,0
0.1812,82,0,0.3799,2049.0,10,0,3,0,0.0,0
0.1394,51,0,0.3997,6940.0,7,0,0,0,1.0,0
0.6897,58,0,0.0785,6827.0,8,0,0,0,1.0,0
8.6707,41,1,0.6678,5397.0,13,0,3,0,2.0,0
0.7272,68,0,0.6206,4776.0,9,0,0,0,0.0,0
0.3191,50,0,0.3719,,11,0,0,0,,0
0.7848,46,0,0.5135,,6,0,2,0,3.0,1
0.3611,44,0,0.238,3847.0,6,0,2,0,1.0,0
0.4438,48,0,0.277,8233.0,13,0,4,0,0.0,1
3.1342,58,0,0.5577,,7,0,0,0,3.0,0
0.2106,54,0,0.3793,2108.0,14,0,0,0,0.0,0
0.146,51,1,0.2521,,8,0,1,1,0.0,0
1.3078,42,0,0.2564,10915.0,5,0,2,0,1.0,0
3.1819,41,0,0.5962,2908.0,8,0,2,0,1.0,0
0.0113,46,0,1.0553,,6,0,4,0,1.0,0
1.6034,58,0,0.675,4231.0,12,0,1,0,1.0,0
0.3162,61,0,0.3892,,5,0,0,0,1.0,0
1.2504,63,0,0.0832,3185.0,8,0,0,0,2.0,0
0.3218,52,0,0.3045,9901.0,7,0,0,0,0.0,0
0.3341,57,0,0.5152,7161.0,10,0,2,0,1.0,0
0.5272,50,0,0.199,1919.0,5,0,5,0,1.0,0
0.2683,28,0,0.8052,7665.0,9,0,1,0,1.0,0
3.7255,49,0,0.4326,3233.0,10,0,0,0,1.0,0
0.2523,47,0,0.2064,2032.0,5,0,0,0,,0
1.8206,37,0,0.1728,1935.0,5,0,0,0,1.0,0
0.503,44,0,0.2829,3110.0,9,0,1,0,0.0,0
0.4332,54,0,0.0963,5239.0,7,0,1,0,0.0,0
0.4237,36,0,0.5637,7742.0,4,0,2,0,1.0,0
0.101,42,0,0.5915,10952.0,10,0,0,0,0.0,0
0.0539,74,0,0.8176,5759.0,7,0,1,0,1.0,0
0.7765,30,0,0.5402,5764.0,9,0,2,0,1.0,0
0.203,49,0,0.3944,4391.0,5,0,0,0,1.0,0
0.5563,36,0,0.2054,,6,0,1,1,2.0,0
0.126,41,0,0.5385,3116.0,5,0,4,0,1.0,0
0.0212,49,0,0.2315,12393.0,5,0,1,0,0.0,0
0.1867,38,0,0.66,9549.0,10,0,0,0,2.0,0
1.5793,60,0,0.5392,10118.0,4,0,1,0,0.0,0
0.5422,71,0,0.6069,1316.0,8,0,0,0,1.0,0
0.0438,64,0,0.8339,4483.0,8,0,2,0,2.0,0
1.0353,66,0,0.1305,5019.0,13,0,2,0,0.0,0
0.2988,33,0,0.08,5825.0,4,0,0,0,0.0,0
0.3549,49,0,0.2458,5076.0,7,0,0,0,2.0,0
0.1597,59,0,0.3082,7465.0,5,0,1,0,2.0,0
0.1102,64,0,0.6589,2205.0,4,0,1,0,0.0,0
1.2052,77,2,0.2513,3424.0,7,0,1,0,0.0,0
0.2646,67,0,0.5474,17062.0,4,0,2,0,2.0,0
0.4446,65,0,0.4113,4789.0,6,0,1,0,0.0,0
0.6085,89,0,0.4398,,14,0,1,0,1.0,1
0.4718,53,0,0.5437,4596.0,10,0,0,0,1.0,0
2.8066,48,1,0.2231,,10,0,3,0,0.0,0
0.7108,54,0,0.2101,3549.0,7,0,1,0,0.0,0
3.1844,39,1,0.8378,5214.0,8,0,4,0,1.0,0
0.0423,53,0,0.6395,,5,0,1,0,0.0,0
0.5596,28,0,0.2694,3103.0,8,0,1,0,1.0,0
0.5607,45,0,0.5705,6721.0,8,0,2,0,2.0,0
0.0575,50,0,0.0364,5397.0,11,0,1,0,1.0,0
0.3571,65,0,0.659,4619.0,9,0,1,0,0.0,0
0.1795,68,0,1.4144,5413.0,9,0,0,0,0.0,0
0.1862,39,0,0.7264,,14,0,1,0,0.0,0
0.5057,81,0,0.2189,8158.0,10,0,0,0,0.0,0
0.5853,54,0,0.7145,7333.0,4,0,1,0,1.0,0
1.0046,55,0,0.4413,4343.0,13,0,0,0,2.0,0
0.362,29,0,0.4403,,6,0,4,0,0.0,0
0.6621,43,0,1.3323,7549.0,13,0,2,0,2.0,0
0.501,67,0,0.7289,6425.0,15,0,1,0,0.0,0
0.1959,54,0,0.5182,10434.0,10,0,2,0,1.0,0
0.7611,54,0,0.3755,,11,0,1,0,3.0,0
0.5389,55,0,0.5485,,5,0,3,0,0.0,0
0.3968,32,0,0.3574,7053.0,8,0,1,0,1.0,0
0.2947,51,0,0.7322,4104.0,11,0,0,0,0.0,0
0.3911,72,0,0.3374,,6,0,0,0,,0
0.1938,67,0,0.1794,3524.0,8,0,0,0,1.0,0
0.003,50,0,0.4296,2601.0,9,0,1,0,1.0,0
0.3137,74,0,0.2407,8385.0,7,0,0,0,0.0,0
0.7321,34,0,0.3442,,3,0,3,0,0.0,0
1.0444,38,0,0.7208,1542.0,7,0,2,0,1.0,0
0.561,78,0,0.5749,5329.0,6,0,1,0,1.0,0
0.0528,60,0,0.0854,2884.0,10,0,3,0,1.0,0
2.0081,48,0,0.4447,2848.0,13,0,0,0,1.0,0
1.5883,51,0,0.5374,2861.0,7,0,0,0,,0
0.0021,41,0,0.6266,4392.0,5,0,2,0,0.0,0
0.5555,56,0,0.4486,2297.0,12,0,1,0,1.0,0
0.1643,55,0,0.3204,5458.0,6,0,2,0,0.0,0
0.159,52,0,0.5939,28026.0,7,0,0,0,0.0,0
0.3613,36,0,0.3457,1844.0,10,0,1,0,1.0,0
0.9037,56,0,0.2794,9600.0,6,0,1,0,0.0,0
0.4638,45,3,0.5965,,8,0,3,0,1.0,0
0.1009,38,0,0.5081,,6,0,1,0,1.0,0
0.8996,70,0,0.3615,7287.0,11,0,0,0,,0
0.2781,82,0,0.4781,4420.0,4,0,1,0,1.0,0
0.3676,79,0,0.2533,,9,0,2,0,2.0,0
1.1559,61,0,0.7809,,5,0,1,0,2.0,0
2.3183,48,0,0.1414,,13,0,1,0,1.0,0
0.2731,51,0,0.5361,6439.0,6,0,2,0,2.0,0
0.1134,58,0,0.639,3285.0,6,0,1,0,0.0,0
0.692,46,0,0.3559,3968.0,9,0,1,0,1.0,0
0.8825,70,0,0.1322,3870.0,7,0,0,0,,0
0.8301,23,0,0.3576,3808.0,10,0,0,0,1.0,0
0.1677,48,0,0.6515,9354.0,6,0,0,0,1.0,0
2.1989,63,0,0.2796,4449.0,6,0,1,0,0.0,0
0.5062,40,0,0.369,10553.0,11,0,2,0,1.0,0
0.1589,49,0,0.623,3742.0,9,0,1,0,0.0,0
0.1406,60,0,0.4169,3306.0,8,0,2,0,1.0,0
0.2393,73,0,0.4423,2889.0,5,0,1,0,0.0,0
0.1942,34,0,0.2913,7500.0,6,0,1,0,1.0,0
1.7383,33,1,0.9333,,7,1,0,0,1.0,0
0.0216,39,0,0.4949,4853.0,11,0,0,0,1.0,0
2.1307,30,0,0.152,6766.0,6,0,1,0,2.0,0
0.2992,31,0,0.7774,13675.0,4,0,0,0,0.0,0
0.231,38,0,0.0593,4785.0,8,0,1,0,0.0,0
0.4501,69,0,0.7715,,8,0,2,0,3.0,0
0.4574,48,0,0.3656,20642.0,8,0,2,0,0.0,0
0.1859,52,0,0.3508,,3,0,0,0,2.0,0
0.5328,39,0,0.2667,4998.0,6,0,1,0,0.0,0
0.077,61,0,0.7777,7317.0,12,0,0,0,1.0,0
0.1669,78,0,0.221,,10,0,0,0,0.0,0
3.2135,40,0,0.2654,8607.0,8,0,0,0,0.0,0
0.5536,76,0,0.1815,8778.0,12,0,1,0,2.0,0
0.181,57,0,0.2825,4982.0,4,0,1,0,2.0,0
0.2106,52,0,0.7247,4745.0,7,0,2,0,1.0,0
0.6827,58,0,0.4168,6928.0,9,0,1,0,0.0,0
0.0264,57,0,1.2945,6554.0,9,0,0,0,0.0,0
0.5157,78,0,0.7697,4947.0,10,0,0,0,1.0,0
0.0249,59,0,0.7047,2560.0,5,0,0,0,1.0,0
0.4333,60,0,0.5205,3382.0,8,0,2,0,1.0,0
0.1566,46,0,0.4014,16303.0,7,0,2,0,0.0,0
0.585,64,0,0.3402,3552.0,3,0,0,0,1.0,0
0.134,39,0,0.8482,3032.0,12,0,4,0,0.0,0
0.2094,54,0,0.4486,3788.0,10,0,1,0,0.0,0
0.5461,92,0,0.6402,,12,0,0,0,0.0,1
0.4508,21,1,0.6239,6394.0,8,0,0,1,1.0,0
1.517,55,0,0.4767,,8,0,3,0,0.0,0
0.5354,56,0,0.394,4000.0,9,0,0,0,,0
0.3859,49,0,0.2141,,6,0,0,0,1.0,0
0.1814,49,0,0.1375,8092.0,7,0,0,0,1.0,0
0.0945,53,0,0.3685,1164.0,8,0,1,0,1.0,0
0.3366,48,0,0.3352,8749.0,9,0,0,0,0.0,0
0.5116,55,0,0.2672,4158.0,8,0,0,0,3.0,0
0.2545,45,0,0.2506,2954.0,4,0,0,0,0.0,0
3.6518,80,0,0.2511,5406.0,4,0,0,0,0.0,0
0.1115,48,0,0.2224,5876.0,4,0,1,0,3.0,0
0.0645,60,0,0.7228,6661.0,7,0,1,0,2.0,0
0.739,43,0,0.7845,11231.0,12,0,1,0,0.0,0
0.4011,65,0,0.3109,6692.0,5,0,1,0,4.0,0
0.7054,62,0,0.7754,3163.0,10,0,1,0,0.0,0
0.656,58,0,0.8365,5207.0,10,0,1,0,0.0,0
0.0631,38,0,0.5664,11094.0,8,0,4,0,1.0,0
0.2118,41,0,0.4254,5785.0,8,0,3,0,1.0,0
0.6819,76,0,0.8654,,8,0,0,0,1.0,0
0.0784,41,0,0.1383,,10,0,2,0,1.0,0
0.3494,61,0,0.5036,8315.0,8,0,0,0,1.0,0
2.3352,39,0,0.5669,4125.0,10,0,1,0,1.0,1
0.0719,66,0,0.4233,5599.0,3,0,1,0,2.0,0
0.3641,42,0,0.5988,3256.0,10,0,1,0,1.0,0
0.2853,39,0,1.2165,14928.0,10,0,1,0,0.0,0
0.079,42,0,0.2679,,12,0,0,0,1.0,0
1.7679,44,0,0.7405,3665.0,10,0,4,0,1.0,1
2.7919,58,2,0.7038,11883.0,6,0,0,1,1.0,0
0.4068,53,0,0.5033,2974.0,8,0,1,0,0.0,0
0.0194,37,0,0.1954,5214.0,7,0,1,0,0.0,0
0.0091,52,0,0.7992,5502.0,9,0,1,0,0.0,0
2.4184,36,0,0.884,2797.0,7,0,0,0,1.0,0
0.5708,61,0,0.2841,2011.0,3,0,0,0,1.0,0
0.2422,64,0,0.8753,,6,0,0,0,0.0,0
0.5393,52,0,0.6895,,10,0,0,0,1.0,0
1.1172,56,0,0.5231,2130.0,6,0,1,0,0.0,1
2.0972,77,0,0.741,,11,0,2,0,2.0,1
0.1232,50,0,0.072,11388.0,4,0,3,0,0.0,0
0.6943,39,0,0.0857,1757.0,7,0,1,0,0.0,0
0.0187,60,0,0.7809,,13,0,3,0,0.0,0
0.143,36,0,0.6728,,13,0,3,0,0.0,0
0.1598,49,0,0.1715,,3,0,0,0,2.0,0
0.4947,44,0,0.1999,8758.0,3,0,3,0,0.0,0
1.1131,42,0,0.5184,2837.0,6,0,2,0,1.0,0
0.4582,48,0,0.8336,,8,0,1,0,3.0,0
0.074,65,0,0.2125,2214.0,4,0,1,0,2.0,0
1.5861,67,0,0.3924,4154.0,7,0,1,0,2.0,0
0.3372,65,0,0.6948,4888.0,15,0,1,0,0.0,0
0.1948,57,0,0.4867,5137.0,5,0,1,0,2.0,0
0.121,48,0,0.1079,,10,0,0,0,0.0,0
0.3783,21,0,0.1978,5629.0,6,0,1,0,2.0,1
0.5508,57,0,0.4447,7753.0,6,0,3,0,1.0,0
0.5647,21,0,0.7721,6187.0,9,0,1,0,2.0,0
0.1548,25,0,0.8148,9267.0,5,0,0,0,2.0,0
0.5515,50,0,0.861,,3,0,0,0,2.0,0
0.434,56,0,0.7632,4640.0,5,0,0,0,2.0,1
0.2199,46,0,0.8149,5129.0,11,0,2,0,1.0,0
0.768,73,0,0.8859,7750.0,9,0,0,0,3.0,0
0.3544,58,0,0.3857,2098.0,9,0,1,0,0.0,0
0.0246,49,0,0.4411,3497.0,10,0,2,0,1.0,0
0.963,71,0,0.6726,10840.0,10,0,0,0,1.0,0
0.054,74,0,0.3331,3760.0,8,0,1,0,2.0,0
0.1847,59,0,0.4886,6204.0,7,0,2,0,0.0,0
0.4635,41,0,0.3923,6383.0,8,0,2,0,1.0,0
0.4635,44,0,0.7084,,7,0,1,0,0.0,0
2.0861,32,0,0.3766,10697.0,7,0,0,0,0.0,0
0.3854,51,0,0.5943,,18,0,1,0,2.0,0
0.486,37,0,0.2917,4284.0,7,0,1,0,2.0,0
0.6796,47,0,0.6291,1071.0,12,0,0,0,1.0,0
0.4838,56,0,0.5029,6800.0,8,0,1,0,0.0,0
0.3937,24,0,0.8114,,8,0,1,0,,0
0.3031,34,0,0.5308,6984.0,10,0,0,0,2.0,0
0.3885,45,0,0.2092,5579.0,8,0,2,0,0.0,0
0.2908,51,0,0.4763,,9,0,1,0,0.0,0
0.1925,45,0,0.9911,11532.0,7,0,0,0,0.0,0
1.3154,48,0,0.777,,7,0,2,0,1.0,0
0.0606,42,0,0.161,2131.0,7,0,0,0,0.0,0
0.2277,32,0,0.1661,4966.0,10,0,2,0,2.0,0
0.0154,45,0,0.1009,3934.0,6,0,0,0,1.0,0
1.0637,49,0,0.5687,5182.0,10,0,0,0,0.0,0
1.3867,48,3,0.6815,11384.0,6,0,1,0,0.0,0
0.7417,54,0,0.1811,,8,0,0,0,2.0,0
1.0369,58,0,0.5115,9724.0,20,0,1,0,2.0,0
0.4756,62,0,0.443,5677.0,7,0,0,0,4.0,0
1.1228,43,0,0.0697,2835.0,6,0,0,0,0.0,0
0.8069,30,0,0.3102,3652.0,10,0,2,0,1.0,0
0.2016,70,0,0.9062,5927.0,9,0,0,0,1.0,0
0.6752,57,0,0.1012,,3,0,3,0,0.0,0
1.5694,39,0,0.4849,,11,0,0,0,0.0,0
0.4828,56,0,0.8781,,9,0,0,0,0.0,0
0.0883,67,0,0.5959,10443.0,8,0,0,0,2.0,0
0.23,76,0,0.0483,4725.0,15,0,0,0,1.0,0
0.4418,56,0,0.2464,8072.0,13,0,0,0,0.0,0
2.4319,67,0,0.6262,13361.0,7,0,0,0,1.0,0
0.0239,35,0,0.0296,9060.0,5,0,0,0,0.0,0
0.1508,51,0,0.0869,3983.0,10,0,1,1,1.0,0
0.1773,47,0,0.4783,,10,0,0,0,0.0,0
0.1464,57,0,0.2741,4824.0,12,0,0,0,1.0,0
0.3394,75,0,0.7484,4364.0,8,0,2,0,0.0,0
0.3923,55,0,0.405,10674.0,4,0,2,0,1.0,0
0.8712,39,0,0.0819,4127.0,4,0,1,0,3.0,0
1.63,34,0,0.3304,12570.0,5,0,1,0,1.0,0
0.4181,75,0,0.8513,5463.0,8,0,0,0,1.0,0
0.5415,59,0,0.5573,2431.0,12,0,0,0,1.0,0
0.0567,58,0,0.2026,,10,0,1,0,0.0,0
0.3922,47,0,0.8085,,9,0,0,0,1.0,0
0.1763,56,0,0.5879,6423.0,13,0,1,0,0.0,0
0.4483,38,0,0.634,4352.0,10,0,0,0,2.0,0
1.6604,57,0,0.6439,8818.0,11,0,1,0,1.0,0
0.2307,36,0,0.1696,,12,0,2,0,,0
0.1396,47,2,0.3796,3824.0,14,0,0,0,2.0,0
0.433,43,0,0.5894,4768.0,7,0,1,0,1.0,1
0.6929,21,0,0.7256,2899.0,6,0,1,0,0.0,0
0.173,47,0,0.5381,5492.0,6,0,3,0,1.0,0
0.3576,39,0,0.323,5642.0,7,0,2,0,2.0,0
2.3431,49,0,0.9319,13539.0,6,0,1,0,0.0,0
0.5643,52,0,0.1141,7060.0,7,0,2,0,2.0,0
0.0242,77,0,1.1591,7063.0,7,0,0,0,1.0,0
2.3914,56,0,0.24,,11,0,0,0,0.0,0
0.6349,57,0,0.1124,4410.0,7,0,2,0,0.0,0
0.2874,59,0,0.4008,8602.0,9,0,3,0,1.0,0
0.0839,64,0,0.3837,5360.0,8,0,2,0,1.0,0
0.5875,58,0,0.6522,5114.0,8,0,1,0,3.0,0
0.7651,56,0,0.234,3034.0,9,0,1,0,2.0,0
0.3808,62,0,0.126,5572.0,13,0,0,0,0.0,0
0.1637,21,0,0.8117,3135.0,10,0,1,0,0.0,0
0.0658,81,0,0.0349,,6,0,2,0,0.0,1
0.2748,74,0,0.3406,3218.0,4,0,0,0,0.0,0
0.523,55,0,0.2785,2942.0,12,0,0,0,1.0,1
0.0469,32,1,0.0832,5164.0,12,1,2,0,0.0,0
2.1463,69,0,0.2603,9576.0,7,0,4,0,0.0,0
0.2301,42,0,0.5356,4759.0,7,0,0,0,0.0,0
0.1996,59,0,0.6385,3549.0,5,0,0,0,1.0,0
0.9738,34,3,1.1599,4273.0,6,1,1,1,1.0,0
0.1719,83,0,0.2261,7330.0,5,0,0,0,1.0,1
0.4228,32,0,0.6234,8420.0,15,0,0,0,1.0,0
0.3423,53,0,0.2316,,9,0,1,0,0.0,0
0.2773,22,0,0.4197,,6,0,1,0,0.0,0
0.4311,51,0,0.3812,4065.0,13,0,2,0,1.0,0
0.7185,46,0,0.7239,5658.0,8,0,0,0,1.0,0
0.3244,68,0,0.2574,,7,0,3,0,0.0,0
0.135,46,0,0.3034,4638.0,7,0,2,0,2.0,0
0.5157,68,0,0.2519,4501.0,15,0,1,0,1.0,0
0.0208,38,0,0.5462,,6,0,0,0,1.0,0
0.2876,48,1,0.6711,3952.0,11,0,1,0,0.0,0
0.4292,48,0,1.0882,6060.0,6,0,0,0,1.0,0
0.0519,59,0,0.3513,2329.0,7,0,2,0,0.0,0
2.1983,57,0,0.3475,4229.0,9,0,1,0,2.0,0
0.1279,62,0,0.6812,2495.0,10,0,1,0,1.0,0
0.4158,56,0,0.9863,6557.0,5,0,2,0,1.0,0
0.2163,61,0,0.4629,4884.0,7,0,1,0,1.0,0
0.6201,39,0,0.0596,3643.0,17,0,3,0,0.0,0
0.2199,57,0,0.6067,3502.0,4,0,3,0,0.0,0
0.0704,75,0,0.2004,5429.0,11,0,1,0,0.0,0
0.0911,28,0,0.6794,4504.0,10,0,3,0,1.0,0
4.9855,59,3,0.2387,,4,3,2,1,2.0,0
0.1146,61,0,0.7866,6978.0,5,0,0,0,0.0,0
2.354,72,0,0.4174,9835.0,6,0,1,0,0.0,0
1.552,62,0,0.2327,14653.0,9,0,1,0,0.0,0
0.1021,53,0,0.5071,3132.0,9,0,0,1,1.0,1
0.2442,58,0,0.5554,5055.0,9,0,2,0,0.0,0
0.4105,42,0,0.2334,8675.0,8,0,2,0,2.0,0
0.4145,47,0,0.1887,4889.0,7,0,1,0,0.0,0
0.4983,33,0,0.1575,7363.0,7,0,2,0,1.0,0
0.3723,73,0,0.1222,,5,0,2,0,2.0,0
0.4351,58,0,0.1031,,5,0,0,0,0.0,0
0.3252,39,2,0.6664,5917.0,6,0,1,1,0.0,0
0.2966,56,0,0.337,2796.0,13,0,0,0,0.0,0
0.0778,68,0,0.6035,9076.0,18,0,0,0,0.0,0
0.0382,66,0,0.5886,,4,0,2,0,1.0,0
0.1955,39,0,0.6849,2853.0,7,0,0,0,0.0,0
0.2785,21,0,0.8111,7610.0,7,0,0,0,,0
0.5978,58,0,0.1252,1947.0,3,0,2,0,0.0,0
0.4308,40,0,0.851,,1,0,2,0,,0
5.0227,61,0,0.2437,4490.0,3,0,0,0,0.0,0
1.1489,65,1,0.3868,,2,0,1,1,0.0,0
0.0472,68,0,0.5336,14082.0,5,0,2,0,1.0,0
0.6987,76,0,0.3559,,8,0,1,0,1.0,0
1.0652,69,0,0.8681,5442.0,5,0,1,0,1.0,0
1.1435,76,0,0.0813,,10,0,1,0,2.0,1
0.2399,71,0,0.5315,10880.0,6,0,1,0,0.0,0
4.022,73,0,0.7156,6391.0,8,0,0,0,0.0,0
0.4945,51,0,0.353,4542.0,7,0,2,0,0.0,0
0.0309,34,0,0.7648,3554.0,3,0,1,0,2.0,0
0.3658,87,0,0.4032,7088.0,9,0,0,0,0.0,0
0.4785,53,0,0.5597,5475.0,4,0,1,0,1.0,0
0.4846,69,0,0.8307,15899.0,12,0,2,0,2.0,0
0.2438,44,0,0.4391,4690.0,7,0,1,0,1.0,0
0.5162,65,0,0.5887,4559.0,9,0,0,0,1.0,0
0.3304,21,2,0.117,18811.0,10,0,0,0,0.0,1
1.4479,46,0,0.6961,5713.0,12,0,3,0,1.0,0
0.6381,51,0,0.3206,3886.0,9,0,2,0,0.0,0
1.1899,58,0,0.8338,1721.0,4,0,3,0,1.0,0
0.1061,67,0,0.721,3861.0,8,0,0,0,2.0,0
0.0429,37,0,0.3221,9236.0,8,0,0,0,1.0,0
0.8898,61,0,0.3758,,9,0,1,0,2.0,0
0.0262,69,0,0.5691,4111.0,3,0,0,0,1.0,0
0.673,85,0,0.4381,2229.0,9,0,1,0,0.0,0
0.8627,62,0,0.4566,4649.0,11,0,1,0,2.0,0
6.502,46,2,0.1086,7784.0,5,2,2,1,2.0,0
0.7198,34,0,0.2448,5261.0,12,0,1,0,1.0,0
1.4005,78,0,0.1638,9141.0,5,0,2,0,,0
3.9196,62,0,0.6077,4811.0,10,0,0,0,2.0,0
0.1206,52,0,0.5963,4109.0,4,0,2,0,0.0,0
0.4478,29,0,0.6313,,9,0,4,0,1.0,1
0.0744,39,5,0.3685,3304.0,11,0,0,0,0.0,0
0.5144,61,0,0.3026,8182.0,7,0,2,0,0.0,0
3.5886,57,0,0.1292,3447.0,9,0,0,0,1.0,0
0.86,25,0,0.5034,4118.0,3,0,2,0,1.0,1
0.0151,61,0,0.2913,16827.0,9,0,0,0,0.0,0
0.439,30,0,0.4118,,4,0,0,0,0.0,0
0.2933,71,0,0.1469,16725.0,11,0,1,0,1.0,0
1.189,55,0,0.1973,,7,0,1,0,0.0,0
0.2962,46,0,0.553,7777.0,4,0,1,0,2.0,0
4.8969,66,0,0.3566,9187.0,9,0,1,0,0.0,0
0.073,57,0,0.2109,6345.0,9,0,0,0,1.0,0
0.3314,71,0,0.3175,3178.0,10,0,1,0,0.0,0
0.0221,53,0,0.4667,2993.0,6,0,1,1,4.0,0
0.542,54,0,0.9473,2311.0,9,0,1,0,0.0,0
0.1281,48,0,0.6627,1588.0,10,0,1,0,0.0,0
0.7766,56,0,0.5646,,15,0,1,0,2.0,0
0.3138,76,0,0.243,4651.0,4,0,0,0,0.0,0
0.3618,45,0,0.6845,,4,0,1,0,2.0,0
0.7301,61,0,1.2565,6740.0,9,0,1,0,1.0,0
0.1266,40,3,0.2366,2656.0,9,0,0,0,1.0,0
2.749,23,0,0.3721,,6,0,1,0,1.0,0
2.0796,55,0,0.2341,7390.0,9,0,1,0,0.0,0
0.2583,57,0,0.5786,5784.0,8,0,1,0,1.0,0
0.8569,50,0,0.2951,2149.0,5,0,1,0,2.0,0
0.258,31,0,0.6478,10232.0,17,0,0,0,1.0,0
0.2248,56,0,0.5786,,7,0,0,0,3.0,0
0.2703,56,0,0.3524,3400.0,8,0,0,0,0.0,0
1.1191,40,0,0.2018,10094.0,6,0,0,0,1.0,0
0.0614,33,0,0.7756,5553.0,8,0,0,0,1.0,0
0.3514,48,0,0.4964,8120.0,9,0,1,0,0.0,0
0.5728,61,0,0.7837,9185.0,6,0,1,0,0.0,0
8.366,58,0,0.3425,5281.0,8,0,0,2,0.0,0
0.3297,40,0,0.3475,6813.0,7,0,0,0,0.0,0
0.1137,54,0,1.1213,867.0,8,0,1,0,0.0,0
6.2641,64,0,0.1919,5187.0,9,0,2,0,0.0,0
0.1521,36,0,0.2516,13074.0,10,0,3,0,0.0,0
0.0881,53,0,0.8526,,1,0,0,0,2.0,0
0.2325,71,0,0.3358,19986.0,8,0,0,0,2.0,0
0.9543,34,0,0.4411,,7,0,0,0,1.0,0
0.6539,68,0,0.9678,3027.0,7,0,2,0,0.0,1
0.1185,75,0,0.2932,10671.0,8,0,0,0,1.0,0
0.0024,49,0,0.7398,,10,0,0,0,3.0,0
0.2152,47,0,0.2886,4670.0,9,0,3,0,1.0,0
3.3583,66,0,1.1332,9122.0,15,1,2,0,1.0,0
0.1887,49,0,0.0167,2253.0,11,0,1,0,1.0,0
0.051,21,0,0.7371,5376.0,7,0,1,0,1.0,0
0.2623,51,0,0.3085,3477.0,8,0,0,0,0.0,0
0.2996,59,0,0.0947,,7,0,1,0,1.0,0
0.6909,62,0,0.3423,,10,0,1,0,2.0,0
0.1743,40,0,0.631,8118.0,7,0,1,0,2.0,0
0.0309,48,0,0.6738,,9,0,1,0,0.0,0
0.2474,66,0,0.2877,,12,0,0,0,0.0,0
0.0421,51,0,0.1709,11893.0,9,0,3,0,1.0,0
0.4418,31,0,1.0143,14956.0,6,0,0,0,0.0,0
0.056,69,0,0.4873,8331.0,6,0,2,0,0.0,0
1.0414,49,0,0.2186,5144.0,9,0,1,0,0.0,0
5.5093,67,0,0.8198,12367.0,7,0,1,0,1.0,0
2.8251,32,0,0.6023,6753.0,7,0,0,0,0.0,0
0.4151,50,0,0.2038,,4,0,2,0,3.0,0
1.993,59,0,0.504,8751.0,4,0,3,0,,0
0.1798,51,0,0.3684,,9,0,2,0,0.0,0
0.128,35,0,0.5878,3660.0,6,0,2,0,1.0,0
6.4241,21,1,0.217,3513.0,6,0,0,1,0.0,0
0.8164,73,0,0.737,4290.0,3,0,0,0,0.0,1
0.0425,55,0,0.6624,2324.0,7,0,0,0,0.0,0
0.0413,68,0,0.336,,9,0,0,0,2.0,0
0.0711,65,0,0.5929,,11,0,1,0,2.0,0
0.1483,60,0,0.4685,7537.0,10,0,1,0,0.0,0
2.8955,48,0,0.8063,2460.0,7,0,1,0,0.0,1
0.0581,59,0,0.2021,8403.0,4,0,0,0,1.0,0
0.0608,72,0,0.3694,7405.0,13,0,0,0,0.0,0
0.1763,53,0,0.2075,4858.0,8,0,2,0,1.0,0
0.3905,79,0,0.5604,3202.0,6,0,2,0,2.0,0
0.5713,31,0,0.1176,,14,0,1,0,0.0,0
0.6003,30,0,0.4054,2720.0,6,0,1,0,1.0,0
0.2178,66,0,0.459,7886.0,7,0,0,0,0.0,0
0.536,41,0,0.813,5620.0,9,0,2,0,2.0,0
0.6909,81,0,0.1681,11218.0,2,0,0,0,0.0,0
0.2667,71,0,0.942,5372.0,5,0,3,0,1.0,0
0.8773,74,0,0.6061,,4,0,2,0,1.0,0
0.4337,64,0,0.3795,,7,0,3,0,0.0,0
1.3234,39,0,0.4014,,4,0,2,0,0.0,0
0.0055,29,0,0.5051,4071.0,5,0,1,0,0.0,0
1.155,73,0,0.9775,7850.0,13,0,1,0,1.0,0
0.7296,31,0,0.2642,3247.0,7,0,0,0,,0
0.7429,74,0,1.0222,12287.0,9,0,1,0,0.0,0
0.533,61,0,0.3098,8456.0,8,0,2,0,0.0,0
0.7568,51,0,0.3564,2699.0,11,0,0,0,1.0,0
0.0161,58,0,0.3647,4377.0,12,0,2,0,0.0,0
0.0545,59,0,0.1896,7963.0,9,0,2,0,1.0,0
0.7429,49,0,0.1293,1602.0,8,0,2,0,0.0,0
1.019,72,4,0.0444,5670.0,4,0,1,0,3.0,0
7.21,71,0,0.2062,1821.0,8,0,1,0,2.0,0
0.4401,54,0,0.6333,2138.0,10,0,1,0,,0
0.1029,44,0,0.4121,14787.0,7,0,1,0,1.0,0
3.4858,70,0,0.3717,2694.0,10,0,3,0,0.0,0
5.7003,24,0,0.6974,4804.0,12,0,1,0,1.0,0
1.8818,58,0,0.3557,3671.0,8,0,0,0,1.0,0
0.027,62,0,0.5693,6035.0,5,0,1,0,3.0,0
0.5481,40,0,0.3704,,13,0,3,0,1.0,0
0.3333,66,4,0.6817,6635.0,9,1,1,0,0.0,1
2.2485,52,1,0.8317,10507.0,5,0,1,0,1.0,0
1.294,44,0,0.564,,7,0,2,0,1.0,0
0.3659,65,0,0.0706,7772.0,8,0,0,0,1.0,0
0.43,37,0,0.2867,11323.0,7,0,2,0,0.0,0
0.7127,64,0,0.9884,5835.0,6,0,0,0,0.0,0
0.5286,24,0,0.7304,3685.0,10,0,1,0,0.0,0
0.9008,56,0,0.2009,7272.0,5,0,1,0,1.0,0
0.6777,53,0,0.4892,,5,0,0,0,1.0,0
1.9349,44,0,0.5821,4004.0,10,0,1,0,0.0,0
0.0577,57,0,0.8621,6658.0,8,0,2,0,1.0,0
0.35,51,0,0.5515,16614.0,6,0,1,0,0.0,0
1.6224,67,0,0.5532,5736.0,13,0,2,0,0.0,0
3.2967,60,0,0.5684,7047.0,5,0,0,0,0.0,0
0.6134,58,0,1.0224,4335.0,4,0,3,0,0.0,1
0.4992,56,0,1.2093,5853.0,7,2,0,0,1.0,0
0.5137,45,0,0.5925,6480.0,14,0,1,0,0.0,0
0.3895,48,0,0.2548,2404.0,8,0,3,0,1.0,0
7.6112,55,0,0.2214,8127.0,6,0,1,0,1.0,0
0.5347,50,0,0.4106,5786.0,9,0,0,0,1.0,0
0.1341,68,0,1.0994,3733.0,9,0,0,0,0.0,0
1.1752,53,1,0.2891,18852.0,5,0,0,0,0.0,0
0.0755,57,0,0.0724,9539.0,9,0,0,0,2.0,0
1.2632,32,0,0.2461,7807.0,4,0,2,0,0.0,0
0.3016,65,0,0.0963,,12,0,1,0,2.0,0
2.6468,44,0,0.2123,9710.0,10,0,0,0,1.0,0
2.4802,37,0,0.4216,4141.0,11,0,0,0,0.0,0
0.3665,75,0,0.3692,3676.0,7,0,0,0,1.0,0
0.2995,62,0,0.0126,5529.0,10,0,1,0,0.0,0
0.4235,66,0,0.6079,3631.0,7,0,0,0,1.0,0
0.2235,58,1,0.424,7752.0,11,0,2,2,0.0,0
0.1933,51,0,0.3588,,9,0,1,0,1.0,0
0.9,48,0,0.8966,1501.0,7,0,1,0,0.0,0
0.5056,63,0,0.0398,10231.0,5,0,1,0,0.0,0
1.1146,68,0,0.4864,4689.0,9,0,0,0,0.0,0
0.1728,51,0,0.5634,1608.0,9,0,1,0,2.0,0
2.6175,81,0,0.9584,17582.0,7,0,2,0,3.0,0
0.1079,49,0,0.4726,,7,0,1,0,2.0,0
0.714,32,0,0.1946,5908.0,8,0,2,0,1.0,0
0.5651,28,0,0.4834,2573.0,10,0,0,0,0.0,1
0.0098,28,0,1.2539,,10,0,0,0,,0
0.4734,46,0,0.3952,2537.0,7,0,2,0,1.0,0
0.5205,49,1,0.1941,4077.0,5,0,1,0,2.0,0
0.0085,62,0,1.0825,19839.0,7,0,2,0,0.0,0
0.5283,52,0,0.5151,,10,0,0,0,2.0,0
0.1866,64,1,0.8294,8620.0,8,0,1,0,1.0,0
0.9752,53,1,0.7271,16870.0,6,0,0,2,2.0,0
1.3929,52,0,0.6557,5418.0,10,0,1,0,1.0,0
0.5015,44,0,0.3662,10763.0,5,0,0,0,1.0,0
0.3903,72,1,0.3237,3059.0,9,0,2,0,2.0,0
0.3416,31,0,0.2365,,6,0,2,0,1.0,0
1.2391,56,0,0.3758,6458.0,7,0,0,0,0.0,0
0.4476,49,0,0.9142,3817.0,9,0,0,0,0.0,0
1.1847,63,0,0.4035,3096.0,17,0,1,1,1.0,0
0.5574,52,0,0.1373,5089.0,7,0,2,0,0.0,0
0.715,52,0,0.4783,5286.0,9,0,2,0,0.0,0
3.4521,48,0,0.658,,9,0,0,0,0.0,0
1.0997,72,1,1.1074,3207.0,7,0,0,0,0.0,0
0.0,52,0,0.432,,9,0,0,0,1.0,0
0.2286,80,0,0.9862,7181.0,9,0,0,0,0.0,0
0.4764,56,0,0.1815,15799.0,6,0,0,0,2.0,0
0.7643,52,0,0.2603,2917.0,5,0,3,0,1.0,0
1.6042,50,1,0.5679,2654.0,8,0,0,1,0.0,0
0.014,60,0,0.4585,8628.0,6,0,3,0,0.0,0
0.9195,44,0,0.9047,2379.0,9,0,0,0,1.0,0
0.9175,54,0,0.571,8827.0,5,0,0,0,0.0,0
0.9346,52,3,0.7895,12887.0,4,0,2,0,0.0,0
3.8542,57,0,0.8447,3221.0,9,0,2,0,2.0,0
0.1729,57,0,0.6344,3426.0,12,0,1,0,2.0,0
0.5135,58,0,0.3285,5809.0,10,0,0,0,0.0,0
3.835,53,0,0.4195,6017.0,15,0,0,0,2.0,0
0.4162,74,0,0.6834,,8,0,2,0,1.0,0
9.2795,58,0,0.9096,11146.0,10,0,2,0,0.0,0
0.6844,88,0,0.3322,11647.0,10,0,1,0,3.0,0
0.886,53,0,0.5506,11961.0,8,0,0,0,0.0,0
0.5343,65,0,0.4389,5887.0,9,0,2,0,1.0,0
0.5022,42,0,0.5415,6061.0,9,0,1,0,1.0,0
0.3228,72,0,0.9173,9727.0,9,0,1,0,0.0,0
2.5597,42,0,0.1018,,7,0,1,0,1.0,0
1.0228,58,0,0.4853,,11,0,1,0,0.0,0
0.3263,48,0,0.1645,8849.0,8,0,2,0,2.0,0
0.5981,58,0,0.5158,18011.0,11,0,2,0,0.0,0
0.2952,49,0,0.8662,12909.0,9,0,4,0,0.0,0
0.3403,41,0,0.6005,4259.0,6,0,3,0,0.0,0
2.3823,48,2,0.4382,5565.0,11,0,1,0,0.0,0
0.3446,74,0,0.2816,6384.0,9,0,0,0,1.0,0
0.5158,59,0,0.7523,3992.0,11,0,2,0,2.0,0
0.2747,34,0,0.8689,7249.0,7,0,2,0,0.0,0
1.9011,67,0,0.5021,2582.0,8,0,4,0,1.0,1
0.5952,40,0,1.1034,,11,0,0,0,1.0,1
0.3883,62,0,0.2327,,5,0,0,0,0.0,0
0.2748,60,0,0.2043,5522.0,10,0,0,0,0.0,0
5.9747,61,0,0.3399,3935.0,7,0,0,0,0.0,0
0.7345,78,0,0.11,9904.0,10,0,0,0,0.0,0
0.0185,40,0,0.7548,8429.0,6,0,1,0,1.0,0
0.5548,61,0,0.6064,7994.0,6,0,1,0,1.0,0
0.934,70,0,0.5237,2568.0,5,0,1,0,1.0,0
0.5304,43,0,0.6383,,10,0,0,0,1.0,1
0.6153,42,0,0.2614,7412.0,15,0,2,0,0.0,0
0.0071,48,0,0.7302,3622.0,6,0,0,0,2.0,0
0.4333,57,1,0.1551,3660.0,6,0,2,2,1.0,1
0.8879,32,0,0.1187,2683.0,8,0,1,0,2.0,1
0.4433,60,0,0.2407,4049.0,4,0,2,0,0.0,0
0.4258,32,0,0.2049,6347.0,6,0,1,0,0.0,0
0.3236,70,0,0.8556,6679.0,4,0,0,0,0.0,0
0.0171,59,0,0.1134,3324.0,13,0,0,0,2.0,0
0.0787,79,0,0.4113,2306.0,6,0,0,0,1.0,0
0.1317,61,0,0.417,6034.0,8,0,0,0,1.0,0
0.6172,48,0,0.3472,13622.0,7,0,1,0,0.0,0
1.0856,41,0,0.4362,3543.0,11,0,0,0,0.0,0
0.0187,55,0,0.4436,4925.0,9,0,1,0,0.0,0
0.5769,52,0,0.4113,29544.0,7,0,1,0,1.0,0
0.1152,69,0,0.1467,8369.0,8,0,1,0,2.0,1
1.2358,39,2,0.658,5269.0,6,0,2,0,2.0,0
0.9861,80,0,0.7927,8486.0,9,0,0,0,0.0,0
0.3997,70,0,0.5992,4199.0,9,0,0,0,1.0,0
0.1061,49,0,1.0344,6053.0,10,0,0,0,1.0,0
0.3498,77,0,0.8101,7884.0,6,0,0,0,1.0,0
0.5425,41,0,0.189,6593.0,10,0,0,0,0.0,0
0.4393,55,0,0.2113,4238.0,7,0,1,0,1.0,0
0.9439,34,2,0.6486,5405.0,11,0,0,0,2.0,0
0.5517,78,0,0.8129,7571.0,4,0,0,0,1.0,0
0.9265,29,0,0.2608,6854.0,11,0,1,0,0.0,0
0.4047,32,0,0.1475,4921.0,7,0,1,0,1.0,0
0.712,43,0,0.4918,5550.0,7,0,3,0,2.0,0
0.1762,71,0,0.6865,8936.0,7,0,1,0,2.0,0
0.281,65,0,0.1358,,9,0,4,0,1.0,0
3.7683,54,0,0.4421,4257.0,6,0,1,0,1.0,0
0.3819,66,0,0.5351,4681.0,6,0,1,0,,0
1.8451,50,0,0.8789,,8,0,0,0,2.0,0
0.2316,58,0,0.4768,,10,0,1,0,0.0,0
0.5556,75,0,0.5567,3112.0,5,0,0,0,0.0,0
1.2706,49,0,0.259,2216.0,6,0,1,0,1.0,0
0.6928,41,0,0.6139,,12,0,1,0,0.0,0
3.4661,59,0,0.919,,6,0,0,0,1.0,0
0.4513,62,0,0.3649,20905.0,8,0,0,0,1.0,0
0.3159,54,0,0.8423,,9,0,1,0,0.0,0
0.2043,66,0,1.2281,6231.0,10,0,0,0,0.0,0
0.3428,49,0,0.7794,,11,0,0,0,0.0,0
0.2993,54,0,0.6905,2673.0,12,0,0,0,0.0,0
0.0157,57,0,0.8763,5495.0,7,0,2,0,0.0,0
0.8187,56,0,0.4316,1242.0,6,0,0,0,0.0,0
0.413,75,0,0.158,11375.0,5,0,0,0,2.0,0
0.0692,57,0,0.4716,5003.0,7,0,1,0,1.0,0
0.3035,48,0,0.915,,7,0,1,0,1.0,0
0.0064,59,0,0.5616,2925.0,9,0,1,0,,0
0.6231,66,0,0.2219,8402.0,7,0,2,0,2.0,0
0.5903,63,0,0.6277,4136.0,14,0,3,0,0.0,0
0.1328,62,0,0.1087,5881.0,7,0,0,0,2.0,1
0.0987,31,0,0.5635,,6,0,0,0,1.0,0
0.1089,21,0,0.277,11019.0,7,0,2,0,2.0,0
0.4467,70,0,0.1975,5029.0,10,0,0,0,0.0,0
0.4236,58,0,1.2641,3632.0,6,0,0,0,2.0,1
0.4442,52,0,0.235,,6,0,0,0,0.0,0
0.1245,62,0,0.3549,2326.0,5,0,1,0,0.0,0
0.6517,79,0,0.9066,5522.0,11,0,2,0,0.0,0
0.526,72,0,0.3031,,9,0,1,0,1.0,0
0.5376,65,0,0.6792,4485.0,12,0,1,0,2.0,1
0.2162,40,0,1.0233,,9,0,2,0,2.0,0
0.0364,41,0,0.2546,,5,0,1,0,1.0,0
0.3401,21,0,0.8472,4017.0,8,0,0,0,0.0,0
2.3103,61,0,0.3266,5434.0,7,0,2,0,1.0,0
0.3552,68,0,0.9183,10864.0,6,0,1,0,0.0,0
0.1747,69,1,0.4706,8101.0,3,0,1,0,1.0,0
0.1506,61,0,0.6064,10034.0,6,0,2,0,0.0,0
0.0225,50,0,0.317,6226.0,7,0,1,0,1.0,0
0.2924,44,0,0.5869,7168.0,8,0,1,0,2.0,0
0.3556,40,0,0.2625,4468.0,5,0,0,0,2.0,0
0.0089,50,0,0.6712,,6,0,0,0,0.0,0
0.8058,38,0,1.2699,,3,0,3,0,0.0,0
0.4324,77,0,0.2525,,6,0,0,0,0.0,0
0.5854,34,0,0.7318,,10,0,0,0,0.0,0
0.3018,49,0,0.3478,3366.0,6,0,2,0,1.0,0
0.359,25,0,0.9046,3225.0,12,0,1,0,3.0,0
0.5332,56,0,0.2447,5374.0,6,1,0,0,0.0,0
1.9769,52,0,0.2552,7404.0,7,0,0,0,1.0,0
0.276,47,0,0.1497,1327.0,8,0,0,0,,0
0.7603,39,0,0.8533,7380.0,8,0,1,0,0.0,0
0.6336,52,0,0.4046,,9,0,1,0,0.0,0
0.2304,44,0,0.4604,2151.0,7,0,0,0,0.0,0
0.2713,50,0,0.7984,,8,0,0,0,0.0,0
0.0553,79,0,0.8838,5139.0,12,0,1,0,1.0,0
0.2142,54,0,0.4919,7675.0,11,0,1,0,1.0,0
0.429,59,0,0.4406,3761.0,12,0,2,0,3.0,0
1.8405,45,0,0.4816,,10,0,0,0,3.0,0
0.286,41,0,0.396,,12,0,3,0,1.0,0
0.4267,52,0,1.1943,5278.0,16,0,0,0,,0
4.4498,87,0,0.2712,4424.0,7,0,1,0,2.0,0
0.4683,48,0,0.0834,,7,0,1,0,0.0,0
0.567,57,0,0.2154,,3,0,1,0,,0
0.6939,40,0,0.2855,2653.0,9,0,1,0,0.0,1
0.5135,21,0,0.3597,2750.0,6,0,0,0,0.0,0
0.2423,41,0,0.6121,6623.0,12,0,0,0,1.0,0
1.0527,85,0,0.6,11190.0,10,0,1,0,2.0,0
0.8209,60,0,0.3655,6004.0,9,0,0,0,1.0,0
0.2805,75,0,0.4682,6100.0,8,0,1,0,1.0,0
0.0322,47,0,0.366,2318.0,7,0,2,0,0.0,0
0.1825,21,0,1.0585,32113.0,8,0,2,1,0.0,0
0.1394,36,0,0.4124,9426.0,3,0,4,0,1.0,0
1.0024,58,0,0.6456,4588.0,4,0,1,0,1.0,0
0.8352,55,0,0.3039,9227.0,9,0,2,0,0.0,0
2.0719,52,0,0.3811,11836.0,9,0,1,0,3.0,0
0.8894,45,0,0.2129,,12,0,1,0,0.0,0
5.0764,65,0,0.105,,13,0,1,0,0.0,0
0.3933,45,0,0.4726,,9,0,4,0,,0
0.1328,56,0,0.2973,5587.0,12,0,3,0,2.0,0
0.4654,55,0,0.972,5979.0,8,0,2,0,1.0,0
0.38,47,0,0.3119,,5,0,1,0,3.0,0
0.2699,40,0,0.6701,11429.0,10,0,2,0,1.0,0
0.163,46,0,0.5446,,6,0,1,0,0.0,0
0.4603,78,0,0.4344,5329.0,8,0,1,0,1.0,0
0.4919,68,0,0.7707,6284.0,12,0,2,0,0.0,0
0.5493,66,0,0.6976,8230.0,7,0,0,0,0.0,0
1.1113,41,0,0.8196,,12,0,0,0,0.0,0
0.2481,32,0,0.0848,6077.0,10,0,1,0,1.0,0
0.4185,67,0,0.1529,11733.0,7,0,2,0,0.0,0
0.653,65,0,0.3571,4234.0,5,0,0,0,0.0,0
0.3829,54,0,0.3189,4591.0,5,0,1,0,0.0,0
3.2229,47,0,0.7643,4200.0,9,0,1,0,1.0,0
0.7104,32,0,0.7052,5529.0,7,0,0,0,0.0,0
0.1057,64,0,0.8316,,5,0,1,0,1.0,0
0.2618,69,0,0.3413,4042.0,4,0,4,0,1.0,0
1.8851,42,2,0.4467,14000.0,8,0,1,0,0.0,0
0.7145,41,0,0.5959,3308.0,6,0,0,0,0.0,0
0.1824,69,0,0.3989,,3,0,2,0,0.0,0
0.7051,43,1,0.8582,,5,0,1,1,2.0,0
0.0024,77,0,0.4884,,10,0,2,0,0.0,0
0.2565,50,0,0.996,8055.0,9,0,1,0,1.0,0
0.7766,47,0,0.6485,8983.0,8,0,1,0,2.0,0
0.1959,53,0,0.4709,3321.0,6,0,0,0,1.0,0
0.0733,47,0,0.8587,5500.0,4,0,0,0,0.0,0
0.4322,68,0,0.4482,4690.0,9,0,1,0,0.0,0
0.2827,64,0,0.4595,4707.0,11,0,1,0,0.0,0
0.2678,67,0,0.66,,11,0,0,0,0.0,0
0.5707,55,0,0.0442,1910.0,5,0,1,0,2.0,0
0.3924,46,0,0.5388,7217.0,3,0,3,0,2.0,0
0.2108,52,0,0.682,9277.0,3,0,3,0,2.0,0
3.8159,46,0,0.6331,11974.0,14,0,1,0,0.0,0
0.3799,73,0,0.5667,9926.0,3,0,1,0,1.0,0
2.7988,66,1,0.4738,1431.0,6,1,1,1,0.0,0
1.7173,51,0,0.2877,16177.0,9,0,1,0,0.0,0
0.1845,39,0,1.0232,4353.0,9,0,2,0,1.0,0
0.317,74,0,0.3192,1989.0,9,0,1,0,1.0,0
5.52,54,0,0.3484,11480.0,7,0,0,0,0.0,0
0.3939,50,0,1.2524,8291.0,7,0,0,0,2.0,0
0.3625,74,0,0.036,13693.0,11,0,1,0,0.0,1
0.0283,45,0,0.5605,,9,0,1,0,0.0,0
0.2909,48,0,0.7092,2640.0,8,0,1,0,1.0,0
9.4574,49,0,1.1297,4817.0,8,0,0,0,0.0,0
0.6902,34,0,0.0961,1912.0,7,0,1,0,1.0,0
0.3542,56,0,0.8089,10652.0,9,0,0,0,1.0,0
0.7146,41,0,0.3592,2557.0,13,0,1,0,0.0,0
0.1193,44,0,0.1068,3500.0,11,0,1,0,1.0,0
0.4482,42,0,0.6421,5507.0,10,0,0,0,0.0,0
1.4343,44,0,0.2066,10740.0,6,0,0,0,0.0,0
0.4654,40,0,0.2447,1492.0,9,0,1,0,0.0,0
0.0156,55,1,0.5686,8691.0,6,1,1,1,1.0,0
0.0033,50,0,0.1944,4181.0,8,0,0,0,2.0,0
0.1306,53,0,0.7291,,12,0,0,0,0.0,0
0.3796,85,0,0.5143,,10,0,0,0,1.0,1
0.2774,50,0,0.4727,18752.0,10,0,0,0,1.0,0
0.5368,60,0,0.3499,6375.0,9,0,1,0,0.0,0
0.8568,62,1,0.3536,1781.0,9,0,0,1,1.0,0
0.4673,51,0,0.0802,7525.0,11,0,2,0,0.0,0
0.2226,56,0,0.3341,9426.0,6,0,1,0,0.0,0
4.3218,52,0,0.2171,3724.0,8,0,2,0,0.0,0
2.1937,55,1,0.269,8946.0,9,0,0,0,2.0,0
0.0735,44,0,0.1134,4170.0,11,0,1,0,1.0,0
6.4045,45,0,0.1584,,11,0,1,0,0.0,0
1.0384,52,0,0.3056,14956.0,9,0,0,0,0.0,0
0.3263,24,0,0.6517,2649.0,9,0,0,0,0.0,0
2.675,73,0,0.6797,9185.0,5,0,3,0,1.0,0
0.3646,82,0,0.1243,,10,0,1,0,0.0,0
0.1449,54,0,0.1279,,12,0,0,0,1.0,0
0.8979,61,0,0.3588,4634.0,8,0,3,0,1.0,0
0.4659,67,0,0.8336,13329.0,11,0,2,0,0.0,0
0.5663,33,0,0.3086,10180.0,5,0,2,0,0.0,0
0.3407,65,0,0.432,,4,0,1,0,1.0,0
0.5106,46,0,0.1218,7081.0,6,0,3,0,1.0,0
0.1637,84,0,0.1451,4033.0,2,0,1,0,0.0,0
0.0113,49,0,0.2156,6332.0,9,0,0,0,2.0,0
0.1411,65,0,0.2435,1467.0,7,0,0,0,1.0,0
0.2953,50,0,0.2322,2160.0,8,0,1,0,2.0,0
0.1635,83,0,0.5263,4578.0,7,0,1,0,2.0,0
0.5527,45,0,0.4513,7394.0,7,0,1,0,0.0,0
0.8722,68,0,0.3851,14610.0,10,0,1,0,0.0,0
0.3603,61,0,0.6084,5750.0,9,0,2,0,0.0,0
1.7615,58,0,0.687,5276.0,9,0,0,0,3.0,0
7.3509,55,0,0.6158,4097.0,15,0,2,0,1.0,1
0.1975,43,0,0.4778,7881.0,7,0,1,0,0.0,0
2.2948,21,0,0.5092,7767.0,8,0,1,0,1.0,0
0.2259,67,0,1.3078,2273.0,7,0,0,0,0.0,0
0.7128,45,0,0.6129,9192.0,4,0,3,0,,0
0.4756,68,0,0.4218,6630.0,4,0,0,0,0.0,0
1.5268,57,0,0.1284,2110.0,9,0,1,0,0.0,0
0.6116,69,0,0.1972,3683.0,5,0,1,0,0.0,0
3.6497,63,0,0.1755,11390.0,9,0,2,0,3.0,0
0.1682,21,0,0.4641,5810.0,11,0,1,0,1.0,0
2.4086,61,0,0.0158,,3,0,1,0,2.0,0
0.3741,47,0,0.1599,10929.0,7,0,3,0,1.0,0
4.3316,68,0,0.3926,5021.0,5,0,3,0,2.0,1
0.1568,60,0,0.2734,1407.0,7,0,1,0,0.0,0
1.9862,60,0,0.6092,10520.0,12,0,1,0,0.0,0
0.8359,48,0,0.2887,787.0,7,0,1,0,1.0,0
0.3918,39,0,0.2919,1586.0,7,0,3,0,,0
0.3135,46,0,0.271,,6,0,1,0,0.0,0
0.6298,27,0,0.554,7888.0,8,0,0,0,0.0,0
0.6995,44,0,0.5411,7299.0,11,0,2,0,2.0,0
0.0434,32,0,0.6295,3677.0,11,0,2,0,0.0,0
0.3061,32,0,0.4366,,7,0,0,0,1.0,0
0.4015,54,0,0.0859,7154.0,2,0,1,0,1.0,0
0.1713,59,0,0.6292,,6,0,1,0,0.0,0
0.0538,52,0,0.456,5992.0,5,0,0,0,0.0,0
0.734,45,0,0.2251,3983.0,9,0,0,0,2.0,0
0.4715,39,0,0.3163,,7,0,1,0,1.0,0
0.0717,48,0,0.1552,,8,0,1,0,2.0,0
0.3185,40,0,0.7435,,8,0,0,0,0.0,0
0.3484,51,0,0.3812,,4,0,1,0,0.0,0
4.2413,31,0,0.9291,6668.0,8,0,1,0,1.0,0
0.2651,62,0,0.6026,4081.0,11,0,0,0,1.0,0
0.3249,44,0,0.3006,2598.0,5,0,0,0,1.0,0
0.0739,57,0,0.2484,2264.0,7,0,0,0,0.0,0
0.0274,64,0,0.2635,3829.0,7,0,0,0,0.0,0
0.4732,57,0,0.2465,6825.0,6,0,1,0,1.0,0
0.1199,63,0,0.7467,,5,0,1,0,0.0,0
0.1128,23,0,0.6682,2998.0,9,0,1,0,0.0,0
0.8625,45,0,0.3855,8956.0,9,0,1,0,1.0,0
0.4521,67,4,0.2,2407.0,8,0,2,0,1.0,0
0.3328,59,0,1.1039,14463.0,6,0,0,0,0.0,0
0.3886,78,0,0.6207,8790.0,7,0,2,0,2.0,0
0.4368,76,0,1.0814,,7,0,1,0,0.0,1
0.6325,56,0,0.3066,4379.0,6,0,0,0,1.0,0
0.6931,48,0,0.7075,,6,0,0,0,2.0,0
0.8024,39,1,0.4223,1911.0,4,0,0,2,1.0,0
0.1778,45,0,0.5814,8551.0,8,0,2,0,2.0,0
0.4241,46,0,0.1973,9830.0,5,0,1,0,0.0,0
0.4604,44,0,0.2009,5545.0,6,0,2,0,1.0,0
1.1986,39,0,0.6441,6290.0,5,0,0,0,0.0,0
0.6434,58,0,0.5816,4811.0,4,0,1,0,1.0,1
0.5801,76,0,0.4894,11235.0,5,0,0,0,,0
0.1655,65,0,0.3029,,8,0,0,0,1.0,0
0.0519,47,0,0.7506,,11,0,0,0,1.0,0
2.13,66,0,0.2708,,9,0,2,0,0.0,0
1.9205,57,0,0.0524,887.0,8,0,2,0,3.0,0
0.47,51,0,0.1648,3674.0,12,0,0,0,1.0,1
0.0959,51,0,1.3012,4775.0,4,0,1,0,0.0,0
0.4742,49,0,1.0313,9267.0,5,0,2,0,1.0,0
4.0979,61,0,0.4176,,8,0,2,0,0.0,0
0.086,54,0,0.5752,7362.0,7,0,2,0,1.0,0
0.6773,42,0,0.1448,,11,0,2,0,2.0,0
2.3402,41,1,0.1438,12860.0,6,0,3,1,1.0,0
0.8165,56,0,0.3823,10544.0,9,0,2,0,0.0,1
0.2782,58,0,0.3214,,5,0,1,0,3.0,0
1.3865,48,0,0.2006,5286.0,11,0,1,0,0.0,0
0.4333,36,0,0.2545,1774.0,7,0,0,0,1.0,0
1.0771,70,0,0.3215,4539.0,6,0,0,0,0.0,0
0.732,67,0,0.45,5217.0,8,0,0,0,0.0,0
0.0936,24,0,0.6009,6023.0,12,0,0,0,,0
0.0699,71,0,0.93,3138.0,8,0,0,0,1.0,0
0.4694,49,0,0.2849,5555.0,9,0,1,0,1.0,0
0.1028,55,0,0.5733,9584.0,10,0,1,0,0.0,0
0.5611,68,0,0.1247,,7,0,1,0,0.0,0
0.2459,75,0,0.31,5227.0,6,0,0,0,1.0,0
0.4811,66,0,0.1743,3978.0,7,0,0,0,0.0,0
0.169,55,0,0.3207,8022.0,9,0,0,0,1.0,0
0.4005,33,0,0.2953,,5,0,0,0,2.0,0
0.2853,24,0,0.0591,,10,0,0,0,1.0,0
0.3081,64,1,0.8356,2956.0,8,0,2,0,2.0,0
0.2413,71,0,0.707,7853.0,11,0,1,0,0.0,0
2.8214,41,0,0.3603,11193.0,12,0,0,0,0.0,0
0.4589,48,0,0.6125,,8,0,3,0,0.0,0
0.0244,44,0,0.9649,7838.0,9,0,2,0,1.0,0
0.1774,44,0,0.2902,1200.0,6,0,1,0,0.0,0
0.2603,67,0,0.7484,2989.0,7,0,2,0,0.0,0
0.1068,55,0,0.3297,,7,0,0,0,0.0,0
0.3725,49,0,0.4095,5572.0,12,0,0,0,1.0,0
0.0203,89,0,0.84,18313.0,11,0,0,0,1.0,0
0.0574,32,0,1.0067,16117.0,12,0,1,0,0.0,0
0.1639,60,1,0.4718,,12,0,1,0,0.0,0
1.1046,37,1,0.0493,1823.0,9,0,0,0,,0
2.3864,50,0,0.4981,,7,0,1,0,1.0,0
0.8635,54,1,0.6757,,4,0,0,1,2.0,0
0.0145,64,0,0.7885,7322.0,9,0,2,0,1.0,0
0.534,48,0,0.5001,6074.0,5,0,0,0,0.0,0
0.0762,47,0,0.169,9508.0,2,0,1,0,0.0,0
0.3425,48,0,0.7262,3504.0,10,0,1,0,3.0,0
0.071,37,0,0.7669,,8,0,0,0,2.0,0
0.4029,61,0,0.2649,2882.0,8,0,1,0,1.0,0
0.4913,56,0,0.4637,10304.0,5,0,1,0,1.0,0
0.4581,58,0,0.2107,,7,0,0,0,0.0,0
0.3547,51,0,0.5806,11152.0,10,0,2,0,0.0,0
1.8773,49,0,0.6965,20964.0,5,0,1,0,0.0,0
0.4324,68,0,0.3825,6407.0,10,0,0,0,0.0,0
0.3251,66,0,0.181,5800.0,7,0,3,0,0.0,0
0.0114,72,0,0.4531,1443.0,4,0,1,0,2.0,0
0.3949,57,0,0.2001,2675.0,8,0,2,0,1.0,0
0.0499,71,0,0.9052,8206.0,9,0,1,0,2.0,0
0.1894,46,0,0.5402,5960.0,12,0,0,0,0.0,0
2.0346,49,0,0.8874,,5,0,1,0,1.0,0
1.6653,69,0,0.3006,2817.0,3,0,2,0,1.0,0
0.1147,64,0,0.4245,7693.0,9,0,0,0,2.0,0
0.4026,48,0,0.5583,10790.0,6,0,1,0,0.0,0
1.1466,37,0,0.0879,6706.0,6,0,2,0,2.0,0
0.137,49,0,0.246,4021.0,8,0,0,0,1.0,0
0.6799,42,0,0.1998,6057.0,4,0,0,0,0.0,0
0.3809,76,0,0.0999,1421.0,8,0,0,0,0.0,0
0.7046,63,0,0.4493,1184.0,11,0,1,0,1.0,0
0.2442,41,0,0.3302,,6,0,0,0,2.0,0
2.2593,37,0,0.4648,,9,0,7,0,1.0,1
0.3476,41,0,0.1886,13196.0,9,0,0,0,0.0,0
0.6994,44,0,0.065,10078.0,12,0,0,0,0.0,0
5.5793,50,0,0.3897,8360.0,12,0,1,0,1.0,0
0.2167,68,0,0.4252,3810.0,9,0,2,0,2.0,0
0.1045,38,0,0.5597,7192.0,9,0,1,0,0.0,0
0.5471,84,0,0.8912,2485.0,11,0,0,0,1.0,0
0.1453,39,0,0.653,5505.0,5,0,0,0,2.0,0
0.1442,32,0,1.1193,8739.0,4,0,0,0,1.0,0
0.2774,76,0,0.0542,3671.0,7,0,0,0,0.0,0
0.1013,70,0,0.4151,,12,0,1,0,2.0,0
0.3702,49,0,0.3065,,5,0,0,0,1.0,0
0.4232,57,0,0.7153,4742.0,7,0,2,0,2.0,0
0.5112,58,0,0.3846,6901.0,6,0,3,0,0.0,0
0.4199,54,0,0.3552,,4,0,1,0,1.0,0
0.4703,34,0,0.0598,3553.0,10,0,3,0,0.0,0
3.4572,21,0,0.5092,,15,0,0,0,2.0,0
2.6969,40,0,0.4456,8325.0,5,0,0,0,0.0,0
0.2984,77,0,0.8502,14007.0,8,0,0,0,0.0,0
0.6051,78,1,1.0999,19340.0,13,1,0,0,0.0,0
0.3216,48,0,0.557,4729.0,10,0,1,0,0.0,0
0.4232,39,0,0.5071,2775.0,6,0,1,0,1.0,0
0.1492,56,0,1.0079,7150.0,4,0,2,0,1.0,0
0.1899,58,0,0.6379,1833.0,10,0,1,0,0.0,0
0.1236,60,0,0.5354,7546.0,9,0,1,0,0.0,0
0.3832,21,0,0.5342,1985.0,5,0,2,0,2.0,0
0.1882,95,0,0.2185,,14,0,1,0,2.0,0
0.0165,68,0,0.684,,10,0,2,0,2.0,0
0.1998,49,0,0.347,5958.0,14,0,0,0,0.0,0
0.0902,42,0,0.332,7445.0,7,0,0,0,0.0,0
0.3017,66,0,0.1434,5686.0,5,0,1,0,1.0,0
0.7748,59,0,0.7073,8399.0,7,0,0,0,1.0,0
0.8889,53,0,0.8103,4020.0,12,0,4,0,0.0,0
1.9693,58,1,0.6538,9896.0,8,0,2,0,0.0,0
0.3054,50,0,0.1787,9206.0,8,0,1,0,0.0,0
0.4919,58,0,0.1585,,9,0,0,0,,1
2.3488,62,0,0.146,4830.0,13,0,0,0,0.0,1
0.0241,57,0,0.5469,3899.0,13,0,0,0,3.0,0
0.3196,56,0,0.4145,2568.0,11,0,2,0,1.0,0
0.3434,72,0,0.6221,2480.0,2,0,2,0,0.0,0
0.0904,30,0,0.9593,11588.0,7,0,2,0,2.0,0
0.2993,41,0,0.3429,5963.0,13,0,2,0,1.0,0
0.1154,52,0,0.6568,4721.0,12,0,0,0,1.0,0
0.9994,42,0,0.6381,22039.0,9,0,2,0,0.0,0
0.1276,46,0,0.5734,8001.0,4,0,0,0,1.0,0
1.781,70,0,0.4765,,3,0,0,0,2.0,1
0.246,50,0,0.427,,6,0,3,0,1.0,0
0.1013,26,0,1.0209,8560.0,12,0,2,0,0.0,0
0.6138,46,0,0.9089,5286.0,10,0,0,0,0.0,0
1.5755,53,1,0.2174,3085.0,10,0,2,1,1.0,0
0.2955,53,0,0.0799,,8,0,1,0,1.0,0
1.4788,60,0,0.5497,11210.0,15,0,0,1,,0
0.6516,59,0,0.6765,1044.0,16,0,1,0,0.0,0
0.2723,50,0,0.3758,4580.0,9,0,1,0,0.0,0
0.0272,35,0,0.5039,8860.0,7,0,3,0,2.0,0
0.3651,46,0,0.7901,,11,0,0,0,2.0,0
0.4132,43,0,0.7998,17780.0,9,0,1,0,,0
0.6358,48,0,0.4798,3947.0,3,0,1,0,0.0,1
3.0709,62,0,0.8694,,10,0,1,0,0.0,0
0.4772,58,0,0.2222,2973.0,8,0,0,0,0.0,0
0.1898,64,0,0.6339,5836.0,11,0,0,0,1.0,0
0.0319,47,0,0.5303,2901.0,9,0,1,0,1.0,0
0.1259,73,0,0.4168,4085.0,9,0,1,0,0.0,0
0.7172,61,0,0.0179,2740.0,13,0,2,0,1.0,0
0.9221,54,0,0.5677,3043.0,9,0,0,0,0.0,0
0.2298,60,0,0.403,3315.0,4,0,2,0,2.0,0
0.4344,43,1,0.6735,3730.0,14,0,1,0,1.0,0
0.198,22,0,0.9478,,9,0,0,0,1.0,0
0.348,44,0,0.987,,3,0,0,0,2.0,0
0.5387,62,0,0.1425,,11,0,0,1,2.0,0
0.5077,53,0,0.5049,5692.0,9,0,3,0,3.0,0
0.2885,50,0,0.9142,4858.0,10,0,3,0,1.0,0
2.0986,40,1,0.6633,8212.0,11,0,2,0,1.0,0
2.2429,25,0,0.2971,3385.0,5,0,2,0,0.0,0
0.887,72,0,0.237,16129.0,5,0,0,0,1.0,0
0.4735,49,0,0.4587,5912.0,7,0,1,0,1.0,0
0.0183,46,0,0.6631,5234.0,6,0,0,0,0.0,0
1.5179,43,0,0.5927,4828.0,3,0,0,0,1.0,0
0.6982,70,0,0.7637,,8,0,4,0,1.0,1
0.6575,64,0,0.2541,6834.0,11,0,0,0,0.0,0
0.7509,38,0,0.3133,,6,0,1,0,4.0,0
0.1396,68,0,0.6556,8111.0,7,0,0,0,1.0,0
0.1546,50,1,0.4546,8538.0,7,0,1,0,0.0,0
0.2703,43,0,0.2787,5434.0,5,0,3,0,0.0,0
0.4525,48,0,0.378,2873.0,7,0,2,0,0.0,0
0.2658,41,0,0.9706,7150.0,7,0,1,0,1.0,0
2.3589,34,0,0.5434,2860.0,5,0,1,0,1.0,1
1.0404,63,0,1.2898,,8,0,2,0,1.0,0
0.6472,49,4,1.0755,6223.0,9,0,1,0,1.0,0
0.2033,61,0,0.6817,4065.0,4,0,1,0,1.0,0
1.3093,56,0,0.3552,16153.0,9,0,1,0,1.0,0
0.3016,60,0,1.2725,3279.0,10,0,1,0,2.0,0
0.0659,23,0,0.5173,4131.0,11,0,1,0,0.0,0
0.6338,40,0,0.1317,,13,0,1,0,1.0,0
0.5691,60,0,0.2036,,9,0,2,0,,0
0.1982,34,0,0.4292,2350.0,8,0,0,0,3.0,0
1.6829,57,0,0.4072,8853.0,9,0,1,0,0.0,0
0.0548,33,0,0.1869,6874.0,13,0,1,0,0.0,0
0.1075,52,0,0.1829,,14,0,0,0,0.0,0
0.6669,75,0,0.4747,4513.0,9,0,0,0,0.0,1
0.0534,63,0,0.4229,8144.0,7,0,0,0,1.0,0
0.4174,26,0,0.5111,3790.0,5,0,0,0,1.0,0
0.2324,64,0,0.5079,11462.0,10,0,1,0,1.0,0
0.5575,78,0,0.4941,4275.0,9,0,0,0,,0
0.6767,91,0,0.3113,6948.0,8,0,1,0,1.0,0
0.5396,59,0,0.4989,2492.0,7,0,0,0,1.0,0
0.0039,33,0,0.9104,1769.0,8,0,0,0,1.0,0
0.0741,58,0,0.2449,8930.0,7,0,1,0,2.0,0
1.8168,74,0,0.3776,8326.0,4,0,3,0,0.0,0
0.0193,49,0,1.2839,,11,0,3,0,0.0,0
0.2923,67,1,0.3155,,5,0,1,1,0.0,0
1.7027,40,0,0.0997,5043.0,5,0,2,0,0.0,0
1.8452,57,0,0.3829,16959.0,11,0,0,0,0.0,0
0.0538,21,0,0.3249,7870.0,9,0,1,0,0.0,0
0.689,39,0,0.3436,3794.0,9,0,2,0,0.0,0
0.1395,52,0,0.2882,9451.0,7,0,0,0,1.0,0
0.0648,47,0,0.2532,3191.0,2,0,0,0,1.0,0
4.7753,34,0,0.2035,5787.0,5,0,1,0,1.0,0
0.5965,45,0,0.008,,12,0,0,0,1.0,0
0.2867,57,0,0.821,3887.0,6,0,2,0,0.0,0
0.053,51,0,0.6749,,12,0,3,0,3.0,0
0.2701,53,0,0.3144,,10,0,1,0,0.0,0
0.2054,62,0,0.2488,,14,0,0,0,2.0,0
0.2947,47,0,0.991,4575.0,7,0,2,0,0.0,0
0.5282,71,0,0.1343,8723.0,7,0,2,0,1.0,1
0.9703,38,0,0.1434,4059.0,10,0,0,0,1.0,0
1.8079,79,0,0.7519,5712.0,3,0,1,0,0.0,0
0.809,68,2,0.3745,3306.0,7,0,2,1,2.0,0
1.5817,47,0,0.221,3742.0,8,0,0,0,1.0,0
0.017,48,0,0.3445,2736.0,15,0,0,0,0.0,0
0.4679,55,0,0.6797,14851.0,7,0,1,0,1.0,0
0.0534,60,0,0.5505,2647.0,6,0,0,0,,0
1.5385,67,0,0.5147,,8,0,1,0,0.0,0
0.5958,33,0,0.9197,5327.0,6,0,1,0,0.0,0
0.1711,58,0,0.8927,3269.0,7,0,1,0,0.0,0
0.2228,22,0,0.3105,,5,0,1,0,0.0,0
0.2013,50,0,0.2699,2330.0,5,0,1,0,1.0,0
0.1073,72,0,0.7676,5742.0,5,0,1,0,2.0,0
0.0244,32,3,0.5725,4489.0,8,0,2,0,2.0,0
3.3763,30,0,0.3511,5303.0,8,0,2,0,3.0,0
0.2801,55,0,0.5505,7126.0,11,0,2,0,1.0,0
2.3617,71,0,0.797,2867.0,6,0,0,0,0.0,0
1.1954,57,0,0.2635,13979.0,13,0,0,0,0.0,0
0.2488,25,0,0.456,5019.0,7,0,0,0,0.0,0
0.3637,28,0,0.121,3842.0,6,0,1,0,2.0,0
0.5572,53,0,0.0451,5528.0,9,0,2,0,1.0,1
0.6456,35,0,0.0923,30809.0,8,0,0,0,2.0,0
2.2104,54,0,0.1867,11293.0,9,0,0,0,0.0,0
2.0126,55,0,1.4421,2685.0,10,0,1,0,1.0,0
0.9436,45,1,0.5852,4032.0,7,1,2,0,0.0,0
0.1375,77,0,0.2351,12250.0,9,0,2,0,1.0,0
0.2077,60,0,0.3211,4369.0,5,0,0,0,2.0,0
0.084,69,0,0.6268,11074.0,10,0,1,0,0.0,0
0.1164,65,0,0.5771,4005.0,8,0,3,0,1.0,0
0.6984,50,0,0.2761,,9,0,0,0,0.0,0
0.417,49,0,0.8374,6541.0,7,0,0,0,2.0,0
0.2059,48,0,0.0463,14390.0,12,0,1,0,1.0,0
0.3264,62,0,0.2668,9160.0,10,0,0,0,1.0,0
0.6499,43,0,0.3193,3249.0,11,0,1,0,0.0,0
0.2081,76,0,0.2275,9963.0,5,0,0,0,1.0,0
0.1063,42,0,0.5366,6179.0,7,0,0,0,0.0,0
0.0198,55,0,0.436,4695.0,6,0,0,0,1.0,0
7.0238,49,0,0.386,4023.0,10,0,1,0,1.0,0
0.4378,46,0,0.7357,2706.0,8,0,2,0,1.0,0
0.004,82,0,0.8412,5578.0,7,0,0,0,0.0,0
0.4995,46,0,0.4628,3752.0,6,0,2,0,2.0,0
0.3478,48,0,0.5986,2330.0,6,0,1,0,2.0,0
0.4956,43,0,0.4998,8831.0,9,0,3,0,1.0,0
0.2295,53,0,0.4605,2711.0,14,0,2,0,1.0,0
0.121,51,0,0.2955,,7,0,0,0,1.0,0
0.0334,36,0,0.373,4415.0,10,0,1,0,0.0,0
7.706,46,0,0.4775,,5,1,0,0,0.0,0
0.1076,61,0,0.5296,2361.0,6,0,1,0,1.0,0
1.2119,66,1,1.1367,1076.0,10,2,3,1,0.0,0
0.5735,52,0,0.3442,8567.0,10,0,1,0,,0
0.5623,53,0,0.5553,,13,0,1,0,0.0,1
2.754,47,0,0.4344,2371.0,5,0,1,0,0.0,0
0.6295,45,0,0.4798,,6,0,0,0,2.0,0
0.2228,39,0,0.196,,6,0,0,0,0.0,0
0.3859,30,0,0.628,7102.0,7,0,1,0,0.0,0
0.5381,42,0,1.011,5255.0,13,0,0,0,0.0,0
0.2713,65,0,0.2361,4208.0,6,0,0,0,0.0,0
0.3339,46,1,0.0785,4071.0,8,0,2,0,0.0,0
0.1122,47,0,0.1568,10605.0,10,0,1,0,0.0,0
0.1478,47,0,0.2958,1585.0,12,0,1,0,4.0,0
0.2781,69,0,0.6792,7147.0,9,0,2,0,1.0,0
0.6032,39,0,0.3068,4182.0,7,0,1,0,0.0,0
0.0625,56,0,0.7193,,8,0,0,0,1.0,0
0.8206,51,0,0.6157,,11,0,1,0,0.0,0
0.228,53,0,0.2751,8968.0,9,0,3,0,0.0,0
0.2995,55,0,0.1827,2724.0,8,0,2,0,2.0,0
0.612,53,0,0.5138,11436.0,9,0,0,0,0.0,0
0.2304,63,0,0.4962,5805.0,9,0,2,0,1.0,0
0.3991,52,0,0.6242,6022.0,8,0,0,0,0.0,0
0.3321,76,0,0.3776,,9,0,0,0,2.0,0
0.0828,53,0,0.5687,5339.0,14,0,4,0,0.0,0
0.1612,28,0,0.2223,3945.0,6,0,1,0,0.0,0
0.1738,61,0,0.2902,,9,0,2,0,2.0,0
0.2047,57,0,0.06,5409.0,7,0,1,0,0.0,0
0.6543,52,0,0.0786,,8,0,1,0,3.0,0
0.667,48,0,0.8656,3338.0,8,0,0,0,1.0,0
0.2089,22,0,0.2024,2628.0,13,0,1,0,1.0,0
0.4844,25,0,0.2954,6011.0,2,0,0,0,0.0,0
0.0497,75,0,0.2576,6537.0,7,0,0,0,0.0,0
2.3126,44,0,0.4058,6953.0,10,0,0,0,1.0,0
0.1995,66,0,0.7631,8389.0,8,0,0,0,2.0,0
0.3086,30,0,0.8378,,5,0,0,0,1.0,0
0.3956,37,0,0.6848,2212.0,5,0,0,0,1.0,0
0.1176,62,3,0.466,11908.0,10,0,1,1,0.0,0
0.7527,51,0,0.5495,5244.0,7,0,2,0,1.0,0
0.3535,60,0,0.133,8628.0,10,0,2,0,,0
0.3388,52,0,0.2843,,3,0,2,0,2.0,0
5.3818,49,0,0.4822,5102.0,5,0,1,0,0.0,0
0.5933,42,1,0.6464,10277.0,6,0,2,0,3.0,0
0.0832,35,0,0.6275,,9,0,2,0,1.0,0
0.7783,72,0,1.3149,7260.0,11,0,0,0,0.0,0
0.0799,74,0,0.7025,,9,0,1,0,1.0,0
0.4879,37,0,1.0093,3590.0,4,0,1,0,0.0,0
3.6866,37,0,0.5916,2570.0,6,0,2,0,1.0,0
0.7589,47,0,0.3697,,6,0,4,0,0.0,1
0.6409,57,0,0.0749,2041.0,9,0,0,0,1.0,0
0.6195,49,0,0.249,7201.0,14,0,0,0,0.0,0
0.0032,59,0,0.3187,2373.0,5,0,1,0,1.0,0
0.3091,51,0,0.458,2745.0,6,0,3,0,0.0,0
0.352,50,0,1.076,4269.0,2,0,1,0,2.0,0
0.6546,86,0,0.3148,4612.0,9,0,2,0,1.0,0
0.8091,45,0,0.1706,4420.0,7,0,1,0,0.0,0
0.4568,75,0,0.7379,,6,0,1,0,0.0,1
0.3822,72,0,0.2343,4679.0,7,0,1,0,1.0,0
0.0811,59,0,1.1773,9024.0,7,0,0,0,3.0,0
0.2564,25,0,0.8331,,7,0,0,0,0.0,0
0.7299,52,0,0.9275,6272.0,8,0,2,0,4.0,0
0.234,45,0,0.5789,7258.0,6,0,0,0,1.0,0
0.1135,52,0,0.3563,,5,0,1,0,1.0,0
0.4328,37,0,0.9759,5940.0,10,0,1,0,0.0,0
0.3484,63,0,0.6076,7811.0,8,0,0,0,1.0,0
0.4571,66,0,0.6427,7473.0,14,0,2,0,0.0,0
0.1594,68,0,0.4528,,9,0,0,0,0.0,0
0.0215,47,0,0.2969,4984.0,8,0,0,0,0.0,0
0.2985,37,0,0.2949,19064.0,8,0,4,0,1.0,0
0.4037,57,0,0.2214,,8,0,1,0,1.0,0
0.8117,77,1,0.4991,4622.0,7,0,0,0,1.0,0
0.4778,53,0,0.1912,2756.0,5,0,2,0,3.0,0
0.4672,58,0,0.5364,,4,0,0,0,0.0,0
0.3378,49,0,0.5136,7459.0,10,0,0,0,1.0,0
0.0064,45,0,0.2152,24754.0,5,0,0,0,2.0,0
0.2051,61,0,0.977,11503.0,5,0,0,0,4.0,0
0.2516,51,0,0.7332,12994.0,8,0,1,0,0.0,0
0.7943,58,0,0.0354,,9,0,2,0,1.0,0
1.6611,59,0,0.5493,4095.0,10,0,3,0,0.0,0
0.362,57,0,0.1749,5385.0,10,0,2,0,1.0,0
0.026,60,0,0.9492,,10,0,1,2,3.0,0
0.5377,40,0,0.2465,,10,0,3,0,0.0,0
0.0792,39,0,0.4382,2446.0,9,0,1,0,1.0,0
3.5384,51,0,0.4356,5937.0,6,0,3,0,0.0,0
0.6162,52,0,0.4005,3258.0,6,0,1,0,0.0,0
0.2138,45,0,0.5303,,5,0,2,0,0.0,0
0.2443,55,0,0.4533,4800.0,10,0,1,0,3.0,0
0.2443,65,0,0.4387,2919.0,7,0,1,0,1.0,0
0.1759,69,0,0.4379,20978.0,7,0,0,0,0.0,0
0.0375,72,0,0.8021,,9,0,0,0,0.0,0
0.5145,34,2,0.4272,2330.0,10,0,2,0,0.0,0
0.8305,36,2,1.1506,6783.0,9,0,0,0,4.0,0
0.5197,48,0,0.2213,3306.0,6,0,1,0,1.0,0
0.8447,53,0,0.3747,9011.0,3,0,3,0,2.0,0
0.3248,49,0,0.3991,2277.0,5,0,2,0,0.0,0
0.3846,44,0,0.2416,9299.0,11,0,0,0,3.0,0
0.1677,48,0,1.018,4241.0,7,0,1,0,1.0,0
0.6003,59,0,0.6351,,9,0,0,0,1.0,0
1.9498,33,1,0.3018,5846.0,10,0,2,0,1.0,0
0.54,85,0,0.5119,2584.0,10,0,3,0,0.0,0
0.8866,52,1,0.5973,6911.0,8,0,1,0,,0
0.4457,67,0,0.1982,3412.0,11,0,0,0,2.0,0
0.4357,44,0,0.9022,1236.0,9,0,1,0,0.0,0
0.0603,60,0,0.1168,12137.0,7,0,1,0,1.0,0
0.5384,53,0,0.3792,3247.0,12,0,0,0,1.0,0
0.0876,64,0,0.473,,6,0,0,0,0.0,0
0.4939,49,0,0.4771,,8,0,1,0,0.0,0
0.5788,74,0,0.7491,8512.0,11,0,0,0,0.0,0
0.6217,31,0,0.3809,,9,0,1,0,0.0,0
0.6104,65,0,0.2421,,10,0,1,0,0.0,0
0.1927,54,0,0.4093,9552.0,2,0,2,0,1.0,0
2.694,38,0,0.3499,7655.0,6,0,2,0,1.0,1
0.6452,79,0,0.4979,4373.0,5,0,0,0,0.0,1
0.5315,78,0,0.6013,4222.0,7,0,1,0,1.0,0
0.0814,23,0,0.3761,5924.0,9,0,2,0,0.0,0
2.2127,54,0,0.7368,8100.0,11,0,1,0,0.0,0
0.459,62,0,0.4584,,4,0,0,0,1.0,0
0.4394,58,0,0.8999,7960.0,11,0,2,0,1.0,0
0.1385,73,0,0.6245,3470.0,7,0,1,0,1.0,0
1.5691,70,0,0.3535,5523.0,11,0,1,0,1.0,0
0.6935,56,0,0.8838,9026.0,15,0,2,0,0.0,0
4.1857,84,0,0.0933,17368.0,4,0,1,0,0.0,1
0.8667,65,0,0.9972,11141.0,9,0,0,0,0.0,0
0.8174,47,0,1.0035,9498.0,11,0,4,0,0.0,0
2.3125,44,1,0.4866,8169.0,8,0,1,0,1.0,0
0.0499,69,0,0.1746,7822.0,8,0,1,0,1.0,1
0.7884,41,0,0.2436,12851.0,9,0,0,0,1.0,0
0.3137,46,0,0.434,2644.0,11,0,0,0,1.0,0
0.4357,49,0,0.24,7800.0,8,0,2,0,1.0,0
0.3397,57,0,0.3864,1935.0,7,0,2,0,3.0,0
0.3968,49,0,0.5446,9096.0,11,0,2,0,1.0,0
0.7995,34,0,0.5087,,6,0,2,0,0.0,1
0.2232,68,0,0.3833,5561.0,8,0,2,0,0.0,0
0.8139,46,0,0.4132,8899.0,10,0,0,0,0.0,0
0.6402,80,0,0.3276,,12,0,0,0,1.0,0
0.1585,56,0,0.4005,6254.0,6,0,0,0,3.0,0
0.6114,70,0,0.3499,,8,0,1,0,1.0,1
0.7834,61,0,0.3941,,11,0,1,0,1.0,0
1.4444,70,0,0.8141,,9,0,1,0,1.0,1
1.377,60,0,0.8961,2766.0,11,0,1,0,0.0,0
0.8707,55,1,0.687,11641.0,7,0,0,1,2.0,0
2.5246,67,3,0.847,9655.0,8,0,0,1,0.0,0
0.31,87,0,0.0514,9684.0,6,0,0,0,0.0,1
0.6465,48,0,0.036,5611.0,10,0,2,0,2.0,0
0.3568,63,0,0.2459,4030.0,11,0,0,0,1.0,0
0.5271,52,0,0.2035,5820.0,12,0,2,0,1.0,0
0.2433,59,0,0.1896,7575.0,6,0,1,0,0.0,0
0.6579,53,0,0.5417,19321.0,6,0,1,0,0.0,0
0.1511,22,0,0.3317,,10,0,1,0,0.0,0
3.9629,49,0,0.1518,11593.0,8,0,0,0,2.0,1
0.0833,66,0,0.133,,7,0,1,0,1.0,0
0.7446,41,0,0.4299,5982.0,9,0,0,0,0.0,0
0.5826,65,0,0.0953,6259.0,7,0,0,0,0.0,0
0.6126,55,0,0.3095,,12,0,1,0,1.0,0
0.62,49,0,0.2762,,11,0,2,0,0.0,0
0.6351,65,1,0.6176,6176.0,10,0,0,0,0.0,0
0.5663,62,2,0.2144,3554.0,12,0,1,0,1.0,0
0.4943,58,0,0.2399,11936.0,8,0,1,0,1.0,0
7.6578,66,0,0.4127,6365.0,9,0,0,0,1.0,0
0.4819,55,0,0.5727,6530.0,7,0,0,0,2.0,0
0.0449,29,0,0.5249,4778.0,12,0,2,0,,0
0.0577,47,0,0.7341,3926.0,9,0,0,0,1.0,0
0.0314,27,0,0.557,5855.0,10,0,2,0,3.0,0
0.5017,61,0,1.0524,6787.0,11,0,3,0,1.0,0
0.2991,65,0,1.6569,,5,0,0,0,1.0,0
0.3066,65,0,0.8988,2019.0,9,0,3,0,0.0,0
0.8135,59,0,0.4278,5599.0,8,0,0,0,0.0,0
0.4069,66,0,0.7213,9146.0,8,0,0,0,,0
0.5029,30,0,1.082,2390.0,11,0,1,0,0.0,1
2.863,50,1,0.3337,9104.0,7,1,4,0,0.0,0
2.4728,32,0,0.6548,8199.0,3,0,2,0,3.0,0
0.7549,47,0,0.2767,7647.0,7,0,1,0,1.0,0
0.4784,75,0,0.1196,2008.0,8,0,0,0,0.0,0
0.5573,67,0,0.1557,,9,0,0,0,0.0,0
0.5597,61,0,0.5551,,6,0,1,0,0.0,0
0.5519,49,0,0.6267,,9,0,0,0,0.0,0
0.6222,38,0,0.537,6735.0,12,0,3,0,1.0,0
1.3585,55,0,0.7952,,12,0,0,0,0.0,0
0.8209,68,0,0.2712,1719.0,5,0,0,0,1.0,0
0.4575,58,0,0.3807,,6,0,0,0,2.0,0
0.7485,30,0,0.4473,2478.0,9,0,1,0,,0
0.3175,53,0,0.4306,4790.0,12,0,0,0,1.0,0
1.3147,25,0,0.387,,11,0,1,0,0.0,0
0.0912,63,0,0.1828,9749.0,9,0,3,0,1.0,0
0.425,42,0,0.2066,,10,0,3,0,1.0,0
0.619,35,0,0.2178,4096.0,8,0,1,0,1.0,0
0.2032,63,0,0.09,3339.0,5,0,1,0,2.0,0
0.1905,60,0,0.7154,3910.0,8,0,2,0,0.0,0
0.4781,55,0,0.2882,11704.0,8,0,0,0,2.0,0
2.9307,83,4,0.1807,9761.0,11,0,2,0,2.0,0
0.1388,61,0,0.4161,6324.0,10,0,1,0,,1
0.0633,43,0,0.1939,,14,0,2,0,1.0,0
0.0079,59,0,1.0531,,12,0,2,0,0.0,0
0.3783,48,0,0.4923,,9,0,1,0,1.0,0
0.1895,70,0,0.6225,4939.0,6,0,0,0,1.0,0
5.8923,56,0,0.7221,7608.0,8,0,1,0,0.0,0
1.7982,57,0,0.1206,6917.0,13,0,0,0,0.0,0
0.0542,32,0,1.0294,3487.0,12,0,1,0,2.0,0
3.0557,53,0,0.1563,4863.0,5,0,1,0,1.0,0
0.3868,51,0,0.5712,5723.0,12,0,3,0,1.0,0
0.3467,38,0,0.1014,,6,0,1,0,2.0,0
0.2494,49,0,0.0524,5696.0,7,0,4,0,1.0,0
0.126,58,0,0.4033,,12,0,4,0,0.0,0
0.2627,52,0,0.8723,,10,0,0,0,0.0,0
0.9668,32,0,0.8198,5617.0,7,0,0,0,0.0,0
0.389,48,0,0.7779,4035.0,14,0,0,0,2.0,0
2.2139,45,0,0.5049,5676.0,3,0,2,0,2.0,0
0.0316,55,0,0.3285,,6,0,1,0,0.0,0
0.0463,53,0,0.2712,6911.0,9,0,1,0,2.0,0
0.7396,46,0,0.2499,2044.0,4,0,1,0,0.0,0
0.1175,46,0,0.5126,3365.0,8,0,1,0,1.0,0
0.1227,53,0,0.4665,,8,0,1,0,0.0,0
0.0429,65,0,0.3162,6776.0,13,0,1,0,2.0,0
0.3808,56,0,0.8792,7718.0,8,0,1,0,0.0,0
0.3804,72,0,0.5876,,6,0,3,0,1.0,0
0.4091,68,0,0.2861,3942.0,3,0,1,0,0.0,0
0.0173,73,0,0.3547,7621.0,9,0,1,0,0.0,0
0.111,71,0,0.3183,4408.0,2,0,2,0,1.0,0
3.6733,74,0,0.0273,,7,0,1,0,0.0,1
1.6978,36,0,0.769,5066.0,7,0,1,0,2.0,0
0.3128,61,0,0.3433,4124.0,7,0,0,0,1.0,0
0.3785,69,0,0.3621,8580.0,6,0,1,0,0.0,0
0.995,72,0,0.4166,8094.0,6,0,1,0,0.0,0
0.3768,41,0,0.2983,3671.0,6,0,1,0,1.0,0
0.1624,61,0,0.3178,3226.0,3,0,2,0,0.0,0
0.0425,53,0,0.6298,4556.0,5,0,0,0,0.0,0
1.1749,78,0,0.4399,8039.0,2,0,3,0,2.0,0
0.475,33,0,0.4331,9677.0,10,0,1,0,0.0,0
0.7795,41,0,0.3733,5486.0,4,0,2,0,1.0,0
0.1256,27,0,0.5835,3628.0,9,0,1,0,0.0,0
0.1682,54,0,0.3172,,9,0,0,0,0.0,0
0.1104,84,0,1.1601,7292.0,10,0,0,2,1.0,1
0.7298,51,0,0.3876,9434.0,7,0,1,0,,0
0.9512,53,0,0.4341,2362.0,13,0,0,0,1.0,0
0.3822,60,0,0.7757,1963.0,7,0,0,0,0.0,0
0.1385,50,0,0.421,4488.0,4,0,0,0,0.0,0
0.9257,57,0,0.3152,10686.0,6,0,0,0,1.0,0
0.0745,57,0,0.488,,2,0,1,0,0.0,0
0.4007,40,0,0.8469,5758.0,11,0,1,0,0.0,0
0.4204,51,0,0.4311,5114.0,8,0,0,0,1.0,0
1.2561,62,0,0.6432,,12,0,1,0,0.0,1
0.6841,65,0,0.4709,14590.0,5,0,1,0,0.0,0
0.3494,70,0,0.1719,4774.0,6,0,0,0,1.0,0
1.0602,57,0,0.2646,2941.0,8,0,1,0,2.0,0
0.2001,57,0,0.6861,4764.0,10,0,1,0,3.0,0
0.0714,63,0,0.5931,6082.0,4,0,0,0,1.0,0
0.3126,44,0,1.031,,8,0,2,0,0.0,0
0.1843,43,0,0.5237,8618.0,6,0,1,0,2.0,0
0.1598,50,0,0.6789,,8,0,0,0,3.0,0
0.3525,34,0,0.2642,7840.0,6,0,1,0,0.0,0
0.5077,58,0,0.9625,7598.0,3,0,0,0,0.0,0
0.0974,67,0,0.1929,6846.0,6,0,0,0,0.0,0
0.0755,42,0,0.2939,,12,0,3,0,2.0,0
0.5324,58,0,0.6675,9409.0,6,0,4,0,0.0,0
0.0652,43,0,0.55,,7,0,0,0,0.0,0
0.6677,38,0,0.2465,5225.0,7,0,2,0,1.0,0
0.2823,81,0,0.3611,6455.0,6,0,2,0,1.0,0
0.2414,38,0,0.4467,10265.0,10,0,1,0,1.0,0
0.7095,34,0,0.2764,,7,0,0,0,3.0,0
0.9,55,0,0.5842,4274.0,6,0,1,0,0.0,1
1.0554,56,0,0.1753,1091.0,8,0,2,0,0.0,0
0.0393,61,0,0.5294,,7,0,1,0,0.0,0
0.6003,80,0,0.717,6722.0,8,0,2,0,0.0,0
0.7373,41,0,0.6416,11851.0,6,0,3,0,1.0,0
0.1935,44,0,0.0745,2487.0,10,0,0,0,2.0,0
0.6641,75,0,0.3481,7491.0,10,0,2,0,0.0,0
0.0234,65,0,0.465,9878.0,10,0,0,0,1.0,0
0.056,63,0,0.8859,3182.0,7,0,0,0,2.0,0
0.5177,44,0,0.4437,3861.0,8,0,0,0,0.0,0
0.1943,68,0,0.8498,11445.0,6,0,2,0,0.0,0
0.8141,63,0,0.7396,7160.0,10,0,2,0,1.0,0
0.7427,55,0,0.753,3579.0,4,0,2,0,3.0,0
0.0498,44,0,0.6581,7973.0,7,0,1,0,0.0,0
0.0365,53,0,0.405,6103.0,11,0,1,0,1.0,0
0.2072,75,0,0.2417,9649.0,6,0,0,0,1.0,0
1.8719,37,0,0.3015,,10,0,2,0,1.0,0
0.6599,41,0,0.7484,,9,0,3,0,0.0,0
0.6868,43,0,0.4513,5478.0,7,0,0,0,1.0,0
0.8082,46,2,0.2984,8406.0,11,3,2,0,1.0,0
0.5828,52,0,0.1738,5075.0,8,0,3,0,0.0,0
0.5879,65,0,0.5643,8216.0,6,0,0,0,1.0,0
0.7791,58,0,0.6787,4802.0,5,0,1,0,1.0,0
0.3291,53,0,0.4866,2037.0,6,0,1,0,3.0,0
0.0833,56,0,0.5711,4897.0,10,0,2,0,1.0,0
0.2056,61,0,0.0775,10309.0,8,0,1,0,3.0,0
0.0739,28,0,0.973,6301.0,8,0,0,0,0.0,0
0.2037,67,0,0.3907,8160.0,6,0,1,0,1.0,0
0.2427,40,0,0.068,,9,0,0,0,0.0,0
5.5836,46,0,0.4939,4743.0,6,0,2,0,0.0,0
0.5152,57,0,0.3292,,10,0,1,0,2.0,0
0.8714,51,0,0.4741,,6,0,1,0,0.0,0
0.1895,59,0,0.147,2867.0,7,0,0,0,3.0,0
5.4754,54,0,0.6752,1521.0,6,0,2,0,1.0,0
1.6075,48,0,0.9529,7661.0,8,0,0,0,0.0,0
2.0842,73,0,0.3191,1957.0,9,0,2,0,2.0,0
0.0664,62,1,0.3007,5100.0,9,0,0,1,0.0,0
0.018,56,0,0.33,2925.0,10,0,0,0,1.0,0
0.6892,62,0,0.531,8877.0,7,0,0,0,0.0,0
0.4175,42,0,0.5092,,7,0,0,0,0.0,0
0.1941,82,1,0.4664,13102.0,13,0,1,1,0.0,0
2.4297,37,1,0.5368,6213.0,7,0,1,0,2.0,0
0.1866,54,0,0.6208,12582.0,6,0,1,0,0.0,0
0.0318,48,0,0.7751,12204.0,11,0,1,0,1.0,0
0.0442,47,0,0.4066,3413.0,7,0,0,0,1.0,0
0.2587,46,0,0.5717,3429.0,12,0,1,0,,0
0.7284,41,0,0.3483,7740.0,7,0,0,0,0.0,0
6.5091,69,0,0.7163,,5,0,2,0,0.0,0
0.8189,35,0,0.4213,,8,0,0,0,0.0,0
0.4867,66,2,0.2895,,7,0,3,0,2.0,0
0.0246,61,0,0.0712,7475.0,12,0,1,0,3.0,0
0.1875,47,0,0.8372,7167.0,9,0,1,0,2.0,0
0.6843,59,0,0.3479,2996.0,11,0,3,0,1.0,0
0.2076,50,1,0.207,,10,0,0,1,0.0,0
0.744,37,0,0.9179,5547.0,6,0,0,0,0.0,0
0.52,37,4,0.5472,,11,0,3,2,1.0,0
0.2953,61,0,1.1114,,6,0,3,0,0.0,0
1.4129,60,0,0.2791,16406.0,8,0,1,0,1.0,0
0.2348,55,0,0.5691,3874.0,8,0,0,0,1.0,0
0.2669,47,0,0.3418,,5,0,1,0,3.0,0
0.1323,49,0,0.2717,5013.0,9,0,0,0,0.0,0
0.2118,47,0,0.5259,10625.0,8,0,1,0,1.0,0
2.2621,28,0,0.2106,5159.0,12,0,1,0,0.0,0
0.3641,53,0,0.477,,7,0,0,0,1.0,0
0.0118,59,0,0.3814,,5,0,0,0,4.0,0
1.021,53,0,0.5024,,4,0,0,0,1.0,0
0.2656,77,0,0.3988,5669.0,11,0,0,0,1.0,0
0.1148,38,0,0.2181,5994.0,7,0,1,0,0.0,0
0.605,43,0,0.4131,7267.0,5,0,1,0,0.0,0
0.4058,54,0,0.1173,4078.0,9,0,2,0,1.0,0
0.1363,55,0,0.5734,5050.0,3,0,2,0,0.0,0
0.4904,25,0,0.0521,893.0,11,0,1,0,0.0,0
0.1989,60,0,0.2651,4120.0,11,0,3,0,0.0,0
0.3438,55,0,0.662,6153.0,3,0,0,0,1.0,0
0.1702,22,0,1.0855,12789.0,11,0,0,0,3.0,0
0.8026,50,0,0.143,2903.0,6,0,1,0,1.0,0
0.6045,41,0,0.624,,6,0,1,0,0.0,0
3.3073,46,0,0.8331,4437.0,10,0,0,0,0.0,0
0.1765,33,0,0.4102,4605.0,10,0,3,0,2.0,0
0.2279,58,0,0.607,4747.0,4,0,0,0,1.0,0
0.1772,77,0,0.2423,,11,0,1,0,0.0,0
0.4811,56,0,0.3081,3189.0,7,0,0,0,0.0,0
0.396,22,0,0.1264,6953.0,7,0,0,0,0.0,0
0.1066,56,0,0.537,,3,0,1,0,1.0,0
0.5063,49,0,1.1425,8582.0,7,0,2,0,1.0,0
0.7354,37,0,0.8168,2334.0,6,0,1,0,1.0,0
0.2155,57,0,0.3123,5252.0,11,0,0,0,0.0,0
0.0011,64,0,0.5124,5200.0,12,0,0,0,0.0,0
0.1516,43,0,0.4474,,6,0,3,0,2.0,0
0.0988,29,0,0.1562,5839.0,12,0,1,0,0.0,0
0.2829,24,0,1.1956,7174.0,13,0,1,0,0.0,0
0.1755,43,0,0.7073,5999.0,9,0,1,0,1.0,0
0.1513,50,0,0.3537,7754.0,11,0,1,0,0.0,0
0.2518,45,0,0.1797,5317.0,8,0,0,0,2.0,0
0.4632,42,0,1.053,1812.0,12,0,0,0,1.0,0
0.2657,60,0,0.3841,5766.0,7,0,0,0,0.0,0
0.0621,58,0,0.0763,2841.0,10,0,1,0,,0
0.6622,55,0,0.6135,2537.0,7,0,0,0,0.0,0
1.6588,63,1,0.5441,6307.0,10,0,1,0,,0
2.2837,43,1,0.1026,14546.0,8,0,2,0,1.0,0
0.0952,37,0,0.5718,7816.0,13,0,3,0,0.0,0
0.2596,45,0,0.3709,1926.0,10,0,0,0,0.0,0
1.3732,44,0,0.5543,2778.0,10,0,0,0,1.0,0
0.352,23,0,0.0735,,6,0,1,0,1.0,0
0.194,44,0,0.5512,10178.0,11,0,1,0,0.0,0
2.8649,67,1,0.3458,4526.0,12,1,0,0,1.0,0
0.272,63,0,0.6604,2696.0,13,0,0,0,1.0,0
0.4968,59,0,0.0473,5958.0,6,0,0,0,1.0,0
0.4857,54,0,0.3378,,8,0,0,0,0.0,0
0.5774,72,0,0.7058,6202.0,7,0,0,0,1.0,0
0.5649,37,0,0.4654,3189.0,5,0,2,0,1.0,0
0.7003,38,0,0.1311,5679.0,2,0,1,0,1.0,0
0.0092,68,0,0.3468,3254.0,6,0,1,0,0.0,0
0.5148,52,0,0.2415,12176.0,8,0,0,0,1.0,0
0.0603,43,0,0.9255,,9,0,0,0,2.0,0
0.0739,60,0,0.4093,,4,0,2,0,0.0,0
0.0525,46,0,0.6528,3562.0,11,0,1,0,1.0,0
0.143,40,0,1.0551,11387.0,8,0,1,0,1.0,0
0.3643,40,0,0.7954,6734.0,4,0,0,0,2.0,0
0.0086,57,0,0.3515,6576.0,6,0,0,0,1.0,0
0.4706,55,0,0.5531,10021.0,5,0,1,0,0.0,0
0.1737,73,0,0.5977,20269.0,8,0,0,0,1.0,0
0.4342,48,0,0.208,6196.0,9,0,0,0,0.0,0
0.4869,48,0,0.3001,4914.0,11,0,1,0,2.0,0
0.11,72,0,0.6852,3616.0,8,0,2,0,1.0,0
0.3836,66,0,0.6618,9043.0,12,0,2,0,1.0,0
3.114,54,2,0.2867,17281.0,10,0,0,1,1.0,0
1.0078,30,0,0.5056,9217.0,9,0,1,0,1.0,0
1.0787,41,0,0.5386,2965.0,7,0,1,0,4.0,0
0.4054,37,0,0.1565,4269.0,11,0,1,0,0.0,0
2.1722,53,0,0.2296,6440.0,13,0,1,0,0.0,0
0.0513,45,0,0.8559,,11,0,7,0,1.0,0
0.1884,74,0,0.6333,,6,0,1,0,2.0,0
1.5174,30,1,0.5698,5720.0,8,0,1,0,0.0,0
0.6317,36,0,0.5064,5176.0,9,0,0,0,4.0,1
4.6022,55,0,0.539,4660.0,4,0,0,0,2.0,1
0.5296,59,0,0.9373,5848.0,5,0,3,0,2.0,0
0.1107,21,0,0.3602,5340.0,7,0,0,0,0.0,0
0.0861,28,0,0.733,12882.0,9,0,0,0,0.0,0
0.2082,48,0,0.6539,,6,0,2,0,2.0,0
1.2646,71,0,0.3951,5039.0,11,0,1,0,0.0,0
0.236,78,0,0.5186,5464.0,13,0,1,0,0.0,0
0.2558,46,0,0.7721,19032.0,7,0,0,0,0.0,0
0.1328,50,0,0.1177,2738.0,5,0,0,0,1.0,0
0.1353,40,0,0.0708,2527.0,15,0,3,0,2.0,0
0.1921,61,0,1.0211,2599.0,6,0,0,0,0.0,0
0.1837,73,0,0.8437,,7,0,3,0,1.0,0
0.1139,70,0,0.1371,5929.0,11,0,0,0,0.0,0
0.4358,52,0,0.3605,9384.0,7,0,1,0,2.0,0
0.0865,40,0,0.686,5870.0,9,0,2,0,1.0,0
0.634,52,0,0.3622,1080.0,11,0,2,0,0.0,0
1.4309,71,0,0.3935,,9,0,2,0,4.0,0
0.2388,46,0,0.2647,1251.0,12,0,0,0,3.0,0
0.1685,27,0,0.5215,1807.0,9,0,1,0,1.0,0
0.229,47,0,0.6445,5064.0,5,0,0,0,2.0,0
0.3186,48,0,0.2166,5734.0,5,0,1,0,0.0,0
0.5797,27,0,1.0001,5718.0,9,0,0,0,1.0,0
4.0592,55,0,0.3019,,11,0,1,0,1.0,0
0.2659,59,0,0.73,11918.0,10,0,0,0,3.0,0
0.5018,78,0,0.4161,13913.0,11,0,1,0,0.0,0
0.0244,33,0,0.2061,,6,0,1,0,0.0,0
0.0251,62,0,0.1011,6632.0,5,0,0,0,0.0,0
3.2651,66,0,0.336,4414.0,17,0,1,0,1.0,0
0.608,59,0,0.292,6197.0,6,0,3,0,1.0,0
0.741,38,0,0.5582,3864.0,5,0,4,0,0.0,0
6.9341,37,1,0.4494,,7,1,1,0,0.0,0
0.0389,53,0,0.2757,8009.0,6,0,1,0,0.0,0
0.7203,53,0,0.2843,,6,0,0,0,2.0,0
0.0526,44,2,0.6175,14942.0,6,0,2,0,0.0,0
0.4304,70,0,0.8969,4467.0,6,0,1,0,0.0,1
0.0674,46,0,0.3861,1881.0,9,0,1,0,0.0,0
3.7019,25,0,0.8744,3155.0,4,0,0,0,1.0,1
0.0134,49,0,0.5635,3317.0,0,0,2,0,2.0,0
0.3498,59,0,0.1295,,8,0,0,0,0.0,0
0.3129,57,0,0.1599,,7,0,0,0,0.0,0
3.8575,57,0,0.569,1602.0,8,0,1,0,0.0,1
0.7368,73,0,0.2809,,8,0,0,0,3.0,0
0.5543,36,0,0.5798,,6,0,0,0,2.0,0
0.0368,46,0,0.0458,4667.0,12,0,1,0,1.0,0
0.5838,74,0,0.6891,,9,0,1,0,2.0,1
0.0401,24,0,0.1248,12994.0,8,0,0,0,0.0,0
0.59,51,0,0.4567,,7,0,0,0,2.0,0
0.2913,69,0,0.4631,6497.0,8,0,3,0,0.0,0
0.4163,69,0,0.3477,2114.0,3,0,0,0,1.0,0
0.1448,61,0,0.3842,3983.0,10,0,1,0,2.0,0
0.3265,62,0,0.6571,5346.0,6,0,1,0,2.0,0
0.3589,37,0,0.5573,12760.0,8,0,0,0,0.0,0
0.5487,71,0,0.5639,,6,0,1,0,2.0,0
0.5174,35,0,0.8679,3506.0,3,0,2,0,0.0,1
2.428,36,0,0.3043,7885.0,11,0,3,0,1.0,1
0.4133,57,0,0.597,3994.0,7,0,1,0,0.0,0
0.5755,45,0,0.1686,7002.0,8,0,2,0,0.0,0
0.0813,55,0,0.2821,3018.0,4,0,0,0,2.0,0
0.1924,58,0,0.7612,4350.0,7,0,0,0,0.0,0
0.198,77,0,0.7012,4753.0,5,0,3,0,1.0,0
0.0682,58,0,1.0355,5877.0,6,0,0,0,1.0,0
0.3439,43,0,0.8502,3628.0,7,0,1,0,1.0,0
0.712,61,0,0.2628,7820.0,9,0,0,0,1.0,0
0.3218,40,0,0.2744,18440.0,6,0,0,0,1.0,0
0.7598,65,0,0.5667,1770.0,9,0,4,0,0.0,0
0.7444,53,0,0.2642,,10,0,1,0,2.0,0
1.2515,58,0,0.2564,3740.0,7,0,0,0,0.0,0
0.0881,27,1,0.6212,8411.0,10,0,1,0,0.0,0
0.6519,21,0,0.0218,2419.0,8,0,0,0,2.0,0
0.039,31,2,0.6622,4327.0,7,0,0,0,0.0,0
0.1276,76,0,0.9852,6988.0,9,0,0,0,0.0,0
0.1438,36,0,0.1925,,9,0,2,0,2.0,0
3.9926,62,0,0.3292,3192.0,13,0,1,0,1.0,0
0.5274,43,0,0.5931,5925.0,4,0,1,0,0.0,0
0.6598,49,0,0.2471,6556.0,5,0,1,0,2.0,0
0.3708,51,0,0.1167,13050.0,8,0,1,0,1.0,0
0.4427,75,0,0.9176,4235.0,5,0,0,0,1.0,0
0.7297,60,0,0.4516,6311.0,12,0,1,0,,0
0.5464,57,0,0.2316,,5,0,1,0,1.0,0
0.1529,70,0,0.3515,1800.0,3,0,0,0,1.0,0
0.3433,43,0,0.2502,,3,0,1,0,1.0,0
0.2481,67,0,0.1787,2409.0,7,0,0,0,1.0,0
0.3978,65,0,0.6797,6064.0,9,0,5,0,0.0,0
0.4339,64,0,0.0998,4192.0,7,0,2,0,0.0,0
0.561,50,0,1.2057,9175.0,9,0,0,0,0.0,0
0.9217,46,0,0.656,11595.0,5,0,0,0,0.0,0
1.2201,40,0,0.1891,7212.0,5,0,0,0,0.0,0
0.5109,41,0,0.6062,,8,0,2,0,0.0,0
7.8057,39,0,0.5299,28787.0,9,0,1,0,0.0,0
0.3494,57,0,0.2814,9417.0,7,0,2,0,0.0,0
0.6846,49,0,0.728,10898.0,12,0,1,0,0.0,0
10.0452,58,0,0.4584,,3,0,0,0,0.0,0
2.2986,59,0,0.6226,,11,0,1,0,1.0,0
0.367,37,0,0.1651,3569.0,6,0,2,0,0.0,0
1.5448,37,0,0.6134,1004.0,4,0,1,0,1.0,0
0.3594,49,0,0.4896,7691.0,4,0,3,0,0.0,0
0.1171,41,0,0.1587,,9,0,0,0,0.0,0
0.4498,40,0,0.3326,8714.0,10,0,0,0,0.0,0
0.0329,76,1,0.6508,9277.0,3,0,0,0,2.0,0
1.0012,31,0,0.7859,6100.0,6,0,0,0,0.0,0
1.0115,80,0,0.1908,3622.0,9,0,0,0,0.0,0
0.0887,56,2,0.2148,5676.0,11,0,2,0,0.0,0
1.9084,66,0,0.8469,5289.0,10,0,0,0,2.0,0
1.089,64,1,0.3366,,10,0,1,0,0.0,0
0.8359,61,0,0.312,5824.0,13,0,0,0,1.0,0
0.4213,75,0,0.5974,4480.0,8,0,2,0,2.0,0
0.5177,37,0,0.1906,3504.0,5,0,1,0,0.0,0
0.2112,50,0,0.462,3114.0,15,0,1,0,2.0,0
0.6802,40,0,0.3206,4685.0,7,0,1,0,0.0,1
0.0638,28,0,0.1291,1419.0,5,0,1,0,0.0,0
0.7203,43,0,0.2821,4943.0,8,0,1,0,1.0,0
0.4873,78,0,0.6881,,12,0,0,0,1.0,0
4.1863,50,0,0.2953,,4,0,1,0,1.0,0
0.0304,80,0,0.441,4363.0,11,0,0,0,1.0,0
0.0379,81,0,0.1239,12109.0,6,0,1,0,1.0,0
0.1244,94,1,0.2937,,7,0,1,0,2.0,0
0.3536,79,0,0.9873,2707.0,6,0,2,0,1.0,0
0.4135,85,0,0.535,7165.0,5,0,0,0,3.0,0
0.0431,57,0,0.3284,7887.0,16,0,0,0,0.0,0
0.2971,55,0,0.7346,,10,0,0,0,3.0,0
0.7561,56,0,0.3717,2685.0,8,0,0,0,0.0,0
0.0897,52,0,0.1501,4378.0,6,0,3,0,0.0,0
0.0172,54,0,0.8137,7333.0,7,0,2,0,0.0,0
0.1941,63,0,0.5301,7394.0,6,0,0,0,2.0,0
0.0515,45,0,0.5135,10404.0,12,0,0,0,1.0,0
1.907,33,0,0.7867,2825.0,6,0,1,0,2.0,1
0.0173,57,0,0.1941,3714.0,8,0,1,0,2.0,0
0.4638,42,0,0.7946,,11,0,4,0,0.0,0
0.5623,44,0,0.3149,7567.0,3,0,1,0,1.0,0
0.271,50,0,0.9549,6502.0,12,0,3,0,2.0,0
0.1972,47,2,0.5793,8141.0,6,0,1,1,1.0,0
2.3592,68,0,0.3373,4595.0,13,0,0,0,0.0,0
0.2975,50,0,0.6481,3801.0,13,0,0,0,1.0,0
0.7935,68,0,0.6401,31652.0,5,0,0,0,1.0,0
0.4328,55,0,0.583,,8,0,2,0,3.0,0
0.5195,51,0,0.1845,4761.0,12,0,0,0,0.0,0
0.0884,54,0,0.2008,2533.0,10,0,1,0,2.0,0
0.5456,34,0,0.6168,4371.0,7,0,0,0,0.0,0
0.0311,57,0,1.0566,7166.0,9,0,0,0,0.0,0
0.8001,64,0,0.3583,10701.0,11,0,0,0,0.0,0
0.5814,66,0,0.8869,13124.0,9,0,2,0,1.0,0
0.7381,33,0,0.5767,1030.0,11,0,2,0,0.0,0
0.0783,31,0,0.4859,9797.0,8,0,1,0,0.0,0
2.4332,44,1,0.8099,14601.0,10,0,1,0,1.0,0
1.7303,71,0,0.8324,,10,0,1,0,0.0,0
0.3619,55,0,0.5601,4378.0,9,0,0,0,0.0,0
7.3859,41,0,0.2484,,5,0,1,0,0.0,0
0.3466,32,0,0.2025,917.0,7,0,1,0,2.0,0
3.6051,42,0,0.6839,6869.0,6,0,1,0,0.0,0
0.7526,41,0,0.5208,5905.0,9,0,3,0,1.0,0
0.2377,65,0,0.2434,10882.0,5,0,0,0,1.0,0
0.5276,66,0,0.6879,7751.0,11,0,0,0,0.0,0
0.9749,37,0,0.4702,16940.0,10,0,1,0,0.0,0
1.3019,63,1,0.0674,,8,0,2,0,1.0,0
0.3147,61,0,0.283,10205.0,8,0,4,0,2.0,0
0.5599,35,0,0.3013,2461.0,7,0,2,0,0.0,0
0.1469,51,0,0.1185,,7,0,1,0,3.0,0
0.1656,57,0,0.7132,5468.0,7,0,0,0,2.0,0
0.7563,54,0,0.8638,6743.0,6,0,0,0,3.0,0
1.8888,28,0,1.1721,8264.0,5,0,0,0,3.0,0
0.2224,54,0,0.8501,7051.0,11,0,0,0,3.0,0
0.0539,61,0,1.1006,13471.0,9,0,0,0,0.0,0
0.0456,74,0,0.3514,2474.0,7,0,0,0,0.0,0
3.011,43,0,0.3288,9463.0,3,0,1,0,1.0,0
0.8942,44,0,0.6136,3052.0,8,0,1,0,0.0,0
0.7321,49,0,0.8931,3141.0,10,0,2,0,2.0,0
0.1274,56,0,0.1361,4073.0,10,0,0,0,1.0,0
0.0044,53,0,0.1612,9795.0,10,0,2,0,0.0,0
0.7625,60,0,1.2177,,8,0,0,0,1.0,0
0.1706,36,0,0.7233,2988.0,11,0,0,0,0.0,0
0.0585,58,0,0.527,,2,0,3,0,,0
1.7315,42,0,0.5038,3737.0,11,0,1,0,0.0,0
0.1469,50,0,0.6744,,11,0,1,0,1.0,0
1.9227,76,0,0.5557,,9,0,1,0,0.0,0
0.0975,32,0,0.8513,6983.0,4,0,1,0,0.0,0
0.1102,48,1,0.3085,,11,2,0,0,0.0,0
0.383,34,0,0.7913,5100.0,9,0,0,0,0.0,0
0.5541,54,0,0.5887,6293.0,7,0,3,0,1.0,0
0.2792,67,0,0.3842,7499.0,7,0,2,0,0.0,0
0.4583,54,0,0.1543,4140.0,11,0,1,0,0.0,0
0.5879,50,0,0.2551,4946.0,10,0,0,0,2.0,0
1.8544,71,0,0.2394,17348.0,12,0,2,0,4.0,0
0.633,57,0,0.3959,7913.0,6,0,2,0,0.0,0
4.1881,63,0,0.4793,5832.0,7,0,1,0,1.0,0
0.2721,62,0,0.3324,8589.0,7,0,0,0,0.0,0
0.029,21,0,0.2993,3629.0,6,0,1,0,0.0,0
0.1825,51,0,0.6657,8858.0,7,0,2,0,1.0,0
0.8681,37,2,0.4983,4791.0,7,0,0,0,2.0,0
0.6561,40,0,0.2416,14909.0,4,0,0,0,1.0,0
0.6906,73,0,0.6377,4270.0,7,0,1,0,1.0,0
0.1876,47,0,0.2188,5106.0,3,0,3,0,2.0,0
0.7533,78,0,1.0694,7684.0,11,0,0,0,1.0,0
0.2066,32,0,0.8134,4892.0,8,0,0,0,1.0,0
1.5185,37,0,0.0629,4806.0,4,0,3,0,0.0,0
0.2373,63,0,0.3665,35717.0,6,0,2,0,1.0,0
0.0054,47,0,0.1205,7559.0,7,0,0,0,0.0,0
0.8746,56,0,0.3603,,13,0,0,0,0.0,0
2.5242,50,0,0.8208,4432.0,9,0,5,0,1.0,0
0.1497,50,0,0.7684,,5,0,0,0,2.0,0
0.1248,48,0,0.2187,4430.0,9,0,1,0,,0
1.4009,55,0,0.5454,3608.0,11,0,3,0,0.0,1
0.0428,61,0,0.7194,4604.0,9,0,2,0,1.0,0
0.2201,75,0,0.2632,3703.0,13,0,2,0,0.0,0
1.5574,49,0,0.4602,5890.0,15,0,2,0,0.0,0
0.0118,46,0,0.3616,7903.0,11,0,0,0,1.0,0
0.4016,45,0,0.9292,9977.0,11,0,2,0,1.0,0
0.41,73,0,0.2109,,9,0,5,0,1.0,0
0.3156,62,0,0.0404,3755.0,11,0,0,0,1.0,0
0.0131,25,1,1.0827,,4,0,0,1,0.0,0
0.2445,25,1,0.5564,7464.0,4,0,2,0,1.0,0
1.0234,40,0,0.2235,,8,0,0,0,0.0,0
0.1009,55,0,0.1092,7409.0,6,0,1,0,1.0,0
0.9009,52,0,0.4849,13161.0,8,0,2,0,0.0,0
0.4791,59,0,0.6159,8751.0,9,0,2,0,3.0,0
0.4071,50,0,0.2748,,10,0,3,0,0.0,0
0.0807,72,0,0.0699,,7,0,0,0,2.0,0
0.1124,63,0,0.5924,3434.0,7,0,1,0,2.0,0
0.2562,53,0,0.3678,4857.0,9,0,0,0,2.0,0
0.0456,68,0,0.4608,12922.0,14,0,0,0,0.0,0
0.9546,29,0,0.629,4137.0,5,0,4,0,0.0,0
0.2368,51,0,0.4907,12377.0,10,0,2,0,2.0,0
0.2583,54,1,0.4817,2453.0,9,0,2,1,0.0,0
0.271,60,0,0.2924,1909.0,9,0,1,0,0.0,0
0.6914,28,0,0.6672,11184.0,7,0,1,0,0.0,0
1.4838,48,0,0.408,4068.0,5,0,1,0,0.0,0
0.2624,58,0,0.6102,3774.0,13,0,1,0,3.0,0
0.81,59,0,0.1979,5849.0,4,0,1,0,0.0,0
0.0039,69,0,0.684,,5,0,1,0,1.0,0
0.6098,63,0,0.1022,15762.0,11,0,1,0,0.0,0
0.2403,51,1,0.2938,,8,0,0,0,1.0,0
0.7076,61,0,0.6198,7629.0,8,0,1,0,1.0,0
1.6572,49,0,1.0524,8386.0,8,0,0,0,0.0,0
0.0745,54,0,0.8546,8780.0,7,0,5,0,0.0,0
0.1941,63,0,0.6994,5351.0,8,0,0,0,4.0,0
1.7002,51,0,0.814,27210.0,6,0,1,0,0.0,0
0.0275,57,0,0.8309,2338.0,6,0,2,0,1.0,0
0.1192,65,0,0.061,10227.0,7,0,2,0,1.0,1
0.4635,62,0,0.4623,2395.0,9,0,1,0,0.0,1
0.3669,69,0,0.8047,8385.0,10,0,1,0,0.0,0
1.0084,85,0,0.3909,11231.0,6,0,0,0,2.0,0
0.3707,62,0,0.3382,11049.0,7,0,0,0,0.0,0
0.1852,46,0,0.5182,1975.0,6,0,0,0,0.0,0
0.3115,59,0,0.2282,,7,0,3,0,4.0,0
0.6101,59,0,0.2193,9835.0,7,0,2,0,0.0,0
0.1349,61,0,0.2331,2011.0,7,0,0,0,3.0,0
0.4553,73,0,0.7376,5328.0,10,0,1,0,0.0,0
0.4504,28,0,0.5632,2302.0,9,0,1,0,2.0,0
0.5634,73,0,0.672,,8,0,1,0,0.0,0
1.7695,78,0,0.5747,,8,0,0,0,0.0,1
0.0897,60,0,0.534,3932.0,10,0,1,0,0.0,0
1.1717,60,0,0.7964,3531.0,6,0,1,0,0.0,0
0.3507,49,0,0.1709,3532.0,9,1,1,0,1.0,0
0.477,52,0,0.4798,11905.0,8,0,1,0,0.0,0
0.5239,62,0,0.1022,2060.0,6,0,0,0,0.0,0
0.2746,61,0,0.0869,8175.0,8,0,1,0,1.0,0
0.2421,62,0,0.2428,5692.0,13,0,2,0,0.0,0
1.2261,61,0,0.2211,3275.0,10,0,0,0,2.0,0
0.1387,65,0,0.4044,10219.0,11,0,0,0,2.0,0
0.1539,63,0,0.367,4776.0,14,0,1,0,0.0,0
0.0526,38,0,0.3627,6381.0,12,0,0,0,0.0,0
1.5761,64,0,0.4569,11982.0,9,0,0,0,1.0,0
0.237,78,0,0.4095,4570.0,3,0,1,0,1.0,0
0.1437,52,0,0.6768,,9,0,1,0,1.0,0
0.4375,73,0,0.3454,13716.0,7,0,0,0,0.0,0
7.2536,39,0,0.2334,,9,0,0,0,0.0,0
0.8686,52,0,0.2726,4966.0,4,0,2,0,0.0,0
1.672,43,0,0.5422,6543.0,8,0,2,0,1.0,0
0.7661,71,0,0.6028,8987.0,3,0,2,0,1.0,0
0.4354,75,0,0.9387,,9,0,3,0,1.0,0
1.6461,51,0,0.2265,5971.0,7,0,1,0,2.0,0
0.7055,68,0,0.5335,9473.0,5,0,3,0,1.0,0
0.0408,75,0,0.0692,5397.0,6,0,0,0,1.0,0
0.3584,52,0,0.8172,4773.0,5,0,3,0,3.0,0
1.1827,54,0,0.1039,5850.0,3,0,2,0,3.0,0
0.1134,62,0,0.3286,,4,0,0,0,1.0,0
0.6492,40,0,0.4837,5762.0,11,0,0,0,3.0,0
0.6156,54,1,0.3503,1712.0,10,0,0,0,1.0,0
0.443,82,0,0.5028,23443.0,9,0,1,0,1.0,0
0.2458,45,0,0.2675,,6,0,0,0,2.0,0
5.1847,64,1,0.1076,8224.0,5,0,1,0,0.0,0
0.7621,59,0,0.4303,,12,0,1,0,0.0,0
1.9884,50,0,0.2415,6802.0,10,0,0,0,0.0,0
0.2149,55,0,0.5091,3958.0,5,0,0,0,1.0,0
0.3756,77,0,0.6357,,9,0,1,0,1.0,0
4.6311,60,0,0.2772,,12,0,1,0,0.0,0
0.4719,62,0,0.5192,5045.0,6,0,0,0,0.0,0
0.0259,74,0,0.5157,2998.0,5,0,1,0,2.0,0
0.4568,48,0,0.1036,3484.0,9,0,4,0,1.0,0
0.2922,37,0,0.265,2365.0,14,0,0,0,1.0,0
0.5141,77,0,0.2704,7515.0,5,0,1,0,1.0,1
0.373,54,0,0.7148,16375.0,8,0,1,0,1.0,0
0.2661,65,0,0.3162,,12,0,0,0,0.0,0
0.0311,41,0,0.1821,1953.0,13,0,0,0,1.0,0
0.0851,57,0,0.1963,7009.0,5,0,1,0,2.0,0
0.6764,37,3,0.4842,5981.0,7,0,1,0,0.0,0
0.7663,53,0,0.361,10333.0,14,0,1,0,0.0,0
0.3563,43,0,0.1421,5698.0,8,0,1,0,0.0,0
0.455,40,0,0.0213,1779.0,11,0,1,0,3.0,0
2.3901,48,1,0.1498,3792.0,6,0,0,0,1.0,0
0.0174,21,0,0.1423,12420.0,7,0,1,0,0.0,0
0.6347,36,0,0.0491,3964.0,4,0,2,0,1.0,0
2.1672,63,0,0.4291,6736.0,8,0,1,0,0.0,0
0.5172,57,0,0.4268,3234.0,8,0,0,0,2.0,0
0.4858,37,0,0.2729,6024.0,12,0,0,0,1.0,0
0.077,60,0,0.3765,,10,0,2,0,0.0,0
0.3292,40,0,0.0539,,7,0,1,0,0.0,0
0.3021,62,0,0.2102,15937.0,7,0,2,0,1.0,0
0.3868,50,0,0.5327,3265.0,11,0,0,0,0.0,0
0.2125,47,0,0.3728,2784.0,5,0,0,0,0.0,0
0.012,51,0,0.3713,7130.0,9,0,1,0,0.0,0
0.309,88,0,0.7564,8381.0,5,0,1,0,1.0,0
0.4579,41,0,0.4276,4537.0,5,0,0,0,2.0,0
9.0826,55,0,0.4661,7083.0,6,0,0,0,0.0,0
0.0668,63,0,0.5904,,6,0,1,0,2.0,0
0.5283,39,0,0.1335,8931.0,15,0,2,0,0.0,0
0.4051,30,0,0.5857,5178.0,11,0,1,0,2.0,0
0.4216,44,0,0.8612,3786.0,12,0,1,0,,0
0.5892,63,0,0.2576,7583.0,8,0,0,0,2.0,0
0.8943,47,0,0.1582,8792.0,7,0,0,0,1.0,0
0.5254,49,0,0.3622,1322.0,9,0,0,0,1.0,0
0.3892,65,0,0.3467,,6,0,0,0,0.0,0
0.5419,41,0,0.4394,1893.0,2,0,1,0,0.0,0
0.269,51,0,0.5979,4086.0,10,0,1,0,2.0,0
0.0754,31,0,0.2759,7460.0,4,0,0,0,2.0,1
0.9444,56,0,0.7413,9523.0,5,0,0,0,0.0,0
0.548,55,0,0.4735,4370.0,8,0,1,0,0.0,0
0.1429,63,0,0.1471,8044.0,9,0,0,0,1.0,0
0.5028,36,0,0.5027,4018.0,11,0,0,0,1.0,1
0.4877,49,0,0.2824,3387.0,7,0,0,0,0.0,0
0.1935,34,0,0.4012,11084.0,4,0,1,0,3.0,0
0.0374,49,0,0.2042,3548.0,9,0,0,0,2.0,0
1.953,73,0,0.7871,12356.0,9,0,0,0,1.0,0
1.952,48,0,0.6385,9340.0,6,0,2,0,0.0,0
0.8856,33,3,0.2345,,9,1,0,1,0.0,0
0.7242,42,0,0.1714,11018.0,8,0,0,0,0.0,0
0.5029,29,0,0.5512,3918.0,4,0,3,0,0.0,0
0.0611,34,0,0.1605,3470.0,4,0,2,0,0.0,0
0.0138,61,0,0.5874,6244.0,7,0,1,0,0.0,0
0.191,32,0,0.1434,24489.0,4,0,0,0,0.0,0
0.2668,56,0,0.372,2674.0,7,0,0,0,2.0,0
0.75,52,0,0.1447,11892.0,7,0,1,0,1.0,0
0.1502,45,0,0.289,8376.0,9,0,0,0,0.0,0
1.8915,55,0,0.4844,3947.0,8,0,2,0,2.0,0
0.4252,39,0,1.0436,,6,0,0,0,2.0,0
3.0828,64,0,0.3139,31496.0,11,0,0,0,0.0,0
0.237,42,0,0.7554,3989.0,7,0,1,0,0.0,0
0.1125,47,0,0.2808,8335.0,6,0,1,0,0.0,0
0.6816,45,0,0.5008,8593.0,7,0,0,0,0.0,0
0.6111,62,0,0.5549,3858.0,10,0,1,0,1.0,0
0.2799,60,0,0.0651,,12,0,2,0,2.0,0
3.121,21,0,1.012,,12,0,0,0,0.0,1
0.5256,56,0,0.6911,,5,0,2,0,1.0,0
0.1369,28,0,0.0826,14206.0,8,0,1,0,1.0,0
0.455,47,0,0.0947,2928.0,10,0,0,0,0.0,0
0.0249,50,0,0.6794,,11,0,0,0,0.0,0
0.3108,47,0,0.1999,6198.0,10,0,0,0,0.0,0
0.3166,59,0,0.3936,6155.0,9,0,0,0,1.0,0
0.1334,62,0,0.3648,10037.0,8,0,0,0,2.0,0
0.9934,41,2,0.1907,5116.0,6,0,2,0,0.0,0
0.4688,41,0,0.4471,,11,0,1,0,2.0,0
1.4432,51,0,0.2662,6218.0,7,0,3,0,0.0,0
0.0559,30,0,0.9496,2900.0,9,0,2,0,0.0,0
0.781,45,0,0.4074,2605.0,5,0,0,0,1.0,0
0.5117,71,0,0.5317,,8,0,0,0,1.0,0
0.1331,31,0,0.3174,5718.0,7,0,1,0,0.0,0
0.4536,47,0,0.5441,13967.0,6,0,2,0,0.0,0
0.5891,44,0,0.491,4719.0,10,0,0,0,0.0,0
0.8851,80,0,0.0767,2288.0,10,0,1,0,3.0,0
0.302,44,0,0.9274,10207.0,10,0,1,0,1.0,0
0.6071,45,0,0.9157,,11,0,0,0,1.0,0
3.2145,38,2,0.2828,11489.0,6,0,1,0,0.0,0
3.2273,52,0,0.341,9029.0,13,0,1,0,1.0,0
0.5424,56,3,0.3014,7305.0,10,0,0,0,1.0,0
0.701,40,0,0.5705,6600.0,13,0,2,0,0.0,0
0.154,66,0,0.3119,4179.0,12,0,1,0,3.0,0
0.5808,56,0,0.0458,11766.0,4,0,0,0,0.0,0
0.5362,64,0,1.0854,1825.0,14,0,0,0,1.0,1
0.1725,47,0,0.5703,2285.0,9,0,1,0,0.0,0
1.0514,55,0,0.4674,8244.0,6,0,1,0,,0
0.0648,49,1,0.2273,2853.0,8,0,1,0,0.0,0
0.6923,72,0,0.5707,,6,0,0,0,1.0,0
0.8836,54,0,0.5253,6842.0,12,0,0,0,0.0,0
0.2715,52,0,0.6449,9305.0,5,0,1,0,0.0,0
0.8451,46,0,0.0754,14521.0,9,0,4,0,0.0,0
0.0983,45,0,1.5417,9450.0,6,0,0,0,3.0,0
2.5635,55,0,0.5778,10740.0,13,0,1,0,0.0,0
0.0113,63,0,0.2693,6927.0,12,0,0,0,1.0,0
1.9337,42,0,0.1527,1592.0,6,0,3,0,0.0,0
0.5382,54,0,0.1282,2124.0,12,0,1,0,0.0,0
0.7005,55,0,0.7352,,5,0,2,0,0.0,0
0.2468,57,2,0.1434,,6,0,0,0,,0
0.7777,28,0,0.3246,26952.0,5,0,1,0,0.0,0
0.1659,39,0,0.5372,7827.0,10,0,0,0,1.0,0
1.8436,33,0,0.2507,,2,0,3,0,0.0,0
0.3315,52,0,0.83,,8,0,0,0,0.0,0
0.289,39,0,0.5752,8169.0,5,0,1,0,0.0,0
0.1128,45,0,0.2959,3999.0,4,0,0,0,0.0,0
0.1023,35,0,0.5225,2862.0,10,0,1,0,,0
0.1882,46,0,0.3768,8408.0,9,0,0,0,1.0,0
0.3377,36,0,0.5678,9180.0,8,0,0,0,0.0,0
0.2611,63,0,0.5392,12495.0,9,0,2,0,0.0,0
0.8749,59,0,0.2449,2917.0,9,0,1,0,0.0,0
1.211,54,0,0.1316,2553.0,8,0,0,0,0.0,0
0.1129,48,0,0.5235,2675.0,6,0,0,0,0.0,0
1.0338,23,0,0.5305,2300.0,6,0,0,1,,1
0.1999,46,0,0.9723,,6,0,2,0,3.0,0
0.2761,41,0,0.4395,,8,0,1,0,3.0,0
0.0143,55,0,0.4818,7598.0,9,0,1,0,1.0,0
0.4337,61,0,0.2391,,7,0,0,0,0.0,0
0.0899,57,1,0.0704,,9,0,0,0,0.0,0
0.3933,70,0,0.4172,10239.0,12,0,1,0,0.0,0
0.4217,44,0,0.7659,6489.0,10,0,2,0,1.0,0
0.5697,43,0,0.4434,13166.0,10,0,2,0,0.0,0
0.4221,67,0,0.3717,,11,0,1,0,0.0,0
7.0801,54,0,0.1152,3696.0,10,0,1,0,1.0,0
1.5003,49,0,0.4639,2494.0,9,0,1,0,0.0,1
1.6719,78,0,0.6843,5220.0,7,0,1,0,1.0,0
0.2716,60,0,0.3302,3288.0,9,0,1,0,1.0,0
0.1793,49,3,0.4144,16905.0,8,0,1,0,1.0,0
0.3314,42,0,0.2414,12491.0,1,0,0,0,0.0,0
0.3878,71,0,0.7559,1408.0,8,0,2,0,2.0,0
0.2339,55,0,0.8448,3614.0,8,0,0,0,0.0,0
0.4728,52,0,0.476,8369.0,15,0,3,0,0.0,0
0.3308,61,0,0.4996,8272.0,10,0,0,0,0.0,0
0.236,64,0,0.665,3919.0,10,0,1,0,2.0,0
0.4605,60,0,0.4522,6661.0,6,0,0,0,2.0,0
0.0408,64,0,0.5271,5775.0,10,0,0,0,0.0,0
0.2614,58,0,0.3519,3487.0,6,0,0,0,2.0,0
1.5049,60,0,0.3463,9026.0,7,0,2,0,0.0,0
0.7932,42,0,0.338,8593.0,4,0,1,0,0.0,0
0.8515,77,0,0.4645,,10,0,3,0,2.0,0
0.733,35,0,0.4714,6117.0,7,0,1,0,1.0,0
0.6741,56,0,0.0777,,9,0,2,0,2.0,0
0.1697,33,0,0.3863,25171.0,10,0,1,0,1.0,0
0.1155,51,0,0.1731,3485.0,13,0,0,0,1.0,0
0.334,44,0,0.8034,4146.0,4,0,1,0,2.0,0
0.091,54,0,0.3345,9011.0,16,3,2,1,1.0,0
0.4721,57,0,0.6373,4359.0,6,0,0,0,,0
0.5172,39,0,0.1438,2170.0,6,0,0,0,1.0,0
0.6985,52,0,0.2257,,6,0,0,0,0.0,0
0.4427,72,0,0.4535,5926.0,11,0,2,0,0.0,0
0.1637,34,0,1.0253,4502.0,7,0,1,0,0.0,0
1.9317,40,1,0.9561,19509.0,6,0,1,1,0.0,0
1.5884,64,0,0.2177,18594.0,10,0,0,0,0.0,0
0.8924,53,0,0.1691,14386.0,11,0,0,0,,0
0.2597,54,0,0.4757,,4,0,1,0,0.0,0
0.6073,66,0,0.2124,7563.0,5,0,0,0,2.0,0
0.0711,41,0,0.556,14912.0,11,0,0,0,1.0,0
1.4142,45,0,0.7128,,7,0,2,0,0.0,0
0.2531,43,0,0.254,1965.0,11,0,3,0,0.0,0
3.4832,47,0,0.2941,4756.0,3,0,2,0,2.0,0
1.1674,71,0,0.4051,2673.0,9,0,1,0,0.0,0
0.6317,28,0,0.4473,4875.0,6,0,3,0,2.0,0
0.3048,35,0,0.3452,,10,0,1,0,0.0,0
0.0672,33,0,0.8217,2237.0,7,0,2,0,0.0,0
1.42,72,0,0.7199,,9,0,2,0,0.0,0
1.2065,43,0,0.2601,6590.0,10,0,0,0,0.0,0
0.1788,47,0,0.4715,5583.0,4,0,0,0,0.0,0
1.0099,29,0,0.152,22538.0,4,0,2,0,2.0,1
0.4207,48,0,0.2885,2657.0,12,0,1,0,0.0,0
3.818,64,0,0.7225,8431.0,11,0,1,0,1.0,0
2.875,56,2,0.435,2912.0,12,0,3,1,3.0,0
0.0573,50,0,1.2866,3254.0,10,0,2,0,1.0,0
0.455,30,0,0.2243,,2,0,1,0,2.0,0
0.8143,47,2,1.0269,5480.0,12,0,1,0,1.0,0
0.1848,54,0,0.9095,7499.0,6,0,3,0,1.0,0
0.207,38,0,0.1862,8986.0,6,0,1,0,1.0,0
2.8062,61,1,0.7833,11397.0,11,0,2,0,1.0,0
0.2025,64,0,0.4787,5451.0,9,0,2,0,1.0,0
0.4228,45,0,0.3203,4260.0,6,0,1,0,0.0,0
0.4037,62,0,0.5194,27634.0,3,0,2,0,3.0,0
0.6164,50,2,0.1941,8481.0,9,0,1,0,0.0,0
0.4532,68,0,0.3615,,11,0,4,0,0.0,0
0.26,80,0,0.7727,3787.0,4,0,1,0,1.0,0
0.1893,37,0,0.8561,,5,0,0,0,1.0,0
0.8994,63,0,0.4166,16028.0,7,0,2,0,1.0,0
0.4026,70,0,0.6609,5997.0,10,0,1,0,1.0,0
0.2772,38,0,0.7746,5501.0,9,0,2,0,1.0,0
0.309,44,0,0.5854,5906.0,8,0,1,0,2.0,0
0.4368,44,0,0.2069,1971.0,8,0,1,0,0.0,0
0.327,50,0,0.3645,,9,0,2,0,0.0,0
0.2087,47,0,0.2465,2084.0,8,0,2,0,1.0,0
0.1648,49,0,0.8133,6029.0,15,0,1,0,1.0,0
0.8777,64,0,0.179,11011.0,9,0,0,0,2.0,0
0.2966,25,0,0.4588,1452.0,5,0,1,0,1.0,0
0.1523,38,0,0.6034,4480.0,7,0,2,0,0.0,0
0.6582,61,0,0.4235,5370.0,9,0,2,0,,0
0.6619,60,0,0.1769,4266.0,11,0,0,0,2.0,0
0.0453,37,0,0.1262,2396.0,7,0,1,0,,0
0.887,60,0,0.464,4153.0,4,0,3,0,3.0,0
0.6138,71,0,0.2708,10954.0,9,0,2,0,1.0,0
0.8403,51,1,0.8436,2672.0,9,0,2,0,1.0,0
0.1274,38,0,1.1627,,8,0,1,0,1.0,0
0.0948,64,0,1.0743,13359.0,11,0,1,0,2.0,0
0.1604,76,0,0.4634,2560.0,8,0,2,0,0.0,0
11.0392,40,0,0.6436,3010.0,7,0,1,0,1.0,0
0.6836,53,0,0.0574,15590.0,11,0,2,0,2.0,0
0.4579,67,0,0.1376,1900.0,8,0,3,0,0.0,0
0.4126,54,0,0.4318,4541.0,10,0,0,0,2.0,0
0.7905,28,0,0.8971,6460.0,7,0,1,0,3.0,0
0.0373,58,0,0.6385,13090.0,10,0,1,0,1.0,0
2.9863,38,0,0.6195,6615.0,7,0,0,0,1.0,0
0.4346,34,0,0.3502,4602.0,12,0,1,0,0.0,0
0.0793,28,1,0.6451,5267.0,8,0,0,0,1.0,0
2.8461,69,0,0.379,8302.0,6,0,3,0,1.0,0
0.067,40,0,0.7306,5750.0,3,0,2,0,0.0,0
0.5597,57,0,0.1867,,6,0,1,0,0.0,0
0.2959,60,0,0.171,10961.0,5,0,3,0,0.0,0
0.2715,54,0,0.1196,3436.0,6,0,1,0,4.0,0
0.5075,56,5,0.7165,7843.0,10,2,0,0,0.0,0
0.3991,57,0,0.3951,5942.0,8,0,2,0,1.0,0
0.1621,54,0,0.5977,2878.0,3,0,0,0,0.0,0
0.0488,41,0,0.3933,1842.0,12,0,1,0,0.0,0
0.0769,40,0,0.2393,2579.0,10,0,0,0,0.0,0
0.5128,51,0,0.3165,8052.0,11,0,1,0,1.0,1
0.0447,50,0,0.5472,4560.0,7,0,2,0,0.0,0
0.5589,58,0,0.1575,7496.0,8,0,1,0,0.0,0
0.6637,67,0,0.3956,,10,0,0,0,3.0,0
1.2115,57,0,0.4718,6738.0,7,0,3,0,1.0,0
0.7282,41,0,1.0183,2626.0,5,0,1,0,0.0,0
0.3619,21,0,0.7777,2277.0,6,0,1,0,1.0,0
0.6007,41,5,0.7008,4785.0,8,0,0,1,2.0,0
0.0909,33,0,0.2205,15296.0,11,0,0,0,1.0,0
0.5981,42,1,0.783,1996.0,6,0,2,0,1.0,0
0.7402,55,0,0.6699,,10,0,2,0,1.0,1
0.6607,53,0,0.4051,,5,0,1,0,1.0,0
3.2167,78,1,0.5773,3162.0,13,2,1,0,1.0,0
0.3089,59,0,0.7224,,12,0,0,0,0.0,0
0.1402,79,0,0.3397,,6,0,1,0,2.0,0
0.3895,62,0,0.611,7042.0,6,0,0,0,1.0,0
0.3726,67,0,0.1211,11322.0,7,0,1,0,0.0,0
1.0211,47,0,0.607,,3,0,0,0,0.0,0
2.7731,37,0,0.2684,8997.0,7,0,0,0,0.0,0
0.0459,46,0,0.7899,4012.0,5,0,2,0,,0
1.2338,52,1,1.1201,,7,0,2,3,1.0,0
0.0809,43,1,0.1901,8573.0,8,0,1,1,0.0,0
1.7949,38,0,0.7183,3380.0,4,0,0,0,0.0,0
0.5287,58,0,0.496,13973.0,6,0,2,0,0.0,0
0.3144,38,0,0.268,2145.0,8,0,0,0,0.0,0
0.3649,31,0,0.2222,4229.0,8,0,1,0,0.0,0
1.0166,36,4,0.195,7717.0,10,0,2,0,0.0,0
0.5014,49,0,0.097,2675.0,8,0,1,0,1.0,1
0.3449,38,0,0.4881,1538.0,9,0,2,0,0.0,0
0.2594,49,0,0.4311,21875.0,7,0,1,0,1.0,0
0.9379,60,0,0.631,4883.0,10,0,0,0,0.0,0
0.7745,60,1,0.8,9344.0,8,1,2,0,0.0,0
0.2871,43,0,0.7683,3805.0,9,0,0,0,0.0,0
0.0321,34,0,0.0766,3595.0,8,0,0,0,,0
0.4606,44,0,0.2204,14740.0,4,0,1,0,0.0,0
0.7681,61,0,0.5387,1830.0,10,0,1,0,,0
0.2751,64,0,1.0712,5489.0,14,0,1,0,2.0,0
0.0201,57,0,0.0896,,7,0,0,0,0.0,0
1.7411,69,0,0.5349,2448.0,13,0,0,0,2.0,0
0.5868,76,0,0.7136,4325.0,11,0,0,0,,0
0.2734,45,0,0.1965,,6,0,3,0,3.0,0
0.2775,73,0,0.0215,6732.0,9,0,1,0,0.0,0
0.2589,48,0,0.1584,6596.0,6,0,5,0,2.0,1
0.0985,66,0,0.7885,,7,0,2,0,1.0,0
0.1158,62,1,0.3071,,12,0,1,0,0.0,0
0.3314,24,0,0.529,4541.0,6,0,0,0,1.0,0
0.3097,38,0,0.5567,4096.0,6,0,0,0,1.0,0
0.6822,35,0,0.7551,,10,0,1,0,0.0,0
0.2755,27,0,0.3498,2868.0,9,0,0,0,1.0,0
0.1121,64,0,0.4975,,3,0,0,0,0.0,0
0.0474,81,0,0.2506,6037.0,7,0,0,0,0.0,0
0.3993,48,0,0.2537,3909.0,13,0,0,0,0.0,0
1.0314,64,0,0.6898,,9,0,2,0,0.0,0
0.2497,73,0,0.1908,5745.0,9,0,2,0,0.0,0
1.191,55,0,0.6245,3736.0,8,0,0,0,,0
0.1378,52,0,0.2303,4252.0,4,0,1,0,0.0,0
4.0542,49,0,0.5241,2326.0,6,0,1,0,1.0,0
0.6354,60,0,0.1675,,7,0,0,0,1.0,1
0.5165,64,0,0.616,1830.0,5,0,0,0,1.0,0
0.0624,58,0,1.1276,,9,0,2,0,2.0,0
0.6128,58,0,0.1577,4168.0,12,0,2,0,0.0,0
0.2743,51,0,0.6128,3601.0,7,0,0,0,0.0,0
15.9031,30,0,0.5884,8176.0,8,0,1,0,,0
0.0813,65,0,0.0738,,8,0,1,0,0.0,0
0.2315,34,0,0.6332,6867.0,7,0,1,0,1.0,0
0.437,61,0,0.67,3384.0,7,0,2,0,,1
0.5848,63,0,0.3709,6197.0,5,0,0,0,2.0,0
1.0468,36,0,1.0879,,8,0,1,0,1.0,1
1.7648,43,0,0.4583,4279.0,7,0,1,0,2.0,0
0.7154,82,0,0.3759,6695.0,11,0,0,0,0.0,0
1.0059,51,0,0.1932,10879.0,14,0,0,0,0.0,0
0.946,35,0,0.6038,3421.0,7,0,0,0,1.0,0
0.663,63,0,0.0976,10017.0,5,0,1,0,1.0,0
0.5211,41,0,0.3313,,13,0,0,0,,1
5.9489,25,0,0.4965,9687.0,12,0,0,0,1.0,0
0.6794,59,0,0.2218,4455.0,10,0,1,0,1.0,0
0.5132,39,0,0.5862,20231.0,10,0,1,0,1.0,0
0.3353,56,1,0.1427,,5,0,1,1,2.0,0
0.4143,41,0,0.7116,,4,0,1,0,1.0,0
1.908,62,0,0.9678,2627.0,6,0,0,0,0.0,0
0.3254,55,0,0.3635,,11,0,1,0,,0
4.7138,21,0,0.3661,2523.0,7,0,0,0,0.0,0
0.9865,57,0,0.9598,5432.0,7,0,1,0,0.0,0
0.2707,48,0,0.4884,11087.0,8,0,1,0,1.0,0
0.1902,72,0,0.1778,6592.0,11,0,0,0,0.0,0
0.2164,58,0,0.5311,,10,0,2,0,1.0,0
0.3941,63,0,0.0759,6108.0,4,0,0,0,0.0,0
0.4219,42,0,0.1188,,9,0,1,0,0.0,0
0.3681,41,0,0.8538,5796.0,6,0,1,0,1.0,0
0.857,52,0,0.5921,6287.0,4,0,0,0,0.0,0
0.5761,47,0,0.2053,,9,0,2,0,1.0,0
0.1203,71,0,0.7335,3186.0,2,0,0,0,0.0,0
0.5215,50,0,0.4446,,11,0,2,0,1.0,0
1.2192,35,0,0.016,19897.0,4,0,0,0,1.0,0
0.1178,40,0,0.2053,5581.0,10,0,0,0,1.0,0
0.0349,66,0,0.4202,,9,0,2,0,0.0,0
0.2269,50,0,0.6999,3597.0,5,0,0,0,0.0,0
0.6315,49,0,0.0542,,8,0,1,0,,0
0.1306,67,2,0.8583,6749.0,4,2,0,0,3.0,0
1.954,39,0,0.7464,9438.0,5,2,0,0,3.0,0
0.6708,21,0,0.2822,6511.0,5,0,0,0,0.0,0
0.5558,40,0,0.6672,26030.0,6,0,1,0,2.0,0
0.191,55,0,0.3088,4665.0,12,0,4,0,0.0,0
0.4878,49,0,1.0782,,6,0,2,0,0.0,0
0.4678,30,0,0.3191,2425.0,7,0,0,0,1.0,0
0.2696,66,0,0.3982,,10,0,3,0,1.0,0
0.1396,54,0,0.3888,2221.0,7,0,1,0,0.0,0
0.2326,57,0,1.0426,5006.0,8,0,1,0,0.0,0
0.0171,58,2,1.051,5358.0,8,0,1,0,0.0,0
0.5871,34,2,0.6656,9503.0,4,0,2,0,0.0,0
1.1125,56,0,0.6278,,7,0,2,0,0.0,0
0.0131,65,0,0.7323,,17,0,2,0,2.0,0
0.4804,68,0,0.6703,20610.0,7,0,0,0,1.0,0
0.4794,62,0,0.5395,3640.0,5,0,0,0,0.0,0
0.8122,59,0,0.4061,2319.0,11,0,2,0,0.0,0
0.266,28,0,0.6151,2936.0,13,0,0,0,0.0,0
0.1579,52,0,1.1579,,15,0,2,0,1.0,0
0.0925,39,0,0.345,5038.0,5,0,1,0,0.0,0
1.1628,70,0,0.4898,4070.0,5,0,0,0,0.0,1
3.8687,68,0,0.5086,6709.0,5,0,0,0,0.0,0
0.0838,39,0,0.8001,2064.0,8,0,1,0,0.0,0
0.8304,51,0,0.8734,,9,0,0,0,2.0,0
0.3011,55,0,0.8165,3460.0,6,0,1,0,0.0,0
0.2968,65,0,0.5268,,13,0,1,0,0.0,0
0.0768,29,0,0.9945,11076.0,6,0,1,0,0.0,0
0.7458,21,0,0.3238,5651.0,6,0,0,0,0.0,0
0.2416,53,0,0.3671,7559.0,8,0,0,0,2.0,0
0.4421,21,0,0.6474,3387.0,6,0,1,0,0.0,0
0.2151,54,0,0.5945,2422.0,6,0,1,0,0.0,0
0.3701,60,0,0.1511,5979.0,11,0,1,0,0.0,0
0.3357,69,0,0.0666,4909.0,10,0,1,0,0.0,0
0.3121,43,0,0.8978,,9,0,0,0,1.0,0
0.1354,54,0,0.5209,3456.0,13,0,1,0,0.0,0
0.0335,61,0,0.1798,6396.0,10,0,0,0,0.0,0
0.5454,36,0,0.4892,7823.0,9,0,0,0,0.0,0
0.0398,65,0,0.2417,5103.0,6,0,1,0,0.0,0
4.7292,56,0,0.9943,4110.0,5,0,1,0,0.0,0
2.3115,44,0,0.6093,2161.0,4,0,2,0,1.0,0
0.2914,54,0,0.9343,3769.0,3,0,2,0,0.0,0
2.0684,50,0,0.7199,9647.0,10,0,1,0,1.0,0
0.5663,63,0,0.3573,3605.0,13,0,2,0,0.0,0
0.5963,47,0,0.393,4752.0,7,0,1,0,0.0,0
0.224,55,0,0.1034,4603.0,7,0,1,0,1.0,0
0.3361,43,0,0.7504,13721.0,8,0,1,0,0.0,0
0.2534,39,0,0.3316,4791.0,6,0,0,0,2.0,0
0.0591,54,0,0.8598,,9,0,2,0,1.0,0
0.1816,39,0,0.6353,4733.0,9,0,0,0,0.0,0
0.3798,63,0,0.1507,7932.0,7,0,3,0,3.0,0
0.185,60,0,0.1878,12718.0,5,0,1,0,1.0,0
0.4602,41,0,0.4542,7143.0,7,0,0,0,1.0,1
0.9693,55,0,0.2273,3330.0,3,0,1,0,1.0,0
0.3839,41,0,0.2594,,11,0,2,0,0.0,0
0.6758,30,0,0.9155,23521.0,11,0,0,0,0.0,0
0.1088,44,0,0.5858,8473.0,5,0,1,0,0.0,0
0.2097,51,0,0.3248,2556.0,9,0,0,0,2.0,0
0.2208,59,0,0.4067,,7,0,1,0,0.0,0
4.7933,54,0,0.3635,7484.0,2,0,3,0,1.0,0
0.2982,65,0,0.0191,7099.0,7,0,2,0,0.0,0
0.1992,38,0,0.1085,,13,0,3,0,2.0,0
0.297,47,0,0.6343,,9,0,1,0,0.0,0
0.1701,75,0,0.6106,11964.0,8,0,2,0,1.0,0
0.1312,25,0,0.5725,,5,0,0,0,0.0,1
4.9879,46,0,0.57,8364.0,8,0,0,0,0.0,0
0.05,37,0,0.2416,1417.0,6,0,0,0,1.0,0
0.1388,49,0,0.5764,,9,0,2,0,1.0,0
0.5681,46,0,0.3038,6677.0,4,0,1,0,0.0,0
4.4704,60,0,0.2512,2388.0,3,0,0,0,0.0,0
0.3627,56,0,0.7836,6299.0,13,0,1,0,0.0,0
0.3542,34,0,0.5193,7875.0,6,0,0,0,0.0,0
0.6397,44,0,0.4576,6557.0,10,0,2,0,0.0,0
0.8488,52,0,0.144,9926.0,8,0,0,0,0.0,1
0.3703,62,0,0.3452,5400.0,8,0,1,0,0.0,0
0.31,86,0,0.6287,,5,0,0,0,0.0,0
0.6484,62,0,0.2925,9124.0,10,0,3,0,0.0,0
0.6623,38,0,0.4321,14726.0,5,0,2,0,1.0,0
0.1632,51,0,0.5762,2031.0,5,0,2,0,0.0,0
0.2477,55,0,0.4955,1396.0,7,0,2,0,1.0,0
5.3958,45,0,0.2943,19840.0,5,0,5,0,1.0,0
2.1726,59,0,0.1477,1918.0,10,0,1,0,,0
0.1944,21,0,0.3508,3847.0,7,0,4,0,0.0,0
0.3688,60,0,0.3626,4326.0,10,0,1,0,3.0,0
0.4854,45,0,0.3603,8995.0,3,0,0,0,0.0,0
0.7613,50,0,0.2215,4012.0,7,0,1,0,2.0,0
0.9518,73,0,0.1325,,5,0,0,0,0.0,0
0.9958,34,0,0.2558,5528.0,9,0,0,0,1.0,0
2.2036,56,0,0.4778,4761.0,10,0,1,0,0.0,0
0.7878,63,0,0.1997,5813.0,9,0,1,0,1.0,0
0.2691,54,0,0.2353,8248.0,3,0,0,0,1.0,0
0.8254,29,0,0.748,3995.0,6,0,2,0,1.0,1
0.4018,71,0,0.1175,5014.0,8,0,1,0,0.0,0
0.5702,49,0,0.7204,6598.0,11,0,0,0,0.0,0
0.9534,45,0,0.8706,6012.0,10,0,0,0,1.0,0
0.7039,48,0,0.6061,8805.0,6,0,0,0,2.0,0
5.6214,47,0,0.1557,4708.0,11,0,1,0,3.0,0
0.2842,35,0,0.9172,,8,0,0,0,1.0,0
0.5016,54,0,0.3636,2140.0,8,0,0,0,1.0,0
0.1164,44,0,0.8647,4009.0,6,0,2,0,1.0,0
0.4399,61,0,0.2174,8896.0,8,0,1,0,2.0,0
1.0816,59,0,0.6974,,3,0,0,0,1.0,0
2.6176,75,0,0.5934,10111.0,12,0,0,0,0.0,0
0.1244,49,0,0.7302,5672.0,13,0,0,0,2.0,0
0.4835,41,0,0.6225,3449.0,6,0,0,0,0.0,0
0.5159,31,0,0.8096,,13,0,1,0,1.0,0
0.3803,83,0,0.9585,,5,0,0,0,1.0,0
0.7793,61,0,0.3939,6494.0,8,0,0,0,1.0,0
0.1431,42,0,0.414,10729.0,7,0,0,0,0.0,0
0.0897,76,0,0.4499,5119.0,7,0,0,0,0.0,0
0.2642,71,0,0.2139,5384.0,12,0,0,0,0.0,0
0.6235,33,0,0.4861,6396.0,13,0,1,0,,0
0.7702,41,0,0.6576,2578.0,5,0,1,0,1.0,0
0.2835,50,0,0.3407,7768.0,13,0,0,0,0.0,0
0.0812,37,0,0.6559,3721.0,10,0,1,0,0.0,0
3.3593,51,1,0.0765,6506.0,8,0,0,2,1.0,0
0.0236,62,0,0.5525,,6,0,2,0,0.0,0
0.2456,33,0,0.2565,,11,0,0,0,0.0,0
0.1005,56,1,0.8574,4516.0,14,1,2,0,0.0,0
0.0416,68,0,0.2866,3945.0,10,0,0,0,0.0,0
0.1714,58,3,0.2411,4034.0,5,0,0,0,1.0,0
0.4015,51,0,0.1835,2713.0,5,0,2,0,0.0,0
0.9619,43,0,0.686,,10,0,0,0,0.0,0
0.9899,64,0,0.341,4518.0,7,0,0,0,,0
0.1559,36,0,0.8539,5407.0,12,0,1,0,0.0,0
0.4259,55,0,0.0979,5583.0,6,0,1,0,0.0,1
0.2593,52,0,0.7733,,9,0,0,0,3.0,0
0.75,68,0,0.3032,3219.0,12,0,0,0,2.0,0
0.3334,44,0,0.2774,13080.0,7,0,0,0,0.0,0
0.0884,45,0,0.331,1661.0,10,0,4,0,1.0,0
0.5751,35,0,0.1302,,9,0,1,0,3.0,0
0.3489,58,0,0.3364,16732.0,6,0,1,0,1.0,0
0.5933,46,0,0.2788,7533.0,3,0,0,0,2.0,0
0.4972,40,0,0.0408,11561.0,3,0,0,0,0.0,0
0.3738,41,0,0.5878,4336.0,7,0,2,0,0.0,0
0.456,60,2,0.1862,,8,0,0,0,2.0,0
0.177,37,0,0.3563,6248.0,8,0,1,0,0.0,0
0.7601,38,0,0.2313,2493.0,3,0,4,0,1.0,0
0.3875,65,0,0.646,,11,0,2,0,1.0,0
0.0945,50,0,0.827,,9,0,4,0,0.0,0
0.5601,65,0,0.443,9822.0,11,0,2,0,1.0,0
0.1998,47,0,0.4289,3322.0,6,0,0,0,2.0,0
0.1473,52,0,0.7789,6545.0,10,0,0,0,1.0,0
0.1076,54,0,0.6995,5374.0,4,0,1,0,0.0,0
0.2764,71,0,0.1569,1007.0,9,0,1,1,1.0,0
0.2488,70,0,0.2182,6039.0,6,0,1,0,0.0,0
0.2747,68,0,0.4187,4296.0,7,0,0,0,,0
0.072,43,0,0.7414,11011.0,9,0,2,0,0.0,0
0.1619,38,0,0.3399,3535.0,5,0,0,0,1.0,0
0.7782,63,0,0.5049,3871.0,6,0,0,0,3.0,0
0.755,71,0,0.4845,4566.0,7,0,2,0,2.0,1
0.2788,68,0,1.094,3100.0,11,0,4,0,1.0,0
0.6037,52,0,1.1769,6480.0,10,0,0,0,2.0,0
0.3409,62,0,0.5628,5778.0,7,0,0,0,2.0,0
0.2387,62,0,0.2419,1881.0,8,0,0,0,2.0,0
0.2236,54,0,0.6685,7754.0,10,0,0,0,1.0,0
0.1044,55,0,0.2681,9083.0,9,0,0,0,1.0,0
0.3118,53,0,0.5236,2940.0,4,0,1,0,2.0,0
0.1822,41,0,0.5054,4569.0,11,0,1,0,0.0,0
0.871,42,0,0.7492,,6,0,2,0,1.0,0
0.8575,42,0,0.797,5681.0,7,0,1,0,0.0,0
0.5309,30,0,0.2411,4507.0,8,0,1,0,0.0,0
0.7061,54,0,0.9255,4448.0,13,0,0,0,0.0,0
0.5045,51,0,0.8181,2387.0,17,0,0,0,2.0,0
0.9649,63,0,0.5056,,5,0,0,0,0.0,0
0.0791,70,0,0.2026,12964.0,10,0,1,0,3.0,0
1.1172,71,0,0.7998,,8,0,0,0,1.0,0
0.5914,72,2,0.3189,14713.0,6,0,2,1,1.0,1
0.1453,41,0,0.317,5348.0,6,0,2,0,0.0,0
0.3776,32,0,0.1078,9464.0,9,0,3,0,2.0,0
0.0736,65,0,0.2652,17499.0,9,0,1,0,2.0,0
0.5188,71,0,1.1708,6052.0,8,0,1,0,0.0,0
0.5378,74,0,0.6904,,4,0,0,0,1.0,0
0.3964,59,0,0.3272,1780.0,6,0,3,0,,0
0.477,24,0,0.4238,1505.0,14,0,0,0,0.0,1
0.0021,57,0,0.5155,3910.0,6,0,1,0,0.0,0
0.1421,60,0,0.4872,12377.0,6,0,2,0,0.0,0
0.9567,70,0,0.5006,,13,0,1,0,0.0,1
0.5161,72,0,0.3614,5924.0,10,0,2,0,0.0,0
0.6621,65,0,0.2413,4056.0,7,0,0,0,1.0,0
0.3924,44,0,0.3145,3190.0,7,0,0,0,0.0,0
3.2186,38,0,0.8425,3187.0,11,0,3,0,0.0,0
0.8427,59,0,0.8986,,4,0,2,0,0.0,0
0.2139,41,0,0.5201,6907.0,3,0,2,0,0.0,0
3.763,73,0,0.2777,5868.0,7,1,4,0,1.0,0
0.0429,28,0,0.8753,2658.0,12,0,0,0,0.0,0
0.5785,60,0,0.4128,3867.0,6,0,1,0,0.0,0
2.7999,56,0,0.2344,3120.0,14,0,1,0,1.0,0
0.6157,49,0,0.2967,6627.0,4,0,1,0,0.0,0
0.2404,39,0,0.7814,1795.0,7,0,4,0,2.0,0
2.8713,23,0,0.3037,3242.0,8,0,1,0,1.0,1
0.0833,45,0,0.2904,3886.0,7,0,0,0,1.0,0
0.0226,45,1,0.6793,4565.0,4,1,2,0,1.0,0
0.0252,68,0,0.4407,4523.0,9,0,1,0,0.0,0
1.9405,41,0,0.2604,7339.0,9,0,2,0,0.0,0
0.2215,58,0,0.2942,2817.0,8,0,3,0,1.0,0
0.5873,34,0,0.6485,8875.0,14,0,1,0,1.0,0
0.373,59,0,0.1039,,6,0,0,0,0.0,0
0.2103,21,0,1.0136,6024.0,7,0,1,0,0.0,0
0.4828,81,0,0.6113,6346.0,7,0,1,0,0.0,0
0.1962,50,0,0.1127,2079.0,10,0,2,0,0.0,0
1.3266,21,2,0.487,18026.0,8,3,1,0,2.0,0
1.1019,42,0,0.6,3025.0,13,0,1,0,0.0,0
0.0677,40,0,0.9449,7914.0,8,0,0,0,2.0,0
0.662,43,0,0.2839,10586.0,5,0,1,0,0.0,0
0.4051,47,0,0.5708,2883.0,11,0,1,0,1.0,0
0.5025,43,0,0.0873,,7,0,0,0,1.0,0
0.0047,41,0,0.6419,4860.0,9,0,1,0,,0
0.1032,36,0,0.6592,1380.0,5,0,1,0,1.0,0
0.6443,64,0,0.6554,,8,0,1,0,0.0,0
0.229,69,0,0.4352,6554.0,3,0,2,0,2.0,0
0.9113,48,0,0.2765,2655.0,8,0,0,0,1.0,0
0.5326,52,0,0.5483,13976.0,6,0,0,0,1.0,0
0.4434,36,0,0.7197,4247.0,7,0,3,0,0.0,0
0.5944,53,0,0.2628,3975.0,7,0,0,0,0.0,0
0.347,55,0,0.8563,3527.0,11,0,0,0,1.0,0
0.7545,49,0,0.7811,,6,0,0,0,1.0,1
0.5844,58,0,0.1487,,4,0,0,0,0.0,0
0.3531,56,0,0.2642,,4,0,3,0,0.0,0
2.3001,37,0,0.7969,5505.0,11,0,1,0,2.0,0
0.497,69,0,0.5289,7979.0,8,0,1,0,1.0,0
0.2442,49,0,0.4071,3260.0,7,0,0,0,0.0,0
3.6163,75,0,1.2876,5273.0,6,0,1,0,1.0,1
0.7148,58,0,0.3047,7139.0,8,0,1,0,1.0,0
0.347,80,0,0.8088,15725.0,9,0,0,0,1.0,0
0.7168,68,0,0.7105,6644.0,7,0,2,0,1.0,0
0.0411,55,0,0.6514,4704.0,6,0,1,0,0.0,0
0.4853,42,0,0.3545,3729.0,7,0,1,0,0.0,0
2.6456,42,0,0.6811,7745.0,8,0,1,0,1.0,0
0.1889,59,0,0.58,4440.0,10,0,0,0,0.0,0
0.7547,54,3,0.4802,11914.0,8,0,0,0,0.0,0
0.4109,44,0,0.0662,7422.0,5,0,1,0,0.0,0
0.362,64,0,0.301,6938.0,10,0,1,0,1.0,0
0.433,53,0,0.8094,,10,0,1,0,0.0,0
0.6299,64,0,0.4199,7398.0,6,0,3,0,1.0,0
4.0932,38,0,0.6455,,7,0,1,0,1.0,1
0.2783,66,0,0.7781,,14,0,3,0,1.0,0
0.8173,59,0,0.2439,23777.0,11,0,4,0,1.0,0
0.0406,69,0,0.981,16450.0,7,0,1,0,,0
0.1436,66,2,0.462,9324.0,10,0,0,0,0.0,0
0.2467,51,0,0.1242,5977.0,9,0,1,0,1.0,0
0.4214,50,0,0.4655,,7,0,0,0,2.0,0
0.0345,77,3,0.4861,1652.0,3,0,0,0,1.0,0
0.0915,48,0,0.1188,,12,0,0,0,0.0,0
2.9649,62,0,0.1759,4482.0,5,0,0,0,0.0,0
1.8562,47,0,0.4259,13396.0,6,0,1,0,0.0,0
0.323,26,0,0.7298,3541.0,9,0,0,0,0.0,0
0.7088,35,0,0.3146,5066.0,8,0,1,0,0.0,0
0.3388,58,0,0.8041,4059.0,14,0,2,0,0.0,0
0.0164,62,0,0.0749,9995.0,9,0,1,0,2.0,0
0.143,58,0,0.7461,1295.0,13,0,0,0,1.0,0
0.7151,68,1,0.4845,7087.0,6,0,2,0,1.0,0
0.2887,57,0,0.4364,,7,0,2,0,1.0,0
0.114,41,0,0.4011,1771.0,5,0,1,0,2.0,0
0.026,60,0,0.2432,2707.0,10,0,0,0,1.0,0
1.26,54,0,0.0929,11038.0,7,0,1,0,,0
0.0269,44,0,0.6603,10014.0,8,0,0,0,1.0,0
0.1296,59,0,0.3758,,8,0,3,0,0.0,0
0.7902,53,0,0.8798,,7,0,1,0,1.0,0
0.6587,44,0,0.6481,5632.0,8,0,0,0,0.0,0
0.4997,50,0,0.8494,9306.0,18,0,1,0,2.0,0
0.1772,72,0,0.2365,2153.0,9,0,0,0,0.0,0
0.0074,71,0,0.6155,4718.0,5,0,0,0,1.0,0
0.1359,55,0,0.6702,7738.0,3,0,0,0,0.0,0
0.5704,53,0,1.2757,5494.0,5,0,2,0,0.0,0
2.4431,32,0,0.7279,3092.0,6,0,0,0,1.0,0
0.1709,76,0,0.1108,10506.0,5,0,0,0,0.0,0
0.3793,67,0,0.3695,13043.0,10,0,2,0,2.0,0
0.8705,63,0,0.2387,5380.0,7,0,0,0,3.0,0
0.5431,21,0,0.6151,7472.0,7,0,2,0,1.0,0
1.8048,53,0,0.2098,,8,0,0,0,0.0,0
0.0107,50,0,1.1767,10305.0,8,0,1,0,1.0,0
0.8481,62,0,0.6654,7808.0,10,0,0,0,2.0,0
0.5432,46,0,0.6765,4797.0,9,0,2,0,1.0,0
0.2472,49,0,0.4173,,9,0,1,0,0.0,0
0.517,61,0,0.162,2765.0,3,0,0,0,0.0,0
0.5531,41,0,0.3354,5229.0,9,0,0,0,0.0,0
0.2821,44,0,0.5034,,12,0,1,0,0.0,0
2.0885,55,0,0.7656,2899.0,8,0,0,0,1.0,0
3.6227,71,0,0.3714,2243.0,8,0,0,0,1.0,0
0.5712,63,0,0.7392,5027.0,6,0,1,0,0.0,1
0.4758,67,0,0.3262,19298.0,12,0,0,0,1.0,0
0.1406,53,0,0.2009,7341.0,14,0,0,0,0.0,0
0.8218,73,0,0.5015,9324.0,4,0,0,0,1.0,0
0.449,28,0,0.4647,5111.0,8,0,0,0,1.0,1
1.6644,80,0,0.7583,6019.0,4,0,0,0,0.0,0
0.5624,82,0,0.389,5998.0,3,0,2,0,0.0,0
0.9159,58,0,0.4781,10919.0,5,0,1,0,1.0,0
0.5369,64,0,0.1623,3803.0,10,0,3,0,0.0,0
2.1755,51,4,0.5139,8995.0,10,0,2,0,1.0,0
1.292,49,0,0.6995,4468.0,7,0,0,0,0.0,0
0.3972,43,0,0.9284,,7,0,1,0,0.0,0
0.2576,51,0,0.6104,,8,0,0,0,0.0,0
0.7111,60,2,0.2652,2275.0,9,0,1,0,0.0,0
0.3857,58,0,1.1545,,8,0,1,0,1.0,0
0.0224,80,1,0.9783,2448.0,6,0,1,0,0.0,0
0.2376,53,3,0.3694,5965.0,7,0,1,0,0.0,0
0.1042,31,3,0.3538,3020.0,6,1,2,1,0.0,0
0.2834,75,0,0.6657,,6,0,0,0,0.0,0
3.3002,35,0,0.4101,4614.0,10,0,2,0,1.0,0
0.1633,44,0,0.5366,,7,0,0,0,1.0,0
0.1627,56,0,0.5158,5799.0,10,0,1,0,1.0,0
0.1142,58,0,0.6638,4086.0,9,0,2,0,0.0,0
0.8468,32,0,0.8278,,6,0,0,0,0.0,0
0.5913,42,0,0.1245,,14,0,0,0,0.0,1
0.2004,31,0,0.5102,5560.0,11,0,1,0,0.0,0
0.1734,61,0,0.5847,3462.0,3,0,0,0,1.0,0
0.1931,69,0,0.373,3592.0,8,0,1,0,1.0,0
0.0806,35,2,0.5724,15767.0,7,0,1,0,1.0,0
0.4877,66,0,0.3503,5981.0,7,0,0,0,0.0,0
2.443,65,0,0.5217,8762.0,7,0,0,0,1.0,0
0.4621,43,0,0.9445,16649.0,10,0,1,0,0.0,0
0.0076,24,0,0.7857,4766.0,4,0,1,0,0.0,0
0.225,37,0,0.9154,7014.0,9,0,0,0,1.0,0
0.2246,44,0,0.4236,,12,0,0,0,2.0,0
0.0728,74,0,0.2821,,8,0,0,0,1.0,0
0.1877,50,0,0.6067,10317.0,10,0,2,0,,0
0.2488,38,0,0.491,,5,0,1,0,2.0,0
0.4272,54,0,0.0394,5135.0,3,0,1,0,,0
3.1208,34,0,0.0941,3404.0,8,0,0,0,1.0,0
0.5732,59,0,0.2499,6254.0,6,0,2,0,0.0,0
1.0286,38,0,0.0214,2492.0,10,0,0,0,2.0,0
0.4265,40,0,0.1741,5283.0,7,0,1,0,1.0,0
0.4832,57,0,0.5338,,6,0,1,0,1.0,0
0.0515,77,0,0.0999,4825.0,4,0,1,0,2.0,0
0.3949,83,0,0.4363,1872.0,13,0,2,0,1.0,0
0.0517,37,0,0.1057,2521.0,5,0,3,0,0.0,0
0.5526,44,0,0.3328,4066.0,12,0,2,0,0.0,0
0.1935,59,0,0.3141,5242.0,5,0,0,0,1.0,0
0.8086,68,0,0.156,6879.0,7,0,0,0,0.0,0
0.4471,22,0,0.6039,6167.0,6,0,0,0,2.0,0
4.2732,53,0,1.1728,12105.0,4,0,1,0,0.0,0
0.417,45,0,0.5055,6285.0,13,0,0,0,0.0,0
0.0158,25,1,0.6393,1694.0,7,0,0,0,1.0,0
2.3772,33,1,0.599,3658.0,9,0,2,0,1.0,0
0.6077,44,0,0.6813,8991.0,3,0,0,0,2.0,0
0.0866,53,0,0.2792,6342.0,7,0,0,0,0.0,0
0.2805,66,0,0.6824,42097.0,7,0,1,0,1.0,0
0.1019,57,0,0.6654,5054.0,9,0,3,0,2.0,0
0.3084,65,0,0.5324,20095.0,6,0,1,0,0.0,0
3.9445,52,0,0.5136,6136.0,9,0,1,0,0.0,0
1.3349,42,0,0.6306,,7,0,2,0,0.0,0
0.4493,49,0,0.4289,3248.0,6,0,4,0,1.0,0
0.0346,62,0,0.5759,11946.0,6,0,0,0,0.0,0
0.2718,66,0,0.4019,2665.0,3,0,0,0,1.0,0
0.3762,50,0,0.2154,6419.0,10,0,2,0,0.0,0
0.1913,39,0,0.0725,2982.0,11,0,1,0,0.0,0
0.5718,57,0,0.6826,3164.0,9,0,1,0,0.0,0
0.4574,59,0,0.5304,8760.0,10,0,3,0,0.0,0
0.2777,69,0,0.5281,3969.0,7,0,1,0,0.0,0
0.3543,42,0,1.1228,2491.0,11,0,0,0,1.0,0
1.6209,43,0,1.2677,2440.0,4,0,4,0,0.0,1
0.3297,63,0,0.0898,20270.0,7,0,1,0,0.0,0
1.0038,46,0,0.4633,3056.0,14,0,1,0,0.0,0
0.6444,46,0,0.8735,8629.0,13,0,2,0,0.0,0
0.3006,70,1,0.1242,7115.0,11,0,0,1,0.0,1
0.6372,33,0,0.6988,8423.0,11,0,2,0,0.0,0
0.5821,81,0,0.3116,3164.0,8,0,2,0,0.0,0
0.1282,43,0,0.073,3645.0,8,0,0,0,1.0,0
0.8876,64,0,0.2598,3893.0,5,0,0,0,1.0,0
0.3072,50,0,0.5704,3464.0,13,0,2,0,,0
0.4222,56,0,0.1227,11725.0,9,0,1,0,0.0,0
0.7476,48,0,0.9466,,8,0,0,0,0.0,0
0.0814,64,0,0.5614,4770.0,6,0,0,0,0.0,0
0.7911,47,0,0.4312,,6,0,1,0,0.0,0
0.3604,44,0,0.7114,,8,0,1,0,1.0,0
0.2946,77,0,0.33,5230.0,7,0,1,0,1.0,0
0.2676,52,0,1.1279,,7,0,2,0,1.0,0
0.297,43,0,0.5875,,10,0,1,0,0.0,0
4.9026,31,0,0.6677,,5,0,0,0,1.0,1
0.7689,78,0,0.5788,12496.0,5,0,1,0,0.0,0
0.5124,44,0,0.7546,2678.0,6,0,1,1,0.0,0
0.3807,81,0,0.1749,5044.0,10,0,2,0,1.0,0
0.3675,58,0,0.6214,6270.0,7,0,0,0,0.0,0
0.006,54,0,0.4159,8242.0,9,0,1,0,0.0,0
0.1209,54,0,0.6794,1643.0,6,0,0,0,0.0,0
1.1848,83,0,0.4282,2803.0,9,0,1,0,0.0,0
0.6591,21,0,0.4987,4598.0,5,0,2,0,0.0,0
0.2358,55,0,0.4394,3326.0,11,0,1,0,2.0,0
0.6443,48,0,0.3866,8416.0,8,0,0,0,0.0,0
0.7662,49,0,0.2784,4012.0,11,0,0,0,2.0,1
0.0681,54,0,0.465,5955.0,9,0,1,0,1.0,0
0.3057,48,0,0.2009,,6,0,2,0,4.0,0
0.4143,55,0,0.0215,2372.0,6,0,2,0,2.0,0
0.9713,52,0,0.6306,4113.0,9,0,0,0,0.0,0
0.6131,34,0,0.3832,5503.0,5,0,1,0,3.0,0
0.6125,57,0,0.9643,9339.0,8,0,1,0,2.0,0
0.7129,62,0,0.7244,9227.0,5,0,0,0,0.0,0
0.9668,44,0,0.2712,2845.0,6,0,2,0,0.0,0
0.1164,78,0,0.7037,11744.0,9,0,2,0,1.0,0
0.2963,71,0,0.253,,11,0,1,0,0.0,0
1.6285,64,0,0.3553,,4,0,0,0,0.0,0
2.7654,64,0,0.8991,,4,0,1,0,0.0,0
0.0199,52,0,0.8175,7625.0,9,0,0,0,2.0,0
0.3965,68,0,0.3904,1554.0,8,0,0,0,0.0,0
0.1131,74,0,1.1834,8395.0,10,0,0,0,0.0,0
0.5565,63,0,0.9207,,5,0,1,0,1.0,1
0.1528,44,0,0.6506,,10,0,0,0,0.0,0
0.5485,51,0,0.2792,11264.0,12,0,0,0,1.0,0
0.4777,60,0,0.3163,12159.0,7,0,1,0,1.0,0
0.4935,64,0,0.5631,3901.0,6,0,0,0,,0
0.4682,51,0,0.3391,4874.0,4,0,3,0,0.0,0
0.3611,44,0,0.2877,7921.0,10,0,1,0,1.0,0
0.1943,74,0,0.0513,,12,0,0,0,2.0,0
0.9443,37,2,0.5417,6186.0,10,0,1,0,1.0,0
0.5481,39,0,0.6536,10855.0,9,0,3,0,0.0,0
0.429,33,0,0.2887,9520.0,8,0,1,0,,0
0.0712,39,0,0.2834,4970.0,9,0,0,0,1.0,0
0.3511,69,0,0.2412,4460.0,1,0,0,0,1.0,0
0.832,70,0,0.3999,1887.0,6,0,3,0,1.0,0
13.5127,51,0,1.245,,10,0,0,0,1.0,0
0.0916,59,0,0.6503,3177.0,6,0,0,0,3.0,0
0.2966,52,0,0.489,,9,0,0,0,1.0,0
1.0045,35,0,0.4557,3937.0,10,0,2,0,0.0,0
2.2908,83,0,0.7632,6410.0,6,0,0,0,1.0,0
0.7474,71,0,0.7063,4472.0,9,0,2,0,0.0,0
1.2112,57,0,0.6856,4327.0,7,0,0,0,0.0,0
0.6717,40,0,0.415,,11,0,1,0,0.0,0
0.5523,49,0,0.4991,5440.0,6,0,0,0,2.0,0
0.1679,42,0,0.1844,5125.0,11,0,0,0,1.0,0
0.0149,53,0,0.7081,,7,0,2,0,0.0,0
0.7411,56,1,0.1464,,7,3,2,1,1.0,0
0.1343,47,0,0.0757,3971.0,6,0,1,0,,0
0.0122,32,0,0.4281,1244.0,5,0,0,0,2.0,0
0.8469,82,0,0.4566,5337.0,8,0,1,0,1.0,0
0.334,55,2,0.3148,5575.0,3,0,1,0,1.0,0
0.0407,58,0,1.1111,19989.0,9,0,1,0,,0
0.5851,46,0,0.2657,10388.0,10,0,0,0,0.0,0
0.4535,30,0,1.0034,3570.0,6,0,1,0,1.0,1
0.2488,51,0,0.1466,9004.0,6,0,3,0,0.0,0
0.3627,47,0,0.8901,4683.0,10,0,2,0,2.0,0
0.3856,62,0,0.8111,,8,0,1,0,1.0,0
0.3267,65,0,0.1909,3466.0,16,0,1,0,,0
0.7852,63,0,0.2616,,12,0,1,0,0.0,0
1.7362,66,0,0.4186,5202.0,7,0,0,0,0.0,0
0.2994,77,0,0.4614,6681.0,9,0,0,0,1.0,0
0.557,57,0,0.1981,,8,0,3,0,0.0,0
0.1823,67,0,0.88,1311.0,8,0,1,0,1.0,0
0.107,59,0,0.158,4934.0,9,0,0,0,1.0,0
0.2157,25,0,0.3393,2623.0,8,0,3,0,1.0,0
0.2169,50,0,0.3409,3212.0,9,0,1,0,1.0,0
1.0534,40,0,0.2446,8395.0,8,0,1,0,0.0,0
0.1312,55,0,0.4359,3498.0,6,0,0,0,0.0,0
0.4989,41,0,0.1142,,7,0,3,0,0.0,0
0.342,60,0,0.0997,4429.0,1,0,0,0,2.0,0
0.1128,66,0,0.6747,,5,0,0,0,0.0,0
0.7852,69,0,0.5375,3587.0,6,0,0,0,1.0,1
0.0615,75,0,0.5672,3022.0,7,0,1,0,0.0,0
0.8713,29,0,0.2499,,10,0,0,0,1.0,0
0.7228,35,0,0.162,3513.0,14,0,1,0,0.0,0
0.1431,93,0,0.5777,11735.0,4,0,0,0,0.0,0
0.0952,66,0,0.6332,6207.0,15,0,0,0,0.0,0
0.2811,55,0,0.5923,10406.0,6,0,1,0,0.0,0
2.0562,52,0,0.0412,8151.0,7,0,1,0,2.0,0
0.2268,51,0,0.6164,,3,0,0,0,0.0,0
0.4666,25,0,0.7649,,7,0,0,0,1.0,0
0.4576,41,0,0.1313,3277.0,11,0,0,0,0.0,0
0.3546,50,0,0.453,5680.0,2,0,0,0,1.0,0
3.5101,42,0,1.0677,2925.0,6,0,1,0,1.0,0
0.6944,44,0,0.8464,,4,0,2,0,,1
0.2128,88,0,0.1981,7283.0,10,0,1,0,0.0,0
0.0271,48,0,0.6873,9127.0,7,0,0,0,0.0,0
0.3331,56,0,0.8834,4703.0,4,0,0,0,1.0,0
0.9002,55,0,0.1272,3340.0,6,0,1,0,0.0,0
0.8568,60,0,0.8548,2372.0,11,0,3,0,2.0,0
0.7697,45,0,0.6957,3827.0,10,0,1,0,0.0,0
0.52,69,0,0.8892,13875.0,7,0,2,0,0.0,0
0.0988,58,0,1.0272,2615.0,11,0,0,0,0.0,0
0.4721,34,0,0.0857,14799.0,8,0,0,0,1.0,0
0.2313,50,0,0.2217,5427.0,11,0,0,0,0.0,0
0.7162,50,0,0.7149,4765.0,3,0,2,0,0.0,0
5.702,49,0,0.5444,,8,0,0,0,1.0,0
0.1371,59,0,1.0153,7162.0,15,0,2,0,0.0,0
0.2659,61,0,0.4042,5112.0,10,0,4,0,2.0,0
0.6303,59,0,0.9422,11601.0,6,0,1,0,2.0,0
0.0227,57,0,0.5971,,7,0,0,0,0.0,0
2.2551,53,0,0.5978,4320.0,3,1,1,0,0.0,0
0.7293,22,2,0.655,6419.0,3,0,1,0,,0
2.0088,63,1,0.4993,6725.0,7,1,2,0,0.0,0
0.8435,59,0,0.1552,8872.0,6,0,0,0,1.0,0
1.9241,38,0,0.681,3386.0,11,0,1,0,0.0,1
0.8427,56,0,0.8958,4433.0,6,0,1,0,1.0,1
1.6891,61,0,0.3552,,13,0,1,0,1.0,0
0.6741,68,0,0.2295,11880.0,11,0,0,0,0.0,0
1.0755,59,0,0.4668,9923.0,10,0,2,0,1.0,0
0.4475,57,0,0.4627,6800.0,9,0,0,0,1.0,0
0.5259,65,0,0.3406,4472.0,9,0,1,0,1.0,0
0.4016,48,0,0.5791,7250.0,9,0,1,0,1.0,0
0.4406,58,0,0.3269,8453.0,6,0,1,0,1.0,0
1.1954,43,0,0.5643,7040.0,5,0,1,0,2.0,0
0.4374,68,0,0.3931,5063.0,14,0,0,0,1.0,0
0.2061,29,0,0.0249,11282.0,9,0,1,0,2.0,1
0.3618,63,0,0.4952,5860.0,11,0,0,0,,0
5.7741,52,0,0.5908,3048.0,6,0,3,0,2.0,0
0.5803,66,0,0.5804,6406.0,2,0,0,0,1.0,0
0.4169,41,0,0.4846,4376.0,6,0,0,0,1.0,0
2.8843,53,1,0.2466,,12,0,1,1,2.0,0
0.1239,53,0,0.1387,,10,0,2,0,0.0,0
0.3153,58,0,0.4328,5530.0,8,0,2,0,1.0,0
0.4779,37,0,0.5755,3651.0,8,0,2,0,1.0,0
0.0881,61,0,0.5574,4487.0,9,0,2,0,1.0,0
0.0294,26,0,0.3274,4036.0,7,0,1,0,0.0,0
0.2034,43,0,0.4523,14792.0,6,0,1,0,2.0,0
0.156,30,0,0.3668,,6,0,0,0,1.0,0
0.5276,64,0,0.486,,10,0,2,0,2.0,0
0.3284,58,0,0.5161,6797.0,9,0,1,0,0.0,0
0.8032,58,0,0.1533,,3,0,1,0,2.0,0
0.396,73,0,0.5174,,13,0,2,0,0.0,0
0.5135,48,0,0.6306,1856.0,7,0,2,0,1.0,1
2.6308,61,0,0.6242,7131.0,8,0,2,0,3.0,0
0.8394,53,1,0.8125,6650.0,9,0,1,0,0.0,0
0.32,51,0,0.7084,3968.0,6,0,0,0,0.0,0
0.2463,70,0,0.2055,2992.0,9,0,2,0,2.0,0
0.4054,81,0,0.6381,5901.0,7,0,0,0,0.0,0
0.063,46,0,0.3748,7099.0,7,0,1,0,1.0,0
0.323,64,0,0.6338,5024.0,12,0,1,0,1.0,0
0.3504,56,0,0.4105,3062.0,9,0,1,0,1.0,0
0.5629,57,0,0.22,4008.0,8,0,0,0,0.0,0
0.5768,55,0,0.2102,1146.0,5,0,2,0,2.0,0
1.5324,47,0,0.3891,8451.0,7,0,1,0,0.0,0
0.8047,21,0,0.5269,,4,0,0,0,1.0,1
0.0871,73,0,0.7691,5575.0,7,0,0,0,1.0,0
0.9033,42,0,0.224,8244.0,11,0,1,0,2.0,0
1.0445,49,0,0.2786,9642.0,8,0,2,0,1.0,0
0.2831,49,0,0.4646,15349.0,8,0,1,0,2.0,0
0.363,41,0,0.3137,5261.0,6,0,1,0,1.0,0
0.6048,55,0,0.5661,3944.0,10,0,4,0,0.0,0
0.0224,51,0,0.214,1860.0,6,0,0,0,0.0,0
0.804,42,0,0.5726,,10,0,0,0,1.0,0
5.7026,54,0,0.6364,6060.0,8,0,0,0,1.0,0
0.1494,52,0,0.8465,,5,0,2,0,0.0,0
4.522,65,0,0.2331,5595.0,11,0,2,0,0.0,0
0.1885,33,0,0.1479,4140.0,12,0,0,0,1.0,0
0.1793,41,0,0.1052,3669.0,9,0,1,0,1.0,0
0.0268,62,0,0.3701,7334.0,11,0,1,0,1.0,0
0.1565,43,0,0.4057,2679.0,10,0,1,0,1.0,0
6.2187,39,0,0.9175,5983.0,4,0,0,0,0.0,1
0.1485,44,0,0.7492,2036.0,13,0,2,0,0.0,0
0.4086,51,0,0.091,5464.0,4,0,0,0,1.0,1
0.2054,51,0,0.9752,22009.0,7,0,1,0,0.0,0
0.2665,49,0,0.3169,5979.0,13,0,1,0,0.0,0
0.1519,38,0,0.5215,4828.0,10,0,1,0,1.0,0
0.2029,63,0,0.1808,2815.0,7,0,2,0,1.0,0
0.0625,71,0,0.2463,4693.0,9,0,1,0,1.0,0
6.5555,25,0,0.1873,3261.0,7,0,1,0,0.0,0
0.1362,30,0,0.311,3921.0,14,0,0,0,1.0,0
0.3945,66,0,0.6905,2215.0,15,0,0,0,0.0,0
0.5663,74,0,0.5023,9591.0,7,0,1,0,0.0,0
0.3262,22,0,0.5495,7217.0,6,0,1,0,1.0,0
0.6984,63,0,0.264,4875.0,9,0,0,0,0.0,0
0.4032,75,0,0.6824,,7,0,1,0,0.0,0
1.2473,40,0,0.0473,1202.0,10,1,1,1,0.0,0
0.5539,74,0,0.2195,4236.0,8,0,0,0,1.0,0
4.8939,50,0,0.7458,,9,0,0,0,0.0,0
0.3715,56,0,0.2964,2093.0,8,0,1,0,1.0,0
0.0884,42,0,0.7559,4926.0,9,0,0,0,0.0,0
2.4535,66,0,0.0327,,10,0,0,0,0.0,0
3.5582,64,0,0.0912,3438.0,13,0,2,0,3.0,0
4.7693,76,0,0.3348,3815.0,8,0,1,0,1.0,0
0.9311,72,0,0.2706,7625.0,10,0,0,0,2.0,0
2.8058,52,3,0.229,2606.0,7,0,1,1,0.0,0
1.2274,95,0,0.1326,9974.0,6,0,0,0,0.0,1
5.0829,71,4,0.6353,11223.0,12,0,1,0,2.0,0
0.0912,60,4,0.7091,3278.0,10,0,0,0,2.0,0
0.4761,38,0,0.855,4415.0,5,0,0,0,0.0,0
0.3699,31,0,0.0953,1709.0,7,0,1,0,2.0,0
0.6412,32,2,0.8478,4951.0,4,0,0,0,1.0,0
0.4559,39,0,0.5883,9621.0,7,0,1,0,0.0,0
0.5116,71,0,0.6404,4003.0,8,0,0,0,2.0,0
0.6006,59,0,0.0741,3447.0,9,0,2,0,0.0,0
0.3203,43,0,0.523,2337.0,8,0,0,0,0.0,0
0.2289,50,0,0.4645,3105.0,8,0,1,0,3.0,0
4.9245,48,0,0.8217,3288.0,10,0,0,0,0.0,0
0.1351,63,0,0.2041,9451.0,4,0,1,0,1.0,0
0.3356,40,0,0.4582,3689.0,11,0,2,0,0.0,0
0.0077,57,0,0.5718,5610.0,15,0,0,0,2.0,0
0.8376,56,0,0.4572,3468.0,10,0,2,0,0.0,0
0.0158,40,0,0.5964,5060.0,2,0,1,0,1.0,0
0.2711,74,0,0.8019,5525.0,6,0,1,0,0.0,0
0.8289,48,0,0.3848,2916.0,11,0,1,0,0.0,0
0.2894,38,0,0.5011,,8,0,2,0,2.0,0
0.0727,64,0,0.1059,4781.0,9,0,1,0,0.0,0
0.2594,53,0,0.7031,3979.0,14,0,1,0,0.0,0
0.4799,58,0,0.5776,3078.0,6,0,2,0,1.0,0
0.0237,35,0,0.1263,2966.0,5,0,0,0,3.0,0
0.1922,63,0,0.338,1675.0,10,0,1,0,0.0,0
0.4584,82,0,0.7266,2908.0,6,0,0,0,1.0,1
0.9672,34,0,0.2818,,8,0,2,0,2.0,0
0.5229,57,0,0.3056,,5,0,1,0,0.0,0
1.4373,41,0,0.3505,3339.0,7,0,1,0,1.0,0
0.2611,90,0,0.3301,8389.0,4,0,0,0,1.0,0
0.2972,69,0,0.331,3386.0,2,0,0,0,0.0,0
2.428,56,2,0.5219,,6,1,2,1,0.0,0
2.1748,35,0,0.6677,,7,0,0,0,0.0,0
0.3674,38,0,0.5068,4055.0,12,0,0,0,,0
0.0712,62,0,0.3947,6195.0,4,0,1,0,0.0,0
0.3921,33,0,0.858,,9,0,2,0,0.0,0
0.6174,33,0,0.8313,3788.0,9,0,0,0,0.0,1
0.3892,52,0,0.672,2471.0,11,0,2,0,0.0,0
0.2996,54,0,0.5871,7129.0,7,0,1,0,1.0,0
1.8732,57,0,0.3004,,10,0,0,0,0.0,0
1.1094,46,0,0.3842,2446.0,8,0,1,0,2.0,0
0.1868,65,0,0.6572,5180.0,7,0,1,0,,0
0.1837,40,0,0.7927,6150.0,2,0,0,0,0.0,0
0.087,61,0,0.2378,9339.0,8,0,2,0,0.0,0
3.2264,55,0,0.312,7456.0,11,0,0,0,2.0,0
0.0892,60,0,0.2531,2198.0,4,0,1,0,2.0,0
1.5827,69,0,0.6395,10249.0,9,0,1,0,2.0,0
0.7574,46,0,0.5465,4157.0,8,0,1,0,1.0,1
0.2963,43,0,0.1728,,8,0,0,0,0.0,0
0.6157,28,0,0.5871,,9,0,2,0,0.0,0
0.5977,24,0,0.3952,10887.0,10,0,0,0,3.0,0
4.304,50,0,0.6338,697.0,6,0,0,0,0.0,0
3.8784,50,0,0.0537,3222.0,8,0,2,0,1.0,1
0.7774,37,0,0.255,,6,0,1,0,3.0,0
0.1589,40,0,0.2364,,13,0,1,0,1.0,0
1.0472,73,1,0.738,6360.0,5,0,2,1,0.0,0
0.3145,64,0,0.2563,,14,0,2,0,1.0,0
4.4257,34,0,0.0689,3981.0,8,0,2,0,0.0,0
0.3839,46,0,0.3599,7785.0,12,0,1,0,0.0,0
0.2299,58,0,0.6509,3168.0,6,0,2,0,1.0,0
0.09,43,0,0.7933,,8,0,1,0,2.0,0
0.4384,41,0,0.4757,4492.0,13,0,2,0,0.0,0
0.0183,47,0,0.7047,,13,0,0,0,2.0,0
0.104,67,3,0.2353,13867.0,6,3,1,0,1.0,0
0.3048,69,0,0.1813,6519.0,8,0,0,0,0.0,0
0.2708,42,0,0.5123,,6,0,1,0,,0
0.433,58,0,0.1911,4679.0,11,0,0,0,2.0,0
0.1228,52,0,0.3246,16464.0,4,0,0,0,3.0,0
0.2697,38,0,0.7065,4847.0,6,0,3,0,1.0,0
0.2532,48,0,0.9465,1871.0,3,0,2,0,0.0,0
0.6186,34,0,0.1083,3700.0,5,0,3,0,0.0,0
2.8658,68,0,0.4638,2600.0,11,0,2,0,1.0,0
0.1916,74,0,0.4484,6391.0,4,0,1,0,0.0,0
6.1078,46,0,0.2518,3199.0,7,0,0,0,0.0,0
0.7785,43,0,0.463,3624.0,9,0,0,0,2.0,0
0.7335,67,0,0.5411,8941.0,6,0,3,0,2.0,0
1.0085,69,0,0.1887,,11,0,1,0,0.0,1
0.3386,36,0,0.4618,4888.0,6,0,1,0,0.0,0
0.0822,50,0,0.5629,,9,0,1,0,3.0,0
1.0826,51,0,0.217,4503.0,9,1,1,0,3.0,0
0.0666,41,0,0.7384,6651.0,5,0,2,0,0.0,0
0.8418,57,0,0.7651,2401.0,7,0,2,0,0.0,0
1.0636,42,0,0.6176,8827.0,7,0,0,0,0.0,0
0.4581,44,0,0.1915,7999.0,3,0,2,0,2.0,0
0.379,51,0,0.1851,2104.0,5,0,1,0,3.0,0
0.4868,31,0,0.7873,2487.0,9,0,1,0,0.0,1
0.6133,23,0,0.9319,3990.0,10,0,3,0,0.0,1
1.0389,65,0,0.2268,3556.0,6,0,1,0,0.0,0
0.0376,42,0,0.4386,5160.0,4,0,0,0,0.0,0
0.3648,82,1,0.3721,2041.0,10,0,1,0,1.0,0
0.5691,80,0,0.5416,5252.0,5,0,2,0,0.0,0
3.4059,45,0,0.4175,5894.0,6,0,1,0,2.0,0
3.4823,85,0,0.4435,12007.0,5,0,3,0,0.0,0
1.512,65,0,0.5405,,13,0,0,0,0.0,1
0.646,43,0,0.1603,,6,0,1,0,0.0,0
0.1747,21,0,0.3858,3009.0,5,0,0,0,0.0,0
0.2528,62,1,0.626,6340.0,14,0,0,0,0.0,0
0.2941,52,0,0.1218,4196.0,8,0,0,0,1.0,0
0.3533,58,0,0.2596,,5,0,1,0,1.0,0
0.3009,49,0,0.8214,9534.0,7,0,0,0,0.0,0
0.8375,36,0,1.0553,2266.0,6,0,1,0,5.0,0
0.1555,46,0,0.6707,6454.0,8,0,0,0,1.0,0
0.3974,62,0,1.1419,,5,0,3,0,2.0,0
0.5815,47,0,0.2709,,7,0,2,0,5.0,0
0.4814,47,0,0.855,3463.0,13,0,1,0,1.0,0
0.2897,31,0,0.2764,7760.0,12,0,0,0,2.0,0
0.3878,53,0,0.4052,6662.0,7,0,2,0,,0
0.1146,36,0,0.1234,4200.0,6,0,1,0,0.0,0
0.5827,65,0,0.1095,8004.0,7,0,2,0,,0
1.5616,42,0,0.4386,3782.0,7,0,0,0,1.0,0
0.1525,48,0,0.2498,2781.0,3,0,1,0,0.0,0
0.5431,82,0,0.3908,4477.0,12,0,1,0,0.0,0
0.2426,48,0,0.6622,4845.0,4,0,1,0,,0
0.0027,46,0,0.2817,8917.0,7,0,1,0,2.0,0
0.0663,60,0,0.3197,15003.0,2,0,0,0,1.0,0
0.0806,27,0,0.0811,,7,0,1,0,0.0,0
0.6135,70,0,0.2429,,8,0,0,0,0.0,0
0.567,66,0,0.7177,5055.0,6,0,0,0,,0
0.4717,59,0,0.5966,,9,0,1,0,0.0,1
0.6779,21,0,0.822,,11,0,3,0,2.0,0
0.6694,48,0,0.2924,7655.0,10,0,0,0,1.0,0
1.3314,34,0,0.6636,2311.0,8,0,3,0,0.0,0
4.454,68,0,0.4658,1635.0,5,0,0,0,2.0,1
0.9271,67,0,0.0948,5704.0,5,0,0,0,1.0,0
0.2161,57,0,0.43,2943.0,10,0,1,0,0.0,0
4.3495,35,0,0.4396,5981.0,12,0,1,0,1.0,1
0.3553,73,0,0.0942,4380.0,11,0,1,0,0.0,0
0.4221,48,0,0.5814,4005.0,5,0,0,0,0.0,0
1.1269,77,0,0.4822,7279.0,5,0,0,0,1.0,1
0.2387,56,0,0.6805,9956.0,2,0,2,0,4.0,0
0.0355,59,0,0.3695,3385.0,7,0,0,0,0.0,0
0.273,46,0,0.5724,14597.0,8,0,3,0,1.0,0
0.0977,72,0,0.3721,6519.0,10,0,0,0,0.0,0
2.0306,61,1,0.6873,2272.0,15,0,2,1,1.0,0
0.2708,72,2,0.8609,3090.0,11,0,1,1,2.0,0
0.2374,54,0,0.1722,,9,0,1,0,1.0,0
0.4284,51,0,0.4989,,9,0,3,0,0.0,1
0.3545,60,1,0.4847,7841.0,4,0,1,0,0.0,1
0.4153,72,0,0.6132,2103.0,8,0,0,0,0.0,0
0.3591,66,0,0.4666,7764.0,12,0,2,0,0.0,0
0.3254,54,0,0.2859,,8,0,0,0,1.0,0
0.3768,26,0,0.2187,2624.0,4,0,0,0,2.0,0
1.0208,63,0,0.2363,6199.0,8,0,2,0,0.0,0
0.7863,32,0,0.1475,5351.0,4,0,0,0,2.0,0
2.5454,52,2,0.0874,,9,1,0,1,0.0,0
0.223,50,0,0.2561,2680.0,8,0,1,0,1.0,0
0.2681,32,0,0.6161,15175.0,8,0,0,0,1.0,0
0.4488,57,0,0.1387,8176.0,13,0,2,0,2.0,0
0.6482,82,0,0.3687,5375.0,2,0,2,0,2.0,0
1.1122,48,0,0.2833,,7,0,0,0,0.0,0
0.5753,63,0,0.7079,5758.0,7,0,0,0,,0
0.4421,85,0,0.7226,6107.0,10,0,1,0,0.0,0
0.2993,64,0,0.3799,,10,0,0,0,0.0,0
3.638,43,0,0.4655,10560.0,10,0,1,0,0.0,0
0.6939,55,0,0.6778,7497.0,9,0,1,0,1.0,0
0.4995,59,0,0.6592,,9,0,1,0,0.0,0
0.7196,72,0,0.517,10364.0,8,0,0,0,0.0,0
0.3776,69,0,0.5869,5337.0,8,0,2,0,,0
0.4124,21,0,0.1074,,4,0,2,0,0.0,0
1.5348,40,3,0.5954,10987.0,6,0,0,0,1.0,0
0.1101,51,0,0.9302,3674.0,7,0,2,0,2.0,0
1.2511,38,0,0.4229,,5,0,0,0,1.0,0
0.7544,21,0,1.0722,4396.0,8,0,0,0,2.0,0
0.068,42,4,0.7448,,7,0,1,1,0.0,0
0.2096,52,0,0.613,10318.0,6,0,1,0,2.0,0
0.2482,45,0,0.7929,12073.0,2,0,0,0,0.0,0
0.0519,38,0,0.3319,3273.0,3,0,1,0,0.0,0
0.1358,53,0,0.6912,8199.0,5,0,2,0,1.0,0
7.6512,57,1,0.2534,,8,0,0,4,0.0,0
0.1382,45,0,0.4583,4497.0,11,0,3,0,1.0,0
1.3964,71,0,0.1046,12814.0,8,0,0,0,0.0,1
0.4341,53,0,0.1486,6148.0,9,0,3,0,0.0,0
0.3978,40,0,0.4861,3899.0,5,0,1,0,0.0,0
0.0673,36,0,0.6474,3583.0,8,0,1,0,0.0,0
0.8877,49,0,0.8273,10320.0,9,0,1,0,0.0,0
1.2515,68,0,1.0221,,11,0,2,0,1.0,0
0.9744,40,0,0.4328,5217.0,7,0,0,0,1.0,0
0.5086,60,0,0.0735,,2,0,1,0,0.0,0
0.699,53,0,0.7359,1203.0,3,0,0,0,2.0,0
0.1626,80,0,0.1618,2685.0,7,0,1,0,1.0,0
0.8114,57,0,0.6568,5426.0,9,0,1,0,2.0,0
0.5085,42,0,0.7898,8807.0,5,0,0,0,0.0,0
0.8912,62,0,0.5669,,8,0,0,0,1.0,0
0.6294,63,0,0.288,7265.0,10,0,1,0,1.0,0
0.0327,46,0,0.2895,7054.0,6,0,0,0,1.0,0
0.4284,36,0,0.6055,1578.0,10,0,0,0,3.0,0
0.8849,60,0,0.6126,5453.0,7,0,1,0,2.0,0
2.5219,53,0,0.5426,,13,0,0,0,2.0,1
0.3356,31,0,0.4479,3848.0,4,0,0,0,2.0,0
0.1938,56,0,0.3681,5034.0,7,0,3,0,0.0,0
0.0971,43,0,0.785,4056.0,17,0,1,0,2.0,0
0.2102,31,0,0.3492,,7,0,0,0,3.0,0
0.4862,47,0,0.5118,10943.0,8,0,0,0,1.0,0
0.185,70,0,0.5874,4111.0,9,0,2,0,1.0,0
0.3364,69,0,0.3749,,8,0,3,0,2.0,0
0.338,65,0,0.2419,9893.0,8,0,2,0,1.0,0
0.8251,56,2,0.4283,4910.0,16,1,2,2,2.0,0
0.2843,60,0,0.5795,3637.0,7,0,0,0,2.0,0
0.5081,53,0,0.1769,3523.0,4,1,1,0,1.0,0
0.1595,37,2,0.9221,5773.0,6,0,2,0,1.0,0
0.4483,39,0,0.5299,3739.0,5,0,0,0,0.0,0
2.9244,43,0,0.3728,10516.0,14,0,1,0,2.0,0
0.1577,72,0,0.2823,6777.0,6,0,1,0,0.0,0
0.0627,67,0,0.6328,2579.0,14,0,1,0,2.0,0
0.4991,37,0,0.5968,2806.0,9,0,1,0,0.0,1
0.565,53,0,0.1672,4785.0,12,0,0,0,1.0,0
0.5647,46,0,0.2747,,7,0,0,0,0.0,0
0.8205,50,0,0.5409,4489.0,6,0,1,0,,0
0.2054,44,0,0.5326,6795.0,6,0,0,0,1.0,0
0.4688,72,0,0.478,4964.0,4,0,1,0,1.0,0
0.6438,52,0,0.4605,2866.0,10,0,1,0,0.0,0
0.0699,55,0,0.435,5725.0,5,0,0,0,0.0,0
0.4287,55,0,0.7406,2311.0,5,0,1,0,1.0,0
0.2394,38,0,0.1329,6102.0,4,0,1,0,,1
0.3949,54,0,0.646,12710.0,7,0,1,0,1.0,0
0.6827,67,0,0.2355,1322.0,13,0,4,0,1.0,0
0.8978,73,0,0.7489,9883.0,8,0,1,0,0.0,0
0.4701,36,0,0.3919,8127.0,8,0,3,0,2.0,0
0.348,31,0,0.2387,,5,0,0,0,0.0,0
0.4161,53,0,0.6777,13837.0,5,0,1,0,2.0,0
0.5923,68,0,0.4471,8811.0,8,0,0,0,2.0,0
0.1412,57,1,0.073,5503.0,10,0,2,1,1.0,1
1.0709,62,0,0.9264,,10,0,0,0,0.0,0
0.1886,33,0,0.4542,11483.0,6,0,1,0,0.0,0
0.335,44,0,0.2427,5853.0,5,0,0,0,1.0,0
0.0863,21,0,0.5678,,11,0,2,0,2.0,0
0.2032,50,0,0.6611,3937.0,5,0,2,0,0.0,0
0.0168,22,0,0.6677,3733.0,11,0,0,0,1.0,0
0.0428,71,0,0.7621,10073.0,8,0,1,0,1.0,0
0.2171,74,0,0.7742,3183.0,7,0,0,0,0.0,0
0.4159,54,0,0.4709,,7,0,2,0,1.0,0
0.0307,31,2,0.1651,13643.0,6,0,4,0,0.0,0
0.6007,57,0,0.6,3052.0,7,0,2,0,0.0,0
1.6433,78,0,0.3753,3568.0,11,0,0,0,0.0,1
0.3592,59,0,0.5074,3596.0,10,0,1,0,1.0,0
0.6721,69,0,0.1115,7548.0,4,0,1,0,1.0,0
0.327,45,0,0.0872,,8,0,3,0,1.0,0
0.342,40,0,0.7314,3927.0,6,0,1,0,2.0,0
0.355,51,0,0.2274,9178.0,9,0,2,0,0.0,0
0.6633,25,0,1.0523,4370.0,6,0,1,0,1.0,1
0.138,84,0,0.8162,11873.0,4,0,3,0,0.0,0
0.1195,54,0,0.7376,2906.0,8,0,1,0,1.0,0
0.025,64,0,0.419,11709.0,11,0,2,0,0.0,0
0.1372,46,0,0.4187,7719.0,5,1,0,0,1.0,0
0.6646,30,0,0.2682,,11,0,0,0,0.0,0
0.0153,72,0,0.95,,11,0,1,0,0.0,0
1.0388,36,0,0.1857,3916.0,10,0,0,0,0.0,0
0.5349,57,2,0.3425,3593.0,5,0,1,0,1.0,0
0.0579,58,0,0.0909,7581.0,6,0,1,0,2.0,1
0.1882,53,0,0.4671,9711.0,7,0,0,0,0.0,0
0.2362,41,0,1.3006,7830.0,9,0,0,0,0.0,0
0.015,50,0,0.2707,1837.0,4,0,2,0,1.0,0
0.7818,39,0,0.7012,5460.0,7,0,3,0,0.0,0
0.1232,63,0,0.5302,6957.0,4,0,0,0,1.0,0
0.5344,60,0,0.2759,10805.0,6,0,2,0,1.0,0
0.3749,52,0,0.6221,10774.0,6,0,0,0,,0
0.6136,44,0,0.7519,6224.0,5,0,1,0,1.0,0
0.4007,82,0,0.6818,4322.0,8,0,0,0,0.0,0
9.3134,34,0,0.5383,,8,0,1,0,0.0,0
0.2872,30,0,0.4281,7885.0,10,0,1,0,1.0,0
0.5685,51,0,0.1836,7552.0,6,0,1,0,1.0,0
0.3462,48,0,0.2727,1871.0,6,0,0,0,0.0,0
0.9469,67,1,0.1968,7912.0,7,0,1,0,1.0,0
0.3831,61,0,0.3587,2658.0,7,0,1,0,1.0,0
0.6135,52,0,0.2916,,5,0,3,0,1.0,0
2.0641,59,0,0.709,7808.0,10,0,2,0,2.0,0
1.1398,59,1,0.9484,2222.0,8,1,2,0,2.0,0
0.1831,81,0,0.2369,10299.0,9,0,0,0,0.0,0
1.9482,56,0,0.0802,13217.0,4,0,1,0,1.0,0
0.0291,42,0,0.3789,11364.0,8,0,1,0,1.0,0
0.6484,55,0,0.2263,4366.0,2,0,1,0,0.0,1
0.2199,21,0,0.0785,6302.0,8,0,0,0,1.0,0
0.0867,52,0,0.226,1811.0,2,0,1,0,1.0,0
0.5445,67,0,0.8316,8016.0,5,0,1,0,0.0,0
1.19,60,0,0.1677,10636.0,5,0,1,0,1.0,0
0.371,56,0,0.1546,4294.0,6,0,1,0,0.0,0
3.4062,61,0,0.5863,11654.0,6,0,0,0,,0
0.2863,67,0,0.7946,5417.0,9,0,0,0,0.0,0
0.7505,72,0,0.4936,8181.0,13,0,0,0,2.0,0
0.4028,58,0,0.4336,5129.0,9,0,1,0,1.0,0
0.0105,48,0,0.2752,5219.0,5,0,0,0,0.0,0
0.6436,21,0,0.7502,7445.0,10,0,1,0,1.0,0
0.168,66,0,1.0259,3518.0,11,0,3,0,2.0,0
0.4828,59,0,0.1623,2546.0,9,0,1,0,0.0,0
0.1574,54,0,0.3085,,12,0,1,0,1.0,0
0.7554,42,0,0.334,,5,0,1,0,,0
0.0029,66,0,0.0391,,5,0,1,0,1.0,0
0.1481,48,0,0.7618,1758.0,6,0,1,0,0.0,0
0.0778,52,0,0.7155,19929.0,5,0,4,0,0.0,0
0.5504,51,0,0.405,3448.0,7,0,1,0,3.0,0
0.7894,58,0,0.5156,5436.0,11,0,0,0,0.0,0
0.4407,36,0,0.3265,,5,0,1,0,0.0,0
0.0975,60,0,0.4129,8416.0,8,0,4,0,1.0,0
0.0587,42,0,0.6182,5085.0,11,0,0,0,2.0,0
3.3647,42,0,0.0561,,4,0,1,0,2.0,0
0.1052,64,0,0.1253,5434.0,4,0,2,0,2.0,0
1.464,38,0,0.3718,7965.0,4,0,0,0,0.0,0
6.5919,64,0,0.2668,12216.0,8,2,1,0,1.0,0
0.3507,53,0,0.1858,4910.0,11,0,0,0,1.0,0
0.4307,29,0,0.1771,4577.0,8,0,1,0,2.0,0
0.7571,71,0,0.3474,14918.0,7,0,1,0,0.0,0
0.2354,56,0,0.3547,7510.0,8,0,2,0,0.0,0
0.4899,58,0,0.7682,12924.0,6,0,0,0,0.0,0
0.1838,66,0,0.9949,5515.0,11,0,1,0,0.0,0
0.0626,73,0,0.8814,7482.0,9,0,1,0,0.0,0
0.7098,55,0,0.2191,5462.0,13,0,3,0,0.0,0
0.4042,61,0,0.2043,6074.0,4,0,0,0,0.0,0
0.0843,57,0,0.3306,,11,0,1,0,1.0,0
0.5776,47,0,0.084,,8,0,1,0,0.0,0
0.2191,30,0,0.4909,5882.0,8,0,0,0,2.0,0
0.7512,55,0,0.5201,11049.0,6,0,1,0,0.0,0
0.1524,71,0,0.1709,15818.0,6,0,0,0,1.0,0
0.1199,60,0,0.2687,9889.0,4,0,2,0,1.0,0
0.5656,37,0,0.2082,3255.0,6,0,2,0,0.0,0
0.2991,67,0,0.6298,,8,0,2,0,0.0,0
0.4931,48,0,0.1789,3820.0,15,0,0,0,0.0,0
0.5356,23,0,0.3555,2853.0,11,0,1,0,0.0,0
0.3158,66,1,0.0542,12045.0,7,0,3,0,0.0,0
1.1141,39,0,0.3784,5430.0,5,0,0,0,1.0,1
0.1898,77,0,0.5217,9885.0,10,0,0,0,3.0,0
0.3538,68,0,0.7615,1136.0,3,0,3,0,2.0,0
0.8411,49,0,0.1776,5707.0,8,0,2,0,1.0,0
0.3526,58,0,0.8932,21382.0,11,0,2,0,1.0,0
0.1311,86,0,0.1133,10300.0,9,0,0,0,3.0,0
0.2791,66,0,0.0438,5502.0,4,0,0,0,0.0,0
0.253,55,2,0.5207,5724.0,8,0,1,2,2.0,0
0.8013,92,0,0.1679,9369.0,6,0,2,0,1.0,0
1.8737,54,0,0.3624,2161.0,7,0,0,0,0.0,0
0.7816,60,0,0.5211,6708.0,2,0,0,0,0.0,0
0.9537,39,0,0.3837,4042.0,9,0,0,0,0.0,0
0.6826,29,0,0.1126,12548.0,7,0,0,0,2.0,0
0.3393,48,0,0.574,,4,0,2,0,0.0,0
0.2075,53,0,0.2284,,6,0,4,0,1.0,0
3.5255,57,0,1.0273,2408.0,7,0,3,0,1.0,0
0.2023,32,0,0.157,8462.0,10,0,1,0,0.0,0
0.5416,61,0,0.1908,,6,0,0,0,0.0,0
4.8485,40,0,0.2531,6020.0,9,0,2,0,2.0,0
0.3852,61,0,0.1092,4436.0,8,0,1,0,0.0,0
0.1545,65,0,0.6349,,14,0,2,0,0.0,0
1.1603,46,0,0.7637,1938.0,6,0,0,0,0.0,0
0.1478,39,0,0.1945,6075.0,9,0,0,0,1.0,0
0.0111,74,0,0.2907,6972.0,10,0,2,0,1.0,0
0.4363,64,0,0.1943,,11,0,3,0,0.0,0
0.5104,54,0,0.2934,12663.0,6,0,2,0,0.0,0
0.3928,73,0,1.4066,3734.0,7,0,1,0,,0
0.1213,53,0,0.0406,,7,0,1,0,,0
0.3183,43,0,0.1421,,10,0,1,0,1.0,0
0.0554,38,1,0.1477,5621.0,9,0,2,0,1.0,0
2.9651,50,0,0.3786,2812.0,11,0,3,0,1.0,0
3.8111,63,0,0.2403,,3,0,0,0,0.0,0
0.0882,71,0,0.6938,9791.0,7,0,3,0,1.0,0
0.4237,52,0,0.6583,1626.0,9,0,0,0,0.0,0
0.0103,69,0,0.574,4256.0,9,0,0,0,0.0,0
0.1711,49,0,0.4702,4179.0,5,0,0,0,,0
0.0838,41,0,0.201,,9,0,1,0,0.0,0
0.2389,34,0,0.2013,,3,0,3,0,0.0,0
0.419,45,0,0.5135,8239.0,14,0,1,0,0.0,0
0.5003,34,0,0.5369,12600.0,6,0,1,0,3.0,0
0.1282,80,0,0.7394,20396.0,6,0,2,0,1.0,0
0.2229,58,0,0.1261,,8,0,0,0,0.0,0
2.3807,51,0,0.1992,,10,0,1,0,,0
0.273,76,0,0.4235,,11,0,1,0,2.0,0
0.2646,34,0,0.0725,,7,0,0,0,0.0,0
0.3066,50,0,0.7537,4253.0,11,0,2,0,0.0,0
0.2497,80,0,0.286,5354.0,8,0,0,0,0.0,0
1.6163,50,0,0.3033,8054.0,8,0,1,0,0.0,0
0.4022,86,0,0.9825,,7,0,3,0,,0
1.3257,63,0,0.6546,,6,0,2,0,0.0,0
1.0459,70,0,0.419,13873.0,8,0,0,0,2.0,0
0.6379,71,0,0.4293,3132.0,14,0,0,0,1.0,0
0.6263,52,0,0.2208,7360.0,11,0,0,0,1.0,0
0.1472,45,0,0.0442,5184.0,6,0,2,0,3.0,0
0.2702,50,0,0.0246,6421.0,11,0,1,0,0.0,0
0.7241,38,0,0.2942,6588.0,5,0,1,0,0.0,0
0.2576,51,0,0.2945,3533.0,7,0,0,0,3.0,0
0.1009,52,0,0.756,2128.0,5,0,1,0,1.0,0
0.3869,76,0,0.3221,6427.0,14,0,0,0,2.0,0
0.5041,60,2,0.9426,7833.0,6,0,0,0,0.0,0
3.0205,85,0,0.3076,2439.0,6,0,1,0,0.0,0
1.1531,22,0,0.5422,,7,0,0,0,2.0,1
0.1621,35,0,0.6016,1804.0,7,0,1,0,0.0,0
0.8149,47,0,0.4706,3234.0,9,0,0,0,0.0,0
0.1072,73,0,0.5492,,9,0,0,0,1.0,0
1.2811,50,0,0.1286,,3,0,1,0,0.0,0
0.0846,31,0,0.1667,,9,0,1,0,1.0,0
0.4217,49,0,0.6407,,8,0,3,0,0.0,0
0.4649,35,0,0.6708,1265.0,11,0,0,0,0.0,0
0.9447,32,0,0.677,10478.0,9,0,1,0,0.0,0
0.4872,80,0,0.3585,6488.0,8,0,0,0,1.0,0
0.6894,47,0,0.3987,6279.0,7,0,1,0,0.0,0
0.4867,54,0,1.2282,7507.0,13,0,1,0,1.0,0
0.0686,51,0,0.5945,4291.0,6,0,3,0,2.0,0
0.1041,48,0,0.7597,2649.0,9,0,2,0,0.0,0
0.5172,40,0,1.3727,11888.0,4,0,0,0,0.0,0
0.5361,48,0,0.6666,21952.0,8,0,1,0,3.0,0
0.697,57,0,0.1134,3060.0,12,0,3,0,0.0,0
0.0683,72,0,0.3456,3092.0,9,0,2,0,0.0,0
0.033,65,0,0.4071,13836.0,8,0,0,0,0.0,0
1.3555,35,0,0.4514,7709.0,6,0,1,0,1.0,0
0.7751,66,0,0.7104,8212.0,14,0,1,0,3.0,0
0.0689,59,0,0.4386,3632.0,12,0,0,0,0.0,0
0.5777,43,0,0.4946,9954.0,4,0,4,0,0.0,0
0.0234,55,0,1.012,8221.0,10,0,1,0,1.0,0
0.7517,60,0,0.407,6842.0,6,0,1,0,2.0,0
2.1648,53,0,0.369,4490.0,7,0,1,0,1.0,0
0.1702,59,0,0.5064,3687.0,11,0,0,0,0.0,0
0.6997,40,0,0.1406,,8,0,3,0,0.0,0
0.0804,80,0,0.3359,12746.0,13,0,2,0,1.0,0
0.2766,25,0,0.7896,3982.0,9,0,1,0,1.0,0
0.3376,60,0,0.7387,4988.0,9,0,1,0,2.0,0
0.4076,57,0,0.7643,2865.0,9,0,0,0,1.0,0
0.4722,61,0,0.2666,3194.0,10,0,0,0,0.0,0
0.0945,42,0,0.8211,,8,0,0,0,1.0,0
0.8485,68,0,0.6747,2394.0,16,0,1,0,0.0,0
0.3085,50,0,0.103,1367.0,3,0,0,0,0.0,0
0.0701,35,0,0.7048,15838.0,7,0,1,0,2.0,0
0.8947,37,0,0.6554,4402.0,7,0,0,0,1.0,0
0.7062,54,0,0.5814,7788.0,5,0,0,0,1.0,0
0.6145,30,0,0.7228,11129.0,11,0,0,0,0.0,0
0.396,77,0,0.652,14430.0,4,0,1,0,0.0,0
0.4395,67,0,0.9599,13136.0,11,0,2,0,1.0,0
0.1157,78,0,0.0491,,9,0,1,0,1.0,0
0.1623,76,0,0.2849,13291.0,5,0,1,0,2.0,0
0.1654,47,0,0.4947,,8,0,1,0,0.0,0
0.2305,40,0,0.7845,6522.0,12,0,2,0,0.0,0
0.2128,21,0,0.2627,6044.0,7,0,1,0,3.0,0
0.8274,46,0,0.3129,10595.0,10,0,1,0,0.0,0
0.9708,77,0,0.7082,4770.0,9,0,0,0,2.0,0
0.4426,40,0,0.3539,8613.0,13,0,0,0,3.0,0
0.5677,49,1,0.2231,9235.0,9,0,2,1,1.0,0
0.3463,44,0,0.2314,3523.0,8,0,0,0,2.0,0
2.0351,57,0,0.1953,5981.0,7,0,0,0,0.0,0
0.171,70,0,0.0586,,8,0,0,0,1.0,0
9.1393,30,0,0.4104,4832.0,6,0,0,0,0.0,0
0.321,33,0,0.7045,8463.0,5,0,0,0,1.0,0
0.4577,73,0,0.3982,17306.0,13,0,1,0,1.0,0
0.6446,62,0,0.2641,4371.0,6,0,2,0,2.0,0
0.0589,48,0,0.4548,,9,0,0,0,0.0,0
3.8135,76,0,0.3053,2034.0,6,0,2,0,1.0,0
0.0618,33,2,0.6243,5952.0,7,0,1,0,1.0,0
0.0332,65,0,0.7576,3039.0,9,0,1,0,0.0,0
0.0225,51,0,0.9162,3406.0,16,0,2,0,2.0,0
0.3354,60,0,0.1482,2789.0,8,0,4,0,0.0,0
1.9283,21,0,0.3629,6709.0,9,0,3,0,0.0,0
0.5553,48,0,0.4726,8319.0,10,0,1,0,0.0,0
0.5345,62,0,0.5366,14126.0,8,0,2,0,0.0,0
3.1723,51,2,0.189,16026.0,11,0,0,1,1.0,0
0.2013,70,0,0.5543,,8,0,1,0,0.0,0
0.7677,69,0,0.6788,,11,0,1,0,1.0,0
0.0497,39,0,0.5296,5887.0,8,0,1,0,1.0,0
0.0121,64,0,1.0849,2306.0,6,0,1,0,2.0,0
0.4984,38,0,0.6277,4607.0,10,0,1,0,0.0,0
0.0093,53,0,0.1293,,9,0,0,0,1.0,0
0.1027,61,0,0.0565,2692.0,10,0,1,0,1.0,0
0.5296,40,0,0.1287,,4,0,2,0,3.0,0
1.2904,63,0,0.6106,,9,0,0,0,1.0,0
0.0156,45,0,0.5951,7534.0,13,0,1,0,1.0,0
2.2222,44,0,0.8799,7480.0,8,0,2,0,0.0,0
2.2192,62,0,0.543,10337.0,16,0,0,0,2.0,0
0.1347,40,0,0.3364,1194.0,7,0,2,0,1.0,0
0.4812,40,0,0.0952,,8,0,1,0,0.0,0
6.0939,67,0,0.2334,5949.0,4,0,1,0,1.0,0
6.3238,54,0,0.4355,3508.0,5,0,0,0,2.0,0
0.9983,32,0,0.4787,6678.0,14,0,1,0,0.0,0
0.4395,64,0,0.5374,2459.0,9,0,0,0,0.0,0
1.4521,46,0,0.4681,3140.0,12,0,0,0,1.0,0
0.5599,32,0,0.7881,6048.0,7,0,0,0,2.0,0
0.0097,21,0,0.8842,8047.0,13,0,0,0,1.0,0
0.1024,65,2,0.5755,3253.0,11,0,2,1,,0
0.5071,40,0,0.6405,7255.0,11,0,1,0,0.0,0
0.4885,35,0,0.2111,6667.0,9,0,1,0,0.0,0
0.1181,61,0,0.2964,7475.0,4,0,1,0,2.0,0
0.2534,63,0,0.2946,16592.0,14,0,0,0,2.0,0
0.3844,41,0,0.3732,8301.0,8,0,2,0,0.0,0
0.2026,65,0,0.7418,3967.0,7,0,0,0,0.0,0
4.0246,81,0,0.5351,12301.0,6,0,1,0,0.0,0
0.4472,71,2,0.5618,3760.0,5,0,0,0,2.0,0
0.453,69,0,0.4443,5963.0,9,0,0,0,0.0,0
1.247,56,2,0.34,12439.0,4,1,1,0,0.0,0
0.2877,46,0,0.1729,,7,0,0,0,1.0,0
0.2869,51,0,0.9787,4297.0,7,0,0,0,0.0,0
3.4843,58,0,0.305,3639.0,11,0,1,0,0.0,0
1.3078,34,0,0.6225,6111.0,6,0,1,0,3.0,0
0.3265,41,2,0.1255,1159.0,9,0,2,4,2.0,0
0.7422,32,0,0.6155,13049.0,5,0,0,0,0.0,0
0.42,55,0,0.4644,,7,0,2,0,0.0,0
0.3199,53,0,0.339,2711.0,5,0,0,0,0.0,0
1.462,43,3,0.497,2060.0,15,0,3,0,1.0,0
0.1079,63,0,0.9069,2655.0,6,0,1,0,0.0,0
3.4057,37,0,0.6998,7119.0,10,0,2,0,0.0,0
0.2436,42,0,0.7125,,6,0,1,0,2.0,0
0.273,63,0,0.582,13990.0,9,0,2,0,1.0,0
0.1921,65,0,0.1815,,7,0,3,0,0.0,0
0.103,41,0,0.2007,6986.0,7,0,1,0,1.0,0
0.1261,55,1,0.8769,2776.0,7,0,1,1,2.0,0
0.3702,41,0,0.6227,1378.0,8,0,1,0,,0
0.2402,49,1,0.8243,3483.0,7,0,0,0,,0
0.6192,54,0,0.477,3774.0,11,0,3,0,1.0,0
0.5028,60,0,0.2714,2227.0,5,0,2,0,3.0,0
0.6118,56,0,0.2164,,10,0,0,0,1.0,0
0.1058,56,0,0.6195,14226.0,10,0,2,0,0.0,0
0.1564,37,0,0.15,,12,0,2,0,0.0,0
0.5499,57,0,0.3532,,9,0,1,0,1.0,1
0.2903,60,0,0.5695,8007.0,4,0,1,0,0.0,0
0.1506,62,0,0.5057,10797.0,7,0,1,0,0.0,0
0.7327,42,0,0.2111,10180.0,4,0,0,0,0.0,0
0.4949,65,0,0.0962,,10,0,6,0,1.0,0
0.4814,34,0,0.3791,7685.0,13,0,2,0,0.0,0
0.2431,46,0,0.5573,4005.0,10,0,4,0,1.0,0
0.1614,48,0,0.26,3479.0,8,0,2,0,0.0,0
0.4285,34,2,0.5964,6598.0,8,0,0,0,3.0,0
2.315,48,1,0.2903,2859.0,9,0,1,2,0.0,0
0.2917,55,0,0.2137,5166.0,9,0,4,0,1.0,0
2.6995,26,0,0.986,9364.0,7,0,1,0,0.0,0
0.3722,46,0,0.4497,,4,0,0,0,1.0,0
0.434,28,0,0.7262,,8,0,0,0,0.0,0
0.3955,81,0,0.7245,45695.0,11,0,0,0,0.0,0
0.2044,55,0,0.3183,1387.0,12,0,1,0,1.0,0
0.0351,54,0,0.3387,2094.0,6,0,2,0,0.0,0
0.4992,55,0,0.1405,6855.0,9,0,1,0,1.0,0
0.0849,60,0,0.2299,,8,0,0,0,0.0,0
0.6897,66,0,0.4106,,7,0,1,0,0.0,0
0.7522,30,0,0.4181,3577.0,5,0,0,0,0.0,0
0.0058,70,0,0.1736,7500.0,10,0,3,0,2.0,0
0.6134,69,0,0.06,4991.0,7,0,0,0,1.0,0
0.5355,51,0,0.2226,,8,0,0,0,0.0,0
0.0889,50,0,0.393,9265.0,7,0,0,0,2.0,0
1.9682,21,0,0.8141,4378.0,8,0,1,0,1.0,1
1.9746,35,0,1.078,7951.0,7,0,1,0,1.0,0
0.0241,59,0,0.5414,4909.0,7,0,1,0,1.0,0
0.5854,69,0,0.5765,5989.0,7,0,1,0,0.0,0
2.9599,62,0,0.2989,8013.0,14,0,1,0,0.0,0
0.5819,51,0,0.5654,1483.0,8,0,2,0,2.0,0
0.4715,79,0,0.7195,4583.0,8,0,1,0,0.0,1
0.5616,66,0,0.3545,7017.0,6,0,2,0,3.0,0
0.5867,46,0,0.8141,5212.0,4,0,1,0,1.0,0
0.7464,83,0,0.381,7766.0,9,0,1,0,2.0,0
0.0712,37,0,0.5241,9061.0,8,0,3,0,1.0,0
0.2658,31,0,0.7116,3683.0,10,0,1,0,1.0,0
0.5297,46,0,0.4577,4664.0,6,0,0,0,0.0,0
0.4432,41,0,0.7183,2840.0,12,0,1,0,1.0,1
0.3595,47,0,0.1659,,4,0,0,0,1.0,0
0.2399,63,0,0.3674,6916.0,6,0,0,0,0.0,0
0.1958,52,0,0.3111,5860.0,11,0,2,0,0.0,0
0.118,52,0,0.9112,3605.0,10,0,2,0,1.0,0
0.3002,53,0,0.0469,2277.0,12,0,2,0,1.0,0
1.3045,21,0,0.5678,,7,0,0,0,0.0,0
1.7998,31,0,0.5604,5249.0,6,0,0,0,2.0,0
0.1981,47,0,0.656,2672.0,8,0,2,0,2.0,0
0.4645,40,0,0.2887,,9,0,0,0,0.0,0
0.0992,49,0,0.0235,5969.0,8,0,3,0,1.0,0
5.0942,72,0,0.5063,3548.0,9,0,0,0,0.0,0
0.3099,51,0,0.3618,5683.0,6,0,2,0,0.0,0
1.3174,33,0,0.0157,3621.0,5,0,5,0,0.0,0
3.0276,41,0,0.2707,3093.0,11,0,0,2,0.0,0
2.2152,76,0,0.5132,,4,0,3,0,0.0,0
0.0252,73,0,1.0889,,8,0,0,0,2.0,0
0.1153,60,0,0.0878,,6,0,0,0,0.0,0
0.312,30,0,0.392,,10,0,0,0,0.0,0
0.5183,56,0,0.4277,3843.0,9,0,0,0,1.0,0
0.0416,57,0,0.3964,,5,0,2,0,1.0,0
0.2842,52,0,0.1205,9374.0,7,0,3,0,0.0,0
2.7124,44,1,0.066,,6,2,3,2,0.0,0
1.9802,47,0,0.3254,,10,0,1,0,1.0,0
0.4549,43,0,0.106,4986.0,7,0,1,0,1.0,0
0.5207,36,0,0.634,9243.0,9,0,2,0,0.0,0
0.3039,71,0,0.7035,5800.0,12,0,0,0,2.0,0
5.0692,64,0,0.5836,,11,0,1,0,1.0,0
0.1673,48,0,0.1003,4066.0,7,0,3,0,0.0,0
0.5091,57,0,0.523,7235.0,2,0,0,0,0.0,0
0.3736,57,0,0.148,3490.0,6,0,2,0,0.0,0
0.1356,85,0,0.8366,5676.0,10,0,1,0,0.0,0
0.8886,64,0,0.5292,3630.0,10,0,0,0,0.0,1
0.0426,64,0,0.3234,6795.0,10,0,0,0,0.0,0
0.2859,53,0,1.2831,4580.0,4,0,0,0,0.0,0
0.2377,46,0,0.4738,4477.0,11,0,0,0,2.0,0
0.4137,71,0,0.2637,16334.0,9,0,1,0,1.0,0
0.1473,61,0,0.3912,12263.0,6,0,1,0,0.0,0
0.3059,40,0,0.3,9532.0,9,0,1,0,1.0,0
0.3899,58,0,0.0477,,14,0,0,0,0.0,0
0.0683,64,0,0.3819,2790.0,6,0,1,0,1.0,0
0.8282,23,0,0.3691,3069.0,11,0,1,0,0.0,0
0.4449,39,0,0.0768,,7,0,0,0,0.0,0
0.8962,57,0,1.0024,,9,0,0,0,1.0,0
0.6854,25,0,0.1392,2780.0,8,0,2,0,,0
2.6515,27,0,0.2911,,8,0,2,0,2.0,0
0.1887,48,0,0.1642,2150.0,15,0,2,0,1.0,0
5.4821,59,0,0.4961,,5,0,1,0,2.0,0
0.5174,60,0,0.3048,2966.0,13,0,0,0,2.0,1
0.5763,74,0,0.4342,,9,0,0,0,1.0,0
3.3923,53,0,0.395,1216.0,7,0,1,0,2.0,0
1.3104,47,3,0.7614,2025.0,8,0,0,0,2.0,0
0.5694,34,0,0.4725,,6,0,0,0,1.0,1
0.7384,47,0,0.8051,10906.0,2,0,1,0,1.0,0
0.4697,62,0,0.2145,9212.0,7,0,1,0,1.0,0
0.5058,63,0,0.351,,9,0,3,0,1.0,1
0.7498,56,0,0.3096,8376.0,4,0,2,0,4.0,0
0.7436,60,0,0.2648,7014.0,5,0,0,0,1.0,0
0.6985,70,0,0.3191,3272.0,7,0,1,0,0.0,0
0.7495,53,0,0.3788,15599.0,7,0,0,0,1.0,0
0.324,71,0,0.3531,9303.0,6,0,2,0,0.0,0
0.0947,42,0,0.3175,3838.0,4,0,2,0,0.0,0
0.0825,51,5,0.5359,7200.0,7,0,0,0,0.0,0
0.0169,45,0,0.5164,10788.0,7,0,1,0,0.0,0
0.6044,63,0,0.6713,4054.0,5,0,0,0,0.0,1
0.1556,38,0,0.2604,,10,0,0,0,1.0,0
0.9706,47,0,0.2749,7161.0,7,0,2,0,1.0,0
1.0863,26,0,0.668,2545.0,8,0,2,0,0.0,1
0.2517,60,4,0.6533,10278.0,10,0,1,0,0.0,0
0.3537,69,0,0.5828,4153.0,7,0,1,0,0.0,0
0.2589,65,0,0.2797,,5,0,0,0,1.0,0
0.0586,63,0,0.1316,,13,0,0,0,0.0,0
0.0476,64,0,0.7479,10958.0,6,0,0,0,0.0,0
0.2531,62,0,0.8401,4209.0,9,0,0,0,1.0,0
2.0187,61,0,0.324,1893.0,6,0,0,0,0.0,0
0.2944,62,0,0.5553,1618.0,4,0,1,0,0.0,0
0.493,43,0,0.6241,3356.0,8,0,2,0,0.0,0
0.5451,49,0,0.3843,2682.0,9,0,1,0,1.0,0
0.3476,53,0,0.4011,,8,0,1,0,0.0,0
1.0796,47,0,0.5255,2276.0,7,0,1,0,0.0,0
1.1335,30,0,0.1862,5154.0,6,0,0,0,2.0,0
0.5465,35,0,0.5511,5746.0,9,0,2,0,1.0,0
0.3317,55,2,0.3992,5218.0,8,0,1,0,0.0,0
0.4987,65,0,0.3542,12400.0,6,0,2,0,0.0,0
0.2778,52,0,0.3615,3837.0,7,0,4,0,,0
0.8948,91,2,0.417,13680.0,8,0,1,0,1.0,0
0.217,39,0,0.4019,2590.0,7,0,1,0,0.0,0
0.1375,58,0,0.8741,5732.0,12,0,0,0,0.0,0
0.2951,70,0,0.6646,7796.0,10,0,1,0,0.0,0
0.2107,67,0,0.1008,4637.0,9,0,3,0,0.0,0
0.5526,61,0,0.0962,2053.0,10,0,1,0,0.0,0
0.5492,67,0,0.6539,2972.0,12,0,0,0,0.0,0
0.827,53,0,0.4685,4430.0,13,0,0,0,0.0,0
0.0089,75,0,0.6041,9492.0,8,0,1,0,1.0,0
0.3661,70,0,0.2974,27120.0,9,0,0,0,2.0,0
1.6593,40,0,1.0457,,4,0,0,0,1.0,0
0.3532,57,0,0.8263,3076.0,6,0,0,0,1.0,0
0.0122,30,0,0.1519,4555.0,9,0,0,0,1.0,0
0.7722,73,0,0.7704,9732.0,4,0,1,0,1.0,0
0.0564,55,0,0.2053,7361.0,6,0,0,0,1.0,0
5.4175,71,0,0.2323,,5,0,1,0,,0
0.6877,50,1,0.4955,7003.0,11,0,1,0,1.0,0
0.8135,26,0,0.6065,5229.0,5,0,2,0,1.0,0
2.2294,89,0,0.476,,10,0,1,0,0.0,1
0.48,54,0,0.4862,6180.0,13,0,0,0,3.0,0
0.2228,38,0,0.8734,1672.0,10,0,1,0,0.0,0
3.0598,68,0,0.0856,1947.0,11,0,0,0,1.0,0
0.9608,81,0,0.5959,6437.0,9,0,1,0,0.0,0
0.5716,49,0,0.6902,6798.0,7,0,1,0,0.0,0
1.0603,51,0,1.0907,3998.0,9,0,2,0,0.0,0
0.1227,55,0,0.1347,5111.0,11,0,1,0,1.0,0
1.0001,36,0,0.4921,2882.0,6,1,2,0,1.0,0
0.1977,42,0,0.6037,4935.0,11,0,2,0,0.0,0
0.4006,77,0,0.8048,5744.0,3,0,1,0,2.0,0
0.2143,50,0,0.2571,10943.0,9,0,2,0,2.0,0
0.8228,40,0,0.4228,1308.0,7,0,0,0,0.0,0
0.0401,46,0,0.6513,3461.0,4,0,1,0,1.0,0
2.3407,67,0,0.6027,,10,1,1,2,0.0,0
1.0665,24,0,0.7993,4998.0,3,0,1,0,,0
0.2178,56,0,0.5767,,9,0,1,0,0.0,0
0.6956,86,0,0.145,6157.0,6,0,0,0,1.0,0
0.6437,80,0,0.2197,9260.0,6,0,1,0,1.0,0
0.7701,60,0,0.2672,3839.0,9,0,2,0,0.0,0
1.9213,70,0,0.3569,,12,0,0,0,0.0,1
0.5399,70,0,0.0914,10133.0,13,0,1,0,0.0,0
0.0293,50,0,0.1436,4405.0,9,0,1,0,2.0,0
0.072,65,0,0.3997,3146.0,15,0,0,0,2.0,0
0.124,77,0,0.3397,,5,0,2,0,0.0,0
3.5544,34,0,0.4404,7682.0,8,0,2,0,2.0,0
0.9743,60,0,0.1146,,6,0,3,0,2.0,0
0.0852,57,0,1.022,4389.0,8,0,2,0,0.0,0
5.1665,53,0,0.4766,6352.0,13,0,0,0,0.0,0
0.6268,52,0,0.8585,3121.0,8,0,1,0,0.0,0
0.7076,55,0,0.4426,2002.0,5,0,0,0,0.0,0
0.1737,56,0,0.3537,,12,0,1,0,0.0,0
0.2503,68,0,0.3363,,4,0,1,0,0.0,0
0.0764,59,0,0.4588,11259.0,10,0,0,0,1.0,0
1.4316,50,0,0.1926,3908.0,9,0,0,0,0.0,0
0.3447,40,0,0.1582,,4,0,0,0,0.0,0
0.4284,45,0,0.5805,12416.0,11,0,2,0,0.0,0
0.0357,56,0,0.4133,9097.0,7,0,1,0,2.0,0
3.2326,42,0,0.3743,,6,0,0,0,0.0,0
0.0332,65,0,0.3062,,7,0,3,0,,0
0.2026,58,0,0.5081,7685.0,7,0,0,0,0.0,0
0.574,68,0,0.8781,5828.0,9,0,0,0,0.0,0
0.1525,43,0,0.1729,4380.0,8,0,1,0,0.0,0
0.6738,40,0,0.39,6727.0,5,0,1,0,0.0,1
0.4862,68,0,0.1268,,4,0,2,0,1.0,0
5.58,54,1,0.1897,7040.0,3,1,0,0,1.0,0
0.0482,49,0,0.1697,,7,0,0,0,1.0,0
0.5253,62,0,1.0227,2459.0,6,0,1,0,1.0,0
0.0952,61,0,0.0866,8930.0,9,0,0,0,0.0,0
2.3956,34,0,0.211,,9,0,1,0,1.0,0
0.0181,71,0,0.1564,10140.0,7,0,2,0,1.0,1
3.7296,46,0,0.2452,,12,0,0,0,0.0,0
0.0261,76,0,0.7201,6550.0,8,0,2,0,0.0,0
1.0239,33,0,0.4595,,10,0,2,0,,0
0.1998,56,0,0.3407,1703.0,5,0,1,0,2.0,0
0.2004,49,0,0.5038,5854.0,7,0,1,0,,0
0.2795,24,0,0.3118,5520.0,14,0,0,0,0.0,0
0.4122,61,0,0.2651,3701.0,9,0,0,0,1.0,0
0.0125,25,0,0.2153,9494.0,9,0,0,0,3.0,0
0.0788,48,0,0.2887,8479.0,3,0,2,0,1.0,0
0.4808,67,0,0.1515,6679.0,6,0,1,0,0.0,0
6.0023,45,0,0.4779,4937.0,7,0,4,0,1.0,0
0.169,39,0,0.0571,4196.0,7,0,0,0,0.0,0
2.1806,63,0,0.4597,11369.0,9,0,0,1,1.0,0
0.0831,49,0,0.5397,7856.0,8,0,2,0,1.0,0
0.1339,46,0,1.006,,5,0,3,0,0.0,0
0.0126,70,0,0.2347,,5,0,1,0,0.0,0
0.1628,36,0,0.7922,11218.0,10,0,0,0,1.0,0
0.3146,46,0,0.0984,3230.0,11,0,0,0,1.0,0
0.189,64,0,0.5856,1844.0,8,0,1,0,1.0,0
0.1541,35,0,0.6253,6804.0,12,0,0,0,0.0,0
4.0444,77,0,0.2704,2838.0,7,0,1,0,1.0,0
0.7576,49,0,0.0453,5696.0,12,0,1,0,2.0,0
0.6564,64,0,0.5306,2835.0,5,0,2,0,1.0,0
0.6505,64,0,0.2895,3296.0,5,0,1,0,1.0,0
1.4231,50,0,0.1625,,6,0,1,0,2.0,0
0.0334,45,0,0.3265,2825.0,6,0,0,0,1.0,0
0.8122,51,0,0.7889,,12,0,1,0,3.0,0
1.6494,62,0,0.2222,4166.0,13,0,1,0,0.0,0
0.5483,38,0,0.7678,5977.0,13,0,1,0,1.0,0
0.1983,35,0,0.5401,6149.0,8,0,3,0,0.0,0
0.7813,73,0,0.2645,10664.0,5,0,0,0,0.0,0
0.8374,42,1,0.1312,11656.0,8,0,0,0,0.0,0
0.0172,57,0,0.028,16239.0,8,0,0,0,0.0,0
0.4606,49,0,0.2815,3840.0,6,0,1,0,0.0,0
0.973,50,0,0.3748,5873.0,11,0,1,0,1.0,0
0.0367,72,0,0.5459,8919.0,11,0,0,0,0.0,0
0.2742,51,0,0.4811,6982.0,10,0,1,0,2.0,0
0.0867,47,0,0.6358,12470.0,6,0,0,0,0.0,0
2.5821,48,0,0.1304,9092.0,12,0,1,0,3.0,0
0.5929,45,0,0.4683,4181.0,10,0,2,0,2.0,1
0.0256,43,0,0.6853,7663.0,11,0,2,0,1.0,0
0.1446,45,0,0.3764,,7,1,0,0,1.0,0
7.3865,75,0,0.6754,6035.0,8,0,0,0,1.0,0
1.2525,62,0,0.117,2939.0,7,0,1,0,0.0,0
0.3104,47,0,0.9577,8234.0,7,0,1,0,0.0,0
0.2963,66,0,0.4185,9883.0,14,0,0,0,0.0,0
0.2903,30,0,0.8003,4353.0,6,0,2,0,2.0,0
0.4162,71,0,0.5513,2145.0,5,0,0,0,0.0,0
0.1817,70,0,0.656,5140.0,6,0,1,0,0.0,0
0.4226,83,0,0.5541,5350.0,12,0,0,0,0.0,1
0.43,66,0,0.05,4445.0,9,0,0,0,0.0,0
0.341,58,0,0.1793,2618.0,11,0,0,0,0.0,0
0.2236,70,0,0.5445,5908.0,8,0,1,0,0.0,0
0.4125,43,0,0.9667,6044.0,7,0,0,0,0.0,0
0.4117,46,0,0.0388,5075.0,6,0,3,0,1.0,0
1.3252,51,0,0.3967,5023.0,3,0,1,0,0.0,0
0.6032,71,0,1.0406,14557.0,13,0,1,0,0.0,0
0.7688,40,0,0.5232,10298.0,5,0,0,0,2.0,0
0.2342,39,0,1.0626,8963.0,6,0,2,0,0.0,0
0.5086,55,0,0.0961,14966.0,12,0,0,0,2.0,1
0.1711,62,0,0.6706,2950.0,9,0,2,0,0.0,0
0.6738,42,0,0.7833,,11,0,1,0,2.0,0
0.6594,61,0,0.9359,11163.0,6,0,0,0,0.0,0
0.4702,71,0,0.9047,2496.0,4,0,1,0,0.0,0
0.2195,69,0,0.0733,9609.0,5,0,0,0,,0
0.4243,57,0,0.3156,,10,0,1,0,3.0,0
0.5302,51,0,0.6871,,5,0,1,0,2.0,1
1.7614,76,0,0.2426,11618.0,14,0,2,0,2.0,0
0.8063,52,0,0.7983,5709.0,8,0,0,0,0.0,0
0.5253,65,0,0.1922,5673.0,8,0,0,0,2.0,0
0.1448,79,0,0.244,11213.0,10,0,0,0,,0
5.2938,64,0,0.8972,3580.0,8,0,1,0,,0
1.0325,38,0,0.2176,6265.0,11,0,1,1,3.0,0
2.6517,35,0,0.2683,9090.0,8,0,3,0,1.0,0
0.6701,48,0,0.464,,12,0,0,0,0.0,0
0.5853,62,0,0.3335,8522.0,8,0,0,0,0.0,0
0.4399,58,0,0.7641,2835.0,8,0,0,0,1.0,1
0.695,83,0,0.0529,3947.0,6,0,2,0,1.0,0
0.7786,58,2,0.5705,16254.0,8,0,2,0,0.0,0
0.4611,47,0,0.4027,12002.0,7,0,0,0,1.0,0
1.916,36,0,0.2093,6023.0,8,0,0,0,0.0,0
1.713,69,0,0.5187,11501.0,9,0,0,0,2.0,0
0.327,52,1,0.3416,4229.0,11,0,1,2,1.0,0
0.105,31,0,0.5924,6033.0,6,0,0,0,0.0,0
0.0209,52,0,0.2639,13309.0,8,0,1,0,0.0,0
0.1757,38,1,0.8449,1742.0,8,1,1,0,0.0,0
1.4581,46,0,0.0935,4219.0,7,0,0,0,0.0,0
4.4465,52,0,0.5199,5586.0,4,0,3,0,0.0,0
1.154,39,0,0.441,13494.0,7,0,2,0,2.0,0
0.113,45,0,0.4993,7393.0,10,0,0,0,1.0,0
0.1608,42,0,0.4713,7513.0,12,0,0,0,0.0,0
0.5055,42,0,1.3681,5260.0,5,0,2,0,0.0,0
0.8367,38,0,0.5476,33870.0,8,0,0,0,0.0,0
0.4849,45,0,0.0631,4157.0,11,0,0,0,3.0,0
0.7195,39,0,0.4206,7366.0,6,0,2,0,0.0,1
0.5018,60,0,0.7961,1861.0,7,0,0,0,0.0,0
1.8653,55,0,0.7485,13769.0,7,0,0,0,0.0,0
0.229,69,0,0.665,,12,0,2,0,,0
0.2371,78,0,0.3691,3781.0,14,0,0,0,0.0,0
0.1927,61,0,0.1885,4371.0,9,0,0,0,2.0,0
0.4603,58,1,0.3434,7142.0,8,0,1,0,0.0,0
0.4261,62,0,0.4696,9951.0,6,0,1,0,0.0,0
0.6088,59,0,0.7842,4331.0,7,0,1,0,0.0,0
0.0946,53,0,1.0595,5439.0,8,0,0,0,0.0,0
3.2708,52,0,0.8262,9117.0,5,0,2,0,0.0,0
0.8099,38,0,0.7431,8173.0,13,0,2,0,1.0,0
0.1787,64,0,0.4708,6810.0,12,0,2,0,1.0,0
0.189,52,0,0.3169,3762.0,5,0,1,0,0.0,0
0.6526,72,0,0.7036,,12,0,2,0,0.0,0
0.9613,65,0,0.5343,3614.0,3,0,0,0,2.0,0
0.4561,43,0,0.7153,,5,0,1,0,1.0,1
0.3362,69,0,0.6738,,9,0,1,0,2.0,0
0.1463,21,0,0.7104,,9,0,2,0,0.0,0
0.1883,79,0,1.1619,3702.0,10,0,0,0,0.0,0
3.7093,33,0,0.7072,3869.0,6,0,2,0,1.0,1
0.2016,59,0,0.3237,3420.0,7,0,1,0,0.0,0
0.7583,58,0,0.3578,,5,0,1,0,1.0,0
0.0543,68,0,0.2803,,11,0,0,0,2.0,0
0.4415,47,0,0.1803,,8,0,0,0,0.0,0
0.5913,22,0,0.4324,3316.0,10,0,2,0,0.0,0
0.065,47,0,0.2341,2745.0,7,0,1,0,1.0,0
1.1128,49,0,0.3942,,8,0,0,0,0.0,0
0.4346,23,0,0.7578,6731.0,10,0,1,0,1.0,0
1.9993,53,0,0.535,,9,0,2,0,0.0,0
0.1031,37,0,0.2188,10828.0,7,0,1,0,1.0,0
4.319,61,0,0.6509,2925.0,10,0,1,0,2.0,0
0.0577,49,0,0.4398,10739.0,14,0,0,0,0.0,0
0.286,79,2,0.9574,5783.0,3,0,2,0,1.0,0
0.4089,48,0,0.5911,,7,0,0,0,1.0,0
0.4155,58,0,0.1058,4541.0,10,0,1,0,2.0,0
0.0326,49,0,0.2255,6301.0,6,0,0,0,1.0,0
1.4391,29,0,0.7521,7203.0,8,0,0,0,1.0,0
0.7164,49,0,1.2528,8064.0,8,0,1,0,1.0,0
0.2771,63,0,0.5815,7644.0,10,0,1,0,0.0,0
0.4218,60,0,0.5688,2953.0,11,0,0,0,,1
0.4665,48,0,0.3182,2795.0,10,0,2,0,1.0,0
0.5038,32,0,0.7015,5903.0,7,0,1,0,1.0,0
0.059,61,0,0.0849,2070.0,8,0,1,0,1.0,0
0.6285,58,0,0.6345,5675.0,7,0,2,0,1.0,0
3.4615,64,0,0.0773,4740.0,6,0,1,0,0.0,0
0.53,48,0,0.8582,,7,0,1,0,0.0,0
0.3358,28,0,0.4818,3103.0,8,0,0,0,0.0,0
0.5165,59,0,0.8006,6091.0,6,0,0,0,0.0,0
0.177,52,0,0.3244,39339.0,7,0,1,0,0.0,0
2.4051,71,0,0.8706,11279.0,6,0,3,0,1.0,0
0.178,52,0,0.209,12917.0,8,0,0,0,2.0,0
1.359,51,0,0.9654,,6,0,3,0,0.0,1
3.2919,58,0,0.596,2565.0,7,0,3,2,1.0,0
0.0561,44,0,0.3838,9714.0,8,0,2,0,1.0,0
0.3619,43,0,0.5346,,10,0,2,0,1.0,0
0.1609,51,0,0.5744,4885.0,6,0,0,0,0.0,0
0.4369,39,0,0.4262,4017.0,2,0,1,0,1.0,0
0.4455,49,0,0.2923,2400.0,9,0,1,0,0.0,0
0.1449,79,0,0.6298,,8,0,1,0,1.0,0
0.4682,67,0,0.1686,,4,0,0,0,0.0,0
0.4619,56,0,0.4986,4996.0,7,0,1,0,0.0,0
0.6478,74,0,0.5567,6898.0,9,0,0,0,1.0,0
0.0939,40,0,0.1873,,9,0,2,0,1.0,0
0.3923,87,0,0.2155,8813.0,13,0,1,0,0.0,1
5.1897,46,0,0.4524,,8,0,0,0,0.0,0
0.1203,80,0,0.1913,13388.0,8,0,0,0,0.0,0
0.0418,80,0,0.3552,5530.0,9,0,1,0,1.0,0
0.12,27,0,0.1637,6712.0,8,0,0,0,1.0,0
0.3702,73,0,0.3332,1688.0,6,0,2,0,0.0,0
0.3732,48,0,0.7888,,13,0,1,0,,0
0.6857,44,0,0.4708,6684.0,7,0,2,0,0.0,0
0.1857,59,0,0.0142,3995.0,12,0,1,0,0.0,0
0.9163,38,0,0.4792,4493.0,7,0,1,0,1.0,0
2.4139,59,0,0.8363,10265.0,9,0,0,0,0.0,0
0.9851,39,0,0.2951,8419.0,11,0,1,0,0.0,0
0.3936,54,0,1.1639,,11,0,0,0,1.0,0
0.6267,71,0,0.2816,7034.0,13,0,0,0,1.0,0
1.0722,57,0,0.5507,2928.0,9,0,0,0,0.0,0
0.0014,47,0,0.1202,4353.0,13,0,1,0,1.0,0
0.1365,60,0,0.3469,5206.0,9,0,1,0,2.0,0
0.5598,32,0,0.7027,11449.0,8,0,0,0,1.0,0
0.0349,40,0,0.4494,7952.0,11,0,0,0,0.0,0
1.068,46,0,0.5064,4344.0,6,0,1,0,0.0,0
0.2231,63,0,0.43,9288.0,10,0,1,0,2.0,0
0.417,58,0,0.4188,5375.0,6,0,1,0,2.0,0
0.4947,59,0,0.2677,6168.0,6,0,2,0,0.0,0
0.1573,52,0,0.4177,12868.0,12,0,0,0,0.0,0
0.547,41,0,0.3608,7600.0,11,0,1,0,3.0,0
0.5396,73,2,0.8011,2971.0,10,0,3,0,1.0,0
0.6327,42,0,0.3985,1781.0,6,0,2,0,0.0,0
0.065,58,0,0.7047,5861.0,6,0,1,0,0.0,0
2.9883,50,0,0.4752,,11,0,1,0,0.0,1
0.6622,60,0,0.512,6167.0,8,0,0,0,1.0,0
0.5899,44,0,0.5073,,10,0,1,0,1.0,1
0.3343,67,0,0.7635,5522.0,9,0,2,0,0.0,0
0.3564,71,0,0.1725,,5,0,0,0,1.0,0
0.3661,66,0,0.1465,6345.0,11,0,1,0,1.0,0
0.4105,54,0,0.9457,31342.0,3,0,0,0,2.0,0
0.2605,46,0,0.1242,5200.0,10,0,0,0,0.0,0
0.0247,92,0,0.3084,12209.0,6,0,0,0,1.0,1
1.4683,38,0,0.7091,,6,0,1,0,2.0,0
0.6451,64,0,0.6491,9018.0,9,0,0,0,0.0,0
0.4532,57,0,0.3231,2881.0,9,0,1,0,3.0,0
0.217,51,0,0.6868,6261.0,6,0,2,0,2.0,0
4.4978,55,0,0.2955,2044.0,8,0,2,0,1.0,0
0.2911,45,0,0.6523,8591.0,10,0,0,0,0.0,0
0.9007,58,0,0.4552,7038.0,4,0,2,0,1.0,0
0.0024,56,0,0.2384,3714.0,8,0,1,0,1.0,0
0.3572,89,1,0.7252,,2,0,0,0,0.0,1
0.0858,67,0,0.7572,,7,0,0,0,2.0,0
0.1053,59,0,0.4992,,11,0,1,0,0.0,0
0.8239,60,0,0.1941,4873.0,7,0,0,0,1.0,0
0.2035,78,0,0.8349,,12,0,0,0,0.0,0
0.0917,38,0,0.8319,2453.0,11,0,3,0,0.0,0
0.3498,49,0,0.4385,5992.0,5,0,0,0,3.0,0
0.3322,25,0,0.2651,3683.0,6,0,1,0,2.0,0
1.655,60,0,0.5207,5102.0,9,0,1,0,0.0,0
0.7781,64,0,0.3768,11126.0,7,0,2,0,0.0,0
0.8165,38,0,0.6401,,9,0,1,0,1.0,0
0.2596,72,0,0.6053,4940.0,15,0,0,0,2.0,0
0.6897,42,0,0.1529,6029.0,9,0,2,0,0.0,0
0.058,47,0,0.2354,2678.0,9,0,0,0,3.0,0
0.0643,54,0,0.4223,,14,0,0,0,1.0,0
2.7536,74,0,0.48,5501.0,4,0,0,0,0.0,0
0.4157,40,0,0.9548,5834.0,11,0,0,0,0.0,0
0.4584,56,0,0.3506,2785.0,9,0,2,0,0.0,0
0.0778,63,0,0.5181,6105.0,8,0,1,0,2.0,0
0.1713,60,0,0.491,,16,0,2,0,0.0,0
0.7299,60,0,1.6401,6150.0,5,0,0,0,0.0,0
0.5767,63,0,0.4867,7814.0,12,0,2,0,0.0,0
0.5658,44,1,0.3554,14021.0,5,0,0,0,1.0,0
2.4111,76,0,0.4417,3839.0,15,0,2,0,1.0,0
0.2959,50,0,1.0935,10637.0,6,0,2,0,1.0,0
0.5368,49,0,0.3785,12101.0,5,0,0,0,0.0,0
0.3358,71,0,0.452,2659.0,6,0,0,0,0.0,0
1.9276,43,0,0.166,9793.0,7,0,0,0,0.0,0
0.9828,56,0,0.3699,2587.0,11,0,2,0,2.0,0
0.1236,42,0,0.3171,4032.0,4,0,3,0,0.0,0
0.7964,87,0,0.1812,4076.0,6,0,3,0,0.0,1
0.0709,84,0,0.4858,,13,0,2,0,0.0,0
0.9504,50,0,0.8254,4355.0,10,0,0,0,1.0,0
0.377,59,0,0.843,7886.0,14,0,0,0,0.0,0
0.4655,52,0,0.1795,7828.0,9,0,2,0,0.0,0
0.9201,47,0,0.9903,7358.0,5,0,1,0,2.0,0
0.1447,54,0,0.0377,6578.0,4,0,2,0,0.0,0
0.716,51,0,0.3106,,6,0,1,0,0.0,0
0.2332,31,0,0.3575,,5,0,0,0,1.0,0
0.456,56,0,0.7458,,10,0,0,0,0.0,1
4.3136,51,0,0.5945,,8,0,2,0,0.0,0
0.9477,56,0,0.2382,4297.0,3,0,1,0,1.0,0
0.1666,51,0,0.4856,6881.0,10,0,1,0,0.0,0
0.0797,47,0,0.8799,,7,0,0,0,1.0,0
1.0942,64,0,0.6645,12290.0,11,0,0,0,0.0,0
0.4691,59,0,0.5962,7821.0,12,0,2,0,2.0,0
0.1214,72,0,0.6319,,4,0,0,0,0.0,0
0.6255,59,0,0.8876,5679.0,9,0,2,0,1.0,0
3.782,49,0,0.0418,14329.0,6,0,0,0,1.0,0
0.0395,61,0,0.1355,,8,0,0,0,0.0,0
0.486,24,0,0.2138,10129.0,9,0,0,0,1.0,0
0.8236,81,0,0.885,2969.0,5,0,1,0,3.0,1
3.6442,56,0,0.4782,3825.0,8,0,0,0,1.0,0
0.3069,83,0,0.8782,12979.0,4,0,2,0,0.0,0
0.0702,40,0,0.7179,5041.0,10,0,5,0,0.0,0
1.2942,36,0,1.0015,,3,0,1,0,0.0,0
0.078,57,0,0.5046,13739.0,6,0,2,0,0.0,0
0.4733,57,0,0.6637,,11,0,2,0,0.0,0
0.5929,57,0,0.3639,,7,0,1,0,0.0,0
0.4023,55,0,0.7005,1201.0,7,0,1,0,0.0,0
1.7228,43,0,0.3494,5674.0,8,0,1,0,1.0,0
1.5535,31,0,0.0058,3659.0,12,0,1,0,0.0,0
0.0308,56,0,0.543,,7,0,0,0,1.0,0
0.4064,34,0,0.1299,1840.0,9,0,0,0,0.0,0
0.5385,33,0,0.1434,5274.0,10,0,1,0,0.0,0
0.2684,47,0,0.1575,16844.0,3,0,1,0,0.0,0
0.4983,58,0,0.2715,17207.0,9,0,1,0,0.0,0
0.8675,80,0,0.1027,,7,0,3,0,1.0,0
0.0977,66,0,0.7069,6154.0,6,0,1,0,4.0,0
1.0125,72,0,0.5017,,11,0,0,0,0.0,0
0.2396,61,0,0.4626,,5,0,1,0,1.0,0
0.9672,57,0,0.1566,3309.0,11,0,1,0,1.0,0
0.1226,87,0,0.2844,7088.0,7,0,1,0,0.0,0
0.0204,33,0,0.5032,5228.0,8,0,0,0,0.0,0
0.6176,46,0,0.3617,5114.0,6,0,3,0,1.0,0
0.4112,47,0,0.1045,9196.0,7,0,0,0,1.0,0
0.0959,65,0,0.3298,6732.0,6,0,1,0,0.0,0
0.0614,38,0,0.0509,,9,0,3,0,1.0,0
5.4088,63,0,0.6294,,6,0,0,0,0.0,0
1.4568,60,0,0.625,10746.0,14,0,0,0,1.0,0
0.1544,63,0,1.0108,5209.0,6,0,0,0,2.0,0
3.7126,63,0,0.1977,10019.0,10,0,2,0,1.0,0
0.3186,74,0,0.8363,6747.0,13,0,1,0,1.0,0
0.8633,51,0,0.8775,901.0,14,1,1,0,3.0,0
0.5964,59,0,0.1901,2304.0,10,0,0,0,1.0,0
2.4071,42,0,0.4274,5161.0,16,0,1,0,1.0,0
0.9697,38,0,0.3116,13013.0,8,1,0,1,2.0,0
0.572,77,0,0.3786,7173.0,4,0,1,0,2.0,0
2.7189,41,0,0.3265,4921.0,4,0,2,0,0.0,0
5.036,61,0,0.4716,3650.0,10,0,0,0,0.0,0
0.4499,59,0,0.5879,8272.0,6,0,2,0,0.0,0
0.1409,68,0,0.9141,15542.0,7,0,2,0,0.0,0
0.0753,29,0,0.4329,2959.0,8,0,1,0,0.0,0
0.2909,64,0,0.1684,,8,0,1,0,1.0,0
0.1995,51,0,0.6321,2555.0,10,0,1,0,1.0,0
0.4456,44,0,0.556,5630.0,3,0,1,0,0.0,0
0.4898,48,0,0.73,,6,0,0,0,4.0,0
0.3419,67,0,0.3762,,11,0,0,0,0.0,0
0.5047,62,0,0.657,,10,0,1,0,0.0,0
0.6796,50,0,0.44,,10,0,2,1,2.0,0
0.2562,36,0,0.5813,5064.0,11,0,2,0,0.0,0
0.0987,37,0,1.0075,,12,0,2,0,,0
0.4366,63,0,0.4206,,13,0,1,0,1.0,0
0.0215,34,0,0.2042,5437.0,10,0,0,0,0.0,0
0.4976,50,0,0.7636,2243.0,9,0,0,0,0.0,0
0.8085,90,0,0.6764,3943.0,2,0,1,0,2.0,1
0.1359,58,0,0.3626,5299.0,6,0,2,0,1.0,0
0.2738,62,0,0.9924,2524.0,9,0,1,0,1.0,0
7.3072,37,0,1.362,6439.0,7,0,0,0,0.0,0
0.3335,35,0,0.2114,10483.0,7,0,0,0,3.0,0
0.3355,63,0,0.6955,,9,0,1,0,0.0,0
1.2116,48,0,0.3931,4613.0,8,0,0,0,0.0,1
0.1636,68,0,0.3115,8626.0,10,0,0,0,1.0,0
1.4768,54,0,0.3082,1470.0,7,0,1,0,1.0,0
1.2533,95,0,0.7364,24260.0,6,0,3,0,0.0,0
0.2924,45,0,0.5676,7117.0,11,0,1,0,1.0,0
0.8476,57,0,0.8203,,5,0,0,0,0.0,0
0.6296,41,0,0.9173,2135.0,7,0,1,0,0.0,1
0.399,68,0,0.626,,8,0,3,0,1.0,0
0.4648,60,0,1.1117,1976.0,6,0,1,0,1.0,1
0.145,40,0,0.2162,,4,0,1,0,0.0,0
0.5455,49,0,0.4571,13129.0,3,0,1,0,1.0,0
0.0472,73,0,0.72,5214.0,6,0,4,0,0.0,0
0.5971,71,0,0.1502,5172.0,5,0,1,0,1.0,1
1.0718,34,2,0.4507,14557.0,4,0,0,1,0.0,0
0.3386,47,0,0.5525,1748.0,6,0,2,0,0.0,0
0.4287,79,0,1.1429,10028.0,10,0,1,0,2.0,0
0.1399,51,0,0.2175,3706.0,5,0,0,0,0.0,0
2.6136,56,0,0.1115,2746.0,5,0,2,0,1.0,1
0.06,68,0,0.5661,8354.0,6,0,1,0,,0
0.7769,35,3,0.2085,7063.0,5,0,0,0,2.0,0
0.0215,40,0,0.6265,5628.0,5,0,1,0,1.0,0
0.7441,49,0,0.972,3191.0,3,0,1,0,2.0,1
0.1548,70,0,0.9068,2149.0,12,0,2,0,,0
0.724,68,0,0.0997,2898.0,7,0,2,0,1.0,0
1.0066,63,0,0.1331,26792.0,10,0,1,1,0.0,0
0.0776,51,0,0.3932,12839.0,4,0,1,0,2.0,0
0.7692,69,0,0.9104,9322.0,5,0,1,0,0.0,0
0.4347,51,0,0.1306,3226.0,6,0,0,0,1.0,0
0.1436,61,0,0.1599,6253.0,10,0,0,0,0.0,0
0.7022,66,0,0.9011,5979.0,6,0,1,0,1.0,0
0.4447,77,0,0.7196,,9,0,1,0,1.0,1
1.9806,53,0,0.3182,20793.0,7,0,1,0,1.0,0
0.2645,48,0,0.2737,22369.0,7,0,0,0,0.0,0
0.6019,72,0,0.4639,3370.0,7,0,2,0,0.0,0
0.0567,73,0,0.196,5638.0,10,0,1,0,0.0,1
0.1161,46,0,0.4491,2243.0,18,0,1,0,0.0,0
0.3341,38,0,0.4073,1004.0,7,0,0,0,3.0,0
0.0987,70,0,0.668,13430.0,6,0,2,0,0.0,0
0.3737,30,0,0.6835,6448.0,14,0,0,0,0.0,0
0.108,30,0,0.5322,5019.0,4,0,2,0,1.0,0
0.5017,50,0,0.1425,,7,0,1,0,1.0,0
0.0365,53,0,0.3516,9988.0,8,0,1,0,2.0,0
0.1943,37,0,0.064,3470.0,10,0,1,0,1.0,0
0.7534,55,0,0.749,,5,0,3,0,1.0,0
0.2443,56,0,0.0514,8713.0,9,0,0,0,1.0,0
0.1556,45,0,0.6007,,4,0,1,0,1.0,0
0.4658,80,0,0.2344,,10,0,0,0,1.0,0
0.0804,58,0,0.2392,10683.0,8,0,2,0,1.0,0
0.4588,68,0,0.7183,16023.0,17,0,0,0,0.0,0
0.3663,32,0,0.755,3078.0,8,0,1,0,0.0,0
0.5007,31,0,0.1429,7115.0,7,0,1,0,0.0,0
0.5831,58,0,0.6047,1652.0,8,0,0,0,0.0,0
0.0155,78,0,0.1409,9678.0,11,0,0,0,0.0,1
0.312,38,0,0.256,6926.0,8,0,1,0,2.0,0
0.8792,54,0,0.2212,7383.0,6,0,1,0,1.0,0
0.093,35,0,0.4534,766.0,10,0,2,0,0.0,0
0.6379,42,0,0.6778,3888.0,7,0,3,0,0.0,0
1.65,55,0,0.6017,4930.0,7,0,0,0,0.0,0
0.4424,45,0,0.2682,8440.0,8,0,2,0,1.0,0
0.2049,34,0,0.0547,8238.0,7,0,1,0,1.0,0
0.0872,33,0,0.3211,,6,0,0,0,1.0,0
0.4338,26,0,0.7552,,7,0,1,0,2.0,0
0.2098,59,0,0.4556,1919.0,7,0,1,0,,0
0.2445,60,0,0.5559,6947.0,8,0,1,0,1.0,0
0.3996,60,0,0.4083,7375.0,5,0,1,0,2.0,0
3.5095,39,0,0.2446,12994.0,13,0,2,0,2.0,0
0.5806,66,0,0.4443,16812.0,8,0,1,0,1.0,0
3.4652,62,2,0.2322,7327.0,8,0,1,0,0.0,0
0.5741,52,0,0.4454,2054.0,8,0,0,0,0.0,0
0.831,50,1,0.068,2078.0,7,2,0,0,1.0,0
0.9995,43,0,0.713,3031.0,11,0,1,0,0.0,0
0.333,55,0,0.6294,8112.0,5,0,1,0,2.0,0
0.1772,75,0,0.1473,8415.0,7,0,0,0,2.0,0
0.0677,68,0,0.7811,,5,0,0,0,1.0,0
0.6282,48,0,0.3991,5970.0,11,0,1,0,2.0,0
0.0976,60,0,0.4659,10074.0,7,0,1,0,3.0,0
0.7494,37,0,0.3055,,8,0,0,0,0.0,0
0.9548,62,0,0.4753,8105.0,10,0,0,0,3.0,0
1.7785,40,1,0.8883,4085.0,13,0,0,0,3.0,0
0.2153,62,0,0.5092,10447.0,9,0,2,0,4.0,0
3.7344,94,0,0.4113,4063.0,7,0,2,0,1.0,0
1.3602,44,0,0.3642,4366.0,2,0,3,0,1.0,0
1.0938,93,0,0.3576,3193.0,9,0,3,0,0.0,0
0.4284,59,0,0.5101,5182.0,5,0,1,0,,0
0.2699,42,0,0.078,6892.0,10,0,2,0,2.0,0
0.2882,41,0,0.6129,,6,0,0,0,1.0,0
0.314,85,0,0.093,9138.0,10,0,0,0,1.0,0
0.5398,59,0,0.4952,6987.0,11,0,2,0,2.0,0
0.4684,44,0,0.7087,1692.0,10,0,2,0,0.0,0
2.2085,49,0,0.0529,9197.0,7,0,0,0,0.0,0
0.7369,58,0,0.5495,3924.0,15,0,1,0,0.0,0
0.9229,52,0,0.9787,6264.0,6,0,0,0,0.0,0
0.3444,57,0,0.7773,4471.0,8,0,0,0,2.0,0
0.4112,77,0,0.0528,9277.0,8,0,1,0,3.0,0
0.6652,36,0,0.5478,5649.0,5,0,1,0,1.0,0
1.9589,61,0,0.4647,,8,0,1,0,0.0,1
1.2745,51,0,0.127,1934.0,7,0,2,0,1.0,0
0.4108,45,0,0.4553,5952.0,11,0,1,0,0.0,0
0.2868,67,0,0.2572,16956.0,12,0,1,0,2.0,0
0.2486,32,0,0.5312,3937.0,10,0,0,0,1.0,0
0.3174,21,0,0.6938,2110.0,9,0,0,0,0.0,0
0.3044,55,1,0.5715,15327.0,7,0,1,0,1.0,0
4.1957,50,0,0.8742,7386.0,9,0,1,0,0.0,0
1.0509,33,0,0.4761,7295.0,6,0,0,0,1.0,0
0.0936,28,0,0.2259,2116.0,12,0,0,0,2.0,0
0.5826,79,0,0.7853,4392.0,12,0,1,0,2.0,1
0.7006,58,0,0.3206,,8,0,2,0,2.0,0
0.4226,52,0,0.5793,5051.0,11,0,4,0,1.0,0
0.284,83,0,0.5177,6789.0,6,0,1,0,0.0,0
2.6229,66,0,0.817,,7,0,0,0,2.0,0
0.7236,77,0,0.6449,,7,0,0,0,3.0,0
0.195,35,0,0.7432,8647.0,9,0,0,0,2.0,0
0.022,35,0,0.4186,9187.0,3,0,1,0,3.0,0
0.017,61,0,0.5224,4084.0,5,0,0,0,1.0,0
1.203,58,0,0.2352,,9,0,0,0,1.0,0
1.0318,69,0,0.3699,9241.0,14,0,0,0,0.0,0
0.3885,29,0,0.6401,5149.0,7,0,0,0,2.0,0
1.6311,62,0,0.0652,4901.0,4,0,1,0,1.0,0
0.4754,66,0,0.2943,23958.0,8,0,2,0,1.0,0
0.0074,65,0,0.4517,8318.0,7,0,0,0,0.0,0
1.289,46,0,1.1733,,9,0,0,0,0.0,0
0.0835,59,0,0.7985,4357.0,8,0,2,0,0.0,0
0.2807,41,0,0.3257,,14,0,2,0,1.0,0
0.6028,48,0,0.3241,2798.0,7,0,1,0,1.0,0
0.9977,37,0,0.4637,,6,0,1,0,0.0,0
0.4078,41,0,0.6867,7504.0,6,0,2,0,0.0,0
0.0234,49,0,0.0904,,4,0,0,0,1.0,0
0.4461,45,0,0.5059,2869.0,9,0,0,0,1.0,1
0.7042,41,0,0.0902,8910.0,3,0,1,0,2.0,0
0.2015,34,0,0.0674,,15,0,1,0,0.0,0
0.3024,79,0,1.1986,12191.0,8,0,0,0,0.0,0
0.1585,45,0,0.2623,6694.0,15,0,2,0,0.0,0
0.1071,57,0,0.236,5623.0,8,0,1,0,1.0,0
0.7066,27,0,0.2551,,10,0,1,0,2.0,0
0.136,71,0,0.3457,5471.0,10,0,4,0,0.0,0
0.3896,54,0,0.6917,,7,0,0,0,1.0,0
0.2016,46,0,0.3102,,8,0,2,0,3.0,0
0.7919,46,0,0.3733,3060.0,8,0,1,0,0.0,0
0.6833,64,2,0.3532,7706.0,13,0,2,1,0.0,0
0.4584,21,0,0.2918,12356.0,11,0,0,0,2.0,0
1.5823,40,0,0.7568,,7,0,3,0,2.0,0
0.5829,50,0,1.1824,7834.0,2,0,1,0,0.0,0
0.1181,50,0,0.3882,,6,0,1,0,0.0,0
0.3438,87,0,0.2243,5277.0,9,0,0,0,1.0,0
0.0221,47,0,0.7531,4320.0,5,0,0,0,2.0,0
1.2844,66,0,1.0907,9144.0,8,0,0,0,1.0,0
0.0534,77,0,0.0971,,8,0,0,0,0.0,0
0.3996,61,0,0.6223,3899.0,7,0,1,0,0.0,0
0.598,43,0,1.0229,3788.0,10,0,0,0,1.0,1
0.3389,34,0,0.2947,6526.0,7,0,1,0,0.0,0
0.3669,62,0,0.6625,,9,0,2,0,2.0,0
0.2215,75,0,0.405,12400.0,8,0,0,0,1.0,0
1.4165,60,0,0.3727,6309.0,9,0,1,0,0.0,0
0.2534,69,0,0.6459,11479.0,7,0,0,0,1.0,0
0.7935,88,0,0.2705,,9,0,0,0,0.0,0
0.63,64,0,0.0933,1546.0,5,0,2,0,1.0,0
0.4251,37,2,0.275,15350.0,11,0,2,1,1.0,0
1.5874,53,0,0.173,11067.0,4,0,0,0,1.0,0
1.1358,71,0,0.3384,2765.0,8,0,3,0,2.0,0
0.5179,49,0,0.2795,5990.0,6,0,0,0,1.0,0
0.1513,73,0,0.49,,8,0,0,0,1.0,0
1.4944,51,0,0.4498,7284.0,9,0,2,0,1.0,0
0.3435,57,0,0.5074,7333.0,10,0,1,0,0.0,0
0.2451,47,0,0.0784,4175.0,8,0,1,0,3.0,0
3.7582,54,0,0.4369,9906.0,3,0,3,0,0.0,0
0.0215,55,0,0.1361,4872.0,7,0,0,0,0.0,0
0.0895,29,0,0.2042,4363.0,6,0,1,0,1.0,0
1.7176,46,0,0.4678,4827.0,6,0,2,0,0.0,0
0.8869,35,0,0.5638,8950.0,11,0,1,0,3.0,0
0.0068,46,0,0.7356,5375.0,6,0,1,0,0.0,0
0.4003,41,0,0.4171,7965.0,10,0,3,0,0.0,0
0.329,66,0,0.6451,7166.0,12,0,0,0,1.0,0
0.3391,66,0,0.0624,3005.0,5,0,1,0,0.0,0
1.1973,60,0,0.835,,8,0,0,0,1.0,0
0.3131,34,0,0.0591,14070.0,11,0,2,0,1.0,1
3.9805,51,0,0.1916,2940.0,7,0,1,0,1.0,0
0.9387,33,0,0.4902,,6,0,0,0,,0
2.3355,50,0,0.715,,10,0,0,0,1.0,0
0.7601,61,0,0.5016,6822.0,9,0,2,0,0.0,0
0.1594,66,1,0.7756,,10,0,1,0,2.0,0
0.2501,59,0,0.3661,2743.0,6,0,0,0,0.0,0
1.0205,70,0,0.2752,4708.0,3,0,0,0,0.0,0
0.5867,56,0,0.2703,4319.0,6,0,1,0,0.0,0
2.6228,49,0,0.2715,,8,0,1,0,1.0,0
0.1984,64,0,0.6189,4055.0,6,0,2,0,0.0,0
0.0372,65,0,0.6557,4783.0,5,0,1,0,1.0,0
0.3355,45,0,0.7774,2323.0,4,0,0,0,1.0,0
0.0029,57,0,0.1454,16741.0,8,0,2,0,0.0,0
0.6593,48,0,0.6726,5253.0,7,0,1,0,0.0,0
0.1577,24,0,0.6521,3795.0,7,0,0,0,1.0,0
0.111,58,0,0.4374,5514.0,10,0,0,0,1.0,0
1.0482,34,0,0.2801,8285.0,3,0,1,0,1.0,0
0.5247,57,1,0.1227,8608.0,9,0,0,0,2.0,0
0.0874,31,0,0.5957,7777.0,9,0,1,0,2.0,0
0.4068,42,0,0.4752,2166.0,9,0,0,0,2.0,0
0.2204,46,0,0.5014,1380.0,5,0,0,0,,0
0.0022,69,0,0.393,2401.0,14,0,1,0,0.0,0
0.0815,45,0,1.2667,10148.0,6,0,0,0,0.0,0
0.6187,37,0,0.3578,,7,0,1,0,2.0,0
0.39,57,0,0.0577,,4,0,1,0,1.0,0
0.2994,49,0,0.8797,,6,0,2,0,1.0,0
0.1505,63,0,0.2627,20189.0,6,0,0,0,1.0,0
3.377,38,0,0.4898,5791.0,7,0,0,0,0.0,0
0.1948,55,0,0.7895,6375.0,6,0,0,0,1.0,0
0.1195,87,0,0.3406,9429.0,6,0,1,0,0.0,0
0.3351,49,0,0.207,4493.0,9,0,1,0,0.0,0
0.4724,55,0,0.8768,3061.0,6,0,0,0,0.0,0
0.2762,29,0,0.1676,,10,0,0,0,0.0,0
1.0957,40,0,0.307,4229.0,10,0,0,0,1.0,0
0.9137,58,0,0.561,9563.0,7,0,1,0,1.0,0
0.397,47,0,0.439,12331.0,6,0,3,0,0.0,0
2.4758,61,0,0.5009,,6,0,1,0,0.0,0
0.0408,58,0,0.3386,4973.0,5,0,1,0,1.0,0
0.5857,34,0,0.4152,4749.0,13,0,2,0,2.0,0
0.4063,66,0,0.3351,,10,0,0,0,0.0,0
1.3673,35,0,0.2836,17065.0,4,0,1,0,1.0,0
0.2971,41,0,0.5009,2580.0,3,0,3,0,0.0,0
0.671,55,0,0.0278,,5,0,1,0,0.0,0
0.7796,74,0,0.5712,3553.0,8,0,1,0,0.0,1
0.1482,38,0,0.0616,9383.0,5,0,1,0,0.0,0
0.4918,54,0,0.7559,,4,0,0,0,0.0,0
2.1918,54,0,0.262,,9,0,0,0,1.0,0
0.7732,61,0,0.0543,14743.0,9,0,2,0,0.0,0
0.2427,69,0,0.1658,,10,0,1,0,0.0,0
0.4042,46,0,0.1648,12866.0,4,0,0,0,,0
0.9462,66,0,0.2541,8950.0,5,0,0,0,0.0,0
0.692,71,2,0.5441,4875.0,10,0,1,0,0.0,0
0.3476,77,0,0.753,6099.0,12,0,1,0,2.0,0
3.6055,59,0,0.1082,8128.0,8,0,1,0,1.0,1
0.4048,54,0,0.7061,3944.0,8,0,0,0,0.0,0
0.9794,45,0,0.2398,2776.0,9,0,2,0,0.0,0
0.1631,32,0,0.6877,5314.0,14,0,3,0,0.0,0
0.0693,48,0,0.6593,,10,0,1,0,0.0,0
0.132,54,0,0.0807,2468.0,10,0,1,0,0.0,0
0.2977,50,0,0.2496,1816.0,8,0,1,0,0.0,0
0.1341,60,0,0.3049,3088.0,8,0,0,0,2.0,0
0.1902,32,0,0.4481,3702.0,8,0,0,0,1.0,0
2.0101,49,0,0.722,5046.0,14,0,1,0,2.0,0
0.4197,80,0,0.5285,2376.0,8,0,1,0,0.0,0
7.1094,66,0,1.0864,13134.0,6,0,0,0,1.0,0
0.4471,61,0,0.7041,,7,0,0,0,0.0,1
0.42,57,0,0.1295,4387.0,11,0,1,0,1.0,0
0.2821,47,2,0.0971,,12,0,3,0,1.0,0
0.3877,27,0,0.649,4044.0,14,0,0,0,1.0,0
0.0971,58,0,0.3769,4865.0,5,0,0,0,0.0,0
0.6591,21,0,0.7042,7012.0,8,0,1,0,2.0,0
0.2635,47,0,0.813,2027.0,4,0,1,0,1.0,0
0.1226,52,0,0.2276,1153.0,8,0,1,0,2.0,0
0.0334,46,0,1.4862,6184.0,4,0,2,0,2.0,0
0.0548,82,0,0.5057,8508.0,9,0,2,0,1.0,0
0.0443,78,0,0.2028,5229.0,8,0,2,0,3.0,0
0.6716,66,0,0.9728,2671.0,6,0,0,0,0.0,0
0.4348,39,0,0.6324,6471.0,8,0,0,0,0.0,0
0.3201,79,0,0.6911,,6,0,1,0,1.0,0
2.4468,61,1,0.4697,8735.0,8,1,2,0,1.0,0
6.3585,39,0,1.062,,4,0,2,0,3.0,0
0.5261,52,0,0.5077,2070.0,11,0,0,0,0.0,0
0.0142,65,0,0.6137,4387.0,7,0,0,0,0.0,0
0.1531,44,0,0.7552,1307.0,11,0,0,0,2.0,0
1.8857,54,1,0.1883,7324.0,6,0,2,0,0.0,0
4.3805,56,1,0.4857,3810.0,7,0,0,1,0.0,0
0.5479,37,0,0.6209,7071.0,7,0,2,0,1.0,0
0.0859,48,0,0.8549,8150.0,12,0,0,0,0.0,0
3.54,38,0,0.6404,,13,0,1,0,0.0,1
0.3268,64,0,0.1893,10123.0,5,0,1,0,0.0,0
0.0514,39,0,0.442,6259.0,8,0,1,0,2.0,0
0.4721,56,0,0.3154,10201.0,5,0,0,0,0.0,0
0.0733,33,0,0.3854,5002.0,8,0,1,0,0.0,0
0.953,36,0,0.2441,,9,0,3,0,1.0,0
3.1827,35,0,0.3082,,4,0,0,0,2.0,0
1.0263,48,0,0.5802,7872.0,9,0,1,0,2.0,0
0.1323,55,0,0.0924,7762.0,7,0,3,0,0.0,0
0.3139,57,0,0.8946,7397.0,10,0,0,0,0.0,0
0.5307,27,0,0.1889,12127.0,6,0,2,0,,0
0.6767,50,0,0.1958,2790.0,5,0,2,0,0.0,0
0.167,41,0,0.4128,4200.0,7,0,1,0,0.0,0
0.1722,59,0,0.4268,3876.0,8,0,2,0,2.0,0
0.1918,48,0,0.3437,,12,0,1,0,1.0,0
0.1349,51,0,0.478,7847.0,9,0,2,0,2.0,0
0.0707,42,0,0.9296,2877.0,14,0,3,0,1.0,0
1.1373,76,0,0.4871,7065.0,5,0,1,0,0.0,0
2.369,34,2,0.2955,2798.0,10,0,1,0,0.0,0
0.178,46,1,0.0855,3982.0,10,0,0,2,0.0,0
0.5237,54,0,0.4509,10463.0,4,0,2,0,0.0,0
0.3378,48,0,0.674,4201.0,11,0,1,0,0.0,0
1.1918,41,0,0.4197,,8,0,0,0,1.0,0
0.8343,27,0,0.839,3212.0,10,0,0,0,0.0,0
0.6392,42,0,0.5729,3898.0,5,0,1,0,1.0,1
0.2663,39,0,0.1386,5434.0,8,0,1,0,0.0,0
0.0246,76,0,0.2668,13487.0,6,0,0,0,0.0,0
0.3959,84,0,0.8307,11436.0,8,0,2,0,0.0,0
0.2197,51,0,0.2441,1843.0,6,0,3,0,0.0,0
0.1118,32,0,0.4779,,7,0,0,0,0.0,0
0.1227,62,0,0.2093,6651.0,7,0,2,0,0.0,0
0.3532,38,0,0.4713,3094.0,4,0,2,0,2.0,0
0.1428,44,0,0.9314,6904.0,2,0,6,0,0.0,0
0.0926,43,0,1.0046,3813.0,9,0,0,0,1.0,0
0.3615,45,0,0.2169,,7,0,0,0,3.0,0
4.1682,47,0,0.5842,5409.0,8,0,1,0,1.0,0
1.6791,34,0,0.5818,8163.0,13,0,2,0,0.0,0
0.1821,42,0,0.6979,4826.0,7,0,0,0,0.0,0
0.7734,66,0,0.8644,8457.0,6,0,1,0,1.0,0
9.8763,52,1,0.0789,,9,1,2,1,0.0,0
0.2158,54,0,0.4039,3196.0,6,0,1,0,1.0,0
0.3194,21,0,0.5339,4772.0,8,0,1,0,0.0,0
0.2748,65,0,0.3549,4147.0,6,0,1,0,2.0,0
0.1234,42,0,0.4835,7917.0,5,0,1,0,0.0,0
0.1887,68,0,0.7547,2653.0,14,0,1,0,2.0,0
0.1677,54,0,0.1943,10408.0,14,0,0,0,1.0,0
1.9564,44,0,0.5458,,10,0,3,0,0.0,0
0.063,29,0,0.5113,1999.0,12,0,2,0,1.0,0
0.5452,82,0,0.3816,8305.0,8,0,0,0,0.0,0
0.3995,63,0,0.6891,9577.0,8,0,0,0,0.0,0
0.2704,64,0,0.2052,4739.0,4,0,4,0,0.0,0
0.4884,77,0,0.9247,7606.0,10,0,1,0,2.0,0
0.1698,55,0,0.9519,7769.0,6,0,4,0,0.0,0
0.1195,71,0,0.7855,9136.0,9,0,0,0,0.0,0
1.6432,45,1,0.2799,,7,2,0,1,2.0,0
0.1371,62,0,0.2835,13025.0,16,0,1,0,0.0,0
2.5583,43,0,0.2553,9742.0,12,0,0,0,0.0,0
0.4327,45,0,0.0768,4010.0,8,0,3,0,1.0,0
0.69,53,0,0.5007,,3,0,0,0,2.0,0
0.2051,34,0,1.108,11689.0,4,0,1,0,0.0,0
0.0308,57,0,0.5975,3987.0,13,0,0,0,1.0,0
0.7056,48,0,0.1389,5589.0,4,0,0,0,0.0,0
0.6049,24,0,0.0714,3912.0,10,0,3,0,0.0,0
0.5893,46,0,0.2409,9021.0,9,0,3,0,0.0,0
0.3799,47,0,0.6551,15672.0,5,0,1,0,2.0,0
0.2742,64,2,0.5083,2139.0,9,0,1,1,2.0,0
0.9916,56,0,0.4775,4406.0,1,0,0,0,1.0,0
0.3865,72,0,0.4401,,8,0,1,0,0.0,0
0.682,59,0,0.1728,,6,0,1,0,1.0,0
0.6386,44,0,0.5159,,6,0,3,0,2.0,0
0.2572,51,0,0.7086,7901.0,9,0,1,0,3.0,0
0.3893,47,0,0.6003,7758.0,14,0,1,0,0.0,0
0.2025,59,0,1.1036,10713.0,5,0,1,0,0.0,0
0.01,53,0,0.6875,6060.0,9,0,0,0,1.0,0
0.8452,43,0,1.005,5235.0,6,0,1,0,1.0,0
0.8623,52,0,0.2011,1786.0,7,0,0,0,0.0,0
0.4748,58,0,0.5865,5416.0,6,0,0,0,0.0,0
0.4024,38,0,0.5835,4347.0,11,0,1,0,1.0,0
3.0953,56,0,0.0334,,5,0,0,0,,0
0.1083,30,0,0.5908,,14,0,1,0,0.0,0
0.1665,67,2,0.5052,10499.0,7,0,0,0,,0
0.5195,59,0,0.3332,21178.0,11,0,1,0,0.0,0
0.8113,75,0,0.3902,6193.0,12,0,1,0,0.0,0
0.4955,36,0,0.5961,1641.0,9,0,1,0,1.0,1
3.2413,68,0,0.6236,3877.0,4,0,0,0,1.0,1
0.0927,65,0,0.5748,5983.0,4,0,1,0,1.0,0
0.0154,49,0,0.366,13379.0,11,0,3,0,0.0,0
0.7528,47,0,0.5544,,10,0,0,0,0.0,0
0.7395,37,0,0.7274,2350.0,5,0,0,0,1.0,0
1.8853,33,0,0.4977,5040.0,9,0,0,0,0.0,0
1.2135,41,0,0.4109,2548.0,8,0,0,0,0.0,0
0.1283,34,0,0.1602,4523.0,5,0,1,0,1.0,0
0.0543,74,0,0.4233,11271.0,8,0,2,0,0.0,0
0.0891,31,2,0.2803,7133.0,4,0,0,0,0.0,0
0.6007,54,0,0.501,4395.0,14,0,3,0,1.0,0
0.0106,58,0,0.1892,,14,0,0,0,1.0,0
0.6773,57,0,0.5543,,10,0,0,0,2.0,1
0.7255,58,0,0.3885,1791.0,8,0,0,0,1.0,0
0.3866,65,0,0.5975,4303.0,8,0,1,0,1.0,0
3.7062,46,0,0.2396,7734.0,6,0,1,0,0.0,0
0.1574,53,0,0.3832,12325.0,6,0,0,0,0.0,0
0.8088,48,0,0.2663,4625.0,11,0,0,0,1.0,0
3.5558,70,0,0.0702,5765.0,11,0,1,0,2.0,0
2.6523,81,2,0.1626,3661.0,4,3,0,0,0.0,0
0.0437,35,0,0.3433,,7,0,1,0,3.0,0
2.3679,24,3,0.3529,1309.0,12,0,0,0,0.0,0
0.256,60,2,0.7701,,7,0,1,0,0.0,0
0.8549,67,0,0.222,13264.0,6,0,0,1,0.0,0
0.5261,79,0,1.3656,13533.0,6,0,1,0,0.0,0
0.0411,62,0,0.5262,3083.0,8,0,1,0,2.0,0
0.5184,72,0,0.5002,5841.0,8,0,0,0,0.0,0
3.615,75,0,1.2494,6693.0,1,0,2,0,0.0,0
0.1631,73,0,0.5234,6329.0,10,0,2,0,0.0,0
0.119,64,0,0.3341,2544.0,10,0,3,0,0.0,0
0.3747,34,0,0.9292,9498.0,8,0,0,0,1.0,0
0.3823,52,3,0.0701,5605.0,11,0,2,2,2.0,0
2.8024,56,0,0.6751,,8,0,1,0,0.0,0
1.2615,51,0,0.0354,6447.0,9,0,1,0,0.0,0
1.0565,51,0,0.479,,8,0,1,0,1.0,0
0.1365,74,0,0.7531,,9,0,0,0,,0
0.7255,41,0,0.7724,3488.0,9,0,1,0,0.0,0
0.373,63,0,0.4611,2553.0,6,0,1,0,2.0,0
4.0181,56,0,0.0831,,4,0,1,0,0.0,0
3.9856,40,0,0.9517,8307.0,7,0,1,0,1.0,0
0.8579,37,0,0.291,,6,0,2,0,5.0,0
0.3911,28,0,0.2726,3384.0,5,0,2,0,0.0,0
0.3199,59,0,0.828,3624.0,4,0,1,0,0.0,0
0.2716,51,0,0.2683,3695.0,4,0,0,0,0.0,0
0.4764,40,0,0.9236,,9,0,3,0,0.0,0
0.2163,26,0,0.4029,7696.0,12,0,2,0,3.0,0
0.1265,58,0,0.7762,14331.0,6,0,1,0,0.0,0
0.13,50,0,0.265,11926.0,10,0,3,0,1.0,0
0.0562,42,0,0.7825,6490.0,9,0,1,0,1.0,0
0.6716,39,0,0.2921,2989.0,11,0,1,0,2.0,0
6.2087,49,0,0.3107,4564.0,5,0,5,0,1.0,0
1.6908,59,0,0.7485,3668.0,7,0,1,0,0.0,1
0.3882,47,0,0.5068,3672.0,8,0,1,0,0.0,0
1.8637,35,0,0.5678,1328.0,4,0,0,0,1.0,1
0.2052,51,0,0.3294,6458.0,10,0,0,0,0.0,0
0.3464,67,0,0.85,,7,0,2,0,0.0,0
0.0923,53,0,0.5766,9947.0,12,0,2,0,1.0,0
0.2426,53,0,0.3808,4643.0,11,0,0,0,1.0,0
0.7584,47,0,0.4643,5783.0,9,0,1,0,0.0,0
0.0095,40,0,0.3692,6402.0,13,0,2,0,1.0,0
0.8859,39,2,0.4592,8508.0,7,0,0,0,0.0,0
0.2628,29,0,0.1301,5904.0,6,0,0,0,1.0,0
0.719,69,0,0.5334,9257.0,7,0,0,0,1.0,0
2.0462,58,0,0.9688,7628.0,5,0,0,0,1.0,0
5.0893,53,0,0.3693,4197.0,11,0,1,0,0.0,0
0.359,56,0,0.6018,6566.0,7,0,0,0,1.0,0
0.1192,57,0,0.4347,859.0,10,0,1,0,0.0,0
1.0972,42,0,0.1943,4323.0,6,0,0,0,0.0,0
0.099,47,0,1.4252,,8,0,2,0,1.0,0
0.0665,45,2,0.8464,2215.0,12,0,2,0,0.0,0
0.7081,87,0,0.4712,12780.0,3,0,1,0,,0
0.6779,66,0,0.4203,,13,0,0,0,1.0,0
0.1245,54,0,0.1795,8040.0,6,0,0,0,0.0,0
0.4546,71,0,0.2296,6114.0,12,0,1,0,1.0,0
1.0778,69,0,0.5758,28551.0,9,0,1,0,1.0,0
0.3178,33,0,0.6476,1866.0,6,0,1,0,0.0,0
0.8753,49,0,0.7077,5748.0,6,0,1,0,2.0,0
1.3475,52,0,0.1191,4343.0,12,0,1,0,2.0,0
0.0799,61,0,0.7497,3054.0,11,0,0,0,0.0,0
0.3145,49,0,0.4549,13060.0,10,0,1,0,1.0,0
2.3268,51,0,0.1089,3351.0,8,0,4,0,0.0,0
0.4263,46,0,0.9085,4414.0,5,0,2,0,0.0,0
0.1866,67,0,0.8094,9887.0,10,0,2,0,0.0,0
0.0189,32,0,0.2049,,5,0,1,0,0.0,0
0.2813,46,0,1.2552,9285.0,9,0,3,0,3.0,0
4.0395,26,1,0.4686,,11,0,0,0,2.0,0
0.2383,38,0,0.3544,3940.0,7,0,3,0,0.0,0
0.9151,56,0,0.9043,5940.0,10,0,0,0,3.0,0
0.4369,57,0,0.7216,6242.0,6,0,3,0,0.0,0
2.069,48,0,0.0385,29366.0,8,0,1,0,0.0,0
0.2928,68,0,0.4591,,10,0,2,0,1.0,0
0.1708,71,0,0.0814,3226.0,9,0,0,0,2.0,0
0.6067,51,0,0.0756,6857.0,10,0,1,0,2.0,0
0.6007,56,0,0.7641,7685.0,8,0,2,0,0.0,0
0.0911,46,0,0.646,,7,0,2,0,0.0,0
0.2314,61,0,0.4411,1878.0,2,0,0,0,0.0,0
0.8585,35,0,0.4422,6811.0,13,0,0,0,0.0,0
0.8713,77,0,0.4054,11887.0,6,0,2,0,1.0,0
0.246,68,0,0.3155,2638.0,7,0,0,0,2.0,0
9.3471,35,0,0.4117,7019.0,9,0,0,0,0.0,0
0.163,41,0,0.3655,2471.0,14,0,0,0,1.0,0
0.1252,58,0,0.9207,2870.0,12,0,1,1,3.0,0
0.3829,47,0,0.4234,15057.0,10,0,1,0,0.0,0
0.0531,60,0,0.3536,1868.0,7,0,0,0,,0
0.3025,47,0,0.1225,16220.0,14,0,0,0,0.0,0
0.485,73,1,0.7146,4629.0,5,0,0,0,3.0,0
0.2251,52,0,0.7494,5891.0,4,0,1,0,0.0,0
0.9284,86,0,0.4388,,8,0,0,1,0.0,0
0.0355,60,0,0.273,7462.0,13,0,1,0,1.0,0
0.0693,33,0,0.21,9204.0,15,0,2,0,0.0,0
0.1653,81,0,0.1267,,10,0,1,0,0.0,0
0.5153,67,0,0.4516,3889.0,5,0,1,0,0.0,0
0.3706,57,0,0.1793,3105.0,6,0,2,0,1.0,0
0.1223,61,0,0.7265,,10,0,2,0,0.0,0
0.5086,35,0,1.1296,,7,0,0,0,0.0,0
0.5258,27,0,1.2806,1653.0,10,0,1,0,0.0,0
0.227,51,0,0.7794,15741.0,7,0,1,0,2.0,0
0.3806,71,0,0.4094,,6,0,0,0,0.0,0
0.3767,58,0,0.6425,,7,0,1,0,1.0,0
3.8025,76,0,0.3003,5785.0,8,0,1,0,0.0,0
5.0878,70,0,0.1504,6224.0,4,0,0,0,1.0,1
4.9123,52,0,0.2712,29532.0,6,0,1,0,0.0,0
0.0277,69,0,0.9307,,8,0,0,0,1.0,0
0.1788,73,0,0.9762,2855.0,7,0,1,0,2.0,0
3.8985,51,0,0.3967,,6,0,1,0,1.0,0
0.576,49,0,0.1012,,14,0,1,0,2.0,0
0.8589,54,0,0.529,3994.0,11,0,2,0,1.0,0
0.1515,21,0,0.1912,14782.0,4,0,1,0,2.0,0
0.2107,56,1,0.5153,8551.0,7,0,1,0,1.0,0
0.0977,62,0,0.5224,2690.0,10,0,1,0,1.0,0
0.7648,54,0,0.347,3644.0,10,0,0,0,0.0,0
1.4706,57,0,0.2503,8297.0,6,0,2,0,1.0,0
2.1994,51,0,0.4495,,6,0,1,0,2.0,0
1.7273,24,0,0.687,8042.0,7,0,3,0,0.0,0
0.6382,75,0,0.4082,8264.0,5,0,0,0,0.0,1
0.7828,47,0,0.2471,4660.0,5,0,2,0,0.0,0
0.2655,43,0,0.2639,,17,0,1,0,1.0,0
1.2373,71,0,0.3878,,5,0,1,0,0.0,0
0.1285,66,0,0.6323,2964.0,5,0,0,0,1.0,0
0.3032,56,0,0.235,,8,0,1,0,1.0,0
0.3316,63,0,0.7632,4839.0,11,0,1,0,2.0,0
0.5413,36,0,0.5971,9469.0,9,0,1,0,0.0,0
0.2933,51,0,0.1861,3507.0,12,0,0,0,1.0,0
0.5178,70,0,0.5046,5954.0,5,0,2,0,1.0,0
0.8393,43,0,0.7884,,8,0,0,0,2.0,0
0.3246,38,0,0.1228,7708.0,12,0,2,0,1.0,0
0.1958,53,0,0.308,7251.0,5,0,1,0,0.0,0
0.236,53,0,1.0329,7799.0,6,0,0,0,0.0,0
0.1511,61,0,0.3259,2598.0,3,0,1,0,0.0,0
0.2496,33,0,0.6539,3263.0,7,0,2,0,0.0,0
0.9426,21,0,0.4437,3810.0,6,0,2,0,1.0,0
0.7677,65,0,0.3514,7544.0,10,0,0,0,1.0,0
0.5324,37,0,0.3194,5901.0,6,0,2,0,2.0,0
0.1974,43,0,0.4504,1565.0,8,0,0,0,1.0,0
0.4181,21,0,0.3028,15508.0,11,0,2,0,1.0,0
0.0169,66,0,0.6131,2260.0,6,0,1,0,0.0,0
0.3771,57,0,0.4862,1886.0,9,0,1,0,0.0,0
0.3088,56,0,0.1018,5352.0,3,0,3,0,1.0,0
0.2071,56,0,0.429,3167.0,3,0,1,0,0.0,0
0.9153,23,0,0.6223,2996.0,10,0,1,0,1.0,0
9.3913,38,0,0.6821,,5,0,1,0,0.0,0
0.0674,46,0,0.1495,7064.0,7,0,3,0,,0
1.2282,42,1,0.4479,9958.0,5,0,0,0,0.0,0
0.1019,48,0,0.3732,1354.0,7,0,0,0,2.0,0
0.4219,55,0,0.7775,4367.0,2,0,0,0,,0
0.5274,66,0,0.764,8154.0,7,0,1,0,0.0,0
1.7017,31,0,0.4259,2893.0,12,0,0,0,1.0,0
0.7285,52,0,0.732,4239.0,5,0,0,0,2.0,0
0.0567,62,0,0.5487,2166.0,8,0,2,0,3.0,0
0.0602,39,0,0.6074,8746.0,8,0,0,0,1.0,0
0.7451,49,0,0.5276,4521.0,11,0,2,0,0.0,1
4.4316,59,0,0.3348,7200.0,5,0,1,0,0.0,0
0.4103,52,0,1.1278,19333.0,9,0,0,0,0.0,0
0.0912,61,1,0.8682,,12,1,3,0,2.0,0
0.8344,53,0,0.4846,9869.0,9,0,0,0,,0
0.2969,48,0,0.5168,5270.0,8,0,0,0,0.0,0
0.3811,36,0,0.1536,3199.0,9,0,0,0,2.0,0
0.1121,55,0,0.4507,2898.0,10,0,2,0,0.0,0
0.2371,53,0,0.462,20472.0,11,0,1,0,0.0,0
0.2307,38,0,0.7942,,4,0,0,0,0.0,0
0.8032,60,0,0.2698,5287.0,4,0,1,0,1.0,0
0.5153,70,0,0.6697,10701.0,6,0,0,0,0.0,0
0.2825,43,0,0.1796,,12,0,1,0,1.0,0
0.5956,42,0,0.5354,9843.0,11,0,2,0,2.0,0
0.2093,41,0,0.5001,,4,0,6,0,0.0,0
0.4167,28,0,0.0317,2601.0,11,0,0,0,0.0,0
0.4422,80,0,0.8846,2507.0,4,0,3,0,0.0,0
0.3174,46,0,0.8429,9548.0,10,0,1,0,2.0,0
0.2226,40,0,0.4319,3887.0,8,0,0,0,1.0,0
0.0001,36,0,0.6058,,7,0,0,0,3.0,0
0.3029,47,0,0.2394,2882.0,10,0,1,0,1.0,0
0.3585,42,0,0.5597,4444.0,7,0,0,0,1.0,0
1.2303,72,4,1.11,,6,0,0,1,3.0,0
1.0015,35,0,0.0922,,6,0,2,0,2.0,0
0.6039,30,0,0.6968,4292.0,12,0,0,0,1.0,0
0.8353,60,0,0.771,9070.0,11,0,1,0,0.0,0
0.049,50,0,0.2193,1699.0,8,0,0,0,0.0,0
0.2292,49,0,0.4665,6398.0,8,0,2,0,,0
0.0811,60,0,0.5428,6299.0,6,0,0,0,1.0,0
0.4702,54,0,0.0529,3326.0,8,0,1,0,0.0,0
0.6637,51,0,0.122,1436.0,8,0,1,0,1.0,0
2.9143,32,0,0.2954,,8,0,0,0,0.0,0
0.2817,29,1,0.4897,6084.0,5,0,3,0,1.0,0
0.6491,42,0,0.5613,7109.0,8,0,1,0,0.0,0
0.4557,37,0,0.4531,,4,0,1,0,0.0,0
0.4877,56,0,0.1386,,9,0,4,0,2.0,0
0.0098,27,0,0.6742,4933.0,9,0,0,0,0.0,0
0.306,46,0,0.26,7631.0,7,0,1,0,0.0,0
0.4566,50,0,0.3336,16819.0,6,0,2,0,0.0,0
0.6182,51,0,0.2871,16759.0,8,0,1,0,0.0,0
1.4856,58,0,0.041,3424.0,7,0,0,0,1.0,0
0.9105,47,0,0.1542,8698.0,6,0,1,0,1.0,0
0.8307,43,0,0.567,4465.0,10,0,0,0,1.0,0
4.8265,69,0,0.0594,3263.0,8,0,1,0,1.0,1
0.8812,48,0,0.5615,,8,0,1,0,1.0,0
0.3847,72,0,0.8182,,10,0,0,0,1.0,0
0.0273,47,0,0.3808,6496.0,6,0,0,0,0.0,1
1.3583,52,0,0.2438,4593.0,10,0,1,0,0.0,0
0.5216,50,0,0.3693,1848.0,6,0,0,0,1.0,1
0.1553,55,0,0.4375,,11,0,0,0,0.0,0
0.2356,46,0,0.9648,,7,0,2,0,2.0,0
0.0832,53,0,0.1909,8813.0,6,0,1,0,2.0,0
0.5628,73,1,0.3614,9028.0,8,1,3,0,0.0,0
0.0208,67,0,0.4375,8126.0,8,0,1,0,1.0,0
0.2465,67,0,1.0967,11986.0,7,0,1,0,0.0,0
1.324,33,0,0.8735,,7,0,1,0,1.0,0
0.3455,35,0,0.2695,6271.0,10,0,2,0,0.0,0
0.0114,55,0,0.4432,3802.0,1,0,1,0,0.0,0
0.3744,63,0,0.5368,,7,0,1,0,0.0,0
0.4325,45,0,0.3246,7412.0,5,0,1,0,1.0,0
0.5652,42,0,0.4808,5202.0,6,0,0,0,1.0,0
0.4054,72,0,0.7303,2918.0,7,0,1,0,,0
0.5809,62,0,1.0205,,4,0,0,0,1.0,1
0.7539,67,0,0.2346,8771.0,8,0,0,0,3.0,0
0.537,46,4,0.0272,,4,0,2,0,0.0,0
0.7866,45,0,0.4159,11342.0,1,0,1,0,0.0,0
0.0985,65,0,0.9074,4839.0,3,0,1,0,2.0,0
2.8152,48,0,0.0878,1177.0,5,0,1,0,0.0,0
0.4492,43,0,0.6008,,9,0,1,0,1.0,0
5.8501,39,2,0.7221,3319.0,5,0,1,2,1.0,0
0.022,45,0,0.8685,3992.0,7,0,0,0,1.0,0
0.4635,64,0,0.7857,3445.0,7,0,0,0,0.0,0
0.0161,31,0,0.93,2267.0,7,0,0,0,3.0,0
0.6905,61,2,0.3839,10157.0,6,0,0,0,1.0,0
0.3896,42,1,0.1867,4937.0,5,0,3,2,3.0,0
0.4342,49,0,0.455,2748.0,11,0,0,0,1.0,0
0.5685,50,0,0.519,1843.0,7,0,1,0,0.0,0
0.5704,49,0,0.2598,5000.0,12,0,0,0,0.0,0
0.5516,48,0,0.0692,2551.0,6,0,0,0,1.0,0
3.9712,46,0,0.9883,4181.0,12,0,1,0,0.0,0
0.1268,44,0,0.8742,14648.0,3,0,1,0,1.0,0
0.244,70,0,0.2337,4602.0,4,0,2,0,0.0,0
0.4916,52,0,0.8242,5017.0,10,0,1,0,0.0,0
8.8485,50,0,0.2278,11675.0,10,0,0,0,0.0,0
0.4911,43,0,0.3873,,11,0,3,0,0.0,0
0.177,46,0,0.3824,7202.0,4,0,1,0,0.0,0
0.4187,43,0,0.4989,3913.0,12,0,1,0,0.0,0
1.0315,63,1,0.6017,12384.0,4,0,0,0,0.0,0
0.6862,41,0,0.9983,4049.0,8,0,2,0,1.0,0
1.0893,21,0,0.0771,2766.0,5,0,0,0,1.0,0
6.3955,53,1,0.7341,5193.0,5,2,3,0,1.0,0
1.1717,48,0,0.9971,5763.0,6,0,3,0,1.0,0
0.6555,44,0,0.3341,6513.0,7,0,1,0,1.0,0
0.7854,65,0,0.4248,3630.0,6,0,2,0,1.0,0
0.2603,21,0,0.9094,8359.0,11,0,3,0,1.0,0
0.3964,74,0,0.5528,8869.0,8,0,2,0,1.0,0
0.9343,67,0,0.4932,24107.0,4,0,0,0,1.0,0
0.5728,43,0,0.8033,13970.0,7,0,1,0,1.0,0
3.713,46,0,0.242,4872.0,11,0,0,0,0.0,0
6.1781,59,0,0.6447,6805.0,6,0,1,0,0.0,0
5.0361,59,0,0.3698,3465.0,6,0,0,0,1.0,0
0.2513,43,0,0.8958,3390.0,6,0,0,0,1.0,0
0.1395,29,0,0.9549,9615.0,8,0,1,0,1.0,0
0.0422,82,0,0.1447,2456.0,1,0,1,0,0.0,0
0.1476,65,0,0.6798,,7,0,1,0,1.0,0
0.3524,54,0,0.0677,,8,0,1,0,0.0,0
0.7074,54,0,0.4907,11974.0,4,0,0,0,1.0,0
1.3041,61,4,0.8762,3203.0,3,0,2,1,1.0,0
0.0094,62,0,0.1659,,5,0,0,0,1.0,0
0.45,23,0,0.3201,,10,0,1,0,1.0,0
0.1788,47,0,0.7024,,9,0,2,0,1.0,0
0.3467,46,0,0.4633,7425.0,5,0,0,0,2.0,0
0.5615,50,0,0.5448,8511.0,9,0,1,0,1.0,0
0.3105,63,0,0.6961,4133.0,8,0,2,0,1.0,0
0.1269,27,0,0.2092,3555.0,6,0,0,0,1.0,0
1.1141,33,0,0.7218,3925.0,5,0,1,0,0.0,0
0.4295,42,0,0.8014,,11,0,0,0,1.0,1
1.0065,54,0,0.3899,9325.0,7,0,1,0,1.0,0
3.3452,64,0,0.6415,,16,0,0,0,2.0,0
0.4053,75,0,0.8069,,7,0,0,0,1.0,0
0.111,48,0,0.1636,6970.0,4,0,2,0,3.0,0
0.5633,64,0,0.4617,4636.0,10,0,0,0,1.0,0
1.4441,62,0,0.2727,,11,0,0,0,0.0,0
0.6278,60,0,0.6573,4142.0,8,3,1,0,0.0,0
0.3585,52,0,0.6837,1760.0,11,0,1,0,1.0,0
0.1763,46,0,0.6907,4233.0,8,0,2,0,2.0,0
3.465,37,0,1.0229,9017.0,10,0,2,0,1.0,0
0.0436,36,0,0.1113,,7,0,1,0,0.0,0
0.7315,57,0,0.1456,5481.0,9,0,0,0,1.0,0
11.8961,51,0,0.4933,,5,0,1,0,0.0,1
0.1327,46,0,0.5889,4648.0,9,0,0,0,2.0,0
0.9199,61,0,0.7974,2796.0,7,0,1,0,1.0,0
0.1291,49,0,0.0397,5972.0,8,0,0,0,0.0,0
0.3312,39,0,0.4092,4083.0,12,0,2,0,1.0,0
1.0108,48,0,0.435,,7,0,2,0,0.0,0
0.5672,63,0,0.8765,,8,0,0,0,0.0,0
1.789,38,2,0.2591,,13,0,1,0,0.0,0
0.5299,55,0,0.7707,8430.0,8,0,1,0,,0
0.3701,51,0,0.5679,13070.0,11,0,2,0,4.0,0
0.4091,41,0,0.8227,6605.0,11,0,0,0,0.0,0
0.5328,48,0,1.0585,,4,0,0,0,0.0,0
0.7493,30,2,0.5475,,11,0,1,0,0.0,0
0.2314,54,0,0.5838,4607.0,8,0,0,0,0.0,0
1.3213,33,0,0.3313,,11,0,0,0,1.0,0
0.8924,67,0,1.1385,,7,0,1,0,2.0,0
0.0734,51,0,0.2126,,13,0,4,0,0.0,0
0.2435,44,0,0.3194,3490.0,12,0,2,0,0.0,0
0.5517,68,0,0.705,9728.0,7,0,1,0,1.0,0
0.9738,38,0,0.4977,12276.0,4,0,0,0,0.0,0
0.4367,42,0,0.9699,3017.0,9,0,2,0,0.0,0
1.1521,26,0,0.5599,5602.0,5,0,1,0,2.0,0
1.0077,70,0,0.1875,,10,0,1,0,1.0,0
0.4524,78,0,0.3596,2393.0,8,0,0,0,1.0,0
0.4154,29,0,0.2382,4179.0,10,0,1,0,1.0,0
0.3837,41,0,0.4285,6609.0,2,0,4,0,1.0,0
0.1311,53,0,0.2211,3745.0,6,0,3,0,1.0,0
0.5564,45,0,1.0624,16451.0,7,0,0,0,2.0,0
0.0267,52,0,0.4543,,5,0,1,0,0.0,0
0.1827,50,0,0.2641,10841.0,8,0,2,0,0.0,0
0.5389,58,0,0.7434,6201.0,8,0,0,0,1.0,0
0.1635,39,0,0.1736,,11,0,2,0,1.0,0
0.4753,55,0,0.3186,4107.0,9,0,2,0,3.0,0
0.1219,36,0,0.7623,5053.0,12,0,1,0,1.0,0
0.4043,46,0,1.0387,5954.0,12,0,0,0,1.0,0
0.768,28,0,0.5297,8423.0,7,0,2,0,2.0,0
0.472,46,0,0.225,4530.0,13,1,2,0,1.0,0
0.4584,44,0,0.4894,4616.0,8,0,0,0,1.0,0
0.0517,65,0,0.3126,,8,0,0,0,1.0,0
0.7597,51,0,0.3603,,13,0,0,0,0.0,0
0.4216,54,0,0.1808,2275.0,6,0,2,0,0.0,0
0.1843,52,0,0.6295,,7,0,2,0,0.0,0
0.1071,22,0,0.4167,5288.0,6,0,0,0,2.0,0
0.1075,24,0,0.9063,,2,0,1,0,0.0,0
0.3282,48,0,0.2526,6765.0,7,0,1,0,0.0,0
0.0769,56,0,0.4135,3233.0,3,0,0,0,1.0,0
0.364,49,0,0.7081,6173.0,6,0,3,0,1.0,0
0.2311,40,0,0.5722,6171.0,5,0,3,0,0.0,0
0.7753,49,0,0.2152,10734.0,7,0,0,0,1.0,0
0.5728,47,0,0.022,,2,0,1,0,0.0,0
1.0259,63,0,0.1752,3829.0,11,0,0,0,2.0,0
0.2152,62,0,0.4169,7673.0,5,0,1,0,,0
0.5555,44,0,0.5709,,4,0,1,0,0.0,0
0.4138,51,0,0.3252,11341.0,8,0,0,0,0.0,0
0.4401,56,0,0.3091,9271.0,4,0,2,0,1.0,0
0.1941,58,0,0.7235,7007.0,7,0,2,0,0.0,0
0.0948,75,0,0.8256,,7,0,1,0,3.0,0
0.2547,52,3,0.5995,5124.0,8,0,0,0,,0
3.0955,68,0,0.5463,15706.0,12,0,3,0,2.0,0
0.8027,36,0,0.3382,,7,0,1,0,0.0,0
0.2207,43,0,0.4273,8120.0,6,0,0,0,3.0,0
0.0551,22,0,0.5571,7716.0,5,0,3,0,0.0,0
0.0054,54,0,0.9737,4917.0,14,0,1,0,1.0,0
0.2521,61,0,0.441,,6,0,2,0,,0
0.3461,21,0,0.7065,,8,0,1,0,0.0,0
0.1457,55,0,0.4996,1333.0,6,0,1,0,1.0,0
0.8637,60,0,1.1593,4838.0,4,0,1,0,1.0,1
0.9426,60,0,0.4438,5921.0,11,0,2,0,0.0,0
0.245,35,0,1.1459,2222.0,5,0,2,0,0.0,0
0.116,63,0,0.879,5127.0,14,0,1,0,0.0,0
0.2719,52,0,0.6709,,5,0,2,0,1.0,0
0.4222,60,0,0.5571,7489.0,6,0,0,0,0.0,0
0.069,50,0,0.6767,12484.0,6,0,0,0,3.0,0
0.3267,57,0,0.1422,1417.0,8,0,1,0,1.0,0
0.1935,68,0,0.1489,,7,0,3,0,1.0,0
1.6128,49,0,0.6953,8454.0,7,0,0,0,0.0,0
0.0904,56,0,0.8805,5037.0,3,0,1,0,1.0,0
0.2714,69,0,0.171,,6,0,3,0,3.0,0
0.0433,50,0,0.2758,,10,0,2,0,3.0,0
0.3706,36,0,0.5488,6525.0,6,0,0,0,2.0,0
4.3137,61,0,0.4578,8355.0,10,0,1,0,0.0,0
0.7383,72,0,0.2415,3481.0,5,0,1,0,2.0,0
0.3423,70,0,0.8675,13611.0,13,0,0,0,0.0,0
0.7604,62,0,0.288,13552.0,9,0,1,0,1.0,0
0.4886,21,0,0.2024,3497.0,7,0,1,0,2.0,1
0.0604,43,0,0.7471,4693.0,6,0,2,0,1.0,0
2.7658,44,0,0.8719,2557.0,6,0,0,0,1.0,0
1.7533,53,0,0.5519,,9,0,0,0,1.0,1
0.5302,76,0,0.5728,9683.0,4,0,0,0,1.0,0
0.2773,37,0,0.8958,8741.0,8,0,1,0,1.0,0
0.1024,83,0,0.2813,12232.0,8,0,2,0,1.0,1
0.2542,47,0,0.659,4524.0,5,0,4,0,1.0,0
0.1741,41,1,0.3603,5131.0,9,1,1,0,2.0,0
0.4427,64,0,0.2974,5162.0,11,0,2,0,1.0,0
5.2064,65,0,0.3319,2770.0,10,0,0,0,0.0,0
0.4719,61,0,0.0955,3929.0,4,0,1,0,0.0,0
0.8569,41,0,0.1517,2605.0,7,0,3,0,0.0,0
0.4946,59,0,0.4993,12455.0,6,0,1,0,0.0,0
1.0863,38,0,0.9125,7703.0,8,0,1,0,0.0,0
0.2352,41,0,0.2328,16548.0,5,0,2,0,0.0,0
0.4617,51,0,0.622,,9,0,0,0,0.0,0
0.2961,41,0,0.7457,,13,0,1,0,1.0,0
0.426,67,0,0.8197,6004.0,10,0,0,0,1.0,0
0.3672,44,0,0.6465,4833.0,18,0,2,0,1.0,0
0.4299,49,0,0.543,1584.0,7,0,1,0,1.0,1
0.4588,40,0,0.2234,7627.0,7,0,0,0,0.0,0
0.5139,67,0,0.8161,,7,0,0,0,1.0,1
0.2145,43,0,0.294,10584.0,5,0,0,0,1.0,0
0.4104,68,0,0.1853,,8,0,0,0,0.0,0
0.6214,67,0,0.4861,9770.0,7,0,1,0,3.0,0
0.3475,46,0,0.2203,10990.0,7,0,1,0,1.0,0
0.7839,52,0,0.8067,10826.0,8,0,1,0,0.0,0
0.6647,45,0,0.359,,13,0,1,0,2.0,1
0.0661,60,0,0.445,5474.0,14,0,2,0,3.0,0
0.7381,49,0,0.5797,10093.0,8,0,1,0,0.0,0
0.2336,46,0,0.4361,9760.0,8,0,1,0,1.0,0
1.1909,53,0,1.0944,2904.0,8,0,0,0,2.0,0
0.1464,30,0,0.4461,,5,0,0,0,0.0,0
0.1183,51,0,0.7338,4423.0,11,0,0,0,0.0,0
0.3321,61,0,0.3354,3984.0,10,0,1,0,2.0,0
1.9989,54,0,0.5503,,7,0,1,0,1.0,0
0.5568,65,0,0.2794,3786.0,7,0,2,0,1.0,0
2.2994,47,0,0.5306,12684.0,10,0,0,0,2.0,0
0.1412,46,0,0.4624,6244.0,8,0,0,0,0.0,0
0.2816,36,0,0.7016,3130.0,6,0,2,0,0.0,0
0.0318,46,0,0.2185,10522.0,4,0,1,0,0.0,0
3.1221,80,0,0.386,6608.0,8,0,0,0,1.0,0
0.1232,56,0,0.3492,,8,1,2,0,0.0,0
0.2399,44,0,1.2142,4430.0,10,0,1,0,1.0,0
0.5976,38,0,0.2127,13270.0,11,0,2,0,2.0,0
1.9491,30,0,0.3427,1784.0,6,0,1,0,1.0,0
0.1027,40,0,0.6221,,5,0,0,0,0.0,0
0.9235,63,0,0.3226,4715.0,12,0,3,0,1.0,0
0.5723,46,0,0.5574,7622.0,10,0,1,0,0.0,0
0.7849,39,0,0.4461,,11,0,1,0,1.0,0
0.6082,40,0,0.807,1803.0,10,0,0,0,1.0,0
0.5243,61,1,0.6504,3450.0,5,0,1,1,2.0,0
0.3925,51,0,0.0892,3092.0,8,0,0,0,0.0,0
0.4523,43,0,0.9068,6436.0,12,0,0,0,0.0,0
0.7763,48,0,0.8862,3445.0,7,0,1,0,1.0,0
0.6604,83,0,0.5805,8829.0,9,0,3,0,1.0,0
0.4054,69,0,0.5193,3390.0,6,0,2,0,0.0,0
0.1878,73,0,0.8095,10427.0,11,0,0,0,1.0,0
0.4984,27,0,0.3769,3905.0,4,0,0,0,1.0,0
0.1352,50,0,0.2464,5797.0,5,0,0,0,0.0,0
0.0167,43,0,0.3526,6072.0,8,0,2,0,1.0,0
0.0176,60,0,0.0252,3196.0,15,0,0,0,2.0,0
0.5365,67,0,0.7128,2895.0,6,0,0,0,1.0,0
0.5143,57,0,0.3347,,10,0,1,0,0.0,0
0.2373,40,0,0.2475,,6,0,0,0,0.0,0
2.5335,43,1,0.6472,,7,0,1,0,0.0,0
0.5723,61,0,0.5308,1501.0,6,0,0,0,0.0,0
0.7998,62,0,0.3149,3838.0,5,0,2,0,2.0,0
0.6706,54,0,0.4188,5555.0,6,0,1,0,3.0,0
0.3557,54,0,0.7844,5452.0,8,0,1,0,0.0,0
0.8337,53,0,0.5277,4803.0,3,0,0,0,0.0,0
0.2728,56,0,0.2719,10240.0,8,0,0,0,0.0,0
2.817,62,0,0.9063,5721.0,4,0,2,0,1.0,0
0.5001,61,0,0.5683,,7,0,0,0,,0
0.0843,52,0,0.4346,774.0,6,0,1,0,0.0,0
0.4892,51,0,0.9253,8673.0,5,0,0,0,0.0,0
0.2072,51,0,0.4096,35220.0,4,0,1,0,0.0,0
0.177,41,1,0.7092,6998.0,9,1,0,0,1.0,0
0.0694,41,0,0.4999,8583.0,10,0,0,0,2.0,0
0.5799,60,0,0.6612,1780.0,11,0,0,0,0.0,0
0.0732,42,0,0.2244,4506.0,15,0,0,0,0.0,0
0.6082,63,0,0.145,6362.0,8,3,2,1,1.0,0
0.1868,51,0,0.6239,4835.0,10,0,0,0,1.0,0
0.4709,63,0,0.4118,9852.0,4,0,1,0,0.0,0
0.1428,61,0,0.3067,4136.0,10,0,1,0,0.0,0
2.1752,64,0,0.0383,,6,0,1,1,0.0,0
0.8456,45,2,1.1603,7318.0,8,0,1,0,2.0,0
0.6347,58,0,0.3936,6893.0,6,0,1,0,0.0,0
0.3514,62,0,0.6705,,7,0,0,0,0.0,0
0.4285,30,0,0.2275,2573.0,11,0,2,0,2.0,0
0.0993,76,0,1.057,6839.0,9,0,0,0,1.0,0
2.1999,84,0,0.8866,2220.0,10,0,1,0,2.0,0
0.6642,65,0,0.5275,2507.0,7,0,1,0,0.0,0
0.3995,63,0,0.5358,6814.0,6,0,1,0,0.0,0
0.059,60,0,0.3124,,11,0,2,0,1.0,0
0.0494,47,0,0.246,10200.0,5,0,0,0,0.0,0
10.5268,50,4,0.4191,2327.0,7,0,2,0,0.0,0
0.0775,66,2,0.7971,3631.0,8,1,0,0,0.0,0
0.2666,38,0,0.4149,3527.0,5,0,0,0,1.0,0
0.5211,37,0,0.3899,5177.0,6,0,0,0,2.0,0
0.1553,46,0,0.1444,,7,0,0,0,0.0,0
0.587,61,0,0.6128,,4,0,2,0,,0
0.7049,40,0,0.3372,7257.0,17,0,0,0,3.0,0
0.1193,49,3,0.083,2669.0,9,0,0,0,0.0,0
0.3234,51,0,0.6192,6241.0,2,0,1,0,0.0,0
0.1501,38,0,0.5186,,12,0,0,0,0.0,0
0.3416,21,0,0.8581,2824.0,9,0,1,0,1.0,0
0.7311,38,0,0.7814,6349.0,7,0,3,0,1.0,0
3.6617,56,0,0.5627,12300.0,7,0,2,0,1.0,0
0.108,59,0,0.8507,6233.0,12,0,2,0,1.0,0
0.5337,59,0,1.0881,,12,0,1,0,0.0,0
0.2657,61,0,0.2305,,5,0,0,0,0.0,0
0.1646,43,0,0.4192,5986.0,7,0,1,0,,0
0.1015,40,0,0.269,4157.0,8,0,0,0,0.0,0
0.4569,57,0,0.2606,5282.0,10,0,0,0,1.0,0
0.1741,49,0,0.2565,3180.0,11,0,0,0,0.0,0
0.0334,65,0,1.1309,858.0,5,0,1,0,0.0,0
0.6325,57,0,0.4696,4296.0,2,0,1,0,0.0,0
0.1335,70,0,0.1108,3201.0,4,0,1,0,0.0,0
0.0385,45,0,0.2619,7044.0,7,0,2,0,2.0,0
0.5868,67,0,0.5815,4411.0,5,0,1,0,1.0,0
0.4756,80,0,0.8329,21995.0,4,0,2,0,1.0,0
0.4691,53,0,0.2972,,3,0,2,0,2.0,0
0.5737,59,0,0.7664,4433.0,6,0,0,0,0.0,0
0.7891,39,0,0.1803,,12,0,1,0,0.0,0
4.3949,65,0,0.2395,5547.0,10,0,2,0,0.0,0
0.138,68,0,0.3036,4518.0,6,0,0,0,1.0,0
3.218,45,0,0.5712,14656.0,5,0,0,0,1.0,0
0.5651,60,0,0.5182,3285.0,12,0,1,0,,0
0.5828,56,0,0.4131,7792.0,9,0,2,0,0.0,0
0.0131,57,1,0.6015,6106.0,6,0,3,0,0.0,0
0.1479,63,0,0.4972,9252.0,11,0,0,0,1.0,0
0.4955,59,0,0.5368,5463.0,10,0,0,0,1.0,0
1.5608,50,0,0.1153,3677.0,7,0,1,0,0.0,0
0.0711,64,0,0.4554,2301.0,6,0,1,0,0.0,0
0.6077,68,0,0.8434,8868.0,10,0,1,0,1.0,0
0.1199,44,0,0.4647,4951.0,6,0,2,0,0.0,0
0.7125,52,0,0.4091,10190.0,12,0,0,0,1.0,0
0.7226,27,0,0.2174,1942.0,7,0,1,0,0.0,0
0.2987,60,0,0.6306,3450.0,9,0,2,0,1.0,0
0.1516,69,0,0.2966,11864.0,6,0,0,0,1.0,0
0.0562,48,0,0.3421,8048.0,8,0,1,0,0.0,0
0.6408,54,0,0.2912,5389.0,9,0,0,0,0.0,0
0.3688,49,0,0.4832,11741.0,9,0,1,0,2.0,0
0.5377,47,0,0.4788,11779.0,5,0,1,0,1.0,0
0.4193,55,0,0.5552,10495.0,10,0,0,0,2.0,0
0.7787,41,0,0.1865,5259.0,7,0,1,0,1.0,0
0.631,49,0,0.2827,8381.0,8,0,1,0,0.0,0
0.3987,39,0,0.5146,3437.0,6,0,0,0,1.0,0
0.1231,60,0,1.3774,,8,0,1,0,1.0,0
0.2957,55,0,0.9057,2513.0,9,0,1,0,0.0,0
0.2123,46,0,0.2836,15340.0,7,0,2,2,1.0,0
0.3037,53,0,0.7911,3495.0,11,0,2,0,0.0,0
0.6213,49,0,0.369,18017.0,6,0,1,0,1.0,0
0.324,68,0,0.124,,3,0,1,0,1.0,0
0.0966,46,0,0.372,7659.0,5,0,2,0,2.0,0
0.0994,61,0,0.5488,,9,0,1,0,0.0,0
0.2767,42,0,0.8851,10324.0,8,0,0,0,1.0,0
0.4426,63,0,0.3466,,9,0,0,0,0.0,0
0.4108,67,0,0.5229,4881.0,9,0,2,0,0.0,0
0.9979,67,0,0.2236,4074.0,5,0,1,0,1.0,0
1.1439,73,1,0.9363,,9,0,0,0,2.0,0
0.1418,56,0,0.5367,2517.0,6,0,0,0,3.0,0
2.055,69,0,0.3947,9777.0,8,0,1,0,2.0,0
0.1882,75,0,0.4453,8788.0,11,0,1,0,1.0,0
0.0961,36,0,0.5546,8174.0,9,0,2,0,0.0,0
0.1247,44,0,0.4944,5080.0,7,0,1,0,0.0,0
0.9012,31,0,0.6739,,11,0,2,0,1.0,0
0.8878,67,0,0.1411,4627.0,12,0,2,0,2.0,0
0.3563,31,0,0.4472,7895.0,11,0,2,0,0.0,0
0.3218,27,0,0.273,13206.0,10,0,1,0,0.0,0
0.4508,37,0,0.31,3603.0,10,0,0,0,1.0,0
4.0121,28,0,0.6452,9406.0,9,0,1,0,0.0,0
0.666,56,0,0.6615,23724.0,10,0,0,0,1.0,0
0.1049,37,0,0.5709,2947.0,9,0,0,0,0.0,0
0.0581,28,0,0.2392,7216.0,7,0,1,0,0.0,0
0.3022,51,0,0.7532,7133.0,13,0,3,0,0.0,0
0.3198,52,0,0.7878,3761.0,10,0,1,0,2.0,0
4.2876,26,0,0.9475,,11,0,0,0,0.0,0
0.3438,42,0,0.0797,1990.0,8,0,1,0,0.0,0
0.0099,51,0,0.4902,7643.0,6,0,0,0,2.0,0
0.6314,47,0,0.8375,5021.0,3,0,1,0,0.0,0
0.3342,47,0,0.5155,4338.0,10,0,1,0,1.0,0
0.1743,69,0,1.3045,6507.0,9,0,1,0,1.0,0
0.0759,82,2,0.3385,7054.0,12,0,6,0,1.0,1
0.0645,48,0,0.2951,16124.0,5,0,0,0,1.0,0
0.8213,33,0,0.2298,,10,0,0,0,1.0,0
0.3515,49,0,0.238,,14,0,1,0,2.0,0
0.6967,55,0,0.4037,3525.0,5,0,2,0,0.0,0
1.0771,51,0,0.538,2183.0,6,0,0,0,0.0,0
0.5225,61,0,0.5783,,8,0,1,0,1.0,0
0.4027,83,0,0.4457,,10,0,1,0,1.0,0
0.0662,28,0,0.3348,,12,0,0,0,0.0,0
0.2221,45,0,0.6661,5177.0,8,0,0,0,0.0,0
0.6237,74,0,0.4319,4049.0,6,0,1,0,3.0,0
0.7846,45,0,0.3622,3027.0,7,0,1,0,0.0,0
5.7935,63,0,0.4326,,7,0,0,0,1.0,0
1.9812,61,0,0.2783,5979.0,4,0,0,0,0.0,0
0.178,69,0,0.6327,6352.0,12,0,4,0,1.0,0
0.0764,79,0,0.4429,7209.0,4,0,1,0,0.0,0
0.3036,57,0,0.6919,6433.0,8,0,1,0,0.0,0
0.2431,28,0,0.5921,,10,0,1,0,2.0,0
0.006,42,0,0.5856,,7,0,2,0,0.0,0
0.5703,83,0,0.0076,3616.0,10,0,3,0,1.0,1
0.1041,32,0,0.6276,4869.0,12,0,0,0,0.0,0
5.0052,59,0,0.2857,,8,0,1,0,1.0,0
0.6241,21,0,1.0018,8854.0,7,0,0,0,1.0,0
0.2108,33,0,0.4231,8719.0,5,0,1,0,1.0,0
0.5445,64,0,0.4207,15086.0,14,0,1,0,4.0,0
1.1828,53,0,0.1378,,4,0,1,0,1.0,0
2.6219,47,0,0.4332,6480.0,9,0,0,0,,0
0.2918,41,0,0.0686,6980.0,8,0,2,0,1.0,0
0.236,24,0,0.624,3696.0,7,0,1,0,0.0,0
0.8769,62,0,0.3124,,15,0,1,0,2.0,0
0.1767,48,0,0.1833,5075.0,7,0,0,0,0.0,0
0.6128,31,0,0.6581,11350.0,9,0,1,0,1.0,0
0.4802,52,0,0.0778,10317.0,5,0,2,0,0.0,0
0.0049,60,0,0.4521,4672.0,7,0,1,0,0.0,0
0.4136,49,0,0.7263,6632.0,12,0,1,0,1.0,0
0.2172,54,0,0.2828,4356.0,4,0,1,0,3.0,0
2.8349,53,4,0.3512,1327.0,5,0,3,0,0.0,0
0.2606,42,0,0.5425,,5,0,0,0,0.0,0
0.1274,53,0,0.571,17190.0,13,0,0,0,0.0,0
0.082,62,0,0.4257,,9,0,1,0,0.0,0
0.201,66,0,0.721,2211.0,6,0,0,0,1.0,0
1.0856,63,0,0.8302,2078.0,2,0,1,0,1.0,0
1.0578,43,0,0.0999,9019.0,12,0,0,0,,0
0.6251,61,0,0.0999,6589.0,11,0,0,0,1.0,0
1.9382,59,0,0.4028,7142.0,7,0,2,0,0.0,0
0.2467,42,0,0.9317,2774.0,10,0,0,0,0.0,0
0.6665,45,0,0.152,8347.0,10,0,1,2,2.0,0
0.2757,62,0,0.2135,5038.0,11,0,1,0,0.0,0
1.7294,71,0,0.4497,13062.0,6,0,1,0,1.0,0
0.4099,27,0,0.5389,11410.0,13,0,1,0,0.0,0
2.3005,75,1,0.3936,,8,0,1,0,1.0,0
0.2742,68,0,0.3796,5581.0,11,0,2,0,0.0,0
1.0932,55,0,0.5683,2350.0,10,0,1,0,1.0,0
0.7166,49,0,0.3212,10546.0,7,0,0,0,0.0,0
0.173,57,0,0.6277,,4,0,2,0,1.0,0
0.0648,43,0,0.038,12019.0,9,0,0,0,1.0,0
0.3105,50,0,0.0374,5694.0,10,0,2,0,0.0,0
3.8233,31,0,0.3805,4963.0,4,0,2,0,0.0,0
0.3328,28,0,0.5615,3382.0,14,0,0,0,0.0,0
0.0973,85,0,0.2857,18092.0,11,0,0,0,1.0,0
0.1387,53,0,0.0893,3235.0,10,0,2,0,0.0,0
0.1337,55,0,0.1616,4651.0,6,0,3,0,0.0,0
4.2266,52,0,0.5645,4263.0,7,0,2,0,2.0,0
1.3033,40,2,0.5672,2915.0,6,0,0,0,1.0,0
0.4036,48,0,0.1165,14227.0,9,0,0,0,0.0,0
0.5312,53,0,1.132,7387.0,9,0,0,0,2.0,0
0.3825,49,0,0.6993,1770.0,6,0,1,0,1.0,0
0.3592,41,0,0.5968,,8,0,0,0,1.0,0
0.1125,59,0,0.7127,3437.0,4,0,2,0,0.0,0
0.5193,55,1,0.3052,2230.0,7,0,1,1,1.0,0
0.3971,58,0,0.4736,,6,0,1,0,0.0,0
0.2506,62,0,0.3044,,10,0,0,0,1.0,0
0.0482,50,0,0.2052,,9,0,3,0,1.0,0
3.9932,50,0,0.2471,13352.0,4,0,1,0,1.0,0
0.8147,73,0,0.9144,1488.0,9,0,2,0,1.0,0
0.1472,39,0,0.2982,1715.0,5,0,3,0,1.0,0
0.5614,26,0,0.7224,11691.0,17,0,0,0,2.0,0
0.9199,60,0,0.6158,,7,0,3,0,1.0,0
0.1698,43,0,0.66,9930.0,10,0,1,0,0.0,0
0.2605,37,0,0.6661,,9,0,3,0,1.0,0
0.3892,64,0,0.0913,4162.0,3,0,1,0,2.0,0
0.1968,50,0,0.1116,20247.0,9,0,0,1,0.0,1
0.8872,34,3,0.6648,5342.0,5,0,2,0,2.0,1
0.0703,79,0,0.2727,,4,0,1,0,0.0,0
0.0031,29,0,1.0277,6092.0,8,0,2,0,0.0,0
0.0024,51,0,0.6525,6695.0,9,0,0,0,1.0,0
0.3064,26,0,0.6404,644.0,5,0,1,0,0.0,0
0.8967,56,0,0.1857,,8,0,0,0,1.0,0
0.0932,43,0,0.9796,2958.0,7,0,1,0,1.0,0
0.0919,63,3,0.6817,2902.0,7,0,2,0,0.0,0
0.6956,52,0,0.3832,8635.0,4,0,1,0,1.0,0
0.1419,71,0,0.2605,12848.0,6,0,2,0,0.0,0
0.2618,46,0,0.4902,4312.0,6,0,1,0,0.0,0
4.3434,30,0,0.4033,4658.0,10,0,0,0,1.0,0
0.6493,55,0,0.5527,,12,0,0,0,2.0,1
0.1792,48,0,0.6273,2652.0,10,0,0,0,0.0,0
0.4592,27,0,0.5647,2648.0,12,0,0,0,2.0,1
0.1431,37,0,0.272,6726.0,6,0,1,0,0.0,0
0.7085,42,0,0.6963,5772.0,6,0,1,0,0.0,0
0.6705,74,0,0.757,,12,0,1,0,1.0,0
3.4047,62,0,0.7616,3541.0,5,0,1,0,2.0,0
1.1416,47,1,0.6577,,7,0,0,0,2.0,0
0.767,59,0,0.3864,16673.0,9,0,2,0,0.0,0
0.0769,23,0,0.2463,,10,0,0,0,1.0,0
0.5571,44,0,0.3111,4111.0,7,0,1,0,,0
1.6142,58,0,0.2493,4807.0,8,0,1,0,1.0,0
0.5594,54,0,0.85,5566.0,3,0,1,0,1.0,0
0.5784,44,0,0.5871,6550.0,9,0,0,0,1.0,0
0.3616,51,0,0.3012,,9,0,0,0,1.0,0
0.5728,57,0,0.1801,2823.0,9,0,1,0,0.0,0
0.2263,52,0,0.5238,,4,0,1,0,0.0,0
0.4241,64,0,0.2389,9283.0,8,0,2,0,1.0,0
0.7252,56,0,0.9699,,13,0,1,0,2.0,0
1.4746,59,0,0.3632,,6,0,0,0,1.0,0
1.1281,76,0,0.2752,6966.0,8,0,0,0,0.0,0
0.1894,64,0,0.1999,4752.0,10,0,0,0,1.0,0
0.3399,76,0,0.6077,6451.0,11,0,0,0,1.0,0
0.7568,43,0,0.6701,7991.0,2,0,1,0,0.0,0
5.866,30,0,0.5824,3743.0,6,0,0,0,1.0,0
3.6503,50,0,0.1759,3495.0,9,0,1,0,3.0,0
3.5428,49,0,0.7006,2515.0,7,0,1,0,0.0,0
0.4806,72,0,0.5352,3001.0,11,0,2,0,1.0,0
3.442,36,0,0.4451,,7,0,2,0,0.0,0
0.5685,51,0,0.388,,11,0,3,0,2.0,0
0.1475,58,0,0.1525,6687.0,10,0,0,0,1.0,0
0.5035,53,0,0.9754,4006.0,10,0,2,0,1.0,0
0.0876,50,0,0.2542,3896.0,10,0,2,0,0.0,0
0.5724,57,0,0.5433,8287.0,4,0,1,0,,0
3.9112,67,2,0.4119,,6,0,1,1,0.0,0
0.255,74,0,0.6206,,12,0,0,0,2.0,0
1.4271,52,0,0.3699,1826.0,4,0,0,0,0.0,0
0.4894,41,0,0.4367,1932.0,5,0,3,0,0.0,0
0.0015,73,0,0.9617,3246.0,6,0,2,0,1.0,0
0.3909,37,0,0.4311,4126.0,8,0,1,0,0.0,0
0.3364,77,0,0.2905,,9,0,1,0,0.0,0
0.0536,71,0,0.8756,5692.0,8,0,1,0,0.0,0
0.2512,73,0,0.5462,6591.0,7,0,0,0,1.0,0
1.6369,62,0,0.4275,4706.0,6,0,0,0,1.0,0
0.3249,22,0,1.1083,,6,0,1,0,2.0,0
0.4643,37,0,0.6252,2954.0,10,0,0,0,2.0,0
0.841,56,0,0.4144,3227.0,8,0,0,0,1.0,0
0.189,43,3,1.0,6771.0,6,0,1,0,0.0,0
0.5573,48,0,0.438,,6,0,2,0,0.0,0
0.2179,61,0,0.4309,,8,0,0,0,3.0,0
0.6264,50,0,0.3418,5995.0,6,0,2,0,2.0,0
0.5365,35,0,0.6293,2832.0,12,0,0,0,2.0,0
0.8557,64,0,0.3252,10312.0,10,0,0,0,1.0,0
0.2113,59,0,1.226,3939.0,2,0,0,0,0.0,0
0.2585,49,0,0.1174,9135.0,9,0,0,0,0.0,0
0.271,62,0,0.6402,8614.0,5,0,1,0,1.0,0
3.2501,53,0,0.4249,,13,0,1,0,0.0,0
0.15,71,0,0.212,,7,0,1,0,0.0,0
0.9262,54,0,0.6653,2472.0,9,0,1,0,0.0,0
0.0239,71,0,0.5084,,4,0,0,0,1.0,0
1.9711,26,0,0.1913,5385.0,12,0,0,0,1.0,0
0.3098,58,0,0.1251,3934.0,4,0,2,0,0.0,0
0.4627,46,0,0.7919,2278.0,3,0,0,0,1.0,1
0.5778,40,0,0.537,,5,0,2,0,2.0,0
0.5749,68,0,0.2741,9792.0,5,0,0,0,0.0,0
0.1043,64,0,0.2921,,5,0,0,0,1.0,0
0.2831,24,0,0.1126,3429.0,11,0,1,0,0.0,0
0.0875,62,0,0.41,3786.0,13,0,0,0,4.0,0
0.7836,60,0,0.2239,,9,0,1,0,0.0,0
0.0075,42,0,0.4627,4802.0,10,0,1,0,0.0,0
0.0987,40,0,0.2115,,6,0,0,0,0.0,0
0.1312,30,0,0.2147,9300.0,10,0,2,0,0.0,0
3.2541,47,0,0.9099,,8,0,1,0,0.0,1
4.4257,50,2,0.7959,2064.0,8,0,1,0,2.0,0
0.0787,63,0,0.2511,5993.0,8,0,0,0,1.0,0
4.0633,56,0,0.2564,4670.0,14,0,1,2,3.0,0
0.0111,37,0,0.5107,9445.0,6,0,1,0,1.0,0
2.5869,55,0,0.6558,,13,0,2,0,0.0,0
0.5571,48,0,0.6862,,9,0,0,0,0.0,0
0.7477,39,0,0.796,5388.0,8,0,1,0,0.0,0
0.4298,30,0,0.3873,4137.0,7,0,0,0,0.0,0
0.8723,61,0,0.1062,5581.0,5,0,1,0,1.0,0
0.1866,58,0,0.3604,,6,0,1,0,1.0,0
0.2612,60,0,0.7595,3796.0,8,0,0,0,2.0,0
0.3998,42,0,0.5872,12525.0,13,0,0,0,2.0,0
0.5583,54,0,0.4297,5131.0,4,0,1,0,1.0,0
2.3139,33,0,0.7045,9864.0,13,0,2,0,0.0,0
0.8499,38,0,0.1908,6038.0,8,0,3,0,1.0,0
0.5835,52,0,0.4311,7808.0,7,0,1,0,1.0,0
1.4951,56,0,0.3909,5036.0,10,0,1,0,0.0,0
1.224,29,0,0.2575,2896.0,5,0,3,0,0.0,0
0.3402,37,0,1.0348,6074.0,6,0,3,0,0.0,0
1.5716,47,0,0.3988,,3,0,1,0,1.0,0
0.2742,65,0,0.2153,4452.0,3,0,0,0,0.0,0
0.4273,41,0,0.3813,6207.0,5,0,0,0,0.0,0
0.7566,54,0,0.341,7631.0,11,0,0,0,0.0,0
0.2004,55,0,0.1139,,4,0,2,0,1.0,0
1.4314,49,0,0.6815,,9,0,0,0,0.0,0
0.2752,56,0,0.3923,,6,0,3,0,0.0,0
0.3275,33,2,0.3429,1848.0,5,0,1,0,1.0,0
0.5449,43,0,0.7741,3046.0,6,0,1,0,0.0,0
0.8279,72,0,1.0321,,6,0,1,0,0.0,1
0.1093,73,0,0.8877,,15,0,0,0,0.0,0
0.9983,64,0,0.6522,11140.0,9,0,1,0,0.0,0
0.0427,67,0,0.2539,,8,0,2,0,0.0,0
0.7553,26,0,0.3099,3233.0,7,0,1,0,1.0,0
1.6189,39,1,0.5509,,11,0,1,3,1.0,0
0.143,48,0,0.6183,4309.0,8,0,0,0,1.0,0
0.1828,86,0,0.6407,5365.0,5,0,0,0,0.0,0
0.016,48,0,0.2062,2986.0,6,0,2,0,0.0,0
1.809,62,0,0.191,2945.0,13,0,1,0,0.0,1
0.14,57,0,0.6564,3458.0,7,0,1,0,2.0,0
0.3735,57,0,0.4561,,9,0,1,0,1.0,0
0.0614,52,1,0.5238,6136.0,6,0,0,0,3.0,0
0.0096,35,0,0.5617,,10,0,2,0,1.0,0
0.0475,21,0,0.2306,15326.0,8,0,0,0,,0
0.3142,70,0,0.4739,,11,0,1,0,0.0,0
0.1504,43,0,0.2181,2033.0,6,0,2,0,0.0,0
0.7793,26,0,0.4007,8488.0,8,0,2,0,1.0,0
0.4668,58,0,0.8003,9947.0,12,0,0,0,0.0,0
0.5745,58,0,1.0319,5401.0,9,0,0,0,0.0,0
0.4874,63,0,0.2371,6704.0,6,0,3,0,0.0,0
0.6062,68,0,0.5781,6462.0,7,0,2,0,1.0,0
3.3735,39,0,1.0799,3242.0,7,0,1,0,0.0,0
0.0177,40,0,1.3542,4057.0,8,0,2,0,2.0,0
1.3957,48,0,0.8872,6411.0,11,0,2,0,1.0,0
0.3846,64,0,0.3819,,9,0,0,0,0.0,0
0.112,23,0,0.9433,8633.0,7,0,2,0,3.0,0
9.6369,54,0,0.3843,,6,0,1,0,0.0,0
0.2033,65,0,0.6297,14692.0,8,0,0,0,1.0,0
0.1609,64,0,0.1808,4907.0,9,0,1,0,1.0,0
0.0153,62,0,0.3878,,7,0,1,0,2.0,0
0.5852,67,0,0.2771,9623.0,0,0,2,0,0.0,0
3.2671,21,0,0.662,5462.0,7,0,0,0,1.0,0
0.045,75,0,0.8043,5082.0,3,0,0,0,0.0,0
0.0607,57,0,0.5453,7614.0,8,0,4,0,1.0,0
1.4017,71,5,0.1562,24148.0,8,0,1,2,0.0,0
0.5828,36,0,0.6857,14364.0,10,0,3,0,0.0,0
0.0912,27,0,0.511,,7,0,1,0,1.0,0
0.631,77,0,0.8282,,13,0,1,0,0.0,1
0.802,39,0,0.1655,6531.0,5,0,0,0,1.0,0
0.5569,48,0,0.644,2046.0,4,0,1,0,1.0,0
0.5771,59,0,1.2281,7514.0,8,0,1,0,0.0,0
0.1876,63,0,0.3626,4703.0,7,0,0,0,0.0,0
0.6177,67,0,0.503,4486.0,15,0,3,0,0.0,1
0.6646,55,0,0.1013,6015.0,6,0,1,0,0.0,0
0.1944,37,0,0.4859,3131.0,3,0,1,0,0.0,0
0.0134,62,0,0.322,8422.0,9,0,0,0,0.0,0
0.2655,62,0,0.4165,4685.0,5,0,3,0,1.0,0
0.124,27,0,0.2943,8938.0,14,0,1,0,0.0,0
0.4441,72,0,0.5396,8732.0,12,0,1,0,0.0,0
5.1163,21,0,0.3857,2488.0,5,0,3,0,1.0,1
0.3924,66,0,0.2273,3973.0,3,0,1,0,1.0,0
3.4368,43,0,0.3648,1757.0,6,0,2,0,0.0,0
3.2094,62,0,0.559,,11,0,0,0,3.0,0
0.8279,59,0,0.3431,,6,0,1,0,1.0,0
0.1594,51,0,0.1565,844.0,9,0,1,0,0.0,0
0.2742,58,0,0.9985,5963.0,12,0,1,0,0.0,0
1.2388,51,0,0.6158,,11,0,1,0,0.0,0
0.4468,62,0,0.2144,,8,0,0,0,2.0,0
1.5414,83,0,0.4886,9989.0,6,0,1,0,1.0,0
0.6766,33,0,0.9811,3571.0,8,0,1,0,0.0,0
1.0156,21,0,0.8201,,16,0,0,0,1.0,0
0.7052,46,0,0.4156,16345.0,5,0,3,0,0.0,0
0.6519,45,0,0.526,10876.0,8,0,1,0,1.0,0
0.3312,47,0,0.7755,,10,0,1,0,1.0,0
0.5623,39,2,0.4677,,6,0,0,0,,0
0.7645,64,0,0.3503,11537.0,7,0,1,0,0.0,0
0.2656,33,0,0.4563,4952.0,14,0,2,0,0.0,0
6.017,58,0,0.3134,7680.0,6,0,1,0,0.0,0
4.987,61,0,0.2316,9713.0,9,0,0,0,1.0,0
0.0153,56,0,0.1499,8421.0,3,0,1,0,0.0,0
0.4154,59,0,0.6871,3578.0,7,0,0,0,0.0,0
0.5613,65,0,0.4175,,9,0,2,0,0.0,0
2.9261,53,0,0.4252,,9,0,3,0,,0
0.6712,47,0,0.46,3718.0,8,0,1,0,,0
0.3726,59,0,0.6667,7226.0,7,0,3,0,0.0,0
0.4818,60,0,0.6534,,12,0,2,0,0.0,0
0.253,64,0,0.6136,2382.0,8,0,1,0,2.0,0
0.2168,28,0,0.2253,5834.0,4,0,2,0,2.0,0
0.3931,49,0,0.719,21099.0,7,0,0,0,0.0,0
0.1922,37,0,0.3638,6518.0,13,0,1,0,0.0,0
7.3488,60,0,0.5482,1999.0,12,0,0,0,2.0,0
1.71,62,0,0.0842,6247.0,7,0,2,0,2.0,0
0.0166,48,0,0.0851,2960.0,6,0,1,0,1.0,0
0.3101,42,0,0.3683,9090.0,6,0,0,0,2.0,0
1.0133,60,1,0.1528,6819.0,11,0,2,0,0.0,0
0.6415,50,0,0.7991,1448.0,8,0,1,0,1.0,1
0.1138,72,0,0.2696,5999.0,5,0,2,0,1.0,0
1.3886,77,0,0.1814,2540.0,8,0,1,0,1.0,0
0.9252,66,0,0.2387,,10,0,1,0,0.0,0
0.1564,55,0,0.1774,2007.0,9,0,0,0,3.0,0
0.0926,78,0,0.1679,5076.0,14,0,1,0,1.0,0
0.6072,55,0,0.481,4680.0,11,0,0,0,0.0,0
1.7647,45,1,0.2008,9927.0,14,1,0,0,0.0,0
0.1991,43,0,0.7171,14604.0,9,0,0,0,0.0,0
0.6944,42,0,0.4284,2786.0,7,0,1,0,0.0,0
0.7023,52,0,0.2736,3389.0,7,0,0,0,1.0,0
0.7069,58,0,0.6379,14588.0,7,0,1,0,1.0,0
1.1312,32,0,0.8702,947.0,7,0,1,0,0.0,0
0.1198,46,0,0.5662,2033.0,7,0,1,0,0.0,0
0.2583,55,0,0.1152,,11,0,0,0,0.0,0
0.024,61,0,0.2591,14731.0,2,0,1,0,0.0,0
0.38,52,0,0.6417,,10,0,2,0,2.0,0
0.1879,55,0,0.3019,5567.0,6,0,0,0,1.0,0
0.642,35,0,0.1918,,10,0,0,0,0.0,0
0.7586,39,0,0.3968,10582.0,13,0,0,0,0.0,0
0.2695,51,0,0.4865,,11,0,0,0,0.0,0
1.3255,59,0,0.8409,9106.0,12,0,0,0,0.0,0
0.4652,55,1,0.1423,14996.0,11,0,4,1,0.0,0
0.5726,40,0,0.3988,,3,0,3,0,0.0,0
0.7309,49,1,0.5298,1777.0,4,0,1,0,0.0,0
0.7049,73,0,0.7508,,5,0,0,0,1.0,1
0.1329,60,0,0.837,4976.0,7,0,0,0,2.0,0
0.2089,50,0,0.5507,4935.0,8,0,4,0,1.0,0
1.479,38,0,0.5797,4678.0,8,0,0,0,0.0,0
0.4183,42,0,0.4933,3519.0,8,0,2,0,1.0,0
0.3263,52,0,0.7706,6599.0,6,0,0,0,3.0,0
0.6604,56,0,0.817,8343.0,12,0,2,0,2.0,0
2.1646,60,0,0.8245,,4,0,2,0,2.0,0
0.1146,57,0,0.5665,1905.0,7,0,0,0,1.0,0
0.4325,47,0,0.6271,5253.0,10,0,0,0,1.0,0
1.0414,45,0,0.5486,,9,0,0,0,0.0,0
1.2607,81,0,0.6453,3407.0,10,0,2,0,0.0,0
0.0669,44,0,0.3455,1759.0,11,0,0,0,1.0,0
0.5801,34,0,0.3587,,8,0,0,0,0.0,0
0.5566,29,0,0.412,,8,0,1,0,0.0,1
0.0663,47,2,1.1449,5653.0,6,0,1,1,0.0,0
0.7147,65,0,0.7168,5250.0,8,0,0,0,1.0,0
0.2489,44,0,0.6389,2582.0,6,0,2,0,0.0,0
1.0825,73,1,1.057,8527.0,5,0,1,0,0.0,0
0.2374,52,0,0.1833,,7,0,0,0,1.0,0
0.245,68,0,0.3442,11178.0,3,0,1,0,2.0,0
0.6452,41,0,0.2798,6305.0,10,0,2,0,0.0,0
0.9906,42,0,0.4193,4309.0,6,0,1,0,2.0,0
0.2163,53,0,0.7733,3775.0,5,0,0,0,1.0,0
0.6006,59,0,0.6335,13021.0,6,0,1,0,1.0,0
1.5855,49,0,0.19,1631.0,6,0,1,0,2.0,0
2.5189,56,0,0.0502,4465.0,6,0,2,0,1.0,0
0.3945,60,0,0.5852,3245.0,10,0,0,0,2.0,0
0.349,32,0,0.7367,,11,0,0,0,0.0,0
0.5136,47,0,0.6297,5336.0,5,0,0,0,3.0,0
0.0732,45,0,0.7305,8640.0,9,0,0,0,0.0,0
0.5359,45,0,0.5207,4377.0,9,0,0,0,0.0,0
0.243,58,0,0.0953,4952.0,6,0,1,0,0.0,0
0.1702,45,0,0.1406,6918.0,7,0,2,0,0.0,0
0.2295,24,0,0.2606,2064.0,8,0,2,0,0.0,0
0.3945,49,0,0.2328,7166.0,7,0,1,0,0.0,0
0.7252,37,0,0.573,2841.0,8,0,0,0,0.0,0
0.0989,59,0,0.4892,6545.0,10,0,2,0,1.0,0
0.7464,63,0,0.2446,,6,0,1,0,2.0,0
0.1336,22,0,0.6031,7556.0,4,0,0,0,0.0,0
0.1851,41,0,0.2759,1505.0,7,0,1,0,0.0,0
0.1195,57,0,0.673,11707.0,8,0,1,0,1.0,0
0.2766,32,0,0.9074,6124.0,6,0,2,0,0.0,0
0.4404,63,0,0.1003,4517.0,9,0,1,0,0.0,0
0.3387,67,0,0.416,10443.0,6,0,3,0,2.0,0
0.319,50,0,0.7586,2535.0,6,0,0,0,0.0,0
0.165,41,0,0.1678,4733.0,9,0,1,0,2.0,0
0.51,21,0,0.1998,,4,0,2,0,0.0,0
0.1999,63,0,0.5242,4513.0,7,0,1,0,1.0,0
0.7714,80,0,0.3905,9225.0,5,0,2,0,0.0,0
2.4211,77,0,0.8806,6633.0,5,0,0,1,1.0,0
0.0452,49,0,0.2748,9780.0,9,0,2,0,1.0,0
5.0982,37,0,0.4406,6665.0,5,0,1,0,1.0,0
0.286,64,0,0.5886,6754.0,5,0,1,0,0.0,0
0.8539,50,0,0.1278,7380.0,8,0,4,0,3.0,0
0.1995,59,0,0.703,,7,0,1,0,0.0,0
0.207,56,4,0.1828,6616.0,11,0,1,0,1.0,0
0.5351,53,0,0.3204,5640.0,5,0,2,0,1.0,0
0.841,66,0,0.325,4196.0,1,0,0,0,1.0,0
1.9662,67,0,0.279,11572.0,11,0,1,0,2.0,0
0.6234,45,0,0.7783,3448.0,8,0,0,0,1.0,0
0.3104,39,0,0.5355,22912.0,8,0,1,0,1.0,0
0.6233,21,0,0.2123,2740.0,8,0,2,0,0.0,0
0.2882,47,0,0.2839,9931.0,9,0,0,0,0.0,0
0.1446,37,0,0.3132,,7,0,1,0,2.0,0
0.0997,58,0,0.5104,7604.0,12,0,2,0,3.0,0
1.1991,47,1,0.5658,13333.0,3,0,1,0,0.0,0
0.2257,49,0,0.4752,10941.0,11,0,0,0,1.0,0
2.609,63,0,0.2079,2770.0,12,0,0,0,1.0,0
0.9778,58,0,0.5696,12022.0,10,0,1,0,0.0,0
0.4226,50,0,0.5876,11218.0,6,0,3,0,1.0,0
0.3498,76,2,0.4359,7075.0,7,0,1,2,0.0,0
3.3011,62,0,0.3408,4206.0,8,0,1,0,0.0,0
0.8106,46,0,0.4685,1752.0,7,0,1,0,0.0,0
0.2813,47,0,0.6306,,8,0,1,0,0.0,0
0.6684,63,0,0.0982,7049.0,9,0,0,0,0.0,0
0.3911,55,0,0.8865,13005.0,5,0,1,0,1.0,0
3.0986,36,0,0.3377,10265.0,13,0,1,0,0.0,0
0.9628,65,0,0.4879,15220.0,4,0,1,0,,0
0.3654,70,0,0.4418,1809.0,4,0,1,0,0.0,0
0.6099,69,0,0.411,12894.0,9,0,2,0,2.0,0
0.4935,74,0,0.3301,6244.0,7,0,0,0,2.0,0
0.5952,81,1,0.1206,10508.0,7,2,1,2,,0
0.269,76,0,0.3982,2561.0,7,0,0,0,1.0,0
0.2864,57,0,0.507,6295.0,6,0,0,0,0.0,0
0.5889,49,0,0.1206,8858.0,8,0,2,0,1.0,0
0.3382,26,0,0.6124,4004.0,7,0,3,0,4.0,0
0.0128,52,0,0.4298,,7,0,1,0,1.0,0
0.234,59,0,0.4367,5040.0,8,0,0,0,0.0,0
0.6393,53,0,0.6473,3241.0,10,0,1,0,3.0,0
0.3937,26,0,0.7501,3079.0,4,0,1,0,1.0,0
0.1453,48,0,0.741,,6,0,0,0,0.0,0
1.0104,61,0,0.848,6190.0,6,0,0,0,1.0,0
0.472,38,0,0.6312,4511.0,11,0,1,0,0.0,0
0.036,54,0,0.2594,,7,0,0,0,0.0,0
0.0159,58,1,0.6918,4263.0,9,0,1,0,0.0,0
0.8287,68,0,0.8003,,7,0,3,0,1.0,0
0.3404,76,0,0.1229,2473.0,7,0,2,0,2.0,0
0.4236,47,0,0.5307,2966.0,4,0,1,0,1.0,0
3.243,55,0,0.206,3735.0,11,0,0,0,1.0,0
0.3389,55,0,0.2005,4711.0,6,0,2,0,2.0,0
0.4759,61,0,0.8078,3288.0,12,0,1,0,2.0,0
0.1707,60,0,0.1321,,9,0,1,0,0.0,0
0.4641,72,0,0.3504,10576.0,9,0,0,0,0.0,0
0.1762,21,0,0.708,12291.0,10,0,2,0,2.0,0
1.2613,58,0,1.3524,5737.0,4,0,1,0,0.0,0
0.2458,59,0,0.292,4472.0,12,0,0,0,2.0,0
0.7153,49,0,0.9885,11483.0,11,0,2,0,5.0,0
0.5643,21,0,0.5123,5533.0,7,0,2,0,2.0,0
0.0469,51,0,0.6274,12388.0,8,0,1,0,1.0,0
0.1389,42,0,0.8535,2459.0,7,0,0,0,1.0,0
0.9443,75,0,0.2436,7826.0,12,0,2,0,1.0,0
0.4921,57,0,0.3703,7060.0,5,0,0,0,0.0,0
1.1906,41,0,0.1332,7640.0,7,0,0,0,0.0,0
0.654,23,0,0.1527,1437.0,12,0,0,0,1.0,0
0.1493,60,0,0.4499,4999.0,6,0,1,0,1.0,0
3.2682,62,1,0.496,1777.0,8,0,1,0,1.0,0
0.3153,49,0,0.5321,11229.0,8,0,2,0,0.0,0
0.4769,60,0,0.1651,6506.0,9,0,0,0,0.0,0
0.1055,47,0,1.2042,,10,0,0,0,0.0,0
0.0126,67,0,0.3148,5577.0,10,0,0,0,0.0,0
0.8966,66,0,0.4148,,10,0,1,0,0.0,0
0.6045,29,0,0.335,6511.0,10,0,1,0,1.0,0
0.139,32,0,0.3003,2366.0,7,0,1,0,2.0,0
0.3633,80,0,0.5236,2897.0,7,0,2,0,,0
0.0759,65,0,0.1391,6705.0,7,0,2,0,0.0,0
1.2408,34,0,0.3233,914.0,6,0,0,0,0.0,0
1.3547,30,1,0.0685,18157.0,9,2,1,1,0.0,0
0.6642,55,0,0.9068,8768.0,8,0,0,0,1.0,0
2.4744,36,0,0.9032,4014.0,4,0,1,0,1.0,0
0.2471,48,0,0.2198,,8,0,1,0,0.0,0
0.586,51,0,0.7362,23897.0,6,0,1,0,1.0,0
0.1478,51,0,0.2369,,5,0,0,0,0.0,0
0.42,68,0,0.604,9017.0,7,0,0,0,0.0,0
0.1039,78,0,0.3329,,14,0,0,0,1.0,0
1.3595,45,0,0.2718,17732.0,6,0,1,0,2.0,0
1.1608,36,0,0.6489,,4,0,1,0,0.0,0
0.1198,57,0,0.37,2270.0,7,0,2,0,0.0,0
0.6315,75,0,0.4953,6470.0,4,0,1,0,1.0,0
0.7275,46,0,0.5297,2389.0,13,0,2,0,0.0,0
0.3888,64,0,0.0452,,8,0,1,0,1.0,0
0.2596,40,0,0.9118,,11,0,1,0,1.0,0
0.8332,52,0,0.2343,7430.0,6,0,1,0,1.0,0
5.5449,36,0,0.1046,6441.0,10,0,2,0,2.0,0
0.9001,52,0,0.2973,11948.0,14,0,1,0,0.0,0
0.0135,50,0,0.5601,6471.0,6,0,1,0,0.0,0
0.8742,61,0,0.3653,9613.0,8,0,2,0,0.0,0
0.762,77,0,0.1284,3624.0,9,0,0,0,0.0,0
0.5803,47,0,0.6915,6523.0,6,0,1,0,1.0,0
0.3939,24,0,0.5775,11049.0,9,0,0,0,1.0,0
4.9721,49,1,0.3198,8958.0,9,0,0,2,0.0,0
0.0346,56,0,0.2435,13637.0,10,0,0,0,1.0,0
4.1779,55,0,0.0837,4094.0,14,0,2,0,2.0,0
0.2015,50,1,0.1066,6140.0,8,0,1,0,0.0,0
0.9914,73,0,0.5987,5927.0,7,0,2,0,1.0,0
0.7995,54,0,0.4495,,3,0,0,0,2.0,0
2.0197,51,0,0.1632,6147.0,10,0,0,0,0.0,0
0.0411,41,0,0.1719,13960.0,9,0,0,0,2.0,0
0.5846,28,0,0.3727,5718.0,15,0,4,0,0.0,0
0.8408,57,2,0.3521,7173.0,11,0,0,0,0.0,0
0.0245,55,0,0.6949,8227.0,9,0,3,0,2.0,0
0.1975,37,0,0.6837,3265.0,10,0,1,0,0.0,0
0.3126,51,0,0.4793,,6,0,0,0,0.0,0
1.519,50,0,0.3423,3502.0,3,0,2,0,1.0,0
0.4646,43,0,0.6571,5158.0,13,0,0,0,0.0,0
0.7746,41,0,0.3373,3901.0,13,0,2,0,2.0,0
0.8484,58,0,0.4707,7773.0,9,0,0,0,0.0,0
0.7898,49,0,0.6972,20151.0,11,0,0,0,2.0,0
0.0422,44,0,0.0598,6073.0,5,0,0,0,0.0,0
0.0652,40,0,0.3756,8662.0,14,0,0,0,0.0,0
0.1466,50,0,0.9179,6511.0,5,0,2,0,,0
0.5977,65,0,0.5591,9555.0,7,0,1,0,1.0,0
0.4633,55,0,0.0901,,9,0,0,0,0.0,0
0.4724,49,0,0.0871,1314.0,5,0,0,0,3.0,0
0.6104,56,0,0.0458,4241.0,7,0,1,0,1.0,1
0.4024,71,0,0.4046,3985.0,3,0,2,0,0.0,0
2.6005,59,0,0.58,11094.0,8,0,0,0,2.0,0
0.5712,56,0,0.7695,,12,0,1,0,0.0,1
0.1989,61,0,0.3964,11734.0,12,0,3,0,0.0,0
0.2823,50,0,0.9913,7837.0,11,0,0,0,0.0,0
0.2569,55,0,0.4281,,13,0,1,0,1.0,0
0.4912,45,0,0.0234,,10,0,2,0,1.0,0
0.7408,30,0,0.4173,3683.0,5,0,0,0,1.0,0
0.047,57,0,0.8965,3357.0,3,0,0,0,0.0,0
0.1679,57,0,0.2869,4451.0,12,0,0,0,1.0,0
0.3553,48,0,0.5948,3254.0,7,0,0,0,2.0,0
0.0256,67,0,0.6794,,8,0,0,0,0.0,0
0.2001,42,0,1.0351,8286.0,10,0,2,0,1.0,0
0.2098,27,0,0.4688,8857.0,15,0,2,0,0.0,0
2.5286,42,0,0.0806,2894.0,8,0,1,0,1.0,0
0.4301,30,0,0.0975,4355.0,8,0,0,0,0.0,0
0.061,57,0,0.5628,5537.0,6,0,1,0,3.0,0
0.5113,41,0,0.322,5662.0,9,0,1,0,1.0,0
1.7824,66,2,0.4295,4258.0,12,1,2,3,0.0,0
0.5733,65,0,0.394,7306.0,7,0,0,0,0.0,0
0.2026,39,0,0.6022,6300.0,11,0,2,0,0.0,0
0.5721,41,0,0.6574,,12,0,0,0,0.0,0
2.1029,59,0,0.2608,5099.0,12,0,1,0,1.0,0
2.5434,66,0,0.3375,9285.0,5,0,3,0,1.0,0
0.3723,24,0,0.2553,6270.0,5,0,1,0,1.0,0
0.205,56,0,0.2909,10260.0,8,0,1,0,0.0,0
0.4639,21,0,0.8405,3279.0,7,0,2,0,0.0,1
1.2499,44,0,0.5609,,10,0,1,0,2.0,0
2.9239,67,0,0.564,3127.0,8,0,0,0,1.0,0
0.8288,94,0,0.542,15761.0,5,0,3,0,1.0,0
0.1073,49,0,0.5882,4764.0,10,0,1,0,0.0,0
0.1868,35,0,0.3841,2233.0,9,0,3,0,0.0,0
1.4148,45,0,0.2731,13336.0,8,0,0,0,2.0,0
0.6412,53,0,0.3599,7358.0,9,0,2,0,2.0,0
0.0266,43,0,0.7649,,9,0,1,0,0.0,0
0.4526,39,0,0.1927,9780.0,6,0,2,0,2.0,0
0.4465,46,0,0.0568,3158.0,17,0,2,0,0.0,0
0.5972,58,0,0.8925,4177.0,14,0,0,0,0.0,0
0.5315,50,0,1.1013,4827.0,8,0,0,0,1.0,0
2.4751,40,0,0.136,,12,0,2,0,0.0,0
0.341,43,0,0.9989,,5,0,0,0,0.0,0
1.4156,46,0,0.9046,3936.0,8,0,2,0,1.0,0
0.1291,38,0,0.3434,4356.0,11,0,4,0,0.0,0
0.2383,42,0,0.074,2670.0,5,0,2,0,1.0,0
0.0879,61,0,0.3482,4062.0,9,0,1,0,1.0,0
1.8539,49,0,0.1995,8952.0,5,0,2,0,1.0,0
0.0357,27,0,0.0395,3610.0,6,0,1,0,1.0,0
0.3866,66,0,0.6283,,9,0,0,0,1.0,0
0.5641,58,0,0.197,5503.0,8,0,0,0,1.0,0
0.2434,33,1,0.9375,,6,0,4,1,3.0,0
0.1873,47,0,0.406,10153.0,5,0,0,0,0.0,0
1.9921,41,0,0.5972,13190.0,10,0,1,0,1.0,0
2.5342,61,0,0.6548,9420.0,10,0,0,0,0.0,0
0.6205,47,0,0.7614,,10,0,1,0,0.0,0
0.5618,51,0,0.6815,3828.0,3,0,0,0,1.0,0
1.938,49,0,0.5275,8750.0,14,0,0,0,1.0,0
0.2649,31,0,1.1413,1217.0,12,0,1,0,2.0,0
0.0343,72,0,0.6832,,10,0,1,0,1.0,0
0.4323,61,0,0.3604,4272.0,7,0,0,0,0.0,0
0.2716,42,0,0.2292,12854.0,8,0,3,0,0.0,0
0.216,55,0,0.4525,1134.0,8,0,0,0,1.0,0
0.4681,66,0,0.0828,12005.0,7,0,5,0,0.0,0
0.821,53,0,0.5728,,12,0,0,3,0.0,0
0.8307,74,0,0.4823,6845.0,7,0,0,0,1.0,0
1.7495,93,0,0.2449,1492.0,10,0,2,0,2.0,0
0.3911,50,0,0.6564,3747.0,11,0,0,0,2.0,0
0.3431,44,0,0.191,,8,0,1,0,0.0,0
4.8704,38,0,0.0614,3897.0,7,0,0,0,1.0,0
1.8571,21,0,0.1136,,8,0,1,0,0.0,0
0.4546,69,0,0.4836,6667.0,9,0,1,0,0.0,0
0.4358,47,0,0.7233,9960.0,8,0,0,0,1.0,0
0.1776,64,0,0.4939,6008.0,5,0,1,0,0.0,0
1.0518,67,0,0.223,10644.0,13,0,0,0,0.0,0
0.572,37,0,0.522,5172.0,11,0,1,0,2.0,0
0.813,39,0,0.2437,4573.0,8,0,1,0,2.0,0
0.0813,76,0,0.5668,1217.0,7,0,1,0,1.0,0
0.3288,51,0,0.0759,2428.0,7,0,1,0,1.0,0
0.2909,43,0,0.343,3154.0,6,0,1,0,3.0,0
0.002,37,0,0.9949,9780.0,10,0,0,0,1.0,0
0.739,50,1,0.5032,2901.0,11,0,1,0,0.0,0
0.6369,73,0,0.5301,5387.0,4,0,0,0,1.0,0
0.2752,62,0,0.2427,10732.0,7,0,0,0,2.0,0
0.0791,55,0,0.5266,6989.0,7,0,0,0,0.0,0
0.1874,74,0,0.1448,8802.0,8,0,0,0,1.0,1
0.1993,72,0,0.4169,6720.0,7,0,0,0,1.0,0
0.0908,57,0,0.2015,11868.0,10,0,1,0,0.0,0
0.0748,91,0,0.5906,7093.0,6,0,0,0,3.0,0
0.4617,49,0,0.1082,14996.0,10,0,2,0,1.0,0
0.8146,67,0,1.065,13165.0,6,0,3,0,2.0,0
1.6924,46,0,0.3007,2897.0,6,0,0,0,0.0,0
0.5843,65,0,0.2187,2043.0,7,0,1,0,0.0,0
0.2358,49,0,0.5338,5256.0,8,0,2,0,3.0,0
0.6142,58,0,0.7039,10021.0,7,0,0,0,0.0,0
2.0485,85,1,0.1303,9540.0,10,0,1,0,0.0,0
1.1337,65,0,0.6294,5133.0,8,0,1,0,0.0,0
0.1765,59,0,0.3227,12058.0,10,0,1,0,2.0,0
0.372,41,0,0.5185,11250.0,4,0,1,0,1.0,0
0.5398,55,0,0.6331,13915.0,6,0,2,0,1.0,0
0.739,38,0,0.8782,6487.0,3,0,1,0,3.0,0
0.0906,64,0,0.7071,,9,0,2,0,0.0,0
0.1527,64,0,0.6836,3144.0,2,0,0,0,1.0,0
0.1585,49,0,0.4709,8201.0,15,0,1,0,0.0,0
1.8103,75,0,0.3352,,9,0,0,0,3.0,0
0.1055,73,0,0.3755,5931.0,15,0,0,0,1.0,0
0.4346,54,0,0.4359,7113.0,6,0,0,0,0.0,0
0.4518,60,0,0.8271,6482.0,5,0,2,0,1.0,0
0.6507,44,0,1.0232,4427.0,12,0,0,0,0.0,0
0.9546,48,0,0.1964,4629.0,4,0,2,0,0.0,0
5.1037,37,0,0.4786,5016.0,7,0,1,0,1.0,0
1.2705,45,0,1.2476,5342.0,7,0,2,0,0.0,0
0.6973,51,0,0.4096,6779.0,11,0,1,0,1.0,0
0.2285,29,0,0.5579,4342.0,7,0,2,0,0.0,0
0.0898,60,0,0.2108,,6,0,0,0,0.0,0
0.7449,66,0,0.7484,8771.0,10,0,0,0,1.0,0
0.228,52,0,0.1613,16831.0,4,0,1,0,1.0,0
0.2533,21,0,0.6908,4511.0,5,0,0,0,0.0,0
0.8248,48,0,0.4971,8880.0,6,0,0,0,0.0,0
2.3831,32,0,0.4283,7403.0,5,0,2,0,1.0,0
1.0685,43,0,0.2714,,6,0,2,0,1.0,0
0.6683,72,0,0.6774,9507.0,10,0,1,0,,0
0.7178,21,0,0.4089,4580.0,6,0,3,0,0.0,0
0.5148,41,0,0.2457,6119.0,6,0,0,0,1.0,0
0.6348,64,0,0.0801,1299.0,8,0,1,0,2.0,0
0.299,42,0,0.3043,6493.0,13,0,1,0,0.0,0
6.6223,41,0,0.5337,3817.0,7,0,1,0,1.0,0
0.0538,80,0,0.7037,4531.0,12,0,4,0,0.0,0
0.2156,57,0,0.6884,4663.0,7,0,2,0,1.0,0
0.0551,65,0,0.552,12475.0,4,0,0,0,0.0,0
0.5784,59,0,0.3963,,6,0,2,0,0.0,0
0.1279,54,0,0.0286,8016.0,4,0,1,0,0.0,0
0.1447,70,0,0.1951,,6,0,0,0,2.0,0
0.1758,79,0,0.2109,3859.0,15,0,0,0,0.0,0
0.3554,28,0,0.5098,3813.0,8,0,3,0,,0
0.6304,52,0,0.3638,,14,0,1,0,1.0,0
0.3831,51,0,0.0913,1986.0,7,0,0,0,0.0,0
0.4308,46,0,0.0698,2614.0,8,0,3,0,2.0,1
0.0068,66,0,0.0472,,11,0,1,0,2.0,0
0.181,56,0,0.885,3991.0,10,0,0,0,0.0,0
0.4409,79,0,0.6416,2693.0,12,0,2,0,1.0,1
0.6148,67,0,0.5902,11236.0,9,0,1,0,0.0,0
0.4128,71,0,0.6012,12079.0,8,0,1,0,0.0,0
0.3498,35,0,0.3895,10733.0,7,0,0,0,0.0,0
0.1899,41,0,0.567,2784.0,9,0,0,0,0.0,0
0.6097,42,0,0.4183,6783.0,5,0,1,0,1.0,0
0.7547,71,0,0.9266,11205.0,9,0,1,0,0.0,0
2.7909,38,0,0.4574,2594.0,6,0,1,0,0.0,0
0.402,39,0,0.5623,4058.0,6,0,1,0,2.0,0
0.0654,36,0,0.1552,,9,0,1,0,3.0,0
8.3397,91,0,0.4739,2997.0,8,0,1,0,2.0,0
0.6539,50,1,0.5239,,9,0,0,0,1.0,0
0.283,59,0,0.0924,4470.0,9,0,2,0,3.0,0
6.8553,36,1,0.361,,10,0,0,0,1.0,0
0.6918,65,0,0.1559,11862.0,6,0,1,0,1.0,0
0.0929,27,0,0.0211,1448.0,7,0,2,0,1.0,0
1.1731,38,0,0.3682,,7,0,0,0,0.0,0
2.4204,42,0,0.1448,2338.0,7,0,0,0,,0
0.315,55,0,0.6251,10444.0,14,0,1,0,1.0,0
0.2956,41,0,0.8637,,8,0,1,0,1.0,0
0.3868,73,0,0.6767,6137.0,11,0,2,0,1.0,0
2.3593,59,0,0.555,5011.0,7,0,0,0,1.0,0
0.7463,42,0,0.4478,5696.0,7,0,1,0,,0
0.0349,66,0,0.3415,6758.0,11,0,1,0,1.0,0
0.2504,46,0,0.6572,3906.0,8,0,2,0,0.0,0
0.3989,44,0,0.3706,2787.0,9,0,0,0,0.0,0
0.0706,65,0,0.2192,8087.0,6,0,0,0,2.0,0
0.5336,21,1,0.3889,,8,0,1,0,0.0,0
0.3515,62,0,0.212,3838.0,6,0,3,0,0.0,0
0.7953,42,0,0.64,3575.0,7,0,0,0,0.0,0
0.481,42,0,0.4399,6130.0,13,0,0,0,3.0,0
0.2342,79,0,0.3461,5021.0,5,0,1,0,0.0,0
0.6724,45,0,0.5882,,5,0,0,0,0.0,0
0.2306,65,0,0.3587,6535.0,10,0,0,0,1.0,0
0.2169,56,0,1.0521,,11,0,1,0,0.0,0
1.0864,57,0,0.3424,,7,0,1,0,5.0,0
0.053,48,0,0.246,11269.0,6,0,0,0,0.0,0
1.2964,48,0,0.1343,4549.0,9,0,1,0,0.0,0
0.4257,73,0,0.4717,4057.0,8,0,2,0,1.0,0
0.0115,65,0,0.8813,6519.0,6,0,0,0,1.0,0
0.3769,45,0,0.637,2676.0,12,0,2,0,1.0,0
0.3644,37,3,0.3292,2759.0,3,0,1,0,0.0,0
1.5171,44,0,0.4628,2921.0,7,0,0,0,2.0,0
0.6617,66,0,0.8051,6953.0,9,0,1,0,1.0,0
0.4994,69,0,0.6948,9024.0,7,0,0,0,0.0,0
0.6421,60,0,0.7635,4775.0,6,0,1,0,0.0,0
1.72,29,0,0.7742,2961.0,9,0,0,0,0.0,0
0.7246,63,0,0.2144,,5,0,2,0,2.0,0
0.3045,70,0,0.4487,5202.0,7,0,4,0,0.0,0
1.9685,54,0,0.2862,7717.0,8,0,0,0,2.0,0
1.5242,80,0,0.3674,11016.0,2,0,0,0,0.0,0
0.5271,34,0,0.6071,8554.0,6,0,0,0,1.0,0
0.2757,62,0,0.363,2987.0,8,0,3,0,0.0,0
0.0988,38,0,0.5737,3773.0,10,0,1,0,1.0,0
0.6885,67,0,0.2775,14813.0,9,0,1,0,0.0,0
4.6224,61,0,0.2598,1615.0,8,0,1,0,1.0,0
0.3049,77,0,0.2386,5825.0,6,0,1,0,0.0,0
0.6978,59,0,0.5714,9621.0,7,0,0,0,,0
1.5453,46,0,0.2949,5409.0,4,1,1,2,1.0,0
0.3917,45,0,0.938,8470.0,9,0,1,0,0.0,0
0.1924,48,0,0.0665,2965.0,8,0,1,0,0.0,0
0.3254,45,0,0.2976,1701.0,8,0,4,0,0.0,0
0.4161,71,0,0.6539,8533.0,6,0,0,0,3.0,0
0.417,70,0,0.1842,4250.0,9,0,1,0,0.0,0
0.8944,31,0,0.1816,,5,0,0,0,0.0,1
0.3854,53,0,0.6059,,2,0,0,0,1.0,0
0.8665,53,0,0.5531,3012.0,7,0,1,0,0.0,1
1.4748,41,0,0.7175,7022.0,15,0,1,0,,0
0.3434,58,0,0.5753,8079.0,11,0,4,0,0.0,0
0.039,72,0,0.8397,7063.0,10,0,1,0,0.0,0
1.7952,64,1,0.6464,9045.0,6,0,0,0,1.0,0
0.5723,71,0,0.5954,10284.0,9,0,0,0,0.0,0
0.897,42,0,0.6439,6979.0,7,0,0,0,0.0,0
0.2761,53,0,0.6149,9356.0,11,0,1,0,,0
0.4067,41,0,0.9105,4756.0,12,0,0,0,0.0,0
0.3626,55,0,0.7617,6116.0,12,0,0,0,1.0,0
0.0595,57,0,0.1476,3991.0,10,0,0,0,1.0,0
0.4498,65,0,0.4576,14482.0,10,0,2,0,0.0,0
3.1101,70,0,0.262,5308.0,3,0,1,0,1.0,0
0.1896,62,0,0.455,,6,0,0,0,2.0,0
0.0389,40,0,0.1398,4090.0,7,0,0,0,1.0,0
0.0559,33,0,0.5336,6328.0,9,0,3,0,0.0,0
0.0983,59,0,0.7092,10495.0,4,0,2,0,0.0,0
0.4692,73,0,0.1015,,3,0,1,0,,1
0.1619,52,0,0.8095,2074.0,13,0,4,0,0.0,0
0.29,31,0,0.5291,,6,0,0,0,1.0,0
0.0628,81,0,0.3964,1505.0,14,0,0,0,0.0,0
0.3447,59,2,0.391,5484.0,6,1,0,0,1.0,0
3.9188,54,0,0.0878,4509.0,6,0,1,0,2.0,0
0.3487,36,0,0.5598,3585.0,6,0,0,0,1.0,0
0.1203,52,0,0.7103,18465.0,3,0,0,0,1.0,0
0.055,62,0,0.7775,,11,0,0,0,1.0,0
0.7873,59,0,0.1158,2264.0,5,0,1,0,0.0,0
0.1593,42,0,0.1524,,4,0,0,0,0.0,0
0.4723,51,0,0.697,8932.0,6,0,0,0,,0
0.1447,43,0,0.1729,14361.0,4,0,1,0,0.0,0
0.5181,75,0,0.035,4186.0,2,0,1,0,0.0,0
0.0,65,3,0.3202,5976.0,8,0,0,0,0.0,0
1.9054,45,0,1.1149,5363.0,8,0,0,0,1.0,0
5.4215,36,0,0.2544,13962.0,17,0,0,0,1.0,0
2.3291,56,0,0.3858,6907.0,8,0,1,0,0.0,0
1.9129,45,0,0.86,17310.0,10,0,0,0,3.0,0
0.7291,46,0,0.5236,5713.0,9,0,1,0,0.0,0
0.478,36,0,0.195,,9,0,1,0,0.0,0
0.7255,38,0,0.7853,9717.0,10,0,1,0,0.0,0
0.4193,54,0,0.6488,3674.0,3,0,0,0,3.0,1
0.2757,48,0,0.645,,5,0,0,0,0.0,0
2.4237,87,0,0.2149,3385.0,4,0,0,0,1.0,0
0.572,60,0,0.8763,2110.0,13,0,3,0,0.0,0
1.0984,36,0,0.5258,,6,0,1,0,4.0,0
0.5442,31,0,0.5945,9589.0,5,0,1,0,1.0,0
0.0097,58,0,0.1722,1807.0,8,0,0,0,1.0,0
0.1789,46,0,0.3487,,8,0,0,0,2.0,0
0.4536,71,0,0.5678,10531.0,9,0,0,0,0.0,0
1.2439,56,0,0.7909,,5,0,2,0,0.0,0
0.0826,24,0,0.2238,,16,0,0,0,0.0,0
0.2531,38,0,0.2461,,8,0,1,0,,0
0.6184,43,0,0.1992,6966.0,7,0,1,0,0.0,0
0.2089,58,0,0.4221,,8,0,1,0,2.0,0
0.0874,37,4,0.6245,5908.0,11,3,0,0,0.0,0
1.4946,54,0,0.533,6511.0,7,0,1,0,1.0,0
0.9737,33,0,0.3161,7482.0,9,0,2,0,1.0,0
0.4554,52,0,0.2286,,4,0,0,0,0.0,0
0.3784,57,0,0.0366,10135.0,3,0,0,0,0.0,0
1.22,72,0,0.2046,16148.0,6,0,0,0,1.0,0
5.5001,55,0,0.4451,3097.0,13,0,2,0,0.0,0
1.2266,41,0,1.0564,2252.0,9,0,0,0,2.0,0
0.5417,73,0,0.7717,,7,0,3,0,1.0,0
0.2194,49,2,0.2939,3693.0,3,0,0,1,2.0,0
2.0697,63,0,0.4445,16831.0,4,0,3,0,1.0,0
0.4188,43,0,0.3097,24534.0,5,0,2,0,1.0,0
0.1587,53,0,0.5484,7947.0,15,0,2,0,1.0,0
2.5178,41,0,0.6899,4575.0,3,0,0,0,1.0,1
0.742,57,0,0.4173,1863.0,12,0,1,0,2.0,0
0.1116,63,0,0.2638,9242.0,6,0,0,1,2.0,0
0.3818,45,0,0.7819,7398.0,8,0,0,0,0.0,0
0.5342,44,0,0.1948,13088.0,9,0,0,0,0.0,0
0.335,57,0,0.139,6987.0,8,0,1,0,0.0,0
0.0981,40,0,0.4351,8211.0,10,0,1,0,0.0,0
0.0986,31,0,0.3878,5311.0,10,0,2,0,4.0,0
0.7709,57,0,0.7975,12820.0,11,0,0,0,0.0,0
0.5768,50,0,0.4136,7919.0,4,0,1,0,2.0,0
0.5143,50,0,0.0135,3933.0,6,0,1,0,0.0,0
2.2221,59,0,0.5284,5194.0,11,0,1,0,1.0,1
1.2653,61,0,0.5392,,6,0,0,0,2.0,0
0.8388,50,0,0.2806,,9,0,1,0,2.0,0
0.3358,36,0,0.0756,3561.0,10,0,1,0,3.0,0
0.7095,43,0,0.6533,6208.0,7,0,0,0,3.0,0
0.0004,60,0,0.158,,12,0,2,0,1.0,0
0.4864,54,0,0.5906,3914.0,8,0,0,0,1.0,0
0.1886,44,0,1.0296,,8,0,0,0,0.0,0
0.758,41,0,0.1272,2122.0,8,0,1,0,,0
4.201,61,0,0.5645,,7,0,0,0,2.0,0
1.0992,49,0,0.1666,4075.0,7,0,0,0,1.0,0
0.521,63,0,0.6821,5886.0,10,0,0,0,1.0,0
5.1462,64,0,0.2218,4458.0,7,0,2,0,1.0,0
0.0273,48,0,0.601,,9,0,0,0,0.0,0
0.1228,65,0,0.5029,,6,0,0,0,0.0,0
0.5652,54,0,0.7345,,8,0,1,0,0.0,0
0.8636,56,0,0.3038,3391.0,10,0,0,0,0.0,0
0.0933,21,0,0.347,3058.0,5,0,0,0,0.0,0
7.8733,38,0,0.1078,6221.0,8,0,1,0,0.0,0
0.5679,39,0,0.8151,11670.0,10,0,0,0,1.0,0
0.1425,48,0,0.6426,6494.0,10,0,0,0,1.0,0
0.1222,54,0,0.1338,1651.0,6,0,2,0,0.0,0
0.5411,54,0,0.5489,3022.0,5,0,0,0,2.0,0
0.2999,56,0,0.8136,9675.0,10,0,1,0,0.0,0
0.0291,42,3,0.5576,6033.0,8,0,0,0,0.0,0
3.1213,62,0,0.1757,10728.0,5,0,1,0,3.0,0
0.3323,77,0,0.5355,3399.0,6,0,1,0,0.0,0
0.1907,47,0,0.1603,,6,0,1,0,1.0,0
0.4307,43,0,0.317,4796.0,5,0,3,0,0.0,0
0.1276,42,0,0.2174,,8,0,0,0,1.0,0
0.3101,53,0,0.9817,7028.0,7,0,0,0,0.0,0
0.3155,45,0,0.4868,5346.0,13,0,2,0,0.0,0
2.7083,28,2,0.8286,7989.0,4,1,1,0,1.0,0
0.2604,32,0,0.5708,8017.0,11,0,2,0,2.0,0
0.6067,66,0,0.4152,5622.0,5,0,3,0,0.0,0
0.3219,70,0,0.4617,2684.0,6,0,1,0,0.0,0
0.3415,74,0,0.3575,10162.0,5,0,1,0,0.0,0
1.9641,55,0,1.079,,7,0,0,0,0.0,0
0.2918,38,2,0.4144,4618.0,12,0,2,1,0.0,0
0.6714,46,0,0.4281,3272.0,7,0,0,0,1.0,0
0.9211,31,0,0.8427,7939.0,8,0,2,0,1.0,0
2.6749,31,0,0.1929,1529.0,8,0,0,0,0.0,0
0.1191,56,3,0.4478,,15,0,1,1,1.0,0
0.9263,60,0,0.9478,4349.0,7,0,0,0,1.0,0
0.1212,79,0,0.2519,,9,0,0,0,0.0,0
0.5195,51,0,0.3683,4967.0,7,0,0,0,0.0,0
0.0003,33,1,0.5266,1394.0,5,0,0,0,0.0,0
0.3541,50,0,0.0697,3458.0,9,0,0,0,3.0,0
0.5826,48,0,0.0296,,8,0,0,0,0.0,0
0.0713,45,0,0.6292,4195.0,13,0,0,0,1.0,0
2.0403,57,0,0.1568,,6,0,0,0,1.0,0
0.2247,35,0,0.4964,,8,0,0,0,1.0,0
0.3354,54,0,0.2145,4407.0,10,0,2,0,0.0,0
0.0715,61,0,0.3243,8032.0,12,0,0,0,0.0,0
0.0743,72,0,0.3732,8925.0,9,0,1,0,0.0,0
1.667,56,0,0.4481,5809.0,10,0,0,0,1.0,0
0.1928,67,0,0.6476,6513.0,7,0,2,0,0.0,0
0.3785,46,0,0.1534,10117.0,5,0,0,0,0.0,1
0.1065,48,0,0.635,11031.0,17,0,2,0,1.0,0
0.3825,71,0,0.0522,,10,0,1,0,,0
0.9429,33,0,0.3098,7555.0,13,0,2,0,0.0,0
0.0759,46,0,0.7373,3528.0,6,0,2,0,0.0,0
0.3998,68,0,0.2848,3185.0,9,0,0,0,1.0,0
0.074,49,0,0.1788,,5,0,1,0,0.0,0
0.3766,48,0,0.5234,12857.0,8,0,1,0,1.0,0
0.0304,48,0,0.3655,1892.0,9,0,1,0,2.0,0
4.141,54,0,0.4476,5482.0,9,0,3,0,0.0,0
0.2523,67,0,0.2202,4198.0,3,0,1,0,0.0,0
0.4127,65,0,0.8618,6110.0,11,0,4,0,1.0,0
1.3052,52,0,0.7593,,9,0,1,0,0.0,1
3.7236,67,2,0.7161,,8,0,2,0,0.0,0
0.0154,57,0,0.1079,17135.0,9,0,1,0,1.0,0
0.126,64,0,0.4594,4846.0,12,0,2,0,2.0,0
4.928,38,2,0.593,3827.0,6,0,1,5,1.0,0
0.3505,76,0,0.4816,,9,0,1,0,0.0,0
0.3801,55,0,0.2617,9304.0,4,0,0,0,1.0,0
0.2535,21,0,0.127,5254.0,9,0,0,0,2.0,0
0.039,75,0,0.5656,,8,0,0,0,1.0,0
1.7474,52,0,0.5871,8823.0,7,0,1,0,2.0,0
0.5689,46,0,0.1656,11171.0,17,0,1,0,1.0,0
0.3907,44,0,1.1447,7799.0,5,0,2,0,1.0,0
0.4009,58,0,0.9203,,11,0,1,0,2.0,0
0.1567,40,0,0.8456,1551.0,13,0,0,0,0.0,0
0.6587,44,0,0.3484,9283.0,8,0,0,0,,0
0.4889,44,0,0.183,5972.0,10,0,2,0,1.0,0
0.0375,48,0,0.3131,2207.0,4,0,2,0,1.0,0
0.2815,45,0,0.8803,,8,0,1,0,2.0,0
0.2029,64,0,0.4803,6255.0,10,0,2,0,0.0,0
0.1186,56,1,0.561,,11,0,1,0,1.0,0
6.4089,58,0,0.448,3734.0,6,0,0,0,0.0,0
0.0502,61,1,1.2216,5546.0,8,0,3,2,1.0,0
0.4038,51,0,0.3499,6225.0,9,0,0,0,1.0,0
0.2094,38,0,0.462,7501.0,13,0,0,0,2.0,0
0.4053,77,0,0.645,4126.0,7,0,0,0,1.0,0
0.1957,65,0,0.1027,4285.0,5,0,1,0,0.0,0
0.0968,75,0,0.9352,6510.0,7,0,0,0,0.0,0
0.2259,66,0,0.3438,21019.0,10,0,0,0,1.0,0
0.6216,46,0,0.239,1872.0,10,0,0,0,1.0,0
0.2041,21,0,0.4841,4745.0,6,0,1,0,1.0,0
0.7544,35,0,0.4784,,6,0,1,0,0.0,0
0.9276,61,0,0.8332,8597.0,11,0,1,0,0.0,0
0.2586,51,0,0.0415,5691.0,4,0,1,0,0.0,0
0.6685,46,0,0.4011,3721.0,10,0,2,0,0.0,0
0.4661,21,0,0.2599,,5,0,2,0,1.0,0
0.448,52,0,0.1622,5579.0,9,0,2,0,0.0,0
0.5283,37,0,0.2511,5229.0,10,0,1,0,2.0,0
1.0529,42,0,0.4022,,7,0,1,0,0.0,0
0.6653,64,0,0.0534,6768.0,6,0,0,0,3.0,0
1.3781,38,0,0.1836,5618.0,8,0,1,0,0.0,0
0.9681,39,0,0.4168,4855.0,4,0,1,0,0.0,0
0.5409,55,0,1.2123,18030.0,9,0,2,0,0.0,0
0.2516,64,0,0.5215,5968.0,9,0,1,0,1.0,0
0.3069,46,0,0.282,2623.0,12,0,1,0,1.0,0
0.4301,73,0,0.5248,4190.0,10,0,0,0,,0
0.1413,34,0,0.2773,3973.0,6,0,0,0,0.0,0
0.3795,32,0,0.0598,4778.0,10,0,1,0,0.0,0
0.1455,30,0,0.1286,6109.0,7,0,0,0,3.0,0
0.5256,29,0,0.3798,,5,0,2,0,0.0,0
0.0447,57,0,0.5847,11302.0,3,0,1,0,2.0,0
1.8616,38,0,0.2818,,5,0,0,0,0.0,0
1.2122,32,0,0.3772,9213.0,14,0,1,0,1.0,0
0.8101,57,0,0.8579,7665.0,8,0,0,0,0.0,0
0.2046,64,0,0.2609,9305.0,5,0,0,0,3.0,0
0.3348,67,0,0.498,4795.0,7,0,0,0,1.0,0
0.5681,64,0,0.5203,,7,0,1,0,1.0,0
0.3713,39,0,0.6035,,7,0,0,0,0.0,0
0.3321,56,0,0.4921,9978.0,5,0,1,0,2.0,0
0.497,59,0,0.5244,3818.0,11,0,0,0,2.0,0
0.4994,45,0,0.2257,9122.0,8,0,1,0,1.0,0
1.4276,54,0,0.2322,3961.0,5,0,0,0,0.0,0
0.5806,34,0,1.1038,2731.0,4,0,0,0,1.0,0
0.2483,43,0,0.4533,12382.0,4,0,0,0,0.0,0
0.1429,57,0,0.5636,9401.0,5,0,0,0,,0
0.3371,73,0,0.4669,12422.0,6,0,1,0,1.0,0
0.4858,68,0,0.0976,2246.0,7,0,1,0,2.0,0
5.3056,61,1,0.3856,8224.0,5,3,0,0,0.0,0
0.4174,53,0,0.1706,6841.0,10,0,0,0,1.0,0
0.397,51,0,0.5297,,10,0,2,0,0.0,0
0.6872,32,0,0.1991,13402.0,5,0,1,0,0.0,0
0.4071,40,0,0.0226,6957.0,12,0,0,0,1.0,0
0.0918,41,0,0.3279,6290.0,17,0,2,0,0.0,0
0.5052,60,0,0.502,5352.0,6,0,0,0,0.0,0
0.2045,65,0,0.0866,6764.0,9,0,2,0,0.0,0
0.054,62,0,0.7659,,11,0,1,0,0.0,0
0.1851,69,0,0.247,,11,0,1,0,1.0,0
0.1408,53,0,0.6633,13197.0,5,0,0,0,,0
4.4555,38,0,0.5092,10463.0,11,0,1,0,0.0,0
0.635,51,0,0.9933,7257.0,4,0,1,0,0.0,0
0.6691,42,0,0.3623,,12,0,0,0,1.0,0
0.5836,61,0,0.196,4265.0,8,0,1,0,3.0,0
0.0543,47,0,0.2838,1805.0,6,0,1,1,2.0,0
2.4843,51,0,0.3315,1913.0,12,0,0,0,2.0,0
0.1791,62,0,0.8195,2693.0,13,0,1,0,0.0,0
0.2535,42,0,0.3594,6099.0,13,0,0,0,0.0,0
0.3452,65,0,0.4324,,9,0,3,0,1.0,0
0.2579,33,0,0.3077,3660.0,4,0,1,0,0.0,0
0.324,56,0,0.5013,7922.0,5,0,2,0,4.0,0
0.523,51,0,0.2686,7159.0,8,0,1,0,2.0,0
0.545,64,0,0.437,,10,0,1,0,1.0,0
0.3731,33,0,0.8045,4909.0,9,0,1,0,2.0,0
0.1818,31,1,0.3246,,7,2,1,0,1.0,0
0.5819,63,0,0.1345,9610.0,11,0,2,0,,0
0.186,47,0,0.6884,6615.0,12,0,1,0,0.0,0
0.0236,51,0,0.4789,2243.0,12,0,2,0,0.0,0
0.0194,43,0,0.3326,4939.0,8,0,0,0,1.0,0
0.4997,65,0,0.1381,12568.0,9,0,2,0,0.0,0
2.461,56,0,0.5549,8374.0,9,0,2,0,0.0,0
3.7663,55,0,0.8295,,7,0,3,0,0.0,0
0.3606,36,0,0.9579,,8,0,2,0,1.0,0
0.6949,59,0,0.2133,7897.0,12,0,0,0,0.0,0
0.1365,38,0,0.4925,7930.0,6,0,0,0,1.0,0
0.2188,43,0,0.5407,9528.0,9,0,0,0,0.0,0
0.8426,33,0,0.5044,,7,0,0,0,2.0,1
2.5534,50,0,0.4709,5662.0,9,0,3,0,1.0,0
1.6069,67,0,0.3268,8943.0,7,0,1,0,1.0,0
0.7696,55,0,0.5822,7170.0,5,0,0,0,1.0,0
0.0344,46,0,0.7727,5708.0,6,0,1,0,0.0,0
0.6258,54,0,0.7494,4862.0,6,0,0,0,1.0,0
0.7308,53,0,0.2545,2349.0,9,0,0,0,1.0,0
0.6736,53,0,0.6071,10134.0,5,0,3,0,0.0,0
0.2651,54,0,0.3033,5734.0,10,0,0,0,1.0,0
0.3363,37,0,0.2878,,12,0,1,0,1.0,0
0.3575,53,2,0.5464,6049.0,10,0,1,0,0.0,0
0.9994,27,0,0.148,5285.0,7,0,1,0,0.0,1
0.3091,60,0,0.5238,5110.0,10,0,1,0,0.0,0
0.4231,37,0,0.847,,10,0,1,0,1.0,0
0.2723,68,0,0.7399,1168.0,10,0,4,0,2.0,0
0.4481,21,0,0.9212,,8,0,0,0,1.0,0
1.5692,75,0,0.312,9532.0,5,0,1,0,0.0,0
0.2087,29,0,0.1925,2715.0,5,0,2,0,0.0,0
0.8169,35,0,0.6157,4098.0,5,0,4,0,0.0,0
0.9996,56,0,0.7322,,5,0,0,0,3.0,0
0.6091,61,0,0.2192,5049.0,12,0,1,0,1.0,0
1.6829,48,0,0.418,,10,0,0,0,2.0,0
0.4123,64,0,0.5704,5610.0,4,0,0,0,1.0,0
0.1044,41,0,0.7932,17465.0,8,0,0,0,0.0,0
0.4007,46,0,0.7689,15502.0,9,0,0,0,0.0,0
2.7136,48,0,0.4044,,10,0,0,0,2.0,0
0.3629,44,0,0.3231,5442.0,7,0,0,0,0.0,0
0.118,25,0,0.5463,2304.0,6,0,1,0,0.0,0
0.7049,52,0,0.0544,8223.0,15,0,0,0,0.0,0
0.5167,50,0,0.4394,4041.0,5,0,1,0,0.0,0
0.2231,67,0,0.6439,8621.0,9,0,3,0,0.0,0
0.648,34,0,0.4658,8674.0,6,0,2,0,1.0,0
1.3843,43,0,0.5406,,7,0,0,0,4.0,0
0.0106,69,0,0.4649,,10,0,0,0,2.0,0
0.6108,56,0,1.0302,,8,0,1,0,1.0,0
0.1458,60,0,0.747,9989.0,5,0,2,0,1.0,0
0.2423,58,0,0.6261,4975.0,9,0,1,0,2.0,0
0.2122,58,0,0.6141,,12,0,1,0,1.0,0
0.3145,77,0,0.1552,5588.0,8,0,1,0,0.0,0
0.3095,53,0,0.3523,3400.0,4,0,1,0,1.0,0
0.4152,38,0,1.0371,,10,0,1,0,0.0,0
0.5363,61,0,0.5626,3593.0,6,0,0,0,2.0,1
0.3227,44,0,0.7157,15155.0,4,0,1,0,1.0,0
0.144,50,0,0.1453,14733.0,9,0,2,0,0.0,0
0.1767,57,0,0.2705,3635.0,3,0,0,0,2.0,0
0.6803,41,0,0.9545,3063.0,8,0,0,0,0.0,0
0.7317,45,0,0.1919,4759.0,8,0,1,0,0.0,0
0.508,59,2,0.2633,6857.0,8,0,0,1,1.0,0
0.4328,44,0,1.4264,6502.0,4,0,0,0,3.0,0
0.0914,66,0,0.1945,,11,0,0,0,0.0,0
0.5139,38,0,0.0823,4936.0,9,0,1,0,1.0,0
0.2601,38,0,0.3761,5443.0,10,0,0,0,1.0,1
1.1798,79,0,0.3495,13710.0,7,0,1,0,0.0,0
0.5171,31,0,0.1429,,11,0,1,0,1.0,0
0.216,52,0,0.8099,,4,0,0,0,2.0,0
0.509,78,0,1.0035,2039.0,4,0,1,0,0.0,1
0.539,52,0,0.7218,2606.0,10,0,2,0,1.0,1
0.5677,71,0,1.1369,4569.0,8,0,0,0,0.0,1
0.6445,61,0,1.0245,4671.0,7,0,0,0,1.0,0
0.0626,52,0,0.3854,6481.0,6,0,0,0,0.0,0
0.2893,50,0,0.6436,,8,0,1,0,2.0,0
0.4531,22,0,0.2999,2281.0,9,0,0,0,2.0,0
1.4255,48,0,0.4774,15126.0,8,0,0,0,0.0,0
0.4296,55,0,0.3588,,6,0,2,0,0.0,0
0.0625,55,0,0.7384,6460.0,9,0,1,0,1.0,0
0.2179,87,0,0.8838,,8,0,1,0,1.0,0
0.5413,56,0,0.5252,3583.0,8,0,0,1,1.0,0
0.4517,61,0,0.699,5624.0,9,0,3,0,0.0,0
0.4838,68,0,1.0967,2181.0,6,0,1,0,1.0,1
0.6782,60,0,0.7256,8841.0,7,0,0,0,2.0,0
0.4671,51,0,0.4372,8492.0,5,0,1,0,0.0,0
0.1774,51,0,0.1102,8297.0,2,0,3,0,1.0,0
0.2634,47,1,0.9022,6593.0,5,1,1,0,3.0,0
0.1699,58,0,0.3992,3645.0,7,0,2,0,0.0,0
0.2948,50,0,0.4939,,7,0,0,0,,0
5.9629,61,1,0.4607,13208.0,10,0,1,0,1.0,0
0.05,38,0,0.3416,3396.0,15,0,0,0,0.0,0
0.5565,54,0,0.2501,8180.0,10,0,2,0,1.0,0
2.0617,74,0,0.6728,12595.0,11,0,1,0,2.0,0
0.6857,49,0,0.5757,,5,0,3,0,3.0,0
2.8643,78,0,0.406,4228.0,7,0,1,0,0.0,1
0.0221,54,0,0.7154,7999.0,8,0,5,0,0.0,0
0.1762,51,0,0.3013,,12,0,1,0,1.0,0
3.5259,54,0,0.3445,4803.0,9,0,0,0,3.0,0
0.3001,48,0,0.2477,4936.0,6,0,2,0,1.0,0
0.6333,24,0,0.3869,5846.0,10,0,2,0,1.0,0
0.4937,64,0,0.3693,,10,0,0,0,2.0,0
1.4771,83,0,0.7236,,7,0,0,0,2.0,1
0.1931,59,0,0.3884,5840.0,8,0,1,0,0.0,0
0.2852,60,0,0.2567,,8,0,1,0,1.0,0
0.0634,49,0,0.412,4603.0,11,0,0,0,0.0,0
0.5329,68,0,0.2818,5993.0,5,0,0,0,1.0,0
0.1549,51,0,0.122,4126.0,8,0,1,0,0.0,0
0.0816,56,0,1.0216,2073.0,5,0,1,0,1.0,0
0.7228,30,0,0.4619,9277.0,5,0,0,0,0.0,0
0.2126,45,0,0.2407,8765.0,7,0,0,0,1.0,0
0.4628,57,0,0.4478,6557.0,10,0,0,0,0.0,0
0.0357,65,0,0.7665,7101.0,3,0,1,0,0.0,0
0.5342,65,0,0.8837,4736.0,10,0,2,0,0.0,1
3.3189,30,0,0.439,8777.0,7,0,2,0,1.0,0
0.139,31,0,0.23,2128.0,7,0,1,0,1.0,0
0.4965,60,0,0.3345,7212.0,5,0,0,0,0.0,0
0.0822,42,0,0.1114,2232.0,6,0,0,0,0.0,0
0.4758,65,0,0.4857,2924.0,9,0,0,0,0.0,0
0.0912,29,0,1.0251,2569.0,5,0,1,0,2.0,0
0.4748,51,0,1.0487,3867.0,13,0,1,0,2.0,0
0.3383,52,0,0.2435,3901.0,4,0,2,0,0.0,0
0.2225,59,0,0.6304,7501.0,6,0,1,0,0.0,0
0.2579,38,0,1.0479,3689.0,8,0,1,0,0.0,0
0.4481,24,0,0.7063,5642.0,10,0,2,0,1.0,0
0.372,54,1,0.2169,,6,0,0,0,0.0,0
0.8094,59,0,0.0978,,10,0,2,0,2.0,0
0.1841,66,0,0.3775,2756.0,13,0,1,0,3.0,0
0.7261,47,0,0.2243,5271.0,8,0,0,0,2.0,0
0.0559,63,0,0.4472,10139.0,6,0,1,0,1.0,0
0.5984,59,0,0.1679,6770.0,8,0,2,0,1.0,0
0.7936,71,0,0.8289,2946.0,13,0,1,0,1.0,1
3.3841,51,0,0.5286,10727.0,3,0,0,0,0.0,0
0.1005,28,0,0.6317,7912.0,2,0,1,0,0.0,0
1.4332,51,0,0.6422,29041.0,8,0,0,0,,0
0.5383,53,0,0.606,3664.0,13,0,2,0,3.0,0
0.3905,59,0,0.325,2950.0,9,0,0,0,0.0,0
0.9179,31,0,0.5504,8467.0,5,0,2,0,0.0,0
0.4587,48,0,0.172,,9,0,1,0,0.0,0
0.0176,64,0,0.1138,5607.0,5,0,1,0,1.0,0
0.6827,51,0,0.6894,2608.0,12,0,2,0,1.0,0
0.5123,48,0,0.6408,,7,0,0,0,1.0,0
0.2772,79,0,0.4417,,7,0,0,0,0.0,0
0.3779,37,0,0.5853,20749.0,6,0,0,0,1.0,0
0.5802,69,0,0.6675,6846.0,5,0,0,0,1.0,0
0.8202,66,1,0.9801,12374.0,5,1,1,0,0.0,0
0.2635,49,0,0.6708,19397.0,6,0,0,0,0.0,0
0.1311,52,0,0.6373,,9,0,2,0,0.0,0
0.6433,51,0,0.3166,9764.0,9,0,2,0,1.0,0
0.2248,55,0,0.3192,8972.0,9,0,2,0,2.0,0
0.135,44,0,0.4096,,12,0,1,0,1.0,0
0.1268,46,0,0.8598,2641.0,13,0,1,0,1.0,0
0.6798,47,0,0.086,5358.0,9,0,2,0,0.0,0
0.2382,47,0,0.1197,6113.0,10,0,1,0,0.0,0
1.0296,48,0,0.5159,3288.0,11,3,0,0,0.0,0
0.7751,21,0,0.2678,7110.0,4,0,2,0,1.0,0
0.2081,53,0,0.8328,8026.0,10,0,0,0,1.0,0
5.3144,45,0,0.0487,10529.0,11,0,0,0,0.0,0
0.1128,26,0,0.3629,,3,0,1,0,2.0,0
0.5729,47,0,0.7514,7540.0,10,0,2,0,0.0,0
0.0167,47,0,0.0648,7020.0,4,0,1,0,1.0,0
0.6223,70,0,0.1932,,7,0,1,0,1.0,0
0.9905,44,0,0.1576,2762.0,10,0,0,0,1.0,0
0.9776,61,0,0.4063,3372.0,10,0,2,0,0.0,0
0.6843,71,0,0.0508,4060.0,4,0,4,0,1.0,1
1.0154,43,0,0.293,5560.0,11,0,1,0,0.0,0
0.1301,51,1,0.4564,10691.0,7,0,1,1,0.0,0
0.1342,76,0,0.6279,7992.0,10,0,1,0,1.0,0
0.3714,55,0,1.3055,10714.0,9,0,1,0,1.0,0
0.1555,57,0,0.3614,3700.0,12,0,1,0,1.0,0
0.4402,46,0,0.2698,,4,0,1,0,0.0,0
0.4943,62,0,0.705,8200.0,12,0,1,0,1.0,0
0.2482,51,0,0.186,6559.0,4,0,0,0,2.0,0
0.6707,26,0,0.3981,7383.0,5,0,2,0,0.0,0
0.1182,47,0,0.3156,8389.0,3,0,1,0,2.0,0
0.615,35,0,0.5322,3204.0,7,0,1,0,1.0,0
5.1468,54,0,0.4375,8827.0,12,0,0,0,1.0,0
0.042,39,0,0.2572,7588.0,5,0,2,0,0.0,0
1.1401,59,0,0.5204,6412.0,9,0,1,0,2.0,0
0.9735,53,0,0.5067,6181.0,7,0,0,0,1.0,0
0.2848,35,0,0.0777,4564.0,9,0,1,0,2.0,0
0.8646,45,0,0.4217,4195.0,12,0,2,0,1.0,0
0.3903,61,0,0.5673,5341.0,10,0,1,0,2.0,0
0.4339,68,0,1.0915,,11,0,1,0,0.0,0
0.6854,39,0,0.4041,11115.0,7,0,1,0,0.0,0
0.2903,37,0,0.7223,918.0,3,0,2,0,1.0,0
0.1047,79,0,0.4339,10917.0,11,0,0,0,0.0,0
0.1137,52,0,0.6775,2401.0,6,0,0,0,0.0,0
3.827,53,0,0.3362,7871.0,10,0,1,0,0.0,0
0.1467,42,0,0.7101,6891.0,8,0,3,0,2.0,0
0.2928,55,0,0.2299,,9,0,0,0,0.0,0
0.1176,76,0,0.3491,,7,0,0,0,3.0,0
0.2478,56,0,0.4414,3572.0,11,0,1,0,0.0,0
0.2058,67,0,0.3448,11919.0,10,0,0,0,2.0,0
0.4099,52,0,0.5751,11131.0,3,0,1,0,,0
0.4192,38,0,0.2058,3246.0,5,0,2,0,1.0,0
0.9603,42,0,0.8928,4078.0,9,0,3,0,2.0,1
0.2525,36,0,0.1308,,9,0,1,0,0.0,0
0.6703,55,0,0.5226,15544.0,10,0,2,0,1.0,0
0.9797,69,0,0.6268,,10,0,2,0,0.0,0
0.8676,54,0,1.0663,,11,0,1,0,1.0,0
1.305,48,0,0.5849,,6,0,2,0,0.0,0
0.1892,41,0,0.0275,5117.0,10,0,0,0,,0
0.0462,57,0,0.9339,7941.0,7,0,1,0,0.0,0
0.0249,35,0,0.2289,,5,0,1,0,2.0,0
0.711,36,0,0.9253,,9,0,1,0,2.0,0
0.0575,65,0,0.5288,12249.0,8,0,0,0,1.0,0
0.2127,48,0,0.2694,,10,0,0,0,2.0,0
0.7723,48,0,0.7578,,8,0,1,1,1.0,0
0.0896,50,0,0.1244,,9,0,1,0,0.0,0
1.2484,62,0,0.2966,,7,0,1,0,1.0,0
0.5822,54,0,0.4383,4204.0,4,0,1,0,1.0,1
0.6905,42,0,0.7157,3109.0,8,0,1,0,0.0,0
0.5431,42,0,0.1277,9239.0,8,0,0,0,0.0,0
0.5346,49,0,0.5913,4463.0,11,0,2,0,1.0,0
0.3203,56,0,0.5468,1015.0,6,0,0,0,0.0,0
0.0446,52,0,0.099,5238.0,7,0,0,0,1.0,0
0.4269,50,0,0.7189,8472.0,12,0,0,0,1.0,0
0.2495,53,0,0.5221,3568.0,9,0,1,0,2.0,0
0.4186,51,0,0.4083,4859.0,8,0,0,0,1.0,0
0.4582,41,0,0.7121,2680.0,4,0,3,0,1.0,0
1.1265,67,0,0.4346,9924.0,8,0,2,0,,0
0.6571,45,0,1.0926,7572.0,3,0,1,0,1.0,0
0.6279,54,0,0.0987,19722.0,14,0,0,0,1.0,0
0.4161,23,0,0.8211,9146.0,6,0,2,0,1.0,0
0.644,49,0,0.6047,6765.0,6,0,1,0,0.0,0
0.7573,37,0,0.3128,5453.0,6,0,1,0,0.0,0
0.341,38,0,0.2785,11241.0,4,0,0,0,1.0,0
2.6608,86,2,0.5496,,7,0,0,0,2.0,0
5.1886,55,0,0.5561,4604.0,10,0,3,0,1.0,0
0.8726,69,1,0.2589,7049.0,8,0,1,0,0.0,0
0.2987,64,0,1.2942,,6,0,1,0,1.0,0
0.049,66,0,0.2095,,3,0,3,0,0.0,0
6.6728,49,1,0.4773,3187.0,12,1,1,0,1.0,0
0.1603,74,0,0.5636,10151.0,7,0,0,0,1.0,0
0.8462,64,0,0.9659,10722.0,10,0,1,0,0.0,0
6.2445,53,0,0.2302,7293.0,7,0,2,0,1.0,0
0.303,56,0,0.2319,6077.0,4,0,1,0,0.0,0
0.7017,50,0,0.7445,5649.0,8,0,1,0,0.0,0
0.7092,53,0,0.8674,16468.0,9,0,2,0,2.0,0
0.1242,51,0,0.4681,,6,0,1,0,1.0,0
0.0194,57,0,0.3225,,10,0,1,0,0.0,0
0.0966,76,0,1.1136,11821.0,12,0,1,0,1.0,0
0.2955,35,0,0.3613,6990.0,7,0,0,0,0.0,0
3.5989,68,0,0.5322,,1,0,1,0,0.0,0
0.3876,47,0,0.1081,5080.0,9,0,2,0,0.0,0
0.743,70,0,0.2159,,6,0,2,0,2.0,0
0.1394,47,0,0.2123,7688.0,8,0,1,0,0.0,0
0.773,58,0,0.6691,2676.0,9,0,0,0,1.0,0
0.1337,50,0,0.6309,13665.0,6,0,0,0,2.0,0
0.1364,28,0,0.2696,,5,0,2,0,0.0,0
5.5219,76,0,0.3248,4340.0,10,0,3,0,0.0,0
0.6133,39,0,0.5175,,6,0,2,0,0.0,1
0.8645,53,0,0.596,1927.0,7,0,0,0,1.0,0
0.1369,37,0,0.1673,,6,0,1,0,1.0,0
0.6221,33,0,0.0972,,12,0,1,0,2.0,0
0.1594,49,0,0.8362,2633.0,4,0,0,0,0.0,0
0.7209,44,0,0.2754,8213.0,1,0,1,0,1.0,0
0.3796,36,0,0.4016,4040.0,6,0,1,0,0.0,0
0.2813,52,0,0.7221,14888.0,10,0,0,0,2.0,0
0.5126,31,0,0.6604,2163.0,3,0,1,0,1.0,0
0.3374,54,1,0.6268,6657.0,14,0,2,1,1.0,0
0.4775,50,0,0.3427,10215.0,9,0,2,0,1.0,0
0.1267,21,2,0.5902,2991.0,5,1,2,0,0.0,0
1.5733,45,0,0.6861,3517.0,10,0,1,0,0.0,0
0.0819,59,0,0.6479,7896.0,4,0,2,0,0.0,0
0.3696,37,0,0.0887,2316.0,8,0,1,0,0.0,0
0.05,59,0,0.4692,4929.0,8,0,3,0,0.0,0
0.5249,58,0,0.4485,3666.0,8,0,1,0,1.0,0
0.0569,38,0,0.2094,2867.0,8,0,2,0,1.0,0
0.335,52,0,0.4787,11678.0,7,0,2,0,0.0,0
0.6123,64,0,0.6953,11290.0,7,0,0,0,0.0,0
6.5369,40,0,0.5761,,7,0,0,0,3.0,0
0.2338,49,0,0.9306,2611.0,6,0,1,0,2.0,0
0.3018,68,0,0.1682,5408.0,7,0,1,0,2.0,0
0.3837,40,0,0.5527,6808.0,4,0,0,0,1.0,0
0.4473,58,0,0.6166,,8,0,3,0,1.0,1
0.8312,37,0,0.6682,13141.0,6,0,1,0,0.0,0
0.821,50,0,0.154,14000.0,9,0,0,0,0.0,0
0.1656,58,0,0.4671,,8,0,0,0,1.0,0
4.2777,21,0,0.2281,,6,0,1,0,0.0,1
0.6987,45,0,0.7033,3299.0,10,0,0,0,1.0,0
0.2177,58,0,0.605,3369.0,6,0,0,0,0.0,0
0.1037,55,0,0.3857,,8,0,1,0,1.0,0
0.4674,45,0,0.8171,3428.0,11,0,3,0,0.0,1
2.4142,37,3,0.4086,2026.0,11,0,1,0,1.0,0
2.0679,61,0,0.6459,9130.0,8,0,1,0,2.0,0
0.01,47,0,0.1761,,9,0,0,0,0.0,0
2.0922,60,0,0.6104,2947.0,6,0,3,0,2.0,0
0.879,57,0,0.2121,5173.0,6,0,1,0,1.0,0
0.2163,46,0,0.3508,,5,0,1,0,0.0,0
0.2312,67,1,0.5695,10830.0,11,0,2,0,0.0,0
0.1284,44,0,0.3388,,6,0,0,0,1.0,0
0.366,69,0,0.3017,,6,0,0,0,,0
0.4675,70,0,0.2498,,5,0,1,0,0.0,0
0.5146,67,0,0.4361,2518.0,10,0,0,0,1.0,0
0.544,49,0,0.7755,4926.0,12,0,1,0,2.0,0
0.4774,88,0,0.5582,2955.0,9,0,2,0,,0
0.6348,54,0,0.561,2485.0,10,0,1,0,0.0,0
0.0634,55,0,0.1015,4700.0,10,0,1,0,0.0,0
0.3868,52,0,0.4154,4778.0,5,0,0,0,2.0,0
0.3088,36,0,0.049,9569.0,7,0,1,0,0.0,0
0.682,70,0,0.5202,14682.0,8,0,1,0,0.0,0
0.0262,44,0,0.272,6209.0,6,0,1,0,1.0,0
0.3791,65,0,0.3563,,13,0,1,0,1.0,0
0.1545,68,0,0.3139,5391.0,5,0,3,0,,0
0.8075,60,0,0.4007,4708.0,12,0,0,0,2.0,0
0.8347,42,3,1.0094,7329.0,13,0,0,3,,0
0.0978,47,0,0.2626,5229.0,10,0,0,0,3.0,0
0.1903,21,0,0.9626,9656.0,12,0,3,0,3.0,0
0.6337,50,0,0.6247,2796.0,8,0,1,0,1.0,0
3.0,63,0,0.1811,,9,0,0,0,0.0,0
0.5017,49,0,0.3725,4535.0,7,0,0,0,1.0,0
0.169,44,0,0.5087,14549.0,8,0,2,0,0.0,0
1.3581,48,2,0.3831,,10,0,0,0,0.0,0
0.1553,69,0,0.6987,,5,0,1,1,,0
2.6961,51,0,0.2053,5541.0,7,0,0,0,1.0,0
0.4413,78,0,0.2625,,10,0,1,0,,0
0.7194,44,0,0.541,3892.0,11,0,1,0,1.0,0
0.3018,55,0,0.3157,1828.0,5,0,1,0,0.0,0
0.4338,46,0,0.2787,12207.0,10,0,1,0,3.0,0
0.4662,81,0,0.7828,19367.0,5,0,1,0,0.0,0
0.5543,55,0,0.1495,4576.0,12,0,1,0,1.0,0
0.158,82,0,0.6635,6276.0,6,0,1,0,1.0,0
0.365,46,0,0.5354,2841.0,9,0,1,0,1.0,0
0.8982,73,2,0.2212,,7,0,0,1,1.0,0
0.2635,54,1,0.6105,1790.0,10,0,0,0,0.0,0
0.2813,64,0,0.9596,4619.0,9,0,0,0,0.0,0
0.5955,35,0,0.4897,,11,0,0,0,0.0,1
0.1547,57,0,0.2215,2706.0,8,0,0,0,2.0,0
0.0689,37,0,0.2765,3608.0,3,0,1,0,3.0,0
0.9184,56,0,0.0405,5791.0,6,0,1,0,0.0,0
0.4378,31,0,0.9515,2011.0,10,0,1,0,1.0,0
0.2652,51,0,0.3003,5321.0,12,0,1,0,1.0,0
0.4416,67,0,0.2225,5484.0,7,0,0,0,0.0,0
0.0357,60,0,0.3844,7573.0,10,0,3,0,0.0,0
1.2513,35,0,0.6867,,6,0,0,0,1.0,0
0.5032,25,0,0.3827,,6,0,0,0,2.0,0
5.0105,59,0,0.5412,6651.0,12,0,0,0,1.0,0
0.1746,74,0,0.103,4991.0,3,0,0,0,,0
0.5887,39,0,0.2514,2069.0,6,0,1,0,0.0,0
0.3926,81,0,0.4718,,11,0,0,0,0.0,0
0.8665,52,0,0.1089,1930.0,6,0,1,0,0.0,0
0.1609,25,0,0.2684,11441.0,11,0,2,0,0.0,0
0.592,30,0,0.1509,8893.0,4,0,1,0,1.0,0
0.601,63,2,0.8434,15706.0,6,1,0,1,2.0,0
0.0708,54,0,0.6255,7619.0,6,0,0,0,0.0,0
0.2143,73,0,0.6597,4433.0,7,0,1,0,1.0,0
1.0323,35,0,0.2962,6052.0,7,0,0,0,0.0,0
0.1536,54,0,0.5782,5261.0,8,0,1,0,0.0,0
0.0824,52,0,0.0529,3548.0,12,0,1,0,0.0,0
0.3724,50,0,0.3475,5590.0,12,0,0,0,1.0,0
1.0125,47,0,0.129,14067.0,10,0,1,0,1.0,0
0.3924,47,0,0.4061,2652.0,9,0,0,0,1.0,0
0.133,54,0,0.3719,3488.0,10,0,2,0,0.0,0
0.1662,56,0,0.7024,,5,0,0,0,0.0,0
0.5233,56,0,0.8199,4277.0,15,0,0,0,0.0,1
1.9652,69,0,0.4605,2553.0,10,0,1,0,1.0,0
1.5312,35,0,0.3517,,9,0,0,0,1.0,0
0.387,27,0,0.9004,,6,0,1,0,2.0,0
0.0333,66,1,0.0927,2865.0,7,0,0,0,1.0,0
3.1755,39,0,0.6347,16718.0,10,0,0,0,0.0,0
0.3623,47,0,0.1946,6013.0,4,0,0,0,2.0,0
0.2764,43,0,0.5074,,7,0,0,0,0.0,0
0.3068,43,0,0.0454,3956.0,2,0,1,0,2.0,0
0.6362,32,0,0.3692,2323.0,10,0,0,0,1.0,0
0.3565,44,0,0.9151,15343.0,9,0,1,0,1.0,0
0.3179,61,0,0.5005,623.0,11,0,0,0,1.0,0
0.1309,52,0,0.5251,3524.0,11,0,0,0,0.0,0
0.7474,59,0,0.3203,,6,0,2,0,0.0,0
0.5912,45,0,1.0959,13187.0,8,0,0,0,4.0,0
0.6094,65,0,0.0345,2832.0,5,0,3,0,0.0,0
0.1486,45,0,0.3379,9934.0,6,0,1,0,2.0,0
0.2833,22,0,0.6382,3956.0,7,0,1,0,1.0,0
0.6114,56,0,0.6546,4755.0,7,0,0,0,,0
0.0747,63,0,0.8777,2533.0,10,0,1,0,1.0,0
0.806,44,0,0.6879,,8,0,1,0,0.0,0
1.0708,69,0,0.3124,5866.0,9,0,2,0,1.0,0
0.1365,40,0,0.5351,5293.0,8,0,1,0,1.0,0
0.9912,61,0,0.4583,6816.0,8,0,1,0,1.0,0
0.5735,76,0,0.6571,3732.0,11,0,1,0,2.0,1
3.8608,53,0,0.4797,5460.0,8,0,1,0,0.0,0
0.7583,49,0,0.7017,5809.0,7,0,0,0,0.0,0
0.512,51,0,0.9265,4553.0,6,0,1,0,1.0,0
1.7457,75,0,0.4254,11150.0,11,0,1,0,0.0,1
0.0697,58,0,0.8963,14945.0,5,0,1,0,2.0,0
0.3013,82,0,0.682,7533.0,9,0,0,0,0.0,0
0.4852,56,1,0.7897,,9,0,2,1,3.0,0
0.2176,43,0,0.3554,4145.0,8,0,0,0,0.0,0
1.5632,44,0,0.7868,1916.0,10,0,0,0,0.0,0
0.3715,53,0,0.5638,5706.0,5,0,1,0,1.0,0
0.2572,23,0,1.0153,11611.0,12,0,0,0,2.0,0
1.8414,45,0,0.4745,1215.0,8,0,2,0,0.0,0
5.0534,46,0,0.3954,26380.0,7,0,0,0,2.0,0
0.6654,55,0,0.5834,11420.0,10,0,1,0,3.0,0
0.7936,79,0,0.2239,10341.0,6,0,0,0,1.0,0
0.5983,53,0,0.664,4928.0,9,0,0,0,1.0,1
0.2474,25,0,0.8106,5524.0,9,0,2,0,0.0,0
3.8276,39,0,0.115,5626.0,9,0,1,0,0.0,1
0.3608,56,0,0.3451,6036.0,8,0,0,0,0.0,0
0.2389,53,0,0.2537,2080.0,7,0,1,0,0.0,0
0.071,75,0,0.6189,,7,0,1,0,2.0,0
0.8076,65,1,0.4297,9988.0,2,0,1,0,1.0,0
0.322,65,0,0.5407,7160.0,8,0,1,0,1.0,0
0.3305,49,0,0.6718,10465.0,10,0,2,0,0.0,0
3.5539,67,1,1.0943,7835.0,3,1,0,1,0.0,0
0.0203,39,0,0.4596,14289.0,13,0,1,0,0.0,0
0.2781,66,0,0.3018,6269.0,7,0,0,0,0.0,0
0.2994,48,0,0.4788,,4,0,2,0,0.0,0
0.2783,32,0,0.9717,9134.0,2,0,2,0,0.0,0
0.2104,60,0,1.0954,,7,0,0,0,,0
0.2467,72,0,0.3873,6682.0,6,0,2,0,,0
0.47,46,0,0.01,,8,0,1,0,1.0,0
0.0647,74,0,0.1133,4750.0,3,0,1,0,0.0,0
0.141,29,0,0.5826,7714.0,9,0,2,0,0.0,0
0.9768,35,0,0.5478,8851.0,10,0,1,0,2.0,0
0.6134,50,0,0.6111,,10,0,3,0,1.0,0
0.3011,47,0,0.2808,3684.0,13,0,0,0,1.0,0
0.0594,43,0,0.3987,6206.0,6,0,1,0,0.0,0
0.4628,54,0,0.8659,3718.0,12,0,0,0,0.0,0
0.3146,45,0,0.1582,,9,0,2,0,1.0,0
0.1882,47,0,0.722,1632.0,7,0,2,0,2.0,0
0.721,56,0,0.594,7238.0,8,0,1,0,2.0,0
0.9634,43,0,0.4526,9621.0,4,0,0,0,1.0,0
0.2035,51,0,0.2046,,6,0,0,0,3.0,0
0.193,43,1,0.5387,,6,1,1,0,0.0,0
0.3772,35,0,0.4244,3383.0,7,0,0,0,1.0,0
1.0854,63,0,0.5777,9049.0,8,0,2,0,1.0,0
0.681,76,0,0.7316,7767.0,12,0,0,0,1.0,0
0.5192,67,0,0.6136,5012.0,5,0,2,0,2.0,0
7.0331,57,0,0.4135,9531.0,12,0,0,0,0.0,0
0.016,43,0,0.5432,7758.0,16,0,0,0,1.0,0
0.2091,48,0,0.5264,4574.0,9,0,0,0,1.0,0
0.1536,67,0,0.3373,10346.0,9,0,0,0,0.0,0
0.0452,21,3,0.3519,7352.0,4,0,1,0,0.0,0
5.7876,47,0,0.7864,1457.0,6,0,2,0,0.0,0
7.0866,62,0,0.8629,2448.0,4,0,1,0,1.0,0
0.3769,36,0,0.2619,1841.0,15,0,1,0,0.0,0
0.0844,58,0,0.4455,,7,0,1,0,1.0,0
1.1313,57,0,0.8173,10293.0,8,0,0,0,0.0,0
0.1978,32,0,1.0398,2254.0,9,0,0,0,0.0,0
0.9881,53,0,0.7183,1459.0,10,0,4,0,1.0,0
1.0918,43,0,0.647,5632.0,6,0,0,0,2.0,0
0.8592,58,0,0.622,12099.0,7,0,0,0,0.0,0
0.1824,61,0,0.381,,15,0,1,0,0.0,0
2.8581,58,0,0.2776,,4,0,2,0,1.0,0
0.416,53,0,0.5269,6353.0,5,0,0,0,2.0,0
0.1301,56,0,0.5296,10268.0,6,0,0,0,1.0,0
0.0555,36,0,0.2549,7460.0,8,0,1,0,2.0,0
0.0438,52,0,1.1071,,9,0,0,0,0.0,0
3.4342,41,0,0.1178,2648.0,8,0,1,0,1.0,0
0.3149,66,0,0.2558,21429.0,14,0,1,0,0.0,0
0.4713,62,0,0.1855,4848.0,9,0,1,0,1.0,0
0.7965,62,0,0.8011,3519.0,8,0,0,0,0.0,0
0.143,76,0,0.3444,3241.0,8,0,0,0,1.0,0
1.0472,47,0,0.1875,5047.0,13,0,1,0,0.0,0
0.2273,44,0,0.8604,,12,0,2,0,0.0,0
0.54,47,0,0.5069,5675.0,5,0,1,0,3.0,0
0.2032,30,3,0.4259,2209.0,16,0,1,1,0.0,0
0.5718,31,0,0.6187,6957.0,9,0,0,0,1.0,0
1.6202,61,0,0.4393,6674.0,8,0,0,0,,0
0.9758,32,0,0.5202,,12,0,1,0,2.0,0
1.5954,37,0,0.7481,,3,0,1,0,1.0,0
2.8216,51,0,0.1505,,5,0,1,0,0.0,0
2.7766,46,0,0.6502,4698.0,8,0,0,0,0.0,0
0.0746,64,0,0.4845,8999.0,9,0,2,0,0.0,0
2.9667,53,0,0.2875,2864.0,7,0,0,0,0.0,0
0.1498,41,0,0.4642,3431.0,11,0,1,0,2.0,0
0.3489,66,0,0.1614,5872.0,7,0,0,0,1.0,0
0.1051,62,0,1.023,,10,0,8,0,0.0,0
0.683,32,0,0.1507,2565.0,5,0,2,0,1.0,0
0.3537,56,2,0.4942,5664.0,9,0,1,0,3.0,0
0.3037,42,0,1.0938,11176.0,9,0,0,0,1.0,0
0.6274,42,0,0.8874,,8,0,1,0,0.0,0
0.1473,78,0,0.0904,17799.0,5,0,0,0,0.0,0
0.0273,54,0,0.6664,,10,0,0,0,0.0,0
0.5792,49,0,0.3582,10658.0,6,0,1,0,0.0,0
0.9492,53,0,0.2212,6337.0,10,0,1,0,0.0,0
0.2487,64,0,0.5553,,5,0,1,0,1.0,0
0.0943,42,0,1.1057,,8,0,0,0,0.0,0
0.5753,45,0,0.412,3577.0,8,0,3,0,1.0,0
0.4218,61,0,0.5162,3467.0,9,0,1,0,0.0,1
0.2148,31,0,0.0421,,5,0,0,0,2.0,0
0.0907,66,0,0.4434,5901.0,10,0,0,0,0.0,0
0.571,30,0,0.4768,3739.0,8,0,1,0,0.0,0
0.5333,49,0,0.2887,,6,0,2,0,1.0,0
0.1974,30,0,0.517,5198.0,11,0,0,0,1.0,0
0.963,37,0,0.5361,2407.0,7,0,2,0,2.0,0
0.679,70,0,0.2687,5272.0,10,0,2,0,1.0,0
0.3126,67,0,0.233,3649.0,10,0,1,0,2.0,0
0.418,68,0,1.047,11399.0,6,0,4,0,0.0,0
0.146,32,0,0.2435,,7,0,1,0,2.0,0
0.5764,37,0,0.4472,14007.0,4,0,0,0,0.0,0
0.2668,57,0,0.605,11467.0,9,0,2,0,1.0,0
0.1075,62,0,0.356,6779.0,10,0,1,0,2.0,0
0.253,41,0,0.7708,4170.0,9,0,2,0,0.0,0
3.2185,44,0,1.0783,3739.0,14,0,1,0,0.0,0
1.1765,36,3,0.7042,8266.0,6,1,0,0,0.0,0
0.7293,75,0,0.4099,3736.0,7,0,1,0,0.0,0
2.2041,45,0,0.8075,3997.0,6,0,3,0,1.0,0
0.1049,52,0,0.6351,6724.0,9,0,0,0,2.0,0
0.4019,53,0,0.4857,5117.0,10,0,0,0,1.0,0
0.7695,67,0,0.8294,6920.0,14,0,0,0,0.0,0
0.0517,39,0,0.19,3784.0,7,0,1,0,1.0,0
0.4137,68,0,0.3552,2318.0,7,0,1,0,0.0,0
4.5647,34,0,0.9099,4270.0,3,0,2,0,0.0,1
0.2284,68,0,0.8963,6707.0,8,0,0,0,1.0,0
1.0183,28,0,0.2632,2365.0,13,0,2,0,,0
0.2245,51,0,0.2564,5365.0,9,0,1,0,2.0,0
0.3786,75,0,0.3296,6369.0,5,0,2,0,0.0,0
0.4913,62,0,0.305,10342.0,5,0,1,0,0.0,0
1.4403,58,0,0.8151,4528.0,10,0,1,0,0.0,0
0.0236,37,0,1.0286,,9,0,2,0,,0
0.0094,42,0,0.7057,2759.0,10,0,2,0,2.0,0
0.2374,71,0,0.044,6017.0,5,0,0,0,1.0,1
0.0669,59,0,0.079,5543.0,8,0,0,0,0.0,0
0.5639,64,0,0.8355,10745.0,5,0,0,0,1.0,0
0.4178,53,0,0.4422,2611.0,14,0,1,0,0.0,0
0.1158,48,0,0.7331,,9,0,0,0,1.0,0
0.2532,63,0,0.077,7402.0,7,0,0,0,0.0,0
0.4233,56,0,0.1881,8208.0,8,0,0,0,1.0,0
0.975,50,0,0.0302,2917.0,4,0,2,0,2.0,0
1.0204,32,0,0.4276,5256.0,7,0,2,0,0.0,0
0.1637,65,0,0.7892,10877.0,8,0,1,0,1.0,0
0.4227,58,0,0.7946,10461.0,5,0,4,0,1.0,0
0.1738,44,0,0.7451,,10,0,1,0,1.0,0
0.5763,69,0,0.2234,4574.0,8,0,1,0,0.0,0
4.465,55,0,0.07,6032.0,16,0,1,0,0.0,0
0.1147,56,0,0.561,,11,0,1,0,1.0,0
0.9695,64,0,0.4082,2619.0,13,0,3,0,1.0,0
0.4234,61,0,0.2815,,8,0,1,0,1.0,0
0.0732,56,2,0.4037,4505.0,12,0,0,0,0.0,0
0.1031,49,0,0.6531,3486.0,7,0,0,0,0.0,0
0.7145,80,0,0.243,,7,0,1,0,1.0,0
0.13,42,0,0.5564,18567.0,5,0,0,0,0.0,0
0.3568,62,0,0.2898,,5,0,0,0,1.0,0
0.2671,51,0,0.1517,2447.0,11,0,0,0,3.0,0
0.6518,58,0,0.1858,1587.0,9,0,0,0,2.0,0
0.3589,69,0,0.3248,10290.0,6,0,0,0,1.0,0
0.3241,48,0,0.3431,4204.0,11,0,2,0,1.0,0
2.2132,60,0,0.3086,5295.0,11,0,2,0,2.0,0
0.249,56,0,0.3994,3902.0,11,0,1,0,2.0,0
0.5843,43,0,0.4717,10798.0,7,0,1,0,0.0,0
0.1118,70,0,0.2859,,6,0,1,0,1.0,0
0.4196,62,0,0.6367,12216.0,5,0,0,0,1.0,0
0.7237,46,0,0.5186,2084.0,7,0,0,0,1.0,0
0.0888,67,0,0.9442,2288.0,7,0,1,0,0.0,0
1.6241,40,0,0.1764,8103.0,6,0,1,0,2.0,0
0.4587,52,0,0.5237,,10,0,1,0,2.0,1
0.5368,46,0,0.6836,5985.0,11,0,0,0,0.0,0
0.1545,63,0,0.5435,7711.0,10,0,1,0,0.0,0
1.0349,45,0,0.1171,4087.0,6,0,1,0,2.0,0
0.2105,63,0,0.1515,5597.0,14,0,1,0,1.0,0
0.9848,60,0,0.5432,13244.0,4,0,3,0,1.0,0
0.5109,47,0,0.9264,8292.0,6,0,1,0,0.0,0
0.9426,78,1,0.1069,4652.0,8,0,0,0,2.0,0
1.0676,42,0,0.5899,4168.0,7,0,2,0,1.0,0
1.8846,32,0,0.371,,8,0,0,0,0.0,0
0.7826,64,0,0.9663,5657.0,10,0,3,0,1.0,0
0.95,22,2,0.1969,3117.0,6,0,0,0,0.0,0
0.8545,73,0,1.1528,8141.0,10,0,2,0,0.0,0
0.0996,53,0,0.6338,10727.0,10,0,1,0,0.0,0
1.1993,32,0,0.4137,5730.0,7,0,0,0,1.0,0
0.2949,39,0,0.7281,2463.0,11,0,3,0,0.0,0
0.6412,29,0,0.3703,3111.0,5,0,3,0,2.0,0
0.0464,57,0,0.7005,,7,0,0,0,1.0,0
0.0062,33,0,0.4848,5875.0,9,0,0,0,0.0,0
0.6446,59,0,0.1214,3307.0,7,0,1,0,0.0,0
0.2029,48,0,0.474,1829.0,8,0,1,0,0.0,0
0.9561,45,0,0.2797,3956.0,7,0,3,0,1.0,0
0.2919,59,0,0.7641,4856.0,4,0,1,0,1.0,0
0.3404,61,0,0.7895,,4,0,0,0,2.0,0
0.6537,68,0,0.4273,,12,0,1,0,0.0,1
0.1621,43,0,0.1164,4220.0,5,0,1,0,0.0,0
0.0919,52,0,0.2899,12784.0,8,0,0,0,1.0,0
0.7136,43,0,0.3517,,7,0,0,0,1.0,0
0.3144,54,0,0.2609,5502.0,8,0,2,0,1.0,0
7.6268,41,2,1.0102,11139.0,6,0,3,1,0.0,0
0.1405,46,0,0.5544,8090.0,4,0,1,0,1.0,0
0.2789,46,0,0.4679,5778.0,10,0,0,0,0.0,0
0.259,56,0,0.1229,1518.0,9,0,2,0,1.0,0
0.1338,52,0,0.4633,,11,0,2,0,0.0,0
0.1998,59,0,0.4519,3327.0,6,0,2,0,0.0,0
0.2907,51,0,0.514,7060.0,8,0,0,0,0.0,0
0.4275,44,0,0.6718,7219.0,9,0,2,0,2.0,0
0.0642,55,0,0.4453,16262.0,6,0,3,0,0.0,0
0.2663,39,0,0.6842,2155.0,6,0,0,0,0.0,0
1.0657,60,0,0.1073,13637.0,10,0,2,0,0.0,0
0.1745,48,0,0.4417,8188.0,6,0,1,0,0.0,0
0.4914,55,0,1.1047,9157.0,7,0,0,0,0.0,0
2.8334,55,0,0.7176,2003.0,7,0,2,0,1.0,0
0.4257,74,0,0.5675,,9,0,0,0,0.0,0
0.1784,57,0,0.4156,7475.0,10,0,1,0,,0
0.3495,53,0,0.1509,14346.0,6,0,0,0,0.0,0
2.7385,42,0,0.2348,,6,0,3,0,2.0,0
0.4399,63,0,0.8521,4350.0,11,0,3,0,4.0,0
3.3255,48,4,0.1154,6990.0,13,0,3,2,2.0,0
0.2681,31,0,0.0091,5703.0,8,0,2,0,2.0,0
0.7971,49,0,0.6778,,8,0,2,0,1.0,1
0.3825,55,0,0.2826,8709.0,11,0,2,0,3.0,0
1.2745,41,0,0.0812,,7,0,4,0,1.0,0
0.3616,50,0,0.4625,4860.0,10,0,2,0,1.0,0
0.3278,51,0,0.2869,3098.0,9,0,0,0,0.0,0
1.163,51,0,0.2661,5200.0,6,0,1,0,1.0,0
0.3324,69,0,0.8966,,6,0,0,0,0.0,0
0.9017,34,0,0.2682,12045.0,10,0,1,0,0.0,0
2.5259,80,0,0.473,3315.0,12,0,0,1,1.0,0
0.2803,52,0,0.2414,4502.0,7,0,1,0,1.0,0
0.3062,60,0,0.3403,3213.0,11,0,0,0,0.0,0
0.8282,54,1,0.4427,4478.0,9,0,0,1,1.0,0
3.3251,28,0,0.4512,1999.0,12,0,0,0,0.0,0
0.2813,37,0,0.6489,3149.0,5,0,3,0,0.0,0
0.2469,45,0,0.073,,10,0,1,0,1.0,0
0.4593,66,0,0.514,5172.0,6,0,0,0,0.0,0
0.3878,33,0,0.9936,4304.0,9,0,3,0,0.0,0
1.0728,40,0,0.1175,5369.0,7,0,0,0,,0
0.1945,54,1,0.2991,,15,0,3,0,0.0,0
0.5689,59,0,0.4905,4349.0,9,0,0,0,1.0,1
0.4101,58,0,0.4344,6351.0,10,0,0,0,0.0,0
0.1264,38,0,0.6624,14120.0,4,0,1,0,1.0,0
0.5505,30,0,0.5871,,7,0,1,0,1.0,0
0.9396,60,0,0.3278,,12,0,1,0,1.0,0
0.7474,72,0,0.3381,2727.0,6,0,2,0,0.0,0
0.5561,47,0,0.9764,5423.0,10,0,1,0,0.0,0
0.2733,36,0,0.1047,5647.0,12,0,1,0,1.0,0
0.7447,46,0,0.466,3264.0,5,0,1,0,1.0,1
4.8375,58,2,0.6085,1551.0,6,0,1,0,1.0,0
0.2053,49,0,0.2318,5081.0,7,0,3,0,0.0,0
0.1437,72,0,0.1674,4499.0,9,0,1,0,0.0,0
0.0168,65,0,1.1626,3444.0,9,0,1,0,0.0,0
0.5961,55,0,0.0334,4174.0,10,0,2,0,0.0,0
0.0664,25,1,0.3123,11839.0,9,0,0,0,1.0,1
5.0911,42,0,0.3543,5994.0,14,0,1,0,3.0,0
0.7135,44,0,0.5606,4168.0,10,0,0,0,0.0,0
2.6088,42,0,0.4034,6749.0,11,0,1,0,2.0,0
0.4397,55,0,0.217,,13,0,1,0,1.0,0
0.429,55,0,0.3552,3025.0,6,0,2,0,0.0,0
0.501,29,0,0.0418,10146.0,5,0,2,0,0.0,0
0.7858,63,0,0.6173,3314.0,10,0,0,0,1.0,1
5.3011,52,0,0.5321,5682.0,8,0,2,0,1.0,0
0.864,57,0,0.6053,,6,0,1,0,2.0,0
0.438,62,0,0.2879,5774.0,11,0,0,0,1.0,0
0.5213,41,0,0.4836,,6,0,1,0,2.0,0
0.6015,70,0,0.4271,5951.0,11,0,1,0,1.0,0
0.1908,50,0,0.4397,8461.0,5,0,0,0,1.0,0
0.3212,73,0,0.9018,3132.0,11,0,2,0,1.0,0
0.3717,39,0,0.622,,10,0,0,0,1.0,0
0.2637,72,0,0.384,4467.0,11,0,0,0,2.0,0
0.0027,39,0,0.361,2173.0,11,0,1,0,1.0,0
0.7161,88,0,0.2953,12078.0,9,0,1,0,1.0,0
0.3914,39,0,0.4655,,7,0,1,2,0.0,0
0.4565,67,0,0.6681,3345.0,8,0,0,0,0.0,0
1.3008,47,2,0.6865,15214.0,8,1,1,1,2.0,0
0.7562,62,0,0.6694,7048.0,15,0,3,0,1.0,0
0.5074,51,0,0.0574,4392.0,6,0,0,0,2.0,0
2.1939,37,3,0.3087,7636.0,8,1,1,0,0.0,0
0.4371,21,0,0.8085,2923.0,9,0,1,0,0.0,1
1.2182,87,0,0.5444,,6,0,0,0,1.0,1
0.3815,53,0,0.6993,2641.0,8,0,0,0,1.0,0
0.0799,21,0,0.3574,16443.0,6,0,2,0,1.0,0
0.6075,56,0,0.2466,5716.0,4,0,3,0,0.0,0
0.1557,62,0,0.4544,,13,0,0,0,0.0,0
0.3921,42,0,0.3624,11510.0,11,0,0,0,0.0,0
0.1594,42,0,0.439,12813.0,5,0,0,0,2.0,0
0.1173,52,0,0.7295,3077.0,10,0,0,0,1.0,0
0.2716,69,0,0.6185,3155.0,9,0,1,0,1.0,0
0.5731,53,0,0.6975,11076.0,8,0,3,0,3.0,0
0.2864,72,0,0.5427,1315.0,12,0,1,1,0.0,0
0.0029,68,0,0.3893,4235.0,4,0,1,0,0.0,0
0.1536,49,0,0.9116,7562.0,4,0,1,0,1.0,0
2.6226,30,0,0.1227,5139.0,9,0,0,0,2.0,0
0.071,49,0,0.7537,3606.0,9,0,0,0,0.0,0
0.535,59,0,0.5441,9647.0,9,0,1,0,2.0,0
0.5286,53,0,0.5801,,6,0,1,0,0.0,1
0.332,61,0,0.883,6025.0,11,0,4,0,1.0,0
0.1446,64,0,0.2364,1645.0,5,0,0,0,0.0,0
0.1535,59,0,0.3386,7913.0,10,0,0,0,2.0,0
0.8144,48,0,0.7618,5024.0,5,0,0,0,1.0,0
0.3999,59,0,0.4915,3445.0,4,0,2,0,2.0,0
0.1526,83,2,0.2844,10821.0,9,0,1,0,1.0,1
0.4482,31,0,0.1396,,8,0,0,0,0.0,1
0.3807,59,0,1.1072,9048.0,11,0,1,0,1.0,0
0.1242,78,0,0.9468,2552.0,11,0,0,0,,0
0.2575,36,0,0.7707,6561.0,13,0,2,0,1.0,0
0.4212,66,0,0.5015,,6,0,0,0,1.0,0
0.1218,68,0,0.7844,,15,0,1,0,1.0,0
0.0104,31,0,0.4108,3073.0,11,0,1,0,0.0,0
1.3636,62,0,0.351,,6,0,1,0,1.0,0
0.4232,48,0,0.403,1665.0,7,0,0,0,1.0,0
0.1847,51,0,0.6413,6579.0,8,0,0,0,,0
0.144,47,0,0.6544,4340.0,9,0,0,0,1.0,0
0.4498,70,0,1.1215,5053.0,7,0,1,0,0.0,1
0.2366,50,0,0.7405,,4,0,2,0,1.0,0
0.2166,46,0,1.0435,5457.0,10,0,0,0,1.0,0
6.4544,46,0,0.2062,1619.0,3,0,0,0,1.0,0
0.4213,47,0,0.2005,5554.0,8,0,0,0,1.0,0
0.0293,37,2,0.1971,15608.0,8,2,1,0,1.0,0
0.2267,45,0,0.6221,11077.0,6,0,0,0,,0
0.1491,54,0,0.9347,5627.0,9,0,1,0,2.0,0
0.4714,58,0,0.5306,1981.0,7,0,2,0,2.0,0
0.5852,69,0,0.5821,7680.0,12,0,1,0,0.0,0
0.5415,55,0,0.4209,4207.0,5,0,1,0,0.0,0
2.3581,45,0,0.3072,5478.0,4,0,0,0,2.0,0
0.6497,38,0,0.4386,3666.0,7,0,1,0,2.0,0
1.2311,56,0,0.8695,1487.0,5,0,3,0,,0
0.1892,50,0,0.5076,5718.0,16,0,1,0,0.0,0
1.1716,51,1,0.5117,,6,0,0,1,1.0,0
0.1695,56,0,0.7563,1244.0,10,0,1,0,,0
1.0316,59,0,0.9405,6769.0,7,0,1,0,2.0,0
0.0871,56,0,0.5048,2266.0,1,0,4,0,,0
0.4775,50,0,0.6939,8915.0,5,0,1,0,2.0,0
0.1626,41,2,0.2393,1790.0,11,0,2,0,1.0,0
1.0559,43,2,0.3756,14609.0,4,1,1,0,0.0,0
3.8298,64,0,0.2708,3892.0,9,0,0,0,1.0,0
1.9983,46,0,0.268,1920.0,4,0,0,0,2.0,0
0.0728,33,0,0.5518,,7,0,1,0,0.0,0
1.4082,68,0,0.8769,4471.0,9,0,1,0,0.0,0
0.418,39,0,0.3758,,11,0,0,0,0.0,0
0.0228,52,0,0.4614,,8,0,1,0,0.0,0
0.2768,59,0,0.4242,8180.0,8,0,0,0,0.0,0
0.1623,52,0,1.1497,11037.0,7,0,1,0,1.0,0
0.5537,21,0,0.6287,3270.0,8,0,1,0,0.0,1
0.0479,57,0,0.2844,,13,0,2,0,0.0,0
0.606,71,0,0.1348,5306.0,15,0,1,0,2.0,0
0.547,63,0,0.1195,,5,0,4,0,1.0,0
0.7775,22,0,0.4807,6873.0,9,0,0,0,2.0,0
5.0706,82,0,0.1299,3276.0,8,0,0,0,0.0,1
0.3012,33,0,1.0529,8637.0,3,0,1,0,1.0,0
0.1686,37,0,0.4786,4216.0,10,0,0,0,0.0,0
0.1785,63,0,0.7645,7943.0,5,0,2,0,0.0,0
0.1888,58,0,0.7886,6825.0,8,0,2,0,0.0,0
1.096,53,0,0.4391,11065.0,5,0,0,0,1.0,0
0.3129,44,0,0.2351,7010.0,4,0,0,0,0.0,0
0.7388,71,0,0.8019,47974.0,9,0,0,0,0.0,0
0.3917,51,0,0.2265,,5,0,0,0,0.0,0
5.7833,30,0,0.6643,7131.0,7,0,3,0,1.0,0
0.4157,69,0,0.2436,5800.0,8,0,1,0,,0
0.3498,55,0,0.0722,,7,0,0,0,1.0,0
0.3154,68,0,0.3495,5780.0,7,0,1,0,0.0,0
0.3313,60,0,0.1579,,7,0,1,0,2.0,0
0.5726,85,0,0.2596,,13,0,1,0,0.0,0
0.0264,48,0,0.8485,4649.0,10,0,1,0,1.0,0
0.9732,52,0,0.778,6467.0,13,0,2,0,0.0,0
0.2964,62,0,0.1757,10623.0,8,0,1,0,0.0,0
0.0881,48,0,0.0957,,9,0,1,0,3.0,0
0.021,63,0,0.4705,,11,0,0,0,1.0,0
0.2383,21,0,0.8869,3174.0,10,0,0,0,1.0,0
0.0636,51,0,0.403,6725.0,9,0,0,0,0.0,0
0.2661,51,0,0.7477,3228.0,9,0,2,0,2.0,0
0.6413,50,0,0.3356,5754.0,6,0,0,0,2.0,0
0.1339,40,0,0.4873,3915.0,3,0,1,0,2.0,0
0.3332,65,0,0.7778,11937.0,6,0,0,0,1.0,0
0.315,45,0,0.4211,8844.0,6,0,0,0,0.0,0
0.0333,55,0,1.1091,,9,0,2,0,2.0,0
0.6098,51,0,0.8474,9365.0,10,0,1,0,3.0,0
0.0948,59,0,0.3298,2538.0,9,0,1,0,1.0,0
0.1219,72,0,0.4774,,7,0,0,0,1.0,0
0.2711,55,0,0.2071,13987.0,8,0,1,0,,0
0.5678,64,0,0.3712,6783.0,3,0,1,0,0.0,0
0.4482,54,0,1.0344,4884.0,7,0,1,0,1.0,0
0.139,45,0,0.5242,4124.0,5,0,2,0,3.0,0
0.0268,50,0,0.1991,,3,0,0,0,0.0,0
0.1738,48,0,0.2944,5028.0,4,0,4,0,1.0,0
0.2048,60,0,0.5695,,10,0,0,0,1.0,0
0.9171,53,0,0.0964,5157.0,10,0,2,0,1.0,0
0.2507,41,0,0.3172,23241.0,7,0,0,0,0.0,0
0.0646,49,0,0.4831,3319.0,8,0,0,0,1.0,0
0.3509,31,0,1.0152,5875.0,9,0,0,0,1.0,0
0.6109,49,0,0.1908,2606.0,12,0,2,0,1.0,0
0.0547,52,0,0.61,3780.0,5,0,0,0,0.0,0
0.6131,77,0,0.5621,4194.0,7,0,3,0,0.0,1
0.1544,71,0,0.2639,4604.0,9,0,1,0,,0
0.3811,38,0,0.5546,2840.0,7,0,2,0,1.0,0
0.0557,55,0,0.4344,1746.0,12,0,1,0,1.0,0
0.0082,55,0,0.2162,1561.0,4,0,1,0,0.0,0
0.1327,49,0,0.4238,3558.0,12,0,3,0,0.0,0
1.7009,50,1,0.6508,5546.0,7,0,2,2,0.0,0
4.0601,47,1,0.5398,13955.0,7,0,0,0,1.0,0
0.6544,78,0,0.9989,6136.0,6,0,0,0,2.0,0
6.142,46,0,0.6298,2779.0,6,0,1,0,0.0,1
0.1973,57,0,1.2545,,13,0,3,0,1.0,0
0.2224,21,0,0.0581,,8,0,0,0,1.0,0
2.8666,64,0,0.115,8671.0,15,0,0,0,0.0,0
0.1569,69,0,1.0098,,6,0,1,0,0.0,0
0.2249,37,0,0.7727,,9,0,0,0,0.0,0
0.1788,45,0,0.4868,4620.0,7,0,0,0,2.0,0
0.4652,58,0,0.3002,6771.0,5,0,0,0,0.0,0
0.1289,52,0,0.2249,4395.0,7,0,0,0,1.0,0
0.3069,59,0,0.4487,2414.0,9,0,2,0,0.0,0
0.0091,48,0,0.2593,12432.0,12,0,2,0,1.0,0
0.6272,78,0,0.1328,1135.0,6,0,0,0,1.0,0
0.138,43,0,0.7047,5018.0,9,0,2,0,1.0,0
0.9411,90,0,0.3294,6106.0,8,0,0,0,1.0,0
0.5496,69,0,0.2429,4781.0,11,0,0,0,0.0,1
2.9336,64,0,0.2979,12015.0,9,0,0,0,0.0,0
0.8085,37,0,0.105,4760.0,12,0,2,0,0.0,0
0.2314,65,0,0.4319,3804.0,10,0,0,0,0.0,0
0.4396,60,0,0.3922,7803.0,8,0,0,0,0.0,0
0.1297,22,0,0.8352,3612.0,10,0,1,0,1.0,0
0.22,32,0,0.5704,2952.0,13,0,0,0,0.0,0
0.1022,57,0,1.1369,,9,0,0,0,,0
0.6201,50,0,0.3669,12979.0,10,0,2,0,6.0,0
4.616,45,0,1.1264,4307.0,17,0,1,0,2.0,1
0.7263,67,2,0.1574,6274.0,9,0,1,0,0.0,0
0.1999,40,0,0.2065,1699.0,7,0,0,0,2.0,0
0.7028,46,0,1.0888,8294.0,5,0,4,0,0.0,0
0.2612,43,1,0.7735,5223.0,13,0,0,0,0.0,0
0.0536,59,0,0.1732,10434.0,9,0,3,0,1.0,0
0.3076,28,0,1.0953,6274.0,8,0,1,0,1.0,0
0.1575,45,1,0.9709,4821.0,9,1,1,0,1.0,0
0.1627,28,0,0.4881,,9,0,1,0,2.0,0
0.4581,48,0,0.3668,4543.0,8,0,0,0,0.0,0
0.0937,62,0,0.2232,7193.0,7,0,0,0,1.0,0
0.0392,62,0,0.2691,3711.0,6,0,2,0,1.0,0
0.3745,42,0,0.11,3182.0,6,0,0,0,2.0,0
0.3302,59,1,0.1872,3069.0,7,0,0,1,1.0,0
0.5145,49,0,0.3711,4989.0,7,0,3,0,0.0,0
0.0625,71,0,0.4642,2281.0,8,0,1,0,1.0,0
0.0106,50,0,0.5157,9579.0,6,0,3,0,1.0,0
0.3101,21,0,0.2667,6128.0,7,0,2,0,1.0,1
0.0137,65,0,0.4092,3027.0,5,0,1,0,0.0,0
1.3106,46,0,0.6863,4480.0,20,0,0,0,0.0,0
0.0516,48,0,0.6792,5253.0,14,0,0,0,0.0,0
0.5163,57,0,0.548,6952.0,12,0,1,0,0.0,0
0.0432,32,0,0.2527,1473.0,12,0,0,0,0.0,0
1.0692,53,0,0.3412,,4,0,1,1,0.0,0
0.2265,59,0,0.3418,8377.0,9,0,1,0,1.0,0
0.2259,57,0,0.5104,3675.0,10,0,0,0,0.0,0
0.0899,44,1,0.1064,,5,1,0,0,0.0,0
0.693,66,0,0.388,8607.0,8,0,1,0,2.0,0
0.7384,38,0,0.27,10552.0,9,0,1,0,1.0,0
0.3264,43,0,0.7378,9027.0,10,0,0,0,0.0,0
0.2135,50,1,0.6373,2525.0,7,0,0,1,1.0,0
0.1093,56,0,0.5492,8348.0,12,0,2,0,1.0,0
0.7436,47,0,0.0708,4843.0,12,0,1,0,0.0,0
4.5074,69,0,0.4047,,11,0,0,0,3.0,0
0.4948,56,0,0.4246,2152.0,8,0,1,0,1.0,0
0.4307,53,0,0.2359,5676.0,8,0,1,0,2.0,0
0.0412,56,0,0.4803,4448.0,6,0,1,0,0.0,0
1.3288,62,0,0.1703,2674.0,13,0,3,0,1.0,0
0.1994,55,0,0.1819,23819.0,4,0,2,0,0.0,0
0.1116,27,0,0.1926,4771.0,9,0,1,0,1.0,0
0.2443,67,0,0.2088,,4,0,1,0,0.0,0
0.3669,54,0,0.1257,3386.0,4,1,0,0,0.0,0
0.3359,62,0,0.6549,,8,0,1,0,2.0,0
0.016,46,0,0.4946,7959.0,10,0,1,0,2.0,0
0.1292,26,0,0.2737,,11,0,1,0,2.0,0
0.7617,21,0,0.8907,3231.0,8,0,0,0,2.0,1
0.2463,39,0,0.4358,6326.0,5,0,2,0,2.0,0
0.2809,59,0,0.2906,5724.0,9,0,1,0,0.0,0
3.5657,70,0,0.7831,2934.0,12,0,1,0,0.0,0
0.2001,56,0,0.4032,2804.0,6,0,3,0,0.0,0
0.3059,37,0,0.5256,,5,0,2,0,1.0,0
0.1215,41,0,0.5597,,5,0,1,0,3.0,0
0.6718,71,0,0.3575,15969.0,5,0,0,0,1.0,0
0.3728,34,0,0.2232,8874.0,6,0,3,0,0.0,0
1.1319,81,1,0.1117,,6,0,1,0,1.0,0
0.9846,78,0,0.465,6246.0,13,0,0,0,0.0,0
0.227,82,0,0.3077,,7,0,0,0,0.0,0
0.218,57,0,0.1123,2926.0,7,0,0,0,2.0,0
0.0564,47,0,0.8355,,7,0,1,0,0.0,0
0.2833,57,0,0.6696,4793.0,15,0,1,0,1.0,0
0.3396,65,0,0.7488,4267.0,9,0,0,0,2.0,0
0.2332,43,0,0.2319,9226.0,10,0,1,0,0.0,0
0.4089,37,0,0.1989,,8,0,1,0,1.0,0
0.142,48,0,0.1633,7309.0,7,0,0,0,0.0,0
1.2687,41,0,0.1663,2927.0,8,0,0,0,1.0,0
1.4878,69,0,0.5247,12199.0,10,0,1,0,2.0,0
0.1002,43,1,0.7395,,9,0,0,0,1.0,0
0.1504,53,0,1.1217,6192.0,8,0,1,0,2.0,0
0.1376,66,0,0.6479,2296.0,7,0,0,0,0.0,0
0.2345,70,0,0.6846,,6,0,3,0,1.0,0
0.8892,55,0,0.6407,5469.0,10,0,3,0,1.0,0
0.3521,57,0,0.8027,2168.0,8,0,0,0,,0
0.2139,38,0,0.3377,5420.0,4,0,0,0,0.0,0
0.2134,66,0,0.9246,3682.0,10,0,2,0,1.0,0
4.6242,70,0,0.5525,10712.0,10,0,1,0,2.0,0
0.5634,26,0,0.2457,3931.0,9,0,3,0,0.0,0
0.1015,77,0,1.2157,,7,0,1,0,3.0,0
0.6418,42,0,0.3513,3308.0,8,0,2,0,1.0,0
0.2381,60,0,0.9313,,7,0,1,0,1.0,0
0.4842,53,0,0.5354,2778.0,4,0,2,0,2.0,0
0.4204,51,0,1.0568,6177.0,9,0,0,0,0.0,0
1.9679,49,0,0.8918,2136.0,7,0,3,1,1.0,0
0.2852,38,0,0.2931,4770.0,9,0,1,0,0.0,0
0.725,59,0,1.2532,3684.0,14,0,1,0,,0
0.0201,48,0,0.6492,5635.0,4,0,0,0,0.0,0
0.1839,34,0,0.2121,3374.0,6,0,1,0,1.0,0
0.3927,38,0,0.3608,9620.0,7,0,2,0,1.0,0
0.1468,34,0,0.6888,2827.0,12,0,2,0,2.0,0
0.2952,45,0,0.2503,1003.0,8,0,1,0,1.0,0
1.7161,59,0,0.7198,6889.0,10,0,1,0,1.0,0
0.4267,42,0,0.526,4825.0,9,0,2,0,0.0,0
0.4355,66,0,0.5354,3894.0,11,0,1,0,0.0,0
0.4269,50,0,0.6694,4977.0,9,0,1,0,1.0,1
2.4704,48,0,0.8781,,9,0,1,0,1.0,0
0.0586,52,0,0.3999,5915.0,9,0,1,0,0.0,0
0.256,72,0,0.738,,8,0,0,0,1.0,0
0.1714,33,0,1.0253,4943.0,10,0,0,0,0.0,0
0.0918,75,0,0.425,3423.0,6,0,3,0,2.0,0
0.5567,65,0,0.4066,5446.0,4,0,2,0,1.0,0
0.1114,52,0,0.1009,5868.0,11,0,1,0,0.0,0
0.4146,69,0,0.6741,20189.0,1,0,0,0,1.0,0
0.2743,47,0,0.3472,6060.0,9,0,0,0,1.0,0
0.5155,56,0,1.026,,9,0,2,0,1.0,0
0.4158,44,0,0.3383,4761.0,8,0,1,0,1.0,0
0.7847,66,0,0.8483,12888.0,12,0,0,0,0.0,0
0.8626,42,0,0.5493,3513.0,10,0,2,0,1.0,0
0.3122,51,0,0.0361,,10,0,1,0,1.0,0
1.2732,62,0,0.2006,2868.0,6,0,2,0,1.0,0
2.3498,67,0,0.3729,4530.0,9,0,0,0,1.0,0
0.6306,41,0,0.1763,1600.0,6,0,0,0,2.0,0
0.6367,63,0,0.9868,5754.0,9,0,1,0,2.0,0
0.0737,38,0,0.6757,4834.0,7,0,2,0,1.0,0
1.2383,22,0,0.2011,4434.0,7,0,1,0,2.0,0
0.2964,42,0,0.2364,2107.0,7,0,0,0,0.0,0
0.0434,64,0,0.471,7144.0,10,0,1,0,1.0,0
0.4524,52,0,0.4925,5777.0,8,0,0,0,3.0,0
0.3248,45,0,0.3079,3516.0,5,0,3,0,1.0,0
0.3793,53,2,0.2702,20455.0,3,0,0,0,1.0,1
0.1759,52,0,0.5301,5972.0,10,0,3,0,1.0,0
0.2075,61,0,0.7724,7727.0,13,0,0,0,1.0,0
0.3689,29,0,0.1512,10359.0,6,0,0,0,0.0,0
0.1849,51,0,0.8754,4339.0,9,0,1,0,1.0,0
0.0162,54,1,0.3374,10935.0,7,0,2,0,1.0,0
0.1647,33,0,0.1211,9433.0,6,0,0,0,2.0,0
0.2716,33,0,0.4705,3425.0,10,0,0,0,0.0,0
0.367,47,0,0.5467,3792.0,14,0,1,0,2.0,0
3.3983,52,0,0.894,,6,0,0,0,0.0,0
0.1168,52,1,1.3191,3065.0,15,1,1,0,0.0,0
0.1217,44,0,0.4084,2033.0,11,0,0,0,0.0,0
4.26,44,0,0.2559,6150.0,6,0,1,0,1.0,0
0.0237,46,0,0.7862,17852.0,6,0,2,0,1.0,0
0.135,56,0,0.1323,9452.0,3,0,0,0,1.0,0
0.1268,69,0,0.6832,8063.0,15,0,1,0,0.0,0
2.5716,21,2,0.8639,2545.0,7,2,1,0,1.0,0
0.2115,61,0,0.226,,11,0,5,0,1.0,0
0.537,50,0,0.5993,,11,0,0,0,,0
0.3609,59,0,0.228,6303.0,11,0,0,0,0.0,0
0.7952,69,0,0.2938,2172.0,5,0,1,0,0.0,0
1.9603,41,0,0.265,1951.0,9,0,2,0,0.0,0
0.0183,65,0,0.4841,6171.0,8,0,0,0,0.0,0
0.8325,34,0,0.3382,5424.0,8,0,0,0,1.0,0
0.5955,54,0,0.6827,4755.0,8,0,1,0,0.0,0
0.6828,49,0,0.7467,3492.0,8,0,2,0,0.0,0
0.3809,53,0,0.8488,11602.0,10,0,0,1,1.0,0
0.8202,38,0,0.6403,,10,0,1,0,0.0,0
0.3511,58,0,0.9125,2794.0,9,0,2,0,0.0,0
0.1514,74,0,0.7057,1922.0,8,0,1,0,0.0,0
0.4668,38,1,1.0017,7505.0,3,0,2,0,1.0,0
0.6381,55,0,0.4105,,7,0,0,0,0.0,0
0.5267,64,0,0.5992,7863.0,7,0,0,0,0.0,0
0.5275,48,0,0.7214,,8,0,0,0,1.0,1
0.1967,71,0,0.6296,6612.0,8,0,3,0,0.0,0
0.5105,46,0,1.411,8315.0,14,0,1,0,0.0,0
0.1925,50,0,0.7918,4897.0,5,0,0,0,2.0,0
0.8692,38,0,0.7217,4169.0,4,0,3,0,1.0,0
0.0291,54,0,1.1712,,6,0,2,0,1.0,0
3.6105,52,0,0.5121,12342.0,8,0,2,0,0.0,0
0.3067,61,0,0.3237,4745.0,4,0,0,0,0.0,0
0.1822,43,0,0.5585,10814.0,6,0,1,0,1.0,0
0.6342,42,0,0.2713,5325.0,5,0,2,0,0.0,0
0.1076,58,0,0.4005,,7,0,1,0,1.0,0
0.0309,72,0,0.8734,,9,0,1,0,2.0,0
0.4509,61,0,0.5324,,7,0,1,0,0.0,1
0.2366,78,0,0.9054,4834.0,9,0,1,0,0.0,0
0.3741,60,0,0.3606,2965.0,10,0,1,0,0.0,0
0.5772,59,0,0.6133,4239.0,14,0,1,0,2.0,0
1.8933,62,0,0.5508,7426.0,8,0,2,0,1.0,0
0.1149,73,0,0.263,,8,0,0,0,0.0,0
0.7076,69,0,0.4494,7791.0,4,0,1,0,4.0,0
0.0075,37,0,0.4172,4599.0,3,0,2,0,0.0,0
1.0752,63,0,0.17,5990.0,7,0,2,0,,0
0.251,56,0,0.2531,12930.0,8,0,3,0,0.0,0
1.0123,49,1,0.3838,8280.0,8,0,4,1,2.0,0
0.2235,27,0,0.2053,4450.0,7,0,3,0,0.0,0
0.7262,30,0,0.704,8362.0,6,0,1,0,1.0,0
0.1095,47,0,0.3634,11442.0,6,0,2,0,0.0,0
0.253,31,0,0.6096,1241.0,7,0,1,0,4.0,0
0.3649,47,0,0.7218,4455.0,5,0,2,0,0.0,0
0.6443,62,0,0.1082,5894.0,6,0,1,0,0.0,1
0.3744,44,0,0.7656,5252.0,7,0,1,0,0.0,0
1.0261,53,0,0.0672,11449.0,9,0,2,0,0.0,0
3.3399,37,0,0.9083,5124.0,8,0,0,0,1.0,0
0.6336,56,0,0.5398,5044.0,8,0,1,0,0.0,0
0.6799,59,0,0.3336,5495.0,6,0,0,0,0.0,0
0.3198,32,0,0.4802,4236.0,9,0,1,0,0.0,0
0.1987,41,0,0.2154,5043.0,5,0,0,0,1.0,0
0.5079,34,0,1.1349,8703.0,8,0,0,0,0.0,0
0.7784,59,0,0.118,4101.0,12,0,0,0,0.0,0
0.2449,54,0,0.8027,9825.0,9,0,0,0,1.0,0
0.4227,51,0,0.2837,,16,0,0,0,0.0,0
0.194,50,0,0.1912,10102.0,7,0,0,0,0.0,0
0.1829,57,0,0.2424,12621.0,8,0,2,0,0.0,0
0.2703,57,0,0.1175,4410.0,7,0,0,0,1.0,0
0.6599,45,0,0.4858,14064.0,12,0,1,0,1.0,0
0.1002,43,0,0.343,14837.0,8,0,2,0,0.0,0
1.7202,51,0,0.7238,10980.0,11,0,2,0,1.0,0
0.4386,49,0,0.5309,,14,0,1,0,0.0,0
4.6605,81,0,0.6339,4531.0,4,0,0,0,1.0,0
0.698,47,0,0.2195,2085.0,8,0,0,0,,1
0.598,56,0,0.4987,16767.0,7,0,0,0,1.0,0
0.6349,59,0,0.1423,15918.0,11,0,1,0,2.0,0
0.5517,72,0,0.3011,17026.0,14,0,1,0,0.0,0
0.2738,41,0,0.2975,7095.0,11,0,3,0,,0
0.6816,71,0,0.5254,8140.0,11,0,2,0,0.0,0
0.6984,50,0,0.0333,10963.0,6,0,1,0,1.0,0
0.18,87,0,0.7793,,5,0,1,0,1.0,0
0.1847,57,0,0.6657,,9,0,2,0,0.0,0
0.4398,35,2,0.5146,,4,0,2,1,0.0,0
0.3416,49,0,0.7373,,10,0,1,0,0.0,0
0.2307,71,0,0.4764,,7,0,3,0,1.0,0
0.1813,53,0,0.2893,6747.0,7,0,3,0,1.0,0
2.8824,51,0,0.0562,7012.0,8,0,0,0,1.0,0
0.6016,62,0,0.251,8146.0,10,0,0,0,,0
0.4167,47,0,0.1756,7461.0,5,0,1,0,1.0,0
1.7749,49,0,0.9008,3842.0,15,0,1,0,0.0,0
0.3569,39,0,0.1803,2876.0,9,0,2,0,0.0,0
0.3153,76,0,0.5561,,5,0,2,1,0.0,0
0.3041,35,0,0.435,12537.0,11,0,0,0,,0
0.3302,54,0,0.6824,14295.0,10,0,0,0,1.0,0
0.2714,59,0,0.2417,22352.0,6,0,0,0,0.0,0
0.0461,52,0,0.8321,,9,0,1,0,0.0,0
0.8276,34,0,1.0279,,9,1,1,0,0.0,0
0.6162,38,0,0.8607,4028.0,6,0,0,0,1.0,1
0.8043,59,0,0.79,4137.0,8,0,0,0,2.0,0
0.3428,41,0,0.2269,8336.0,9,0,1,0,2.0,0
0.3862,23,0,0.2296,5233.0,5,0,1,0,,0
0.2212,57,0,0.329,9861.0,9,0,3,0,1.0,0
0.3127,40,0,0.4776,15800.0,12,0,1,0,0.0,0
0.8045,61,0,0.4824,2382.0,8,0,1,0,3.0,0
0.3847,49,0,0.733,10286.0,9,0,0,0,0.0,0
0.2834,49,0,0.8986,5012.0,6,0,1,0,0.0,0
0.3877,53,0,0.1182,,7,0,2,0,2.0,0
0.1439,36,0,0.9256,8066.0,6,0,1,0,1.0,0
0.1305,40,0,0.4366,6953.0,8,0,0,0,0.0,0
0.1487,48,0,0.3037,2466.0,5,0,0,0,0.0,0
0.3401,36,0,0.721,1726.0,10,0,0,0,1.0,0
2.0347,62,0,0.3156,4748.0,4,0,1,0,0.0,0
1.3837,48,0,0.393,8619.0,6,0,1,0,0.0,0
0.2758,32,0,0.8105,,8,0,1,0,2.0,0
2.3802,44,0,0.5158,13134.0,9,0,1,0,0.0,0
0.2983,53,0,0.4777,18495.0,8,0,1,0,2.0,0
0.7055,46,0,0.259,,7,0,2,0,0.0,0
0.5496,58,0,0.1828,7214.0,12,0,0,0,0.0,0
0.1868,60,0,0.3716,,7,0,1,0,0.0,0
7.1016,86,4,0.3136,9478.0,8,0,0,0,0.0,0
1.8676,68,0,0.9262,3414.0,9,0,2,0,2.0,0
0.2839,29,0,0.497,3745.0,11,0,2,0,1.0,0
0.3774,47,0,0.1785,2779.0,7,0,1,0,0.0,0
4.2008,48,0,0.5947,3403.0,5,0,2,0,0.0,0
0.3472,60,0,0.2272,,5,0,0,0,1.0,0
0.9457,39,0,0.7009,3623.0,4,0,1,0,0.0,0
0.3203,45,0,0.0477,7158.0,15,0,0,0,1.0,0
0.0182,35,0,0.5292,,9,0,2,0,0.0,0
0.1315,44,0,0.8116,6332.0,9,0,1,0,1.0,0
0.5168,44,0,0.1592,3989.0,5,0,0,0,0.0,0
0.5808,48,0,0.6519,3552.0,5,0,1,0,1.0,0
2.964,35,0,0.5976,3504.0,13,1,1,1,1.0,0
1.0869,66,0,0.0747,2848.0,11,0,2,0,0.0,1
0.6265,59,0,0.3957,3718.0,12,0,0,0,1.0,0
1.258,32,0,0.4293,3007.0,5,0,0,0,1.0,0
0.4612,52,0,0.1016,,15,0,0,0,0.0,0
3.304,30,0,0.6268,2454.0,9,0,1,0,0.0,0
5.0433,71,2,0.3706,5632.0,6,0,0,0,1.0,0
0.0914,75,0,0.713,3378.0,5,0,2,0,1.0,0
3.8878,51,0,0.5153,12048.0,4,0,1,0,0.0,0
0.8336,40,0,0.5244,7009.0,10,0,0,0,1.0,0
0.679,43,0,0.423,9079.0,3,0,1,0,0.0,0
0.8841,46,0,0.3948,9038.0,3,0,2,0,0.0,0
0.0008,51,0,0.6617,5073.0,8,0,1,0,1.0,0
1.3464,71,2,1.4652,,12,0,2,0,1.0,1
0.0271,65,0,0.585,,9,0,3,0,0.0,0
1.7775,66,0,0.7998,5618.0,8,0,3,0,1.0,0
0.3459,54,0,0.306,,10,0,0,0,1.0,0
1.1145,36,1,0.994,,5,0,0,0,0.0,0
0.1085,41,0,1.0684,3302.0,10,0,0,0,1.0,0
1.0522,53,0,0.3395,12428.0,6,0,2,0,1.0,0
0.1294,35,0,0.0878,12389.0,3,0,0,0,0.0,0
0.1744,56,0,0.7395,8588.0,13,0,1,0,2.0,0
0.1785,63,0,0.0383,5395.0,6,0,1,0,1.0,0
1.1244,60,0,0.4524,6904.0,8,0,1,0,2.0,0
0.24,59,0,0.3106,3530.0,9,1,3,0,0.0,0
0.0447,26,0,0.1332,4519.0,18,0,0,0,0.0,0
0.0241,71,0,0.0432,8117.0,7,0,2,0,0.0,0
0.4389,30,0,0.9392,3535.0,8,0,1,0,0.0,1
1.2271,50,0,0.7814,,9,0,0,0,0.0,0
0.6409,61,0,0.4424,8807.0,5,0,1,0,,0
0.3222,57,0,0.3519,4944.0,6,0,2,0,1.0,0
0.2281,34,0,0.3596,18134.0,7,0,1,0,,0
0.4306,37,0,0.5469,7047.0,9,0,1,0,0.0,0
0.0459,56,0,0.2401,,8,0,0,0,0.0,0
2.7158,59,0,0.3641,4307.0,9,0,1,0,0.0,0
0.1508,36,0,0.2229,6693.0,9,0,1,0,2.0,0
1.0999,57,0,0.7149,20185.0,8,0,1,0,1.0,0
0.1118,31,0,0.1526,4347.0,7,0,0,0,0.0,0
0.3705,61,0,0.5192,4549.0,11,0,2,0,1.0,0
4.4908,40,0,0.7118,3070.0,6,0,0,0,0.0,0
0.0583,53,0,0.5165,5877.0,7,0,0,0,0.0,0
0.5717,51,0,0.4056,,9,0,1,0,0.0,0
0.09,68,0,0.153,,8,0,2,0,1.0,0
0.7113,55,0,0.7764,5499.0,7,0,1,0,,0
3.377,44,0,0.517,4462.0,11,0,4,0,0.0,1
5.177,57,0,0.8369,,13,0,3,0,1.0,1
0.1445,82,0,0.3606,2167.0,6,0,0,0,0.0,0
0.8414,62,0,0.4717,5375.0,11,0,1,0,1.0,0
0.0163,51,0,0.5515,13874.0,10,0,0,0,2.0,0
0.4301,40,0,0.7829,2346.0,9,0,1,0,1.0,0
1.7232,43,0,0.3638,,5,0,2,0,1.0,0
0.152,62,0,0.2914,5555.0,4,0,0,0,0.0,0
0.0377,40,0,0.3992,2362.0,10,0,1,0,2.0,0
0.802,52,0,0.4196,,6,0,2,0,1.0,0
3.0667,72,0,0.3814,6320.0,10,0,0,0,0.0,0
0.601,54,0,0.4423,4994.0,6,0,0,0,0.0,0
0.5157,37,0,0.5995,3404.0,4,0,2,0,2.0,0
3.7738,82,0,1.1158,20771.0,6,0,0,0,0.0,0
0.1387,77,0,1.0439,7776.0,10,0,0,0,1.0,0
0.151,59,0,0.6727,2152.0,5,0,4,0,0.0,0
0.6925,70,0,0.3718,7281.0,9,0,1,0,1.0,0
0.1967,48,0,0.5933,5147.0,5,0,0,0,1.0,0
1.8109,62,0,0.6447,3060.0,9,0,2,0,1.0,0
0.4862,46,0,0.1965,3345.0,7,0,1,0,1.0,0
0.2481,33,0,0.1599,4477.0,7,0,0,0,0.0,0
2.223,88,0,0.4199,5430.0,7,0,0,0,,0
0.8627,32,0,0.8279,,7,0,0,0,0.0,1
0.3458,56,0,0.3245,5207.0,9,0,1,0,1.0,0
0.2211,56,0,0.3791,,2,0,2,0,3.0,0
0.9624,59,3,0.664,7935.0,9,0,0,1,2.0,0
1.4342,51,0,0.1415,24961.0,5,0,1,0,0.0,1
0.2181,51,0,0.1641,2436.0,9,0,1,0,0.0,0
0.068,54,0,0.4529,13086.0,7,0,0,0,2.0,0
0.0138,59,0,0.3322,7283.0,4,0,0,0,0.0,0
0.3001,52,0,0.5147,5731.0,12,0,0,0,2.0,0
0.1992,51,0,0.2468,3002.0,8,0,1,0,,0
0.3523,34,0,0.3732,3105.0,10,0,2,0,2.0,0
0.4755,80,0,0.5996,12153.0,8,0,2,0,2.0,0
0.0213,59,0,0.1062,3793.0,8,0,1,0,1.0,0
0.0082,55,0,0.5187,6107.0,9,0,3,0,0.0,0
0.4586,43,0,0.1604,2283.0,6,0,0,0,0.0,0
0.4352,38,0,0.261,3597.0,10,0,1,0,0.0,0
0.5398,64,0,0.0985,,8,0,2,0,0.0,0
0.1533,50,0,0.9178,7096.0,6,0,0,0,2.0,0
0.3903,61,0,0.7398,2704.0,13,0,0,0,2.0,0
2.4941,33,0,0.6806,3487.0,15,0,0,0,0.0,0
0.2206,74,0,0.2863,,10,0,0,0,0.0,0
0.304,65,0,0.5712,,5,0,0,0,1.0,0
0.2869,51,0,0.231,6205.0,7,0,2,0,1.0,0
0.4539,59,0,0.3994,23153.0,6,0,2,0,1.0,0
0.2738,62,0,0.1394,8191.0,10,0,1,0,1.0,0
0.5474,33,0,0.5927,5502.0,12,0,0,0,1.0,0
0.268,75,0,0.1234,5749.0,13,0,1,0,1.0,0
0.2794,59,0,0.5905,19418.0,5,0,0,0,0.0,0
0.1008,42,0,0.6206,2835.0,4,0,1,0,1.0,0
1.0535,37,0,0.7065,12609.0,8,0,0,0,0.0,0
0.1186,66,0,0.4787,8125.0,5,0,1,0,1.0,0
0.4433,55,0,0.5311,4851.0,4,0,1,0,1.0,1
0.4295,59,0,0.3613,,11,0,0,0,1.0,0
0.2303,52,0,0.3675,,11,0,1,0,1.0,0
0.1403,38,0,0.4215,,8,0,2,0,0.0,0
0.1166,59,0,0.5875,5210.0,9,0,3,0,1.0,0
0.6688,49,0,0.5504,5715.0,9,0,2,0,2.0,0
0.143,52,0,0.8622,8635.0,5,0,2,0,0.0,0
0.09,85,0,0.0218,3238.0,7,0,1,0,0.0,0
0.1388,64,0,0.2358,4386.0,10,0,0,1,0.0,0
1.4265,65,0,0.3882,10633.0,7,0,2,0,0.0,0
0.303,90,0,0.4797,6192.0,10,0,0,0,0.0,0
0.85,57,0,0.4951,2325.0,6,0,0,0,0.0,0
0.0019,54,0,0.352,6747.0,13,0,0,0,0.0,0
0.5149,42,0,0.3134,7919.0,11,0,0,0,2.0,0
0.8221,46,0,0.2536,9214.0,8,0,2,2,2.0,0
0.2951,23,0,0.2318,4746.0,10,0,1,0,0.0,0
0.8136,63,0,0.2011,,12,0,1,0,0.0,0
0.1841,34,0,0.3146,3620.0,6,0,0,0,1.0,0
0.8546,65,0,0.1317,8206.0,13,0,1,0,1.0,0
0.4707,51,0,0.2631,5516.0,12,0,1,0,1.0,0
0.253,54,0,0.2,5286.0,13,0,0,0,1.0,0
0.8258,51,0,0.4368,7275.0,6,0,2,0,1.0,0
0.0971,71,0,0.604,5311.0,6,0,0,0,0.0,0
1.4596,69,0,0.4099,8063.0,5,0,2,0,0.0,0
0.3625,52,0,0.6579,5353.0,12,0,0,0,2.0,0
0.4518,39,0,0.7051,1367.0,5,0,3,0,0.0,0
0.556,65,0,0.2303,,5,0,0,0,0.0,1
0.2627,38,0,0.7029,2918.0,4,0,1,0,0.0,0
0.4724,30,0,0.7619,2987.0,8,0,0,0,1.0,1
0.9778,59,0,0.9848,11379.0,5,0,1,0,0.0,0
0.1349,69,0,0.5946,,5,0,0,0,1.0,0
0.7665,46,0,0.5504,,6,0,1,0,0.0,1
0.7678,58,0,0.6055,10939.0,3,0,0,0,1.0,0
0.1206,46,0,0.74,8653.0,14,0,4,0,0.0,0
0.2874,62,0,0.5676,5688.0,9,0,0,0,1.0,0
0.4626,67,0,0.3327,16932.0,8,0,0,0,0.0,0
0.2791,48,0,0.3733,4318.0,5,0,1,0,1.0,0
0.5159,38,0,0.0873,6015.0,9,0,2,0,1.0,0
0.0498,32,0,0.8461,3554.0,6,0,0,0,2.0,0
0.3504,65,0,0.319,2783.0,8,0,0,0,0.0,0
0.057,36,0,0.1889,2558.0,7,0,1,0,0.0,0
0.4697,57,0,0.6003,,13,0,1,0,1.0,0
0.2238,63,0,0.4579,5523.0,6,0,2,0,1.0,0
1.3864,45,1,0.5335,,8,0,0,3,1.0,0
0.5984,50,0,0.6488,12865.0,6,0,0,0,,0
0.0014,66,0,0.1927,12116.0,8,0,2,0,1.0,0
0.5136,41,0,0.2028,6153.0,8,0,0,0,1.0,0
0.4258,39,0,0.9168,7003.0,6,0,2,0,2.0,0
0.3093,49,0,0.9424,3146.0,4,0,2,0,0.0,0
0.5611,70,0,0.1044,7188.0,12,0,1,0,0.0,0
0.142,75,0,0.6124,12677.0,9,0,3,0,2.0,0
0.3905,51,0,0.3803,7574.0,6,0,1,0,2.0,0
0.1613,42,0,1.0408,11722.0,6,0,0,0,0.0,0
0.0944,67,0,0.1635,8535.0,6,0,1,0,0.0,0
0.8456,29,0,0.9563,16396.0,4,0,1,0,2.0,0
0.0349,55,0,0.5018,,10,0,0,0,0.0,0
0.7875,51,0,0.6424,2259.0,11,0,1,0,3.0,0
1.9711,70,0,0.1018,2144.0,10,0,0,0,0.0,0
3.1051,72,0,0.3034,6334.0,9,0,1,0,0.0,0
0.3067,39,0,0.621,9420.0,6,0,1,0,0.0,0
0.4426,54,0,0.5082,6553.0,7,0,1,0,2.0,0
0.0416,44,0,0.1307,,13,0,2,0,0.0,0
0.7943,48,0,0.6619,10558.0,7,0,2,0,1.0,0
0.3697,61,0,0.2098,7153.0,9,0,0,0,4.0,0
0.9673,47,0,0.0442,18109.0,12,0,3,0,0.0,0
0.5152,55,0,0.4754,3210.0,7,0,1,0,1.0,0
9.6563,65,0,0.879,7604.0,5,0,0,0,1.0,0
0.4718,73,0,0.4667,1868.0,5,0,1,0,1.0,0
0.208,56,0,0.8534,9230.0,2,0,1,0,0.0,0
0.0652,54,0,0.8714,7225.0,8,0,1,0,0.0,0
0.9679,36,0,0.5285,1636.0,5,0,1,0,1.0,0
1.0083,74,0,0.825,2423.0,9,0,0,0,1.0,0
0.0434,59,0,0.7122,4910.0,4,0,1,0,0.0,0
0.4561,54,0,0.1513,3272.0,9,0,1,0,1.0,0
0.6098,53,0,0.6503,,7,0,1,0,0.0,0
0.5994,57,0,0.8765,4016.0,4,0,3,0,1.0,0
0.7553,63,0,0.2971,8336.0,11,0,1,0,0.0,0
0.6843,65,0,0.6831,4373.0,6,0,1,0,0.0,0
0.7753,75,0,0.1424,2060.0,14,0,2,0,1.0,1
0.0366,55,0,0.1181,9079.0,10,0,1,0,0.0,0
1.0144,77,0,0.0695,1648.0,8,0,1,0,2.0,1
0.3068,67,0,0.341,8060.0,13,0,1,0,0.0,0
5.3312,51,0,0.2752,3681.0,16,0,1,0,1.0,0
0.3345,29,0,0.6849,,6,0,1,0,0.0,0
0.5769,53,0,1.0625,4966.0,3,0,2,0,2.0,1
0.6382,74,0,0.2868,11791.0,7,0,0,0,2.0,0
0.4057,41,0,0.6467,6091.0,7,0,1,0,0.0,0
0.1939,53,0,0.3037,3111.0,8,0,1,0,1.0,0
2.7833,54,0,0.7724,15875.0,11,0,1,0,1.0,0
0.3022,65,0,0.7241,2957.0,10,0,1,0,1.0,0
0.4329,47,0,0.6714,6198.0,6,0,0,0,1.0,0
0.3308,40,0,0.4602,3968.0,3,0,1,0,,0
0.3978,60,0,1.0061,,5,0,0,0,1.0,0
2.8147,42,0,0.9048,14154.0,6,0,0,0,2.0,0
0.5091,26,0,0.6139,5640.0,9,0,1,0,0.0,0
0.6938,78,0,0.5364,,9,0,0,0,0.0,1
0.0777,65,0,0.323,6789.0,6,0,0,0,3.0,0
0.4079,78,0,0.7919,5103.0,7,0,1,0,,0
0.0682,64,0,0.1506,5226.0,10,0,2,0,0.0,0
0.5846,62,0,0.9073,1895.0,7,0,1,0,1.0,0
0.7186,57,0,0.2241,8542.0,9,0,1,0,1.0,0
0.4164,49,0,0.4024,,13,0,1,0,0.0,0
0.0005,59,0,0.4499,2653.0,5,0,2,0,1.0,0
0.2698,44,0,0.6209,,7,0,1,0,0.0,0
0.6676,37,0,0.0872,,6,0,0,0,0.0,0
0.2015,47,0,0.4239,7098.0,5,0,1,0,1.0,0
0.1341,70,0,0.3404,1464.0,4,0,4,0,1.0,0
0.0494,35,0,1.0511,1041.0,9,0,0,0,0.0,0
0.6204,35,0,0.5992,7962.0,4,0,0,0,2.0,0
0.5199,60,0,0.3322,5521.0,8,0,3,0,1.0,1
0.4131,46,0,0.8886,5773.0,2,0,1,0,,0
0.4714,59,0,0.7785,7025.0,5,0,1,0,0.0,0
0.1588,66,0,0.8172,6109.0,6,0,1,0,2.0,0
0.2431,58,0,0.5447,9552.0,7,0,0,0,0.0,0
0.0305,43,0,0.426,5458.0,9,0,1,0,0.0,0
0.1491,70,0,0.2204,,7,0,2,0,0.0,0
0.2457,62,0,0.5069,8900.0,10,0,1,0,1.0,0
0.9114,52,0,0.4325,,10,0,0,0,1.0,0
0.3878,52,0,1.0209,,9,0,0,0,2.0,0
5.7699,57,0,0.5161,12768.0,8,0,0,0,0.0,0
0.4015,48,0,0.2327,4620.0,13,0,1,0,1.0,0
0.0049,29,0,0.5298,,4,0,1,0,2.0,0
0.3051,63,0,0.441,3291.0,16,0,1,0,2.0,0
0.0897,62,0,0.9016,,7,0,1,0,0.0,0
1.4984,21,0,0.3889,4154.0,6,0,2,0,0.0,1
0.4744,59,0,0.7421,5199.0,10,0,1,0,1.0,1
0.3514,77,0,0.3317,6604.0,9,0,1,0,0.0,0
0.0499,36,0,0.1556,4813.0,9,0,0,0,3.0,0
0.0192,51,0,0.3926,7482.0,11,0,0,0,1.0,0
0.7451,49,0,1.1517,1231.0,8,0,0,0,0.0,0
5.3353,75,0,0.1339,8984.0,13,0,0,0,0.0,1
0.8192,68,0,0.5844,6297.0,11,0,1,0,,0
0.3706,40,0,0.1573,5641.0,13,0,2,0,0.0,0
0.4652,57,0,0.3601,5423.0,8,0,1,0,1.0,0
0.5477,84,0,0.7628,5476.0,8,0,1,0,0.0,0
0.2386,43,0,0.7158,8980.0,9,0,2,0,0.0,0
0.1366,52,0,0.2329,3271.0,6,0,0,0,2.0,0
0.4391,59,0,0.7119,,11,0,1,0,1.0,0
0.2471,43,0,0.1027,2463.0,4,0,2,0,0.0,0
0.0183,77,0,0.5713,4314.0,7,0,0,0,3.0,0
0.7222,45,0,0.257,3272.0,6,0,3,0,0.0,0
0.0139,33,0,0.8012,5149.0,8,0,3,0,0.0,0
0.2657,45,0,0.4487,,4,0,2,0,0.0,0
0.4133,61,0,0.3869,10440.0,8,0,1,0,0.0,0
0.4584,41,0,0.5609,7878.0,4,0,0,0,3.0,0
0.4816,56,1,0.2214,5903.0,5,0,1,0,0.0,0
0.0796,60,0,0.5839,6067.0,3,0,2,0,0.0,0
0.7346,35,0,0.3245,,10,0,5,0,2.0,0
0.5745,44,0,0.7794,2488.0,9,0,0,0,1.0,0
0.3623,57,0,0.3256,6130.0,8,0,0,0,1.0,0
0.328,62,0,0.209,3684.0,17,0,1,0,0.0,0
0.384,44,0,0.2766,,8,0,0,0,2.0,0
0.3503,54,0,0.0302,5260.0,9,0,3,0,0.0,0
0.2723,48,3,0.4261,4227.0,12,0,1,0,2.0,0
0.3369,62,0,0.4247,,7,0,0,0,0.0,0
0.3486,59,0,0.7857,4936.0,6,0,2,0,0.0,0
0.022,47,0,0.4228,4208.0,16,0,0,0,0.0,0
1.0657,59,0,0.5241,6582.0,6,0,0,0,1.0,0
0.2879,46,0,0.4043,4669.0,10,0,0,0,1.0,0
0.3482,58,0,0.4121,4748.0,12,0,1,0,1.0,0
0.101,59,0,0.4159,3769.0,6,0,2,0,3.0,0
0.3304,85,0,0.4253,4152.0,8,0,1,0,1.0,0
0.1513,47,0,0.0775,7611.0,11,0,1,0,0.0,0
0.0591,50,0,0.621,3694.0,6,0,2,0,0.0,0
0.5685,43,0,0.2535,,8,0,0,0,,0
0.2179,38,0,0.3172,2719.0,7,0,0,0,0.0,0
0.0094,46,0,0.6604,6870.0,8,0,3,0,1.0,0
1.4305,61,2,0.3062,,8,0,4,1,0.0,0
0.9301,62,0,0.4777,5405.0,6,0,1,0,1.0,0
1.094,56,0,0.3763,4381.0,4,0,0,0,0.0,0
0.0273,48,0,0.2523,,12,0,1,0,0.0,0
2.3949,45,0,0.068,6414.0,10,0,2,0,2.0,0
1.4081,39,0,0.2071,,13,0,1,0,0.0,0
0.0158,44,0,0.4576,9885.0,2,0,0,0,3.0,0
0.8691,34,0,0.3222,6053.0,6,0,0,0,0.0,0
3.7401,71,0,0.3548,6990.0,5,0,0,0,0.0,0
0.5429,78,0,0.2843,6642.0,6,0,1,0,0.0,0
0.4075,25,2,0.506,3620.0,5,1,2,0,2.0,0
0.4628,56,0,0.4684,2275.0,4,0,1,0,1.0,0
0.2387,56,0,1.23,4376.0,7,0,1,0,0.0,0
0.8909,55,0,0.5205,6818.0,7,0,0,0,1.0,0
0.0581,44,0,0.1394,,10,0,1,0,0.0,0
0.1955,66,0,0.2239,3590.0,8,0,1,0,1.0,0
0.6708,58,0,0.2449,5772.0,13,0,0,0,0.0,0
0.3081,66,0,0.2397,3698.0,8,0,0,0,1.0,0
0.0159,42,0,0.4929,4309.0,3,0,0,0,1.0,0
0.0198,33,0,0.8962,2924.0,11,0,0,0,0.0,0
0.1171,58,0,0.1715,6760.0,11,0,2,0,2.0,0
0.3123,39,0,0.709,,3,0,3,0,2.0,0
0.3209,67,0,0.5631,2601.0,6,0,0,0,0.0,0
0.3519,22,0,0.7447,,12,0,2,0,0.0,0
1.2046,45,0,0.4438,,11,0,1,0,0.0,0
0.5545,43,0,0.4232,7445.0,10,0,0,0,1.0,0
8.2622,47,0,0.617,17636.0,9,0,3,0,0.0,0
0.4249,56,0,1.0924,13502.0,3,0,0,0,1.0,0
0.213,58,0,0.5796,2907.0,12,0,1,0,1.0,0
0.2944,61,0,0.5317,4881.0,8,0,0,0,1.0,0
0.7672,63,0,0.2843,18929.0,8,0,0,0,1.0,0
0.6936,50,0,0.1461,,11,0,2,0,0.0,0
2.3838,82,0,0.7001,5652.0,9,0,1,0,2.0,0
0.6026,71,0,0.9296,8764.0,12,0,1,0,0.0,0
0.4652,48,0,0.2465,,13,0,0,0,1.0,0
0.5233,50,0,0.6503,3804.0,9,0,1,0,3.0,0
0.2313,47,0,0.4738,7075.0,6,0,1,0,1.0,0
0.2105,57,0,0.4936,10008.0,11,0,0,0,0.0,0
0.6233,38,0,0.9063,,5,0,3,0,0.0,0
0.2738,41,0,0.2264,2293.0,8,0,3,0,0.0,0
0.2239,22,0,0.6791,8189.0,7,0,0,0,0.0,0
0.6633,46,0,0.4648,,6,0,0,0,2.0,0
0.1673,67,0,0.5173,3532.0,9,0,1,0,1.0,0
0.5496,50,0,0.3174,,9,0,1,0,0.0,0
0.6047,51,0,0.3915,,6,0,3,0,0.0,0
0.533,56,0,0.8582,,11,0,0,0,0.0,0
0.7777,38,0,0.4618,,4,0,1,0,0.0,0
0.6565,52,0,0.0836,2496.0,6,0,1,0,2.0,1
0.1578,64,0,0.4585,8432.0,11,0,1,0,1.0,0
0.1236,56,0,0.5546,2024.0,6,0,1,0,4.0,0
0.3088,66,0,0.1471,7013.0,7,0,1,0,0.0,0
0.7388,70,0,0.6417,7786.0,5,0,0,0,1.0,0
0.1022,61,0,0.5091,16943.0,12,0,1,0,0.0,0
1.7441,42,0,0.3011,5187.0,11,0,1,0,1.0,0
0.4015,47,0,0.865,3852.0,12,0,0,0,,0
0.2764,79,0,0.6017,6828.0,8,0,0,0,1.0,0
0.3955,56,0,0.8391,,8,0,0,0,1.0,0
0.675,55,0,0.3409,6281.0,2,0,1,0,2.0,0
0.7674,40,0,0.6687,10665.0,9,0,2,0,2.0,0
0.6622,51,0,0.1893,,6,0,1,0,0.0,0
1.7218,62,0,0.8361,,4,0,0,0,0.0,1
0.2958,52,0,0.7037,8295.0,5,0,3,0,3.0,0
0.369,45,0,0.5485,,8,0,2,0,1.0,0
0.4392,48,0,0.9211,7404.0,6,0,0,0,0.0,0
0.697,69,0,0.0302,6111.0,7,0,0,0,1.0,0
0.3098,61,0,0.3185,14912.0,5,0,4,0,1.0,0
0.5589,59,0,0.1877,2464.0,4,0,0,0,,0
0.2134,58,0,0.2482,12304.0,7,0,2,0,0.0,0
0.4714,35,0,0.5017,3903.0,12,0,1,0,0.0,0
0.0169,56,0,0.5724,,9,1,1,2,2.0,0
0.1469,67,0,0.2101,,2,0,1,0,2.0,0
0.4896,48,0,0.9894,6928.0,7,0,2,0,1.0,0
0.4828,66,0,0.6679,6273.0,9,0,1,0,0.0,0
5.4301,60,0,0.5839,5695.0,5,0,0,0,1.0,0
1.4873,64,0,0.0518,8014.0,13,0,1,0,1.0,0
0.047,53,0,0.3045,,7,0,1,0,2.0,0
0.4632,64,0,0.532,,5,0,0,0,1.0,0
0.3635,31,0,0.1384,37336.0,9,0,0,0,0.0,1
1.0373,52,0,0.3061,,4,0,2,0,1.0,0
0.1608,62,0,0.4321,,6,0,1,0,1.0,0
0.6629,56,0,0.2719,,5,0,1,0,0.0,0
0.6065,67,0,0.7387,11755.0,8,0,1,0,0.0,0
0.0455,50,0,0.4024,3232.0,6,0,2,0,3.0,0
0.1766,44,0,0.6215,,7,0,3,0,0.0,0
0.4377,29,0,0.4308,,7,0,1,0,0.0,0
0.1652,48,0,0.2861,4772.0,6,0,3,0,1.0,0
0.2603,59,0,0.5072,19275.0,13,0,1,0,1.0,0
2.8613,63,0,0.627,9695.0,8,0,1,0,2.0,0
0.1211,32,0,0.3801,6100.0,9,0,0,0,3.0,0
4.5798,68,0,0.5372,8829.0,5,0,2,0,,0
0.8267,38,0,0.1809,,14,0,0,0,1.0,0
4.5468,50,0,0.3432,4488.0,9,0,1,0,1.0,0
0.4315,44,0,0.5016,6219.0,7,1,2,0,1.0,0
0.3181,58,0,0.9787,5152.0,7,0,1,0,0.0,0
0.1149,53,0,0.3327,,8,0,0,0,1.0,0
3.4497,61,1,0.1707,2383.0,5,0,2,0,0.0,0
0.1543,78,0,1.0368,5913.0,5,0,2,0,3.0,0
0.3461,58,0,0.1118,9378.0,5,0,1,0,2.0,0
0.4196,44,0,0.2804,2007.0,7,0,2,0,1.0,0
0.1887,58,0,0.2522,6907.0,10,0,0,0,0.0,0
0.6875,79,0,0.721,10360.0,13,0,2,0,0.0,0
0.5521,61,0,0.9469,,6,0,1,0,1.0,0
0.4543,65,0,1.1742,3969.0,12,0,3,0,0.0,0
1.2669,30,0,0.9453,4634.0,6,0,1,0,0.0,0
0.6745,57,0,0.5986,17613.0,15,0,1,0,2.0,0
0.6514,48,0,0.7284,3460.0,12,0,1,0,0.0,0
0.1895,42,0,0.9809,3442.0,5,0,0,0,0.0,0
0.2596,52,0,0.7116,,8,0,1,0,2.0,0
0.4549,54,0,0.991,5572.0,7,0,4,0,3.0,0
2.2448,43,1,0.2511,23147.0,8,0,1,0,1.0,0
0.4686,55,0,1.1163,10513.0,9,0,3,0,0.0,0
0.3197,50,0,0.3352,19280.0,9,0,3,0,0.0,0
0.2802,62,0,0.4765,,13,0,0,0,0.0,0
1.8171,55,0,0.6162,,9,0,0,0,1.0,1
0.1652,57,0,0.3075,,7,0,0,0,1.0,0
0.3243,66,0,0.557,5798.0,6,0,1,0,0.0,0
0.7749,60,0,0.5771,9163.0,5,0,2,0,0.0,0
2.6927,52,0,0.4385,3621.0,7,0,0,0,1.0,0
0.0466,23,0,0.5176,5371.0,6,0,1,0,0.0,0
0.3064,59,0,0.8464,3201.0,8,0,0,0,1.0,0
0.8855,39,0,0.3353,,4,0,0,0,0.0,0
0.3383,51,0,0.2019,13665.0,6,0,1,0,1.0,0
0.1326,57,0,0.2412,,2,0,0,0,1.0,0
0.386,71,0,0.2034,,10,0,0,0,0.0,0
0.6242,78,0,0.6124,3047.0,7,0,1,0,2.0,0
0.146,39,0,0.3761,3368.0,9,0,1,0,1.0,0
0.2035,34,0,0.7711,5274.0,5,0,3,0,,0
0.348,57,0,0.7451,,10,0,2,0,1.0,0
0.709,55,0,0.6269,3491.0,12,0,0,0,,0
0.299,35,0,0.8829,5711.0,6,0,2,0,1.0,0
0.5167,52,0,0.4812,4322.0,10,0,1,0,0.0,0
0.0631,60,0,0.8326,11196.0,8,0,1,0,1.0,0
0.3273,35,0,0.6731,3134.0,13,0,2,0,2.0,0
0.7669,38,0,0.7139,,10,0,0,0,0.0,0
0.0069,43,0,0.5364,4376.0,6,0,1,0,1.0,0
0.691,49,0,1.1877,1945.0,11,0,2,0,1.0,0
0.6387,62,0,0.7377,3546.0,10,0,1,0,0.0,0
0.5401,47,0,0.6862,5862.0,8,0,1,0,2.0,0
1.0934,53,0,0.1383,17951.0,9,0,0,0,1.0,0
0.0236,83,0,0.4616,,7,0,0,0,0.0,0
0.2623,39,0,0.471,4388.0,10,0,0,0,0.0,0
0.4397,43,0,0.3358,4468.0,7,0,0,0,0.0,0
0.1014,61,0,0.8024,5487.0,7,0,1,0,0.0,0
0.1678,66,0,1.0573,4136.0,10,0,0,0,2.0,0
1.5285,58,0,0.5691,7821.0,10,0,2,0,2.0,0
0.6297,77,0,1.6238,,5,0,0,0,0.0,1
0.1245,56,0,0.5429,,12,0,1,0,0.0,0
0.0143,24,0,0.657,2194.0,8,0,1,0,4.0,0
0.0245,53,0,0.5185,1413.0,6,0,1,0,1.0,0
0.435,44,0,0.5629,12102.0,6,0,3,0,0.0,0
1.0219,71,0,0.5598,2480.0,5,0,0,0,4.0,0
0.0365,66,0,0.2323,8763.0,8,0,1,0,2.0,0
0.0845,30,0,0.3431,4296.0,5,0,1,0,1.0,0
0.2369,71,0,0.2929,7902.0,7,0,2,0,1.0,0
0.6337,65,0,0.0622,,4,0,2,0,0.0,0
0.0629,47,0,1.1724,10535.0,11,0,0,0,0.0,0
0.8478,51,0,0.422,5862.0,7,0,3,0,1.0,0
1.1197,71,0,1.2656,3912.0,5,0,0,0,1.0,1
0.5642,24,0,0.5405,,6,0,0,0,2.0,0
0.0075,58,0,0.2641,3806.0,9,0,0,0,2.0,0
0.4105,67,0,0.3361,3724.0,10,0,0,0,0.0,0
0.5128,51,0,0.277,9753.0,6,0,0,0,1.0,0
0.3969,61,0,0.5412,3443.0,6,0,2,0,0.0,0
1.2817,53,0,0.2154,5335.0,10,1,0,1,1.0,0
0.6837,41,0,0.2267,7880.0,15,0,2,0,0.0,0
0.848,41,2,0.4815,,6,0,2,0,2.0,0
0.8371,62,0,0.5861,10118.0,11,0,3,0,1.0,0
0.285,43,0,0.2237,,8,0,2,0,1.0,0
0.6691,31,0,0.2487,2204.0,6,0,2,0,2.0,0
0.158,54,0,0.2341,7652.0,5,0,0,0,0.0,0
0.0629,45,0,0.2394,20016.0,8,0,1,0,0.0,0
0.7174,35,0,0.7825,5209.0,6,0,0,0,1.0,0
0.107,53,0,0.1788,4731.0,9,0,0,0,1.0,0
0.3518,63,0,0.1428,,12,0,2,0,0.0,0
0.4915,52,0,0.965,5437.0,10,0,0,0,2.0,0
3.7113,37,0,0.7574,4731.0,7,1,2,0,0.0,0
0.1369,59,1,0.1174,2798.0,6,0,1,0,0.0,0
1.595,66,0,0.5214,6735.0,9,0,3,0,0.0,0
0.7381,83,0,0.9276,2058.0,8,0,0,0,3.0,0
0.7672,72,0,0.5259,4322.0,10,0,1,0,1.0,0
0.9525,38,0,0.4945,7333.0,12,0,2,0,1.0,0
0.0522,64,0,0.4978,9625.0,9,0,1,0,0.0,0
0.446,56,0,0.2556,,7,0,0,0,0.0,0
0.0795,36,0,0.7505,1511.0,8,0,1,0,2.0,0
0.0448,56,0,0.7351,5412.0,8,0,0,0,2.0,0
0.6995,79,0,0.273,7856.0,4,0,0,0,1.0,0
0.4041,69,0,0.3606,5476.0,6,0,2,0,0.0,0
0.7419,38,0,0.7703,5549.0,4,0,0,0,1.0,0
0.2498,52,0,0.3525,5992.0,7,0,2,0,1.0,0
0.2631,59,0,0.8131,4466.0,7,0,3,0,2.0,0
0.3265,28,0,0.1405,3846.0,15,0,1,0,,1
0.6703,28,0,0.2623,,12,0,0,0,1.0,0
0.75,54,0,0.2424,4015.0,7,0,3,0,1.0,0
0.7791,54,0,1.2026,3888.0,10,0,2,0,0.0,1
0.3279,26,0,0.3645,6465.0,9,0,1,0,2.0,0
1.0667,57,0,0.421,4041.0,12,0,2,0,1.0,0
1.4459,67,0,0.6291,9982.0,3,0,2,0,1.0,0
1.8233,49,0,0.8282,8059.0,10,0,0,0,0.0,0
0.2123,53,0,1.0713,11431.0,1,0,2,0,1.0,0
0.9668,60,0,0.6994,12437.0,9,0,2,0,1.0,0
1.1636,58,0,1.0924,2946.0,11,0,2,0,0.0,0
2.0302,29,0,0.5563,,11,0,3,0,0.0,1
0.2734,39,0,0.155,4167.0,7,0,2,0,2.0,0
0.8598,46,0,0.5006,,9,0,3,0,0.0,1
1.5122,40,1,0.1596,9063.0,9,0,2,0,0.0,0
0.3386,73,0,0.3488,14973.0,3,0,1,0,0.0,0
2.9736,61,0,0.0843,5433.0,6,0,0,0,1.0,1
0.7513,36,0,0.5849,1594.0,10,0,0,0,0.0,0
0.345,49,0,0.4448,3784.0,5,0,1,0,0.0,0
0.0916,68,0,0.2872,,13,0,2,0,1.0,0
0.4653,43,0,0.5772,,5,0,2,0,1.0,0
2.127,64,0,0.2009,2574.0,1,0,0,0,1.0,0
0.6861,71,0,0.8347,4934.0,6,0,0,0,1.0,0
0.7483,69,0,0.1968,3965.0,5,0,2,0,1.0,0
0.8104,55,1,0.1727,18915.0,14,1,3,0,,0
0.2018,70,0,0.9599,3813.0,7,0,0,0,0.0,0
0.2023,45,0,0.2234,6961.0,15,0,1,0,2.0,0
0.4492,87,0,0.4546,,8,0,1,0,1.0,0
0.1937,55,0,0.5063,4509.0,5,0,0,0,0.0,0
0.6757,68,0,0.0465,5508.0,9,0,1,0,0.0,0
0.1265,47,0,0.6081,3533.0,9,0,1,0,1.0,0
0.1951,59,0,0.6952,6633.0,12,0,1,0,0.0,0
0.7952,60,0,0.328,3705.0,5,0,1,0,0.0,0
0.2413,39,1,0.8576,4968.0,6,0,1,0,1.0,0
1.3365,39,0,0.4004,2950.0,11,0,0,0,0.0,0
0.946,49,0,0.2855,9705.0,8,0,0,0,0.0,0
0.2883,67,0,1.1248,5450.0,10,0,1,0,0.0,0
0.5875,26,0,0.9336,3167.0,7,0,0,0,0.0,1
0.1456,47,0,0.6375,13593.0,5,0,3,0,3.0,0
0.4064,70,0,0.0853,4012.0,9,0,0,0,1.0,0
4.8861,35,0,0.4428,1152.0,5,0,2,0,1.0,0
0.0265,70,0,0.7139,3046.0,8,0,0,0,0.0,0
0.1112,36,0,0.867,,14,0,1,0,1.0,0
0.5207,39,0,0.4632,8501.0,8,0,1,0,1.0,0
0.2636,50,0,0.2097,6001.0,9,0,1,0,0.0,0
0.0606,78,0,0.2853,10771.0,4,0,1,0,0.0,0
0.2825,43,0,0.3764,,9,0,0,0,1.0,0
0.5992,28,0,0.219,,7,0,1,0,1.0,1
0.4361,32,0,0.4512,1688.0,7,0,1,0,1.0,0
0.1877,65,0,0.1099,,10,0,1,0,0.0,0
0.4863,33,0,0.3276,,5,0,0,0,1.0,0
0.135,69,0,0.1257,9342.0,9,0,0,0,0.0,0
0.8827,53,0,0.1331,2179.0,10,0,1,0,1.0,0
0.2555,52,0,0.4826,7285.0,7,0,1,0,2.0,0
5.1369,56,0,0.326,,7,0,1,0,1.0,0
2.9458,41,0,0.3066,6946.0,14,0,1,0,0.0,0
0.2864,54,0,0.7339,4536.0,9,0,2,0,0.0,0
0.1635,35,0,0.2439,39464.0,10,0,0,0,0.0,0
5.8898,71,0,0.2387,7110.0,7,0,0,0,0.0,0
2.3037,38,0,0.949,5588.0,9,0,0,0,0.0,0
0.4472,58,2,0.613,3061.0,11,0,1,0,0.0,0
4.2222,38,0,0.3058,,6,0,2,0,1.0,0
0.1973,45,0,0.8709,3527.0,7,0,2,0,1.0,0
0.0667,47,0,0.4979,1879.0,7,0,1,0,0.0,0
0.4663,94,0,0.7021,3262.0,8,0,0,0,0.0,0
0.3528,52,0,0.4399,4580.0,9,0,0,0,1.0,0
1.1466,40,0,0.7456,4801.0,11,0,3,0,1.0,1
0.4962,46,0,0.6285,4337.0,6,0,2,0,2.0,0
0.8843,31,0,0.8489,2818.0,6,0,1,0,0.0,0
0.7624,50,0,0.2594,,9,0,0,0,0.0,0
0.1972,78,0,0.2806,4762.0,7,0,1,0,0.0,0
0.1075,57,0,0.5574,4645.0,7,0,0,0,1.0,0
0.2944,65,0,0.1844,5173.0,7,0,0,0,0.0,0
0.5853,39,0,0.2423,4158.0,9,0,1,0,0.0,0
0.4712,49,0,0.5168,,16,0,2,0,1.0,0
0.3548,55,0,0.3382,15069.0,8,0,1,0,1.0,0
0.0115,42,0,0.4434,12869.0,7,0,1,0,4.0,0
0.2972,58,0,0.6623,,6,0,2,0,0.0,0
0.6134,61,0,0.5547,,13,0,3,0,2.0,0
0.215,60,0,0.784,7094.0,5,0,1,0,1.0,0
0.9136,50,2,0.7608,2392.0,8,0,1,0,1.0,0
0.224,67,0,0.5689,,8,0,0,0,1.0,0
13.9585,48,1,0.6973,8407.0,10,0,0,0,0.0,0
0.0586,47,0,0.7507,,3,0,1,0,1.0,0
2.4722,72,0,0.3737,3271.0,11,0,1,0,0.0,0
0.1791,37,0,0.33,1813.0,13,0,0,0,0.0,0
2.2831,28,0,0.5016,,8,0,2,0,1.0,1
1.3422,40,0,0.4881,4215.0,8,0,1,0,,0
0.24,57,0,0.5913,4965.0,8,0,0,0,0.0,0
0.6944,70,0,0.6318,,7,0,2,0,1.0,1
0.3123,43,0,0.3263,1964.0,5,0,1,0,3.0,0
0.0562,77,0,0.2114,7548.0,10,0,0,0,3.0,0
0.9006,52,0,0.4331,15822.0,9,0,2,0,0.0,0
0.3446,50,0,0.3699,4879.0,3,0,1,0,1.0,0
0.2501,40,1,1.1168,,12,0,1,0,1.0,0
0.0943,79,0,0.0555,4557.0,11,0,1,0,1.0,0
0.1263,50,0,0.4675,,8,0,2,0,1.0,0
3.9822,33,3,0.2742,3059.0,8,0,1,0,0.0,0
0.1214,86,0,0.8312,1984.0,9,0,0,0,1.0,0
0.3542,58,0,0.4489,10099.0,10,0,1,0,1.0,0
3.1978,63,0,0.5056,7319.0,10,0,0,0,2.0,0
0.3213,76,0,0.6666,9519.0,4,0,0,0,2.0,0
1.9168,61,0,0.4787,11918.0,7,0,0,0,3.0,0
10.4056,66,0,1.2042,6271.0,5,0,2,0,1.0,0
0.0208,53,0,0.6008,,17,0,0,0,0.0,0
0.51,62,0,0.916,,12,0,0,0,0.0,0
0.7801,52,0,0.8066,24192.0,7,0,0,0,1.0,0
0.0015,52,0,0.5391,5604.0,8,0,2,0,2.0,0
0.412,54,0,0.6468,4037.0,12,0,0,0,0.0,0
0.2763,46,0,0.4138,5617.0,5,0,0,0,0.0,0
1.2268,59,0,0.2301,6051.0,3,0,0,0,1.0,0
0.1853,59,0,1.1093,4785.0,11,0,1,0,0.0,0
0.1118,63,0,0.6328,,11,0,1,0,1.0,0
1.0539,61,0,0.2974,7215.0,8,0,1,0,1.0,0
0.1844,80,0,0.1824,20279.0,9,0,1,0,1.0,1
0.1063,67,0,0.3396,5999.0,6,0,0,0,2.0,0
0.4161,49,2,0.2422,3450.0,9,0,3,1,,0
0.2581,58,0,0.4424,3505.0,11,0,2,0,1.0,0
0.2018,72,0,0.243,,7,0,1,0,0.0,0
0.2196,39,0,0.2598,4341.0,12,0,2,0,1.0,0
0.9302,80,0,0.5514,3040.0,6,0,2,0,1.0,0
0.3859,41,0,0.4295,,10,0,2,0,2.0,0
0.6932,65,0,1.0686,11206.0,9,0,1,0,0.0,0
0.4861,52,0,0.2006,2963.0,15,0,1,0,0.0,0
1.1292,51,0,0.5171,4168.0,8,0,0,0,1.0,0
0.5169,34,0,0.5937,16101.0,9,0,0,0,1.0,0
0.3847,65,0,0.5893,17002.0,9,0,2,0,1.0,0
0.1939,34,0,0.7773,4947.0,6,0,0,0,0.0,0
3.5873,32,1,0.2976,7201.0,8,0,2,1,2.0,0
0.1957,68,0,0.0488,3803.0,6,0,0,0,0.0,0
0.1923,77,1,0.8574,8702.0,11,0,0,1,0.0,0
0.7418,43,0,0.1074,11482.0,6,0,0,0,0.0,0
0.4953,66,0,0.8002,5393.0,10,0,1,0,0.0,0
0.201,63,0,0.321,5688.0,9,0,1,0,0.0,0
1.7014,51,0,0.7279,4238.0,7,0,0,0,,0
1.9439,71,0,0.6934,8830.0,11,0,3,0,0.0,0
5.5673,50,0,0.3334,6554.0,5,0,1,0,0.0,0
0.4468,59,0,0.2078,4660.0,6,0,1,0,0.0,0
0.2292,34,0,0.1049,13371.0,15,0,1,0,2.0,0
0.1348,35,0,0.8986,4957.0,11,0,0,0,1.0,0
0.7096,68,0,0.9393,4571.0,10,0,2,0,0.0,0
0.6864,60,0,0.1609,5536.0,16,0,0,0,0.0,0
0.1557,50,0,0.89,6864.0,14,0,0,0,2.0,0
1.6636,79,0,0.7561,,7,0,0,0,2.0,1
0.0304,79,0,0.5092,8765.0,6,0,0,0,0.0,0
0.2892,58,0,0.1264,,10,0,2,0,1.0,0
5.0918,32,0,0.4786,6532.0,9,0,2,0,0.0,0
0.2611,50,0,0.7659,8142.0,6,0,1,0,0.0,0
0.1802,40,0,0.0614,4384.0,4,0,2,0,0.0,0
0.0108,53,0,0.5572,3818.0,6,0,0,0,1.0,0
0.2939,39,0,0.2978,2859.0,13,0,1,0,2.0,0
0.2565,35,0,0.4588,,8,0,0,0,3.0,0
0.0582,21,0,0.5307,16556.0,9,0,0,0,4.0,0
0.622,54,0,0.7262,7139.0,7,0,0,0,0.0,0
1.5319,21,0,0.7737,7671.0,7,0,2,0,2.0,0
0.7941,48,0,0.7699,,10,0,1,0,1.0,0
0.8559,62,0,0.737,3856.0,5,0,1,0,0.0,0
0.0872,42,0,0.1011,4264.0,8,0,0,0,0.0,0
0.9008,37,0,0.5913,3886.0,9,0,0,0,1.0,0
0.3879,51,0,0.3185,2550.0,9,0,1,0,0.0,0
0.7786,40,0,1.014,10474.0,9,0,1,0,0.0,0
0.3889,55,0,0.172,10353.0,11,0,1,0,0.0,0
2.4723,38,0,0.382,2492.0,7,0,0,0,0.0,0
0.2135,51,0,0.334,,10,0,3,0,1.0,0
0.6176,47,0,0.5078,4493.0,6,0,0,0,1.0,0
0.4914,52,0,0.328,2083.0,5,0,1,0,0.0,0
2.3343,75,0,0.5331,7360.0,8,0,1,0,0.0,0
0.5841,55,0,0.4552,4464.0,4,0,1,0,2.0,0
0.145,59,0,0.6646,7939.0,10,0,1,0,0.0,0
0.2561,43,0,0.4271,4930.0,14,0,3,0,1.0,0
0.9811,55,0,0.2002,1234.0,11,0,0,0,0.0,0
0.8237,48,2,0.3282,17303.0,9,2,2,0,1.0,0
1.0352,52,0,0.4762,6337.0,9,0,1,1,1.0,0
0.1994,61,0,0.7744,6805.0,5,0,2,0,0.0,0
0.7118,45,0,0.368,,8,0,0,0,0.0,0
0.1829,46,0,0.4106,2195.0,9,0,2,0,1.0,0
0.143,45,0,0.3011,13577.0,8,0,0,0,1.0,0
2.326,45,0,0.2527,7031.0,4,0,0,0,0.0,0
0.2322,54,0,0.2963,,12,0,1,0,1.0,0
0.2581,47,0,0.9615,2789.0,7,0,1,0,0.0,0
0.0582,73,3,0.631,7173.0,9,1,1,0,1.0,0
0.0558,90,0,0.7475,,5,0,1,0,1.0,0
0.0789,44,0,0.201,3626.0,6,0,0,0,0.0,0
0.2308,56,0,0.2675,1690.0,10,0,2,0,1.0,0
1.3406,67,0,0.5639,,9,0,0,0,0.0,0
0.2925,48,0,0.4262,17969.0,9,0,1,0,0.0,0
0.2787,38,0,0.2563,5047.0,7,0,0,0,0.0,0
0.4919,76,0,0.9976,8666.0,7,0,1,0,0.0,0
0.1886,62,0,0.7401,5325.0,9,0,1,0,2.0,0
2.0563,56,0,0.7348,3699.0,9,0,1,0,1.0,0
2.0548,72,0,0.5758,,10,0,0,0,0.0,1
0.0752,63,0,0.5696,12185.0,8,0,0,0,1.0,0
0.0111,51,0,0.7096,2748.0,3,0,4,0,2.0,0
0.5938,38,0,0.6611,6580.0,14,0,0,0,1.0,0
0.0265,45,0,0.7426,6065.0,6,0,1,0,1.0,0
0.7899,69,2,0.8557,,9,0,1,1,0.0,0
0.1428,62,0,0.5198,2508.0,9,0,1,0,2.0,0
0.1154,49,0,0.5744,4204.0,8,0,1,0,1.0,0
0.1082,77,0,0.269,13522.0,7,0,1,0,0.0,0
0.0167,50,0,0.855,,6,0,1,0,0.0,0
0.3878,66,0,0.087,1851.0,11,0,0,0,1.0,0
0.7177,55,0,0.2583,3966.0,9,0,0,0,0.0,0
0.0051,79,0,0.6554,3043.0,8,0,3,0,2.0,0
0.5577,63,0,0.1506,9618.0,7,0,1,0,2.0,0
2.1783,53,0,0.7816,2465.0,9,0,2,0,1.0,0
0.3746,49,0,1.1255,2196.0,9,0,1,0,1.0,0
0.507,52,0,0.5051,2334.0,5,0,1,0,2.0,0
0.3846,42,0,0.3964,2088.0,8,0,0,0,1.0,0
0.0542,33,0,0.836,,14,0,1,0,0.0,0
0.2977,56,0,0.216,4274.0,14,0,1,0,2.0,0
0.5158,45,0,0.8066,,8,0,0,0,,0
0.0267,44,0,0.8312,2746.0,9,0,2,0,0.0,0
0.1741,51,0,0.401,5165.0,6,0,3,0,0.0,0
0.5574,53,0,0.4194,14322.0,9,0,4,0,0.0,0
0.0784,52,0,0.6461,5195.0,12,0,1,0,0.0,0
0.4575,76,0,0.7192,6021.0,9,0,0,0,0.0,0
0.6879,61,0,0.107,15680.0,5,0,2,0,1.0,0
2.1866,82,0,1.0256,4008.0,4,0,1,0,0.0,1
1.6427,46,0,0.3637,5252.0,9,0,0,0,0.0,0
0.4084,63,0,0.4609,6971.0,9,0,0,0,0.0,0
0.0777,47,0,0.4623,4258.0,7,0,0,0,1.0,0
6.6144,44,0,0.6964,6088.0,6,0,3,0,0.0,0
0.6178,82,0,0.4124,13141.0,11,0,1,0,1.0,0
0.2366,41,0,0.4031,12869.0,9,0,1,0,2.0,0
0.6694,21,0,0.7354,3595.0,10,0,2,0,0.0,0
0.1177,42,1,0.1237,8878.0,3,0,0,0,0.0,0
2.2712,24,0,0.6566,6543.0,10,0,3,0,2.0,0
0.0174,39,0,0.417,10077.0,10,0,1,0,0.0,0
1.7218,40,1,0.6205,5934.0,4,0,2,0,0.0,0
0.4347,52,0,0.7993,1544.0,12,0,1,0,0.0,0
0.9628,23,0,0.7255,6079.0,8,0,3,0,2.0,0
0.6477,69,0,0.0706,13173.0,6,0,0,0,1.0,1
0.3288,26,0,0.5187,,9,0,2,0,0.0,0
0.1141,50,0,0.6113,15508.0,9,0,1,0,2.0,0
0.0627,47,0,0.3655,8432.0,11,0,1,0,1.0,0
0.1002,64,0,0.7975,5968.0,11,0,0,0,2.0,0
0.6389,57,0,0.9658,5133.0,9,0,0,0,0.0,1
1.8121,69,3,0.8276,2376.0,9,0,2,0,0.0,0
0.4423,47,0,0.4964,9595.0,6,0,1,0,3.0,0
0.7434,45,0,0.3763,4538.0,7,0,1,0,1.0,0
0.0449,58,0,0.3189,5725.0,7,0,1,0,0.0,0
0.3421,66,0,0.1234,19657.0,6,0,2,0,0.0,0
0.2073,64,0,0.4696,3260.0,8,0,1,0,0.0,0
0.6328,57,0,1.0884,4622.0,10,0,1,0,3.0,0
0.3684,55,0,0.2816,,13,0,1,0,1.0,0
0.02,51,0,0.4287,,12,0,1,0,0.0,0
0.357,58,0,0.3203,6619.0,7,0,2,0,1.0,0
5.0593,80,0,0.3685,5240.0,5,0,0,0,0.0,0
0.153,49,0,1.4635,6217.0,9,0,1,0,1.0,0
0.2032,47,0,0.3282,8241.0,7,0,3,0,1.0,0
1.7765,46,0,1.0053,8060.0,6,0,2,0,2.0,0
0.4152,57,0,1.0848,10449.0,9,0,1,0,0.0,0
0.3205,22,0,0.261,,8,0,1,0,1.0,0
0.5327,50,0,0.2773,4784.0,12,0,0,0,1.0,0
0.1073,64,0,0.6533,3505.0,10,0,0,0,0.0,0
0.0702,45,0,0.4124,2363.0,13,0,0,0,2.0,0
0.1155,55,0,0.4133,10083.0,6,0,0,0,2.0,0
0.1448,82,0,0.2846,,3,0,2,0,2.0,0
0.6992,57,0,0.6817,2983.0,4,0,1,0,0.0,0
0.0426,21,0,0.7277,,7,0,0,0,0.0,0
0.2976,32,0,0.4801,1974.0,8,0,0,0,1.0,0
1.5188,48,3,0.4347,12255.0,6,1,0,0,0.0,0
0.233,41,0,0.8739,,12,0,0,0,0.0,0
0.0124,53,0,0.9342,,6,0,1,0,1.0,0
1.7184,48,0,1.0403,6811.0,8,0,2,0,1.0,0
2.0121,68,0,0.139,6032.0,6,0,1,0,4.0,0
0.3116,37,0,0.4034,1546.0,7,0,0,0,1.0,0
0.1844,49,0,0.2124,8733.0,7,0,3,0,2.0,0
0.3723,55,0,0.6139,,5,0,2,0,2.0,0
3.8249,57,0,0.5772,,10,0,0,0,1.0,0
0.8042,54,0,0.9575,8739.0,5,0,3,0,0.0,0
0.6545,21,0,0.5264,10191.0,8,0,5,0,1.0,0
0.6728,53,0,0.4391,1718.0,9,0,1,0,2.0,0
0.2005,50,0,0.514,,10,0,1,0,2.0,0
3.644,64,0,0.4743,8736.0,8,0,2,0,0.0,0
0.5682,62,0,0.634,5445.0,8,0,1,0,1.0,0
0.857,55,0,0.6275,4356.0,13,0,1,0,0.0,1
0.0225,56,0,0.529,9604.0,5,0,3,0,0.0,0
1.2623,71,0,0.6248,,9,0,0,0,0.0,1
0.5812,68,0,0.2365,,6,0,0,0,0.0,0
0.0486,56,0,0.4503,8290.0,9,0,1,0,0.0,0
0.5687,82,0,0.5246,4656.0,12,0,1,0,1.0,1
0.2468,43,0,0.4139,,11,0,2,0,0.0,0
0.0024,35,0,0.3785,,4,0,0,0,0.0,0
0.6096,52,3,0.2505,1653.0,15,0,1,1,0.0,0
0.3563,47,0,0.594,7657.0,5,0,1,0,1.0,0
0.6648,21,0,0.1056,,4,0,1,0,3.0,1
6.1475,43,0,0.1938,10698.0,10,0,0,0,0.0,0
0.3307,57,0,0.3239,4888.0,10,0,1,0,2.0,0
0.5304,51,1,0.5126,,11,0,1,0,2.0,0
0.7786,41,0,0.427,5805.0,5,0,1,0,0.0,0
0.7893,53,0,0.2045,6831.0,6,0,0,0,0.0,0
0.0523,54,0,0.4502,9748.0,3,0,1,0,0.0,0
0.4825,62,0,0.102,3549.0,6,0,1,0,1.0,0
0.4443,43,0,0.2939,5347.0,4,0,0,0,0.0,0
0.0599,64,0,0.6104,6576.0,8,0,0,0,1.0,0
0.7999,37,0,0.2672,2031.0,9,0,2,0,1.0,0
0.2028,45,0,0.6545,2779.0,9,0,0,0,1.0,0
0.3341,76,0,0.7488,15385.0,5,0,1,0,0.0,0
0.1694,38,0,0.6159,7357.0,9,0,2,0,,0
0.2308,43,0,0.4872,3984.0,8,0,1,0,1.0,0
0.5148,34,0,0.8528,2371.0,5,0,1,0,0.0,1
0.3883,40,0,0.1199,4280.0,8,0,1,0,0.0,0
0.1942,54,0,0.6505,5750.0,12,0,2,0,2.0,0
0.5764,62,0,0.5408,10629.0,8,0,0,0,0.0,0
0.771,52,0,0.3382,3165.0,8,0,0,0,0.0,0
0.0538,47,0,0.5704,,7,0,1,0,0.0,0
3.2651,35,0,0.5821,,6,0,1,0,2.0,0
0.3038,42,0,0.7466,7502.0,10,0,2,0,2.0,0
0.0654,30,0,0.3892,,9,0,0,0,0.0,0
0.6892,62,0,0.5415,,11,0,0,0,1.0,1
0.4896,63,0,0.572,13002.0,10,0,1,0,0.0,0
0.0029,51,0,0.3377,4328.0,10,0,1,0,1.0,0
0.7963,58,0,0.7343,7022.0,6,0,0,0,0.0,0
0.9144,64,0,0.4392,,10,0,0,0,0.0,0
0.7161,53,0,0.3018,5795.0,7,0,0,0,1.0,0
6.9029,72,0,0.4941,1754.0,7,0,1,0,1.0,0
2.2062,38,0,0.3122,3795.0,10,0,0,0,0.0,0
0.2523,47,0,0.5012,2679.0,6,0,0,0,0.0,0
0.0684,45,0,0.7562,2651.0,3,0,2,0,1.0,0
0.1136,61,0,0.12,24607.0,9,0,0,0,0.0,0
0.0199,32,0,0.6733,,10,0,1,0,1.0,0
0.0027,72,0,0.157,,11,0,1,0,0.0,0
0.1935,60,0,0.3161,3990.0,18,0,0,0,0.0,0
3.4513,77,0,0.1818,9506.0,12,0,1,0,0.0,0
0.1956,51,0,0.4387,7382.0,7,0,1,0,0.0,0
0.1072,44,0,0.7194,,12,0,1,0,0.0,0
1.6998,61,1,0.3138,9148.0,7,0,1,0,0.0,0
0.2136,66,0,0.4754,13780.0,9,0,2,0,1.0,0
0.1283,42,0,0.417,4179.0,10,0,0,0,3.0,0
0.1652,24,0,0.2635,,11,0,0,0,2.0,0
0.0166,26,0,0.3809,2739.0,4,0,1,0,1.0,0
1.1073,56,0,0.3225,,9,0,1,0,0.0,0
0.8305,74,0,0.5743,4832.0,11,0,0,0,1.0,1
0.5055,34,0,0.3854,4253.0,14,0,0,0,0.0,0
0.0885,48,0,0.1652,4702.0,14,0,1,0,0.0,0
0.3176,47,0,0.8653,7147.0,11,0,2,0,0.0,0
0.5225,79,0,0.4449,7427.0,8,0,0,0,0.0,1
0.5062,84,0,1.0853,29442.0,8,0,0,0,0.0,0
3.9403,58,0,0.5142,5497.0,14,0,0,0,1.0,0
0.7031,65,0,0.1095,4344.0,9,0,0,0,0.0,0
0.0384,64,0,0.8317,6372.0,12,0,0,0,0.0,0
0.5916,34,0,0.9558,11455.0,7,0,1,0,2.0,0
0.3703,62,0,0.4601,4403.0,8,0,1,0,0.0,0
0.6017,38,0,0.4716,,15,0,1,0,1.0,1
0.1885,50,0,0.7059,,5,0,0,0,0.0,0
0.6416,68,0,0.5808,4162.0,2,0,1,0,1.0,0
2.2977,53,0,0.2248,10283.0,9,0,0,0,0.0,0
0.1822,67,0,0.2721,5456.0,9,0,1,0,2.0,0
0.4832,70,0,0.3929,14062.0,13,0,2,0,0.0,0
0.4782,27,0,0.6818,3841.0,7,0,1,0,0.0,0
0.6799,22,0,0.5069,10820.0,5,0,0,0,2.0,0
0.131,68,0,0.7185,6409.0,8,0,2,0,2.0,0
0.4813,69,0,0.365,10995.0,5,0,1,0,0.0,0
0.6513,56,0,0.2943,6208.0,5,0,1,0,0.0,0
0.5312,57,0,0.8312,,11,0,0,0,2.0,0
0.3666,65,3,0.7329,11371.0,14,1,0,0,1.0,0
0.6245,64,0,0.085,,4,0,1,0,1.0,0
0.0913,48,0,0.6115,4070.0,11,0,3,0,1.0,0
0.1407,65,0,0.8079,4318.0,5,0,1,0,1.0,0
0.4749,47,2,0.1492,5850.0,9,0,0,1,0.0,0
0.7597,55,0,0.1258,14357.0,7,0,0,0,1.0,0
0.1562,55,0,0.5008,10594.0,6,0,2,0,0.0,0
0.1799,40,0,0.2504,5076.0,7,0,1,0,0.0,0
0.3945,42,0,0.6085,3231.0,4,0,2,0,0.0,0
0.3733,83,0,0.3226,,7,0,1,0,1.0,0
0.4799,40,0,0.4265,5117.0,10,0,1,0,2.0,0
0.2483,57,0,0.5626,3829.0,12,0,2,0,0.0,0
0.2446,60,0,0.756,,10,0,1,0,0.0,0
0.5436,51,0,0.335,5683.0,8,0,0,0,0.0,0
0.4691,61,0,0.2923,4975.0,8,0,1,0,0.0,0
0.4583,57,0,1.1405,10084.0,8,0,1,0,0.0,0
1.5333,40,0,0.6512,,12,0,1,0,1.0,0
1.0131,60,0,0.7367,2067.0,8,0,0,0,1.0,0
0.1322,44,0,0.3628,,8,0,2,0,2.0,0
0.4678,76,0,0.2306,9127.0,7,0,0,0,1.0,0
3.6718,58,0,0.6209,6863.0,8,0,0,0,2.0,0
0.9013,42,0,0.4134,2507.0,9,0,0,0,1.0,0
0.4446,57,0,0.2119,6519.0,9,0,0,0,3.0,0
0.1647,39,0,0.5615,,7,0,0,0,2.0,0
0.2074,56,0,0.4529,3069.0,3,0,0,0,0.0,0
0.0992,49,0,0.4598,3865.0,13,0,1,0,3.0,0
0.0764,40,0,0.309,3743.0,9,0,1,0,2.0,0
0.0569,40,0,0.7203,21931.0,7,0,2,0,0.0,0
0.4386,86,0,0.8163,,4,0,1,0,1.0,1
0.08,53,0,0.5513,10791.0,6,0,1,0,1.0,0
2.5384,46,0,0.6863,,15,0,1,0,2.0,0
0.6205,44,0,0.371,2992.0,5,0,2,0,2.0,0
0.69,59,0,0.0279,6239.0,8,0,2,0,2.0,1
1.5333,43,0,1.076,5364.0,6,1,0,1,0.0,0
0.8546,37,0,0.7727,4148.0,5,0,1,0,2.0,0
0.2695,52,1,0.4934,3431.0,9,0,2,1,0.0,0
0.1626,51,0,0.7602,6074.0,6,0,2,0,1.0,0
0.8923,46,0,0.1966,,6,0,0,0,1.0,1
0.5679,40,0,0.3286,4998.0,12,0,0,0,1.0,0
4.6483,47,0,0.95,6873.0,10,0,2,0,0.0,0
5.231,45,0,0.6445,7715.0,4,0,1,0,1.0,0
0.3841,43,0,0.2998,,5,0,0,0,0.0,0
0.2634,56,0,0.3315,10408.0,4,0,1,0,0.0,0
2.204,83,0,0.0994,1808.0,6,0,0,0,,0
0.5736,71,0,0.6714,5953.0,12,0,1,0,1.0,0
0.6526,79,1,0.6068,10928.0,12,0,3,0,3.0,0
0.0896,44,0,0.8543,9292.0,7,0,1,0,2.0,0
0.0696,75,0,0.4881,,9,0,1,0,1.0,0
0.2529,55,0,0.2217,6470.0,11,0,2,0,1.0,0
0.6447,66,0,0.6965,,10,0,1,0,2.0,0
0.1237,58,0,0.1611,4159.0,13,0,0,0,0.0,0
0.0976,47,0,0.0328,8702.0,3,0,1,0,1.0,0
0.1679,62,0,0.9057,,6,0,0,0,1.0,0
0.3192,59,0,0.2661,2996.0,5,0,2,0,0.0,0
0.1084,27,0,0.6105,4864.0,6,0,2,0,,0
0.4266,50,0,1.0664,6599.0,6,0,2,0,2.0,0
0.6903,64,0,0.4258,4072.0,8,0,1,0,0.0,0
0.8617,56,0,0.5583,3194.0,6,0,1,0,0.0,0
0.2615,59,0,0.6708,14503.0,7,0,0,0,0.0,0
0.0507,41,0,0.1859,3893.0,8,0,1,0,0.0,0
0.1776,56,0,0.3111,15086.0,5,0,2,0,1.0,0
0.1088,51,0,0.1499,,11,0,1,0,1.0,0
3.117,49,0,0.2998,21472.0,5,0,0,0,0.0,0
0.309,42,0,0.3308,4796.0,10,0,2,0,0.0,0
3.4173,65,0,0.7475,,5,0,0,0,0.0,0
0.0256,57,0,0.6651,4242.0,11,0,0,0,1.0,0
1.4633,55,0,0.6891,4245.0,9,0,0,0,2.0,0
1.0022,81,0,0.7083,10451.0,11,0,2,0,2.0,0
0.1542,59,0,0.8335,,10,0,2,0,,0
0.5047,69,0,0.072,5072.0,6,0,1,0,1.0,1
0.2579,56,0,0.3668,8857.0,10,0,0,0,0.0,0
0.271,47,0,0.2369,,7,0,0,0,1.0,0
0.2301,37,0,0.517,6244.0,7,0,1,0,2.0,0
0.1327,55,0,0.2193,9724.0,12,0,2,0,0.0,0
0.0784,21,0,0.5317,6122.0,6,0,0,0,0.0,0
0.4354,56,0,0.42,3241.0,11,0,2,0,1.0,0
0.4943,56,0,0.5807,,6,0,3,0,1.0,0
0.7913,49,0,0.5734,4674.0,5,0,0,0,1.0,0
0.2079,51,0,0.8514,4330.0,4,0,0,0,1.0,0
0.5263,34,0,0.5871,,5,0,1,0,2.0,0
0.5249,71,0,0.4163,7176.0,4,0,0,0,1.0,0
0.4558,47,0,1.3599,5781.0,9,0,1,0,1.0,0
0.6634,38,0,0.9601,,8,0,3,0,0.0,1
0.2278,60,0,0.7977,3446.0,11,0,1,0,0.0,0
0.39,54,0,0.2331,21500.0,6,0,0,0,2.0,0
0.2648,47,0,0.1212,2165.0,9,0,0,0,1.0,0
3.0936,46,0,0.4901,3263.0,7,0,1,0,0.0,0
0.0385,52,0,0.1941,4421.0,9,0,1,0,,0
0.1733,71,0,1.0097,,9,0,2,0,1.0,0
0.2832,59,0,0.6606,4258.0,11,0,0,0,0.0,0
0.4226,52,0,0.5163,7215.0,9,0,2,0,0.0,0
0.4963,64,2,0.3047,3142.0,8,0,0,1,0.0,0
1.2248,52,0,1.3698,2283.0,7,0,0,0,1.0,1
0.3987,58,0,0.5126,12241.0,7,0,0,0,0.0,0
0.7398,54,0,0.4601,,9,0,1,0,0.0,0
0.0578,60,0,0.4368,10107.0,9,0,3,0,5.0,0
0.3371,46,0,0.7513,7212.0,3,0,1,0,0.0,0
0.653,36,0,0.2776,5791.0,6,0,2,0,1.0,0
0.1851,65,0,0.7008,8559.0,5,0,0,0,0.0,0
8.3722,73,3,0.5376,,7,0,1,0,1.0,0
0.5286,37,0,0.237,3286.0,12,0,3,0,0.0,0
0.6621,55,0,0.4908,2072.0,6,0,1,0,0.0,0
0.0181,46,0,0.9773,6729.0,10,0,0,0,0.0,0
0.506,64,0,0.5948,3782.0,5,0,3,0,1.0,1
3.4867,55,0,0.3797,,8,0,2,0,2.0,0
0.3738,95,0,0.3735,2347.0,8,0,1,0,2.0,0
1.0274,48,0,0.2235,3910.0,4,0,2,0,2.0,0
0.2508,74,0,0.207,5054.0,8,0,2,0,0.0,0
0.2775,75,0,0.2683,5631.0,11,0,0,0,0.0,0
0.2702,59,0,0.0758,,9,0,0,0,0.0,0
0.647,53,2,0.8542,,5,0,1,1,2.0,0
0.1687,53,0,0.1961,,12,0,3,0,1.0,0
2.0745,52,0,0.2224,4945.0,7,0,0,0,0.0,0
0.7372,68,0,0.1185,6384.0,2,0,1,0,1.0,0
0.149,40,0,0.2896,9406.0,14,0,0,0,1.0,0
0.3193,50,0,0.79,,7,0,2,0,2.0,0
0.8155,48,0,0.3694,4326.0,11,0,2,0,0.0,0
0.8316,28,0,0.3577,,10,0,1,0,0.0,0
0.5764,64,0,0.7091,3342.0,6,0,2,0,0.0,0
0.445,67,0,0.3928,10831.0,16,0,3,0,0.0,0
1.1954,43,0,0.3281,6423.0,4,0,2,0,1.0,0
0.225,66,0,0.9465,5868.0,4,0,1,0,0.0,0
0.2439,30,0,0.8267,3259.0,10,0,1,0,0.0,0
0.0688,52,0,0.2092,,7,0,0,0,0.0,0
0.1786,50,0,0.3729,6411.0,6,0,1,0,0.0,0
0.9158,53,0,0.7024,8346.0,7,0,0,0,0.0,0
0.1246,53,0,0.128,5759.0,9,0,2,0,1.0,0
0.1336,51,0,0.7668,9144.0,7,0,1,0,3.0,0
0.1058,47,0,0.1221,1328.0,13,0,1,0,1.0,0
0.9136,50,2,0.081,1261.0,8,2,2,1,1.0,0
0.4723,71,0,0.9062,7688.0,7,0,2,0,1.0,0
0.2344,44,0,0.655,,6,0,1,0,1.0,0
0.0225,84,0,0.1147,4702.0,11,0,1,0,0.0,0
0.0846,43,0,0.6312,,11,0,0,0,1.0,0
0.6801,55,0,0.583,7627.0,5,0,1,0,0.0,0
0.5743,60,0,0.2086,6750.0,6,0,0,0,0.0,0
0.6739,48,0,0.9476,,8,0,0,0,0.0,1
2.7989,71,0,0.7752,4013.0,7,0,1,0,1.0,1
0.5232,60,0,0.4852,3207.0,10,0,2,0,1.0,1
0.0939,49,0,0.4906,2861.0,10,0,0,0,,0
0.2416,71,0,1.1904,5360.0,9,0,2,0,0.0,0
0.4776,38,0,0.1124,,11,0,1,0,2.0,0
0.3038,44,0,0.5405,5742.0,7,0,2,0,0.0,1
0.1143,60,0,0.1497,20360.0,5,0,0,0,1.0,0
0.6124,63,0,0.5797,5022.0,4,0,0,0,1.0,0
0.8438,57,0,0.9088,7962.0,7,0,0,0,0.0,0
0.5558,50,0,0.1039,3986.0,4,0,1,0,1.0,0
0.287,48,0,0.6234,3690.0,8,0,1,0,1.0,0
0.4336,68,0,0.9088,3552.0,5,0,0,0,1.0,0
0.1957,55,0,0.5923,7447.0,7,0,0,0,0.0,0
0.6283,40,0,0.3192,5018.0,12,0,3,0,1.0,0
0.2446,39,0,0.345,4087.0,7,0,3,0,3.0,0
0.7192,73,0,0.4517,3241.0,10,0,0,0,0.0,0
0.1838,42,0,0.7875,1334.0,12,0,1,0,0.0,0
0.2582,56,0,0.554,,10,0,0,0,0.0,0
0.0242,71,0,0.4478,,13,0,2,0,1.0,0
6.7294,60,1,0.617,,9,0,2,0,1.0,0
2.2289,41,0,0.5735,5048.0,10,0,2,0,1.0,0
0.6733,38,0,0.3345,7710.0,5,0,0,0,1.0,0
0.6768,78,0,0.4473,4679.0,5,0,0,0,0.0,0
0.1884,37,0,0.1875,,5,0,1,0,2.0,0
0.0014,44,0,0.1784,3924.0,2,0,0,0,2.0,0
0.6353,57,0,0.2572,6890.0,8,0,1,0,0.0,0
0.1951,49,0,0.7375,5813.0,5,0,0,0,1.0,0
0.5584,60,0,0.3273,7201.0,5,0,4,0,0.0,0
2.0268,31,0,0.0186,1639.0,8,0,2,0,0.0,1
0.5543,49,0,0.1181,,8,0,0,0,0.0,0
0.4336,61,0,0.5189,,10,0,1,1,2.0,0
0.0719,62,0,0.3081,9465.0,6,0,1,0,3.0,0
0.2094,44,0,0.5477,6752.0,8,0,0,0,1.0,0
0.1586,38,0,0.5369,7366.0,5,0,0,0,1.0,0
0.4016,55,0,1.0645,4087.0,9,0,2,0,,0
0.0058,34,2,0.2173,5116.0,8,0,0,0,,0
0.3039,70,0,0.5114,1666.0,6,0,4,0,0.0,0
0.2977,54,0,0.0619,11379.0,4,0,1,0,0.0,0
0.2653,42,0,0.2108,10404.0,7,0,3,0,1.0,0
0.2276,37,0,0.2184,8029.0,7,0,0,0,0.0,0
0.5398,43,0,0.343,7517.0,8,0,0,0,1.0,0
0.3794,30,0,0.1807,2661.0,5,0,1,0,1.0,0
0.2544,59,0,0.3551,3885.0,13,0,0,0,1.0,0
0.6246,41,0,0.7797,7982.0,6,0,0,0,0.0,0
0.2314,58,0,0.8647,2856.0,11,0,1,0,0.0,0
0.3529,60,0,0.6768,12251.0,5,0,2,0,1.0,0
0.115,66,0,0.7445,5300.0,9,0,1,0,0.0,0
0.3977,56,0,1.3198,3246.0,11,0,1,0,0.0,0
0.0966,68,0,0.4999,8343.0,10,0,1,0,0.0,0
0.6985,71,0,0.7996,,9,0,0,0,0.0,0
0.0093,56,0,0.3738,6389.0,11,0,0,0,2.0,0
1.6112,56,3,0.1904,,12,0,0,1,1.0,0
0.1826,44,0,0.4583,4708.0,7,0,0,0,0.0,0
1.553,38,1,1.1538,,12,0,0,0,,0
0.2735,70,0,0.2553,4887.0,17,0,2,0,1.0,0
0.6235,60,0,0.5095,2334.0,7,0,0,0,1.0,0
0.1718,62,0,0.796,3966.0,9,0,1,0,0.0,0
1.6943,44,0,1.3182,3357.0,10,0,2,0,0.0,0
0.478,75,0,0.1142,6293.0,4,0,0,0,1.0,0
0.8375,49,3,0.7369,3930.0,10,0,1,3,0.0,0
0.0983,41,0,0.3125,,10,0,2,0,0.0,0
0.0438,44,0,0.1724,4459.0,7,0,3,0,1.0,0
0.3613,74,0,0.3626,8391.0,7,0,0,0,0.0,0
0.9677,36,0,0.6372,33422.0,8,0,1,0,2.0,0
1.2486,41,0,0.4601,1901.0,11,0,3,0,0.0,0
0.5143,93,0,0.5045,,4,0,1,0,0.0,0
1.5014,65,0,0.3411,10585.0,9,0,0,0,0.0,0
0.7164,42,0,0.0534,6548.0,9,0,2,0,1.0,0
2.1371,37,0,0.5176,3187.0,9,0,0,0,2.0,0
0.2944,29,0,0.303,4659.0,7,0,1,0,1.0,0
0.414,53,0,0.9443,,5,0,1,0,1.0,0
1.1805,62,0,0.0154,5065.0,14,0,2,0,1.0,1
0.8619,73,0,0.1636,23337.0,9,0,2,0,0.0,0
3.7106,25,0,0.5839,2294.0,9,0,4,0,2.0,0
0.3886,33,0,0.3905,4252.0,9,0,1,0,0.0,0
0.1844,50,0,0.2657,2697.0,12,0,1,0,1.0,0
0.2374,91,0,1.1555,6857.0,8,0,1,0,1.0,0
0.139,64,0,0.7557,9906.0,11,0,0,0,1.0,0
0.6116,57,0,0.1612,9776.0,10,0,0,0,1.0,0
0.108,35,0,0.6921,3807.0,5,0,1,0,1.0,0
3.1948,22,0,0.7137,5418.0,10,0,2,0,0.0,0
1.0008,53,0,0.674,,6,0,0,0,0.0,0
0.1217,51,0,0.4388,6844.0,4,0,2,0,,0
9.4557,48,0,0.4721,6188.0,11,0,3,0,0.0,0
0.8937,47,0,0.7289,3932.0,8,0,3,0,1.0,0
0.1776,42,0,0.4759,1942.0,7,0,0,0,0.0,0
0.6612,38,0,0.5935,,10,0,0,0,,0
0.9442,71,0,0.9119,4995.0,6,0,0,0,1.0,1
0.1976,40,0,0.4959,4996.0,9,0,2,0,1.0,0
0.0681,48,0,0.4362,6531.0,6,0,1,0,0.0,0
0.4232,51,0,0.3475,7040.0,12,0,0,0,1.0,0
0.1809,62,0,0.3294,1843.0,6,0,0,0,0.0,0
0.0317,40,0,0.8284,3113.0,6,0,0,0,0.0,0
0.2853,66,0,0.7404,7538.0,12,0,4,0,3.0,0
6.067,44,1,0.128,5393.0,12,0,2,0,0.0,0
0.2178,50,0,0.2558,12182.0,10,0,2,0,1.0,0
0.0716,75,0,0.2104,3073.0,8,0,2,0,1.0,0
2.2879,38,0,0.6104,,6,0,1,0,0.0,0
0.5292,62,0,0.1712,9264.0,9,0,0,0,1.0,0
0.6316,66,0,0.1496,4660.0,7,0,0,0,0.0,0
0.3025,56,0,0.1618,13603.0,8,0,1,0,0.0,0
1.7526,50,0,0.4377,4033.0,8,0,1,0,0.0,1
0.3075,82,0,0.1709,3954.0,10,0,1,0,,0
0.043,52,0,0.507,4195.0,10,0,0,0,1.0,0
0.4529,55,0,0.177,2589.0,11,0,1,0,2.0,0
5.5922,47,0,0.6868,6310.0,7,0,1,0,0.0,0
0.3381,54,0,0.2607,,9,0,2,0,0.0,0
0.5599,65,0,0.8583,5658.0,9,0,1,0,0.0,0
0.0927,48,0,0.1373,5786.0,8,0,1,0,1.0,0
0.129,22,0,0.2261,1165.0,5,0,3,0,0.0,0
0.3197,59,0,0.2918,7729.0,8,0,2,0,0.0,0
0.7093,37,0,1.1327,4274.0,7,0,0,0,2.0,0
0.0447,62,0,0.3683,16799.0,7,0,2,0,1.0,0
0.4964,52,0,0.2401,4656.0,10,0,0,0,1.0,0
0.4347,65,0,0.47,2281.0,9,0,2,0,1.0,1
0.5647,39,0,0.3806,,6,0,2,0,0.0,0
0.0513,45,0,0.2412,4374.0,5,0,0,0,1.0,0
0.5123,47,0,0.5619,11239.0,14,0,1,0,1.0,0
0.4506,31,0,0.4203,4758.0,6,0,0,0,1.0,0
3.4583,68,2,0.1054,19461.0,8,0,1,0,2.0,0
2.5931,29,0,0.4886,5538.0,11,0,1,0,1.0,0
3.0214,67,0,0.7815,3937.0,4,0,1,0,0.0,0
0.3817,58,0,0.3106,9354.0,8,0,0,0,0.0,0
0.0482,49,0,0.6089,,3,0,0,0,0.0,0
0.2957,57,0,0.3325,866.0,10,0,2,0,,0
0.0932,56,0,0.2187,3428.0,8,0,2,0,0.0,0
0.4019,46,0,0.7567,,7,0,0,0,0.0,0
1.4909,56,1,0.2174,3102.0,6,0,0,0,3.0,0
0.2424,62,0,0.189,,12,0,0,0,1.0,0
0.4622,39,0,0.169,12293.0,10,0,2,0,1.0,0
0.481,57,0,0.4508,8418.0,6,0,0,0,2.0,0
0.1842,21,0,0.3065,8434.0,3,0,1,0,1.0,0
0.4882,25,0,0.8325,6223.0,10,0,3,0,1.0,0
0.0444,60,0,0.3045,,8,0,1,0,0.0,0
0.015,46,0,0.1819,6880.0,8,0,2,0,0.0,0
0.8407,40,0,0.2488,2517.0,7,0,0,1,0.0,0
0.186,51,0,0.4011,,5,0,1,0,1.0,0
0.1975,46,0,0.1282,,4,0,2,0,0.0,0
1.1242,38,0,0.1297,8969.0,9,0,2,0,0.0,0
0.9454,29,0,0.1222,4503.0,12,0,0,0,1.0,0
0.2664,24,0,0.6677,1685.0,8,0,1,0,0.0,0
0.6421,62,0,0.2595,,8,0,1,0,2.0,0
0.2104,46,0,0.6631,5347.0,12,0,0,0,2.0,0
1.3809,66,0,0.5586,1959.0,9,0,0,0,1.0,0
0.2183,46,0,0.8728,3694.0,6,0,2,0,2.0,0
0.3641,57,0,0.5832,7575.0,3,0,4,0,1.0,0
0.0186,50,0,0.4224,,9,0,3,0,0.0,0
0.5807,53,0,0.7146,,7,0,2,0,0.0,0
0.7465,53,0,0.3408,2264.0,10,0,0,0,1.0,0
0.1979,46,0,0.2701,12979.0,11,0,0,0,1.0,0
0.1555,35,0,0.5249,5055.0,6,0,1,0,1.0,0
0.8292,63,0,0.799,10380.0,11,0,0,0,1.0,0
1.3495,74,0,0.5909,6489.0,8,0,2,0,1.0,0
0.1229,75,0,0.271,3681.0,7,0,0,0,1.0,0
0.1319,44,0,0.7317,2806.0,6,0,1,0,1.0,0
0.1043,42,0,0.7608,10091.0,8,0,2,0,,0
0.8013,44,0,0.6093,6119.0,8,0,1,0,0.0,0
4.0981,50,1,0.3168,,7,1,1,1,0.0,0
0.0687,51,0,0.3403,1365.0,6,0,0,0,1.0,0
0.3893,38,0,0.3248,10920.0,9,0,0,0,1.0,0
0.088,31,0,0.3163,4161.0,10,0,1,0,2.0,0
1.8931,53,0,0.5045,11665.0,9,0,2,0,4.0,0
1.3345,21,0,0.1437,12508.0,6,0,1,0,3.0,1
0.6201,51,0,0.3445,10744.0,7,0,2,0,2.0,0
0.2586,39,0,0.6716,6998.0,7,0,0,0,3.0,0
0.6771,63,0,0.331,7609.0,7,0,0,0,2.0,1
0.3718,67,0,0.4545,1658.0,12,0,2,0,0.0,0
0.1213,67,0,0.2031,7079.0,10,0,1,0,2.0,0
3.0546,47,0,0.2708,3449.0,10,0,3,0,2.0,0
0.0705,36,0,0.8704,2963.0,13,0,0,0,1.0,0
0.8951,41,0,0.2955,9702.0,12,0,1,0,1.0,0
0.5433,56,0,1.0236,10436.0,9,0,0,0,0.0,0
0.4633,29,0,0.4249,6880.0,5,0,0,0,1.0,1
11.9555,72,2,0.6402,6528.0,11,2,1,0,0.0,0
1.8445,47,0,0.1155,8449.0,11,0,1,0,0.0,0
2.3604,59,0,0.1634,3319.0,11,0,1,0,1.0,0
0.5517,27,0,0.873,10453.0,3,0,3,0,2.0,0
0.5399,39,0,0.9943,,8,0,2,0,0.0,1
0.7041,25,0,0.7296,8886.0,8,0,1,0,1.0,0
0.0272,66,0,0.6469,2769.0,6,0,0,0,2.0,0
0.5268,50,0,0.2494,,8,0,2,0,1.0,0
0.6691,60,0,0.5652,,5,0,2,0,0.0,0
0.4796,53,0,0.7493,3273.0,9,0,2,0,0.0,0
0.0243,59,0,0.2533,15039.0,3,0,0,0,0.0,0
0.4875,47,0,0.1203,14428.0,5,0,1,0,0.0,0
3.5942,49,0,0.6085,1449.0,10,0,1,0,0.0,0
0.7851,51,0,0.5553,,12,0,1,0,,0
0.2414,58,0,0.769,,8,0,2,0,0.0,0
0.2552,58,0,0.5598,2650.0,7,0,3,0,1.0,0
0.0506,91,0,0.367,,8,0,3,0,1.0,0
3.9505,76,0,0.3647,5729.0,9,0,1,0,0.0,0
3.0713,27,0,0.5876,6947.0,8,0,0,0,0.0,0
0.4452,50,0,0.9447,,5,0,2,0,2.0,0
0.5547,46,0,0.7383,3822.0,9,0,0,0,0.0,0
0.3031,70,0,1.0221,5132.0,4,0,1,0,3.0,0
0.4367,48,0,0.7942,7195.0,10,0,0,0,1.0,0
0.1169,59,0,0.3866,7765.0,7,0,2,0,1.0,0
0.9314,21,0,0.3538,3414.0,7,0,0,0,0.0,0
0.0256,31,0,0.6686,3048.0,5,0,0,0,0.0,0
0.5793,81,0,0.444,7901.0,7,0,0,0,1.0,0
2.7558,53,0,0.2942,2797.0,5,0,0,0,1.0,0
1.1548,38,0,0.5617,,11,0,0,0,1.0,0
0.4021,55,0,0.2811,2763.0,11,0,3,0,0.0,0
0.2321,37,0,0.6626,17485.0,7,0,1,0,1.0,0
0.0791,48,0,0.0674,24654.0,5,0,0,0,1.0,0
0.5326,32,0,0.7052,6658.0,6,0,1,0,0.0,0
0.6188,41,0,0.1991,4670.0,11,0,0,0,1.0,0
0.4406,46,0,0.6424,9100.0,14,0,0,0,0.0,0
0.5884,68,0,0.2974,,5,0,0,0,0.0,0
0.5999,58,0,0.3977,2646.0,13,0,0,0,0.0,0
0.7541,61,0,0.9469,3715.0,8,0,1,0,0.0,1
0.1816,52,0,0.6061,12491.0,5,0,3,0,0.0,0
0.6834,64,0,0.3971,,5,0,1,0,0.0,0
0.7832,40,0,1.1517,,7,0,1,0,1.0,0
0.6391,42,0,0.4845,4064.0,12,0,1,0,0.0,0
0.122,58,0,0.2796,27842.0,12,0,0,0,0.0,0
0.3611,48,0,0.5718,12140.0,10,0,0,0,1.0,0
0.0751,52,0,0.5992,3191.0,3,0,3,0,0.0,0
0.6029,50,0,0.5089,5254.0,6,0,1,0,1.0,1
0.2238,70,0,0.4644,6789.0,9,0,0,0,2.0,0
0.465,70,0,0.8946,,7,0,1,0,1.0,0
0.0429,43,0,0.2928,2898.0,10,0,2,0,0.0,0
0.3266,27,0,0.5365,6025.0,8,0,0,0,2.0,0
2.9769,42,0,0.2708,4191.0,7,0,3,0,1.0,0
0.0457,39,0,0.4953,1847.0,6,0,2,0,0.0,0
0.629,64,0,0.8262,3095.0,12,0,2,0,1.0,0
2.543,65,0,0.3525,2729.0,5,0,0,0,1.0,0
3.597,38,0,0.8325,2288.0,10,0,1,0,0.0,0
1.376,41,0,0.6234,4143.0,9,0,0,0,2.0,0
0.409,31,0,0.1992,3781.0,5,0,3,0,,0
0.7839,54,0,0.3817,,9,0,0,0,1.0,0
0.0836,51,0,0.1608,,5,0,2,0,0.0,0
0.1645,63,0,0.7079,6342.0,11,0,0,0,2.0,0
0.6687,59,0,0.4452,4742.0,10,0,1,0,1.0,1
0.4579,61,0,0.6364,4842.0,10,0,2,0,1.0,1
0.3832,30,0,0.2946,,7,0,2,0,1.0,0
1.1008,43,0,0.1859,,8,0,2,0,1.0,0
0.176,65,0,0.9962,,5,0,1,0,2.0,0
0.135,44,0,0.741,3285.0,7,1,2,1,1.0,0
0.5837,29,0,0.1087,7369.0,8,0,0,0,0.0,0
0.1295,63,0,0.5207,5435.0,8,0,3,0,0.0,0
0.5058,44,0,0.5935,7205.0,15,0,1,0,0.0,0
0.0855,67,0,0.3233,3436.0,4,0,0,0,0.0,0
1.1556,52,0,0.5014,3265.0,12,0,0,0,1.0,0
0.6692,48,0,0.3556,4761.0,12,0,0,0,0.0,0
0.184,71,0,0.3088,19242.0,6,0,1,0,4.0,1
0.2693,34,0,0.3125,10401.0,9,0,3,0,2.0,0
1.3385,72,0,0.3904,,6,0,2,0,0.0,0
0.1043,43,0,0.9171,8126.0,7,0,0,0,0.0,0
0.1217,54,0,0.0778,3155.0,10,0,1,0,1.0,0
0.0989,54,0,0.3358,5357.0,9,0,4,0,0.0,0
0.533,46,0,0.6242,4713.0,8,0,2,0,1.0,0
0.3034,41,0,0.3896,13882.0,6,0,1,0,,1
0.0477,47,0,0.9107,8397.0,6,0,2,0,1.0,0
0.619,38,1,0.4697,,5,2,0,0,0.0,0
0.1189,79,0,0.7593,,7,0,2,0,1.0,0
0.3421,45,0,0.3452,2322.0,1,0,1,0,0.0,0
0.4018,68,1,0.2336,,7,0,3,0,,0
0.8797,66,0,0.4074,,11,0,0,0,1.0,0
0.1624,57,0,0.2951,5190.0,9,0,1,0,2.0,0
0.4363,50,1,0.9248,4933.0,10,0,1,0,0.0,0
0.6619,55,0,0.4226,,8,0,2,0,1.0,0
2.7735,60,0,0.5256,9158.0,7,0,1,0,1.0,0
0.0379,53,0,0.3638,,4,0,0,0,1.0,0
0.0207,30,0,0.2006,5794.0,8,0,2,0,0.0,0
0.1894,27,0,0.7342,8389.0,5,0,2,0,0.0,0
0.1085,73,0,0.8908,5829.0,7,0,0,0,0.0,0
0.269,21,0,0.1984,,9,0,2,0,1.0,0
0.4471,55,0,0.4486,,6,0,1,0,,0
0.513,49,0,0.4119,5328.0,7,0,1,0,2.0,0
0.7159,54,0,0.2455,,12,0,2,0,1.0,0
0.0149,36,0,0.5367,6134.0,8,0,2,0,1.0,0
0.657,57,0,0.2002,3112.0,6,0,2,0,1.0,0
0.3928,55,0,0.7708,4744.0,6,0,2,0,0.0,0
0.3918,91,0,0.3887,2629.0,4,0,1,0,1.0,0
0.4675,54,0,0.3714,,10,0,2,0,1.0,0
0.7424,71,0,0.3831,7813.0,7,0,0,0,0.0,0
0.3947,31,1,0.6039,3460.0,11,0,0,0,2.0,0
0.4294,66,0,0.7851,3351.0,8,0,1,0,0.0,0
0.1475,55,0,0.6002,9264.0,10,0,0,0,1.0,0
0.0147,56,0,0.0826,6537.0,7,0,1,0,3.0,1
0.0432,56,0,0.146,4545.0,5,0,2,0,,0
0.2446,76,0,0.5459,9098.0,7,0,0,0,,0
0.2104,56,0,0.6575,2932.0,15,0,2,0,0.0,0
0.5606,41,0,0.2092,3814.0,6,0,0,0,0.0,0
0.4151,43,0,0.1731,,7,0,0,0,0.0,0
0.0446,63,0,0.6997,,4,0,3,0,0.0,0
0.2589,58,0,0.4641,4596.0,12,0,0,0,1.0,0
0.2439,31,0,0.6472,,10,0,0,0,0.0,0
0.5391,59,0,0.6679,4489.0,4,0,0,0,0.0,1
0.8045,37,0,0.5501,,7,0,0,0,0.0,1
5.2003,58,0,0.5092,8112.0,6,0,1,0,0.0,0
0.896,41,0,0.6703,,7,0,0,0,2.0,0
0.8609,48,0,0.5234,,10,0,1,0,0.0,0
0.5948,44,0,1.1574,4981.0,9,0,1,0,,0
0.7565,73,0,0.6699,8737.0,7,0,0,0,2.0,0
0.1092,58,0,0.1855,,10,0,0,0,2.0,0
0.5896,70,0,0.4407,14995.0,12,0,0,0,1.0,0
0.3001,93,0,0.3281,,9,0,2,0,0.0,0
0.9924,53,0,0.165,4054.0,9,0,0,0,3.0,0
0.1127,73,0,0.5938,11388.0,9,0,0,0,1.0,0
4.1637,42,0,0.0253,,6,0,2,0,0.0,0
0.1261,70,0,0.7477,2288.0,7,0,4,0,2.0,0
0.635,41,0,0.4624,8332.0,10,0,2,0,1.0,0
0.1525,52,0,0.2862,2394.0,8,0,0,0,0.0,0
0.0853,60,0,0.4396,5549.0,5,0,0,0,1.0,0
1.3333,62,0,0.4891,6719.0,3,0,3,0,0.0,0
0.7002,34,0,0.1435,5802.0,9,0,4,0,0.0,0
0.0958,40,0,0.7131,5173.0,5,0,1,0,0.0,0
0.3574,61,0,0.7255,5092.0,8,0,3,0,1.0,0
0.6752,47,0,0.9861,,6,0,1,0,0.0,0
0.0497,32,0,0.6078,11113.0,13,0,1,0,0.0,0
9.6183,51,0,0.3465,,15,0,0,0,0.0,0
0.558,50,0,0.7579,,10,0,1,0,0.0,0
0.4871,54,1,0.6063,4001.0,9,0,1,1,1.0,0
0.1532,59,0,0.8611,,10,0,1,0,0.0,0
2.184,59,0,0.1885,,9,0,1,0,1.0,0
0.7459,41,0,0.5645,4536.0,8,0,1,0,0.0,0
0.5685,46,0,0.1366,5741.0,5,0,1,0,1.0,0
0.4366,65,0,0.3022,3532.0,6,0,2,0,1.0,0
3.9218,44,0,1.2017,6795.0,10,0,2,0,1.0,0
2.2548,46,0,0.8117,3635.0,6,0,2,0,0.0,0
0.3327,31,0,0.5173,3121.0,6,0,1,0,0.0,0
0.131,52,0,0.0661,25353.0,13,0,4,0,1.0,0
0.4332,57,0,0.3092,9702.0,10,0,2,0,0.0,0
0.3029,24,0,0.2583,3240.0,7,0,1,0,0.0,0
0.1713,37,0,0.2539,6010.0,6,0,1,0,0.0,0
1.8586,32,0,0.1557,7410.0,11,0,2,0,1.0,0
0.6651,63,0,0.428,,5,0,1,0,0.0,0
1.2922,25,0,0.5913,8371.0,8,0,1,0,3.0,0
0.9644,51,0,0.678,,16,0,0,0,3.0,0
0.1712,62,0,0.59,9021.0,10,0,1,0,0.0,0
0.612,55,0,0.6872,8667.0,9,0,0,0,0.0,0
0.2037,46,0,0.8869,2394.0,9,0,1,0,0.0,0
3.7779,57,0,0.66,12231.0,9,0,1,0,0.0,0
0.9228,67,0,0.1255,17268.0,5,0,0,0,1.0,1
0.7152,50,0,0.9343,2537.0,11,0,2,0,1.0,0
0.0512,21,0,0.2963,10292.0,6,0,1,0,1.0,0
0.106,68,0,0.3844,7513.0,11,0,0,0,1.0,0
0.4943,58,0,0.2778,3779.0,3,0,3,0,5.0,0
0.1906,52,0,0.3928,3618.0,10,0,0,0,0.0,0
0.0144,24,0,0.1491,7760.0,6,0,2,0,0.0,1
0.7746,48,0,0.4713,5075.0,5,0,3,0,1.0,0
0.2526,40,0,0.32,,11,0,0,0,1.0,0
0.7409,35,0,0.6104,5935.0,8,0,0,0,1.0,0
0.0917,50,0,0.1548,8808.0,3,0,3,0,2.0,0
0.0501,44,0,0.145,4804.0,9,0,3,2,3.0,0
3.5891,45,0,0.3215,,7,0,0,0,0.0,0
0.6666,62,0,1.123,3551.0,13,0,2,0,,0
0.4449,56,0,0.6386,,9,0,3,0,0.0,0
0.5111,45,0,0.3605,5803.0,11,0,0,0,1.0,0
0.524,43,0,0.202,3359.0,12,0,1,0,0.0,0
0.3425,46,0,0.8053,4501.0,10,0,4,0,0.0,0
0.18,49,0,1.5412,9873.0,17,0,1,0,0.0,0
0.4111,60,0,0.2241,5710.0,7,0,1,0,0.0,1
0.6388,37,0,1.1098,5671.0,8,0,2,0,2.0,0
0.0823,72,0,0.5035,8289.0,6,0,0,0,0.0,0
2.4459,60,0,0.8579,,8,0,1,0,1.0,0
0.6323,21,0,0.1591,3749.0,6,0,2,0,0.0,0
0.0355,53,0,0.5307,,8,0,2,0,,0
0.2477,67,0,0.4519,10026.0,10,0,1,0,2.0,0
0.959,57,0,0.4253,7405.0,10,0,1,0,0.0,0
0.5593,46,0,0.1138,7914.0,9,0,4,0,1.0,0
0.1901,51,0,0.7452,9473.0,9,0,0,0,2.0,0
0.8195,54,1,0.1465,2073.0,9,1,0,0,0.0,0
0.1916,63,0,0.4277,7471.0,13,0,1,0,2.0,0
0.4691,32,0,0.4062,6633.0,6,0,1,0,1.0,0
2.9813,44,0,0.4127,2410.0,3,0,1,0,1.0,0
0.1536,75,0,0.3117,9695.0,10,0,1,0,2.0,0
0.3886,52,0,0.3401,3926.0,10,0,0,0,0.0,0
5.991,73,0,0.9201,,8,0,0,0,0.0,0
0.3064,94,1,0.1362,,4,0,1,0,1.0,0
0.4705,45,0,0.288,9922.0,6,0,1,0,3.0,0
0.4518,35,0,0.5635,,6,0,1,0,0.0,0
0.0691,48,0,0.5133,4686.0,10,0,0,0,1.0,0
0.7295,67,0,0.3166,4102.0,10,0,1,0,1.0,0
0.2037,69,0,0.6253,5441.0,9,0,2,0,1.0,0
0.3893,84,0,0.6289,2280.0,8,0,0,0,2.0,0
0.0482,51,0,0.8628,7042.0,7,0,2,0,1.0,0
0.0177,59,0,0.6337,2451.0,6,0,1,0,0.0,0
0.2744,42,0,0.769,11281.0,10,0,1,0,0.0,0
0.2856,21,0,0.7127,4783.0,9,1,1,0,2.0,0
0.3981,51,0,0.036,5106.0,10,0,2,0,1.0,0
0.563,36,0,0.3506,4530.0,7,0,0,0,0.0,0
0.2282,61,0,0.2353,,15,0,1,0,2.0,0
0.4664,26,0,0.5889,4314.0,11,0,0,0,2.0,0
0.8013,42,0,0.1428,2926.0,9,0,3,0,0.0,0
0.1029,56,0,0.4893,2994.0,8,0,1,0,0.0,0
1.4298,57,0,0.6405,2298.0,5,0,0,0,3.0,0
0.0868,51,0,0.9551,,10,0,0,0,2.0,0
0.0728,78,0,0.3197,,7,0,0,0,1.0,0
0.4106,74,0,0.599,2205.0,7,0,0,0,1.0,0
0.307,42,0,0.5266,5511.0,8,0,1,0,0.0,0
0.3389,75,0,0.3297,1479.0,7,0,1,0,1.0,0
0.0745,77,0,0.1564,13453.0,9,0,0,0,1.0,0
0.151,50,0,0.8841,7323.0,8,0,1,0,2.0,0
6.2076,53,0,0.4555,5711.0,9,0,1,0,1.0,0
0.8888,51,0,0.3809,,9,0,0,0,1.0,0
2.315,43,1,0.8745,12240.0,15,0,0,0,0.0,0
1.3223,44,0,0.5064,7838.0,8,0,1,0,0.0,0
0.3163,70,0,0.5034,3951.0,9,0,0,0,1.0,0
0.1076,58,0,0.1649,4750.0,7,0,0,0,0.0,0
0.3716,44,0,0.2323,,8,0,0,0,0.0,0
0.3824,39,0,0.4687,5675.0,13,0,3,0,1.0,0
0.0349,41,0,0.68,4128.0,9,0,1,0,1.0,0
0.3402,50,0,0.0517,6199.0,14,0,1,0,1.0,0
0.5002,65,0,0.4478,6085.0,5,0,1,0,2.0,0
0.531,40,0,0.64,,5,0,1,0,2.0,0
0.2666,65,0,0.3794,2975.0,8,0,0,0,1.0,0
0.1445,55,0,0.3281,16185.0,10,0,2,0,2.0,0
0.446,54,0,0.6375,,12,0,2,0,1.0,0
0.7049,66,0,0.258,10800.0,6,0,1,0,1.0,0
0.2742,64,0,1.193,14717.0,3,0,0,0,0.0,0
0.8807,32,0,0.1417,8082.0,5,0,0,0,0.0,0
0.6431,37,0,1.0451,4221.0,10,0,0,0,1.0,0
0.6957,49,0,0.6604,4545.0,10,0,2,0,0.0,0
0.5861,57,0,0.3035,4168.0,6,0,1,0,0.0,0
0.1923,71,0,0.2555,1487.0,13,0,1,0,3.0,0
0.1462,53,0,0.3027,4150.0,6,0,1,0,2.0,0
1.4021,76,0,0.8618,5327.0,15,0,1,0,1.0,1
0.6038,42,0,0.1942,,9,0,1,0,1.0,0
0.2795,44,0,0.5308,,3,0,0,0,0.0,0
0.9591,48,0,0.3334,7098.0,5,0,3,0,1.0,0
3.0398,41,0,0.3115,9141.0,9,0,1,0,1.0,0
0.9078,68,0,0.3885,,9,0,1,0,3.0,0
0.7229,21,0,0.2366,1868.0,5,0,5,0,1.0,0
0.8688,45,0,0.3963,3350.0,5,0,0,0,2.0,0
0.0732,68,0,0.4471,8608.0,9,0,0,0,0.0,0
0.0446,48,0,0.4944,8954.0,9,0,1,0,0.0,0
0.0642,67,0,0.3994,4380.0,7,0,0,0,2.0,0
0.0403,83,0,0.5722,5861.0,6,0,1,0,0.0,0
0.06,53,0,0.807,10165.0,12,0,0,0,0.0,0
0.4841,68,0,0.6836,3283.0,12,0,1,0,0.0,0
0.5108,86,0,0.5487,,12,0,2,0,2.0,0
0.0779,58,0,0.5582,,13,0,1,0,0.0,0
0.5185,51,0,0.7632,2289.0,9,0,2,0,0.0,0
0.1259,65,0,0.3738,10287.0,7,0,1,0,0.0,0
0.5654,69,0,0.6001,10374.0,11,0,2,0,0.0,0
0.5388,51,0,0.6469,10083.0,9,0,0,0,0.0,0
0.6346,45,2,0.2982,8847.0,11,0,0,0,2.0,0
2.1794,76,0,0.3507,13631.0,6,0,2,0,1.0,1
0.5725,48,0,0.2681,18692.0,9,0,2,0,0.0,0
0.1586,69,0,0.8136,11513.0,6,0,1,0,0.0,0
0.3563,56,0,0.2361,,8,0,0,0,4.0,0
0.0063,78,0,0.213,4266.0,12,0,3,0,0.0,0
0.6043,40,0,0.6216,5498.0,10,0,0,0,0.0,0
0.4623,40,0,0.5726,3811.0,7,0,0,0,2.0,0
0.0226,64,0,0.2048,2852.0,3,0,2,0,0.0,0
0.0861,36,0,0.4316,2146.0,7,0,0,0,0.0,0
0.5842,54,0,0.5107,22478.0,7,0,0,0,0.0,0
0.0218,74,0,0.7793,,13,0,1,0,0.0,0
0.2436,27,0,0.7949,8184.0,3,0,1,0,0.0,0
0.3206,58,0,0.4514,,6,0,0,0,0.0,0
0.0603,69,0,0.2008,,7,0,2,0,1.0,0
0.9367,52,0,0.6487,7564.0,6,0,1,0,0.0,0
0.1065,39,0,0.3294,3889.0,5,0,3,0,0.0,0
0.2492,48,0,0.4472,,12,0,0,0,2.0,0
0.1797,40,0,0.1651,6802.0,11,0,0,0,0.0,0
0.6556,53,0,0.3603,3041.0,9,0,2,0,3.0,1
1.2799,48,0,0.4682,6054.0,11,0,1,0,2.0,0
0.059,45,0,0.391,4310.0,5,0,1,0,1.0,0
0.1333,59,0,0.499,13820.0,10,0,0,0,1.0,1
0.0817,74,0,0.8158,5412.0,7,0,2,0,2.0,0
0.048,57,0,0.3725,8147.0,11,0,0,0,1.0,0
0.0382,71,0,0.2393,1694.0,2,0,2,0,1.0,0
0.6232,74,0,0.0488,6468.0,10,0,0,0,3.0,0
0.4253,44,0,0.3077,,9,0,3,0,0.0,0
0.3754,56,0,0.3788,3595.0,7,0,0,0,0.0,0
0.7179,46,0,0.2984,,12,0,3,0,0.0,0
0.5191,31,0,0.5666,13438.0,11,0,1,0,0.0,0
0.0967,57,0,0.4686,26514.0,6,0,1,0,2.0,0
0.2303,37,0,0.2547,,5,0,0,0,1.0,0
6.7791,59,0,0.3599,7756.0,15,0,1,0,0.0,0
0.6084,30,0,0.0934,1702.0,5,0,2,0,1.0,0
1.0351,54,0,0.4564,8556.0,10,0,0,0,1.0,0
0.7864,30,0,0.6573,5790.0,10,0,0,0,0.0,0
0.6176,61,0,0.26,7430.0,6,0,0,0,0.0,0
0.7052,46,0,0.0573,2949.0,6,0,2,0,2.0,0
0.2641,45,0,0.4108,6451.0,9,0,2,0,0.0,0
0.1539,68,0,0.3083,9729.0,8,0,1,0,1.0,0
0.193,47,0,0.7627,,6,0,2,0,2.0,0
0.1656,54,0,0.2353,6898.0,11,0,1,0,0.0,0
1.0779,49,0,0.5531,8021.0,10,0,1,0,2.0,0
0.8548,59,0,0.2614,2013.0,8,0,1,0,0.0,0
0.0549,67,0,0.6856,5643.0,7,0,3,0,0.0,0
0.1451,64,0,0.7054,7396.0,8,0,1,0,0.0,0
1.9874,45,0,0.595,,13,0,1,0,1.0,0
0.0615,69,0,0.1539,12336.0,10,0,0,0,1.0,0
0.1689,39,0,0.4327,15472.0,8,0,0,0,1.0,0
0.1426,42,2,0.6895,,4,0,2,0,0.0,0
0.6383,50,0,0.7771,3459.0,13,0,2,0,2.0,0
5.4174,67,0,0.0553,9772.0,4,0,0,0,2.0,0
0.3791,36,0,0.3056,13968.0,12,0,1,0,1.0,0
0.1538,64,0,0.4555,5108.0,4,0,1,0,,0
1.4606,51,0,0.5463,9544.0,5,0,1,0,0.0,0
0.1071,46,0,0.352,4978.0,10,0,0,0,0.0,0
1.4331,67,0,0.2483,2725.0,10,0,1,0,1.0,0
0.5456,41,0,0.0416,2931.0,9,0,0,0,1.0,0
0.3531,84,0,0.1885,11836.0,6,0,3,0,0.0,0
0.2623,50,0,0.1041,4511.0,5,0,1,0,1.0,0
1.8375,54,0,0.1457,4495.0,10,0,0,0,1.0,0
1.9226,74,0,1.0772,3730.0,6,0,1,0,2.0,1
0.3001,54,0,0.1501,9274.0,10,0,1,0,,0
0.2387,69,0,0.4571,7899.0,10,0,1,0,1.0,0
0.0299,25,0,0.315,,9,0,2,0,0.0,0
1.0505,46,0,0.3965,3928.0,6,0,0,0,0.0,0
0.5369,58,0,0.057,7712.0,11,0,1,0,1.0,0
4.9278,67,0,0.3867,3424.0,6,0,1,0,1.0,0
0.1265,63,0,0.4084,10441.0,5,0,0,0,0.0,0
0.1697,61,0,0.7066,4343.0,8,0,1,0,2.0,0
0.1938,67,0,0.3793,16390.0,7,0,1,0,0.0,0
0.4726,59,0,0.6023,27803.0,3,0,2,0,2.0,0
0.3927,22,0,0.5707,3800.0,8,0,0,0,0.0,0
0.065,72,0,0.5557,3186.0,9,0,0,0,3.0,0
0.7487,40,0,0.4884,3315.0,3,0,0,0,0.0,0
0.409,56,0,0.9598,3596.0,12,0,2,0,0.0,0
0.1422,55,0,0.4378,5138.0,8,0,0,0,1.0,0
0.3844,53,0,0.3921,5747.0,9,0,1,0,0.0,0
0.7304,37,0,1.0256,9102.0,3,0,1,0,1.0,0
1.8783,25,0,0.321,3817.0,7,0,0,0,,0
0.4553,38,0,0.5715,4038.0,7,0,0,0,0.0,0
0.2331,64,0,0.325,6070.0,7,0,0,0,1.0,0
0.3944,32,0,0.4344,,10,0,0,0,0.0,0
0.7983,40,0,0.3943,2935.0,10,0,0,0,0.0,0
0.1896,58,0,0.1647,3885.0,6,0,2,0,0.0,0
2.039,38,0,0.4627,,8,0,1,0,0.0,0
2.355,44,0,0.1014,6750.0,7,0,0,0,0.0,0
4.8404,53,0,0.4844,,13,0,2,0,2.0,0
0.2217,56,0,0.5757,2850.0,4,0,2,0,3.0,0
0.0157,37,0,0.6499,,9,0,1,0,2.0,0
0.3752,54,0,0.3789,7934.0,6,0,3,0,2.0,0
0.4621,58,0,0.0486,17644.0,8,0,0,0,0.0,0
0.5733,34,0,0.6131,5846.0,6,0,1,0,1.0,0
0.2212,55,0,0.5693,,7,0,0,0,0.0,0
0.2782,42,0,1.0096,,13,0,0,0,1.0,0
0.4527,54,0,0.6464,8578.0,9,0,0,0,1.0,0
0.6583,62,0,0.1141,,11,0,0,0,0.0,0
0.1659,50,0,0.6725,2867.0,8,0,0,0,0.0,1
0.9549,65,1,0.2934,7719.0,9,0,1,0,0.0,0
0.956,63,0,0.187,1479.0,13,0,0,0,1.0,0
0.0098,65,0,0.0478,13602.0,7,0,2,0,2.0,0
0.0058,58,0,0.9483,5753.0,10,0,2,0,0.0,0
0.7469,67,0,0.5074,15018.0,12,0,0,0,0.0,0
0.0473,57,0,0.8003,6927.0,8,0,1,0,0.0,0
0.4963,29,3,0.3353,4075.0,7,0,0,0,0.0,0
1.1955,41,0,0.1499,4223.0,13,0,0,0,0.0,0
0.0342,49,0,0.3089,2498.0,8,0,0,0,3.0,0
0.128,51,0,0.5954,9981.0,16,0,1,0,2.0,0
0.964,57,0,0.0432,,8,0,0,1,2.0,0
4.1393,41,0,0.3983,3633.0,6,0,1,1,0.0,0
0.7872,80,0,0.1857,4865.0,6,0,0,0,0.0,0
1.1879,51,0,0.2893,5875.0,8,0,0,0,1.0,0
5.7631,52,2,0.5586,3518.0,8,0,2,0,0.0,0
0.929,43,0,0.3074,1546.0,7,0,0,0,0.0,0
0.481,38,0,0.1442,4396.0,7,0,2,0,0.0,0
0.2864,50,0,0.1603,,6,0,2,0,2.0,0
2.2774,52,0,0.6544,2250.0,13,0,3,0,1.0,0
0.1058,51,0,0.5981,6118.0,3,0,2,0,1.0,0
0.422,75,0,0.4285,,9,0,1,0,0.0,1
0.5461,50,0,0.6571,,5,0,0,0,4.0,0
0.314,51,0,0.4797,,9,0,1,0,0.0,0
0.4032,63,0,0.4618,,4,0,4,0,1.0,0
0.4365,50,0,0.3662,,6,0,0,0,0.0,0
0.0663,60,0,0.2837,6101.0,4,0,2,0,0.0,0
0.3208,34,0,0.6306,8804.0,10,0,1,0,,0
0.1221,34,0,0.5756,2831.0,11,0,0,0,3.0,0
0.3484,54,0,0.4042,4003.0,10,0,1,0,1.0,0
0.4716,49,0,0.4702,8453.0,11,0,1,0,0.0,0
0.5164,41,0,0.1398,,8,0,0,0,3.0,0
0.2896,54,0,0.7589,,7,0,1,0,3.0,0
0.5928,55,0,0.0649,13918.0,7,0,0,1,0.0,0
0.1736,42,0,0.4772,,9,0,1,0,0.0,0
0.1348,45,0,0.2088,4694.0,11,0,0,0,0.0,0
0.0379,55,0,0.2754,4985.0,8,0,2,0,2.0,0
0.5012,38,0,0.7782,1693.0,11,0,0,0,3.0,0
0.2728,44,0,0.2422,7566.0,8,0,0,0,2.0,0
3.4152,59,0,0.3836,7865.0,7,0,2,0,1.0,0
0.0148,52,0,0.3984,,15,0,1,0,0.0,0
0.5979,45,0,0.5681,6165.0,7,0,0,0,4.0,0
0.2306,39,0,0.247,3821.0,9,0,2,0,0.0,0
0.3334,38,0,1.1774,7033.0,9,0,0,0,3.0,0
0.1572,50,0,1.2133,7620.0,9,0,1,0,0.0,0
1.5643,80,2,0.165,3413.0,6,0,0,0,1.0,0
0.7062,60,0,0.2164,1768.0,10,0,3,0,0.0,0
0.5529,33,0,0.8504,3684.0,10,0,0,0,0.0,0
0.1656,62,0,0.7644,6973.0,13,0,1,0,1.0,0
0.2673,41,0,0.1695,,8,0,1,0,0.0,0
0.3309,52,0,0.0632,7668.0,7,0,1,0,1.0,0
0.3308,44,0,1.2629,1523.0,8,0,1,0,0.0,0
0.0964,80,0,0.4307,12179.0,4,0,1,0,0.0,0
0.1181,36,0,0.3729,5266.0,10,0,1,0,0.0,0
0.0789,56,0,0.6855,9599.0,8,0,1,0,1.0,0
0.0989,42,0,0.3478,4005.0,7,0,2,0,0.0,0
0.1175,62,0,0.3754,2382.0,14,0,2,0,1.0,0
4.114,56,0,0.6395,3104.0,10,0,1,0,0.0,0
1.6361,70,0,0.6346,6573.0,8,0,0,0,2.0,0
0.2855,62,0,0.1624,,7,0,1,0,1.0,0
0.9202,42,0,0.0863,2760.0,3,0,0,0,3.0,0
0.4559,93,0,0.5418,8531.0,10,0,3,0,0.0,0
0.524,60,0,0.1814,6389.0,3,0,4,0,1.0,0
5.2,44,0,0.1134,2820.0,13,0,0,0,0.0,0
0.0016,55,0,0.2191,7048.0,4,0,1,0,0.0,0
0.4712,61,0,0.7101,2176.0,9,0,2,0,0.0,0
0.1786,60,0,0.3613,5766.0,5,0,1,0,0.0,0
1.1503,59,1,0.8557,6435.0,3,0,3,0,3.0,0
0.2222,66,0,0.0335,8338.0,8,0,0,0,1.0,0
0.2969,64,0,0.2344,2930.0,11,0,1,0,1.0,0
0.3178,40,0,0.3225,5692.0,5,0,4,0,3.0,0
0.6093,82,0,0.2011,7042.0,3,0,0,0,1.0,0
0.9444,80,0,0.4672,4386.0,5,0,2,0,1.0,0
0.2162,63,0,0.3429,9834.0,3,0,1,0,0.0,0
2.4722,53,0,0.5649,7253.0,13,0,1,0,,0
0.3734,53,0,0.4756,3041.0,6,0,0,0,0.0,0
0.1576,47,0,1.2249,,6,0,1,0,1.0,0
0.002,49,0,0.3104,6862.0,10,0,0,0,0.0,0
0.3446,21,0,0.6262,4527.0,6,0,0,0,1.0,0
0.304,73,0,0.167,4214.0,13,0,0,0,0.0,0
0.1469,68,0,0.8217,3873.0,7,0,0,0,1.0,0
0.3281,29,0,0.1969,3841.0,11,0,0,0,0.0,0
0.5835,64,0,0.3836,8771.0,9,0,0,0,0.0,0
0.5999,52,0,0.6119,4300.0,8,0,0,0,2.0,0
0.1382,49,0,0.387,,10,0,2,0,1.0,0
0.1623,59,0,0.7362,,13,0,0,0,,0
0.1088,28,0,0.1411,9037.0,6,0,2,0,0.0,1
0.0464,52,0,0.4735,14782.0,4,0,0,0,3.0,0
0.0644,53,1,0.158,5445.0,7,0,1,0,0.0,0
0.1815,53,0,0.2011,8125.0,12,0,2,0,2.0,0
0.6238,33,0,0.643,8560.0,9,0,1,0,0.0,0
0.317,58,0,0.6544,,7,0,0,0,1.0,0
0.8158,67,0,0.4429,7055.0,5,0,4,0,5.0,0
1.2295,58,0,0.5848,3679.0,6,0,1,0,1.0,0
0.1917,49,0,1.2347,3547.0,10,0,0,0,0.0,0
0.1603,90,0,0.1946,3547.0,12,0,1,0,1.0,0
0.463,39,0,0.7245,3820.0,6,0,2,0,2.0,0
0.2284,63,0,0.2746,5493.0,4,0,1,0,0.0,0
0.6642,55,0,0.6487,4563.0,6,0,2,0,1.0,1
3.3216,80,0,0.4073,5817.0,6,0,1,0,1.0,0
3.8497,57,0,0.51,6288.0,8,0,0,0,0.0,0
0.1818,60,1,0.3774,2905.0,6,0,0,1,,0
1.059,59,0,0.4819,1081.0,5,0,1,0,,0
0.2651,37,0,0.2113,,11,0,2,0,0.0,0
0.2683,40,0,0.6392,2913.0,13,0,0,0,0.0,0
0.52,48,0,0.7794,4952.0,8,0,1,0,1.0,0
0.7138,65,0,0.8689,1344.0,10,0,2,0,0.0,0
0.0614,55,0,0.3914,2575.0,10,0,0,0,0.0,0
0.2757,49,1,0.3039,11501.0,6,0,1,3,1.0,0
0.0895,71,0,0.6141,4300.0,6,0,1,0,0.0,0
1.0165,24,0,0.0742,3699.0,2,0,2,0,1.0,0
0.5617,34,0,0.6246,,8,0,1,0,1.0,0
1.356,21,0,0.415,5888.0,9,0,1,0,2.0,0
0.2232,69,0,0.6266,18297.0,4,0,1,0,2.0,0
0.2117,51,0,0.5759,4017.0,8,0,1,0,0.0,0
5.81,66,0,0.4913,14245.0,8,0,3,0,2.0,0
1.8611,50,0,0.1744,,5,0,1,0,0.0,0
0.9689,66,0,0.7583,13525.0,14,0,1,0,0.0,0
0.4769,50,0,0.7907,2523.0,9,0,1,0,1.0,0
0.1279,58,0,0.6985,,7,0,2,0,0.0,0
4.9176,56,1,0.548,,10,1,2,0,1.0,0
0.1872,57,0,0.4061,4762.0,8,0,0,0,3.0,0
11.0437,76,0,0.2386,,5,0,0,0,2.0,0
0.3408,29,0,0.4769,11239.0,7,0,0,0,3.0,0
0.4959,51,0,0.5107,4555.0,8,0,1,0,1.0,0
0.6089,55,0,0.4446,3591.0,9,0,2,0,2.0,0
0.077,53,0,0.0994,7423.0,7,0,0,0,0.0,0
0.1279,46,0,1.0253,5666.0,7,0,1,0,1.0,0
0.9178,45,0,0.6718,2717.0,11,0,1,0,3.0,0
0.1449,73,0,0.5751,4713.0,8,0,1,0,0.0,0
0.2862,51,0,0.4323,,14,0,1,0,1.0,0
2.5982,86,0,0.7889,,8,0,2,0,1.0,1
0.5844,59,0,0.1877,13824.0,8,0,1,0,0.0,0
0.1931,48,0,0.0706,6983.0,6,0,0,0,,0
0.5899,60,0,0.4583,,3,0,4,0,1.0,0
0.7387,54,0,0.0849,7627.0,8,0,3,0,1.0,0
0.1176,71,0,0.3472,,7,0,1,0,0.0,0
0.1057,36,1,0.4327,1598.0,6,0,4,0,1.0,0
0.239,27,0,0.65,2909.0,6,0,3,0,1.0,0
0.4698,57,0,0.4506,6119.0,11,0,0,0,1.0,0
0.0392,64,0,0.7764,14892.0,8,0,1,0,0.0,0
0.4937,56,0,1.2409,9144.0,9,0,1,0,1.0,0
0.5613,61,0,0.4767,4283.0,9,0,0,0,3.0,0
0.4084,59,0,0.4832,6588.0,8,0,1,0,0.0,0
0.6288,31,0,0.3313,12992.0,8,0,1,0,1.0,0
0.1263,56,0,0.6554,,5,0,0,0,1.0,0
0.0319,70,0,0.5608,11336.0,4,0,0,0,0.0,0
0.2588,54,1,0.2098,,6,2,1,0,1.0,0
0.3233,34,0,0.2081,2388.0,4,0,1,0,1.0,0
4.5393,47,0,0.7102,6337.0,11,0,1,0,1.0,0
0.9398,60,0,0.636,7033.0,15,0,0,0,,0
0.3073,77,0,0.8011,6436.0,7,0,0,0,1.0,0
0.4161,25,0,0.3179,2652.0,5,0,2,1,0.0,0
12.352,57,0,0.3215,6830.0,10,0,2,0,0.0,0
0.3083,39,0,0.5245,6247.0,7,0,0,0,0.0,0
0.697,59,0,0.2971,6710.0,17,0,0,0,1.0,0
0.5117,60,0,0.2068,2502.0,5,0,1,0,0.0,0
0.3743,49,0,0.378,,7,0,3,0,1.0,0
0.4263,61,0,0.6378,9781.0,10,0,0,0,0.0,0
0.2292,68,0,0.6074,26901.0,14,0,0,0,1.0,0
0.6894,50,0,0.59,7578.0,8,0,2,0,0.0,0
0.2408,33,0,0.8548,,8,0,0,0,0.0,0
0.43,72,0,0.2673,,8,0,0,0,1.0,0
0.3521,64,0,0.6662,9449.0,5,0,2,0,1.0,0
0.2161,60,0,0.2451,,8,0,1,0,1.0,0
0.3482,42,0,0.6635,,9,0,1,0,,0
0.5085,66,0,0.837,2972.0,4,0,1,0,0.0,0
0.9681,81,0,0.1465,,12,0,2,0,1.0,0
1.2751,50,0,0.5918,3481.0,6,0,1,0,0.0,1
1.6722,53,0,0.7089,21083.0,11,0,1,0,0.0,0
0.1602,37,0,0.1054,3240.0,9,0,0,0,2.0,0
0.0122,42,0,0.3249,6278.0,6,0,1,0,2.0,0
0.252,37,0,0.1875,3538.0,9,0,2,0,0.0,0
0.1541,54,0,0.4329,2298.0,8,0,0,0,0.0,0
0.1302,47,0,0.3992,6510.0,10,0,2,0,0.0,0
2.4272,57,0,0.749,,12,0,0,0,3.0,0
0.8597,40,0,0.4398,,6,0,1,0,0.0,0
0.6967,50,0,0.1318,,6,0,2,0,1.0,0
0.5693,39,1,0.5011,,11,0,0,0,1.0,0
0.7473,55,0,0.3981,2015.0,2,0,0,0,,0
0.2126,29,0,0.0931,5471.0,8,0,3,0,1.0,0
0.067,54,0,0.7132,13176.0,10,0,1,0,0.0,0
0.6246,48,0,0.0568,5167.0,8,0,1,0,0.0,1
0.1554,55,0,0.6139,6320.0,7,0,0,0,0.0,0
0.0117,29,0,0.4339,2160.0,5,0,1,0,1.0,0
0.7883,61,0,0.3791,13611.0,9,0,2,0,3.0,0
0.1009,48,0,0.1142,4137.0,4,0,1,0,0.0,0
0.2159,55,0,0.2195,18746.0,3,0,2,0,0.0,0
0.4986,26,0,0.7912,,8,0,1,0,0.0,1
0.4654,35,0,0.3811,4894.0,10,0,1,0,1.0,0
0.6583,47,0,0.2765,2401.0,12,0,0,0,0.0,0
0.4176,71,0,0.5147,4491.0,17,0,1,0,1.0,0
1.2715,59,0,0.4687,828.0,8,0,3,0,2.0,0
0.5793,54,0,0.3187,6875.0,6,0,2,0,0.0,0
0.2541,39,0,0.192,2495.0,6,0,0,0,3.0,0
0.6343,37,0,0.2939,,13,0,2,0,0.0,0
0.4939,56,0,0.658,11665.0,12,0,1,0,0.0,0
0.9604,62,0,0.7647,3498.0,10,0,0,0,0.0,0
0.8162,55,0,0.9981,20651.0,6,0,1,0,0.0,0
2.5025,76,0,0.4067,2897.0,7,0,2,0,0.0,1
0.9187,42,0,0.5383,1792.0,10,0,1,0,0.0,1
0.4461,55,0,0.2399,,8,0,0,0,,0
2.9021,28,0,0.2777,5448.0,7,0,2,0,0.0,0
2.7945,55,0,0.1766,3928.0,6,0,1,0,1.0,0
0.1054,73,0,0.5771,2770.0,10,0,3,0,0.0,0
0.858,37,0,0.7413,6884.0,8,0,1,0,0.0,0
0.0621,64,0,0.5289,8947.0,6,0,0,0,0.0,0
2.8376,72,0,0.9117,9020.0,6,0,1,0,0.0,0
0.4428,42,0,0.6397,4398.0,7,0,1,0,0.0,1
0.5471,59,0,0.8159,14208.0,12,2,2,0,1.0,0
0.3903,74,0,0.2672,,15,0,1,0,0.0,0
0.3935,55,0,0.3867,,6,0,1,0,0.0,0
0.5801,63,0,1.1535,10535.0,8,0,1,0,1.0,0
0.6296,27,0,0.8253,7603.0,10,0,1,0,0.0,0
0.1795,60,0,0.7281,14563.0,8,0,0,0,1.0,0
0.7848,59,0,0.2542,1393.0,5,0,1,0,0.0,0
0.5555,33,0,0.0954,5022.0,7,0,1,0,,0
0.3516,38,0,0.279,6408.0,9,0,2,0,0.0,0
0.6426,60,0,0.9213,2664.0,9,0,1,0,0.0,0
0.0407,48,0,0.4867,9363.0,11,0,0,0,3.0,0
0.7112,68,0,0.4494,12693.0,7,0,0,0,1.0,0
3.0395,56,0,0.3044,5507.0,8,0,1,0,0.0,0
5.6275,53,0,0.6762,6921.0,5,0,2,0,0.0,0
0.4658,50,0,0.8874,,1,0,0,0,1.0,0
0.1694,56,0,0.793,15942.0,4,0,2,0,1.0,0
0.2432,63,0,0.5811,11536.0,6,0,0,0,,0
0.2117,59,0,0.2181,,9,0,1,0,1.0,0
0.1307,46,0,0.2226,7568.0,7,0,0,0,2.0,0
0.2645,69,0,0.2936,13660.0,14,0,0,0,0.0,0
0.8164,61,0,0.5186,2648.0,9,0,1,0,1.0,0
0.5249,57,0,0.9807,7074.0,5,0,2,0,0.0,0
0.2908,53,0,0.4437,6638.0,5,0,3,0,1.0,0
0.0327,59,0,0.8199,4899.0,6,0,2,0,1.0,0
0.9981,26,0,0.5712,3341.0,10,0,0,0,1.0,0
0.2138,55,0,0.1989,6079.0,8,0,2,0,0.0,0
0.3419,75,0,0.6005,8255.0,4,0,0,0,,0
0.3739,55,0,0.5274,1691.0,14,0,1,0,2.0,0
0.6379,53,0,0.5602,5298.0,8,0,0,0,0.0,0
0.4102,44,0,0.5426,14015.0,5,0,0,0,1.0,0
1.0059,59,1,0.5377,11317.0,6,0,2,2,0.0,0
0.596,49,0,0.2617,6693.0,3,0,0,0,0.0,0
0.5117,70,0,0.3679,11403.0,5,0,0,0,0.0,0
0.7993,40,0,0.8951,13700.0,3,0,1,0,0.0,0
0.0914,46,0,0.5284,5155.0,5,0,0,0,0.0,0
8.9422,44,3,0.4872,2867.0,7,0,1,0,0.0,0
0.6166,78,0,0.6521,,10,0,2,0,0.0,0
1.4856,49,0,0.2528,2682.0,15,0,0,0,1.0,0
0.65,44,0,0.4685,,5,0,1,0,0.0,0
0.0,23,0,0.6961,4103.0,5,0,1,0,1.0,0
1.5015,39,0,0.2102,2803.0,11,0,2,0,0.0,0
4.2685,59,0,0.8564,18943.0,7,0,0,0,0.0,0
0.3209,59,0,0.2896,,8,0,3,0,1.0,0
0.0829,43,0,0.3594,3731.0,7,0,0,0,1.0,0
0.0719,44,0,0.3408,,4,0,0,0,0.0,0
0.042,78,0,0.5757,7151.0,7,0,2,0,0.0,0
1.1624,90,0,0.5992,9585.0,5,0,0,0,0.0,0
12.179,68,0,0.3281,,5,0,0,0,1.0,1
0.2777,74,0,0.857,17732.0,7,0,1,0,1.0,0
0.0037,77,0,0.7156,14352.0,4,0,0,0,0.0,0
0.4799,83,0,0.6399,,7,0,1,0,1.0,1
0.0582,48,0,0.0662,3833.0,6,0,2,0,0.0,0
0.2974,40,0,0.6806,,7,0,0,0,0.0,0
0.1443,78,0,0.5018,,13,0,4,0,1.0,0
0.5866,38,0,0.6434,,7,0,0,0,0.0,1
0.4117,38,0,0.0412,2649.0,4,0,0,0,0.0,0
0.4498,38,0,0.468,3947.0,12,0,1,0,0.0,0
0.2176,50,0,0.6336,6144.0,7,0,1,0,0.0,0
0.4917,24,0,0.1941,7982.0,7,0,1,0,0.0,0
0.3836,32,0,0.2702,6504.0,7,0,1,0,0.0,0
0.4845,43,0,0.1896,,11,0,0,0,1.0,0
0.3323,35,0,0.0542,6826.0,5,0,0,0,0.0,0
4.38,67,0,0.4102,12360.0,6,0,2,0,1.0,0
7.486,52,1,0.8669,,7,0,1,0,,0
0.2568,60,0,0.0988,2164.0,7,0,1,0,1.0,0
1.3617,59,0,1.4809,2691.0,11,0,0,0,1.0,1
0.5479,49,0,0.1585,3991.0,9,0,1,0,2.0,0
3.6153,66,0,0.1962,11536.0,5,0,0,0,2.0,0
0.3956,58,0,0.8202,,6,0,1,0,2.0,0
0.5084,48,1,0.5501,5896.0,12,0,0,0,1.0,0
1.1506,28,0,0.311,3275.0,6,0,2,0,1.0,0
0.1004,59,0,0.4118,3178.0,15,0,2,0,0.0,0
0.942,34,0,0.2861,3938.0,11,0,0,0,1.0,0
0.5523,57,0,0.1147,4651.0,5,0,3,0,0.0,1
1.9343,53,0,0.273,4891.0,6,0,0,0,1.0,0
0.3772,33,4,0.7304,1301.0,10,0,0,0,2.0,0
0.3827,56,0,0.2753,2348.0,6,0,2,0,0.0,0
0.2162,55,0,0.3256,7225.0,7,0,2,0,0.0,0
0.5389,55,0,0.2444,9059.0,4,0,1,0,1.0,0
0.2569,54,0,0.1844,5079.0,14,0,2,0,1.0,0
0.1913,43,0,0.4465,2462.0,6,0,2,0,0.0,0
0.827,60,0,0.4178,7692.0,12,0,3,0,1.0,0
0.0655,42,0,0.9073,1454.0,11,0,2,0,0.0,0
0.3936,37,0,0.7702,7191.0,18,0,2,0,1.0,0
0.0367,61,0,1.1005,8838.0,5,0,0,0,0.0,0
0.1388,65,0,0.2911,5604.0,3,0,1,0,,0
0.1962,60,0,1.0454,4482.0,11,0,1,0,1.0,0
0.5697,49,0,0.6326,,7,0,1,0,1.0,0
0.3859,25,0,0.7676,2148.0,11,0,0,0,1.0,0
0.597,73,0,0.2103,,6,0,0,0,0.0,1
0.806,25,0,0.6285,2963.0,8,0,0,0,2.0,0
0.2422,60,0,0.6972,10356.0,8,0,1,0,3.0,0
0.6062,82,0,0.1177,3934.0,8,0,2,0,1.0,1
0.605,54,0,0.2541,,10,0,0,0,0.0,0
1.0681,56,0,0.4269,13905.0,5,0,2,0,0.0,0
0.6425,57,0,0.5968,,15,0,1,0,0.0,0
0.0375,55,0,0.4591,1980.0,8,0,0,0,0.0,0
0.0031,85,0,0.6126,14960.0,7,0,1,0,1.0,0
0.2197,40,0,0.0384,,5,0,0,0,1.0,0
0.2343,38,0,0.0694,4332.0,10,0,0,0,1.0,0
0.6665,47,0,0.418,12247.0,4,0,1,0,0.0,0
0.3473,76,0,0.5757,3153.0,9,0,0,0,0.0,0
0.1972,44,0,0.4401,14429.0,10,0,1,0,1.0,0
0.5645,58,0,0.2661,11413.0,4,0,1,0,2.0,1
0.8533,67,0,0.2515,3087.0,14,0,0,0,1.0,0
0.2649,63,0,0.4026,7974.0,8,0,1,0,1.0,0
5.0585,66,1,1.5024,3267.0,7,0,0,2,1.0,0
0.4903,72,0,0.0134,5069.0,5,0,1,0,0.0,0
1.6166,56,0,0.6015,13993.0,9,0,0,0,1.0,0
0.5167,46,0,0.3523,4078.0,11,0,0,0,3.0,0
1.2898,54,0,0.5939,3340.0,10,0,3,0,0.0,0
0.0652,47,0,0.9896,4694.0,6,0,1,0,0.0,0
1.2561,87,0,0.5198,1671.0,7,0,0,0,0.0,0
0.6437,45,0,0.4853,,6,0,0,0,1.0,0
0.5963,59,0,1.4375,8064.0,8,0,2,0,2.0,0
0.8,31,0,0.5683,,6,0,1,0,1.0,0
0.9578,54,0,0.4865,,6,0,0,0,1.0,0
0.7302,48,0,1.0024,5511.0,4,0,3,0,1.0,0
7.2309,61,0,0.8987,2690.0,14,0,0,0,4.0,0
1.3806,62,0,0.6391,3600.0,11,0,2,0,0.0,0
0.356,72,0,0.6419,3645.0,12,0,0,0,2.0,0
0.6904,71,0,0.4155,,11,0,0,0,0.0,0
0.2597,51,0,0.2657,,7,0,2,0,1.0,0
0.09,39,0,0.1907,13104.0,10,0,2,0,0.0,0
0.5067,40,0,0.6211,6657.0,12,0,0,0,0.0,0
0.9577,56,0,0.4739,10572.0,13,0,1,0,0.0,0
0.2956,54,0,0.9042,3301.0,9,0,1,0,0.0,0
4.7423,56,2,0.2113,7104.0,10,0,2,0,1.0,0
0.3261,45,0,0.4344,,7,0,1,0,1.0,0
0.6658,72,0,0.3712,12733.0,8,0,1,0,1.0,0
0.2574,31,0,0.347,3869.0,11,0,1,0,1.0,0
0.2265,44,0,0.328,11932.0,4,0,2,0,1.0,0
1.2076,37,0,0.5758,2765.0,13,0,0,0,0.0,0
0.6154,49,0,0.6629,3773.0,3,0,1,0,0.0,1
4.3032,69,0,1.1012,,7,0,0,0,0.0,1
0.0527,48,0,0.9095,7835.0,6,0,3,0,1.0,0
0.242,53,1,0.2702,3467.0,6,0,2,0,0.0,0
0.019,61,0,0.5769,3750.0,9,0,1,0,2.0,0
0.2555,47,0,0.7001,2613.0,11,0,2,0,1.0,0
0.984,57,0,0.6319,15945.0,7,0,1,0,3.0,0
1.0973,56,0,0.1016,,10,0,0,0,0.0,0
0.4737,36,0,0.5428,1932.0,8,0,1,0,0.0,0
0.8696,45,0,0.7355,7298.0,5,0,1,0,3.0,0
1.5605,57,0,0.8689,,6,0,0,0,,1
1.3011,70,0,0.3697,4420.0,4,0,1,0,1.0,0
0.205,70,0,0.613,2378.0,7,0,1,0,0.0,0
0.4331,81,0,0.2836,4864.0,7,0,1,0,1.0,0
0.1603,59,0,0.5204,,5,0,1,0,0.0,0
2.1591,46,0,0.2095,7352.0,6,0,0,0,1.0,0
0.2462,51,1,0.7455,2799.0,7,1,0,0,0.0,0
3.0053,50,0,0.5468,3562.0,6,0,1,0,0.0,0
0.1328,46,0,0.6093,3129.0,6,0,1,0,1.0,0
3.7146,57,0,0.1166,5743.0,13,0,0,0,1.0,0
0.7168,58,0,0.4877,8499.0,13,0,1,0,2.0,0
0.3098,36,0,0.4592,,13,0,0,0,,0
0.9026,67,1,0.8436,27376.0,9,1,0,1,0.0,0
0.4453,26,0,0.4232,4286.0,12,0,0,0,0.0,0
0.1793,49,0,0.6833,4492.0,4,0,1,0,2.0,0
0.1125,68,0,0.297,8994.0,17,0,0,0,0.0,0
0.2988,61,0,0.3801,8463.0,3,0,0,0,2.0,0
0.2321,47,0,0.3767,12586.0,6,0,0,0,3.0,0
4.5321,80,2,0.5042,4302.0,12,0,0,0,1.0,1
1.0638,46,0,0.6495,,8,0,0,0,1.0,1
4.6716,24,0,0.9696,2262.0,3,0,0,0,1.0,0
0.357,58,0,0.4184,5796.0,6,0,0,0,0.0,0
0.3947,27,0,0.7021,3298.0,10,0,2,0,0.0,0
0.4216,40,0,0.2056,4328.0,12,0,0,0,0.0,0
0.359,61,0,0.3404,2757.0,7,0,0,0,0.0,0
0.5835,46,0,1.1232,12097.0,7,0,1,0,1.0,0
0.4938,60,0,0.5828,3756.0,7,0,1,0,2.0,0
0.1216,36,0,0.6377,4251.0,7,0,2,0,2.0,0
0.9955,64,0,0.5473,4383.0,6,0,3,0,1.0,0
0.2391,28,5,0.419,9277.0,7,0,0,0,0.0,1
0.2994,70,0,0.3509,3434.0,7,0,3,0,0.0,0
0.2236,45,0,0.1525,3653.0,6,0,2,0,0.0,0
0.104,73,0,0.6439,5098.0,7,0,1,0,0.0,0
0.683,40,0,0.6027,4432.0,9,0,0,0,1.0,1
0.3174,79,0,0.5804,,9,0,0,0,0.0,0
0.5006,39,0,0.4795,2885.0,11,0,0,0,1.0,0
0.0505,27,0,0.4768,5984.0,7,0,1,0,1.0,0
1.4197,53,0,0.4543,2534.0,10,0,0,0,0.0,0
0.205,69,0,0.4219,1565.0,8,0,3,0,0.0,0
0.0578,63,0,0.1596,2128.0,7,0,1,0,0.0,0
0.518,68,0,0.3278,,4,0,2,0,3.0,0
0.1315,63,1,0.2153,,4,0,4,1,1.0,0
0.6004,41,0,0.3422,,8,0,2,0,0.0,0
0.0558,63,0,0.2883,5911.0,13,0,2,0,,0
4.458,53,0,0.804,4830.0,12,0,2,0,2.0,0
0.5014,42,0,0.4911,6254.0,5,0,0,0,0.0,0
0.0066,55,0,0.1955,5428.0,7,0,0,0,0.0,0
0.49,51,0,0.2823,5558.0,8,0,2,0,3.0,0
0.1534,72,0,0.0585,,4,0,1,0,0.0,0
0.545,45,0,0.6394,3833.0,6,0,1,0,2.0,1
0.2469,44,1,0.3975,10760.0,12,0,2,0,0.0,0
0.1465,42,0,0.3563,20558.0,7,0,4,0,,0
1.076,79,0,0.3334,,13,0,1,0,0.0,0
0.5373,43,0,0.3272,5905.0,4,0,2,0,0.0,0
0.2135,70,0,0.2998,2557.0,5,0,1,0,1.0,0
0.22,38,0,0.3416,7756.0,7,0,1,0,0.0,0
0.815,59,0,0.3371,,9,0,2,0,1.0,0
0.2043,56,0,0.418,5072.0,11,0,0,0,0.0,0
0.4404,69,0,0.2315,3738.0,12,0,2,0,1.0,0
0.3016,67,0,0.7079,6884.0,7,0,1,0,1.0,0
0.4465,53,0,0.2892,2578.0,9,0,1,0,0.0,0
0.1567,44,0,0.4117,14145.0,11,0,1,0,0.0,0
0.2745,75,0,0.7335,4875.0,6,0,3,0,1.0,0
0.0436,43,0,0.2635,11287.0,9,0,1,0,0.0,0
0.4754,21,0,0.246,4157.0,8,0,4,0,,0
0.3348,26,1,0.0489,3673.0,8,0,1,1,2.0,0
2.2336,29,0,0.8785,6798.0,12,0,0,0,1.0,0
0.2328,60,0,0.5814,4334.0,9,0,0,0,0.0,0
0.3478,83,0,0.1759,,8,0,0,0,0.0,0
0.341,23,0,0.9033,9428.0,10,0,1,0,0.0,0
3.9684,41,0,0.0925,4659.0,12,0,4,0,1.0,0
0.4284,53,0,0.6275,,5,0,3,0,,0
2.4232,74,0,0.5234,17671.0,5,0,1,0,0.0,0
0.0287,41,0,0.2703,5398.0,8,0,1,0,0.0,0
2.6388,60,0,0.0758,4744.0,12,0,1,0,0.0,1
0.115,48,0,0.6752,5522.0,10,0,0,0,1.0,0
0.5154,89,0,0.4362,12147.0,5,0,2,0,1.0,0
0.4107,54,0,0.1476,1501.0,12,0,1,0,4.0,0
1.2224,57,0,0.3475,5774.0,5,0,0,0,1.0,0
0.5703,53,0,0.2695,,5,0,2,0,2.0,0
1.8758,46,0,0.644,2852.0,12,0,1,0,1.0,0
0.5559,65,0,0.2396,23561.0,4,0,0,0,3.0,0
0.2921,36,0,0.6661,11645.0,5,0,2,0,0.0,0
0.0731,24,0,0.2076,,7,0,1,0,,0
0.1658,50,0,0.5674,1716.0,7,0,1,0,0.0,0
1.647,63,2,0.63,6059.0,4,1,0,1,0.0,0
0.5749,44,0,0.7107,2155.0,5,0,2,0,1.0,0
0.2263,55,0,0.4694,,6,0,0,0,0.0,0
8.9987,35,0,0.2882,,7,0,1,0,2.0,0
1.9719,67,0,0.3962,10859.0,8,0,1,0,0.0,0
0.0034,61,0,0.2273,4162.0,7,0,0,0,2.0,0
0.0469,52,0,0.7584,8912.0,9,0,0,0,0.0,0
0.3491,54,2,0.6019,3964.0,8,0,1,0,0.0,0
0.3578,32,0,0.4208,1938.0,6,0,0,0,2.0,0
0.8503,33,2,0.224,,7,1,2,2,1.0,0
0.6151,50,0,0.4908,4662.0,4,0,1,0,1.0,0
0.2993,59,0,0.0859,4829.0,6,0,1,0,0.0,0
0.1374,60,0,0.8737,11517.0,4,0,0,0,3.0,0
0.5343,47,0,0.4117,8561.0,7,0,2,0,0.0,0
0.025,62,0,0.5903,3479.0,4,0,0,0,0.0,0
0.6638,72,0,0.3041,3847.0,7,0,3,0,0.0,0
0.5593,51,0,0.2067,,15,0,0,0,3.0,0
0.8778,56,1,0.0709,5875.0,9,0,0,0,0.0,0
0.3826,49,0,0.2527,,14,0,0,0,1.0,0
0.0406,50,0,0.1401,5900.0,5,0,1,0,0.0,0
0.3289,54,0,0.4299,,10,0,3,0,1.0,0
3.8046,76,0,0.5157,5796.0,10,0,2,0,0.0,0
0.4827,65,0,0.4417,5323.0,4,0,2,0,3.0,0
0.4937,64,0,0.4713,10542.0,5,0,2,0,0.0,0
0.9862,46,1,0.9993,9194.0,10,0,0,6,1.0,0
0.1489,39,0,0.8464,2868.0,5,0,0,0,1.0,0
0.3028,57,0,0.4068,17971.0,10,0,1,0,1.0,0
0.017,69,0,0.2554,5627.0,9,0,0,0,1.0,0
0.1349,76,0,0.2428,2060.0,12,0,1,0,2.0,0
1.1784,21,1,0.7926,2257.0,10,0,1,0,2.0,0
0.02,86,0,0.159,13313.0,9,0,3,0,0.0,0
0.5334,58,0,0.49,4685.0,7,0,1,0,0.0,0
0.3778,65,0,0.5886,4137.0,11,0,1,0,,0
0.0481,28,0,0.3606,4984.0,9,0,2,0,1.0,0
0.5886,49,0,0.746,6620.0,4,0,2,0,2.0,0
0.3805,64,0,0.1264,,4,0,2,0,1.0,0
0.7492,36,0,0.1925,3644.0,6,0,0,0,1.0,0
0.6881,21,0,0.2477,,9,0,1,0,0.0,1
0.1731,57,0,0.3909,3628.0,9,0,2,0,1.0,0
0.6155,51,0,0.9328,,8,0,3,0,1.0,1
0.1049,72,0,0.1989,2324.0,7,0,3,0,0.0,0
0.0712,50,2,0.3846,3776.0,6,0,0,0,0.0,0
0.2263,51,0,0.2369,,19,0,0,0,0.0,0
1.3166,62,0,0.2191,2532.0,3,0,2,0,2.0,0
0.2698,66,0,0.4481,,8,0,0,0,2.0,0
0.2621,42,0,0.1699,893.0,6,0,0,0,3.0,0
0.4727,65,2,0.3221,1317.0,7,1,2,2,1.0,0
0.2409,45,0,0.1917,4041.0,13,0,1,0,1.0,0
0.5851,52,0,1.0809,3699.0,5,0,0,0,1.0,0
0.4185,61,0,0.1716,,4,0,2,0,0.0,0
0.3424,64,1,0.1979,6205.0,9,1,3,0,0.0,0
1.1195,56,0,0.5469,7957.0,2,0,0,0,0.0,0
0.2706,37,2,0.4086,,15,0,1,0,,0
0.1936,26,0,0.3895,6795.0,13,0,1,0,1.0,0
0.7991,49,0,1.0501,,11,0,1,0,1.0,1
2.097,66,0,0.3532,8228.0,7,0,1,0,0.0,1
0.1009,58,0,0.6411,,12,0,1,0,0.0,0
0.414,55,0,0.5628,3696.0,9,0,0,0,1.0,0
0.8314,52,5,0.1923,2371.0,11,0,0,0,0.0,0
1.4939,56,1,0.2345,4435.0,11,0,0,0,0.0,0
0.2824,38,0,0.2813,6918.0,5,0,3,0,0.0,0
0.4897,63,0,0.4006,4384.0,9,0,0,0,1.0,0
0.0719,64,0,0.7245,13808.0,9,0,0,0,0.0,0
0.4164,47,0,0.4885,6489.0,3,0,0,0,0.0,0
0.175,58,0,1.2166,7123.0,9,0,0,0,2.0,0
0.0334,28,0,0.1073,4033.0,7,0,0,0,1.0,0
0.2087,55,0,0.6727,5549.0,10,0,0,0,1.0,0
0.0652,50,0,0.6459,9113.0,8,0,2,0,0.0,0
0.2174,70,0,0.0599,7901.0,5,0,3,1,0.0,0
0.2382,49,0,0.7687,,12,0,2,0,0.0,0
0.8672,64,0,0.8206,7564.0,14,0,0,0,1.0,0
0.5164,47,0,0.0552,15782.0,6,0,1,0,0.0,0
0.3765,21,0,0.0433,4786.0,8,0,2,0,3.0,0
0.363,49,0,0.426,,6,0,3,0,2.0,0
1.1346,55,0,0.6976,5981.0,11,0,0,0,1.0,0
0.4514,54,0,0.5331,7038.0,7,0,1,0,0.0,0
0.0679,54,0,0.9177,24561.0,6,0,0,0,0.0,0
0.4923,45,0,0.3939,,8,0,1,0,0.0,0
0.1869,47,0,0.1311,5315.0,8,0,0,0,1.0,0
0.7111,36,0,0.207,7114.0,10,0,0,0,1.0,0
0.7183,24,0,0.5269,2852.0,5,0,0,0,2.0,0
0.1198,51,0,0.4196,18199.0,7,0,0,0,0.0,0
0.2377,42,0,0.5189,3157.0,8,0,1,0,0.0,0
0.2595,67,0,0.7181,9625.0,8,0,1,0,0.0,0
1.1058,21,0,0.9197,3774.0,17,0,3,0,0.0,0
0.6812,56,0,0.0359,,6,0,0,0,2.0,0
0.2573,82,0,0.2212,8681.0,10,0,0,0,0.0,1
0.1438,49,0,0.6968,4483.0,10,0,2,0,0.0,0
0.7881,52,0,0.4876,12620.0,6,1,1,0,0.0,0
0.6787,58,0,0.7825,4839.0,5,0,2,0,1.0,0
1.9928,59,0,0.1727,7788.0,11,0,1,0,0.0,0
0.6645,46,0,0.883,6228.0,9,0,1,0,3.0,0
0.2885,38,0,0.119,2197.0,7,0,1,0,0.0,0
0.255,61,0,0.0693,10001.0,6,0,1,0,2.0,0
0.2899,25,0,0.2344,,7,0,2,0,0.0,0
0.1399,64,0,0.6929,3811.0,5,0,0,0,,0
0.169,47,0,0.3001,,8,0,1,0,3.0,0
0.7316,52,0,0.4535,3484.0,6,0,1,0,1.0,0
0.2914,45,0,0.863,8116.0,8,0,0,0,1.0,0
2.6688,72,0,0.7497,9869.0,6,0,1,0,0.0,0
0.3554,55,0,0.681,8459.0,11,0,1,0,1.0,0
0.1819,47,0,0.9302,,10,0,1,0,0.0,0
0.0522,47,2,0.3969,3508.0,8,0,0,0,0.0,0
0.8417,50,0,0.5143,12418.0,8,0,1,0,0.0,0
0.1382,86,0,0.7952,4171.0,10,0,1,0,2.0,0
0.529,34,0,0.1466,7152.0,9,0,0,0,0.0,0
0.4889,67,0,0.24,,10,0,1,0,1.0,0
0.0361,60,0,0.1035,,7,0,3,0,2.0,0
0.5904,74,0,0.3165,6930.0,6,0,2,0,3.0,0
0.4745,61,0,0.7542,2728.0,7,0,0,0,1.0,0
0.2006,52,0,0.2943,3127.0,10,0,1,0,1.0,0
0.3373,66,0,0.4835,2645.0,9,0,1,0,0.0,0
0.1651,55,0,0.2008,,4,0,1,0,0.0,0
5.0026,63,0,0.0541,7521.0,4,0,1,0,3.0,1
0.4861,72,0,0.0206,1218.0,9,0,3,0,3.0,0
0.4365,53,0,0.7205,1986.0,3,0,1,0,1.0,0
0.6503,46,0,0.3621,1703.0,8,0,0,0,0.0,0
1.8149,43,0,0.1612,3455.0,8,0,0,0,0.0,1
0.6026,58,0,0.4649,9491.0,10,0,1,0,0.0,0
0.5918,40,0,0.076,6517.0,9,0,2,0,1.0,0
0.0031,47,0,0.7716,12574.0,8,0,0,0,1.0,0
0.2824,38,0,0.7775,4424.0,3,0,2,0,2.0,0
0.4309,59,0,0.3581,17907.0,9,0,0,0,0.0,0
0.4752,41,0,0.4418,6901.0,12,0,0,0,0.0,0
0.3938,34,0,0.6422,8511.0,6,0,0,0,1.0,0
0.5074,36,0,0.9632,8643.0,7,0,3,0,1.0,0
0.4927,44,0,0.5371,4815.0,12,0,1,0,0.0,0
0.1207,45,0,0.4108,2184.0,9,0,0,0,0.0,0
8.1937,56,0,0.5316,,6,0,1,0,2.0,0
0.9298,50,0,0.8056,20020.0,8,0,1,0,2.0,0
0.7534,57,0,0.5795,6597.0,8,0,1,0,0.0,0
0.8618,58,0,0.3595,3478.0,9,0,1,0,0.0,0
0.7435,62,0,0.2383,5755.0,11,0,3,0,2.0,0
0.4044,25,0,0.6688,8251.0,8,0,1,0,,0
0.5501,36,0,0.1418,2437.0,10,0,0,0,0.0,0
0.8065,60,0,0.0648,8292.0,14,0,1,0,1.0,0
0.3828,55,0,0.7556,1662.0,11,0,0,0,1.0,0
1.658,66,0,0.1158,3793.0,4,0,2,0,1.0,0
0.8802,30,0,0.2248,3239.0,9,0,2,0,1.0,0
0.4375,45,0,0.3789,14621.0,8,0,0,0,0.0,0
0.2197,48,0,0.6146,4901.0,7,0,1,0,0.0,0
0.7433,54,0,0.1246,3019.0,4,0,1,0,1.0,0
0.4063,53,0,0.1893,,7,0,2,0,1.0,0
0.3292,59,1,0.0761,6192.0,7,0,2,0,1.0,1
0.8271,50,1,0.2104,14604.0,6,0,0,0,,0
0.1723,71,0,0.2327,,5,0,1,0,0.0,0
0.0913,76,0,0.1418,9804.0,7,0,0,0,0.0,0
0.2769,36,0,0.8267,7570.0,4,0,1,0,0.0,0
0.7391,53,0,1.0535,4549.0,13,0,0,0,0.0,0
3.4133,63,0,1.0667,7778.0,9,0,1,0,1.0,0
9.9923,60,0,0.2991,5824.0,5,0,1,0,0.0,0
0.1684,46,0,0.1121,3182.0,13,0,1,0,1.0,0
0.4864,56,0,0.374,3276.0,8,0,1,0,0.0,0
0.3569,30,0,0.1929,4142.0,7,0,0,0,1.0,0
2.1174,52,0,0.0896,1773.0,7,0,1,0,0.0,0
0.2973,32,0,0.4156,,6,0,1,0,0.0,0
6.2903,59,0,0.1527,8798.0,12,0,2,0,1.0,0
0.1663,36,0,0.5661,,7,0,0,0,0.0,0
0.4148,54,0,0.6039,3492.0,2,0,2,0,2.0,0
0.1826,56,0,0.2537,,8,0,1,0,0.0,0
0.529,53,0,0.1296,3231.0,9,0,0,0,2.0,0
0.8433,43,0,0.1126,2929.0,4,0,0,0,0.0,0
0.0621,49,0,0.0409,,6,0,3,0,0.0,0
0.0838,69,0,0.4109,10822.0,11,0,1,0,1.0,0
0.9323,46,0,0.5207,2249.0,6,0,2,0,0.0,0
0.287,52,0,0.9001,2122.0,8,0,0,0,1.0,0
0.219,44,0,0.4701,3544.0,7,0,2,0,0.0,0
0.4022,66,0,0.2714,1199.0,7,0,0,0,1.0,0
0.1983,53,0,0.3727,6936.0,9,0,0,0,0.0,0
1.1237,41,0,0.3021,3597.0,5,0,1,0,0.0,0
1.8313,52,0,0.1525,3965.0,8,0,0,0,3.0,0
0.4583,49,0,0.4754,2403.0,6,0,2,0,2.0,1
0.1556,71,0,0.5044,5464.0,9,0,0,0,1.0,0
0.509,51,0,0.3194,7486.0,9,0,3,0,0.0,0
0.5193,33,0,0.8469,2686.0,7,0,3,0,0.0,0
4.1807,59,0,0.305,,6,0,1,0,1.0,0
0.2442,77,0,0.3991,,7,0,0,0,,0
0.2976,69,0,0.3209,14527.0,10,0,1,0,1.0,0
0.0728,37,0,0.5403,2483.0,9,0,1,0,0.0,0
0.5272,48,0,0.4204,9840.0,8,0,0,0,1.0,0
0.4031,52,0,0.2376,13782.0,9,0,0,0,2.0,0
0.3721,52,0,0.0706,10812.0,11,0,1,0,1.0,0
0.7312,57,0,0.722,16367.0,4,0,0,0,1.0,0
0.041,47,0,0.5912,2438.0,8,0,0,0,1.0,0
0.4218,39,0,0.4797,4864.0,10,0,1,0,1.0,0
0.133,65,0,0.2104,,8,0,1,0,,0
0.1989,36,0,0.2661,4722.0,7,0,0,0,0.0,0
0.3687,41,0,0.2744,5003.0,6,0,0,0,3.0,0
0.4471,36,0,0.0482,14462.0,4,0,1,0,0.0,0
0.2547,61,0,0.2346,2198.0,7,0,0,0,0.0,0
1.1796,53,0,0.9671,5807.0,8,0,1,0,1.0,0
0.5474,64,0,0.7108,,4,0,1,0,2.0,1
0.2279,41,0,0.5296,4877.0,5,0,0,0,0.0,0
0.3604,34,0,0.5153,2829.0,10,0,1,0,1.0,0
0.5797,46,0,1.2486,8093.0,9,0,0,0,0.0,0
0.0608,49,0,0.5622,,11,0,1,0,1.0,0
0.0411,55,0,0.2452,4697.0,13,0,4,0,1.0,0
0.0916,28,0,0.9438,5284.0,6,0,1,0,1.0,0
0.7791,59,0,0.8857,,6,0,1,0,1.0,0
1.0187,39,0,0.63,4606.0,6,0,1,0,1.0,0
0.5909,43,0,0.9826,6165.0,5,0,1,0,2.0,0
0.8201,68,0,0.3481,2026.0,7,0,1,0,1.0,0
0.3547,21,0,0.2898,6000.0,5,0,0,0,1.0,0
1.0853,57,0,0.6919,7370.0,13,0,1,0,0.0,0
0.0253,56,0,0.3656,3348.0,5,0,1,0,0.0,0
0.2016,41,0,0.9839,2710.0,11,0,0,0,1.0,0
0.3355,46,0,0.2007,5842.0,9,0,0,0,2.0,0
2.3469,69,0,0.4619,11933.0,10,0,0,0,0.0,0
0.4697,79,0,0.3401,,9,0,1,0,0.0,0
0.8917,67,0,0.5006,4644.0,8,0,1,0,1.0,0
1.0736,78,0,0.5644,2132.0,7,0,1,0,1.0,0
0.5172,42,0,0.2916,3843.0,12,0,1,0,1.0,0
0.4553,30,0,0.1331,,7,0,1,0,1.0,0
0.2266,51,0,0.5226,3697.0,12,0,0,0,0.0,0
0.2231,63,0,0.3139,2596.0,9,0,2,0,0.0,0
0.1514,26,0,0.7211,4900.0,10,0,1,0,2.0,0
0.073,39,0,0.3995,3135.0,10,0,1,0,0.0,0
0.0386,41,0,0.6091,,3,0,0,0,1.0,0
0.5888,57,0,1.0254,5211.0,6,0,2,0,1.0,0
0.579,55,0,0.2188,,8,0,2,0,0.0,0
4.6143,41,0,0.3852,7975.0,6,0,1,0,0.0,0
0.7615,55,0,0.4734,,10,0,1,0,2.0,0
0.1688,36,0,0.142,7760.0,11,0,0,0,1.0,0
0.3803,46,0,0.4526,4169.0,8,0,1,0,0.0,0
0.0766,34,0,0.2372,5906.0,10,0,1,0,1.0,0
0.2605,50,0,0.2757,4116.0,7,0,2,0,2.0,0
0.1317,41,0,0.8309,3232.0,8,0,0,0,0.0,0
0.2333,62,0,0.1176,3084.0,6,0,1,0,0.0,0
1.0835,52,0,0.3333,5725.0,7,0,2,0,1.0,0
0.0895,49,0,0.3509,,7,0,0,0,0.0,0
0.1598,77,0,0.3965,4653.0,8,0,1,0,1.0,0
0.7565,57,0,0.2744,6922.0,11,0,2,0,0.0,0
0.9619,47,1,0.5989,9248.0,16,0,0,0,0.0,0
0.2316,44,0,0.2007,5116.0,10,0,0,0,3.0,0
4.1928,35,0,0.1488,5187.0,13,0,1,0,2.0,1
0.3379,51,0,0.5096,6189.0,5,0,1,0,1.0,0
0.3392,56,0,0.6966,8374.0,11,0,1,0,0.0,0
0.3616,25,0,0.83,4019.0,3,0,1,0,1.0,0
0.251,33,0,0.1622,9228.0,8,0,1,0,1.0,0
1.8118,45,0,0.0924,,8,0,2,0,1.0,0
0.0839,37,0,0.5617,3523.0,10,0,0,0,0.0,0
0.7584,53,0,0.6207,1513.0,6,0,0,0,0.0,0
0.4151,55,0,0.3556,9775.0,10,0,2,0,0.0,0
3.1548,50,0,0.1399,4485.0,6,0,0,0,2.0,0
0.5313,60,0,0.5762,4311.0,6,0,1,0,0.0,0
8.5514,44,0,0.5005,3952.0,11,0,0,0,1.0,0
0.1442,51,0,0.7879,11992.0,10,0,1,0,2.0,0
0.1222,38,0,0.656,,9,0,2,0,0.0,0
0.7349,56,0,0.1398,8128.0,4,0,2,0,1.0,0
0.2498,53,0,0.2702,11836.0,7,0,0,0,0.0,0
0.4334,35,0,0.2455,7253.0,8,0,0,0,1.0,0
0.4971,50,0,0.7766,,7,0,2,0,2.0,0
0.2254,51,0,0.2854,2509.0,9,0,2,0,0.0,0
5.1317,56,1,0.6289,5486.0,9,0,0,1,1.0,0
0.3673,56,0,0.4875,2513.0,6,0,1,0,0.0,0
0.4445,42,0,0.3326,5092.0,10,0,0,0,1.0,0
0.8221,63,0,0.163,2078.0,5,0,0,0,0.0,0
0.163,59,0,0.6759,7016.0,8,0,1,0,0.0,0
0.1874,42,0,0.7156,5037.0,15,0,1,0,1.0,0
0.1336,36,0,0.2048,13101.0,4,0,1,0,1.0,0
0.1992,43,0,0.0448,2349.0,9,0,2,0,1.0,0
0.6784,31,0,0.81,10378.0,12,0,0,0,1.0,0
0.1688,55,0,0.2226,6840.0,7,0,1,0,1.0,0
1.0995,69,0,0.3725,5933.0,6,0,0,0,,0
0.3834,72,0,0.1641,11344.0,6,0,1,0,1.0,1
0.5879,37,0,0.5212,,8,0,2,0,0.0,0
1.2762,63,0,0.6974,,11,0,1,0,2.0,0
0.1452,53,0,0.2975,,12,0,2,0,1.0,0
1.8447,21,0,0.5317,2220.0,10,0,0,0,0.0,1
0.4468,47,0,0.5948,,5,0,3,0,0.0,1
0.3863,46,0,0.4013,23175.0,12,0,0,0,0.0,0
0.4948,69,0,0.2702,,8,0,0,0,3.0,0
0.7676,40,0,0.2259,5394.0,9,0,2,0,2.0,0
0.2058,60,0,0.0535,,7,0,1,0,,0
0.3701,51,0,0.7288,5768.0,6,0,2,0,1.0,0
0.2192,32,0,1.0441,10192.0,6,0,1,0,1.0,0
1.0664,44,0,0.9204,2100.0,13,1,2,0,0.0,0
0.1592,73,0,0.3277,17012.0,6,0,0,0,0.0,0
0.2982,50,0,0.6348,4539.0,9,0,1,0,0.0,0
0.3319,65,0,0.8102,,6,0,2,0,1.0,0
0.4379,64,0,0.1402,25957.0,9,0,1,0,0.0,0
1.153,46,0,0.6161,1582.0,10,0,1,0,0.0,0
0.0711,34,0,0.7735,5604.0,3,0,2,0,0.0,0
0.1905,36,0,0.525,2789.0,11,0,1,0,0.0,0
0.0357,72,0,0.741,3130.0,10,0,1,0,0.0,0
0.6365,54,0,0.4813,4319.0,7,0,0,0,0.0,0
0.1543,28,0,0.3794,3467.0,7,0,1,0,1.0,0
0.1324,64,0,0.0069,6101.0,13,0,2,0,1.0,0
0.2764,27,0,0.9052,4745.0,6,0,0,0,0.0,0
1.5688,40,0,0.0732,5891.0,3,0,4,0,1.0,0
0.6134,53,0,0.7574,2860.0,14,0,1,0,0.0,0
1.0298,87,0,0.4012,10062.0,8,0,2,0,1.0,0
0.4637,63,0,0.2838,4370.0,7,0,0,0,1.0,0
0.2708,45,0,0.0781,4968.0,14,0,1,0,0.0,0
0.3764,52,0,0.4078,2255.0,6,0,2,0,1.0,0
0.0607,65,0,0.296,,6,0,0,0,1.0,0
0.2858,72,0,0.4609,,9,0,3,0,2.0,0
0.3106,49,0,0.6226,3851.0,10,0,1,0,2.0,0
0.0205,49,0,0.4019,5759.0,5,0,0,0,0.0,0
0.1431,40,0,0.5532,1598.0,8,0,2,0,2.0,0
0.4591,61,0,0.8623,4133.0,6,0,1,0,,1
0.1352,66,0,0.8304,13890.0,9,0,0,0,3.0,0
0.5321,25,0,0.4788,6300.0,5,0,1,0,0.0,0
0.7269,46,0,0.3338,6805.0,9,0,0,0,2.0,0
0.0195,35,0,0.3563,3886.0,5,0,1,0,3.0,0
0.3981,54,0,1.4026,6569.0,8,0,3,0,0.0,0
0.5693,35,0,0.9509,2519.0,7,0,1,0,1.0,0
0.2552,34,0,0.1772,5602.0,7,0,1,0,2.0,0
0.4823,68,0,0.1162,13215.0,5,0,2,0,0.0,0
0.2432,50,0,0.2943,9736.0,5,0,0,0,1.0,0
0.0955,51,0,0.4241,10868.0,6,0,1,0,0.0,0
0.1045,58,0,0.7349,,11,0,1,0,1.0,0
0.3258,66,0,0.4516,10880.0,13,0,0,0,0.0,0
0.048,46,0,0.2766,,11,0,0,0,3.0,0
0.2208,46,0,0.0631,10207.0,4,0,2,0,2.0,0
1.6575,47,0,0.4616,1562.0,7,0,2,0,0.0,0
1.5917,67,0,0.5918,13358.0,8,0,3,0,1.0,0
0.4458,51,0,0.5317,,13,0,2,0,0.0,0
0.3324,48,0,0.2188,7535.0,5,0,3,0,0.0,0
0.3581,57,0,0.1722,4064.0,10,0,2,0,0.0,0
0.4306,78,0,0.6554,16167.0,7,0,1,0,1.0,0
0.2983,53,0,0.1744,9457.0,5,0,0,0,1.0,0
0.9837,48,0,0.8554,4260.0,9,0,2,0,0.0,1
0.2534,79,0,0.3937,1976.0,7,0,1,0,2.0,0
1.0251,71,0,0.3051,,12,0,0,0,1.0,0
0.1463,69,3,0.1446,5920.0,10,0,1,0,2.0,1
0.6897,45,0,0.5996,4544.0,8,0,0,0,0.0,0
0.7016,44,0,0.1013,7157.0,4,0,0,0,0.0,0
0.5129,26,0,0.1145,5558.0,7,0,1,0,1.0,0
0.0603,66,0,0.622,,9,0,1,0,0.0,0
0.2232,53,0,0.6205,,5,0,2,0,0.0,0
0.1556,27,0,0.7097,,6,0,0,0,1.0,0
4.3725,69,0,0.3856,2584.0,7,0,0,0,3.0,1
4.624,47,0,0.6204,18023.0,8,0,0,0,0.0,0
0.6457,49,0,0.2622,1782.0,5,0,1,0,2.0,0
0.0633,31,0,0.5287,3873.0,6,0,2,0,,0
0.6565,59,0,0.5276,3831.0,8,0,1,0,0.0,0
0.0035,59,0,0.057,1879.0,6,0,1,0,0.0,0
0.6588,51,0,0.3434,9735.0,7,0,3,0,0.0,0
0.2553,46,0,0.1511,10443.0,7,0,1,0,2.0,0
0.887,89,0,0.8394,,6,0,0,0,0.0,0
10.0483,35,2,0.5355,5326.0,12,0,0,0,0.0,1
0.0591,42,0,0.3044,26172.0,5,0,1,0,2.0,0
0.3229,62,0,0.469,,8,0,1,0,0.0,0
0.5707,38,0,0.871,5877.0,9,0,2,0,0.0,0
0.3073,37,0,0.5361,3087.0,10,0,1,0,1.0,0
0.1594,68,0,0.9001,10570.0,12,0,1,0,0.0,0
0.5827,60,0,0.145,6405.0,7,0,2,0,1.0,0
1.5855,59,0,0.4549,3065.0,9,0,0,0,0.0,0
0.4611,55,0,0.5766,5871.0,6,0,2,0,0.0,0
1.0566,42,0,0.3984,2819.0,6,0,1,0,,0
4.2341,48,0,0.2682,,10,0,2,0,1.0,0
0.2738,51,0,0.3185,6739.0,2,0,1,0,1.0,0
0.2765,64,0,0.7035,1528.0,4,0,0,0,0.0,0
0.436,58,1,0.7566,2757.0,11,0,0,0,1.0,0
0.2117,39,0,0.3728,,13,0,0,0,2.0,0
0.1274,63,0,1.0862,6815.0,10,0,0,0,1.0,0
1.5435,29,0,0.2449,5295.0,2,0,0,0,1.0,0
2.9449,48,1,0.2462,10946.0,7,0,0,0,0.0,0
1.407,36,0,0.7019,3857.0,9,0,1,1,0.0,0
0.869,40,0,0.9721,13678.0,10,0,1,0,0.0,0
3.6027,79,0,0.6677,4928.0,12,0,0,0,0.0,0
0.1542,31,0,0.592,3304.0,6,0,2,0,4.0,0
0.514,41,0,0.5773,4002.0,8,0,0,0,2.0,0
0.7559,59,0,0.7133,4084.0,15,0,1,0,1.0,0
0.1276,45,0,0.3605,2384.0,6,0,0,0,1.0,0
0.0297,54,0,0.1437,7889.0,10,0,1,0,1.0,0
0.1378,72,0,0.7004,4735.0,7,0,0,0,0.0,0
0.2443,61,0,0.2727,7741.0,9,0,2,0,1.0,1
0.3497,45,0,0.4665,3624.0,5,0,2,0,1.0,0
0.527,50,0,0.1493,5213.0,2,0,1,0,0.0,0
0.4407,59,0,0.7924,4558.0,8,0,0,0,0.0,1
0.2973,61,0,0.1353,7235.0,6,0,1,0,1.0,0
0.3589,52,0,0.8825,4723.0,10,0,4,0,1.0,0
0.3635,57,0,0.2677,9086.0,9,0,1,0,1.0,0
1.2767,57,0,1.0902,,11,0,1,0,,0
0.0752,51,0,0.7011,6257.0,5,0,1,0,0.0,0
0.1169,44,0,0.6349,9006.0,7,0,0,0,0.0,0
0.5543,62,0,0.9774,13097.0,11,0,2,0,2.0,0
0.141,56,0,0.8825,11282.0,10,0,1,0,1.0,0
0.271,23,0,0.4213,2336.0,13,0,0,0,0.0,0
2.584,40,1,0.0978,2325.0,6,0,0,0,0.0,0
0.543,45,0,0.257,9290.0,10,0,1,0,1.0,0
0.4105,49,0,0.6406,2816.0,5,0,2,0,2.0,0
0.0656,69,0,0.8227,3527.0,6,0,2,0,0.0,0
0.1166,95,0,0.3735,5339.0,7,0,3,2,2.0,0
1.0692,21,0,0.1781,14614.0,7,0,1,0,0.0,0
0.5475,56,0,0.227,4818.0,9,0,0,0,1.0,0
1.1991,53,0,0.6259,2295.0,4,0,1,0,0.0,0
1.314,49,0,0.4957,,7,0,1,0,3.0,0
0.5075,60,0,0.4571,7784.0,11,0,1,0,0.0,0
0.9847,54,0,0.7374,14700.0,11,0,4,0,1.0,0
5.7822,47,0,0.2079,7073.0,7,0,1,0,2.0,0
0.2348,52,1,0.4719,5559.0,10,0,2,0,0.0,0
4.266,60,0,0.1684,5184.0,10,0,1,0,1.0,0
1.6865,58,0,0.1738,21058.0,10,0,0,0,0.0,0
0.2394,55,1,0.6146,7875.0,5,2,1,1,0.0,0
2.0655,44,0,0.8873,,8,0,1,0,,0
0.1955,91,0,0.1929,5825.0,13,0,2,0,2.0,0
0.1994,57,0,0.1579,8993.0,8,0,0,0,,0
0.3063,63,0,0.2663,,14,0,0,0,0.0,0
5.2427,45,0,0.6157,,3,0,1,0,0.0,0
0.9025,55,0,0.2194,6379.0,4,0,1,0,1.0,0
0.1701,55,0,0.1827,4568.0,9,0,1,0,0.0,0
0.416,25,0,0.2012,5962.0,10,0,1,0,1.0,0
0.7941,42,0,0.395,5232.0,10,0,2,0,0.0,0
0.1287,42,0,0.0222,3193.0,7,0,1,0,0.0,0
0.8702,44,0,0.7097,,11,0,0,0,2.0,0
0.4517,37,0,0.4792,3115.0,11,0,0,0,0.0,0
0.0677,53,0,0.6981,,11,0,0,0,0.0,0
0.2088,72,0,0.6345,6685.0,7,0,1,0,2.0,0
0.3824,54,0,0.3165,4564.0,5,0,0,0,0.0,0
0.374,35,0,0.6175,,8,0,1,0,0.0,0
0.3998,38,0,0.9129,1992.0,6,0,0,0,1.0,0
2.1002,47,1,0.9154,3245.0,8,0,2,0,0.0,0
0.1683,32,0,0.6997,4306.0,9,0,1,0,0.0,0
0.6001,56,0,0.3958,10007.0,9,0,0,0,0.0,0
0.7578,71,0,0.4061,,8,0,2,0,0.0,0
6.3701,44,0,0.1382,,4,0,0,0,2.0,0
1.7428,53,0,0.5488,10179.0,7,0,0,0,0.0,0
0.0625,46,0,0.2223,6996.0,10,0,1,0,0.0,0
0.4898,43,0,0.7524,,11,0,0,0,0.0,0
1.5174,55,0,0.528,,10,0,1,0,1.0,0
0.098,43,0,0.1185,2847.0,5,0,2,0,0.0,0
0.2492,41,0,0.3639,,4,0,1,0,1.0,0
0.4854,29,0,0.5565,5873.0,5,0,2,0,,0
0.0632,53,0,0.283,4336.0,8,0,3,0,1.0,0
0.0453,67,0,0.1696,8098.0,6,0,1,0,0.0,0
0.9629,62,0,0.0892,7679.0,7,0,2,0,0.0,0
0.4028,73,0,0.1123,2781.0,7,0,2,0,0.0,0
0.2816,43,0,0.7063,12478.0,11,0,2,0,0.0,0
3.325,64,0,0.0219,,15,0,1,0,3.0,0
0.3223,37,0,0.3468,15495.0,4,0,2,0,0.0,0
0.3484,62,0,0.6592,2980.0,5,0,2,0,3.0,0
0.3137,75,0,0.5364,7037.0,4,0,1,0,2.0,0
6.3557,59,0,0.2659,,6,0,2,0,3.0,0
0.397,75,0,0.0633,16767.0,10,0,2,0,0.0,0
0.3722,44,0,0.1473,,10,0,1,0,1.0,0
12.1573,50,0,0.7294,9067.0,9,0,1,0,3.0,0
0.4458,39,0,0.605,3262.0,9,0,0,0,0.0,0
0.0073,52,0,0.5019,,12,0,1,0,,0
0.0561,56,0,0.236,,4,0,1,0,2.0,0
0.5572,52,0,0.8863,6788.0,17,0,0,0,2.0,0
6.068,45,1,0.1954,4359.0,10,0,2,2,,0
0.1908,45,0,0.1767,3460.0,7,0,1,0,0.0,0
0.7063,57,0,0.5456,4083.0,6,0,1,0,0.0,0
0.3787,50,0,0.1948,9712.0,5,0,1,0,1.0,0
0.45,36,0,0.5051,2528.0,3,0,0,0,0.0,1
0.7806,25,0,0.1174,2537.0,5,0,1,0,0.0,0
0.3884,44,0,0.5593,2685.0,11,0,0,0,1.0,0
0.0883,33,0,0.3664,,4,0,1,0,1.0,0
0.7432,40,0,0.1455,11114.0,12,0,0,0,0.0,0
0.3599,46,0,0.4389,3409.0,12,0,0,0,0.0,0
0.4408,50,0,0.2251,6562.0,12,0,2,0,2.0,0
0.1459,43,0,0.1467,6543.0,9,0,0,0,1.0,0
0.627,83,0,0.1668,5155.0,7,0,3,0,0.0,0
0.6519,34,1,0.2999,3868.0,5,0,2,0,1.0,0
1.0284,69,0,0.6526,5304.0,9,0,1,0,0.0,0
0.4006,50,0,1.016,3624.0,10,0,0,0,0.0,0
0.4477,43,0,0.3254,1006.0,7,0,0,0,0.0,0
0.5825,60,0,0.333,2024.0,5,0,0,0,0.0,0
0.0403,46,1,0.6044,7146.0,14,0,0,0,2.0,0
0.8025,41,0,0.5043,5129.0,5,0,0,0,1.0,0
0.6712,77,0,0.7096,11587.0,7,0,0,0,0.0,0
0.1073,21,0,0.1543,5661.0,8,0,1,0,2.0,0
0.8708,49,0,0.1898,7092.0,6,0,0,0,1.0,0
0.2994,55,0,0.3925,2671.0,5,0,3,0,0.0,0
0.1282,72,0,0.6503,,8,0,1,0,0.0,0
1.0829,46,0,0.4722,5007.0,7,0,0,0,0.0,1
0.518,89,0,0.2101,10533.0,11,0,0,0,1.0,0
0.3879,63,0,0.7273,5917.0,7,0,2,0,3.0,0
0.5146,21,0,0.3895,1860.0,7,0,2,0,1.0,1
0.0385,32,0,0.0335,9326.0,8,0,2,0,2.0,0
0.165,55,0,0.1364,7962.0,4,0,0,0,0.0,0
1.408,36,0,0.3781,5318.0,16,0,1,0,0.0,0
0.6559,60,0,0.6255,12194.0,10,0,0,0,0.0,0
0.2093,46,0,0.124,6996.0,11,0,1,0,1.0,0
0.262,35,0,0.5972,4090.0,6,0,0,0,1.0,0
0.5028,38,0,0.3478,5928.0,10,0,0,0,0.0,0
3.8339,64,0,0.1567,7121.0,9,0,0,0,,0
0.0495,24,0,0.2048,2741.0,8,0,1,0,0.0,0
0.2804,67,0,0.808,12656.0,9,0,2,0,0.0,0
0.4265,67,0,0.2097,4829.0,4,0,0,0,1.0,0
1.0644,47,0,0.8077,3266.0,9,0,2,0,1.0,1
0.5522,32,0,0.6175,2562.0,7,0,1,0,0.0,0
0.1333,60,0,0.1621,2357.0,5,0,3,0,2.0,0
1.545,45,0,0.7774,5118.0,6,0,1,0,0.0,0
0.5707,31,1,0.0529,3042.0,2,1,2,0,1.0,0
0.3231,79,0,0.9189,7796.0,3,0,1,0,1.0,0
0.2303,40,1,0.7519,9540.0,5,1,2,1,1.0,0
0.4377,31,0,0.5136,5403.0,3,0,1,0,0.0,0
0.3043,56,0,0.152,9553.0,9,0,0,0,,0
0.218,51,0,0.6063,,7,0,2,0,0.0,0
0.2572,73,0,0.6033,12016.0,15,0,2,0,2.0,0
0.4054,47,0,0.7274,13077.0,9,0,1,0,1.0,0
0.2065,47,0,0.6127,3742.0,7,0,2,0,0.0,0
1.6497,57,0,0.3685,3896.0,10,0,3,0,1.0,0
0.1559,55,1,0.2435,7582.0,12,0,1,0,1.0,0
0.6763,55,0,0.6381,2131.0,8,0,2,0,0.0,0
0.384,56,0,0.6639,9775.0,5,0,0,0,2.0,0
0.3679,54,2,0.1981,7749.0,7,0,0,1,1.0,0
0.1443,46,0,0.6112,,8,0,3,0,0.0,0
0.6665,64,0,0.6225,4016.0,12,0,1,0,2.0,0
0.0936,47,0,0.4629,7846.0,7,0,1,0,0.0,0
0.0439,63,0,0.6254,3667.0,5,0,1,0,0.0,0
0.6571,71,0,0.4909,6528.0,8,0,2,0,1.0,0
0.1642,43,0,0.7606,,11,0,3,0,1.0,0
0.2964,86,0,0.7405,2937.0,11,0,0,0,1.0,0
0.8591,42,0,0.4355,3180.0,7,0,0,0,1.0,0
2.25,42,0,0.1681,11357.0,5,0,0,0,0.0,0
0.3237,60,0,0.9342,19562.0,8,0,2,0,0.0,0
0.8087,58,0,0.2214,2230.0,10,0,0,0,1.0,0
0.0527,53,0,0.4635,7546.0,11,0,2,0,0.0,0
0.8847,63,0,0.1185,4307.0,15,0,1,0,0.0,0
0.1424,56,0,0.2227,9569.0,10,0,1,0,2.0,0
0.3941,81,0,0.5046,2472.0,6,0,0,0,0.0,0
0.7835,51,0,0.2988,,6,0,1,0,3.0,0
0.2998,40,0,0.2913,4221.0,7,0,0,0,1.0,0
0.5911,44,0,0.5929,5038.0,10,0,0,0,1.0,0
0.5918,59,0,0.3086,11442.0,5,0,0,0,3.0,0
1.1945,59,0,0.5443,,10,0,1,0,0.0,0
0.2532,55,0,1.0383,11909.0,8,0,1,0,1.0,0
0.2131,40,0,0.2733,11795.0,7,0,0,0,1.0,0
5.2603,68,0,0.4874,15573.0,6,0,2,0,,0
0.1412,79,0,0.2783,10322.0,6,0,0,0,1.0,0
7.39,52,0,0.1886,11478.0,6,0,0,0,2.0,0
0.6798,77,0,0.1452,,9,0,1,0,1.0,0
0.1263,64,0,0.3811,7908.0,10,0,2,0,0.0,0
9.051,83,0,0.4962,5213.0,8,0,0,0,1.0,0
0.6399,59,0,0.1504,4667.0,11,0,1,0,2.0,0
0.5172,54,0,0.5632,2394.0,7,0,3,0,0.0,0
0.7025,64,0,0.3716,4574.0,10,0,1,0,2.0,0
0.2396,46,0,0.4975,6478.0,10,0,4,0,1.0,0
0.335,58,1,0.3579,3661.0,7,0,1,0,0.0,0
0.2793,71,0,0.3532,9844.0,7,0,1,0,1.0,0
0.0736,63,0,0.3224,2350.0,9,0,0,0,1.0,0
0.184,52,0,0.1226,4990.0,9,0,1,0,0.0,0
0.9301,55,0,0.5116,,7,0,2,1,1.0,0
0.6761,63,0,0.6114,6846.0,9,0,0,0,0.0,0
0.2663,62,0,0.3631,6403.0,9,0,1,0,1.0,0
2.1902,63,0,0.6803,4273.0,8,0,0,0,0.0,0
0.1984,57,0,0.378,2940.0,11,0,1,0,0.0,0
1.6136,40,0,0.4198,,13,0,3,0,1.0,0
0.5938,43,0,0.0548,16157.0,7,0,0,0,3.0,0
0.3051,58,0,0.8171,,11,0,1,0,2.0,0
0.2231,64,0,0.468,,9,0,2,0,2.0,0
0.1562,62,0,0.7745,8180.0,5,0,0,0,0.0,0
0.0937,43,0,0.219,6495.0,6,0,0,0,0.0,0
1.1894,50,0,0.764,6613.0,9,0,0,0,1.0,0
0.5429,36,1,0.7333,,7,0,2,0,0.0,0
0.628,33,0,0.8672,4327.0,8,0,2,0,0.0,0
0.2898,53,0,0.4315,,7,0,1,0,0.0,0
0.5328,71,0,0.1074,4202.0,4,0,1,0,0.0,0
0.0213,53,0,0.1799,2912.0,10,0,0,0,0.0,0
0.0997,79,0,0.0943,1495.0,6,0,2,0,0.0,0
0.2996,50,0,0.1712,7391.0,5,0,1,0,0.0,0
0.0405,52,0,0.466,,12,0,0,0,0.0,0
0.4217,38,0,0.7896,,8,0,1,0,1.0,0
0.526,47,0,0.7212,7465.0,11,0,1,0,3.0,0
0.6531,35,0,0.4282,,9,0,0,0,0.0,1
0.1124,30,0,0.3524,,7,0,1,0,0.0,0
0.7135,36,0,0.911,,8,0,0,0,0.0,1
0.2124,53,0,0.2823,3485.0,10,0,1,0,0.0,0
0.5815,42,0,0.721,12691.0,7,0,1,0,3.0,0
0.0478,45,0,0.2493,10359.0,12,0,0,0,0.0,0
0.4041,58,0,0.5189,3430.0,13,0,0,0,0.0,0
0.2511,30,0,0.2781,6100.0,10,0,0,0,2.0,0
0.2844,53,0,1.0699,3666.0,8,0,0,0,2.0,0
0.1873,64,0,0.7557,4651.0,5,0,0,0,1.0,0
1.404,65,0,0.0904,7933.0,3,0,1,0,1.0,0
0.1895,59,0,0.1833,4248.0,8,0,0,0,1.0,0
1.233,51,0,0.1547,,7,0,1,0,0.0,0
0.6744,43,0,0.2622,5918.0,7,0,0,0,0.0,0
1.0193,51,0,0.0052,2194.0,5,0,0,0,2.0,1
0.2338,75,0,0.3882,8557.0,3,0,0,0,1.0,0
0.243,56,0,0.4907,5322.0,9,0,2,0,1.0,0
0.5586,51,0,0.2437,5362.0,9,0,1,0,0.0,0
0.8546,60,0,0.5804,6164.0,9,0,1,0,0.0,0
0.7314,53,0,0.842,7657.0,5,0,1,0,1.0,0
0.617,55,0,0.3451,2476.0,11,0,1,0,2.0,0
0.5777,49,0,0.5749,3553.0,10,0,2,0,0.0,0
0.3874,46,0,0.2185,9939.0,9,0,1,0,0.0,0
0.4783,66,0,0.3633,,4,0,0,0,0.0,1
0.459,25,0,0.3778,6722.0,4,0,0,0,1.0,0
0.3285,59,0,0.4396,6236.0,11,0,1,0,2.0,0
0.6123,45,0,1.0961,3342.0,8,0,2,0,3.0,0
0.2155,25,0,0.4802,2889.0,3,0,0,0,0.0,0
0.0483,38,0,0.8674,3293.0,14,0,2,0,0.0,0
0.1157,51,0,0.3278,14591.0,6,0,1,0,0.0,0
1.0036,53,0,0.249,,6,0,2,0,2.0,0
0.294,62,0,0.436,8296.0,7,0,1,0,1.0,0
0.1226,63,0,0.3999,13438.0,9,0,0,0,0.0,0
1.3149,30,0,0.2162,4852.0,7,0,0,0,2.0,0
1.4818,57,0,0.6752,,9,0,2,1,0.0,0
1.7988,62,0,1.0398,4175.0,9,0,2,0,0.0,0
0.2249,55,0,0.3798,10778.0,5,0,1,0,2.0,0
0.9678,59,0,0.1419,,10,0,0,0,1.0,0
1.1268,25,0,0.2741,4849.0,6,0,0,0,1.0,0
0.5733,38,2,0.7018,3240.0,6,0,1,1,0.0,1
0.2826,71,0,0.5479,6495.0,5,0,2,0,2.0,0
8.8179,48,0,0.6928,2870.0,9,0,1,0,0.0,0
0.5275,83,0,0.4826,4646.0,8,0,0,0,2.0,0
0.5125,34,0,0.4572,3865.0,6,0,2,0,0.0,0
0.2762,74,0,0.29,2889.0,12,0,0,0,0.0,0
0.1473,43,0,0.3958,,8,0,3,0,2.0,0
0.5886,64,0,1.1173,10663.0,10,0,1,0,0.0,0
0.551,48,0,0.5081,,5,0,1,0,0.0,0
0.0236,54,0,0.5304,,13,0,1,0,0.0,0
0.3774,60,0,0.359,7886.0,9,0,2,0,2.0,0
0.5539,43,0,0.4154,1705.0,8,0,0,0,0.0,0
1.5225,63,0,0.7624,,9,0,3,0,2.0,0
0.4711,48,0,0.826,7905.0,1,0,0,0,0.0,0
0.1521,54,0,0.1455,7205.0,5,0,0,0,1.0,0
0.257,21,0,0.9404,,8,0,0,0,1.0,0
0.6666,47,0,1.1021,,12,0,0,0,0.0,1
0.1374,70,0,0.7136,5975.0,9,0,0,0,0.0,0
0.3235,62,0,0.5938,7678.0,8,0,1,0,1.0,0
1.108,64,0,0.7022,4515.0,8,0,0,0,2.0,0
0.9747,53,0,0.4738,8848.0,6,0,0,0,2.0,0
0.1104,75,0,0.2298,4799.0,15,0,1,0,0.0,0
0.7045,56,0,0.2074,2067.0,1,0,0,0,0.0,0
0.2801,43,0,0.5317,11798.0,4,0,1,0,2.0,0
0.602,64,0,0.9384,2772.0,13,0,1,0,1.0,0
2.6564,65,0,0.0933,12642.0,3,0,0,0,0.0,0
0.4735,61,0,0.2746,12308.0,5,0,0,0,0.0,0
0.6672,46,0,1.181,8717.0,9,0,1,0,,0
0.6527,56,3,0.4083,5364.0,11,0,2,3,1.0,0
0.0646,72,0,0.7887,3394.0,6,0,0,0,0.0,0
0.4061,59,0,0.6092,8321.0,12,0,0,0,0.0,0
0.0057,31,0,0.7617,7670.0,11,0,1,0,0.0,0
0.5258,43,0,0.3897,5468.0,11,0,0,0,4.0,0
0.5642,43,0,0.5234,3432.0,9,0,1,0,2.0,0
0.4193,41,0,0.3117,2029.0,7,0,1,0,0.0,0
0.5391,22,0,0.6215,,5,0,2,0,3.0,1
0.5709,78,0,0.4366,4099.0,8,0,0,0,0.0,0
4.5244,40,0,0.198,7653.0,6,0,0,0,1.0,0
0.2694,41,0,0.1374,6111.0,12,0,1,0,1.0,0
0.12,25,0,0.5279,9604.0,8,0,2,0,1.0,0
0.0056,64,0,0.9059,17035.0,7,0,1,0,1.0,0
0.3086,51,0,0.5345,,9,0,0,0,0.0,0
3.5608,47,0,0.2204,4545.0,10,0,0,0,,0
0.1003,48,0,0.3272,9795.0,9,0,0,0,0.0,0
0.3814,60,0,0.0629,9630.0,7,0,1,0,1.0,1
0.3074,45,0,0.5904,6309.0,10,0,1,0,0.0,0
0.1457,24,0,0.1942,3517.0,12,0,3,0,0.0,0
0.3534,34,0,0.5863,,7,0,0,0,1.0,0
0.0406,33,0,0.2597,8518.0,8,0,0,0,1.0,0
0.6323,56,0,0.229,10732.0,11,0,0,0,0.0,0
0.3153,65,0,0.6437,12666.0,4,0,0,0,0.0,0
0.5463,73,0,0.7341,,6,0,0,0,0.0,0
0.3714,29,0,0.4387,11895.0,11,0,0,0,0.0,0
0.4064,61,0,0.5344,2417.0,7,0,1,0,0.0,0
0.4048,43,0,0.9244,15745.0,6,0,1,0,0.0,0
0.1183,93,0,0.2719,2020.0,8,0,4,0,0.0,0
0.0729,71,0,0.1418,9283.0,9,0,0,0,0.0,0
0.6672,76,0,0.4142,3042.0,6,0,0,0,1.0,0
0.4662,63,0,0.1131,2733.0,7,0,0,0,1.0,0
0.1836,57,0,1.0363,3192.0,7,0,2,0,0.0,0
0.2045,46,0,1.0056,3589.0,9,0,1,0,0.0,0
0.3986,44,0,0.2054,5863.0,4,0,2,0,1.0,0
0.2453,41,0,0.7679,2843.0,15,0,1,0,1.0,0
1.8689,61,0,0.7063,5139.0,9,0,0,0,1.0,0
0.3561,74,0,0.7471,6186.0,9,0,0,0,2.0,0
0.3521,47,0,0.2415,2619.0,7,0,2,0,0.0,0
0.4006,42,0,0.3768,4565.0,7,0,2,0,1.0,0
3.2477,31,0,1.123,,5,0,1,0,2.0,0
0.0507,55,0,0.5906,2555.0,10,0,0,0,0.0,0
12.032,69,0,0.8663,9155.0,4,0,1,0,1.0,0
0.4968,70,0,0.6221,4689.0,10,0,0,0,2.0,0
0.6009,71,0,0.0853,3763.0,4,0,0,0,1.0,0
0.409,58,0,0.5347,7402.0,15,0,1,0,0.0,0
1.3945,53,0,0.3171,,7,0,1,0,3.0,0
0.4984,70,0,0.6887,18820.0,6,0,0,0,0.0,0
4.076,36,0,0.9227,3012.0,9,0,0,0,0.0,0
0.2394,46,0,1.0203,9222.0,6,0,0,0,1.0,0
1.8783,76,0,0.4982,7899.0,5,0,1,0,0.0,0
0.7073,37,0,0.5863,4649.0,3,0,0,0,1.0,0
0.1963,52,0,0.4624,3999.0,8,0,3,0,2.0,0
0.7348,61,0,0.114,10702.0,9,0,0,0,0.0,0
0.0257,53,0,0.5167,3635.0,5,0,1,0,0.0,0
0.7462,68,0,0.2501,2407.0,15,0,2,0,0.0,0
0.9693,73,0,0.1962,6735.0,9,0,1,0,0.0,0
1.2746,59,0,0.7749,,6,0,3,0,3.0,0
0.1967,71,0,0.875,4538.0,13,0,4,0,0.0,0
0.284,39,0,0.3521,7897.0,7,0,3,0,0.0,0
0.6588,50,1,0.3622,2486.0,4,0,1,0,0.0,0
1.8053,86,0,0.0657,,6,0,1,0,1.0,0
0.0987,79,0,0.5251,,7,0,2,0,1.0,0
0.0335,34,0,0.1975,4521.0,6,0,0,0,0.0,0
0.8433,52,0,0.7247,,5,0,2,0,1.0,1
0.2437,54,0,0.0992,3363.0,11,0,1,0,1.0,0
0.2204,58,0,0.256,5830.0,6,0,2,0,2.0,0
0.3453,70,0,0.4043,7482.0,10,0,1,0,1.0,0
0.1677,78,0,0.6306,5453.0,4,0,1,0,1.0,0
0.2739,53,1,0.284,1970.0,9,0,0,0,0.0,0
0.4326,68,0,0.4441,,6,0,3,0,0.0,0
0.3775,61,0,0.5177,5076.0,5,0,1,0,0.0,0
0.0504,52,0,0.2715,2642.0,13,0,0,0,1.0,0
0.4445,28,0,0.4721,12343.0,9,0,1,0,1.0,0
0.1735,66,0,1.0393,5454.0,4,0,1,0,1.0,0
0.3475,60,0,0.6032,3225.0,11,0,1,0,0.0,0
1.1562,57,0,0.3478,9193.0,7,0,2,0,1.0,0
0.086,38,0,0.5758,2142.0,11,0,0,0,1.0,0
0.0811,79,0,0.2032,5397.0,11,0,0,0,0.0,0
0.2703,54,0,0.2109,3061.0,9,0,0,0,1.0,0
2.234,36,0,0.168,4207.0,8,0,0,0,1.0,0
3.2876,34,0,0.3839,,5,0,0,0,1.0,0
0.5935,61,0,0.4349,4737.0,10,0,1,0,2.0,0
0.134,62,0,0.6606,5845.0,15,0,0,0,2.0,0
0.0567,46,0,0.7008,3675.0,6,0,2,0,1.0,0
0.3407,58,0,0.5663,6520.0,9,0,1,0,0.0,0
0.3924,61,0,0.232,5820.0,11,0,2,0,1.0,0
2.5827,54,0,1.0763,8664.0,6,0,1,0,0.0,0
0.7612,42,0,0.7453,4367.0,9,0,0,0,0.0,0
0.3453,65,0,0.4891,,12,0,0,0,1.0,0
0.3666,64,0,1.2757,5656.0,9,0,1,0,0.0,0
0.8531,60,0,0.2603,,12,0,2,0,0.0,0
0.3562,40,0,0.7319,2955.0,9,0,1,0,1.0,0
2.08,33,0,0.1521,2444.0,3,0,0,0,3.0,0
0.2457,53,0,0.8877,14567.0,6,0,3,0,1.0,0
0.7406,65,0,0.2912,,7,0,2,0,1.0,0
0.6277,67,0,0.2759,4713.0,13,0,3,0,1.0,0
0.3108,60,0,0.8222,2895.0,11,1,1,0,0.0,0
0.4567,46,0,0.5744,,7,0,4,0,3.0,0
0.1645,41,0,0.7059,9191.0,6,0,0,0,1.0,0
2.5927,52,0,0.6129,3873.0,9,0,0,0,0.0,0
0.3087,52,0,0.45,7837.0,5,0,2,0,0.0,0
0.4041,68,0,0.7997,3704.0,7,0,1,0,1.0,0
2.0513,45,0,0.5653,3026.0,13,0,2,0,1.0,0
0.2556,46,1,0.3188,4572.0,5,0,2,3,1.0,0
0.523,81,0,0.7711,2205.0,3,0,4,0,0.0,1
0.234,74,0,0.3912,2127.0,8,0,1,0,1.0,0
0.8188,40,0,0.5639,6371.0,5,0,1,0,2.0,0
0.7584,73,0,0.3826,,7,0,2,0,2.0,0
13.8848,36,0,0.4029,6264.0,4,0,0,0,3.0,0
0.3484,46,2,0.6986,10007.0,9,0,3,0,1.0,0
0.6022,48,0,0.2317,,13,0,4,0,1.0,0
0.5165,51,0,0.47,1624.0,3,0,0,0,3.0,1
0.1389,61,0,0.8069,3034.0,3,1,1,0,1.0,0
0.7148,53,0,0.4468,,10,0,0,0,1.0,0
0.4149,61,0,0.4874,1308.0,5,0,0,0,0.0,0
0.9638,46,0,0.1236,1905.0,8,0,1,0,1.0,0
0.782,57,0,0.3808,3973.0,7,0,3,0,0.0,0
0.1386,53,0,0.1844,3006.0,6,0,0,0,0.0,0
0.7943,33,0,0.2624,3167.0,7,0,1,0,1.0,0
1.2372,59,0,0.3427,5367.0,5,0,2,0,1.0,1
0.2765,53,0,0.0263,2783.0,7,0,0,0,1.0,0
0.8129,42,2,0.3472,2511.0,12,0,4,1,1.0,0
0.0511,46,0,0.4383,5711.0,5,0,2,0,1.0,0
0.3691,46,0,0.5568,6603.0,9,0,1,0,2.0,0
0.0658,49,1,0.1686,,11,0,1,1,0.0,0
0.3941,77,0,0.2923,9299.0,7,2,0,0,0.0,1
0.3119,81,0,0.4905,4504.0,13,0,4,0,0.0,0
4.435,21,0,0.5346,6595.0,9,0,1,0,1.0,0
1.0108,59,0,0.3684,7349.0,12,0,0,0,1.0,0
4.8012,65,0,0.3161,4828.0,6,0,1,0,1.0,0
0.6737,49,0,0.7218,3596.0,10,0,0,0,2.0,0
0.7429,65,0,0.1589,5068.0,8,0,0,0,3.0,1
1.1313,75,3,0.3044,,7,0,1,0,1.0,0
0.4576,33,0,0.6402,1600.0,4,0,0,0,2.0,0
0.8662,54,0,0.3697,6873.0,8,0,1,0,0.0,0
0.0958,79,0,0.5198,4887.0,5,0,1,0,1.0,0
0.3834,35,0,0.4334,10001.0,13,0,1,0,0.0,0
0.0172,50,0,0.842,6276.0,6,0,1,0,0.0,0
1.5188,46,0,0.3556,3699.0,4,0,0,0,0.0,0
0.6012,67,0,0.6419,1974.0,10,0,1,0,4.0,0
0.2329,69,0,0.3399,2127.0,8,0,0,0,0.0,0
0.5533,54,0,0.4242,4208.0,11,0,0,0,1.0,0
0.2547,52,0,0.1322,26792.0,6,0,2,0,,0
2.648,28,0,0.171,4771.0,8,0,1,0,3.0,0
0.3711,72,0,0.701,8345.0,8,0,0,1,2.0,0
0.6658,47,0,0.4966,6777.0,12,0,0,0,2.0,0
0.9508,50,0,0.4311,6181.0,5,0,2,0,0.0,0
0.5545,66,0,0.1887,2723.0,11,0,1,0,1.0,0
0.6154,55,0,0.138,,18,0,1,0,1.0,0
0.9201,66,1,0.5809,3059.0,8,0,1,0,3.0,0
0.1627,60,0,0.2276,6244.0,10,0,0,0,,0
0.504,55,0,0.2986,4271.0,9,0,0,0,3.0,0
0.5701,56,0,0.7508,,8,0,0,0,0.0,0
0.5273,36,0,0.4431,3846.0,9,0,0,0,1.0,0
0.5905,50,0,0.2095,,9,0,1,0,2.0,0
1.5393,67,2,0.9074,7651.0,6,0,1,0,1.0,0
0.3316,39,0,0.5333,2303.0,5,0,1,0,0.0,0
0.5868,42,0,0.0744,2570.0,8,0,0,0,2.0,0
0.0955,40,0,0.4791,8763.0,7,0,1,0,1.0,0
0.5135,54,0,1.0139,4255.0,15,0,1,0,1.0,0
0.1529,72,0,0.6375,4476.0,7,0,1,0,3.0,0
0.178,60,0,0.5207,9123.0,8,0,1,0,,0
0.9233,22,0,0.2996,5870.0,5,0,0,0,,0
0.7004,61,0,0.1952,3371.0,5,0,1,0,1.0,0
3.4092,46,0,0.747,1434.0,10,0,2,0,0.0,0
0.2876,59,0,0.4393,3795.0,12,0,0,0,0.0,0
0.5889,50,0,0.8485,2305.0,6,0,2,0,0.0,1
0.6946,40,0,0.931,9579.0,6,0,2,0,2.0,0
0.0016,51,0,0.4386,3247.0,6,0,3,0,,0
0.9194,46,0,0.3961,7868.0,11,0,0,0,2.0,0
0.2358,56,0,0.3245,2032.0,17,0,1,0,0.0,0
0.2068,40,0,0.2683,3767.0,6,0,0,0,3.0,0
0.316,36,0,0.2924,3901.0,10,0,0,0,1.0,0
1.0191,62,0,0.4364,5941.0,6,0,1,0,1.0,0
0.1843,68,0,0.7131,6213.0,9,0,1,0,1.0,0
0.7134,60,0,0.6109,,11,0,1,0,0.0,0
0.6376,43,0,0.4983,7014.0,11,0,0,0,1.0,0
0.5615,42,0,0.3587,8160.0,7,0,0,0,3.0,0
0.069,42,0,0.9486,6674.0,9,0,1,0,0.0,0
0.0496,64,0,0.3349,5008.0,12,0,1,0,2.0,0
0.3399,40,0,0.7583,6847.0,4,0,0,0,1.0,0
9.9279,64,0,0.8311,5521.0,6,0,1,0,1.0,0
4.4208,61,0,0.3984,1621.0,3,0,1,0,0.0,0
0.3882,69,0,0.3473,,10,0,1,0,1.0,0
0.6288,67,0,0.5726,1628.0,9,0,0,0,1.0,0
0.4191,60,0,0.2184,16041.0,5,0,0,0,1.0,0
0.0555,31,0,0.3854,2975.0,9,0,1,0,1.0,0
0.2744,61,0,0.1473,2036.0,4,0,2,0,1.0,0
0.0402,54,0,0.5589,14250.0,6,0,0,0,0.0,0
0.5916,47,0,0.7651,3467.0,9,0,3,0,2.0,0
0.2651,71,0,0.2281,,10,0,0,0,2.0,0
0.5545,50,0,0.5814,2209.0,7,0,1,0,1.0,1
0.0388,45,0,0.2652,9629.0,7,0,1,0,0.0,0
0.2403,68,0,0.4331,12589.0,5,0,1,0,0.0,1
3.219,46,0,0.9388,9680.0,8,0,0,0,1.0,0
0.3963,44,0,0.1728,3925.0,14,0,1,0,0.0,0
0.3549,36,0,0.3794,7489.0,3,0,0,0,0.0,0
2.42,41,0,0.3653,9479.0,6,0,3,0,0.0,0
0.3876,42,0,0.5831,3714.0,10,0,1,0,0.0,0
0.5896,61,0,0.4248,8580.0,12,0,1,0,0.0,0
0.6171,38,0,0.025,5865.0,7,0,0,0,1.0,0
0.4658,26,0,0.8695,4946.0,9,0,1,0,1.0,1
0.1755,56,0,0.0741,,9,0,1,0,0.0,0
0.3489,43,0,1.1345,4532.0,5,0,2,0,2.0,0
0.1215,52,0,0.8747,2030.0,11,0,0,0,0.0,0
1.3413,70,0,0.4925,,10,0,0,0,1.0,1
0.4827,53,0,0.6895,6683.0,8,0,2,0,0.0,0
0.7146,73,0,0.3508,,4,0,1,0,1.0,0
0.325,51,0,0.2678,4563.0,11,0,1,0,0.0,0
0.3392,66,0,0.2582,3919.0,6,0,3,0,1.0,0
0.5068,44,0,0.8602,8699.0,7,0,3,0,1.0,0
0.3385,54,0,0.5781,5470.0,7,0,1,0,2.0,0
0.9024,39,0,0.6249,4826.0,16,0,0,0,1.0,0
0.2405,41,0,0.7205,19255.0,9,0,0,0,0.0,0
0.1138,49,0,0.5518,4350.0,8,0,0,0,0.0,0
0.3497,33,0,0.0859,4301.0,8,0,3,0,0.0,0
0.048,54,0,0.6149,,9,0,0,0,0.0,0
0.1001,48,0,0.2074,,7,0,2,0,0.0,0
0.666,55,0,0.3997,8496.0,6,0,2,0,0.0,0
0.2027,34,0,0.2868,10804.0,11,0,1,0,0.0,0
0.0364,62,0,0.1834,4412.0,9,0,0,0,1.0,0
0.2401,76,0,0.1553,4335.0,8,0,1,0,2.0,0
0.2964,73,0,0.5483,2758.0,8,0,1,0,0.0,0
0.4385,79,0,0.9788,3134.0,3,0,0,0,0.0,1
1.2657,53,0,0.3373,,5,0,2,0,0.0,0
0.4902,47,0,0.1904,3348.0,10,0,1,0,1.0,0
0.1481,59,0,1.1078,11777.0,6,0,2,0,0.0,0
1.9921,49,2,1.0133,,10,1,2,0,0.0,0
2.1744,28,0,0.744,3249.0,7,0,0,0,1.0,0
0.1776,63,0,0.1447,3214.0,5,0,2,0,0.0,0
4.6252,49,0,0.201,,7,0,3,0,1.0,0
0.7564,31,0,0.0769,,4,0,1,0,1.0,0
0.1117,45,0,0.2442,11247.0,6,0,1,0,0.0,0
0.3642,49,0,0.4848,4749.0,8,0,0,0,1.0,0
0.4925,52,0,0.7853,7075.0,7,0,2,0,2.0,0
1.2556,52,5,0.446,3278.0,6,0,0,0,1.0,0
0.233,71,0,0.3761,,8,0,1,0,0.0,0
0.1275,34,0,0.6589,9441.0,8,0,1,0,2.0,0
0.5826,50,0,0.8251,6524.0,7,0,0,0,0.0,0
0.407,40,0,0.453,,10,0,2,0,2.0,0
2.1249,70,0,0.0414,,6,0,1,0,0.0,0
0.3996,44,0,0.5836,6222.0,8,0,1,0,2.0,0
0.172,47,0,0.2408,4980.0,4,0,1,0,0.0,0
0.301,67,0,0.1379,12459.0,10,0,1,0,2.0,0
0.093,71,0,0.1748,3045.0,8,0,2,0,1.0,0
0.5572,73,0,1.2053,,8,0,1,0,0.0,1
1.3465,29,0,0.3113,4664.0,8,0,0,0,0.0,0
0.541,59,0,0.2481,1291.0,5,0,2,0,0.0,0
0.1053,56,0,0.6404,,9,0,1,0,0.0,0
0.2193,51,0,0.0595,8576.0,8,0,2,0,2.0,0
1.1982,53,0,0.4632,4429.0,6,0,1,0,0.0,0
0.0245,70,0,0.2978,1829.0,6,0,1,0,1.0,0
0.4813,67,0,0.4149,5088.0,2,0,2,0,0.0,0
0.4379,65,0,0.5184,3069.0,4,0,2,0,0.0,1
0.2037,55,0,0.8941,6214.0,14,0,0,0,0.0,0
0.5292,84,0,0.5015,4248.0,7,0,1,0,2.0,0
0.4416,46,0,0.5268,3665.0,6,0,4,0,0.0,1
1.0994,29,0,0.2771,,14,0,1,0,0.0,0
0.4712,48,0,1.1058,,9,0,1,0,3.0,1
0.4252,53,0,0.5798,,5,0,1,0,0.0,0
0.964,70,0,0.1951,5218.0,9,0,1,0,2.0,0
0.1768,45,0,0.3286,7514.0,6,0,0,0,1.0,0
0.1277,59,0,0.6602,3869.0,7,0,0,0,4.0,0
0.6355,31,0,0.7946,9690.0,8,0,1,0,1.0,0
0.693,67,0,0.7454,,9,0,1,0,0.0,0
0.9783,53,0,0.4558,7582.0,8,0,2,0,2.0,0
0.6239,48,0,1.335,8041.0,8,0,0,0,0.0,0
0.2612,82,2,0.193,,6,0,0,0,1.0,0
0.1963,67,0,0.6652,8665.0,5,0,2,0,0.0,0
0.2191,37,0,0.4315,,6,0,2,0,0.0,0
3.5335,50,1,0.4508,,10,0,2,0,1.0,0
0.2249,90,0,0.2414,6276.0,2,0,1,0,2.0,0
0.7748,80,0,0.7604,2174.0,5,0,1,0,2.0,0
0.6967,65,0,0.6168,3723.0,6,0,1,0,1.0,0
0.3576,26,0,0.7051,4697.0,5,0,0,0,0.0,0
0.0594,71,0,0.2199,3436.0,7,0,2,0,0.0,0
0.0325,43,0,0.1952,9437.0,5,0,1,0,0.0,0
0.7473,71,0,0.0639,2346.0,16,0,1,0,0.0,0
0.4332,42,0,0.6024,6797.0,5,0,1,0,1.0,0
0.3355,59,0,0.3072,6162.0,8,0,0,0,1.0,0
0.0124,43,0,0.734,6209.0,14,0,2,0,1.0,0
0.2459,47,0,0.4225,2637.0,8,0,0,0,1.0,0
0.3245,61,0,0.7991,2174.0,14,0,2,0,1.0,0
0.5042,34,0,0.4333,2276.0,6,0,1,0,2.0,0
0.4957,85,0,0.2661,3382.0,7,0,0,0,0.0,0
0.6768,38,0,0.0815,8328.0,7,0,0,0,0.0,0
0.6752,37,0,0.6104,3507.0,7,0,0,0,0.0,0
4.1795,61,0,0.0956,7736.0,5,0,2,0,2.0,0
4.1288,70,0,0.4493,6952.0,4,0,4,0,3.0,0
0.2359,47,0,0.3764,,8,0,0,0,1.0,0
0.6209,37,0,0.9653,6519.0,13,0,1,0,0.0,0
0.5056,39,0,0.6679,8029.0,10,0,0,0,0.0,0
3.1252,38,2,0.4049,4193.0,9,0,0,0,0.0,0
0.8046,56,0,0.7903,5822.0,5,0,1,0,0.0,0
0.0791,51,0,0.1144,2667.0,7,0,3,0,1.0,0
0.21,58,0,0.6898,5172.0,11,0,0,0,1.0,0
0.3739,57,0,0.64,,12,0,1,0,3.0,0
0.4262,64,0,0.1616,5043.0,13,0,1,0,1.0,0
1.5371,46,0,0.5157,,6,0,0,0,1.0,1
0.7092,42,0,0.0247,5678.0,12,0,1,0,1.0,0
1.262,54,0,0.2586,9526.0,8,0,1,0,2.0,0
0.1918,51,0,0.1646,8166.0,4,0,0,0,1.0,0
0.019,56,0,0.7205,3436.0,8,0,1,0,0.0,0
0.0109,42,0,0.635,7118.0,8,0,1,0,1.0,0
0.8063,61,0,0.5258,6129.0,13,0,4,0,2.0,0
2.1873,36,0,0.4139,6937.0,8,0,3,0,3.0,0
0.0536,46,0,0.7913,3542.0,4,0,1,0,1.0,0
0.2752,68,0,0.3025,,7,0,0,0,1.0,0
0.0179,36,0,0.6094,20028.0,11,0,0,0,4.0,0
0.3178,67,0,0.3906,10712.0,5,0,2,0,0.0,0
0.0877,32,0,0.1481,,8,0,2,0,0.0,0
0.5514,30,0,0.3905,6932.0,4,0,1,0,2.0,0
0.097,31,0,0.9868,4661.0,8,0,0,0,1.0,0
0.0035,54,0,0.488,13880.0,12,0,0,0,1.0,0
1.0771,62,0,0.6169,6397.0,8,0,0,0,0.0,0
5.4263,70,0,0.8715,3414.0,10,0,1,0,1.0,0
0.5338,69,0,0.2293,,13,0,1,0,1.0,0
1.127,64,0,0.5848,9942.0,15,0,0,0,0.0,0
0.0408,40,0,0.1346,,7,0,0,0,2.0,0
0.3051,40,0,0.4887,4346.0,5,0,0,0,1.0,0
0.4724,63,0,0.7677,8758.0,11,0,2,0,0.0,0
5.6142,72,0,0.5264,,4,0,0,0,2.0,1
0.0674,38,0,0.5205,,3,0,2,0,1.0,0
0.0504,70,0,0.1419,6505.0,8,0,0,0,0.0,0
0.3095,25,0,0.6496,2220.0,9,0,1,0,0.0,0
0.1725,57,0,0.4909,,6,0,2,0,0.0,0
0.0285,51,0,0.2144,,10,0,3,0,1.0,0
0.2622,49,0,0.1623,6917.0,9,0,2,0,0.0,0
0.2486,52,0,0.5092,3475.0,3,0,1,0,1.0,0
0.7759,40,0,0.1702,5423.0,9,0,2,0,2.0,0
0.5458,58,0,0.6281,,6,0,4,0,0.0,0
4.9379,53,0,0.2465,9674.0,15,0,0,0,0.0,0
0.1606,65,0,0.6442,8970.0,4,0,2,0,0.0,0
0.0079,74,0,0.7542,11109.0,4,0,0,0,0.0,0
0.2573,54,0,0.1435,,10,0,0,0,0.0,0
0.2074,41,0,0.8612,,7,0,0,0,0.0,0
3.1579,36,0,0.7306,9321.0,8,0,3,0,0.0,0
0.5329,76,0,0.398,7616.0,8,0,0,0,0.0,0
0.5024,74,0,0.3846,4913.0,11,0,2,0,1.0,0
0.231,64,0,0.2606,6341.0,12,0,2,0,0.0,0
0.4352,53,0,0.4851,4659.0,9,0,1,0,,0
0.8916,63,0,0.2889,,5,0,2,0,1.0,0
0.4417,70,0,0.0365,,12,0,0,0,0.0,0
0.4441,43,0,0.3031,14783.0,8,0,1,0,0.0,1
0.5742,52,0,0.2786,3860.0,12,0,2,0,0.0,0
0.351,37,0,0.5356,,9,0,0,0,1.0,0
0.5535,50,0,1.0766,,11,0,0,0,1.0,0
0.3183,74,0,0.0818,7661.0,10,0,3,0,0.0,1
0.2544,67,0,0.5781,7942.0,5,0,0,0,1.0,0
0.4337,54,0,0.299,2991.0,9,0,1,0,0.0,0
2.5554,21,0,0.0448,3404.0,11,0,0,0,1.0,0
1.6704,43,0,0.1739,6020.0,6,0,1,0,2.0,0
0.2495,53,0,0.5663,12966.0,6,0,1,0,3.0,0
0.7834,49,0,0.9418,4205.0,9,0,0,0,3.0,0
0.2513,52,0,0.1742,,4,0,0,0,0.0,0
0.064,55,0,0.8335,4419.0,13,0,1,0,0.0,0
0.1469,45,1,0.504,5363.0,4,1,0,0,0.0,0
0.0557,52,0,0.7508,5608.0,5,0,0,0,2.0,0
0.0829,50,0,0.4346,9224.0,11,0,1,0,0.0,0
1.1752,42,0,0.1769,6614.0,8,0,2,0,1.0,0
0.1217,78,0,0.179,8865.0,6,0,4,0,0.0,1
5.6923,45,0,0.228,12809.0,7,0,0,0,0.0,1
0.0928,21,1,0.5063,3280.0,8,0,1,1,3.0,0
0.2177,77,0,0.8852,13014.0,9,0,0,0,,0
0.1007,40,0,0.1442,2363.0,13,0,0,0,0.0,0
0.1034,65,0,0.7518,4317.0,7,0,0,0,1.0,0
0.4032,42,0,1.3809,3011.0,4,0,0,0,0.0,0
0.4887,60,0,0.669,3951.0,9,0,0,0,1.0,0
2.2457,51,0,0.7566,8987.0,7,0,2,0,0.0,0
0.2912,66,0,0.5201,,7,0,0,0,,0
0.5164,49,0,0.3731,4717.0,7,0,1,0,0.0,0
0.1062,43,0,0.8015,,6,0,4,0,3.0,0
0.0608,56,0,0.5347,,5,0,1,0,2.0,0
1.2156,47,0,0.5456,3238.0,9,0,1,0,1.0,0
4.0614,25,0,0.4792,4625.0,9,0,0,0,2.0,0
0.7879,44,0,0.4479,6255.0,8,0,0,0,1.0,0
2.3704,92,0,0.0163,3607.0,7,0,1,0,2.0,0
1.1186,27,0,1.0639,12567.0,7,0,0,0,0.0,0
0.2457,55,0,0.5369,7145.0,9,0,1,0,2.0,0
0.3688,49,0,0.5142,7200.0,8,0,0,0,0.0,0
0.1587,78,0,0.6711,,7,0,0,0,1.0,0
0.0061,36,0,0.3325,,5,0,0,0,1.0,0
0.4677,53,0,0.2486,6869.0,12,0,0,0,1.0,0
0.6402,62,0,0.4849,2813.0,14,0,1,0,0.0,0
0.5587,49,0,0.3218,3032.0,5,0,1,0,0.0,0
0.5086,41,0,0.3881,5180.0,8,0,0,0,1.0,0
1.2526,52,1,0.2442,5012.0,7,1,1,0,0.0,0
0.5823,48,0,0.2805,10468.0,10,0,2,0,1.0,0
1.1648,48,0,0.3495,,15,0,0,0,2.0,0
6.1392,65,0,0.2688,8959.0,8,0,1,0,1.0,0
0.1035,58,0,0.7867,21642.0,5,0,2,0,0.0,0
0.0874,60,0,0.6019,6353.0,6,0,2,0,2.0,0
0.1452,57,0,0.5982,16492.0,9,0,0,0,1.0,0
5.0132,65,0,0.3514,3671.0,11,0,1,0,0.0,1
0.3032,70,0,0.0435,2342.0,8,0,0,0,2.0,0
0.0665,48,0,0.0907,3783.0,10,0,2,0,0.0,0
0.0415,63,0,0.5406,9380.0,12,0,1,0,0.0,0
0.1124,34,0,0.5979,5057.0,8,0,1,0,1.0,0
0.506,21,0,0.997,,4,0,2,0,0.0,0
0.0028,78,0,1.0059,3529.0,10,0,3,0,2.0,0
0.0112,47,0,0.4012,,12,0,1,0,0.0,0
0.0569,56,0,1.037,4092.0,3,0,0,0,1.0,0
2.9956,35,0,0.2189,7133.0,11,0,0,0,1.0,0
0.4763,34,0,0.3516,12503.0,8,0,1,0,3.0,0
0.0085,42,1,0.7537,4417.0,6,0,1,0,2.0,0
0.8134,61,0,0.0823,,11,0,1,0,0.0,0
0.859,45,0,0.4501,,7,0,2,0,1.0,0
0.409,47,0,0.1966,5182.0,7,0,1,0,,0
0.0857,42,0,0.6592,,7,0,1,0,0.0,0
0.2631,68,0,0.034,9133.0,9,0,0,0,0.0,1
0.5644,64,0,0.2931,5525.0,12,0,4,0,1.0,0
0.0655,45,0,0.092,12817.0,9,0,3,0,0.0,0
0.4616,62,0,0.5879,5729.0,6,0,0,0,2.0,0
2.4078,49,0,0.4348,11513.0,7,0,1,0,2.0,0
3.976,47,0,0.1731,2767.0,8,0,1,0,0.0,0
0.6477,51,0,0.3652,3021.0,11,0,2,0,,0
0.4994,61,0,0.607,7290.0,9,0,2,0,1.0,0
0.2009,40,0,0.516,5076.0,7,0,2,0,1.0,0
0.4851,59,0,0.5134,13616.0,8,0,2,0,2.0,0
0.1494,87,0,0.1162,7098.0,7,0,1,0,1.0,0
0.5383,55,0,0.7722,5952.0,10,0,2,0,0.0,0
0.0917,53,0,0.8518,2979.0,13,1,0,1,2.0,0
0.718,51,2,0.2236,5083.0,7,0,4,0,2.0,1
0.3842,59,0,0.3926,5612.0,10,0,2,0,1.0,0
0.7083,29,0,0.3457,3351.0,10,0,1,0,2.0,0
0.0152,76,0,0.4161,6460.0,5,0,0,0,0.0,0
0.8431,66,0,0.6551,20062.0,8,0,0,0,0.0,0
0.1427,43,0,0.8618,2041.0,8,0,4,0,0.0,0
0.2814,52,0,0.1299,5286.0,10,0,1,0,1.0,0
6.7078,44,0,0.386,,4,0,1,0,,0
0.8346,56,0,0.6547,12180.0,7,0,2,0,1.0,0
0.3043,53,0,0.4785,10331.0,5,0,0,0,0.0,0
0.1324,55,0,0.3315,8579.0,4,0,1,0,0.0,0
0.1246,38,0,0.3729,5917.0,4,0,0,0,,0
3.2656,45,0,0.2738,6555.0,5,0,0,0,0.0,0
0.7431,68,0,0.6167,8926.0,6,0,1,0,1.0,0
0.0178,45,0,0.475,4386.0,10,0,1,0,3.0,0
0.1675,21,1,0.238,1790.0,3,0,0,0,1.0,0
0.8655,50,0,0.7221,,7,0,3,0,1.0,0
0.2213,86,0,0.1341,6507.0,4,0,0,0,0.0,0
0.4844,64,0,0.8022,6038.0,8,0,0,0,0.0,0
0.2629,44,0,0.6949,4708.0,4,0,2,0,1.0,0
0.0672,51,0,0.9537,26222.0,8,0,0,0,1.0,0
0.0524,62,0,0.6529,3980.0,10,0,0,0,3.0,0
0.5854,27,0,0.6789,,11,0,1,0,0.0,0
0.6088,40,0,0.5246,5384.0,5,0,2,0,0.0,0
0.733,58,0,0.4443,4475.0,11,0,0,0,2.0,0
0.1717,74,0,0.513,2452.0,6,0,0,0,1.0,0
0.3604,46,0,0.2979,2241.0,7,0,3,0,0.0,0
1.5698,74,0,0.4758,,10,0,1,0,1.0,0
0.1415,41,0,0.4753,,7,0,2,0,0.0,0
0.0148,21,0,0.0922,9512.0,4,0,1,0,0.0,0
0.0768,62,0,0.5644,,10,0,1,0,0.0,0
0.1646,60,0,0.7336,13645.0,9,0,1,0,1.0,0
0.5193,62,0,0.7952,1766.0,5,0,1,0,0.0,0
2.3867,62,0,0.7697,3897.0,10,0,1,0,1.0,0
0.8478,55,0,0.6033,4189.0,6,0,0,0,0.0,0
0.2816,48,0,0.4406,,5,0,1,0,0.0,0
0.572,49,0,0.7819,3911.0,9,0,0,0,1.0,1
1.873,46,0,0.7931,6189.0,11,0,1,0,1.0,0
0.1197,46,0,1.1184,10583.0,5,0,0,0,1.0,0
0.5105,27,0,0.436,3431.0,8,0,0,0,0.0,0
0.2411,35,1,0.7555,4894.0,8,0,2,0,1.0,0
0.5787,50,0,0.476,4735.0,6,0,1,0,2.0,0
0.3099,21,0,0.4861,3624.0,10,0,2,0,0.0,0
0.5099,24,0,0.6296,4399.0,11,0,1,0,1.0,1
0.1318,47,0,0.1128,3569.0,11,0,0,0,0.0,0
1.4415,50,0,0.5061,5188.0,8,0,1,0,0.0,0
0.5424,48,0,0.2745,,3,0,1,0,0.0,0
0.6802,21,0,0.4461,,4,0,1,0,1.0,0
0.0789,74,0,0.2282,7280.0,6,0,0,0,1.0,0
0.8429,32,0,0.2073,7587.0,10,0,0,0,0.0,0
0.195,41,0,0.3029,3035.0,7,0,0,0,2.0,0
0.6975,34,0,0.2066,5246.0,7,0,0,1,2.0,0
0.1786,70,0,0.3687,1420.0,8,0,2,0,1.0,0
0.6393,58,0,0.558,9350.0,12,0,2,0,4.0,0
1.7041,45,1,0.5087,6436.0,11,0,2,0,1.0,0
1.9332,44,0,0.3343,7046.0,13,0,2,0,0.0,0
0.4429,55,0,0.1366,4032.0,9,0,0,0,1.0,0
0.2232,35,0,0.1561,,8,0,1,0,1.0,0
0.3344,57,1,0.5611,16582.0,8,0,0,3,0.0,0
0.6235,44,0,0.5281,3281.0,7,0,1,0,1.0,0
0.5055,59,0,0.5342,,2,0,2,0,0.0,0
2.2763,59,0,0.6708,2499.0,6,0,3,0,0.0,0
0.1448,44,0,0.0756,3995.0,8,0,1,0,0.0,0
0.5858,23,0,0.4426,1678.0,3,0,1,0,3.0,0
2.1598,49,1,0.828,3839.0,10,0,0,0,0.0,0
0.1097,32,0,0.5183,18370.0,7,0,1,0,0.0,0
0.4989,53,0,0.8049,8369.0,5,0,1,0,0.0,0
0.6299,48,0,0.2131,2656.0,9,0,0,0,1.0,0
0.6691,44,0,0.669,8260.0,10,0,1,0,2.0,0
0.9017,34,0,0.7803,2619.0,4,0,0,0,0.0,0
0.3468,69,0,0.3461,7554.0,8,0,0,0,0.0,0
0.1778,46,0,0.831,,11,0,0,0,0.0,0
0.2502,85,0,0.1117,,10,0,0,0,0.0,0
0.4473,52,0,0.1261,9087.0,11,0,1,0,3.0,0
0.1386,57,3,0.4085,3989.0,2,2,0,0,1.0,0
0.3907,53,0,0.5562,2099.0,8,0,2,0,0.0,0
0.0385,57,0,0.8966,1005.0,13,0,2,0,1.0,0
1.3064,67,0,0.1624,,6,0,0,0,0.0,0
0.3016,67,0,0.3161,2706.0,6,0,1,0,2.0,0
0.7189,27,0,0.32,13658.0,3,0,0,0,2.0,0
2.0331,64,0,0.6253,,6,0,0,0,0.0,0
0.0342,59,0,0.6098,,9,0,0,0,1.0,0
0.3427,53,0,0.5969,2498.0,9,0,0,0,0.0,0
2.2463,76,1,0.0981,,10,0,3,0,1.0,0
0.3597,77,0,0.609,,6,0,0,0,0.0,0
0.6965,65,0,0.2312,3783.0,5,0,1,0,1.0,0
1.0056,44,0,0.3004,,14,0,1,0,0.0,0
0.1722,35,0,0.1689,6415.0,7,0,1,0,2.0,0
0.1163,63,0,1.6652,8073.0,12,0,0,0,,0
1.5633,71,0,0.4748,9290.0,11,0,1,0,,0
0.2405,24,0,0.8504,8546.0,6,0,1,0,1.0,0
0.3899,67,0,0.5078,5015.0,8,0,1,0,1.0,0
0.4205,48,0,0.1756,8045.0,11,0,1,0,0.0,0
0.7455,27,0,0.1073,3679.0,12,0,0,0,3.0,0
0.3414,59,0,0.2958,,5,0,3,0,0.0,0
0.2975,65,0,0.7611,2943.0,5,0,0,0,0.0,0
0.2781,47,0,0.4577,3803.0,6,0,0,0,0.0,0
0.3051,37,0,0.8523,6015.0,7,0,0,0,0.0,0
0.8763,76,0,0.2772,5514.0,6,0,2,0,0.0,0
9.2468,43,0,0.8353,5662.0,13,0,1,1,1.0,0
0.0865,68,0,0.1685,4999.0,9,0,0,0,1.0,0
0.1717,31,0,0.5503,,10,0,1,0,0.0,0
0.7244,58,0,0.9567,6074.0,11,0,1,0,1.0,0
0.2849,57,0,0.0929,4086.0,5,0,0,0,0.0,0
0.8724,64,0,0.7587,5321.0,7,0,0,0,2.0,1
0.0833,73,0,0.2882,4415.0,10,0,1,0,1.0,0
3.3462,41,0,1.2639,2679.0,11,0,0,0,1.0,0
0.0144,59,0,0.3067,5515.0,8,0,1,0,1.0,0
0.5356,33,0,0.5104,3026.0,10,0,2,0,0.0,0
0.3605,33,0,0.7396,10339.0,9,0,2,0,1.0,0
0.3165,44,0,0.784,,14,0,2,0,1.0,0
1.2964,58,0,0.6137,,9,0,0,0,0.0,0
0.8163,75,0,1.096,2658.0,6,0,1,0,1.0,0
0.316,78,0,0.4441,,15,0,0,0,0.0,0
0.1369,47,0,0.5483,,12,0,1,0,2.0,0
0.8892,56,1,0.5922,4834.0,7,1,2,0,1.0,0
0.5717,65,0,0.5849,6621.0,8,0,0,0,2.0,0
0.3214,63,0,0.6907,6083.0,13,0,1,0,1.0,0
0.1923,50,0,0.8174,3912.0,4,0,1,0,1.0,0
0.163,53,0,0.2876,3291.0,9,0,3,0,2.0,0
0.4117,50,0,0.2223,2501.0,8,0,0,0,2.0,0
0.391,49,2,0.3794,19737.0,5,0,0,0,0.0,0
6.0195,47,0,0.2396,6620.0,8,0,0,0,0.0,0
0.024,50,0,0.3877,,8,0,3,0,2.0,0
0.638,46,0,0.8175,8121.0,5,0,0,0,1.0,0
0.033,36,0,0.4337,9056.0,11,0,0,0,2.0,0
0.5931,64,0,0.3457,3167.0,4,0,2,0,1.0,0
0.1023,59,0,0.8463,4433.0,10,0,4,0,0.0,0
0.1423,78,0,0.1444,3313.0,4,0,0,0,0.0,0
0.3415,57,0,0.5879,3758.0,10,0,1,0,1.0,0
2.3357,46,0,0.5027,4422.0,7,0,1,0,1.0,0
0.8138,43,0,0.2649,,6,0,2,0,2.0,0
0.7678,53,0,0.2055,3816.0,4,0,2,0,0.0,0
0.3149,60,1,0.8231,7424.0,8,0,1,1,1.0,0
2.5505,49,0,0.5777,2532.0,9,1,1,0,0.0,0
1.2847,31,0,0.3043,8824.0,8,0,1,0,1.0,0
0.1423,42,0,0.3982,1833.0,5,0,1,0,0.0,0
0.2955,52,0,0.643,,12,0,1,0,2.0,0
3.3376,62,0,0.6239,28660.0,6,0,0,0,1.0,0
0.0601,31,0,0.2472,7884.0,7,0,0,0,0.0,0
0.0903,56,0,0.2565,6108.0,7,0,3,0,2.0,0
0.3134,55,0,0.1755,,9,0,1,0,1.0,0
3.5307,46,0,0.4852,6440.0,10,0,0,0,1.0,0
0.1146,44,0,0.7712,,5,0,0,0,0.0,0
0.0916,42,0,0.2878,6851.0,13,0,0,0,0.0,0
0.4688,54,0,0.6597,6227.0,10,0,0,0,0.0,0
0.2006,68,0,0.4874,3884.0,11,0,3,0,1.0,0
0.0193,69,0,0.5806,3251.0,9,0,0,0,2.0,0
0.5726,36,0,1.4068,,5,0,2,0,2.0,0
0.0794,49,0,0.137,14522.0,12,0,2,0,0.0,0
0.2604,21,0,0.127,2429.0,3,0,0,0,1.0,0
0.5635,54,0,0.0872,3230.0,5,0,0,0,1.0,0
0.7203,60,0,0.1043,,3,0,2,0,1.0,0
0.401,74,0,0.6998,13891.0,6,0,2,0,0.0,0
0.2835,27,0,0.3391,,9,0,0,0,1.0,0
0.2989,37,0,0.4693,5678.0,5,0,0,0,0.0,0
0.0801,54,0,0.4261,8144.0,7,0,2,0,1.0,0
0.445,29,0,0.5121,1843.0,11,0,3,0,2.0,1
0.2507,54,0,0.1692,3860.0,9,0,2,0,4.0,0
0.1778,61,0,0.1668,3367.0,6,0,1,0,0.0,0
0.4148,34,0,0.5508,10422.0,10,0,2,0,1.0,0
0.2981,54,0,0.2036,,10,0,0,0,2.0,0
0.3173,35,0,0.2922,,6,0,1,0,0.0,0
0.6071,71,0,0.7653,7506.0,10,0,3,0,1.0,0
0.6844,55,0,0.8304,7660.0,12,0,1,0,0.0,0
0.5637,43,0,1.354,2871.0,3,0,0,0,2.0,0
0.0401,35,0,0.7373,4175.0,6,0,1,0,2.0,0
0.0476,57,0,0.6516,7463.0,10,0,1,0,0.0,0
0.043,71,0,1.0564,3891.0,12,0,1,0,1.0,0
0.0529,41,0,0.8835,,6,0,0,0,2.0,0
0.1026,46,0,0.4611,,9,0,3,0,1.0,0
0.1644,41,0,0.7373,,4,0,0,0,0.0,0
1.0565,74,0,0.4797,7857.0,6,0,1,0,1.0,0
0.6214,25,0,0.7875,3406.0,8,0,1,0,0.0,1
0.8926,70,0,0.537,3250.0,7,0,1,0,0.0,1
0.3328,47,0,0.134,3553.0,8,0,1,0,4.0,0
0.1468,51,0,0.294,2236.0,14,0,1,0,1.0,0
1.0113,47,0,0.8774,,6,0,2,0,1.0,1
0.7135,55,0,0.9053,,4,0,1,0,2.0,1
1.1203,42,0,0.337,8845.0,11,0,0,0,,0
0.0781,67,0,0.4974,,10,0,2,0,0.0,0
0.5256,67,0,0.3947,3087.0,10,0,1,0,0.0,0
0.5136,38,0,0.2624,2186.0,6,0,0,0,0.0,0
1.5866,61,0,0.0989,3614.0,9,0,1,0,1.0,0
0.1421,47,0,0.3953,3687.0,10,0,1,0,0.0,0
0.0487,53,0,0.2215,4247.0,8,0,3,0,1.0,0
6.7685,73,0,0.4445,,8,0,1,0,4.0,0
1.9871,43,0,0.4578,2714.0,2,0,1,0,0.0,0
0.0215,65,0,0.8127,9431.0,10,0,1,0,1.0,0
0.325,58,0,0.3149,4194.0,8,0,0,0,0.0,0
0.4206,49,0,0.5106,,5,0,2,0,0.0,1
0.0621,57,0,0.3572,,7,0,0,0,0.0,0
0.362,55,0,0.0732,4520.0,7,0,1,0,0.0,0
0.1265,36,0,0.4514,4028.0,6,0,1,0,0.0,0
0.1252,44,0,0.1623,,5,0,1,0,1.0,0
0.402,37,0,0.2985,3739.0,15,0,1,0,1.0,0
0.2479,48,1,0.5038,6266.0,11,0,1,0,1.0,0
0.5862,71,0,0.3669,6965.0,14,0,1,0,1.0,0
0.5156,60,0,0.2392,2719.0,5,0,1,0,0.0,0
0.5615,32,0,0.3278,3951.0,7,0,2,0,0.0,0
2.6365,48,0,0.7569,4143.0,5,0,1,0,1.0,0
2.3072,55,0,0.244,,4,0,0,0,0.0,0
0.913,62,2,0.4905,2535.0,6,0,4,0,0.0,0
0.0625,43,0,0.8038,3240.0,10,0,0,0,1.0,0
0.2456,35,0,0.7722,4851.0,5,0,0,0,0.0,0
0.0394,51,0,0.8844,4849.0,3,0,0,0,0.0,0
2.0186,60,0,0.0809,,10,0,0,0,0.0,0
0.1259,55,0,0.6772,7639.0,6,0,0,0,1.0,0
0.7428,40,0,0.6267,1425.0,20,0,1,0,0.0,0
0.0485,77,0,0.3553,6626.0,14,0,4,0,1.0,0
0.7757,51,0,0.0596,11336.0,6,0,1,0,1.0,0
0.1949,55,0,0.6262,16093.0,5,0,0,0,0.0,0
1.7036,43,0,0.7483,9802.0,5,0,1,0,1.0,0
0.4726,67,0,0.2,1459.0,9,0,0,0,0.0,0
0.4653,60,0,0.332,,10,0,0,0,1.0,0
0.0928,56,0,0.4122,31066.0,6,0,0,0,0.0,0
0.4139,36,0,0.2498,3860.0,10,0,2,0,0.0,0
0.2203,67,0,1.1707,8935.0,9,0,0,0,0.0,0
0.7957,63,0,0.7103,,6,0,2,0,1.0,0
0.2825,66,0,0.9536,3389.0,15,0,2,0,1.0,0
0.249,53,0,0.3808,3110.0,5,0,3,0,1.0,0
0.6961,51,0,0.3048,,11,0,0,0,0.0,0
0.748,49,0,0.7726,2932.0,10,0,3,0,0.0,0
0.3417,84,1,0.6111,4057.0,8,1,1,1,0.0,0
0.3117,44,0,0.2911,9563.0,2,0,2,0,0.0,0
0.155,35,0,0.5298,10682.0,6,0,3,0,1.0,0
0.1201,47,0,0.6135,10885.0,12,0,1,0,1.0,0
0.3337,45,0,0.5398,7683.0,7,0,0,0,0.0,0
0.5337,70,0,0.5433,,10,0,1,0,0.0,1
0.7465,33,0,0.4332,8937.0,10,0,2,0,2.0,0
0.5607,44,0,0.0248,4255.0,9,0,0,0,0.0,0
4.7828,55,0,1.042,6625.0,10,0,0,0,0.0,0
0.018,70,0,0.5953,8242.0,4,0,1,0,0.0,0
1.0068,62,0,0.0493,6783.0,8,0,0,0,0.0,1
0.5633,75,0,0.6827,10126.0,10,0,3,0,0.0,0
0.0063,57,0,0.3966,11909.0,10,0,0,0,1.0,0
0.9477,49,0,0.3653,14682.0,10,0,1,0,0.0,0
0.1541,64,0,0.3332,3051.0,3,0,0,0,0.0,0
0.5692,33,0,0.3346,8641.0,10,0,2,0,,0
0.4462,28,0,0.8636,,7,0,1,0,0.0,1
0.1111,66,0,0.3854,,5,0,3,0,2.0,0
0.6075,55,0,0.9117,,7,0,0,0,1.0,0
3.6746,65,0,0.6061,9189.0,9,0,0,0,0.0,0
0.8553,40,0,0.2232,2294.0,3,0,0,0,0.0,0
0.3592,70,0,0.3337,5046.0,7,0,0,0,1.0,0
0.8366,61,0,0.9673,7084.0,6,0,1,0,1.0,0
0.1201,52,0,0.1622,17225.0,7,0,0,0,1.0,0
0.4139,55,0,0.3531,8418.0,8,0,1,0,1.0,0
0.5,57,0,0.4469,5319.0,8,0,0,0,1.0,0
0.4419,40,0,0.3546,4660.0,11,0,1,0,1.0,0
0.2968,47,0,0.4534,,8,0,0,0,1.0,0
0.2139,57,0,0.1958,,9,0,2,0,0.0,0
3.9641,46,3,0.2043,8698.0,8,2,2,0,3.0,0
0.6671,31,0,0.3915,6793.0,9,0,1,0,3.0,0
1.0817,56,3,0.2796,6426.0,8,0,1,0,0.0,0
1.0013,64,2,0.814,,8,0,1,0,2.0,0
0.391,67,0,1.1344,7542.0,11,0,2,0,1.0,0
0.3406,59,0,0.2407,4377.0,7,0,1,0,1.0,0
0.6121,63,0,0.3442,5846.0,7,0,1,0,0.0,0
5.5262,66,0,0.2641,7624.0,14,0,2,0,0.0,0
0.3068,53,0,0.1588,,4,0,0,0,1.0,0
2.7259,22,0,0.8354,4428.0,6,0,1,0,2.0,0
0.1036,68,0,0.1736,6260.0,6,0,2,0,0.0,0
0.3427,39,0,0.2728,7492.0,8,0,0,0,0.0,0
3.8127,36,2,0.7852,15900.0,10,0,2,0,2.0,0
0.7196,37,0,0.5147,6103.0,9,0,0,0,0.0,0
0.308,87,0,1.0988,,7,0,1,0,0.0,0
0.833,58,0,0.398,8163.0,9,0,0,0,2.0,0
0.0793,37,0,0.7287,7560.0,5,0,2,0,0.0,0
0.4257,42,0,0.4766,2141.0,11,0,3,0,0.0,0
4.8716,52,1,0.8774,8976.0,9,0,4,0,0.0,0
0.3391,60,0,0.2817,13102.0,6,0,2,0,0.0,0
0.0281,56,1,0.1975,11486.0,7,1,2,0,1.0,1
0.1948,39,0,0.1852,2431.0,8,0,1,0,1.0,0
4.3557,56,0,0.3657,6932.0,11,0,0,0,0.0,0
0.497,43,0,0.1985,11908.0,8,0,0,0,1.0,0
4.2333,67,0,0.5338,9941.0,9,0,1,0,1.0,0
0.7421,53,0,0.5057,3751.0,8,0,1,0,2.0,0
0.542,41,0,0.4637,3947.0,13,0,2,0,1.0,0
0.4072,62,0,0.0532,9282.0,11,0,2,0,1.0,0
0.4246,57,0,1.1004,8675.0,7,0,0,0,0.0,0
0.4024,45,0,0.1712,,3,0,0,0,0.0,0
0.0105,62,0,0.8689,6820.0,6,0,0,0,1.0,0
0.226,61,0,0.2603,3642.0,6,0,0,0,2.0,0
0.0578,69,0,0.4274,3464.0,6,0,0,0,1.0,0
0.5063,62,0,0.547,4595.0,13,0,0,0,1.0,0
0.5511,49,0,0.1978,6971.0,10,0,0,0,0.0,0
2.411,28,0,0.6958,,6,0,1,0,0.0,1
0.2032,55,0,0.3622,,9,0,1,0,2.0,0
1.2149,57,0,0.8689,5500.0,8,0,1,0,0.0,0
0.3395,53,0,0.6801,11071.0,7,0,0,0,2.0,0
0.0344,21,0,0.7608,4306.0,4,0,1,0,0.0,0
0.8451,62,0,0.7163,5617.0,7,0,0,0,1.0,0
0.6047,39,0,0.6134,11493.0,9,0,0,0,2.0,0
0.2366,62,0,0.2839,,9,0,0,0,1.0,0
0.2154,76,0,0.4717,7523.0,8,0,1,0,0.0,0
0.7017,48,0,0.3214,9626.0,8,0,4,0,,0
0.1965,58,0,0.4547,6358.0,3,0,2,0,0.0,0
0.6806,52,0,0.1774,8300.0,5,0,1,0,1.0,0
0.0432,59,0,0.7479,2936.0,4,0,0,0,1.0,0
0.7216,53,0,0.7447,20578.0,9,0,0,0,1.0,0
0.2624,45,0,0.4833,9704.0,8,0,1,0,1.0,0
0.5152,39,0,1.0274,1818.0,7,0,1,0,2.0,0
0.283,74,0,0.2168,6370.0,11,0,1,0,0.0,0
0.0821,58,0,0.2788,8633.0,9,0,3,0,0.0,0
0.5439,64,0,1.1793,3383.0,8,0,0,0,2.0,0
1.3532,58,0,0.3406,2950.0,12,0,1,0,0.0,0
0.3167,66,0,0.2159,,3,0,0,0,0.0,0
0.0949,39,0,0.2974,3937.0,10,0,0,0,1.0,0
0.0783,53,0,0.2694,5698.0,7,0,0,0,1.0,0
2.4877,59,0,0.1148,6575.0,8,0,1,0,0.0,0
0.4072,70,0,0.3453,6082.0,9,0,3,0,0.0,0
0.5872,89,0,0.9475,3847.0,10,0,0,0,0.0,1
4.3261,58,0,0.2997,,12,0,0,0,0.0,0
0.5607,43,0,0.0186,,6,0,0,0,1.0,0
0.5554,35,0,0.5646,4175.0,7,0,0,0,2.0,0
0.2476,39,0,0.8051,7807.0,10,0,1,0,1.0,0
0.1857,41,2,0.5195,8591.0,5,0,0,0,1.0,0
0.444,21,0,0.4735,922.0,2,0,1,0,0.0,0
0.2912,43,0,0.2109,5583.0,10,0,0,0,2.0,0
0.8349,62,0,0.4693,2201.0,8,0,0,0,0.0,1
0.1868,53,0,0.4882,8386.0,6,0,2,0,1.0,0
1.6797,48,0,0.4096,,9,0,1,0,0.0,0
0.1697,29,0,0.2627,,8,0,1,0,0.0,0
0.5221,67,0,0.7906,,12,0,6,0,2.0,0
0.0536,59,0,1.0409,,8,0,0,0,2.0,0
1.3395,52,0,0.6768,4925.0,7,0,1,0,1.0,0
0.3745,21,0,0.4274,5029.0,5,0,0,0,0.0,0
0.0115,45,0,0.4787,,8,0,0,0,0.0,0
0.2031,58,0,0.2199,,7,0,2,0,1.0,0
1.3851,52,0,0.4507,2612.0,8,0,0,0,0.0,0
0.411,55,0,0.7186,4004.0,10,0,0,0,1.0,0
0.1096,62,0,0.4129,4492.0,10,0,0,0,0.0,0
0.2312,54,0,0.8459,,9,0,2,0,0.0,0
0.0217,61,0,0.688,10746.0,6,0,1,0,0.0,0
0.7428,40,0,0.5717,10353.0,14,0,1,0,2.0,0
0.8611,35,0,0.5638,6086.0,7,0,0,0,0.0,0
0.2972,59,0,0.6429,4498.0,2,0,2,0,0.0,0
0.3461,62,0,0.2496,28764.0,11,0,0,0,0.0,0
0.2972,59,0,0.4601,6954.0,14,0,1,0,0.0,0
0.2007,54,0,0.5947,10695.0,7,0,0,0,1.0,0
0.3233,47,0,0.3428,5924.0,7,0,1,0,1.0,0
0.6894,55,0,0.4112,5701.0,7,0,2,0,1.0,0
0.3892,57,0,0.7061,6290.0,13,0,1,0,1.0,0
0.1401,58,0,0.0742,5721.0,6,0,2,0,0.0,0
0.7013,88,0,0.133,3565.0,9,0,1,0,1.0,0
1.2642,39,2,0.6196,,7,0,0,0,0.0,0
0.1406,95,0,0.2808,4866.0,13,0,0,0,2.0,0
0.0314,34,0,0.2501,2339.0,8,0,1,0,1.0,0
0.3506,57,0,0.5118,,7,0,2,0,,0
0.1787,35,0,0.5151,2647.0,7,0,3,0,0.0,0
1.0597,56,0,0.81,9349.0,9,0,1,0,2.0,0
0.3141,66,0,0.1248,4680.0,12,0,1,0,1.0,0
0.2085,52,0,0.3878,2276.0,5,0,0,0,1.0,0
5.0868,66,0,0.5855,18883.0,7,0,0,0,0.0,0
0.1607,46,0,0.6432,8379.0,4,0,3,0,1.0,0
0.3843,23,0,0.8631,4237.0,8,0,0,0,1.0,0
0.9227,61,0,1.026,3242.0,6,0,0,0,1.0,0
0.4857,52,0,1.0622,,5,0,1,0,1.0,0
0.7421,45,0,0.1483,4276.0,10,0,1,0,1.0,0
4.2075,46,0,0.3483,5510.0,4,0,1,0,0.0,0
0.7794,58,0,0.6178,,13,0,4,0,1.0,0
0.2103,41,0,0.4338,11266.0,5,0,2,0,0.0,1
3.6392,57,0,0.6856,5991.0,8,0,1,0,2.0,0
1.1022,69,0,0.559,,10,0,0,0,1.0,0
0.0936,81,0,0.0788,6273.0,11,0,2,0,1.0,0
0.7385,72,0,0.5214,8808.0,12,0,0,0,0.0,0
0.5135,54,0,0.7738,7691.0,5,0,2,0,0.0,0
0.6866,56,0,0.8479,3961.0,4,0,1,0,,1
0.2866,46,0,0.8093,2701.0,8,0,1,0,,0
3.1778,45,0,0.2724,7993.0,10,0,0,0,2.0,0
0.4172,64,0,0.7425,2482.0,6,0,2,0,0.0,0
0.2669,48,0,0.5631,,3,0,1,0,1.0,0
1.2054,57,0,0.6344,7277.0,8,0,2,0,0.0,0
0.5686,39,0,0.1982,8146.0,10,0,0,0,0.0,0
6.8246,71,0,0.7729,,6,0,1,0,1.0,0
0.028,47,0,0.8161,6816.0,8,0,1,0,1.0,0
0.9295,67,0,0.2214,4938.0,9,0,5,0,0.0,0
1.4123,42,0,0.2303,9901.0,8,0,2,0,1.0,0
0.5053,41,0,0.4877,3393.0,6,0,2,0,0.0,0
0.0442,71,0,0.1772,4418.0,6,0,0,0,2.0,0
0.286,43,0,1.2457,6825.0,7,0,0,0,0.0,0
0.8021,30,0,0.6465,924.0,13,0,1,0,0.0,0
3.7202,37,0,0.7444,,5,0,2,0,0.0,0
0.1317,64,0,0.8185,,6,0,0,0,0.0,0
0.0319,63,0,0.9729,2761.0,11,0,0,0,0.0,0
0.2343,41,0,0.0405,4334.0,6,0,2,0,2.0,0
0.5144,43,0,0.6509,2631.0,10,0,1,0,0.0,0
0.756,61,0,0.2588,5138.0,8,0,2,0,0.0,0
0.2615,70,0,0.5004,12393.0,5,0,1,0,0.0,0
0.14,51,0,1.0778,4722.0,11,0,0,0,0.0,0
0.8068,60,0,0.4496,,7,0,1,0,0.0,0
1.1889,64,0,0.4287,2388.0,7,0,0,0,0.0,0
4.6157,82,0,0.1545,7094.0,5,0,4,0,0.0,0
0.7671,36,0,0.3745,3036.0,5,0,1,0,2.0,0
1.1107,43,0,0.7282,6737.0,8,0,2,0,0.0,0
0.362,45,0,0.3807,2874.0,8,0,1,0,2.0,0
2.577,64,0,0.5987,6112.0,11,0,1,0,1.0,0
0.1141,48,0,0.2843,10441.0,9,0,1,0,1.0,0
0.7038,56,0,0.2251,18263.0,2,0,1,0,1.0,0
0.8144,54,0,0.2737,6948.0,6,0,1,0,1.0,0
0.5616,52,0,0.3897,8216.0,7,0,1,0,4.0,0
0.5723,54,0,1.2384,3505.0,5,0,1,0,2.0,0
2.0385,66,0,0.548,,9,0,1,0,0.0,0
0.3261,38,0,0.8671,6104.0,14,0,1,0,2.0,0
1.0457,50,0,0.4666,4447.0,6,0,1,0,0.0,0
4.7022,35,0,0.8317,4504.0,7,0,2,0,2.0,1
0.2915,55,0,0.8972,,3,0,0,0,1.0,0
0.0604,49,0,0.7913,,3,0,0,0,1.0,0
0.397,67,0,0.6334,4908.0,11,0,0,0,1.0,0
0.1104,52,0,0.4847,26761.0,5,0,1,0,0.0,0
0.2049,46,0,0.8442,6487.0,9,0,1,0,0.0,0
0.6681,49,0,0.6011,2262.0,10,0,1,1,0.0,0
0.0697,76,0,1.3404,3341.0,6,0,1,0,0.0,0
0.0154,30,0,0.2045,3080.0,8,0,0,0,3.0,0
0.9326,43,0,0.4916,4392.0,9,0,1,0,1.0,1
0.3244,53,0,0.5099,4087.0,15,0,0,0,,0
0.024,43,0,0.3445,8574.0,6,0,0,0,,0
0.5849,59,0,0.6211,7977.0,8,0,1,0,0.0,0
0.2195,51,0,0.2442,8446.0,12,0,2,0,0.0,0
0.0653,56,0,0.0847,6209.0,6,0,0,0,0.0,0
0.2929,54,0,0.4125,,5,0,0,0,2.0,0
0.1121,51,0,0.539,6798.0,15,0,1,0,1.0,0
0.3069,34,2,0.8503,5948.0,11,1,2,0,0.0,0
0.2405,54,0,0.8758,,11,0,5,0,2.0,0
0.517,27,0,0.4238,4999.0,7,0,0,0,3.0,0
0.3614,43,0,0.7055,6087.0,6,0,0,0,0.0,0
0.2674,59,0,0.4615,3592.0,10,0,1,0,1.0,0
0.4786,69,0,0.3476,3600.0,10,0,1,0,1.0,0
0.1842,85,0,0.7737,,9,0,0,0,2.0,0
0.1792,46,0,0.1441,4336.0,6,0,1,0,0.0,0
0.5102,40,0,0.2536,5427.0,11,0,0,0,2.0,0
0.6374,59,0,0.5522,,8,0,0,0,0.0,1
0.1254,78,0,0.7513,7690.0,5,0,1,0,0.0,0
0.5262,73,0,0.2864,4101.0,9,0,0,0,1.0,0
0.2116,38,0,1.2238,11613.0,11,0,2,0,2.0,0
0.3573,50,0,0.4282,,3,0,1,0,1.0,0
0.7844,64,0,0.53,9143.0,7,0,2,0,1.0,0
0.0478,65,0,0.5862,4790.0,8,0,0,0,0.0,0
0.1644,60,0,0.8055,4986.0,8,0,1,0,0.0,0
0.0374,46,0,0.5952,5324.0,7,0,0,0,1.0,0
0.4679,60,0,0.3994,,5,0,1,0,0.0,0
0.5083,65,0,0.5899,6100.0,9,0,1,0,1.0,0
0.7333,39,0,0.21,,7,0,0,0,0.0,0
0.1881,71,0,0.1867,5410.0,4,0,2,0,1.0,0
0.7299,66,0,0.3904,3632.0,7,0,1,0,0.0,0
0.2098,42,0,0.7153,,6,0,2,0,0.0,0
0.1558,65,0,0.568,10952.0,12,0,0,0,0.0,0
3.6307,63,0,0.3658,4513.0,9,0,0,0,1.0,0
0.4199,64,0,0.4421,2818.0,5,0,0,0,2.0,0
1.3878,74,0,0.5061,5731.0,5,0,1,0,2.0,0
0.04,52,0,0.5319,4781.0,3,0,1,0,2.0,0
0.75,57,0,0.2677,5148.0,10,0,1,0,0.0,0
0.6322,21,0,0.5875,3934.0,13,0,1,0,0.0,1
0.1631,68,0,0.1178,4135.0,7,0,0,0,0.0,0
0.5508,66,0,0.668,3471.0,8,0,0,0,0.0,0
0.0597,71,0,0.8219,8248.0,9,0,0,0,2.0,0
0.066,39,2,0.3811,5409.0,6,2,2,0,0.0,0
0.2263,65,0,0.17,4638.0,20,0,0,0,3.0,0
0.0689,66,0,0.1155,,11,0,2,0,1.0,0
0.3286,43,0,0.6334,5810.0,6,0,1,0,0.0,0
0.3816,67,0,0.2005,2160.0,10,0,2,0,0.0,0
0.5873,58,0,0.6938,17468.0,8,0,1,0,0.0,0
0.4454,28,0,0.8056,5734.0,14,0,1,0,1.0,0
0.2526,60,0,0.436,,6,0,1,0,2.0,0
0.2812,41,0,0.6811,5865.0,6,0,2,0,0.0,0
0.8626,29,0,0.9632,2833.0,5,0,0,0,0.0,1
0.7485,57,0,0.4763,7129.0,10,0,0,0,2.0,0
0.0657,51,0,0.1757,4523.0,8,0,1,0,1.0,0
0.1485,72,0,0.6753,,11,0,0,0,0.0,0
1.8139,55,0,0.4239,,3,0,1,0,2.0,0
0.1499,63,0,0.4661,,9,0,1,0,0.0,0
2.1935,59,0,0.7736,3809.0,7,0,1,0,0.0,1
0.2406,66,0,0.1545,4413.0,9,0,2,0,0.0,0
0.6155,40,0,0.6131,2009.0,7,0,2,0,,1
1.48,55,0,0.2156,,9,0,1,0,1.0,0
0.8922,50,0,0.4454,3033.0,4,0,1,0,0.0,0
3.1604,61,0,0.7051,7117.0,9,0,0,0,1.0,0
0.0916,56,0,0.6196,4292.0,8,0,0,0,0.0,0
0.6168,43,0,1.1664,4359.0,9,0,1,0,1.0,1
0.1491,47,0,0.5656,2718.0,9,0,1,0,3.0,0
3.0784,75,0,0.7576,6196.0,15,0,1,0,0.0,0
0.6049,28,0,0.912,7032.0,8,2,2,0,0.0,0
0.171,62,0,0.4083,7268.0,6,0,0,0,0.0,0
0.116,69,0,0.1727,2140.0,13,0,1,0,1.0,0
0.9003,60,2,0.5336,11740.0,7,0,1,1,1.0,0
0.1008,80,0,0.5673,2282.0,6,0,2,0,1.0,0
0.466,65,0,0.7008,,13,0,3,0,0.0,0
2.9032,57,0,0.2976,3005.0,2,0,1,0,2.0,0
0.2647,45,0,0.1122,5969.0,14,0,0,0,0.0,0
1.1713,58,0,0.5927,4191.0,8,1,1,0,1.0,0
0.2206,62,0,0.1844,5557.0,14,0,0,0,2.0,0
0.6032,52,2,0.2264,5754.0,9,0,1,0,1.0,0
0.2391,42,0,0.5629,10224.0,5,0,0,0,1.0,0
0.3527,35,0,0.3599,8826.0,9,0,3,1,1.0,0
0.3452,55,0,0.4816,,4,0,0,0,0.0,0
0.1754,31,0,0.6549,4104.0,13,0,0,0,2.0,0
0.0296,45,0,0.6708,8521.0,12,0,1,0,1.0,0
0.0547,21,0,0.8881,,8,0,1,0,0.0,0
0.4979,64,0,0.9473,20237.0,10,0,1,0,0.0,0
0.1768,68,0,0.6978,4498.0,9,0,1,0,0.0,0
0.8093,53,1,0.2172,2388.0,6,2,2,0,1.0,0
0.5238,78,0,0.969,5331.0,6,0,1,0,1.0,1
0.9779,71,0,0.3014,4514.0,10,0,1,0,1.0,0
0.7944,59,0,0.3165,6819.0,8,0,1,0,1.0,0
2.2454,50,0,0.3305,5244.0,7,0,1,0,0.0,0
0.5578,47,0,0.2935,15846.0,10,0,0,0,1.0,0
0.8046,60,0,0.2602,,6,0,0,0,1.0,0
0.7709,50,0,1.0222,,8,0,0,0,1.0,0
0.5271,60,0,0.2135,3035.0,9,0,3,0,1.0,0
1.0971,61,1,0.7502,,10,1,2,0,3.0,0
2.6328,49,0,0.1253,1741.0,15,0,2,0,1.0,0
0.2157,67,0,0.5467,4182.0,6,0,2,0,0.0,0
2.4977,49,0,0.3265,20217.0,13,0,2,0,1.0,0
0.2365,52,0,0.14,2815.0,9,0,2,0,0.0,0
0.0429,38,0,0.502,11019.0,10,0,1,0,0.0,0
1.928,48,1,0.7033,5364.0,8,0,0,0,1.0,0
0.7775,82,0,0.494,12683.0,7,0,1,0,1.0,0
0.5725,39,0,0.4677,6414.0,7,0,0,0,0.0,0
0.5148,58,0,0.5666,,8,0,1,0,0.0,0
5.91,46,0,0.5018,6728.0,9,0,0,0,1.0,0
0.3713,21,0,0.2848,4616.0,5,0,1,0,0.0,0
0.4045,60,0,0.4756,3807.0,14,0,3,0,0.0,0
0.2529,44,0,0.4211,,16,0,0,0,2.0,0
0.353,56,0,0.4408,24935.0,5,0,0,0,0.0,0
0.1465,66,0,1.0553,7937.0,8,0,0,0,0.0,0
0.0408,55,0,1.0389,,10,0,2,0,0.0,0
0.3223,57,0,0.8961,6481.0,5,0,1,0,0.0,0
0.2965,40,0,0.6174,3951.0,10,0,3,0,,0
0.0426,62,0,0.8496,1993.0,13,0,2,0,0.0,0
0.3331,49,0,0.6286,6124.0,6,0,0,0,0.0,0
0.5074,24,0,0.6361,7112.0,6,0,4,0,1.0,0
1.0484,64,0,0.6881,10873.0,8,0,1,0,0.0,0
0.6134,68,0,0.7449,3610.0,11,0,3,0,1.0,0
0.0808,73,0,0.7514,,6,0,1,0,1.0,0
0.8726,82,0,0.7102,3811.0,10,0,0,0,1.0,0
1.0568,63,0,0.9746,6577.0,8,0,0,0,1.0,0
0.6907,59,0,0.0491,7362.0,13,0,2,0,0.0,0
0.2418,67,0,0.2469,,12,0,0,0,0.0,0
0.0066,40,0,0.5257,,10,0,3,0,0.0,0
0.2932,29,0,0.5075,3777.0,9,0,1,0,0.0,0
0.5913,45,0,0.8677,3530.0,9,0,2,0,1.0,0
0.8887,70,0,0.4024,10221.0,13,0,2,0,1.0,0
0.0529,43,0,0.4375,,10,0,0,0,2.0,0
0.5137,59,0,0.8105,,7,0,1,0,1.0,0
0.5948,60,0,0.1128,1937.0,10,0,1,0,2.0,0
0.4009,55,0,0.1753,4299.0,5,0,0,0,1.0,0
0.719,34,0,0.1608,3026.0,7,0,0,0,1.0,0
2.3868,57,1,1.0217,3580.0,3,0,2,0,1.0,0
0.0486,46,0,0.121,3574.0,6,0,1,0,2.0,0
0.1731,76,0,0.4494,2771.0,14,0,0,0,1.0,0
0.4191,68,0,0.0213,4163.0,9,0,2,0,0.0,0
0.1253,47,0,0.4882,,7,0,3,0,1.0,0
0.5671,77,0,1.0421,4039.0,7,0,1,0,1.0,1
0.3502,57,0,0.5439,6637.0,12,0,1,0,2.0,0
0.0528,29,0,0.5744,5612.0,11,0,0,0,0.0,0
0.4424,51,0,0.0315,4143.0,9,0,0,0,3.0,0
0.1949,75,0,0.3907,,5,0,3,0,0.0,0
0.4156,41,0,0.1998,11078.0,7,0,0,0,0.0,0
0.2048,51,0,0.2378,,4,0,1,0,,0
0.3858,33,0,0.3844,1852.0,11,0,1,0,1.0,0
0.1108,35,0,0.5042,5751.0,10,0,0,0,0.0,0
0.1061,40,0,0.3849,10436.0,8,0,1,0,0.0,0
2.7168,35,0,1.0171,4671.0,12,0,0,0,0.0,1
3.495,43,0,0.7858,2914.0,14,0,1,0,1.0,0
0.1378,76,0,0.7728,5916.0,7,0,1,0,5.0,0
0.6777,51,0,0.4961,4766.0,6,0,0,0,0.0,0
0.2366,63,0,0.6401,5358.0,7,0,3,0,0.0,0
0.6383,67,0,0.9663,7757.0,8,0,4,0,0.0,0
0.0204,36,0,0.2088,9192.0,4,0,1,0,2.0,0
1.646,40,0,0.3056,11294.0,7,0,1,0,0.0,0
0.6961,63,0,0.1924,6292.0,5,0,1,0,0.0,0
0.0098,43,0,0.559,1859.0,3,0,1,0,1.0,0
0.1991,62,0,0.3398,1811.0,7,0,0,0,1.0,0
0.2382,75,0,0.3478,,7,0,0,0,1.0,0
0.1797,32,0,0.9353,,10,0,0,0,0.0,0
1.2722,47,0,0.7576,4115.0,11,0,0,0,0.0,0
0.2214,49,0,0.1666,9905.0,6,0,2,0,0.0,0
0.1207,45,0,0.2657,4463.0,12,0,0,0,0.0,0
0.5399,43,0,0.2825,9438.0,8,0,3,0,1.0,0
1.5135,45,0,0.5313,12547.0,6,0,2,0,3.0,0
0.1632,52,0,0.3292,2907.0,8,0,2,0,4.0,0
0.4735,54,0,0.4715,14177.0,5,0,1,0,1.0,0
0.0964,65,0,0.5801,7036.0,9,0,2,0,0.0,0
0.2477,52,0,0.0801,5885.0,5,0,0,0,1.0,0
0.6841,68,0,0.159,9126.0,6,1,1,0,0.0,0
0.6188,44,0,0.4291,11186.0,5,0,2,0,0.0,0
2.5803,35,0,0.5753,,6,0,3,0,1.0,1
0.4391,48,0,0.2247,3206.0,0,0,2,0,2.0,0
1.1267,58,0,0.624,5319.0,7,0,3,0,1.0,1
0.0013,64,0,0.3841,5420.0,10,0,3,0,,0
0.1479,72,0,0.2207,9621.0,11,0,0,0,0.0,0
0.8101,56,0,0.5781,3911.0,10,0,2,0,0.0,0
1.1996,63,0,0.2104,6344.0,10,0,0,0,3.0,0
0.8524,71,0,0.395,9897.0,16,0,3,0,1.0,0
0.0818,41,0,0.6535,5831.0,5,0,1,0,0.0,0
0.6031,49,0,0.7654,5838.0,9,0,0,0,0.0,0
0.1638,91,0,0.5662,10025.0,5,0,0,0,1.0,0
0.3895,64,0,0.6397,11942.0,7,0,4,0,1.0,0
1.3062,59,0,0.6129,8509.0,6,0,1,0,0.0,0
0.0483,65,0,0.0806,5166.0,14,0,2,0,1.0,0
0.2348,33,0,0.3279,,6,0,1,0,0.0,0
1.2076,43,0,0.2082,3503.0,11,0,0,0,0.0,0
0.284,38,0,0.7071,22188.0,6,0,2,0,2.0,0
0.0513,58,0,0.9212,2432.0,6,0,3,0,1.0,0
0.4374,47,0,1.0233,5819.0,5,0,3,0,3.0,0
1.8937,53,0,0.7851,8146.0,14,0,3,0,0.0,0
0.8623,48,0,0.6265,5286.0,7,0,1,0,0.0,1
0.1262,29,0,0.5424,1851.0,6,0,0,0,0.0,0
0.063,64,0,1.0255,5649.0,8,0,1,0,0.0,0
0.176,27,0,0.5351,6314.0,12,0,0,0,1.0,0
0.412,42,0,0.5384,3532.0,7,0,0,0,1.0,0
0.2211,34,0,0.1246,3628.0,13,0,1,0,1.0,0
0.5687,40,1,0.5903,4449.0,3,0,1,0,1.0,0
0.3564,55,0,0.3401,15604.0,7,0,0,0,0.0,0
3.3887,69,0,0.5076,8873.0,12,0,0,0,0.0,0
0.1525,30,0,0.3961,4263.0,11,0,1,0,0.0,0
1.2132,44,0,0.709,2857.0,3,0,0,0,0.0,0
0.8425,28,0,0.7029,7099.0,8,0,0,0,0.0,0
3.1775,44,1,0.3439,2924.0,8,0,2,0,1.0,0
0.5774,53,0,0.3194,,12,0,2,0,0.0,0
0.1698,63,0,1.248,3163.0,9,0,0,0,0.0,0
0.4161,22,0,0.7056,2692.0,9,0,0,0,1.0,0
0.0747,60,0,0.3365,3850.0,8,0,0,0,1.0,0
0.0509,38,0,0.2593,6214.0,6,0,1,0,1.0,0
0.154,35,0,0.5785,4077.0,9,0,2,0,1.0,0
1.3994,53,0,0.4799,6697.0,4,0,1,0,0.0,0
0.585,61,0,0.2609,5504.0,11,0,0,0,1.0,0
3.4916,51,0,0.4936,7526.0,6,0,1,0,0.0,0
0.8963,37,0,0.659,3661.0,14,0,0,0,1.0,0
0.286,51,0,0.5646,3777.0,5,0,2,0,,0
0.7937,42,0,0.5196,3054.0,10,0,1,0,0.0,1
0.5472,60,0,0.4659,4783.0,5,0,1,0,0.0,0
2.0223,67,0,0.5072,,9,0,0,0,0.0,0
0.3899,66,3,0.2828,4019.0,3,0,1,0,1.0,0
1.1865,52,0,0.908,16985.0,4,0,2,0,1.0,0
0.082,68,0,0.6486,1597.0,8,0,4,0,1.0,0
0.5124,38,0,0.5964,9536.0,6,0,2,0,0.0,0
0.4062,77,0,0.5936,,10,0,1,0,0.0,0
0.8094,38,0,0.0889,,9,0,0,0,0.0,0
0.0209,24,0,0.9424,3786.0,8,0,1,0,2.0,0
1.4013,71,0,0.5658,9176.0,5,1,0,0,0.0,0
0.4939,42,0,1.0374,7027.0,9,0,1,0,2.0,0
0.3193,54,0,0.2087,1180.0,8,0,1,0,0.0,0
1.6109,38,0,0.5572,8631.0,7,0,2,0,2.0,0
9.2528,85,0,0.0649,7464.0,5,0,1,0,1.0,1
0.3677,78,0,0.5428,5002.0,7,0,0,0,1.0,0
0.6859,74,0,0.5242,5920.0,8,0,3,0,1.0,0
0.15,53,2,0.581,7261.0,8,0,2,0,2.0,0
0.144,66,0,0.6765,4818.0,7,0,2,0,2.0,0
0.1205,51,0,0.2001,10758.0,6,0,2,0,0.0,0
0.0071,68,0,0.4186,10844.0,9,0,0,0,0.0,0
0.5353,46,0,0.3278,2233.0,5,0,2,0,1.0,0
0.078,74,4,0.3488,2848.0,9,0,1,0,2.0,0
0.6617,46,0,0.1979,4783.0,9,0,0,0,1.0,0
0.7297,47,0,0.453,1216.0,6,0,1,0,0.0,0
0.1678,45,0,0.2029,11463.0,17,0,1,0,0.0,0
0.6663,55,0,0.6368,4357.0,9,0,0,0,1.0,0
0.5813,47,0,0.6147,3611.0,15,0,0,0,0.0,0
0.4934,59,0,0.6235,5536.0,10,0,0,0,0.0,0
0.6161,45,0,0.5603,11680.0,10,0,2,0,2.0,0
0.3014,63,0,0.1319,2579.0,12,0,0,0,2.0,0
0.3448,73,0,0.187,11325.0,5,0,1,0,0.0,0
2.0458,53,0,0.3555,2726.0,4,0,2,0,1.0,0
0.1893,83,0,0.121,,6,0,0,0,1.0,0
0.1693,68,0,0.7462,3960.0,4,0,1,0,0.0,0
0.9887,82,0,0.2285,2763.0,8,0,0,0,1.0,0
0.434,51,2,0.3444,,7,0,3,0,0.0,0
2.4042,29,0,0.1852,,6,0,2,0,1.0,0
0.6644,42,0,0.4723,5096.0,11,0,1,0,0.0,0
1.6005,44,0,0.3152,2088.0,5,0,0,0,1.0,0
0.5405,39,0,0.7939,,7,0,1,0,0.0,1
1.2603,21,0,0.1664,4706.0,14,0,0,0,,0
0.0646,66,0,0.4527,3470.0,8,0,0,0,0.0,0
0.2367,26,0,0.8371,9651.0,9,0,0,0,1.0,0
0.2493,65,0,0.4016,9267.0,6,0,1,0,0.0,0
0.8114,83,0,0.7209,4732.0,8,0,1,0,1.0,0
0.0149,41,0,0.5621,,7,0,1,0,0.0,0
0.0769,57,0,0.3944,45073.0,11,0,0,0,1.0,0
0.1035,46,0,0.5769,,11,0,1,0,0.0,0
0.833,64,0,0.9138,3576.0,3,0,1,0,1.0,0
7.8701,35,0,0.3477,,5,0,2,0,0.0,0
0.0997,50,0,0.3344,14428.0,7,0,2,0,0.0,0
0.581,68,0,0.3311,,13,0,1,0,1.0,0
1.2898,51,0,0.6528,6437.0,11,0,3,0,0.0,0
0.1598,29,0,0.2853,3717.0,8,0,0,0,2.0,0
2.801,69,0,0.2827,2549.0,9,0,1,0,0.0,0
0.0151,34,0,0.9487,8815.0,9,0,1,0,0.0,0
0.4626,53,0,0.4626,9271.0,3,0,1,0,0.0,0
0.0576,60,0,0.2468,,6,0,2,0,2.0,0
0.4774,54,0,0.2348,11696.0,10,0,0,0,0.0,0
0.7051,88,0,0.1615,8378.0,4,0,0,0,1.0,0
0.4204,62,0,0.8108,3952.0,13,0,1,0,0.0,0
0.6792,49,0,0.5723,4407.0,8,0,2,0,0.0,0
0.5688,60,0,0.3005,2499.0,5,0,0,0,0.0,0
0.2697,55,0,0.1378,6128.0,6,0,1,0,2.0,0
0.2025,53,0,0.179,4730.0,8,0,0,0,1.0,0
0.377,55,0,0.8693,,11,0,0,0,0.0,0
0.2091,46,0,0.5148,7137.0,8,0,0,0,0.0,0
1.2025,55,0,0.235,,15,0,1,0,1.0,0
0.0963,45,0,1.1267,,11,0,0,0,1.0,0
0.6477,25,0,0.5326,6320.0,7,0,0,0,2.0,0
0.3691,68,0,0.7115,6615.0,8,0,0,0,0.0,0
0.9059,44,2,0.2203,,7,0,0,0,0.0,0
0.4233,54,0,0.5113,5524.0,7,0,1,0,1.0,0
0.0564,41,0,0.1915,4837.0,6,0,1,0,,0
0.4324,42,1,0.8303,14242.0,16,0,2,0,0.0,0
0.7927,37,0,0.6127,5115.0,13,0,1,0,0.0,0
3.0161,65,0,0.8655,5054.0,11,0,0,0,1.0,0
0.2275,69,0,0.4417,24189.0,14,0,0,0,0.0,0
0.8293,52,0,0.6234,7564.0,7,0,1,0,0.0,0
0.5595,44,0,0.6372,4561.0,7,0,1,0,0.0,0
1.4271,28,1,0.5778,,7,0,0,2,0.0,0
0.0516,63,0,0.6313,6824.0,10,0,0,0,0.0,0
0.3511,43,0,0.2122,3969.0,6,0,1,0,1.0,0
1.0348,36,0,0.3498,2226.0,6,0,2,0,0.0,0
0.072,52,0,0.2505,9010.0,6,0,1,0,0.0,0
0.0318,47,0,0.1202,,11,0,0,0,0.0,0
0.0603,31,0,0.8727,,6,0,1,0,0.0,0
0.4976,33,0,0.5009,,6,0,0,0,0.0,0
0.1959,57,0,0.4001,6490.0,10,0,1,0,0.0,0
0.6462,43,0,0.4702,10832.0,7,0,1,0,,0
0.5428,59,0,0.6041,4289.0,11,0,0,0,2.0,0
0.3588,54,0,0.5665,,7,0,1,0,1.0,0
0.7608,67,0,0.8981,4531.0,5,0,1,0,1.0,0
0.1809,40,0,0.1709,4473.0,7,0,0,0,0.0,0
0.2039,55,0,0.1537,5324.0,6,0,1,0,1.0,0
0.7857,61,0,0.7477,5537.0,6,0,0,0,0.0,0
0.6784,43,0,0.4156,3214.0,5,0,2,0,3.0,0
1.2477,68,0,0.6602,8559.0,7,0,1,0,1.0,0
0.4774,29,0,0.479,9636.0,9,0,2,0,0.0,0
0.7107,40,1,0.9218,2659.0,8,0,0,0,2.0,0
1.0839,28,0,0.066,7589.0,8,0,1,0,0.0,1
0.1896,42,0,0.6549,4074.0,5,0,0,0,0.0,0
1.8813,50,0,0.7923,5701.0,7,0,0,0,1.0,0
0.5671,64,0,0.5948,,12,0,1,0,0.0,0
1.0441,50,0,0.8428,4351.0,11,0,0,0,0.0,0
0.9911,44,0,0.9726,6180.0,8,0,1,0,2.0,0
0.027,30,0,0.2107,,4,0,2,0,0.0,0
0.0298,35,0,1.1895,11535.0,6,0,0,0,0.0,0
0.155,56,0,0.5927,3746.0,6,0,2,0,0.0,0
0.5814,64,0,0.4737,11629.0,10,0,1,0,1.0,0
0.3126,46,0,0.3424,11808.0,8,1,1,1,0.0,0
0.4283,69,0,0.3602,,7,0,1,1,0.0,0
0.2781,39,0,0.615,5277.0,7,0,1,0,1.0,0
0.5979,47,0,0.3193,7785.0,11,0,2,0,0.0,0
0.9651,48,0,0.7688,13126.0,12,0,0,0,,0
0.0746,73,0,0.5144,9234.0,5,0,0,0,1.0,0
0.4034,54,0,0.3481,5178.0,11,0,0,0,1.0,0
0.7015,27,0,0.1571,3117.0,7,0,0,0,1.0,1
0.2529,65,0,0.2201,7215.0,7,0,1,0,2.0,0
0.1658,78,0,1.2268,,10,0,0,0,4.0,0
0.9214,49,0,0.5729,,5,0,2,0,2.0,0
0.4273,39,0,0.6362,6547.0,8,0,1,0,1.0,0
0.7184,64,0,0.2404,6829.0,4,0,1,0,0.0,0
0.9421,79,0,0.659,5851.0,6,0,0,0,1.0,0
0.2894,64,0,0.2516,1148.0,8,0,3,0,0.0,0
0.3222,29,0,0.2477,5151.0,5,0,0,0,0.0,0
0.3572,63,0,0.8365,3592.0,8,0,1,0,0.0,0
0.4104,58,0,0.5002,2644.0,7,0,0,0,1.0,0
0.3821,39,0,0.5001,4773.0,5,0,1,0,0.0,0
0.8373,70,0,0.4649,2018.0,9,0,2,0,3.0,0
0.0877,58,0,0.5475,,8,0,3,0,3.0,0
0.46,70,0,0.6063,4766.0,4,0,1,0,0.0,0
0.5087,37,0,0.564,3569.0,7,0,0,0,1.0,0
0.0442,58,0,0.3955,4555.0,5,0,1,0,1.0,0
0.7654,39,0,0.1126,,9,0,1,0,1.0,0
0.3338,55,0,1.0121,5842.0,11,0,0,0,1.0,0
4.9178,73,0,0.4001,,6,0,0,0,,1
0.1981,32,0,0.8285,15543.0,3,0,1,0,0.0,0
0.329,33,0,0.1372,,10,0,0,0,1.0,0
0.7206,65,0,0.5992,5084.0,13,0,0,0,0.0,0
0.1897,52,0,0.8192,3911.0,7,0,1,0,0.0,0
0.7275,68,0,0.6773,3795.0,11,0,0,0,1.0,0
0.3326,41,0,0.174,3756.0,5,0,3,0,0.0,0
0.4089,53,0,0.4578,4482.0,6,0,1,0,1.0,0
0.2551,62,0,0.3172,9517.0,10,0,2,0,1.0,0
0.3465,55,0,0.6534,10045.0,9,0,1,0,0.0,0
0.1347,27,0,0.3257,,6,0,0,0,2.0,0
0.5546,92,0,0.1877,13461.0,7,0,1,0,2.0,0
0.5218,55,0,0.2686,8957.0,10,0,0,0,0.0,0
0.3134,33,0,0.2077,5466.0,6,0,2,0,3.0,1
0.001,56,0,0.1455,5451.0,11,0,1,0,0.0,0
0.499,58,0,0.4767,2252.0,6,0,1,0,5.0,0
0.1971,66,0,0.2823,,8,0,1,0,2.0,0
2.4662,65,0,0.3904,8833.0,11,0,1,0,0.0,0
0.6579,49,0,0.2992,7989.0,10,0,1,0,0.0,0
0.3466,28,0,0.4681,1784.0,8,0,1,0,0.0,0
0.4697,58,0,0.5756,,10,0,3,0,0.0,0
0.7182,29,0,0.6153,2898.0,5,0,0,0,,0
0.7092,69,0,0.5206,,8,0,2,0,0.0,1
1.4368,42,0,0.2056,,10,0,1,0,2.0,0
0.0208,61,0,1.3478,,8,0,1,0,,0
0.1065,43,0,0.0822,8672.0,5,0,0,0,0.0,0
0.7043,45,2,0.9872,6960.0,9,1,1,3,2.0,0
0.5615,41,0,1.0283,12750.0,8,0,1,0,2.0,0
0.7718,62,0,0.5435,9955.0,9,0,0,0,2.0,0
0.4599,43,0,0.568,1493.0,6,0,0,0,1.0,0
0.4694,63,0,0.5894,3830.0,4,0,1,0,1.0,0
0.1389,44,0,0.1068,3255.0,5,0,1,0,0.0,0
0.1893,49,0,0.2853,2912.0,6,0,0,0,0.0,0
0.4828,52,0,0.7598,4937.0,6,0,0,0,0.0,0
0.1377,54,0,0.3801,2813.0,8,0,1,0,1.0,0
0.0085,39,0,0.331,,4,0,0,0,0.0,0
0.0613,62,0,0.4008,7219.0,5,0,3,0,1.0,0
1.2052,48,0,0.6625,8015.0,13,0,1,0,0.0,0
0.0654,60,2,0.3724,,8,0,2,0,,0
0.2199,52,0,0.3599,8987.0,9,0,1,0,1.0,0
0.0982,60,0,0.591,7233.0,10,0,0,0,0.0,0
0.649,46,0,0.4082,1918.0,6,0,1,0,1.0,1
0.7551,41,0,0.6281,2517.0,4,0,0,0,1.0,0
0.3093,58,0,0.2318,,15,0,1,0,0.0,0
0.028,45,0,0.5217,7315.0,3,0,0,0,2.0,0
0.0182,72,0,0.2409,4228.0,3,0,0,0,3.0,0
0.6494,53,0,0.6643,5974.0,10,0,0,0,0.0,0
7.0125,33,0,0.2951,3876.0,6,0,0,0,2.0,0
2.9992,44,0,0.7058,14804.0,9,0,2,0,,0
0.1273,38,0,0.8396,2694.0,6,0,0,0,0.0,0
0.4451,67,0,0.2233,15028.0,9,0,2,0,1.0,0
0.2144,63,0,0.3582,6367.0,8,0,0,0,1.0,0
0.1453,51,0,0.9457,2462.0,1,0,0,0,0.0,0
0.3913,56,0,1.3167,5787.0,5,0,0,0,1.0,0
0.141,51,0,0.9852,16946.0,5,0,0,0,1.0,0
1.3646,64,0,0.4206,4139.0,8,0,1,0,1.0,0
0.0486,59,0,0.4442,,7,0,0,0,,0
0.5004,62,0,0.5342,3949.0,7,0,3,0,3.0,0
0.5724,49,0,0.4413,14787.0,9,0,2,0,0.0,0
3.0659,43,0,0.4956,13526.0,11,0,1,0,0.0,0
0.0307,61,0,0.1887,4113.0,7,0,2,0,2.0,0
0.6474,74,0,0.2286,1977.0,6,0,3,0,0.0,0
0.5673,67,0,0.7554,2962.0,9,0,0,0,0.0,0
0.4089,74,0,0.2235,5827.0,8,0,0,0,0.0,0
0.2313,54,0,0.1975,6261.0,7,0,0,0,0.0,0
0.5879,38,0,0.8597,3109.0,5,0,1,0,1.0,0
0.3231,40,0,0.3041,16910.0,11,0,1,0,0.0,0
0.7526,71,0,0.7307,6842.0,2,0,2,0,2.0,0
0.8939,26,0,0.7347,,4,0,0,2,0.0,0
5.7113,73,0,0.6666,,8,0,1,0,0.0,0
0.2424,41,0,0.3506,3234.0,8,0,1,0,1.0,0
0.8938,79,0,0.5584,5168.0,12,0,2,0,0.0,0
0.5905,51,0,0.6246,6615.0,10,0,1,0,0.0,0
1.4986,62,0,0.0585,5186.0,16,0,0,0,1.0,0
0.0261,85,0,1.2417,9523.0,7,0,0,0,,0
0.4299,47,0,0.488,3687.0,6,0,1,0,4.0,0
0.608,47,0,1.1466,6253.0,14,0,1,0,0.0,0
0.1918,42,0,0.1685,,11,0,0,0,1.0,0
1.1375,38,0,0.0159,3846.0,7,0,1,0,1.0,0
0.0934,47,0,0.9191,,9,0,2,0,1.0,0
0.2337,44,0,1.1094,2937.0,6,0,1,0,2.0,0
2.1436,34,0,0.0846,13852.0,10,0,2,0,0.0,0
0.1591,49,0,0.4148,7527.0,6,0,0,0,0.0,0
1.9537,58,0,1.4435,,6,0,1,0,,0
0.2083,39,0,0.35,8371.0,9,0,1,0,1.0,0
0.6017,50,0,0.4593,14355.0,6,0,1,0,0.0,0
0.1231,72,0,0.6863,,15,0,1,0,1.0,0
0.4634,32,0,0.4353,,12,0,0,0,0.0,0
0.2719,79,0,0.5335,4061.0,6,0,1,0,0.0,0
0.311,43,0,0.4066,5572.0,10,0,0,0,0.0,0
0.5062,55,0,0.5195,,7,0,0,0,3.0,0
0.083,70,0,0.2315,,9,0,1,0,0.0,0
0.1339,74,0,0.5221,3629.0,11,0,1,0,1.0,0
0.7049,59,0,0.5503,4928.0,4,0,1,0,2.0,0
0.5755,42,0,0.7139,4107.0,8,0,0,0,1.0,0
0.1728,41,0,0.6149,,11,0,1,0,3.0,0
0.4387,44,0,0.0872,4502.0,6,0,1,0,1.0,0
0.2666,78,0,0.3623,8960.0,6,0,1,0,2.0,0
0.1237,47,0,0.7891,5949.0,8,0,0,0,0.0,0
0.3432,57,1,0.4589,6204.0,7,0,1,0,0.0,0
0.7122,37,0,0.5172,6244.0,10,0,0,0,1.0,0
0.2969,36,0,0.2353,6225.0,11,0,2,0,0.0,0
3.9481,52,0,0.0616,5082.0,5,0,2,0,1.0,0
1.5216,47,1,0.1499,4871.0,14,0,0,0,1.0,0
0.4945,48,0,0.2905,2024.0,13,0,1,0,1.0,0
0.3607,31,0,0.1348,3712.0,10,0,0,0,0.0,0
0.3025,51,0,1.256,8389.0,5,0,1,0,0.0,0
0.3755,74,0,0.772,4289.0,15,0,2,0,0.0,0
0.1061,40,0,0.1922,3057.0,12,0,2,0,1.0,0
0.3666,65,0,0.4797,16175.0,9,0,1,0,1.0,0
0.1783,21,0,0.3531,5272.0,10,0,0,0,0.0,0
0.4556,41,0,0.4777,,6,0,2,0,2.0,0
2.1248,25,0,0.0114,,8,0,1,0,2.0,1
1.191,69,0,0.7893,6624.0,3,0,1,0,0.0,0
0.4618,64,0,0.1409,,12,0,2,0,1.0,0
0.4124,38,0,0.7758,5544.0,14,0,1,0,0.0,0
0.2213,56,0,0.9531,7958.0,7,0,1,0,2.0,0
0.3895,69,0,0.8557,10534.0,12,0,0,0,0.0,0
0.7298,71,0,1.1012,,7,0,0,0,0.0,1
0.4549,46,0,0.8801,13861.0,5,0,1,0,0.0,0
0.2396,21,0,0.7629,4039.0,13,0,1,0,1.0,0
0.5187,39,0,0.2689,7700.0,6,0,0,0,1.0,0
0.0249,63,0,0.4523,,2,0,1,0,0.0,0
0.8765,81,0,0.2248,5445.0,10,0,3,0,2.0,0
0.7636,51,0,0.7216,6948.0,13,0,3,0,0.0,0
0.4108,44,0,0.4461,4693.0,7,0,2,0,0.0,0
4.5283,86,0,0.55,,11,0,0,0,0.0,1
0.58,58,0,0.8794,13475.0,7,0,0,0,0.0,0
0.0178,35,0,0.3733,2069.0,5,0,1,0,2.0,0
0.1556,50,0,0.4137,1854.0,8,0,1,0,0.0,0
0.3103,66,0,0.288,,13,0,1,0,2.0,0
0.3191,51,0,0.2889,5509.0,9,0,2,0,1.0,0
0.4381,63,0,0.8515,5231.0,8,0,3,0,2.0,0
0.3305,30,0,0.4253,16896.0,5,0,2,0,0.0,0
0.3774,32,0,0.9809,,10,0,0,0,0.0,0
0.167,42,0,0.1438,900.0,4,0,0,0,2.0,0
0.3327,48,0,0.153,7765.0,6,0,1,0,3.0,0
0.485,57,0,0.0352,2546.0,7,0,1,0,2.0,0
5.5465,61,0,0.7123,2879.0,6,0,1,0,1.0,0
0.3857,87,0,0.2918,7601.0,3,0,1,0,1.0,0
0.168,42,0,0.3405,4114.0,10,0,1,0,1.0,0
0.4117,48,0,1.0592,9007.0,7,0,2,0,,0
0.6978,42,0,0.743,,8,0,1,0,0.0,0
0.6642,67,0,0.0957,5826.0,11,0,0,0,0.0,0
0.0217,68,0,0.5799,,7,0,1,0,0.0,0
2.7826,46,1,0.2837,2964.0,7,0,1,0,2.0,0
0.3031,81,0,0.4372,,9,0,0,0,3.0,0
0.165,42,0,0.0725,2670.0,5,0,0,0,1.0,0
0.135,66,0,0.3955,5807.0,13,0,2,0,0.0,0
0.0648,72,0,0.7899,3334.0,7,0,1,0,0.0,0
0.5594,33,0,1.3244,,8,0,1,0,0.0,0
1.5848,60,0,0.286,5549.0,11,0,1,0,0.0,0
0.1516,21,0,0.2804,6609.0,8,0,0,0,1.0,0
0.1903,64,0,0.2039,6650.0,4,0,0,0,,0
0.6172,37,0,0.2876,11276.0,7,0,0,0,1.0,0
2.0983,60,0,0.6394,,12,0,2,0,0.0,0
0.8694,63,0,0.3518,4214.0,9,0,0,0,1.0,0
0.6159,68,0,0.1892,1812.0,4,0,0,0,0.0,0
0.4695,64,0,0.0671,,6,0,1,0,1.0,0
0.1538,53,0,0.2304,,12,0,0,0,1.0,0
0.4787,47,0,0.5793,,6,0,1,0,1.0,1
0.6397,51,0,0.0109,3530.0,8,0,0,0,0.0,0
0.6354,36,0,0.8922,6352.0,4,0,0,0,0.0,0
0.8511,49,0,0.6924,7069.0,11,0,0,0,,0
0.0788,48,0,0.888,9907.0,6,0,1,0,1.0,0
0.2025,41,0,0.2168,,4,0,0,0,0.0,0
0.5251,28,0,0.7831,2058.0,9,0,1,0,0.0,0
0.998,34,0,1.1658,9588.0,4,0,2,0,1.0,0
0.4265,21,0,0.3237,4353.0,7,0,0,0,0.0,0
0.5121,48,0,0.4997,6776.0,6,0,1,0,0.0,0
0.0998,57,0,0.9053,3812.0,8,0,1,0,2.0,0
0.1526,21,0,0.4474,5717.0,8,0,1,0,0.0,1
0.4663,55,0,0.5381,8175.0,10,0,2,0,1.0,0
0.0354,50,0,0.0173,10939.0,7,0,0,0,0.0,0
0.1299,36,0,0.8284,2593.0,8,0,0,0,2.0,0
0.8515,46,0,0.5816,,5,0,2,0,1.0,0
0.1246,67,0,0.4958,21655.0,7,0,0,0,2.0,0
0.1992,38,0,0.7818,9920.0,7,0,0,0,1.0,0
0.4696,53,0,0.056,13763.0,5,0,1,0,0.0,0
0.3503,57,0,0.6565,9253.0,7,0,1,0,3.0,0
0.0231,40,0,0.8189,3991.0,10,0,0,0,1.0,0
0.6623,66,0,0.4285,,9,0,0,0,0.0,0
5.8169,58,1,0.1059,8842.0,6,0,2,0,5.0,0
0.4452,48,0,1.0456,4584.0,4,0,0,0,1.0,1
0.3104,85,0,0.777,7127.0,8,0,1,0,0.0,0
0.3572,66,0,0.5755,1668.0,4,0,2,0,0.0,0
0.6255,28,0,0.9247,6690.0,4,0,1,0,0.0,0
2.9012,47,0,0.8073,4060.0,6,0,2,0,2.0,0
0.9222,87,0,0.7667,4741.0,3,0,2,0,0.0,1
1.5613,38,0,0.514,,5,0,0,0,0.0,0
0.4699,53,0,0.4549,2806.0,8,0,1,0,1.0,0
0.6381,69,0,0.5965,5324.0,3,0,0,0,1.0,0
0.0252,61,0,1.1064,9315.0,13,0,2,0,0.0,0
0.4586,63,0,0.6516,3562.0,9,0,0,0,1.0,1
0.4045,62,0,0.5676,4362.0,6,0,0,0,1.0,0
3.4133,52,0,0.5465,,12,0,1,0,1.0,0
0.4651,41,0,0.2757,3257.0,2,0,1,0,1.0,0
0.0073,58,0,0.2197,,9,0,1,0,2.0,0
1.4213,46,0,0.2736,4761.0,9,0,1,0,0.0,0
0.2517,45,0,0.7207,10239.0,8,0,2,0,,0
0.2619,73,0,0.2413,,13,0,1,0,1.0,0
0.0962,47,0,0.1064,1027.0,6,0,2,0,0.0,0
0.5454,76,0,0.4134,29335.0,12,0,1,0,1.0,0
1.3034,56,0,0.4074,,6,0,1,0,0.0,0
0.5452,50,0,0.6671,3022.0,9,0,4,0,0.0,0
0.6261,27,0,0.5006,2520.0,12,0,1,0,0.0,1
0.5716,82,0,0.3396,8459.0,4,0,2,0,1.0,0
0.2196,52,0,0.6195,4295.0,9,0,1,0,1.0,0
6.8849,21,0,0.1747,2815.0,5,0,0,0,1.0,0
0.3998,66,0,0.2156,2760.0,5,0,0,0,,0
0.4866,51,0,0.5285,6818.0,6,0,1,0,1.0,0
0.6875,39,0,0.6932,5765.0,11,0,0,0,0.0,0
0.761,65,0,0.55,,12,0,0,0,1.0,0
0.0377,21,0,0.4908,13847.0,6,0,1,0,0.0,0
0.0703,42,0,0.3146,2010.0,10,0,1,0,2.0,0
0.404,48,0,0.0586,3836.0,6,0,3,0,0.0,0
0.3135,64,0,0.2326,8166.0,9,0,0,0,0.0,0
0.401,83,0,0.5904,6757.0,7,0,1,0,1.0,0
1.3131,49,0,0.6412,2231.0,10,0,0,0,2.0,0
0.3682,58,0,0.3424,,10,0,1,0,1.0,0
0.2673,90,0,0.7422,5187.0,5,0,0,0,1.0,0
0.4246,52,0,0.5896,4010.0,7,0,2,0,1.0,0
0.4393,59,0,0.8892,5549.0,11,0,0,0,1.0,0
3.8562,35,0,1.0073,12224.0,10,0,0,0,0.0,0
0.6472,79,0,0.3087,5690.0,8,0,0,0,0.0,0
1.8519,42,0,0.3533,5991.0,7,0,1,0,0.0,0
0.5479,56,0,0.7305,4704.0,10,0,1,0,1.0,1
4.1593,55,0,0.5795,5445.0,4,0,0,0,0.0,0
0.9432,53,0,0.4368,5509.0,9,0,1,0,1.0,0
0.4981,46,0,0.2338,2546.0,6,0,0,0,2.0,0
0.2593,55,0,0.8009,3158.0,7,0,2,0,0.0,0
2.2404,77,0,1.0014,3883.0,9,0,0,0,0.0,0
0.6411,84,0,0.2027,12238.0,11,0,1,0,0.0,0
0.4076,50,0,0.1486,7054.0,7,0,2,0,3.0,0
0.4475,46,0,0.5063,3562.0,8,0,3,0,2.0,1
0.4492,41,0,0.6292,6630.0,10,0,1,0,1.0,0
0.4948,90,0,0.6848,,11,0,0,0,0.0,0
0.6327,54,0,0.0775,2453.0,11,0,0,0,1.0,0
0.2926,68,0,0.7913,6742.0,12,0,0,0,0.0,0
0.1382,62,0,0.4047,15585.0,8,0,0,0,0.0,0
3.0496,83,0,0.2745,6545.0,6,0,2,0,0.0,1
0.2717,49,0,0.0996,3474.0,10,0,2,0,1.0,0
0.2898,37,0,0.0889,2115.0,7,0,0,0,1.0,0
0.0385,78,0,0.6022,7356.0,8,0,0,0,2.0,0
3.1816,65,0,0.5819,6625.0,11,0,0,0,1.0,0
2.9661,58,1,0.1006,,7,0,1,0,2.0,0
0.6512,73,0,0.0842,2853.0,10,0,0,0,0.0,0
0.4255,59,0,0.3134,6422.0,5,0,0,0,0.0,0
0.4768,74,0,0.1365,4819.0,7,0,1,0,1.0,0
0.3038,55,0,0.5784,6438.0,15,0,4,0,1.0,0
0.397,65,0,0.9073,8908.0,10,0,1,0,1.0,0
0.1505,59,0,0.9738,5069.0,6,0,1,0,0.0,0
0.7519,47,0,0.226,7788.0,7,0,0,0,1.0,0
0.1008,49,0,0.33,8040.0,6,0,0,0,0.0,0
0.513,46,0,0.2914,4469.0,12,0,0,0,1.0,0
1.0189,56,0,0.1055,7235.0,7,0,1,0,1.0,0
1.1148,46,0,0.0848,4904.0,6,0,0,0,1.0,0
0.7102,58,0,0.4424,8021.0,4,0,1,0,1.0,0
1.8613,58,0,1.1778,,8,0,1,0,0.0,0
0.2486,55,0,0.6245,,7,0,1,0,1.0,0
0.7098,55,0,0.1557,7894.0,2,0,0,0,0.0,0
0.2736,44,0,0.5388,6010.0,9,0,1,0,0.0,0
1.0339,48,0,0.5655,3644.0,5,0,0,0,0.0,0
0.673,29,0,0.5395,3692.0,11,0,0,1,1.0,1
0.4915,50,0,0.712,9810.0,11,0,4,0,0.0,0
1.0474,38,0,0.2613,,10,0,2,0,1.0,0
0.6386,53,0,0.0997,10158.0,9,0,1,0,0.0,0
0.5669,42,0,0.6702,4648.0,6,0,1,0,0.0,0
0.293,23,0,0.168,13448.0,8,0,0,2,0.0,0
0.1616,84,0,0.5572,2008.0,4,0,2,0,0.0,0
0.1518,49,0,0.9015,9655.0,12,0,0,0,1.0,0
0.885,72,0,0.6269,,5,0,0,0,1.0,0
1.253,45,1,0.4026,3625.0,3,0,2,1,2.0,0
0.023,76,0,0.2587,10863.0,11,0,1,0,0.0,0
0.5144,36,0,0.6485,6613.0,6,0,0,0,0.0,0
0.0581,54,0,0.4511,,4,0,1,0,2.0,0
0.9073,37,2,0.4678,1652.0,11,2,3,0,3.0,0
0.1666,88,0,0.6517,5571.0,4,0,1,0,0.0,0
0.8429,49,0,0.5472,6583.0,8,0,2,0,1.0,0
0.3639,64,0,0.3576,18178.0,9,0,1,0,0.0,0
0.0119,58,0,0.7645,2548.0,4,0,0,0,0.0,0
1.945,52,0,1.0809,8602.0,8,0,0,0,1.0,0
0.2229,59,0,0.2189,3362.0,4,0,1,0,1.0,0
0.4316,71,0,0.379,4915.0,11,0,0,0,1.0,0
4.4945,61,0,0.8782,,10,0,2,0,1.0,0
0.3307,54,0,0.1572,3577.0,12,0,1,0,0.0,0
0.6403,59,0,0.6729,4372.0,6,0,1,0,2.0,0
0.2703,79,0,0.2148,2327.0,8,0,1,0,1.0,0
0.2983,46,0,0.3742,,13,0,0,0,0.0,0
0.4423,26,0,0.1088,4673.0,10,0,2,0,0.0,0
0.0948,37,0,0.9336,8909.0,9,0,0,0,0.0,0
0.0776,38,0,0.1886,11133.0,11,0,2,0,1.0,0
0.3896,40,0,0.5161,7497.0,6,0,1,0,1.0,0
0.394,40,0,0.3305,1361.0,15,0,0,0,0.0,0
0.6371,52,0,0.6614,7287.0,10,0,1,0,1.0,0
0.1385,55,0,0.2451,8169.0,5,0,2,0,2.0,0
0.3212,55,0,0.6112,3948.0,3,0,1,0,2.0,0
0.6345,42,0,0.1614,13969.0,8,0,1,0,1.0,0
0.4334,66,0,0.9635,2905.0,12,0,0,0,0.0,1
0.3238,59,0,0.0378,2601.0,7,0,0,0,1.0,0
0.6433,74,0,0.1905,,14,0,1,0,1.0,0
0.0579,64,0,0.409,7179.0,6,0,1,0,0.0,0
0.4912,47,0,0.1366,7232.0,10,0,2,0,0.0,0
1.6182,70,0,0.2602,3080.0,7,0,1,0,1.0,0
0.3285,56,0,0.2033,6340.0,7,1,0,0,1.0,0
0.3499,63,0,0.8294,5176.0,9,0,0,0,1.0,0
0.4547,62,0,0.4745,2357.0,8,0,2,0,0.0,0
0.7192,50,2,0.4375,3402.0,6,0,0,0,0.0,0
0.4026,53,0,0.2178,4657.0,8,0,2,0,0.0,0
0.9315,50,0,0.2366,5970.0,9,0,2,0,0.0,0
0.3134,40,0,0.0579,4659.0,12,0,0,0,1.0,0
4.5447,22,0,0.7522,2425.0,11,0,2,0,0.0,1
1.4618,42,0,0.4718,3605.0,8,0,1,0,0.0,0
0.5285,55,0,0.6776,16089.0,6,0,2,0,1.0,0
5.9183,67,0,0.1065,5284.0,8,0,1,0,1.0,0
0.2691,63,0,0.2385,6704.0,11,0,1,0,1.0,1
0.0689,48,0,0.2297,3504.0,8,0,2,0,0.0,0
0.1171,42,0,0.4947,8992.0,12,0,1,0,2.0,0
0.1149,49,0,0.8067,6618.0,7,0,1,0,1.0,0
0.3874,38,1,0.6157,7217.0,6,0,1,2,2.0,0
3.672,22,0,0.3443,5803.0,12,0,0,0,0.0,0
5.9488,30,0,0.9134,,9,1,0,1,2.0,0
1.6677,71,1,0.1364,7182.0,10,0,2,0,0.0,0
1.212,78,0,0.1016,2120.0,12,0,0,0,0.0,0
2.0341,63,0,0.5504,2475.0,8,0,0,0,0.0,0
1.0138,51,0,0.2941,,6,0,3,0,0.0,0
0.9008,32,0,0.45,5108.0,12,0,2,0,0.0,0
0.6588,50,0,0.1587,,8,0,1,0,1.0,0
0.7137,61,0,0.3763,4354.0,8,0,0,0,0.0,0
0.28,64,0,0.4473,6772.0,6,0,1,0,1.0,0
0.1414,62,0,0.5718,21933.0,6,0,4,0,0.0,0
1.8342,69,0,0.4852,2965.0,8,0,2,0,0.0,1
1.122,79,0,0.5114,,11,0,0,0,1.0,0
3.0028,46,0,0.8566,8316.0,11,0,1,0,1.0,0
0.5375,91,0,0.1689,,11,0,2,0,0.0,1
0.2461,24,0,0.7461,3339.0,17,0,1,0,1.0,0
0.5399,41,0,0.2377,3747.0,7,0,0,0,2.0,0
0.6375,55,0,0.1337,5168.0,9,0,1,0,0.0,1
0.321,60,0,0.2472,7884.0,7,0,0,0,0.0,0
0.1377,49,0,0.1396,,10,0,0,0,1.0,0
0.2068,45,0,0.2454,7669.0,7,0,1,0,1.0,0
0.1887,83,0,0.4165,7624.0,8,0,1,0,0.0,1
0.1876,44,0,0.3929,7261.0,8,0,1,0,0.0,0
0.2767,38,0,0.8031,11501.0,1,0,1,0,0.0,0
0.3654,76,0,0.2161,8778.0,11,0,0,0,1.0,0
0.9668,64,0,0.4114,8931.0,13,0,2,0,1.0,0
0.488,67,0,0.4199,15419.0,9,0,0,0,1.0,0
0.4253,55,0,0.1846,15360.0,8,0,0,0,1.0,0
0.7987,33,0,0.6227,5391.0,10,0,0,0,1.0,0
0.1326,53,0,0.2349,,8,0,1,0,0.0,0
0.4386,31,0,0.3492,,9,0,2,0,2.0,0
0.4476,55,0,0.6925,3387.0,10,0,1,0,0.0,1
0.2673,61,0,0.4955,7591.0,12,0,1,0,0.0,0
0.6179,67,0,0.0428,13391.0,9,0,1,0,0.0,0
0.0527,51,0,0.6903,4328.0,7,0,0,0,2.0,0
1.0521,62,0,0.3767,10341.0,5,0,0,0,0.0,0
0.3499,39,0,0.0409,5037.0,9,0,2,0,0.0,0
1.6527,66,0,0.1738,3202.0,6,0,0,0,0.0,0
0.4393,61,0,0.5028,3114.0,11,0,1,0,0.0,0
1.2245,41,0,0.6616,5916.0,11,0,2,0,2.0,0
0.7687,59,0,0.3556,,4,0,0,0,0.0,0
3.0954,67,0,0.5764,10321.0,11,0,0,0,2.0,0
0.4355,53,0,0.272,7565.0,8,0,1,0,0.0,0
0.8131,40,1,0.5209,16162.0,8,1,2,0,0.0,0
1.1063,54,0,0.6904,4734.0,12,0,1,0,0.0,0
0.3892,60,0,0.1218,4710.0,8,0,2,0,0.0,0
1.1144,40,0,0.335,,8,0,2,0,0.0,0
0.2659,38,0,0.9018,3203.0,4,0,0,0,0.0,0
0.0827,59,0,0.1829,10497.0,10,0,0,0,0.0,0
4.0505,64,0,0.4765,9138.0,8,0,2,0,0.0,0
0.5668,82,0,0.0747,3009.0,10,0,1,0,0.0,0
0.2185,61,0,0.523,2701.0,5,0,1,0,4.0,0
0.4442,35,0,0.521,9889.0,5,0,0,0,0.0,0
0.3252,81,0,0.2695,7572.0,4,0,3,0,0.0,0
0.3369,67,0,0.2267,3264.0,8,0,1,0,1.0,0
0.2967,24,0,0.6432,,7,0,0,0,0.0,0
0.73,38,0,0.8375,2074.0,10,0,1,0,0.0,0
6.903,45,0,0.4407,,9,0,1,0,3.0,0
2.3235,64,0,0.2954,14749.0,10,0,0,0,0.0,0
0.4329,21,0,0.2679,3245.0,5,0,2,0,0.0,0
0.0895,50,0,0.1624,,7,0,1,0,0.0,0
2.6808,63,0,0.833,,4,0,1,0,1.0,0
0.6662,21,0,0.3444,4041.0,10,0,2,0,2.0,1
0.3596,62,0,0.6367,9296.0,10,0,3,0,0.0,0
0.5145,64,0,1.0491,3059.0,12,0,0,0,0.0,1
0.5063,40,0,0.7409,6028.0,11,0,1,0,,0
0.1831,36,0,0.3381,3143.0,8,0,0,0,0.0,0
0.4158,40,0,0.5078,8238.0,7,0,0,0,1.0,0
0.0829,21,0,0.3353,12074.0,12,0,2,0,2.0,0
0.797,47,0,0.0898,4470.0,5,0,2,0,0.0,0
0.2209,55,0,0.5088,5724.0,8,0,0,0,1.0,0
0.1649,35,0,1.1078,2276.0,1,0,1,0,0.0,0
4.713,66,0,0.6082,15306.0,12,0,1,0,1.0,0
0.525,53,0,0.7649,9717.0,6,0,0,0,0.0,0
0.2081,56,0,0.9739,5697.0,7,0,0,0,0.0,0
0.0596,46,0,0.4168,6574.0,9,0,0,0,0.0,0
0.4312,62,0,0.2616,5199.0,15,0,0,0,2.0,0
0.1539,70,0,0.6463,3135.0,7,0,1,0,2.0,0
0.3374,46,0,0.572,6870.0,11,0,1,0,0.0,0
0.2816,63,0,0.2121,7624.0,13,1,0,0,0.0,0
0.4464,63,0,0.6055,9236.0,15,0,2,0,1.0,0
0.2706,58,0,0.6784,4486.0,10,0,0,0,1.0,0
0.413,75,0,0.3294,6326.0,15,0,2,0,3.0,0
0.2256,42,0,0.6669,2703.0,9,0,1,0,,0
0.4666,46,0,1.0874,,12,0,0,0,1.0,0
0.5584,41,0,0.6256,3492.0,8,0,0,0,0.0,1
1.3695,62,0,0.4594,5644.0,12,0,3,0,2.0,0
0.4592,48,0,0.1875,6093.0,10,0,1,0,0.0,0
1.3235,42,0,0.4878,,7,0,1,0,1.0,0
0.171,75,0,0.7918,,9,0,0,0,0.0,0
0.6771,77,0,0.596,4591.0,15,0,0,0,0.0,0
3.0419,47,0,0.2561,2587.0,4,0,3,0,2.0,0
0.4618,33,0,0.6602,6640.0,12,0,0,0,0.0,0
0.425,78,0,0.9373,5966.0,11,0,1,0,0.0,0
0.6741,59,0,0.6171,6543.0,6,0,0,0,1.0,0
0.1674,58,0,0.6133,8439.0,10,0,0,0,2.0,0
0.3609,53,0,0.7648,7319.0,9,0,0,0,1.0,0
0.4405,41,0,1.094,6730.0,11,0,2,0,2.0,0
2.2769,46,0,0.5292,8267.0,7,0,0,0,0.0,0
0.5112,61,0,0.795,,4,0,1,0,1.0,0
0.2047,46,0,0.1756,11242.0,4,0,0,0,2.0,0
2.9491,58,0,0.9125,4044.0,12,0,1,0,2.0,0
1.1229,52,0,0.1742,3086.0,8,0,1,0,0.0,0
0.2211,37,0,1.296,3349.0,8,0,3,0,2.0,0
0.0484,75,0,0.9488,6067.0,9,0,0,0,3.0,0
0.3533,60,0,0.4591,3969.0,8,0,0,0,0.0,0
0.1897,57,0,0.0861,9069.0,8,0,0,0,1.0,0
0.0399,60,0,0.6363,,9,0,1,0,1.0,0
0.1401,27,0,0.5815,,10,0,1,0,2.0,0
0.7303,45,0,0.2709,6517.0,7,0,0,0,1.0,0
0.0518,31,1,0.401,7682.0,8,1,0,0,1.0,0
1.0004,54,0,0.3669,,5,0,0,0,2.0,0
2.8123,57,0,0.4455,2211.0,7,0,2,0,1.0,1
0.7499,54,0,0.3529,,8,0,1,0,1.0,0
3.8197,69,0,0.2322,,4,0,0,0,2.0,0
0.6151,31,0,0.3393,12588.0,6,0,2,0,0.0,0
0.1277,41,0,0.786,12405.0,3,0,1,0,1.0,0
1.8172,58,0,0.5889,2332.0,11,0,0,0,0.0,0
0.8499,56,0,1.0705,,3,0,0,0,0.0,1
0.867,34,0,0.2003,6100.0,8,0,2,0,3.0,0
0.5652,69,0,0.4495,5030.0,15,0,1,0,3.0,1
0.1024,74,0,0.6908,9465.0,8,0,0,0,1.0,0
0.085,58,0,0.5084,9072.0,10,0,1,0,0.0,0
1.7734,31,0,0.6273,11838.0,5,0,1,0,1.0,0
0.049,54,0,0.2525,20842.0,5,0,0,0,3.0,0
0.058,57,1,0.4423,2360.0,5,0,0,0,0.0,0
1.6916,48,0,0.1292,1889.0,8,0,0,0,0.0,0
0.1171,71,0,0.6504,6711.0,8,0,4,0,0.0,0
0.6064,50,0,0.3625,5016.0,7,0,2,0,0.0,0
0.5444,81,0,0.2312,,7,0,0,0,,0
0.1237,63,0,0.79,5661.0,10,0,0,0,1.0,0
0.0357,56,0,0.7116,8771.0,7,0,0,0,0.0,0
0.1266,65,0,0.1515,7040.0,8,0,2,0,2.0,0
0.0811,73,0,0.8726,7638.0,9,0,1,0,0.0,0
0.0029,65,0,0.8114,5583.0,9,0,0,0,0.0,0
0.0103,51,0,0.9701,11003.0,9,0,1,0,0.0,0
0.11,43,0,0.073,13271.0,7,0,3,0,1.0,0
0.4009,36,0,0.4424,,8,0,3,0,1.0,0
0.5701,21,0,0.1768,,8,0,1,0,0.0,1
0.3657,54,0,0.4418,,5,0,0,0,0.0,0
1.7083,47,0,0.3338,,8,0,1,0,3.0,0
0.7376,47,0,0.6811,1110.0,9,0,1,0,0.0,0
0.5904,66,0,0.6576,,12,0,2,0,0.0,0
0.2095,50,0,0.8046,4494.0,4,0,2,0,1.0,0
0.1026,79,0,0.3831,3082.0,12,0,3,0,0.0,0
0.0245,44,0,0.7032,,8,0,0,0,1.0,0
0.5506,38,0,0.5527,18660.0,6,0,0,0,0.0,0
0.5003,34,0,0.0794,6613.0,9,0,0,0,1.0,0
0.0089,62,0,0.7905,20189.0,9,0,0,0,2.0,0
0.0743,68,0,0.609,6933.0,6,0,3,0,0.0,0
0.2577,44,0,0.6178,3680.0,12,0,2,0,0.0,0
0.213,37,0,0.7801,8577.0,9,0,2,0,,0
0.3028,73,0,0.4658,14556.0,10,0,2,0,0.0,0
2.2185,32,0,1.1149,14901.0,8,0,0,0,0.0,0
1.9434,66,0,1.2189,,7,0,0,0,0.0,0
0.7782,44,0,0.2802,7917.0,6,0,4,0,0.0,0
0.9095,58,0,0.8017,7012.0,4,0,2,0,1.0,0
0.1971,67,0,0.6451,15882.0,10,0,0,0,1.0,0
0.5354,59,0,0.8574,5198.0,6,0,1,0,0.0,0
0.7726,48,0,0.7,4849.0,6,0,0,0,2.0,0
0.2854,72,0,0.6553,8962.0,5,0,4,0,1.0,1
0.0646,56,0,0.6006,,13,0,1,0,0.0,0
3.979,95,0,0.4083,16610.0,8,0,0,0,0.0,0
0.4467,28,0,0.8636,2565.0,9,0,1,0,1.0,1
0.4015,28,0,0.3048,974.0,13,0,2,0,0.0,0
0.7446,66,0,0.694,1668.0,4,0,0,0,1.0,0
0.3355,52,0,0.8279,,7,0,3,0,0.0,0
0.3969,63,2,0.586,,8,0,0,0,2.0,0
0.7519,37,0,0.3742,5525.0,7,0,0,0,0.0,0
0.6761,53,0,0.4387,4408.0,7,0,0,0,,0
0.6045,58,0,0.5985,5790.0,15,0,2,0,1.0,0
0.3183,44,3,0.2934,2915.0,4,0,1,0,0.0,0
4.0957,55,0,0.9507,10709.0,4,0,1,0,1.0,0
0.8731,33,0,0.765,3355.0,9,0,1,0,1.0,0
0.1536,58,0,0.5871,8990.0,6,0,2,0,0.0,0
0.5587,72,0,0.1332,2745.0,7,0,1,0,0.0,0
0.2608,35,0,0.5124,,5,0,1,0,0.0,0
0.3156,34,0,0.1085,3002.0,4,0,2,0,0.0,0
0.3329,69,0,0.4521,7458.0,14,0,1,0,1.0,0
0.0491,34,0,0.5346,4401.0,11,0,1,0,,0
0.3948,64,0,0.6796,10688.0,9,0,0,0,1.0,0
0.4446,53,0,0.3558,3568.0,8,0,1,0,1.0,0
0.4222,46,0,0.2277,5555.0,9,0,2,0,3.0,0
1.3294,73,0,0.4028,,9,0,1,0,2.0,0
2.7247,65,0,0.8005,,7,0,1,0,0.0,0
0.6928,56,0,0.5321,6395.0,8,0,1,0,0.0,0
0.3154,22,0,0.4822,,5,0,2,0,0.0,0
0.5187,62,0,0.4302,3182.0,9,0,1,0,2.0,0
0.3571,37,0,0.4073,9911.0,10,0,0,0,0.0,1
0.0691,49,0,0.4432,,7,0,2,0,0.0,0
0.0163,52,0,0.8396,4901.0,9,0,1,0,1.0,0
1.1953,79,0,0.2993,8071.0,9,0,0,0,,0
0.335,48,0,0.1569,,7,0,1,0,0.0,0
0.5917,32,0,0.687,3687.0,20,0,1,0,2.0,0
1.2658,73,0,0.6188,8590.0,5,0,2,0,0.0,0
0.3808,62,0,0.7068,,3,0,3,0,1.0,0
0.6379,63,0,0.3622,4444.0,8,0,2,0,2.0,0
0.7474,73,0,0.1116,11833.0,7,0,2,0,2.0,1
0.6776,76,0,0.2452,,5,0,0,0,1.0,1
0.429,40,0,0.6179,2191.0,11,0,1,0,1.0,0
0.5722,33,0,0.5048,5161.0,5,0,1,0,2.0,0
0.0593,64,0,0.3729,3851.0,8,0,0,0,1.0,0
0.0306,48,0,0.3619,2910.0,6,0,1,0,1.0,0
0.7717,50,0,0.2077,1481.0,7,0,2,0,0.0,0
0.3334,36,0,0.8955,,9,0,0,0,2.0,0
0.2005,60,0,0.0438,3410.0,9,0,0,0,1.0,0
0.3929,58,0,1.0968,7190.0,4,0,0,0,0.0,0
0.5897,50,0,0.4863,7265.0,9,0,3,0,1.0,0
0.706,33,0,0.6994,,5,0,0,0,1.0,1
2.3085,69,0,1.2379,7530.0,6,0,0,0,2.0,0
0.04,56,0,0.7762,5919.0,7,0,0,0,2.0,0
1.2345,68,0,0.0704,,6,0,0,0,1.0,1
3.2445,23,0,0.5069,17900.0,8,0,0,0,0.0,0
0.7806,53,0,0.8613,6231.0,6,0,0,0,0.0,0
0.1565,42,0,0.5164,5170.0,9,0,1,0,0.0,0
0.0064,53,0,0.6393,6002.0,5,0,0,0,1.0,0
1.0694,65,0,0.3927,2971.0,12,0,2,0,2.0,0
0.2437,57,0,0.2831,6841.0,10,0,0,0,0.0,0
0.8464,52,0,0.3623,13009.0,4,0,1,0,0.0,0
0.196,52,0,0.3676,,7,0,0,0,0.0,0
0.3024,30,0,0.0538,4700.0,8,0,1,0,0.0,0
0.2005,39,0,0.5803,3957.0,11,0,1,0,1.0,0
0.732,68,0,0.891,1835.0,10,0,2,0,0.0,0
5.2629,45,0,0.7085,3334.0,10,0,1,0,1.0,0
0.2776,68,0,0.6361,7505.0,9,0,0,0,1.0,0
0.2063,64,0,0.6902,2094.0,9,0,2,0,0.0,0
1.1461,64,0,0.4431,7659.0,8,0,0,0,0.0,0
0.3278,57,0,0.4533,,6,0,1,0,1.0,0
0.5116,46,0,0.7425,,10,0,2,0,1.0,0
0.0318,50,0,0.7013,8622.0,5,0,2,0,2.0,0
0.1538,61,0,1.1672,3068.0,6,0,1,0,1.0,0
0.2365,22,0,0.7835,6254.0,5,0,1,0,0.0,0
0.0794,69,0,0.8349,3039.0,9,0,1,0,2.0,0
0.4848,45,0,0.675,4056.0,5,0,1,0,0.0,0
3.7984,51,0,0.2191,5311.0,11,0,0,0,,1
0.5944,51,0,0.479,6403.0,6,0,1,0,0.0,0
0.4427,51,0,0.6573,7243.0,10,0,2,0,1.0,0
0.2777,34,0,0.6515,4137.0,9,0,0,0,1.0,0
0.4613,54,0,0.2988,4371.0,10,0,0,0,0.0,0
0.4319,60,0,0.3726,10406.0,8,0,0,0,4.0,0
2.21,23,0,0.5305,5161.0,14,0,1,0,,1
0.2833,34,0,0.5864,8376.0,5,0,0,0,1.0,0
0.671,65,0,0.4574,16350.0,12,0,1,0,1.0,0
0.5237,62,0,0.4751,,5,0,2,0,0.0,0
0.282,56,0,1.0992,11398.0,6,0,0,0,0.0,0
0.2568,42,0,0.2994,3057.0,10,0,0,0,0.0,0
0.7748,62,0,0.1337,,13,0,0,0,1.0,0
0.3266,35,0,0.9077,3013.0,9,0,1,0,1.0,0
0.2116,50,0,0.6965,9391.0,4,0,0,0,0.0,0
0.3755,34,0,1.165,4096.0,16,0,1,0,2.0,0
0.1651,50,0,0.3651,2759.0,8,0,0,0,1.0,0
0.2935,38,0,0.6641,14906.0,4,0,0,0,1.0,0
0.242,63,0,1.0106,8014.0,6,0,0,0,1.0,0
0.0882,58,0,0.7287,6216.0,7,0,0,0,0.0,0
0.0175,44,0,0.4016,2810.0,12,0,2,0,0.0,0
0.1255,67,1,0.2528,5831.0,15,0,1,0,0.0,0
0.6002,39,0,0.1961,3609.0,7,0,2,0,1.0,0
0.0723,52,0,0.676,3385.0,9,0,2,0,2.0,0
1.1554,43,1,0.1859,,11,0,1,0,1.0,0
0.456,62,0,0.614,4662.0,8,0,1,0,0.0,0
0.4737,61,0,0.1128,2331.0,15,0,3,0,0.0,0
0.1402,70,0,0.5829,,4,0,1,0,1.0,0
1.1888,53,0,0.3699,,7,0,0,0,0.0,0
1.5516,21,1,0.9253,2503.0,9,0,2,0,1.0,0
0.5096,46,0,0.7269,2638.0,8,0,3,0,1.0,0
3.3346,74,2,0.5733,7991.0,8,2,1,0,1.0,0
7.8386,47,0,0.1289,2311.0,9,0,0,0,0.0,0
0.1428,25,1,0.1509,1658.0,3,0,2,0,0.0,0
0.3371,58,1,0.3414,2383.0,8,0,1,0,0.0,0
0.3937,59,0,0.7668,7691.0,10,0,1,0,,0
0.3611,42,0,0.7466,,6,0,1,0,1.0,0
0.8702,49,0,1.12,3398.0,6,0,0,0,1.0,1
0.4681,40,0,0.1821,2467.0,10,0,1,0,0.0,0
0.2676,59,0,0.5173,4724.0,9,0,1,0,2.0,0
0.4786,53,1,0.1694,7178.0,6,0,1,0,1.0,0
0.5134,36,0,0.6508,11989.0,6,0,0,0,0.0,0
0.3063,52,1,0.4277,4953.0,22,0,1,0,1.0,0
0.4537,42,0,0.1446,,6,0,1,0,1.0,0
0.5816,72,0,0.3378,1653.0,8,0,3,0,0.0,1
0.4983,65,0,0.5092,3656.0,7,0,0,0,1.0,0
0.88,50,0,0.2593,13077.0,11,0,2,0,0.0,0
0.071,53,0,0.2866,5634.0,13,0,1,0,3.0,0
1.0384,66,0,0.2137,9292.0,10,0,2,0,0.0,0
0.0701,50,0,0.0712,8098.0,13,0,0,0,1.0,0
0.4186,63,0,0.4984,7704.0,5,0,1,0,1.0,0
0.214,73,0,0.3448,,10,0,2,0,0.0,0
0.1857,45,0,0.1112,9628.0,9,0,1,0,3.0,0
0.8391,75,0,0.2144,7144.0,7,0,2,0,0.0,0
0.7259,71,0,0.1819,6857.0,7,0,0,0,0.0,0
4.9581,55,0,0.3494,8498.0,5,0,0,0,1.0,0
0.7099,46,0,0.5111,3113.0,9,0,1,0,0.0,0
0.3509,55,0,0.4937,4377.0,5,0,0,0,0.0,0
0.5316,49,0,0.5858,,5,0,2,0,0.0,1
0.6132,41,0,0.4787,,9,0,1,0,0.0,0
0.2365,59,0,0.0647,6457.0,7,0,1,0,0.0,0
3.1488,38,0,0.3983,,9,0,3,0,1.0,0
0.0862,47,0,0.16,13198.0,12,0,2,0,,0
0.8865,47,0,0.2751,15951.0,5,0,1,0,1.0,0
2.3717,33,0,0.1269,,9,0,1,0,1.0,0
0.4898,61,2,0.9038,14069.0,7,0,0,1,1.0,0
1.1897,49,0,0.514,,7,0,2,0,0.0,0
0.2175,70,0,0.4769,,7,0,2,0,2.0,0
1.6053,49,0,0.2817,10186.0,8,0,0,0,0.0,0
0.0311,46,0,0.6526,13374.0,5,0,0,0,0.0,0
0.2394,39,0,0.1365,,5,0,4,0,0.0,0
0.1828,53,0,0.7779,16351.0,6,0,1,0,0.0,0
3.0191,53,0,0.8957,4282.0,7,0,2,0,1.0,1
0.1712,62,0,0.3809,,4,0,0,0,0.0,0
0.0094,53,0,0.0997,4785.0,8,0,0,2,0.0,0
0.3397,81,0,0.4405,7567.0,13,0,0,0,1.0,0
0.0019,58,0,0.2568,3985.0,4,0,0,0,0.0,0
0.7505,38,0,0.017,13163.0,7,0,1,0,3.0,0
0.8148,37,0,0.0518,13442.0,6,0,1,0,3.0,0
0.0851,59,0,0.211,5087.0,3,0,3,0,1.0,0
0.6229,38,0,0.1386,6998.0,7,0,1,0,1.0,0
0.4784,60,0,0.3364,5528.0,2,0,0,0,2.0,0
0.6183,65,0,0.0942,5576.0,8,0,0,0,1.0,0
0.2574,65,0,0.8577,4441.0,9,0,1,0,0.0,0
0.0188,40,0,0.1053,,8,0,3,0,0.0,0
0.3,65,0,0.5727,2946.0,7,0,3,0,0.0,0
1.1487,57,0,0.5771,3546.0,8,0,1,0,2.0,1
1.3386,43,0,0.5053,2737.0,10,0,1,0,1.0,0
10.4908,50,3,0.2927,,7,1,2,0,0.0,0
0.7685,59,0,0.6875,7893.0,7,0,1,0,1.0,0
0.5584,43,0,0.4203,,9,0,2,0,0.0,0
0.5036,56,0,0.6136,2656.0,9,0,0,0,1.0,0
0.8676,72,2,0.5097,,8,0,0,1,1.0,0
0.4032,65,0,0.3383,15123.0,4,0,2,0,0.0,0
0.3507,53,0,0.2361,,8,0,1,0,3.0,0
0.2998,55,0,0.4446,7124.0,7,0,1,0,1.0,0
0.4047,44,0,0.1047,9852.0,5,0,1,0,0.0,0
0.578,45,0,0.0921,7330.0,10,0,0,0,1.0,0
0.7426,30,0,0.2447,,4,0,4,0,1.0,0
0.1005,56,0,0.4218,6633.0,5,0,0,0,1.0,0
0.3996,62,0,0.7542,3591.0,10,0,1,0,0.0,0
0.1821,51,0,0.2975,3083.0,8,0,2,0,2.0,0
0.9332,40,0,0.6796,5621.0,8,0,0,0,2.0,0
1.5355,53,0,0.2578,10141.0,7,0,1,0,2.0,0
0.5419,71,0,0.3466,4906.0,6,0,0,0,,0
0.1226,65,0,0.4552,8494.0,6,0,1,0,1.0,0
0.4721,52,0,0.4931,10329.0,8,0,2,0,0.0,0
0.2945,81,0,0.5216,,9,0,1,0,0.0,0
0.6925,90,0,0.8682,7509.0,5,0,0,0,0.0,0
0.006,45,0,0.8068,2870.0,9,0,0,0,0.0,0
0.2316,49,0,0.6164,5286.0,7,0,1,0,0.0,0
0.2534,62,0,0.5658,6265.0,6,0,1,0,0.0,0
0.267,39,3,0.6769,4395.0,6,0,0,0,1.0,0
0.5218,64,0,0.5059,,6,0,1,0,0.0,0
0.5647,53,0,0.9447,,10,0,0,0,0.0,0
0.3536,57,0,0.2671,6529.0,10,0,0,0,2.0,0
0.7032,44,0,0.4159,4159.0,5,0,1,0,1.0,0
0.368,41,0,0.9821,3276.0,8,0,3,0,,0
0.1244,24,0,0.3309,4917.0,8,0,0,0,0.0,0
0.2312,73,0,0.2827,4598.0,9,0,0,0,0.0,0
3.0952,65,0,0.0831,1916.0,10,0,1,0,0.0,0
0.1166,61,0,0.5957,3301.0,9,0,1,0,1.0,0
0.4909,57,0,0.3315,8163.0,9,0,2,0,2.0,0
0.1898,21,0,0.2991,,6,0,1,0,1.0,0
0.2716,41,0,0.5031,2237.0,6,0,3,0,1.0,0
2.0743,48,0,0.0939,22194.0,10,0,2,0,1.0,0
0.4859,37,0,0.5622,,9,0,1,0,1.0,0
0.2978,28,0,0.5195,5601.0,7,0,0,0,3.0,0
0.0648,38,0,0.3128,1991.0,5,0,0,0,0.0,0
0.0301,53,0,1.0192,3013.0,6,0,2,0,1.0,0
0.3768,53,0,0.62,5178.0,7,0,1,0,0.0,0
0.072,65,0,0.649,,11,0,1,0,1.0,0
0.1922,81,0,0.0924,12988.0,9,0,0,0,1.0,0
0.4445,62,2,0.8662,8997.0,9,0,1,0,,0
2.9117,50,0,0.1321,,4,0,0,0,1.0,0
0.1759,77,0,0.9055,11344.0,6,0,2,0,1.0,0
0.4986,30,0,0.2383,3181.0,4,0,1,0,1.0,0
0.0267,23,0,0.5671,8534.0,14,0,2,0,2.0,0
0.6839,40,0,0.9447,5235.0,9,0,1,0,1.0,0
1.1685,63,2,0.3467,15229.0,12,0,0,0,0.0,1
0.0581,54,0,1.0745,8695.0,5,0,1,0,1.0,0
0.311,36,0,0.3913,6387.0,4,0,1,0,1.0,0
0.1838,42,0,0.5573,,7,0,2,0,2.0,0
0.3586,35,0,0.4494,2930.0,10,0,1,0,0.0,0
0.2867,35,0,0.2083,7762.0,8,0,2,0,1.0,0
0.2545,74,0,0.2878,,13,0,0,0,,0
0.1727,50,0,0.2301,11569.0,6,0,1,0,2.0,0
0.2137,77,0,0.5041,5286.0,3,0,1,0,0.0,0
0.1896,40,0,0.5697,3379.0,5,0,0,0,1.0,0
0.4652,59,0,0.4739,2155.0,7,0,1,0,0.0,0
0.3476,55,0,0.4067,3310.0,9,0,0,0,1.0,0
0.3836,64,0,0.782,3071.0,9,0,1,0,3.0,0
0.7226,56,0,0.4052,14089.0,5,0,0,0,1.0,0
0.8045,66,0,0.3168,,5,0,0,0,1.0,0
0.1109,60,0,0.2948,4481.0,8,0,2,0,0.0,0
0.2601,37,0,0.8315,4487.0,6,0,1,0,1.0,0
0.9739,62,1,0.8154,,5,0,1,0,0.0,0
0.794,51,0,0.1611,1603.0,7,0,2,0,2.0,0
2.9191,41,3,0.1297,4306.0,11,0,2,0,1.0,0
0.4317,62,0,0.4373,7841.0,8,0,1,0,0.0,0
0.5604,65,0,0.3337,,10,0,0,0,2.0,0
0.5248,45,0,0.6284,4889.0,8,0,0,0,0.0,1
0.6331,47,0,0.765,4856.0,12,0,0,0,0.0,0
0.085,33,0,0.1006,6798.0,7,0,0,0,2.0,0
0.7903,27,0,0.176,4629.0,10,0,0,0,0.0,0
0.5231,49,0,0.1525,4761.0,7,0,0,0,0.0,0
0.2538,63,0,0.2294,1325.0,5,0,0,0,2.0,0
0.2903,44,0,0.7009,,5,0,1,0,,0
0.281,72,0,0.8484,6622.0,8,0,2,0,0.0,0
0.6588,49,0,0.2593,9524.0,7,0,2,0,1.0,0
0.8288,49,0,0.1356,3000.0,9,0,0,0,0.0,0
5.1552,48,0,0.544,,9,0,0,0,1.0,0
0.1342,66,0,0.3516,8889.0,4,0,0,0,0.0,0
0.0554,39,2,0.6957,5192.0,8,1,0,0,1.0,0
0.4603,50,0,0.6146,7957.0,8,0,1,0,1.0,0
0.3987,44,0,0.8806,3356.0,5,0,2,0,0.0,0
0.4314,44,0,0.848,6062.0,6,0,3,0,0.0,0
0.3958,52,0,0.7447,6657.0,8,0,1,0,1.0,0
0.5736,50,0,0.8471,3883.0,8,0,1,0,1.0,1
1.7442,67,0,0.6479,3479.0,9,0,0,0,2.0,0
0.3362,52,0,0.5601,,7,0,1,0,1.0,0
0.4814,60,0,0.707,5761.0,5,0,1,0,0.0,0
0.1517,54,0,0.5832,2144.0,6,0,0,0,1.0,0
0.0138,72,0,0.5668,4295.0,11,0,1,0,2.0,0
0.4796,48,0,0.596,7234.0,8,0,0,0,2.0,0
0.0965,48,0,0.5125,2233.0,6,0,3,0,2.0,0
0.4979,62,0,0.4928,,5,0,2,0,0.0,0
0.5071,48,0,0.6315,10697.0,6,0,1,0,1.0,0
2.1767,59,0,0.5881,,11,0,2,0,2.0,1
0.7455,85,0,0.4589,4672.0,5,0,1,0,2.0,0
0.7804,38,0,0.4195,8630.0,10,0,0,0,0.0,0
0.9485,73,0,0.3304,10512.0,8,0,0,0,,0
0.8874,45,0,0.4896,7046.0,6,0,0,0,0.0,0
0.1635,71,0,0.3107,3185.0,8,0,2,0,2.0,0
0.216,62,0,0.097,3574.0,6,0,2,0,0.0,0
1.7002,60,0,0.4809,12553.0,8,0,1,0,1.0,0
0.2044,50,0,0.517,4670.0,7,0,1,0,0.0,0
0.0985,48,0,0.3248,9274.0,6,0,3,0,0.0,0
0.6594,42,0,0.5384,2776.0,8,0,2,0,1.0,0
0.316,52,0,0.4884,3096.0,4,0,0,0,0.0,0
0.2867,49,0,0.3727,6559.0,12,0,0,0,2.0,0
0.0665,55,0,0.1266,4805.0,5,0,1,0,0.0,0
0.5879,32,0,0.1777,9531.0,20,0,1,0,0.0,0
0.5097,52,0,0.6907,,8,0,1,0,0.0,0
0.0629,70,0,0.7561,5526.0,7,0,1,0,0.0,0
0.3749,65,0,0.337,7967.0,6,0,1,0,,0
0.4525,52,2,0.4167,,7,0,2,0,1.0,0
0.0991,88,0,0.4184,2938.0,9,0,1,0,1.0,0
0.1893,44,0,0.4383,8704.0,6,0,0,0,0.0,0
0.0454,51,1,0.1282,4323.0,7,0,1,2,0.0,0
0.4808,32,0,0.1849,5465.0,9,0,1,0,0.0,0
0.3919,46,0,0.3139,,9,0,2,0,1.0,0
0.1976,77,0,0.4933,8657.0,11,0,0,0,0.0,0
1.6054,47,0,0.6412,2147.0,12,0,1,0,0.0,0
0.4245,31,0,0.9209,5889.0,7,0,0,0,0.0,0
0.01,64,0,0.2824,17199.0,12,0,1,0,0.0,0
1.3243,57,0,0.5244,8377.0,10,0,0,0,0.0,0
0.6775,64,0,0.5428,5009.0,8,0,3,0,3.0,0
0.271,48,1,0.1723,11881.0,11,0,0,1,,0
2.4394,38,0,0.5436,3028.0,10,0,2,0,1.0,0
0.2374,49,0,0.4225,6869.0,4,0,0,0,0.0,0
3.1212,60,2,0.1808,8156.0,5,0,1,0,2.0,0
1.6525,51,2,0.5494,,8,0,2,2,0.0,0
0.7729,57,0,1.0435,6405.0,7,0,0,0,0.0,0
0.1861,44,0,0.2443,,3,0,1,0,0.0,0
0.1059,58,0,0.0946,8902.0,13,0,2,0,0.0,0
2.8451,52,0,0.5888,13805.0,6,0,0,0,1.0,0
3.5894,42,0,0.5606,,8,0,1,0,0.0,1
0.5856,54,0,0.8088,,2,0,0,0,0.0,0
5.5385,47,0,0.6314,1723.0,13,0,0,0,2.0,0
0.3456,61,0,0.0916,8921.0,9,0,2,0,2.0,0
0.1138,64,0,0.6872,5721.0,6,0,0,0,1.0,0
0.1363,59,0,0.3697,2264.0,8,0,1,0,1.0,0
0.0158,29,0,1.2208,7073.0,8,0,1,0,2.0,0
1.3742,38,0,0.2245,3642.0,8,0,1,0,1.0,0
0.2269,43,0,0.4388,6042.0,7,0,0,0,3.0,0
0.217,41,0,0.2201,,12,0,0,0,1.0,0
0.1494,44,0,0.2723,11390.0,12,0,0,0,0.0,0
0.3635,65,0,0.8925,8681.0,5,0,1,0,0.0,0
0.0676,62,0,0.2612,5649.0,9,0,2,0,1.0,0
0.3118,46,0,0.0707,12115.0,6,0,2,0,2.0,0
0.6326,60,0,0.1006,,7,0,0,0,0.0,0
0.5223,57,0,0.3543,3279.0,15,0,0,0,1.0,0
0.4193,52,0,0.6005,,7,0,2,0,0.0,0
0.9636,68,0,0.429,5621.0,9,0,2,0,2.0,0
3.2259,43,0,0.3784,5458.0,8,0,0,0,2.0,0
0.3753,53,0,0.1407,2963.0,9,0,0,0,2.0,0
0.1973,37,0,0.4738,7476.0,9,0,0,0,2.0,0
0.398,38,0,0.3603,2173.0,8,0,0,0,1.0,0
0.5794,33,0,0.3146,3540.0,14,0,1,0,0.0,0
0.3556,38,0,0.1955,2544.0,5,0,0,0,1.0,0
7.6105,53,2,0.7213,14682.0,8,0,1,2,0.0,0
2.3747,48,0,0.589,16539.0,10,0,2,0,0.0,0
0.2285,48,0,0.1729,5243.0,8,0,0,0,1.0,0
0.037,48,0,0.885,,10,0,0,0,2.0,0
0.7144,77,0,0.2657,3025.0,8,0,0,0,2.0,0
0.5247,36,0,0.7701,4032.0,10,0,1,0,1.0,0
0.4707,35,0,0.1693,,7,0,0,0,0.0,0
0.3282,40,0,0.127,16820.0,10,0,1,0,0.0,0
0.4104,51,0,0.9808,3735.0,7,0,2,0,2.0,0
0.6399,59,0,0.9631,1216.0,10,0,0,0,1.0,0
0.6851,61,0,0.1869,3846.0,4,0,2,0,1.0,0
0.5294,65,0,0.9676,1984.0,5,0,2,0,0.0,1
0.4222,50,0,0.3813,,9,0,3,0,0.0,0
0.1145,46,0,0.4223,6582.0,8,0,2,0,0.0,0
0.5269,75,0,0.0621,3599.0,7,0,2,0,2.0,1
9.8373,21,0,0.2916,1382.0,6,0,0,0,0.0,0
0.6941,53,0,0.0762,10002.0,6,0,0,0,0.0,0
1.5612,58,0,0.0994,4737.0,8,0,1,0,1.0,0
0.2963,78,0,0.1534,4575.0,9,0,1,0,0.0,0
1.2318,29,1,0.598,7631.0,6,0,1,1,0.0,0
0.8107,46,0,0.2549,3460.0,11,0,1,0,1.0,0
0.5166,33,0,0.1693,,8,0,2,0,1.0,0
0.2713,27,0,0.5307,5744.0,4,0,1,0,2.0,0
0.3116,49,0,0.1723,,8,0,0,0,0.0,0
1.5532,64,0,0.3485,13571.0,11,0,0,0,0.0,0
3.5448,69,2,0.6041,7312.0,13,0,0,0,1.0,0
0.145,45,0,0.9065,3122.0,9,0,1,0,1.0,0
0.2903,61,0,0.6477,6016.0,9,0,0,0,0.0,0
0.4824,49,0,0.322,11792.0,11,0,0,0,1.0,0
1.477,60,1,0.2692,,4,0,2,0,2.0,0
1.2055,68,1,0.9651,,6,1,1,0,1.0,0
0.5207,49,0,0.5321,9942.0,9,0,0,0,2.0,0
0.1772,67,0,0.2107,3647.0,5,0,2,0,1.0,0
0.6216,35,0,0.362,8475.0,10,0,4,0,0.0,0
0.0965,61,0,0.2769,5067.0,9,0,2,0,0.0,0
0.355,66,0,0.9456,7119.0,1,0,2,0,1.0,0
8.1136,65,0,0.146,11831.0,7,0,1,0,1.0,0
4.3843,35,0,0.7519,1332.0,9,0,0,0,0.0,1
1.344,49,0,0.3288,2372.0,11,0,0,0,1.0,0
0.2578,56,0,0.6974,,5,0,2,0,1.0,0
0.3262,58,0,0.2522,3214.0,6,0,1,0,0.0,0
0.5871,54,0,0.1814,,7,0,0,0,3.0,0
0.5971,72,0,0.577,5179.0,10,0,1,0,1.0,0
3.3617,34,0,1.0324,5830.0,6,0,1,0,4.0,0
0.0114,49,0,0.6435,4706.0,7,0,1,0,1.0,0
0.9439,28,0,0.7856,4532.0,13,0,1,0,1.0,0
0.6695,61,0,0.3533,2272.0,14,0,0,0,1.0,0
0.7842,60,0,0.4487,2301.0,8,0,2,0,0.0,0
0.1198,95,0,0.6345,6311.0,5,0,3,0,1.0,0
0.3531,66,0,0.2106,12985.0,5,0,1,0,0.0,0
2.7984,57,0,0.6487,6089.0,8,0,1,0,1.0,0
0.4302,56,0,0.4505,9674.0,7,0,2,0,0.0,0
0.1801,48,0,0.6122,4708.0,4,0,1,0,1.0,0
1.161,54,0,0.5192,5414.0,9,0,0,0,2.0,0
1.1221,56,0,0.3896,7294.0,6,0,0,0,2.0,0
1.1709,24,0,1.1376,2045.0,6,0,1,0,1.0,1
0.2277,55,0,0.6222,8195.0,5,0,1,0,0.0,0
2.4067,53,0,0.0669,2979.0,5,0,1,0,0.0,0
0.2157,77,0,0.578,,3,0,2,0,0.0,0
1.0894,50,0,0.9106,3982.0,7,0,1,0,1.0,0
0.7822,41,0,0.2603,4335.0,11,0,0,0,3.0,0
1.8624,56,0,0.5211,3218.0,9,0,0,0,0.0,0
0.1178,53,0,0.6342,,7,0,2,0,1.0,0
1.6298,50,0,0.5838,1312.0,8,0,0,0,2.0,0
0.0921,34,0,0.3525,,8,0,1,0,1.0,0
0.2627,50,0,0.5609,,10,0,0,0,2.0,0
0.2252,44,0,0.2902,1876.0,10,0,1,0,0.0,0
4.2533,49,0,0.4321,4542.0,6,0,1,0,0.0,0
0.2698,62,0,0.0071,13369.0,5,0,0,0,0.0,0
0.3797,43,0,0.3941,4648.0,11,0,1,0,1.0,0
0.1697,49,0,0.1817,5707.0,3,0,1,0,0.0,0
0.286,60,0,0.3613,,5,0,1,0,1.0,0
3.4318,48,0,0.081,8910.0,8,0,2,0,3.0,1
0.1911,89,0,0.1843,5549.0,7,0,1,0,3.0,0
1.6842,55,3,0.7734,2050.0,10,0,0,1,1.0,0
0.4996,35,0,0.3415,4019.0,6,0,0,0,1.0,0
0.4568,40,0,0.454,,10,0,3,0,1.0,0
0.0455,39,0,0.4128,9843.0,7,0,1,0,0.0,0
0.6016,40,0,0.2453,3860.0,9,0,1,0,2.0,0
0.1753,60,0,0.7408,5879.0,11,0,2,0,0.0,0
1.7087,37,0,0.2096,3957.0,10,0,2,0,0.0,0
0.2741,47,0,0.4649,6845.0,6,0,2,0,0.0,0
0.1204,68,0,0.6714,3541.0,8,0,1,0,1.0,0
2.5761,45,0,0.6318,4385.0,4,0,2,0,0.0,0
1.3608,61,0,0.2734,7251.0,4,0,1,0,2.0,0
0.1265,28,0,0.731,3594.0,7,0,1,0,1.0,0
0.1063,47,0,0.1831,2528.0,12,0,2,0,2.0,0
0.9492,40,0,0.5628,2957.0,8,0,2,0,2.0,0
0.1994,56,0,0.5137,,10,0,1,0,2.0,0
0.2599,38,0,0.7275,14865.0,9,0,2,0,0.0,0
0.8492,81,0,0.374,11552.0,8,0,1,0,0.0,0
0.3597,29,0,0.5204,17995.0,10,0,2,0,2.0,0
0.0338,68,0,0.8289,,10,0,3,0,1.0,0
0.2518,64,0,0.4002,10462.0,4,0,1,0,1.0,0
0.9522,56,0,0.3532,,15,0,1,0,2.0,0
0.2183,53,0,0.5639,,5,0,1,0,0.0,0
0.2989,78,0,0.6233,10342.0,10,1,1,0,2.0,0
0.6089,87,0,0.3649,7741.0,12,0,0,0,,0
0.6067,49,0,0.3061,6214.0,7,0,2,0,2.0,0
0.1073,54,0,0.8311,2133.0,6,0,3,0,0.0,0
1.8154,44,0,0.3427,,4,0,0,0,0.0,0
0.3495,36,0,1.0241,,7,0,0,0,1.0,0
0.4818,58,0,0.2731,3525.0,9,0,2,0,0.0,0
0.8549,55,0,0.3283,,10,0,1,0,1.0,0
9.0688,29,0,0.7074,,8,0,1,0,2.0,1
0.6357,58,0,0.1052,2561.0,9,0,0,0,0.0,0
0.0278,56,0,0.1239,18649.0,7,0,1,0,0.0,0
0.4447,44,0,0.4895,5731.0,5,0,0,0,0.0,0
1.4649,43,0,0.6008,2580.0,3,0,1,0,1.0,0
0.75,58,0,0.6024,7985.0,8,0,0,0,0.0,0
1.9891,75,0,0.2319,5827.0,6,0,1,0,0.0,0
0.8642,58,0,0.0958,,8,0,1,0,0.0,0
0.9253,63,0,0.2308,,8,0,0,0,3.0,0
0.193,40,0,0.0831,25875.0,8,0,0,0,0.0,0
0.8113,46,0,0.6794,3735.0,8,0,2,0,1.0,0
0.0092,61,0,0.2725,14512.0,11,0,4,0,0.0,0
0.537,33,0,0.7605,,8,0,1,0,1.0,0
0.3197,55,0,0.528,6734.0,11,0,0,0,2.0,0
0.6943,59,0,0.5235,6972.0,7,0,1,0,1.0,0
0.3545,51,0,0.4003,3009.0,13,0,1,0,1.0,0
0.4717,56,0,0.3808,,6,0,2,0,1.0,0
0.17,53,0,0.863,3850.0,7,0,2,1,1.0,0
0.0623,43,0,0.8003,9042.0,5,0,1,0,0.0,0
0.1828,36,0,0.5454,4827.0,5,0,1,0,1.0,0
0.5531,51,0,0.3372,9983.0,6,0,2,0,0.0,0
0.2086,70,0,0.1072,7184.0,6,0,1,0,0.0,0
0.2028,66,0,0.448,,6,0,1,0,1.0,0
0.8543,47,0,0.3477,5031.0,11,0,0,0,2.0,0
0.4944,47,0,0.4002,7240.0,6,0,2,0,0.0,0
0.1854,46,0,0.0657,2566.0,13,0,2,0,0.0,0
9.0254,46,0,0.2604,2668.0,5,0,1,0,0.0,0
0.0233,56,0,0.4575,6887.0,9,0,0,0,0.0,0
1.6774,67,0,0.195,3574.0,5,0,1,0,0.0,0
0.3703,84,0,0.6032,16448.0,10,0,0,0,0.0,0
0.5973,40,0,0.672,4294.0,7,0,0,0,3.0,0
0.2076,61,0,0.5433,,3,0,0,0,1.0,0
0.721,60,0,0.577,5823.0,9,0,1,0,0.0,0
0.2657,47,0,0.1205,10009.0,7,0,0,0,1.0,0
0.124,38,0,0.2626,6709.0,10,0,1,0,2.0,0
0.2023,56,0,0.7828,2925.0,6,0,0,0,0.0,0
0.8271,82,0,0.3766,2207.0,8,0,1,0,,0
0.815,56,0,0.068,,8,0,2,0,3.0,0
0.0041,41,0,0.2998,4409.0,9,0,1,0,0.0,0
1.7482,50,0,0.4657,4758.0,6,0,1,0,2.0,0
0.214,36,0,0.1307,,6,0,2,0,0.0,0
0.762,52,0,0.8429,4918.0,8,0,0,0,0.0,0
0.9779,62,0,0.687,7521.0,7,0,0,0,0.0,0
0.0719,42,0,1.0044,5210.0,8,0,1,0,1.0,0
0.0539,21,0,0.64,1026.0,8,0,0,0,0.0,0
0.2533,56,0,0.4336,9075.0,11,0,0,0,1.0,0
0.692,45,0,0.5721,6675.0,16,0,1,0,0.0,0
0.3765,41,0,0.3041,2334.0,15,0,2,0,0.0,0
0.0895,41,0,0.3172,3317.0,7,0,1,0,1.0,0
0.7906,58,0,0.4706,,7,0,3,0,1.0,0
0.0664,46,0,0.3848,,11,0,0,0,2.0,0
0.0233,65,0,0.5337,4979.0,8,0,0,0,0.0,0
0.4435,65,0,0.2303,,8,0,0,0,1.0,0
0.2813,48,0,0.8489,7663.0,9,0,0,0,0.0,0
0.0384,45,0,1.0232,8109.0,7,1,0,3,1.0,0
0.5846,54,0,0.3563,19354.0,10,0,0,0,0.0,0
0.2714,50,0,0.4943,3242.0,12,0,1,0,,0
0.4602,27,0,0.4317,,10,0,3,0,4.0,0
0.8811,79,0,0.2433,5788.0,2,0,2,0,2.0,0
0.4532,62,0,0.0806,6865.0,8,0,0,0,0.0,0
0.4189,46,0,0.5856,1127.0,9,0,1,0,1.0,0
0.5033,25,0,0.13,3638.0,5,0,1,0,1.0,0
0.2898,49,0,0.9072,3631.0,5,0,0,0,0.0,0
3.4404,44,0,0.2014,2799.0,6,0,1,0,2.0,0
0.5488,51,0,0.3358,2966.0,14,0,2,0,2.0,0
0.3437,22,0,0.6681,,10,0,2,0,1.0,0
0.6321,45,0,0.5578,,6,0,0,0,0.0,0
0.4178,46,0,0.3066,2473.0,6,0,1,0,0.0,0
0.091,49,0,0.3397,3044.0,4,0,3,0,1.0,0
0.0802,49,0,0.9084,,8,0,1,0,1.0,0
0.08,53,0,0.7453,6861.0,7,0,0,0,0.0,0
0.1511,73,0,0.8959,10643.0,7,0,0,0,0.0,0
0.2928,45,0,0.5114,5539.0,9,0,0,0,0.0,0
0.3493,39,0,0.6319,2794.0,11,0,3,0,2.0,0
0.7032,28,0,0.5132,,8,0,2,0,1.0,0
0.4523,45,0,0.3892,,8,0,0,0,2.0,0
0.265,32,0,0.4613,4382.0,2,0,1,0,3.0,0
1.4516,65,1,0.6587,8134.0,11,0,2,2,3.0,0
0.1889,51,0,0.456,1676.0,5,0,0,0,1.0,0
0.455,65,0,0.8893,8051.0,13,0,1,0,0.0,0
0.4655,73,0,0.286,6236.0,10,0,3,0,1.0,0
0.2643,40,0,0.456,2056.0,15,0,1,0,0.0,0
0.2139,47,0,0.2046,,11,0,1,0,0.0,0
0.5709,71,0,0.6789,,10,0,2,0,1.0,1
0.6047,55,0,1.1761,5177.0,8,0,1,0,1.0,1
3.6899,59,0,0.3808,2804.0,8,0,1,0,,0
0.4192,66,0,0.4846,6761.0,4,0,4,0,0.0,0
0.7871,65,0,0.6989,,6,0,2,0,0.0,0
0.4405,58,0,0.3023,,10,0,2,0,0.0,0
0.1138,72,0,0.395,,9,0,2,0,2.0,0
1.6508,51,0,0.6084,7673.0,15,0,0,0,1.0,0
0.5648,59,1,1.3491,,8,0,0,0,0.0,0
0.0909,50,1,0.8507,,9,0,0,0,1.0,0
0.7856,66,0,0.3319,,6,0,2,0,1.0,0
0.6699,42,0,0.4734,,4,0,0,0,0.0,0
0.0034,28,0,0.2789,3612.0,11,0,2,0,0.0,0
0.1826,61,0,0.5095,7276.0,5,0,0,0,0.0,0
0.3882,38,0,0.6711,,9,0,0,0,0.0,0
0.3848,36,0,0.8242,12742.0,6,0,1,0,0.0,0
0.2311,70,0,0.7524,,7,0,1,0,0.0,0
0.8443,66,0,0.497,9837.0,4,0,1,0,0.0,0
0.177,47,0,0.8284,5878.0,8,0,1,0,1.0,0
0.2821,21,0,0.3139,3037.0,4,0,1,0,0.0,0
1.8474,59,0,0.6133,7145.0,14,0,0,0,0.0,0
0.0331,61,0,0.9395,,8,0,2,0,0.0,0
0.1094,59,0,0.4458,19893.0,12,0,0,0,2.0,1
2.7018,59,0,0.7162,,10,0,0,0,0.0,0
0.2623,49,0,0.6463,2698.0,6,0,1,0,0.0,0
4.3998,46,0,0.4387,5841.0,12,0,1,0,0.0,0
0.7279,37,0,0.7322,3699.0,9,0,2,0,1.0,0
1.5826,42,0,0.6661,4697.0,9,0,3,0,0.0,0
0.1255,57,0,0.251,6418.0,8,0,3,0,,0
0.7684,57,0,0.3491,,9,0,2,0,2.0,0
0.3274,63,0,0.8366,6093.0,8,0,0,0,0.0,0
0.7556,32,0,0.7192,,5,0,0,0,0.0,0
0.0813,29,0,1.1093,2927.0,6,0,0,0,1.0,0
0.1802,47,0,0.6795,5866.0,9,0,1,0,0.0,0
3.2691,38,0,0.639,3389.0,5,0,0,0,1.0,0
1.0954,55,0,0.2229,7138.0,14,0,3,0,0.0,0
0.1563,34,0,0.5189,4842.0,10,0,2,0,0.0,0
0.9355,69,0,0.7459,7741.0,4,0,0,2,0.0,0
1.7948,40,0,0.6101,1415.0,12,0,3,0,0.0,0
0.6957,74,0,0.387,8886.0,4,0,1,0,2.0,0
0.2366,59,0,0.6574,10701.0,10,0,2,0,1.0,0
0.46,37,0,0.3326,3687.0,9,0,3,0,0.0,0
0.911,81,0,0.8397,5375.0,8,0,0,0,1.0,0
1.0844,56,0,0.2892,5125.0,5,0,2,0,2.0,0
0.4549,54,0,0.1512,3910.0,5,0,2,0,1.0,0
0.0695,51,0,0.6415,5231.0,9,0,2,0,2.0,0
0.2938,59,0,0.5699,2685.0,6,0,5,0,1.0,0
0.7409,59,0,0.3672,5066.0,3,0,1,0,0.0,0
3.623,40,0,0.2338,1462.0,9,0,0,0,0.0,0
0.5213,49,0,0.9873,2236.0,7,0,0,0,0.0,0
0.2141,54,0,0.4519,5889.0,9,0,0,0,0.0,0
1.8906,60,4,0.1456,13909.0,5,3,0,1,0.0,0
0.3036,60,0,0.2437,,7,0,3,0,0.0,0
0.9226,54,0,0.7137,1425.0,10,0,2,0,0.0,0
5.2534,44,0,0.5999,5435.0,9,0,0,0,0.0,0
0.4841,44,0,0.4017,3519.0,10,0,0,0,2.0,0
0.1294,35,0,0.2145,2462.0,4,0,2,0,0.0,0
0.9253,60,0,0.4893,4287.0,5,0,2,0,0.0,0
0.9744,43,0,0.7492,10009.0,6,0,0,0,3.0,0
0.4986,49,0,0.0865,5772.0,7,0,0,0,1.0,0
0.3904,55,0,0.103,6102.0,7,0,3,0,0.0,0
0.9844,52,0,1.2235,7111.0,8,0,2,0,2.0,0
0.2321,52,0,1.1441,4561.0,8,0,2,0,2.0,0
0.3592,39,0,0.8474,16452.0,5,0,0,0,0.0,0
0.1504,56,0,1.0031,7110.0,6,0,2,0,2.0,0
0.0594,48,0,0.5671,3967.0,8,0,2,0,0.0,0
1.184,51,2,0.294,4923.0,4,2,1,0,0.0,0
0.257,68,0,0.2722,1993.0,14,0,1,0,0.0,0
0.2105,59,0,0.633,7469.0,4,0,0,0,0.0,0
0.2442,44,0,0.6566,,15,0,0,0,1.0,0
0.1486,50,0,0.4673,8816.0,12,0,1,0,1.0,0
0.2138,74,0,0.5849,,8,0,1,0,1.0,0
0.5254,48,0,0.9112,4240.0,19,0,1,0,1.0,0
0.6639,53,0,0.5641,2852.0,4,0,0,0,0.0,0
4.1109,61,0,0.6214,3411.0,9,0,2,0,1.0,1
0.5116,55,0,0.7113,2311.0,9,0,0,0,1.0,1
3.7373,47,0,0.7584,,8,0,1,0,2.0,0
0.1101,42,0,0.6728,1072.0,10,0,1,0,0.0,0
0.6301,52,0,0.3618,2305.0,9,0,1,0,1.0,0
6.4529,61,0,0.1019,4934.0,5,0,1,0,1.0,0
0.3649,70,0,1.0146,8604.0,9,0,2,0,1.0,1
0.3349,31,0,0.3741,,5,0,1,0,0.0,0
0.8543,77,0,0.1248,3033.0,5,0,0,0,0.0,0
0.0995,48,0,0.4202,,6,0,2,0,0.0,0
0.6439,65,0,0.9113,9081.0,14,0,1,0,2.0,0
0.2912,42,0,0.0534,3982.0,6,0,1,0,2.0,0
1.9032,29,0,0.1189,1728.0,9,0,0,0,1.0,0
0.1821,34,0,0.4835,5399.0,11,0,1,0,1.0,0
0.6573,47,0,0.4763,3147.0,8,0,1,0,0.0,0
0.5856,59,0,0.598,8304.0,7,0,0,0,0.0,0
0.1115,52,0,0.3343,2849.0,7,0,0,0,0.0,0
0.3709,48,0,0.2484,,14,0,1,0,0.0,0
0.5002,68,0,0.6752,9825.0,9,0,0,0,2.0,0
0.1039,52,0,0.6783,17688.0,9,0,1,0,0.0,0
0.5092,56,0,0.5501,,13,0,1,0,3.0,1
0.8135,95,0,0.2432,6607.0,8,0,0,0,2.0,0
0.0939,52,0,0.3004,5231.0,10,0,0,0,1.0,0
0.1651,42,0,0.5339,4067.0,10,0,0,0,1.0,0
0.5432,59,0,1.0431,,8,0,1,0,0.0,0
0.5769,62,0,0.5781,16098.0,5,0,4,0,1.0,0
0.544,56,0,0.3885,5609.0,12,0,0,0,1.0,0
2.3782,54,0,0.8705,11571.0,4,0,1,0,1.0,0
0.2244,73,0,0.3842,1320.0,6,0,0,0,1.0,0
0.4354,71,0,0.2313,3858.0,10,0,0,0,1.0,0
0.399,50,0,0.4216,,8,0,0,0,1.0,0
0.3523,43,0,0.2205,2629.0,6,0,1,0,0.0,0
5.7933,58,0,0.8441,2240.0,3,0,2,0,0.0,0
0.1638,43,0,0.8097,3847.0,9,0,1,0,0.0,0
3.5191,64,0,0.6535,3582.0,15,0,3,0,0.0,1
0.1055,58,0,1.2415,13506.0,8,0,2,0,1.0,0
0.7028,89,0,0.6014,,7,0,0,0,2.0,0
0.9275,73,0,0.1899,8150.0,7,0,2,0,0.0,0
0.8683,37,0,0.5103,8870.0,13,0,1,0,2.0,0
5.9336,45,1,0.7904,3902.0,8,0,1,2,1.0,0
0.1967,25,0,0.3425,,6,0,1,0,0.0,0
0.4864,22,0,0.8048,9068.0,4,0,1,0,0.0,0
0.0756,54,0,0.476,,16,0,1,0,0.0,0
0.1456,35,0,0.3506,,5,0,1,0,2.0,0
0.1574,75,0,0.7919,10848.0,6,0,3,0,0.0,0
0.1841,68,0,0.589,2047.0,6,0,1,0,1.0,0
0.9543,48,0,0.6302,3827.0,8,0,1,0,1.0,0
0.6262,47,0,0.4528,4598.0,6,0,0,0,1.0,0
0.279,73,0,0.4227,8258.0,5,0,1,0,0.0,1
0.3366,76,0,0.247,5197.0,12,0,3,0,6.0,0
1.0735,39,1,0.9541,2213.0,16,0,0,1,1.0,0
0.0888,37,0,0.589,3723.0,4,0,1,0,2.0,0
8.5278,48,0,0.7875,4216.0,10,0,0,0,0.0,0
0.524,58,0,0.1467,8561.0,8,0,0,0,1.0,0
0.1022,45,0,0.2268,5630.0,8,0,1,0,1.0,0
0.6876,58,0,0.2588,,13,0,2,0,1.0,0
0.0649,79,0,0.3966,3417.0,13,0,1,0,0.0,0
2.4968,32,0,1.2973,,9,0,0,0,0.0,0
0.5426,46,1,0.705,12573.0,6,0,2,0,1.0,0
0.409,33,0,0.1101,3760.0,7,0,1,0,0.0,0
0.3908,40,0,0.583,5542.0,8,0,1,0,1.0,0
0.4626,48,0,0.3179,,5,0,3,0,0.0,0
1.0889,42,0,0.5682,3844.0,8,0,2,0,2.0,1
4.7681,59,0,0.8136,13331.0,9,0,0,0,0.0,0
0.0768,54,0,0.1833,7797.0,6,0,1,0,1.0,0
1.5592,56,0,0.1173,,9,0,1,0,1.0,0
0.1755,48,0,0.4037,7144.0,3,0,0,0,,0
0.3823,49,0,0.5341,15939.0,11,0,1,0,0.0,0
0.917,47,0,0.3898,6258.0,8,0,0,0,2.0,0
0.4599,49,0,0.0915,5139.0,9,0,2,0,1.0,0
0.4687,58,0,0.8574,4387.0,5,0,1,0,1.0,0
0.5032,25,0,0.6319,2674.0,7,0,1,0,1.0,1
0.1686,56,0,0.2186,6921.0,4,0,3,0,0.0,0
0.7915,40,0,0.099,1815.0,8,0,1,0,0.0,0
1.9268,47,0,0.4558,4483.0,18,0,0,0,0.0,0
0.8177,30,0,0.358,,5,0,0,0,0.0,0
0.2416,47,0,0.5762,4635.0,8,0,3,0,0.0,0
0.4171,56,0,0.27,,15,0,0,0,1.0,0
0.1468,58,0,0.4322,5523.0,4,0,2,0,2.0,0
0.7663,35,0,0.9558,1825.0,3,0,0,0,0.0,0
2.213,58,0,0.1149,,10,0,0,0,1.0,0
0.5831,68,0,0.2896,11368.0,6,0,0,0,1.0,0
0.1711,45,0,0.4362,3085.0,12,0,1,0,1.0,0
0.1814,52,0,0.5748,12391.0,8,0,2,0,1.0,0
0.0539,23,1,0.805,,10,1,1,0,0.0,0
0.5847,39,0,0.7211,,7,0,2,0,1.0,0
0.1814,56,0,0.6299,12857.0,11,0,1,0,2.0,0
0.0909,65,0,0.7501,5324.0,14,0,1,0,0.0,0
0.17,44,0,0.1188,4055.0,8,0,3,0,0.0,0
0.6259,89,0,0.139,5868.0,11,0,0,0,3.0,1
0.0843,56,0,0.4494,12193.0,11,0,0,0,1.0,0
1.3546,34,2,0.736,6947.0,3,0,0,0,1.0,0
0.035,70,0,0.561,5933.0,10,0,3,0,1.0,0
0.3733,34,0,0.5618,5167.0,9,0,1,0,1.0,0
0.2821,57,0,0.8755,7844.0,10,0,1,0,,0
2.4603,39,0,0.4234,10558.0,9,0,0,0,1.0,0
0.0148,33,0,0.6356,2408.0,10,0,1,0,1.0,0
0.5389,65,0,0.1217,,8,0,1,0,1.0,0
0.3691,48,0,0.1544,5112.0,13,0,2,0,1.0,0
0.1476,76,0,0.1654,2221.0,7,0,0,0,0.0,0
0.4487,38,0,0.1268,,9,0,2,0,0.0,0
3.5705,30,1,0.2934,1559.0,6,0,1,0,3.0,0
0.3911,45,0,0.286,17127.0,9,0,1,0,,0
0.0151,92,0,0.256,4948.0,10,0,2,0,1.0,0
0.372,64,0,0.3445,6152.0,5,0,0,0,0.0,0
1.4491,60,0,1.0246,4788.0,5,0,1,0,0.0,0
0.1315,60,0,0.0723,5660.0,6,0,0,0,1.0,0
8.2131,45,0,0.6107,7462.0,8,0,0,0,1.0,0
0.6486,90,2,0.7513,8334.0,6,0,2,2,1.0,0
0.2687,58,0,0.2181,6750.0,4,0,2,0,0.0,0
0.1534,57,1,0.5375,3038.0,7,0,2,0,0.0,0
0.9046,66,0,0.1173,9124.0,3,0,0,0,0.0,0
0.6607,34,0,0.0683,8611.0,8,0,1,0,0.0,0
0.6793,40,0,0.6306,3036.0,6,0,2,0,0.0,0
1.4766,49,0,0.9698,1883.0,8,0,0,0,0.0,0
1.2055,66,1,0.6524,4663.0,10,0,0,1,1.0,0
3.9436,34,2,0.3543,5790.0,12,0,2,0,2.0,0
0.2552,51,0,0.2826,16649.0,6,0,3,0,,0
0.6997,49,0,0.4993,5099.0,8,0,0,0,0.0,0
2.2283,30,0,0.1634,7845.0,11,0,0,0,1.0,0
0.1574,45,0,0.2462,2095.0,7,0,2,0,0.0,0
0.296,60,0,0.1138,5669.0,6,0,0,0,1.0,0
0.6702,31,0,0.6788,4570.0,8,0,1,0,0.0,1
0.1738,72,0,0.2932,6560.0,9,0,0,0,2.0,0
2.7317,59,0,0.6955,6899.0,17,0,2,0,1.0,0
0.5966,57,0,0.6369,2822.0,8,0,0,0,1.0,0
0.2214,52,0,0.3682,4178.0,7,0,1,0,1.0,0
0.2018,37,0,0.3012,2957.0,5,0,0,0,1.0,0
0.0381,43,0,0.6124,4354.0,2,0,2,0,,0
0.0972,57,0,0.5553,5343.0,12,0,1,0,1.0,0
0.5739,43,0,0.6841,5656.0,9,0,1,0,2.0,0
0.0889,55,0,1.0882,13154.0,5,0,1,0,0.0,0
0.0355,39,1,0.2877,3383.0,6,0,1,0,0.0,0
0.374,58,0,0.244,5293.0,3,0,2,0,0.0,0
0.0734,59,0,0.4462,3140.0,9,0,2,0,2.0,0
5.6651,29,0,0.8546,4947.0,8,0,5,0,2.0,0
0.1227,53,0,0.763,7914.0,10,0,0,0,0.0,0
0.3015,31,0,1.0455,3799.0,6,0,0,0,0.0,0
0.459,26,0,0.0598,3366.0,4,0,2,0,1.0,0
0.3127,44,0,0.0883,8739.0,8,0,1,0,0.0,0
1.8619,91,0,0.2369,5323.0,6,0,2,0,1.0,0
6.6306,63,0,0.4998,8693.0,14,0,0,0,0.0,0
0.1025,71,0,0.9016,,7,0,0,0,1.0,0
0.1415,61,0,0.4263,3492.0,7,0,1,0,1.0,0
0.0082,55,0,0.5031,5475.0,6,0,3,0,1.0,0
2.0382,65,0,0.3855,,12,0,0,0,1.0,0
0.2196,43,2,0.4403,4187.0,9,0,0,0,0.0,0
0.1295,59,0,0.6589,11052.0,1,0,1,0,2.0,0
0.7851,68,0,0.7611,10686.0,8,0,1,0,1.0,0
0.1665,62,0,0.6079,,5,0,3,0,0.0,0
1.2456,69,0,0.5866,4552.0,11,0,1,0,0.0,0
0.5694,55,0,0.6228,3856.0,5,0,1,0,2.0,0
0.582,76,0,0.1935,4479.0,7,0,0,0,0.0,0
0.4695,49,0,0.7754,3115.0,6,0,2,0,1.0,0
0.0968,82,0,0.6862,2450.0,5,0,2,0,0.0,0
0.7674,60,0,0.5949,6648.0,12,0,0,0,0.0,0
0.228,47,0,0.2839,6982.0,14,0,1,0,0.0,0
0.5106,35,0,0.5196,4748.0,8,0,3,0,1.0,0
0.6043,41,0,0.346,12755.0,9,0,0,0,1.0,0
1.9771,39,0,0.1905,4772.0,7,0,0,0,1.0,0
0.5082,51,0,0.0413,4949.0,5,0,1,0,1.0,0
5.0378,34,0,1.1548,4799.0,13,0,0,0,1.0,1
0.2525,70,0,1.018,,9,0,2,0,0.0,0
0.0324,54,0,0.5437,6212.0,9,0,1,0,,0
0.4995,53,0,0.7251,4557.0,16,0,2,0,2.0,0
1.7362,36,0,0.3848,8274.0,7,0,1,0,2.0,0
0.2761,41,0,0.7086,,6,0,0,0,1.0,0
2.6063,21,3,0.8772,12130.0,8,0,1,2,0.0,0
0.6561,75,0,0.1401,,6,0,0,0,1.0,0
0.5638,32,0,0.3579,4418.0,11,0,1,0,0.0,0
0.8609,33,0,0.2337,3424.0,9,0,0,0,1.0,0
0.2984,72,0,0.5824,13821.0,8,0,2,0,0.0,0
0.0566,57,0,0.2534,13878.0,12,0,0,0,1.0,0
0.4789,54,0,0.7233,15350.0,9,0,3,0,0.0,0
0.2264,57,0,0.6101,4856.0,14,0,2,0,1.0,0
0.0793,65,0,0.185,2749.0,14,0,1,0,0.0,0
1.3594,53,0,0.7699,5824.0,11,0,0,0,1.0,0
0.224,30,0,0.3606,5650.0,8,0,1,0,0.0,0
0.3058,62,1,0.5975,8317.0,9,0,0,0,0.0,0
0.1059,58,0,0.5104,4477.0,6,0,0,0,1.0,0
0.0047,68,0,0.4315,,4,0,1,0,0.0,0
0.3715,35,0,0.7366,,10,0,1,0,0.0,0
3.5507,42,2,0.3921,,11,0,2,2,0.0,0
0.1394,57,0,0.4849,,9,0,1,0,0.0,0
0.0145,39,0,0.355,3238.0,4,0,0,0,0.0,0
0.0382,21,0,0.0932,2253.0,8,0,0,0,1.0,0
0.2482,55,0,0.38,5653.0,3,0,0,0,3.0,0
0.5377,65,0,0.3516,7707.0,3,0,1,0,2.0,0
0.5611,50,0,0.6465,,6,0,0,0,0.0,0
0.3238,60,0,0.2389,,5,0,1,0,0.0,0
0.1122,58,0,0.222,5530.0,6,0,2,0,0.0,0
0.3594,52,0,0.6417,,8,0,4,0,1.0,0
0.2083,54,0,0.2214,,8,0,3,0,0.0,0
0.6773,71,0,0.5882,,12,0,0,0,0.0,0
0.5341,39,1,0.8556,,7,0,1,0,1.0,0
0.1087,63,0,0.78,4236.0,11,0,0,0,1.0,0
0.8072,35,0,0.2676,8126.0,6,0,2,0,0.0,0
0.3451,41,0,0.5769,3366.0,4,0,2,0,0.0,0
0.2558,69,0,0.5217,2504.0,10,0,2,0,4.0,0
0.1802,35,0,0.5258,2297.0,9,0,0,0,0.0,0
0.0554,49,0,0.5603,6771.0,6,0,0,0,2.0,0
2.3346,85,0,0.1702,6360.0,8,0,2,0,1.0,0
7.0563,66,1,0.3609,,10,0,3,0,3.0,0
2.0996,42,0,0.7306,8878.0,9,0,2,0,1.0,0
0.7893,44,0,0.3942,4031.0,6,0,0,0,0.0,0
0.2169,50,0,0.2297,12300.0,14,0,1,0,1.0,0
1.3386,70,2,0.713,6511.0,9,0,3,1,,0
0.0922,38,0,0.0308,,6,0,0,0,1.0,0
0.6982,37,0,0.1913,3748.0,6,0,2,0,1.0,0
0.4046,62,0,0.0693,3204.0,4,0,1,0,0.0,0
0.3104,28,0,0.4308,6767.0,15,0,1,0,1.0,0
2.0936,39,0,0.6521,3899.0,8,0,0,0,0.0,1
0.5518,51,0,0.5689,,6,0,1,0,0.0,0
0.9281,52,0,0.6132,,10,0,3,0,1.0,0
0.1816,33,0,0.4831,4072.0,11,0,1,0,0.0,0
0.4339,57,0,0.252,6889.0,6,0,2,0,0.0,0
0.1371,60,0,0.993,8996.0,10,0,1,0,0.0,0
0.4757,43,0,1.0275,7544.0,11,0,0,0,,0
0.5087,75,0,0.294,14794.0,5,0,0,0,0.0,0
0.0874,57,0,0.2298,7215.0,6,0,1,0,0.0,0
0.5994,38,0,0.7231,2973.0,6,0,1,0,1.0,0
0.3628,75,0,0.707,5792.0,5,0,0,0,1.0,0
0.7688,45,0,0.0727,2574.0,1,0,2,0,1.0,1
1.2505,55,0,0.5281,3937.0,7,0,2,0,0.0,0
0.6546,45,0,0.7513,4271.0,4,0,2,0,2.0,0
0.4778,61,0,0.2398,6644.0,7,0,2,0,0.0,0
0.1838,45,1,0.6278,,7,0,0,1,2.0,0
0.7576,46,0,0.0379,3514.0,5,0,1,0,1.0,0
0.7562,50,0,0.4776,,5,0,0,0,1.0,0
0.2992,45,0,0.4477,1673.0,11,0,0,0,0.0,0
0.9797,67,0,0.7897,6725.0,8,0,3,0,1.0,0
0.8157,34,0,0.2397,3455.0,7,0,0,0,2.0,0
0.8921,51,0,0.4236,14872.0,9,0,1,0,3.0,0
0.4593,53,0,0.2592,,14,0,1,0,1.0,0
0.5631,50,0,0.0915,9262.0,7,0,0,0,0.0,1
0.613,66,0,0.9497,13755.0,11,0,2,0,0.0,0
0.7172,31,1,0.1299,6689.0,13,2,0,0,0.0,0
0.1581,60,0,1.3333,3601.0,11,0,0,0,1.0,0
2.2834,35,0,0.8609,2984.0,11,0,1,0,0.0,0
0.1138,45,0,0.1894,,6,0,1,0,1.0,0
0.1487,33,0,0.2386,2853.0,8,0,1,0,,0
0.6191,47,0,0.5376,3132.0,6,0,0,0,1.0,0
1.0459,44,0,0.1561,4438.0,11,0,0,0,1.0,0
0.1927,75,0,0.5703,,11,0,2,0,1.0,0
0.5993,55,0,0.1731,,15,0,1,0,0.0,0
0.5454,58,0,0.7463,3422.0,9,0,1,0,0.0,0
2.4183,36,0,0.4825,,5,0,4,0,2.0,1
0.0447,62,0,0.4728,4968.0,9,0,1,0,0.0,0
0.5623,75,0,0.3045,,7,0,1,0,0.0,0
0.9244,64,0,0.3094,6316.0,10,0,0,0,1.0,0
0.7816,34,0,0.3674,6685.0,7,0,1,0,0.0,0
0.4541,46,0,0.3,12023.0,13,2,1,0,0.0,0
1.0301,54,0,0.8792,7323.0,9,2,1,0,1.0,0
1.2273,44,0,0.7871,3172.0,1,0,0,0,0.0,0
0.5403,87,0,0.5286,8575.0,7,0,1,0,0.0,0
0.0202,45,0,0.356,16980.0,9,0,1,0,0.0,0
3.1927,51,0,0.0217,3349.0,8,0,0,0,1.0,0
0.4983,44,0,0.6147,3715.0,8,0,1,0,1.0,0
0.3545,55,0,0.1305,5970.0,12,0,1,0,,0
0.3459,71,0,0.4988,,4,0,1,0,0.0,0
0.9439,54,0,0.8279,5749.0,10,0,2,0,0.0,0
6.2828,49,0,0.2133,3461.0,11,0,0,0,0.0,0
0.4746,37,0,0.6242,,6,0,1,0,0.0,0
0.2515,69,0,1.0383,,14,0,0,0,1.0,0
0.6264,50,0,0.4615,,7,0,0,0,1.0,1
0.335,49,0,0.4279,4663.0,7,0,0,0,2.0,0
0.7931,21,0,0.493,8048.0,3,0,2,0,0.0,0
0.3104,50,0,0.8423,,9,0,0,0,0.0,0
1.5094,46,0,0.1585,,7,0,1,0,1.0,0
0.3954,26,0,0.5764,1925.0,8,0,1,0,0.0,0
0.2102,66,0,0.2816,4172.0,5,0,1,0,1.0,0
0.308,45,0,0.3423,9607.0,7,0,2,0,0.0,0
0.5687,79,0,0.2963,9606.0,6,0,4,0,1.0,0
0.0156,72,3,0.5745,27820.0,7,1,0,0,0.0,0
0.2178,42,0,0.5713,2820.0,9,0,1,0,2.0,0
0.281,71,0,0.2041,,9,0,2,0,0.0,0
0.3218,75,0,0.5394,7532.0,8,0,0,0,1.0,0
0.1493,44,0,0.2305,,11,0,1,0,0.0,0
0.1418,38,0,0.5138,10759.0,6,0,1,0,2.0,0
0.2072,22,0,0.5368,2701.0,5,0,1,0,0.0,0
0.22,57,0,0.5405,9457.0,5,0,0,0,1.0,0
0.5697,38,0,0.3246,6095.0,11,0,4,0,1.0,0
0.2418,58,0,0.8828,5923.0,10,0,2,0,1.0,0
0.5257,44,0,0.1396,3308.0,9,0,0,0,1.0,0
0.1586,41,0,0.393,10335.0,7,0,0,0,1.0,0
0.7486,44,0,0.9294,,12,0,0,0,1.0,0
0.6444,34,0,0.3354,,10,0,0,0,3.0,1
0.3449,44,0,0.0263,11210.0,15,0,2,0,1.0,0
0.2313,42,0,0.5841,2191.0,9,0,1,0,0.0,0
0.0877,52,0,0.4102,5309.0,6,0,1,0,3.0,0
0.4613,53,3,0.1351,1302.0,9,0,2,0,,0
0.4939,37,0,0.255,2488.0,4,0,2,0,2.0,0
0.2588,67,0,0.4855,5125.0,7,0,1,0,1.0,0
2.8456,50,0,0.3587,9150.0,3,0,1,0,0.0,0
0.4914,73,0,0.7814,3729.0,6,0,0,0,0.0,1
1.2703,55,0,0.3279,2712.0,8,0,0,0,1.0,0
0.3276,53,0,0.8812,5642.0,6,0,1,0,2.0,0
1.4886,45,0,0.1971,,10,0,0,0,0.0,0
2.5243,61,0,0.1992,25680.0,5,0,1,0,1.0,0
0.1988,52,0,0.3493,11440.0,14,0,0,0,1.0,0
2.0305,64,0,0.2578,2274.0,8,0,3,0,0.0,0
0.6213,74,0,0.2841,6237.0,7,0,2,0,0.0,0
0.4124,42,0,0.3208,,9,0,1,0,3.0,0
1.7446,61,0,0.5727,2252.0,7,0,2,0,1.0,0
0.014,60,0,0.1298,7714.0,4,0,1,0,1.0,0
0.5328,58,0,0.7687,,9,0,0,0,0.0,0
5.5906,46,0,0.0786,,7,0,2,0,0.0,0
0.8408,46,0,0.1445,5850.0,6,0,1,0,1.0,0
1.877,44,0,0.8497,,7,0,1,0,1.0,1
2.9862,44,0,1.5975,12034.0,8,0,2,0,1.0,0
0.6642,40,0,0.3288,14908.0,6,0,1,0,1.0,0
0.0805,51,0,0.426,5101.0,10,0,0,0,2.0,0
0.6696,41,0,0.1821,,6,0,1,0,0.0,0
0.0303,58,0,0.5986,2127.0,8,0,2,0,0.0,0
0.0254,53,0,0.519,4662.0,11,0,0,0,,0
6.4266,54,1,0.4,6563.0,6,0,2,0,2.0,0
0.3574,48,0,0.164,7748.0,9,0,0,0,2.0,0
0.2364,53,0,0.2265,21022.0,7,0,3,0,0.0,0
0.4564,49,0,0.0172,16002.0,15,0,4,0,1.0,0
0.3324,63,0,0.2115,21150.0,8,0,1,0,,0
0.5196,46,0,0.0323,6968.0,10,0,1,0,0.0,0
0.3628,57,0,0.3611,4758.0,7,0,0,0,2.0,0
0.0103,34,0,0.6893,,7,0,2,0,0.0,0
1.0752,62,0,0.0804,4708.0,7,0,0,0,1.0,0
0.0923,44,0,0.4179,3875.0,12,0,3,1,2.0,0
0.6492,39,0,0.9168,9653.0,7,0,2,0,1.0,0
0.2083,36,0,0.4982,2994.0,9,0,0,0,0.0,0
0.7826,35,0,0.8088,2718.0,10,0,0,0,0.0,0
0.3362,45,0,0.6275,6887.0,14,0,1,0,0.0,0
0.5462,73,0,0.4767,,5,0,1,0,0.0,1
4.784,43,0,0.2349,3109.0,6,0,1,0,0.0,0
5.0679,21,0,0.2251,,12,0,1,0,1.0,1
4.0089,57,0,0.2026,2328.0,5,0,2,0,0.0,0
0.2368,36,0,0.473,7656.0,6,0,1,0,0.0,0
0.3625,63,0,0.5637,3701.0,6,0,3,0,1.0,0
0.7295,46,0,0.8819,14320.0,5,0,2,0,1.0,0
0.1241,48,0,0.4861,9131.0,7,0,2,0,2.0,0
0.1743,69,0,0.1603,28339.0,7,0,0,0,0.0,1
0.1174,61,0,0.5474,3681.0,10,0,2,0,2.0,0
0.0676,35,0,0.4285,,11,0,2,0,2.0,0
0.2939,37,0,0.54,4521.0,8,0,0,0,0.0,0
0.8782,27,0,0.7962,,15,0,0,0,0.0,0
0.4363,88,0,0.5384,2870.0,9,0,1,0,2.0,1
0.1627,40,0,0.1697,,8,0,3,0,0.0,0
4.3327,68,0,0.3477,1864.0,5,0,2,0,0.0,0
0.4619,45,0,0.5556,6703.0,7,0,3,0,1.0,0
0.1016,37,0,0.3472,19535.0,4,0,0,0,1.0,0
0.0358,52,0,0.5352,,11,0,3,0,0.0,0
3.2581,47,0,0.3394,7261.0,12,0,1,0,0.0,0
0.2146,63,0,0.3791,4289.0,10,0,0,0,2.0,0
0.2656,63,0,0.248,3318.0,7,0,2,0,1.0,0
0.9588,44,0,0.7259,1862.0,5,0,1,0,0.0,0
0.0533,32,0,0.0917,,7,0,2,0,0.0,0
8.5274,35,0,0.339,,7,0,1,0,0.0,0
0.4968,21,0,0.2904,5052.0,7,0,1,0,2.0,0
0.1696,48,0,0.6934,,8,0,0,0,0.0,0
0.3056,52,0,0.4384,5455.0,9,0,1,0,1.0,1
0.9687,36,0,0.5967,3682.0,5,0,1,0,2.0,0
0.3028,34,0,0.4099,,8,0,0,0,3.0,0
0.3737,52,0,1.3427,6240.0,11,0,0,0,0.0,0
0.2267,43,0,0.8327,4360.0,6,0,0,0,1.0,0
0.1767,49,0,0.1527,12486.0,9,0,0,0,0.0,0
1.5522,47,0,0.273,6260.0,0,0,1,0,0.0,0
0.464,55,0,0.0136,6086.0,9,0,0,0,2.0,0
0.0202,44,0,0.2803,5662.0,7,0,0,0,0.0,0
0.067,45,0,0.3474,4515.0,8,0,1,0,0.0,0
4.1604,26,0,0.3549,,8,0,0,0,0.0,0
1.2381,51,0,0.2981,2889.0,7,0,0,0,3.0,0
0.9209,53,0,0.1633,12425.0,9,0,0,0,1.0,0
0.9549,50,0,0.269,3761.0,9,0,1,0,1.0,0
0.2621,79,0,0.1563,3596.0,9,0,0,0,0.0,0
0.7089,54,0,0.3613,4067.0,4,0,2,0,0.0,0
0.485,50,0,0.2431,3866.0,8,0,1,0,1.0,0
0.2183,59,0,0.6041,5968.0,4,0,0,0,,0
1.906,82,0,0.2913,11546.0,12,0,0,0,1.0,0
0.4104,56,0,0.628,9510.0,9,0,2,0,2.0,0
0.4448,21,0,0.7361,,11,0,1,0,1.0,1
0.6941,58,0,0.404,5571.0,7,0,0,0,0.0,0
0.1815,40,0,0.6884,,6,0,1,0,3.0,0
0.0277,25,0,0.6622,,9,0,0,0,0.0,0
0.0316,76,0,0.1538,5192.0,4,0,1,0,0.0,0
0.3508,73,0,0.1147,4853.0,8,0,1,0,0.0,0
0.2572,39,0,0.0516,5034.0,11,0,1,0,0.0,0
0.5829,39,0,0.4504,,9,0,1,0,0.0,0
0.965,54,0,0.7764,4962.0,9,0,1,0,,0
0.4082,40,0,0.3701,,8,0,0,0,0.0,0
2.0195,50,0,0.4525,4910.0,13,0,2,0,1.0,0
0.6334,42,0,0.4652,6922.0,6,0,3,0,1.0,0
0.1317,46,0,0.2813,3220.0,7,0,3,0,2.0,0
0.6005,32,0,0.241,5794.0,9,0,3,0,0.0,0
0.3547,64,0,0.3083,4595.0,15,0,0,0,1.0,0
1.4784,69,0,0.9649,2760.0,8,0,1,0,1.0,0
0.4477,51,0,0.596,6104.0,6,0,0,0,0.0,0
0.4474,51,0,0.0416,4132.0,12,0,0,0,1.0,0
0.4532,61,0,0.68,2264.0,8,0,1,0,4.0,0
0.0312,52,0,0.6423,7607.0,7,0,0,0,1.0,0
1.3334,76,0,0.6378,,8,0,1,0,0.0,1
0.4905,34,0,0.8074,,13,0,1,0,1.0,0
0.8045,64,0,0.418,9678.0,11,0,2,0,0.0,0
0.1098,50,0,0.5577,25204.0,8,0,0,0,3.0,0
3.7817,36,0,0.8302,,6,2,3,0,0.0,0
0.4635,83,0,0.1835,1717.0,12,0,2,0,0.0,0
0.4014,85,0,0.4219,,9,0,2,0,0.0,0
0.607,49,0,0.4244,3279.0,11,0,0,0,0.0,0
0.3014,58,0,0.6092,6531.0,5,0,2,0,1.0,0
0.0203,45,0,0.9544,,6,0,1,0,1.0,0
0.4526,48,0,0.9565,,3,0,0,0,0.0,0
0.3643,36,0,0.4785,42306.0,13,0,1,0,2.0,0
0.026,34,0,0.1534,13202.0,7,0,0,0,0.0,0
0.0842,78,0,0.9479,3608.0,4,0,0,0,2.0,0
0.7253,51,0,0.1726,7795.0,8,0,2,0,2.0,0
0.0442,53,0,0.8082,5204.0,8,0,0,0,3.0,0
0.501,41,0,0.7475,3439.0,14,0,1,0,0.0,1
0.7443,55,0,0.4839,6769.0,9,0,1,0,0.0,0
0.6226,31,0,0.1444,5946.0,19,0,1,0,0.0,0
0.1345,41,0,0.3181,1803.0,7,0,2,0,1.0,0
0.109,35,0,0.4661,5164.0,12,0,0,0,1.0,0
0.1831,70,0,0.7482,,7,0,0,0,1.0,0
3.8226,29,0,0.3417,7965.0,9,0,1,0,4.0,1
0.7565,35,0,0.8938,,10,0,0,0,3.0,0
0.5272,23,0,0.4335,23933.0,8,0,0,0,0.0,0
0.6544,40,0,0.2031,,4,0,1,0,2.0,0
1.6595,46,0,0.2171,5680.0,5,0,3,0,0.0,0
5.2545,66,0,0.2973,2438.0,12,0,2,0,0.0,0
0.368,49,0,0.2394,16397.0,4,0,2,0,2.0,0
0.3981,46,0,0.3902,4995.0,7,0,0,0,2.0,0
0.492,56,0,0.7756,9141.0,10,0,1,0,2.0,0
0.4233,46,1,0.133,5050.0,11,0,0,0,2.0,0
0.0391,86,0,0.2122,,14,0,1,0,0.0,0
0.4388,44,0,1.0675,,4,0,0,0,0.0,0
3.8135,58,0,0.4735,,3,0,1,0,2.0,0
0.5153,64,0,0.5245,7534.0,5,0,1,0,1.0,0
0.8022,43,0,0.0278,12053.0,6,0,1,0,1.0,0
3.2496,54,0,0.663,24960.0,6,0,1,0,0.0,0
0.2491,45,0,0.2863,5644.0,15,0,1,0,0.0,0
0.1107,56,0,0.3349,23613.0,8,0,1,0,0.0,0
0.5658,53,0,1.0469,5398.0,7,0,1,0,1.0,0
0.2615,50,0,0.4598,7779.0,5,0,0,0,1.0,0
0.768,36,0,0.2665,5084.0,8,0,2,0,1.0,0
0.0164,78,0,0.5314,,7,0,3,0,1.0,0
0.4452,60,0,0.2992,,8,0,2,0,0.0,0
2.5184,30,0,0.0603,8724.0,2,0,0,0,2.0,0
0.5007,46,0,0.6907,5760.0,9,0,1,0,0.0,0
0.1155,30,0,0.6585,,5,0,1,0,1.0,0
0.6977,63,0,0.1315,8333.0,8,0,2,0,2.0,0
0.8268,52,0,0.2553,5103.0,4,0,1,0,1.0,0
0.4196,52,0,0.7462,8266.0,7,0,0,0,2.0,0
0.1223,40,0,0.4309,6305.0,5,0,1,0,,0
1.1835,48,0,0.6462,21494.0,5,0,1,0,1.0,0
0.2361,63,0,0.8837,9452.0,11,0,2,0,2.0,0
0.2861,67,0,0.4565,22117.0,10,0,1,0,0.0,0
0.0156,64,0,0.7202,5676.0,4,0,2,0,0.0,0
6.5189,30,0,0.7499,2913.0,8,0,0,0,0.0,0
0.0963,49,0,0.2969,,6,0,2,0,0.0,0
0.2317,56,0,0.3531,3535.0,10,0,3,0,1.0,0
1.0645,42,0,0.1559,5768.0,9,0,1,0,0.0,0
0.1244,29,0,0.1791,9631.0,8,0,0,0,1.0,0
0.7582,34,0,0.3101,,10,0,0,0,1.0,0
0.4448,73,0,0.2065,4238.0,6,0,2,0,0.0,0
0.0362,35,0,0.0497,4403.0,6,0,3,0,0.0,0
0.6511,53,0,0.8485,,10,0,1,0,0.0,0
0.2212,50,0,0.3912,16720.0,8,0,2,0,0.0,0
0.0644,50,3,0.3567,,10,0,1,1,0.0,0
1.0971,48,0,0.2921,9163.0,11,0,3,0,0.0,0
1.0463,63,0,0.0328,3146.0,5,0,1,0,,0
4.1286,52,0,0.5816,6093.0,9,0,1,0,2.0,0
0.058,43,0,0.2107,3224.0,4,0,3,0,1.0,0
0.3275,53,0,0.5709,7561.0,4,0,0,0,2.0,0
4.763,34,0,0.2891,7198.0,9,0,0,0,0.0,0
1.4565,59,0,0.2292,1782.0,11,0,0,0,1.0,0
0.4593,42,0,0.4355,3892.0,11,0,1,0,1.0,0
0.1481,43,0,0.237,,7,0,2,0,1.0,0
2.4633,59,0,0.5064,2687.0,8,0,2,0,0.0,0
0.3719,46,0,0.4767,5367.0,6,0,1,0,3.0,0
0.8039,47,0,0.3246,,14,0,1,0,1.0,1
2.59,68,1,0.3828,4739.0,10,1,0,0,,0
0.0802,38,0,0.3931,2207.0,8,0,2,0,0.0,0
0.2349,59,0,0.2198,6789.0,8,0,1,0,1.0,0
3.977,65,0,0.493,6920.0,12,0,4,0,4.0,0
0.3574,68,0,0.8885,13658.0,11,0,0,0,1.0,0
0.179,82,0,0.6027,,10,0,2,0,0.0,0
0.2532,43,0,0.5774,12269.0,5,0,1,0,0.0,0
0.2641,40,0,0.8182,5815.0,16,0,2,0,0.0,0
0.1789,63,0,0.4605,7579.0,5,0,0,0,1.0,0
1.6612,65,0,0.2627,4448.0,7,0,0,0,1.0,0
0.0524,41,0,0.3505,,10,0,0,0,1.0,0
1.1345,59,0,0.5666,2858.0,8,0,1,0,0.0,0
0.1195,90,0,0.6591,5280.0,15,0,1,0,0.0,0
3.8189,53,0,0.364,7525.0,10,0,1,0,0.0,0
0.4867,65,0,0.2609,1756.0,7,0,2,0,0.0,0
0.4704,74,0,0.2181,10656.0,6,0,0,0,2.0,1
0.3231,87,0,0.3461,16185.0,6,0,1,0,0.0,0
3.2401,55,0,0.7665,3072.0,12,0,3,0,0.0,0
0.0802,70,0,0.8059,11405.0,9,0,2,0,0.0,0
0.931,41,0,0.2331,4944.0,6,0,1,0,1.0,0
0.538,52,0,0.3354,4673.0,4,0,1,0,,0
1.6585,46,3,0.5478,2760.0,6,0,1,1,1.0,0
0.0885,26,3,0.7545,3621.0,7,0,0,0,1.0,0
0.7292,30,0,0.6446,,12,0,1,0,0.0,0
0.0987,58,1,0.5586,1710.0,9,0,3,0,4.0,0
0.78,58,0,0.435,12901.0,12,0,1,0,3.0,0
0.2699,37,0,0.2482,,7,0,0,0,1.0,0
0.1347,74,0,0.4428,11099.0,6,0,1,0,1.0,0
0.0648,36,0,0.7522,4169.0,2,0,1,0,1.0,0
0.0236,56,0,0.3191,8131.0,3,0,1,0,1.0,0
0.2038,46,0,0.487,,6,0,0,0,0.0,0
0.265,53,0,1.1077,,10,0,1,0,1.0,0
0.0831,65,0,0.4481,1415.0,13,0,1,0,1.0,0
0.3009,63,0,0.1743,4112.0,11,0,0,0,0.0,0
0.2206,62,0,0.5929,9581.0,5,0,3,0,1.0,0
0.9384,60,3,0.4546,6133.0,6,0,0,1,2.0,0
0.8819,34,0,0.9202,9313.0,7,2,0,1,1.0,0
0.0855,68,0,0.4043,7856.0,2,0,0,0,0.0,0
3.3443,37,2,0.289,,10,0,1,1,,0
0.3156,51,0,0.6732,3124.0,5,0,0,0,0.0,0
0.3741,47,0,0.6032,3142.0,8,0,1,0,0.0,0
0.452,57,0,0.2565,6253.0,10,0,3,0,0.0,0
1.4543,45,0,0.1243,,9,0,2,0,1.0,0
0.1932,50,0,0.5821,4315.0,8,0,1,0,0.0,0
0.1708,75,0,1.0957,4519.0,8,0,1,0,0.0,0
0.8297,34,0,0.4162,4350.0,6,0,1,0,1.0,0
0.2751,52,0,0.5867,2564.0,7,0,0,0,1.0,0
0.3677,36,0,1.1675,7475.0,7,0,2,0,1.0,0
0.3165,61,0,0.2807,2106.0,6,0,1,0,0.0,0
0.2314,42,0,0.409,2817.0,8,0,0,0,0.0,0
0.4725,53,0,0.5744,5571.0,4,0,0,0,0.0,0
0.6726,33,0,0.0256,3384.0,9,0,1,0,0.0,0
1.3452,70,0,0.9305,4980.0,5,0,1,0,2.0,0
2.3444,53,0,0.1517,16429.0,2,0,0,0,3.0,0
0.2317,54,0,0.7662,12865.0,8,0,1,0,1.0,0
0.0456,64,0,0.9578,4452.0,11,0,1,0,0.0,0
0.1106,34,0,0.5698,8851.0,1,0,1,0,1.0,0
0.2384,43,0,1.0065,16994.0,7,0,1,0,0.0,0
0.8425,54,0,0.7495,6519.0,11,0,0,0,0.0,0
1.026,27,0,0.4639,2806.0,12,0,2,0,,0
2.7467,29,0,0.445,,8,0,1,0,0.0,0
0.0562,41,0,0.0651,10972.0,9,0,1,0,1.0,0
1.0296,36,0,0.1666,4793.0,5,0,0,0,0.0,0
0.2152,47,0,0.2522,6074.0,17,0,1,0,1.0,0
0.4729,59,0,0.4887,5833.0,4,0,4,0,0.0,0
0.1636,62,0,0.6718,,11,0,1,0,1.0,0
0.7968,77,0,0.7561,9041.0,6,0,1,0,0.0,0
1.8897,52,0,0.5154,2836.0,9,0,1,0,0.0,0
0.347,54,0,0.5966,7124.0,8,0,1,0,0.0,0
0.1704,52,0,0.4697,2277.0,5,0,0,0,1.0,0
1.4855,56,0,0.4805,2780.0,6,0,0,0,1.0,1
0.1352,58,0,0.7856,5198.0,9,0,0,0,1.0,0
0.6526,65,0,0.2596,11097.0,6,0,0,0,2.0,0
6.2182,65,0,0.7282,,11,0,3,0,0.0,0
0.5681,59,0,0.461,4405.0,6,0,1,0,0.0,0
0.1994,73,0,0.2845,15098.0,8,0,0,0,0.0,0
2.9116,52,1,0.2505,8716.0,4,0,1,1,1.0,0
0.6474,43,0,0.6667,,7,0,1,0,1.0,0
0.5488,46,0,0.3024,4832.0,3,0,1,0,2.0,1
0.1747,51,0,0.1826,6227.0,8,0,1,0,0.0,0
0.4752,37,0,0.5139,2801.0,14,0,1,0,0.0,0
0.1669,43,0,0.1401,4054.0,7,0,2,0,1.0,0
0.3563,36,0,0.1317,4232.0,6,0,1,0,0.0,0
0.2299,57,0,0.2669,3165.0,8,0,3,0,1.0,0
0.0331,57,0,0.8078,6166.0,10,0,0,0,2.0,0
2.4405,27,0,0.4426,3609.0,6,0,2,0,1.0,0
0.3166,43,0,0.0432,,7,0,1,0,1.0,0
0.3407,78,0,1.262,6423.0,4,0,0,0,3.0,0
0.711,61,0,0.2854,3919.0,9,0,2,0,1.0,0
0.1128,58,0,0.2224,17511.0,7,0,2,0,1.0,0
0.3043,43,0,0.3984,3577.0,3,0,2,0,0.0,0
1.1665,56,0,0.514,5293.0,13,0,2,0,0.0,0
1.0341,52,0,0.3531,,10,0,1,0,0.0,0
0.082,41,0,0.8497,18269.0,10,0,0,0,0.0,0
1.7199,45,1,0.2583,11940.0,8,0,1,0,1.0,0
1.4417,45,0,0.2225,3265.0,9,0,1,0,2.0,0
6.38,31,0,0.473,5968.0,8,0,0,0,1.0,0
0.5845,33,0,0.7406,2888.0,7,0,0,0,0.0,1
0.2561,49,0,0.8276,6885.0,11,0,1,0,1.0,0
0.5477,40,0,0.8753,10838.0,6,0,1,0,0.0,0
0.3538,48,0,0.9942,4043.0,6,0,1,0,0.0,0
0.4572,30,0,0.3377,6979.0,8,0,0,0,0.0,0
0.3939,63,0,0.1782,,13,0,2,0,1.0,0
0.194,81,0,0.4116,3878.0,9,0,1,0,0.0,0
0.1624,66,0,0.7505,11333.0,6,0,0,0,1.0,0
0.3705,68,0,0.2081,3206.0,11,0,1,0,1.0,0
0.0039,61,0,0.7929,1403.0,2,0,2,0,2.0,0
0.3162,56,0,0.7512,4002.0,9,0,2,0,0.0,0
0.2299,53,0,0.53,9048.0,6,0,0,0,0.0,0
0.7021,39,0,0.2776,4514.0,3,0,0,0,0.0,0
0.0934,62,0,0.147,6853.0,12,0,0,0,0.0,0
0.8493,61,0,0.739,2638.0,10,0,3,0,1.0,0
0.4803,46,0,0.3548,,12,0,1,0,0.0,0
2.171,59,0,0.6763,4877.0,4,0,3,0,1.0,0
2.0621,42,0,0.5026,2762.0,13,0,0,0,0.0,0
0.0846,43,0,0.6997,6897.0,9,0,0,0,0.0,0
0.346,63,0,0.9895,,7,0,0,0,0.0,0
0.8676,58,0,0.3966,7733.0,17,0,2,0,1.0,0
0.4372,49,1,0.7883,10456.0,12,1,3,0,0.0,0
0.6287,47,0,1.1032,4587.0,8,0,0,0,1.0,1
5.9007,54,0,0.3992,3230.0,9,0,0,0,2.0,0
2.3823,26,0,1.0018,6222.0,4,0,1,0,0.0,0
0.5904,41,0,0.2171,2539.0,12,0,1,0,1.0,0
0.1061,34,0,0.5045,,9,0,1,0,3.0,0
0.3266,52,0,0.6786,2602.0,9,0,0,0,1.0,0
0.3723,67,2,1.0754,10930.0,9,0,2,0,1.0,0
0.558,59,0,0.9007,,9,0,1,0,0.0,1
0.5234,45,0,0.6366,7220.0,7,0,0,0,1.0,0
0.3144,42,0,0.2541,,6,0,0,0,0.0,0
0.9482,41,0,1.081,1504.0,5,0,4,0,1.0,1
0.541,80,0,0.4752,3379.0,4,0,2,0,0.0,1
0.1168,53,0,0.5582,5843.0,10,0,1,0,1.0,0
0.5737,55,0,0.6344,6111.0,5,0,1,0,,0
0.36,22,0,0.3276,2227.0,15,0,1,0,2.0,0
2.8665,35,0,0.0676,,6,0,1,0,0.0,0
0.1359,51,2,0.4324,17344.0,3,0,1,0,1.0,0
0.5415,45,0,0.9709,16214.0,4,0,1,0,0.0,0
2.124,54,0,0.7361,,7,0,2,0,0.0,0
0.7255,54,0,0.2442,,3,0,0,0,1.0,0
0.0006,60,0,0.3224,8179.0,6,0,2,0,2.0,0
0.7798,26,0,0.597,3237.0,9,0,1,0,0.0,0
0.421,37,0,0.5609,11193.0,6,0,0,0,1.0,0
0.2379,51,0,0.457,18560.0,6,0,1,0,0.0,0
4.3664,43,0,0.3648,6213.0,11,0,1,0,,0
0.8812,48,0,0.6451,5040.0,11,0,1,0,0.0,1
0.3701,54,0,0.4047,,9,0,1,0,3.0,0
2.2881,42,0,0.4471,9671.0,8,0,3,0,1.0,0
1.7789,55,0,0.16,20601.0,12,0,1,0,0.0,0
0.1331,60,0,0.0371,34371.0,9,0,1,0,0.0,0
0.5038,53,0,0.9894,7292.0,8,0,5,0,0.0,0
0.5766,62,0,0.1021,7979.0,12,0,1,0,0.0,0
0.3758,22,0,0.2049,4611.0,6,0,1,0,0.0,0
0.2684,44,0,0.5287,3710.0,7,0,1,0,,0
0.7247,64,0,0.3838,,9,0,0,0,0.0,0
1.5159,40,0,0.1701,6886.0,11,0,0,0,0.0,0
0.4092,38,0,0.7155,6736.0,3,0,1,0,0.0,0
0.1537,50,0,0.6174,4509.0,13,0,2,0,0.0,0
0.176,52,0,0.5706,10770.0,11,0,2,0,1.0,0
0.118,45,0,0.5895,11375.0,14,0,1,0,0.0,0
0.2914,78,0,0.5605,3882.0,12,0,2,0,0.0,0
0.1774,56,0,0.6869,2514.0,6,0,0,0,0.0,0
0.3751,39,0,0.324,4305.0,9,0,0,0,0.0,0
0.1152,32,0,1.2747,3803.0,9,0,2,0,0.0,0
0.4814,58,0,0.1595,,11,0,0,0,1.0,0
0.0428,39,0,0.1803,,3,0,2,0,1.0,0
0.2209,82,0,0.4653,7967.0,8,0,2,0,1.0,0
0.3317,58,0,0.4441,6625.0,8,0,0,0,1.0,0
0.6639,60,0,0.5125,7754.0,8,0,0,0,2.0,0
0.0506,55,0,0.4104,,6,0,2,0,1.0,0
3.9374,68,0,0.3444,5209.0,11,0,0,0,0.0,0
0.7959,21,0,0.6839,7933.0,11,0,1,0,0.0,0
0.3954,35,0,0.8587,,9,0,1,0,1.0,0
0.5343,66,0,0.6739,4256.0,8,0,1,0,1.0,0
0.3607,73,0,0.1981,,7,0,2,0,0.0,0
0.1993,35,0,0.5438,4885.0,10,0,0,0,2.0,0
0.0952,27,0,0.2781,8954.0,5,0,1,0,1.0,0
0.0741,54,0,0.6571,5639.0,8,0,1,0,0.0,0
0.242,59,0,0.7624,6532.0,13,0,2,0,1.0,0
0.3481,54,0,0.3827,2434.0,3,0,0,0,0.0,0
0.2305,51,0,0.9718,10968.0,9,0,0,0,0.0,0
0.22,26,0,0.2559,1316.0,10,0,1,0,0.0,0
0.3842,47,0,0.3855,5797.0,13,0,0,0,0.0,0
0.2689,49,0,0.8162,14866.0,9,0,3,0,2.0,0
0.5265,44,0,0.1687,5040.0,9,0,0,0,1.0,0
0.1048,25,0,0.5023,,9,0,1,0,0.0,0
0.7422,60,0,1.2561,5041.0,6,0,0,0,0.0,0
0.6695,64,0,0.1842,2425.0,6,0,0,0,1.0,0
0.0281,41,0,0.0998,9159.0,6,0,0,0,1.0,1
0.5495,49,0,0.4876,,9,0,2,0,1.0,0
1.2317,45,0,0.7725,6390.0,6,0,2,0,1.0,0
0.3727,45,0,0.4916,,9,0,0,0,2.0,0
0.6941,59,0,0.5477,,8,0,2,0,0.0,0
0.4965,59,0,0.4261,4054.0,12,0,0,0,1.0,0
0.478,67,0,0.1656,2501.0,3,0,1,0,1.0,0
0.4343,67,0,0.1344,2154.0,9,0,1,0,2.0,1
1.2764,50,0,0.3419,,11,0,1,0,1.0,0
0.3579,92,0,0.6386,,6,0,0,0,1.0,0
0.8663,74,0,0.6949,8952.0,8,0,2,0,0.0,0
0.6334,43,0,0.5856,,7,0,2,0,0.0,1
0.2458,54,0,0.1238,5011.0,5,0,0,0,1.0,0
0.3678,24,0,0.1926,,14,0,1,0,1.0,0
0.1839,52,0,0.3753,9853.0,7,0,0,0,0.0,0
0.1333,75,0,0.1805,,6,0,2,0,1.0,0
1.1678,91,0,0.3335,6214.0,6,0,1,0,0.0,0
0.1368,50,0,0.7854,2893.0,14,0,1,0,1.0,0
0.2398,57,0,0.4186,7054.0,6,0,0,0,0.0,0
0.1608,60,0,0.7322,,9,0,1,0,1.0,0
0.2488,80,0,0.5475,8885.0,10,0,1,0,1.0,0
0.3314,38,0,0.3402,3177.0,9,0,0,0,4.0,0
6.1393,89,0,0.5697,4538.0,7,0,0,0,0.0,0
0.1045,48,0,0.3564,3790.0,15,0,0,0,0.0,0
2.4462,36,0,0.2889,4676.0,10,0,1,0,3.0,0
0.2757,48,0,0.3839,2609.0,9,0,1,0,1.0,0
0.9269,41,0,0.5795,7795.0,11,0,2,0,,0
0.4685,58,0,0.3851,7731.0,10,0,1,0,4.0,1
0.3868,29,0,0.0239,,7,0,1,0,1.0,0
0.8566,54,0,0.1128,5737.0,10,0,1,0,1.0,0
0.2652,61,0,0.498,,6,0,4,0,0.0,0
0.1017,73,0,0.7038,3909.0,6,0,1,0,2.0,0
0.0141,62,0,0.2861,18579.0,10,0,1,0,0.0,0
0.2891,72,0,0.2411,3205.0,4,0,2,0,0.0,0
0.1338,44,0,0.1005,3804.0,5,0,1,0,2.0,0
0.0641,58,0,0.7235,2573.0,7,0,1,0,0.0,0
0.4825,21,0,0.0968,8101.0,14,0,2,0,0.0,1
0.8865,50,0,0.6954,3603.0,6,0,1,0,0.0,0
3.3336,57,0,0.3654,6946.0,5,0,1,1,0.0,0
0.1192,59,0,0.1366,4625.0,7,0,2,0,0.0,0
0.3438,30,0,0.2654,7313.0,10,0,3,0,0.0,0
0.448,47,0,0.4474,6727.0,12,0,1,0,0.0,0
0.293,48,2,1.0165,4627.0,7,0,0,0,1.0,0
3.4811,46,0,0.4062,,5,0,1,0,0.0,0
0.6372,62,0,0.3681,8011.0,10,0,3,0,0.0,0
0.2852,49,0,0.813,4936.0,6,0,0,0,3.0,0
0.1556,53,0,0.0569,3268.0,12,0,0,0,0.0,0
0.4778,45,0,0.838,2566.0,6,0,0,0,1.0,0
4.1741,67,0,0.4095,,6,0,0,0,1.0,0
0.1654,68,0,0.3631,,8,0,1,0,2.0,0
2.5072,48,0,0.0964,,10,0,1,0,1.0,0
0.2292,92,0,0.5632,5804.0,4,0,0,0,2.0,0
0.737,41,0,0.5163,4492.0,10,0,1,0,1.0,0
0.5516,66,0,0.4246,4379.0,8,0,1,0,0.0,0
1.4807,39,0,0.618,6239.0,7,0,0,0,1.0,0
0.6803,63,0,0.3038,9479.0,13,0,0,0,0.0,0
0.2143,62,0,0.5287,,8,0,2,0,0.0,0
0.1142,38,0,0.3481,6925.0,9,0,0,0,1.0,0
3.8526,50,0,0.5929,,5,0,2,0,1.0,0
0.1582,78,0,0.141,1244.0,7,0,2,0,0.0,0
0.2925,41,0,0.5255,,4,0,1,0,3.0,0
0.0501,58,0,0.7712,2595.0,6,0,0,0,1.0,0
0.7008,57,0,0.9344,7038.0,5,0,0,0,1.0,0
0.0621,51,0,0.3263,3092.0,4,0,1,0,1.0,0
0.0458,28,0,0.6419,3852.0,7,0,2,0,0.0,0
0.0542,64,0,0.5627,7110.0,4,0,2,0,1.0,0
0.5204,52,0,0.2208,3567.0,12,0,1,0,1.0,0
0.1798,67,0,0.423,5289.0,9,0,0,0,0.0,0
0.0862,55,0,0.5738,2969.0,4,0,0,0,2.0,0
0.1222,53,0,0.4922,9439.0,5,0,3,0,0.0,0
0.047,57,0,0.4843,4077.0,10,0,1,0,0.0,0
11.0466,38,0,1.2543,,8,0,1,0,0.0,1
0.1535,74,0,0.4769,6025.0,7,0,0,0,3.0,0
3.0529,47,0,0.2277,5064.0,8,0,0,0,,0
1.0531,47,0,0.6822,,2,0,0,0,0.0,0
0.2698,70,0,0.4402,10849.0,10,0,1,0,3.0,0
0.0334,55,0,0.4065,6041.0,3,0,1,0,1.0,0
0.7173,49,0,0.0627,4033.0,9,0,0,0,0.0,0
0.1744,58,0,0.4182,4277.0,11,0,0,0,,0
0.1737,61,0,0.3628,7729.0,7,0,0,0,0.0,0
0.5765,50,0,0.2462,5593.0,7,0,0,0,1.0,0
1.6149,65,0,0.1449,6459.0,7,0,2,0,0.0,0
0.3071,34,0,0.0973,7867.0,10,0,1,0,0.0,0
1.8138,56,0,0.1329,,12,0,1,0,2.0,0
4.5928,63,0,0.614,4098.0,8,0,2,0,1.0,0
0.2246,61,0,0.7493,4501.0,9,0,0,0,1.0,0
0.8761,21,0,0.4927,6589.0,7,0,0,0,0.0,0
0.6691,50,0,0.471,,8,0,0,0,2.0,0
0.0264,35,0,0.8083,1519.0,7,0,1,0,1.0,0
2.5276,70,0,0.7385,7853.0,9,0,1,0,1.0,0
0.0071,47,0,0.864,6181.0,11,0,2,0,1.0,0
0.8697,68,0,0.535,5623.0,8,0,0,0,2.0,0
2.0664,35,0,0.459,,6,0,2,1,1.0,0
0.4422,57,0,0.6521,8240.0,7,0,1,0,2.0,0
1.3393,52,0,0.5558,9192.0,5,0,0,0,,0
0.1955,91,0,0.2786,8754.0,9,0,0,0,1.0,0
0.6914,68,0,0.2404,9858.0,12,0,1,0,1.0,0
0.6011,68,0,0.9935,10610.0,8,0,1,0,2.0,0
0.7443,80,0,0.1898,3810.0,6,0,2,0,1.0,0
0.1516,56,0,0.7433,4280.0,11,0,2,0,2.0,0
0.4554,51,2,0.2054,20676.0,5,1,2,0,0.0,0
0.6068,49,0,0.3726,5201.0,7,0,1,0,1.0,0
0.5439,57,0,0.3204,3952.0,13,0,1,0,2.0,0
0.1441,21,0,0.339,7544.0,2,0,1,0,0.0,0
0.612,52,0,0.5899,4265.0,14,0,3,0,3.0,0
0.0086,55,0,0.635,5669.0,9,0,0,0,1.0,0
0.0111,50,0,0.5219,1475.0,8,0,0,0,0.0,0
0.4033,31,0,0.6487,3663.0,6,0,3,0,0.0,0
0.3686,50,1,1.3884,3471.0,4,0,0,0,2.0,0
0.327,31,0,0.2667,12377.0,7,0,0,0,3.0,0
0.4501,77,0,0.9198,1192.0,13,0,2,0,1.0,1
0.4494,48,0,0.5721,10771.0,2,0,0,0,1.0,0
0.541,23,0,0.0643,8747.0,5,0,1,0,0.0,0
0.5022,49,0,0.3538,9418.0,6,0,0,0,1.0,0
2.3615,65,3,0.5851,3409.0,5,1,2,0,1.0,1
0.882,54,0,0.7944,7199.0,7,0,0,0,1.0,0
1.7214,39,0,0.351,15173.0,7,0,1,0,1.0,0
0.8261,43,0,0.5647,14342.0,8,0,0,0,1.0,0
0.3835,48,0,0.7734,,6,0,0,0,3.0,0
1.9547,46,0,0.2616,12570.0,8,0,1,0,0.0,0
2.813,34,0,0.3955,4270.0,9,0,2,0,0.0,0
0.4787,51,1,0.4751,,13,1,3,0,1.0,0
0.331,33,0,0.3989,2849.0,7,0,1,0,0.0,0
0.2559,65,0,0.4175,2672.0,5,0,2,0,1.0,0
0.0551,67,0,0.3628,,9,0,1,0,1.0,0
0.884,38,0,0.3291,8467.0,3,0,0,0,2.0,0
0.2114,42,0,0.5266,,4,0,0,0,2.0,0
0.5975,46,0,1.2085,4021.0,5,0,1,0,0.0,0
0.0714,52,0,1.0151,7064.0,3,0,1,0,1.0,0
0.6408,56,0,0.5771,1723.0,8,0,2,0,0.0,0
0.3549,58,0,0.6925,5831.0,13,0,1,0,0.0,0
0.9004,58,0,0.4102,4805.0,4,0,4,0,1.0,0
0.0743,74,0,0.5799,,8,0,1,0,1.0,0
0.4642,53,0,0.4922,5925.0,4,0,0,0,0.0,0
0.1157,34,0,0.4804,4559.0,7,0,5,0,2.0,0
0.2032,29,0,0.2222,,9,0,1,0,0.0,0
0.0122,75,0,0.1652,2862.0,9,0,1,0,2.0,0
0.2168,59,0,0.1269,,9,0,0,0,0.0,0
0.8761,55,0,0.1938,14382.0,8,0,0,0,1.0,0
0.1814,58,0,0.213,2128.0,10,0,2,0,0.0,0
0.141,54,0,0.8276,2911.0,6,0,0,0,,0
0.6185,58,0,0.1447,8864.0,10,0,0,0,1.0,0
1.0093,47,0,0.3828,,5,0,2,0,0.0,0
0.6199,67,0,0.6262,5168.0,9,0,0,0,2.0,0
0.7569,45,0,0.7572,11900.0,14,0,1,0,1.0,0
0.0236,39,0,1.0228,1335.0,7,0,0,0,1.0,0
0.3197,28,0,1.1212,11206.0,15,0,2,0,1.0,1
0.5594,49,0,0.3328,6495.0,7,0,2,0,0.0,0
0.8488,70,0,0.0504,18739.0,10,0,0,0,1.0,0
0.4056,46,0,0.4701,8283.0,7,0,4,0,1.0,0
0.5592,33,0,0.4412,4410.0,9,0,2,0,0.0,0
0.9203,56,0,0.9289,,11,0,1,0,1.0,0
0.0241,43,0,0.6647,4152.0,7,0,1,0,1.0,0
0.2831,74,0,0.3266,4501.0,14,0,1,0,0.0,0
1.2806,67,0,0.1494,5426.0,3,0,1,0,2.0,0
0.6065,34,0,0.1316,7227.0,6,0,1,0,2.0,0
0.5735,50,0,0.5574,,12,0,0,0,1.0,1
5.9735,41,0,0.6857,5346.0,5,0,0,0,1.0,0
0.2975,36,0,0.2707,9678.0,4,0,0,0,1.0,0
0.4348,51,0,0.1776,7619.0,9,0,0,0,4.0,0
0.0217,63,0,0.4562,10105.0,8,0,3,0,2.0,0
0.5395,51,0,0.4596,6239.0,7,0,0,0,0.0,0
0.6501,45,1,0.1574,3979.0,10,1,1,0,2.0,0
0.1088,21,0,0.6554,1538.0,5,0,0,0,0.0,0
1.7578,43,0,0.0746,6902.0,7,0,0,0,2.0,0
0.8357,60,2,1.0511,4874.0,13,0,0,0,2.0,0
0.815,33,0,0.7863,6129.0,12,0,0,0,2.0,0
6.069,70,0,0.4767,4768.0,6,0,1,0,0.0,0
0.4254,44,3,0.5897,,11,0,1,1,0.0,0
0.0598,55,0,0.0696,,7,0,0,0,0.0,0
0.3759,46,0,0.5999,5394.0,8,0,1,0,1.0,0
0.0518,36,0,0.7994,10097.0,4,0,1,0,1.0,0
1.3169,58,0,1.3032,9778.0,2,0,1,0,0.0,0
0.504,44,0,0.2662,9772.0,13,0,0,0,0.0,0
0.9273,40,0,0.9457,13264.0,9,0,0,0,1.0,0
0.3114,21,0,0.5986,3502.0,14,0,4,0,1.0,0
0.1296,70,0,0.1782,4037.0,12,0,0,0,0.0,0
0.1538,52,0,0.7876,6516.0,7,0,1,0,0.0,0
0.5159,67,0,0.6084,1723.0,9,0,2,0,0.0,0
0.997,61,0,0.5817,16139.0,10,0,0,0,0.0,0
2.5554,67,0,0.641,5565.0,4,0,2,0,3.0,0
0.1072,44,0,0.7824,2722.0,9,0,0,0,1.0,0
2.1837,33,0,0.6512,,10,0,1,0,0.0,0
0.0102,63,0,0.6836,4281.0,5,0,1,0,1.0,0
0.3511,54,1,0.1661,5356.0,10,0,3,2,0.0,0
0.0686,45,0,0.1917,11404.0,11,0,0,0,2.0,0
0.3041,62,0,0.4304,10557.0,9,0,3,0,1.0,0
0.3418,56,0,1.2927,13059.0,3,0,3,0,2.0,0
0.4585,61,0,1.1991,7393.0,14,0,1,0,2.0,0
3.0831,38,2,0.8455,2571.0,6,0,1,0,1.0,0
0.7014,66,0,0.3282,,8,0,1,0,1.0,0
0.3654,52,2,0.5689,6752.0,3,0,0,1,2.0,0
0.0657,67,0,1.0615,6478.0,12,0,2,0,0.0,0
0.0584,66,0,0.1832,4124.0,7,0,0,0,1.0,0
0.5204,62,0,0.7046,,11,0,0,0,0.0,0
0.5009,50,0,0.3586,3167.0,6,0,4,0,1.0,0
0.0626,62,0,0.4275,5756.0,6,0,0,0,1.0,0
0.5728,68,0,0.2127,3430.0,12,0,3,0,0.0,0
0.4449,60,0,0.5889,,10,0,0,0,0.0,0
0.4544,55,0,0.8017,13216.0,7,0,0,0,0.0,0
0.0367,62,3,0.517,3569.0,8,0,2,0,0.0,0
0.753,45,0,0.5803,3305.0,7,0,1,0,0.0,0
0.2812,73,0,0.5599,14253.0,10,0,1,0,0.0,0
0.9734,28,0,0.143,6561.0,7,0,1,0,1.0,0
1.0515,52,0,0.3117,2717.0,10,0,2,0,1.0,0
0.4944,46,0,0.2787,11777.0,12,0,1,0,4.0,0
3.416,43,0,0.6803,2268.0,4,0,4,0,,0
0.8233,56,0,0.2877,,6,0,0,0,1.0,0
2.2913,36,0,0.5181,8748.0,7,0,0,0,0.0,0
0.7322,82,0,0.9626,3842.0,10,0,3,0,2.0,0
0.0864,33,0,0.9297,3001.0,12,0,0,0,1.0,0
0.022,39,0,0.145,9460.0,6,0,2,0,0.0,0
0.4118,37,0,0.6215,2807.0,5,0,1,0,0.0,0
0.107,55,0,0.4514,8051.0,8,0,1,0,1.0,0
0.5675,66,0,0.3971,,5,0,0,0,1.0,0
0.592,59,0,0.1852,4925.0,4,0,1,0,1.0,0
0.3968,73,0,0.7333,4901.0,7,0,0,0,0.0,0
0.0191,40,0,0.5144,,9,0,1,0,1.0,0
0.2135,61,0,0.7775,3681.0,10,0,0,0,0.0,0
0.5064,48,0,0.487,3897.0,8,0,1,0,0.0,0
0.5823,55,0,0.7606,5355.0,6,0,0,0,1.0,0
0.4112,68,0,0.1898,5772.0,4,0,2,0,5.0,0
0.5157,28,0,0.3737,3610.0,7,0,3,0,0.0,0
0.6872,80,0,0.8217,17893.0,5,0,1,0,1.0,0
0.0427,50,0,0.2068,25054.0,8,0,0,0,0.0,0
0.0285,30,0,0.0469,5620.0,13,0,1,0,0.0,1
0.1157,42,0,0.8535,2358.0,6,0,2,0,2.0,0
0.1985,53,0,0.1409,3730.0,14,0,1,0,0.0,0
0.4535,42,0,0.1162,11686.0,11,0,3,0,0.0,0
0.1834,23,0,0.5455,7751.0,8,0,1,0,1.0,0
0.4224,53,0,0.9582,2569.0,7,0,0,0,0.0,0
1.0867,42,0,0.1528,4497.0,13,0,3,0,0.0,0
0.2296,61,1,0.597,2462.0,13,0,2,0,0.0,0
1.6553,37,0,0.5257,18936.0,11,0,0,0,1.0,0
3.9548,84,0,0.805,5751.0,4,0,1,0,0.0,0
0.0318,59,0,0.2276,12785.0,9,0,1,0,0.0,0
0.2353,55,0,0.3594,9598.0,16,0,2,0,0.0,0
0.5423,61,0,0.7627,6913.0,8,0,2,0,1.0,0
0.7068,26,0,0.4668,4890.0,6,0,1,0,4.0,1
0.3304,45,0,0.3258,6963.0,12,0,0,0,0.0,0
0.3318,77,0,0.4777,11219.0,4,0,1,0,1.0,0
0.5399,48,0,0.6196,9988.0,10,0,0,0,0.0,0
0.43,51,0,0.1332,,10,0,2,0,0.0,0
0.7386,45,0,0.4626,6545.0,10,0,0,0,0.0,0
0.4078,73,0,0.7041,9035.0,7,0,0,0,3.0,0
0.4123,49,0,0.6379,2301.0,7,0,1,0,1.0,0
0.3775,34,0,0.2831,1486.0,4,0,1,0,,0
0.0816,88,0,0.9965,3800.0,4,0,2,0,1.0,0
0.0626,33,0,0.5314,8291.0,8,0,3,0,0.0,0
1.741,51,0,0.1213,5127.0,3,0,2,0,1.0,0
5.1923,40,0,0.537,3061.0,10,0,0,0,1.0,1
1.4792,42,0,0.2778,5379.0,4,0,1,0,2.0,0
0.8042,37,0,0.2491,2431.0,4,0,0,0,1.0,0
0.326,44,0,0.7646,,12,0,2,0,1.0,0
0.0781,66,0,0.5683,1654.0,9,0,0,0,1.0,0
0.1918,25,0,0.8051,6908.0,6,0,4,0,0.0,0
0.5054,70,0,0.7986,5223.0,7,0,0,0,0.0,0
0.1216,67,0,0.5903,6176.0,8,0,0,0,3.0,0
0.0112,59,0,0.1269,7091.0,11,0,1,0,0.0,0
3.6337,54,0,0.1169,7155.0,9,0,0,0,0.0,0
0.2358,56,0,0.1223,7252.0,10,0,1,0,0.0,0
0.241,72,0,0.512,,10,0,2,0,1.0,0
0.0579,28,0,0.6904,,11,0,0,0,1.0,0
0.5041,62,0,0.607,,6,0,0,0,0.0,0
0.2253,42,0,0.4393,2030.0,6,0,2,0,2.0,0
0.218,64,0,0.5993,9212.0,12,0,2,0,0.0,0
0.0643,43,0,0.0367,8639.0,10,0,1,0,3.0,0
0.1211,62,0,0.2868,5448.0,14,0,0,0,1.0,0
0.1202,30,0,0.6349,1074.0,4,0,1,0,0.0,0
0.3906,28,0,0.7679,3383.0,9,0,0,0,0.0,0
0.2189,50,0,0.469,2473.0,7,0,2,0,0.0,0
0.0069,72,0,0.265,,12,0,1,0,1.0,0
0.1833,60,0,0.7037,6975.0,8,0,2,0,0.0,0
0.4726,59,0,0.3451,6964.0,15,0,2,0,1.0,0
0.5698,64,0,0.2724,2274.0,9,0,1,0,0.0,0
0.0861,46,0,0.9549,1799.0,6,0,1,0,2.0,0
0.6068,61,0,0.1402,3769.0,11,0,0,0,0.0,1
0.6725,44,0,0.6482,,4,0,0,0,0.0,0
2.3978,48,3,0.9835,6805.0,5,1,0,0,,0
0.1524,49,0,0.4617,9292.0,9,0,0,0,0.0,0
0.445,44,0,0.9777,,5,0,0,0,0.0,0
0.0477,51,0,0.6527,5897.0,18,0,0,0,1.0,0
1.1464,48,0,0.5954,5392.0,10,0,1,0,0.0,0
0.6392,42,0,0.4973,4696.0,5,0,2,0,1.0,0
0.4723,50,0,0.9063,4408.0,9,0,0,0,2.0,0
0.5147,54,0,0.1129,,3,0,0,0,,0
0.7407,37,0,0.2388,8054.0,11,0,0,0,1.0,0
0.0555,58,0,0.0885,3983.0,10,0,0,0,0.0,0
0.1517,45,0,0.3337,,9,0,0,0,,0
0.8617,55,0,0.8949,2584.0,5,2,2,0,1.0,0
0.137,43,0,0.5075,4750.0,13,0,0,0,1.0,0
0.6384,67,0,0.9408,5507.0,6,0,2,0,0.0,0
0.6373,65,0,0.5943,10111.0,11,0,1,0,4.0,0
0.5378,37,0,0.4207,,5,0,0,0,0.0,0
0.3777,59,0,0.9482,3164.0,11,0,0,0,0.0,0
1.3966,72,0,0.6773,1729.0,13,0,0,0,1.0,0
0.4475,39,0,0.4393,5544.0,6,0,0,0,0.0,0
0.0471,40,0,0.1821,6858.0,9,0,1,0,3.0,0
1.8735,62,0,0.6046,5288.0,5,0,3,0,0.0,1
0.4476,34,0,0.2737,,2,0,2,0,2.0,0
0.7346,41,0,0.7551,4874.0,7,0,0,0,1.0,0
1.9244,38,0,0.6778,,5,0,5,0,0.0,0
1.6936,62,0,0.6885,5357.0,10,0,1,0,2.0,0
3.1733,42,0,0.5143,2110.0,9,0,3,0,,1
0.1182,48,0,0.9344,8731.0,10,0,0,0,0.0,0
0.0752,42,0,0.2676,,8,0,1,0,0.0,0
0.0665,68,0,1.1844,7503.0,7,0,1,0,0.0,0
0.1216,40,2,0.739,5855.0,12,0,0,0,3.0,0
3.6015,32,0,0.0863,4800.0,8,0,3,0,1.0,0
1.1084,32,0,0.2498,6107.0,7,0,1,0,1.0,0
0.9234,62,0,0.5051,20325.0,13,0,1,0,0.0,0
0.5135,63,0,0.86,4130.0,7,0,2,0,0.0,0
0.8906,69,0,0.8446,3877.0,9,0,1,0,0.0,0
0.0906,34,0,0.6857,2596.0,11,0,2,0,2.0,0
0.0682,49,0,0.6872,1902.0,11,0,2,0,,0
0.2866,86,0,0.1787,3024.0,9,0,1,0,0.0,0
0.3904,48,0,0.443,1719.0,6,0,1,0,3.0,0
0.139,44,0,0.6294,4147.0,7,0,1,0,1.0,0
1.1977,52,0,0.596,3086.0,7,0,0,0,1.0,0
0.0349,59,0,0.2018,,7,0,2,0,1.0,0
0.1997,59,0,0.7492,6448.0,7,0,2,0,0.0,0
1.0227,43,0,0.7054,5700.0,2,0,1,0,1.0,0
1.6569,44,0,0.6258,6345.0,6,0,1,0,0.0,0
0.0955,48,0,0.3174,4163.0,10,0,1,0,2.0,0
0.6701,42,0,0.1312,4302.0,10,0,1,0,1.0,1
0.404,35,0,0.0676,,4,0,1,0,0.0,0
0.487,77,0,0.22,15240.0,6,0,1,0,0.0,0
0.5438,46,0,0.4103,,4,0,1,0,1.0,0
0.8721,47,0,0.3356,1983.0,7,0,2,0,1.0,0
0.1812,48,0,1.0821,,9,0,1,0,1.0,0
0.1106,51,0,0.093,3960.0,11,0,2,0,0.0,0
0.5107,58,0,0.457,11896.0,6,0,0,0,1.0,0
0.7352,45,0,0.5185,2158.0,9,0,0,0,1.0,0
0.4231,68,0,0.8015,2570.0,5,0,0,0,2.0,1
0.3624,60,0,0.5469,3250.0,9,0,1,0,0.0,0
9.7479,49,0,0.1294,4342.0,9,0,2,0,0.0,0
5.1312,43,0,0.6108,8722.0,5,0,0,0,1.0,0
1.2664,67,0,0.9433,13058.0,9,0,1,0,1.0,0
0.5594,50,0,0.6753,9738.0,10,0,1,0,0.0,0
0.0084,35,0,0.4261,,5,0,2,0,0.0,0
0.3961,66,0,0.2237,5005.0,5,0,0,0,0.0,0
0.7502,42,0,0.5459,,1,0,0,0,0.0,1
0.1062,64,0,0.9263,5483.0,3,0,3,0,1.0,0
4.0155,21,0,0.8307,,5,0,1,0,1.0,1
1.1709,47,0,0.447,5948.0,9,0,0,0,1.0,0
2.9031,68,0,0.0491,,14,0,2,0,1.0,0
0.7636,52,0,0.6135,2194.0,6,0,0,0,1.0,0
0.4309,60,0,0.172,5359.0,8,0,0,0,0.0,0
0.0887,39,0,0.2253,1678.0,7,0,0,0,1.0,0
0.6672,57,0,0.6626,11553.0,9,0,1,0,0.0,0
0.256,52,0,0.2781,14339.0,13,0,1,0,1.0,0
0.0782,55,0,0.6398,5055.0,10,0,0,0,2.0,0
0.4861,81,0,0.4919,7035.0,5,0,4,0,0.0,0
0.4787,70,0,0.1987,6620.0,8,0,1,0,1.0,0
0.7387,63,0,0.6925,2944.0,17,0,1,0,1.0,0
0.6611,63,0,0.1254,,7,0,0,0,0.0,0
0.2574,39,0,0.6107,,4,0,2,0,0.0,0
6.1675,45,0,0.3205,4493.0,9,0,1,0,0.0,0
0.0079,31,0,0.6463,5085.0,11,0,0,0,2.0,0
0.3809,34,0,0.0886,4503.0,9,0,0,0,0.0,0
0.0875,40,0,0.3451,12396.0,7,0,1,0,0.0,0
0.2886,52,0,0.2072,2798.0,7,0,3,0,1.0,0
0.1517,35,0,0.6629,21897.0,10,0,0,0,0.0,0
0.8506,51,0,0.1163,3670.0,8,0,2,0,0.0,0
1.7524,50,0,0.135,,7,0,0,0,,0
0.1538,36,0,0.6671,,10,0,2,0,2.0,0
4.5568,73,0,0.5589,8473.0,3,0,0,0,0.0,0
1.2279,33,0,0.6503,6117.0,8,0,0,0,0.0,0
0.2035,68,0,0.6207,2312.0,10,0,1,0,,0
0.2954,21,0,0.721,5191.0,8,0,2,0,1.0,0
0.5232,50,0,0.8151,,12,0,0,0,0.0,0
0.093,35,0,0.5862,2181.0,13,0,2,0,1.0,0
0.2155,43,0,0.967,,10,0,1,0,1.0,0
0.4419,77,0,0.888,,7,0,1,0,1.0,0
0.9738,47,0,0.4128,7610.0,12,0,1,0,1.0,0
0.4561,37,0,0.8636,7758.0,7,0,1,0,,0
0.4427,59,0,0.3726,7638.0,9,0,1,0,2.0,0
0.4814,47,0,0.2009,2802.0,8,0,2,0,0.0,0
0.2958,54,0,0.6143,4988.0,7,0,3,0,,0
0.7733,39,0,0.5011,2477.0,7,0,1,0,2.0,1
1.6275,40,0,0.2087,2119.0,15,0,2,0,1.0,0
0.3195,41,0,1.0327,3867.0,9,0,1,0,1.0,0
0.179,63,0,1.3258,6416.0,4,0,1,0,1.0,0
0.145,49,0,0.6141,3308.0,10,0,1,0,1.0,0
0.8923,37,0,0.4804,6875.0,9,0,1,0,1.0,0
1.4656,54,0,0.7371,6049.0,11,0,3,0,2.0,0
0.5708,53,1,0.2658,,5,0,0,1,2.0,0
0.4428,60,0,0.4265,1494.0,7,0,2,0,1.0,0
0.7974,45,0,0.6335,3130.0,10,0,0,0,1.0,0
0.9323,51,0,0.2047,,9,0,1,0,1.0,0
0.208,58,0,0.4728,,8,0,0,0,1.0,0
0.6411,38,0,0.9804,2336.0,9,0,3,0,0.0,0
0.4914,64,0,0.2079,2362.0,3,0,0,0,0.0,0
0.6552,52,0,0.2508,8209.0,10,0,0,0,5.0,0
0.0749,37,0,0.6671,4238.0,5,0,1,0,1.0,0
2.3258,36,0,0.4386,3981.0,11,0,0,0,1.0,0
1.0249,51,0,0.5223,9860.0,6,0,3,0,4.0,0
0.0735,44,0,0.3039,5366.0,11,0,1,0,0.0,0
0.2275,63,0,0.462,11786.0,5,0,2,0,1.0,0
1.0439,48,0,0.2839,,13,0,2,0,1.0,0
0.3206,56,0,0.5749,,12,0,0,0,1.0,0
0.5524,40,0,0.0879,5701.0,9,0,2,0,1.0,0
0.9208,52,0,0.1138,2480.0,14,0,3,0,0.0,0
0.1526,70,0,0.2018,8374.0,6,0,1,0,1.0,0
0.8966,50,0,0.08,3562.0,9,0,0,0,0.0,0
0.7417,44,0,0.6999,,6,0,4,0,1.0,0
0.2397,40,0,0.2548,8422.0,10,0,2,0,0.0,0
2.0156,52,0,0.3613,8003.0,6,0,2,0,0.0,0
0.1393,72,0,0.0901,,8,0,0,0,2.0,0
0.6854,33,0,0.3149,4760.0,8,0,1,0,1.0,0
0.613,51,0,0.5309,2019.0,11,0,0,0,0.0,0
0.0882,28,0,0.6049,7483.0,12,0,1,0,0.0,0
0.8524,46,0,0.7658,15706.0,7,0,1,0,0.0,0
0.2361,56,0,1.0972,7183.0,6,0,3,0,0.0,0
2.471,30,4,0.596,,5,0,0,0,1.0,0
0.0381,46,0,0.4111,4387.0,9,0,2,0,0.0,0
0.2623,56,0,0.3261,4097.0,14,0,1,0,1.0,0
0.4275,54,0,0.3421,6830.0,10,0,2,0,0.0,0
0.3968,57,0,0.2931,22902.0,6,0,2,0,3.0,0
0.1596,38,0,0.8775,5137.0,11,0,0,0,0.0,0
0.3884,56,0,0.1753,,5,0,1,0,1.0,0
0.0932,44,0,0.3163,4707.0,11,0,5,0,1.0,0
0.1278,62,0,1.0011,,5,0,0,0,0.0,0
0.2599,21,0,0.2249,3031.0,3,0,0,0,1.0,0
1.5178,48,0,0.7261,2195.0,11,0,0,0,2.0,0
0.801,53,0,0.0482,7732.0,9,0,0,0,0.0,0
0.8321,71,0,0.9459,6322.0,8,0,1,0,0.0,0
0.5125,53,0,0.6905,,7,0,1,0,0.0,0
0.0061,55,0,0.7227,3315.0,6,0,0,0,0.0,0
0.0053,57,0,0.2594,3432.0,9,0,0,0,1.0,0
0.3075,70,0,0.4301,8011.0,12,0,2,0,0.0,0
0.1195,47,0,1.2107,3104.0,12,0,0,0,0.0,0
1.2779,32,0,0.9664,7026.0,9,0,3,0,0.0,0
0.1221,30,0,0.5387,9846.0,7,0,1,0,0.0,0
2.0363,61,0,0.4496,2705.0,3,0,2,0,1.0,0
0.8692,55,0,0.8953,5540.0,5,0,0,0,0.0,0
0.7254,48,0,0.3169,4290.0,11,0,1,0,1.0,0
0.0816,44,0,0.2282,4794.0,5,0,1,0,1.0,0
0.2022,55,0,0.8861,2626.0,9,0,2,0,2.0,0
0.4015,55,0,0.4461,7031.0,11,0,2,0,0.0,0
0.3267,59,0,0.1978,2944.0,8,0,3,0,,0
0.3431,36,0,0.0636,6918.0,9,0,0,0,0.0,0
0.0122,27,0,0.609,4836.0,8,0,0,0,1.0,0
0.3266,39,0,0.5827,2559.0,4,0,1,0,1.0,0
0.4615,33,0,0.5809,4203.0,11,0,0,0,2.0,0
0.8145,32,4,0.3913,3929.0,4,0,1,0,,0
1.0597,74,0,0.7269,9532.0,8,0,1,0,0.0,0
1.1397,21,0,0.5156,2805.0,8,0,2,0,1.0,1
0.1557,59,0,0.1582,4023.0,10,0,4,0,0.0,0
0.7429,65,0,0.3972,,14,0,1,0,,0
5.1573,66,0,0.5619,2991.0,9,0,1,0,0.0,0
0.6274,56,0,0.2861,8417.0,8,0,1,0,1.0,0
0.5975,70,0,0.2918,,8,0,0,0,0.0,0
0.5396,77,0,0.201,6705.0,6,0,1,0,2.0,0
1.0435,48,0,0.399,12820.0,6,0,0,0,2.0,0
1.1062,58,0,0.7267,,4,0,1,0,0.0,0
0.1831,70,0,0.7562,18309.0,6,0,1,0,,0
0.4667,40,1,0.0918,,17,0,1,2,0.0,0
1.1051,49,0,0.8306,,13,0,0,0,1.0,1
3.0487,43,0,0.6771,2651.0,13,0,0,0,0.0,1
0.4078,58,0,0.0771,10551.0,12,0,3,0,0.0,0
1.133,25,3,0.3817,2250.0,4,1,1,0,2.0,0
0.4223,72,0,0.6755,11729.0,8,0,1,0,2.0,0
0.8393,59,0,0.5455,6111.0,11,0,2,0,2.0,0
0.9405,60,0,1.2146,7200.0,6,0,0,0,0.0,0
0.02,21,0,0.5389,,6,0,2,0,1.0,0
0.3636,37,0,0.498,3044.0,4,0,4,0,2.0,0
0.0034,73,0,0.6371,1683.0,4,0,1,0,1.0,0
0.1852,50,0,0.2632,10605.0,7,0,0,0,0.0,0
0.4077,28,0,0.8433,5052.0,10,0,1,0,0.0,0
0.4816,55,0,0.4025,4316.0,8,0,0,0,0.0,0
0.4857,62,0,0.4285,9732.0,11,0,0,0,1.0,0
0.2913,59,0,0.4895,,5,0,0,0,1.0,0
3.0024,50,0,0.992,14408.0,7,0,1,0,1.0,0
0.9856,68,0,0.8133,4333.0,6,0,2,0,1.0,0
0.1818,42,0,0.4155,6072.0,12,0,0,0,1.0,0
0.4249,60,0,0.5531,12294.0,7,0,1,0,1.0,0
2.8297,54,0,1.0824,6405.0,10,0,2,0,0.0,0
0.3918,50,0,0.081,5584.0,12,0,1,0,1.0,0
0.559,47,0,0.1933,4196.0,13,0,0,0,2.0,0
0.3172,47,0,0.2103,8337.0,11,0,1,0,2.0,0
0.9465,52,0,0.1874,,10,0,2,0,2.0,0
0.7537,48,0,0.3193,6690.0,7,0,2,0,0.0,0
1.8738,62,0,0.636,6860.0,5,0,1,0,0.0,0
1.0697,44,0,0.561,2032.0,6,0,0,0,0.0,0
0.2171,74,0,0.2183,4786.0,9,0,1,0,0.0,0
0.138,44,0,0.3331,,8,0,2,0,1.0,0
0.6179,65,1,0.2311,,14,0,1,1,,0
2.2992,65,0,0.0979,,5,0,0,0,0.0,0
0.8955,54,0,0.3483,13063.0,7,0,2,0,0.0,0
0.4754,53,0,0.3998,4357.0,13,0,1,0,0.0,0
0.0929,42,0,0.299,6187.0,9,0,2,0,,0
0.1104,45,0,0.8707,6878.0,6,0,3,0,1.0,0
0.1052,55,0,0.1984,4380.0,7,0,2,0,1.0,0
0.0619,51,0,0.2758,7131.0,8,0,0,0,1.0,0
1.0294,69,0,0.6807,,6,0,1,0,0.0,0
0.2357,46,0,0.321,4864.0,6,0,1,0,0.0,0
0.0719,46,0,0.1685,7313.0,7,0,2,0,0.0,0
0.3035,29,0,0.3258,6741.0,12,0,2,0,1.0,0
4.2616,61,0,0.6205,,7,0,0,0,1.0,0
0.2964,60,0,0.3175,,9,0,2,0,0.0,0
0.6827,66,0,0.1757,5581.0,4,0,1,0,,0
0.3322,66,0,0.2487,2433.0,6,0,2,0,1.0,0
0.4211,63,0,0.5258,3756.0,11,0,1,0,0.0,0
0.7171,64,0,0.4772,2748.0,6,0,1,0,1.0,0
0.4354,61,2,0.3788,,11,1,1,2,0.0,0
0.266,63,0,0.595,2761.0,10,0,2,0,0.0,0
0.4606,26,0,0.4873,5877.0,13,0,0,0,0.0,0
0.7167,37,0,0.9632,5989.0,9,0,0,0,0.0,0
8.4398,34,0,0.5802,2773.0,5,0,0,0,1.0,0
0.5511,70,0,0.2138,10329.0,15,0,1,0,1.0,0
0.1176,41,0,0.2147,5211.0,6,0,1,0,0.0,0
0.0797,43,0,0.1301,9632.0,9,0,2,0,0.0,0
0.7016,52,0,0.6399,8937.0,4,0,2,0,1.0,0
0.0841,35,0,0.6583,6410.0,6,0,2,0,1.0,0
0.3434,57,0,0.923,10260.0,4,0,1,0,0.0,0
0.3027,22,0,0.5652,2162.0,11,0,0,0,0.0,0
0.4972,36,0,0.5424,6440.0,9,0,0,0,0.0,0
5.8907,55,0,0.2611,17625.0,10,0,1,0,0.0,0
0.2766,35,0,0.3356,6469.0,12,0,2,0,1.0,0
3.2512,70,0,0.2422,1734.0,8,0,1,0,0.0,0
0.1927,53,0,0.6733,3025.0,2,0,1,0,0.0,0
0.6134,68,0,0.8022,2710.0,3,0,3,0,0.0,0
0.2879,57,0,0.6372,5235.0,10,0,3,0,,0
0.2344,52,0,0.1485,4939.0,9,0,1,0,1.0,0
0.6807,38,0,0.2055,8723.0,4,0,1,0,0.0,0
0.8138,65,0,0.2965,2014.0,1,0,0,0,3.0,0
0.1315,58,0,0.8253,3499.0,11,0,1,0,2.0,0
0.3997,81,0,0.5381,,11,0,2,0,0.0,0
0.1564,64,0,0.2768,4090.0,12,0,0,0,2.0,0
0.0146,46,0,0.9254,4592.0,10,0,0,0,1.0,0
0.0238,56,0,0.4397,2865.0,6,0,0,0,1.0,0
0.0516,58,0,0.245,4049.0,4,0,1,0,3.0,0
0.5806,68,0,0.0929,,13,0,1,0,1.0,0
0.3664,71,0,1.0374,5354.0,7,0,3,0,1.0,0
0.1852,50,0,0.9646,2561.0,8,0,1,0,2.0,0
2.1112,35,0,0.573,1965.0,9,0,3,0,0.0,0
0.7466,26,0,0.2473,10248.0,7,0,1,0,1.0,0
1.2064,36,0,0.4374,,9,0,1,0,0.0,0
0.535,44,0,0.4483,,6,0,2,0,0.0,0
0.1676,73,0,0.7711,2281.0,13,0,1,0,0.0,0
0.0191,73,0,0.2119,5515.0,5,0,2,0,0.0,0
0.1409,65,0,0.3262,2489.0,12,0,0,0,0.0,0
0.7387,69,0,0.8244,2363.0,4,0,1,0,0.0,0
0.9112,42,0,0.2474,4086.0,5,0,1,0,0.0,0
0.6228,31,0,0.2458,17037.0,3,0,2,0,0.0,0
0.0473,38,0,0.3608,2759.0,7,0,1,0,1.0,0
0.4737,24,0,0.6629,8683.0,9,0,0,0,1.0,0
0.1809,36,0,0.3539,,5,0,2,0,2.0,0
1.5759,45,0,0.5941,6593.0,6,0,0,0,1.0,0
0.8016,54,0,1.0278,9051.0,6,0,2,0,2.0,0
0.1976,54,0,0.2617,6654.0,15,0,0,0,,0
0.4942,42,0,0.6488,6715.0,5,0,1,0,1.0,0
0.8506,60,0,0.4617,6597.0,10,0,2,0,1.0,0
0.0702,43,0,0.1013,,11,0,1,0,3.0,0
0.6199,52,0,0.7265,5014.0,10,0,0,0,1.0,0
0.4899,36,0,0.2093,,8,0,3,0,0.0,0
0.7078,67,0,0.3088,2409.0,5,0,0,0,0.0,0
0.3735,52,0,0.4443,26771.0,7,0,0,0,0.0,0
0.2029,62,0,0.1415,10775.0,12,0,1,0,0.0,0
0.3394,35,0,0.7438,,10,0,1,0,0.0,0
1.9266,54,0,0.3587,2471.0,10,0,0,0,2.0,0
2.1558,60,3,0.3864,4550.0,11,0,0,0,1.0,0
2.5688,23,0,0.942,3468.0,12,0,0,0,0.0,1
0.7538,68,0,0.1765,,11,0,1,0,1.0,0
1.4416,35,0,0.5127,8605.0,10,0,0,0,0.0,0
0.3169,55,0,0.9653,11539.0,9,0,1,0,0.0,0
0.0804,77,0,0.3966,4494.0,8,0,1,0,0.0,0
0.7608,65,0,0.431,3142.0,14,0,1,0,1.0,0
0.2273,31,0,0.2799,1401.0,8,0,2,0,0.0,0
0.8157,50,0,0.5406,,12,0,1,0,0.0,0
1.2281,69,0,0.4084,6250.0,9,0,2,0,2.0,0
0.1248,41,0,0.8684,,13,0,0,0,1.0,0
0.211,47,0,0.782,4217.0,10,0,1,0,1.0,0
0.8952,47,0,0.1129,,3,0,0,0,0.0,0
0.1829,60,0,1.0106,8149.0,5,0,0,0,1.0,0
0.856,30,2,0.2944,3418.0,8,0,1,1,0.0,0
0.6685,61,0,0.6543,3759.0,12,0,1,0,0.0,0
1.6209,43,0,0.3134,7047.0,10,0,0,0,0.0,0
0.0274,52,0,0.3276,3969.0,9,0,0,0,0.0,0
0.2703,49,0,0.5453,8749.0,6,0,1,0,1.0,0
0.0007,60,0,0.0925,,4,0,3,0,0.0,0
0.322,52,0,0.4737,1950.0,5,0,0,0,0.0,0
4.133,72,0,0.7292,3556.0,6,0,0,0,1.0,1
0.3249,66,0,0.4951,5759.0,7,0,1,0,1.0,0
0.2465,41,0,0.504,3875.0,11,0,0,0,1.0,0
0.6817,71,0,0.5929,9975.0,6,0,0,0,0.0,0
0.6788,56,0,0.2729,4708.0,7,0,1,0,2.0,0
0.6596,54,0,0.7007,4839.0,4,0,0,0,1.0,0
0.52,64,0,0.4881,5933.0,1,0,3,0,0.0,0
6.0087,37,4,0.6605,6543.0,9,0,6,0,3.0,0
0.8135,33,2,0.3384,2472.0,10,0,3,2,0.0,0
0.428,52,0,0.0655,3359.0,9,0,2,0,1.0,0
3.5691,44,0,0.0502,3805.0,5,0,1,0,0.0,1
3.4813,81,0,0.2136,1633.0,14,0,2,0,0.0,0
0.3172,41,0,1.1028,1796.0,5,0,1,0,0.0,0
0.3501,53,0,0.4423,,7,0,1,0,1.0,0
0.6816,55,0,0.6145,4083.0,9,0,1,0,0.0,0
0.01,69,0,0.7224,2980.0,11,0,2,0,1.0,0
0.4065,38,0,0.3765,11906.0,8,0,2,0,0.0,0
1.2486,29,0,0.492,2121.0,8,0,2,0,0.0,1
0.3385,72,0,0.7091,1087.0,11,0,0,0,0.0,0
6.2732,53,0,0.9005,3276.0,5,0,0,0,0.0,0
0.6972,63,0,1.1972,4181.0,11,0,0,0,0.0,1
0.6945,64,0,0.7089,9033.0,10,0,0,0,1.0,0
0.6103,66,0,0.1935,6070.0,5,0,0,0,1.0,0
0.6936,47,0,0.7953,2186.0,9,0,1,0,0.0,0
0.2466,43,0,0.031,,8,0,2,0,0.0,0
4.5709,24,0,0.2497,,5,0,3,0,0.0,0
0.4257,38,0,0.4087,10042.0,6,0,1,0,0.0,0
0.6894,53,0,0.5517,3732.0,7,0,0,0,0.0,0
1.3601,42,0,0.1617,2114.0,9,0,1,0,0.0,0
0.6915,36,0,0.5449,9459.0,6,0,0,0,3.0,0
0.0836,53,0,0.1903,8513.0,10,0,1,0,1.0,0
0.2248,71,0,0.307,18381.0,8,0,2,0,0.0,0
0.0584,51,0,0.1562,5107.0,10,0,1,0,0.0,0
0.4213,36,0,0.2071,,7,0,2,0,0.0,0
0.1812,70,0,0.1454,13614.0,6,0,2,0,0.0,0
0.5609,41,0,0.5657,11718.0,8,0,0,0,1.0,0
0.0283,73,0,0.5139,8422.0,5,0,1,0,0.0,0
0.3463,48,0,0.504,17209.0,7,0,2,0,0.0,0
0.0432,53,0,0.2694,3397.0,6,0,2,0,1.0,0
0.075,74,0,0.6017,3915.0,9,0,0,0,0.0,0
0.0507,33,0,0.6424,6174.0,4,0,0,0,0.0,0
0.073,37,0,0.8943,4825.0,6,0,1,0,0.0,0
0.3983,47,0,0.4822,,9,0,0,0,0.0,0
0.7739,50,0,1.1861,6251.0,12,0,2,0,2.0,0
0.3048,89,0,0.9506,9088.0,8,0,0,0,1.0,0
2.5665,40,0,0.0456,3892.0,13,0,2,0,4.0,0
0.1222,34,0,0.3494,1089.0,11,0,1,0,0.0,0
0.466,39,0,0.1914,8137.0,7,0,0,0,1.0,0
0.5122,55,0,0.6392,6186.0,8,0,0,0,1.0,0
0.0784,59,0,0.376,6526.0,4,0,2,0,1.0,0
0.3444,42,0,0.2839,4472.0,2,0,3,0,1.0,0
0.0255,52,0,0.5527,9596.0,10,0,2,0,0.0,0
0.2288,79,0,0.0928,10762.0,5,0,1,0,1.0,1
0.6229,52,0,0.2038,5409.0,9,0,0,0,0.0,0
0.5474,56,0,0.2264,10150.0,11,0,2,0,3.0,0
0.2358,78,0,0.4909,,7,0,0,0,,0
0.5756,42,0,0.139,5500.0,1,0,0,0,1.0,0
0.3273,41,0,0.3506,,7,0,2,0,1.0,0
0.0639,45,0,0.5934,4467.0,5,0,0,0,0.0,0
0.3781,45,0,0.2843,,11,0,1,0,0.0,0
0.1331,27,0,0.5351,3360.0,12,0,1,0,,0
0.5175,54,0,0.2904,6482.0,6,0,2,0,1.0,0
0.4255,55,0,0.3601,3724.0,7,0,1,0,0.0,0
0.0909,49,0,0.7167,18657.0,8,0,1,0,1.0,0
0.2026,55,0,0.307,7055.0,7,0,2,0,0.0,0
2.3928,56,0,0.8782,3296.0,12,0,0,0,0.0,0
0.4437,34,0,0.1933,4684.0,11,0,0,0,0.0,0
0.4939,56,2,0.6619,17206.0,4,2,2,1,0.0,0
0.2119,60,0,0.6609,6550.0,3,0,0,0,0.0,1
1.1177,30,0,0.595,,5,0,1,0,3.0,0
0.0987,72,0,0.6675,,9,0,0,0,0.0,0
2.3761,35,0,0.3492,4181.0,9,0,2,0,2.0,0
0.0111,36,0,1.2387,,7,0,0,0,0.0,0
1.0455,55,0,0.6256,4617.0,7,0,1,0,0.0,0
0.6106,59,0,0.9924,7316.0,5,0,3,0,0.0,0
0.9848,63,0,0.4411,,9,0,3,0,2.0,0
0.4756,60,0,0.7695,8506.0,7,0,0,0,0.0,0
0.5333,45,0,0.6945,4601.0,8,0,0,0,0.0,0
5.0611,54,0,0.5261,,12,0,2,0,0.0,0
5.2825,48,0,0.4072,2977.0,6,0,2,0,0.0,0
0.6785,54,0,0.1685,16097.0,11,3,0,0,0.0,0
7.5952,53,6,0.2691,7581.0,4,0,0,0,1.0,0
0.8328,45,0,0.6694,3152.0,8,0,3,0,2.0,0
0.3042,47,0,0.447,,10,0,2,0,0.0,0
0.0882,26,0,0.6845,16482.0,14,0,0,0,0.0,0
0.2988,64,0,0.2087,21161.0,4,0,1,0,0.0,0
0.1049,56,0,0.2148,,7,0,1,0,0.0,0
0.7718,21,0,0.7171,,6,0,1,0,1.0,1
0.1278,63,0,0.4121,5627.0,5,0,2,0,0.0,0
0.3721,51,0,0.4426,11228.0,15,0,2,0,1.0,0
0.2621,39,0,0.6866,4264.0,9,0,5,0,1.0,0
0.6602,38,0,0.3704,,5,0,2,0,2.0,0
0.457,42,0,0.7757,,8,0,0,0,2.0,0
0.0909,39,0,0.3495,1365.0,10,0,1,0,1.0,0
0.4214,41,0,0.4797,7049.0,4,0,1,0,1.0,0
0.4888,76,0,0.8237,10485.0,7,0,1,0,2.0,0
0.5167,57,0,0.8339,3675.0,8,0,0,0,0.0,0
0.5586,81,1,0.1852,7217.0,12,0,1,0,2.0,0
0.2195,55,0,0.3685,3422.0,6,0,3,0,0.0,0
0.2548,60,0,0.2526,,5,0,1,0,2.0,0
0.1679,40,0,1.0409,5107.0,7,0,0,0,0.0,0
0.5128,50,0,0.4624,5780.0,10,0,2,0,0.0,0
0.3773,51,0,0.8874,,6,0,2,0,,0
0.2707,61,0,0.3176,7835.0,11,0,2,0,1.0,0
0.4373,51,0,0.5204,6708.0,7,0,0,0,1.0,0
0.0263,57,0,0.3085,9405.0,14,0,1,0,0.0,0
0.0275,56,0,0.6357,3162.0,7,0,0,0,1.0,0
0.1544,48,0,0.72,11041.0,7,0,3,0,0.0,0
0.5016,46,1,0.1118,,11,0,0,1,0.0,0
0.0669,43,0,1.063,3285.0,7,0,1,0,0.0,0
0.2331,67,0,0.4444,,5,0,1,0,1.0,0
0.2071,48,0,0.2363,,9,0,2,0,2.0,0
0.5733,57,0,0.0262,6894.0,11,0,1,0,0.0,0
0.0034,50,0,1.0125,3832.0,10,0,1,0,1.0,0
0.3222,67,0,0.3898,,5,0,0,0,1.0,0
0.1607,24,0,0.4358,,7,0,1,0,0.0,0
0.8229,56,0,0.6553,9541.0,7,0,3,0,1.0,0
0.5244,34,0,0.4875,8268.0,5,0,2,0,2.0,0
2.6041,57,0,0.0298,4712.0,10,0,0,0,,0
0.2329,50,0,0.0329,4831.0,4,0,1,0,2.0,0
0.2125,31,0,0.1937,3711.0,12,0,1,0,2.0,0
1.5185,57,0,0.3301,4870.0,6,0,1,0,3.0,0
0.99,55,0,0.7145,3048.0,10,0,0,0,0.0,0
4.0565,49,0,0.1159,10972.0,11,0,1,0,2.0,0
0.1062,51,0,0.559,2375.0,8,0,1,0,1.0,0
0.4766,54,0,0.2801,8285.0,12,0,0,0,0.0,0
0.6067,68,0,0.4044,13442.0,5,0,0,0,1.0,0
0.2796,48,0,0.3056,8341.0,5,0,2,0,4.0,0
0.188,66,0,0.3877,6001.0,9,0,0,0,0.0,0
1.9679,51,0,0.6528,3720.0,8,0,1,0,1.0,0
0.3587,70,0,0.364,7135.0,6,0,1,0,0.0,0
0.1638,49,0,0.5518,8678.0,10,0,4,0,0.0,0
1.6012,43,0,0.2876,6705.0,8,0,2,0,1.0,0
0.5391,37,0,0.5411,,6,0,2,0,1.0,0
1.2425,52,0,0.2436,1981.0,7,0,0,0,0.0,0
0.5973,41,0,0.4209,10642.0,8,0,1,0,0.0,0
0.6583,72,0,0.9062,1271.0,5,0,3,0,1.0,0
0.3045,40,0,0.5083,9008.0,11,0,2,0,0.0,0
0.0811,42,0,0.3234,10506.0,8,0,0,0,0.0,0
0.9988,60,0,0.332,4286.0,8,0,1,0,0.0,0
0.0184,69,0,0.4692,5488.0,13,0,0,0,1.0,0
0.7183,62,0,0.515,10903.0,8,0,1,0,0.0,0
0.8016,67,0,0.1343,4105.0,5,0,1,0,1.0,1
1.9779,51,0,0.6897,,9,0,1,0,1.0,1
0.4246,51,0,1.0021,,4,0,3,0,0.0,1
2.141,80,0,0.8885,2821.0,9,0,2,2,,0
0.6896,76,3,0.4924,6765.0,9,0,0,1,0.0,0
0.1938,62,0,0.2278,3315.0,9,0,2,0,2.0,0
0.0741,67,0,0.1982,5109.0,10,0,0,0,0.0,0
1.6962,64,0,0.2888,,7,0,1,0,1.0,0
4.1039,35,4,0.9439,8680.0,12,0,0,0,1.0,0
0.2075,51,2,0.6308,6501.0,12,2,0,0,0.0,0
0.7876,73,0,0.2389,,8,0,0,0,1.0,0
0.2347,62,0,0.7056,9168.0,7,0,1,0,2.0,0
0.0571,51,0,0.6168,,10,0,3,0,0.0,0
0.3625,73,0,0.311,4628.0,3,0,0,0,2.0,0
0.7061,57,0,0.0708,,8,0,1,0,2.0,0
0.0332,63,0,0.2179,,11,0,0,0,0.0,0
0.4779,57,0,0.3985,4389.0,6,0,1,0,0.0,0
0.0815,60,0,0.1714,,8,0,0,0,2.0,0
0.8831,61,0,0.1598,,8,0,0,0,2.0,0
0.1932,70,0,0.7171,5456.0,5,0,2,0,0.0,0
2.3113,72,0,0.0984,6604.0,9,2,1,0,0.0,0
0.1109,46,0,0.907,10032.0,3,0,1,0,1.0,0
0.5585,57,0,0.6975,,7,0,4,0,0.0,0
0.9999,70,0,0.4087,6660.0,8,0,0,0,0.0,0
0.3482,50,0,0.9164,6650.0,7,0,0,0,1.0,0
0.3629,34,0,0.0451,,9,0,0,0,2.0,0
0.3471,39,0,0.7991,5091.0,11,0,1,0,0.0,0
0.0062,40,0,0.6125,2281.0,9,0,1,0,0.0,0
0.2309,46,0,0.362,2402.0,11,0,1,0,2.0,0
0.3612,42,0,0.6283,7613.0,4,0,0,0,0.0,0
0.6244,66,0,0.1481,3845.0,5,0,0,0,0.0,0
0.192,48,0,0.4996,4521.0,5,0,1,0,0.0,0
0.2034,70,0,0.502,8860.0,9,0,1,0,2.0,0
0.2805,36,0,0.8049,5354.0,10,0,0,0,0.0,0
0.7975,47,0,0.8573,3066.0,7,0,4,0,0.0,0
0.749,53,0,0.4787,,13,0,1,0,0.0,0
0.7211,63,0,1.3622,,6,0,0,0,1.0,0
0.4464,68,0,0.4463,37098.0,11,0,1,0,2.0,0
2.4293,44,0,0.9814,,9,0,0,0,0.0,0
0.6517,66,0,0.582,10111.0,10,0,0,0,0.0,0
0.139,28,0,0.2537,10709.0,8,0,1,0,0.0,0
0.0336,64,2,0.7047,11264.0,7,0,0,0,1.0,0
0.4942,33,0,0.1492,,7,0,1,0,2.0,1
0.9651,58,0,1.2983,,7,0,0,0,1.0,0
0.6801,68,0,0.5326,,5,0,0,0,0.0,1
0.0459,64,0,0.2992,,13,0,1,0,0.0,0
0.0783,29,0,0.3215,8329.0,13,0,0,0,,0
1.4635,46,0,0.5215,3901.0,11,0,1,0,0.0,0
0.7077,62,0,0.5256,4267.0,11,0,1,0,0.0,0
3.0031,62,1,0.2807,7190.0,8,0,1,0,0.0,0
0.5842,56,0,0.545,6848.0,13,0,2,0,0.0,0
0.3373,21,0,0.5338,15918.0,8,0,4,0,0.0,0
0.4066,69,0,0.6254,6541.0,11,0,2,0,1.0,0
0.5305,71,0,0.5274,,7,0,1,0,0.0,0
0.4064,54,0,0.2746,15536.0,2,0,0,0,0.0,0
0.1837,55,0,0.2196,8403.0,9,0,2,0,0.0,0
0.6498,59,0,0.2495,3484.0,5,0,2,0,0.0,0
4.6328,72,0,0.488,,7,0,3,0,1.0,0
0.2817,56,0,0.8556,4632.0,13,0,1,0,0.0,0
0.6223,49,0,0.5942,2728.0,4,0,2,0,0.0,0
0.3402,57,0,1.1005,7945.0,5,0,1,0,0.0,0
0.3508,52,0,0.5919,,10,0,2,0,0.0,0
1.0031,52,0,0.458,7743.0,5,0,2,1,1.0,0
0.348,27,0,0.2136,8423.0,8,0,1,0,1.0,1
0.5049,59,0,0.4745,4286.0,7,0,0,0,0.0,0
0.2724,68,0,0.3796,10925.0,13,0,1,0,1.0,0
0.1944,66,0,0.9078,13832.0,9,0,1,0,1.0,0
0.3448,65,0,0.1211,,7,0,2,0,1.0,0
0.1883,51,0,0.2725,6944.0,11,0,1,0,0.0,0
0.0424,54,0,0.4365,2235.0,10,0,1,0,1.0,0
0.1757,69,0,0.1914,7172.0,6,0,0,0,1.0,0
0.3636,64,0,0.1542,,8,0,3,0,0.0,0
0.195,73,0,0.5523,2142.0,8,0,1,0,1.0,0
0.0048,43,0,0.7434,,5,0,0,0,0.0,0
0.6942,42,0,0.5343,,9,0,2,0,1.0,0
1.6243,47,0,0.3831,4253.0,7,0,3,0,0.0,0
0.4919,39,0,0.2987,,10,0,1,0,3.0,0
0.79,33,0,0.1121,,5,0,1,0,1.0,0
0.7549,59,0,0.5944,6456.0,11,0,1,0,2.0,0
0.531,58,0,0.0376,5464.0,7,0,1,0,0.0,0
2.5822,55,0,0.4251,,4,0,0,0,0.0,0
0.901,57,0,0.9479,1885.0,7,0,1,0,0.0,0
0.3223,32,0,0.7358,2261.0,8,0,4,0,0.0,0
2.1423,45,0,0.0568,5113.0,8,0,0,0,1.0,0
0.275,48,0,0.8756,4030.0,5,0,1,0,1.0,0
0.3886,53,0,0.0818,5226.0,7,0,0,0,0.0,0
2.5181,32,0,0.6147,,10,0,1,0,0.0,0
0.5691,39,0,0.0371,9775.0,11,0,2,0,1.0,0
0.2593,46,0,0.436,5715.0,9,0,0,0,,0
0.21,67,2,0.379,9789.0,7,3,1,0,1.0,0
0.5688,56,0,0.4548,1735.0,12,0,0,0,1.0,0
1.3904,66,1,0.0883,2610.0,11,2,1,0,2.0,0
1.01,50,0,0.4195,,8,0,2,0,,0
0.6821,52,0,0.4059,3194.0,5,0,1,0,1.0,0
0.3361,59,0,0.1627,9586.0,8,0,3,0,0.0,0
0.2987,50,0,0.8781,3652.0,9,0,1,0,0.0,0
0.4309,43,0,0.3772,,10,0,1,0,3.0,0
0.6219,31,0,0.2715,5739.0,10,0,0,0,1.0,0
0.2637,44,0,0.4438,5216.0,7,0,1,0,0.0,0
1.0094,64,0,0.5064,6775.0,9,0,0,0,2.0,0
0.4886,70,0,0.4333,2714.0,10,0,1,0,3.0,0
0.3532,41,0,0.7072,2484.0,7,0,0,0,0.0,0
0.4243,28,0,0.4673,10898.0,8,0,2,0,2.0,0
0.8039,65,0,0.4446,3175.0,6,0,2,0,0.0,0
0.0664,53,2,0.6115,5813.0,16,0,1,1,0.0,0
0.5615,33,0,0.6918,8228.0,8,0,1,0,0.0,0
0.2327,21,0,0.5802,3488.0,9,0,1,0,0.0,0
0.3502,39,0,0.3343,9202.0,8,0,2,0,2.0,0
0.2505,46,0,0.6475,2742.0,7,0,0,0,1.0,0
0.1029,36,0,0.3911,12400.0,9,0,1,0,1.0,0
0.2652,62,0,0.1544,7099.0,7,0,1,0,1.0,0
0.7827,41,0,0.116,5879.0,5,0,0,0,1.0,0
0.0645,52,0,0.403,7699.0,5,0,1,0,1.0,0
0.1464,85,0,0.2678,4390.0,11,0,2,0,0.0,0
0.0071,54,0,0.1041,,3,0,1,0,1.0,0
0.1329,50,0,0.6176,14683.0,9,0,0,0,0.0,0
0.1332,51,0,0.3802,,13,0,2,0,1.0,0
0.1909,61,0,0.6936,12614.0,11,0,0,0,,0
2.9384,60,0,0.8097,,8,0,3,0,2.0,1
1.6488,38,0,0.2315,,7,0,2,0,0.0,0
0.7283,46,0,0.1402,7606.0,9,0,1,0,1.0,0
0.0585,43,0,0.2276,6451.0,9,0,1,0,,0
1.5595,48,0,1.2268,,9,0,0,0,0.0,0
0.4066,78,0,0.2572,8094.0,9,0,2,0,1.0,0
0.6815,61,0,0.4227,2822.0,6,0,1,0,0.0,0
1.0568,51,0,0.6893,2969.0,5,0,0,0,0.0,0
0.2878,69,0,0.2962,,11,0,0,0,1.0,0
1.3758,55,0,0.4314,3409.0,9,0,1,0,1.0,0
0.1095,29,0,0.2859,12759.0,3,0,0,0,2.0,0
0.5838,75,0,0.541,8227.0,12,0,1,0,1.0,0
0.4212,50,0,1.0452,8173.0,5,0,3,0,2.0,0
0.5292,21,0,0.4786,,4,0,0,0,2.0,1
0.0176,30,0,0.1227,6117.0,9,0,0,0,0.0,1
0.2478,68,0,0.6286,4964.0,3,0,0,0,1.0,0
0.073,30,0,1.0528,4137.0,5,0,1,0,1.0,0
0.156,71,0,0.5986,10386.0,8,0,3,0,1.0,0
0.3455,53,0,0.8445,9522.0,8,0,0,0,1.0,0
2.1055,62,0,0.1628,3150.0,11,0,0,0,0.0,0
0.2503,48,0,0.403,13090.0,8,0,2,0,,0
0.4007,59,0,0.8578,,11,0,3,0,1.0,0
2.7771,56,0,0.011,1924.0,7,0,1,0,1.0,0
0.2161,51,2,0.5609,,10,0,2,3,2.0,0
0.4772,37,0,0.7233,2323.0,7,0,1,0,0.0,0
0.3546,57,0,0.5584,20517.0,11,0,1,0,3.0,0
0.0806,27,0,0.6912,5826.0,6,0,1,0,1.0,0
0.4969,65,0,0.9687,2961.0,12,0,2,0,1.0,0
0.0,55,0,0.7546,9479.0,7,0,0,0,0.0,0
0.2221,58,0,0.0719,4322.0,6,0,1,0,1.0,0
0.5146,21,0,0.2251,4143.0,8,0,0,0,4.0,0
0.4211,36,0,0.2319,2900.0,6,0,2,0,1.0,0
0.2186,45,0,0.373,7905.0,10,0,0,0,2.0,0
0.262,61,0,0.4486,10212.0,8,0,1,0,1.0,0
0.367,39,0,0.4775,2701.0,9,0,0,0,2.0,0
0.1834,88,0,0.5527,4454.0,5,0,4,0,1.0,0
0.1838,48,0,0.9971,5769.0,3,0,2,0,0.0,0
0.5313,38,0,0.778,6040.0,10,0,1,0,1.0,0
0.5363,49,0,0.3389,,8,0,0,0,0.0,0
0.9128,39,0,0.8171,3755.0,6,0,0,0,1.0,1
0.4721,35,0,0.4759,5087.0,10,0,2,0,1.0,0
0.132,66,0,0.2438,4649.0,10,0,0,0,3.0,0
0.5365,59,0,0.2637,3558.0,7,0,2,0,0.0,0
0.7597,59,0,1.3446,12620.0,12,0,0,0,1.0,0
1.4696,70,0,0.9641,5935.0,10,0,2,0,0.0,0
0.2928,59,0,0.3979,8311.0,7,0,0,0,,0
1.7235,37,0,0.5119,3997.0,7,0,1,0,0.0,1
0.0045,62,0,0.6408,6553.0,8,0,2,0,0.0,0
0.473,36,0,0.2155,,9,0,1,0,2.0,0
0.023,45,0,1.1473,,11,0,0,0,1.0,0
0.2241,51,0,0.3249,2346.0,17,0,0,0,1.0,0
1.6886,50,0,0.2549,,7,0,2,0,1.0,0
2.0494,27,0,0.1104,,5,0,0,0,1.0,0
0.0566,38,0,0.716,7067.0,8,0,0,0,2.0,0
0.4957,52,0,1.1678,,6,0,1,0,1.0,1
0.4415,43,0,0.7623,,6,0,3,0,0.0,0
0.4742,68,0,0.527,16893.0,8,0,2,0,2.0,0
2.0949,70,0,0.6769,4531.0,5,0,1,0,0.0,1
1.3712,36,1,0.1619,,5,0,0,0,0.0,0
0.6154,53,0,0.5059,8358.0,11,0,3,0,0.0,0
0.5448,74,0,0.1905,10279.0,15,0,1,0,1.0,0
0.8638,50,0,0.4819,13402.0,8,0,0,0,0.0,0
0.3954,46,0,0.8984,8391.0,10,0,1,0,1.0,0
0.4297,64,0,0.3173,,6,0,0,0,1.0,0
0.8187,48,1,0.2368,6144.0,13,0,0,0,0.0,0
0.5012,70,0,0.5208,6921.0,6,0,0,0,2.0,0
0.484,44,0,0.3082,5237.0,5,0,4,0,1.0,0
0.8581,45,0,0.8559,2403.0,9,0,0,0,0.0,1
0.4994,63,0,0.5067,,7,0,2,0,1.0,0
0.0003,53,0,0.7169,9413.0,6,0,1,0,1.0,0
0.5157,54,2,0.5923,14290.0,9,2,1,0,2.0,0
0.4126,25,0,0.7688,8429.0,7,0,1,0,1.0,0
0.1161,47,0,0.5635,6774.0,13,0,1,0,2.0,0
0.6999,64,0,0.8478,13034.0,8,0,3,0,0.0,0
0.9384,41,0,0.9018,3825.0,10,0,0,0,1.0,0
1.0515,62,0,0.1266,1135.0,12,0,3,0,0.0,0
0.7347,56,0,0.0993,,6,0,0,0,0.0,0
2.2024,49,0,0.6087,3843.0,9,0,1,0,0.0,0
3.637,71,0,0.5642,2964.0,7,0,3,0,1.0,0
1.931,47,0,1.0832,8103.0,4,0,1,0,0.0,0
0.1094,48,0,0.6483,6648.0,8,0,1,0,1.0,0
1.7215,49,0,0.5228,1482.0,6,0,1,0,2.0,1
1.5575,53,0,0.1289,,13,0,1,0,1.0,0
0.4311,63,1,0.6677,11846.0,3,0,1,0,1.0,0
0.1554,31,0,0.6264,5824.0,12,0,0,0,0.0,0
0.7454,64,0,1.2264,4229.0,6,0,3,0,2.0,1
0.8411,53,0,0.2226,,6,0,0,0,0.0,0
0.194,60,0,0.6376,2663.0,16,0,2,0,0.0,0
0.3025,85,0,0.6211,4649.0,11,0,0,0,1.0,0
0.4881,45,0,0.6072,5160.0,12,0,0,0,2.0,0
0.5512,35,0,1.053,6687.0,6,0,0,0,1.0,0
0.6011,55,0,0.1352,2434.0,7,0,2,0,1.0,0
0.6922,57,0,0.4077,3516.0,7,0,1,0,,0
0.1032,64,0,0.8316,4104.0,6,0,0,0,0.0,0
0.4971,44,0,0.1051,7829.0,7,0,0,0,0.0,0
0.0296,40,0,0.7142,,13,0,5,0,1.0,0
0.756,31,0,0.0396,3584.0,7,0,1,0,1.0,0
0.0545,33,0,0.4728,1688.0,5,0,0,0,1.0,0
0.4577,46,0,0.3614,,5,0,0,0,0.0,0
0.403,50,0,1.23,10821.0,7,0,0,0,2.0,0
1.8255,81,0,0.0916,10957.0,5,0,1,0,0.0,0
0.0137,28,0,0.343,2044.0,7,0,1,0,0.0,0
0.3263,57,0,0.7178,6510.0,9,0,2,0,0.0,0
0.5986,42,0,0.2593,3545.0,2,0,2,0,1.0,0
0.1799,55,0,0.2339,2838.0,4,0,0,0,0.0,0
0.7054,44,0,0.8909,2507.0,7,0,0,0,,0
1.7318,66,0,0.5126,,6,0,2,0,1.0,1
0.2907,66,0,0.46,6350.0,14,0,0,0,1.0,0
0.4646,50,0,0.4858,8779.0,10,0,1,0,3.0,0
0.7046,72,0,0.444,6302.0,7,0,0,0,0.0,0
0.3121,63,0,0.3127,4717.0,11,0,0,0,0.0,0
0.1229,71,0,0.5506,12308.0,8,0,1,0,,0
0.4564,51,0,0.6744,20005.0,5,0,1,0,1.0,0
6.2613,65,0,0.7297,6168.0,9,0,1,1,0.0,0
1.8159,41,0,0.5092,6572.0,15,0,1,0,1.0,0
0.6278,40,0,0.7121,2943.0,13,0,4,0,3.0,0
0.5841,83,0,0.3733,4639.0,8,0,2,0,1.0,0
0.282,37,1,0.6053,5454.0,9,2,0,0,1.0,0
0.5785,46,0,0.4827,15045.0,7,0,2,0,3.0,0
0.0463,25,0,0.1508,,12,0,0,0,0.0,0
0.5129,40,0,0.492,,16,0,1,0,0.0,0
7.7829,38,0,0.0837,6668.0,8,0,1,0,1.0,0
0.364,43,0,0.5556,,10,0,1,0,1.0,0
0.2817,56,0,0.0704,1720.0,6,0,0,0,1.0,0
0.2477,60,0,0.1804,8661.0,12,0,1,0,0.0,0
0.1647,38,0,0.5565,3869.0,8,0,0,0,0.0,0
0.0586,41,0,0.196,,9,0,1,0,1.0,0
0.2722,67,0,0.1705,4282.0,4,0,0,0,0.0,0
0.4602,76,0,0.6638,34600.0,11,0,0,0,0.0,0
0.1925,70,0,0.0172,4954.0,6,0,1,0,1.0,0
0.1806,29,0,0.2469,,7,0,3,0,2.0,0
0.2173,69,0,0.2897,3127.0,6,0,0,0,0.0,0
7.8414,78,0,0.3786,9790.0,4,0,0,0,2.0,0
0.1144,28,0,0.6168,10879.0,13,0,1,0,0.0,0
0.2996,67,0,0.3636,5627.0,5,0,1,0,0.0,0
0.3501,55,0,0.2785,3156.0,7,0,1,0,0.0,0
0.1804,47,0,0.2249,6524.0,4,0,4,0,1.0,0
0.1587,53,0,0.6903,28703.0,8,0,1,0,2.0,0
0.0498,58,0,0.8547,4588.0,7,0,2,0,0.0,0
3.8582,68,0,0.7065,4500.0,13,0,1,0,0.0,0
0.5916,67,0,0.3671,5440.0,5,0,0,0,1.0,0
0.1529,31,0,0.5514,4700.0,8,0,3,0,0.0,0
0.0715,43,0,0.8421,4227.0,13,0,1,0,1.0,0
0.8192,53,0,1.0154,2261.0,4,0,3,0,0.0,0
0.1382,74,0,0.2044,4299.0,12,0,0,0,3.0,0
0.1982,21,0,0.4482,2813.0,14,0,1,0,1.0,0
0.88,43,1,0.4536,4254.0,8,0,1,0,1.0,0
1.7218,31,0,1.2072,5074.0,9,0,1,0,2.0,1
0.4553,33,0,0.1157,3028.0,4,0,1,0,2.0,0
0.418,66,0,0.7041,4095.0,6,0,1,0,1.0,0
0.6039,45,0,0.212,,6,0,0,0,0.0,1
0.5289,21,0,0.5301,12978.0,10,0,0,0,1.0,0
0.2773,50,0,0.2198,10033.0,11,0,1,0,1.0,0
0.1409,81,0,0.5732,5157.0,12,0,2,0,2.0,0
0.8681,27,0,0.2362,1688.0,4,0,0,0,0.0,0
0.2962,59,0,0.8274,,10,0,0,0,0.0,0
2.0783,74,2,0.2734,3953.0,4,0,1,2,2.0,0
2.4318,51,0,0.2462,8662.0,8,0,0,0,1.0,0
0.5978,79,0,0.7282,,11,0,0,0,,0
3.2279,43,0,0.7923,2470.0,8,0,2,0,0.0,0
0.3486,72,0,0.5181,1312.0,3,0,1,0,2.0,0
0.1901,69,0,0.4809,,6,0,3,0,0.0,0
0.2286,52,0,0.1872,4668.0,9,0,1,0,2.0,0
0.1532,31,0,0.4609,6565.0,12,0,0,0,2.0,0
1.8687,38,0,0.3837,3823.0,10,0,1,0,1.0,0
0.442,21,0,0.5786,2508.0,8,0,0,0,0.0,1
0.2044,60,0,0.2133,6325.0,7,0,1,0,,0
0.3065,59,0,0.5477,,8,0,0,0,1.0,0
0.5661,53,0,0.5573,8336.0,5,0,1,0,0.0,0
0.4219,50,0,0.3843,23864.0,9,0,1,0,3.0,0
0.2789,71,0,0.4545,2647.0,9,0,2,0,0.0,0
0.7905,56,0,0.5205,8580.0,6,0,2,0,2.0,0
2.2375,44,0,0.6579,3151.0,8,0,1,0,0.0,1
0.2954,54,0,0.4663,3074.0,9,0,0,0,1.0,0
0.5043,81,0,0.5888,3671.0,6,0,1,0,1.0,0
0.7978,61,0,0.2068,,10,0,2,0,2.0,0
1.5405,47,1,0.3932,5435.0,4,0,2,0,,0
0.172,51,0,0.2773,2672.0,14,0,0,0,0.0,0
0.2754,58,0,0.1533,18869.0,5,0,0,0,2.0,0
0.3954,46,0,0.3693,,9,0,0,0,0.0,0
0.6225,45,0,0.3737,2121.0,11,0,0,0,2.0,0
0.3208,52,0,0.1788,2189.0,7,0,1,0,0.0,0
2.5276,73,0,0.6613,9267.0,6,0,1,0,0.0,0
2.4222,63,0,0.1604,9234.0,8,0,0,0,1.0,0
0.0124,46,0,0.9045,11866.0,8,0,0,0,0.0,0
0.0121,64,0,0.1784,2106.0,5,0,1,0,1.0,0
1.1896,52,0,0.6662,11327.0,8,0,0,0,0.0,0
0.4667,57,0,0.2736,6892.0,7,0,1,0,0.0,0
2.3877,56,0,0.4988,6260.0,7,0,0,0,0.0,0
0.823,22,0,0.5782,2515.0,7,0,2,0,0.0,1
0.3175,21,1,0.2216,4267.0,6,0,0,2,1.0,0
0.9263,55,0,0.254,,5,0,3,0,0.0,0
1.1325,40,0,0.506,,9,0,0,0,0.0,0
0.3427,29,0,0.2633,6051.0,11,0,0,0,2.0,0
0.5879,40,0,0.2923,6404.0,7,0,1,0,1.0,0
3.7909,65,0,0.6163,,9,0,0,0,1.0,0
0.9162,57,0,0.7563,4186.0,3,0,1,0,0.0,0
0.3591,63,0,0.5141,5320.0,2,0,1,0,1.0,0
0.4202,58,0,0.6466,5520.0,6,2,1,0,0.0,0
2.6311,39,2,0.1288,1515.0,8,0,0,1,2.0,0
0.7343,63,0,0.553,6405.0,8,0,0,0,0.0,0
0.5829,60,0,0.5467,,9,0,2,0,0.0,0
1.0203,50,0,0.4682,,9,0,2,0,1.0,1
0.3404,53,0,0.8383,,8,0,0,0,2.0,0
0.1057,63,0,0.3585,,9,0,1,0,1.0,0
0.036,42,0,0.6775,6142.0,11,0,1,0,1.0,0
0.8645,67,0,0.8537,2264.0,8,0,1,0,0.0,0
0.526,60,0,0.7159,4373.0,8,0,1,0,1.0,0
0.1899,52,0,0.298,,6,0,1,0,1.0,0
0.44,73,0,0.2594,4392.0,9,0,1,0,0.0,0
1.1887,34,0,0.9049,1819.0,6,0,2,0,1.0,0
0.0528,46,0,0.7687,,7,0,1,0,1.0,0
1.421,42,0,1.1239,3767.0,9,0,1,0,2.0,0
0.2525,57,0,0.81,9666.0,4,0,0,0,2.0,0
0.83,69,0,0.468,4907.0,9,0,1,0,4.0,0
0.3953,38,0,0.2274,6537.0,5,0,1,0,1.0,0
0.2942,95,0,0.522,,11,0,0,0,0.0,0
0.3124,43,0,0.6028,4371.0,5,0,0,0,2.0,0
0.5023,57,0,0.5835,,7,0,0,0,2.0,0
3.7832,52,0,0.5696,,10,0,3,0,0.0,0
0.8608,53,0,0.7984,,11,0,1,0,0.0,0
4.5926,41,0,0.3085,6665.0,11,0,0,0,1.0,0
1.6256,67,2,0.3991,8338.0,4,0,1,0,1.0,0
0.1385,40,0,0.997,3396.0,6,0,0,0,2.0,0
0.0925,27,0,0.9927,,18,0,0,0,1.0,0
0.4933,36,0,0.6162,3882.0,12,0,1,0,0.0,0
1.2616,72,0,0.6706,10190.0,10,0,1,0,4.0,0
0.0311,70,0,0.5119,2055.0,10,0,2,0,0.0,0
2.3734,24,0,0.1172,13599.0,6,0,1,0,1.0,0
0.3092,63,0,0.7091,17015.0,8,0,1,0,3.0,0
0.8012,24,0,0.0907,3265.0,10,0,2,0,1.0,1
0.6588,52,0,0.5664,5849.0,7,0,1,0,1.0,0
0.27,35,0,0.0949,3425.0,10,0,1,0,0.0,0
0.1411,64,0,0.2135,10683.0,5,0,0,0,0.0,0
0.2076,60,1,0.1136,10194.0,10,1,1,0,0.0,0
0.2515,66,0,0.7914,4288.0,9,0,0,0,0.0,0
0.2234,48,0,0.399,,10,0,1,0,0.0,0
0.8247,49,0,0.4238,4419.0,2,0,0,0,1.0,0
0.5313,31,0,0.8433,4222.0,10,0,1,0,0.0,0
0.4137,38,0,0.6503,6315.0,10,0,1,0,0.0,0
0.204,65,0,0.2993,2943.0,12,0,0,0,0.0,0
0.0422,57,0,0.4986,,8,0,2,0,0.0,0
0.2981,53,0,0.4274,6967.0,12,0,1,0,0.0,0
0.2636,70,1,0.4036,4214.0,8,0,1,0,1.0,0
0.658,34,0,0.3136,10132.0,10,0,2,0,1.0,0
0.4407,62,0,0.5096,15530.0,9,0,0,0,0.0,0
0.1859,35,0,0.4445,1878.0,12,0,2,0,2.0,0
0.1719,73,0,0.4131,6694.0,5,0,1,0,1.0,0
0.1243,60,0,0.8808,7159.0,9,0,1,0,0.0,0
0.0199,66,1,0.513,3691.0,8,0,2,1,0.0,0
0.7698,42,0,0.5539,3938.0,13,0,2,0,4.0,0
0.6791,83,0,0.4414,3841.0,8,0,0,0,0.0,0
0.0635,80,0,0.1385,8528.0,6,0,0,0,1.0,0
0.4476,58,0,0.3349,,8,0,0,0,0.0,0
0.5706,68,0,0.6946,6141.0,8,0,1,0,4.0,0
0.3336,48,0,0.5858,,8,0,0,0,0.0,0
1.2176,34,0,0.5795,2168.0,4,0,0,0,0.0,0
0.7382,63,0,0.2829,2841.0,12,0,2,0,0.0,0
0.7299,39,0,0.2233,4981.0,7,0,0,0,2.0,0
1.1132,70,0,0.4117,5269.0,13,0,1,0,2.0,0
0.3595,67,0,0.8311,8064.0,10,0,0,0,,0
0.8045,55,0,0.566,,8,0,3,0,1.0,0
1.1458,55,0,0.5757,5019.0,10,0,0,0,2.0,0
0.2488,66,0,0.5597,2769.0,10,0,0,0,0.0,0
0.9988,56,0,0.8057,8885.0,4,0,2,0,1.0,0
0.4697,46,0,0.426,4586.0,9,0,2,0,0.0,0
1.8151,31,0,0.7371,4682.0,10,0,2,0,1.0,0
0.2758,65,0,0.8251,10848.0,12,0,2,0,1.0,0
0.4302,57,0,0.4491,7197.0,10,0,1,0,1.0,0
0.1687,91,0,0.4503,3078.0,8,0,1,0,0.0,0
0.1141,51,0,0.67,10791.0,9,0,1,0,0.0,0
0.3439,56,1,0.9781,1835.0,9,0,2,0,1.0,0
1.1811,57,0,0.3119,2762.0,5,0,0,0,2.0,0
0.7034,61,0,0.1828,3871.0,12,0,0,0,0.0,0
0.6911,38,0,0.6576,,10,0,0,0,2.0,0
0.4231,51,0,0.8116,,7,0,0,0,2.0,0
0.4952,64,1,0.7574,,11,0,1,1,1.0,0
0.4585,47,0,0.4637,4624.0,5,0,0,0,0.0,0
0.8794,63,0,0.7101,1920.0,6,2,0,0,1.0,0
0.592,53,0,0.8661,,4,0,1,0,1.0,0
2.1135,58,0,0.8816,8788.0,9,0,0,0,1.0,0
0.3016,68,0,0.4155,5171.0,6,0,1,0,1.0,0
0.3883,49,0,0.4196,,9,0,1,0,1.0,0
1.3254,32,0,0.2277,2111.0,7,0,3,0,1.0,0
0.6234,48,0,0.2049,2291.0,11,0,1,0,1.0,0
0.2258,40,0,0.3026,5624.0,6,0,1,0,0.0,0
0.705,22,4,0.3839,3881.0,8,0,1,0,1.0,0
0.1794,51,0,1.2466,,12,0,0,0,2.0,0
1.4424,55,0,0.185,,9,0,1,0,0.0,0
0.5149,66,0,0.5055,2928.0,5,0,1,0,3.0,0
0.7885,36,0,0.4452,9858.0,9,0,2,0,0.0,0
0.7459,53,0,0.3724,7817.0,4,0,0,0,0.0,0
0.1665,68,0,0.3355,,8,0,0,0,1.0,0
1.0152,44,0,0.9207,4052.0,5,0,0,0,1.0,0
0.4276,60,0,0.1025,12454.0,7,0,2,0,1.0,0
0.3891,74,0,0.3122,7100.0,9,0,0,0,2.0,0
0.1152,26,0,0.0424,2935.0,3,0,0,0,1.0,0
0.1069,56,0,0.1256,7121.0,11,0,1,0,2.0,0
0.4565,68,0,0.4544,,8,0,0,0,1.0,0
0.265,47,0,0.1771,2785.0,8,0,0,0,1.0,0
0.1218,71,0,0.3949,7015.0,6,0,0,0,0.0,0
2.9649,61,0,0.4276,,8,0,2,0,1.0,0
0.5634,77,0,0.6651,6351.0,5,0,2,0,0.0,0
1.2759,60,0,0.2414,4295.0,10,0,1,0,2.0,0
0.6642,78,0,0.3876,12357.0,5,0,1,0,1.0,0
0.0421,56,0,0.5364,7751.0,5,0,3,0,1.0,0
0.7731,33,0,0.4266,4625.0,8,0,3,0,1.0,0
0.0653,43,0,0.202,2958.0,8,0,1,0,0.0,0
0.1442,66,0,0.6445,3807.0,8,0,3,0,0.0,0
0.3936,66,0,0.6587,7461.0,10,0,1,0,1.0,0
0.0258,48,0,0.1015,5567.0,9,0,1,0,1.0,0
0.0471,77,0,0.3787,,11,0,3,0,2.0,0
0.166,47,0,0.4633,,8,0,1,0,1.0,0
0.3443,58,0,0.6522,9946.0,8,0,0,0,1.0,0
0.0568,58,0,0.6106,2796.0,8,0,0,0,2.0,0
0.3833,33,0,0.3557,2835.0,10,0,1,0,0.0,0
1.169,50,0,0.66,3695.0,6,0,0,0,0.0,0
0.9786,85,0,0.3086,,1,0,2,0,0.0,0
2.7603,39,0,0.2276,1982.0,8,0,3,0,2.0,0
0.5867,61,0,0.2708,,6,0,1,0,0.0,0
0.2475,36,1,0.4031,2677.0,6,0,1,1,0.0,0
0.6489,39,0,0.1829,2534.0,7,0,0,0,1.0,0
0.0817,32,0,0.733,4827.0,10,0,1,0,0.0,0
4.1677,65,0,0.3291,8144.0,13,0,1,0,0.0,0
0.1021,40,1,0.687,9268.0,9,2,1,0,0.0,0
0.3115,70,0,0.0992,8343.0,9,0,0,0,0.0,0
0.0765,45,0,0.5031,,9,0,2,0,0.0,0
0.3708,54,0,0.4757,6767.0,8,0,0,0,1.0,0
0.0481,58,0,0.3888,7623.0,9,0,1,0,0.0,0
0.1551,29,0,0.0503,,4,0,2,0,1.0,0
0.4591,55,0,0.6362,11320.0,13,0,0,0,1.0,0
0.3129,57,0,0.7093,7506.0,5,0,4,0,1.0,0
0.1613,68,0,0.4082,5011.0,10,0,2,0,2.0,0
6.8667,39,0,0.2863,9691.0,4,0,2,0,0.0,0
0.4577,41,0,0.6936,1915.0,12,0,0,0,1.0,1
0.6452,61,0,0.4348,6977.0,12,0,0,0,1.0,0
0.6281,72,0,0.5003,10639.0,7,0,1,0,0.0,0
0.6254,44,0,0.4478,2156.0,7,0,3,0,0.0,0
0.48,35,0,0.4525,10126.0,8,0,2,0,1.0,0
0.1442,48,0,0.4154,,10,0,0,0,0.0,0
0.1833,38,0,0.199,10512.0,5,0,1,0,0.0,0
1.2889,58,0,0.9679,,11,0,0,0,1.0,0
0.2866,37,0,0.7545,,10,0,1,0,1.0,0
0.4266,66,0,0.3316,3691.0,6,0,2,0,0.0,0
0.043,55,0,0.1955,,8,0,1,0,1.0,0
0.4668,66,0,0.0727,3207.0,10,0,1,0,1.0,0
0.5877,21,0,0.2379,7368.0,12,0,1,0,2.0,0
1.0928,27,0,0.672,3653.0,9,0,0,0,1.0,0
1.5662,70,0,0.5974,5809.0,11,0,1,0,2.0,0
0.3721,42,0,0.2124,,7,0,0,0,2.0,0
0.7728,31,0,0.298,,7,0,1,0,1.0,0
0.576,49,0,0.5668,,12,0,0,0,1.0,0
0.0273,55,0,0.5475,1582.0,6,0,1,0,1.0,0
0.6861,50,0,0.5269,4848.0,5,0,1,0,0.0,0
0.3539,59,0,0.4935,3823.0,9,0,1,0,0.0,0
0.2989,57,0,0.0992,6315.0,8,0,1,0,0.0,0
0.6414,56,0,0.1241,2968.0,10,0,2,0,2.0,0
0.0282,71,0,0.7272,6626.0,7,0,3,0,1.0,0
0.4114,52,0,0.1102,9600.0,8,0,1,0,2.0,0
0.0102,51,0,0.9098,6592.0,3,0,1,1,1.0,0
0.9372,63,0,0.2302,,8,0,1,0,0.0,0
3.68,60,0,0.038,9507.0,8,0,3,0,0.0,0
0.6231,39,0,0.1267,4492.0,9,0,0,0,0.0,0
1.4536,51,0,0.0953,,15,0,1,0,2.0,0
0.2052,58,0,0.1841,1969.0,7,0,0,0,1.0,0
2.8257,44,0,0.5854,3407.0,5,0,0,0,1.0,0
1.0862,44,0,0.8265,10180.0,7,0,2,0,1.0,0
0.8329,33,0,0.3089,2964.0,9,0,1,0,0.0,0
0.9757,21,2,0.5582,8697.0,10,0,1,0,0.0,0
0.1176,47,0,0.0217,4139.0,9,0,1,0,0.0,0
1.2798,54,0,0.155,,10,0,1,0,0.0,0
0.0752,37,0,0.4392,,4,0,0,0,2.0,0
0.7727,71,0,0.7543,6056.0,5,0,2,0,1.0,0
0.3071,37,1,0.3284,5123.0,10,1,2,1,0.0,0
6.0465,65,0,0.4944,6104.0,5,0,1,0,1.0,0
0.0402,58,0,0.8506,11294.0,12,0,0,0,1.0,0
0.1581,82,1,0.5162,1730.0,12,0,0,0,0.0,0
0.5839,60,0,0.9426,,9,0,1,0,0.0,0
0.3197,32,0,0.1003,9074.0,9,0,1,0,0.0,0
0.7544,67,0,0.3735,21938.0,11,0,0,0,0.0,0
2.2964,76,0,0.7979,7996.0,13,0,1,0,2.0,0
0.0702,27,0,0.1484,23849.0,12,0,0,0,0.0,0
0.2589,61,0,0.1828,,10,0,2,0,2.0,0
0.4263,64,2,0.1098,,14,1,4,0,1.0,0
4.418,49,0,0.1051,,3,0,0,0,1.0,0
0.6351,21,0,1.0511,5906.0,4,0,0,0,1.0,0
0.4021,48,0,0.4472,17299.0,11,0,0,0,1.0,0
0.2033,44,0,0.2853,5276.0,9,0,0,0,1.0,0
3.0442,73,0,0.2935,5697.0,10,0,1,0,0.0,0
2.1501,51,0,0.6675,6808.0,4,0,0,0,1.0,0
0.1424,46,0,0.575,4080.0,8,0,1,0,0.0,0
0.762,44,0,0.209,8186.0,4,0,1,0,0.0,0
5.3893,57,0,0.5107,9265.0,6,0,1,0,0.0,0
0.3327,53,0,0.7257,5307.0,7,0,1,0,0.0,0
0.3071,41,0,0.701,9971.0,8,0,3,0,0.0,0
0.1669,56,0,0.2381,3819.0,12,0,2,0,0.0,0
0.4722,44,0,0.3014,,11,0,0,0,0.0,0
0.8637,21,0,0.9674,2610.0,11,0,1,0,1.0,1
1.3977,61,0,0.5469,,6,0,2,0,0.0,0
6.2168,60,0,0.5304,14267.0,10,0,0,0,0.0,0
0.5573,55,0,0.2436,5284.0,11,0,1,0,1.0,0
0.6588,46,0,0.6757,3851.0,5,0,0,0,2.0,1
0.2695,51,0,0.8449,5824.0,9,0,0,0,1.0,0
0.2278,63,0,0.2749,,7,0,2,0,3.0,0
0.643,43,0,0.3009,7514.0,8,0,1,0,1.0,0
0.2339,64,0,0.4537,,8,0,0,0,1.0,0
0.2411,31,0,0.1948,,12,0,1,0,2.0,0
0.6168,54,0,0.4157,2565.0,15,0,2,0,,0
0.0547,52,0,0.8265,7877.0,7,0,0,0,0.0,0
11.2805,66,0,0.7555,3798.0,6,0,2,0,2.0,0
0.1095,39,0,0.0924,6107.0,8,0,0,0,0.0,0
0.2044,41,0,0.206,3074.0,5,0,6,0,1.0,0
0.3546,32,0,0.0799,7288.0,6,0,1,0,0.0,0
0.1729,44,0,0.1501,2520.0,7,0,1,0,1.0,0
0.7228,56,0,0.1696,4232.0,8,0,2,0,0.0,0
0.1284,27,0,0.6627,1832.0,6,0,0,0,0.0,0
0.7469,46,0,0.1722,4249.0,9,0,0,0,0.0,0
0.446,61,0,0.6591,13668.0,10,0,0,0,1.0,0
0.4633,51,0,0.3827,2739.0,3,0,0,0,0.0,0
0.5582,53,0,0.8214,,5,0,2,0,1.0,0
0.2315,31,0,0.659,6547.0,14,0,1,0,,0
0.7121,51,0,0.2394,11720.0,10,0,1,0,0.0,0
0.0988,52,0,0.6953,11631.0,7,0,1,0,0.0,0
0.2019,50,0,0.2238,7917.0,8,0,1,0,0.0,0
0.3006,54,0,0.0996,,9,0,1,0,2.0,0
0.4938,48,0,0.8801,2660.0,3,0,3,0,0.0,0
1.9642,46,0,0.2867,2456.0,8,0,1,0,1.0,0
0.4957,37,2,0.3558,3638.0,7,0,0,0,1.0,0
0.4991,66,0,0.7154,4691.0,9,0,1,0,1.0,1
0.2341,35,0,0.541,4862.0,8,0,1,0,,0
0.2876,54,0,0.3576,2238.0,7,0,0,0,1.0,0
0.5046,77,0,0.8493,8320.0,4,0,2,0,0.0,0
0.4245,67,0,0.6839,11045.0,7,0,1,0,0.0,0
5.9346,59,0,0.7324,,9,0,0,0,2.0,0
0.0635,55,0,0.7132,2146.0,9,0,0,0,1.0,0
0.3852,50,0,0.0769,,9,0,3,0,2.0,0
0.0739,39,0,0.4622,2066.0,7,0,3,0,1.0,0
1.1202,48,0,0.5791,4084.0,9,0,0,0,0.0,0
0.6708,60,0,0.3291,9131.0,3,0,1,0,2.0,0
5.025,57,0,0.3331,,6,0,1,0,0.0,0
0.7038,63,0,0.8778,11692.0,12,0,1,0,0.0,0
0.316,69,0,0.3643,5908.0,6,0,1,0,0.0,0
0.7408,50,0,0.3238,5587.0,8,0,1,0,0.0,0
0.5012,55,0,0.347,5521.0,4,0,1,0,1.0,0
0.3219,25,0,0.1975,2733.0,7,0,1,0,0.0,0
0.5176,84,0,0.0906,5421.0,13,0,0,0,,0
0.3068,46,0,0.4947,6821.0,5,0,0,0,,0
0.6018,61,0,0.6485,,10,0,2,0,1.0,0
0.4001,46,0,0.3806,7872.0,14,0,1,0,1.0,0
0.2507,46,0,0.6665,6678.0,7,0,1,0,1.0,0
0.2618,49,0,0.5461,4363.0,7,0,0,0,,0
0.2345,35,0,0.3796,5426.0,7,0,0,0,1.0,0
0.6932,21,0,0.737,6315.0,7,0,1,0,1.0,0
0.1393,68,0,0.2612,6952.0,7,0,0,0,0.0,0
0.6024,60,0,0.1211,10192.0,6,0,0,0,1.0,0
0.1785,39,0,0.1741,3293.0,14,0,1,0,2.0,0
0.7033,58,0,0.6537,7308.0,7,0,4,0,1.0,0
0.4667,64,0,0.2246,3598.0,7,0,0,0,0.0,0
0.9387,42,0,0.4407,3612.0,8,0,1,0,1.0,0
1.8893,58,1,0.8733,3111.0,10,0,1,0,2.0,0
0.7356,66,0,0.2989,3176.0,7,0,2,0,1.0,0
0.4502,32,0,0.5634,5579.0,9,0,0,0,0.0,0
1.3427,59,0,0.3325,11373.0,11,0,1,0,2.0,0
0.0329,57,0,0.2329,2055.0,8,0,1,0,1.0,0
0.013,78,0,1.0428,4139.0,5,0,1,0,1.0,0
0.7159,60,0,0.461,3303.0,8,0,0,0,0.0,0
0.4951,46,0,0.3958,,12,0,2,0,1.0,0
0.2156,48,0,0.5003,4189.0,7,0,1,0,1.0,0
0.3188,80,0,0.2275,5028.0,3,0,0,0,0.0,0
0.2523,47,0,0.1784,,11,0,0,0,2.0,0
0.5217,60,1,0.8429,8431.0,11,0,0,2,0.0,0
1.0381,49,0,0.8156,5612.0,11,0,0,0,1.0,0
0.487,67,0,0.0623,6387.0,8,0,0,0,1.0,0
0.1074,68,0,0.1753,4489.0,8,0,3,0,0.0,0
1.4863,52,0,0.8002,2110.0,11,0,1,0,0.0,0
0.6852,46,0,0.875,1970.0,10,0,0,0,1.0,0
0.1965,46,0,0.0416,6734.0,7,0,0,0,2.0,0
0.6957,28,0,0.1761,4316.0,3,0,0,0,1.0,0
5.3778,53,0,0.3242,14918.0,12,0,1,0,3.0,0
0.1068,53,0,0.2223,5587.0,9,0,0,0,1.0,0
3.5737,41,0,0.4291,,5,0,3,0,1.0,0
0.7671,26,0,0.6395,,4,0,1,0,0.0,0
0.1574,55,2,0.2983,,6,0,0,1,0.0,0
0.7309,57,0,0.5387,2950.0,14,0,0,0,2.0,0
1.1695,58,0,0.1652,3069.0,7,0,0,0,0.0,0
0.333,38,0,0.5814,7571.0,8,0,3,0,0.0,0
0.0243,58,0,0.85,2770.0,8,0,0,0,0.0,0
0.4156,49,0,0.3397,,7,0,2,0,0.0,0
3.0326,64,0,0.9612,6035.0,12,0,2,0,,0
0.1148,38,0,1.1223,5121.0,6,0,0,0,,0
3.5801,68,0,0.4454,5868.0,8,0,0,0,0.0,0
0.1036,73,0,0.1262,7553.0,8,0,0,0,1.0,0
0.5455,54,1,1.0888,,10,0,0,0,2.0,0
0.3601,58,0,0.5546,,4,0,0,0,2.0,0
0.2869,63,0,0.183,17694.0,10,0,1,0,1.0,0
0.838,38,0,0.2951,,2,0,2,0,1.0,0
0.2948,45,0,0.5622,,11,0,0,0,0.0,0
0.7667,55,0,0.244,2630.0,7,0,2,0,0.0,0
2.3687,80,1,0.6066,9960.0,13,0,0,0,2.0,0
0.4291,35,0,0.1552,12849.0,2,0,0,0,1.0,0
0.544,75,0,0.8693,10417.0,9,0,3,0,1.0,0
1.5822,49,0,0.3143,,8,0,1,0,0.0,0
0.8594,52,0,0.5767,,7,0,0,0,2.0,1
3.4038,69,0,0.5267,2380.0,11,0,2,0,1.0,1
0.0169,80,0,0.5725,,9,0,1,0,1.0,0
1.2612,58,0,0.5453,7037.0,4,0,1,0,1.0,0
0.4198,68,0,0.2699,5573.0,7,0,1,0,1.0,0
0.2053,39,0,0.2236,,7,0,1,0,1.0,0
0.0658,45,0,0.797,5221.0,9,0,1,0,2.0,0
0.3991,33,0,0.8166,6036.0,11,0,0,0,0.0,0
0.2025,45,0,0.2992,2982.0,9,0,2,0,0.0,0
0.4419,60,0,0.2008,,9,0,0,0,1.0,0
0.4817,55,0,0.4322,,10,0,0,0,0.0,0
0.2347,76,0,0.4334,,9,0,1,0,0.0,0
0.6738,81,0,0.8534,,5,0,0,0,0.0,0
0.0618,50,0,0.1209,3882.0,8,0,1,0,0.0,0
0.1599,42,0,0.2351,3399.0,8,0,0,0,0.0,0
0.2073,68,0,0.093,9198.0,13,0,1,0,4.0,0
0.5786,70,0,0.467,,12,0,1,0,2.0,0
0.7102,58,0,0.593,6753.0,9,0,0,0,,0
0.1082,62,0,0.4347,4147.0,6,0,0,0,1.0,0
1.9813,60,0,0.4607,1233.0,8,0,0,0,4.0,1
5.8115,38,0,0.8577,4491.0,13,0,0,0,0.0,0
0.2901,35,0,0.3303,3371.0,13,0,1,0,1.0,0
0.4365,51,0,0.1748,9790.0,4,0,1,0,0.0,0
1.4432,49,0,0.4844,,12,0,1,0,0.0,0
0.3441,56,0,0.3969,5856.0,13,2,0,1,2.0,0
0.3641,50,0,0.4277,10363.0,8,0,2,2,1.0,0
0.004,28,0,0.7631,,7,0,0,0,0.0,0
1.6115,22,0,1.0271,1853.0,6,0,1,0,1.0,1
0.0129,62,0,0.1754,16496.0,9,0,2,0,0.0,0
0.4218,43,0,0.5675,3052.0,6,0,1,0,1.0,0
0.4446,49,0,0.3019,,6,0,6,0,1.0,0
1.7412,44,0,0.1408,6054.0,6,0,2,0,2.0,0
1.4109,39,1,0.1036,2241.0,10,1,2,0,0.0,0
0.2778,39,0,0.9677,2018.0,6,0,0,0,1.0,0
0.4329,66,0,0.8201,10353.0,7,0,2,0,1.0,0
0.7323,49,0,0.6561,11170.0,9,0,1,0,2.0,0
0.1063,61,0,0.1029,,8,0,0,0,0.0,0
0.3848,63,0,0.7263,,8,0,0,0,3.0,0
0.4247,56,0,0.4443,8340.0,6,0,0,0,1.0,0
0.0175,63,0,0.2947,,13,0,1,0,0.0,0
0.0955,52,0,0.2345,4379.0,6,0,1,0,2.0,0
0.0777,71,0,0.6253,5225.0,5,0,2,0,1.0,0
0.5721,64,0,0.6527,,7,0,2,0,,0
0.577,65,0,0.4058,10935.0,6,0,2,0,0.0,0
0.5028,39,1,0.5961,3512.0,7,0,2,0,2.0,0
0.6548,56,0,0.2232,,9,0,1,0,2.0,0
0.3992,26,0,0.5933,4376.0,4,0,3,0,2.0,0
0.033,72,0,0.3638,4457.0,10,0,0,0,0.0,0
0.0667,43,0,0.6352,1791.0,3,0,0,0,2.0,0
0.7423,45,1,0.5212,6048.0,8,0,2,1,0.0,0
0.2499,33,0,0.4241,3155.0,6,0,1,0,0.0,0
0.2423,51,0,0.7833,4192.0,7,0,1,0,0.0,0
0.1455,48,0,0.6077,,8,0,1,0,0.0,0
0.0429,78,0,0.4374,2109.0,4,0,1,0,0.0,0
0.1977,64,0,0.2773,8448.0,8,0,0,0,1.0,0
0.5816,45,0,0.3828,1591.0,7,0,2,0,0.0,0
0.2508,29,0,0.472,4494.0,8,0,0,0,1.0,0
0.5572,21,0,0.2148,,4,0,1,0,1.0,0
1.026,38,0,0.6943,2795.0,6,0,0,0,0.0,0
0.9937,33,0,0.4981,15117.0,10,0,1,0,0.0,0
3.2337,57,1,0.6417,,11,1,0,0,1.0,0
0.2679,50,0,1.1909,6815.0,10,0,0,0,0.0,0
0.0883,52,0,0.2219,20142.0,9,0,1,0,0.0,0
0.0662,39,0,0.5658,5766.0,3,0,2,0,1.0,0
0.4858,54,0,0.3304,7263.0,8,0,0,0,0.0,0
0.2513,32,0,1.0085,5971.0,11,0,0,0,0.0,0
0.1663,51,0,0.1481,7423.0,4,0,0,0,1.0,0
0.3909,64,0,0.2382,7052.0,17,0,1,0,1.0,0
0.4434,47,0,0.4111,15033.0,8,0,2,0,0.0,0
0.4167,58,0,0.7481,5434.0,10,0,1,0,0.0,0
0.584,24,0,0.8275,2167.0,10,0,1,0,1.0,0
0.48,23,0,0.3372,,9,0,0,0,0.0,0
0.2408,57,0,0.4084,,8,0,1,0,1.0,0
0.0662,67,1,0.8293,6842.0,13,0,2,0,0.0,0
1.3588,49,1,0.6877,8241.0,9,0,0,0,0.0,0
0.5712,82,0,0.746,5276.0,12,0,1,0,,1
3.4693,32,0,0.9632,3291.0,6,0,1,0,1.0,0
0.5116,42,0,0.4421,6067.0,10,0,1,0,2.0,0
0.5463,54,0,0.7782,6742.0,8,0,1,0,1.0,0
0.6412,59,0,0.2294,,5,0,3,0,1.0,0
0.4832,44,0,0.1683,12280.0,5,0,0,0,1.0,0
0.7029,37,0,0.6684,9580.0,8,0,1,0,0.0,0
0.6282,61,0,0.7705,9316.0,4,0,0,0,0.0,0
0.19,54,0,0.9451,4380.0,8,0,2,0,0.0,0
0.2506,47,0,0.3167,8422.0,10,0,1,0,0.0,0
1.0907,59,0,0.194,4252.0,10,0,0,0,0.0,0
0.1469,50,0,0.7209,7469.0,9,0,2,0,0.0,0
0.2116,50,0,0.2506,20053.0,8,0,0,0,1.0,0
1.0398,50,0,0.3066,2449.0,5,0,2,0,2.0,0
0.2044,41,0,0.93,2716.0,9,0,2,0,2.0,0
0.1576,39,0,0.5131,5988.0,7,0,3,0,3.0,0
0.3875,45,0,0.6324,4445.0,7,0,0,0,0.0,0
0.3793,52,0,0.1228,,9,0,1,0,2.0,0
0.199,26,0,0.5959,1620.0,9,0,0,0,1.0,0
0.5062,65,0,0.2282,,10,0,1,0,0.0,0
1.1867,52,0,0.7811,10350.0,3,0,1,1,1.0,0
0.1515,37,0,0.2236,19595.0,11,0,0,0,2.0,0
0.7186,75,0,0.5689,17441.0,9,0,0,0,0.0,0
0.1933,53,0,0.5369,6150.0,5,0,3,0,2.0,0
0.1482,33,0,0.4372,4662.0,8,0,1,0,0.0,0
0.5898,74,0,0.8158,3895.0,7,0,0,0,0.0,0
0.6029,71,0,0.488,2262.0,7,0,2,0,0.0,0
0.5496,39,0,0.0359,11459.0,10,0,0,0,0.0,0
1.0713,47,0,0.3843,5313.0,5,0,1,0,0.0,0
0.2605,46,0,0.4589,,11,0,0,0,5.0,0
0.5325,26,0,0.2287,2965.0,10,0,1,0,1.0,0
0.061,57,0,0.3863,5225.0,13,0,1,0,0.0,0
0.8845,64,0,0.0331,4384.0,2,0,1,0,2.0,0
0.1174,61,0,0.221,3357.0,5,0,0,0,0.0,0
0.4369,52,0,0.4991,,14,0,1,0,0.0,0
0.3402,65,0,0.5599,10204.0,9,0,1,0,2.0,0
0.4005,36,2,1.0248,22680.0,9,0,0,0,0.0,0
0.1027,77,0,0.9685,2182.0,5,0,1,0,1.0,0
0.5215,41,0,0.4257,,8,0,0,0,1.0,0
0.1529,43,0,0.4747,,0,0,0,0,2.0,0
2.7347,44,0,0.8044,7105.0,8,0,0,0,0.0,0
0.2069,43,0,0.6031,2636.0,12,0,4,0,0.0,0
0.4723,49,0,0.5605,8351.0,5,0,1,0,1.0,0
0.1577,49,1,1.0269,2875.0,5,1,1,0,1.0,0
0.6606,54,0,0.146,3485.0,6,0,1,0,0.0,0
0.072,41,0,1.0294,2787.0,4,0,1,0,1.0,0
0.1391,54,0,0.4169,7843.0,14,0,1,0,0.0,0
0.0124,37,0,0.7057,2734.0,11,0,0,0,1.0,0
0.253,62,0,0.1969,2027.0,5,0,2,0,1.0,0
0.6693,62,0,0.9328,2810.0,10,0,5,0,1.0,0
0.4674,52,0,0.0732,7946.0,5,0,0,0,1.0,0
0.082,43,0,0.4941,14016.0,7,0,0,0,0.0,0
10.4927,56,0,0.6327,7719.0,6,0,0,0,0.0,0
0.4137,40,0,1.1574,,9,0,1,0,0.0,0
0.5452,52,0,0.9643,,3,0,2,0,1.0,0
0.2534,50,0,0.0351,2721.0,11,0,1,0,1.0,0
0.5925,89,0,0.9309,13479.0,9,0,1,0,1.0,0
0.017,35,3,0.6308,3654.0,12,0,1,0,0.0,0
0.139,21,0,0.7616,3566.0,11,0,0,0,,0
1.5928,43,0,0.4832,,5,0,0,0,0.0,0
0.9245,28,0,0.8139,7325.0,5,0,1,0,1.0,0
1.8403,42,0,0.3721,9849.0,8,0,1,0,0.0,0
0.7255,34,2,0.2791,1832.0,12,0,1,2,1.0,0
0.2921,39,0,0.2887,4845.0,9,0,2,0,1.0,0
0.0266,37,0,0.1516,4788.0,8,0,0,0,,0
0.1632,65,0,0.1484,3697.0,7,0,1,0,1.0,0
0.3111,51,0,0.6235,4580.0,10,0,1,0,4.0,0
0.2651,67,0,0.0265,2268.0,8,0,0,0,0.0,0
1.0283,53,0,0.8703,7737.0,7,0,0,0,4.0,0
0.1381,65,1,0.4136,,8,0,0,0,0.0,0
1.5995,48,0,0.6316,4123.0,13,0,0,1,0.0,0
0.39,74,0,0.1204,6043.0,2,0,2,0,0.0,0
1.0505,59,0,0.6006,,10,0,0,0,1.0,0
0.6473,41,0,0.5339,2517.0,11,0,1,0,0.0,0
0.6513,61,0,0.2252,6122.0,10,0,1,0,1.0,0
0.2382,52,0,0.7412,11767.0,10,0,1,0,1.0,0
0.5638,49,0,0.266,6417.0,14,0,0,0,1.0,0
0.4119,53,0,0.3643,4615.0,7,0,1,0,0.0,0
3.7627,63,0,0.8242,7053.0,7,0,0,0,0.0,0
0.0475,22,0,1.3153,7003.0,10,0,2,0,1.0,0
0.2743,47,0,0.1936,3716.0,11,0,0,0,0.0,0
2.134,62,0,0.3237,7271.0,13,0,1,0,0.0,0
0.7834,55,0,0.1116,4269.0,9,0,1,0,0.0,0
0.5746,36,0,0.216,2997.0,14,0,0,0,0.0,0
2.0364,21,0,0.2033,2818.0,14,0,0,0,,0
0.2533,76,0,0.6248,3968.0,4,0,2,0,1.0,0
0.0935,49,0,0.5536,6114.0,8,0,0,0,3.0,0
0.0907,73,0,1.0946,7714.0,7,0,3,0,2.0,0
0.9511,63,0,0.8389,5997.0,9,0,1,0,1.0,0
0.1912,41,0,0.4793,2275.0,6,0,1,0,0.0,0
0.0177,21,0,0.0177,,9,0,3,0,0.0,0
0.468,46,0,0.6113,6251.0,11,0,1,0,1.0,0
0.6825,51,0,0.6866,1707.0,14,0,2,0,1.0,1
0.0164,58,0,0.3155,,14,0,2,0,1.0,0
0.201,36,0,0.739,1866.0,11,0,1,0,0.0,0
0.0613,54,0,0.4526,4552.0,5,0,1,0,1.0,0
0.3149,54,0,0.6205,4583.0,9,0,1,0,1.0,0
0.8505,66,0,0.6397,10046.0,6,0,0,0,0.0,0
0.9233,48,0,0.1569,5913.0,6,0,0,0,1.0,0
1.7789,58,0,0.7014,4236.0,10,0,1,0,1.0,0
0.3706,56,0,0.3094,,9,0,1,0,1.0,0
0.6529,64,0,0.6495,6321.0,8,0,1,0,0.0,0
0.5426,41,0,0.6582,3173.0,14,0,0,0,0.0,0
0.3738,21,0,0.6202,,6,0,1,0,0.0,0
0.2866,49,0,0.0056,4190.0,5,0,0,0,0.0,0
0.8365,49,0,0.5201,,9,0,2,0,3.0,0
0.4976,36,0,0.4892,4441.0,13,0,2,0,0.0,0
0.0862,31,0,0.9166,17811.0,9,0,3,0,1.0,0
0.7528,44,0,0.4537,10249.0,10,0,3,0,0.0,0
0.3155,50,0,0.3723,,6,0,0,0,1.0,0
4.9638,53,0,0.2689,17547.0,6,0,0,0,3.0,0
0.1859,21,0,0.4585,,12,0,1,0,1.0,0
0.3134,27,0,0.4342,5966.0,5,0,1,0,1.0,0
0.0116,68,0,0.6292,,15,0,3,0,2.0,0
0.4594,49,0,0.0944,4528.0,6,0,1,0,1.0,0
0.1023,52,0,0.7538,5890.0,5,0,2,0,2.0,0
0.9544,33,0,0.3852,4280.0,8,0,0,0,1.0,0
0.5745,52,0,0.0953,4002.0,8,0,1,0,3.0,0
0.5338,47,0,0.6069,13921.0,6,0,1,0,1.0,0
0.3017,43,0,0.3337,6004.0,8,0,1,0,3.0,0
0.0395,32,0,0.2079,,5,0,2,0,0.0,0
0.1457,40,0,0.2441,3664.0,8,0,0,0,1.0,0
0.5813,80,0,0.9708,,9,0,0,0,1.0,0
3.0525,47,0,0.5617,2824.0,4,0,1,0,0.0,0
0.2048,63,0,0.3289,,10,0,0,0,1.0,0
0.0576,49,0,0.5315,,8,0,2,0,1.0,0
0.084,48,0,0.2359,5486.0,14,0,2,0,1.0,0
0.7815,43,0,1.1832,7910.0,4,0,0,0,1.0,0
1.0392,71,0,0.3917,2097.0,9,0,4,0,1.0,0
0.4418,57,0,0.2035,3682.0,6,0,0,0,3.0,0
10.2901,41,0,0.3777,8369.0,9,0,0,0,1.0,0
0.4818,46,0,0.729,8629.0,7,0,1,0,0.0,0
0.1119,67,0,0.444,,4,0,1,0,0.0,0
0.0219,21,0,0.4346,4085.0,9,0,0,0,1.0,0
1.3614,56,0,0.1429,5057.0,7,1,2,0,0.0,0
0.0373,60,0,0.452,5423.0,10,0,1,0,1.0,0
0.5651,42,0,0.4016,5198.0,5,0,1,0,1.0,0
0.4852,54,0,0.0635,4338.0,8,0,0,0,1.0,0
0.7785,59,2,0.1086,6080.0,13,1,1,0,0.0,0
0.0815,35,0,0.4933,5084.0,8,0,2,0,2.0,0
0.488,64,0,1.3371,9951.0,11,0,2,0,0.0,0
0.2719,56,0,0.7031,2411.0,14,0,2,0,0.0,0
0.0863,50,0,0.4872,5605.0,6,0,2,0,1.0,0
0.0423,53,0,0.2905,,8,0,0,0,0.0,0
0.3184,62,0,0.6882,4172.0,15,0,0,0,1.0,0
0.1312,84,0,0.2378,,8,0,2,0,2.0,0
0.1939,61,0,0.2838,5286.0,9,0,0,0,1.0,0
0.2592,63,0,0.98,22143.0,17,0,3,0,0.0,0
0.4631,55,0,0.1422,5991.0,4,0,3,0,3.0,0
3.2241,79,0,0.8668,9897.0,14,0,0,0,1.0,0
0.3568,31,0,0.4914,4279.0,6,0,1,0,0.0,0
0.4398,28,0,0.5523,,7,0,0,0,0.0,1
1.5526,54,0,0.8117,5820.0,3,0,0,0,0.0,0
0.317,61,0,0.8232,5929.0,5,0,1,0,2.0,0
0.2813,21,0,0.2599,4505.0,12,0,2,0,2.0,0
0.3421,52,0,0.4077,4750.0,8,0,0,0,0.0,0
0.2798,49,0,0.5057,3220.0,8,0,0,0,0.0,0
0.6438,62,0,1.2598,8769.0,4,0,1,0,0.0,0
0.2043,58,0,0.6663,2651.0,12,0,2,0,1.0,0
0.4297,27,0,0.8855,9509.0,5,0,1,0,2.0,0
0.6127,37,0,0.4826,,4,0,2,0,1.0,0
0.1413,41,0,0.5834,3631.0,9,0,1,0,3.0,0
0.765,62,0,0.0939,5810.0,11,0,2,0,0.0,0
0.2912,57,0,0.6014,4208.0,4,0,0,0,0.0,0
0.1193,43,0,0.3781,3968.0,11,0,1,0,3.0,0
0.2598,54,0,0.2213,5553.0,12,0,1,0,1.0,0
0.1283,37,0,0.4401,,11,0,0,0,0.0,0
0.4063,81,0,0.2204,16666.0,4,0,1,0,2.0,0
0.6283,60,0,0.3894,15519.0,9,0,2,0,1.0,0
0.6279,63,0,0.55,6012.0,12,0,0,0,0.0,0
0.3027,71,2,0.8361,4340.0,10,0,2,0,0.0,0
0.7509,66,0,0.4038,3586.0,7,0,2,0,2.0,0
0.5268,52,0,0.6077,,3,0,2,0,0.0,0
0.0465,49,0,0.6089,10381.0,9,0,0,0,1.0,0
0.1911,70,0,0.1892,4066.0,6,0,0,0,1.0,0
8.5183,52,0,0.5554,4884.0,12,0,4,0,2.0,1
0.5922,42,0,0.2287,6617.0,8,0,1,0,0.0,0
0.686,80,0,0.0458,7477.0,7,0,0,0,1.0,0
0.5456,39,0,0.182,7281.0,9,0,0,0,1.0,0
0.4646,28,0,0.6383,7322.0,17,0,0,0,2.0,0
1.6784,66,0,0.1314,2263.0,10,0,1,0,0.0,0
0.3434,42,0,0.6204,7912.0,6,0,1,0,0.0,0
1.1304,58,0,1.0444,4249.0,4,0,0,0,3.0,1
0.6559,77,0,0.4876,4006.0,8,0,2,0,0.0,1
0.618,33,0,0.0652,3231.0,4,0,1,0,1.0,0
4.707,51,0,0.4363,3982.0,7,0,1,0,0.0,0
0.3512,73,0,0.5857,,7,0,1,0,1.0,0
0.4001,62,0,0.3733,4428.0,4,0,3,0,1.0,0
0.804,49,0,0.2739,,7,0,1,0,0.0,0
1.5825,85,0,0.3153,4637.0,6,0,1,0,1.0,0
2.1268,51,0,0.4036,29764.0,8,0,3,0,0.0,0
0.3462,58,0,0.9223,2879.0,12,0,2,0,0.0,0
2.2203,75,2,0.1933,11417.0,9,0,1,0,0.0,0
0.3154,66,0,0.3991,5580.0,6,0,1,0,3.0,0
0.524,71,2,0.4173,,10,0,1,0,0.0,0
0.2334,39,1,0.6925,,7,0,2,2,2.0,0
0.3468,69,0,0.3564,7376.0,6,0,0,0,1.0,0
0.8101,54,0,0.2995,3139.0,9,0,2,0,3.0,0
0.1547,42,0,0.7263,3484.0,11,0,0,0,1.0,0
0.5119,55,0,0.488,,10,0,1,0,2.0,0
3.5161,55,0,0.4597,,7,0,0,0,0.0,0
0.1465,78,0,0.7803,10499.0,13,0,4,0,1.0,0
0.6998,57,0,0.7303,7462.0,8,0,0,0,0.0,0
1.3502,41,0,0.3577,,10,0,1,0,0.0,0
0.7563,38,0,0.4539,4814.0,9,0,1,0,0.0,0
0.9335,51,0,0.3394,2273.0,6,0,1,0,1.0,0
0.138,33,0,1.0309,2896.0,5,0,0,0,1.0,0
0.5739,42,0,0.3057,1957.0,4,0,1,0,0.0,0
2.0853,49,0,0.1338,13330.0,8,0,2,0,1.0,0
6.6582,46,0,0.6995,,7,0,1,0,0.0,0
2.0145,62,0,0.3687,5305.0,13,0,1,0,1.0,0
0.1409,42,0,0.8745,4481.0,10,0,0,0,0.0,0
7.5876,21,0,0.4642,3460.0,9,0,1,0,1.0,0
0.3969,28,0,0.5531,6152.0,8,0,0,0,,0
0.0247,52,0,0.7403,12299.0,6,0,2,0,3.0,0
0.8241,44,1,0.7949,4881.0,9,0,0,1,0.0,0
0.4543,35,0,0.9179,13012.0,9,0,0,0,1.0,0
0.9383,79,0,0.0692,6893.0,11,0,1,0,2.0,0
0.4328,64,0,0.8096,9082.0,10,0,1,0,1.0,0
0.4357,51,0,0.7929,,4,0,0,0,1.0,0
0.6887,55,0,0.4104,,8,0,0,0,1.0,0
0.4774,48,0,0.7083,4148.0,1,0,0,0,0.0,0
0.694,34,0,0.4693,4651.0,4,0,1,0,0.0,0
0.1461,66,0,0.3468,9006.0,5,0,0,0,2.0,0
0.337,64,0,0.496,9951.0,4,0,0,0,0.0,0
0.2943,24,0,0.9874,,4,0,0,0,0.0,0
0.2249,55,0,0.4301,9089.0,8,0,0,0,2.0,0
0.5602,57,0,0.5472,10474.0,7,0,0,0,1.0,0
0.5088,47,0,0.2631,5550.0,8,0,1,0,0.0,0
0.191,81,0,0.5439,8645.0,12,0,3,0,2.0,0
0.2965,80,0,0.1345,4736.0,6,0,1,0,3.0,0
0.6102,47,0,0.3779,6053.0,15,0,0,0,0.0,0
0.1647,49,0,0.5052,6394.0,5,0,3,0,1.0,0
0.1923,47,0,0.7836,4338.0,6,0,1,0,0.0,0
0.411,43,0,0.5568,5006.0,10,0,0,0,1.0,0
0.4619,39,0,0.2243,12757.0,10,0,1,0,1.0,0
0.1322,59,0,0.1787,1864.0,6,0,1,0,0.0,0
0.3288,79,0,0.8878,4434.0,5,0,0,0,0.0,0
0.0026,74,0,0.3873,4885.0,7,0,0,0,0.0,0
0.8211,63,0,0.3815,,10,0,0,0,1.0,0
1.0874,21,0,0.7346,2459.0,10,0,1,0,1.0,0
0.4299,26,0,0.2838,10629.0,8,0,1,0,0.0,0
0.5583,67,0,0.6785,,12,0,1,0,0.0,0
1.8468,75,0,0.9018,,4,0,0,0,,0
2.6019,60,0,0.4304,6442.0,9,0,1,0,1.0,0
7.4347,48,0,0.3414,3066.0,7,0,1,0,4.0,0
2.1407,71,0,0.0649,8456.0,6,0,1,0,1.0,0
0.6218,63,0,0.8611,13541.0,6,0,1,0,0.0,0
0.5532,68,0,0.0393,6299.0,7,0,0,0,0.0,0
2.596,26,0,0.33,6968.0,13,0,1,0,0.0,0
0.133,57,0,0.5384,9377.0,5,0,1,0,4.0,0
0.0024,77,0,0.4736,12230.0,9,0,0,0,1.0,0
0.3538,59,0,0.326,4551.0,9,0,0,0,1.0,0
0.147,65,0,0.5906,4757.0,9,0,1,0,1.0,0
0.8196,53,0,0.4026,,10,0,0,0,0.0,0
0.3447,53,0,0.2084,,8,0,1,0,3.0,0
0.2219,72,0,0.4244,4131.0,1,0,2,0,,0
0.257,43,0,0.5439,,8,0,0,0,1.0,0
0.0021,41,0,0.2562,,9,0,3,0,0.0,0
0.4715,45,0,1.0805,8219.0,9,0,1,0,0.0,0
0.2577,52,0,0.5694,9287.0,12,0,2,0,1.0,0
0.8068,29,0,0.1749,,5,0,1,0,1.0,0
1.0019,62,0,0.2647,5776.0,6,0,2,0,0.0,0
0.739,50,0,0.3413,2489.0,8,0,3,0,0.0,0
0.5269,64,0,0.2153,4286.0,6,0,0,0,0.0,0
0.0028,22,0,0.3061,4578.0,11,0,1,0,1.0,0
1.6272,64,0,0.0691,7327.0,9,0,0,0,0.0,0
3.6876,71,0,0.7131,,8,0,2,0,0.0,0
3.5786,58,0,0.1204,4983.0,17,0,1,0,2.0,0
0.0524,52,0,0.9594,9268.0,5,0,1,0,1.0,0
0.0964,64,0,0.1464,8281.0,9,0,2,0,2.0,0
0.4404,70,0,0.7726,13675.0,11,0,0,0,1.0,0
0.2709,59,0,0.6442,5156.0,11,0,0,0,1.0,0
0.1652,60,0,0.2722,5586.0,9,0,1,0,0.0,0
0.659,75,0,0.3099,14653.0,7,0,2,0,0.0,0
0.6097,63,0,0.5994,3978.0,10,0,1,0,0.0,0
6.4281,41,0,0.2902,4182.0,6,0,0,0,1.0,0
0.442,70,0,0.5642,3732.0,3,0,2,0,0.0,0
2.592,50,0,0.674,1913.0,8,0,2,0,1.0,1
0.2991,52,0,0.2013,3743.0,6,0,1,0,1.0,0
2.8146,53,0,0.5297,6506.0,5,0,0,0,2.0,0
0.3256,66,0,0.3646,5785.0,7,0,2,0,1.0,0
0.0337,76,0,0.4824,,7,0,1,1,1.0,0
0.569,52,0,0.586,8992.0,8,0,0,0,2.0,0
1.0801,76,0,0.2011,,2,0,0,0,,0
0.1329,54,0,0.875,5156.0,9,0,0,0,0.0,0
0.0182,72,0,0.8426,3015.0,14,0,1,0,1.0,0
0.3275,55,0,0.9075,6329.0,7,0,1,0,0.0,0
0.1931,45,0,0.4933,1593.0,12,0,1,0,0.0,0
0.4534,79,0,0.5562,3901.0,7,0,1,0,3.0,0
0.0379,44,0,0.0785,5879.0,6,0,1,0,2.0,0
0.2009,43,0,0.2092,8418.0,10,0,1,0,1.0,0
0.5044,34,0,0.4798,,6,0,0,0,2.0,1
0.3723,70,0,0.358,2785.0,6,0,3,0,1.0,0
0.718,73,0,1.0211,4243.0,8,0,0,0,0.0,0
0.7184,57,0,0.2082,3576.0,4,0,0,0,0.0,0
0.2015,38,0,0.167,7669.0,13,0,1,0,0.0,0
0.7032,52,0,0.6846,3742.0,6,0,0,0,1.0,0
0.0616,48,0,0.4239,8226.0,8,0,0,0,1.0,0
0.2288,38,0,0.5499,2780.0,8,0,1,0,1.0,0
0.2375,45,0,0.5752,3119.0,8,0,2,0,1.0,0
0.5321,59,0,0.1281,6648.0,5,0,0,0,0.0,0
0.634,44,0,0.827,2643.0,7,0,2,0,1.0,0
0.4499,56,0,0.1183,6881.0,14,0,0,0,3.0,0
0.2327,27,0,0.5314,3514.0,13,0,1,0,1.0,0
0.2437,76,0,0.2685,7573.0,9,0,1,0,3.0,0
0.3794,47,0,0.7386,13567.0,7,0,0,0,3.0,0
0.4564,64,0,0.1395,,9,0,1,0,3.0,0
0.5777,55,0,0.3274,11758.0,7,0,2,0,0.0,0
0.2782,58,0,0.367,4325.0,9,0,1,0,1.0,0
0.0928,36,0,0.2912,,9,0,1,0,0.0,0
0.6726,41,0,0.2642,3854.0,10,0,2,0,0.0,0
0.1176,42,0,0.2307,5400.0,7,0,1,0,0.0,0
0.1614,52,0,0.6521,8160.0,11,0,0,0,3.0,0
0.4628,71,0,0.8035,2979.0,7,0,2,0,1.0,1
1.3874,58,0,0.9181,3900.0,8,0,2,0,0.0,0
0.5348,39,0,0.0343,1970.0,3,0,1,0,1.0,0
0.6337,53,0,0.4062,6699.0,12,0,2,0,0.0,0
2.971,51,0,0.3706,3232.0,9,0,0,3,2.0,0
0.4369,47,0,0.3698,,9,0,0,0,1.0,0
2.0074,52,0,0.0792,4339.0,9,0,1,0,0.0,0
0.6197,63,0,0.0163,,11,0,2,0,1.0,0
0.1181,42,0,0.6748,5140.0,5,0,1,0,1.0,0
0.7704,47,0,0.3535,17424.0,6,0,3,0,2.0,0
0.1056,66,0,0.4931,,5,0,2,0,1.0,0
0.0495,59,0,0.2853,5339.0,8,0,1,0,0.0,0
5.6729,70,0,0.5777,4301.0,9,0,1,0,2.0,1
0.569,72,0,1.5283,,13,0,0,0,1.0,1
0.5077,33,0,0.6778,3625.0,11,0,0,0,0.0,1
0.5565,56,0,0.2941,7223.0,9,0,1,0,1.0,0
0.7098,45,0,1.0484,7954.0,9,0,1,0,2.0,0
0.6043,35,0,0.2651,10302.0,7,0,2,0,0.0,0
0.7405,41,0,0.4193,2283.0,12,0,1,0,0.0,0
0.229,48,0,0.0984,1938.0,9,0,1,0,0.0,0
0.0996,48,0,0.1098,3556.0,7,0,1,0,0.0,0
3.0398,44,0,0.5595,,4,0,0,0,0.0,0
0.3564,52,2,0.6027,5510.0,9,0,0,0,0.0,0
0.4649,86,0,0.8034,,8,0,3,0,3.0,0
0.1734,28,0,0.393,,6,0,0,0,1.0,0
0.2099,68,0,0.6368,11156.0,4,0,3,0,0.0,0
0.8324,52,0,0.0405,6480.0,12,0,1,0,1.0,1
3.2283,46,1,0.6723,12405.0,4,0,1,0,2.0,0
0.5679,24,0,0.1383,4329.0,8,0,3,0,0.0,1
0.7877,63,0,0.9652,1326.0,8,0,1,0,0.0,0
0.3489,32,3,0.6839,3597.0,5,0,0,0,0.0,0
0.662,64,0,0.5528,7670.0,12,0,2,0,0.0,0
0.1064,76,1,0.5775,,8,0,2,0,0.0,0
0.1197,34,0,0.6885,2056.0,4,0,0,0,1.0,0
0.4079,68,0,0.219,4715.0,4,0,1,0,1.0,0
0.0854,52,0,0.0768,,6,0,1,0,1.0,0
0.5776,23,0,0.0799,3468.0,8,0,1,0,1.0,0
0.13,35,0,0.8847,4230.0,13,0,2,0,0.0,0
0.0188,54,0,0.5457,,7,0,1,0,1.0,0
0.494,58,0,0.6995,3371.0,6,0,0,0,1.0,0
0.6309,30,0,0.406,5323.0,9,0,1,0,0.0,0
0.0536,52,0,0.0296,2806.0,5,0,1,0,2.0,0
1.1679,64,0,0.4163,5525.0,10,0,1,0,1.0,0
0.4197,66,0,0.5182,17597.0,3,0,1,0,2.0,0
0.0351,46,0,0.7141,19511.0,5,0,0,0,1.0,0
0.5227,58,0,0.1936,1774.0,7,0,0,0,0.0,0
0.4538,67,0,0.1806,1493.0,8,0,0,0,0.0,0
0.4871,64,0,0.155,,5,0,1,0,1.0,0
0.8778,64,0,0.5092,5593.0,5,0,2,0,0.0,0
0.07,54,0,0.616,4534.0,14,0,0,0,0.0,0
4.8313,51,0,0.4374,4177.0,9,0,0,0,1.0,0
0.3287,56,0,0.5061,9476.0,10,0,0,0,1.0,0
0.3429,41,0,0.4056,5355.0,8,0,1,0,2.0,0
3.1956,68,0,0.4876,3809.0,13,0,1,0,0.0,0
0.7274,31,0,0.7701,6857.0,9,0,2,0,0.0,0
0.5995,45,0,0.3269,5996.0,12,0,0,0,1.0,0
0.8704,51,0,0.7417,2977.0,6,0,1,0,1.0,0
0.3992,59,1,0.7625,3772.0,8,1,1,0,0.0,0
0.3567,61,0,0.3773,3212.0,10,0,0,0,2.0,0
0.2085,73,0,0.2753,4420.0,7,0,4,0,0.0,0
0.2247,53,0,0.8733,,11,0,1,0,0.0,0
3.0143,42,0,0.4952,1185.0,13,0,1,0,1.0,0
0.07,50,0,0.7413,,11,0,1,0,2.0,0
0.8005,48,0,0.1577,5282.0,8,0,3,0,0.0,0
0.0171,59,0,0.2338,4130.0,10,0,1,0,0.0,0
0.3117,37,0,0.8113,5553.0,11,0,1,0,1.0,0
0.0178,50,0,0.8317,,6,0,1,0,2.0,0
0.5478,75,0,0.5794,4332.0,3,0,1,0,3.0,1
0.1687,55,0,0.2744,,10,0,2,0,1.0,0
0.1935,37,0,0.167,6808.0,8,0,2,0,1.0,0
0.667,47,0,0.2612,8094.0,7,0,1,0,1.0,0
0.4639,21,0,0.8326,4113.0,8,0,1,0,3.0,0
1.7703,51,2,0.6505,5036.0,11,1,1,1,0.0,0
0.3832,75,0,0.8155,,4,0,1,0,0.0,0
0.3998,35,0,0.3954,5979.0,5,0,2,0,0.0,0
0.0389,32,0,0.4564,2936.0,10,0,2,0,2.0,0
0.7374,43,0,0.2802,,9,0,0,0,0.0,0
0.66,65,0,0.3044,9996.0,8,0,2,0,1.0,0
3.8303,76,3,0.4118,,5,0,2,0,3.0,0
0.4185,58,0,1.0925,3628.0,3,0,0,0,0.0,0
0.7981,34,0,0.3433,4294.0,7,0,1,0,2.0,0
0.3175,52,0,0.1971,,6,0,2,0,0.0,0
5.8702,77,0,0.5128,3162.0,6,0,0,0,1.0,1
0.2544,48,0,0.3369,4851.0,10,0,1,0,2.0,0
0.3001,54,0,0.4768,4841.0,8,0,0,0,0.0,0
0.5939,55,0,1.4585,11990.0,13,0,1,0,0.0,0
0.6991,30,0,0.3232,,7,0,1,0,0.0,0
0.015,66,0,0.6829,,12,0,0,0,2.0,0
0.3845,64,0,0.3367,4469.0,5,0,2,0,2.0,0
0.8964,24,0,0.3604,7538.0,6,0,0,0,2.0,0
0.0623,33,0,0.2652,9568.0,11,0,1,0,1.0,0
0.214,38,0,0.4865,,7,0,0,0,0.0,0
0.0355,62,0,0.1255,9296.0,11,0,2,0,0.0,0
0.2823,41,0,0.9673,,7,0,0,0,1.0,0
1.0563,58,0,0.5064,3718.0,13,0,2,0,1.0,0
0.353,49,0,0.7155,4252.0,6,0,0,0,0.0,0
0.6228,53,0,0.185,,9,0,0,0,1.0,0
0.3524,59,0,0.3028,,12,0,1,0,0.0,0
0.4551,56,0,0.5603,11184.0,8,0,0,0,2.0,0
0.1552,52,0,0.5,4359.0,10,0,2,0,1.0,0
0.0849,57,0,0.4631,,8,0,2,0,0.0,0
0.9887,55,0,0.219,15762.0,7,0,1,0,2.0,0
0.5518,49,0,0.5533,1101.0,9,0,0,0,,0
0.6058,46,0,0.721,9464.0,9,0,1,0,,0
0.312,78,0,0.3566,16162.0,7,0,0,0,1.0,0
0.5566,46,0,0.6149,3003.0,15,0,2,0,0.0,0
0.3161,71,0,0.2833,6577.0,11,0,1,0,1.0,0
0.3146,42,0,0.6357,4174.0,5,0,2,0,0.0,0
0.5043,63,0,0.5921,1098.0,6,0,1,0,0.0,0
0.4542,77,0,1.1697,4960.0,12,0,1,0,0.0,1
3.7937,47,0,0.2452,,9,0,2,0,1.0,0
1.6319,43,0,0.1531,2001.0,7,0,1,0,0.0,0
0.2931,46,0,0.4155,9279.0,2,0,0,0,0.0,0
1.0042,52,0,0.4109,,7,0,2,0,1.0,0
0.4143,57,0,0.4241,,5,0,2,0,1.0,0
4.6192,51,0,0.1996,3784.0,5,0,0,0,0.0,0
2.4905,46,0,0.0672,8952.0,7,0,0,0,2.0,0
0.3414,79,0,0.1713,2658.0,7,0,1,0,0.0,0
0.179,49,0,0.92,5296.0,8,0,1,0,0.0,0
0.0844,43,0,0.4566,2934.0,5,0,0,0,3.0,0
0.1419,64,0,0.4485,8535.0,10,0,0,0,0.0,0
0.0182,64,0,0.5639,2898.0,9,0,0,0,2.0,0
0.3122,72,0,0.868,11683.0,11,0,1,0,2.0,0
0.1515,79,0,0.7148,4755.0,7,0,0,0,,0
0.2733,57,0,0.5432,7524.0,6,0,3,0,0.0,0
2.7861,48,0,0.8885,7014.0,11,0,1,0,1.0,0
0.5898,25,0,0.3692,3618.0,8,0,0,0,2.0,0
0.2102,39,0,0.3677,7360.0,7,0,1,0,3.0,0
0.5659,55,0,0.1685,7921.0,9,0,1,0,,0
0.2295,35,0,0.5056,1644.0,5,0,1,0,3.0,0
0.7212,30,0,0.1841,3380.0,10,0,2,0,0.0,0
0.4233,53,3,0.7137,12580.0,6,0,1,0,1.0,0
0.1601,63,0,0.3422,5682.0,7,0,0,0,,0
2.1302,49,0,1.0236,5419.0,15,0,0,0,1.0,0
0.7252,65,0,0.7593,,4,0,1,0,0.0,0
0.8045,61,0,0.3189,,6,0,0,0,0.0,0
0.0181,68,0,0.6035,,10,0,0,0,1.0,0
0.6681,82,0,0.0643,1449.0,12,0,4,0,2.0,0
0.8948,89,0,0.85,,13,0,1,0,1.0,1
1.1284,62,0,0.0912,3766.0,10,0,0,0,0.0,0
0.2482,46,0,0.7677,2338.0,7,0,0,0,0.0,0
1.2315,53,0,0.1513,6488.0,9,0,0,0,,0
13.5924,74,0,0.5977,8355.0,8,0,0,0,1.0,0
0.5276,39,5,0.5332,4661.0,7,0,0,0,0.0,0
0.343,72,0,0.4902,2828.0,10,0,1,0,1.0,0
0.1414,50,0,0.6322,14659.0,11,0,0,0,1.0,0
0.8623,55,0,0.4268,,16,0,1,0,1.0,0
0.7561,41,0,0.6313,6844.0,9,0,0,0,1.0,0
0.2229,33,0,0.5916,4886.0,12,0,1,0,1.0,0
0.1931,48,0,0.2413,3079.0,9,0,2,0,1.0,0
0.911,70,0,0.4745,2965.0,5,0,0,0,0.0,1
0.0586,42,0,0.0251,7228.0,9,0,1,0,0.0,0
1.3571,75,0,0.2126,8088.0,4,0,0,0,3.0,0
0.1387,44,0,0.1758,14279.0,10,0,0,0,1.0,0
0.5805,37,0,0.6097,8289.0,11,0,2,0,1.0,0
0.4517,56,0,1.0602,3399.0,5,0,0,0,1.0,0
0.0359,62,0,0.4683,10342.0,8,0,1,0,1.0,0
0.5756,55,0,0.2433,2056.0,13,0,1,0,3.0,0
0.0589,54,0,0.2716,4935.0,13,0,1,0,1.0,0
0.6979,74,0,0.7475,,10,0,1,0,2.0,1
0.6946,53,0,0.5879,2639.0,12,0,3,0,1.0,0
5.0552,45,0,1.0978,5037.0,11,0,2,0,2.0,0
0.3711,36,0,0.7917,6154.0,8,0,0,0,0.0,0
0.02,70,0,0.4778,,2,0,1,0,0.0,0
0.9458,46,0,0.9505,5057.0,8,0,2,0,1.0,0
0.5973,47,0,0.6398,,6,0,0,0,0.0,0
0.4431,67,0,0.1172,,9,0,2,0,1.0,0
0.9218,81,0,0.5767,2726.0,9,0,0,0,3.0,1
0.4237,56,0,0.3358,4201.0,4,0,0,0,1.0,0
0.0869,50,0,0.2756,,10,0,3,0,1.0,0
0.8725,52,0,0.3935,3509.0,12,0,0,0,1.0,0
1.4966,46,0,0.4515,,5,0,0,0,1.0,0
0.0223,47,0,0.8203,3309.0,10,0,1,0,2.0,0
0.0895,47,0,0.0868,4188.0,12,0,1,0,1.0,0
2.0996,65,0,0.9331,2867.0,5,0,0,0,2.0,0
0.6988,51,0,0.3338,7392.0,8,0,1,0,1.0,0
0.3238,71,0,0.8289,8941.0,8,0,2,0,0.0,0
1.249,50,0,0.6932,4739.0,6,0,3,0,1.0,0
2.7719,47,0,0.3027,7741.0,6,0,0,0,1.0,0
0.543,70,0,0.2499,,10,0,0,0,0.0,0
0.3636,52,0,0.4397,4212.0,5,0,1,0,1.0,0
0.0565,50,0,0.895,,6,0,2,0,1.0,0
0.1843,52,0,0.53,8266.0,3,0,2,0,0.0,0
0.5088,73,0,0.1813,1850.0,5,0,0,0,1.0,0
3.6386,56,0,0.1929,5058.0,8,0,0,0,0.0,0
0.4758,69,0,0.7353,,11,0,1,0,0.0,0
0.3654,49,0,0.2715,11973.0,14,0,0,0,1.0,0
0.7178,67,0,0.4457,5561.0,11,0,0,0,1.0,0
0.332,55,0,0.3191,,7,0,0,0,0.0,0
0.351,64,0,0.4305,,11,0,3,0,1.0,0
0.1006,66,0,0.6902,,4,0,1,0,1.0,0
0.009,39,0,0.4556,,9,0,0,0,0.0,0
0.2963,53,0,0.2418,11143.0,3,0,0,0,1.0,0
0.4358,65,0,0.0227,,9,0,0,0,0.0,0
0.5943,68,0,0.6067,9823.0,10,0,2,0,1.0,0
4.7128,70,0,0.441,13697.0,10,0,0,0,1.0,0
0.0882,53,0,0.6362,2209.0,5,0,1,0,,0
1.0906,74,0,0.5961,4942.0,15,0,3,0,0.0,0
0.8207,43,0,0.3534,5980.0,8,0,0,0,,0
0.5722,31,0,0.8192,5714.0,9,0,0,0,0.0,0
0.2096,48,0,0.7493,7504.0,8,0,1,0,1.0,0
0.6468,69,0,0.8146,9592.0,6,0,0,0,0.0,0
4.4294,37,0,0.1978,8944.0,7,0,2,0,0.0,0
0.7907,31,0,0.4793,8959.0,9,0,0,0,0.0,0
0.3223,28,0,0.6925,9451.0,5,0,1,0,0.0,0
0.0542,62,0,0.449,3809.0,6,0,0,0,1.0,0
0.7291,32,0,0.7139,10728.0,6,0,0,0,0.0,0
0.7971,60,0,0.2473,3258.0,7,0,0,0,0.0,0
0.4115,47,0,0.6115,,9,0,0,0,1.0,0
0.4257,41,0,0.309,5699.0,14,0,0,0,4.0,0
0.6716,38,0,0.5032,,5,0,1,0,1.0,1
3.0993,55,0,0.0743,7853.0,8,0,0,0,2.0,1
0.5146,41,0,0.112,2005.0,7,0,2,0,0.0,0
0.3588,52,0,0.9428,,15,0,3,0,0.0,0
0.0966,58,0,0.1865,4460.0,8,0,2,0,0.0,0
2.3744,61,0,0.0771,7759.0,4,0,2,0,1.0,0
3.5858,65,0,0.536,22079.0,9,0,2,0,0.0,0
0.0975,54,0,0.5227,7073.0,5,0,4,0,1.0,0
0.4559,37,0,0.7371,,13,0,0,0,,0
2.1568,59,0,0.7303,10245.0,10,0,0,0,0.0,0
0.0223,61,0,0.1156,1968.0,10,0,1,0,0.0,0
0.1276,49,0,0.1905,,6,0,2,1,2.0,0
0.7616,48,0,0.2334,8874.0,12,0,1,0,1.0,0
1.1368,87,0,0.8222,,7,0,0,0,0.0,0
0.5686,34,0,0.6201,17281.0,5,0,1,0,2.0,0
0.1504,59,0,0.6792,4895.0,10,0,1,0,0.0,0
0.6318,67,0,0.8234,7685.0,4,0,3,0,1.0,0
0.1597,47,0,0.917,3720.0,9,0,1,0,1.0,0
4.3874,50,0,0.136,,6,0,2,0,1.0,0
1.2172,46,0,0.1415,2277.0,9,0,2,0,,0
0.4395,52,0,0.2787,4852.0,6,0,0,0,0.0,1
1.4347,65,0,0.5743,,5,0,0,0,1.0,0
0.2803,49,0,0.5363,5474.0,9,0,1,0,1.0,0
0.5788,95,0,0.352,,8,0,3,0,1.0,0
0.4749,46,0,0.3503,,8,0,1,0,2.0,0
0.2443,71,0,0.6954,19672.0,5,0,0,0,0.0,0
0.4829,60,0,0.8109,,6,0,1,0,1.0,1
0.4836,54,0,0.4733,10951.0,9,0,0,0,0.0,0
0.3558,73,0,0.2175,,7,0,1,0,1.0,0
0.5294,30,0,0.4624,6806.0,5,0,1,0,1.0,0
1.2026,58,0,0.6757,4695.0,11,0,2,0,2.0,0
0.8976,42,0,0.3708,,11,0,2,0,1.0,0
0.2757,46,0,0.8208,2522.0,6,0,1,0,0.0,0
0.0012,45,2,0.7172,,4,0,1,0,0.0,0
0.4282,39,2,0.6228,1827.0,8,1,2,0,0.0,0
2.744,29,0,0.4666,,11,0,1,0,0.0,0
0.3259,57,0,0.2986,3556.0,6,0,1,0,0.0,0
0.4507,51,0,0.6047,6622.0,3,0,0,0,1.0,0
0.4117,48,0,0.2878,2909.0,8,0,0,0,2.0,0
0.4785,63,0,1.3161,,7,0,0,0,1.0,0
0.1801,58,0,0.1479,12165.0,10,0,0,0,0.0,0
0.4885,48,0,0.1064,5046.0,9,0,0,0,1.0,0
0.7343,95,0,0.5408,9415.0,10,0,0,0,1.0,0
0.8842,66,0,0.168,4432.0,8,0,2,0,1.0,0
0.6102,86,0,0.3255,13487.0,9,0,3,0,1.0,0
0.2237,46,0,0.217,17465.0,7,0,0,0,0.0,0
0.0125,55,0,0.2995,10391.0,4,0,2,0,1.0,0
3.5184,35,0,0.411,13251.0,9,0,0,0,2.0,0
3.172,47,0,0.6292,5412.0,2,0,0,0,0.0,0
0.8804,44,0,0.7959,15485.0,6,0,2,0,2.0,0
0.0014,94,0,0.7269,4602.0,12,0,2,0,1.0,0
0.0051,42,0,0.4316,3846.0,8,0,2,0,1.0,0
0.1458,49,0,0.2282,26698.0,13,0,2,0,1.0,0
0.2062,32,0,0.6582,2587.0,12,0,2,0,3.0,0
0.0053,59,0,0.6716,2520.0,8,0,1,0,1.0,0
0.4596,39,0,0.1822,4446.0,9,0,0,0,2.0,0
2.1192,65,2,0.1396,,8,0,1,0,3.0,0
0.1861,27,0,0.7626,7714.0,7,0,1,0,0.0,0
0.2962,50,0,0.7442,4137.0,5,0,2,0,2.0,0
0.1613,26,2,0.5753,2673.0,3,0,1,0,0.0,0
0.6579,45,0,0.3758,,5,0,2,0,0.0,0
0.0499,48,0,0.4425,3430.0,7,0,0,0,2.0,0
0.0298,44,0,0.1537,9983.0,4,0,1,0,1.0,0
9.2973,45,0,0.0852,8442.0,9,0,0,0,0.0,0
0.1692,66,0,1.1319,5055.0,14,0,0,0,0.0,0
0.4602,82,0,0.591,6117.0,10,0,1,0,0.0,0
0.1235,57,0,0.7369,4065.0,7,0,3,0,1.0,0
0.7721,40,0,0.2532,4954.0,11,0,0,0,0.0,0
1.7969,53,0,0.7214,9522.0,11,0,3,0,0.0,0
0.3945,47,0,0.4199,,7,0,0,0,0.0,0
0.6758,64,0,0.1714,5171.0,7,0,0,0,1.0,0
0.6781,56,0,0.3558,6860.0,10,0,3,0,4.0,0
0.4478,30,0,0.3047,7094.0,8,0,1,0,1.0,0
1.644,67,0,0.101,7879.0,4,0,2,0,0.0,0
0.4724,66,0,0.241,9112.0,12,0,2,0,0.0,0
2.0107,73,0,0.5081,22686.0,9,0,1,0,2.0,0
0.7023,45,0,0.4528,7349.0,9,0,0,0,0.0,0
0.3283,56,0,0.4975,3294.0,13,0,1,0,0.0,0
0.1975,35,0,0.597,4918.0,13,0,0,0,2.0,0
0.0298,51,0,0.4521,,5,0,0,0,1.0,0
0.3824,58,0,0.6445,1874.0,9,0,0,0,0.0,0
0.0489,43,2,0.1283,1395.0,9,0,2,1,0.0,0
0.3816,57,0,0.5456,,12,0,0,0,1.0,0
0.6767,54,2,0.1614,4262.0,5,0,0,0,2.0,0
0.1516,46,0,0.295,3920.0,4,0,1,0,2.0,0
0.2281,72,2,0.9464,10359.0,6,0,1,0,0.0,0
0.2432,49,0,0.7441,11113.0,5,0,3,0,1.0,0
0.2188,54,0,0.4297,1758.0,8,0,0,0,3.0,0
0.4132,31,0,0.1789,4630.0,9,0,1,0,0.0,0
0.3397,59,0,0.6569,4483.0,8,0,0,0,0.0,0
3.2466,45,0,0.9244,10379.0,9,0,3,0,1.0,0
0.4565,65,0,0.7043,6494.0,9,0,0,0,1.0,0
0.4623,34,0,0.2291,5025.0,2,0,4,0,,0
0.5582,58,0,0.6023,7090.0,11,0,0,0,1.0,0
0.0685,21,0,0.1173,2433.0,10,0,1,0,1.0,0
0.1467,61,0,0.1385,4561.0,6,0,1,0,1.0,0
6.9916,50,0,0.6367,,4,0,2,0,0.0,0
0.4984,58,0,0.2218,4857.0,7,0,1,0,1.0,0
0.0511,44,0,0.5442,,13,0,0,0,2.0,0
0.2184,39,0,0.4154,,4,0,1,0,0.0,0
1.0796,46,0,0.3394,6740.0,6,0,2,0,0.0,0
0.4914,55,0,0.7163,,6,0,1,0,2.0,0
0.4484,60,0,0.1686,,6,0,3,0,1.0,0
0.0512,56,0,0.7135,7993.0,6,0,2,0,0.0,0
0.6823,39,0,0.4744,4107.0,5,0,2,0,2.0,0
4.2862,78,0,0.593,3889.0,10,0,0,0,4.0,0
0.7245,57,0,0.6624,,10,0,0,0,0.0,0
0.1896,43,0,0.1972,8346.0,4,0,2,0,0.0,0
0.2326,58,0,0.5681,2192.0,5,0,1,0,0.0,0
0.1446,56,1,0.363,1790.0,7,0,2,0,1.0,0
2.2347,50,1,0.3528,5202.0,4,0,2,0,1.0,0
0.1504,48,0,0.1276,5491.0,10,0,0,0,0.0,0
0.5306,66,0,0.3825,,8,0,2,0,0.0,0
1.5518,76,0,0.1918,,8,0,0,0,1.0,0
0.6539,23,0,0.37,8788.0,7,0,1,0,1.0,0
0.0163,69,0,0.6826,,7,0,0,0,0.0,0
0.4741,52,0,0.8815,,3,0,1,0,1.0,0
0.7543,55,0,0.2817,6474.0,8,0,0,0,0.0,0
0.685,71,0,0.6268,,10,0,1,0,1.0,0
0.039,21,0,1.0081,4489.0,10,0,2,0,0.0,0
1.1072,63,0,0.2073,24226.0,7,0,3,0,0.0,0
0.0985,70,0,0.7128,,7,0,0,0,0.0,0
0.3884,42,0,0.2716,3288.0,7,0,0,0,0.0,0
0.33,32,0,0.2927,3623.0,8,0,1,0,0.0,0
0.1266,75,0,0.2201,12118.0,8,0,1,0,2.0,0
0.2289,27,0,1.0213,4351.0,7,0,2,0,0.0,0
0.6072,58,0,0.2345,6783.0,9,0,1,0,0.0,0
0.6195,66,0,0.3354,4368.0,6,0,1,0,0.0,0
0.3023,58,0,0.4465,4176.0,10,0,3,0,1.0,0
0.623,60,0,0.0644,12689.0,6,0,3,0,1.0,0
0.0675,48,0,0.4192,,11,0,0,0,1.0,0
0.7953,58,0,0.1516,3416.0,7,0,0,0,0.0,0
0.6425,42,0,0.4714,6187.0,8,0,0,0,0.0,0
0.3979,44,0,0.262,,7,0,1,0,1.0,0
0.5607,52,0,0.2611,2321.0,9,0,2,0,0.0,0
0.1092,30,0,0.1466,7654.0,6,0,0,0,2.0,0
0.3209,60,0,0.8777,3870.0,7,0,1,0,0.0,0
0.6663,21,0,0.5532,5593.0,11,0,3,0,2.0,0
0.8904,57,1,0.6932,3511.0,11,0,0,0,1.0,0
0.1984,58,0,0.9955,6065.0,5,0,1,0,0.0,0
0.3743,41,0,0.9108,3051.0,8,0,1,0,1.0,0
0.3235,35,0,0.6101,1643.0,14,0,0,0,1.0,0
0.4384,46,0,0.4524,,7,0,2,0,1.0,0
0.0786,61,0,0.4345,8828.0,5,0,1,0,0.0,0
0.2092,57,0,1.1963,,9,0,2,0,0.0,0
0.2459,36,0,0.1676,12831.0,6,0,4,0,2.0,0
0.6162,53,0,0.3414,8714.0,7,0,1,0,4.0,1
0.1662,56,0,0.5942,5340.0,6,0,0,0,1.0,0
0.3473,55,3,0.1184,8372.0,9,0,0,0,0.0,0
0.4662,38,0,0.6152,,8,0,1,0,1.0,1
0.3453,54,0,0.3134,3774.0,11,0,1,0,0.0,0
0.409,65,0,0.4195,3678.0,10,0,1,0,2.0,0
0.1985,60,0,0.3834,7885.0,11,0,0,0,1.0,0
0.0549,58,0,0.2178,3949.0,4,0,0,0,0.0,0
0.3278,75,0,0.1397,10918.0,4,0,1,0,0.0,0
3.5208,54,0,0.3908,4279.0,4,0,1,0,0.0,0
0.0887,40,0,0.2266,7957.0,7,0,1,0,3.0,0
0.2655,40,0,0.6219,4259.0,8,0,0,0,1.0,0
0.1845,54,0,1.2427,18264.0,8,0,1,0,0.0,0
1.0292,32,0,0.1939,7527.0,8,0,1,0,0.0,0
0.6432,48,2,0.4284,4138.0,10,0,1,0,0.0,0
0.1145,58,0,0.5315,5576.0,8,0,3,0,1.0,0
0.6008,68,0,0.2452,3742.0,10,0,0,0,2.0,0
0.4871,30,0,0.8272,7247.0,7,0,2,0,0.0,0
0.0967,53,0,0.2797,,8,0,2,0,0.0,0
3.9443,51,0,0.6186,15301.0,6,0,2,0,0.0,0
0.0702,53,0,0.5735,4248.0,8,0,1,0,1.0,0
3.8416,54,0,0.3135,3021.0,7,0,0,0,0.0,0
0.4447,52,0,0.1394,12470.0,8,0,1,0,1.0,0
0.0863,71,0,0.1898,6480.0,10,0,1,0,1.0,0
0.3365,69,0,0.9226,4586.0,7,0,2,0,1.0,0
2.3476,82,0,0.5574,,11,0,0,0,0.0,1
0.599,52,0,0.3694,4870.0,11,0,1,0,1.0,0
9.0844,46,0,0.1782,,13,0,1,0,1.0,0
0.4503,38,0,0.8422,9539.0,12,0,1,0,2.0,0
0.0329,45,0,0.1144,7317.0,12,0,0,0,1.0,0
0.4738,62,0,0.4876,12965.0,12,0,0,0,1.0,0
0.5912,64,0,0.0954,7351.0,12,0,2,0,1.0,0
0.7083,61,0,0.1946,12183.0,10,0,0,0,1.0,0
0.1009,43,0,0.2283,2339.0,6,0,1,0,3.0,0
1.1301,43,1,0.2785,,6,3,0,0,0.0,0
0.2909,79,0,0.6466,5115.0,11,0,0,0,0.0,0
0.3783,40,0,0.3254,2269.0,16,0,1,0,1.0,0
0.238,72,0,0.3608,,10,0,0,0,2.0,0
1.8547,58,0,1.1153,4091.0,5,0,0,0,0.0,1
0.1426,42,0,0.3248,2308.0,11,0,0,0,0.0,0
0.1087,35,0,0.5215,9001.0,6,0,3,0,1.0,0
0.4299,42,0,0.4572,4576.0,11,0,2,0,1.0,0
3.1875,58,0,0.9306,2319.0,4,0,0,0,0.0,0
0.1403,39,0,0.0959,5870.0,11,0,1,0,2.0,0
0.6319,74,0,0.6891,,9,0,0,0,0.0,0
0.1071,49,0,0.6864,3286.0,5,0,1,0,1.0,0
0.0757,62,0,0.1891,1238.0,6,0,0,0,2.0,0
0.0442,61,0,0.2506,,9,0,3,0,1.0,0
1.4745,75,0,0.9239,6920.0,15,0,1,0,1.0,0
0.1228,46,0,0.6862,2922.0,11,0,2,0,0.0,0
1.4311,53,0,0.6229,1983.0,8,0,1,0,0.0,0
1.2727,32,0,0.6304,1845.0,11,0,0,0,1.0,0
0.1468,53,0,0.3975,3058.0,9,0,2,0,0.0,0
1.9636,68,0,0.9778,8281.0,10,0,0,0,0.0,0
0.931,55,0,0.1472,6080.0,7,0,0,0,0.0,0
2.1606,84,0,0.3045,4045.0,5,0,0,0,0.0,0
0.4728,59,0,0.4208,9334.0,4,0,1,0,0.0,0
2.1652,44,0,0.3915,,5,0,1,0,0.0,0
0.0545,58,0,0.541,5532.0,7,0,1,0,0.0,0
0.4686,32,0,0.0362,3392.0,7,0,0,0,0.0,0
0.0448,41,0,0.6088,,11,0,0,0,0.0,0
0.2733,35,0,0.8256,,10,0,0,0,1.0,0
0.5953,52,0,0.4674,,11,0,0,0,0.0,0
0.3712,51,0,0.6137,4677.0,11,0,1,0,2.0,0
0.3175,69,3,0.7433,3588.0,14,0,0,1,0.0,0
2.4293,51,0,0.3856,6376.0,13,0,0,0,0.0,0
0.6408,38,0,0.0828,5177.0,13,0,0,0,1.0,0
0.2012,74,0,0.7655,7286.0,10,0,1,0,1.0,0
0.0709,21,0,0.0701,3289.0,4,0,2,0,1.0,0
0.5537,53,0,0.9546,2089.0,10,0,0,0,3.0,0
0.5768,55,0,0.7469,2274.0,9,0,0,0,1.0,1
0.0913,52,0,0.5281,19981.0,9,0,1,0,0.0,0
0.6692,59,0,0.681,3978.0,7,0,1,0,1.0,0
0.2719,54,0,0.941,,6,0,0,0,2.0,0
5.2991,59,0,1.0047,6625.0,5,0,0,0,0.0,0
0.2755,44,0,0.1385,4303.0,7,0,4,0,0.0,0
0.6091,32,0,0.4509,5542.0,5,0,0,0,1.0,0
0.5086,51,0,0.3019,,7,0,1,0,0.0,0
0.3349,38,0,0.8451,4283.0,9,0,4,0,0.0,0
0.3262,42,0,0.9788,,2,0,1,0,,0
0.5598,68,0,0.3358,6795.0,5,0,1,0,2.0,0
0.5852,74,0,0.5143,17998.0,3,0,1,0,1.0,0
0.3171,68,0,0.7875,13806.0,8,0,3,0,0.0,0
0.7001,65,0,0.299,4378.0,6,0,3,0,0.0,0
0.5729,53,0,0.3209,,12,0,2,0,3.0,0
0.3164,66,0,1.1527,2989.0,9,0,2,0,1.0,0
0.5829,57,0,0.0716,7173.0,10,0,1,0,1.0,0
1.0848,79,0,0.5765,4288.0,5,0,0,0,0.0,1
0.3933,39,0,0.2788,,6,0,1,0,2.0,0
0.4558,61,0,0.7671,1968.0,6,0,1,0,1.0,0
2.6931,34,0,0.3527,5325.0,7,0,0,0,0.0,0
0.0727,61,0,0.5257,7401.0,7,0,2,0,0.0,0
0.0423,28,2,0.6045,4430.0,10,0,1,0,0.0,0
0.5687,35,0,0.0709,,8,0,1,0,1.0,0
3.2038,34,0,0.6488,2800.0,10,0,0,0,1.0,0
0.0991,56,0,0.1584,12332.0,3,0,0,0,0.0,0
0.4315,57,0,0.3167,3468.0,10,0,0,0,0.0,0
1.1515,86,0,0.1892,8692.0,14,0,0,0,0.0,0
0.49,51,0,0.9926,9158.0,8,0,0,0,0.0,0
0.1153,63,0,0.4992,8178.0,5,0,0,0,2.0,0
0.059,54,0,0.3361,5013.0,6,0,0,0,1.0,0
0.033,62,0,0.7877,12947.0,4,0,1,0,2.0,0
0.0853,54,2,0.509,4267.0,6,0,0,0,0.0,0
0.3024,67,0,0.5954,11014.0,8,0,0,0,0.0,0
0.0813,37,0,0.2452,5042.0,4,0,2,0,1.0,0
0.9689,21,0,0.2303,2465.0,7,0,2,0,3.0,0
0.0949,58,0,0.7033,,8,0,2,0,0.0,0
11.5633,27,0,0.7311,,2,0,3,0,0.0,0
3.2357,70,0,0.9239,3317.0,11,0,0,0,0.0,0
0.6662,44,0,0.3508,3216.0,10,0,0,0,2.0,0
0.1158,37,0,0.4221,,8,0,2,0,1.0,0
0.134,90,1,0.4066,4837.0,6,0,1,0,1.0,0
0.1196,52,0,0.9774,3397.0,11,0,1,0,0.0,0
0.532,49,0,0.629,6107.0,4,0,1,0,0.0,0
0.2284,62,0,0.5152,3192.0,6,0,1,0,1.0,0
0.0929,63,0,0.8978,,7,0,2,0,0.0,0
0.6543,68,0,0.5826,17445.0,11,0,2,0,2.0,0
0.4624,33,0,0.8235,6684.0,6,0,1,0,1.0,0
6.4237,60,0,0.686,8291.0,8,0,3,0,0.0,0
0.0595,48,0,0.8786,2603.0,11,0,1,0,2.0,0
0.8186,39,0,0.0213,7134.0,6,0,1,0,1.0,0
0.3699,53,0,0.6761,3450.0,10,0,1,0,1.0,0
0.3881,27,0,0.3096,15235.0,4,0,1,0,0.0,0
0.2581,65,0,0.9147,7327.0,8,0,0,0,0.0,0
0.5637,48,0,0.4496,5649.0,9,0,0,0,2.0,0
0.4122,45,0,0.1642,7804.0,9,0,1,0,0.0,0
0.2571,50,0,0.3425,1469.0,9,0,1,0,0.0,0
1.6997,50,0,0.4778,4287.0,9,0,0,0,1.0,0
0.4756,68,0,0.512,34452.0,15,0,1,0,3.0,0
0.0178,37,0,0.6715,2275.0,10,0,0,0,,0
0.4121,47,0,0.9419,,10,0,1,0,1.0,0
0.0619,49,0,0.5016,15264.0,5,0,1,0,0.0,0
0.959,37,0,0.1733,3236.0,5,0,1,0,0.0,0
0.0252,54,0,0.0963,2491.0,8,0,2,0,2.0,0
0.6363,42,0,0.3502,7471.0,2,0,2,0,2.0,0
0.5247,32,0,0.5829,8927.0,4,0,0,0,0.0,0
0.6309,59,0,0.6982,2829.0,6,0,0,0,1.0,0
0.4514,74,0,0.2537,11032.0,8,0,2,0,1.0,0
5.8096,53,0,0.1403,,5,0,0,0,0.0,0
0.9317,51,0,1.041,3330.0,6,0,0,0,1.0,0
0.2036,50,0,0.4287,9698.0,6,0,2,0,1.0,0
0.9279,45,0,0.3074,6251.0,12,0,1,0,1.0,0
0.8213,68,0,0.5104,8445.0,2,0,1,0,2.0,0
0.7391,53,0,0.4539,4195.0,10,0,0,0,,0
0.6437,21,0,0.6568,7233.0,6,0,0,0,1.0,0
3.2683,69,0,0.5446,2628.0,13,0,0,0,1.0,0
0.4333,65,0,0.3757,2823.0,8,0,1,0,1.0,1
0.1776,60,0,0.7444,29371.0,9,0,3,0,1.0,0
0.6618,21,0,0.8199,7433.0,11,0,2,0,1.0,0
0.0132,52,0,0.6119,12433.0,6,0,1,0,,0
0.772,65,0,1.0952,2570.0,11,0,0,0,0.0,0
0.7065,57,0,0.8712,18613.0,11,0,1,0,1.0,0
0.5866,55,0,0.6555,3617.0,8,0,1,0,2.0,0
0.0558,65,2,0.929,10876.0,10,1,0,0,0.0,0
0.6934,54,0,0.3109,4310.0,2,0,0,0,0.0,0
0.188,69,0,0.0554,5990.0,7,0,1,0,1.0,0
0.002,54,0,0.1413,8914.0,4,0,1,0,2.0,0
1.083,53,0,0.9399,4175.0,12,0,1,0,0.0,0
0.5313,64,0,0.2996,,9,0,1,0,0.0,0
0.3712,46,0,0.8602,12020.0,10,0,2,0,1.0,0
0.0852,37,0,1.0122,,7,0,2,0,1.0,0
0.3714,52,0,0.0447,3133.0,10,0,1,0,0.0,0
1.3971,60,1,0.277,3661.0,5,0,0,0,2.0,0
2.0314,65,0,0.7203,4028.0,12,0,2,0,0.0,0
0.0702,65,0,0.5618,,3,0,0,0,,0
0.4285,51,0,0.3547,2018.0,6,0,1,0,0.0,0
0.0086,50,0,0.5665,,10,0,3,0,0.0,0
0.2496,44,0,0.5585,3854.0,12,0,2,0,1.0,0
0.558,55,0,0.627,,9,0,0,0,0.0,0
0.1923,29,0,0.2167,10147.0,6,0,1,0,1.0,1
0.5895,52,0,0.1381,5921.0,10,0,1,0,0.0,0
0.2199,92,0,0.5515,5352.0,8,0,2,0,0.0,0
0.3856,31,0,0.3282,4854.0,13,0,0,0,0.0,0
0.2562,54,0,0.4448,8616.0,10,0,2,0,2.0,0
0.1763,57,2,0.6526,2816.0,11,0,1,1,0.0,0
0.2256,59,0,0.2121,5605.0,1,0,1,0,0.0,0
0.7101,38,0,0.4291,11293.0,9,0,3,0,0.0,0
0.0233,59,0,0.7029,3833.0,9,0,0,0,0.0,0
0.1112,45,0,0.0759,,7,0,0,0,,0
1.0881,32,0,0.379,6600.0,13,0,0,0,0.0,0
0.6177,65,0,0.2434,1946.0,9,0,1,0,1.0,0
4.8464,61,0,0.7767,4448.0,8,0,3,0,1.0,0
0.6739,38,0,0.4178,,9,0,0,0,0.0,0
6.0055,44,0,0.5456,4159.0,9,0,1,0,1.0,0
0.3608,44,0,0.4219,6820.0,13,0,1,0,1.0,0
0.0121,29,0,1.1558,5724.0,5,0,3,0,0.0,0
0.5801,63,0,0.2809,12589.0,12,0,1,0,1.0,0
0.0879,63,0,0.8532,4465.0,6,0,1,0,0.0,0
3.5676,47,0,0.4957,6370.0,12,0,1,0,1.0,0
0.0751,52,0,0.1873,7112.0,4,0,1,0,1.0,0
3.6181,54,0,0.823,4653.0,5,0,1,0,1.0,1
2.0516,55,0,0.1947,7168.0,7,0,1,0,0.0,0
0.0034,33,0,0.1175,4854.0,7,0,0,0,2.0,0
1.0561,59,1,0.7012,9380.0,11,0,4,0,2.0,0
0.8,36,0,0.3354,7538.0,10,0,1,0,0.0,0
1.771,62,0,0.6017,10710.0,12,0,1,0,0.0,0
0.5822,37,0,0.1792,15644.0,8,0,0,0,0.0,0
0.8292,34,0,0.2376,3240.0,2,0,0,0,0.0,0
1.4529,52,0,0.249,12666.0,7,0,0,0,1.0,0
0.2868,51,0,0.3982,15174.0,2,0,3,0,2.0,0
0.3944,53,3,0.7491,4979.0,6,0,0,0,2.0,0
2.7353,40,0,0.376,8578.0,10,0,0,0,1.0,0
1.3929,55,0,0.6142,1764.0,6,0,0,0,2.0,0
0.8102,56,0,0.6478,,11,0,0,0,,0
0.137,68,0,0.0731,12726.0,9,0,0,0,0.0,0
4.5756,55,0,0.8087,3000.0,7,0,2,0,1.0,0
0.5011,44,0,0.5842,,13,0,1,0,1.0,0
0.5057,33,0,0.1032,5931.0,8,0,0,0,0.0,0
0.0799,31,0,0.1624,8907.0,11,0,1,0,1.0,0
0.1961,57,0,0.2829,7805.0,14,0,0,0,1.0,0
0.4426,63,0,0.3216,2547.0,6,0,1,0,1.0,0
0.3336,40,0,0.0898,12478.0,7,0,0,0,1.0,0
0.2807,56,0,0.2827,9182.0,8,0,1,0,0.0,0
0.3122,50,0,1.0818,6789.0,6,0,1,0,0.0,0
0.7806,62,0,0.3699,3721.0,10,0,0,0,1.0,0
1.0442,64,0,0.0894,31309.0,10,0,0,0,0.0,0
0.2742,21,0,0.6917,4852.0,5,0,0,0,2.0,0
0.2066,66,0,0.7781,,1,0,0,0,1.0,0
0.7972,56,0,0.731,3346.0,9,0,2,0,2.0,0
0.0331,45,0,0.907,3738.0,10,0,1,0,0.0,0
0.6541,45,0,0.5042,,11,0,2,0,,1
0.4653,52,0,0.7999,3917.0,6,0,2,0,1.0,0
0.5809,45,0,0.0855,,8,0,1,0,0.0,1
0.6581,39,0,0.493,,10,0,1,0,2.0,0
0.2607,42,0,0.0555,5100.0,14,0,1,0,2.0,0
0.6816,37,0,0.952,7435.0,6,0,2,0,0.0,0
0.2318,71,0,0.4458,8367.0,6,0,0,0,3.0,0
1.0058,53,0,0.0726,7119.0,9,0,1,0,1.0,0
0.5659,84,0,0.1143,11124.0,10,0,2,0,0.0,0
0.3276,57,0,0.5808,,12,0,1,0,0.0,0
0.0846,60,0,0.3153,4828.0,7,0,0,0,1.0,0
1.8672,37,0,0.8035,4628.0,9,0,0,0,1.0,0
0.1704,49,0,0.2793,4832.0,8,0,1,0,0.0,0
0.0606,53,0,0.6242,4702.0,9,0,0,0,,0
0.4104,43,1,0.5307,4150.0,8,0,0,0,3.0,0
0.2569,45,0,0.6031,34574.0,7,0,1,0,1.0,0
0.5023,58,1,0.0523,,6,0,2,0,1.0,0
0.1592,58,0,1.0881,4826.0,5,0,4,0,1.0,0
0.9452,33,0,0.5827,4850.0,5,0,0,0,2.0,0
0.2835,56,0,0.2195,7856.0,7,0,0,0,2.0,0
3.7807,60,0,0.1983,,4,0,0,0,2.0,0
0.7715,44,0,0.3535,13401.0,2,0,0,0,0.0,0
0.275,42,0,0.889,8591.0,11,0,1,0,0.0,0
0.5924,58,0,0.522,10620.0,7,0,0,0,0.0,0
0.9071,21,0,0.3516,3818.0,11,0,1,0,2.0,0
0.1944,52,0,0.5533,,7,0,0,0,0.0,0
0.4224,75,0,0.6483,13094.0,10,0,0,0,0.0,0
0.7583,21,0,0.7776,8620.0,10,0,0,0,1.0,0
0.2703,64,0,0.1759,,10,0,2,0,0.0,0
0.2537,60,0,0.9222,9519.0,4,0,0,0,0.0,0
0.0743,32,0,0.2517,4927.0,3,0,0,0,0.0,0
0.2576,59,0,0.7546,5912.0,8,0,1,0,0.0,0
0.1024,66,0,0.1146,7397.0,7,0,0,0,1.0,0
0.3125,36,0,0.0738,7479.0,5,0,1,0,1.0,0
1.013,42,3,0.1033,6012.0,7,0,0,0,1.0,0
0.0054,52,0,0.4629,5561.0,6,0,2,0,2.0,0
0.951,66,0,0.758,6781.0,4,0,1,0,1.0,0
1.2139,44,0,0.6314,1440.0,12,0,0,0,2.0,0
0.2909,51,0,0.6249,2580.0,5,0,1,0,2.0,0
0.4322,43,0,0.4053,10782.0,11,0,1,0,2.0,0
0.4106,52,0,0.8897,5278.0,12,0,1,0,1.0,0
0.0291,67,0,0.1095,8019.0,11,0,1,0,1.0,0
0.3367,53,2,0.2299,,7,1,2,2,1.0,0
0.6889,47,0,1.0572,4121.0,12,0,1,0,1.0,1
0.545,52,0,0.4968,1477.0,5,0,3,0,0.0,0
2.1163,41,0,0.3714,2655.0,11,0,0,0,0.0,0
2.1563,38,0,0.5874,3233.0,8,0,1,0,0.0,1
0.1752,69,0,0.8103,,4,0,2,0,1.0,0
0.3638,75,0,0.7991,11856.0,0,0,2,0,0.0,0
0.8899,27,0,0.8709,,10,0,2,0,0.0,1
0.1073,60,0,0.4601,2366.0,10,0,0,0,0.0,0
0.2346,64,0,0.2151,6746.0,7,0,0,0,1.0,0
0.1668,35,0,0.5545,,6,0,3,0,0.0,0
2.6857,45,0,0.2756,4448.0,4,0,0,0,0.0,0
0.4713,44,0,0.4784,2314.0,7,0,1,0,1.0,0
0.5338,79,0,0.4021,27147.0,5,0,0,0,0.0,0
0.5932,75,0,0.1558,13067.0,10,0,0,0,0.0,0
0.2836,39,0,1.2599,5504.0,4,0,0,0,0.0,0
8.5445,32,0,0.4216,1958.0,6,0,3,0,0.0,0
1.7876,63,0,0.6847,5525.0,5,0,0,0,0.0,0
0.2389,60,0,0.5983,5032.0,11,0,0,0,1.0,0
0.3353,69,1,0.333,7270.0,6,0,0,2,0.0,0
2.0108,37,0,0.2784,3504.0,4,0,0,0,2.0,0
0.3748,62,0,0.3012,8444.0,10,0,2,0,2.0,0
0.5182,42,0,0.5293,5268.0,9,0,0,0,0.0,0
0.6085,61,0,0.1285,1967.0,16,0,1,0,2.0,1
1.3169,51,0,0.4104,17708.0,10,0,0,0,0.0,0
0.2189,79,0,0.9787,12998.0,5,0,0,0,0.0,0
0.0482,58,0,0.7172,,6,0,0,0,1.0,0
0.3467,48,0,0.4412,6493.0,8,0,2,0,0.0,0
0.0429,54,0,0.2189,7862.0,9,0,1,0,0.0,0
0.9262,51,0,0.416,,12,0,1,0,0.0,0
0.4702,36,0,0.5975,,7,0,0,0,0.0,0
0.5493,79,0,0.4467,5470.0,10,0,1,0,0.0,1
0.4167,74,0,0.6548,3466.0,7,0,1,0,2.0,0
0.4084,50,0,0.7988,,7,0,0,0,1.0,0
0.5355,62,0,0.4333,9666.0,12,0,1,0,0.0,0
3.1525,81,0,0.5838,,7,0,2,0,0.0,0
0.5908,69,0,0.3926,4506.0,5,0,2,0,1.0,0
0.1649,48,0,0.35,2862.0,8,0,0,0,1.0,0
0.5903,51,0,0.0541,4353.0,7,0,0,0,1.0,0
0.7289,28,0,0.9258,,10,0,3,0,2.0,0
0.1404,63,0,0.3687,3876.0,7,0,0,0,1.0,0
0.2134,69,0,0.3749,11703.0,4,0,0,0,3.0,0
0.2816,69,0,0.3518,4190.0,5,0,0,0,2.0,0
0.2715,62,0,0.5313,3171.0,7,0,1,0,,0
0.3279,57,0,0.4813,6043.0,11,0,4,0,1.0,0
0.7373,38,0,0.5604,2524.0,8,0,2,0,0.0,1
0.7912,56,0,0.1359,2853.0,10,0,1,0,2.0,0
0.4948,43,0,0.4543,2064.0,14,0,1,0,0.0,0
0.4076,59,0,0.6526,1315.0,6,0,1,0,1.0,0
0.0883,41,0,0.4914,6399.0,10,0,4,0,2.0,0
0.8479,59,0,0.3208,3904.0,3,0,0,0,1.0,0
0.0781,71,0,1.0079,,8,0,2,0,0.0,0
0.1445,57,0,0.5072,14744.0,7,0,6,0,2.0,0
0.2991,57,0,0.7995,,4,0,0,0,1.0,0
0.2587,65,0,0.7234,5835.0,10,0,1,0,0.0,0
2.7482,77,0,0.8807,2958.0,8,0,1,0,1.0,1
0.4223,50,0,0.1762,7187.0,7,0,3,0,1.0,0
0.095,59,0,0.2149,10536.0,8,0,0,0,1.0,0
0.6439,73,0,0.2635,12938.0,8,0,3,0,1.0,0
0.0295,61,0,0.2793,5145.0,7,0,1,0,2.0,0
0.4486,24,0,0.1718,4586.0,8,0,2,0,0.0,1
0.0832,42,0,0.3687,6788.0,2,0,3,0,0.0,0
0.6292,63,0,0.5594,18741.0,7,0,2,0,1.0,0
0.0573,46,0,0.1176,6581.0,10,0,1,0,2.0,0
0.1678,72,0,0.2065,4698.0,7,0,1,0,1.0,0
0.3062,78,2,0.9588,2778.0,7,1,1,1,0.0,1
0.7107,44,0,0.1149,21524.0,8,0,0,0,1.0,0
0.091,38,0,0.3251,1255.0,7,0,1,0,2.0,0
0.3025,47,0,0.8717,5736.0,11,0,0,0,2.0,0
0.1367,46,2,0.1532,5901.0,11,0,4,0,2.0,1
0.0178,74,0,0.4653,4543.0,6,0,0,0,0.0,0
0.2748,38,0,0.1198,,7,0,0,0,1.0,0
0.0081,62,0,0.596,9757.0,13,0,3,0,2.0,0
0.2484,71,0,0.3706,4899.0,9,0,0,0,0.0,0
3.3753,63,1,0.3853,8452.0,11,0,0,0,1.0,0
0.5897,58,0,0.6314,9022.0,5,0,1,0,1.0,0
0.722,50,0,0.4182,,11,1,0,0,0.0,0
0.8628,78,0,0.1332,7467.0,5,0,1,0,2.0,0
0.3152,49,1,0.4756,8964.0,12,0,2,0,1.0,0
1.4407,65,0,0.3579,2536.0,11,0,1,0,0.0,0
0.1397,50,0,0.9746,2684.0,18,0,1,0,1.0,0
0.5326,26,0,0.56,5496.0,6,0,1,0,0.0,0
3.0645,48,0,0.2364,,7,0,0,0,1.0,0
0.8449,50,0,0.0253,14571.0,4,0,1,0,0.0,0
0.8653,50,0,0.7419,4654.0,18,0,1,0,4.0,0
1.4164,43,0,0.3841,9796.0,7,0,0,0,0.0,0
0.5567,61,0,0.2602,3172.0,11,0,0,0,0.0,0
0.1228,62,0,0.5366,4500.0,13,0,1,0,0.0,0
0.0018,48,0,0.8043,,8,0,1,0,1.0,0
0.3242,48,0,0.2381,8810.0,3,0,0,0,0.0,0
0.4086,37,0,0.2884,3561.0,12,0,0,0,0.0,0
1.6128,56,4,0.5895,12768.0,7,0,0,0,2.0,0
0.2539,71,0,0.308,11716.0,4,0,2,0,0.0,1
0.4508,71,0,0.4405,5671.0,1,0,3,0,1.0,0
2.8107,44,0,0.9593,9273.0,8,0,1,0,0.0,0
0.7075,80,0,0.7241,25013.0,6,0,0,0,0.0,0
3.1578,47,0,0.0464,,3,0,0,0,1.0,0
0.2718,38,0,0.3316,1611.0,12,0,1,0,0.0,0
1.3211,33,0,0.2384,,11,0,1,0,1.0,0
0.0462,37,0,0.8672,,9,0,2,0,1.0,0
3.0214,57,0,0.3602,6346.0,1,0,0,0,1.0,0
0.9322,48,0,0.1674,6053.0,4,0,1,0,2.0,0
0.391,43,0,0.0778,10690.0,7,0,1,0,0.0,0
0.5387,40,0,1.1848,8193.0,13,0,0,0,1.0,0
0.4269,37,0,0.9985,5268.0,7,0,3,0,1.0,0
0.2395,40,0,0.8782,,11,0,0,0,0.0,0
0.1097,66,0,0.4624,7598.0,7,0,1,0,1.0,0
0.1544,77,0,0.1511,8621.0,4,0,0,0,0.0,0
5.3157,78,0,0.0147,14887.0,5,0,1,0,1.0,0
0.2566,62,0,0.3641,8806.0,7,0,1,0,2.0,0
0.6492,45,0,0.2577,9209.0,9,0,0,0,1.0,0
0.3859,43,0,0.4211,2220.0,10,0,2,0,2.0,0
0.1047,63,0,0.278,8853.0,10,0,0,0,1.0,0
0.5793,49,0,0.1446,5757.0,8,0,1,0,0.0,0
1.1143,58,0,0.5076,2710.0,8,0,0,0,1.0,0
0.075,79,0,0.2628,10066.0,9,0,1,0,0.0,0
0.0126,55,0,0.5614,,11,0,1,0,0.0,0
0.0129,84,0,0.1462,6399.0,12,0,0,0,1.0,0
0.4471,36,0,0.4899,14541.0,7,0,0,0,0.0,0
1.1547,58,0,0.4216,,8,0,1,0,1.0,0
0.2804,56,0,0.6246,1954.0,5,0,1,0,1.0,0
0.0425,38,0,0.9085,10901.0,4,0,1,0,0.0,0
0.2317,63,0,0.459,31842.0,7,0,0,0,0.0,0
0.1824,73,0,0.3389,9231.0,6,0,0,0,0.0,0
0.0105,83,0,0.3578,5866.0,13,0,0,0,0.0,0
0.7631,58,0,0.261,6620.0,6,0,1,0,1.0,0
0.3092,25,0,0.2858,6427.0,4,0,0,0,2.0,0
0.7268,59,0,0.5921,7617.0,5,0,1,0,1.0,0
0.4425,62,0,1.2942,6726.0,9,0,1,0,2.0,0
0.0503,49,0,0.8626,,12,0,0,0,0.0,0
0.1364,55,0,0.4,19396.0,7,0,0,0,1.0,0
0.698,45,0,0.0993,2591.0,6,0,0,0,0.0,0
0.0844,50,0,0.4705,9465.0,6,0,2,0,0.0,0
0.0728,66,0,0.0658,3869.0,6,0,0,0,0.0,0
0.0161,71,0,0.5951,2758.0,8,0,2,0,1.0,0
0.5024,34,1,0.6629,,2,1,0,0,0.0,0
0.3721,45,0,0.137,,4,0,2,0,1.0,0
0.2706,30,0,0.1503,8729.0,9,0,0,0,1.0,0
1.8207,78,0,0.7041,9730.0,9,0,1,0,0.0,1
1.6503,64,0,0.5504,,6,0,0,1,1.0,0
0.2934,24,0,0.3739,3646.0,10,0,0,0,0.0,0
0.3395,51,0,0.4711,,9,0,1,0,0.0,0
0.4491,48,0,0.6517,3738.0,9,0,0,0,1.0,0
0.5943,41,0,0.6766,10511.0,5,0,0,0,2.0,0
0.761,67,0,0.5714,4012.0,8,0,1,0,1.0,0
0.486,66,0,0.9494,18827.0,10,0,0,0,0.0,0
0.1845,56,0,0.405,3329.0,5,0,0,0,5.0,0
0.1594,43,0,0.4902,5511.0,9,0,0,0,1.0,0
0.1556,43,0,0.7574,5041.0,8,0,1,0,1.0,0
0.1455,53,0,0.6228,6792.0,7,0,0,0,0.0,0
2.5962,46,0,0.3536,,11,0,0,0,,0
0.1089,52,0,0.3251,8807.0,7,0,0,0,,0
0.1956,60,0,0.3505,3961.0,8,0,1,0,0.0,0
3.461,31,0,0.2397,,6,0,0,0,1.0,0
0.0018,41,0,0.8313,2537.0,13,0,2,0,0.0,0
1.9209,52,0,0.2839,8447.0,3,0,2,0,1.0,0
0.2392,74,0,0.6649,,7,0,1,0,4.0,0
0.2046,64,0,0.2353,6060.0,12,0,0,0,0.0,0
0.4584,52,0,0.4068,,7,0,1,0,1.0,0
0.0277,58,0,0.1146,3472.0,6,0,1,0,2.0,0
0.6477,51,0,0.6332,5215.0,6,0,1,0,0.0,1
1.2327,67,1,0.4172,13627.0,6,0,0,0,2.0,0
0.4615,58,0,0.409,,9,0,0,0,0.0,0
0.9477,70,0,0.6084,,9,0,0,0,0.0,1
0.0864,33,0,0.5543,6773.0,5,0,1,0,0.0,0
0.3525,41,0,0.2326,4257.0,5,2,0,0,0.0,0
0.3757,56,0,0.2432,,7,0,1,0,0.0,0
0.4906,59,0,0.8706,11318.0,9,0,2,0,0.0,0
0.3196,86,0,0.9041,6458.0,8,0,0,0,1.0,0
0.5707,27,0,0.6551,2255.0,9,0,2,0,0.0,0
1.1077,52,0,0.0583,,9,0,0,0,0.0,0
0.5568,51,0,0.3192,,10,0,1,0,0.0,0
0.4868,55,0,0.782,,8,0,1,0,0.0,0
0.0922,76,0,0.3953,9109.0,12,0,0,0,1.0,0
0.2782,64,0,0.3651,,11,0,3,0,1.0,0
1.0546,30,0,0.5123,9770.0,10,0,0,0,2.0,0
0.0861,73,1,0.6844,,5,0,1,0,1.0,1
0.3458,73,0,0.6196,6636.0,9,0,1,0,1.0,0
4.6325,56,0,0.154,,9,0,4,0,0.0,0
1.6662,29,0,0.1893,5919.0,5,0,0,0,0.0,0
0.279,50,0,0.4158,2742.0,6,0,0,0,0.0,0
0.4941,59,3,0.5758,,4,0,2,0,0.0,0
0.9552,66,1,0.1734,4923.0,11,0,0,0,0.0,0
0.5006,27,0,0.583,3656.0,6,0,1,0,0.0,0
0.5823,41,0,0.2046,1255.0,11,0,0,0,0.0,0
0.332,67,0,0.4481,3554.0,9,0,0,0,1.0,0
2.4043,73,0,0.4343,2714.0,6,0,1,0,1.0,0
0.4448,58,0,0.0319,2978.0,7,0,0,0,1.0,0
0.0225,68,0,0.1362,,8,0,0,0,0.0,0
0.2257,58,0,0.7311,,7,0,1,0,0.0,0
0.9118,65,0,0.2259,8044.0,12,0,0,0,0.0,0
0.7634,54,0,0.4031,10675.0,6,0,1,0,0.0,0
0.1026,59,0,0.1932,,8,0,1,0,2.0,0
0.7079,35,0,0.8556,2531.0,9,0,3,0,2.0,0
0.3021,62,0,0.6183,5880.0,5,0,2,0,0.0,0
0.2966,34,0,0.0414,2128.0,11,0,0,0,1.0,0
0.7613,62,0,0.2274,10381.0,11,0,0,0,2.0,0
0.1087,46,0,0.1156,,6,0,0,0,1.0,0
3.1838,57,0,0.9336,4317.0,3,0,1,0,0.0,1
0.0369,39,0,0.5358,,7,0,0,0,2.0,0
1.0158,45,0,0.0842,,5,0,0,0,0.0,0
0.1504,57,0,1.5008,4279.0,10,0,3,0,0.0,0
0.7449,63,0,0.3127,6664.0,10,0,2,0,2.0,0
0.069,67,0,0.6032,11034.0,5,0,1,0,0.0,0
0.5958,36,0,0.2458,1747.0,10,0,1,0,2.0,0
0.8345,31,0,0.091,4300.0,8,0,2,0,1.0,0
0.4845,38,0,0.0906,1808.0,7,0,2,0,1.0,1
0.4847,37,0,0.2365,8988.0,10,0,2,0,1.0,0
7.1586,74,0,0.8029,7169.0,10,0,1,0,0.0,0
0.1855,71,0,0.4639,3471.0,4,0,0,0,0.0,0
0.3818,38,0,0.1536,2995.0,5,0,1,0,1.0,0
0.7986,76,1,0.714,9627.0,2,0,1,1,0.0,0
1.9313,70,0,0.3891,,9,0,2,0,0.0,0
0.1449,29,0,0.8816,4781.0,3,0,4,0,4.0,0
0.4616,38,0,0.6832,,8,0,0,0,0.0,0
0.4911,29,0,0.9529,6789.0,8,0,0,0,0.0,1
0.4255,51,0,0.8275,6456.0,9,0,2,0,2.0,0
0.4805,52,0,0.2611,7860.0,7,0,2,0,1.0,0
0.1555,52,0,0.787,4691.0,8,0,0,0,1.0,0
0.2627,24,0,0.5153,3949.0,9,0,1,0,0.0,0
0.4886,32,0,0.6407,28061.0,9,0,0,0,0.0,0
0.2673,56,0,0.7146,6362.0,6,0,2,0,0.0,0
0.2135,61,0,0.7195,2941.0,6,0,0,0,0.0,0
0.4627,24,0,0.6501,5278.0,3,0,1,0,0.0,1
0.3895,34,0,0.3865,2063.0,10,0,1,0,0.0,0
4.2097,66,0,0.4626,5379.0,6,0,1,0,0.0,0
0.2806,35,0,0.8827,4849.0,7,0,2,0,1.0,0
0.1727,52,0,0.212,9894.0,5,0,0,0,0.0,0
0.8719,34,0,0.4643,2941.0,9,0,2,0,2.0,0
0.2389,64,0,0.2115,2897.0,5,0,1,2,1.0,0
0.7457,24,0,0.4904,1235.0,8,0,1,0,3.0,1
0.9013,48,0,0.6801,4502.0,4,0,1,0,2.0,0
0.4007,65,0,0.2006,2505.0,6,0,2,0,0.0,0
0.4519,61,0,0.5426,,12,0,1,0,1.0,0
0.6525,46,0,0.674,13136.0,8,0,1,0,1.0,0
0.3372,42,0,0.1819,,7,0,0,0,0.0,0
0.3599,49,0,0.6965,5727.0,8,0,1,0,1.0,0
0.9208,34,0,0.2438,5790.0,12,0,3,0,0.0,0
0.0939,51,0,0.8313,7195.0,8,0,1,0,0.0,0
0.8113,51,0,0.144,6598.0,8,0,2,0,0.0,0
3.0793,46,3,0.59,1861.0,9,0,1,2,0.0,0
0.5855,66,0,0.5274,18942.0,12,0,4,0,1.0,0
0.436,37,0,0.3119,5535.0,8,0,2,0,1.0,0
0.3144,28,0,0.3623,2902.0,7,0,1,0,1.0,0
0.2077,45,0,0.1963,6447.0,8,0,2,0,2.0,0
0.4382,54,0,0.608,5904.0,4,0,0,0,1.0,0
0.5438,51,0,0.5521,3508.0,5,0,1,0,0.0,0
0.6116,50,0,0.8714,,5,0,3,0,0.0,0
0.3671,36,0,1.0776,1986.0,8,0,0,1,0.0,0
0.0232,38,0,0.2428,4386.0,9,0,0,0,0.0,0
0.1961,45,0,0.3313,1599.0,6,0,1,0,0.0,0
0.2635,44,0,0.3892,6820.0,8,0,2,0,0.0,0
0.408,67,0,0.1507,4181.0,4,0,0,0,2.0,0
0.2651,56,0,0.7663,12553.0,3,0,1,0,1.0,0
0.0087,45,0,0.9111,7208.0,9,0,1,0,1.0,0
3.7328,67,0,0.4168,6171.0,9,0,0,0,2.0,0
0.392,58,0,0.3164,6366.0,4,0,1,0,1.0,0
0.3429,33,0,0.1416,3923.0,8,0,0,0,1.0,0
0.84,21,0,0.4632,5538.0,8,0,0,0,2.0,0
0.2725,33,0,0.5157,5212.0,7,0,1,0,2.0,0
2.907,60,1,0.4175,3931.0,6,1,3,0,1.0,0
1.2189,64,0,0.441,1477.0,13,0,1,0,1.0,0
0.3535,29,0,0.5125,,10,0,0,0,2.0,0
2.8987,61,0,0.3669,6117.0,5,0,0,0,2.0,0
0.1789,61,0,0.2908,6081.0,11,0,0,0,0.0,0
0.3365,72,0,0.5033,,10,0,0,0,0.0,0
0.0925,65,0,0.8864,10651.0,11,0,0,0,0.0,0
0.7848,71,1,0.1546,4969.0,7,0,1,0,0.0,0
0.2218,59,0,0.1515,11076.0,10,0,2,0,1.0,0
0.1386,58,0,1.0749,3385.0,8,0,2,0,1.0,0
0.276,47,0,0.4423,,8,0,0,0,1.0,0
0.7166,63,2,0.1565,,4,0,0,1,0.0,0
0.1204,33,0,0.7399,1903.0,6,0,1,0,0.0,0
0.4199,50,0,0.4436,7670.0,10,0,0,0,1.0,0
3.2142,60,0,0.42,,8,0,0,0,0.0,0
0.9304,72,1,0.6133,,10,0,3,1,1.0,1
0.4284,45,0,0.8272,13211.0,4,0,1,0,,0
4.2222,66,0,0.4245,9003.0,9,0,0,0,0.0,0
3.0209,49,0,0.2006,,5,0,0,0,2.0,0
0.2472,66,0,0.3617,3628.0,14,0,0,0,0.0,0
1.3633,41,0,0.3217,7380.0,2,0,2,0,1.0,0
3.4847,62,0,0.3679,8175.0,5,0,0,0,4.0,0
0.0285,51,0,0.3955,4543.0,11,0,1,0,0.0,0
0.6559,35,0,0.4042,4283.0,7,0,0,0,0.0,0
0.5546,50,0,1.1053,2858.0,6,0,1,0,1.0,1
1.9896,71,0,0.4878,,7,0,1,0,1.0,0
3.196,38,0,0.0984,2127.0,7,0,0,0,2.0,0
0.8253,31,0,0.4221,3222.0,9,0,1,0,2.0,0
0.6055,58,0,0.41,6305.0,8,0,1,0,2.0,0
3.6083,29,0,0.0902,,10,0,2,0,1.0,0
2.0467,74,1,0.6458,,7,1,0,0,0.0,0
0.5528,74,0,0.4453,2562.0,11,0,1,0,1.0,0
0.1256,67,0,0.7126,2827.0,9,0,2,0,1.0,0
0.0266,52,0,0.8229,6315.0,9,0,1,0,0.0,0
0.6353,75,0,0.4458,4563.0,5,0,1,0,0.0,0
0.4985,71,0,0.2059,8962.0,5,0,1,0,1.0,0
0.3368,45,0,0.1323,6766.0,10,0,0,0,1.0,1
4.2146,72,0,0.4946,,6,0,1,0,,1
1.0311,39,2,0.7428,8546.0,10,0,2,0,2.0,0
0.4067,49,0,0.8295,4786.0,12,0,1,0,,0
0.024,27,0,0.565,1783.0,11,0,1,0,0.0,0
0.5343,54,0,0.6032,12811.0,5,0,1,0,1.0,0
1.4057,48,1,0.2929,3828.0,12,0,1,3,2.0,0
3.8448,46,0,0.1593,,10,0,2,0,1.0,0
0.1521,50,0,0.3603,14040.0,8,0,1,0,1.0,0
0.7944,44,0,0.4497,9911.0,7,0,4,0,0.0,0
0.6656,53,0,0.3852,2706.0,6,0,0,0,1.0,0
0.2148,70,0,0.4867,,6,0,0,0,1.0,0
0.2062,37,0,0.1812,3774.0,9,0,1,0,0.0,0
0.5433,64,0,0.367,26937.0,10,0,3,0,1.0,0
0.3638,55,5,0.783,11497.0,9,0,0,0,0.0,0
0.0932,57,0,0.121,4277.0,8,0,0,0,0.0,0
0.2322,52,0,0.2127,,7,0,0,0,1.0,0
0.0882,42,0,0.4003,2452.0,6,0,0,0,1.0,0
0.5383,58,0,0.8491,5444.0,7,0,1,0,3.0,0
0.7235,59,0,0.3172,4381.0,8,0,2,0,0.0,0
2.9705,41,0,0.768,7168.0,7,0,0,0,0.0,0
0.7646,33,0,0.7699,,10,0,1,0,0.0,0
0.1516,53,1,0.1843,7172.0,8,0,1,0,1.0,0
0.2594,63,0,0.2853,5574.0,5,0,2,0,2.0,0
0.2189,66,0,0.3339,4790.0,5,0,4,0,1.0,0
0.1327,69,0,0.1551,2512.0,7,0,1,0,,0
0.7755,57,0,0.6897,1728.0,6,0,1,0,0.0,1
0.2381,48,0,0.4376,4464.0,7,0,1,0,0.0,0
0.228,52,0,0.2274,3127.0,6,0,2,0,0.0,0
0.1764,35,0,0.1065,,9,0,1,0,1.0,0
0.1935,42,0,1.2206,10909.0,9,0,1,0,1.0,0
0.4919,51,0,0.2355,4650.0,9,0,1,0,0.0,0
0.9868,48,0,0.5953,2041.0,9,0,1,0,0.0,0
0.4184,53,0,0.3668,,6,0,0,0,1.0,0
0.0396,33,0,0.2509,6468.0,8,0,1,0,3.0,0
0.2942,36,0,0.5715,,8,0,1,0,1.0,0
0.5306,63,0,0.5989,2885.0,10,0,2,0,0.0,1
0.7129,40,0,0.3295,4772.0,7,0,0,0,0.0,0
0.2479,43,0,0.6606,7145.0,6,0,1,0,1.0,0
0.4953,53,2,0.5694,5533.0,7,0,0,0,1.0,0
0.2612,39,0,0.7059,4137.0,11,0,2,0,1.0,0
1.9524,67,0,0.1572,5893.0,5,0,0,0,1.0,0
0.5792,34,0,0.2162,5482.0,6,0,1,0,0.0,0
0.12,52,0,0.3826,5482.0,7,0,0,0,0.0,0
2.4537,42,0,0.8022,3737.0,7,0,2,0,0.0,0
0.2859,54,0,1.0023,5453.0,10,0,1,0,2.0,0
0.2216,45,0,0.2875,8464.0,8,0,0,0,2.0,0
6.5767,52,0,0.4379,3578.0,9,0,1,0,4.0,0
0.3651,69,0,0.7444,4735.0,9,0,0,0,1.0,0
2.943,42,1,0.3784,4232.0,10,0,2,2,0.0,0
1.6925,42,0,0.4563,8786.0,5,0,2,0,0.0,0
0.6518,48,0,0.1644,9905.0,8,0,3,0,1.0,0
0.39,73,0,0.1174,10246.0,8,0,0,0,0.0,0
0.7348,51,0,0.6591,,7,0,3,0,0.0,0
0.6288,69,0,0.4139,3587.0,13,0,1,0,1.0,0
3.2583,50,1,0.2491,3278.0,10,0,0,0,0.0,0
0.9392,69,0,1.0781,4069.0,9,0,1,0,1.0,0
0.6375,58,0,0.4649,11632.0,5,0,3,0,1.0,0
0.0125,60,0,0.4381,2421.0,12,0,1,0,1.0,0
0.3716,32,0,0.18,,4,0,0,0,0.0,0
0.0454,30,0,0.3432,3383.0,8,0,0,0,0.0,0
0.0857,67,0,0.5501,5293.0,9,0,2,0,1.0,0
0.3058,67,0,0.8197,8291.0,11,0,1,0,3.0,0
1.5586,86,0,0.7097,2767.0,13,0,3,0,2.0,0
0.5839,31,0,0.1183,3094.0,7,0,5,0,0.0,0
4.162,59,0,0.7641,15806.0,10,0,2,0,,0
0.5324,38,0,0.1465,10012.0,9,0,0,0,1.0,1
0.338,42,0,0.2755,2077.0,9,0,1,0,0.0,0
0.1919,45,0,0.5843,,8,0,0,0,0.0,0
0.856,57,1,0.5946,1641.0,8,0,0,0,0.0,0
0.295,43,0,1.0201,8868.0,7,0,0,0,1.0,0
0.5471,52,0,0.4123,2902.0,7,0,3,0,0.0,0
0.0354,64,0,0.2577,1607.0,10,0,1,0,1.0,0
0.0879,68,2,0.8085,,3,0,0,1,1.0,0
0.0737,62,1,0.2467,9519.0,8,0,3,0,2.0,0
0.5173,58,0,0.3063,6511.0,8,0,2,0,2.0,0
0.2495,50,0,0.3199,3202.0,12,0,2,0,1.0,0
1.8968,44,0,0.2301,3930.0,8,0,1,0,0.0,0
0.415,60,0,0.8633,,10,0,1,0,0.0,0
0.02,37,0,0.245,2856.0,7,0,3,0,0.0,0
0.1846,54,0,0.6615,2073.0,4,0,2,0,1.0,0
11.4432,37,0,0.2036,15563.0,10,0,0,0,1.0,0
0.246,51,0,0.6791,8793.0,3,0,0,0,2.0,0
1.792,37,1,0.5014,20952.0,7,0,1,0,2.0,0
2.9018,46,0,0.9108,,11,0,1,0,0.0,0
2.8021,43,0,0.9667,3717.0,4,0,2,0,2.0,0
0.419,41,0,0.5613,6044.0,6,0,2,0,0.0,0
0.2814,51,1,0.6806,5042.0,6,0,0,1,0.0,0
0.1162,21,0,0.2143,5890.0,10,0,0,2,0.0,0
1.1315,27,2,0.3374,3487.0,5,0,4,0,2.0,0
0.2293,63,0,0.4684,6902.0,7,0,0,0,0.0,0
6.0422,54,0,1.1196,11568.0,8,0,1,0,0.0,0
1.0117,42,0,0.3789,3045.0,4,0,2,0,2.0,0
1.1603,66,0,0.0383,5556.0,10,0,3,0,1.0,0
1.1261,43,0,0.8743,5348.0,7,0,1,0,0.0,1
0.5124,44,0,0.0972,5086.0,9,0,1,0,2.0,1
0.1616,41,0,0.7442,,5,0,2,0,1.0,0
0.1694,79,0,0.7045,7758.0,9,0,0,0,1.0,0
0.3006,55,0,0.1405,9278.0,7,0,3,0,0.0,0
0.5579,55,0,0.2542,4771.0,9,0,2,0,1.0,0
1.4323,59,0,0.5193,7264.0,5,0,1,0,0.0,0
0.2587,26,0,0.6065,5996.0,16,0,1,0,0.0,0
0.8072,44,0,0.5416,3046.0,13,0,0,0,0.0,0
0.0424,58,0,0.6583,,8,0,0,0,1.0,0
0.3989,52,1,0.4665,5034.0,5,0,2,0,,0
0.0243,83,0,0.3518,7848.0,16,0,1,0,0.0,0
0.4254,45,2,0.4224,,10,1,0,0,1.0,0
0.7994,65,0,0.9074,2440.0,11,0,0,0,3.0,0
0.8453,63,0,0.1186,2097.0,5,0,3,0,0.0,0
5.7929,54,0,0.3044,,7,0,0,0,1.0,0
0.1573,57,0,0.1104,2915.0,14,0,0,0,0.0,0
0.4387,48,2,0.3769,,5,0,1,0,1.0,0
0.7676,24,0,0.6855,,8,0,0,0,0.0,0
0.0125,57,0,0.3092,,16,0,0,0,0.0,0
0.2555,58,0,0.4095,3646.0,9,0,2,0,2.0,0
0.6598,60,0,0.1614,9231.0,7,0,3,0,0.0,0
2.0082,53,0,0.4903,791.0,8,0,0,0,1.0,1
0.0734,66,0,0.637,4411.0,5,0,1,0,0.0,0
1.025,40,3,0.4319,,11,1,0,0,0.0,0
1.1844,73,4,0.1454,3758.0,4,2,1,3,0.0,0
2.6334,38,0,0.1513,2656.0,13,0,2,0,0.0,0
0.5446,50,2,0.2947,6277.0,9,0,0,0,0.0,0
0.6413,62,0,0.3308,8674.0,10,0,0,0,0.0,0
0.6792,45,0,0.1936,2095.0,5,0,0,0,0.0,0
1.2181,62,0,0.5238,6508.0,4,0,1,0,0.0,0
1.21,47,0,0.4158,,9,0,0,0,0.0,0
0.1502,54,0,0.3575,,7,0,2,0,0.0,0
0.6922,49,0,0.815,,7,0,1,0,6.0,0
0.0488,44,0,0.4133,9993.0,5,0,0,0,0.0,0
0.7271,84,0,0.3735,9473.0,9,0,0,0,0.0,0
0.7655,40,0,0.9434,2560.0,8,0,1,0,2.0,1
1.1132,21,0,0.6397,9520.0,7,0,0,0,0.0,0
2.5772,41,0,0.1073,3854.0,10,0,2,0,1.0,1
0.1517,54,0,0.1378,13385.0,7,0,1,0,1.0,0
0.7192,47,0,0.6513,4010.0,5,0,3,0,0.0,0
0.0591,66,0,0.1105,7193.0,8,0,2,0,2.0,0
0.0876,66,0,0.6395,2183.0,10,0,0,0,1.0,0
0.4293,48,0,0.2836,3052.0,8,0,0,0,0.0,0
0.1801,28,0,0.8091,,5,0,1,0,0.0,0
0.8338,34,5,0.5843,11272.0,11,2,0,0,0.0,0
0.0015,52,0,0.5075,5327.0,7,0,3,0,0.0,0
1.6572,30,0,0.47,,12,0,0,0,0.0,0
0.5276,47,0,0.8757,5887.0,9,0,0,0,1.0,0
0.1148,72,0,0.365,6305.0,8,0,0,0,0.0,1
2.2443,57,0,0.4284,1856.0,8,0,1,0,0.0,0
0.0928,53,0,0.4363,6323.0,10,0,1,0,1.0,0
0.9473,37,0,0.4044,5664.0,1,0,2,0,0.0,0
4.4636,55,0,0.587,7865.0,15,0,0,0,0.0,0
0.398,48,0,0.5196,3506.0,10,0,1,0,1.0,0
0.3494,55,0,0.1944,2975.0,9,0,0,0,1.0,0
0.9957,62,0,0.187,19637.0,3,0,0,0,1.0,0
0.4288,65,0,0.345,6854.0,8,0,1,0,1.0,0
0.5423,54,0,0.1397,1794.0,9,0,1,0,1.0,0
1.1145,59,0,0.4912,3128.0,5,0,1,0,1.0,0
0.4426,45,0,0.5259,6891.0,13,0,0,0,2.0,0
0.5614,68,0,0.3252,10673.0,6,0,0,0,1.0,0
0.1564,40,0,0.2479,10354.0,7,0,0,0,0.0,0
0.2829,49,0,0.641,8339.0,5,0,0,0,0.0,0
0.2993,69,0,0.533,,6,0,0,0,,0
0.8254,45,0,0.981,5483.0,9,0,1,0,3.0,0
1.2673,33,0,0.1291,6729.0,8,0,0,0,1.0,0
0.7744,46,0,0.4342,,7,0,0,0,0.0,0
3.3497,71,0,0.7651,3661.0,9,0,1,0,1.0,0
0.9199,21,1,0.4336,,10,0,2,1,2.0,0
3.0595,53,0,0.0314,2949.0,7,0,2,0,2.0,0
0.035,43,0,0.821,11739.0,10,0,1,0,0.0,0
0.1773,50,0,0.513,2904.0,5,0,1,0,,0
0.2629,47,0,0.6111,14454.0,10,0,0,0,2.0,0
0.3357,65,0,0.9488,3123.0,10,0,1,0,0.0,0
2.4913,53,0,0.5711,9833.0,8,0,0,0,1.0,0
0.0889,66,0,0.076,7577.0,12,0,1,0,0.0,0
0.0801,70,0,0.6764,7410.0,8,0,2,0,1.0,0
4.2978,52,0,0.3482,,11,0,2,0,1.0,0
0.499,47,0,0.3907,3142.0,11,0,1,0,1.0,0
0.8513,57,0,0.1748,4788.0,6,0,2,0,2.0,0
0.5572,60,0,0.2516,,8,0,2,0,1.0,0
0.7179,36,0,1.0057,2826.0,9,0,0,0,1.0,0
0.0215,55,0,0.6993,2925.0,7,0,0,0,0.0,0
0.1671,48,0,0.0627,,6,0,2,0,0.0,0
1.8039,46,2,0.6126,3564.0,3,0,1,2,0.0,0
0.1288,42,0,0.8444,2258.0,5,0,1,0,2.0,0
2.1887,43,0,0.6239,1364.0,12,0,0,0,2.0,0
0.7171,70,0,0.4759,3454.0,4,0,0,0,3.0,1
0.3968,47,0,0.5533,13078.0,14,1,0,0,1.0,0
0.4898,68,0,0.5491,9663.0,13,0,0,0,1.0,0
0.5785,54,0,0.7854,4665.0,11,0,0,0,2.0,0
1.3987,36,0,0.1966,16741.0,10,0,2,0,3.0,0
0.2071,55,0,0.1258,10088.0,6,0,0,0,2.0,0
0.1261,35,0,0.4632,15729.0,12,0,3,0,0.0,0
0.0508,61,0,0.8554,,9,0,0,0,1.0,0
0.0108,49,0,0.6684,3889.0,7,0,2,0,,0
0.3062,64,0,0.1919,4545.0,4,0,0,0,1.0,0
1.0432,72,0,0.2537,4888.0,6,0,0,0,0.0,0
0.3116,28,0,0.0546,11463.0,8,0,2,0,0.0,1
0.2041,46,0,0.3454,,9,0,1,0,0.0,0
2.6973,35,0,0.7932,,5,0,4,0,0.0,1
0.384,82,0,0.6355,,6,0,1,0,1.0,0
1.9737,46,0,0.1408,3072.0,8,0,1,0,1.0,0
2.1155,34,0,0.2073,4147.0,4,0,1,0,0.0,0
0.2222,83,0,0.1212,3848.0,7,0,0,0,1.0,0
0.2282,42,0,0.2789,8863.0,5,0,0,0,1.0,0
0.251,29,2,0.5577,4218.0,15,2,5,0,1.0,0
0.1225,36,0,0.761,3544.0,4,0,0,0,,0
0.1555,54,0,0.8924,8311.0,5,0,0,0,0.0,0
0.0823,53,0,0.6161,,9,0,3,0,1.0,0
2.7927,40,0,0.3593,,5,0,1,0,0.0,0
0.2842,45,0,0.6368,6915.0,8,0,1,0,1.0,0
0.594,53,2,0.348,3345.0,6,0,1,0,2.0,0
0.2128,71,0,0.6886,,14,0,0,0,2.0,0
0.5135,57,0,0.8332,6981.0,10,0,2,0,1.0,0
0.4672,44,0,0.4289,1727.0,11,0,0,0,1.0,0
0.3542,49,0,0.4616,,7,0,2,0,1.0,0
2.1644,63,0,0.2848,4089.0,5,0,1,0,2.0,0
0.6205,76,0,0.6646,5584.0,10,0,0,0,1.0,0
0.7214,37,0,0.678,3221.0,8,0,2,0,0.0,0
0.426,68,0,0.1496,,6,0,1,0,0.0,0
0.1753,48,0,0.617,4895.0,11,0,1,0,0.0,0
0.4628,29,0,0.494,3135.0,6,0,0,0,1.0,0
0.0165,26,0,0.5753,14463.0,9,0,0,0,0.0,0
0.7351,71,3,0.8559,13991.0,14,1,2,0,0.0,0
0.0214,72,0,0.0527,11936.0,5,0,1,0,1.0,0
0.4954,44,0,0.1979,3929.0,8,0,1,0,0.0,0
6.6916,49,0,0.5986,10037.0,6,0,2,0,0.0,0
0.0695,27,0,0.8848,4360.0,6,0,0,0,0.0,0
0.6756,63,0,0.4629,2031.0,11,0,1,0,0.0,0
0.7231,52,0,0.3869,10553.0,5,0,0,0,1.0,0
0.0296,30,0,0.1352,4129.0,9,0,0,0,2.0,0
0.4951,55,0,0.5158,7442.0,8,0,2,0,2.0,0
0.7405,33,0,0.0441,,6,0,2,0,1.0,0
1.3004,60,0,0.8242,2366.0,5,0,0,0,1.0,0
0.6641,37,0,0.7868,4011.0,8,0,0,0,1.0,1
0.1741,57,0,0.7476,5970.0,7,0,0,0,1.0,0
1.6245,43,0,0.2781,4160.0,2,0,2,0,0.0,0
0.3313,21,3,0.9263,,7,0,3,0,0.0,0
0.7091,66,0,0.3388,4647.0,10,0,2,0,0.0,0
0.0848,67,0,0.0842,,9,0,0,0,,0
0.3969,45,0,0.2497,14563.0,5,0,0,0,0.0,0
0.1067,56,0,0.3622,3014.0,10,0,0,0,0.0,0
3.3153,58,0,0.8457,9236.0,8,0,0,0,0.0,0
0.8833,59,0,0.2515,,4,0,0,0,2.0,0
1.0321,76,0,0.2694,,7,0,2,0,0.0,1
0.196,58,0,0.0427,2164.0,4,0,3,0,1.0,0
0.0506,47,0,1.3322,,7,0,1,0,2.0,0
0.8598,58,0,0.452,5592.0,11,0,1,0,1.0,0
0.0005,46,0,1.0883,,2,0,1,0,0.0,0
0.3317,37,0,0.4496,2033.0,9,0,3,0,0.0,0
0.5222,69,0,0.2176,2314.0,8,0,0,0,2.0,0
1.6283,59,0,0.2784,8823.0,4,0,0,0,0.0,0
0.1101,26,0,0.1407,9974.0,7,0,2,0,2.0,0
0.0541,42,0,0.1372,13551.0,9,0,1,0,1.0,1
0.2152,63,0,0.485,5420.0,6,0,2,0,0.0,0
0.1231,30,0,0.937,6529.0,2,0,2,0,0.0,0
0.8319,41,1,0.4835,3059.0,8,0,2,1,2.0,0
0.1136,89,0,0.1232,22906.0,5,0,0,0,0.0,0
0.0137,47,0,0.0548,,10,0,1,0,0.0,0
0.1507,67,0,0.4127,8260.0,6,0,0,0,0.0,0
5.2117,73,0,0.4378,2879.0,16,0,2,0,0.0,0
0.2585,39,0,0.8347,5769.0,13,0,2,0,0.0,0
0.4362,56,0,0.4827,,5,0,0,0,0.0,0
0.375,81,0,0.7082,9122.0,6,0,0,0,1.0,0
0.2406,58,0,0.0915,1921.0,6,0,3,0,0.0,0
0.021,85,0,0.8715,9695.0,10,0,2,0,0.0,0
2.7753,43,0,0.4316,1973.0,6,0,2,0,0.0,0
4.8085,77,1,0.8021,5009.0,5,0,0,1,1.0,0
0.2486,52,0,0.7227,6992.0,10,0,1,0,0.0,0
0.2031,47,0,0.8458,,9,0,3,0,2.0,0
2.0859,61,0,0.4221,,9,0,0,0,0.0,0
0.1694,50,0,0.1126,13495.0,3,0,1,0,2.0,0
0.6634,51,0,0.7809,,5,0,1,0,0.0,1
0.4018,59,0,0.5367,10037.0,4,0,0,0,1.0,0
0.0226,27,0,0.3043,4943.0,7,0,2,0,2.0,0
0.418,41,0,0.4201,3023.0,7,0,1,0,1.0,0
1.1147,62,0,0.4868,2952.0,10,0,1,0,0.0,0
0.1897,66,0,0.4929,3447.0,7,0,0,0,,0
0.4259,57,0,0.4234,4064.0,5,0,2,0,0.0,0
3.3241,56,0,0.7014,2554.0,6,0,1,0,1.0,1
0.416,58,0,0.3071,5546.0,8,0,1,0,2.0,0
0.3657,65,0,0.6022,6552.0,9,0,0,0,1.0,0
0.1933,32,0,0.2456,,6,0,2,0,0.0,0
0.1385,45,0,0.3079,4205.0,5,0,2,0,0.0,0
0.2744,51,0,0.8629,7631.0,9,0,0,0,0.0,0
0.1205,55,0,0.9369,,9,0,1,0,1.0,0
0.3544,22,0,0.704,,10,0,0,0,0.0,0
4.4894,34,0,0.3913,8222.0,6,0,1,0,1.0,0
0.7361,52,0,0.721,3192.0,11,0,1,0,0.0,0
0.1205,66,0,0.5513,,6,0,0,0,0.0,0
0.445,46,0,0.599,6892.0,9,0,2,0,0.0,0
0.1853,43,0,0.7421,2389.0,7,0,0,0,0.0,0
0.2196,59,1,0.3419,,13,0,1,0,0.0,0
1.0607,47,0,0.524,10138.0,5,0,2,0,2.0,0
0.3823,64,0,0.2132,,17,0,0,0,0.0,0
0.4055,49,0,0.5603,,10,0,1,0,1.0,0
0.0025,36,0,0.1958,,13,0,1,0,0.0,0
2.5424,72,0,1.0589,8166.0,2,0,1,0,1.0,0
0.4598,69,0,0.2188,6120.0,7,0,0,0,0.0,0
0.8533,39,0,0.5296,2052.0,4,0,0,0,1.0,0
0.0056,58,0,0.4104,4853.0,6,0,1,0,0.0,0
0.2199,47,0,0.5542,,3,0,1,0,4.0,0
0.4828,61,1,0.7074,8569.0,6,0,1,0,0.0,0
3.2662,40,0,0.2738,4473.0,6,0,1,0,,0
0.4398,64,0,0.8888,4284.0,8,0,4,0,0.0,0
0.8017,69,0,0.7882,,10,0,2,0,1.0,0
0.0575,39,0,0.281,19502.0,11,0,0,0,0.0,0
0.4505,53,0,0.3517,4693.0,6,0,1,0,1.0,0
0.2534,69,0,0.3963,,11,0,0,0,0.0,0
2.3193,38,0,0.5609,2914.0,12,0,1,0,1.0,1
0.1808,43,0,0.4422,,14,0,2,0,2.0,0
0.3391,61,0,0.5925,,11,0,1,0,1.0,0
0.3407,50,0,0.8706,5074.0,9,0,0,0,3.0,0
0.317,30,0,0.5948,8354.0,6,0,0,0,1.0,0
1.0974,48,0,0.374,,7,0,1,0,0.0,0
0.1703,76,0,0.2869,6124.0,12,0,1,0,0.0,0
0.5482,81,0,0.4221,11438.0,12,0,1,0,1.0,0
9.1781,43,0,0.5561,3829.0,7,0,0,0,2.0,0
0.0396,39,0,1.2995,,9,0,1,0,0.0,0
0.3967,46,0,0.5244,7762.0,10,0,2,0,0.0,0
0.2601,77,3,0.1482,7466.0,4,0,0,0,0.0,0
1.0289,64,0,0.6361,6895.0,9,0,2,0,0.0,0
0.1131,72,0,0.2705,,13,0,3,0,1.0,0
0.7911,66,0,0.819,3789.0,9,0,0,0,0.0,0
0.6193,34,2,0.737,6943.0,6,2,1,0,2.0,0
0.5594,39,0,0.7956,3595.0,9,0,0,0,1.0,0
0.7115,42,0,1.0093,,6,0,1,0,0.0,0
0.4455,45,0,0.755,1760.0,11,0,1,0,0.0,1
0.6252,43,0,0.1717,,7,0,1,0,1.0,0
0.4345,44,0,0.4087,3122.0,4,0,0,0,0.0,0
0.3727,61,0,0.1051,1417.0,9,0,1,0,3.0,0
0.3753,54,0,0.2617,,5,0,0,0,1.0,0
0.0533,69,0,0.5833,,4,0,1,0,0.0,0
2.6351,56,0,0.4562,,5,0,1,0,1.0,0
3.5038,43,0,0.768,4167.0,8,0,1,0,3.0,0
0.403,55,0,0.218,,7,0,1,0,1.0,0
0.3175,31,0,0.8034,,8,0,0,0,0.0,0
0.6555,21,0,0.3319,15577.0,12,0,0,0,2.0,0
1.0805,61,0,0.6495,,7,0,1,0,0.0,0
1.2405,66,0,0.6462,10030.0,16,0,0,0,1.0,0
0.0844,53,0,0.1103,8608.0,15,0,1,0,2.0,0
0.6484,47,0,1.0023,4318.0,6,0,2,0,0.0,0
0.1463,33,0,0.1209,3775.0,5,0,1,0,1.0,0
0.6594,68,0,0.4566,9799.0,13,0,0,0,1.0,0
6.1717,59,1,0.5466,1910.0,11,1,0,0,0.0,1
0.3013,56,0,0.7711,4288.0,6,0,2,0,0.0,0
0.3218,52,0,0.6957,9654.0,13,0,0,0,1.0,0
0.8617,45,0,0.1733,,5,0,1,0,1.0,0
0.2916,36,0,0.6784,7320.0,11,0,0,0,0.0,0
0.129,56,0,0.2369,5564.0,6,1,0,0,0.0,0
0.2684,44,0,0.8427,1071.0,4,0,1,0,0.0,0
0.1794,46,0,0.3221,9916.0,5,0,0,0,3.0,0
1.2877,76,0,0.2496,17773.0,5,0,0,0,0.0,0
0.4591,51,0,0.8042,4107.0,10,0,3,0,1.0,0
0.0977,21,0,0.6617,3110.0,10,0,1,0,0.0,0
0.6055,45,0,0.927,,7,0,0,0,1.0,0
0.0216,38,0,1.0006,6285.0,5,0,2,0,1.0,0
0.1233,50,4,0.721,2478.0,7,0,2,1,2.0,0
0.1513,32,0,0.33,3449.0,8,0,1,0,0.0,0
0.5423,58,0,0.2215,9009.0,7,0,2,0,0.0,0
0.6048,48,0,0.5249,,13,0,1,0,1.0,0
0.2079,45,0,0.3529,4338.0,14,0,0,0,0.0,0
0.0061,54,0,0.6203,3157.0,5,0,0,0,1.0,0
0.0415,51,0,0.173,3559.0,4,0,2,0,0.0,0
0.2673,50,0,0.6816,4655.0,9,0,0,0,0.0,0
0.4532,49,0,0.0771,8114.0,5,0,0,0,1.0,0
1.2354,52,3,0.8087,5879.0,8,1,1,0,1.0,0
0.7216,57,0,0.5655,4696.0,10,0,0,0,,0
0.703,55,0,0.4784,4994.0,4,0,1,0,0.0,0
0.6481,68,0,0.5304,6238.0,5,0,0,0,2.0,0
0.2234,44,0,0.458,4276.0,8,0,0,0,0.0,0
0.295,55,0,1.1355,,5,0,0,0,1.0,0
1.2055,86,0,0.7366,6243.0,4,0,0,0,0.0,0
0.4454,51,0,0.4228,7170.0,5,0,0,0,0.0,0
0.5798,52,0,0.4577,4747.0,10,0,0,0,1.0,0
6.6414,34,3,1.1417,1862.0,8,0,2,1,0.0,0
0.3848,42,0,0.4309,8018.0,6,0,1,0,0.0,0
0.0355,51,0,0.6863,3333.0,6,0,0,0,,0
0.3082,59,0,0.4192,4949.0,5,0,1,0,1.0,0
0.5687,61,0,0.753,4722.0,10,0,2,0,0.0,0
0.2865,57,0,0.3698,7658.0,14,0,3,0,1.0,0
0.6874,63,0,0.5112,6924.0,10,0,2,0,0.0,0
0.9068,38,0,0.5352,3917.0,10,0,0,0,1.0,0
0.1396,59,0,0.6676,9549.0,5,0,0,0,0.0,0
0.3619,52,0,1.1742,,9,0,1,0,1.0,0
0.9266,54,0,0.3473,4890.0,8,0,0,0,0.0,0
1.1243,47,0,0.8765,3835.0,8,0,0,0,1.0,0
0.2867,39,0,0.5692,,8,0,2,0,0.0,0
0.3869,35,0,0.8315,8367.0,10,0,0,0,0.0,0
0.1396,56,0,0.2511,10845.0,11,0,1,0,0.0,0
0.3775,59,0,0.5061,3119.0,9,0,2,0,0.0,0
2.3678,50,0,0.3324,5260.0,6,0,2,0,1.0,0
0.7282,52,0,0.897,,11,0,1,0,2.0,0
0.1551,42,0,0.5293,5702.0,3,0,1,0,2.0,0
0.6078,59,0,0.4363,3317.0,15,0,1,0,1.0,0
1.9736,53,2,0.7982,,5,0,1,0,0.0,0
2.6384,47,0,0.686,3570.0,11,0,1,0,0.0,0
0.7824,64,0,0.4254,4538.0,10,0,1,0,,0
0.8836,61,0,0.1946,10564.0,4,0,1,0,2.0,0
1.6424,30,0,0.4574,23597.0,7,0,0,0,0.0,0
0.4766,53,0,0.5021,,9,0,1,0,0.0,0
5.3509,39,0,0.4486,2400.0,4,0,0,0,1.0,0
0.3997,54,0,0.4673,2780.0,7,0,3,0,0.0,0
1.2321,21,0,0.1895,4371.0,7,0,2,0,0.0,0
0.7979,55,0,0.6695,9650.0,7,0,2,0,2.0,0
2.5149,62,0,0.4443,4976.0,5,0,1,0,1.0,0
0.0813,50,0,1.0768,11182.0,10,0,2,0,1.0,0
0.5691,36,0,0.0976,5764.0,9,0,0,0,0.0,0
0.0901,79,0,0.2893,,5,0,1,0,0.0,0
0.735,68,0,1.2922,,10,0,0,0,0.0,0
0.5531,45,0,0.3685,2335.0,4,0,1,0,1.0,0
0.4647,48,0,0.1686,3254.0,5,0,0,0,2.0,0
0.3097,24,0,0.3846,5302.0,11,0,1,0,1.0,0
0.4349,59,0,0.3185,4371.0,11,0,0,0,0.0,0
0.2064,33,0,0.7139,6642.0,13,0,3,0,0.0,0
0.3959,61,0,0.6534,4677.0,9,0,0,0,0.0,0
0.164,66,0,0.2035,1553.0,5,0,1,0,0.0,0
0.1463,51,0,0.2581,1768.0,6,0,1,0,0.0,0
2.0805,37,0,0.2291,,5,0,2,0,0.0,0
0.0931,69,0,0.083,4027.0,5,0,1,0,0.0,0
0.3399,52,0,0.7214,7647.0,6,0,1,0,2.0,0
0.9535,53,0,0.6456,7410.0,4,0,0,0,0.0,0
3.0163,39,0,0.4211,9068.0,9,0,1,0,1.0,0
1.1684,55,0,0.2798,10826.0,6,0,0,0,1.0,0
0.046,49,0,0.6117,5862.0,7,0,0,0,1.0,0
0.3616,33,0,0.387,13794.0,9,0,2,0,1.0,0
0.3504,71,0,0.055,2567.0,15,0,0,0,0.0,0
0.0452,77,1,0.2904,7352.0,4,1,0,4,1.0,0
2.7839,66,0,0.2734,8936.0,6,0,0,0,1.0,0
2.7876,64,0,0.2303,2217.0,5,0,2,0,0.0,0
0.1976,77,0,0.4626,8371.0,9,0,0,0,1.0,0
0.5551,37,0,0.473,9279.0,7,0,0,0,1.0,0
0.5606,37,0,0.3625,5616.0,4,0,1,0,1.0,0
0.0792,46,0,0.2663,,4,0,0,0,4.0,0
2.6445,56,0,0.4874,7741.0,13,0,0,0,0.0,0
0.0902,48,0,0.7888,3603.0,6,0,0,0,0.0,0
0.1045,38,0,0.4279,3053.0,10,0,0,0,1.0,0
0.2429,52,0,0.8639,,6,0,0,0,1.0,0
0.7482,51,0,0.3351,17354.0,8,0,1,0,1.0,0
0.3131,64,0,0.1948,,7,0,0,0,1.0,0
0.5756,53,0,0.5099,6746.0,8,0,1,0,0.0,0
0.9478,25,0,0.4306,9236.0,7,0,1,0,2.0,0
0.4417,57,0,0.7504,8374.0,12,0,0,0,1.0,0
1.5669,74,0,0.5735,11888.0,7,0,0,0,2.0,0
0.6068,52,0,0.316,9347.0,9,0,0,0,1.0,0
3.4522,66,0,0.6812,9426.0,11,0,0,0,3.0,0
12.2481,45,4,0.1734,17858.0,12,0,0,0,0.0,0
1.0182,60,0,0.8024,,7,0,2,0,2.0,1
0.1523,42,0,0.9504,4151.0,6,0,0,0,1.0,0
0.4013,49,0,0.871,5959.0,5,0,0,0,2.0,0
0.1769,49,0,0.99,3599.0,7,0,3,0,0.0,0
0.2162,59,0,0.5706,,11,0,1,0,1.0,0
0.17,40,0,0.682,6989.0,14,0,0,0,0.0,0
0.7084,31,0,0.4692,3493.0,14,0,0,0,0.0,0
0.3658,59,0,0.753,4697.0,10,0,0,0,0.0,0
5.7364,58,0,0.7734,5201.0,8,0,2,0,2.0,0
2.2885,54,0,0.9325,2693.0,8,0,2,0,2.0,1
0.1934,65,0,0.5092,6035.0,6,0,1,0,1.0,0
0.6216,49,0,0.3618,8341.0,5,0,0,0,,0
0.1913,56,0,0.1091,,8,0,1,0,0.0,0
0.0074,47,0,0.1928,,6,0,0,0,0.0,0
0.171,48,0,0.3973,,9,0,4,0,3.0,0
1.0006,57,0,0.4155,6541.0,6,0,3,0,3.0,0
0.0477,84,0,0.1051,,10,0,1,0,3.0,0
0.8926,62,0,0.2819,4678.0,4,0,1,0,0.0,0
0.1327,60,0,0.524,,6,0,1,0,0.0,0
0.2042,63,0,0.5168,,9,0,0,0,2.0,0
0.0047,21,0,0.4994,3961.0,8,0,0,0,0.0,0
0.1749,56,0,0.3775,8096.0,5,0,0,0,3.0,0
0.62,65,0,0.233,5034.0,8,0,0,0,0.0,0
0.3889,53,0,0.4637,2586.0,8,0,2,0,0.0,0
0.2289,51,0,0.3519,,12,0,0,0,2.0,0
0.1302,39,0,0.8624,19183.0,6,0,0,0,3.0,0
3.8161,46,1,0.6352,6582.0,6,0,0,0,0.0,0
0.0095,40,0,0.6787,,9,0,2,0,0.0,0
2.0128,66,0,0.25,2391.0,7,0,1,0,2.0,0
0.2492,73,0,0.613,21079.0,5,0,0,0,1.0,0
0.3771,79,0,0.6634,1318.0,13,0,1,0,0.0,0
0.8642,40,0,0.2408,7116.0,13,0,2,0,0.0,0
0.0449,43,0,0.7722,6293.0,7,0,0,0,2.0,0
0.1258,42,0,0.629,,6,0,1,0,1.0,0
0.6784,38,0,0.6645,6207.0,6,0,1,0,2.0,0
0.4726,38,0,0.4001,9221.0,10,0,3,0,1.0,0
1.5703,45,0,0.5722,1092.0,7,0,1,0,1.0,0
0.3599,64,2,0.0654,8275.0,9,0,0,0,1.0,1
2.7209,42,0,0.5945,5349.0,6,0,0,0,3.0,0
0.421,67,0,0.4258,4525.0,8,0,1,0,0.0,0
0.3468,71,0,0.9492,8537.0,9,0,1,0,4.0,0
0.654,56,0,0.6717,6711.0,5,0,0,0,0.0,0
0.7962,69,0,0.9456,,7,0,2,0,2.0,1
0.9034,33,0,0.0678,6875.0,8,0,1,0,0.0,0
0.1179,44,0,0.4167,5508.0,10,0,1,0,1.0,0
0.9076,55,0,0.3935,,6,0,0,0,1.0,0
1.2048,55,0,0.5281,16519.0,12,0,1,0,0.0,0
0.149,72,0,0.5351,5134.0,8,0,1,0,2.0,0
0.5732,38,0,0.0576,2680.0,5,0,2,0,1.0,0
0.9333,44,2,1.0109,1755.0,8,0,2,0,0.0,0
0.0377,51,0,1.1697,5357.0,2,0,1,0,1.0,0
0.8637,45,0,0.0756,3497.0,7,0,1,0,0.0,0
0.554,37,0,0.6976,15156.0,8,0,1,0,1.0,0
0.4879,45,0,0.9329,1842.0,10,0,0,0,1.0,0
0.3541,49,0,0.4483,6275.0,7,0,2,0,0.0,0
0.3178,72,0,0.4757,23566.0,8,0,0,0,0.0,0
0.254,38,0,0.3757,5395.0,7,0,2,0,3.0,0
0.6558,63,0,0.3899,6804.0,9,0,1,0,1.0,0
0.3007,70,0,0.0851,,10,0,4,0,1.0,0
0.4375,45,0,0.4591,1768.0,12,0,1,0,1.0,1
0.5507,56,0,0.0991,,7,0,1,0,1.0,0
0.197,60,0,0.5359,5283.0,2,0,1,0,0.0,0
0.7239,58,0,0.3622,,11,0,1,0,,0
0.8434,53,0,0.1255,7138.0,10,0,0,0,0.0,0
1.1072,42,0,0.2749,6176.0,9,0,1,0,1.0,0
0.4313,61,0,0.0686,,7,0,2,0,0.0,0
0.5234,47,0,0.643,,11,0,1,0,0.0,1
0.4454,52,0,0.4916,6761.0,7,0,1,0,0.0,0
0.5452,54,0,0.1242,5909.0,5,0,0,0,2.0,0
0.1513,64,0,0.2701,6429.0,8,0,2,0,2.0,0
0.2797,79,0,0.5345,3821.0,8,0,1,0,3.0,0
0.7437,42,0,0.3736,2123.0,8,0,0,0,0.0,0
0.7595,53,0,0.6396,13659.0,10,0,1,0,1.0,0
4.2589,31,0,0.5825,3592.0,10,0,0,0,0.0,0
0.4026,73,0,0.5452,8384.0,9,0,0,0,2.0,0
0.6775,53,0,0.4859,6762.0,9,0,0,0,1.0,0
0.8373,48,0,0.2583,3703.0,8,0,1,0,1.0,0
0.6368,53,1,0.7209,8241.0,15,0,2,1,3.0,0
0.1838,53,0,0.5906,3908.0,5,0,1,0,0.0,0
0.4631,42,2,0.6309,15488.0,6,0,2,0,1.0,0
0.2686,69,0,0.4579,10784.0,4,0,0,0,1.0,0
0.3691,61,0,0.3174,11029.0,8,0,0,0,0.0,0
0.2632,63,0,0.5173,6304.0,11,0,1,0,3.0,0
0.3209,42,0,0.5966,,8,0,2,0,0.0,0
0.3061,42,0,0.2694,8030.0,3,0,0,0,0.0,0
0.6962,50,0,0.6611,4802.0,7,0,2,0,0.0,1
0.2252,63,0,0.6225,7926.0,8,0,0,0,,0
0.4465,59,0,1.0224,5465.0,5,0,1,0,1.0,0
0.5213,41,0,0.6435,,8,0,0,0,0.0,0
0.2166,61,0,0.198,2953.0,4,0,2,0,3.0,0
0.3348,38,0,0.5053,1790.0,7,0,0,0,0.0,0
0.2599,43,0,0.6963,1115.0,7,0,0,0,0.0,0
0.1594,54,0,0.3708,8222.0,9,0,1,0,1.0,0
0.2823,36,0,0.2652,1789.0,8,0,0,0,0.0,0
0.7913,39,0,0.1075,6591.0,6,0,1,0,1.0,0
1.8148,74,0,0.3417,12962.0,8,0,1,0,1.0,0
3.3767,71,0,0.619,10644.0,8,0,0,0,0.0,0
0.181,84,0,0.6053,1919.0,13,0,0,0,0.0,0
0.1073,58,0,0.238,,4,0,2,0,2.0,0
0.3739,61,0,0.2246,7610.0,9,0,0,0,3.0,0
5.8043,50,0,0.6201,1998.0,7,0,0,0,2.0,0
0.2013,47,0,0.6036,6042.0,5,0,1,0,2.0,0
0.2658,64,0,0.521,5119.0,7,0,0,0,0.0,0
1.4017,71,0,0.7409,16875.0,8,0,2,0,0.0,0
0.8359,63,0,1.0469,4366.0,9,0,4,0,1.0,0
0.0138,40,0,0.173,6537.0,12,0,1,0,1.0,0
0.014,57,0,0.3904,10951.0,8,0,2,0,0.0,0
0.329,41,0,0.4987,8362.0,5,0,2,0,2.0,0
0.3256,47,0,0.2038,9153.0,6,0,0,0,2.0,0
1.6348,75,4,0.6704,19714.0,8,0,0,1,0.0,0
0.2676,35,0,0.7193,4330.0,11,0,0,0,0.0,0
1.6745,82,0,0.2064,,11,0,3,0,1.0,1
0.3452,60,0,0.3506,16359.0,7,0,0,0,1.0,0
0.7319,45,0,0.7017,2520.0,7,0,0,0,1.0,0
0.4114,53,0,0.6564,,6,0,1,0,2.0,0
0.6053,42,0,0.4005,9491.0,10,0,0,0,1.0,0
3.562,44,0,0.1863,14310.0,7,0,0,0,1.0,0
0.0157,53,0,0.8018,15663.0,6,0,1,0,2.0,0
0.1748,47,0,0.0239,7581.0,5,0,2,0,0.0,0
0.7638,39,0,0.2646,11394.0,9,0,1,0,1.0,0
0.4052,49,0,0.7097,,11,0,1,0,1.0,0
0.0826,34,0,0.6703,8758.0,15,0,1,0,0.0,0
0.0371,34,0,0.305,,11,0,3,0,0.0,0
0.2294,34,0,0.2425,11055.0,8,0,1,0,0.0,0
0.4325,75,0,0.0775,,8,0,1,0,0.0,0
4.033,58,0,0.522,,8,0,0,0,0.0,0
0.6348,60,0,0.8953,5860.0,9,0,1,0,0.0,0
0.1046,52,0,0.2141,18000.0,3,0,1,0,2.0,0
0.4041,59,0,0.1837,5797.0,9,0,2,0,1.0,0
0.6012,68,0,0.7655,5624.0,4,0,1,0,2.0,0
0.531,58,0,0.1782,,5,0,1,0,0.0,0
0.4173,75,0,0.6016,4198.0,9,0,1,0,2.0,0
4.2647,51,0,0.6799,8303.0,9,0,0,0,1.0,0
1.616,60,0,0.4918,16417.0,10,0,0,0,1.0,0
0.4795,62,0,0.2074,2885.0,7,0,1,0,2.0,0
0.2346,39,0,0.7738,,6,0,1,0,2.0,0
0.3993,53,0,0.7656,12304.0,6,0,1,0,0.0,0
0.3128,26,0,0.1231,6356.0,6,0,0,0,0.0,0
3.1818,50,0,0.7097,1931.0,4,0,0,0,,0
0.3003,48,0,0.639,,4,0,1,0,1.0,0
0.3635,47,0,0.386,2726.0,9,0,3,0,0.0,0
0.5901,46,0,0.5035,11093.0,7,0,1,0,0.0,0
0.3443,59,0,0.4237,14789.0,6,0,2,0,0.0,0
0.2502,40,0,0.8783,,6,0,1,0,0.0,0
0.3648,78,0,0.0339,7731.0,10,0,1,0,0.0,0
1.3245,60,0,1.2973,4755.0,10,0,0,0,1.0,0
0.939,41,0,0.846,,7,0,0,0,0.0,0
1.2625,61,0,0.3346,5720.0,7,0,1,0,1.0,0
0.1277,66,0,0.2681,3875.0,5,0,0,0,0.0,0
0.3969,57,0,0.4647,2782.0,10,0,2,0,0.0,0
0.292,38,0,0.27,,8,0,0,0,0.0,0
0.6341,83,0,0.768,,7,0,1,0,1.0,0
0.1189,61,0,0.5495,5353.0,4,0,0,0,1.0,0
3.9985,35,0,0.3239,17403.0,9,0,0,0,0.0,0
0.686,55,0,0.7456,3826.0,8,0,2,0,0.0,0
3.607,49,0,0.3545,5249.0,10,0,2,0,1.0,0
0.891,52,0,1.134,9975.0,7,0,0,0,1.0,0
0.0206,35,1,0.7321,3808.0,8,0,1,0,0.0,0
1.0768,53,0,0.3065,7046.0,7,0,0,0,1.0,0
0.3924,40,0,0.8505,,2,0,3,0,0.0,0
0.2178,47,0,0.1293,,4,0,3,0,0.0,0
0.7239,57,0,0.469,10794.0,12,0,1,0,0.0,0
0.3454,45,3,0.4605,6507.0,5,0,2,0,2.0,0
0.3288,48,0,0.9327,4901.0,7,0,0,0,1.0,0
0.7777,63,0,0.6002,,12,0,1,0,3.0,0
0.2354,40,0,0.5541,6670.0,5,0,0,0,,0
0.3745,43,0,0.3144,7237.0,7,0,2,0,1.0,0
0.7985,34,0,0.404,5064.0,9,0,1,0,1.0,0
0.2078,40,0,0.3347,6039.0,13,0,3,0,0.0,0
0.4967,54,0,0.2976,11831.0,11,0,0,0,2.0,0
0.2663,61,0,0.1241,2994.0,7,0,2,0,1.0,0
0.0857,41,0,0.4056,18373.0,7,0,1,0,1.0,0
0.5132,61,0,0.6071,4734.0,13,0,2,0,1.0,1
0.0255,53,0,0.5314,,8,0,3,0,0.0,0
1.1776,33,0,0.4472,2874.0,6,0,1,0,1.0,0
0.0562,54,0,0.2712,,5,0,0,0,1.0,0
0.9516,69,0,0.2513,4637.0,9,0,0,0,2.0,0
0.1771,26,0,0.1494,5401.0,6,0,1,0,0.0,0
0.5947,80,0,0.1765,10741.0,9,0,0,0,0.0,0
0.6124,43,0,0.9265,4389.0,7,0,3,0,,0
0.2757,29,0,1.1152,5234.0,13,0,0,0,0.0,0
0.682,54,0,0.4769,5487.0,10,0,1,0,1.0,0
2.2663,64,0,0.2783,5656.0,6,0,2,0,0.0,0
0.5118,48,0,0.5627,5589.0,9,0,0,0,0.0,0
0.1315,56,0,0.9836,2309.0,8,0,1,0,,0
0.158,82,0,0.5034,,8,0,1,0,2.0,0
0.3832,55,0,0.6585,,9,0,2,0,3.0,0
0.6836,94,0,0.9616,,5,0,2,0,0.0,0
0.2908,70,0,1.0892,12890.0,6,0,2,0,1.0,0
0.5479,53,0,0.2665,8459.0,4,0,0,0,1.0,0
0.965,56,1,0.7597,7570.0,9,0,1,0,0.0,0
0.5042,48,0,0.5205,4386.0,3,0,0,0,1.0,0
0.9877,55,0,0.3166,4723.0,5,0,1,0,1.0,0
0.2259,60,0,0.7075,3879.0,7,0,1,0,0.0,0
0.5158,46,0,0.1131,5124.0,4,0,0,0,1.0,0
0.0648,33,0,0.0346,2899.0,10,0,0,0,,0
0.7505,70,0,0.3102,3195.0,11,0,1,0,0.0,0
0.0544,66,0,0.667,22233.0,10,0,1,0,1.0,0
0.1147,32,2,0.6306,,12,0,2,0,1.0,0
0.0149,54,0,0.1564,10062.0,8,0,1,0,2.0,0
4.141,66,0,0.1459,17439.0,7,0,1,0,1.0,0
0.2966,65,0,0.7354,3213.0,9,0,2,0,0.0,0
0.176,42,0,0.4692,3219.0,6,0,0,0,2.0,0
3.9191,66,0,0.7489,3408.0,8,0,1,0,0.0,0
0.5187,52,0,0.4483,5246.0,2,0,0,0,1.0,0
1.0674,57,0,0.45,8178.0,6,0,0,0,2.0,0
2.0054,39,0,0.5661,4124.0,11,0,1,0,1.0,0
0.1587,21,0,0.3144,4954.0,7,0,2,0,1.0,0
0.1813,41,0,0.1496,8386.0,7,0,2,0,0.0,0
0.0951,60,0,0.6827,2142.0,10,0,1,0,,0
0.3552,49,0,0.5916,,9,0,0,0,0.0,0
0.4621,61,0,0.2738,2153.0,8,0,0,0,0.0,0
0.1128,67,0,0.0455,3516.0,6,0,1,0,1.0,0
0.0081,47,0,0.3543,,9,0,3,0,0.0,0
0.5991,46,0,0.694,2842.0,3,0,0,0,3.0,0
0.1315,21,0,0.4382,,4,0,1,0,0.0,0
0.1321,30,0,0.5415,,4,0,3,0,0.0,0
0.2111,33,0,0.4658,,3,0,2,0,2.0,0
0.2101,60,0,0.1855,2864.0,7,0,0,0,0.0,0
0.0795,48,0,0.5225,,7,0,2,0,0.0,0
0.4648,45,0,0.4108,4868.0,8,0,2,0,,0
0.2386,43,2,0.1038,6882.0,7,0,2,1,4.0,0
1.2957,41,0,0.8187,,9,0,1,0,1.0,0
0.1426,65,0,0.36,3063.0,11,0,1,0,1.0,0
0.1571,53,0,0.0537,9978.0,11,0,2,0,0.0,0
0.4786,66,0,0.3949,,4,0,0,0,1.0,0
1.0384,21,0,0.2841,3273.0,7,0,0,0,0.0,0
0.4464,59,0,0.8179,6292.0,10,0,0,0,0.0,0
2.0116,45,0,0.5122,12800.0,4,0,1,0,0.0,0
0.5595,48,0,0.2902,7547.0,10,0,1,0,0.0,0
1.2012,71,0,0.2335,10127.0,12,0,0,2,0.0,0
0.3786,47,0,0.1111,11483.0,12,0,1,0,0.0,0
0.3593,59,0,0.765,1943.0,6,0,2,0,0.0,0
0.0808,38,0,0.4843,,10,0,0,0,0.0,0
0.4937,53,4,1.1189,7743.0,7,0,2,0,1.0,0
1.0609,30,0,0.2299,,8,0,1,0,2.0,0
0.1383,51,0,0.1261,16546.0,4,0,1,0,2.0,0
2.3384,57,0,0.3637,4018.0,7,0,1,0,0.0,0
0.0331,67,0,0.3881,,11,0,0,0,0.0,0
0.0082,41,0,0.3485,4316.0,7,0,0,0,0.0,0
0.3176,45,0,0.3415,3427.0,12,0,3,0,0.0,0
0.1171,43,0,0.7191,3489.0,7,0,0,0,3.0,0
4.6818,48,0,0.1659,3002.0,15,0,0,0,,0
0.0236,39,0,0.4845,2703.0,11,0,0,0,0.0,0
0.6976,22,0,0.2886,1672.0,8,0,1,0,1.0,0
0.3076,37,0,0.7826,4023.0,8,0,4,0,1.0,0
0.0879,51,0,0.608,3363.0,7,0,0,0,0.0,0
4.5863,50,0,0.4567,,9,0,0,0,1.0,0
0.269,60,0,0.8737,,7,0,1,0,,0
0.1417,64,0,0.2379,,9,0,1,0,2.0,0
0.3725,46,0,0.4559,4341.0,7,0,1,0,,0
0.7583,30,0,0.9828,5736.0,5,0,0,0,0.0,0
1.7879,58,0,0.509,1978.0,13,0,0,0,2.0,0
0.304,52,0,1.0043,6681.0,6,0,1,0,0.0,0
0.0543,48,0,0.4386,5414.0,3,0,0,0,1.0,0
0.5865,69,0,1.1973,,6,0,0,0,0.0,1
0.6748,58,0,0.6735,,11,0,2,0,1.0,0
0.3391,54,0,0.2576,3099.0,6,0,1,0,1.0,0
0.0014,54,0,0.3193,3628.0,9,0,1,0,1.0,0
0.8744,64,0,0.2651,,6,0,1,0,1.0,0
0.4739,42,0,0.6789,10026.0,9,0,0,0,1.0,0
0.4278,40,2,0.6581,,7,0,2,0,0.0,0
0.4368,49,0,0.0622,8133.0,3,0,1,0,1.0,0
0.0703,36,0,0.3374,4989.0,7,0,0,0,0.0,0
0.572,51,0,0.5047,2339.0,10,0,0,0,0.0,1
0.0394,53,0,0.7912,14338.0,6,0,2,0,1.0,0
0.5934,51,0,0.58,4499.0,6,0,0,0,0.0,0
0.6926,47,0,0.1383,8366.0,12,0,0,0,2.0,0
0.4212,75,0,0.1269,9449.0,10,0,0,0,2.0,1
0.2382,65,0,0.7215,7794.0,7,0,1,0,0.0,0
0.8809,51,0,0.0779,14437.0,11,0,2,0,2.0,0
0.2039,53,0,0.706,3121.0,9,0,1,0,0.0,0
3.2229,71,0,0.8101,10994.0,6,0,1,0,0.0,0
0.5189,44,0,0.7864,,9,0,0,0,0.0,1
0.3463,38,0,0.6584,,8,0,1,0,1.0,0
4.0445,55,0,0.3578,,17,0,3,0,0.0,0
0.125,58,0,0.3743,8213.0,5,0,2,0,1.0,0
0.7892,59,0,0.3735,1309.0,9,0,0,0,1.0,0
0.7202,64,0,0.636,4074.0,12,0,4,0,1.0,0
0.1511,42,0,0.2542,26301.0,10,0,0,0,0.0,0
2.8281,32,0,0.869,,3,0,1,0,3.0,0
0.3662,44,0,0.5305,17935.0,7,0,0,0,0.0,0
7.4695,60,0,0.4671,2198.0,11,0,1,0,0.0,0
0.3347,39,0,0.6901,,5,0,0,0,0.0,0
0.3067,25,0,0.2256,3718.0,10,0,1,0,0.0,0
0.0459,54,0,0.6683,,6,0,1,0,1.0,0
0.5482,44,1,0.7465,4524.0,8,1,1,0,4.0,0
0.0929,28,0,0.0287,5389.0,6,0,0,0,0.0,0
0.0326,53,0,0.78,6019.0,5,0,1,0,0.0,0
7.9656,47,0,0.461,7478.0,9,0,1,0,1.0,0
0.8867,75,0,0.2481,11693.0,7,0,1,0,3.0,0
1.7479,53,0,0.2572,15354.0,15,0,1,0,,0
0.1754,60,0,0.2075,10846.0,5,0,0,0,1.0,0
1.6077,52,1,0.6258,7886.0,12,0,0,0,0.0,0
1.6532,44,0,0.7389,5306.0,7,0,2,0,0.0,0
0.3604,45,0,0.0559,,11,0,1,0,0.0,0
0.4951,67,0,0.4185,2353.0,6,0,0,0,0.0,0
0.1503,62,0,0.0589,7147.0,6,0,0,0,0.0,0
0.2082,31,0,0.5545,7329.0,13,0,0,0,0.0,0
1.1709,35,0,0.6212,3075.0,9,0,1,0,1.0,0
0.1597,35,0,0.4187,7423.0,7,0,2,0,,0
0.8053,67,0,0.4345,10420.0,10,0,2,0,0.0,0
0.0549,28,0,0.5108,10373.0,10,0,0,0,1.0,0
0.3161,63,1,0.383,5046.0,10,0,0,1,1.0,0
0.6234,58,0,0.4777,2127.0,5,0,0,0,1.0,0
0.4393,54,0,0.6154,13630.0,9,0,1,0,1.0,0
1.5465,45,0,0.7289,8865.0,13,0,2,0,1.0,0
0.56,69,0,0.7971,6034.0,5,0,1,0,1.0,0
1.2945,54,0,1.1285,,9,0,1,0,1.0,0
0.4658,32,0,0.308,4969.0,8,0,0,0,1.0,0
0.7009,35,0,0.4109,2287.0,4,0,1,0,2.0,0
0.0961,29,0,0.4082,5774.0,8,0,1,0,1.0,0
0.1199,69,0,0.481,,6,0,0,0,1.0,0
0.5838,72,0,0.6577,7607.0,8,0,3,0,0.0,0
0.3717,67,0,0.8541,23317.0,9,0,1,0,0.0,0
0.5953,50,0,0.1254,11816.0,10,0,0,0,0.0,0
0.8093,32,0,0.0829,,13,0,4,0,3.0,1
0.2222,37,0,0.769,5314.0,16,0,1,0,2.0,0
0.6046,38,0,0.1561,2261.0,9,0,0,0,2.0,0
0.1996,51,0,0.5271,3476.0,9,0,2,0,0.0,0
0.6365,71,0,0.4476,5743.0,8,0,1,0,0.0,0
0.883,71,0,1.003,,12,0,1,0,1.0,1
0.4945,45,0,0.1394,4887.0,5,0,0,0,1.0,0
0.8861,21,0,0.5286,3067.0,7,0,2,0,0.0,0
0.9572,36,0,0.5101,6302.0,10,0,1,0,0.0,0
1.7212,69,0,0.2066,2640.0,8,0,0,0,0.0,0
2.8278,55,0,0.7457,3094.0,8,0,1,0,2.0,1
0.4122,47,0,0.6705,3901.0,6,0,0,0,0.0,0
2.2102,46,0,0.0914,3113.0,6,0,1,0,0.0,0
4.1553,41,0,0.3649,5846.0,4,0,1,0,0.0,0
0.6323,35,0,0.4341,4159.0,8,0,0,0,0.0,0
0.3033,81,0,0.3704,7343.0,6,0,0,0,0.0,0
0.1149,76,0,0.7905,4183.0,4,0,1,0,0.0,0
0.2676,40,0,0.4336,4898.0,3,0,1,0,1.0,0
0.6124,27,0,0.5234,5849.0,6,0,1,0,2.0,0
2.645,54,0,0.3023,,13,0,0,0,1.0,0
1.2087,50,0,0.4542,4225.0,7,0,2,0,0.0,0
0.2349,61,0,0.7947,7441.0,3,0,0,0,0.0,0
0.1566,64,0,0.1315,5199.0,9,0,1,0,0.0,0
0.2217,36,0,0.1645,1487.0,8,0,2,0,0.0,0
0.4982,70,0,0.6759,7549.0,4,0,2,0,0.0,0
0.5044,47,0,0.5936,2024.0,10,2,0,3,0.0,0
0.6681,61,0,0.3705,5424.0,7,0,0,0,2.0,0
0.1266,48,0,0.9481,,14,0,0,0,1.0,0
3.3451,65,1,0.0933,14502.0,6,0,0,3,0.0,0
0.323,21,0,0.1281,5269.0,9,0,1,0,2.0,0
0.2985,62,0,0.1792,,6,0,0,0,,0
0.5933,40,0,0.0713,,7,0,0,0,0.0,0
0.1117,53,0,0.1256,7613.0,9,0,0,0,0.0,0
0.0811,69,0,0.4927,25564.0,8,0,1,0,0.0,0
0.0748,41,0,0.5408,4436.0,5,0,1,0,1.0,0
3.6632,39,0,0.2203,17040.0,6,0,1,0,4.0,0
1.0814,47,0,0.1445,,6,0,2,0,1.0,1
0.4639,46,0,0.5445,5929.0,8,0,0,0,1.0,0
0.1371,37,0,0.1925,2671.0,3,0,0,0,0.0,0
3.666,53,0,0.5423,5212.0,5,0,0,0,0.0,0
0.6964,54,0,0.1833,10649.0,8,0,0,0,0.0,0
0.9862,58,0,0.2157,,7,0,0,0,0.0,0
2.2998,41,0,0.2054,,7,0,2,0,0.0,0
0.6945,39,0,0.5325,,6,0,0,0,1.0,0
0.0525,50,0,0.1883,28682.0,5,0,1,0,1.0,0
0.3687,49,0,0.8474,,10,0,1,0,1.0,0
0.1068,49,0,0.8086,14706.0,5,0,1,0,1.0,0
0.0745,42,0,0.0331,11641.0,9,0,0,0,3.0,0
0.3533,57,0,0.3609,3552.0,10,0,0,0,2.0,0
0.032,39,0,0.4663,3547.0,10,0,1,0,0.0,0
0.1849,50,0,0.9403,,7,0,2,0,0.0,0
0.2223,48,0,1.0238,,16,0,1,0,2.0,0
0.4199,52,0,0.1658,5225.0,9,0,4,0,0.0,0
0.9264,69,0,0.1726,13607.0,11,0,1,0,0.0,0
0.8958,34,0,0.2376,11626.0,10,0,3,0,0.0,0
0.3631,21,0,0.3555,5104.0,6,0,0,0,2.0,0
0.537,44,0,0.0724,15967.0,2,0,1,0,1.0,0
0.5527,36,0,0.0955,4989.0,12,0,1,0,0.0,0
0.2857,21,0,0.261,3472.0,9,0,1,0,1.0,0
0.5874,76,0,0.7106,2020.0,13,0,0,0,0.0,0
0.5826,60,0,0.6101,5197.0,6,0,3,0,0.0,0
0.0935,61,0,0.2271,2788.0,6,0,1,0,0.0,0
0.3596,48,0,0.4386,9773.0,7,0,1,0,0.0,0
0.9404,58,0,0.0712,11152.0,8,0,0,0,0.0,0
0.1493,46,0,0.4846,,10,0,0,0,1.0,0
0.9846,63,0,0.249,1373.0,8,0,0,0,,0
0.2039,55,0,0.8652,,7,0,3,0,1.0,0
0.6714,51,0,0.9399,3917.0,9,0,0,0,0.0,0
0.9972,53,0,0.2694,3069.0,7,0,1,0,2.0,0
0.195,73,0,0.1313,4818.0,6,0,1,0,0.0,0
0.3097,54,0,0.6146,5104.0,11,0,0,0,2.0,0
0.8476,38,0,0.1626,9680.0,7,0,0,0,2.0,0
0.1759,57,0,0.8404,,10,0,0,0,0.0,0
3.6873,59,2,0.2912,,16,0,1,0,0.0,0
0.6004,50,0,0.4275,9129.0,5,0,3,0,1.0,0
0.0621,51,0,0.244,2992.0,9,0,1,0,1.0,0
0.7415,37,0,0.758,2607.0,3,0,1,0,0.0,0
0.8374,53,0,0.7382,,11,0,2,0,0.0,0
0.0346,35,0,1.4154,6665.0,7,0,0,0,,0
0.4203,48,0,0.4037,7754.0,11,0,1,0,1.0,0
0.7124,43,0,0.4089,13608.0,8,0,0,0,1.0,0
0.3002,66,0,0.4132,3468.0,12,0,0,0,1.0,0
0.7442,74,0,0.5112,,5,0,1,0,0.0,1
1.225,36,0,0.3944,8765.0,8,0,2,0,0.0,0
0.1401,52,0,0.3044,,3,0,1,0,0.0,0
0.5039,48,0,0.8758,1505.0,17,2,0,0,0.0,1
0.1216,59,0,0.5099,10289.0,14,0,0,0,3.0,0
0.0706,53,0,0.3436,2833.0,3,0,0,0,0.0,0
0.4561,47,0,0.7743,3479.0,12,0,1,0,3.0,0
1.9037,53,0,0.448,8599.0,9,0,0,0,0.0,0
0.4774,49,0,0.212,,5,0,0,0,2.0,0
0.6536,74,0,0.6747,,8,0,0,0,0.0,0
1.1705,41,3,0.343,1464.0,12,0,0,0,0.0,0
0.1406,56,0,0.4822,5408.0,6,0,1,0,0.0,0
0.5792,59,0,0.5014,5556.0,7,0,3,0,1.0,0
0.3496,58,0,0.3958,7473.0,8,0,2,0,0.0,0
0.654,48,0,0.1891,10634.0,7,0,0,0,1.0,0
0.4173,71,1,0.3319,5570.0,6,0,2,1,1.0,1
0.013,23,0,0.508,3695.0,7,0,0,0,3.0,0
0.336,37,0,0.6791,4832.0,8,0,0,0,1.0,0
0.2782,61,0,1.0498,7786.0,10,0,2,0,0.0,0
0.4956,40,0,0.148,4325.0,8,0,2,0,1.0,0
0.1611,39,0,0.0249,5452.0,4,0,3,0,0.0,0
0.5126,45,0,0.6869,2579.0,2,0,0,0,0.0,0
0.7439,41,0,0.1589,4376.0,13,0,2,0,1.0,0
0.1045,61,0,0.3221,5235.0,6,0,2,0,1.0,0
0.5542,65,0,0.8969,15411.0,6,0,0,0,1.0,0
0.7576,53,0,0.724,5966.0,8,0,0,0,0.0,0
0.3872,67,0,0.6896,2397.0,12,0,2,0,2.0,0
0.0265,33,0,0.7695,12690.0,7,0,1,0,1.0,0
0.167,53,0,0.2545,9015.0,7,0,1,0,2.0,0
0.3005,71,0,0.7049,12232.0,7,0,1,0,3.0,0
0.0465,66,0,0.6327,10530.0,6,0,1,0,2.0,0
0.3,72,0,0.4002,10124.0,10,0,1,0,1.0,0
1.5502,44,0,0.4965,3897.0,9,0,0,0,0.0,0
0.4216,65,0,0.4166,4541.0,5,0,1,0,0.0,0
0.6947,46,0,0.4042,9900.0,12,0,3,0,1.0,0
0.3287,60,0,0.54,6439.0,9,0,1,0,0.0,0
0.1802,70,0,0.6794,5022.0,7,0,0,0,0.0,0
0.541,41,0,0.9237,,8,0,2,0,1.0,0
0.3712,26,0,0.376,4809.0,6,0,1,0,0.0,0
0.4532,78,0,0.3326,8953.0,10,0,0,0,0.0,0
0.562,59,0,0.9071,4881.0,11,0,0,0,0.0,1
0.398,51,0,0.7892,7788.0,8,0,2,0,0.0,0
0.6437,50,2,0.8288,,4,0,2,0,1.0,0
0.2833,23,0,0.1676,6277.0,6,0,1,0,0.0,0
0.1094,55,0,0.1525,1678.0,4,0,1,0,1.0,0
0.0201,45,0,0.4182,3025.0,6,0,3,0,3.0,0
0.1746,53,0,0.9415,4405.0,4,0,0,0,0.0,0
0.2825,52,0,0.1802,4807.0,5,0,2,0,0.0,0
0.5975,21,0,0.7568,4573.0,5,0,0,0,0.0,1
0.1527,59,1,0.371,8616.0,4,0,0,0,0.0,0
0.3796,55,0,0.5778,8928.0,8,0,1,0,0.0,0
0.0969,57,0,0.5329,1769.0,7,0,1,0,2.0,0
0.597,49,0,0.3371,8612.0,7,0,0,0,4.0,0
0.3513,53,0,0.5344,5596.0,7,0,2,0,0.0,0
0.3647,54,0,0.1231,,9,0,1,0,0.0,0
0.322,56,0,0.8516,8942.0,10,0,0,0,0.0,0
0.1032,59,0,0.4973,9339.0,7,0,0,0,0.0,0
1.9949,56,0,0.2235,7520.0,7,0,2,0,1.0,0
5.6726,78,0,0.6162,5499.0,9,0,0,0,0.0,0
0.5414,42,0,0.6947,,7,0,1,0,1.0,0
0.2242,47,0,0.408,8111.0,3,0,0,0,0.0,0
0.6501,76,0,1.0747,4596.0,12,0,1,0,1.0,0
7.3466,50,1,0.3615,10632.0,9,0,1,0,0.0,0
0.2743,65,0,0.3237,6900.0,16,0,0,0,1.0,0
4.0938,54,0,0.2664,5357.0,9,0,2,0,1.0,0
0.4195,49,0,0.2279,3183.0,12,0,0,0,1.0,0
0.4946,66,0,0.0195,4358.0,8,0,2,0,0.0,0
0.2866,59,0,0.1317,4975.0,3,0,2,0,1.0,0
0.0827,31,0,0.5097,16130.0,15,0,0,0,1.0,0
0.1052,54,0,0.1418,1920.0,10,0,0,0,0.0,0
0.3635,38,0,0.7425,3004.0,7,0,2,0,1.0,0
2.6065,70,0,0.3161,1562.0,5,0,2,0,1.0,0
0.4983,77,0,0.3712,7489.0,4,0,2,0,0.0,0
0.2861,78,0,0.4164,20864.0,8,0,1,0,1.0,0
0.8949,57,0,0.3319,6670.0,7,0,1,0,1.0,0
0.1313,46,0,0.7489,5400.0,12,0,0,0,0.0,0
0.9168,57,0,0.1429,4886.0,10,0,0,0,0.0,0
1.0697,39,0,0.5125,,6,0,1,0,1.0,1
7.0731,85,0,0.2113,6325.0,3,0,0,0,0.0,0
0.1881,69,0,0.7444,6647.0,5,0,0,0,0.0,0
0.3781,56,0,0.8313,3057.0,12,0,2,0,2.0,0
0.6392,66,0,0.5346,8798.0,7,0,1,0,0.0,0
0.2158,45,0,0.0982,6253.0,6,0,1,0,0.0,0
0.8784,36,0,0.4972,3109.0,7,0,2,0,2.0,1
0.2862,21,0,0.0905,,9,0,1,0,1.0,0
0.5588,53,0,0.5915,6242.0,6,0,1,0,1.0,0
0.6449,49,0,0.8227,3693.0,7,0,2,0,1.0,0
1.0971,59,0,0.3681,4363.0,10,0,1,0,2.0,0
0.098,52,0,0.3672,4914.0,8,0,2,0,1.0,0
2.5261,59,1,0.1119,4502.0,10,0,0,1,2.0,0
0.3626,63,0,0.3386,11890.0,8,0,0,0,2.0,0
0.8334,32,0,0.1158,4586.0,8,0,0,0,1.0,0
0.5021,64,0,0.1073,6091.0,2,0,0,0,1.0,0
2.0445,46,0,0.6558,,10,0,1,0,1.0,0
0.2365,59,0,0.4459,,4,0,2,0,1.0,0
0.2284,66,0,0.6905,3035.0,4,0,2,0,0.0,0
0.2853,66,0,0.3445,13392.0,7,0,1,0,1.0,0
0.0573,54,0,0.5497,,7,0,0,0,,0
1.664,54,0,0.7799,,7,0,3,0,1.0,0
0.1134,64,2,0.2137,,4,0,1,0,1.0,0
0.4266,31,0,0.2124,4924.0,9,0,0,0,1.0,0
0.6198,39,0,0.161,,7,0,1,0,0.0,0
0.3712,48,0,0.4771,3282.0,11,0,0,0,1.0,0
0.3323,33,0,0.6974,1472.0,9,0,3,0,0.0,0
0.5081,48,0,0.5733,,5,0,1,0,0.0,1
0.0351,47,0,0.4968,5082.0,6,0,0,0,0.0,0
0.1087,53,0,0.2847,13100.0,7,0,0,0,0.0,0
0.4505,51,0,0.1776,5780.0,8,0,1,0,1.0,0
0.6238,67,0,0.6707,2813.0,8,0,1,0,0.0,0
0.7504,60,0,0.1228,3430.0,10,0,1,0,0.0,1
0.7186,51,0,0.5797,,5,0,0,0,0.0,1
0.325,47,0,0.1648,10164.0,14,0,2,0,1.0,0
0.0378,51,0,0.3013,7087.0,8,0,0,0,0.0,0
1.3736,52,0,0.3974,10009.0,9,0,1,0,1.0,0
0.3152,87,0,0.8237,,7,0,0,0,1.0,0
0.8039,32,0,0.2433,5709.0,7,0,0,0,0.0,0
0.3455,39,0,0.4664,,7,0,1,0,1.0,0
0.6055,37,0,0.8818,5070.0,8,0,2,0,0.0,0
1.6417,56,0,0.7085,,11,0,1,0,1.0,0
0.4402,55,0,0.5003,2954.0,9,0,0,0,0.0,0
0.3247,44,0,0.0752,3401.0,6,0,1,0,3.0,0
0.6052,65,0,0.3256,5434.0,7,0,2,0,0.0,0
0.2636,57,0,0.7374,9085.0,10,0,3,0,2.0,0
0.0785,65,0,0.244,7278.0,7,0,1,0,2.0,0
0.5431,69,0,0.121,3647.0,6,0,0,0,1.0,1
0.034,22,0,0.1015,13748.0,13,0,1,0,0.0,0
2.0308,62,0,0.344,5427.0,2,0,0,0,1.0,0
0.0761,34,0,0.2226,4330.0,7,0,1,0,1.0,0
0.3423,55,0,0.2817,4230.0,8,0,0,0,0.0,0
0.3474,51,0,0.6479,,4,0,1,0,0.0,0
1.6397,52,0,0.7455,13112.0,9,0,2,0,0.0,0
0.9437,35,0,0.3598,2029.0,8,0,0,0,1.0,0
0.4349,66,0,0.2749,5270.0,10,0,0,0,1.0,0
0.2233,34,0,0.2154,7009.0,6,0,1,0,0.0,0
1.2887,63,0,0.3163,8470.0,10,0,2,0,2.0,0
0.6968,32,0,0.1721,2316.0,12,0,1,0,1.0,0
0.3173,52,0,0.9874,3418.0,9,0,0,0,0.0,0
0.6751,77,0,0.2441,6264.0,11,0,2,0,1.0,0
0.6358,85,0,0.342,,3,0,0,0,1.0,1
0.3888,29,0,0.6929,9429.0,8,0,2,0,0.0,0
1.5222,42,0,0.2446,,6,0,1,0,0.0,1
1.1944,45,0,0.9586,6020.0,10,0,1,0,2.0,0
0.3662,84,2,0.2224,9360.0,8,0,0,0,1.0,1
0.3828,51,0,0.8566,8595.0,13,0,3,0,0.0,0
5.4512,67,1,0.2756,9605.0,6,1,0,0,2.0,0
0.6506,56,0,0.486,2670.0,9,0,1,0,3.0,0
0.0132,35,0,1.4169,,12,0,1,0,1.0,0
0.9835,26,0,0.4728,7595.0,10,0,0,0,2.0,0
0.642,43,0,0.4069,11284.0,7,0,1,0,0.0,0
0.5116,84,0,0.5192,3806.0,6,0,0,0,0.0,0
0.4287,56,0,0.6362,6210.0,8,0,0,0,0.0,0
0.8141,67,0,0.2602,2345.0,10,0,1,0,1.0,0
0.3521,32,0,0.789,1736.0,6,0,1,0,1.0,0
0.0467,47,0,0.6028,6135.0,10,0,1,0,1.0,0
0.2822,63,0,0.5367,,4,0,0,0,1.0,0
0.7674,37,0,0.1491,12253.0,9,0,0,0,0.0,0
0.1064,51,0,0.4682,4967.0,15,0,1,0,1.0,0
0.4054,40,0,0.5935,3892.0,9,0,3,0,1.0,0
0.2279,64,1,0.1932,2570.0,15,0,1,0,0.0,0
0.6738,58,0,0.5879,8240.0,4,0,1,0,1.0,0
5.1975,62,0,0.5481,4774.0,4,0,1,0,0.0,0
2.967,64,0,0.9931,5944.0,8,0,0,0,0.0,0
2.0926,49,0,0.2755,3147.0,9,0,1,0,0.0,0
0.7204,66,0,0.286,7351.0,5,0,0,0,2.0,0
0.5751,44,0,0.0556,8537.0,14,0,1,0,1.0,0
0.8331,61,0,0.194,,4,0,1,0,0.0,0
7.0893,24,0,0.5612,2778.0,6,0,1,0,2.0,0
0.5246,42,0,0.1886,15631.0,7,0,0,0,1.0,0
0.8413,84,2,0.3025,5350.0,8,0,2,0,2.0,0
0.4643,61,0,0.4817,8506.0,9,0,1,0,1.0,0
0.376,61,0,0.6962,9209.0,9,0,2,0,0.0,0
0.1222,40,0,0.9011,3759.0,8,0,1,0,0.0,0
0.0975,37,0,0.4509,6753.0,6,0,0,0,0.0,0
3.5876,48,0,0.2428,4743.0,8,0,1,0,2.0,0
0.0098,51,0,0.3563,,10,0,1,0,1.0,0
7.5172,79,0,0.1176,1897.0,9,0,1,0,,1
0.8994,66,0,0.2805,17438.0,8,0,2,0,1.0,0
0.5264,54,0,0.6803,,12,0,0,0,2.0,0
6.112,53,0,0.8365,12636.0,7,0,3,0,3.0,0
0.522,63,0,0.1098,,9,0,2,0,0.0,0
0.1797,34,0,0.6421,10783.0,6,0,1,0,1.0,0
0.7392,25,0,0.5001,,7,0,2,0,1.0,1
0.3062,62,1,0.4177,10591.0,6,0,1,0,0.0,0
0.0869,53,3,0.0195,3248.0,4,0,0,1,0.0,0
0.6323,34,0,0.8267,,7,0,1,0,1.0,0
1.1644,23,0,1.1948,1555.0,8,0,2,0,0.0,1
0.0046,65,0,0.6934,2081.0,6,0,3,0,0.0,0
0.0831,45,0,0.5962,4017.0,8,0,1,0,2.0,0
0.7263,58,0,0.7765,2511.0,10,0,1,0,0.0,0
0.5844,48,0,0.6141,4355.0,15,0,0,0,1.0,0
0.5224,52,0,0.4398,6075.0,7,0,0,0,2.0,0
0.7736,44,0,0.9984,4127.0,6,0,0,0,2.0,0
0.8423,51,0,0.3062,8466.0,6,0,2,0,,0
0.358,60,0,0.9421,,7,0,0,0,1.0,0
1.0991,48,0,0.3127,5084.0,6,0,4,0,1.0,0
1.1901,47,2,0.0881,8998.0,8,0,0,1,0.0,0
0.2227,61,0,0.4795,3226.0,9,0,2,0,2.0,0
0.5142,61,0,0.4971,4244.0,11,0,1,0,0.0,0
0.0853,36,0,0.4496,10860.0,8,0,0,0,0.0,0
2.8258,52,0,0.5562,,9,0,0,0,0.0,1
0.1387,45,0,0.3052,,10,0,0,0,3.0,0
0.0078,52,0,0.497,,8,0,1,0,3.0,0
0.3603,72,0,0.223,5738.0,6,0,1,0,,0
0.5052,57,0,0.3953,9590.0,9,0,3,0,2.0,0
0.0736,82,0,0.4535,,11,0,0,0,2.0,0
0.2664,55,0,0.3462,6812.0,12,0,0,0,0.0,0
0.7155,50,0,0.1969,2792.0,6,0,1,0,3.0,0
0.1703,52,1,0.7909,,8,0,2,0,2.0,0
0.3933,54,0,0.3199,,6,0,0,0,0.0,0
3.8643,57,0,0.316,,7,0,2,0,0.0,0
0.7781,38,1,1.0123,13027.0,9,0,0,0,,0
0.0877,49,0,0.5341,1867.0,8,0,2,0,3.0,0
0.4794,42,0,0.3819,6748.0,4,0,1,0,0.0,0
0.992,66,0,0.6167,2947.0,9,0,1,0,2.0,1
0.2237,25,0,0.4326,3820.0,7,0,0,0,4.0,0
4.1816,54,0,1.1265,12402.0,3,0,1,0,0.0,0
0.2301,31,0,0.1851,9825.0,10,0,0,0,2.0,0
0.071,58,0,0.5274,1703.0,5,0,2,0,0.0,0
0.107,46,0,0.173,2567.0,7,0,0,0,1.0,0
2.3993,27,0,0.3263,1423.0,11,0,0,0,1.0,1
0.4273,65,0,0.6822,7625.0,10,0,0,0,0.0,0
0.3137,21,0,0.4523,6441.0,6,0,1,0,0.0,0
0.0943,52,0,0.0572,6866.0,7,0,0,0,1.0,0
0.238,62,0,0.1267,2781.0,6,0,1,0,1.0,0
0.2499,71,0,0.3446,,11,0,1,0,0.0,0
0.553,29,0,0.4634,3408.0,5,0,2,0,0.0,0
0.1727,45,0,0.5397,4629.0,11,0,0,0,0.0,0
0.5885,67,0,0.0608,20224.0,6,0,0,0,1.0,0
0.4401,68,0,0.3422,7984.0,6,0,1,0,0.0,0
0.4736,70,0,0.2229,,5,0,2,0,0.0,0
0.1383,88,0,1.0051,4858.0,15,0,2,0,0.0,0
0.1201,45,0,0.0879,8642.0,9,0,1,0,0.0,0
0.2608,57,0,0.3356,6251.0,10,0,0,0,0.0,0
0.1236,47,0,0.4832,8921.0,5,0,2,0,0.0,0
0.7521,24,0,0.1815,4947.0,11,0,0,0,,0
1.8843,51,0,0.0835,7390.0,6,0,0,0,0.0,0
0.6083,24,0,0.3416,,6,0,0,0,2.0,0
0.4913,45,0,0.8369,6987.0,9,0,0,0,1.0,0
0.4461,31,0,0.3174,11614.0,10,0,1,0,1.0,0
0.3288,58,0,0.4993,,4,0,0,0,,0
0.5673,41,0,0.3209,3041.0,6,0,1,0,0.0,0
0.2428,27,0,0.1348,25192.0,5,0,1,0,0.0,0
0.3873,64,0,0.3269,8072.0,8,0,1,0,1.0,0
0.4349,44,0,0.9751,1945.0,7,0,1,0,0.0,0
0.2965,46,1,0.5961,,9,0,1,1,0.0,0
0.206,38,0,0.907,6888.0,7,0,1,0,1.0,0
0.0334,68,0,0.141,,1,0,1,0,0.0,0
0.2568,56,0,0.9857,5934.0,8,0,0,0,1.0,0
0.2663,43,0,1.0594,3760.0,9,0,0,0,1.0,0
0.5725,25,0,0.5741,2445.0,1,0,1,0,1.0,1
0.304,87,0,0.3186,7951.0,8,0,1,0,3.0,0
0.4194,80,0,0.5619,7993.0,10,0,2,0,0.0,0
0.1607,72,0,0.4092,8532.0,9,0,2,0,2.0,0
0.0413,42,0,0.4712,7885.0,7,0,0,0,0.0,0
0.1093,45,0,0.5571,19558.0,9,0,1,0,0.0,0
0.7463,58,0,0.4568,,7,0,0,0,1.0,0
0.0796,39,2,1.414,,7,0,2,2,0.0,0
0.4484,38,0,0.6731,2831.0,5,0,0,0,2.0,0
0.5711,72,0,0.4021,3175.0,13,0,2,0,2.0,1
0.4107,51,0,0.3835,,7,0,0,0,,0
1.1047,36,0,0.0488,7438.0,7,0,2,0,2.0,0
1.3812,65,0,0.108,2880.0,10,0,2,0,0.0,0
0.3143,44,0,0.1368,1718.0,4,0,2,0,0.0,0
0.5497,24,0,0.7626,2119.0,8,0,3,0,0.0,1
0.1409,36,0,0.2571,2994.0,6,0,1,0,1.0,0
0.6169,45,0,0.2732,,14,0,0,0,1.0,0
0.5031,55,0,0.5602,1416.0,7,0,0,0,3.0,0
0.6882,54,0,0.3202,,8,0,0,0,2.0,0
7.0241,69,0,0.4828,,11,0,0,0,2.0,1
0.132,49,0,0.7038,,11,0,1,0,0.0,0
0.1176,45,0,0.7952,,7,0,1,0,0.0,0
5.6899,69,0,1.1773,5793.0,10,0,0,0,1.0,0
1.8929,66,0,0.1855,,10,0,1,0,2.0,0
0.5321,49,0,0.5821,3629.0,8,0,1,0,3.0,0
0.3996,56,0,0.5532,,13,0,1,0,1.0,0
0.8287,45,0,0.5408,5377.0,5,0,1,0,0.0,0
0.2847,36,0,0.1608,7101.0,9,0,1,0,1.0,0
0.6934,83,0,0.1536,7645.0,3,0,2,0,0.0,1
1.4439,44,0,0.5115,8281.0,9,0,1,0,1.0,0
0.2835,56,0,0.4963,9385.0,10,0,0,0,2.0,0
0.3153,31,0,0.1256,2098.0,13,0,1,0,,0
0.7524,62,0,0.1263,6498.0,5,0,1,0,1.0,0
0.3811,35,0,0.279,7650.0,6,0,1,0,2.0,0
0.3177,75,0,0.8953,,9,0,3,0,0.0,0
0.2957,77,0,0.6005,10983.0,3,0,1,0,0.0,0
0.4608,60,0,0.8805,,9,0,3,0,1.0,0
0.0596,54,1,0.4796,10420.0,8,0,0,0,1.0,0
1.1477,49,0,0.3288,12258.0,6,0,1,0,1.0,0
0.1631,51,0,0.6032,5810.0,7,0,1,0,0.0,0
0.0991,58,0,0.2921,13049.0,5,0,3,0,1.0,0
0.1959,53,0,0.0016,3916.0,8,0,1,0,1.0,0
0.2445,66,0,1.0076,,5,0,1,0,1.0,0
0.4052,39,0,0.0641,2747.0,12,0,1,0,1.0,0
0.0533,73,0,0.9143,6512.0,7,0,3,0,0.0,0
0.0982,46,0,0.6046,17693.0,14,0,2,0,1.0,0
0.3467,42,0,0.676,19282.0,16,0,1,0,2.0,0
0.0593,57,0,0.6646,,10,0,1,0,1.0,0
0.7682,58,0,0.4003,,6,0,0,0,1.0,0
0.0241,28,0,0.3099,3609.0,6,0,3,0,0.0,0
0.2456,45,0,0.6421,7163.0,6,0,2,0,2.0,0
0.0639,22,0,0.8701,5525.0,6,0,0,0,0.0,0
0.9598,43,0,0.1969,,10,0,0,0,1.0,0
0.0693,43,0,0.2579,2001.0,14,0,2,0,0.0,0
3.2565,56,0,0.9635,2382.0,8,0,1,0,0.0,0
0.0066,41,0,0.6211,3769.0,9,0,2,0,0.0,0
0.4882,44,0,0.7391,,6,0,0,0,0.0,0
0.4303,70,0,0.2389,7626.0,7,0,2,0,0.0,0
0.1094,81,2,0.4444,,8,0,2,0,0.0,0
0.3742,39,0,0.7286,8056.0,7,0,0,0,0.0,0
0.3909,66,0,0.2355,4907.0,6,0,1,0,0.0,0
0.4596,57,0,0.9619,5085.0,7,0,1,0,2.0,1
0.4353,28,0,0.4303,24639.0,11,0,2,0,0.0,0
0.4177,41,0,0.1325,6042.0,12,0,0,0,0.0,0
1.1178,21,0,0.323,11759.0,8,0,0,0,0.0,1
0.1006,57,0,0.174,6348.0,5,0,3,0,2.0,0
0.544,37,0,0.2017,19420.0,9,0,0,0,2.0,0
0.2443,54,0,0.0686,5380.0,11,0,2,0,2.0,0
0.0151,88,0,0.4516,6700.0,9,0,1,0,1.0,0
0.2455,74,0,0.4491,,8,0,0,0,0.0,0
0.2472,41,0,0.2051,7601.0,4,0,1,0,2.0,0
0.5869,38,0,0.2502,1489.0,9,0,0,0,1.0,0
0.7017,70,0,0.24,3427.0,12,0,3,0,,0
0.0502,38,0,0.27,11220.0,5,0,0,0,0.0,0
0.4026,66,0,0.0615,7903.0,11,0,1,0,0.0,0
1.8586,90,0,0.5958,6250.0,3,0,1,0,0.0,0
0.0414,61,1,0.276,5266.0,10,1,0,0,0.0,0
0.847,69,0,0.6053,,8,0,1,0,0.0,0
0.2939,67,0,0.2959,14637.0,12,0,2,0,0.0,0
1.1232,44,0,0.7367,8514.0,7,0,1,0,1.0,0
0.2678,56,0,0.5184,7052.0,5,0,0,0,0.0,0
0.6953,39,0,0.2222,3785.0,9,0,0,0,1.0,0
0.2184,70,0,0.2819,2635.0,3,0,0,0,0.0,0
0.1073,37,0,0.6141,1216.0,10,0,1,0,0.0,0
0.3252,62,0,0.4403,,7,0,1,0,1.0,0
0.1562,68,0,0.3832,10103.0,5,0,1,0,2.0,0
0.8604,45,0,1.0251,9637.0,7,0,0,0,1.0,0
0.1662,42,0,0.864,2988.0,6,0,2,0,0.0,0
0.1658,50,0,0.8505,5356.0,7,0,1,0,0.0,0
2.5186,40,0,0.204,4005.0,5,0,1,0,0.0,0
0.3443,54,0,0.1509,1874.0,7,0,0,0,0.0,0
0.3683,39,0,1.0983,6017.0,7,0,1,0,2.0,0
0.115,40,0,0.4344,9991.0,8,0,1,0,1.0,0
1.265,60,1,0.4222,5674.0,4,0,1,1,0.0,0
0.6185,61,0,0.431,4395.0,10,0,0,0,1.0,0
0.5034,48,0,0.4475,8156.0,7,0,1,0,0.0,0
0.4505,29,0,0.5302,3551.0,5,0,0,0,3.0,1
0.7589,68,2,0.2366,7123.0,4,0,3,0,2.0,0
0.6269,46,0,0.5016,5075.0,7,0,0,0,1.0,1
0.12,81,0,0.0554,6686.0,4,0,1,0,1.0,0
0.3112,50,0,0.6583,8990.0,8,0,0,0,0.0,0
0.7066,54,0,0.8158,22948.0,9,0,1,0,2.0,0
0.5188,46,0,0.8579,9277.0,6,0,0,0,1.0,0
0.5769,55,0,0.4097,7646.0,3,0,0,0,1.0,0
0.4823,95,0,0.2999,6285.0,8,0,0,0,1.0,0
0.0162,47,0,0.1344,6033.0,7,0,2,0,1.0,0
4.297,70,0,1.3562,10346.0,7,0,2,0,0.0,0
0.6987,53,1,0.6803,,7,0,1,0,0.0,0
0.3712,68,0,1.0706,,8,0,1,0,0.0,0
0.7304,25,0,0.5253,,8,0,1,0,1.0,0
1.0561,79,0,0.3438,14482.0,7,0,3,0,0.0,0
0.5305,57,0,0.5543,3276.0,7,0,0,0,0.0,0
0.3866,48,0,0.4198,,5,0,1,0,0.0,0
0.7834,65,0,1.0222,9498.0,10,0,2,0,1.0,0
0.6665,54,0,0.4557,6575.0,10,0,2,0,1.0,0
3.2496,36,0,0.9678,5229.0,7,0,0,0,1.0,0
0.2548,21,0,1.0025,6765.0,3,0,0,0,1.0,0
0.5712,78,0,0.3742,2512.0,5,0,3,1,,0
4.188,49,0,1.3485,,9,0,2,0,1.0,0
3.4693,43,0,0.4274,6409.0,11,0,0,0,1.0,0
0.2733,45,0,0.4573,3440.0,4,0,2,0,0.0,0
1.3219,73,0,0.5122,6996.0,6,0,3,0,0.0,0
0.2971,45,0,0.2179,14942.0,10,0,1,0,2.0,0
3.0175,61,0,0.4043,,10,0,0,0,1.0,0
0.1984,47,0,0.3299,3673.0,7,0,1,0,0.0,0
5.0546,34,0,0.2611,10016.0,13,0,0,0,1.0,0
0.1695,65,0,0.4772,34008.0,9,0,1,0,0.0,0
0.1514,67,0,0.5638,,11,0,2,0,2.0,0
0.9337,42,0,0.1865,3598.0,4,0,2,0,4.0,0
0.169,51,0,1.0089,,10,0,0,0,0.0,0
0.0553,53,0,0.8387,3972.0,8,0,1,0,0.0,0
0.0212,58,0,0.0872,5080.0,14,0,3,0,2.0,0
0.2341,80,0,0.2302,,8,0,0,0,0.0,0
0.0218,47,0,0.7842,4593.0,7,0,3,0,1.0,0
0.4259,47,0,0.2264,4576.0,7,0,1,0,1.0,0
0.1783,50,0,0.0832,2452.0,7,0,1,0,0.0,0
0.3402,39,0,0.9799,4138.0,13,0,0,1,0.0,0
0.0784,28,0,0.484,,8,0,0,0,0.0,0
0.3879,54,0,0.3232,1069.0,7,0,1,0,0.0,0
0.7257,59,0,0.8308,4807.0,3,0,2,0,1.0,0
0.4105,52,0,0.5517,10756.0,8,0,0,0,2.0,0
0.2887,51,0,0.5418,6258.0,5,0,0,0,1.0,0
0.4829,39,0,0.2241,4082.0,7,0,2,0,2.0,0
0.7086,56,0,0.4912,,11,0,1,0,0.0,0
0.0292,54,0,0.7893,,8,0,1,0,0.0,0
0.1064,59,0,0.4326,2454.0,4,0,1,0,2.0,0
0.4319,57,0,0.3923,4140.0,16,0,0,0,0.0,0
0.4809,58,0,0.9263,1959.0,8,0,2,0,2.0,1
1.1963,70,0,0.4253,4239.0,8,0,1,0,1.0,0
0.251,60,0,0.3141,,7,0,1,0,1.0,0
0.0197,59,0,0.2109,8099.0,6,0,1,0,2.0,0
0.2465,28,0,0.5365,3640.0,6,0,1,0,0.0,0
0.7177,67,0,0.4631,4119.0,11,0,1,0,2.0,0
0.6125,48,0,0.1884,7835.0,6,0,1,0,1.0,0
0.1482,53,0,0.3321,,8,0,1,0,2.0,0
2.6239,34,1,0.1045,2442.0,10,0,1,0,1.0,0
3.063,81,2,0.2688,14238.0,10,0,0,0,0.0,0
0.677,21,0,0.3487,5145.0,8,0,1,0,1.0,0
0.0403,73,0,0.5455,2714.0,6,0,1,0,1.0,0
0.5485,58,0,0.6362,5951.0,7,0,4,0,3.0,0
0.2288,25,0,0.0539,8010.0,13,0,0,0,,0
3.5387,81,0,0.6049,9146.0,6,0,3,0,0.0,0
0.0488,59,0,0.3544,4603.0,9,0,1,0,0.0,0
3.1199,21,0,0.3813,4585.0,7,0,2,0,0.0,0
0.3345,46,0,0.6007,3303.0,13,0,2,0,0.0,0
0.2012,59,0,0.6443,,7,0,0,0,2.0,0
0.0437,76,0,0.314,11397.0,8,0,1,0,1.0,1
0.2341,46,0,1.0818,,8,0,0,0,2.0,0
0.1291,21,0,0.4411,2759.0,11,0,0,0,0.0,0
2.7117,72,2,0.3525,,10,0,0,0,1.0,0
0.1877,59,0,0.2822,6275.0,7,0,0,0,0.0,0
0.3704,21,0,0.7145,2878.0,8,0,0,0,0.0,0
0.52,57,0,0.8332,1718.0,7,0,0,0,2.0,0
0.2474,58,0,1.0452,1502.0,15,0,0,0,0.0,0
0.229,47,0,0.2693,12253.0,6,0,1,0,1.0,0
0.0949,40,0,0.6083,,7,0,0,0,0.0,0
0.0399,43,0,1.1941,11601.0,8,0,0,0,1.0,0
2.0569,47,0,0.0772,3705.0,6,0,0,0,0.0,0
0.1446,57,0,0.5653,,4,0,4,0,2.0,0
0.2329,63,0,0.5306,8794.0,10,0,2,0,1.0,0
0.0612,22,0,0.7215,3248.0,9,0,1,0,2.0,0
0.065,56,0,1.0279,1929.0,10,0,0,0,0.0,0
0.0992,59,0,0.0743,6580.0,7,0,2,0,0.0,0
0.7962,54,0,0.1654,4808.0,6,0,1,0,0.0,0
1.632,46,0,0.3313,,5,0,5,0,0.0,0
1.0927,72,0,0.8276,4124.0,9,0,1,0,,1
0.2456,71,0,0.5759,3332.0,11,0,0,0,2.0,0
0.4203,47,0,0.562,7327.0,10,0,2,0,1.0,0
0.4827,51,0,0.6151,5269.0,6,0,0,0,1.0,0
0.0436,63,0,0.6813,2046.0,4,0,0,0,2.0,0
0.026,70,0,0.2726,5388.0,6,0,1,0,,0
0.0407,41,0,0.2803,,4,0,0,0,2.0,0
0.6039,37,0,0.422,7161.0,10,0,1,0,2.0,0
0.3645,56,0,0.3188,8958.0,6,0,1,0,0.0,0
0.2371,36,0,0.1336,3851.0,7,0,0,0,0.0,0
0.1354,25,0,0.8031,,5,0,2,0,1.0,0
0.3226,41,0,0.5162,,16,0,2,0,0.0,0
0.265,58,0,0.4906,6798.0,8,0,4,0,2.0,0
0.6792,74,0,0.5556,1965.0,8,0,3,0,0.0,0
0.8749,42,0,0.8017,8366.0,8,0,1,0,1.0,0
0.5565,50,0,0.4332,7139.0,4,0,2,0,4.0,0
0.5554,54,0,0.79,9626.0,10,0,2,0,0.0,0
0.0201,43,0,0.2273,11657.0,11,0,3,0,0.0,0
0.1606,42,0,0.6841,11021.0,7,0,0,0,2.0,0
2.1259,57,0,0.6786,9244.0,2,0,0,0,1.0,0
0.5823,35,0,0.2803,3795.0,10,0,1,0,1.0,0
1.8972,41,0,0.5022,11144.0,4,0,0,0,2.0,0
5.1622,49,0,0.6049,2626.0,7,0,0,0,1.0,0
0.3029,57,0,0.1222,6514.0,16,0,2,0,0.0,0
0.322,31,0,0.5545,1908.0,4,0,0,0,0.0,0
0.2561,50,0,0.9194,,8,0,0,0,0.0,0
0.3193,34,0,0.419,,6,0,0,0,0.0,0
0.2288,42,0,0.5786,32531.0,5,0,2,0,1.0,0
0.7019,63,0,0.9268,1828.0,12,0,2,0,3.0,0
0.1884,51,0,0.0614,12415.0,3,0,1,0,2.0,0
0.3943,75,0,0.6488,,11,0,0,0,1.0,0
0.1893,51,0,0.3769,9838.0,5,0,1,0,2.0,0
0.2191,66,0,0.2673,5932.0,13,0,3,0,2.0,0
2.3072,63,0,0.969,6756.0,9,0,1,0,0.0,0
0.7266,52,0,0.0717,,7,0,1,0,1.0,0
0.0533,34,0,0.385,3220.0,6,0,0,0,0.0,0
0.1585,51,0,0.3431,,8,0,0,0,,0
0.2756,45,0,0.453,5058.0,9,0,2,0,0.0,0
0.1912,44,0,1.1039,8873.0,5,0,0,0,0.0,0
2.487,54,1,0.8922,8365.0,8,0,0,0,2.0,0
0.3162,32,0,0.6387,1200.0,9,0,2,0,1.0,0
0.1701,40,0,1.4448,14471.0,11,0,0,0,0.0,0
0.6881,38,0,0.7438,2980.0,11,0,0,0,1.0,0
0.6804,48,0,0.0903,35605.0,8,0,2,0,1.0,1
0.5401,41,0,0.107,6808.0,8,0,0,0,2.0,0
4.5298,42,0,0.9731,1079.0,5,0,0,0,1.0,1
0.5067,54,0,0.6743,1322.0,3,0,1,0,1.0,0
0.0916,46,0,0.3045,4257.0,4,0,0,0,0.0,0
1.0957,52,0,0.169,3981.0,12,0,1,0,1.0,0
0.1066,36,0,0.5414,3730.0,8,0,3,0,,0
0.3563,40,2,0.3878,9386.0,9,0,1,1,0.0,0
4.3569,81,0,0.3289,2902.0,5,0,0,0,2.0,1
2.5776,42,0,0.3025,6740.0,6,0,3,0,1.0,0
0.1846,23,0,0.1032,14568.0,5,0,0,0,1.0,0
0.2788,57,0,0.1919,4113.0,4,0,0,0,0.0,0
0.8055,42,0,0.5468,3396.0,9,0,2,0,0.0,0
0.8268,55,0,0.1292,4228.0,12,0,2,0,0.0,0
0.0517,51,0,0.701,6493.0,6,0,0,0,0.0,0
0.9092,60,0,1.1728,8719.0,5,0,0,0,1.0,0
1.7594,51,0,0.2458,1575.0,4,0,0,0,1.0,0
0.9084,49,0,0.3314,1323.0,3,0,1,0,1.0,0
2.7805,68,0,0.3178,2330.0,6,0,3,0,1.0,0
0.5714,21,0,0.6249,3749.0,10,0,0,0,0.0,0
0.0229,33,0,0.8644,4537.0,6,0,1,0,2.0,0
5.8461,40,0,0.6461,3359.0,15,0,0,0,1.0,0
0.9701,28,0,0.4307,,7,0,4,0,1.0,0
0.5764,45,0,0.174,9983.0,8,0,1,0,0.0,0
0.3532,44,0,0.2464,11390.0,7,0,1,0,0.0,0
0.6148,66,0,0.137,3751.0,3,0,0,0,1.0,0
0.2508,51,0,0.7584,6549.0,13,0,2,0,0.0,0
0.0012,49,0,0.684,969.0,9,0,0,0,1.0,0
0.8337,47,0,0.2848,,8,0,2,0,2.0,0
0.7994,37,0,1.0442,14992.0,7,0,0,0,0.0,0
0.1684,64,0,1.053,9056.0,4,0,1,0,1.0,0
0.8196,69,0,0.287,16431.0,12,0,1,0,0.0,0
0.3465,35,0,1.1161,4129.0,7,0,2,0,0.0,0
0.4717,75,0,0.7566,17935.0,8,0,0,0,1.0,0
0.1508,43,0,1.4294,5144.0,9,0,1,0,1.0,0
0.0632,41,0,0.4694,5149.0,5,0,1,0,0.0,0
0.5709,59,0,0.3858,,7,0,1,0,1.0,0
0.1516,60,0,0.4926,,8,0,3,0,0.0,0
0.2205,51,0,0.2014,5157.0,5,0,0,0,0.0,0
0.335,47,0,0.7222,6885.0,3,0,1,0,1.0,0
0.482,68,1,0.3713,13439.0,7,0,1,0,2.0,0
1.552,43,0,0.2191,,5,0,0,0,0.0,0
0.1407,51,0,0.6841,4332.0,11,0,1,0,0.0,0
0.0767,76,0,0.2627,7057.0,10,0,0,0,1.0,0
0.4211,33,0,0.045,3926.0,11,0,1,0,,0
0.6195,46,0,0.129,6120.0,7,0,1,0,0.0,1
0.0761,66,0,0.4791,12887.0,5,0,1,0,1.0,0
0.0644,59,0,0.6923,,6,0,2,0,1.0,0
0.2433,65,0,0.834,9696.0,9,0,0,0,2.0,0
0.3621,33,0,0.8489,4452.0,8,0,3,0,1.0,0
1.8523,56,0,1.2285,3232.0,5,0,0,0,0.0,1
0.3603,48,0,0.0992,4233.0,11,0,1,0,2.0,0
0.204,84,0,0.6728,,12,0,0,0,1.0,0
0.3255,63,0,0.7547,7350.0,1,0,1,0,0.0,0
0.4247,52,0,0.3873,6681.0,7,0,0,0,0.0,0
0.2295,56,0,0.5653,5919.0,3,0,0,0,1.0,0
0.377,53,0,0.3095,5118.0,7,0,0,0,1.0,0
2.1161,62,0,0.7314,23475.0,12,0,0,0,1.0,0
0.7013,40,0,0.7295,6752.0,7,0,1,0,1.0,0
0.6252,71,0,0.1789,6070.0,7,0,2,0,1.0,0
0.6461,33,0,0.039,4322.0,11,0,0,0,0.0,0
3.5948,55,0,0.1554,7348.0,8,0,3,0,1.0,0
0.5634,40,0,0.4264,2439.0,5,0,1,0,0.0,0
0.9345,53,0,0.9599,3705.0,13,0,1,0,2.0,0
0.1522,66,0,0.7108,4000.0,4,0,4,0,0.0,0
0.692,28,0,0.4297,4149.0,8,0,3,0,0.0,1
0.3465,50,1,0.6015,2279.0,7,0,0,0,0.0,0
0.3949,32,0,0.4663,4329.0,9,0,1,0,2.0,0
1.3404,48,0,0.5373,,6,0,1,0,1.0,0
0.5377,32,3,0.3861,8619.0,11,0,2,0,0.0,0
0.6033,54,0,0.4935,18842.0,11,0,2,0,2.0,0
0.5002,46,0,0.6718,,6,0,0,0,1.0,0
0.6064,62,0,0.8891,4367.0,7,0,0,0,0.0,0
0.4092,69,0,0.9912,9152.0,9,0,0,0,0.0,0
0.1106,52,0,0.5414,4525.0,12,0,0,0,2.0,0
0.2515,65,0,0.3523,9327.0,8,0,1,0,1.0,0
0.846,71,0,0.3604,4067.0,13,0,2,0,1.0,0
0.2304,39,0,0.3887,11871.0,10,0,2,0,3.0,0
0.2018,72,0,0.7297,2619.0,12,0,2,0,0.0,0
3.5596,51,0,0.4357,9767.0,7,0,1,0,1.0,0
0.425,38,1,0.2335,2303.0,7,0,0,1,1.0,0
0.5868,56,0,0.6121,,8,0,1,0,1.0,1
0.4022,51,0,0.4285,,6,0,0,0,0.0,0
0.3967,32,0,0.4294,4933.0,7,0,1,0,2.0,0
0.2293,37,0,0.7719,2947.0,4,0,1,0,1.0,0
0.6443,75,0,0.401,15090.0,10,0,1,0,0.0,0
1.0782,56,0,1.0758,,11,0,1,0,2.0,0
0.169,73,0,0.2787,12397.0,12,0,0,0,0.0,0
0.6689,46,0,0.3464,25291.0,11,0,2,0,0.0,0
0.0096,41,0,1.0924,7733.0,7,0,0,0,2.0,0
4.7049,28,1,0.3751,,9,0,1,0,0.0,0
0.8155,66,0,0.513,10928.0,8,0,3,0,1.0,0
0.5933,58,0,0.4881,,10,0,1,0,1.0,0
0.2328,46,0,0.6394,2337.0,2,0,0,0,1.0,0
0.1971,41,0,0.2998,,10,0,3,0,0.0,0
0.6899,68,0,0.125,11814.0,8,0,0,0,1.0,0
0.1734,50,0,0.4128,,9,0,2,0,1.0,0
0.5366,50,0,1.1993,3046.0,12,0,1,0,0.0,0
0.3803,44,0,0.7196,5156.0,4,0,0,0,2.0,0
2.9134,46,2,0.9897,5570.0,5,0,0,0,2.0,0
0.2778,60,0,0.1885,7005.0,13,0,0,0,0.0,0
0.1409,32,0,0.5313,3103.0,7,0,0,0,0.0,0
0.2779,53,0,0.4263,5675.0,8,0,0,0,0.0,0
0.5259,65,0,0.3688,1734.0,6,0,1,0,0.0,0
0.2629,51,2,0.6675,2924.0,8,1,3,1,0.0,0
0.3932,67,0,0.7289,,13,0,0,0,1.0,0
0.0434,71,0,0.1808,7718.0,11,0,0,0,1.0,0
0.5041,65,0,0.8526,6424.0,10,0,1,0,1.0,0
0.0422,44,0,0.7764,6560.0,8,0,1,0,4.0,0
0.7536,52,0,0.3257,,7,0,1,0,1.0,0
0.44,57,0,0.4579,4258.0,12,0,2,0,0.0,0
0.0427,45,1,0.1574,11451.0,5,0,1,0,2.0,0
0.5619,45,0,1.0494,,7,0,0,0,0.0,0
0.3255,44,0,0.5157,,7,0,1,0,1.0,0
2.7252,88,1,0.5734,10081.0,5,1,1,1,2.0,0
0.1418,48,0,0.2675,4484.0,10,0,1,0,1.0,0
0.4358,67,0,0.5959,5617.0,7,0,2,0,1.0,0
0.4318,40,0,0.6039,2257.0,7,0,0,0,1.0,1
0.0003,76,0,0.217,3032.0,8,0,1,0,0.0,0
3.7575,47,0,0.8384,,12,0,0,0,2.0,0
0.5748,53,0,1.1141,5328.0,12,0,4,0,1.0,0
0.0563,26,0,0.2994,6393.0,8,0,0,0,0.0,0
0.8594,68,0,0.1187,28843.0,16,0,0,0,2.0,0
0.3727,71,0,0.6698,7130.0,8,0,0,0,2.0,0
0.1243,35,0,0.7446,5602.0,8,0,0,0,2.0,0
0.6439,68,0,0.5673,,8,0,1,0,0.0,1
4.8533,33,0,0.695,4300.0,12,0,2,0,0.0,1
0.2083,61,0,0.607,,9,0,1,0,1.0,0
0.1856,48,0,0.2505,2973.0,4,0,0,0,1.0,0
0.1487,71,0,0.2777,6481.0,9,0,2,0,0.0,0
0.2633,55,0,0.2726,5873.0,9,0,0,0,0.0,0
0.5656,65,0,0.9171,2131.0,5,0,0,0,2.0,0
0.4557,69,0,0.2335,6699.0,9,0,0,0,1.0,0
0.2874,48,0,0.2963,5892.0,7,0,0,0,3.0,1
0.2036,52,0,0.1268,,5,0,1,0,1.0,0
0.6329,36,0,0.2556,3698.0,4,0,1,0,1.0,0
0.5938,48,0,0.5054,11988.0,7,0,0,0,0.0,0
2.3278,79,0,0.8533,4136.0,10,0,2,0,0.0,0
0.0044,63,0,0.168,,16,0,2,0,1.0,0
1.9119,37,0,0.9213,,5,0,0,0,2.0,1
1.4411,75,0,0.5013,13799.0,9,0,2,0,0.0,0
0.8753,57,0,0.3748,4128.0,3,0,0,0,0.0,0
0.3564,64,0,0.4753,,6,0,1,0,0.0,0
0.3171,59,0,0.2262,10748.0,5,0,0,0,0.0,0
0.049,58,0,0.6508,7009.0,8,0,0,0,0.0,0
0.7006,24,0,0.5126,,9,0,0,0,1.0,0
0.35,67,0,0.3472,,4,0,0,0,0.0,0
0.1403,21,0,0.516,6836.0,5,0,4,0,1.0,0
0.2855,66,0,0.8416,4268.0,8,0,0,0,,0
0.1932,53,2,0.3312,2279.0,11,0,2,2,1.0,0
0.7407,64,0,0.3575,7029.0,8,0,1,0,1.0,0
0.0679,54,0,0.4211,,8,0,0,0,2.0,0
0.0151,67,0,0.8887,21824.0,6,0,2,0,3.0,0
0.4699,52,0,0.4582,13604.0,6,0,0,0,1.0,0
0.4043,56,0,0.0584,,6,0,3,0,0.0,0
0.4948,58,0,0.6668,19721.0,5,0,1,0,0.0,0
0.3475,78,0,0.504,7479.0,8,0,2,0,1.0,0
4.6276,60,0,0.506,3333.0,7,0,1,0,1.0,0
0.0061,34,0,0.7797,5008.0,4,0,1,0,0.0,0
0.1674,44,0,0.6386,10224.0,8,0,0,0,1.0,0
0.8001,60,0,0.4409,,8,0,3,0,2.0,0
0.0811,70,0,0.8204,3654.0,8,0,3,0,1.0,0
0.6814,42,0,0.1596,10364.0,6,0,0,0,0.0,0
2.6999,83,0,0.713,5625.0,6,0,0,0,1.0,0
0.2987,54,0,0.3116,2477.0,7,0,0,0,0.0,0
0.1005,58,0,0.0988,11505.0,4,0,1,0,1.0,0
0.3102,34,0,0.1003,4343.0,10,0,0,0,2.0,0
0.318,68,0,0.4023,,5,0,3,0,1.0,0
0.3117,46,0,0.5389,16623.0,8,0,2,0,3.0,0
0.0246,42,0,0.6124,2381.0,9,0,3,0,1.0,0
0.0547,48,0,0.5954,,13,0,1,0,0.0,0
2.0476,71,0,0.6074,3522.0,9,0,1,0,1.0,0
0.7708,59,0,0.3326,5127.0,8,0,3,0,1.0,0
2.3152,40,0,0.5114,5772.0,9,0,1,0,0.0,0
5.9986,45,0,0.3909,5980.0,11,0,1,0,1.0,0
7.4521,72,0,0.2265,6740.0,5,0,3,0,2.0,0
0.5143,49,0,0.9663,6732.0,5,0,4,0,1.0,0
0.6084,60,0,0.554,1254.0,6,0,0,0,2.0,0
2.2615,63,0,0.5809,3525.0,3,0,2,0,0.0,0
0.0443,21,0,0.3117,8540.0,6,0,1,0,0.0,0
0.1152,70,0,0.8526,7560.0,10,0,2,0,1.0,0
0.6766,40,0,0.7607,5548.0,3,0,0,0,1.0,0
0.8121,47,0,0.4998,1840.0,4,0,0,0,0.0,0
0.5074,74,0,0.3756,,9,0,0,0,0.0,0
0.1617,72,0,0.1188,6242.0,8,0,1,0,,0
0.1118,59,0,0.4509,7602.0,12,0,1,0,0.0,0
0.7061,62,0,0.3189,9558.0,9,0,0,0,2.0,0
0.5472,66,0,0.7538,,7,0,2,0,0.0,0
0.6781,72,0,0.2928,3825.0,5,0,0,0,0.0,0
0.0984,74,0,0.5881,2996.0,13,0,2,0,0.0,0
0.1247,54,0,0.0353,4835.0,5,0,0,0,0.0,0
0.7199,42,0,0.7509,6984.0,3,0,1,0,1.0,0
0.5912,48,0,0.1423,7402.0,15,0,1,0,0.0,0
0.5933,54,0,0.1213,2937.0,7,0,0,0,1.0,0
0.4637,51,0,0.6936,2416.0,9,0,0,0,3.0,0
0.0208,38,0,0.703,3044.0,5,0,0,0,1.0,0
2.1025,58,0,0.0251,,8,0,1,0,1.0,0
0.3476,30,0,0.7619,2044.0,7,0,0,0,1.0,0
1.3508,53,0,0.3142,,6,0,1,0,1.0,0
0.0519,54,0,1.1365,18337.0,8,0,2,0,2.0,0
0.3436,54,0,0.7536,5620.0,8,0,1,0,0.0,0
0.2612,64,0,0.3129,16207.0,7,0,1,0,2.0,0
0.1499,62,0,0.6493,9117.0,10,0,0,0,1.0,0
1.2262,83,2,0.78,14840.0,10,0,0,0,3.0,0
0.0851,45,0,0.5613,,14,0,1,0,1.0,0
0.4272,56,0,0.7114,8921.0,7,0,0,0,2.0,0
0.4053,55,0,0.534,6442.0,6,0,0,0,2.0,0
0.4295,54,0,0.6498,12405.0,5,0,2,0,0.0,0
0.3536,34,1,0.236,4575.0,13,0,0,0,2.0,0
0.9906,35,0,0.791,1045.0,9,0,1,0,1.0,0
0.0409,52,0,0.4408,2260.0,6,0,0,0,1.0,0
0.2579,30,0,0.2824,,7,0,3,0,2.0,0
0.792,47,0,0.233,10498.0,7,0,0,0,1.0,0
0.3555,43,0,0.6825,4533.0,7,0,0,0,2.0,0
0.0365,48,0,0.4994,,8,0,1,0,1.0,0
4.7315,68,1,0.6144,17148.0,9,0,1,0,,0
0.2758,37,0,0.3056,11774.0,5,0,2,0,1.0,0
0.3732,64,0,0.6315,11651.0,10,0,1,0,0.0,0
0.4299,44,0,0.5179,5401.0,6,0,1,0,1.0,0
1.1498,46,0,0.8753,9954.0,5,0,1,0,1.0,0
0.5623,59,0,0.345,5283.0,5,0,0,0,0.0,0
0.2971,48,0,0.9462,3939.0,5,0,3,0,0.0,0
0.0022,40,0,0.6604,5243.0,5,0,0,0,0.0,0
0.2059,47,0,0.8331,6344.0,11,0,2,0,1.0,0
1.5556,27,0,0.3767,3874.0,4,0,1,0,1.0,0
0.2256,57,0,0.877,13362.0,11,0,1,0,0.0,0
0.1696,21,0,0.4007,,9,0,1,0,1.0,0
0.2521,64,0,0.4761,8985.0,7,0,2,0,0.0,0
0.3295,61,0,0.5354,6947.0,3,0,1,0,0.0,0
0.4382,74,0,0.8459,2576.0,8,0,1,0,1.0,0
0.2484,83,0,0.4674,,12,0,0,0,1.0,0
0.9785,65,0,0.7876,3123.0,10,0,0,0,1.0,0
0.2755,43,0,0.358,2809.0,7,0,0,0,0.0,0
2.6185,82,0,0.5017,4042.0,8,0,2,0,0.0,1
0.383,35,0,0.8738,3734.0,5,0,2,0,1.0,0
0.4251,25,0,0.5021,,8,0,1,0,1.0,1
0.0459,78,0,0.587,2644.0,9,0,0,0,0.0,0
0.1678,60,2,1.4592,7298.0,8,0,1,0,2.0,0
0.3731,26,0,0.9419,1930.0,8,0,0,0,0.0,0
0.4911,33,0,0.8765,3432.0,4,0,2,0,1.0,0
1.0457,60,0,0.6987,3859.0,8,0,0,0,2.0,0
1.2054,40,0,0.4432,5918.0,9,0,0,0,1.0,0
0.0641,42,0,0.5793,5947.0,7,0,2,0,0.0,0
4.1616,80,0,0.6696,,1,0,0,0,0.0,1
0.239,82,0,0.4762,11759.0,12,0,1,0,1.0,0
0.4104,54,0,0.0507,4644.0,5,0,1,0,0.0,0
0.019,50,0,0.6016,,4,0,0,0,2.0,0
1.5826,65,0,1.1085,,8,0,2,0,1.0,1
0.5331,44,0,0.4392,3330.0,7,0,1,0,1.0,0
0.4188,21,0,0.4405,8818.0,7,0,2,0,0.0,0
0.1003,21,2,0.732,,8,0,4,0,0.0,0
0.7329,51,0,0.5019,4217.0,7,0,1,0,2.0,0
0.0272,64,0,0.4734,3408.0,6,0,0,0,0.0,0
0.484,52,0,0.0256,2818.0,14,0,1,0,1.0,0
0.4126,63,0,0.9941,,9,0,0,0,0.0,0
0.1235,65,0,0.7265,5204.0,7,0,0,0,1.0,0
0.0869,71,0,0.2765,6058.0,10,0,2,0,0.0,0
0.1373,55,0,1.0586,10902.0,3,0,0,0,0.0,0
0.2314,56,0,0.6256,5929.0,4,0,0,0,1.0,0
0.0903,51,0,0.3252,2602.0,6,0,0,0,2.0,0
0.1172,48,0,0.6632,4635.0,12,0,0,0,1.0,0
0.4789,30,0,0.453,7012.0,12,0,0,0,0.0,0
0.1879,68,0,0.5618,8272.0,4,0,1,0,0.0,0
0.6068,47,0,0.3353,4497.0,11,0,1,0,1.0,0
1.1689,46,0,0.6011,710.0,10,1,1,0,1.0,0
0.0579,44,0,0.4926,,6,0,0,0,0.0,0
0.1588,33,0,0.3275,,8,0,1,0,2.0,0
0.3355,51,0,0.6815,9885.0,17,0,1,0,1.0,0
0.1419,59,2,0.1371,1700.0,10,0,4,0,0.0,0
0.3473,42,0,0.2642,,7,0,0,0,1.0,0
0.4608,67,0,0.3879,9326.0,4,0,2,0,0.0,0
0.5943,47,0,0.3252,3892.0,6,0,2,0,1.0,0
0.089,31,0,0.4467,9425.0,17,0,0,0,1.0,0
0.5028,71,0,0.4025,,2,0,0,0,1.0,0
0.3945,55,0,0.3789,2558.0,6,0,0,0,2.0,0
0.1787,64,0,0.1773,3384.0,5,0,0,0,1.0,0
0.2858,64,0,0.5462,2382.0,9,0,2,0,0.0,0
0.2397,39,0,0.886,2824.0,9,0,0,0,2.0,0
0.7233,45,0,0.2244,15731.0,7,0,2,0,1.0,0
1.9516,66,0,0.5231,7115.0,6,0,1,0,1.0,0
0.6205,78,0,0.439,,8,0,0,0,0.0,0
0.3837,53,0,0.3999,3878.0,13,0,0,0,1.0,0
0.7211,43,1,0.1116,,10,0,0,1,0.0,0
3.7047,76,0,0.593,6549.0,5,0,2,0,1.0,0
0.4232,43,0,0.6555,22472.0,4,0,3,0,0.0,0
0.2436,57,0,0.6706,,3,0,2,0,0.0,0
0.2337,46,0,0.5979,3393.0,6,0,2,0,0.0,0
0.8512,56,0,0.0383,4137.0,6,0,1,0,,0
0.2393,39,0,0.6535,3655.0,5,0,2,0,0.0,0
0.5914,47,0,0.2101,,6,0,1,0,1.0,0
0.5992,43,0,0.8603,,10,0,3,0,2.0,1
0.4842,61,0,0.3209,7540.0,6,0,1,0,0.0,0
0.9798,54,0,0.469,18529.0,9,0,1,0,0.0,0
0.0671,64,0,0.5518,8184.0,6,0,2,0,2.0,0
0.3024,40,0,0.2733,,5,0,0,0,1.0,0
4.2644,49,0,0.7904,,6,0,1,0,3.0,0
0.4377,61,0,1.0316,3099.0,9,0,2,0,0.0,0
0.7184,64,0,1.0325,2684.0,9,0,1,0,0.0,0
0.0485,32,0,1.2175,5213.0,6,0,0,0,2.0,0
0.4755,56,0,0.5644,,6,0,0,0,1.0,0
0.2613,41,0,0.2618,5483.0,8,0,0,0,2.0,0
1.0808,65,0,0.5786,8798.0,8,0,1,0,0.0,0
0.3787,78,0,0.4027,3828.0,13,0,0,0,1.0,0
9.3028,21,0,0.6531,,1,0,0,0,2.0,1
0.1116,43,0,0.3619,6156.0,7,0,0,0,1.0,0
0.4062,56,0,0.4991,4272.0,9,0,1,0,0.0,0
0.734,52,0,0.1096,4863.0,6,0,1,0,1.0,0
0.9644,65,1,0.1201,,5,0,0,0,1.0,0
0.8606,53,0,1.021,3370.0,12,0,0,0,3.0,0
0.4312,45,0,0.6382,7293.0,9,0,3,0,0.0,0
0.0345,38,0,0.2613,2984.0,7,0,2,0,1.0,0
0.0705,35,0,1.0436,5885.0,5,0,1,0,1.0,0
4.2489,42,0,0.3047,6536.0,6,0,1,0,0.0,0
0.093,44,0,0.0997,2453.0,9,0,2,0,0.0,0
0.6053,57,0,0.639,4854.0,10,0,1,0,2.0,1
0.3733,50,0,0.4419,4653.0,10,0,1,0,0.0,0
0.8294,43,0,0.0891,22354.0,6,0,0,0,1.0,0
0.4624,38,0,0.454,8063.0,9,0,2,0,3.0,0
0.6498,42,0,0.6498,1961.0,6,0,0,0,1.0,0
0.3402,44,0,0.2902,3248.0,4,0,1,0,2.0,0
0.8589,42,0,0.8911,,8,0,2,0,1.0,0
0.4644,61,0,0.4518,8988.0,6,0,2,0,1.0,0
0.2408,71,0,0.4717,14701.0,9,0,2,0,1.0,0
2.2592,36,0,0.9751,8437.0,10,0,0,0,1.0,0
2.5209,68,0,0.7285,6417.0,6,0,0,0,0.0,0
2.0007,62,0,0.1915,4288.0,7,0,0,0,2.0,0
0.0074,55,0,0.155,7061.0,8,0,1,0,0.0,0
0.7249,73,0,0.4951,15382.0,8,0,2,0,1.0,0
0.3136,50,0,0.9044,5548.0,10,0,0,0,1.0,0
0.7989,58,0,0.5058,6656.0,9,0,0,0,0.0,0
0.5213,54,0,0.7736,,7,0,1,0,1.0,0
1.6849,53,0,0.6256,4348.0,7,0,2,0,1.0,0
0.6232,58,0,0.0219,4699.0,10,0,1,0,1.0,0
0.0949,53,0,0.458,7181.0,5,0,3,0,2.0,0
0.0275,59,0,0.505,6991.0,6,0,0,0,0.0,0
0.2441,43,0,0.7063,5234.0,9,0,2,0,0.0,0
0.3925,43,0,0.1328,3416.0,11,0,1,0,1.0,0
0.5131,43,1,0.2653,,10,0,0,1,1.0,0
0.0228,47,1,0.4219,13867.0,8,0,2,0,0.0,0
0.2615,66,0,0.9829,2139.0,4,0,0,0,0.0,0
0.1622,46,0,0.2467,7540.0,7,0,2,0,0.0,0
2.3044,61,0,0.8936,,8,0,1,0,2.0,0
0.45,56,0,0.5241,4713.0,10,0,1,0,0.0,0
0.3139,46,0,0.2423,,7,0,0,0,2.0,0
3.1585,70,0,0.3114,,8,0,0,0,1.0,0
0.5235,62,0,0.1693,5695.0,8,0,1,0,0.0,0
0.213,52,0,0.821,,11,0,0,0,0.0,0
0.4521,51,0,0.6089,3703.0,2,0,0,0,0.0,0
0.6661,53,0,0.2853,3196.0,4,0,4,0,0.0,0
0.4504,31,0,0.6153,2501.0,8,0,0,0,2.0,0
0.4475,40,0,0.4637,4024.0,5,0,2,0,1.0,1
0.0116,58,0,0.4173,3813.0,7,0,1,0,1.0,0
0.3436,30,0,0.7835,8800.0,2,0,1,0,,0
0.2736,42,0,0.181,3420.0,7,0,2,0,1.0,0
0.5339,47,0,0.5223,4172.0,11,0,1,0,1.0,0
0.6162,93,0,0.6704,2855.0,7,0,1,0,1.0,0
0.5346,61,0,0.1233,10809.0,4,0,1,0,2.0,0
0.4246,67,0,1.147,4858.0,5,0,2,0,0.0,1
0.3614,41,0,0.9476,7764.0,7,0,0,0,0.0,0
0.5471,57,0,0.264,5278.0,9,0,1,0,1.0,0
2.3269,27,0,0.2307,2236.0,8,0,1,0,0.0,0
1.1283,47,0,0.4505,2965.0,5,0,0,0,1.0,0
1.7106,59,0,0.3996,7398.0,11,0,1,1,2.0,0
0.6209,32,0,0.4141,,10,0,0,0,0.0,0
0.62,58,0,0.375,5676.0,5,0,1,0,1.0,0
0.3512,59,0,0.2699,,10,0,1,0,0.0,0
0.0338,44,0,0.6868,9381.0,9,0,1,0,0.0,0
0.3824,40,0,0.3965,7831.0,9,0,1,0,1.0,0
0.4493,42,0,0.1406,,12,0,2,0,2.0,1
0.1662,47,0,0.8576,4019.0,10,0,0,0,4.0,0
2.7666,48,0,0.4683,6760.0,9,0,1,0,0.0,0
0.0253,59,0,0.7682,5171.0,8,0,2,0,0.0,0
0.2238,45,0,0.4262,7492.0,10,0,1,0,0.0,0
1.0748,74,0,0.8193,,14,0,2,0,0.0,1
0.6449,74,0,0.431,9776.0,14,0,0,0,0.0,1
1.1984,55,0,0.2694,,7,0,0,0,2.0,0
0.3173,47,0,0.5525,,4,0,1,0,3.0,0
0.2074,45,0,0.7227,4528.0,2,0,1,0,1.0,0
0.1771,56,0,0.3571,8917.0,11,0,0,0,1.0,0
0.5515,59,0,0.545,7204.0,3,0,0,0,0.0,0
0.0738,49,0,0.4063,4176.0,9,0,1,0,0.0,0
0.2797,46,0,0.5997,,7,0,1,0,0.0,0
0.0954,57,0,0.177,2634.0,14,0,1,0,0.0,0
0.1469,53,0,0.8393,,9,0,1,0,0.0,0
0.5313,44,0,0.3147,10376.0,6,0,2,0,0.0,0
0.3348,54,0,0.6214,5052.0,7,0,0,0,0.0,0
0.0806,44,0,0.9208,4408.0,12,0,0,0,0.0,0
0.4491,41,0,0.5093,,9,0,3,0,0.0,0
0.1086,52,0,0.64,3438.0,7,0,0,0,1.0,0
0.1309,44,0,0.7099,,8,0,2,0,0.0,0
1.2078,42,0,0.7321,4868.0,10,0,3,0,2.0,0
0.6087,67,0,0.406,,7,0,0,0,2.0,0
0.7421,47,0,0.5172,,6,0,1,0,2.0,0
0.0029,78,0,0.1354,15945.0,9,0,1,0,0.0,0
0.5428,61,0,0.1884,12364.0,7,0,0,0,1.0,0
0.283,41,0,0.4439,14799.0,15,0,0,0,1.0,0
0.3175,68,0,0.2938,3918.0,12,0,0,0,0.0,0
0.029,42,0,0.3135,3107.0,10,0,1,0,2.0,0
5.319,80,0,0.1838,2454.0,8,0,0,0,1.0,0
0.8946,55,0,0.4925,3595.0,4,0,2,0,3.0,0
0.6724,60,1,0.1007,,11,0,0,1,1.0,0
0.4325,52,0,0.6423,5136.0,12,0,2,0,1.0,0
0.1509,56,0,0.6864,19190.0,12,0,0,0,0.0,0
7.1105,49,2,0.8277,7154.0,5,0,0,0,0.0,0
0.4581,39,0,1.1023,12694.0,7,0,1,0,1.0,0
0.2021,57,0,0.1155,3484.0,6,0,2,0,3.0,0
0.7851,66,0,0.2928,3596.0,12,0,1,0,1.0,1
0.2313,35,0,0.5181,4904.0,7,0,3,0,0.0,0
0.1671,74,0,0.3243,4305.0,4,0,1,0,2.0,0
0.64,60,0,0.276,,7,0,2,0,1.0,0
0.5232,46,0,0.3645,917.0,8,0,2,0,0.0,0
0.5845,46,0,0.526,2576.0,5,0,4,0,2.0,0
0.5176,78,0,0.5478,6386.0,8,0,2,0,3.0,0
0.3292,65,0,0.475,9779.0,6,0,1,0,0.0,0
0.0437,68,0,0.7239,,12,0,1,0,1.0,0
0.3748,48,0,0.4753,13078.0,5,0,0,0,,0
0.53,60,0,0.7044,,4,0,1,0,2.0,0
0.0211,57,0,0.4368,3516.0,7,0,0,0,0.0,0
0.2538,50,0,0.387,3218.0,5,0,0,0,1.0,0
0.7083,54,0,0.9894,2851.0,5,0,0,0,1.0,0
1.478,68,0,0.3199,9492.0,11,0,0,0,2.0,0
0.2363,74,0,0.7405,14681.0,7,0,2,0,0.0,0
0.727,48,0,0.1813,,8,0,0,0,,1
0.8954,34,0,1.0064,10912.0,6,0,1,0,0.0,0
0.1453,75,0,0.9082,5258.0,9,0,1,0,2.0,0
0.2748,75,0,0.8958,9740.0,8,0,1,0,0.0,0
0.4712,58,0,0.5354,3919.0,4,0,1,0,1.0,1
0.8668,77,0,0.987,2267.0,7,0,0,0,1.0,1
0.3888,57,0,0.5726,,12,0,0,0,2.0,0
0.1053,39,0,0.6604,5237.0,5,0,1,0,0.0,0
3.189,34,0,0.9144,7268.0,9,0,0,0,3.0,0
0.4533,33,0,0.1062,,9,0,1,0,3.0,0
0.4169,52,0,1.0255,4078.0,8,0,2,0,2.0,0
1.4002,45,0,0.4764,1883.0,13,0,0,0,1.0,0
0.6259,44,0,0.4594,3128.0,5,0,0,0,0.0,0
0.2402,51,0,0.6263,6811.0,7,0,3,0,2.0,0
0.0412,64,0,0.6329,7579.0,9,0,0,0,1.0,0
0.6058,44,0,0.2588,5625.0,10,0,1,0,1.0,0
1.1271,42,0,0.6005,4907.0,7,0,0,0,,0
0.0758,45,0,1.0183,6843.0,17,0,0,0,0.0,0
0.5713,65,0,0.4272,9177.0,10,0,0,0,0.0,0
0.1335,51,0,0.4295,7959.0,10,0,2,0,1.0,0
0.1849,56,0,0.6602,5438.0,8,0,2,0,1.0,0
0.1805,74,0,0.5131,,5,0,1,0,0.0,0
0.9094,92,0,0.4662,,7,0,3,0,1.0,0
0.805,61,0,0.6969,6569.0,6,0,0,0,0.0,0
2.8007,60,0,0.1696,10028.0,10,0,0,0,0.0,0
0.764,35,0,0.2058,5804.0,8,0,1,0,1.0,0
0.268,57,0,0.3477,2347.0,6,0,2,0,0.0,0
4.3419,53,0,0.0841,7518.0,11,0,2,0,2.0,0
0.1153,64,0,0.5479,3316.0,8,0,1,0,1.0,0
0.7793,47,0,0.1459,4293.0,12,0,1,0,0.0,0
0.9021,55,0,0.5316,,9,0,2,0,1.0,0
0.2039,60,0,0.1558,,6,0,0,0,1.0,0
0.5541,79,0,1.2116,4289.0,8,0,0,0,1.0,1
1.0198,74,0,0.8323,3865.0,9,0,3,0,0.0,1
0.7988,70,0,0.1894,10275.0,10,0,1,0,0.0,0
0.2556,62,0,0.1866,8566.0,4,0,2,0,1.0,0
0.0983,46,1,1.3985,6602.0,10,1,2,0,1.0,0
0.806,62,0,0.6375,23938.0,12,0,1,0,0.0,0
0.013,41,1,0.3471,10137.0,11,0,0,0,1.0,0
7.9328,49,0,0.1422,11075.0,7,0,2,0,1.0,0
0.2921,77,0,0.7863,3765.0,6,0,0,0,2.0,0
0.0986,60,0,0.2452,2966.0,6,0,1,0,2.0,0
4.214,55,0,0.574,6614.0,8,0,0,0,0.0,0
0.2576,57,0,0.3377,3153.0,9,0,0,0,0.0,0
0.0385,51,0,0.0926,3506.0,11,0,0,0,0.0,0
5.5438,22,0,0.3891,8613.0,7,0,2,0,0.0,0
0.601,34,0,0.4965,4191.0,10,0,1,0,0.0,0
3.2375,61,0,0.2762,1952.0,7,0,0,0,4.0,0
2.4146,39,0,0.4392,21206.0,3,0,1,0,1.0,0
0.3738,50,0,0.6996,8293.0,8,0,0,0,1.0,0
0.6466,35,1,0.598,,10,0,0,0,0.0,0
1.0546,42,0,0.4314,8267.0,12,0,0,0,0.0,0
0.7402,52,0,0.5441,2125.0,5,0,2,0,1.0,0
0.3948,65,0,0.0997,5974.0,9,0,2,0,1.0,0
0.7286,68,0,0.0598,12555.0,9,0,1,0,0.0,0
0.65,42,0,0.1427,,5,0,1,0,0.0,0
1.3357,56,0,0.1453,10612.0,8,0,0,0,,0
0.0456,32,2,1.0775,1909.0,8,0,1,0,1.0,0
0.195,53,0,0.8677,,12,0,1,0,1.0,0
0.3855,65,0,0.5326,13292.0,6,0,1,0,0.0,0
1.2961,51,0,0.2985,8824.0,9,0,0,0,1.0,0
0.485,70,0,0.173,3540.0,10,0,1,0,0.0,0
0.5576,64,0,0.2293,9928.0,11,0,1,0,0.0,0
0.3653,55,0,1.5946,8996.0,8,0,0,0,1.0,0
0.7143,49,0,0.3747,,9,0,1,0,0.0,0
2.5806,45,0,0.1991,3162.0,4,0,2,0,1.0,0
0.172,32,0,0.671,7957.0,7,0,0,0,1.0,0
0.4824,34,0,0.674,4217.0,7,0,0,0,0.0,1
0.4551,66,0,0.275,3930.0,6,0,2,0,1.0,0
0.2723,73,0,0.1776,4446.0,5,0,2,0,2.0,0
0.3305,37,0,0.2103,2144.0,6,0,2,0,2.0,0
0.5821,53,0,0.7218,1343.0,10,0,2,0,1.0,0
0.2953,30,0,0.0445,12357.0,11,0,1,0,1.0,0
0.4713,38,0,0.283,6762.0,6,0,1,0,0.0,0
0.3177,56,0,0.6501,12391.0,16,0,1,0,2.0,0
0.5364,45,0,0.8866,10661.0,14,0,0,0,0.0,0
0.1914,25,0,0.3122,6508.0,14,0,2,0,2.0,0
4.3438,76,0,0.0269,,8,0,0,0,1.0,0
2.5515,51,0,0.2271,5935.0,8,0,1,0,2.0,0
0.0438,37,0,0.4082,8533.0,6,0,1,0,0.0,0
0.1605,54,0,0.5669,28608.0,7,0,3,0,0.0,0
0.3268,51,0,0.5562,4252.0,7,0,1,0,2.0,0
0.4369,58,0,0.2636,3365.0,4,0,3,0,0.0,0
0.255,47,0,0.4671,6510.0,8,0,1,0,0.0,0
0.2214,56,0,0.5833,4358.0,10,0,0,0,0.0,0
0.4446,65,0,0.3074,9618.0,10,0,0,0,0.0,0
0.1376,34,0,0.1268,3401.0,8,0,0,0,0.0,0
7.2608,42,0,0.1257,1792.0,13,0,1,0,0.0,0
0.6518,64,0,0.1178,2973.0,7,0,1,0,2.0,0
0.9799,44,0,0.3601,10312.0,7,0,1,0,2.0,0
0.5611,51,0,0.3432,,9,0,1,0,1.0,0
0.7421,45,0,0.2723,4875.0,13,1,1,0,1.0,0
0.2377,46,0,0.1837,3623.0,4,0,0,0,2.0,0
0.229,45,0,0.2744,,3,0,1,0,0.0,0
0.6512,34,0,0.4325,3550.0,5,0,0,0,0.0,0
0.0267,58,0,0.2979,3806.0,12,0,1,0,3.0,0
9.8493,67,0,0.8488,,5,0,1,1,1.0,0
0.5379,50,0,0.2557,12127.0,10,0,1,0,0.0,0
0.2172,65,0,0.5544,,6,0,1,0,1.0,0
0.2195,45,0,0.125,6256.0,9,0,1,0,0.0,0
0.3202,44,0,0.2549,,10,0,1,0,0.0,0
0.6092,58,0,0.8224,1969.0,6,0,1,0,0.0,0
0.1041,58,0,0.4117,9622.0,15,0,0,0,0.0,0
0.154,50,0,0.5792,3787.0,8,0,2,0,0.0,0
0.4028,61,0,0.6567,5310.0,10,0,1,0,0.0,0
0.6984,34,0,0.4885,20239.0,12,0,0,0,1.0,0
0.6573,48,0,0.7508,6911.0,4,0,2,0,0.0,0
0.6369,66,0,0.7382,,6,0,0,0,0.0,0
0.5818,65,0,0.341,3700.0,7,0,0,0,1.0,0
0.1536,64,0,0.7047,2718.0,6,0,0,0,1.0,0
0.1403,66,0,0.3536,10549.0,6,0,3,0,3.0,0
10.6113,47,0,0.5446,,4,0,1,0,2.0,0
0.517,28,0,0.3468,5506.0,7,0,0,0,1.0,0
2.3131,48,0,0.1809,11410.0,7,0,1,0,1.0,0
0.9469,61,0,0.2634,1528.0,9,0,0,0,1.0,0
2.8219,63,0,0.6633,,3,0,0,0,1.0,0
0.0927,45,0,0.3583,7337.0,12,0,0,0,0.0,0
0.3033,38,0,0.3136,5359.0,10,0,0,0,1.0,0
0.1252,40,0,0.4823,2329.0,10,0,2,0,1.0,0
0.0552,44,0,0.6524,,14,0,0,0,0.0,0
0.0535,25,0,0.7227,,10,0,2,0,1.0,0
0.4015,45,0,0.1775,2012.0,4,0,0,0,1.0,0
0.7527,53,0,0.318,11352.0,8,0,1,0,,0
0.0528,51,0,0.3799,10929.0,4,0,2,0,0.0,0
0.2134,47,0,1.064,7509.0,3,0,2,0,0.0,0
0.8917,42,0,0.4359,,12,0,1,0,0.0,0
0.3019,44,0,0.6349,5171.0,3,0,1,0,2.0,0
0.1601,44,0,0.4356,,4,0,1,0,1.0,0
0.6717,62,0,0.2052,9122.0,8,0,0,0,5.0,0
0.4867,52,1,0.3123,3613.0,9,0,1,0,1.0,0
0.2135,95,0,0.236,,5,0,0,0,0.0,0
0.6671,47,0,0.5424,11934.0,5,0,2,0,0.0,0
0.5977,58,0,0.3698,2699.0,7,0,1,0,1.0,0
0.076,48,0,0.2951,2286.0,13,0,1,0,0.0,0
1.7339,47,0,0.5104,13076.0,8,0,0,0,2.0,0
0.048,74,0,0.1877,5907.0,11,0,1,0,1.0,0
0.3319,66,0,0.6192,7312.0,3,0,0,0,0.0,0
0.3642,27,0,0.3448,2833.0,10,0,1,0,0.0,0
1.111,38,0,0.1781,,8,0,0,0,0.0,0
0.401,50,0,0.4623,4101.0,15,0,1,0,1.0,0
0.2387,45,0,0.7911,8938.0,4,0,1,0,0.0,0
1.83,31,0,0.2465,,9,0,1,0,0.0,0
0.3185,54,0,1.0757,7739.0,10,0,1,0,0.0,0
0.6808,26,0,0.3731,6999.0,5,0,2,0,1.0,0
0.0095,54,0,0.6404,2129.0,7,0,0,0,1.0,0
2.7872,62,0,0.4067,6941.0,7,0,2,0,1.0,0
0.2423,64,1,0.8504,2734.0,6,0,3,0,0.0,1
1.0127,50,3,0.8411,2272.0,8,1,2,1,0.0,0
0.8579,73,0,0.1922,,3,0,0,0,0.0,0
0.3586,57,0,0.3572,7106.0,10,0,0,0,2.0,0
0.6899,64,0,0.3717,7035.0,6,0,1,0,1.0,0
0.2363,42,0,0.5599,6618.0,6,0,2,0,,0
0.2133,73,0,0.3252,5199.0,14,0,1,0,0.0,0
0.3732,52,0,0.2238,,8,0,1,0,0.0,0
0.2488,74,0,0.4774,,6,0,2,0,0.0,0
0.2189,71,0,0.8388,9105.0,9,0,1,0,0.0,0
0.4519,56,0,0.2884,5171.0,5,0,1,0,0.0,0
0.3066,58,0,0.7902,8822.0,7,0,1,0,0.0,0
1.212,49,0,1.1321,,8,0,0,0,0.0,1
0.4597,41,0,0.1042,7167.0,3,0,1,0,0.0,0
0.3227,60,0,0.733,7828.0,12,0,1,0,1.0,0
0.3961,60,0,0.681,4189.0,3,0,2,0,0.0,0
0.127,29,0,0.5414,2643.0,9,0,1,0,0.0,0
1.1907,51,0,0.4993,5752.0,9,0,1,0,1.0,0
0.2612,64,0,0.4433,11858.0,4,0,1,0,1.0,0
0.2575,73,0,0.299,,7,0,0,0,1.0,0
0.5856,62,0,0.0946,8646.0,10,0,1,0,0.0,0
0.4726,31,0,0.9506,17777.0,6,0,1,0,1.0,0
0.908,37,0,0.5619,4562.0,8,0,0,0,0.0,0
0.1274,47,0,0.1802,6850.0,8,0,1,0,1.0,0
0.0058,72,0,0.5717,5483.0,7,0,0,0,0.0,0
0.2051,44,0,0.6951,1775.0,4,0,0,0,1.0,0
1.1663,67,0,0.4174,,10,0,0,0,,0
0.6986,43,0,0.6202,15705.0,7,0,2,0,3.0,0
0.3866,59,0,0.6826,7608.0,9,0,3,0,1.0,0
1.0326,39,0,0.4408,1701.0,11,0,4,0,1.0,0
0.0077,49,2,0.6461,2982.0,9,0,1,0,0.0,0
0.1688,36,0,0.6794,2580.0,7,0,0,0,0.0,0
0.1835,72,0,0.2085,2848.0,3,0,1,0,1.0,0
0.1178,42,0,0.3773,,7,0,1,0,0.0,0
0.3614,30,0,0.721,6210.0,7,0,0,0,0.0,0
0.7122,29,0,0.7546,,9,0,0,0,0.0,1
0.275,51,0,0.3052,5169.0,8,0,1,0,1.0,0
0.0392,46,0,0.9028,4013.0,9,0,2,0,0.0,0
2.982,61,0,0.6093,,10,0,1,0,1.0,0
0.0318,49,0,0.037,3835.0,9,0,0,0,1.0,0
0.7646,68,0,0.6719,4764.0,2,0,1,0,0.0,0
0.3842,47,0,0.3647,3219.0,6,0,0,0,1.0,0
0.9845,66,0,0.3064,16406.0,17,0,1,0,3.0,0
0.2035,39,0,0.4728,6381.0,12,0,0,0,0.0,0
1.1995,31,0,0.2296,4994.0,8,0,0,0,2.0,0
0.7028,40,0,0.1149,4553.0,5,0,1,0,1.0,0
4.5336,36,0,0.8787,5149.0,7,0,1,0,1.0,0
0.298,35,0,0.6164,4701.0,9,0,3,0,1.0,0
0.651,58,0,0.5409,8166.0,5,0,1,0,0.0,0
0.1764,48,0,0.2269,3749.0,13,0,0,0,0.0,0
0.7415,54,0,0.584,3865.0,8,0,0,0,0.0,0
0.3487,59,4,1.3623,22228.0,6,0,2,0,0.0,1
0.0409,28,0,0.3656,1573.0,6,0,0,0,,0
0.3399,60,0,0.7118,6109.0,8,0,1,0,0.0,0
0.1119,35,0,0.3174,5094.0,10,0,0,0,0.0,0
0.2995,44,0,0.423,11144.0,10,0,3,0,1.0,0
0.1743,26,0,0.3522,,6,0,2,0,0.0,0
0.3606,61,0,0.1629,4673.0,9,0,2,0,1.0,0
1.1567,28,0,0.5371,,8,0,0,0,0.0,0
0.8048,35,0,0.6436,7884.0,11,0,1,0,1.0,0
0.8181,36,0,0.5648,4750.0,5,0,0,0,1.0,0
0.1021,50,0,0.7846,6615.0,5,0,1,0,0.0,0
0.1638,50,0,0.2687,,9,0,1,0,0.0,0
0.5543,63,0,0.2628,2046.0,6,0,0,0,,0
2.2095,51,0,0.3531,5817.0,9,0,1,0,0.0,0
0.7205,66,0,0.4872,6095.0,9,0,1,0,0.0,0
0.7037,57,0,0.3177,,7,0,0,0,2.0,0
0.2271,39,0,0.7244,,8,0,1,0,0.0,0
0.6571,43,0,0.5262,3249.0,11,0,2,0,,0
0.0206,73,0,0.2589,,10,0,2,0,1.0,0
0.041,69,0,0.446,11797.0,9,0,1,0,1.0,1
0.4945,64,0,0.0406,6132.0,5,0,0,0,2.0,1
0.0823,65,0,0.9683,3124.0,10,0,0,0,,0
0.5513,59,0,0.1288,3920.0,7,0,1,0,1.0,0
0.6757,57,0,0.4266,15282.0,6,0,0,0,1.0,0
0.3224,53,1,0.6473,18852.0,6,0,1,0,0.0,0
0.6145,76,0,0.4488,15388.0,10,0,0,0,0.0,0
0.2833,45,0,0.5055,,8,0,2,0,0.0,0
0.496,55,0,0.3569,5801.0,6,0,2,0,1.0,0
0.5606,28,0,0.3747,3849.0,4,0,1,0,0.0,0
0.6392,32,0,0.1577,,12,0,1,0,3.0,0
0.0203,77,0,0.2383,,3,0,1,0,1.0,0
0.1812,61,0,0.7669,,6,0,2,0,1.0,0
0.3049,49,0,0.274,,13,0,1,0,2.0,0
0.1537,53,0,0.1542,1770.0,12,0,0,0,0.0,0
0.9263,33,0,0.2941,2765.0,9,0,5,0,3.0,0
0.1764,46,0,0.8741,9024.0,12,0,1,0,1.0,0
0.3452,32,0,0.3544,3355.0,7,0,0,0,0.0,0
0.5785,48,0,0.0746,1827.0,14,0,0,0,2.0,1
0.5732,62,1,0.5521,9115.0,5,0,0,0,0.0,0
0.229,58,0,0.2815,6323.0,5,0,1,0,0.0,0
0.0748,74,0,0.5552,6116.0,7,0,2,0,1.0,0
1.6905,56,1,0.2587,3245.0,17,0,0,1,1.0,0
0.0442,21,0,0.715,,9,0,1,0,1.0,0
1.9625,79,0,0.1763,7995.0,5,0,1,0,2.0,0
0.9752,40,0,0.3298,1491.0,7,0,1,0,0.0,0
0.1059,54,0,0.5738,2576.0,13,0,0,0,0.0,0
0.0079,53,0,0.6348,6272.0,6,0,0,0,,0
0.7195,55,0,0.5284,5585.0,9,0,0,0,0.0,0
0.6584,53,0,0.094,6438.0,7,0,0,0,1.0,0
0.0952,53,0,0.1992,,14,0,2,0,0.0,0
0.0102,33,0,0.3545,2777.0,5,0,0,0,0.0,0
0.1238,88,0,1.0622,20989.0,7,0,1,0,2.0,0
1.2134,61,0,0.3203,5878.0,6,0,0,0,1.0,0
0.7858,53,0,0.1454,5171.0,8,0,0,0,2.0,0
0.4192,78,0,0.6398,10146.0,10,0,1,0,0.0,0
0.2899,37,0,0.4499,4223.0,7,0,1,0,0.0,0
1.6917,64,0,0.6234,,8,0,1,0,3.0,1
0.0376,44,1,0.4387,4846.0,13,0,0,1,0.0,0
0.4583,58,0,0.3811,5629.0,5,0,2,0,1.0,0
1.2008,58,0,0.3613,,10,0,0,0,2.0,0
0.0783,21,0,0.2811,,9,0,1,0,2.0,0
0.1912,32,0,0.5751,11337.0,11,0,1,0,1.0,0
0.1628,74,0,0.4238,3061.0,11,0,1,0,0.0,0
0.409,48,0,1.4587,5273.0,5,0,0,0,0.0,0
0.0135,80,0,0.4024,5122.0,15,0,2,0,0.0,0
0.539,70,0,0.4251,3120.0,6,0,2,0,0.0,0
0.3108,49,0,0.5726,,6,0,1,0,0.0,0
0.2857,48,0,1.1182,5899.0,13,0,2,0,0.0,0
0.3362,75,0,0.302,6750.0,5,0,1,0,2.0,1
0.8279,81,2,0.9978,,5,0,0,0,1.0,0
0.6127,48,0,0.0755,6319.0,4,0,1,0,,0
1.9213,74,0,0.3975,5257.0,7,0,3,0,1.0,0
0.0555,66,0,0.4627,,7,0,0,0,1.0,0
0.4946,69,0,1.301,,7,0,1,0,2.0,1
0.1427,53,0,0.8507,3526.0,11,0,0,0,1.0,0
1.3167,43,0,0.4845,,4,0,1,0,1.0,1
0.3272,37,0,0.6655,9590.0,7,0,0,0,0.0,0
0.8253,34,0,0.4383,4093.0,6,0,0,0,2.0,0
0.6292,79,0,0.6201,4241.0,4,0,0,0,1.0,0
0.2516,52,0,0.2991,4928.0,4,0,1,0,2.0,0
0.5146,36,0,0.2384,9406.0,13,0,1,0,0.0,0
1.3725,66,0,0.3533,3956.0,8,0,0,0,0.0,0
0.1095,45,0,0.0443,3017.0,6,0,1,0,1.0,0
2.0303,43,0,0.2024,5708.0,9,0,0,0,0.0,0
0.2487,81,0,0.4261,5253.0,10,0,1,0,2.0,0
0.3249,33,0,0.3393,,11,0,3,0,0.0,0
0.0352,55,0,0.6595,2142.0,11,0,1,0,1.0,0
0.5435,44,0,0.249,4482.0,10,0,4,0,0.0,1
0.1636,41,0,0.8037,2365.0,7,0,2,0,0.0,0
0.2524,32,0,0.7922,1623.0,8,0,1,0,0.0,0
2.0712,53,0,0.5126,3106.0,9,0,3,0,0.0,0
0.9976,40,0,0.3075,4539.0,8,0,0,0,0.0,0
0.3085,60,0,0.3289,8952.0,5,0,2,0,1.0,0
0.2916,51,0,0.4481,2118.0,7,0,0,0,2.0,0
1.2085,48,0,0.7308,,8,0,1,0,1.0,0
0.4692,40,0,0.3231,2513.0,3,0,0,0,1.0,0
0.5324,72,0,0.3171,6039.0,5,0,1,0,0.0,0
0.365,62,0,0.3431,19485.0,11,0,1,0,1.0,0
8.8948,42,0,0.7404,2567.0,4,0,0,0,2.0,0
0.9774,33,0,0.3684,12160.0,8,0,0,0,1.0,0
0.6293,26,0,0.6856,,8,0,1,0,1.0,1
2.2708,68,0,0.214,,4,0,3,0,0.0,0
2.6557,65,0,0.6565,8832.0,8,0,1,0,0.0,0
0.2168,67,0,0.0888,3447.0,6,0,2,0,2.0,0
0.6871,50,0,1.0346,3678.0,8,0,0,0,0.0,1
0.6678,63,0,0.5726,2237.0,11,0,0,0,1.0,0
0.1813,66,0,0.838,,5,0,1,0,1.0,0
0.3922,51,0,0.6163,2442.0,11,0,0,0,0.0,0
0.1986,47,0,0.0676,,10,0,0,0,1.0,0
0.4985,38,0,0.4349,5659.0,8,0,2,0,1.0,0
0.2134,58,0,0.1554,4518.0,9,0,1,0,1.0,0
0.6943,60,0,0.5306,10446.0,6,0,0,0,1.0,0
0.1639,46,0,0.7159,5246.0,10,0,0,0,2.0,0
0.0891,48,0,0.5509,5996.0,6,0,1,0,0.0,0
5.5041,49,2,0.396,,3,0,2,0,0.0,0
0.0853,63,0,0.3848,12680.0,3,0,1,0,0.0,0
0.5315,33,0,0.7572,1426.0,4,0,1,0,1.0,1
0.3586,37,0,0.9583,3705.0,7,0,0,0,0.0,0
1.6202,37,0,0.6371,8009.0,11,0,2,0,0.0,0
0.1509,50,0,0.6226,9368.0,6,0,0,0,1.0,0
3.0815,56,0,0.6207,6211.0,6,0,1,0,0.0,0
2.2952,37,0,0.3633,6840.0,7,0,2,0,1.0,0
0.3647,65,0,0.9324,3953.0,6,0,0,0,2.0,0
0.385,72,0,0.4431,7780.0,5,0,2,0,0.0,0
0.4783,58,0,0.489,,8,0,1,0,1.0,0
0.3621,68,0,0.4279,5777.0,8,0,0,0,1.0,0
0.1664,39,0,0.3131,,6,0,0,0,1.0,0
0.0251,40,0,0.1249,15045.0,5,0,0,0,1.0,0
2.5376,59,0,0.5413,6182.0,10,0,0,0,0.0,0
0.6275,51,0,0.189,3797.0,6,0,0,0,0.0,0
0.3032,39,0,0.6635,5927.0,11,0,2,0,3.0,0
1.4707,72,0,0.0278,2109.0,10,0,0,0,2.0,0
0.6604,56,0,0.1235,,9,0,1,0,1.0,0
2.6271,62,0,0.5457,1856.0,10,0,0,0,1.0,0
0.8815,43,0,0.981,4124.0,11,0,0,0,0.0,0
0.0648,76,0,0.3333,5080.0,7,0,3,0,2.0,0
1.1942,50,0,0.5573,,10,0,0,0,0.0,0
0.03,66,0,0.9265,4736.0,9,0,0,0,1.0,0
0.2818,44,0,0.4933,2369.0,6,0,0,0,,0
0.2188,54,0,0.672,3384.0,8,0,1,0,0.0,0
1.3893,60,0,0.7698,5730.0,15,0,0,0,1.0,0
1.1993,80,0,0.7593,3604.0,11,0,1,0,2.0,0
0.125,46,0,0.3851,1271.0,8,0,0,0,0.0,0
1.4925,55,0,0.1337,2923.0,6,0,0,0,1.0,1
0.2445,60,0,0.427,4544.0,7,0,1,0,1.0,0
0.0319,32,0,1.0072,,7,0,1,0,0.0,0
0.4199,22,0,1.0504,3319.0,6,0,1,0,1.0,0
0.0162,38,0,0.2263,4127.0,8,0,1,0,1.0,0
0.7482,66,0,1.1538,6850.0,12,0,1,0,3.0,0
0.7426,76,0,0.4826,,15,0,0,0,3.0,1
0.3535,39,0,0.1576,3559.0,10,0,0,0,0.0,0
1.3361,35,0,0.2897,6677.0,12,0,1,0,0.0,0
0.0927,73,0,0.2491,,8,0,1,1,0.0,0
0.1799,44,0,0.106,,9,0,2,1,0.0,1
0.3207,47,0,0.4963,4477.0,8,0,1,0,0.0,0
0.3034,72,0,0.4841,6441.0,9,0,1,0,2.0,0
0.57,70,0,0.1831,10239.0,12,0,1,0,1.0,0
0.6141,65,0,0.1128,2127.0,8,0,1,0,0.0,0
0.5935,28,0,0.5633,5260.0,4,0,2,0,1.0,1
0.2381,34,3,0.4366,7874.0,8,0,2,1,3.0,0
0.2603,68,0,0.0789,,11,0,0,0,3.0,0
0.0081,56,0,0.1018,2508.0,5,0,2,0,0.0,0
0.433,41,0,0.0573,3402.0,11,0,1,0,0.0,0
2.3878,47,1,0.2995,3203.0,11,0,0,0,1.0,0
0.2706,68,0,0.5641,3091.0,7,0,0,0,1.0,0
0.3442,73,0,0.3746,5785.0,8,0,1,0,0.0,1
1.6694,52,0,0.4961,,8,0,3,0,0.0,0
0.233,42,0,0.5514,14280.0,10,0,1,0,0.0,0
0.4475,48,0,0.857,2303.0,7,0,0,0,1.0,0
5.4528,71,0,0.5355,,7,0,0,0,0.0,0
0.9973,71,2,0.2542,8636.0,4,0,0,0,1.0,0
0.69,55,0,0.3265,8042.0,5,0,1,0,1.0,0
0.1024,45,0,0.479,5462.0,5,0,3,0,0.0,0
0.4096,67,0,0.064,3218.0,9,0,4,0,,0
0.2097,75,0,0.4327,3871.0,5,0,4,0,1.0,0
0.4452,32,0,0.1087,10261.0,11,0,1,0,1.0,0
0.2956,49,0,0.6559,,9,0,0,0,2.0,0
0.4335,68,0,0.4307,4449.0,13,0,1,0,1.0,0
0.4338,53,0,0.2623,,5,0,0,0,0.0,1
0.0134,45,0,0.1782,3935.0,14,0,1,0,0.0,0
0.4892,55,0,0.4978,,13,0,0,0,0.0,0
0.638,57,0,0.3147,13272.0,7,0,0,0,0.0,0
0.1853,36,0,0.6935,9467.0,6,0,2,0,0.0,0
0.4058,53,0,0.4847,2423.0,7,0,2,0,,0
2.011,57,0,0.4275,20220.0,7,0,0,0,1.0,0
0.5455,45,0,0.4885,4345.0,5,0,0,0,3.0,0
0.3011,41,0,0.7068,2195.0,4,0,2,0,1.0,1
0.5173,44,0,0.3853,,11,0,2,0,1.0,0
0.4816,38,0,0.1851,4481.0,8,0,2,0,0.0,0
0.4242,64,0,0.6361,10365.0,3,0,0,0,0.0,0
0.5272,38,0,0.6799,2367.0,7,0,0,0,0.0,0
0.7956,55,0,0.2885,7695.0,7,0,1,0,1.0,0
2.5893,47,0,0.2001,14772.0,2,0,1,0,0.0,0
3.938,42,0,0.0655,4963.0,7,0,1,0,2.0,1
0.572,71,0,0.2836,6519.0,8,0,1,0,0.0,0
0.8072,50,0,0.7087,4227.0,6,0,2,0,2.0,0
1.099,43,0,0.039,7679.0,9,0,1,0,2.0,0
0.1156,41,0,0.0691,7551.0,6,0,0,0,1.0,0
0.6575,57,0,0.2647,,16,0,2,0,1.0,0
5.0637,64,0,0.8548,6588.0,5,0,2,0,0.0,0
1.8277,70,0,0.2713,4596.0,9,0,1,0,0.0,0
0.5583,50,0,0.6145,17956.0,6,0,0,0,1.0,0
0.8135,49,0,1.2615,4165.0,14,0,0,0,0.0,0
0.3052,54,0,0.5949,7015.0,4,0,2,0,0.0,0
0.6305,54,2,0.1116,4783.0,8,0,2,1,0.0,0
4.2994,41,0,0.3111,7372.0,9,0,0,0,1.0,0
0.7076,72,0,0.6447,2568.0,8,0,0,0,1.0,1
1.9129,52,0,0.1226,2873.0,5,0,0,0,3.0,0
0.2097,59,0,0.8021,,13,0,0,0,0.0,0
0.7171,58,0,0.6157,13843.0,15,0,1,0,3.0,0
0.6559,58,0,0.3273,6259.0,6,0,0,0,0.0,0
0.7885,38,0,0.8775,2961.0,9,0,1,0,0.0,0
0.5307,52,0,0.6705,26860.0,12,0,0,0,0.0,0
0.0368,84,0,0.3681,,5,0,0,0,1.0,0
0.0771,74,1,0.9889,8565.0,6,1,2,0,0.0,0
0.111,54,0,0.6155,7128.0,10,0,0,0,0.0,0
0.1377,47,0,0.6724,6272.0,8,0,1,0,0.0,0
0.3684,21,3,0.8609,1408.0,5,0,2,0,2.0,0
0.6344,45,0,0.6163,7800.0,8,0,1,0,2.0,0
0.0391,51,0,0.2494,5667.0,10,0,0,0,1.0,0
0.3658,48,0,0.1119,,6,0,1,0,0.0,0
0.1601,49,0,0.1528,2384.0,9,0,1,0,4.0,0
0.2484,61,0,0.1854,2423.0,11,0,1,0,1.0,0
0.2438,38,0,0.6001,,8,0,0,0,0.0,0
0.5077,56,0,0.7138,4352.0,8,0,1,0,1.0,0
0.4567,50,0,0.922,,7,0,0,0,,0
0.4653,40,0,0.1962,4001.0,10,0,1,0,1.0,0
3.9286,75,0,0.108,6989.0,8,0,1,0,0.0,0
0.0949,62,0,0.6314,9158.0,8,0,0,0,1.0,0
0.2111,41,0,0.5931,1886.0,13,0,0,0,1.0,0
0.1801,59,0,0.7088,7512.0,13,0,1,0,0.0,0
0.8969,33,0,0.1498,3209.0,7,0,2,0,1.0,0
0.0399,43,0,1.4898,,8,0,1,0,0.0,1
4.4907,71,0,0.4855,,9,0,0,0,2.0,0
0.4955,57,0,0.9151,2933.0,10,0,0,0,0.0,0
0.466,56,0,0.036,6643.0,9,0,0,0,,0
0.5722,66,0,0.9492,3457.0,9,0,0,0,1.0,0
2.6141,61,0,0.6686,2765.0,10,0,0,0,2.0,1
0.4576,48,0,0.458,9990.0,2,0,1,0,,0
2.1019,65,0,0.8505,5412.0,8,0,2,0,0.0,0
0.5309,28,0,0.1847,7226.0,8,0,1,0,1.0,0
0.9988,43,0,0.5707,1781.0,6,0,0,0,2.0,0
2.2246,51,0,0.3571,,8,0,0,0,2.0,0
0.2569,60,0,0.3541,1685.0,6,0,1,0,3.0,0
0.042,47,0,0.9279,16323.0,8,0,0,0,0.0,0
0.0311,27,0,0.4989,4992.0,6,0,4,0,1.0,0
1.0127,25,0,0.7017,5186.0,12,0,0,0,1.0,0
0.6584,51,0,0.5478,7106.0,13,0,0,0,0.0,0
0.1383,45,0,0.4032,5494.0,9,0,1,0,0.0,0
0.9555,39,0,0.7348,3212.0,8,0,0,0,1.0,0
6.9615,37,2,0.4929,,5,0,1,1,0.0,0
0.0152,54,0,0.947,4968.0,6,0,1,0,2.0,0
2.8423,70,0,0.3553,,6,0,1,0,2.0,0
0.951,54,0,0.1805,5173.0,9,0,0,0,1.0,0
7.03,70,0,0.091,10533.0,6,0,3,0,1.0,0
0.4895,47,0,0.6334,2416.0,5,0,1,0,2.0,0
0.5888,58,0,0.69,,1,0,3,0,1.0,1
0.3348,71,0,0.2005,,6,0,0,0,0.0,0
0.7894,50,0,0.341,2746.0,7,0,1,0,2.0,0
1.0358,52,2,0.1104,3031.0,11,2,2,0,0.0,0
0.7773,47,0,0.7615,4879.0,10,0,0,0,2.0,0
1.2187,60,0,1.3071,,10,0,1,0,1.0,1
0.2673,65,0,0.0538,8668.0,8,0,0,0,2.0,1
0.6032,57,0,0.5546,5843.0,6,0,2,0,1.0,0
0.0527,49,0,0.6133,,6,0,0,0,0.0,0
0.2133,31,0,0.5388,8014.0,13,0,1,0,1.0,0
0.1906,51,0,0.1875,,6,0,0,0,1.0,0
0.0534,49,0,0.4406,2490.0,7,0,1,0,1.0,0
0.5476,55,0,0.178,5847.0,6,0,1,0,,0
0.8774,54,0,0.262,3438.0,10,0,1,0,,0
0.0804,74,0,0.5539,,11,0,0,0,1.0,0
0.3671,42,0,0.5233,3265.0,8,0,0,0,1.0,0
0.2576,30,0,0.4088,4150.0,9,0,0,0,1.0,0
0.6217,36,0,0.6517,6121.0,9,0,0,0,1.0,0
0.8451,43,0,0.0632,8894.0,9,0,3,0,0.0,1
0.0951,67,0,0.8813,12569.0,7,0,0,0,1.0,0
0.3656,34,0,0.629,3913.0,6,0,1,0,1.0,0
0.0113,36,0,0.4158,,3,0,1,0,1.0,0
0.0548,58,0,0.615,,5,0,0,0,2.0,0
0.3784,64,0,0.5063,11216.0,7,0,1,0,1.0,0
0.0258,30,0,1.1069,,6,0,2,0,1.0,0
0.4167,27,0,0.153,4604.0,6,0,1,0,1.0,0
2.7471,41,0,0.3052,3698.0,9,0,2,0,0.0,0
0.1517,61,0,0.54,5702.0,7,0,2,0,1.0,0
0.8587,54,0,0.3211,3469.0,7,0,3,0,0.0,0
0.4506,42,0,0.7526,17959.0,7,0,1,0,1.0,0
3.8253,62,0,0.5345,10706.0,4,0,1,0,2.0,0
1.4218,54,0,0.5989,6769.0,6,0,1,0,1.0,0
0.7359,50,0,0.1759,3481.0,14,0,2,0,1.0,0
0.9719,29,0,0.0659,3056.0,5,0,1,0,1.0,1
0.0796,41,0,0.1604,4372.0,7,0,2,0,1.0,0
0.3059,79,0,0.3619,4249.0,10,0,1,0,2.0,0
0.1805,47,0,0.7906,1892.0,10,0,0,0,1.0,0
2.4732,39,3,0.3272,4571.0,8,0,1,0,1.0,0
0.2356,47,0,0.4609,3618.0,10,0,2,0,1.0,0
0.476,54,0,0.0618,7743.0,7,0,3,0,2.0,0
0.2639,64,0,0.5866,5480.0,9,0,0,0,1.0,0
0.5216,61,0,0.2385,11707.0,7,0,0,0,1.0,0
0.0998,43,0,0.2369,,13,0,1,0,0.0,0
0.0441,70,0,1.0931,12338.0,12,0,0,0,1.0,0
0.4242,63,0,0.2136,1550.0,8,0,0,0,0.0,0
0.0465,46,0,0.8802,,12,0,2,0,0.0,0
0.2873,50,0,0.3019,18098.0,10,0,0,1,1.0,0
0.0608,60,0,0.7289,,7,0,0,0,0.0,0
0.5584,67,0,0.5952,2664.0,12,0,1,0,1.0,0
0.7327,31,0,0.1215,8051.0,9,0,0,0,1.0,0
0.4438,53,0,0.0842,,11,0,1,0,1.0,0
0.6955,52,2,0.5827,2807.0,8,0,2,1,0.0,0
0.8363,44,0,1.1628,8022.0,5,0,1,0,2.0,0
0.4049,44,0,0.3204,4870.0,14,0,0,0,0.0,0
0.3037,67,0,0.7069,9248.0,5,0,0,0,1.0,0
1.006,59,1,0.2894,5777.0,7,0,1,1,2.0,0
0.633,81,0,0.4095,6337.0,5,0,1,0,2.0,0
0.1428,44,0,0.1595,3839.0,7,0,2,0,1.0,0
0.5974,54,0,0.1966,4041.0,14,0,1,0,0.0,0
0.3608,56,0,0.422,3356.0,12,0,2,0,0.0,0
0.5813,65,0,0.395,6234.0,4,0,1,0,1.0,0
0.4551,71,0,0.4973,7638.0,12,0,1,0,0.0,0
0.6153,53,0,0.9715,3799.0,7,0,2,0,0.0,0
0.6155,37,0,1.0872,6376.0,6,0,2,0,0.0,0
0.1288,42,0,0.4387,3930.0,9,0,0,0,2.0,0
0.8516,54,1,0.0535,8485.0,11,0,0,0,1.0,0
0.5328,68,0,0.4489,6707.0,4,0,2,0,0.0,0
0.6539,32,0,0.4244,4862.0,10,0,1,0,1.0,0
0.1939,36,0,0.0891,1931.0,3,0,1,0,2.0,0
0.1513,63,0,0.7215,2728.0,6,0,1,0,0.0,0
1.158,34,0,0.1813,2667.0,7,0,0,0,0.0,0
0.5496,36,0,0.1168,3925.0,10,0,2,0,1.0,0
0.292,68,0,0.4687,6391.0,8,0,0,0,0.0,0
0.8329,49,0,0.4435,2011.0,5,0,2,0,3.0,0
0.0314,48,1,0.8021,4709.0,9,0,1,3,0.0,1
0.5641,71,0,0.1123,9155.0,5,0,3,0,1.0,1
0.4291,37,0,0.502,4018.0,9,0,0,0,2.0,0
0.6404,34,0,0.6358,3607.0,12,0,3,0,1.0,0
0.1231,75,1,0.109,12999.0,9,0,3,1,1.0,1
0.6461,55,0,0.2084,,4,0,1,0,1.0,0
0.0041,62,0,0.6522,9240.0,7,0,0,0,3.0,0
0.4596,48,0,1.1286,4897.0,7,0,0,0,1.0,1
0.4313,51,1,1.0378,9455.0,5,0,1,2,2.0,0
0.4346,42,0,0.8782,,9,0,1,0,1.0,0
1.0035,56,0,0.5678,3124.0,3,0,1,0,0.0,0
2.1745,64,0,0.4423,6868.0,11,0,1,0,2.0,0
0.6126,55,0,0.9292,5183.0,3,0,0,0,0.0,0
0.3658,67,0,0.7378,4173.0,8,0,0,0,2.0,0
1.7956,61,2,0.4844,3021.0,7,2,2,1,1.0,0
0.6634,37,0,0.7295,5414.0,8,0,1,0,1.0,0
0.0417,50,0,0.2737,13362.0,1,0,2,0,0.0,0
0.3356,46,0,0.4216,6917.0,8,0,1,0,0.0,0
0.3017,63,0,0.6739,,11,0,1,0,0.0,0
0.1971,58,0,0.6514,5210.0,10,0,1,0,1.0,0
0.2709,54,0,0.0204,1588.0,10,0,0,0,0.0,0
0.0324,66,0,0.6853,3491.0,9,0,1,0,2.0,0
0.463,26,0,0.3837,4469.0,8,0,0,0,1.0,0
1.0998,44,0,0.1304,3485.0,8,0,1,0,1.0,0
2.9603,45,2,0.9039,9593.0,7,0,0,0,0.0,0
0.0875,56,0,0.3829,2266.0,3,0,2,0,0.0,0
0.6217,60,0,0.7978,6597.0,8,0,1,0,0.0,0
0.0885,52,0,0.3461,9050.0,9,0,2,0,2.0,0
0.1428,34,0,0.7984,3588.0,10,0,0,0,1.0,0
0.5111,58,0,0.5617,5540.0,3,0,1,0,1.0,0
0.2032,54,0,0.2123,4335.0,7,0,1,0,0.0,0
0.7997,31,0,0.5036,2723.0,5,0,0,0,1.0,0
0.7676,48,0,0.1586,6924.0,5,0,0,0,0.0,0
0.5532,57,0,0.6176,13284.0,8,0,0,0,0.0,0
4.8713,75,0,0.3637,10029.0,8,0,1,0,0.0,0
0.7038,37,0,0.104,7517.0,4,0,2,0,1.0,0
0.5805,63,0,0.4086,3924.0,12,0,1,0,0.0,0
0.7179,37,0,1.0175,8298.0,9,0,2,0,0.0,0
0.6971,34,0,0.8985,15643.0,12,0,2,0,2.0,0
1.0577,35,0,0.514,5354.0,8,0,1,0,0.0,0
0.2425,60,2,0.3203,5907.0,12,0,1,1,0.0,0
0.2792,54,0,0.4993,5393.0,8,0,1,0,2.0,0
0.3382,48,0,0.2829,9867.0,3,0,1,0,0.0,0
0.672,58,0,0.4213,2613.0,9,0,2,0,1.0,0
0.585,53,0,0.0673,2435.0,16,0,2,0,1.0,0
0.3032,54,0,0.4383,2896.0,5,0,3,0,0.0,0
0.5792,48,0,0.4467,4797.0,12,0,1,0,,0
0.1602,38,0,0.8976,8801.0,1,0,0,0,0.0,0
0.1306,76,0,0.3703,6322.0,9,0,0,0,0.0,0
0.1465,72,0,0.082,,7,0,0,0,0.0,0
1.1243,74,1,0.565,3137.0,7,2,2,0,0.0,0
0.6062,44,0,0.7628,11801.0,5,0,6,0,0.0,0
1.2907,42,0,1.073,,7,0,1,0,2.0,0
0.4631,46,0,0.6434,,5,0,0,0,1.0,0
2.304,67,0,0.3349,6650.0,10,0,3,0,1.0,0
0.5661,52,0,1.058,6904.0,3,0,1,0,0.0,0
0.4989,44,0,0.3344,3002.0,5,0,3,0,0.0,0
0.0896,57,0,0.7618,2082.0,5,0,0,0,2.0,0
0.05,42,0,0.9227,8383.0,11,0,0,0,2.0,0
1.1158,33,0,0.2033,,11,0,3,0,1.0,0
0.2529,54,0,0.7368,2676.0,8,0,0,0,0.0,0
0.3089,45,0,0.1843,10117.0,11,0,1,0,1.0,0
0.0315,52,0,0.4407,6069.0,8,0,0,0,0.0,0
0.4011,21,0,0.4039,5355.0,9,0,1,0,0.0,0
0.7791,40,0,0.1492,,10,0,0,1,2.0,0
0.5826,51,0,0.4129,2494.0,10,0,3,0,1.0,0
0.6385,31,0,0.363,5251.0,9,0,0,0,2.0,0
0.5126,31,0,0.0254,10567.0,12,0,0,0,,0
1.1354,53,1,1.0408,6645.0,3,0,0,0,0.0,0
0.1189,62,0,0.1276,15524.0,10,0,0,0,2.0,0
1.454,40,0,0.49,4074.0,11,0,1,0,0.0,0
0.0111,48,0,0.1724,4841.0,12,0,0,0,1.0,0
0.4918,49,1,1.0424,3470.0,5,0,1,0,2.0,0
1.6709,30,0,0.2727,1674.0,6,0,2,0,0.0,0
0.6506,69,0,0.588,3810.0,9,0,2,0,0.0,0
0.5062,49,0,0.8043,7313.0,4,0,0,0,2.0,0
0.4389,50,0,0.1136,,9,0,0,0,2.0,1
2.4213,57,0,0.3683,4046.0,7,0,2,0,0.0,0
0.0226,30,0,0.265,4826.0,11,0,1,0,1.0,0
0.4946,65,0,0.2603,11449.0,5,0,1,0,2.0,0
0.1973,67,0,0.1129,1983.0,6,0,2,0,2.0,0
0.1034,54,0,0.2585,4539.0,5,0,0,0,1.0,0
0.9554,58,0,0.4707,,7,0,2,1,2.0,0
0.2734,47,0,0.0278,5375.0,9,0,3,0,1.0,0
0.1866,64,0,0.2098,6778.0,6,0,3,0,1.0,0
0.1297,40,1,0.4197,8145.0,9,0,0,0,0.0,0
0.4784,52,0,0.634,12524.0,12,0,1,0,0.0,0
0.0467,52,0,0.3594,8323.0,12,0,1,0,0.0,0
1.0443,51,0,0.2604,5214.0,4,0,8,0,0.0,0
0.5151,67,0,0.2471,4038.0,5,0,1,0,1.0,0
3.5051,83,0,0.1758,,10,0,1,0,1.0,0
4.4544,50,0,0.5238,5147.0,3,0,1,0,1.0,0
0.398,59,0,0.7722,9562.0,7,0,2,0,0.0,0
1.1121,41,0,0.4308,2944.0,14,0,0,0,0.0,0
0.15,66,0,0.7183,4601.0,11,0,0,0,2.0,0
0.1369,45,0,0.8222,,8,0,0,0,1.0,0
2.2455,95,1,0.3749,4114.0,9,2,1,0,1.0,0
0.0622,29,0,0.2659,3888.0,6,0,1,0,2.0,0
0.6682,82,0,0.4303,9039.0,8,0,1,0,1.0,1
0.1617,66,0,0.183,7799.0,8,0,2,0,1.0,0
0.6025,36,0,0.056,3464.0,10,0,1,0,2.0,0
0.2388,84,0,0.6442,22180.0,9,0,0,0,0.0,0
0.3023,39,0,0.6121,4629.0,6,0,0,0,1.0,0
0.0854,48,0,0.5784,,6,0,3,0,,0
0.5966,34,0,0.3361,,5,0,1,0,0.0,0
0.601,50,5,0.8345,,4,2,2,0,0.0,0
0.7904,51,2,0.3933,9672.0,3,0,0,1,0.0,0
0.6183,64,0,0.273,,12,0,0,0,0.0,0
0.1724,86,0,0.0218,,13,0,0,0,2.0,0
0.962,45,2,0.3528,3905.0,6,0,3,0,0.0,0
0.3421,21,0,0.2496,,8,0,0,0,0.0,0
0.3253,61,3,0.2332,,9,0,0,0,2.0,0
0.6584,44,0,0.2515,,5,0,1,0,1.0,0
0.0719,77,2,0.4727,6387.0,8,0,2,0,2.0,0
0.7149,52,0,0.1168,12685.0,12,0,2,0,0.0,0
0.4996,41,1,0.1645,9946.0,7,0,1,1,0.0,0
0.7528,38,0,0.702,2725.0,13,0,1,0,0.0,0
1.9599,61,0,0.1121,,9,0,0,0,1.0,0
0.5164,48,0,0.725,10482.0,5,0,0,0,0.0,0
0.513,73,0,0.3145,7224.0,6,0,0,0,2.0,0
4.117,49,0,0.5551,4453.0,6,0,1,3,0.0,0
0.4489,72,0,0.2839,8664.0,4,0,2,0,0.0,0
0.3604,33,0,0.3189,,10,0,1,0,2.0,0
0.3872,28,0,1.1404,3240.0,6,0,0,0,1.0,0
0.0378,64,0,0.6669,6247.0,10,0,0,0,0.0,0
0.7584,45,0,0.1827,,6,0,1,0,0.0,1
0.7972,48,0,0.5094,6256.0,7,1,1,0,2.0,0
0.2231,38,0,0.3356,,7,0,1,0,1.0,0
0.4153,37,1,0.4549,3363.0,7,1,1,0,2.0,0
1.2023,61,0,0.7195,6866.0,7,0,2,0,2.0,0
0.6908,52,0,0.3878,11753.0,8,0,1,0,0.0,0
0.5437,37,0,0.398,10070.0,6,0,1,0,1.0,0
1.6983,63,1,0.3962,4219.0,12,0,3,2,2.0,0
0.2103,68,0,0.6922,2510.0,14,0,2,0,0.0,0
0.0946,50,0,0.1752,,9,0,0,0,0.0,0
0.8124,66,0,0.5316,5897.0,7,0,0,0,0.0,0
1.5197,38,0,0.4833,8564.0,10,0,1,0,1.0,0
0.9144,60,0,0.5976,11749.0,7,0,2,0,1.0,0
0.1325,54,0,0.5589,2740.0,6,0,1,0,0.0,0
0.206,41,0,0.1203,,6,0,1,0,0.0,0
0.1071,81,0,0.5929,,13,0,1,0,,0
0.4959,55,0,0.9286,5589.0,10,0,2,0,0.0,0
0.8535,44,0,0.6553,,6,0,0,0,0.0,0
4.3708,52,0,0.8198,6535.0,11,0,0,0,0.0,0
0.2126,40,0,0.6391,10138.0,5,0,1,0,2.0,0
0.2366,36,0,0.1502,,8,0,2,0,2.0,0
0.2281,46,0,0.2126,2234.0,8,0,3,0,1.0,0
0.2733,47,0,0.2889,5367.0,10,0,0,0,0.0,0
0.0388,41,0,0.0168,4878.0,6,0,1,0,1.0,0
0.5794,70,0,0.2565,3498.0,14,0,2,0,0.0,0
0.8265,41,0,0.3024,9620.0,10,0,0,0,1.0,0
0.0668,39,0,0.5949,,8,0,1,0,2.0,0
0.4133,35,0,0.6655,3384.0,10,0,3,0,0.0,0
2.5783,34,0,0.5828,5321.0,10,0,0,0,1.0,0
0.3613,66,0,0.5338,5647.0,9,0,0,0,0.0,0
2.2855,56,0,0.3883,11805.0,10,0,3,0,0.0,0
0.749,62,0,0.4415,5192.0,10,0,1,0,1.0,0
0.1734,66,0,0.2385,,6,0,0,0,1.0,0
0.6747,47,0,0.5049,2556.0,2,0,2,0,1.0,0
0.7301,73,0,0.1734,,8,0,1,0,1.0,0
0.4592,43,0,0.2465,5611.0,8,0,1,0,1.0,0
0.1067,37,0,0.614,9738.0,12,0,0,0,1.0,0
0.5966,57,0,0.3309,5267.0,4,0,1,0,1.0,0
1.0694,54,0,0.391,3201.0,7,0,0,1,1.0,0
0.8259,54,0,0.7126,3392.0,3,0,0,0,1.0,0
0.1101,66,0,0.304,1522.0,12,0,1,0,0.0,0
0.2363,53,0,0.0778,,7,0,1,0,1.0,0
0.5793,56,0,0.2809,2603.0,7,0,1,0,0.0,0
0.6099,71,0,0.751,7274.0,7,0,0,0,0.0,0
0.0248,56,0,0.4933,7598.0,5,0,1,0,3.0,0
0.6336,59,0,0.3907,12427.0,11,0,0,0,1.0,0
0.1315,32,0,0.3244,,7,0,1,0,1.0,0
0.0651,95,0,0.3055,5511.0,9,0,3,0,2.0,0
4.1262,30,0,0.6437,5748.0,8,0,0,0,2.0,0
0.0886,44,2,0.6108,6620.0,5,0,1,0,1.0,0
1.3867,44,0,0.4756,3429.0,6,0,1,0,0.0,0
0.1534,82,0,0.1567,4220.0,5,0,0,0,2.0,0
0.4794,44,0,0.8174,2692.0,10,0,2,0,1.0,0
0.3554,58,0,0.2898,13427.0,6,0,0,0,1.0,0
0.0253,44,0,0.2869,2438.0,10,0,2,0,2.0,0
0.0501,37,0,0.7876,3041.0,12,0,0,0,0.0,0
0.6742,60,0,0.8059,10334.0,8,0,1,0,2.0,0
0.2987,42,0,0.4004,3815.0,10,0,1,0,1.0,0
0.5509,55,0,0.1238,9286.0,5,0,0,0,0.0,0
1.5857,61,0,0.5045,,4,0,2,0,0.0,0
0.324,79,0,0.7465,3058.0,6,0,1,0,1.0,0
0.0289,34,0,0.3012,8838.0,10,0,2,0,2.0,0
0.5371,50,0,0.4257,8751.0,8,0,0,0,1.0,0
0.0845,50,0,0.6947,3418.0,8,0,1,0,0.0,0
3.7943,52,0,0.578,3615.0,12,0,2,0,0.0,0
0.3303,88,0,0.6258,2711.0,9,0,1,0,2.0,0
0.286,50,0,0.934,7863.0,5,0,0,0,0.0,0
0.4259,21,0,0.3313,1681.0,9,0,1,0,0.0,0
0.6446,49,0,0.386,9800.0,8,0,1,0,2.0,0
0.4231,50,0,0.7867,3322.0,7,0,0,0,5.0,0
0.4144,49,0,0.7842,8808.0,9,0,0,0,1.0,0
0.3423,42,0,0.2066,,6,0,0,0,0.0,0
0.5107,34,0,0.4814,,12,0,4,0,0.0,0
1.3436,82,0,1.0156,6326.0,7,0,0,0,2.0,0
0.2285,56,0,0.2692,5692.0,4,0,0,0,0.0,0
0.2848,49,0,0.6003,,11,0,2,0,0.0,0
0.2068,82,0,0.3999,3821.0,7,0,1,0,2.0,0
0.2364,40,0,1.3578,,7,0,1,0,1.0,0
0.8605,60,0,0.2438,4979.0,6,0,1,0,1.0,0
0.4506,35,0,0.2249,,8,0,0,0,1.0,0
0.0949,63,0,0.6113,12645.0,5,0,0,0,0.0,0
0.4273,36,0,0.9156,1962.0,7,0,0,0,1.0,1
0.6858,59,3,0.4155,7785.0,7,0,0,0,1.0,0
0.0027,79,0,1.2707,5528.0,11,0,2,0,0.0,0
0.2114,53,0,0.009,7983.0,6,0,1,0,0.0,0
0.1114,21,0,0.3812,2189.0,11,0,1,0,0.0,0
0.3761,53,0,0.6085,3620.0,7,0,1,0,0.0,0
0.0549,59,1,0.9942,3276.0,6,1,0,0,1.0,0
0.2425,65,0,0.5355,8781.0,4,0,0,0,1.0,0
0.1587,73,0,0.2233,5612.0,6,0,3,0,0.0,0
0.6727,73,0,0.316,7164.0,6,0,2,0,1.0,0
0.1731,50,0,0.4428,6085.0,13,0,1,0,2.0,0
0.3628,43,0,0.8366,9540.0,8,0,2,0,0.0,0
0.283,36,0,0.0807,,7,0,2,0,1.0,0
0.1077,44,0,0.7723,6231.0,8,0,0,0,1.0,0
0.5226,59,0,0.262,4373.0,8,0,2,0,1.0,0
0.0607,33,0,0.2585,3582.0,8,0,0,0,0.0,0
1.2645,39,0,0.6798,6364.0,9,0,0,0,1.0,0
0.1574,60,0,0.3698,10948.0,8,0,3,0,,0
0.6827,43,0,0.5546,,9,0,1,0,0.0,0
0.3686,57,0,0.2218,4689.0,9,0,2,0,1.0,0
0.0806,41,0,0.2026,,8,0,1,0,0.0,0
0.181,56,0,0.5793,6127.0,7,0,0,0,0.0,0
4.1281,41,0,0.7416,4992.0,9,0,1,0,0.0,1
0.5569,25,0,0.6319,16753.0,7,0,1,0,0.0,0
0.56,65,0,0.5939,5366.0,14,0,2,0,0.0,0
4.7556,42,0,0.3337,2896.0,11,0,2,0,2.0,0
0.7152,49,0,0.0195,3508.0,12,0,0,0,1.0,0
0.1064,42,2,0.6153,3168.0,9,0,3,0,2.0,0
0.1652,60,0,0.1384,3983.0,8,0,0,0,1.0,0
0.2056,57,0,1.0333,6816.0,10,0,1,0,,0
0.3528,60,0,0.7603,4246.0,6,0,1,0,0.0,0
2.5313,44,0,0.5725,5226.0,8,0,2,0,3.0,0
1.0083,51,0,0.2551,7629.0,11,0,1,0,0.0,0
0.3596,58,0,0.3498,7463.0,4,0,0,0,,0
0.0834,74,0,0.7449,14601.0,10,0,2,0,3.0,0
0.5573,56,0,0.6883,5730.0,8,0,0,0,0.0,0
0.3669,38,0,0.2797,4037.0,9,0,0,0,2.0,0
0.3132,56,0,0.6452,2992.0,6,0,2,0,0.0,0
0.4888,50,0,0.5369,6557.0,8,0,1,0,3.0,0
0.6281,24,0,0.9622,3248.0,12,0,1,0,0.0,1
0.2204,26,0,1.3663,4938.0,6,0,3,0,0.0,0
0.1872,51,0,0.2508,5317.0,8,0,2,0,0.0,0
0.5618,52,0,0.7222,5535.0,3,0,1,0,0.0,0
0.2913,48,0,0.8841,6331.0,9,0,1,0,2.0,0
0.5606,64,0,0.526,,6,0,1,0,2.0,1
0.4912,39,0,0.6005,2561.0,6,0,3,0,0.0,0
0.5734,33,0,0.4625,3399.0,7,0,2,0,0.0,0
0.5194,40,0,0.2156,3129.0,11,0,2,0,0.0,0
0.2498,43,0,0.8189,21312.0,7,0,1,0,0.0,0
0.2615,51,0,0.4287,5408.0,8,0,1,0,1.0,0
0.4242,41,0,0.0986,7652.0,9,0,2,0,1.0,0
0.4396,22,0,0.9658,2936.0,11,0,1,0,0.0,1
0.6591,21,0,0.293,5786.0,6,0,0,0,1.0,0
0.4459,54,0,1.1182,19690.0,5,0,0,0,0.0,0
0.7056,36,0,0.3659,,11,0,0,0,1.0,0
0.1668,24,0,0.9361,4424.0,12,0,0,0,0.0,0
0.0267,61,0,0.219,6317.0,8,0,2,0,,0
0.1463,74,0,0.4895,,8,0,1,0,1.0,0
0.3087,51,0,0.5825,2070.0,6,0,1,0,1.0,0
0.2622,56,0,0.7399,,7,0,2,0,0.0,0
0.281,56,0,0.4152,10581.0,14,0,3,0,1.0,0
1.0976,21,0,0.1226,2408.0,13,0,3,0,1.0,1
0.0338,64,2,0.5759,4104.0,10,0,1,0,1.0,0
0.3417,69,0,0.7685,2691.0,11,0,0,0,0.0,0
0.3401,78,0,0.938,2327.0,8,0,0,0,1.0,0
0.4967,46,1,0.465,5710.0,5,0,0,0,1.0,0
0.5462,36,0,0.2899,7283.0,11,0,0,0,1.0,0
0.5384,71,0,0.5709,2513.0,9,0,2,0,1.0,1
0.2634,59,0,0.0085,,11,0,2,0,0.0,0
0.1917,64,0,0.2876,6058.0,8,0,3,0,0.0,0
2.5521,43,0,0.4897,4259.0,5,0,2,0,1.0,0
0.0506,56,0,0.0377,1820.0,10,0,0,0,1.0,0
0.9488,37,0,0.2185,2781.0,11,0,1,0,0.0,0
0.5509,52,0,0.485,,16,0,0,0,0.0,0
2.2554,47,0,0.684,4172.0,7,0,0,0,0.0,1
0.7436,85,0,0.7182,2595.0,8,0,2,0,0.0,0
0.5176,60,0,0.4477,7490.0,12,0,0,0,1.0,0
0.4409,22,0,0.7866,1531.0,12,0,0,0,0.0,0
0.4204,52,0,0.5008,5062.0,10,0,1,0,0.0,1
3.0424,57,0,0.3126,2915.0,5,0,2,0,1.0,0
0.55,45,0,0.69,7486.0,8,0,1,0,3.0,0
0.0042,37,0,0.7132,1131.0,8,0,0,0,0.0,0
0.0005,61,0,0.2379,10629.0,6,0,1,0,0.0,0
0.3453,39,0,0.4958,4128.0,9,0,1,0,2.0,0
0.8347,60,0,0.3018,7677.0,8,0,0,0,1.0,0
0.029,37,0,0.6153,7415.0,9,0,0,0,0.0,0
0.9145,45,0,0.0954,13362.0,12,0,0,0,0.0,0
7.7442,65,0,1.1762,3591.0,10,0,1,0,1.0,0
0.218,59,0,0.1108,9136.0,7,0,1,0,3.0,0
0.2653,52,0,0.1732,4434.0,5,0,1,0,1.0,0
0.5627,52,0,1.2288,11314.0,8,0,0,0,0.0,0
1.2944,53,0,1.6995,3612.0,12,0,1,0,2.0,0
0.399,41,1,0.1021,2298.0,12,0,1,0,3.0,0
0.0164,31,0,0.6482,7057.0,10,0,0,0,,0
0.6201,60,0,1.1997,6771.0,11,0,1,0,0.0,0
0.5245,73,0,0.3418,,7,0,2,0,2.0,0
0.3937,60,0,1.0825,3148.0,9,0,0,0,2.0,0
0.584,56,0,0.7525,4465.0,5,0,1,0,0.0,0
0.1809,35,0,0.0671,3176.0,8,0,1,0,2.0,0
1.4511,64,0,0.398,4668.0,4,0,1,0,2.0,0
0.2776,59,0,0.7358,5983.0,9,0,0,0,1.0,0
0.3675,63,0,0.3879,10019.0,7,0,1,0,2.0,0
0.1356,66,0,0.5824,,11,0,1,0,0.0,0
0.1354,74,0,0.4795,7508.0,5,0,0,0,0.0,0
0.0773,36,0,0.6044,4063.0,8,0,0,0,1.0,0
0.6142,34,0,0.5827,5236.0,4,0,1,0,0.0,0
0.2513,54,0,0.2329,5877.0,4,0,2,0,1.0,0
0.6672,39,0,0.2042,7304.0,5,0,3,0,2.0,0
0.693,37,0,0.5736,4161.0,6,0,0,0,0.0,1
0.3905,69,0,0.4384,14310.0,8,1,0,0,0.0,0
0.3016,38,0,0.1345,8643.0,6,0,0,0,0.0,0
0.2587,52,4,0.7169,6410.0,9,1,0,0,,0
0.4241,29,0,0.3585,3261.0,8,0,0,0,0.0,0
1.1498,53,0,0.7913,2738.0,6,0,1,0,0.0,0
0.0028,69,0,0.4037,9507.0,6,0,2,0,1.0,1
0.7125,69,0,0.9078,3615.0,10,0,1,0,0.0,0
0.4277,67,0,0.4375,2511.0,2,0,1,0,1.0,0
0.3945,51,0,0.1229,4593.0,11,0,2,0,0.0,0
0.0802,68,0,0.4347,7560.0,7,0,2,0,2.0,0
0.2584,58,0,0.8737,5719.0,3,0,1,0,0.0,0
0.4514,46,0,0.185,,9,0,4,0,0.0,0
1.5241,57,0,0.4384,2660.0,8,0,0,0,0.0,0
0.8614,64,3,0.9051,9147.0,7,0,0,0,1.0,0
0.0721,33,0,0.0842,7974.0,4,0,2,0,0.0,0
0.3969,37,0,0.4295,3167.0,6,0,0,0,0.0,0
0.3147,50,0,0.1572,3779.0,9,0,0,0,2.0,0
4.3269,35,0,0.5545,9763.0,8,0,2,0,1.0,0
0.4835,35,0,0.223,,14,0,1,0,0.0,0
0.1987,46,0,0.3984,9780.0,7,0,0,0,0.0,0
0.1038,66,0,0.7261,14945.0,8,0,3,0,1.0,0
0.1433,66,0,0.1864,6544.0,4,0,0,0,0.0,0
0.0257,56,0,0.4253,3601.0,8,0,0,0,1.0,0
0.3144,55,0,0.3806,7654.0,11,0,1,0,1.0,0
1.8098,81,2,0.6203,7527.0,4,0,4,0,1.0,0
0.2833,44,0,0.6915,3585.0,2,0,0,0,0.0,0
0.5548,55,0,0.2699,,7,0,0,0,0.0,0
0.5327,44,2,0.8788,4625.0,6,0,2,1,2.0,0
0.1551,34,0,0.5495,,6,0,2,0,2.0,0
0.7718,69,0,0.7264,9508.0,6,0,0,0,1.0,0
0.6863,48,0,0.345,4657.0,10,0,1,0,1.0,0
0.0871,62,0,0.842,2474.0,13,0,2,0,2.0,0
0.1383,49,0,1.1067,12721.0,13,0,4,0,2.0,0
0.2555,69,0,0.8911,5230.0,4,0,3,0,0.0,0
0.1196,38,0,0.3823,2286.0,9,0,1,0,1.0,0
2.8078,68,0,0.1828,9633.0,6,0,1,0,1.0,0
0.2224,65,0,0.7346,1711.0,8,0,1,0,0.0,0
0.4179,27,0,0.5396,,8,0,0,0,2.0,1
0.104,45,0,0.6361,10617.0,6,0,1,0,0.0,0
0.0979,66,0,0.6705,7099.0,9,0,0,0,2.0,0
0.4204,75,0,0.1791,16021.0,2,0,0,0,0.0,0
3.6695,62,4,0.2097,,11,0,0,2,1.0,0
0.1169,46,0,0.2464,,7,0,1,0,0.0,0
0.2997,38,0,0.1919,5605.0,8,0,1,0,3.0,0
6.8822,60,0,0.2052,4189.0,7,0,2,0,0.0,0
0.3559,46,0,0.6142,17097.0,11,0,0,0,2.0,0
0.1122,47,0,0.139,3751.0,7,0,1,0,1.0,0
0.6985,49,0,0.7126,8027.0,10,0,0,0,2.0,0
0.0374,64,0,1.1061,11250.0,7,0,0,0,1.0,0
0.1744,77,0,0.2819,2599.0,10,0,1,0,0.0,0
0.4267,66,0,0.4113,6715.0,7,0,1,0,0.0,0
0.1551,52,0,0.5355,8245.0,3,0,0,0,1.0,0
0.9074,39,0,0.542,2201.0,19,0,1,1,3.0,0
0.4804,61,0,0.5237,,5,0,2,0,1.0,0
0.2786,75,0,0.5952,8873.0,8,0,1,0,2.0,0
0.242,66,0,0.3905,10173.0,13,0,0,0,2.0,0
0.1414,55,0,0.6848,,8,0,2,0,0.0,0
0.7867,45,0,0.2107,2193.0,5,0,2,0,0.0,0
0.1712,57,0,0.7517,4834.0,8,0,2,0,1.0,0
0.5105,68,0,0.0861,11714.0,7,0,2,0,3.0,0
0.3489,55,0,1.0868,,5,0,0,0,2.0,0
0.4657,51,0,0.3915,,4,0,0,0,1.0,0
0.3318,42,0,0.7063,12178.0,11,0,0,0,2.0,0
0.3787,88,0,0.949,15589.0,5,0,0,0,0.0,0
0.5906,40,0,0.1774,2361.0,9,0,2,0,1.0,0
0.4819,38,0,0.437,1928.0,11,0,3,0,0.0,0
0.0214,54,0,0.1746,6393.0,13,0,1,0,1.0,0
1.7554,49,0,0.4969,7292.0,5,0,1,0,0.0,0
0.5208,66,0,0.1785,13380.0,4,0,1,0,3.0,0
0.0893,67,0,0.2411,,8,0,0,0,0.0,0
0.3081,35,0,0.5515,5498.0,4,0,0,0,1.0,0
0.6074,41,0,0.9576,4714.0,6,0,1,0,1.0,0
0.2768,40,0,0.5378,3495.0,7,0,0,0,0.0,0
0.3557,63,0,0.2642,,6,0,0,0,1.0,0
0.4791,58,0,0.5916,,5,0,1,0,1.0,0
0.0643,47,0,0.6875,3442.0,11,0,0,0,0.0,0
0.0203,55,0,0.5737,8928.0,11,0,0,0,0.0,0
1.0389,36,0,0.986,2055.0,7,0,0,0,1.0,0
0.5641,42,0,0.1237,6056.0,8,0,0,0,1.0,0
0.3059,34,0,0.5795,2577.0,7,0,0,0,0.0,0
0.0261,54,0,0.745,4141.0,11,0,0,0,1.0,0
0.1057,54,0,0.189,10149.0,8,0,0,0,0.0,0
0.9048,38,0,0.2787,,6,0,1,0,2.0,0
1.3838,58,0,0.7166,9882.0,13,0,1,0,1.0,0
0.2361,67,0,0.9288,,6,0,1,0,0.0,0
5.17,38,1,0.7931,3458.0,11,0,0,0,0.0,0
0.3569,47,0,0.3376,4162.0,10,0,1,0,0.0,0
0.0946,59,0,0.4188,2439.0,4,0,1,0,0.0,0
0.1957,52,0,0.5956,9993.0,7,0,1,0,0.0,0
0.2169,33,0,0.6282,,1,0,2,0,1.0,0
0.2021,46,0,0.4202,4365.0,9,0,2,0,1.0,0
0.2259,45,0,0.1371,6293.0,9,0,1,0,0.0,0
0.9487,50,0,0.5635,,7,0,0,0,1.0,0
0.8373,50,0,0.7601,,7,0,0,0,0.0,0
0.0703,74,0,0.3239,3621.0,8,0,1,0,2.0,0
0.8094,49,0,0.4253,4884.0,5,0,0,0,0.0,0
0.4516,28,0,0.3663,6936.0,11,0,0,0,1.0,0
0.0823,53,0,0.5868,,9,0,0,0,0.0,0
0.0763,76,0,0.9019,10593.0,11,0,1,0,1.0,0
0.4278,50,0,0.4594,3984.0,8,0,1,0,0.0,0
0.0849,46,0,0.6524,11873.0,13,0,0,0,2.0,0
0.5699,48,0,0.4489,5293.0,8,0,1,0,1.0,1
0.2345,60,0,0.6024,5984.0,7,0,1,0,1.0,0
0.0699,48,0,0.4643,4097.0,9,0,1,0,3.0,0
0.625,31,0,0.6062,4790.0,9,0,0,0,0.0,0
0.2681,43,0,0.9175,11498.0,4,0,0,0,0.0,0
0.1443,51,0,0.6529,1509.0,10,0,1,0,1.0,0
0.607,59,0,0.7534,,7,0,0,0,0.0,1
0.5485,44,0,0.6024,4431.0,5,0,1,0,0.0,0
0.4776,48,0,0.0982,11759.0,10,0,1,0,2.0,0
0.5714,53,0,0.4313,3756.0,9,0,0,0,0.0,0
0.9005,41,0,0.3406,,11,0,2,3,1.0,0
0.3001,51,0,0.1194,5126.0,8,0,1,0,0.0,0
4.736,59,0,0.7315,8458.0,8,0,2,0,0.0,0
0.1786,35,0,0.2753,11688.0,8,0,1,0,1.0,0
0.3094,56,0,0.7733,4753.0,4,0,2,0,2.0,0
0.3979,37,0,0.7621,1849.0,6,0,1,0,1.0,0
0.0051,37,0,0.502,,9,0,1,0,0.0,0
0.7197,43,0,1.0022,3485.0,12,0,2,0,0.0,0
0.4631,71,0,0.1777,,5,0,0,0,1.0,0
0.9939,28,0,0.7347,,14,0,0,0,0.0,0
0.6722,46,1,0.4191,5124.0,13,0,1,0,0.0,0
2.2933,52,2,0.2468,3485.0,9,0,1,0,0.0,0
0.4985,68,0,0.1712,4010.0,8,0,1,0,1.0,0
0.1025,79,0,0.4615,2848.0,6,0,0,0,0.0,0
0.1765,46,0,0.442,5605.0,4,0,0,0,2.0,0
0.0844,60,0,0.8728,8271.0,11,0,0,0,0.0,0
0.4279,51,0,0.8777,,17,0,0,0,1.0,0
0.1488,51,0,0.4693,4765.0,10,0,1,0,0.0,0
1.1769,56,0,0.592,5998.0,9,0,1,0,0.0,0
0.6403,30,0,1.6008,4562.0,5,0,4,0,0.0,0
0.1654,51,0,0.7196,9441.0,3,0,0,0,0.0,0
0.3609,58,0,0.6673,23393.0,13,0,0,0,0.0,0
0.2546,40,0,0.6545,3975.0,6,0,1,0,0.0,0
0.0276,58,0,0.8464,,10,0,0,0,0.0,0
0.5162,28,0,0.0324,4355.0,6,0,0,0,2.0,0
0.0732,53,0,0.4854,22252.0,5,0,1,0,0.0,0
0.0882,71,0,0.3401,4471.0,7,0,1,0,0.0,0
0.0238,49,0,0.357,15391.0,7,0,1,0,0.0,0
0.3532,38,0,0.5933,2222.0,8,0,2,0,1.0,0
0.2541,32,0,0.6169,,8,0,2,0,0.0,0
0.2581,57,0,0.1218,10686.0,4,0,1,0,3.0,0
0.119,65,0,0.1255,4456.0,6,0,1,0,1.0,0
0.5209,51,0,0.3113,3623.0,3,0,0,0,1.0,0
0.0423,46,0,0.3501,9620.0,6,0,0,0,1.0,0
0.1267,25,0,0.8292,11319.0,5,0,3,0,0.0,0
0.1092,54,0,0.4162,2201.0,12,0,2,0,1.0,0
0.3928,42,0,0.3793,2101.0,9,0,0,0,0.0,0
0.4953,43,0,0.3176,,11,0,2,0,0.0,0
0.505,75,0,0.1538,6910.0,11,0,0,0,1.0,0
0.4871,27,0,0.6398,4375.0,8,0,0,0,0.0,0
0.356,29,0,0.4531,2771.0,8,0,3,0,0.0,0
0.4489,55,2,0.5746,4852.0,7,0,2,0,3.0,0
0.6747,47,0,0.0589,1939.0,6,0,0,0,1.0,0
0.4726,45,0,0.6884,12925.0,8,0,1,0,2.0,0
0.2372,56,0,0.0987,13945.0,7,0,0,0,3.0,0
0.347,56,0,0.9852,4704.0,8,0,1,0,2.0,0
0.6995,38,0,0.882,3413.0,8,2,1,1,1.0,0
0.0143,44,0,0.7643,2044.0,4,0,1,0,2.0,0
0.0411,53,0,0.2155,4639.0,6,0,1,0,1.0,0
0.5125,54,0,0.724,10843.0,4,0,1,0,2.0,0
3.1669,59,0,0.7253,10993.0,5,0,1,0,0.0,0
0.9374,44,0,0.429,6184.0,6,0,0,0,4.0,0
0.2778,57,1,0.2665,4097.0,10,4,0,1,0.0,0
1.8284,65,0,0.583,,8,0,0,0,0.0,0
0.2609,53,0,0.299,,9,0,0,0,0.0,0
1.1054,51,0,0.6143,8142.0,5,0,1,0,1.0,0
2.3751,49,0,0.5711,4583.0,7,0,1,0,0.0,1
2.5338,43,0,0.3338,4029.0,4,0,0,0,,0
0.618,39,2,0.9731,2713.0,6,1,0,0,,0
1.0638,48,1,0.6764,3040.0,13,0,0,3,1.0,0
1.195,58,1,0.2916,8600.0,3,1,1,0,2.0,0
0.2021,40,0,0.6143,2408.0,4,0,2,0,3.0,0
0.1558,51,0,0.5842,3121.0,11,0,0,0,,0
0.8213,49,1,0.1946,5677.0,9,0,3,0,0.0,0
0.1858,77,0,0.5622,4970.0,7,0,1,0,1.0,0
0.7172,62,0,0.8424,16854.0,10,0,1,0,1.0,0
0.0747,62,0,0.6257,7701.0,8,0,0,0,0.0,0
0.4259,65,0,0.1195,,9,0,3,0,2.0,0
0.5316,44,0,0.1264,4278.0,9,0,2,0,0.0,0
2.086,71,2,0.8371,8900.0,11,0,0,0,2.0,0
1.8083,54,0,0.3523,4432.0,9,0,0,0,0.0,0
1.122,51,0,0.2415,11161.0,6,0,1,0,2.0,0
0.1937,35,0,0.2552,6518.0,6,0,0,0,3.0,0
0.1482,46,0,0.2073,,7,0,2,0,2.0,0
0.8602,27,0,0.8622,,4,0,1,0,0.0,1
1.6683,49,0,0.3765,11324.0,13,0,1,0,0.0,0
0.4673,44,0,0.8611,1750.0,8,0,0,0,0.0,0
0.6456,46,0,0.135,4860.0,7,0,2,0,0.0,0
0.8548,33,0,0.776,2701.0,8,0,1,0,0.0,1
0.1446,62,0,0.6586,,5,0,1,0,1.0,0
0.211,60,0,0.8357,,5,0,1,0,2.0,0
1.9583,76,1,0.3091,2618.0,6,0,1,0,1.0,0
3.9255,75,0,0.2605,6456.0,8,0,0,0,0.0,0
0.453,54,0,1.0551,3932.0,9,0,0,1,2.0,0
0.7017,66,0,0.3103,,5,0,2,0,0.0,0
0.4245,56,0,0.7737,8133.0,9,0,1,0,1.0,0
0.0123,46,0,0.7509,5281.0,5,0,0,0,1.0,0
1.7574,48,0,0.2636,11645.0,7,0,0,0,0.0,0
0.2533,61,0,0.3888,3427.0,18,0,2,0,2.0,0
0.3671,95,0,0.4605,2015.0,10,0,0,0,1.0,0
0.1907,68,0,0.5522,1335.0,8,0,1,0,1.0,0
0.4776,55,0,0.4325,3262.0,6,0,4,0,0.0,0
0.3868,59,0,0.3026,3668.0,8,0,0,0,0.0,0
0.2738,59,0,0.5954,8695.0,14,0,0,0,1.0,0
0.2816,51,0,0.4618,2772.0,9,0,1,0,2.0,0
0.3428,63,0,0.5691,2441.0,10,0,1,0,0.0,0
0.3641,50,0,0.3532,7520.0,12,0,2,0,1.0,0
0.3565,38,0,0.4811,12280.0,7,0,1,0,0.0,0
0.1786,59,0,0.9057,3507.0,11,0,2,0,1.0,0
0.6301,61,0,0.6457,6166.0,5,0,1,0,1.0,0
2.2581,50,0,0.2509,2135.0,5,0,2,0,0.0,0
0.3862,56,0,0.6442,3604.0,14,0,0,0,0.0,0
0.5609,65,0,0.0561,,10,0,2,0,1.0,0
1.9486,51,0,0.5657,9184.0,7,0,2,0,2.0,0
0.1246,46,0,0.2879,1911.0,11,0,2,0,1.0,0
0.1947,42,0,0.2751,4399.0,8,0,4,0,4.0,0
0.2502,48,0,0.3905,,7,0,2,0,0.0,0
0.0096,73,0,1.0354,10321.0,8,0,0,0,3.0,0
1.2395,49,0,0.5953,3101.0,2,0,1,0,0.0,0
0.9213,57,0,0.6787,3242.0,3,0,0,0,1.0,0
0.4019,47,0,0.3511,3708.0,8,0,2,0,2.0,0
0.0774,46,0,0.5063,5553.0,9,0,2,0,3.0,0
1.1045,40,0,0.344,,7,0,0,0,1.0,0
0.6343,53,0,0.6306,15644.0,3,0,3,0,1.0,0
0.6722,45,0,0.7347,5496.0,14,0,1,0,0.0,0
0.2478,70,1,0.0716,6165.0,7,0,2,0,1.0,0
0.5025,50,0,0.2382,10112.0,9,0,0,0,1.0,0
0.6569,51,0,1.0914,5911.0,9,0,0,0,3.0,0
0.2643,49,0,0.2958,,5,0,1,0,0.0,0
0.3453,57,0,0.0495,1777.0,4,0,2,0,,0
0.344,73,0,0.8891,4891.0,6,0,0,0,1.0,0
0.5322,37,2,0.6122,953.0,9,0,0,0,0.0,0
0.7017,56,0,0.5117,,11,0,1,0,0.0,0
0.2168,30,0,0.1916,4777.0,7,0,0,0,0.0,0
0.107,69,0,0.5425,8084.0,9,0,0,0,2.0,0
0.5774,50,1,0.9032,4595.0,11,0,0,1,1.0,0
0.3827,31,0,0.5456,5791.0,6,0,0,0,1.0,0
3.8143,34,2,0.2034,3567.0,7,0,2,1,1.0,0
0.0202,63,0,0.6566,3488.0,7,0,1,0,0.0,0
0.1127,29,0,0.7241,10008.0,8,0,2,0,1.0,0
0.9668,56,0,0.257,,6,0,2,0,0.0,0
0.1115,46,0,0.2852,11188.0,12,0,0,0,1.0,0
0.3885,49,0,0.2867,11518.0,7,0,0,0,1.0,0
0.3819,43,0,0.382,4632.0,5,0,1,0,0.0,0
0.6256,39,0,0.1299,,5,0,0,0,0.0,0
0.6238,45,0,0.3263,8292.0,13,0,0,0,0.0,0
0.6421,60,0,0.5147,6869.0,10,0,2,0,1.0,0
0.494,48,0,0.4045,3869.0,10,0,0,0,0.0,0
0.2126,58,0,0.9776,5959.0,5,0,0,0,1.0,0
1.288,49,0,0.2713,12007.0,3,0,1,0,1.0,0
0.603,61,0,1.2495,,6,0,0,0,2.0,1
0.3505,58,1,0.158,,4,0,0,0,0.0,0
0.431,44,0,0.3099,3300.0,10,0,0,0,0.0,0
2.3868,39,0,1.0664,,10,0,1,0,0.0,0
0.7545,65,0,0.4762,,12,0,3,0,0.0,0
0.033,41,0,0.7576,4340.0,1,0,1,0,0.0,0
1.4517,59,0,0.7776,,6,0,0,0,1.0,0
0.3228,52,0,0.0306,6927.0,6,0,0,0,0.0,0
2.9046,46,0,0.3126,3419.0,9,0,1,0,0.0,0
3.1384,58,0,0.4445,,11,0,1,0,2.0,1
0.2392,71,0,0.8438,3229.0,9,0,0,0,1.0,0
0.0175,61,0,0.4249,6980.0,6,0,2,0,0.0,0
0.2822,54,0,0.6359,42236.0,6,0,0,0,,0
0.4768,75,0,0.8447,,6,0,1,0,1.0,1
0.3465,29,0,0.1757,3843.0,7,0,1,0,0.0,0
2.9002,36,0,0.5904,5658.0,5,0,3,0,0.0,0
2.2772,45,0,0.4605,2787.0,8,0,1,0,0.0,0
0.338,72,0,0.2192,10251.0,9,0,1,0,2.0,0
0.1547,65,0,0.6061,16871.0,7,0,0,0,1.0,0
0.1452,28,0,0.5952,4583.0,10,0,2,0,1.0,0
0.0781,46,0,0.3443,3747.0,6,0,1,0,1.0,0
0.4695,33,0,0.5371,2281.0,9,0,0,0,0.0,0
0.4056,51,0,0.0241,,6,0,3,0,1.0,0
0.0905,65,0,0.5098,2474.0,9,0,1,0,3.0,0
0.672,66,0,0.5888,,8,0,1,0,0.0,0
0.469,56,0,0.3421,4020.0,7,0,1,0,0.0,0
0.8653,46,0,0.2843,7646.0,6,0,1,1,1.0,0
1.0805,51,0,0.8539,3752.0,7,0,2,0,2.0,0
0.5739,62,0,1.0023,9110.0,11,0,1,0,0.0,0
0.1595,85,0,0.6969,8043.0,11,0,0,0,0.0,0
1.6829,35,0,0.593,5256.0,8,0,1,0,1.0,0
0.0149,74,0,0.4972,6074.0,3,0,0,0,2.0,0
1.6726,55,0,0.6378,2760.0,10,0,1,0,1.0,1
0.6467,63,0,0.3265,18207.0,3,0,1,0,0.0,0
0.0155,55,0,0.9126,7194.0,7,0,3,0,0.0,0
0.3147,72,0,0.1835,18479.0,6,0,1,0,1.0,0
0.6335,57,0,0.8143,3606.0,8,0,1,0,0.0,0
0.4317,43,0,0.3241,,5,0,1,1,1.0,0
1.2035,58,0,0.6571,7661.0,14,0,1,0,1.0,0
2.1823,68,0,0.6137,,13,0,1,0,0.0,0
0.0092,52,0,0.7931,1739.0,11,0,0,0,1.0,0
4.4907,23,0,0.1352,7031.0,2,0,0,0,0.0,0
0.5636,50,0,0.5389,3318.0,8,0,3,0,1.0,0
1.6784,53,0,0.6311,,13,0,0,0,1.0,1
0.109,51,0,0.3565,3782.0,7,0,0,0,0.0,0
0.0461,45,0,0.9352,7940.0,11,0,0,0,2.0,0
0.3002,71,0,0.9225,,12,0,1,0,0.0,0
0.6097,21,0,0.623,7972.0,11,0,0,0,1.0,0
0.543,53,0,0.3211,,8,0,0,0,0.0,0
1.4411,54,0,0.5065,5623.0,8,0,1,0,1.0,0
3.0831,81,0,0.7172,4339.0,8,0,1,0,2.0,1
0.2209,52,0,0.4648,,5,0,2,0,0.0,0
0.5732,58,0,0.1446,16946.0,9,0,0,0,2.0,0
0.3939,54,0,0.4729,1209.0,12,0,0,0,0.0,0
0.037,53,4,0.8451,10922.0,4,1,1,0,1.0,0
0.4682,77,0,0.6274,6912.0,8,0,2,0,1.0,0
0.0213,36,3,0.1288,8836.0,9,0,3,0,3.0,0
0.2322,43,0,0.6596,,12,0,2,0,1.0,0
0.3494,63,3,0.2152,6135.0,5,0,0,0,1.0,0
0.2142,56,0,0.2341,5088.0,8,0,0,0,1.0,0
0.3186,48,0,0.0556,3525.0,7,0,0,0,0.0,0
0.2789,51,0,0.5323,3140.0,8,0,1,0,1.0,0
0.4984,65,0,0.374,,10,0,0,0,0.0,0
0.6994,59,0,0.8769,7829.0,10,0,0,0,0.0,0
0.2827,42,0,0.3233,2060.0,10,0,1,0,0.0,0
0.2275,55,1,0.6133,4439.0,6,0,0,0,1.0,0
1.4658,51,0,0.1429,5951.0,12,0,0,0,0.0,0
0.1826,59,0,0.746,13100.0,8,0,1,0,0.0,0
0.7022,48,0,0.7084,5652.0,11,0,2,0,0.0,0
0.4973,35,0,0.142,,9,0,2,0,1.0,0
0.2228,61,0,0.4952,,7,0,1,0,0.0,0
0.0417,60,0,0.7618,2572.0,8,0,1,0,3.0,0
0.8241,72,0,1.2329,24181.0,8,0,3,1,0.0,0
0.4123,34,0,1.2361,,9,0,1,0,1.0,0
0.326,51,0,0.4668,,6,0,0,0,1.0,0
0.5022,49,0,0.8021,12336.0,6,0,1,0,2.0,0
0.0379,46,0,0.983,4557.0,5,0,0,0,0.0,0
0.8042,30,0,0.365,4450.0,4,0,1,0,2.0,0
0.7487,37,0,0.8683,,8,0,2,0,0.0,0
0.1012,56,0,0.7291,11820.0,13,0,1,0,1.0,0
0.1694,45,0,0.1533,,1,0,1,0,0.0,0
0.264,40,0,0.2833,,7,0,1,0,0.0,0
0.3734,72,0,1.0859,2912.0,6,0,1,0,0.0,0
0.2871,85,0,0.2708,,7,0,1,0,0.0,0
0.9454,51,0,0.588,2114.0,5,0,1,0,1.0,0
1.5942,31,1,0.7211,3619.0,5,0,1,0,0.0,0
0.556,58,0,0.1159,3076.0,8,0,1,0,2.0,0
0.2457,23,0,0.7104,,4,0,0,0,1.0,0
0.4617,33,0,0.3998,4930.0,10,0,1,0,0.0,0
5.7318,58,0,0.5752,2393.0,7,0,2,0,0.0,0
0.4532,33,0,0.1514,11049.0,10,0,2,0,3.0,0
0.2175,48,0,0.4749,9609.0,5,0,0,0,0.0,0
0.0895,31,0,0.4219,8610.0,7,0,2,0,1.0,0
0.6208,53,3,0.3854,5640.0,7,0,0,0,1.0,0
1.4936,68,0,0.9759,4238.0,9,0,0,0,2.0,0
0.2543,43,0,0.4521,13108.0,15,0,2,0,0.0,0
0.6085,52,0,0.535,,6,0,0,0,0.0,0
0.7171,41,0,0.5794,,9,0,1,0,0.0,0
0.732,42,0,0.8848,3552.0,3,0,2,0,0.0,0
0.1844,40,0,0.7634,,9,0,2,0,1.0,0
1.6885,63,0,0.6385,3694.0,7,0,0,0,1.0,0
0.3201,32,0,0.52,3641.0,8,0,1,0,1.0,0
0.056,47,0,0.1727,9825.0,7,0,0,0,1.0,0
0.6063,58,0,0.4398,8075.0,10,0,1,0,0.0,0
2.5897,65,0,0.8036,8422.0,8,0,2,0,0.0,0
0.3849,58,0,0.6925,2602.0,7,0,0,0,,0
0.5447,51,0,0.5099,3092.0,7,0,1,0,1.0,1
0.2791,44,0,0.3811,6210.0,9,0,1,0,1.0,0
0.0319,65,0,0.4333,5067.0,5,0,0,0,2.0,0
0.3968,40,0,0.7577,5932.0,8,0,2,0,1.0,0
0.1208,40,0,0.5812,2324.0,12,0,1,0,0.0,0
0.128,71,0,0.7282,3002.0,10,0,2,0,0.0,0
0.6308,57,0,0.2197,,4,0,0,0,2.0,0
0.0142,58,0,0.5622,4499.0,9,0,0,0,1.0,0
0.9287,60,0,0.4328,3289.0,15,0,0,0,0.0,0
0.2256,51,0,0.511,8139.0,10,0,1,0,0.0,0
0.4984,32,0,0.0405,,4,0,2,0,0.0,0
0.2378,56,0,0.441,4957.0,12,0,1,0,0.0,0
0.3312,52,0,0.2363,20828.0,6,0,2,0,1.0,0
1.0548,40,0,0.5348,,5,0,3,0,0.0,0
0.824,37,0,0.0664,4123.0,11,0,1,0,1.0,0
0.8951,51,0,0.6212,5274.0,6,0,0,0,1.0,1
0.1622,33,0,1.2326,4944.0,8,0,0,0,2.0,0
0.4219,50,0,0.5037,8705.0,3,0,0,0,0.0,0
0.3455,48,0,0.3993,3419.0,8,0,2,0,1.0,0
0.3444,50,0,0.5102,2347.0,6,0,0,0,2.0,0
6.1815,58,0,0.2496,2603.0,11,0,2,0,0.0,0
0.7026,61,0,0.5503,2563.0,8,0,0,0,0.0,0
0.4094,42,0,0.2747,5730.0,13,0,2,0,1.0,0
0.0255,64,0,0.1798,7156.0,3,0,2,0,3.0,0
0.762,49,0,1.0167,2298.0,6,0,0,0,0.0,0
0.1887,77,2,0.0923,9300.0,6,0,0,2,1.0,0
0.0994,44,0,0.7659,2848.0,7,0,0,0,2.0,0
0.1005,29,0,0.6963,5581.0,8,0,0,0,1.0,0
0.0411,64,0,0.2132,16003.0,7,0,3,0,2.0,0
0.5565,58,5,0.4167,6799.0,7,0,1,0,1.0,0
0.134,69,0,0.0909,,6,0,0,0,1.0,0
0.1586,56,0,0.2212,8218.0,6,0,0,0,4.0,0
0.0599,85,0,0.7893,,6,0,1,0,1.0,0
0.3576,49,0,0.289,,8,0,1,0,0.0,0
0.3779,67,0,0.175,3376.0,12,0,1,0,0.0,0
0.2081,45,0,0.654,,5,0,2,0,0.0,0
0.7455,59,0,0.8079,2273.0,6,0,2,0,0.0,0
0.4452,61,1,0.5877,6465.0,8,0,1,0,0.0,0
1.4469,64,0,0.0771,14689.0,6,0,2,0,1.0,0
0.4833,63,0,0.1904,,8,0,0,0,2.0,0
0.212,21,0,0.6599,23536.0,4,0,3,0,0.0,0
0.0576,51,0,0.8875,4511.0,6,0,0,0,0.0,0
0.3075,44,4,0.3126,12527.0,6,0,1,0,0.0,0
0.7905,47,0,0.6477,,7,0,1,0,1.0,0
2.2176,48,0,0.6384,6866.0,11,0,1,0,1.0,0
0.3927,66,0,0.5548,8165.0,8,0,1,0,1.0,0
0.9504,55,0,0.3643,1407.0,9,0,1,0,1.0,0
3.6383,45,0,0.6195,13131.0,10,0,0,0,5.0,0
0.1592,31,0,0.2808,14943.0,10,0,1,0,0.0,0
0.7085,73,0,0.6708,5432.0,10,0,1,0,2.0,0
0.6858,43,0,0.9866,,8,0,1,0,0.0,1
0.7925,50,1,0.369,,6,0,2,0,1.0,0
0.4862,82,0,0.3952,3445.0,9,0,0,0,3.0,0
1.563,43,0,0.0253,5021.0,9,0,0,0,0.0,0
0.6272,48,0,0.4675,4503.0,7,0,1,0,1.0,0
0.229,55,0,0.5569,5331.0,7,0,1,0,0.0,0
0.0854,30,0,0.7945,,3,0,1,0,0.0,0
0.2901,28,0,0.6072,,9,0,2,0,0.0,0
0.8825,45,0,0.9154,,8,0,0,0,0.0,1
0.3896,46,0,0.6885,4835.0,10,0,2,0,0.0,0
0.1766,54,0,0.443,4505.0,12,0,0,0,0.0,0
0.28,38,0,0.5578,,6,0,0,0,0.0,0
0.2916,58,0,0.6581,19728.0,12,0,2,0,1.0,0
0.3789,22,1,0.3764,,8,0,2,0,1.0,0
2.7062,51,0,0.57,15731.0,6,0,2,0,1.0,0
0.2532,57,0,0.4406,9113.0,9,0,0,0,2.0,0
0.3081,57,0,0.9429,3683.0,9,0,1,0,3.0,0
0.4523,50,0,0.3848,4492.0,8,0,0,0,3.0,0
0.4297,43,0,0.4882,2783.0,9,0,3,0,2.0,1
0.5826,49,0,0.5647,1713.0,4,0,0,0,0.0,0
0.2203,69,0,0.6916,16868.0,10,0,1,0,1.0,0
0.0829,44,0,0.4431,6187.0,10,0,1,0,3.0,0
0.7464,66,0,0.1194,2475.0,15,0,3,0,2.0,0
0.2456,68,0,0.1505,2492.0,5,0,1,0,0.0,0
0.5781,28,0,0.2896,4110.0,7,0,0,0,3.0,0
0.2308,50,0,0.7331,17529.0,11,0,1,0,0.0,0
0.0089,38,0,0.6072,9013.0,10,0,1,0,0.0,0
0.6138,31,0,0.3777,14230.0,6,0,2,0,2.0,0
0.3732,63,1,0.4761,2246.0,4,1,2,0,0.0,0
1.0566,59,0,0.4715,2788.0,9,0,1,0,1.0,0
2.5113,56,0,0.5909,10433.0,7,0,0,0,0.0,0
0.7732,37,0,0.3761,3904.0,9,0,0,0,0.0,0
0.7826,55,0,0.634,15423.0,9,0,1,0,1.0,0
0.2816,34,0,0.4612,3799.0,12,0,1,0,0.0,0
0.0313,53,0,0.7999,,4,0,0,0,1.0,0
0.4392,43,0,0.9243,5754.0,10,0,0,0,0.0,0
0.3148,67,0,0.615,2621.0,5,0,0,0,0.0,0
0.0462,47,0,0.6728,5091.0,8,0,2,0,1.0,0
0.1921,55,0,0.3473,3746.0,11,0,3,0,2.0,0
0.0285,55,0,0.2426,,11,0,2,0,0.0,0
0.563,51,0,0.6254,6377.0,7,0,2,0,0.0,0
1.2567,53,0,0.5007,3750.0,7,0,1,0,1.0,1
0.0929,56,0,0.01,2851.0,2,0,2,0,0.0,0
0.5005,39,0,0.3423,17218.0,8,0,1,0,1.0,0
0.1081,58,0,0.2437,1976.0,4,0,0,0,0.0,0
5.955,64,0,0.2319,,10,0,0,0,3.0,0
0.7024,58,0,0.4995,7714.0,7,0,0,0,2.0,0
1.413,47,1,0.4434,2467.0,6,1,1,0,0.0,0
0.2864,54,0,0.5327,5821.0,7,0,1,0,1.0,0
1.0646,47,0,0.1113,17059.0,6,0,1,0,0.0,0
0.8882,50,4,0.5644,2855.0,5,0,2,1,1.0,0
0.1424,35,0,0.3359,2912.0,10,0,0,0,0.0,0
0.638,71,0,0.3604,3585.0,11,0,0,0,0.0,0
0.7558,79,0,0.2251,3620.0,14,0,2,0,0.0,0
0.1862,42,0,0.1626,6206.0,9,0,0,0,1.0,0
0.6662,63,0,0.6371,,4,0,0,0,0.0,0
0.0555,72,0,0.2196,,15,0,0,0,2.0,0
0.592,39,0,0.4088,10362.0,3,0,0,0,1.0,0
0.4815,22,2,0.7814,2151.0,6,0,1,0,3.0,0
0.1232,73,0,0.5903,5049.0,7,0,1,0,0.0,0
0.4045,52,0,0.1831,13646.0,4,0,1,0,1.0,0
0.0806,45,0,0.4663,,6,0,2,0,0.0,0
0.6404,53,0,0.6249,1730.0,5,0,2,0,2.0,0
0.1636,47,0,0.4254,6468.0,12,0,1,0,1.0,0
0.6646,93,0,0.5869,8215.0,7,0,2,0,1.0,0
3.605,45,0,0.4362,3494.0,9,0,1,0,0.0,0
0.0768,57,0,0.5082,5698.0,8,0,0,0,0.0,0
0.6961,70,0,0.6546,5674.0,12,0,0,0,1.0,0
0.1384,70,0,0.6375,10507.0,5,0,0,0,,0
0.3899,67,0,0.125,7803.0,10,0,0,0,2.0,0
0.5743,46,0,0.3116,3980.0,9,0,0,0,1.0,0
0.3377,50,0,0.517,3519.0,9,0,2,0,0.0,0
2.3153,22,1,0.2818,4441.0,6,0,1,0,,0
8.8446,51,0,0.2646,2917.0,7,0,1,0,0.0,0
0.8356,52,0,0.2148,,12,0,3,0,2.0,0
0.1137,62,0,0.4278,3379.0,5,0,0,0,,0
0.6181,77,0,0.2683,4107.0,7,0,0,0,0.0,0
0.4826,62,0,0.4888,,8,0,0,0,0.0,0
0.1688,67,0,0.2217,3996.0,6,0,3,0,0.0,0
0.7489,52,0,0.758,,11,0,0,0,1.0,0
0.2596,70,0,0.3136,18898.0,5,0,0,0,1.0,0
0.3432,52,0,0.8659,4194.0,13,0,1,0,1.0,0
0.2271,68,0,0.3562,,7,0,1,0,2.0,0
0.591,63,0,0.7361,3913.0,7,0,0,0,1.0,0
0.1051,57,0,0.1628,,9,0,2,0,0.0,0
0.2717,30,0,0.4327,7837.0,8,0,1,0,0.0,0
0.5377,67,0,0.6115,10778.0,5,0,0,0,1.0,0
0.1358,57,0,0.963,11168.0,11,0,1,0,0.0,0
0.1858,62,0,0.4544,2739.0,7,0,0,0,2.0,0
0.1077,56,0,0.2623,5568.0,4,0,1,0,1.0,0
11.4266,59,0,0.3883,5286.0,4,0,1,0,1.0,0
10.2433,70,0,0.6852,7462.0,12,0,1,0,2.0,0
0.0015,45,0,0.7165,3851.0,3,0,1,0,1.0,0
0.8216,59,0,0.7659,,7,0,1,0,1.0,0
0.634,41,0,0.3133,5278.0,6,0,0,0,0.0,0
1.2997,60,0,0.1052,5512.0,10,0,0,0,1.0,0
0.0402,56,0,0.8206,3745.0,9,0,1,0,1.0,0
0.1725,43,0,0.6585,,5,0,2,0,0.0,0
0.4723,53,0,0.5577,,8,0,0,0,2.0,0
0.9923,44,0,0.3562,2262.0,3,0,2,0,1.0,0
0.5113,47,0,0.5913,9642.0,8,0,2,0,1.0,0
0.7052,57,0,0.1022,868.0,7,0,0,0,1.0,0
0.2003,56,0,0.5558,3331.0,8,0,1,0,1.0,0
0.033,25,0,0.474,5129.0,5,0,0,0,0.0,0
4.4782,57,0,0.4218,3433.0,8,0,1,0,0.0,0
0.1579,48,0,0.3837,2133.0,4,0,2,0,2.0,0
0.0381,46,0,1.0365,4910.0,12,0,2,0,0.0,0
0.5808,36,0,0.1416,6654.0,12,0,0,0,2.0,0
0.4941,51,0,1.0767,7453.0,9,0,2,0,1.0,1
0.5171,45,0,0.6775,,8,0,2,0,1.0,0
1.7418,70,0,0.5981,15008.0,7,0,2,1,0.0,0
0.0966,28,0,1.1486,4273.0,15,0,3,0,1.0,1
0.3741,39,0,0.2341,1391.0,8,0,1,0,1.0,0
0.2914,38,0,0.6355,6582.0,11,0,1,0,1.0,0
0.1552,56,0,1.3485,6450.0,9,0,2,0,,0
0.7614,68,0,0.343,10061.0,9,0,0,0,0.0,0
0.9541,59,0,0.9033,5507.0,8,0,2,0,2.0,0
0.5714,37,0,0.9034,5298.0,5,0,2,0,0.0,0
0.0958,46,0,0.4683,9626.0,10,0,0,0,2.0,0
2.3487,41,0,0.2311,15877.0,10,0,1,0,0.0,0
0.2562,59,0,0.207,6704.0,8,0,0,0,0.0,0
0.0514,46,0,0.9638,3876.0,10,0,1,0,0.0,0
4.2346,32,0,0.4487,6857.0,12,0,0,0,0.0,0
1.9346,60,0,0.9912,2996.0,11,0,1,0,0.0,0
0.0094,70,0,0.4907,,5,0,0,0,0.0,0
1.0847,49,0,0.531,12624.0,12,0,0,0,0.0,0
0.1362,54,0,0.0183,9290.0,13,0,0,0,1.0,0
0.1769,31,0,0.1689,2224.0,8,0,3,0,0.0,0
0.7347,23,0,0.3659,,13,0,1,0,0.0,0
0.5468,26,0,0.6652,4438.0,8,0,2,0,0.0,1
0.1126,51,0,0.1051,5165.0,8,0,0,0,0.0,0
0.4502,48,1,0.5519,3795.0,6,0,0,1,0.0,0
0.5953,60,0,0.6327,5468.0,12,0,1,0,1.0,0
0.1344,49,0,0.5616,,7,0,1,0,1.0,0
0.5969,66,0,0.4244,12638.0,4,0,0,0,0.0,0
0.0085,64,0,0.3677,3966.0,7,0,2,0,2.0,0
0.5749,47,0,0.3997,4724.0,6,0,0,0,0.0,0
0.2872,38,0,0.4793,6429.0,12,0,1,0,2.0,0
0.6958,25,0,0.1877,1930.0,4,0,2,0,2.0,0
0.6648,72,0,0.489,13173.0,13,0,1,0,0.0,0
1.8591,39,0,0.5069,6371.0,10,0,3,0,1.0,0
0.6003,31,0,0.3097,19267.0,6,0,1,0,0.0,0
0.4055,54,0,0.291,4088.0,15,0,0,0,1.0,0
1.2249,31,0,0.4889,,5,0,1,0,0.0,0
0.5328,54,0,0.8957,,3,0,0,0,0.0,0
0.4686,47,0,0.3132,4557.0,6,0,5,0,2.0,0
0.7252,65,0,0.3344,8503.0,12,0,0,0,0.0,0
0.8455,64,0,0.2712,,16,0,2,0,0.0,0
0.1816,67,0,0.919,9079.0,13,0,0,0,1.0,0
0.4966,55,0,0.2917,6970.0,9,0,2,0,2.0,0
0.3941,40,0,0.3605,4645.0,9,0,0,0,1.0,0
0.2122,37,0,0.2663,2527.0,6,0,1,0,0.0,0
0.117,45,0,0.1677,16477.0,12,0,3,0,0.0,0
0.0859,80,0,0.6922,7486.0,7,0,1,0,0.0,0
0.1775,49,0,0.5986,13875.0,7,0,1,0,1.0,0
0.8402,54,0,0.4846,6321.0,8,0,2,3,0.0,0
0.1339,73,0,0.3698,5074.0,13,0,1,0,3.0,0
0.2848,56,0,0.0312,8495.0,8,0,5,0,1.0,0
0.1469,42,0,0.3667,7803.0,10,0,1,0,0.0,0
0.6408,62,0,1.0735,15401.0,6,0,0,0,1.0,0
0.7614,46,0,0.121,6862.0,10,0,1,0,1.0,1
3.0668,56,0,0.7917,,7,0,0,0,0.0,0
0.5615,59,0,0.0993,4558.0,13,0,0,0,2.0,0
1.0862,45,0,0.1175,3214.0,10,0,1,0,1.0,0
0.2199,55,0,0.8778,,8,0,1,0,1.0,0
2.1872,74,0,0.2092,,11,0,1,0,1.0,0
0.0827,43,0,0.7762,9973.0,7,0,1,0,1.0,0
0.3909,70,0,0.647,,7,0,2,0,0.0,0
0.41,44,0,0.9193,2619.0,8,0,0,0,1.0,0
0.8516,77,0,0.3507,4822.0,7,0,1,0,0.0,0
0.6144,40,0,0.5129,6364.0,6,0,0,0,0.0,0
0.2839,46,0,0.4296,2936.0,6,0,2,0,2.0,0
0.4732,73,0,0.527,7201.0,4,0,1,0,2.0,0
0.0704,74,0,0.1323,12823.0,10,0,0,0,0.0,0
0.3075,63,0,0.2635,3777.0,5,0,1,0,1.0,0
0.0038,37,0,0.1582,7102.0,10,0,1,0,3.0,0
0.7068,53,0,0.6894,7477.0,6,0,1,0,2.0,0
3.6756,52,0,0.6309,9993.0,6,0,1,0,1.0,0
0.4877,40,0,0.4683,1865.0,5,0,1,0,0.0,0
0.187,62,0,0.7355,,10,0,1,0,0.0,0
0.8406,41,0,0.7188,7668.0,11,0,1,0,1.0,0
0.7962,34,0,0.5551,13104.0,15,0,0,0,1.0,0
0.0889,29,0,0.4792,3478.0,8,0,0,0,0.0,0
0.4438,76,0,0.3724,5763.0,11,0,1,0,0.0,0
0.2591,45,0,0.4605,,8,0,0,0,0.0,0
0.3633,45,0,0.1935,5146.0,12,0,2,0,0.0,0
0.2677,38,0,1.1779,10128.0,12,0,2,0,1.0,0
0.404,71,0,0.3211,12885.0,8,0,0,0,0.0,0
1.0042,33,0,0.4912,8764.0,8,0,0,0,1.0,0
0.1452,35,0,0.483,5143.0,4,0,1,0,0.0,0
0.0896,47,0,0.1656,,9,0,4,0,2.0,0
0.262,52,0,0.7018,9504.0,5,0,2,0,2.0,0
0.657,61,0,0.4608,6098.0,10,0,0,0,0.0,0
0.2991,43,0,0.1602,5830.0,6,0,0,0,0.0,0
0.0317,74,0,0.622,,5,0,0,0,1.0,0
1.0427,43,0,0.335,5170.0,7,0,1,0,1.0,0
0.2558,38,0,0.3738,2921.0,12,0,0,0,2.0,0
0.0262,37,0,0.1945,3509.0,3,0,1,0,1.0,0
1.0243,41,0,0.4427,4955.0,9,0,0,0,0.0,0
3.9139,36,1,0.5662,5752.0,10,0,0,1,1.0,0
0.0835,63,0,0.4589,2693.0,7,0,2,0,0.0,0
0.8681,38,0,0.9531,3610.0,6,0,2,0,2.0,0
0.0714,50,0,0.5683,,9,0,0,0,0.0,0
0.3239,38,0,1.0748,,9,0,1,0,0.0,0
0.2503,36,0,0.2607,4133.0,5,0,0,0,0.0,0
0.138,67,0,0.8489,7531.0,4,0,2,0,0.0,0
0.4912,74,0,0.2675,7054.0,4,0,0,0,1.0,0
0.2625,70,0,0.6545,,6,0,1,0,0.0,0
0.1885,31,0,0.3405,15464.0,3,0,0,0,0.0,0
0.2886,33,0,0.9631,5644.0,9,0,1,0,1.0,0
1.1395,80,0,0.5042,4816.0,6,0,0,0,2.0,0
9.3403,48,0,0.2195,1898.0,6,0,1,0,0.0,0
0.8472,33,0,1.0099,2839.0,9,0,2,0,2.0,1
6.2859,67,0,0.4855,10037.0,4,0,1,0,0.0,0
0.3184,53,0,0.4346,2239.0,5,0,0,0,0.0,0
0.3316,60,0,0.8604,1901.0,12,0,1,0,0.0,0
0.4253,21,0,0.4699,,6,0,1,0,0.0,0
0.8201,47,0,0.8377,,6,0,0,0,3.0,0
0.1938,65,0,0.9836,2891.0,3,0,0,0,2.0,0
0.2744,43,0,0.2671,5449.0,11,0,1,0,0.0,0
0.1485,69,0,0.1547,12749.0,11,0,1,0,2.0,0
0.3743,34,0,0.1458,11510.0,11,0,1,0,1.0,0
0.0938,50,0,0.1732,6399.0,5,0,3,0,1.0,0
0.4214,75,0,0.5411,1478.0,9,1,2,0,,0
0.2437,36,5,0.626,9671.0,5,1,0,0,2.0,0
0.1981,56,0,1.2914,5511.0,7,0,1,0,0.0,0
1.1662,60,0,0.8969,6041.0,11,0,1,0,0.0,0
0.6212,53,0,0.88,4141.0,8,0,1,0,1.0,0
0.3238,48,0,0.6604,7951.0,12,0,2,0,1.0,0
1.0175,40,0,0.28,5967.0,6,0,0,0,0.0,0
0.8563,55,0,1.0647,6741.0,7,0,1,0,1.0,0
0.1714,51,0,0.1703,13950.0,6,0,0,0,1.0,0
0.336,32,0,0.5522,,6,0,0,0,0.0,0
0.4191,67,0,0.4299,2337.0,8,0,1,0,0.0,0
3.6963,39,0,0.7593,20560.0,7,0,2,0,1.0,0
0.1633,32,0,0.3866,,9,0,1,0,2.0,0
0.0496,44,0,0.4359,8494.0,12,0,0,0,1.0,0
0.1588,40,0,0.1156,1395.0,6,0,2,0,0.0,0
0.1005,48,0,0.3266,,5,0,2,0,0.0,0
0.0714,35,0,0.0569,7055.0,8,0,1,0,1.0,0
0.3568,58,0,0.436,7421.0,9,0,0,0,2.0,0
0.1355,71,0,0.7991,,12,0,0,0,3.0,0
0.0709,53,0,0.3789,6219.0,3,0,0,0,0.0,0
0.215,32,0,0.1921,,5,0,1,0,0.0,0
0.9543,39,0,0.2207,5075.0,10,0,3,0,0.0,0
0.2128,55,0,0.42,2437.0,6,0,0,1,0.0,0
0.1078,24,0,0.2566,1764.0,4,0,1,0,1.0,0
0.0606,35,0,0.3549,,8,0,0,0,0.0,0
0.0519,29,0,0.5381,4987.0,8,0,1,0,1.0,0
0.3944,54,1,0.4129,11636.0,6,0,0,4,1.0,1
0.2383,82,0,0.5973,,10,0,0,0,0.0,0
0.3681,34,0,0.2455,,3,0,0,0,2.0,0
0.1118,63,0,0.2395,,6,0,0,0,1.0,0
0.2703,44,0,0.301,,11,0,1,0,1.0,0
0.4496,34,0,1.0315,4300.0,10,0,1,0,2.0,1
0.1737,74,0,0.4948,8472.0,7,0,1,0,2.0,0
0.4277,82,0,0.5888,4999.0,9,0,2,0,,1
0.4683,58,0,0.6298,5952.0,7,0,0,0,0.0,0
0.8337,57,0,0.1519,,11,0,2,0,0.0,0
0.0434,53,0,0.3623,,9,0,1,0,2.0,0
0.0851,50,0,0.2321,7744.0,12,0,1,0,1.0,0
0.08,57,0,0.1436,1425.0,9,0,2,0,0.0,0
1.1043,61,0,0.1489,5253.0,6,0,1,0,0.0,0
0.2493,75,0,0.8959,1805.0,9,0,0,0,0.0,0
0.9302,45,0,0.6817,5241.0,6,0,1,0,0.0,0
0.4531,54,0,0.3013,6839.0,6,0,2,0,2.0,0
0.2823,51,0,0.4831,6787.0,6,0,1,0,0.0,0
2.1132,66,0,1.1102,,4,0,0,0,2.0,0
0.8712,86,0,0.2411,,8,0,1,0,2.0,0
2.7949,67,0,0.8531,22585.0,9,0,1,0,4.0,0
0.0479,63,0,0.1736,,7,0,0,0,0.0,0
0.7965,65,0,0.9978,6469.0,9,0,3,0,1.0,0
0.8346,70,0,0.7676,18250.0,6,0,0,0,0.0,0
1.2699,86,0,0.2392,7472.0,9,0,0,0,0.0,0
0.5832,28,0,0.6105,9071.0,7,0,1,0,0.0,0
0.3449,60,0,0.347,8658.0,9,0,0,0,0.0,0
0.3099,21,0,0.9417,2208.0,6,0,0,0,1.0,0
0.3713,65,0,0.4143,,4,0,0,0,0.0,0
1.2858,60,0,0.5426,9745.0,3,0,0,0,2.0,0
0.2966,44,3,0.9598,4473.0,7,0,2,1,0.0,0
0.348,21,2,0.3731,,7,2,0,0,0.0,0
0.2764,52,0,0.4028,5684.0,3,0,1,0,0.0,0
0.4633,55,0,1.0187,5734.0,8,0,0,0,2.0,0
1.0759,51,0,1.0485,5282.0,5,0,2,0,2.0,1
0.6384,43,0,1.1693,6166.0,11,0,1,0,1.0,0
1.8823,39,0,0.239,1660.0,11,0,0,0,0.0,0
0.4324,51,0,0.3819,,5,0,0,0,2.0,0
1.9793,41,0,0.8489,4067.0,7,0,3,0,0.0,0
0.2867,63,0,0.5022,3210.0,7,0,0,0,0.0,0
0.2114,51,0,0.4502,4917.0,4,0,2,0,0.0,0
0.6049,28,0,0.3552,2488.0,8,0,1,0,3.0,0
2.799,54,0,0.5694,4824.0,7,0,0,0,,0
0.4698,58,0,0.0666,9180.0,11,0,0,0,1.0,0
0.056,75,0,0.0315,,12,0,0,0,2.0,0
1.3684,65,0,0.4304,,9,0,1,0,3.0,0
0.3629,39,0,0.589,5735.0,9,0,0,0,0.0,0
0.3202,72,0,0.301,,5,0,2,0,2.0,0
0.29,33,0,0.2789,7040.0,10,0,2,0,0.0,0
0.6806,52,0,0.1192,5911.0,7,0,0,0,0.0,0
0.9054,63,0,0.7644,13466.0,10,0,2,0,3.0,0
1.723,72,0,0.3012,5808.0,7,0,0,0,1.0,0
0.2375,78,0,0.7266,1808.0,14,0,1,0,0.0,0
0.853,70,0,0.6699,,11,0,0,0,2.0,0
0.9627,50,0,0.1943,2759.0,9,0,0,0,1.0,0
1.9808,60,0,0.9315,5024.0,5,0,2,0,1.0,0
0.417,55,0,0.7045,7930.0,9,0,0,0,0.0,0
0.2776,42,0,0.706,5767.0,10,0,1,0,1.0,0
0.7219,50,0,0.1467,,8,0,1,0,2.0,1
0.3425,77,0,0.5385,13062.0,9,0,2,0,1.0,0
0.2353,61,0,0.3409,,7,0,0,0,1.0,0
0.1415,81,0,0.0393,3064.0,10,0,0,0,1.0,0
1.8169,37,2,0.3642,3728.0,8,1,0,0,0.0,0
0.7667,47,0,0.3063,5591.0,9,0,0,0,1.0,0
0.796,58,0,0.1546,9192.0,4,0,1,0,0.0,0
0.191,62,0,0.6284,10441.0,8,0,0,0,1.0,0
0.7261,50,0,0.1069,7497.0,7,0,0,0,1.0,0
0.6487,63,0,0.1732,3672.0,11,0,0,0,0.0,0
0.4058,63,0,0.6021,2882.0,6,0,0,0,1.0,0
1.1362,33,0,0.0936,,10,0,3,0,0.0,0
0.1969,63,0,0.6596,12503.0,9,0,0,0,1.0,0
0.5875,67,0,0.4681,8715.0,9,0,2,0,1.0,0
0.7261,56,0,0.0185,,7,0,2,0,0.0,0
1.5399,26,2,0.5424,,7,0,1,0,2.0,0
0.3676,48,0,0.469,5897.0,9,0,1,0,0.0,0
0.17,58,0,0.0783,6787.0,8,0,0,0,0.0,0
0.3591,40,0,0.2135,19844.0,8,0,1,0,0.0,0
0.5029,65,0,1.2012,2268.0,7,0,1,0,1.0,0
0.6521,62,0,0.8628,8915.0,10,0,0,0,0.0,0
0.3697,54,0,0.3751,5029.0,14,0,1,0,1.0,0
0.1914,52,0,0.687,,6,0,0,0,0.0,0
2.7363,55,0,0.4472,2099.0,8,0,0,0,1.0,0
0.1296,52,0,0.499,12123.0,8,0,1,0,1.0,0
0.0449,34,0,0.2767,2698.0,9,0,2,0,0.0,0
0.0126,46,0,0.6037,7111.0,13,0,0,0,0.0,0
0.356,53,0,0.4184,3662.0,10,0,0,0,0.0,0
0.7365,72,0,0.1063,14898.0,5,0,1,0,1.0,0
0.4448,62,0,0.5182,8509.0,8,0,0,0,1.0,0
0.2184,73,0,0.7268,,7,0,0,0,0.0,0
0.0506,32,0,0.1046,5809.0,12,0,1,0,3.0,0
0.0384,47,0,0.0888,,7,0,0,0,3.0,0
0.2929,81,0,0.6845,6346.0,7,0,1,0,1.0,0
0.7962,42,0,0.3058,4692.0,9,0,1,0,1.0,0
7.2415,41,3,0.6082,,6,1,2,0,3.0,0
0.1466,48,0,0.5612,,15,0,1,0,0.0,0
0.9358,80,0,0.9552,6842.0,7,0,3,0,0.0,0
0.2072,43,0,0.4724,2140.0,8,0,2,0,0.0,0
0.4729,60,0,0.0669,3227.0,6,0,0,0,1.0,0
0.1157,57,0,0.3411,11474.0,8,0,1,0,1.0,0
0.3814,25,0,0.5258,8732.0,10,0,0,0,1.0,0
0.1463,52,0,0.6046,4110.0,7,0,2,0,2.0,0
0.5617,44,0,0.8219,5896.0,9,0,3,0,0.0,0
0.2872,61,0,0.1288,5998.0,1,0,0,0,0.0,1
0.1762,76,0,0.1235,8961.0,9,0,0,0,0.0,0
0.2365,47,0,0.1408,1518.0,9,0,2,0,1.0,0
0.1806,47,0,0.7511,2322.0,7,0,0,0,1.0,0
1.5696,87,0,0.2142,3617.0,10,0,1,0,1.0,0
0.6704,42,0,0.2258,3485.0,7,0,4,0,1.0,0
0.2192,33,0,0.2195,4169.0,4,0,1,0,1.0,0
0.1326,71,0,0.5405,,10,0,1,0,0.0,0
0.0714,51,2,0.5826,,4,0,0,0,1.0,0
0.7766,56,0,0.744,8557.0,9,0,1,0,1.0,0
0.9817,83,0,0.2297,8360.0,6,0,1,0,1.0,0
0.6212,32,0,0.2611,3147.0,10,0,5,0,0.0,0
0.4665,49,1,0.3647,17535.0,5,0,2,0,0.0,0
0.7997,35,0,0.5409,,11,0,1,0,0.0,0
1.1801,57,0,0.0694,3163.0,6,0,2,0,1.0,0
0.3443,44,0,0.1695,16108.0,12,0,0,0,0.0,0
0.5787,36,0,0.4356,,6,0,2,0,1.0,0
0.5016,62,0,0.6164,7697.0,6,0,3,0,0.0,0
0.9599,52,0,0.0226,11761.0,12,0,1,0,0.0,0
0.0389,34,3,0.3363,13103.0,8,0,0,0,1.0,0
0.8003,35,0,1.0449,,10,0,0,0,1.0,0
2.8613,55,0,0.2085,4693.0,9,0,1,0,0.0,0
0.5049,29,0,0.6549,,9,0,3,0,0.0,0
0.6759,55,0,0.2863,2609.0,11,0,4,0,0.0,0
0.3545,71,0,0.7562,,9,0,2,0,3.0,0
0.838,61,0,0.586,12911.0,10,0,1,0,1.0,0
0.1491,43,0,0.4869,10302.0,9,0,3,0,1.0,0
0.5011,56,0,0.0857,8196.0,6,0,2,0,2.0,0
0.2642,34,0,1.1431,13469.0,10,0,1,0,1.0,0
1.08,54,0,0.478,11622.0,7,0,0,0,1.0,0
0.0812,47,0,0.7711,2460.0,7,0,3,0,3.0,0
0.2947,37,0,0.5214,4610.0,11,0,1,0,0.0,0
1.0503,61,0,0.638,13029.0,8,0,1,0,0.0,0
0.2042,24,0,0.4124,6303.0,14,0,0,0,0.0,0
0.3146,35,0,0.8176,4561.0,3,0,0,0,4.0,0
0.2657,37,0,0.2316,6259.0,6,0,2,0,1.0,0
0.1227,45,0,0.7292,6248.0,6,0,0,0,0.0,0
1.2702,70,0,0.2699,7243.0,3,0,2,0,1.0,0
0.6574,63,0,0.4665,6248.0,12,0,0,0,1.0,0
1.122,53,0,0.3548,,3,0,4,0,0.0,0
2.3328,53,0,1.1021,4135.0,6,0,4,0,3.0,1
0.2116,52,0,0.3323,3507.0,10,0,0,0,0.0,0
0.2798,71,0,0.2455,8713.0,6,0,2,0,2.0,0
0.1408,27,0,0.5986,6117.0,9,0,0,0,1.0,0
1.1483,63,0,0.5479,,6,0,1,0,3.0,0
0.6803,45,0,0.6356,3632.0,5,0,0,0,1.0,0
0.1182,59,1,0.5393,,6,0,0,0,0.0,0
3.1148,59,0,0.795,1790.0,3,0,0,0,2.0,0
0.5824,62,0,0.5559,,11,0,1,0,3.0,0
0.1412,74,0,0.3482,3374.0,10,0,1,0,2.0,0
1.2864,33,0,0.606,4799.0,11,0,0,0,0.0,0
0.908,66,0,0.7769,,10,0,0,0,0.0,0
0.2658,51,0,0.2802,,8,0,0,0,,0
0.372,46,0,0.1557,8106.0,4,0,1,0,1.0,0
0.3179,80,0,0.7557,3556.0,6,0,2,0,1.0,0
0.09,62,0,0.2296,9774.0,11,0,2,0,1.0,0
0.1791,46,0,0.4431,,3,0,0,0,0.0,0
0.3316,65,0,0.4686,,3,0,2,0,0.0,0
0.1971,51,0,0.5504,6053.0,8,0,1,0,1.0,0
0.148,46,0,0.1883,11840.0,3,0,4,0,1.0,0
0.1414,44,0,0.9461,9360.0,9,0,0,0,0.0,0
0.5115,56,0,0.7624,4448.0,10,0,2,0,3.0,0
3.0144,43,0,0.1864,9672.0,6,0,1,0,2.0,0
0.4196,54,0,0.4199,6828.0,11,0,1,0,0.0,0
1.0916,64,0,0.757,2970.0,7,0,1,0,0.0,0
0.5141,54,0,0.0217,,5,0,1,0,0.0,0
0.2828,80,0,0.7612,9539.0,6,0,0,0,1.0,0
0.1672,52,0,0.1614,,7,0,1,0,3.0,0
0.7622,71,0,0.1999,2671.0,7,0,1,0,0.0,1
0.1111,66,0,0.3452,6107.0,3,0,1,0,0.0,0
0.1921,73,0,0.6129,4901.0,2,0,0,0,0.0,0
0.0906,80,0,0.9612,2687.0,9,0,0,0,2.0,0
0.4002,27,0,0.8115,,8,0,0,0,2.0,0
0.0417,56,0,0.7266,9068.0,7,0,0,0,1.0,0
0.7674,50,0,0.367,,6,0,0,0,0.0,1
0.0946,54,0,0.8341,3623.0,11,0,0,0,0.0,0
0.2991,46,0,0.3158,7646.0,3,0,2,0,0.0,0
0.0746,44,0,0.5685,2439.0,11,0,0,0,1.0,0
0.4025,37,0,0.914,15426.0,9,0,2,0,1.0,0
0.6511,53,0,0.8606,4828.0,12,0,1,0,0.0,1
0.5293,65,0,0.3239,,5,0,0,0,2.0,0
0.5344,45,0,0.1925,6814.0,8,0,1,0,1.0,0
0.1652,47,0,0.3229,1252.0,4,0,0,0,1.0,0
1.8394,42,1,0.616,2667.0,8,0,1,0,0.0,0
13.9113,38,0,0.3799,5318.0,5,0,0,0,1.0,0
0.4811,49,2,0.3096,4412.0,10,0,2,0,1.0,0
0.1172,57,0,0.0256,2124.0,9,0,0,0,3.0,0
2.813,70,1,0.6487,12205.0,6,0,0,0,1.0,0
0.7926,35,0,0.0768,5701.0,10,0,1,0,2.0,0
0.4111,52,0,0.7983,8020.0,7,0,0,0,1.0,0
0.0851,68,0,0.6008,5446.0,3,0,0,0,1.0,0
0.984,35,0,0.8868,3502.0,8,0,0,0,1.0,0
0.2341,70,0,0.3555,2948.0,7,0,4,0,2.0,0
0.8393,46,0,0.7224,7978.0,8,0,0,0,2.0,0
0.1639,62,0,0.6265,3910.0,4,0,3,0,2.0,0
0.8016,49,0,0.6773,2718.0,7,0,2,0,3.0,0
0.5352,58,0,0.5269,3521.0,8,0,0,0,1.0,0
0.0353,75,0,0.5242,,11,0,1,0,2.0,0
0.2418,50,0,0.1441,2925.0,5,0,0,0,1.0,0
0.6488,66,0,0.2043,5204.0,11,0,0,0,1.0,0
0.0038,56,0,0.3193,4355.0,11,0,1,0,1.0,0
0.0351,41,0,0.3724,6516.0,7,0,3,0,0.0,0
0.5338,50,0,0.2364,6455.0,6,0,0,0,1.0,0
0.2408,49,0,0.6379,20126.0,10,0,2,0,0.0,0
0.5154,32,0,1.034,12746.0,4,0,4,0,2.0,0
0.5126,58,0,0.4412,2009.0,10,0,1,0,2.0,0
0.0717,61,0,0.6144,,4,0,2,0,1.0,0
0.72,63,0,0.5689,22625.0,7,0,2,0,0.0,0
0.4588,72,0,0.4012,14819.0,6,0,1,0,1.0,0
0.9763,65,0,0.3973,9431.0,6,0,0,0,1.0,0
0.0441,44,0,0.8391,4200.0,8,0,0,0,1.0,0
0.2465,47,0,0.8094,,7,0,0,0,1.0,0
0.0392,64,0,0.1796,,10,0,2,0,0.0,0
0.4572,57,0,0.0599,6216.0,8,0,2,0,0.0,0
1.0984,52,0,0.1647,6280.0,9,0,1,0,0.0,0
0.6875,40,0,0.4145,,2,0,0,0,0.0,0
0.7191,45,0,0.37,4048.0,5,0,0,0,0.0,0
0.6676,60,2,0.2927,7681.0,11,0,1,1,,0
7.8411,25,0,0.2754,2354.0,6,0,0,0,1.0,1
3.3462,21,0,0.5648,4570.0,8,0,1,0,0.0,1
0.3977,62,0,0.6119,4327.0,8,0,2,0,0.0,0
0.232,45,0,0.6577,5790.0,10,0,1,0,1.0,0
0.8217,59,0,0.1625,,9,0,1,0,0.0,0
0.2861,74,0,1.1145,,14,0,1,0,0.0,0
1.1884,38,0,0.2054,7434.0,7,0,0,0,1.0,0
0.1156,29,0,0.2387,4879.0,12,0,1,0,,0
0.5602,48,0,0.4027,,11,0,0,0,,1
0.8955,42,0,0.5022,,11,0,0,0,0.0,0
0.6913,52,0,0.4847,1257.0,6,0,1,0,1.0,0
5.3231,60,0,0.2136,1751.0,6,0,1,0,2.0,0
0.3788,57,0,0.6913,6327.0,8,0,1,0,0.0,0
0.2265,53,0,0.308,9095.0,5,0,1,0,2.0,0
0.2951,67,0,0.3475,1053.0,10,0,0,0,2.0,0
0.7859,61,0,0.362,4832.0,4,0,1,0,0.0,0
0.5455,49,0,0.4562,4171.0,3,0,2,0,0.0,0
0.708,61,0,0.2028,11608.0,13,0,0,0,3.0,0
0.4399,30,0,0.3836,3298.0,5,0,2,0,,0
0.4679,67,0,0.8804,4648.0,8,0,0,0,2.0,0
2.3848,52,0,0.0949,,11,0,0,0,2.0,0
2.2431,35,0,0.9105,7439.0,4,0,3,0,2.0,0
0.0568,46,0,0.3545,4479.0,6,0,0,0,1.0,0
0.1296,67,2,0.3645,9430.0,13,1,2,0,1.0,1
0.3868,41,0,0.4657,4816.0,10,0,0,0,0.0,0
0.2663,58,0,0.6229,,7,0,1,0,0.0,0
0.6693,64,0,0.594,7698.0,10,0,0,0,0.0,0
0.4476,52,0,0.6178,3932.0,8,0,2,0,1.0,0
0.7103,40,0,0.1553,4350.0,7,0,1,0,1.0,0
0.4811,51,0,0.5264,8843.0,15,0,1,0,1.0,0
0.2332,32,0,0.3317,2672.0,12,0,0,0,1.0,0
0.1167,45,0,0.1653,8063.0,8,0,2,0,1.0,0
0.0123,36,0,0.2338,8389.0,8,0,1,0,0.0,0
0.0689,51,0,0.5046,8532.0,11,0,0,0,2.0,0
0.4218,34,0,0.7444,6986.0,7,0,0,0,2.0,0
3.5693,53,0,0.0553,3598.0,10,0,5,0,0.0,0
0.6401,68,0,1.014,7185.0,13,0,2,0,0.0,0
0.1768,69,5,0.9469,5156.0,9,0,1,2,0.0,0
0.7595,35,0,0.5995,8799.0,3,0,1,0,1.0,0
0.1957,43,0,0.7523,4715.0,8,0,1,0,0.0,0
1.4197,64,0,0.0396,,9,0,2,0,2.0,0
1.1808,62,0,0.4477,3313.0,9,0,0,0,3.0,0
0.2326,43,0,0.5173,9814.0,11,0,1,0,0.0,0
0.2659,45,0,0.4503,4216.0,11,0,3,0,2.0,0
0.047,53,0,0.5296,,14,0,1,0,0.0,0
0.2165,26,0,0.1445,3809.0,9,0,3,0,0.0,0
0.6527,59,0,0.5956,8380.0,7,0,2,0,0.0,0
0.3924,67,0,0.8528,7941.0,7,0,1,0,0.0,0
0.9851,47,0,0.4241,13504.0,6,0,3,0,3.0,0
1.8266,32,0,0.3638,10561.0,10,0,2,0,,0
0.3074,72,0,0.8212,3535.0,7,0,1,0,1.0,0
0.3189,55,0,1.5924,,7,0,1,0,1.0,0
2.4629,62,0,0.4718,3453.0,10,0,2,0,0.0,0
0.0682,34,0,0.1772,4644.0,8,0,0,0,1.0,0
0.4616,34,0,0.0357,8912.0,7,0,1,0,0.0,0
0.4017,58,0,0.6501,,5,0,1,0,1.0,0
0.1289,66,0,0.9533,8894.0,12,0,0,0,2.0,0
0.7814,36,0,0.3166,,9,0,1,0,3.0,0
0.0298,51,0,0.428,4383.0,12,0,1,0,0.0,0
0.155,30,0,0.456,2798.0,12,0,2,0,0.0,0
0.5242,42,0,0.475,6053.0,7,0,0,0,2.0,0
0.3603,48,0,0.2717,10080.0,6,0,0,0,0.0,0
0.2787,59,0,0.4216,7915.0,10,0,0,0,0.0,0
0.8962,23,1,0.2979,,5,0,1,0,1.0,0
3.6698,70,0,0.0564,12083.0,6,0,0,0,0.0,0
0.0298,50,3,0.5234,5606.0,5,0,2,0,1.0,0
0.1631,70,0,0.459,6354.0,7,0,0,0,0.0,0
0.5201,62,0,0.4673,3973.0,9,0,0,0,1.0,0
0.3844,64,0,0.4495,4466.0,9,0,1,0,1.0,0
0.2004,80,0,0.1773,4753.0,8,0,1,0,2.0,0
0.675,41,0,0.73,4510.0,8,0,0,0,1.0,0
0.5423,54,0,0.8638,2760.0,7,0,0,0,0.0,0
0.0605,38,0,0.7194,5495.0,9,0,2,0,0.0,0
0.4173,51,0,0.4379,3971.0,9,0,1,0,0.0,0
0.0608,62,0,0.481,,9,0,2,0,0.0,0
0.0904,68,0,0.5951,4773.0,8,0,0,0,1.0,0
0.9738,47,0,0.576,9086.0,10,0,3,0,0.0,0
0.2225,35,0,0.7534,,10,0,0,0,0.0,0
0.2413,53,0,1.0278,5268.0,4,0,3,0,0.0,0
0.8253,40,0,0.2809,,8,0,0,0,2.0,0
0.5839,44,0,0.5721,5136.0,11,0,3,0,1.0,0
6.5506,61,0,0.783,,10,0,0,0,0.0,1
0.0337,59,0,1.1427,15408.0,13,0,0,0,0.0,0
0.0565,64,0,0.6781,2898.0,10,0,0,0,1.0,0
0.1777,47,0,0.5659,3334.0,7,0,1,0,1.0,0
0.7102,66,0,0.7856,4736.0,16,0,0,0,1.0,0
2.1036,52,1,0.6812,2313.0,8,0,1,1,3.0,0
0.2654,48,0,0.6581,,11,0,1,0,0.0,0
0.0644,37,0,0.8131,6359.0,5,0,1,0,0.0,0
0.0886,23,0,0.1579,7417.0,4,0,0,0,3.0,0
0.1892,30,0,1.2859,723.0,9,0,3,0,0.0,0
0.365,55,0,0.5892,6063.0,8,0,2,0,1.0,0
0.1447,39,0,0.2295,9760.0,5,0,1,0,1.0,0
0.1964,29,0,0.226,,9,0,2,0,1.0,0
1.0229,46,0,0.438,6075.0,5,0,0,0,1.0,0
0.1256,56,0,0.5502,2371.0,12,0,2,0,0.0,0
0.577,58,0,0.7266,7169.0,7,0,0,0,2.0,0
0.3954,52,0,0.788,6307.0,13,0,0,0,1.0,0
1.2797,51,0,0.2032,,8,0,1,0,1.0,0
0.4222,44,0,0.366,4150.0,11,0,1,0,1.0,0
0.3013,61,0,0.5759,6575.0,3,0,0,0,1.0,0
0.109,50,0,0.1064,2768.0,8,0,0,0,0.0,0
0.1972,51,0,0.5946,,9,0,0,0,,0
0.1839,67,0,0.4212,2359.0,7,0,1,0,1.0,0
2.2789,63,0,0.3483,6845.0,13,0,3,0,2.0,0
0.1949,49,0,0.5834,18556.0,4,0,0,0,0.0,0
0.9119,47,0,0.3876,3234.0,6,0,2,0,0.0,0
0.014,47,1,1.0815,8270.0,7,0,1,0,0.0,0
2.3722,24,0,0.8819,,8,0,0,0,1.0,0
0.9714,67,0,0.8274,4415.0,6,0,1,0,0.0,1
0.2459,42,0,0.2917,4837.0,11,0,1,0,1.0,0
0.22,64,0,0.6687,9078.0,4,0,0,0,1.0,0
0.0912,53,0,0.1224,5277.0,10,0,1,0,0.0,0
0.1334,71,0,0.3997,5529.0,5,0,3,0,3.0,1
0.1694,59,0,0.2718,5141.0,9,0,2,0,3.0,0
0.8406,65,0,0.3389,6436.0,4,0,1,0,1.0,0
0.7922,44,0,0.5362,1230.0,8,0,0,0,3.0,1
2.8425,34,2,0.1277,7398.0,8,0,1,0,1.0,0
0.8154,54,0,0.4538,10549.0,10,0,1,0,1.0,0
0.1228,25,0,0.3339,5728.0,8,0,1,0,0.0,0
0.9822,45,0,0.5296,2518.0,13,0,4,0,0.0,0
0.7256,35,0,0.7456,2767.0,8,0,1,0,1.0,0
3.1725,40,2,0.8708,6241.0,6,1,1,0,0.0,0
0.9227,60,0,0.0713,5545.0,8,0,1,0,2.0,0
0.6987,59,0,0.3652,4817.0,9,0,0,0,3.0,0
0.5733,50,0,0.6473,1455.0,2,0,1,0,1.0,1
0.2923,56,0,0.645,4517.0,11,0,1,0,2.0,0
0.3599,44,0,0.2837,3391.0,1,0,1,0,2.0,0
0.3942,86,0,0.4404,,12,0,1,0,0.0,0
0.3205,56,0,0.5099,3403.0,6,0,0,0,0.0,0
0.6928,44,0,0.3093,3567.0,5,0,1,0,1.0,0
2.8245,64,0,0.6306,8919.0,7,0,3,0,0.0,0
3.7334,69,0,0.2078,5143.0,3,0,0,0,3.0,0
0.4279,41,0,0.4655,2986.0,11,0,1,0,2.0,0
0.2292,32,0,0.3512,4918.0,8,0,0,0,0.0,0
0.3375,35,0,0.2929,2797.0,9,0,0,0,,0
0.142,43,0,0.1652,3575.0,6,0,0,0,1.0,0
0.0405,51,0,0.0744,2532.0,6,0,2,0,1.0,0
2.9553,29,0,1.2571,2723.0,5,0,0,0,1.0,1
0.0979,46,0,0.2061,6554.0,10,0,3,0,0.0,0
0.8089,49,0,0.4377,16176.0,10,0,1,0,1.0,0
0.4173,57,0,0.8283,4573.0,7,0,2,0,0.0,0
0.0818,61,0,0.2797,7836.0,5,0,1,0,2.0,0
0.545,58,0,0.741,9782.0,1,0,0,0,0.0,0
0.7325,77,0,0.4279,2793.0,7,0,2,0,0.0,0
3.9799,67,0,0.1278,19509.0,8,0,2,0,3.0,0
0.1203,55,0,0.8091,,6,0,1,0,0.0,0
0.1034,38,0,0.4432,,2,0,1,0,0.0,0
2.3729,43,1,0.8046,,8,0,2,0,0.0,1
0.0703,32,0,0.5835,5580.0,7,0,2,0,0.0,0
1.5352,54,0,0.2816,8674.0,8,0,0,0,1.0,0
0.2807,57,0,0.8948,26120.0,7,0,2,0,1.0,0
0.4572,65,0,0.0788,5431.0,5,0,1,0,3.0,0
0.4919,56,0,0.4034,,9,0,0,0,0.0,0
0.3692,67,0,0.4387,8692.0,7,0,0,0,0.0,1
0.4173,67,1,0.6161,9481.0,4,0,1,0,,0
3.5376,38,0,0.8868,3601.0,5,0,1,0,0.0,0
6.8123,45,0,1.1001,,9,0,1,0,0.0,1
0.6415,52,0,0.2912,6270.0,11,0,2,0,0.0,0
0.0275,42,0,0.5549,8416.0,10,0,0,0,2.0,0
0.2257,49,0,0.2723,5001.0,4,0,2,0,0.0,0
0.4316,56,0,0.2713,5037.0,9,0,1,0,0.0,0
0.9186,50,0,1.0119,4261.0,9,0,2,0,0.0,1
0.2916,52,0,0.2852,5466.0,9,0,0,0,2.0,0
0.4459,39,0,0.3102,2231.0,7,0,0,0,3.0,0
0.8643,59,0,0.3704,13626.0,8,0,2,0,,0
0.2444,58,0,0.2669,6339.0,6,0,1,0,1.0,0
2.0793,41,0,0.2821,8462.0,6,0,1,0,0.0,0
0.3642,34,0,0.4538,2491.0,13,0,0,0,0.0,0
0.4767,69,0,0.467,,8,0,1,0,2.0,1
3.3615,76,0,0.7492,,9,0,1,0,1.0,0
0.0382,55,0,0.1731,5989.0,8,0,2,0,2.0,0
0.3151,47,0,0.8316,13759.0,7,0,0,0,0.0,0
0.2078,67,0,0.3091,3480.0,13,0,1,0,1.0,0
0.2622,59,0,0.4422,,18,0,1,0,2.0,0
0.6161,49,0,0.376,5825.0,5,0,1,0,0.0,0
0.0164,66,0,0.2133,5110.0,5,0,4,0,2.0,0
0.5534,41,0,0.2625,8045.0,9,0,2,0,0.0,0
0.2347,42,0,0.1693,3864.0,5,0,0,0,0.0,0
0.4943,57,0,0.3548,7810.0,9,0,0,0,0.0,0
0.4318,54,0,0.9147,7254.0,11,0,0,0,2.0,0
0.0344,61,0,0.6237,8590.0,7,1,2,0,0.0,0
0.6471,69,0,0.1235,12946.0,8,0,2,0,2.0,0
0.0909,30,0,0.5618,5181.0,9,0,1,0,2.0,0
0.6247,53,0,0.4114,4576.0,3,0,1,0,1.0,0
0.0209,79,0,0.6247,15191.0,14,0,0,0,4.0,0
0.2439,44,0,0.2707,,5,0,2,0,2.0,0
0.0357,42,0,0.38,2972.0,2,0,0,0,0.0,0
0.3309,21,0,0.4786,2713.0,6,0,0,0,1.0,0
0.2091,53,0,0.8933,6350.0,6,0,0,0,,0
0.2649,60,0,1.2501,4010.0,7,0,3,0,2.0,0
0.2584,60,0,0.1219,2623.0,9,0,3,0,1.0,0
3.139,37,0,0.4329,7885.0,9,0,3,0,0.0,1
0.3355,52,0,0.3453,2389.0,6,0,0,0,0.0,0
0.3677,55,0,1.0669,6975.0,10,0,1,0,1.0,0
0.433,53,0,0.6395,4716.0,9,0,2,0,2.0,0
0.0188,37,0,0.5919,9767.0,10,0,0,0,1.0,0
2.0005,53,0,0.2166,3655.0,6,0,0,0,1.0,0
1.4791,41,0,0.238,11469.0,6,0,3,0,1.0,0
0.234,26,0,0.0792,4878.0,5,0,1,0,0.0,0
2.6014,62,0,0.3483,6220.0,9,0,2,0,1.0,0
1.7994,54,0,0.2598,,5,0,3,0,1.0,0
0.0134,60,0,0.2933,3798.0,12,0,0,0,3.0,0
0.1298,45,0,0.614,3167.0,5,0,1,0,1.0,0
0.2421,61,0,0.1809,15817.0,11,0,3,0,0.0,0
3.0565,66,0,0.2519,,8,0,1,0,0.0,0
0.4152,77,0,0.1125,,8,0,2,0,0.0,0
0.4628,63,0,0.1472,15224.0,5,0,0,0,2.0,0
0.6195,57,0,0.5385,,5,0,1,0,1.0,0
0.2736,33,5,0.3581,8656.0,9,0,1,0,1.0,1
0.2569,51,0,0.242,3822.0,5,0,1,0,0.0,0
0.1557,32,0,0.2296,2760.0,8,0,1,0,0.0,0
0.0598,41,0,0.1049,7070.0,9,0,0,0,2.0,0
0.5956,79,0,0.4075,3070.0,10,0,1,0,1.0,1
0.5083,38,0,0.5227,,8,0,1,0,1.0,0
0.3095,21,0,0.1665,3038.0,8,0,1,0,1.0,0
0.2828,63,0,0.6402,6479.0,9,0,5,0,1.0,0
0.0197,43,0,0.3639,,7,0,1,0,2.0,0
0.0814,63,0,0.3702,10822.0,5,0,2,0,0.0,0
0.9337,36,0,0.2463,7061.0,9,0,0,0,0.0,0
0.5061,46,0,0.3342,8904.0,7,0,0,0,1.0,0
0.3696,69,0,0.2018,5756.0,8,0,1,0,1.0,0
0.496,33,0,0.437,3402.0,12,0,1,0,0.0,0
0.2091,50,0,0.3994,6994.0,13,0,3,0,1.0,0
0.2751,56,0,0.259,6202.0,12,0,1,0,0.0,0
0.2936,42,0,0.3175,9815.0,10,0,0,0,2.0,0
0.3419,55,0,0.3096,2791.0,7,0,0,0,0.0,0
1.0085,52,0,0.3754,6880.0,5,0,2,0,1.0,0
0.3718,59,0,0.2329,2732.0,14,0,2,0,1.0,0
0.4508,78,0,1.071,1892.0,13,0,2,0,2.0,1
0.0314,89,0,0.8104,8885.0,9,0,0,0,0.0,1
0.3295,58,0,0.738,3962.0,5,0,0,0,1.0,0
0.3421,50,0,0.023,5561.0,6,0,1,0,1.0,0
0.1367,58,0,0.5695,,6,0,1,0,1.0,0
0.0307,49,0,0.4418,5436.0,13,0,3,0,0.0,0
0.4251,30,3,0.6286,4977.0,4,0,1,1,1.0,0
0.3758,51,0,0.4201,3897.0,11,0,4,0,1.0,0
0.0458,67,0,0.2431,4181.0,5,0,3,0,0.0,0
0.3494,31,0,0.4872,,9,0,1,0,1.0,0
0.379,38,0,0.2432,6790.0,7,0,0,0,2.0,0
0.5792,44,0,0.4047,8157.0,8,0,0,0,1.0,0
0.3529,57,0,0.1821,9470.0,6,0,1,0,1.0,0
1.883,85,0,0.8035,9979.0,8,0,0,0,0.0,0
0.5913,41,0,0.3818,5372.0,8,0,0,0,3.0,0
0.763,53,0,0.1006,4750.0,7,0,1,0,3.0,0
0.491,52,0,0.4712,7764.0,13,0,1,0,0.0,0
0.2172,48,0,0.3372,8595.0,7,0,0,0,2.0,0
0.2948,51,0,0.4728,,7,0,0,0,3.0,0
0.0897,45,0,0.5556,5190.0,8,0,0,0,1.0,0
0.0177,90,0,0.816,1987.0,8,0,2,0,0.0,0
0.3975,62,0,0.1063,1519.0,7,0,2,0,1.0,0
0.3295,46,0,0.1929,7611.0,3,0,2,1,0.0,0
2.4488,69,0,0.9364,7013.0,10,0,0,0,0.0,0
0.3703,56,0,0.4025,12334.0,7,0,2,0,0.0,0
0.6171,53,0,0.4895,4990.0,7,0,2,0,2.0,0
1.7938,49,0,0.6703,7765.0,8,0,0,0,1.0,0
0.3639,48,0,0.3636,4352.0,5,0,4,0,3.0,0
0.5435,35,0,0.3241,6170.0,6,0,0,0,1.0,0
0.7407,29,0,0.6909,3106.0,10,0,0,0,1.0,0
1.7482,57,0,0.2889,9771.0,3,0,4,0,0.0,0
0.2674,49,0,0.263,4677.0,4,0,0,0,0.0,0
0.6382,64,0,0.7256,3865.0,14,0,0,0,0.0,0
0.8766,40,0,0.5741,6985.0,13,0,2,0,2.0,0
0.3997,37,0,0.3716,8968.0,4,0,1,0,0.0,0
0.3361,63,0,0.2069,2327.0,6,0,3,0,1.0,0
0.5612,48,0,0.0791,14213.0,8,0,1,0,1.0,0
0.0375,64,0,0.9468,5006.0,6,0,0,0,2.0,0
3.7154,52,0,0.3915,4602.0,10,0,1,0,0.0,0
0.1477,78,0,0.3818,4785.0,4,0,0,0,1.0,0
0.1192,63,0,0.3677,2978.0,7,0,1,0,1.0,0
3.3945,58,0,0.1504,7908.0,10,0,0,0,2.0,0
0.4864,63,0,0.0882,4672.0,6,0,1,0,0.0,0
0.3349,48,0,0.2655,14212.0,9,0,1,0,0.0,0
0.0056,29,0,0.2989,,9,0,2,0,0.0,0
0.5748,57,0,1.0484,14126.0,7,0,0,0,0.0,0
0.1656,79,0,0.7958,14210.0,9,0,1,0,2.0,0
0.4948,21,0,0.1928,2642.0,7,0,1,0,1.0,0
2.6207,59,0,0.667,,7,0,0,0,2.0,0
0.2255,31,0,0.4981,,7,0,1,0,0.0,0
2.5182,52,0,0.7235,7969.0,8,0,0,0,0.0,0
1.6422,53,0,0.0043,3382.0,4,0,3,0,1.0,0
0.1489,62,0,1.3159,5435.0,5,0,3,0,1.0,0
7.2992,55,0,0.3544,6394.0,9,0,0,0,0.0,0
5.0635,71,0,0.2281,3019.0,13,0,1,0,1.0,0
3.7538,68,0,0.0351,6441.0,9,0,1,0,1.0,0
0.646,49,0,0.508,6240.0,7,0,2,0,0.0,0
2.9542,67,0,0.701,,6,0,2,0,2.0,0
0.8372,48,1,0.5029,3962.0,9,0,1,0,1.0,0
0.3519,45,0,0.7314,4093.0,6,0,0,0,0.0,0
0.6704,35,4,0.4727,,5,0,0,1,2.0,0
0.3395,70,0,0.7047,6548.0,9,0,1,0,0.0,0
0.3873,48,0,0.6607,2130.0,8,0,1,0,1.0,0
0.3066,21,0,0.1375,3511.0,8,0,3,0,0.0,0
0.2336,60,0,0.5223,,13,0,0,0,0.0,0
0.7844,46,0,0.383,5351.0,5,0,1,0,0.0,0
0.6819,48,0,0.2845,,12,0,1,0,1.0,0
4.5046,49,0,0.8821,3114.0,7,0,2,0,0.0,0
0.5562,47,0,0.6275,7827.0,9,0,3,0,0.0,0
0.0347,90,0,0.3474,13628.0,9,0,1,0,0.0,0
0.5856,75,0,0.9121,,14,0,0,0,0.0,0
0.2243,62,0,0.2378,6979.0,6,0,0,0,0.0,0
3.2555,55,0,0.2908,2267.0,10,0,0,0,1.0,0
0.6406,68,0,0.2669,14187.0,6,0,1,0,1.0,0
0.313,55,0,0.2485,15743.0,8,0,1,0,0.0,0
0.0617,63,0,0.6127,,6,0,0,0,0.0,0
0.6219,60,0,0.0699,5312.0,10,0,1,0,0.0,0
0.3741,54,0,0.5934,1983.0,6,0,2,0,0.0,0
0.1403,65,0,0.7198,2918.0,11,0,2,0,1.0,0
3.7214,46,0,0.4605,,5,0,0,0,1.0,0
2.1989,53,0,0.1285,4738.0,13,0,2,0,0.0,0
0.3672,38,0,0.0387,,8,0,1,0,0.0,0
0.0481,40,3,0.3772,6542.0,8,0,2,0,0.0,0
0.3184,21,0,0.5074,9064.0,8,0,1,0,0.0,0
0.4724,58,0,0.7031,6324.0,14,0,0,0,0.0,0
0.4273,62,0,0.3062,11347.0,7,0,0,0,0.0,0
0.6085,67,0,0.7624,4919.0,11,0,0,0,0.0,0
0.3455,37,3,0.4771,12261.0,8,0,1,0,1.0,0
1.0368,58,0,0.2599,5635.0,3,0,0,0,2.0,0
0.1907,52,0,0.7631,3115.0,5,0,1,3,1.0,0
0.184,62,2,0.2545,4648.0,7,0,2,0,0.0,0
0.1558,43,0,0.5649,4889.0,12,0,1,0,0.0,0
3.4407,47,0,0.4041,3829.0,12,0,2,0,0.0,0
0.0507,30,0,0.736,,8,0,0,0,0.0,0
0.9316,42,0,1.0533,7369.0,9,0,2,0,1.0,0
0.3552,52,0,1.1363,5289.0,5,0,0,0,,0
0.0013,54,0,0.3267,6459.0,6,0,3,0,3.0,0
0.7732,28,0,0.6344,3711.0,9,0,0,0,1.0,1
0.2818,45,0,0.6325,,1,0,0,0,0.0,0
0.0138,54,0,0.549,6023.0,5,0,1,0,2.0,0
0.8532,72,1,0.2472,8554.0,8,1,1,0,2.0,0
0.1753,40,0,1.1009,4827.0,9,0,0,0,2.0,0
0.5192,59,0,0.6452,,14,0,2,0,0.0,0
0.2686,44,0,0.3896,4302.0,12,0,0,0,0.0,0
0.503,46,0,0.1958,,4,0,1,0,0.0,0
0.1457,40,0,0.5957,8229.0,5,0,0,0,1.0,0
1.0076,37,0,0.0512,6812.0,7,0,0,0,1.0,0
2.9222,45,0,0.4806,11413.0,7,0,3,0,0.0,0
0.6312,67,0,0.4423,,4,0,1,0,1.0,0
0.4585,41,0,1.1367,1635.0,10,0,0,0,0.0,0
0.1342,39,0,0.615,4264.0,8,0,2,0,1.0,0
0.3358,55,0,0.643,,8,0,1,0,0.0,0
0.2445,52,0,0.5287,5064.0,9,0,0,0,1.0,0
0.4774,51,0,0.2779,,9,0,2,0,0.0,0
2.0474,56,0,0.3931,8558.0,5,0,3,0,0.0,0
3.0964,38,0,0.6855,6171.0,9,0,0,0,1.0,0
0.9061,39,0,0.5915,11577.0,13,0,0,0,0.0,0
0.7648,66,0,0.7608,3508.0,11,0,0,0,1.0,0
0.2419,50,0,0.1073,6847.0,6,0,0,0,0.0,0
0.5679,60,0,0.4503,,8,0,2,0,2.0,0
0.042,69,0,0.7137,5217.0,7,0,3,0,1.0,0
0.9226,64,0,0.5004,9870.0,9,0,2,0,1.0,0
1.1223,33,0,0.5514,4009.0,10,0,0,0,3.0,0
0.5953,50,0,0.4259,3644.0,3,0,3,0,0.0,0
0.6662,67,5,0.8265,6658.0,8,1,1,0,0.0,0
0.3403,59,0,0.6224,,8,0,1,0,1.0,0
0.7847,55,0,0.1809,2154.0,5,0,0,0,0.0,0
0.259,29,0,0.9302,8810.0,7,0,1,0,2.0,0
0.4207,43,0,0.3261,9139.0,8,0,0,0,0.0,0
0.606,53,0,0.3853,9240.0,8,0,0,0,0.0,0
0.0535,32,0,0.2616,3449.0,7,0,0,0,0.0,0
0.451,63,0,0.6661,4579.0,11,0,1,0,2.0,1
0.0078,50,0,0.3554,2039.0,6,0,0,0,2.0,0
0.1931,24,0,0.8259,6651.0,7,0,0,0,0.0,0
0.5646,44,0,0.4788,2918.0,4,0,2,0,1.0,0
0.4088,48,0,0.2489,5787.0,10,0,1,0,1.0,0
0.4613,50,0,0.3496,1253.0,8,0,1,0,1.0,1
0.3577,72,0,0.1514,7895.0,2,0,2,0,2.0,0
0.5554,60,0,0.6721,7191.0,8,0,0,0,1.0,0
0.6612,33,0,1.0051,8096.0,9,0,0,0,0.0,0
3.096,31,0,0.4958,8593.0,3,0,4,0,0.0,0
0.4241,48,0,0.0568,8056.0,5,0,2,0,0.0,0
0.3999,54,0,0.4131,9319.0,13,0,1,0,0.0,0
0.6107,66,0,0.2049,13208.0,9,0,2,0,0.0,0
0.8529,76,0,0.4048,,8,0,3,0,2.0,0
0.7082,77,0,0.332,33235.0,7,0,1,0,0.0,1
1.607,46,2,0.4556,6615.0,17,0,0,0,1.0,0
0.3742,65,0,0.0869,4566.0,12,0,2,0,0.0,0
0.4137,58,0,0.3691,1654.0,7,0,2,0,0.0,0
0.3091,37,0,0.7214,5489.0,10,0,2,0,0.0,0
0.6567,26,0,0.5756,11730.0,4,0,1,0,2.0,0
0.1308,54,0,0.7312,,12,0,3,0,1.0,0
1.1049,31,0,0.8658,5268.0,4,0,0,0,0.0,0
0.0152,40,0,0.4074,4861.0,5,0,3,0,0.0,0
0.414,42,0,0.7202,1883.0,10,0,2,0,2.0,0
0.4105,55,0,0.3779,11079.0,4,0,5,0,1.0,0
0.8275,70,0,0.3552,5413.0,8,0,2,0,0.0,0
0.0777,52,0,0.9681,1821.0,7,0,0,0,1.0,0
0.3067,44,0,0.6626,,9,0,1,0,1.0,0
0.6525,23,0,0.0602,2688.0,6,0,1,0,0.0,1
0.5666,58,0,0.8765,,4,0,1,0,0.0,0
0.2957,52,0,0.7533,,8,0,2,0,0.0,0
0.3053,44,0,0.1164,4297.0,5,0,1,0,0.0,0
0.238,68,0,0.7633,,2,0,1,0,2.0,0
0.67,35,0,0.3342,4464.0,6,0,2,0,1.0,0
0.5617,42,0,0.4488,8315.0,8,0,0,0,1.0,0
0.0422,49,0,0.646,2083.0,9,0,1,0,0.0,0
1.2166,44,0,0.6355,9947.0,7,0,1,0,0.0,0
0.4353,60,0,0.7163,2639.0,7,0,4,0,2.0,0
2.8094,58,0,0.3287,3855.0,11,0,1,0,3.0,0
0.0413,67,0,0.5625,,5,0,2,0,0.0,0
0.0483,59,0,0.7682,5352.0,10,0,1,0,0.0,0
0.0279,50,0,0.7135,,7,0,0,0,,0
0.1072,47,0,0.4998,4297.0,6,0,0,0,0.0,0
6.2138,58,0,0.2333,8470.0,11,0,1,0,1.0,0
3.7524,49,3,0.3134,4014.0,13,1,1,0,0.0,0
0.1689,53,0,0.5523,6483.0,6,0,2,0,1.0,0
1.091,59,0,0.7115,4926.0,7,0,2,0,0.0,0
2.551,54,2,0.389,4974.0,10,0,1,2,1.0,0
0.4254,56,0,0.4209,10654.0,5,0,1,0,0.0,0
2.9677,41,0,0.5146,6569.0,9,0,0,0,0.0,0
0.0385,71,0,0.6615,8194.0,9,0,0,0,0.0,0
0.8156,37,0,0.3795,2315.0,4,0,0,0,1.0,0
0.6648,58,0,0.3646,5300.0,10,0,2,0,1.0,0
0.0853,45,0,0.5123,,5,0,1,0,1.0,0
0.4789,67,0,0.6165,3097.0,11,0,0,0,,0
0.9157,64,0,0.3385,14144.0,4,0,1,0,0.0,0
4.3066,52,0,0.1507,7115.0,7,0,0,0,2.0,0
9.3821,74,0,0.2497,6415.0,16,0,0,0,0.0,0
6.7154,49,0,0.3204,8187.0,4,0,1,0,1.0,0
0.4042,64,0,0.5578,5657.0,8,0,1,0,0.0,0
0.5568,42,0,0.5256,6996.0,9,0,1,0,0.0,0
0.5148,58,0,0.6059,9771.0,4,0,2,0,1.0,0
0.2077,39,0,0.4747,,6,0,1,0,0.0,0
0.857,52,0,0.2038,4899.0,3,0,2,0,0.0,0
0.0403,51,0,0.4851,4727.0,6,0,2,0,1.0,0
0.079,64,0,0.4692,11740.0,12,0,0,0,0.0,0
1.8186,43,0,0.1852,3871.0,6,0,2,0,0.0,0
0.0079,95,0,0.3763,6526.0,10,0,0,0,1.0,1
0.2997,33,0,0.5278,1496.0,12,0,2,0,1.0,0
0.1258,55,0,0.8551,3297.0,12,0,2,0,1.0,0
0.7652,56,0,0.3789,4249.0,12,0,0,0,0.0,0
0.0736,60,0,0.2601,6976.0,5,0,0,0,0.0,0
0.4457,45,0,0.8207,,12,0,2,0,1.0,0
0.2164,55,0,0.0912,,15,0,1,0,0.0,0
0.0671,44,0,0.5212,14478.0,7,0,2,0,0.0,0
1.6076,78,0,0.1689,5848.0,3,0,0,0,2.0,0
0.0722,43,0,0.5883,5535.0,7,0,0,0,1.0,0
0.2637,50,0,0.1437,1707.0,4,0,0,0,1.0,0
0.3746,43,0,0.1813,3229.0,10,0,0,0,0.0,0
0.039,41,0,0.0759,6739.0,8,0,0,0,1.0,0
0.5153,32,0,0.8982,6578.0,11,0,0,0,1.0,0
0.1847,61,0,0.6329,8126.0,7,0,2,0,0.0,0
0.3519,43,1,0.3466,3746.0,7,0,1,0,1.0,0
0.0844,41,0,0.5246,3970.0,9,0,0,0,0.0,0
0.0628,39,0,0.1739,4771.0,13,0,2,0,0.0,0
0.4363,56,0,0.9139,,10,0,1,0,2.0,0
0.2874,52,0,0.4816,9268.0,8,0,0,0,0.0,0
0.2256,52,0,0.3847,4727.0,8,0,0,0,1.0,0
0.3705,41,0,0.3383,8551.0,8,0,0,0,1.0,0
0.3418,58,0,0.7388,4249.0,6,0,3,0,3.0,0
0.3058,43,0,0.576,5434.0,4,0,0,0,2.0,0
0.307,53,0,0.3537,,7,0,0,0,1.0,0
0.5247,50,0,0.2377,1973.0,8,0,0,0,0.0,1
0.3972,28,0,0.6941,6433.0,5,0,0,1,0.0,0
0.8045,80,0,0.2294,3412.0,16,0,3,0,3.0,0
0.7189,60,0,0.257,3744.0,11,0,0,0,1.0,0
0.1373,55,0,0.6192,6525.0,10,0,1,0,0.0,0
0.0181,57,0,0.6699,5306.0,6,0,0,0,1.0,0
9.7241,81,1,0.3224,14623.0,11,0,0,0,2.0,0
0.5857,68,0,0.6223,4247.0,5,0,0,0,2.0,1
0.7341,57,0,0.41,6840.0,8,0,0,0,0.0,0
0.0919,42,0,0.5563,1697.0,7,0,1,0,1.0,0
0.2935,44,0,0.5854,,12,0,0,0,0.0,0
0.4977,27,0,0.2998,5653.0,8,0,1,0,0.0,0
0.3847,47,0,0.4061,8759.0,5,0,3,0,1.0,0
0.1244,61,0,0.4341,5292.0,10,0,1,0,3.0,0
0.2256,61,0,0.7754,1443.0,10,0,1,0,0.0,0
0.0163,61,0,0.2359,11841.0,10,0,1,0,0.0,0
0.0039,45,0,0.1644,2502.0,10,0,1,0,1.0,0
0.2199,60,0,0.3306,4858.0,9,0,2,0,0.0,0
0.8663,64,2,0.4655,6415.0,7,1,0,0,0.0,0
2.7869,21,0,0.8362,4321.0,13,0,1,0,1.0,0
0.0225,56,0,0.7539,25255.0,7,0,1,0,1.0,0
0.0372,81,1,0.7351,,5,0,0,0,1.0,0
0.0602,48,0,0.0212,4348.0,11,0,0,0,0.0,0
0.4576,21,0,0.4865,2231.0,6,0,1,0,,1
0.6121,41,0,0.5335,3459.0,9,0,1,0,0.0,1
0.0586,27,0,0.3222,4239.0,7,0,2,0,1.0,0
0.7867,43,0,0.9206,2942.0,8,0,1,0,1.0,0
0.5206,35,0,0.3104,7474.0,10,0,0,0,1.0,0
0.7102,65,0,0.3758,20361.0,7,0,0,0,1.0,0
0.8319,63,0,0.4194,7354.0,5,0,0,0,0.0,0
1.6038,57,0,0.851,2054.0,7,0,0,0,0.0,0
0.4177,69,0,0.0411,5361.0,9,0,1,0,1.0,0
0.3974,44,0,0.4413,,7,0,0,0,1.0,0
0.1705,53,0,0.5558,4000.0,9,0,2,0,1.0,0
0.2007,83,0,0.0603,,4,0,0,0,0.0,0
0.3288,60,0,0.3773,,8,0,1,0,2.0,0
1.4142,60,0,0.7309,1532.0,11,0,2,0,1.0,0
0.0834,41,0,0.6644,3551.0,15,0,1,0,0.0,0
0.0448,46,0,0.8142,5046.0,6,0,2,0,0.0,0
0.3938,38,0,1.2787,11927.0,10,0,1,0,1.0,0
0.4767,76,0,0.2612,3613.0,3,0,0,0,1.0,0
3.1315,30,0,0.2638,1762.0,9,0,1,0,0.0,0
0.3168,65,0,0.6776,1949.0,10,0,1,0,1.0,0
0.2911,60,0,0.6127,,13,0,1,0,0.0,0
0.1479,30,0,0.6088,8137.0,8,0,0,0,1.0,0
0.3933,68,1,0.106,,15,0,0,1,3.0,0
0.0515,48,0,0.2209,3653.0,7,0,3,0,1.0,0
0.6605,34,0,0.5917,5310.0,7,0,1,0,0.0,1
0.2543,57,0,0.3419,,6,0,2,0,1.0,0
0.9123,40,0,0.7133,3444.0,8,0,1,0,1.0,0
0.2699,49,0,0.8236,2915.0,7,0,2,0,0.0,0
0.1977,45,0,0.5865,3445.0,9,0,1,0,2.0,0
0.2569,40,0,0.474,5711.0,7,0,2,0,0.0,0
0.1305,35,0,0.3535,8682.0,10,0,1,0,0.0,0
0.0476,63,0,0.1247,,6,0,1,0,2.0,0
0.41,57,0,0.406,4782.0,5,0,1,0,0.0,0
0.1474,56,0,0.6155,9493.0,7,0,0,0,1.0,0
0.5436,47,0,1.2079,8448.0,5,0,1,0,0.0,0
0.8471,53,0,0.4604,3199.0,2,0,2,0,1.0,0
0.5636,42,0,1.1321,5590.0,8,1,1,0,2.0,0
0.2804,41,0,0.179,4650.0,6,0,1,0,1.0,0
0.0749,76,0,0.1706,11029.0,7,0,1,0,0.0,0
0.1811,64,0,0.2301,,12,0,2,0,2.0,0
0.7592,44,0,0.4366,4029.0,7,0,1,0,1.0,0
0.042,31,0,0.8905,2343.0,3,0,0,0,2.0,0
0.0661,28,0,0.6151,4173.0,7,0,2,0,0.0,0
1.4831,43,0,0.6888,,7,0,0,0,1.0,0
0.2304,54,0,0.8386,6802.0,12,0,1,0,0.0,0
0.3191,54,0,0.3245,,10,0,0,0,3.0,0
0.8633,54,0,0.3923,9242.0,5,0,1,0,0.0,0
0.0806,57,0,0.2831,10616.0,10,0,0,0,0.0,0
0.1585,37,0,0.2976,,9,0,2,0,0.0,0
0.4906,73,0,0.191,2282.0,6,0,0,0,0.0,1
0.4378,49,0,0.4084,1979.0,11,0,0,0,1.0,0
0.3683,56,0,0.091,5449.0,12,0,0,0,0.0,0
0.3726,43,0,0.6592,6279.0,4,0,1,0,0.0,0
0.2098,56,0,0.5081,2313.0,4,0,1,0,1.0,0
7.5905,81,0,0.4352,4670.0,8,0,5,0,0.0,0
2.5886,38,0,0.143,9116.0,5,0,1,0,0.0,0
0.5821,36,0,0.9336,3638.0,12,0,2,0,2.0,0
6.5064,40,0,0.3102,25629.0,11,0,0,0,1.0,0
3.1611,47,0,0.6737,10233.0,6,0,1,0,0.0,0
2.4764,45,2,0.5405,5214.0,6,3,1,1,1.0,0
0.0118,37,0,0.1789,13774.0,16,0,0,0,0.0,0
0.2861,51,0,0.3468,,7,0,0,0,0.0,0
0.5962,74,0,0.3003,4796.0,5,0,1,0,,0
0.3066,50,0,0.4552,6786.0,10,0,0,0,1.0,0
0.3208,51,0,0.455,,8,0,2,0,0.0,0
0.1064,57,0,0.4272,3605.0,9,0,1,0,0.0,0
0.1338,61,0,0.2699,6216.0,7,0,0,0,1.0,0
0.2397,71,0,0.2801,,9,0,2,0,1.0,0
0.4884,55,0,0.6276,,8,0,2,0,1.0,0
0.0955,52,0,0.198,17578.0,6,0,1,0,2.0,0
0.3279,38,0,0.4387,16733.0,13,0,1,0,0.0,0
0.7048,62,0,0.2211,4504.0,7,0,1,0,2.0,0
0.0123,40,0,0.2077,8724.0,10,0,1,0,1.0,0
0.4694,40,0,0.7667,5201.0,9,0,0,0,0.0,0
0.2539,55,0,0.4935,4531.0,7,0,1,0,0.0,0
0.4862,74,0,0.6777,3691.0,7,0,0,0,0.0,1
0.1444,62,0,0.4991,5896.0,3,0,1,0,2.0,0
0.1556,51,0,0.4972,19044.0,8,0,0,0,1.0,0
0.4016,38,0,0.5146,4167.0,7,0,2,0,0.0,0
0.3113,73,0,0.7665,2384.0,5,0,1,0,0.0,0
0.2158,51,1,0.2519,16532.0,4,3,4,1,0.0,0
0.9578,48,0,1.1066,,2,0,1,0,0.0,0
0.3675,60,0,0.5193,4038.0,3,0,1,0,2.0,0
0.2769,46,2,0.0637,5842.0,6,0,4,0,0.0,0
0.2527,41,0,0.4483,,6,0,1,0,,0
0.1051,43,0,0.6157,12597.0,9,0,2,0,1.0,0
1.2529,43,0,0.1433,9309.0,6,0,1,0,0.0,0
0.714,36,0,0.3462,6920.0,5,0,0,0,1.0,0
0.1966,35,0,0.2067,10598.0,11,0,0,0,0.0,0
0.2466,66,0,0.0552,,10,0,0,0,2.0,0
0.2344,61,0,0.1677,5072.0,7,0,1,0,0.0,0
0.5484,40,0,0.3381,,7,0,1,0,0.0,0
1.255,64,1,0.3751,2160.0,5,0,2,0,1.0,0
0.1635,56,0,0.9214,13728.0,7,0,1,0,2.0,0
0.5566,47,0,0.5066,9982.0,11,0,1,0,1.0,0
0.4343,35,0,0.3201,4816.0,4,0,1,0,1.0,0
0.4676,57,1,1.6612,10604.0,8,0,1,0,0.0,0
0.1764,78,0,0.2585,6322.0,7,0,2,0,1.0,0
0.349,52,0,0.1721,5836.0,9,0,2,0,0.0,0
0.0692,66,0,0.3303,10112.0,10,0,1,0,0.0,0
1.6322,49,0,0.1425,3944.0,10,0,0,0,1.0,0
0.2688,65,0,0.2625,,11,0,2,0,1.0,0
0.3977,50,0,0.4499,7432.0,8,0,1,0,0.0,0
0.1106,21,0,0.2804,7782.0,6,0,1,0,0.0,0
0.1758,42,0,0.3765,,11,0,1,0,0.0,0
0.2542,54,0,0.4899,4961.0,11,0,1,0,,0
0.6864,67,0,0.9456,4534.0,6,0,1,0,1.0,0
0.5935,50,0,0.5928,4361.0,10,0,1,0,0.0,0
0.7314,52,0,0.6339,4843.0,10,0,2,0,1.0,1
0.2854,44,0,0.3338,,9,0,1,0,1.0,0
0.2386,74,0,0.6046,9213.0,6,0,0,0,0.0,0
0.3407,73,0,0.5791,6292.0,5,0,0,0,0.0,0
0.4992,43,0,0.2807,,7,0,0,0,0.0,0
0.0918,31,0,1.1449,,8,0,1,0,3.0,0
0.2364,27,0,0.6157,3511.0,9,0,0,0,1.0,0
0.0834,60,0,0.0646,4761.0,9,0,1,0,2.0,0
5.8252,54,0,0.6442,3528.0,7,0,1,0,0.0,0
0.2709,41,0,0.3388,4913.0,12,0,1,0,0.0,0
0.262,56,0,0.0534,2514.0,8,0,3,0,1.0,0
0.062,35,0,0.651,9908.0,10,0,3,0,0.0,0
0.4481,63,0,0.3788,,6,0,2,0,3.0,0
3.612,47,0,0.7828,,8,0,1,0,1.0,0
0.0849,37,0,0.2791,6060.0,10,0,1,0,1.0,0
0.2097,47,0,0.3703,3987.0,7,0,3,0,0.0,0
0.2418,46,0,0.6306,5572.0,8,0,1,0,1.0,0
1.254,57,0,0.4659,3943.0,11,0,2,0,1.0,0
0.7123,68,0,0.518,5293.0,5,0,2,0,0.0,0
0.2252,68,1,0.2937,,8,0,2,0,2.0,0
0.4994,54,0,0.4245,14138.0,5,0,0,0,2.0,0
0.123,49,0,0.2229,,2,0,1,0,1.0,0
0.9615,44,0,0.4806,1302.0,9,0,3,0,0.0,0
0.4571,27,0,0.6789,5791.0,8,0,0,0,0.0,0
0.0327,52,0,0.1483,8167.0,4,0,0,0,3.0,0
0.6375,40,0,0.9062,8737.0,11,0,1,0,1.0,0
0.3385,69,0,0.3707,3419.0,12,0,4,0,2.0,0
4.1031,49,0,0.3471,3620.0,9,0,1,0,1.0,0
0.714,62,0,0.913,12231.0,8,0,0,0,1.0,0
0.0452,45,0,0.0281,10075.0,7,0,0,0,0.0,1
0.3854,43,0,0.2126,5583.0,8,0,1,0,2.0,0
0.5108,60,0,0.6503,,9,0,0,0,0.0,0
0.2173,56,0,0.2739,1727.0,13,0,1,0,0.0,0
0.6717,57,0,0.0234,3429.0,8,0,1,0,3.0,0
1.3828,51,0,0.2909,5286.0,7,0,1,0,,0
0.6067,63,0,0.5441,5032.0,5,0,1,0,1.0,0
1.0236,61,0,0.9912,5518.0,10,0,0,0,2.0,0
0.4943,22,0,0.8653,6623.0,10,0,0,0,0.0,0
0.2356,48,0,0.6674,6275.0,10,0,1,0,0.0,0
0.5812,66,0,0.4389,7553.0,10,0,1,0,3.0,0
0.3321,38,0,0.1507,1423.0,12,0,1,0,1.0,0
0.655,28,0,0.3896,6436.0,8,0,0,0,3.0,0
0.7709,50,0,0.4915,3960.0,4,0,0,0,0.0,1
0.0988,59,0,0.6799,5510.0,4,0,1,0,0.0,0
0.0434,46,0,0.6057,7189.0,11,0,3,0,2.0,0
0.6279,70,0,0.7152,6727.0,2,0,1,0,0.0,0
0.4822,78,0,0.3709,9901.0,12,0,1,0,1.0,0
0.0747,25,2,0.146,,5,0,0,0,0.0,0
0.1974,47,0,0.3575,7125.0,8,0,0,0,1.0,0
0.0016,21,0,0.1691,8311.0,6,0,0,0,4.0,0
0.6028,61,0,0.5374,3458.0,8,0,3,0,0.0,0
1.5255,42,0,0.6013,10442.0,11,0,0,0,0.0,0
0.8233,45,0,0.6112,2631.0,7,0,0,0,0.0,0
0.6592,68,0,0.6106,8288.0,10,0,0,0,0.0,0
0.5129,33,0,0.6833,,7,0,1,0,0.0,0
0.5631,30,0,0.3594,,14,0,0,0,0.0,0
0.2881,21,0,0.3773,6298.0,7,0,1,0,0.0,0
0.1688,70,0,1.2089,9667.0,8,0,3,0,1.0,0
2.5062,67,0,0.3393,6376.0,7,0,2,0,1.0,0
0.5256,48,0,0.4999,4381.0,6,0,1,0,0.0,0
5.0044,34,0,0.2623,,8,0,2,0,0.0,0
0.4336,64,0,0.4201,7666.0,6,0,0,0,0.0,0
0.283,91,0,0.6442,4497.0,5,0,1,0,1.0,0
1.6893,49,0,0.7845,13203.0,5,0,1,0,0.0,0
0.7209,35,0,0.7446,,5,0,0,0,0.0,0
0.0536,69,0,1.2146,3260.0,9,0,0,0,2.0,0
0.485,36,0,0.379,5366.0,5,0,0,0,1.0,0
0.2777,47,0,0.0879,4516.0,6,0,2,0,0.0,0
0.1635,21,0,0.6469,6609.0,9,0,0,0,0.0,0
1.3463,48,0,0.251,3689.0,7,0,0,0,1.0,0
5.8442,34,0,0.0957,5276.0,9,0,2,0,1.0,0
0.4795,70,0,0.37,,13,0,0,0,1.0,0
0.5239,38,0,0.8008,2337.0,6,0,2,0,1.0,0
0.1091,63,0,1.0738,10531.0,15,0,0,0,0.0,0
1.5157,51,0,0.1964,10402.0,10,0,1,0,0.0,0
9.64,54,0,0.4985,5316.0,12,0,1,0,1.0,0
0.1382,59,0,0.6101,6787.0,8,0,1,0,0.0,0
1.373,51,0,0.6896,7041.0,14,1,1,0,2.0,0
0.2738,43,0,0.0945,4391.0,8,0,1,0,0.0,0
0.4543,41,0,0.1728,4592.0,14,0,1,0,0.0,0
8.8885,59,0,0.7412,13621.0,7,0,4,0,1.0,0
2.268,25,0,1.4183,7586.0,6,0,3,0,0.0,0
0.3341,75,0,0.0941,3884.0,12,0,1,0,2.0,0
0.2499,54,0,0.1315,12977.0,9,0,2,0,1.0,1
0.2144,47,0,0.6602,12112.0,8,0,0,0,0.0,0
0.0264,56,0,0.4803,8590.0,6,0,1,0,1.0,0
0.2556,44,0,0.5553,4266.0,8,0,1,0,0.0,0
0.703,50,0,0.3815,,4,0,1,0,0.0,0
0.453,36,0,0.2685,4163.0,2,0,2,0,0.0,0
1.7549,57,0,0.6865,4900.0,12,0,0,0,0.0,1
0.1063,51,0,0.6266,5472.0,6,0,0,0,0.0,0
0.7164,55,0,0.3079,8676.0,11,0,2,0,1.0,0
0.473,73,0,0.639,5716.0,5,0,0,0,1.0,0
0.2912,41,0,0.8433,3472.0,6,0,2,0,1.0,0
0.6363,50,0,0.1209,5690.0,6,0,1,0,0.0,0
1.8387,29,0,0.3298,,10,0,2,0,2.0,0
0.5757,60,0,0.6792,16635.0,11,0,0,0,,0
0.1679,52,0,0.3674,,11,0,0,0,0.0,0
0.0,52,0,0.6679,8334.0,4,0,1,0,0.0,0
0.4128,50,0,1.0117,8952.0,8,0,1,0,0.0,0
1.1769,44,0,0.3467,7558.0,8,0,0,0,3.0,0
0.1037,87,0,0.2856,,14,0,2,0,1.0,0
1.6849,53,0,0.2657,3680.0,6,0,2,0,0.0,0
0.5793,56,0,0.6737,7190.0,9,0,0,0,0.0,0
0.078,36,0,1.1728,7054.0,9,0,2,0,3.0,0
0.1925,64,0,0.7272,,6,0,2,0,0.0,0
2.4348,50,0,0.341,1956.0,6,0,0,0,1.0,0
0.2349,58,0,0.7692,2868.0,14,0,0,0,0.0,0
1.7122,65,0,0.1844,15023.0,6,0,0,0,0.0,0
0.9772,51,2,0.3554,1415.0,13,0,0,0,0.0,0
0.3861,43,0,0.4498,8880.0,8,0,1,0,0.0,0
0.6509,21,0,1.1087,1784.0,3,0,0,0,0.0,1
0.2548,47,0,0.7569,4417.0,9,0,2,0,1.0,1
0.251,42,0,0.4596,1748.0,6,0,0,0,0.0,0
0.381,36,0,0.4882,1236.0,6,0,3,0,1.0,0
0.5597,72,0,0.9612,,7,0,1,0,2.0,1
0.2983,66,0,0.7145,7821.0,9,0,2,0,0.0,0
0.2772,26,0,0.1405,4333.0,5,0,1,0,2.0,0
0.3347,54,0,0.1118,18101.0,4,0,0,0,1.0,0
0.0178,41,0,0.536,1643.0,10,0,2,0,1.0,0
0.5639,57,0,0.0404,4766.0,10,0,3,0,0.0,1
0.4123,41,0,0.331,,5,0,1,0,0.0,0
0.837,44,0,0.733,,12,0,1,0,3.0,0
0.5052,65,0,0.3954,21705.0,10,0,1,0,1.0,0
0.174,63,0,0.3714,9438.0,6,0,1,0,0.0,0
0.0168,73,0,1.1854,8888.0,8,0,0,0,0.0,0
0.3905,49,0,0.8458,5687.0,14,0,2,0,1.0,0
0.1013,32,0,0.2276,4569.0,6,0,2,0,0.0,0
0.5515,65,0,0.4177,,9,0,0,0,3.0,0
9.471,65,0,0.1001,6319.0,7,0,3,0,3.0,0
0.9635,61,0,0.6588,5521.0,6,0,2,0,0.0,0
0.6608,42,0,0.6045,,14,0,0,0,1.0,0
0.8572,37,0,0.3165,2498.0,8,0,1,0,0.0,0
0.2201,60,0,0.6219,5297.0,11,0,2,0,1.0,0
0.0863,40,0,1.0128,2744.0,6,0,2,0,0.0,0
0.1895,48,2,0.4297,8339.0,8,1,1,1,1.0,0
0.3709,93,0,0.5321,,7,0,1,0,0.0,0
0.5614,82,0,0.2862,10610.0,14,0,1,0,0.0,0
0.3741,63,0,0.8243,6803.0,9,0,1,0,0.0,0
0.1461,43,0,0.2017,9685.0,7,0,1,0,1.0,0
0.7921,42,0,0.6296,4394.0,8,0,2,0,0.0,0
0.2041,62,0,0.8545,10804.0,11,0,0,0,1.0,0
0.202,73,0,0.4102,6057.0,6,0,1,0,0.0,0
3.3447,45,1,0.4288,,6,0,0,0,1.0,0
0.2381,46,0,0.9477,3729.0,7,0,1,0,2.0,0
0.1685,53,0,0.2113,7177.0,7,0,0,0,0.0,0
1.6837,33,0,0.3569,4435.0,13,0,1,0,1.0,0
0.1248,33,0,0.4509,4009.0,9,0,1,0,2.0,0
3.0414,36,0,0.933,2759.0,15,0,4,0,0.0,0
0.2102,60,0,0.9738,8647.0,5,0,2,0,1.0,0
2.994,56,0,0.4921,3205.0,8,0,1,0,1.0,0
0.4578,68,0,0.5305,4108.0,8,0,3,0,0.0,0
0.5504,28,0,0.5453,4600.0,9,0,1,0,0.0,1
0.2014,31,0,0.1043,,7,0,0,0,,0
0.545,58,0,0.4086,3818.0,3,0,1,0,1.0,0
2.7186,40,0,0.3875,3223.0,8,0,1,0,1.0,0
0.1616,41,0,0.4905,7780.0,10,0,0,0,2.0,0
0.9839,66,0,0.0416,5252.0,12,0,0,0,0.0,0
0.1648,44,0,0.5723,2187.0,13,0,1,0,1.0,0
1.4869,46,1,0.6351,9339.0,11,0,1,1,2.0,0
0.9509,48,0,0.5448,6256.0,5,0,2,0,3.0,0
0.7253,49,0,0.3638,8606.0,9,0,0,0,2.0,0
5.2147,62,0,0.2219,5293.0,9,0,1,0,1.0,0
0.7301,35,0,0.2095,11048.0,10,0,2,0,0.0,0
0.417,49,0,0.2495,5883.0,10,0,1,0,0.0,0
0.2675,68,0,0.4761,5543.0,7,0,0,0,,0
0.2502,82,3,0.8589,8377.0,5,0,1,0,2.0,0
0.2633,33,0,0.1663,7902.0,7,0,1,0,1.0,0
0.8546,57,0,0.7836,2495.0,6,0,0,0,0.0,0
0.4105,49,0,0.1267,3816.0,2,0,0,0,1.0,0
0.1462,51,0,0.1617,6637.0,9,0,0,0,0.0,0
0.1681,41,0,0.5895,4709.0,8,0,3,0,1.0,0
0.1606,63,0,0.2341,4462.0,6,0,1,0,,0
0.5494,62,0,0.4286,3208.0,11,0,0,0,1.0,0
0.4405,87,0,0.3206,1947.0,5,0,0,0,0.0,0
0.5017,34,0,0.1574,7874.0,11,0,1,0,0.0,0
0.0149,28,0,0.7148,3067.0,10,0,1,0,0.0,0
0.036,81,0,0.5609,3721.0,9,0,4,0,1.0,0
1.9807,51,0,0.2873,,9,0,3,0,1.0,0
1.0392,46,0,0.3277,,6,0,1,0,0.0,0
0.1016,55,0,0.508,,3,0,1,0,0.0,0
0.4366,32,0,0.1862,,5,0,0,0,2.0,0
0.1296,57,0,0.6792,,4,0,1,0,1.0,0
0.2654,51,0,0.2801,2524.0,10,0,1,0,3.0,0
0.5736,67,0,0.2347,11155.0,9,0,1,0,1.0,0
2.5847,64,0,0.1318,2394.0,7,0,0,0,1.0,1
0.3353,65,0,0.8537,4655.0,7,0,0,0,0.0,0
0.5203,55,0,0.4155,5696.0,9,0,1,0,3.0,0
0.2605,74,0,0.3145,3989.0,6,0,1,0,0.0,0
2.937,60,0,0.0609,17810.0,6,0,1,0,0.0,0
0.6571,45,0,0.6936,,9,0,0,0,2.0,1
4.6191,41,2,0.6289,21047.0,4,0,1,0,,0
0.3233,42,0,0.2683,6919.0,3,0,1,0,3.0,0
1.7379,60,0,0.5324,,7,0,1,0,2.0,1
0.4782,33,0,0.1712,,4,0,2,0,1.0,0
0.3092,54,0,0.5793,3115.0,3,0,3,0,1.0,0
6.9879,40,2,0.5409,4334.0,7,0,0,0,3.0,0
2.9903,34,0,0.723,4734.0,7,0,1,0,1.0,0
0.7073,37,0,0.5932,4552.0,10,0,0,0,2.0,0
1.9343,52,0,0.3272,12351.0,10,0,1,0,1.0,0
0.9847,63,0,0.2697,13518.0,8,0,1,0,1.0,0
0.1849,43,0,0.854,4370.0,4,0,1,0,1.0,0
0.064,23,0,0.3841,1270.0,12,0,2,0,1.0,0
0.6469,95,0,0.8084,26131.0,8,0,1,0,0.0,0
0.3237,68,0,0.086,,4,0,1,0,0.0,0
0.1949,65,0,0.1626,5210.0,5,0,1,0,0.0,0
0.1274,75,0,0.6598,7211.0,10,0,0,0,1.0,0
0.0461,53,0,0.2802,6624.0,8,0,0,0,1.0,0
0.1361,50,0,0.3629,7305.0,9,0,1,0,1.0,0
0.3644,71,0,0.4489,4226.0,13,0,1,0,0.0,0
0.4371,71,0,0.2186,11413.0,4,0,1,0,0.0,1
0.4493,61,0,0.6679,2801.0,6,0,0,0,0.0,0
0.0333,64,0,0.4667,2447.0,7,0,2,0,1.0,0
0.5086,35,0,0.5996,2290.0,12,0,0,0,2.0,0
0.2215,48,0,0.2694,20716.0,6,0,1,0,0.0,0
1.5626,76,0,0.6593,9963.0,14,0,2,0,1.0,0
0.5456,63,0,0.9781,,8,0,0,0,1.0,0
0.9064,32,0,0.2328,,9,0,1,0,0.0,0
1.5686,45,0,0.4759,6469.0,7,0,1,0,1.0,0
1.6573,74,0,0.4965,2567.0,11,0,0,0,1.0,1
0.0076,58,0,0.1576,9932.0,4,0,1,0,0.0,0
0.2339,55,0,0.4609,7697.0,7,0,2,0,0.0,0
1.9057,55,1,0.3585,,8,0,1,0,1.0,0
0.0672,51,2,0.61,13162.0,11,0,0,0,0.0,0
0.6333,45,0,0.4431,,7,0,1,0,2.0,0
0.1354,40,0,0.7978,4128.0,6,0,2,0,0.0,0
0.2678,66,0,0.4921,2128.0,8,0,1,0,0.0,0
0.306,55,0,0.1898,2408.0,5,0,0,0,0.0,0
0.2285,62,0,0.7799,4173.0,12,0,0,0,0.0,0
0.0768,60,0,0.1985,16409.0,9,0,1,0,0.0,0
0.5653,72,0,0.4107,,13,0,2,0,4.0,0
0.4509,58,0,0.4961,5731.0,7,0,0,0,0.0,0
0.1373,64,0,0.0152,6664.0,5,0,2,0,0.0,0
0.914,54,0,0.2935,,3,0,2,0,0.0,0
0.5685,39,0,0.6096,6937.0,9,0,1,0,0.0,0
0.8852,49,0,0.8287,4767.0,7,0,1,0,1.0,0
0.6281,60,0,0.422,5821.0,13,0,2,0,0.0,0
0.2876,61,0,0.5356,2791.0,2,0,0,0,,0
0.7935,72,0,0.9205,10753.0,4,0,0,0,2.0,0
0.5737,46,0,0.3536,6074.0,9,0,0,0,2.0,0
0.1751,55,0,0.227,4811.0,9,0,1,0,1.0,0
0.0904,50,1,0.3926,1775.0,9,0,1,2,,0
5.3992,75,0,0.0482,7805.0,7,0,0,0,0.0,0
0.3293,57,1,0.2974,8356.0,6,0,2,0,0.0,0
0.0551,58,0,1.0417,4075.0,6,0,1,0,1.0,0
0.1398,52,0,0.0478,4003.0,13,0,0,0,0.0,0
0.1255,49,0,0.0882,,8,0,1,0,0.0,0
0.6122,32,0,0.5557,,8,0,2,0,2.0,0
0.6864,34,0,0.1923,4963.0,7,0,0,0,1.0,0
0.5266,55,0,0.6611,8593.0,6,0,0,0,1.0,0
1.1225,53,0,0.509,,7,0,1,0,0.0,0
0.4082,55,0,1.1179,,3,0,0,0,0.0,0
0.2798,65,0,0.0449,13051.0,4,0,1,0,0.0,0
4.0364,53,0,0.3441,6187.0,4,0,2,0,0.0,0
0.6761,47,0,0.2083,,6,0,2,0,2.0,0
0.2436,49,0,0.2225,6630.0,4,0,0,0,,0
0.4475,55,0,0.4137,2312.0,10,0,1,0,0.0,0
0.5125,47,0,0.4628,2960.0,9,0,1,0,0.0,0
0.1152,67,0,0.4857,,8,0,0,0,0.0,1
0.4902,52,0,0.4826,,9,0,1,0,0.0,0
0.455,56,0,0.6151,9814.0,6,0,1,0,0.0,0
0.0252,41,0,0.6895,4422.0,9,0,1,0,0.0,0
0.5456,67,0,0.4284,3662.0,8,0,1,0,1.0,0
0.1749,72,0,0.4915,6071.0,12,0,0,0,0.0,0
0.1317,33,0,0.4703,1354.0,7,0,1,0,2.0,0
0.1765,58,0,0.8578,3391.0,7,0,1,0,0.0,0
0.608,50,0,0.8266,,9,0,1,0,0.0,0
0.4413,56,0,0.3172,,7,0,1,0,1.0,0
0.9661,58,0,0.208,,9,0,0,0,2.0,1
0.8416,21,1,0.1813,5845.0,7,0,3,1,1.0,0
0.8652,63,0,0.6886,2854.0,14,0,2,0,0.0,0
0.2806,68,0,0.9702,13910.0,9,0,0,0,0.0,0
1.6538,69,0,0.6962,7941.0,5,0,1,0,0.0,0
0.1286,39,0,0.3251,4918.0,8,0,1,0,0.0,0
0.0843,52,0,0.1658,4713.0,13,0,0,0,0.0,0
0.0197,44,0,0.23,3574.0,4,0,1,0,1.0,0
0.2084,25,0,0.1386,2461.0,5,0,0,0,0.0,0
0.3676,43,0,1.3643,4091.0,6,0,4,0,0.0,0
1.0019,37,0,0.3629,4557.0,8,0,2,0,0.0,0
1.8338,57,0,0.1037,3099.0,10,0,0,0,0.0,0
1.8896,29,0,0.1329,8187.0,7,0,3,0,1.0,1
0.1599,38,0,0.2569,4545.0,7,0,0,0,1.0,0
0.9215,45,0,0.7765,2311.0,7,0,0,0,1.0,0
3.5176,63,0,0.0336,1763.0,2,0,1,0,0.0,1
0.4792,91,0,0.4872,,11,0,0,0,0.0,0
0.1776,56,3,0.2742,6112.0,11,0,4,0,1.0,0
0.8228,38,0,0.2843,,9,0,0,0,,0
0.6284,42,0,0.6267,3012.0,8,0,2,0,2.0,0
0.0687,61,0,0.1539,6906.0,8,0,2,0,2.0,0
0.6991,33,0,0.3131,9094.0,11,0,2,0,0.0,0
1.1213,67,0,0.4465,,10,0,0,0,0.0,0
0.0762,56,0,0.5819,4363.0,9,0,2,0,2.0,0
0.4954,50,0,0.4695,7960.0,7,0,1,0,0.0,0
0.4675,28,0,0.1199,5002.0,10,0,2,0,1.0,0
0.435,65,0,0.579,3607.0,4,0,2,0,0.0,0
0.1278,41,0,0.6303,7897.0,8,0,0,0,0.0,0
0.2642,54,0,0.3034,9976.0,5,0,2,0,1.0,0
0.5259,50,0,0.7035,2631.0,6,0,1,0,1.0,1
0.3796,30,0,0.5631,,4,0,1,0,2.0,0
0.0904,49,0,0.6046,2251.0,4,0,1,0,1.0,0
0.2613,35,0,0.6476,,7,0,0,0,0.0,0
0.2049,43,0,0.3716,6037.0,9,0,3,0,1.0,0
0.0982,58,0,0.3976,9530.0,6,0,1,0,1.0,0
0.2439,62,0,0.2619,9618.0,7,0,0,0,0.0,0
0.4143,52,0,0.0848,8688.0,9,0,0,0,1.0,0
0.7869,40,0,0.6774,4575.0,8,0,0,0,0.0,0
0.8362,43,0,0.5901,1061.0,10,0,0,0,3.0,0
0.3388,43,0,0.5499,10096.0,5,0,2,0,1.0,0
0.1469,22,0,0.2792,15561.0,7,0,0,0,2.0,0
0.5859,53,0,0.5493,8543.0,11,0,0,0,2.0,0
0.6211,29,0,0.2259,,10,0,0,0,2.0,0
0.7786,53,0,0.857,6443.0,11,0,0,0,,0
0.5951,32,0,1.0184,,7,0,1,0,1.0,1
0.5349,35,0,0.874,3154.0,11,0,0,0,1.0,0
0.2421,61,0,0.4641,3273.0,9,0,1,0,1.0,0
0.354,52,0,0.3883,7836.0,10,0,2,0,1.0,0
0.478,26,0,0.8721,2161.0,12,0,0,0,1.0,1
0.4452,44,0,0.2166,1987.0,14,0,1,0,1.0,0
0.5619,56,0,0.3198,2430.0,7,0,1,0,1.0,0
4.9958,43,0,0.7074,5716.0,4,0,2,0,1.0,0
2.4986,47,0,0.9665,894.0,9,0,1,0,0.0,1
0.1023,55,0,0.3384,8340.0,9,0,0,0,0.0,0
0.5299,53,0,0.6686,4653.0,10,0,0,0,2.0,0
0.1626,38,0,0.1844,,6,0,2,0,1.0,0
0.1412,52,0,0.2841,,7,0,0,0,1.0,0
0.4012,48,0,1.0428,9431.0,8,0,1,0,2.0,0
6.6503,76,0,0.4344,5636.0,7,0,3,0,1.0,0
1.2815,51,0,0.114,4122.0,9,0,1,0,0.0,0
0.6321,54,0,0.1397,4478.0,9,0,0,0,4.0,1
0.4692,56,0,0.2924,9792.0,7,0,0,0,0.0,0
0.3903,47,0,0.1049,6669.0,6,0,0,0,0.0,0
0.5159,42,0,0.1197,3714.0,3,0,2,0,1.0,0
0.1345,58,0,0.4921,,7,0,1,0,2.0,0
1.7576,59,0,0.2745,,7,0,3,0,0.0,1
5.297,81,0,0.4392,3324.0,12,0,0,0,0.0,0
0.3145,62,0,0.8256,12629.0,10,0,0,0,0.0,0
0.201,63,0,0.079,,11,0,1,0,0.0,0
0.3985,62,0,0.2639,6716.0,6,0,1,0,1.0,0
0.2271,42,0,0.3972,16326.0,6,0,0,0,2.0,0
0.3826,34,0,0.3366,5355.0,11,0,2,0,2.0,0
0.0045,38,0,0.4101,,11,0,0,0,2.0,0
0.504,62,0,0.6941,8379.0,8,0,1,0,0.0,0
0.211,72,0,0.1858,,7,0,1,0,1.0,0
0.4007,62,0,0.9519,,6,0,0,0,2.0,0
2.7671,50,2,0.6545,18410.0,9,0,2,0,1.0,0
1.9121,75,0,0.3974,5903.0,5,0,1,0,1.0,0
0.6029,46,0,0.7495,1838.0,7,0,1,0,2.0,0
0.276,36,0,0.1467,7255.0,5,0,0,0,0.0,0
0.3491,56,0,0.12,2968.0,7,0,0,0,1.0,0
2.5461,70,0,1.0247,4779.0,4,0,0,0,4.0,0
0.1247,40,0,0.2916,10767.0,5,0,0,0,1.0,0
0.4327,28,1,0.4554,3044.0,4,0,0,0,0.0,0
0.164,53,0,0.6424,,4,0,0,0,0.0,0
0.4561,63,0,1.0253,3013.0,7,0,1,0,0.0,0
2.1851,21,0,0.173,,3,0,1,0,0.0,0
1.7384,66,1,0.275,12884.0,6,0,2,0,3.0,0
0.5637,33,0,0.3837,8645.0,3,0,0,0,0.0,0
0.2586,62,0,0.9899,15445.0,4,0,0,0,1.0,0
0.547,24,0,0.9334,4160.0,6,0,2,0,3.0,0
0.4104,31,0,0.7927,7907.0,12,0,2,0,0.0,0
0.2252,61,0,0.1635,7061.0,7,0,1,0,2.0,0
0.432,69,0,1.1548,,7,0,2,0,0.0,1
0.1993,52,0,0.5809,3525.0,10,0,0,0,0.0,0
0.6,86,0,1.1707,17875.0,7,0,1,0,0.0,0
0.8029,38,1,0.6782,14232.0,5,0,1,1,0.0,0
0.0366,38,0,0.3545,,10,0,1,0,1.0,0
4.0162,48,0,0.1393,7418.0,12,0,0,0,0.0,0
0.7334,47,0,0.3615,4580.0,5,0,1,0,2.0,0
0.1979,56,0,0.2848,4700.0,10,0,1,0,0.0,0
0.7472,42,0,0.964,9543.0,11,0,4,0,0.0,0
0.2606,60,0,0.6605,6291.0,12,0,0,0,1.0,0
0.3983,60,0,0.3451,,8,0,2,0,1.0,0
0.354,75,0,0.8199,15827.0,9,0,0,0,2.0,0
0.8431,45,0,0.2696,2282.0,8,0,2,0,3.0,0
0.0123,57,0,0.2146,5298.0,5,0,0,0,1.0,0
0.4956,60,0,0.3158,5235.0,8,0,0,0,1.0,0
0.3299,52,0,0.2732,12669.0,7,0,2,0,1.0,0
0.6431,49,0,0.7522,4387.0,7,0,3,0,0.0,0
0.0941,23,0,0.3535,,12,0,0,0,0.0,0
0.0262,53,0,0.4237,2905.0,7,0,0,0,,0
1.0165,60,0,0.3744,,8,0,1,0,2.0,0
0.1881,51,0,0.3296,14265.0,8,0,2,0,1.0,0
0.5017,41,0,0.6031,15587.0,5,0,2,0,3.0,0
5.8991,28,0,0.4207,4455.0,6,0,2,0,2.0,0
0.2045,58,0,0.1097,,8,0,0,0,0.0,0
0.2857,52,0,0.5013,13127.0,7,0,1,0,2.0,0
0.4762,71,0,0.3607,9219.0,8,0,4,0,1.0,0
0.1018,32,0,0.804,,7,0,2,0,0.0,0
0.3428,45,0,0.2138,6456.0,12,0,0,0,1.0,0
0.0531,34,0,0.8078,4629.0,6,0,2,0,1.0,0
0.3247,66,0,0.9056,3936.0,7,0,0,0,1.0,0
1.7868,69,0,0.102,3362.0,9,0,2,0,1.0,0
0.2727,79,0,0.2989,4293.0,7,0,0,0,1.0,0
0.7963,59,0,0.5034,3110.0,10,0,0,0,1.0,0
0.1314,63,0,0.4669,3237.0,10,0,1,0,0.0,0
0.2712,58,0,0.5378,8464.0,6,0,1,0,0.0,0
2.8695,60,0,0.9112,4769.0,12,0,2,0,1.0,1
0.79,53,0,0.8989,1896.0,6,0,1,0,1.0,0
3.6676,61,0,1.1285,4632.0,6,0,2,0,2.0,0
0.2066,82,0,0.6387,2261.0,10,0,2,0,1.0,0
0.5924,55,0,0.4717,10695.0,9,0,3,0,0.0,0
0.4855,52,0,0.0643,571.0,11,0,2,0,2.0,0
0.0727,55,0,0.2943,4540.0,8,0,3,0,,0
0.0953,50,0,0.6928,4359.0,4,0,3,0,2.0,0
0.1219,55,0,0.3023,6445.0,9,0,0,0,1.0,0
0.6778,49,0,0.6838,,11,0,0,0,0.0,0
0.5023,68,0,0.1579,18720.0,6,0,1,0,0.0,0
0.4604,67,0,0.8258,8793.0,5,0,1,0,2.0,0
0.8632,82,1,0.3566,3228.0,5,0,1,0,1.0,0
0.1958,52,0,0.3652,,9,0,0,0,1.0,0
0.1406,56,0,0.5405,16192.0,13,0,1,0,0.0,0
0.7657,55,0,0.2066,,6,0,2,0,0.0,0
2.6914,55,0,0.4641,12121.0,10,0,0,0,2.0,0
0.3019,68,2,0.8474,5197.0,7,0,1,0,0.0,0
0.5544,29,0,0.1083,3715.0,10,0,2,0,3.0,0
0.2278,58,0,0.4506,3813.0,11,0,0,0,,0
0.126,80,0,0.1335,10620.0,9,0,3,0,0.0,0
0.524,71,0,0.1474,2969.0,14,0,0,0,1.0,0
0.8703,69,0,0.4851,13535.0,6,0,2,0,0.0,0
0.924,64,0,0.7683,6717.0,9,0,1,0,0.0,0
0.0793,44,0,0.27,6166.0,9,0,1,0,0.0,0
0.3736,42,0,1.0194,,7,0,0,0,1.0,0
0.5229,42,0,0.4745,3768.0,4,0,0,0,1.0,0
0.284,36,0,0.2431,6673.0,6,0,1,0,1.0,0
0.0495,65,0,0.9917,6866.0,10,0,1,0,,0
0.288,73,0,0.2415,,7,0,0,0,0.0,0
0.1097,58,2,0.357,8123.0,14,0,2,0,0.0,0
0.3971,63,0,0.3676,,5,0,1,0,1.0,0
0.1297,56,0,0.2705,2978.0,3,0,2,0,1.0,0
0.9971,60,0,0.3367,4175.0,11,0,2,0,0.0,0
0.4635,22,0,0.6113,4154.0,11,0,4,0,1.0,0
0.5727,56,0,0.2721,11131.0,12,0,1,0,1.0,0
0.2154,46,0,0.1892,4018.0,8,0,2,0,0.0,0
0.6431,51,0,0.7166,6062.0,6,0,2,0,2.0,0
3.0067,55,0,0.0455,4502.0,10,0,0,0,1.0,0
0.2376,42,0,0.895,6048.0,12,0,2,0,0.0,0
0.2643,37,0,0.9933,3971.0,2,0,0,0,2.0,0
0.5214,42,0,0.4126,8292.0,12,0,0,0,1.0,0
0.5684,32,0,0.4167,3983.0,6,0,2,0,1.0,0
0.6532,36,0,0.6354,4271.0,5,0,1,0,5.0,1
0.6989,38,0,0.6678,8051.0,11,0,1,0,1.0,0
1.5321,32,0,0.8593,10012.0,6,0,1,0,0.0,0
0.2847,59,0,0.8186,4721.0,5,0,0,0,0.0,0
0.9245,39,2,0.0718,2550.0,9,0,0,0,2.0,0
0.6256,26,0,0.9654,,11,0,1,0,0.0,1
0.6718,46,0,0.6194,3133.0,9,0,0,0,1.0,1
0.247,36,0,0.2904,,11,0,1,0,0.0,0
0.7369,72,0,0.578,13328.0,6,0,0,0,0.0,0
0.0095,54,0,0.6623,4562.0,6,0,0,0,2.0,0
0.1341,31,0,0.0576,5570.0,4,0,1,0,0.0,0
0.0488,60,0,0.3578,4675.0,10,0,1,0,4.0,0
0.0524,53,0,0.5523,,12,0,1,0,1.0,0
0.8406,49,0,0.5078,3874.0,7,0,0,0,2.0,1
0.443,74,0,1.2079,3227.0,8,0,1,0,3.0,1
0.5176,38,0,0.2844,,8,0,1,0,4.0,0
0.7955,66,0,0.8022,1286.0,8,0,0,0,2.0,0
1.2041,46,0,0.9049,21549.0,8,0,1,0,1.0,0
0.1857,52,0,0.7498,5742.0,8,0,0,0,0.0,0
0.1766,42,0,0.5256,16996.0,11,0,0,0,0.0,0
0.1248,42,1,0.4313,3198.0,12,0,0,0,0.0,0
0.5714,46,0,0.6953,6095.0,9,0,0,0,1.0,0
0.065,25,0,0.1074,,9,0,2,0,1.0,0
1.3933,57,3,0.2665,7356.0,12,0,1,1,0.0,0
2.8707,54,0,0.2171,6191.0,6,0,0,0,0.0,0
0.3193,31,0,0.7261,7011.0,5,0,0,0,1.0,0
0.169,61,0,0.0366,4577.0,3,0,0,0,0.0,0
0.8246,72,1,0.8293,5252.0,5,0,1,1,0.0,0
0.4109,43,0,0.5321,4627.0,5,0,4,0,3.0,0
1.8714,41,0,0.1396,4691.0,5,0,1,0,1.0,0
0.3773,68,0,0.5058,5142.0,11,0,1,0,0.0,0
0.9282,58,0,0.4933,11536.0,7,0,1,0,0.0,0
2.3533,50,1,0.1119,,9,0,1,1,1.0,0
0.5954,63,0,0.2688,7026.0,13,0,1,0,0.0,0
0.9599,56,0,0.9246,3967.0,8,0,1,0,,0
0.1965,72,0,0.4904,8598.0,3,0,1,0,,0
0.1795,52,0,0.3533,6412.0,10,0,2,0,0.0,0
0.0044,58,0,0.4107,6486.0,7,0,0,0,0.0,0
4.1165,67,0,1.1344,11299.0,6,0,3,0,1.0,0
0.4781,21,0,0.7042,2686.0,9,0,1,0,0.0,0
0.482,68,0,0.4296,,9,0,3,0,0.0,0
0.3658,45,0,0.1598,8534.0,11,0,0,0,0.0,0
0.2462,59,1,0.2425,5982.0,7,0,2,0,0.0,1
0.1483,75,0,0.5741,12378.0,5,0,2,0,1.0,0
0.5025,48,0,0.2921,4257.0,10,0,0,0,0.0,0
0.8361,46,0,0.312,2547.0,7,0,1,0,1.0,0
0.5424,51,1,0.3459,6987.0,7,0,0,0,2.0,0
0.3946,32,0,0.2409,8793.0,3,0,1,0,0.0,0
1.2851,83,0,0.5557,3877.0,12,0,1,0,0.0,0
0.0373,51,0,0.2289,10989.0,7,0,1,0,0.0,0
0.5463,75,0,0.59,6246.0,11,0,0,0,1.0,0
1.6991,47,0,0.7248,,8,0,0,0,0.0,0
0.099,52,0,0.4679,12003.0,10,0,1,0,1.0,0
4.0357,65,0,0.4907,,8,0,2,0,1.0,1
1.5607,37,0,0.6056,2102.0,8,0,2,0,1.0,0
0.2646,51,0,0.4303,3540.0,8,0,0,0,0.0,0
0.4298,65,0,1.2547,6330.0,4,0,0,0,0.0,0
0.5664,49,0,0.4696,5227.0,8,0,1,0,1.0,0
0.2465,45,0,0.1136,3235.0,7,0,2,0,0.0,0
0.2153,68,0,0.2628,,6,0,0,0,,0
0.3824,72,0,0.7088,3882.0,9,0,3,0,0.0,0
0.1533,74,0,1.0691,4904.0,8,0,1,0,1.0,0
0.0622,43,0,0.6379,9749.0,8,0,3,0,1.0,0
0.7375,44,0,0.2697,3960.0,8,0,0,0,,0
0.1618,45,0,0.2195,,2,0,2,0,1.0,0
0.015,62,0,0.4316,4102.0,16,0,1,0,2.0,0
0.7356,35,0,0.1901,14221.0,11,0,3,0,1.0,0
0.2319,36,0,0.4578,7016.0,7,0,0,0,0.0,0
0.3285,42,0,0.6922,1995.0,5,0,1,0,1.0,0
0.1292,39,0,0.1469,,8,0,1,0,0.0,0
0.3312,64,0,0.6755,5765.0,6,0,1,0,0.0,0
0.7054,63,0,1.0438,,9,0,2,0,0.0,0
3.4541,45,0,0.2647,2988.0,13,0,3,0,2.0,0
0.092,49,0,0.5892,4451.0,10,0,1,0,0.0,0
0.6719,21,0,0.1146,2249.0,10,0,1,0,1.0,0
0.1263,46,0,0.6493,13728.0,7,0,4,2,1.0,0
0.0511,69,0,0.303,6117.0,9,0,0,0,1.0,0
0.1716,45,0,0.9191,16601.0,3,0,0,0,0.0,0
0.0036,37,0,0.4085,1685.0,8,0,1,0,0.0,0
7.6404,71,0,0.8682,8008.0,8,0,0,0,1.0,0
0.2161,36,0,0.447,,6,0,1,0,2.0,0
0.6715,74,0,0.3614,3672.0,9,0,2,0,0.0,0
2.9494,92,0,0.0648,16682.0,6,0,1,0,3.0,1
0.1889,50,0,0.763,5527.0,5,0,1,0,0.0,0
0.0601,69,0,0.8365,7765.0,10,0,1,0,0.0,0
0.9775,29,0,0.2006,,5,0,1,0,,0
0.0116,28,0,0.4362,5182.0,8,0,1,0,5.0,0
0.7417,41,0,0.0943,11918.0,11,0,0,0,2.0,0
3.1154,64,0,0.5151,2493.0,14,0,0,0,3.0,0
0.2691,52,0,0.0779,,9,0,2,0,0.0,0
0.3526,49,0,0.3558,,10,0,2,0,0.0,0
0.1869,34,0,0.6963,4306.0,6,0,0,0,0.0,0
0.6528,50,0,0.4575,5061.0,9,0,1,0,1.0,0
0.3231,43,0,0.5405,11965.0,8,0,3,0,,0
0.0082,39,0,0.7415,,8,0,2,0,1.0,0
0.337,38,0,0.9307,4706.0,8,0,1,0,0.0,0
0.2429,55,0,0.3408,4736.0,7,0,4,0,0.0,0
0.0451,42,0,0.583,,8,0,1,0,2.0,0
0.1895,52,0,0.6242,10641.0,8,0,3,0,1.0,0
0.6699,27,0,0.9825,2569.0,10,0,1,0,,0
0.1732,59,0,1.1101,7521.0,7,0,1,0,0.0,0
0.0488,55,0,0.2919,7056.0,8,0,0,0,1.0,0
0.6191,49,0,0.3925,,12,0,2,0,1.0,0
0.6364,54,0,0.4775,5233.0,17,0,2,0,1.0,0
1.9306,65,0,0.2145,8771.0,7,1,0,0,2.0,0
0.0271,32,0,0.2838,,5,0,0,0,1.0,0
0.175,53,0,0.7649,13285.0,8,0,0,0,1.0,0
0.2849,34,0,0.6808,2930.0,6,1,0,0,0.0,0
0.0094,53,2,0.4787,,8,0,1,0,1.0,0
0.0831,48,0,0.361,9081.0,7,0,1,0,0.0,0
3.3686,52,0,0.6703,10522.0,6,0,1,0,2.0,0
0.751,64,0,0.6154,6285.0,8,0,1,0,2.0,0
4.6581,63,0,1.1193,17748.0,12,0,0,0,0.0,0
0.52,67,0,0.8103,7311.0,9,0,1,0,0.0,0
0.0192,46,0,0.3501,,3,0,0,0,1.0,0
0.6467,62,0,0.2923,,6,0,1,0,0.0,1
0.3877,59,0,0.1646,,6,0,2,0,1.0,0
0.0272,47,0,0.499,7104.0,11,0,0,0,0.0,0
5.9528,54,0,0.6287,3353.0,8,0,2,0,1.0,0
1.0063,50,0,0.64,3845.0,9,0,0,0,2.0,1
1.5585,72,0,0.6201,8766.0,9,0,1,0,0.0,0
0.1118,63,0,0.8735,2875.0,5,0,3,0,1.0,0
0.0921,47,0,0.5116,,8,0,3,0,2.0,0
0.2904,46,0,0.3914,2341.0,6,0,2,0,0.0,0
0.62,65,0,0.7971,4290.0,3,0,2,0,1.0,0
0.1539,71,0,0.327,2480.0,8,0,0,0,0.0,0
0.0235,56,0,1.2304,2551.0,8,0,1,0,0.0,0
0.0932,61,0,0.6698,,8,0,0,0,0.0,0
0.2398,70,0,0.4682,5185.0,9,0,1,0,1.0,0
2.2582,50,0,0.5241,,11,0,3,0,0.0,0
0.1171,53,0,0.7541,,7,0,2,0,2.0,0
0.4138,59,0,0.1982,4083.0,9,0,0,0,2.0,0
0.7159,46,0,0.2722,6943.0,8,0,0,0,0.0,0
0.2784,76,0,0.6599,2190.0,9,0,2,0,1.0,0
0.8401,46,0,0.1733,3883.0,13,0,1,0,0.0,0
0.2758,53,0,0.3914,3291.0,9,0,2,0,1.0,0
1.8048,79,0,0.5546,,12,0,0,0,3.0,0
0.7576,26,0,0.7207,5569.0,6,0,1,0,4.0,0
2.3164,55,0,0.35,7536.0,9,0,1,0,1.0,0
0.484,43,0,0.9162,7043.0,14,0,1,0,0.0,0
0.106,52,0,0.262,3993.0,14,0,0,0,1.0,0
1.1712,35,0,0.5009,,5,0,2,0,1.0,0
0.38,47,0,0.158,4235.0,7,0,0,0,0.0,0
0.007,52,0,0.6492,5128.0,9,0,1,0,3.0,0
0.037,55,0,0.5933,6540.0,8,0,0,0,0.0,0
1.7527,65,0,0.3532,2932.0,6,0,0,0,0.0,0
0.6558,21,0,0.3019,5559.0,9,0,1,0,0.0,1
0.3837,50,0,0.4833,1199.0,8,0,2,0,0.0,0
0.5058,50,0,0.3372,2979.0,8,0,1,0,0.0,0
0.2011,51,0,0.8336,5804.0,8,0,1,0,2.0,0
1.8506,52,0,0.3018,2179.0,7,0,1,0,1.0,0
0.5696,40,0,0.8115,1834.0,10,0,2,0,0.0,1
0.6678,30,0,0.1189,10404.0,3,0,1,0,0.0,0
0.2175,55,0,0.3436,9925.0,3,0,2,0,0.0,0
0.2625,38,0,0.5566,3780.0,7,0,0,0,,0
0.4743,58,0,0.8068,9962.0,4,0,1,0,1.0,0
6.9651,39,0,0.6031,2994.0,9,0,1,0,2.0,0
0.1422,62,0,0.4438,,3,0,2,0,0.0,0
0.1908,51,0,0.6344,6678.0,7,0,0,0,0.0,0
0.7663,52,0,0.2477,1855.0,6,0,1,0,3.0,0
0.7308,49,0,0.593,2516.0,7,0,1,0,1.0,0
2.7894,46,0,0.3326,,3,0,0,0,1.0,0
0.2761,49,0,0.0196,2368.0,7,0,1,0,0.0,0
3.1565,69,0,0.2606,5460.0,7,0,0,0,0.0,0
0.3357,31,0,0.5088,1845.0,7,0,1,0,1.0,0
0.6495,43,0,0.283,13791.0,8,0,1,0,1.0,0
0.1159,67,0,0.5708,12072.0,8,0,1,0,0.0,0
0.1978,63,0,0.5569,9156.0,8,0,1,0,1.0,0
0.4837,71,0,0.5664,5343.0,9,0,0,0,0.0,0
0.1032,51,0,0.3439,3438.0,7,0,0,0,,0
1.2961,34,0,0.3701,,6,0,1,0,2.0,0
0.2292,36,0,0.0965,13410.0,7,0,1,0,0.0,0
0.814,48,0,0.6732,4046.0,10,0,1,0,1.0,0
1.4884,63,0,0.6799,2299.0,7,0,1,0,0.0,1
0.0739,48,0,1.1767,4478.0,7,0,1,0,0.0,0
0.8884,47,0,0.2758,2183.0,4,0,0,0,1.0,0
0.1105,58,0,0.2712,,7,0,2,0,2.0,0
0.2301,52,0,0.5194,6390.0,10,0,0,0,2.0,0
0.4647,46,0,0.6233,2214.0,6,0,1,0,1.0,0
0.6179,38,0,0.8248,,8,0,2,0,2.0,0
0.983,65,2,0.8171,4829.0,7,0,1,0,1.0,0
0.2832,67,0,0.2068,5513.0,11,0,3,0,1.0,0
0.4935,37,0,0.252,,9,0,1,0,0.0,0
0.315,46,3,0.1888,5857.0,12,0,3,0,0.0,0
0.5906,61,0,0.3074,,6,0,0,0,1.0,0
0.3906,36,0,0.5667,,6,0,1,0,1.0,0
3.6477,57,0,0.2145,2291.0,11,0,0,0,0.0,0
0.3352,47,1,0.565,2757.0,12,0,2,0,0.0,0
0.5249,35,0,0.3035,3624.0,9,0,2,0,0.0,0
0.3544,77,0,0.3415,5490.0,14,0,0,0,1.0,0
0.4047,47,0,0.3113,6019.0,7,0,0,0,0.0,0
0.7071,59,0,0.1329,2464.0,8,0,0,0,0.0,0
0.6941,36,0,0.5153,,4,0,0,0,2.0,0
0.0928,74,0,0.6436,8335.0,7,0,1,0,1.0,0
0.4441,79,1,0.4075,,2,0,1,0,2.0,0
0.0894,31,0,0.1676,7292.0,4,0,2,0,1.0,0
0.1465,50,0,0.1781,,7,0,1,0,1.0,0
0.4699,71,0,0.1938,4581.0,7,0,1,0,2.0,0
0.5498,45,0,0.7298,6563.0,10,0,1,0,3.0,0
5.177,58,0,0.2342,,5,0,2,0,1.0,0
0.3737,28,0,0.7414,,11,0,2,0,0.0,0
0.3824,41,0,0.1863,4675.0,7,0,0,0,2.0,0
0.1302,56,0,0.034,6989.0,16,0,2,0,0.0,0
0.971,44,0,1.0967,4172.0,6,0,0,0,0.0,0
3.0919,47,0,0.6113,4250.0,8,0,1,0,2.0,0
0.0286,31,0,0.0592,3553.0,12,0,2,0,1.0,0
0.5421,61,0,0.6508,3467.0,7,0,0,0,1.0,0
0.4443,33,0,0.6032,7475.0,11,0,0,0,4.0,0
0.3621,74,0,0.8195,,8,0,0,0,1.0,0
0.5978,42,0,0.2474,4757.0,5,0,0,0,0.0,0
0.1991,63,0,1.5514,5269.0,5,0,0,0,,0
0.3636,62,0,0.8478,6425.0,7,0,3,0,4.0,0
2.8875,38,0,0.8108,15861.0,9,0,1,0,0.0,0
0.448,44,0,0.1413,2301.0,11,0,0,0,1.0,1
0.852,46,0,0.6343,3883.0,12,0,2,0,1.0,1
0.8167,47,0,0.6123,5874.0,11,0,0,0,1.0,0
0.1625,34,0,0.3867,,8,0,0,0,0.0,0
4.5571,59,0,0.7686,13532.0,10,0,1,0,1.0,0
0.0048,42,0,0.1702,4419.0,6,0,0,0,1.0,0
0.2103,50,0,0.3359,5779.0,8,0,3,0,1.0,1
0.1312,66,0,0.6119,2791.0,3,0,2,0,2.0,0
0.7311,60,0,0.2063,8104.0,15,0,1,0,0.0,0
0.6757,43,0,0.3428,5066.0,16,0,0,0,0.0,0
0.1511,67,0,0.2951,4291.0,9,0,1,0,0.0,0
0.0064,61,0,0.6431,2964.0,10,0,2,0,0.0,0
0.2967,42,0,0.2844,2649.0,8,0,0,0,1.0,0
0.0802,45,0,0.8644,,8,0,0,0,0.0,0
0.3637,66,0,0.0827,,9,0,2,0,2.0,0
0.0416,63,0,0.3415,2874.0,10,0,1,0,0.0,0
0.7545,31,0,0.2121,6002.0,8,0,1,0,1.0,0
0.1917,38,0,0.329,3582.0,7,0,0,0,1.0,0
0.8069,62,0,0.6067,5699.0,7,0,2,0,0.0,0
0.371,36,0,0.9426,,11,0,0,0,3.0,0
0.1342,63,0,0.5542,8714.0,8,0,0,0,1.0,0
0.2192,79,0,0.5727,12908.0,10,0,0,0,1.0,0
0.2901,57,0,0.3911,2623.0,5,0,2,0,1.0,0
0.4414,39,0,0.1078,3901.0,7,0,0,0,0.0,1
0.077,54,0,0.9965,4917.0,8,0,0,0,0.0,0
0.3919,66,0,0.8818,3816.0,8,0,0,0,1.0,0
0.7515,53,0,0.6586,13892.0,10,0,4,0,0.0,0
0.1487,59,0,0.6377,,9,0,1,0,3.0,0
0.7503,41,0,0.1386,1165.0,5,0,0,0,1.0,0
0.3456,42,0,0.214,6232.0,10,0,1,0,1.0,0
0.5971,65,0,0.2782,4559.0,10,0,1,0,1.0,0
0.2142,42,0,1.1181,4567.0,7,0,0,0,1.0,0
0.2503,21,0,0.7646,5592.0,3,0,1,0,0.0,0
0.1475,48,0,0.3063,,9,0,2,0,0.0,0
1.4665,56,0,0.4472,4648.0,11,0,1,0,0.0,0
0.1765,67,0,0.6077,2592.0,3,0,3,0,2.0,0
0.2001,75,0,0.4908,6710.0,4,0,1,0,0.0,0
0.1584,53,0,0.2551,5591.0,11,0,1,0,0.0,0
0.5021,61,0,0.5504,2319.0,8,0,1,0,0.0,0
2.2559,54,0,0.3049,3363.0,8,0,2,0,1.0,0
1.7215,57,1,0.4882,4585.0,10,0,1,2,1.0,0
0.6566,49,0,0.1034,3705.0,11,0,2,0,1.0,0
0.431,57,0,0.4142,10433.0,5,0,2,0,1.0,0
6.0223,42,0,0.189,,7,0,0,0,1.0,0
0.3546,80,0,0.4975,8945.0,10,0,0,0,2.0,0
0.4388,21,0,0.9277,6797.0,5,0,0,0,1.0,0
2.0666,60,0,0.1912,7703.0,8,0,2,0,1.0,0
0.5633,56,0,0.3874,5775.0,6,0,1,0,0.0,0
0.0847,57,0,0.5385,,8,0,1,0,1.0,0
0.1533,35,0,0.8864,3089.0,8,0,2,0,0.0,0
0.0634,29,0,0.6288,5212.0,5,0,1,0,3.0,0
9.6144,60,0,0.5764,9853.0,12,0,0,0,,0
0.2533,71,0,0.1438,11263.0,3,0,1,0,0.0,1
0.4043,55,0,0.3262,,10,0,0,0,,0
0.4388,63,0,0.2677,11976.0,8,0,0,0,3.0,0
0.6752,46,0,0.113,6307.0,6,0,2,0,0.0,0
0.1744,57,0,0.2837,14064.0,7,0,0,0,0.0,0
0.3033,69,0,0.6292,7524.0,7,0,1,0,1.0,0
0.0197,48,0,0.9135,10206.0,3,0,1,0,0.0,0
0.3476,69,0,0.3942,7592.0,14,0,0,0,0.0,0
0.4991,29,0,0.2266,4079.0,13,0,0,0,1.0,0
0.8823,43,1,1.0827,4586.0,9,0,0,0,1.0,0
0.3544,60,0,1.0667,3047.0,8,0,0,0,2.0,0
0.4921,79,0,0.3485,,8,0,1,0,2.0,0
0.1395,52,0,0.4372,2880.0,9,0,0,0,1.0,0
0.7149,38,0,0.4804,2982.0,11,0,3,0,1.0,0
0.4535,78,0,0.9222,4995.0,10,0,0,0,0.0,1
0.4307,50,0,0.3623,6242.0,9,0,3,0,1.0,0
0.1909,61,0,0.3869,9431.0,9,0,0,0,0.0,0
0.1523,47,0,0.2048,8393.0,6,0,0,0,2.0,0
0.3137,54,0,0.6165,6012.0,9,0,0,0,2.0,0
0.4623,44,0,0.3794,2634.0,6,0,1,0,2.0,0
0.2608,84,0,0.62,20088.0,7,0,0,0,0.0,0
0.7726,69,0,0.7198,,7,0,2,0,0.0,0
1.0568,77,0,0.5005,6171.0,8,0,5,0,1.0,0
0.1504,41,0,0.2122,4098.0,11,0,1,0,1.0,0
0.766,26,0,0.4175,5980.0,8,0,1,0,1.0,1
0.1731,48,0,0.8866,7869.0,13,0,3,0,1.0,0
0.1436,87,0,0.2422,6953.0,6,0,1,0,0.0,0
0.0123,47,0,0.9205,3382.0,6,0,0,0,0.0,0
0.276,67,1,0.1539,,11,0,1,1,2.0,0
1.8848,38,0,0.1901,7525.0,6,0,0,0,0.0,0
0.2162,40,0,0.8762,8419.0,5,0,3,0,3.0,0
0.2225,51,0,0.2501,14008.0,9,0,0,0,1.0,0
0.4599,82,0,0.6986,4083.0,9,0,1,0,1.0,1
0.01,67,0,0.7801,3847.0,10,0,1,0,0.0,0
0.029,23,0,0.8617,9874.0,7,0,1,0,1.0,0
2.5154,61,0,0.2921,,12,0,2,0,0.0,0
0.4637,36,0,0.1063,,12,0,1,0,1.0,0
0.3226,42,0,0.5712,3994.0,15,0,1,0,0.0,0
0.1373,59,0,1.0471,2408.0,11,0,1,0,,0
0.0983,72,0,0.3803,2324.0,9,0,2,0,0.0,0
0.0696,71,0,1.1711,4120.0,7,0,0,0,2.0,0
3.3825,57,0,0.5862,6800.0,9,0,0,0,2.0,0
0.4537,57,0,0.236,3467.0,6,0,1,0,0.0,0
0.5935,71,0,0.1759,5842.0,10,0,1,0,2.0,0
1.8646,30,0,0.6823,2548.0,5,0,3,0,1.0,0
0.1276,78,0,0.8663,,7,0,1,0,3.0,0
0.6614,42,0,0.4563,,11,0,3,0,0.0,0
0.5238,56,0,0.314,5772.0,6,0,1,0,1.0,0
0.1775,45,0,0.6557,6307.0,5,0,0,0,3.0,0
0.0795,36,0,0.8155,2843.0,3,0,1,0,1.0,0
0.3658,58,0,1.0214,6530.0,6,0,0,0,0.0,0
0.0632,55,0,0.7384,21619.0,6,0,2,0,,0
1.6009,51,0,0.4701,11020.0,8,0,1,0,2.0,0
0.338,50,0,0.7218,6608.0,11,0,0,0,1.0,0
0.4955,73,0,0.0605,,8,0,1,0,1.0,1
0.2166,83,0,0.1942,,5,0,2,0,1.0,0
0.6505,70,0,0.2247,8413.0,12,0,0,0,1.0,1
0.5922,56,0,0.3008,17703.0,11,0,1,0,2.0,0
0.0822,29,0,0.2329,3484.0,9,0,0,0,1.0,0
0.2271,61,0,0.4411,22297.0,12,0,0,0,1.0,0
0.3413,61,0,0.6512,3794.0,4,0,0,0,0.0,0
0.7541,63,0,1.4151,7257.0,7,0,3,0,1.0,0
0.4473,36,2,0.4412,4606.0,8,0,1,1,0.0,0
0.5511,64,0,0.2336,14754.0,7,0,1,0,0.0,0
1.5138,74,0,0.2937,5299.0,9,0,0,0,2.0,0
0.723,38,0,0.4902,11368.0,12,0,2,0,3.0,0
0.4938,62,2,0.5197,9813.0,8,1,0,0,,0
1.9478,41,0,0.5638,1745.0,10,0,0,0,0.0,0
3.2275,51,0,0.694,14677.0,5,0,0,0,0.0,0
0.3865,39,0,0.1085,2651.0,10,0,1,0,1.0,0
0.4999,47,0,0.1952,6659.0,5,0,1,0,1.0,0
0.2455,47,0,0.8647,,8,0,1,0,0.0,0
0.2031,58,0,0.3545,10853.0,7,0,3,0,3.0,0
0.0054,64,0,0.3022,12561.0,7,0,0,0,2.0,0
0.224,69,0,0.5619,5588.0,6,0,0,0,0.0,0
5.3992,43,2,0.5409,8963.0,5,0,2,1,0.0,0
0.3796,57,0,0.4337,4290.0,8,0,1,0,3.0,0
3.0801,37,0,0.649,4080.0,7,0,1,0,2.0,0
0.1352,50,0,0.1859,16809.0,15,0,1,0,0.0,0
0.0926,53,0,0.5753,15609.0,5,0,0,0,2.0,0
0.0193,39,0,0.2967,7989.0,9,0,0,0,1.0,0
0.5915,60,0,0.4137,3082.0,11,0,0,0,2.0,0
0.5015,50,0,1.1481,9285.0,6,0,0,0,3.0,0
0.3411,54,0,0.17,4663.0,4,0,1,0,1.0,0
3.0907,69,0,0.4912,5216.0,6,0,1,0,3.0,0
0.1667,46,0,0.4123,,9,0,2,0,0.0,0
0.5142,64,0,0.255,10584.0,8,0,0,0,0.0,0
0.1957,72,0,0.3003,6455.0,3,0,2,0,0.0,0
0.4067,71,0,0.2702,3508.0,14,0,0,0,1.0,0
0.6761,49,0,0.2464,15056.0,4,0,1,0,0.0,0
5.5823,38,0,0.1585,5789.0,11,0,2,0,0.0,0
0.5528,42,0,0.2861,4057.0,8,0,0,0,1.0,0
4.4485,30,0,0.4076,4441.0,4,0,2,0,1.0,0
0.5164,62,0,0.7199,,7,0,0,0,0.0,0
0.5109,62,0,0.448,,7,0,1,0,0.0,0
0.2922,54,0,0.8969,,9,0,2,0,1.0,0
0.4646,33,0,0.2634,2949.0,5,0,2,0,1.0,0
0.1273,47,0,0.1006,6296.0,5,0,2,0,1.0,0
0.222,71,0,0.6194,8464.0,9,0,0,0,0.0,0
0.2776,61,0,0.124,,12,0,1,0,0.0,0
0.2946,63,0,0.5777,23222.0,7,0,1,0,2.0,0
0.3062,95,0,0.2998,8564.0,9,0,2,0,1.0,0
4.1835,57,3,1.1386,2924.0,3,0,1,2,1.0,0
0.8908,22,0,0.7211,,10,0,1,0,0.0,0
0.4094,37,0,0.1928,10999.0,5,0,3,0,0.0,0
0.0931,56,0,0.6852,9870.0,4,0,0,0,2.0,0
4.631,52,0,1.015,8068.0,9,0,1,0,2.0,0
0.4118,50,0,0.5389,4003.0,6,0,2,0,0.0,0
1.1834,50,0,0.6766,6030.0,9,0,2,0,2.0,0
0.173,41,0,0.4449,6348.0,7,0,0,0,1.0,0
0.5322,57,0,0.5694,5246.0,6,0,0,0,2.0,0
1.0152,72,0,0.6748,8195.0,6,0,1,0,1.0,0
0.5234,76,0,0.6547,3935.0,6,0,1,0,2.0,1
1.4534,76,0,1.0911,4708.0,11,0,1,0,0.0,0
0.3252,39,0,0.621,,6,0,1,0,2.0,0
8.0406,52,1,0.5511,9757.0,10,0,2,0,2.0,0
1.1589,48,0,0.5147,2744.0,13,0,1,0,0.0,1
0.6315,60,0,0.2339,1881.0,4,0,2,0,0.0,0
0.6137,51,0,0.7821,,11,0,0,0,1.0,0
0.336,49,0,0.4226,5721.0,10,0,1,0,2.0,0
0.0127,72,0,1.6057,7109.0,12,0,0,0,0.0,0
0.0697,53,0,0.3876,14400.0,6,0,0,0,0.0,0
0.4109,54,0,0.2458,8619.0,8,0,1,0,3.0,0
1.1751,58,0,0.2006,3365.0,8,0,0,0,0.0,0
0.095,61,1,0.5708,6307.0,8,0,1,0,,0
5.72,62,0,0.2783,4065.0,8,0,1,0,0.0,0
0.937,74,1,0.4976,2885.0,7,0,2,0,0.0,0
0.0981,34,0,0.3125,,9,0,2,0,1.0,0
0.0075,57,0,0.0259,4618.0,12,0,1,0,,0
0.4416,51,0,0.7183,7849.0,12,0,1,0,1.0,0
3.4545,48,0,0.7327,2930.0,13,0,1,0,0.0,0
0.2732,63,0,0.0712,5867.0,8,0,0,0,0.0,1
0.1681,70,0,0.5856,,8,0,0,0,0.0,0
5.8203,44,0,1.1443,1591.0,11,0,3,0,0.0,0
0.5103,76,0,0.2112,3694.0,9,0,0,0,0.0,0
0.099,32,0,0.8383,3714.0,7,0,2,0,1.0,0
2.1977,60,0,0.7679,,9,0,2,0,0.0,1
0.4213,40,0,0.5519,3006.0,5,0,1,0,2.0,0
0.2501,43,0,0.4029,5549.0,7,0,2,0,0.0,0
1.0891,53,0,0.5422,19528.0,9,0,1,0,1.0,0
0.3595,46,0,0.5036,8879.0,9,0,0,0,1.0,0
3.2572,21,0,0.2749,3712.0,6,0,1,0,2.0,1
2.454,61,0,0.6807,8922.0,8,0,0,0,0.0,0
0.51,63,0,1.0679,,9,0,0,0,0.0,1
1.2519,50,0,0.44,8090.0,6,0,0,0,1.0,0
0.8693,49,0,0.2066,11368.0,13,0,1,0,0.0,0
0.0441,47,0,0.1621,,8,0,1,0,,0
0.3818,28,0,0.1456,2330.0,11,0,0,0,2.0,0
0.0716,27,0,0.631,4287.0,8,0,1,0,0.0,0
3.5232,63,0,0.1212,,13,0,1,0,0.0,0
0.5248,67,0,0.4789,,9,0,0,0,1.0,0
0.0737,60,2,0.8774,9622.0,8,1,2,0,3.0,0
0.0501,57,0,0.4962,4544.0,9,0,2,0,2.0,0
0.2153,63,0,0.8165,3808.0,9,0,2,0,0.0,0
0.4438,62,0,0.7815,3074.0,12,0,0,0,0.0,0
1.2823,41,1,0.3177,,8,0,3,1,1.0,0
4.0422,55,0,0.5441,,5,0,0,0,1.0,1
0.204,48,0,0.5115,3721.0,4,0,3,0,2.0,0
0.0422,48,1,0.2941,3457.0,6,0,2,0,0.0,0
0.2476,68,0,0.6774,3236.0,6,0,2,0,0.0,0
0.6292,74,0,0.2188,7549.0,9,0,3,0,1.0,0
0.5114,21,0,0.7274,7950.0,9,0,1,0,1.0,0
3.5447,48,0,0.3978,,13,0,1,0,0.0,0
0.6502,48,0,0.3027,9181.0,7,0,1,0,0.0,0
0.4094,68,0,0.436,3769.0,4,0,0,0,0.0,0
3.8167,32,0,0.0125,4620.0,11,0,1,0,0.0,1
0.0437,21,0,0.2316,6718.0,6,0,1,0,0.0,0
3.0276,63,0,0.4071,12716.0,6,0,1,0,1.0,0
0.411,65,0,0.3813,3346.0,9,0,0,0,0.0,0
0.5121,27,0,0.6277,1492.0,12,0,0,0,0.0,0
0.6687,50,0,0.2524,11130.0,4,0,1,0,1.0,0
0.2577,73,0,0.9015,3139.0,6,0,0,0,1.0,0
0.2687,37,0,0.4204,8966.0,4,0,1,0,0.0,0
0.5897,53,0,0.4196,3576.0,13,0,1,0,,0
0.0336,59,0,1.1895,4656.0,8,0,1,0,1.0,0
0.6969,32,0,0.1457,4590.0,12,0,2,0,2.0,0
0.0044,44,0,0.3694,5094.0,11,0,0,0,0.0,0
0.2996,28,0,0.6132,6040.0,12,0,1,0,1.0,0
0.1286,50,0,0.534,3738.0,6,0,2,0,0.0,0
0.3008,41,0,0.6982,8469.0,4,0,0,0,0.0,0
5.4648,55,0,0.2699,,9,0,2,0,0.0,0
0.6126,61,0,0.6224,,6,0,0,0,2.0,0
0.5649,71,0,0.7908,2798.0,13,0,1,0,0.0,1
1.1439,85,0,0.7598,8754.0,9,0,1,0,1.0,0
0.024,55,0,0.1498,8486.0,8,0,1,0,1.0,0
0.2091,48,0,0.3415,8529.0,10,0,0,0,0.0,0
0.591,47,0,0.369,5588.0,9,0,1,0,0.0,0
0.5419,38,0,0.3489,8702.0,9,0,1,0,0.0,0
0.0758,58,0,1.2638,6721.0,11,0,6,0,0.0,0
0.8475,45,0,0.1853,3191.0,8,0,1,0,2.0,0
0.6204,59,0,0.7704,,9,0,1,0,,0
0.9194,39,0,1.0,,5,0,2,0,2.0,0
0.8157,45,0,0.3586,2781.0,9,0,4,0,0.0,0
0.5847,58,0,0.5718,,8,0,1,0,1.0,0
0.8153,50,0,0.3004,,10,0,0,0,0.0,0
0.1139,25,0,0.6899,4103.0,6,0,1,0,0.0,0
0.71,52,0,0.1214,6554.0,6,0,0,0,0.0,0
0.9478,41,0,0.5539,2964.0,8,0,0,0,1.0,0
0.266,69,0,0.9112,5940.0,11,0,0,0,1.0,0
0.7162,66,0,0.7443,4793.0,4,0,1,0,1.0,0
10.1546,21,0,0.5912,,12,0,2,0,2.0,0
0.2498,63,0,0.0981,5434.0,7,0,0,0,1.0,0
0.1719,57,0,0.4531,10783.0,6,0,1,0,2.0,0
3.5959,31,1,0.1565,17282.0,8,1,0,0,2.0,0
0.1969,64,0,0.3305,4170.0,10,0,0,0,0.0,0
1.6037,34,0,0.1183,3703.0,10,0,0,0,1.0,0
0.5046,68,0,0.6904,7777.0,9,0,1,0,1.0,0
0.0917,43,0,0.7537,,12,0,1,0,0.0,0
0.556,31,0,1.0837,8557.0,3,0,1,0,0.0,0
0.3572,82,0,0.5365,12091.0,8,0,1,0,0.0,0
0.5449,30,0,1.031,,6,0,0,0,0.0,0
0.7354,41,0,1.106,2406.0,5,0,1,0,1.0,0
0.0512,43,3,0.0597,1681.0,10,0,0,0,1.0,0
0.534,46,0,0.6934,3747.0,9,0,1,0,1.0,0
0.2596,62,0,1.3184,,12,0,3,0,1.0,0
0.1185,53,0,0.0137,2207.0,16,0,1,0,1.0,0
5.4727,66,0,0.1903,,6,0,0,0,1.0,0
0.1301,57,0,0.2161,8097.0,3,0,1,0,1.0,0
0.0456,29,0,0.3498,6479.0,3,0,1,0,1.0,0
0.585,60,0,0.3355,,4,0,1,0,1.0,0
0.5711,55,0,0.9214,1817.0,4,0,1,0,0.0,0
0.075,43,0,0.098,1484.0,4,0,4,0,2.0,0
0.191,81,0,0.3214,,10,0,0,0,1.0,0
0.9911,61,0,0.1711,4976.0,6,0,0,0,2.0,0
0.003,65,0,0.4475,8207.0,11,0,0,0,1.0,0
0.7757,66,0,0.4243,4661.0,13,0,0,0,2.0,0
0.086,46,1,0.3681,5845.0,4,0,0,0,1.0,1
0.2884,61,0,0.6399,2275.0,10,0,1,0,2.0,0
0.38,56,0,0.3688,5900.0,8,0,3,0,0.0,0
1.068,44,0,0.7847,5993.0,4,0,1,0,0.0,0
0.1114,35,0,0.2657,10278.0,7,0,1,0,1.0,0
0.9993,52,0,0.1086,19055.0,6,0,1,0,1.0,0
0.7419,60,0,0.1071,4334.0,11,0,2,0,0.0,0
0.4789,52,0,0.5632,4758.0,13,0,1,0,0.0,0
0.4941,49,2,0.0697,5786.0,3,1,0,1,0.0,0
0.2539,52,0,0.2248,7072.0,11,0,0,0,0.0,0
4.0195,48,0,0.8778,2415.0,5,0,2,0,1.0,0
0.3212,74,0,0.5698,6108.0,7,0,0,0,0.0,0
1.199,56,0,0.3777,3558.0,11,0,0,0,1.0,0
0.1873,45,0,0.139,3865.0,3,0,0,0,1.0,0
1.1623,27,1,0.4524,6929.0,9,0,2,0,2.0,0
0.3944,49,0,0.7296,2333.0,5,0,3,0,2.0,0
0.1189,44,0,0.6418,3137.0,9,0,1,0,0.0,0
1.1655,43,0,0.1554,,8,0,1,0,0.0,0
0.0194,65,0,0.1985,5565.0,6,0,1,0,1.0,0
0.8396,53,0,0.1988,7697.0,11,0,1,0,0.0,0
0.4621,28,0,0.7242,8356.0,12,0,2,0,1.0,0
0.5392,61,0,0.6789,2208.0,7,0,2,0,2.0,0
3.4427,30,0,0.3284,,11,0,0,0,0.0,0
0.253,62,0,0.6428,5869.0,9,0,2,0,2.0,0
0.4932,45,0,0.6156,2010.0,11,0,2,0,0.0,0
0.5896,53,0,0.9279,3075.0,8,0,0,0,0.0,0
0.4634,52,0,0.8407,2077.0,5,0,1,0,3.0,0
0.1778,50,1,0.0954,1283.0,16,0,0,0,0.0,0
0.3108,55,0,0.3984,23229.0,3,0,0,0,1.0,1
0.8074,53,0,0.6131,4183.0,6,0,1,0,2.0,1
0.2987,78,0,0.1854,11365.0,12,0,1,0,0.0,0
0.2211,55,0,0.5889,1068.0,10,0,1,0,4.0,0
0.0144,55,0,0.7891,10109.0,10,0,0,0,1.0,0
0.6976,42,0,0.338,2073.0,5,0,2,0,2.0,0
0.4004,57,0,0.5541,5927.0,10,0,2,0,2.0,0
0.8344,38,0,0.849,4637.0,9,0,0,0,2.0,0
0.5602,68,0,0.2091,11131.0,7,0,1,0,0.0,0
0.0431,31,0,0.2999,,9,0,0,0,2.0,0
0.0786,40,0,0.5076,27195.0,5,0,2,0,1.0,0
0.4053,29,0,0.578,14430.0,7,0,2,0,0.0,0
0.1364,58,0,0.504,,11,0,1,0,1.0,0
0.1471,46,0,0.5141,5424.0,8,0,3,0,0.0,0
0.2473,62,0,0.3136,2643.0,12,0,1,0,0.0,0
0.7102,38,0,0.3131,,11,0,1,0,1.0,0
0.1531,59,0,0.6729,2820.0,5,0,1,0,0.0,0
0.2186,60,0,0.2201,5214.0,3,0,1,0,,0
0.4968,55,0,0.6055,2659.0,5,0,1,0,2.0,0
0.0086,52,0,0.4397,5631.0,7,0,0,0,0.0,0
0.494,54,0,0.8023,8283.0,6,0,1,0,1.0,0
0.6314,39,0,1.1707,,3,0,0,0,2.0,0
0.2136,37,0,0.2061,6116.0,5,0,0,0,1.0,0
1.8712,60,0,0.0394,9539.0,7,0,1,0,0.0,0
0.283,47,0,0.6605,,9,0,2,0,0.0,0
0.3881,58,0,0.2237,8397.0,9,0,1,0,2.0,0
0.4952,74,0,0.5064,9569.0,9,0,0,0,0.0,0
0.8194,46,0,0.1556,4774.0,7,0,2,0,1.0,1
0.8403,44,0,0.3777,2462.0,10,0,2,0,2.0,0
2.3818,47,0,0.7516,,10,0,0,0,2.0,0
0.3272,53,0,0.3407,4752.0,9,0,0,0,1.0,0
0.4068,61,0,0.3548,3660.0,10,0,0,0,2.0,0
0.3699,52,0,0.8443,5584.0,7,0,1,0,1.0,0
0.1896,81,0,0.3752,3460.0,10,0,1,0,0.0,0
0.539,58,0,0.6389,,8,0,1,0,1.0,1
0.3796,63,0,0.2173,,6,0,0,0,0.0,0
0.1471,51,0,0.4114,1931.0,7,0,2,0,0.0,0
1.1766,66,0,0.5336,,6,0,2,0,2.0,0
8.5358,49,0,0.3618,3386.0,8,0,1,0,0.0,0
0.443,43,0,0.4019,,9,0,0,0,1.0,0
0.0427,65,0,0.1673,6300.0,5,0,2,0,2.0,0
0.7475,51,0,0.2052,6207.0,11,0,3,0,0.0,0
2.2313,55,0,1.0114,11019.0,6,4,1,0,1.0,0
0.218,66,0,0.6012,9339.0,10,0,1,0,0.0,0
0.6965,54,0,0.6469,10520.0,6,0,2,0,2.0,0
0.1567,50,0,0.2206,5725.0,7,0,0,0,2.0,0
0.1556,45,0,0.3254,2980.0,7,0,3,0,1.0,0
0.0733,67,0,0.3092,1915.0,11,0,2,0,1.0,0
0.2573,47,0,0.7614,6977.0,16,0,0,0,1.0,0
0.6751,51,0,0.2164,3389.0,4,0,1,0,4.0,0
3.9544,56,0,0.3609,6409.0,6,0,1,0,0.0,0
0.3137,56,0,0.1525,7672.0,11,0,2,0,1.0,0
0.0766,66,0,0.7263,5512.0,7,0,2,0,0.0,0
0.4613,51,0,0.2275,,5,0,2,0,2.0,0
0.1358,71,0,0.2009,7028.0,8,0,2,0,2.0,0
0.7244,49,4,0.3038,5785.0,5,0,1,1,1.0,0
0.0307,57,0,0.152,7982.0,7,0,1,0,0.0,0
0.9877,49,0,0.9907,6959.0,10,0,1,0,0.0,0
0.4159,81,0,0.8029,7322.0,12,0,0,0,1.0,0
0.1663,47,0,0.8252,5193.0,7,0,5,0,1.0,0
0.6298,48,0,0.2585,11568.0,6,0,2,0,0.0,0
2.2009,54,0,0.3871,4823.0,8,0,2,0,0.0,0
0.5414,48,0,0.2962,5716.0,6,0,2,0,1.0,0
0.4456,56,0,0.4861,2550.0,9,0,2,0,0.0,0
0.4144,69,0,0.6281,7404.0,7,0,0,0,0.0,0
0.7056,54,0,0.0753,4602.0,10,0,0,0,3.0,0
0.0963,55,0,0.0728,14659.0,9,0,0,0,2.0,0
0.6733,49,0,0.1558,8248.0,10,0,0,0,0.0,0
0.1491,45,0,0.6018,3726.0,6,0,1,0,0.0,0
0.5305,53,0,0.4874,9177.0,10,0,1,0,0.0,0
1.6741,52,2,0.1801,4816.0,9,0,1,0,1.0,0
0.7206,68,0,0.7338,3395.0,13,0,0,0,0.0,0
1.5539,39,0,1.2422,4922.0,10,0,0,0,0.0,0
0.2776,72,0,0.8631,3392.0,12,0,0,0,1.0,0
0.608,50,0,0.378,6020.0,10,0,0,0,0.0,0
0.6349,54,0,0.2343,5328.0,13,0,1,0,0.0,0
0.3803,37,0,0.8152,2763.0,7,0,1,0,1.0,0
0.9362,60,0,0.8187,6429.0,11,0,1,0,0.0,0
0.5891,39,0,0.6633,4109.0,12,0,2,0,,0
1.5115,57,0,0.3442,1995.0,9,0,2,0,3.0,0
1.4583,56,0,0.5963,8277.0,11,0,1,1,0.0,0
0.4356,47,0,0.1535,5143.0,6,0,0,0,1.0,0
0.3865,23,0,0.8988,4227.0,14,0,0,1,0.0,0
0.1701,82,0,0.8494,18687.0,5,0,2,0,2.0,0
0.0477,37,0,0.3026,10722.0,4,0,0,0,0.0,0
0.2579,56,0,0.732,3977.0,11,0,0,0,0.0,0
1.9261,42,0,0.1489,3776.0,8,0,0,0,0.0,0
0.7275,67,0,0.5508,7447.0,6,0,1,0,0.0,0
0.1836,47,0,0.3118,3919.0,7,0,4,0,,0
0.5454,41,0,0.5932,,9,0,0,0,2.0,0
0.5778,60,0,0.2104,1869.0,11,0,1,0,2.0,0
0.6259,34,0,0.4514,8953.0,9,0,0,0,1.0,0
0.4859,46,0,0.5433,6593.0,7,0,1,0,2.0,0
0.5525,62,0,0.3235,,7,0,0,0,0.0,0
0.1172,73,0,0.4602,12020.0,6,0,0,0,0.0,0
0.1132,39,0,1.1317,4308.0,8,0,1,0,0.0,0
0.3543,43,0,0.2063,8833.0,12,0,0,0,0.0,0
0.1543,57,0,0.5533,2307.0,11,0,0,0,0.0,0
0.6591,24,0,0.0528,5963.0,9,0,1,0,1.0,0
0.3121,71,0,0.0956,7320.0,11,0,1,0,1.0,0
0.842,38,0,0.3247,,9,0,1,0,0.0,0
4.88,46,0,0.0492,,9,0,2,0,1.0,0
0.545,56,1,0.8019,,7,0,1,3,0.0,0
0.352,53,0,0.6383,3022.0,7,0,1,0,1.0,0
0.182,39,0,0.807,8980.0,12,0,2,0,0.0,0
0.0015,76,0,0.1222,2296.0,13,0,2,0,1.0,0
0.5437,21,0,0.8334,7174.0,11,0,0,0,0.0,0
0.6126,36,0,0.4445,12863.0,7,0,2,0,1.0,0
0.588,43,0,0.7398,9730.0,6,0,1,0,0.0,0
0.1253,39,0,0.5645,2746.0,9,0,1,0,0.0,0
5.6703,69,0,0.2569,3071.0,15,0,1,0,0.0,0
1.2723,29,0,0.4205,,10,0,1,1,1.0,1
0.4775,74,0,0.1175,,8,0,0,0,0.0,0
0.5241,48,0,0.1069,,17,0,2,0,0.0,0
0.4363,33,0,0.5011,,7,0,0,0,0.0,0
0.613,23,0,0.2163,4806.0,8,0,2,0,2.0,0
0.7732,49,0,0.7547,2706.0,6,0,0,0,1.0,0
7.5947,42,0,0.0433,,11,0,1,0,0.0,0
0.9692,55,1,0.6274,7000.0,9,0,0,1,1.0,0
1.0217,46,0,0.4176,1551.0,5,0,1,0,,0
3.1916,65,2,0.6903,,5,0,0,2,2.0,0
0.4017,50,0,0.6992,5514.0,13,0,1,0,2.0,0
0.0601,46,0,0.6853,7005.0,6,0,0,0,1.0,0
0.3189,66,0,0.9237,6547.0,11,0,1,0,0.0,0
0.0739,55,0,0.607,,7,0,2,0,0.0,0
0.4881,63,0,0.6194,20395.0,6,0,2,0,0.0,0
5.5797,68,0,0.1479,4245.0,6,0,1,0,2.0,1
0.4395,48,0,0.576,4742.0,6,0,1,0,0.0,0
0.1351,53,0,0.8027,8354.0,7,0,2,0,0.0,0
0.778,64,0,0.5402,,5,0,2,0,,0
0.9427,21,0,0.8748,3838.0,15,0,0,0,0.0,1
0.1694,51,0,0.3356,8346.0,4,0,0,0,0.0,0
0.5779,49,0,0.4113,4535.0,8,0,1,0,0.0,0
0.2457,57,0,0.6327,4771.0,7,0,2,0,2.0,0
0.4829,41,0,0.6026,8672.0,5,0,3,0,0.0,0
3.5632,67,0,0.7371,12223.0,5,0,2,0,1.0,0
0.0894,42,0,0.52,3095.0,8,0,2,0,0.0,0
0.1475,46,0,0.4035,,10,0,1,0,0.0,0
0.7026,43,0,0.4595,3943.0,17,0,1,0,0.0,0
0.0351,69,0,0.4225,4293.0,5,0,1,0,0.0,0
0.7977,23,0,0.3998,5818.0,4,0,1,0,0.0,0
0.5805,77,0,0.425,4535.0,7,0,1,0,1.0,0
0.384,73,0,0.1317,5181.0,14,0,2,0,1.0,0
0.081,44,0,0.7074,1978.0,7,0,1,0,0.0,0
0.4898,66,0,0.4093,2472.0,7,0,2,0,0.0,0
0.1745,54,0,0.6329,6728.0,7,0,1,0,1.0,0
0.3976,75,0,0.7785,4980.0,11,0,1,0,0.0,0
0.3522,65,0,0.1511,8000.0,11,0,2,0,2.0,0
0.6543,83,0,0.4676,5440.0,9,0,1,0,0.0,0
0.8001,30,0,0.5998,6750.0,5,0,0,0,0.0,0
0.0424,55,0,0.634,5215.0,7,0,1,0,1.0,0
0.6967,28,0,0.4554,3233.0,13,0,2,0,1.0,0
7.664,45,0,0.3167,6082.0,12,0,1,0,2.0,0
0.2062,83,0,0.6003,18738.0,9,0,0,0,4.0,0
0.441,59,0,0.7097,5102.0,16,0,1,0,0.0,0
0.3555,66,0,0.3007,6950.0,8,0,2,0,1.0,0
0.2261,59,0,0.8137,4071.0,8,0,1,0,1.0,0
0.5027,58,0,0.5128,5114.0,14,0,2,0,0.0,0
0.5749,45,0,0.8943,,4,0,0,0,0.0,1
0.9283,42,0,0.6934,13303.0,9,0,2,0,0.0,0
0.2102,44,0,0.8544,9553.0,4,0,1,0,0.0,0
0.052,21,0,0.7939,4569.0,6,0,3,0,1.0,0
0.2093,51,0,0.3896,,7,0,0,0,0.0,0
0.1112,55,0,0.2141,3199.0,6,0,1,0,0.0,0
0.6011,43,0,0.2929,5899.0,4,0,1,0,1.0,0
1.2163,50,0,0.5728,,7,0,1,0,2.0,0
0.6979,59,1,0.6244,5374.0,5,0,3,1,1.0,0
0.5046,64,0,0.5633,9456.0,6,0,0,0,2.0,0
0.7884,35,0,0.2487,16173.0,10,0,0,0,0.0,0
0.1008,41,0,0.3557,3653.0,7,0,3,0,1.0,0
1.5438,63,0,1.0546,,11,0,0,0,1.0,0
0.336,60,0,0.2296,9222.0,10,0,2,0,0.0,0
0.4837,71,0,0.0444,14410.0,10,0,0,0,2.0,1
0.2644,70,0,0.6968,3610.0,6,0,1,0,0.0,0
0.4377,86,0,0.301,4301.0,6,0,2,0,2.0,0
0.3307,48,0,0.4637,4595.0,7,0,0,0,2.0,0
2.5816,74,0,0.3983,,11,0,0,0,0.0,0
0.23,39,0,0.065,3550.0,15,0,2,0,1.0,0
0.5941,86,0,0.4162,,5,0,0,0,0.0,0
0.4077,58,0,0.8927,9198.0,13,0,1,0,1.0,0
0.3756,60,0,0.3724,3067.0,7,0,1,0,,0
0.5268,66,0,0.5698,6825.0,5,0,2,0,,0
0.4654,33,0,0.4963,,10,0,1,0,0.0,0
0.0661,37,0,0.7269,,10,0,1,0,1.0,0
0.3304,54,0,0.1398,2940.0,6,0,0,0,0.0,0
0.5207,57,0,0.4224,2551.0,7,0,0,0,1.0,0
3.9115,81,0,0.5909,5903.0,5,0,2,0,1.0,0
0.9822,39,0,0.9619,10859.0,11,0,0,0,1.0,0
0.2499,74,0,0.5256,4432.0,7,0,1,0,1.0,0
0.5886,48,0,0.6003,7657.0,6,0,0,0,0.0,0
0.0048,48,0,1.0186,5215.0,8,0,4,0,0.0,0
0.12,50,0,0.6154,8097.0,13,0,0,0,0.0,0
7.9864,48,0,0.0683,13190.0,13,0,4,0,0.0,0
0.48,59,0,0.3836,5129.0,8,0,1,0,1.0,0
0.4326,46,0,0.2014,,9,0,0,0,0.0,0
1.1101,32,4,0.2369,5271.0,13,0,1,1,0.0,0
0.4603,48,0,0.2813,28403.0,7,0,2,0,1.0,0
0.652,58,0,0.2819,16092.0,9,0,0,0,1.0,0
0.6377,32,0,0.3143,3329.0,10,0,2,0,0.0,0
0.9783,60,0,0.6346,6957.0,11,0,0,0,1.0,0
6.3391,69,1,0.1739,7862.0,5,0,0,0,0.0,0
0.2866,73,0,0.7515,17402.0,13,0,2,0,,0
0.1639,57,0,0.0696,21577.0,8,0,0,0,2.0,0
0.2432,27,0,0.5599,8329.0,13,0,0,0,0.0,0
0.4027,61,0,0.4564,,15,0,1,0,0.0,0
0.5671,66,0,0.3604,5037.0,7,0,1,0,1.0,0
3.2788,42,0,0.3037,2615.0,9,0,0,0,1.0,0
1.3644,51,0,0.0416,2765.0,7,0,0,0,0.0,0
0.3741,59,0,0.558,5270.0,5,0,0,0,2.0,0
0.5817,77,0,0.3233,11323.0,5,0,1,0,1.0,0
0.998,48,0,0.4582,6103.0,8,0,1,0,2.0,0
0.2265,64,0,0.4442,5609.0,9,0,0,0,2.0,0
0.6453,56,0,0.4861,3570.0,8,0,3,0,1.0,1
0.0613,55,0,0.531,7556.0,5,0,0,0,0.0,0
0.0546,71,0,0.2071,6976.0,8,0,2,0,1.0,0
0.5537,40,0,0.1,6410.0,2,0,1,0,2.0,0
0.1808,55,0,0.1452,8225.0,5,0,0,0,1.0,0
0.6143,52,0,0.0922,10647.0,5,0,0,0,1.0,0
1.8565,31,0,0.2083,2394.0,4,0,2,0,0.0,0
0.1992,69,0,0.5497,9174.0,12,0,3,0,0.0,0
0.1633,64,0,0.1317,,14,0,2,0,0.0,0
0.8109,52,0,0.2129,,6,0,2,0,1.0,0
0.0661,48,0,0.0438,1894.0,9,0,0,0,1.0,0
0.9484,52,0,0.6746,2912.0,6,0,0,0,0.0,0
0.294,62,0,0.8664,6985.0,8,0,1,0,1.0,0
0.1714,53,0,0.2647,,11,0,2,0,1.0,0
0.7033,43,0,0.2953,7381.0,6,0,0,0,,0
1.257,45,0,0.7764,3042.0,9,0,1,0,2.0,0
0.5449,52,0,0.3113,4618.0,3,0,0,0,3.0,0
0.2601,39,0,0.2339,9190.0,8,0,0,0,0.0,0
0.2683,57,0,0.2557,4242.0,13,0,2,0,0.0,0
0.67,41,0,0.4451,3796.0,9,0,1,0,0.0,0
0.789,39,0,0.9484,6344.0,9,0,1,0,0.0,0
0.2062,95,0,0.4662,6058.0,10,0,1,0,4.0,0
0.1572,79,0,0.4834,3755.0,9,0,0,0,1.0,0
0.1546,54,0,0.51,4938.0,8,0,2,0,,0
0.0611,64,0,0.627,6366.0,9,0,1,0,0.0,0
0.5195,66,0,0.6449,,11,0,0,0,0.0,0
0.7248,51,0,0.7646,3442.0,16,0,0,0,1.0,1
0.5152,56,0,0.2952,2192.0,6,0,3,0,1.0,0
1.1881,48,2,0.2098,,7,0,2,0,0.0,0
0.0174,70,0,0.565,,6,0,0,0,1.0,0
0.2568,70,0,0.037,,15,0,1,0,3.0,0
3.3929,74,0,0.6267,5008.0,7,0,0,0,0.0,1
0.1862,56,0,0.6807,5142.0,12,0,2,0,0.0,0
1.5667,82,0,0.5808,7541.0,9,0,0,0,1.0,0
0.5781,51,0,0.0721,,9,0,2,0,1.0,0
1.8422,81,0,0.2765,5731.0,6,0,1,0,1.0,0
0.19,46,0,0.4507,7643.0,15,0,1,0,1.0,0
0.6873,34,0,0.4075,2516.0,4,0,1,0,2.0,1
0.0597,80,0,0.2954,9204.0,8,0,0,0,0.0,0
0.4542,61,0,0.1054,6158.0,12,0,2,0,0.0,0
0.8939,59,0,0.46,10277.0,8,0,2,0,0.0,0
0.4195,47,0,0.4206,,7,0,0,0,2.0,0
0.3974,40,0,0.778,4324.0,10,0,1,0,1.0,0
0.6318,41,0,0.4045,1619.0,5,0,1,0,1.0,0
0.8642,54,0,0.467,7733.0,12,0,0,0,1.0,0
0.5962,50,0,0.1259,4692.0,6,0,0,0,0.0,1
0.4056,25,0,0.4729,2486.0,7,0,1,0,0.0,0
0.9446,76,0,0.5923,9728.0,18,0,2,0,1.0,0
2.9634,46,0,0.8443,2528.0,10,0,1,0,0.0,0
0.0474,69,0,0.2852,3674.0,7,0,2,0,0.0,0
1.0458,42,0,0.7131,4202.0,11,0,0,0,1.0,0
0.445,54,0,0.5148,5731.0,8,0,0,0,0.0,0
0.3459,66,0,0.4996,7010.0,9,0,2,0,0.0,0
0.249,64,0,0.8053,3528.0,7,0,1,0,1.0,0
0.7271,48,0,1.1061,4381.0,5,0,1,0,3.0,1
0.2666,59,0,0.5986,,5,0,1,0,0.0,0
0.033,61,0,0.2492,,9,0,0,0,2.0,0
0.2028,50,0,0.5452,6277.0,6,0,0,0,1.0,0
0.3239,36,0,0.5896,12540.0,5,0,1,0,0.0,0
0.0375,43,0,1.093,6371.0,7,0,4,0,0.0,0
0.0052,47,0,0.4323,5717.0,5,0,2,0,1.0,0
0.0268,52,0,0.4018,,16,0,0,0,0.0,0
0.8964,74,0,0.4987,4006.0,10,0,0,0,1.0,0
2.5859,65,2,0.2566,5063.0,8,0,0,2,1.0,0
9.143,41,0,0.7577,,8,0,0,0,0.0,0
0.0179,78,0,0.6115,3442.0,4,0,0,0,0.0,0
0.0205,51,0,0.7136,4829.0,8,0,0,0,0.0,0
0.2476,61,0,0.7864,5899.0,5,0,1,0,2.0,0
0.9335,39,0,0.3743,7171.0,13,0,2,0,2.0,1
0.2198,46,0,0.2931,7414.0,5,0,2,0,1.0,0
0.1365,67,0,0.587,1738.0,5,0,0,0,1.0,0
0.027,40,0,0.6172,,5,0,0,0,,0
0.7746,53,0,0.1474,,9,0,1,0,2.0,0
0.4137,59,0,1.1635,4307.0,8,0,1,0,1.0,0
0.599,38,0,0.2424,1655.0,9,0,0,0,0.0,0
0.4966,27,0,0.453,,6,0,1,0,0.0,0
0.5424,65,0,0.0995,4448.0,9,0,0,0,1.0,0
0.5082,92,0,0.564,2951.0,9,0,0,0,1.0,0
2.7388,58,1,0.4159,,5,0,0,1,0.0,0
0.6303,61,0,0.3443,8187.0,5,0,1,0,2.0,1
0.7613,40,0,0.5812,17401.0,14,0,1,0,0.0,0
0.5575,73,0,0.699,5238.0,7,0,1,0,3.0,1
0.3643,47,0,0.1031,6340.0,8,0,2,0,3.0,0
0.2305,68,0,0.2909,,6,0,0,0,2.0,0
0.5002,61,0,0.836,4100.0,6,0,0,0,0.0,0
0.4589,61,0,0.9616,9960.0,11,0,0,0,1.0,0
0.3362,60,0,0.695,,9,0,2,0,2.0,0
0.6272,60,0,1.183,1183.0,1,0,1,0,1.0,1
0.3927,56,0,1.0446,10418.0,9,0,0,0,0.0,0
0.023,66,0,0.7263,3777.0,6,0,1,0,1.0,0
0.0472,42,0,0.7062,4066.0,4,0,0,0,0.0,0
1.5098,49,0,0.1729,5604.0,12,0,2,0,1.0,0
0.205,73,0,0.6246,3433.0,6,0,1,0,1.0,0
0.9016,54,0,0.2565,5842.0,8,0,1,0,1.0,1
0.3562,47,0,0.552,7903.0,5,0,1,0,1.0,0
0.0445,66,0,0.4415,3525.0,10,0,0,0,0.0,0
1.038,64,0,0.6224,9917.0,8,0,1,0,0.0,0
0.766,34,0,0.335,6263.0,5,0,0,0,3.0,0
4.3969,62,0,0.3625,8062.0,9,0,1,0,,0
0.3259,54,0,0.5359,8231.0,7,0,2,0,0.0,0
0.4785,62,0,0.8672,10077.0,5,0,3,0,0.0,0
0.2993,52,0,0.324,9744.0,11,0,0,0,0.0,0
0.1073,59,1,0.2288,5874.0,7,0,1,0,0.0,0
3.0253,26,0,0.0199,782.0,8,0,0,0,2.0,0
1.0337,39,0,0.0449,16830.0,10,0,0,0,0.0,0
0.2882,62,0,0.5455,8270.0,7,0,0,0,0.0,0
0.6567,89,0,0.4955,,9,0,1,0,0.0,1
0.8881,57,0,0.4979,3670.0,10,0,0,0,1.0,0
0.1868,42,0,0.0991,6735.0,15,0,3,0,1.0,0
0.4843,54,0,0.3043,3572.0,4,0,1,0,0.0,0
0.5702,39,0,0.7124,1555.0,12,0,1,0,0.0,0
0.0581,69,0,0.4491,5513.0,5,0,1,0,3.0,0
0.526,53,1,0.1564,,10,0,2,0,2.0,0
0.8682,67,0,0.5928,12989.0,10,0,2,0,1.0,0
0.501,50,0,0.7692,,7,0,0,0,1.0,0
0.0753,68,0,0.8151,8426.0,9,0,0,0,0.0,0
0.0181,29,0,0.7043,2033.0,11,0,0,0,1.0,0
0.9727,52,0,0.279,7595.0,6,0,3,0,1.0,0
1.2452,60,0,0.5401,3583.0,4,0,0,0,1.0,0
1.3922,48,0,0.2009,6495.0,6,0,0,0,2.0,0
0.5313,57,0,0.0804,8422.0,13,0,2,0,2.0,0
5.3396,57,0,0.3822,11197.0,5,0,3,1,1.0,0
0.206,67,1,0.2217,2166.0,7,0,2,0,0.0,0
0.3022,61,1,0.4319,5885.0,6,0,0,0,0.0,0
0.2095,58,0,0.0701,4729.0,10,0,1,0,1.0,0
0.0067,64,0,0.2703,2557.0,5,0,0,0,1.0,0
0.4129,33,0,0.9583,6374.0,5,0,1,0,0.0,0
3.5612,41,0,0.5101,8406.0,8,0,0,0,1.0,0
0.3165,33,0,0.3644,10993.0,10,0,0,0,2.0,0
1.2625,60,0,0.6217,6201.0,7,0,5,0,0.0,0
0.0025,58,0,0.4839,2660.0,14,0,0,0,1.0,0
0.3892,71,0,0.5738,14764.0,12,0,2,0,0.0,0
0.6287,57,0,1.0579,5233.0,7,0,2,0,0.0,0
0.1344,43,0,0.6962,2898.0,4,0,0,0,1.0,0
0.7165,54,0,0.4082,,7,0,1,0,2.0,0
1.0732,26,0,0.4296,6312.0,6,0,1,0,0.0,0
0.1244,46,1,0.4685,2253.0,4,0,1,0,1.0,0
0.1908,21,0,0.0946,,6,0,0,0,0.0,0
0.1896,57,2,0.3939,9717.0,7,0,1,0,1.0,0
1.1545,48,0,0.1347,8073.0,8,0,1,0,1.0,0
0.7473,50,0,0.3994,,4,0,0,0,0.0,0
0.5794,39,0,0.2561,3384.0,10,0,0,0,1.0,0
0.0241,43,0,0.4743,7801.0,10,0,0,0,3.0,0
0.5766,62,0,0.9823,5571.0,9,0,1,0,2.0,0
0.28,32,0,0.6171,6176.0,9,0,0,0,1.0,0
0.8201,59,0,0.5337,3389.0,10,0,0,0,1.0,0
0.1809,41,0,0.4468,4414.0,10,0,3,0,2.0,0
0.3464,28,0,0.7807,,7,0,2,0,0.0,0
0.1605,69,0,0.7256,,10,0,1,0,0.0,0
0.0875,71,0,0.4782,8676.0,4,0,3,0,0.0,0
0.7066,44,0,0.8627,2009.0,6,0,1,0,0.0,1
0.2694,44,0,0.6101,2935.0,7,0,1,0,0.0,0
0.4523,48,0,0.013,,5,0,0,0,0.0,0
0.0242,41,0,0.8373,3122.0,5,0,1,0,2.0,0
0.3321,43,0,0.6281,9778.0,6,0,2,0,0.0,0
0.1789,58,0,0.1878,3564.0,6,0,0,0,1.0,0
0.1653,81,0,0.2466,,9,0,3,0,1.0,0
0.2113,47,0,0.7109,12352.0,8,0,3,0,0.0,0
0.6774,66,0,0.6374,15665.0,10,0,0,0,1.0,0
4.9019,57,0,0.3533,6043.0,7,0,0,0,0.0,0
0.7985,29,0,0.1792,,5,0,0,0,0.0,0
0.3767,52,0,0.7249,8981.0,13,0,0,0,0.0,0
1.0944,50,0,0.7503,3891.0,11,0,1,0,3.0,0
0.3229,73,0,0.6356,13861.0,6,0,1,0,4.0,0
0.469,73,0,0.6035,3337.0,15,0,0,0,1.0,0
0.4486,57,0,0.6094,6099.0,3,0,0,0,0.0,0
2.6965,69,0,0.8234,4960.0,4,0,1,0,0.0,1
0.1367,50,0,0.1175,2740.0,7,0,0,0,,0
0.8924,68,0,0.0591,4405.0,10,0,0,0,0.0,0
1.9034,53,2,0.2433,11019.0,15,0,0,1,1.0,0
0.7171,67,0,0.9832,5921.0,8,0,1,0,0.0,0
0.781,69,0,0.4948,8640.0,17,0,2,0,0.0,0
0.0627,62,0,0.151,4578.0,4,0,1,0,1.0,0
3.235,42,0,0.1721,,14,0,3,0,2.0,1
0.3121,46,0,0.0273,11550.0,11,0,1,0,1.0,1
0.9038,63,0,0.2862,2367.0,6,0,1,0,2.0,0
0.3389,65,0,0.3611,4099.0,8,0,0,0,3.0,0
0.1738,54,0,0.4244,2309.0,7,0,1,0,0.0,0
0.1037,48,0,0.3662,9965.0,13,0,3,0,1.0,1
0.6399,55,2,0.7025,4472.0,14,0,3,0,0.0,0
0.1607,48,0,0.478,8787.0,8,0,0,0,0.0,0
1.0037,48,0,0.2338,7665.0,8,0,3,0,0.0,0
0.1099,79,0,0.5931,,9,0,1,0,1.0,0
1.5775,45,0,0.4038,10296.0,6,0,1,0,0.0,0
0.6566,59,0,0.4815,,11,0,0,2,0.0,0
0.622,54,0,1.2066,4141.0,7,0,2,0,0.0,1
0.3304,35,2,1.0805,4501.0,8,0,1,0,0.0,0
0.5121,34,2,0.4624,2029.0,10,1,2,1,0.0,0
3.1722,51,1,0.3315,1890.0,4,0,3,1,1.0,0
0.8257,25,0,0.2774,3494.0,13,0,1,0,3.0,0
2.466,78,0,0.3497,3008.0,7,0,1,0,1.0,0
0.3287,47,0,0.7933,4943.0,9,0,1,0,2.0,0
0.3762,46,0,0.0943,3807.0,11,0,0,0,0.0,0
0.8723,69,2,0.8064,,8,0,1,0,1.0,0
0.875,50,0,0.731,5325.0,6,0,2,0,1.0,0
0.326,61,0,0.7061,11434.0,10,0,2,0,1.0,0
0.566,44,0,0.8469,6668.0,7,0,1,0,0.0,0
0.7064,53,0,0.8499,7646.0,11,0,1,0,0.0,0
0.7435,66,0,0.6122,3853.0,10,0,2,0,2.0,0
0.1213,40,1,0.424,7342.0,8,0,2,0,2.0,0
0.7935,59,0,0.1388,4497.0,8,0,0,0,0.0,0
0.0638,21,0,0.4201,2585.0,6,0,2,0,0.0,0
0.1451,70,0,0.3299,4527.0,6,0,3,0,0.0,0
6.8076,44,0,0.4081,7924.0,9,0,1,0,2.0,0
0.0102,51,0,0.8583,11206.0,8,0,1,0,0.0,0
0.2225,51,0,0.2675,5789.0,12,0,2,0,0.0,0
0.7853,38,0,0.3253,,14,0,0,0,0.0,1
0.6443,37,0,0.845,4423.0,4,0,0,0,0.0,0
0.0271,59,0,0.4102,,10,0,2,0,0.0,0
2.32,60,0,0.8322,5827.0,10,0,0,0,2.0,0
0.1577,40,0,0.2725,4794.0,5,0,0,0,1.0,0
0.1706,60,2,0.0452,5812.0,11,0,1,0,0.0,0
0.4223,60,0,0.3995,4249.0,9,0,2,0,1.0,0
0.0308,47,0,1.3019,16044.0,9,0,4,0,0.0,0
0.311,34,0,0.7858,9095.0,7,0,0,0,1.0,0
5.2096,51,3,0.8435,4810.0,3,0,2,1,4.0,0
0.2749,57,0,0.8178,4765.0,6,0,1,0,0.0,0
11.882,51,0,0.8232,7350.0,9,0,0,0,2.0,0
0.7715,44,0,0.1561,,1,0,2,0,4.0,0
0.3451,59,0,0.5491,5357.0,6,0,1,0,1.0,0
0.795,70,0,0.1166,9272.0,16,0,1,0,2.0,1
0.2077,41,0,0.3916,7464.0,9,0,0,0,0.0,0
0.4394,48,0,0.8012,12547.0,9,0,1,0,0.0,0
1.5432,90,0,0.1432,,6,0,3,0,1.0,1
0.5095,56,0,0.3336,3104.0,6,0,1,0,1.0,0
0.7046,34,0,0.1665,3051.0,9,0,0,0,3.0,0
0.2746,45,0,0.6521,7647.0,3,0,1,0,1.0,0
0.4245,41,0,0.1372,2737.0,11,0,1,0,0.0,0
0.245,57,0,0.7328,,8,0,0,0,1.0,0
0.2164,56,0,0.9229,4678.0,4,0,0,0,0.0,0
0.3554,43,0,0.1813,,11,0,0,0,1.0,0
0.4942,78,0,0.322,4703.0,10,0,2,0,0.0,0
0.0407,53,0,0.5428,2162.0,6,0,3,0,1.0,0
0.2343,46,0,0.1885,,6,0,0,0,0.0,0
0.1484,35,0,0.138,2651.0,10,0,0,0,1.0,0
0.551,39,0,0.6891,2793.0,9,0,1,0,1.0,0
0.5942,35,0,0.1297,4020.0,10,0,0,0,,0
0.1969,49,0,0.4906,2773.0,6,0,2,0,0.0,0
4.7666,40,0,0.3489,13725.0,11,0,2,0,0.0,0
0.6844,63,0,0.3195,3099.0,9,0,2,0,2.0,1
0.2608,44,0,0.8021,4288.0,9,0,2,0,1.0,0
0.7767,64,0,0.4608,4106.0,6,0,0,0,0.0,0
0.0253,59,0,0.5191,7058.0,11,1,2,0,2.0,0
0.4308,61,0,0.8983,4274.0,11,0,0,0,0.0,0
0.0032,65,0,0.517,,5,0,1,0,1.0,0
0.0537,80,0,0.779,12185.0,8,0,0,0,2.0,0
0.6107,40,0,0.6342,5558.0,9,0,1,0,0.0,0
0.133,64,0,0.5119,6572.0,5,0,1,0,0.0,0
0.4566,58,0,0.3783,,11,0,1,0,,0
1.1567,67,0,0.3692,17006.0,6,0,0,0,0.0,0
0.3375,54,0,0.2031,,5,0,2,0,1.0,0
0.2759,68,0,0.4979,5741.0,2,0,0,0,0.0,0
0.5627,34,0,1.1848,5240.0,10,0,1,0,1.0,1
0.3727,38,0,0.2642,,10,0,3,0,2.0,0
0.8155,44,0,0.3337,3593.0,10,0,3,0,0.0,0
1.6155,51,0,0.7943,6460.0,8,0,2,0,1.0,0
0.3711,53,0,0.9135,,5,0,3,0,3.0,0
0.1843,42,0,0.3696,1950.0,12,0,2,0,1.0,0
0.3988,38,0,0.4334,6670.0,9,0,0,0,1.0,0
0.8924,43,1,0.6641,10967.0,12,0,1,0,1.0,0
0.6361,28,0,0.5039,3391.0,10,0,2,0,2.0,1
0.1145,48,0,0.5778,5107.0,5,0,1,0,0.0,0
1.4567,51,0,0.7836,,5,0,0,0,1.0,0
0.3644,58,0,0.5458,2026.0,13,0,2,0,1.0,0
0.0638,54,0,0.6614,9392.0,8,0,0,0,1.0,0
0.0385,77,0,0.0539,10405.0,9,0,2,1,1.0,1
0.3679,63,0,0.694,,7,0,1,0,2.0,0
0.3467,62,0,0.2884,6438.0,13,0,0,0,1.0,0
0.3668,57,0,0.1596,,5,0,0,0,0.0,0
0.4468,60,0,0.4847,17629.0,7,0,4,0,2.0,0
0.5132,49,0,0.3919,3056.0,7,0,1,0,1.0,0
0.0525,53,0,0.0793,2185.0,6,0,1,0,0.0,0
0.0809,79,0,1.0913,7093.0,8,0,1,0,1.0,0
0.9484,51,0,0.6186,,7,0,1,0,2.0,0
0.0148,33,0,0.2412,2062.0,4,0,0,0,0.0,0
0.0109,62,0,0.14,,9,0,3,0,4.0,0
0.6101,64,0,0.506,,13,0,2,0,0.0,0
0.292,54,0,0.6323,1719.0,9,0,2,0,2.0,0
0.0809,26,0,0.3955,3225.0,8,0,0,0,1.0,0
7.8916,70,0,0.4805,,11,0,1,1,2.0,0
0.2343,55,0,0.5819,4202.0,5,0,0,0,0.0,0
5.3353,48,0,0.5928,3102.0,10,0,0,0,1.0,0
0.3017,69,0,0.2386,20465.0,8,0,0,0,0.0,0
0.0739,24,0,0.2357,1375.0,7,0,1,0,0.0,0
1.6985,54,0,0.5168,,6,0,1,0,1.0,0
0.5391,44,0,0.6718,26691.0,8,0,2,0,0.0,0
0.0474,73,0,0.5053,8324.0,4,0,2,0,0.0,0
8.5566,55,0,0.5859,,9,0,1,0,0.0,0
0.4837,40,2,0.2162,,7,0,3,0,0.0,0
0.7666,68,0,0.7234,12298.0,13,0,0,0,1.0,0
0.2452,21,0,0.3813,20371.0,9,0,1,0,0.0,0
1.4277,59,0,0.8888,17492.0,3,0,1,0,1.0,0
0.252,34,0,0.9735,3066.0,13,0,3,0,0.0,0
0.3753,46,0,0.5577,8759.0,4,0,0,0,0.0,0
1.068,49,2,0.5111,1940.0,10,1,1,0,1.0,0
0.3141,65,0,1.5244,6963.0,7,0,0,0,0.0,0
0.3943,83,0,0.2208,7401.0,5,0,1,0,0.0,0
0.1891,27,0,0.6797,2435.0,12,0,0,0,0.0,0
0.0115,58,0,1.0187,5326.0,13,0,1,0,1.0,0
0.3145,83,0,0.7074,17133.0,8,0,0,0,1.0,0
0.2005,44,0,0.5771,4845.0,7,0,2,0,2.0,0
0.3427,43,0,0.3627,,10,0,0,0,0.0,0
0.5577,55,0,0.0791,2690.0,8,0,1,0,1.0,0
0.093,64,2,0.0928,,4,0,0,1,0.0,0
0.1464,61,0,0.4509,2482.0,9,0,2,0,1.0,0
0.11,47,0,0.0274,4399.0,6,0,1,0,3.0,0
0.0676,41,1,0.6774,9156.0,10,0,0,2,1.0,0
0.2353,70,0,0.9353,5516.0,14,0,0,0,0.0,0
0.2106,41,0,0.4647,3586.0,5,0,0,0,0.0,0
2.5043,25,0,0.4947,3073.0,13,0,3,0,1.0,1
0.2607,32,0,0.2839,4824.0,6,0,1,0,2.0,0
1.7137,44,0,0.302,3577.0,12,0,3,0,0.0,0
3.8017,73,0,0.5188,1310.0,2,0,0,0,1.0,0
1.8729,35,0,0.7268,5992.0,14,0,0,0,1.0,0
0.2603,73,0,0.2356,3226.0,6,0,1,0,0.0,0
0.3889,70,0,0.9951,8637.0,7,0,1,0,0.0,0
1.8053,55,0,0.3674,7197.0,9,0,2,0,1.0,1
0.7529,21,0,0.7407,7913.0,7,0,1,0,1.0,0
3.4172,35,0,0.1464,4359.0,8,0,0,0,2.0,0
0.8083,43,0,0.5187,14958.0,3,0,0,0,0.0,0
0.7243,76,0,0.4212,3387.0,9,0,2,0,1.0,0
0.6354,44,0,0.6676,11915.0,7,0,1,0,1.0,0
0.276,41,0,0.7805,6018.0,9,0,1,0,1.0,0
0.549,55,0,0.1493,11500.0,7,0,1,0,2.0,0
0.209,32,0,0.3678,9311.0,9,0,1,0,1.0,0
0.449,52,0,0.352,,10,0,1,0,1.0,0
0.2178,41,0,0.1888,1157.0,6,0,1,0,0.0,0
0.7974,90,0,0.2268,4845.0,4,0,1,0,2.0,0
0.2107,39,0,0.6135,11789.0,3,0,1,0,1.0,0
0.6551,79,0,0.3675,5869.0,14,0,2,0,0.0,0
0.3397,36,0,0.1326,1556.0,9,0,0,0,0.0,0
5.2049,56,0,0.4004,3991.0,11,0,1,0,0.0,0
5.542,59,0,0.4215,7845.0,12,0,0,0,1.0,0
0.1291,54,0,0.4452,12748.0,8,0,2,0,2.0,1
0.5513,53,0,0.5981,5492.0,17,0,0,0,0.0,0
6.4474,64,0,0.5055,6677.0,13,0,0,0,,0
0.3541,58,0,0.1684,,7,0,0,0,,0
0.4915,50,0,0.8875,10777.0,5,0,0,0,1.0,0
0.719,43,0,0.7937,,6,0,3,0,0.0,0
0.7577,50,0,0.7537,6320.0,7,0,1,0,0.0,0
0.4269,50,1,0.0675,4903.0,6,1,1,1,0.0,0
1.1038,49,0,0.1893,6240.0,1,0,0,0,1.0,0
0.1458,53,0,0.2805,6288.0,9,0,1,0,0.0,0
0.5069,32,0,0.527,3962.0,9,0,1,0,2.0,0
1.604,38,0,0.3572,3593.0,6,0,0,0,0.0,0
0.54,64,0,0.7252,2687.0,9,0,1,0,1.0,0
0.2797,21,0,0.2118,1895.0,9,0,2,0,1.0,0
6.2196,69,0,0.2446,6826.0,11,0,1,0,0.0,0
0.5513,44,0,0.4472,8035.0,6,0,1,0,3.0,0
0.4515,75,0,0.5446,,5,0,1,0,2.0,1
0.2252,69,0,0.5427,,5,0,1,0,1.0,0
0.2815,47,0,0.4072,,3,0,2,0,0.0,0
0.4086,49,0,0.4994,4657.0,9,0,0,0,0.0,0
0.2809,74,0,1.139,5739.0,9,0,2,0,1.0,0
0.0907,70,0,0.4205,12380.0,7,0,2,0,1.0,0
0.0374,66,0,0.57,,13,0,1,0,,0
0.3805,68,0,0.1236,6082.0,6,0,1,0,1.0,0
0.0888,37,0,0.6899,2231.0,6,0,1,0,0.0,0
0.2314,55,0,0.3208,12320.0,5,0,1,0,1.0,0
0.0509,41,0,0.2445,3573.0,1,0,1,0,0.0,0
0.3102,36,0,0.427,,7,0,0,0,0.0,0
0.1206,54,0,0.3412,4595.0,9,0,0,0,2.0,0
0.7095,46,1,0.3969,3979.0,7,5,1,1,2.0,0
0.2291,50,0,0.8861,1526.0,8,0,0,0,1.0,0
0.6559,45,0,0.6847,11457.0,3,0,0,0,1.0,0
1.6669,34,1,0.1808,5069.0,13,2,1,0,1.0,0
0.9595,76,0,1.0111,9751.0,15,0,3,0,0.0,0
2.2448,54,0,0.2263,4815.0,8,0,0,0,1.0,0
3.5117,32,0,0.3981,3250.0,8,0,1,0,1.0,0
0.0563,55,0,0.1036,,7,0,2,0,1.0,0
0.849,73,0,0.6112,3918.0,7,0,2,0,1.0,1
0.8504,65,0,0.4755,6596.0,4,0,0,0,1.0,0
0.311,45,0,0.5948,,4,0,1,0,1.0,0
0.6047,45,0,0.7912,3805.0,4,0,1,0,1.0,1
0.221,39,0,0.0369,7847.0,11,0,0,0,0.0,0
0.0351,42,0,0.7675,7218.0,4,0,2,0,0.0,0
0.2915,43,0,0.4135,6269.0,7,0,0,0,2.0,0
0.6017,31,0,0.377,2681.0,7,0,0,0,1.0,0
0.4413,46,0,0.0747,7293.0,8,0,2,0,1.0,0
0.3612,57,0,0.4453,4350.0,2,0,0,0,0.0,0
0.9057,46,0,0.6074,2331.0,7,0,0,0,1.0,1
0.4303,55,0,0.0303,4539.0,7,0,2,0,0.0,0
0.9922,75,0,0.3212,6414.0,9,0,0,0,0.0,0
0.5862,78,0,0.2126,7262.0,3,0,2,0,1.0,0
3.6189,51,0,0.2834,,15,0,1,0,0.0,0
0.5731,64,0,0.3679,5642.0,6,0,1,0,0.0,0
0.1089,50,0,0.3024,3537.0,11,0,0,0,0.0,0
3.1467,45,1,0.2633,4659.0,8,0,0,0,1.0,0
0.2819,36,0,0.7628,8033.0,8,0,0,0,1.0,0
1.0333,53,0,0.4209,2849.0,7,0,2,0,2.0,0
0.3863,67,0,0.7851,2432.0,13,0,1,0,0.0,0
0.142,34,0,0.1539,3182.0,15,0,3,0,,0
0.6224,48,0,0.5959,,9,0,0,0,0.0,0
0.3904,47,0,0.6211,27233.0,3,0,1,0,0.0,0
0.2883,55,0,0.4444,5366.0,5,0,1,0,3.0,0
0.0492,56,0,0.3777,3834.0,5,0,2,0,1.0,0
0.1235,60,0,0.2369,7585.0,11,0,1,0,1.0,0
0.5683,79,0,0.5276,5550.0,6,0,0,0,2.0,0
2.06,40,0,0.5951,6388.0,8,0,1,0,2.0,0
2.0405,39,0,0.5905,4201.0,11,0,1,0,1.0,0
0.6799,55,0,0.3824,3999.0,5,0,1,0,2.0,0
0.083,72,0,0.5347,,9,0,0,0,0.0,0
0.3347,32,0,0.3048,,8,0,2,0,1.0,0
0.1339,57,0,0.3323,3369.0,6,0,2,0,0.0,0
0.8985,49,0,0.6271,23694.0,4,0,0,0,0.0,0
2.8373,64,0,0.3964,26856.0,8,0,2,0,0.0,0
0.7463,61,2,0.7367,3722.0,11,1,0,0,0.0,0
1.7212,53,0,0.3243,11605.0,10,0,0,0,0.0,0
5.2769,59,0,0.6867,6759.0,8,0,1,0,2.0,0
0.0242,43,0,0.6305,,5,0,1,0,2.0,0
0.3578,63,0,0.7805,5772.0,4,0,1,0,0.0,0
0.3836,71,0,0.3699,2713.0,10,0,2,0,1.0,0
0.8639,53,0,0.4044,4913.0,9,0,3,0,1.0,0
0.0488,46,0,0.172,4350.0,7,0,1,0,1.0,0
0.7097,50,0,0.7875,,8,0,2,0,1.0,0
1.0735,63,0,0.4241,8755.0,7,0,0,0,2.0,0
0.6276,51,0,0.2778,2658.0,10,0,0,0,0.0,0
0.7179,35,0,0.9023,,9,0,0,0,,0
4.5343,65,0,0.6868,4756.0,9,0,0,0,0.0,0
0.5706,38,0,0.602,5904.0,10,0,0,0,0.0,0
1.761,58,0,0.5495,2729.0,6,0,1,1,1.0,0
9.6031,26,0,0.853,4121.0,8,0,0,0,1.0,0
0.3468,54,0,0.9975,2664.0,10,0,0,0,0.0,0
0.2676,51,0,0.15,1521.0,10,0,0,0,0.0,0
0.0825,24,0,0.5089,7195.0,6,0,2,0,1.0,0
0.9164,57,0,0.2942,4138.0,5,0,1,0,1.0,0
0.3864,37,0,0.48,7713.0,13,0,2,0,0.0,0
0.9868,53,0,0.621,5772.0,6,0,3,0,2.0,0
0.2832,46,0,0.9032,4638.0,7,0,2,0,0.0,0
0.039,31,0,0.357,3984.0,6,0,0,0,2.0,0
0.2941,37,0,0.6738,8352.0,12,0,0,0,0.0,0
0.0894,38,0,0.3383,,13,0,2,0,0.0,0
0.4772,66,0,0.8186,5599.0,8,0,0,0,0.0,0
0.2311,64,0,0.659,11664.0,8,0,1,0,1.0,0
0.1995,83,0,0.956,5741.0,9,0,2,0,3.0,0
0.5672,45,0,0.2682,5785.0,9,0,3,0,2.0,0
0.5175,44,0,0.1812,7073.0,13,0,1,0,1.0,0
0.3429,54,0,0.9217,,7,0,0,0,2.0,0
0.3081,47,0,0.5558,3597.0,13,0,1,0,0.0,0
0.7794,44,0,0.4675,3444.0,7,0,3,0,0.0,0
2.2111,53,0,0.5583,9387.0,6,0,1,0,0.0,0
2.5563,62,0,0.3549,11505.0,6,0,1,0,1.0,0
0.4391,22,0,0.7352,2323.0,13,0,0,0,1.0,1
1.6455,44,0,0.691,4601.0,8,0,2,0,1.0,0
1.1492,32,0,0.6533,2856.0,4,0,0,0,1.0,0
0.406,50,0,0.1348,12722.0,10,0,0,0,2.0,0
0.0233,58,0,0.6331,,10,0,0,0,3.0,0
0.1323,68,0,0.1436,11084.0,13,0,1,0,1.0,0
0.0748,46,0,0.4109,4556.0,9,0,0,0,2.0,0
5.2801,53,0,0.3143,2808.0,10,0,0,0,0.0,0
0.8456,28,0,0.4729,,10,0,1,0,1.0,0
4.6113,40,0,0.8043,4710.0,4,0,0,0,1.0,0
0.3565,55,0,0.6151,13919.0,5,0,0,0,,0
0.0312,33,0,0.9582,3484.0,11,0,0,0,2.0,0
0.5919,69,0,0.1189,18849.0,6,0,2,0,1.0,0
0.4568,59,0,0.499,4367.0,4,0,1,0,0.0,0
0.8967,39,0,0.1488,4329.0,12,0,0,0,1.0,0
0.1465,31,0,0.8642,2286.0,11,0,1,0,0.0,0
0.1138,42,0,0.4804,,15,0,1,0,0.0,0
0.1711,39,0,0.6369,2800.0,8,0,0,0,1.0,0
1.9991,35,0,0.7424,5958.0,9,0,2,0,2.0,0
0.0872,32,3,0.1023,9454.0,9,0,1,0,3.0,1
0.4292,49,0,0.1515,17576.0,6,0,0,0,0.0,0
1.0323,62,0,0.2891,,11,0,1,0,2.0,0
2.1251,42,1,0.2628,5435.0,6,0,1,0,2.0,0
0.2306,58,0,0.8047,,4,0,1,0,0.0,0
0.457,47,0,0.209,16032.0,8,0,1,0,0.0,0
0.389,61,0,0.3851,837.0,15,0,0,0,0.0,0
0.6256,41,0,0.2364,7068.0,10,0,1,0,1.0,0
0.3152,56,0,0.104,2118.0,4,0,1,0,1.0,0
0.1625,54,0,0.9311,1828.0,6,0,1,0,2.0,0
0.1781,71,0,0.3158,11507.0,15,0,0,0,0.0,0
0.4439,60,0,0.235,,9,0,1,0,0.0,0
0.1738,56,0,0.0768,8962.0,10,0,0,0,2.0,0
3.3405,31,0,0.3891,4909.0,6,0,0,0,1.0,0
0.577,45,0,0.3492,2868.0,5,0,2,0,0.0,0
0.3878,41,0,0.4896,2362.0,9,1,0,0,0.0,0
0.1338,40,0,0.5619,,4,0,2,0,0.0,0
0.6655,52,0,0.4324,3102.0,8,0,0,0,0.0,0
0.3704,55,0,0.3293,,7,0,3,0,1.0,0
0.1523,56,0,0.555,9326.0,2,0,0,0,1.0,0
0.0611,70,0,0.3862,5958.0,7,0,0,0,1.0,0
1.5811,59,0,0.1712,6145.0,3,0,0,0,0.0,0
0.3377,35,0,0.1594,5345.0,9,0,2,0,0.0,0
0.0342,55,3,0.2142,,5,0,3,0,1.0,0
0.6153,60,0,0.5035,,4,0,5,0,0.0,1
0.4141,70,0,0.1359,,10,0,2,0,0.0,0
0.1763,50,0,0.4078,2351.0,7,0,1,0,1.0,0
0.2806,50,0,0.7988,4491.0,7,0,0,0,0.0,0
0.1355,67,0,0.1652,2831.0,10,0,1,0,0.0,0
8.4035,55,0,0.5798,5725.0,10,0,2,0,0.0,0
0.2176,30,0,0.4149,6842.0,8,0,1,0,0.0,0
0.7012,27,0,0.6636,7940.0,8,0,0,0,0.0,0
0.2228,78,0,1.1108,3079.0,6,0,0,0,0.0,0
0.1228,28,0,0.6599,9780.0,6,0,1,0,0.0,0
0.3694,50,0,0.4014,10131.0,7,0,1,0,0.0,0
0.4243,64,1,0.3974,,8,0,0,0,0.0,0
1.1597,27,2,0.4798,,3,0,0,1,1.0,0
0.4273,37,0,0.5483,17103.0,4,0,0,0,1.0,0
0.5683,35,0,0.6808,5119.0,6,0,1,0,0.0,0
0.6264,77,0,0.1012,19062.0,5,0,0,0,1.0,0
0.6615,80,0,0.6658,3154.0,12,0,2,0,0.0,0
1.23,42,0,0.3026,17137.0,12,0,1,0,1.0,0
2.1386,60,0,0.1215,8905.0,7,0,1,0,0.0,0
0.7045,56,0,0.1642,15933.0,9,0,1,0,4.0,0
0.359,48,0,0.7461,3222.0,8,0,2,0,2.0,0
0.4309,29,0,0.4608,5333.0,10,0,2,0,0.0,0
0.4,84,0,0.7777,11007.0,7,0,2,0,1.0,0
1.3332,27,0,0.5066,3646.0,5,0,1,0,0.0,0
6.151,55,0,0.3072,4613.0,11,0,0,0,1.0,0
0.1651,43,0,0.2468,5947.0,12,0,1,0,2.0,0
0.1242,66,0,0.3168,7714.0,9,0,2,0,2.0,0
0.8134,64,0,0.2216,2482.0,8,0,3,0,0.0,0
0.1559,38,0,0.4073,3304.0,13,0,0,0,2.0,0
0.5611,41,0,0.1673,2679.0,3,0,1,0,0.0,0
1.0531,30,0,0.8946,4057.0,10,0,2,0,2.0,0
0.7684,55,0,0.3339,3471.0,6,0,0,0,2.0,0
0.5904,62,0,0.687,9804.0,7,0,1,0,1.0,0
0.5124,46,0,1.0237,8575.0,7,0,0,0,1.0,0
0.9356,49,0,0.6512,,4,0,1,0,1.0,0
0.1415,79,1,0.4253,,4,0,1,1,0.0,0
1.0195,65,0,0.3522,3212.0,7,0,0,0,1.0,0
0.835,71,0,0.3259,16656.0,5,0,1,0,0.0,0
0.7018,21,0,0.5722,,10,0,1,0,3.0,0
0.3632,60,0,0.5515,5095.0,5,0,0,0,1.0,0
0.7169,56,0,0.6373,5206.0,3,0,0,0,2.0,0
0.4302,34,0,0.6246,15912.0,10,0,1,0,2.0,0
0.4879,37,0,0.905,20477.0,9,0,2,0,1.0,0
1.2169,49,0,0.676,3620.0,7,0,1,0,3.0,0
0.7939,33,0,0.7856,7406.0,4,0,0,0,,0
0.0184,41,0,0.135,8536.0,11,0,2,0,,0
0.3232,46,0,0.1954,11855.0,3,0,3,0,1.0,0
0.0396,60,3,0.6855,5417.0,9,1,4,0,1.0,0
0.0424,42,0,0.7692,6255.0,14,0,1,0,0.0,0
0.352,46,0,0.5879,,7,0,1,0,2.0,0
0.4085,66,0,0.1217,4228.0,9,0,2,0,0.0,0
0.9358,27,0,0.7042,1652.0,8,0,1,0,2.0,0
2.9536,55,1,0.1883,18519.0,7,0,2,0,4.0,0
0.4591,57,0,0.288,6271.0,9,0,0,0,0.0,0
0.267,58,0,0.0828,3444.0,7,0,0,0,0.0,0
0.5801,45,0,0.2174,10600.0,11,0,1,0,1.0,0
0.4682,37,0,0.3758,9597.0,5,0,1,0,2.0,0
0.0368,73,0,0.7532,1434.0,9,0,0,0,0.0,0
0.43,40,0,0.1083,9561.0,9,0,1,0,0.0,0
0.0907,36,0,0.2669,8000.0,7,0,0,0,2.0,0
0.7381,52,0,0.773,6930.0,6,0,1,0,1.0,0
0.3192,42,0,0.1315,9468.0,8,0,2,0,1.0,0
0.3685,67,0,0.1521,5538.0,12,0,1,0,1.0,0
0.4282,48,0,0.1675,2636.0,9,0,1,0,2.0,0
0.1432,69,0,0.4358,,5,0,1,0,2.0,0
1.5537,58,0,0.8982,,7,0,0,0,1.0,0
0.388,47,0,0.9853,3669.0,9,0,1,0,1.0,0
3.8566,68,1,0.2714,4736.0,8,0,1,0,0.0,0
0.2333,43,0,1.1911,,6,0,1,0,0.0,0
0.6281,48,0,0.9392,,9,0,3,0,0.0,0
0.1333,59,0,0.8205,,13,0,2,0,0.0,0
0.3454,55,0,0.6342,5249.0,7,0,1,1,0.0,0
0.4751,43,0,0.4496,3793.0,5,0,1,0,1.0,0
1.2486,30,0,0.4537,,12,0,1,0,1.0,1
7.8228,52,0,0.503,3985.0,11,0,2,0,1.0,0
0.083,42,0,0.1756,7905.0,9,0,0,0,0.0,0
0.1926,52,0,0.4365,1833.0,6,0,1,0,2.0,0
0.0692,46,0,0.651,,4,0,2,0,1.0,0
0.4554,42,0,0.5689,3510.0,8,0,0,0,0.0,0
0.4824,48,0,0.2899,,9,0,1,0,1.0,0
0.7712,51,0,0.1718,6056.0,9,0,2,0,0.0,0
0.1846,62,0,0.5693,3814.0,4,0,2,0,3.0,0
0.4813,58,0,0.1833,13265.0,4,0,0,0,1.0,0
0.7044,81,0,0.2576,4480.0,3,0,3,0,1.0,0
0.7692,54,0,0.4404,,11,0,0,0,1.0,0
0.7407,43,0,0.4679,3597.0,14,0,1,0,0.0,0
0.782,50,0,0.1439,3657.0,4,0,0,0,0.0,0
0.1325,60,0,0.789,1463.0,6,0,0,0,1.0,0
0.473,66,0,0.9683,,9,0,0,0,0.0,0
0.5767,71,0,0.083,10559.0,7,0,0,0,0.0,1
0.2813,38,0,0.4217,3152.0,7,0,1,0,1.0,0
1.093,70,2,0.5238,1223.0,6,0,1,0,1.0,0
0.5417,51,0,0.5524,,9,0,1,0,1.0,1
0.0209,39,0,0.7138,4282.0,7,0,2,0,1.0,0
0.1969,49,0,0.3335,16695.0,8,0,0,0,0.0,0
0.6246,69,0,0.2545,11400.0,8,0,2,0,0.0,0
0.4746,58,0,0.538,8051.0,11,0,3,0,0.0,0
0.29,35,0,0.9095,,8,0,0,0,,0
0.5306,35,0,0.6205,2463.0,5,0,1,0,1.0,0
0.0835,35,0,0.5748,10601.0,7,0,0,0,0.0,0
0.2885,42,0,0.6768,7394.0,7,0,0,0,,0
0.8546,53,0,0.6002,3945.0,9,0,1,0,1.0,0
1.1725,36,0,0.5005,,4,0,0,0,0.0,0
1.3677,46,0,0.4685,26468.0,6,0,6,2,1.0,0
0.6923,72,0,0.5464,,9,0,1,0,0.0,1
4.2782,75,0,0.3507,1564.0,7,0,2,0,1.0,1
1.1554,74,0,0.7701,2059.0,7,0,1,0,0.0,0
0.1975,27,0,0.5628,9179.0,8,0,1,0,1.0,0
0.0991,75,0,0.093,12255.0,7,0,1,0,1.0,1
0.6632,53,0,0.2548,,4,0,0,0,0.0,0
0.2671,53,0,0.2621,5886.0,6,0,0,0,0.0,0
0.4795,66,0,0.4732,9045.0,9,0,2,0,0.0,0
1.6892,62,0,0.1886,4317.0,13,0,0,0,0.0,0
0.1134,26,0,0.4759,9284.0,8,0,0,0,0.0,0
0.5744,43,0,0.2772,8972.0,10,0,2,0,0.0,0
0.1013,47,0,0.4116,4710.0,6,0,1,0,,0
0.9377,33,0,0.7962,2791.0,8,0,2,0,1.0,0
0.7474,66,0,0.4086,3417.0,6,0,1,0,0.0,0
0.2447,72,0,0.4838,5350.0,9,0,0,0,1.0,0
0.3103,52,0,0.4185,5934.0,14,0,2,0,3.0,0
0.4095,56,0,0.3023,3074.0,8,0,1,0,2.0,0
0.0548,52,0,1.1275,3177.0,5,0,1,0,0.0,0
1.408,53,0,0.4044,,6,0,0,0,1.0,0
0.7121,68,0,0.5632,3587.0,4,0,4,0,1.0,0
0.7089,27,0,0.7088,8786.0,7,0,0,0,1.0,0
0.7753,59,0,1.019,6471.0,7,0,3,0,0.0,0
0.0898,52,0,0.2838,5605.0,7,0,1,0,0.0,0
0.477,42,0,0.4477,7649.0,4,0,1,0,0.0,1
2.8724,45,0,0.0554,5947.0,3,0,1,0,0.0,0
0.6998,78,0,0.2978,6542.0,7,0,1,0,0.0,0
0.0254,33,0,0.0733,8429.0,6,0,0,0,0.0,0
0.4412,50,0,0.3229,5065.0,8,0,1,0,1.0,0
0.8383,75,0,0.9312,9946.0,7,0,1,0,0.0,0
0.5106,34,0,0.3593,7305.0,12,0,1,0,0.0,0
0.6564,46,0,0.3195,6833.0,5,0,2,0,0.0,0
0.4742,53,0,0.434,,7,0,1,0,2.0,0
0.1527,58,0,0.5648,2298.0,4,0,1,0,0.0,0
2.1469,51,0,0.8231,11040.0,13,0,1,0,1.0,0
0.7328,39,0,0.859,,11,0,3,0,2.0,0
3.0255,58,0,0.6337,18691.0,6,0,0,0,1.0,0
0.558,51,0,0.1115,4221.0,8,0,5,0,,0
0.9829,61,0,0.7182,8656.0,13,0,1,0,1.0,0
0.4833,65,0,0.7702,17686.0,9,0,1,0,2.0,0
0.107,31,0,1.1161,3500.0,6,0,2,0,1.0,0
5.4184,66,0,0.1862,,15,0,1,0,1.0,0
4.1844,48,0,0.2256,3986.0,12,0,0,0,0.0,0
0.3394,64,0,0.7402,,14,0,3,0,0.0,0
0.0042,59,0,0.1038,4440.0,9,0,1,0,1.0,0
0.2311,78,0,0.3439,1264.0,3,0,1,0,2.0,0
0.4378,52,0,0.2909,5608.0,12,0,1,0,3.0,0
0.6874,46,0,0.451,,9,0,2,0,0.0,0
0.1656,45,0,0.4332,1894.0,9,0,3,0,1.0,0
0.3321,37,0,0.2155,2909.0,9,0,0,0,0.0,0
1.1535,63,0,1.1264,6213.0,10,0,0,0,0.0,0
0.5623,37,0,0.8205,1665.0,10,0,1,0,1.0,0
0.0617,63,0,0.7478,,7,0,0,0,2.0,0
0.2452,49,0,0.9197,,7,0,3,0,0.0,0
0.2935,27,0,0.4488,5259.0,5,0,0,0,1.0,0
0.3016,73,0,0.0893,11330.0,9,0,0,0,0.0,0
0.349,21,0,0.9472,8845.0,6,0,2,0,1.0,0
0.6897,51,0,0.3258,3757.0,13,0,2,0,1.0,0
0.0867,55,0,0.4388,6036.0,2,0,3,0,,0
5.1457,21,0,0.4802,2844.0,7,0,1,0,1.0,0
0.7562,58,0,0.2008,18698.0,5,0,0,0,0.0,0
1.2253,43,0,0.9816,6887.0,5,0,0,0,3.0,0
0.9206,49,0,0.4947,,8,0,1,0,1.0,0
0.9933,71,0,0.7833,5702.0,9,0,2,0,0.0,0
2.2277,54,0,0.3042,2458.0,13,0,1,0,0.0,0
0.058,47,0,0.2217,,7,0,2,0,2.0,0
0.1057,50,0,0.3712,3291.0,10,0,0,0,0.0,0
0.189,77,0,0.1747,,6,0,2,0,2.0,0
0.459,58,0,0.4801,5913.0,7,1,0,1,2.0,0
0.1931,40,0,0.465,3065.0,7,0,1,0,,0
0.0084,45,0,0.6106,12914.0,5,0,0,0,1.0,0
0.213,35,0,0.5516,,5,0,0,0,0.0,0
0.8582,46,0,0.1975,7188.0,7,0,3,0,1.0,0
0.2928,75,0,0.2703,27145.0,10,0,1,0,2.0,0
0.3529,50,0,0.3627,12859.0,2,0,0,0,1.0,0
2.6544,33,0,0.1052,8001.0,10,0,0,0,1.0,0
0.1168,58,0,0.1357,3149.0,7,0,1,0,0.0,0
0.498,47,0,0.1538,,9,0,0,0,1.0,0
0.2215,60,0,0.2662,3455.0,7,0,1,0,1.0,0
0.0262,49,0,0.7483,,4,0,0,0,1.0,0
1.1015,72,0,0.4545,2356.0,5,0,0,0,0.0,0
0.2445,39,0,0.2332,10394.0,10,0,2,0,1.0,0
0.5734,36,0,0.4238,5420.0,7,0,0,0,1.0,0
0.278,65,0,0.9762,5808.0,3,0,1,0,0.0,0
0.1391,24,0,0.6239,1665.0,3,0,0,0,2.0,0
0.302,50,0,0.4082,8305.0,6,0,0,0,1.0,0
0.1645,63,0,0.4299,3741.0,2,0,0,0,0.0,0
0.7718,21,0,1.1338,3125.0,9,0,4,0,0.0,1
0.6021,53,0,0.2473,1175.0,9,0,0,0,0.0,1
1.1989,31,0,1.0385,8431.0,7,0,0,0,1.0,0
0.2982,26,0,0.193,,7,0,3,0,2.0,0
1.0766,37,0,0.8365,,4,0,0,0,1.0,0
0.0141,49,0,0.0435,5311.0,6,0,2,0,0.0,0
3.1449,42,1,0.3616,3645.0,5,0,1,0,1.0,0
3.0728,67,0,0.3738,11526.0,10,0,0,0,,0
0.3494,53,0,0.2915,1379.0,10,0,1,0,0.0,0
0.355,45,0,0.5586,,15,0,0,0,0.0,0
0.5817,34,0,0.2673,6974.0,6,0,1,0,2.0,0
0.6247,55,0,0.1483,,3,0,3,0,0.0,0
0.4114,81,0,0.666,8378.0,6,0,3,0,1.0,0
0.2185,42,0,0.4765,8470.0,2,0,4,0,0.0,0
0.2758,44,0,0.8708,,11,0,0,0,0.0,0
1.8105,37,0,0.0286,,16,0,0,0,3.0,0
0.6207,69,0,0.8685,13915.0,10,0,1,0,1.0,0
0.2621,65,0,0.7834,7873.0,6,0,2,0,0.0,0
0.0934,46,0,0.8268,13842.0,9,0,1,0,0.0,0
0.6856,44,0,0.0901,7266.0,5,0,2,0,2.0,0
0.4537,39,0,0.5688,,7,0,0,0,1.0,0
0.3204,48,0,0.3031,3748.0,10,0,2,0,0.0,0
0.2274,66,0,0.297,3307.0,6,0,1,0,3.0,0
0.1745,53,0,1.127,1813.0,7,0,0,0,1.0,0
0.0601,70,0,0.5617,3836.0,8,0,1,0,0.0,0
0.0944,42,0,0.3412,9208.0,11,0,0,0,1.0,0
0.5317,21,0,0.5276,4877.0,6,0,0,0,1.0,1
0.5048,88,0,0.2694,5400.0,8,0,2,0,1.0,0
0.1264,55,0,0.587,12127.0,5,0,2,0,0.0,0
0.4434,63,0,1.0552,7800.0,6,0,2,0,0.0,0
3.2677,41,0,0.6631,2958.0,15,0,3,0,1.0,0
0.4441,33,0,0.587,4675.0,6,0,1,0,2.0,0
0.6899,54,0,0.0428,,6,0,0,0,2.0,1
3.7641,24,0,0.7549,,11,0,2,0,1.0,0
0.5406,48,0,0.6097,5957.0,8,0,2,0,1.0,0
0.8173,66,5,0.4302,6675.0,9,0,4,1,0.0,0
0.5449,58,0,0.1722,7227.0,6,0,0,0,1.0,0
0.0348,56,0,0.4759,6310.0,11,0,1,0,1.0,0
0.1003,76,0,0.595,,8,0,1,0,1.0,0
0.2348,57,0,0.7403,4100.0,11,0,0,0,0.0,0
0.8039,25,0,0.4742,9332.0,12,0,0,0,0.0,0
0.5622,50,0,0.5396,6257.0,7,0,1,0,0.0,0
0.2236,79,0,0.6091,6519.0,2,0,1,0,2.0,0
0.7305,48,1,0.0709,4443.0,6,0,2,0,2.0,0
0.1493,78,0,0.5436,4226.0,10,0,1,0,1.0,0
4.446,66,0,0.6079,4886.0,8,0,0,0,0.0,0
0.2175,46,0,0.8637,13634.0,7,0,0,0,1.0,0
0.1113,37,0,0.8002,,6,0,1,0,0.0,0
0.0439,57,0,0.049,3760.0,11,0,1,0,3.0,0
0.2361,70,0,0.4828,10423.0,4,0,2,0,0.0,0
0.0053,30,0,0.3689,4563.0,8,0,1,0,1.0,0
3.2742,54,0,0.1823,4047.0,2,0,1,0,1.0,0
0.584,23,0,0.4471,3644.0,6,0,3,0,0.0,0
7.7845,47,0,0.4918,6440.0,8,0,2,0,0.0,0
0.1973,29,0,0.7884,4912.0,14,0,4,0,1.0,0
0.012,60,0,0.3242,3940.0,7,0,1,0,0.0,0
0.7297,42,0,0.1755,3890.0,12,0,2,0,0.0,0
0.0488,68,0,0.238,5814.0,8,0,2,0,1.0,0
0.3384,44,0,0.4842,5167.0,3,0,2,0,0.0,0
0.2188,43,0,0.5458,,11,0,2,0,0.0,0
0.3538,29,0,0.2794,,3,0,0,0,1.0,0
0.1521,57,0,0.9357,,9,0,2,0,1.0,0
0.4177,59,0,0.6038,,13,0,1,0,0.0,0
0.1085,65,0,0.8313,6793.0,10,0,0,0,0.0,0
0.3079,61,0,0.3685,4218.0,9,0,0,0,0.0,0
0.7789,58,0,0.248,7850.0,4,0,1,0,0.0,0
0.531,60,0,0.4359,21007.0,9,0,2,0,0.0,0
1.7359,62,0,0.3872,6145.0,8,0,0,0,1.0,0
0.3532,65,0,0.1576,,2,0,2,0,0.0,0
0.8918,31,1,0.7107,3123.0,10,0,0,0,3.0,0
0.6951,46,0,0.5958,4327.0,10,0,4,0,1.0,0
0.3829,29,0,0.0871,3057.0,6,0,0,0,0.0,0
0.5206,57,0,0.431,8834.0,12,0,0,0,3.0,0
0.8217,75,0,0.6368,,10,0,1,0,0.0,0
0.4547,65,0,0.697,8655.0,10,0,3,0,0.0,0
0.4876,44,0,0.2142,9959.0,7,0,2,0,,0
0.3944,59,0,0.1305,5367.0,9,0,4,0,0.0,0
0.2196,57,0,1.0089,4855.0,8,0,3,0,0.0,0
0.062,55,0,0.6728,4171.0,7,0,1,0,1.0,0
0.3499,34,0,1.0759,8037.0,13,0,0,0,0.0,0
1.8084,70,0,0.5024,14497.0,7,0,2,0,0.0,0
0.8881,36,0,0.8704,5979.0,10,0,1,0,0.0,0
1.467,47,0,0.4699,9098.0,7,0,2,0,0.0,0
1.0392,65,0,0.4187,3021.0,5,0,0,0,,0
1.4609,47,0,0.2665,,7,0,1,0,0.0,0
0.9723,53,0,1.029,,10,0,1,0,0.0,0
0.6614,54,0,0.2627,2220.0,10,0,2,0,0.0,0
1.2993,53,0,0.853,,11,0,1,0,0.0,0
0.0862,54,0,0.726,15518.0,7,0,2,0,0.0,0
0.0757,55,0,0.3579,7406.0,9,0,0,0,1.0,0
2.4721,53,0,0.3102,6012.0,4,0,0,0,1.0,0
0.5954,39,0,0.8651,10287.0,6,0,2,0,0.0,0
0.3669,30,0,0.6079,,5,0,0,0,0.0,0
3.9506,66,0,0.6435,3738.0,7,0,3,0,0.0,0
0.6591,67,0,0.5476,,8,0,2,0,1.0,0
0.015,57,0,0.832,,12,0,0,0,3.0,0
1.9513,57,0,0.4856,6387.0,9,0,0,0,3.0,0
1.2475,39,0,0.5676,,8,0,1,0,0.0,0
1.563,21,0,0.0872,6423.0,3,0,1,0,0.0,0
0.2604,49,0,0.1519,5829.0,6,0,1,0,0.0,0
0.3691,25,0,1.1122,,10,0,1,0,1.0,0
0.8541,55,0,0.2554,6596.0,9,0,4,0,0.0,1
0.6171,70,0,0.2623,9570.0,3,0,0,0,1.0,0
0.6639,43,2,0.6545,6713.0,13,1,0,2,0.0,0
0.4957,44,0,0.187,9371.0,6,0,1,0,1.0,0
0.0143,38,0,0.4041,14289.0,10,0,2,0,1.0,0
0.8942,53,0,0.2744,3134.0,9,0,1,0,1.0,0
0.4812,52,0,0.7349,3295.0,10,0,1,0,1.0,0
6.9287,38,0,0.6814,5461.0,7,0,1,0,2.0,0
0.8748,65,0,0.5834,3943.0,3,0,2,1,,0
0.9224,90,0,0.6662,,5,0,2,0,0.0,0
0.2099,69,0,0.5794,4145.0,14,0,0,0,0.0,0
0.0144,50,0,0.3698,7752.0,9,0,1,0,2.0,0
0.5101,50,0,0.5101,,7,0,2,0,1.0,0
1.8664,45,2,0.5299,10684.0,7,0,4,0,,0
0.3432,45,0,0.8098,3501.0,10,0,1,0,0.0,0
0.4308,65,0,0.5804,8746.0,13,0,2,0,2.0,0
0.268,66,0,0.2073,9342.0,11,0,2,0,1.0,0
0.483,36,0,0.0981,5831.0,8,0,2,0,0.0,1
0.4882,57,0,0.3323,8917.0,13,0,0,0,0.0,0
0.3771,68,0,0.8755,,5,0,0,0,2.0,0
0.8443,47,0,0.1474,,9,0,1,0,0.0,0
0.0407,49,0,0.7542,,8,0,1,0,1.0,0
0.2129,62,0,0.5587,,8,0,0,0,0.0,0
0.5591,62,0,0.4231,,7,0,0,0,2.0,0
0.066,58,0,0.4758,6930.0,7,0,0,0,0.0,0
0.6154,56,0,0.1185,3948.0,9,0,1,0,,0
0.3931,57,0,0.5446,4085.0,9,0,0,0,4.0,0
0.7305,48,0,0.1049,4201.0,6,0,3,0,2.0,0
0.4529,36,0,0.1613,,9,0,0,0,0.0,0
0.2497,30,0,0.1777,,7,0,1,0,2.0,0
5.3699,60,0,0.6307,3761.0,12,0,2,0,0.0,0
0.091,54,0,0.7243,3274.0,6,0,2,0,0.0,0
0.7369,58,0,0.441,13581.0,13,0,3,0,0.0,0
1.1298,40,0,0.6263,4525.0,6,0,2,0,1.0,0
0.551,53,0,0.494,3200.0,9,0,0,0,0.0,0
0.1444,53,0,0.7578,3230.0,10,0,2,0,1.0,0
0.4825,70,0,0.9074,4666.0,11,0,3,0,1.0,0
0.8867,64,0,0.811,17251.0,12,0,2,0,1.0,0
0.2376,42,0,0.5813,5978.0,9,0,0,0,0.0,0
0.1013,59,0,0.1013,5488.0,9,0,0,0,2.0,0
0.0383,42,0,0.4373,,7,0,1,0,1.0,0
0.1572,21,0,1.1801,,6,0,0,0,0.0,0
0.1663,76,0,0.1766,,4,0,1,0,0.0,0
0.578,47,0,0.3147,,10,0,0,0,1.0,0
0.675,67,0,0.4299,3276.0,7,0,0,0,1.0,0
0.1702,43,0,0.5456,10177.0,12,0,1,0,0.0,0
0.6624,41,0,1.0,,12,0,3,0,0.0,1
0.6312,44,0,0.3514,3599.0,7,0,3,0,,0
0.7861,56,0,0.6792,5192.0,8,0,3,0,0.0,0
0.3633,54,0,0.2228,,13,0,0,0,1.0,0
0.5046,59,0,0.5475,6229.0,8,0,0,0,1.0,0
0.3721,45,0,0.3601,21537.0,10,0,1,0,0.0,0
0.4916,53,2,0.3685,11301.0,10,0,0,1,0.0,0
0.256,40,0,0.0595,2590.0,6,0,0,0,1.0,0
0.075,73,0,0.4496,2997.0,8,0,0,0,1.0,0
0.7003,34,1,0.874,8326.0,8,0,1,4,0.0,0
4.301,40,0,0.1243,4930.0,6,0,0,0,0.0,0
0.9631,46,0,0.8868,4986.0,10,0,1,0,1.0,0
0.7408,85,0,0.8445,7894.0,9,0,2,0,0.0,0
0.5346,63,0,0.3948,4430.0,8,0,1,0,1.0,0
0.3422,40,3,0.2666,2648.0,6,0,1,0,1.0,0
0.2348,64,0,0.4173,,3,0,1,0,0.0,0
0.5788,59,0,0.1996,4845.0,10,0,0,0,0.0,0
0.1618,56,0,0.1808,8118.0,6,0,0,0,0.0,0
0.4846,62,0,0.4899,2552.0,8,0,1,0,0.0,0
0.3559,53,0,0.4571,8011.0,6,0,0,0,1.0,0
0.0066,54,0,0.2309,2435.0,8,0,2,0,1.0,0
0.1458,30,0,0.6829,4095.0,9,0,0,0,2.0,0
2.6439,72,0,0.384,17917.0,8,0,0,0,1.0,0
0.5415,46,0,0.5355,3678.0,8,0,1,0,0.0,0
0.1012,35,0,0.1755,3489.0,8,0,2,0,0.0,0
0.4467,45,0,0.6849,,11,0,3,0,3.0,1
9.7943,46,1,0.7615,10209.0,5,0,1,0,0.0,0
0.5283,41,0,0.8095,8111.0,5,0,1,0,0.0,0
0.3992,63,0,0.1719,5235.0,9,0,1,0,1.0,0
1.8817,66,0,0.1685,9282.0,6,0,0,0,1.0,0
0.9879,25,0,0.1693,6291.0,8,0,0,0,0.0,1
0.0696,45,0,0.4455,6016.0,7,0,2,0,1.0,0
1.7031,46,0,0.8045,2557.0,9,0,1,0,0.0,1
0.1945,50,0,0.2722,1932.0,4,0,3,0,0.0,0
0.7707,76,0,0.7813,14813.0,8,0,1,0,4.0,0
0.5383,41,0,1.2109,,9,0,0,0,1.0,0
0.4968,74,0,0.1607,3377.0,12,0,0,0,1.0,0
0.2563,50,0,0.4343,,2,0,1,0,1.0,0
0.3491,74,0,0.7847,7306.0,7,0,0,0,0.0,0
0.1084,48,0,0.1275,6621.0,7,0,2,0,0.0,0
0.4437,46,0,0.5306,,5,0,1,0,0.0,0
0.5567,52,1,0.4311,,6,0,0,0,2.0,0
0.4208,70,0,0.8485,,5,0,1,0,1.0,1
0.29,54,0,0.4775,2822.0,10,0,1,0,0.0,0
2.3042,55,0,0.7136,5855.0,9,0,4,0,0.0,0
0.452,61,0,0.3436,12508.0,8,0,0,0,2.0,0
0.4131,40,0,0.4058,15158.0,6,0,0,0,0.0,0
0.0018,57,0,1.052,31877.0,8,0,1,0,1.0,0
0.4696,43,0,0.4334,8788.0,8,0,2,0,1.0,0
1.9352,73,2,0.29,,4,0,1,0,2.0,0
0.1206,58,0,0.3469,1805.0,6,0,1,0,2.0,0
0.2925,62,0,0.0725,19268.0,10,0,0,0,0.0,0
1.9669,23,0,0.1321,5520.0,9,0,1,0,1.0,0
0.5798,62,0,0.434,,8,0,0,0,1.0,0
0.8126,50,3,0.186,,5,0,1,0,0.0,0
1.921,32,2,0.7247,5817.0,6,0,0,0,0.0,0
1.0184,53,1,0.5605,,18,2,2,1,1.0,0
0.9996,31,0,0.1468,1178.0,10,0,0,0,3.0,0
0.6673,61,0,0.6975,,10,0,5,0,2.0,0
0.3405,72,0,0.3114,3871.0,11,0,1,0,,0
1.827,27,0,0.2308,8177.0,8,0,3,0,0.0,0
0.1669,52,0,0.4748,9647.0,10,0,1,0,0.0,0
0.0876,50,0,0.0932,,2,0,1,0,2.0,0
0.6306,24,0,0.8427,4359.0,10,0,0,0,2.0,0
0.7116,65,0,0.8283,8779.0,5,0,3,0,0.0,0
0.3272,61,0,0.0915,6974.0,6,0,2,0,1.0,0
0.2371,80,0,0.66,7505.0,4,0,0,0,1.0,0
0.1709,59,0,0.2671,4483.0,3,0,1,0,1.0,0
0.2633,40,0,0.5255,,5,0,3,0,1.0,0
0.1022,59,0,0.2173,7105.0,6,0,0,0,0.0,0
1.8589,70,0,0.9041,12738.0,12,0,2,0,1.0,0
5.1853,45,0,0.1886,5030.0,3,0,0,0,1.0,0
0.3418,64,0,0.1499,5941.0,8,0,1,0,1.0,0
0.4418,21,0,0.4316,,8,0,3,0,0.0,0
0.6493,73,1,0.226,5865.0,4,0,0,0,0.0,0
0.2312,63,0,0.8089,1793.0,9,0,1,0,1.0,0
0.3318,21,0,0.3864,9573.0,9,0,1,0,1.0,0
0.3524,57,0,0.5327,3706.0,7,0,2,0,0.0,0
2.2532,24,0,0.0877,4957.0,4,0,1,0,0.0,0
0.6265,43,0,0.5856,,5,0,0,0,1.0,0
1.549,62,0,0.354,6638.0,5,0,1,0,2.0,0
0.0144,50,0,0.3496,5614.0,9,0,0,0,1.0,0
0.3332,70,0,0.3397,4125.0,11,0,2,0,1.0,0
0.261,53,0,0.5188,2624.0,10,0,1,0,1.0,0
0.6262,51,0,0.7312,5640.0,10,0,2,0,2.0,0
0.4551,67,1,0.4049,5787.0,11,3,1,0,0.0,0
0.3071,47,0,0.8287,,7,0,0,0,3.0,0
0.6638,52,0,0.1293,2759.0,5,0,2,0,1.0,0
0.0889,53,0,0.1475,3628.0,13,0,1,0,0.0,0
0.1168,51,0,0.3267,,5,0,0,0,0.0,0
0.4126,68,0,1.0334,5359.0,11,0,0,0,2.0,0
1.1994,43,0,0.7574,9489.0,9,1,2,0,2.0,0
0.0741,40,0,0.307,,7,0,0,0,0.0,0
1.1542,37,0,0.7466,1273.0,8,0,0,0,0.0,0
0.3582,22,0,0.4133,2474.0,6,0,1,0,1.0,0
0.5665,73,0,0.805,4188.0,10,0,0,0,1.0,1
0.0054,39,0,0.13,,11,0,2,0,0.0,0
0.3844,49,0,0.5272,8606.0,6,0,0,0,1.0,0
0.1824,74,0,0.3963,22553.0,13,0,0,0,3.0,0
1.6662,50,0,0.1596,5135.0,12,0,1,0,0.0,0
0.0943,59,0,0.927,4941.0,10,0,2,1,0.0,0
0.9851,32,0,0.4952,3594.0,6,0,1,0,0.0,0
0.2376,72,0,0.6528,3064.0,8,0,0,0,,0
0.527,50,0,0.8352,9995.0,12,0,1,0,1.0,0
3.3627,38,0,0.8598,12415.0,6,0,0,0,1.0,0
0.1754,38,0,0.3302,,5,0,0,0,1.0,0
0.1445,76,0,0.826,7303.0,6,0,0,0,0.0,0
0.6711,44,0,0.5297,4533.0,7,0,1,0,0.0,0
0.1183,38,0,0.8928,8536.0,11,0,0,0,0.0,0
0.2764,46,0,0.4362,3118.0,9,0,0,0,,0
0.5701,53,0,0.6404,4991.0,11,0,0,0,1.0,0
0.1884,54,0,0.6348,,7,0,1,0,2.0,0
0.0647,58,0,0.4198,4248.0,9,0,1,0,1.0,0
1.5575,55,0,1.0347,,8,0,3,0,1.0,0
0.5755,61,0,0.5065,5528.0,10,0,1,0,1.0,0
0.6734,48,0,0.4582,,5,0,1,0,0.0,0
2.9773,81,0,0.4296,12528.0,9,0,0,0,1.0,0
0.1606,45,0,0.504,,2,0,2,0,0.0,0
0.4192,71,0,0.7454,8159.0,8,0,0,0,1.0,0
0.3031,44,0,0.2287,2148.0,8,0,1,0,0.0,0
1.4962,32,0,0.2714,1477.0,5,0,1,0,1.0,0
0.2213,29,0,0.7234,,10,0,0,0,1.0,0
0.4111,56,0,0.7156,,6,0,1,0,2.0,0
0.6909,68,0,0.488,6173.0,6,0,2,0,4.0,0
0.1687,36,0,0.3314,5301.0,13,0,0,0,0.0,0
0.1104,40,0,0.1217,5359.0,7,0,0,0,0.0,0
0.2503,57,0,0.4785,5866.0,6,0,1,1,,0
0.2087,52,0,0.4133,1604.0,6,0,1,0,1.0,0
0.5743,44,0,0.8734,4194.0,7,0,3,0,1.0,0
0.6001,34,0,0.2974,1580.0,9,0,1,0,0.0,0
0.1849,56,0,0.5984,13116.0,7,0,1,0,1.0,0
0.2071,61,0,0.2275,8707.0,6,0,2,0,,0
0.0456,59,0,0.1767,16272.0,6,0,1,0,0.0,0
0.524,52,0,0.2807,3908.0,10,0,0,0,0.0,0
0.7892,37,2,0.1411,4218.0,8,0,1,4,1.0,0
0.1124,56,0,0.4738,5228.0,12,0,0,0,1.0,0
0.1449,55,0,0.3267,4411.0,9,0,2,0,3.0,0
0.2102,34,0,0.1894,7338.0,5,0,0,0,0.0,0
0.1045,48,0,0.1957,8438.0,7,0,0,0,1.0,0
1.2198,57,0,0.3451,3358.0,10,0,1,0,0.0,0
0.8027,51,0,0.6209,3061.0,13,0,2,0,2.0,0
0.067,25,0,0.6902,2760.0,9,0,2,0,3.0,0
0.0622,43,0,0.2402,3992.0,9,0,1,0,0.0,0
0.8486,42,0,0.8076,5898.0,11,0,0,0,0.0,0
0.1342,60,0,0.4022,,13,0,0,0,1.0,0
0.3451,88,0,0.5509,5533.0,9,0,1,0,3.0,0
0.3466,54,0,0.6641,5987.0,16,0,1,0,0.0,0
0.0164,35,0,0.2266,5386.0,7,0,0,0,2.0,0
0.3624,50,0,0.3457,2490.0,7,0,0,0,1.0,0
1.9581,52,0,0.7615,3593.0,6,0,0,0,2.0,1
1.0802,63,0,0.7804,,8,0,1,0,1.0,0
0.6725,69,0,0.5698,6114.0,6,0,1,0,0.0,0
1.6773,71,0,0.7687,5154.0,7,0,0,0,1.0,0
0.6162,60,0,0.7194,,5,0,4,0,1.0,1
4.0914,52,0,0.564,2014.0,6,0,2,0,3.0,1
0.4866,73,0,1.1294,9596.0,9,0,1,0,4.0,0
2.4358,47,2,0.2338,,8,0,0,0,0.0,0
0.1853,53,0,0.4582,3745.0,7,0,2,0,3.0,0
0.2902,49,0,0.1334,13189.0,8,0,0,0,0.0,0
0.1368,22,0,0.3279,11965.0,8,0,1,0,2.0,0
0.1564,70,0,0.4555,3032.0,10,0,0,0,3.0,0
0.3183,61,0,0.8796,20288.0,10,0,2,0,0.0,0
0.0569,21,0,1.0023,5745.0,5,0,0,0,0.0,0
0.0137,66,0,0.2955,10860.0,7,0,3,0,1.0,0
0.1927,48,0,0.5148,,13,0,1,0,1.0,0
0.0944,66,0,0.8087,,6,0,1,0,0.0,0
0.2387,53,0,0.6065,26452.0,9,0,0,0,1.0,0
0.5826,33,0,0.5946,2467.0,8,0,0,0,0.0,1
0.0144,52,0,0.4359,2122.0,4,0,0,0,1.0,0
0.3703,39,0,0.0627,9654.0,7,0,3,0,0.0,0
0.3196,35,0,0.4661,4567.0,14,0,1,0,0.0,0
0.1534,64,0,0.3875,5063.0,6,0,0,0,0.0,0
0.9903,57,0,0.1762,7851.0,8,0,0,0,0.0,0
1.8827,73,0,0.3009,9019.0,5,0,1,0,1.0,0
0.037,46,0,0.6387,4409.0,10,0,1,0,0.0,0
0.3908,39,0,0.4647,5181.0,7,0,0,0,1.0,0
0.4253,61,0,0.6944,9358.0,9,0,0,0,1.0,0
0.3867,40,0,0.7944,4675.0,9,0,3,0,1.0,0
1.9548,48,0,0.2059,1496.0,15,0,0,0,0.0,0
0.4041,59,0,0.4704,,6,0,2,0,1.0,0
0.0198,50,0,0.3969,11875.0,7,0,0,0,1.0,0
0.5274,45,0,0.2731,6050.0,8,0,0,0,0.0,0
0.8933,32,0,0.0925,2874.0,6,0,1,0,0.0,0
2.3063,65,1,0.6168,5099.0,7,1,1,0,0.0,0
0.5026,47,0,0.5768,3971.0,6,0,1,0,1.0,0
0.0788,61,0,0.1322,19725.0,9,0,0,0,0.0,0
0.3615,59,0,0.4485,2634.0,10,0,0,0,1.0,0
5.5199,67,0,0.6452,32271.0,9,0,1,0,1.0,0
0.2518,49,0,0.9534,2465.0,8,0,0,0,0.0,0
1.1882,47,1,0.3811,4632.0,10,1,0,0,0.0,0
0.8436,36,0,0.4434,,6,0,1,0,2.0,0
0.1375,44,0,1.0603,4770.0,1,0,0,0,1.0,0
0.2386,57,0,0.5519,5653.0,9,0,0,0,1.0,0
0.0518,41,0,0.2059,10004.0,11,0,2,0,0.0,0
0.4571,56,0,0.2893,4102.0,9,0,0,0,1.0,0
0.8043,73,0,0.1263,,8,0,2,0,0.0,0
0.8028,46,0,0.4664,,9,0,3,0,2.0,0
0.4289,34,0,0.1409,5687.0,9,0,1,0,1.0,1
0.2302,46,0,0.3272,17036.0,7,0,2,0,3.0,0
0.255,32,2,0.6787,,8,1,0,0,0.0,0
1.167,71,0,0.5411,5653.0,11,0,1,0,2.0,0
0.2722,53,0,0.484,6484.0,12,0,0,0,0.0,0
0.5502,42,0,0.4614,,9,0,2,0,1.0,0
0.0797,44,0,0.1775,,6,0,0,0,2.0,0
0.03,35,1,0.0578,3273.0,6,0,0,1,0.0,0
0.5682,66,0,0.0184,18160.0,8,0,1,0,3.0,0
4.7319,78,0,0.871,3618.0,6,0,1,0,1.0,1
3.5663,31,0,0.7974,6046.0,11,0,1,0,0.0,0
0.2614,67,0,0.3748,3711.0,10,0,1,0,0.0,0
0.4971,49,0,0.2335,10306.0,5,0,2,0,2.0,0
0.8076,70,0,0.1244,,5,0,2,0,0.0,0
0.4632,26,0,0.5794,3717.0,3,0,0,0,1.0,0
0.0473,55,0,0.726,4007.0,11,0,1,0,0.0,0
1.7996,46,0,0.8929,,11,0,2,0,0.0,0
0.1089,61,0,0.8121,1818.0,5,0,1,0,2.0,0
0.5528,53,0,0.1952,5610.0,10,0,0,0,0.0,0
0.3403,52,0,0.3179,2429.0,7,0,1,0,0.0,0
0.3897,51,0,0.3389,4499.0,5,0,1,0,2.0,0
0.0834,74,0,0.625,6503.0,9,0,1,0,0.0,0
0.2248,50,0,0.3988,5767.0,9,0,2,0,0.0,0
0.0804,64,0,0.5738,11744.0,8,0,1,0,0.0,0
0.295,61,0,0.6207,4995.0,10,0,0,0,0.0,0
0.3246,64,0,0.4151,2516.0,7,0,0,0,1.0,0
0.1239,38,0,0.4982,7081.0,3,0,1,0,0.0,0
0.3338,62,0,0.312,38819.0,6,0,0,0,1.0,0
0.7306,57,0,0.1732,6362.0,5,0,1,0,2.0,0
0.7602,35,0,1.0907,,9,0,2,0,,0
0.9324,49,0,0.3781,3154.0,8,0,2,0,1.0,0
0.2199,84,0,0.9181,,5,0,0,0,1.0,0
0.346,47,0,0.0732,8457.0,12,0,0,0,0.0,0
0.7714,47,0,0.5151,,7,0,1,0,1.0,0
0.8962,58,0,1.1834,6533.0,6,0,2,0,0.0,0
0.3802,44,0,0.3944,8238.0,5,0,0,0,0.0,0
0.1518,54,0,0.4472,,8,0,0,0,0.0,0
0.7684,46,0,0.647,,5,0,2,0,1.0,0
0.5482,58,0,0.2405,9220.0,4,0,0,0,1.0,0
6.9437,51,0,0.0507,,8,0,2,0,2.0,0
0.0971,79,0,0.5716,6931.0,13,0,1,0,1.0,0
0.6399,53,0,0.1874,4164.0,10,0,0,0,2.0,0
0.019,49,0,0.1741,12943.0,4,0,1,0,1.0,0
0.7549,66,0,0.3137,4789.0,8,0,1,0,0.0,0
0.6009,33,0,0.5937,3574.0,2,0,2,0,1.0,0
1.3857,76,0,0.9276,12304.0,7,0,1,0,1.0,0
0.19,38,0,0.3182,,6,0,1,0,1.0,0
0.2666,69,0,0.7691,4181.0,7,0,3,0,2.0,0
0.1357,72,0,0.314,2215.0,9,0,1,0,1.0,0
0.7948,45,0,0.1279,,9,0,1,0,1.0,0
0.0829,46,0,0.2966,,9,0,1,0,1.0,0
0.4152,50,0,0.3582,7804.0,10,0,1,0,1.0,0
0.1404,61,0,0.7566,,5,0,2,0,1.0,0
0.4753,38,0,0.5809,4595.0,9,0,3,0,1.0,0
0.4105,50,0,0.4082,11792.0,5,0,2,0,0.0,0
0.401,48,0,0.351,17035.0,9,0,1,0,0.0,0
0.1445,36,0,0.3371,1618.0,8,0,1,0,2.0,0
0.1476,37,0,0.723,8199.0,9,0,0,0,2.0,0
0.2607,54,0,0.3755,,14,0,3,0,0.0,0
0.2228,54,0,0.1011,14142.0,8,0,1,0,0.0,0
0.2336,41,0,0.9052,,6,0,0,0,1.0,0
0.2008,53,0,0.2308,3656.0,8,0,0,0,0.0,0
2.9931,43,0,0.8233,9321.0,10,0,2,0,2.0,0
0.2452,70,0,0.0691,1851.0,6,0,2,0,,0
0.4942,51,0,1.0293,12368.0,9,0,0,0,,0
0.6982,67,0,0.0659,2974.0,8,0,1,0,0.0,0
0.1355,28,0,1.0143,2427.0,10,0,0,0,0.0,0
0.0739,57,0,0.724,2027.0,4,0,2,0,0.0,0
0.0699,60,0,0.4,1740.0,7,0,4,0,0.0,0
0.9377,50,0,0.2452,3597.0,9,0,2,0,0.0,0
0.2914,44,2,0.5453,8542.0,8,0,0,0,0.0,0
0.1869,50,0,0.4487,9347.0,11,0,4,0,0.0,0
0.2029,62,0,0.8639,14964.0,6,0,1,0,1.0,0
0.2214,35,0,0.6705,9500.0,6,0,1,0,0.0,0
0.7564,62,0,1.2892,7839.0,3,0,2,0,0.0,0
0.1414,56,0,0.7605,,8,0,2,0,1.0,0
0.1727,48,0,0.4871,2222.0,3,0,0,0,1.0,0
1.615,49,0,0.3895,4942.0,12,0,0,0,0.0,0
0.034,53,0,0.2412,,8,0,0,0,2.0,0
0.0652,75,0,0.3475,4572.0,9,0,2,0,1.0,0
0.322,57,0,0.2912,4819.0,8,0,2,0,2.0,0
0.3921,39,0,0.9014,5036.0,3,0,2,0,1.0,0
0.1663,46,1,0.3396,3828.0,10,0,0,1,0.0,0
0.0349,36,0,0.0455,,8,0,0,0,1.0,0
0.6512,26,0,0.3643,4249.0,6,0,0,0,1.0,0
0.6583,36,0,0.0784,,10,0,0,0,1.0,0
0.5907,54,0,0.2504,4245.0,6,0,2,0,0.0,0
0.792,70,0,1.162,9189.0,7,0,0,0,0.0,0
0.0063,66,0,1.0481,3681.0,6,0,1,0,1.0,0
0.4522,36,0,0.2565,,14,0,1,0,1.0,1
0.2044,41,0,0.6341,5376.0,12,0,0,0,0.0,0
7.4018,39,0,0.419,2309.0,9,0,1,0,0.0,0
0.2941,21,0,0.3135,5408.0,10,0,1,0,1.0,0
0.1156,50,0,0.0635,15405.0,6,0,0,0,1.0,0
0.3459,63,0,0.2538,2623.0,7,0,0,0,0.0,0
0.0933,48,0,0.4839,9758.0,5,0,0,0,0.0,0
0.1032,34,0,0.3576,,14,0,5,0,0.0,0
0.5087,40,0,0.6292,13852.0,8,0,1,0,0.0,0
0.4245,47,0,0.8951,6946.0,6,0,2,0,1.0,0
0.1057,63,0,0.7939,17952.0,10,0,2,0,1.0,0
0.1886,49,0,0.1656,,6,0,0,0,1.0,0
2.8043,61,0,0.3581,9888.0,9,0,0,0,1.0,0
0.3343,51,0,0.4702,8881.0,6,0,1,0,1.0,0
2.5218,55,0,0.5216,,3,0,1,0,1.0,0
0.9894,39,0,0.295,2878.0,9,0,1,0,2.0,0
0.9058,42,0,0.5767,10314.0,11,0,0,0,0.0,0
0.3849,34,0,0.047,2126.0,14,0,2,0,1.0,0
0.4568,60,0,0.7889,,5,0,1,0,0.0,0
0.1481,48,0,0.403,4754.0,2,0,0,0,1.0,0
0.2695,21,3,0.9063,3480.0,6,0,1,0,0.0,0
0.7945,59,0,0.3384,5349.0,5,0,2,0,1.0,0
0.7866,66,0,0.4163,31088.0,7,0,2,0,0.0,0
0.2644,41,0,0.6578,6485.0,8,0,0,0,1.0,0
0.5648,59,0,0.2388,,11,0,3,0,0.0,0
1.7319,49,0,0.1974,9737.0,11,0,0,0,2.0,0
0.4059,22,0,0.7428,2546.0,6,0,2,0,0.0,0
1.4468,79,0,0.7961,,9,0,0,0,2.0,0
1.1068,49,3,0.7569,19899.0,10,0,1,0,1.0,0
0.2599,55,0,1.1158,,5,0,1,0,0.0,0
0.0553,43,0,0.477,,8,0,1,0,0.0,0
0.3005,48,0,0.5048,7983.0,8,0,0,0,0.0,0
2.8248,54,0,0.3099,2548.0,9,0,0,0,0.0,0
0.5051,37,0,0.7136,7730.0,9,0,1,0,3.0,0
1.0191,76,0,0.5715,7488.0,7,0,1,0,1.0,0
0.3871,64,0,0.6975,4892.0,10,0,1,0,0.0,0
1.7443,59,2,0.7001,,13,0,0,0,0.0,0
0.4008,50,1,1.0874,6662.0,8,0,0,0,1.0,0
0.5845,41,1,0.036,9878.0,9,0,3,0,2.0,0
0.6395,66,0,0.6248,13886.0,8,0,1,0,0.0,0
1.7254,61,0,0.1166,3937.0,6,0,1,0,2.0,0
0.7493,46,0,1.0735,6399.0,10,0,0,0,1.0,0
0.7436,37,0,0.6529,4656.0,11,0,0,0,2.0,0
1.3577,30,1,0.783,7600.0,6,0,1,1,2.0,0
0.6688,52,0,0.293,6227.0,3,0,2,0,1.0,0
0.3951,49,0,0.1556,8783.0,12,0,4,0,1.0,0
0.226,69,1,0.2516,7209.0,6,0,1,0,2.0,1
0.4789,66,0,0.3792,,10,0,0,0,1.0,0
0.1376,53,0,0.2466,7807.0,6,0,2,0,0.0,1
0.6926,51,2,0.3836,,6,1,3,0,2.0,0
0.5731,36,0,0.4687,,7,0,1,0,0.0,0
0.0902,67,0,1.2761,3513.0,10,0,1,0,,0
0.9085,51,0,0.2171,,8,0,1,0,0.0,0
0.7762,60,0,0.3713,11565.0,8,0,1,0,1.0,0
1.2911,68,0,0.8206,7110.0,9,0,1,0,0.0,0
0.2069,44,0,0.386,,10,0,2,0,2.0,0
0.6177,40,0,0.5861,5670.0,9,0,2,0,1.0,0
0.0231,87,0,0.7727,9527.0,6,0,0,0,3.0,0
1.4481,60,0,0.8259,8047.0,9,0,1,0,,0
0.0686,48,0,0.5163,4029.0,3,0,1,0,1.0,0
0.569,69,0,0.0942,7737.0,6,0,2,0,0.0,0
0.3841,48,0,0.9707,5515.0,2,0,1,0,1.0,0
0.9443,57,0,0.0816,,8,0,1,0,3.0,0
0.2672,44,0,0.201,4484.0,11,0,0,0,1.0,0
0.0571,52,0,0.7694,4260.0,5,0,1,0,0.0,0
0.5673,48,0,0.9506,5832.0,5,0,3,0,2.0,0
0.3012,41,0,0.5431,3227.0,4,0,0,0,0.0,0
0.1607,55,0,0.3042,7687.0,10,0,0,0,0.0,0
0.1707,43,0,0.4042,1128.0,7,0,1,0,1.0,0
0.0817,60,0,0.431,6904.0,9,0,2,0,0.0,0
0.521,48,0,0.4475,,9,0,0,0,0.0,0
0.612,28,0,0.3538,2962.0,5,0,1,0,0.0,1
0.4136,61,0,0.4946,4356.0,7,0,0,0,1.0,0
3.1569,61,0,0.8173,,4,0,1,0,0.0,0
1.0428,84,0,0.0476,4951.0,9,0,2,0,0.0,0
0.0466,52,0,0.6783,7952.0,11,0,1,0,1.0,0
0.3938,55,1,0.1636,4107.0,8,0,1,0,2.0,0
1.7218,59,0,0.9043,4935.0,14,0,0,0,2.0,0
1.4477,66,0,0.0974,4611.0,15,0,2,0,0.0,0
0.4031,65,0,0.8982,2530.0,11,0,2,0,0.0,0
0.641,56,0,0.2794,4200.0,9,0,4,0,1.0,0
0.354,52,0,0.5015,,8,0,0,0,0.0,0
5.177,64,1,0.4407,,4,2,2,1,1.0,0
0.4066,51,0,0.4514,,7,0,1,0,1.0,0
0.8157,34,0,0.3023,,9,0,1,0,2.0,0
0.698,31,0,0.8738,,4,0,0,0,,0
0.5643,48,0,0.385,8423.0,11,0,1,0,0.0,0
0.175,54,0,0.1972,2706.0,5,0,2,0,0.0,0
0.5386,87,0,0.1583,2846.0,11,0,0,0,0.0,0
2.393,50,0,0.4621,,7,0,1,0,0.0,0
0.4654,53,0,0.08,4215.0,6,0,0,0,1.0,0
1.5484,46,0,0.5928,,6,0,0,0,0.0,0
0.5357,61,0,0.4963,,5,0,2,0,0.0,0
0.0383,56,0,0.2248,5430.0,8,0,1,0,0.0,0
0.6497,43,0,0.8384,3802.0,6,0,0,0,1.0,1
0.4272,38,0,0.6632,4438.0,4,0,1,0,0.0,0
0.0106,46,0,0.8506,3629.0,3,0,2,0,2.0,0
0.1515,40,0,0.383,,8,0,0,0,1.0,0
0.1533,49,0,0.4819,,9,0,0,0,0.0,0
0.4048,54,1,0.8283,11595.0,8,0,0,2,1.0,0
0.648,45,0,1.1114,6857.0,6,0,2,0,1.0,0
2.9438,72,0,0.3055,,12,0,0,0,0.0,0
0.5784,68,0,0.8272,2851.0,6,0,0,0,0.0,0
1.4517,49,0,0.6845,,13,0,0,0,0.0,0
0.2053,39,0,0.7787,5562.0,15,1,1,1,2.0,0
0.3422,52,0,0.5977,5114.0,7,0,3,0,0.0,0
0.6232,50,0,0.8817,3314.0,8,0,3,0,1.0,0
0.3923,51,0,0.4911,1600.0,13,0,0,0,1.0,0
0.6262,46,0,0.3515,4099.0,6,0,1,0,1.0,0
0.4159,37,0,0.6089,4623.0,13,0,1,0,0.0,0
0.1113,52,0,0.4268,3256.0,7,0,0,0,0.0,0
0.3776,47,0,1.0315,6922.0,7,0,1,0,0.0,0
0.2768,48,0,0.186,4237.0,5,0,1,0,,0
0.6977,53,0,0.4524,,9,0,1,0,1.0,0
0.0122,51,0,0.7375,1836.0,8,0,2,0,1.0,0
3.6149,53,0,0.9141,,4,0,1,0,1.0,0
0.8043,46,0,0.3231,6015.0,11,0,1,0,0.0,0
0.5618,57,0,0.6313,5492.0,8,0,1,0,0.0,0
0.2652,42,0,0.8876,6207.0,8,0,1,0,0.0,0
0.1471,37,0,1.0169,3478.0,3,0,0,0,2.0,0
0.3152,40,0,0.579,4830.0,11,0,0,0,0.0,0
0.1931,43,0,0.398,4063.0,7,0,0,0,0.0,0
0.8669,34,0,0.742,5104.0,4,0,1,0,0.0,0
0.4056,28,0,0.2173,8517.0,12,0,0,0,,0
0.299,59,0,0.3083,4585.0,8,0,0,0,0.0,0
0.5892,70,0,0.4074,3883.0,9,0,2,0,1.0,0
0.3459,60,0,0.2584,,9,0,1,0,1.0,0
0.519,45,0,0.2053,4831.0,8,0,1,0,1.0,0
0.7689,28,0,0.3853,,4,0,0,0,0.0,0
0.7835,55,0,0.1256,4382.0,11,0,4,0,0.0,0
0.1375,29,0,0.5283,3052.0,8,0,0,0,1.0,0
0.6747,51,0,0.2975,,5,0,2,0,,0
0.1508,41,0,0.406,,8,0,1,0,0.0,0
1.846,21,0,0.6545,,12,0,2,0,0.0,1
0.6762,73,0,0.7841,13086.0,7,0,2,0,1.0,0
0.387,34,0,0.288,2134.0,11,0,1,0,1.0,0
0.405,47,0,0.0351,1919.0,5,0,0,0,1.0,0
1.5706,50,0,0.255,3578.0,7,0,0,0,0.0,0
0.4951,45,0,0.4064,5859.0,6,0,0,0,1.0,0
2.3613,59,0,0.1615,1379.0,7,0,0,0,1.0,0
0.5067,42,0,0.6569,,8,0,0,0,1.0,0
0.4581,57,0,0.2857,4451.0,8,0,0,0,2.0,0
0.1198,56,0,0.9476,5336.0,8,0,1,0,2.0,0
0.1147,33,0,0.7521,6848.0,21,0,2,0,1.0,0
0.2292,55,0,0.4848,7562.0,6,0,1,0,0.0,0
0.0361,37,0,0.2592,8711.0,8,0,1,0,,0
0.1538,36,0,0.3893,6774.0,7,0,1,0,2.0,0
1.2722,56,0,0.2578,,10,0,3,0,0.0,0
0.2529,46,0,0.3593,6349.0,5,0,1,0,0.0,0
0.2866,57,0,0.5542,3886.0,8,0,0,0,0.0,0
0.6811,57,0,0.7973,4122.0,7,0,1,0,0.0,0
0.2072,32,0,0.4308,1611.0,7,0,0,0,1.0,0
5.3874,62,0,0.3585,3292.0,8,0,0,0,2.0,0
0.1621,56,0,0.1889,4673.0,11,0,2,0,0.0,0
0.9173,44,0,0.0251,7531.0,11,0,0,0,0.0,0
0.7758,50,0,0.5904,1959.0,3,0,0,0,1.0,1
1.5554,63,0,0.5795,,6,0,1,0,1.0,0
0.4485,48,0,0.6482,,7,0,0,0,0.0,0
0.5878,82,0,0.41,7570.0,6,0,3,0,1.0,0
0.6359,73,0,1.2675,8833.0,7,0,1,0,3.0,0
1.1222,54,0,0.6273,,10,0,0,0,1.0,0
0.1589,49,0,0.6732,4191.0,6,0,1,0,5.0,0
0.3453,49,0,0.1256,3296.0,9,0,0,0,0.0,0
0.6932,44,0,0.1994,7503.0,7,0,0,0,0.0,0
0.1598,54,0,0.9283,4932.0,6,0,0,0,1.0,0
0.2534,62,0,0.4487,,9,0,1,0,1.0,0
1.7255,33,0,0.4874,10907.0,7,0,1,0,1.0,0
0.2575,61,0,0.4353,1743.0,4,0,1,0,0.0,0
0.0566,65,2,0.4739,,6,0,1,0,0.0,0
1.3583,60,0,0.4616,7136.0,7,0,0,0,0.0,0
1.2409,50,0,0.1364,12642.0,5,1,1,0,0.0,0
0.4765,59,0,0.2339,3234.0,12,0,1,0,0.0,0
0.6306,70,0,1.1596,,3,0,0,0,0.0,0
0.1666,51,0,0.6676,3425.0,6,0,1,0,2.0,0
0.0093,52,0,0.073,3603.0,4,0,0,0,0.0,0
0.2694,82,0,0.9558,10998.0,14,0,1,0,0.0,0
0.0981,56,1,0.6997,,7,0,1,2,1.0,0
0.6767,38,0,0.6458,,10,0,1,0,3.0,0
0.8488,64,0,0.2337,7100.0,12,0,1,0,2.0,0
1.6636,58,0,0.4534,4896.0,10,0,1,0,1.0,0
0.1483,43,0,0.596,,4,0,1,0,1.0,0
0.3815,37,0,0.4597,5283.0,7,0,1,0,0.0,0
0.6957,55,0,0.495,,8,0,2,0,0.0,0
0.1694,51,0,0.2757,8150.0,5,0,2,0,1.0,0
0.3014,35,0,0.1041,3770.0,4,0,0,0,0.0,0
0.3446,51,0,0.4934,10443.0,7,0,1,0,1.0,0
0.2101,50,0,0.7508,,6,0,0,0,1.0,0
0.0012,51,0,0.2292,3708.0,6,0,0,0,1.0,0
0.2893,59,0,1.0065,7065.0,9,0,2,0,1.0,0
0.7493,27,0,0.6584,,7,0,2,0,2.0,0
0.988,36,0,0.9255,3818.0,10,0,2,0,0.0,0
0.2063,45,0,0.7807,4954.0,15,0,3,0,2.0,0
0.3105,71,0,0.3071,5833.0,6,0,0,0,1.0,0
0.0565,85,0,0.067,6505.0,7,0,0,0,1.0,0
5.106,52,0,0.4799,6794.0,7,2,0,0,0.0,0
0.8272,53,0,0.8177,4510.0,4,0,2,0,0.0,0
0.5051,21,0,0.1171,3754.0,7,0,0,0,0.0,0
0.8619,65,0,0.1555,,6,0,1,0,1.0,0
2.7163,58,0,0.7094,3793.0,8,0,1,0,2.0,0
8.3031,56,0,0.258,5245.0,7,0,1,0,0.0,0
0.2223,35,0,0.2898,7151.0,5,0,2,0,1.0,0
1.175,80,0,0.9597,10531.0,6,0,2,0,1.0,0
0.7138,73,0,0.6819,8041.0,10,0,2,0,1.0,0
0.0169,56,1,0.7525,3810.0,11,0,0,2,0.0,0
0.6635,66,2,0.3246,4158.0,7,0,2,0,0.0,0
0.2848,53,0,0.1926,5521.0,5,0,0,0,0.0,0
1.001,63,0,0.931,13514.0,10,0,1,0,0.0,0
0.1631,34,0,1.0949,8293.0,5,0,2,0,0.0,0
0.2981,21,0,0.4093,5685.0,8,0,2,0,1.0,0
0.8805,34,0,0.4993,16360.0,9,0,0,0,0.0,0
1.1011,41,0,0.8603,11069.0,9,0,0,0,0.0,0
0.2902,43,0,0.5321,1289.0,9,0,2,0,1.0,0
1.2454,58,0,0.8958,,7,0,2,0,2.0,0
1.1455,48,0,0.2177,3323.0,5,0,0,0,2.0,0
0.1527,52,0,0.3143,3019.0,4,0,0,0,1.0,0
1.5772,35,0,0.4609,,8,0,1,0,1.0,0
5.1079,34,0,0.7349,3269.0,4,0,1,0,0.0,1
0.4745,53,0,0.5837,6039.0,7,0,0,0,1.0,0
0.1963,44,0,0.5906,4088.0,10,0,2,0,3.0,0
0.0837,52,0,0.9248,,6,0,0,0,1.0,0
1.9347,60,2,0.4125,2322.0,6,0,1,2,2.0,0
0.0749,75,0,0.6588,7170.0,13,0,1,0,1.0,0
0.3763,52,0,0.4166,1556.0,6,0,3,0,0.0,0
0.2943,77,0,0.352,8050.0,5,0,2,0,1.0,0
0.3513,58,0,0.3021,11694.0,5,0,2,0,,1
1.0364,62,0,0.2291,6437.0,7,0,0,0,0.0,0
0.4528,67,0,0.44,4757.0,9,0,2,0,0.0,0
4.9378,62,0,0.2348,2141.0,7,0,3,0,0.0,0
0.3341,41,0,0.9145,4927.0,7,0,1,0,1.0,0
8.4569,67,0,0.101,4039.0,5,0,0,0,0.0,0
3.0721,47,0,0.1501,5874.0,11,0,1,0,0.0,0
0.4518,56,0,0.2276,6275.0,6,0,2,0,0.0,0
0.4404,54,0,0.419,7123.0,6,0,0,0,0.0,0
0.1898,68,0,0.3919,,14,0,0,0,1.0,0
0.6082,58,0,0.5483,,9,0,1,0,0.0,1
0.4438,33,0,0.259,12448.0,10,0,2,0,2.0,0
0.1261,81,0,1.0439,37142.0,7,0,1,0,1.0,0
0.1781,64,0,0.7231,7130.0,10,0,0,0,0.0,0
0.3519,44,0,0.7182,3972.0,8,0,0,0,0.0,0
0.1039,36,0,0.5985,6879.0,10,0,2,0,4.0,0
0.4667,65,0,0.639,,9,0,0,0,2.0,0
0.3991,38,0,0.352,,12,0,0,0,1.0,0
0.4894,63,0,0.2052,7124.0,6,0,0,0,1.0,0
0.0727,67,0,0.1819,5252.0,3,0,0,0,1.0,0
0.5876,43,0,1.0062,3548.0,9,0,3,0,1.0,0
0.181,42,0,0.0591,8593.0,6,0,1,0,0.0,0
4.8222,45,0,0.4259,2285.0,11,0,0,0,0.0,0
6.2946,38,2,0.8425,10996.0,2,0,2,0,0.0,0
1.0305,55,0,0.4815,,13,0,2,0,0.0,0
0.232,57,0,0.0363,13158.0,5,0,1,0,1.0,0
0.488,62,0,0.4705,7171.0,4,0,1,0,0.0,0
1.1423,40,0,0.0624,2183.0,8,0,0,0,1.0,0
0.2382,64,0,0.2647,9632.0,14,0,1,0,0.0,0
1.2042,38,0,0.501,6059.0,9,0,1,0,0.0,0
0.0923,64,0,0.479,6059.0,4,0,1,0,0.0,0
0.1995,31,0,0.6252,11510.0,9,0,0,0,2.0,0
0.5699,74,0,0.2523,,10,0,0,0,3.0,0
0.017,45,0,0.2597,4802.0,5,0,0,0,1.0,0
0.1356,60,0,0.0536,,14,0,0,0,3.0,0
1.4959,61,0,0.8485,4415.0,9,0,1,0,2.0,0
0.9186,34,1,0.7709,,9,1,1,0,0.0,0
0.0387,64,0,0.3136,10043.0,16,0,1,0,1.0,0
0.3763,44,0,0.5028,6736.0,11,0,0,0,0.0,0
0.8248,48,0,0.5623,4359.0,7,0,1,0,0.0,1
0.419,43,0,0.7808,8025.0,5,0,0,0,2.0,0
0.2598,75,0,0.2071,3626.0,6,0,1,0,,0
0.2866,36,0,0.4404,11960.0,5,0,1,0,0.0,0
0.448,58,0,0.5254,3955.0,8,0,0,0,0.0,0
0.3837,43,0,0.664,13816.0,4,0,1,0,2.0,0
0.0169,67,0,0.2535,13512.0,4,0,2,0,0.0,0
1.1544,84,0,0.4988,20195.0,6,0,0,0,0.0,0
0.3999,43,0,0.1914,5429.0,12,0,1,0,1.0,0
0.2525,54,0,0.7728,13865.0,16,0,1,0,3.0,0
0.2651,47,0,0.5327,6545.0,7,0,0,0,,0
0.2066,67,0,0.2692,7474.0,8,0,2,0,1.0,0
1.2097,49,0,0.6726,3488.0,10,0,0,0,0.0,0
0.2464,65,0,0.3655,4118.0,8,0,3,0,1.0,0
0.282,46,0,0.9856,7299.0,8,0,0,0,1.0,0
0.2905,83,0,0.1627,5824.0,4,0,2,0,0.0,0
0.0096,21,0,0.6912,3312.0,9,0,2,0,0.0,0
2.1187,57,0,0.7243,12237.0,10,0,1,0,0.0,0
0.7905,52,0,0.8247,,7,0,0,0,1.0,0
0.4693,51,0,0.5498,5918.0,11,0,0,0,2.0,0
0.1942,56,0,0.5484,7278.0,11,0,2,0,0.0,0
0.0909,53,0,0.3639,3243.0,13,0,2,0,1.0,0
1.3444,55,0,0.6882,3085.0,8,0,0,0,0.0,0
1.2027,58,0,0.3518,19123.0,8,0,2,0,0.0,0
1.4989,76,3,0.1487,6049.0,8,0,1,0,1.0,0
0.1094,21,0,1.1119,2743.0,7,1,1,0,3.0,0
0.4976,78,0,0.4973,,10,0,2,0,0.0,0
0.6071,88,0,0.67,7802.0,13,0,0,0,1.0,0
0.8222,27,0,0.2146,,7,0,0,0,0.0,0
0.0355,53,0,0.7549,12250.0,10,0,2,0,0.0,0
0.5672,71,0,1.0673,2090.0,7,0,2,0,0.0,1
0.6118,65,0,0.9588,3891.0,8,0,2,0,0.0,1
0.0668,75,0,0.9238,6116.0,5,0,2,0,2.0,0
0.6747,57,0,0.7133,4859.0,8,0,2,0,0.0,0
0.0579,24,0,1.2156,1652.0,1,0,2,0,1.0,0
0.3027,70,0,0.266,,5,0,0,0,1.0,0
0.2071,61,0,0.8077,11775.0,9,0,3,0,1.0,0
0.3248,73,0,0.8678,5823.0,8,0,1,0,0.0,0
0.5428,31,0,0.4145,3210.0,7,0,0,0,2.0,0
0.9631,35,0,0.4263,11237.0,11,0,0,0,1.0,1
0.0218,52,1,0.1892,3560.0,11,0,1,0,0.0,0
0.0606,71,0,0.6823,7789.0,9,0,0,0,2.0,0
0.5466,75,0,0.7362,2448.0,5,0,0,0,1.0,1
0.368,42,0,0.646,,5,0,0,0,1.0,0
0.2532,46,0,0.7945,2997.0,10,0,1,0,1.0,0
0.2415,92,0,0.2829,8617.0,8,0,0,0,2.0,0
0.5204,44,0,0.5425,2311.0,7,0,2,0,1.0,0
0.3863,61,0,0.5216,6071.0,6,0,1,0,1.0,0
0.5868,46,0,0.4551,2781.0,10,0,1,0,1.0,0
0.146,59,0,0.2104,1658.0,11,0,2,0,0.0,0
0.1202,40,0,1.099,3438.0,12,0,2,0,0.0,0
0.3048,40,0,0.2448,,5,0,0,0,3.0,0
12.5981,47,2,0.3865,5452.0,7,0,2,0,0.0,0
0.4509,44,0,0.4958,6723.0,5,0,1,0,0.0,0
0.5293,48,0,1.2872,,10,0,1,0,1.0,0
0.3769,59,0,0.3754,5416.0,5,0,2,0,0.0,0
0.1368,78,0,1.0991,,8,0,2,0,3.0,0
0.5441,44,0,0.227,4188.0,9,0,0,0,0.0,0
0.5788,38,0,0.5961,,6,0,0,0,0.0,0
0.1772,52,0,0.31,2546.0,7,0,3,0,0.0,0
0.0617,40,0,0.7046,7853.0,12,0,1,0,0.0,0
7.2842,29,1,0.244,4159.0,11,0,0,0,0.0,0
1.9736,67,0,1.1062,4685.0,10,0,0,0,1.0,0
1.8028,53,0,0.2977,8442.0,9,0,0,0,0.0,0
0.7105,54,0,0.6864,2652.0,9,0,0,0,1.0,0
0.6486,25,0,0.2297,2948.0,7,0,0,0,0.0,0
0.1236,44,0,0.8268,8666.0,5,0,2,0,0.0,0
0.1945,32,0,1.1909,7324.0,6,0,1,0,1.0,0
0.8267,52,0,0.3477,8958.0,8,0,2,0,3.0,0
0.623,54,0,0.4396,,10,0,1,0,1.0,0
0.8809,54,0,0.4184,2401.0,11,0,1,0,2.0,0
0.4656,43,3,0.5433,4478.0,4,0,0,1,0.0,0
0.1573,40,0,0.5541,2141.0,10,0,0,0,0.0,0
9.0353,49,0,0.0601,7142.0,7,0,1,0,0.0,0
0.822,57,0,0.684,,4,0,0,0,0.0,0
0.8946,44,0,0.2075,5374.0,7,0,1,0,1.0,0
0.2454,39,0,1.2681,2622.0,14,0,1,0,2.0,0
0.6134,39,0,0.2625,10603.0,14,0,1,0,0.0,0
1.0937,43,0,0.7114,5227.0,10,0,2,0,0.0,0
0.5989,46,0,0.5069,3375.0,4,0,0,0,2.0,0
3.8698,37,0,0.4617,,8,0,1,0,1.0,0
2.3003,46,0,0.3559,,7,0,2,0,2.0,0
0.2042,69,0,0.3588,3511.0,7,0,1,0,0.0,0
0.6239,48,0,0.3258,,5,0,2,0,1.0,0
0.2839,35,0,0.6285,9049.0,5,0,1,0,1.0,0
0.0676,21,0,0.4961,6978.0,7,0,0,0,1.0,0
0.3907,78,0,0.6469,,3,0,0,0,0.0,0
0.4565,68,0,0.4521,3597.0,11,0,1,0,0.0,0
0.0933,56,0,0.3254,6377.0,7,0,2,0,3.0,0
0.6093,68,0,0.0446,11698.0,4,0,1,0,0.0,0
0.0584,59,0,0.1357,12955.0,7,0,0,0,0.0,0
0.1457,51,0,0.6071,,9,0,1,0,1.0,0
0.7529,35,0,0.8822,,8,0,0,0,2.0,0
0.4269,79,0,0.7552,8232.0,5,0,0,0,0.0,1
0.3513,46,0,1.057,4072.0,5,0,1,0,1.0,0
0.1132,47,0,0.1351,4060.0,6,0,2,0,1.0,0
0.7597,53,0,0.5192,3455.0,9,0,4,0,3.0,0
0.4539,53,0,0.8467,,5,0,0,0,2.0,1
0.3759,60,0,0.4885,2421.0,9,0,0,0,3.0,0
0.0363,58,0,0.661,,7,0,1,0,0.0,0
0.191,44,0,0.3603,2725.0,8,0,3,0,2.0,0
2.0946,52,0,0.4305,7194.0,9,0,0,0,0.0,0
0.8182,60,0,0.5801,,4,0,1,0,1.0,0
0.0154,43,0,0.8893,5710.0,8,0,3,0,1.0,0
0.5285,72,0,0.5594,4557.0,9,0,2,0,0.0,0
0.1992,52,0,0.4693,2089.0,7,0,1,1,1.0,0
0.138,74,0,0.322,13394.0,9,0,0,0,0.0,0
0.3246,33,0,0.5167,3053.0,4,0,2,0,0.0,0
0.1569,61,0,1.1359,6079.0,11,0,0,0,1.0,0
0.3633,40,0,0.3477,,9,0,2,0,0.0,0
0.2248,43,0,0.2784,4415.0,8,0,2,0,1.0,0
0.1114,65,0,0.1991,6499.0,6,0,3,0,0.0,0
0.4245,49,0,0.2617,6453.0,6,0,1,0,2.0,0
1.1774,88,0,0.1491,2793.0,5,0,1,0,1.0,0
0.0756,59,0,1.0257,,8,0,3,0,0.0,0
0.4217,42,0,0.6932,8084.0,12,0,2,0,1.0,0
0.6273,59,0,0.915,,12,0,1,0,1.0,0
0.3041,49,0,0.8529,6075.0,5,0,1,0,0.0,0
0.3797,64,0,0.3683,2150.0,7,0,2,0,1.0,0
0.1127,48,0,0.6599,4531.0,7,0,1,0,0.0,0
0.1123,58,0,0.8131,3251.0,7,0,0,0,1.0,0
1.0074,55,0,0.4503,21628.0,6,0,1,0,1.0,0
0.217,53,0,0.2583,10231.0,9,0,0,0,0.0,0
0.605,67,0,1.5223,2899.0,6,0,0,0,0.0,1
0.2826,27,0,0.7236,4692.0,7,0,1,0,,0
0.0758,53,0,0.6107,,11,0,1,0,1.0,0
0.0558,42,0,0.6661,7377.0,6,0,2,0,1.0,0
0.4274,33,0,0.6872,4359.0,10,0,2,0,0.0,0
0.2142,40,0,0.5902,7545.0,12,0,2,0,0.0,0
0.8828,43,0,0.6459,5311.0,7,0,0,0,1.0,0
0.2323,49,0,0.0248,18805.0,9,0,3,0,1.0,0
0.0393,57,0,0.5993,6116.0,4,0,3,0,2.0,0
0.5562,60,0,0.6131,9643.0,6,0,0,0,0.0,0
0.2641,46,0,0.3841,4314.0,8,0,1,0,0.0,0
0.3142,74,0,0.5127,2932.0,7,0,2,0,0.0,0
0.3859,47,0,0.2029,,9,0,2,0,1.0,0
0.3633,25,0,1.039,2706.0,5,0,4,0,0.0,0
0.9183,47,0,0.349,5506.0,11,0,1,0,1.0,0
0.6137,53,0,0.1165,4439.0,8,0,0,0,1.0,1
0.285,21,0,0.2256,7466.0,9,0,0,0,1.0,0
0.5634,69,0,0.5262,7162.0,5,0,1,0,0.0,0
0.0672,51,0,1.0784,,8,0,4,0,0.0,0
1.0137,36,0,0.6039,2519.0,4,0,1,0,3.0,0
0.3073,39,0,0.0672,5632.0,12,0,1,0,2.0,0
0.1464,63,0,0.2922,,9,0,0,0,4.0,0
0.0826,64,0,0.6759,12907.0,11,0,0,0,1.0,0
0.1407,43,0,0.4228,2524.0,14,0,0,0,0.0,0
0.0695,33,0,0.6804,4145.0,6,0,1,0,1.0,0
0.8361,54,1,0.6888,1536.0,6,0,1,0,1.0,0
0.7344,56,0,0.8421,13136.0,7,0,1,0,,0
1.4221,60,1,0.6915,6104.0,8,0,1,0,2.0,0
2.2317,44,0,0.077,8087.0,11,0,1,0,0.0,0
0.0959,50,0,0.4595,3403.0,8,0,1,0,0.0,0
0.1751,52,0,0.6108,10037.0,5,0,0,0,0.0,0
0.4863,66,0,0.3788,18182.0,5,0,1,0,0.0,0
0.1989,71,0,0.4347,,3,0,2,0,2.0,0
3.0579,74,0,0.4569,2112.0,7,0,0,0,0.0,0
0.3367,70,0,0.6298,5921.0,7,0,2,0,0.0,0
2.4445,77,0,0.5243,9005.0,12,0,0,0,2.0,0
0.2537,66,0,0.9994,4935.0,4,0,0,0,2.0,0
0.9134,44,0,0.6799,,6,0,2,0,0.0,0
0.5873,73,0,0.3892,5333.0,5,0,2,0,0.0,0
0.4237,33,0,0.2996,2557.0,6,0,4,0,1.0,0
0.8975,85,0,0.3032,4347.0,10,0,0,0,0.0,0
0.3296,38,0,0.1453,7997.0,8,0,1,0,1.0,0
0.7743,64,0,0.3155,3653.0,8,0,1,0,0.0,0
0.8442,72,0,0.6187,9137.0,8,0,3,0,1.0,0
0.4332,58,0,0.1603,,12,0,2,0,0.0,0
0.5433,23,0,0.3594,1841.0,7,0,0,0,1.0,1
3.5148,39,0,0.2482,5814.0,14,0,0,0,1.0,0
0.2026,57,0,0.0666,8294.0,6,0,0,0,1.0,0
1.4479,61,0,0.4539,7245.0,6,0,0,0,1.0,0
0.22,49,0,0.731,11280.0,9,0,0,0,0.0,0
0.1976,53,0,0.5054,10788.0,3,0,1,0,0.0,0
0.2353,31,0,0.1406,3653.0,14,0,0,0,0.0,0
0.214,77,0,0.5851,,9,0,1,0,1.0,0
0.2534,47,0,0.3732,2659.0,6,0,3,0,0.0,0
1.903,63,0,0.5836,,5,0,0,0,0.0,0
0.3513,72,0,0.3614,27725.0,4,0,0,0,2.0,0
0.1019,36,0,0.6652,9852.0,11,0,2,0,0.0,0
0.5945,54,0,0.6556,6206.0,8,0,1,0,0.0,0
0.7054,56,0,0.2381,3909.0,7,0,3,0,0.0,0
0.2329,48,0,0.8298,7709.0,9,0,0,0,0.0,0
0.0444,65,0,0.6082,12091.0,12,0,2,0,1.0,0
0.4458,43,0,0.3595,,10,0,0,0,1.0,0
0.3588,53,0,0.3038,13039.0,6,0,1,0,1.0,0
0.8274,47,0,0.2402,8362.0,4,0,2,0,0.0,0
0.7406,85,0,0.4175,7121.0,6,0,3,0,3.0,0
0.0408,43,0,0.2012,,6,0,1,0,0.0,0
0.3716,62,0,0.227,,7,0,0,0,0.0,0
0.3326,77,0,0.5375,5162.0,8,0,3,0,1.0,0
2.0055,39,0,0.6699,15516.0,2,0,2,0,1.0,0
0.5971,53,3,0.1049,1460.0,4,1,0,0,0.0,0
0.4521,38,0,0.7848,,12,0,1,0,1.0,0
5.1103,24,0,0.2398,7578.0,4,0,2,0,0.0,0
4.5699,41,1,0.6982,7370.0,9,0,0,2,2.0,0
0.2808,44,0,1.1224,7970.0,8,0,0,0,0.0,0
0.0247,45,0,0.2384,6030.0,10,0,1,0,1.0,0
3.1352,48,0,0.2458,,10,0,0,0,0.0,0
0.2246,52,0,0.3754,4684.0,12,0,2,0,0.0,0
2.8427,35,0,0.4842,5788.0,6,0,1,0,2.0,0
0.4565,57,4,0.1664,5033.0,6,0,1,0,1.0,0
3.7208,69,1,0.7361,6908.0,6,0,1,0,0.0,0
1.1957,71,2,0.6713,,4,0,0,0,1.0,0
0.4161,48,0,0.517,9372.0,6,0,1,0,0.0,0
0.1487,65,0,0.2379,3334.0,10,0,2,0,1.0,0
0.4438,42,0,0.3906,9729.0,11,0,1,0,1.0,0
1.0661,47,0,0.2861,7650.0,3,0,1,0,1.0,0
0.3551,58,0,0.8411,4375.0,6,0,0,0,0.0,0
0.0071,47,0,0.0589,5541.0,7,0,1,0,1.0,0
2.7046,34,0,0.6101,2666.0,7,0,1,0,0.0,0
3.4517,64,2,0.5848,11723.0,8,0,1,0,0.0,0
0.0836,40,0,0.8879,2338.0,3,0,0,0,1.0,0
0.2288,45,0,0.6729,6617.0,8,0,2,0,2.0,0
0.6739,67,0,0.4928,3837.0,12,0,2,0,0.0,1
0.4635,60,0,0.745,2832.0,9,0,0,0,1.0,0
0.521,54,0,0.2586,8063.0,8,0,0,0,0.0,0
0.5508,31,0,0.7935,8349.0,9,0,0,0,0.0,0
0.2809,36,0,0.5278,4985.0,7,0,2,0,2.0,0
0.3128,58,0,0.3831,,5,0,1,0,0.0,0
0.4602,61,0,0.9464,,12,0,2,0,0.0,0
0.5468,56,0,0.5334,,10,0,4,0,0.0,0
0.2221,45,0,0.7444,1851.0,8,0,3,0,1.0,0
3.455,45,0,0.5184,5484.0,9,0,2,0,1.0,0
0.4654,55,0,0.8508,7173.0,9,0,0,0,1.0,0
9.572,34,0,0.7181,8031.0,6,0,2,0,1.0,0
0.1737,53,0,0.386,9781.0,8,0,1,0,0.0,0
1.0727,33,0,0.791,9530.0,7,0,0,0,1.0,0
0.1615,37,2,0.5094,1369.0,13,0,2,2,2.0,0
0.3925,54,0,0.3319,7004.0,7,0,1,0,1.0,0
0.8973,60,0,0.0418,4240.0,10,0,2,0,0.0,0
0.4899,57,0,0.3174,6968.0,7,0,0,0,,0
0.1367,36,0,0.1548,7428.0,7,0,0,0,0.0,0
0.8943,26,0,0.664,4176.0,3,0,0,0,0.0,1
0.4015,52,0,0.4887,2383.0,11,0,0,0,0.0,0
0.6751,25,0,0.453,5107.0,9,0,0,0,1.0,0
0.3822,65,0,0.2602,6218.0,5,0,1,0,1.0,0
0.0508,37,0,0.5584,6943.0,4,0,1,0,0.0,0
0.8295,83,0,0.2461,7151.0,9,0,1,0,0.0,0
1.4838,39,0,0.3167,9920.0,6,0,2,0,0.0,0
0.5636,58,0,0.3979,4992.0,8,0,1,0,0.0,0
0.2423,42,0,0.3644,4431.0,14,0,1,0,2.0,0
0.1518,50,0,0.8824,3334.0,7,0,0,0,,0
0.0843,55,0,0.6788,4907.0,9,0,1,0,2.0,0
0.0008,64,0,0.4023,10227.0,11,0,4,0,0.0,0
0.5395,66,0,0.1847,6637.0,13,0,3,0,1.0,0
0.375,62,0,0.4721,,8,0,3,0,0.0,0
5.9055,67,0,0.675,6004.0,6,0,1,0,0.0,0
0.1277,43,0,0.0316,2272.0,6,0,1,0,0.0,0
0.3039,61,0,0.6187,5618.0,9,0,2,0,0.0,0
0.4086,47,0,0.5711,6823.0,10,0,1,0,1.0,0
0.1112,66,0,0.5481,5068.0,7,0,1,0,0.0,0
0.4187,54,0,0.7522,3716.0,7,0,1,0,2.0,0
0.4896,61,0,0.8421,5543.0,8,0,0,0,0.0,0
0.1965,56,0,0.453,1906.0,7,0,1,0,3.0,0
0.2612,63,0,0.4544,5336.0,9,0,0,0,3.0,0
0.5633,41,0,0.788,,8,0,0,0,2.0,0
0.0258,30,0,0.5601,4181.0,13,0,1,0,2.0,0
0.5857,66,0,0.4194,30749.0,8,0,2,0,0.0,0
0.7045,71,0,0.6542,6488.0,8,0,2,0,0.0,0
7.8111,50,0,0.7192,5181.0,6,0,3,0,1.0,0
0.8159,63,0,0.3536,11628.0,4,0,1,0,0.0,0
0.4658,29,0,0.0691,7771.0,3,0,0,0,1.0,1
0.1355,43,0,0.6591,4551.0,7,0,0,0,1.0,0
0.309,53,0,0.9394,3942.0,10,0,0,0,0.0,0
0.8188,28,0,0.3787,,7,0,0,0,0.0,1
0.7064,31,0,0.4632,8549.0,6,0,2,0,0.0,0
0.046,54,0,0.3644,2495.0,8,0,0,0,0.0,0
0.4924,44,0,0.529,1690.0,2,0,2,0,0.0,1
0.0374,47,0,0.2577,3500.0,10,0,1,0,1.0,0
1.1492,46,0,0.1087,,9,0,1,0,0.0,0
4.3503,34,0,0.752,6783.0,15,0,0,0,0.0,0
0.0723,49,0,0.561,8070.0,8,0,1,0,0.0,0
0.675,52,0,0.1932,6652.0,11,0,0,0,2.0,0
0.4642,44,0,0.6295,3851.0,7,0,1,0,1.0,0
0.5364,45,0,0.494,11241.0,12,0,0,0,2.0,0
1.342,49,1,0.4898,6674.0,6,0,2,0,0.0,0
0.3611,63,0,0.3477,3163.0,5,0,1,0,0.0,0
0.2378,51,0,0.5683,5010.0,7,0,1,0,2.0,0
1.4832,25,0,0.5799,2913.0,4,0,0,0,2.0,0
0.5383,35,0,0.2278,10311.0,8,0,2,0,1.0,0
0.8732,65,1,0.5848,5271.0,8,0,1,1,1.0,0
0.7324,42,0,0.5877,4248.0,10,0,1,0,1.0,0
0.3869,51,0,0.1826,2260.0,8,0,1,0,2.0,0
0.1915,79,0,0.5323,5963.0,9,0,0,0,1.0,0
0.4174,61,0,0.2218,,6,0,0,0,1.0,0
0.4231,22,1,0.5922,,6,0,0,0,0.0,0
0.3581,72,0,0.6431,,9,0,0,0,1.0,0
0.1179,54,0,0.1529,8409.0,7,0,0,0,1.0,0
0.1235,57,0,0.5039,3634.0,8,0,2,0,0.0,0
0.7362,56,0,0.2576,9821.0,5,0,0,0,0.0,0
0.64,65,0,0.2889,2334.0,9,0,0,0,0.0,0
4.7389,51,0,0.216,7337.0,14,0,1,0,1.0,0
0.1776,31,1,1.1021,11188.0,8,0,1,1,1.0,1
0.6135,57,0,0.4138,10690.0,8,0,3,0,0.0,0
0.0845,33,0,1.3339,4887.0,6,0,0,0,1.0,0
0.1639,77,0,0.6183,8288.0,7,0,3,0,0.0,0
0.6202,47,0,1.6187,3631.0,4,0,3,0,4.0,0
0.1567,51,0,0.6028,5055.0,9,0,2,0,1.0,0
0.8531,43,0,0.7086,4898.0,6,0,1,0,1.0,0
0.5133,57,0,0.7575,5573.0,6,0,0,0,2.0,0
0.0558,58,0,0.2316,11556.0,4,0,1,0,0.0,0
0.1159,42,0,0.5305,2184.0,11,0,1,0,0.0,0
0.2372,58,0,0.2151,5407.0,9,0,0,0,2.0,0
0.8465,53,0,0.5855,5879.0,6,0,1,0,0.0,0
0.1628,51,0,0.0858,8661.0,8,0,1,0,1.0,0
0.7786,41,0,0.5915,,6,0,3,0,1.0,1
0.3143,84,0,0.3897,18684.0,14,0,2,0,0.0,0
1.5953,69,1,0.6396,6650.0,7,0,1,1,,0
0.7979,62,0,0.2941,1281.0,6,0,1,0,,0
0.2529,68,0,0.2472,22797.0,7,0,0,0,,0
0.0083,56,0,0.511,13260.0,8,0,1,0,1.0,0
0.7403,47,0,1.2081,2156.0,12,0,1,0,1.0,0
1.2728,21,0,0.2787,2058.0,9,0,1,0,1.0,0
0.705,35,0,0.3965,7783.0,4,0,2,0,0.0,0
0.6177,82,0,0.9328,9043.0,8,0,1,0,0.0,0
0.454,68,0,0.7335,4857.0,5,0,1,0,0.0,0
3.5188,55,0,0.9551,,8,0,1,1,0.0,0
0.5191,30,0,0.2379,,8,0,0,0,2.0,0
0.0431,61,0,0.598,7194.0,6,0,1,0,0.0,0
0.2162,48,0,0.4616,,8,0,1,0,0.0,0
0.2476,62,4,0.7089,,4,0,3,0,2.0,0
0.0693,36,0,0.2709,3218.0,7,0,3,0,1.0,0
0.5288,45,0,0.6696,5578.0,10,0,2,0,0.0,0
0.5306,64,0,1.0115,6784.0,4,0,1,0,0.0,0
0.0728,79,0,0.245,6967.0,6,0,0,0,0.0,0
0.1266,43,1,0.4445,,4,0,1,0,2.0,0
0.5255,38,0,0.7708,3095.0,7,0,1,0,1.0,0
0.1482,66,0,0.4227,12776.0,8,0,4,0,1.0,0
0.1277,34,0,0.2652,,8,0,1,0,1.0,0
0.4674,35,0,0.3382,6973.0,8,0,0,0,1.0,0
5.3881,56,0,0.6485,7932.0,10,0,0,0,1.0,0
0.6801,81,1,0.5022,,6,0,1,0,1.0,0
0.177,40,0,0.2911,7393.0,5,0,2,0,0.0,0
0.3665,47,0,0.4573,5604.0,3,0,1,0,1.0,0
0.1509,54,0,0.1507,11902.0,9,0,1,0,0.0,0
0.2031,45,0,0.8915,5049.0,5,0,1,0,0.0,0
0.8206,27,1,1.0726,2846.0,7,0,1,0,1.0,0
1.1457,63,0,0.3489,5811.0,4,0,1,0,1.0,0
0.0869,55,0,0.23,8219.0,5,0,1,0,0.0,0
0.0066,57,0,0.3733,27922.0,10,0,1,0,,0
0.5633,50,0,0.189,5527.0,15,0,2,0,1.0,0
0.4036,73,0,0.4291,,11,0,1,0,0.0,0
0.0485,45,0,0.4748,7360.0,4,0,1,0,1.0,0
0.145,37,0,0.4295,2222.0,10,0,1,0,1.0,0
0.5013,75,0,1.1089,3825.0,7,0,3,0,0.0,1
0.0058,21,0,0.3701,3731.0,6,0,1,0,2.0,0
0.084,50,0,0.461,7478.0,7,0,1,0,0.0,0
0.5511,51,0,0.3101,6564.0,8,0,0,0,0.0,0
0.0443,50,0,0.7719,1380.0,5,0,0,0,0.0,0
2.7621,30,0,0.2853,9162.0,6,0,0,0,2.0,0
0.5118,35,0,0.415,4514.0,9,0,1,0,1.0,0
0.8754,65,0,0.2759,4917.0,4,0,1,0,1.0,0
0.6241,71,0,0.3246,7580.0,8,0,0,0,1.0,0
0.6632,46,0,0.3711,2928.0,9,0,2,0,0.0,1
8.3144,39,0,0.5326,2062.0,8,0,4,0,0.0,0
0.0977,27,0,0.4772,2197.0,9,0,2,0,1.0,0
0.1982,65,0,0.3786,12398.0,7,0,0,0,,0
0.0631,66,0,0.4696,3390.0,13,0,0,0,0.0,0
0.2514,21,0,0.1351,4486.0,10,0,0,0,2.0,0
0.6197,21,0,0.1333,3778.0,4,0,1,0,0.0,0
0.0552,54,0,0.7051,,7,0,2,0,1.0,0
0.2074,56,0,0.1162,5609.0,4,0,1,0,2.0,0
0.2652,45,0,0.5173,10206.0,9,0,4,0,1.0,0
1.7997,52,0,0.2349,15445.0,12,0,1,0,2.0,0
0.3593,49,0,0.5668,1622.0,13,0,0,0,1.0,0
0.322,52,0,0.5068,4541.0,6,0,0,0,1.0,0
0.3555,39,0,0.672,8120.0,8,0,2,0,1.0,0
0.8046,52,0,0.3255,922.0,10,0,1,0,0.0,0
2.4163,43,0,1.0754,4499.0,4,0,1,0,1.0,0
0.0937,41,0,0.0894,9030.0,9,0,0,0,0.0,0
0.3901,26,2,0.1486,2372.0,11,0,0,0,,0
0.1126,50,0,0.3885,4196.0,6,0,2,0,0.0,0
0.1716,63,0,0.6887,3277.0,8,0,2,0,1.0,0
0.0679,47,0,0.5635,,8,0,0,0,2.0,0
0.9964,47,0,0.2285,,7,0,0,0,1.0,0
0.5208,70,0,0.7402,,9,0,1,0,0.0,1
0.0754,66,0,0.5304,9336.0,5,0,0,0,0.0,0
0.5214,76,0,0.7003,4783.0,9,0,1,0,0.0,0
0.4937,84,0,0.5886,4598.0,11,0,3,0,1.0,1
0.1897,53,0,0.197,7927.0,12,0,2,0,1.0,0
0.0021,36,0,0.0467,5539.0,11,0,1,0,1.0,0
0.6156,45,0,0.6254,4065.0,14,0,1,0,0.0,0
0.2201,60,0,0.0435,,11,0,1,0,0.0,0
0.1195,72,4,0.4994,4588.0,9,0,0,0,0.0,0
0.1414,37,0,0.8662,11278.0,9,0,0,0,1.0,0
4.0341,56,0,0.1504,,11,0,1,0,1.0,0
0.072,41,0,0.4241,,4,0,2,0,0.0,0
1.2168,50,0,0.0768,2554.0,7,0,0,0,3.0,0
0.448,50,0,1.0879,8842.0,12,0,0,0,1.0,0
0.632,57,2,1.3248,11492.0,12,1,1,0,1.0,0
0.1898,80,0,0.3573,10887.0,9,0,2,0,0.0,0
0.2238,59,0,0.431,5022.0,12,0,1,0,2.0,0
0.5317,46,0,0.6895,3120.0,7,0,0,0,1.0,0
2.8953,44,1,0.7042,,8,0,2,0,1.0,0
0.7474,49,0,0.0976,12202.0,9,0,0,0,0.0,0
0.4566,40,1,0.3844,3748.0,4,1,1,0,0.0,0
0.4346,54,0,0.6899,2197.0,7,0,1,0,1.0,0
0.3718,21,0,0.4312,5229.0,5,0,0,0,1.0,0
0.3467,49,0,0.3925,8305.0,15,0,2,0,2.0,0
0.6026,50,0,0.4984,11883.0,10,0,0,0,0.0,0
0.3878,36,0,0.4295,5528.0,7,0,0,0,0.0,0
0.6026,47,0,0.3301,1663.0,4,0,1,0,1.0,0
0.9424,68,0,0.8147,5908.0,6,0,2,0,2.0,0
0.1303,69,0,0.3255,3949.0,8,0,1,0,0.0,0
3.7916,45,0,0.2126,5008.0,2,0,3,0,0.0,0
0.2695,59,0,0.196,3504.0,5,0,0,0,0.0,0
0.4288,31,0,0.4758,5504.0,3,0,2,0,0.0,0
0.9349,48,0,0.4975,5710.0,4,0,3,0,1.0,0
0.8066,55,0,0.3868,1605.0,9,0,0,0,1.0,1
0.2256,73,0,0.6344,14859.0,4,0,0,0,0.0,0
0.2195,69,0,0.1692,5988.0,6,0,1,0,1.0,0
0.676,55,0,0.8407,7866.0,9,0,0,0,2.0,0
0.3996,39,0,0.1516,6183.0,12,0,2,0,1.0,0
0.1328,71,0,0.8834,12581.0,12,0,2,0,0.0,0
0.553,47,0,0.1764,3466.0,3,0,1,0,1.0,0
4.122,58,0,0.2293,1965.0,9,0,3,0,1.0,0
0.813,50,0,0.496,4355.0,7,0,1,0,3.0,0
0.0886,80,0,0.2654,14710.0,3,0,2,0,0.0,0
0.7132,43,0,0.6006,3275.0,15,0,0,0,0.0,0
0.268,65,0,0.6999,6120.0,7,0,0,0,2.0,0
0.3245,51,0,0.3412,,6,0,2,0,0.0,0
0.0576,60,0,0.1491,3655.0,6,0,0,0,0.0,0
0.0502,75,0,0.1899,5765.0,8,0,1,0,2.0,0
0.2252,24,0,0.6009,3003.0,9,0,0,0,0.0,0
0.3274,51,0,0.5254,3529.0,10,0,1,0,1.0,0
0.5858,39,0,0.7773,6270.0,6,0,1,0,2.0,0
0.1076,58,0,0.3766,2868.0,9,0,1,0,0.0,0
0.4944,62,0,0.2605,7295.0,7,0,0,0,1.0,0
0.023,45,0,0.4818,7248.0,4,0,1,0,1.0,0
0.1198,45,0,0.606,,9,0,1,0,0.0,0
0.3703,55,0,0.1622,11074.0,10,0,1,0,0.0,0
0.9062,34,2,0.6567,,7,0,2,0,2.0,0
0.5441,57,0,0.6898,6815.0,5,0,1,0,1.0,0
0.004,41,0,0.1797,2874.0,9,0,3,0,1.0,0
0.3509,62,0,0.9287,5746.0,5,0,1,0,1.0,0
0.4647,34,0,0.399,5158.0,14,0,0,0,2.0,0
0.0494,44,0,0.1633,6532.0,8,0,1,0,2.0,0
0.3773,41,0,0.1836,1969.0,5,0,0,0,1.0,0
0.3695,48,0,0.3891,5711.0,11,0,0,0,0.0,0
0.6025,71,0,0.8664,3789.0,9,0,2,0,1.0,0
0.029,64,0,0.6058,3393.0,9,0,2,0,0.0,0
0.3782,45,0,0.7892,,4,0,1,0,0.0,0
0.8062,45,0,0.7105,3177.0,7,0,2,0,0.0,0
2.0442,64,0,0.1905,,13,0,2,0,2.0,0
0.4916,36,0,0.283,4824.0,7,0,2,0,2.0,0
4.1641,52,0,0.2348,12047.0,4,0,0,0,0.0,0
0.2865,44,0,0.3061,2623.0,6,0,2,0,0.0,0
0.1323,50,0,0.0859,5536.0,9,0,2,0,1.0,0
0.1534,63,0,0.1692,5987.0,5,0,1,0,0.0,0
1.4271,43,4,0.5744,,9,0,1,0,2.0,0
0.1006,66,3,0.4381,5336.0,19,0,0,2,3.0,0
0.1271,83,0,0.8135,8400.0,9,0,1,0,1.0,0
0.6453,60,0,0.5635,6171.0,7,0,1,0,0.0,0
0.2164,51,4,0.3542,5302.0,11,0,2,1,0.0,0
0.5851,68,1,0.3302,2834.0,9,0,1,0,1.0,0
0.7745,36,0,0.4076,3417.0,8,0,1,0,1.0,0
1.3023,73,0,0.0484,,10,0,2,0,2.0,0
0.4617,41,0,0.7549,,8,0,2,0,4.0,0
0.0719,82,0,0.8864,,15,0,2,0,1.0,0
1.8168,42,1,0.0978,7688.0,9,0,2,1,0.0,0
0.1611,61,0,0.173,4601.0,7,0,1,0,0.0,0
0.1603,30,0,0.2381,4186.0,6,0,0,0,0.0,0
1.4568,49,0,0.2175,7284.0,8,0,0,0,2.0,0
0.4767,37,0,0.1755,3654.0,6,0,1,0,0.0,0
0.4638,32,0,0.6579,2188.0,9,0,2,0,,1
0.9476,69,0,0.7,5601.0,8,0,0,0,1.0,0
0.4804,35,0,0.0474,,9,0,0,0,0.0,0
0.4166,42,0,0.2693,2941.0,11,0,1,0,1.0,0
0.0228,40,2,0.0828,7209.0,4,1,2,2,1.0,0
0.1401,68,0,0.9029,10264.0,9,0,0,0,0.0,0
0.2584,66,0,0.7744,,6,0,2,0,1.0,0
0.0886,70,0,0.3402,4659.0,5,2,0,0,1.0,0
8.0311,41,0,0.4855,,10,0,1,0,0.0,0
0.3617,71,0,0.3515,,7,0,0,0,1.0,0
1.0515,41,0,0.2898,,2,0,1,0,,0
0.1206,41,0,0.2039,3803.0,5,0,3,0,0.0,0
0.2746,42,0,0.3719,3977.0,3,0,1,0,2.0,0
4.6443,43,1,0.427,4486.0,5,0,2,0,0.0,0
0.4269,51,0,0.5999,6506.0,8,0,2,0,1.0,0
0.1895,40,0,0.4949,9499.0,9,0,1,0,0.0,0
3.6997,55,0,0.5031,5850.0,11,0,1,0,0.0,0
2.2907,21,0,0.7215,,7,0,0,0,1.0,1
0.2449,55,0,0.6409,3151.0,11,0,0,0,0.0,0
0.6453,37,0,0.6938,4186.0,11,0,1,0,0.0,0
0.5526,43,0,0.6587,2933.0,10,0,1,0,0.0,1
4.2237,43,0,0.1459,3494.0,6,0,0,0,0.0,0
0.2758,65,1,0.7747,5333.0,9,0,0,0,1.0,0
0.0089,59,0,0.3038,5549.0,10,0,3,0,0.0,0
0.0929,50,0,0.7137,2972.0,6,0,1,0,0.0,0
0.7395,42,0,0.6606,3153.0,8,0,2,0,0.0,0
0.0185,63,0,0.2891,12441.0,7,0,2,0,0.0,0
0.1695,77,0,0.6349,,5,0,3,0,0.0,0
0.0544,52,0,1.0214,,7,0,1,0,0.0,0
0.5975,30,2,0.6127,3304.0,7,0,1,0,0.0,0
0.4401,42,0,0.6005,2347.0,10,0,2,0,0.0,0
3.205,60,0,0.336,,9,0,0,0,4.0,0
2.655,46,0,0.0995,,11,0,0,0,1.0,1
0.4133,40,3,0.3482,5974.0,7,0,0,1,2.0,0
0.2355,39,0,0.7788,,6,0,1,0,,0
0.1494,53,0,0.1439,4726.0,5,0,0,0,0.0,0
0.4071,31,0,0.8162,3635.0,9,0,0,0,2.0,0
0.1776,52,0,0.6323,,10,0,3,0,0.0,0
0.1019,53,0,0.9865,13854.0,10,0,0,0,0.0,0
1.372,46,3,0.9863,3102.0,5,1,1,0,0.0,0
0.7875,37,0,0.4488,3794.0,7,0,1,0,0.0,0
0.0281,66,0,0.4705,9954.0,6,0,0,0,1.0,0
0.3896,33,0,0.5111,3882.0,5,0,2,0,1.0,0
0.374,54,0,0.2617,6936.0,12,0,1,0,1.0,0
0.5129,62,0,0.5545,,5,0,2,0,1.0,0
0.1265,54,0,0.444,9717.0,4,0,0,0,0.0,0
0.5302,69,0,1.0531,4451.0,7,0,0,0,1.0,0
0.1022,36,0,0.6209,9166.0,6,0,0,0,0.0,0
0.7496,41,0,0.5277,6488.0,6,0,0,0,2.0,0
0.0932,46,0,0.4701,6075.0,11,0,1,0,0.0,0
0.1396,95,0,0.3962,3974.0,9,0,0,0,0.0,0
1.2327,59,0,0.2056,10203.0,12,0,1,0,0.0,0
2.0864,62,1,0.6424,9331.0,6,0,0,1,1.0,0
0.2324,61,0,0.2624,5213.0,3,0,0,0,2.0,0
0.2993,53,0,0.4165,1876.0,7,0,0,0,1.0,0
3.7556,67,0,0.3644,5062.0,7,0,1,0,0.0,0
0.5854,26,0,0.7978,8086.0,6,0,2,0,1.0,0
0.2956,56,0,0.0966,,9,0,0,0,0.0,0
0.2843,58,0,0.2018,16075.0,8,0,1,0,0.0,0
0.2005,66,0,0.1049,3181.0,10,0,2,0,2.0,0
0.8335,36,0,0.7167,2580.0,10,0,0,0,2.0,0
0.3278,37,0,0.2054,,6,0,0,0,0.0,0
0.2185,38,0,0.4589,,12,0,1,0,0.0,0
0.5131,59,0,0.6161,3616.0,7,0,0,0,0.0,0
0.4001,60,0,0.672,7686.0,5,0,2,0,0.0,0
0.3833,39,0,0.6671,3185.0,6,0,0,0,1.0,0
0.5653,79,0,0.8828,4015.0,3,0,0,0,0.0,0
1.2313,56,2,0.2737,,7,0,0,0,0.0,0
0.8851,54,0,0.3606,3402.0,9,0,0,0,2.0,0
0.422,49,0,0.7067,4092.0,9,0,0,0,2.0,0
0.6805,65,0,0.3745,3676.0,9,0,2,0,1.0,0
0.121,57,0,0.2827,3264.0,9,0,1,0,1.0,0
1.0888,78,0,0.4981,7443.0,7,0,3,0,0.0,0
0.13,35,0,1.4474,12900.0,8,0,2,0,,0
0.4852,30,0,0.486,1601.0,2,0,0,0,0.0,0
2.4394,42,0,0.4024,,11,0,1,0,0.0,0
1.4416,60,0,0.6139,4249.0,7,0,1,0,0.0,0
4.7039,46,3,0.3538,6026.0,9,2,2,0,2.0,0
0.0276,70,0,0.7375,2777.0,7,0,1,0,2.0,0
0.2247,46,0,0.4205,7389.0,7,0,0,0,2.0,0
0.0836,67,0,1.1196,4534.0,7,0,0,0,0.0,0
1.6882,40,0,0.4564,2064.0,12,0,2,0,0.0,0
0.4066,69,0,0.9449,6205.0,7,0,1,0,1.0,0
3.1775,71,0,0.4549,5555.0,6,0,1,0,2.0,0
0.3099,44,0,0.2685,13410.0,9,0,0,0,0.0,0
0.1144,59,0,0.4711,7207.0,9,0,0,0,0.0,0
0.0312,56,0,0.7193,6528.0,9,0,2,0,0.0,0
0.5456,59,0,0.4259,9559.0,7,0,1,0,0.0,0
0.6634,70,0,0.4934,2487.0,8,0,1,0,0.0,0
2.0373,66,2,1.0113,8571.0,8,0,1,0,1.0,0
0.2757,59,0,0.3594,,16,0,0,0,0.0,0
2.769,61,0,0.3441,4156.0,7,0,0,0,0.0,0
0.4998,34,0,0.4764,13807.0,11,0,1,0,1.0,0
1.0642,51,0,0.5374,,7,0,1,0,3.0,0
0.4184,37,0,0.1525,1812.0,10,0,1,0,1.0,0
2.2155,52,0,0.4668,8605.0,4,0,1,0,0.0,0
0.082,68,0,0.2614,8513.0,10,0,1,0,0.0,0
0.7621,52,0,0.2578,5539.0,9,0,0,0,0.0,0
3.288,21,0,0.4853,,5,0,0,0,0.0,0
0.4058,37,0,0.8885,5205.0,9,0,2,0,0.0,0
0.7028,60,0,0.0287,17264.0,3,0,1,0,0.0,0
2.8971,44,0,0.4942,3348.0,4,0,1,0,0.0,0
0.601,63,0,0.7313,9965.0,9,0,2,0,0.0,0
0.515,35,0,0.3334,4977.0,11,0,2,0,1.0,0
0.323,57,0,0.4733,2211.0,4,0,0,0,0.0,0
2.7426,58,1,0.607,12634.0,9,1,1,0,0.0,0
0.4293,63,0,0.4209,,10,0,0,0,3.0,0
0.283,43,0,0.8451,16928.0,5,0,1,0,1.0,0
0.6456,63,0,0.7924,6600.0,11,0,1,0,0.0,0
0.7462,73,0,0.2798,16391.0,4,0,0,0,,0
0.116,21,0,0.7349,1006.0,9,0,0,0,2.0,0
0.5378,53,0,0.3945,,5,0,0,0,0.0,0
0.3066,27,0,0.3098,,6,0,1,0,2.0,0
0.6625,40,0,0.8106,7289.0,8,0,2,0,0.0,0
2.9002,41,0,0.4748,4427.0,5,0,0,0,0.0,0
1.1549,51,0,1.0243,20177.0,8,0,0,0,1.0,0
0.0629,57,0,0.1779,,4,0,0,0,2.0,0
0.6124,65,0,0.5842,5129.0,13,0,1,0,3.0,0
0.4774,56,0,0.3196,6265.0,12,0,1,0,1.0,0
0.4264,61,0,0.4484,10247.0,11,0,1,0,2.0,0
0.2905,37,0,0.2512,11396.0,8,0,0,0,2.0,0
0.0225,67,0,0.4132,7474.0,9,0,1,0,2.0,0
0.4576,21,0,0.8464,,12,0,2,0,2.0,1
0.9209,73,0,0.2208,,8,0,0,0,0.0,0
0.0366,71,0,0.3608,3541.0,12,0,3,0,1.0,0
0.8859,63,0,0.0588,5421.0,6,0,2,0,2.0,0
0.1288,83,0,0.2523,19924.0,7,0,0,0,1.0,0
0.2561,27,0,0.4094,3479.0,7,0,1,0,1.0,0
0.1878,63,0,0.1938,8663.0,6,0,0,0,0.0,0
0.2487,54,0,0.1911,2562.0,9,0,0,0,2.0,0
0.8857,55,1,0.5512,4424.0,6,1,1,0,1.0,0
0.3739,36,0,0.1361,15742.0,7,0,0,0,2.0,0
0.1157,58,0,0.5268,8417.0,11,0,0,0,1.0,0
0.6504,57,0,0.0518,4357.0,6,0,1,0,2.0,0
0.0292,42,0,0.8338,2611.0,6,0,0,0,0.0,0
0.7017,51,0,0.3787,4972.0,9,0,1,0,0.0,0
0.0079,34,0,0.697,1902.0,7,0,2,0,0.0,0
0.1604,46,1,0.1204,1882.0,6,0,1,1,0.0,0
0.1987,65,0,0.4358,14724.0,7,0,0,0,1.0,0
0.4569,66,0,0.1375,6164.0,7,0,3,0,2.0,0
0.6436,63,0,0.3705,8214.0,7,0,1,0,1.0,0
0.4255,65,0,0.271,5178.0,8,0,2,0,0.0,0
0.4261,66,0,0.871,10974.0,6,0,0,0,1.0,0
0.954,43,0,0.36,18916.0,1,0,0,0,1.0,0
0.4305,57,0,0.2792,5910.0,11,0,3,0,1.0,0
1.3446,67,0,0.7679,9911.0,9,0,1,0,0.0,0
0.4485,33,0,0.2304,11010.0,8,0,1,0,0.0,0
0.7175,33,0,0.3068,,1,0,1,0,0.0,0
1.7829,32,0,0.356,3399.0,3,0,0,0,2.0,0
0.4494,27,0,0.3183,6272.0,13,0,1,0,0.0,0
0.1071,37,0,0.0998,9217.0,10,0,2,0,1.0,0
0.3028,45,0,0.45,,8,0,3,0,0.0,0
0.1272,73,0,0.5675,11604.0,9,0,1,0,1.0,1
0.1871,46,0,0.2345,8049.0,9,0,0,0,1.0,0
0.7324,31,0,0.2349,5689.0,6,0,0,0,3.0,0
1.566,54,2,0.3257,7130.0,8,0,1,0,0.0,0
0.74,49,0,0.4434,,12,0,1,0,4.0,0
0.4007,41,0,0.7733,,14,0,0,0,1.0,0
1.2679,44,0,0.2204,14319.0,12,0,1,0,0.0,0
0.9372,67,0,0.6083,11149.0,12,0,0,0,0.0,0
5.2148,32,0,0.4339,4245.0,6,0,1,0,3.0,0
2.9536,29,0,0.2195,3710.0,3,0,0,0,0.0,0
0.2134,59,0,0.4357,,7,0,1,0,0.0,0
0.2869,43,0,0.6718,3783.0,6,0,0,0,0.0,0
0.0144,74,0,0.4215,3615.0,9,0,0,0,0.0,0
0.2077,50,0,0.8665,5246.0,11,0,1,0,0.0,0
0.0984,51,0,0.8419,11769.0,8,0,1,0,0.0,0
0.0961,63,0,0.354,10850.0,6,0,1,0,0.0,0
0.6166,29,0,0.5087,,8,0,2,0,,0
2.901,57,0,0.5481,,10,0,0,0,0.0,0
0.4592,47,0,0.5047,4675.0,4,0,1,0,1.0,0
0.7265,66,0,0.7844,4561.0,4,0,3,0,0.0,0
0.3671,43,0,0.5596,12366.0,7,0,0,0,0.0,0
2.7858,54,0,0.5919,2892.0,6,0,1,0,1.0,0
0.2005,47,0,0.3878,3903.0,9,0,1,0,2.0,0
1.0623,58,0,0.4186,,4,0,0,0,0.0,1
0.6061,48,0,0.0316,7508.0,8,0,1,0,1.0,0
0.2078,56,0,0.6677,4617.0,10,0,1,0,1.0,0
11.0632,77,0,0.5284,6035.0,10,0,2,0,0.0,0
0.2866,48,0,0.2,7263.0,6,0,0,0,0.0,0
0.205,58,0,0.8983,5047.0,4,0,1,0,0.0,0
0.1481,84,0,0.2193,7665.0,9,0,0,0,1.0,0
0.2012,57,0,0.5667,3324.0,5,0,1,0,1.0,0
0.9575,21,0,0.5669,,10,0,0,0,1.0,1
0.0338,43,3,0.2356,14504.0,15,0,1,0,0.0,0
0.2712,35,0,0.3792,7234.0,6,0,2,0,1.0,0
0.0834,65,0,0.2946,13255.0,9,0,0,0,0.0,0
0.3335,51,0,0.7643,4407.0,15,0,0,0,1.0,0
0.4671,67,0,0.2232,2262.0,8,0,0,0,1.0,0
0.5096,61,0,0.0578,2306.0,9,0,2,0,1.0,0
1.3396,61,0,0.6544,,6,0,2,0,0.0,0
0.3233,35,0,0.408,4094.0,8,0,0,0,0.0,0
0.1525,59,0,0.911,2926.0,11,0,0,0,0.0,0
0.3456,71,0,0.2765,5718.0,5,0,2,0,2.0,0
0.5096,32,0,0.0863,5214.0,8,0,1,0,2.0,0
0.6905,48,0,0.5096,,10,0,1,0,1.0,0
0.651,57,0,1.0894,,9,0,0,0,1.0,1
0.1142,53,0,0.7252,9905.0,8,0,0,0,0.0,0
0.3823,72,0,0.1898,3361.0,7,0,0,0,0.0,0
0.2952,62,0,0.978,1579.0,10,0,1,0,1.0,0
0.2483,58,0,0.218,6034.0,9,0,0,0,0.0,0
0.6202,63,0,0.8919,6164.0,5,0,4,0,1.0,0
0.4338,63,0,0.2197,9746.0,9,0,2,0,0.0,0
0.5227,53,0,0.8073,2813.0,1,0,0,0,1.0,0
0.7906,47,0,0.6563,4304.0,9,0,2,0,0.0,0
2.7915,66,1,0.7731,5079.0,7,0,1,0,0.0,0
0.1178,42,0,0.1226,8863.0,5,0,0,0,2.0,0
1.7434,51,0,0.2526,5406.0,9,0,0,0,0.0,0
2.3424,36,0,1.0266,2406.0,10,0,3,0,0.0,0
0.17,62,0,0.7946,,7,0,1,0,0.0,0
0.4384,69,0,0.7006,9617.0,9,0,2,0,1.0,0
0.4518,39,0,0.7466,2826.0,8,0,0,0,4.0,0
0.0447,50,0,0.6275,4721.0,6,0,1,0,1.0,0
0.2454,45,0,0.4991,6976.0,5,0,1,0,0.0,0
0.4,67,0,1.0107,,10,0,0,0,1.0,0
0.2333,72,0,0.3381,8302.0,8,0,1,0,2.0,0
0.5092,45,0,0.2416,,5,0,1,0,0.0,0
0.5446,21,0,0.396,4044.0,6,0,2,0,0.0,0
0.4471,68,0,0.6882,,11,0,0,0,0.0,1
0.1358,53,0,0.9178,2699.0,8,0,1,0,0.0,0
0.2723,53,0,0.2303,,6,0,0,0,2.0,0
0.0652,65,0,1.1927,5679.0,10,0,0,0,0.0,0
0.5803,47,0,0.5957,14525.0,9,0,1,0,0.0,0
0.5233,43,0,0.6749,1949.0,8,0,0,0,2.0,0
0.6544,47,0,0.7004,,7,0,2,0,1.0,0
0.2879,59,0,1.0937,3935.0,11,0,1,0,2.0,0
0.0061,64,0,0.4558,,5,0,1,0,2.0,0
0.2731,75,0,0.2826,6149.0,9,0,2,0,0.0,0
0.2658,58,0,0.6543,,10,0,2,0,2.0,0
0.3766,50,0,0.204,6984.0,5,0,1,0,1.0,0
0.1827,64,0,0.3309,10213.0,7,0,4,0,1.0,0
0.0486,38,0,0.2872,4163.0,10,0,2,0,1.0,0
0.7444,72,0,0.7124,,7,0,0,0,0.0,1
1.9617,55,0,0.7358,7673.0,4,0,1,0,,0
5.4849,49,4,0.4547,6647.0,11,0,2,0,0.0,0
0.4356,38,0,0.3455,4980.0,7,0,2,0,3.0,0
0.4378,61,0,0.4788,4729.0,9,0,1,0,0.0,0
0.4348,48,0,0.3868,5339.0,10,0,0,0,2.0,0
0.6162,51,0,0.3559,7252.0,8,0,0,0,,0
3.6507,29,3,0.3538,5582.0,8,0,0,0,0.0,0
0.8558,46,0,0.9219,3989.0,9,0,0,0,1.0,0
0.0404,44,0,0.3524,,5,0,2,0,1.0,0
0.2199,58,0,0.72,,9,0,0,0,0.0,0
0.6774,48,0,0.2158,2569.0,10,0,1,0,0.0,0
0.0628,21,0,0.321,2455.0,8,0,1,0,3.0,0
0.6542,46,0,0.7215,1148.0,10,0,1,0,1.0,0
0.3609,32,0,0.3161,9270.0,9,0,1,0,1.0,0
0.3807,37,0,0.7457,3114.0,9,0,0,0,1.0,0
2.3089,66,0,0.4175,7678.0,8,0,1,0,0.0,0
0.7778,28,0,0.5289,5824.0,9,0,0,0,0.0,1
0.3914,56,0,0.9665,6469.0,7,0,1,0,0.0,0
3.0192,45,0,0.1616,3470.0,8,0,0,0,3.0,0
0.115,42,0,0.9301,7214.0,7,0,0,0,0.0,0
0.1028,38,0,0.1468,4106.0,9,0,1,0,1.0,0
2.7761,56,0,0.2418,9868.0,7,0,1,1,0.0,0
0.1292,58,0,0.1332,4075.0,12,0,2,0,2.0,0
0.9333,28,0,0.5176,7883.0,6,0,0,0,1.0,0
0.4064,68,0,0.6292,9177.0,11,0,2,0,0.0,0
0.3524,35,0,0.7315,10634.0,11,0,3,0,0.0,0
1.8978,57,2,0.8631,6096.0,10,0,1,0,0.0,0
1.4026,35,0,0.0347,4283.0,6,0,1,0,1.0,0
0.3034,46,0,0.5665,6898.0,7,0,1,0,2.0,0
0.5513,34,0,0.2004,5000.0,5,0,2,0,3.0,0
0.7859,45,0,0.1201,,9,0,1,0,3.0,0
4.235,49,0,0.2837,7456.0,3,0,0,0,0.0,0
0.2876,36,0,0.3048,2599.0,10,0,0,0,0.0,0
0.8249,56,3,0.1412,3624.0,19,0,0,0,0.0,0
0.0746,58,0,0.7843,6189.0,10,0,4,0,2.0,0
0.0162,90,0,0.5466,15418.0,6,0,3,0,0.0,0
0.5582,65,0,0.2448,3646.0,10,0,1,0,1.0,0
0.3513,68,3,1.3588,4573.0,10,0,2,0,0.0,0
3.7996,27,0,0.1957,10763.0,4,0,0,0,2.0,0
2.8874,25,0,0.6606,1633.0,11,0,2,0,3.0,1
0.3585,48,0,0.4726,,9,0,1,0,0.0,0
0.0628,77,0,0.283,5973.0,7,0,0,0,0.0,0
0.4566,87,0,0.9006,15675.0,3,0,0,0,1.0,1
0.0586,42,0,0.4664,,7,0,2,0,0.0,0
0.5907,44,0,0.3801,3538.0,8,0,0,0,1.0,0
0.3654,60,0,0.439,,8,0,0,0,0.0,0
0.8263,49,0,0.6277,,10,0,1,0,1.0,1
2.2224,50,0,0.3461,6091.0,11,0,2,0,1.0,0
0.4573,61,0,0.3665,,8,0,1,0,2.0,0
2.3359,90,0,0.6433,2233.0,14,0,0,0,3.0,1
0.3447,70,0,0.3144,15625.0,4,0,0,0,4.0,0
1.6312,78,0,0.1521,6934.0,10,0,1,0,1.0,0
1.9886,26,0,0.5488,12557.0,12,0,0,0,1.0,0
0.7676,67,0,0.6047,,6,0,1,0,,1
1.5013,39,0,0.5619,1289.0,13,0,0,0,0.0,1
0.265,75,0,0.3091,3245.0,6,0,1,0,1.0,0
0.1383,71,0,0.8998,10045.0,2,0,1,0,0.0,0
0.6029,60,0,0.6917,4657.0,5,0,0,0,0.0,0
2.7628,42,0,0.4456,7791.0,6,0,3,0,1.0,0
0.1638,45,0,0.4005,,4,0,4,0,2.0,0
0.1999,46,0,0.6011,4597.0,7,0,1,0,,0
0.496,63,0,0.4225,3146.0,7,0,2,0,1.0,0
0.4057,58,0,0.4016,,9,0,0,0,1.0,0
0.7622,72,0,0.5441,10701.0,8,0,2,0,3.0,0
0.3771,75,0,0.0846,8683.0,7,0,3,0,0.0,0
0.4157,40,0,0.639,8319.0,6,0,0,0,0.0,0
0.1199,59,0,0.5002,6317.0,7,0,0,0,2.0,0
0.6592,58,0,0.8198,5190.0,12,0,0,0,0.0,0
0.3068,51,0,0.8647,9481.0,5,0,1,0,2.0,0
0.4254,65,0,0.4489,3211.0,7,0,0,0,1.0,0
0.6839,59,0,0.2132,6157.0,3,0,0,0,1.0,0
0.0571,44,0,0.4471,9862.0,5,0,0,0,1.0,0
0.7303,50,0,0.9597,5664.0,3,0,1,0,1.0,0
0.1484,47,0,0.2996,3859.0,7,0,2,0,1.0,0
0.171,42,0,0.3291,3225.0,11,0,0,0,1.0,0
0.8706,51,0,0.2703,12478.0,7,0,2,0,0.0,0
0.0611,34,0,1.1605,,7,0,0,0,0.0,0
0.7447,59,0,0.5068,5405.0,11,0,2,0,3.0,0
0.515,72,0,0.6372,3881.0,9,0,0,0,0.0,0
2.0334,53,0,0.372,5056.0,11,0,0,0,0.0,0
0.3103,65,0,0.6311,14925.0,7,0,1,0,0.0,0
0.0613,54,0,0.5774,,8,0,1,0,1.0,0
0.4252,38,0,0.3525,9812.0,9,0,2,0,2.0,0
0.2995,80,0,0.3141,11404.0,9,0,2,0,1.0,0
0.5051,21,0,0.3702,4238.0,5,0,0,0,1.0,0
0.8368,52,0,0.438,3811.0,10,0,1,0,0.0,0
0.0818,41,0,0.4349,6875.0,5,0,0,0,1.0,0
0.3421,74,0,0.709,8208.0,7,0,1,0,0.0,0
0.4494,55,0,0.1784,18402.0,11,0,0,0,2.0,0
0.0335,88,0,0.7615,,6,0,2,0,1.0,0
0.2673,53,0,0.5297,4844.0,5,0,1,0,3.0,0
0.0774,41,0,0.9974,5884.0,7,0,1,0,1.0,0
0.8308,28,0,0.32,,7,0,0,0,2.0,0
0.8283,67,0,0.5055,10279.0,8,0,0,0,2.0,0
0.2208,40,0,0.4961,4540.0,6,0,1,0,1.0,0
0.5564,46,0,0.3696,,7,0,2,0,1.0,0
0.654,69,0,0.4661,3898.0,10,0,0,0,1.0,0
0.4726,67,0,0.6804,2792.0,7,0,2,0,0.0,0
0.5636,43,3,0.2664,3067.0,11,0,1,2,1.0,0
0.3173,46,0,0.9459,3860.0,8,0,1,0,0.0,0
0.0727,27,0,0.1934,2116.0,7,0,0,0,1.0,0
0.4343,23,0,0.8123,1654.0,9,0,1,0,,1
0.3022,63,0,0.5368,18916.0,3,0,1,0,0.0,0
0.2246,64,0,0.3575,6357.0,10,0,2,0,0.0,0
4.3758,57,0,0.631,1700.0,5,0,1,0,0.0,0
0.4842,55,0,1.0567,9764.0,8,0,3,0,1.0,0
0.0044,42,0,0.2213,,10,0,2,0,0.0,0
0.8033,73,2,0.5449,11405.0,10,0,1,0,1.0,0
0.0887,27,0,0.6305,4176.0,5,0,0,0,0.0,0
0.7131,45,0,0.1479,3535.0,10,0,0,0,1.0,0
3.616,54,0,0.3692,8523.0,9,0,0,0,1.0,0
0.9345,52,0,0.0421,3248.0,6,0,1,0,0.0,0
0.5495,52,0,0.9255,5931.0,4,0,2,0,1.0,0
0.5006,45,0,0.5462,,10,0,2,0,1.0,0
0.1922,60,0,0.7477,,10,0,0,0,0.0,0
0.1105,35,3,0.289,7562.0,13,1,2,0,0.0,0
0.3821,50,0,0.8991,13811.0,8,0,1,0,1.0,0
5.1843,58,0,0.5969,11015.0,3,0,2,0,1.0,0
0.4707,47,0,0.6549,4131.0,12,0,1,0,,0
0.2099,52,0,0.8424,,3,0,0,0,0.0,0
0.6837,55,0,0.7037,3246.0,4,0,2,0,3.0,0
0.4172,27,0,0.7115,5545.0,10,0,2,0,0.0,0
1.6057,29,0,0.4261,4749.0,6,0,3,0,0.0,0
0.0127,54,0,0.6925,4290.0,5,0,0,0,0.0,0
0.0339,43,0,0.8602,9540.0,5,0,1,0,0.0,0
0.5344,44,0,0.9707,5626.0,10,0,3,0,0.0,0
0.3781,60,0,0.0725,5174.0,7,0,1,0,0.0,0
0.0023,38,0,0.5994,6215.0,8,0,0,0,0.0,0
0.4423,21,0,0.8138,11823.0,7,0,0,0,0.0,0
2.7713,75,0,0.5504,9939.0,5,0,0,0,1.0,0
3.419,69,2,0.438,,10,0,1,0,1.0,0
0.0999,69,0,0.2338,,7,0,0,0,0.0,0
1.4462,36,0,0.4063,5634.0,7,0,2,0,0.0,0
0.2889,51,0,0.4971,3265.0,7,0,0,0,0.0,0
0.1402,34,0,0.6758,4702.0,6,0,0,0,1.0,0
5.5263,51,0,0.2123,,10,0,1,0,2.0,0
0.532,47,0,0.6171,,14,0,1,0,2.0,0
0.1475,37,0,0.5718,,9,0,0,0,1.0,0
3.237,59,1,0.5778,,8,1,0,0,0.0,0
3.3,48,0,0.1569,2927.0,7,0,1,0,1.0,0
0.4173,76,0,1.0459,6559.0,7,0,1,0,3.0,0
0.3055,53,0,0.4521,1965.0,6,0,2,0,1.0,0
1.6093,21,2,0.7009,2902.0,9,0,0,1,2.0,0
0.0757,27,0,0.7994,,5,0,1,0,1.0,0
0.2649,81,0,0.7769,3283.0,9,0,2,0,1.0,0
0.2079,47,0,0.5958,6240.0,5,0,1,0,0.0,0
0.3369,55,0,0.167,5119.0,15,0,3,0,2.0,0
0.5799,52,0,0.6052,4638.0,7,0,0,0,1.0,0
2.7677,72,0,0.6283,4397.0,7,0,0,0,2.0,0
3.9606,25,0,1.0153,7069.0,10,0,1,0,1.0,0
0.1612,71,0,0.592,5597.0,10,0,1,0,2.0,0
0.6262,70,0,0.4052,13380.0,7,0,2,0,1.0,0
0.185,52,0,0.4167,6247.0,9,0,0,0,1.0,0
0.3596,58,0,0.8853,13998.0,9,0,2,0,0.0,0
0.1262,47,0,0.8721,3760.0,5,0,2,0,0.0,0
0.2237,28,0,0.5204,3405.0,10,0,1,0,3.0,0
0.5886,60,0,0.3836,7794.0,7,0,2,0,0.0,0
2.0318,55,0,0.321,4158.0,7,0,0,0,2.0,0
0.127,56,0,0.6919,7835.0,6,0,0,0,1.0,0
0.0987,59,0,0.7475,3360.0,11,0,1,0,1.0,0
0.0881,44,0,0.6133,3965.0,12,0,0,0,1.0,0
0.2248,73,0,0.45,3696.0,9,0,1,0,1.0,0
0.3346,52,0,0.6789,,8,0,3,0,1.0,0
0.6635,60,0,0.5149,10594.0,7,0,1,0,3.0,0
2.5299,48,0,0.7777,4854.0,2,0,1,0,0.0,1
0.3448,67,0,0.7011,,4,0,1,0,0.0,0
0.3129,53,2,0.8747,4078.0,7,2,2,0,0.0,0
0.1189,51,0,0.1536,6865.0,5,0,2,0,2.0,0
1.5806,69,0,0.7156,10058.0,8,0,0,0,0.0,0
0.2594,28,0,0.6272,3805.0,7,0,1,0,1.0,0
0.4116,48,0,1.1807,3165.0,10,0,2,0,1.0,0
0.2668,43,0,0.6487,2497.0,5,0,1,0,0.0,0
0.067,57,0,1.2575,,10,0,0,0,2.0,0
0.045,56,0,0.1679,2057.0,6,0,2,0,1.0,0
0.1203,52,0,0.7187,5896.0,10,0,5,0,2.0,0
0.9096,42,1,0.0344,18322.0,6,0,2,1,1.0,0
0.3669,52,0,0.1576,3846.0,8,0,1,0,0.0,0
0.3039,57,0,0.2883,13594.0,7,0,0,0,0.0,0
0.3034,50,0,0.3261,4694.0,9,0,0,0,0.0,0
0.6656,68,0,0.0698,4699.0,5,0,2,0,1.0,0
4.9872,61,0,0.2006,12107.0,12,0,2,0,1.0,0
0.0996,52,0,0.5716,15462.0,9,0,1,0,2.0,0
0.6272,21,0,0.7423,3898.0,4,0,2,0,0.0,1
0.227,49,0,0.6743,11321.0,7,0,1,0,0.0,0
0.3536,61,0,0.5046,3537.0,10,0,3,0,1.0,0
0.2234,48,0,0.487,5233.0,7,0,1,0,0.0,0
2.1876,56,0,0.6917,,7,0,1,0,0.0,0
0.5831,49,0,0.7625,6513.0,10,0,0,0,0.0,0
2.2399,55,0,0.8231,4163.0,16,0,0,0,0.0,0
0.5445,72,0,0.6247,7128.0,8,0,1,0,1.0,0
0.5717,63,0,0.2804,6674.0,4,0,2,0,0.0,0
0.9674,34,1,0.5885,,8,0,3,0,0.0,0
0.2119,29,0,0.7897,,8,0,1,0,1.0,0
1.1374,58,0,0.5265,,6,0,3,0,0.0,0
0.1963,68,0,0.5779,8025.0,11,0,1,0,2.0,0
0.2261,29,0,0.4524,2892.0,6,0,2,0,0.0,0
0.4345,49,0,0.8034,6111.0,8,0,0,0,1.0,0
1.0642,85,0,0.4643,5433.0,11,0,0,0,,0
7.7741,48,0,0.1029,8609.0,10,0,0,0,1.0,0
0.3713,87,0,0.3413,6187.0,8,0,0,0,1.0,0
0.3708,40,0,0.0452,,9,0,2,0,2.0,0
0.2994,43,0,0.343,3072.0,3,0,1,0,1.0,0
0.7059,42,0,0.3482,2796.0,10,0,0,0,0.0,1
0.5734,34,0,0.4603,9826.0,4,0,0,0,1.0,0
0.3801,28,0,0.8713,,5,0,0,0,1.0,0
0.3757,49,0,0.3863,3991.0,10,0,2,0,1.0,0
0.5495,54,0,0.3111,28636.0,14,0,0,0,1.0,0
0.62,42,0,0.8385,5399.0,5,0,2,0,0.0,0
0.181,45,0,0.5697,,6,0,0,0,2.0,0
0.5602,72,0,0.3647,2916.0,7,0,2,0,0.0,0
0.3497,66,1,0.7981,9831.0,11,0,0,0,1.0,0
0.274,48,0,0.4401,3939.0,9,0,0,0,2.0,0
0.6528,58,0,0.7905,8257.0,10,0,1,0,2.0,0
2.6894,29,0,0.7433,4773.0,8,0,0,0,0.0,0
2.263,56,0,0.1278,,13,0,1,1,2.0,0
2.2376,51,0,1.091,8691.0,10,0,1,0,0.0,0
0.2396,47,2,0.2619,2839.0,5,0,1,0,1.0,0
0.5586,52,0,0.5507,,7,0,1,0,3.0,0
0.3822,50,0,0.2547,,8,0,2,0,0.0,0
0.9421,34,0,0.535,4028.0,5,0,3,0,0.0,0
0.2849,76,0,0.1726,3208.0,4,0,1,0,0.0,0
0.3757,65,0,0.5668,5920.0,12,0,1,0,0.0,0
0.2729,47,2,0.3512,10258.0,5,0,0,0,2.0,0
0.5611,27,0,0.5129,,5,0,0,0,1.0,0
0.6573,21,0,0.3349,3106.0,8,0,0,1,4.0,0
0.692,80,0,0.4965,8443.0,11,0,0,0,0.0,0
0.035,50,0,0.6231,5645.0,7,0,0,0,0.0,0
0.1999,63,0,0.4192,15389.0,4,0,0,0,1.0,0
2.9557,39,0,0.4586,1211.0,9,0,1,0,3.0,0
3.3673,48,0,0.7505,10232.0,12,0,0,0,0.0,0
0.566,48,0,0.4003,5847.0,5,0,2,0,0.0,0
0.5685,55,0,0.3169,2116.0,11,0,1,0,1.0,0
0.2877,53,0,0.4383,,4,0,1,0,0.0,0
0.0848,39,0,0.6974,9287.0,6,0,1,0,1.0,0
0.4703,39,0,0.1318,,7,0,0,0,1.0,0
0.3532,51,0,0.2941,4741.0,5,0,1,0,1.0,0
0.3961,27,0,0.2498,6839.0,5,0,0,0,2.0,0
1.1592,40,0,0.7776,3457.0,8,0,2,0,1.0,0
0.041,50,0,0.347,,7,0,0,0,1.0,0
0.1958,58,0,0.8385,3382.0,6,0,3,0,0.0,0
0.2319,73,0,0.9761,6713.0,13,0,2,0,3.0,0
0.7035,45,0,0.3612,,6,0,2,0,0.0,0
2.7778,53,0,0.5198,,10,0,1,0,3.0,0
0.5251,26,0,0.4804,5549.0,6,0,3,0,0.0,0
0.4921,57,0,0.1838,5832.0,7,0,0,0,1.0,0
0.4654,39,3,0.7516,,10,1,0,0,2.0,0
0.3254,48,0,0.4852,8940.0,7,0,1,0,1.0,0
0.6011,59,0,0.4633,5192.0,5,0,2,0,1.0,1
0.6845,59,0,0.8148,5520.0,6,0,1,0,0.0,0
0.5425,32,0,0.4689,4601.0,9,0,3,0,1.0,1
0.4914,63,0,0.2797,,2,0,1,0,2.0,0
0.1883,51,0,0.3394,7562.0,2,0,0,0,1.0,0
0.901,70,0,0.5193,,4,0,4,0,0.0,0
0.3793,72,0,0.3897,7659.0,8,0,1,0,0.0,1
1.1052,74,0,0.4797,4536.0,5,0,0,0,2.0,1
0.4429,32,0,0.5904,15086.0,12,0,2,0,0.0,0
0.1967,58,0,0.2955,5605.0,7,0,2,0,2.0,0
0.2708,30,0,0.4193,5223.0,7,0,1,0,0.0,0
0.3033,70,0,0.1801,,6,0,2,0,0.0,0
0.4698,72,0,0.4287,8997.0,3,0,1,0,0.0,0
0.3173,66,0,0.2297,,7,0,1,0,0.0,0
0.395,46,0,0.4562,5995.0,8,0,0,0,0.0,0
0.2857,60,0,0.2733,12911.0,12,0,3,0,4.0,0
0.0412,44,0,0.6707,1674.0,9,0,0,0,1.0,0
0.2427,52,0,0.227,2383.0,4,0,3,0,1.0,0
0.2376,51,0,0.6094,1811.0,6,0,0,0,,0
0.5055,24,0,0.3936,4835.0,8,0,1,0,3.0,0
0.3831,41,0,0.6418,7168.0,4,0,1,0,0.0,0
2.6907,84,0,0.7717,7920.0,12,0,0,0,0.0,0
0.1956,51,0,0.6839,4496.0,14,0,0,0,1.0,0
0.8723,54,0,0.0899,14461.0,7,0,3,0,0.0,0
0.5999,52,0,0.5599,8458.0,6,0,1,0,0.0,0
0.2697,46,0,0.0518,,9,0,0,0,1.0,0
0.4686,53,0,0.0557,,3,0,1,0,1.0,0
0.3037,46,0,0.3436,4761.0,7,0,2,0,1.0,0
0.114,21,0,0.3015,1546.0,9,0,3,0,3.0,0
0.7472,63,0,0.7502,6009.0,2,0,1,0,0.0,0
4.5535,75,0,0.0774,10041.0,9,0,2,0,0.0,0
0.0263,36,0,0.6182,5925.0,5,0,3,0,1.0,0
0.0324,46,0,0.3872,2268.0,5,0,2,0,1.0,0
3.6591,73,0,0.4748,20915.0,9,0,2,0,2.0,0
0.7713,41,0,0.4879,2882.0,4,0,2,0,1.0,0
0.5209,57,0,1.0798,10449.0,11,0,0,0,,0
0.1908,95,0,0.7341,6495.0,11,0,2,0,0.0,0
1.7012,61,1,0.4509,8616.0,6,0,1,0,1.0,0
0.8736,53,0,0.3092,7184.0,6,0,0,0,0.0,0
0.6332,64,0,0.3973,2126.0,5,0,1,0,1.0,1
0.6423,63,0,0.2885,3132.0,14,0,3,0,0.0,0
0.3804,43,0,0.5641,3031.0,7,0,1,0,1.0,0
0.0635,28,0,0.3071,1706.0,9,0,0,0,2.0,0
3.6841,60,0,0.3858,18230.0,13,0,1,0,1.0,0
0.2478,62,0,0.7014,1557.0,12,0,1,0,1.0,0
6.1411,48,0,1.2372,6157.0,8,0,1,2,2.0,0
0.3476,75,0,0.038,,6,0,0,0,0.0,0
0.5652,72,0,0.9107,11361.0,3,0,1,0,0.0,0
0.1032,63,0,0.3182,5711.0,8,0,1,0,0.0,0
0.1876,48,0,0.78,3791.0,7,0,1,0,3.0,0
0.7009,23,0,0.2478,,6,0,1,0,2.0,0
0.0243,50,0,0.7864,7237.0,8,0,0,0,1.0,0
0.7255,26,0,0.1617,,5,0,0,0,2.0,0
2.4828,21,0,0.8814,4585.0,6,0,0,0,1.0,0
0.0217,61,0,0.5785,1341.0,9,0,1,0,1.0,0
0.3601,68,0,0.5036,14602.0,5,0,1,0,1.0,0
0.0933,25,0,0.109,3449.0,12,0,1,0,0.0,0
1.7727,48,2,0.2473,3091.0,9,0,3,1,1.0,0
2.4575,52,0,0.6741,3306.0,9,0,1,0,2.0,0
0.066,48,0,0.7972,2851.0,7,0,3,0,0.0,0
0.1724,33,0,0.2331,,6,0,0,0,1.0,0
0.1189,71,0,0.0579,1851.0,7,0,2,0,0.0,0
1.4703,33,0,0.4769,8270.0,9,0,1,0,0.0,0
1.1597,25,0,0.4119,3922.0,7,0,0,0,2.0,1
0.4772,33,0,0.3574,5146.0,7,0,1,0,1.0,0
0.2606,59,0,0.3268,8339.0,8,0,1,0,0.0,0
0.1091,48,0,0.4743,7528.0,13,0,2,0,0.0,0
1.906,41,0,0.0938,1883.0,8,0,0,0,3.0,0
0.7683,59,0,0.2558,8291.0,8,0,0,0,0.0,0
0.7263,57,0,0.2654,,8,0,2,0,2.0,0
0.2779,21,0,0.0906,4925.0,9,0,1,0,1.0,0
0.1211,59,0,0.3408,10899.0,6,0,1,0,3.0,1
0.0329,69,0,0.1658,,9,0,1,0,1.0,0
0.3609,50,0,0.6488,2353.0,12,0,0,0,2.0,0
0.7119,49,0,0.0895,2593.0,2,0,1,0,0.0,0
0.3387,79,0,0.5054,,11,0,1,0,0.0,0
0.101,42,0,0.4549,,9,0,1,0,1.0,0
5.4669,50,0,0.5544,6626.0,9,0,1,0,0.0,0
0.2105,57,0,0.4142,2049.0,3,0,0,0,4.0,0
0.3615,53,0,0.4464,3677.0,12,0,1,0,0.0,0
0.3033,48,0,0.9034,5143.0,8,0,2,0,1.0,0
0.6076,53,0,0.4661,2850.0,7,0,2,0,0.0,0
0.0885,74,0,0.0817,18862.0,7,0,1,0,1.0,0
2.4946,63,0,0.8023,,7,0,1,0,0.0,0
0.1353,51,0,0.5854,6508.0,5,0,3,0,0.0,0
0.5554,40,0,0.018,11063.0,9,0,1,0,2.0,0
3.4727,42,0,0.7314,4198.0,12,0,1,0,0.0,1
0.2225,65,0,0.4627,4496.0,8,0,0,0,1.0,0
0.9291,30,0,0.4638,8500.0,9,0,0,0,0.0,0
0.1557,86,2,0.6007,10577.0,11,0,2,0,0.0,0
0.3382,52,0,0.4104,1426.0,6,0,1,0,0.0,0
0.4087,33,0,0.0828,5800.0,1,0,3,0,2.0,0
0.7241,55,0,0.2196,,10,0,1,0,1.0,0
0.072,41,0,0.8057,,5,0,0,0,1.0,0
0.2586,46,0,0.8351,5816.0,11,0,2,0,0.0,0
1.5565,31,0,0.1538,2612.0,10,0,1,0,0.0,0
0.9571,49,0,0.1839,,8,0,1,0,0.0,0
0.7659,22,0,0.8385,6478.0,10,0,0,0,0.0,0
0.5048,44,0,0.7305,,8,0,1,0,2.0,0
1.0064,40,0,0.304,52573.0,9,0,1,0,0.0,0
2.5808,45,1,0.1388,3245.0,6,0,0,0,1.0,0
0.9096,41,0,0.7371,1554.0,6,0,1,0,0.0,0
0.0716,52,0,0.2635,5893.0,5,0,0,0,0.0,0
0.7647,64,0,0.8034,8327.0,10,0,0,0,2.0,0
0.4213,57,0,0.2648,,6,0,0,0,0.0,0
0.8413,70,0,0.8366,,8,0,0,0,0.0,0
0.1207,45,0,0.6428,4286.0,12,0,1,0,2.0,0
6.6169,57,0,0.2367,,6,0,1,0,0.0,0
0.7974,57,0,0.1763,5353.0,9,0,0,0,2.0,0
1.6876,68,2,0.8531,8908.0,8,1,3,0,0.0,0
0.6385,42,0,0.4651,5102.0,6,0,2,0,0.0,0
0.0564,63,0,0.1466,3176.0,9,0,1,0,1.0,0
0.2472,40,0,1.3232,4594.0,5,0,1,0,1.0,0
1.0157,44,1,0.5158,,12,0,0,0,1.0,0
0.3546,47,0,0.8712,,9,0,1,0,0.0,0
0.1323,58,0,0.7594,9616.0,11,0,1,0,0.0,0
0.7793,37,1,0.4896,,8,0,1,1,0.0,0
0.1054,39,0,0.4209,6022.0,7,0,4,0,1.0,0
1.9343,43,0,0.8375,4117.0,4,0,0,0,0.0,1
0.6895,53,0,0.2889,6790.0,10,0,3,0,0.0,0
0.5739,39,0,0.206,,12,0,3,0,1.0,0
0.8217,56,0,0.7173,3218.0,9,0,1,0,0.0,0
0.568,47,0,0.4745,17861.0,6,0,0,0,0.0,0
0.1967,61,0,0.4326,4967.0,7,0,0,0,1.0,0
0.1844,53,0,0.447,8402.0,7,0,0,0,0.0,0
0.3452,77,0,0.5726,16573.0,8,0,0,0,2.0,0
0.4409,54,0,0.084,4073.0,5,0,1,0,3.0,0
1.168,35,0,0.721,,9,0,2,0,1.0,0
0.3507,49,0,0.0816,8881.0,8,0,4,0,1.0,0
0.4683,52,0,0.6369,14382.0,9,0,2,0,1.0,0
0.4735,39,0,0.5669,2466.0,9,0,1,0,0.0,0
0.7848,73,0,0.7584,1743.0,10,0,0,0,1.0,0
0.4865,48,0,0.5229,6511.0,7,0,2,0,0.0,0
0.5039,43,0,0.5714,5911.0,12,0,1,0,1.0,0
0.0907,55,0,0.3481,,9,0,0,0,2.0,0
0.0669,39,0,0.4453,1475.0,6,0,0,0,0.0,0
0.1624,66,2,0.6162,6207.0,7,0,0,1,1.0,0
1.1655,63,0,0.6614,6224.0,6,0,3,0,1.0,0
0.5774,54,0,0.678,4440.0,13,0,2,0,1.0,0
3.0565,60,0,0.3868,6831.0,8,0,1,0,0.0,0
0.0188,45,0,0.3255,8682.0,12,0,2,0,1.0,0
2.5755,31,0,1.0248,4517.0,6,0,2,0,1.0,0
0.8012,47,0,0.634,,5,0,0,0,1.0,1
0.7526,45,0,0.1315,5540.0,8,0,2,0,1.0,0
0.3924,23,0,0.2331,2015.0,10,0,1,0,1.0,0
0.0243,37,0,0.6974,4193.0,5,0,0,0,0.0,0
0.0618,35,0,0.2806,3611.0,9,0,1,0,1.0,0
0.8979,37,1,0.1368,2464.0,10,0,1,0,1.0,0
0.5317,71,0,0.1565,3176.0,9,0,2,0,1.0,0
0.3199,59,0,0.5043,2928.0,6,0,2,0,0.0,0
5.216,66,0,0.4305,10808.0,10,0,0,0,0.0,0
0.0696,59,0,0.72,,10,0,0,0,2.0,0
0.5307,67,0,0.4458,4620.0,11,0,2,0,0.0,0
3.8802,52,0,0.5365,3552.0,13,0,1,0,0.0,0
0.1248,73,0,0.0506,,10,0,1,0,0.0,0
0.3175,35,0,0.4236,6918.0,7,0,1,0,2.0,0
0.4924,51,0,1.2422,13986.0,8,0,1,0,0.0,0
1.5099,38,0,0.6733,2845.0,5,0,0,0,0.0,0
0.946,69,0,0.4942,7997.0,7,0,0,0,0.0,0
0.0717,58,0,0.6861,,5,0,1,0,0.0,0
0.698,69,0,0.3892,6854.0,5,0,2,0,4.0,0
0.5547,32,0,0.2694,3778.0,8,0,0,0,1.0,0
0.5079,44,0,0.4112,13049.0,10,0,1,0,2.0,0
0.0799,27,0,0.576,2670.0,10,0,0,0,0.0,0
0.3638,57,0,0.6195,7416.0,11,0,0,0,0.0,0
0.2262,46,0,0.3159,,11,0,1,0,0.0,0
0.7418,63,0,0.2086,5677.0,9,0,0,0,0.0,0
0.335,52,0,0.938,,6,0,2,0,1.0,0
0.2979,22,0,0.6883,5229.0,8,0,1,0,1.0,0
0.1676,29,0,0.6291,,12,0,1,0,0.0,0
0.2705,53,0,0.6151,2162.0,3,0,0,0,1.0,0
0.514,59,0,0.4271,,10,0,2,0,0.0,0
0.1174,21,0,0.4079,3625.0,3,0,0,0,0.0,0
0.2695,51,0,0.6726,,5,0,0,0,0.0,0
5.3605,38,0,0.2978,,5,0,1,0,0.0,0
1.319,36,0,0.3349,14698.0,4,0,0,0,1.0,0
2.7625,43,0,0.5861,5268.0,10,0,1,0,1.0,0
0.0927,54,0,0.272,6900.0,8,0,1,0,2.0,0
0.6959,42,0,0.505,5379.0,11,0,1,0,0.0,0
0.9099,24,0,0.8779,,9,0,0,0,0.0,0
0.4388,54,0,0.4912,3182.0,9,0,0,0,1.0,0
0.3427,47,0,0.2375,,12,0,1,0,1.0,0
0.9351,39,0,0.8275,,3,0,1,0,1.0,0
0.4541,48,0,0.1237,,11,0,0,0,1.0,0
3.6989,47,0,0.107,1300.0,10,0,3,0,1.0,0
0.5425,53,0,0.9801,4954.0,1,0,0,0,1.0,0
0.423,49,0,0.3395,6289.0,5,0,0,0,1.0,0
0.1623,54,0,0.5081,7173.0,2,0,1,0,1.0,0
0.7033,51,0,0.524,3300.0,11,0,2,0,0.0,0
0.3113,63,0,0.9846,1721.0,7,0,0,0,3.0,0
0.4894,74,0,0.4455,14462.0,8,0,2,0,0.0,0
0.35,52,0,0.3186,3414.0,12,0,1,0,0.0,0
1.1094,43,0,0.8011,3386.0,8,0,1,0,0.0,0
0.2341,32,0,0.941,10679.0,8,0,0,0,3.0,0
0.1529,61,0,0.4261,8903.0,8,0,2,0,2.0,0
0.009,39,0,0.4338,5319.0,8,0,2,0,0.0,0
0.3478,85,0,0.7513,8752.0,4,0,0,0,0.0,0
0.7377,91,0,0.6667,5749.0,10,0,1,0,1.0,0
0.8241,49,0,0.7259,2019.0,11,0,2,0,0.0,0
0.79,29,0,0.8892,5745.0,7,0,0,0,1.0,0
3.8247,61,0,0.2766,10036.0,11,0,3,0,0.0,0
0.3289,81,0,0.7299,2453.0,7,0,0,0,0.0,0
0.2674,34,0,0.4716,8022.0,9,0,0,0,0.0,0
0.2386,79,2,0.9662,4505.0,6,0,1,1,0.0,0
0.3423,26,0,0.2055,4323.0,10,0,1,0,2.0,0
0.3312,32,0,0.838,3866.0,5,0,1,0,1.0,0
0.0907,56,0,0.2277,3714.0,9,0,0,0,1.0,0
3.8957,66,0,1.2107,16224.0,5,0,0,0,1.0,0
0.3636,51,0,0.6688,2021.0,8,0,0,0,0.0,0
0.1161,58,0,0.2587,8362.0,9,0,3,0,1.0,0
0.3601,67,0,0.4305,3534.0,9,0,3,0,0.0,0
0.4984,69,0,0.3555,12676.0,8,0,1,0,1.0,0
0.5006,43,0,0.2262,2442.0,13,0,0,0,1.0,0
0.2971,40,0,0.5392,6403.0,14,0,1,0,1.0,0
0.1654,67,0,0.0937,5008.0,10,0,0,0,0.0,0
0.877,58,0,0.3418,8066.0,10,0,1,0,0.0,0
3.9955,60,0,0.1783,6967.0,5,0,0,0,1.0,0
0.1737,43,0,0.4458,2179.0,9,0,1,0,0.0,0
0.0007,61,0,0.6375,4266.0,8,0,2,0,1.0,0
0.0006,37,0,0.4746,2417.0,7,2,2,0,0.0,0
0.3458,55,0,0.1584,9787.0,8,0,1,0,0.0,0
0.8915,54,0,0.4931,2279.0,9,0,1,0,1.0,1
0.3143,54,0,0.1792,13195.0,8,0,1,0,1.0,0
0.6654,63,0,0.7756,3635.0,7,0,3,0,1.0,0
0.6696,38,0,0.4926,3945.0,8,0,1,0,0.0,0
1.3432,61,0,0.4197,7575.0,14,0,1,0,0.0,0
0.0919,52,0,0.5945,9046.0,16,0,1,0,0.0,0
0.1365,41,0,0.1525,6147.0,5,0,1,0,1.0,0
0.7419,33,0,0.5053,6723.0,12,0,0,0,1.0,0
0.3513,78,0,0.1623,2778.0,8,0,4,0,0.0,0
3.0784,51,0,0.6861,1194.0,10,0,1,0,2.0,0
0.5947,47,0,0.6092,5734.0,10,0,1,0,1.0,0
2.5361,36,0,0.768,,10,1,0,0,0.0,0
0.7046,67,0,1.0615,3852.0,9,0,2,0,2.0,0
0.31,66,0,0.0283,8295.0,4,0,2,0,2.0,0
0.2289,63,0,0.2437,10479.0,9,0,3,0,1.0,0
0.0515,51,0,0.4641,3283.0,8,0,1,0,0.0,0
0.1923,63,0,0.4209,,7,0,0,0,0.0,0
0.2502,40,0,0.2434,10618.0,6,0,1,0,4.0,0
0.165,55,0,0.6455,,14,0,1,0,1.0,0
0.8717,51,0,0.5189,2479.0,9,0,2,0,0.0,0
0.0992,56,0,0.3915,1338.0,3,0,1,0,2.0,0
3.1962,27,0,0.7661,8851.0,10,0,2,0,2.0,0
0.6841,78,0,0.5295,3809.0,13,0,2,0,0.0,0
3.7227,75,0,0.4964,23972.0,7,0,4,0,0.0,0
0.9762,36,0,0.2402,9698.0,9,0,0,0,1.0,0
0.1078,60,0,0.2087,4585.0,7,0,1,0,0.0,0
0.01,31,0,0.5582,4574.0,10,0,1,0,1.0,0
2.3409,53,3,0.9886,,8,2,0,0,0.0,0
0.0655,21,0,0.289,9388.0,6,0,1,0,0.0,0
0.4034,48,0,0.1448,10183.0,7,0,0,0,2.0,0
0.1011,45,0,0.2659,6113.0,10,0,0,0,0.0,0
0.0464,68,0,0.5318,,5,0,1,0,1.0,0
0.3094,75,0,0.6407,7387.0,6,0,1,0,0.0,0
0.1619,76,0,0.598,1728.0,10,0,1,0,0.0,0
0.169,68,0,0.08,4976.0,9,0,0,0,1.0,0
0.8211,53,0,0.9155,1406.0,10,0,0,0,1.0,0
0.3667,57,0,0.6503,8108.0,12,0,0,0,2.0,0
0.4171,57,0,0.5912,,10,0,2,0,0.0,0
1.1257,35,1,0.6981,9068.0,7,0,1,0,0.0,0
0.3883,68,0,0.2626,5831.0,7,0,1,0,1.0,0
0.2064,62,0,0.0267,4963.0,9,0,1,0,0.0,0
0.0195,62,0,0.3168,24343.0,14,0,1,0,0.0,0
0.9826,21,0,0.4389,,8,0,1,0,1.0,1
0.1321,58,0,0.5325,13337.0,7,0,0,0,0.0,0
0.3752,66,0,0.4521,,6,0,0,0,1.0,0
0.7302,52,0,0.2404,7230.0,12,0,0,0,,0
0.0891,45,0,0.1436,,10,0,0,0,1.0,0
0.5626,33,0,0.5261,8390.0,6,0,0,0,0.0,0
8.4232,32,0,0.5625,7076.0,5,0,0,0,0.0,0
0.3375,54,0,1.0356,,6,0,1,0,0.0,0
0.0475,49,0,0.4643,,6,1,2,0,0.0,0
0.81,49,0,0.638,5085.0,9,0,0,0,0.0,1
2.0145,73,0,0.2069,,8,0,3,0,0.0,0
1.8146,34,0,0.7194,9057.0,8,0,1,0,0.0,0
0.2099,47,0,0.5917,5786.0,11,0,0,0,0.0,0
0.2322,76,0,0.4132,14021.0,10,0,1,0,2.0,0
2.0405,48,0,0.2719,10472.0,8,0,0,0,0.0,0
0.0598,53,0,0.3845,4440.0,5,0,0,0,0.0,0
0.4607,50,0,0.5072,13263.0,10,0,2,0,1.0,0
1.6044,62,0,0.1614,4177.0,15,0,1,0,1.0,0
0.203,23,0,0.6992,6019.0,4,0,2,0,,0
1.1239,49,2,0.4291,2898.0,7,0,3,0,0.0,0
0.5974,53,0,0.2821,,5,0,2,0,1.0,0
0.3874,38,0,0.5759,4430.0,7,0,2,0,1.0,0
0.2904,57,0,0.8333,2369.0,4,0,0,0,0.0,0
1.6624,63,0,0.5726,,8,0,4,0,0.0,0
0.1436,58,0,0.5382,3223.0,3,0,2,0,1.0,0
1.424,77,0,0.959,11281.0,6,0,3,0,3.0,0
0.3163,46,0,0.4045,3172.0,8,0,1,0,1.0,0
0.218,59,0,0.5868,3629.0,9,0,2,0,0.0,0
0.1775,59,0,0.9017,4062.0,6,0,0,0,0.0,0
0.1604,49,0,0.2555,6546.0,5,0,1,0,0.0,0
0.2327,68,0,0.6319,8741.0,4,0,1,0,1.0,0
0.5289,56,0,0.2463,6302.0,8,0,1,0,1.0,0
0.2324,35,0,0.7067,,10,0,1,0,0.0,0
3.2767,63,0,0.8859,15526.0,4,0,0,0,2.0,0
0.0093,45,0,0.7192,,13,0,0,0,1.0,0
0.2727,47,0,0.3355,1586.0,6,0,3,0,1.0,0
0.3499,49,0,0.359,2135.0,3,0,0,0,1.0,0
0.2608,62,0,0.4036,7517.0,4,0,1,0,2.0,0
0.3371,67,0,0.2925,6821.0,9,0,0,0,1.0,0
0.8052,50,0,0.2171,,11,0,0,0,1.0,0
0.3026,49,0,0.3818,,10,0,0,0,1.0,0
0.6187,23,0,0.7021,2125.0,2,0,0,0,1.0,0
0.3409,42,0,0.1065,3478.0,6,0,2,0,2.0,0
0.5463,39,0,0.3877,,6,0,3,0,1.0,0
1.1082,56,0,0.314,9606.0,7,0,0,0,1.0,0
0.0625,51,0,0.1949,,13,0,1,0,0.0,0
0.1414,39,0,0.3911,,0,0,1,0,0.0,0
1.9279,54,0,0.496,9834.0,10,0,1,0,2.0,0
0.0227,51,0,0.2453,4903.0,6,0,2,0,1.0,0
0.3341,21,0,1.3503,4652.0,10,0,3,0,2.0,0
1.7323,68,0,0.6424,,8,0,2,0,1.0,0
0.6361,66,0,0.118,,7,0,1,0,1.0,0
0.2872,49,0,0.2368,9327.0,6,0,2,0,2.0,0
1.6868,57,1,0.641,8941.0,10,0,3,0,1.0,0
0.8103,47,0,0.7847,,7,0,0,0,1.0,0
0.4419,30,0,0.3397,17460.0,8,0,2,0,1.0,0
2.6266,82,0,0.0969,2832.0,9,0,1,0,2.0,0
0.7249,62,0,0.8528,4746.0,11,0,1,0,0.0,1
2.0736,65,0,0.4591,8147.0,10,0,1,0,1.0,0
0.1977,48,0,0.4399,7508.0,6,0,0,0,2.0,0
0.198,68,0,0.2817,2156.0,10,0,0,0,2.0,0
0.6034,33,0,0.6009,,3,0,0,0,0.0,0
0.2062,49,0,0.8437,,6,0,1,0,2.0,0
0.4754,62,0,0.8554,3040.0,9,0,0,0,0.0,0
0.3387,43,0,0.146,8818.0,4,0,1,0,2.0,0
0.6,65,0,0.7526,20300.0,4,0,0,0,0.0,0
0.0396,56,0,0.2859,4870.0,13,0,0,0,0.0,0
0.1974,55,0,0.7533,6884.0,6,0,1,0,0.0,0
0.5217,42,0,0.7472,1219.0,8,0,0,0,0.0,1
2.9591,58,0,0.4577,8898.0,8,0,0,0,1.0,0
0.7761,79,1,0.2541,8294.0,9,0,4,0,2.0,0
0.976,54,1,0.3878,3018.0,4,0,0,3,0.0,0
0.2684,60,0,0.3647,7276.0,8,0,1,0,2.0,0
0.2382,62,0,0.1712,3848.0,14,0,1,0,1.0,0
0.5479,36,0,0.4319,13423.0,7,0,2,0,0.0,0
0.5619,50,0,0.065,1275.0,5,0,0,0,1.0,0
0.2167,50,0,0.1313,3444.0,12,0,2,0,0.0,0
0.268,22,0,0.1384,1655.0,10,0,0,0,1.0,0
2.9244,63,0,0.4971,,12,0,1,0,1.0,0
0.4838,39,0,0.6017,,15,0,0,0,0.0,0
0.3605,62,0,0.5539,,11,0,3,0,0.0,0
0.3871,41,3,0.2226,1861.0,14,0,1,0,0.0,0
1.2912,81,0,1.0293,7819.0,10,0,1,0,0.0,0
0.0434,48,0,0.1612,,7,0,0,0,1.0,0
0.193,79,0,0.6506,4192.0,8,0,2,0,0.0,0
0.2471,50,0,0.187,2442.0,4,0,0,0,1.0,0
0.8032,51,0,0.5196,,8,0,0,0,2.0,1
0.2989,74,0,0.1998,5869.0,8,0,1,0,0.0,1
0.2259,39,0,0.2777,2948.0,12,0,2,0,1.0,0
0.021,53,0,0.4473,4993.0,7,0,1,0,1.0,0
3.888,60,0,0.2448,2023.0,7,0,1,0,1.0,0
0.9888,58,0,0.303,6608.0,10,0,2,0,0.0,0
0.369,53,0,0.8984,5815.0,8,0,1,0,2.0,0
0.5002,51,0,0.9748,4440.0,12,0,1,0,0.0,0
1.4187,64,0,0.4641,12061.0,7,0,1,0,1.0,0
0.5511,54,0,0.3572,1576.0,9,0,1,0,1.0,0
0.3546,66,0,0.4301,3233.0,16,0,1,0,0.0,0
0.237,57,0,0.8487,8744.0,8,0,0,0,1.0,0
0.5494,61,0,0.7026,9701.0,11,0,1,0,3.0,0
0.3837,68,0,0.5136,7916.0,8,0,1,0,0.0,0
0.7526,48,2,0.7055,9099.0,8,1,1,0,3.0,0
0.0748,67,0,0.1808,,13,0,1,0,1.0,0
3.4369,50,0,0.2078,9173.0,10,0,1,0,0.0,0
3.0335,32,0,0.4175,4200.0,8,0,1,0,1.0,0
0.2376,47,0,1.0785,5788.0,7,0,2,0,2.0,0
0.2515,42,0,0.1603,,4,0,1,0,2.0,0
0.0597,57,1,0.082,3200.0,10,0,0,0,0.0,0
4.0314,48,0,0.0291,16082.0,8,0,0,0,0.0,0
4.4071,54,0,0.1274,4693.0,9,0,1,0,0.0,0
0.3407,66,0,1.1556,4986.0,9,0,1,0,3.0,0
0.221,73,0,0.1987,8365.0,12,0,1,0,0.0,0
1.8597,56,0,0.2889,9672.0,5,0,0,0,0.0,0
0.3485,67,0,0.1949,7228.0,5,0,2,0,2.0,0
0.2763,50,0,0.4055,4234.0,10,0,0,0,1.0,0
0.044,30,0,0.1891,4568.0,6,0,3,0,1.0,0
0.6028,35,0,0.2647,17302.0,2,0,0,0,2.0,0
1.7371,49,0,0.4222,7225.0,4,0,1,0,2.0,0
0.7288,63,0,0.7128,1598.0,8,0,4,0,0.0,0
0.3934,49,0,0.5463,6524.0,11,0,0,0,0.0,0
0.7436,69,0,0.1974,9751.0,9,0,0,0,2.0,0
0.221,78,0,0.253,6037.0,11,0,2,0,0.0,0
0.0164,40,0,0.346,,8,0,1,0,0.0,0
0.1943,82,0,0.1086,5766.0,7,0,3,0,1.0,1
0.2457,29,0,0.3611,,5,0,1,0,1.0,0
0.7699,78,0,0.7528,9538.0,8,0,3,0,1.0,0
0.7802,52,0,0.8413,,7,0,2,0,2.0,0
0.0449,49,0,0.8233,2633.0,8,0,0,0,2.0,0
0.2461,52,0,0.4451,,5,0,1,0,0.0,0
0.5745,41,0,0.3026,4761.0,8,0,0,0,0.0,0
0.0347,73,0,0.4227,2574.0,9,0,0,0,2.0,0
0.0219,42,0,0.4162,6976.0,4,0,0,0,1.0,0
1.9332,44,0,0.551,4408.0,10,0,1,0,1.0,0
0.6723,33,0,0.8691,,7,0,1,0,0.0,0
0.1578,42,0,0.1231,12516.0,3,0,1,0,0.0,0
0.1086,42,0,0.5946,6096.0,5,0,0,0,0.0,0
0.4641,41,0,0.7898,2552.0,4,0,1,0,1.0,0
0.7924,50,0,0.2179,2680.0,8,0,0,0,1.0,0
0.5559,36,0,0.7058,,10,0,1,0,4.0,1
0.4636,74,0,0.6913,9102.0,7,0,0,0,0.0,0
0.1293,50,0,0.1045,6773.0,3,0,0,0,1.0,0
0.289,57,2,0.6685,6096.0,10,0,1,0,0.0,0
0.9026,64,0,0.582,6071.0,11,0,3,0,4.0,0
0.2811,80,0,0.2011,,6,0,2,0,0.0,0
0.3634,65,0,0.6641,4190.0,10,0,2,0,2.0,0
0.1652,49,0,0.8029,2810.0,8,0,2,0,0.0,0
0.8356,37,0,0.6452,,12,0,2,0,0.0,0
0.774,57,0,0.4677,7488.0,7,0,2,0,0.0,0
0.1627,67,0,0.6488,8126.0,8,0,1,0,2.0,0
0.1351,54,0,0.9001,9048.0,9,0,1,0,,0
0.7168,53,0,0.5162,5461.0,7,0,2,0,1.0,0
0.4061,55,0,0.8158,1877.0,9,0,0,0,1.0,0
0.0294,26,0,0.2099,6801.0,8,0,1,0,0.0,0
0.7825,54,0,0.0789,,13,0,1,0,1.0,0
0.1253,62,0,0.2255,4102.0,8,0,0,0,1.0,0
0.5431,51,0,0.0607,3231.0,10,0,0,0,0.0,0
0.3379,68,0,0.6417,18534.0,9,0,1,0,3.0,0
0.5011,68,0,0.633,13464.0,8,0,1,0,1.0,0
1.0355,45,0,0.6813,3670.0,6,0,1,0,,1
1.2081,58,0,0.325,,5,0,0,0,,0
5.524,53,3,0.2348,11668.0,3,0,1,0,3.0,0
0.5443,24,0,0.4489,6043.0,10,0,1,0,1.0,0
1.1988,49,0,0.9647,,12,0,2,2,1.0,0
0.0301,38,0,0.235,7679.0,16,0,1,0,2.0,0
0.0392,54,0,0.4484,2133.0,12,0,1,0,3.0,0
1.4665,62,0,0.1837,5752.0,8,0,2,3,0.0,0
0.0384,49,0,0.6176,5964.0,10,0,2,0,0.0,0
0.5313,39,0,0.5268,3361.0,11,0,0,0,0.0,0
0.5372,55,0,0.407,,8,0,0,0,3.0,0
8.6506,86,0,0.1868,6932.0,13,0,1,0,0.0,0
0.1813,22,0,0.9245,3250.0,9,0,1,0,1.0,0
0.1294,55,0,0.1401,7202.0,10,0,1,0,1.0,1
0.1781,44,0,0.373,4186.0,10,0,1,0,0.0,0
0.4017,46,0,0.4214,2407.0,10,0,0,0,2.0,0
3.8099,51,0,0.4369,,7,0,3,0,0.0,0
1.5381,47,0,0.3831,6514.0,4,0,0,0,0.0,0
0.1583,60,0,0.5847,9325.0,5,0,1,0,0.0,0
4.4649,49,0,0.462,12908.0,9,0,2,0,1.0,0
0.7596,22,0,0.0785,3169.0,12,0,1,2,1.0,0
0.5526,70,0,0.6642,16143.0,4,0,1,0,2.0,0
0.8766,68,0,0.3925,2670.0,6,0,0,0,1.0,0
1.0677,44,0,0.4624,6461.0,11,0,1,0,1.0,0
0.6725,53,0,0.1325,3424.0,3,0,2,0,2.0,1
0.4578,69,0,0.519,,13,0,0,0,,1
0.6158,66,0,0.2441,,7,0,3,0,0.0,0
0.4488,71,0,0.5445,,8,0,0,0,3.0,0
6.6022,57,0,0.1677,5330.0,8,0,1,0,2.0,0
0.6633,63,0,0.3582,5704.0,11,0,2,0,0.0,0
0.225,72,0,0.9989,2121.0,6,0,2,0,0.0,0
0.2031,47,0,1.0125,9828.0,13,0,1,0,0.0,0
0.466,58,0,0.5111,5976.0,7,0,0,0,0.0,0
0.2322,22,0,0.9166,,11,0,3,0,1.0,0
0.1613,30,0,0.4828,16979.0,10,0,0,0,0.0,0
0.1432,59,0,0.1895,7743.0,8,0,1,0,0.0,0
0.4947,61,0,0.4021,,8,0,2,0,0.0,0
0.2519,47,0,0.3462,7523.0,12,0,1,0,1.0,0
0.1057,44,0,0.4764,7096.0,11,0,2,0,0.0,0
1.1009,47,0,0.7205,4305.0,10,0,2,0,0.0,0
1.0189,55,0,0.8778,12618.0,12,0,0,0,,0
0.4082,21,0,0.3389,2954.0,10,0,1,0,0.0,0
2.1452,59,0,0.0167,2825.0,9,0,0,0,3.0,0
0.45,52,0,0.8955,6779.0,9,0,2,0,1.0,0
0.6724,55,0,0.5544,8095.0,6,0,2,0,2.0,0
0.2431,50,0,0.4598,8937.0,9,0,1,0,1.0,0
0.5457,33,0,0.4544,1917.0,8,0,4,0,1.0,0
0.0238,37,0,0.2016,9137.0,11,0,1,0,1.0,0
0.5686,73,0,0.3523,13385.0,4,0,3,0,1.0,0
0.4885,43,0,0.4133,6426.0,12,0,0,0,0.0,0
8.4031,63,0,0.872,1040.0,14,0,3,0,0.0,0
0.347,37,0,0.6219,6312.0,11,0,1,0,1.0,0
0.6514,52,1,0.8115,4126.0,10,0,0,1,1.0,0
0.3881,46,0,0.1509,3496.0,7,0,1,0,0.0,0
0.4903,48,0,0.9147,,10,0,3,0,1.0,0
0.2308,47,0,0.8719,10199.0,5,0,1,0,0.0,0
0.1207,72,0,0.379,5296.0,3,0,2,0,0.0,0
4.4451,79,0,0.6314,10293.0,4,0,1,0,1.0,0
0.0588,55,0,0.5089,3194.0,10,0,1,0,2.0,0
1.0416,46,0,0.3726,,10,0,2,0,2.0,0
1.1634,33,0,0.3737,10555.0,6,0,1,0,0.0,0
1.0988,32,0,0.197,,8,0,1,0,1.0,0
0.0595,72,0,0.6311,4374.0,14,0,1,0,1.0,0
0.1925,31,0,0.3928,5932.0,10,0,4,0,1.0,0
0.4064,46,0,0.2552,9011.0,9,0,1,0,0.0,0
0.6677,54,0,0.6572,9675.0,6,0,1,0,0.0,0
0.6689,21,0,0.5935,2417.0,6,0,2,0,0.0,0
0.9824,34,0,0.6555,,7,0,3,0,2.0,1
0.3305,33,0,0.3783,10153.0,8,0,0,0,0.0,0
0.2404,43,0,0.1873,2829.0,12,0,1,0,0.0,0
0.3199,56,0,0.2083,3029.0,7,0,0,0,0.0,0
0.2063,66,0,0.4244,19875.0,5,0,1,0,0.0,0
2.3465,43,0,0.3574,1568.0,10,0,0,0,1.0,0
0.5918,46,0,0.5009,4461.0,9,0,3,0,1.0,0
0.1559,50,0,0.2822,3016.0,6,0,0,0,1.0,0
0.3586,41,0,0.1131,,10,0,1,0,3.0,0
0.1122,58,0,0.4558,3929.0,10,0,1,0,2.0,0
0.2859,58,0,0.5556,7193.0,11,0,3,2,2.0,0
0.5278,21,0,0.7852,,9,0,1,0,1.0,1
1.0987,61,0,0.0583,9438.0,4,0,0,0,0.0,0
0.4699,54,1,0.5648,,4,1,1,0,0.0,0
0.2823,56,0,0.7312,6564.0,10,0,2,0,2.0,0
1.0948,69,1,0.1342,,7,0,1,0,0.0,0
0.9862,27,0,1.174,4243.0,8,0,0,0,3.0,0
0.2435,34,0,0.6736,20528.0,8,0,0,0,1.0,0
0.2099,51,2,0.4123,,9,0,0,1,1.0,0
0.1831,21,0,0.7553,5192.0,4,0,1,0,0.0,0
0.0789,49,0,0.7049,8308.0,10,0,2,0,0.0,0
0.4977,64,0,0.2797,,9,0,1,0,1.0,0
0.2383,58,0,0.3696,4355.0,8,0,2,0,0.0,0
0.6121,53,0,0.4273,3536.0,7,0,0,0,2.0,0
0.2083,49,0,0.4267,15996.0,7,0,0,0,0.0,0
0.3811,46,0,0.7585,5771.0,3,0,2,0,1.0,0
0.4143,45,0,0.7693,3821.0,13,0,2,0,1.0,0
0.2042,55,0,0.764,5709.0,7,0,0,0,1.0,0
3.3112,30,0,0.2181,4971.0,8,0,1,0,0.0,0
0.4685,72,0,0.2622,7402.0,9,0,0,0,0.0,0
5.5112,42,0,0.1641,8048.0,6,0,0,0,0.0,0
0.1051,60,0,0.8524,6339.0,11,0,3,0,1.0,0
1.8626,53,0,0.3545,2990.0,3,0,0,0,1.0,0
0.2638,36,1,0.5396,5243.0,8,0,1,1,0.0,0
0.3795,70,0,0.5545,5666.0,5,0,1,0,1.0,0
0.6106,67,0,0.1371,12183.0,9,0,2,0,0.0,0
0.746,30,0,0.2515,3342.0,8,0,0,0,2.0,0
0.7851,51,0,0.3918,5437.0,13,0,3,0,1.0,0
0.2921,55,0,0.2331,4586.0,7,0,1,0,0.0,0
0.183,23,0,0.6179,,6,0,1,0,0.0,0
0.7411,22,0,0.5625,,12,0,1,0,0.0,0
0.2766,40,0,1.2379,1623.0,11,0,0,0,,0
0.4544,34,0,0.3431,7012.0,10,0,1,0,0.0,0
0.1004,37,2,0.3864,5555.0,8,0,1,0,1.0,0
0.1688,34,0,0.2118,3011.0,5,0,0,0,1.0,0
0.827,50,0,0.4845,3033.0,11,0,0,0,,0
0.8314,40,0,0.4719,5760.0,4,0,0,0,2.0,0
0.2861,68,0,0.5108,,1,0,1,0,0.0,0
0.3842,55,0,0.1101,3894.0,11,0,1,0,0.0,0
0.2623,63,0,0.7694,5182.0,12,0,0,0,1.0,0
0.133,28,0,0.3074,,9,0,1,0,0.0,0
0.2862,43,0,1.0046,,9,0,2,0,3.0,0
7.7339,54,0,0.1406,2319.0,6,0,2,0,0.0,0
0.5691,58,0,0.3522,2482.0,10,0,3,0,4.0,0
0.2713,43,0,0.0499,5165.0,9,0,1,2,2.0,0
0.0051,45,0,0.4755,5550.0,7,0,1,0,0.0,0
1.9002,47,0,0.2883,,10,0,0,0,1.0,1
0.3816,48,1,0.9352,9398.0,8,1,2,1,0.0,0
0.3213,82,0,0.6957,,8,0,1,0,1.0,0
0.2896,56,0,0.1135,4267.0,8,0,0,0,0.0,0
1.5617,53,0,0.7981,6286.0,6,0,0,0,1.0,0
0.2647,34,0,0.3518,4305.0,7,0,2,0,2.0,0
0.1701,35,0,0.4495,4765.0,4,0,1,0,0.0,0
1.5619,49,0,0.1421,4537.0,10,0,2,0,1.0,0
0.0699,68,0,0.8015,4511.0,10,0,0,0,0.0,0
0.8475,49,0,0.5445,3894.0,12,0,0,0,2.0,0
1.0887,50,0,1.0204,4366.0,6,0,0,0,0.0,0
0.1816,42,0,0.2999,7752.0,11,0,2,0,1.0,0
0.237,28,0,0.6353,,5,0,2,0,0.0,0
0.2966,58,0,0.6372,5593.0,5,0,0,0,0.0,0
0.5702,48,0,0.4903,,5,0,1,0,1.0,0
0.4219,58,0,0.3533,1351.0,5,0,2,0,1.0,0
0.0578,54,1,0.5145,989.0,9,0,2,2,0.0,0
1.1225,39,0,0.371,4958.0,11,0,0,0,0.0,0
0.8234,55,0,0.933,4525.0,9,0,1,0,0.0,0
0.0734,34,0,0.4623,9354.0,8,0,1,0,4.0,0
1.3147,55,0,0.8282,909.0,8,0,0,0,0.0,0
0.6029,51,0,0.9852,1635.0,11,0,1,0,0.0,0
0.2075,74,0,0.1823,2939.0,12,0,0,0,1.0,0
0.7638,40,0,0.996,7590.0,6,0,0,0,3.0,0
0.0643,33,0,0.4095,5388.0,10,0,3,0,1.0,0
0.0017,46,0,0.6276,12245.0,16,0,0,0,0.0,0
1.2207,61,0,0.7613,9889.0,13,0,0,3,1.0,0
0.0283,21,0,0.3237,3439.0,4,0,2,0,1.0,0
0.0806,64,0,0.6964,3513.0,6,0,0,0,1.0,0
0.3642,49,0,0.3327,4527.0,14,0,1,0,0.0,0
0.0567,36,0,0.0845,,7,0,1,0,1.0,0
0.4246,47,0,0.2981,6214.0,8,0,2,0,0.0,0
0.3161,42,0,0.3816,4650.0,8,0,1,0,1.0,0
0.2792,35,0,0.2165,3649.0,13,0,3,0,0.0,0
2.0301,25,0,0.592,6379.0,7,0,4,0,0.0,0
0.6869,62,0,0.4907,2373.0,8,0,3,0,1.0,0
0.645,44,0,0.0971,5691.0,7,0,1,0,3.0,0
1.7281,47,0,0.4139,4633.0,3,0,2,0,0.0,0
0.7575,64,0,0.3408,3715.0,13,0,2,0,0.0,0
0.7145,53,0,0.1972,5451.0,7,0,1,0,0.0,0
0.3912,30,0,0.5953,1497.0,6,0,0,0,1.0,0
0.504,61,2,0.6597,15742.0,4,1,1,0,1.0,0
0.0864,73,0,0.2432,4492.0,5,0,1,0,2.0,0
0.1426,59,0,0.6661,5591.0,11,0,0,0,0.0,0
0.312,40,0,0.2425,,10,0,2,0,0.0,0
0.4354,31,0,0.6128,,10,0,2,0,0.0,0
0.8224,39,0,0.6848,,6,0,2,0,3.0,0
0.3028,53,0,0.2623,,6,0,0,0,2.0,0
0.2589,72,0,0.3836,7403.0,9,0,2,0,2.0,0
0.3101,41,0,0.9905,7877.0,6,0,0,0,0.0,0
0.6149,43,0,0.0868,6126.0,10,0,2,0,1.0,0
4.0747,66,0,1.0351,11207.0,11,0,0,0,1.0,0
0.4318,46,0,0.8396,,13,0,1,0,0.0,0
2.7448,76,0,0.4211,4816.0,10,0,0,0,1.0,0
0.4338,50,0,0.8703,8217.0,6,0,0,0,1.0,0
0.4224,68,0,0.2183,10689.0,10,0,0,0,1.0,0
0.6799,57,0,0.1548,15401.0,8,0,1,0,0.0,0
0.5395,62,0,1.0283,2435.0,9,0,1,0,1.0,0
0.7014,50,0,0.2364,3031.0,4,0,0,0,1.0,0
0.2075,50,0,0.3971,2536.0,8,0,4,0,3.0,0
0.3173,58,0,0.5903,7441.0,9,0,1,0,1.0,0
0.1356,63,0,1.2072,3614.0,7,0,0,0,1.0,0
0.9469,59,0,0.3583,5657.0,8,0,2,0,1.0,0
0.0527,27,0,0.0892,1098.0,5,0,0,0,1.0,0
0.4007,56,0,0.246,2536.0,4,0,0,0,2.0,0
0.5561,43,0,0.2599,9332.0,10,0,0,0,1.0,0
0.145,44,0,0.5672,2813.0,8,0,0,0,1.0,0
3.8366,58,0,0.5757,,7,0,1,0,2.0,0
0.2715,76,0,0.2335,,6,0,1,0,0.0,0
0.4109,49,0,0.4081,4088.0,10,0,0,0,0.0,0
0.1911,80,1,0.5076,10455.0,3,0,0,0,0.0,0
0.4807,37,0,0.8784,6362.0,7,0,0,0,0.0,0
0.0429,69,0,0.0458,11055.0,10,0,0,0,0.0,0
0.6258,58,0,0.6159,3602.0,6,0,2,0,0.0,0
0.2369,55,1,0.6633,4537.0,8,0,1,1,1.0,0
0.5699,71,0,0.8149,,8,0,1,0,1.0,1
0.1126,43,0,0.3916,3563.0,5,0,0,0,0.0,0
5.5725,70,0,0.5732,16022.0,5,0,0,0,0.0,0
0.8846,49,1,0.6172,6549.0,9,2,2,0,0.0,0
0.6525,43,0,0.3179,5000.0,3,0,2,0,0.0,0
0.3585,33,0,0.3737,10744.0,8,0,0,0,0.0,0
0.2095,74,0,0.4935,3912.0,5,0,0,0,2.0,0
1.1017,68,1,1.138,6367.0,9,0,1,1,0.0,0
0.0198,45,0,0.6164,13480.0,8,0,0,0,0.0,0
0.4909,60,0,0.02,9746.0,8,0,3,0,0.0,0
2.2182,54,0,0.1654,13054.0,10,0,1,0,1.0,0
0.2243,47,0,0.5777,6898.0,8,0,1,0,0.0,0
7.4188,66,0,0.2943,1002.0,8,0,0,0,2.0,0
0.0271,43,0,1.0393,12327.0,3,0,0,0,2.0,0
0.6574,21,0,0.7474,5733.0,5,0,1,0,1.0,0
0.7301,56,0,0.7232,1726.0,9,0,0,0,0.0,0
1.7011,53,0,0.4323,1670.0,10,0,1,0,0.0,0
0.4313,44,0,0.3953,4844.0,7,0,0,0,1.0,0
0.5941,40,0,0.5569,8103.0,10,0,0,0,0.0,0
9.7086,30,0,0.1651,,7,0,0,0,0.0,0
0.4241,47,0,1.4093,6790.0,11,0,1,0,0.0,0
0.0294,40,0,0.5333,8475.0,7,0,0,0,0.0,0
0.1661,66,0,0.4505,5123.0,7,0,1,0,0.0,0
0.124,59,0,0.6069,,14,0,1,0,0.0,0
0.5815,45,0,0.3203,,10,0,2,0,1.0,0
0.2947,59,0,1.2976,7282.0,11,0,3,0,2.0,0
0.1903,50,0,0.6016,6725.0,9,0,0,0,1.0,0
0.2983,48,0,0.4619,9885.0,6,0,3,0,2.0,0
0.3442,51,0,0.4414,3594.0,9,0,1,0,0.0,0
0.5221,77,0,0.22,9629.0,12,0,1,0,1.0,0
0.3082,61,0,0.1626,5732.0,4,0,0,0,0.0,0
0.3497,48,0,0.3608,3875.0,6,0,0,0,1.0,0
0.4682,65,0,0.3228,,3,0,3,0,1.0,0
0.0864,64,0,0.4251,3227.0,8,0,0,0,0.0,0
0.7789,56,0,0.7002,9448.0,9,0,2,0,0.0,0
3.6187,47,0,0.0773,9994.0,13,0,2,0,0.0,0
0.262,46,0,0.2182,6270.0,4,0,2,0,0.0,0
0.194,37,0,0.4497,10204.0,8,0,2,0,0.0,0
0.4328,55,0,0.5032,,15,0,0,0,0.0,0
0.2325,43,0,0.5674,25182.0,9,0,0,0,1.0,0
0.7798,46,0,1.1441,3643.0,11,0,2,1,0.0,0
3.5645,61,0,0.3963,9334.0,7,0,1,0,1.0,0
0.2035,76,0,0.1164,46088.0,15,0,2,0,0.0,0
0.3705,57,0,0.4842,8182.0,8,0,2,0,1.0,0
0.4889,51,0,0.9498,4049.0,9,0,1,0,1.0,0
0.2484,52,0,0.8658,,14,0,1,0,0.0,0
0.1876,68,0,0.3674,,4,0,2,0,0.0,0
0.453,57,0,0.2604,4049.0,5,1,0,0,0.0,0
0.0605,55,0,0.6705,2158.0,8,0,2,0,1.0,0
0.7752,56,0,0.0887,3073.0,6,0,1,0,0.0,0
0.6659,32,0,0.2142,6645.0,9,0,0,0,0.0,0
0.1181,57,0,0.495,2016.0,4,0,0,0,1.0,0
0.1107,40,0,0.58,,12,0,1,0,0.0,0
0.2433,58,0,0.0617,8946.0,3,0,0,0,0.0,0
0.0045,42,0,0.465,3661.0,13,0,0,0,1.0,0
0.4326,60,0,0.6959,5075.0,8,0,1,0,1.0,0
1.761,50,0,0.6762,1738.0,11,0,1,0,1.0,0
0.1816,36,0,0.5667,9734.0,11,0,0,0,3.0,0
0.3099,48,0,0.3895,4075.0,11,0,1,0,1.0,0
0.5998,83,0,0.2462,6087.0,11,0,1,0,1.0,0
0.0694,21,0,1.0777,,17,0,2,0,2.0,0
0.1375,54,0,0.468,2564.0,9,0,0,0,0.0,0
0.4808,38,0,0.9722,8293.0,9,0,2,0,1.0,0
0.0714,71,0,0.6861,5665.0,14,0,3,0,2.0,0
0.053,63,0,0.3387,13643.0,15,0,0,0,1.0,0
0.8861,55,0,0.8239,8845.0,10,0,1,0,0.0,0
0.0861,65,0,0.4077,2547.0,4,0,1,0,2.0,0
0.2947,55,0,0.3585,8442.0,3,0,2,0,2.0,0
0.1183,52,0,0.0697,6206.0,13,0,0,0,0.0,1
7.6454,44,0,0.1764,,6,0,2,0,0.0,0
0.9951,47,0,0.824,18576.0,8,0,1,0,2.0,0
0.3389,46,0,0.6975,2356.0,10,0,1,0,1.0,0
0.5532,52,0,0.3912,8640.0,7,0,0,0,1.0,0
0.6362,26,0,0.1762,6382.0,5,0,0,0,0.0,0
0.2638,66,0,0.0322,8769.0,5,0,2,0,2.0,0
1.282,79,0,0.6123,7890.0,7,0,1,0,1.0,0
0.4976,46,0,0.3632,3253.0,8,0,0,0,0.0,0
4.6443,68,3,0.6287,20647.0,9,0,1,0,0.0,0
0.3238,50,0,0.35,4396.0,7,0,4,0,0.0,0
0.2386,44,0,0.2185,5936.0,7,0,2,0,0.0,0
1.0085,47,0,0.5794,6437.0,11,0,2,0,1.0,0
0.0586,53,0,0.2998,6728.0,9,0,4,0,2.0,0
0.1311,42,0,0.3785,7816.0,6,0,2,0,2.0,0
0.4666,60,1,0.2863,17975.0,8,0,1,0,0.0,0
1.7281,45,0,0.0771,7190.0,11,0,0,0,1.0,0
0.5869,37,0,0.5402,,3,0,0,0,2.0,0
0.295,52,0,0.1927,,8,0,1,0,0.0,0
0.0546,42,0,0.8309,9744.0,9,0,2,0,1.0,0
3.1568,47,0,0.3396,15253.0,5,0,2,0,0.0,0
0.1373,51,0,0.6542,,13,0,1,0,1.0,0
0.5312,33,0,0.6669,4366.0,8,0,2,0,1.0,0
0.5009,72,0,0.4598,,11,0,0,0,0.0,0
0.7767,63,0,0.7956,9080.0,6,0,2,0,1.0,0
0.0011,43,0,1.0039,2666.0,6,0,1,0,1.0,0
0.3646,52,0,0.4023,2375.0,8,0,0,0,1.0,0
0.2795,61,0,0.4931,9636.0,4,0,4,0,2.0,0
0.5145,55,1,0.2708,,12,0,0,1,1.0,0
0.3281,78,0,0.1551,10013.0,10,0,1,0,1.0,0
0.3454,49,0,0.1694,3412.0,9,0,0,0,0.0,0
0.3565,69,0,0.0811,3104.0,8,0,0,0,1.0,0
0.7725,33,0,0.3672,6487.0,10,0,1,0,0.0,0
0.755,35,0,0.724,6473.0,13,0,1,0,0.0,0
0.167,76,1,0.804,8187.0,9,0,0,0,0.0,0
0.4539,46,0,0.6634,8247.0,8,0,1,0,0.0,0
0.2734,36,0,0.1154,,4,0,1,0,0.0,0
0.8556,51,0,0.3936,,9,0,1,0,1.0,0
1.1653,70,0,0.7559,,5,0,3,0,2.0,1
0.1375,41,0,0.7379,,1,0,0,0,0.0,0
0.1351,51,0,0.1259,3682.0,9,0,0,0,0.0,0
0.4261,26,0,0.3606,12810.0,5,0,2,0,1.0,0
0.0549,45,0,0.6302,12836.0,11,0,1,0,1.0,0
0.5294,66,0,0.0708,1801.0,8,0,1,0,1.0,0
0.809,41,0,0.312,5290.0,8,0,1,0,4.0,0
0.7746,34,0,0.5164,15210.0,9,0,1,0,3.0,0
0.0327,41,0,0.3931,8221.0,4,0,1,0,1.0,0
0.4329,43,0,0.4615,4186.0,10,0,1,0,0.0,0
3.1733,63,0,0.2189,,7,0,1,0,0.0,0
0.1259,57,0,0.3504,4062.0,2,0,2,0,0.0,0
0.2155,60,0,0.7232,4335.0,4,0,0,0,0.0,0
0.6103,52,0,0.2774,12818.0,5,0,2,0,1.0,0
0.2172,43,0,0.3961,3463.0,5,0,2,0,1.0,0
0.7834,41,0,0.3213,4437.0,9,0,0,0,2.0,0
0.254,58,0,0.2086,,9,0,0,0,0.0,0
0.9486,74,0,0.3476,5076.0,8,0,3,0,0.0,1
1.06,39,0,0.6586,6073.0,5,0,1,0,0.0,0
0.3529,38,0,1.3135,8306.0,9,0,2,0,1.0,0
0.1089,36,0,0.6027,2664.0,10,0,2,0,0.0,0
0.3269,64,0,0.6386,,11,0,3,0,1.0,0
0.3765,51,0,0.1209,4483.0,12,0,1,0,0.0,0
0.7221,60,0,0.6802,,10,0,0,0,1.0,0
1.394,45,0,0.6048,4963.0,8,0,1,0,0.0,0
0.0233,61,0,0.9088,7277.0,9,0,1,0,1.0,0
0.8005,48,0,1.1383,5154.0,10,0,2,0,0.0,0
0.2446,30,0,0.6168,10710.0,8,0,0,0,1.0,0
0.1839,65,0,0.6118,3767.0,11,0,1,0,0.0,0
0.2942,51,0,0.2041,3821.0,7,0,0,2,1.0,0
0.0666,48,0,0.8733,,11,0,1,1,0.0,0
0.7457,56,0,0.4288,5905.0,9,0,1,0,1.0,0
1.3671,32,0,0.3493,1401.0,7,0,2,0,0.0,0
0.5918,58,0,0.5283,5846.0,7,0,1,0,1.0,0
0.7131,44,0,0.7625,6215.0,7,0,4,0,0.0,0
0.5571,50,0,0.6602,4916.0,5,0,1,0,1.0,0
0.0716,68,0,0.5557,9184.0,14,0,1,0,1.0,0
1.1691,61,0,0.0978,12841.0,10,0,4,0,0.0,0
0.3183,50,0,0.4689,,7,0,0,0,0.0,0
0.8533,51,0,0.0623,1651.0,10,0,1,0,0.0,0
0.0907,21,0,0.5423,,8,0,1,0,1.0,0
0.6388,40,0,0.1627,2236.0,5,0,1,0,0.0,0
1.2824,54,0,0.8521,4054.0,6,0,1,0,1.0,0
0.2353,41,2,0.2958,6343.0,9,0,0,1,0.0,0
0.4505,33,0,0.8111,,8,0,2,0,2.0,1
0.0299,59,2,0.6057,5567.0,9,0,0,0,1.0,0
0.4594,70,0,0.8224,9938.0,14,0,0,0,0.0,0
0.6714,42,0,0.6057,3371.0,7,0,0,0,1.0,0
0.2196,64,0,0.3636,7581.0,10,0,0,0,0.0,0
0.8097,62,3,0.5138,3489.0,11,0,3,0,1.0,0
0.0771,38,0,0.8457,,1,0,0,0,1.0,0
0.7572,42,0,0.8479,4936.0,8,0,2,0,0.0,0
0.9946,77,2,0.2582,2935.0,7,0,1,1,0.0,0
0.3922,36,0,0.6979,2503.0,4,0,0,0,0.0,0
0.6126,43,0,0.1733,22944.0,9,0,1,0,1.0,0
0.6082,80,0,0.5083,6281.0,4,0,1,0,0.0,0
0.6842,44,0,0.2418,4876.0,7,0,1,0,0.0,0
0.4799,71,0,0.5739,7482.0,9,0,2,0,0.0,0
0.6292,38,0,0.1592,7862.0,8,0,2,0,0.0,0
0.8149,54,0,0.2154,5279.0,6,0,1,0,1.0,0
0.6085,67,0,0.1957,,9,0,1,0,1.0,0
0.0463,45,0,0.7362,,5,0,0,0,3.0,0
0.7132,53,0,0.4155,,4,0,2,0,2.0,0
0.4525,62,1,0.3162,17714.0,3,0,1,1,1.0,0
0.8555,39,0,0.3454,,4,0,0,0,0.0,1
0.3625,83,0,1.0385,12159.0,7,0,2,0,0.0,0
0.0086,67,0,0.2671,,6,0,1,0,1.0,0
0.0993,47,0,0.1334,,5,0,1,0,1.0,0
0.6346,49,0,0.6812,1976.0,5,0,1,0,0.0,0
0.4946,79,0,0.8171,3882.0,8,0,1,0,0.0,0
0.0107,47,0,0.921,5945.0,4,0,0,0,0.0,0
0.9359,45,0,0.2863,2378.0,11,0,4,0,2.0,0
0.8683,68,2,0.4679,2002.0,10,0,0,2,2.0,0
0.2864,32,0,0.3247,,8,0,0,0,2.0,0
0.4419,51,0,0.2182,7994.0,12,0,0,0,0.0,0
3.4217,53,0,0.4519,16104.0,6,0,0,0,0.0,0
1.4759,42,0,0.4835,8301.0,9,0,3,0,0.0,0
0.1538,30,0,0.4941,4864.0,6,0,1,0,3.0,0
0.1271,53,0,0.4433,,7,0,2,0,,0
0.0341,62,0,0.5756,3438.0,7,0,3,0,3.0,0
0.0352,42,0,0.478,8110.0,7,0,5,0,0.0,0
0.6623,35,0,0.5999,4294.0,6,0,0,0,0.0,0
0.2359,70,0,0.7313,12522.0,8,0,3,0,1.0,0
0.4044,59,0,0.7787,3358.0,9,0,2,0,0.0,0
0.0723,47,0,0.4545,1994.0,7,0,3,0,0.0,0
0.0257,65,0,0.1322,10320.0,10,0,1,0,1.0,0
0.1766,55,0,0.6994,10514.0,9,0,0,0,1.0,0
0.8333,77,0,0.528,,7,0,1,0,0.0,1
0.2426,61,0,0.5506,18607.0,7,0,0,0,,0
0.2132,33,0,0.4437,4487.0,7,0,0,0,0.0,0
0.8211,43,0,0.6156,9864.0,13,0,0,0,1.0,0
0.5162,43,0,0.2671,4684.0,9,0,0,0,0.0,0
0.6493,56,0,0.5433,2982.0,3,0,1,0,1.0,0
0.6774,48,0,0.1785,3998.0,5,0,1,0,2.0,0
0.2858,36,0,0.7029,4412.0,9,0,4,0,0.0,1
0.2311,60,0,0.8564,3669.0,7,0,1,0,0.0,0
0.1783,66,0,0.8318,12328.0,7,0,2,0,,0
0.6476,51,1,0.2146,8208.0,12,0,3,1,1.0,0
0.7801,55,0,1.1169,,5,0,1,0,1.0,1
0.7809,38,0,0.5096,5302.0,5,0,2,0,1.0,0
0.484,45,0,0.4181,5036.0,12,0,1,0,1.0,0
0.3594,45,0,0.6158,,4,0,2,0,3.0,0
0.4104,60,0,0.4242,14141.0,5,0,1,0,0.0,0
4.2988,56,3,0.2373,2510.0,12,0,2,0,1.0,0
0.1913,47,0,0.7559,4102.0,10,0,0,0,0.0,0
0.6273,47,0,0.6475,3293.0,6,0,1,0,,0
0.3219,24,0,0.6967,,5,0,2,0,1.0,0
0.3145,74,4,0.8041,,9,0,0,0,2.0,0
0.1094,23,0,0.824,2388.0,8,0,0,0,1.0,0
1.5691,58,0,0.5708,9224.0,15,0,0,0,,0
0.484,53,0,0.1286,1773.0,7,0,1,0,2.0,0
0.3096,48,0,0.1667,2449.0,5,0,3,0,0.0,0
0.2522,52,0,0.1295,5957.0,7,0,2,0,0.0,0
0.9023,43,0,1.4904,6960.0,10,0,0,0,1.0,0
0.5378,61,0,0.7377,,7,0,2,0,0.0,1
0.327,34,0,0.7637,1708.0,10,0,1,0,1.0,0
0.4022,57,0,0.0427,,12,0,1,0,0.0,0
0.0768,43,0,0.3589,4609.0,9,0,1,0,2.0,0
0.5783,46,0,0.2166,6134.0,8,0,0,0,0.0,0
0.361,46,0,0.2138,10018.0,11,0,1,0,,0
1.9418,50,0,0.7296,2653.0,6,0,1,0,1.0,0
0.2578,59,0,0.5542,,9,0,0,0,0.0,0
0.1681,51,0,1.2108,9295.0,3,0,0,0,0.0,0
0.435,65,0,0.1302,3738.0,10,0,1,0,1.0,0
4.7647,67,0,0.4322,8145.0,7,0,0,0,0.0,0
0.2995,56,0,0.1009,10843.0,8,0,1,0,0.0,0
0.4942,62,0,0.9518,10503.0,8,0,3,0,1.0,0
0.2872,80,0,0.3576,7082.0,6,0,0,0,1.0,0
0.4862,32,0,0.8097,,11,0,1,0,0.0,0
0.1468,67,0,0.4806,23380.0,13,0,2,0,1.0,0
0.1232,74,0,0.6204,3353.0,9,0,2,0,0.0,0
0.6406,58,0,0.9273,15101.0,11,0,2,0,1.0,0
0.2037,79,0,0.83,7194.0,7,0,1,0,1.0,0
0.2807,77,0,0.3098,10184.0,6,0,0,0,1.0,0
0.1402,47,0,0.3543,4541.0,6,0,1,0,0.0,0
1.0624,48,0,0.7277,3940.0,4,0,2,0,1.0,0
0.6368,59,0,0.8459,5500.0,7,0,1,0,0.0,0
0.8261,43,0,0.8596,13653.0,8,0,0,0,0.0,0
0.4588,90,0,0.3109,6209.0,10,0,1,0,1.0,0
0.0191,63,0,0.5727,,8,0,1,0,,0
0.0928,53,0,0.3904,,14,0,0,0,0.0,0
1.8704,32,0,0.1561,4876.0,9,0,0,0,1.0,0
0.5396,56,0,0.5934,,7,0,4,0,0.0,1
0.5876,35,0,0.6748,,9,0,1,0,0.0,1
0.8352,63,0,0.4295,9739.0,8,0,0,0,1.0,0
1.2387,21,0,0.2706,,4,0,0,0,0.0,0
0.3228,71,0,0.3508,6236.0,11,0,1,0,0.0,0
5.4448,46,2,0.7167,3149.0,7,0,1,0,0.0,0
1.056,28,0,0.4011,,8,0,0,0,0.0,0
0.2346,52,0,0.2211,3348.0,6,0,1,0,1.0,0
0.249,52,0,0.7249,3247.0,7,0,1,0,0.0,0
0.0871,51,0,0.3196,,3,0,0,0,1.0,0
0.1493,71,0,0.5975,,4,0,0,0,0.0,0
0.4386,57,0,0.3596,3726.0,13,0,0,0,2.0,0
0.3195,63,0,0.468,7364.0,7,0,0,0,4.0,0
0.0448,49,0,0.6324,15147.0,7,0,1,0,1.0,0
2.7973,58,0,0.6811,3731.0,9,0,0,0,1.0,0
0.4151,34,0,1.4215,4695.0,7,0,1,0,0.0,0
0.9286,56,0,0.5488,9592.0,5,0,0,0,0.0,0
0.7405,41,0,0.2317,3567.0,13,0,1,0,0.0,1
0.1985,70,0,0.7314,15788.0,12,0,0,0,4.0,0
0.4082,53,0,0.1773,1982.0,12,0,4,0,0.0,0
0.2082,61,0,0.0741,12241.0,8,0,2,0,1.0,0
0.1483,56,0,0.4527,11386.0,4,0,2,0,0.0,0
0.3884,77,0,0.1167,,13,0,1,0,2.0,0
0.2844,30,0,0.6535,,8,0,2,0,1.0,0
8.0465,50,0,0.593,6748.0,5,0,2,0,1.0,0
0.3093,39,0,1.0024,2017.0,4,0,3,0,0.0,0
0.2472,23,0,0.4449,7926.0,8,0,1,0,2.0,0
0.3044,38,0,0.2055,,9,0,2,0,0.0,0
0.0804,68,0,0.1185,5401.0,8,0,0,0,2.0,0
0.6006,52,0,0.4676,9620.0,6,0,0,0,0.0,0
0.495,49,0,0.1296,3745.0,10,0,0,0,1.0,0
0.496,63,0,0.1709,9646.0,8,0,0,0,0.0,0
1.3647,54,0,0.0935,2348.0,6,0,0,0,0.0,0
2.3072,61,2,0.2675,,6,0,0,0,0.0,0
1.0807,57,0,0.7045,5048.0,13,0,2,0,0.0,0
0.502,60,0,0.7312,4574.0,4,0,0,0,0.0,0
0.776,46,0,0.0752,6615.0,8,0,0,0,0.0,0
0.1185,67,0,0.1816,7816.0,13,0,0,0,0.0,0
0.9681,35,0,0.1373,6152.0,10,0,0,0,1.0,0
0.8492,51,0,0.156,14416.0,6,0,0,0,0.0,0
0.3106,67,0,0.1109,3072.0,7,0,1,0,1.0,0
0.5218,50,0,0.4968,,8,0,0,0,0.0,1
0.1112,46,0,0.6216,6972.0,8,0,1,0,0.0,0
0.4069,84,0,0.7889,,10,0,3,0,0.0,0
0.0989,72,0,0.5081,4207.0,9,0,0,0,0.0,0
1.0794,54,0,0.7848,8291.0,6,0,1,0,1.0,0
0.2332,38,0,0.397,,8,0,3,0,3.0,0
0.7353,24,0,0.5791,4723.0,11,0,0,0,0.0,0
0.1846,62,0,0.1137,7208.0,7,0,1,0,1.0,0
1.048,70,0,0.909,4726.0,8,0,0,0,1.0,0
1.3501,58,1,0.0638,,9,0,1,0,0.0,0
0.4544,28,0,0.5281,2808.0,12,0,0,0,2.0,0
0.2887,54,0,0.3348,9937.0,7,0,1,0,1.0,0
0.1728,45,0,0.2124,4073.0,7,0,1,0,0.0,0
0.8137,54,0,0.1708,11183.0,7,0,0,0,3.0,0
0.3793,79,0,0.3594,2898.0,8,0,1,0,,0
0.0777,63,0,0.7042,,7,0,3,0,0.0,0
0.1978,60,0,0.7438,6871.0,7,0,1,0,0.0,0
0.3474,51,0,0.3846,2407.0,6,0,0,0,1.0,0
0.4886,58,0,0.5152,5289.0,7,0,1,0,,0
0.3781,42,0,0.4435,18444.0,4,0,0,0,2.0,0
0.4536,60,0,0.2223,23873.0,7,0,0,0,1.0,0
0.1781,49,0,0.2125,,7,0,0,0,3.0,0
0.3424,40,0,0.672,6345.0,8,0,0,0,2.0,0
0.8029,63,0,0.8454,,14,0,0,0,1.0,0
0.3423,21,0,0.5893,4807.0,11,0,2,0,0.0,0
0.1924,44,0,0.4111,6261.0,9,0,0,0,0.0,0
0.2141,61,0,0.2824,,6,0,2,0,3.0,0
0.0897,69,0,0.2092,8030.0,11,0,1,0,2.0,1
0.1283,59,0,0.2812,12042.0,10,0,0,0,1.0,0
0.125,43,0,0.9143,2531.0,8,0,1,0,0.0,0
0.3487,51,0,0.2028,4835.0,4,0,0,0,0.0,0
0.5547,56,0,0.6558,2439.0,10,0,1,0,1.0,0
0.0618,74,0,1.0867,3627.0,7,0,1,0,2.0,0
0.6122,65,0,0.1796,2495.0,9,0,0,0,2.0,0
0.4063,65,0,0.7339,,10,0,0,0,0.0,0
0.5421,53,0,0.3121,10156.0,6,0,0,0,0.0,0
2.2291,37,0,0.7347,6198.0,12,0,0,0,2.0,0
0.2606,32,0,0.992,3552.0,12,0,0,0,0.0,0
0.2505,48,0,0.2359,,14,0,0,0,0.0,0
0.1673,62,0,0.7484,11500.0,9,0,2,0,1.0,0
0.1365,45,0,0.3759,3596.0,6,0,1,0,2.0,0
0.753,60,0,0.1227,,15,0,1,0,1.0,0
0.0419,41,0,0.4099,,9,0,0,0,0.0,0
0.145,43,0,0.1932,6722.0,6,0,1,0,1.0,0
0.1174,72,0,0.6877,5167.0,9,0,1,0,0.0,0
0.4061,63,0,0.76,4265.0,9,0,4,0,2.0,0
0.4718,48,0,0.2343,8002.0,4,0,2,0,1.0,0
0.0598,40,0,0.7536,2671.0,7,0,3,0,0.0,0
0.1481,65,0,0.3975,,9,0,2,0,0.0,0
0.1672,64,0,0.2492,17162.0,14,0,2,0,0.0,0
0.7634,61,0,0.281,8718.0,13,0,0,0,0.0,0
0.5387,50,1,0.6129,4684.0,11,0,1,0,0.0,0
5.8272,37,0,0.3374,11910.0,8,0,2,0,0.0,0
0.9778,52,3,0.338,6644.0,6,3,1,0,0.0,0
0.5888,72,0,0.0226,,7,0,0,0,2.0,0
0.2675,39,0,0.8923,,4,0,0,0,0.0,0
0.4224,53,0,0.1723,9288.0,9,0,1,0,0.0,0
0.4058,75,0,0.2708,12474.0,3,0,0,0,1.0,0
0.8957,48,0,0.4098,3295.0,6,0,0,0,0.0,0
0.1894,50,0,0.4291,3677.0,9,0,0,0,1.0,0
2.7829,33,0,0.3285,5307.0,13,0,2,0,0.0,0
0.1756,61,0,0.4339,5582.0,11,0,2,0,0.0,0
0.4205,42,0,0.5139,3649.0,9,0,0,0,0.0,0
0.402,30,0,0.5036,,10,0,0,0,1.0,0
0.4053,39,0,0.4611,,9,0,0,0,0.0,0
0.6996,55,0,0.3105,4824.0,4,0,1,0,1.0,0
0.7559,30,0,1.1739,,6,0,3,0,1.0,1
2.5747,33,0,0.4563,2398.0,6,0,0,0,1.0,0
0.2717,60,2,0.3681,1363.0,6,0,1,0,0.0,0
0.3073,51,0,0.2118,,8,0,1,0,0.0,0
0.6045,39,0,0.7549,7461.0,14,0,3,0,0.0,0
0.0652,48,0,1.0285,4700.0,7,0,2,0,0.0,0
3.2678,76,1,1.1707,4168.0,7,0,1,2,0.0,0
0.5318,70,0,0.3693,7696.0,4,0,1,0,0.0,0
0.5782,50,0,0.64,3809.0,15,0,1,0,0.0,1
1.0528,63,0,0.3987,5005.0,10,0,2,0,0.0,0
0.5162,54,0,0.2373,6266.0,7,0,2,0,2.0,0
0.0552,27,0,0.2864,1728.0,12,0,2,0,1.0,0
0.188,25,0,0.4449,1777.0,6,0,2,0,1.0,0
0.0902,39,0,0.5217,2131.0,9,0,1,0,0.0,0
0.2982,30,0,0.601,6887.0,2,0,1,0,2.0,0
0.4493,56,0,0.2129,3393.0,7,0,4,0,1.0,0
0.4228,44,0,1.0122,5725.0,10,0,0,0,0.0,0
0.6872,58,0,0.4841,5409.0,9,2,0,0,3.0,0
0.0785,58,0,0.7917,6521.0,9,0,4,0,1.0,0
0.4704,62,0,0.6237,5018.0,5,0,3,0,0.0,0
1.0375,39,0,0.7056,,12,0,0,0,0.0,0
0.2655,59,0,0.7123,7673.0,8,0,1,0,3.0,0
0.3239,39,0,0.3643,3175.0,13,0,0,0,0.0,0
0.3878,62,0,0.4526,1405.0,7,0,0,0,0.0,0
0.3072,69,0,0.2089,2266.0,7,0,3,0,0.0,0
0.6271,62,0,0.4732,,12,0,4,0,2.0,1
0.1427,50,0,0.5703,,6,0,1,0,1.0,0
0.359,60,0,0.4174,2321.0,8,0,0,0,0.0,0
0.1772,31,0,0.6453,18279.0,8,0,1,0,1.0,0
0.2226,27,0,0.6913,,4,0,1,0,1.0,0
5.1369,59,0,0.6516,,5,0,1,0,,0
0.7495,70,0,0.6433,7481.0,5,0,2,0,1.0,0
0.8987,35,0,0.2631,1990.0,8,0,1,0,0.0,0
0.4932,52,0,1.0868,,8,0,2,0,2.0,0
0.2565,58,0,0.2264,3577.0,8,0,1,0,2.0,0
4.6172,43,0,0.3514,,9,0,1,0,,0
2.9184,47,0,0.3209,15841.0,7,0,1,0,0.0,0
0.3969,61,0,0.2927,6969.0,8,0,2,0,0.0,1
1.062,54,0,0.34,5127.0,11,0,0,0,3.0,0
0.4668,54,0,0.7395,,7,0,4,0,0.0,1
0.0211,38,0,0.5343,5694.0,6,0,0,0,1.0,0
0.0503,52,0,0.8315,7381.0,11,0,2,0,0.0,0
0.4741,46,0,0.9519,7277.0,12,0,1,0,2.0,0
0.2112,47,1,0.5363,,11,0,2,0,0.0,0
2.6823,44,0,0.3667,8916.0,7,0,0,0,2.0,0
0.4613,52,0,0.3068,2844.0,5,0,2,0,1.0,0
0.3989,40,0,0.3654,,9,0,0,0,0.0,0
0.404,52,0,0.1074,,7,0,0,0,1.0,0
0.4853,47,0,0.4489,3506.0,8,0,0,0,0.0,0
2.2165,39,0,0.3014,,8,0,0,0,1.0,0
0.0977,25,0,0.2008,7872.0,5,0,0,0,2.0,0
0.0707,65,0,0.5618,7772.0,12,0,2,0,0.0,0
3.1228,62,0,0.0975,5664.0,7,0,0,0,0.0,1
0.0446,41,0,0.7987,5426.0,12,0,3,0,1.0,0
0.2177,62,0,0.4599,2571.0,5,0,1,0,1.0,0
0.1746,38,0,0.2222,2093.0,8,0,1,0,0.0,0
5.6681,48,0,0.4812,4801.0,12,0,1,0,2.0,1
0.4503,45,0,0.4498,4658.0,8,0,1,0,1.0,0
0.348,48,1,0.1203,8663.0,8,0,1,0,0.0,0
0.6134,61,0,0.3346,12509.0,9,0,0,0,0.0,0
0.2757,46,0,0.0872,2897.0,8,0,0,0,0.0,0
0.2574,47,0,0.2969,3748.0,5,0,2,0,0.0,0
0.6833,62,0,0.2467,3306.0,8,0,1,0,0.0,0
0.6313,53,0,0.2376,2358.0,8,0,0,0,3.0,0
0.069,44,0,0.2515,6647.0,7,0,0,0,1.0,0
2.7896,55,0,0.5974,7878.0,5,0,0,0,2.0,0
0.5003,66,0,0.1732,5731.0,6,0,2,0,1.0,0
0.3773,67,0,0.3621,,4,0,2,0,1.0,0
0.2272,33,0,0.406,4476.0,12,0,0,0,0.0,0
0.002,34,0,0.7555,,6,0,0,0,0.0,0
0.0981,66,0,0.3564,6784.0,8,0,1,0,0.0,0
0.8777,48,0,0.0251,2339.0,7,0,1,0,2.0,0
3.1438,21,0,0.9801,3576.0,8,0,1,0,0.0,0
0.0283,42,0,1.0652,3436.0,8,0,2,0,3.0,0
0.5027,46,0,0.4071,1848.0,9,0,1,0,1.0,0
0.0795,48,0,0.781,4741.0,9,0,0,0,1.0,0
1.0696,63,0,0.2326,2006.0,9,0,2,0,1.0,0
0.2198,39,0,0.4408,,6,0,0,0,1.0,0
0.3805,65,0,0.3273,3464.0,12,0,1,0,1.0,0
0.6688,56,0,0.8816,2290.0,8,0,0,0,1.0,0
3.7916,34,0,0.9707,4761.0,8,0,2,0,0.0,0
2.1601,48,1,0.5532,,7,0,1,1,1.0,0
0.1456,59,0,0.1192,,10,0,0,0,1.0,0
0.9099,53,0,0.4538,4627.0,7,0,3,0,0.0,1
0.1893,57,0,0.4374,4627.0,7,0,1,0,1.0,0
0.323,44,0,0.2638,13612.0,8,0,1,0,0.0,0
0.7765,60,0,0.7417,10237.0,5,0,3,0,4.0,0
0.2384,46,0,0.6438,3709.0,18,0,0,0,1.0,0
0.5123,88,0,0.4725,,10,0,0,0,1.0,1
3.2513,34,0,0.0637,8105.0,13,0,1,0,0.0,0
0.7678,90,0,0.1538,7288.0,8,0,1,0,0.0,0
0.8254,39,0,0.1484,,8,0,0,0,0.0,0
0.6461,70,0,0.6667,5729.0,11,0,2,0,1.0,0
0.5074,64,0,0.6173,5722.0,7,0,0,0,0.0,0
0.4206,39,0,0.1766,10914.0,6,0,1,0,1.0,0
0.4439,60,1,0.2298,8693.0,8,0,3,1,1.0,0
0.0246,45,0,0.6348,10026.0,8,0,0,0,1.0,0
0.095,56,0,0.3089,16187.0,7,0,0,0,1.0,0
0.0751,54,0,0.4601,,9,0,0,0,1.0,0
0.4064,47,0,0.5507,,8,0,0,0,0.0,0
0.5276,46,0,0.2192,,11,0,2,0,0.0,0
0.2377,57,0,0.4613,19962.0,9,0,1,0,1.0,0
0.533,39,0,0.7583,4206.0,5,0,0,0,1.0,1
1.0239,40,0,0.0998,2640.0,2,0,4,0,1.0,0
0.2808,65,0,0.2285,5109.0,8,0,0,0,3.0,0
0.4026,58,0,0.1293,,7,0,1,0,1.0,0
0.7039,34,0,0.5029,5364.0,8,0,1,0,2.0,0
0.5827,38,0,0.7546,4583.0,11,0,0,0,3.0,0
0.0482,22,0,0.2002,2363.0,6,0,0,0,0.0,0
0.3874,65,0,0.306,2786.0,3,0,1,0,0.0,0
1.0399,62,0,0.1203,,4,0,0,0,0.0,0
0.2206,37,0,0.2791,4900.0,8,0,1,0,0.0,0
1.015,61,0,0.3926,3325.0,8,0,1,0,1.0,0
0.4102,80,0,0.3085,14863.0,5,0,1,0,0.0,0
0.0384,30,0,0.0791,8979.0,7,0,0,0,2.0,0
5.3261,43,0,0.2519,4555.0,3,0,1,0,0.0,0
0.0846,30,0,0.5755,3327.0,10,0,0,0,0.0,0
1.2904,65,0,0.2238,2432.0,11,0,1,0,1.0,0
0.3242,51,0,0.3544,12162.0,13,0,1,0,0.0,0
0.6437,46,0,0.5421,5460.0,8,0,1,0,0.0,0
0.0388,55,0,0.6297,2550.0,8,0,1,0,1.0,0
0.3706,44,0,0.7112,8822.0,8,0,0,0,0.0,0
0.2511,46,0,0.1552,15232.0,7,0,1,0,0.0,0
0.4804,56,0,0.9938,1783.0,7,0,0,0,0.0,1
0.3403,43,0,0.491,,8,0,1,0,1.0,0
0.116,45,0,0.0904,3789.0,7,0,1,0,1.0,0
0.4375,50,0,0.6899,9817.0,5,0,2,0,0.0,0
0.317,53,0,0.03,,9,0,0,0,0.0,0
0.1534,60,0,0.7048,6667.0,16,0,1,0,2.0,0
0.5378,60,0,0.4512,4786.0,4,0,2,0,1.0,0
2.6393,31,0,0.5544,2486.0,6,0,1,0,1.0,0
0.3901,72,0,0.5293,5687.0,4,0,0,0,2.0,0
4.0513,53,3,0.1194,7317.0,8,2,2,0,0.0,0
0.2337,47,0,0.2664,3809.0,12,0,1,0,0.0,0
0.1884,39,0,0.9745,4316.0,7,0,4,0,1.0,0
0.0161,80,0,0.7447,2161.0,11,0,1,0,2.0,0
0.0522,85,0,0.4423,2976.0,11,0,1,0,1.0,0
0.0006,78,0,0.3653,8524.0,9,0,2,0,2.0,0
0.4842,54,0,0.6989,,12,0,1,0,1.0,0
6.9183,57,2,0.345,,4,0,1,2,1.0,0
0.1198,73,0,0.4735,2508.0,8,0,2,0,2.0,0
0.6445,49,0,0.3357,8528.0,8,0,0,0,0.0,0
0.3957,60,0,0.5767,3622.0,10,0,0,0,1.0,0
1.8174,55,0,0.6199,12476.0,10,0,1,0,0.0,0
0.3633,79,0,0.3079,7212.0,9,0,0,0,2.0,1
0.3461,72,0,1.0959,2283.0,8,0,1,0,0.0,0
0.1111,50,0,0.3474,4709.0,9,0,1,0,0.0,0
0.0833,73,2,1.001,8383.0,8,0,3,0,1.0,1
0.0237,52,0,0.7416,9789.0,9,0,1,0,1.0,0
1.1876,44,0,0.2904,11223.0,9,0,2,0,1.0,0
1.1873,48,0,0.458,11499.0,5,0,1,0,0.0,0
0.2776,54,0,0.4197,,4,0,1,0,0.0,0
0.1482,41,0,0.6183,9626.0,9,0,0,0,0.0,0
0.289,45,0,0.9385,4673.0,6,0,0,0,0.0,0
0.0192,32,0,0.3487,2324.0,11,0,1,0,1.0,0
7.3489,40,0,0.7624,,13,0,1,0,2.0,0
0.1662,55,0,0.1394,,6,0,0,0,1.0,0
0.5588,67,0,0.2234,7465.0,4,0,1,0,0.0,0
0.471,65,0,0.4303,12243.0,13,0,0,0,2.0,0
1.1139,58,0,0.7249,8961.0,7,0,0,0,1.0,0
0.1602,31,0,0.4489,3846.0,5,0,2,0,0.0,0
0.0222,40,0,0.5767,4657.0,12,0,1,0,1.0,0
0.1747,49,0,0.0161,2621.0,7,0,0,0,0.0,0
0.5549,65,0,0.8144,3979.0,6,0,1,0,1.0,0
1.4921,44,0,0.0507,5661.0,11,0,1,0,1.0,0
0.7301,35,0,1.0057,10674.0,6,0,0,0,0.0,0
0.4539,72,0,0.3854,6171.0,6,0,1,0,0.0,0
0.1581,42,0,0.2741,7003.0,6,0,0,0,0.0,0
0.0791,36,0,0.1824,,12,0,0,0,1.0,0
0.3705,55,0,0.0367,4330.0,9,0,1,0,2.0,0
0.8065,51,0,0.6006,5530.0,11,0,3,0,0.0,0
1.3539,45,0,0.0956,4282.0,6,0,0,0,1.0,0
3.0072,52,0,0.1076,3054.0,9,0,0,0,1.0,0
15.8673,39,0,0.7793,3079.0,9,0,2,0,2.0,0
0.5512,45,0,0.7006,,11,0,0,0,1.0,0
0.3561,51,0,0.4512,5902.0,11,0,0,0,0.0,0
0.7823,23,0,0.4013,7296.0,7,0,1,0,1.0,0
0.2824,65,0,0.9616,,7,0,0,0,1.0,0
0.5535,33,0,0.8829,3541.0,8,0,0,0,1.0,0
1.1027,39,0,0.2022,3446.0,9,0,0,0,1.0,0
0.4429,66,0,0.1178,8097.0,14,0,3,0,1.0,0
3.984,60,0,0.4173,5671.0,9,0,1,0,0.0,0
10.9504,53,0,0.1969,8438.0,6,0,1,0,1.0,0
0.1701,28,0,0.6097,5708.0,10,0,1,0,0.0,0
0.2583,44,0,0.2615,2009.0,7,0,1,0,0.0,0
0.4002,49,0,0.9354,,10,0,1,0,2.0,0
0.4095,50,0,1.0412,10499.0,10,0,1,0,0.0,0
1.1032,68,0,0.658,3587.0,11,0,1,0,0.0,0
0.7839,80,0,0.286,3233.0,10,0,1,0,0.0,0
0.9849,61,1,0.4558,6118.0,7,0,0,0,2.0,0
2.774,45,0,0.2004,2938.0,7,0,1,0,0.0,0
0.3252,69,0,0.1656,,10,0,0,0,0.0,0
0.8451,44,0,0.7348,2669.0,7,0,2,0,1.0,0
0.3924,21,0,0.5392,,6,0,0,0,2.0,0
0.2131,35,0,0.1181,3404.0,8,0,2,0,2.0,0
1.0819,21,0,0.047,,7,0,0,0,2.0,0
0.5705,47,0,0.2288,,11,0,2,0,1.0,1
0.6028,50,0,0.337,3735.0,17,0,0,0,0.0,0
0.7498,30,0,0.7691,5058.0,8,0,1,0,0.0,0
2.706,40,0,0.1854,,11,0,1,0,2.0,0
1.1586,32,0,0.8159,6738.0,11,0,0,0,0.0,0
0.3114,50,0,0.3048,8119.0,10,0,2,0,0.0,0
0.3232,40,0,0.5432,2966.0,7,0,0,0,2.0,0
0.3973,66,0,0.0838,4356.0,6,0,0,0,0.0,0
3.4218,54,0,0.4505,3479.0,7,0,0,0,0.0,0
0.3683,74,0,0.3533,,9,0,2,0,4.0,0
0.2446,46,0,0.5352,2927.0,5,0,1,0,1.0,0
0.5968,82,0,0.5732,9543.0,7,0,0,0,2.0,0
0.6514,52,0,0.0296,7292.0,9,0,0,0,2.0,0
1.3984,45,0,0.1513,9934.0,8,0,1,0,2.0,0
6.9141,86,0,0.4071,11496.0,8,0,1,0,0.0,0
0.0622,26,0,0.9557,6010.0,12,0,3,0,0.0,0
0.4217,44,0,0.2414,4969.0,5,0,0,0,2.0,0
0.1496,29,0,0.5367,,9,0,1,0,0.0,0
0.179,26,0,0.7279,11377.0,7,0,0,0,0.0,0
0.2592,23,0,0.3771,6852.0,13,0,0,0,0.0,0
0.358,61,0,0.9043,10426.0,8,0,1,0,0.0,0
0.2811,33,0,0.1387,,9,0,0,0,0.0,0
0.6351,48,0,0.2424,,14,0,4,0,1.0,0
7.3898,64,0,0.2365,5996.0,6,0,0,0,0.0,1
0.1078,58,0,0.5729,3313.0,6,0,1,0,0.0,0
0.2111,58,0,0.7117,14944.0,7,0,1,0,0.0,0
0.1346,69,0,0.3621,3779.0,13,0,0,0,2.0,0
2.8189,75,0,0.1946,26886.0,7,1,0,2,0.0,0
0.1995,34,0,0.5709,6736.0,5,0,0,0,0.0,0
0.5256,59,0,1.0321,3210.0,10,0,3,0,0.0,0
0.1241,48,0,0.6804,,7,0,1,0,0.0,0
0.2316,50,0,0.5388,,10,0,2,0,1.0,0
1.3409,31,0,0.3839,4313.0,7,0,0,0,1.0,0
0.8174,45,0,0.5256,17469.0,12,0,1,0,0.0,0
0.1961,46,0,0.5063,,2,0,3,0,0.0,0
0.3378,72,0,0.4018,7482.0,4,0,0,0,1.0,0
0.3947,36,0,0.5352,15731.0,9,0,0,0,1.0,0
0.7103,21,0,0.1753,4917.0,7,0,0,0,1.0,0
0.3252,52,0,0.9323,,4,0,0,0,0.0,0
0.4452,34,0,0.6839,2573.0,6,0,3,0,2.0,0
0.1321,50,0,0.1575,10113.0,9,0,1,0,0.0,0
0.5334,61,0,0.059,2522.0,13,0,0,0,0.0,0
0.2438,51,0,0.5941,4962.0,10,0,3,0,0.0,0
0.5499,46,0,0.3534,5305.0,9,0,0,0,2.0,1
0.9501,50,0,0.2074,3951.0,11,0,1,0,0.0,0
0.0441,64,0,0.2377,,7,0,0,0,0.0,0
0.3456,36,0,0.4384,2539.0,7,0,0,0,0.0,0
0.2327,62,0,0.1119,13461.0,2,0,3,0,0.0,0
0.1088,38,0,1.3346,4506.0,8,0,0,0,0.0,0
0.4154,60,0,1.1182,,6,0,1,0,0.0,0
0.726,30,0,0.4436,3989.0,6,0,1,0,0.0,0
0.0684,60,0,0.378,4294.0,10,0,0,0,0.0,0
0.7574,51,0,0.5587,5749.0,12,0,0,0,1.0,0
0.2812,53,0,0.8289,8829.0,6,0,1,0,3.0,0
0.3872,65,0,0.4319,7768.0,8,0,3,0,1.0,0
0.2947,41,0,0.4911,2824.0,8,0,2,0,1.0,0
0.4693,52,0,0.3294,5444.0,2,0,1,0,1.0,0
0.498,56,0,0.6214,18555.0,11,0,2,0,1.0,0
3.5864,48,0,0.1792,8879.0,8,0,1,0,0.0,0
2.4242,62,0,0.5418,13513.0,8,0,1,0,0.0,0
0.1771,57,0,0.4923,5944.0,6,0,1,0,0.0,0
0.3579,44,0,0.7912,,9,0,1,0,1.0,0
0.528,70,0,0.6282,1763.0,8,0,2,1,0.0,1
2.4082,60,0,0.3741,7111.0,8,0,2,0,1.0,0
0.4657,40,0,0.2698,,4,0,1,0,1.0,0
1.7352,40,0,0.0834,,8,0,0,0,1.0,0
0.4415,49,0,0.0662,5643.0,12,0,0,0,2.0,0
0.0462,58,0,0.6118,,6,0,1,0,0.0,0
0.8279,21,0,0.3969,4929.0,10,0,1,0,1.0,0
0.3921,41,0,0.6932,,5,0,2,0,0.0,0
0.4158,44,0,0.5737,6948.0,10,0,1,0,0.0,0
0.5804,32,0,0.7723,2417.0,6,0,1,0,0.0,0
0.6193,38,0,0.8327,,9,0,1,0,1.0,0
0.3429,54,0,0.2265,7934.0,7,0,1,0,0.0,0
3.2838,45,0,0.3142,5251.0,10,0,1,0,0.0,0
0.0092,46,0,0.7402,,4,0,1,0,1.0,0
0.9111,33,0,0.0318,2340.0,14,0,3,0,0.0,0
0.3187,49,0,0.9061,3870.0,8,0,1,0,2.0,0
0.6884,31,0,0.5738,4060.0,5,0,2,0,0.0,1
0.9819,72,0,0.7635,5159.0,10,0,0,0,2.0,1
0.4615,76,0,0.4151,9925.0,6,0,1,0,3.0,0
1.0562,45,0,0.7513,2795.0,6,0,0,1,1.0,0
0.5014,36,0,0.7367,9691.0,8,0,3,0,0.0,0
0.2871,64,0,0.5748,9549.0,10,0,1,0,3.0,0
0.3591,60,0,0.3842,17277.0,9,0,0,0,1.0,0
0.1111,78,0,1.1062,5909.0,6,0,0,0,1.0,0
0.7306,82,0,0.8564,6476.0,8,0,0,0,0.0,0
0.4279,24,0,0.1968,4193.0,10,0,0,0,0.0,0
0.0218,68,0,0.121,6578.0,7,0,2,0,0.0,0
4.5465,49,0,0.1442,9170.0,7,0,1,0,0.0,0
0.4044,60,0,0.6186,5710.0,8,0,0,0,1.0,0
0.8923,63,0,0.388,5375.0,9,0,1,0,1.0,0
0.2379,62,0,0.2948,4769.0,7,0,2,0,,0
0.1725,66,0,0.7998,12684.0,8,0,3,0,0.0,0
0.3028,44,0,0.22,2767.0,11,0,2,0,1.0,0
0.3762,39,0,0.1233,4128.0,6,0,1,0,0.0,0
0.6027,69,0,0.6596,5865.0,6,0,0,0,1.0,0
0.1745,40,0,0.1816,9346.0,6,0,0,0,4.0,0
0.5613,78,0,0.3842,4033.0,8,0,0,0,1.0,0
0.1686,41,0,0.1325,24099.0,6,0,1,0,0.0,0
0.4082,47,0,0.7622,13076.0,8,0,0,0,0.0,0
0.7556,49,3,0.2378,,6,0,1,0,0.0,0
3.8396,30,0,0.5375,3173.0,8,0,1,0,2.0,0
0.5931,30,0,0.4824,,5,0,0,0,1.0,1
0.7104,65,0,0.2222,9926.0,6,0,0,0,0.0,0
0.2355,28,0,0.4492,5120.0,7,0,0,0,1.0,0
0.0636,87,0,0.1874,7272.0,8,0,2,0,1.0,0
0.029,51,0,0.4259,,10,0,0,0,0.0,0
0.0813,38,0,0.5072,4406.0,4,0,2,0,0.0,0
0.1384,58,0,0.9682,2214.0,6,0,1,0,1.0,0
0.56,21,0,1.1342,9381.0,10,0,1,0,2.0,0
0.6838,47,0,0.4562,3779.0,4,0,0,0,0.0,1
0.4927,49,0,0.5561,4264.0,1,0,1,0,1.0,0
5.0306,34,0,0.4358,2686.0,11,0,0,0,0.0,0
0.044,43,0,0.0615,1870.0,10,0,3,0,2.0,0
2.501,73,0,0.0989,6916.0,7,0,1,0,2.0,0
0.396,55,1,0.6941,9141.0,7,0,1,0,1.0,0
0.4601,58,0,1.1153,3755.0,10,0,1,0,1.0,0
0.4057,41,0,0.5406,5399.0,3,0,1,0,1.0,0
0.0747,33,0,0.3771,13596.0,10,1,2,0,1.0,0
0.1148,49,0,0.4546,10519.0,7,0,0,0,0.0,0
0.1339,21,0,0.3943,5940.0,7,0,1,0,1.0,0
0.0382,37,0,0.2802,2707.0,10,0,0,0,0.0,0
0.352,34,0,0.7495,1863.0,9,0,4,0,0.0,0
0.6522,23,0,0.3516,4247.0,11,0,1,0,0.0,0
0.3646,61,0,0.1488,5485.0,9,0,2,0,0.0,0
0.4824,50,0,0.2502,2728.0,8,0,0,0,0.0,0
0.5928,43,0,0.8383,3569.0,8,0,1,0,2.0,0
0.3998,61,0,1.0798,9319.0,9,0,0,0,0.0,0
0.6169,29,0,0.7538,,2,0,0,0,1.0,1
0.5549,33,0,0.4562,8916.0,9,0,3,0,0.0,0
0.4469,68,0,0.3818,,9,0,2,0,1.0,0
1.7534,84,0,0.7364,3612.0,6,0,0,0,0.0,0
0.168,62,0,0.4956,6944.0,8,0,0,0,1.0,0
0.5221,59,0,0.6391,1875.0,6,0,0,0,1.0,0
0.2022,44,0,1.6437,7705.0,11,0,1,0,,0
0.2505,44,0,1.4405,8408.0,6,0,1,0,1.0,0
0.2738,55,0,0.1818,,9,0,0,0,0.0,0
0.6305,71,0,0.2949,,7,0,1,0,1.0,0
0.482,58,0,0.1366,3855.0,11,0,2,0,,0
3.4094,65,0,0.4779,6689.0,5,0,0,0,0.0,0
0.4541,39,0,0.9187,,7,0,0,0,0.0,0
0.0748,61,0,0.1504,9113.0,3,0,0,0,0.0,0
0.0585,43,0,0.5535,4971.0,6,0,1,0,0.0,0
1.2669,54,0,0.466,6565.0,8,0,3,0,2.0,0
0.1013,61,0,0.6051,3321.0,4,0,0,0,0.0,0
3.1783,45,0,0.08,2053.0,11,0,0,0,2.0,0
0.0683,38,0,0.3396,3420.0,9,0,3,0,2.0,0
0.0273,57,0,0.2925,7119.0,9,0,0,0,1.0,0
1.0049,50,0,0.6176,13150.0,13,0,2,0,0.0,0
0.6873,54,0,0.0801,,18,0,0,0,0.0,0
0.9961,61,0,0.437,6354.0,6,0,1,0,1.0,0
0.249,70,0,0.4911,2598.0,9,0,2,0,1.0,0
0.1183,61,0,0.43,5833.0,8,0,2,0,1.0,0
0.0583,59,0,0.3004,3632.0,12,0,6,0,2.0,0
0.044,45,0,0.868,4731.0,5,0,2,0,0.0,0
0.5663,47,0,0.5844,6794.0,12,0,1,0,0.0,0
2.4264,58,0,1.1589,5184.0,8,0,1,0,2.0,0
1.7133,47,0,0.3755,5398.0,7,0,0,0,1.0,0
0.9137,58,1,0.3285,6356.0,9,0,0,0,0.0,0
0.1377,41,0,0.116,3375.0,11,0,0,0,1.0,0
0.341,79,0,0.9179,3475.0,7,0,1,0,,0
0.0797,55,0,0.8685,3739.0,9,0,1,0,1.0,0
0.3229,54,0,0.8712,,5,0,1,0,0.0,0
0.7845,45,0,0.2491,7902.0,9,0,2,2,0.0,0
0.0244,79,0,0.7292,7518.0,12,0,0,0,1.0,0
0.0959,34,0,0.5733,6811.0,4,0,1,0,1.0,0
0.0115,42,0,0.1682,1086.0,4,0,1,0,0.0,0
0.5595,64,0,0.0386,7072.0,5,0,1,0,1.0,0
2.0019,55,0,0.2688,,7,0,2,0,0.0,0
0.7964,44,0,0.86,3454.0,6,0,0,0,2.0,0
0.4343,44,0,0.1981,5567.0,2,0,3,0,0.0,0
0.2206,48,0,0.4395,3877.0,5,0,2,0,0.0,0
2.7925,53,0,0.3722,6864.0,3,0,3,0,1.0,0
0.6611,74,0,0.1714,,10,0,1,0,0.0,0
0.4994,60,0,0.8399,1960.0,5,0,0,0,0.0,1
3.2712,66,0,0.4594,4593.0,7,0,0,0,1.0,0
0.0877,46,0,0.1987,1290.0,6,0,2,0,0.0,0
0.3633,59,0,0.1411,3133.0,6,1,0,0,0.0,0
1.0606,30,1,0.9031,2824.0,9,0,1,0,1.0,0
0.1444,55,0,0.6447,3162.0,10,0,0,0,2.0,0
0.1119,54,0,0.2479,10971.0,5,0,0,0,0.0,0
0.3092,77,0,0.0385,,9,0,3,0,1.0,0
0.2046,74,0,0.6409,17671.0,10,0,0,0,1.0,0
0.4743,48,0,0.7806,7439.0,7,0,0,0,0.0,0
0.3073,41,0,0.7627,9945.0,6,0,1,0,0.0,0
0.1111,41,0,0.959,11407.0,5,0,0,0,0.0,0
0.1244,48,0,0.1315,5277.0,4,0,0,0,1.0,0
0.1749,70,0,0.374,6971.0,9,0,0,0,0.0,0
0.2755,58,0,0.1822,4249.0,7,0,0,0,0.0,0
0.8647,59,0,0.2554,5214.0,5,0,0,0,0.0,0
0.2014,63,0,0.342,2265.0,8,0,0,0,1.0,0
0.116,38,0,0.5802,8381.0,17,0,3,0,1.0,0
2.3987,42,0,0.1064,3604.0,8,0,3,0,1.0,0
0.6081,59,0,0.6836,4501.0,11,0,0,0,0.0,0
1.7516,41,0,0.2729,6251.0,9,0,3,0,,0
0.2303,31,0,0.7793,2901.0,13,0,1,0,1.0,0
0.0626,37,0,0.8547,,9,0,2,0,0.0,0
0.4016,67,0,0.0263,4309.0,8,0,0,0,2.0,0
0.2809,47,0,0.394,10647.0,7,0,1,0,1.0,0
0.0281,55,0,0.2784,,6,0,0,0,0.0,0
0.4017,38,0,0.5171,6115.0,11,0,0,0,2.0,0
0.5029,57,0,0.157,,9,0,0,0,2.0,0
0.1468,48,0,0.4746,6218.0,8,0,1,0,0.0,0
0.1297,58,0,0.5193,8820.0,4,0,2,0,0.0,0
0.2229,45,0,0.4669,3818.0,8,0,1,0,0.0,0
0.4021,59,0,0.141,4459.0,10,0,1,0,1.0,0
0.2426,45,0,0.6432,5343.0,6,0,1,0,2.0,0
0.3647,51,1,0.5896,7376.0,7,0,2,0,2.0,0
0.014,48,0,0.5818,5375.0,4,0,1,0,1.0,0
0.4006,52,0,0.4156,4116.0,6,0,0,0,0.0,0
2.9183,56,0,0.9957,,9,0,2,0,0.0,1
0.2414,45,0,0.6672,4971.0,9,0,1,0,0.0,0
1.7284,50,0,0.3588,,6,0,1,0,2.0,0
0.551,55,0,0.7649,1935.0,13,0,0,0,0.0,1
1.3856,59,1,0.6947,4636.0,12,0,0,0,0.0,1
0.4294,51,0,0.2938,2633.0,5,0,0,0,,0
0.6583,40,0,0.293,1795.0,4,0,0,0,0.0,0
0.7113,53,0,0.6128,2700.0,12,0,0,0,1.0,0
0.2273,61,0,0.2674,6357.0,4,0,0,0,0.0,0
0.2188,33,0,0.5463,4575.0,7,0,0,0,1.0,0
0.0116,33,0,0.5473,,12,0,3,0,1.0,0
0.121,43,0,0.4142,2921.0,8,0,2,0,1.0,0
0.2311,49,0,0.173,5525.0,6,0,0,0,2.0,0
1.8136,21,0,0.7329,,7,0,0,0,0.0,0
1.4018,60,0,0.7736,3540.0,4,0,1,0,0.0,0
0.4346,49,0,0.1533,6815.0,6,0,0,0,1.0,0
0.1404,21,0,0.3108,6958.0,7,0,3,0,3.0,0
0.7065,36,0,0.3835,,6,0,0,0,1.0,0
0.9386,48,0,0.7679,,10,0,0,0,0.0,0
0.9658,27,1,0.3654,4345.0,7,2,0,2,1.0,0
0.509,66,0,0.1303,1853.0,12,0,3,0,2.0,0
0.2016,55,0,0.7337,3729.0,8,0,1,0,2.0,0
0.456,61,0,0.1433,7216.0,3,0,0,0,1.0,1
0.2379,38,0,0.588,4510.0,6,0,1,0,1.0,0
0.2336,58,0,0.3048,5295.0,6,0,0,0,1.0,0
0.1418,43,0,0.2939,9825.0,9,0,2,0,0.0,0
0.199,49,0,0.6306,3869.0,7,0,2,0,0.0,0
0.0152,57,0,0.0443,5864.0,9,0,0,0,2.0,0
0.569,51,0,1.1119,12665.0,8,0,0,0,0.0,0
3.3887,63,1,0.6663,,7,0,2,0,0.0,0
0.1842,54,0,0.5116,3551.0,13,0,0,0,1.0,0
0.9864,46,0,0.0733,,9,0,1,0,0.0,0
0.4763,64,0,0.4045,10575.0,11,0,2,0,1.0,0
0.6514,67,0,0.0722,16364.0,9,0,3,0,3.0,0
0.0979,53,0,0.6659,3455.0,9,0,2,0,3.0,0
0.0973,71,0,0.2808,8648.0,7,0,0,0,1.0,0
0.3217,49,0,0.1881,3389.0,8,0,0,0,2.0,0
0.0692,50,0,0.7302,,4,0,1,0,1.0,0
3.931,52,0,0.3993,2635.0,9,0,1,0,0.0,0
0.3429,50,0,0.1956,3592.0,7,0,1,0,1.0,0
5.1729,48,0,0.0202,3797.0,8,0,1,0,0.0,0
0.3146,42,0,0.2972,,6,0,0,0,0.0,0
1.0688,38,0,0.3643,4843.0,4,0,0,0,2.0,0
0.6523,54,0,0.584,6511.0,9,0,1,0,0.0,0
0.4854,69,0,0.4788,,3,0,0,0,0.0,1
0.2635,63,0,0.3634,3247.0,8,0,0,0,0.0,0
0.8228,57,0,0.0794,3139.0,9,0,1,0,0.0,0
0.7754,69,0,0.2355,3456.0,4,0,2,0,1.0,0
0.0492,52,0,0.0425,5774.0,8,0,2,0,1.0,0
0.9755,38,0,0.2115,,3,0,2,0,0.0,0
1.005,47,2,0.2209,16814.0,8,2,0,0,1.0,0
0.3,51,4,0.4108,4164.0,6,0,4,0,1.0,0
0.2479,45,0,0.689,3150.0,9,0,1,0,1.0,0
0.5056,61,0,1.1375,2702.0,6,0,0,0,0.0,0
0.2022,65,0,0.4968,1784.0,8,0,1,0,0.0,0
0.4899,28,0,0.6976,6220.0,4,0,0,0,0.0,0
0.3164,50,0,0.2144,,4,0,0,0,0.0,0
0.5018,21,0,0.513,4142.0,7,0,0,0,0.0,0
0.328,51,0,0.228,6088.0,10,0,1,0,1.0,0
0.2895,51,0,0.5284,2569.0,7,0,0,0,0.0,0
0.3749,77,0,0.3398,6451.0,7,0,1,0,1.0,0
0.0696,73,0,0.7525,3595.0,7,0,1,0,,0
0.0172,65,0,0.1152,8207.0,5,0,0,0,1.0,1
0.2319,39,0,1.1983,6424.0,6,0,1,0,2.0,0
0.3246,38,0,0.5384,2842.0,8,0,1,0,0.0,0
0.3876,37,0,0.7393,5059.0,5,0,2,0,0.0,0
3.7704,73,0,0.2524,20415.0,5,0,0,0,0.0,0
0.0068,39,0,1.005,6449.0,13,0,0,0,0.0,0
0.5528,47,0,0.4692,3761.0,8,0,1,0,0.0,1
4.2846,39,0,0.0249,5203.0,9,0,1,0,0.0,0
0.6533,34,0,0.2256,8261.0,5,0,1,0,1.0,0
3.3565,57,0,0.2637,6042.0,7,0,0,0,1.0,0
0.5238,54,2,0.1565,4066.0,7,1,3,0,1.0,0
0.4469,21,0,0.105,3944.0,14,0,1,0,1.0,0
0.4554,34,0,0.4077,8734.0,7,0,1,0,0.0,0
0.0107,56,0,0.3039,7645.0,10,0,1,0,0.0,0
0.4943,51,0,0.4,,11,0,1,0,1.0,0
0.244,46,0,0.2352,3582.0,6,0,2,0,0.0,0
0.3986,60,0,0.8116,9388.0,5,0,1,0,2.0,0
0.1619,32,0,0.6611,5265.0,6,0,1,0,0.0,0
0.6837,44,0,0.8382,12027.0,6,0,1,0,,0
3.6875,59,0,0.3138,5812.0,11,0,1,0,0.0,0
0.008,43,0,0.1158,17111.0,7,0,1,0,1.0,0
0.0815,56,0,0.5489,7221.0,5,0,2,0,0.0,0
0.2993,36,0,0.5313,10810.0,10,0,0,0,0.0,0
0.0488,40,0,0.4225,5162.0,7,0,0,0,2.0,0
0.5406,27,0,0.2244,,7,0,1,0,0.0,1
0.2295,23,0,0.5033,4760.0,11,0,2,0,2.0,0
0.4702,45,0,0.2665,3114.0,6,0,1,0,0.0,1
0.3105,58,0,0.9628,4322.0,3,0,2,0,0.0,0
0.7255,50,0,0.5374,4093.0,5,0,0,0,1.0,0
0.2898,68,0,0.2678,6282.0,3,0,1,0,1.0,0
0.0272,47,0,0.0436,4415.0,3,0,2,0,2.0,0
1.5013,22,1,0.1146,4305.0,9,0,1,0,3.0,0
0.5786,57,0,0.4522,4104.0,9,0,1,0,0.0,0
0.1258,37,0,0.486,9241.0,7,0,1,0,,0
0.5206,54,0,0.7681,,9,0,0,0,1.0,0
0.4666,21,0,0.6306,4772.0,6,0,0,0,1.0,0
1.4648,48,0,0.9387,2716.0,6,0,1,0,2.0,1
0.0699,62,0,0.0909,,8,0,1,0,0.0,0
0.34,60,0,0.278,5193.0,9,0,1,0,0.0,0
1.593,48,0,1.2439,14641.0,6,0,2,0,0.0,0
0.03,51,0,0.9076,3283.0,7,0,1,0,0.0,0
0.5037,45,0,0.3792,,7,0,0,0,1.0,0
0.663,48,0,0.5656,7018.0,7,0,1,0,0.0,0
0.4401,61,0,0.6131,10348.0,11,0,1,0,1.0,0
0.4142,42,0,0.9701,11448.0,10,0,1,0,0.0,0
0.6154,43,0,0.4082,3395.0,7,0,0,0,1.0,0
0.2947,30,0,0.6211,4034.0,15,0,1,0,1.0,0
0.0681,61,0,0.3901,9605.0,11,0,0,0,0.0,0
4.8311,48,0,0.2904,3303.0,5,0,2,0,1.0,0
0.7759,34,0,0.868,4657.0,6,0,0,0,0.0,0
0.299,64,0,0.0486,4488.0,11,0,0,0,0.0,0
0.34,51,0,1.0224,15731.0,5,0,0,0,1.0,0
0.9254,41,0,0.4749,,6,0,2,0,1.0,0
0.1468,64,0,0.469,,7,0,3,0,0.0,0
0.2516,46,0,0.5799,3844.0,10,0,3,0,0.0,0
0.1185,29,0,0.3617,3163.0,10,0,0,0,1.0,0
0.4334,65,0,0.4241,15264.0,5,0,5,0,1.0,0
0.4369,39,0,0.6299,9791.0,6,0,0,0,0.0,0
0.8493,94,0,0.1593,7837.0,4,0,3,0,2.0,0
2.5202,45,0,0.6797,6916.0,1,0,3,0,,0
0.0722,23,0,0.5786,3135.0,8,0,1,0,1.0,0
0.015,76,0,0.7946,8022.0,11,0,0,0,0.0,0
5.5166,50,0,0.1962,3386.0,10,0,0,0,1.0,0
0.2459,55,0,0.6498,4071.0,6,0,0,0,1.0,0
0.5087,57,0,0.3592,11026.0,4,0,1,0,0.0,0
0.8615,32,0,0.2771,,5,0,0,0,0.0,0
0.4081,21,0,0.783,8490.0,12,0,1,0,2.0,0
0.4007,79,0,0.6185,3036.0,6,0,0,0,1.0,0
0.2138,29,0,0.4137,5546.0,11,0,2,0,1.0,0
2.3811,74,0,0.5394,5831.0,8,0,1,0,1.0,0
0.0808,59,0,0.7305,8099.0,12,0,0,0,0.0,0
0.4364,54,2,0.7008,4786.0,10,0,0,0,1.0,0
0.1559,45,0,0.3402,6291.0,9,0,0,0,1.0,0
0.1027,84,0,0.3667,11477.0,6,0,0,0,1.0,0
2.3374,42,0,0.3731,3794.0,12,0,1,0,0.0,0
0.3097,42,0,0.1814,5742.0,11,0,2,0,1.0,0
0.5253,61,0,0.5612,4078.0,4,0,0,0,1.0,0
1.1701,42,0,0.2716,2219.0,7,0,3,0,1.0,0
0.4569,37,2,0.7899,2814.0,9,0,0,0,1.0,0
0.2966,50,0,0.2092,4210.0,9,0,1,0,1.0,0
0.1562,61,0,0.6285,2449.0,3,0,1,0,,0
0.4959,78,0,0.6419,,7,0,0,0,2.0,0
0.6058,80,0,0.5648,6347.0,2,0,1,0,2.0,0
0.7564,26,0,0.5694,7292.0,5,0,1,0,0.0,0
0.3276,66,0,0.1694,,9,0,0,0,1.0,0
0.4908,37,0,0.5256,4496.0,8,0,0,0,0.0,0
0.6228,38,0,0.2034,2711.0,4,0,3,0,1.0,1
1.0685,44,0,0.9766,5736.0,8,0,2,0,0.0,0
0.4678,43,0,0.5444,,7,0,0,0,0.0,1
0.3568,36,0,0.9109,,9,0,2,0,2.0,0
0.2407,21,0,0.2505,9654.0,6,0,1,0,0.0,0
0.3912,72,0,0.6201,10395.0,10,0,1,0,0.0,0
0.0916,64,0,0.7846,,5,0,1,0,0.0,0
0.2424,51,0,0.629,5221.0,7,0,0,0,2.0,0
0.4936,38,0,0.9583,3873.0,8,0,1,0,1.0,0
0.4483,69,0,0.2122,4525.0,11,0,0,0,2.0,0
2.9506,50,0,0.4565,5330.0,3,0,0,0,2.0,0
1.2995,43,0,0.5395,861.0,7,0,1,0,2.0,0
0.3251,28,0,0.0884,3715.0,9,0,0,0,0.0,0
5.505,59,0,0.3802,7630.0,9,0,2,0,0.0,0
2.9685,47,0,0.5038,7137.0,8,0,1,0,1.0,0
0.1817,55,2,0.1136,3050.0,13,0,0,0,,0
0.6462,54,0,0.2173,4798.0,11,0,0,0,1.0,0
0.5409,60,0,0.5921,7019.0,6,0,1,0,1.0,0
0.6854,54,0,0.2126,4182.0,4,0,0,0,0.0,0
2.5414,47,0,0.4885,,7,0,0,0,,0
0.0126,59,0,0.3721,3037.0,9,0,0,0,0.0,0
0.0618,65,0,0.5134,8591.0,10,0,1,0,0.0,0
0.4545,73,0,0.1995,,7,0,0,0,1.0,0
0.5504,36,0,0.5283,19222.0,5,0,0,0,0.0,0
0.7095,67,0,1.0989,12784.0,10,0,0,0,1.0,0
1.465,29,0,0.7889,2591.0,7,0,1,0,1.0,0
0.8672,66,0,0.677,6409.0,7,0,1,0,1.0,0
0.5773,43,0,1.1872,1594.0,10,0,0,0,0.0,1
0.0293,63,0,0.6628,5058.0,8,0,1,0,0.0,0
0.0821,72,0,0.083,4388.0,4,0,1,0,0.0,0
0.8129,55,0,0.7048,6534.0,7,0,1,0,3.0,0
0.1471,51,0,0.317,6653.0,12,0,2,0,1.0,0
0.5523,51,0,0.9001,5206.0,5,0,1,0,2.0,0
0.6143,45,0,0.2447,6547.0,11,0,1,0,0.0,0
0.6269,68,0,0.9061,,5,0,1,0,0.0,1
0.3718,50,0,0.3755,23917.0,6,0,1,0,0.0,0
0.4659,22,0,0.497,6791.0,9,0,2,0,0.0,0
0.0184,64,0,0.3619,21542.0,6,0,2,0,2.0,0
0.2232,64,0,0.495,7579.0,5,0,2,0,1.0,0
0.0655,53,0,0.6898,1701.0,9,0,2,0,0.0,0
0.5593,41,0,0.2475,3518.0,5,0,2,0,0.0,0
0.167,36,0,0.8304,3500.0,6,0,3,0,2.0,0
0.7601,41,0,0.3015,3872.0,10,0,4,0,0.0,0
2.59,55,0,0.4923,2255.0,6,0,2,0,2.0,0
0.1767,26,0,0.3944,7842.0,6,0,2,0,1.0,0
0.0469,58,0,0.2819,5246.0,11,0,0,0,,0
1.9516,53,0,0.163,,8,0,1,0,1.0,0
0.401,70,0,0.7376,5537.0,8,0,0,0,1.0,0
0.4942,62,0,0.1826,3568.0,8,0,0,0,0.0,0
0.5171,42,0,0.2738,5775.0,5,0,2,0,,1
0.011,28,0,0.0648,5268.0,10,0,1,0,0.0,0
0.9161,41,0,0.9645,25618.0,11,0,1,0,0.0,0
3.3141,71,0,0.7662,5540.0,8,0,2,0,1.0,0
0.2012,56,0,0.3242,,11,0,4,0,,0
0.4183,60,0,0.7832,7218.0,12,0,0,0,2.0,0
0.0492,43,0,0.7134,,7,0,1,0,0.0,0
0.3524,59,0,0.22,2845.0,0,0,3,0,0.0,0
1.9278,31,0,0.2059,12604.0,7,0,0,0,2.0,0
0.4697,65,0,0.354,2818.0,5,0,0,0,1.0,0
0.233,36,0,0.0673,,8,0,1,0,2.0,0
0.1437,24,0,0.1491,,9,0,0,0,1.0,0
0.4412,84,0,0.5897,,8,0,3,0,1.0,0
0.3781,54,3,0.283,,11,0,0,0,0.0,0
1.1141,54,2,0.6892,3454.0,4,0,1,0,0.0,0
0.3379,26,0,0.8197,5400.0,10,0,1,0,2.0,0
0.0788,61,0,0.3098,7681.0,12,0,0,0,0.0,0
0.7999,64,0,0.0784,4457.0,6,0,2,0,0.0,0
0.5379,49,0,0.2704,4966.0,6,0,0,0,3.0,0
1.615,64,0,0.3701,10560.0,9,0,0,0,0.0,0
0.3875,68,0,0.9034,3106.0,7,0,0,0,2.0,0
9.0108,59,0,0.6134,,6,0,1,0,0.0,0
0.0754,22,0,0.861,6434.0,5,0,0,0,0.0,0
0.0685,36,0,1.0168,,8,0,0,0,2.0,0
0.3631,76,2,0.3732,4663.0,8,0,1,0,1.0,0
0.6808,53,0,0.4561,6400.0,8,0,1,0,1.0,0
0.504,53,2,0.5969,6468.0,8,0,3,0,1.0,0
0.2365,40,0,0.3932,4847.0,8,0,2,0,0.0,0
0.3907,43,0,0.6678,8466.0,13,0,0,0,0.0,0
0.9387,69,0,0.5984,9211.0,11,0,2,0,2.0,0
0.3715,73,1,0.697,9865.0,7,0,1,0,2.0,0
0.101,63,0,0.1042,6544.0,9,0,0,0,0.0,0
0.2212,60,0,0.6726,3802.0,3,0,1,0,3.0,0
0.4595,61,0,0.4488,3381.0,10,0,0,0,0.0,0
0.0731,51,1,0.119,6742.0,7,2,1,0,2.0,0
0.0128,35,0,0.6598,4751.0,6,0,1,0,1.0,0
0.6281,32,0,0.3654,4061.0,9,0,1,0,1.0,0
2.0678,70,0,0.5491,11273.0,9,0,2,0,0.0,0
0.0428,52,0,0.1039,15860.0,8,0,3,0,0.0,1
1.0815,59,0,0.4606,10584.0,9,0,1,0,0.0,0
0.4259,55,0,0.3961,,9,0,1,0,1.0,0
0.2658,56,0,0.3479,,12,0,1,0,2.0,0
0.1048,57,1,0.3733,1724.0,7,0,1,2,1.0,0
0.3349,62,0,0.6191,7846.0,12,0,1,0,4.0,0
0.4965,41,0,0.1846,3102.0,4,0,0,0,0.0,0
0.3455,69,0,0.7473,,10,0,0,0,2.0,0
0.4598,42,0,0.754,8461.0,9,0,2,0,1.0,0
0.5102,55,0,0.3266,5733.0,8,0,1,0,1.0,0
0.0434,35,0,0.175,5854.0,10,0,2,0,,0
0.3557,50,0,0.4182,10899.0,10,0,3,0,3.0,0
0.0243,43,0,0.1463,2583.0,12,0,4,0,1.0,0
0.6129,52,0,0.9666,1536.0,4,0,1,0,2.0,0
0.6559,62,0,0.4887,11419.0,8,0,0,0,,0
0.2942,53,0,0.2972,9885.0,7,0,3,0,1.0,0
0.2594,79,0,0.1618,14147.0,9,0,2,0,3.0,0
0.5092,63,0,0.2657,,7,0,0,0,3.0,0
0.3966,49,0,1.2231,5438.0,5,0,1,0,1.0,0
0.5355,51,0,0.6331,3399.0,10,0,0,0,0.0,0
2.1241,57,2,1.021,3433.0,7,0,1,0,0.0,0
0.4615,62,0,0.6615,5104.0,7,0,1,0,1.0,0
0.0307,35,0,0.394,5086.0,5,0,0,0,0.0,0
1.2805,61,0,0.1932,,10,0,1,0,0.0,0
0.5332,35,0,0.5053,7000.0,12,0,1,0,1.0,0
0.4589,60,0,0.1634,8022.0,6,0,0,0,0.0,0
0.3148,67,0,0.5247,,8,0,0,0,2.0,0
0.1153,56,0,0.3133,6624.0,8,0,2,0,,0
0.4817,21,0,0.7372,6524.0,4,0,0,0,3.0,0
0.1488,27,0,0.5644,,8,0,0,0,1.0,0
0.1011,60,0,0.5965,5747.0,8,0,0,0,0.0,0
0.7742,21,0,0.4905,4517.0,5,0,2,0,1.0,1
0.0339,61,0,0.0455,14343.0,8,0,1,0,1.0,0
0.6713,66,0,0.8002,2629.0,6,0,1,0,0.0,0
0.2061,68,0,0.1273,14016.0,8,0,2,0,1.0,0
0.2842,49,0,0.3374,,2,0,2,0,0.0,0
0.1139,58,0,0.5605,,5,0,0,0,1.0,0
0.7182,55,0,0.6519,,10,0,3,0,3.0,0
0.3514,31,0,0.1844,,7,0,2,0,1.0,0
0.4857,62,0,0.7344,8578.0,11,0,0,0,,0
0.4575,71,0,0.1193,5213.0,2,0,1,0,0.0,1
0.7739,62,0,0.1489,7822.0,6,0,1,0,0.0,0
0.33,45,0,0.8763,8968.0,9,0,1,0,0.0,0
0.6456,62,0,0.4546,,13,0,0,0,2.0,0
0.1159,70,0,0.6568,4254.0,9,0,0,0,0.0,0
0.7857,68,0,0.6502,6524.0,8,0,0,0,1.0,0
0.2366,66,0,0.5872,3741.0,5,0,1,0,1.0,0
0.4378,30,0,0.4384,11550.0,5,0,2,0,0.0,0
0.8816,58,5,0.3078,1646.0,6,0,2,0,2.0,0
0.5444,61,0,0.6308,,10,0,0,0,0.0,0
0.1923,67,0,0.4134,15227.0,4,0,3,0,,0
0.8798,59,0,0.3231,3116.0,9,0,2,0,1.0,0
0.58,74,0,0.6244,6277.0,7,0,0,1,1.0,0
3.8706,26,4,0.0511,5095.0,8,0,0,0,1.0,0
0.2911,60,0,0.2546,4664.0,7,0,2,0,1.0,0
0.4661,59,2,0.845,6349.0,8,1,0,1,1.0,0
0.1668,65,0,0.3465,13026.0,8,0,0,0,0.0,0
0.7017,74,0,0.0336,16082.0,11,0,0,0,1.0,0
0.8568,40,0,0.476,21018.0,6,0,2,0,3.0,0
0.9806,73,0,0.8225,5104.0,9,0,0,0,0.0,0
0.4681,63,0,0.8156,,4,0,2,0,1.0,0
0.2105,49,0,0.469,9406.0,7,0,0,0,2.0,0
0.0094,39,2,0.7602,4480.0,7,0,0,1,2.0,0
0.0656,55,0,0.2176,4873.0,11,0,0,0,2.0,0
0.2803,56,0,0.4012,,7,0,1,0,2.0,0
0.2701,57,0,0.0783,,10,0,1,0,0.0,0
2.3321,43,0,0.9029,2680.0,9,0,1,0,0.0,0
0.6057,61,0,0.1206,,11,0,0,0,1.0,0
0.3509,46,0,0.0303,4929.0,7,0,2,0,2.0,0
0.509,69,0,0.3159,11235.0,7,0,1,0,0.0,0
3.2394,76,0,0.6148,,4,0,1,0,1.0,0
0.362,41,0,0.6955,15502.0,5,0,1,0,3.0,0
0.7448,53,0,0.2806,10094.0,9,0,1,0,0.0,0
2.0095,66,0,0.7782,,12,0,1,0,0.0,0
8.2934,56,0,0.4546,11143.0,6,0,2,0,1.0,0
0.4303,33,0,0.1293,2083.0,5,0,2,0,2.0,0
0.9787,64,0,0.5436,5762.0,10,0,2,0,0.0,0
0.3391,44,0,1.0165,,13,0,2,0,1.0,0
0.067,55,0,0.641,,4,0,0,0,2.0,0
0.0802,38,0,0.178,4530.0,8,0,3,0,1.0,0
0.5033,63,0,0.6742,,8,0,1,0,1.0,0
0.396,46,0,0.3296,6220.0,9,0,0,0,1.0,0
0.0373,65,3,0.4295,2002.0,9,0,1,0,1.0,0
0.4567,49,0,0.5223,2731.0,8,0,1,0,2.0,0
0.061,45,0,0.5358,,6,0,3,0,1.0,0
1.0246,58,0,0.165,4638.0,8,0,2,0,1.0,0
0.5705,37,0,0.25,4502.0,10,0,0,0,0.0,0
0.2195,77,0,0.5175,5484.0,10,0,1,0,0.0,0
0.1726,55,0,0.7996,3609.0,3,0,0,0,0.0,0
0.0999,44,0,0.8893,6535.0,10,0,1,0,,0
0.2537,46,0,0.1348,3494.0,4,0,1,0,3.0,0
0.1387,52,0,0.776,,10,0,1,0,1.0,0
0.4895,66,0,0.1482,11400.0,6,0,3,0,2.0,0
0.6299,39,0,0.6833,2552.0,9,0,1,0,0.0,0
0.0316,47,0,0.4256,5622.0,7,0,0,0,0.0,0
1.3162,51,0,0.8918,4195.0,3,0,3,0,0.0,0
1.0706,74,0,0.3408,,9,0,0,0,1.0,0
0.5249,66,0,0.3176,3607.0,5,0,0,0,1.0,0
0.6764,74,0,0.2114,,11,0,0,0,0.0,0
1.2262,52,0,0.5469,1490.0,8,0,1,0,2.0,0
1.9735,72,0,0.2691,11708.0,4,0,1,0,0.0,0
0.6277,70,0,0.5035,,7,0,0,0,1.0,0
0.9544,62,0,0.5487,1486.0,9,0,0,0,2.0,0
0.2936,63,0,0.1552,,8,0,0,0,0.0,0
0.0221,44,0,0.2532,13068.0,6,0,0,0,3.0,0
2.615,78,0,0.2038,7531.0,10,0,0,0,0.0,0
2.2345,49,1,0.5937,5701.0,5,3,1,2,1.0,0
0.7428,60,0,0.9212,,7,0,0,0,0.0,1
0.4584,61,0,0.2983,3865.0,9,0,0,0,1.0,0
0.3121,33,4,0.0154,7483.0,9,1,0,0,3.0,0
0.9388,51,0,0.9114,5744.0,11,0,0,0,,0
0.65,55,0,0.3622,7342.0,6,0,0,0,0.0,0
1.503,50,0,0.363,11635.0,10,0,1,0,0.0,0
0.1386,51,0,0.0289,,8,0,1,0,,0
0.3924,73,0,0.3036,3754.0,8,0,1,0,1.0,0
0.6996,40,0,0.4842,2694.0,14,0,0,0,1.0,0
0.2624,34,0,0.1007,4652.0,6,0,1,0,0.0,0
0.5329,44,0,0.419,5213.0,8,0,2,0,0.0,0
0.0424,62,0,0.3424,2489.0,7,0,2,3,1.0,0
1.2753,64,3,0.2172,2428.0,9,0,3,0,1.0,0
0.4284,60,0,0.6207,5640.0,10,0,3,0,0.0,0
0.1626,65,0,0.2761,4708.0,6,0,1,0,0.0,0
0.3005,56,0,1.0112,7314.0,9,0,2,0,0.0,0
0.0984,45,0,0.8675,5300.0,2,0,0,0,0.0,0
0.5262,39,0,0.8222,3621.0,8,0,1,0,1.0,1
0.0131,34,0,0.4006,6746.0,11,0,2,0,2.0,0
0.3858,49,0,0.6554,5421.0,11,0,0,0,3.0,0
0.8675,63,0,0.4381,,7,0,0,0,1.0,0
0.1289,55,0,0.1965,11959.0,7,0,0,3,0.0,0
0.0136,52,0,0.2613,34723.0,5,0,1,0,1.0,0
0.1931,37,0,0.3993,1994.0,4,0,0,0,2.0,0
1.0224,88,0,0.5504,9071.0,7,0,0,0,1.0,0
0.1848,40,0,0.499,4022.0,15,0,0,0,1.0,0
0.5801,54,0,0.3713,,7,0,2,0,2.0,0
0.0784,66,0,0.3274,6764.0,4,0,1,0,2.0,0
2.5162,53,0,0.3916,3239.0,11,0,1,0,,0
4.1808,41,0,0.1556,,8,0,2,0,1.0,0
0.6757,63,0,0.2602,8626.0,6,0,0,0,0.0,0
0.4219,33,0,0.5787,1756.0,8,0,1,0,2.0,0
2.0698,76,0,0.611,4104.0,8,0,1,0,0.0,1
0.3416,56,0,0.2036,9415.0,4,0,1,0,1.0,0
0.164,48,0,0.3988,6005.0,13,0,4,0,0.0,0
0.9417,32,2,0.2403,5218.0,10,0,1,0,0.0,0
0.0677,36,0,0.56,11643.0,10,0,3,0,4.0,0
0.2761,51,0,1.0073,2337.0,10,0,1,0,0.0,0
0.2672,78,0,0.6952,5580.0,7,0,1,0,1.0,0
0.609,55,0,0.3158,4508.0,5,0,2,0,0.0,0
1.5453,57,0,0.2086,10323.0,9,0,0,0,3.0,0
0.6986,57,0,0.4645,5741.0,9,0,0,0,2.0,0
0.2436,85,0,0.759,,9,0,1,0,2.0,0
1.2401,46,0,0.3009,,5,0,1,0,0.0,0
3.9553,74,0,1.0324,1067.0,9,0,0,0,0.0,1
0.136,46,0,1.0338,3867.0,5,0,1,0,0.0,0
0.2998,42,0,0.2958,6910.0,9,0,2,0,1.0,0
0.2548,51,0,0.2685,6103.0,7,0,1,0,3.0,0
0.4599,51,0,0.0296,9892.0,3,0,3,0,0.0,0
0.6129,60,0,0.4797,3859.0,7,0,0,0,2.0,0
0.75,21,0,0.1917,7095.0,13,0,1,0,0.0,0
0.2918,54,0,0.2853,5310.0,6,0,0,0,1.0,0
0.3475,44,0,0.4397,4151.0,10,0,0,0,1.0,0
0.2593,42,0,0.249,5878.0,10,0,0,0,0.0,0
0.0351,34,0,0.1881,,8,0,1,0,1.0,0
1.6655,47,0,0.1697,8942.0,6,0,0,0,3.0,0
0.3076,45,0,0.3814,8021.0,6,0,0,0,1.0,0
0.0751,46,0,0.2598,3127.0,10,0,2,0,2.0,0
0.2796,29,0,0.1012,6434.0,8,0,1,0,2.0,0
0.4804,53,0,0.7852,3205.0,5,0,0,0,1.0,0
0.0043,41,0,0.3947,21220.0,11,0,1,0,1.0,0
0.3869,29,0,1.1477,,4,0,0,0,1.0,0
1.3511,44,0,0.3253,,9,0,1,0,1.0,0
0.7924,41,0,0.3321,20749.0,11,0,1,0,0.0,0
0.6601,53,0,0.5579,7779.0,8,0,1,0,2.0,0
0.7801,44,0,0.2063,2801.0,5,0,2,0,0.0,0
9.8565,32,0,0.4702,5863.0,9,0,0,0,0.0,0
0.1815,40,0,0.5655,,4,0,0,0,0.0,0
0.0286,28,0,0.466,,8,0,1,0,1.0,0
0.1792,68,0,0.2137,6450.0,11,0,4,0,1.0,0
0.3149,70,0,0.6434,3912.0,9,0,2,0,0.0,0
0.3731,72,0,0.7588,9622.0,5,0,1,0,2.0,1
0.2771,44,0,0.2186,,11,0,3,0,0.0,0
0.0142,70,0,0.7452,9075.0,9,0,0,0,2.0,0
0.3184,58,0,0.8647,8431.0,9,0,1,0,0.0,0
2.4928,40,0,0.7285,3252.0,3,0,1,0,2.0,1
0.4277,43,0,0.4909,2453.0,7,0,1,0,1.0,0
0.9712,50,0,0.4004,4152.0,11,0,0,0,1.0,0
0.688,53,0,0.4085,4725.0,10,0,0,0,0.0,0
1.2989,57,0,0.3313,,11,0,0,1,0.0,0
3.3573,52,0,0.1847,10353.0,9,0,0,0,2.0,0
1.291,47,1,0.6337,4406.0,13,0,1,0,0.0,0
4.4955,71,0,0.3674,2957.0,11,0,1,0,1.0,0
0.0186,50,0,0.3702,8749.0,9,0,2,0,2.0,0
0.7363,50,0,0.2993,4888.0,7,0,0,0,2.0,0
0.0776,49,0,0.4625,2034.0,7,0,1,0,0.0,0
0.0599,50,0,0.4672,11119.0,6,0,0,0,2.0,0
0.2481,33,0,0.4457,3051.0,12,0,1,0,2.0,0
0.3038,38,0,0.8703,5382.0,8,0,3,0,0.0,0
1.9193,86,0,0.3279,2504.0,7,0,0,0,0.0,0
0.41,29,0,0.3207,6662.0,8,0,0,0,1.0,0
1.5941,56,0,0.477,14603.0,5,0,3,0,0.0,0
0.8509,57,0,0.6884,2744.0,3,0,2,0,1.0,0
0.0922,66,0,0.3787,6243.0,3,0,5,0,0.0,0
0.2322,57,0,0.0984,2412.0,9,0,2,0,2.0,0
1.6746,78,0,0.4106,3272.0,15,0,1,0,1.0,0
0.4809,55,0,1.1952,2844.0,11,0,0,0,0.0,0
0.1879,71,0,0.3963,10048.0,6,0,0,0,2.0,0
1.1329,67,0,0.2027,,8,0,1,0,0.0,0
6.2393,74,0,0.4067,7374.0,15,0,1,0,1.0,1
0.8793,52,0,0.5865,,6,0,0,0,0.0,0
0.4878,58,0,0.4585,14424.0,7,0,1,0,1.0,0
0.8289,47,0,0.4977,6683.0,12,0,0,0,0.0,0
0.0787,54,0,0.975,2466.0,11,0,3,0,0.0,0
0.6243,55,0,0.2955,8943.0,9,0,1,0,0.0,0
0.0532,23,0,0.4655,1767.0,6,0,0,0,0.0,0
0.6762,50,0,0.4789,,11,0,0,0,1.0,0
1.031,64,0,0.378,6188.0,13,0,2,0,0.0,0
0.3534,33,0,1.1376,,2,0,1,0,0.0,0
0.3906,38,0,0.484,4331.0,9,0,1,0,1.0,0
0.2558,68,0,0.8651,3043.0,9,0,0,0,0.0,0
0.223,71,0,0.1191,5944.0,12,0,1,0,0.0,1
0.1529,43,0,0.0484,1356.0,12,0,1,0,0.0,0
0.2467,54,0,0.8573,4191.0,7,0,0,0,0.0,0
0.2,51,0,1.1079,4680.0,6,0,3,0,1.0,0
0.6344,68,0,0.3631,,9,0,0,0,0.0,0
0.6641,45,0,0.9441,2774.0,5,0,0,0,2.0,0
0.8543,47,0,0.2784,,6,0,1,0,4.0,0
0.2077,71,0,1.1174,3687.0,3,0,1,0,3.0,0
0.3418,38,0,0.4058,10531.0,13,0,0,0,0.0,0
0.8694,45,0,1.0537,3098.0,5,0,2,0,3.0,1
0.0745,54,0,0.4133,4480.0,6,0,1,0,0.0,0
2.6105,73,0,0.7114,3196.0,11,0,1,0,0.0,0
0.12,35,0,0.1481,3507.0,6,0,0,0,1.0,0
0.0134,42,0,0.4825,,12,0,4,0,2.0,0
0.1631,60,0,0.0857,1303.0,9,0,1,0,0.0,0
3.5554,62,2,0.7255,,8,0,1,0,0.0,0
0.2094,55,0,0.7496,2559.0,4,0,2,0,0.0,0
0.5711,50,0,0.2057,2595.0,12,0,0,0,0.0,0
0.076,54,0,0.1473,11702.0,11,0,0,0,0.0,0
0.3277,31,0,0.4749,3290.0,7,0,1,0,0.0,0
0.8754,53,0,0.3026,3680.0,5,0,1,0,,0
0.8195,73,0,0.7312,,6,0,1,0,1.0,0
0.0963,34,0,0.3939,,8,0,0,0,1.0,0
0.033,41,1,0.3445,6407.0,7,0,0,0,0.0,1
0.2845,46,0,0.1924,9545.0,11,0,0,0,1.0,0
6.073,47,0,1.0837,7055.0,5,0,0,0,0.0,0
0.1567,78,0,0.3692,8852.0,12,0,1,0,1.0,0
0.486,39,0,0.3525,8107.0,7,0,0,0,1.0,0
0.7476,36,0,0.5256,3169.0,8,0,0,0,1.0,0
0.2969,63,0,0.5116,3338.0,7,0,1,0,0.0,0
0.2857,43,1,0.1225,5300.0,14,1,0,0,2.0,0
0.5816,63,0,0.4444,3920.0,9,0,0,0,2.0,0
0.0074,49,0,0.4118,5187.0,8,0,1,0,0.0,0
0.2971,58,0,0.9229,4404.0,8,0,1,0,1.0,0
0.1924,30,0,0.2387,4371.0,9,0,2,0,1.0,0
0.1386,58,0,0.6948,10810.0,8,0,2,0,2.0,0
0.7269,55,0,0.3708,15475.0,7,0,0,0,0.0,0
0.2992,48,0,0.8111,4123.0,7,0,1,0,1.0,0
0.1488,35,0,0.9503,,8,0,0,0,0.0,0
0.128,55,0,0.4249,9613.0,9,0,1,0,2.0,0
0.1554,62,0,0.8847,8663.0,10,0,1,0,2.0,0
0.5851,45,0,0.3287,5474.0,13,0,0,0,0.0,0
0.7808,45,0,0.5941,6333.0,9,0,0,0,4.0,0
0.0046,63,0,0.4103,20449.0,11,0,1,0,0.0,0
0.8855,76,0,0.481,,8,0,0,0,1.0,0
0.5381,65,0,0.7885,1860.0,8,0,0,0,2.0,0
0.3605,55,0,0.651,,7,0,2,0,1.0,0
0.593,49,0,0.6444,7515.0,9,0,1,0,1.0,0
0.3479,52,0,0.6649,4895.0,8,0,2,0,0.0,0
1.0604,33,0,0.1727,5542.0,13,0,0,0,0.0,0
0.6496,50,0,0.0514,5883.0,8,0,0,0,3.0,0
0.3033,68,0,1.0106,1724.0,11,0,2,0,2.0,0
0.0324,53,0,1.0555,8839.0,5,0,1,0,1.0,0
0.1576,43,0,0.2554,5239.0,7,0,1,0,1.0,0
0.3357,42,0,0.9889,,10,0,1,0,1.0,0
0.1482,52,0,0.2531,9360.0,8,0,0,0,0.0,0
0.6022,35,0,0.3419,9002.0,9,0,1,0,1.0,0
0.0466,39,0,0.6519,5683.0,12,0,2,0,1.0,0
0.3716,73,0,0.5428,3588.0,9,0,1,0,2.0,0
0.2689,37,0,0.5081,,13,0,1,0,4.0,0
0.6597,41,0,0.4116,16753.0,8,0,3,0,,0
0.3361,56,0,0.9289,4857.0,11,0,0,0,1.0,0
0.5808,46,0,0.706,4516.0,9,0,0,0,0.0,0
0.363,53,0,0.3804,2508.0,9,0,0,0,1.0,0
0.1586,64,0,0.5965,4911.0,8,0,1,0,1.0,0
0.1666,30,0,0.911,2410.0,6,0,3,0,1.0,0
0.5593,63,0,0.3268,3689.0,10,1,0,0,0.0,0
0.1033,44,3,0.4647,3969.0,11,0,0,0,2.0,0
0.2068,48,0,0.1421,2592.0,13,0,0,0,2.0,0
0.1439,79,0,0.5262,7015.0,6,0,0,0,2.0,0
0.0815,32,0,0.085,3357.0,7,0,2,0,0.0,0
1.9824,60,0,0.6105,2045.0,8,0,2,0,1.0,0
2.0194,68,0,0.3392,,13,0,0,0,0.0,0
0.1541,42,2,0.5012,7213.0,11,0,0,2,3.0,0
0.0477,43,0,0.1917,,8,0,2,0,0.0,0
0.4923,47,0,0.3022,7005.0,9,0,0,0,3.0,0
0.6369,42,1,0.5685,4953.0,8,0,1,2,0.0,0
0.4171,53,0,0.9777,8127.0,13,0,1,0,1.0,0
0.3499,64,0,0.5609,9696.0,13,0,1,0,7.0,0
0.5764,47,0,0.8685,4510.0,9,0,2,0,0.0,0
0.1129,65,3,0.4754,5589.0,8,0,0,0,0.0,0
0.5777,72,1,0.1674,,9,0,1,0,0.0,0
0.2627,58,0,0.3837,3108.0,7,0,1,0,0.0,0
0.4044,59,0,0.3794,7153.0,7,0,0,0,1.0,0
0.5924,44,0,0.4235,4909.0,14,0,0,0,0.0,0
0.6645,21,0,0.4097,3020.0,13,0,1,0,0.0,0
0.4846,60,0,0.1912,3814.0,9,0,1,0,0.0,0
0.7729,63,0,0.5633,4921.0,5,0,1,0,0.0,0
1.8897,55,1,0.2897,7821.0,8,0,1,0,1.0,0
0.3289,65,0,1.2191,,10,0,0,0,0.0,0
0.2233,44,0,0.9122,4937.0,5,0,1,0,1.0,0
0.1669,59,1,0.4472,5521.0,8,0,0,0,0.0,0
0.1827,73,0,0.7861,2456.0,8,0,0,0,0.0,0
0.2733,61,0,0.5105,2033.0,7,0,1,0,0.0,0
0.3786,71,1,0.4722,5675.0,9,0,3,0,0.0,0
6.0052,71,0,0.9054,1752.0,6,0,2,0,2.0,0
0.0858,35,0,0.7983,7640.0,6,0,0,0,0.0,0
2.1858,62,3,0.4403,8835.0,9,1,2,0,0.0,0
0.234,43,0,0.3912,,4,0,0,0,1.0,0
0.3269,36,0,0.2578,2228.0,7,0,2,0,1.0,0
0.1511,48,0,0.4443,3063.0,6,0,2,0,0.0,0
0.2245,77,0,0.3614,,7,0,3,0,1.0,0
0.5201,44,0,0.375,7776.0,14,0,3,0,1.0,0
1.3506,27,1,0.4412,5337.0,8,0,0,0,0.0,0
0.6226,32,0,0.3579,,6,0,0,0,0.0,0
0.3426,59,0,0.8108,,3,0,0,0,1.0,0
0.2341,41,0,0.0535,3928.0,11,0,0,0,0.0,0
0.1696,23,0,0.4269,6543.0,5,0,0,0,0.0,0
0.7098,32,0,0.3605,12445.0,8,0,1,0,0.0,0
0.3937,54,0,1.3642,5737.0,11,0,1,0,2.0,0
0.6235,63,0,0.6079,7287.0,7,0,3,0,1.0,0
0.3862,46,2,0.0393,8085.0,13,0,0,0,0.0,1
2.8214,61,3,0.1731,,10,0,2,0,,0
0.3848,65,0,0.7218,,10,0,1,0,0.0,0
0.2589,41,0,0.3194,3802.0,7,0,1,0,1.0,0
0.1384,50,0,0.6157,5165.0,9,0,0,0,0.0,0
0.1814,44,0,0.1733,7387.0,11,0,0,0,3.0,0
0.1789,60,0,0.8476,,18,0,1,0,1.0,0
0.644,43,0,0.3914,7226.0,10,0,0,0,0.0,0
0.2164,35,0,0.4707,5455.0,13,0,1,0,1.0,0
0.3702,53,0,0.3851,8785.0,8,0,0,0,,0
0.4647,68,0,0.4288,,6,0,1,0,0.0,0
0.2567,59,0,0.6951,1491.0,7,0,2,0,1.0,0
0.6187,66,0,0.4959,7759.0,6,0,2,0,2.0,0
0.3343,65,0,0.6514,,13,0,0,0,3.0,0
0.4731,53,0,0.6405,9328.0,6,0,0,0,0.0,0
0.2136,44,0,1.1175,2333.0,7,0,1,0,2.0,0
0.9424,40,0,0.9348,4304.0,12,0,0,0,1.0,0
0.1523,30,0,0.1937,4705.0,9,0,2,0,2.0,0
0.134,69,0,0.6681,2093.0,9,0,0,0,0.0,0
5.235,47,0,0.6416,15790.0,10,0,0,0,1.0,0
0.8865,28,0,0.691,,10,0,0,0,1.0,0
3.4666,69,0,0.5785,4976.0,3,0,0,0,1.0,0
0.6714,53,0,0.513,7592.0,7,0,1,0,4.0,0
0.4023,66,0,0.5423,13814.0,10,0,0,0,0.0,0
0.7441,48,1,0.8243,3635.0,7,1,0,0,,0
0.3253,41,0,0.2769,,9,0,1,0,0.0,0
0.1455,58,0,0.6191,3689.0,8,0,0,0,2.0,0
0.3744,59,0,0.4824,,6,0,0,0,0.0,0
4.0083,48,0,0.3476,1963.0,11,0,0,0,0.0,0
0.6429,70,0,0.2522,3538.0,11,0,3,0,2.0,0
0.4691,65,0,0.5169,13157.0,9,0,1,0,2.0,0
0.6006,60,0,0.4854,6912.0,5,0,1,0,0.0,0
0.8806,36,0,0.4364,4672.0,6,0,2,0,1.0,0
0.8357,34,0,0.6823,8657.0,9,0,0,0,0.0,0
0.2549,69,0,0.4376,7904.0,9,0,1,1,1.0,0
0.096,21,0,0.2457,,7,0,0,0,2.0,0
0.6642,51,0,0.1276,,8,0,0,0,1.0,0
0.8722,54,0,0.7248,12734.0,13,0,2,0,0.0,0
0.1657,45,0,0.7567,2038.0,5,0,0,0,0.0,0
0.3598,52,0,0.7314,,5,0,0,0,0.0,0
1.0833,58,0,0.1056,,6,0,1,0,0.0,0
0.0907,44,0,0.1885,11952.0,13,0,0,0,0.0,0
0.6647,64,0,0.9214,,13,0,0,0,1.0,0
0.1412,60,0,0.3545,3104.0,11,0,0,0,2.0,0
0.582,49,0,0.5651,4856.0,5,0,0,0,4.0,0
0.3408,40,0,0.1384,5825.0,8,0,3,0,2.0,0
0.4086,51,0,0.2517,7430.0,8,0,1,0,0.0,1
0.8404,82,0,0.6608,4822.0,10,0,1,0,0.0,0
0.7405,41,0,0.5642,3827.0,6,0,1,0,1.0,0
0.3715,73,0,0.5942,4753.0,10,0,0,0,1.0,0
0.405,27,0,0.8028,10542.0,8,0,1,0,1.0,0
0.8167,40,0,0.7448,2440.0,7,0,0,0,0.0,0
1.4966,44,1,0.2982,3578.0,7,0,1,0,0.0,0
0.2647,65,0,0.8033,2983.0,7,0,0,0,1.0,0
0.0392,53,0,0.4164,7726.0,1,0,0,0,1.0,0
0.2127,70,0,0.5214,,7,0,1,0,1.0,0
0.4623,47,0,0.4401,11043.0,11,0,1,0,3.0,0
0.6345,51,0,0.2213,,7,0,1,0,2.0,0
0.6684,47,0,0.6805,3927.0,10,0,1,0,0.0,0
0.8567,80,0,0.74,6692.0,3,0,1,0,0.0,0
0.2091,36,0,0.2221,,2,0,1,0,0.0,0
0.4816,45,0,0.0119,5755.0,10,0,0,0,1.0,0
0.6408,38,0,0.6795,2975.0,9,0,0,0,1.0,0
0.3055,60,0,0.6036,6058.0,10,0,2,0,1.0,0
0.2934,36,0,0.4019,6657.0,8,0,1,0,0.0,0
0.4669,78,0,0.5335,11604.0,8,0,2,0,1.0,1
0.2805,53,0,0.0555,12048.0,7,0,1,0,1.0,0
0.4076,58,0,0.1891,5093.0,15,0,2,0,0.0,0
0.3203,58,0,0.7115,2572.0,7,0,1,0,1.0,0
0.5669,52,0,0.7549,,4,0,2,0,0.0,0
0.6585,54,0,0.3966,,10,0,4,0,1.0,1
0.1297,53,0,1.2747,13415.0,13,0,2,0,0.0,0
0.2151,59,0,0.3304,,9,0,0,0,1.0,0
0.0725,40,0,0.2049,7327.0,9,0,0,0,0.0,0
0.4094,38,0,0.3851,3722.0,9,0,2,0,0.0,0
0.041,63,0,0.8191,5261.0,10,0,0,0,0.0,0
2.4713,52,0,0.4773,9488.0,11,0,0,0,0.0,0
0.86,24,0,0.3196,3058.0,10,0,1,0,1.0,0
0.1513,45,0,0.6782,12931.0,7,0,1,0,0.0,0
0.2465,73,0,0.7381,4716.0,8,0,2,0,3.0,0
2.021,50,0,0.3315,4809.0,1,0,2,0,1.0,0
0.186,45,0,0.3039,8411.0,2,0,0,0,0.0,0
0.0214,31,0,0.1371,3069.0,14,0,1,0,1.0,0
0.6908,44,0,0.4764,9927.0,9,0,1,0,1.0,0
0.0415,36,0,0.0206,6130.0,7,0,1,0,0.0,0
0.4625,58,0,0.129,3307.0,12,0,0,0,0.0,0
0.7126,53,0,0.1096,1420.0,9,0,0,0,0.0,0
0.2227,47,0,0.7054,10086.0,6,0,0,0,0.0,0
0.0817,41,0,0.3981,2360.0,9,0,1,0,0.0,0
0.2038,73,0,0.2999,4406.0,5,0,1,0,1.0,0
1.0695,42,0,0.8271,5004.0,10,0,0,0,4.0,0
0.2674,42,0,0.2648,5508.0,8,0,0,0,2.0,0
0.2669,49,0,0.3509,4658.0,11,0,0,0,0.0,0
0.4897,51,3,0.4537,,12,0,3,0,2.0,0
1.1096,59,0,0.7854,6079.0,11,0,2,0,2.0,0
0.6713,65,0,0.658,7729.0,13,0,2,0,,0
0.3214,64,0,0.7601,18248.0,13,0,0,0,0.0,0
0.6797,86,0,0.5166,5548.0,7,0,0,0,0.0,0
3.2753,28,0,0.8012,,7,0,1,0,1.0,1
0.7065,55,0,0.7425,14004.0,7,0,2,0,0.0,0
0.2362,45,0,0.6495,,10,0,2,0,1.0,0
1.0271,80,0,0.3402,,11,0,0,0,0.0,0
0.6959,54,0,0.6157,7892.0,6,0,0,0,0.0,0
1.2603,24,0,0.3184,,6,0,3,0,2.0,0
0.4022,58,0,0.5029,,8,0,2,0,0.0,0
1.0771,56,0,0.982,4216.0,6,0,1,0,1.0,1
0.5859,63,0,0.7444,8073.0,10,0,0,0,0.0,0
5.8828,42,0,0.0509,4331.0,4,0,0,0,0.0,1
0.4127,57,0,0.558,4063.0,11,0,2,0,1.0,0
0.9741,48,0,0.4889,4903.0,8,0,0,0,0.0,0
0.2668,43,0,0.0296,,6,0,2,0,1.0,0
0.2695,57,0,0.0732,,8,0,0,0,3.0,0
0.9155,54,0,0.4105,8230.0,8,0,0,0,1.0,0
0.1857,67,0,0.4737,846.0,8,0,0,0,1.0,0
0.3001,52,0,0.4778,7354.0,8,0,1,0,2.0,0
0.0642,60,0,0.9381,10838.0,6,0,1,0,0.0,0
0.6147,35,0,0.6258,2627.0,6,0,1,0,3.0,0
0.3083,72,0,1.0219,2271.0,9,0,2,0,0.0,0
0.9962,41,0,0.113,8447.0,6,0,0,0,2.0,0
0.1764,65,0,0.5942,4189.0,7,0,0,0,1.0,0
0.0207,56,0,0.468,8439.0,9,0,1,0,0.0,0
0.9674,54,0,0.5999,3439.0,7,0,0,0,0.0,1
0.7404,63,0,0.5081,2423.0,7,0,2,0,0.0,0
0.088,22,0,0.2494,,3,0,3,0,2.0,0
1.1868,44,0,0.0391,10533.0,8,0,1,0,2.0,0
0.6749,62,0,0.7565,6077.0,5,0,1,0,1.0,0
0.4809,79,0,0.3425,,10,0,1,0,1.0,0
0.0642,52,0,0.4838,5789.0,13,0,2,0,1.0,0
0.6181,21,0,0.5789,6464.0,8,0,1,0,1.0,0
0.7829,48,0,0.331,6515.0,8,0,1,0,0.0,0
0.1184,51,0,0.7608,4038.0,14,0,1,0,0.0,0
0.5352,68,0,0.4348,13768.0,4,0,3,0,1.0,0
5.9727,53,0,0.6994,12465.0,11,0,0,0,1.0,0
0.7843,34,0,0.2711,2008.0,3,0,1,0,0.0,0
0.3668,65,0,1.2119,3146.0,5,0,0,0,2.0,0
0.1397,60,0,0.4171,25487.0,11,0,1,0,0.0,0
0.6275,42,0,0.6109,10897.0,6,0,1,0,1.0,0
0.2294,62,0,0.5435,12091.0,7,0,2,0,2.0,0
0.0939,44,0,0.9889,2653.0,6,0,2,0,0.0,0
2.6778,48,0,0.7186,5861.0,11,0,2,0,0.0,0
0.6184,45,0,0.5876,6226.0,12,0,0,0,0.0,0
1.6216,48,0,0.3067,2747.0,6,0,1,0,0.0,0
0.9497,65,1,0.0841,2419.0,8,1,0,1,2.0,0
0.3785,27,0,0.2472,10760.0,9,0,1,0,1.0,0
0.3544,67,0,0.3545,23650.0,8,0,3,0,1.0,0
1.1132,54,0,0.9048,2044.0,9,0,1,0,0.0,0
0.3821,47,0,0.0637,11289.0,7,0,4,0,0.0,0
0.0935,52,0,0.653,2669.0,3,0,0,0,0.0,0
0.0913,39,0,0.5883,3392.0,10,0,0,0,2.0,0
0.2867,29,0,0.1994,2228.0,11,0,1,0,0.0,0
0.8709,40,1,0.0411,11835.0,6,1,1,0,0.0,0
0.5505,25,0,0.4244,2353.0,9,0,2,0,0.0,0
10.7956,33,0,0.8276,14458.0,7,0,1,0,2.0,0
0.2688,29,0,0.5545,10365.0,8,0,2,0,1.0,0
0.1837,69,0,0.5363,2013.0,8,0,0,0,1.0,0
5.5587,34,0,0.4408,16977.0,10,0,0,0,1.0,0
1.1113,51,1,0.677,8286.0,5,0,0,2,1.0,0
0.5396,68,0,0.528,3507.0,10,0,0,0,1.0,0
0.4015,64,0,0.8367,2491.0,4,0,0,0,0.0,0
0.0116,48,0,0.3962,,6,0,0,0,5.0,0
0.6722,48,0,0.5059,,6,0,1,0,2.0,0
0.9577,55,0,0.0828,4314.0,7,0,0,0,3.0,0
0.1406,82,0,0.7011,1427.0,5,0,1,0,0.0,0
0.8357,58,0,0.4035,6863.0,12,0,0,0,0.0,0
0.4599,61,0,0.3422,,11,0,1,0,0.0,0
0.8151,84,1,0.3442,7849.0,8,0,2,0,1.0,0
0.3984,56,0,0.8912,,6,0,3,0,4.0,0
0.5134,68,0,0.9384,7281.0,4,0,1,0,0.0,0
0.2687,59,0,0.4613,,13,0,0,0,1.0,0
0.7065,58,0,0.4815,6776.0,5,0,0,0,0.0,0
0.5618,39,0,0.5815,4893.0,10,0,0,0,0.0,0
0.0263,36,0,0.1751,7834.0,8,0,1,0,1.0,0
0.2629,45,0,0.8942,8382.0,8,0,0,0,2.0,0
0.2684,64,0,0.4723,5244.0,10,0,2,0,1.0,0
0.0205,64,0,0.5844,23982.0,5,0,1,0,1.0,0
0.4967,71,0,0.598,4533.0,6,0,0,0,1.0,1
2.918,52,0,0.9171,3224.0,3,0,2,0,0.0,0
0.7674,60,0,1.0223,2176.0,5,0,1,0,0.0,0
0.5909,60,0,0.2037,5188.0,3,0,1,0,1.0,0
0.0781,50,0,0.4842,3480.0,10,0,3,0,0.0,0
0.4945,47,0,0.1233,,6,0,3,0,0.0,0
0.3569,31,0,0.5691,2844.0,11,0,0,0,1.0,0
0.63,50,0,0.71,12239.0,5,0,1,0,1.0,0
0.8139,51,0,0.3983,,6,0,1,0,1.0,0
0.0959,68,0,0.4337,2141.0,5,0,0,0,0.0,0
0.3346,69,0,0.5025,4616.0,10,0,0,0,0.0,0
0.5863,54,0,0.3607,4810.0,7,0,2,0,0.0,0
0.3052,81,0,0.5817,5140.0,4,0,1,0,0.0,0
1.8072,55,0,0.5696,5415.0,9,0,0,0,1.0,0
0.3365,66,0,0.8081,,4,0,2,0,,0
0.1233,51,0,0.1739,2950.0,18,0,4,0,0.0,0
0.6627,36,0,0.5168,9221.0,8,0,1,0,,0
0.0312,46,0,0.4067,18318.0,8,0,1,0,2.0,0
0.3606,73,0,0.232,7451.0,7,0,0,0,3.0,0
0.0794,48,0,0.1539,4486.0,6,0,1,0,0.0,0
0.8462,45,1,1.138,4619.0,10,0,1,0,1.0,0
0.1247,52,0,0.8943,7451.0,12,0,2,0,,0
0.261,47,1,0.5514,5506.0,6,0,1,0,0.0,0
0.3282,69,0,0.4091,9251.0,10,0,0,0,1.0,0
0.288,78,0,0.1935,3684.0,5,0,1,0,0.0,0
0.1808,52,0,0.2216,12747.0,6,0,2,0,0.0,0
0.4434,60,0,0.6697,10411.0,13,0,1,0,0.0,0
0.3974,66,0,0.0871,,10,0,0,0,0.0,0
2.3206,54,0,0.7322,18102.0,6,0,0,0,0.0,0
2.3491,40,0,0.6245,,4,0,1,0,2.0,0
0.2761,46,0,0.431,6933.0,11,0,2,0,2.0,0
0.8518,58,0,0.0739,6272.0,7,0,1,0,0.0,0
0.2904,58,0,0.8973,5980.0,7,0,1,0,1.0,0
0.0461,27,0,0.5648,3358.0,8,0,2,0,1.0,0
0.1854,46,0,0.2443,2400.0,12,0,1,0,0.0,0
0.0219,42,0,0.9669,,14,0,1,0,1.0,0
0.2587,64,0,0.2211,,8,0,1,0,0.0,0
0.2586,42,0,0.5616,10829.0,6,0,0,0,1.0,0
0.461,46,0,0.7572,5626.0,7,0,2,0,2.0,0
0.0763,45,0,0.2028,8284.0,9,0,2,0,0.0,0
0.2383,63,0,0.8735,7811.0,3,0,2,0,2.0,0
0.4444,66,0,0.1285,4723.0,9,0,1,0,0.0,0
0.6118,59,0,0.5471,,6,0,3,0,0.0,0
0.0586,67,0,0.6017,5132.0,4,0,1,0,3.0,0
0.879,69,0,0.478,7545.0,6,0,1,0,0.0,0
0.7551,27,0,0.6397,3577.0,9,0,0,0,1.0,1
0.2833,60,0,0.8818,11557.0,4,0,2,0,2.0,0
0.1919,47,0,0.6922,4357.0,11,0,0,0,1.0,0
0.3489,34,0,0.2269,4227.0,10,0,1,0,0.0,0
0.4384,48,0,0.4352,4897.0,9,0,1,0,1.0,0
0.5418,62,0,0.2197,10031.0,9,0,1,0,0.0,0
0.2258,72,0,0.6471,7145.0,9,0,1,0,1.0,0
3.8848,33,0,0.234,10397.0,10,0,1,0,1.0,0
0.2329,61,0,0.1027,,2,0,1,0,0.0,0
0.2878,80,0,0.5763,5672.0,8,0,3,0,1.0,0
0.4011,78,0,0.4449,4410.0,6,0,1,0,0.0,0
0.0782,21,0,0.3073,2270.0,2,0,0,0,1.0,0
2.0393,83,0,0.3727,9805.0,7,0,1,0,2.0,0
0.1919,65,0,0.0908,,10,0,0,0,1.0,0
0.8423,21,0,0.2021,,10,0,1,0,2.0,0
0.0786,41,0,0.3516,7426.0,11,0,1,0,0.0,0
0.6238,70,0,0.1497,3511.0,8,0,1,0,1.0,0
2.3372,57,0,0.4742,,10,0,0,0,0.0,0
0.1937,44,0,0.4031,,5,0,1,0,1.0,0
6.4417,53,0,0.2768,7136.0,9,0,1,0,1.0,0
0.14,60,0,0.4458,8565.0,6,0,1,0,0.0,0
0.1866,44,0,0.9949,2513.0,8,0,0,0,0.0,0
0.0352,50,0,0.6025,13603.0,9,0,0,0,0.0,0
0.1102,65,0,0.568,4192.0,8,0,2,0,0.0,0
0.5136,42,0,0.4134,2232.0,13,0,1,0,,0
0.444,33,0,0.7981,4860.0,5,0,0,0,0.0,0
0.3758,43,0,0.2834,1815.0,12,0,1,0,0.0,0
0.0976,40,0,0.9836,6273.0,5,0,0,0,0.0,0
0.9879,44,0,0.4877,6161.0,11,0,1,0,1.0,0
0.8107,28,0,1.2604,2383.0,7,0,0,0,0.0,1
0.6151,55,0,1.2319,1422.0,9,0,1,0,1.0,0
0.4121,64,0,0.4306,4310.0,6,0,1,0,1.0,0
0.189,41,0,0.9963,3173.0,7,0,2,0,2.0,0
0.1019,43,0,0.6593,3031.0,7,0,1,0,0.0,0
0.0986,49,0,0.9457,,6,0,0,0,1.0,0
0.2472,39,0,0.6663,2445.0,6,0,4,0,0.0,0
0.2802,66,0,0.4169,,8,0,0,0,0.0,0
0.3583,40,0,1.4731,4882.0,6,0,0,0,2.0,0
0.8115,45,0,0.245,5089.0,7,0,0,0,3.0,0
0.2792,41,0,0.7587,5447.0,10,0,0,1,2.0,0
0.5763,66,0,0.5188,,12,0,1,0,0.0,0
0.0478,49,0,0.4744,,9,0,1,0,1.0,0
0.2181,80,0,0.3076,24269.0,6,0,1,0,0.0,0
0.3413,57,0,0.6083,17727.0,9,0,1,0,1.0,0
0.0447,68,0,0.4271,,12,0,0,0,1.0,0
2.5624,47,0,0.3356,12597.0,10,0,1,0,3.0,0
0.0955,39,0,0.3836,3313.0,6,0,0,0,1.0,0
0.3834,52,0,0.6377,9899.0,5,0,4,0,2.0,0
0.9387,42,1,0.3308,,3,0,1,0,2.0,0
0.0562,24,0,0.5429,8024.0,8,0,1,0,0.0,0
0.3317,66,0,0.1745,,8,0,0,0,1.0,0
6.3624,52,0,0.734,6375.0,9,0,1,0,1.0,0
1.4197,42,0,0.4896,3801.0,8,0,0,0,2.0,0
0.429,57,2,0.0942,9929.0,6,1,0,0,0.0,0
0.2171,53,0,0.6028,,10,0,2,0,0.0,0
0.0574,72,0,0.2418,,8,0,2,0,2.0,0
0.1895,58,0,0.3662,5827.0,5,0,1,0,1.0,0
2.2886,50,0,0.2854,3895.0,10,0,0,0,0.0,0
0.03,62,0,0.4325,,12,0,2,0,1.0,0
0.6678,51,0,0.4535,4461.0,11,0,1,0,0.0,0
0.074,55,3,0.2974,6744.0,6,1,0,0,2.0,0
0.3457,69,0,0.991,2659.0,8,0,2,0,0.0,0
1.1116,36,2,0.7177,3261.0,8,0,0,0,0.0,0
0.1251,40,0,1.1143,8591.0,11,0,1,0,1.0,0
0.0272,46,0,0.5668,3410.0,13,0,2,0,2.0,0
0.4493,48,0,0.5009,5471.0,10,0,1,0,2.0,0
0.1781,68,0,0.4762,7820.0,10,0,0,0,0.0,0
0.3327,32,0,0.3825,,13,0,1,0,0.0,0
0.5951,52,1,0.4153,,12,0,2,4,1.0,0
0.3665,44,0,0.4399,7177.0,10,0,2,0,0.0,0
0.0954,76,0,0.7741,7830.0,5,0,0,0,1.0,0
0.2115,64,0,0.0952,3755.0,7,0,1,0,0.0,0
2.3021,55,0,0.5433,2902.0,14,0,0,0,0.0,1
0.6824,66,0,0.4827,8620.0,11,0,3,0,2.0,0
1.7711,34,1,0.6033,4294.0,12,0,1,0,1.0,0
0.6459,80,0,0.5605,30010.0,3,0,0,0,0.0,0
0.1693,40,0,0.6463,3212.0,7,0,1,0,1.0,0
0.0751,70,0,0.6808,2798.0,5,0,1,0,0.0,0
0.3416,60,0,0.0923,11360.0,6,0,0,0,3.0,0
1.035,56,0,0.5352,,7,0,3,0,1.0,0
0.3592,69,3,0.3701,9205.0,10,0,0,0,1.0,1
0.1098,66,0,0.708,5799.0,6,0,3,0,0.0,0
0.2943,54,0,1.3663,,6,0,0,0,0.0,0
0.1641,46,0,0.7937,3608.0,10,0,2,0,1.0,0
3.1357,54,0,0.485,6733.0,5,0,0,0,1.0,0
0.765,51,0,1.0386,2883.0,7,0,1,0,,0
0.0913,57,0,0.2692,7670.0,5,0,1,0,0.0,0
0.3132,66,0,0.6904,20487.0,3,0,0,0,0.0,0
0.4697,59,0,0.8153,,6,0,1,0,0.0,0
0.7011,55,0,0.1409,5841.0,8,0,1,0,0.0,0
0.1062,43,0,0.577,6341.0,13,0,0,0,1.0,0
0.2402,57,0,0.5968,5256.0,8,0,1,0,2.0,0
0.4795,28,0,0.1126,4191.0,4,0,1,0,0.0,0
1.217,41,0,0.2947,6377.0,12,1,0,0,2.0,0
1.7437,60,0,0.6186,,5,0,1,0,1.0,0
0.0428,64,3,0.339,11193.0,6,0,2,0,,0
0.1495,52,0,0.5721,9900.0,10,0,0,0,0.0,0
0.2231,55,0,0.6345,4629.0,10,0,0,0,1.0,0
0.6325,57,0,0.0826,5514.0,3,0,0,0,2.0,0
0.1396,62,0,0.7636,11348.0,6,0,2,0,0.0,0
0.3619,49,0,0.5751,11814.0,3,0,2,0,0.0,0
0.7015,38,0,0.9454,5981.0,13,0,0,0,1.0,0
0.3983,57,0,0.6948,2524.0,7,0,1,0,1.0,0
0.3831,79,0,0.4658,14647.0,7,0,2,0,0.0,0
0.0911,39,0,0.4509,1916.0,9,0,1,0,1.0,0
0.0373,50,0,0.383,17696.0,11,0,0,0,1.0,0
0.4358,47,0,0.5719,2558.0,6,0,2,0,,0
3.2204,86,0,0.105,16713.0,5,0,4,0,0.0,1
1.5707,39,0,0.2138,4486.0,9,0,2,0,2.0,0
0.4739,50,0,0.3897,7580.0,10,0,0,0,,0
0.494,47,0,0.0851,2721.0,8,0,0,0,0.0,0
0.5096,34,0,0.8426,2775.0,9,0,1,0,,0
1.6189,34,0,0.3762,,9,0,1,0,1.0,0
0.0632,60,0,0.3796,4466.0,7,0,1,0,0.0,0
3.4964,62,0,0.1608,7089.0,8,0,0,0,0.0,0
0.4671,44,0,0.3843,3902.0,7,0,2,0,0.0,0
0.0136,72,0,0.1431,6725.0,11,0,0,0,1.0,0
0.3631,21,0,0.3721,5353.0,7,0,1,0,2.0,0
0.056,34,3,0.7525,6788.0,9,0,1,0,0.0,0
0.9376,40,0,0.5862,3260.0,9,0,2,0,1.0,0
0.2538,52,0,0.6313,,3,0,1,0,1.0,0
4.541,46,0,0.2302,,5,0,0,0,0.0,0
0.0527,49,1,0.0584,11905.0,11,0,0,0,1.0,0
2.2286,59,0,1.2576,,2,0,1,0,0.0,0
0.4337,72,0,0.4839,,9,0,1,0,0.0,0
0.4972,63,0,0.3289,,7,0,1,0,1.0,0
0.3636,53,0,0.5463,4754.0,11,0,1,0,2.0,0
0.3495,51,0,0.432,,5,0,1,0,1.0,0
0.4417,67,1,0.4743,11320.0,7,2,0,1,0.0,0
0.181,78,0,0.3202,2537.0,11,0,1,0,0.0,0
0.4814,61,0,0.522,,10,0,2,0,1.0,0
0.0521,45,0,0.4643,3148.0,10,0,0,0,1.0,0
0.0776,56,0,0.6469,15433.0,3,0,2,0,0.0,0
0.158,60,0,0.2178,7962.0,10,0,0,0,0.0,0
0.5983,44,0,0.1328,14706.0,6,0,1,0,0.0,0
0.3482,64,0,0.5353,3105.0,7,0,1,0,1.0,0
0.3194,56,0,0.4398,,7,0,1,0,0.0,0
0.1935,68,0,0.151,6645.0,7,0,3,0,1.0,0
0.0512,38,0,0.496,1919.0,7,0,2,0,1.0,0
0.3696,28,0,0.7519,8189.0,9,0,0,0,0.0,0
0.4365,47,0,0.921,1870.0,8,0,1,0,2.0,0
1.4029,52,0,0.9741,,6,0,0,0,1.0,0
0.0066,27,0,0.2666,3915.0,6,0,2,0,0.0,0
0.8637,43,0,0.4941,1793.0,11,0,0,0,0.0,0
0.6513,70,0,0.8913,6039.0,6,0,0,0,0.0,0
0.1481,59,0,0.4649,4849.0,5,0,0,0,1.0,0
0.3709,54,0,1.2871,2645.0,7,0,2,0,0.0,0
0.4977,37,0,0.1488,,9,0,1,0,1.0,0
0.8087,70,0,0.0157,3646.0,9,0,1,0,1.0,0
0.2201,46,0,1.1953,,9,0,1,0,1.0,0
5.8523,53,0,0.1934,23151.0,10,0,1,0,0.0,0
0.1475,58,0,0.5947,,7,0,3,0,0.0,0
0.4651,54,0,0.7051,13391.0,6,0,0,0,1.0,0
0.4942,73,0,0.8275,845.0,6,0,0,0,1.0,1
0.5032,60,0,0.6634,2176.0,11,0,1,0,,0
0.5122,57,0,0.4014,,6,0,0,0,0.0,0
0.0709,51,0,0.6827,3184.0,6,0,2,0,0.0,0
0.6999,58,0,0.2003,,8,0,0,0,,0
0.0831,49,0,0.2678,8861.0,8,0,1,0,0.0,1
1.8362,55,0,0.1913,7925.0,8,0,1,0,1.0,0
0.0212,47,0,0.6783,2581.0,10,0,3,0,1.0,0
0.5988,45,0,0.5923,,7,0,0,0,1.0,1
1.3563,39,0,0.64,4521.0,6,0,1,0,1.0,0
3.8501,48,0,0.1061,6534.0,8,0,0,0,2.0,0
0.445,47,0,0.3273,7057.0,4,0,1,0,0.0,0
0.2031,78,0,0.5205,3157.0,12,0,2,0,0.0,0
0.6519,66,0,0.353,4036.0,7,0,1,0,0.0,0
0.2188,50,1,0.9233,7301.0,6,0,1,1,1.0,0
0.0401,46,0,1.0637,5765.0,6,0,0,0,1.0,0
0.7565,61,0,0.6701,3899.0,11,0,2,0,1.0,1
0.2343,79,0,0.2351,,8,0,0,0,2.0,0
0.3197,63,0,0.3201,16819.0,9,0,0,0,1.0,0
0.1588,28,0,0.4698,,10,0,4,0,1.0,0
0.7147,64,0,0.2937,7725.0,8,0,0,0,0.0,0
0.3627,67,0,1.155,10181.0,8,0,2,0,0.0,0
0.7236,83,0,0.901,8354.0,6,0,4,0,2.0,0
0.098,49,0,0.6692,4850.0,5,0,1,0,0.0,0
0.4573,54,0,0.3333,2828.0,10,0,0,0,0.0,0
0.5939,58,0,0.3801,3662.0,8,0,0,0,1.0,0
0.0012,41,0,0.3195,10536.0,8,0,0,0,0.0,0
0.5226,40,0,0.7807,,7,0,0,0,0.0,0
0.8101,58,0,0.0886,8713.0,4,0,1,0,2.0,0
0.6,30,0,0.6431,2242.0,4,0,0,0,0.0,0
0.0786,34,0,0.3497,4758.0,6,0,2,0,0.0,0
0.1337,63,0,0.9916,18190.0,6,0,1,0,1.0,0
0.6062,59,0,0.3634,7108.0,9,0,1,0,0.0,0
0.7018,69,0,0.2391,5021.0,7,0,1,0,0.0,0
0.1523,58,0,0.3694,1877.0,8,0,0,0,3.0,0
0.5406,52,0,0.7033,5742.0,6,0,1,0,0.0,0
0.006,70,0,0.479,,12,0,1,0,1.0,0
0.3033,46,0,0.1675,,7,0,1,0,1.0,0
0.098,47,0,0.6766,10390.0,10,0,1,0,2.0,0
0.5098,51,0,0.3595,4636.0,5,0,1,0,1.0,0
0.1413,58,0,0.8252,2694.0,13,0,0,0,0.0,0
0.3669,51,0,0.4959,4390.0,7,0,0,0,2.0,0
3.1402,31,0,0.3562,3046.0,13,0,3,0,0.0,0
0.0941,48,0,0.5362,,7,0,0,0,3.0,0
5.2288,52,1,0.2188,4388.0,4,2,4,1,,0
0.1102,54,0,0.5658,2201.0,8,0,0,0,1.0,0
0.5367,46,0,0.6784,4315.0,10,0,1,0,0.0,0
2.6131,59,0,0.7759,3629.0,9,0,0,0,0.0,0
0.1374,29,0,0.6879,11144.0,11,0,0,0,,0
0.6045,58,0,0.5405,4009.0,9,0,3,0,2.0,0
0.0029,77,0,0.1079,18786.0,11,0,1,0,0.0,1
0.7657,44,0,0.3563,6470.0,8,0,0,0,0.0,0
0.6783,53,0,0.4921,9210.0,5,0,0,0,1.0,0
0.1011,49,0,0.46,,6,0,0,0,0.0,0
0.2836,49,0,0.0516,6162.0,4,0,1,0,0.0,0
0.5052,38,0,0.269,,3,0,1,0,2.0,0
0.5781,80,0,0.559,2991.0,9,0,3,0,2.0,0
0.0644,57,0,0.3121,3827.0,9,0,1,0,0.0,0
0.5814,43,0,0.3563,4752.0,12,0,0,0,,0
1.449,41,0,0.8227,4274.0,8,0,2,0,1.0,1
0.8765,53,0,0.0627,,11,0,1,0,0.0,0
0.593,22,0,0.1877,6432.0,5,0,1,0,0.0,0
0.052,67,0,0.4818,,9,0,3,0,1.0,0
5.2527,45,1,0.7833,2558.0,9,0,0,0,1.0,0
0.7295,57,0,0.6859,11911.0,15,0,0,0,1.0,0
0.7131,58,0,0.0857,3964.0,6,0,2,0,1.0,0
0.0824,66,0,0.729,,5,0,2,0,1.0,0
0.3637,59,0,1.1164,14041.0,8,0,1,0,0.0,0
0.6871,62,0,0.278,3675.0,4,0,0,0,1.0,0
11.3331,66,0,0.1624,,5,0,2,0,0.0,0
0.031,47,0,0.101,,14,0,1,0,1.0,0
0.0681,82,0,0.7507,,4,0,1,0,0.0,0
0.4885,57,2,0.714,3781.0,13,0,1,1,1.0,0
0.227,52,0,0.819,6236.0,4,0,0,0,1.0,0
0.3523,40,0,0.4916,2759.0,6,0,3,0,,0
0.0866,49,0,0.9091,,6,0,1,0,2.0,0
0.8954,58,0,0.4453,5405.0,8,0,0,0,,0
1.7099,53,0,0.2419,8191.0,5,0,0,0,3.0,0
0.0423,78,0,0.5236,14229.0,14,0,0,0,0.0,0
0.3747,47,0,0.1464,,5,0,0,0,,0
0.6122,62,0,0.7554,,10,0,2,0,0.0,1
0.024,36,0,0.3572,,6,0,1,0,0.0,0
2.393,83,0,0.7998,2070.0,10,0,4,0,1.0,1
0.4028,35,0,0.4854,4821.0,6,0,0,0,0.0,0
0.3329,81,0,0.6287,2462.0,7,0,0,0,1.0,0
0.1565,50,0,0.526,,5,0,1,0,1.0,0
0.1607,21,0,0.6214,,9,0,0,0,0.0,0
0.2785,71,0,0.1877,8006.0,2,0,0,0,0.0,0
0.722,53,0,1.0372,5105.0,12,0,1,0,1.0,0
0.1415,46,0,0.2239,4665.0,12,0,0,0,0.0,0
0.7797,61,0,0.6374,4478.0,9,0,0,0,3.0,0
0.3753,61,0,0.0745,,9,0,2,0,2.0,0
0.4041,58,2,0.498,,15,0,0,0,0.0,0
0.4861,68,0,0.7734,7048.0,3,0,4,0,1.0,0
0.0596,56,0,0.3372,8228.0,9,0,1,0,2.0,0
0.4038,61,0,0.7484,,8,0,1,0,0.0,0
0.3952,45,0,0.7951,4533.0,9,0,2,0,1.0,0
0.0016,63,0,0.1644,4281.0,8,0,3,0,1.0,0
0.6752,45,0,0.0945,13900.0,8,0,2,0,0.0,1
0.0642,36,0,0.6945,,3,0,0,0,0.0,0
0.3238,49,0,0.3668,4153.0,11,0,2,0,1.0,0
2.4939,48,0,0.5561,2920.0,8,0,3,0,1.0,0
2.0948,65,0,0.6476,9059.0,8,0,0,0,1.0,0
0.1917,32,0,0.531,,4,0,1,0,1.0,0
0.1723,67,0,0.7932,15668.0,15,0,0,0,2.0,0
0.1647,43,0,0.4921,7932.0,9,0,1,0,1.0,0
0.263,21,0,0.6311,14173.0,9,0,0,0,,0
0.6896,35,0,0.7423,9900.0,2,0,0,0,0.0,0
0.5825,48,0,0.1998,,10,0,1,0,0.0,0
2.3182,58,0,0.5819,3617.0,4,0,2,0,1.0,0
0.3648,50,0,0.289,3178.0,10,0,0,0,1.0,0
0.2319,35,0,0.8737,10295.0,5,0,1,0,0.0,0
0.793,41,0,0.4723,8598.0,5,0,2,0,,0
0.6082,35,0,0.7883,4794.0,3,0,3,0,0.0,0
0.2147,56,0,0.6489,6901.0,7,0,0,0,1.0,0
2.1895,51,0,0.6092,,4,0,1,0,0.0,0
0.2562,61,0,0.6455,8260.0,6,0,1,0,3.0,0
0.2747,27,3,0.3696,,8,0,2,0,1.0,0
2.8608,45,0,0.6854,,9,0,3,0,1.0,1
0.6471,80,0,0.7588,4697.0,8,0,1,0,3.0,1
0.3937,61,0,0.508,4755.0,5,0,1,0,1.0,0
0.133,48,0,0.3837,11190.0,9,0,2,0,1.0,0
0.6233,38,0,0.4499,,12,0,1,0,,0
0.3673,68,0,0.25,7277.0,6,0,1,0,1.0,0
0.5079,73,0,0.3798,,10,0,1,0,0.0,0
0.2313,36,0,0.1786,,11,0,1,0,0.0,0
0.0954,37,0,0.4286,8030.0,8,0,0,0,0.0,0
0.4925,56,0,0.376,1854.0,6,0,2,0,1.0,0
4.3423,57,0,0.662,22953.0,10,0,0,0,0.0,0
0.5399,59,0,0.2508,6131.0,8,0,0,0,0.0,0
0.3381,78,0,0.3007,10178.0,6,0,0,0,2.0,0
0.5476,38,0,0.415,3045.0,11,0,2,0,1.0,0
1.0805,53,0,0.8261,3997.0,8,0,1,0,0.0,0
0.0567,62,0,0.2946,3127.0,9,0,1,0,1.0,0
8.9484,62,1,0.7397,,10,0,0,0,0.0,0
0.7137,43,0,0.6543,6330.0,6,0,1,0,0.0,0
0.1573,43,0,0.3945,6482.0,4,0,0,0,2.0,0
0.3565,46,0,0.7591,3048.0,5,0,2,0,0.0,0
0.585,76,0,0.1565,,6,0,3,0,0.0,0
0.0992,38,0,0.7009,4360.0,10,0,0,0,3.0,0
0.1653,47,0,0.435,1586.0,7,0,1,0,0.0,0
0.0843,63,0,0.9243,,6,0,0,0,0.0,0
3.4185,37,2,0.3833,7434.0,10,0,2,1,3.0,0
0.1011,56,0,0.5509,2906.0,7,0,0,0,1.0,0
0.0441,25,0,0.7847,6650.0,5,0,3,0,,0
0.8807,55,2,0.6018,7245.0,6,0,1,0,0.0,0
0.0818,53,0,0.7977,,11,0,1,0,0.0,0
0.3157,54,0,0.6402,9963.0,7,0,1,0,1.0,0
0.257,40,0,0.8192,,2,0,0,0,1.0,0
0.0951,55,0,0.1086,9715.0,10,0,2,0,0.0,0
0.4567,51,0,0.3435,16537.0,4,0,1,0,,0
1.2162,70,0,0.836,5160.0,8,0,0,0,2.0,0
0.6469,61,0,0.7035,10123.0,8,0,2,0,,0
1.5406,32,0,1.0346,3321.0,11,0,0,0,,0
0.3266,40,0,0.3867,9741.0,7,0,2,0,1.0,0
3.5062,43,0,0.6797,3775.0,6,0,3,0,2.0,1
0.3208,55,1,0.333,,9,0,3,0,0.0,0
0.2659,50,0,0.013,1035.0,14,0,1,0,1.0,0
5.6272,50,0,0.7128,21972.0,12,0,0,0,1.0,0
0.3947,91,0,0.3089,5983.0,10,0,1,0,0.0,0
0.2573,45,0,0.3025,3639.0,8,0,1,0,4.0,0
0.2525,71,0,0.6462,9735.0,7,0,1,0,1.0,0
0.1676,50,0,0.1508,4651.0,11,0,2,0,,0
0.1477,22,0,0.467,1955.0,15,0,1,0,1.0,0
0.0833,55,0,0.3237,11958.0,7,0,1,0,0.0,0
0.2305,68,0,0.3877,4944.0,7,0,2,0,1.0,0
0.7264,61,0,0.3346,4521.0,10,0,0,0,1.0,0
0.1055,56,0,0.6191,8624.0,8,0,2,0,0.0,0
1.0174,52,0,0.4064,5477.0,3,0,3,0,1.0,0
0.0449,45,0,0.5093,,12,0,0,0,,0
1.2638,65,0,0.2958,3681.0,4,0,1,0,1.0,0
0.4461,46,0,0.6534,4744.0,9,0,2,0,0.0,0
0.0216,43,0,0.3275,,9,0,2,0,1.0,0
1.4067,58,0,0.7792,,7,0,3,0,0.0,1
0.4625,48,0,0.6268,20263.0,6,0,1,0,0.0,0
2.2996,70,0,0.567,,6,0,0,0,0.0,1
0.8993,59,0,0.294,,4,0,1,0,1.0,0
0.7838,41,0,0.4725,11070.0,8,0,1,0,2.0,0
0.5316,36,0,0.6415,,9,0,3,0,3.0,1
2.147,44,1,0.3259,15761.0,5,0,0,0,0.0,0
4.5877,85,0,0.6971,,7,0,3,0,3.0,0
0.2133,49,0,0.3908,5847.0,9,0,2,0,,0
0.2475,63,0,0.1562,3812.0,10,0,2,0,0.0,0
0.6943,34,0,0.0337,3588.0,6,0,0,0,0.0,0
0.7848,37,0,0.4134,4538.0,10,0,1,0,2.0,0
0.3347,49,0,0.1665,6511.0,7,0,2,0,2.0,0
0.3869,76,0,0.1048,4518.0,5,0,0,0,2.0,0
0.908,34,0,0.2725,,4,0,1,0,0.0,0
0.5264,43,0,0.4563,,7,0,0,0,0.0,0
0.1862,65,0,0.1648,,9,0,1,0,2.0,0
0.8672,74,0,0.2385,,6,0,2,0,1.0,0
0.2248,58,0,0.3514,5991.0,13,0,2,0,1.0,1
0.0764,61,0,0.604,2222.0,13,0,2,0,1.0,0
0.0004,39,0,0.4493,4073.0,6,0,1,0,2.0,0
0.1101,33,0,0.2997,7242.0,10,0,1,0,1.0,0
15.568,36,0,0.2535,,3,0,1,0,0.0,0
0.2651,40,0,0.2859,3801.0,13,0,1,0,1.0,0
0.1527,55,0,0.5571,,10,0,1,0,0.0,0
0.7654,35,0,1.0292,3552.0,7,0,0,0,4.0,0
0.4694,56,0,0.5481,1799.0,11,0,1,0,0.0,0
7.4826,48,0,0.4922,2031.0,6,0,0,0,1.0,0
0.8995,44,0,0.6606,5020.0,11,0,1,0,0.0,0
0.5742,64,0,0.1917,4104.0,7,0,2,0,0.0,0
0.4911,39,0,0.0399,4271.0,9,0,0,0,0.0,0
0.2625,72,0,0.6669,2877.0,15,0,4,0,0.0,0
0.596,64,0,0.6075,4039.0,7,0,0,0,0.0,0
0.0807,38,0,0.8171,3579.0,10,0,3,0,0.0,0
0.2812,69,0,0.7724,1756.0,7,0,0,0,1.0,0
0.3014,36,0,1.4937,5163.0,8,0,1,0,2.0,0
0.3868,70,0,0.8258,10424.0,9,0,0,0,2.0,0
4.8505,57,1,0.2431,9275.0,9,0,0,0,1.0,0
0.1306,30,0,0.1874,5890.0,9,0,1,0,0.0,0
0.493,34,0,0.7709,5573.0,7,0,1,0,1.0,0
2.2392,46,0,0.0756,4120.0,6,0,3,0,2.0,0
0.5237,64,0,0.5621,2080.0,9,0,2,0,0.0,0
0.3101,50,0,0.1235,2522.0,13,0,0,0,0.0,0
0.3072,49,0,1.2396,5671.0,4,0,1,0,1.0,0
1.8335,53,0,0.5,2619.0,6,0,0,0,0.0,0
0.2209,24,0,0.6189,3012.0,5,0,1,0,1.0,0
1.7246,64,0,0.1993,6239.0,6,0,0,0,0.0,0
0.0916,71,0,0.2301,4543.0,10,0,0,0,3.0,0
0.0718,63,0,0.3957,3347.0,5,0,1,0,0.0,0
0.9099,46,0,0.118,6642.0,12,0,2,0,0.0,0
0.0244,40,0,0.4285,4302.0,10,0,1,0,0.0,0
0.037,37,0,0.5042,3655.0,11,0,0,0,1.0,0
0.0802,36,0,1.1801,3204.0,7,0,0,0,0.0,0
1.7744,84,1,0.2161,11105.0,7,0,1,0,1.0,0
1.0485,51,0,0.3517,8602.0,5,0,2,0,1.0,0
0.4666,65,0,0.6206,9543.0,11,0,0,0,1.0,0
0.2242,64,0,0.4433,9972.0,7,0,1,0,1.0,0
0.1323,54,0,0.3114,4197.0,10,0,1,0,0.0,0
2.4281,39,0,0.6644,,6,0,1,0,3.0,0
0.1168,59,0,0.1949,16675.0,7,0,1,0,2.0,0
0.3501,37,0,0.3067,1442.0,1,0,3,0,0.0,0
0.7416,60,0,0.5708,9639.0,6,0,1,0,1.0,0
2.4012,37,0,0.4477,,9,0,2,0,1.0,0
0.2377,46,0,0.3568,5225.0,7,0,1,0,1.0,0
0.7044,46,0,0.1487,3700.0,16,0,1,0,1.0,0
5.8082,72,0,0.6565,6960.0,4,0,0,0,0.0,0
0.2109,21,1,0.3456,3513.0,6,0,0,0,0.0,0
0.0829,85,0,0.4662,9273.0,12,0,0,0,2.0,0
0.2836,41,0,0.2869,9663.0,8,0,2,0,2.0,0
0.7795,50,0,0.57,5321.0,7,0,2,0,1.0,1
0.159,58,0,0.188,8477.0,8,0,2,0,0.0,0
0.4692,57,0,0.4119,6951.0,8,0,0,0,2.0,0
0.905,64,0,0.8816,14200.0,8,0,0,0,,0
0.4105,61,0,0.4771,2526.0,8,0,1,0,1.0,0
0.751,81,0,0.3249,5686.0,9,0,1,0,1.0,0
0.059,62,0,0.617,,7,0,0,0,0.0,0
0.582,50,0,0.0628,21769.0,3,0,0,0,2.0,0
0.4791,44,0,0.5627,,8,0,2,0,0.0,1
0.465,44,0,0.7006,16457.0,9,0,2,0,0.0,0
0.0775,70,0,0.9683,10922.0,5,0,0,0,1.0,0
5.7789,77,2,0.7809,2801.0,7,0,1,0,0.0,0
0.459,66,0,0.6199,,9,0,1,0,1.0,0
0.3858,21,0,0.7993,4201.0,8,0,0,0,1.0,0
0.083,21,0,0.6229,10495.0,6,0,0,0,0.0,0
0.6764,52,0,0.2285,,4,0,0,0,1.0,0
2.3644,50,0,0.9535,5740.0,10,0,0,0,0.0,0
0.4734,52,0,0.2505,13391.0,10,0,1,0,1.0,0
0.6437,70,0,0.3126,8833.0,7,0,1,0,0.0,0
0.3448,69,0,0.1307,16205.0,7,0,1,0,0.0,0
1.4992,54,0,0.5285,4263.0,9,0,0,0,0.0,0
0.3488,31,0,0.5213,6882.0,6,0,3,0,1.0,0
0.4707,35,0,0.7456,4418.0,8,0,1,0,,0
0.5969,53,0,0.5734,10086.0,8,0,0,0,1.0,0
0.166,58,0,0.4751,10110.0,12,0,2,0,0.0,0
1.056,35,0,0.5131,1368.0,7,0,3,0,1.0,0
0.0881,61,0,0.7745,5668.0,11,0,2,0,1.0,0
0.9487,27,0,0.6344,3498.0,6,0,0,0,0.0,0
0.1196,21,0,0.1023,3939.0,9,0,1,0,0.0,0
7.9727,40,0,0.6186,7504.0,8,0,0,0,,0
0.0537,71,0,1.0845,8548.0,2,0,0,0,0.0,0
0.0739,73,0,0.5996,13591.0,6,0,3,0,0.0,0
1.9991,30,0,0.6164,12941.0,7,0,1,0,0.0,0
0.4604,31,0,0.4444,4848.0,7,0,2,0,0.0,0
0.7541,63,0,0.2357,3167.0,9,0,4,0,0.0,0
0.4868,46,0,0.0783,9178.0,7,0,3,0,0.0,0
3.7243,71,2,0.5691,4381.0,10,0,1,0,1.0,0
0.575,62,0,0.7857,12803.0,9,0,2,0,0.0,0
0.7037,65,0,0.8121,2177.0,9,0,0,0,1.0,0
1.495,40,0,0.3087,1405.0,9,0,0,0,0.0,0
0.3174,58,0,0.4734,,8,0,2,0,1.0,0
0.4574,80,0,0.9899,4779.0,12,0,0,0,0.0,1
0.0085,54,0,0.2217,16265.0,6,0,3,0,0.0,0
0.7932,51,0,0.4329,5668.0,9,0,3,0,1.0,1
0.5469,46,0,0.0932,15769.0,9,0,2,0,2.0,0
0.1588,30,0,0.3795,,13,0,0,0,0.0,0
0.4531,37,0,0.5216,,5,0,2,0,1.0,0
0.7204,40,0,0.4965,5309.0,5,0,2,0,0.0,0
0.3138,29,0,0.2586,,8,0,2,0,1.0,0
0.9986,30,0,0.5418,2923.0,6,0,2,0,0.0,0
0.1003,21,0,0.6857,10109.0,3,0,1,0,2.0,0
0.2864,41,0,0.0672,,6,0,0,0,1.0,0
0.9501,61,0,0.6158,8667.0,6,0,0,0,0.0,0
0.4422,48,0,0.5434,4271.0,5,0,3,0,3.0,1
0.4405,48,0,0.5437,4345.0,7,0,0,0,1.0,0
0.5989,63,0,0.9014,12756.0,14,0,0,0,1.0,0
1.1887,76,0,1.0419,2443.0,7,0,3,0,0.0,1
0.4355,84,0,0.9134,8295.0,9,0,1,0,1.0,0
0.0572,54,0,0.7353,6546.0,6,0,0,0,0.0,0
0.1203,48,0,1.0178,,10,0,2,0,1.0,0
0.5304,46,0,0.0714,6022.0,8,0,1,0,0.0,0
0.2883,60,0,0.8468,10016.0,10,0,1,0,1.0,0
0.8908,50,0,0.3355,3616.0,12,0,1,0,0.0,0
0.3425,50,0,0.8214,6790.0,8,0,1,0,2.0,0
0.2042,51,0,0.4191,5586.0,11,0,1,0,0.0,0
0.1935,39,0,0.016,,9,0,2,0,0.0,0
0.6313,21,0,0.962,9349.0,10,0,0,0,1.0,0
0.2635,43,0,0.0981,3932.0,7,0,0,0,2.0,0
0.774,72,0,0.8549,,11,0,2,0,1.0,1
0.7151,72,0,1.1863,,3,0,0,0,0.0,1
0.3885,65,0,0.6103,,3,0,0,0,1.0,0
1.9755,45,0,0.2675,9280.0,4,0,1,0,1.0,0
0.0474,41,0,0.7774,10641.0,12,0,0,0,3.0,0
2.4847,75,0,0.2305,11427.0,3,0,0,0,2.0,0
3.9247,37,0,0.3783,16731.0,7,0,1,0,2.0,0
0.7564,53,0,0.4514,,8,0,0,0,0.0,0
0.5191,76,0,0.666,,7,0,2,0,1.0,0
4.0355,54,0,0.8178,7737.0,6,0,1,0,2.0,0
1.0125,48,0,0.5983,,10,0,1,0,2.0,1
0.114,68,0,0.6136,,6,0,2,0,0.0,0
0.3931,53,0,0.4156,2628.0,5,0,1,0,3.0,0
0.6639,55,0,0.3406,3456.0,9,0,0,0,2.0,0
0.4321,73,0,0.4576,4610.0,5,0,0,0,1.0,1
0.7644,21,0,0.4353,,6,0,0,0,3.0,1
0.3306,57,0,0.1003,,9,0,2,0,0.0,0
0.2882,41,0,0.8013,,5,0,1,0,0.0,0
0.7003,49,0,0.8034,3647.0,13,0,0,0,0.0,0
0.0832,54,0,0.0075,8211.0,6,0,1,0,0.0,0
1.3786,43,0,0.3631,9734.0,7,0,0,0,1.0,0
0.3319,55,0,0.1223,,7,0,1,0,0.0,0
0.5145,57,0,0.6486,8461.0,6,0,1,0,0.0,0
0.3026,55,0,0.1287,3298.0,3,0,0,0,0.0,0
0.231,54,0,0.5771,4801.0,5,0,2,0,0.0,0
0.9944,50,0,0.9204,8790.0,7,0,0,2,1.0,0
0.1809,51,0,0.7755,10749.0,7,0,0,0,0.0,0
0.1773,53,0,0.7321,5375.0,1,0,0,0,0.0,0
0.9012,39,1,0.5465,,7,1,0,1,0.0,0
0.3947,70,0,0.0491,2106.0,6,0,2,0,1.0,0
0.2159,51,0,0.5708,8363.0,5,0,0,0,0.0,0
0.8711,46,0,0.3993,,7,0,0,0,0.0,0
1.7728,58,2,0.6523,,10,0,0,1,1.0,0
0.7203,50,0,0.262,1106.0,14,0,1,0,3.0,0
1.0075,69,0,0.9836,,5,0,4,0,0.0,1
0.1307,65,3,0.249,5488.0,12,1,1,0,1.0,1
2.5709,53,0,1.1236,4247.0,11,0,1,0,1.0,1
0.0575,65,0,0.4511,,5,0,0,0,2.0,0
0.1823,55,0,0.544,3184.0,11,0,2,0,2.0,0
1.3207,36,0,1.317,9553.0,8,0,0,0,0.0,0
0.6044,64,0,0.6426,7689.0,4,0,0,0,1.0,0
0.0297,25,0,0.3607,969.0,8,0,3,0,1.0,0
2.5586,21,2,0.1037,12371.0,5,0,0,0,1.0,0
0.1596,62,0,0.4206,12014.0,10,0,4,0,0.0,0
0.2078,58,0,0.5943,8730.0,8,0,2,0,0.0,0
0.4521,57,2,0.186,11795.0,11,0,2,0,1.0,0
0.0654,71,0,0.6532,5344.0,7,0,0,0,1.0,0
1.8752,52,0,0.3672,,11,0,0,0,1.0,0
0.5793,47,0,0.5193,4339.0,3,0,0,0,0.0,0
2.224,63,0,0.3063,,12,0,2,0,0.0,0
0.1524,42,0,0.7733,3216.0,11,0,2,0,1.0,0
3.0063,49,0,0.8218,12723.0,8,0,0,0,2.0,0
0.3856,56,0,0.8486,6840.0,9,0,0,0,0.0,0
0.3753,57,0,0.6399,3761.0,9,0,4,0,1.0,0
0.0709,47,0,0.2839,7916.0,4,0,1,0,4.0,0
0.4624,45,0,0.9306,8821.0,8,0,0,0,0.0,0
0.2625,36,0,0.3452,5239.0,12,0,2,0,3.0,0
1.3711,41,0,0.6078,4161.0,9,0,0,0,0.0,0
0.1833,77,0,0.1608,6615.0,8,0,2,0,0.0,0
0.5874,48,0,0.3078,4252.0,8,0,0,0,1.0,0
0.8235,55,0,0.289,3971.0,11,0,2,0,0.0,0
0.4985,31,0,0.6852,3589.0,10,0,2,0,0.0,0
3.1729,88,0,0.109,11739.0,7,0,1,0,1.0,0
0.3816,40,0,0.6444,5838.0,10,0,5,0,0.0,0
0.1544,36,0,1.3835,15874.0,8,0,1,0,1.0,0
0.6587,51,0,0.2152,7276.0,5,0,1,0,1.0,1
0.6008,40,0,0.3764,6693.0,11,0,3,0,0.0,0
0.2729,57,0,0.1107,,8,0,0,0,0.0,0
0.496,31,0,0.6124,6041.0,2,0,3,0,0.0,0
0.1773,68,0,0.7424,10669.0,8,0,5,0,0.0,0
0.193,65,0,0.4406,14073.0,8,0,0,0,1.0,0
0.3547,50,0,0.1038,3359.0,5,0,1,0,1.0,0
0.3082,29,0,0.4648,2832.0,8,0,0,0,1.0,0
0.3816,41,0,0.8211,3000.0,3,0,1,0,1.0,0
0.2954,53,0,0.2114,12896.0,11,1,1,0,2.0,0
0.2378,35,0,0.2958,7709.0,4,0,1,0,2.0,0
2.1891,37,0,1.001,4799.0,3,0,3,0,0.0,0
0.4999,67,0,0.1281,5476.0,8,0,1,0,0.0,0
1.0348,54,0,0.3154,4410.0,6,0,1,0,0.0,0
0.4307,54,0,0.9774,10861.0,8,0,1,0,2.0,0
0.1806,59,0,0.4979,1406.0,3,0,0,0,1.0,0
0.1365,50,4,0.6178,5606.0,4,1,1,0,0.0,0
1.5728,51,3,0.498,5576.0,9,0,2,0,2.0,0
1.3831,58,0,0.725,,7,0,1,0,0.0,0
1.7578,63,0,1.0523,6189.0,6,0,2,0,1.0,0
4.4072,59,0,0.5335,,10,0,1,0,2.0,0
0.6846,72,0,0.4906,7254.0,11,0,1,0,0.0,0
0.5725,52,0,0.6973,12743.0,4,0,0,0,1.0,0
0.2104,33,0,0.3472,16285.0,6,0,1,0,2.0,0
1.0492,67,0,1.4154,,12,0,0,0,3.0,0
0.8069,49,0,0.3965,9215.0,12,0,1,0,1.0,0
0.5574,41,0,0.2338,3830.0,8,0,0,0,0.0,0
0.3767,62,0,0.2169,6986.0,7,0,1,0,0.0,0
0.2941,57,0,0.8339,5463.0,9,0,1,0,2.0,0
0.0786,34,0,0.3331,7005.0,7,0,0,0,0.0,0
0.424,61,0,0.2753,3906.0,10,0,0,0,0.0,0
0.1808,78,0,0.1049,4169.0,9,0,1,0,0.0,0
0.2432,57,0,0.5941,,9,0,2,0,1.0,0
0.4195,48,0,0.2141,16344.0,6,0,0,0,0.0,0
0.3989,29,0,0.151,2236.0,8,0,2,0,0.0,0
0.0786,81,0,0.0283,10269.0,9,0,1,0,1.0,0
0.2474,45,0,0.3249,7565.0,3,0,0,0,2.0,0
0.0847,32,0,0.2483,8364.0,5,0,0,0,1.0,0
0.0611,54,0,0.6397,5138.0,4,0,3,0,1.0,0
0.6066,66,0,0.593,5430.0,8,0,2,0,1.0,0
0.1886,69,0,0.3474,4943.0,8,0,2,0,1.0,0
0.176,43,0,0.1684,4579.0,12,0,1,0,1.0,0
0.9154,51,0,0.6874,8200.0,6,0,1,0,1.0,0
0.5551,52,0,1.0359,,11,0,2,0,,0
2.0356,66,0,0.4811,10972.0,7,0,1,0,0.0,0
0.0157,60,0,1.1472,,10,0,0,0,1.0,0
0.2263,56,0,0.2739,3995.0,2,0,0,0,1.0,0
0.4462,65,0,0.5491,3748.0,9,0,0,0,0.0,0
0.4952,33,0,0.5975,1923.0,7,0,1,0,,0
0.7489,58,0,0.7256,3664.0,6,0,0,0,1.0,0
0.0059,55,0,0.0733,,11,0,2,1,0.0,0
0.2002,51,0,0.4365,6775.0,9,0,1,0,1.0,0
1.7588,49,0,0.7213,,9,0,0,0,1.0,0
0.5115,54,0,0.647,5714.0,14,0,0,0,2.0,0
0.7901,44,0,0.6196,4667.0,5,0,0,0,0.0,0
0.7418,90,0,0.4488,,7,0,0,0,0.0,0
0.2741,71,0,0.1778,3604.0,9,0,0,0,1.0,0
0.407,67,0,0.1838,,2,0,1,0,2.0,0
0.8837,45,1,0.6092,12138.0,8,0,1,0,1.0,0
0.1892,39,0,0.7594,11389.0,3,0,4,0,1.0,0
0.2536,49,1,0.5103,4271.0,5,0,1,0,0.0,0
0.482,54,0,0.584,6447.0,12,0,1,0,3.0,0
0.3388,32,0,0.1304,,10,0,1,0,0.0,0
0.6941,59,0,0.1706,,12,0,1,0,0.0,1
0.7924,67,0,0.4312,,4,0,4,0,1.0,0
0.1807,21,0,0.6857,2043.0,9,0,2,0,2.0,0
0.0582,39,0,0.4066,,6,0,2,0,0.0,0
0.5681,69,0,0.597,8836.0,5,0,0,0,0.0,0
1.7599,57,5,1.0013,11381.0,4,0,0,0,1.0,0
0.7343,40,0,0.5779,,15,0,1,0,1.0,0
0.5199,62,0,0.7212,6581.0,5,0,2,0,2.0,0
0.9172,44,0,0.4702,4589.0,9,0,1,0,3.0,0
0.2557,49,0,0.0997,3676.0,10,0,0,0,0.0,0
0.146,36,0,0.4299,,6,0,1,0,2.0,0
0.4475,52,0,0.508,,8,0,0,0,1.0,1
0.2544,66,0,0.7479,2927.0,7,0,2,0,1.0,0
0.3191,45,0,0.8675,3310.0,5,0,0,0,0.0,0
0.4303,61,0,0.5652,2375.0,11,0,0,0,1.0,0
2.0591,51,0,0.1824,16200.0,7,0,1,0,1.0,0
0.0421,67,0,0.2025,,6,0,1,0,0.0,0
0.0885,46,0,0.9989,,7,0,1,0,1.0,0
0.2183,74,0,0.8547,5505.0,7,0,2,0,1.0,0
0.4688,62,0,0.7545,,6,0,0,0,1.0,0
5.1126,55,0,0.6497,,9,0,0,0,1.0,1
0.4492,56,0,0.1687,3216.0,9,0,2,0,1.0,0
1.3205,45,0,0.2356,10674.0,2,0,2,0,0.0,0
0.4228,45,0,0.6393,3398.0,5,0,1,0,2.0,1
0.0645,56,0,0.3593,3833.0,10,0,0,0,1.0,0
1.0026,35,0,0.3247,7376.0,7,0,2,0,1.0,0
0.2845,44,0,0.3265,4465.0,11,0,1,0,1.0,0
0.4846,39,0,0.2392,,10,0,0,0,2.0,0
0.4358,60,0,0.3313,5451.0,9,0,1,0,0.0,0
0.0337,60,0,0.3435,9954.0,11,0,1,0,3.0,0
0.5996,70,0,0.5502,,6,0,3,0,0.0,1
0.6414,47,0,0.1284,6793.0,7,0,0,0,,1
0.5368,41,0,0.3789,7129.0,5,0,4,0,0.0,0
1.8896,31,0,1.2411,,6,0,2,0,0.0,1
0.386,56,0,0.8409,7098.0,10,0,0,0,1.0,0
0.0204,72,0,0.418,3432.0,8,0,0,0,1.0,0
0.4062,51,0,0.8844,,5,0,0,0,1.0,0
0.1708,52,0,0.0508,3664.0,9,0,2,0,1.0,0
0.1046,52,0,0.7517,3570.0,7,0,1,0,1.0,0
0.2475,56,0,0.22,4234.0,5,0,1,0,0.0,0
0.4533,66,0,0.8337,6279.0,6,0,2,0,0.0,0
0.584,79,0,0.4551,1879.0,10,0,0,0,0.0,0
2.1978,59,0,0.8464,5831.0,5,0,2,0,0.0,0
0.2347,60,0,0.5818,7323.0,8,0,1,0,0.0,0
3.4233,49,0,0.474,2502.0,4,0,0,0,2.0,0
0.1317,50,0,0.6906,6429.0,5,0,0,0,2.0,0
0.5629,50,0,0.1273,12949.0,9,0,0,0,2.0,0
0.4571,47,0,0.1249,6144.0,6,0,1,0,,0
0.3035,54,0,0.1967,,9,0,0,0,2.0,0
0.2724,61,0,0.6295,4697.0,8,0,0,0,1.0,0
0.2914,53,0,0.4264,2900.0,6,0,1,0,1.0,0
0.1711,48,0,0.5804,3029.0,12,0,4,0,3.0,0
0.6189,54,0,0.1528,3715.0,5,0,1,0,0.0,0
0.5138,39,0,0.543,6290.0,6,0,1,0,0.0,0
0.3221,63,0,0.2005,,8,0,2,0,1.0,0
2.8092,46,0,0.4635,7086.0,11,0,0,0,0.0,0
1.8356,36,0,0.0403,2134.0,5,0,1,0,1.0,0
0.4299,58,0,0.7898,3035.0,10,0,1,0,1.0,0
0.0255,59,0,0.4029,3287.0,5,0,0,0,0.0,0
0.313,40,0,0.5461,9423.0,5,0,1,0,2.0,0
0.5717,61,0,0.0313,5358.0,4,0,1,0,0.0,0
0.3449,61,0,0.4266,,9,0,0,0,2.0,0
0.4858,80,0,0.4292,4056.0,6,0,0,0,1.0,0
0.342,49,0,0.1181,,4,0,4,0,1.0,0
0.4622,51,0,0.3144,5242.0,11,0,1,0,0.0,0
0.0665,44,0,0.9871,6775.0,10,0,0,0,0.0,0
0.3807,59,0,0.3264,3462.0,3,0,1,0,3.0,0
0.1435,52,0,0.3396,3222.0,2,0,1,0,0.0,0
0.2902,66,0,0.1413,2452.0,4,0,0,0,1.0,0
0.2229,46,0,0.3469,1998.0,10,0,1,0,1.0,0
0.6969,59,0,0.6392,,8,0,1,0,1.0,1
0.5586,49,0,0.1463,1853.0,11,0,2,0,2.0,0
0.2957,26,0,0.1487,8593.0,5,0,0,0,0.0,0
0.0005,61,0,0.3262,3249.0,6,0,1,0,0.0,0
0.0523,28,0,0.583,,9,0,2,0,1.0,0
1.056,50,0,0.9015,4790.0,7,0,0,0,2.0,0
0.0027,50,0,0.74,2520.0,6,0,1,0,0.0,0
0.4208,52,0,0.6826,11580.0,3,0,1,0,1.0,0
0.6556,53,0,0.2015,7079.0,9,0,4,0,1.0,0
0.322,53,0,0.4989,3404.0,7,0,0,0,2.0,0
0.9414,57,0,0.6481,4645.0,12,0,1,0,0.0,0
0.2319,50,0,0.7132,4512.0,6,0,0,0,1.0,0
0.3359,89,0,0.9444,7560.0,6,0,1,0,0.0,0
0.5759,47,0,0.6429,4899.0,8,0,1,0,1.0,0
2.0715,35,0,0.0943,2114.0,7,0,1,0,0.0,0
0.3682,32,0,0.6074,2750.0,6,0,4,0,1.0,0
0.4953,61,0,0.3816,,13,0,0,0,1.0,0
0.4916,30,1,0.7177,4780.0,6,0,1,0,0.0,0
2.1864,35,0,0.5897,,8,0,0,0,2.0,0
0.8742,33,2,0.2981,4188.0,10,1,1,2,0.0,0
1.2306,58,0,0.2171,5366.0,10,0,1,0,0.0,0
1.2756,71,0,0.1594,8961.0,3,0,1,0,0.0,0
0.4083,39,0,0.6204,,8,0,0,0,1.0,0
0.1109,58,0,0.5019,9512.0,6,0,0,0,1.0,0
0.4917,21,0,0.2464,3361.0,8,0,1,0,2.0,0
0.279,42,1,0.0124,,4,0,0,0,0.0,1
0.2933,60,0,0.5617,,12,0,0,0,0.0,0
1.2753,48,0,0.4262,1547.0,10,2,1,0,2.0,0
0.5386,66,0,0.2847,7990.0,5,0,1,0,0.0,0
0.7884,21,0,0.4564,2017.0,6,0,2,0,1.0,0
0.3941,42,0,0.799,,7,0,0,0,1.0,0
0.4421,58,0,0.7161,11898.0,10,0,1,0,1.0,0
3.9416,58,0,0.4339,5671.0,10,0,0,0,0.0,0
0.9039,59,0,0.8808,2853.0,3,0,0,0,2.0,0
0.6526,55,0,0.3908,20264.0,6,0,0,0,2.0,0
0.0027,36,0,0.5574,,7,0,4,0,2.0,0
0.4509,41,0,0.4423,8371.0,3,0,2,0,0.0,0
0.2048,84,0,0.3482,4863.0,8,0,1,0,,0
0.1338,34,0,0.9849,14741.0,10,0,1,0,3.0,0
0.249,32,0,0.5428,4580.0,9,0,5,0,1.0,0
0.2582,62,0,0.8384,,13,0,2,0,0.0,0
0.1377,37,0,0.1739,3778.0,8,0,1,0,0.0,0
0.6296,77,0,0.5111,5026.0,7,0,0,0,2.0,1
0.7797,90,1,0.8949,9316.0,9,0,2,0,,0
0.2363,49,0,0.5094,8898.0,8,0,2,0,1.0,0
0.7045,56,0,0.4428,8685.0,16,0,0,0,1.0,0
0.5842,26,0,0.8397,7385.0,4,0,2,0,0.0,1
0.6029,66,0,0.4947,10588.0,12,0,0,0,,0
0.009,21,0,0.1402,5536.0,8,0,1,0,0.0,0
0.2532,33,0,0.1774,1807.0,8,0,0,0,1.0,0
0.1488,54,0,0.7636,4759.0,8,0,0,0,1.0,0
0.5648,60,0,0.3144,11375.0,6,0,1,0,1.0,0
3.4563,31,0,0.9338,,5,0,1,0,3.0,1
0.2545,44,0,0.7338,2729.0,4,0,1,0,,0
0.2286,29,0,0.9658,2148.0,9,0,0,0,0.0,1
0.456,48,0,0.0189,14954.0,9,0,0,0,1.0,0
0.0898,41,0,0.9626,,14,0,0,0,0.0,0
0.1266,43,0,0.5585,3418.0,5,0,0,0,2.0,0
0.5146,61,0,0.5591,2036.0,8,0,0,0,1.0,0
0.962,56,0,0.6518,2054.0,8,0,3,0,0.0,0
3.0082,60,0,0.6238,5634.0,10,0,0,0,0.0,0
0.4905,50,0,0.2843,3386.0,8,0,4,0,0.0,0
0.0951,62,0,0.8152,,6,0,0,0,1.0,0
0.9771,52,0,0.3803,4927.0,8,0,0,0,0.0,0
0.0992,45,0,0.3617,,7,0,1,0,0.0,0
0.0952,60,0,0.9609,5500.0,11,0,1,0,1.0,0
0.2324,46,0,0.9899,7064.0,11,0,1,0,1.0,0
0.0283,47,0,0.9229,1545.0,9,0,1,0,0.0,0
1.3774,67,0,0.5428,3893.0,6,0,1,0,0.0,0
0.6232,66,0,0.1776,2022.0,9,0,1,0,0.0,0
0.6433,48,0,0.4961,,6,0,3,0,1.0,0
8.3985,64,0,0.2929,2300.0,9,0,0,0,0.0,0
1.1711,34,0,0.8115,,9,0,1,0,2.0,1
0.347,48,0,0.5138,,7,0,0,0,,0
0.268,41,0,0.1186,11729.0,3,0,0,0,1.0,0
0.995,52,1,0.2802,3706.0,10,0,0,0,0.0,0
0.0698,62,0,0.5092,37568.0,9,0,2,0,1.0,0
0.0698,60,0,0.4471,6564.0,4,0,1,0,1.0,0
4.6832,58,0,0.926,3397.0,4,0,1,0,2.0,1
0.2638,54,0,0.5504,5736.0,9,0,2,0,1.0,0
0.1756,50,0,0.6862,,8,0,1,0,,0
7.2021,69,0,0.1255,,8,0,0,0,1.0,1
0.1763,30,0,1.1408,2916.0,10,0,3,0,0.0,0
0.2303,43,0,0.5684,,10,0,0,0,3.0,0
0.3194,58,0,0.738,5209.0,11,0,1,0,,0
1.3266,73,0,0.413,5709.0,8,0,0,0,0.0,1
0.0598,47,0,0.669,1149.0,8,0,1,0,0.0,0
0.0428,48,0,0.4293,,11,0,0,0,1.0,0
1.9917,34,0,0.4141,3866.0,8,0,0,0,2.0,0
0.7494,44,0,0.5702,,7,0,0,0,0.0,0
0.5992,62,0,0.5971,8969.0,5,0,2,0,3.0,0
0.4858,74,0,0.4943,,12,0,2,0,0.0,0
0.4037,48,0,0.3269,7001.0,3,0,2,0,0.0,0
0.5197,41,2,0.5681,3839.0,9,0,1,0,2.0,0
0.4274,53,0,0.6452,,4,0,0,0,1.0,0
0.7654,29,0,0.8367,8936.0,8,0,1,0,0.0,0
0.7064,69,0,0.1398,10872.0,9,0,0,0,0.0,0
0.5346,35,0,0.6565,,9,0,0,0,1.0,0
0.7549,56,0,0.3509,1118.0,9,0,1,0,1.0,0
0.0237,56,0,0.5281,7171.0,7,0,1,0,0.0,0
0.0315,61,0,0.2224,22778.0,9,0,1,0,0.0,0
0.1107,56,0,1.0655,7014.0,2,0,0,0,1.0,0
0.3844,52,0,0.24,4137.0,8,0,1,0,0.0,0
1.0085,58,0,0.5063,7773.0,8,0,2,0,1.0,0
1.091,64,0,0.7189,,6,0,2,0,2.0,0
0.4763,77,0,0.5215,4386.0,8,0,0,0,0.0,0
0.9504,37,0,0.451,,6,0,1,0,1.0,0
0.0925,26,0,0.4846,4058.0,7,0,2,0,2.0,0
0.0754,30,0,0.1124,,12,0,3,0,3.0,0
1.6667,27,0,0.6611,6544.0,8,0,0,0,2.0,0
1.2859,35,3,0.4912,3849.0,12,0,0,0,1.0,0
1.1584,33,0,0.9258,2507.0,9,0,1,0,0.0,0
0.0705,46,0,0.4616,3360.0,0,0,0,0,0.0,0
0.0952,64,0,0.5748,3143.0,3,0,1,0,1.0,0
0.5064,61,0,0.0966,5782.0,3,0,0,0,0.0,0
0.8955,43,0,0.0367,4688.0,8,0,0,0,0.0,0
0.9596,44,2,0.5809,13009.0,13,0,0,1,3.0,0
0.8214,80,0,0.6209,5582.0,7,0,2,0,0.0,0
0.545,60,0,1.0015,11024.0,8,0,2,0,1.0,0
0.7009,54,0,0.5435,4282.0,9,0,0,0,0.0,0
0.5183,54,0,0.0928,4827.0,6,0,1,0,2.0,0
0.1565,48,0,0.7227,2622.0,6,0,0,0,0.0,0
0.1726,80,0,0.1728,3887.0,7,0,1,0,0.0,0
0.0264,49,1,0.5871,7850.0,11,1,2,1,1.0,0
0.1615,54,0,0.1495,3344.0,16,0,0,0,0.0,0
0.4621,29,0,0.3342,,5,0,0,0,0.0,0
0.3858,43,0,0.413,7979.0,10,0,1,0,1.0,0
0.0923,44,0,0.9211,15950.0,6,0,0,0,1.0,0
3.2814,59,3,0.9413,7299.0,19,0,0,1,1.0,0
1.4995,41,0,0.5687,7787.0,5,0,1,0,1.0,0
0.2079,53,0,0.6102,,9,0,0,0,0.0,0
0.1851,44,0,1.0454,,10,0,1,0,1.0,0
0.5533,37,0,0.8466,2989.0,6,0,0,0,0.0,0
3.1391,36,0,0.1237,10942.0,10,0,1,0,0.0,0
0.6171,50,0,0.3601,3939.0,7,0,4,0,0.0,0
0.158,53,0,0.7757,6119.0,5,0,0,0,1.0,0
0.17,49,0,0.9731,3232.0,14,0,1,0,0.0,0
0.6504,40,0,0.6787,3392.0,13,0,0,0,0.0,0
0.3619,50,0,0.9993,3368.0,6,0,0,0,0.0,0
0.1895,47,0,0.0474,6523.0,11,0,1,0,1.0,0
0.7068,37,0,0.7994,4347.0,6,0,0,0,0.0,0
0.2156,53,0,0.1301,3178.0,10,0,2,0,1.0,0
0.518,77,0,0.202,11163.0,10,0,2,0,0.0,0
1.1221,50,0,0.323,22165.0,5,0,2,0,1.0,0
0.3498,32,0,0.7101,1601.0,3,0,1,0,1.0,0
0.5331,73,0,0.3952,6724.0,8,0,0,0,1.0,0
0.6224,70,0,0.1226,5800.0,5,0,2,0,3.0,0
8.749,72,0,0.2592,10523.0,4,0,5,0,2.0,0
0.6456,51,0,0.3077,2432.0,6,0,0,0,2.0,0
4.54,41,0,0.4678,6909.0,10,0,0,0,1.0,0
0.2147,39,0,0.8067,,11,0,1,0,2.0,0
0.0068,68,0,0.8015,,6,3,0,0,0.0,0
0.4813,74,0,0.5513,,7,0,1,0,1.0,0
0.6309,39,0,0.1237,6871.0,10,0,0,0,0.0,0
0.1062,21,0,0.3309,8284.0,5,0,1,0,,0
2.8479,52,0,0.5448,8049.0,6,0,1,0,0.0,0
0.0966,39,0,0.5453,2863.0,7,0,0,0,2.0,0
0.4703,42,0,0.2076,7711.0,4,0,1,0,,0
0.1016,49,0,0.0959,9945.0,7,0,1,0,1.0,0
0.1446,58,0,0.4223,3990.0,13,0,2,0,1.0,0
0.2977,41,0,0.3907,,8,0,3,0,0.0,0
0.5059,54,0,1.2636,1963.0,8,0,2,0,2.0,1
0.631,50,0,0.886,,7,0,0,0,1.0,0
0.9502,21,1,0.5657,6481.0,9,0,1,1,0.0,0
0.4704,60,0,1.0346,2313.0,10,0,2,0,0.0,0
0.7506,46,0,0.7152,10842.0,12,0,1,0,0.0,0
1.3682,34,0,0.08,7243.0,5,0,1,0,2.0,0
0.1048,42,0,0.7168,,9,0,2,0,1.0,0
1.1778,55,0,1.0197,7455.0,7,0,2,0,1.0,0
0.1772,53,0,0.7639,13545.0,8,0,0,0,0.0,0
0.9187,61,0,0.7611,3051.0,11,0,0,0,,0
0.37,58,0,0.274,9575.0,6,0,0,0,4.0,0
1.0375,36,0,0.4689,8193.0,9,0,0,0,0.0,0
2.3146,21,0,0.0743,4639.0,5,0,0,0,,0
0.5751,54,0,0.3398,1715.0,12,0,1,0,1.0,0
1.5918,61,0,0.2668,6763.0,4,0,0,0,0.0,0
0.4052,49,1,1.0547,8449.0,9,0,2,1,0.0,0
0.6289,61,0,0.4237,2789.0,3,0,0,0,0.0,0
0.9811,38,0,0.8019,5270.0,13,0,1,0,1.0,0
0.0474,47,0,0.5923,10062.0,9,0,0,0,1.0,0
0.2208,39,0,0.5654,,9,0,1,0,0.0,0
0.1124,62,0,0.496,6481.0,8,0,0,0,0.0,0
0.476,39,0,0.4578,5660.0,8,0,1,0,0.0,0
0.0563,81,0,0.8347,22219.0,10,0,1,1,0.0,0
1.4876,45,0,0.9663,3688.0,7,0,0,0,1.0,0
0.492,63,0,0.9787,8275.0,7,0,1,0,0.0,0
0.5068,45,0,0.3443,10249.0,6,0,1,0,4.0,0
0.2877,71,0,0.1751,5177.0,6,0,0,0,0.0,0
0.2243,70,0,0.692,10247.0,11,0,0,0,1.0,0
0.3548,47,0,0.1905,9220.0,10,0,0,0,0.0,0
0.0864,56,0,0.0918,,10,0,1,0,1.0,0
0.0027,70,0,0.5662,2656.0,11,0,3,0,0.0,0
0.2351,56,0,0.1879,4072.0,7,0,2,0,0.0,0
0.1136,39,0,0.2817,9413.0,9,0,0,0,1.0,0
0.0065,53,0,0.0636,4717.0,12,0,0,0,1.0,0
0.0643,42,0,0.5968,3235.0,13,0,2,0,1.0,0
0.6516,54,0,0.0735,3508.0,11,0,0,0,1.0,0
0.7302,41,0,0.5293,15423.0,8,0,2,0,2.0,0
1.8973,57,0,0.4859,8886.0,7,0,1,0,0.0,0
0.2281,27,0,1.0094,8258.0,9,0,1,0,0.0,0
0.3408,36,0,1.0236,,4,0,1,0,1.0,0
0.5334,41,0,0.3238,8081.0,10,0,1,0,1.0,0
1.6348,50,0,0.202,1767.0,10,0,0,0,2.0,0
0.0645,31,0,0.6625,,6,0,1,0,0.0,0
0.1329,40,0,0.4343,2376.0,5,0,0,0,0.0,0
0.4592,63,0,0.5299,2600.0,3,0,0,0,0.0,0
0.3436,65,0,0.9362,4710.0,8,0,2,0,0.0,0
1.3812,21,2,0.9229,4069.0,8,0,0,0,1.0,0
0.3071,44,0,0.6813,2635.0,8,0,0,0,0.0,0
0.9771,70,0,0.495,3991.0,14,0,0,0,2.0,0
0.3781,57,0,0.4082,4647.0,11,0,2,0,1.0,0
0.2301,58,0,0.7031,4896.0,9,0,0,0,1.0,0
0.4485,60,0,0.2183,6409.0,11,0,1,0,0.0,0
0.0051,39,0,0.5897,3411.0,4,0,1,0,0.0,0
0.1569,55,0,0.4072,8268.0,14,0,1,0,1.0,0
0.7778,59,0,0.7824,2648.0,14,0,1,0,2.0,0
1.5997,53,3,0.5575,,3,0,2,2,0.0,0
0.6668,46,0,0.383,22743.0,9,0,0,0,0.0,0
0.1983,51,0,0.6643,1974.0,5,0,1,0,1.0,0
0.7686,36,0,0.6165,,6,0,3,0,0.0,1
0.0589,61,0,0.2663,5665.0,8,0,0,0,0.0,0
0.6271,32,0,0.3738,2708.0,7,0,1,0,0.0,0
0.0704,41,0,0.8743,2377.0,8,0,0,0,4.0,0
0.0619,62,0,0.8423,,12,0,2,0,0.0,0
0.8144,56,0,0.324,,7,0,2,0,1.0,0
0.0855,45,0,0.7631,12273.0,10,0,2,0,0.0,0
0.6154,28,0,0.6243,4523.0,11,0,1,0,0.0,1
7.474,51,0,0.7319,6545.0,10,0,0,0,0.0,0
0.0011,43,0,0.313,6928.0,12,0,1,0,2.0,0
0.5796,59,0,0.0956,3076.0,10,0,2,0,1.0,0
0.2245,45,0,0.5613,4883.0,8,0,1,2,0.0,0
1.4945,27,0,0.7207,5273.0,5,0,3,0,0.0,1
0.3792,33,0,0.2661,,5,0,0,0,1.0,0
1.8613,46,0,0.2759,,6,0,0,0,1.0,0
0.4753,54,0,0.2192,2603.0,7,0,0,0,2.0,0
0.1385,36,0,0.223,2494.0,11,0,2,0,1.0,0
0.211,41,0,0.1367,,10,0,3,0,0.0,0
0.732,63,0,0.4411,6121.0,5,0,2,0,1.0,0
0.6793,68,0,0.4621,5230.0,5,0,5,0,0.0,1
0.0397,56,0,0.4142,3137.0,9,0,0,0,0.0,0
0.8552,48,0,0.99,3736.0,6,0,2,0,1.0,0
0.396,43,0,0.5778,8928.0,7,0,1,0,0.0,0
0.5637,60,0,0.8802,3970.0,8,0,2,0,1.0,0
1.5218,48,0,0.3278,18186.0,14,0,1,0,0.0,0
0.1152,65,0,0.5555,14509.0,11,0,0,0,0.0,0
7.6451,66,0,0.4488,1780.0,16,0,0,0,1.0,0
0.6561,58,0,0.3328,,6,0,2,0,2.0,0
0.2222,45,0,0.1263,10008.0,8,0,0,0,2.0,0
0.4433,46,0,0.7302,6610.0,5,0,4,0,0.0,0
0.311,29,0,0.2941,11196.0,8,0,1,0,0.0,0
0.5387,51,1,0.142,5410.0,8,1,0,0,1.0,0
0.0949,51,0,0.7856,2006.0,11,0,0,0,0.0,0
0.724,33,0,0.3856,7752.0,8,0,3,0,0.0,0
0.4123,85,0,0.1015,4855.0,2,0,3,0,0.0,0
0.1023,60,0,0.4069,2572.0,8,0,0,0,0.0,0
0.7221,40,0,0.247,3126.0,7,0,1,0,0.0,0
0.3938,81,0,0.9977,3671.0,0,0,0,0,0.0,0
0.639,45,0,0.1499,7316.0,12,0,0,0,,0
0.2043,64,0,0.4213,5212.0,11,0,0,0,1.0,0
2.6691,53,1,0.391,,15,0,1,0,1.0,0
0.481,46,0,0.6005,2805.0,10,0,4,0,2.0,0
0.5914,47,0,0.5068,7278.0,8,0,3,0,1.0,0
4.3178,72,2,0.7875,2827.0,5,1,1,0,0.0,0
0.2275,64,0,1.0936,7468.0,9,0,0,0,,0
0.1278,50,0,0.3645,3849.0,8,0,1,0,2.0,0
0.3121,23,0,0.3062,5108.0,9,0,2,0,0.0,0
0.5525,56,0,0.359,5750.0,4,0,2,0,0.0,0
0.0015,35,0,0.1953,,5,0,1,0,,0
0.2226,60,0,0.6601,12319.0,11,0,2,0,0.0,0
0.1649,42,0,0.1767,6256.0,9,0,2,0,3.0,0
0.0663,43,0,0.4109,,7,0,1,0,0.0,0
3.5242,43,1,0.6546,11027.0,5,0,2,0,0.0,0
1.0213,66,0,0.4675,4296.0,9,0,1,0,0.0,0
0.2867,27,0,0.1143,,11,0,0,0,0.0,0
0.6149,62,0,0.5342,6444.0,5,0,0,0,0.0,0
0.4282,57,0,0.5779,,8,0,0,0,1.0,0
0.7543,51,0,0.5547,4025.0,8,0,0,0,0.0,0
0.4196,46,0,0.8084,4039.0,6,0,0,0,0.0,0
2.4528,59,0,0.8502,5753.0,6,0,0,0,1.0,0
0.4076,46,0,0.196,7240.0,11,0,0,0,0.0,0
0.2234,46,0,0.7927,,13,0,2,0,1.0,0
0.4856,53,0,0.0465,9517.0,2,0,0,0,2.0,0
0.5389,76,0,0.3353,8925.0,6,0,1,0,0.0,1
0.3155,31,0,0.7141,,2,0,0,0,1.0,0
0.7258,59,0,0.9841,9585.0,10,0,1,0,1.0,0
0.4218,50,3,0.7487,2440.0,12,1,1,0,0.0,0
2.7845,49,0,0.7338,,8,0,0,0,3.0,0
0.3289,31,0,0.0372,8904.0,14,0,3,0,0.0,0
0.0653,27,1,0.9456,7703.0,10,2,3,0,1.0,0
0.2487,57,0,0.3489,,9,0,1,0,0.0,0
0.0645,34,0,0.1478,8436.0,12,0,0,0,2.0,0
6.9858,66,0,0.7442,6644.0,6,0,0,0,0.0,0
0.2228,38,0,0.1801,1997.0,11,0,2,0,1.0,0
1.0837,60,0,0.1265,4021.0,7,0,0,0,0.0,0
0.5356,44,0,0.1384,4344.0,13,0,1,0,0.0,0
0.2434,43,0,0.3375,3912.0,7,0,1,0,1.0,0
2.4041,39,0,0.7625,8610.0,11,0,0,0,2.0,0
0.7015,58,0,0.5957,6075.0,9,0,3,0,1.0,0
0.418,62,0,0.4782,,14,0,0,0,0.0,1
0.2101,48,0,0.4385,4926.0,7,0,0,0,0.0,0
0.3112,60,0,0.4342,6329.0,5,0,2,0,2.0,0
1.3498,52,0,0.3327,,6,0,2,0,0.0,0
1.1083,33,0,0.2554,4131.0,9,0,2,0,3.0,0
0.4341,57,0,0.5226,6235.0,15,0,1,0,0.0,0
0.1771,48,0,0.314,3928.0,10,0,0,0,1.0,0
0.5357,21,0,0.6759,7727.0,10,0,3,0,2.0,0
0.5324,47,0,0.6338,,7,0,1,0,2.0,0
0.3798,28,0,0.8601,5453.0,12,0,2,0,2.0,0
0.3955,35,0,0.8017,4487.0,12,0,1,0,0.0,0
0.3777,49,0,0.1003,8252.0,6,0,2,0,3.0,0
0.6082,51,0,0.3453,5020.0,5,0,1,0,1.0,0
0.0329,40,0,0.2599,5903.0,6,0,2,0,0.0,0
0.5057,59,0,0.7218,2684.0,7,0,0,0,0.0,0
1.2215,50,1,0.6406,,5,0,1,0,0.0,0
0.0947,46,0,0.1714,8257.0,8,0,1,0,1.0,0
0.5339,53,0,0.14,,10,0,0,0,2.0,1
0.1658,69,0,0.7092,3579.0,12,0,2,0,0.0,0
0.4761,22,0,0.626,8298.0,8,0,0,0,0.0,0
4.5294,70,0,0.2972,10453.0,11,0,1,0,0.0,0
0.1547,43,0,0.4864,,7,0,1,0,1.0,0
0.4268,41,0,0.712,3808.0,11,0,0,0,2.0,1
0.7662,46,0,0.4189,8160.0,14,0,1,0,0.0,0
0.6101,40,0,0.8105,3018.0,4,0,1,0,2.0,1
0.1862,37,0,0.8951,3913.0,8,0,1,0,0.0,0
0.3194,64,0,1.1155,3456.0,8,0,2,0,1.0,0
0.8308,54,0,0.8136,,8,0,0,0,1.0,0
0.582,25,0,0.0996,,5,0,2,0,1.0,0
0.5671,61,0,0.2359,3259.0,15,0,1,0,0.0,0
0.4194,59,0,0.5147,8304.0,11,0,4,0,0.0,0
0.496,31,0,0.6777,,12,0,0,0,2.0,0
0.2442,55,0,0.8849,6793.0,5,0,1,0,1.0,0
0.0923,61,0,0.0113,3325.0,11,0,0,0,0.0,0
0.2767,30,0,0.9635,3419.0,8,0,1,0,1.0,0
0.1336,56,0,0.7505,5459.0,5,0,1,0,1.0,0
0.6213,43,0,0.6414,11736.0,4,0,3,0,0.0,0
0.1629,60,0,0.8518,6509.0,8,0,0,0,0.0,0
1.2031,39,0,0.5733,,5,0,4,0,1.0,0
0.4116,67,0,1.0457,,11,0,1,0,0.0,0
2.5106,49,0,0.4495,6403.0,13,0,1,0,1.0,0
0.6432,43,0,0.3494,3697.0,5,0,1,0,3.0,1
0.5646,42,0,0.3244,3555.0,5,0,1,0,1.0,0
0.5629,64,0,0.5828,10035.0,13,0,1,0,0.0,0
0.1362,42,0,0.3395,,9,0,1,0,1.0,0
1.411,67,0,0.7418,2531.0,8,0,3,0,3.0,0
0.2281,55,0,0.4461,,5,2,2,0,1.0,0
3.1842,33,0,0.6199,2093.0,6,0,3,0,0.0,0
1.2978,52,0,0.3693,4581.0,6,0,1,0,0.0,0
0.2919,53,1,0.2808,3743.0,13,0,0,0,0.0,0
0.0555,32,0,0.5157,7489.0,4,0,3,0,0.0,0
0.037,52,0,1.0134,8442.0,11,0,0,0,0.0,0
0.7464,60,0,0.9626,5875.0,14,0,2,0,0.0,0
2.3817,68,0,0.2497,,11,0,2,0,1.0,0
0.4057,67,0,0.3632,2747.0,13,0,1,0,2.0,0
2.2432,85,3,0.4623,9348.0,11,0,0,0,0.0,0
0.1309,52,0,0.5176,,7,0,1,0,0.0,0
0.6985,60,0,1.1227,4524.0,6,0,3,0,1.0,0
0.3901,44,0,0.0819,9085.0,8,0,1,0,3.0,0
0.1184,78,0,0.4518,5814.0,5,0,0,0,1.0,0
0.3676,40,2,0.6548,,7,0,1,0,0.0,0
0.0624,78,0,0.3357,8061.0,11,0,2,0,0.0,0
0.4917,76,0,0.5953,2853.0,7,0,2,0,3.0,0
1.8804,41,0,0.3233,3640.0,10,0,1,0,1.0,0
0.7552,67,0,0.7938,11623.0,8,0,0,0,,0
0.5779,58,0,0.5519,5389.0,6,0,0,0,0.0,0
3.2539,46,0,0.5312,3332.0,8,0,0,0,2.0,0
0.1556,50,0,0.2285,,13,0,1,0,0.0,0
0.0675,56,0,0.6542,1122.0,4,0,1,0,1.0,0
0.0964,57,0,0.2421,11441.0,5,0,2,0,1.0,0
0.3732,73,0,0.8299,,14,0,1,0,0.0,0
0.2355,60,0,0.1292,,4,0,2,0,1.0,0
0.4205,41,0,0.2748,26786.0,7,0,2,0,1.0,0
1.0574,62,0,0.4299,,10,0,1,0,0.0,0
0.3958,28,0,0.7351,3695.0,9,0,2,0,0.0,0
0.1229,47,0,0.5509,3888.0,7,0,0,0,1.0,0
0.1143,48,0,0.3685,3256.0,9,0,1,0,0.0,0
0.454,61,0,0.3889,22367.0,6,0,3,0,3.0,0
0.0238,77,0,0.2168,4361.0,5,0,1,0,1.0,0
0.0776,55,0,0.1408,,13,0,0,0,1.0,0
0.1513,47,0,0.5908,8293.0,7,0,0,0,2.0,0
0.4065,42,0,0.3741,3016.0,15,0,0,0,0.0,0
0.2181,64,0,0.8155,3639.0,11,0,3,0,0.0,0
0.46,49,0,0.2056,3711.0,10,0,1,0,0.0,0
0.0658,45,0,0.3423,8931.0,6,0,0,0,0.0,0
0.0108,65,0,1.0045,10991.0,5,0,0,0,0.0,0
0.1537,68,0,0.6334,10924.0,5,0,2,0,0.0,0
0.7526,39,0,0.4341,10711.0,6,0,0,0,2.0,0
0.8872,31,0,0.6318,14114.0,9,0,1,2,0.0,0
0.3942,51,0,0.7803,5285.0,6,0,1,0,0.0,0
0.9008,36,0,0.1741,2943.0,9,0,1,0,1.0,0
0.636,34,0,0.8642,4186.0,9,0,1,0,,0
2.1578,37,0,0.526,4079.0,4,0,2,0,2.0,0
5.0696,67,1,0.7639,,8,0,1,0,0.0,0
0.3982,61,0,0.6411,4007.0,9,0,0,0,,0
0.0716,86,0,0.1591,3887.0,5,0,2,0,1.0,0
0.1114,43,0,0.5987,14823.0,4,0,1,0,0.0,0
3.1405,71,0,0.9144,5954.0,11,0,2,0,1.0,0
0.6213,59,0,0.4154,,7,0,0,0,1.0,0
0.276,44,0,0.6884,3965.0,3,0,1,0,0.0,0
3.569,50,0,0.3066,6431.0,10,0,1,0,0.0,0
0.3002,44,0,1.6472,9567.0,5,0,0,0,2.0,0
0.279,56,2,1.0042,11009.0,9,0,3,0,1.0,0
0.2006,66,0,0.2547,2951.0,10,0,1,0,0.0,0
0.5438,47,0,0.7073,3845.0,9,0,1,0,0.0,0
0.3923,64,0,0.6117,4982.0,7,0,0,0,1.0,0
2.4322,70,2,0.3899,3825.0,6,0,0,0,1.0,0
4.6381,73,0,0.7556,8886.0,5,0,1,0,0.0,0
0.0833,36,0,0.0496,17292.0,8,0,1,0,0.0,0
0.3514,51,0,0.2796,,6,0,3,0,1.0,0
0.2052,62,0,0.4224,2615.0,4,0,0,0,1.0,0
4.4091,37,0,0.19,,4,0,1,0,0.0,0
4.6284,34,0,0.4801,4963.0,9,0,0,0,0.0,0
0.0858,52,0,0.439,9358.0,3,0,2,0,1.0,0
0.0131,46,0,1.1281,,9,0,1,0,1.0,0
0.3709,50,0,0.5269,10477.0,7,0,0,0,0.0,0
0.3919,45,0,0.1938,1904.0,8,0,0,0,0.0,0
0.3453,82,0,0.7946,3223.0,11,0,1,0,2.0,0
0.5003,46,0,0.596,,14,0,1,0,0.0,1
0.4795,60,0,0.9038,14917.0,0,0,1,0,0.0,0
0.0624,59,0,0.5384,,4,0,0,0,0.0,0
0.9505,28,2,0.4929,1638.0,11,1,2,1,2.0,0
0.3978,73,0,0.7097,,14,0,0,0,0.0,0
0.0457,61,0,0.7139,4482.0,12,0,2,0,0.0,0
0.5595,54,0,0.2662,3040.0,9,0,0,0,0.0,0
0.6072,67,0,0.1761,2855.0,4,0,1,0,0.0,0
0.2343,51,0,1.1415,,8,0,0,0,0.0,0
0.401,64,0,0.0614,6350.0,5,0,0,0,1.0,0
0.1119,26,0,0.3085,11903.0,9,0,1,0,1.0,0
0.7444,63,0,0.7791,16689.0,4,0,1,0,0.0,0
0.1461,55,0,0.4483,3163.0,6,0,1,0,1.0,0
0.321,55,0,0.6847,,11,0,2,0,1.0,0
0.325,40,0,0.1072,2194.0,14,0,1,0,0.0,0
0.4407,49,0,0.2148,8497.0,10,0,0,0,0.0,0
2.9718,49,0,0.9254,4101.0,9,0,0,0,0.0,0
1.0027,36,0,1.0012,2429.0,10,0,1,0,2.0,0
0.3662,57,0,0.5394,6448.0,4,0,2,0,1.0,0
0.4081,74,0,0.5821,2372.0,7,0,0,0,1.0,0
0.1994,32,0,0.9238,1874.0,4,0,0,0,0.0,0
0.2314,59,0,0.9595,6651.0,6,0,0,0,4.0,0
0.1962,46,0,0.2671,10443.0,14,0,0,0,1.0,0
0.1592,44,0,0.1333,8520.0,9,0,1,0,1.0,1
0.4415,53,0,0.3009,,8,0,0,0,0.0,0
0.1928,53,0,0.4139,6274.0,7,0,0,0,,0
0.0589,55,0,0.3572,10236.0,8,0,2,0,1.0,0
0.4079,36,0,0.8576,,7,0,0,0,1.0,0
0.3714,67,1,0.1401,1927.0,7,0,0,0,2.0,0
0.1283,53,0,0.6138,4197.0,9,0,1,0,2.0,0
0.2574,60,0,0.6004,10158.0,7,0,0,0,0.0,0
0.0378,69,0,0.233,,5,0,1,0,1.0,0
0.2958,25,0,0.6485,,5,0,3,0,0.0,0
0.164,61,4,0.1585,,10,0,0,0,1.0,0
1.0986,50,0,0.3208,3968.0,5,0,0,0,2.0,0
0.0068,66,0,0.9415,7380.0,6,0,1,0,0.0,0
0.3346,41,0,0.4331,,10,0,0,0,1.0,0
0.7907,65,0,0.3073,6801.0,9,0,0,0,0.0,0
0.9023,37,0,0.6567,1369.0,6,0,1,0,2.0,1
0.2094,58,0,0.0951,6979.0,10,0,1,0,0.0,0
2.6045,56,0,0.5158,9559.0,7,0,1,0,2.0,0
0.6086,50,0,0.5083,8766.0,9,0,1,0,0.0,0
0.4946,38,0,0.5103,,8,0,0,0,1.0,1
0.352,47,0,0.7066,,5,0,1,0,1.0,0
0.0157,65,0,0.1582,6140.0,4,0,0,0,0.0,0
0.063,73,0,0.6109,4141.0,9,0,1,0,4.0,0
1.6629,79,0,0.1587,,6,0,1,0,0.0,0
0.4862,59,0,0.2863,3400.0,9,0,2,0,0.0,0
0.0146,56,2,0.7568,3682.0,8,0,1,0,1.0,0
2.6608,58,0,0.2314,3091.0,5,0,2,0,0.0,0
0.2975,79,0,0.9736,14380.0,15,0,0,0,0.0,0
0.1154,59,0,0.6531,7955.0,9,0,3,0,0.0,0
0.4215,53,0,0.3359,9531.0,16,0,2,0,1.0,0
2.6887,48,0,0.658,4153.0,10,0,0,0,0.0,0
0.7972,50,0,0.3087,8817.0,8,0,1,0,1.0,0
0.2082,57,3,0.7444,13157.0,4,0,0,4,0.0,0
3.5442,41,0,0.4074,,11,0,3,0,1.0,0
3.0241,43,0,1.1555,16956.0,4,0,0,0,2.0,0
0.334,51,0,1.229,8653.0,8,0,0,0,2.0,0
0.5148,46,0,0.7168,4387.0,9,0,1,0,1.0,0
0.6337,60,1,0.3659,,6,0,2,1,0.0,0
0.543,61,1,0.7339,13885.0,8,0,0,0,2.0,0
0.4703,56,0,0.1686,6664.0,5,0,1,0,1.0,0
0.365,59,0,0.1947,,10,0,0,0,2.0,0
0.5532,54,0,0.2089,5404.0,7,0,2,0,1.0,0
0.5366,21,0,0.3134,4090.0,11,0,0,0,2.0,0
0.1003,40,0,0.4834,22330.0,11,0,0,0,1.0,0
0.0668,62,0,0.6287,,7,0,3,0,1.0,0
0.3875,40,0,0.544,2213.0,5,0,0,0,0.0,0
0.3812,64,0,0.497,11828.0,9,0,0,0,,0
0.7147,65,0,0.6989,,8,0,2,0,1.0,0
0.2879,48,0,0.1444,,7,0,0,0,2.0,0
3.0621,44,0,0.3598,5851.0,9,0,1,0,0.0,0
2.6321,52,0,0.4922,6267.0,14,0,0,0,2.0,0
0.3935,51,0,0.1993,10024.0,5,0,1,0,1.0,0
0.176,61,0,0.3906,5722.0,10,0,2,0,,0
1.0977,21,0,0.1383,16222.0,9,0,4,0,1.0,0
0.3169,42,0,0.9599,3164.0,6,0,1,0,0.0,0
0.1561,38,0,0.4919,2535.0,6,0,1,0,0.0,0
0.311,21,0,0.1344,2208.0,8,0,2,0,0.0,0
0.5853,45,0,0.6009,9239.0,6,0,0,0,1.0,0
1.6317,31,0,0.1203,2782.0,3,0,3,0,0.0,0
0.3257,47,0,0.1061,,5,0,3,0,0.0,0
2.9286,45,0,0.5062,5707.0,11,0,0,0,0.0,0
0.1836,58,0,0.2623,9232.0,5,0,0,0,1.0,0
0.6632,48,0,0.196,7420.0,13,0,1,0,1.0,0
0.1479,28,0,0.4671,11275.0,11,0,3,0,3.0,0
0.0456,57,0,0.691,3836.0,7,0,1,0,2.0,0
0.2979,86,0,0.3575,7098.0,10,0,0,0,2.0,0
0.1749,67,0,0.6832,12005.0,7,0,2,0,0.0,0
0.1656,62,0,0.2771,7432.0,6,0,1,0,1.0,0
1.0021,49,0,0.8685,5120.0,6,0,0,0,0.0,0
0.7644,45,0,0.0959,,6,0,1,0,0.0,0
0.2717,44,0,0.5142,2885.0,5,0,2,0,1.0,0
0.0931,55,0,0.4718,1159.0,8,0,1,0,1.0,0
0.4037,36,0,0.0563,5088.0,9,0,0,0,1.0,0
0.5789,55,0,0.1312,4138.0,8,0,1,0,1.0,1
0.2222,43,0,0.9971,8870.0,8,0,1,0,1.0,0
0.2573,28,0,0.5019,2337.0,5,0,1,0,2.0,0
0.1871,43,0,0.3711,6304.0,7,0,1,0,4.0,0
1.1774,70,0,0.758,1830.0,5,0,0,0,0.0,0
0.2847,54,0,0.3558,,6,0,0,0,1.0,0
0.058,21,0,0.5085,3424.0,5,0,1,0,2.0,0
0.5591,43,0,0.26,1908.0,11,0,2,0,0.0,0
0.3311,65,0,0.0387,3062.0,7,0,0,0,0.0,0
0.1695,48,0,1.3994,,5,0,1,0,1.0,0
0.0688,59,0,0.6296,4657.0,5,0,2,0,1.0,0
0.1706,46,0,0.586,6157.0,3,0,0,0,,0
0.8618,55,0,0.2858,,9,0,0,0,1.0,0
0.5745,52,0,0.6201,2068.0,13,0,0,0,0.0,0
0.5434,43,1,0.2018,3586.0,5,1,3,0,0.0,0
0.3831,60,0,0.3631,6405.0,15,0,1,0,0.0,0
0.1699,73,0,0.3386,5419.0,7,0,1,0,1.0,0
1.9065,57,0,0.2715,14171.0,6,0,0,0,1.0,0
0.1128,53,0,0.3951,4254.0,6,0,1,0,2.0,0
0.1868,40,0,0.5516,6013.0,11,0,1,0,4.0,0
0.186,65,0,0.0779,,9,0,1,0,1.0,0
0.0144,45,0,0.4999,,11,0,4,0,,0
0.388,60,0,0.0188,7318.0,7,0,2,0,0.0,0
0.5789,63,0,0.3701,,10,0,2,0,0.0,0
0.1651,66,0,0.635,3780.0,9,0,1,0,1.0,0
0.3085,66,0,0.4972,1666.0,5,0,2,0,0.0,0
0.9577,66,0,0.5822,,16,0,1,0,2.0,0
0.5759,34,0,0.7774,,7,0,3,0,2.0,0
0.6861,40,0,0.3642,3747.0,9,0,1,0,0.0,0
0.6602,33,0,0.4344,4183.0,7,0,0,0,0.0,0
0.7732,32,0,0.103,6746.0,6,0,0,0,0.0,0
0.2508,73,0,0.8546,2688.0,6,0,0,0,0.0,0
0.4537,38,0,0.7438,,7,0,2,0,0.0,0
0.3933,36,0,0.141,4823.0,5,0,2,0,1.0,0
0.5966,51,0,0.4004,3251.0,10,0,0,0,2.0,0
0.0878,42,2,0.5547,5228.0,4,0,1,0,2.0,0
0.6317,84,0,0.5065,5739.0,8,0,2,0,1.0,0
0.5141,48,0,0.2879,,14,0,1,0,2.0,0
0.314,58,0,0.9526,14160.0,4,0,0,0,1.0,0
0.1809,41,0,0.4227,3697.0,8,0,0,0,1.0,0
0.0541,29,0,0.1555,13102.0,8,0,1,0,1.0,0
0.3175,42,0,0.5443,7469.0,9,0,0,0,0.0,0
0.0858,42,1,0.6917,3647.0,5,0,3,0,0.0,0
0.3659,42,0,0.0608,,10,0,3,0,0.0,0
6.8527,30,0,0.7129,6337.0,9,0,0,0,0.0,0
0.1821,54,0,0.1684,,9,0,0,0,1.0,0
0.0979,47,1,0.3433,3793.0,8,0,0,1,3.0,0
0.0234,30,0,0.7488,11155.0,9,0,1,0,1.0,0
0.0086,53,0,0.5182,1204.0,7,0,0,0,0.0,0
0.3853,63,0,0.2497,6607.0,6,0,2,0,0.0,0
0.4972,69,0,0.1955,9253.0,9,0,3,0,0.0,0
0.2541,21,0,0.1755,2992.0,8,0,1,0,0.0,0
0.0753,42,0,0.1673,2386.0,7,0,1,0,1.0,0
0.4997,33,0,0.2081,3517.0,8,0,0,0,0.0,0
0.1736,43,0,0.4691,6828.0,7,0,2,0,2.0,0
0.6383,71,0,0.7815,4015.0,7,0,0,0,0.0,0
0.1146,42,0,0.6586,4688.0,13,0,2,0,1.0,0
2.4321,45,0,0.2441,3792.0,5,0,1,0,0.0,0
0.4943,40,0,0.784,4505.0,10,0,1,0,0.0,0
0.1593,75,0,0.5011,11117.0,6,0,1,0,1.0,0
0.0603,21,0,0.659,8037.0,7,0,2,0,1.0,0
2.1642,44,0,0.4658,5115.0,8,0,0,0,0.0,0
0.0238,40,0,0.608,5980.0,5,0,0,0,1.0,0
0.2854,28,0,0.2407,6778.0,14,0,3,0,2.0,0
0.5444,67,0,0.28,5789.0,12,0,0,0,1.0,0
0.6216,27,0,0.5005,3993.0,6,0,0,0,1.0,0
0.5546,46,0,0.2165,4263.0,4,0,0,0,1.0,0
0.2427,51,1,0.5904,3725.0,8,0,2,0,4.0,0
0.453,41,0,0.5821,3823.0,9,0,3,0,2.0,1
1.718,28,0,0.0774,1638.0,7,0,2,0,0.0,0
0.7469,50,0,0.6668,6066.0,5,0,1,0,1.0,0
0.9823,41,0,0.6781,12328.0,7,0,1,0,0.0,0
0.7782,63,0,0.5431,8765.0,7,0,0,0,2.0,0
0.7169,59,0,0.2424,7338.0,13,0,2,0,0.0,0
6.5491,79,0,1.0575,22349.0,10,0,3,0,0.0,0
0.3032,54,0,0.3211,1495.0,4,0,0,0,0.0,0
0.5911,60,0,0.1403,5338.0,5,0,0,0,0.0,0
0.0615,47,0,0.9661,10313.0,6,0,0,0,3.0,0
5.1226,76,0,0.5633,6766.0,5,0,0,0,0.0,0
0.2515,52,0,0.2668,7843.0,6,0,0,0,0.0,0
1.5807,51,0,0.5519,1416.0,3,0,0,0,0.0,1
0.061,60,0,0.8601,,9,0,0,0,2.0,0
0.2512,43,0,0.6712,11881.0,13,0,1,0,0.0,0
0.9585,45,0,0.5184,4282.0,3,0,1,0,0.0,1
0.3635,60,0,0.8803,,6,0,1,0,1.0,0
0.1819,62,0,0.3154,4588.0,12,0,0,0,0.0,0
0.6845,60,0,0.1964,16485.0,9,0,0,0,1.0,0
1.329,51,0,0.4484,,7,0,2,0,0.0,0
0.1209,56,0,0.7397,4772.0,7,0,0,0,0.0,0
1.0059,65,0,0.2462,8698.0,13,0,1,0,1.0,0
0.3792,37,0,0.2733,7738.0,5,0,2,0,0.0,0
0.2107,52,0,0.4066,6516.0,10,0,0,0,2.0,0
0.5841,21,0,0.7858,,8,0,1,0,1.0,0
0.7133,62,0,0.742,,13,0,1,0,4.0,0
1.881,41,0,0.5911,,9,0,0,0,1.0,0
0.8391,41,0,0.4309,4984.0,8,0,2,0,0.0,0
2.6077,50,1,0.4303,3717.0,6,4,2,0,0.0,0
0.6254,61,0,0.1322,,6,0,0,0,0.0,0
0.0983,85,0,0.1843,4020.0,12,0,1,0,0.0,0
0.6022,30,0,0.5176,,7,0,2,0,1.0,0
0.1713,40,0,0.6865,4880.0,7,0,0,0,1.0,0
0.8931,55,0,0.3857,,7,0,2,0,2.0,0
0.3965,42,0,0.581,15233.0,5,0,1,0,1.0,0
0.085,64,0,0.6313,9935.0,7,0,0,0,0.0,0
0.2107,50,0,0.4876,7785.0,5,0,3,0,0.0,0
0.4843,64,0,0.3136,2688.0,4,0,0,0,0.0,0
0.6449,49,0,0.4479,14066.0,9,0,0,0,1.0,0
0.7212,60,0,0.4892,,7,0,0,0,3.0,0
0.2255,39,0,0.408,4834.0,13,0,0,0,0.0,0
0.1785,79,0,0.4432,3686.0,10,0,0,0,0.0,0
0.7295,28,0,0.3553,4622.0,9,0,2,0,1.0,0
0.454,42,0,0.9321,9319.0,9,0,1,0,1.0,0
0.0631,32,0,1.1801,,6,0,1,0,0.0,0
1.1689,63,0,0.3172,5091.0,12,0,1,0,0.0,0
0.0887,60,0,0.9201,4713.0,7,0,1,0,0.0,0
0.0776,35,0,0.1833,5016.0,15,0,3,0,0.0,0
0.3624,66,0,0.7119,,7,0,1,0,2.0,0
0.3603,42,0,0.0905,4700.0,6,0,1,0,2.0,0
0.3141,57,0,0.8307,,10,0,0,0,0.0,0
0.4234,61,0,0.6159,3464.0,5,0,2,0,0.0,0
1.7542,49,0,0.7312,7073.0,11,0,2,0,1.0,0
0.5126,65,0,0.1223,3191.0,6,0,0,0,0.0,0
0.4893,50,0,0.1112,13017.0,12,0,0,0,1.0,0
0.3417,57,0,0.1954,3403.0,7,2,3,1,0.0,0
0.2625,48,0,0.5391,5272.0,9,0,1,0,0.0,0
0.9467,26,0,0.7937,6833.0,8,0,0,0,0.0,0
0.4318,50,0,0.9827,4842.0,6,0,0,0,1.0,1
0.4839,40,0,0.6438,6853.0,7,0,1,0,3.0,0
4.6952,71,0,0.4085,3440.0,7,0,2,0,0.0,0
0.2879,33,0,0.464,8665.0,10,0,0,0,1.0,0
0.2108,69,0,0.5816,6296.0,8,0,1,0,1.0,0
0.7998,49,0,0.7773,10662.0,2,0,1,0,0.0,0
0.5242,58,0,0.716,10145.0,10,0,1,0,0.0,0
0.9533,33,0,0.3502,14458.0,10,0,0,0,0.0,0
0.4617,48,0,0.1934,14130.0,10,0,2,0,0.0,0
0.4502,43,0,0.1932,,10,0,3,0,0.0,0
0.313,81,0,0.6454,7914.0,6,0,1,0,1.0,0
0.798,42,0,0.5231,9575.0,13,0,0,0,0.0,0
0.3189,68,0,0.3909,,11,0,0,0,1.0,0
3.1503,68,0,0.3208,12201.0,4,0,0,0,1.0,0
1.4406,68,2,0.4215,17583.0,13,0,1,0,0.0,0
0.3983,44,0,0.3127,1589.0,8,0,0,0,0.0,0
0.4205,77,0,1.0956,,9,0,0,0,0.0,0
0.6757,80,0,0.0767,12651.0,6,0,2,0,0.0,0
0.2783,57,0,0.1354,2443.0,7,0,1,0,0.0,0
0.0455,45,0,1.3478,8101.0,6,0,2,0,1.0,0
0.2816,40,1,0.969,17741.0,8,0,1,1,1.0,0
4.6453,59,0,0.1076,3282.0,2,0,1,0,1.0,0
0.1092,53,0,0.2163,,8,0,1,0,2.0,0
0.1703,55,0,0.354,,13,0,1,0,0.0,0
1.3631,33,0,0.8471,5307.0,7,0,1,0,1.0,0
0.1785,52,0,0.0475,9884.0,8,0,3,0,0.0,0
0.5371,68,0,0.9625,,13,0,1,0,1.0,0
2.9163,63,1,0.5806,3923.0,6,0,1,0,0.0,0
0.1485,46,0,0.3384,,9,0,2,0,3.0,0
0.1838,50,0,0.5054,2394.0,5,0,2,0,2.0,0
0.9325,31,0,0.0814,7579.0,5,0,1,0,0.0,0
0.4363,43,0,0.691,3967.0,9,0,2,0,0.0,0
0.2251,47,0,0.3287,9959.0,10,0,0,0,0.0,0
0.5362,61,0,0.3871,,11,0,0,0,1.0,1
0.084,42,0,0.4812,5547.0,7,0,1,0,0.0,0
0.9977,37,3,0.9088,3015.0,8,0,0,0,0.0,0
0.2306,63,0,0.1464,3473.0,9,0,0,0,2.0,0
0.7222,46,0,0.397,7517.0,6,0,0,0,0.0,0
1.7429,40,0,0.7877,4793.0,9,0,0,0,0.0,0
0.9314,63,3,0.8897,3468.0,7,0,0,0,0.0,0
0.1497,58,0,0.5235,4079.0,10,0,2,0,2.0,0
1.0769,49,0,0.937,5812.0,4,0,2,0,2.0,0
0.306,47,0,0.6469,2708.0,5,0,0,0,0.0,0
0.4915,57,0,0.7138,4694.0,10,0,2,0,0.0,0
0.5053,60,1,0.4002,,6,0,1,0,0.0,0
0.5118,55,0,0.2337,5765.0,8,0,1,0,0.0,0
0.7151,54,1,0.5943,,7,0,1,0,0.0,0
0.8942,44,0,0.1793,3467.0,10,0,0,0,0.0,0
2.152,44,0,0.3065,3993.0,7,0,0,0,3.0,0
1.2698,50,0,0.7532,,10,0,1,0,0.0,0
0.0391,39,0,0.5156,3094.0,6,0,0,0,1.0,0
0.6493,37,0,0.6554,,12,0,2,0,1.0,0
0.4607,51,0,0.2287,18319.0,8,0,2,0,0.0,0
0.6113,66,0,0.3866,6638.0,11,0,0,0,,0
0.2235,23,0,0.9965,6224.0,3,0,1,0,0.0,0
2.1657,47,0,0.6087,7248.0,10,0,0,0,0.0,0
0.4647,56,0,0.5705,3957.0,9,0,1,0,0.0,0
0.7182,67,0,0.1982,2873.0,5,0,0,0,0.0,0
0.5368,77,0,0.4713,5098.0,9,0,4,0,0.0,0
3.3815,48,0,0.3107,,8,0,1,0,0.0,0
0.3205,80,0,0.4834,5583.0,6,0,0,0,4.0,0
0.5948,58,0,1.1469,,9,0,1,0,1.0,0
0.2288,63,0,0.706,4617.0,6,0,0,0,0.0,0
0.7268,37,0,0.2854,8444.0,8,0,1,0,1.0,0
0.1596,58,0,1.031,6547.0,11,0,0,0,2.0,0
0.9718,65,0,0.1987,4775.0,9,0,2,0,0.0,0
0.7323,42,0,0.4223,10042.0,8,0,0,0,2.0,0
0.3229,21,0,1.0376,,7,0,0,0,0.0,0
0.0198,54,0,0.6606,3339.0,9,0,1,0,1.0,0
0.1448,49,0,0.2345,4429.0,7,0,0,0,1.0,0
0.1851,71,0,0.5746,5518.0,8,0,2,0,0.0,0
0.7923,44,0,0.4374,,6,0,3,0,1.0,0
0.2163,42,0,0.1598,6868.0,9,0,1,0,0.0,0
0.1713,36,2,0.4973,7567.0,12,1,1,0,1.0,0
3.4138,43,0,0.6547,6759.0,12,0,1,0,1.0,0
0.6631,89,0,0.146,,6,0,0,0,5.0,1
0.5665,30,0,0.4165,10554.0,7,0,0,0,1.0,0
0.6636,33,0,0.6477,7196.0,7,0,2,0,0.0,0
0.2584,51,0,0.511,7112.0,7,0,1,0,0.0,0
0.1558,80,0,0.5856,3497.0,9,0,0,0,0.0,0
0.2224,62,0,0.9137,3162.0,5,0,1,0,2.0,0
0.1081,74,0,0.4697,18719.0,7,0,1,0,0.0,0
0.2159,47,0,0.4696,9522.0,8,0,1,0,1.0,0
0.0973,33,0,0.4107,9908.0,8,0,0,0,0.0,0
0.4236,46,0,0.7597,5641.0,11,0,0,0,0.0,0
0.2967,50,0,0.8718,5702.0,8,0,1,0,2.0,0
0.0864,52,0,0.0948,,11,0,1,0,0.0,0
0.1735,49,0,0.1573,7917.0,10,0,1,0,0.0,0
4.8704,60,0,0.8169,1268.0,13,0,2,0,1.0,0
0.4212,42,0,0.2272,2558.0,6,0,1,0,0.0,0
0.1953,39,0,0.801,,6,0,1,0,0.0,0
0.8032,35,0,0.5135,3630.0,10,0,1,0,0.0,0
0.5367,55,0,0.5072,7757.0,4,0,1,0,2.0,0
0.5425,53,0,0.3749,4452.0,9,0,0,0,0.0,0
0.0277,67,0,0.2529,7357.0,7,0,0,0,2.0,0
1.8338,74,0,0.4564,,10,0,1,0,1.0,0
0.1118,35,0,0.3282,12091.0,7,0,1,0,2.0,0
0.8218,52,0,0.3638,2909.0,9,0,3,0,1.0,0
0.4062,49,0,0.1108,,7,0,2,0,0.0,0
0.7275,30,0,0.1726,2534.0,15,0,0,0,0.0,0
0.073,45,0,0.1972,1659.0,6,0,0,0,1.0,0
0.2463,74,0,0.441,7914.0,6,0,0,0,0.0,0
0.3066,43,0,0.1833,8718.0,10,0,1,0,0.0,0
0.6181,41,0,0.3918,1943.0,12,0,1,0,1.0,0
0.1739,51,1,0.8698,3263.0,8,0,1,1,1.0,0
0.6712,65,0,0.2938,4884.0,7,0,1,0,0.0,0
0.5198,48,0,0.5625,4022.0,9,0,0,0,0.0,0
0.0219,54,0,1.009,7110.0,4,0,2,0,0.0,0
0.1378,21,0,0.3707,,6,0,0,0,3.0,0
0.9805,60,0,0.1919,3012.0,9,0,1,0,1.0,0
0.175,55,0,0.2294,11877.0,14,0,0,0,0.0,0
0.1685,64,0,0.2995,5715.0,13,0,0,0,1.0,0
0.0255,26,0,0.0734,,9,0,1,0,1.0,0
0.377,48,0,0.3679,13691.0,11,0,2,0,0.0,0
0.2665,65,0,0.2674,7033.0,4,0,1,0,0.0,0
0.5447,44,0,0.6228,3233.0,13,0,0,0,1.0,0
1.6379,53,0,0.5637,5022.0,10,0,0,0,,0
2.8252,46,0,0.3686,8783.0,4,0,1,0,0.0,0
0.7303,47,0,0.6258,4873.0,5,0,0,0,0.0,0
0.1113,68,0,0.2626,,4,0,0,0,2.0,0
0.5563,32,0,0.5048,3857.0,11,0,0,0,,0
0.6171,51,1,0.1918,4605.0,10,0,0,0,1.0,0
6.3776,56,0,0.3667,9321.0,10,0,0,0,0.0,0
0.0559,65,0,0.3159,5261.0,6,0,3,0,1.0,0
0.4772,50,0,0.2524,4870.0,8,0,2,0,2.0,0
0.4098,66,0,0.628,7833.0,10,0,1,0,1.0,0
0.2439,51,0,0.5417,4140.0,14,0,1,0,2.0,0
0.2778,54,0,0.5749,2481.0,11,0,0,0,0.0,0
0.4682,53,0,0.433,6397.0,8,0,4,0,2.0,0
0.6053,61,0,1.22,5118.0,5,0,1,0,1.0,1
0.776,60,0,0.4579,6775.0,12,0,0,0,,0
0.0464,36,0,0.8187,,13,0,1,0,0.0,0
2.1231,55,0,0.3945,2477.0,9,0,1,0,0.0,0
0.0149,60,0,0.5418,,8,0,0,0,0.0,0
0.0571,72,0,0.3518,3605.0,8,0,1,0,1.0,0
0.7383,38,0,0.3271,,12,0,2,0,1.0,0
0.699,60,0,0.6022,3011.0,9,0,1,0,0.0,0
0.4269,47,0,1.0184,4306.0,9,0,2,0,0.0,0
0.2464,55,0,0.0606,5162.0,10,0,2,0,1.0,0
0.5531,37,0,0.5859,5141.0,7,0,1,0,0.0,1
0.2848,52,0,0.8128,6238.0,12,0,0,0,2.0,0
0.5135,56,0,0.4768,5372.0,10,0,2,0,0.0,0
0.7534,38,0,0.7661,,8,0,2,0,1.0,1
5.6337,72,0,0.7324,,9,0,0,0,1.0,0
0.034,30,0,0.3516,21956.0,4,0,1,0,1.0,0
0.2327,60,0,0.2819,3304.0,10,0,1,0,1.0,0
0.7535,21,0,0.2308,,5,0,1,0,1.0,1
0.1711,48,3,0.2962,2634.0,6,1,0,0,2.0,0
2.0156,59,2,0.1693,9428.0,9,1,0,0,0.0,0
4.0641,62,0,0.7891,4887.0,7,0,2,0,0.0,0
0.1707,51,0,0.4307,4644.0,7,0,0,0,2.0,0
0.3619,49,0,0.5394,6802.0,14,0,1,0,2.0,0
0.3596,60,0,0.2293,9282.0,5,0,1,0,1.0,0
0.3218,65,0,0.5599,4355.0,10,0,0,0,5.0,0
0.1676,71,0,0.1541,9345.0,9,0,0,0,4.0,0
0.0086,34,0,0.1067,6283.0,10,0,1,0,0.0,0
0.3358,49,0,0.5454,3938.0,10,0,0,0,0.0,0
0.5194,21,0,0.4693,6315.0,9,1,0,0,2.0,0
0.0097,33,0,0.9295,,10,0,1,0,3.0,1
0.877,42,0,0.738,15028.0,7,0,1,0,1.0,0
0.3825,64,0,0.5133,2288.0,12,0,2,0,0.0,0
0.5418,45,0,0.1381,4684.0,4,0,0,0,0.0,0
0.139,48,0,0.7589,11833.0,13,0,0,0,1.0,0
0.1273,56,0,0.5891,5134.0,12,0,2,0,0.0,0
0.1582,43,0,0.4907,1496.0,2,0,1,0,0.0,0
0.5152,24,0,0.9615,2630.0,10,0,3,0,1.0,0
0.1072,42,0,1.0629,6561.0,5,0,3,0,0.0,0
0.194,50,0,0.4537,6807.0,6,0,0,0,2.0,0
0.6052,59,0,0.1277,4810.0,5,0,1,0,0.0,0
3.1354,49,0,0.4771,,8,0,1,0,0.0,1
0.3231,58,0,0.4011,3521.0,6,0,0,0,0.0,0
0.4262,65,0,0.0977,1382.0,10,0,0,0,1.0,0
0.4396,68,0,0.4325,4557.0,4,0,1,0,,0
0.0323,54,0,0.084,3143.0,6,0,0,0,1.0,0
0.2279,36,0,0.7789,6568.0,8,1,0,0,0.0,0
0.1159,35,0,0.9776,,12,0,0,0,1.0,0
0.0491,36,0,0.4494,3060.0,8,0,1,0,0.0,0
0.7742,37,0,0.2289,14246.0,6,0,1,0,2.0,0
0.0246,53,0,0.4688,6937.0,8,0,2,0,1.0,0
0.1437,78,0,1.1812,1734.0,5,0,0,0,0.0,0
0.5266,55,0,0.4756,,14,0,2,0,1.0,0
0.0479,51,0,0.4284,5139.0,11,0,0,0,2.0,0
0.242,65,0,0.0675,9272.0,2,0,0,0,1.0,0
0.3504,40,0,0.5196,,7,0,0,0,1.0,0
0.4945,67,1,0.5064,2730.0,3,0,0,0,1.0,0
0.0095,66,0,0.5321,5960.0,5,0,1,0,1.0,0
0.7729,53,0,0.4342,5243.0,12,0,1,0,2.0,0
0.051,81,0,0.4382,,6,0,2,0,1.0,0
0.2047,68,0,0.9642,5306.0,8,0,3,0,2.0,0
0.1507,53,0,0.1196,,12,0,0,0,0.0,0
0.5783,50,0,0.4741,7037.0,12,0,0,0,2.0,0
0.579,46,0,0.7347,11211.0,10,0,1,0,1.0,0
0.1182,50,0,0.5626,15414.0,9,0,1,0,2.0,0
9.2143,51,0,0.0878,2162.0,6,0,3,0,1.0,1
0.2782,48,0,0.1288,4630.0,9,2,0,1,1.0,0
0.6814,49,0,0.5252,2589.0,11,0,0,0,1.0,0
0.2906,35,0,0.6299,,3,0,1,0,1.0,0
0.0376,44,0,0.591,3525.0,6,0,3,0,2.0,0
0.3849,30,0,0.1029,6161.0,6,0,1,0,1.0,0
0.4126,58,0,0.2813,8881.0,7,0,1,0,1.0,0
0.4652,53,0,0.116,,11,0,0,0,0.0,1
0.6837,50,0,0.3771,11950.0,8,0,0,0,1.0,0
0.4314,64,0,1.161,5625.0,7,0,2,0,4.0,0
0.7496,40,1,0.5808,2130.0,14,0,0,0,0.0,0
0.2303,42,0,0.9083,,4,0,0,0,2.0,0
1.2774,31,0,1.1364,,6,0,1,0,1.0,0
0.6099,66,0,0.4329,6804.0,7,0,1,0,3.0,0
0.021,60,0,0.4569,11544.0,0,0,1,0,1.0,0
0.3457,71,0,0.4462,3314.0,7,0,3,0,1.0,0
0.166,74,0,0.6264,10684.0,7,0,0,0,1.0,0
0.2291,46,0,0.2956,4212.0,8,0,1,0,1.0,0
0.5047,42,0,0.5427,3835.0,8,0,1,0,2.0,0
0.3792,27,0,0.3006,13115.0,8,0,1,0,3.0,0
0.0119,37,0,0.2488,2524.0,9,0,0,0,0.0,0
0.2072,47,0,0.2291,3084.0,5,0,2,0,1.0,0
0.5051,23,0,0.2788,3465.0,9,0,0,0,1.0,0
0.8454,37,0,0.3565,,7,0,1,0,1.0,0
5.0984,51,0,0.1367,,14,0,2,0,1.0,0
1.7404,65,0,0.31,13114.0,8,0,1,2,1.0,0
2.053,42,0,0.248,6039.0,8,0,1,0,0.0,0
3.2523,54,1,0.2732,,8,0,0,1,1.0,0
0.0153,78,0,0.4604,4106.0,14,0,0,0,0.0,0
0.0505,27,0,0.3407,6677.0,6,0,2,0,2.0,0
0.3125,67,0,0.7855,3952.0,10,0,1,0,,0
0.4638,57,0,0.2236,,8,0,1,0,0.0,0
3.051,70,0,0.5425,5763.0,9,0,0,0,0.0,0
0.727,66,0,0.2439,,10,0,2,0,0.0,0
0.4308,43,1,0.3905,7463.0,5,0,2,0,2.0,0
0.2812,52,0,0.0744,3874.0,6,0,3,0,1.0,0
0.324,32,0,0.3248,12404.0,11,0,3,0,2.0,0
0.4085,45,0,0.316,2779.0,7,0,1,0,,0
0.242,52,0,0.1763,4938.0,8,0,1,0,0.0,0
0.9436,56,0,0.3908,7955.0,7,0,3,0,2.0,0
0.1011,63,0,0.5894,2867.0,7,0,3,0,0.0,0
0.151,74,0,0.6979,5041.0,5,0,1,0,3.0,0
0.1445,46,0,0.3097,5231.0,8,0,1,0,0.0,0
0.1429,68,0,0.6873,4413.0,9,0,0,0,1.0,0
0.2034,56,0,0.851,4518.0,9,0,1,0,0.0,0
1.0845,34,0,0.3978,4344.0,8,0,2,0,1.0,0
0.5999,50,0,0.3458,,9,0,2,0,0.0,0
0.5287,54,0,0.5573,7716.0,6,0,1,0,1.0,0
0.1426,40,0,0.0407,3161.0,7,0,0,0,2.0,0
0.1905,37,0,0.7417,,9,0,1,0,0.0,0
0.3766,37,0,0.3902,7769.0,4,0,3,0,0.0,0
0.0125,44,0,0.1934,,10,0,2,0,1.0,0
0.2337,40,0,1.0627,,6,0,0,0,3.0,0
0.7447,69,1,0.1709,6832.0,3,0,1,0,1.0,0
8.5136,21,0,0.6901,972.0,8,0,0,0,1.0,0
0.2385,54,0,0.6903,3047.0,6,0,0,0,1.0,0
0.6154,59,0,0.0241,6834.0,7,0,1,0,1.0,1
0.2884,39,0,0.3907,8890.0,11,0,1,0,1.0,0
0.9908,49,0,0.2706,,10,0,0,0,0.0,0
0.2816,47,0,0.387,3316.0,5,0,0,0,0.0,0
0.136,51,0,0.5172,4304.0,6,0,0,0,,0
0.3208,61,0,0.4049,5624.0,12,0,0,0,1.0,1
0.6151,60,0,1.0366,3298.0,2,0,1,0,0.0,0
0.642,44,0,0.1638,6947.0,9,0,0,0,0.0,0
0.8264,31,0,0.216,10241.0,11,0,1,0,2.0,0
0.1117,54,0,0.4047,10254.0,6,0,2,0,0.0,0
0.5054,43,0,0.4803,13828.0,10,0,1,0,,0
0.064,45,0,0.2448,3723.0,9,0,1,0,2.0,0
0.0516,55,0,0.2283,,7,0,0,0,1.0,0
0.2264,46,0,0.2171,5589.0,7,0,0,0,0.0,0
0.3926,56,0,0.3174,21821.0,11,0,1,0,0.0,0
0.5006,87,0,0.4771,7694.0,5,0,0,0,1.0,0
0.7865,62,1,0.3325,6123.0,7,0,1,2,1.0,0
0.3341,71,0,0.7398,14511.0,6,0,0,0,0.0,0
0.2257,59,0,0.4258,6011.0,12,0,0,0,1.0,0
2.8577,53,0,0.4946,4030.0,7,0,0,0,,0
0.417,59,0,0.491,13642.0,10,0,1,0,3.0,0
0.2457,59,0,0.653,,8,0,0,0,1.0,0
0.2011,64,0,0.5492,3081.0,5,0,2,0,1.0,0
2.9879,53,0,0.3017,,10,0,0,0,1.0,0
0.1655,34,0,0.2277,4330.0,7,0,3,0,0.0,0
0.2894,31,0,0.5715,,9,0,4,0,1.0,0
6.5614,58,0,0.5367,1817.0,15,0,0,0,3.0,0
0.9945,36,0,0.4588,6758.0,6,0,0,0,0.0,0
1.5742,62,0,0.386,,8,0,1,0,1.0,0
2.9164,71,0,0.6268,,9,0,1,0,1.0,0
1.2035,49,0,0.4354,2753.0,9,0,0,0,0.0,0
0.3839,69,0,0.8223,39698.0,5,0,0,0,0.0,0
0.4871,56,0,0.1042,7531.0,9,0,1,0,1.0,0
2.269,52,0,0.1111,1686.0,6,0,0,0,0.0,1
3.8977,53,0,0.4249,15995.0,5,0,0,0,1.0,0
2.8949,40,0,0.9248,5410.0,12,0,1,0,1.0,1
0.835,39,0,0.5817,10837.0,9,0,1,0,0.0,0
2.7029,29,0,0.4825,10054.0,11,0,0,0,0.0,0
1.4393,42,0,0.3124,5925.0,8,0,1,0,0.0,0
0.2445,82,0,0.8597,2803.0,9,0,0,0,0.0,0
2.4861,31,0,0.5541,5605.0,10,0,0,0,1.0,0
0.0827,36,0,0.415,3396.0,3,0,1,0,2.0,0
0.0854,41,0,1.1644,,6,0,1,0,0.0,0
0.1539,41,0,0.7774,20475.0,6,0,0,0,0.0,0
1.9679,56,0,0.2932,5505.0,5,0,3,0,1.0,0
0.3018,43,0,0.7676,,8,0,0,0,1.0,0
3.8099,49,0,0.5146,5458.0,6,0,0,0,0.0,0
1.2685,40,0,0.5992,14506.0,12,0,0,0,1.0,0
0.7809,45,0,0.8538,10477.0,8,0,1,0,1.0,0
0.305,51,0,0.1672,3106.0,9,0,0,0,0.0,0
0.1606,50,0,0.2356,10248.0,5,0,2,0,0.0,0
0.4239,80,0,1.0069,3843.0,8,0,1,0,0.0,1
0.3226,52,0,0.4532,4361.0,13,0,1,0,0.0,0
0.0301,49,0,0.7769,,8,0,0,0,1.0,0
0.2892,21,0,0.2504,4889.0,7,0,1,0,2.0,0
3.5686,55,0,0.504,,5,0,2,0,1.0,0
0.7998,24,0,0.9167,,3,0,3,0,0.0,1
0.0105,60,0,0.4634,16239.0,7,0,2,0,0.0,0
0.0943,54,0,0.2349,,7,0,0,0,1.0,0
0.3464,63,0,0.3985,5516.0,10,0,1,0,0.0,0
0.8376,43,0,0.4321,5260.0,15,0,0,0,1.0,0
0.2945,52,0,0.5578,26429.0,11,0,1,0,2.0,0
0.4547,61,0,0.2892,2881.0,9,0,1,0,2.0,0
3.2805,39,0,0.8693,,11,0,1,0,0.0,0
0.4066,61,0,0.2439,5727.0,10,0,2,0,1.0,0
0.1333,60,0,0.404,5167.0,6,0,2,0,1.0,0
1.0052,50,0,0.1328,11582.0,6,0,1,0,1.0,0
4.1517,74,0,0.4555,2822.0,18,0,0,0,1.0,0
0.3181,59,0,0.097,7406.0,11,0,0,0,0.0,0
4.3138,29,0,0.1605,4409.0,10,0,0,0,1.0,0
0.1531,66,0,0.4175,5090.0,6,0,1,0,1.0,0
0.4718,43,0,0.2931,,10,0,2,0,2.0,0
3.0706,63,0,0.3277,,6,0,3,0,0.0,0
0.0273,56,0,0.5204,7730.0,6,0,0,0,1.0,0
0.2723,21,0,0.3383,4969.0,7,0,1,0,0.0,0
1.5511,60,0,0.455,,10,0,1,0,0.0,0
0.3034,49,0,0.8041,2030.0,7,0,0,0,0.0,0
0.1119,46,0,0.8648,7248.0,12,0,1,0,1.0,0
0.1925,46,2,0.3722,2570.0,8,1,0,0,1.0,0
1.0509,63,0,0.8308,9104.0,6,0,0,0,1.0,0
0.4815,39,0,1.1455,16843.0,4,0,0,0,0.0,0
0.1251,68,0,0.1592,2268.0,6,0,2,0,1.0,0
0.4598,31,0,0.413,2078.0,7,0,3,0,2.0,0
2.2221,56,0,0.534,4747.0,13,0,3,0,0.0,0
0.3135,63,0,0.7279,5949.0,7,0,1,0,0.0,0
0.7314,62,0,0.4885,,12,0,0,0,,0
0.8871,55,0,0.1754,3546.0,10,0,0,0,1.0,0
0.23,49,0,0.3432,,9,0,1,0,0.0,0
0.3367,44,0,1.1998,4682.0,6,0,4,0,0.0,0
4.2668,35,0,0.5059,5849.0,7,0,1,0,0.0,0
4.7706,42,0,0.2389,12125.0,3,0,1,0,1.0,0
3.1432,39,0,1.0134,18919.0,11,0,1,0,0.0,0
0.1073,36,0,0.1465,,13,0,3,0,0.0,0
0.2749,77,0,0.8926,7265.0,9,0,0,0,1.0,0
1.2836,28,0,0.2268,,8,0,2,0,1.0,0
1.4266,68,0,0.2228,6122.0,7,0,2,0,0.0,0
0.9462,35,0,0.5706,1535.0,8,0,1,0,0.0,0
0.0835,38,0,0.6623,9272.0,10,0,0,0,2.0,0
0.1135,37,0,0.6086,7125.0,10,0,1,0,1.0,0
0.1794,36,0,0.2646,,6,0,1,0,1.0,0
4.491,65,0,0.176,5547.0,7,0,1,0,0.0,0
0.3468,60,0,0.3895,15317.0,7,0,1,0,0.0,0
1.0691,49,1,0.9277,13393.0,9,0,2,0,2.0,0
0.2226,90,0,0.1684,2298.0,6,0,1,0,1.0,0
2.4992,52,0,0.3999,5478.0,9,0,2,0,2.0,0
0.5115,53,0,0.7295,5250.0,5,0,1,0,2.0,0
0.9746,42,0,0.687,7542.0,8,0,2,0,1.0,0
0.3439,41,0,0.3151,4559.0,7,0,2,0,2.0,0
1.8864,45,0,0.2666,7347.0,4,0,1,0,0.0,0
4.7956,64,0,0.3991,6678.0,7,0,1,0,0.0,0
0.5594,60,0,0.2641,4015.0,6,0,2,0,1.0,0
0.4557,70,0,0.454,10381.0,10,0,0,0,3.0,0
0.6608,42,0,0.2999,16862.0,16,0,1,0,0.0,0
0.6525,60,0,0.298,14018.0,8,0,0,0,,0
0.0987,56,0,0.6358,4734.0,5,0,1,0,1.0,0
0.1231,58,0,0.2387,3050.0,6,0,0,0,0.0,0
0.7088,40,0,0.2968,7407.0,6,0,1,0,3.0,0
1.2528,37,0,0.3116,6769.0,9,0,0,0,3.0,0
0.3211,60,0,0.4031,3731.0,10,0,0,0,0.0,0
0.511,64,0,0.5153,11704.0,6,0,0,0,3.0,0
0.0671,43,0,0.2005,7485.0,4,0,1,0,0.0,0
0.5439,61,0,0.129,3097.0,9,0,1,0,0.0,0
3.8767,69,0,0.8837,,9,0,0,0,1.0,0
0.4606,47,0,0.1257,6461.0,2,0,1,0,0.0,0
0.2581,32,0,0.3442,9638.0,7,0,0,0,0.0,0
0.3468,34,0,0.7992,3394.0,13,0,0,0,0.0,0
3.9458,43,0,0.1559,,11,0,2,0,0.0,0
0.3882,46,0,0.3486,24000.0,8,0,0,0,0.0,0
0.3909,51,0,0.406,,8,0,0,0,1.0,0
0.7444,52,0,0.1318,7644.0,11,0,0,0,0.0,0
0.136,48,0,0.5011,4938.0,13,0,2,0,0.0,0
0.8323,62,0,0.5398,,7,0,1,0,1.0,0
0.4757,41,0,0.3981,9203.0,8,0,0,0,0.0,0
0.0746,70,0,1.1793,2858.0,2,0,0,0,0.0,0
0.115,65,0,0.5052,2528.0,11,0,0,0,2.0,0
0.4599,64,0,0.2136,5259.0,7,0,0,0,0.0,0
2.9347,43,0,0.368,6837.0,12,0,1,0,2.0,0
0.4725,50,0,0.3698,9986.0,4,0,0,0,2.0,0
1.185,62,0,0.3683,,8,0,1,0,,0
0.2331,49,1,0.1114,5327.0,7,0,3,0,1.0,0
0.1968,42,0,0.2627,7453.0,14,0,3,0,0.0,0
0.2133,42,0,1.0517,5170.0,7,0,2,0,1.0,0
0.4437,42,0,0.0235,,12,0,1,0,0.0,0
1.7498,36,0,0.2738,,5,0,1,3,1.0,0
0.5679,92,0,1.0765,9096.0,9,0,2,0,,0
0.1909,25,0,0.8079,10285.0,4,0,1,0,0.0,0
0.3576,38,0,0.0846,2337.0,9,0,0,0,1.0,0
0.041,60,0,0.4826,8539.0,9,0,1,0,1.0,0
0.2851,42,0,0.8339,5180.0,15,0,1,0,0.0,0
0.1724,47,0,0.5888,8412.0,7,0,0,0,0.0,0
0.2237,58,1,0.8534,,11,1,0,0,0.0,0
0.2435,66,0,0.5483,,12,0,1,0,1.0,0
2.8868,48,0,0.7698,5522.0,7,0,0,0,0.0,0
0.2578,65,0,0.4509,,8,0,4,0,1.0,0
2.0086,28,0,0.3363,5748.0,8,0,1,0,0.0,0
0.0916,44,0,0.668,17131.0,8,0,2,0,1.0,0
2.6904,59,0,0.8094,12245.0,5,0,0,0,3.0,0
0.0795,80,0,0.1357,11868.0,12,0,0,0,0.0,0
0.4389,38,0,0.2905,,11,0,1,0,0.0,0
0.5532,36,0,0.728,6179.0,10,0,0,0,0.0,0
0.0328,57,0,0.5128,9734.0,6,0,1,0,1.0,0
0.4367,53,0,0.4762,5395.0,12,0,0,0,1.0,0
0.4472,42,0,0.1216,13061.0,13,0,4,0,1.0,0
0.0947,35,1,0.8051,,10,0,3,0,0.0,0
1.8986,45,0,0.7489,17773.0,10,0,2,0,1.0,0
0.4111,59,0,0.4153,4251.0,8,0,1,0,0.0,0
0.1961,47,0,0.6716,6139.0,8,0,1,0,0.0,0
0.7552,68,0,0.7659,12216.0,8,0,0,0,1.0,0
0.8546,50,0,0.226,17093.0,6,0,1,0,0.0,0
0.605,60,0,1.0287,,5,0,0,0,2.0,0
0.3096,56,0,0.5844,4112.0,9,0,0,0,1.0,0
0.1059,46,0,0.0563,4443.0,8,0,1,0,1.0,0
0.728,64,0,0.2109,,8,1,0,0,1.0,0
0.5972,35,0,0.6379,2998.0,5,2,2,0,1.0,0
0.5095,44,0,0.2973,4397.0,5,0,1,0,1.0,0
0.3484,46,0,0.5554,4854.0,9,0,1,0,1.0,0
0.3613,57,0,0.3047,4222.0,6,0,0,0,0.0,0
0.4247,61,0,0.526,4604.0,9,0,1,0,0.0,0
0.3018,41,0,0.8454,,8,0,1,0,2.0,0
0.6164,39,0,0.1329,12633.0,8,0,1,0,1.0,0
0.3965,53,0,0.698,11234.0,4,0,0,0,0.0,0
0.4772,30,0,0.2323,5285.0,9,0,2,0,2.0,0
0.2134,66,0,0.2522,3565.0,7,0,1,0,1.0,0
0.3355,49,0,0.3754,9299.0,8,0,0,0,1.0,0
0.0232,36,0,0.5309,3707.0,6,0,0,0,0.0,0
0.4205,35,0,0.3165,3725.0,15,0,0,0,1.0,0
0.1276,56,0,0.301,,8,0,1,0,0.0,0
0.7087,56,0,0.2597,1845.0,7,0,2,0,1.0,0
0.3179,41,0,0.7606,11108.0,8,0,0,0,1.0,0
0.0216,50,4,0.2935,3811.0,7,0,2,1,0.0,0
0.0509,36,0,0.4173,1538.0,6,0,1,0,0.0,0
0.6029,48,0,0.2897,12609.0,8,0,1,0,0.0,0
0.3268,73,0,1.034,10267.0,10,0,2,0,0.0,0
0.3266,82,0,0.7372,6299.0,9,0,1,0,0.0,0
0.5256,49,0,0.1444,8852.0,11,0,1,0,0.0,0
0.1864,58,0,0.6274,5098.0,7,0,0,0,0.0,0
0.2907,57,0,0.1746,20889.0,6,0,1,0,1.0,0
0.6829,28,1,0.4513,2863.0,5,0,2,0,2.0,0
0.6084,36,0,0.3062,3256.0,8,0,1,0,3.0,0
0.6227,21,0,0.7592,,5,0,0,0,0.0,0
0.3426,58,0,0.5272,,3,0,0,0,1.0,0
0.2457,79,0,0.5371,9700.0,5,0,1,0,,0
0.7436,67,0,0.6084,1907.0,5,0,2,0,,0
0.0409,53,0,0.692,5405.0,6,0,2,0,0.0,0
5.8176,51,0,0.6022,4402.0,11,0,0,0,0.0,0
0.0014,47,0,0.0081,8003.0,10,0,0,0,0.0,0
0.8027,67,1,0.5025,3914.0,6,0,1,0,0.0,0
0.0373,55,0,0.6599,,10,0,1,0,0.0,0
0.0632,53,0,0.4013,3066.0,6,0,1,0,3.0,0
0.3598,37,0,0.4432,,6,0,3,0,1.0,0
0.2611,60,0,0.4441,6833.0,6,0,1,0,1.0,0
0.361,50,0,0.5241,7933.0,6,0,0,0,2.0,0
0.2785,58,1,0.4676,27511.0,7,0,0,1,1.0,0
6.1519,66,0,0.6766,3440.0,6,0,0,0,0.0,0
0.2498,29,0,0.6315,4443.0,9,0,0,0,0.0,0
0.1565,48,0,0.2148,2668.0,4,0,0,0,0.0,0
0.3862,46,0,0.559,,6,0,1,0,1.0,0
0.3969,45,0,0.0841,5862.0,8,0,1,0,2.0,0
0.1539,36,0,0.5214,,8,0,1,0,1.0,0
0.1567,42,0,0.4247,11174.0,10,0,4,0,0.0,0
0.4353,37,0,0.1851,,12,0,0,0,1.0,0
0.1028,64,0,0.1323,,8,0,2,0,2.0,0
0.1898,57,0,0.5623,,10,0,2,0,1.0,0
0.3466,56,0,0.6614,2327.0,13,0,0,0,1.0,0
1.4863,25,0,0.4717,3247.0,4,0,4,0,0.0,0
0.6865,79,0,0.114,,7,0,4,0,2.0,1
0.3735,46,0,0.3645,13598.0,9,0,0,0,1.0,0
0.0179,76,0,0.4376,,7,0,1,0,0.0,0
0.5944,62,0,0.2684,3594.0,2,0,2,0,3.0,0
0.1105,49,0,0.1165,,10,0,1,0,1.0,0
0.2215,81,0,0.7451,,10,0,1,0,0.0,0
0.2511,60,0,0.5988,4641.0,7,0,0,0,1.0,0
4.2242,49,0,0.3826,,6,0,1,0,1.0,0
0.453,47,0,0.0958,5636.0,7,0,0,0,1.0,0
0.8411,66,0,0.6493,4003.0,5,0,1,0,0.0,0
0.7235,44,0,0.3459,,5,0,0,0,1.0,0
0.1243,47,0,0.2698,5220.0,8,0,1,0,0.0,0
1.0785,44,0,0.2804,5444.0,7,0,0,0,0.0,0
1.234,41,2,0.532,8406.0,2,0,3,0,1.0,0
0.0434,42,0,0.1074,,7,0,1,0,0.0,0
0.3767,77,0,0.1072,5762.0,12,0,0,0,0.0,1
0.7038,66,0,0.1335,6444.0,10,0,0,0,0.0,0
0.1212,55,0,0.352,2917.0,4,0,0,0,2.0,0
0.343,44,0,0.5799,6038.0,7,0,2,0,0.0,0
0.1346,44,0,0.2738,4550.0,12,0,1,0,1.0,0
0.8953,47,0,0.2085,8273.0,7,0,0,0,0.0,0
0.1792,77,0,0.707,6661.0,7,0,1,0,1.0,0
4.8516,56,0,0.5036,4009.0,11,0,0,0,0.0,0
0.5813,62,0,0.6275,2140.0,11,0,1,0,0.0,0
0.2553,55,0,0.2288,4217.0,6,0,0,0,1.0,0
0.2068,40,0,0.4536,20679.0,12,0,2,0,1.0,0
0.2273,53,0,0.137,7830.0,6,0,2,0,0.0,0
0.4428,37,0,0.8339,3802.0,2,0,2,0,4.0,0
0.5317,69,0,0.5326,9164.0,7,0,1,0,0.0,0
2.0971,42,0,0.0813,3128.0,5,0,1,0,,0
0.5812,44,0,0.2293,,5,0,1,0,0.0,0
1.9176,63,0,0.1486,14579.0,5,0,2,0,2.0,0
0.144,42,0,0.6988,6717.0,8,0,1,0,2.0,0
0.0266,49,0,0.7544,9432.0,9,0,0,0,2.0,0
0.3049,21,0,0.4974,2684.0,9,0,1,0,0.0,0
2.4745,47,0,0.255,8548.0,8,0,1,0,1.0,0
2.6608,60,0,0.2808,,5,0,0,0,1.0,0
0.3635,43,0,1.066,1562.0,8,0,0,0,1.0,0
0.4181,60,4,0.29,12706.0,4,0,0,2,0.0,0
0.9282,52,0,0.0931,8235.0,10,0,2,0,0.0,0
0.864,67,0,0.4291,4072.0,5,0,1,0,1.0,0
0.7462,42,0,0.2641,14670.0,8,0,1,0,0.0,0
0.0785,49,0,0.1818,7220.0,13,0,4,0,0.0,0
0.3179,31,0,0.5083,2032.0,7,0,1,0,0.0,0
1.3668,51,0,0.3644,11643.0,8,0,1,0,0.0,0
0.1128,46,0,0.4384,8871.0,10,0,0,0,3.0,0
0.2054,65,0,0.3256,2971.0,6,0,0,0,1.0,0
5.0295,43,0,0.5746,5430.0,5,0,2,0,2.0,0
0.257,46,0,0.3844,3362.0,17,0,3,0,1.0,0
0.409,43,0,0.2169,5322.0,9,0,0,0,1.0,0
0.181,52,0,0.9987,5640.0,5,0,3,0,1.0,0
4.4575,80,0,0.6451,2691.0,8,0,0,0,2.0,0
0.2124,21,0,0.1208,8542.0,8,0,1,0,1.0,0
0.4148,51,0,0.2285,,13,0,1,0,2.0,0
0.0993,68,0,0.285,4035.0,9,0,0,0,1.0,0
0.6368,45,0,0.0397,18552.0,9,0,0,0,1.0,0
4.0184,59,0,0.4246,5830.0,5,0,0,0,1.0,0
0.6795,68,0,0.4972,4041.0,9,0,0,0,1.0,0
3.8503,48,0,0.1502,3663.0,14,0,1,0,1.0,0
0.5592,43,0,0.2708,,11,0,0,0,0.0,0
0.1902,65,0,0.4275,8242.0,12,0,0,0,0.0,0
0.1694,59,0,0.5736,,8,0,2,0,1.0,0
0.4997,51,0,0.6674,2810.0,11,0,2,0,0.0,1
0.2655,61,2,0.4168,5160.0,8,0,1,1,0.0,0
0.2159,65,0,0.4813,7062.0,7,0,2,0,0.0,0
0.2284,51,0,0.3026,,6,0,1,0,1.0,0
6.7694,56,0,1.3728,,11,0,1,0,2.0,0
0.7804,59,0,0.6096,7125.0,8,0,2,0,2.0,0
0.4502,46,0,0.5135,10465.0,5,0,1,0,0.0,0
0.075,69,0,0.577,7444.0,5,0,5,0,0.0,0
1.1146,38,0,0.0309,,10,0,1,0,3.0,0
0.053,50,0,0.702,7156.0,8,0,0,0,0.0,0
0.7351,63,0,0.5828,6111.0,4,0,1,0,0.0,0
0.0727,37,0,0.8971,12467.0,8,0,1,0,0.0,0
0.7054,64,0,0.2579,5407.0,9,0,0,0,0.0,0
0.106,55,0,0.1447,6846.0,10,0,1,0,2.0,1
4.7622,71,0,0.2907,4325.0,10,0,1,0,0.0,0
0.9012,61,0,0.0179,10741.0,11,0,0,0,1.0,0
0.3978,50,0,0.0297,3955.0,13,0,1,0,0.0,0
0.6581,55,0,0.307,1869.0,6,0,0,0,2.0,0
0.6483,56,0,0.8197,14430.0,8,0,3,0,2.0,0
2.0163,80,0,0.3763,16145.0,7,0,0,0,0.0,0
0.3287,53,0,0.3177,4258.0,4,0,1,0,0.0,0
0.811,50,0,0.421,3585.0,9,0,2,0,1.0,0
0.5454,49,0,0.5019,6811.0,2,0,0,0,0.0,0
0.529,55,0,0.5707,7438.0,5,0,2,0,0.0,0
0.336,36,0,0.1122,3289.0,8,0,1,0,2.0,0
1.1919,47,0,0.872,5431.0,10,0,2,0,3.0,0
1.5531,38,0,0.2285,3560.0,8,0,1,0,1.0,0
0.1211,40,0,0.7549,4241.0,8,0,1,0,1.0,0
0.1965,63,0,0.4338,9050.0,4,0,1,0,0.0,0
0.5156,52,0,0.2598,5543.0,10,0,2,0,0.0,0
0.1547,42,0,0.1822,,8,0,1,0,0.0,0
9.3593,50,0,0.5485,2582.0,9,0,0,0,0.0,0
1.1918,49,0,0.2921,10378.0,6,0,1,0,1.0,0
0.2821,53,0,0.6075,5286.0,10,0,1,0,0.0,0
0.7489,31,0,0.3959,2748.0,7,0,0,0,0.0,0
0.793,37,0,0.5743,5466.0,9,0,0,0,1.0,0
0.9862,32,2,0.3702,,7,0,2,1,,0
0.9033,39,0,0.4501,4980.0,3,0,0,0,0.0,0
0.2439,42,0,0.3759,3556.0,13,0,1,0,2.0,0
0.9001,38,0,0.3266,2444.0,8,0,0,0,0.0,0
0.2111,63,0,0.1398,4061.0,5,0,2,0,0.0,0
0.47,78,0,0.7033,,4,0,1,0,1.0,1
4.7036,64,0,0.475,3324.0,12,0,1,0,1.0,0
0.2774,44,0,0.3062,,4,0,1,0,1.0,0
0.1587,55,0,1.0653,5654.0,7,0,1,0,0.0,0
0.9797,51,0,0.2922,5978.0,5,0,2,0,0.0,0
0.1154,43,0,0.1404,7779.0,9,0,2,0,0.0,0
1.2469,71,0,0.3584,,5,0,1,0,0.0,1
0.3416,80,0,1.0375,,7,0,0,0,1.0,0
0.4471,31,0,0.5818,6292.0,12,0,1,0,2.0,0
0.3132,72,0,0.5077,,8,0,1,0,1.0,0
0.1066,44,1,1.0699,12544.0,8,0,0,0,1.0,0
0.2451,48,0,1.2498,3225.0,8,0,0,0,1.0,0
0.4293,56,0,0.362,,13,0,3,0,2.0,0
0.0488,74,0,1.3064,6036.0,9,0,1,0,1.0,0
0.2406,56,1,0.1939,11787.0,11,0,0,0,,0
4.8711,58,0,0.7705,11154.0,11,0,2,0,0.0,0
0.1913,64,0,0.1722,3817.0,9,0,1,0,,0
0.5398,66,0,0.6398,3423.0,5,0,1,0,0.0,0
0.943,59,0,0.166,7914.0,10,0,0,0,2.0,0
0.5049,66,1,0.7736,1807.0,11,1,0,0,0.0,0
0.9834,44,0,0.2177,9260.0,9,0,2,0,1.0,0
0.1174,28,2,0.1235,8607.0,9,1,2,1,0.0,0
0.4924,78,0,0.52,4389.0,12,0,1,0,0.0,1
0.3627,37,0,0.6863,4782.0,6,0,1,0,,0
4.7462,45,0,0.1948,5065.0,2,0,0,0,0.0,0
2.3847,47,0,0.3287,3272.0,13,0,0,0,,0
0.46,45,0,1.1869,8040.0,6,0,0,0,1.0,0
0.653,42,0,1.2948,5356.0,10,0,0,0,1.0,1
0.7875,58,0,0.3271,10666.0,6,0,1,0,0.0,0
0.5967,59,0,0.3447,,4,0,0,0,2.0,0
0.4654,61,0,0.5134,,5,0,1,0,0.0,0
0.2033,60,0,1.2277,,7,0,1,0,0.0,0
0.4707,46,0,0.1605,3462.0,5,0,2,0,0.0,0
0.3901,46,0,0.897,,8,0,1,0,0.0,0
0.7747,68,0,0.3223,,8,0,0,0,0.0,0
0.1111,45,1,0.4981,7800.0,5,2,1,0,1.0,0
0.4059,44,0,0.2031,5291.0,7,0,1,0,0.0,0
0.7593,65,1,0.1258,5805.0,11,1,0,0,0.0,0
0.8935,52,0,0.1455,7407.0,9,0,2,0,0.0,0
0.9504,45,0,0.2628,2643.0,3,0,1,0,0.0,0
2.0308,45,2,0.314,,10,0,1,0,1.0,0
0.585,68,0,0.1097,17086.0,4,0,0,0,0.0,0
2.0029,60,0,0.3784,5957.0,8,0,2,0,1.0,0
0.2792,55,0,0.1086,4406.0,12,0,1,0,0.0,0
0.2653,36,0,0.3477,4374.0,8,0,1,0,0.0,0
0.4306,55,0,0.5891,8825.0,5,0,2,0,0.0,0
0.3933,49,0,0.211,7052.0,8,0,0,0,,0
0.3795,39,0,0.2778,2414.0,10,0,1,0,2.0,0
0.2795,44,0,0.686,4503.0,9,0,0,0,0.0,0
0.0634,62,0,0.3259,7720.0,7,0,3,0,2.0,0
0.2055,69,0,0.3758,5357.0,13,0,0,0,0.0,0
0.2506,37,0,0.2449,3775.0,9,0,0,0,0.0,0
0.4382,39,0,0.9076,,4,0,0,0,2.0,0
1.1237,62,0,0.6428,15624.0,4,0,1,0,1.0,0
0.6134,46,0,0.3602,,7,0,0,0,1.0,0
2.0258,60,0,0.0357,,10,0,2,0,0.0,0
0.148,46,0,0.459,1974.0,6,0,1,0,1.0,0
0.6587,60,0,0.7097,,8,0,1,0,1.0,0
0.3116,33,0,0.6556,9591.0,5,0,0,0,3.0,0
0.3863,60,0,0.3779,3463.0,4,0,0,0,0.0,0
0.6229,23,0,0.5086,4164.0,12,0,1,0,0.0,0
0.4279,65,0,0.4286,5556.0,8,0,1,0,0.0,0
0.1162,52,0,0.5367,5418.0,10,0,0,0,0.0,0
0.31,58,0,0.057,7237.0,8,0,3,0,1.0,0
1.2464,55,0,0.5434,6599.0,6,0,1,0,0.0,0
0.1535,28,0,0.3659,1889.0,5,0,0,0,1.0,0
0.4672,71,0,0.5848,8328.0,7,0,0,0,0.0,0
0.2706,57,0,0.1597,6370.0,3,0,0,0,0.0,0
1.2358,63,1,0.0699,5992.0,7,0,3,0,1.0,0
0.6889,41,0,0.611,8626.0,18,0,2,0,3.0,0
1.1563,55,0,0.6726,30448.0,5,0,1,0,1.0,0
0.3327,34,0,0.24,7965.0,6,0,1,0,0.0,0
0.5107,54,0,0.1306,,13,0,1,0,1.0,0
0.6117,39,0,0.6853,2002.0,9,0,2,0,1.0,0
0.2468,95,0,0.7072,5634.0,10,0,2,0,1.0,0
1.011,60,0,0.5768,,6,0,1,0,1.0,0
0.1967,71,0,1.3268,5524.0,10,0,2,0,3.0,0
0.2945,49,2,0.035,,7,0,1,0,0.0,0
0.3999,58,0,0.6691,4503.0,9,0,1,0,0.0,0
0.2252,65,0,1.072,8867.0,3,0,2,0,0.0,0
3.3222,37,0,0.3555,5575.0,13,0,0,0,0.0,0
4.4642,43,0,0.3833,7675.0,12,0,2,0,0.0,0
3.2462,66,0,0.4766,13977.0,7,0,0,0,0.0,0
9.7199,49,0,0.4016,4594.0,11,0,2,0,0.0,0
0.5965,42,0,0.5112,,12,0,2,0,2.0,0
0.009,43,0,0.9778,2674.0,5,0,3,0,1.0,0
0.08,35,0,0.3657,2412.0,11,0,1,0,0.0,0
0.384,25,0,0.5212,26202.0,6,0,1,0,0.0,0
0.3978,28,0,0.8049,22235.0,4,0,0,0,0.0,0
0.3597,53,0,0.3909,8847.0,14,0,0,0,1.0,0
0.269,61,0,0.5272,,5,0,1,0,2.0,0
0.1882,87,0,0.2414,6694.0,11,0,0,0,1.0,0
0.3009,51,0,0.25,5360.0,12,0,1,0,0.0,0
0.1566,34,0,0.0917,5632.0,5,0,0,0,0.0,0
0.4396,52,0,0.732,10887.0,3,0,3,0,0.0,0
0.161,62,0,0.2997,2680.0,5,0,1,0,1.0,0
0.0929,66,0,0.9196,6194.0,5,0,4,0,0.0,0
0.3289,65,0,0.2652,14057.0,5,0,1,0,1.0,0
0.5279,60,0,0.1552,10339.0,11,0,4,0,0.0,0
0.363,53,0,0.646,5674.0,8,0,1,0,0.0,0
0.9989,62,0,0.2701,5591.0,8,0,2,0,2.0,0
0.2284,35,0,1.1475,3717.0,9,0,0,0,0.0,0
0.4327,24,0,0.6893,4130.0,7,0,2,0,1.0,1
1.4644,81,0,0.6322,,12,0,1,0,1.0,0
3.3578,51,0,0.7531,5518.0,9,0,1,0,0.0,0
0.1186,59,0,0.1737,1720.0,5,0,0,0,1.0,0
1.0446,21,0,0.9354,7047.0,6,0,1,0,1.0,0
0.5639,74,0,0.064,,8,0,0,0,0.0,1
0.2551,68,0,0.7582,13470.0,7,0,1,0,1.0,0
0.317,30,0,0.6894,4415.0,8,0,2,0,1.0,0
1.0068,48,0,0.6029,14831.0,4,0,1,1,0.0,0
1.3506,56,0,0.4681,,12,0,1,0,0.0,0
1.0793,34,0,0.4788,,8,0,2,0,1.0,0
3.998,59,0,0.9202,5447.0,5,0,0,0,1.0,0
0.4422,67,0,0.7399,7285.0,9,0,0,0,2.0,0
0.5386,57,0,0.2858,14394.0,10,0,1,0,1.0,0
0.5752,30,0,0.1384,4406.0,5,0,0,0,0.0,0
1.1574,37,0,0.9511,,9,0,0,0,0.0,0
0.2228,50,0,0.7718,,6,0,3,0,0.0,0
0.2344,49,0,0.2562,5274.0,7,0,0,0,,0
2.0043,49,0,0.5709,,3,0,1,2,2.0,0
0.2637,48,0,0.3489,4241.0,10,0,0,0,1.0,0
6.5672,27,0,0.5464,8573.0,17,0,1,0,2.0,0
0.1272,63,0,1.2244,3566.0,6,0,0,0,0.0,0
5.3237,61,0,0.1428,6224.0,7,0,1,0,2.0,0
0.0425,59,3,0.472,,3,1,1,1,2.0,0
0.1716,58,0,0.7761,15611.0,5,0,1,0,1.0,0
0.1006,48,0,0.5631,1898.0,12,0,1,0,1.0,0
5.0551,44,0,0.4299,7832.0,8,0,3,0,0.0,0
0.2211,38,0,0.1659,4763.0,8,0,1,1,2.0,0
0.1316,74,0,0.3299,30999.0,17,0,0,0,1.0,1
0.3407,52,0,0.1742,4773.0,11,0,0,0,2.0,0
0.3194,29,0,0.3365,1880.0,15,0,0,0,0.0,0
0.6703,52,0,0.643,9596.0,11,0,1,0,1.0,0
7.9461,23,0,0.453,,5,0,1,0,1.0,1
0.5482,55,0,0.6652,,11,0,0,0,0.0,1
0.235,54,0,1.0234,10883.0,8,0,2,0,1.0,0
0.3852,44,0,0.7087,3831.0,3,0,3,0,1.0,0
0.0198,39,0,0.3345,,10,0,2,0,1.0,0
0.7091,60,0,0.232,6870.0,11,0,0,0,0.0,0
0.1732,51,0,0.6011,2726.0,7,0,1,0,3.0,0
0.4184,25,0,0.0734,,7,0,1,0,0.0,0
0.8214,69,0,0.1767,7384.0,6,0,1,0,0.0,0
1.1167,39,0,0.5921,,13,0,1,0,3.0,0
4.2877,34,0,0.3274,4752.0,6,0,0,0,1.0,0
6.7973,71,0,0.3775,4328.0,11,0,1,0,0.0,0
0.2302,67,0,1.0506,,5,0,3,0,0.0,0
0.0336,46,0,0.4071,,10,0,0,0,0.0,0
0.365,34,0,0.5861,,8,0,0,0,1.0,0
0.4326,39,0,0.939,4727.0,8,0,5,0,2.0,0
0.3669,46,0,0.5448,13464.0,6,0,1,0,0.0,0
0.1731,69,0,0.2817,4249.0,10,0,0,0,1.0,0
0.296,70,0,0.2481,3286.0,3,0,1,0,2.0,0
0.2735,54,0,0.3124,4620.0,10,0,1,0,2.0,0
0.08,61,0,0.9933,,7,0,1,0,0.0,0
0.0192,49,0,0.5681,,8,0,0,0,3.0,0
0.3732,40,0,0.193,2175.0,10,0,0,0,0.0,0
0.1301,31,0,1.1649,3870.0,6,0,1,0,,0
0.3869,57,3,0.695,7260.0,6,2,3,0,0.0,0
0.7354,65,0,0.4595,3225.0,6,0,1,0,1.0,0
2.2706,45,0,0.6849,10825.0,3,1,0,0,1.0,0
3.6641,69,0,0.5973,4462.0,8,0,1,0,2.0,0
0.171,47,0,0.5963,12314.0,8,0,2,0,0.0,0
0.4325,53,0,0.5562,,5,0,2,0,2.0,0
3.8911,49,0,0.8269,,9,0,0,0,1.0,0
0.5345,69,0,0.2802,3254.0,13,0,0,0,1.0,0
7.2212,59,0,0.1309,5173.0,8,0,3,0,0.0,0
0.2138,51,0,0.6199,8793.0,4,0,3,0,1.0,0
0.2894,53,0,0.2819,8649.0,8,0,1,0,1.0,0
0.5655,35,0,0.5472,6809.0,9,0,1,0,1.0,0
0.9452,21,0,0.5056,3395.0,15,0,2,0,1.0,0
0.9668,45,0,0.336,5474.0,7,0,1,0,0.0,0
0.3533,49,0,0.9715,6644.0,3,0,1,0,0.0,0
0.3059,59,0,0.7573,2064.0,8,0,1,0,2.0,0
1.8751,50,0,0.4759,5865.0,7,0,0,0,0.0,0
0.0213,45,0,0.7083,2860.0,14,0,1,0,0.0,0
0.0537,21,0,0.417,2971.0,13,0,0,0,0.0,0
6.6735,59,0,0.4958,10895.0,9,0,3,0,2.0,0
0.5842,55,0,0.5597,8830.0,9,0,1,0,1.0,0
0.0441,63,0,0.1418,15418.0,8,0,2,0,1.0,0
0.4175,52,0,0.5638,5073.0,11,0,1,0,2.0,0
0.3042,68,0,0.5711,,10,0,0,0,2.0,0
0.2304,44,0,0.8549,7250.0,8,0,0,0,0.0,0
0.1086,51,0,0.602,4577.0,9,0,2,0,0.0,0
3.2426,55,0,0.2051,5040.0,5,0,1,0,0.0,0
0.4337,61,0,0.243,21523.0,6,0,2,0,1.0,0
0.1022,58,0,0.3246,,6,0,1,0,0.0,0
1.101,59,0,0.1206,8989.0,9,0,1,0,0.0,0
0.3583,56,0,0.206,3760.0,9,0,1,0,1.0,0
0.0229,49,0,0.2067,8405.0,9,0,1,0,1.0,0
0.755,65,0,0.1768,2237.0,6,0,1,0,2.0,0
0.8784,29,0,0.0924,5765.0,6,0,2,0,1.0,0
0.5556,43,0,0.3499,4501.0,5,0,0,0,1.0,0
0.4747,74,0,0.7969,13904.0,4,0,0,0,2.0,0
0.0973,43,0,0.713,5472.0,7,0,0,0,3.0,0
0.4577,51,0,0.1884,9087.0,5,0,1,0,0.0,0
0.3078,71,2,0.7653,7470.0,11,0,0,0,0.0,0
0.4667,50,0,0.7932,7215.0,9,0,0,0,1.0,0
0.7075,40,0,0.2665,3393.0,6,0,2,0,1.0,0
0.0081,69,0,0.7112,5223.0,7,0,0,0,0.0,0
0.7154,48,0,0.0574,,2,0,0,0,1.0,0
0.4204,49,0,0.3193,6846.0,8,0,0,0,0.0,0
0.4456,24,0,0.5281,3994.0,10,0,0,0,0.0,1
0.3183,50,0,0.6522,7054.0,4,0,0,0,1.0,0
0.2594,62,0,0.5648,2810.0,5,0,2,0,0.0,0
0.1503,46,0,0.4056,4326.0,10,0,0,0,0.0,0
0.1557,34,0,0.9047,7687.0,5,0,0,0,0.0,0
0.8531,45,0,0.7588,1833.0,6,0,1,0,2.0,0
0.2123,43,0,0.1725,2176.0,7,0,0,0,0.0,0
0.1096,48,0,0.5797,2750.0,8,0,2,0,3.0,0
2.0558,45,0,0.4604,11661.0,9,0,0,0,0.0,0
0.3697,75,0,0.5031,14559.0,9,0,1,0,1.0,0
0.3297,56,0,0.7968,2595.0,9,0,2,0,1.0,0
0.8809,28,0,0.3798,5807.0,8,0,0,0,1.0,0
0.2704,53,0,0.3909,1721.0,12,0,0,0,3.0,0
0.4576,51,0,0.4309,13523.0,5,0,0,0,0.0,0
1.3633,69,0,0.1245,,9,0,2,0,1.0,0
0.1219,50,0,0.4025,13440.0,7,0,0,0,2.0,0
0.2342,49,0,0.7162,5475.0,7,0,0,0,3.0,0
0.1354,78,0,0.5227,8432.0,4,0,0,0,0.0,0
0.1058,37,0,0.3095,3928.0,13,0,0,0,1.0,0
0.5531,63,0,1.0012,3981.0,12,0,1,0,0.0,0
0.8418,53,0,0.4026,4923.0,8,0,2,0,,0
0.4167,45,0,0.1949,11321.0,10,0,2,0,1.0,0
0.0603,43,0,0.2563,,7,0,1,0,0.0,0
0.6549,71,0,0.6228,,6,0,1,0,1.0,1
3.8284,59,0,0.6139,6133.0,6,0,0,0,0.0,0
0.6146,60,1,0.5856,12980.0,5,0,0,2,0.0,0
0.3448,64,0,0.3706,,4,0,1,0,1.0,0
0.3325,57,0,0.223,13649.0,15,0,1,0,1.0,0
1.3523,37,0,0.7305,3190.0,4,0,1,0,0.0,0
0.3465,30,0,0.4614,,5,0,0,0,1.0,0
0.0377,74,0,0.5089,4082.0,8,0,0,0,1.0,0
0.1106,55,0,0.5748,6450.0,6,0,2,0,0.0,0
0.5091,53,0,0.204,,11,0,4,0,1.0,0
5.3867,77,0,0.1649,10656.0,5,0,0,0,2.0,0
0.0325,37,0,0.2293,,6,0,1,0,1.0,0
0.3216,21,0,0.5139,3334.0,4,0,1,0,2.0,0
0.0457,27,0,0.9797,,10,0,0,0,1.0,0
0.3041,45,1,0.3766,2003.0,10,1,2,0,0.0,0
0.9151,54,2,0.7011,,9,1,0,1,1.0,0
0.5061,71,0,0.6204,,10,0,1,0,1.0,0
0.148,64,0,0.2402,,7,0,1,0,1.0,0
0.1632,21,0,0.5197,6322.0,6,0,1,0,0.0,0
0.5928,91,0,0.2614,,9,0,0,0,1.0,0
1.1247,46,0,0.6069,3218.0,4,0,0,0,1.0,0
1.6063,69,0,0.3805,5885.0,10,0,2,0,1.0,0
0.0862,60,0,0.4804,5125.0,7,0,1,0,1.0,0
0.2044,52,0,0.3753,7746.0,10,0,1,0,2.0,0
0.3943,49,0,0.4812,7108.0,11,0,0,0,0.0,0
0.3977,36,1,0.9141,12594.0,8,0,1,0,1.0,0
0.2211,34,0,0.8915,7837.0,7,0,1,0,1.0,0
0.3815,50,0,0.2982,3531.0,7,0,3,0,2.0,0
0.1653,33,0,0.4198,2708.0,9,0,0,0,3.0,0
0.0424,75,0,0.1818,13103.0,6,0,0,0,1.0,0
0.2399,53,0,0.4602,,6,0,1,0,2.0,0
0.7355,81,0,0.3719,7674.0,7,0,0,0,0.0,0
0.1586,46,0,0.4159,4579.0,7,0,1,0,2.0,0
0.7748,44,0,0.2761,9363.0,7,0,0,0,0.0,0
0.2624,60,0,0.9199,5803.0,8,0,2,0,2.0,0
0.6613,48,0,0.1884,,6,0,3,0,2.0,0
0.7072,66,0,0.2611,,6,0,0,0,2.0,0
0.6273,72,0,0.0257,2957.0,9,0,3,0,0.0,1
0.374,67,0,0.8929,,11,0,1,0,0.0,0
1.407,71,1,0.1047,,5,0,2,0,,0
0.1548,63,0,0.4309,6064.0,7,0,0,0,1.0,0
0.1482,44,0,0.1959,3844.0,8,0,2,0,1.0,0
0.7534,68,0,0.9057,6927.0,3,0,0,0,0.0,0
0.1852,62,0,1.099,2716.0,6,0,1,0,2.0,0
0.0628,43,0,0.3795,6852.0,10,0,2,0,1.0,0
0.6959,45,0,0.7595,7229.0,11,0,1,0,0.0,0
1.0871,51,1,0.3037,13660.0,6,0,0,0,0.0,0
0.3114,68,0,0.4278,4155.0,12,0,1,0,0.0,0
0.4082,54,0,0.1996,,8,0,1,0,1.0,0
0.0065,52,0,0.2494,,8,0,0,0,0.0,0
0.1531,50,0,0.5337,13495.0,13,0,0,0,1.0,0
0.2943,47,0,0.7372,3754.0,6,0,0,0,2.0,0
0.3446,36,0,0.2341,4091.0,12,0,0,0,0.0,0
0.2345,63,0,0.6092,3025.0,9,0,1,0,1.0,0
0.396,38,0,0.5633,5489.0,7,0,0,0,0.0,0
1.6028,53,0,0.3739,7601.0,5,0,1,0,0.0,0
0.3971,46,5,0.0485,7266.0,13,0,0,1,0.0,1
0.188,63,0,0.2624,,5,0,1,0,0.0,0
0.331,47,0,1.0885,,7,0,2,0,1.0,0
0.859,38,1,0.2857,,5,0,1,0,1.0,0
0.4257,66,0,0.0468,3167.0,7,0,2,0,0.0,0
0.1135,40,0,0.6503,10338.0,10,0,1,0,0.0,0
1.3034,54,2,0.2822,7040.0,11,0,0,0,0.0,0
0.1843,70,0,0.3143,12939.0,7,0,0,0,0.0,0
0.1209,42,0,0.5012,10791.0,10,0,2,0,0.0,0
0.3554,51,0,0.2593,6429.0,3,0,2,0,1.0,0
0.7123,46,0,0.6167,3477.0,4,0,1,0,2.0,0
3.1572,54,0,0.5183,3931.0,9,0,0,0,1.0,0
0.3421,51,0,0.133,8860.0,8,0,2,0,0.0,0
0.8776,65,0,0.4455,,6,0,1,0,0.0,0
5.223,43,0,0.7409,5346.0,7,0,2,0,0.0,1
5.1426,70,0,0.3805,5230.0,5,0,1,0,0.0,0
0.9937,74,0,0.2973,,8,0,2,0,3.0,0
0.1094,56,0,0.5559,2188.0,7,0,3,0,0.0,0
0.1555,41,5,0.1982,3808.0,7,0,1,0,1.0,0
0.8401,51,1,0.3374,10699.0,10,0,0,1,4.0,0
0.4234,50,0,0.7086,3512.0,5,0,0,0,2.0,0
0.3618,77,0,0.8464,9667.0,11,0,1,0,1.0,0
0.0767,51,0,0.8931,,3,0,0,0,0.0,0
0.1982,71,0,0.5713,6193.0,12,0,2,0,0.0,0
0.2862,54,0,0.4199,3638.0,9,0,1,0,0.0,0
0.0777,53,0,1.2435,6260.0,10,0,0,0,0.0,0
0.2299,47,0,0.3605,1751.0,15,0,2,0,2.0,0
3.3212,48,0,0.4315,9823.0,9,0,2,0,0.0,0
0.8567,64,1,0.9836,,8,0,2,0,1.0,0
3.5895,42,0,0.9788,,6,0,1,0,3.0,1
0.8267,65,0,0.4549,5661.0,7,0,2,0,0.0,0
0.3044,72,0,0.403,10781.0,8,0,0,0,1.0,0
1.7348,44,0,1.0812,7384.0,7,0,1,0,2.0,0
0.2798,69,0,0.587,9186.0,8,0,2,0,0.0,0
0.8138,67,0,0.2733,5259.0,14,0,0,0,0.0,0
0.2259,64,0,0.9067,6752.0,10,0,0,0,1.0,0
5.688,43,0,0.6714,3808.0,4,0,1,0,2.0,0
4.8529,50,0,1.0934,4289.0,5,0,0,0,2.0,0
0.3232,50,0,0.5044,7744.0,10,0,3,0,0.0,0
1.1926,81,0,0.6028,,5,0,1,0,1.0,1
0.0843,52,0,0.1529,,6,0,1,0,0.0,0
0.1881,49,0,0.5217,3144.0,5,0,0,0,0.0,0
0.2842,36,0,0.1903,6983.0,9,0,1,0,2.0,0
0.5743,38,0,0.5959,2885.0,9,0,4,0,3.0,0
0.1977,42,0,0.3631,3505.0,6,0,2,0,0.0,0
0.1378,57,0,0.5736,8008.0,9,0,1,0,1.0,0
0.5689,32,0,0.1122,,9,0,0,0,2.0,0
0.082,43,0,0.3863,,7,0,2,0,0.0,0
3.8047,26,0,0.2896,,12,0,0,0,0.0,0
0.8465,72,0,0.7103,7740.0,6,0,2,0,2.0,0
3.2694,53,0,0.482,,12,0,1,0,0.0,0
0.0987,56,0,0.5338,8620.0,4,0,0,0,1.0,0
0.4807,37,0,0.195,,12,0,0,0,1.0,0
3.9398,68,0,0.1323,5857.0,6,0,0,0,0.0,0
0.1949,73,0,0.0779,2415.0,7,0,3,0,1.0,0
0.0682,53,0,0.8045,5670.0,4,0,3,0,1.0,0
0.6678,45,0,1.0066,7476.0,13,0,1,0,0.0,0
0.2965,60,0,0.5234,5969.0,11,0,0,0,2.0,0
0.3391,62,0,0.3344,,12,0,1,0,0.0,0
0.0138,64,0,0.4915,2302.0,6,0,0,0,2.0,0
0.0533,61,1,0.3261,3146.0,6,0,0,1,2.0,0
0.6988,65,0,0.5377,,10,0,0,0,0.0,1
0.6311,42,0,0.5906,7675.0,8,0,2,0,0.0,0
0.1536,65,0,0.2089,9258.0,10,0,0,0,1.0,0
0.8582,46,0,0.8835,,6,0,1,0,1.0,0
0.6181,21,0,0.6256,,9,0,0,0,1.0,0
0.1358,46,0,0.8006,2905.0,10,0,2,0,1.0,0
6.5631,44,0,0.4167,5353.0,9,0,0,0,1.0,0
0.267,55,0,0.2561,5190.0,6,0,1,0,0.0,0
0.3539,64,0,0.2517,12069.0,10,0,2,0,2.0,0
3.6784,55,0,0.9588,4115.0,10,0,1,0,1.0,1
0.6061,80,0,0.6675,6497.0,5,0,1,0,0.0,0
0.1257,45,0,0.5634,19568.0,10,0,1,0,2.0,0
0.3587,24,0,0.8096,1256.0,4,2,2,0,1.0,0
1.2028,56,0,0.6249,7756.0,11,0,1,0,0.0,0
0.8497,44,0,0.5134,7554.0,7,0,1,0,0.0,0
0.4282,37,0,0.9986,3379.0,7,0,1,0,1.0,0
1.4774,48,0,0.9052,2890.0,11,0,1,0,0.0,0
1.9815,41,0,0.7969,3779.0,6,0,2,0,1.0,0
2.2262,42,0,0.3647,12747.0,6,0,0,0,0.0,0
0.6375,73,0,0.4645,3955.0,7,0,1,0,0.0,1
0.0871,54,0,0.8347,3528.0,8,0,1,0,2.0,0
0.2477,48,0,0.1053,2350.0,11,0,1,0,0.0,0
0.8704,74,0,0.4141,3648.0,5,0,0,0,1.0,0
1.0436,48,0,0.5567,9768.0,8,0,1,0,2.0,0
0.2121,35,0,0.7508,5161.0,7,0,2,0,0.0,0
0.1751,33,0,0.544,,7,0,2,0,0.0,0
0.4278,51,0,0.4755,3701.0,4,0,1,0,0.0,0
0.4163,29,0,0.6017,3748.0,8,0,0,0,0.0,0
0.0984,36,0,0.7817,2999.0,9,0,2,0,0.0,0
0.3923,47,0,0.1226,5584.0,9,0,1,0,1.0,0
0.5784,68,0,0.7596,3559.0,9,0,0,0,,0
0.3616,70,0,0.5972,3673.0,11,0,0,0,0.0,0
0.3852,61,0,0.9581,15786.0,7,0,0,0,0.0,0
6.0819,52,0,0.2104,3746.0,12,0,3,0,2.0,0
1.6211,44,0,1.0789,,9,0,1,0,0.0,0
0.0112,57,0,0.2339,5031.0,3,0,0,0,1.0,0
3.6184,77,0,0.3072,3099.0,8,0,0,0,2.0,0
0.5403,54,0,0.0124,7219.0,12,0,1,0,0.0,1
1.8617,46,0,0.1613,9200.0,7,0,2,0,0.0,0
1.6889,50,2,0.3348,3195.0,5,0,0,0,1.0,0
0.3701,48,0,0.6011,7107.0,6,0,1,0,2.0,0
0.6109,60,0,0.2535,10894.0,7,0,0,0,1.0,0
0.6492,41,0,0.1984,5249.0,9,0,1,0,1.0,0
0.8969,58,0,0.058,10572.0,4,0,1,0,0.0,1
0.6556,60,0,0.491,,7,0,0,0,,0
0.404,57,0,0.1897,2729.0,4,0,1,0,2.0,0
0.3335,37,0,0.7813,,11,0,0,0,,0
0.8049,50,0,0.3201,1843.0,4,0,0,0,0.0,0
0.4999,45,0,0.1545,1954.0,5,0,0,0,0.0,0
0.8609,51,1,0.5433,5668.0,12,0,0,0,3.0,0
3.0378,43,2,0.3252,2980.0,11,0,1,0,1.0,0
0.3581,69,0,0.2967,2623.0,10,0,1,0,0.0,0
0.0864,55,0,0.314,3817.0,16,0,1,0,1.0,0
0.0233,29,0,0.301,8901.0,11,0,2,0,0.0,0
0.435,33,0,0.1871,4210.0,12,0,2,0,0.0,0
0.2633,69,0,0.8052,,5,0,1,0,1.0,0
0.2429,49,0,0.7754,4761.0,6,0,1,0,3.0,0
0.7453,47,0,0.921,8215.0,9,0,1,0,0.0,0
1.7555,68,0,0.2839,6739.0,1,0,3,0,0.0,0
0.7028,50,0,0.7164,5553.0,4,0,1,0,1.0,0
0.1721,35,0,0.6246,7500.0,1,0,1,0,0.0,0
0.1389,36,0,0.2503,6066.0,9,0,2,0,,0
4.0365,61,0,0.345,15489.0,9,0,0,0,1.0,0
0.5468,80,0,0.445,3623.0,9,0,0,0,0.0,0
0.5956,64,0,0.1447,7730.0,8,0,0,0,1.0,0
9.094,47,0,0.4728,,15,0,1,0,2.0,0
0.4284,49,0,0.9304,,8,0,1,0,0.0,0
6.2414,53,0,0.0534,,10,0,0,0,2.0,0
1.2833,24,1,0.4417,2832.0,6,0,2,1,0.0,0
0.7147,52,0,0.6176,,11,0,1,0,1.0,0
0.7826,60,0,0.903,5309.0,7,0,0,0,0.0,0
0.2691,77,0,1.2374,1639.0,9,0,1,0,2.0,0
0.1092,67,0,0.2095,4598.0,13,0,1,0,0.0,0
0.3012,79,0,0.6837,7726.0,8,0,0,0,,0
0.3486,76,0,1.0218,4049.0,8,0,0,0,1.0,0
0.9159,72,0,0.7324,,15,0,2,0,0.0,0
0.7608,52,0,0.516,5406.0,8,0,1,0,1.0,0
0.4002,57,0,0.4199,10214.0,8,0,1,0,0.0,0
0.0143,29,0,0.6803,,10,0,2,0,0.0,0
0.0893,54,0,0.6203,3893.0,11,0,0,0,0.0,0
0.6614,60,0,0.4799,8771.0,5,0,1,0,1.0,0
0.9228,48,0,0.6942,,8,0,1,0,0.0,0
1.1362,30,0,0.7472,1832.0,7,0,3,0,0.0,0
0.3981,74,0,0.2553,1185.0,5,0,1,0,0.0,0
0.0612,58,0,0.4972,3593.0,11,0,1,0,2.0,0
0.3893,76,0,0.1309,12000.0,7,0,2,0,0.0,0
0.4608,62,0,0.9965,9843.0,9,0,1,0,0.0,0
0.1465,71,3,0.8073,4993.0,13,0,0,0,1.0,1
1.5952,68,0,0.4214,8802.0,9,0,0,0,0.0,0
0.7109,42,0,0.3517,3919.0,11,0,1,0,0.0,0
0.3917,45,0,0.5997,6113.0,8,0,1,0,2.0,0
0.2305,46,0,0.2781,7708.0,8,0,1,0,0.0,0
0.5271,38,0,0.2276,,13,0,0,0,1.0,0
0.2234,77,0,0.7843,10615.0,6,0,0,0,1.0,0
0.4316,53,0,0.7913,5884.0,10,0,0,0,0.0,0
0.8131,58,0,0.2224,2453.0,9,0,1,0,0.0,0
0.031,33,0,0.8236,2775.0,5,0,0,0,0.0,0
0.6936,63,0,0.4701,9689.0,6,0,0,0,1.0,0
0.2882,46,0,0.33,9520.0,10,0,3,0,0.0,0
0.1558,70,0,0.6878,4106.0,7,0,1,0,1.0,0
1.162,42,0,0.1751,4149.0,3,0,1,0,1.0,0
0.8652,71,0,0.203,3377.0,13,0,1,0,0.0,0
0.5323,65,0,0.1533,3540.0,13,0,2,0,3.0,0
2.267,45,0,0.5464,,6,0,1,0,1.0,0
0.1883,72,0,0.302,11312.0,8,0,1,0,0.0,0
0.1471,68,0,0.5652,11753.0,8,0,1,0,0.0,0
0.3969,59,0,0.2497,1930.0,11,0,2,0,1.0,0
2.0772,38,0,0.2092,1696.0,8,0,1,0,0.0,0
0.284,63,0,0.5371,3890.0,7,0,2,0,0.0,0
1.379,53,3,0.3199,16375.0,6,0,1,2,1.0,0
0.2098,53,0,0.1761,2378.0,6,0,2,0,0.0,0
2.9092,53,0,0.219,5171.0,8,0,2,0,,0
0.8748,52,0,0.4793,13747.0,9,0,1,0,0.0,0
0.3156,40,3,1.1771,14150.0,11,0,2,0,1.0,0
0.5831,31,1,0.5308,,6,1,1,0,2.0,0
1.5483,28,0,0.1737,6075.0,9,0,1,0,0.0,0
0.1019,56,0,0.348,,11,0,0,0,1.0,0
0.2705,21,0,0.5053,8716.0,9,0,1,0,1.0,0
1.7182,62,0,0.7215,5863.0,6,0,0,0,1.0,0
0.4662,59,0,0.4425,4464.0,7,0,0,0,0.0,0
2.6049,48,0,1.0319,3022.0,6,0,1,0,0.0,0
0.6064,66,0,0.3957,,9,0,0,0,2.0,0
0.4909,48,0,0.6088,3395.0,5,0,3,0,1.0,0
0.3429,58,0,0.9415,1586.0,6,0,0,0,0.0,0
0.1395,25,0,0.2797,3788.0,5,0,0,0,1.0,0
0.9011,21,0,0.2934,,4,0,1,0,0.0,1
0.8877,49,0,0.451,20379.0,4,0,1,0,1.0,0
0.1563,58,0,0.8483,,8,0,1,0,0.0,0
0.3091,65,0,0.1866,,11,0,1,0,1.0,0
0.3508,50,0,1.1933,2738.0,6,0,1,0,2.0,0
0.4506,55,0,0.2899,,7,0,0,0,0.0,0
0.3286,63,0,0.3996,13558.0,9,0,1,0,0.0,0
0.3693,50,0,0.7077,4093.0,7,0,0,0,1.0,0
0.4639,60,0,0.2865,11871.0,5,0,1,0,2.0,0
0.3197,36,0,0.3618,,5,0,0,0,0.0,0
0.96,29,0,0.3834,,13,0,0,0,0.0,0
1.0916,45,0,0.7037,4644.0,8,0,1,0,2.0,1
0.0803,63,0,0.2762,4770.0,11,0,1,0,2.0,0
0.2305,42,4,0.3895,2573.0,5,0,0,2,0.0,0
0.1515,61,0,0.3225,3876.0,9,0,1,0,1.0,0
0.8426,38,0,0.1374,,4,0,1,0,4.0,1
2.9076,44,0,0.7398,3254.0,6,0,1,0,2.0,0
0.8204,55,0,0.1969,1860.0,12,0,0,0,1.0,0
0.4536,43,0,0.3464,4749.0,10,0,2,0,1.0,0
2.4602,45,0,0.7419,6891.0,10,0,4,0,2.0,0
6.8387,21,0,0.2176,2467.0,5,0,1,0,0.0,0
0.1463,64,0,0.7948,16787.0,9,0,1,0,1.0,0
0.4898,50,0,0.7025,4747.0,10,0,1,0,3.0,0
0.2926,39,0,0.1191,,8,0,0,0,0.0,0
3.8384,78,0,0.4228,,5,0,0,0,0.0,0
0.1849,41,0,0.8421,10144.0,11,0,1,0,0.0,0
0.8049,45,0,0.3004,4879.0,9,0,1,0,2.0,0
0.5952,39,1,0.6779,2843.0,10,0,2,0,0.0,0
0.0513,67,0,0.394,6449.0,11,0,0,0,1.0,0
0.5153,72,0,0.2919,2367.0,8,0,2,0,,0
0.5285,71,0,0.1734,2295.0,13,0,2,0,0.0,0
7.637,71,2,0.6636,5584.0,6,0,1,1,2.0,0
1.1835,44,1,0.4525,5911.0,9,0,1,0,1.0,0
0.6302,75,0,0.4207,7517.0,5,0,1,0,0.0,0
0.5048,49,1,0.5007,7474.0,9,1,0,0,0.0,0
0.4378,30,0,0.1009,7054.0,7,0,3,0,0.0,0
0.6932,46,0,0.8673,3887.0,5,0,1,0,0.0,0
0.2408,57,0,0.3381,13247.0,4,0,3,0,2.0,0
2.1065,43,0,0.5932,,8,0,0,0,0.0,1
0.3725,54,0,0.3635,25663.0,5,0,1,0,1.0,0
0.2771,60,0,0.4071,11244.0,11,0,1,0,1.0,0
0.1837,58,0,0.7526,6401.0,9,0,0,0,0.0,0
0.6978,61,0,0.3956,1390.0,6,0,1,0,0.0,0
0.4003,49,0,0.0313,,6,0,2,0,1.0,0
5.0803,42,0,0.3042,3494.0,9,0,0,0,2.0,0
0.2607,31,0,0.8936,1111.0,6,0,1,0,2.0,0
0.3441,51,0,0.1635,4707.0,6,0,0,0,0.0,0
0.4731,44,0,0.5908,5381.0,11,0,0,0,2.0,0
0.0128,50,0,0.4564,6013.0,6,0,0,0,2.0,0
2.6662,23,0,0.913,9868.0,9,0,1,0,2.0,0
0.3093,31,0,0.4493,4852.0,7,0,0,0,0.0,0
0.8195,59,0,0.1686,8946.0,9,0,6,0,0.0,0
0.0754,29,0,0.1794,3370.0,6,0,1,0,1.0,0
3.6236,49,0,0.311,,9,0,1,0,,0
0.5062,40,0,0.3381,2117.0,11,0,2,0,0.0,0
1.0365,39,0,0.4196,,6,0,2,0,0.0,0
0.5243,53,0,0.4819,3672.0,6,0,1,0,0.0,1
0.1584,52,0,0.7369,,6,0,1,0,0.0,0
0.5678,60,0,0.1472,2887.0,7,0,0,0,1.0,1
0.2907,37,0,0.1595,1744.0,7,0,2,0,2.0,0
0.6518,40,0,0.1923,7137.0,5,0,2,0,0.0,0
0.3424,68,0,0.2344,3745.0,9,0,0,0,0.0,0
0.2085,49,0,0.1442,10097.0,10,0,2,0,0.0,0
0.1798,57,0,0.6862,13930.0,8,0,2,0,2.0,0
0.6154,45,0,0.6943,5485.0,8,0,0,0,3.0,0
0.5392,58,0,0.9817,4917.0,6,0,0,0,1.0,0
0.0128,21,0,0.1154,3237.0,11,0,0,0,1.0,0
0.7855,68,0,0.5634,,5,0,0,0,0.0,1
1.1044,46,0,0.1832,7514.0,11,0,2,0,1.0,0
0.6883,35,0,0.4338,2056.0,3,0,1,0,0.0,1
0.0976,37,1,0.2486,2491.0,4,0,1,1,2.0,0
0.5601,48,0,0.4614,,8,0,0,0,0.0,1
2.0699,50,0,0.6456,9831.0,13,0,1,0,0.0,0
0.812,54,0,0.4559,2755.0,7,0,1,0,0.0,0
0.3926,35,0,0.1038,2993.0,6,0,0,0,1.0,0
3.4372,64,1,0.0841,,3,0,2,2,2.0,0
0.3932,45,0,0.3353,4397.0,6,0,1,0,1.0,0
0.3916,44,0,0.1939,,7,0,1,0,3.0,0
0.0777,49,0,0.6186,,10,0,3,0,0.0,0
0.112,61,0,0.6829,2931.0,6,0,1,0,0.0,0
0.2426,52,0,0.8342,,8,0,2,0,1.0,0
0.4094,44,0,0.5851,4939.0,9,0,0,0,1.0,0
0.604,47,0,0.7121,3474.0,13,0,1,0,,0
0.0487,69,0,0.7275,5671.0,7,0,2,0,0.0,0
0.0172,67,0,0.1707,3161.0,9,0,3,0,0.0,0
3.5416,57,0,0.4962,7287.0,6,0,1,0,3.0,0
0.4174,54,0,0.3182,15600.0,7,0,2,0,,0
0.2457,84,0,0.3692,1798.0,7,0,0,0,3.0,0
0.63,58,0,0.216,,9,0,1,0,2.0,0
0.0065,55,0,0.9869,,8,0,0,0,,0
0.5966,49,0,1.176,6646.0,8,0,0,0,1.0,0
0.4211,57,0,0.1701,11004.0,12,0,5,0,1.0,0
0.6407,21,0,0.1233,4368.0,11,0,0,1,,0
0.0976,66,0,0.5738,9395.0,10,0,0,0,1.0,0
0.4097,34,0,0.6502,2455.0,9,0,2,0,1.0,0
2.9365,42,0,0.7029,2287.0,7,0,2,0,0.0,1
0.1889,32,0,0.1862,5974.0,10,0,0,0,1.0,0
0.7672,42,0,0.642,,5,0,1,0,0.0,1
0.2168,47,0,0.4137,,8,0,3,0,1.0,0
0.3786,64,0,0.4316,3540.0,5,0,1,0,1.0,0
0.2583,70,0,0.9561,5534.0,9,0,1,0,1.0,0
0.2284,79,0,0.7755,9321.0,5,0,1,0,0.0,0
1.9281,53,0,0.1931,2872.0,9,0,2,0,4.0,0
0.3866,49,0,0.4124,19324.0,7,0,1,0,1.0,0
1.1543,63,1,0.3356,,4,0,0,0,1.0,0
0.3375,40,2,0.1917,12059.0,6,0,0,0,1.0,0
0.3933,38,0,0.0596,,5,0,0,0,0.0,0
0.1494,47,0,0.2308,20566.0,9,0,0,0,0.0,0
0.2385,52,0,0.9874,5017.0,9,0,2,0,0.0,0
0.7332,23,0,0.6951,30952.0,9,0,1,0,0.0,0
0.3608,67,0,0.08,13739.0,8,0,1,0,0.0,0
3.1656,55,0,0.2251,13924.0,9,0,0,0,2.0,0
0.3469,63,0,0.9987,12469.0,4,0,1,0,2.0,0
0.3199,30,0,0.8311,2767.0,9,0,0,0,0.0,0
0.0673,43,0,0.3538,7430.0,6,0,1,0,2.0,0
0.7521,42,0,0.3329,12002.0,5,0,3,0,0.0,0
0.5401,49,0,0.4558,4129.0,7,0,2,0,0.0,0
8.0327,52,0,0.3394,3426.0,6,0,0,1,0.0,0
4.5556,64,0,1.0978,11224.0,9,0,1,0,1.0,0
0.4226,53,0,0.5773,8944.0,3,0,0,0,,0
0.2438,42,0,0.8996,,10,0,2,0,0.0,0
2.096,83,0,0.4188,,11,0,3,0,0.0,0
0.5242,48,0,0.6133,8664.0,11,0,1,0,1.0,0
0.068,39,0,0.2079,8162.0,9,0,0,0,2.0,0
0.3775,26,0,0.5672,3148.0,10,0,2,0,0.0,0
0.1799,53,0,1.3737,5567.0,5,0,3,0,1.0,0
0.2701,62,0,0.2222,5179.0,9,0,1,1,0.0,0
0.4313,36,0,0.8135,4365.0,9,0,1,0,0.0,0
0.0932,61,0,0.646,3834.0,9,0,1,0,1.0,0
0.3426,53,0,0.5459,5241.0,7,0,0,0,,0
0.1206,27,1,1.0602,3149.0,6,0,1,0,2.0,0
0.5171,61,0,0.1628,2427.0,10,0,0,0,0.0,0
3.3294,48,0,0.41,3771.0,8,0,1,0,3.0,0
0.4213,36,0,0.3481,8610.0,8,0,1,0,0.0,0
0.9674,65,0,0.6752,8158.0,8,0,0,0,2.0,0
0.2663,65,0,0.6818,,12,0,0,0,1.0,0
0.0425,36,0,1.0595,,8,0,1,0,0.0,0
0.1449,56,0,0.3629,3337.0,11,0,0,0,0.0,0
0.6019,55,0,0.4729,12712.0,7,0,0,0,1.0,0
0.0362,51,0,0.3226,4693.0,8,0,2,0,2.0,0
0.1625,45,0,0.2154,18122.0,7,0,2,0,0.0,0
0.1354,50,0,0.5749,6228.0,8,0,2,0,0.0,0
1.2568,65,1,0.5058,5398.0,9,2,1,0,1.0,0
0.3657,58,0,0.3193,,12,0,1,0,0.0,0
0.4253,25,0,0.0619,15447.0,11,0,3,0,3.0,0
0.1435,22,0,0.59,,8,0,0,0,0.0,0
1.1161,26,0,0.4448,2365.0,7,0,1,0,1.0,0
0.4872,33,0,0.1769,6224.0,7,0,2,0,1.0,0
0.2391,41,0,0.7382,19703.0,9,0,1,0,2.0,0
0.228,46,0,0.7263,4833.0,8,1,4,0,0.0,0
0.1523,51,0,0.5003,5494.0,11,0,0,0,1.0,0
2.4299,52,0,0.3462,9847.0,6,0,1,0,1.0,0
0.7133,51,0,1.0519,3388.0,5,0,3,0,2.0,0
0.6539,68,0,0.3607,6860.0,6,0,1,0,0.0,0
0.5938,29,0,0.7426,4919.0,9,0,1,0,0.0,0
3.265,57,0,0.1322,6042.0,4,0,0,0,0.0,0
0.1883,57,0,0.0299,4539.0,9,0,0,0,2.0,0
0.2352,34,0,0.601,11612.0,9,0,2,0,1.0,0
0.6617,59,0,0.1245,,6,0,2,0,1.0,0
1.0109,57,0,0.7057,5833.0,11,0,2,0,1.0,1
0.3708,51,1,0.7886,3413.0,7,0,2,0,0.0,0
2.2247,21,0,0.2213,2703.0,13,0,1,0,0.0,0
0.2158,65,0,0.3389,9941.0,10,0,0,0,1.0,0
0.3921,55,0,0.1324,1653.0,8,0,0,0,1.0,0
0.0408,58,0,0.6282,8583.0,11,0,0,0,1.0,0
0.5018,21,0,0.4175,,5,0,1,0,1.0,0
0.2607,45,0,0.5293,4935.0,12,0,1,0,3.0,0
1.7263,32,0,0.4951,4245.0,13,0,1,0,2.0,1
0.1824,70,0,0.4436,6828.0,9,0,0,0,,0
0.3022,37,0,0.4472,12121.0,6,0,0,0,1.0,0
0.6888,73,0,0.6421,5060.0,3,0,2,0,0.0,1
0.0355,65,0,0.2812,,4,0,1,0,2.0,0
3.7573,55,0,0.4879,10432.0,8,0,1,0,1.0,0
0.4284,68,0,0.0737,3635.0,8,0,1,0,2.0,0
0.2291,39,0,0.2964,4934.0,7,0,0,0,0.0,0
0.7184,41,0,0.6611,4088.0,4,0,1,0,1.0,0
0.0187,65,0,0.551,4972.0,8,0,3,0,2.0,0
0.5743,39,0,0.882,,7,0,1,0,1.0,1
0.9,33,0,0.6623,5499.0,10,0,0,0,1.0,0
0.3115,48,0,0.6261,3300.0,7,0,2,0,1.0,0
0.4334,40,0,0.5326,,5,0,0,0,1.0,0
0.1651,78,0,0.4149,,10,0,2,0,1.0,0
0.4248,63,0,0.4799,7133.0,10,0,3,0,0.0,0
0.3073,44,0,0.1519,11736.0,5,0,0,0,0.0,0
0.5552,38,0,0.5809,1557.0,12,0,0,0,2.0,0
0.0239,57,0,0.4446,1371.0,6,0,0,0,1.0,0
0.7556,69,0,0.4911,,6,0,0,0,0.0,0
1.0293,56,0,0.8164,,15,0,0,0,1.0,0
0.3346,39,0,1.3995,9523.0,10,0,0,0,1.0,0
0.3693,32,0,0.2803,9362.0,7,0,1,0,1.0,0
2.8487,47,1,0.1159,5608.0,7,0,2,0,1.0,0
4.9489,56,0,0.8606,6493.0,8,0,0,0,0.0,0
0.3455,45,0,0.471,12104.0,10,0,0,0,0.0,0
0.4953,66,0,0.7039,2654.0,6,0,0,0,1.0,0
0.5875,59,0,0.5801,6244.0,9,0,2,0,1.0,0
0.491,55,0,0.2008,,11,0,1,0,0.0,0
0.6851,59,0,0.4489,5023.0,9,0,1,0,0.0,0
0.4609,33,0,0.4662,2534.0,5,0,1,0,0.0,0
0.0003,45,0,0.3656,,10,0,2,0,3.0,0
0.74,37,0,0.7651,12129.0,8,0,1,0,0.0,0
0.1425,57,0,0.28,8915.0,4,0,0,0,1.0,0
0.582,38,0,0.6317,5589.0,6,0,2,0,1.0,0
0.5526,53,0,0.895,4276.0,7,0,0,0,0.0,0
0.2862,50,0,0.4205,3997.0,5,0,3,0,1.0,0
0.8555,60,0,0.1292,14697.0,9,0,0,0,0.0,0
0.6787,35,0,0.7725,,6,0,1,0,3.0,0
0.4299,58,0,0.5009,,7,0,1,0,1.0,1
0.3042,37,0,0.5196,3663.0,6,0,1,0,2.0,0
0.0921,38,0,0.8268,,10,0,2,0,1.0,0
11.8722,50,0,0.3357,,9,0,2,0,2.0,0
0.0897,69,0,0.619,5506.0,7,0,1,0,0.0,0
0.1415,40,0,0.2565,5630.0,8,0,0,0,0.0,0
0.3791,27,0,0.3529,6004.0,9,0,2,0,0.0,0
0.9947,39,0,0.7423,8940.0,15,0,3,0,2.0,0
0.2987,47,0,0.1811,4055.0,10,0,1,0,0.0,0
0.0051,78,0,1.0417,2672.0,12,0,0,0,0.0,0
3.4585,57,0,0.6059,13138.0,6,0,0,0,1.0,0
0.7743,41,0,0.3967,6066.0,12,0,2,0,0.0,0
0.7691,50,0,0.411,11757.0,8,0,0,0,0.0,0
0.004,74,0,0.3648,4790.0,8,0,2,0,1.0,0
0.3079,49,0,0.3636,4184.0,12,0,1,0,2.0,0
0.0317,49,0,0.6762,11945.0,8,0,0,0,0.0,0
0.9643,46,0,0.348,6903.0,6,0,0,0,1.0,0
0.4787,62,0,0.8369,,5,0,2,0,0.0,0
0.7054,45,0,0.2678,6658.0,4,0,2,0,2.0,0
0.4246,64,0,0.5716,10330.0,7,0,0,0,1.0,0
0.3135,67,0,0.5329,6993.0,11,0,1,0,3.0,0
0.7965,61,0,0.4382,2526.0,5,0,2,0,2.0,0
0.2523,49,0,0.6984,5118.0,7,0,1,0,0.0,0
0.0058,32,0,0.1947,3613.0,7,0,2,0,0.0,0
0.0436,49,0,0.3456,2327.0,10,0,1,0,0.0,0
0.8698,43,0,0.3835,15272.0,2,0,0,2,0.0,0
0.8516,41,0,0.1057,,7,0,3,0,1.0,0
0.6884,49,0,0.4256,3376.0,12,0,0,0,0.0,0
4.5315,59,0,0.2402,4642.0,14,0,1,0,1.0,0
0.7276,43,0,0.2268,5226.0,9,0,1,0,0.0,0
0.0369,33,0,0.642,9147.0,8,0,0,0,0.0,0
0.4602,39,3,0.3403,2863.0,14,0,1,0,,0
0.3878,76,0,0.4012,4524.0,10,0,0,0,2.0,0
1.3928,60,0,1.2745,7838.0,7,1,1,0,2.0,0
0.4944,39,0,0.9212,,11,0,0,0,0.0,0
0.4859,70,0,0.1921,5320.0,6,0,1,0,0.0,1
1.8725,49,0,0.7268,4643.0,8,0,1,0,1.0,0
0.4119,84,0,0.3856,,8,0,1,0,0.0,0
0.3166,56,0,0.9076,,6,0,1,0,0.0,0
0.1482,60,0,0.243,2678.0,7,0,1,0,0.0,0
0.5819,64,0,0.751,,6,0,0,0,,0
0.604,73,0,0.2065,12098.0,12,0,4,0,0.0,0
0.3933,46,0,0.1727,2777.0,8,0,0,0,2.0,0
0.0541,72,0,0.7855,17856.0,8,0,1,0,0.0,0
2.7077,43,0,0.8317,,11,0,2,0,0.0,0
0.6987,47,0,0.3605,3595.0,5,0,0,0,1.0,1
0.3261,52,0,0.6299,2996.0,8,0,1,0,0.0,0
2.0228,65,0,0.6253,3580.0,10,1,1,0,1.0,0
0.9567,47,0,0.4382,5032.0,8,0,2,0,2.0,0
0.321,75,0,0.0308,4055.0,6,0,2,0,0.0,0
0.3582,71,0,0.2243,,8,0,2,0,1.0,0
0.0036,53,0,0.5552,6554.0,5,0,0,0,2.0,0
0.0056,38,0,0.1911,7798.0,7,0,1,0,1.0,0
0.1808,66,0,0.4676,5126.0,6,0,1,0,0.0,0
0.8709,23,3,0.4122,3590.0,5,0,0,0,1.0,0
0.7899,62,0,0.8159,,6,0,1,0,1.0,1
0.3531,40,0,0.4609,6350.0,9,0,2,0,0.0,0
0.1786,70,0,0.686,,10,0,0,0,1.0,0
2.65,33,0,0.5656,5363.0,5,0,1,0,0.0,0
0.8,43,0,0.2387,4729.0,9,0,1,0,0.0,0
2.6837,58,0,0.7935,8492.0,10,0,0,0,1.0,0
0.2671,60,0,0.5675,16025.0,8,0,0,0,0.0,0
1.1235,43,0,0.1263,3755.0,15,0,0,0,0.0,0
0.0116,47,0,0.8385,2029.0,7,0,1,0,2.0,0
0.1298,65,0,0.0354,3369.0,9,0,3,0,0.0,0
0.2089,66,0,0.2763,3913.0,6,0,2,0,0.0,0
0.092,47,0,0.0909,,7,0,1,0,0.0,0
0.6757,44,0,0.8926,9702.0,7,0,0,0,0.0,0
0.2435,33,0,0.3475,1688.0,5,0,1,0,0.0,0
0.3757,56,0,0.4842,17713.0,7,0,0,0,0.0,0
0.0933,63,0,0.1155,3268.0,8,0,2,0,0.0,0
3.765,54,0,0.3021,2825.0,10,0,2,0,0.0,0
0.1276,39,0,0.2746,5115.0,4,0,2,0,0.0,0
1.0927,77,0,0.4413,,6,0,4,0,2.0,0
0.6193,23,0,0.0501,1624.0,6,0,0,0,1.0,0
0.1035,64,0,0.7111,4605.0,6,0,0,0,0.0,0
0.4076,55,0,0.8969,3182.0,8,0,0,0,1.0,0
0.1565,59,1,0.6786,5973.0,7,0,0,0,2.0,0
0.3769,41,0,0.9314,8917.0,5,0,2,0,0.0,0
0.4534,50,0,0.7366,3956.0,5,0,1,0,0.0,1
0.4103,56,0,0.4073,9703.0,6,0,1,0,0.0,0
0.0612,51,0,0.5857,8917.0,3,0,1,0,1.0,0
0.067,27,0,0.5304,6164.0,8,0,3,0,0.0,0
0.2341,76,3,0.3746,6759.0,9,0,0,1,0.0,1
2.2742,61,0,0.4083,4736.0,9,0,4,0,0.0,0
0.6457,52,0,0.1934,3458.0,7,0,0,0,0.0,0
0.9952,53,0,0.6525,3363.0,8,0,1,0,0.0,0
0.1879,76,0,0.3395,14530.0,6,0,2,0,2.0,0
0.2567,42,0,0.9226,4270.0,12,0,0,0,1.0,0
0.5961,38,0,0.678,3510.0,11,0,0,0,1.0,0
3.9814,64,0,0.1397,9859.0,7,0,0,0,0.0,0
0.2479,58,0,0.478,8316.0,7,0,2,0,0.0,0
6.738,38,0,0.1445,2801.0,9,0,2,0,2.0,0
0.1874,67,0,0.3817,9670.0,10,0,0,0,0.0,0
0.5343,56,0,0.4638,7564.0,6,0,0,0,2.0,0
0.4193,39,0,0.8265,2002.0,5,0,0,0,0.0,0
1.7392,59,0,1.0801,9282.0,11,0,0,0,0.0,0
4.4323,57,0,0.871,2632.0,9,0,0,0,1.0,0
0.834,51,0,0.206,2500.0,7,0,0,0,1.0,0
1.8009,57,0,0.3929,,9,0,1,0,0.0,0
0.4084,61,0,0.5305,3247.0,12,0,2,0,1.0,0
0.1822,65,0,0.9358,7843.0,11,0,1,0,0.0,0
0.1935,54,0,0.5109,6562.0,6,0,0,0,0.0,0
0.4241,48,0,0.7199,7760.0,5,0,0,0,3.0,0
0.1014,55,0,0.9363,7686.0,3,0,1,0,0.0,0
0.3351,69,0,0.3485,3846.0,11,0,1,0,1.0,0
0.2995,61,0,0.3879,3558.0,9,0,1,0,0.0,0
0.3307,47,0,0.8384,3008.0,13,0,2,0,1.0,0
0.6736,53,0,0.9251,3217.0,11,0,0,0,2.0,0
0.2884,75,0,0.2036,6495.0,6,0,0,0,1.0,0
0.2696,62,0,0.7809,,9,0,2,0,1.0,0
0.107,54,0,0.3846,4045.0,6,0,2,0,1.0,0
0.6931,68,0,0.7585,6064.0,10,0,1,0,2.0,0
0.9561,44,0,0.7536,,9,0,1,0,0.0,0
0.8503,57,0,0.1891,,15,0,1,0,2.0,0
1.3425,78,0,0.4083,7794.0,9,0,3,0,2.0,0
0.1085,61,0,0.7591,6878.0,11,0,0,0,2.0,0
0.0739,75,0,0.3838,3002.0,6,0,1,0,0.0,0
0.2166,51,0,0.832,16514.0,12,0,2,0,1.0,0
0.3812,45,0,0.875,7151.0,10,0,1,0,0.0,0
1.5087,68,0,0.5771,6233.0,10,0,4,1,2.0,0
2.068,26,0,0.817,7888.0,12,0,1,0,0.0,0
0.0935,55,0,0.2979,3137.0,9,0,0,0,0.0,0
0.9502,66,0,0.306,7981.0,8,0,0,0,0.0,0
0.6488,60,0,0.8353,4201.0,14,0,0,0,1.0,1
0.1431,23,0,0.6812,,10,0,0,0,1.0,0
0.5364,33,0,0.901,1696.0,12,0,1,0,1.0,1
0.2593,50,0,0.5546,3525.0,12,0,1,0,0.0,0
0.34,59,1,0.5576,4737.0,7,1,1,0,0.0,0
0.7863,59,0,0.6158,,5,0,0,0,0.0,0
0.2071,52,0,0.909,3686.0,8,0,1,0,2.0,0
0.2953,62,0,0.5783,3498.0,9,0,4,0,0.0,0
1.0683,58,0,0.3192,5691.0,6,0,2,0,1.0,0
0.686,50,0,0.2052,5479.0,4,0,0,0,2.0,0
0.0684,60,0,1.114,,13,0,1,0,1.0,0
7.4541,43,0,0.8508,,9,0,2,0,1.0,0
0.5423,61,0,0.1822,7922.0,11,0,0,0,1.0,0
0.4378,40,0,0.9741,3529.0,5,0,0,0,2.0,0
1.1781,59,0,0.497,8913.0,12,0,1,0,0.0,0
0.8814,58,0,0.3518,4856.0,11,0,1,0,0.0,0
0.778,48,2,0.5,14919.0,4,0,0,0,1.0,0
0.238,61,0,0.6385,4384.0,9,0,2,0,2.0,0
0.5513,74,0,0.7613,12790.0,7,0,0,0,2.0,0
0.482,38,0,0.433,5197.0,11,0,2,0,0.0,0
0.4644,65,0,0.7033,3520.0,7,0,2,0,1.0,0
0.5575,67,0,0.4081,12118.0,12,0,0,0,2.0,0
0.0891,49,0,0.2844,3398.0,8,0,1,0,0.0,0
0.0711,63,0,0.5453,,4,0,0,0,0.0,0
0.5835,48,1,0.3462,,4,0,1,1,1.0,0
0.4321,70,0,0.2209,3891.0,5,0,1,0,1.0,0
0.0152,21,0,0.6772,,6,0,1,0,0.0,0
1.0956,72,0,0.3128,6925.0,8,0,0,0,0.0,1
0.3296,36,0,0.1175,2043.0,7,0,0,0,1.0,0
1.3551,53,0,0.35,4207.0,7,0,0,0,1.0,0
1.2512,41,0,0.5744,,10,0,1,0,0.0,0
0.0528,73,0,0.1281,8515.0,5,0,2,0,1.0,0
0.111,49,0,0.1799,3412.0,11,0,0,0,1.0,0
0.3724,44,0,0.09,3047.0,11,0,1,0,1.0,0
0.0565,68,0,0.7947,6338.0,13,0,2,0,0.0,0
0.2666,62,0,0.2976,6380.0,11,0,1,0,0.0,0
6.3531,47,0,0.2576,6051.0,6,0,1,0,1.0,0
1.0403,38,0,0.1296,11063.0,6,0,2,0,0.0,0
0.0774,36,0,0.5636,,6,0,0,0,,0
0.2312,70,0,0.1764,8279.0,11,0,0,0,0.0,0
0.9413,58,0,0.6537,,12,0,1,0,0.0,1
0.3926,54,1,0.0517,4898.0,8,0,1,0,0.0,0
0.2711,59,0,0.5448,3754.0,12,0,1,0,0.0,0
4.8074,25,0,0.1738,9261.0,9,0,2,0,1.0,0
0.1354,47,0,0.7383,8062.0,5,0,1,0,0.0,0
0.2942,48,0,0.2337,,10,0,1,0,1.0,0
0.8374,66,4,0.2237,9840.0,6,0,3,0,2.0,0
0.0309,31,0,0.3902,7385.0,9,0,1,0,3.0,0
0.6451,67,0,0.5001,7243.0,3,0,0,0,0.0,0
0.9105,77,0,0.219,,10,0,1,0,0.0,0
0.1149,28,0,0.0889,4789.0,4,0,1,0,1.0,0
0.0769,52,0,0.3564,,6,0,1,0,1.0,0
0.6758,59,0,0.5782,4192.0,16,0,0,0,0.0,0
0.3768,64,0,0.5295,1611.0,7,0,0,0,3.0,0
0.255,22,0,0.1946,6695.0,4,0,3,0,1.0,0
0.4821,57,0,0.4318,5928.0,8,0,2,0,3.0,0
0.2849,49,0,0.4823,5773.0,6,0,1,0,0.0,0
0.4394,48,0,0.3844,3571.0,9,0,0,0,0.0,0
0.0687,81,0,1.0638,2164.0,8,0,1,0,2.0,1
0.322,49,0,0.1336,,4,0,0,0,0.0,0
0.2216,58,0,0.3434,2911.0,7,0,0,0,1.0,0
0.0089,50,0,0.3949,4608.0,7,0,1,0,2.0,0
0.0182,55,0,0.7967,1176.0,9,0,2,0,2.0,0
0.6584,60,0,0.9012,2899.0,8,0,0,0,3.0,1
2.7413,65,0,0.6114,7047.0,2,0,1,0,0.0,0
1.9091,41,0,0.6414,4432.0,3,0,0,0,0.0,0
0.2971,54,0,0.3589,,7,0,0,0,0.0,0
0.0177,55,0,0.1648,4003.0,2,0,2,0,1.0,0
0.5198,29,0,0.2532,3930.0,9,0,1,0,2.0,0
0.3859,39,0,0.4924,5147.0,9,0,1,0,2.0,0
0.3464,64,0,0.3929,,4,0,1,0,0.0,0
0.9675,46,0,1.1956,4867.0,10,0,0,0,1.0,0
2.6462,89,0,0.6067,4885.0,13,0,0,0,0.0,0
0.5133,65,0,0.2821,2999.0,7,0,1,0,1.0,0
0.2984,58,0,0.2504,,6,0,1,0,0.0,0
0.8687,73,0,0.0122,,10,0,0,0,3.0,0
0.1164,63,0,0.3852,4708.0,5,0,1,0,1.0,0
0.1303,55,0,0.1725,5730.0,8,0,0,0,1.0,0
0.3799,32,0,0.4529,4831.0,9,0,1,0,1.0,0
0.1165,61,0,0.626,,14,0,1,0,2.0,0
0.376,72,0,0.0359,12101.0,2,0,1,0,2.0,0
11.1095,44,0,0.7175,6018.0,2,0,1,0,0.0,0
0.258,26,0,0.4147,4392.0,7,0,1,0,2.0,0
0.6144,37,0,1.1585,1222.0,11,0,0,0,0.0,0
0.2105,77,0,0.9483,4752.0,6,0,2,0,0.0,0
0.1307,53,0,0.5598,9914.0,8,0,1,0,5.0,0
2.5484,72,0,0.2273,4831.0,8,0,0,0,2.0,0
1.071,52,0,0.4496,5043.0,12,0,2,0,0.0,0
0.2356,45,0,0.8288,9611.0,9,0,2,0,1.0,0
0.305,82,0,0.8121,6506.0,10,0,1,0,0.0,0
0.6665,47,0,0.1458,1523.0,7,0,1,0,1.0,0
0.2144,49,1,0.4096,3916.0,7,0,0,0,0.0,0
0.0418,58,0,0.4909,,7,0,2,0,1.0,0
0.571,48,0,0.5688,4257.0,9,0,0,0,0.0,0
0.2178,63,0,0.3477,10553.0,7,0,1,0,1.0,0
0.3952,58,0,0.2341,10363.0,4,0,1,0,2.0,0
0.7605,59,0,0.9554,3795.0,9,0,0,0,3.0,0
1.4384,43,0,0.4461,3714.0,10,0,0,0,2.0,0
0.2689,29,0,0.7913,6549.0,7,0,0,0,2.0,0
0.0579,40,0,0.1598,2787.0,10,0,0,0,0.0,0
3.2686,42,0,0.6723,5652.0,7,0,0,0,1.0,0
1.1215,56,0,0.3498,12265.0,12,0,1,0,2.0,0
0.2457,41,0,1.0904,3192.0,12,0,3,0,0.0,0
0.8802,31,0,0.6696,3312.0,9,0,1,0,0.0,1
0.2952,36,0,0.7714,,7,0,2,0,0.0,0
0.0383,57,0,0.0925,5884.0,12,0,2,0,1.0,0
0.3041,62,0,0.2411,8040.0,10,0,2,0,2.0,0
0.1317,45,0,0.2757,6382.0,6,0,1,0,1.0,0
0.8274,46,0,0.6087,1952.0,9,0,3,0,0.0,0
0.6794,61,0,0.3839,4698.0,14,0,1,0,0.0,0
0.4146,54,0,0.6063,,8,0,1,0,1.0,0
0.2178,69,0,0.3544,6001.0,6,0,1,0,3.0,0
0.1659,50,0,0.4264,3357.0,10,0,1,0,0.0,0
0.3886,40,0,0.1411,2270.0,9,0,1,0,2.0,0
0.0449,67,0,0.5073,6395.0,8,0,1,0,0.0,0
0.6912,48,0,0.3756,3286.0,5,0,1,0,1.0,0
0.1945,41,0,0.3751,5210.0,6,0,0,0,1.0,0
0.2565,64,0,0.4415,2996.0,13,0,2,0,0.0,0
0.3228,72,0,0.1438,7210.0,6,0,3,0,0.0,0
0.3858,55,2,0.1238,,6,0,0,0,,0
0.0744,38,0,0.1984,4095.0,7,0,1,0,0.0,0
0.2694,73,0,0.1764,,7,0,1,0,1.0,0
0.7439,57,0,0.2194,7190.0,6,0,1,0,2.0,0
0.2973,55,0,0.1111,4869.0,11,0,0,0,1.0,0
0.5889,46,0,0.1981,3690.0,7,0,0,0,1.0,0
0.2108,68,1,0.697,6766.0,7,0,0,0,0.0,0
0.3908,36,0,0.8401,2135.0,13,0,0,0,1.0,0
0.1348,35,0,0.6486,4559.0,6,0,0,0,,0
3.6715,79,0,0.3297,5444.0,8,0,3,0,2.0,0
0.431,40,1,0.3133,1766.0,8,0,0,1,0.0,0
1.7611,65,0,0.395,,13,0,2,0,1.0,0
0.3648,71,0,0.3461,,10,1,1,1,3.0,0
0.1312,55,0,0.1935,,9,0,0,0,0.0,0
0.6502,40,0,0.1353,,13,0,3,0,1.0,0
0.0045,61,0,0.1264,6409.0,8,0,0,0,0.0,0
0.2214,71,0,0.1001,4632.0,8,0,1,1,0.0,0
0.4892,57,0,0.6559,3178.0,6,0,0,0,1.0,0
0.3133,42,0,0.1649,4338.0,9,0,0,0,0.0,0
0.5277,56,0,0.3595,17406.0,6,0,0,0,0.0,0
0.3065,33,0,0.6242,,6,0,1,0,1.0,0
1.2979,38,0,0.0761,5143.0,8,0,1,0,0.0,0
0.2591,48,0,0.7394,7495.0,9,0,3,0,0.0,0
0.0747,53,0,0.2766,15796.0,12,0,0,0,0.0,0
0.4182,35,0,0.3619,4447.0,9,0,2,0,0.0,0
0.4884,55,0,0.5605,5137.0,7,0,0,0,2.0,0
0.1773,59,0,0.1417,,7,0,1,0,0.0,0
0.0295,49,0,0.8283,,13,0,1,0,1.0,0
0.6681,22,0,1.025,3599.0,6,0,2,0,0.0,0
0.8666,53,0,0.2588,4300.0,5,0,0,0,1.0,0
1.3839,77,0,0.7904,4274.0,14,0,1,0,1.0,0
0.7085,58,0,0.7082,6349.0,5,0,1,0,0.0,0
0.2484,52,1,0.3774,5183.0,10,0,1,0,2.0,0
0.0685,47,0,0.2941,3838.0,13,0,1,0,0.0,0
2.0396,60,0,0.1199,3828.0,11,0,4,0,2.0,0
0.8098,55,0,0.2636,5081.0,7,0,2,0,0.0,0
0.0181,62,0,0.6586,1696.0,11,0,0,0,0.0,0
0.3861,37,0,0.3856,7099.0,13,0,1,0,3.0,0
0.3132,54,0,0.4714,1050.0,9,0,0,0,1.0,0
0.1336,46,0,1.1182,3642.0,2,0,2,0,1.0,0
1.0812,57,0,0.2349,,3,0,0,0,1.0,1
5.5424,25,0,0.6712,,8,0,0,0,0.0,1
0.2049,47,1,0.384,2735.0,11,0,2,1,0.0,0
4.8914,60,0,0.9847,8858.0,10,0,0,0,,0
0.7486,62,0,0.4878,2775.0,10,0,0,0,0.0,0
0.1887,52,0,0.81,5540.0,11,0,0,0,2.0,0
1.2231,22,0,0.3276,,10,0,1,0,1.0,0
0.0471,61,0,0.4957,2693.0,9,0,0,0,0.0,0
0.0811,74,0,0.2106,4162.0,8,0,3,0,1.0,0
0.3033,40,0,0.5331,8949.0,9,0,0,0,2.0,0
0.3546,46,0,0.3555,,7,0,1,0,1.0,0
0.549,63,0,0.1228,,10,0,4,0,2.0,0
0.2247,64,0,0.4711,6577.0,11,0,1,0,0.0,0
0.2103,67,0,0.3971,4760.0,13,0,1,0,1.0,0
0.9364,66,0,0.5031,9832.0,7,0,1,0,4.0,0
0.8621,31,0,0.4554,1687.0,9,0,1,0,0.0,0
2.0593,45,0,0.2296,11183.0,9,0,0,0,1.0,0
0.0217,61,0,0.6767,17542.0,5,0,2,0,0.0,0
0.3182,51,0,0.5232,,10,0,0,0,2.0,0
2.6752,57,0,0.8993,8019.0,7,0,1,0,0.0,0
0.1218,50,0,0.6159,5519.0,5,0,1,0,0.0,0
0.4838,46,0,0.4775,9677.0,5,0,2,0,1.0,0
0.5432,49,1,0.6125,6395.0,11,1,0,2,0.0,0
0.4276,36,0,0.3439,9191.0,9,0,2,0,0.0,0
0.3843,42,1,0.2513,5155.0,6,0,2,0,1.0,0
0.3481,51,0,0.3327,7943.0,8,0,3,0,0.0,0
0.4394,51,0,0.0842,,8,0,2,0,2.0,0
0.1114,60,0,0.0604,6632.0,9,0,3,0,2.0,0
0.1233,48,0,0.3361,3966.0,4,0,1,0,3.0,0
0.2827,75,1,0.4215,4677.0,4,0,0,0,2.0,0
0.1019,69,0,0.5508,,7,0,1,0,2.0,0
0.5135,45,0,0.1695,,2,0,0,0,,0
0.6854,55,0,0.6249,3825.0,6,0,0,0,3.0,0
0.7127,69,0,0.5761,3436.0,8,0,2,0,2.0,0
0.1263,43,0,0.6072,,7,0,3,0,1.0,0
0.3725,42,0,0.4437,5658.0,5,0,0,0,3.0,1
0.2729,70,0,0.3452,9182.0,5,0,1,0,1.0,0
0.5399,62,0,0.4733,,7,0,1,0,0.0,0
0.8361,67,0,0.4039,7502.0,10,0,1,0,1.0,0
0.6993,56,0,0.6648,4676.0,10,0,1,0,0.0,0
0.4717,48,0,0.5695,6737.0,7,0,1,0,2.0,0
0.5752,33,0,0.3907,3536.0,5,0,2,0,0.0,0
2.3632,54,0,0.1545,1967.0,8,0,4,0,1.0,0
0.478,69,0,0.2961,5086.0,14,0,1,0,1.0,1
0.9058,69,0,0.3048,5378.0,10,0,0,0,1.0,0
0.8164,67,4,0.0301,3447.0,9,2,1,0,0.0,0
0.5163,63,5,0.2331,4602.0,5,0,2,0,0.0,0
0.5916,83,0,0.6936,14610.0,6,0,1,0,2.0,0
0.2749,30,0,0.3815,9352.0,8,0,2,0,0.0,0
5.1583,55,0,0.3856,3571.0,9,0,0,0,1.0,0
0.989,39,0,1.1016,4931.0,7,0,1,0,1.0,0
2.2246,74,0,0.3472,16729.0,12,0,0,0,1.0,1
0.767,44,0,0.4015,5906.0,6,0,2,0,0.0,0
0.2873,66,0,0.404,4511.0,5,0,0,0,0.0,0
0.2201,46,0,0.436,4336.0,8,0,2,0,0.0,0
1.7267,58,0,0.297,7368.0,14,0,3,0,1.0,0
0.0596,50,0,0.4337,2734.0,12,0,1,0,1.0,0
0.5034,52,0,0.6404,3290.0,8,0,1,0,,1
0.5311,57,0,0.3377,,10,0,2,0,0.0,0
0.8078,65,0,0.1626,5415.0,12,0,1,0,0.0,0
0.6726,50,0,0.538,10471.0,11,0,0,0,0.0,0
0.5578,64,0,0.4396,4121.0,10,0,0,0,0.0,1
0.6506,67,0,0.4543,3786.0,8,0,1,0,2.0,0
0.1866,46,0,0.214,,11,0,1,0,0.0,0
0.101,78,0,0.4357,,11,0,2,0,0.0,0
1.1025,62,0,0.2865,3335.0,10,0,1,0,1.0,0
0.3891,46,4,0.8412,4517.0,6,0,0,4,1.0,0
0.8505,61,0,0.6934,,12,3,1,0,1.0,0
0.0103,67,0,0.2295,2401.0,5,0,1,0,0.0,0
0.1618,60,0,0.7883,2869.0,5,0,0,0,0.0,0
0.0576,55,0,0.6377,5994.0,10,0,0,0,0.0,0
0.6779,21,0,0.333,,5,0,6,0,1.0,0
0.3176,38,0,0.5277,10779.0,6,0,1,0,0.0,0
1.2968,62,0,0.4986,4582.0,8,0,1,0,2.0,0
0.998,38,0,1.1339,3716.0,8,0,0,0,3.0,1
0.3109,59,0,0.383,3332.0,9,0,0,0,1.0,0
1.4664,64,0,1.1453,4019.0,11,1,2,0,0.0,0
0.6048,50,0,0.4805,1531.0,13,0,1,0,2.0,0
0.131,27,0,0.3424,2219.0,6,0,4,0,0.0,0
0.6039,42,0,0.1708,14475.0,8,0,1,0,0.0,0
0.0404,62,0,0.355,3959.0,10,0,1,0,0.0,0
0.6274,70,0,0.6966,2210.0,14,0,1,0,2.0,1
1.1209,23,6,0.8156,10594.0,8,0,2,2,0.0,0
0.2021,53,0,0.7711,,7,0,1,0,0.0,0
1.3261,31,0,0.4795,,12,0,0,0,0.0,0
0.3797,53,0,0.3057,6808.0,9,0,2,0,2.0,0
1.568,50,0,1.2328,11633.0,8,0,2,0,1.0,0
0.0789,85,0,0.861,,8,0,0,0,0.0,0
0.2606,44,0,0.4764,6898.0,7,0,0,0,2.0,0
0.1074,67,0,0.5963,5189.0,3,0,0,0,0.0,0
0.9831,66,0,0.4222,10476.0,11,0,1,0,2.0,0
4.5623,49,0,0.2426,7050.0,8,0,0,0,0.0,0
2.3417,54,0,0.4358,2872.0,11,0,0,0,1.0,0
0.0879,52,0,0.5972,5701.0,6,0,1,0,1.0,0
0.4418,42,1,0.5232,7398.0,8,0,0,3,0.0,0
0.6666,40,1,0.4439,18538.0,10,0,1,0,0.0,0
1.1688,46,2,0.5845,4147.0,7,0,0,0,1.0,0
0.8138,36,0,0.3779,4419.0,7,0,1,0,1.0,0
0.4826,45,0,0.6569,6830.0,9,0,1,0,0.0,0
0.3866,49,0,0.1094,1776.0,10,0,0,0,2.0,0
0.4645,54,0,1.0458,2164.0,7,0,0,0,2.0,0
0.1674,58,0,0.3168,1413.0,7,0,2,0,1.0,0
0.9834,49,0,0.7309,6539.0,3,0,1,0,1.0,0
0.6032,41,0,0.1188,7736.0,6,0,1,0,2.0,1
2.0181,58,1,1.4327,4047.0,7,0,0,0,2.0,0
0.315,63,0,0.7581,6776.0,7,0,1,0,1.0,0
0.042,45,0,0.4196,,5,0,0,0,2.0,0
0.5442,38,0,0.2564,,8,0,1,0,0.0,0
0.1455,46,0,0.1251,3259.0,5,0,1,0,0.0,0
0.7943,49,0,0.452,7802.0,10,0,1,0,0.0,0
0.1841,68,0,0.7181,4928.0,6,0,0,0,,0
1.0507,62,1,1.3344,,10,0,0,0,0.0,0
1.4974,52,0,0.6359,4261.0,11,0,0,0,0.0,0
3.0995,79,0,1.061,13444.0,4,0,1,0,1.0,0
1.1286,52,0,1.1237,4282.0,8,0,1,0,0.0,0
0.3569,72,0,0.4841,2481.0,13,0,1,0,1.0,0
0.212,69,0,0.1996,15648.0,6,0,0,0,0.0,0
0.0736,68,0,0.1832,,5,0,1,0,0.0,0
0.2209,56,0,0.8333,8266.0,11,0,2,0,0.0,0
0.0093,54,0,0.3339,9688.0,10,0,1,0,1.0,0
0.135,52,0,1.1908,1066.0,7,0,0,0,1.0,0
0.1898,64,0,0.8214,,8,0,1,0,0.0,0
0.0684,41,0,0.4198,,7,0,0,0,0.0,0
0.3041,48,0,0.1886,3185.0,8,0,0,0,1.0,0
0.2755,75,0,0.6609,,8,0,2,0,0.0,0
3.762,61,0,0.4989,,4,0,2,0,2.0,0
0.6828,65,0,0.7932,,7,0,1,0,2.0,0
0.3521,35,0,0.8033,4027.0,7,0,0,0,1.0,0
0.5783,46,0,0.3347,8700.0,7,0,0,0,0.0,0
0.5962,57,0,0.1823,8317.0,7,0,0,0,1.0,0
0.6566,51,0,0.1693,1765.0,7,0,1,0,0.0,0
0.624,35,0,0.1532,5749.0,10,0,1,0,0.0,0
0.4016,63,0,0.1239,,4,0,1,0,0.0,0
0.3162,67,0,0.5158,,8,0,3,0,0.0,0
2.1771,48,0,0.3794,,7,0,1,0,2.0,0
0.0828,63,0,0.231,3949.0,2,0,2,0,2.0,0
0.0908,80,0,0.1449,3892.0,6,0,0,0,0.0,0
0.9361,73,0,0.4136,4774.0,8,0,1,0,0.0,0
0.2131,49,0,0.4251,4742.0,8,0,1,0,1.0,0
0.5587,37,0,0.7652,15013.0,13,0,1,0,0.0,0
0.1977,55,0,0.3059,,10,0,1,0,0.0,0
0.7446,85,0,0.318,6966.0,9,0,1,0,1.0,0
0.0246,71,2,0.4162,4250.0,11,0,0,0,1.0,0
0.4755,52,0,0.2722,6793.0,11,0,1,0,1.0,0
0.556,74,0,0.2793,,6,0,0,0,3.0,0
2.1437,68,0,0.9256,3129.0,8,0,2,0,0.0,0
0.4701,25,0,0.3051,20064.0,8,0,1,0,0.0,0
0.0479,67,0,0.5271,,6,0,0,0,0.0,0
0.5251,54,0,0.1661,4898.0,10,0,4,0,1.0,0
0.4788,40,0,1.0163,5644.0,7,0,0,0,0.0,0
0.6848,53,0,0.4726,3078.0,11,0,0,0,1.0,0
0.2937,58,0,0.4324,,14,0,1,0,1.0,0
0.2907,41,0,0.2353,,7,0,1,0,1.0,0
0.2249,50,0,0.5533,8253.0,4,0,0,0,0.0,0
1.3476,47,0,0.6169,15185.0,12,0,0,0,2.0,0
0.3544,63,0,0.1071,9376.0,11,0,3,0,0.0,0
0.1394,48,0,0.214,,8,0,1,0,0.0,0
2.68,28,0,0.5533,,4,0,0,0,1.0,1
8.6594,46,0,0.4771,4662.0,6,0,0,0,0.0,1
0.4401,39,0,0.1727,2198.0,4,0,1,0,0.0,0
0.2186,34,0,0.8686,1672.0,10,0,0,0,1.0,0
0.4474,69,0,0.6699,,9,0,0,0,0.0,0
0.8961,63,0,0.2001,4962.0,13,0,1,0,3.0,0
0.269,38,0,0.1124,1031.0,14,0,0,0,3.0,0
0.1775,34,0,0.3934,2320.0,6,0,0,0,1.0,0
0.5522,51,0,0.6737,5631.0,9,0,1,0,4.0,0
5.1736,33,0,0.5746,2015.0,6,0,2,0,1.0,1
0.795,49,0,0.3207,3018.0,7,0,2,0,1.0,0
5.5964,53,0,0.4758,9459.0,8,0,0,0,0.0,0
0.5602,56,0,0.2949,6927.0,13,0,0,0,0.0,0
0.6621,57,0,0.6905,9732.0,6,0,1,0,2.0,0
0.7052,41,0,0.7174,3721.0,5,0,2,0,0.0,0
0.4449,53,0,0.3301,18643.0,7,0,1,0,1.0,0
0.0954,70,0,0.3172,9516.0,8,0,0,0,1.0,0
0.2268,23,0,0.1613,,7,0,1,0,0.0,0
3.4346,57,0,0.7484,5882.0,3,0,0,0,1.0,0
0.523,36,0,0.6582,,8,0,1,0,2.0,0
0.7065,72,0,0.2939,15687.0,11,0,0,0,2.0,0
0.3248,63,0,0.2333,4442.0,9,0,1,0,0.0,0
0.3619,63,0,0.3734,5689.0,15,0,0,0,1.0,0
0.6242,40,0,0.222,6171.0,10,0,3,0,0.0,0
3.537,56,2,0.1341,,9,1,0,0,0.0,0
0.0446,57,0,0.3245,7358.0,11,0,3,0,2.0,0
0.3811,21,0,0.243,,7,0,0,0,2.0,0
0.6522,54,0,0.7026,10674.0,4,0,2,0,0.0,0
1.59,61,0,0.8666,21888.0,5,0,2,0,0.0,0
0.2684,32,0,0.1779,,5,0,1,0,0.0,0
1.3486,60,0,0.2458,2036.0,7,0,1,0,1.0,0
0.6005,53,0,0.1128,15154.0,7,0,0,0,2.0,0
0.4652,71,2,0.3681,8889.0,11,1,2,2,0.0,0
3.9609,46,1,0.5118,3818.0,5,0,0,0,,0
0.4148,54,0,0.7769,12240.0,12,0,1,0,1.0,0
9.8328,57,0,0.4566,,3,0,1,0,1.0,0
0.141,21,0,0.1941,2538.0,9,0,1,0,1.0,0
0.3057,47,0,1.0524,6322.0,6,0,0,0,3.0,0
0.1358,53,0,0.2668,5445.0,3,0,2,0,0.0,0
5.0036,21,0,0.7204,4255.0,6,0,1,0,1.0,1
0.3545,61,0,0.216,6438.0,4,0,1,0,1.0,0
0.029,53,0,0.4173,2631.0,8,0,2,0,1.0,0
0.268,53,0,0.3466,9239.0,5,0,1,0,0.0,0
0.1316,62,0,0.5501,3280.0,8,0,1,0,1.0,0
0.1463,46,3,0.2848,8037.0,12,0,0,3,0.0,0
2.2043,53,3,0.1679,,8,0,0,0,2.0,0
0.1054,64,0,0.8243,3503.0,9,0,1,0,2.0,0
0.3174,53,0,0.3992,5563.0,5,0,1,0,1.0,0
0.4044,26,0,0.238,4703.0,9,0,1,0,1.0,0
2.0394,53,2,0.9353,3703.0,5,0,1,0,0.0,0
0.3729,53,0,0.786,,7,0,1,0,2.0,0
0.5498,65,0,0.7174,,7,0,1,0,0.0,0
0.3851,47,0,0.1437,3737.0,12,0,1,0,1.0,0
0.0691,38,0,0.3074,,13,0,0,0,0.0,0
0.7767,38,0,0.4854,6311.0,12,0,1,0,0.0,0
0.1814,72,0,0.3957,7399.0,8,0,0,0,0.0,0
1.9274,56,1,0.6458,,14,0,1,0,1.0,0
0.4277,71,0,0.3213,3046.0,12,0,3,0,0.0,0
0.5115,74,1,0.2491,,3,0,1,0,2.0,0
1.2731,42,0,0.5353,1996.0,6,0,3,0,0.0,1
0.1289,41,0,0.4267,3425.0,12,0,0,0,1.0,0
0.851,50,0,0.9058,6691.0,10,0,2,0,0.0,0
0.2461,61,0,0.4756,12016.0,7,0,0,0,0.0,0
0.1968,32,0,0.1316,1927.0,14,0,2,0,0.0,0
0.0044,58,0,0.0861,14335.0,6,0,1,0,0.0,0
1.0411,58,0,0.5593,5760.0,12,0,0,0,1.0,0
0.1956,36,0,0.6111,,5,0,1,0,0.0,0
0.7385,37,0,0.1803,6443.0,8,0,2,0,0.0,0
0.6664,58,0,0.7473,6386.0,6,0,3,0,2.0,0
0.2512,81,0,0.2119,15717.0,7,0,0,0,1.0,0
0.1877,48,0,0.4422,,7,0,0,0,0.0,0
1.0954,57,1,0.7782,7922.0,6,0,2,0,0.0,0
0.483,44,0,0.0153,1616.0,7,0,1,0,1.0,0
0.9658,55,0,0.5519,2759.0,10,0,1,0,1.0,1
0.6271,43,0,0.4438,3125.0,6,0,0,0,0.0,0
0.3118,48,0,0.2892,,11,0,0,0,2.0,0
0.5273,86,0,0.714,,11,0,1,0,0.0,1
0.0596,53,0,0.3723,4706.0,8,0,2,0,1.0,0
1.0007,30,0,0.2205,1914.0,11,0,1,0,1.0,0
0.3222,61,0,0.4422,1346.0,8,0,1,0,1.0,0
0.1593,68,0,0.3634,3286.0,6,0,1,0,1.0,0
1.5723,61,0,0.2892,3951.0,14,0,1,0,1.0,0
0.2868,50,0,0.5632,7724.0,5,0,2,0,0.0,0
0.5289,39,0,0.5894,4715.0,8,0,1,0,,0
0.3606,40,0,0.4398,4800.0,13,0,1,0,0.0,0
0.007,49,0,0.4108,6762.0,7,0,1,0,0.0,0
0.1654,47,0,0.4365,3957.0,5,0,0,0,2.0,0
0.3771,44,2,0.2862,4643.0,10,0,0,0,1.0,0
4.5377,69,0,0.5783,2586.0,7,0,1,0,0.0,0
0.5213,65,0,0.583,4723.0,8,0,0,0,0.0,0
1.9263,70,0,0.5376,,9,0,2,0,0.0,1
0.3894,41,0,0.257,6850.0,9,0,1,0,1.0,0
0.2726,39,0,0.2854,5164.0,3,0,1,0,1.0,0
0.4594,53,0,0.6665,2792.0,11,0,0,0,0.0,1
0.9503,58,0,0.3405,6551.0,7,0,0,0,,0
0.4717,53,0,0.3118,,5,0,1,0,1.0,0
0.7011,57,0,0.0837,,11,0,1,0,0.0,0
0.1747,74,0,0.5875,5228.0,10,0,0,0,0.0,0
0.3645,49,0,0.7038,9740.0,10,0,1,0,2.0,0
0.0554,63,0,1.0362,,7,0,0,0,0.0,0
2.1218,59,0,0.3559,3036.0,10,0,0,0,1.0,0
0.353,53,0,0.7126,8697.0,8,0,1,0,0.0,0
0.3272,63,0,0.2784,,12,0,1,0,2.0,0
0.4107,41,0,0.8071,4823.0,7,0,0,0,2.0,0
0.5105,38,0,0.2972,4938.0,4,0,1,0,0.0,0
0.3285,58,0,0.2508,7551.0,6,0,2,0,1.0,0
0.0466,29,1,0.4238,4541.0,7,0,0,2,0.0,0
3.0759,59,0,0.2072,,9,0,2,0,1.0,0
0.0606,36,0,0.6494,,8,0,0,0,1.0,0
0.0585,73,0,0.6937,5469.0,14,0,0,0,2.0,0
0.7854,46,0,0.6502,6395.0,11,0,1,0,0.0,0
0.1641,72,0,0.5262,4635.0,7,0,0,0,1.0,0
0.0781,49,0,0.1904,4599.0,11,0,0,0,1.0,0
0.3414,48,0,0.5381,7627.0,8,0,1,0,2.0,0
0.7745,64,0,0.4464,3482.0,6,0,0,0,1.0,0
1.9866,56,0,0.9588,3198.0,7,0,1,0,0.0,0
0.4534,51,3,0.3647,4074.0,6,0,0,0,2.0,0
0.2082,46,0,0.8188,5095.0,8,0,0,0,0.0,0
0.207,46,0,0.4648,4927.0,5,0,0,0,,0
0.7795,85,0,0.3953,,7,0,3,0,0.0,1
0.498,29,1,0.381,4519.0,7,0,2,0,,0
0.7718,35,0,0.395,11034.0,5,0,1,0,0.0,0
0.6628,68,0,0.9424,8986.0,8,0,3,0,1.0,0
0.2278,67,0,0.1049,6601.0,9,0,0,0,1.0,0
0.462,39,0,0.2434,6975.0,4,0,2,0,2.0,0
0.4978,27,0,0.1569,2507.0,7,0,1,0,0.0,0
0.0561,70,2,0.1496,,5,0,2,1,2.0,0
0.3359,37,0,0.368,2283.0,2,0,1,0,0.0,0
2.3804,45,0,0.4885,7244.0,8,0,4,0,1.0,0
0.7925,53,0,0.8263,,7,0,2,0,0.0,0
1.7461,37,0,0.8768,4466.0,10,0,2,0,0.0,1
0.1742,65,0,0.6361,7850.0,5,0,1,0,2.0,0
0.2165,52,0,0.6942,5379.0,10,0,2,0,2.0,0
0.5609,40,0,0.548,6692.0,11,0,1,0,1.0,0
0.2354,41,0,0.4409,1249.0,11,0,2,0,1.0,0
0.7468,70,0,0.6457,4410.0,10,0,0,0,1.0,0
0.0017,48,0,0.6628,2436.0,10,0,0,0,0.0,0
0.4565,61,0,1.2893,5295.0,7,0,3,0,0.0,0
0.0973,52,0,0.3208,11842.0,12,0,0,0,4.0,0
0.1498,27,0,0.547,3949.0,4,0,2,0,1.0,0
0.0756,62,0,0.1288,7671.0,8,0,2,0,0.0,0
0.67,67,0,0.7838,,9,0,1,0,0.0,0
0.1001,78,0,0.4235,6524.0,5,0,1,0,1.0,0
0.3658,25,1,0.2672,5605.0,8,0,2,0,1.0,0
1.4353,21,0,0.103,3027.0,11,0,0,0,2.0,0
0.0852,61,0,0.4849,3041.0,6,0,0,0,1.0,0
0.1112,44,0,0.3132,10602.0,12,0,2,0,0.0,0
0.3445,32,0,1.0771,21397.0,7,0,1,0,0.0,0
0.1243,54,0,0.0958,8260.0,10,0,1,0,1.0,0
1.0201,46,2,0.453,,8,0,1,2,0.0,0
0.1584,34,0,0.2684,5450.0,9,0,1,0,1.0,0
0.2505,51,3,0.3941,12502.0,10,1,0,0,1.0,1
0.8697,60,0,0.2921,,10,0,0,0,1.0,0
2.1204,54,0,0.045,,9,0,0,0,0.0,0
0.5528,55,0,0.753,3253.0,5,0,2,0,0.0,0
0.0495,58,0,0.3378,7836.0,7,0,2,0,1.0,0
0.6799,28,0,0.3415,1096.0,11,0,1,0,1.0,0
0.3863,51,0,0.4877,6744.0,12,0,2,0,0.0,0
0.4896,55,0,0.1035,2477.0,9,0,0,0,1.0,0
0.671,47,0,0.3543,,12,0,0,0,2.0,0
0.0596,40,0,0.4605,5040.0,7,0,1,0,0.0,0
0.2443,42,0,0.682,1943.0,8,0,0,0,0.0,0
4.0838,48,0,0.836,3354.0,9,0,0,0,0.0,1
0.4472,65,0,0.5405,2992.0,10,0,1,0,0.0,0
0.5474,73,0,0.2423,12464.0,7,0,0,0,0.0,0
0.9187,71,2,0.7986,4268.0,12,0,0,1,1.0,0
0.3114,30,0,0.1844,10143.0,8,0,0,0,0.0,0
0.0724,39,0,0.6049,3859.0,8,0,1,0,0.0,0
4.1267,61,0,0.2847,6351.0,9,0,0,0,0.0,0
1.6706,70,0,1.3649,,9,0,0,0,0.0,0
0.5631,38,0,0.6682,,5,0,3,0,0.0,0
0.1101,55,0,0.7907,3484.0,8,0,1,0,0.0,0
0.5356,36,0,0.1804,2557.0,6,0,0,0,0.0,0
0.2483,56,0,0.4765,5155.0,5,0,0,0,3.0,0
0.0436,43,0,0.0986,4029.0,12,0,0,0,1.0,0
0.1065,55,0,0.1831,14260.0,8,0,2,0,0.0,0
0.0685,35,0,0.3378,6712.0,8,0,2,0,0.0,0
0.8285,29,0,0.974,,10,0,2,0,1.0,1
0.1108,95,0,0.3127,7854.0,11,0,0,0,1.0,0
0.6058,53,0,0.3396,6885.0,6,0,0,0,0.0,0
0.4313,82,0,0.7793,9931.0,6,0,2,0,0.0,0
0.264,73,0,0.1032,12828.0,3,0,1,0,0.0,0
0.6914,29,0,0.6494,2803.0,11,0,0,0,3.0,1
1.23,57,0,0.3906,4634.0,11,0,0,0,0.0,0
0.08,34,0,0.5325,7365.0,6,0,1,0,0.0,0
1.3736,48,0,0.5761,5983.0,12,0,0,0,1.0,0
0.5417,26,0,0.1922,2498.0,8,0,2,0,0.0,0
0.8988,30,0,0.5552,7757.0,7,0,2,0,0.0,0
0.6359,40,0,1.0764,6306.0,7,0,0,0,0.0,0
0.4274,44,0,0.5664,3794.0,13,0,1,0,0.0,0
0.3719,53,2,0.6527,4429.0,9,0,0,0,1.0,0
0.0675,37,0,0.1445,,6,0,0,0,2.0,0
0.3311,54,0,0.895,,6,0,1,0,1.0,0
4.4693,68,0,0.5874,3006.0,10,0,0,0,1.0,0
1.7848,56,0,0.6782,11448.0,7,0,3,0,1.0,0
0.0986,51,2,0.2751,,12,0,1,0,1.0,0
0.6491,57,0,0.431,3158.0,8,0,2,0,0.0,1
0.8242,32,0,0.4734,9145.0,13,0,1,0,,0
0.053,65,4,0.4143,4293.0,11,0,0,0,1.0,0
0.4062,35,0,0.6367,3129.0,5,0,0,0,2.0,0
0.1809,74,0,0.6297,9866.0,8,0,1,0,0.0,0
0.0481,63,0,0.5764,4819.0,14,0,0,0,4.0,0
0.3487,60,0,0.5061,25011.0,5,0,1,0,1.0,0
0.3201,60,0,0.4776,2393.0,7,0,0,0,0.0,0
0.7007,52,0,0.454,,9,0,2,0,0.0,0
1.6287,41,0,0.6187,2538.0,10,0,3,0,0.0,0
0.0837,39,0,0.5977,3420.0,5,0,1,0,0.0,0
0.2509,77,0,0.6206,,7,0,2,0,,0
0.0065,53,0,0.2802,3198.0,4,0,2,0,0.0,0
2.1148,36,0,0.7839,9998.0,10,0,2,0,0.0,0
0.5111,59,0,0.1959,5755.0,12,0,1,0,1.0,0
0.3365,57,0,0.6535,,7,0,1,0,2.0,0
2.9887,47,0,0.278,,8,0,0,0,2.0,0
0.4733,39,0,0.3489,5102.0,7,0,2,0,0.0,0
2.7462,62,0,1.0512,10452.0,10,0,0,0,0.0,0
0.1074,65,0,0.7977,2869.0,12,0,2,0,2.0,0
0.2509,57,0,0.3567,,13,0,2,0,0.0,0
0.5209,53,0,0.7062,5189.0,8,0,3,0,1.0,0
0.2576,41,0,0.7495,1118.0,10,0,1,0,0.0,0
0.877,59,0,0.2628,13138.0,8,0,1,0,1.0,0
1.4978,43,3,1.2997,,10,0,0,0,2.0,0
0.5814,34,0,0.5203,1987.0,11,0,0,0,0.0,0
0.1759,68,0,0.4547,6427.0,3,0,1,0,2.0,0
2.3904,38,0,0.2267,34457.0,6,0,0,0,4.0,0
0.0876,25,0,0.4374,,12,0,0,0,0.0,0
0.8645,70,0,0.7349,13696.0,7,0,1,0,0.0,0
0.0188,28,0,0.2024,3128.0,11,0,1,0,2.0,0
0.2195,47,0,0.4104,1943.0,6,0,0,0,0.0,0
0.0553,37,0,0.259,5588.0,8,0,4,0,0.0,0
0.0676,42,0,0.2714,4891.0,10,0,1,0,1.0,0
0.4231,83,0,0.6686,2085.0,7,1,0,0,0.0,0
0.1322,51,0,0.4992,4156.0,5,0,0,0,2.0,0
0.3351,57,0,0.8803,,13,0,3,0,2.0,0
0.8629,63,0,0.611,,11,0,1,0,2.0,0
0.4995,43,0,0.4115,4107.0,11,0,1,0,1.0,0
0.4693,67,0,0.3561,6662.0,5,0,0,0,1.0,0
0.4258,57,0,0.1584,3807.0,9,0,1,0,1.0,0
0.5304,63,0,0.2635,3412.0,10,0,1,0,1.0,0
0.7612,42,0,0.2858,2522.0,6,0,1,0,0.0,0
0.4519,58,0,0.0303,20983.0,12,0,0,0,1.0,0
0.1394,52,0,0.3035,6023.0,5,0,0,0,0.0,0
0.4509,68,0,0.4199,10094.0,4,0,0,0,0.0,0
0.7606,44,0,0.8416,5912.0,6,0,3,0,0.0,0
0.6492,80,0,0.1003,4897.0,6,0,3,0,0.0,0
0.9131,57,0,0.9065,11114.0,11,0,1,0,1.0,0
0.4151,50,0,0.374,,10,0,1,0,2.0,0
0.3223,49,0,0.0435,11125.0,5,0,0,0,0.0,0
5.1765,52,0,0.2764,2187.0,8,0,1,0,1.0,0
0.5994,43,0,0.8446,3957.0,11,0,1,0,0.0,0
0.6897,61,0,0.6776,4417.0,7,0,0,0,0.0,0
3.0768,52,0,0.8294,1389.0,8,0,1,0,0.0,0
0.0992,79,0,0.1598,6616.0,2,0,2,0,0.0,0
0.2963,46,0,0.3674,17444.0,8,0,0,2,4.0,0
0.6898,50,0,0.3255,6946.0,7,0,0,0,0.0,0
0.8083,46,0,0.5796,2460.0,8,0,0,0,3.0,0
0.0781,78,0,2.0672,2412.0,11,0,0,0,0.0,0
0.8759,32,0,0.202,12690.0,8,0,2,0,2.0,0
0.2744,53,0,0.5112,1843.0,4,0,0,0,0.0,0
0.0374,56,0,0.3759,2681.0,6,0,0,0,1.0,0
0.2763,36,0,0.3413,4597.0,7,0,2,0,0.0,0
0.6522,89,0,0.7591,9478.0,5,0,3,0,0.0,0
0.0027,39,0,0.4782,4684.0,12,0,3,0,2.0,0
0.8234,52,0,0.2409,2400.0,10,0,0,0,0.0,0
0.414,76,0,0.8154,6534.0,4,0,0,0,1.0,0
3.3255,47,1,1.216,7271.0,8,0,2,1,1.0,0
2.9881,54,0,0.8426,11819.0,13,0,1,0,0.0,0
0.0749,47,0,0.3614,13476.0,6,0,1,0,0.0,0
0.039,51,0,0.5258,5743.0,10,0,3,0,1.0,0
0.971,67,0,0.4354,12477.0,13,0,1,0,1.0,0
0.1082,46,0,0.5375,10724.0,10,0,0,0,0.0,0
0.0394,21,1,0.2805,8514.0,6,0,0,0,0.0,1
0.1631,52,0,0.2563,3490.0,7,0,1,0,1.0,0
2.1155,53,0,0.3892,6494.0,6,0,1,0,2.0,0
0.2964,55,0,0.5758,,11,0,0,0,0.0,0
0.2162,49,0,0.6148,1893.0,6,0,0,0,2.0,0
4.5794,40,0,0.812,,4,0,1,0,1.0,1
0.6128,49,0,0.4514,4272.0,10,0,3,0,0.0,0
0.2963,77,0,0.7417,,7,0,0,0,0.0,0
0.439,51,0,0.1176,11979.0,10,0,1,0,1.0,0
0.2757,61,0,0.804,2250.0,6,0,0,0,2.0,0
0.2612,38,0,0.1979,3660.0,7,0,1,0,0.0,0
13.6003,48,0,0.2052,14176.0,11,0,2,0,1.0,0
0.2957,38,0,0.6059,8455.0,6,0,3,0,0.0,0
0.5356,70,0,0.6613,7878.0,17,0,1,0,2.0,0
0.1813,30,0,0.7626,,5,0,0,0,0.0,0
0.3001,57,0,0.1623,6480.0,8,0,0,0,0.0,0
0.512,57,0,0.3576,6254.0,2,0,1,0,1.0,0
0.2748,56,0,0.5578,8206.0,11,0,2,0,1.0,0
6.713,21,0,0.024,3236.0,5,0,0,0,0.0,0
0.7251,24,0,0.5776,,10,0,0,0,2.0,0
0.9104,54,0,0.5303,6378.0,6,0,1,0,2.0,0
0.4419,39,0,0.659,5075.0,5,0,1,0,0.0,0
0.3489,43,0,0.8755,7418.0,8,0,0,0,1.0,0
0.0588,46,0,0.4878,3592.0,11,0,1,0,0.0,0
0.1508,37,0,0.7607,5002.0,7,0,2,0,1.0,0
0.0613,35,0,0.3871,3187.0,6,0,0,0,1.0,0
0.9522,52,0,0.4959,5692.0,14,0,3,0,0.0,0
0.3643,25,0,0.3202,,5,0,3,0,1.0,0
0.2115,45,0,0.4083,8551.0,8,0,0,0,0.0,0
0.4829,43,0,0.416,,10,0,0,0,1.0,0
0.008,52,0,0.7022,13923.0,12,0,0,0,1.0,0
0.7592,85,0,0.3701,8642.0,11,0,3,0,,0
0.1679,38,0,1.0313,7423.0,10,0,0,0,1.0,0
0.0674,58,0,0.4885,6315.0,8,0,2,0,1.0,0
0.2167,55,0,0.6327,8260.0,6,0,1,0,0.0,0
0.7739,60,0,0.9873,7473.0,10,0,0,0,1.0,0
0.35,49,0,0.7046,3029.0,6,0,0,0,2.0,0
0.4422,72,0,0.3132,3364.0,10,0,0,0,2.0,0
0.1653,62,0,0.2925,,10,0,1,0,1.0,0
0.24,62,0,0.6405,4523.0,5,0,1,0,1.0,0
0.6271,32,0,0.7098,6784.0,7,0,0,0,0.0,0
1.1831,53,0,0.7064,7109.0,8,0,1,0,2.0,0
1.1053,45,0,0.2167,,6,0,1,0,0.0,0
0.2465,40,0,0.5044,,6,0,0,0,0.0,0
0.6428,43,0,0.5665,30952.0,8,0,0,0,1.0,0
1.2309,51,0,0.3007,10410.0,10,0,2,0,1.0,0
2.0932,58,0,1.2569,8044.0,5,0,1,0,1.0,0
0.4656,66,2,0.3954,8990.0,11,0,1,1,0.0,0
0.0554,65,0,0.8733,,5,0,2,0,1.0,0
0.1926,56,0,0.6262,3567.0,11,0,0,0,0.0,0
1.5828,53,0,0.4936,1467.0,8,0,1,0,1.0,0
0.4137,47,0,0.4336,,4,0,2,0,1.0,0
3.0478,49,0,0.3876,3310.0,9,0,1,0,0.0,0
0.0103,41,0,0.4375,5801.0,6,0,1,0,1.0,0
0.24,46,0,0.2511,3855.0,6,0,1,0,0.0,0
0.4653,57,3,0.4545,,9,0,0,0,0.0,0
0.1298,74,0,0.2364,6953.0,7,0,0,0,1.0,0
0.7537,50,0,0.552,4264.0,8,0,0,0,0.0,0
0.1664,41,0,0.7057,,9,0,0,0,2.0,0
0.1254,66,0,0.7008,,5,0,0,0,2.0,0
0.0449,24,0,0.1392,2118.0,4,0,0,0,2.0,0
0.3638,67,0,0.4695,3290.0,7,0,0,0,1.0,0
0.1876,32,0,0.4684,,6,0,2,0,1.0,0
0.1516,61,0,0.3173,5780.0,15,0,1,0,0.0,0
0.7386,45,0,0.7873,5173.0,11,0,1,0,0.0,0
0.5392,56,0,0.1736,6308.0,6,0,3,0,2.0,0
0.5544,81,0,0.7582,2768.0,7,0,2,0,1.0,0
0.0227,40,0,0.9368,4167.0,4,0,1,0,2.0,0
0.0565,38,0,0.2842,2457.0,9,0,1,0,2.0,0
0.5107,53,0,0.606,,4,0,0,0,1.0,0
0.0485,73,0,0.4722,6176.0,14,0,0,0,1.0,0
0.4177,55,0,0.7308,,6,0,1,0,0.0,0
0.5375,53,0,0.4683,,10,0,0,0,2.0,0
0.1689,54,0,0.285,2269.0,13,0,0,0,2.0,0
1.2262,38,0,0.7163,3922.0,6,0,1,0,0.0,0
0.3198,55,0,0.4332,,6,0,0,0,0.0,0
0.1557,47,0,0.2259,6096.0,13,0,0,0,0.0,0
0.2025,71,0,0.7851,12392.0,6,0,3,0,3.0,0
0.3697,63,0,0.6038,4379.0,11,0,3,0,1.0,0
0.1453,33,0,0.8977,,3,0,2,0,1.0,0
0.3842,48,0,0.5767,6211.0,7,0,0,0,1.0,0
3.9371,59,0,0.2884,8064.0,8,0,3,0,2.0,0
0.0137,38,0,0.9829,2173.0,7,0,2,0,0.0,0
0.2038,37,0,0.8107,7035.0,3,0,1,0,0.0,0
0.7193,46,0,0.4194,,6,0,1,0,1.0,1
0.2377,57,0,0.6391,3199.0,13,0,3,0,1.0,0
0.1726,67,0,0.3999,2534.0,8,0,1,0,0.0,0
0.4555,55,0,0.275,11303.0,5,0,1,0,0.0,0
0.1109,86,0,0.4162,12960.0,8,0,1,0,1.0,0
0.049,43,0,0.7044,4310.0,10,0,3,0,2.0,0
0.8865,62,0,0.2251,,5,0,1,0,0.0,1
0.2929,36,0,0.3967,,14,0,0,0,0.0,0
0.3015,75,0,0.4102,4426.0,5,0,1,0,0.0,0
0.8887,71,0,0.1493,3249.0,9,0,1,0,0.0,0
0.2862,62,0,0.385,5038.0,8,0,2,0,0.0,0
0.0868,28,0,0.4004,5244.0,8,0,1,0,1.0,0
0.4705,62,0,0.5862,5077.0,7,0,0,0,0.0,0
0.1657,41,0,0.2766,6909.0,10,0,1,0,0.0,0
0.3563,58,0,0.2191,4110.0,5,0,2,0,2.0,0
0.3324,32,0,0.0462,7223.0,8,0,1,0,0.0,0
0.7171,56,0,0.2523,6541.0,7,0,0,0,0.0,0
0.1784,47,0,0.4071,10545.0,10,0,0,0,1.0,0
0.581,41,0,0.5986,11872.0,11,0,1,0,0.0,0
0.0886,60,0,0.3362,16433.0,9,0,1,0,0.0,0
0.2228,51,0,0.3424,7668.0,9,0,3,0,3.0,0
0.0074,49,0,0.4756,4349.0,6,0,2,0,2.0,0
0.0167,62,0,0.3769,,1,0,1,0,2.0,0
0.0131,79,0,0.48,2154.0,5,0,0,0,4.0,0
0.142,56,0,0.1555,6903.0,6,0,1,0,3.0,0
0.4439,27,0,0.7204,3083.0,6,0,2,0,,0
0.5245,30,0,0.4128,,3,0,1,0,0.0,0
0.3793,53,0,0.2981,9287.0,10,0,1,0,,0
0.4509,66,0,0.566,6306.0,8,0,1,0,0.0,0
0.5321,54,0,0.8316,5577.0,11,0,1,0,0.0,0
0.2313,59,0,0.4547,8112.0,11,0,2,0,1.0,0
0.1991,51,0,0.8086,2902.0,9,0,2,0,1.0,0
0.5235,65,0,0.0495,,7,0,2,0,1.0,0
0.2995,61,0,0.2886,,8,0,0,0,0.0,0
0.1859,38,0,0.3966,1177.0,6,0,1,0,0.0,0
0.3378,58,0,0.6223,2760.0,9,0,0,0,3.0,0
0.6128,30,0,0.0788,,10,0,2,0,1.0,0
0.3382,58,0,0.9265,9909.0,5,0,0,0,0.0,0
0.2515,48,0,0.926,5829.0,4,0,4,0,1.0,0
0.3176,54,0,0.1792,7256.0,10,0,0,0,1.0,0
0.4989,57,0,0.6813,,4,0,0,0,2.0,0
0.0268,56,0,0.5817,6626.0,8,0,1,0,1.0,0
0.5711,72,0,0.4264,7086.0,8,0,2,0,1.0,0
0.3566,52,0,0.5094,4582.0,4,0,0,0,1.0,0
0.7736,55,2,0.743,,11,0,0,0,0.0,0
0.5481,71,0,0.892,15138.0,12,0,0,0,0.0,0
0.3528,79,0,0.3859,1659.0,7,0,0,0,1.0,0
0.3347,52,0,0.366,3700.0,8,0,1,0,2.0,0
3.3331,45,0,0.7756,9038.0,6,0,1,0,0.0,0
0.0483,46,0,0.7299,3465.0,9,0,0,0,1.0,0
0.9993,58,0,0.6008,8273.0,7,0,2,0,0.0,0
0.0933,49,0,0.6104,6493.0,9,0,1,0,0.0,0
0.417,28,0,0.5145,6675.0,5,0,1,0,0.0,0
0.0961,68,0,0.4843,9783.0,7,0,0,0,1.0,0
3.6851,63,0,0.1547,5302.0,9,0,2,0,0.0,0
0.2587,68,0,0.1603,12714.0,8,0,1,0,0.0,0
0.7199,71,0,0.6882,1500.0,5,0,1,0,1.0,1
0.5232,55,0,0.6398,5182.0,6,0,2,0,1.0,0
0.335,56,0,0.2238,10978.0,3,0,1,0,0.0,0
0.8536,66,0,0.146,11509.0,12,0,1,0,1.0,0
0.8586,35,0,0.2411,2699.0,5,0,1,0,,0
0.5181,47,0,0.3698,3473.0,4,0,2,0,2.0,0
0.3548,51,0,0.2689,,9,0,1,0,0.0,0
0.1068,65,0,1.1676,7048.0,12,0,1,0,2.0,0
0.3326,44,0,0.6268,3126.0,10,0,3,0,1.0,0
0.2565,42,1,0.1382,7137.0,13,0,3,0,1.0,0
0.1386,46,0,0.2497,2467.0,5,0,2,0,0.0,0
0.2065,59,0,0.3358,16943.0,14,0,1,0,1.0,0
4.383,51,0,0.1386,12744.0,13,0,1,0,3.0,0
0.078,32,0,0.6669,,6,0,3,0,0.0,0
0.5355,34,0,0.4183,6194.0,6,0,1,0,0.0,0
0.6627,54,0,0.7665,,10,0,0,0,0.0,0
1.2898,54,2,0.348,2339.0,7,0,0,0,0.0,0
0.0672,52,0,0.3645,4383.0,5,0,2,0,1.0,0
0.0027,45,0,0.8002,8498.0,9,0,1,0,0.0,0
0.0375,63,0,0.6573,2057.0,7,0,0,0,1.0,0
0.8708,57,0,0.3448,4619.0,9,0,0,0,3.0,0
0.0385,57,0,0.8197,4081.0,5,0,1,0,0.0,0
0.3396,57,2,0.8919,3320.0,4,3,1,1,3.0,0
0.0852,74,0,1.0732,18561.0,6,0,0,0,1.0,0
0.721,38,0,0.4692,,12,0,0,0,0.0,0
0.7163,46,0,0.5337,9373.0,7,0,1,0,0.0,0
0.525,47,0,0.2984,8057.0,7,0,1,0,2.0,0
0.501,70,0,0.9909,4601.0,11,0,1,0,,0
0.1844,47,0,0.4636,5904.0,4,0,1,0,1.0,0
0.0618,41,0,0.4262,,4,0,1,0,0.0,0
0.3177,51,0,1.2185,,5,0,2,0,0.0,0
3.7835,53,0,0.881,6104.0,9,0,0,0,1.0,0
0.3964,69,0,0.5993,5681.0,9,0,0,0,1.0,0
0.176,47,0,0.0315,3007.0,9,0,2,0,1.0,0
4.178,42,0,0.349,13462.0,7,0,0,0,2.0,0
0.4593,39,0,0.1365,1602.0,11,0,2,0,0.0,0
0.6263,47,1,0.2388,14042.0,8,0,1,2,0.0,0
0.406,88,0,0.6869,14606.0,6,0,0,0,1.0,0
0.3724,57,0,0.5295,4378.0,6,0,1,0,2.0,0
0.9816,60,0,0.5916,,13,0,2,0,2.0,1
0.0102,52,1,0.8663,7889.0,9,0,1,0,0.0,0
1.4945,54,0,0.1297,5444.0,12,0,2,0,1.0,0
2.4706,63,0,0.7769,3829.0,13,0,0,0,0.0,0
0.6243,60,0,0.7422,8487.0,7,0,2,0,2.0,0
0.2916,57,0,0.4191,,16,0,0,0,2.0,0
1.9504,52,0,0.2218,1696.0,3,0,0,0,3.0,0
1.7537,47,0,0.9578,,3,0,0,0,0.0,0
0.061,58,0,0.343,,6,0,1,0,1.0,0
0.505,53,0,0.5765,1474.0,7,0,3,0,0.0,0
0.4193,82,0,0.5537,5338.0,7,0,2,0,0.0,0
0.1505,67,1,0.1513,11268.0,6,0,1,0,1.0,1
0.349,43,0,0.4353,4383.0,6,0,1,0,0.0,0
0.1776,36,0,0.5437,1575.0,9,0,2,0,3.0,0
0.0999,46,0,0.8052,3255.0,10,0,1,0,1.0,0
0.1955,37,0,0.0593,6541.0,14,0,1,0,0.0,0
0.1311,46,0,0.5947,11061.0,6,0,2,0,0.0,0
0.5681,38,0,0.1969,8538.0,6,0,2,0,0.0,0
0.9473,47,0,0.5302,5648.0,6,0,1,0,1.0,0
0.6459,48,0,0.3366,6395.0,6,0,0,0,1.0,0
0.1739,54,0,0.4592,4559.0,5,0,0,0,2.0,0
0.8203,49,0,0.2152,14222.0,6,0,1,0,1.0,0
0.059,39,0,0.2087,6369.0,8,0,1,0,0.0,0
1.1378,69,0,0.2981,,4,0,1,0,1.0,0
0.2939,58,0,0.3085,18358.0,9,0,1,0,1.0,0
0.1092,44,0,0.249,4436.0,9,0,1,0,0.0,0
0.2371,40,0,0.2106,4214.0,10,0,0,0,0.0,0
0.2747,31,0,0.2056,6348.0,9,0,0,0,0.0,0
0.3568,30,0,0.1331,6702.0,8,0,2,0,1.0,0
0.875,67,0,0.6022,1673.0,8,0,0,0,1.0,0
0.0893,65,0,0.3971,6169.0,8,0,2,0,1.0,0
0.3279,44,0,0.9591,16417.0,9,0,1,0,0.0,0
0.2822,71,0,0.3637,3855.0,9,0,1,0,0.0,0
0.4608,61,0,0.1929,13892.0,11,0,1,0,0.0,0
0.0148,55,0,0.6257,2775.0,6,0,0,0,2.0,0
0.5038,64,0,0.6216,,4,0,0,0,3.0,0
2.5447,61,0,0.2654,4186.0,11,0,3,0,0.0,0
0.4421,54,0,0.2339,,10,0,0,0,,0
0.1029,49,0,0.2487,3405.0,14,0,2,0,0.0,0
0.8484,50,0,0.3086,13955.0,7,0,2,0,3.0,0
2.4847,29,1,0.502,1532.0,7,0,1,0,3.0,0
0.0564,41,0,0.6478,3323.0,7,0,3,0,1.0,0
0.3676,77,0,0.2148,4217.0,7,0,0,0,0.0,0
0.1027,40,0,0.2139,8191.0,6,0,0,0,,0
0.0565,26,0,0.5351,3639.0,12,0,1,0,0.0,1
0.291,65,0,0.6781,5113.0,8,0,1,0,0.0,0
0.4122,55,0,0.2484,3460.0,8,0,0,0,2.0,0
0.3459,56,0,0.9135,,12,0,0,0,0.0,0
0.1746,50,0,0.1717,4434.0,4,0,1,0,0.0,0
0.202,65,0,0.3209,21094.0,4,0,1,0,1.0,0
0.0626,73,0,0.2401,3613.0,9,0,0,0,4.0,0
0.204,45,0,0.2951,3598.0,6,0,0,0,0.0,0
0.0776,61,1,0.2827,2483.0,12,0,1,1,1.0,0
0.6305,68,0,0.5395,1958.0,10,0,0,0,2.0,0
0.4657,44,0,0.8012,1545.0,8,0,2,0,0.0,0
0.2539,73,0,0.447,3413.0,3,0,2,0,0.0,0
0.9391,68,0,0.6252,22532.0,7,0,1,0,1.0,0
0.6268,35,0,0.2065,2857.0,6,0,0,0,0.0,0
0.0607,74,0,0.6185,2564.0,7,0,0,0,0.0,0
0.5532,35,0,0.4971,,10,0,1,0,0.0,0
0.0072,42,0,0.7383,10033.0,10,0,2,0,1.0,0
0.365,62,0,0.9034,10063.0,9,0,2,0,0.0,0
1.263,67,0,0.3811,3860.0,8,0,1,0,0.0,0
0.852,53,0,0.3536,3312.0,8,0,0,0,0.0,0
0.536,43,0,0.5579,3307.0,10,0,2,0,2.0,0
0.7104,48,0,0.4177,,6,0,1,0,2.0,0
0.3426,47,0,0.2485,6143.0,5,0,1,0,0.0,0
0.0219,64,0,0.1073,2790.0,3,0,1,0,0.0,0
0.4917,46,0,0.0546,4116.0,7,0,0,0,1.0,0
0.1196,43,0,0.4804,4288.0,8,0,0,0,0.0,0
0.5786,31,0,0.4531,4848.0,14,0,0,0,1.0,0
0.4081,44,0,0.3491,6504.0,13,0,1,0,0.0,0
0.8185,50,0,0.4284,14456.0,7,0,0,0,2.0,0
0.4701,36,0,0.0689,2287.0,3,0,0,0,1.0,0
0.0907,28,0,0.3462,3831.0,8,0,0,0,2.0,0
0.7262,66,0,0.3625,4921.0,3,0,3,0,1.0,0
0.268,38,0,0.2658,,8,0,0,0,0.0,0
0.0649,34,0,0.4812,7912.0,7,0,1,0,1.0,0
0.1655,74,0,0.7965,,11,0,0,0,0.0,0
1.0579,64,0,0.4075,6330.0,11,0,0,0,1.0,0
0.3131,66,0,0.184,4189.0,10,0,1,0,1.0,0
0.3686,59,0,0.1068,6141.0,13,0,0,0,,0
0.1186,70,0,0.2644,11534.0,7,0,2,0,0.0,0
5.2549,64,0,0.5671,6041.0,7,0,2,0,0.0,0
3.4595,47,0,0.2101,2747.0,6,0,1,0,0.0,0
0.5745,37,0,0.5774,9131.0,9,0,1,0,0.0,0
0.4353,34,0,0.0531,3840.0,6,0,1,0,3.0,0
0.1178,50,0,0.5878,6658.0,10,0,3,0,1.0,0
0.0028,37,0,0.7847,6055.0,8,0,0,0,1.0,0
0.3189,41,0,0.6447,5006.0,11,0,1,0,1.0,0
5.4323,50,0,0.4411,7070.0,8,0,1,0,0.0,0
0.3372,72,0,0.5882,4847.0,2,0,2,0,3.0,0
0.0807,31,0,0.3571,1431.0,12,0,1,0,2.0,0
0.7994,52,0,0.0342,4830.0,10,0,0,0,0.0,0
4.651,34,0,0.4065,9272.0,8,0,1,0,1.0,0
0.8738,44,0,0.3516,3967.0,6,0,0,0,2.0,0
0.3821,65,0,0.0941,4000.0,4,0,2,0,1.0,0
4.9327,40,0,0.2832,11287.0,8,0,0,0,0.0,0
0.0008,48,0,0.5281,4674.0,9,0,2,0,1.0,0
1.4499,54,0,0.2527,9391.0,6,0,0,0,1.0,0
0.0438,62,0,0.4374,9419.0,7,0,1,0,1.0,0
0.6245,44,0,0.4023,5096.0,11,0,0,0,0.0,0
0.8334,70,1,0.8326,3231.0,10,0,0,2,1.0,0
0.7926,46,0,0.7024,,5,0,1,0,1.0,0
0.1934,59,0,0.9552,4297.0,8,0,0,0,0.0,0
0.1523,49,0,0.893,2778.0,10,0,1,0,1.0,0
0.4557,62,0,0.3801,12647.0,11,0,0,0,0.0,0
0.1717,80,0,0.1121,14907.0,10,0,2,0,3.0,0
0.7809,48,0,0.4701,2589.0,7,0,0,0,0.0,0
0.1289,52,0,0.5377,2687.0,5,0,0,0,0.0,0
0.2264,46,0,0.8505,,12,0,5,0,2.0,0
0.0138,44,0,0.6694,2068.0,9,0,1,0,0.0,0
0.2129,42,0,0.4778,7623.0,5,0,1,0,1.0,0
1.4283,52,0,0.3778,4694.0,8,0,1,0,1.0,0
0.0622,41,0,0.1908,2428.0,2,0,0,0,3.0,0
0.1518,42,0,0.562,,8,0,2,0,0.0,0
2.2906,21,0,0.1363,4001.0,13,0,0,0,0.0,0
0.7845,71,0,0.5289,4809.0,6,0,0,0,0.0,0
0.2074,75,0,0.8993,8153.0,11,0,0,0,1.0,0
0.4039,61,0,0.0842,,7,0,0,0,0.0,0
0.0105,40,1,0.6553,4435.0,6,0,0,0,2.0,0
1.6313,34,0,0.4442,,13,0,0,0,1.0,0
0.0549,30,0,0.0439,1016.0,9,0,1,0,0.0,0
0.1637,61,0,0.6704,,13,0,1,0,0.0,0
0.3902,70,0,0.3777,4863.0,8,0,0,0,0.0,0
0.3083,54,0,0.4195,,10,0,0,0,0.0,0
0.7707,64,0,0.4302,11285.0,5,0,0,0,2.0,0
0.0771,58,0,0.3454,4397.0,4,0,3,0,0.0,0
0.44,41,0,0.32,3277.0,7,0,3,0,1.0,0
0.4432,66,0,0.5405,,10,0,1,0,0.0,1
0.1791,65,0,0.2992,11759.0,5,0,1,0,0.0,0
0.4431,38,0,0.3585,,5,0,1,0,0.0,0
0.2198,63,0,0.173,4589.0,10,0,2,0,1.0,0
0.1588,50,0,0.5786,15933.0,7,0,1,0,3.0,0
0.6149,48,0,0.2732,4743.0,8,0,0,0,1.0,0
0.5825,57,0,0.2034,6329.0,8,0,0,0,0.0,0
0.8394,57,1,0.4198,3775.0,7,0,0,0,1.0,0
0.3939,64,0,1.3121,6681.0,15,0,0,0,2.0,0
0.2422,40,0,0.0418,6424.0,9,0,3,0,0.0,0
0.4238,60,0,0.027,1739.0,8,0,2,0,0.0,0
0.0061,36,0,0.5377,9487.0,6,0,1,0,0.0,0
0.0062,49,0,0.6982,,9,0,0,0,1.0,0
4.7184,50,0,0.1229,2978.0,11,0,1,0,0.0,0
0.4039,66,0,0.1608,5442.0,6,0,0,0,0.0,0
0.326,52,1,0.5689,5716.0,10,0,1,3,0.0,0
0.2471,48,0,0.7195,3258.0,16,0,2,0,1.0,0
0.4623,72,0,0.5727,12356.0,12,0,0,0,1.0,0
0.0021,46,0,0.4762,3965.0,3,0,0,0,2.0,0
0.1457,45,0,0.3712,2374.0,6,0,1,0,0.0,0
0.0928,26,0,0.2003,3171.0,16,0,0,0,0.0,0
1.142,49,3,0.7604,,5,0,0,0,4.0,0
0.3516,39,0,0.4454,9431.0,3,0,0,0,3.0,0
0.2536,48,0,0.6537,,17,0,3,0,0.0,0
0.1271,55,0,0.4478,19749.0,11,0,1,0,0.0,0
0.4146,37,0,0.8107,5194.0,5,0,1,0,1.0,0
0.5031,40,0,0.1521,8281.0,11,0,0,0,0.0,0
0.2179,30,0,0.8701,,7,0,0,0,0.0,0
0.0961,45,0,0.3218,6549.0,7,0,1,0,1.0,1
0.0997,39,0,0.4077,12239.0,15,0,1,0,1.0,0
0.7017,82,0,0.6976,,4,0,2,0,0.0,0
0.5683,73,0,0.6602,,7,0,1,0,0.0,0
0.1926,71,0,0.9134,2547.0,5,0,0,0,0.0,0
1.0447,34,0,0.1916,4238.0,5,0,1,0,1.0,0
1.3673,50,0,0.4504,4761.0,10,0,1,0,1.0,0
0.5777,35,0,0.3338,,7,0,0,0,3.0,0
0.4532,78,0,0.1838,4665.0,9,0,0,0,0.0,1
0.2686,64,0,1.4879,28757.0,9,0,0,0,0.0,0
0.0946,37,0,0.2581,9171.0,6,1,0,0,2.0,0
0.6498,57,0,0.394,5165.0,5,0,2,0,1.0,0
0.0779,31,0,0.1216,8456.0,7,0,2,0,0.0,0
0.4005,50,1,0.4215,4161.0,10,0,0,0,0.0,0
0.1628,50,0,0.8705,,6,0,1,0,1.0,0
0.7709,62,0,0.4438,,6,0,1,0,1.0,0
0.3806,66,0,0.4311,5397.0,4,0,2,0,0.0,0
0.3957,52,0,0.7191,5261.0,10,0,0,0,1.0,0
0.278,49,0,0.504,7552.0,6,0,0,0,0.0,0
0.0823,21,0,0.8012,8060.0,9,0,2,0,2.0,0
0.163,74,0,0.5262,,6,0,0,0,0.0,0
0.7604,43,0,0.767,6431.0,5,1,1,1,0.0,0
1.0039,53,0,0.4602,,10,0,0,0,1.0,1
0.7946,84,0,0.6926,,7,0,2,0,1.0,1
0.1314,35,1,0.0709,4210.0,7,0,1,0,2.0,0
0.077,52,0,0.9214,1997.0,9,0,3,0,3.0,0
0.5035,59,0,0.5649,4423.0,7,0,2,0,1.0,0
0.2254,67,0,0.5164,2189.0,10,0,2,0,1.0,0
0.3661,52,0,0.4501,,6,0,2,0,2.0,0
1.6848,68,0,0.3188,7494.0,5,0,0,0,1.0,0
0.024,46,0,0.374,10861.0,9,0,2,0,0.0,0
0.2006,60,0,0.3395,,3,0,0,0,0.0,0
1.5307,58,0,0.6861,5863.0,10,0,1,0,1.0,0
0.2662,51,0,0.5167,4767.0,6,0,0,0,1.0,0
0.2471,57,0,0.4549,11638.0,8,0,2,0,1.0,1
0.5148,40,0,0.3579,,9,0,2,0,,0
2.6116,48,0,0.2669,5912.0,4,0,0,0,1.0,0
0.1873,34,0,0.2715,4227.0,6,0,1,0,0.0,0
0.4516,46,0,0.7157,5826.0,11,0,1,0,0.0,0
0.4762,68,0,0.1713,2647.0,7,0,1,0,1.0,0
0.4134,58,0,0.3449,6116.0,5,0,2,0,1.0,0
0.3275,56,1,0.9005,8078.0,10,0,0,0,0.0,0
0.4148,30,0,0.4028,3080.0,6,0,3,0,2.0,0
0.1852,56,0,0.3437,4554.0,8,0,1,0,0.0,0
3.2647,51,0,0.3276,6227.0,7,0,1,0,1.0,0
0.2705,60,0,0.6515,4854.0,4,0,2,0,1.0,0
0.2335,71,0,0.3772,3684.0,7,0,1,0,0.0,0
0.1666,46,0,0.1569,3173.0,8,0,0,0,1.0,0
0.5696,48,0,0.24,10611.0,11,0,1,0,2.0,0
0.0972,65,0,0.9978,2679.0,8,0,1,0,0.0,0
0.102,44,0,0.2531,3667.0,7,0,0,0,1.0,0
0.5381,53,0,0.3063,2876.0,11,0,1,0,0.0,0
1.9415,24,0,0.7399,4961.0,9,0,0,0,0.0,0
0.7352,48,2,0.9246,4220.0,7,0,1,0,,1
1.1963,70,0,0.1761,4154.0,12,0,2,0,1.0,0
0.0358,57,0,0.2616,12657.0,9,0,2,0,0.0,0
0.3926,65,1,0.5969,6856.0,3,3,0,0,1.0,0
0.7467,65,0,0.3888,3603.0,11,0,0,0,0.0,0
0.0202,71,0,0.6321,6678.0,7,0,2,0,0.0,0
0.0354,47,0,0.2607,1827.0,9,0,0,0,1.0,0
0.1753,65,0,0.7169,5603.0,10,0,4,0,0.0,0
0.6483,83,0,0.8456,3921.0,4,0,0,0,0.0,0
1.6231,52,0,0.4688,1921.0,7,0,0,0,0.0,0
1.2014,34,0,0.5254,,9,0,0,0,0.0,0
0.0206,44,0,1.3039,13725.0,10,0,1,0,2.0,0
0.7426,59,0,0.4014,,11,0,1,0,2.0,0
0.2779,29,0,0.2813,2846.0,13,0,0,0,0.0,0
0.3459,41,0,0.2506,5982.0,11,0,2,0,0.0,0
0.168,47,0,0.5456,,8,0,2,0,4.0,0
1.7113,54,0,0.0731,5135.0,11,0,1,0,1.0,0
0.6469,77,0,0.5198,,9,0,5,0,5.0,1
0.6444,62,0,0.347,,9,0,1,0,1.0,0
1.0607,36,0,0.3817,,4,0,0,0,1.0,0
0.845,95,0,0.4081,6466.0,9,0,2,0,0.0,1
0.774,52,0,0.3665,4179.0,8,0,0,0,1.0,0
0.3371,28,0,0.5774,,10,0,0,0,0.0,0
0.0375,37,0,0.6439,,11,0,0,0,1.0,0
4.3591,38,0,0.997,,6,0,1,0,0.0,0
0.345,33,0,0.8041,7628.0,7,0,0,0,0.0,0
0.7258,59,0,0.5704,4006.0,2,0,1,0,0.0,0
0.006,21,0,0.4001,3654.0,10,0,0,0,1.0,0
0.5448,66,0,0.1008,5897.0,5,0,1,0,0.0,0
0.1639,63,0,0.2749,1719.0,5,0,1,0,0.0,0
0.2223,46,0,0.3761,1316.0,7,0,0,0,0.0,0
1.5416,65,0,0.1491,3093.0,10,0,1,0,1.0,0
0.3688,37,0,0.3607,2620.0,7,0,1,0,2.0,0
0.6787,40,1,0.2462,,12,0,1,0,0.0,0
0.4393,60,0,0.1789,4656.0,7,0,0,0,1.0,0
0.1849,49,0,0.3282,5949.0,6,0,0,0,2.0,0
0.6521,43,0,0.7549,3886.0,8,0,1,0,0.0,0
2.3845,50,0,0.0291,6614.0,4,0,0,0,2.0,0
0.6897,70,0,0.5746,,10,0,0,0,0.0,1
0.3325,70,0,1.0003,5438.0,6,0,1,0,0.0,0
0.1978,58,0,0.7754,5145.0,7,0,2,0,1.0,0
4.0958,47,0,0.7218,9903.0,5,0,3,0,1.0,0
0.8173,59,0,0.8361,,15,0,1,1,2.0,0
0.0936,40,0,1.2064,1588.0,8,0,1,0,,0
0.2421,68,0,0.2868,1366.0,6,0,1,0,0.0,0
0.0193,65,0,0.2363,6552.0,10,0,2,0,1.0,0
1.1917,79,0,0.4306,,4,0,0,0,1.0,0
0.6952,41,0,0.2598,,10,0,2,0,0.0,0
0.0202,39,0,0.5546,6101.0,3,0,2,0,3.0,0
0.1429,60,0,1.2237,4642.0,6,0,1,0,4.0,0
0.1881,48,0,0.2518,2664.0,4,0,1,0,2.0,0
0.1721,66,0,0.8978,3020.0,9,0,2,0,0.0,0
0.1786,70,0,0.7581,1927.0,9,0,2,0,2.0,0
0.2659,76,0,0.3251,18012.0,6,0,0,0,4.0,0
0.5815,53,0,0.8316,12305.0,11,0,0,0,1.0,0
0.2892,64,0,0.1349,,8,0,1,0,0.0,0
0.7987,45,0,0.3901,2374.0,15,0,0,0,0.0,0
0.2648,55,0,0.8376,2792.0,6,0,1,0,0.0,0
0.1241,51,0,0.9774,2897.0,13,0,2,0,1.0,0
0.0414,51,0,0.0834,11498.0,10,0,1,0,1.0,0
0.2372,78,0,0.5828,5651.0,8,0,0,0,1.0,0
4.5541,33,0,0.7124,6396.0,9,0,1,0,3.0,0
0.2442,52,0,0.5342,4449.0,11,0,0,0,0.0,0
2.3938,53,0,0.3781,2580.0,7,0,0,0,0.0,0
0.238,61,0,0.3035,4684.0,14,0,1,0,0.0,0
0.7484,37,0,0.9975,4246.0,6,0,0,0,0.0,0
1.6194,48,0,0.5226,2126.0,8,1,0,0,1.0,0
0.3406,44,1,0.6356,2067.0,12,0,0,0,1.0,0
0.7174,21,0,0.4119,3869.0,4,0,1,0,0.0,0
0.251,68,0,0.8594,8054.0,7,0,1,0,2.0,0
4.1125,31,0,0.7786,7196.0,9,0,1,0,1.0,0
0.5415,30,0,0.2487,7628.0,9,0,1,0,0.0,0
8.4636,65,0,0.7027,16840.0,5,0,2,0,1.0,0
0.4402,47,0,0.2065,20136.0,11,0,1,0,1.0,0
0.3698,48,0,0.5962,6020.0,6,0,0,0,2.0,0
0.1581,48,0,0.6822,2763.0,9,0,2,0,2.0,0
0.5372,67,0,0.416,4681.0,9,0,0,0,0.0,0
0.414,44,0,1.1042,3940.0,4,0,2,0,1.0,0
0.8369,60,0,0.0717,2030.0,17,0,1,0,2.0,0
2.6362,36,0,0.2682,8249.0,4,0,1,0,0.0,0
0.2906,57,0,0.8955,3798.0,13,0,3,0,0.0,0
0.1034,65,0,1.0155,10844.0,11,0,0,0,1.0,0
0.2689,72,0,0.4538,,10,0,2,0,1.0,0
0.9081,30,0,0.6282,3102.0,6,0,2,0,0.0,0
0.2796,48,0,0.9444,2265.0,5,0,1,0,1.0,0
0.3878,74,0,0.1669,4585.0,6,0,4,0,1.0,0
1.625,65,0,0.9935,3236.0,12,0,0,0,0.0,0
0.0795,49,0,0.6149,,6,0,1,0,1.0,0
0.9263,52,0,0.2815,,6,0,0,0,0.0,0
0.7923,56,0,0.5665,,8,0,1,0,2.0,0
0.3471,47,0,0.5012,6140.0,9,0,2,0,0.0,0
0.4745,60,0,0.189,2265.0,4,0,2,0,1.0,0
0.2571,59,0,0.6508,8778.0,7,0,0,0,1.0,0
0.048,36,0,0.2582,11646.0,6,0,0,0,0.0,0
0.0261,45,0,0.4768,4601.0,5,0,3,0,0.0,0
0.4586,46,0,0.5446,4922.0,5,0,2,0,0.0,0
2.7722,48,0,0.1681,14427.0,14,0,1,0,0.0,0
0.1953,56,0,0.5425,7929.0,3,0,1,0,1.0,0
0.6495,55,0,0.5033,,6,0,1,0,0.0,0
0.0683,42,0,0.4845,,8,0,2,0,0.0,0
3.6451,71,0,0.7637,5571.0,2,0,0,0,1.0,0
0.0791,52,0,0.1316,,9,0,0,0,0.0,0
0.4063,72,0,0.2148,,10,0,0,0,1.0,0
0.3363,72,0,0.1811,3963.0,10,0,0,0,,0
4.8461,37,0,0.5421,3952.0,7,0,0,0,2.0,1
0.2901,45,0,0.5471,835.0,16,0,2,0,2.0,0
0.1254,46,0,0.5074,8046.0,4,0,1,0,0.0,0
0.4308,56,0,1.183,,10,0,0,0,1.0,0
0.0082,62,0,0.4366,7089.0,11,0,0,0,2.0,0
0.2354,54,0,0.5962,2385.0,13,0,1,0,2.0,0
0.4632,44,0,0.4802,6142.0,6,0,2,0,0.0,0
0.3807,75,0,0.3984,,9,0,0,0,0.0,0
0.4759,46,0,0.5376,4150.0,13,0,1,0,3.0,0
0.3025,62,0,0.8338,2820.0,11,0,0,0,3.0,0
0.454,51,0,0.5124,,4,0,1,0,0.0,1
4.9167,51,1,0.2642,13040.0,8,0,2,0,0.0,0
1.0812,61,0,0.1765,6470.0,5,0,1,0,0.0,0
0.2691,74,0,0.6268,5296.0,5,0,0,0,2.0,0
0.5051,56,0,0.5869,,7,0,2,0,0.0,1
0.6896,45,0,0.6254,4667.0,6,0,5,0,0.0,0
0.5766,73,0,0.982,,9,0,0,0,1.0,1
5.4496,59,0,0.3757,5350.0,10,0,2,0,2.0,0
0.2104,54,0,0.541,,12,0,3,0,1.0,0
0.3357,66,0,0.1926,11963.0,8,0,0,0,0.0,0
0.6256,57,0,0.1893,3983.0,3,0,0,0,0.0,0
0.8158,86,0,0.1629,5310.0,11,0,0,0,1.0,0
0.4181,52,0,0.2795,2660.0,5,0,3,0,0.0,0
0.3735,68,0,0.351,,9,0,1,0,0.0,0
0.5663,58,0,0.2398,9943.0,10,0,1,0,0.0,0
0.6173,58,0,0.4001,6175.0,11,0,0,0,0.0,0
0.8516,47,0,0.3244,7102.0,5,0,1,0,0.0,0
0.1143,47,0,0.58,6971.0,12,0,1,0,0.0,0
3.693,59,0,0.9629,,12,0,0,0,1.0,1
3.6983,40,0,0.4448,3266.0,11,0,2,0,0.0,0
0.0853,44,0,0.224,14415.0,2,0,0,0,1.0,0
0.6215,52,0,0.4689,2582.0,9,0,0,0,1.0,0
0.593,69,0,1.0844,,12,0,1,0,0.0,1
0.0424,53,0,0.5553,3131.0,2,0,2,0,2.0,0
0.9506,53,0,0.1709,,8,0,0,0,1.0,0
0.204,37,0,0.7609,6508.0,8,0,0,0,1.0,0
1.1928,76,0,0.0827,8998.0,6,0,0,0,1.0,0
0.7862,67,0,0.2133,,8,0,4,0,1.0,0
0.2158,69,0,0.5082,17623.0,10,0,2,0,1.0,0
0.2406,32,0,0.2239,1484.0,8,0,0,0,0.0,0
0.6347,57,0,0.7098,,10,0,3,0,1.0,0
6.5742,39,0,0.5045,16076.0,6,0,1,0,0.0,0
0.151,63,1,0.3077,5394.0,12,0,0,0,0.0,0
0.1671,57,0,0.3427,3968.0,7,0,1,0,1.0,0
0.9766,59,0,0.6663,13432.0,7,0,4,0,2.0,1
0.7924,42,0,0.9753,5561.0,7,0,1,0,0.0,0
0.2037,37,0,0.2824,1474.0,7,0,0,0,0.0,0
0.3051,43,1,0.6777,4670.0,16,1,1,0,1.0,0
0.8922,56,0,0.2997,2776.0,5,0,2,0,0.0,0
0.7135,49,0,0.3811,4473.0,13,0,1,0,1.0,0
0.9446,56,0,0.7648,3764.0,1,0,3,0,0.0,0
0.1702,38,0,0.6739,8308.0,7,0,1,0,1.0,0
0.3326,52,0,0.7719,3789.0,6,0,0,0,1.0,0
0.4868,72,0,0.032,10729.0,7,0,1,0,0.0,1
0.5496,57,0,0.6603,1924.0,8,0,2,0,0.0,0
4.392,58,0,0.6962,4468.0,6,0,1,0,1.0,0
0.7908,58,0,0.497,5417.0,7,0,0,0,1.0,0
5.0744,45,0,0.2113,5518.0,13,0,2,0,1.0,0
0.6258,75,0,0.3628,6010.0,7,0,1,0,1.0,0
2.2237,57,0,0.5289,3673.0,1,0,1,0,1.0,0
0.1398,54,0,0.3513,5076.0,10,0,0,0,2.0,0
0.3238,62,0,0.5804,4844.0,10,0,1,0,1.0,0
0.2649,65,0,0.067,4130.0,9,0,1,0,0.0,0
0.5488,35,0,0.4039,1942.0,13,0,1,0,3.0,0
0.0247,53,0,0.7609,4194.0,9,0,0,0,0.0,0
0.4865,83,0,0.9347,5828.0,11,0,4,0,0.0,0
0.8168,75,0,0.4771,9208.0,8,0,2,0,1.0,0
4.8794,51,0,0.1659,10376.0,11,0,0,0,3.0,0
0.2887,62,0,0.2111,3786.0,8,0,0,0,0.0,0
0.0796,47,0,0.5592,3215.0,13,0,0,0,3.0,0
13.3299,57,0,0.4298,8214.0,6,0,1,0,0.0,0
0.1316,46,0,0.3389,,8,0,1,0,1.0,0
0.0473,45,0,0.5073,,8,0,3,0,1.0,0
0.3758,44,0,0.4081,2548.0,5,0,0,0,1.0,0
0.0288,76,0,0.2067,1985.0,14,0,0,0,1.0,0
0.068,45,0,0.3919,12713.0,4,0,1,0,0.0,0
0.6522,68,0,0.4556,8260.0,7,0,1,0,0.0,0
0.3546,46,0,0.2522,7484.0,9,0,1,0,1.0,0
0.0156,44,0,0.1762,5208.0,8,0,0,0,1.0,0
0.3695,57,0,0.5005,1648.0,7,0,1,0,0.0,0
0.8641,34,0,0.1208,19417.0,2,0,1,0,0.0,1
0.9804,61,0,0.8147,5232.0,8,0,4,0,1.0,0
0.7456,50,0,0.5743,5419.0,11,0,0,0,1.0,0
0.7738,44,0,1.1468,18352.0,8,0,1,0,0.0,0
0.7365,41,0,0.6526,,8,0,2,0,1.0,0
3.4337,80,0,0.2727,10214.0,3,0,1,0,1.0,0
0.9252,52,0,0.6755,7500.0,10,0,1,0,1.0,0
0.3973,51,0,0.2849,5491.0,3,0,1,0,1.0,0
0.0686,64,0,0.2921,4362.0,12,0,0,0,0.0,0
1.7087,40,0,0.3618,4808.0,12,0,0,0,1.0,0
1.7184,68,0,0.3588,5447.0,9,0,1,0,0.0,0
0.5023,51,0,0.4826,,5,0,0,0,0.0,0
0.3996,33,0,0.6125,6298.0,6,0,1,0,2.0,0
0.0205,45,0,0.4095,3965.0,6,0,1,0,0.0,0
0.3845,37,0,0.0406,9748.0,9,0,2,0,0.0,0
1.008,53,1,0.6786,1664.0,8,0,1,0,1.0,0
0.4965,41,0,0.2933,10084.0,12,0,1,0,3.0,0
1.8315,39,0,0.2233,,5,0,0,0,1.0,0
0.321,56,0,0.8325,4994.0,9,0,2,0,0.0,0
0.1928,53,0,0.1331,3713.0,7,0,0,0,0.0,0
0.5531,69,0,0.2641,2532.0,8,0,1,0,0.0,0
0.2526,68,0,0.5918,8539.0,10,0,0,0,1.0,0
0.2351,53,0,0.6864,6856.0,7,0,2,0,1.0,0
0.4772,59,0,0.5421,6644.0,12,0,2,0,0.0,0
0.3757,32,0,0.5298,,16,0,0,0,1.0,0
0.6855,62,0,0.3466,4158.0,8,0,1,0,1.0,0
0.0285,58,0,0.5147,13224.0,8,0,0,0,1.0,0
0.1014,65,0,0.3267,3450.0,13,0,4,0,0.0,0
0.0108,48,0,0.3961,4029.0,8,0,2,0,3.0,0
0.0286,48,0,0.1463,6432.0,10,0,2,0,0.0,0
0.1948,48,0,0.8992,7102.0,8,0,0,0,,0
9.0098,72,0,0.6053,,7,0,0,0,2.0,0
0.5955,56,0,0.3434,2407.0,8,0,2,0,0.0,0
0.617,31,0,0.4827,9926.0,7,0,2,0,0.0,0
0.3973,61,0,0.1832,4726.0,13,0,1,0,0.0,0
0.0269,46,0,0.1867,,8,0,0,0,2.0,0
0.2057,67,0,0.8619,2285.0,10,0,0,0,0.0,0
0.6101,60,0,0.0765,7343.0,10,0,0,0,2.0,0
0.2657,69,0,0.7816,4502.0,7,0,2,0,1.0,0
0.8398,67,0,0.2036,,11,0,1,0,0.0,0
0.1843,65,0,0.3421,2995.0,1,0,1,0,0.0,0
1.0916,68,0,0.0472,6943.0,5,0,1,0,0.0,0
0.3929,63,0,0.2034,5380.0,11,0,0,0,0.0,0
0.0926,42,0,0.189,,10,0,0,0,2.0,0
0.1484,36,0,0.4235,5736.0,9,0,2,0,0.0,0
0.7162,40,0,0.0715,2061.0,6,0,1,0,0.0,0
0.0675,62,0,0.8605,4380.0,12,0,1,0,,0
0.3918,21,0,0.1942,4994.0,11,0,0,0,0.0,0
0.5628,52,2,0.5192,,3,0,0,1,0.0,0
0.3836,48,0,0.4663,,10,0,0,0,0.0,0
0.7296,69,0,0.4215,7915.0,12,0,0,0,1.0,1
0.1728,50,0,0.2891,6245.0,7,0,1,0,0.0,0
1.3485,47,0,0.5847,4693.0,13,0,1,0,2.0,0
0.5112,70,0,0.5924,7871.0,11,0,2,0,1.0,0
0.6447,51,0,0.1214,2981.0,7,0,2,0,0.0,0
0.2614,48,0,0.5213,2090.0,5,0,0,0,0.0,0
0.2053,45,0,0.5706,4641.0,5,0,2,0,0.0,0
0.1248,56,0,0.5111,6259.0,7,0,0,0,1.0,0
0.34,47,0,0.2403,4884.0,9,0,0,0,0.0,0
0.1184,47,0,0.2166,1944.0,7,0,2,0,1.0,0
0.2121,72,0,0.3138,,4,0,0,0,0.0,0
0.6142,53,1,0.5808,7039.0,2,0,2,0,1.0,0
2.2239,46,0,0.506,6069.0,4,0,2,0,0.0,0
1.4709,38,0,0.9788,4856.0,10,0,2,0,1.0,0
0.2091,55,0,0.4291,12895.0,7,0,0,0,0.0,0
0.2834,44,0,0.5544,8205.0,11,0,1,0,2.0,0
0.0689,47,0,0.2303,,13,0,2,0,0.0,0
0.6152,40,0,0.5311,9719.0,7,0,0,0,2.0,0
0.4832,55,0,0.5611,3374.0,10,0,1,0,0.0,1
0.8265,34,0,0.2918,,8,0,2,0,3.0,0
0.2014,58,0,0.4889,7422.0,10,0,1,0,0.0,0
0.3727,44,0,0.9812,,7,0,3,0,2.0,0
1.1933,62,0,0.3122,3620.0,9,0,2,0,0.0,0
0.5369,59,0,0.9584,,10,0,1,0,0.0,0
3.3745,53,0,0.3533,,9,0,0,0,1.0,0
0.0146,64,0,0.9696,,14,0,2,0,0.0,0
0.0898,74,0,0.4718,8770.0,11,0,0,0,0.0,0
0.1786,70,0,0.2442,2854.0,10,0,2,0,0.0,0
0.4044,34,0,0.4161,3217.0,13,0,0,0,0.0,0
0.1082,44,0,0.7281,,8,0,3,0,0.0,0
0.0716,45,0,0.0972,2223.0,7,0,2,0,1.0,0
0.189,61,0,0.4686,,5,0,1,0,1.0,0
0.4387,45,0,0.265,,9,0,1,0,2.0,0
0.0825,44,0,0.1291,4094.0,12,0,0,0,0.0,0
2.9381,42,0,0.494,,13,0,1,0,0.0,0
0.0215,56,0,0.955,9412.0,10,0,0,0,2.0,0
0.809,61,0,0.4936,5327.0,6,0,0,0,1.0,0
0.8365,35,0,0.3543,9397.0,5,0,1,0,1.0,0
0.1769,45,0,0.5589,,7,0,1,0,1.0,0
2.8268,25,3,0.2667,18169.0,6,0,1,3,0.0,0
0.4024,21,0,0.853,2742.0,7,0,1,0,0.0,0
0.349,59,0,0.5616,,12,0,0,0,2.0,0
0.5813,56,0,0.22,,8,0,0,0,,0
3.6929,54,0,0.4536,19666.0,6,0,0,0,2.0,0
0.379,74,0,0.426,,4,0,0,0,2.0,0
0.4538,29,0,0.7226,8004.0,9,0,0,0,0.0,0
0.1612,23,0,1.0687,5783.0,11,0,1,0,0.0,0
0.7036,36,0,0.3314,981.0,9,0,1,0,0.0,0
0.7379,22,0,0.2765,,10,0,0,0,0.0,1
0.1449,43,0,0.2418,5442.0,9,0,1,0,1.0,0
0.6341,60,0,0.0442,3568.0,6,0,1,0,1.0,0
5.2613,56,0,0.137,6430.0,7,0,0,1,1.0,0
0.5657,66,0,0.7669,4469.0,12,0,0,0,0.0,0
0.6435,57,0,0.5288,4872.0,6,0,1,0,1.0,0
0.2157,46,0,0.5572,6026.0,13,0,0,0,1.0,0
2.0804,45,0,0.2514,13237.0,6,0,2,0,0.0,0
0.3089,58,0,0.3686,,11,0,1,0,0.0,0
0.4765,31,0,0.2788,13403.0,11,0,0,0,0.0,0
0.3408,21,0,0.8294,7826.0,6,0,0,0,3.0,0
0.2531,57,0,0.4262,4962.0,6,0,1,0,0.0,0
0.61,55,0,0.208,,12,0,0,0,0.0,0
0.496,74,0,0.5165,2081.0,8,0,0,0,0.0,1
0.0699,62,0,0.3918,7427.0,15,0,0,0,1.0,0
0.0054,56,0,0.1765,17121.0,3,0,0,0,0.0,0
0.2886,48,2,0.5347,9675.0,9,0,0,0,0.0,0
0.1689,41,0,0.7476,12524.0,6,0,2,0,1.0,0
0.3926,48,0,0.274,2642.0,4,0,2,0,0.0,0
0.266,65,0,0.4843,9352.0,8,0,1,0,0.0,0
0.7486,58,0,0.7466,2406.0,11,0,2,0,0.0,0
0.1612,65,0,0.1323,,10,0,0,0,1.0,0
2.0404,53,0,0.4708,,6,0,1,0,,0
1.1274,39,0,0.1021,,5,0,0,0,0.0,0
1.0986,68,0,0.1928,5450.0,9,0,0,0,1.0,0
0.3333,67,0,1.071,8861.0,5,0,0,0,0.0,0
0.1857,55,0,0.2166,5256.0,11,0,0,0,2.0,0
0.3082,60,0,1.152,2962.0,7,0,0,0,,0
0.6207,59,0,0.4322,10144.0,8,0,2,0,0.0,0
0.6262,45,0,0.5937,3478.0,13,0,0,0,1.0,0
0.7597,48,0,0.3343,16974.0,7,0,0,0,0.0,0
0.03,39,0,0.2766,3716.0,9,0,2,0,1.0,0
0.2703,48,0,1.0856,5137.0,6,0,1,0,1.0,0
0.2392,66,0,0.7105,7229.0,9,0,2,0,0.0,0
0.721,64,1,0.9042,2430.0,8,0,1,1,0.0,0
0.0266,60,0,0.5816,9337.0,7,0,1,0,1.0,0
1.3228,65,2,0.9353,,9,0,0,1,0.0,0
0.0397,47,0,1.2056,6407.0,9,0,1,0,0.0,0
2.5485,36,0,0.4252,,11,0,2,0,0.0,0
0.4933,50,0,0.2868,3315.0,8,0,1,0,2.0,0
0.1333,51,0,0.1095,3639.0,5,0,1,0,1.0,0
0.4069,61,0,0.5101,3168.0,10,0,1,0,1.0,0
6.3774,59,0,0.1869,,10,0,0,0,0.0,0
0.1929,66,0,0.2881,1135.0,12,0,1,0,1.0,0
0.4094,24,0,0.5342,2469.0,6,0,0,0,1.0,0
2.5588,41,0,0.4055,5892.0,7,0,1,0,0.0,0
0.9098,51,0,0.3401,11433.0,6,0,1,0,0.0,0
0.2983,59,0,0.1377,5553.0,8,0,1,0,0.0,0
0.9887,81,0,0.538,4546.0,8,0,1,0,1.0,1
2.2881,38,0,0.3348,10659.0,10,0,0,0,0.0,0
0.2141,42,0,0.1071,4273.0,6,0,0,0,0.0,0
0.5019,46,0,0.4877,2813.0,13,0,0,0,0.0,0
2.2016,42,2,0.2411,4507.0,10,0,2,0,0.0,0
0.8013,40,0,0.4217,6950.0,5,0,1,0,1.0,0
0.4232,53,0,0.1157,8312.0,10,0,3,0,2.0,0
0.7009,66,0,0.5065,20708.0,13,0,1,0,1.0,0
0.244,54,0,0.6683,2713.0,10,0,1,0,0.0,0
0.9179,40,0,0.4305,4994.0,8,0,2,0,1.0,0
0.9338,49,0,0.1857,9058.0,8,0,2,0,0.0,0
3.557,37,0,0.7072,2812.0,7,0,1,0,0.0,0
0.2273,66,0,0.5724,3320.0,5,0,1,0,2.0,0
0.5956,73,0,0.4437,4058.0,8,0,0,0,0.0,0
0.0116,30,0,0.6067,5683.0,13,0,1,0,1.0,0
2.871,55,0,0.305,3320.0,5,0,0,0,1.0,0
0.3918,41,0,0.23,,7,0,0,0,0.0,0
0.2472,53,0,0.4677,,8,0,2,1,0.0,0
0.1538,51,0,0.4288,5854.0,5,0,1,0,0.0,0
0.378,33,0,0.7183,6039.0,7,0,0,0,2.0,0
0.1943,69,0,0.2407,9677.0,9,0,1,0,0.0,1
4.6351,50,0,0.5628,,8,0,2,0,3.0,0
0.0363,45,0,0.4208,,10,0,2,0,,0
0.3286,54,0,1.0126,5906.0,4,0,3,0,1.0,0
0.3753,40,0,0.7601,2322.0,10,0,0,0,2.0,0
0.0995,49,0,0.5159,6484.0,9,0,4,0,0.0,0
0.8824,26,0,0.6467,1831.0,10,0,0,0,0.0,0
0.562,21,0,0.0299,3703.0,5,0,1,0,1.0,0
0.2121,38,0,0.732,2895.0,3,0,1,0,2.0,0
0.094,45,1,0.323,7162.0,9,0,0,0,1.0,0
0.0892,27,0,0.9083,4629.0,11,0,2,0,1.0,0
2.4351,45,0,0.3732,2883.0,6,0,1,0,0.0,0
0.7871,45,0,0.5097,4402.0,8,0,1,0,0.0,0
0.1624,51,0,0.5302,10481.0,9,0,2,0,1.0,0
0.4748,61,0,0.7673,4536.0,10,0,1,0,0.0,0
6.0268,76,0,0.4167,11428.0,10,0,1,0,0.0,0
0.804,58,0,0.1195,,8,0,0,0,0.0,0
0.7753,38,0,0.6434,4401.0,6,0,0,0,0.0,0
0.2505,61,0,0.5134,1695.0,6,0,1,0,1.0,0
0.6891,72,0,0.4999,4199.0,8,0,0,0,0.0,0
0.6572,36,0,0.4332,8526.0,4,0,3,0,1.0,0
7.3843,37,0,0.8497,,8,0,0,0,0.0,0
0.0981,32,0,0.3201,2934.0,5,0,2,0,0.0,0
0.144,44,0,1.261,3033.0,6,0,0,0,0.0,0
0.9947,57,0,0.0491,,5,0,2,0,1.0,0
0.5359,73,0,0.738,,10,0,0,0,1.0,1
0.735,64,0,0.6429,16990.0,5,0,0,0,2.0,0
0.2143,57,0,0.5564,17585.0,4,0,0,0,0.0,0
6.7205,53,0,0.1221,6306.0,8,0,0,0,0.0,0
0.4686,57,0,0.2641,7253.0,4,0,0,0,0.0,0
0.3253,58,0,0.7805,5129.0,11,0,0,0,0.0,0
0.1884,70,0,0.6496,2130.0,9,0,0,0,0.0,0
0.4475,52,0,0.4994,3623.0,6,0,1,0,1.0,1
0.0161,56,0,0.8577,21709.0,7,0,0,0,0.0,0
0.348,46,0,0.012,1192.0,11,0,0,0,1.0,0
0.199,54,0,1.0951,6274.0,10,0,1,0,2.0,0
2.1988,48,0,0.4172,5686.0,7,0,2,0,1.0,1
0.1168,35,0,1.5514,,7,0,1,0,0.0,0
0.6159,64,0,0.3537,,3,0,3,0,0.0,0
0.1856,73,0,1.0148,9751.0,11,0,1,0,0.0,0
0.2998,51,0,0.395,7601.0,6,0,2,0,1.0,0
0.0122,57,0,0.7071,9126.0,5,0,1,0,1.0,0
0.5295,64,0,0.6177,14769.0,11,0,1,0,2.0,0
0.466,50,0,1.2543,4285.0,4,0,2,0,1.0,0
0.3758,55,0,0.8687,3581.0,9,0,0,0,0.0,0
0.6605,49,0,0.2371,6172.0,15,0,1,0,0.0,0
0.0918,44,0,0.5914,2738.0,13,0,1,0,0.0,0
0.8168,59,1,0.1614,4241.0,9,0,2,0,2.0,0
0.4578,59,0,0.8933,9121.0,15,0,1,0,0.0,0
0.1461,65,0,0.567,2763.0,9,0,0,0,0.0,0
4.1308,52,0,0.4964,4719.0,10,0,1,0,1.0,0
0.4504,35,0,0.525,6449.0,9,0,0,0,1.0,0
0.0069,68,0,0.4183,,10,0,2,0,0.0,0
0.4835,42,0,0.3522,9773.0,13,0,1,0,1.0,0
0.4528,41,0,0.8844,4459.0,8,0,2,0,2.0,0
0.2208,45,0,0.2522,6190.0,8,0,3,0,,0
0.3249,28,0,0.4105,1975.0,8,0,0,0,1.0,0
0.105,49,0,0.5795,3832.0,5,0,1,0,1.0,0
0.3716,61,0,0.3768,3939.0,9,0,0,0,0.0,0
0.6525,46,0,0.4233,6724.0,9,0,1,0,2.0,0
0.5336,71,0,0.7144,,5,0,1,0,0.0,0
0.0467,70,0,0.3006,10724.0,8,0,0,0,3.0,0
0.1203,64,0,0.2064,5977.0,11,0,1,0,1.0,0
0.335,25,0,0.373,4163.0,5,0,2,0,0.0,0
0.7169,72,0,0.2432,10770.0,7,0,0,0,1.0,0
0.3093,49,0,0.3894,5786.0,7,0,0,0,0.0,0
0.5199,75,0,0.8869,8063.0,5,0,0,0,2.0,0
0.0949,44,0,0.9825,6592.0,8,0,2,0,0.0,0
0.0133,50,0,0.529,4762.0,7,0,1,0,1.0,0
0.2476,53,0,0.588,4060.0,7,0,0,0,0.0,0
0.1198,39,0,0.0804,4171.0,7,0,3,0,0.0,0
0.0634,29,0,0.2826,4239.0,6,0,0,0,0.0,0
1.1611,21,0,0.2826,3937.0,3,0,0,0,0.0,0
8.4062,93,0,0.212,10273.0,7,0,2,0,1.0,0
0.4267,29,0,0.1247,,5,0,1,0,1.0,0
0.5252,29,0,0.7879,9232.0,11,0,3,0,0.0,0
0.152,60,0,0.1631,11815.0,4,0,0,0,1.0,0
0.185,32,0,0.5637,7896.0,11,0,1,0,1.0,0
0.0985,29,0,0.0877,3876.0,8,0,0,0,1.0,0
0.4224,21,0,1.1884,7559.0,8,0,2,0,2.0,0
0.0736,56,0,0.7834,4958.0,3,0,1,0,0.0,0
0.3229,37,0,0.3416,9831.0,4,0,3,0,0.0,0
0.2011,61,0,0.1578,6689.0,7,0,1,0,,0
0.2057,51,0,0.4198,9184.0,11,0,0,0,2.0,0
0.9598,53,0,0.1331,5298.0,8,0,0,0,2.0,1
1.376,46,0,0.6706,,10,0,2,0,,0
0.1185,48,0,0.2431,13232.0,4,0,0,0,1.0,0
2.2853,39,0,0.2804,6660.0,7,0,0,0,0.0,0
0.7584,41,0,0.1415,9680.0,9,0,0,0,0.0,0
0.0216,37,0,0.2316,3935.0,7,0,0,0,0.0,0
0.0305,73,0,0.5298,,4,0,2,0,1.0,0
0.9815,46,0,0.1836,3086.0,7,0,1,0,1.0,0
0.2969,21,0,0.8993,5506.0,8,0,2,0,0.0,0
0.7823,56,0,0.229,2271.0,13,0,3,0,1.0,0
0.5289,41,0,0.6082,4761.0,5,0,2,0,1.0,0
2.204,51,0,0.5554,2091.0,6,0,0,0,2.0,0
0.2487,48,0,0.8501,,10,0,1,0,0.0,0
0.4304,73,0,0.7044,7269.0,9,0,0,0,1.0,0
0.5862,47,0,0.4149,18812.0,10,0,4,0,0.0,0
0.6924,63,0,0.5092,1693.0,4,0,2,0,1.0,0
4.6145,62,0,0.0834,3453.0,6,0,1,0,0.0,0
0.1081,33,0,0.9306,2492.0,6,0,0,0,0.0,0
0.3451,55,0,0.65,5422.0,13,0,0,0,0.0,0
0.1619,41,0,0.853,8149.0,9,0,0,0,2.0,0
0.0319,35,0,0.3107,3032.0,7,0,1,0,0.0,0
4.5761,35,0,0.171,8525.0,5,2,0,0,1.0,0
0.0394,63,0,0.3214,10510.0,9,0,2,0,0.0,0
0.2486,89,3,0.1015,,6,0,1,0,1.0,0
1.0953,41,0,0.4012,3320.0,10,0,4,0,0.0,0
0.0859,55,0,0.5396,,6,0,1,0,0.0,0
0.5143,56,0,0.2709,11769.0,4,0,0,0,0.0,0
0.0655,45,0,0.7198,2663.0,11,0,2,0,1.0,0
0.4959,72,0,0.6476,7551.0,8,0,0,0,0.0,0
0.7153,83,0,0.9667,,5,0,5,0,1.0,1
0.4773,44,0,0.3493,,6,0,3,0,0.0,0
0.5291,76,0,0.1452,4551.0,13,0,0,0,1.0,0
0.1919,44,0,0.2118,2656.0,8,0,1,0,1.0,0
0.8986,38,0,0.2925,1987.0,9,0,0,0,0.0,0
2.3955,50,0,0.1126,6528.0,5,0,2,0,1.0,0
0.1256,64,0,0.462,7342.0,6,0,1,0,1.0,0
0.3023,51,0,0.2496,7160.0,8,0,3,0,0.0,0
0.2766,62,0,0.4282,,8,0,1,0,1.0,0
0.4842,55,2,0.6043,6841.0,7,0,0,0,,0
0.3011,71,1,0.0247,3618.0,7,0,1,1,1.0,0
0.2409,59,0,0.5279,3042.0,9,0,0,0,1.0,0
0.1026,73,0,0.2062,7224.0,9,0,1,0,0.0,0
0.9025,40,0,0.6746,5693.0,6,0,2,0,0.0,0
0.321,49,0,0.9029,2714.0,10,0,3,0,1.0,0
0.08,52,0,0.7087,1379.0,10,0,2,0,0.0,0
0.3278,40,0,0.87,3904.0,9,0,2,0,1.0,0
0.3188,38,0,0.4466,3324.0,8,0,1,0,0.0,0
0.5368,57,0,0.0472,,6,0,0,0,1.0,0
0.7862,61,0,0.9638,,10,0,2,0,0.0,0
0.0172,54,3,0.6101,5703.0,8,0,2,1,1.0,0
0.3237,67,0,0.2759,,11,0,1,0,0.0,0
0.3881,37,0,0.7534,9107.0,4,0,1,0,0.0,0
0.3634,47,0,0.3414,6291.0,12,0,2,0,1.0,0
0.6692,35,0,0.3747,3532.0,8,0,1,0,0.0,0
0.9125,54,0,0.1646,4008.0,7,0,2,0,1.0,0
0.0617,59,0,0.4256,4247.0,6,0,1,0,0.0,0
0.6622,71,0,0.6648,,9,0,3,0,0.0,1
0.1824,36,0,0.5559,3996.0,14,0,0,0,1.0,0
0.1718,57,0,0.6528,7091.0,9,0,0,0,0.0,0
0.1598,72,0,0.4631,,12,0,0,0,0.0,0
0.2185,38,0,0.7496,,9,0,0,0,1.0,0
0.1591,35,0,0.1381,5541.0,8,0,1,0,0.0,0
0.1657,31,0,0.9226,4283.0,8,0,0,0,1.0,0
0.5915,61,0,0.4062,8489.0,5,0,0,0,0.0,0
0.0445,42,0,0.4756,,8,0,0,0,0.0,0
0.27,59,0,0.878,,7,0,2,0,0.0,0
0.5987,49,0,0.7188,1763.0,7,0,1,0,0.0,0
0.0744,77,0,0.3197,,11,0,0,0,1.0,0
0.0784,63,0,0.1912,10193.0,3,0,2,0,0.0,0
0.4134,41,0,0.7262,,9,0,1,0,0.0,0
0.3073,48,0,0.0648,6583.0,12,0,2,0,1.0,0
0.3032,63,0,0.5365,,7,0,1,0,1.0,0
0.0475,37,0,0.2572,6617.0,10,0,0,0,0.0,0
0.9786,69,0,0.9066,20556.0,5,0,1,0,1.0,0
2.5397,48,0,0.0741,11992.0,8,0,0,0,1.0,1
0.7131,63,0,0.9608,8974.0,7,0,3,0,1.0,0
0.3342,49,0,0.805,5137.0,7,0,1,0,1.0,0
0.3996,45,0,0.1448,2270.0,3,0,1,0,0.0,0
0.2692,42,0,0.499,,4,0,2,0,0.0,0
0.1451,76,0,0.6422,4633.0,14,0,0,0,1.0,0
0.0727,48,0,0.476,5176.0,12,0,0,0,1.0,0
0.141,95,0,0.3237,6259.0,5,0,0,0,0.0,0
0.7686,54,0,0.5431,3911.0,7,0,0,0,2.0,1
0.402,40,0,0.465,4127.0,13,0,1,0,1.0,0
0.198,30,0,0.9147,2067.0,10,0,1,0,1.0,0
0.6603,69,0,0.4551,,9,0,1,0,1.0,0
0.5248,49,0,0.8715,5454.0,5,0,2,0,1.0,0
0.0508,64,0,0.2419,,11,0,0,0,1.0,0
0.6256,85,0,0.7674,6888.0,11,0,0,0,1.0,0
0.2551,61,0,0.56,,7,0,0,0,3.0,0
0.0692,57,0,0.7756,,5,0,2,0,0.0,0
0.4735,69,0,0.7951,2630.0,8,0,0,0,1.0,0
0.0657,63,0,0.5145,3958.0,9,0,0,0,0.0,0
1.4466,34,0,0.4254,,6,0,1,0,1.0,0
0.204,71,0,0.1714,,8,0,0,0,0.0,0
0.1803,51,0,0.1758,7108.0,8,0,2,0,1.0,0
0.2405,74,0,0.1948,,8,0,2,0,4.0,0
0.0017,59,0,0.9195,10544.0,7,0,0,0,2.0,0
0.661,69,0,0.2386,2548.0,10,0,1,0,0.0,0
3.5557,49,0,0.3413,7184.0,7,0,2,1,2.0,0
0.5759,31,0,1.0135,8654.0,7,0,1,0,0.0,0
0.5531,60,0,0.7342,7361.0,8,0,0,0,1.0,0
0.2244,66,0,0.6363,8995.0,7,0,0,0,1.0,0
0.4213,44,0,0.3708,,3,0,0,0,2.0,0
0.0112,49,0,0.4889,4075.0,5,0,2,0,1.0,0
0.0546,21,0,0.699,6313.0,2,0,1,0,0.0,0
0.2306,50,0,0.5743,4556.0,4,0,1,0,3.0,0
0.5502,34,0,0.3742,8032.0,7,0,0,0,2.0,0
0.897,59,0,0.4079,8574.0,9,0,0,0,0.0,0
0.2051,57,0,0.2153,10574.0,6,0,0,0,2.0,0
0.8653,52,0,0.3832,1860.0,14,0,1,0,1.0,0
0.3914,71,0,0.7447,,10,0,1,0,2.0,0
0.0636,55,0,0.2761,,13,0,4,0,1.0,0
0.2772,55,0,0.3391,13581.0,9,0,1,0,2.0,0
0.2251,57,0,0.6683,2612.0,6,0,1,0,1.0,0
0.0716,44,0,0.5976,5945.0,4,0,1,0,2.0,0
6.593,66,0,0.7882,10622.0,10,0,4,0,0.0,0
0.6387,39,0,0.8824,,16,0,0,0,3.0,0
0.5806,58,0,0.0775,8210.0,9,0,0,0,0.0,0
0.7595,69,0,0.6906,2265.0,11,0,1,0,1.0,1
6.7971,38,0,0.23,,9,0,1,0,0.0,0
0.4013,33,0,0.5454,,10,0,2,0,0.0,0
0.365,37,0,0.5601,7131.0,8,0,0,0,1.0,0
0.4398,77,0,0.6712,14712.0,9,0,0,0,0.0,0
0.5258,43,0,1.4304,7743.0,11,0,3,0,1.0,0
0.2192,35,0,0.069,,5,0,1,0,0.0,0
0.4176,57,0,0.6822,10636.0,8,0,5,0,1.0,0
3.35,21,1,0.3023,7240.0,3,1,5,1,0.0,0
0.3733,39,0,0.9107,4131.0,7,0,0,0,2.0,0
0.1264,72,0,0.5379,5123.0,13,0,1,0,0.0,0
0.1433,39,0,0.5382,9095.0,9,0,2,0,2.0,0
5.845,48,0,0.4383,5321.0,5,0,1,0,0.0,0
0.9733,56,0,0.2865,8773.0,9,0,2,0,1.0,0
0.5444,56,0,0.1281,,8,0,0,0,1.0,1
0.6178,45,0,0.1753,9007.0,8,0,1,0,2.0,0
0.3484,60,0,0.0982,1691.0,9,0,0,0,0.0,0
0.3059,72,0,0.3607,,9,0,0,0,0.0,0
0.8737,37,1,0.4525,3358.0,6,0,1,0,2.0,0
0.5289,45,0,0.296,,15,0,2,0,3.0,0
0.1498,51,0,0.8934,,3,0,0,0,0.0,0
0.0177,62,0,0.7883,,10,0,0,0,0.0,0
1.117,52,2,0.3231,5384.0,14,0,2,0,0.0,0
1.5774,50,0,0.5379,9251.0,11,0,1,0,2.0,0
0.6569,30,0,0.3455,4767.0,4,0,2,0,0.0,0
0.3165,36,0,0.3357,6137.0,9,0,2,0,1.0,0
1.3665,55,2,0.0882,5171.0,8,0,0,1,0.0,0
0.1476,45,1,0.5162,,5,0,2,0,0.0,0
0.3037,47,0,0.329,6810.0,12,0,0,0,1.0,0
0.5609,51,0,0.2634,,15,0,1,0,1.0,1
0.1346,85,1,1.0117,8576.0,7,1,2,1,1.0,0
0.4534,45,0,0.4803,8583.0,2,0,0,0,1.0,0
0.2153,71,0,0.7953,,7,0,2,0,0.0,0
0.0563,70,0,0.438,7479.0,7,0,1,0,1.0,0
0.2276,63,0,0.3214,9554.0,13,0,0,0,1.0,0
1.2213,40,0,0.2457,,8,0,0,0,0.0,0
0.17,54,0,0.18,,6,0,1,0,1.0,0
0.8292,47,0,0.4281,3670.0,14,0,1,0,0.0,0
0.8533,80,0,0.5363,4645.0,8,0,2,0,1.0,0
2.8383,58,0,0.5565,19198.0,8,0,1,0,2.0,0
0.457,49,0,0.2271,,8,0,5,0,0.0,0
0.0566,77,0,0.6177,8664.0,8,0,0,0,1.0,0
0.301,47,0,0.532,8235.0,11,0,0,0,1.0,1
0.077,60,0,0.7151,6872.0,9,0,0,0,1.0,0
0.506,62,0,0.589,,7,0,1,0,0.0,0
0.249,57,0,0.5401,4263.0,7,0,3,0,1.0,0
1.3781,51,0,0.5148,5794.0,10,0,1,0,0.0,0
0.5977,64,0,0.531,16344.0,9,0,1,0,1.0,0
1.1146,43,2,0.5153,8285.0,5,0,2,0,1.0,0
0.2231,68,0,0.1314,,3,0,1,0,4.0,0
3.0729,48,0,0.5173,7016.0,4,0,0,0,1.0,0
0.1261,71,0,0.3077,15332.0,8,0,2,0,1.0,0
2.9952,67,0,0.3262,,5,0,1,0,0.0,0
0.3165,60,2,0.6957,,3,0,0,0,0.0,0
0.8155,51,2,1.0595,2518.0,5,2,0,0,0.0,0
0.6745,67,0,0.2633,,5,0,0,0,1.0,0
0.1301,60,0,0.5489,4288.0,7,0,0,0,1.0,0
0.0478,21,0,0.4468,,6,0,2,0,0.0,0
0.858,41,0,0.4427,9026.0,4,0,0,0,1.0,0
0.3644,54,0,0.9353,6118.0,6,0,1,0,2.0,0
0.7142,56,1,0.7,7549.0,8,0,0,0,1.0,0
0.3226,62,0,0.3937,5234.0,7,0,2,0,0.0,0
0.2739,74,0,0.0663,3488.0,5,0,2,0,1.0,0
0.0338,60,0,0.4972,,9,0,0,0,1.0,0
0.0963,23,0,0.6844,1681.0,14,0,1,0,0.0,0
0.0875,55,0,0.4078,4781.0,6,0,1,0,3.0,0
1.0845,69,0,0.5427,,8,0,2,0,,0
2.5693,54,0,0.19,3626.0,6,0,0,0,1.0,0
0.5043,55,0,0.2949,7644.0,8,0,1,0,2.0,0
0.3489,45,0,0.6952,2936.0,7,0,0,0,0.0,0
0.3599,65,0,0.6459,4850.0,7,1,0,0,0.0,0
0.6403,47,0,0.7413,4928.0,2,0,0,0,0.0,0
1.5934,60,0,0.8133,5822.0,10,0,0,0,0.0,0
1.4931,58,0,0.1475,4457.0,6,0,1,0,0.0,0
10.4628,53,0,0.2408,,7,0,1,0,4.0,0
0.1416,59,0,0.7744,6604.0,7,0,2,0,0.0,0
6.5996,55,1,0.7789,8681.0,6,2,1,0,0.0,0
3.1299,70,0,1.0299,4468.0,9,0,0,0,,1
0.7331,61,0,0.4309,6558.0,9,0,0,0,2.0,1
0.06,67,0,0.4179,3087.0,8,0,1,0,2.0,0
0.4157,41,0,0.4187,,7,0,1,0,,0
0.4038,40,0,0.1093,7103.0,8,0,2,0,0.0,0
0.4575,53,0,0.2548,6125.0,8,0,0,0,0.0,0
0.2478,62,0,0.1932,,10,0,0,0,1.0,0
0.5573,59,0,0.372,,8,0,0,0,0.0,0
1.5056,41,0,0.5454,6231.0,5,0,1,0,0.0,0
0.0219,63,0,0.3405,3321.0,2,0,0,0,0.0,0
0.0964,43,0,0.7389,4163.0,6,0,1,0,1.0,0
0.3039,61,0,0.5667,,11,0,0,0,1.0,0
0.5649,56,0,0.3415,,8,0,0,0,2.0,0
0.1917,49,0,0.4384,3429.0,6,0,0,0,1.0,0
5.5649,44,0,0.217,5961.0,5,0,3,0,0.0,0
0.8748,54,0,0.8164,8500.0,7,0,5,1,3.0,0
0.0222,53,0,0.8265,3306.0,7,0,1,0,0.0,0
1.2362,37,0,0.7725,,6,0,0,0,0.0,0
0.0494,60,0,0.6742,,4,0,0,0,1.0,0
0.4904,68,0,0.8038,5032.0,7,0,1,0,1.0,0
0.5124,64,0,0.8579,3454.0,7,0,2,0,1.0,0
0.8987,56,0,0.9311,4114.0,9,0,1,0,0.0,0
0.2531,46,0,0.3784,9928.0,6,0,1,0,0.0,0
2.2248,54,0,0.2332,8702.0,6,0,0,0,2.0,0
2.1843,50,0,0.3459,6063.0,9,0,0,0,1.0,0
0.2569,54,0,0.133,10147.0,7,0,1,0,,0
1.1946,65,0,0.3277,6476.0,7,0,1,0,0.0,0
0.173,50,0,0.6672,3379.0,5,0,0,0,0.0,0
0.496,26,0,0.9611,3534.0,10,0,0,0,0.0,0
0.2872,63,0,0.2337,,5,0,0,0,1.0,0
0.1026,58,0,0.5985,,7,0,2,0,0.0,0
0.0741,54,0,0.8878,,15,0,1,0,0.0,0
0.5602,36,0,0.4143,,6,0,1,0,1.0,0
0.2348,40,0,0.4416,7126.0,4,0,1,0,2.0,0
0.4019,42,0,0.7023,5461.0,6,0,2,0,0.0,0
0.3284,44,0,0.6026,3448.0,8,0,1,0,1.0,0
0.5466,45,0,0.3365,1918.0,8,0,0,0,0.0,0
5.6095,35,0,0.2587,6121.0,8,0,1,0,2.0,0
1.2179,82,0,0.6703,13962.0,3,0,2,0,0.0,0
5.5259,73,0,0.0785,9404.0,3,0,1,0,1.0,0
0.2737,56,0,0.6836,6199.0,9,0,1,0,1.0,0
0.6277,52,0,0.2413,,3,0,0,0,0.0,0
0.1071,78,0,0.8388,,7,0,1,0,0.0,0
0.0483,75,0,0.3347,2700.0,14,0,1,0,0.0,0
2.6228,42,1,0.5688,,9,0,2,1,1.0,0
0.6183,55,0,0.2316,3944.0,9,0,1,0,1.0,0
0.4097,49,1,0.5284,6653.0,6,0,0,2,0.0,0
0.0966,48,0,0.6151,4167.0,10,0,2,0,1.0,0
0.294,50,0,0.1498,1729.0,3,0,3,0,0.0,0
0.1734,51,0,0.6964,2222.0,12,0,1,0,1.0,0
0.2122,55,0,0.567,6643.0,5,0,1,0,2.0,0
5.13,55,0,0.4744,6549.0,7,0,2,0,1.0,0
0.4317,72,0,0.6346,4227.0,2,0,0,0,3.0,1
0.2295,41,0,0.4281,,7,0,2,0,2.0,0
2.351,66,0,0.0803,,9,0,1,0,0.0,0
0.046,37,0,0.3277,4978.0,11,0,2,0,1.0,0
0.2633,55,0,0.1806,1987.0,5,0,2,0,1.0,0
0.1496,67,0,0.8848,4140.0,12,0,2,0,0.0,0
0.2509,60,0,0.5926,,2,0,0,0,0.0,0
0.3227,48,0,0.9496,8972.0,10,0,1,0,0.0,0
0.7077,56,0,0.2539,822.0,8,0,0,0,1.0,0
0.7016,75,0,0.7856,3084.0,14,0,1,0,2.0,0
0.4101,44,1,1.1144,4397.0,3,0,1,0,1.0,1
0.2247,60,0,0.3037,,9,0,2,0,1.0,0
2.1106,66,1,0.5838,11775.0,14,0,4,0,1.0,0
0.2047,47,0,0.5237,2508.0,7,0,0,0,0.0,0
0.1367,76,0,0.6971,6074.0,4,0,1,0,0.0,0
0.1184,81,0,0.107,8521.0,6,0,1,0,2.0,0
0.2176,67,0,0.6136,,6,0,1,0,0.0,0
0.6797,67,0,0.6428,,10,0,1,0,1.0,0
0.5991,28,0,0.6912,4701.0,9,0,0,0,0.0,0
0.6344,34,0,0.7548,2258.0,7,0,1,0,0.0,1
3.0495,51,0,0.0861,10445.0,10,0,3,0,1.0,0
0.5389,43,0,0.5712,2979.0,10,0,1,0,1.0,0
0.4051,61,0,0.1379,5202.0,11,0,0,0,0.0,0
0.046,21,0,0.601,,4,0,1,0,2.0,0
0.4915,61,0,0.2605,8312.0,7,0,1,0,1.0,0
0.619,50,0,0.4807,4624.0,4,0,1,0,3.0,1
0.2033,44,0,0.423,5049.0,8,0,2,0,0.0,0
0.1033,79,0,0.8577,7160.0,13,0,2,0,1.0,0
0.3585,48,0,0.1751,,9,0,1,0,3.0,0
0.1629,29,0,0.225,,7,0,0,0,3.0,0
0.2468,58,0,0.4533,6659.0,11,0,1,0,0.0,0
1.158,57,1,0.8869,5077.0,6,0,2,0,1.0,0
0.7819,50,0,0.4816,10666.0,9,0,1,0,0.0,0
0.6623,85,0,0.5981,,6,0,0,0,1.0,1
0.8904,55,0,0.7513,5825.0,6,0,0,0,4.0,0
0.4469,66,0,0.6099,4283.0,10,0,0,0,1.0,0
0.0446,57,0,0.656,16947.0,11,0,2,0,1.0,0
0.0003,70,0,0.2886,18080.0,3,0,0,0,1.0,0
0.6374,47,0,1.3104,,11,0,1,0,3.0,1
0.5941,37,0,0.4209,7830.0,5,0,3,0,0.0,0
0.1693,63,0,0.5352,6047.0,10,0,1,0,0.0,0
0.0537,56,0,0.5297,,9,0,2,0,1.0,0
0.2667,63,0,0.0414,,8,0,0,0,2.0,0
0.3481,43,0,0.6897,7031.0,9,0,0,0,1.0,0
0.0947,59,0,0.5677,3388.0,3,0,0,0,0.0,0
0.2843,30,0,0.601,10815.0,8,0,0,0,2.0,0
0.802,45,4,0.8047,8736.0,9,1,1,0,2.0,0
0.0707,42,0,0.436,8088.0,12,0,0,0,0.0,0
0.0259,59,0,0.5752,,11,0,2,0,2.0,0
3.8742,45,0,0.8816,10991.0,10,1,2,0,2.0,0
0.51,33,0,0.4666,7673.0,5,0,1,0,0.0,0
0.6561,44,0,0.089,7517.0,9,0,1,0,0.0,0
0.1834,60,0,0.3188,,4,0,0,0,1.0,0
0.7628,54,0,0.3929,4373.0,6,0,1,0,1.0,0
4.7097,42,0,0.1331,6116.0,9,0,2,0,0.0,0
0.677,64,0,0.4919,3630.0,8,0,1,0,1.0,0
0.3464,74,0,0.2919,,5,0,2,0,0.0,0
0.8766,65,0,0.9324,,5,0,0,0,1.0,0
0.7026,21,0,0.3479,,9,0,1,0,1.0,0
0.5242,55,0,0.1485,4222.0,8,0,0,0,0.0,0
0.3258,50,0,0.1973,3535.0,5,0,0,0,0.0,0
0.9308,23,0,0.6613,5394.0,10,0,1,0,1.0,0
0.5499,34,0,0.4894,9589.0,8,0,2,0,0.0,0
0.2646,63,0,0.2422,4569.0,16,0,1,0,1.0,0
0.3634,55,0,0.0737,,8,0,0,0,1.0,0
0.1755,53,0,0.2871,6754.0,8,0,0,0,0.0,0
0.1677,43,0,0.6453,2762.0,7,0,0,0,1.0,0
1.2151,67,0,0.9939,2302.0,10,0,0,0,1.0,0
1.9145,35,0,0.8482,2376.0,12,0,1,0,0.0,0
1.5908,40,0,0.64,4675.0,6,0,1,0,0.0,0
0.1921,48,0,0.7857,8970.0,7,0,2,0,2.0,0
0.424,31,0,1.2317,3267.0,9,0,2,0,0.0,0
0.7966,40,0,0.3169,7077.0,14,0,2,0,0.0,0
0.7657,67,0,0.8414,1906.0,15,0,0,0,1.0,0
0.0158,40,0,0.4317,8631.0,12,0,2,0,0.0,0
0.4331,63,0,0.1647,4883.0,13,0,0,0,0.0,0
0.4638,61,0,0.359,6274.0,9,0,0,0,0.0,0
0.1505,50,0,0.8031,,10,0,1,0,0.0,0
0.3815,32,0,0.7908,,5,0,2,0,0.0,0
4.1019,53,0,0.4183,,12,0,1,0,1.0,0
0.2589,22,0,0.6836,3442.0,6,0,1,0,0.0,0
0.5636,45,0,0.3912,2043.0,5,0,0,0,0.0,1
0.0385,55,0,0.2976,6006.0,8,0,0,0,1.0,0
0.0117,64,0,0.0091,7325.0,19,0,1,0,1.0,0
0.1352,50,1,0.4822,,12,0,2,0,0.0,0
0.4304,43,0,0.618,10295.0,3,0,4,0,0.0,0
0.3367,42,0,0.4017,11020.0,2,0,1,0,0.0,0
0.5828,45,0,0.3929,10884.0,4,0,1,0,0.0,0
0.0962,61,0,0.4459,9417.0,8,0,0,0,0.0,0
0.4307,57,0,0.5017,8311.0,7,0,1,0,0.0,0
0.1152,52,0,0.8337,8777.0,9,0,2,0,0.0,0
0.865,61,0,1.242,5859.0,8,0,1,0,0.0,0
0.1322,52,0,0.8889,14995.0,4,0,0,0,0.0,0
0.0586,33,0,0.4073,6629.0,5,0,0,0,1.0,0
0.1804,36,0,0.7036,,13,0,1,0,0.0,0
0.4947,60,0,0.6228,2254.0,6,0,1,0,1.0,1
0.3451,33,0,0.3091,5280.0,7,0,2,0,1.0,0
0.6378,47,0,1.0528,2566.0,8,0,1,0,2.0,1
1.9225,50,0,0.6736,,5,0,3,0,0.0,0
0.6455,38,0,0.7954,6094.0,12,0,1,0,1.0,0
0.1366,29,0,0.0282,2692.0,5,0,0,0,0.0,0
0.318,36,0,0.5009,3196.0,6,0,1,0,1.0,0
0.3678,27,0,1.0786,,11,0,1,0,1.0,0
0.5258,61,0,0.6748,4955.0,6,0,0,0,1.0,0
1.0037,58,0,0.59,5889.0,7,0,1,0,0.0,0
3.8534,41,0,0.3759,5269.0,10,0,0,0,2.0,0
0.7817,33,0,0.1529,3588.0,3,0,1,0,1.0,0
0.1498,68,0,0.6461,5727.0,8,0,0,0,,0
0.5201,58,0,0.2975,5493.0,8,0,2,0,0.0,0
0.6074,43,0,0.6593,11437.0,8,0,1,0,0.0,0
0.2952,69,0,0.3333,12901.0,6,0,0,0,0.0,0
5.7633,54,0,0.5197,4760.0,6,0,1,0,2.0,0
0.2493,56,0,0.3752,,5,0,3,0,0.0,0
0.5031,37,0,0.335,10731.0,12,0,1,0,1.0,0
0.4508,31,0,0.2273,4934.0,8,0,0,0,0.0,0
0.3814,30,0,0.4009,5231.0,9,0,0,0,0.0,0
0.5952,81,0,0.2707,7897.0,6,0,2,0,1.0,0
0.163,40,0,1.0824,4675.0,7,0,1,0,1.0,0
0.6582,53,0,0.6045,5714.0,9,0,0,0,0.0,0
0.6879,58,0,0.1317,5288.0,9,0,0,0,1.0,0
0.0326,52,0,0.2141,2376.0,7,0,2,0,0.0,0
0.0571,50,0,1.0183,4337.0,8,0,1,0,0.0,0
0.2469,50,0,0.4893,,11,0,1,0,0.0,0
0.0252,59,0,0.5256,13211.0,7,0,0,0,,0
0.5304,37,0,0.5593,6652.0,11,0,1,0,,0
0.2794,46,0,0.2078,6500.0,6,0,2,0,1.0,0
3.5553,21,0,0.5605,2446.0,8,0,2,0,0.0,1
0.7458,26,0,0.6788,,5,0,1,0,0.0,0
0.5454,34,0,0.9352,2034.0,8,0,1,0,1.0,1
0.2103,64,0,0.605,21616.0,9,0,0,0,1.0,0
3.8603,48,0,0.4252,,6,0,1,0,0.0,0
0.4794,62,0,0.2059,3358.0,15,0,1,0,0.0,0
0.7427,57,0,0.6858,5991.0,5,0,0,0,2.0,0
0.6557,56,0,0.3245,,6,0,0,0,0.0,0
0.0756,39,0,0.5676,11472.0,6,0,0,0,2.0,0
0.6577,53,0,0.7735,2153.0,6,0,1,0,0.0,0
0.5929,56,0,0.5297,5357.0,8,0,2,0,1.0,0
1.6945,83,0,0.8296,3980.0,6,0,0,0,0.0,1
2.2964,47,0,0.4526,2204.0,9,0,0,0,0.0,1
0.8734,62,0,1.0775,3580.0,16,0,0,0,0.0,0
0.7754,50,0,0.6495,,9,0,0,0,0.0,1
0.4262,42,0,0.2832,3240.0,4,0,1,0,1.0,0
0.9117,64,0,1.0446,,13,0,0,0,1.0,1
0.1541,78,0,0.3979,,10,0,0,0,2.0,0
0.2208,56,0,0.1021,3324.0,7,0,0,0,0.0,0
4.4292,42,0,0.0565,11348.0,7,0,3,0,0.0,0
1.7533,59,0,0.7968,,6,0,3,0,1.0,0
0.9785,56,1,0.8304,5296.0,11,0,0,0,0.0,0
0.0851,83,0,0.1665,6987.0,8,0,2,0,2.0,0
0.319,62,0,0.1517,7523.0,9,0,0,0,0.0,0
2.5876,39,1,0.2535,4054.0,14,0,0,0,1.0,0
0.2642,70,1,0.4421,7241.0,6,0,1,0,0.0,1
4.2119,63,0,1.0415,,7,0,0,0,2.0,0
0.0166,65,0,0.6715,1779.0,5,0,0,0,1.0,0
0.3474,58,0,0.2853,,10,0,0,0,0.0,0
0.3659,66,0,0.53,3866.0,7,0,1,0,0.0,0
0.2111,58,0,0.6195,5324.0,8,0,0,0,1.0,0
3.6228,48,0,0.9182,3239.0,8,0,2,0,0.0,1
1.1705,54,0,0.1853,12231.0,8,0,1,0,0.0,0
0.4243,50,0,0.831,5088.0,9,0,3,0,0.0,0
0.3047,57,0,0.3899,2626.0,7,0,2,0,2.0,0
9.7808,53,0,0.5105,6509.0,3,0,0,0,2.0,0
6.2586,48,0,0.3784,7548.0,5,0,1,0,2.0,0
0.2764,49,0,0.2798,5867.0,13,0,0,0,1.0,0
7.5069,52,0,0.0832,3646.0,11,0,1,0,0.0,0
1.9941,27,0,0.3635,10772.0,11,0,1,0,0.0,0
0.2635,66,0,0.6341,3712.0,10,0,1,0,0.0,0
0.6345,57,0,0.3494,7396.0,8,0,0,0,1.0,0
0.0502,43,0,1.2484,2552.0,10,0,0,0,1.0,0
0.512,60,0,0.4716,,8,0,2,0,0.0,1
0.2803,45,0,0.3951,11210.0,6,0,0,0,0.0,0
0.169,45,0,0.1048,,9,0,0,0,1.0,0
0.0835,57,0,0.2492,2788.0,8,0,0,0,1.0,0
0.2171,72,0,0.256,11116.0,9,0,2,0,2.0,0
0.3998,56,0,0.156,,5,0,0,0,2.0,0
0.049,41,0,0.593,7749.0,3,0,1,0,3.0,0
0.3128,47,0,0.3568,8013.0,9,0,0,0,1.0,0
0.9592,64,0,0.3717,8238.0,12,0,1,0,0.0,0
0.3255,58,0,0.7924,5211.0,10,0,0,0,0.0,0
0.6835,65,0,1.1831,4895.0,6,0,1,0,1.0,1
0.1683,58,0,0.2923,5441.0,6,0,0,0,2.0,0
0.3318,63,0,0.0981,,5,0,0,0,1.0,0
0.3518,80,0,1.1384,7263.0,5,0,0,0,4.0,0
0.3523,33,0,0.878,3865.0,11,0,1,0,1.0,0
0.5807,86,0,0.6705,,2,0,2,0,0.0,1
0.1668,65,0,0.6985,8775.0,3,0,0,0,0.0,0
0.3181,89,0,0.4086,6723.0,11,0,0,0,0.0,0
1.9884,38,0,0.1511,4601.0,7,0,0,0,1.0,0
0.2625,57,0,0.4303,3250.0,10,0,0,0,1.0,0
0.4776,54,0,0.4919,,7,0,2,0,1.0,1
0.2125,64,0,0.2898,4809.0,13,0,2,0,1.0,0
0.3617,59,0,0.0139,2066.0,7,0,1,0,3.0,0
2.9333,57,0,0.0986,,10,0,0,0,0.0,1
0.4178,63,0,0.3608,3376.0,7,0,0,0,0.0,0
0.404,51,0,0.1007,5246.0,3,0,0,0,0.0,0
0.3955,45,0,0.5855,4827.0,7,0,0,0,0.0,0
1.6304,58,0,0.9641,6402.0,5,0,2,0,2.0,0
0.8015,45,0,0.6621,4065.0,6,0,1,0,2.0,0
1.0689,50,0,0.1147,3575.0,9,0,0,0,2.0,0
0.7945,32,0,0.7734,2364.0,10,0,0,0,1.0,1
0.0417,53,0,0.1091,3297.0,4,0,1,0,,0
0.6635,39,0,0.5055,9701.0,10,0,1,0,1.0,0
0.3277,52,0,0.7187,4234.0,8,0,1,0,2.0,0
1.1786,37,2,0.6463,33270.0,10,0,1,0,0.0,0
0.0163,52,0,0.758,5783.0,6,0,3,0,0.0,0
0.2054,65,0,1.0774,,14,0,0,0,0.0,0
0.6458,44,0,0.0545,2309.0,6,0,2,0,4.0,0
4.5396,39,0,0.096,11647.0,9,0,3,0,1.0,0
0.7537,63,0,0.4218,3732.0,9,0,0,0,1.0,0
0.5942,65,0,0.6094,,8,0,1,0,1.0,1
0.8495,58,0,1.0917,7328.0,6,0,1,0,3.0,0
0.303,45,0,0.0283,,6,0,2,0,0.0,0
0.2551,43,0,0.3427,10132.0,7,0,1,0,2.0,0
0.6731,47,0,0.4192,6533.0,7,0,1,0,1.0,0
1.8793,51,0,0.0135,3375.0,6,0,0,0,1.0,1
0.1606,28,0,0.3743,3280.0,4,0,0,0,0.0,0
0.1502,38,0,0.3608,4271.0,9,0,1,0,2.0,0
0.4542,70,0,0.3034,11483.0,9,0,3,0,1.0,0
3.6681,55,1,0.7983,,11,0,2,0,2.0,0
0.7941,69,0,0.3295,9888.0,12,0,1,0,2.0,0
0.0555,66,0,0.7584,2705.0,10,0,1,0,0.0,0
0.3724,48,0,0.5306,5382.0,4,0,1,0,1.0,0
0.1424,48,0,0.5659,7077.0,10,0,1,0,1.0,0
0.3436,66,0,0.3879,,7,0,1,0,0.0,0
0.3886,63,0,0.1312,11798.0,9,0,0,0,2.0,0
0.8621,66,0,1.007,2541.0,11,0,1,0,0.0,0
1.6035,52,0,0.2958,3791.0,6,0,1,0,4.0,0
0.4899,54,0,0.4079,1945.0,5,0,2,0,0.0,0
0.9561,48,0,0.2166,8669.0,4,0,1,0,1.0,0
0.5098,51,2,0.4534,5713.0,11,0,0,0,0.0,0
0.5725,42,0,0.5062,5923.0,11,0,1,0,1.0,0
0.2839,51,0,0.9639,,5,0,2,0,0.0,0
0.6823,50,0,0.3898,,10,0,1,0,1.0,0
0.7195,46,0,0.3113,,9,0,2,0,2.0,0
0.4128,63,0,0.0759,2100.0,10,0,2,0,1.0,0
0.5605,32,0,0.4685,12421.0,14,0,3,0,1.0,0
0.0755,57,0,0.454,,9,0,0,0,2.0,0
0.9848,39,2,0.0834,5067.0,8,0,1,0,,0
0.5007,40,0,0.7413,,5,0,1,0,1.0,0
0.0335,41,0,0.9475,2182.0,12,0,1,0,0.0,0
0.5187,59,0,0.5468,2338.0,13,0,1,0,1.0,0
0.6734,21,1,0.5536,12014.0,10,0,0,0,2.0,0
0.0846,54,0,0.7856,2726.0,5,0,1,0,3.0,0
0.6858,53,0,1.2121,1252.0,3,0,1,0,1.0,1
0.1079,38,0,0.0484,7446.0,6,0,0,0,1.0,0
0.3622,55,0,0.2992,1668.0,9,0,4,0,0.0,0
0.1724,35,0,0.5393,25699.0,5,0,2,0,1.0,0
0.0548,51,0,0.2658,8609.0,6,0,1,0,0.0,0
0.1661,34,0,0.3103,,10,0,1,0,0.0,0
0.4527,81,0,0.4441,,8,0,3,0,0.0,0
0.8632,64,0,0.4554,5159.0,9,0,0,0,0.0,0
0.1818,55,0,0.456,5826.0,10,0,1,0,0.0,0
5.1223,39,1,0.2548,10113.0,13,0,1,0,2.0,0
8.4219,48,0,0.6694,4998.0,9,0,0,0,2.0,1
0.4354,49,0,0.2853,4527.0,12,0,0,0,0.0,0
0.6222,55,0,0.365,11593.0,8,0,0,0,1.0,0
0.7038,58,0,0.6801,4158.0,9,0,1,0,1.0,0
0.5951,55,0,0.4341,12378.0,9,0,1,0,1.0,0
0.4673,57,0,0.267,3443.0,9,0,1,0,1.0,0
0.1862,50,0,0.2374,2612.0,11,0,0,0,0.0,0
0.0942,57,0,0.938,1803.0,6,0,1,0,0.0,0
0.9822,43,0,0.3815,9248.0,5,0,1,0,0.0,0
0.5255,37,0,0.3349,1868.0,14,0,3,0,2.0,0
0.5202,78,0,0.8052,4081.0,7,0,0,0,0.0,0
0.3061,58,0,0.4228,3906.0,3,0,1,0,0.0,0
0.716,77,0,0.2258,6956.0,5,0,0,0,0.0,0
0.7503,48,0,0.6037,3722.0,6,0,0,0,0.0,1
0.0535,86,0,0.2058,13555.0,6,0,1,0,0.0,0
5.6662,53,0,1.1364,10522.0,7,0,2,0,1.0,0
0.7973,68,0,0.4051,6399.0,5,0,1,0,0.0,0
0.5061,52,0,0.5018,1549.0,7,0,3,0,0.0,0
0.6334,54,0,0.2941,,6,0,0,0,0.0,0
0.7997,50,0,0.8098,,14,0,4,0,0.0,1
0.0092,45,0,0.6866,3400.0,11,0,3,0,1.0,0
0.8454,66,0,0.3487,4426.0,10,0,0,0,0.0,0
0.0298,52,0,0.0871,5229.0,10,0,2,0,1.0,0
2.8584,64,0,0.2527,8981.0,1,0,1,0,0.0,0
0.4342,65,0,0.8917,,6,0,1,0,0.0,0
0.3134,72,0,0.0382,3642.0,7,0,2,0,0.0,0
0.3455,58,0,0.7249,5687.0,6,0,1,0,0.0,0
0.1539,31,0,0.3644,,8,0,1,0,2.0,0
0.1642,48,0,0.7228,6236.0,4,0,0,0,2.0,0
5.426,52,0,0.7989,9971.0,9,0,1,0,1.0,0
1.8085,52,0,0.3786,7068.0,10,0,0,0,0.0,0
0.1421,70,0,0.2951,,7,0,0,0,1.0,0
0.29,68,0,0.4312,,9,0,0,0,2.0,0
1.2468,50,4,0.5987,3314.0,14,1,0,0,2.0,0
0.0696,86,0,0.7464,4268.0,7,0,1,0,,0
1.3378,47,0,0.8738,4961.0,10,0,2,0,0.0,0
0.453,48,0,0.2953,6566.0,10,0,2,0,1.0,0
0.0201,37,3,0.4928,,8,0,0,0,1.0,0
0.3149,30,0,0.5169,5609.0,9,0,1,0,1.0,0
0.5406,35,0,0.4244,5158.0,6,0,0,0,2.0,0
0.7518,66,0,0.4775,,10,0,1,0,0.0,1
1.6804,62,0,0.0473,5365.0,10,0,0,0,1.0,0
0.647,40,1,1.0652,1264.0,7,0,0,0,1.0,0
0.7119,53,0,0.4737,6073.0,9,0,1,0,1.0,0
0.213,63,0,1.5736,,5,0,2,0,0.0,0
0.4622,24,0,0.0504,4375.0,10,0,0,0,3.0,0
0.0368,77,0,0.3881,4167.0,9,0,1,0,1.0,0
0.7209,67,0,0.0701,3487.0,8,0,2,0,0.0,0
0.6248,63,0,0.2556,9753.0,9,0,1,0,2.0,0
0.9201,69,0,0.8802,12433.0,11,0,0,0,2.0,0
0.74,23,0,0.4134,2545.0,3,0,1,0,0.0,1
0.3423,49,0,0.7945,29862.0,8,0,0,0,1.0,0
0.5536,70,0,0.0755,3932.0,11,0,0,0,0.0,0
0.3061,52,0,0.6176,5974.0,8,0,0,0,1.0,0
0.331,62,0,0.86,1268.0,12,0,0,0,0.0,0
0.6201,72,0,0.7683,,13,0,1,0,1.0,1
0.384,62,0,1.1074,10612.0,8,0,1,0,0.0,0
0.1095,48,0,0.5457,,7,0,1,0,1.0,0
0.0894,60,0,0.2389,3676.0,7,0,1,0,1.0,0
0.2103,29,0,0.2099,,8,0,0,0,0.0,0
0.1441,59,0,0.5146,22171.0,8,0,1,0,0.0,0
0.9007,62,0,0.558,13414.0,11,0,1,0,0.0,0
0.4344,54,0,0.3254,17246.0,5,0,1,0,2.0,0
0.0523,68,0,0.2712,6201.0,8,0,1,0,0.0,0
0.5038,56,0,0.1447,6009.0,9,0,0,0,0.0,0
0.1098,54,0,0.4149,13521.0,4,0,4,0,1.0,0
0.8561,78,0,0.0191,4837.0,7,0,1,0,0.0,0
0.2717,39,0,0.8293,12011.0,7,0,1,0,1.0,0
0.5764,71,0,0.3658,8377.0,8,0,0,0,,0
0.1077,70,0,0.5758,5737.0,7,0,1,0,0.0,0
0.5948,64,0,0.2858,14930.0,8,0,3,0,1.0,0
0.5546,46,0,0.4246,,9,0,3,0,1.0,0
0.5695,57,0,0.6215,7352.0,15,0,0,0,1.0,0
0.4009,41,0,0.6327,,7,0,1,0,0.0,0
0.3158,44,0,0.0826,7619.0,9,0,0,0,0.0,0
0.2105,54,0,0.156,21444.0,17,0,0,0,1.0,0
0.1159,40,2,0.6123,3160.0,6,0,0,0,1.0,0
1.6657,49,0,0.5036,5741.0,8,0,0,0,0.0,0
0.4687,37,0,0.582,3778.0,13,0,0,0,2.0,0
0.2104,61,0,0.4236,7564.0,6,0,0,0,0.0,0
0.0264,75,0,0.3125,13271.0,7,0,4,0,2.0,0
0.7464,83,0,0.5589,6174.0,9,0,2,0,0.0,0
3.6226,38,0,0.5044,3923.0,6,0,1,0,0.0,0
0.6036,40,0,0.384,9331.0,8,0,1,0,0.0,0
0.0132,51,0,0.6724,,8,0,1,0,3.0,0
0.9269,64,0,0.2208,,11,0,1,0,0.0,0
0.2656,51,0,0.3022,7425.0,5,0,0,0,,0
0.3832,67,0,0.3142,3100.0,6,0,0,0,1.0,0
0.6061,61,0,0.213,6584.0,8,0,0,0,0.0,0
0.0446,29,0,0.5171,2533.0,4,0,1,0,0.0,0
0.4495,54,0,0.6629,6019.0,10,0,2,0,0.0,0
0.1003,36,0,0.1197,3875.0,5,0,0,0,1.0,0
0.0324,46,0,0.2288,,5,0,0,0,1.0,0
0.9016,48,0,0.7538,15786.0,4,0,1,0,1.0,0
1.2464,64,0,0.3196,10009.0,6,0,1,0,2.0,0
0.1982,53,0,0.4481,,9,0,0,0,0.0,0
0.2037,47,0,0.3559,4513.0,7,0,1,0,1.0,0
0.806,83,0,0.321,5100.0,8,0,1,0,1.0,0
0.0135,41,0,0.6645,,6,0,2,0,2.0,0
0.6705,58,0,0.5897,,7,0,2,0,2.0,1
0.3943,63,0,0.2407,4243.0,5,0,2,0,1.0,0
0.5123,56,0,0.0579,11218.0,8,0,2,0,0.0,0
3.3933,41,0,0.8624,2255.0,12,0,0,0,1.0,1
0.1653,40,0,0.4085,14102.0,7,0,1,0,3.0,0
0.2938,62,0,0.3071,,8,0,1,0,1.0,0
0.3342,68,0,0.3997,7311.0,8,0,2,0,0.0,0
0.7781,53,0,0.5009,6938.0,7,0,2,0,0.0,0
4.223,35,0,0.3532,6836.0,5,0,0,0,0.0,0
0.6432,54,1,0.1892,10145.0,3,0,1,0,1.0,0
0.4811,75,0,0.0431,13580.0,2,0,3,0,0.0,0
0.5768,39,0,0.5732,5052.0,6,0,1,0,0.0,1
0.122,49,0,0.358,1828.0,4,0,1,0,1.0,0
0.0157,54,0,0.8182,7832.0,5,0,1,0,0.0,0
9.0688,69,0,0.6362,,9,0,0,0,1.0,0
0.9995,46,0,0.4867,,13,0,1,0,1.0,0
0.6079,60,0,0.7746,,8,0,2,0,1.0,1
1.7246,73,0,0.1367,3703.0,7,0,1,0,0.0,0
2.0724,33,0,0.5133,4883.0,10,0,3,0,0.0,0
0.5922,35,0,0.3568,5546.0,9,0,0,0,0.0,0
0.0235,52,0,0.4855,4819.0,6,0,1,0,0.0,0
0.3346,67,0,0.716,7455.0,3,0,1,0,2.0,0
0.0885,58,0,0.3055,7768.0,5,0,1,0,1.0,0
0.3146,69,0,0.8858,5708.0,7,0,0,0,0.0,0
0.2689,30,0,0.6789,,10,0,1,0,1.0,0
2.2434,58,0,0.2645,8772.0,5,0,1,0,2.0,0
0.2894,21,0,0.5199,,6,0,1,0,0.0,0
0.3972,72,0,0.2647,4138.0,5,0,0,0,0.0,0
0.1117,70,0,0.4436,,11,0,2,0,0.0,0
0.0495,49,0,0.9512,7619.0,10,0,1,0,2.0,0
0.1911,21,0,0.6245,8752.0,7,0,1,0,0.0,0
0.1645,51,0,1.1759,2207.0,10,0,3,0,1.0,0
0.5599,69,0,0.8346,5002.0,7,0,0,0,0.0,1
0.3992,59,0,0.1599,10156.0,8,0,0,0,2.0,0
2.5894,79,0,0.8111,2577.0,6,0,1,0,1.0,0
0.1894,49,0,0.2774,8971.0,5,0,1,0,2.0,0
0.1111,82,0,0.4771,6308.0,9,0,1,0,0.0,0
0.769,25,0,0.6282,4921.0,6,0,0,0,0.0,0
0.0373,43,0,0.236,1325.0,8,0,1,0,1.0,0
0.5726,35,0,0.8582,5197.0,8,0,2,0,1.0,1
0.1312,64,0,0.2941,4561.0,7,0,2,0,0.0,0
2.1969,37,0,0.0665,7677.0,7,0,2,0,0.0,0
0.6065,68,0,0.3485,2338.0,17,0,0,0,1.0,0
0.0257,63,0,0.5197,5414.0,13,0,2,0,1.0,0
1.0163,56,0,0.3959,10399.0,12,0,1,0,0.0,0
1.6262,52,0,0.3245,9236.0,11,0,2,0,0.0,0
1.2734,39,0,0.7557,5482.0,8,0,0,0,1.0,0
0.091,62,0,0.3193,11326.0,12,0,0,0,1.0,1
0.3286,46,0,0.4463,,10,0,1,0,1.0,0
0.0815,64,0,0.2581,,4,0,0,0,0.0,0
0.3773,74,0,0.2336,9098.0,10,0,2,0,0.0,0
0.3295,49,0,0.2256,,6,0,0,0,0.0,0
0.5127,72,0,0.4455,7844.0,10,0,0,0,0.0,0
0.5659,56,0,0.5253,6861.0,12,0,2,0,0.0,0
2.2082,62,0,0.8748,,7,0,1,0,0.0,1
0.1632,35,0,0.5781,4854.0,9,0,0,0,2.0,0
0.4905,44,0,0.5292,5673.0,8,0,2,0,1.0,0
0.3857,44,0,0.7832,2609.0,8,0,1,0,1.0,0
0.7789,72,0,0.381,,5,0,0,0,1.0,0
0.6269,49,1,0.7252,6123.0,12,0,1,0,0.0,0
2.8436,62,0,0.9424,,11,0,0,0,1.0,0
0.7348,52,0,0.7035,10145.0,8,0,0,0,0.0,0
0.2033,48,0,0.3443,6574.0,8,0,1,0,2.0,0
0.3095,33,0,0.1261,3423.0,9,0,3,0,0.0,0
0.0438,27,0,0.5812,2545.0,8,0,2,0,1.0,0
0.737,49,0,1.1227,7550.0,5,0,0,0,2.0,0
0.2264,49,0,0.4401,7658.0,5,0,4,0,0.0,0
0.2459,41,0,0.3045,1893.0,8,0,3,0,1.0,0
0.3862,55,0,0.3458,8619.0,7,0,0,0,1.0,0
0.6585,81,0,0.134,10299.0,7,0,1,0,0.0,0
0.3082,74,0,0.7511,2070.0,9,0,5,0,2.0,0
0.3665,53,0,0.6679,1081.0,10,0,2,0,0.0,0
5.1503,54,0,0.2516,,8,0,1,0,2.0,0
0.2379,62,0,0.3331,6264.0,7,0,2,0,1.0,0
0.2193,56,0,0.4024,3268.0,5,0,2,0,1.0,0
0.4818,62,0,0.5796,27741.0,13,0,3,0,0.0,0
0.6656,57,0,0.7323,3046.0,7,0,0,0,1.0,1
0.2061,54,0,0.2323,1770.0,7,0,1,0,0.0,0
0.922,44,0,1.0694,,6,0,1,0,1.0,1
3.2604,58,0,0.531,6149.0,7,0,0,0,,0
0.0497,21,0,0.1746,2224.0,12,0,1,0,0.0,0
0.6236,56,0,0.1543,7235.0,12,0,1,0,1.0,0
0.704,24,0,0.567,3747.0,8,0,0,0,1.0,1
0.6905,56,0,0.8147,4334.0,12,0,0,0,0.0,1
0.6414,39,0,1.1263,1981.0,4,0,1,0,1.0,0
0.4485,71,0,0.4667,2925.0,5,0,0,0,,0
0.0042,54,0,0.5029,3839.0,5,0,1,0,2.0,0
0.3359,53,0,0.4382,3599.0,10,0,1,0,0.0,0
0.1312,58,0,0.1997,,5,0,2,0,0.0,0
0.7272,41,0,1.4859,2086.0,12,0,0,0,1.0,1
0.4186,68,0,0.5211,9066.0,7,0,1,0,1.0,0
0.8177,62,0,0.3703,3554.0,9,0,1,0,0.0,0
0.641,45,0,0.1975,4678.0,11,0,1,0,1.0,0
0.8839,38,0,0.1422,2754.0,10,0,1,0,2.0,0
2.3005,47,0,0.4472,6318.0,6,0,1,0,1.0,0
0.3038,50,0,0.1175,5643.0,6,0,0,0,0.0,0
0.2834,37,0,0.0753,,14,0,1,0,0.0,0
0.3428,46,0,0.31,4098.0,10,0,1,0,1.0,0
0.9643,44,0,0.1663,,9,0,0,0,1.0,0
0.0563,49,0,1.0644,,7,0,2,0,1.0,0
0.3763,49,0,0.5743,10511.0,14,0,1,0,2.0,0
0.1044,59,0,0.3942,2675.0,6,0,0,0,1.0,0
0.4292,52,0,0.8196,,10,0,1,0,0.0,0
0.2875,58,0,0.2139,5752.0,6,0,0,0,0.0,0
0.2537,55,0,0.8137,4738.0,11,0,1,0,1.0,0
0.3057,49,0,0.2399,9710.0,14,0,1,0,0.0,0
0.8902,62,0,0.5245,8276.0,4,0,2,0,1.0,0
0.0631,21,0,0.1439,5368.0,7,0,0,0,0.0,0
0.0971,47,0,0.2728,2837.0,7,0,0,0,2.0,0
0.354,44,0,0.4049,8669.0,5,0,1,0,1.0,0
0.5856,54,0,0.9891,4477.0,9,0,1,0,0.0,0
0.7808,43,0,0.4204,,11,0,2,0,0.0,0
0.3799,60,1,0.3512,2971.0,7,1,1,0,4.0,0
0.215,62,0,0.3821,7185.0,4,0,1,0,1.0,0
0.3255,33,0,1.0734,2835.0,4,0,0,0,0.0,0
0.1525,55,0,0.6394,3758.0,5,0,0,0,1.0,0
0.2671,34,0,0.5763,4689.0,12,0,0,0,1.0,0
1.593,59,0,0.7497,5421.0,4,0,2,0,1.0,0
0.1852,45,0,0.5014,11191.0,11,0,1,0,3.0,0
0.4172,41,0,0.3394,6392.0,7,0,0,0,0.0,0
1.209,28,0,1.2249,2983.0,9,0,1,0,1.0,1
0.0034,51,0,0.8978,,9,0,0,0,1.0,0
0.1036,36,0,0.5615,5502.0,6,0,3,0,0.0,0
0.0594,31,0,0.4855,,8,0,2,0,1.0,0
0.4673,55,0,0.8042,11711.0,5,0,1,0,3.0,0
0.6692,66,0,0.2445,6878.0,12,0,1,0,0.0,0
0.3544,58,0,0.3487,5671.0,5,0,1,0,1.0,0
0.0831,32,0,0.0926,5317.0,10,0,1,0,2.0,0
0.2619,50,0,0.1706,3399.0,9,0,0,0,1.0,0
0.1173,62,0,0.0946,,7,0,0,0,0.0,0
0.8138,50,1,0.4768,10727.0,8,1,0,3,1.0,0
1.5562,57,0,0.6066,10204.0,8,0,2,0,1.0,0
0.6348,46,0,0.4105,5945.0,6,0,0,0,2.0,0
0.041,47,0,0.355,7959.0,7,0,2,0,1.0,0
2.8915,43,0,0.2296,2538.0,2,0,2,0,1.0,0
0.1545,61,0,0.3669,10378.0,5,0,1,0,1.0,0
0.4491,61,0,0.0656,2039.0,7,0,1,0,0.0,0
0.8285,44,0,0.3135,4870.0,9,0,1,0,1.0,0
0.8221,63,1,0.2552,,13,0,1,2,0.0,0
0.7034,32,0,0.1698,,6,0,0,0,1.0,1
0.0835,50,0,0.7978,11189.0,16,0,0,0,0.0,0
0.1805,33,0,0.1966,,7,0,0,0,0.0,0
0.6923,36,0,0.4487,2037.0,8,0,1,0,0.0,0
0.225,33,0,0.5567,2342.0,8,0,0,0,0.0,0
0.6346,43,0,0.2136,2723.0,15,0,2,0,0.0,0
0.277,61,0,0.5907,8548.0,10,0,2,0,3.0,0
0.8261,51,0,0.3932,,8,0,1,0,0.0,0
0.2474,44,0,0.6945,7317.0,9,0,3,0,0.0,0
0.2021,50,0,0.0715,,6,0,1,0,2.0,0
0.3933,23,0,0.4645,16787.0,10,0,3,0,1.0,0
0.2705,60,0,0.3003,,8,0,1,0,0.0,0
0.7448,21,0,0.381,3324.0,4,0,1,0,1.0,0
0.1036,42,0,0.1948,4320.0,4,0,3,0,2.0,0
1.3253,51,1,0.2692,6449.0,5,0,0,1,0.0,0
0.179,58,0,0.7811,13456.0,5,0,1,0,0.0,0
0.121,55,0,0.597,2959.0,12,0,1,0,0.0,0
0.2659,51,0,0.0255,829.0,8,0,1,0,1.0,0
0.8571,72,4,0.5739,4692.0,9,0,1,0,0.0,1
0.0482,80,0,0.3858,6491.0,5,0,1,0,1.0,0
6.6885,52,0,0.6597,,6,0,2,0,1.0,0
0.6094,51,0,0.1645,1288.0,5,0,0,0,0.0,0
6.9832,50,0,0.3767,8524.0,5,0,2,0,0.0,0
1.3474,43,0,0.3787,5427.0,11,0,0,0,0.0,0
0.7997,57,0,0.2445,16553.0,11,0,0,0,1.0,0
0.2045,70,0,0.4339,7264.0,8,0,1,0,2.0,0
0.2324,21,0,0.4968,2374.0,6,0,1,0,0.0,0
2.1982,50,0,0.9677,6456.0,6,0,1,0,2.0,0
0.0146,73,0,0.6007,5093.0,10,0,2,0,1.0,0
0.4736,58,0,0.2613,2904.0,7,0,1,0,1.0,0
0.9367,58,2,0.124,11913.0,13,1,1,0,0.0,0
0.7393,30,0,0.3965,,10,0,2,0,3.0,0
0.1149,62,0,0.772,8564.0,6,0,1,0,0.0,0
0.2034,66,0,0.4345,,6,0,0,0,0.0,0
0.471,55,0,0.7035,14967.0,9,0,2,0,0.0,0
0.4956,43,0,0.7342,2578.0,6,0,1,0,0.0,0
0.6804,58,0,0.2775,6027.0,9,0,1,0,1.0,0
0.2589,37,0,0.1942,2156.0,13,0,0,0,1.0,0
1.2501,36,0,0.1123,1233.0,5,0,1,0,0.0,0
0.9874,63,0,0.4015,3483.0,13,0,1,0,1.0,0
6.9004,67,3,0.1985,,7,0,0,0,0.0,0
0.3772,42,0,0.6907,6264.0,5,0,1,0,1.0,0
0.8083,36,0,0.6729,4790.0,7,0,0,0,1.0,0
0.2076,40,0,0.1891,,7,0,2,0,0.0,0
5.0104,55,0,0.3747,6897.0,8,0,0,0,1.0,0
0.0881,36,0,0.2131,8711.0,7,0,0,0,0.0,0
0.1174,70,0,0.5838,3539.0,8,0,1,0,0.0,0
0.5525,45,0,0.0616,,7,0,0,0,1.0,0
0.702,57,0,0.2327,7296.0,10,0,1,0,0.0,0
0.4442,42,0,0.2292,2408.0,5,0,0,1,0.0,0
0.2416,60,0,0.2185,5315.0,9,0,1,0,1.0,0
0.022,61,1,0.7674,7479.0,5,0,2,0,1.0,0
0.2371,29,0,0.1968,5630.0,7,0,0,0,1.0,0
1.8676,42,0,0.4648,,5,0,1,0,0.0,0
1.1245,50,0,0.3148,5112.0,13,0,1,0,2.0,0
0.196,45,0,0.1758,8516.0,8,0,1,0,1.0,0
0.1323,64,0,0.1178,14847.0,3,0,0,0,1.0,0
0.5325,44,0,0.5351,5767.0,9,0,3,0,0.0,0
1.4507,62,0,0.7702,9514.0,13,0,2,0,0.0,0
0.0005,59,0,0.6034,10911.0,8,0,1,0,1.0,0
0.2477,50,0,0.577,10618.0,11,0,0,0,1.0,0
0.5224,63,0,0.7181,2288.0,8,0,2,0,0.0,0
0.864,30,0,0.1034,1815.0,6,0,1,0,1.0,0
0.2041,51,0,0.2418,4077.0,6,0,1,0,1.0,0
6.2839,41,2,0.2016,9444.0,6,0,2,0,0.0,0
0.1819,51,0,0.0447,2975.0,10,0,2,0,1.0,0
0.197,45,0,0.7455,10156.0,5,0,0,0,,0
0.0265,53,0,0.2605,,12,0,0,0,0.0,0
3.3321,52,0,0.8662,,7,0,1,0,0.0,0
0.1735,54,0,0.5613,5728.0,5,0,2,0,3.0,0
0.5244,54,0,0.3775,10204.0,5,0,0,0,1.0,0
0.0559,60,0,1.1842,8644.0,8,0,1,0,0.0,0
0.2969,34,0,0.0875,8518.0,7,0,0,0,0.0,0
0.0044,59,0,0.0648,,5,0,1,0,1.0,0
0.2844,31,0,0.4822,5098.0,14,0,0,0,,0
0.329,21,0,0.6314,,7,0,1,0,1.0,0
0.4073,80,0,0.3523,,9,0,1,0,0.0,0
1.7246,39,0,0.3926,3479.0,9,0,0,0,1.0,0
0.3544,46,0,0.2327,4533.0,8,0,0,0,4.0,0
0.6728,26,0,0.6202,,8,0,2,0,1.0,0
0.3532,46,0,0.6479,1858.0,6,0,0,0,1.0,0
3.5848,55,0,0.3958,5475.0,8,0,1,0,3.0,0
0.1435,55,0,0.2924,6322.0,9,0,0,0,0.0,0
0.3596,35,0,0.6972,4749.0,4,0,0,0,0.0,0
0.4064,46,0,0.5225,5165.0,6,0,0,0,1.0,0
0.2599,57,0,0.4541,5879.0,7,0,0,0,1.0,0
0.4285,55,0,0.8091,4354.0,11,0,1,0,1.0,0
0.2366,54,0,0.4295,,8,0,1,0,0.0,0
0.1266,63,0,0.1795,,5,0,2,0,3.0,0
0.8225,50,0,1.1228,5614.0,9,0,1,0,1.0,0
0.2415,71,0,0.5664,2451.0,10,0,2,0,2.0,0
2.544,48,0,0.2159,4911.0,9,0,0,0,0.0,0
4.1827,62,0,0.0642,,6,0,2,0,0.0,0
0.5516,62,0,1.0715,8040.0,6,0,0,0,0.0,0
0.5312,29,0,0.8605,,10,0,1,0,0.0,0
0.4882,58,0,0.2544,,10,0,3,0,0.0,0
0.741,43,0,0.5976,2110.0,5,0,1,0,1.0,0
0.3603,38,0,0.2299,3038.0,6,0,0,0,1.0,0
0.0916,46,0,0.1144,2155.0,9,0,2,0,0.0,0
0.8854,54,0,0.4666,3208.0,7,0,0,0,0.0,0
0.3177,30,0,0.7629,6394.0,14,0,0,0,0.0,0
0.1379,52,0,0.5395,6004.0,8,0,0,0,2.0,0
0.0733,49,0,0.0579,5459.0,10,0,2,0,1.0,0
0.4017,67,1,0.0921,,5,0,1,0,0.0,0
0.3627,43,0,0.8521,3654.0,7,0,2,0,0.0,0
0.0816,69,0,0.6398,2283.0,5,0,3,0,0.0,0
0.6307,57,0,0.6328,1865.0,10,0,1,0,0.0,0
0.2571,52,0,0.3012,6530.0,8,0,2,0,1.0,0
0.2397,70,0,0.382,,7,0,2,0,0.0,0
0.4843,79,0,0.8235,,6,0,0,0,0.0,0
0.8011,49,0,0.5377,4780.0,7,0,0,0,1.0,0
4.6237,42,0,0.7834,,5,0,1,0,1.0,0
0.2981,58,0,0.1783,3460.0,5,0,1,0,1.0,0
0.457,32,0,0.1373,3291.0,9,0,3,0,0.0,0
6.6405,34,2,0.4588,4201.0,7,0,3,0,0.0,0
0.0841,70,0,0.2779,18147.0,11,0,1,0,0.0,0
0.0343,60,0,0.4355,15176.0,6,0,1,0,2.0,0
0.8434,40,0,0.7984,4593.0,11,0,0,0,1.0,0
0.6548,95,0,0.2239,8303.0,7,0,0,0,2.0,0
0.1924,33,0,0.1851,,6,0,1,0,0.0,0
0.3735,61,0,0.4577,,9,0,0,0,0.0,0
1.7434,41,0,0.9006,,5,0,2,0,0.0,0
0.3786,77,0,0.1864,1799.0,9,0,1,0,1.0,0
0.5464,45,0,0.3775,8303.0,6,0,0,0,1.0,0
0.0169,48,0,0.1682,6243.0,5,0,1,0,1.0,0
0.3676,27,3,0.99,8069.0,13,0,1,0,2.0,0
0.6186,81,0,0.5156,8844.0,1,0,1,0,0.0,0
0.5689,43,0,0.8631,3630.0,6,0,2,0,2.0,0
0.9966,59,0,0.3144,4401.0,5,0,3,0,2.0,0
0.053,52,0,0.5974,3899.0,14,0,3,0,2.0,0
2.9364,44,2,0.7516,9672.0,13,0,1,0,0.0,0
0.1516,21,0,0.675,3345.0,8,0,1,0,1.0,0
3.8458,49,0,0.1929,,10,0,3,0,2.0,0
0.1794,48,0,0.1311,7132.0,2,0,0,0,2.0,0
1.8086,56,0,0.9521,6768.0,6,0,0,0,1.0,0
0.4743,82,0,0.2247,10668.0,16,0,0,0,0.0,0
0.3779,61,0,0.4868,8671.0,12,0,2,0,0.0,0
1.4344,64,0,0.1641,8229.0,11,0,2,0,1.0,0
0.1849,48,0,0.098,2233.0,6,0,2,0,0.0,0
0.4107,34,0,0.0541,5553.0,7,0,0,0,1.0,1
0.1799,48,0,0.5055,,4,0,0,0,0.0,0
8.5108,42,0,0.5937,5054.0,7,0,1,2,1.0,1
0.229,51,0,1.0224,4270.0,6,0,2,0,0.0,0
0.0565,45,0,0.1827,10144.0,4,0,1,0,0.0,0
0.3775,29,0,0.2253,3824.0,8,0,2,0,0.0,0
0.085,70,0,0.4411,8991.0,10,0,1,0,2.0,0
0.7184,50,0,0.0462,6407.0,6,0,1,0,2.0,0
0.0146,47,0,0.3851,,8,0,2,0,1.0,0
0.0855,37,0,0.5219,,3,0,1,0,1.0,0
0.2309,45,0,0.3312,3415.0,11,0,1,0,1.0,0
0.0568,40,0,0.3883,10602.0,8,0,2,0,0.0,0
1.261,35,0,0.3746,2915.0,7,1,2,1,1.0,0
1.4442,54,0,0.4312,8491.0,14,0,0,0,1.0,0
0.3495,45,0,0.7734,,9,0,1,0,1.0,0
0.2316,62,0,1.0566,4811.0,4,0,1,0,,0
0.6833,47,0,0.6542,8689.0,7,0,2,0,2.0,0
0.719,54,0,0.1986,,10,0,1,0,0.0,0
0.0907,53,0,0.7567,2375.0,9,0,1,0,2.0,0
0.243,57,0,0.0567,,6,0,0,0,0.0,0
0.6722,40,0,0.6922,6450.0,12,0,1,0,1.0,0
0.8091,65,0,0.7302,3172.0,7,0,1,0,0.0,0
0.4029,35,0,0.4286,16565.0,5,0,1,0,1.0,0
0.2739,53,0,0.1595,5801.0,9,0,0,0,3.0,0
0.466,35,0,0.1323,,10,0,0,0,3.0,0
0.3027,50,0,0.6788,3948.0,6,0,1,0,1.0,0
1.2558,64,0,0.662,514.0,6,0,0,0,1.0,0
0.4688,60,0,0.2209,7985.0,7,0,3,0,1.0,0
2.606,67,0,0.3499,2890.0,13,0,2,0,0.0,0
0.1939,48,0,0.1332,,6,0,0,0,0.0,0
0.2113,65,0,0.3406,7305.0,10,0,1,0,1.0,0
0.0218,42,0,0.0573,7237.0,11,0,0,0,3.0,0
0.1578,46,0,0.6389,6471.0,9,0,0,0,1.0,0
0.3725,54,0,0.3654,,8,0,1,0,0.0,0
0.0028,64,0,0.6531,3977.0,8,0,2,0,2.0,0
0.3179,44,0,0.2441,8118.0,8,0,4,0,1.0,0
0.7252,62,0,0.3479,9334.0,5,0,1,0,0.0,0
0.3205,55,0,0.1204,6444.0,11,0,1,0,1.0,0
0.3138,57,0,0.5063,15250.0,8,0,1,0,2.0,0
1.5086,40,0,0.689,11163.0,4,0,0,0,2.0,0
0.3935,47,0,0.0358,2162.0,8,0,2,0,1.0,0
0.7888,51,1,0.7796,,9,0,0,0,0.0,0
0.4389,57,0,0.7826,2760.0,9,0,0,0,1.0,0
1.6565,41,0,0.5569,4729.0,6,0,3,0,0.0,0
0.1086,34,0,0.1472,5300.0,11,0,0,0,0.0,0
0.0404,22,0,0.5112,5148.0,8,0,2,0,2.0,0
0.7546,62,0,0.842,5358.0,6,0,2,0,1.0,0
0.9479,65,0,0.2949,15460.0,7,0,1,0,1.0,0
0.686,24,0,0.0777,3130.0,12,0,1,0,0.0,0
0.1806,53,0,1.0778,,6,0,3,0,3.0,0
0.2859,47,0,0.2744,,8,0,1,0,0.0,0
0.0564,69,0,0.0925,,6,0,2,0,0.0,0
0.2858,49,0,0.0761,8505.0,7,0,2,0,0.0,0
0.3523,60,0,0.5823,9946.0,8,0,1,0,1.0,0
0.4651,46,0,0.7082,,12,0,0,0,1.0,0
0.1095,42,0,0.4628,1382.0,11,0,0,0,2.0,0
0.6391,63,0,0.2462,4193.0,11,0,0,0,1.0,0
0.3468,67,0,1.224,3482.0,9,0,0,0,0.0,0
0.5468,34,0,0.3339,7776.0,7,0,1,0,1.0,0
1.4517,68,0,0.6707,,18,1,0,0,2.0,0
5.688,38,0,0.5121,4283.0,11,0,2,0,,1
0.0318,21,0,0.6842,3048.0,7,0,0,0,2.0,0
0.1108,52,0,0.6089,3313.0,9,0,0,0,2.0,0
0.1297,59,0,0.7392,5214.0,10,0,1,0,1.0,0
0.1357,31,0,1.1119,18410.0,11,0,1,0,0.0,0
0.0032,24,0,0.8468,2942.0,6,0,0,0,0.0,0
0.3623,45,0,0.1176,12304.0,3,0,1,0,3.0,0
0.1035,43,0,0.6493,4649.0,5,0,1,0,2.0,0
0.1021,71,0,0.2753,,8,0,1,0,0.0,0
0.6279,52,0,0.4286,4903.0,8,0,1,0,0.0,0
0.6225,62,0,0.04,,9,0,0,0,2.0,0
0.4614,55,0,0.7928,12959.0,12,0,2,0,0.0,0
0.1566,74,0,0.1908,11432.0,6,0,1,0,0.0,0
1.3611,40,0,0.3195,,4,0,0,0,0.0,0
3.6824,51,0,0.2751,30546.0,6,0,1,0,2.0,0
0.3846,30,0,0.4589,11090.0,6,0,0,0,0.0,0
0.1314,63,0,0.3706,4933.0,6,0,1,0,3.0,0
0.2109,68,0,0.226,11018.0,13,0,3,0,1.0,0
0.6427,64,0,0.0276,12070.0,8,0,1,0,0.0,0
0.4221,50,0,0.8517,1999.0,12,0,0,0,0.0,0
0.1044,31,0,0.6777,3273.0,5,0,1,0,1.0,0
0.8895,51,0,0.8334,1716.0,14,0,0,0,0.0,0
4.9722,43,0,0.415,6251.0,11,0,1,0,0.0,0
2.1326,65,1,0.6522,8364.0,8,0,2,0,0.0,0
0.064,46,0,0.3607,6129.0,11,0,0,0,3.0,0
0.044,46,1,0.6071,,8,0,1,0,0.0,0
0.6255,82,0,0.7792,4003.0,13,0,1,0,0.0,0
0.4485,63,0,0.4237,,11,0,2,0,,0
0.519,67,0,0.7154,,8,0,2,0,0.0,0
0.22,45,0,0.7874,3441.0,8,0,1,0,1.0,0
0.109,37,0,0.3771,3744.0,6,0,1,0,0.0,0
0.5289,67,0,0.694,4653.0,8,0,1,0,1.0,0
5.4776,73,1,0.238,6046.0,9,0,2,0,0.0,0
0.5178,34,0,0.3129,9614.0,9,0,0,0,1.0,0
0.4909,45,0,0.295,8491.0,6,0,1,0,0.0,0
0.1375,39,0,0.4875,7556.0,8,0,0,0,1.0,0
0.1431,59,0,0.8218,,5,0,1,0,3.0,0
0.0972,67,0,0.1602,6423.0,10,0,1,0,4.0,0
0.0185,47,0,0.2786,4119.0,6,0,2,0,1.0,0
0.8647,47,0,0.0222,,6,0,0,4,0.0,0
0.695,25,0,1.3346,8294.0,9,0,1,0,0.0,0
0.1085,39,0,0.4891,11067.0,6,0,4,0,0.0,0
1.0388,73,0,0.2402,10078.0,13,0,1,0,1.0,0
2.3424,59,0,0.6309,,10,0,2,0,,1
0.253,65,0,0.1807,8031.0,8,0,0,0,1.0,0
1.0554,47,0,0.5757,11672.0,17,0,0,0,2.0,0
0.6265,48,0,0.5034,4461.0,8,0,0,0,,0
0.7162,52,0,0.3185,3806.0,9,0,1,0,0.0,0
0.6994,57,0,0.539,4693.0,6,0,1,0,0.0,0
0.1542,71,0,0.0496,3047.0,6,0,1,0,1.0,0
0.4912,43,0,0.5851,3224.0,7,0,0,0,0.0,0
0.6143,50,0,0.3912,4580.0,9,0,0,0,0.0,0
0.0313,41,0,0.3011,3438.0,7,0,0,0,3.0,0
0.461,24,0,0.7131,7126.0,11,0,0,0,1.0,0
0.7403,65,0,0.3546,16552.0,8,0,0,0,1.0,0
1.0841,76,0,0.1422,5096.0,8,0,2,0,0.0,0
0.3224,63,0,0.5305,11078.0,4,0,2,0,0.0,0
0.8449,55,0,0.7401,24946.0,7,0,0,0,1.0,0
0.4604,78,0,0.2657,8341.0,5,0,0,0,3.0,0
0.3136,58,0,0.1604,5235.0,5,0,0,0,2.0,0
0.6133,63,0,0.1094,,9,0,1,0,0.0,0
0.9093,54,5,0.6476,1912.0,4,0,0,0,3.0,0
0.5465,56,0,1.0309,10090.0,6,0,0,0,2.0,0
1.0665,50,0,0.4535,,14,0,1,0,0.0,0
0.2981,64,0,0.7476,10217.0,7,0,2,0,0.0,0
0.727,37,0,0.4085,2287.0,8,0,1,0,0.0,0
0.0641,58,0,0.3576,6745.0,13,0,2,0,0.0,0
1.4416,40,4,0.3845,7207.0,9,0,0,0,3.0,0
0.3608,59,0,1.0226,4121.0,9,0,0,0,1.0,0
0.3663,86,3,0.3555,15310.0,10,0,2,0,0.0,0
0.8138,62,0,0.1798,3828.0,7,0,0,0,1.0,0
0.3631,68,2,0.3654,6722.0,1,0,3,1,0.0,0
0.2575,65,0,0.5027,3915.0,10,0,1,0,0.0,0
0.1268,21,0,0.0725,2540.0,8,0,1,0,4.0,0
0.459,50,0,0.6677,14586.0,8,0,0,0,0.0,0
0.2388,58,0,0.7232,3859.0,8,0,0,0,0.0,0
1.347,23,0,1.0487,4370.0,11,0,2,0,0.0,0
0.6738,48,0,0.1782,,8,0,0,0,0.0,1
0.6022,51,0,0.3629,4948.0,12,0,1,0,1.0,0
0.0435,35,0,0.4875,6708.0,8,0,1,0,0.0,0
0.0502,38,0,0.1454,1278.0,8,0,1,0,0.0,0
0.369,71,0,0.0863,3487.0,9,0,0,0,1.0,0
0.1919,21,0,0.7596,,9,0,1,0,3.0,0
1.0268,56,0,0.4859,12289.0,7,0,0,0,2.0,0
0.2229,68,0,1.0884,33988.0,5,0,3,0,0.0,0
2.9735,52,0,0.5388,2043.0,10,0,1,0,1.0,0
0.3205,72,0,0.3249,12074.0,4,0,1,0,1.0,0
0.6123,46,0,0.1704,4143.0,6,0,0,0,1.0,0
1.9744,39,0,0.5122,1629.0,7,0,0,0,1.0,0
0.331,52,0,0.7988,3444.0,6,1,0,0,0.0,0
0.2934,47,0,0.8415,9133.0,2,0,1,0,1.0,0
0.3437,44,0,0.2042,18250.0,8,0,2,0,1.0,0
0.497,49,0,0.9723,2944.0,7,0,1,0,1.0,0
0.124,41,0,0.7677,18595.0,6,0,1,0,1.0,0
0.4256,40,0,0.0755,6408.0,10,0,0,0,0.0,0
0.2652,36,0,0.0481,1642.0,5,0,1,0,0.0,0
0.7501,58,3,0.6878,17243.0,13,0,1,0,0.0,0
0.1912,38,0,0.5255,5079.0,8,0,2,0,0.0,0
0.0404,35,0,0.6413,4206.0,3,0,1,0,1.0,0
0.6472,37,0,0.6289,3220.0,14,0,0,0,3.0,0
0.2849,55,0,0.9054,14524.0,5,0,1,0,1.0,0
0.0051,61,0,0.2242,5280.0,9,0,0,0,3.0,0
0.2873,63,0,0.7651,18004.0,5,0,0,0,0.0,0
0.3187,55,0,0.2252,,6,0,1,0,0.0,0
0.0649,59,0,0.8535,4854.0,7,0,0,0,0.0,0
0.5856,51,0,0.2938,5510.0,11,0,3,0,1.0,0
0.2582,58,0,0.9958,2805.0,9,0,0,0,0.0,0
0.4614,58,0,0.1964,1769.0,6,0,2,0,0.0,0
0.1805,42,0,1.1777,15835.0,8,0,0,0,1.0,0
0.0062,37,0,0.0355,3122.0,11,0,2,0,0.0,0
0.2364,71,0,0.4833,8600.0,8,0,1,0,2.0,1
0.5868,54,0,0.5848,,6,0,4,0,2.0,0
0.6149,67,0,0.5054,,4,0,1,0,4.0,1
0.0708,37,0,0.3104,,11,0,0,0,0.0,0
0.0518,46,0,0.3223,5210.0,6,0,2,0,1.0,0
0.201,33,0,0.178,4810.0,5,0,1,0,0.0,0
2.5927,61,0,0.6193,10084.0,9,0,2,0,0.0,0
0.445,43,0,0.3038,4831.0,3,0,1,0,1.0,0
0.065,44,0,0.4557,4926.0,6,0,2,0,0.0,0
0.9851,79,0,0.8675,17457.0,5,0,0,0,1.0,0
4.6102,61,0,0.1817,3325.0,8,0,1,0,0.0,0
0.1549,61,0,0.6193,11278.0,6,0,1,0,0.0,0
1.8287,35,0,0.1909,,8,0,0,0,4.0,0
0.2512,26,0,0.5499,3911.0,9,0,1,0,1.0,0
0.1622,66,0,0.3289,4081.0,10,0,0,0,1.0,0
0.0034,21,0,0.1292,3257.0,11,0,2,0,0.0,0
1.1708,45,0,0.3893,4988.0,12,0,1,0,0.0,0
2.4874,41,0,0.6343,1517.0,9,0,0,0,1.0,0
0.204,39,0,0.565,10885.0,5,0,0,0,,0
0.6398,46,0,0.1071,2434.0,3,0,2,0,0.0,0
4.2388,37,0,0.4909,1846.0,4,0,1,0,2.0,0
0.2479,35,0,0.689,6241.0,6,0,3,0,2.0,0
1.2356,56,0,0.101,3636.0,6,0,2,0,2.0,1
0.7186,67,0,0.5862,,4,0,1,0,3.0,0
0.109,28,0,0.6281,4476.0,6,0,0,0,0.0,0
0.5572,55,0,1.319,4710.0,12,0,2,0,1.0,1
0.8127,60,0,0.4278,7461.0,12,0,1,0,0.0,0
0.5174,58,0,0.4356,4203.0,11,0,1,0,0.0,0
0.5839,49,0,1.6499,2452.0,10,0,1,0,0.0,0
4.0623,44,0,0.2094,5419.0,9,0,0,0,1.0,0
2.4085,63,0,0.4222,8784.0,7,0,0,0,1.0,0
0.0398,57,1,0.762,10956.0,6,1,1,1,1.0,0
2.2118,25,0,0.3652,8194.0,7,0,1,0,1.0,0
0.074,49,0,0.0619,,6,0,1,0,2.0,0
0.6753,53,0,0.8868,5648.0,4,0,1,2,1.0,0
0.2939,37,0,0.0989,8543.0,6,0,0,0,2.0,0
0.4799,49,0,0.1593,6505.0,7,0,3,0,1.0,0
0.26,59,0,0.3673,,11,0,0,0,0.0,0
0.185,40,0,0.1227,2389.0,6,0,1,0,1.0,0
0.327,55,0,0.3137,13019.0,11,0,1,0,0.0,0
0.2733,38,0,1.1699,,9,0,2,0,0.0,0
0.1754,35,0,0.6119,,10,0,3,0,0.0,0
0.1696,61,0,0.5497,,7,0,0,0,2.0,0
0.3361,68,0,0.6867,9603.0,8,0,1,0,0.0,0
0.3195,35,0,0.2436,,6,0,0,0,0.0,0
0.1689,65,0,0.7645,5844.0,5,0,0,0,1.0,0
0.1175,52,0,0.2408,5503.0,5,0,2,0,3.0,0
0.2284,21,0,0.6876,2961.0,12,0,1,0,0.0,0
0.8593,32,0,0.689,3913.0,7,0,1,0,0.0,0
0.03,61,0,0.1316,25277.0,8,0,1,0,0.0,0
0.2681,29,0,0.2031,,8,0,1,0,2.0,0
0.6203,43,0,0.4501,5496.0,10,0,1,0,3.0,0
6.0609,51,0,0.2048,5362.0,7,0,1,0,3.0,0
0.2235,58,0,0.6991,2424.0,6,0,1,0,1.0,0
8.4518,55,0,0.2024,11746.0,7,0,2,0,1.0,0
0.0616,74,0,0.8877,4766.0,9,0,0,0,1.0,0
0.737,41,0,0.3859,4958.0,6,0,0,0,0.0,0
4.495,53,1,1.0193,,4,0,1,1,,0
0.4761,58,0,0.0644,9303.0,5,0,2,0,1.0,0
0.374,62,0,0.6969,6167.0,8,0,1,0,1.0,0
0.2536,67,0,0.9487,,4,0,1,0,0.0,0
0.3894,46,0,0.462,3196.0,11,0,1,0,0.0,0
0.2164,61,0,0.8148,2381.0,9,0,0,0,1.0,0
0.0726,39,0,0.451,3596.0,10,0,0,0,0.0,0
1.5047,51,0,0.1059,,9,0,0,0,3.0,0
0.2877,59,0,0.6841,2359.0,6,0,2,0,1.0,0
0.4082,66,0,0.8389,3836.0,6,0,3,0,0.0,0
1.2624,60,0,0.5207,,8,0,2,0,0.0,0
0.4512,53,0,0.1698,7165.0,8,0,1,0,2.0,0
0.2913,51,0,0.0247,,11,0,0,0,1.0,0
0.1692,60,0,1.0301,4077.0,12,0,1,0,0.0,0
1.9738,83,0,0.4982,8661.0,7,0,0,0,0.0,0
0.2833,64,0,0.4441,1332.0,7,0,2,0,0.0,0
0.0529,57,0,0.0149,,9,0,0,0,1.0,0
0.1225,33,0,1.0122,8009.0,9,0,4,0,1.0,0
0.2843,40,0,0.5884,7809.0,7,0,2,0,1.0,0
0.2669,47,0,0.2,2773.0,10,0,2,0,2.0,0
3.4288,65,0,0.0595,6152.0,4,0,1,0,2.0,0
0.3216,39,0,0.409,5489.0,11,0,0,0,2.0,0
0.5258,61,0,0.1308,4589.0,5,0,0,0,1.0,0
0.2392,54,0,0.0527,,7,0,1,0,0.0,0
1.74,57,1,0.4674,2566.0,7,0,1,0,2.0,0
0.6134,49,0,0.3553,4992.0,9,0,2,0,2.0,0
0.103,44,0,0.6435,11765.0,9,0,1,0,0.0,0
4.1228,38,0,0.605,,13,0,0,0,1.0,0
0.1247,61,0,0.4887,6373.0,9,0,1,2,2.0,0
0.8119,51,0,0.3367,5039.0,12,0,3,0,0.0,0
0.7358,37,0,0.1532,2813.0,4,0,1,0,0.0,0
0.2503,55,0,0.1888,7705.0,13,0,1,0,1.0,0
0.1428,95,0,0.4693,9627.0,10,0,3,0,1.0,0
0.5405,49,0,0.3528,9202.0,7,0,2,0,1.0,0
0.276,75,0,0.3227,6673.0,7,0,1,0,0.0,0
0.4104,21,0,0.0544,,6,0,2,0,,0
0.064,48,0,0.094,11238.0,6,0,1,0,0.0,0
0.432,65,0,0.5565,7339.0,11,0,2,0,2.0,0
0.4043,52,0,0.436,,14,0,2,0,1.0,0
3.7749,43,0,0.3456,,3,0,0,0,0.0,0
0.4369,52,0,0.6122,5127.0,5,0,2,0,0.0,0
2.9358,66,0,0.6976,4139.0,10,0,0,0,2.0,0
0.1715,82,0,0.9597,,14,0,0,0,0.0,0
2.2217,67,0,0.4153,4009.0,7,0,1,0,0.0,0
0.3791,45,0,0.1784,3061.0,8,0,0,0,3.0,0
2.0044,49,0,0.6022,,10,0,1,0,1.0,0
0.3711,49,0,0.46,,3,0,0,0,0.0,0
0.1787,40,0,0.3178,5077.0,4,0,0,0,0.0,0
0.3124,50,0,0.1777,,5,0,2,0,1.0,0
1.3719,48,0,0.1705,7111.0,12,0,1,0,1.0,0
1.781,35,0,0.7173,1512.0,8,0,1,0,1.0,0
0.5915,64,0,0.9677,3061.0,6,0,0,0,3.0,0
0.1327,58,0,0.039,10762.0,14,0,1,0,0.0,0
0.2849,43,0,0.5586,,6,0,3,0,2.0,0
0.024,54,0,0.5835,,6,0,0,0,0.0,0
3.3898,38,0,0.6936,8713.0,8,0,0,0,0.0,0
0.6959,44,0,0.2064,2561.0,8,0,1,0,0.0,0
0.5371,62,0,0.3713,3465.0,12,0,0,0,3.0,0
0.7263,59,0,0.5757,,6,0,0,0,0.0,0
0.7897,45,0,0.4815,6501.0,11,0,2,0,0.0,0
0.6488,56,0,0.7043,16284.0,8,0,2,0,0.0,0
1.0288,51,0,0.952,,8,0,3,0,0.0,0
0.4463,38,0,0.7571,,9,0,1,0,3.0,0
0.0703,50,0,0.3757,11841.0,4,0,0,0,1.0,0
0.3825,58,0,0.181,1869.0,7,0,0,0,1.0,0
0.4812,56,0,1.2628,4332.0,3,0,1,0,2.0,1
0.2085,28,0,0.1673,7370.0,4,0,1,0,0.0,0
0.9882,54,1,0.4473,2886.0,8,0,4,0,2.0,0
0.5068,52,0,0.2773,2472.0,9,0,1,0,1.0,0
0.2156,25,0,0.8687,7455.0,9,0,2,0,0.0,0
0.5755,41,0,0.4471,13097.0,6,0,1,0,2.0,0
2.7228,59,0,0.5574,12969.0,9,0,4,0,,0
0.471,71,0,0.4626,,8,0,1,0,0.0,1
0.6084,29,0,0.3368,5186.0,3,0,2,0,2.0,0
0.5667,66,0,0.5351,,11,0,1,0,0.0,0
0.6471,26,0,0.4051,2411.0,7,0,1,0,0.0,0
0.5013,72,0,0.1413,3525.0,8,0,1,0,2.0,0
6.7309,49,0,0.3585,4408.0,9,0,4,0,1.0,0
0.0797,42,0,0.6956,4802.0,8,0,1,0,0.0,0
0.4257,57,0,0.7281,2939.0,7,0,1,0,2.0,0
0.7044,39,0,0.466,4472.0,14,0,1,0,1.0,0
0.248,59,0,0.2424,5137.0,9,0,1,0,1.0,0
0.4845,50,0,1.0575,17194.0,3,0,0,0,0.0,0
0.2019,21,0,0.5668,,8,0,1,0,0.0,0
5.2416,41,0,0.271,2610.0,9,0,0,0,4.0,0
0.702,55,0,0.472,5357.0,7,0,1,0,1.0,0
1.6737,67,0,0.2865,7291.0,9,0,0,0,0.0,0
0.1231,57,2,0.5768,,9,0,1,0,0.0,0
0.204,67,0,0.0763,5657.0,6,0,2,0,2.0,0
0.1393,39,0,0.522,1940.0,5,0,2,0,1.0,0
0.105,62,0,0.5413,2413.0,5,0,2,0,3.0,0
0.1111,62,0,0.327,,6,0,1,0,0.0,0
0.1788,29,2,0.3279,8411.0,6,0,2,0,2.0,0
1.1298,67,0,1.113,12916.0,6,0,1,0,0.0,0
0.0617,57,0,0.3782,10426.0,6,0,1,0,0.0,0
0.5304,48,0,0.8985,5848.0,5,0,1,0,0.0,0
0.0876,48,0,0.2059,2638.0,8,0,1,0,0.0,0
0.3971,37,0,0.7989,5709.0,6,0,2,0,2.0,0
0.5942,61,0,0.2024,5056.0,15,0,1,0,0.0,0
0.3465,56,0,0.2616,2583.0,3,0,1,0,1.0,0
0.3341,60,0,0.4981,7369.0,9,0,0,0,0.0,0
0.0234,53,0,0.4852,8786.0,6,0,1,0,1.0,0
1.4668,55,0,0.3299,2858.0,4,0,1,0,0.0,0
0.2891,48,0,0.7739,,2,0,1,0,1.0,0
5.9316,67,0,0.7508,2072.0,5,0,3,0,0.0,1
0.4191,60,0,0.3644,9603.0,7,0,0,0,3.0,1
0.13,54,0,0.7359,18395.0,7,0,2,0,1.0,0
0.0144,50,0,0.0743,3129.0,7,0,3,0,0.0,0
0.1156,27,0,0.4562,2793.0,8,0,0,0,0.0,0
1.0086,24,1,0.4715,,10,0,1,0,0.0,0
0.1303,47,0,0.1844,14937.0,12,0,2,0,0.0,0
6.1953,70,0,0.2306,7307.0,4,0,2,0,1.0,1
0.027,42,0,0.6906,5461.0,10,0,0,0,2.0,0
0.4897,43,0,0.1743,5838.0,7,0,1,0,0.0,0
0.2663,38,0,0.0654,8349.0,7,0,1,0,2.0,0
0.2954,34,0,0.7245,,7,0,2,0,1.0,0
0.3926,39,0,0.8143,12136.0,11,0,2,0,0.0,0
2.4934,56,0,0.2164,834.0,11,0,0,0,0.0,0
0.8707,45,0,0.1213,4230.0,6,0,1,0,1.0,0
0.997,44,0,0.3547,8867.0,7,0,0,0,1.0,0
1.0036,43,0,0.683,5759.0,6,0,3,0,2.0,0
0.0508,55,0,0.6013,3950.0,4,0,0,0,1.0,0
0.1051,57,0,0.7124,6407.0,1,0,1,0,1.0,0
0.0339,26,0,0.3636,7934.0,9,0,2,0,,0
0.3744,41,0,0.3854,8398.0,5,0,1,0,1.0,0
0.4194,51,0,0.168,1933.0,5,0,1,0,0.0,0
0.2274,58,0,0.7114,2062.0,8,0,2,0,0.0,0
0.3137,54,0,0.7926,7786.0,8,0,0,0,0.0,0
0.5964,64,0,0.7143,9703.0,8,0,1,0,0.0,0
0.6748,32,0,0.6175,1127.0,8,0,1,0,1.0,0
0.0763,58,0,0.1037,4014.0,10,0,0,0,0.0,0
0.0177,81,0,0.7555,3222.0,8,0,1,0,3.0,0
0.3193,53,0,0.2912,,7,0,1,0,2.0,0
0.1823,53,0,0.1768,2751.0,8,0,1,0,0.0,0
0.6624,59,0,0.4447,3209.0,5,0,2,0,1.0,0
0.6438,44,0,0.246,2820.0,9,0,0,0,1.0,0
0.7882,39,0,0.4659,4938.0,9,0,1,0,1.0,0
0.0685,53,0,0.5337,,9,0,1,0,0.0,0
0.0388,29,1,0.2606,7521.0,8,0,1,0,0.0,1
0.3083,58,0,0.3744,3671.0,5,0,1,0,0.0,0
0.3862,60,0,0.1308,6287.0,4,0,1,0,0.0,0
0.528,30,0,0.1663,5570.0,8,0,2,0,0.0,0
4.7416,54,0,0.3573,,11,0,0,0,0.0,0
0.8026,49,0,0.3982,2358.0,6,0,1,0,0.0,0
0.6123,73,0,0.7513,5559.0,11,0,0,0,2.0,0
0.533,70,0,0.2297,3411.0,6,0,1,0,2.0,0
4.1782,64,2,0.4134,3065.0,6,0,0,0,0.0,0
0.4847,69,0,0.1293,5070.0,5,0,1,0,0.0,0
0.9839,47,0,0.2822,6138.0,8,0,3,0,2.0,0
0.41,56,0,0.7082,1363.0,10,0,0,0,0.0,0
0.111,48,0,0.6942,4631.0,11,0,1,0,0.0,0
0.3444,38,0,0.7174,,3,0,1,0,1.0,0
3.8716,53,0,0.1513,20080.0,10,0,0,0,0.0,0
0.582,51,0,0.2861,13688.0,8,0,1,0,1.0,0
0.5691,49,0,0.579,8715.0,5,0,2,0,1.0,0
0.4033,51,0,0.8033,13094.0,3,0,1,0,1.0,0
0.4156,53,0,0.6455,9511.0,6,0,0,0,1.0,0
0.9141,64,0,0.2606,2154.0,3,0,2,0,3.0,0
0.2118,44,0,0.443,2221.0,5,0,1,0,,0
0.1163,34,0,1.3081,4997.0,5,0,0,0,2.0,0
0.1157,61,0,0.2114,3160.0,10,0,0,0,0.0,0
0.4436,64,0,0.0899,7979.0,8,0,1,0,0.0,0
0.0072,57,0,0.3199,7942.0,12,0,0,0,0.0,0
3.2871,36,1,0.2542,6242.0,7,0,1,0,0.0,0
0.0562,50,0,0.7769,5712.0,10,0,1,0,1.0,0
0.395,56,0,0.1426,6998.0,4,0,0,0,0.0,0
0.311,37,1,0.4873,989.0,8,0,1,1,2.0,0
0.1459,41,0,0.1109,9029.0,12,0,0,0,1.0,0
0.5729,50,0,0.3086,8123.0,9,0,1,0,0.0,0
1.5943,69,0,0.4259,,8,0,2,0,0.0,0
0.4325,55,0,0.3588,8313.0,9,0,0,0,1.0,0
0.1975,44,0,0.484,3654.0,12,0,0,0,1.0,0
0.0164,49,0,0.5117,3225.0,10,0,2,0,0.0,0
0.4644,43,0,0.8744,7555.0,10,0,0,0,0.0,0
1.3148,46,1,0.3905,2511.0,6,0,0,0,4.0,0
0.7408,62,0,0.4815,5309.0,9,0,1,0,0.0,0
0.9645,25,0,0.0706,3130.0,11,0,0,0,1.0,0
0.4252,70,0,0.3822,3612.0,8,0,1,0,1.0,0
0.0019,83,0,1.0549,,13,0,0,0,1.0,0
0.7631,54,0,0.2222,2516.0,3,0,0,0,0.0,0
2.8035,40,0,0.8549,,5,0,1,0,0.0,1
0.1417,68,0,0.3894,18019.0,2,0,0,0,1.0,0
0.3517,56,0,1.0176,6374.0,5,0,0,0,0.0,0
1.2678,45,0,0.8957,2025.0,5,0,1,0,1.0,0
0.4145,38,0,0.4009,19772.0,13,0,2,0,1.0,0
0.4271,46,0,0.7366,3240.0,7,0,2,0,1.0,0
0.2291,55,0,0.5724,2601.0,5,0,0,0,,0
0.1308,65,0,0.4875,4089.0,9,0,2,0,1.0,0
0.0805,56,0,0.1195,9418.0,10,0,2,0,1.0,0
0.9434,58,0,0.7588,,8,0,0,0,2.0,0
0.1115,47,1,0.2546,8067.0,8,0,1,1,0.0,0
0.0615,64,1,0.1139,3448.0,9,2,0,2,2.0,0
0.0661,49,0,0.4595,10677.0,10,0,2,0,0.0,0
0.1842,78,0,0.166,7086.0,6,0,1,0,1.0,0
0.5353,43,0,0.0762,,9,0,2,0,1.0,0
1.2326,58,0,0.5776,,5,0,1,0,3.0,0
0.2854,83,0,0.3005,2172.0,7,0,0,0,1.0,0
0.5649,67,0,0.5965,4110.0,7,0,1,0,1.0,0
0.2612,62,0,0.5279,,9,0,2,0,1.0,0
0.1987,56,0,0.4719,2248.0,3,0,1,0,0.0,0
0.0651,53,0,1.0598,5513.0,8,0,0,0,4.0,0
0.1663,50,0,1.1175,16356.0,12,0,1,0,0.0,0
0.5208,44,0,0.0851,,11,0,2,0,0.0,1
0.6528,30,0,0.062,10998.0,13,0,2,0,2.0,0
0.3396,61,0,0.1215,8986.0,9,0,0,0,0.0,0
0.0526,30,0,0.2677,,6,0,1,0,0.0,0
0.1138,61,0,0.4395,3002.0,8,0,1,0,0.0,0
0.1743,48,0,0.9422,,9,0,1,0,0.0,0
0.4933,39,0,0.941,7264.0,6,0,0,0,0.0,0
0.4056,72,0,0.2774,2658.0,13,0,1,1,1.0,0
1.0841,32,0,0.2095,6116.0,9,0,0,0,1.0,0
9.8143,43,0,0.5163,,6,0,0,0,2.0,1
0.3203,44,0,0.287,3430.0,10,0,2,0,,0
0.5632,54,0,0.3002,,9,0,1,0,0.0,0
0.9192,43,0,0.5634,,6,0,0,0,0.0,0
0.269,72,0,0.6647,8147.0,9,0,1,0,1.0,0
0.8901,33,0,0.4789,18472.0,7,0,1,0,0.0,0
0.5532,95,0,0.5934,17839.0,14,0,2,0,1.0,0
1.4086,37,0,0.3802,4320.0,12,0,2,0,1.0,0
1.0536,93,2,0.896,4953.0,8,0,2,0,1.0,0
2.7951,67,0,0.2824,4481.0,6,0,1,0,0.0,0
0.2902,50,0,0.2954,8569.0,8,0,0,0,0.0,0
0.1836,55,0,1.5027,4375.0,13,0,0,0,3.0,0
1.1397,47,0,1.4153,6219.0,8,0,1,0,1.0,0
1.1623,57,0,0.758,7440.0,10,0,0,0,1.0,0
0.6031,42,2,0.021,3645.0,10,0,0,1,0.0,0
0.0221,62,0,0.5755,13621.0,8,0,3,0,2.0,0
0.7487,55,0,0.1603,,5,0,0,0,1.0,0
0.3101,38,0,0.4378,1712.0,6,0,1,0,2.0,0
0.3304,58,2,0.9688,,7,0,3,0,1.0,0
0.3269,57,0,0.3049,,8,0,1,0,1.0,0
10.2789,42,0,0.9113,,6,0,0,0,1.0,0
0.3763,46,0,0.2739,16934.0,9,0,3,0,0.0,0
0.5598,59,0,0.5469,2177.0,9,0,0,0,0.0,0
1.5117,67,0,0.1782,,9,0,1,0,3.0,0
0.2037,50,0,0.6958,5137.0,9,0,2,0,2.0,0
0.1464,65,0,0.3079,7773.0,8,0,1,0,1.0,0
0.0271,68,0,0.5426,9158.0,4,0,2,0,2.0,0
0.8371,70,0,0.8807,9277.0,8,0,3,0,1.0,0
0.3005,58,1,0.4623,,9,2,2,0,0.0,0
0.2724,39,0,0.1757,3220.0,7,0,1,0,0.0,0
0.5198,64,0,0.9963,6484.0,10,0,0,0,1.0,0
0.1388,49,0,1.0716,2826.0,6,0,1,0,0.0,0
0.4009,59,0,0.3786,8097.0,9,0,1,0,0.0,0
0.307,43,0,0.2708,1741.0,6,0,0,0,0.0,0
0.246,44,0,0.384,2503.0,8,0,3,0,1.0,0
0.1287,42,0,0.3724,,5,0,1,0,1.0,0
0.5613,33,0,1.0806,7943.0,8,0,1,0,0.0,0
0.1138,44,0,0.226,,7,0,2,0,0.0,0
0.1915,38,0,0.5026,3537.0,7,0,3,0,3.0,0
0.6343,60,0,0.6955,3991.0,10,0,1,0,1.0,1
0.0254,37,1,0.8525,5378.0,8,0,3,0,1.0,0
0.6844,43,0,0.2906,10525.0,7,0,1,0,0.0,0
0.1802,52,0,0.0678,3509.0,9,0,1,0,2.0,0
0.089,77,1,0.3482,6242.0,7,1,2,1,1.0,0
0.0921,42,0,0.7909,10687.0,5,0,1,0,2.0,0
0.5096,33,0,0.8403,18258.0,11,0,1,0,0.0,0
0.402,34,0,0.0553,3402.0,10,0,1,0,1.0,0
0.3409,40,0,0.5121,1569.0,6,0,1,0,0.0,0
0.6763,43,0,0.6552,,8,0,0,0,0.0,0
0.0744,84,0,0.6185,17214.0,6,0,1,0,0.0,0
0.2061,66,0,0.558,7664.0,10,0,2,0,1.0,0
0.1285,48,0,0.0524,5511.0,9,0,2,0,3.0,0
0.4084,78,0,0.5474,,7,0,1,0,0.0,0
0.3455,43,0,0.4497,,10,0,2,0,1.0,0
0.7556,46,0,0.3659,3740.0,7,0,0,0,0.0,0
0.8346,45,0,0.8698,8581.0,12,0,0,0,2.0,0
0.5437,66,0,0.6396,4776.0,5,0,0,0,1.0,1
0.7154,51,0,0.3918,6604.0,6,0,0,0,0.0,0
0.005,73,0,0.2654,,10,0,1,0,2.0,0
0.9717,58,0,0.2163,5771.0,6,0,2,0,0.0,0
0.2437,65,3,0.5041,,5,0,0,0,1.0,0
0.1877,27,0,0.2261,2086.0,8,0,3,0,0.0,0
1.0601,28,0,0.4578,3303.0,7,0,1,0,0.0,0
0.3852,29,0,0.9917,6946.0,10,0,0,0,0.0,0
0.72,46,0,0.8891,,11,0,1,0,1.0,0
1.6513,30,0,0.2255,9119.0,4,0,1,0,1.0,0
0.5813,69,0,0.3087,7318.0,8,0,0,0,0.0,0
0.2601,49,0,0.2711,3963.0,9,0,1,0,0.0,0
0.4942,61,0,0.6247,7660.0,8,0,1,0,0.0,0
0.9572,45,0,0.6125,1575.0,13,0,1,0,2.0,1
0.4285,64,0,0.251,8654.0,8,0,5,0,0.0,0
0.0937,24,0,0.3225,3013.0,5,0,0,0,2.0,0
0.2448,51,0,0.3505,3407.0,13,0,1,0,2.0,0
0.106,59,0,0.5304,8923.0,10,0,1,0,0.0,0
5.068,60,0,0.316,,7,0,0,0,0.0,0
0.255,48,0,0.1312,6419.0,10,0,0,0,2.0,1
0.7195,28,0,0.4178,1741.0,9,0,3,0,1.0,0
0.3688,66,0,0.3261,6044.0,14,0,2,0,0.0,0
0.1279,47,0,0.8313,,9,0,2,0,0.0,0
2.6553,48,2,0.4426,,7,0,0,0,1.0,0
0.0886,83,0,0.3928,19106.0,1,0,2,0,0.0,0
0.3309,53,0,0.4305,1391.0,7,0,3,0,1.0,0
0.8203,45,0,0.3805,1921.0,6,0,1,0,3.0,0
0.2607,44,0,0.6481,9206.0,8,0,1,0,1.0,0
0.6965,61,0,0.7427,2429.0,6,0,1,0,1.0,0
0.2839,41,0,0.4202,5521.0,7,0,0,0,1.0,0
1.9907,59,0,0.4329,4084.0,5,0,2,0,0.0,0
0.8947,67,0,0.7813,,7,0,3,0,1.0,0
0.1498,51,0,0.2394,3130.0,9,0,1,0,0.0,0
1.8626,66,0,0.0919,4617.0,9,0,2,0,2.0,0
0.1145,51,0,0.3825,2526.0,7,0,0,0,,0
1.0654,42,0,0.8608,5479.0,5,0,0,0,2.0,0
0.0125,29,0,0.8953,2096.0,9,0,0,0,0.0,0
0.2219,56,0,0.367,,9,0,2,0,1.0,0
0.8561,56,0,0.1885,2838.0,8,1,0,0,0.0,0
2.6366,66,0,0.2288,4232.0,4,0,0,0,1.0,0
0.2796,64,0,0.2848,,8,0,4,0,2.0,0
0.2353,81,0,0.2324,5326.0,8,0,1,0,4.0,0
1.5609,44,0,0.5205,3410.0,9,0,0,0,0.0,0
1.9127,57,0,0.1246,4948.0,14,0,0,0,0.0,1
2.4548,42,0,0.671,3112.0,4,0,1,0,2.0,0
0.3107,65,0,0.0787,,6,0,1,0,4.0,0
0.9147,39,0,0.8527,2167.0,7,0,1,0,0.0,0
0.4245,65,0,1.1985,17442.0,4,0,2,0,1.0,0
0.847,42,0,0.27,20656.0,9,0,1,0,0.0,0
0.4211,63,0,0.4379,,11,0,2,0,0.0,0
0.2259,69,0,0.8398,5473.0,9,0,0,0,0.0,0
0.2852,30,0,0.2884,5460.0,7,0,2,0,0.0,1
0.4136,33,0,0.4812,8498.0,11,0,0,0,1.0,0
0.844,55,0,0.5552,,7,0,0,0,0.0,0
3.887,54,0,0.3538,5425.0,5,0,0,0,1.0,0
0.3035,48,0,0.5979,3664.0,10,0,1,0,1.0,0
0.4094,45,0,0.2376,,7,0,1,0,1.0,0
0.3448,40,0,0.6954,12187.0,10,0,0,0,1.0,0
0.6264,57,0,0.8304,8961.0,5,0,0,0,1.0,0
0.0105,38,0,0.2592,4904.0,11,0,1,0,0.0,0
0.251,57,0,0.2756,6026.0,7,0,1,0,0.0,0
0.5259,44,0,0.5034,4332.0,6,0,2,0,2.0,0
0.0833,46,0,0.8412,1947.0,7,0,2,0,,0
0.1657,69,0,0.5601,8430.0,14,0,0,0,0.0,0
0.7086,65,0,0.4006,4587.0,4,0,3,0,1.0,0
0.2401,38,0,0.6024,8808.0,10,0,2,0,2.0,0
0.0812,40,0,0.5681,10778.0,4,0,2,0,1.0,0
0.5521,63,0,0.0188,,3,0,0,0,0.0,0
0.75,32,0,0.5156,2413.0,10,0,0,0,3.0,0
0.5787,72,0,0.4522,5057.0,4,0,0,0,2.0,1
0.2932,54,0,0.7466,6226.0,2,0,1,0,0.0,0
0.4,44,0,0.3927,5427.0,8,0,1,0,0.0,0
0.0443,52,0,0.2517,3006.0,9,0,0,0,2.0,0
0.0706,71,0,0.4707,,11,0,0,0,1.0,0
0.1844,22,0,0.6755,10863.0,8,0,0,0,1.0,0
0.2569,66,0,0.7651,,6,0,0,0,0.0,0
2.4621,69,1,0.6553,11042.0,8,0,4,0,0.0,0
0.1529,48,0,0.3994,,14,0,0,0,0.0,0
0.2677,51,0,0.5078,17046.0,6,0,1,0,0.0,0
0.2713,54,1,0.0413,6152.0,10,0,2,0,1.0,0
0.6955,62,0,0.3913,2876.0,0,0,1,0,0.0,0
0.0603,42,0,0.267,3323.0,9,0,1,0,1.0,0
0.3584,52,0,0.1125,19251.0,11,0,1,0,0.0,0
0.2997,51,0,0.1789,8081.0,9,0,0,0,2.0,0
0.341,62,0,0.4374,6910.0,10,0,0,0,0.0,0
0.362,89,1,0.1583,4064.0,7,0,1,3,0.0,0
3.469,42,0,0.4534,5037.0,9,0,3,0,0.0,0
0.0272,53,0,0.7304,13832.0,17,0,1,0,0.0,0
0.6637,41,0,0.5296,,5,0,1,3,1.0,0
0.3161,45,0,0.1703,8867.0,10,0,1,0,0.0,0
0.4588,37,0,0.3495,5704.0,6,0,0,0,0.0,0
0.6685,31,0,0.5755,7676.0,9,0,2,0,1.0,0
0.26,69,0,0.3828,9951.0,8,0,1,0,0.0,0
12.3777,57,0,0.3033,2921.0,8,0,1,0,0.0,0
1.1649,53,0,0.277,10437.0,6,0,0,0,0.0,0
0.4525,40,0,0.0427,3460.0,7,0,2,0,1.0,0
1.0285,51,0,0.7545,11990.0,13,0,1,0,0.0,0
0.8369,36,0,1.1561,2626.0,8,0,1,0,1.0,0
0.1945,52,0,0.6625,3611.0,4,0,2,0,0.0,0
6.4374,57,0,0.9164,5372.0,10,0,1,0,0.0,0
0.1914,44,0,0.3057,6661.0,5,0,0,0,0.0,0
4.1767,41,0,0.3619,,11,0,0,0,1.0,0
0.0437,45,0,0.4703,,8,0,0,0,0.0,0
0.0403,63,0,0.5889,6938.0,5,0,1,0,0.0,0
0.1659,55,0,0.5714,12754.0,13,0,2,0,1.0,0
0.2991,30,0,0.2426,6686.0,6,0,1,0,0.0,0
0.3077,62,0,0.7922,6343.0,8,0,2,0,1.0,0
2.4224,60,0,0.1975,9382.0,5,0,2,0,0.0,0
0.2395,55,0,0.8125,3325.0,3,0,1,0,0.0,0
1.1411,75,0,0.2716,,12,0,3,0,0.0,0
0.0732,52,0,0.1452,3431.0,5,0,1,0,1.0,0
0.534,58,0,0.2662,,6,0,3,0,0.0,0
0.3601,59,1,0.8388,,5,2,1,0,0.0,0
0.5766,64,0,0.7084,5853.0,4,0,1,0,2.0,0
0.4166,49,0,0.1047,13131.0,11,0,1,0,0.0,0
0.6828,43,0,0.4993,8920.0,7,0,0,0,0.0,0
0.9673,66,0,0.6803,2074.0,7,0,2,0,1.0,0
0.2956,65,0,0.6294,3919.0,11,0,1,0,1.0,0
0.424,70,0,0.0392,13368.0,4,0,2,0,0.0,0
0.7289,58,0,0.1932,,3,0,3,0,2.0,0
1.6189,29,1,0.2178,2576.0,9,0,3,1,1.0,0
0.7896,54,0,0.875,3897.0,5,0,2,0,2.0,0
0.034,52,0,0.6335,,5,0,1,0,0.0,0
0.1306,69,0,0.2578,2447.0,7,0,1,0,1.0,0
0.731,67,0,0.6055,4687.0,4,0,1,0,1.0,0
0.172,61,0,0.2977,,5,0,0,0,1.0,0
0.7654,23,0,0.7318,8583.0,4,0,1,0,1.0,0
1.3945,40,0,0.4607,18054.0,16,0,0,2,1.0,0
0.7061,47,0,0.1618,,9,0,0,0,0.0,0
0.932,47,0,0.8126,2516.0,17,0,2,0,0.0,1
0.3652,54,0,0.5044,11664.0,4,0,3,0,0.0,0
0.0194,73,0,0.417,,11,0,0,0,1.0,0
0.0872,63,0,0.3608,5441.0,10,0,0,0,1.0,0
1.1159,39,0,0.4835,7674.0,4,0,0,0,1.0,0
1.1891,40,0,0.4957,14113.0,14,0,3,0,1.0,0
0.7527,39,0,0.4118,,4,0,2,0,1.0,0
1.9468,50,0,0.4253,8010.0,8,0,1,0,0.0,0
0.5779,63,0,0.8283,7642.0,11,0,1,0,0.0,0
0.3359,65,0,0.3448,5758.0,13,0,1,0,0.0,0
0.2,47,0,0.189,,11,0,2,0,1.0,0
0.1711,52,0,0.2152,4236.0,10,0,1,0,0.0,0
0.1246,75,0,0.7951,8197.0,8,0,2,0,0.0,0
0.2347,31,0,0.1052,2510.0,9,0,1,0,0.0,0
0.105,61,0,1.0294,,4,0,2,0,1.0,0
0.2819,59,0,0.6701,3297.0,4,0,3,0,2.0,0
0.1395,48,0,0.567,4774.0,11,0,1,0,0.0,0
1.2876,52,0,0.6749,,9,0,2,0,1.0,0
0.0194,58,0,0.2544,2885.0,9,0,1,0,0.0,0
0.2544,48,0,0.5836,2254.0,5,0,0,0,1.0,0
0.4565,43,0,0.2044,3595.0,7,0,1,0,5.0,1
0.0361,42,0,0.6784,4987.0,11,0,0,0,0.0,0
0.5224,78,0,0.696,5084.0,10,0,0,0,0.0,1
0.1924,46,0,0.2778,4099.0,4,0,0,0,1.0,0
0.3234,55,0,0.0439,3400.0,11,0,1,0,2.0,0
0.1284,63,0,0.3882,5218.0,7,0,0,0,0.0,0
0.5729,49,0,0.0668,4506.0,15,0,0,0,1.0,0
0.1296,53,0,0.7202,16398.0,13,0,0,0,,0
5.4771,59,3,0.7429,11618.0,4,0,1,0,1.0,0
0.0947,40,0,0.627,8898.0,13,0,0,0,1.0,0
0.2168,30,0,0.8422,7791.0,10,0,1,0,2.0,0
0.0933,42,0,0.2008,1157.0,5,0,3,0,0.0,0
0.6277,76,0,0.3022,,11,0,2,0,2.0,0
0.1892,44,1,0.211,5744.0,9,0,1,0,1.0,0
0.1155,54,0,0.1342,7603.0,8,0,1,0,2.0,0
0.2608,33,0,0.2296,3288.0,16,0,1,0,1.0,0
0.2321,71,0,0.7332,4570.0,6,0,1,0,0.0,0
0.1642,48,0,0.3929,6787.0,3,0,1,0,1.0,0
0.1867,46,0,0.361,6622.0,8,0,1,0,1.0,0
0.422,50,0,0.7569,3124.0,11,0,1,0,1.0,0
0.5044,87,0,0.9643,,7,0,1,0,0.0,1
0.2541,58,0,0.7616,3590.0,2,0,0,0,1.0,0
0.2365,50,0,0.1615,4761.0,5,0,1,0,1.0,0
0.3089,21,0,0.6332,2716.0,5,0,0,0,2.0,0
0.0408,71,0,0.718,3955.0,8,0,1,0,0.0,0
0.6122,42,0,0.6361,,6,0,0,0,1.0,0
2.1795,40,0,0.2704,6779.0,5,0,0,0,2.0,0
1.3081,41,0,0.295,1974.0,4,0,0,0,3.0,0
0.6463,73,0,0.8738,4134.0,8,0,1,0,1.0,1
0.4206,51,0,0.1006,1603.0,17,0,0,0,0.0,0
0.9746,31,1,1.2227,5277.0,8,0,2,0,0.0,1
0.3439,49,0,0.2724,2906.0,9,0,1,0,2.0,0
0.4067,40,1,0.2569,3771.0,3,0,2,0,1.0,0
4.0711,57,0,0.6922,4224.0,6,0,0,0,1.0,0
0.3823,47,0,0.9161,,12,0,1,0,0.0,0
0.1493,30,0,0.6371,,10,0,0,0,0.0,0
0.2255,51,0,1.0608,3234.0,13,0,0,0,1.0,0
3.6101,51,0,1.0695,1914.0,10,0,0,0,1.0,0
1.5916,34,0,0.1467,,11,0,2,0,1.0,0
0.1446,25,0,0.3883,,5,0,2,0,3.0,0
1.6026,56,0,0.6244,1634.0,6,0,0,0,2.0,0
0.3934,48,0,0.6014,4240.0,9,0,1,0,0.0,0
0.2182,49,0,0.3573,8874.0,10,0,2,0,0.0,0
0.3892,62,0,1.3062,,9,0,1,0,1.0,0
0.0718,25,0,0.814,,8,0,3,0,0.0,0
0.6153,53,2,0.7584,,7,0,2,0,1.0,0
0.6425,61,0,0.1193,18011.0,12,0,2,0,1.0,0
0.1962,49,0,0.3608,,6,0,2,0,3.0,0
0.939,32,0,0.8921,,9,0,1,0,2.0,0
0.5318,43,0,0.553,3022.0,9,0,2,0,1.0,0
0.6163,46,0,0.0683,7682.0,9,0,1,0,0.0,0
2.1145,30,0,0.6333,3605.0,8,0,0,0,1.0,0
0.2391,57,0,0.1181,,9,0,0,0,1.0,0
0.6834,52,0,0.8568,4849.0,6,0,0,0,0.0,0
0.9659,43,2,0.1095,5145.0,10,0,0,1,1.0,0
0.52,66,0,0.5245,2391.0,6,0,0,0,0.0,0
0.4827,45,0,0.4288,8831.0,9,0,2,0,1.0,0
0.2501,73,0,0.201,4509.0,8,0,3,0,1.0,0
0.1884,48,0,0.5969,2786.0,4,0,3,0,0.0,0
0.6493,39,0,0.5208,2294.0,5,0,1,0,2.0,1
0.3125,39,0,0.5442,6248.0,8,0,1,0,0.0,0
0.8467,53,0,0.2864,3762.0,6,0,1,0,1.0,0
0.4791,37,0,0.0703,7974.0,7,0,1,0,0.0,0
0.8035,54,0,0.2579,12833.0,7,0,0,0,1.0,0
0.3582,46,0,0.3401,4447.0,8,0,0,0,3.0,0
3.0418,46,0,0.7861,2436.0,5,0,2,0,0.0,0
0.4397,51,0,0.1526,2555.0,8,0,0,0,0.0,0
0.8026,66,0,0.3484,4932.0,5,0,1,0,2.0,0
0.6022,44,0,0.4844,2880.0,5,0,2,0,1.0,0
0.1997,55,0,0.2283,16143.0,8,0,3,0,2.0,0
0.6969,58,0,0.9079,4110.0,12,0,0,0,1.0,0
0.1796,35,0,1.1853,6159.0,7,0,1,0,1.0,0
0.5159,59,0,0.7852,6978.0,16,0,4,0,2.0,0
0.1775,63,0,0.7558,4760.0,7,0,2,0,1.0,0
0.5339,66,0,0.5799,7283.0,10,0,1,0,1.0,0
0.0446,36,0,0.8476,9109.0,4,0,2,0,1.0,0
0.4464,37,0,0.6676,4433.0,2,0,0,0,3.0,0
0.2574,51,0,0.1419,2359.0,1,0,0,0,0.0,0
1.3403,50,1,0.7544,13138.0,7,1,0,0,1.0,0
0.6236,52,1,0.8829,,7,0,0,0,1.0,0
0.3548,47,0,0.4594,10472.0,6,0,1,0,0.0,0
0.1095,55,0,0.5524,11375.0,3,0,0,0,2.0,0
0.0359,21,0,0.827,1437.0,9,0,1,0,1.0,0
0.2699,61,0,0.3684,10536.0,12,0,1,0,3.0,0
0.7727,73,0,0.2855,11619.0,3,0,1,0,1.0,0
0.0373,44,0,0.7512,2927.0,10,0,2,0,1.0,0
0.1292,55,0,0.2745,,11,0,0,0,1.0,0
0.5643,76,0,0.2893,,8,0,1,0,0.0,0
3.9592,52,0,0.5962,,10,0,2,0,,1
0.5137,56,0,0.2165,5091.0,5,0,2,0,2.0,0
0.7265,78,0,0.6203,6090.0,10,0,0,0,1.0,0
0.2589,81,0,0.559,,2,0,0,0,1.0,0
0.5614,37,0,0.7956,2192.0,11,0,2,0,0.0,0
0.0037,46,0,0.3496,,9,0,1,0,0.0,0
0.1173,65,0,0.2616,3264.0,5,0,0,0,0.0,0
0.3812,59,0,0.7768,2267.0,6,0,0,0,0.0,0
0.258,62,0,0.0886,7602.0,8,0,2,0,0.0,0
0.2709,21,0,0.5109,21235.0,5,0,1,0,1.0,0
0.4564,25,0,0.3792,1611.0,6,0,0,0,0.0,0
0.3984,77,0,0.538,11894.0,8,0,1,0,0.0,0
0.3748,63,0,0.3726,2653.0,9,0,0,0,1.0,0
0.2973,57,0,0.5209,6850.0,11,0,1,0,0.0,0
0.3313,35,1,0.5926,4291.0,9,0,1,1,2.0,0
0.5721,46,0,0.7116,3044.0,11,0,1,0,2.0,0
0.369,60,1,0.6505,,10,0,1,0,0.0,0
0.087,33,0,0.3766,,7,0,0,0,1.0,0
0.2836,42,2,0.4766,5381.0,13,0,1,0,0.0,0
0.4583,57,0,0.3575,3319.0,4,0,0,0,0.0,0
4.0757,60,0,0.8853,3502.0,9,0,0,0,0.0,0
0.8726,45,0,0.2086,4867.0,3,0,1,0,2.0,1
1.7962,66,0,0.3122,7544.0,12,0,1,0,2.0,0
1.4564,65,0,0.5664,1444.0,12,0,1,0,1.0,0
0.508,27,0,0.941,11080.0,14,0,1,0,1.0,0
2.0859,75,0,0.1728,7359.0,10,0,2,0,0.0,1
0.5288,68,0,0.7407,5353.0,7,0,2,0,,0
0.4652,55,0,0.1308,4676.0,7,0,1,0,0.0,0
0.4529,50,2,0.0591,8306.0,10,0,0,0,0.0,0
0.37,63,0,0.8513,7027.0,10,0,1,0,0.0,0
0.2839,59,0,0.2984,5515.0,10,0,2,0,0.0,0
1.256,48,0,0.0856,2762.0,9,0,0,0,0.0,0
0.9566,74,0,0.2494,12373.0,7,0,1,0,0.0,0
2.0359,23,0,0.1925,3058.0,6,0,2,0,1.0,0
0.3287,43,0,0.5158,8893.0,2,0,0,0,0.0,0
0.8795,58,0,0.0569,,8,0,1,0,0.0,0
0.6739,51,0,0.924,,4,0,2,0,1.0,0
0.0587,62,0,0.8121,,4,0,2,0,2.0,0
4.4087,32,1,0.4247,3823.0,10,1,2,3,1.0,0
0.5162,48,0,1.2068,16738.0,5,0,1,0,2.0,0
1.5999,68,0,0.5207,10290.0,6,0,2,0,1.0,0
0.5655,31,0,1.035,,8,0,0,0,0.0,0
0.5687,49,0,0.4514,,8,0,1,0,0.0,0
0.0738,45,1,0.0386,3247.0,13,1,2,1,1.0,0
0.4991,57,0,0.6405,7148.0,16,0,0,0,0.0,0
0.372,58,0,0.8429,,6,0,0,0,0.0,0
1.3942,53,0,0.1844,17243.0,7,0,0,0,1.0,0
0.0285,48,0,0.5028,2638.0,11,0,1,0,1.0,0
1.1348,53,0,0.9038,7607.0,3,0,1,0,1.0,0
2.9092,50,0,0.2433,3968.0,9,0,0,0,0.0,0
4.4379,52,0,0.6077,,7,0,3,0,1.0,0
0.3251,72,0,0.462,4692.0,13,0,0,0,0.0,0
0.1178,35,0,0.4562,9121.0,12,0,1,0,1.0,0
1.0106,57,0,0.6807,,10,0,0,0,0.0,0
0.1781,39,0,0.2018,4191.0,8,0,2,0,0.0,0
0.6576,79,0,0.2913,3816.0,7,0,0,0,0.0,0
0.1363,53,0,0.7185,4244.0,7,0,4,0,1.0,0
0.4656,34,0,0.5466,,11,0,0,0,1.0,0
0.0188,49,0,0.316,4575.0,7,0,1,0,0.0,0
0.9247,32,0,0.7112,,6,0,1,0,2.0,0
0.9076,43,0,0.0399,2707.0,9,0,1,0,1.0,1
0.669,61,0,0.3491,,7,0,2,0,1.0,0
0.8223,71,0,0.64,3884.0,10,0,2,0,0.0,1
0.5156,67,0,1.0089,2892.0,12,0,0,0,3.0,0
2.2862,51,0,0.3286,7080.0,9,0,1,0,1.0,0
0.2952,60,0,0.5297,,5,0,1,0,2.0,0
0.4284,63,0,0.2471,10689.0,8,0,0,0,2.0,0
0.371,83,0,0.6447,,7,0,0,0,2.0,0
0.1027,44,0,0.9488,4140.0,7,0,2,0,3.0,0
0.2154,73,0,0.0487,,6,0,0,0,2.0,0
0.1992,37,1,0.3658,3627.0,6,0,0,0,1.0,0
0.2807,69,0,0.1802,6303.0,6,0,0,0,0.0,0
0.5616,43,0,0.1145,6002.0,8,0,0,0,1.0,0
1.5841,42,0,0.4079,6436.0,4,0,1,0,1.0,0
3.8246,48,0,0.3374,2486.0,9,0,3,0,3.0,0
0.2345,41,0,0.6145,7785.0,10,0,1,0,,0
0.3404,58,0,0.6759,4561.0,13,0,2,0,,0
1.4978,69,0,0.3574,12508.0,13,0,0,0,0.0,0
0.7216,22,0,0.1146,5648.0,8,0,0,0,1.0,1
0.8495,50,0,0.4464,16029.0,9,0,0,0,0.0,0
0.1287,37,0,0.1639,,5,0,4,0,1.0,0
1.6285,65,1,0.5916,6525.0,6,0,0,0,2.0,0
0.3613,72,0,0.735,,10,0,2,0,1.0,0
0.9091,50,0,1.0052,15944.0,11,0,2,0,2.0,0
1.786,42,0,0.8988,,6,0,1,0,1.0,0
0.4246,29,0,0.5958,3370.0,7,0,1,0,1.0,0
0.0078,79,0,0.8937,3309.0,8,0,0,0,2.0,0
0.4285,70,0,0.2868,7925.0,9,0,2,0,0.0,1
0.2171,24,0,0.5043,5599.0,11,0,1,0,0.0,0
4.0393,61,0,0.906,5352.0,12,0,1,0,0.0,1
0.5282,36,0,0.1776,2607.0,7,0,1,0,1.0,0
0.6829,45,0,0.697,,7,0,5,0,0.0,0
0.7865,35,0,0.5977,25967.0,9,0,3,0,1.0,0
0.2792,24,0,0.2601,,10,0,1,0,0.0,0
4.3688,51,0,0.6956,12745.0,10,0,1,0,0.0,0
0.2274,79,0,0.6833,8352.0,8,0,3,0,3.0,0
0.7967,39,2,0.2663,3908.0,7,1,0,0,0.0,0
1.0393,64,0,0.2073,4066.0,11,0,1,0,1.0,0
0.0094,67,0,0.3121,6315.0,7,0,1,0,2.0,0
0.5202,62,0,0.5393,2672.0,5,0,1,0,0.0,0
0.136,80,0,1.0703,8839.0,5,0,3,0,0.0,0
0.13,65,0,0.6786,14696.0,12,0,1,0,1.0,0
0.5297,77,0,0.604,14950.0,6,0,4,0,2.0,0
7.4925,36,0,1.0535,3248.0,11,0,1,0,1.0,0
0.2776,62,0,0.3499,,7,0,1,0,0.0,0
1.1455,73,0,0.3159,4905.0,8,0,0,0,0.0,0
0.1642,41,0,0.4144,9468.0,5,0,0,0,2.0,0
0.3036,21,0,0.2042,1775.0,8,0,1,0,0.0,0
2.9769,34,0,0.2844,4485.0,5,0,0,0,1.0,0
0.9438,42,0,0.4343,3582.0,9,0,2,0,1.0,0
0.937,60,0,0.3692,5822.0,4,0,0,0,0.0,0
0.3074,44,0,0.2623,7541.0,6,0,1,0,1.0,0
1.099,52,0,0.1011,5931.0,6,0,1,0,1.0,0
0.1544,44,0,0.9143,5972.0,13,0,0,0,0.0,0
0.2562,50,0,0.6439,9518.0,6,0,0,0,0.0,0
3.7708,51,0,0.6727,2768.0,15,0,2,0,2.0,0
0.5138,43,0,0.1573,3988.0,12,0,1,0,0.0,0
0.3028,63,0,0.4971,3180.0,5,0,0,0,1.0,0
0.3149,71,0,0.3159,12723.0,7,0,1,0,1.0,0
2.9826,36,0,0.2408,4648.0,9,0,0,0,0.0,0
0.4076,55,0,0.6197,7576.0,6,0,2,0,1.0,0
0.8233,32,0,0.2334,,9,0,2,0,0.0,0
0.2862,27,0,0.3295,8411.0,8,0,1,0,0.0,0
0.4178,67,0,0.6058,,6,0,1,0,2.0,0
0.0533,80,0,0.8394,9714.0,7,0,1,0,1.0,0
0.3253,47,0,0.6009,,11,0,2,0,1.0,0
1.1422,78,0,0.8912,7155.0,3,0,1,0,0.0,0
1.3013,43,0,0.0523,5773.0,8,0,4,0,1.0,1
0.8541,49,0,0.6581,,8,0,1,0,0.0,0
5.3296,75,0,0.3492,7611.0,9,0,3,0,1.0,0
2.8014,39,0,1.0891,4518.0,7,0,2,0,0.0,0
0.8798,65,0,0.1625,5786.0,13,0,1,0,0.0,0
1.1526,47,0,0.5032,2491.0,6,0,0,0,0.0,0
5.437,42,0,0.194,10344.0,13,0,0,0,0.0,0
0.0254,45,0,0.119,3493.0,7,0,0,0,1.0,0
1.4057,22,0,0.6046,,11,0,3,0,0.0,1
0.1129,70,0,0.4176,7748.0,5,0,0,0,1.0,0
0.5315,55,0,0.4672,6012.0,8,0,1,0,0.0,0
0.0684,50,0,0.0709,5569.0,15,0,0,0,2.0,0
1.2592,42,0,0.5335,4093.0,12,0,2,0,0.0,0
0.3577,56,0,0.8359,8224.0,7,0,0,0,2.0,0
0.0851,64,0,0.0603,11310.0,6,0,0,0,0.0,0
0.1079,48,0,0.4962,6519.0,8,0,1,0,0.0,0
0.5767,65,0,0.7826,4473.0,9,0,2,0,,0
0.2057,56,0,0.1613,5110.0,3,0,1,0,1.0,0
0.0286,51,0,0.8856,5881.0,8,0,0,0,0.0,0
0.8093,65,0,0.5388,9360.0,9,0,0,0,1.0,0
3.7355,45,0,0.6004,10678.0,7,0,0,0,1.0,0
0.6366,34,0,0.793,14277.0,6,0,1,0,1.0,0
0.8511,51,0,0.6124,6168.0,8,0,3,0,1.0,0
0.3044,52,0,0.4101,,9,0,4,0,1.0,0
3.3773,49,0,0.8257,7815.0,8,0,0,0,0.0,0
0.1481,69,0,0.4261,4804.0,14,0,2,0,0.0,0
0.6287,59,0,0.8467,,11,0,0,0,0.0,0
0.2973,50,0,0.5053,9577.0,6,0,1,0,0.0,0
0.2972,52,0,0.3015,13559.0,8,0,3,0,1.0,0
0.6475,53,0,0.4567,2724.0,2,0,2,0,1.0,0
1.0494,59,0,0.2701,9902.0,8,0,0,0,1.0,0
0.0687,53,0,0.3893,5117.0,4,0,0,0,0.0,0
0.9252,50,0,0.5474,6463.0,10,0,3,0,0.0,0
0.8163,33,0,0.4492,2735.0,11,0,3,0,0.0,0
0.2972,42,2,0.9904,9686.0,6,0,1,0,0.0,0
0.5989,56,0,0.3049,5952.0,7,0,2,0,1.0,0
0.2495,55,0,0.6194,7908.0,8,0,2,0,1.0,0
0.2628,31,0,0.4067,5059.0,8,0,1,0,1.0,0
0.2926,44,0,0.7236,10109.0,8,0,1,0,0.0,0
0.45,39,0,0.0764,9365.0,11,0,3,0,1.0,0
0.2487,71,0,0.6342,8317.0,10,0,0,0,0.0,0
0.7175,56,0,0.8747,,7,0,0,0,1.0,0
0.0531,58,0,0.8113,9317.0,7,0,0,0,3.0,0
0.4343,51,0,0.8902,7522.0,3,0,0,0,0.0,0
0.5154,43,0,0.0556,16442.0,8,0,1,0,0.0,0
0.4176,46,0,0.3802,2332.0,7,0,0,0,0.0,0
0.4619,59,0,0.755,16015.0,11,0,2,0,3.0,0
0.0971,48,0,0.1454,2737.0,10,0,1,0,0.0,0
0.3109,59,0,0.7805,9648.0,7,0,0,0,0.0,0
0.5732,54,0,0.3922,2896.0,10,0,1,0,1.0,0
2.3588,56,2,0.2814,8977.0,6,0,0,1,0.0,0
0.1445,57,1,0.3436,3537.0,5,2,1,0,0.0,0
0.6887,45,0,0.0389,5365.0,13,0,1,0,0.0,0
0.0509,48,0,0.1143,2637.0,6,0,1,0,0.0,0
0.7201,65,0,0.0964,,9,0,0,0,2.0,0
0.4612,78,0,0.1934,6655.0,10,0,1,0,0.0,0
0.0601,65,0,0.398,4284.0,7,0,2,0,,0
0.5876,21,1,0.3586,8529.0,11,0,1,0,1.0,0
1.2384,41,0,0.6806,5568.0,11,0,0,0,1.0,0
0.5343,54,0,0.3332,1092.0,8,0,1,0,0.0,0
0.5743,37,0,0.7125,,9,0,1,0,0.0,0
0.908,36,0,0.3146,9219.0,10,0,1,0,1.0,0
0.2404,46,0,0.4421,,7,0,0,0,0.0,0
0.2748,57,0,0.279,9237.0,9,0,1,0,1.0,0
0.3294,61,0,0.4978,19720.0,13,0,2,0,0.0,1
0.7646,47,0,0.4268,7561.0,6,0,1,0,0.0,0
0.4841,46,0,0.3624,3761.0,5,0,0,0,0.0,0
0.8112,40,1,0.3305,4572.0,3,0,0,2,0.0,0
0.469,59,0,0.854,4393.0,12,0,1,0,1.0,0
0.2947,58,0,0.5428,5181.0,15,0,3,0,0.0,0
0.4533,65,0,0.5192,4138.0,6,0,1,0,1.0,1
0.2015,54,0,0.3002,6231.0,8,0,2,0,0.0,0
1.6554,34,0,0.5074,9384.0,12,0,1,0,1.0,0
0.399,47,0,0.1881,6090.0,8,0,2,0,0.0,0
0.1569,64,0,0.6027,5227.0,4,0,3,0,5.0,0
0.4534,28,0,0.1366,2866.0,3,0,1,0,0.0,1
1.8176,51,0,0.4577,,8,3,3,0,2.0,0
0.1235,56,0,0.1021,12457.0,10,0,1,0,1.0,0
2.1767,80,1,0.2916,,7,0,1,1,0.0,0
0.4792,44,0,0.4213,5766.0,7,0,1,0,0.0,0
4.203,50,0,0.6871,6076.0,5,0,0,0,0.0,0
2.6331,76,0,0.5961,3692.0,11,0,1,0,1.0,1
0.0288,44,0,0.586,2997.0,7,0,2,0,1.0,0
0.4968,67,0,0.6632,7498.0,3,0,0,0,0.0,0
0.2744,57,0,0.383,8771.0,12,0,0,0,2.0,0
0.0041,49,0,0.1284,2870.0,6,0,1,0,1.0,0
1.9572,58,0,1.0242,5330.0,13,0,0,0,0.0,0
0.5321,50,0,0.1471,1056.0,8,0,0,0,1.0,0
0.1306,84,0,0.3117,6284.0,10,0,1,0,0.0,0
0.1342,23,0,0.6643,4871.0,7,0,1,0,1.0,0
3.3141,48,0,0.3626,5858.0,9,0,2,0,0.0,0
0.43,48,0,0.2178,18915.0,5,0,0,0,0.0,0
0.6579,50,0,0.7537,3887.0,8,0,1,0,1.0,0
0.306,67,0,0.7526,2666.0,4,0,0,0,2.0,0
2.186,46,0,0.1697,8005.0,12,0,2,0,1.0,0
0.3996,59,0,0.4634,8614.0,9,0,1,0,2.0,0
0.0795,55,0,0.6177,,6,0,1,0,0.0,0
0.8104,64,0,0.3803,4312.0,10,0,2,0,3.0,0
4.2748,50,0,0.5773,3927.0,8,0,2,0,0.0,0
0.28,57,0,0.7279,,11,0,2,0,1.0,0
0.1631,50,0,1.3058,8344.0,8,0,0,0,0.0,0
0.5931,38,0,0.9881,20253.0,11,0,0,0,0.0,0
0.0589,74,0,0.1454,5097.0,6,0,0,0,0.0,0
0.4251,41,0,0.4889,3373.0,11,0,0,0,0.0,0
0.4941,45,1,0.6703,4223.0,12,0,0,0,0.0,0
3.2852,40,0,0.4257,3886.0,12,0,1,0,1.0,0
0.5267,58,0,0.3331,6554.0,9,0,0,0,0.0,0
0.1972,45,0,0.4872,9524.0,3,0,0,0,1.0,0
0.5706,73,0,0.8578,,8,0,3,0,3.0,0
0.2173,59,0,0.5823,,11,0,2,0,0.0,0
0.1061,48,0,0.6332,7740.0,11,0,1,0,0.0,0
0.0027,39,0,0.0941,5225.0,8,0,1,0,3.0,0
0.6734,50,0,0.5347,,10,0,4,0,0.0,0
0.9169,59,0,0.5077,7292.0,14,0,1,0,0.0,0
0.9044,51,0,0.0654,2277.0,12,0,0,0,1.0,1
0.9179,50,2,0.4491,2773.0,10,2,2,0,0.0,0
0.5815,38,0,0.1564,2400.0,8,0,1,0,0.0,0
0.1179,83,0,0.7115,9834.0,10,0,0,0,0.0,0
0.7275,49,0,0.2567,4927.0,5,0,2,0,0.0,0
0.3589,33,0,0.616,5959.0,11,0,1,0,1.0,0
1.2443,37,0,0.563,7098.0,8,0,1,0,2.0,0
0.9093,47,0,0.6297,3378.0,6,0,1,0,1.0,0
0.0472,79,0,0.4244,,11,0,1,0,1.0,0
0.3264,50,0,0.8693,6060.0,8,0,0,0,0.0,0
0.3185,47,0,0.6249,5505.0,6,0,0,0,0.0,0
0.0827,64,0,0.7141,8444.0,6,0,1,0,0.0,0
1.0253,65,2,0.7799,3637.0,7,2,1,0,0.0,0
1.0769,61,0,0.8175,,3,0,1,0,0.0,0
0.0856,55,0,0.3895,3229.0,7,0,0,0,0.0,0
1.5168,37,0,0.5261,3793.0,5,0,0,0,1.0,0
2.2943,41,1,0.3608,5131.0,7,1,0,1,1.0,0
0.2783,30,0,0.5901,9705.0,10,0,1,0,0.0,0
0.4754,49,0,0.7683,4593.0,5,0,0,0,0.0,0
0.3454,46,0,0.199,16070.0,8,0,1,0,2.0,0
0.3944,45,0,0.5326,10438.0,3,0,0,0,,0
1.7973,56,2,0.3682,7733.0,11,0,0,0,0.0,0
0.4859,43,0,0.1288,4857.0,7,0,0,0,1.0,1
0.0852,47,0,0.4225,3946.0,10,0,1,0,0.0,0
0.0728,45,0,0.1658,,9,0,0,0,1.0,0
0.5868,52,0,1.0016,3621.0,9,0,2,0,0.0,0
0.0492,57,0,0.2043,2599.0,10,0,0,0,0.0,0
0.0993,33,2,0.5329,2688.0,7,0,1,0,2.0,0
0.5105,58,1,0.5964,2266.0,7,0,2,0,1.0,0
0.2254,56,0,0.5116,2609.0,7,0,1,0,0.0,0
0.4412,58,0,0.9005,2313.0,5,0,1,0,3.0,0
0.3167,54,0,0.5887,10670.0,10,0,2,0,1.0,0
0.473,57,0,0.965,,7,0,1,0,0.0,1
1.4665,46,2,0.8775,6560.0,8,0,1,1,0.0,0
0.2477,58,0,0.5897,5292.0,5,0,0,0,1.0,0
0.6556,68,0,0.2545,4580.0,8,0,0,0,1.0,0
1.5484,45,0,0.2818,10590.0,11,0,3,0,3.0,0
0.1399,46,0,0.7757,6948.0,11,0,1,0,2.0,0
0.1757,61,0,0.9576,,7,0,0,0,1.0,0
0.1123,44,0,1.0837,,7,0,0,0,0.0,0
1.0667,42,0,0.2131,7855.0,6,0,0,0,2.0,0
3.1758,58,0,0.1183,4889.0,11,0,0,0,1.0,0
2.193,46,0,1.1237,,9,0,0,0,1.0,0
0.186,69,0,0.0552,8364.0,13,0,0,0,0.0,1
0.2051,45,0,0.5751,7539.0,11,0,3,0,1.0,0
0.0767,41,0,0.5628,7563.0,5,0,2,0,1.0,0
0.9225,52,0,0.4699,3464.0,7,0,2,0,0.0,0
0.0759,58,0,0.1972,9503.0,10,0,1,0,0.0,0
0.4582,56,0,0.5021,,10,0,0,0,1.0,0
2.0813,60,0,0.3724,,7,0,2,0,2.0,0
0.8853,44,0,0.3707,,10,0,0,0,0.0,0
0.3652,68,0,0.6527,4383.0,12,2,1,0,1.0,0
0.128,29,0,0.7232,3645.0,8,0,0,0,1.0,0
0.417,41,0,0.3102,10466.0,8,0,2,0,0.0,0
0.0574,53,0,0.5655,9499.0,7,0,1,0,,0
0.4746,42,0,1.0567,,5,0,0,0,1.0,0
0.1935,48,0,0.5702,,2,0,2,0,0.0,0
3.4019,38,0,0.2801,7436.0,7,0,0,0,2.0,0
0.515,49,0,0.7789,3179.0,10,0,0,0,0.0,0
0.3083,58,0,0.5848,12528.0,8,0,1,0,1.0,0
0.104,45,0,0.5717,,8,0,0,0,0.0,0
0.8036,40,0,0.6118,1464.0,9,0,1,0,2.0,1
0.2933,46,0,1.2481,,8,0,1,0,0.0,0
0.0887,67,0,0.378,,11,0,1,0,1.0,0
0.3884,67,0,0.3621,1955.0,9,0,0,0,0.0,0
0.5521,45,0,0.7377,6027.0,8,0,0,0,1.0,0
0.4168,59,0,0.2155,,6,0,1,0,1.0,0
0.8319,52,0,0.3222,,6,0,1,0,0.0,0
0.0425,70,1,0.8839,,9,1,1,0,1.0,0
0.1307,55,0,0.401,11550.0,5,0,3,0,0.0,0
0.8039,49,0,0.9316,5045.0,5,0,0,0,1.0,0
0.0147,74,0,0.4935,5726.0,10,0,0,0,1.0,0
0.0411,39,0,0.4661,14923.0,12,0,1,0,0.0,0
0.2292,56,0,0.1966,7702.0,7,0,0,0,0.0,0
0.0018,71,0,0.3947,,7,0,0,0,0.0,0
0.1156,61,0,0.6372,3733.0,4,0,1,0,4.0,0
0.0375,41,0,0.3567,2572.0,10,0,1,0,3.0,0
0.378,41,0,0.5356,13034.0,11,0,1,0,0.0,0
0.0616,32,0,0.3843,4707.0,7,0,0,0,0.0,0
0.429,73,0,0.5851,7391.0,10,0,3,0,1.0,0
0.1253,36,0,0.674,,7,0,2,0,2.0,0
0.104,62,0,0.7101,2681.0,11,0,0,0,0.0,0
0.5045,32,0,0.7438,1400.0,14,0,2,0,0.0,0
0.4907,88,0,0.1845,,10,0,2,0,0.0,1
0.0301,33,0,0.5897,2426.0,8,0,0,0,0.0,0
2.5924,53,2,0.3358,6042.0,9,0,0,0,0.0,0
0.9167,69,0,0.5664,,11,0,2,0,0.0,0
0.6229,42,0,0.3694,,7,0,2,0,0.0,0
0.2129,60,0,0.1344,2510.0,6,0,4,0,3.0,0
0.0162,48,0,0.2447,3944.0,10,0,3,0,3.0,0
0.6265,57,0,0.632,8515.0,4,0,1,0,0.0,0
2.8548,67,0,0.1096,13782.0,7,0,0,0,0.0,0
0.1911,46,0,0.6909,6562.0,10,0,1,0,2.0,0
1.0516,73,0,0.5368,7393.0,11,0,1,0,0.0,0
0.614,57,0,0.3151,,5,0,0,0,3.0,0
0.134,79,0,0.965,2556.0,2,0,0,0,2.0,0
0.7301,40,0,0.5619,5758.0,11,0,0,0,1.0,0
0.1524,43,0,0.4804,3706.0,4,0,0,0,0.0,0
0.5351,49,0,0.9256,13889.0,9,0,0,0,2.0,0
0.4962,35,0,0.2109,4917.0,11,0,2,0,0.0,0
0.0279,65,0,0.0895,3347.0,10,0,0,0,1.0,0
0.5854,51,0,0.6679,,9,0,1,0,2.0,1
0.5296,36,0,0.4655,1286.0,10,0,2,0,0.0,0
0.8795,40,0,0.4394,8760.0,9,0,1,0,0.0,0
0.6978,40,0,0.7656,8722.0,7,0,1,0,2.0,0
0.5564,65,0,0.4259,11991.0,11,0,1,0,0.0,0
1.0928,58,0,0.9657,4384.0,10,0,0,0,0.0,1
0.7599,50,0,0.2121,9618.0,8,0,1,0,0.0,0
0.1843,47,0,0.1706,1658.0,16,0,2,0,1.0,0
0.4318,49,0,0.2364,2028.0,5,0,1,0,0.0,0
0.2689,77,0,0.512,16046.0,5,0,1,0,0.0,1
6.1361,49,0,0.3334,4380.0,12,0,3,0,3.0,0
0.7825,64,0,0.5598,12612.0,9,0,1,0,0.0,0
0.7933,47,0,0.4891,3862.0,8,0,3,0,1.0,0
0.3073,76,0,0.4653,4719.0,11,0,0,0,0.0,0
0.7148,35,0,0.3,2880.0,4,0,1,0,1.0,0
0.5221,63,0,0.282,,9,0,1,0,0.0,0
0.1103,41,1,0.2848,4295.0,2,0,2,1,2.0,0
0.2891,83,0,0.3858,5057.0,7,0,2,0,2.0,0
0.378,62,0,0.316,7807.0,10,0,0,0,1.0,0
0.5601,28,0,0.5931,10944.0,8,0,0,0,0.0,0
0.4065,39,0,0.2667,3269.0,9,0,0,0,1.0,0
1.9507,62,0,1.1665,7913.0,12,0,0,0,1.0,0
3.4246,61,0,0.2692,4185.0,11,0,0,0,0.0,0
0.6105,60,0,0.3901,4165.0,6,0,2,0,1.0,0
0.5717,54,1,0.2045,4020.0,8,0,0,0,1.0,0
0.6882,48,0,1.1571,,8,0,2,0,0.0,1
0.4495,67,0,0.3463,2752.0,4,0,2,0,2.0,0
0.7211,40,0,0.7518,,9,0,4,0,2.0,1
0.4184,53,0,1.2239,6738.0,5,0,1,0,2.0,0
0.1114,43,0,0.1207,5411.0,4,0,0,0,1.0,0
1.0193,42,0,0.3082,13779.0,6,0,1,0,0.0,0
1.4803,46,0,0.524,7562.0,5,0,2,0,1.0,0
1.9571,42,0,0.1586,8937.0,7,0,1,0,0.0,0
0.6265,60,0,0.1982,3033.0,4,0,0,0,0.0,0
0.6493,31,0,0.4445,8796.0,3,0,2,0,0.0,0
0.1114,58,2,0.0675,11189.0,4,0,0,1,0.0,1
0.6573,43,0,0.4202,2317.0,10,0,0,0,2.0,0
2.4239,52,0,0.3616,5158.0,7,0,1,0,1.0,0
0.4835,50,0,0.0747,3105.0,11,0,0,0,3.0,0
0.8848,45,0,0.3714,,5,0,0,0,0.0,0
0.4918,69,0,0.3912,3483.0,10,0,0,0,1.0,0
0.6424,47,0,0.5712,10475.0,6,0,1,0,0.0,0
0.7697,62,0,0.2298,3557.0,9,0,2,0,0.0,0
0.0054,62,0,0.2606,15200.0,14,0,1,0,1.0,0
0.3164,48,0,0.6922,4608.0,4,0,1,0,1.0,0
0.7916,34,1,0.5507,6432.0,10,0,1,0,1.0,0
0.3501,40,0,0.7615,,9,0,1,0,2.0,0
1.7128,70,0,0.8303,4955.0,11,0,1,0,1.0,0
2.1604,59,2,1.0534,9973.0,5,1,3,0,1.0,0
2.2711,54,0,0.4847,,2,0,0,0,2.0,0
0.4707,44,0,0.3141,,11,0,0,0,2.0,0
2.2054,76,0,0.2064,3296.0,5,0,1,0,0.0,0
0.5685,40,0,1.3002,,10,0,3,0,1.0,1
0.7046,54,0,0.7927,4230.0,7,0,1,0,0.0,1
0.2338,59,0,0.7874,5128.0,10,0,0,0,0.0,0
0.1061,34,0,0.5949,4729.0,8,0,2,0,1.0,0
4.5522,41,0,0.3231,8029.0,7,0,1,0,0.0,0
0.1671,46,0,0.1273,9817.0,8,0,1,0,1.0,1
0.0515,64,0,0.3169,6577.0,5,0,1,0,1.0,0
0.2714,46,0,1.0913,8549.0,4,0,1,0,0.0,0
0.1436,32,0,0.6261,,8,0,0,0,0.0,0
0.2781,31,0,0.8671,3375.0,8,0,0,0,2.0,0
5.4342,41,0,0.0791,11598.0,5,0,1,0,,0
1.9709,31,2,0.3132,3994.0,6,0,0,1,3.0,0
0.0583,63,0,0.1392,,6,0,0,0,0.0,0
4.1032,63,0,0.4568,2485.0,6,0,1,0,1.0,0
0.1789,52,3,0.4599,5982.0,10,0,2,1,3.0,0
1.9864,48,3,0.4106,6538.0,9,0,0,1,0.0,0
1.0796,62,0,0.5906,12202.0,9,0,1,0,1.0,0
0.4046,62,0,0.1687,13160.0,6,0,2,0,0.0,0
0.1291,38,0,0.6711,3307.0,10,0,0,0,0.0,0
2.5864,40,0,0.0133,5161.0,9,0,1,0,0.0,0
0.5213,62,0,0.2593,4423.0,7,0,0,0,2.0,0
0.1183,56,0,0.5106,3699.0,4,0,1,0,2.0,0
0.352,61,0,0.2659,6567.0,8,0,1,0,2.0,0
0.1691,39,0,0.5188,11560.0,9,0,1,0,0.0,0
2.0881,41,1,0.5156,4876.0,5,0,0,2,0.0,0
0.0226,58,0,0.301,5959.0,4,0,0,0,0.0,0
0.0045,42,0,0.521,4069.0,5,0,0,0,1.0,0
1.5454,31,0,0.4996,3637.0,10,0,1,0,0.0,0
0.4189,43,0,0.1838,1929.0,5,0,0,0,1.0,0
0.6126,49,0,0.158,7947.0,15,0,2,0,1.0,0
0.7308,76,0,0.2545,7819.0,11,0,2,0,0.0,0
0.3108,40,0,0.8904,2238.0,13,0,0,0,1.0,0
0.4515,51,0,0.4136,5518.0,3,0,0,0,1.0,0
0.3578,81,0,0.3014,1597.0,5,0,1,0,1.0,0
0.0989,37,0,0.5003,5974.0,8,0,1,0,0.0,0
0.393,61,0,0.8469,4857.0,4,0,1,0,3.0,0
6.7434,42,0,0.3278,5103.0,9,0,0,0,0.0,0
0.5457,58,0,0.094,1205.0,16,0,1,0,,0
0.7136,85,0,0.148,3478.0,10,0,2,0,1.0,0
0.2544,63,0,0.4337,4523.0,5,0,1,0,1.0,0
4.4017,54,0,0.2628,6286.0,5,0,0,0,0.0,0
0.0806,39,0,0.6055,5599.0,10,0,1,0,1.0,0
0.7471,50,0,0.4777,3475.0,6,0,1,0,0.0,0
0.3997,44,0,0.1354,,9,0,0,0,0.0,0
0.0066,32,0,0.4353,,8,0,1,0,0.0,0
0.0262,22,0,0.6565,9417.0,14,0,0,0,0.0,0
0.4109,40,0,0.4591,4718.0,11,0,3,0,1.0,0
0.1696,52,0,0.9686,,7,0,3,0,1.0,0
0.0926,68,0,0.8316,4228.0,7,0,0,0,0.0,0
0.0611,42,2,0.1718,,12,1,2,0,3.0,0
0.0141,55,0,0.9364,5102.0,5,0,0,0,1.0,0
1.5965,28,0,0.2518,,8,0,1,0,0.0,0
0.1978,41,0,0.3388,4021.0,9,0,0,0,0.0,0
1.4746,21,0,0.6297,3739.0,6,0,1,0,1.0,1
0.5665,83,0,0.4087,,12,0,1,0,0.0,0
0.312,55,0,0.4575,4464.0,14,0,1,0,1.0,0
0.3054,54,0,0.0594,3020.0,6,0,0,0,0.0,0
0.1288,59,0,0.4193,5924.0,11,0,1,0,3.0,0
0.4474,87,0,0.0941,,7,0,1,0,0.0,0
2.5034,46,0,0.9541,,6,0,0,0,0.0,1
0.5355,38,0,0.4606,9234.0,7,0,1,0,1.0,0
0.2868,80,0,0.3479,9521.0,4,0,1,0,1.0,0
0.2687,35,0,0.2616,2640.0,8,0,2,0,0.0,0
0.4542,70,0,1.1116,,16,0,0,0,1.0,0
3.2191,51,0,0.2943,,8,0,0,0,0.0,0
0.1121,58,0,0.3338,3152.0,9,0,1,0,0.0,0
0.5067,32,0,0.7085,2685.0,6,0,0,0,1.0,0
0.6499,88,0,0.1368,3326.0,7,0,1,0,1.0,0
0.0821,47,0,0.4267,2386.0,12,0,1,0,1.0,0
0.6485,42,0,0.3068,6013.0,10,0,2,0,0.0,0
0.9139,60,1,0.3775,5917.0,8,0,2,0,1.0,0
0.775,43,0,0.5717,8987.0,12,0,2,0,0.0,0
1.437,58,0,0.8332,5857.0,5,0,1,0,1.0,0
0.4444,34,0,0.8272,,10,0,2,0,0.0,0
0.9714,54,0,0.5556,12291.0,11,0,0,0,0.0,0
0.0399,44,0,0.3626,,8,0,2,0,1.0,0
0.5662,41,0,0.1068,1542.0,6,0,3,0,0.0,0
0.9894,39,0,0.8475,4491.0,11,0,1,0,2.0,0
0.393,64,0,0.6123,2933.0,9,0,0,0,0.0,0
0.4079,47,0,0.1123,9387.0,11,0,0,0,0.0,0
0.3928,49,0,0.495,2634.0,10,0,0,0,0.0,0
0.2144,58,0,0.0601,7198.0,7,0,0,0,0.0,0
0.0819,68,0,0.211,4395.0,7,0,0,0,0.0,0
0.7173,39,0,0.3883,,11,0,1,0,1.0,0
4.1071,55,2,0.5927,2665.0,10,0,3,0,3.0,0
0.3531,39,0,0.2215,13587.0,11,0,2,0,1.0,0
0.3131,49,0,0.4324,8175.0,7,0,2,0,1.0,0
0.2878,67,0,0.0905,,14,0,0,0,1.0,0
0.6564,21,0,0.4131,5490.0,7,0,0,0,0.0,0
2.6441,39,0,0.2193,4993.0,11,0,1,0,1.0,0
1.3103,49,0,0.7254,2459.0,8,0,1,0,2.0,0
0.8313,57,0,0.511,7181.0,9,0,0,0,2.0,0
0.0308,69,1,0.7456,2936.0,5,0,0,2,0.0,0
0.3068,28,0,0.3878,5782.0,8,0,0,0,0.0,0
0.0487,72,0,0.2186,,8,0,2,0,1.0,0
0.6719,59,0,0.3549,,10,0,0,0,0.0,0
3.2875,49,0,0.4972,4384.0,7,0,0,0,0.0,0
0.2156,31,0,0.6133,13555.0,13,0,0,0,1.0,0
0.1441,44,0,0.7016,,11,0,1,0,0.0,0
0.1823,66,0,0.8024,6031.0,2,0,1,0,1.0,0
0.3745,52,0,0.5021,12745.0,6,0,1,0,0.0,0
0.4694,49,0,0.1766,1538.0,5,0,1,0,2.0,0
4.5881,38,0,0.4032,5596.0,9,0,1,0,,0
0.583,62,0,1.0336,8536.0,7,0,2,0,0.0,0
0.0986,50,0,0.3364,7225.0,14,0,4,0,2.0,0
0.4883,49,0,0.6346,4094.0,6,0,0,0,0.0,0
0.4172,51,0,0.7462,2568.0,8,0,0,0,0.0,0
0.3566,43,0,0.6618,4921.0,5,0,2,0,2.0,0
0.5968,41,0,0.1822,3640.0,7,0,3,0,1.0,0
0.0274,31,0,0.8665,,10,0,2,0,0.0,0
0.4964,43,0,0.5434,3371.0,6,0,1,0,0.0,0
0.4813,27,0,0.7784,,9,0,0,0,0.0,0
0.8034,59,0,0.0808,3198.0,10,0,0,0,3.0,0
0.0919,43,0,0.5784,9549.0,9,0,1,0,1.0,0
0.6943,47,0,0.207,4438.0,6,0,0,0,0.0,0
0.1952,51,0,0.2215,13691.0,10,0,0,0,1.0,0
0.6694,41,0,0.178,4126.0,3,0,1,0,1.0,0
0.8996,36,0,0.5829,5291.0,8,0,0,0,0.0,0
0.2128,55,0,0.3571,8452.0,8,0,0,0,0.0,0
0.5975,78,0,0.6445,10895.0,4,0,0,0,0.0,0
0.1805,65,0,0.1924,10204.0,13,0,1,0,2.0,0
1.3523,70,0,0.9509,7007.0,7,0,1,0,0.0,0
1.543,34,0,0.176,2950.0,5,0,1,0,0.0,0
1.1845,49,0,0.711,1740.0,8,0,0,0,1.0,0
0.284,49,0,0.4425,11104.0,6,0,1,0,0.0,0
0.1478,72,0,0.1278,3015.0,6,0,1,0,1.0,0
0.3349,65,0,0.3179,3159.0,8,0,4,0,,0
0.4056,50,0,0.2389,4922.0,5,0,1,0,1.0,0
1.1073,21,0,0.6441,5550.0,8,0,2,0,3.0,0
0.0577,36,0,0.6314,4037.0,10,0,0,0,2.0,0
0.0528,61,0,0.0411,11279.0,6,0,0,0,0.0,0
0.2655,48,0,0.3732,,11,0,0,0,0.0,0
0.062,50,0,0.4458,,12,0,1,0,0.0,0
2.1216,61,0,1.0644,,5,0,0,0,1.0,0
0.6805,68,0,0.0871,,9,0,1,0,2.0,1
0.5074,41,0,0.3104,,8,0,1,0,0.0,0
0.898,60,0,0.3117,,7,0,2,0,0.0,0
0.0774,75,0,0.5526,8554.0,7,0,0,0,0.0,0
6.1594,72,0,0.6317,,11,0,1,0,0.0,1
0.3507,45,0,0.4298,7258.0,5,0,2,0,0.0,0
3.3014,56,1,0.1803,3334.0,9,0,3,0,0.0,0
1.102,63,0,0.3814,6060.0,7,0,1,0,0.0,0
2.7425,52,0,0.5637,1871.0,15,0,0,0,1.0,0
0.5682,49,0,0.6828,11789.0,11,0,0,0,0.0,0
0.4589,28,0,0.2386,6214.0,12,0,1,0,0.0,0
0.3642,40,0,0.1697,5222.0,4,0,1,0,0.0,0
0.4453,42,0,0.3103,10182.0,7,0,3,0,2.0,0
0.0174,34,0,0.5424,1938.0,10,0,1,0,1.0,0
1.5459,54,0,1.1058,,8,0,0,0,5.0,0
0.0667,64,0,0.4265,4165.0,5,0,1,0,,0
0.1618,46,1,0.2553,,4,2,2,0,1.0,0
0.0824,21,0,0.1443,2551.0,7,0,0,0,1.0,0
0.2714,50,0,0.5261,6665.0,13,0,2,0,0.0,0
0.1875,56,0,0.7514,10291.0,13,0,2,0,1.0,0
2.739,55,0,0.8323,4436.0,11,0,0,0,2.0,0
0.2987,42,0,0.588,6806.0,7,0,2,0,2.0,0
0.8169,35,0,0.8865,5643.0,9,0,0,0,0.0,0
0.3458,64,0,0.2782,6377.0,6,0,1,0,0.0,0
0.3699,57,0,0.2559,,9,0,0,0,1.0,0
0.2883,42,0,0.3209,6443.0,6,0,1,0,0.0,0
1.8692,31,0,0.4235,5140.0,8,0,2,0,1.0,0
0.3202,55,0,0.1112,4793.0,4,0,0,0,1.0,0
0.2825,39,0,0.4092,,5,0,0,0,0.0,0
2.9176,57,0,0.4535,4004.0,10,0,3,0,1.0,0
0.6117,54,0,0.1636,4129.0,6,0,2,0,0.0,0
4.3792,81,0,0.8222,4501.0,8,0,1,0,1.0,1
0.0177,51,0,1.1376,1751.0,13,0,0,0,0.0,0
0.0017,80,0,0.3848,15436.0,6,0,0,0,0.0,1
1.1803,53,0,0.1128,,9,0,1,0,0.0,0
0.2058,43,0,0.3425,,6,0,0,0,0.0,0
0.1697,37,0,0.7716,1869.0,11,0,0,0,0.0,0
6.1077,40,0,0.6186,8403.0,7,0,2,0,1.0,0
0.2712,58,0,0.4019,5113.0,8,0,1,0,1.0,0
0.7083,54,0,0.3621,5696.0,10,0,4,0,1.0,0
0.2262,26,0,0.4142,,5,0,4,0,0.0,0
1.0979,66,0,0.1733,,5,0,1,0,1.0,0
0.3246,73,0,0.1403,4091.0,9,0,2,0,0.0,0
0.5413,26,0,0.4767,2085.0,5,0,0,0,1.0,1
0.4042,66,0,0.1204,,8,0,3,0,0.0,0
0.5481,76,0,1.2,5594.0,6,0,1,0,0.0,0
0.0794,27,0,1.1176,,8,0,1,0,1.0,0
0.4217,45,0,0.4029,,5,0,0,0,1.0,0
0.3572,40,0,0.5421,4697.0,6,0,0,0,0.0,0
0.8847,66,0,0.3882,15014.0,6,0,0,0,2.0,0
0.2426,46,0,0.6633,,5,0,0,0,0.0,0
1.838,46,0,1.1778,8007.0,6,0,1,0,0.0,0
0.1218,58,0,0.6515,6830.0,10,0,2,0,2.0,0
0.1268,74,0,0.7117,3709.0,10,0,1,0,4.0,0
0.0305,51,0,0.4343,7305.0,7,0,1,0,1.0,0
0.3438,45,0,0.2257,16742.0,9,0,2,0,0.0,0
0.3578,48,0,0.6802,5485.0,9,0,0,0,0.0,0
0.1531,61,0,0.147,,4,0,2,0,1.0,0
0.8554,33,0,0.7351,,8,0,3,0,1.0,0
0.1821,52,0,0.5378,2576.0,8,0,0,0,1.0,0
0.2729,39,0,0.1703,2683.0,4,0,0,0,0.0,0
0.4811,35,0,0.9181,6673.0,7,0,1,0,1.0,0
0.584,25,0,0.1107,,11,0,0,0,0.0,1
0.3125,45,0,0.2134,6146.0,9,0,1,0,0.0,0
0.571,67,2,0.1815,,5,0,1,0,1.0,0
0.2429,24,0,0.69,3915.0,9,0,0,0,0.0,0
0.3537,60,0,0.1891,6248.0,7,0,1,0,2.0,0
5.6479,43,0,0.1699,,8,0,0,0,2.0,0
0.2221,37,0,0.9403,10665.0,15,0,1,0,0.0,0
0.3913,57,0,0.5802,3424.0,5,0,1,0,0.0,0
0.0007,70,0,0.2832,3944.0,6,0,1,0,0.0,0
3.232,73,0,0.6368,1144.0,4,0,2,0,0.0,1
0.1239,56,0,0.3806,2744.0,10,0,2,0,1.0,0
3.6736,51,0,0.2464,12564.0,7,0,1,0,0.0,0
0.3386,57,0,0.7628,8288.0,10,0,2,0,1.0,0
0.3245,87,0,0.3693,11253.0,7,0,1,0,0.0,0
0.0282,48,0,0.2604,3683.0,6,0,1,0,1.0,0
0.2563,68,0,0.8952,2895.0,9,0,3,0,1.0,0
0.1453,44,0,0.2435,1482.0,7,0,1,0,1.0,0
0.1495,40,0,0.5419,3876.0,8,0,1,0,2.0,0
1.0386,77,3,0.1337,10767.0,10,0,1,0,2.0,0
0.0424,52,0,0.675,6140.0,6,0,1,0,0.0,0
3.7591,55,0,0.6552,4957.0,4,0,1,0,0.0,1
0.6631,60,0,0.3347,4804.0,4,0,0,0,0.0,0
0.3831,40,0,0.4375,5431.0,7,0,0,0,1.0,0
0.1032,46,0,0.6417,8978.0,14,0,3,0,2.0,0
0.3754,43,0,0.6079,,8,0,0,0,1.0,0
0.5893,57,0,0.307,3115.0,4,0,0,0,1.0,0
0.1586,57,0,0.5967,7782.0,15,0,1,0,1.0,0
0.1537,44,0,0.7751,7556.0,7,0,1,0,0.0,0
0.2082,80,0,0.3747,10090.0,8,0,3,0,1.0,0
1.2167,52,0,0.6001,3527.0,6,0,2,0,1.0,0
0.5862,53,0,0.4645,4362.0,12,0,1,0,1.0,0
0.4774,71,0,0.4115,4593.0,6,0,2,0,1.0,0
0.7729,40,0,0.262,,10,0,2,0,1.0,0
0.4365,45,0,0.1657,3443.0,6,0,1,0,1.0,0
0.342,56,0,0.3938,,8,0,0,0,0.0,0
0.8609,31,0,0.3797,6395.0,5,0,1,0,0.0,0
0.075,49,0,0.3379,5677.0,5,0,1,0,1.0,0
0.1582,81,0,0.5948,6920.0,5,0,0,0,1.0,0
0.0284,78,0,0.3826,,6,0,3,0,1.0,0
0.1643,65,0,0.6714,4328.0,12,0,0,0,1.0,0
0.3225,69,0,0.285,3575.0,8,0,0,0,2.0,0
0.4533,59,0,0.61,4912.0,10,0,4,0,2.0,1
5.0201,46,0,0.5534,11292.0,7,0,0,0,0.0,0
0.1177,75,0,0.7599,,5,0,0,0,1.0,0
0.4863,39,0,0.213,9768.0,13,0,1,0,0.0,0
0.3453,66,0,0.2323,17556.0,12,0,0,0,1.0,1
0.0855,45,0,0.6138,9511.0,9,0,0,0,0.0,0
0.2426,46,0,0.967,2335.0,5,0,1,0,0.0,0
0.9623,60,0,0.4539,5614.0,8,0,2,0,1.0,0
0.6027,80,0,0.1177,4244.0,4,0,0,0,1.0,0
0.4637,72,0,0.9845,10532.0,8,0,1,0,0.0,0
0.1885,57,0,0.6172,3510.0,5,0,0,0,2.0,0
0.7889,53,0,1.2029,9090.0,4,0,1,0,1.0,0
0.5055,63,0,0.0844,7950.0,4,0,1,0,2.0,0
0.2345,71,0,0.375,5474.0,13,0,0,0,,1
1.0677,27,0,0.153,3799.0,3,0,0,0,2.0,0
1.3321,50,0,0.3582,7188.0,8,0,1,0,0.0,0
0.1657,37,0,0.0895,4251.0,7,0,3,0,1.0,0
0.5848,49,0,0.6185,3282.0,8,0,2,0,1.0,0
0.0141,34,0,0.4801,4988.0,4,0,1,0,1.0,0
0.1161,27,0,0.2623,11869.0,3,0,2,0,0.0,0
0.8805,34,0,0.047,8562.0,5,0,0,0,1.0,0
0.9789,44,0,0.1637,5062.0,16,0,3,0,1.0,0
0.0414,60,0,0.8868,5761.0,10,0,1,0,3.0,0
0.453,41,0,0.8639,3748.0,9,0,0,0,1.0,0
0.1492,40,0,0.1422,5850.0,12,0,1,0,0.0,0
0.0078,58,0,0.331,5092.0,11,0,0,0,1.0,0
0.6497,56,0,0.1019,3289.0,9,0,0,0,1.0,0
2.5058,76,0,0.3109,4968.0,10,0,1,0,0.0,0
0.0331,65,0,0.3454,2000.0,4,0,5,0,1.0,0
0.4422,38,0,0.3934,6575.0,10,0,0,0,0.0,0
0.2465,43,0,0.7585,4034.0,4,0,1,0,2.0,0
1.5886,62,0,0.1898,1940.0,11,0,1,0,2.0,0
0.0518,40,0,0.6334,1451.0,7,0,1,0,3.0,0
3.6079,47,0,0.4201,13863.0,10,0,1,0,0.0,0
0.2085,28,0,0.8529,4869.0,11,0,3,0,1.0,0
2.0916,34,1,0.8957,2400.0,9,0,0,0,1.0,0
3.5601,70,0,0.2147,,14,0,2,0,1.0,0
0.4671,54,0,0.9419,8461.0,11,0,0,0,0.0,0
0.6312,43,0,0.5653,5980.0,10,0,0,0,0.0,0
0.3201,45,0,0.5221,,18,0,0,0,0.0,0
0.3002,76,0,0.6381,7015.0,8,0,0,0,1.0,0
0.957,43,0,0.5354,4566.0,9,0,0,0,0.0,0
0.1727,59,0,0.8801,16838.0,7,0,0,0,0.0,0
0.9407,64,0,0.743,2532.0,6,0,0,0,0.0,0
0.2687,72,0,0.6275,2014.0,3,0,0,0,2.0,0
0.5864,40,0,0.3863,6114.0,10,0,2,0,2.0,0
0.4465,32,0,0.7888,3664.0,7,0,1,0,1.0,0
0.1006,37,0,0.2723,6263.0,10,0,3,0,1.0,0
2.4265,62,0,0.2701,5587.0,6,0,0,0,0.0,0
0.3467,80,0,0.7646,8399.0,6,0,1,0,1.0,0
0.2973,63,0,0.4062,2569.0,13,0,0,0,2.0,0
1.1589,43,0,0.6941,,6,0,1,0,2.0,1
2.1552,69,0,0.0482,,7,0,1,0,0.0,0
0.2502,45,0,0.6663,7847.0,11,0,1,0,0.0,0
1.472,40,0,0.3752,7389.0,5,0,2,0,0.0,0
0.2,47,0,0.7905,9280.0,11,0,1,0,1.0,0
0.772,44,0,0.8007,7498.0,15,0,1,0,1.0,0
0.1026,42,0,0.4566,5221.0,9,0,0,0,0.0,0
0.5313,69,0,0.9434,,8,0,1,0,1.0,1
0.409,45,0,0.2092,3700.0,9,0,1,0,1.0,0
0.2481,30,0,0.3556,1994.0,7,0,1,0,2.0,0
0.0955,60,0,0.3545,2531.0,7,0,0,0,1.0,0
0.4993,39,0,0.3983,6573.0,15,0,1,0,2.0,0
0.1155,39,0,0.3264,11904.0,12,0,0,0,0.0,0
0.5563,62,0,0.1646,2467.0,8,0,1,0,1.0,0
0.8047,42,3,0.383,,13,1,0,0,2.0,0
3.8501,46,0,0.5449,3938.0,11,0,2,0,1.0,0
0.4246,53,0,0.7574,5221.0,4,0,0,0,0.0,0
2.2973,48,0,0.3982,,9,0,0,0,1.0,0
0.4563,46,0,0.7253,14161.0,8,0,1,0,0.0,0
0.4078,21,0,0.5446,6289.0,9,0,0,0,0.0,0
0.319,50,0,0.9349,8941.0,8,0,0,0,1.0,0
0.1828,75,0,0.6602,2329.0,12,0,1,0,0.0,0
0.9008,61,0,0.1892,3295.0,7,0,2,0,0.0,0
0.4327,47,0,0.1546,9225.0,7,0,0,0,0.0,0
0.1434,59,0,0.3895,7874.0,4,0,1,0,1.0,0
0.0682,61,0,0.6727,6253.0,3,0,1,0,1.0,0
0.3099,40,0,0.6326,,8,0,0,0,0.0,0
1.0789,70,0,0.3483,,7,0,3,0,2.0,0
0.6982,54,0,0.1472,,11,0,0,0,3.0,0
0.522,48,0,0.7414,11202.0,11,0,3,0,0.0,0
0.2071,74,0,0.5776,4318.0,7,0,2,0,2.0,0
0.3587,23,0,0.2928,,8,0,0,0,2.0,0
0.1175,36,0,0.067,2994.0,10,0,0,0,0.0,0
0.0115,61,0,0.363,5350.0,10,0,3,0,1.0,0
3.09,61,0,0.0909,8401.0,8,0,2,0,0.0,0
0.1799,75,0,0.8763,7042.0,9,0,1,0,1.0,0
0.138,21,0,0.6034,3065.0,7,0,0,0,,0
0.2359,64,0,0.3452,3936.0,13,0,4,0,0.0,0
0.1631,35,0,0.2229,,8,0,1,0,0.0,0
0.2961,58,0,1.1599,8196.0,11,0,0,0,0.0,0
0.4509,51,0,0.2839,3610.0,7,0,1,0,0.0,0
0.7907,64,0,0.3055,7315.0,7,0,2,0,0.0,0
0.1613,49,0,0.9848,,9,0,1,0,1.0,0
0.4772,66,0,0.2239,11847.0,7,0,2,0,3.0,0
0.8004,40,2,0.2013,2693.0,3,0,0,0,1.0,0
0.5912,51,0,0.6105,,3,0,0,0,1.0,0
0.4447,55,0,1.0648,10469.0,9,0,0,0,2.0,0
0.5027,75,0,0.4645,2091.0,5,0,0,0,2.0,1
0.5954,64,0,0.5728,5980.0,7,0,1,0,1.0,0
0.6253,55,0,0.4282,2866.0,6,0,0,0,0.0,0
0.6127,61,0,0.6092,6201.0,5,0,1,0,1.0,0
0.172,67,0,0.501,5852.0,4,0,2,0,1.0,0
4.5909,57,0,0.4381,3138.0,6,0,1,0,2.0,0
0.6119,38,0,0.5308,7049.0,2,0,1,0,2.0,0
0.2859,61,0,0.4848,1336.0,12,0,2,0,0.0,0
2.4309,52,0,0.9214,1556.0,5,0,1,0,2.0,0
0.4487,47,0,0.4039,3615.0,4,0,1,0,0.0,0
0.3459,41,0,0.2825,,6,0,0,0,1.0,0
0.7121,60,0,0.7339,2933.0,11,0,1,0,0.0,0
0.5307,59,0,0.119,15534.0,3,0,4,0,1.0,0
0.7516,39,1,0.6468,3766.0,6,0,0,0,1.0,0
0.4085,37,0,0.556,5589.0,5,0,2,0,0.0,0
0.6251,78,1,0.2537,2016.0,9,0,0,0,1.0,0
0.1056,64,0,0.0629,5135.0,4,0,0,0,2.0,0
0.268,53,2,0.416,6728.0,6,0,0,0,0.0,0
0.417,60,0,0.6859,6030.0,9,0,4,0,0.0,0
1.2106,45,0,0.423,4565.0,13,0,1,0,1.0,0
0.2514,50,0,0.1578,4587.0,8,0,0,0,1.0,0
0.5121,52,0,0.3136,8166.0,6,0,3,0,1.0,0
1.711,66,0,0.9671,,6,0,1,0,1.0,0
0.1551,32,0,0.3147,1816.0,6,0,4,0,1.0,0
0.9724,38,0,0.3735,11057.0,8,0,1,0,2.0,0
0.1218,35,0,0.5846,,12,0,1,0,0.0,0
4.502,64,1,0.463,12486.0,10,0,0,0,2.0,0
0.8613,51,0,0.2179,,7,0,1,0,1.0,0
0.0437,39,0,0.2674,6167.0,14,0,0,0,0.0,0
0.5672,49,1,0.6129,,9,0,0,0,3.0,0
0.8025,43,0,0.6321,,11,0,1,0,0.0,0
1.1901,32,0,0.3606,4359.0,8,0,2,0,1.0,0
1.4816,70,0,0.0102,8086.0,7,0,0,0,0.0,1
0.1251,50,0,0.6886,6540.0,8,0,2,0,0.0,0
0.572,70,0,1.0417,5462.0,5,0,1,0,,0
0.1937,32,0,0.08,,5,0,0,0,1.0,0
1.5975,59,0,0.4154,13768.0,7,0,1,0,,0
0.3107,32,0,0.1503,6010.0,8,0,1,0,0.0,0
2.6298,86,0,0.8898,5727.0,6,0,3,0,1.0,0
0.6675,28,0,0.3275,1790.0,7,0,1,0,1.0,0
0.2678,77,0,0.9725,11688.0,6,0,3,0,1.0,0
0.1029,52,0,0.3039,4528.0,8,0,1,0,1.0,0
0.0959,49,0,0.5321,2948.0,4,0,1,0,1.0,0
0.368,60,0,0.6507,3633.0,3,0,0,0,0.0,0
0.6114,39,0,0.484,8907.0,16,0,0,0,1.0,0
0.2174,63,0,0.3717,,11,0,0,0,0.0,0
0.4281,64,0,0.059,3850.0,10,0,0,0,,0
0.089,52,0,1.0461,10031.0,2,0,0,0,1.0,0
0.3014,56,0,0.3555,5533.0,10,0,1,0,1.0,0
0.1592,79,0,0.4428,,4,0,4,0,2.0,0
2.109,61,0,0.7206,8960.0,7,0,0,0,1.0,0
0.3874,41,0,0.9417,3793.0,8,0,3,0,0.0,0
0.0454,63,1,0.1416,8791.0,10,0,1,0,0.0,0
0.3332,44,0,0.4201,,3,0,2,0,0.0,0
0.1777,42,0,0.7524,10744.0,9,0,2,0,1.0,0
0.0834,59,0,0.8465,6096.0,9,0,2,0,0.0,0
1.687,38,0,0.2687,8747.0,9,0,2,0,0.0,0
0.2638,53,2,0.6527,5946.0,9,0,1,2,,0
0.0903,61,0,0.0965,5869.0,6,0,0,0,,0
3.085,79,2,0.6428,5242.0,9,0,1,0,0.0,1
8.9065,61,0,1.1294,2767.0,11,0,0,0,0.0,0
0.7002,31,0,0.7129,,7,0,1,0,1.0,0
1.0326,34,0,0.4198,5324.0,6,0,1,0,1.0,0
0.2329,76,0,0.3356,9385.0,4,0,1,0,1.0,0
0.4166,43,0,1.0745,32154.0,11,0,0,0,1.0,0
0.3725,31,0,0.1097,8713.0,8,0,1,0,0.0,0
0.9338,38,0,0.6514,2801.0,13,0,3,0,0.0,0
0.2804,63,0,0.4773,10533.0,10,0,2,0,0.0,0
0.1693,54,0,0.0665,3881.0,7,0,0,0,1.0,0
0.1126,61,0,0.5494,5675.0,9,0,3,0,0.0,0
0.0483,52,0,0.1517,3705.0,7,0,3,0,0.0,0
0.8206,37,0,1.0198,,13,0,1,0,0.0,0
0.134,27,0,0.7374,10214.0,7,0,1,0,0.0,0
0.5238,40,0,0.3243,4936.0,9,0,1,0,1.0,0
0.3815,54,0,1.1486,1683.0,3,0,1,0,1.0,0
0.0118,35,0,1.2148,,7,0,2,0,0.0,0
0.1657,66,0,0.584,,7,0,2,0,2.0,0
0.8272,38,0,0.9608,874.0,8,0,1,0,0.0,0
0.1795,29,0,0.2027,6288.0,13,0,0,0,2.0,0
0.789,52,0,0.1774,,5,0,1,0,0.0,0
0.3329,63,0,0.2778,4409.0,8,0,0,0,0.0,0
1.7339,73,0,0.3349,,7,0,2,0,0.0,1
1.3203,29,0,0.4869,5552.0,9,0,0,0,0.0,0
2.5453,72,0,0.4081,,8,0,0,0,0.0,1
0.3344,55,0,0.1932,,8,0,1,0,1.0,0
0.2384,43,0,0.8546,7790.0,4,0,1,0,1.0,0
0.131,62,0,0.8828,,7,0,1,0,0.0,0
1.1334,71,0,1.0059,3081.0,11,0,3,0,0.0,0
0.026,28,0,0.5697,,8,0,0,0,0.0,0
0.6214,46,0,0.8459,,6,0,3,0,1.0,0
0.4282,44,0,0.7847,2044.0,9,0,1,0,0.0,0
0.3419,61,0,0.3412,4803.0,4,0,1,0,0.0,0
3.1172,72,0,0.2571,10383.0,7,0,2,0,0.0,0
0.2996,53,0,0.2094,13073.0,13,0,2,0,0.0,0
1.0045,48,0,0.76,,9,0,1,0,,0
0.3376,58,0,0.8223,3002.0,16,0,2,0,1.0,0
0.8047,49,0,0.3345,5087.0,8,0,1,0,1.0,0
0.5143,22,0,0.1873,2731.0,8,0,1,0,2.0,0
0.0477,59,0,0.7932,3872.0,9,0,1,0,1.0,0
0.3613,66,0,0.3506,12608.0,4,0,2,0,1.0,0
0.1562,67,0,0.1759,4660.0,10,0,0,0,0.0,0
2.4912,36,0,0.3142,,6,0,1,0,1.0,0
0.8077,61,0,0.6794,4394.0,9,0,2,0,,0
0.205,73,0,0.5113,3512.0,10,0,0,0,1.0,0
0.6956,87,0,0.5283,6075.0,7,0,2,0,2.0,0
0.5031,59,0,0.7015,,7,0,2,0,0.0,1
0.1571,66,0,0.7787,9639.0,5,0,0,0,2.0,0
0.179,38,0,0.3011,,5,0,2,0,1.0,0
0.0354,36,0,0.6733,,7,0,1,0,3.0,0
0.7408,66,0,0.8303,5295.0,11,0,1,0,0.0,0
0.4757,23,0,0.1898,5874.0,9,0,3,0,0.0,0
0.1449,54,0,0.5249,7325.0,10,0,2,0,1.0,0
0.1587,72,0,0.2003,5112.0,10,0,2,0,0.0,0
6.6124,62,0,0.5214,4751.0,13,0,0,0,0.0,0
0.2576,62,0,0.824,8348.0,2,0,1,0,2.0,0
0.3326,51,0,1.2429,5830.0,4,0,2,0,,0
1.1126,46,0,0.1412,19564.0,8,1,0,1,3.0,0
0.0138,82,0,1.0046,5110.0,9,0,1,0,0.0,0
1.0935,69,0,0.957,,4,0,1,0,0.0,1
0.6892,64,0,0.1181,5144.0,8,0,0,0,0.0,0
0.2815,52,0,0.3173,3414.0,8,0,1,0,1.0,0
0.5818,44,0,0.3162,5309.0,7,0,0,0,0.0,0
0.1854,67,0,0.7679,,3,0,1,0,2.0,0
2.0219,48,0,0.6939,5336.0,16,0,0,0,1.0,0
0.1782,53,0,0.7128,6942.0,10,0,1,0,1.0,0
0.3617,61,0,0.7485,,10,0,0,0,0.0,0
0.4084,55,0,0.734,18051.0,5,0,2,0,0.0,0
1.3002,74,0,0.2053,7077.0,7,0,3,0,1.0,0
0.185,34,0,0.5126,5466.0,8,0,1,0,2.0,0
0.0343,53,0,0.2695,8464.0,9,0,0,0,0.0,0
2.4581,82,0,0.3922,2189.0,3,0,1,0,0.0,0
0.073,65,0,0.6909,4196.0,9,0,2,0,0.0,0
0.0395,49,0,0.6593,4621.0,10,0,0,0,2.0,0
0.7986,63,0,0.5725,,16,0,0,0,0.0,0
0.52,51,0,0.5467,6859.0,8,0,0,0,0.0,0
0.1892,73,0,0.2748,3927.0,7,0,3,0,1.0,0
0.0959,63,0,0.2737,9289.0,12,0,0,0,2.0,0
0.6672,40,0,0.5803,9903.0,5,0,1,0,0.0,0
0.7212,55,0,0.454,,7,0,1,0,1.0,0
0.068,58,0,0.627,6918.0,10,0,0,0,1.0,0
5.0143,59,0,0.6387,2640.0,5,0,0,0,2.0,0
0.0874,56,0,0.5032,3738.0,10,0,0,0,1.0,0
0.1792,60,0,0.4007,2142.0,8,0,1,0,2.0,0
0.0438,58,0,0.822,4498.0,12,0,0,0,1.0,0
0.3851,42,0,0.5672,1813.0,8,0,0,0,0.0,0
2.5959,46,1,0.7857,,8,0,3,1,0.0,0
1.2101,48,0,0.1199,,10,0,2,0,2.0,1
0.3299,53,0,0.6152,4397.0,8,0,1,0,0.0,0
5.172,48,0,0.4254,7994.0,9,0,0,0,2.0,0
0.032,67,0,0.1249,10297.0,8,0,0,0,1.0,0
0.3448,39,0,0.635,8777.0,6,0,0,0,1.0,0
0.229,28,0,0.8614,1594.0,8,0,0,0,0.0,0
0.1989,80,0,0.4833,3474.0,7,0,1,0,0.0,0
8.0483,41,0,0.171,3849.0,7,0,1,0,,0
0.5669,67,0,0.4589,4010.0,7,0,1,0,1.0,0
0.5659,61,0,0.4996,24481.0,16,0,0,0,0.0,0
0.327,41,0,0.6776,2299.0,4,0,1,0,1.0,0
0.5634,50,0,0.0512,4893.0,7,0,1,0,0.0,0
1.0849,48,0,0.0784,2100.0,5,0,1,0,1.0,0
0.0851,57,0,0.4172,6603.0,8,0,1,0,1.0,0
0.4675,41,0,0.6691,10862.0,5,0,2,0,1.0,0
1.3148,50,0,0.2843,,8,0,0,2,0.0,0
0.0189,51,0,0.3688,,2,0,1,0,1.0,0
1.0391,67,0,0.428,6183.0,12,0,1,0,0.0,0
0.1432,46,0,1.336,4166.0,3,0,1,0,0.0,0
0.0678,38,0,0.4495,2139.0,3,0,0,0,0.0,0
0.3333,44,0,0.774,3655.0,13,0,2,0,1.0,0
0.1537,57,0,0.5434,6897.0,5,0,1,0,0.0,0
0.836,27,0,0.3344,5192.0,12,0,1,0,0.0,0
0.3804,69,0,0.5705,5655.0,5,0,1,0,1.0,0
0.5775,52,0,0.1521,5613.0,11,0,0,0,0.0,0
0.691,58,0,0.4564,,5,0,0,0,0.0,0
0.066,55,0,0.3633,,9,0,0,0,0.0,0
3.3639,43,0,0.2143,2142.0,7,0,2,0,0.0,0
0.7294,37,0,0.3342,5620.0,9,0,1,0,1.0,0
0.0596,42,0,0.5647,8605.0,9,0,0,0,0.0,0
0.1531,31,0,0.8762,15105.0,14,0,5,0,0.0,0
0.1076,57,0,0.8035,7479.0,4,0,1,0,1.0,0
0.6778,50,0,0.3637,7498.0,11,0,1,0,0.0,0
0.7524,31,0,0.5019,5619.0,7,0,2,0,0.0,0
0.4895,43,0,0.0913,3264.0,9,0,0,0,2.0,0
0.1902,61,0,0.273,3915.0,7,0,0,0,1.0,0
2.4952,70,0,0.5037,,4,0,0,0,2.0,1
0.2073,34,0,0.4161,5904.0,11,0,0,0,1.0,0
0.4818,82,0,0.8922,4761.0,11,0,0,0,0.0,0
0.4226,39,0,0.6293,,8,2,1,1,0.0,0
0.5266,28,0,0.5025,7755.0,8,0,0,0,0.0,0
1.7392,77,0,0.5889,2669.0,5,0,3,0,0.0,0
0.5395,37,0,0.5198,5414.0,4,0,2,0,2.0,0
0.234,73,0,0.3555,18682.0,10,0,2,0,0.0,0
1.5917,43,3,0.314,,5,1,0,0,0.0,0
0.4541,48,0,0.6662,4583.0,9,0,0,0,0.0,0
0.4803,34,0,0.264,3712.0,5,0,0,0,0.0,0
0.4744,70,0,0.4727,13797.0,10,0,0,0,0.0,0
0.2685,68,0,0.5947,14203.0,9,0,2,0,0.0,0
0.2702,43,0,0.5706,3865.0,8,0,2,0,1.0,0
0.4504,51,0,0.1056,9366.0,7,0,0,0,0.0,1
0.9047,61,0,0.7638,,10,0,2,0,1.0,0
0.0542,45,0,1.0837,3497.0,4,0,1,0,0.0,0
0.5682,71,0,0.5435,6778.0,16,0,3,0,0.0,0
0.474,51,0,0.3501,4879.0,9,0,3,0,1.0,0
0.1266,45,0,0.6627,4146.0,12,0,1,0,0.0,0
0.1467,30,0,0.9275,,5,0,2,0,3.0,0
0.2073,34,0,0.498,2517.0,12,0,0,0,0.0,0
0.6179,60,0,0.7342,3303.0,6,0,1,0,1.0,0
0.7443,55,0,0.1518,3543.0,11,0,2,0,1.0,0
0.0147,63,0,0.2879,4155.0,12,0,1,0,1.0,0
0.9022,44,0,0.1284,4048.0,7,0,0,0,0.0,0
3.4143,29,0,0.955,5305.0,1,0,1,0,1.0,0
0.6302,45,0,0.1443,5557.0,7,0,2,0,1.0,0
0.599,81,0,0.4988,,7,0,1,0,0.0,0
0.4684,38,0,0.2157,3722.0,9,0,1,0,3.0,0
0.8694,51,0,0.5036,,10,0,2,0,0.0,0
0.0467,21,0,0.1507,8116.0,8,0,0,0,0.0,1
1.0253,45,0,0.7737,1238.0,9,0,2,0,0.0,0
0.6139,46,0,0.2052,7434.0,7,0,2,0,0.0,0
0.6992,57,0,0.1568,6647.0,9,0,0,0,0.0,0
0.3082,48,0,0.3265,7371.0,12,0,1,0,0.0,0
0.1586,31,0,0.0627,6812.0,7,0,0,0,1.0,0
0.6894,43,1,0.9786,9375.0,11,0,0,0,1.0,0
2.5937,49,0,0.2422,6386.0,10,0,1,0,1.0,0
3.7427,38,0,0.472,2211.0,5,0,0,0,1.0,0
0.067,40,0,0.6855,6253.0,9,0,2,0,0.0,0
0.2752,66,0,0.3945,2938.0,4,0,2,0,1.0,0
0.4326,43,0,0.4764,5191.0,3,0,1,0,0.0,0
0.233,58,0,0.494,7586.0,7,0,0,0,0.0,0
0.4839,50,0,0.3544,,3,0,0,0,1.0,0
0.5376,35,0,0.914,2009.0,7,0,2,0,2.0,0
0.3946,47,0,0.6287,2374.0,11,0,0,0,0.0,0
0.1489,56,0,0.3903,3273.0,7,0,0,0,,0
0.1076,76,0,0.3767,7853.0,8,0,2,0,3.0,0
0.4042,41,2,0.6591,9724.0,7,0,2,0,2.0,0
2.7194,51,3,0.2999,3575.0,9,0,1,0,0.0,0
1.1239,65,0,0.1932,5145.0,3,0,1,0,0.0,0
2.6687,70,0,0.3295,6055.0,8,0,3,0,1.0,0
0.0163,43,0,0.3082,,14,0,1,0,,0
0.2232,50,0,0.6573,1154.0,9,0,2,0,1.0,0
1.7342,68,0,0.3315,7045.0,7,0,1,0,0.0,0
1.1248,59,0,0.1468,3562.0,12,0,0,0,0.0,0
0.1856,66,0,0.8133,3194.0,10,0,2,0,2.0,0
0.0853,68,0,0.5245,4648.0,12,0,1,0,3.0,0
4.3384,60,0,0.5926,3302.0,6,0,0,0,1.0,0
0.4108,54,0,0.0974,,6,0,0,0,3.0,0
0.3394,43,0,0.4953,2955.0,13,0,1,0,3.0,0
0.5102,49,0,0.378,8951.0,4,0,1,0,0.0,0
0.355,50,0,0.4761,7353.0,9,0,3,0,1.0,0
0.2221,69,0,0.6577,,2,0,0,0,0.0,0
0.6049,54,0,0.1297,4773.0,6,0,3,0,0.0,0
0.1445,55,0,0.8537,9314.0,7,0,2,0,1.0,0
0.6399,38,0,0.6915,1648.0,10,0,0,0,0.0,0
0.4684,69,0,0.48,,9,0,2,0,2.0,1
0.9711,41,0,0.3131,14338.0,4,0,0,0,0.0,0
0.0581,48,0,0.6922,,7,0,1,0,1.0,0
0.5855,70,0,0.6171,3477.0,5,0,2,0,0.0,0
0.1362,64,0,0.3476,3817.0,6,0,3,0,2.0,0
0.256,40,0,0.6411,2662.0,8,0,0,0,1.0,0
0.1169,37,0,0.4927,,6,0,1,0,0.0,0
0.0202,49,0,0.8955,,5,0,2,0,0.0,0
0.0655,44,0,0.4305,2855.0,12,0,1,0,0.0,0
0.7757,31,0,0.5613,6173.0,9,0,0,0,2.0,0
0.9514,41,0,0.5694,12579.0,10,0,1,0,0.0,0
0.3734,21,0,0.2854,9229.0,7,0,1,0,1.0,0
0.1474,65,0,1.0538,6031.0,10,0,1,0,0.0,0
0.6104,64,0,0.6362,5357.0,8,0,3,0,1.0,0
0.054,72,0,0.6063,4481.0,12,0,2,0,2.0,0
0.7537,57,0,0.3891,4102.0,11,0,0,0,0.0,0
0.1289,46,0,0.4334,2161.0,4,0,0,0,2.0,0
1.3356,66,0,0.2582,12474.0,10,0,2,0,0.0,0
0.4518,42,0,0.559,4528.0,11,0,1,0,1.0,1
0.8216,33,0,0.5329,8768.0,11,0,2,0,2.0,0
0.4604,50,0,0.1669,6369.0,7,0,0,0,1.0,0
0.334,58,0,1.2722,6255.0,4,0,3,0,2.0,0
0.1841,41,0,0.3108,7621.0,7,0,0,0,1.0,0
0.5122,37,0,0.7552,10708.0,12,0,0,0,0.0,0
0.0817,46,0,0.517,3821.0,7,0,0,0,0.0,0
0.8914,58,0,0.6764,,10,0,2,0,0.0,0
0.1954,50,0,0.6879,8030.0,11,0,0,0,1.0,0
0.2191,89,0,0.1308,12602.0,11,0,3,0,0.0,0
0.285,50,0,0.4523,7895.0,8,0,2,0,0.0,0
2.272,63,0,0.5403,,8,0,1,0,1.0,0
0.5667,32,0,0.363,4840.0,7,0,3,0,1.0,0
0.6502,60,0,0.21,8408.0,10,0,0,0,0.0,0
0.6545,46,0,0.0216,4090.0,11,0,4,0,0.0,1
5.3428,52,0,0.0728,7218.0,11,0,2,0,0.0,0
0.2234,76,0,1.1418,14411.0,9,0,1,0,1.0,0
0.1006,47,0,0.4913,11035.0,10,0,2,0,2.0,0
0.0118,34,0,0.2004,7076.0,8,0,1,0,1.0,0
0.6088,36,0,0.7748,10972.0,7,0,2,0,0.0,0
0.2589,54,0,0.4934,13540.0,6,0,0,0,0.0,0
0.442,54,0,0.2918,3442.0,9,0,0,0,0.0,0
0.6876,53,0,0.5512,,15,0,0,0,2.0,0
0.5881,34,0,0.6429,5822.0,7,0,0,0,0.0,0
1.363,80,0,0.5027,3578.0,11,0,4,0,0.0,0
0.2183,73,0,0.4089,9428.0,10,0,2,0,0.0,0
0.3213,54,0,0.6241,6276.0,16,0,2,0,2.0,0
0.4554,31,0,0.205,,8,0,2,0,1.0,0
0.3808,74,0,0.849,10702.0,12,0,4,0,0.0,0
1.7484,68,0,0.2683,9091.0,6,0,1,0,1.0,0
1.0269,53,0,0.2032,2384.0,9,0,0,0,0.0,0
0.4663,69,0,0.8783,,7,0,2,0,0.0,0
0.6958,45,1,0.498,,9,0,1,0,3.0,0
0.2902,39,0,0.3673,7400.0,11,0,1,0,,0
0.4288,54,0,0.0718,1690.0,8,0,0,0,2.0,1
5.2942,30,0,0.4444,,9,0,0,0,0.0,0
0.5667,36,0,0.1823,6557.0,11,0,1,0,1.0,0
0.4171,60,0,0.3553,5077.0,8,0,1,0,0.0,0
0.2933,55,0,0.691,10864.0,6,0,1,0,3.0,0
0.2636,33,0,0.5425,1995.0,9,0,1,0,1.0,0
2.2221,46,0,0.6527,4213.0,8,0,0,0,0.0,0
0.5738,33,0,0.1995,6458.0,14,0,0,0,0.0,0
0.5999,45,1,0.4393,7142.0,7,1,1,0,0.0,0
1.3308,44,0,0.0307,2958.0,7,0,1,0,1.0,0
0.9022,66,0,0.1911,15324.0,5,0,0,0,1.0,0
0.6185,50,0,0.2109,10502.0,9,0,0,0,0.0,0
0.5527,49,0,0.6205,4022.0,8,0,2,0,0.0,0
0.3006,47,0,0.6343,7820.0,14,0,2,0,0.0,0
0.3647,28,0,0.337,2794.0,11,0,2,0,2.0,0
0.045,51,0,1.0688,3947.0,8,0,0,0,1.0,0
0.7231,59,0,0.9325,,9,0,3,0,,0
0.9402,55,0,1.0513,3561.0,8,0,1,0,0.0,0
0.5202,62,0,1.1546,6928.0,8,0,2,0,2.0,0
0.0872,62,0,0.198,,8,0,1,0,1.0,0
0.1501,83,0,0.4515,9704.0,8,0,0,0,0.0,0
0.0014,36,0,0.9815,13313.0,7,0,0,0,1.0,0
0.6649,55,0,0.5748,5374.0,7,0,3,0,1.0,0
0.0328,57,0,0.1741,3346.0,7,0,2,0,1.0,0
0.5471,48,0,1.1298,5563.0,9,0,1,0,1.0,0
1.2259,43,0,0.4197,16254.0,4,0,3,0,0.0,0
1.0231,59,0,0.4095,6147.0,8,0,1,0,3.0,0
0.8035,58,0,0.3532,8898.0,6,0,2,0,3.0,0
0.4758,37,0,0.708,,4,0,0,0,0.0,0
0.1067,27,1,0.7796,8155.0,6,0,1,0,1.0,0
0.6508,45,0,0.502,5247.0,9,0,3,0,0.0,0
0.2273,43,0,0.5368,6936.0,8,0,0,0,0.0,0
0.2029,60,0,0.7427,7576.0,6,0,1,0,1.0,0
0.7543,39,0,0.5507,2977.0,9,0,1,0,0.0,0
0.4127,50,0,0.5868,4673.0,9,0,1,0,,0
0.1639,28,0,0.1269,2645.0,4,0,0,0,2.0,0
0.4129,30,0,0.4322,21692.0,5,0,2,0,0.0,0
0.7012,41,0,0.2917,,12,0,3,0,,0
2.1701,48,0,0.6517,8571.0,9,0,1,0,0.0,0
0.8248,41,0,0.155,2164.0,9,0,1,0,4.0,0
0.4063,54,1,0.2298,5850.0,5,0,1,1,1.0,0
0.4616,28,0,0.194,6014.0,8,0,0,0,0.0,0
0.6752,49,1,0.0536,11435.0,4,0,0,0,1.0,0
0.0001,49,0,0.3929,,10,0,1,0,0.0,0
1.4154,32,0,0.5611,8136.0,19,0,0,0,0.0,0
0.5929,55,0,0.8564,5289.0,7,0,2,0,1.0,0
0.2718,22,0,0.4058,2171.0,11,0,1,0,,0
0.6555,42,0,0.3854,5160.0,8,0,1,0,1.0,0
0.5409,63,0,0.886,13388.0,9,0,0,0,2.0,0
0.4538,21,0,0.0408,,5,0,1,0,2.0,0
0.767,61,0,0.5958,14791.0,8,0,3,0,1.0,0
0.1856,36,0,0.3581,3034.0,6,0,1,0,2.0,0
0.0785,44,0,0.6716,8297.0,12,0,0,0,0.0,0
0.8854,72,0,0.3082,8220.0,8,0,0,0,1.0,1
0.1037,43,0,0.6145,11583.0,13,0,1,0,0.0,0
0.7188,75,0,0.3785,10768.0,9,0,1,0,0.0,0
5.4437,48,3,0.9448,4722.0,4,0,3,1,0.0,0
0.5746,51,0,0.5488,3429.0,11,0,1,0,2.0,0
0.109,64,0,0.7172,6387.0,15,0,0,0,1.0,0
0.0598,60,0,0.2493,1420.0,5,0,1,0,0.0,0
0.5508,54,0,0.5492,12431.0,5,0,2,0,0.0,0
3.4608,46,1,0.3687,3263.0,5,0,0,1,1.0,0
3.4361,30,0,0.6585,4239.0,8,0,2,0,1.0,1
0.2944,31,0,0.64,1649.0,10,0,2,0,1.0,0
0.1169,70,0,0.4602,7040.0,7,0,0,0,2.0,0
0.0187,76,0,0.3894,4616.0,8,0,0,0,,0
0.0678,54,0,0.7363,2805.0,11,0,0,0,0.0,0
2.2129,27,0,0.3186,9038.0,4,0,1,0,2.0,1
0.2545,41,0,0.2035,1947.0,11,0,0,0,0.0,0
0.1549,40,0,0.6681,7341.0,10,0,2,0,2.0,0
0.7533,44,0,0.2676,,4,0,0,0,1.0,0
0.1156,40,0,0.5672,3176.0,10,0,0,0,1.0,0
0.3502,59,0,0.3658,4318.0,8,0,0,0,2.0,0
0.3482,55,0,0.873,19691.0,11,0,1,0,0.0,0
0.2224,74,0,1.351,,9,0,1,0,0.0,0
0.7036,47,0,0.961,2971.0,8,0,1,0,1.0,0
7.3235,55,0,0.3667,,9,0,1,0,0.0,0
0.8008,62,0,0.6679,4381.0,6,0,0,0,1.0,0
0.5094,66,0,0.0849,,7,0,1,0,1.0,0
0.1854,35,0,0.4046,,7,0,1,0,0.0,0
0.1194,58,0,0.6642,6039.0,8,0,1,0,1.0,0
0.4651,54,0,0.0221,2594.0,10,0,0,0,1.0,0
0.2695,56,0,0.7035,5366.0,6,0,0,0,0.0,0
0.8248,53,0,0.6988,5877.0,7,0,2,0,1.0,0
0.3202,76,0,0.1227,3251.0,10,0,1,0,0.0,0
0.3604,40,0,0.1099,2048.0,5,0,2,0,2.0,0
0.1585,39,0,0.0234,12300.0,8,0,0,0,1.0,0
0.7889,41,0,1.0156,10542.0,4,0,0,0,2.0,0
2.0657,48,0,0.9332,,6,0,1,0,0.0,0
0.2624,56,0,0.0336,1811.0,10,0,0,0,0.0,0
0.4794,46,0,0.6858,7687.0,4,0,2,0,1.0,0
1.7589,66,0,0.0765,4340.0,8,0,0,0,0.0,0
0.0511,52,0,0.4839,,7,0,0,0,2.0,0
0.3045,51,0,0.8713,4966.0,11,0,2,0,0.0,0
0.3755,33,0,0.3264,6609.0,10,0,0,0,0.0,0
0.1405,77,0,0.0993,6151.0,10,0,1,0,0.0,0
0.3405,51,0,0.1816,2525.0,5,0,1,0,0.0,0
0.0125,75,0,0.7439,17494.0,8,0,2,0,1.0,0
0.5815,43,0,0.3474,2644.0,9,0,0,0,1.0,0
0.3192,64,0,0.4601,,8,0,2,0,2.0,0
0.255,44,0,0.8145,3908.0,8,0,0,0,0.0,0
0.2928,77,0,0.5154,4545.0,4,0,0,0,0.0,0
0.2645,68,0,0.1198,8047.0,6,0,2,0,1.0,0
0.4248,64,0,0.8508,8068.0,7,0,1,0,1.0,0
0.9373,42,0,0.4106,,10,0,1,0,2.0,0
0.0992,79,0,0.4933,,7,0,0,0,2.0,0
0.2969,81,0,0.424,12201.0,2,0,1,0,0.0,0
0.2584,47,0,0.7288,1558.0,7,0,1,0,0.0,0
0.0956,54,0,0.9396,6627.0,12,0,1,0,0.0,0
1.3493,65,0,0.4808,10726.0,7,0,0,0,0.0,0
0.3196,24,0,0.7049,5328.0,9,0,2,0,0.0,0
1.2749,68,0,0.1839,2750.0,8,0,2,0,0.0,0
0.0612,66,0,0.219,,10,0,0,0,1.0,0
0.2416,44,0,0.36,2506.0,8,0,0,0,0.0,0
0.031,21,0,0.3487,4514.0,6,0,2,0,1.0,0
0.1488,57,0,0.411,3964.0,8,0,1,0,0.0,0
0.4707,36,0,0.1109,16528.0,8,0,1,0,0.0,0
1.0565,30,0,0.8629,8069.0,12,0,4,0,0.0,0
0.5743,57,0,0.2802,,12,0,3,0,0.0,0
0.7732,70,1,0.7626,5784.0,6,0,2,0,1.0,0
0.8885,49,0,1.0141,2585.0,15,0,1,0,0.0,0
0.3012,69,0,0.2556,7453.0,4,0,1,0,1.0,0
0.1831,61,0,0.2158,9090.0,10,0,1,0,1.0,0
0.0194,33,0,0.2774,4539.0,8,0,1,0,2.0,0
0.4132,44,0,0.9039,,7,0,0,0,3.0,0
0.0779,67,0,0.3478,4718.0,11,0,1,0,1.0,0
0.8269,44,0,0.9154,12743.0,7,0,1,0,1.0,0
0.1041,63,0,0.4338,,10,0,1,0,0.0,0
0.4187,46,0,0.4788,,6,0,2,0,1.0,1
0.4599,62,0,0.3548,1086.0,8,0,0,0,0.0,0
0.1778,58,0,0.6429,,7,0,2,0,3.0,0
0.6801,49,0,0.5946,2233.0,6,0,2,0,0.0,0
0.6119,62,0,0.127,,11,0,4,0,0.0,0
0.6495,22,1,0.6598,4208.0,8,0,1,0,0.0,0
2.8485,37,1,0.0212,5983.0,9,0,0,2,,0
1.3223,46,0,0.3159,,7,0,2,0,1.0,0
0.1526,68,0,0.4616,9176.0,14,0,0,0,1.0,0
0.4207,32,0,0.1096,3356.0,5,0,1,0,,0
0.6093,52,0,0.9446,4734.0,9,0,1,0,0.0,1
0.8942,56,0,0.4727,,13,0,1,0,1.0,0
0.5223,55,0,0.4096,9098.0,7,0,0,0,0.0,0
0.0021,51,0,0.2899,3064.0,13,0,2,0,0.0,0
0.133,43,0,0.4461,,9,0,0,0,1.0,0
0.0146,49,0,1.228,7149.0,7,0,0,0,1.0,0
0.2623,66,0,0.1909,2014.0,11,0,3,0,0.0,0
0.6454,42,2,0.1834,2883.0,9,0,0,0,0.0,0
0.0145,22,0,0.3079,2171.0,6,0,3,0,3.0,0
12.0412,59,0,0.4605,1813.0,9,0,0,0,2.0,0
2.0403,73,0,0.4361,,5,0,0,0,1.0,0
0.2892,37,0,0.8712,18730.0,6,0,2,0,1.0,0
0.228,71,0,0.4195,3094.0,9,0,1,0,0.0,0
0.2284,59,0,0.3052,3359.0,6,0,0,0,0.0,0
0.244,36,0,0.7615,1581.0,5,0,2,0,3.0,0
0.2568,42,2,0.1857,,11,0,0,0,4.0,0
0.3919,42,0,0.6373,6482.0,12,0,1,0,0.0,0
0.4988,54,0,0.6073,,12,0,0,0,1.0,0
0.3212,49,0,0.7467,4567.0,9,0,3,0,0.0,0
0.077,67,0,0.086,,10,0,1,0,1.0,0
1.6921,64,0,0.9654,3410.0,9,0,2,0,0.0,0
1.4538,30,3,0.6484,3619.0,14,0,0,0,0.0,0
0.3802,32,0,0.3457,,10,0,1,0,0.0,0
0.4919,61,0,0.2347,3869.0,5,0,1,0,2.0,1
0.4604,45,0,0.5538,2424.0,11,0,4,0,0.0,1
0.1757,50,0,0.4441,8262.0,7,0,2,0,1.0,0
0.4554,60,0,0.9566,17778.0,8,0,0,0,1.0,0
0.6429,64,0,0.9449,7970.0,11,0,0,0,0.0,0
0.5175,35,0,0.3482,3803.0,10,0,0,0,0.0,0
5.6498,21,0,0.623,,5,0,0,0,0.0,0
0.1285,50,0,0.7378,2915.0,9,0,0,0,1.0,0
0.0392,40,0,0.1606,6502.0,9,0,1,0,0.0,0
0.0269,53,2,0.8718,4530.0,14,0,0,0,0.0,0
0.3276,51,0,0.3687,3730.0,12,0,0,0,1.0,0
0.8488,38,0,0.6471,12305.0,6,0,1,0,0.0,0
0.5535,81,0,0.2544,8836.0,6,0,1,0,1.0,1
0.483,52,0,0.6163,3151.0,7,0,2,0,2.0,0
0.267,44,0,0.3921,8098.0,6,0,2,0,0.0,0
6.3029,53,0,0.4705,10382.0,10,0,1,0,0.0,0
0.3547,59,0,0.3356,3879.0,5,0,2,0,0.0,0
0.983,43,0,0.6609,,6,0,1,0,1.0,0
0.2459,84,0,0.4972,,9,0,2,0,1.0,0
0.4095,31,0,0.5403,6681.0,7,0,2,0,0.0,0
0.4466,32,0,0.0925,6276.0,4,0,0,0,2.0,0
0.7389,30,0,0.2462,1915.0,6,0,0,0,0.0,0
0.2568,52,0,0.7843,1480.0,6,0,1,0,1.0,0
0.1975,59,0,0.2685,,6,0,2,0,1.0,0
1.2773,47,0,0.4673,2681.0,7,0,1,0,1.0,0
0.2379,59,0,0.491,12187.0,5,0,0,0,1.0,0
0.3825,58,0,0.1902,8779.0,8,0,1,0,,0
2.7937,47,2,0.705,,12,0,3,0,2.0,0
0.8069,58,0,1.0093,3134.0,14,0,2,0,0.0,0
0.1115,49,0,0.9968,5945.0,6,0,0,0,0.0,0
0.1992,46,0,0.7894,4392.0,10,0,2,0,0.0,0
4.5046,45,0,0.6612,12193.0,11,0,2,0,1.0,0
0.3795,55,0,0.3453,,13,0,1,0,0.0,0
0.2123,69,0,0.3403,2706.0,7,0,1,0,,0
0.1296,35,0,0.1128,10533.0,9,0,0,0,0.0,0
0.3646,45,0,0.5227,4812.0,5,0,1,0,1.0,0
0.7599,54,0,0.4174,1681.0,10,0,1,0,,0
0.2733,77,0,0.2052,5290.0,8,0,0,0,0.0,0
3.9604,58,0,0.0836,8387.0,4,0,0,0,0.0,0
0.5289,41,0,0.4749,1929.0,15,0,2,0,0.0,0
0.8759,39,0,0.33,4881.0,11,0,1,0,2.0,0
0.7414,66,0,0.3026,7902.0,6,0,2,0,1.0,0
1.0203,48,0,0.5127,13138.0,9,0,0,0,1.0,0
0.6083,35,0,0.8254,7546.0,4,0,2,0,1.0,0
0.5799,66,0,0.6406,2774.0,12,0,1,0,0.0,0
0.6125,56,0,0.4633,10755.0,9,0,1,0,1.0,0
0.0578,35,0,0.4848,,8,0,0,0,1.0,0
0.0889,33,0,0.1735,5004.0,5,0,0,0,1.0,0
1.2895,22,0,0.4376,2819.0,7,0,1,1,1.0,0
0.6861,43,0,0.49,9264.0,9,0,1,0,2.0,0
0.4428,56,0,0.4406,5806.0,10,0,2,0,0.0,0
0.4298,65,0,0.3044,4806.0,9,0,1,0,1.0,0
0.3532,58,0,0.2074,3187.0,4,0,1,1,0.0,0
1.1662,34,0,0.498,4338.0,5,0,1,0,0.0,0
0.1397,48,0,0.1068,5053.0,7,0,0,0,0.0,0
0.8299,72,0,0.5046,15996.0,11,0,1,0,0.0,0
0.0278,45,0,0.3148,12199.0,14,0,1,0,0.0,1
0.2786,63,1,0.4245,2262.0,4,0,0,0,0.0,0
0.2121,61,0,0.3395,,8,0,2,0,1.0,0
0.1267,63,0,0.7501,2606.0,4,0,2,0,,0
0.2505,58,0,0.676,,5,0,0,0,1.0,0
0.1045,63,0,0.1506,4023.0,12,0,0,0,1.0,0
0.5768,31,0,0.1208,,3,0,2,0,0.0,0
0.0949,73,0,0.3493,6913.0,4,0,0,0,0.0,0
0.8305,27,0,0.5842,,7,0,0,0,2.0,0
0.1889,56,0,0.7331,,9,0,1,0,1.0,0
0.8657,51,0,0.3566,,11,0,0,0,2.0,0
0.8524,43,0,0.501,4412.0,11,0,1,0,1.0,0
3.2432,38,0,0.0915,2514.0,10,0,1,0,1.0,0
0.7567,60,0,0.7198,4379.0,11,0,1,0,0.0,0
4.459,63,0,0.4396,4831.0,12,0,3,0,0.0,1
3.0122,51,0,0.2938,6612.0,10,0,1,0,5.0,0
0.0228,48,0,0.4504,5703.0,5,0,2,0,2.0,0
0.169,70,0,0.2719,,7,0,1,0,1.0,0
0.2516,46,0,0.6713,6661.0,6,0,1,0,0.0,0
0.7024,51,0,0.2862,,8,0,2,0,1.0,0
0.431,49,3,0.4493,11813.0,9,0,2,0,1.0,0
0.2258,87,0,0.5286,5163.0,6,0,0,0,0.0,0
0.0787,40,0,0.3006,11804.0,9,0,1,0,2.0,0
1.2831,64,0,0.4657,5144.0,2,0,2,0,1.0,0
0.2903,28,0,0.1556,1696.0,8,0,3,0,2.0,0
0.2733,39,0,0.7921,7011.0,8,0,0,0,1.0,0
0.0523,48,3,0.8476,,7,0,3,0,3.0,0
0.7167,50,0,0.7599,2955.0,8,0,2,0,2.0,0
0.6924,48,0,0.396,,13,0,0,0,0.0,0
0.0708,51,0,0.5745,5424.0,10,0,1,0,0.0,0
0.4523,42,0,0.3242,6650.0,7,0,0,0,1.0,0
0.1685,70,0,0.4698,1901.0,3,0,2,0,1.0,0
0.316,38,0,0.4538,6307.0,7,0,1,0,0.0,0
0.5132,62,0,0.7831,3363.0,9,0,0,0,0.0,0
2.435,61,0,0.698,,5,0,1,0,1.0,0
0.3887,39,0,0.4075,7422.0,10,0,1,0,0.0,0
0.5334,47,0,0.6666,9702.0,8,0,1,0,0.0,0
0.474,52,0,0.9565,3634.0,9,0,0,0,0.0,0
0.6124,75,0,0.6826,,9,0,1,0,0.0,1
0.6363,47,0,0.3803,5012.0,14,0,0,0,2.0,0
0.4825,95,0,0.344,7383.0,7,0,1,0,1.0,0
0.7637,63,0,0.2995,5105.0,14,0,1,0,0.0,0
0.0971,57,0,0.1234,5582.0,8,0,2,0,0.0,0
0.136,64,0,0.0495,,6,0,1,0,0.0,0
0.0514,28,0,0.5045,,6,0,0,0,0.0,0
0.033,68,0,0.7441,24714.0,10,0,1,0,2.0,0
0.1223,33,0,0.4576,6907.0,7,0,1,0,1.0,0
0.1377,64,0,0.6531,,7,0,0,0,3.0,0
0.4362,44,0,0.2144,2926.0,4,0,0,0,3.0,0
0.1474,41,0,0.4879,9752.0,6,0,2,0,2.0,0
0.4216,77,0,0.3152,9905.0,6,0,0,0,1.0,0
0.3435,51,0,0.3155,,7,0,1,0,1.0,0
0.5684,31,0,0.5513,7556.0,7,0,0,0,0.0,0
0.3731,66,0,0.8019,5705.0,10,0,0,0,0.0,0
0.4336,35,0,0.5182,5840.0,5,0,0,0,0.0,0
0.2085,71,0,0.3141,4206.0,7,0,1,0,0.0,0
0.012,52,0,0.4745,5137.0,14,0,1,0,0.0,0
0.4914,34,0,0.2865,2254.0,7,0,0,0,0.0,0
0.0144,63,0,0.0883,4641.0,6,0,2,0,1.0,0
0.688,59,0,0.6782,5059.0,7,0,2,0,0.0,0
0.5842,22,0,0.4826,4618.0,8,0,2,0,1.0,0
0.0778,51,0,0.3296,2773.0,9,0,0,0,0.0,0
0.0487,56,0,0.0826,3612.0,7,0,1,0,2.0,0
0.0675,55,0,0.358,4235.0,10,0,0,0,0.0,0
0.7915,49,0,0.1027,10596.0,8,0,1,0,2.0,0
0.5934,62,0,0.5388,6863.0,9,0,0,0,0.0,0
0.6729,60,0,0.3016,,6,0,1,0,0.0,0
0.6255,52,0,0.2919,5801.0,9,0,0,0,0.0,0
0.4561,49,0,0.7139,4035.0,12,0,2,0,0.0,0
0.645,54,0,0.6628,13197.0,7,0,1,0,1.0,0
0.1039,44,0,0.4451,2898.0,8,0,1,0,1.0,0
0.7485,38,0,0.3306,,9,0,3,0,0.0,0
0.4585,36,0,0.4495,6903.0,8,0,1,0,1.0,0
1.5294,51,0,0.7745,1808.0,12,0,0,0,1.0,1
0.5788,40,0,0.9243,2827.0,7,0,0,0,0.0,0
0.7935,50,0,0.6172,1273.0,6,0,0,0,0.0,0
0.1124,71,0,0.4773,3191.0,10,0,1,0,0.0,0
1.0935,49,0,0.6846,,11,0,0,0,2.0,0
1.8891,54,0,0.2523,3791.0,5,0,3,0,2.0,0
0.2545,49,0,0.4011,,8,0,0,0,1.0,0
2.3806,70,0,0.3458,5955.0,10,0,0,0,1.0,0
0.2825,75,0,0.3978,9217.0,6,0,2,0,0.0,0
0.0499,45,0,0.4957,6256.0,6,0,0,0,0.0,0
0.1145,62,0,0.1334,,7,0,2,0,0.0,0
0.2884,81,0,0.6635,,8,0,1,0,0.0,0
0.6804,36,0,1.1079,5117.0,4,0,0,0,1.0,0
0.3345,66,0,0.4496,2117.0,8,0,3,0,0.0,0
0.0478,28,0,0.4879,,9,0,1,0,1.0,0
0.26,52,0,0.3521,,4,0,0,0,0.0,0
0.0407,50,0,0.2374,6571.0,9,0,0,0,2.0,0
0.505,28,0,0.3635,,14,0,0,0,0.0,0
0.7761,67,0,0.4192,,9,0,1,0,0.0,0
0.1961,54,0,0.2892,,5,0,0,0,0.0,0
0.2637,39,0,0.2003,,7,0,2,0,1.0,0
1.3549,57,0,0.6662,2622.0,8,0,0,0,3.0,0
0.1675,65,0,0.5882,1296.0,10,0,1,0,0.0,0
0.5999,27,0,0.3067,1748.0,13,0,0,0,1.0,0
0.1058,21,1,0.1635,8565.0,13,0,1,1,2.0,0
0.6131,51,0,0.2299,3049.0,8,0,1,0,0.0,0
0.4223,41,0,0.9884,5362.0,3,0,1,0,2.0,0
2.4337,71,0,0.5762,,6,0,0,0,0.0,0
0.3351,47,0,0.1318,5598.0,6,0,2,0,0.0,0
0.7736,56,0,0.8463,1672.0,7,0,2,0,0.0,0
0.2054,49,0,0.0845,3776.0,17,0,2,0,0.0,0
1.2709,30,1,0.44,4660.0,10,0,0,0,1.0,0
0.4599,52,0,0.2193,3238.0,7,0,1,0,0.0,0
1.25,33,0,0.6417,8076.0,9,0,2,0,1.0,0
0.3961,33,0,0.7144,20921.0,9,0,1,0,0.0,0
0.0693,37,0,0.2119,11826.0,6,0,2,0,0.0,0
0.5956,35,0,0.9386,,5,0,1,0,1.0,0
1.0367,49,0,0.1203,,7,0,1,0,1.0,0
0.3078,47,0,0.3101,3649.0,11,0,1,0,2.0,0
0.7996,56,0,0.5372,1239.0,8,0,3,0,4.0,0
0.3075,30,0,0.2497,4848.0,9,0,0,0,0.0,0
1.0473,48,0,0.8388,7154.0,8,0,1,0,2.0,0
0.42,45,0,0.1344,10691.0,7,0,0,0,1.0,0
0.5119,55,0,0.9222,15908.0,5,0,0,0,0.0,0
0.745,55,0,0.4945,,6,0,2,0,2.0,1
0.0316,54,0,0.5015,5152.0,5,0,1,0,1.0,0
0.2385,38,0,0.0809,,4,0,0,0,0.0,0
0.2236,52,0,0.5187,6446.0,5,0,3,0,1.0,0
0.8455,45,0,0.3958,,6,0,1,0,3.0,0
0.077,70,0,0.6612,2999.0,8,0,1,0,0.0,0
0.6156,54,0,0.776,5809.0,14,0,1,0,1.0,0
0.5987,53,0,0.4178,11056.0,10,0,1,0,0.0,0
0.2561,34,0,0.4393,4411.0,11,0,1,0,0.0,0
0.3669,44,0,0.3811,685.0,5,0,0,0,0.0,0
0.4798,56,0,0.5018,3814.0,7,0,2,0,1.0,0
0.2887,51,0,0.1589,4885.0,5,0,0,0,0.0,0
0.3777,51,0,0.5098,7647.0,12,0,0,0,0.0,0
0.2738,27,0,0.1857,7599.0,5,0,0,0,0.0,0
0.9325,41,0,0.5176,1478.0,7,0,0,0,1.0,1
0.2681,48,0,0.5694,7751.0,10,0,0,0,0.0,0
0.2609,69,0,0.527,3284.0,5,0,0,0,0.0,0
0.953,26,0,0.1827,2021.0,6,0,1,0,0.0,0
2.4131,37,0,0.1006,4416.0,5,0,1,0,1.0,0
1.281,25,0,0.189,4581.0,7,0,0,0,1.0,0
0.1527,57,0,0.4622,3004.0,6,0,0,0,2.0,0
0.3183,69,0,0.4119,,6,0,3,0,2.0,0
0.0297,57,0,0.7927,2217.0,4,0,0,0,1.0,0
0.3089,60,0,0.7177,,6,0,0,0,3.0,0
1.654,38,0,0.0568,1565.0,12,0,2,0,1.0,0
0.6853,57,0,0.5118,14556.0,10,0,1,0,0.0,0
1.5637,41,0,0.5777,,9,0,1,0,0.0,0
3.6224,53,0,0.146,,6,0,2,0,2.0,0
0.3103,59,0,1.0036,10185.0,8,0,1,0,0.0,0
0.4237,48,0,0.5918,9710.0,7,0,1,0,0.0,0
0.5266,63,0,0.3916,3635.0,11,0,2,0,2.0,0
0.3726,50,0,0.7145,12080.0,9,0,2,0,0.0,0
0.4456,56,0,0.7151,4269.0,10,0,0,0,0.0,0
0.3781,78,0,0.1173,3350.0,9,0,0,0,0.0,0
0.0511,59,0,0.5046,5058.0,7,0,0,0,1.0,0
0.9248,42,0,0.081,,4,0,2,0,1.0,0
0.5638,45,0,0.2236,3672.0,8,0,0,0,1.0,0
0.1602,64,0,0.5576,3523.0,5,0,1,0,2.0,0
0.515,67,0,0.6917,,10,0,3,0,0.0,0
0.2395,51,2,0.4202,12744.0,4,1,3,1,0.0,0
0.2021,31,0,0.2002,,7,0,0,0,5.0,0
0.7475,39,0,0.7123,8172.0,6,0,2,2,0.0,0
0.1046,55,0,0.6396,5070.0,10,0,0,0,0.0,0
0.2194,60,0,0.1735,2452.0,5,0,1,0,0.0,0
5.6598,66,0,0.3829,9723.0,8,0,0,0,0.0,0
0.2256,24,0,0.3844,2644.0,7,0,0,0,2.0,0
0.2683,64,0,0.2614,9500.0,9,0,1,0,1.0,0
0.1625,72,0,0.2202,6700.0,10,0,0,0,0.0,0
0.5689,21,0,0.3856,27968.0,1,0,0,0,,0
0.8761,52,0,0.365,5591.0,5,0,0,0,1.0,0
0.2334,63,0,0.5582,1670.0,11,0,1,0,1.0,0
0.232,32,0,0.3512,12564.0,9,0,1,0,2.0,0
0.5612,45,0,0.2611,6128.0,7,0,0,0,2.0,0
1.042,60,0,0.8037,,3,0,1,0,1.0,0
0.7453,45,0,0.4603,5738.0,10,0,1,0,0.0,0
0.1605,47,0,0.9073,9983.0,7,0,0,0,0.0,0
0.1149,55,0,0.3146,9751.0,18,0,0,0,2.0,0
0.3853,36,0,0.0945,2571.0,13,0,0,0,2.0,0
0.2769,37,0,0.8244,3932.0,5,0,0,0,0.0,0
0.3227,59,0,0.6834,3071.0,6,0,0,0,1.0,0
0.5949,65,0,0.0164,8200.0,5,0,1,0,1.0,0
7.8198,58,0,0.0869,7568.0,7,0,0,0,0.0,0
0.4776,71,0,1.0879,5688.0,6,0,0,0,4.0,0
7.6468,58,0,0.3247,4944.0,7,0,1,0,0.0,0
0.4355,78,0,0.6428,,9,0,0,0,2.0,1
1.0213,53,0,0.2437,6495.0,13,0,0,0,3.0,0
0.1295,56,0,0.5828,4133.0,6,0,3,0,0.0,0
0.271,58,0,0.7248,,8,0,0,0,1.0,0
0.2276,43,0,0.0419,,7,0,1,0,1.0,0
3.9507,41,0,0.5253,5949.0,5,0,1,0,1.0,0
0.1589,39,0,0.2305,5039.0,5,0,3,0,0.0,0
0.3106,44,0,0.1167,2897.0,6,0,3,0,1.0,0
0.7607,81,0,0.2228,4843.0,8,0,1,0,2.0,0
1.8934,78,0,0.4881,10589.0,10,0,4,0,1.0,0
0.3626,47,0,0.5156,10197.0,9,0,0,0,1.0,0
0.8277,46,3,0.5491,7443.0,6,1,3,1,2.0,0
0.1916,22,0,0.1331,,11,0,1,0,1.0,0
1.4824,38,0,0.1222,17609.0,9,0,2,0,0.0,0
0.2205,41,0,0.0518,1342.0,15,0,1,0,2.0,0
0.6339,46,0,1.1277,3811.0,9,0,1,0,0.0,0
0.0843,44,0,0.8455,3745.0,10,0,0,0,0.0,0
1.1477,55,0,0.5945,4119.0,4,0,1,0,0.0,0
0.3294,63,0,0.5167,2651.0,11,0,0,0,1.0,0
0.1692,42,0,0.519,,11,0,2,0,1.0,0
0.4072,72,0,0.5748,8164.0,9,0,1,0,0.0,0
0.2016,57,0,0.1377,,14,0,0,0,1.0,0
0.7279,64,0,0.2148,1460.0,11,0,1,0,0.0,0
0.6613,46,0,0.6515,1993.0,10,2,1,1,1.0,0
0.1847,60,0,0.4949,4370.0,7,0,1,0,1.0,0
0.0365,58,0,1.3885,1668.0,7,0,2,0,0.0,0
0.6765,73,0,0.6082,,9,0,2,0,1.0,0
0.0183,61,0,0.8933,14660.0,7,0,1,0,0.0,0
0.1314,64,0,0.204,4456.0,15,0,1,0,2.0,0
0.0582,45,0,0.8288,2191.0,14,0,1,0,2.0,0
0.1466,69,0,0.2543,2426.0,8,0,2,0,1.0,0
0.1079,34,0,0.3982,3733.0,6,0,2,0,1.0,0
0.2125,44,0,0.5677,3583.0,9,0,1,0,,0
0.5842,56,0,0.7884,6973.0,7,0,1,0,0.0,0
0.7429,36,0,0.48,2247.0,3,0,0,0,2.0,0
0.2136,39,0,0.2388,2777.0,12,0,0,0,0.0,0
0.7237,39,0,0.8993,6266.0,3,0,1,0,,0
0.3986,57,0,0.6969,10819.0,11,0,1,0,3.0,0
0.0377,50,0,0.025,8831.0,11,0,2,0,1.0,0
0.0874,65,0,0.6793,6069.0,6,0,2,0,1.0,0
0.0279,78,0,0.861,5429.0,4,0,0,0,1.0,0
0.2102,56,0,0.7586,7892.0,12,0,0,0,0.0,0
0.5282,45,0,0.4959,3543.0,10,0,0,0,1.0,0
0.4123,57,0,0.9221,5734.0,2,0,3,0,2.0,0
0.9198,39,0,0.8144,1002.0,7,0,1,0,0.0,0
5.8487,51,0,0.2786,6533.0,5,0,0,0,1.0,0
0.785,86,0,0.5794,6896.0,10,0,1,0,1.0,0
0.4229,49,0,0.4298,15297.0,8,0,4,0,0.0,0
0.2662,56,0,0.5225,12411.0,11,0,0,0,0.0,0
0.4038,50,0,1.49,9228.0,6,0,1,0,3.0,0
0.469,46,0,0.689,5355.0,10,0,1,0,1.0,0
0.0274,59,0,0.346,2562.0,11,0,3,0,0.0,0
0.4169,34,0,0.5918,8207.0,10,0,1,0,2.0,0
0.0121,50,0,0.1208,6456.0,9,0,0,0,0.0,0
0.1557,33,0,0.357,2576.0,9,0,0,0,1.0,0
0.4901,74,0,0.4059,,10,0,3,0,2.0,0
0.2572,66,0,0.3924,8268.0,10,0,1,0,1.0,0
0.9272,41,0,0.6167,15920.0,8,0,0,0,1.0,0
0.4409,26,0,0.4295,6976.0,12,0,0,0,0.0,0
0.2869,59,0,0.8446,,8,0,1,0,0.0,0
0.1505,51,0,0.6714,17902.0,12,0,3,0,2.0,0
0.4722,83,0,0.7869,,6,0,2,0,,1
0.7275,72,0,0.6579,8214.0,3,0,1,1,0.0,0
1.0046,61,0,0.9872,2254.0,5,0,2,0,1.0,0
6.9136,45,0,1.3819,4766.0,5,0,0,0,1.0,0
0.7817,48,1,1.0126,6225.0,6,1,2,0,1.0,0
0.5252,56,0,0.4561,,11,0,2,0,3.0,0
0.0985,57,0,0.0401,2895.0,11,0,0,0,1.0,0
0.2168,42,0,0.3179,,6,0,0,0,0.0,0
0.5947,33,0,0.713,9706.0,8,0,0,0,0.0,0
0.5744,79,0,0.3092,,11,0,2,0,2.0,0
2.4843,52,0,0.0461,4651.0,6,0,1,0,2.0,0
0.4513,58,0,0.409,12602.0,4,0,0,0,0.0,0
1.6114,40,0,0.1348,12820.0,14,0,2,0,1.0,0
0.4041,71,0,0.4724,12049.0,7,0,1,0,2.0,0
0.3329,67,0,0.3816,4152.0,9,0,1,0,1.0,0
3.7187,53,0,0.5408,3482.0,3,0,1,0,0.0,0
0.1732,55,0,0.4352,,12,0,1,0,0.0,0
0.6236,56,0,0.7345,,11,0,1,0,1.0,0
0.0091,53,0,0.7977,7275.0,9,0,2,0,1.0,0
0.0499,60,0,0.6631,5818.0,6,0,0,0,0.0,0
0.0018,57,0,0.6423,12167.0,8,0,0,0,2.0,0
0.4268,50,2,0.4435,5361.0,9,0,3,2,0.0,0
0.0142,36,0,1.0354,,7,0,1,0,3.0,0
0.5893,52,0,0.747,9661.0,7,0,1,0,1.0,0
0.5702,63,0,0.7092,5089.0,11,0,2,0,1.0,0
0.0919,61,0,0.2904,2486.0,6,0,1,0,0.0,0
0.5557,70,0,1.2785,,7,0,1,0,2.0,0
0.2587,72,0,0.4627,,9,0,0,0,3.0,0
0.6699,62,0,0.9971,9215.0,9,0,0,0,,0
0.3175,55,0,0.6229,,9,0,0,0,0.0,0
1.3924,57,2,0.3665,10786.0,8,0,2,1,1.0,0
1.2036,44,0,0.6833,10527.0,3,0,0,0,0.0,0
2.0398,63,0,1.6583,6621.0,5,0,1,0,0.0,0
0.5227,71,0,0.5656,6319.0,3,0,1,0,1.0,0
0.4547,67,0,0.3511,23822.0,6,0,1,1,0.0,0
0.0218,60,0,0.6653,5045.0,7,0,0,0,0.0,0
0.4617,49,0,0.2747,3677.0,6,0,1,0,0.0,0
0.4687,47,0,0.8174,3112.0,10,0,0,0,2.0,0
0.0958,50,0,1.0364,9988.0,8,0,1,0,1.0,0
5.0149,42,0,0.1288,3413.0,4,0,0,0,0.0,0
0.4408,56,0,0.1753,1731.0,7,0,2,0,3.0,0
0.172,21,0,0.3267,6072.0,12,0,1,0,0.0,0
0.0779,44,0,0.47,,7,0,0,0,0.0,0
0.5291,53,0,0.15,5977.0,14,0,0,0,2.0,0
0.5879,87,0,0.6819,6178.0,3,0,2,0,2.0,0
0.6249,52,0,0.6812,923.0,8,0,2,0,3.0,1
0.6082,53,0,0.6912,1131.0,5,0,2,0,1.0,0
0.6641,40,0,0.2257,7052.0,9,0,2,0,0.0,0
0.1435,76,0,0.128,4733.0,7,0,0,0,1.0,0
0.0961,41,0,0.5379,1577.0,5,0,2,0,2.0,0
0.3385,80,0,0.6802,2137.0,6,0,4,0,0.0,0
0.3153,42,0,1.1779,7966.0,9,0,2,0,0.0,0
0.2299,65,0,0.7024,,9,0,1,0,0.0,0
0.1842,51,0,0.8125,3589.0,8,0,0,0,3.0,0
0.3717,44,0,0.4488,3228.0,6,0,0,0,1.0,0
0.3047,66,0,0.1708,2023.0,11,0,1,0,1.0,0
0.3689,71,0,0.3151,4538.0,12,0,1,0,1.0,0
0.0322,49,0,1.085,5488.0,6,0,2,0,2.0,0
0.2323,52,0,0.0463,,7,0,0,0,1.0,0
0.4693,46,0,0.476,5595.0,12,0,2,0,,0
0.4904,55,0,0.3641,4800.0,8,0,2,0,0.0,0
0.4327,37,0,0.6937,5240.0,9,0,0,0,1.0,0
0.4699,21,0,0.6665,7665.0,8,0,2,0,0.0,0
0.9003,26,0,1.004,10152.0,5,0,1,0,0.0,0
1.5233,49,0,0.5551,7516.0,7,0,0,0,0.0,0
0.3228,37,0,0.8513,14553.0,11,0,0,0,0.0,0
0.0197,50,0,0.2729,5028.0,6,0,0,0,1.0,0
0.4633,45,0,0.3288,2797.0,10,0,4,0,0.0,0
0.3214,42,0,0.9186,3904.0,11,0,1,0,0.0,0
0.08,43,0,0.144,3053.0,15,0,2,0,1.0,0
0.2525,66,0,0.5345,9970.0,4,0,2,0,0.0,0
0.6301,55,0,0.7078,12708.0,4,0,1,0,1.0,0
1.728,74,0,0.5423,,6,0,2,0,0.0,1
0.2538,53,0,0.8659,8469.0,7,0,1,0,0.0,0
1.3385,25,0,0.502,10474.0,9,0,1,0,0.0,0
0.098,37,0,0.7055,,5,0,1,0,1.0,0
3.3577,54,0,0.7165,6494.0,4,0,1,0,1.0,0
0.4397,55,0,0.0417,5168.0,8,0,1,0,0.0,0
0.8967,44,0,0.4742,,8,0,0,0,1.0,0
0.1831,41,0,0.0622,11660.0,9,0,1,0,0.0,0
0.8763,43,0,0.7315,4130.0,9,0,1,0,1.0,0
0.6762,50,0,0.1806,3887.0,6,0,0,0,1.0,0
5.2607,51,0,0.4287,5494.0,7,0,1,0,0.0,0
0.3974,37,0,0.6084,5480.0,9,0,0,0,0.0,0
0.5673,55,0,0.2714,7466.0,6,0,1,0,0.0,0
0.1431,55,0,0.7886,,5,0,2,0,0.0,0
0.5088,50,0,0.4409,5016.0,12,0,0,0,1.0,0
0.4465,42,0,0.2789,2026.0,11,0,0,0,1.0,0
0.1244,61,0,0.5949,5669.0,6,0,2,0,1.0,0
0.0384,71,0,0.1743,,3,0,1,0,0.0,0
0.4111,46,0,0.7944,2663.0,10,0,1,0,0.0,0
0.6384,43,0,0.586,5638.0,12,0,1,0,1.0,0
0.5359,59,0,1.0002,,5,0,0,0,0.0,1
0.9396,36,0,0.1859,1303.0,6,0,2,0,1.0,0
1.9966,34,0,0.5345,,13,0,0,0,0.0,0
0.9134,43,0,0.3209,8663.0,7,0,0,0,2.0,0
0.6067,56,0,1.0492,3778.0,5,0,0,0,0.0,0
0.0608,40,0,0.2466,,8,0,0,0,,0
0.4377,52,2,0.3898,,11,0,0,1,0.0,0
1.5686,24,0,0.5001,7101.0,6,0,4,0,0.0,0
0.1785,61,0,0.191,4636.0,11,0,1,0,2.0,0
0.2976,72,0,0.3033,10000.0,6,0,0,0,1.0,0
0.011,39,0,0.0372,3205.0,5,0,1,0,0.0,0
0.1781,58,0,0.4564,9932.0,10,0,1,0,0.0,0
2.2602,49,0,0.5885,2816.0,1,0,0,0,1.0,0
0.3251,53,0,0.2123,7446.0,9,0,2,0,0.0,0
0.284,49,5,0.5065,7876.0,6,2,2,1,1.0,0
0.2655,48,0,0.474,,11,0,1,0,0.0,0
0.3661,40,0,0.5796,2979.0,10,0,0,0,1.0,0
0.0877,37,0,0.1557,,7,0,2,0,1.0,0
0.3022,67,0,0.7493,,6,0,1,0,1.0,0
0.1262,28,0,0.3986,1169.0,5,0,1,0,2.0,0
8.1625,52,0,0.6265,1665.0,6,0,1,0,1.0,0
0.3621,51,0,0.8887,7955.0,5,0,1,0,0.0,0
0.8406,51,1,0.902,6229.0,5,0,1,0,0.0,0
0.4643,61,0,0.2952,6067.0,7,0,2,0,0.0,0
0.3551,47,0,0.881,2160.0,10,0,0,0,0.0,0
0.6679,61,0,0.4426,4608.0,6,0,0,0,0.0,0
0.1634,80,0,0.0157,5798.0,8,0,1,0,0.0,0
0.747,50,0,0.377,,9,0,2,0,0.0,0
0.3395,24,0,0.4984,3408.0,9,0,1,0,2.0,0
0.5464,50,0,0.5208,6989.0,6,0,1,0,0.0,0
0.1262,49,0,0.6517,3096.0,7,0,1,0,1.0,0
0.5574,58,1,0.7667,4110.0,4,0,1,0,0.0,0
0.1623,24,0,0.6876,4681.0,3,0,0,0,0.0,0
1.0086,57,0,0.6668,,8,0,1,0,0.0,0
0.5503,46,0,0.9934,2734.0,7,0,0,0,0.0,0
1.4086,63,0,0.4894,5815.0,7,0,1,0,0.0,0
0.6224,45,0,0.788,4200.0,10,0,0,0,0.0,0
0.3806,64,0,0.2484,6350.0,9,0,0,0,2.0,0
0.3526,31,0,0.1828,5708.0,11,0,0,0,0.0,0
0.4113,52,0,0.4752,3985.0,6,0,0,0,0.0,0
0.5854,38,0,0.2142,5448.0,8,0,1,0,1.0,0
0.1139,45,0,0.651,4762.0,8,0,0,0,0.0,0
0.6154,90,2,0.3426,4986.0,9,0,1,2,1.0,0
0.1411,39,0,0.2151,8775.0,8,0,1,0,1.0,0
0.5848,47,0,0.743,2788.0,6,0,3,0,1.0,0
0.0975,36,0,0.4383,2811.0,4,0,0,0,1.0,0
0.1629,48,0,0.5275,8701.0,12,0,0,0,2.0,0
1.0145,50,0,0.1691,8338.0,6,0,1,0,3.0,0
0.7684,42,0,0.7713,5528.0,15,0,2,0,1.0,0
0.7842,74,0,0.1545,4781.0,6,0,0,0,1.0,0
0.391,68,0,0.7077,2495.0,10,0,1,0,0.0,0
0.1584,39,0,0.4988,6284.0,8,0,3,0,1.0,0
0.1096,63,0,0.6096,,12,0,1,0,1.0,0
0.249,45,0,0.2068,,10,0,2,0,1.0,0
0.0112,35,0,0.5668,4726.0,9,0,1,0,1.0,0
0.0444,42,0,0.2524,6288.0,12,0,1,0,0.0,0
1.0547,34,0,0.4137,2706.0,9,0,2,0,0.0,0
0.5146,65,0,0.3095,4761.0,12,0,1,0,1.0,0
0.9963,40,0,0.3789,2742.0,11,0,2,0,3.0,0
0.058,70,0,0.1998,5733.0,4,0,1,0,0.0,0
0.3536,54,0,0.5045,,8,0,1,0,2.0,0
0.4848,46,0,0.2822,5537.0,10,0,1,0,0.0,0
0.2694,45,0,0.2749,4313.0,10,0,1,0,1.0,0
0.2725,77,0,0.6963,,6,0,3,0,0.0,0
0.0133,52,0,0.3217,2492.0,8,0,1,0,0.0,0
1.0083,45,0,0.5318,10914.0,8,0,0,0,2.0,0
0.9568,64,0,0.6262,,10,0,0,0,1.0,0
0.4518,60,0,0.2486,5491.0,6,0,5,0,,0
0.6172,38,0,0.2031,6235.0,7,0,2,0,1.0,0
4.2347,52,0,0.4493,6479.0,12,0,1,0,0.0,0
0.5772,27,0,0.1209,,9,0,2,0,0.0,0
0.3863,52,0,0.45,,11,0,0,0,1.0,0
0.6848,56,0,0.832,2729.0,11,0,0,0,0.0,0
0.4985,58,0,0.3134,4610.0,5,0,1,0,0.0,0
0.5522,38,0,0.2852,4489.0,5,0,0,0,1.0,0
0.1714,42,0,0.7416,,4,0,1,0,0.0,0
0.7437,55,0,1.0135,4346.0,6,0,1,0,1.0,1
1.8958,70,0,0.7576,4630.0,9,0,2,0,0.0,1
0.0022,53,0,0.7815,2794.0,3,0,0,0,,0
0.0046,44,0,0.5339,9811.0,7,0,1,0,0.0,0
0.6545,66,0,0.4617,9283.0,10,0,0,0,2.0,0
3.2035,54,2,0.5381,,10,0,1,0,2.0,0
0.2635,55,0,0.5096,8108.0,9,0,0,0,0.0,0
0.0102,63,0,1.1982,,4,0,1,0,0.0,0
0.2516,51,1,0.1695,6308.0,5,1,1,0,0.0,0
0.1008,39,0,1.4222,13388.0,6,0,0,0,0.0,0
0.4078,50,0,0.0897,1270.0,10,0,1,0,0.0,0
0.901,68,0,0.2785,7725.0,6,0,4,0,1.0,0
0.6316,78,0,0.4698,3136.0,8,0,0,0,0.0,0
0.5704,35,0,0.4643,3304.0,5,0,4,0,3.0,0
0.3484,75,0,0.4112,5906.0,3,0,0,0,4.0,0
0.4289,47,0,0.1306,2922.0,9,0,0,0,3.0,0
0.0167,52,0,0.1337,,3,0,0,0,2.0,0
0.2471,76,2,0.1441,1100.0,12,0,1,0,0.0,0
0.6998,46,0,0.3864,8288.0,3,0,4,0,0.0,0
0.5406,48,0,0.122,8138.0,5,0,0,0,0.0,0
0.4565,43,0,0.894,2852.0,10,0,0,0,0.0,0
0.5512,53,0,0.5678,,10,0,1,0,0.0,0
0.2618,56,0,0.1874,,7,0,1,0,1.0,0
0.0412,42,0,0.4954,5677.0,6,0,0,0,,0
0.7794,72,0,0.7205,14635.0,6,0,1,0,1.0,0
0.1905,42,0,0.193,11248.0,7,0,3,0,1.0,0
0.0025,59,0,1.1543,,6,0,0,0,1.0,0
0.9991,52,0,0.9181,,10,0,1,0,0.0,0
0.9822,69,0,0.018,3248.0,12,0,1,0,0.0,0
4.7007,41,0,0.5582,,10,0,2,0,2.0,0
0.8197,60,0,0.4603,,9,0,1,0,0.0,1
1.0087,86,0,0.3884,2930.0,10,0,0,0,0.0,0
1.2279,32,0,0.5725,4856.0,9,0,3,0,2.0,0
0.0616,39,0,0.2364,,10,0,0,0,1.0,0
0.6641,81,0,0.4019,4739.0,4,0,2,0,0.0,0
0.2677,50,0,0.8224,3166.0,10,0,1,0,1.0,0
3.8473,54,0,0.5712,4405.0,7,0,1,0,1.0,0
0.4798,47,3,0.4578,5350.0,4,0,1,0,0.0,0
6.1452,75,0,0.7734,4433.0,12,0,3,0,0.0,0
0.8041,29,0,0.26,,8,1,2,1,0.0,0
0.1394,69,0,1.1707,2363.0,9,0,0,0,0.0,0
0.2856,31,0,0.6521,4229.0,8,0,2,0,1.0,0
2.7304,30,0,1.112,8224.0,7,0,1,0,0.0,0
0.0613,37,0,0.6004,,9,0,1,0,0.0,0
0.2444,50,0,0.2571,2733.0,6,0,1,0,1.0,0
0.1194,42,0,0.4514,11238.0,10,0,5,0,,0
0.1937,41,0,0.3374,2627.0,5,0,0,0,0.0,0
0.3788,39,0,0.4386,3873.0,9,0,0,0,0.0,0
2.7486,39,0,0.4023,8941.0,9,0,2,0,0.0,0
1.0568,39,0,0.6572,6453.0,6,0,1,0,2.0,0
5.6768,55,0,0.2324,1680.0,9,0,1,0,0.0,0
0.2768,43,0,0.3536,10273.0,8,0,1,0,1.0,0
0.3137,21,0,0.8697,6467.0,4,0,0,0,0.0,0
3.143,51,1,0.6543,10784.0,9,0,1,0,0.0,0
0.0732,62,0,0.3644,8119.0,7,0,1,0,0.0,0
1.2755,48,0,0.6685,,7,0,1,0,1.0,0
0.9853,34,0,0.9858,3843.0,9,0,1,0,1.0,0
0.4464,62,0,0.1311,3747.0,5,0,1,0,0.0,0
0.4655,33,0,0.1545,,10,0,1,0,0.0,0
0.2375,48,0,0.3813,1719.0,8,0,1,0,1.0,0
1.6132,52,0,0.8546,3786.0,9,0,0,0,0.0,0
1.1078,67,0,0.3151,11908.0,6,0,1,0,2.0,0
0.1562,60,0,0.2207,,12,0,0,0,0.0,0
0.0231,55,0,0.4839,3503.0,7,0,2,0,0.0,0
0.4051,65,0,0.3732,8800.0,9,0,1,0,0.0,0
0.7373,36,0,0.6096,4546.0,12,0,1,0,0.0,0
1.0836,74,0,0.667,,10,0,1,0,2.0,0
0.2969,21,0,0.6587,,10,0,1,0,2.0,0
0.039,72,0,0.1467,12225.0,6,0,3,0,0.0,0
0.3966,40,0,0.3038,9275.0,8,0,3,0,1.0,0
1.578,57,0,1.1767,4839.0,10,0,0,0,0.0,0
0.2007,72,0,0.6534,3168.0,6,0,2,0,,0
0.6206,60,0,0.3418,4480.0,7,0,0,0,0.0,0
0.7119,57,0,0.4054,4263.0,9,0,1,0,2.0,0
0.4586,64,0,0.5333,,8,0,2,0,0.0,0
1.4848,31,0,0.7359,4380.0,5,0,1,0,0.0,0
0.348,33,0,0.2104,3162.0,9,0,2,0,1.0,0
0.3819,56,0,0.7945,7513.0,5,0,1,0,1.0,0
4.3956,49,0,0.7144,8208.0,7,0,0,0,0.0,0
0.4095,48,0,0.2891,8593.0,6,0,1,0,1.0,0
0.207,69,0,0.6359,,5,0,2,0,1.0,0
0.623,68,0,1.1965,,6,0,0,0,1.0,1
0.2982,39,0,0.6137,5293.0,11,0,1,0,1.0,0
0.0181,58,0,0.2689,3962.0,9,0,4,0,1.0,0
0.3961,30,0,0.4067,,4,0,1,0,1.0,0
0.355,30,0,0.0999,2769.0,7,0,1,0,4.0,0
0.3957,40,0,0.1434,7547.0,4,0,1,0,2.0,0
0.201,51,0,0.0444,14858.0,6,0,0,0,0.0,0
0.0041,43,3,0.8328,3976.0,10,1,1,0,0.0,0
0.0163,58,0,0.1993,4309.0,12,0,0,0,2.0,0
0.3212,52,0,0.5924,8515.0,5,0,0,0,3.0,0
0.0269,68,0,0.7725,1870.0,10,0,0,0,2.0,0
0.4363,60,0,0.3718,2255.0,7,0,0,0,3.0,0
0.1939,37,0,0.5488,,6,0,2,0,,0
4.6699,65,0,0.848,3310.0,4,0,0,0,0.0,0
0.5554,40,0,0.2764,10992.0,9,0,2,0,0.0,0
2.2069,58,0,1.1484,5266.0,14,0,0,0,0.0,0
0.4173,45,0,0.2627,1788.0,10,0,0,0,,0
0.2477,71,0,0.646,12186.0,10,0,2,0,1.0,0
0.5594,62,0,0.7717,16377.0,9,0,1,0,1.0,0
1.0933,42,3,0.7474,5357.0,12,0,1,0,2.0,0
0.1127,47,0,0.0206,,8,0,0,0,1.0,0
0.1651,95,0,0.4884,,7,0,1,0,1.0,0
0.2202,34,0,0.7095,2351.0,14,0,0,0,1.0,0
0.9703,42,0,0.1221,,9,0,0,0,0.0,0
0.3701,43,0,0.6152,2232.0,9,0,0,0,0.0,0
0.415,36,0,0.1376,3593.0,10,0,0,0,1.0,0
0.1421,37,0,0.4174,2271.0,8,0,0,0,,0
0.4775,50,0,0.8269,2620.0,9,0,0,0,0.0,1
0.1241,59,0,0.0461,4115.0,12,0,4,0,0.0,0
0.4908,30,0,0.0745,1944.0,10,0,2,0,4.0,0
0.764,45,0,0.094,9293.0,9,0,1,0,1.0,0
0.5451,41,0,0.5318,,8,0,3,0,1.0,1
0.3911,36,0,0.397,5842.0,6,0,1,0,0.0,0
0.0713,66,0,0.1909,7771.0,7,0,1,0,1.0,0
0.4096,41,0,0.0445,2501.0,8,0,0,0,1.0,0
0.303,33,0,0.4478,7283.0,9,0,2,0,0.0,0
0.3217,64,2,0.5951,3201.0,11,0,1,0,3.0,0
0.9466,70,0,0.3152,2214.0,10,0,1,0,0.0,0
0.7793,55,0,0.3269,4617.0,11,0,2,0,0.0,0
0.927,39,0,0.5909,9342.0,10,0,1,0,1.0,0
0.4264,48,0,0.9883,2508.0,6,0,3,0,0.0,1
0.4513,43,0,0.3822,2254.0,7,0,1,0,3.0,0
4.7496,51,0,0.4631,13300.0,6,0,1,0,0.0,0
0.2884,62,0,0.88,3176.0,10,0,0,0,0.0,0
0.0573,52,0,0.1977,8054.0,8,0,0,0,1.0,0
0.4108,52,0,0.4969,13276.0,6,0,2,0,1.0,0
0.5576,45,0,0.7367,,8,0,0,0,0.0,0
0.1394,61,0,0.3637,8956.0,8,0,2,0,2.0,0
0.6211,57,0,1.0295,24324.0,6,0,1,0,1.0,0
0.2439,26,0,0.3084,4293.0,6,0,1,0,1.0,0
0.1831,27,0,0.5073,,6,0,0,0,,0
0.6945,47,0,0.2159,,11,0,1,0,0.0,0
0.1326,66,0,0.8401,6380.0,6,0,2,0,1.0,0
0.902,68,0,0.5185,15160.0,6,0,0,0,0.0,0
0.3739,63,0,1.0365,2884.0,14,0,1,0,0.0,0
2.4071,50,0,0.4152,8065.0,9,0,1,0,0.0,0
0.3804,73,0,0.693,9570.0,4,0,2,0,2.0,0
0.5177,42,0,0.4174,3249.0,6,0,0,0,1.0,0
0.2745,47,0,0.1538,10166.0,8,0,1,0,0.0,0
0.4867,32,0,0.1267,1946.0,4,0,0,0,,0
8.608,47,0,0.2548,1711.0,5,0,0,0,0.0,0
0.28,40,0,0.4559,,3,0,1,0,1.0,0
0.5972,74,0,0.6098,1894.0,7,0,0,0,0.0,1
0.0715,71,0,0.4555,8023.0,7,0,4,0,2.0,0
0.5508,53,0,0.768,2613.0,8,0,1,0,0.0,1
7.9304,59,0,0.4022,9995.0,7,0,2,0,0.0,0
0.6282,44,0,0.5687,,11,0,1,0,0.0,0
0.5769,21,0,0.7478,5082.0,9,0,0,0,1.0,0
0.5026,41,0,0.7492,3945.0,9,0,1,0,0.0,0
0.1085,62,0,0.9826,,8,0,0,0,0.0,0
0.5082,58,0,0.246,6775.0,9,0,1,0,1.0,0
0.2883,47,0,0.8547,8060.0,12,0,2,0,0.0,0
3.1352,62,0,0.3659,4794.0,8,0,1,0,1.0,0
0.8618,45,0,0.228,5233.0,11,0,1,0,0.0,0
4.8825,36,0,0.3659,3354.0,6,0,1,0,1.0,0
0.4397,62,0,0.1686,3717.0,4,0,0,0,0.0,0
1.0339,43,0,0.2958,7764.0,9,0,3,0,1.0,0
0.5625,66,0,0.4632,2528.0,14,0,0,0,2.0,1
0.6167,24,0,0.6593,4484.0,8,0,1,0,0.0,1
0.755,44,0,0.6129,8923.0,14,0,0,0,1.0,0
0.563,60,0,0.377,,8,0,0,0,0.0,0
1.4279,59,2,0.7524,12827.0,9,2,0,0,1.0,0
0.1867,49,0,1.2524,3804.0,5,0,0,0,0.0,0
0.1156,56,0,0.3171,,6,0,0,0,0.0,0
0.4096,54,0,0.0348,3042.0,7,0,0,0,4.0,0
0.2495,31,0,0.5059,3118.0,10,0,0,0,3.0,0
3.3093,47,0,0.9393,2453.0,9,0,1,0,1.0,0
1.8784,55,0,0.952,2177.0,10,0,1,0,0.0,0
0.0366,59,0,0.3638,6005.0,7,0,0,0,0.0,0
0.1476,51,0,0.5877,8836.0,2,0,0,0,3.0,0
0.1794,44,0,0.3518,11343.0,5,0,0,0,1.0,0
0.4111,33,0,0.3005,2947.0,9,0,3,0,1.0,0
0.6636,63,0,0.4907,9578.0,10,0,2,0,2.0,0
0.5461,61,0,0.4653,,5,0,0,0,0.0,0
0.8925,66,0,0.7153,14623.0,6,0,0,0,1.0,0
0.3019,37,1,0.4193,2776.0,8,0,1,0,0.0,0
0.3246,54,0,0.4328,5909.0,6,0,2,0,3.0,0
0.0807,42,1,0.4533,3725.0,10,0,0,2,1.0,0
0.2951,53,0,0.4768,6337.0,7,0,3,0,0.0,0
4.2613,93,0,0.1969,6382.0,8,0,2,0,1.0,0
3.9566,65,0,0.2746,3448.0,4,0,3,0,1.0,0
0.2539,41,0,0.3344,10313.0,5,0,1,0,1.0,0
0.129,48,0,0.9251,3496.0,10,0,3,0,0.0,0
0.7094,47,0,0.2914,16119.0,8,0,0,0,4.0,0
0.3194,54,0,0.6637,7197.0,6,0,0,0,0.0,0
6.8785,31,2,0.2554,2523.0,7,1,2,0,0.0,0
0.0914,57,0,0.2518,5149.0,8,0,0,0,0.0,0
7.2422,22,0,0.6717,,8,0,0,0,0.0,1
0.3355,29,0,0.3449,3189.0,10,0,1,0,0.0,0
0.8322,80,0,0.214,1949.0,10,0,1,0,2.0,0
0.5949,47,0,0.3386,9515.0,10,0,2,0,1.0,0
0.0739,72,0,0.7415,3279.0,6,0,1,0,1.0,0
0.0315,41,0,0.7387,6796.0,8,0,1,0,0.0,0
0.3611,23,2,0.7312,,7,0,1,1,0.0,0
1.0992,37,2,0.7149,4211.0,7,0,2,1,1.0,0
0.6889,90,0,0.2484,962.0,11,0,3,0,2.0,1
0.7836,32,0,0.1506,,7,0,1,0,1.0,0
0.1816,77,0,0.3353,8724.0,7,0,2,0,0.0,1
0.6451,57,0,0.069,11198.0,5,0,1,0,2.0,0
0.2158,54,0,0.0503,8999.0,13,0,0,0,3.0,0
3.1351,42,0,0.2059,5831.0,5,0,1,0,1.0,0
0.0712,39,0,0.3869,,10,0,1,0,0.0,0
0.2718,60,0,0.3785,8249.0,5,0,0,0,0.0,1
0.3169,70,0,0.4888,2463.0,7,0,1,0,0.0,0
0.5327,55,0,0.3507,7925.0,8,0,2,0,1.0,0
2.2012,62,0,0.4609,,8,0,0,0,2.0,0
0.5042,46,0,0.6048,3190.0,12,0,0,0,2.0,0
0.3935,82,0,0.2485,10130.0,8,0,2,0,0.0,0
0.3926,55,0,0.8027,2032.0,10,0,0,0,1.0,0
2.4371,80,0,0.5804,11052.0,8,0,0,0,2.0,0
0.4068,38,0,0.3851,,11,0,1,0,2.0,0
0.188,51,0,0.6134,6172.0,12,0,3,0,0.0,0
0.3197,67,0,0.5547,6532.0,4,0,2,0,0.0,0
0.7564,54,0,0.5663,,13,0,1,0,2.0,0
0.1532,59,0,0.5981,23560.0,4,0,0,0,2.0,0
0.8281,38,0,0.5163,,4,0,0,0,5.0,0
0.4409,46,0,0.7748,,6,0,0,0,1.0,0
0.503,40,0,0.4644,2620.0,12,0,2,0,2.0,0
0.2813,51,0,0.2168,2151.0,10,0,1,0,1.0,0
0.8125,49,0,0.3731,5134.0,11,0,0,0,1.0,0
0.0596,45,0,0.1328,6069.0,7,0,1,0,2.0,0
0.4122,61,0,0.3566,5394.0,8,0,1,0,0.0,0
0.2628,37,0,0.5719,7517.0,5,0,2,0,0.0,0
0.5852,22,0,0.0723,6017.0,4,0,1,0,2.0,0
0.5155,44,0,1.3781,12281.0,8,0,3,0,0.0,0
0.0319,82,0,1.0525,3115.0,13,0,1,0,1.0,0
0.3909,59,0,0.5487,,5,0,0,0,,0
0.0678,40,0,0.397,4121.0,6,0,1,0,0.0,0
3.4293,58,0,0.308,5542.0,3,0,1,0,2.0,0
1.1056,50,0,0.6053,8548.0,11,0,0,0,,0
0.6809,57,0,0.1612,5153.0,12,0,2,0,0.0,0
0.4271,64,0,0.6891,8542.0,7,0,1,0,3.0,0
0.6416,55,0,0.5909,6765.0,13,0,1,0,,0
0.7317,54,0,0.3642,6485.0,6,0,1,0,0.0,0
0.1873,73,0,0.5183,3345.0,11,0,1,0,0.0,0
0.2482,60,0,0.502,4402.0,9,0,2,0,1.0,0
0.573,55,0,0.467,5066.0,5,0,2,0,2.0,0
0.7759,53,0,0.4319,,8,0,0,0,1.0,0
0.4262,44,0,0.7257,10279.0,10,0,1,0,1.0,0
0.3212,35,0,0.2757,5986.0,6,0,1,0,1.0,0
0.3903,61,0,0.1993,5088.0,12,0,0,0,0.0,0
2.3221,70,0,0.4266,4847.0,14,0,3,0,1.0,0
0.4421,58,0,0.3865,8498.0,6,0,2,0,,0
0.2067,60,0,0.691,,10,0,2,0,3.0,0
0.056,40,0,0.8156,,9,0,1,0,0.0,0
0.522,44,0,1.2685,,5,0,0,0,0.0,0
1.4612,34,1,0.4886,,9,0,1,0,2.0,0
0.9613,49,0,0.3899,9300.0,11,0,1,0,0.0,0
0.026,66,0,0.9947,,8,0,2,0,1.0,0
0.2194,42,0,0.3937,,5,0,2,0,0.0,0
1.1505,51,0,0.3012,3480.0,10,0,2,0,1.0,0
0.2278,62,0,0.5712,6586.0,8,0,1,0,2.0,0
0.4567,69,0,0.3487,7297.0,6,0,0,0,0.0,0
0.7505,29,0,0.8154,8399.0,3,0,0,0,0.0,0
0.0209,45,0,0.6121,2894.0,6,0,1,0,0.0,0
0.8011,42,0,0.4624,8891.0,10,0,0,0,1.0,0
0.0626,40,0,0.6464,,2,0,2,0,1.0,0
5.7183,47,0,0.5736,2512.0,9,0,0,0,3.0,0
0.4839,25,0,0.7515,3007.0,10,0,0,0,2.0,1
2.7099,47,0,0.5697,16173.0,7,0,2,0,0.0,0
0.0023,52,0,1.1923,13713.0,14,1,3,0,0.0,0
0.0566,37,0,0.2055,1658.0,5,0,1,0,0.0,0
2.613,45,0,0.8568,9691.0,4,0,1,0,0.0,0
0.6675,52,0,0.2741,,5,0,1,0,0.0,0
0.3425,54,0,0.5016,13513.0,4,0,3,0,1.0,0
0.4823,29,0,0.3051,3225.0,3,0,1,0,2.0,0
0.5812,62,0,0.6636,,9,0,1,0,0.0,0
0.8211,62,0,0.1173,3955.0,8,0,0,0,0.0,0
0.1236,42,0,0.4707,3457.0,7,0,1,0,0.0,0
0.2064,75,0,1.0544,4171.0,6,0,0,0,1.0,0
0.1814,58,0,0.5211,15131.0,5,0,0,0,,0
6.5165,56,0,0.4722,3879.0,8,0,4,0,0.0,0
0.1448,62,0,0.2791,7893.0,8,0,0,0,1.0,0
0.9023,38,0,0.4961,2805.0,7,0,0,0,0.0,1
0.5374,47,0,0.8094,8284.0,12,0,2,0,1.0,0
0.9067,61,0,0.3673,1761.0,10,0,2,0,0.0,0
3.9964,41,0,0.0846,5542.0,7,0,2,0,1.0,1
0.4476,47,0,0.3258,,5,0,1,0,1.0,0
0.0487,60,0,0.4854,,11,0,0,0,0.0,0
0.0158,56,0,1.5654,3609.0,10,0,0,0,1.0,0
1.0293,52,0,0.7328,,8,0,2,0,1.0,0
0.1872,53,0,0.4847,,7,0,1,0,0.0,0
0.7612,50,0,0.8906,3203.0,8,0,2,0,2.0,0
0.8513,64,0,0.5844,12409.0,3,0,1,0,0.0,0
0.0753,81,0,0.4147,7279.0,6,0,2,0,1.0,0
2.1739,56,0,1.0791,2932.0,9,0,0,0,0.0,0
0.4508,70,0,0.7267,8568.0,7,0,0,0,1.0,0
0.4935,46,0,0.5785,4695.0,9,0,2,0,0.0,0
1.0482,42,0,0.7346,,6,0,2,0,0.0,0
3.909,41,0,0.7906,2803.0,13,0,0,0,0.0,0
0.0466,39,0,0.8728,3344.0,7,0,0,0,0.0,0
0.0106,48,0,0.3178,4884.0,8,0,0,0,3.0,0
2.1477,64,0,0.202,4571.0,4,0,1,0,1.0,0
0.69,66,0,0.2555,2785.0,7,0,1,0,0.0,0
0.703,45,0,0.1768,,6,0,2,0,0.0,0
0.7686,47,0,0.5298,8475.0,15,0,1,0,6.0,0
0.4692,52,0,0.5528,6964.0,5,0,2,0,,0
0.3179,55,0,0.8857,8012.0,6,0,3,0,3.0,0
0.5434,60,1,0.612,1966.0,5,0,0,0,0.0,0
0.1423,46,0,0.2551,5258.0,7,0,0,0,3.0,0
0.2938,49,0,1.1717,4900.0,8,0,1,0,0.0,0
0.0021,71,0,0.3035,27852.0,10,0,4,0,2.0,0
0.5632,48,0,0.4995,5834.0,5,0,0,0,0.0,0
5.6069,44,1,0.7054,,7,0,2,0,0.0,0
0.233,51,0,0.7233,8743.0,9,0,0,0,0.0,0
0.4349,53,0,0.766,18280.0,9,0,0,0,0.0,0
0.4031,30,0,0.3893,9460.0,9,0,2,0,3.0,0
0.4579,46,0,0.5967,5474.0,8,0,0,0,1.0,0
0.1121,58,0,0.8586,7032.0,4,0,0,0,0.0,0
0.3899,80,0,0.4466,,12,0,2,0,1.0,0
2.1692,45,0,0.5,5286.0,6,0,2,0,0.0,0
0.2675,63,0,0.4109,2726.0,9,0,2,0,1.0,0
0.7949,55,0,0.9547,4167.0,11,0,0,0,1.0,0
0.2419,68,0,0.2828,3716.0,9,0,0,0,1.0,0
1.9988,43,0,0.6476,,5,0,0,0,0.0,0
0.1295,67,0,1.0182,5782.0,4,0,1,0,2.0,0
0.3681,72,0,0.917,,12,0,1,0,0.0,0
0.0154,72,0,0.1524,7910.0,5,0,0,0,0.0,0
2.0389,72,0,0.4619,7811.0,12,0,1,0,0.0,0
0.1658,55,0,0.7673,10078.0,10,0,0,0,0.0,0
2.9983,60,0,0.8105,6020.0,4,1,0,0,1.0,0
0.4919,46,0,0.5619,7897.0,9,0,0,0,0.0,0
0.5389,21,0,0.2506,14778.0,7,0,1,0,2.0,0
0.3059,56,0,0.5928,6415.0,10,0,1,0,1.0,0
0.0971,50,0,0.6171,,9,0,2,0,0.0,0
0.3923,65,0,0.4116,,6,0,0,0,0.0,0
0.6545,64,0,0.3522,,13,0,1,0,0.0,0
0.5577,37,0,0.3825,21731.0,11,0,1,0,0.0,0
0.3788,85,0,0.3973,5426.0,7,0,1,0,0.0,0
0.4953,57,0,0.4432,,12,0,1,0,0.0,0
2.7708,34,0,0.2499,,11,0,1,0,2.0,0
0.1514,36,0,0.2542,5459.0,10,0,3,0,1.0,0
0.3515,22,0,0.6101,8445.0,6,0,1,0,1.0,0
1.2945,63,0,0.8119,3783.0,4,0,1,0,3.0,1
1.3996,45,0,0.6369,,12,0,0,0,0.0,0
0.0598,40,0,0.5265,3139.0,11,0,0,0,0.0,0
0.5532,43,0,0.3381,6435.0,12,0,0,0,0.0,0
0.2752,48,1,0.2025,4883.0,7,0,2,1,1.0,0
0.3083,60,0,0.5989,7623.0,5,0,0,0,3.0,0
7.0167,29,0,0.7658,4120.0,10,0,0,0,,1
0.253,37,0,0.4045,6264.0,6,0,0,0,2.0,0
0.5447,59,0,0.7645,3509.0,5,0,0,0,3.0,1
0.5174,44,0,0.8442,18875.0,11,0,2,0,1.0,0
0.2782,60,0,0.5852,,6,0,1,0,0.0,0
1.3895,45,0,0.5686,3968.0,10,0,2,0,0.0,0
0.5615,74,0,0.3068,2631.0,7,0,3,0,0.0,0
0.265,55,0,0.3029,7335.0,5,0,1,0,1.0,0
3.5558,69,0,0.2735,,6,0,2,0,0.0,0
0.6523,59,0,0.1758,5790.0,8,0,1,0,1.0,0
0.9921,60,0,0.6276,2715.0,6,0,0,0,1.0,1
0.177,41,0,0.2528,5463.0,10,0,0,0,1.0,0
0.2137,68,0,0.0352,,3,0,1,0,1.0,0
0.4975,55,0,0.5838,5323.0,6,0,1,0,2.0,0
0.0767,39,0,0.4858,6236.0,13,0,0,0,0.0,0
3.2226,22,0,0.2456,,7,0,0,0,0.0,0
0.2974,54,0,0.7311,5343.0,9,0,0,0,1.0,0
0.3768,73,0,0.66,,7,0,1,0,1.0,0
0.1458,39,0,0.5592,2779.0,6,0,2,0,0.0,0
0.0881,39,0,0.9087,10635.0,3,0,0,0,0.0,0
0.0431,48,0,0.3233,2326.0,6,0,1,0,0.0,0
0.0721,67,0,1.0453,,6,0,0,0,1.0,0
2.6822,26,0,0.2728,8198.0,12,0,0,0,1.0,1
0.4513,43,0,0.4271,8329.0,8,0,0,0,1.0,0
0.0023,38,0,0.5532,1914.0,6,0,2,0,0.0,0
0.3515,60,0,0.4442,4722.0,5,0,0,0,0.0,0
0.8095,50,0,0.0974,5144.0,9,0,0,0,3.0,0
0.5516,47,0,0.7409,7266.0,10,0,1,0,0.0,0
0.1938,49,0,0.6211,6344.0,8,0,2,0,0.0,0
0.781,63,0,0.884,11186.0,6,0,0,0,1.0,0
0.5488,68,0,0.1372,,4,0,3,0,0.0,0
0.6158,66,0,0.6932,7803.0,7,0,1,0,1.0,0
0.6024,60,0,1.1248,9976.0,8,0,3,0,1.0,0
0.3031,71,0,0.3437,5110.0,9,0,1,0,,0
0.0657,39,0,0.6381,7328.0,9,0,1,0,2.0,0
0.1938,57,0,0.1738,,11,0,2,0,2.0,0
0.6187,85,0,0.191,1861.0,7,0,2,0,0.0,0
0.5096,26,0,0.6276,8485.0,2,0,0,0,0.0,0
0.2224,45,0,0.4348,4961.0,6,0,0,0,1.0,0
0.2269,37,0,0.3865,4975.0,11,0,2,0,0.0,0
0.0531,56,0,0.2256,9721.0,10,0,2,0,,0
1.0038,72,0,0.8373,2567.0,13,0,0,0,1.0,0
0.4111,60,0,0.7382,5914.0,10,0,1,0,1.0,0
0.6674,49,0,0.5912,4061.0,5,0,1,0,3.0,0
0.1236,60,0,0.6925,,7,0,2,0,1.0,0
0.1224,48,0,0.3507,6275.0,6,0,1,0,0.0,0
0.1145,55,0,0.8365,3412.0,3,0,0,0,1.0,0
0.2453,61,0,0.6964,13506.0,11,0,0,0,0.0,0
0.1457,77,0,0.3567,3322.0,5,0,1,0,0.0,0
1.0515,58,0,0.4239,13397.0,6,0,0,0,0.0,0
0.5135,55,0,0.6063,6950.0,7,0,1,0,2.0,0
0.2056,80,0,0.3673,,6,0,0,0,0.0,0
0.1139,25,0,0.0587,2765.0,10,0,2,0,0.0,0
0.2924,51,0,0.4055,9467.0,4,0,1,0,1.0,0
0.0343,42,0,0.2504,,4,0,2,0,0.0,0
0.3147,49,0,0.3961,10951.0,7,0,0,0,0.0,0
0.53,60,0,0.3668,7908.0,5,0,0,0,0.0,0
0.8265,66,0,0.2333,3055.0,10,0,4,0,0.0,0
0.0347,45,0,0.7854,9746.0,7,0,2,0,0.0,0
7.8094,61,0,1.2895,5587.0,8,0,0,0,0.0,0
4.1186,39,0,0.2314,13557.0,11,0,3,0,0.0,0
0.6551,34,1,0.6698,8085.0,7,0,0,1,0.0,0
0.9052,53,0,0.6195,2935.0,8,0,0,0,0.0,0
1.3053,49,0,0.3677,,10,0,0,0,0.0,0
0.1968,73,0,0.6733,3851.0,10,0,2,0,1.0,0
0.9564,82,0,0.0899,4854.0,11,0,0,0,0.0,0
0.1601,43,0,0.8012,6819.0,5,0,1,0,1.0,0
0.1685,27,0,1.0786,3867.0,16,0,2,0,0.0,0
0.081,33,0,0.0868,2738.0,9,0,1,0,2.0,0
0.7005,40,0,0.4375,4216.0,5,0,1,0,0.0,0
1.3845,55,0,0.1728,6226.0,6,0,0,0,0.0,0
0.2111,48,0,0.9895,3570.0,10,0,4,0,0.0,0
0.245,34,0,0.2802,8779.0,11,0,1,0,0.0,0
4.3108,77,0,0.4577,20659.0,7,0,0,0,0.0,0
0.038,61,0,1.1963,6212.0,8,0,0,0,0.0,0
0.0244,77,2,0.8288,6036.0,14,0,1,0,1.0,0
0.6032,27,0,0.1945,3248.0,7,0,2,0,0.0,0
0.4964,70,0,0.2935,,10,0,0,0,1.0,0
0.8924,50,0,0.5378,7011.0,5,0,0,0,0.0,0
4.4756,47,0,0.0397,6213.0,5,0,1,0,1.0,0
2.6556,52,0,0.8637,6174.0,13,0,0,0,1.0,0
0.7273,42,0,0.7942,4456.0,7,0,2,0,1.0,0
0.2319,50,0,0.3331,28852.0,7,0,4,0,1.0,0
0.2795,65,0,0.9103,,16,0,3,0,0.0,0
0.455,25,0,0.5814,5238.0,13,0,2,0,1.0,1
0.7344,73,0,0.3046,5219.0,6,0,0,0,1.0,0
0.1716,57,0,0.3041,3083.0,6,0,0,0,0.0,0
0.6471,50,0,0.8204,9116.0,10,0,1,0,2.0,0
0.4066,65,0,0.4379,21949.0,8,0,1,0,0.0,0
0.9994,57,0,0.8099,12433.0,11,0,1,0,0.0,0
0.1458,45,0,0.4392,6492.0,7,0,2,0,0.0,0
0.3567,41,0,0.1898,,13,0,1,0,1.0,0
0.4443,73,0,0.7048,8030.0,9,0,0,0,0.0,0
0.7926,31,0,0.808,10289.0,11,0,2,0,0.0,0
0.1123,49,0,0.1703,2017.0,10,0,2,0,0.0,0
0.0055,32,0,0.3181,12447.0,8,0,0,0,0.0,0
0.5138,59,0,0.9361,4844.0,9,0,1,0,0.0,0
0.5628,51,0,0.5475,8369.0,7,0,1,0,1.0,0
0.3099,35,0,0.8172,3310.0,9,0,2,0,0.0,0
1.9045,40,0,0.2315,5194.0,6,0,0,0,1.0,0
1.9033,53,0,0.3526,4873.0,9,0,1,0,1.0,0
4.9204,56,0,0.9752,4982.0,10,0,2,0,0.0,0
0.2242,25,0,0.1443,3694.0,5,0,2,0,0.0,0
0.1436,42,0,0.8467,,11,0,1,0,,0
0.2077,54,0,0.5013,10696.0,11,0,1,0,1.0,0
0.4888,69,0,0.3337,13333.0,5,0,0,0,2.0,0
1.3976,64,0,0.6573,2471.0,6,0,1,0,0.0,1
0.7738,46,0,0.449,4445.0,7,0,0,0,0.0,0
0.1438,66,0,0.2427,15898.0,11,0,2,0,0.0,0
1.0493,48,0,0.0765,35606.0,11,0,1,0,0.0,0
1.8608,21,1,0.2848,10995.0,9,0,0,0,0.0,0
0.0624,72,0,0.5925,6723.0,4,0,1,0,1.0,0
0.085,58,0,0.2324,5584.0,8,0,2,0,0.0,0
0.1153,55,0,0.8364,10926.0,7,0,4,0,0.0,0
0.1448,52,0,0.3169,4843.0,7,0,2,0,1.0,0
0.3084,56,0,0.4746,4160.0,7,0,0,0,0.0,0
1.7302,52,0,0.8218,5824.0,9,0,2,0,0.0,0
2.4666,48,0,0.18,,7,0,2,0,1.0,0
0.1814,43,0,0.4118,6459.0,8,0,4,0,1.0,0
0.5481,53,0,0.3908,6396.0,6,0,0,0,0.0,0
0.9493,40,2,0.6396,4927.0,3,0,1,3,2.0,0
0.5114,36,0,0.9862,7997.0,9,0,1,0,1.0,0
0.0245,56,0,0.1118,10408.0,11,0,0,0,2.0,0
0.5711,66,0,0.6803,,11,0,0,0,2.0,0
0.5414,41,0,1.0153,,6,0,2,0,1.0,0
0.3271,43,0,0.3485,,10,0,0,0,1.0,0
1.573,28,0,0.4941,,3,0,0,0,6.0,0
0.2039,34,0,0.3331,9303.0,5,0,1,0,0.0,0
0.372,34,0,0.4114,7128.0,8,0,0,0,,0
0.7453,66,0,0.3345,4328.0,2,0,2,0,1.0,0
0.4296,28,0,0.1629,3606.0,8,0,2,0,1.0,0
1.3979,58,0,0.3255,17616.0,10,0,0,0,1.0,0
0.3822,48,0,0.6922,2937.0,6,0,2,0,1.0,0
0.372,60,0,0.1041,3511.0,5,0,1,0,1.0,0
0.1564,68,0,0.3106,4909.0,6,0,1,0,1.0,0
0.5908,52,0,0.6194,3810.0,6,0,2,0,0.0,0
0.6157,68,0,0.7738,3116.0,11,0,0,0,1.0,0
0.3622,74,0,0.2941,,7,0,3,0,1.0,0
0.2595,71,0,0.2921,4133.0,7,0,4,0,2.0,0
0.2941,43,0,0.2777,,10,0,1,0,1.0,0
0.356,24,0,0.4998,17250.0,2,0,2,0,1.0,0
0.5282,50,0,0.0586,8866.0,10,0,0,0,1.0,0
0.3964,54,0,0.8411,1994.0,9,0,2,0,0.0,0
0.0199,25,0,0.5783,4862.0,9,0,1,0,0.0,0
6.8327,53,0,0.3761,5365.0,4,0,2,0,0.0,0
0.6724,21,0,1.4303,9098.0,8,0,2,0,0.0,0
0.3976,74,0,0.4689,1193.0,9,0,1,0,2.0,0
0.2454,59,0,0.5964,5570.0,10,0,0,0,2.0,0
0.4498,41,0,0.4629,2380.0,3,0,1,0,1.0,0
0.1217,54,0,0.6724,11577.0,7,0,0,0,0.0,0
0.051,56,0,0.2435,5294.0,6,0,2,0,1.0,0
0.3902,59,0,0.1731,4710.0,8,0,2,0,0.0,0
0.0172,53,0,0.9725,9670.0,11,0,0,0,0.0,0
0.1439,65,0,0.839,5100.0,5,0,2,0,1.0,0
0.0861,34,0,0.3143,,8,0,0,0,0.0,0
0.8475,50,0,0.0555,3730.0,10,0,1,0,1.0,1
0.1426,77,0,0.3128,7971.0,7,0,2,0,0.0,0
0.1118,47,0,0.3484,6851.0,8,0,1,0,3.0,0
1.7909,55,0,0.4547,,4,0,3,0,2.0,1
0.9037,38,0,0.6434,6396.0,8,0,1,0,,0
0.4497,82,0,0.5918,,3,0,1,0,0.0,0
0.5817,56,0,0.8331,7201.0,5,0,1,0,0.0,0
0.0381,34,0,1.0258,,13,0,1,0,0.0,0
7.3892,67,0,0.2595,3695.0,6,0,1,0,1.0,0
0.4186,37,0,0.2994,1202.0,8,0,0,0,1.0,0
0.4326,62,0,0.2301,4187.0,7,0,0,0,3.0,0
3.874,66,0,0.4749,14312.0,11,0,0,0,0.0,0
0.358,80,0,0.6672,10623.0,10,0,0,0,1.0,0
0.0432,55,0,0.777,8265.0,5,0,0,0,1.0,0
0.6178,53,0,0.4719,5810.0,13,0,0,0,1.0,0
0.4139,24,0,0.3997,,10,0,1,0,1.0,0
0.7327,46,0,0.6292,3930.0,15,0,3,0,0.0,0
0.6855,42,0,0.0537,3709.0,10,0,2,0,0.0,0
0.2832,49,0,0.5054,12613.0,7,0,2,0,0.0,0
0.1508,45,0,0.6741,4318.0,7,0,0,0,0.0,0
0.3213,63,0,0.273,7778.0,6,0,0,0,0.0,0
0.1004,44,0,0.0199,7416.0,5,0,2,0,1.0,0
0.5314,59,0,0.3321,2579.0,8,0,1,0,0.0,0
1.2004,50,0,0.2246,6236.0,9,0,2,0,0.0,0
0.1937,43,0,0.4499,4037.0,12,0,1,0,0.0,0
0.3931,42,0,0.3236,10391.0,9,0,0,0,,0
0.549,55,0,0.7912,2156.0,11,0,2,0,,0
0.1689,71,0,0.0476,,8,0,0,0,4.0,0
0.1736,42,0,0.4818,10270.0,9,0,4,0,3.0,0
0.0727,53,0,0.2919,7752.0,6,0,1,0,1.0,0
0.3201,59,0,0.6389,7542.0,4,0,2,0,,0
0.1589,52,0,0.2035,,6,0,2,0,3.0,0
0.685,27,0,0.4083,4200.0,5,0,0,0,1.0,0
0.4823,59,0,0.1501,16332.0,13,0,2,0,0.0,0
0.1328,31,0,0.8695,2271.0,10,0,1,0,1.0,0
0.1796,31,0,0.472,3930.0,9,0,1,0,1.0,0
0.7973,34,0,0.9734,6503.0,8,0,0,0,1.0,0
0.4481,50,0,0.6191,2719.0,6,0,1,1,1.0,0
0.1697,39,0,0.6026,,6,0,0,0,1.0,0
1.576,32,0,0.1932,10442.0,11,0,1,0,1.0,0
0.1148,57,0,0.9323,,7,0,2,0,1.0,0
0.4506,52,0,0.8801,7512.0,13,0,1,0,0.0,0
0.2114,63,0,0.1832,2037.0,4,0,1,0,2.0,0
0.1745,42,0,0.8667,,7,0,2,0,1.0,0
0.4484,51,0,0.1851,4371.0,4,0,0,0,1.0,0
0.3683,63,0,0.0139,5627.0,5,0,1,0,1.0,0
0.3905,34,0,0.4794,3863.0,10,0,1,0,1.0,0
0.2811,43,0,0.5753,3698.0,11,0,2,0,0.0,0
2.3262,66,0,0.6786,3922.0,6,0,0,0,,0
8.3663,52,0,0.2342,6890.0,5,0,0,0,2.0,0
0.2316,50,0,0.151,,11,0,2,0,0.0,0
0.5203,51,0,0.515,9176.0,7,0,0,0,3.0,0
0.451,69,0,0.2871,13823.0,8,0,2,0,0.0,0
0.0331,52,0,0.3026,6953.0,10,0,1,0,1.0,0
0.0114,53,0,1.2833,2840.0,5,0,3,0,0.0,0
0.1197,52,0,0.274,7315.0,6,0,0,0,0.0,0
0.2175,29,0,0.3544,7168.0,2,0,2,0,0.0,0
0.1324,59,0,0.0806,5506.0,5,0,0,0,1.0,0
0.1583,41,0,0.4624,,4,0,0,0,1.0,0
0.4714,34,0,0.3579,4294.0,7,0,3,0,0.0,0
1.0957,28,0,0.5015,7026.0,7,0,1,0,0.0,0
0.0265,30,0,0.8336,4069.0,11,0,1,0,2.0,0
0.219,21,0,0.304,2058.0,5,0,0,0,1.0,0
0.2967,38,0,0.4834,22148.0,6,0,0,0,3.0,0
0.481,46,0,0.1234,,6,0,2,0,0.0,0
0.0235,67,0,0.2825,9213.0,11,0,2,0,2.0,0
4.8136,53,0,0.3096,14787.0,12,0,1,0,0.0,0
11.6866,56,0,0.4546,,9,0,2,0,2.0,0
1.4249,70,0,0.1735,2198.0,8,0,0,0,0.0,0
7.213,21,0,0.8515,2051.0,5,0,0,0,3.0,0
0.4886,57,0,0.5315,4506.0,9,0,0,0,1.0,1
0.9357,56,0,0.6049,10977.0,10,0,0,0,3.0,0
2.4095,64,0,0.1802,6436.0,4,0,0,0,0.0,0
1.3421,27,0,0.7566,1758.0,9,0,0,0,0.0,0
0.4964,44,0,0.6424,8719.0,8,0,0,0,0.0,0
0.5379,39,1,0.1085,2633.0,7,0,5,0,1.0,0
0.1817,34,0,0.6999,1840.0,7,0,0,0,0.0,0
0.0876,84,0,0.8125,15786.0,11,0,0,0,2.0,0
0.3303,44,0,0.4617,,10,0,3,0,0.0,0
1.2943,65,0,0.2407,,10,0,1,0,0.0,0
1.3645,62,0,1.0579,4459.0,13,0,0,0,0.0,0
1.1648,32,0,0.3853,2258.0,7,0,1,0,3.0,0
0.1524,45,0,0.1929,1809.0,4,0,1,0,0.0,0
0.2445,53,0,0.3865,10457.0,9,0,1,0,2.0,0
2.6836,58,0,0.17,9532.0,13,0,2,0,1.0,0
0.6157,57,0,0.4087,4916.0,9,0,1,0,0.0,0
0.4841,77,0,0.4345,6373.0,7,0,1,0,1.0,0
0.2833,65,0,0.1504,7776.0,5,0,0,0,0.0,0
0.4771,61,0,0.9018,3684.0,5,0,1,0,0.0,0
0.1626,66,0,0.4019,2083.0,10,0,2,0,2.0,0
0.4028,71,0,0.1031,6767.0,8,0,0,3,1.0,0
0.741,43,0,0.8242,3938.0,5,0,0,0,1.0,0
0.492,30,0,0.1755,4779.0,5,0,3,0,0.0,0
0.2613,44,0,0.2449,6994.0,7,0,0,0,0.0,0
0.258,33,0,0.3559,4583.0,6,0,1,0,1.0,0
0.0417,38,0,0.4273,5680.0,5,0,2,0,2.0,0
1.0266,53,0,1.5443,13105.0,5,0,0,0,1.0,0
0.4651,44,0,0.3634,,10,0,1,0,1.0,0
0.4568,61,0,0.4561,3921.0,8,0,0,0,0.0,0
0.1847,56,0,0.2621,2583.0,9,0,2,0,0.0,0
0.3862,57,0,0.7375,,12,0,1,0,0.0,0
0.2463,34,0,0.0767,6949.0,11,0,0,0,1.0,0
0.2831,40,0,0.7713,,4,0,1,0,0.0,0
0.8369,25,0,0.4498,,10,0,0,0,2.0,0
0.1168,60,0,0.3195,3241.0,5,0,0,0,0.0,0
0.1367,79,0,0.3565,,11,0,1,0,1.0,0
0.7325,55,0,0.9151,3388.0,7,0,2,0,0.0,0
0.6249,56,0,0.3438,11769.0,3,0,0,0,2.0,0
0.1128,45,0,0.5531,5779.0,9,0,0,0,0.0,0
0.1574,49,0,0.4484,,10,0,1,0,1.0,0
0.2665,70,0,0.2649,5530.0,6,0,0,0,0.0,0
0.0475,53,0,0.5194,,5,0,1,0,0.0,0
0.5947,61,0,0.3305,,9,0,0,0,2.0,0
0.0169,70,0,0.5324,2221.0,16,0,2,0,1.0,0
0.3868,67,0,0.4134,10867.0,10,0,1,0,1.0,0
0.1579,52,0,0.5359,7917.0,8,0,3,0,0.0,0
0.1026,53,0,0.9893,12852.0,12,0,2,0,0.0,0
3.0636,47,0,0.8183,2963.0,8,0,0,0,0.0,1
0.4837,59,0,0.5562,1149.0,9,0,1,0,1.0,1
0.5337,46,0,0.9315,9264.0,9,0,0,0,1.0,0
3.4605,57,0,0.2222,6277.0,7,0,2,0,0.0,0
0.7201,67,0,0.2972,,15,0,0,0,0.0,0
0.5877,28,0,0.3685,4947.0,8,0,3,0,0.0,0
0.8389,26,0,0.2812,2262.0,10,0,2,0,0.0,0
0.9378,51,3,0.1094,8609.0,7,0,1,1,2.0,0
0.2837,61,0,0.3729,,8,0,1,0,2.0,0
1.1847,56,0,0.6472,8793.0,5,0,0,0,0.0,0
2.6465,35,0,0.8638,,6,0,1,0,1.0,0
1.1343,65,0,0.3178,,9,0,0,0,2.0,0
0.0218,79,0,0.387,3392.0,11,0,1,0,0.0,0
0.4199,40,0,0.2057,3236.0,8,0,0,0,0.0,0
0.2166,42,0,0.457,3928.0,4,0,1,0,0.0,0
0.135,52,0,0.2685,8602.0,5,0,2,0,1.0,0
0.5064,50,0,0.4107,9560.0,6,0,0,0,1.0,0
0.7399,69,0,0.0848,6467.0,5,0,0,0,1.0,0
0.0864,56,0,1.1412,11532.0,8,0,0,0,0.0,0
0.5955,48,0,0.2593,7707.0,6,0,3,0,1.0,0
0.675,44,0,0.5686,2277.0,5,0,2,0,2.0,0
0.1237,31,0,0.3576,3297.0,8,0,0,0,1.0,0
0.8484,71,0,0.8431,,8,0,1,0,1.0,0
0.4259,61,0,0.1322,3584.0,9,0,0,0,0.0,1
0.2452,51,0,0.5547,5331.0,8,0,1,0,1.0,0
0.0169,54,0,0.5387,5111.0,9,0,1,0,0.0,0
1.3823,50,0,0.7553,4680.0,6,0,0,0,0.0,0
0.5293,27,0,0.7316,3493.0,8,0,1,0,0.0,0
0.2052,32,0,0.0051,7991.0,8,0,1,0,3.0,0
0.3266,49,0,0.277,,4,0,0,0,1.0,0
0.306,49,0,1.1829,,10,0,0,0,1.0,0
0.3675,52,0,0.5424,4013.0,10,0,1,0,,0
0.0422,76,0,1.1423,5956.0,5,0,0,0,0.0,0
0.3799,48,0,0.15,,8,0,3,0,0.0,0
0.3262,41,0,0.9143,,9,0,1,0,1.0,0
0.1751,53,0,0.2792,8744.0,5,0,1,0,0.0,0
0.1486,32,0,0.4408,3190.0,8,0,2,0,0.0,0
3.6681,54,0,0.5583,6475.0,6,0,0,0,1.0,0
0.6622,42,0,0.2335,7540.0,12,0,2,0,,0
0.638,55,0,0.2559,5614.0,9,0,3,0,1.0,0
0.0721,49,0,0.0357,4806.0,9,0,2,0,0.0,0
1.1465,50,0,0.3788,9220.0,7,0,0,0,1.0,0
0.1255,61,0,0.3233,4379.0,10,0,0,0,0.0,0
0.0943,62,0,0.2841,4167.0,8,0,0,0,0.0,0
0.0048,80,0,0.6383,2584.0,9,0,0,0,0.0,0
0.6121,62,0,1.0795,15578.0,10,0,2,0,2.0,0
0.3013,49,0,0.2304,8377.0,13,0,1,0,0.0,0
0.703,43,0,0.719,3503.0,7,0,2,0,1.0,0
0.027,57,0,0.0396,,4,0,2,0,1.0,0
0.8426,72,0,0.7772,5843.0,10,0,1,0,2.0,0
0.3804,64,0,0.6992,5797.0,4,0,2,0,1.0,0
2.0289,42,2,0.1421,6093.0,11,0,0,0,0.0,0
1.0933,58,0,0.4854,13063.0,6,0,2,0,2.0,0
4.2554,55,0,0.5048,6424.0,4,0,2,0,1.0,0
0.1253,67,0,0.3982,6716.0,16,0,2,0,0.0,0
0.3753,56,0,1.0472,,8,0,1,0,0.0,0
0.0272,56,0,0.8967,,11,0,1,0,2.0,0
0.5904,35,0,0.4846,4292.0,9,0,0,0,0.0,0
0.2032,63,0,0.4458,5278.0,6,0,2,0,2.0,0
0.1732,33,0,1.012,11009.0,7,0,0,0,1.0,0
0.6457,53,0,0.4481,3323.0,9,0,0,0,0.0,0
0.4274,44,0,0.3033,,12,0,1,0,1.0,0
0.1857,43,0,0.2418,3450.0,10,0,1,0,1.0,0
0.4756,60,0,0.0875,,3,0,0,0,0.0,0
1.0634,52,0,0.4044,5299.0,12,0,0,0,2.0,0
0.3861,21,0,0.6103,6923.0,4,0,0,0,2.0,0
0.6609,49,0,1.078,,4,0,2,0,2.0,0
0.0393,47,0,0.8791,1979.0,5,0,0,0,0.0,0
0.4277,70,0,0.1506,2747.0,4,0,2,0,0.0,0
0.1552,35,0,0.4897,32586.0,11,0,1,0,0.0,0
0.0246,79,0,0.7579,5023.0,9,0,1,0,0.0,0
0.1147,64,0,0.7413,2152.0,3,0,2,0,1.0,0
0.0491,48,0,0.6551,9541.0,8,0,2,0,0.0,0
0.419,46,0,0.1238,6856.0,4,0,0,0,1.0,0
0.3837,43,0,0.074,2310.0,5,0,0,0,0.0,0
1.1161,56,0,0.9226,2303.0,13,0,2,0,,0
0.5994,41,0,0.479,1455.0,9,0,0,0,1.0,0
1.6857,50,1,0.1642,5683.0,8,0,2,0,1.0,0
0.6937,37,0,0.5707,6146.0,11,0,0,0,2.0,0
0.3604,62,0,0.0908,2520.0,9,0,0,0,,0
0.1891,54,0,0.3833,4785.0,5,0,1,0,0.0,0
0.1624,45,0,0.284,7471.0,8,0,1,0,1.0,0
0.2274,49,0,0.6344,8673.0,9,0,2,0,0.0,0
0.6178,42,0,0.6156,6059.0,5,0,0,0,0.0,0
0.11,56,0,0.4262,,10,0,0,0,1.0,0
0.4165,34,0,0.0449,8757.0,13,0,0,0,2.0,0
0.5495,65,0,0.5363,6347.0,10,0,0,0,3.0,0
0.4627,54,0,0.8661,12488.0,9,0,0,0,0.0,0
0.8101,46,0,0.6924,3829.0,8,0,3,0,0.0,0
0.0769,60,0,0.5574,,12,0,1,0,0.0,0
1.2908,57,0,0.3601,2044.0,5,0,0,0,1.0,0
0.9579,37,0,0.5392,,9,0,3,0,0.0,1
0.3299,70,0,0.1605,4952.0,4,0,0,0,1.0,0
0.2054,21,0,0.2551,,9,0,0,0,0.0,0
0.6518,67,0,0.4453,8439.0,2,0,1,0,0.0,0
0.2074,50,0,0.2381,2541.0,5,0,0,0,0.0,0
0.3261,66,0,0.4621,13973.0,10,0,0,0,1.0,0
0.1109,72,0,0.763,,7,0,0,0,0.0,1
5.2142,46,0,0.0811,6291.0,8,0,1,0,1.0,0
2.4349,47,0,1.2122,3600.0,7,0,2,0,0.0,0
0.2368,56,0,0.5058,4010.0,7,0,1,0,1.0,0
0.5656,36,0,0.6522,6889.0,6,0,1,0,3.0,0
0.1428,47,0,0.8719,22076.0,5,0,0,0,0.0,0
1.0089,46,0,0.1548,7129.0,11,0,2,0,1.0,0
0.2356,35,0,0.636,,7,0,2,0,1.0,0
0.4385,45,0,0.5322,5201.0,9,0,0,0,0.0,0
3.0999,63,0,0.2961,5507.0,9,0,1,0,2.0,0
2.3273,62,0,0.2561,,16,0,2,0,2.0,0
3.4274,50,0,0.4201,5094.0,9,0,0,0,2.0,0
2.1159,53,0,0.6468,10539.0,11,0,0,0,0.0,0
0.2389,48,0,0.7473,7680.0,6,0,2,0,2.0,0
0.0226,27,0,0.6491,3607.0,12,0,0,0,1.0,0
0.3433,38,0,0.7981,1841.0,7,0,0,0,1.0,0
1.2763,65,0,0.9282,4735.0,10,0,2,0,0.0,0
0.2557,69,0,0.1595,7596.0,10,0,1,0,0.0,0
0.0724,40,0,0.7298,,13,0,2,0,0.0,0
0.7377,68,0,0.4449,9122.0,8,0,0,0,1.0,0
0.5737,35,0,0.7945,6803.0,4,0,0,0,1.0,0
0.3722,45,0,0.4834,2691.0,8,0,0,0,0.0,0
0.5967,50,0,0.5372,,9,0,1,0,2.0,0
0.0321,48,0,0.0579,2030.0,5,0,0,0,2.0,0
0.322,42,0,0.5381,8904.0,14,0,0,0,1.0,0
0.0902,54,0,0.6043,6798.0,6,0,0,0,0.0,0
0.5117,63,0,1.0653,2025.0,7,0,1,0,1.0,0
0.1117,32,0,0.1902,10600.0,9,0,0,0,0.0,0
0.3923,54,0,0.5962,,12,0,0,0,,0
1.9868,66,2,0.1104,1732.0,5,0,0,0,1.0,0
0.7616,46,0,0.8145,17423.0,11,0,0,0,1.0,0
0.6582,44,0,0.4711,3821.0,9,0,1,0,0.0,0
0.0364,40,0,0.3323,9582.0,9,0,1,0,1.0,0
0.2956,80,0,0.3854,12375.0,4,0,1,0,1.0,0
0.1782,73,0,0.6642,8644.0,4,0,1,0,0.0,0
0.4455,48,0,0.3622,9125.0,10,0,0,0,0.0,0
0.2089,69,0,0.4124,2672.0,11,0,2,0,1.0,0
0.1146,45,0,0.6262,4387.0,7,0,0,0,1.0,0
1.292,50,0,0.7697,,7,0,3,0,0.0,0
0.1651,37,0,0.2936,976.0,5,0,2,0,0.0,0
2.264,26,0,0.486,5857.0,3,0,0,0,1.0,0
1.1064,44,0,0.0397,15138.0,11,0,2,0,0.0,0
0.051,46,0,0.3512,32023.0,5,0,1,0,1.0,0
1.105,58,0,0.5892,,2,0,1,0,2.0,0
0.3374,61,0,0.9444,8296.0,7,0,1,0,0.0,0
0.1002,50,0,0.3647,5259.0,5,0,0,0,0.0,0
0.2892,38,0,0.2328,6769.0,10,0,2,0,2.0,0
0.5149,43,0,0.4167,5628.0,9,0,1,0,0.0,0
1.1564,74,0,0.3544,,15,0,2,0,2.0,0
0.2734,61,0,0.2999,5514.0,7,0,0,0,1.0,0
0.2281,72,0,0.9206,3624.0,10,0,3,0,0.0,0
0.0535,77,2,0.1893,3943.0,11,0,0,0,1.0,0
0.2246,43,0,0.9661,2064.0,7,0,3,0,0.0,0
1.0514,63,0,0.0663,2529.0,8,0,0,0,1.0,0
0.7538,39,0,0.5679,9022.0,9,0,0,0,0.0,0
0.4261,66,0,0.6368,8311.0,13,0,0,0,1.0,0
2.8732,64,0,0.6395,3166.0,7,0,3,0,0.0,1
0.0923,22,0,0.2031,6058.0,11,0,2,0,1.0,0
0.1431,58,0,0.3072,3221.0,9,0,0,0,2.0,0
0.2609,40,0,0.4143,,5,0,0,0,0.0,0
1.6421,47,0,0.6036,3138.0,3,0,2,0,0.0,0
0.0366,43,0,0.4795,2710.0,8,0,2,0,1.0,0
0.0879,65,0,0.2337,5904.0,8,0,1,0,3.0,0
0.4453,42,0,0.541,3977.0,7,0,1,0,,0
0.3314,34,0,0.3533,2024.0,6,0,1,0,3.0,0
0.382,41,0,0.6494,6299.0,12,0,3,0,2.0,0
0.3357,49,0,0.2015,1761.0,10,0,0,0,1.0,0
3.9841,58,0,1.0309,3752.0,7,0,2,0,2.0,0
0.2372,69,0,0.6836,3988.0,11,0,0,0,1.0,0
0.0321,59,0,0.3674,3804.0,8,0,0,0,2.0,0
0.3155,60,0,0.4956,13329.0,5,0,1,0,1.0,0
0.3185,62,0,0.3519,,6,0,2,0,0.0,0
0.4319,63,0,0.2643,2533.0,5,0,1,0,0.0,0
0.6968,66,0,0.7586,3641.0,11,0,0,0,0.0,0
3.4502,87,0,0.3339,4245.0,3,0,3,0,0.0,0
0.0776,63,0,0.1595,2611.0,13,0,0,0,1.0,0
0.295,56,0,0.0174,1396.0,4,0,0,0,0.0,0
1.0839,45,0,0.5711,9669.0,9,0,4,0,0.0,0
1.0464,56,0,0.1426,2772.0,6,0,0,0,1.0,1
0.088,68,0,0.4567,6836.0,9,0,0,0,1.0,0
0.3889,35,0,0.2125,2412.0,11,0,2,0,0.0,0
0.694,70,0,0.259,7081.0,10,0,2,0,0.0,0
0.4712,46,0,0.1802,1688.0,8,0,0,0,1.0,0
0.0557,49,0,0.4871,8155.0,5,0,0,0,1.0,0
0.4554,59,0,0.6474,11351.0,10,0,3,0,1.0,0
0.2846,45,0,0.2743,7358.0,8,0,0,0,1.0,0
0.1387,58,0,0.2168,1879.0,12,0,1,0,0.0,0
0.2331,36,0,0.4115,7542.0,13,0,3,0,2.0,0
0.0391,64,0,1.0175,12289.0,7,0,1,0,0.0,0
0.4905,55,0,0.0719,6679.0,6,0,2,0,2.0,0
0.7099,52,0,0.4385,,5,0,1,0,1.0,0
0.1979,56,0,0.1764,3544.0,5,0,2,0,1.0,0
0.257,52,0,1.2176,7131.0,4,0,1,0,1.0,0
0.2058,58,0,0.9398,2085.0,7,0,0,0,1.0,0
2.2493,49,3,0.1922,,7,0,0,0,3.0,0
0.1894,48,0,0.0824,,7,0,2,0,3.0,0
0.1631,27,0,0.6823,8834.0,12,0,0,0,2.0,0
0.6508,71,0,0.1874,7048.0,7,0,1,0,1.0,0
0.7126,36,0,0.5115,5572.0,7,0,0,0,0.0,0
0.1817,75,0,0.5597,3451.0,7,0,2,0,1.0,0
0.1801,49,0,0.2526,3787.0,9,0,0,0,1.0,0
2.5345,69,0,0.3302,12430.0,9,0,1,0,1.0,0
0.0091,67,0,0.3808,6154.0,10,0,2,0,1.0,0
0.4721,65,0,0.7233,3596.0,6,0,1,0,1.0,0
0.2048,53,0,0.5352,2471.0,7,0,3,0,1.0,0
0.6869,35,0,0.1386,,9,0,3,0,0.0,0
0.4686,49,0,0.3983,5206.0,8,0,1,0,1.0,0
0.6889,48,0,0.11,1474.0,4,0,1,0,1.0,0
0.6262,51,0,0.161,4951.0,8,0,2,0,0.0,0
0.4943,35,0,0.0712,,8,0,1,0,0.0,1
0.5804,48,0,0.4084,,7,0,1,0,0.0,0
1.3063,21,0,1.2497,5843.0,6,0,1,0,,0
0.7203,48,0,0.9303,4911.0,7,0,0,0,0.0,1
0.5908,54,0,0.5606,19365.0,8,0,0,0,1.0,0
0.2995,41,0,0.6835,2781.0,10,0,1,0,0.0,0
1.5347,48,0,0.1004,4934.0,7,0,0,0,0.0,0
1.7905,54,0,0.1906,,5,0,2,0,,0
0.941,66,0,0.0994,9693.0,9,0,1,0,2.0,0
0.3573,67,0,0.2051,6717.0,8,0,3,0,0.0,0
0.3151,56,0,0.217,3428.0,7,0,3,0,0.0,0
0.2103,52,0,0.646,1430.0,5,0,1,0,2.0,0
0.174,57,0,0.361,,12,0,0,0,1.0,0
0.1805,77,0,0.8418,14200.0,6,0,1,0,0.0,0
0.1897,59,0,0.6647,3032.0,4,0,0,0,1.0,0
0.7284,56,0,1.0199,4110.0,8,0,0,0,1.0,0
0.097,67,0,0.0664,,8,0,2,0,0.0,0
3.6713,53,0,0.9708,13351.0,3,0,0,0,0.0,0
0.2561,40,0,0.2739,3635.0,8,0,1,0,1.0,0
0.3908,58,0,1.1542,3664.0,3,0,0,0,1.0,0
0.3404,54,0,0.5173,7409.0,10,0,0,0,0.0,0
2.6308,49,0,1.0657,3330.0,7,0,0,0,0.0,0
0.015,60,0,0.1952,1537.0,7,0,2,0,,0
0.315,27,0,0.2073,3266.0,6,0,1,0,0.0,0
0.0663,44,0,0.1494,13897.0,10,0,0,0,1.0,1
0.0156,40,0,0.7618,4535.0,6,0,1,0,1.0,0
0.4758,41,0,0.052,3752.0,13,0,1,0,1.0,0
8.6427,50,0,0.253,14856.0,8,0,0,0,2.0,0
0.5457,39,0,0.4053,1836.0,7,0,0,0,1.0,0
0.6444,75,0,0.5234,16464.0,11,0,0,0,1.0,0
0.3243,58,0,0.4613,5165.0,5,0,1,0,0.0,0
1.3349,41,0,0.7418,4815.0,5,0,0,0,0.0,0
0.4854,28,0,0.1603,,7,0,1,0,1.0,1
0.2506,44,0,0.5951,7197.0,7,0,1,0,2.0,0
0.6709,47,0,0.4791,1838.0,7,0,0,0,1.0,0
2.4535,43,2,0.8383,10883.0,12,0,3,0,0.0,0
0.1983,88,0,0.2706,11296.0,2,0,1,0,0.0,0
4.6777,29,0,0.2371,23843.0,9,0,2,0,3.0,0
0.5984,53,0,0.6178,10307.0,5,0,2,0,0.0,0
2.6314,50,0,0.2838,,6,0,0,0,0.0,0
0.8216,49,1,0.2946,3206.0,9,1,2,1,0.0,0
0.1929,25,0,0.7552,6266.0,10,0,1,0,1.0,0
0.3393,51,1,0.4992,,9,0,0,2,1.0,0
0.7688,55,0,0.026,6694.0,11,0,2,0,0.0,0
0.4783,62,0,0.9303,6370.0,11,0,2,0,0.0,0
0.0418,59,0,0.4068,4428.0,14,0,0,0,1.0,0
0.3606,69,0,0.6762,,8,0,0,0,0.0,0
0.8136,23,0,0.4602,,13,0,0,0,3.0,0
0.4581,49,0,0.1696,11305.0,7,0,2,0,3.0,0
0.0192,87,0,0.4849,,6,0,0,0,0.0,0
0.0017,67,0,0.247,4671.0,7,0,1,0,0.0,0
0.3038,32,0,0.0412,,4,0,0,0,0.0,0
0.1915,53,0,0.7749,10274.0,5,0,2,1,0.0,0
0.7719,37,0,0.5076,2534.0,9,0,0,0,1.0,0
0.5274,46,0,0.4744,16606.0,8,0,2,0,1.0,0
0.777,80,0,0.5922,9010.0,11,0,1,0,0.0,0
0.1732,65,0,0.2019,,5,0,1,0,0.0,0
2.0207,31,0,0.191,,4,0,2,0,1.0,0
0.5284,41,0,0.5242,4970.0,11,0,2,0,1.0,0
0.3544,52,0,0.5102,5383.0,4,0,1,0,0.0,0
0.6764,48,0,1.2057,,4,0,1,0,1.0,1
0.1181,56,0,0.2544,3383.0,5,0,1,0,0.0,0
0.8391,41,2,0.3862,3366.0,7,0,0,0,0.0,0
0.1518,47,0,0.3671,3389.0,6,0,1,0,,0
0.134,41,0,0.2766,16462.0,8,0,6,0,1.0,0
0.7598,47,0,0.4432,5416.0,6,0,1,0,0.0,0
0.4134,62,0,0.7498,7821.0,12,0,1,0,2.0,0
0.3849,56,0,0.469,7291.0,5,0,3,0,1.0,0
0.43,42,0,0.886,8014.0,13,0,0,0,2.0,0
5.9444,68,0,0.1411,5333.0,7,0,1,0,2.0,0
0.8085,67,0,0.3099,3552.0,6,0,0,0,1.0,0
6.5949,52,0,0.29,,5,0,1,0,0.0,0
1.7618,48,1,0.2631,3897.0,11,0,1,0,0.0,0
0.1909,77,0,0.4273,13000.0,8,0,0,0,0.0,0
2.0754,74,0,0.1367,7221.0,6,0,0,0,1.0,0
2.3834,31,0,0.4451,3423.0,6,0,0,0,0.0,0
0.4754,69,0,0.2407,5879.0,7,0,0,0,1.0,0
0.4254,76,0,0.8864,7252.0,9,0,1,0,0.0,0
0.8346,61,0,0.3012,7873.0,8,0,2,0,2.0,0
2.1508,45,1,0.0885,11149.0,7,1,1,2,0.0,0
1.3167,47,0,0.2606,3710.0,7,0,2,0,3.0,0
1.0274,76,0,0.6595,7893.0,5,0,0,0,0.0,0
0.1728,64,0,0.3356,3069.0,6,0,2,0,0.0,0
0.2412,60,0,0.4707,7917.0,11,0,0,0,2.0,0
0.1396,85,0,0.6153,5569.0,8,0,0,0,0.0,0
0.4762,38,0,0.5142,1963.0,6,0,0,0,0.0,0
0.2979,51,0,0.9087,,9,0,1,0,1.0,0
0.2021,55,0,0.3599,3796.0,6,0,1,0,2.0,0
0.3817,49,0,0.6173,4324.0,9,0,1,0,1.0,0
0.1825,26,0,0.0671,2478.0,5,0,1,0,0.0,0
0.0792,66,0,0.3541,6423.0,5,0,0,0,1.0,0
0.4486,41,0,0.5594,,7,0,1,0,,0
0.1908,41,0,0.4783,7122.0,6,0,0,0,2.0,0
0.5191,47,0,0.4993,2082.0,9,0,4,0,1.0,0
5.0584,49,0,0.1459,6707.0,5,0,0,0,0.0,0
1.2976,50,0,0.3531,4340.0,10,0,1,0,2.0,0
0.4828,65,0,0.8673,,10,0,2,0,1.0,0
0.7524,68,0,0.7883,7412.0,11,0,3,0,0.0,0
0.3311,48,0,0.3093,11676.0,5,0,1,0,2.0,0
0.19,44,0,0.2523,12045.0,8,0,3,0,1.0,0
0.4499,50,0,0.8349,8515.0,7,0,1,0,0.0,0
0.0554,39,0,0.5517,2990.0,14,0,0,0,0.0,0
0.3168,52,0,0.1792,6302.0,2,0,1,0,1.0,0
0.1752,39,0,0.0588,7349.0,5,0,0,0,1.0,0
0.2338,82,0,0.4593,3037.0,2,0,0,0,1.0,0
0.6306,54,0,0.6538,10194.0,10,0,0,0,0.0,0
1.9509,44,0,0.2264,3593.0,14,0,0,0,0.0,0
0.6558,62,0,0.1803,5063.0,10,0,1,0,1.0,0
0.2302,35,0,0.6482,3896.0,7,0,0,0,1.0,0
0.3827,42,0,0.4506,,4,0,1,0,2.0,0
4.2712,58,0,0.7393,5516.0,7,0,0,0,0.0,0
0.4253,54,0,0.5828,3028.0,7,0,0,0,1.0,0
0.395,67,0,0.521,5732.0,11,0,0,0,1.0,0
0.0542,21,0,0.8073,3437.0,9,0,1,0,0.0,0
0.6717,63,0,0.0949,,12,0,1,0,0.0,0
0.8006,44,0,0.1425,2043.0,4,0,0,0,,0
2.0952,36,0,0.2172,6590.0,10,0,3,0,0.0,0
0.083,28,0,0.4981,4018.0,1,0,1,0,2.0,0
0.9779,44,0,0.2412,4887.0,10,0,0,0,1.0,0
1.9115,74,0,0.8407,6551.0,7,0,1,0,0.0,0
0.4881,66,0,0.3552,3658.0,8,0,2,0,1.0,0
0.6452,75,0,0.5526,1124.0,8,0,0,0,0.0,0
0.0311,50,0,0.3113,5478.0,11,0,0,0,1.0,0
0.9781,53,0,0.8325,,8,0,0,1,0.0,0
2.8083,30,0,0.0905,,7,0,0,0,1.0,0
0.8803,30,0,0.4568,17767.0,7,0,0,0,2.0,0
0.3934,50,0,0.2727,6400.0,6,0,1,0,2.0,0
0.1126,33,0,0.2929,3358.0,9,0,2,0,1.0,0
0.3651,40,0,0.8581,,5,0,2,0,2.0,0
0.1012,53,0,0.1026,11686.0,7,0,5,0,1.0,0
1.0623,70,0,0.6223,8179.0,7,0,3,0,1.0,0
1.8578,52,0,0.2197,,10,0,0,0,0.0,0
2.7779,33,1,0.5483,5222.0,5,3,1,2,1.0,0
2.4993,26,0,0.7895,11595.0,10,0,0,0,0.0,0
0.0315,54,0,0.2991,6010.0,8,0,1,0,0.0,0
0.6623,43,0,0.7114,7332.0,8,0,0,0,2.0,0
0.807,54,0,0.3088,,6,0,0,0,1.0,0
0.2401,49,0,0.3615,20148.0,12,0,0,0,0.0,0
0.3256,51,0,0.6542,,10,0,0,0,1.0,0
0.231,69,0,0.8102,4612.0,13,0,0,0,1.0,0
0.3984,67,0,0.1584,,5,0,1,0,0.0,0
0.1945,57,0,0.4648,6586.0,7,0,1,0,1.0,0
0.3444,39,0,0.4697,15271.0,13,0,0,0,2.0,0
0.5994,44,0,0.439,2855.0,9,0,1,0,0.0,0
1.8743,63,0,0.9622,5353.0,7,0,2,0,4.0,0
2.0453,70,0,0.6695,4602.0,13,0,0,0,0.0,0
1.6632,34,0,0.5387,,8,0,0,0,0.0,0
0.4743,73,0,0.3315,6373.0,5,0,1,0,,0
5.5481,41,0,0.4085,,12,0,0,0,2.0,0
0.8182,61,0,0.2558,9060.0,2,0,2,0,,0
0.2307,91,0,0.7437,8793.0,4,0,1,0,,0
0.6638,30,0,0.752,1783.0,11,0,3,0,0.0,1
0.1053,59,0,0.1765,9650.0,10,0,0,0,0.0,0
0.1195,48,0,0.3771,4590.0,12,0,1,0,,0
0.1439,58,0,0.2053,3143.0,4,0,1,0,0.0,0
1.5503,43,1,1.0689,3843.0,7,0,0,0,1.0,0
0.2125,21,0,0.6644,2333.0,11,0,1,0,1.0,0
0.6371,41,0,0.6402,2354.0,7,0,0,0,0.0,0
0.1215,57,0,0.7522,,6,0,2,0,0.0,0
1.1869,71,0,0.069,10629.0,14,0,1,0,1.0,0
0.5691,58,0,0.2651,,9,0,0,0,1.0,0
0.7138,73,0,0.1145,,13,0,1,0,1.0,1
0.2029,45,0,0.4893,1773.0,8,0,1,0,1.0,0
0.0191,44,0,0.2395,,5,0,0,0,0.0,0
0.6181,57,0,0.5804,11773.0,6,0,2,0,1.0,0
0.7487,47,0,0.3831,3764.0,3,0,0,0,0.0,0
0.3165,68,0,0.4337,,4,0,0,0,0.0,0
0.2087,32,0,0.98,,8,0,0,0,1.0,0
0.6695,64,0,0.8036,,6,0,2,0,1.0,0
0.6062,69,0,0.2924,2169.0,9,0,2,0,3.0,1
0.0049,57,0,0.1799,12496.0,11,0,0,0,0.0,0
6.6195,65,0,0.3986,,8,0,1,0,1.0,0
0.5669,43,0,0.2515,3356.0,9,0,1,0,0.0,1
0.3902,40,0,0.2539,15043.0,10,0,0,0,0.0,0
0.6804,57,0,0.1929,,8,0,1,0,1.0,0
2.5752,42,0,1.1238,5921.0,4,0,0,0,1.0,0
1.7472,56,0,0.3933,3646.0,11,0,0,0,0.0,0
0.1363,56,0,0.5957,,6,0,1,0,0.0,0
0.6525,51,0,0.4749,,11,0,1,0,1.0,0
1.169,56,0,0.4711,7285.0,9,0,2,0,,0
0.3421,61,0,0.3295,3726.0,14,0,3,0,1.0,0
7.9876,51,0,0.1603,,7,0,1,0,0.0,0
0.2668,45,0,0.2173,3033.0,8,0,1,0,1.0,0
0.61,64,0,0.3395,4126.0,7,0,4,0,1.0,0
0.2384,56,0,0.7211,8674.0,6,0,0,0,1.0,0
0.4454,58,0,0.7323,,8,0,0,0,1.0,0
0.6924,60,0,0.5771,4864.0,8,0,0,0,1.0,0
0.3916,54,0,0.1508,2370.0,7,0,0,0,0.0,0
0.5276,47,0,0.6558,,13,0,1,0,,1
0.305,43,0,0.5709,,11,0,1,0,0.0,0
0.569,51,2,0.8246,2398.0,9,0,1,0,0.0,0
0.0129,59,0,0.1619,,9,0,3,0,0.0,0
0.8282,59,0,0.4528,2479.0,5,0,3,0,,0
0.3093,54,0,0.2603,4742.0,9,0,3,0,0.0,0
0.2529,57,0,0.9229,3380.0,6,0,2,0,1.0,0
0.105,37,0,0.8172,1709.0,6,0,1,0,0.0,0
0.3391,45,0,0.238,7294.0,7,0,0,0,1.0,0
0.4248,61,0,0.2608,3750.0,12,0,1,0,1.0,0
0.6701,40,0,0.3775,8991.0,8,0,2,0,0.0,0
0.4164,54,0,0.6628,6335.0,9,0,0,0,0.0,0
0.6517,53,0,0.3077,,7,0,0,0,0.0,0
2.673,50,0,0.376,3926.0,5,0,0,0,1.0,0
0.0688,62,0,1.0828,6358.0,8,0,1,0,1.0,0
0.3613,55,0,0.453,4144.0,7,0,0,0,1.0,0
0.0976,35,0,0.5381,2078.0,8,0,5,0,1.0,0
0.5057,59,0,0.7782,7062.0,3,0,1,0,0.0,0
0.3325,45,0,0.1446,4656.0,13,0,4,0,1.0,0
0.549,33,0,0.3555,599.0,11,0,0,0,0.0,0
0.4132,62,0,0.7749,,8,0,1,0,0.0,0
0.4864,35,0,0.2557,,5,0,1,0,0.0,0
3.4063,47,0,0.7681,14211.0,12,0,0,0,,0
0.5187,56,0,0.3326,,10,0,0,0,0.0,0
1.5812,51,0,0.691,,5,0,1,0,1.0,0
0.1071,43,1,0.9383,8262.0,8,0,0,1,0.0,0
0.5281,38,0,0.8095,,8,0,0,0,1.0,1
0.1168,41,0,0.6073,3351.0,7,0,2,0,1.0,0
0.2486,37,0,0.4332,,2,0,2,0,3.0,0
0.2348,50,0,0.1113,6631.0,11,0,1,1,0.0,1
0.06,44,0,0.9524,14153.0,8,0,2,0,1.0,0
0.2388,33,0,0.7214,9334.0,6,0,3,0,0.0,0
0.5086,48,0,0.5744,5383.0,6,0,1,0,1.0,0
0.0499,43,0,0.3434,,6,0,2,0,1.0,0
0.6654,56,0,0.4292,,10,0,1,0,0.0,0
5.1604,57,0,0.4644,14981.0,8,0,5,0,0.0,0
0.5009,71,0,0.4136,,8,0,1,0,1.0,1
0.5679,61,0,0.8301,,9,0,0,0,2.0,0
0.5745,37,0,0.8211,12551.0,7,0,1,0,1.0,0
0.711,22,0,0.2887,3263.0,9,0,1,0,1.0,0
0.153,31,0,0.5514,3138.0,6,0,2,0,0.0,0
0.5539,45,0,0.6736,,7,0,3,0,1.0,0
0.3787,29,0,0.0948,,4,0,2,0,0.0,0
0.1614,43,0,0.4207,,13,0,1,0,0.0,0
0.3513,52,1,0.5111,8363.0,9,0,2,0,1.0,0
0.5067,44,0,0.5746,,12,0,3,0,3.0,0
0.4806,56,0,0.1109,6082.0,7,0,1,0,1.0,0
0.3427,43,0,0.3868,3704.0,10,0,1,0,0.0,0
0.0022,41,0,0.9152,4720.0,6,0,2,0,2.0,0
0.3946,76,0,0.0996,,7,0,1,0,0.0,0
0.2263,52,0,0.7147,2847.0,7,0,0,0,0.0,0
0.693,54,0,0.6607,8763.0,12,0,1,0,1.0,0
5.1082,64,0,0.4785,3615.0,7,0,1,0,0.0,0
3.4579,64,0,0.6367,,7,0,0,0,1.0,0
0.4939,47,0,0.5328,4501.0,7,0,2,0,0.0,0
1.2164,67,0,0.2635,15170.0,4,0,2,0,1.0,0
0.3552,46,0,0.4707,2628.0,14,0,1,0,1.0,0
1.1846,66,0,0.4854,2650.0,4,0,1,0,3.0,1
3.9902,35,0,0.313,5510.0,5,0,2,0,2.0,0
0.8422,48,0,0.4101,3030.0,12,0,0,0,1.0,0
0.2059,55,0,0.4119,,7,0,1,0,0.0,0
1.0166,57,0,0.2492,8426.0,7,0,1,0,2.0,0
0.3646,40,0,0.4088,10654.0,8,0,2,0,0.0,0
2.2439,29,0,0.2164,5529.0,8,0,1,0,1.0,0
2.5207,58,0,0.4009,3079.0,6,0,2,0,0.0,1
0.213,49,0,0.7515,3705.0,10,0,1,0,0.0,0
0.9208,47,0,0.5785,8533.0,11,0,4,0,0.0,0
0.3698,75,0,0.2491,,9,0,0,0,1.0,0
0.0345,48,0,0.84,,8,0,0,0,1.0,0
0.8722,45,2,0.4129,5700.0,8,0,0,3,2.0,0
0.4113,27,0,0.0263,2415.0,8,0,1,0,0.0,0
0.1628,37,0,0.6667,,7,0,2,0,0.0,0
0.6291,64,0,0.1392,2992.0,11,0,0,0,0.0,0
7.6926,42,0,0.4613,10153.0,8,0,1,0,1.0,0
0.3416,61,4,0.3082,8259.0,13,2,1,0,0.0,0
0.1408,34,0,0.1548,,6,0,0,0,0.0,0
0.2827,40,0,0.5074,3858.0,9,0,0,0,0.0,0
0.8567,39,0,0.2887,3586.0,7,0,0,0,2.0,0
1.2148,59,3,0.5087,,5,0,0,0,2.0,1
0.7381,49,0,0.5374,5884.0,6,0,1,0,,0
0.2666,36,0,0.9942,,15,0,1,0,2.0,0
0.4013,62,0,0.3341,9719.0,12,0,1,0,,0
0.2437,59,0,0.5934,3378.0,6,0,0,0,0.0,0
0.2875,57,1,0.6663,,8,0,0,0,0.0,0
0.1646,56,1,0.9525,5106.0,10,1,0,0,0.0,0
3.9518,40,0,0.2154,3042.0,12,0,1,0,2.0,0
1.0318,70,0,0.8207,,7,0,2,0,1.0,0
0.0146,51,0,0.7658,3221.0,11,0,0,0,0.0,0
0.1089,56,0,0.4888,3018.0,7,0,1,0,1.0,0
0.019,57,0,0.1216,6734.0,8,0,1,0,0.0,1
2.0699,39,0,0.1793,2387.0,7,0,0,0,1.0,0
1.027,79,0,0.4531,,6,0,1,0,0.0,0
7.1691,52,0,0.3113,3978.0,8,0,0,0,0.0,0
0.35,52,0,0.2598,16562.0,5,0,1,0,0.0,0
0.0651,46,0,0.1686,5192.0,8,0,1,0,1.0,0
0.2537,68,0,0.048,6352.0,6,0,1,0,0.0,0
0.6023,69,0,0.1971,3714.0,5,0,2,0,2.0,0
2.0545,54,0,0.0554,3029.0,8,0,0,0,0.0,0
0.1889,31,0,0.6559,3334.0,9,0,3,0,0.0,0
0.5912,50,0,0.882,24485.0,8,0,1,0,0.0,0
0.1738,51,0,0.0464,3204.0,7,0,1,0,0.0,0
0.2583,46,0,0.2707,3333.0,6,0,2,0,2.0,0
5.0793,38,4,0.6178,4209.0,9,0,0,0,2.0,0
0.401,30,0,0.1876,,7,0,0,0,1.0,0
0.2973,73,0,0.4237,,8,0,0,0,2.0,0
2.4041,62,0,0.8172,,6,0,1,0,,0
0.0622,52,0,0.538,2676.0,6,0,2,0,0.0,0
5.8739,43,2,0.6798,10592.0,8,0,1,0,1.0,0
0.1432,57,0,0.4233,4864.0,7,0,2,0,,0
0.1176,55,0,0.321,,12,0,2,0,0.0,0
5.9031,46,0,0.962,4156.0,3,0,0,0,1.0,0
0.181,57,0,0.0458,7187.0,7,0,0,0,1.0,0
0.294,59,0,0.6725,2503.0,7,0,0,0,0.0,0
0.4072,62,0,0.3945,2935.0,6,0,0,0,0.0,0
2.4668,40,0,0.8494,7974.0,5,0,0,0,1.0,0
0.103,58,0,0.4807,10495.0,13,0,1,0,2.0,0
0.0347,68,0,0.222,,10,0,0,0,1.0,0
0.5525,56,0,0.7356,5275.0,9,0,1,0,0.0,0
0.3514,83,0,0.6322,8618.0,11,0,3,0,0.0,0
0.6812,49,0,0.3501,3833.0,9,0,0,0,0.0,0
0.5091,28,0,0.5479,5049.0,6,0,1,0,0.0,0
0.2025,40,0,0.9745,6034.0,7,0,1,0,0.0,0
0.4941,43,0,0.3301,11956.0,6,0,2,0,0.0,0
0.9396,60,0,0.4018,8039.0,8,0,1,0,1.0,0
0.805,64,0,0.363,,9,0,1,0,2.0,0
0.0893,54,0,0.8198,8772.0,7,0,1,0,1.0,0
0.3157,56,0,0.3444,5361.0,7,0,1,0,2.0,0
0.1956,79,0,0.8001,6580.0,6,0,1,0,2.0,0
0.54,40,0,0.5646,2109.0,7,0,1,0,0.0,0
0.3386,51,0,0.1413,5634.0,11,0,1,0,1.0,0
0.4389,46,0,1.1595,3448.0,7,0,1,0,0.0,0
0.0812,36,0,0.346,2970.0,7,0,0,0,0.0,0
0.2893,24,0,0.5087,6967.0,7,0,1,0,0.0,0
0.1755,70,0,1.3487,,8,0,0,0,2.0,0
0.3644,41,0,0.1852,1251.0,7,0,2,0,0.0,0
4.4669,48,1,0.1635,23711.0,4,0,2,1,1.0,0
0.0966,58,0,0.7073,,11,0,1,0,0.0,0
0.3218,35,0,0.2232,3723.0,9,0,1,0,0.0,0
8.5216,40,0,0.5839,,10,0,1,0,0.0,0
0.1197,52,0,0.3639,2258.0,13,0,1,0,1.0,0
0.4853,46,1,0.3865,7021.0,11,0,1,0,1.0,0
0.0369,34,0,0.6991,8698.0,9,0,0,0,1.0,0
1.1449,61,0,0.4815,2943.0,9,0,0,0,2.0,0
0.0347,46,0,0.417,7627.0,11,0,0,0,1.0,0
0.4251,54,3,0.4168,4718.0,11,0,1,0,5.0,0
0.3433,53,0,0.5246,8645.0,13,0,2,0,0.0,0
1.2927,66,0,0.0826,,12,0,0,0,1.0,0
0.7775,57,0,0.5308,,7,0,1,0,1.0,0
0.458,40,0,0.1841,3962.0,10,0,1,0,0.0,0
0.0533,68,0,0.5798,2850.0,13,0,1,0,1.0,0
0.6517,45,0,0.5321,6180.0,7,1,2,0,1.0,0
0.1541,41,0,0.2569,,12,0,0,0,2.0,0
0.5289,39,0,0.3821,1649.0,7,0,0,0,0.0,0
0.4795,21,0,0.6813,2853.0,9,0,1,0,0.0,1
0.039,43,0,0.586,2476.0,8,0,1,0,1.0,0
0.597,58,0,0.6296,7728.0,6,0,0,0,0.0,0
0.4435,33,0,0.1718,4100.0,12,0,0,0,1.0,0
0.3358,76,0,0.4904,17701.0,11,0,1,0,2.0,0
0.2616,21,0,0.195,6800.0,6,0,0,0,1.0,0
1.1093,41,1,0.8218,,11,0,0,0,0.0,0
0.5598,31,0,0.2073,13454.0,13,0,0,0,0.0,0
0.6197,65,0,0.3613,3605.0,8,0,0,0,0.0,0
0.6555,61,0,0.1057,9027.0,12,0,2,0,0.0,0
0.7074,48,0,0.6038,6785.0,7,0,1,0,1.0,0
0.7733,32,0,0.1223,4987.0,6,0,0,0,0.0,0
0.3179,35,0,0.5592,3341.0,7,0,4,0,1.0,0
7.5383,55,0,0.2282,5391.0,4,0,1,0,0.0,0
1.6025,43,0,0.3878,2580.0,6,0,3,0,1.0,0
0.1215,44,0,0.6607,,5,0,0,0,1.0,0
0.0422,51,0,0.4716,2833.0,9,0,1,0,0.0,0
0.5451,46,0,0.4261,,4,0,0,0,1.0,0
0.0381,28,0,0.2454,5090.0,8,0,1,0,1.0,0
2.5962,33,0,0.3168,4306.0,6,0,3,0,1.0,0
0.2797,34,0,0.6528,4698.0,6,0,3,0,1.0,0
0.2587,42,0,0.5064,2973.0,11,0,1,0,0.0,0
2.6887,53,0,0.1791,5763.0,13,0,0,0,0.0,0
0.5738,53,0,0.1204,,10,0,1,0,1.0,0
2.8886,69,0,0.8188,6427.0,7,0,1,0,0.0,0
0.0364,32,0,1.1328,7751.0,3,0,1,0,0.0,0
0.3951,56,0,0.5904,15809.0,8,0,1,0,0.0,0
0.2814,41,0,0.5137,,5,0,0,0,0.0,0
0.3776,80,0,0.2798,6494.0,4,0,0,0,0.0,0
1.7716,51,0,0.4829,2750.0,6,0,1,0,0.0,0
0.0095,44,0,0.2752,,9,0,4,0,1.0,0
0.4611,56,0,0.4966,4894.0,5,0,4,0,0.0,1
0.0535,55,0,0.7143,2993.0,11,0,0,0,0.0,0
0.4647,47,0,0.5251,,9,0,1,0,1.0,0
2.6783,60,0,0.7591,5705.0,9,0,0,0,2.0,0
1.6033,73,0,0.5925,6265.0,9,0,1,0,,0
0.5435,65,0,0.8279,1677.0,4,0,0,0,1.0,0
0.0186,50,0,0.8303,5794.0,13,0,2,0,1.0,0
1.6714,77,0,0.7532,28628.0,9,0,0,0,0.0,0
0.4203,59,0,0.6867,,5,0,1,0,0.0,0
0.2798,37,0,0.4927,10893.0,6,0,1,0,2.0,0
0.4237,53,0,0.9478,,7,0,1,0,1.0,0
0.6602,49,0,0.702,12577.0,15,0,2,0,0.0,0
0.2744,44,0,0.3537,9664.0,11,0,0,0,1.0,0
0.5813,56,0,0.085,8513.0,8,0,0,0,0.0,0
3.6211,26,0,0.6021,3273.0,3,0,0,0,0.0,0
0.7014,74,0,0.1906,11825.0,12,0,1,0,2.0,0
0.0598,61,0,0.3961,10118.0,12,0,1,0,0.0,0
0.6892,26,0,0.2776,8463.0,10,0,0,0,2.0,0
0.095,60,0,0.4708,3648.0,10,0,0,0,,0
0.1004,58,0,0.6107,5458.0,10,0,1,0,0.0,0
0.2025,73,0,0.326,,13,0,3,0,4.0,0
0.2626,76,0,0.4217,7361.0,4,0,0,0,1.0,0
0.1552,78,0,0.1959,5729.0,9,0,1,0,0.0,0
0.7824,48,0,0.5497,9850.0,11,0,2,0,2.0,0
0.3721,60,0,0.4254,7820.0,9,0,3,0,1.0,0
0.469,45,0,0.7114,,9,0,1,0,,0
0.7662,66,0,0.2446,20221.0,9,0,2,0,1.0,0
2.1759,22,0,0.7522,6220.0,6,0,2,0,2.0,0
3.7886,34,0,0.7418,6886.0,8,0,0,0,2.0,0
0.4403,46,0,0.5359,7862.0,12,0,2,0,1.0,0
0.2861,51,0,0.2421,2617.0,8,0,0,0,0.0,0
0.4842,54,0,0.8075,4492.0,10,0,2,0,1.0,0
0.2361,70,0,0.5549,23606.0,8,0,1,0,1.0,0
0.4706,43,0,0.5852,4261.0,7,0,2,0,2.0,1
0.0864,34,0,0.6064,5429.0,10,0,1,0,0.0,0
0.3709,47,0,0.7534,5283.0,6,0,0,0,0.0,0
0.1848,44,0,0.6611,9240.0,7,0,1,0,1.0,0
0.6479,60,3,0.8816,1897.0,7,0,1,0,3.0,0
0.4638,73,0,0.6246,6347.0,12,0,1,0,0.0,0
3.3114,72,0,0.6887,5424.0,7,0,1,0,2.0,0
0.3562,67,0,0.2914,,7,0,1,0,0.0,0
0.7606,44,1,0.222,4591.0,6,0,2,0,1.0,0
0.344,50,0,0.655,2181.0,9,0,1,0,1.0,0
0.589,58,0,0.3882,9626.0,4,0,0,0,1.0,0
0.2956,41,0,0.7203,5757.0,13,0,0,0,1.0,0
1.2318,43,0,0.7176,,8,0,3,0,1.0,0
0.6213,57,0,0.8357,6097.0,13,0,1,0,1.0,0
0.1282,33,0,0.5831,2660.0,13,0,3,0,1.0,0
2.0591,67,1,0.1858,,9,0,4,0,0.0,0
0.4373,46,0,0.2065,12729.0,11,0,1,0,0.0,0
0.2961,60,0,0.4239,4379.0,7,0,0,0,0.0,0
0.3178,55,0,0.6242,2912.0,6,0,1,0,0.0,0
0.3265,70,0,0.1591,13368.0,6,0,0,0,0.0,0
0.2572,22,0,0.3395,,7,0,0,0,0.0,0
0.1449,70,0,0.2392,3329.0,10,0,0,0,0.0,0
0.0465,69,0,0.1567,3965.0,4,0,1,0,0.0,0
1.5215,56,3,1.3177,6721.0,8,0,1,0,0.0,0
0.3194,59,0,0.2401,8932.0,10,0,0,0,3.0,0
4.029,60,0,0.0283,,8,0,2,0,1.0,0
0.5721,39,0,0.5934,9200.0,7,0,2,0,1.0,0
0.6079,53,0,0.4623,,9,0,0,0,2.0,0
0.2015,64,0,0.8386,,5,0,0,0,1.0,0
0.4235,27,0,0.4438,10884.0,5,0,1,0,0.0,0
0.6469,59,0,0.4382,,13,0,2,0,0.0,0
0.423,53,0,0.6429,7953.0,9,0,0,0,2.0,0
0.4374,61,0,0.301,,12,0,1,0,1.0,0
0.0854,34,0,0.3349,8586.0,16,0,1,0,0.0,0
0.5425,42,0,0.1901,3906.0,7,0,1,0,1.0,0
0.3681,32,0,0.3977,14447.0,9,0,0,0,0.0,0
1.9657,32,0,0.4018,7333.0,8,0,2,0,0.0,0
0.1741,64,0,0.5011,3583.0,6,0,0,0,1.0,0
0.4166,44,0,0.9229,2831.0,5,0,1,0,0.0,0
1.0743,43,0,0.7702,3493.0,10,0,0,0,1.0,0
0.7768,67,0,0.2027,,4,0,0,0,1.0,0
0.2192,47,0,0.6793,6343.0,6,0,1,0,,0
3.1395,65,0,0.3186,2802.0,12,0,1,0,1.0,0
0.1519,37,0,0.3926,,9,0,1,0,0.0,0
0.8235,47,0,0.3278,3929.0,8,0,1,0,0.0,0
0.39,39,0,0.6881,9391.0,8,0,2,0,1.0,0
0.0998,60,0,0.6411,2457.0,7,0,2,0,,0
0.5529,49,0,0.2275,16259.0,12,0,0,0,0.0,0
0.4578,62,0,0.2915,3794.0,8,0,0,0,0.0,0
0.3167,54,0,0.3373,3297.0,6,0,2,0,0.0,0
0.3108,25,0,0.6713,,5,0,1,0,0.0,0
1.5666,48,0,0.7761,8761.0,4,0,0,0,1.0,0
0.3366,31,0,0.5985,1799.0,8,0,1,0,0.0,0
0.3571,57,0,0.328,12458.0,10,0,2,2,1.0,0
0.6345,60,0,0.387,9786.0,11,0,2,0,0.0,0
0.0677,61,0,0.2366,5722.0,10,0,1,0,0.0,0
0.5148,50,0,0.5249,,8,0,0,0,1.0,0
0.6925,29,0,0.2758,,9,0,1,0,1.0,0
0.5598,55,0,0.9085,4773.0,9,0,1,0,0.0,0
0.2081,58,1,0.7356,7542.0,12,0,1,0,2.0,0
0.6433,49,0,0.3181,8051.0,6,0,1,0,3.0,0
0.0265,53,0,0.6386,8414.0,8,0,0,0,1.0,0
0.3012,26,0,0.3553,2542.0,10,0,0,0,0.0,0
0.1324,53,0,0.6137,,9,0,1,0,1.0,0
0.2267,50,0,0.3679,,5,0,1,0,0.0,0
0.1211,35,0,0.7988,3487.0,14,0,2,0,1.0,0
0.564,59,0,0.2377,,13,0,1,0,0.0,0
0.732,45,0,0.3483,4014.0,7,0,1,0,1.0,0
0.4658,55,0,0.6513,,15,0,1,0,1.0,0
0.3116,59,0,0.1319,3535.0,7,0,0,0,1.0,0
1.2186,57,0,0.7302,9345.0,5,0,0,0,0.0,0
0.4491,33,0,0.0475,1614.0,12,0,1,0,0.0,1
0.6936,47,0,0.4032,,6,0,1,0,2.0,0
0.4073,82,0,0.6917,12709.0,10,0,1,0,0.0,0
0.3466,72,0,0.6669,16186.0,12,0,0,0,,0
0.201,64,0,0.4491,6035.0,8,0,4,0,1.0,0
0.4289,56,0,0.5014,5476.0,4,0,1,0,1.0,0
0.6979,38,0,0.4885,12002.0,13,0,1,0,,0
0.1473,50,0,0.5443,,11,0,1,0,0.0,0
0.45,46,0,0.191,34347.0,9,0,1,0,1.0,0
0.4158,51,0,0.3452,11895.0,6,0,1,0,0.0,0
2.978,32,0,0.199,6945.0,5,0,0,0,1.0,0
0.2762,65,0,0.2771,,8,0,0,0,0.0,0
0.2928,21,0,0.5334,,8,0,0,0,2.0,0
8.9163,64,0,0.8789,,14,0,1,0,1.0,1
0.3591,64,0,0.1978,2814.0,5,0,1,0,0.0,0
0.8619,85,0,0.5774,5095.0,6,0,1,0,0.0,0
0.1368,49,0,1.0876,6879.0,7,0,0,0,1.0,0
0.1652,45,0,0.5535,4540.0,6,0,0,0,1.0,0
0.2768,54,0,0.6703,6498.0,5,0,1,0,0.0,0
0.6629,60,0,0.8705,4600.0,4,0,0,0,0.0,1
0.2608,51,0,0.7743,,10,0,0,0,2.0,0
0.2052,35,0,0.674,13034.0,12,0,2,0,0.0,0
0.0009,60,0,0.8833,16252.0,12,0,2,0,3.0,0
0.7481,52,0,0.3,3866.0,7,0,0,0,0.0,0
0.9315,38,0,0.8202,7791.0,8,0,0,0,2.0,0
0.209,29,0,0.65,5302.0,6,0,1,0,,0
0.5311,87,0,0.5863,4275.0,2,0,1,0,0.0,0
0.2587,64,0,0.3478,2657.0,9,0,1,0,2.0,0
0.3846,60,0,0.6253,6325.0,4,0,0,0,0.0,0
0.2553,50,0,0.6112,3708.0,12,0,0,0,0.0,0
2.6525,62,0,0.5323,10312.0,5,0,2,0,2.0,0
1.9776,37,0,0.5841,11036.0,9,0,0,0,1.0,0
0.7515,55,0,0.0652,5166.0,7,0,0,0,0.0,0
0.4657,55,0,0.7713,6665.0,14,0,1,0,0.0,0
5.0071,38,0,0.2306,,8,0,4,0,1.0,0
0.2597,51,0,0.6931,11818.0,10,0,2,0,1.0,0
0.0163,46,0,0.9731,8538.0,9,0,0,0,0.0,0
0.5438,41,0,0.4222,16792.0,5,0,1,0,1.0,0
0.6395,44,0,0.4449,4692.0,12,0,0,0,0.0,0
0.0474,28,0,0.1073,2294.0,6,0,2,0,2.0,0
0.1515,67,0,0.1093,2451.0,9,0,0,0,,0
0.4891,74,0,0.1646,8363.0,5,0,1,0,1.0,0
3.0039,39,0,0.1941,2067.0,5,0,2,0,0.0,0
0.0746,68,0,0.4297,14348.0,8,0,1,0,0.0,0
0.5405,52,0,0.5661,1272.0,7,0,1,0,0.0,0
3.495,52,0,0.3124,4134.0,10,0,2,0,3.0,0
0.5276,34,0,0.3672,3896.0,6,0,0,0,3.0,0
0.1832,44,0,0.411,2141.0,11,0,0,0,0.0,0
0.0964,59,0,0.5108,,7,0,0,0,0.0,0
0.0183,38,0,0.2679,4882.0,7,0,1,0,1.0,0
0.8358,42,0,0.7952,3185.0,9,0,0,0,0.0,0
0.8782,45,0,0.7905,10828.0,8,0,0,0,0.0,0
0.2688,21,0,0.6245,8417.0,7,0,2,0,0.0,0
0.428,57,0,0.7399,3335.0,4,0,0,0,1.0,1
1.4957,61,0,0.5791,8327.0,8,0,0,0,0.0,0
0.3089,57,0,0.5082,6163.0,7,0,0,0,2.0,0
0.3987,65,0,0.3664,3763.0,6,0,1,0,0.0,0
1.3326,46,0,0.4124,12397.0,7,0,0,0,2.0,0
1.1071,77,0,0.3014,7761.0,9,0,1,0,0.0,0
0.3108,40,0,0.0392,1397.0,11,0,0,0,0.0,0
0.1727,49,0,0.5824,752.0,5,0,1,0,1.0,0
0.7319,47,0,0.341,12106.0,9,0,2,0,0.0,0
0.3368,55,0,1.2406,2412.0,8,0,1,0,1.0,0
0.5619,49,0,1.0212,5278.0,6,0,0,0,1.0,0
0.117,51,0,0.366,5202.0,8,0,2,0,0.0,0
0.0104,43,0,0.4141,13706.0,5,0,2,0,1.0,0
0.492,46,0,0.4184,12700.0,12,0,0,0,0.0,0
0.18,21,0,0.6123,3723.0,10,0,0,0,5.0,0
0.2019,63,0,0.5664,,5,0,3,0,1.0,0
0.2432,38,0,0.3975,,5,0,4,0,0.0,0
2.1013,45,0,0.4051,3856.0,9,0,2,0,0.0,0
0.0215,37,0,0.8509,5083.0,9,0,0,0,1.0,0
0.2847,60,0,1.0804,3884.0,7,0,1,0,3.0,0
0.7035,44,0,0.567,4309.0,7,0,0,0,1.0,0
0.3879,21,0,0.1978,9693.0,8,0,0,0,1.0,0
0.5197,56,0,0.2821,5299.0,7,0,1,0,3.0,0
0.1268,42,0,0.4881,,5,0,1,0,1.0,0
0.5285,52,0,0.3474,,9,0,2,0,0.0,0
9.1646,64,0,0.6266,8159.0,10,0,2,0,1.0,0
1.0607,38,3,0.9572,,7,0,2,1,1.0,0
0.1638,51,0,1.4499,8030.0,12,0,1,0,0.0,0
0.4901,41,3,0.0411,3437.0,11,0,2,0,0.0,0
0.0048,66,1,0.1532,,2,0,1,1,0.0,0
0.4676,53,0,0.1135,5977.0,6,0,0,0,0.0,0
0.3711,52,0,0.6865,5297.0,9,0,2,0,0.0,0
0.5305,35,0,0.2472,4455.0,13,0,1,0,0.0,0
1.3272,63,0,0.334,7755.0,10,0,1,0,0.0,0
0.1332,64,0,0.5298,,5,0,1,0,0.0,0
0.5043,41,0,0.2602,3578.0,10,0,0,0,1.0,0
1.2196,54,0,0.5231,12915.0,7,0,2,0,0.0,0
0.2068,60,0,0.6267,5050.0,4,0,1,0,0.0,0
1.0812,83,0,0.6907,5457.0,3,0,1,0,1.0,0
0.0279,57,0,0.6937,,6,0,0,0,2.0,0
0.046,52,2,0.8179,1154.0,8,0,0,0,0.0,0
0.3099,50,0,0.0422,6591.0,9,0,1,0,1.0,0
0.2055,51,0,0.5418,,8,0,3,0,0.0,0
0.274,63,0,0.4189,10301.0,9,0,0,0,1.0,0
0.5296,40,0,0.6003,8746.0,7,0,1,0,1.0,0
1.0945,65,0,0.4365,7407.0,11,0,0,0,5.0,0
0.8042,30,0,0.7959,8159.0,9,0,2,0,0.0,0
0.1542,61,0,0.8564,,5,0,5,0,0.0,1
0.0664,65,0,0.36,3209.0,10,0,0,0,1.0,0
0.0565,63,0,0.1915,32306.0,9,0,2,0,0.0,0
0.3964,56,0,0.3275,8115.0,14,0,1,0,0.0,0
0.2078,58,0,0.4347,,10,0,2,0,0.0,0
12.2729,46,0,0.4775,16049.0,5,0,2,0,0.0,0
0.0812,36,0,0.2211,9091.0,3,0,2,0,0.0,0
1.1125,55,0,0.5082,5426.0,8,0,0,0,1.0,0
9.4551,53,0,0.8772,5384.0,10,0,2,0,,0
0.6073,65,0,0.2718,14348.0,7,0,1,0,0.0,0
0.2735,50,1,0.3196,,6,0,0,0,2.0,0
0.1364,54,0,0.3597,8121.0,5,0,0,0,1.0,0
0.4644,56,0,0.1003,9837.0,7,0,2,0,0.0,0
0.1313,60,0,0.6713,4364.0,6,0,1,0,1.0,0
0.5184,65,0,0.4156,,7,0,3,0,2.0,0
0.1548,39,0,0.1325,2047.0,7,0,0,0,2.0,0
0.2973,62,0,0.4247,8552.0,14,0,1,0,2.0,0
0.1124,49,0,0.5448,8638.0,5,0,0,0,1.0,0
0.2444,61,0,0.9119,6229.0,9,0,2,0,2.0,0
0.2396,73,0,0.0808,,4,0,0,0,0.0,0
0.889,22,0,0.1833,,6,0,0,0,1.0,0
0.2928,69,0,0.5385,,8,0,3,0,1.0,0
0.097,50,0,0.2062,17869.0,5,0,2,0,2.0,0
0.3338,40,0,0.2674,2337.0,7,0,0,0,0.0,0
0.0076,46,0,0.6767,,5,0,0,0,1.0,0
0.0382,38,0,0.1663,3066.0,7,0,1,0,0.0,0
0.6571,59,0,0.7705,6171.0,8,0,2,0,1.0,0
0.148,38,0,1.0297,4648.0,7,0,1,0,1.0,0
0.1378,69,0,0.7579,4893.0,6,0,2,0,1.0,0
0.0531,62,0,0.8439,8975.0,11,0,1,0,0.0,0
0.68,55,0,0.2478,,10,0,1,0,0.0,0
0.0318,23,0,0.1385,4311.0,8,0,0,0,0.0,0
0.9289,33,2,0.3768,8588.0,7,0,1,0,2.0,0
0.4322,51,0,0.2806,7087.0,13,0,0,0,1.0,0
1.0331,52,0,0.2904,,5,0,1,0,1.0,0
0.073,65,2,0.4216,4203.0,8,0,2,0,1.0,0
0.6166,21,0,0.5896,2362.0,13,0,2,0,0.0,1
0.2568,41,0,0.6159,5359.0,5,0,0,0,0.0,0
2.1058,64,0,0.447,,8,0,1,0,0.0,0
0.1588,47,0,0.4055,,4,0,1,0,0.0,0
0.1885,45,0,0.6802,3530.0,7,0,3,0,1.0,0
0.3662,29,0,0.6019,3767.0,8,0,0,0,1.0,0
0.8414,67,1,0.9419,5754.0,8,0,0,1,1.0,0
0.3552,45,0,0.4965,16283.0,9,0,2,0,0.0,0
0.361,67,0,0.4911,6966.0,6,0,1,0,0.0,0
0.3748,73,2,0.1437,3320.0,11,0,0,0,1.0,0
1.0788,70,0,0.2454,3937.0,10,0,1,0,1.0,1
0.1903,52,3,0.3723,9878.0,11,0,1,0,0.0,0
0.1041,45,0,0.155,7402.0,11,0,1,0,2.0,0
0.3193,44,0,0.4598,7711.0,9,0,0,0,0.0,0
2.9641,80,0,0.2952,6978.0,5,0,2,0,1.0,0
0.4633,49,0,0.2402,7384.0,5,0,1,0,0.0,0
2.5067,67,0,0.424,2486.0,12,0,0,0,1.0,0
0.2938,59,0,0.6066,2847.0,9,0,1,0,1.0,0
0.3145,46,0,0.4356,9243.0,9,0,0,0,0.0,0
3.943,48,0,0.4287,2156.0,7,0,1,0,0.0,0
0.0372,69,0,0.1215,4710.0,7,0,0,0,2.0,0
0.2762,52,0,0.6058,3836.0,7,0,1,0,2.0,0
0.422,46,0,0.7917,11949.0,8,0,0,0,1.0,0
0.4171,41,0,0.1459,2632.0,7,0,1,0,2.0,0
0.1847,56,0,0.5316,11594.0,6,0,0,0,0.0,0
1.0175,45,0,0.5825,4306.0,8,0,1,0,1.0,0
0.4639,60,0,0.5555,4095.0,7,0,1,0,0.0,0
0.2863,88,0,0.4633,,9,0,2,0,0.0,0
0.5368,59,0,0.4663,8182.0,10,0,0,0,2.0,0
5.1247,77,0,0.4908,,7,0,0,0,0.0,1
0.8467,42,0,0.1287,,6,0,2,0,1.0,0
0.5402,62,0,0.7663,4620.0,9,0,0,0,1.0,0
0.3057,70,0,0.2896,5044.0,10,0,1,0,1.0,0
0.6142,71,0,0.478,,9,0,1,0,0.0,0
0.7662,70,0,0.5242,,8,0,2,0,0.0,0
0.7815,52,0,0.7465,6378.0,10,0,2,0,1.0,0
0.6532,64,0,0.8533,9533.0,10,0,1,0,1.0,0
0.2523,38,0,1.0924,,10,0,1,0,1.0,0
0.1352,74,0,0.4879,,9,0,0,0,0.0,0
0.3889,39,0,0.6255,,7,0,0,0,1.0,0
0.0112,70,0,0.7082,17165.0,10,0,1,0,2.0,0
0.3098,67,0,0.7822,2686.0,7,0,0,0,1.0,0
0.3807,67,0,0.6076,6985.0,9,0,0,0,0.0,0
0.5913,81,0,0.0103,8509.0,12,0,0,0,,0
0.505,67,0,0.3185,3900.0,10,0,0,0,0.0,0
0.1676,33,0,0.4807,1391.0,5,0,0,0,0.0,0
0.2833,60,0,0.7285,6670.0,10,0,0,0,3.0,0
0.3829,26,0,0.5562,,16,0,2,0,1.0,0
0.3313,51,0,0.2635,2278.0,5,0,1,0,1.0,0
0.7216,46,0,0.6307,8259.0,10,0,2,0,0.0,0
1.082,61,0,0.1955,,7,0,0,0,1.0,0
0.5208,40,0,0.1299,,12,0,0,0,0.0,0
0.3825,41,0,0.3662,6740.0,6,0,5,0,0.0,0
0.4112,59,0,0.4159,,8,0,1,0,0.0,0
0.1302,68,0,0.1465,2579.0,8,0,1,0,0.0,0
0.9289,52,0,0.443,6193.0,9,0,3,0,4.0,0
0.2504,85,0,0.2547,11360.0,6,0,0,0,1.0,0
0.0446,47,0,0.4804,8472.0,9,0,1,0,1.0,0
0.4107,62,0,0.6191,6282.0,12,0,1,0,0.0,0
1.8731,57,0,0.0186,6905.0,5,0,2,0,2.0,0
0.6476,47,0,0.3508,9155.0,11,0,1,0,0.0,0
0.7451,70,0,0.2604,11112.0,7,0,2,0,1.0,0
0.604,40,0,0.3042,8235.0,5,0,3,0,0.0,0
0.4707,23,0,0.4874,6806.0,7,0,2,0,0.0,0
0.2986,50,0,0.1708,9201.0,8,0,1,0,,1
0.7928,48,0,0.0713,4606.0,3,0,0,0,,0
0.1165,67,0,0.8581,,5,0,1,0,0.0,0
0.3267,35,0,0.5384,,8,0,2,0,1.0,0
0.2474,59,1,0.2553,6380.0,6,0,0,0,0.0,0
0.3056,58,1,0.9619,8726.0,5,0,3,0,0.0,0
0.2388,57,0,0.4284,2289.0,10,0,2,0,1.0,0
0.0647,67,0,0.5369,15730.0,8,0,2,0,3.0,0
0.1164,52,0,0.2872,6054.0,7,0,0,0,0.0,0
0.0765,53,0,0.4051,9500.0,6,0,1,0,0.0,0
0.1625,58,0,0.1068,6584.0,7,0,0,0,3.0,0
0.5782,51,0,0.4645,,5,0,1,0,1.0,0
0.1071,33,0,0.2201,1820.0,6,0,0,0,0.0,0
0.4812,46,0,0.4931,,9,0,0,0,0.0,0
0.0714,48,0,0.8386,4298.0,8,0,0,0,2.0,0
0.4018,44,0,0.5768,,9,0,0,0,3.0,0
0.6795,48,0,0.7566,1425.0,11,0,1,1,3.0,0
0.2733,55,0,0.55,2305.0,11,0,0,0,1.0,0
1.6341,48,0,0.063,7631.0,6,0,2,0,0.0,0
0.1474,64,0,0.5662,5882.0,7,0,1,0,2.0,0
0.4666,64,0,0.0843,,6,0,2,0,2.0,0
0.4946,21,0,0.6797,4993.0,6,0,1,0,0.0,0
0.2304,32,0,0.7057,4833.0,11,0,1,0,2.0,0
0.9486,21,0,0.0984,6105.0,12,0,0,0,2.0,1
0.6185,48,0,0.3681,4577.0,4,0,2,0,0.0,0
0.1924,47,0,0.8203,2134.0,6,0,2,0,3.0,0
0.5395,54,0,0.3581,,6,0,0,0,2.0,0
0.7312,64,0,0.7354,,7,0,0,0,0.0,1
0.7947,51,0,0.8584,,4,0,1,0,0.0,0
0.4663,44,0,0.2284,,11,0,1,0,1.0,0
0.0725,52,0,0.5736,4503.0,7,0,2,0,1.0,0
0.8221,45,0,0.3894,7143.0,8,0,0,0,0.0,0
0.1581,31,0,0.1139,,10,0,1,0,2.0,0
0.0384,65,0,0.6476,2440.0,14,0,0,0,1.0,0
0.3838,58,0,0.4534,9872.0,5,0,0,0,0.0,0
0.4232,72,0,0.6389,6068.0,5,0,2,0,3.0,0
0.4731,35,0,0.3633,3729.0,8,0,1,0,2.0,0
0.1264,29,1,0.1527,3669.0,3,0,1,1,1.0,0
0.1026,39,0,0.2532,,4,0,1,0,0.0,0
0.7496,58,0,0.0941,5879.0,6,0,1,0,1.0,0
0.2614,64,0,0.6163,3596.0,11,0,0,0,2.0,0
0.1963,56,0,0.5553,3934.0,11,0,0,0,0.0,0
0.5919,54,0,0.6126,,9,0,1,0,0.0,0
0.269,64,1,0.1544,,4,0,0,0,2.0,0
0.2472,46,0,0.6711,4467.0,9,0,1,0,2.0,0
0.1936,67,0,0.3555,11144.0,7,0,2,0,3.0,0
0.0462,80,0,0.578,,13,0,1,0,2.0,0
0.0547,37,0,0.2392,4583.0,10,0,0,0,1.0,0
0.334,48,0,0.577,5338.0,7,0,0,0,,0
1.0331,33,0,0.0496,,5,0,1,0,0.0,0
1.6564,38,0,0.4627,4780.0,9,0,1,0,2.0,1
0.3484,57,0,0.1711,5185.0,3,0,0,0,1.0,0
0.0042,28,0,0.3036,,5,0,1,0,1.0,0
3.9442,41,0,1.0512,6351.0,9,0,0,0,0.0,0
0.4783,67,0,0.4584,4908.0,9,0,0,0,0.0,1
0.2665,55,0,0.4566,2374.0,15,0,1,0,1.0,0
0.4688,63,0,0.4851,3457.0,7,0,2,0,1.0,0
0.6809,34,0,0.4992,2799.0,4,0,1,0,,1
0.3333,53,0,0.0971,3370.0,2,0,0,0,0.0,0
0.5476,78,0,0.46,,6,0,0,0,1.0,0
0.1653,43,0,0.682,6384.0,9,0,3,0,0.0,0
0.2238,45,0,1.1176,8931.0,6,0,1,0,2.0,0
0.4782,60,0,0.266,11343.0,10,0,1,0,0.0,0
0.0533,39,0,0.2679,6076.0,4,0,0,0,0.0,0
0.409,62,2,0.7449,6282.0,8,0,5,3,1.0,0
0.4626,27,1,0.5249,9686.0,7,0,0,0,1.0,0
0.2677,21,0,0.6149,10679.0,14,0,1,0,0.0,0
0.4166,56,0,0.5759,,4,0,0,0,1.0,0
0.267,38,0,0.4866,,12,0,1,0,0.0,0
0.2165,44,0,0.0644,,4,0,0,0,0.0,0
0.1877,64,0,0.0895,8988.0,13,0,0,0,0.0,0
0.7813,61,0,0.3196,,7,0,0,0,0.0,0
0.4375,35,0,0.4697,4798.0,8,0,0,0,0.0,0
0.5535,59,0,0.1149,7180.0,8,0,1,0,1.0,0
0.6973,48,0,0.213,2264.0,8,0,0,0,2.0,0
0.0136,58,0,0.3294,,13,0,0,0,1.0,0
0.2856,52,0,0.7437,4941.0,5,0,3,0,3.0,0
0.6512,31,0,0.2626,10530.0,10,0,1,0,0.0,0
0.3614,42,0,0.9355,,9,0,0,0,1.0,0
0.3981,21,0,0.4927,6629.0,18,0,3,0,1.0,0
1.0983,55,0,0.6794,4977.0,5,0,1,0,0.0,1
0.4391,58,0,0.5852,6678.0,14,0,1,0,0.0,0
0.2913,42,0,0.3405,1815.0,10,0,2,1,,0
0.2521,50,0,0.7879,6742.0,9,0,0,0,1.0,0
4.0203,38,3,0.8245,4306.0,11,2,1,0,1.0,0
0.9265,70,0,0.5368,7466.0,5,0,0,0,2.0,0
0.0345,34,0,0.5634,7190.0,8,0,1,0,0.0,0
0.8152,48,0,0.0728,,8,0,0,0,0.0,0
1.6647,34,0,0.3891,,7,0,3,0,0.0,0
0.0398,55,0,0.1919,7111.0,10,0,0,0,1.0,0
0.3536,67,0,0.0464,7532.0,11,0,1,0,2.0,0
0.4899,23,0,0.2984,,7,0,2,0,0.0,0
2.7152,61,0,0.4633,3620.0,7,0,1,0,1.0,1
0.0292,75,0,0.4833,8379.0,12,0,2,0,1.0,0
0.0594,54,0,0.3754,,8,0,3,0,2.0,0
0.3655,43,0,0.9792,11244.0,11,0,1,0,1.0,0
0.3771,51,0,0.4744,,3,0,1,0,0.0,0
3.5515,44,0,0.8917,4958.0,6,1,0,0,1.0,0
0.6041,80,0,0.3676,,8,0,1,0,1.0,0
0.6155,64,0,0.3453,,8,0,1,0,0.0,0
0.478,65,0,0.3181,5182.0,11,0,0,0,0.0,0
0.353,82,0,0.4923,11122.0,6,0,1,0,1.0,0
0.6803,71,0,0.6923,4372.0,6,0,0,0,4.0,0
0.4039,50,0,0.8578,3461.0,16,0,1,0,3.0,0
0.7334,52,0,0.3043,7428.0,4,0,2,0,1.0,0
0.9964,85,0,0.1146,6071.0,9,0,1,0,0.0,0
0.3856,42,0,0.5071,5059.0,13,0,2,0,1.0,0
0.0089,50,0,0.509,2832.0,4,0,3,0,1.0,0
0.8841,38,0,0.3381,,4,0,2,0,1.0,0
0.0036,27,0,0.5874,6764.0,7,0,1,0,1.0,0
0.1957,40,0,0.9084,7583.0,7,0,2,0,1.0,0
0.8974,40,0,0.9959,9822.0,9,0,2,0,0.0,0
0.3847,43,0,0.1772,2649.0,5,0,1,0,2.0,0
0.7774,61,0,0.1642,8664.0,6,0,1,0,0.0,0
0.303,52,0,0.384,,4,0,3,0,1.0,0
1.0101,66,0,1.0298,4999.0,4,0,1,0,0.0,0
0.3555,54,0,0.1891,,3,0,1,0,1.0,0
0.4193,55,0,0.6262,,6,0,2,0,1.0,0
0.7666,48,0,0.8586,4160.0,7,0,1,0,0.0,1
0.6614,79,0,0.1937,2805.0,7,0,0,0,0.0,0
0.5998,46,0,0.4985,5552.0,8,0,1,0,1.0,0
0.2527,65,0,0.6301,3734.0,7,0,0,0,0.0,0
0.2158,35,0,0.6268,,9,0,1,0,3.0,0
0.7398,49,0,0.621,1156.0,9,0,1,0,3.0,0
0.2062,80,0,0.5443,3254.0,7,0,2,0,1.0,0
0.1784,62,0,0.4175,4513.0,7,0,0,0,2.0,0
0.4439,32,0,0.3526,,6,0,1,0,2.0,0
0.6416,38,0,0.1949,4394.0,8,0,0,0,1.0,0
0.1154,74,0,0.4176,5100.0,8,0,0,0,0.0,0
0.4485,53,0,0.7906,6744.0,6,0,1,0,1.0,0
0.4601,48,2,0.4693,4407.0,6,0,1,0,1.0,0
0.464,41,0,0.2258,12285.0,7,0,2,0,1.0,0
3.2035,48,0,0.7437,6431.0,6,0,1,0,1.0,0
0.3602,72,0,0.4111,9316.0,2,0,0,0,0.0,0
1.2539,42,0,0.9838,3064.0,5,0,1,0,1.0,0
0.332,44,0,0.2465,2790.0,6,0,1,0,1.0,0
0.0162,60,0,0.6493,3201.0,7,0,0,0,0.0,0
0.5791,37,0,0.5751,6500.0,10,0,0,0,1.0,0
0.1465,39,0,0.2731,6857.0,9,0,1,0,1.0,0
0.2009,52,0,0.7134,,8,0,1,0,1.0,0
0.1562,52,0,1.0573,,9,0,1,0,0.0,0
0.7729,41,0,0.0864,10237.0,9,0,1,0,2.0,0
0.417,59,0,0.2808,,8,0,1,0,2.0,0
0.3246,55,0,0.2613,,10,0,1,0,1.0,0
0.3757,24,0,0.4075,4347.0,2,0,2,0,0.0,0
1.0548,63,0,0.0387,3836.0,7,0,4,0,1.0,0
3.0821,44,0,0.9181,,10,0,4,0,2.0,0
0.3397,63,0,0.6187,5679.0,10,0,3,0,0.0,0
0.2753,81,0,0.0737,10796.0,11,0,0,0,0.0,0
0.1087,51,0,0.4097,4284.0,3,0,2,0,1.0,0
0.003,43,0,0.6117,8327.0,6,0,1,0,2.0,0
1.4146,71,0,0.3098,7536.0,6,0,0,0,2.0,0
0.5124,40,0,0.6788,5098.0,10,0,1,0,2.0,0
0.1267,78,0,0.5836,4037.0,8,0,0,0,1.0,0
0.5449,46,0,0.8512,1702.0,11,0,1,0,0.0,0
0.4959,43,0,0.4488,,6,0,2,0,0.0,0
0.0174,85,0,0.6697,6825.0,7,0,0,0,0.0,0
0.3619,57,0,0.9087,3995.0,2,0,1,0,1.0,0
2.3214,75,3,0.6253,6155.0,11,0,0,1,1.0,0
0.3238,52,0,0.2649,4176.0,9,2,1,2,1.0,0
0.2968,51,0,0.5852,,14,0,1,0,0.0,0
0.4634,21,0,0.2123,,6,0,0,0,1.0,0
3.7884,66,2,0.4821,3216.0,6,0,0,0,1.0,0
0.5441,57,0,0.1401,,8,0,2,0,1.0,0
8.5184,50,1,0.4507,3598.0,10,0,3,0,0.0,0
0.0452,60,0,0.3867,6497.0,7,0,1,0,1.0,0
0.0737,53,0,0.7512,2994.0,8,0,3,0,3.0,0
0.7626,39,0,0.836,4028.0,11,0,3,0,0.0,0
0.1716,57,0,0.6406,,6,0,1,0,0.0,0
0.3408,49,0,0.4398,12264.0,7,0,0,0,2.0,0
0.7217,62,0,0.6685,8668.0,6,0,2,0,3.0,0
0.5834,48,0,0.2719,,8,0,1,0,0.0,0
0.1903,45,0,0.0568,2820.0,4,0,1,0,0.0,0
0.1285,44,3,0.275,1534.0,6,2,1,2,0.0,0
0.5031,40,0,0.3826,10470.0,8,0,0,0,2.0,0
0.1636,45,0,0.3959,,7,0,0,0,0.0,0
3.8882,58,0,0.4679,3341.0,11,0,1,0,0.0,0
0.3319,42,0,0.0623,921.0,10,0,3,0,3.0,0
0.8189,36,0,0.422,3811.0,9,0,1,0,1.0,0
0.1291,63,0,0.6639,7195.0,7,0,1,0,0.0,0
0.0037,50,2,0.5671,3215.0,9,0,0,1,1.0,0
0.7735,63,0,0.5346,,6,0,1,0,1.0,0
0.1745,49,0,0.4617,14327.0,11,0,1,0,0.0,0
1.2008,44,0,0.442,,8,0,2,0,1.0,0
0.094,28,0,0.2901,3285.0,10,0,1,0,0.0,0
0.6632,36,0,0.6859,5054.0,10,0,0,0,0.0,0
0.4473,40,0,0.0194,7429.0,8,0,0,0,2.0,0
0.4535,56,0,0.6087,2331.0,12,0,1,0,1.0,0
0.0519,50,0,0.9554,3198.0,13,0,0,0,0.0,0
0.8052,38,0,0.3592,14766.0,11,0,1,0,2.0,0
0.3162,21,0,0.1457,4482.0,8,0,0,0,1.0,0
0.2611,58,0,0.2425,9889.0,11,0,2,0,2.0,0
0.8123,64,0,0.6677,5378.0,10,0,1,0,0.0,0
0.6533,66,0,0.5716,4844.0,12,0,1,0,2.0,0
0.3214,38,3,0.277,3209.0,6,2,1,0,2.0,0
0.1677,66,0,0.6046,5836.0,9,0,0,0,2.0,0
0.1221,60,0,0.2653,6573.0,10,0,1,0,1.0,0
0.6081,60,0,0.1458,3443.0,6,0,3,0,1.0,0
0.7733,43,0,0.697,5722.0,8,0,0,0,0.0,0
0.4935,50,0,0.3907,6910.0,6,0,1,0,1.0,0
0.5469,78,0,0.8266,4884.0,10,0,2,0,1.0,1
0.5993,75,0,0.6823,,7,0,3,0,2.0,0
0.1684,51,0,0.2188,,12,0,0,0,0.0,0
1.2394,55,0,0.682,17755.0,8,0,1,0,1.0,0
0.5619,21,0,0.8405,14738.0,11,0,2,0,2.0,0
11.8367,69,0,0.247,,10,0,1,0,1.0,0
0.3994,62,0,0.6079,4085.0,4,0,0,0,1.0,0
0.5187,57,0,0.9584,,9,0,1,0,0.0,0
1.601,44,0,0.7053,6310.0,5,0,1,0,0.0,0
0.6552,53,0,0.5683,7828.0,8,0,0,0,0.0,0
0.2572,73,0,0.4418,4851.0,12,0,0,0,1.0,0
2.0984,57,0,0.3585,3342.0,8,0,1,0,1.0,0
2.0725,89,0,0.589,17002.0,8,0,1,0,0.0,0
0.2347,63,0,0.3046,4430.0,9,0,2,0,1.0,0
0.9879,39,0,0.6069,12561.0,11,0,0,0,1.0,0
0.3921,46,0,0.8958,2772.0,7,0,0,0,0.0,0
0.3537,42,0,0.3713,5076.0,3,0,1,0,0.0,0
0.2923,64,0,0.4612,4234.0,12,0,1,0,,0
0.9024,68,0,0.2951,2005.0,5,0,2,0,0.0,0
0.3687,76,0,0.4496,4571.0,5,0,1,0,0.0,0
1.012,47,0,0.6761,2878.0,5,0,1,0,1.0,0
0.52,59,0,0.8915,,9,0,2,0,1.0,0
0.3386,70,0,0.176,,6,0,2,0,1.0,0
0.1993,74,0,0.0485,4082.0,10,0,1,0,0.0,0
0.8147,35,0,0.2363,2759.0,8,0,2,0,1.0,0
0.1309,61,0,0.8706,,7,0,1,0,0.0,0
0.2336,35,0,0.201,5163.0,6,0,0,0,0.0,0
0.0401,44,0,0.5059,2832.0,10,0,1,0,0.0,0
0.0726,34,0,0.4528,11648.0,13,0,1,0,0.0,0
0.2969,43,0,0.38,10312.0,11,0,1,0,1.0,0
0.7197,32,0,0.0068,4726.0,8,0,0,0,0.0,0
0.1501,35,0,0.3636,6913.0,6,0,0,0,0.0,0
0.2609,39,0,0.2682,,11,0,1,0,1.0,0
1.6107,56,0,0.2517,5072.0,9,0,2,0,0.0,0
0.5269,52,0,0.8698,4168.0,11,0,0,0,0.0,1
0.2139,29,0,0.685,4967.0,11,0,1,0,0.0,0
0.5601,90,0,0.6806,5387.0,2,0,2,0,3.0,0
0.6756,45,0,0.1461,4981.0,6,0,2,0,0.0,0
3.9336,33,0,0.5214,3736.0,15,0,0,0,2.0,0
0.7241,60,0,0.7352,,8,0,1,0,1.0,0
0.3369,52,0,0.5941,4334.0,5,0,2,0,1.0,0
0.4249,41,0,0.7511,15546.0,10,0,3,0,2.0,0
0.2531,57,0,0.3064,7861.0,8,0,0,0,0.0,0
5.7762,43,0,0.3789,,6,0,3,0,0.0,0
0.3576,48,0,0.5887,3965.0,7,0,0,0,2.0,0
0.0553,73,0,0.7874,,15,0,1,0,1.0,0
2.5538,54,0,0.8055,9477.0,11,0,0,0,1.0,0
0.5234,61,0,0.2286,3804.0,9,0,5,0,0.0,0
0.167,45,0,0.1205,5091.0,6,0,1,0,1.0,0
0.7834,54,0,0.2185,3219.0,3,0,0,0,0.0,0
0.2533,41,0,0.0677,8041.0,8,0,1,0,0.0,0
0.8772,41,0,0.5813,3045.0,2,0,1,0,0.0,0
0.3199,46,2,0.4222,12784.0,6,0,0,3,0.0,0
0.8252,42,1,0.2585,2570.0,4,0,0,0,1.0,0
0.5412,67,0,0.6202,3805.0,9,0,2,0,1.0,0
1.6057,60,0,0.7631,6879.0,5,0,0,0,1.0,0
0.0768,21,0,0.2352,4872.0,11,0,1,0,0.0,0
0.6121,76,0,0.5539,1796.0,3,0,0,0,1.0,1
0.226,61,0,0.6323,2227.0,6,0,0,0,2.0,0
0.0327,68,0,0.363,2189.0,10,0,0,0,2.0,0
0.0742,50,0,0.3605,3852.0,14,0,2,0,1.0,0
0.6152,31,0,1.1786,,4,0,2,0,0.0,0
3.2688,33,0,0.6978,,5,0,2,0,0.0,0
0.2286,76,0,0.0434,5027.0,15,0,0,0,0.0,0
0.684,29,0,0.5109,,5,0,0,0,0.0,0
0.3055,32,0,0.6355,6862.0,4,0,2,0,1.0,0
0.6152,46,1,0.849,5658.0,11,0,0,0,0.0,0
0.7772,33,0,0.0892,10554.0,13,0,2,0,1.0,0
0.9203,59,0,0.4427,13983.0,6,0,0,0,1.0,0
1.4758,61,0,0.9338,5767.0,10,0,1,0,0.0,0
0.4342,58,0,0.3931,10779.0,6,0,0,0,0.0,0
0.0686,43,0,0.5749,3825.0,9,0,1,0,0.0,0
0.282,56,0,0.7256,1688.0,5,0,2,0,3.0,0
0.2659,77,1,1.2236,7716.0,6,0,0,0,2.0,0
0.386,32,0,0.4619,4014.0,7,0,0,0,2.0,0
3.4812,68,0,0.6452,2797.0,15,0,0,0,0.0,0
0.1632,63,0,0.2552,3733.0,7,0,1,0,1.0,0
0.0491,51,0,0.4852,,7,0,1,0,,0
0.1767,54,0,0.3272,5283.0,7,0,2,0,4.0,0
0.3801,57,0,0.288,,4,0,1,0,3.0,0
0.2607,38,0,0.3014,15441.0,10,0,0,0,0.0,0
0.1965,29,0,0.4454,8557.0,7,0,1,0,0.0,0
0.1212,65,0,0.7381,2754.0,9,0,1,0,2.0,0
0.5943,35,0,0.091,5208.0,8,0,1,0,1.0,0
2.8994,37,0,0.3183,4176.0,7,0,2,0,1.0,1
1.0775,45,0,0.5131,9976.0,1,0,2,0,1.0,0
0.5699,56,0,0.2134,2623.0,11,0,1,0,2.0,0
0.5464,45,0,0.6611,,4,0,0,0,0.0,0
3.4907,42,2,0.9714,5578.0,8,0,2,0,1.0,0
1.1177,65,0,0.7619,10754.0,6,0,0,0,1.0,0
0.5947,47,0,0.18,2845.0,10,4,1,0,0.0,0
0.0815,41,0,0.1513,4317.0,4,0,2,0,0.0,0
2.5079,58,0,0.3945,3252.0,5,0,0,0,0.0,0
1.0116,53,0,0.1865,3637.0,7,0,0,0,1.0,0
0.3135,52,0,0.5653,1650.0,5,0,0,0,2.0,0
0.0155,58,0,0.507,4280.0,11,0,0,0,0.0,0
0.318,50,0,1.0702,,5,0,3,0,1.0,0
1.7867,64,0,0.5592,5917.0,10,0,2,0,0.0,0
1.0404,32,0,0.2424,,6,0,4,0,1.0,0
0.111,69,0,0.5849,7498.0,10,0,1,0,4.0,0
0.7234,39,0,0.5499,8242.0,10,0,3,0,0.0,0
1.1644,29,0,0.6256,7463.0,10,0,2,0,2.0,0
0.8953,41,0,0.7091,,9,0,2,0,1.0,1
0.1575,47,0,0.1494,6304.0,10,0,0,0,2.0,0
9.0333,42,0,0.5038,,10,0,1,0,0.0,0
0.5039,38,0,0.4312,8318.0,9,0,1,0,2.0,0
3.9409,66,2,0.628,6492.0,5,0,1,1,0.0,0
0.9106,40,0,0.3986,,10,0,1,0,0.0,0
0.4824,21,0,0.1884,7896.0,3,0,0,0,0.0,0
0.2736,47,0,0.2887,3050.0,3,0,1,0,1.0,0
0.0937,81,0,0.5454,8745.0,7,0,0,0,1.0,0
0.0888,37,0,0.2439,7861.0,7,0,4,0,1.0,0
0.7276,39,0,0.3338,5834.0,12,0,1,0,1.0,0
0.1403,46,0,0.6844,3784.0,8,0,1,0,1.0,0
0.3072,74,0,0.2949,3976.0,8,0,1,0,1.0,0
0.093,47,0,0.2625,2110.0,10,0,0,0,2.0,0
0.4989,38,0,0.2389,5780.0,13,0,5,0,0.0,0
0.3317,57,0,0.2976,,14,0,1,0,1.0,0
0.3648,56,0,0.7789,3657.0,11,0,1,0,2.0,0
0.7757,59,0,0.3309,5240.0,11,0,0,0,2.0,0
0.374,37,0,0.2065,8815.0,7,0,0,0,0.0,0
0.5795,44,0,0.3148,12931.0,14,0,0,0,0.0,0
0.0017,68,0,0.4317,4498.0,9,0,0,0,1.0,0
0.2388,58,0,0.21,6352.0,8,0,2,0,0.0,0
0.0797,63,0,0.8062,8298.0,9,0,2,0,1.0,0
0.4612,51,0,0.4833,5247.0,10,0,0,0,0.0,0
0.3026,67,0,0.725,7669.0,5,0,2,0,1.0,0
0.4989,56,0,0.6156,7324.0,4,0,2,0,0.0,0
0.3694,45,0,0.5923,24209.0,5,0,0,0,2.0,0
0.3226,62,0,0.6859,8342.0,6,0,1,0,0.0,0
0.1079,40,0,0.4092,4246.0,2,0,1,0,2.0,0
0.9698,74,0,0.6861,7863.0,9,0,1,0,1.0,0
0.1303,66,0,0.2382,4777.0,7,0,0,0,0.0,0
2.6932,48,0,0.7825,5364.0,8,0,1,0,0.0,0
0.421,49,0,0.8979,,11,0,0,0,0.0,0
0.0244,54,0,0.1677,8980.0,4,0,2,0,1.0,0
0.1236,50,0,0.9013,,9,0,2,0,2.0,0
1.059,70,0,0.5356,13291.0,6,0,1,0,0.0,0
0.7675,44,0,0.1635,2881.0,9,0,0,0,3.0,0
0.2367,31,0,0.189,4236.0,11,0,3,0,0.0,0
1.7297,48,0,0.1028,12246.0,13,0,4,0,1.0,0
0.0805,63,0,0.2543,4788.0,17,0,0,0,1.0,0
0.2967,66,0,0.245,,9,1,1,0,1.0,0
0.3136,54,0,0.4528,4826.0,8,0,1,0,1.0,0
0.0292,43,0,0.2863,2390.0,9,0,2,0,1.0,0
0.2559,51,0,0.767,3132.0,8,0,0,0,1.0,0
0.7348,43,0,0.6979,5840.0,5,0,0,0,0.0,0
0.6237,21,0,0.3187,,7,0,1,0,2.0,0
0.4311,40,0,0.4799,,6,0,0,0,3.0,0
0.3967,59,0,0.508,4797.0,6,0,1,0,0.0,0
0.6954,48,0,0.3343,9408.0,8,0,0,0,0.0,0
0.2223,48,0,0.4806,1453.0,3,0,0,4,1.0,0
0.7834,67,0,0.5008,6761.0,11,0,0,0,1.0,0
2.5259,39,0,0.9339,6761.0,7,0,0,0,0.0,0
0.1512,40,0,0.5303,6954.0,6,0,1,0,0.0,0
0.8096,57,3,0.3926,,9,0,0,0,0.0,0
0.5148,42,0,0.3208,,10,0,0,0,2.0,0
0.686,42,0,0.4975,7095.0,7,0,2,0,2.0,0
0.5142,74,0,0.9186,2808.0,13,0,0,0,1.0,1
0.1393,37,0,0.5958,3428.0,10,0,2,0,0.0,0
0.0603,42,0,0.4827,4406.0,5,0,0,0,0.0,0
2.1248,58,1,0.3523,5697.0,7,0,1,0,,0
1.0463,51,0,0.0844,4720.0,8,0,2,0,0.0,0
0.3335,33,0,0.7453,7092.0,4,0,1,0,0.0,0
2.9516,77,0,0.5154,4375.0,6,0,1,0,2.0,0
0.3442,41,0,0.4745,,11,0,0,0,0.0,0
0.5429,49,0,0.6654,2153.0,11,0,3,0,0.0,0
0.3431,58,0,0.2277,9635.0,8,0,0,0,0.0,0
0.2155,82,0,0.1905,16535.0,6,0,2,0,1.0,0
0.0222,46,1,0.1221,7753.0,12,2,1,0,1.0,0
0.2473,39,0,0.9574,18571.0,9,0,1,0,0.0,0
0.724,59,0,0.8022,3958.0,8,0,2,0,0.0,0
0.4337,81,0,1.1135,7863.0,5,0,0,0,0.0,0
0.3556,54,0,0.5728,2825.0,2,0,1,0,0.0,0
0.1962,48,2,0.4631,8037.0,8,0,0,1,0.0,0
4.6863,57,0,0.1498,9591.0,6,0,2,0,1.0,0
0.6756,23,0,0.3482,7255.0,13,0,0,0,0.0,0
0.138,43,0,0.5293,7189.0,9,0,1,0,0.0,0
0.2937,26,0,0.2938,9562.0,6,0,1,0,0.0,0
0.3728,47,0,0.3195,4488.0,6,0,1,0,1.0,0
0.3332,45,0,0.1422,3465.0,8,0,3,0,1.0,0
0.0601,21,0,0.717,6573.0,3,0,1,0,1.0,0
0.3839,55,0,0.1894,,7,0,1,0,0.0,0
1.7516,61,0,0.455,7565.0,8,0,0,0,2.0,0
0.8988,49,0,0.3258,7567.0,15,0,2,0,1.0,0
1.6594,31,0,0.392,3409.0,9,0,2,0,3.0,0
0.6129,70,0,0.1209,,12,0,0,0,0.0,0
1.0249,79,0,0.0494,1419.0,6,0,2,0,2.0,1
0.2344,58,0,0.3282,,9,0,0,0,1.0,0
0.863,47,0,0.8991,,7,0,0,0,1.0,1
0.9292,47,0,0.288,7362.0,11,0,0,0,1.0,0
0.3192,58,0,0.223,5276.0,7,0,3,0,0.0,0
0.498,53,0,0.8436,19750.0,11,0,0,0,1.0,0
1.4604,58,0,0.6459,7494.0,10,0,2,0,0.0,0
0.4346,58,0,0.3029,6975.0,8,0,1,0,1.0,0
0.1752,42,0,0.4194,14794.0,5,0,0,0,1.0,0
0.1198,40,0,0.3971,5703.0,9,0,1,0,1.0,0
0.1905,48,0,0.3968,12490.0,6,0,1,0,1.0,0
0.3167,59,0,0.7151,,7,0,0,0,1.0,0
0.2295,30,0,0.5691,2808.0,7,0,0,0,1.0,0
0.4083,49,0,0.5976,7992.0,7,0,1,0,1.0,0
0.5846,51,0,0.5523,7131.0,9,0,1,0,1.0,0
8.3937,45,0,0.0639,3672.0,9,0,0,0,1.0,0
0.6537,72,0,0.5711,20289.0,8,0,2,0,0.0,0
0.2659,69,0,0.4152,,16,0,0,0,0.0,0
0.5839,58,0,0.8369,5363.0,9,0,1,0,3.0,0
0.1826,77,0,0.4425,7362.0,7,0,0,0,1.0,0
0.1712,64,0,0.4599,4061.0,7,0,0,0,1.0,0
1.1565,54,0,0.2783,,1,0,0,0,0.0,0
0.2758,45,1,0.5658,,9,0,0,0,0.0,0
2.064,46,0,0.9137,5089.0,6,0,2,0,1.0,0
0.2196,57,0,0.4367,,7,0,1,0,2.0,0
0.0424,47,0,0.2557,3417.0,4,0,2,0,0.0,0
0.4539,31,0,0.2278,,9,0,1,0,1.0,0
0.2914,47,0,0.8564,7495.0,6,0,1,0,1.0,0
1.0477,66,0,0.4237,,8,0,0,0,1.0,0
0.0689,21,2,0.4209,4944.0,5,0,0,2,2.0,0
0.3157,72,0,0.3839,9269.0,9,0,0,0,1.0,0
0.5595,60,0,0.7787,2785.0,8,0,4,0,3.0,0
0.5378,49,0,0.6403,,10,0,1,0,0.0,0
3.3091,56,1,0.5073,7282.0,6,0,2,0,1.0,0
0.6407,65,0,0.3437,7349.0,10,0,0,0,0.0,0
0.4891,52,1,0.7394,3199.0,8,0,0,2,2.0,0
0.7178,65,0,0.2796,,7,0,1,0,1.0,0
0.3335,64,0,0.9947,12410.0,4,0,2,0,0.0,0
0.2041,54,0,0.3765,6733.0,7,0,1,0,1.0,0
0.0296,36,0,0.4113,,6,0,1,0,1.0,0
0.1475,51,2,0.8714,10588.0,11,0,1,0,0.0,0
0.4409,23,0,0.4672,5207.0,4,0,0,0,1.0,0
0.2704,58,0,0.2546,5772.0,9,0,0,0,2.0,0
0.298,46,2,0.3283,,5,0,0,0,0.0,0
0.2363,43,0,0.1793,8018.0,7,0,0,0,0.0,0
0.0244,61,0,0.9351,10258.0,15,0,0,0,0.0,0
0.7434,34,0,0.404,6318.0,10,0,2,0,0.0,0
0.6176,54,0,0.3929,9679.0,8,0,1,0,0.0,0
0.7816,47,0,0.5162,,13,0,1,0,2.0,0
1.0521,49,0,0.9353,4040.0,9,0,1,0,1.0,0
0.2728,56,0,0.2374,4577.0,14,0,0,0,0.0,0
0.4857,78,0,0.3765,,10,0,2,0,0.0,0
0.5256,58,1,0.7202,,11,0,0,0,2.0,0
1.7098,71,0,0.3086,12923.0,8,0,2,0,0.0,0
0.3942,72,0,1.0367,,6,0,0,0,3.0,0
1.2161,63,0,0.5132,2959.0,5,0,1,0,0.0,0
0.2512,26,0,0.6183,5857.0,9,0,2,0,2.0,0
0.1374,49,0,0.9437,,6,0,0,0,2.0,0
0.0969,37,0,0.591,4010.0,8,0,2,0,1.0,0
1.386,92,0,0.6262,,5,0,1,0,3.0,1
0.398,38,0,0.3662,1756.0,6,0,0,0,2.0,0
0.2136,31,0,0.1168,6789.0,10,0,1,0,0.0,1
0.433,21,0,0.4986,5418.0,10,0,0,0,,0
0.0136,37,0,0.3962,6643.0,6,0,0,0,1.0,0
0.139,54,0,0.5451,10930.0,8,0,1,0,0.0,0
0.0975,67,0,0.3587,8478.0,4,0,1,0,1.0,0
0.0874,37,0,0.8379,8030.0,6,0,0,0,0.0,0
0.6304,68,0,0.4696,,6,0,2,0,1.0,0
0.3245,51,0,0.3663,6722.0,9,0,1,0,0.0,0
0.0598,45,0,0.466,,5,0,0,0,2.0,0
0.7477,54,0,0.4213,7452.0,9,0,1,0,0.0,1
0.0642,72,0,0.7036,6622.0,9,0,3,0,0.0,0
0.4844,53,0,0.2433,5876.0,17,0,0,0,1.0,0
1.2412,36,0,0.2562,5614.0,4,0,0,0,0.0,0
5.3544,58,0,0.5009,17756.0,7,0,2,0,0.0,0
0.6899,58,0,0.385,10386.0,6,0,0,0,1.0,0
0.019,49,0,0.7094,7320.0,7,0,0,0,1.0,0
0.3114,66,0,0.3548,10313.0,7,0,0,0,0.0,0
0.3993,21,0,0.4319,5513.0,8,0,4,0,0.0,0
0.3528,57,0,0.4031,7194.0,12,0,1,0,0.0,0
0.0721,63,0,0.5203,,7,0,1,0,1.0,0
0.0436,32,0,0.1261,9619.0,6,0,4,4,0.0,1
0.0743,31,0,0.0837,,10,0,2,0,2.0,0
0.4486,66,0,0.3001,,12,0,2,0,4.0,0
0.0239,68,0,0.49,5068.0,13,0,1,0,1.0,0
0.1876,71,0,0.6374,3710.0,8,0,1,0,1.0,0
0.1332,42,0,0.3567,1323.0,7,0,1,0,1.0,0
0.0929,55,0,0.5357,3777.0,11,0,0,0,0.0,0
0.7945,57,0,0.3156,,6,0,0,0,0.0,0
0.1231,28,0,0.6425,13116.0,11,0,1,0,2.0,0
0.3019,54,0,0.1576,3951.0,8,0,2,0,,0
0.6958,54,0,0.6417,4358.0,15,0,2,0,1.0,0
0.5978,62,0,0.1567,25029.0,3,0,0,0,0.0,0
6.9623,44,3,0.3054,1251.0,7,0,2,0,0.0,0
0.5071,70,0,0.2373,3624.0,15,0,2,0,,0
0.5854,53,0,0.5912,,6,0,2,0,0.0,1
0.1386,76,0,0.1831,,4,0,2,0,1.0,0
0.2597,62,0,0.2525,8715.0,12,0,1,0,1.0,0
0.3325,56,0,0.4686,6181.0,11,0,3,0,2.0,0
0.8064,35,0,0.9076,,7,0,0,0,0.0,0
0.2163,34,0,0.3504,10606.0,6,0,0,0,1.0,0
0.2053,74,0,0.2375,4220.0,9,0,1,0,2.0,0
0.3778,64,0,0.6393,7840.0,6,0,1,0,0.0,0
0.2964,48,0,0.7871,13078.0,8,0,3,0,1.0,0
0.7206,46,0,0.2062,3313.0,6,0,0,0,0.0,0
0.1809,55,0,0.6444,5136.0,10,0,1,0,0.0,0
0.0246,33,0,0.9249,3912.0,6,0,2,0,1.0,0
0.5038,45,0,0.5032,2285.0,4,0,1,0,0.0,0
0.1103,61,0,0.9035,3899.0,10,0,1,0,0.0,0
0.0737,62,0,0.828,7144.0,7,0,3,0,0.0,0
0.101,47,0,0.336,11483.0,6,0,1,0,2.0,0
0.7916,74,0,0.7481,3730.0,10,0,1,0,0.0,0
0.5248,67,0,0.0359,2381.0,6,0,1,0,0.0,0
0.1361,41,0,0.6299,3217.0,8,0,0,0,2.0,0
0.8079,34,0,0.8789,3670.0,6,0,1,0,0.0,0
3.6779,60,2,0.5967,10529.0,7,0,0,0,0.0,0
0.0652,46,0,0.3249,3512.0,11,0,1,0,2.0,0
0.3412,43,0,0.2543,14343.0,11,0,2,0,0.0,0
0.6211,55,0,0.4833,12068.0,7,0,0,0,1.0,0
0.0181,62,0,0.627,,9,0,2,0,,0
0.3902,63,0,0.6464,6490.0,6,0,1,0,1.0,0
0.1467,53,0,1.0964,3025.0,8,0,2,0,0.0,0
0.7689,21,0,0.8065,4984.0,7,0,0,0,0.0,0
0.1262,65,2,0.1909,,10,1,1,0,0.0,0
0.4372,41,0,0.3195,,7,0,2,0,2.0,0
0.3629,56,0,0.4327,5342.0,14,0,3,0,1.0,0
0.785,50,0,0.2434,5555.0,14,0,5,0,2.0,0
0.1877,83,0,0.4148,6464.0,11,0,0,0,1.0,0
0.2911,81,0,0.3622,7338.0,8,0,0,0,2.0,0
0.6123,46,0,0.2863,2314.0,9,0,1,0,0.0,0
1.0559,33,0,0.7722,3746.0,5,0,1,0,0.0,0
0.6195,34,0,0.6755,8719.0,8,0,1,0,1.0,0
0.4828,56,0,0.2014,,9,0,0,0,0.0,0
0.3655,44,0,0.4012,6348.0,8,0,0,0,0.0,0
0.2746,36,0,1.0354,3554.0,7,0,2,0,0.0,0
0.4995,45,0,0.7819,6637.0,5,0,0,0,1.0,0
0.2727,58,0,0.3792,1994.0,11,0,1,0,3.0,0
0.8117,51,0,0.8922,3037.0,10,0,2,0,1.0,0
9.9617,45,0,0.4575,1982.0,4,0,0,0,0.0,0
0.9693,47,0,0.9774,2721.0,3,0,0,0,2.0,0
0.7469,50,0,0.1295,3289.0,10,0,2,0,0.0,0
0.2538,55,0,0.4793,6631.0,8,0,1,0,0.0,0
0.1849,56,0,0.5594,5588.0,12,0,1,0,1.0,0
0.2286,29,0,0.6564,6265.0,8,0,0,0,1.0,0
0.4185,54,0,0.8279,6597.0,10,0,0,0,1.0,0
1.1021,47,0,0.585,7369.0,8,0,1,0,1.0,0
0.5562,38,0,0.2334,5590.0,7,0,1,0,1.0,0
0.185,47,0,0.2768,,11,0,1,0,1.0,0
0.27,68,0,0.4597,,8,0,3,0,0.0,0
0.3171,63,0,0.207,10899.0,7,0,0,0,0.0,0
0.3113,53,0,0.4093,4219.0,11,0,1,0,1.0,0
0.0531,39,0,0.5603,,7,0,0,0,0.0,0
0.7497,33,0,0.6637,4489.0,3,0,2,0,0.0,0
1.0845,39,0,0.4349,9395.0,6,0,3,0,1.0,0
0.0477,52,0,0.6031,3751.0,11,0,1,0,1.0,0
0.4329,52,0,0.6779,,6,0,1,0,2.0,0
0.5815,43,0,0.6146,6245.0,7,0,0,0,4.0,0
0.4901,64,0,0.3279,1250.0,6,0,1,0,0.0,0
0.4543,57,0,0.586,4448.0,11,0,0,0,1.0,1
0.3306,21,0,0.8169,6107.0,9,0,0,0,0.0,0
0.7755,54,0,0.3111,6472.0,8,0,0,0,0.0,0
0.2614,63,0,0.4692,,6,0,1,0,0.0,0
0.6878,55,0,0.6875,6301.0,8,0,1,0,2.0,0
0.1076,60,0,0.6358,5912.0,8,0,0,0,0.0,0
0.1145,48,0,0.1877,9612.0,9,0,0,0,1.0,0
0.049,51,0,0.8434,4324.0,10,0,1,0,0.0,0
0.6671,51,0,0.386,7302.0,3,0,0,0,1.0,0
0.4601,55,0,0.4264,4115.0,21,0,0,0,1.0,0
0.6517,44,0,0.074,2080.0,11,0,2,0,1.0,1
0.376,67,0,1.021,,8,0,0,0,2.0,0
0.2465,72,0,0.5728,5744.0,6,0,0,0,0.0,0
1.631,45,0,0.3417,2188.0,6,0,0,0,0.0,0
0.3299,36,0,0.3608,3828.0,8,0,0,0,0.0,0
0.5499,33,0,0.317,2612.0,8,0,0,0,0.0,0
0.1426,58,0,0.2654,1557.0,14,0,1,0,1.0,0
0.1091,60,0,0.7828,,16,0,0,0,1.0,0
0.799,58,0,0.8294,1531.0,4,0,0,0,0.0,0
0.9048,59,0,0.6072,5677.0,12,0,0,0,0.0,0
0.6059,44,0,0.1708,12858.0,3,0,1,0,1.0,0
0.4432,24,0,0.3938,6402.0,8,0,1,0,2.0,0
12.2768,45,0,0.3131,8661.0,10,0,0,0,1.0,0
0.0376,75,0,0.4378,27993.0,6,0,1,0,1.0,1
0.1836,56,0,1.2811,,9,0,1,0,1.0,0
1.0827,58,1,0.3601,,5,0,2,1,0.0,0
0.0664,65,0,0.5277,2362.0,13,0,0,0,1.0,0
0.3945,40,0,0.6434,8838.0,7,0,1,0,0.0,0
0.1882,55,0,0.3465,2559.0,6,0,3,0,1.0,0
0.2714,59,0,0.2957,5249.0,6,0,1,0,0.0,0
0.1319,39,0,0.4608,,10,0,2,0,1.0,0
2.7297,57,0,0.85,10982.0,12,0,1,0,0.0,0
0.2037,70,0,0.7636,1237.0,6,0,1,0,1.0,0
0.4758,46,0,1.0747,5469.0,10,0,0,0,0.0,0
0.1646,28,0,0.6846,1117.0,11,0,1,0,0.0,0
0.3339,54,0,0.1488,9960.0,6,0,0,1,0.0,1
0.5515,43,0,0.2354,1040.0,5,0,1,0,0.0,0
0.1023,55,0,0.9495,2876.0,5,0,0,0,1.0,0
0.169,40,0,0.2541,7411.0,14,0,0,0,0.0,0
0.0072,53,0,0.342,8705.0,6,0,1,0,1.0,0
0.299,69,0,0.2939,10550.0,10,0,2,0,3.0,0
0.2994,52,0,0.1668,24575.0,9,0,0,0,0.0,0
0.2403,29,0,0.5994,8695.0,6,0,3,0,2.0,0
0.8864,57,0,0.3395,5782.0,8,0,1,0,1.0,0
0.5319,52,0,0.3366,7656.0,5,0,0,0,0.0,0
0.1874,55,0,0.8826,8644.0,7,0,0,0,0.0,0
0.3706,66,0,0.4125,5355.0,4,0,0,0,1.0,0
0.2357,45,0,0.0761,3063.0,8,0,1,0,1.0,0
0.4397,48,0,0.4702,16707.0,10,0,0,0,0.0,0
1.3045,38,0,0.1233,10490.0,12,0,0,0,0.0,0
0.0769,55,0,0.8875,2672.0,4,0,1,0,0.0,0
0.3958,54,0,0.0376,3316.0,7,0,2,0,1.0,0
4.4129,48,0,0.1801,3311.0,5,0,1,0,,0
0.892,62,3,0.691,20743.0,8,0,1,0,0.0,0
0.151,37,0,0.4456,,10,0,2,0,0.0,0
0.4463,54,0,0.6045,3199.0,10,0,2,0,0.0,0
0.1099,60,1,0.8003,14897.0,10,0,0,0,1.0,0
0.0006,44,3,0.6577,4336.0,9,1,0,0,2.0,0
0.0068,33,0,0.2006,9273.0,14,0,3,0,2.0,0
1.7212,28,0,0.4524,2761.0,6,0,1,0,0.0,0
0.9259,54,0,0.8572,4662.0,6,0,1,0,3.0,0
0.5174,76,0,0.5283,4066.0,6,0,1,0,1.0,1
0.063,43,0,0.3512,1622.0,13,0,0,0,0.0,0
0.1287,58,0,0.2525,9094.0,8,0,1,0,0.0,0
0.2127,21,0,0.134,4454.0,6,0,2,0,1.0,0
0.2204,57,0,0.6061,,5,0,0,0,1.0,0
0.1495,37,0,0.259,4663.0,10,0,1,0,1.0,0
0.0828,46,0,0.3873,,8,0,0,0,1.0,0
0.4969,53,0,0.1288,,5,0,0,0,0.0,0
0.2099,29,0,0.9996,2650.0,7,0,5,0,1.0,0
0.4139,95,0,0.4234,5715.0,9,0,1,0,1.0,0
0.4639,44,0,1.1858,3839.0,9,0,0,0,1.0,0
0.3218,60,0,0.4059,1764.0,8,0,1,0,0.0,0
2.4372,73,0,0.6757,7858.0,6,0,1,0,1.0,0
1.4765,56,0,0.4182,4370.0,8,0,0,0,1.0,0
0.5996,35,1,0.2476,3334.0,5,0,1,0,2.0,0
1.5931,53,0,0.1705,3857.0,9,0,0,0,0.0,1
0.0395,26,0,0.3822,2866.0,7,0,3,0,1.0,0
0.7563,47,0,0.8655,,9,0,0,0,1.0,0
2.9244,75,0,0.4253,11336.0,9,0,1,0,0.0,0
0.3263,32,0,0.6996,6991.0,10,0,0,0,0.0,0
0.4456,40,0,0.9554,3263.0,9,0,0,0,1.0,1
0.6616,78,0,0.2185,4199.0,7,0,2,0,0.0,0
0.5061,50,0,0.2338,4464.0,5,0,1,0,1.0,0
0.3924,39,0,0.5635,11067.0,4,0,1,0,1.0,0
0.2165,57,0,1.0983,,5,0,2,0,2.0,0
0.8217,45,0,0.0635,2296.0,9,0,0,0,1.0,1
0.731,21,0,0.8997,8979.0,9,0,0,0,0.0,0
0.6018,33,0,0.3698,5465.0,4,0,0,0,1.0,0
0.171,81,0,0.1028,9234.0,7,0,1,0,1.0,0
0.497,57,0,0.1757,3330.0,6,0,0,0,0.0,1
0.0857,72,0,0.3306,10962.0,6,0,3,0,0.0,0
1.3538,38,0,0.1754,3749.0,8,0,1,0,1.0,0
0.7829,51,0,0.6627,4664.0,8,0,1,0,0.0,1
0.7713,50,0,0.0291,5895.0,7,0,0,0,1.0,0
0.6641,44,0,0.0509,3309.0,7,0,0,0,1.0,0
0.4364,55,0,0.5066,6295.0,6,0,2,0,0.0,0
0.7527,36,0,0.7669,5682.0,9,0,1,0,1.0,0
0.3757,69,0,0.3644,8068.0,8,0,0,0,1.0,0
0.5171,59,0,0.4468,13564.0,6,0,0,0,1.0,0
0.0228,50,0,0.439,12877.0,8,0,1,0,0.0,0
0.1308,54,0,0.7851,5829.0,12,0,1,0,0.0,0
0.3545,48,0,1.0481,2304.0,5,0,2,0,,0
0.6182,28,0,0.5443,9266.0,8,0,0,0,0.0,0
0.1867,38,0,0.3419,3524.0,10,0,2,0,1.0,0
0.4215,49,1,0.387,,9,3,2,1,1.0,0
0.1979,47,0,0.8232,1933.0,3,0,0,0,1.0,0
0.774,61,0,0.1346,4071.0,12,0,0,0,0.0,0
0.3304,60,0,0.1633,3539.0,10,0,0,0,0.0,0
3.0888,44,3,0.5961,4870.0,6,0,0,1,1.0,0
0.2244,39,0,0.5146,9090.0,11,0,1,0,0.0,0
0.2351,63,0,0.5238,5474.0,11,0,3,0,0.0,0
0.2753,55,0,0.1174,,11,0,3,0,,0
0.093,43,0,0.4062,3194.0,6,0,2,0,1.0,0
0.5606,36,0,0.3325,6269.0,8,0,2,0,1.0,0
0.7868,43,0,0.8263,2040.0,10,0,1,0,0.0,0
1.5332,57,0,0.157,,11,0,1,0,0.0,0
0.0579,76,0,1.0428,8176.0,12,0,0,0,1.0,0
1.0318,49,0,1.0517,,6,0,2,0,0.0,1
0.5604,40,0,0.6034,4656.0,16,0,2,0,0.0,0
0.0614,82,0,0.8968,4576.0,4,0,0,0,4.0,0
0.7615,47,0,0.2511,3829.0,11,0,3,0,0.0,0
0.1441,41,0,0.6475,,6,0,2,0,0.0,0
1.4664,46,0,0.8904,5898.0,5,0,4,0,2.0,0
0.4646,46,0,0.11,1245.0,5,0,3,0,0.0,1
0.4376,70,0,0.3092,3597.0,8,0,0,0,0.0,0
0.7629,29,0,0.5281,751.0,6,0,1,0,1.0,1
1.1634,60,0,0.7329,7336.0,6,0,0,0,2.0,0
0.9283,52,0,0.676,4848.0,7,0,2,0,1.0,0
0.5786,44,0,0.3557,2607.0,10,0,0,0,1.0,0
0.6273,47,0,0.657,6304.0,10,0,0,0,0.0,0
0.2776,48,0,0.3753,6465.0,7,0,0,0,,0
0.8557,53,3,0.5342,,8,0,0,0,1.0,0
0.085,46,0,0.054,3672.0,6,0,0,0,2.0,0
0.1037,51,0,0.6445,7525.0,6,0,3,0,0.0,0
0.0016,41,2,0.4143,6991.0,11,1,3,3,1.0,0
0.5248,83,0,0.1143,5337.0,10,0,1,0,1.0,0
1.3211,66,1,0.5673,,12,1,1,0,1.0,0
0.1914,59,0,0.6197,3797.0,5,0,0,0,1.0,0
0.3589,46,0,0.7312,10061.0,10,0,1,0,1.0,0
0.4136,64,0,0.1803,4351.0,13,0,2,0,1.0,0
0.6409,56,0,0.5159,,9,0,1,0,1.0,0
5.7139,54,0,0.5713,9630.0,13,0,0,0,1.0,0
0.3486,45,0,0.1407,2442.0,6,0,0,0,1.0,0
0.679,56,0,0.2045,3636.0,6,0,3,0,,0
0.6302,76,0,0.0775,2813.0,5,0,1,0,1.0,0
2.4787,53,1,0.946,,12,0,1,0,0.0,0
0.2531,48,0,0.215,3896.0,6,0,2,0,,0
0.5985,53,0,0.4826,,8,0,0,0,0.0,0
0.4226,53,0,0.1732,,8,0,0,0,0.0,0
0.2859,44,0,0.2183,2380.0,6,0,1,0,0.0,0
0.2121,42,0,0.7528,,5,0,1,0,0.0,0
0.7046,63,0,0.9782,9641.0,6,0,2,0,0.0,0
0.5456,69,0,0.1449,10766.0,10,0,1,0,1.0,0
0.0645,84,0,0.259,5429.0,6,0,2,0,1.0,1
0.9581,58,0,0.8581,5066.0,10,0,1,0,0.0,1
0.0086,54,0,0.6104,2564.0,12,0,1,0,0.0,0
0.6509,65,0,0.3806,3076.0,11,0,1,0,1.0,0
3.0682,39,1,0.3667,3162.0,9,0,2,1,1.0,0
0.4314,61,0,0.4405,4939.0,5,0,0,0,0.0,0
0.1548,67,0,0.7535,3205.0,10,1,0,0,2.0,0
0.2337,66,1,0.4849,,15,0,3,1,2.0,0
0.6163,75,0,0.2329,4045.0,14,0,0,0,0.0,0
0.2816,44,0,0.4684,6868.0,10,0,2,0,1.0,0
0.4413,45,0,0.2854,5020.0,10,0,1,0,1.0,0
0.0424,49,0,0.1468,8078.0,6,0,0,0,0.0,0
4.3546,36,1,0.1793,4014.0,6,0,1,0,0.0,0
0.3616,60,0,0.6358,10451.0,6,0,2,0,3.0,0
10.7691,61,0,0.6135,,5,0,0,0,2.0,0
4.8006,60,0,0.1579,2769.0,12,0,1,0,0.0,0
1.3785,54,0,0.149,1936.0,9,0,1,0,0.0,0
0.7338,66,0,0.4381,2121.0,8,0,0,0,1.0,0
0.3607,60,0,0.8008,6814.0,10,0,1,0,0.0,0
0.0802,44,0,0.17,,14,0,1,0,3.0,0
0.3626,21,0,0.6594,3170.0,8,0,1,0,0.0,0
0.0555,47,0,0.1717,3858.0,8,0,0,0,2.0,0
0.2691,53,0,0.0621,,4,0,2,0,0.0,0
0.6971,53,0,0.5665,3673.0,8,0,2,0,2.0,0
0.1098,49,0,0.3456,3481.0,10,0,1,0,2.0,0
0.4379,44,0,0.1349,3109.0,6,0,0,0,0.0,0
0.6635,40,0,0.2391,9121.0,7,0,0,0,1.0,0
0.758,38,0,0.3343,5933.0,10,0,1,0,2.0,0
0.6282,58,0,0.3354,9985.0,2,0,0,0,0.0,0
6.7351,67,0,0.0675,7858.0,3,0,0,0,0.0,0
0.8888,34,0,0.7298,14798.0,10,0,1,0,1.0,0
0.8197,51,0,0.2133,5742.0,8,0,1,0,0.0,0
1.4269,63,0,0.8052,2533.0,7,0,0,0,2.0,0
0.4817,49,0,0.6218,2004.0,7,0,4,0,2.0,0
0.0012,62,0,0.8125,,6,0,1,0,0.0,0
0.1217,67,1,0.1004,4108.0,7,0,1,0,3.0,0
0.8992,58,0,0.7043,6993.0,11,0,0,1,0.0,0
0.1077,45,0,0.4815,2723.0,7,0,0,0,0.0,0
0.2426,70,2,0.1182,1904.0,9,0,0,2,0.0,0
0.4722,48,0,0.0776,,7,0,2,0,1.0,0
0.3326,48,0,0.605,12111.0,10,0,0,0,0.0,0
0.4161,59,0,0.5047,3121.0,5,0,1,0,2.0,0
0.5027,48,0,0.5753,5045.0,5,0,0,0,1.0,0
0.4415,49,1,0.0531,2729.0,4,0,2,0,1.0,0
0.486,47,0,0.8107,1193.0,12,0,0,0,2.0,0
0.3176,49,0,0.1805,14098.0,6,0,3,0,0.0,0
0.6157,55,0,0.0838,,5,0,0,0,0.0,0
0.1081,24,0,0.069,3299.0,9,0,2,0,3.0,0
0.5889,51,0,0.9094,2796.0,3,0,1,0,1.0,0
0.5293,27,0,0.4835,1974.0,11,0,0,0,1.0,0
0.3641,46,0,0.1352,4960.0,4,0,0,0,0.0,0
0.0547,57,0,0.2182,,11,0,4,0,0.0,0
0.4595,47,0,0.2882,3477.0,6,0,0,0,,0
0.1506,62,0,0.2011,5746.0,8,0,0,0,1.0,0
0.225,57,0,0.2998,,11,0,1,0,0.0,0
0.2621,22,0,0.4631,3089.0,6,0,0,0,1.0,0
0.0095,69,0,0.3015,1842.0,7,0,0,0,,0
0.6302,55,0,0.4612,8163.0,12,0,1,0,1.0,0
4.5223,44,1,0.3533,7224.0,5,0,0,2,3.0,0
0.1654,45,0,0.6028,3426.0,6,0,1,0,0.0,0
0.109,23,0,0.5275,14458.0,7,0,2,0,0.0,0
0.6741,55,0,0.6335,,11,0,2,0,1.0,0
0.1325,61,0,0.5137,6743.0,7,0,1,0,0.0,0
0.7481,42,0,0.3879,,6,0,1,0,,0
0.3345,39,0,0.7463,2811.0,11,0,1,0,1.0,0
0.6111,54,0,0.4708,7859.0,9,0,0,0,0.0,0
5.6832,69,0,0.1568,3789.0,14,0,0,0,1.0,0
1.7219,67,1,0.8943,2239.0,11,0,0,0,2.0,0
0.1061,64,0,0.5602,8650.0,9,0,0,0,2.0,0
0.274,80,0,0.3029,11628.0,8,0,2,0,1.0,1
0.1493,65,0,0.5602,7837.0,5,0,1,0,1.0,0
0.4676,68,0,0.2171,,10,0,1,0,1.0,0
0.093,53,0,0.3622,11189.0,8,0,2,0,0.0,0
0.4175,47,4,0.6205,2511.0,12,0,1,1,1.0,0
0.0702,68,0,0.4909,2453.0,8,0,2,0,0.0,0
1.6244,38,0,0.662,2479.0,9,0,1,0,1.0,0
1.2179,58,0,0.5703,4309.0,7,0,1,0,0.0,0
4.8677,43,0,0.7496,12501.0,10,0,1,0,0.0,0
0.4587,57,0,0.8174,3274.0,4,0,0,0,1.0,0
0.2537,56,0,0.4877,9559.0,7,0,1,0,0.0,0
0.2503,54,0,0.5834,4649.0,7,0,2,0,0.0,0
0.0976,52,0,0.2651,,9,1,0,0,0.0,0
0.1112,59,0,0.6477,13283.0,12,0,2,0,2.0,0
0.8955,62,0,0.1953,3795.0,7,0,1,0,0.0,0
0.6918,32,0,0.3818,8798.0,5,0,2,0,1.0,1
0.0106,51,0,0.224,,10,0,0,0,2.0,0
0.4396,46,0,0.4487,5539.0,7,0,2,0,2.0,0
0.3344,55,0,0.1258,5118.0,14,0,2,0,1.0,0
0.0102,46,0,0.2084,7436.0,7,0,0,0,1.0,0
0.661,70,0,0.5961,,8,0,0,0,3.0,1
0.7749,51,0,0.3815,6194.0,7,0,1,0,2.0,0
0.6682,66,0,0.8213,7386.0,5,0,2,0,1.0,0
0.3256,39,0,0.1671,8352.0,7,0,1,0,1.0,0
0.0855,48,0,0.9463,7638.0,8,0,0,0,0.0,0
0.2715,43,0,0.2879,3096.0,4,0,0,0,1.0,0
1.9106,58,0,0.8138,3845.0,7,0,1,1,1.0,0
1.8724,35,0,0.253,5280.0,11,0,0,0,2.0,0
0.2096,28,0,0.89,13924.0,6,0,1,0,2.0,0
0.0487,43,0,0.4993,2895.0,5,0,1,0,2.0,0
0.4004,60,2,0.7098,5682.0,3,1,2,0,2.0,0
0.3385,41,0,0.0744,4373.0,10,0,1,0,0.0,0
0.5531,56,0,0.1553,6165.0,6,0,1,0,1.0,0
0.6711,43,0,0.9773,,11,0,1,1,1.0,0
0.0461,27,0,0.2996,,6,0,1,0,0.0,0
0.2846,64,0,0.6605,1840.0,6,0,0,0,0.0,0
0.209,61,0,0.4604,4298.0,5,0,2,0,1.0,0
0.4071,51,0,0.5115,6209.0,7,0,0,0,2.0,0
0.0857,53,0,1.0326,12627.0,10,0,0,0,1.0,0
0.7325,49,0,0.3579,7107.0,3,0,0,0,2.0,0
0.128,38,0,0.4195,3198.0,9,0,1,0,0.0,0
0.9514,70,3,0.569,4165.0,12,0,2,0,2.0,0
0.139,51,0,0.1645,8773.0,4,0,1,0,0.0,0
0.5085,57,0,0.4982,4941.0,6,0,1,0,4.0,1
0.2492,45,0,0.19,,9,0,1,0,0.0,0
0.8569,58,0,0.4085,2282.0,6,0,0,0,0.0,0
0.0392,68,0,0.4948,,12,0,0,0,2.0,0
0.058,54,0,0.2113,9559.0,8,0,0,0,3.0,0
1.5844,57,0,0.6816,5243.0,9,0,0,0,0.0,0
0.0046,64,0,0.7827,3776.0,13,0,0,0,0.0,0
0.0629,62,0,0.5349,11704.0,12,0,2,0,0.0,0
0.6936,67,0,0.1336,1874.0,8,0,3,0,0.0,0
0.2188,56,0,0.649,4810.0,5,0,0,0,2.0,0
0.0518,56,0,0.3854,,4,0,1,0,1.0,0
0.8973,55,0,0.3274,2856.0,6,0,0,0,2.0,0
0.0796,64,0,0.4831,6792.0,9,0,1,0,2.0,0
0.3552,46,0,0.8542,,6,0,1,0,2.0,0
0.4054,59,0,0.0868,4093.0,7,0,1,0,0.0,0
0.1374,84,0,0.059,3120.0,7,0,1,0,1.0,0
1.1825,57,0,0.2439,,3,0,0,0,1.0,0
0.5007,35,0,0.4602,,9,0,3,0,1.0,0
0.1345,48,0,0.447,7310.0,3,0,1,0,2.0,0
0.9324,61,0,1.333,1871.0,9,0,0,0,1.0,1
0.0945,43,0,0.5618,3418.0,9,0,0,0,0.0,0
0.0485,38,0,0.0833,7302.0,8,0,1,0,3.0,0
0.0198,33,0,0.4873,3591.0,5,0,1,0,0.0,0
0.2748,49,0,0.845,4576.0,8,0,0,0,0.0,0
0.8503,75,0,0.3671,,7,0,1,0,1.0,0
0.8833,45,0,1.2869,3123.0,6,0,0,0,1.0,0
0.0982,64,0,0.7925,5709.0,6,0,1,0,2.0,0
0.09,48,0,0.0557,6352.0,8,0,1,0,2.0,0
0.3993,47,0,0.0836,9514.0,11,0,0,0,2.0,0
0.535,59,0,0.4098,,8,0,0,0,0.0,0
0.777,31,0,0.4855,4303.0,10,0,1,0,1.0,0
0.231,75,0,0.2369,,13,0,1,0,0.0,0
0.3473,60,0,0.7132,,10,0,1,0,2.0,0
0.4941,67,0,0.6998,2426.0,6,0,1,0,0.0,1
0.1239,48,0,0.2567,,7,0,1,0,0.0,0
1.0311,59,0,0.5569,4046.0,8,0,3,0,0.0,1
0.1781,65,0,0.3171,1884.0,9,0,1,0,1.0,0
0.5547,51,0,1.0499,11822.0,12,0,1,0,0.0,0
0.2668,40,0,0.2327,7172.0,8,0,1,0,2.0,0
0.1734,39,0,0.3542,8115.0,8,0,1,0,0.0,0
0.2791,46,0,0.9389,,6,0,0,0,1.0,0
0.8826,55,0,0.1417,,5,0,1,0,2.0,0
0.3161,50,0,0.5209,3966.0,15,0,0,0,0.0,0
0.0964,45,0,0.6834,23461.0,10,0,1,0,1.0,0
0.7151,61,0,0.7038,5063.0,9,0,0,0,1.0,0
0.1979,46,0,0.6486,,10,0,2,0,3.0,0
0.8603,44,1,1.0737,4511.0,7,1,0,1,0.0,0
0.4251,65,0,0.3189,12999.0,7,0,2,0,2.0,0
0.5388,60,0,0.3091,,4,0,1,0,0.0,0
2.2383,35,0,0.3598,,2,0,1,0,1.0,0
0.2477,33,0,0.3525,2441.0,2,0,0,0,0.0,0
0.2282,36,0,0.2152,8196.0,8,0,2,0,1.0,0
0.3301,52,0,0.5131,3675.0,7,0,5,0,1.0,0
0.2723,68,0,0.3178,,5,0,1,0,1.0,0
0.6817,72,0,0.2137,11637.0,9,0,1,0,0.0,0
0.6306,63,0,0.3803,12242.0,5,0,3,0,1.0,0
0.3692,79,0,0.6472,3394.0,10,0,0,0,0.0,0
0.7234,55,1,0.189,,15,0,4,0,1.0,0
8.0248,68,0,1.1308,6024.0,9,0,1,0,0.0,0
0.2715,44,0,0.9082,2800.0,4,0,1,0,3.0,0
1.6173,30,0,0.5086,5462.0,7,0,0,0,0.0,0
0.3497,48,0,0.2421,5978.0,17,0,1,0,0.0,0
0.0046,50,0,0.5825,1731.0,6,0,0,0,0.0,0
3.3789,88,0,0.6565,39053.0,10,0,2,0,0.0,0
0.6125,52,0,0.3346,8350.0,11,0,0,0,0.0,0
0.0711,38,0,0.3546,4723.0,11,0,1,0,2.0,0
0.1009,66,0,0.2421,5887.0,6,0,1,0,0.0,0
5.3653,41,0,0.1387,,5,0,0,0,3.0,0
0.1475,54,0,0.428,5201.0,12,0,0,0,1.0,0
0.4854,64,0,1.0834,1930.0,6,0,2,0,0.0,1
0.3308,39,0,0.0671,13515.0,8,0,0,0,1.0,0
0.199,73,0,0.3852,6655.0,15,0,1,0,0.0,0
1.1994,68,0,0.441,9269.0,14,0,1,0,3.0,0
0.1806,57,0,0.3857,2334.0,11,0,0,0,0.0,0
0.2635,77,0,0.5673,4400.0,2,0,4,0,1.0,0
0.0386,47,0,0.363,,3,0,1,0,2.0,0
0.6575,63,0,0.5299,3058.0,10,0,1,0,0.0,0
1.2141,56,0,0.3944,,5,0,1,0,0.0,0
0.5465,43,0,0.3065,4832.0,10,0,1,0,1.0,0
0.2926,43,0,0.0253,4339.0,6,0,0,0,1.0,0
0.0677,80,0,0.6036,1234.0,10,0,2,0,0.0,0
0.8536,67,0,0.8126,7510.0,8,0,0,0,1.0,0
0.3847,64,0,0.3866,,11,0,1,0,0.0,0
0.1056,43,0,0.4088,,9,0,2,0,1.0,0
0.7355,62,0,0.9968,2652.0,8,0,0,0,0.0,0
0.7034,47,0,1.0618,3532.0,11,0,1,0,1.0,0
0.0434,76,0,0.2403,,5,0,0,0,0.0,0
0.5757,69,0,0.3026,5587.0,6,0,1,0,1.0,0
0.8294,65,0,0.7112,12848.0,12,0,2,0,2.0,0
0.9066,63,0,0.2785,3458.0,16,0,2,0,0.0,0
0.9963,51,0,0.6469,6423.0,9,0,1,0,0.0,0
0.1634,59,0,0.4012,8821.0,3,0,1,0,1.0,0
0.288,74,0,0.6091,,7,0,2,0,1.0,0
1.1243,59,0,0.6311,5548.0,8,0,1,0,2.0,0
0.0621,40,0,0.5845,9055.0,10,0,1,0,2.0,0
1.007,70,0,0.6745,7312.0,5,0,1,0,1.0,0
5.7986,42,1,0.6601,4431.0,6,0,3,2,0.0,0
0.5398,52,0,0.1259,8539.0,8,0,2,0,0.0,0
0.0302,45,0,0.4687,2035.0,8,0,1,0,1.0,0
0.7071,21,0,0.3497,3863.0,10,0,2,0,0.0,0
0.2691,54,0,0.8023,12449.0,12,0,0,0,0.0,0
0.0968,82,0,0.3588,5434.0,9,0,1,0,0.0,0
0.6309,56,0,1.2083,10920.0,5,0,3,0,2.0,0
0.1216,93,0,1.0953,6651.0,7,0,2,0,0.0,0
0.3044,50,0,0.7457,947.0,9,0,1,0,1.0,0
0.2173,55,0,0.1111,1893.0,18,0,1,0,1.0,0
0.2351,51,0,0.223,7283.0,7,0,0,0,,0
1.0637,53,0,0.674,3123.0,7,0,3,0,1.0,0
0.1469,57,0,0.4649,2166.0,10,0,0,0,1.0,0
0.0184,73,0,0.828,,7,0,0,0,2.0,0
0.0982,40,0,0.141,,3,0,0,0,1.0,0
0.8176,52,0,0.3762,2842.0,7,0,2,0,0.0,0
0.3189,61,0,0.7177,,8,0,1,0,1.0,0
0.3033,70,0,0.7379,3162.0,6,0,0,0,0.0,0
1.7281,22,1,0.7268,3644.0,7,0,2,1,2.0,0
0.2754,32,0,0.8767,,10,0,2,0,1.0,0
0.3073,53,0,0.5549,21155.0,8,0,0,0,1.0,0
1.4612,68,0,0.6703,,11,0,0,0,0.0,0
0.143,45,0,0.4572,11687.0,4,0,0,0,0.0,0
0.5232,61,1,0.1056,11778.0,7,0,0,1,1.0,0
0.5526,80,0,1.2908,3812.0,10,0,1,0,2.0,0
0.5536,52,0,0.8423,2689.0,17,0,2,0,0.0,0
0.8295,49,0,0.4999,3047.0,6,0,2,0,0.0,0
0.6683,59,0,0.5333,,8,0,0,0,0.0,0
0.4933,55,0,0.5769,4869.0,1,0,0,0,0.0,0
0.134,56,0,0.1423,5824.0,15,0,2,0,1.0,0
0.3647,49,0,0.2952,6170.0,10,0,0,0,0.0,0
0.0551,48,0,0.2896,,7,0,0,0,1.0,0
0.2801,38,0,0.6155,7130.0,6,0,0,0,0.0,0
0.5981,61,0,0.3438,,11,0,0,0,0.0,0
4.1084,37,0,0.1781,4462.0,7,0,0,0,1.0,0
0.0895,41,0,0.422,3042.0,4,0,1,0,,0
0.0668,35,0,0.3068,,5,0,1,0,0.0,0
1.1519,47,0,0.2789,10702.0,14,0,0,0,1.0,0
0.5078,52,0,0.7524,3084.0,7,0,1,0,1.0,0
0.1899,37,0,0.262,11593.0,8,0,1,0,3.0,0
0.9513,48,0,0.4042,4481.0,10,0,1,0,1.0,0
1.1004,54,2,0.6509,4001.0,10,0,2,0,1.0,0
0.0936,30,0,0.6651,4541.0,9,0,2,0,0.0,0
0.3226,41,0,1.5163,2626.0,9,0,0,0,0.0,0
0.7851,77,0,0.0903,,5,0,1,0,0.0,0
0.6549,42,0,0.0601,6028.0,3,0,0,0,0.0,0
0.2935,62,0,0.3602,4167.0,11,0,1,0,0.0,0
0.5166,45,0,0.556,4673.0,9,0,2,0,1.0,0
0.4519,55,0,0.6939,12955.0,9,0,1,0,0.0,0
0.607,41,0,1.0314,8222.0,13,0,1,0,0.0,0
0.0641,25,0,0.2821,5045.0,11,0,1,0,1.0,0
0.0177,46,0,0.3061,9008.0,8,0,0,0,0.0,1
0.3083,58,0,0.092,5663.0,10,0,0,0,1.0,0
0.2541,61,0,0.752,4045.0,7,0,0,0,0.0,0
0.8933,54,1,0.1556,,7,1,0,0,0.0,0
0.3972,41,0,0.1974,4066.0,10,0,1,0,1.0,0
0.0086,65,0,0.8615,7518.0,8,0,1,0,0.0,0
0.1843,42,0,0.3505,3268.0,8,0,1,0,0.0,0
0.3156,43,0,0.1065,5055.0,8,0,1,0,2.0,0
0.1516,38,0,0.4653,4113.0,4,0,0,0,1.0,0
0.7457,46,0,0.3055,7324.0,7,0,3,0,0.0,0
2.41,48,0,0.306,5379.0,7,0,1,0,2.0,0
0.1828,56,0,0.596,5970.0,7,0,0,0,1.0,0
0.2526,33,0,0.7253,,14,0,0,0,1.0,0
0.8073,46,0,0.1941,18650.0,7,0,1,0,0.0,0
0.3767,41,0,0.1809,2460.0,9,0,0,0,0.0,0
1.9178,58,0,0.1705,6194.0,11,0,2,0,1.0,0
0.2669,56,0,0.2633,9185.0,7,0,0,0,0.0,0
0.1815,38,0,0.616,1165.0,2,0,2,0,1.0,0
0.0412,59,0,0.1738,3831.0,7,0,1,0,0.0,0
0.1404,51,0,0.5485,3319.0,6,0,2,0,2.0,0
0.2393,63,0,0.7126,6038.0,9,0,0,0,0.0,0
0.0983,43,1,0.079,8923.0,5,0,2,0,1.0,1
0.0019,60,0,0.5205,4710.0,8,0,0,0,3.0,0
0.2545,64,0,0.7558,12640.0,12,0,0,0,0.0,0
0.3708,53,0,0.5016,7836.0,8,0,2,0,0.0,0
1.5705,81,0,0.4417,18354.0,12,0,2,0,0.0,0
1.8431,59,0,0.4022,8741.0,10,0,2,0,0.0,0
0.787,77,0,0.0266,14069.0,8,0,1,0,1.0,0
0.799,87,0,0.7371,7410.0,6,0,1,0,0.0,0
0.5562,29,0,0.8999,8916.0,6,0,0,0,1.0,0
2.752,68,0,0.4557,2386.0,6,0,0,0,0.0,0
1.7844,59,0,0.2552,3886.0,10,0,2,0,1.0,1
1.4245,55,0,0.3506,3233.0,6,0,3,0,1.0,0
0.8011,43,2,0.4663,5505.0,9,0,3,0,0.0,0
0.1876,40,0,0.4719,9987.0,5,0,1,0,1.0,0
6.3004,37,0,1.0102,3316.0,6,0,2,0,0.0,0
0.6401,83,0,0.1911,4830.0,5,0,1,0,1.0,0
0.4284,59,0,0.296,4809.0,14,0,0,0,1.0,0
0.5391,33,0,0.2557,3138.0,12,0,0,0,0.0,0
0.7047,37,0,0.6272,4430.0,8,0,0,0,1.0,1
0.4702,24,0,0.1422,,7,0,0,0,0.0,0
0.6447,69,0,0.6063,10298.0,4,0,0,0,1.0,0
0.5049,53,0,0.5594,10478.0,9,0,0,0,0.0,0
0.4132,59,0,0.6336,8549.0,5,0,1,0,1.0,0
0.1333,52,0,0.4289,,6,0,2,0,1.0,0
0.1952,65,0,0.5558,2643.0,9,0,2,0,0.0,0
0.7002,46,0,0.4404,6224.0,7,0,2,0,3.0,0
0.5474,56,0,0.4936,4855.0,7,0,0,0,0.0,1
0.2214,56,0,0.2778,3842.0,9,0,0,0,0.0,0
1.5001,36,0,0.8603,4291.0,11,0,0,0,2.0,0
1.2671,42,0,0.3726,,11,0,2,0,3.0,0
0.3712,48,0,0.1104,6205.0,6,0,0,0,1.0,0
0.7625,56,0,0.1892,,6,0,1,0,0.0,0
0.466,71,3,0.5268,10655.0,5,0,1,0,1.0,0
1.7642,54,0,0.6883,5301.0,8,0,0,0,1.0,0
0.0822,51,0,0.2927,5263.0,7,0,0,0,1.0,0
0.0699,56,0,0.4693,4255.0,5,0,1,0,1.0,0
0.3716,50,0,0.5703,5997.0,6,0,2,0,1.0,0
0.3348,52,0,0.0408,7096.0,8,0,1,0,1.0,0
0.8009,73,0,0.5106,22871.0,7,0,3,0,0.0,0
0.477,49,0,0.2346,6610.0,11,0,2,0,1.0,0
0.4482,56,0,0.6122,,4,0,2,0,1.0,0
0.8836,43,0,0.2808,4777.0,13,0,1,0,0.0,0
0.2512,70,0,0.4343,12572.0,5,0,0,0,1.0,0
1.8309,39,0,0.323,8222.0,13,0,0,0,0.0,0
5.2019,51,0,0.1421,3109.0,6,0,1,0,0.0,0
1.4825,66,0,0.4236,10563.0,7,0,1,0,0.0,0
0.4755,40,0,0.7933,8217.0,9,0,2,0,1.0,0
0.0311,64,0,0.4929,6066.0,7,0,2,0,,0
0.8441,23,0,0.3063,,9,0,1,0,1.0,0
0.5147,37,0,0.3956,10391.0,13,0,0,0,0.0,0
0.0681,51,0,0.2218,5121.0,7,0,2,0,1.0,0
0.4741,86,0,0.4308,,13,0,1,0,0.0,0
0.759,54,0,1.2769,2361.0,9,0,1,0,0.0,0
0.0856,54,0,0.1843,1973.0,3,0,4,0,0.0,0
0.5457,68,0,0.1627,,12,0,0,0,0.0,0
0.0942,37,0,0.576,,13,0,4,0,0.0,0
3.7921,21,2,0.6651,4669.0,4,0,0,1,0.0,0
0.0853,76,0,0.1294,9415.0,6,0,0,0,1.0,0
0.5175,60,0,0.6933,4800.0,9,0,1,0,1.0,0
0.2636,46,0,0.3428,2142.0,8,0,0,0,1.0,0
1.1005,53,0,0.4859,1877.0,6,0,0,0,0.0,1
0.7433,67,0,0.5055,3021.0,12,0,1,0,0.0,0
0.4372,50,0,0.2159,2544.0,5,0,0,0,1.0,0
0.1639,54,0,0.5393,,9,0,1,0,1.0,0
0.666,80,0,0.2519,4364.0,7,0,1,0,1.0,0
0.3515,35,0,0.1495,2789.0,11,0,1,0,0.0,0
0.0448,59,0,0.6185,4357.0,9,0,0,0,1.0,0
0.3964,35,0,0.3374,,8,0,2,0,1.0,0
0.7177,74,2,0.3863,7604.0,9,1,1,0,1.0,0
1.6703,56,1,0.1737,12844.0,10,0,1,1,2.0,0
0.2768,42,0,0.5752,15293.0,8,0,0,0,0.0,0
0.3809,31,0,0.0888,7697.0,7,0,2,0,3.0,0
0.2249,47,0,0.7726,5118.0,8,0,0,0,0.0,0
0.2311,55,0,0.2873,,9,0,0,0,3.0,0
0.4034,68,0,0.6396,2751.0,7,0,0,0,1.0,0
0.2603,37,0,0.6187,3419.0,7,0,2,0,1.0,0
0.5621,40,0,0.7797,6240.0,11,0,1,0,1.0,0
0.1609,45,0,0.4828,10278.0,2,0,0,0,0.0,0
0.2491,41,0,0.2655,,3,0,0,0,1.0,0
0.8444,45,0,0.3414,17233.0,5,0,0,0,0.0,0
0.0017,39,0,1.3073,,2,0,0,0,0.0,0
0.8347,58,0,0.1115,2375.0,5,0,1,0,1.0,0
0.5399,45,0,0.2972,4749.0,11,0,1,0,0.0,0
0.0379,52,0,0.5806,2117.0,6,0,0,0,1.0,0
0.843,56,0,0.2357,6857.0,9,0,0,0,2.0,0
0.3002,33,0,0.6936,14579.0,10,0,2,0,0.0,0
3.3109,60,0,0.3112,5250.0,12,0,0,0,0.0,0
0.9412,55,0,0.189,,6,0,0,0,2.0,0
0.9436,55,0,0.8271,6070.0,7,0,1,0,1.0,0
1.6717,50,0,0.4449,6846.0,10,0,0,0,0.0,0
0.2097,48,0,0.1156,,3,0,1,0,0.0,0
0.5083,53,0,0.104,29029.0,14,0,0,0,2.0,0
0.1581,53,0,0.1213,,7,0,1,0,0.0,0
0.0632,35,0,0.8934,,7,0,1,0,2.0,0
1.0037,74,0,0.5208,14204.0,7,0,1,0,3.0,0
0.5197,42,0,0.7811,7621.0,10,0,1,0,3.0,0
0.5016,53,0,0.3418,3835.0,9,0,1,0,0.0,0
0.0804,68,0,0.5178,23030.0,4,0,0,0,4.0,0
0.0996,47,0,0.1999,7207.0,7,0,2,0,2.0,0
0.5634,55,0,0.653,28017.0,7,0,1,0,2.0,0
0.1363,21,0,0.1052,5438.0,7,0,2,0,2.0,0
0.1875,24,0,0.2418,3056.0,7,0,2,0,2.0,0
1.0052,52,0,0.3935,6404.0,11,0,0,0,2.0,0
0.297,55,0,0.4938,7075.0,8,0,2,0,0.0,0
0.0393,67,0,0.3948,4618.0,7,0,1,0,1.0,0
0.1025,63,0,0.3736,7354.0,6,0,3,0,1.0,0
0.8055,30,0,0.3495,8989.0,12,0,1,0,0.0,0
0.3287,70,0,0.4291,4381.0,9,0,2,0,0.0,0
0.2276,35,0,0.2265,8360.0,10,0,2,0,2.0,0
0.2254,64,0,0.2839,11266.0,5,0,0,0,,0
0.4973,46,0,0.5957,2571.0,7,0,2,0,0.0,0
0.5563,90,0,0.538,7322.0,6,0,0,0,0.0,0
0.3087,44,0,0.3001,20690.0,4,0,3,0,0.0,0
1.9206,51,0,0.0352,1492.0,8,0,0,0,1.0,0
0.0136,54,0,0.2939,,6,0,1,0,0.0,0
0.5388,49,0,0.423,2035.0,5,0,1,0,0.0,0
0.223,38,0,1.0737,2853.0,12,0,0,0,1.0,0
0.6086,83,0,0.2991,4644.0,10,0,0,0,1.0,0
0.3863,43,0,0.3834,8102.0,6,0,0,0,0.0,0
0.4867,43,0,0.4856,4306.0,6,0,0,0,0.0,0
0.5412,50,0,0.5095,6848.0,12,0,1,0,0.0,0
0.5963,55,0,0.6712,8095.0,4,0,1,0,0.0,0
0.7958,42,2,0.5716,3135.0,6,0,0,1,2.0,0
7.1669,65,2,0.8089,16368.0,10,0,1,1,0.0,0
0.2108,54,0,0.4686,4084.0,8,0,3,0,1.0,0
2.635,52,0,0.7293,1790.0,6,0,2,0,1.0,0
0.3184,60,0,0.4778,,6,0,4,0,0.0,0
0.3691,40,0,0.5298,5567.0,8,0,2,0,1.0,0
0.0034,44,0,0.1134,5847.0,5,0,0,0,0.0,0
0.4815,52,0,0.2477,4367.0,10,0,0,0,0.0,0
0.0175,65,0,0.3465,6137.0,9,0,0,0,1.0,0
2.7153,49,0,0.162,1909.0,10,0,0,0,0.0,0
3.344,48,0,0.3217,3925.0,2,0,1,0,1.0,0
0.7933,22,0,0.6645,2234.0,3,0,1,0,0.0,1
0.2329,42,0,0.6351,,7,0,1,0,0.0,0
0.1416,29,0,0.3985,,6,0,0,0,,0
0.3756,32,0,0.5115,5244.0,5,0,1,0,3.0,0
0.5487,57,0,0.1481,,10,0,2,0,0.0,0
0.1934,95,0,0.2849,,5,0,2,0,0.0,0
0.0572,55,0,0.9246,3971.0,6,0,0,0,2.0,0
0.7717,57,2,0.8813,,10,0,2,1,1.0,0
0.965,41,0,0.1891,,6,0,0,0,0.0,1
0.5171,37,0,0.8547,6125.0,6,0,2,0,0.0,0
0.3297,81,0,0.1102,5500.0,7,0,3,0,0.0,0
0.0858,41,0,0.531,6662.0,5,0,1,0,,0
0.5347,24,0,1.1191,2474.0,9,0,1,0,0.0,1
0.008,55,0,0.3684,4487.0,2,0,1,0,1.0,0
1.097,46,0,0.4219,4225.0,9,0,0,0,0.0,0
0.799,60,0,0.6456,8642.0,8,0,1,0,0.0,0
0.0459,74,0,1.1758,,6,0,1,0,2.0,0
0.4514,57,0,0.502,4077.0,7,0,1,0,1.0,0
0.046,55,0,0.0534,,9,0,0,0,1.0,0
0.3987,61,0,0.7348,,9,0,2,0,1.0,0
0.6565,90,0,0.785,7123.0,7,0,0,0,1.0,0
0.3609,84,0,0.5391,8208.0,7,0,0,0,0.0,0
4.5515,48,0,0.309,2998.0,14,0,0,0,0.0,0
0.5431,65,0,0.7206,,4,0,0,0,1.0,1
0.5724,77,0,0.2572,4498.0,11,0,0,0,0.0,0
0.0953,62,0,1.0628,5036.0,15,0,0,0,1.0,0
0.1794,51,0,0.0598,7310.0,6,0,0,0,0.0,0
0.297,45,0,1.16,6726.0,8,0,1,0,0.0,0
0.3345,53,0,0.4662,1912.0,4,0,0,0,1.0,0
0.9207,36,0,0.3743,3503.0,15,0,2,0,3.0,0
0.1813,65,0,0.933,3656.0,13,0,1,0,0.0,0
0.1858,71,0,0.1098,6371.0,4,0,5,0,0.0,1
0.0544,46,0,0.3601,3405.0,6,0,0,0,1.0,0
0.6774,46,0,0.8488,10824.0,10,0,1,0,0.0,0
0.2874,37,0,0.849,13412.0,8,0,0,0,0.0,0
0.2282,59,0,0.2827,1915.0,12,0,1,0,1.0,0
7.347,52,0,0.5758,,7,0,1,0,1.0,0
0.5356,32,0,0.477,18338.0,12,0,0,0,1.0,0
0.5043,93,0,0.2129,17476.0,8,0,0,0,,0
0.1698,27,0,0.0745,3581.0,6,0,0,0,0.0,0
4.2408,32,0,0.6717,,7,0,3,0,0.0,0
0.3544,65,0,0.5518,,14,0,0,0,0.0,0
0.276,61,0,0.412,2831.0,12,0,0,0,1.0,0
4.0566,42,0,0.059,2140.0,9,0,0,0,1.0,1
0.2124,41,0,0.7966,12507.0,9,0,0,0,0.0,0
0.258,58,0,1.2268,7274.0,7,0,0,0,0.0,0
0.3162,57,0,0.7568,2630.0,9,0,0,0,1.0,0
4.535,42,0,0.6499,3211.0,11,0,4,0,1.0,0
0.0702,66,0,0.4817,11218.0,6,0,0,0,1.0,0
0.3723,60,0,0.4711,7042.0,9,0,3,0,0.0,0
0.3721,71,0,0.2471,15962.0,9,0,0,0,1.0,0
0.3834,51,1,0.8241,3737.0,7,0,0,0,0.0,0
0.1018,63,0,0.384,9894.0,3,0,0,0,0.0,0
0.7684,49,0,0.4898,11490.0,8,0,2,0,1.0,0
0.2654,60,0,0.1056,6029.0,9,0,1,0,1.0,0
0.6958,57,0,0.3329,3306.0,8,0,0,0,1.0,0
2.5728,64,0,0.8374,1937.0,10,0,3,0,2.0,1
0.0487,59,0,0.4575,3557.0,8,0,0,0,1.0,0
0.6781,26,0,0.2534,8684.0,13,0,3,0,0.0,0
0.6826,43,0,0.3019,,5,0,0,0,3.0,0
0.082,53,3,0.6644,,13,0,1,0,1.0,0
1.1331,59,0,0.0929,5032.0,8,0,0,0,0.0,0
0.2499,64,0,0.2054,17024.0,9,0,2,0,1.0,0
1.8941,60,0,0.537,5588.0,11,0,1,0,1.0,0
0.169,42,0,0.1739,6977.0,10,0,1,0,1.0,0
0.1907,65,0,0.1256,6701.0,8,0,1,0,1.0,0
0.0461,41,0,0.381,3399.0,8,0,0,0,1.0,0
0.2419,70,0,0.3288,,7,0,0,0,1.0,0
0.6657,71,0,0.3237,5309.0,1,0,1,0,1.0,0
0.292,52,0,0.1866,6120.0,8,0,1,0,0.0,0
0.2458,43,0,0.7599,15835.0,5,0,1,0,0.0,0
0.1263,42,0,0.0953,3187.0,8,0,0,0,0.0,0
0.1118,37,0,0.7172,8526.0,8,0,0,0,0.0,0
0.2507,39,0,0.6969,,6,0,1,0,1.0,0
0.0162,49,0,0.2965,,10,0,2,0,2.0,0
0.018,44,0,0.9183,,6,0,3,0,0.0,0
0.631,29,0,0.1849,,5,0,1,0,3.0,0
0.1083,45,0,0.1866,3161.0,13,0,3,0,0.0,0
0.7585,53,0,0.1256,2691.0,17,0,1,0,0.0,0
0.1446,47,0,0.607,,3,0,2,0,0.0,0
1.6098,39,0,0.5614,,11,0,1,0,1.0,0
1.5489,21,0,0.1829,,5,0,2,0,1.0,1
0.2443,68,0,0.3344,4764.0,6,0,0,0,0.0,0
0.1853,51,0,0.0596,3594.0,9,0,2,0,0.0,0
0.36,56,0,0.1739,2255.0,7,0,1,0,0.0,0
0.1777,55,0,0.4885,6118.0,3,0,1,0,0.0,0
0.4129,59,0,0.9794,5266.0,9,0,0,0,0.0,0
3.3759,55,0,0.0691,7803.0,5,0,1,0,0.0,0
1.0276,53,0,0.228,5630.0,6,0,1,0,0.0,0
0.8066,63,0,0.6451,7884.0,3,0,0,0,0.0,0
0.5803,66,0,0.0777,5057.0,7,0,0,0,,0
0.4239,71,0,0.1572,14893.0,10,0,0,0,0.0,0
4.8796,40,0,0.0146,4668.0,11,0,3,0,2.0,0
0.5061,55,2,0.7058,10965.0,2,0,3,0,1.0,0
0.0503,30,0,0.0414,3039.0,8,0,1,0,2.0,0
1.9404,45,1,0.402,3514.0,14,0,2,0,2.0,0
0.6499,49,0,0.6586,4524.0,8,0,1,0,1.0,0
1.3849,62,0,0.239,3567.0,7,0,0,0,1.0,0
0.5858,50,0,0.6063,4992.0,11,0,2,0,2.0,0
0.1419,61,0,0.9303,3736.0,10,0,1,0,2.0,0
0.7351,47,0,0.6055,5872.0,9,0,1,0,2.0,0
0.0534,44,0,0.7182,6575.0,8,0,0,0,1.0,0
0.4201,41,0,0.4206,3674.0,7,0,0,0,0.0,0
0.9876,62,2,0.6351,1696.0,9,0,1,0,,0
0.4376,47,0,0.4916,10407.0,10,0,1,0,0.0,0
0.2995,21,0,0.7907,,6,0,0,0,,0
0.1023,61,0,0.5591,8064.0,9,0,1,0,1.0,0
0.4755,39,0,0.2972,,14,0,4,0,3.0,0
0.0345,55,0,0.5247,13149.0,6,0,1,0,2.0,0
0.2233,36,0,0.3915,,8,0,3,0,1.0,0
0.3778,52,0,0.4967,13616.0,9,0,0,0,0.0,0
0.4328,21,0,0.4299,4110.0,14,0,1,0,1.0,0
0.0869,52,0,0.8717,6433.0,10,0,0,0,1.0,0
0.311,40,0,1.1042,3862.0,9,0,3,0,0.0,0
1.9993,34,0,0.1319,6757.0,6,0,1,0,0.0,0
0.4947,63,0,0.1858,4425.0,9,0,1,0,,0
0.5409,50,0,0.3186,4275.0,10,0,3,0,0.0,0
0.7209,49,0,0.532,8243.0,6,0,2,0,0.0,0
2.4212,42,0,0.4795,4348.0,4,0,1,0,2.0,0
0.4603,65,0,0.6091,17059.0,10,0,1,0,0.0,0
0.3432,46,0,0.4694,,4,0,2,0,1.0,0
0.3645,73,0,0.363,8687.0,11,0,1,0,,0
0.2245,69,2,0.0095,3334.0,9,0,0,0,1.0,0
0.1925,72,0,0.1711,3498.0,10,0,2,0,1.0,0
0.152,66,0,0.1009,1838.0,13,0,0,0,1.0,0
0.1946,44,0,0.6629,,5,0,1,0,0.0,0
0.4542,53,0,0.2599,,7,0,2,0,1.0,0
0.293,49,0,0.1465,5974.0,4,0,1,0,3.0,0
0.604,64,0,0.445,12750.0,5,0,1,0,0.0,0
0.0143,52,0,0.2827,3109.0,8,0,0,0,1.0,0
0.6795,49,0,0.6179,5202.0,5,0,1,0,0.0,0
1.1716,75,0,0.2272,,5,0,1,0,0.0,0
0.2726,47,0,0.2473,4101.0,6,0,0,0,2.0,0
0.2743,43,0,0.6148,7546.0,9,0,1,0,0.0,0
0.4637,46,0,0.6228,,10,0,0,0,0.0,0
0.1633,67,0,0.6453,,11,0,1,0,2.0,0
0.06,55,0,0.7596,6170.0,10,0,1,0,0.0,0
0.4808,58,0,0.0578,,3,0,1,0,0.0,0
0.5984,55,0,0.2656,9139.0,5,0,2,0,0.0,0
0.2619,21,0,0.4906,1934.0,7,0,0,0,0.0,0
2.7654,37,0,0.5297,11088.0,4,0,3,0,1.0,0
0.1591,48,0,0.5634,9081.0,9,0,2,0,1.0,0
0.481,56,0,0.3134,8346.0,4,0,0,0,,0
1.8186,38,0,0.2766,,9,0,2,0,2.0,0
1.3751,38,0,0.0492,1692.0,7,0,0,0,2.0,0
3.2494,48,0,0.3311,8943.0,8,0,1,0,2.0,0
0.3739,71,0,0.0492,,8,0,1,0,2.0,0
0.1578,22,0,0.8754,7022.0,8,0,0,0,0.0,0
1.036,21,0,0.5126,,10,0,2,0,1.0,0
0.1415,76,0,0.6555,7716.0,5,0,0,0,,0
0.1425,31,0,0.5841,,5,0,2,0,0.0,0
0.0066,46,0,0.5985,,8,0,2,0,0.0,0
0.8951,31,0,0.2787,,6,0,1,0,3.0,0
0.1837,48,0,0.4906,2280.0,3,0,2,0,2.0,0
0.3844,50,0,0.3352,7236.0,5,0,1,0,1.0,0
0.1901,75,0,0.58,6615.0,5,0,1,0,1.0,0
0.6724,62,0,0.8422,3555.0,10,0,0,0,2.0,0
0.1101,34,0,0.519,,11,0,1,0,0.0,0
0.2636,25,0,0.5062,1001.0,9,0,2,0,1.0,0
0.457,59,0,0.312,13136.0,6,0,0,0,1.0,0
0.0599,45,0,0.2485,14623.0,10,0,1,0,0.0,0
0.2063,42,0,0.6406,9246.0,11,0,1,0,2.0,0
0.2695,69,0,0.6241,,8,0,0,0,0.0,0
0.3642,27,0,0.5926,9491.0,11,0,1,0,1.0,0
7.6168,47,0,0.6783,3324.0,10,0,1,0,0.0,0
0.3671,61,0,0.3534,9266.0,9,0,2,0,0.0,0
3.208,35,0,0.3483,4439.0,4,0,1,0,1.0,0
0.0343,70,0,0.2873,3906.0,6,0,0,0,1.0,0
0.476,38,0,0.3012,,11,0,4,0,1.0,0
5.256,51,0,0.721,11913.0,8,0,0,0,0.0,0
0.3,42,0,0.3062,9507.0,8,0,1,0,2.0,0
0.1942,21,0,0.4808,5790.0,9,0,2,0,,0
0.4821,46,0,0.2482,3498.0,2,0,2,0,0.0,0
0.7099,63,0,0.5864,8480.0,15,0,0,0,1.0,0
0.5495,38,0,0.3748,2593.0,8,0,2,0,1.0,0
3.9036,43,0,0.7814,,6,0,1,0,0.0,0
0.0993,45,0,0.6374,,4,0,3,0,1.0,0
0.1808,60,0,0.6931,,4,0,0,0,1.0,0
0.8987,47,0,0.1515,6299.0,13,0,2,0,0.0,0
0.031,52,0,0.6822,4552.0,8,0,1,0,0.0,0
0.3297,53,0,0.3421,3575.0,8,0,1,0,0.0,0
0.253,45,0,0.1484,5455.0,15,2,1,0,2.0,0
0.0568,76,0,0.9168,5063.0,7,0,0,0,1.0,0
0.1397,38,0,0.2039,,9,0,0,0,0.0,0
0.7377,62,0,0.9207,5042.0,9,0,2,0,2.0,0
0.4276,70,0,0.0655,4374.0,5,0,4,0,0.0,0
0.5491,50,0,0.4996,4029.0,7,0,0,0,1.0,0
0.6421,53,0,0.5057,8222.0,12,0,1,0,0.0,0
0.9448,59,0,0.2619,,10,0,0,0,0.0,0
0.2375,47,0,0.584,3985.0,11,0,1,0,0.0,0
0.2292,25,0,0.3835,,9,0,1,0,1.0,0
0.7736,49,0,0.4859,20808.0,9,0,1,0,0.0,0
0.7451,75,0,0.0708,6994.0,10,0,2,0,2.0,1
0.4938,60,0,0.6704,14648.0,12,0,0,0,2.0,0
0.3293,53,0,0.0907,,5,0,1,0,2.0,0
0.3139,63,0,0.0728,,11,0,2,0,2.0,0
0.3419,50,0,0.6609,2388.0,12,0,1,0,1.0,0
0.0941,52,0,0.1632,15823.0,10,0,2,0,0.0,0
0.336,46,0,0.2234,3148.0,7,0,0,0,0.0,0
6.4133,59,0,0.6184,20986.0,9,0,1,0,1.0,0
0.2437,44,0,0.294,,11,0,0,0,1.0,0
0.1931,48,0,0.566,10514.0,10,0,1,0,1.0,0
3.5821,64,0,0.1556,8109.0,8,0,2,0,0.0,0
0.219,49,0,0.4989,5214.0,9,0,1,0,0.0,0
0.9034,60,0,0.6131,7682.0,5,0,0,0,0.0,0
0.549,61,0,0.2102,3885.0,4,0,2,0,0.0,0
0.4009,51,0,0.4058,4065.0,14,1,2,0,1.0,0
0.523,47,0,0.4569,5993.0,8,0,1,0,,0
0.3869,34,0,0.2887,9926.0,12,0,0,0,1.0,0
1.0903,37,0,0.7914,5604.0,10,0,0,0,0.0,0
3.96,61,0,0.4048,6566.0,7,0,4,0,1.0,0
0.0127,60,0,0.32,4997.0,11,0,1,0,,0
0.4247,38,0,0.235,2661.0,5,0,0,0,2.0,0
0.4372,58,0,0.2476,,8,0,1,0,1.0,0
0.7139,55,0,0.3279,2607.0,6,0,0,0,0.0,0
0.0447,65,0,1.0723,11463.0,4,0,0,0,0.0,0
0.0676,82,0,0.766,6913.0,9,0,0,0,0.0,0
4.7238,60,0,0.4232,9298.0,6,0,1,0,1.0,0
0.5851,42,0,0.2285,4860.0,9,0,3,0,1.0,0
0.1999,62,0,0.1025,,6,0,0,0,1.0,0
0.5724,37,0,0.3666,6983.0,9,0,1,0,1.0,0
0.2163,83,0,0.7299,2733.0,7,0,1,0,1.0,0
0.1973,35,0,0.3169,5528.0,6,0,2,0,3.0,1
0.4188,58,0,0.5193,,8,0,0,0,0.0,1
7.2694,52,0,0.4261,13938.0,5,0,1,0,,0
0.3833,46,0,0.9856,,12,0,0,0,0.0,0
0.3842,45,0,0.7401,3089.0,10,0,0,0,1.0,0
0.1134,71,0,0.3586,4533.0,9,0,0,0,1.0,0
0.0619,60,0,0.1252,3369.0,9,0,2,0,3.0,0
0.0993,50,0,0.4147,6188.0,5,0,1,0,3.0,0
0.4239,76,0,0.9674,5766.0,5,0,1,0,0.0,0
3.9902,50,0,0.4815,,14,0,1,0,0.0,0
0.4683,62,0,0.2032,8815.0,5,0,1,0,0.0,0
2.0282,33,0,0.1546,2838.0,7,0,0,0,0.0,0
0.2527,34,0,0.3495,4957.0,8,0,1,0,0.0,0
0.1909,62,0,0.743,16612.0,8,0,1,0,2.0,0
0.4195,56,0,0.4048,3178.0,12,0,1,0,0.0,0
0.3561,82,0,0.3354,13190.0,6,0,2,0,1.0,0
0.5101,42,0,0.1527,2189.0,12,0,2,0,0.0,0
0.6723,61,0,0.5158,,7,0,1,0,2.0,1
7.8702,49,0,0.5816,2432.0,7,0,1,0,1.0,0
0.0676,64,0,0.5142,6934.0,14,0,1,0,1.0,0
0.4936,63,0,0.4505,7847.0,6,0,3,0,1.0,1
0.5689,52,0,0.3698,4083.0,13,0,1,0,3.0,0
0.0538,42,0,1.0458,,6,0,4,0,1.0,0
0.2529,47,0,0.3473,,6,0,1,0,1.0,0
0.2238,36,0,0.797,,12,0,1,0,2.0,0
0.6372,57,0,0.3866,7401.0,9,0,2,0,,0
0.6338,21,0,0.1854,,7,0,0,0,0.0,0
0.6669,44,0,0.3989,,7,0,0,0,0.0,0
0.3621,65,0,0.3236,,1,0,0,0,0.0,0
0.1357,64,0,0.6694,4866.0,10,0,1,0,0.0,0
0.2582,29,0,0.9501,15576.0,10,0,2,0,1.0,0
0.4806,60,0,0.0426,4856.0,12,0,0,0,0.0,0
0.1042,36,0,0.7638,3217.0,10,0,0,0,1.0,0
2.3755,47,0,0.5518,7481.0,7,0,0,0,0.0,0
1.5409,63,0,0.0635,3072.0,10,0,0,0,1.0,0
0.7843,38,0,0.8264,3252.0,8,0,1,0,0.0,0
0.0158,72,0,0.644,3396.0,5,0,0,0,1.0,0
0.6924,56,0,0.2462,,10,0,0,0,1.0,0
0.5313,58,0,0.9637,5686.0,4,0,2,0,1.0,0
0.0745,67,0,0.2512,,4,0,2,0,0.0,0
4.5304,64,0,1.0191,5550.0,7,0,1,0,2.0,0
3.0089,63,0,0.3068,8190.0,6,0,0,0,1.0,0
6.996,43,0,0.1508,8730.0,9,0,1,0,0.0,0
0.3849,36,0,0.4619,16927.0,5,0,1,0,0.0,0
0.1865,48,0,0.86,10194.0,9,0,0,0,0.0,0
0.1532,59,0,0.1064,,5,0,0,0,0.0,0
1.0546,34,0,0.3856,5628.0,9,0,3,0,1.0,0
0.1598,60,0,0.0638,,10,0,1,0,2.0,0
0.1438,57,0,0.1005,8850.0,9,0,0,0,1.0,0
0.6637,49,0,0.1406,8207.0,8,0,1,0,1.0,0
0.5506,53,0,0.0093,1106.0,6,0,0,0,0.0,0
0.5017,53,0,0.2063,6382.0,6,0,1,0,0.0,0
0.2468,58,0,0.6567,5446.0,4,0,1,0,0.0,0
0.809,62,0,1.0466,3960.0,5,0,1,0,0.0,0
2.6301,92,0,0.5639,,7,1,0,0,1.0,0
0.144,54,0,0.1623,4616.0,11,0,1,0,3.0,0
0.5686,43,0,0.3665,,8,0,0,2,1.0,0
0.0443,25,0,0.4663,3801.0,12,0,2,0,1.0,0
0.2996,32,0,0.2456,1694.0,4,0,1,0,1.0,0
0.8692,41,0,0.1372,3498.0,12,0,0,0,0.0,0
0.1587,62,0,0.443,15819.0,4,0,0,0,0.0,0
0.1067,46,0,0.2985,,9,0,0,0,0.0,0
2.3894,58,0,0.0522,,6,0,4,0,0.0,0
0.4523,42,0,0.4487,2358.0,12,0,1,0,1.0,0
0.1376,58,0,0.6043,,5,0,1,0,0.0,0
0.2771,64,0,0.0996,,6,0,0,0,0.0,0
1.2785,46,0,0.3271,6240.0,4,0,0,0,0.0,0
0.5052,58,0,1.038,10880.0,3,0,2,0,2.0,0
3.3453,46,0,0.6177,10045.0,6,0,2,0,2.0,0
1.2531,35,0,1.067,,15,0,3,0,1.0,0
0.3576,60,0,0.2956,,9,0,0,0,3.0,0
2.7995,58,0,0.3338,3856.0,5,0,5,0,,0
0.1035,60,0,0.8459,12677.0,8,0,2,0,3.0,0
0.327,65,0,0.3417,4343.0,12,0,0,0,1.0,0
0.2706,49,0,0.3432,,5,0,2,0,0.0,0
0.4712,50,1,0.1594,7073.0,12,0,1,0,3.0,0
0.211,48,0,0.6607,5634.0,9,0,1,0,1.0,0
2.1311,57,0,0.4546,3038.0,11,0,1,0,1.0,0
0.7011,50,0,0.9417,2530.0,4,0,0,0,1.0,0
0.5101,54,3,1.0453,2198.0,4,0,0,0,1.0,0
0.2825,42,0,0.591,7161.0,13,0,1,0,0.0,0
0.3617,38,0,0.2841,,18,0,0,0,2.0,0
1.002,39,0,0.7223,5274.0,9,0,0,0,0.0,0
0.2862,58,0,0.2908,,5,0,1,0,0.0,0
0.2223,51,0,0.2819,3761.0,9,0,0,0,1.0,0
4.124,45,0,0.6196,3959.0,10,0,1,0,0.0,0
0.2986,61,0,0.23,9676.0,7,0,0,0,0.0,0
0.2048,72,0,0.5032,,9,0,2,0,1.0,0
0.2028,45,0,0.1472,1377.0,5,0,1,0,0.0,0
0.4561,37,0,0.4102,8776.0,10,0,1,0,1.0,1
0.4327,65,0,0.2044,10650.0,9,0,0,0,2.0,0
0.0388,52,0,0.2835,4918.0,8,0,1,0,0.0,0
0.1938,49,0,0.7205,,11,0,1,0,1.0,0
0.3432,66,0,0.504,2258.0,9,0,2,0,0.0,0
0.363,48,0,0.4277,,11,0,0,0,1.0,0
0.6889,58,0,0.6145,6594.0,11,0,1,0,1.0,0
0.567,54,0,0.2911,7994.0,5,0,2,0,0.0,0
4.0171,95,0,0.3421,13337.0,8,0,1,0,,0
0.1604,50,0,0.5324,13791.0,6,0,0,0,4.0,0
0.2211,65,0,0.3793,3698.0,5,0,0,0,1.0,0
0.2125,48,0,0.6421,4789.0,7,0,1,0,1.0,0
0.025,58,0,0.294,2671.0,10,0,0,0,2.0,0
0.657,49,0,0.0132,1583.0,15,0,0,0,0.0,0
0.6287,63,0,0.3537,,6,0,2,0,0.0,0
0.7014,51,0,0.2921,2471.0,9,0,0,0,1.0,0
1.8615,59,0,0.2032,,8,0,1,0,2.0,0
0.1223,41,0,0.4424,5184.0,5,0,0,0,2.0,0
0.0185,41,0,0.1243,6496.0,8,0,1,0,1.0,0
0.8228,26,0,0.9288,5655.0,11,0,1,0,3.0,0
0.4924,57,0,0.51,3645.0,10,0,1,0,0.0,0
0.6723,43,0,0.6456,3424.0,8,0,0,0,0.0,0
0.363,83,0,0.3489,,13,0,1,0,0.0,0
0.3575,45,0,0.4215,4667.0,15,0,1,0,0.0,0
0.5979,69,0,0.7497,3890.0,6,0,2,0,1.0,0
0.718,68,0,0.4877,7265.0,8,0,0,0,0.0,0
0.8822,49,0,0.4892,6373.0,9,0,0,0,1.0,0
0.9719,42,0,0.7629,2195.0,9,0,1,0,0.0,0
0.4415,50,0,0.9213,6550.0,2,0,0,0,1.0,0
0.2773,68,0,0.4275,5535.0,9,0,0,0,0.0,0
2.1847,84,0,0.6044,3675.0,7,0,2,0,0.0,0
0.1764,35,0,0.0749,,10,0,2,0,1.0,0
2.0334,52,0,0.6717,6447.0,12,0,0,0,0.0,0
0.1795,44,0,1.185,9166.0,2,0,1,0,0.0,0
0.4899,47,0,0.5784,7793.0,10,0,3,0,1.0,0
0.0242,76,0,0.685,6500.0,11,0,0,0,1.0,0
0.2776,41,0,0.4999,8295.0,7,0,1,0,0.0,0
1.6477,29,0,0.186,,7,0,0,0,0.0,0
1.1991,55,0,0.8992,6800.0,8,0,1,0,1.0,0
0.3877,57,0,0.6686,12271.0,5,0,0,0,0.0,0
0.0851,46,0,0.4485,3359.0,10,0,0,0,1.0,0
0.1439,42,0,0.3961,2212.0,6,0,0,0,1.0,0
3.4864,54,0,0.4718,1788.0,7,0,0,0,0.0,0
0.8978,33,0,0.4561,4094.0,10,0,0,0,0.0,0
0.199,58,0,0.6538,3466.0,9,0,0,0,1.0,0
2.3635,47,0,0.5646,,11,0,0,0,1.0,0
0.0693,71,0,0.0749,10149.0,2,0,0,0,0.0,0
0.2704,56,0,0.109,3779.0,5,0,1,0,3.0,0
0.7505,50,0,0.1695,4157.0,8,0,2,0,0.0,0
0.2501,49,0,0.3028,7528.0,7,0,1,0,0.0,0
0.1221,25,0,0.4635,3669.0,6,0,0,0,0.0,0
1.3007,50,0,0.3248,,4,0,0,0,1.0,0
0.9767,49,0,0.9663,6622.0,8,0,1,0,2.0,0
0.2931,53,0,0.4481,8086.0,8,0,4,0,0.0,0
0.359,49,0,0.3883,3484.0,4,0,0,0,1.0,0
0.1612,72,0,0.3658,4000.0,7,0,3,0,2.0,0
0.4634,48,0,0.4019,2069.0,5,0,1,0,1.0,0
1.7662,40,1,0.0442,3305.0,9,0,1,2,0.0,0
0.5841,29,0,0.1678,2611.0,8,0,1,0,0.0,0
0.482,46,0,0.7831,5253.0,7,0,4,0,0.0,0
0.6254,37,0,0.4186,,7,0,1,0,0.0,0
0.5456,34,0,0.8925,14137.0,6,0,1,0,4.0,0
0.1425,48,0,0.4911,5110.0,13,0,3,0,2.0,0
0.743,68,0,0.8123,4729.0,8,0,0,0,1.0,0
0.1039,65,0,0.6328,1739.0,7,0,1,0,1.0,0
0.7056,34,0,0.8952,6941.0,11,0,0,0,1.0,0
0.3949,53,0,0.1425,5047.0,8,0,1,0,0.0,0
0.1356,58,0,0.0605,6799.0,9,0,1,0,0.0,0
0.0254,60,0,0.8574,25949.0,5,0,0,0,3.0,0
0.2732,74,1,0.3171,2336.0,10,1,1,0,0.0,0
0.712,36,0,0.215,4086.0,9,0,1,0,0.0,0
0.3907,40,0,0.5079,14644.0,8,0,2,0,0.0,0
2.4092,43,0,0.2998,,5,0,3,0,1.0,0
0.032,57,0,0.3039,2202.0,10,0,1,0,1.0,0
0.0514,21,0,0.3593,2647.0,9,0,0,0,1.0,0
0.3037,49,0,0.5654,3334.0,10,0,0,0,0.0,0
0.2043,27,0,0.4903,,7,0,1,0,1.0,0
0.1458,52,0,0.8274,1570.0,11,0,1,0,1.0,0
0.1107,81,0,0.4983,8241.0,7,0,0,0,1.0,0
0.26,65,0,0.6205,4071.0,10,0,2,0,0.0,0
3.0811,35,0,0.4946,,7,0,1,0,0.0,0
2.6678,46,0,0.1438,,5,0,2,0,0.0,0
0.2425,40,0,0.4784,4496.0,10,0,1,0,0.0,0
2.3476,70,0,0.4013,4096.0,4,0,6,0,,0
0.3715,21,0,0.5856,3624.0,9,0,2,0,0.0,0
0.9152,46,0,0.9464,,12,0,1,0,0.0,0
0.0675,42,0,0.3496,6150.0,10,0,0,0,1.0,0
0.5322,36,0,0.179,4374.0,6,0,2,0,2.0,0
0.3411,75,0,0.539,9763.0,8,0,1,0,0.0,0
0.6837,30,0,0.6269,1640.0,9,0,1,0,0.0,0
0.3361,35,0,1.0715,4857.0,9,0,1,0,0.0,0
0.3831,74,0,0.9592,,5,0,1,0,1.0,0
0.5035,51,2,0.0904,3779.0,6,0,2,0,0.0,0
1.0278,50,0,0.0832,3912.0,13,0,3,0,0.0,0
2.1612,43,0,0.8951,1986.0,9,0,1,0,1.0,0
0.5339,52,0,0.6998,4622.0,8,0,0,0,0.0,1
0.0467,46,0,0.7973,4184.0,9,0,1,0,0.0,0
0.0963,42,0,0.2455,6864.0,5,0,2,0,1.0,0
0.7446,32,0,0.41,9392.0,9,0,0,0,0.0,0
0.5687,53,1,0.3606,1362.0,8,0,3,0,3.0,0
0.6715,44,0,0.4105,2986.0,7,0,0,0,0.0,0
0.083,45,0,0.6527,6540.0,9,0,0,0,1.0,0
0.0279,61,4,0.1979,1542.0,12,0,3,0,0.0,0
0.4388,45,0,0.4629,,8,0,0,0,0.0,1
0.3851,50,0,0.3533,5038.0,12,0,1,0,2.0,0
0.6028,75,0,0.9008,2123.0,3,0,0,0,1.0,1
0.7454,57,0,0.8755,8428.0,7,0,0,0,0.0,0
0.2219,44,0,0.1741,6222.0,9,0,2,0,1.0,0
1.018,37,0,0.5591,20081.0,7,0,1,0,0.0,0
1.1389,50,0,0.0693,3284.0,9,0,1,0,1.0,0
5.055,63,0,0.4173,4127.0,8,0,0,0,1.0,0
0.5856,44,0,0.7531,,7,0,0,0,0.0,0
0.1698,51,0,0.2787,,9,0,0,0,0.0,0
0.3884,43,0,0.1264,2048.0,8,0,3,0,1.0,0
0.3498,46,0,0.8746,3197.0,7,0,0,0,1.0,0
1.167,34,0,0.4706,5967.0,5,0,3,0,3.0,0
0.3461,55,0,0.5004,4446.0,9,1,2,0,0.0,0
0.5961,53,0,0.2497,,8,0,5,0,4.0,0
0.6864,72,0,0.5633,10017.0,7,0,0,0,2.0,0
0.3787,53,0,0.8626,4276.0,11,0,0,0,2.0,0
4.8689,41,0,0.2068,4623.0,8,0,2,0,0.0,0
0.2945,71,0,0.2576,3070.0,8,0,0,0,3.0,0
4.2731,56,0,0.6348,2325.0,8,0,0,0,0.0,0
0.3671,54,0,0.1688,4561.0,8,0,1,0,1.0,0
0.6453,51,0,0.2942,4893.0,10,0,1,0,1.0,1
0.5761,53,0,1.1703,6442.0,6,0,1,0,0.0,0
0.2517,39,1,0.9032,,4,0,1,0,0.0,0
2.7055,50,0,0.9586,3388.0,9,0,2,0,0.0,1
0.2851,48,0,0.6025,3150.0,4,0,2,0,1.0,0
0.6443,56,0,0.1525,5596.0,5,0,1,0,0.0,0
0.3288,67,0,0.0775,9514.0,8,0,0,0,3.0,0
0.0826,65,0,0.6044,,7,0,1,0,0.0,0
0.3364,58,0,0.4465,3620.0,7,0,0,1,0.0,0
0.3497,27,0,0.6159,3907.0,10,0,0,0,,0
0.5198,45,0,0.7906,4063.0,15,0,1,0,1.0,0
0.401,25,0,0.4604,7623.0,12,0,1,0,0.0,0
0.8725,66,0,0.4729,3087.0,9,0,3,0,1.0,0
1.1255,49,0,0.9905,7331.0,7,0,1,0,2.0,0
0.3381,49,0,0.507,6027.0,4,0,0,0,0.0,0
0.6577,41,0,0.6361,5423.0,5,0,0,0,0.0,0
0.1694,69,0,0.178,,8,0,0,0,0.0,0
0.3086,52,0,1.5987,9439.0,6,0,0,0,0.0,0
0.524,49,0,0.553,10876.0,5,0,1,0,2.0,0
0.4228,53,0,0.2818,4949.0,6,0,1,0,1.0,0
5.4759,54,1,0.7255,3421.0,13,0,1,0,2.0,0
0.3679,49,0,0.7782,2096.0,8,0,0,0,1.0,0
0.0293,69,0,0.1633,12720.0,8,0,0,0,1.0,0
0.0276,69,0,0.4849,,6,0,1,0,2.0,0
1.3951,52,0,0.1722,,10,0,0,0,0.0,0
0.2056,40,0,1.0955,,3,0,1,0,1.0,0
1.6346,56,0,0.6159,,5,0,2,0,1.0,0
0.5245,43,2,0.3967,,9,0,2,0,2.0,0
0.3665,71,0,0.4194,5534.0,7,0,1,0,1.0,0
0.3548,73,0,0.2909,,9,0,0,0,1.0,0
0.2923,61,0,0.324,5195.0,4,0,1,0,1.0,0
1.4497,35,0,0.8079,1387.0,9,0,1,0,1.0,0
0.5995,44,0,0.463,2947.0,9,0,0,0,0.0,1
0.2202,48,0,0.1094,13272.0,5,0,0,0,0.0,0
0.319,39,0,0.0283,6003.0,11,0,2,0,0.0,0
0.2541,47,0,0.4207,4348.0,11,0,0,0,1.0,0
0.8036,54,0,0.4643,5018.0,5,0,3,0,0.0,0
0.0333,58,0,0.3883,,16,0,2,0,1.0,0
0.1853,69,0,0.3001,4641.0,12,0,0,0,0.0,0
0.4047,51,0,0.6674,2398.0,5,0,1,0,1.0,0
0.6498,47,0,0.8991,,8,0,0,0,1.0,0
0.2061,33,0,0.1388,1606.0,8,0,1,0,0.0,0
0.1996,56,0,0.3309,,7,0,1,0,1.0,0
0.5422,45,0,0.7063,10303.0,5,0,0,0,1.0,0
1.778,48,0,0.5633,6133.0,3,0,0,0,0.0,0
0.5843,43,0,0.8302,10365.0,8,0,2,0,1.0,0
2.6896,44,0,0.4046,6554.0,6,0,0,0,0.0,0
0.2557,61,0,0.3036,,11,0,2,0,2.0,0
0.2661,50,0,0.092,,10,0,0,0,1.0,0
0.8688,73,0,0.7059,,13,0,0,0,0.0,1
0.8572,35,0,0.3929,3734.0,4,0,1,0,0.0,0
0.4583,69,0,0.3056,7582.0,5,0,1,0,2.0,0
0.3442,44,0,1.0258,,9,0,0,0,1.0,0
0.3789,50,0,0.1948,4855.0,10,0,1,0,0.0,0
0.2607,58,0,0.1275,2166.0,7,0,0,0,2.0,0
0.0863,65,0,0.0973,5485.0,9,0,1,0,1.0,0
0.8028,66,0,0.4393,4370.0,6,0,2,0,2.0,1
2.4845,66,0,0.425,7187.0,6,0,1,0,0.0,0
0.9439,48,0,0.2602,,7,0,1,0,0.0,0
0.931,76,1,0.5459,3101.0,4,0,0,0,0.0,0
0.5425,60,0,0.5118,4768.0,15,0,1,0,1.0,0
2.9942,21,0,0.6763,,3,0,0,0,,1
0.1326,52,0,0.8391,17274.0,6,0,1,0,1.0,0
0.5797,46,0,0.2818,5015.0,7,0,2,0,1.0,0
0.0263,47,0,0.789,,10,0,1,0,,0
0.4572,60,0,0.8497,,7,0,1,0,0.0,0
0.1717,56,0,0.3273,970.0,20,0,2,0,2.0,0
0.1016,42,0,0.4469,4302.0,7,0,0,0,0.0,0
1.0424,72,0,0.4246,,5,0,1,0,1.0,0
0.3601,33,0,0.6907,,6,0,1,0,2.0,0
0.1604,33,0,0.3974,2371.0,12,0,1,0,0.0,0
0.1405,36,0,0.2691,,8,0,1,0,0.0,0
0.5658,58,0,0.2432,,6,0,2,0,2.0,0
0.7187,57,0,0.5726,6025.0,9,0,1,0,1.0,0
1.0282,40,0,0.6925,23138.0,13,0,5,0,,0
0.1659,43,0,0.4062,11472.0,13,0,0,0,3.0,0
0.0838,51,0,1.0041,5063.0,12,0,1,0,2.0,0
1.1788,36,0,1.0116,,9,0,2,0,1.0,0
0.4028,63,0,0.2357,9525.0,8,0,2,0,0.0,0
0.0484,73,0,0.9699,,7,0,0,0,1.0,0
0.2766,49,0,0.2896,6026.0,10,0,1,0,0.0,0
0.2022,56,0,0.3133,13158.0,9,0,1,0,1.0,0
0.1426,53,0,0.3071,5398.0,9,0,0,0,1.0,0
2.8543,71,0,0.5188,4879.0,3,0,1,0,3.0,1
0.2289,79,0,0.0641,2783.0,8,0,0,0,0.0,0
0.3831,46,0,0.116,4657.0,10,0,2,0,1.0,0
0.4247,52,0,0.6264,10357.0,5,0,2,0,0.0,0
0.6661,63,0,0.6231,10348.0,9,0,1,0,0.0,0
1.0429,56,0,0.3713,30577.0,7,0,1,0,2.0,0
0.5108,39,0,0.5397,3289.0,6,0,2,0,2.0,0
0.4649,26,0,0.7711,,8,0,0,0,1.0,0
1.3787,43,0,0.5326,,7,0,0,0,0.0,1
2.8156,56,0,0.4281,6847.0,11,0,2,0,0.0,0
0.3895,46,0,1.2129,5127.0,7,0,1,0,3.0,0
0.5503,37,0,0.0943,2856.0,5,0,0,0,1.0,0
0.3106,43,0,0.4853,,8,0,0,0,1.0,0
0.1098,77,0,0.1605,5109.0,7,0,2,0,0.0,0
3.1373,36,0,0.683,3051.0,12,0,2,0,1.0,0
0.3234,47,0,0.2781,2238.0,12,0,0,0,0.0,0
0.1686,44,0,0.6194,9320.0,10,0,2,0,1.0,0
0.1104,79,0,0.7262,3193.0,7,0,0,0,1.0,0
0.1992,31,0,0.4905,2007.0,9,0,2,0,1.0,0
2.0842,40,3,0.9711,,5,0,2,2,0.0,0
0.6271,52,0,0.2619,2798.0,3,0,0,0,2.0,0
1.137,54,0,0.5055,6429.0,4,0,2,0,1.0,0
0.361,67,0,0.4446,5783.0,5,0,1,0,0.0,0
0.1723,66,0,0.2002,12967.0,11,0,0,0,1.0,0
0.4282,42,0,0.6351,,8,0,2,0,3.0,0
0.271,56,0,0.1001,,11,0,1,0,1.0,0
0.447,49,0,1.1405,5133.0,10,0,1,0,0.0,0
0.347,45,0,0.4933,4071.0,15,0,1,0,3.0,0
0.0337,66,0,0.4016,4471.0,11,0,0,0,4.0,0
0.4863,55,0,0.6998,,13,0,1,0,0.0,0
0.6611,74,0,0.3446,10808.0,9,0,1,0,1.0,0
0.4123,58,0,0.6275,3426.0,6,0,1,0,1.0,0
0.6478,64,0,0.7956,5145.0,6,0,0,0,1.0,0
0.3424,21,0,0.6082,7681.0,9,0,1,0,0.0,0
0.0586,53,0,0.5457,3939.0,8,0,2,0,0.0,0
0.4102,58,0,0.5685,14577.0,8,0,1,0,1.0,0
0.3003,59,0,0.3337,3881.0,7,0,1,0,0.0,0
0.365,73,0,0.694,3218.0,7,0,0,0,2.0,0
0.2213,60,0,0.2586,3777.0,9,0,0,0,1.0,0
0.2235,35,0,0.4505,22292.0,15,0,0,0,1.0,0
0.4797,59,0,0.7632,5984.0,6,0,0,0,0.0,0
0.6561,63,0,0.665,,6,0,1,0,0.0,0
0.2552,43,0,0.8203,1914.0,7,0,2,0,0.0,0
0.4561,46,0,0.0753,6215.0,5,0,0,0,,0
0.8285,63,0,0.16,8038.0,5,0,0,0,3.0,0
0.5901,52,0,0.4145,6035.0,9,0,1,0,1.0,0
3.2054,67,0,0.8589,3983.0,7,0,0,0,2.0,0
0.3081,54,0,0.3097,9055.0,5,0,2,0,0.0,0
0.2795,21,0,0.5535,,5,0,0,0,0.0,0
0.8585,52,0,0.3163,1941.0,8,0,2,0,3.0,0
0.2715,46,0,0.4575,2785.0,5,0,0,0,0.0,0
0.0017,60,0,0.7809,,6,0,0,0,1.0,0
0.3095,58,0,0.8996,6190.0,11,0,0,0,1.0,0
0.0037,38,0,0.251,3883.0,9,0,2,0,0.0,0
3.0532,54,0,0.3355,,9,0,1,0,1.0,1
0.0197,59,0,0.7043,6663.0,8,0,0,0,1.0,0
3.6409,58,0,0.1476,7445.0,6,0,0,0,0.0,0
0.619,65,0,0.2503,14371.0,5,0,1,0,0.0,0
0.1149,37,0,0.3382,2913.0,6,0,0,0,2.0,0
0.3108,49,0,0.5099,10708.0,6,0,1,0,0.0,0
0.1731,21,0,0.3801,5890.0,6,0,4,0,3.0,0
1.2325,68,0,0.3854,6566.0,6,0,2,0,3.0,0
0.8114,53,0,0.6625,,7,0,1,0,1.0,0
2.5359,50,0,0.6426,16075.0,11,0,0,0,3.0,0
0.5947,50,0,0.168,10010.0,4,0,1,0,0.0,0
0.1863,59,0,0.104,2073.0,10,0,1,0,2.0,0
0.2998,67,0,0.0798,2349.0,8,0,0,0,1.0,0
0.2555,48,0,0.0739,7825.0,16,0,0,0,0.0,0
0.1462,58,0,0.2406,10850.0,10,0,1,0,0.0,0
1.0921,58,0,0.3331,4772.0,12,1,0,0,0.0,0
0.6808,21,0,0.4963,,8,0,1,0,0.0,0
0.3738,42,0,0.4332,,8,0,1,0,1.0,0
0.163,58,0,0.2934,,8,0,0,0,0.0,0
0.207,69,0,0.3726,8523.0,11,0,0,0,0.0,0
0.1448,71,0,0.7184,,7,0,0,0,1.0,0
0.1659,35,0,0.6184,6608.0,9,0,2,0,1.0,0
0.0451,66,0,0.3209,6944.0,8,0,0,0,2.0,0
0.3181,66,0,0.4966,3113.0,8,0,0,0,2.0,0
0.1283,58,0,0.1141,5943.0,10,0,1,0,1.0,0
0.2262,24,0,0.3667,,10,0,1,0,2.0,0
0.4621,44,0,0.7059,12847.0,8,0,1,0,,0
0.1248,54,0,0.5383,6771.0,8,0,2,0,1.0,0
0.2213,49,0,0.3544,,8,0,1,0,0.0,0
0.4073,22,0,0.4792,,6,0,1,0,2.0,0
0.7556,48,0,0.4015,6054.0,8,0,1,0,1.0,0
0.6319,39,0,0.0507,12055.0,11,0,0,0,0.0,0
0.6739,60,0,0.4027,8128.0,10,0,1,0,0.0,0
0.3289,59,0,0.4734,4922.0,15,0,2,0,2.0,0
0.7251,59,0,0.5542,,7,0,0,0,2.0,1
0.0891,47,0,0.4479,3150.0,13,0,1,0,0.0,0
0.7682,52,0,0.0904,4799.0,4,0,0,0,1.0,0
0.2326,51,0,0.2761,7488.0,9,0,1,0,3.0,0
0.0037,65,0,0.4614,8204.0,7,0,2,0,2.0,0
0.01,45,0,0.6062,4827.0,8,0,0,0,2.0,0
0.7402,41,0,0.8639,4073.0,9,0,1,0,1.0,0
1.7549,65,2,0.8254,2466.0,7,0,0,1,2.0,0
0.152,63,0,1.0144,11303.0,8,0,2,0,0.0,0
0.2205,59,0,0.4282,3032.0,7,0,2,0,0.0,0
0.1516,74,0,0.1538,3717.0,8,0,1,0,0.0,0
0.4398,81,0,0.7175,4527.0,10,0,0,0,1.0,0
0.0638,69,0,0.4101,7221.0,5,0,1,0,1.0,0
0.1586,42,0,0.3597,,5,0,1,0,0.0,0
0.1942,64,0,0.7335,6126.0,4,0,1,0,0.0,0
0.8183,54,0,0.8714,13141.0,12,0,0,0,0.0,0
0.217,44,0,0.7001,4054.0,5,0,0,0,0.0,0
0.1307,42,0,0.4978,20711.0,6,0,1,0,0.0,0
0.5488,56,0,0.0399,14360.0,7,0,2,0,1.0,0
0.5531,63,0,0.278,5255.0,4,0,0,0,1.0,0
0.0131,71,0,0.9369,2156.0,6,0,0,0,2.0,0
1.4559,61,0,0.6002,12312.0,10,0,0,0,0.0,0
0.6771,60,0,0.2887,1698.0,10,0,1,0,1.0,0
2.2838,49,0,0.3734,,10,0,0,0,0.0,0
1.343,55,0,0.2402,6413.0,9,0,0,0,0.0,0
0.1532,31,0,0.1536,3602.0,4,0,2,0,1.0,0
2.1151,60,0,0.6947,4345.0,7,0,0,0,0.0,0
0.8363,58,0,0.6962,,14,0,0,0,3.0,0
0.1959,79,0,0.646,,6,0,1,0,1.0,0
0.2316,51,0,0.5841,10061.0,10,0,1,0,0.0,0
0.3883,69,0,0.8347,,11,0,0,0,0.0,0
0.2888,45,0,0.1626,5132.0,7,0,2,0,2.0,0
0.1617,76,0,0.3218,,7,0,1,0,1.0,0
0.3372,72,0,0.0591,3161.0,8,0,2,0,0.0,0
1.3596,68,0,0.8177,,11,0,3,0,3.0,0
0.6725,53,0,0.2924,6922.0,11,0,2,0,1.0,0
0.5609,49,0,0.6371,6970.0,14,0,0,0,0.0,0
0.251,47,0,0.6311,6799.0,9,0,1,0,0.0,0
0.1871,38,0,0.355,,5,0,1,0,0.0,0
0.1958,59,0,0.0263,4390.0,4,0,1,0,0.0,0
0.3901,49,0,0.3738,8663.0,11,0,1,0,0.0,0
2.1561,57,1,0.358,3492.0,8,0,1,0,0.0,0
0.8988,54,0,0.2251,10543.0,14,0,1,0,0.0,0
0.2441,37,0,0.1022,4529.0,6,0,0,0,1.0,0
0.3859,67,0,0.6036,4071.0,11,0,0,0,0.0,0
0.5451,53,0,1.1127,4738.0,10,0,0,0,3.0,0
0.4481,64,0,0.0317,5707.0,10,0,1,0,0.0,0
0.0527,36,0,0.4647,,6,0,2,0,0.0,0
0.2632,41,0,0.6496,4896.0,11,0,0,0,2.0,0
0.4223,47,0,0.4665,1519.0,11,0,4,0,2.0,0
0.1166,55,0,0.5077,10789.0,10,0,1,0,0.0,0
0.4817,51,0,1.1539,,9,0,0,0,0.0,0
4.2379,71,0,0.7576,10660.0,9,0,1,0,0.0,0
2.3223,66,0,0.8136,6278.0,5,0,1,0,1.0,0
1.9238,42,0,0.6627,4597.0,7,0,1,0,0.0,0
0.0321,93,0,0.7087,,11,0,0,0,0.0,0
0.78,51,0,0.4966,4563.0,9,0,1,0,2.0,0
0.3957,70,0,0.1925,1952.0,10,0,1,0,1.0,0
1.0309,48,3,0.1662,12944.0,9,0,1,0,2.0,0
0.6922,61,0,0.2143,5958.0,6,0,0,0,0.0,0
0.2944,65,0,0.2343,3512.0,8,0,1,0,1.0,0
0.7491,31,0,0.644,12448.0,15,0,0,0,1.0,0
0.1441,76,0,0.3428,,5,0,0,0,1.0,0
0.6768,41,0,0.4116,8386.0,9,0,1,0,1.0,0
0.0401,47,0,0.9266,18495.0,10,0,0,0,0.0,0
0.223,44,0,0.3073,2777.0,10,0,2,0,0.0,0
0.0179,44,0,0.327,9957.0,11,0,0,0,1.0,0
0.4788,45,0,0.8,8800.0,12,0,0,0,3.0,0
0.3888,35,0,0.3269,14635.0,7,0,1,0,0.0,0
0.5074,63,0,0.4453,2300.0,7,0,0,0,0.0,0
0.1553,54,0,0.6281,7433.0,6,0,0,0,0.0,0
0.6253,50,0,0.5641,6917.0,10,0,1,0,1.0,0
0.0782,66,0,0.5218,,12,0,0,0,0.0,0
0.5216,77,0,0.3413,3255.0,8,0,1,0,0.0,0
0.6934,30,0,0.1491,2236.0,11,0,1,0,3.0,1
0.0995,75,0,0.2905,9371.0,8,0,2,0,0.0,0
0.3555,52,0,0.3143,9206.0,6,0,0,0,0.0,0
0.207,33,0,0.5183,2804.0,8,0,1,0,0.0,0
0.582,58,0,0.5009,,7,0,3,0,1.0,0
0.5877,50,0,0.2204,,12,0,0,0,0.0,0
0.1522,64,0,0.5699,8179.0,7,0,2,0,0.0,0
0.4206,54,0,0.2787,3654.0,7,0,3,0,0.0,0
2.1695,57,0,0.5181,,6,0,2,0,1.0,0
0.2263,46,0,0.1793,2381.0,8,0,3,0,0.0,0
0.3423,38,0,0.1825,1643.0,6,0,1,0,2.0,0
1.0183,62,1,0.6999,4283.0,11,0,0,1,0.0,0
4.4949,45,0,0.1064,7482.0,7,0,2,0,1.0,0
0.496,58,0,0.3845,1787.0,7,0,4,0,1.0,1
0.2635,73,0,0.6207,3987.0,4,0,0,0,0.0,0
0.5237,50,0,1.161,4026.0,8,0,1,0,0.0,0
4.4852,62,0,0.6114,4881.0,5,0,1,0,0.0,0
5.0753,52,0,0.8625,4115.0,10,0,0,0,2.0,0
0.1283,47,0,0.9205,9344.0,8,0,2,0,4.0,0
0.4529,30,0,0.9797,,3,2,1,0,2.0,0
0.603,51,0,0.3529,,6,0,2,0,1.0,0
0.1575,50,0,0.4278,3193.0,9,0,0,0,0.0,0
2.2656,40,0,0.1999,3046.0,11,0,1,0,0.0,0
0.0219,24,0,0.2531,,7,0,1,0,0.0,0
0.599,29,0,0.3203,12206.0,11,0,1,0,0.0,0
0.1761,77,0,0.4251,10624.0,10,0,0,0,2.0,0
0.1538,53,0,0.3026,7503.0,7,0,0,0,0.0,0
1.1651,32,0,0.0705,13353.0,2,0,0,0,4.0,0
0.5343,44,0,0.1712,3862.0,11,0,0,0,1.0,0
0.5828,52,0,0.2488,8842.0,7,0,0,0,2.0,0
0.4284,58,0,0.7301,12274.0,11,0,0,0,0.0,0
0.267,49,0,1.1095,6297.0,7,0,0,0,0.0,0
0.0979,80,1,0.2779,1981.0,7,0,0,0,3.0,0
1.0736,81,0,0.1573,,6,0,1,0,0.0,0
0.2675,57,0,0.4201,5380.0,6,1,0,1,0.0,0
0.6034,47,0,0.2761,13925.0,6,0,0,0,0.0,0
0.5684,57,0,0.5188,6250.0,6,0,0,0,0.0,0
0.5334,33,0,0.3298,3077.0,10,0,0,0,1.0,0
0.9361,66,0,0.0459,,6,0,0,0,1.0,0
1.1259,54,2,0.1778,11830.0,12,0,1,0,0.0,0
0.448,35,0,0.4095,3601.0,8,0,0,0,1.0,0
0.4366,44,0,0.6445,3966.0,13,0,0,0,2.0,0
0.5734,60,0,0.4302,5727.0,4,0,1,0,1.0,0
0.8986,29,1,1.0869,2289.0,12,0,1,0,1.0,1
0.1225,39,0,0.5011,7627.0,7,0,1,0,4.0,0
0.1162,45,0,0.3038,2581.0,3,0,3,0,1.0,0
0.1549,66,0,0.3701,5468.0,6,0,0,0,1.0,0
0.7459,76,0,0.2086,6406.0,14,0,0,0,0.0,0
0.8524,57,0,0.7587,,10,0,0,0,1.0,1
0.1129,21,0,0.0624,2146.0,7,0,0,0,0.0,0
0.3599,36,0,0.751,5519.0,5,0,1,0,0.0,0
0.9574,95,1,0.6295,9099.0,7,0,2,0,1.0,0
0.4336,54,0,0.2163,7358.0,13,0,1,0,0.0,0
1.8883,21,0,0.7408,6151.0,6,0,0,0,1.0,0
0.7113,85,0,1.2015,10462.0,10,0,2,0,1.0,0
0.1309,33,0,0.4782,1591.0,10,0,0,0,0.0,0
1.1153,60,0,0.7351,5019.0,6,0,0,0,2.0,0
0.9038,36,0,0.2084,7262.0,8,0,2,0,1.0,0
0.3101,83,0,0.5051,4851.0,10,0,1,0,0.0,0
0.0042,32,0,0.3729,814.0,9,0,0,0,0.0,0
0.2131,44,0,0.3964,8018.0,15,0,1,0,0.0,0
0.0477,67,0,0.3364,5678.0,9,0,0,0,1.0,0
0.1556,44,0,0.2511,11063.0,5,0,2,0,1.0,0
0.1041,59,0,0.1502,7051.0,14,0,3,0,2.0,0
0.1722,64,0,0.0444,,9,0,0,0,0.0,0
0.1271,54,0,0.846,6938.0,4,0,0,0,0.0,0
0.7221,36,0,0.2416,10289.0,9,0,3,0,0.0,0
0.6615,41,0,0.6103,6124.0,10,0,0,0,1.0,0
0.3384,47,0,0.4939,8569.0,10,0,3,0,0.0,0
0.7753,60,0,0.1491,4310.0,11,0,1,0,1.0,0
0.045,63,0,0.488,5582.0,16,0,0,0,1.0,0
0.6161,55,0,0.3782,,11,0,0,0,2.0,0
0.1455,62,0,0.3168,2245.0,7,0,1,0,2.0,0
0.2229,30,0,0.5931,1299.0,9,0,1,0,0.0,0
0.0601,56,0,0.4158,,6,0,1,0,1.0,0
5.2888,51,0,0.219,3311.0,9,0,0,0,0.0,0
0.3957,59,0,0.4306,,7,0,0,0,0.0,0
7.2121,63,0,0.1638,4377.0,8,0,0,0,3.0,0
0.4147,37,0,0.5415,6733.0,13,0,4,0,0.0,0
0.6653,50,3,0.3858,3410.0,11,0,0,0,1.0,0
2.3256,71,0,0.2857,,8,0,3,0,0.0,1
0.1057,56,0,1.0885,2464.0,8,0,1,0,1.0,0
0.1006,51,1,0.1124,2961.0,6,0,0,0,1.0,0
0.2197,35,0,0.6246,,3,0,0,0,1.0,0
0.5743,60,0,0.2048,3279.0,8,0,3,0,1.0,0
1.0983,33,0,0.5094,2267.0,5,0,1,0,1.0,1
0.1536,50,0,0.7273,3509.0,5,0,1,0,1.0,0
0.1672,45,0,0.3745,7457.0,4,0,1,0,1.0,1
0.6117,58,0,0.602,,6,0,1,0,0.0,0
0.2595,44,0,0.8471,3919.0,4,0,1,0,3.0,0
0.8595,47,0,0.044,5546.0,6,0,1,0,1.0,1
0.5532,39,0,0.269,9098.0,7,0,1,0,0.0,0
0.563,49,0,0.9362,,6,0,1,0,0.0,0
0.3232,55,0,1.2502,22319.0,8,0,1,0,1.0,0
0.5936,47,0,0.681,5317.0,7,0,0,0,0.0,0
0.3247,48,0,0.2593,,7,0,0,0,2.0,0
4.0471,54,0,0.7276,4228.0,5,0,0,0,0.0,0
1.6153,66,0,0.2831,,9,0,1,0,0.0,0
0.6661,62,0,1.1557,1820.0,9,0,1,0,2.0,1
0.1119,34,0,0.7863,2552.0,7,0,0,0,2.0,0
0.59,63,0,0.4745,,11,0,1,0,0.0,0
0.0215,71,0,0.1917,2785.0,3,0,3,1,0.0,0
0.1948,62,0,0.3064,4479.0,12,0,1,0,2.0,0
3.9012,21,0,1.1548,8362.0,7,0,0,0,0.0,0
0.1465,56,3,0.1981,,7,0,0,0,0.0,0
0.2784,71,0,0.1816,3678.0,11,0,2,0,1.0,0
0.4821,46,0,0.2084,3876.0,12,0,1,0,0.0,0
0.7838,93,0,0.3932,,5,2,1,0,1.0,0
0.4948,21,0,0.3041,3845.0,10,0,2,0,1.0,0
0.04,54,0,0.3414,2098.0,5,0,0,0,0.0,0
0.8594,62,2,0.17,11180.0,4,0,1,1,1.0,0
0.3132,54,0,0.4752,4298.0,7,0,3,0,0.0,0
0.0429,54,0,0.6414,2812.0,9,0,0,0,0.0,0
0.5078,37,0,0.1794,1925.0,8,0,2,0,1.0,0
0.4872,44,0,0.2002,,4,0,1,0,0.0,0
0.6205,60,3,0.0827,1614.0,7,2,0,0,1.0,0
0.3794,22,0,0.1388,5244.0,14,0,0,0,0.0,0
0.0574,65,0,0.0853,,6,0,0,0,1.0,0
0.3163,50,0,0.4101,11789.0,9,0,1,0,1.0,0
3.0828,60,0,0.5679,13948.0,5,0,2,0,0.0,0
0.6499,64,0,0.5546,5767.0,6,0,3,0,3.0,0
2.0108,95,0,0.4659,1991.0,7,0,1,0,0.0,0
2.0771,72,0,0.0941,4545.0,11,0,1,0,1.0,0
0.5453,35,0,0.4004,4762.0,9,0,3,0,1.0,0
0.7152,82,0,0.63,17175.0,11,0,1,0,1.0,0
0.1365,21,0,0.0787,1764.0,6,0,0,0,1.0,0
0.7622,46,0,0.4424,,7,0,2,0,0.0,0
0.5416,54,0,0.3984,1459.0,10,0,0,0,0.0,0
1.0106,47,0,0.2175,9228.0,12,0,2,0,1.0,0
0.6617,56,1,0.6427,,3,0,1,1,0.0,0
0.0232,50,0,0.3841,1880.0,6,0,2,0,1.0,0
0.5502,70,3,0.3677,10214.0,10,0,0,1,0.0,0
0.5338,45,0,0.4351,2017.0,11,0,0,0,0.0,0
0.4724,50,0,0.4299,4644.0,3,0,2,0,1.0,0
0.9652,77,0,0.5382,10166.0,10,0,0,0,1.0,0
0.5756,66,0,0.8243,3278.0,7,0,1,0,0.0,0
0.2455,50,0,0.7547,5136.0,6,0,1,0,1.0,0
1.8605,59,0,0.6876,1799.0,6,0,0,0,0.0,0
6.7511,78,2,0.7507,15039.0,10,0,2,0,2.0,0
0.4171,33,0,1.1036,6022.0,12,0,1,0,1.0,0
0.0713,37,0,0.3614,5629.0,8,0,0,0,0.0,0
0.401,44,1,0.4663,,6,0,1,0,0.0,0
0.0686,55,0,0.3174,11607.0,8,0,2,0,0.0,0
0.1514,66,0,0.2985,,11,0,0,0,0.0,0
0.3379,41,0,0.5802,,3,0,3,0,0.0,0
0.1422,39,0,0.1867,5229.0,3,0,1,0,0.0,0
3.2412,34,0,0.4751,6096.0,11,0,2,0,0.0,0
0.0474,39,0,0.0823,2613.0,12,0,2,0,0.0,0
0.9026,43,0,0.67,12098.0,3,0,1,0,2.0,0
0.0186,22,0,0.311,,4,0,0,0,1.0,0
0.2469,44,0,0.2433,,10,0,3,0,1.0,0
0.6469,37,0,0.4272,6530.0,14,0,0,0,,0
0.0236,50,0,0.2967,7667.0,3,0,1,0,1.0,0
1.7677,76,0,0.1159,1450.0,9,0,0,0,1.0,1
0.5129,30,0,0.2636,8322.0,7,0,0,0,1.0,0
0.1052,66,0,0.3621,5209.0,9,0,1,0,1.0,0
6.2098,75,0,0.5188,5000.0,11,0,1,0,0.0,0
0.5057,66,0,0.0493,6060.0,8,0,0,0,1.0,0
1.8634,57,0,0.1385,,11,0,0,0,2.0,0
0.4566,70,0,0.2193,6871.0,6,0,1,0,2.0,0
0.2998,61,0,0.467,19940.0,9,0,2,0,2.0,0
0.5825,68,0,0.2654,4498.0,11,0,3,0,,0
0.3775,54,0,0.9867,3458.0,4,0,1,0,1.0,0
0.1938,37,0,0.2126,10669.0,7,0,0,0,1.0,0
0.0629,68,0,0.9337,4101.0,2,0,0,0,0.0,0
0.0349,89,0,0.4021,10288.0,10,0,0,0,4.0,0
0.1843,47,0,0.4577,4104.0,11,0,0,0,1.0,0
0.5312,52,0,0.164,16617.0,8,0,0,0,1.0,0
0.8251,54,0,0.5869,3135.0,8,0,1,0,1.0,0
0.3151,31,0,0.7051,,10,0,1,0,0.0,0
0.6235,40,0,0.6685,1875.0,14,0,1,0,4.0,0
0.0167,56,0,0.5618,,10,0,1,0,2.0,0
13.1652,51,0,0.326,10258.0,9,0,1,0,0.0,0
0.9462,52,1,0.3871,13975.0,6,0,1,0,0.0,0
2.2416,52,0,0.3882,8821.0,16,0,1,0,0.0,0
0.1366,50,0,0.4703,9539.0,6,0,0,0,1.0,0
3.503,41,0,0.3482,14183.0,10,0,1,0,1.0,0
0.4224,58,0,0.0122,7449.0,5,0,1,0,0.0,0
0.6337,57,0,0.6115,11183.0,5,0,0,0,1.0,0
0.4953,40,0,0.5825,4199.0,5,0,2,0,0.0,0
3.3188,58,0,0.4185,3059.0,9,0,3,0,0.0,0
0.1793,43,0,0.4297,,10,0,0,0,,0
0.4087,61,0,0.7056,,5,0,0,0,1.0,0
2.848,51,0,0.5935,5524.0,9,0,0,0,5.0,0
0.234,58,0,0.2813,1563.0,10,0,1,0,1.0,0
0.2332,54,0,0.2114,6278.0,8,0,1,0,,0
0.1177,51,0,0.3902,11120.0,3,0,0,0,1.0,0
0.3766,57,0,0.5298,1352.0,11,0,0,0,0.0,0
0.0882,64,0,0.4871,5092.0,7,0,0,0,0.0,0
0.1568,54,0,0.8335,4954.0,7,0,0,0,1.0,0
1.5714,53,0,0.1378,,9,0,1,0,2.0,0
0.4204,47,0,0.5889,,8,0,2,0,0.0,0
2.1273,27,0,0.4017,4810.0,16,0,0,0,0.0,0
1.6657,52,1,0.6598,5453.0,6,0,3,0,1.0,0
0.4077,34,0,0.4565,3895.0,10,0,2,0,1.0,0
0.4323,44,0,0.2098,,6,0,2,0,3.0,0
0.5667,40,0,0.1409,15807.0,10,0,1,0,0.0,0
0.183,42,0,0.4994,4130.0,5,0,1,0,1.0,0
0.1538,43,0,0.4087,,11,0,1,0,3.0,0
0.2383,59,0,0.1686,9531.0,3,0,1,0,1.0,0
0.6348,57,0,0.5243,23782.0,9,0,2,0,1.0,0
0.1238,54,0,0.4681,5793.0,10,0,2,0,1.0,0
0.412,69,0,0.404,,10,0,1,0,0.0,0
0.0579,95,0,0.6471,1901.0,7,0,0,0,0.0,0
0.2305,59,0,0.2878,12584.0,6,0,0,0,0.0,0
0.2657,65,0,0.3303,4649.0,10,0,1,0,0.0,0
0.2913,56,0,0.9091,16670.0,6,0,0,0,0.0,0
0.5959,61,0,0.8532,10261.0,5,0,0,0,0.0,0
0.038,29,0,0.6949,,6,0,0,0,1.0,0
0.7122,21,0,0.4003,6351.0,12,0,0,0,0.0,0
0.3932,22,0,0.7767,7625.0,3,0,0,0,0.0,0
3.2587,43,0,0.7386,1357.0,6,0,1,0,0.0,1
0.0288,71,0,0.0409,5410.0,5,0,0,0,1.0,0
0.0766,56,0,0.5286,5693.0,3,0,1,0,0.0,0
1.3863,47,0,0.559,2475.0,10,0,3,0,0.0,0
0.1244,60,0,0.6761,,7,0,1,0,0.0,0
1.0831,57,0,0.7267,,6,0,1,0,0.0,1
1.1771,33,0,0.3586,,6,0,1,0,1.0,0
0.3881,59,0,0.4803,,6,0,1,0,0.0,0
0.9401,64,0,0.5798,3289.0,9,0,1,0,,0
0.0275,81,0,0.3843,3569.0,7,0,0,1,2.0,0
0.0798,51,0,0.7292,20618.0,8,0,3,0,0.0,0
0.2594,76,0,0.2863,4423.0,8,0,1,0,1.0,0
0.6466,46,0,0.8117,6844.0,6,0,0,0,1.0,0
0.5259,85,0,1.213,4917.0,8,0,0,0,1.0,1
0.1088,44,0,0.729,,9,0,1,0,0.0,0
0.6845,61,0,0.4156,4207.0,7,0,1,0,1.0,0
0.1469,56,0,0.6985,2313.0,16,0,1,0,0.0,0
0.6519,73,0,0.5113,3491.0,14,0,1,0,0.0,0
0.9272,71,1,0.4174,2778.0,10,2,1,0,0.0,0
0.0652,37,0,0.0802,7464.0,12,0,0,0,2.0,0
0.1835,47,3,0.4003,11077.0,8,0,0,0,1.0,0
0.2432,82,0,0.4667,6795.0,11,0,1,0,0.0,0
0.0969,53,0,0.3009,,9,0,0,0,1.0,0
1.0177,63,0,0.1185,,5,0,0,0,0.0,0
0.3124,37,0,0.2951,,10,0,0,0,1.0,0
0.3877,49,0,0.0597,5106.0,6,0,1,0,0.0,0
0.085,42,0,0.6594,6768.0,11,0,2,0,0.0,0
0.1703,65,0,0.4637,8563.0,6,0,1,0,1.0,0
0.0001,62,0,0.0612,5302.0,6,0,0,0,0.0,0
0.6488,69,0,0.4983,4146.0,7,0,1,0,1.0,0
1.8316,37,0,0.3557,,11,0,0,0,1.0,0
0.5798,60,0,0.5497,,10,0,3,0,0.0,0
0.5452,52,0,0.1235,,10,0,0,0,0.0,0
1.4674,21,0,0.1186,3270.0,4,0,4,0,1.0,0
0.1558,58,0,0.9444,,9,0,0,0,3.0,0
0.1247,70,0,0.4406,,7,0,1,0,1.0,0
0.9379,74,0,1.5225,,6,0,0,0,1.0,1
0.2911,52,0,0.4612,29361.0,9,0,1,0,2.0,0
0.2955,64,0,0.7042,5058.0,5,0,1,0,2.0,0
2.7027,60,0,0.4181,6529.0,8,0,1,0,2.0,0
2.0561,41,0,0.4461,9136.0,4,0,1,0,1.0,0
0.3268,39,0,0.6568,9295.0,10,0,2,0,,0
0.5398,51,0,0.6783,10194.0,7,0,1,0,1.0,0
0.9661,49,3,0.462,5099.0,12,0,1,0,0.0,0
0.5758,53,0,0.2595,,8,0,0,0,2.0,0
0.3726,46,0,0.791,6591.0,5,0,1,0,1.0,0
0.2111,55,0,0.6259,6086.0,4,0,2,0,1.0,0
2.4043,37,0,1.0522,6569.0,7,0,1,0,0.0,0
0.1607,73,0,0.3005,5071.0,5,0,0,0,0.0,0
0.156,27,0,0.6726,1847.0,3,0,1,0,0.0,0
0.4341,51,0,0.4304,3774.0,12,0,1,1,0.0,0
0.7802,49,0,0.492,5298.0,15,0,1,0,0.0,0
0.2211,50,0,0.4816,6023.0,5,0,1,0,1.0,0
0.1921,40,0,0.2322,3494.0,7,0,1,0,0.0,0
0.0641,31,0,0.4238,3301.0,3,0,1,0,1.0,0
0.4204,55,0,0.3993,,13,0,1,0,2.0,0
0.4192,49,0,0.3193,5992.0,3,0,3,0,2.0,0
3.881,57,0,0.3742,,4,0,2,0,0.0,0
0.0601,29,0,0.3329,8516.0,7,0,0,0,0.0,0
0.3301,76,0,0.9459,6299.0,5,0,1,0,3.0,0
0.4337,51,0,0.0634,6062.0,6,0,3,0,0.0,0
0.1832,21,0,0.3083,4016.0,7,0,0,0,2.0,0
0.7545,55,0,0.8302,,5,0,2,0,1.0,0
0.9198,45,0,0.1595,6198.0,7,0,2,0,2.0,0
0.1321,36,0,0.5589,3623.0,10,0,1,0,0.0,0
0.5987,69,0,0.307,6082.0,11,0,1,0,1.0,0
0.5527,65,0,0.2802,5765.0,9,0,0,0,0.0,0
1.4455,57,0,0.6737,3465.0,9,0,1,0,2.0,0
0.0517,53,0,0.6828,6869.0,5,0,0,0,2.0,0
4.5572,59,0,0.6488,3926.0,9,0,1,0,0.0,0
0.5491,30,0,0.7094,,12,0,1,0,1.0,1
0.046,55,0,0.4443,17263.0,7,0,2,2,1.0,0
0.3364,69,0,0.7768,3953.0,4,0,3,0,0.0,0
0.2713,67,0,0.442,9607.0,6,0,1,0,0.0,0
0.0386,37,0,0.4835,11071.0,3,0,2,0,1.0,0
0.5229,55,0,0.6817,2945.0,7,0,1,0,1.0,0
0.0554,36,0,0.6298,10309.0,14,0,3,0,2.0,0
0.2122,54,0,0.3704,6167.0,10,0,0,0,1.0,0
0.2787,41,0,0.4145,5765.0,9,0,0,0,0.0,0
0.5349,40,0,0.4454,1177.0,6,0,0,0,1.0,0
0.2776,57,0,0.546,18913.0,8,1,2,2,2.0,0
0.2699,42,3,0.3647,7319.0,8,2,2,1,1.0,0
0.4873,41,0,0.7502,1826.0,8,0,0,0,0.0,0
1.1349,57,0,0.4438,3504.0,5,0,0,0,0.0,0
1.0324,31,0,0.4033,1323.0,14,0,1,0,2.0,0
2.7648,47,0,0.6991,,8,0,0,0,1.0,0
0.6921,30,0,0.2925,2756.0,13,0,0,0,1.0,0
0.3168,33,0,0.1568,13080.0,3,0,0,0,0.0,0
0.7111,68,0,0.0446,,11,0,1,0,1.0,0
0.9063,46,0,0.6349,2232.0,13,0,2,0,0.0,0
3.0496,42,3,0.6595,5189.0,9,0,1,0,0.0,0
0.3105,64,0,0.5128,4661.0,7,0,1,0,2.0,0
0.5414,75,0,0.1793,7841.0,9,0,1,0,2.0,0
0.2442,56,0,0.6469,12534.0,9,0,0,0,2.0,0
1.5383,66,0,0.6271,3863.0,5,0,1,0,0.0,0
0.591,44,0,0.811,,6,0,1,0,1.0,1
0.1576,53,0,0.213,8274.0,12,0,1,0,2.0,0
0.4701,52,0,0.2076,1306.0,4,0,1,0,0.0,0
0.2467,57,0,1.1166,7334.0,3,0,2,0,0.0,0
0.3292,66,0,1.0643,6162.0,8,0,1,0,2.0,0
0.6161,31,0,1.0486,3225.0,7,0,3,0,0.0,1
0.2647,40,0,0.7501,10042.0,6,0,2,0,1.0,0
0.152,45,0,0.1408,,11,0,2,0,1.0,0
0.5679,38,0,0.4048,2078.0,5,0,1,0,0.0,0
0.0974,55,0,0.074,5352.0,11,0,0,0,2.0,0
0.1512,55,0,0.3297,3034.0,8,0,2,0,2.0,0
0.0899,53,0,0.6969,4936.0,9,0,2,0,0.0,0
0.1561,46,2,0.7489,6301.0,12,2,1,1,,0
1.4862,71,1,0.5564,4632.0,4,0,2,0,0.0,0
0.3813,55,0,0.0613,,10,0,1,0,1.0,0
0.116,50,0,0.232,5041.0,10,0,0,0,1.0,0
0.3341,53,0,0.6169,,8,0,2,0,0.0,0
0.0432,62,0,0.0582,3075.0,15,0,0,0,0.0,0
0.3827,55,0,0.205,4469.0,9,0,0,0,1.0,0
0.0584,40,0,0.6071,3128.0,6,0,0,0,2.0,0
0.9154,77,0,0.126,,13,0,4,0,1.0,0
1.0742,58,0,0.969,1170.0,15,0,1,0,0.0,0
0.1569,36,0,0.1649,9760.0,10,0,0,0,0.0,0
0.6793,27,0,0.5229,,4,0,0,0,0.0,0
0.6104,62,0,0.5973,5653.0,6,0,1,0,0.0,0
0.2231,70,0,0.49,6096.0,8,0,2,0,3.0,0
0.9638,58,0,0.7278,1790.0,11,0,2,0,0.0,0
2.8559,61,0,0.6616,4434.0,3,0,1,0,1.0,0
0.1769,61,0,0.2389,2461.0,5,0,2,0,1.0,0
0.4967,52,0,0.2697,16980.0,8,0,0,0,2.0,0
0.2285,28,0,0.7821,,6,0,0,0,1.0,0
0.2042,42,0,0.0941,6661.0,10,0,2,0,,0
0.8342,63,0,0.5837,7652.0,9,0,1,0,0.0,0
0.1283,60,0,1.0295,1778.0,7,0,1,0,0.0,0
0.5465,49,0,0.5041,7181.0,5,0,2,0,0.0,0
0.2192,44,0,0.4266,2918.0,11,0,0,0,0.0,0
0.6469,54,0,0.8207,10316.0,4,0,2,0,0.0,0
0.0048,47,0,0.233,3700.0,13,0,4,0,0.0,0
0.2144,51,0,0.3081,,7,0,2,0,0.0,0
3.0317,54,0,0.4456,966.0,12,0,1,0,0.0,0
0.2808,41,0,0.0877,3381.0,9,0,3,0,0.0,0
1.0192,63,0,0.4389,6940.0,8,0,1,0,0.0,0
0.2644,50,0,0.0276,2438.0,12,0,0,0,0.0,0
0.2861,59,0,1.2842,7422.0,6,0,1,0,1.0,0
2.873,53,0,0.3393,1247.0,4,0,0,0,2.0,0
0.0047,74,0,0.7224,,11,0,0,0,0.0,0
0.5605,60,0,0.1403,,7,0,2,0,1.0,0
0.4636,58,0,0.5834,7426.0,9,0,0,0,1.0,0
3.5851,57,0,0.3975,4395.0,11,0,1,0,0.0,0
0.7568,81,0,0.4704,6734.0,10,0,0,0,1.0,0
0.4215,51,0,0.209,9376.0,11,0,3,0,,0
0.0974,54,0,0.6437,7126.0,10,0,0,0,1.0,0
0.8024,53,0,0.8411,4570.0,10,0,1,0,1.0,0
0.1039,24,0,0.6498,6513.0,4,0,1,0,0.0,0
0.4604,53,0,0.2795,19586.0,9,0,1,0,2.0,0
0.477,66,0,0.7527,,8,0,2,0,1.0,0
0.1177,59,0,0.8521,5552.0,7,0,3,0,0.0,0
0.0886,73,0,0.0432,3417.0,3,0,0,0,1.0,0
0.2009,63,0,0.8826,4721.0,8,0,2,0,0.0,0
1.8244,59,2,0.6029,14817.0,9,0,1,1,0.0,0
2.4358,64,0,0.4594,13827.0,4,0,0,0,1.0,0
0.078,57,0,0.7995,8205.0,7,0,2,0,1.0,0
0.1444,48,0,0.776,3580.0,9,0,0,0,0.0,0
0.9783,50,0,0.5188,2988.0,8,0,1,0,0.0,0
0.5485,21,3,0.3773,5563.0,8,0,2,1,1.0,0
0.0044,74,0,0.2725,2034.0,2,0,3,0,0.0,0
1.0149,49,0,0.242,,6,0,0,0,3.0,0
0.4196,37,0,0.9334,7254.0,10,0,1,0,2.0,0
0.1074,47,0,0.29,7263.0,7,0,0,0,2.0,0
0.3246,77,0,0.1839,13901.0,7,0,1,0,0.0,1
0.7134,53,0,0.9066,11801.0,5,0,0,0,1.0,0
0.792,56,0,0.5575,14288.0,9,0,0,0,1.0,0
0.2742,81,0,0.2223,3501.0,12,0,1,0,0.0,0
0.4606,64,0,0.4968,,8,0,2,0,0.0,1
0.935,48,0,0.7219,9313.0,8,0,0,0,0.0,0
0.5293,28,0,0.8986,3211.0,9,0,0,0,0.0,1
0.1689,61,0,0.1959,4768.0,9,0,0,0,,0
1.9721,43,0,0.6169,5599.0,8,0,1,0,0.0,0
0.4937,61,0,0.398,2273.0,9,0,3,0,1.0,0
0.1989,51,0,0.2303,11943.0,10,0,0,0,1.0,0
0.5287,58,0,0.4891,3561.0,3,0,0,0,,0
0.6297,65,0,0.548,9143.0,10,0,1,0,0.0,0
0.1114,28,0,0.1466,11560.0,4,0,0,0,0.0,0
0.4138,54,0,1.0103,1989.0,10,0,3,0,0.0,0
0.0422,52,0,0.5319,6284.0,12,0,0,0,,0
0.5361,56,0,0.4931,,3,0,2,0,0.0,0
0.6415,59,0,0.3493,2336.0,9,0,0,0,2.0,0
0.3877,54,0,0.5523,2831.0,10,0,2,0,0.0,0
0.6582,43,0,0.0173,3975.0,4,0,0,0,0.0,0
0.1003,36,0,0.2246,,10,0,3,0,1.0,0
0.7975,30,0,0.7122,2287.0,3,0,3,0,0.0,1
0.031,54,0,0.7638,,8,0,0,0,1.0,0
4.6192,59,1,0.7354,2008.0,14,0,0,0,1.0,0
0.346,47,0,0.3784,3853.0,9,0,2,0,1.0,0
0.4739,64,0,0.5949,,12,0,2,0,1.0,0
0.0476,50,0,0.4495,3878.0,13,0,0,0,0.0,0
0.6737,51,0,0.8433,,11,0,1,0,0.0,0
0.849,32,0,0.1786,,10,0,1,0,2.0,0
0.618,46,0,0.4939,3236.0,7,0,2,0,0.0,1
0.5272,65,0,0.4521,16270.0,5,0,0,0,0.0,0
0.164,72,0,0.3386,4184.0,11,0,1,0,0.0,0
1.337,49,0,0.4976,2184.0,6,0,2,0,0.0,0
1.7729,64,0,0.9118,,7,0,0,0,1.0,1
1.9457,72,0,0.8002,14618.0,8,0,1,1,1.0,0
1.6389,39,0,0.2491,11563.0,3,0,0,0,2.0,0
6.2587,56,0,0.2895,,10,0,1,0,0.0,0
0.6565,55,0,0.8584,,7,0,0,0,0.0,0
0.2074,67,0,0.1558,10405.0,15,0,1,0,0.0,0
0.1015,40,0,0.5066,,7,0,0,0,2.0,0
0.5328,56,0,0.6264,,5,0,1,0,0.0,0
0.0342,48,0,0.6063,,6,0,1,0,0.0,0
0.3585,58,0,0.2699,14026.0,11,0,0,0,0.0,0
3.6318,69,0,0.6639,2946.0,10,0,0,0,2.0,1
0.0825,73,0,0.0653,10415.0,7,0,1,0,0.0,0
0.065,69,0,1.0325,20538.0,8,0,1,0,0.0,0
0.4969,38,0,0.413,2582.0,13,0,0,0,1.0,0
0.5754,45,0,0.2344,6045.0,3,0,0,0,0.0,1
0.0632,66,0,0.1405,,11,0,0,0,1.0,0
0.1908,60,0,1.1482,1492.0,6,0,2,0,1.0,0
0.834,48,0,0.1378,7308.0,4,0,2,0,2.0,0
1.8662,39,0,0.5269,10516.0,8,0,0,0,0.0,0
0.4934,21,0,0.8507,5276.0,7,0,2,0,1.0,0
1.9858,30,0,0.3087,,10,0,2,0,0.0,0
0.6769,48,0,0.822,11073.0,11,0,3,0,0.0,0
0.0844,48,0,0.6205,5663.0,8,0,1,0,1.0,0
0.8151,58,0,0.2683,6367.0,5,0,2,0,0.0,0
0.0297,60,0,0.6894,12982.0,6,0,0,0,1.0,0
0.7794,84,0,0.9305,,6,0,0,0,1.0,1
0.5124,41,0,0.2892,4992.0,10,0,0,0,2.0,0
0.3496,25,0,0.9954,3920.0,3,0,0,0,0.0,0
0.1047,39,0,0.3578,4819.0,7,0,3,0,0.0,0
0.131,75,0,0.3376,2191.0,13,0,2,0,1.0,0
0.0201,52,0,0.0119,5771.0,10,0,2,0,0.0,0
0.4753,66,0,0.4797,7803.0,14,0,1,0,2.0,0
0.2969,44,0,0.1586,11387.0,9,0,2,0,0.0,0
0.0255,45,0,0.6678,7077.0,11,0,3,0,1.0,0
0.2622,28,1,0.1653,,9,0,1,0,0.0,0
0.6751,47,0,0.7157,5742.0,10,0,3,0,1.0,0
0.0348,52,0,0.6986,4228.0,7,0,0,0,0.0,0
0.9501,64,0,0.4462,,8,0,1,0,2.0,0
0.325,60,0,0.5539,5563.0,8,0,1,0,0.0,0
0.552,80,0,0.1536,6175.0,11,0,1,0,1.0,0
0.804,50,0,0.5299,,6,0,1,0,1.0,0
0.1005,55,0,0.5013,2634.0,7,0,2,0,0.0,0
0.1574,52,0,0.0176,3913.0,10,0,0,0,0.0,0
0.2277,42,0,0.6838,11706.0,6,0,2,0,0.0,0
0.1599,58,0,0.3586,4138.0,7,0,0,0,0.0,0
0.0085,48,0,0.3428,4740.0,9,0,2,0,0.0,0
0.7498,75,0,0.3616,4972.0,7,0,2,0,1.0,0
0.6065,41,0,0.1689,13006.0,9,0,0,0,0.0,0
0.0411,47,0,0.5252,8599.0,6,0,0,0,1.0,0
1.4514,35,0,0.6038,13385.0,6,0,1,0,1.0,0
0.3602,57,0,0.6243,,6,0,2,0,2.0,0
2.1535,33,0,0.5232,4939.0,8,0,2,0,0.0,0
0.3179,52,0,0.1638,,4,0,0,0,0.0,0
0.8056,36,0,0.689,2636.0,9,0,0,0,0.0,0
0.2316,38,0,0.5991,8309.0,6,0,0,0,1.0,0
2.3094,41,3,0.5502,3115.0,10,0,2,0,1.0,0
0.9005,62,0,0.3901,14747.0,7,0,1,0,1.0,0
0.1453,51,0,0.4907,1734.0,12,0,1,0,2.0,0
0.1568,50,0,0.2716,2706.0,6,0,1,0,0.0,0
1.5931,60,0,0.0688,8832.0,7,0,1,0,0.0,0
0.9767,43,0,0.1123,1315.0,15,0,1,0,0.0,0
0.0436,24,0,0.288,7248.0,5,0,1,0,0.0,0
0.2721,37,0,0.6896,3614.0,7,0,2,0,0.0,0
0.7479,48,0,0.8543,,9,0,2,0,2.0,0
4.8636,51,0,0.442,5910.0,9,0,3,0,0.0,0
0.4944,60,0,0.5465,5255.0,7,0,2,0,0.0,0
0.2112,50,0,0.3463,1775.0,3,0,1,0,0.0,0
0.1686,66,0,0.8249,5816.0,6,0,0,0,0.0,0
0.0998,57,0,0.1232,,8,0,2,0,0.0,0
0.5954,32,0,0.158,7672.0,5,0,0,0,1.0,0
4.6897,21,0,0.1646,3666.0,7,0,0,0,0.0,0
0.2021,38,0,0.3059,5460.0,2,0,1,0,0.0,0
0.3599,54,0,0.484,3202.0,8,0,0,0,1.0,0
0.98,57,0,0.7425,2898.0,12,0,0,0,2.0,0
0.043,51,0,0.1379,5223.0,8,0,0,0,1.0,0
0.6372,54,0,0.0231,26919.0,10,0,1,0,1.0,0
0.0093,70,0,0.2253,,7,0,1,0,1.0,0
0.1788,52,0,0.9396,4869.0,10,0,0,0,0.0,0
0.0303,57,1,0.9317,,10,0,3,1,1.0,0
0.335,74,0,0.2538,5765.0,5,0,2,0,0.0,1
0.5251,27,0,0.5956,5344.0,6,0,1,0,0.0,0
0.0625,76,0,0.1819,4005.0,12,0,1,0,0.0,0
0.3774,21,0,0.6559,3791.0,5,0,0,0,0.0,0
1.6876,40,0,0.4121,9007.0,6,0,1,0,1.0,0
0.3975,44,0,0.1088,1789.0,7,0,1,0,1.0,0
0.1919,29,0,0.721,3339.0,3,0,1,0,0.0,0
0.7336,50,0,0.7125,3027.0,5,0,2,0,2.0,0
0.2123,51,0,0.5639,3763.0,11,0,0,0,0.0,0
0.1948,62,0,0.8352,7531.0,9,0,0,0,0.0,0
4.644,62,0,0.0554,5864.0,2,0,2,0,,0
2.4178,54,2,0.1657,10049.0,9,0,0,1,4.0,0
0.4875,68,0,0.123,,6,0,1,0,0.0,0
0.3566,61,0,0.4218,,8,0,1,0,0.0,0
0.6142,47,0,0.3828,10127.0,2,0,2,0,0.0,0
0.6373,54,0,0.7908,4659.0,9,0,0,0,1.0,0
0.1575,43,0,0.4616,8604.0,4,0,0,0,2.0,0
3.7231,35,0,0.0834,2028.0,9,0,1,0,0.0,0
0.1024,58,0,0.5717,3716.0,8,0,0,0,1.0,0
0.7524,31,0,0.607,2315.0,9,0,0,0,1.0,1
0.6931,49,0,0.5997,12799.0,6,0,1,0,2.0,0
0.0288,21,0,0.5138,3300.0,8,0,1,0,0.0,0
0.6713,53,0,0.2918,2478.0,10,0,1,0,1.0,0
0.2415,42,0,0.283,2815.0,12,0,1,0,2.0,0
0.009,60,1,0.6753,,8,0,0,0,0.0,0
0.4414,49,0,0.125,4723.0,2,0,0,0,,0
0.3877,50,0,0.2666,6253.0,3,0,0,0,0.0,0
0.1426,53,1,0.8431,3742.0,6,0,1,0,0.0,0
0.5298,43,0,0.4005,2881.0,6,0,1,0,1.0,1
2.7518,44,1,0.7742,17371.0,4,0,4,0,1.0,0
0.0656,44,0,0.6997,,8,0,0,0,0.0,0
0.1903,50,0,0.7991,13536.0,10,0,1,0,0.0,0
0.6309,44,0,0.4085,2468.0,7,0,1,0,2.0,0
0.1303,58,0,0.6457,6523.0,7,0,2,0,2.0,0
0.3426,27,0,0.4078,2044.0,9,0,3,0,0.0,0
0.4961,31,0,0.3577,,8,0,0,0,1.0,0
0.4029,78,0,0.2929,7487.0,6,0,3,0,1.0,0
4.7006,46,0,0.37,5520.0,5,0,0,0,1.0,0
0.7412,38,1,0.1998,,10,0,1,1,1.0,0
0.0689,52,0,0.3785,2895.0,11,0,1,0,0.0,0
0.0855,63,0,0.6754,4616.0,3,0,2,0,0.0,0
0.4944,61,0,0.3524,4920.0,10,0,2,0,1.0,0
0.5901,42,0,0.4197,4230.0,9,0,0,0,2.0,0
0.6384,45,0,0.5962,4769.0,10,0,2,0,1.0,0
0.3501,47,0,0.2483,5031.0,10,0,0,0,,0
0.1746,56,0,0.1899,9868.0,7,0,2,0,0.0,0
1.3327,53,0,0.6401,,6,0,1,0,1.0,0
0.0307,39,0,0.4065,7360.0,8,0,1,0,0.0,0
0.6952,45,1,0.7754,6462.0,9,0,1,0,1.0,0
3.3432,48,0,0.6095,7393.0,4,0,1,0,0.0,0
0.2872,73,0,0.5243,,6,0,1,0,0.0,0
1.0227,50,0,0.3919,6829.0,9,0,0,0,1.0,0
0.636,95,0,0.7453,,8,0,1,0,2.0,0
0.1504,48,0,0.4897,3322.0,10,0,2,0,0.0,0
0.4832,28,0,0.653,8473.0,14,0,0,0,3.0,0
0.619,57,0,0.7498,5571.0,8,0,1,0,1.0,0
0.392,67,0,0.238,,6,0,0,0,3.0,0
0.1534,59,0,0.5833,5143.0,8,0,3,0,0.0,0
0.7296,55,0,0.4187,,7,0,0,0,1.0,0
0.4823,47,0,0.4737,3088.0,8,0,0,0,0.0,0
0.0739,48,0,0.4639,3233.0,7,0,2,0,0.0,0
1.0297,21,2,0.3406,3380.0,2,0,1,1,0.0,0
0.5211,64,0,0.1542,,9,0,1,1,0.0,0
1.1812,47,0,0.4495,10900.0,3,0,1,0,0.0,0
0.4008,68,3,0.1837,4539.0,12,0,1,1,0.0,0
1.499,45,2,0.6144,,10,0,1,0,0.0,0
0.2729,51,0,0.9901,3041.0,7,0,1,0,0.0,0
0.8988,69,0,0.4981,4136.0,7,0,1,0,2.0,0
0.4437,71,0,0.2403,,10,0,2,0,0.0,0
0.4976,64,0,0.1666,,7,0,1,0,0.0,0
0.4984,26,0,0.5296,6051.0,9,0,0,0,0.0,0
0.4813,34,0,0.405,3063.0,5,0,2,0,2.0,0
3.9761,62,0,0.4002,8067.0,8,0,1,0,0.0,0
0.3438,42,0,0.6853,3425.0,11,0,2,0,0.0,0
0.0258,53,0,0.2958,18858.0,7,0,2,0,0.0,0
0.5348,55,0,0.521,4518.0,5,0,2,0,0.0,0
0.6059,56,0,0.2784,3846.0,5,0,0,0,1.0,0
4.9713,37,0,0.3395,3585.0,5,0,1,0,,0
0.4439,66,0,0.8543,4319.0,6,0,2,0,0.0,1
0.177,45,0,0.5548,4552.0,12,0,0,0,0.0,0
0.6833,60,0,0.9313,8609.0,5,0,1,0,2.0,0
0.1845,49,0,0.4358,,11,0,1,0,1.0,0
0.5272,79,0,0.5146,7376.0,13,0,1,0,0.0,0
0.562,72,0,0.0773,,8,0,0,0,1.0,0
0.0257,82,0,0.8344,,9,0,0,0,0.0,0
0.3499,75,0,0.9147,12847.0,6,0,1,0,1.0,0
0.5973,50,0,0.2965,2781.0,9,0,0,0,0.0,0
0.1316,45,0,0.6365,4687.0,5,0,1,0,0.0,0
0.0494,36,0,0.7562,8478.0,9,0,0,0,1.0,0
0.2244,56,0,0.1866,9918.0,7,0,2,0,1.0,0
0.7539,52,2,0.1734,3169.0,10,0,3,0,0.0,0
0.395,51,0,0.5857,2021.0,8,0,2,0,3.0,0
0.7233,40,0,0.1316,2682.0,4,0,0,0,,0
0.1691,57,0,0.6777,13540.0,5,0,1,0,0.0,0
0.8756,47,0,0.6858,6426.0,5,0,2,0,0.0,0
1.0335,45,0,0.5992,3154.0,8,0,1,0,1.0,0
0.1943,54,0,0.703,7247.0,7,0,3,0,2.0,0
0.1885,51,0,0.1788,6133.0,8,0,1,0,1.0,0
0.081,32,0,0.3412,2919.0,6,0,1,0,0.0,0
0.2491,41,0,0.3912,4607.0,3,0,1,0,0.0,0
0.4869,59,0,0.2198,1357.0,11,0,2,0,0.0,0
0.2715,51,0,0.7186,6687.0,9,0,0,0,0.0,0
0.1735,25,0,0.2838,,5,0,1,0,0.0,0
2.5374,62,0,0.3472,,7,0,1,0,0.0,0
0.2749,51,0,0.1431,5235.0,7,0,1,0,2.0,0
0.1091,37,0,0.2296,9356.0,9,0,0,0,0.0,0
1.3068,43,0,0.6083,5594.0,8,0,0,0,0.0,0
1.44,54,0,0.7975,10514.0,6,0,1,0,3.0,0
3.8748,21,0,0.473,6775.0,4,0,1,0,0.0,0
0.2607,58,0,1.2198,9271.0,12,0,1,0,2.0,0
0.105,66,0,0.3641,2360.0,11,0,3,0,1.0,0
0.5943,64,0,0.0114,5057.0,5,0,1,0,1.0,0
0.1802,68,0,0.4579,3595.0,7,0,2,0,0.0,0
0.6438,41,0,0.6039,7913.0,7,0,0,0,1.0,0
0.0313,66,0,0.361,3176.0,10,0,0,0,0.0,0
0.1868,56,0,0.6392,,1,0,1,0,,0
0.7881,40,0,0.2675,,11,0,2,0,0.0,0
1.1718,59,0,0.1996,3418.0,13,0,0,0,2.0,0
0.6431,58,0,0.2687,6118.0,4,0,2,0,1.0,0
0.4075,74,0,0.491,3747.0,4,0,0,0,0.0,0
0.954,69,0,0.3122,3185.0,7,0,1,0,0.0,0
0.4273,42,0,0.6158,14721.0,10,0,2,0,0.0,0
0.3876,57,0,0.3095,6496.0,6,0,2,0,0.0,0
0.0207,57,0,0.5892,12321.0,4,0,2,0,2.0,0
6.7102,56,0,0.1033,,4,0,0,0,0.0,0
0.7526,48,0,0.2288,3826.0,15,0,0,0,1.0,0
0.0193,77,0,0.6913,2845.0,11,0,1,0,1.0,0
0.2252,43,0,0.1106,3829.0,3,0,1,0,1.0,0
0.7428,75,0,0.1517,,7,0,3,0,0.0,0
0.7231,32,0,0.2202,2835.0,16,0,1,0,0.0,0
0.0461,47,0,0.2052,9461.0,9,0,2,0,0.0,0
0.7217,63,0,0.6845,7510.0,10,0,1,0,2.0,0
0.4627,37,0,0.5566,4119.0,4,0,0,0,2.0,0
0.2585,42,0,0.398,3317.0,9,0,1,0,0.0,0
0.6655,59,0,0.3509,6127.0,10,0,0,0,1.0,0
0.3915,28,0,0.3824,,9,0,1,0,0.0,0
0.3188,67,0,0.741,12316.0,6,0,1,0,0.0,0
0.8183,73,0,0.722,2749.0,12,0,2,0,1.0,1
0.1145,73,0,0.169,4227.0,12,0,0,0,0.0,0
0.5166,57,0,0.3209,4992.0,11,0,1,0,2.0,0
0.8091,46,0,0.3612,3144.0,6,0,1,0,1.0,0
0.2277,47,0,0.2594,8204.0,7,0,0,0,0.0,0
0.1127,56,0,0.2017,10287.0,5,0,2,0,1.0,0
0.2051,54,0,0.0379,4474.0,9,0,3,0,1.0,0
0.2737,47,0,0.4065,4514.0,4,0,0,0,0.0,0
0.4454,74,0,0.9325,6714.0,6,0,0,0,0.0,0
0.6011,49,0,1.1224,1577.0,8,0,1,0,0.0,1
0.0568,72,0,0.7806,7606.0,10,0,0,0,1.0,0
0.1258,53,0,0.4439,,11,0,0,0,0.0,0
2.7943,53,0,0.6259,11015.0,6,0,0,0,1.0,0
0.2371,59,0,0.7219,,7,0,2,0,0.0,0
0.5326,59,0,0.1011,5356.0,9,0,0,0,0.0,1
0.2348,50,0,0.6288,8681.0,6,0,2,0,0.0,0
0.6103,60,0,0.8628,6896.0,3,0,1,0,0.0,0
2.8219,62,0,0.7098,6063.0,10,0,2,0,0.0,0
2.7174,75,0,0.1958,1868.0,8,0,1,0,2.0,0
0.4967,53,0,0.5672,4830.0,7,0,0,0,0.0,0
2.2677,41,0,0.2441,2843.0,7,0,2,0,0.0,0
0.3119,43,0,0.5095,2396.0,8,0,2,0,0.0,0
0.0471,85,0,0.6241,8923.0,11,0,2,0,1.0,0
0.2485,26,0,0.1896,4007.0,10,0,0,0,0.0,0
0.0009,35,0,0.0977,12887.0,4,0,1,0,2.0,1
0.2934,52,0,0.5955,3650.0,6,0,3,0,0.0,0
0.1181,43,0,0.1412,11164.0,10,0,4,0,0.0,0
0.2369,63,0,0.5091,,10,0,3,0,1.0,0
0.3132,62,0,0.4893,3778.0,6,0,0,0,1.0,0
0.8382,45,0,0.1211,9452.0,5,0,2,0,3.0,1
0.6955,73,0,0.5708,3178.0,17,0,0,0,2.0,0
0.4205,37,0,0.1404,8516.0,6,0,2,0,1.0,0
0.1557,42,0,0.1345,6156.0,9,0,1,0,4.0,0
0.0647,74,0,0.9452,,4,0,1,0,0.0,0
0.5508,34,0,0.6111,5268.0,3,0,0,0,0.0,1
0.4044,57,0,0.7813,6431.0,6,0,0,0,0.0,0
0.0466,74,0,0.5503,7053.0,8,0,1,0,,0
0.9171,21,0,0.5616,2671.0,11,0,0,0,1.0,1
1.6619,47,0,0.0594,10359.0,7,0,1,0,0.0,0
0.3523,65,0,0.1922,6021.0,12,0,2,0,0.0,0
5.058,48,0,0.2603,,8,0,1,0,1.0,0
0.7985,53,1,0.5778,,10,0,1,0,2.0,1
0.8344,55,2,0.3753,4763.0,10,0,0,2,1.0,0
0.0057,56,0,0.1491,,10,0,1,0,0.0,0
0.2301,41,0,0.5047,2383.0,7,0,2,0,1.0,0
0.2826,63,0,0.3577,11897.0,9,0,2,0,,0
0.5641,56,0,0.8138,4074.0,13,0,2,0,1.0,0
1.0356,36,0,0.4967,7427.0,6,0,0,0,,0
0.0076,45,0,0.2787,2229.0,6,0,1,0,1.0,0
0.2885,32,0,0.4954,,9,0,0,0,0.0,0
0.5759,55,0,0.3377,16021.0,7,0,0,0,1.0,0
0.2875,59,2,0.5714,14695.0,4,0,1,0,1.0,0
1.4371,55,0,0.1607,9420.0,6,0,3,0,0.0,0
0.859,60,0,0.3116,5375.0,7,0,0,0,2.0,0
0.5082,54,0,0.1033,10461.0,11,0,0,0,0.0,0
0.2564,63,0,0.8084,4184.0,7,0,1,0,0.0,0
0.6264,50,0,0.4221,3831.0,7,0,1,0,1.0,0
1.9781,62,0,0.3046,9144.0,8,0,0,0,1.0,0
0.0744,34,0,0.7819,,7,0,1,0,0.0,0
0.2196,32,0,0.713,,6,0,0,0,2.0,0
0.2197,53,0,0.6282,,15,0,2,0,0.0,0
3.6722,62,0,1.0042,,6,0,1,0,,0
0.5232,48,0,0.4921,6308.0,9,0,0,0,1.0,0
0.2407,61,0,0.4016,5565.0,12,0,1,0,0.0,0
0.5767,56,0,0.4642,4350.0,7,0,1,0,1.0,0
0.6735,23,0,0.5334,1908.0,10,0,0,0,4.0,1
0.1453,85,0,0.0883,22886.0,8,0,0,0,0.0,0
0.7222,34,0,0.2539,4203.0,10,0,4,0,0.0,0
0.3921,39,0,0.4194,4898.0,8,0,2,0,1.0,0
0.3949,68,0,0.5093,1539.0,9,0,0,0,1.0,0
0.1958,52,1,0.0802,,13,0,0,0,0.0,0
0.3787,41,0,0.1934,3971.0,5,0,1,0,1.0,0
0.0561,45,0,0.5109,12095.0,6,0,1,0,1.0,0
2.8621,40,0,0.1707,2080.0,11,0,1,0,,0
0.312,41,0,0.8313,1521.0,5,0,1,0,1.0,0
0.0862,63,0,0.4126,4549.0,4,0,2,0,0.0,0
11.0796,45,0,0.2915,5087.0,6,0,1,0,0.0,0
0.5522,37,0,0.4481,6958.0,11,0,0,0,0.0,0
0.1813,41,0,1.2833,3170.0,4,0,1,0,2.0,0
1.7846,50,0,0.1939,6994.0,11,0,2,0,0.0,0
0.0893,42,0,0.5,,6,0,0,0,1.0,0
0.0098,48,0,0.5354,28234.0,11,0,0,0,0.0,0
7.6923,57,0,0.4246,,9,0,1,0,1.0,0
0.1415,45,0,0.4592,3507.0,8,0,1,0,4.0,0
0.4234,40,0,0.6825,1890.0,1,0,1,0,1.0,0
0.0228,42,0,0.3965,,7,0,2,0,1.0,0
2.5682,71,0,0.1012,12195.0,6,0,1,0,2.0,0
0.2591,82,0,0.1521,5972.0,12,0,0,0,0.0,0
0.0519,53,0,0.3787,8731.0,7,0,0,0,1.0,0
1.594,62,0,1.0071,4818.0,7,0,3,0,0.0,0
3.9186,39,0,0.529,,12,0,0,0,0.0,0
0.2759,44,0,0.5459,2682.0,8,0,1,0,0.0,0
0.5643,58,0,0.4632,6352.0,5,0,0,0,1.0,0
0.0649,21,0,0.4365,2711.0,6,0,1,0,2.0,0
0.3458,63,0,0.4375,,8,0,3,0,1.0,0
0.0171,44,0,0.5038,,6,0,3,0,2.0,0
0.6271,37,0,0.9846,9400.0,9,0,2,0,3.0,0
0.9603,57,3,0.2194,3678.0,8,0,0,0,2.0,0
4.7121,72,0,0.0819,3660.0,6,0,1,0,2.0,0
0.3307,48,0,0.4547,7891.0,6,0,1,0,1.0,0
2.6574,56,1,0.9234,,13,0,2,0,1.0,0
0.6281,58,0,0.746,9315.0,12,0,0,0,1.0,0
0.244,55,0,0.2125,5001.0,8,0,0,0,2.0,0
0.0909,38,0,0.8856,22841.0,12,0,0,0,0.0,0
0.9532,55,0,0.8249,9157.0,11,1,1,1,1.0,0
1.1261,55,0,0.382,5291.0,5,0,0,0,0.0,0
0.7388,21,2,0.6728,3994.0,10,0,1,1,,0
0.792,64,0,0.6981,2338.0,10,0,0,0,0.0,0
0.1295,31,0,0.0768,9911.0,5,0,2,0,0.0,0
2.0801,54,4,0.2446,,10,0,1,0,0.0,0
0.3998,73,0,0.2773,,6,0,0,0,1.0,0
0.5243,49,0,0.075,5290.0,6,0,1,0,1.0,0
0.0768,37,0,0.7627,,7,0,2,0,2.0,0
1.1673,60,0,0.8336,7247.0,10,0,0,0,0.0,0
1.0479,72,0,0.6195,7918.0,6,0,0,0,0.0,0
0.5994,36,0,0.82,4592.0,9,0,0,0,0.0,0
0.1894,21,0,0.2161,3751.0,6,0,2,0,3.0,0
1.0592,69,0,0.2427,3562.0,7,0,1,0,1.0,0
0.385,64,0,0.1526,9332.0,6,0,1,0,1.0,0
0.3211,57,0,0.4683,11629.0,7,0,1,0,1.0,0
0.9437,27,0,0.8518,5206.0,7,0,0,0,0.0,1
0.2589,60,0,0.2456,,7,0,1,0,0.0,0
0.7919,66,0,0.0751,11699.0,9,0,2,0,1.0,0
0.543,82,0,1.2869,15303.0,6,0,2,0,0.0,0
0.1517,48,0,0.7845,,3,0,0,0,0.0,0
0.5318,54,0,0.4945,5505.0,13,0,2,0,1.0,0
0.1441,22,0,0.2902,9162.0,8,0,1,0,3.0,0
0.2708,66,0,0.3304,6356.0,6,0,1,0,1.0,0
0.1672,65,0,0.482,3061.0,12,0,1,0,,0
0.8828,58,0,0.4665,,5,0,1,0,0.0,0
0.2141,69,0,0.4523,3589.0,4,0,0,0,1.0,0
0.6419,41,0,0.3396,2043.0,9,0,0,0,0.0,0
0.2338,49,0,0.5875,1938.0,10,0,2,0,,0
0.1552,49,0,0.3542,6508.0,4,0,0,0,0.0,0
0.0999,67,0,0.2838,5519.0,13,0,0,0,2.0,0
0.1733,68,0,0.8269,14122.0,7,0,0,0,0.0,0
0.7574,56,0,0.5986,,4,0,1,0,2.0,0
1.2851,56,1,0.1647,9414.0,11,0,0,0,0.0,0
0.3228,60,1,0.1433,2973.0,7,0,1,2,2.0,0
0.0074,47,0,0.5788,3508.0,5,0,4,0,0.0,0
1.0957,71,0,0.1408,,7,0,0,0,0.0,1
0.5534,46,0,0.8769,,10,0,1,0,0.0,0
0.6431,58,0,0.0986,,8,0,0,0,0.0,0
0.0373,44,0,0.7223,2719.0,9,0,0,0,0.0,0
0.3587,65,0,0.8081,,8,0,1,0,2.0,0
0.55,51,0,0.4271,8071.0,9,0,2,0,0.0,0
0.6952,81,0,0.8194,5583.0,11,0,0,0,2.0,0
0.919,50,0,0.1351,5643.0,9,0,0,0,1.0,0
0.0531,65,0,0.5307,9030.0,6,0,1,0,2.0,0
2.8166,43,0,0.3329,4792.0,9,0,2,0,2.0,0
1.6702,48,0,0.6345,10067.0,8,0,1,0,0.0,0
0.1159,51,0,0.6918,5494.0,7,0,0,0,0.0,0
0.7269,57,0,0.7726,10825.0,6,0,2,0,1.0,0
0.0558,42,0,0.6533,4100.0,8,0,0,0,2.0,0
0.7198,44,0,0.1936,,6,0,0,0,1.0,0
0.4314,53,0,0.7105,11034.0,4,0,0,0,1.0,0
0.8985,58,0,0.6006,,4,0,0,0,2.0,0
0.4473,51,0,0.7596,,4,0,1,0,0.0,0
2.6279,49,0,1.0373,2813.0,5,1,2,1,0.0,0
0.5311,33,0,0.8582,,9,0,3,0,2.0,0
0.1257,59,0,0.7117,2447.0,8,0,0,0,1.0,0
0.2148,64,0,0.0528,,7,0,3,0,0.0,0
0.2406,65,0,0.2588,6496.0,6,0,1,0,0.0,0
3.679,54,0,0.6076,13827.0,10,0,0,0,0.0,0
0.4469,44,0,1.1555,4871.0,9,0,1,0,0.0,1
1.3853,47,0,0.6256,16167.0,4,0,0,0,1.0,0
0.1309,54,0,0.2277,3741.0,4,0,1,0,1.0,0
0.612,52,0,0.503,,5,0,0,0,1.0,0
0.4576,40,1,0.6943,,6,3,2,0,4.0,0
0.0318,28,0,0.2519,,11,0,0,0,0.0,0
0.315,44,0,0.3001,7062.0,4,0,0,0,1.0,0
1.0823,48,0,0.1956,2561.0,4,0,1,0,1.0,0
0.5559,56,0,0.2406,7374.0,6,0,0,0,2.0,0
0.596,46,0,0.2576,19980.0,4,0,0,0,2.0,0
0.3788,48,0,0.6356,5480.0,11,0,2,0,,0
0.3898,54,0,0.1572,4415.0,8,0,3,0,,0
2.078,74,0,0.4685,4430.0,11,0,2,0,0.0,1
0.0791,50,0,0.2149,5080.0,7,0,0,0,0.0,0
0.3869,30,0,0.4424,22061.0,8,0,2,0,3.0,0
0.238,42,0,0.1135,3771.0,6,0,2,0,2.0,0
3.9106,77,0,0.8539,3875.0,4,0,0,0,0.0,0
0.0757,72,0,0.3371,4837.0,12,0,0,0,1.0,0
0.5165,65,0,0.494,,9,0,0,0,0.0,0
0.9056,62,0,0.5835,6367.0,5,0,1,0,2.0,0
4.8314,62,0,0.1595,,9,0,1,0,3.0,0
8.2736,49,0,0.9699,4486.0,12,0,3,0,0.0,0
0.0072,64,0,0.4456,3183.0,5,0,2,0,3.0,0
0.5577,65,0,0.3393,3303.0,4,0,0,0,0.0,0
0.2695,64,0,0.5558,1065.0,11,0,0,0,0.0,0
0.3993,44,0,0.739,,6,0,0,0,3.0,0
0.3327,47,0,0.0701,12073.0,5,0,1,0,0.0,0
2.8519,43,0,0.7475,8198.0,7,0,0,0,1.0,0
0.2349,66,0,0.7491,,15,0,2,0,1.0,0
0.1397,56,0,0.6275,5601.0,8,0,2,0,0.0,0
0.1438,57,0,0.9737,5952.0,5,0,1,0,0.0,0
0.0609,60,0,0.1724,5662.0,12,0,3,0,2.0,0
0.1373,32,0,0.7878,10522.0,4,0,2,0,2.0,0
0.1124,64,0,0.5882,5919.0,6,0,0,0,1.0,0
0.5398,44,0,0.2747,585.0,8,0,0,0,0.0,0
0.5089,46,0,0.1944,4351.0,11,0,0,0,0.0,0
0.889,40,0,0.9824,,9,0,0,0,0.0,0
1.2649,53,0,0.6025,5826.0,8,0,2,0,0.0,0
0.5666,51,0,0.3554,2661.0,5,0,2,0,0.0,0
0.3942,33,0,0.975,6930.0,9,0,0,0,0.0,0
0.1625,27,0,0.7224,,8,0,1,0,1.0,0
0.098,49,0,0.5021,3553.0,9,0,0,0,2.0,0
1.0069,63,0,0.4286,,7,0,0,0,1.0,0
0.3162,62,0,0.7679,3742.0,7,0,0,0,2.0,0
0.2611,66,0,0.3334,3525.0,5,0,1,0,1.0,0
0.7569,49,0,0.6712,,11,0,0,0,0.0,0
0.1843,47,0,0.9494,4385.0,9,0,2,0,0.0,0
0.3257,50,0,0.1341,3993.0,13,0,2,0,0.0,0
3.7996,63,2,0.6179,,8,1,1,0,1.0,0
0.2937,75,0,0.423,5779.0,9,0,0,0,0.0,0
0.755,46,0,0.5769,6893.0,7,0,2,0,0.0,0
0.0522,48,0,0.5659,10079.0,3,0,1,0,0.0,0
3.182,52,0,0.5544,,4,0,1,0,1.0,0
0.4178,48,0,0.5418,4503.0,15,0,0,0,,0
0.1733,44,0,0.7587,,13,0,1,0,3.0,0
0.0317,50,0,0.1419,6445.0,1,0,0,0,0.0,0
0.6278,41,0,0.4224,6429.0,10,0,0,0,0.0,0
0.4533,62,0,0.6144,5208.0,12,0,1,0,0.0,0
1.4063,73,0,0.6548,11119.0,3,0,0,0,3.0,0
1.7446,48,0,0.5562,8600.0,13,0,1,0,0.0,0
0.3763,75,0,1.1624,6429.0,10,0,0,0,0.0,0
0.7173,50,0,0.3101,4326.0,13,0,0,0,1.0,0
0.8389,42,0,0.1071,2228.0,8,0,2,0,0.0,0
0.3935,62,0,0.2622,19006.0,7,0,2,0,0.0,0
0.293,39,0,1.0051,,11,0,1,0,0.0,0
0.0452,61,0,0.2408,8221.0,5,0,3,0,0.0,0
1.6735,56,0,0.5093,,11,0,2,0,0.0,0
2.3156,46,0,0.1709,11502.0,10,0,1,0,0.0,0
0.2345,45,0,0.9038,10837.0,9,0,0,0,0.0,0
0.061,40,0,0.1362,,4,0,0,0,2.0,0
0.4551,66,0,0.5082,5860.0,10,0,1,0,1.0,0
0.7775,49,0,0.6192,6080.0,10,0,0,0,2.0,0
0.7832,56,0,0.3382,10556.0,11,0,1,0,,0
0.0567,52,0,0.0765,7487.0,13,0,0,0,1.0,0
0.3825,49,0,0.487,,12,0,1,0,0.0,0
0.123,57,0,0.8248,8302.0,7,0,2,0,0.0,0
0.0679,59,0,0.1902,6104.0,5,0,2,0,0.0,0
0.4383,54,0,0.7,3796.0,9,0,1,0,1.0,0
1.9025,49,0,0.6893,3910.0,5,0,0,0,3.0,0
0.1947,37,0,0.3957,1953.0,7,0,0,0,0.0,0
3.5305,44,0,0.5312,5390.0,13,0,0,0,0.0,0
1.0103,48,0,0.9814,3081.0,12,0,0,0,1.0,1
0.1137,52,0,0.1591,3474.0,8,0,0,0,1.0,0
0.2298,28,0,0.8024,3016.0,3,0,1,0,1.0,0
0.5025,61,0,0.1882,,9,0,0,0,1.0,0
0.3343,56,0,0.6665,2435.0,7,0,1,0,1.0,0
0.3049,44,0,0.293,2362.0,4,0,2,0,2.0,0
0.5828,39,0,0.6109,3500.0,4,0,0,0,1.0,0
0.7693,42,0,0.7082,4815.0,9,0,1,0,0.0,0
0.3912,33,0,0.1152,3942.0,6,0,0,0,0.0,0
0.3405,47,0,0.3707,3007.0,15,0,0,0,3.0,0
0.3333,49,0,0.4849,3263.0,9,0,0,0,1.0,0
0.6089,65,0,0.9419,6400.0,8,0,2,0,2.0,0
0.3417,59,4,0.301,7056.0,12,1,0,0,2.0,0
0.2666,69,0,0.7813,13589.0,9,0,2,0,2.0,0
0.7341,54,0,0.7223,,6,0,2,0,2.0,0
0.8057,39,0,0.5435,5775.0,9,0,1,0,0.0,0
1.1324,76,0,0.9712,6547.0,12,0,1,0,1.0,0
0.2617,48,0,1.0617,6376.0,3,0,2,0,3.0,0
0.5136,30,0,0.7291,7621.0,6,0,2,0,1.0,0
0.7945,55,0,0.2364,7000.0,7,0,0,0,0.0,0
1.5192,30,0,0.3957,4709.0,8,0,0,0,1.0,0
0.7037,51,2,0.6557,5388.0,6,0,0,0,0.0,0
0.6772,45,0,0.1289,6364.0,20,0,2,0,0.0,0
0.3068,59,0,0.5042,,9,0,3,0,2.0,0
0.4715,65,0,0.5558,3469.0,6,0,2,0,2.0,0
0.5738,47,0,0.2889,4057.0,3,0,1,0,0.0,0
0.1589,46,0,0.8211,10103.0,6,0,0,0,0.0,0
0.234,63,0,0.3199,6834.0,7,0,2,0,1.0,0
0.7844,41,2,0.3539,,16,0,0,1,0.0,0
0.1943,53,0,0.4827,4103.0,13,0,1,0,1.0,0
0.4724,60,0,0.0566,,9,0,1,0,1.0,0
0.1073,41,0,0.0358,16404.0,5,0,0,0,1.0,0
0.3445,48,0,0.5526,12175.0,8,0,1,0,,0
0.2509,53,0,0.5155,3751.0,10,0,1,0,3.0,0
0.5817,71,0,0.9323,15348.0,3,0,0,0,0.0,0
1.2292,35,0,0.4854,2927.0,9,0,2,0,0.0,0
0.5228,50,0,0.7026,2368.0,6,0,2,0,1.0,0
0.577,71,0,0.2487,,6,0,0,0,,1
0.1148,66,0,0.6604,,7,0,0,0,1.0,0
0.419,48,0,0.2062,7449.0,6,0,0,0,0.0,0
0.4052,51,0,0.1581,4533.0,6,0,0,0,1.0,0
0.412,58,0,0.3063,3266.0,4,0,2,0,0.0,0
0.9191,59,0,0.2231,4864.0,5,0,0,0,,0
0.1462,71,0,0.5816,,4,0,0,0,1.0,0
0.4508,68,0,0.3704,11394.0,8,0,2,0,0.0,0
0.4028,33,0,0.5474,4458.0,10,0,0,0,1.0,0
0.6617,30,0,0.0686,8248.0,5,0,3,0,2.0,0
0.1421,44,0,0.3217,,8,0,2,0,1.0,0
0.697,26,0,0.5212,10011.0,10,0,0,0,0.0,0
0.5798,70,0,0.8025,5015.0,11,0,0,0,1.0,1
0.7294,31,0,0.3726,3784.0,14,0,0,0,1.0,0
0.4114,48,0,0.778,,14,0,1,0,1.0,0
0.228,40,0,0.7067,,6,0,2,0,1.0,0
0.3603,30,0,0.3805,3385.0,5,0,1,0,2.0,0
0.1283,69,0,0.5313,4077.0,4,0,0,0,0.0,0
0.7309,44,0,0.6514,,8,0,1,0,3.0,1
0.78,79,0,0.9466,12045.0,8,0,1,0,0.0,0
2.4323,72,0,0.4805,11073.0,10,0,0,0,0.0,0
0.313,52,0,0.057,5049.0,13,0,1,0,0.0,0
0.7327,23,0,0.3769,5034.0,14,0,1,0,1.0,0
0.2682,47,2,0.1412,,6,0,1,0,0.0,0
1.0062,84,0,0.1688,20051.0,12,0,1,0,0.0,1
0.7587,58,0,0.2949,15647.0,11,0,2,0,1.0,0
0.0713,50,0,0.8125,5011.0,10,0,1,0,1.0,0
6.3494,43,0,0.0636,3456.0,8,0,0,0,3.0,1
0.6485,64,0,0.5843,7122.0,8,0,0,0,1.0,0
0.5437,57,0,0.5046,5558.0,5,0,0,0,1.0,0
0.6063,56,0,0.483,,6,0,1,0,,0
0.4099,68,0,0.4264,,8,0,1,0,0.0,0
0.5633,67,0,0.389,,8,0,0,0,0.0,0
5.5741,58,0,0.9823,7892.0,10,0,0,0,1.0,0
0.4409,30,0,0.2605,3159.0,9,0,2,0,0.0,0
0.3484,38,0,0.1206,4023.0,6,0,1,0,1.0,0
2.238,43,0,1.4433,11578.0,8,1,2,2,0.0,0
0.1427,51,0,0.4167,5584.0,4,0,2,0,2.0,0
0.7042,73,0,0.92,,13,0,1,0,0.0,1
3.4475,81,1,0.0404,5785.0,9,0,0,0,2.0,0
0.7416,57,0,0.7093,,5,0,1,0,0.0,1
0.1683,60,0,0.5852,4940.0,15,0,1,0,,0
0.0078,31,0,0.4455,,6,0,2,0,0.0,0
0.3078,46,0,1.0565,4658.0,1,0,1,0,0.0,0
0.147,44,0,0.3961,2645.0,8,0,1,0,1.0,0
0.1751,43,0,0.5931,,7,0,3,0,0.0,0
0.1101,60,1,0.9028,17275.0,8,0,1,0,1.0,0
0.3666,46,0,0.7598,3260.0,6,0,2,0,3.0,0
0.4431,25,0,0.2864,,9,0,0,0,1.0,0
0.5329,64,0,0.8827,6755.0,12,0,1,0,0.0,0
0.8098,69,0,0.5106,2278.0,5,0,2,0,0.0,0
0.195,56,1,0.4992,9457.0,12,0,0,2,0.0,0
0.389,50,0,0.1182,11247.0,7,0,2,0,2.0,0
0.7236,39,0,0.9,3671.0,5,0,2,0,2.0,0
0.3689,40,0,0.4169,4591.0,6,0,1,0,0.0,0
1.1547,67,0,0.369,,7,0,0,0,1.0,0
0.4941,42,0,0.1314,,11,0,3,0,0.0,0
0.1581,80,0,1.0571,5481.0,7,0,1,0,2.0,0
0.3451,65,0,0.3081,9642.0,6,0,2,0,0.0,0
0.5794,57,0,0.2542,,4,0,2,0,0.0,0
0.4812,90,0,0.5718,8348.0,6,0,2,0,2.0,0
0.9574,70,0,0.943,4242.0,6,0,1,0,2.0,0
0.71,46,0,0.8081,,8,0,0,0,0.0,0
0.1648,38,0,0.6155,,9,0,2,0,0.0,0
0.1542,46,0,0.331,,11,0,0,0,0.0,0
0.1599,51,0,0.7698,3236.0,11,0,1,0,2.0,0
0.0187,41,0,0.5155,7891.0,6,0,0,0,0.0,0
0.023,36,0,0.2223,,12,0,1,0,1.0,0
0.5424,55,0,0.2913,2720.0,8,0,1,0,1.0,0
0.1389,64,0,1.0855,,8,0,1,0,1.0,0
0.1337,78,0,0.7018,4543.0,5,0,0,0,1.0,0
0.3951,53,0,0.54,5821.0,7,0,0,0,1.0,0
0.1479,60,0,0.0826,2989.0,9,0,2,0,1.0,0
0.9036,26,0,0.5529,15036.0,9,0,1,0,2.0,0
0.4384,64,0,0.788,7760.0,4,0,0,0,0.0,0
0.7461,38,0,0.9493,2152.0,5,0,0,0,0.0,0
0.3806,56,0,0.3654,14665.0,5,0,1,0,0.0,0
0.0858,51,0,0.1889,5342.0,10,0,1,0,2.0,0
0.4494,49,0,0.3498,6148.0,6,0,2,0,0.0,0
0.3236,31,0,0.0717,4992.0,5,0,0,0,1.0,0
0.0635,41,0,0.1729,2239.0,11,0,1,0,2.0,0
0.0871,39,0,0.2976,2394.0,8,0,2,0,2.0,0
0.611,44,0,0.6126,3240.0,9,0,0,0,1.0,1
0.6779,69,0,0.6206,6690.0,8,0,0,0,0.0,0
0.1488,47,0,0.4106,,9,0,0,0,0.0,0
0.059,43,0,0.4185,,6,0,2,0,0.0,0
0.673,61,0,0.3348,4569.0,5,0,0,0,0.0,0
0.3098,57,0,0.5197,8819.0,8,0,2,0,0.0,0
0.3106,80,0,0.1437,10293.0,7,0,0,0,0.0,0
0.2672,66,0,0.4479,6653.0,9,0,1,0,1.0,0
0.238,24,0,0.989,6740.0,7,0,1,0,0.0,0
0.389,63,0,0.6795,12384.0,8,0,1,0,1.0,0
0.0565,62,0,0.0365,6373.0,7,0,1,0,1.0,0
0.1629,75,0,0.2979,6353.0,10,0,1,0,1.0,0
0.238,49,0,0.2552,4766.0,5,0,0,0,1.0,0
1.1232,67,0,0.1186,9236.0,6,0,1,0,0.0,0
0.5518,47,0,0.0901,5193.0,6,0,1,0,1.0,0
2.0801,56,0,0.1325,3940.0,9,0,3,0,0.0,0
0.1337,37,0,0.4664,4859.0,5,0,0,0,1.0,0
0.5422,33,0,0.1707,4768.0,8,0,0,0,2.0,1
0.0828,64,0,0.2086,,4,0,0,0,2.0,0
0.3489,52,0,0.1128,3878.0,10,0,3,0,2.0,0
0.1653,34,0,0.4929,3626.0,10,0,2,0,1.0,0
1.4293,63,0,0.2639,4819.0,7,0,2,0,1.0,0
0.3238,21,0,0.5165,7022.0,9,0,1,0,0.0,0
0.0754,41,0,0.3446,11500.0,8,0,1,0,0.0,0
0.377,29,0,0.2549,2955.0,9,0,1,0,1.0,0
9.1218,69,0,0.3194,3247.0,13,0,2,0,1.0,0
0.0273,46,2,0.8686,3394.0,6,0,2,0,2.0,0
0.3443,53,0,0.2646,6313.0,8,0,0,0,0.0,0
0.7548,56,0,0.461,13247.0,5,0,1,0,0.0,0
0.2901,63,0,0.5525,8416.0,6,0,1,0,2.0,0
0.2765,62,0,0.9342,,10,0,1,0,1.0,0
0.2839,63,0,0.6092,4690.0,6,0,0,0,2.0,0
0.628,48,0,0.3393,,9,0,1,0,1.0,0
0.7284,64,0,0.1307,4240.0,11,0,3,0,3.0,0
1.053,43,0,0.8462,11375.0,8,0,1,0,1.0,0
0.765,46,0,0.8036,5693.0,8,0,1,0,2.0,0
0.3593,30,0,0.5451,,9,0,1,0,1.0,0
0.0167,75,0,0.1392,1934.0,4,0,2,0,1.0,0
0.3742,38,0,0.7948,,6,0,1,0,,0
0.6461,72,0,0.3222,2815.0,6,0,1,0,1.0,0
0.5803,60,0,0.1104,,7,0,0,0,0.0,0
2.9832,55,0,0.2236,,8,0,2,0,0.0,0
0.3891,57,0,0.5644,5301.0,15,0,1,0,3.0,0
0.5941,37,0,0.8208,10840.0,10,0,0,0,3.0,0
0.5876,74,0,0.5122,4737.0,5,0,0,0,0.0,0
4.3051,47,0,0.9993,,8,0,0,0,0.0,0
2.0894,66,0,0.2851,4078.0,7,0,0,0,2.0,0
0.1089,44,0,0.1657,,7,0,0,0,0.0,0
10.1709,32,0,0.4615,,8,0,0,0,0.0,0
0.0628,80,0,0.9327,2834.0,12,0,1,0,2.0,0
0.024,44,0,1.34,1959.0,2,0,1,0,2.0,0
0.1946,58,0,0.5493,,7,0,0,0,0.0,0
0.5467,21,0,0.8281,5402.0,7,0,0,0,1.0,0
0.2956,51,0,0.6476,13042.0,4,0,2,0,2.0,0
0.3388,60,0,0.6469,7733.0,8,0,0,0,0.0,0
0.0848,54,0,0.4004,,9,0,2,0,1.0,0
0.1538,51,0,0.3551,3379.0,3,0,0,0,0.0,0
0.7813,49,0,0.5188,9996.0,8,0,1,0,0.0,0
0.0877,64,0,0.8026,11313.0,6,0,0,0,3.0,0
0.4255,34,1,0.1962,3518.0,14,0,1,0,1.0,0
0.1332,49,0,0.7889,,10,0,0,0,1.0,0
2.5051,72,0,0.2933,5517.0,8,0,0,0,1.0,1
0.4034,31,2,0.6554,7985.0,6,0,0,0,1.0,0
0.6084,51,3,0.7254,,6,1,1,0,0.0,0
6.717,37,0,0.3734,5551.0,9,0,1,0,0.0,0
0.8851,56,0,0.279,4466.0,11,0,3,0,0.0,0
0.2305,52,0,0.8734,,4,0,1,0,1.0,0
0.7054,39,2,0.3464,2623.0,9,0,1,0,0.0,0
0.0458,52,0,0.2694,4597.0,10,0,0,0,0.0,0
0.2586,53,0,0.9157,10600.0,12,0,3,0,1.0,0
0.1641,43,0,0.3338,,5,0,1,0,0.0,0
3.3893,46,0,0.9209,2292.0,7,0,1,0,2.0,0
0.2098,43,0,0.773,21212.0,8,0,1,0,0.0,0
0.3047,21,0,0.533,6260.0,4,0,0,0,0.0,0
0.5319,65,0,0.8092,12022.0,7,0,0,0,0.0,0
0.2308,69,0,0.4097,6969.0,5,0,2,0,2.0,0
0.1541,27,0,0.3286,3258.0,4,0,0,0,1.0,0
2.2782,69,0,0.2629,10362.0,12,0,0,0,3.0,0
0.2587,58,0,0.4869,6656.0,8,0,0,0,1.0,0
0.7324,37,0,0.531,2665.0,7,0,1,0,1.0,0
0.5081,49,0,0.3068,2052.0,6,0,2,0,1.0,0
0.6907,42,0,0.7749,,11,0,1,0,0.0,0
0.8274,65,0,0.2675,7458.0,6,0,1,0,1.0,0
0.1294,39,0,0.4857,,7,0,1,0,1.0,0
0.4168,82,0,0.5767,3128.0,8,0,1,0,0.0,0
0.6535,68,0,0.3521,,10,0,2,0,1.0,0
0.0181,35,0,0.6552,,8,0,0,0,0.0,0
0.5637,75,0,0.2562,3618.0,10,0,0,0,1.0,0
0.3034,62,0,0.6537,3821.0,5,0,0,0,1.0,0
3.5539,50,0,0.2803,2727.0,5,0,1,0,0.0,0
1.4271,61,0,0.6351,14593.0,7,0,2,0,2.0,0
0.6211,65,0,0.3448,19750.0,3,0,1,0,1.0,0
0.9184,41,0,0.1389,4380.0,12,0,4,0,2.0,0
0.2687,64,0,0.4331,5330.0,11,0,0,0,1.0,0
0.3739,46,0,1.0966,15592.0,12,0,0,0,2.0,0
0.3278,63,0,0.7965,8519.0,6,0,1,0,0.0,0
0.1398,50,0,0.5321,8783.0,5,0,1,0,0.0,0
0.2694,38,0,0.2394,13408.0,9,0,3,0,2.0,0
0.1319,61,0,0.2205,3015.0,10,0,1,0,0.0,0
0.8948,47,0,0.9658,12335.0,10,2,2,0,1.0,0
0.1532,54,0,0.3783,3515.0,8,0,1,0,0.0,0
0.1933,58,0,0.4024,3028.0,6,0,2,0,1.0,0
0.1524,73,0,0.5079,32837.0,8,0,1,0,4.0,0
0.1858,46,0,0.6729,6504.0,12,0,1,0,0.0,0
0.3612,40,0,0.0182,3502.0,7,0,0,0,0.0,0
1.4775,75,0,0.6431,3999.0,10,0,0,0,0.0,0
5.3378,52,0,0.0623,3970.0,5,0,1,0,0.0,0
0.3958,44,0,0.9684,8329.0,6,0,0,0,1.0,0
0.5527,57,0,0.0863,8039.0,9,0,0,0,0.0,0
0.7626,47,0,0.4673,,9,0,2,0,1.0,1
0.8067,48,0,0.3464,1263.0,7,0,2,0,2.0,0
0.3503,88,0,0.3857,,10,0,1,0,1.0,0
0.224,38,0,0.6144,5701.0,7,0,0,0,1.0,0
3.1552,32,0,0.54,4844.0,9,0,0,0,1.0,0
0.2779,69,0,0.6371,3188.0,14,0,1,0,0.0,0
0.0219,47,0,0.5056,3585.0,9,0,1,0,1.0,0
0.4914,56,0,0.6322,,9,0,1,0,1.0,0
0.138,61,0,0.1148,,12,0,1,0,0.0,0
0.5277,28,0,0.3172,3463.0,8,0,2,0,0.0,0
0.2096,68,0,0.9481,4977.0,12,0,1,0,0.0,0
0.1031,44,0,0.2605,5708.0,6,0,1,0,1.0,0
0.7542,79,0,0.1757,,4,0,0,0,0.0,0
0.1373,41,0,0.1597,,11,0,2,0,0.0,0
0.324,74,0,0.6425,,7,0,0,0,0.0,0
0.142,76,0,1.0616,2121.0,8,0,1,0,0.0,0
0.7171,45,0,0.932,2780.0,11,0,1,0,1.0,0
0.1037,49,0,1.2949,5081.0,16,0,0,0,3.0,0
0.0268,48,0,1.048,14932.0,8,0,2,0,2.0,0
0.3156,73,0,0.6104,,6,0,0,0,1.0,0
0.203,55,0,0.1327,5135.0,3,0,0,0,0.0,0
0.8783,59,0,0.2209,7103.0,6,0,1,0,0.0,0
3.486,50,0,0.0878,4038.0,11,0,1,0,1.0,0
0.366,59,0,0.7101,6129.0,8,0,1,0,0.0,0
0.1605,60,0,1.0906,18269.0,3,0,0,0,1.0,0
0.2,44,0,0.385,6342.0,4,0,1,0,0.0,0
0.0441,77,0,0.0885,6441.0,7,0,0,0,1.0,0
0.034,49,0,0.8337,5989.0,3,0,1,0,0.0,0
0.0959,66,0,0.1408,12704.0,4,0,2,0,0.0,1
0.4414,34,0,0.4093,,7,0,1,0,2.0,1
0.2142,62,0,0.6612,,5,0,0,0,0.0,0
0.3689,67,0,0.7095,4272.0,10,0,0,0,0.0,0
0.0072,56,0,0.422,10762.0,6,0,0,0,0.0,0
0.5767,67,0,0.9814,4103.0,8,0,0,0,,0
0.3751,42,0,0.6955,9302.0,7,0,0,0,1.0,0
0.5807,59,2,0.5892,,7,0,0,1,0.0,0
3.9605,31,0,0.1595,9362.0,8,0,1,0,0.0,0
4.2044,54,0,0.5591,1595.0,12,0,2,0,0.0,0
0.7752,41,0,0.7858,7115.0,4,0,1,0,1.0,0
0.6161,51,0,0.9075,3850.0,6,0,2,0,1.0,0
0.0023,71,0,0.6455,5873.0,5,0,1,0,2.0,0
0.2758,76,0,0.4556,5931.0,8,0,1,0,,0
3.8925,34,1,0.3671,12699.0,10,0,1,0,0.0,0
0.3909,69,0,0.6369,5249.0,13,0,1,0,0.0,0
0.9379,72,0,0.1567,3187.0,6,0,0,0,1.0,0
0.4885,57,0,0.4266,,5,0,1,0,1.0,0
0.1592,71,1,0.8885,7501.0,8,1,1,1,2.0,0
1.5438,46,0,0.6067,2975.0,8,0,4,0,0.0,0
0.5488,45,0,0.5312,6126.0,6,0,1,0,1.0,0
2.027,45,1,0.7399,4002.0,10,1,1,0,1.0,0
0.8129,62,0,0.754,6859.0,5,0,1,0,0.0,0
0.4275,51,0,0.6161,2729.0,10,0,1,0,,0
0.3399,42,0,1.2074,6531.0,5,0,0,0,2.0,0
1.8449,43,0,0.5593,,9,0,2,0,0.0,0
0.3062,52,0,0.1564,,10,0,1,0,1.0,0
0.0173,40,0,0.5084,1986.0,3,0,1,0,0.0,0
0.1475,61,0,0.7233,3719.0,7,0,3,0,1.0,0
0.6057,69,0,0.3291,6748.0,14,0,0,0,1.0,0
0.234,66,0,0.0492,2775.0,3,0,2,0,1.0,0
0.1651,93,0,0.6508,4370.0,17,0,0,0,0.0,0
0.222,58,0,0.6871,,5,0,0,0,0.0,0
0.6854,76,0,0.7116,4920.0,10,0,0,0,0.0,1
0.3974,55,0,0.1766,,10,0,2,0,0.0,0
0.0664,48,0,0.5518,4220.0,11,0,0,0,0.0,0
0.0111,54,0,0.3015,2417.0,9,0,2,0,,0
2.1041,54,0,0.4809,9062.0,12,0,3,0,1.0,0
0.5982,50,0,0.2861,3152.0,9,0,1,0,0.0,0
5.0003,37,0,0.6345,6512.0,12,0,1,0,1.0,0
0.9009,38,0,0.1034,2981.0,9,0,2,0,1.0,0
0.4862,68,0,0.2854,4459.0,6,0,1,0,1.0,0
4.2799,64,0,0.1995,9402.0,6,0,0,0,2.0,0
0.3655,77,0,0.0718,4245.0,8,0,1,0,0.0,0
0.3425,47,0,0.2011,,8,0,1,0,0.0,0
0.4084,45,0,0.6898,2592.0,10,0,2,0,2.0,0
0.0933,36,0,0.7122,5914.0,7,0,4,0,0.0,0
0.114,67,0,0.7295,8406.0,12,0,0,0,,0
0.3065,40,0,0.2193,2453.0,8,0,2,0,0.0,0
0.0076,52,0,0.6238,,11,0,0,0,1.0,0
0.0445,56,0,0.6152,9015.0,11,0,1,0,0.0,0
0.6137,30,0,0.6227,,5,0,2,0,2.0,0
0.4325,63,0,0.2753,3712.0,5,0,1,0,0.0,0
0.5545,66,0,0.9512,1975.0,7,0,1,0,0.0,1
0.493,56,0,0.2648,,7,0,0,0,1.0,0
0.3447,51,0,0.098,5853.0,7,0,1,0,0.0,0
1.2191,52,1,0.0674,,7,0,0,0,1.0,0
2.0484,72,0,1.2002,7652.0,8,0,0,0,0.0,0
0.255,53,0,0.4339,17696.0,6,0,1,0,1.0,0
1.1466,52,0,0.9112,14091.0,11,0,2,0,1.0,0
0.2874,42,3,0.9071,,8,0,0,1,0.0,0
0.3368,21,0,0.3713,9028.0,10,0,0,0,2.0,1
0.6526,67,0,0.6955,2938.0,5,0,0,0,1.0,0
0.378,52,0,0.7705,,11,0,0,0,0.0,0
0.1824,40,0,0.7337,5046.0,3,0,1,0,2.0,0
0.124,82,0,0.3207,3930.0,6,0,1,0,0.0,0
0.7214,58,0,0.0569,2694.0,7,0,0,0,2.0,0
0.1786,49,0,0.1938,6923.0,6,0,1,0,1.0,0
0.9094,66,2,0.6943,,10,0,1,1,0.0,0
1.8711,57,0,0.2272,2879.0,9,0,2,0,1.0,0
0.2921,57,0,0.6164,8460.0,10,0,3,0,3.0,0
1.8399,43,0,0.461,6910.0,4,0,1,0,1.0,0
0.1039,62,0,0.3433,6131.0,7,0,0,0,1.0,0
0.0066,65,0,0.3107,7494.0,9,0,1,0,1.0,0
0.0479,44,0,0.5152,9513.0,7,0,2,0,2.0,0
0.4016,25,0,0.5237,5829.0,4,0,2,0,1.0,0
0.0003,65,0,0.4866,5273.0,9,0,1,0,2.0,0
0.3541,61,0,0.401,3366.0,5,0,0,0,1.0,0
1.6889,64,0,0.8953,,10,0,1,0,0.0,0
2.41,53,0,0.2616,5832.0,9,0,1,0,1.0,0
0.178,65,0,0.2577,2601.0,7,0,1,0,1.0,0
0.3795,43,0,0.3085,2587.0,3,0,3,0,0.0,0
0.0973,49,0,1.0913,7727.0,3,0,2,0,0.0,0
0.4368,37,0,0.0503,,10,0,0,0,0.0,0
0.4677,68,0,0.7911,5991.0,9,0,1,0,2.0,0
0.0353,51,0,0.4496,4258.0,6,0,3,0,,0
0.4294,55,0,0.3368,3840.0,11,0,0,0,1.0,1
0.0469,58,0,1.0881,5681.0,9,0,1,0,0.0,0
0.4996,49,0,0.9766,5209.0,8,0,2,0,2.0,1
0.1713,64,0,0.8719,4438.0,8,0,1,0,0.0,0
0.0321,75,0,1.1619,4677.0,5,0,1,0,1.0,0
0.8462,66,1,0.1463,5106.0,3,0,1,0,2.0,0
0.784,28,0,0.225,4904.0,5,0,0,0,1.0,0
0.3426,54,0,0.1302,,7,0,0,0,1.0,0
2.5819,54,0,0.7407,5150.0,7,0,0,2,0.0,0
4.1891,69,0,0.4393,,6,0,1,0,1.0,0
0.1593,44,0,0.1568,16155.0,9,0,4,0,1.0,0
1.1699,37,0,0.0822,,7,0,2,0,1.0,0
0.3701,64,2,0.3013,2745.0,9,0,1,0,1.0,0
15.2962,52,0,0.7131,7806.0,16,0,2,0,0.0,0
0.7498,43,0,0.5176,3030.0,4,0,3,0,1.0,0
0.2584,48,0,0.9479,4677.0,10,0,1,0,0.0,0
4.9401,32,0,0.7258,6926.0,7,0,0,0,0.0,0
0.0482,54,0,0.3993,3649.0,7,0,0,0,1.0,0
0.409,48,0,0.1971,6467.0,4,0,0,0,1.0,0
0.078,59,0,0.7235,,9,0,0,0,0.0,0
3.7325,49,0,0.3511,13562.0,9,0,0,0,1.0,0
0.3928,52,0,0.7597,10715.0,6,0,1,0,1.0,0
0.2005,46,0,0.5095,,8,0,1,0,0.0,0
0.4551,48,0,0.829,3228.0,10,0,0,0,2.0,0
1.5121,36,0,1.0749,3945.0,5,0,4,0,0.0,0
0.1003,66,0,0.7472,10565.0,10,0,2,0,0.0,0
0.4629,51,0,0.2439,,12,0,0,0,0.0,0
0.2433,24,0,0.4962,3511.0,1,0,2,0,1.0,0
0.0563,30,0,0.3405,2607.0,10,0,1,0,1.0,0
0.1474,67,0,0.2325,8992.0,6,0,1,0,2.0,0
0.3782,51,0,0.3368,11953.0,9,0,2,0,0.0,0
0.0203,52,0,0.6814,5957.0,8,0,1,0,2.0,0
0.1512,52,0,0.3507,,8,0,1,0,1.0,0
0.4103,59,0,0.245,3195.0,4,0,0,0,1.0,0
0.2038,73,0,0.5161,6979.0,8,0,1,0,0.0,0
3.351,58,1,0.4043,3906.0,8,0,2,0,1.0,0
0.5357,56,0,0.1977,8803.0,4,0,1,0,2.0,0
0.8881,44,0,0.255,11615.0,8,0,2,0,0.0,0
0.0925,30,0,0.1442,1958.0,8,0,1,0,0.0,0
0.4958,59,0,0.2339,13904.0,11,0,2,0,0.0,0
0.6629,60,0,0.1838,,6,0,1,0,0.0,0
1.1126,67,0,0.5613,9302.0,9,0,0,2,1.0,0
0.1465,76,0,0.4792,11429.0,4,0,0,0,2.0,0
0.3383,36,0,0.4503,9293.0,8,0,0,0,1.0,0
0.3689,43,0,0.5754,,6,0,2,0,2.0,0
0.3925,61,0,0.6147,,6,0,0,0,1.0,0
0.4444,52,0,0.653,10294.0,8,0,0,0,0.0,0
0.9512,72,0,0.1998,7601.0,13,0,0,0,2.0,0
0.252,49,0,0.7598,6378.0,7,0,0,0,2.0,0
0.642,80,0,0.0113,7771.0,10,0,3,0,2.0,0
0.6183,53,0,0.4217,5261.0,9,0,3,0,1.0,0
0.0819,75,0,0.5469,7304.0,8,0,0,0,1.0,0
0.4268,21,0,0.2724,6420.0,13,0,0,0,0.0,1
1.2905,59,0,0.1968,8198.0,7,0,2,0,1.0,0
0.8252,52,0,0.551,2437.0,7,0,0,0,2.0,0
3.2083,23,0,0.1517,3099.0,5,0,1,0,0.0,0
0.0207,52,0,0.6239,6842.0,10,0,1,0,2.0,0
0.1912,35,0,0.4209,16786.0,7,0,3,0,3.0,0
0.3001,45,0,0.9447,1474.0,6,0,2,0,0.0,0
0.3352,56,0,0.6341,8924.0,11,0,2,0,1.0,0
0.0726,50,0,0.1127,2188.0,4,0,2,0,1.0,0
0.412,57,0,0.0559,4679.0,9,0,0,0,0.0,0
0.0594,54,0,0.364,4822.0,8,0,0,0,1.0,0
0.1351,85,0,0.38,,6,0,1,0,1.0,0
0.4734,56,0,0.1796,2969.0,12,0,1,0,1.0,1
0.0506,54,0,0.6469,2702.0,6,0,1,0,1.0,0
0.3882,58,0,0.2786,4826.0,3,0,2,0,,0
0.3416,52,0,0.4399,6954.0,8,0,2,0,0.0,0
0.2136,30,0,0.5422,4267.0,7,0,2,0,1.0,0
1.1969,62,0,0.1372,10318.0,7,0,0,0,2.0,0
0.7639,70,0,0.3835,3144.0,2,0,2,0,1.0,0
0.4825,74,0,1.1053,4525.0,6,0,1,0,0.0,1
0.1034,62,0,0.3638,7528.0,7,0,1,0,1.0,0
0.1714,48,0,0.5282,4103.0,12,0,1,0,1.0,0
0.2055,56,0,0.1708,2773.0,5,0,0,0,0.0,0
0.812,77,0,0.4198,1925.0,7,0,1,0,1.0,0
0.1395,49,0,0.0812,8267.0,9,0,0,0,0.0,0
0.7986,35,0,0.4532,4571.0,9,0,2,0,1.0,0
1.6666,83,0,0.2567,,10,0,0,0,0.0,0
0.3662,38,0,0.7393,3198.0,10,0,3,0,0.0,0
0.5867,30,0,0.35,,8,0,0,0,1.0,0
2.3431,56,1,0.0475,4269.0,10,0,0,0,1.0,0
0.4643,58,0,0.7599,9488.0,7,0,0,0,0.0,0
0.6783,58,0,0.1437,8930.0,10,0,3,0,1.0,0
0.2239,64,0,0.5332,4941.0,11,0,0,0,1.0,0
0.7688,50,0,0.3111,4336.0,13,0,0,0,0.0,0
1.3267,50,0,0.176,4273.0,7,0,1,0,1.0,0
1.0642,44,0,0.7092,13601.0,8,0,1,0,3.0,0
1.6642,54,0,0.2973,7003.0,10,0,1,0,0.0,0
2.6709,60,0,0.8452,8373.0,5,0,1,0,1.0,0
0.2209,65,0,0.2962,,9,0,1,0,2.0,0
0.3373,39,0,0.4716,,9,0,0,0,2.0,0
0.0459,35,0,0.3481,5025.0,9,0,1,0,0.0,0
0.3663,64,0,0.4486,,9,0,1,0,1.0,0
0.0488,45,0,0.8994,,7,0,0,0,3.0,0
0.6289,38,0,0.0716,12263.0,6,0,1,0,1.0,0
0.0765,26,0,0.6332,,6,0,0,0,1.0,0
0.0533,72,0,0.3514,3808.0,9,0,0,0,1.0,0
0.2916,56,0,0.2151,5443.0,7,0,0,0,0.0,0
0.3565,60,0,0.4082,4617.0,5,0,1,0,0.0,0
0.3916,58,0,0.2703,6810.0,6,0,1,0,1.0,0
0.012,55,0,0.6845,2315.0,11,0,0,0,1.0,0
1.3011,52,0,0.3985,1524.0,4,0,3,0,1.0,0
1.6975,51,0,0.2054,1708.0,6,0,2,0,0.0,0
1.7309,38,0,0.2166,5965.0,6,0,0,0,2.0,0
6.6966,27,0,0.4136,9200.0,12,0,3,0,0.0,0
0.1516,83,0,0.5543,,9,0,0,0,2.0,0
0.9043,53,0,0.8419,5735.0,11,0,0,0,0.0,0
0.1504,46,0,0.198,9683.0,6,0,0,0,0.0,0
4.2506,41,1,0.3297,14758.0,7,0,2,0,1.0,0
0.2221,67,0,0.3536,,9,0,0,0,2.0,0
0.1049,54,0,0.9535,6416.0,9,0,2,0,0.0,0
0.2382,40,0,1.2551,13007.0,10,0,2,0,0.0,0
0.5596,48,0,0.5639,6534.0,6,0,2,0,0.0,0
0.2587,56,0,0.12,2583.0,8,0,0,0,1.0,0
0.4207,47,0,0.439,4954.0,8,0,0,0,0.0,0
0.6604,63,0,0.3591,4929.0,10,0,1,0,1.0,0
0.5875,82,0,0.4793,,8,0,0,0,2.0,1
0.2385,46,0,0.0981,2198.0,13,0,2,0,1.0,0
0.8249,48,2,0.606,2717.0,8,0,3,0,0.0,0
0.3671,40,1,0.6665,11094.0,13,0,2,0,0.0,0
0.5762,50,0,0.1137,3834.0,10,0,1,0,3.0,0
0.1552,25,0,0.9859,,5,0,1,0,0.0,0
0.1348,67,0,0.788,7378.0,9,0,0,0,0.0,0
0.3875,33,0,0.4847,1831.0,11,0,2,0,1.0,0
2.8212,41,0,0.5539,2415.0,8,0,1,0,,0
0.1178,53,0,0.9856,8274.0,10,0,0,0,1.0,0
0.999,71,0,0.1693,2870.0,7,0,0,0,1.0,0
0.0937,40,0,0.2223,1488.0,6,0,0,0,2.0,0
0.3611,49,0,0.7552,3123.0,4,0,1,0,0.0,0
0.0611,56,0,0.6531,9146.0,6,0,0,0,2.0,0
0.7513,43,0,0.7525,3999.0,11,0,2,0,0.0,1
0.4569,50,0,0.4206,3898.0,9,0,3,0,2.0,0
0.1578,30,0,0.7147,13948.0,8,0,0,0,2.0,0
0.77,45,0,0.9155,5633.0,9,0,0,0,1.0,0
0.5591,69,0,0.6594,8595.0,8,0,1,0,0.0,0
0.0171,63,0,0.6929,2439.0,6,0,0,0,2.0,0
0.686,46,0,0.6312,,6,0,0,0,0.0,1
0.4619,38,0,0.5904,4386.0,6,0,1,0,1.0,0
0.8422,49,0,0.7925,7347.0,7,0,0,0,1.0,0
0.1391,32,0,0.3029,10337.0,5,0,2,0,0.0,0
3.0585,49,0,0.1548,3525.0,9,0,3,0,2.0,0
1.2341,46,0,0.9791,4649.0,7,0,3,0,0.0,0
0.1336,46,0,0.5823,4206.0,12,0,1,0,0.0,0
0.0373,50,0,0.3372,12138.0,12,0,1,0,3.0,0
0.9698,60,0,0.2008,3308.0,5,0,0,0,0.0,0
0.2514,37,0,0.4338,,10,0,2,0,1.0,0
0.9589,65,0,0.4624,2946.0,7,0,0,0,2.0,0
3.0028,68,0,1.2548,11286.0,5,0,2,0,1.0,0
0.2023,83,0,0.873,8451.0,9,0,2,0,0.0,0
0.4502,56,0,0.5695,7716.0,5,0,1,0,0.0,0
0.2026,73,0,0.3013,9059.0,9,0,1,0,0.0,0
0.1128,66,0,0.8185,7616.0,9,0,1,0,,0
0.0884,55,0,0.3106,6229.0,6,0,1,0,1.0,0
0.1897,35,0,0.24,3613.0,10,0,1,0,0.0,0
0.2552,65,0,0.304,2870.0,6,0,0,0,0.0,0
0.8644,55,0,0.4373,3734.0,14,0,0,0,0.0,0
0.2222,77,0,0.6838,4956.0,12,0,1,0,,0
0.2345,62,0,0.3258,3101.0,10,0,2,0,0.0,0
0.1791,67,0,0.311,5982.0,4,0,1,0,2.0,0
0.6302,44,0,0.4168,2385.0,11,0,1,0,0.0,0
0.7145,55,0,0.2504,3224.0,7,0,2,0,0.0,0
1.0016,25,0,0.5459,7012.0,8,0,1,0,0.0,0
0.4234,60,2,0.3879,6284.0,8,0,1,1,1.0,0
0.1136,69,0,0.4987,11960.0,9,0,2,0,0.0,0
0.0186,71,0,0.4132,,9,0,1,0,0.0,0
2.5886,47,0,0.4912,14651.0,5,0,0,0,0.0,0
0.0855,27,0,0.1631,,14,0,2,0,1.0,0
0.3851,44,0,0.3451,3642.0,8,0,0,0,2.0,0
1.1128,51,0,0.462,,6,0,2,0,3.0,0
0.3388,58,0,0.7901,4649.0,13,0,1,0,1.0,0
0.6774,24,0,0.4738,3726.0,11,0,0,0,2.0,1
0.6821,51,0,0.312,,11,0,0,0,0.0,0
0.0625,37,0,0.5742,1127.0,8,0,1,0,0.0,0
0.3907,72,0,0.586,1872.0,8,0,1,0,1.0,0
0.5292,21,0,0.5937,,10,0,0,0,1.0,0
0.4736,66,0,0.2946,6855.0,11,0,1,0,0.0,0
0.3563,50,0,0.541,9149.0,11,0,0,0,3.0,0
0.6557,23,0,0.6128,3786.0,8,0,0,0,0.0,0
0.1606,75,0,0.5345,1762.0,4,0,1,0,0.0,0
0.1826,71,0,0.7833,5112.0,9,0,1,0,0.0,0
0.3155,69,0,0.6126,3262.0,7,0,2,0,3.0,0
1.0437,53,0,0.7584,3558.0,7,0,1,0,2.0,0
0.0265,43,0,0.5626,3352.0,9,0,0,0,2.0,0
0.5031,53,0,0.3332,2333.0,7,0,0,0,0.0,0
0.8521,60,0,0.2015,4343.0,12,0,0,0,1.0,0
0.555,44,0,0.6685,6009.0,8,0,1,0,1.0,0
0.0807,40,0,0.7016,4370.0,4,0,1,0,0.0,0
0.5173,59,0,0.5561,9664.0,9,0,0,0,1.0,0
0.9725,55,0,0.4544,4908.0,9,0,1,0,0.0,0
1.0148,65,0,0.0402,,5,0,1,0,1.0,0
0.1778,73,0,0.5208,4691.0,10,0,1,0,0.0,0
1.1804,64,0,0.4759,,6,0,2,0,0.0,0
0.0677,36,0,0.9627,7841.0,6,0,1,0,1.0,0
0.7139,52,0,0.2337,,8,0,2,0,1.0,0
0.0302,57,0,0.1867,4497.0,7,0,1,0,2.0,0
0.1665,63,0,0.1913,1352.0,8,0,1,0,1.0,0
0.3789,64,0,0.1635,,6,0,1,0,2.0,0
0.3136,51,0,0.0523,2349.0,8,0,2,0,0.0,0
1.9786,45,0,0.1824,8050.0,11,0,1,0,2.0,0
0.0144,66,0,0.965,10728.0,9,0,1,0,1.0,0
0.8085,57,0,0.0233,8319.0,13,0,0,0,0.0,0
0.318,56,0,0.0926,3032.0,12,0,0,0,0.0,0
0.8028,42,0,0.2622,6124.0,15,0,2,0,0.0,0
1.9746,81,0,0.1368,4250.0,7,0,3,0,1.0,1
2.6456,55,0,0.4002,12242.0,6,0,1,0,0.0,0
0.4809,51,0,0.1745,4078.0,11,0,1,0,0.0,0
0.0254,55,0,0.674,3588.0,6,1,0,0,1.0,0
3.0925,50,1,0.4109,7274.0,13,0,1,0,2.0,0
0.3444,34,0,0.6719,,7,0,1,0,1.0,0
0.2114,56,0,0.5969,1257.0,5,0,0,0,0.0,0
0.334,32,0,0.4877,5075.0,7,0,1,0,3.0,0
0.0054,53,0,0.2798,,6,0,0,0,3.0,0
0.0131,30,0,0.6267,3851.0,10,0,0,0,0.0,0
0.3658,22,0,0.4005,4406.0,7,0,0,0,2.0,0
0.136,61,0,0.5602,5221.0,13,0,1,0,1.0,0
0.1585,37,0,0.0368,11472.0,5,0,1,0,1.0,0
0.3704,58,0,0.3577,17160.0,10,0,0,0,1.0,0
0.405,54,0,0.0483,3544.0,8,0,0,0,0.0,0
0.1391,54,0,0.0388,11316.0,6,0,1,0,1.0,0
0.4187,43,0,0.599,25968.0,7,0,0,0,0.0,0
0.3674,50,0,0.6032,8632.0,5,0,2,0,1.0,0
0.1409,43,0,0.319,,7,0,2,0,1.0,0
0.1601,65,0,0.4974,10312.0,6,0,2,0,1.0,0
0.6392,45,0,0.4524,3301.0,9,0,0,0,0.0,0
0.6111,49,0,0.5018,3153.0,6,0,1,0,4.0,1
0.5891,62,0,0.2303,1894.0,7,0,2,0,0.0,0
0.6196,43,0,0.4382,6017.0,6,0,1,0,,0
1.165,27,0,0.3666,5260.0,12,0,1,0,1.0,0
0.3565,37,0,0.6773,13167.0,5,0,1,0,2.0,0
0.752,67,0,0.7842,,11,0,0,0,2.0,0
0.2986,53,0,0.8344,10400.0,7,0,1,0,2.0,0
0.0098,56,0,0.6269,3195.0,4,0,1,0,1.0,0
0.6235,56,0,0.0822,4937.0,9,0,2,0,1.0,0
0.0197,77,0,0.515,3843.0,6,0,1,0,1.0,0
0.8665,23,1,0.393,,12,0,1,0,1.0,1
1.4056,50,0,0.4041,5834.0,11,0,0,0,0.0,0
0.6087,52,0,0.5959,16199.0,5,0,0,0,1.0,0
0.618,52,0,0.2666,5115.0,9,0,0,0,1.0,0
0.5219,63,0,0.6012,10724.0,12,0,1,0,1.0,0
0.4576,64,0,0.5591,,5,0,0,0,0.0,0
0.8035,49,0,0.7175,7500.0,11,0,2,0,0.0,0
0.768,28,0,0.5751,3867.0,13,0,0,0,2.0,0
0.1513,87,0,0.2195,7428.0,1,0,1,0,0.0,0
3.2492,52,0,0.2381,4890.0,9,0,1,0,1.0,0
0.3473,53,0,0.6577,,12,0,3,0,0.0,0
0.6422,70,0,0.4419,7527.0,7,0,0,0,0.0,0
0.1831,46,0,0.6116,1574.0,6,0,0,0,2.0,0
0.2026,70,0,0.2254,4114.0,7,0,1,0,1.0,0
0.7843,48,3,0.6324,,12,0,1,0,0.0,0
0.5494,78,0,0.4572,3892.0,14,0,0,0,1.0,0
1.0309,58,0,0.2385,9040.0,7,0,1,0,5.0,0
2.651,43,0,0.2434,5561.0,11,0,0,0,1.0,0
0.2831,83,0,0.9098,4873.0,7,0,1,0,2.0,0
0.5999,60,0,0.5068,12404.0,8,0,1,0,1.0,0
0.7287,43,0,0.0181,,6,0,0,0,0.0,0
0.6551,32,0,1.1431,6724.0,5,0,0,0,,0
1.0828,62,0,0.5713,8514.0,11,0,2,0,1.0,0
0.6543,71,0,1.1357,,9,0,0,0,0.0,1
0.1755,57,0,0.1842,17975.0,4,0,4,0,,0
0.1639,57,0,0.746,,4,0,0,0,2.0,0
0.3998,74,0,0.4827,7652.0,8,0,2,0,1.0,0
2.2342,60,0,0.2692,5164.0,7,0,0,0,2.0,0
1.5864,43,0,0.437,6168.0,8,0,0,0,1.0,0
0.7216,43,1,0.2377,6459.0,10,0,2,2,1.0,0
0.5349,60,0,0.3933,6786.0,7,0,2,0,0.0,0
0.2044,59,0,0.5826,,5,0,1,0,1.0,0
0.5368,67,0,0.0632,,15,0,2,0,0.0,0
0.2833,57,0,0.2415,14682.0,11,0,1,0,0.0,0
0.8087,62,0,0.5908,,10,0,1,0,1.0,0
0.0499,57,0,0.7161,2936.0,9,0,0,0,2.0,0
0.7132,65,0,0.0429,8108.0,6,0,1,0,0.0,0
0.1535,62,0,0.5179,15888.0,8,0,0,0,0.0,0
1.3634,48,0,0.4269,4717.0,7,0,1,0,1.0,0
5.8797,49,0,0.5665,9926.0,7,0,2,0,0.0,0
1.0574,57,0,0.1706,,10,0,0,0,1.0,0
0.1786,54,0,0.1333,13737.0,5,0,1,0,3.0,0
0.6315,70,0,0.5669,,5,0,2,0,1.0,1
0.0024,55,0,0.7378,10596.0,9,0,1,0,0.0,0
0.1163,32,0,0.5116,2091.0,8,0,1,1,1.0,0
0.3606,35,0,0.901,2032.0,4,0,3,0,0.0,0
0.4271,49,0,0.7056,4625.0,10,0,3,0,2.0,0
2.7356,62,0,0.2222,3883.0,7,0,0,0,0.0,1
0.0931,42,0,0.3305,4566.0,10,0,1,0,0.0,0
0.89,61,0,0.22,8656.0,8,0,1,0,0.0,0
0.3504,41,0,0.0818,5724.0,12,0,0,0,0.0,0
0.5451,54,0,0.1397,8964.0,7,0,0,0,1.0,0
0.7725,58,0,0.8416,8830.0,8,0,2,0,1.0,0
0.7507,36,0,0.7639,5466.0,2,0,4,0,0.0,0
0.4617,58,0,0.1988,3283.0,7,0,2,0,2.0,0
0.3114,75,0,0.3683,,17,0,0,0,1.0,0
0.4939,49,0,0.6575,,7,0,0,0,0.0,0
0.5701,53,0,0.5541,4744.0,4,0,0,0,1.0,0
0.1441,56,0,0.1239,3546.0,9,0,3,0,0.0,0
0.3526,53,0,0.6013,,4,0,0,0,,0
0.1732,52,0,0.9202,3668.0,8,0,1,0,0.0,0
0.3881,51,0,0.8368,5412.0,7,0,3,0,2.0,0
0.1369,30,1,0.9403,2303.0,9,0,0,0,2.0,0
0.0613,58,0,0.308,,7,0,0,0,,0
0.6529,37,0,0.3376,,9,0,0,0,1.0,0
0.0326,57,0,0.4195,3822.0,5,0,0,0,0.0,0
0.1552,62,0,0.5441,2427.0,12,0,0,0,0.0,0
0.5102,58,0,0.3519,1727.0,12,0,1,0,1.0,0
0.1252,40,0,0.6769,4303.0,8,0,3,0,2.0,0
0.0265,56,0,0.4511,1713.0,8,0,0,0,0.0,0
3.916,49,0,0.9293,7311.0,8,0,1,0,0.0,0
0.1158,44,0,0.5819,,7,0,1,0,0.0,0
0.6017,81,0,0.3956,,10,0,1,0,0.0,0
0.4784,39,0,0.7727,7951.0,6,0,1,0,0.0,0
1.5626,59,0,1.0106,4388.0,4,0,0,0,,0
0.0971,73,0,0.7159,12269.0,3,0,1,0,0.0,0
0.2328,57,0,0.6505,8686.0,6,0,1,0,2.0,0
0.3086,43,0,0.4752,9216.0,4,0,2,0,0.0,0
1.8827,44,0,0.3984,10558.0,8,0,0,0,0.0,0
1.4471,32,0,0.4064,5665.0,8,0,2,0,1.0,0
0.3626,53,0,0.1681,9066.0,7,0,1,0,1.0,0
0.5124,54,0,0.6196,3740.0,7,0,0,0,,0
0.1711,48,0,0.4003,,11,0,1,0,3.0,0
0.913,72,0,0.2694,5391.0,9,0,2,0,2.0,0
0.7547,51,0,0.5044,3512.0,11,0,3,0,0.0,0
0.5144,30,0,0.3311,3236.0,4,0,2,0,0.0,0
0.452,73,0,0.4243,6900.0,7,0,2,0,0.0,0
0.0854,36,0,0.3288,2792.0,6,0,1,0,1.0,0
0.1525,60,0,0.319,1687.0,9,0,1,0,1.0,0
0.5607,62,0,0.2664,8726.0,15,0,2,0,1.0,0
0.1925,51,0,0.3236,9219.0,13,0,1,0,1.0,0
0.1198,66,0,0.8892,3981.0,2,0,3,0,1.0,0
0.6135,54,0,0.1836,13120.0,9,0,0,0,1.0,0
0.8236,48,3,0.9829,7827.0,9,0,1,0,0.0,0
0.4259,23,0,0.3382,,6,0,1,0,3.0,0
0.0014,28,0,0.2537,7176.0,6,0,1,0,0.0,0
0.4203,91,0,0.2235,2337.0,10,0,1,0,3.0,0
0.0974,63,0,1.0568,4148.0,12,0,2,0,1.0,0
0.4532,70,0,0.5145,4155.0,13,0,2,0,0.0,0
0.3596,88,0,0.5558,,10,0,0,0,1.0,0
0.6057,48,0,0.2101,5781.0,0,0,4,0,3.0,0
0.4356,51,0,0.3731,7430.0,6,0,0,0,0.0,0
0.3225,30,0,0.689,4798.0,12,0,2,0,0.0,0
4.1407,49,3,0.2648,7704.0,5,0,0,2,4.0,0
0.6135,48,0,0.62,,11,0,0,0,0.0,0
0.4441,47,0,0.714,3810.0,5,0,2,0,0.0,0
0.5974,67,0,0.788,4576.0,12,0,0,0,1.0,0
0.6602,63,0,0.0764,6345.0,7,0,0,0,0.0,0
1.3378,66,0,0.6,5835.0,12,0,0,0,1.0,0
0.4379,36,0,0.798,1405.0,5,0,0,0,2.0,0
0.1632,53,0,0.0293,,10,0,0,0,2.0,0
1.2762,57,0,0.6358,1565.0,7,0,1,0,0.0,0
0.7976,79,0,0.2282,7765.0,12,0,0,0,4.0,0
0.8418,54,0,0.324,5336.0,13,0,2,0,1.0,0
0.2163,50,0,0.311,9812.0,12,0,0,0,0.0,0
0.4115,68,0,0.8724,5394.0,7,0,1,0,0.0,0
0.0302,49,0,0.5314,31075.0,4,0,0,0,0.0,0
0.5209,59,1,0.3992,1824.0,12,0,0,0,2.0,0
0.2227,59,0,0.6861,2227.0,9,0,1,0,2.0,0
2.0644,45,0,0.743,7078.0,6,0,1,0,0.0,0
0.9165,43,1,0.3603,10422.0,11,2,3,0,1.0,0
2.9242,52,0,0.463,7267.0,11,0,2,0,1.0,0
0.4468,46,1,0.9195,15221.0,7,0,3,0,1.0,0
2.7465,31,0,0.5334,1905.0,12,0,3,0,1.0,0
0.1142,62,1,0.8138,4223.0,6,0,1,0,0.0,0
0.5338,60,0,0.3067,,6,0,1,0,1.0,0
1.8963,42,0,0.5619,6207.0,10,0,0,0,0.0,0
0.3894,40,0,0.6498,4382.0,10,0,2,0,0.0,0
2.0091,59,0,1.431,,4,0,2,0,0.0,1
4.1848,77,0,0.7575,4702.0,9,0,2,0,1.0,0
0.1489,66,0,0.6741,3097.0,10,0,1,0,0.0,0
0.6677,69,0,0.2575,2728.0,13,0,1,0,1.0,0
0.1633,48,0,0.7164,5943.0,10,0,1,0,1.0,0
0.3355,58,0,0.4488,10645.0,7,0,1,0,0.0,0
0.1984,50,0,0.3802,8009.0,12,0,0,0,0.0,0
0.3656,42,0,0.314,,10,0,2,0,0.0,0
0.6069,55,0,0.8451,4817.0,5,0,0,0,1.0,0
0.2536,40,0,0.3921,3716.0,4,0,2,0,2.0,0
0.7177,42,0,0.7913,4326.0,8,0,1,0,0.0,0
0.295,46,0,0.2712,11191.0,10,0,1,0,0.0,0
0.7883,47,0,0.1934,2236.0,9,0,2,0,2.0,0
0.3387,52,0,0.6664,723.0,9,0,1,0,1.0,0
0.2089,23,0,0.3684,,9,0,0,0,2.0,0
0.7161,39,0,0.1414,4657.0,11,0,0,0,0.0,0
6.7573,74,0,0.2221,7374.0,4,0,0,0,0.0,0
0.3017,52,0,0.5088,6132.0,5,0,1,0,0.0,0
0.229,60,0,0.5958,7091.0,10,0,1,0,0.0,0
0.3786,58,0,0.5032,,9,0,2,0,2.0,0
0.4927,50,0,0.8249,7955.0,10,0,0,0,0.0,0
0.9489,40,0,0.2767,9184.0,5,0,1,0,1.0,0
2.0527,44,0,0.3571,5567.0,11,0,1,0,0.0,0
0.3884,79,0,0.8259,7599.0,6,0,2,0,1.0,0
0.7235,45,0,0.1935,6458.0,7,0,0,0,0.0,0
0.1688,76,0,0.5042,,6,0,1,0,2.0,0
0.2003,46,0,0.4447,10765.0,6,0,0,0,1.0,0
0.5919,48,0,0.4329,5336.0,8,0,1,0,1.0,0
0.4402,53,0,0.5606,8477.0,12,0,0,0,0.0,0
0.4724,50,0,0.7723,4208.0,13,0,0,0,1.0,1
0.4291,39,0,0.6211,1873.0,6,0,0,0,1.0,0
0.0114,52,0,0.1298,5996.0,11,0,1,0,0.0,0
0.3448,31,0,0.4871,6694.0,8,0,6,0,2.0,0
0.0598,57,0,0.2363,7584.0,6,0,1,0,1.0,0
0.3112,55,0,0.3726,,6,0,1,0,2.0,0
1.1479,62,0,0.4273,,8,0,1,0,0.0,0
0.0099,45,0,0.5127,2755.0,6,0,2,0,1.0,0
1.1756,62,0,0.6333,13134.0,7,0,0,0,2.0,0
0.4152,58,0,0.9636,4418.0,10,0,2,0,2.0,0
0.0474,54,0,0.319,10475.0,6,0,1,0,0.0,0
0.2815,80,0,0.4273,6567.0,8,0,1,0,0.0,0
3.0525,59,0,0.2905,7767.0,10,0,1,0,0.0,0
0.8239,46,0,0.3519,6236.0,5,0,1,0,0.0,0
0.1672,74,0,0.3721,6544.0,6,0,0,0,0.0,0
0.6955,59,0,0.6157,5494.0,6,0,1,0,2.0,0
0.8555,77,1,0.3718,,10,0,0,1,2.0,0
5.4398,26,1,0.1909,3201.0,10,0,1,0,1.0,0
0.0383,48,0,0.46,34553.0,7,0,1,0,1.0,0
0.1069,48,0,0.2424,972.0,8,0,2,0,1.0,0
0.2897,26,0,0.5776,3874.0,6,0,2,0,1.0,0
0.6891,54,0,0.332,4621.0,9,0,0,0,0.0,0
0.4255,47,0,0.0746,8400.0,7,0,0,0,0.0,0
4.4467,24,0,0.6826,4229.0,9,0,2,0,0.0,0
0.9933,41,1,0.6233,3783.0,8,0,0,0,1.0,0
0.1868,71,0,0.4927,11610.0,5,0,2,0,0.0,0
0.3175,65,1,0.5138,11229.0,6,0,0,0,1.0,0
0.4593,42,0,0.328,,3,0,0,0,1.0,0
0.2692,42,0,0.5619,5013.0,3,0,0,0,1.0,0
0.3545,64,0,0.2383,,8,0,0,0,3.0,0
0.3585,24,0,0.3768,8682.0,9,0,0,0,0.0,0
1.9843,60,0,0.2116,,9,0,0,0,0.0,0
0.2641,26,0,1.0094,,6,0,1,0,0.0,0
2.6297,75,0,0.3095,,4,0,0,0,0.0,0
0.176,61,0,0.7325,9532.0,8,0,0,0,,0
0.4828,26,0,0.3084,,6,0,1,0,1.0,0
0.6226,47,0,0.7991,,7,0,0,0,1.0,0
0.4041,56,0,0.342,10850.0,12,0,0,0,0.0,0
5.0455,24,0,0.552,3904.0,13,0,2,2,0.0,0
0.4754,51,0,0.613,3585.0,7,0,0,2,1.0,0
0.7026,59,0,0.2906,4346.0,11,0,0,0,0.0,0
0.1671,23,0,0.4143,,9,0,2,0,0.0,0
0.3684,62,0,0.9627,7051.0,6,0,0,0,2.0,0
0.3039,50,0,0.5516,4488.0,5,0,2,0,0.0,0
0.69,65,0,0.2263,,9,0,2,0,0.0,0
0.3602,49,0,0.834,,9,0,0,0,1.0,0
0.2889,37,0,0.1731,,6,0,1,0,0.0,0
0.331,36,0,0.8975,,7,0,1,0,1.0,0
1.9254,48,0,0.6021,4582.0,3,0,1,0,0.0,0
0.3631,49,0,0.4833,5439.0,9,0,1,0,0.0,0
0.1465,67,0,0.2216,15374.0,9,0,2,0,1.0,0
0.1034,48,0,0.2902,7501.0,5,0,1,0,0.0,0
0.6445,30,0,0.3459,3261.0,10,0,0,0,0.0,0
0.4983,46,0,0.5899,4397.0,13,0,0,0,2.0,0
0.2535,31,0,0.3051,2119.0,6,0,1,0,0.0,0
10.3942,57,0,0.513,8394.0,9,0,0,0,1.0,0
0.4231,60,0,0.4054,13635.0,12,0,1,0,1.0,0
0.4994,63,0,0.8697,9323.0,8,0,3,0,1.0,0
0.6103,48,0,0.6279,5046.0,10,0,1,0,0.0,0
0.6127,42,0,0.4565,,6,0,1,0,1.0,0
0.8222,45,0,0.3841,,7,0,1,0,2.0,0
0.9688,51,0,0.3615,,4,0,0,0,2.0,0
0.0177,45,0,0.2875,4777.0,9,0,1,0,0.0,0
0.9332,75,0,1.0402,4334.0,6,0,0,0,0.0,0
0.4202,47,0,0.1964,3741.0,5,0,0,0,1.0,0
0.1996,51,0,1.0229,,6,0,0,0,3.0,0
0.9334,41,0,0.0433,,6,0,0,0,4.0,0
5.774,42,0,0.7934,4405.0,12,0,0,0,0.0,0
0.8015,34,0,0.527,9018.0,7,0,1,0,0.0,0
0.3476,38,0,0.5626,5465.0,9,0,1,0,0.0,0
0.2346,78,0,0.8414,,6,0,2,0,2.0,0
0.2078,60,0,0.6257,4523.0,14,0,1,0,2.0,0
1.9577,47,0,0.2361,,10,0,1,0,0.0,0
0.193,43,1,0.6452,9120.0,12,0,0,0,1.0,0
0.7024,69,0,0.6082,14162.0,11,0,1,0,3.0,1
0.4588,40,0,0.2684,10306.0,9,0,1,0,0.0,0
0.2797,28,0,1.1573,8250.0,8,0,2,0,1.0,0
0.4207,59,2,0.5245,7124.0,9,0,3,0,0.0,0
1.6468,39,0,0.4155,2625.0,2,0,0,0,1.0,0
0.3754,34,0,0.4618,5437.0,7,0,0,0,0.0,0
7.4666,37,0,0.4886,7566.0,4,0,3,2,0.0,0
0.6075,58,0,0.3679,8256.0,7,0,2,0,2.0,0
6.0732,51,0,0.7968,1569.0,6,0,2,0,0.0,0
0.336,38,0,0.3437,,7,0,0,0,1.0,0
0.0777,59,4,0.6136,1453.0,7,0,1,0,0.0,0
1.0199,40,0,0.4794,9441.0,5,0,1,0,1.0,0
0.1555,29,0,0.1829,10121.0,11,0,0,0,1.0,0
0.5506,34,0,0.3948,4674.0,8,0,0,0,1.0,0
0.3905,52,0,0.2911,7404.0,10,0,0,0,0.0,0
0.2888,41,0,0.439,,9,0,2,0,0.0,0
0.7294,53,0,0.2536,4684.0,6,0,2,0,0.0,0
0.4291,68,0,0.2051,6648.0,8,0,1,0,1.0,0
6.612,43,0,0.8544,6437.0,4,0,1,0,0.0,0
0.0795,89,0,0.9535,3454.0,8,0,2,0,2.0,0
2.3272,56,0,0.5347,,6,0,1,0,1.0,1
1.4283,50,0,0.7041,,14,0,3,0,1.0,0
5.7494,33,0,0.5208,5043.0,9,0,0,0,0.0,0
0.1901,47,0,0.2684,6281.0,14,0,3,0,2.0,0
0.1458,49,0,0.4357,10151.0,5,0,0,0,0.0,0
0.5361,63,0,0.817,1895.0,10,0,1,0,2.0,0
0.1781,44,0,0.062,4625.0,8,0,1,0,0.0,0
0.516,58,0,0.5286,,8,0,0,0,0.0,1
12.2903,53,0,0.4846,7528.0,9,0,0,0,0.0,0
1.7497,66,0,0.0665,3956.0,7,0,0,0,2.0,0
2.9134,67,3,0.4696,7319.0,8,0,1,0,0.0,0
0.0665,57,0,0.5663,5600.0,6,0,0,0,0.0,0
0.5402,63,0,0.5084,11578.0,12,0,0,0,2.0,0
0.0941,68,0,0.6763,,10,0,1,0,0.0,0
0.4758,60,0,0.4294,8305.0,4,0,4,0,1.0,0
1.958,56,0,0.7738,,10,0,0,0,2.0,0
0.4444,58,0,0.3583,3298.0,10,0,1,0,2.0,0
0.269,75,0,0.4922,9666.0,3,0,0,0,0.0,0
0.202,54,0,0.582,4323.0,2,0,0,0,0.0,0
0.7978,62,1,1.1061,4895.0,9,1,2,0,3.0,0
0.2446,43,0,0.1558,6097.0,8,0,1,0,1.0,0
0.0451,73,0,0.5064,10173.0,2,0,1,0,2.0,0
2.6432,58,0,0.6627,2440.0,4,0,1,0,2.0,0
0.2159,47,0,0.3155,7845.0,6,0,0,0,1.0,0
0.4246,51,1,0.3481,2987.0,5,0,1,1,4.0,0
0.0496,49,0,0.5497,5922.0,8,0,3,0,0.0,0
0.5548,52,0,0.2435,12321.0,7,0,3,0,1.0,0
0.0375,55,0,0.3941,7086.0,10,0,1,0,2.0,0
0.5465,49,0,0.5238,,4,0,0,0,1.0,0
0.0049,30,0,0.3982,,14,0,1,0,2.0,0
0.4638,77,0,0.1101,,8,0,0,0,0.0,0
0.279,56,0,0.7701,4296.0,6,0,2,0,1.0,0
0.1236,56,0,0.1189,5946.0,9,0,0,0,1.0,0
0.5577,51,0,0.2338,9332.0,9,0,0,0,0.0,0
0.0808,65,0,0.4543,,9,0,1,0,1.0,0
0.2367,53,0,0.1811,6911.0,10,0,3,0,1.0,0
0.8245,48,1,0.3388,5372.0,17,0,0,1,1.0,0
0.3315,49,0,0.6557,,5,0,2,0,2.0,0
2.2848,70,0,0.8633,3953.0,12,0,0,0,1.0,0
0.3059,55,0,0.0989,,9,0,3,0,1.0,0
0.7109,52,0,1.1463,4607.0,9,0,0,0,1.0,0
0.6258,46,0,0.3489,5642.0,8,0,2,0,0.0,0
0.6087,48,1,0.6373,9613.0,8,0,2,0,1.0,0
0.0734,67,0,0.3763,7246.0,9,0,2,0,1.0,0
0.3445,39,0,0.6278,4442.0,4,0,0,0,0.0,0
0.5289,61,0,0.1365,10212.0,9,0,0,0,1.0,0
0.0845,62,0,0.3537,,8,0,0,0,0.0,0
0.6628,55,0,0.9999,4177.0,6,0,2,0,1.0,0
1.8741,49,0,0.1375,722.0,8,0,0,0,0.0,0
0.2992,31,0,0.2007,7932.0,8,0,2,0,1.0,0
0.9982,61,1,0.2405,3542.0,8,0,1,0,2.0,0
0.5503,30,0,0.7038,5212.0,6,0,0,0,1.0,0
0.3199,54,0,0.7432,1883.0,11,0,0,0,0.0,0
0.4884,53,0,0.2383,,10,0,1,0,0.0,1
0.0932,63,1,0.8382,4852.0,6,0,1,0,0.0,0
0.3556,39,0,0.5713,7164.0,11,0,0,0,0.0,0
0.9319,39,0,0.9031,2652.0,10,0,4,0,1.0,0
1.0036,59,0,0.5589,2024.0,5,0,2,0,0.0,0
0.298,50,0,0.0439,2972.0,5,0,1,0,1.0,0
0.4329,24,0,0.0268,5850.0,6,0,1,0,2.0,0
0.1159,52,0,0.2307,7124.0,6,0,1,0,2.0,0
0.0804,77,0,0.5084,4377.0,11,0,3,0,1.0,0
15.7051,60,0,0.3375,5463.0,9,0,0,0,0.0,0
0.5071,35,0,0.3271,3897.0,8,0,1,0,0.0,0
7.4268,59,0,0.5337,6365.0,10,0,1,0,0.0,0
0.5434,66,0,0.3783,4022.0,8,0,1,0,0.0,0
0.5248,28,0,0.5323,,8,0,0,0,0.0,0
0.0857,48,0,0.2834,5311.0,11,0,2,0,2.0,0
0.9086,70,1,0.1594,2466.0,7,1,0,0,1.0,0
3.9394,31,0,1.0808,11623.0,6,0,1,0,,0
0.2236,48,0,0.6091,3946.0,8,0,1,0,1.0,0
1.282,49,0,0.2563,3089.0,6,0,0,0,1.0,0
0.5697,46,0,0.2581,8643.0,11,0,2,0,1.0,0
3.2608,71,2,0.7564,4857.0,5,0,1,0,1.0,0
0.2872,69,2,0.2255,13397.0,13,0,1,3,0.0,0
0.115,48,0,0.0763,,8,0,3,0,0.0,0
0.0249,38,0,0.1963,4607.0,8,0,2,0,1.0,0
0.5158,70,0,0.5333,8822.0,7,0,0,0,1.0,0
7.6628,63,0,1.2131,2323.0,8,0,0,0,1.0,0
0.9173,52,0,0.4924,12982.0,11,0,2,0,0.0,0
0.6342,61,0,0.2072,5287.0,4,0,1,0,0.0,0
0.7222,61,0,0.5629,2891.0,10,0,0,0,2.0,0
0.0765,40,0,0.3557,3376.0,10,0,1,0,0.0,0
0.3413,44,0,0.63,2736.0,5,0,0,0,0.0,0
0.482,52,0,0.1574,3336.0,5,0,1,0,2.0,0
0.4081,25,0,0.5477,,6,0,1,0,2.0,0
0.3158,47,2,0.5133,2498.0,12,0,1,1,0.0,0
1.4827,41,0,0.4755,2390.0,4,0,1,0,0.0,0
0.0274,54,0,0.3047,12102.0,8,0,0,0,2.0,0
0.018,36,0,0.7559,3976.0,12,0,0,0,0.0,0
0.2056,58,0,1.0046,,8,0,1,0,1.0,0
0.3948,55,0,0.2178,10990.0,3,0,0,0,0.0,0
0.118,51,0,0.0497,4266.0,8,0,0,0,2.0,0
0.3168,59,0,0.9285,13821.0,10,0,0,0,2.0,0
3.8825,60,0,0.6651,20056.0,7,0,0,0,0.0,0
0.5535,49,0,0.276,8981.0,11,0,1,0,2.0,0
0.4826,52,0,0.739,4563.0,4,0,1,0,2.0,0
0.516,42,0,0.1541,2071.0,8,0,1,0,1.0,0
0.357,42,0,0.323,4775.0,11,0,0,0,3.0,0
0.8391,74,1,0.0231,3011.0,9,0,2,0,1.0,0
0.0363,49,0,0.5353,8508.0,6,0,1,0,1.0,0
0.4393,52,0,0.4283,7816.0,11,0,1,0,1.0,0
0.2553,51,0,0.1891,5908.0,6,0,0,0,2.0,0
0.2223,57,0,0.4854,4627.0,8,0,1,0,1.0,0
1.7652,44,0,0.1156,,8,0,1,0,0.0,0
0.4267,46,0,0.1324,1647.0,9,0,0,0,1.0,0
0.0474,65,0,0.3094,2033.0,11,0,2,0,0.0,0
4.9063,31,0,0.9278,,9,0,1,0,1.0,1
0.2406,55,0,0.2317,7370.0,5,0,1,0,0.0,0
0.1829,41,0,0.268,11794.0,10,0,0,0,0.0,0
0.1828,24,0,0.8337,4417.0,12,0,1,0,0.0,0
0.1526,51,0,0.4781,4609.0,7,0,3,0,0.0,0
0.0575,36,0,0.3529,,11,0,1,0,1.0,0
0.3164,33,0,0.5774,11619.0,4,0,1,0,0.0,0
0.8625,88,0,0.1064,3569.0,12,0,1,0,2.0,0
0.3128,60,0,0.459,3756.0,8,0,2,0,1.0,0
0.1266,60,0,0.6041,9667.0,6,0,1,0,0.0,0
0.2262,51,0,0.211,,9,0,1,0,1.0,0
0.3951,35,0,0.6931,6181.0,10,0,2,0,2.0,0
0.7792,50,0,0.8173,12005.0,6,0,1,0,0.0,0
0.0697,47,0,0.3887,6961.0,10,0,3,0,0.0,0
0.1124,25,0,0.3104,6436.0,7,0,1,0,0.0,0
0.7211,77,0,0.0289,3524.0,15,0,1,0,0.0,0
0.65,51,0,0.6647,,6,0,1,0,1.0,0
0.0754,40,0,0.1906,6269.0,8,0,0,0,0.0,0
7.6871,54,0,0.4909,4793.0,7,0,0,0,1.0,0
0.4147,33,0,0.524,7367.0,5,0,0,0,0.0,0
0.246,39,0,0.848,6538.0,7,0,3,0,0.0,0
0.7924,74,0,0.3805,13594.0,11,0,0,0,0.0,0
0.4877,45,0,0.3205,,12,0,2,0,1.0,0
1.1589,52,0,0.6974,6389.0,6,0,2,0,0.0,0
0.6395,53,0,0.0888,5426.0,5,0,1,0,1.0,0
0.5344,50,0,0.0855,5525.0,10,0,3,0,1.0,0
1.7131,44,0,0.0058,8316.0,11,0,0,0,4.0,0
0.105,84,0,1.1251,6411.0,6,0,1,0,0.0,0
0.4621,42,0,0.1566,5639.0,8,0,1,0,0.0,0
0.0606,39,0,0.2187,6281.0,13,0,1,0,0.0,0
0.3718,59,0,0.4938,1708.0,8,0,0,0,2.0,0
0.7375,34,0,0.7763,7455.0,6,0,1,0,1.0,0
0.0262,66,0,0.3154,5567.0,7,0,0,0,1.0,0
0.2923,49,0,0.4365,,7,0,1,0,1.0,0
0.9534,54,0,0.2432,1056.0,4,0,1,0,1.0,0
2.1274,56,0,0.6798,4583.0,9,0,2,0,1.0,0
1.0066,47,0,0.5583,2288.0,10,0,0,0,3.0,1
0.8764,65,0,0.2399,2980.0,6,0,0,0,1.0,0
0.2148,61,0,0.1461,4606.0,10,0,1,0,0.0,0
0.3449,59,0,0.3967,5911.0,11,0,1,0,0.0,0
0.2531,31,0,0.514,15646.0,4,0,1,0,1.0,0
0.3331,47,0,0.9866,9618.0,12,0,2,0,2.0,0
0.1053,50,0,0.5244,2966.0,7,0,0,0,1.0,0
0.2649,76,0,0.4668,4202.0,7,0,2,0,2.0,0
0.2094,32,0,0.0366,5258.0,9,0,0,0,0.0,0
0.0411,43,0,0.4908,,7,0,2,0,2.0,0
0.8083,67,0,0.4655,2375.0,6,0,2,0,2.0,0
0.9388,39,0,0.4078,2129.0,11,0,1,0,2.0,0
0.289,43,3,0.9083,11281.0,10,0,0,1,2.0,0
0.4315,75,0,0.3341,11217.0,7,0,2,0,0.0,0
0.3287,57,0,0.2845,9532.0,5,0,1,0,1.0,0
0.2859,64,0,0.689,7101.0,7,0,3,0,0.0,0
1.3299,62,0,0.8338,11127.0,6,0,0,0,1.0,0
0.0073,54,0,0.0838,5596.0,11,0,1,0,1.0,0
2.754,53,0,0.0398,4950.0,7,0,3,0,1.0,0
0.202,64,0,0.4372,1115.0,8,0,3,0,1.0,0
0.2905,40,0,0.8422,4949.0,8,0,0,0,2.0,0
0.1595,76,0,0.6972,4442.0,12,0,1,0,0.0,0
0.4525,45,0,0.6209,9903.0,9,0,1,0,0.0,0
0.2429,66,0,0.2964,4795.0,8,0,1,0,3.0,0
0.1575,59,0,0.7291,9288.0,4,0,1,0,0.0,0
0.0232,44,0,0.1877,,4,0,1,0,1.0,0
0.3331,59,0,0.4886,5066.0,7,0,2,0,1.0,0
0.0136,54,0,0.4421,9136.0,14,0,2,0,0.0,0
2.6741,27,0,0.6845,7156.0,10,0,0,0,,0
0.427,51,1,0.7261,2286.0,10,0,2,0,0.0,0
0.7614,35,0,0.2941,15033.0,9,0,3,0,0.0,0
0.5032,59,0,0.8952,1842.0,9,0,0,0,0.0,0
0.2425,50,0,0.4492,3583.0,10,0,3,0,1.0,0
8.1446,64,0,0.6452,9491.0,8,0,0,0,0.0,0
0.9195,42,0,0.334,6578.0,7,0,2,0,1.0,0
0.3372,34,0,0.1227,,6,0,1,0,0.0,0
0.3601,37,0,0.3578,3635.0,9,0,1,0,1.0,0
0.9648,80,2,0.2074,4048.0,17,0,0,0,0.0,0
0.0456,94,0,0.5883,1110.0,10,0,1,0,3.0,0
0.13,80,0,0.672,,7,0,0,0,0.0,0
0.438,30,0,0.3966,14571.0,7,0,1,0,2.0,0
1.1028,33,0,1.0438,2854.0,12,0,1,0,1.0,0
0.6663,37,0,0.1068,,10,0,1,0,0.0,1
0.295,63,0,0.7719,2834.0,9,0,0,0,3.0,0
0.2968,82,0,0.6384,,9,0,1,0,1.0,0
0.2821,65,0,0.3729,11585.0,6,0,0,0,0.0,0
0.4391,55,0,0.7858,6104.0,6,0,2,0,1.0,0
0.7706,39,0,0.3583,5970.0,8,0,3,0,0.0,0
0.0877,48,2,0.3923,3730.0,3,0,0,0,1.0,0
0.2623,53,0,0.2858,,8,0,0,0,1.0,0
0.0329,64,0,0.6929,5538.0,6,0,1,0,2.0,0
0.1961,45,0,0.5675,,6,0,1,0,1.0,0
0.3428,58,0,0.6511,2808.0,5,0,0,0,1.0,0
0.1641,56,0,0.3786,7250.0,8,0,0,0,0.0,0
0.7265,53,0,0.3734,1250.0,7,0,1,0,0.0,0
3.531,46,0,0.6041,4330.0,6,0,1,0,2.0,0
0.2263,54,0,0.3915,,8,0,1,0,4.0,0
2.1179,51,0,0.5858,,13,0,0,0,0.0,0
0.1202,41,0,0.2284,2831.0,12,0,0,0,0.0,0
0.1321,64,0,0.4503,2832.0,11,0,1,0,0.0,0
0.5824,74,0,0.3218,9950.0,6,0,1,0,2.0,0
0.0353,54,0,0.4361,3286.0,9,0,1,0,0.0,0
0.4139,51,0,0.6589,2665.0,12,0,2,0,2.0,0
0.2816,63,0,0.1237,4965.0,12,0,0,0,2.0,0
0.4949,55,0,0.1679,7295.0,10,0,0,0,1.0,0
0.7636,68,0,1.0047,,6,0,0,0,1.0,0
0.8254,53,0,0.545,,11,1,1,0,1.0,0
0.5219,60,0,0.0966,8274.0,12,0,0,0,0.0,0
0.7258,76,0,0.3334,7303.0,10,0,1,0,0.0,0
0.1651,70,0,0.061,,12,0,3,0,1.0,0
1.9729,50,0,0.3982,4695.0,11,0,1,0,1.0,0
0.3428,67,0,0.5066,,12,0,0,0,1.0,0
0.1948,37,0,0.2268,,5,0,1,0,1.0,0
0.0301,49,0,0.5929,3416.0,11,0,0,0,1.0,0
0.4162,64,0,0.2126,5313.0,2,0,0,0,0.0,0
0.7253,73,0,1.3545,11290.0,5,0,1,0,0.0,0
0.4961,41,0,0.307,,8,0,1,0,1.0,0
0.143,52,0,0.9983,,6,0,1,0,0.0,0
0.5036,52,0,0.3601,3103.0,10,0,2,0,,0
0.0535,51,0,0.1601,11626.0,6,0,0,0,3.0,0
0.4613,35,0,0.3757,15280.0,7,0,0,0,1.0,0
0.3854,59,0,0.8964,,15,0,1,0,1.0,0
0.5191,34,0,0.7213,2134.0,10,0,0,0,3.0,0
0.4529,68,0,0.4374,4508.0,12,0,1,0,0.0,0
0.1429,71,0,0.2333,5673.0,7,0,0,0,1.0,0
0.2729,43,0,0.2868,,7,0,2,0,2.0,0
0.1798,34,0,0.3503,6646.0,10,0,1,0,2.0,0
0.379,52,0,0.3047,23361.0,11,0,0,0,0.0,0
0.957,45,0,1.3343,4625.0,8,0,2,0,0.0,0
1.9463,49,0,0.3431,4730.0,8,0,2,0,1.0,0
2.0683,53,0,0.667,3999.0,5,0,1,0,2.0,0
0.2466,39,0,0.8126,4665.0,8,0,0,0,1.0,0
0.1062,75,0,0.9179,1987.0,7,0,0,0,0.0,0
0.4996,43,0,0.6005,,7,0,1,0,0.0,0
0.1396,65,0,0.2701,,6,0,1,0,1.0,0
3.974,40,0,0.6353,2535.0,5,0,0,0,2.0,0
0.4474,53,0,0.1634,,6,0,1,0,0.0,0
0.0784,58,0,0.2767,4653.0,9,0,1,0,0.0,0
3.1704,54,0,0.5809,3889.0,3,0,0,0,1.0,0
0.8045,48,0,0.6891,4457.0,9,0,1,0,2.0,0
0.1381,45,0,0.0495,2800.0,13,0,1,0,0.0,0
0.159,46,0,0.4152,1876.0,9,0,0,0,0.0,0
0.3612,43,0,0.932,,3,0,1,0,0.0,0
0.0038,57,0,0.4499,3184.0,11,0,1,0,0.0,0
0.2595,78,0,0.8232,7548.0,8,0,1,0,2.0,0
0.8514,57,0,0.411,,7,0,2,0,0.0,1
0.4072,60,0,0.5794,7981.0,8,0,1,0,1.0,0
0.1516,67,0,0.8489,,9,0,2,0,1.0,0
0.4543,46,0,0.3255,6725.0,4,0,1,0,1.0,0
4.706,27,0,0.489,6125.0,5,0,1,0,0.0,0
1.3766,52,3,0.5084,3073.0,8,0,1,0,0.0,0
1.729,64,1,0.4764,10360.0,8,0,0,0,0.0,0
1.1699,80,0,0.71,5399.0,9,0,2,0,3.0,0
0.3574,38,0,0.3484,2081.0,6,0,1,0,1.0,0
0.4377,67,4,0.3816,7674.0,9,0,0,0,0.0,0
0.0918,56,0,0.2508,6404.0,6,0,1,0,1.0,0
0.3199,47,0,0.4336,5214.0,10,0,0,0,2.0,0
0.1326,37,0,0.3848,,6,0,0,0,2.0,0
0.497,44,0,0.555,22849.0,7,0,2,0,0.0,0
0.338,60,3,0.7619,3347.0,10,0,0,0,0.0,0
0.7421,69,0,0.4753,4714.0,6,0,0,0,0.0,0
0.0034,21,0,0.6102,12428.0,16,0,3,0,0.0,0
0.3309,59,0,0.3653,5197.0,5,0,0,0,1.0,0
0.9673,44,0,0.5902,5708.0,5,0,0,0,2.0,0
0.1588,45,0,0.2175,6920.0,12,0,0,0,2.0,0
1.6305,58,2,0.8791,5325.0,13,2,1,0,2.0,0
2.3952,79,0,0.3664,10954.0,10,0,0,0,1.0,1
0.4288,42,0,0.5791,12443.0,6,0,2,0,0.0,0
0.1886,51,0,0.4702,8022.0,7,0,2,0,1.0,0
0.116,30,0,0.5612,,12,0,1,0,0.0,0
0.7179,58,0,0.4218,7996.0,3,0,1,0,1.0,0
0.6307,42,0,0.288,,8,0,1,0,1.0,0
0.1253,74,2,0.2323,3283.0,9,0,3,0,1.0,0
1.4092,57,0,1.113,2615.0,7,0,0,0,0.0,1
0.9208,48,0,0.5689,,12,0,0,0,1.0,0
0.1164,48,0,0.7034,9001.0,4,0,0,0,0.0,0
0.0387,57,0,0.2524,7949.0,12,0,1,0,0.0,0
2.8185,62,0,0.0687,,5,0,0,0,2.0,0
0.1464,36,0,0.6269,7897.0,10,0,0,0,4.0,0
1.646,50,0,0.6648,3909.0,6,0,1,0,0.0,0
0.2769,52,0,0.7921,,13,0,0,0,1.0,0
0.3561,55,0,0.3685,9319.0,8,0,0,0,1.0,0
0.2905,70,0,0.328,,11,0,2,0,1.0,0
0.1288,32,0,0.3265,3201.0,3,0,2,0,1.0,0
0.0285,65,0,0.4469,8146.0,9,0,0,0,1.0,0
0.7356,57,0,0.4144,14461.0,11,0,0,0,1.0,0
0.1932,45,0,0.1503,6821.0,16,0,2,0,1.0,0
0.2455,63,0,0.3793,12521.0,3,0,0,0,0.0,0
0.3379,47,0,0.3089,,6,0,0,0,0.0,0
0.568,27,0,0.2065,2474.0,7,0,0,0,2.0,0
0.0658,21,0,0.5497,4838.0,12,0,0,0,0.0,0
0.6738,35,0,0.2816,2790.0,9,0,1,0,0.0,0
0.2572,44,0,0.3055,8390.0,10,0,1,0,1.0,0
0.8179,54,0,0.1938,1759.0,9,0,0,0,0.0,0
0.2096,60,0,0.4026,4090.0,14,0,0,0,1.0,0
0.1647,48,0,0.9456,4892.0,6,0,1,0,0.0,0
1.7466,32,0,0.5969,6432.0,13,0,1,0,0.0,0
0.1341,47,0,0.6406,11313.0,9,0,2,0,1.0,0
1.8352,49,0,0.347,,5,0,0,0,1.0,0
0.3846,76,0,0.466,13758.0,6,0,2,0,0.0,0
0.324,60,2,0.4552,2354.0,7,0,2,0,0.0,0
0.0334,29,0,0.4998,,6,0,2,0,2.0,0
0.3123,48,0,0.557,5070.0,8,0,1,0,1.0,0
0.2495,62,0,0.4959,9231.0,13,0,2,0,0.0,0
0.5484,52,0,0.4661,,10,0,1,0,0.0,0
2.6337,29,0,0.7557,2234.0,6,0,1,0,0.0,0
0.6598,63,0,0.6724,13849.0,9,0,0,0,2.0,1
0.5033,57,0,0.4417,8770.0,8,0,0,0,1.0,0
5.0223,50,0,0.339,,7,0,2,0,1.0,0
0.7632,41,0,0.0295,,9,0,3,0,0.0,1
0.0364,66,0,0.8638,9168.0,9,0,2,0,2.0,0
0.2496,27,0,0.2148,2565.0,7,0,2,0,0.0,0
0.0355,30,0,0.247,3750.0,2,0,0,0,1.0,0
2.3453,42,0,0.2622,14295.0,9,0,0,1,2.0,0
0.4675,56,0,1.026,,6,0,0,0,0.0,0
0.0342,33,0,0.317,10883.0,5,0,1,0,0.0,0
0.8581,44,0,0.4986,,7,0,2,0,0.0,0
5.8793,47,0,0.1906,3140.0,7,0,2,0,0.0,0
0.2311,57,0,0.6503,,14,0,1,0,3.0,0
3.6576,48,0,0.2329,6629.0,7,0,2,0,1.0,0
0.219,48,0,0.2991,4786.0,9,0,0,0,3.0,0
0.1909,42,0,0.2473,16130.0,7,0,0,0,1.0,0
0.2487,67,3,0.6573,9255.0,7,0,3,1,0.0,0
0.0071,61,0,0.1315,5265.0,7,0,2,0,3.0,0
0.5209,61,0,0.2203,7610.0,6,0,1,0,0.0,0
0.0928,41,0,0.196,,9,0,0,0,1.0,0
0.0121,45,0,0.5744,4464.0,8,0,1,0,0.0,0
0.4332,59,0,0.453,7930.0,5,0,0,0,1.0,0
0.1547,44,0,0.4813,2749.0,7,0,1,0,0.0,0
0.0876,39,0,0.416,6191.0,5,0,1,0,1.0,0
0.0092,56,1,0.4795,3548.0,7,0,0,0,0.0,0
0.4071,34,0,0.4479,4074.0,3,0,2,0,1.0,0
3.7172,49,0,0.5435,8245.0,7,0,0,0,1.0,0
0.2062,64,0,0.5228,10683.0,6,0,0,0,,0
0.1906,54,0,0.3845,3838.0,9,0,1,0,2.0,0
1.9728,37,1,0.1739,18463.0,8,0,0,1,1.0,0
0.2584,59,0,0.9238,7818.0,8,0,1,0,1.0,0
0.0047,44,0,0.5467,,7,0,1,0,0.0,0
0.8667,64,0,0.9233,3014.0,6,0,1,0,0.0,0
0.1316,59,0,0.5617,9306.0,5,0,2,0,,0
1.1124,47,0,0.363,5260.0,8,0,0,0,,0
0.3633,42,0,0.7015,,6,0,1,0,0.0,0
0.5698,40,0,0.5608,8799.0,8,0,0,0,0.0,0
0.5168,88,0,0.4988,30279.0,9,0,2,0,0.0,0
0.5846,21,0,0.2964,5017.0,10,0,1,0,,0
0.4819,27,0,0.0785,,13,0,1,0,1.0,1
2.5029,67,0,0.2371,5256.0,12,0,0,0,0.0,0
1.8364,64,0,0.2072,,13,0,0,0,0.0,0
0.2185,57,0,0.0365,7327.0,5,0,2,0,1.0,0
0.5478,24,0,0.7066,13026.0,8,0,3,0,1.0,0
0.5284,60,0,0.5612,7623.0,5,0,1,0,3.0,0
0.7619,38,0,0.5151,3580.0,3,0,1,0,0.0,0
0.0769,51,0,0.2033,3195.0,8,0,2,0,0.0,0
0.0851,58,0,0.7742,10226.0,4,0,0,0,1.0,0
0.2532,59,0,0.7446,11373.0,12,0,0,0,0.0,0
0.1502,43,2,0.2837,4424.0,9,0,2,0,3.0,0
0.4361,70,1,0.8079,,9,0,2,0,0.0,0
0.9157,63,0,0.6718,1646.0,11,0,1,0,1.0,0
0.6396,39,0,0.7746,,3,0,0,0,0.0,0
5.1891,45,0,0.3814,6822.0,7,0,1,0,,0
0.5177,41,0,0.1915,5872.0,10,0,1,0,1.0,0
1.4786,51,0,0.4078,4796.0,5,0,1,0,0.0,0
0.3212,61,0,0.3399,6985.0,7,0,2,0,1.0,0
4.7897,26,0,0.1701,6084.0,7,0,0,0,0.0,0
0.299,24,0,0.5556,2653.0,9,0,0,0,2.0,0
0.0343,40,0,0.4902,4805.0,5,0,1,0,1.0,0
0.4119,71,0,0.4845,10883.0,7,0,0,0,0.0,0
0.3626,55,0,0.1127,7071.0,9,0,0,0,2.0,0
0.4756,74,0,0.6403,,6,0,4,0,2.0,1
0.2981,50,0,0.6079,,10,0,0,0,2.0,0
0.2481,40,0,0.4238,5694.0,5,0,1,0,0.0,0
0.0523,29,0,0.1508,4057.0,8,0,1,0,0.0,0
1.3802,40,0,0.3292,7470.0,14,0,0,0,0.0,0
0.8758,43,0,0.8093,,4,0,5,0,0.0,1
0.3571,21,0,0.4499,9366.0,5,0,0,0,1.0,0
1.5365,40,0,0.101,2329.0,5,0,0,0,,0
0.6323,40,0,0.4316,4075.0,15,0,1,0,2.0,0
0.1054,52,0,0.6305,4494.0,9,0,3,0,0.0,0
0.0556,51,0,0.1403,5444.0,11,0,0,0,0.0,0
0.5589,56,0,0.2715,21736.0,12,0,3,0,1.0,0
0.7036,29,0,0.3136,15237.0,9,0,3,0,0.0,0
1.729,36,0,0.2961,6103.0,8,0,2,0,0.0,0
0.1184,65,0,0.2702,2909.0,3,0,1,0,1.0,0
0.2196,48,0,0.6277,3986.0,9,0,1,0,2.0,0
0.5637,64,0,0.0946,7414.0,6,0,1,0,1.0,0
0.1715,50,0,0.5918,5762.0,6,0,0,0,,0
0.8959,55,0,0.9369,5589.0,9,0,2,0,0.0,0
0.6579,59,0,0.3096,3058.0,6,0,2,0,0.0,0
0.5371,44,0,0.5034,5602.0,19,0,1,0,0.0,0
2.4723,43,0,0.3954,9465.0,7,0,0,0,0.0,0
5.0009,42,0,0.3959,2788.0,6,0,0,0,1.0,0
0.0233,51,0,0.4456,,8,1,4,0,1.0,0
0.1727,60,0,0.8397,3008.0,9,0,0,0,1.0,0
0.0345,46,0,0.0687,3755.0,7,0,2,0,0.0,0
0.444,68,0,0.9498,5464.0,11,0,2,0,0.0,0
0.6404,76,0,0.3447,10083.0,7,0,0,0,0.0,0
0.6354,40,0,0.271,9259.0,8,0,1,0,3.0,0
0.1273,69,0,1.1488,3041.0,6,0,0,0,1.0,0
0.0187,52,0,0.5421,,3,0,2,0,2.0,0
0.1791,57,0,0.5402,,5,0,2,0,0.0,0
2.0119,50,0,0.0965,5971.0,10,0,0,0,0.0,0
0.1305,69,0,0.1536,3295.0,10,0,0,0,2.0,0
3.6952,57,0,0.251,6911.0,8,0,1,0,1.0,0
0.3056,47,0,1.1967,6823.0,9,0,1,0,0.0,0
3.6527,46,0,0.3754,2093.0,6,0,0,0,0.0,0
5.0077,35,0,0.7137,16645.0,7,0,3,0,1.0,0
3.7808,44,0,0.5806,4565.0,7,0,1,0,1.0,1
0.673,69,0,0.244,5085.0,11,0,1,0,1.0,0
0.0734,67,1,0.5483,3856.0,5,0,3,0,1.0,0
0.3215,43,0,0.6365,8074.0,9,0,2,0,0.0,0
0.8601,37,0,0.4015,7675.0,4,0,2,0,1.0,1
0.2327,65,0,0.0116,,5,0,0,0,0.0,0
0.102,58,0,0.6819,7367.0,13,0,0,0,0.0,0
0.421,24,0,0.7209,3024.0,6,0,2,0,1.0,1
0.0573,92,0,0.3995,15362.0,10,0,0,0,1.0,0
3.2787,52,0,0.4355,,9,0,1,0,4.0,0
0.4271,76,0,0.011,7512.0,7,0,0,0,1.0,0
0.1092,54,0,1.0506,5013.0,3,0,4,0,0.0,0
0.6002,37,0,0.3327,,11,0,2,0,1.0,0
0.1907,55,1,0.5084,5765.0,9,0,0,0,2.0,0
0.7193,31,0,0.4188,,5,0,0,0,0.0,1
0.9879,50,0,0.1278,17685.0,7,0,1,0,1.0,0
0.0989,37,0,0.1334,2587.0,8,0,1,0,1.0,0
1.4407,49,0,0.6365,6397.0,10,0,1,0,1.0,0
0.1503,55,0,0.4149,8209.0,11,0,2,0,1.0,0
0.3507,56,0,0.7889,4396.0,5,0,0,0,0.0,0
0.6597,32,0,0.7347,6412.0,9,0,0,0,0.0,0
0.4193,43,0,0.4778,1447.0,8,0,0,0,0.0,0
0.0877,24,0,0.7752,4725.0,7,0,0,0,2.0,0
0.672,61,0,0.3029,14601.0,8,0,2,0,0.0,0
1.2723,55,0,0.7113,,9,0,1,0,1.0,0
0.2189,36,0,0.1867,1354.0,5,0,1,0,0.0,0
0.4256,72,0,0.0263,3010.0,9,0,1,0,1.0,0
0.9358,59,0,0.6966,1752.0,7,0,0,0,0.0,0
0.0748,51,0,0.4414,1473.0,7,0,2,0,0.0,0
0.5727,45,0,0.5494,,13,0,0,0,1.0,0
0.6357,43,0,0.1935,15591.0,6,0,2,0,1.0,0
0.461,41,0,0.7404,7861.0,5,0,1,0,1.0,0
0.2413,68,0,0.3177,5615.0,9,0,1,0,0.0,1
0.7502,56,0,0.2302,,7,0,1,0,2.0,0
1.86,37,0,0.9134,8105.0,12,0,1,0,2.0,0
0.2291,70,0,0.8073,3994.0,11,0,1,0,2.0,0
1.2868,51,0,0.5794,7796.0,8,0,0,2,0.0,0
0.3636,39,0,0.017,10185.0,3,0,0,0,0.0,0
0.3665,80,0,0.4902,3317.0,6,0,1,0,1.0,0
0.4669,37,0,0.303,5866.0,9,0,1,0,0.0,0
0.5815,40,0,0.6728,1771.0,7,0,0,0,0.0,0
0.2409,52,0,0.7089,,5,0,0,0,1.0,0
0.0119,57,0,0.8596,18690.0,11,0,1,0,2.0,0
1.0942,41,0,0.6665,7859.0,10,0,0,0,1.0,0
5.3949,21,0,0.1557,3517.0,6,0,1,0,1.0,0
0.5027,52,0,0.1081,4869.0,5,0,1,0,2.0,0
0.5912,37,0,1.0085,7311.0,8,0,1,0,1.0,0
0.01,47,0,0.0953,4838.0,7,0,0,0,0.0,0
0.3972,41,0,0.505,,1,0,1,0,0.0,0
0.3609,37,0,0.9007,,10,0,1,0,,0
0.2054,48,0,0.1702,9866.0,10,0,0,0,1.0,0
0.7727,43,1,0.4292,4391.0,8,0,1,0,1.0,0
2.1602,40,0,0.1936,4288.0,7,0,0,0,0.0,0
0.2903,66,0,0.4903,14276.0,4,0,0,0,1.0,0
0.0023,38,0,0.8992,,10,0,0,0,0.0,0
0.0378,48,0,0.9001,4913.0,12,0,0,0,1.0,0
0.0958,51,0,0.894,3971.0,5,0,0,0,2.0,0
0.5633,28,0,0.3504,,10,0,1,0,2.0,0
0.6775,36,0,0.1909,,13,0,2,0,1.0,0
0.4147,51,0,0.297,7982.0,13,0,2,0,0.0,0
0.6905,51,0,0.5671,3862.0,9,0,2,0,0.0,0
0.1995,41,0,0.3323,1956.0,6,0,0,0,0.0,0
1.598,52,0,0.754,7919.0,6,0,0,0,0.0,0
0.3409,56,0,0.378,14006.0,9,0,1,0,2.0,0
1.463,60,0,0.5321,7093.0,9,0,0,0,1.0,0
0.2957,61,0,0.6259,5423.0,6,0,1,0,1.0,0
0.3074,69,0,0.2607,3727.0,8,0,2,0,1.0,0
0.1294,54,0,0.8552,,10,0,1,0,1.0,0
0.6259,33,0,0.2703,,3,0,0,0,1.0,0
0.8334,48,0,0.2883,3552.0,7,0,1,0,1.0,0
4.5349,34,2,0.4405,6054.0,9,1,1,0,0.0,0
0.3709,64,0,0.2672,13889.0,5,0,1,0,2.0,0
8.1675,71,0,0.6864,11223.0,3,0,0,0,0.0,0
0.6597,52,0,0.661,9929.0,8,0,0,0,0.0,0
0.3824,68,0,0.2062,6253.0,5,0,0,0,1.0,0
0.5097,67,0,0.2656,5599.0,4,0,0,0,0.0,0
0.4465,56,0,0.7313,3383.0,4,0,0,0,0.0,0
0.645,59,0,0.2566,5701.0,5,0,0,0,0.0,0
0.52,65,0,0.4104,5232.0,10,0,0,0,0.0,0
0.3183,32,0,0.0707,,11,0,0,0,1.0,0
0.2794,55,0,0.4585,,11,0,2,0,1.0,0
0.3481,60,0,0.2384,9885.0,8,0,1,0,0.0,0
0.0465,32,0,0.0312,3669.0,9,0,1,0,0.0,0
0.3224,79,0,0.2267,5060.0,4,0,1,0,4.0,0
0.1233,67,0,1.1699,21602.0,9,0,0,0,,0
0.7354,67,0,0.6798,1325.0,12,0,1,0,2.0,0
0.3063,58,0,0.7146,,9,0,2,0,0.0,0
0.0486,39,1,0.0247,3600.0,10,0,0,0,2.0,0
1.0098,34,0,0.3413,8554.0,10,0,1,0,0.0,0
0.4436,51,0,0.2404,5373.0,8,0,2,0,1.0,0
0.8453,62,0,0.628,6245.0,8,0,1,0,2.0,0
0.7453,60,0,0.3229,13399.0,6,0,1,0,1.0,0
6.0705,76,2,1.0435,18908.0,13,0,0,0,1.0,0
0.2933,48,0,0.3336,5396.0,5,0,0,0,0.0,0
0.9511,47,0,0.4272,10476.0,3,0,1,0,0.0,0
0.3805,52,0,0.527,4760.0,17,0,0,0,,0
0.9659,36,0,1.0892,4451.0,6,0,0,0,1.0,0
0.191,73,1,0.2104,9010.0,11,0,1,2,0.0,1
0.0386,48,0,0.3159,,7,0,1,0,2.0,0
0.0956,56,0,0.5517,9088.0,4,0,1,0,0.0,0
1.2462,63,0,0.2578,11312.0,5,0,1,0,0.0,0
0.184,41,0,0.2902,4390.0,7,0,2,0,0.0,0
3.0626,56,0,1.0062,,2,0,2,0,1.0,0
0.5643,52,0,0.7147,5137.0,9,0,0,0,0.0,0
0.4499,66,0,0.722,,8,0,4,0,1.0,0
1.5617,52,0,0.6041,4878.0,5,0,1,0,1.0,1
0.2254,21,0,0.4247,4224.0,7,0,1,0,1.0,0
0.0828,39,0,0.1789,,15,0,1,0,0.0,0
0.5994,31,0,0.2792,,3,0,0,0,1.0,0
1.1554,79,1,0.3938,,3,0,2,1,0.0,0
0.3805,72,0,0.6019,3489.0,9,0,0,0,1.0,0
0.3723,22,0,0.3707,4612.0,9,0,2,0,2.0,0
0.6315,38,0,0.3754,14017.0,13,0,0,0,0.0,0
0.2837,33,0,0.43,7096.0,13,0,2,0,0.0,0
0.7781,55,0,0.049,2804.0,9,0,0,0,0.0,1
2.0063,39,0,0.3596,3722.0,12,0,1,0,0.0,0
0.9311,48,0,0.5705,13524.0,8,0,0,0,0.0,0
0.458,33,0,0.3885,1313.0,7,0,0,0,1.0,0
0.3823,58,0,0.391,6182.0,6,0,1,0,,0
1.4497,28,0,0.4642,4753.0,14,0,0,0,0.0,1
0.015,87,0,0.2739,3466.0,8,0,0,0,1.0,0
0.1425,73,0,0.1856,15666.0,4,0,2,0,,0
0.633,87,0,0.1591,10005.0,7,0,4,0,0.0,0
0.1332,60,0,0.4139,,6,0,2,0,,0
0.5338,74,0,0.1793,11802.0,10,0,2,0,0.0,0
0.0076,64,0,1.1005,11786.0,7,0,1,0,1.0,0
0.4756,38,0,0.5279,7237.0,9,0,0,1,2.0,0
0.7087,47,0,0.1672,8458.0,5,0,5,0,0.0,0
0.4812,58,0,1.3959,5623.0,3,0,0,0,0.0,0
1.0258,68,0,0.4003,9634.0,9,0,1,0,0.0,0
0.2261,52,0,0.1364,,7,0,1,0,0.0,0
0.9918,60,0,0.6788,8348.0,9,0,0,0,1.0,0
0.6982,47,0,0.4407,7989.0,7,0,1,0,3.0,0
0.3176,46,0,0.1123,3973.0,5,0,1,0,0.0,0
0.0347,31,0,0.2444,,6,0,1,0,1.0,0
2.7624,58,0,0.3369,9254.0,9,0,0,0,2.0,0
1.0618,45,0,0.5651,5393.0,8,0,2,0,3.0,1
0.2404,34,0,0.6656,1660.0,4,0,2,0,0.0,0
0.0149,44,0,0.7417,,11,0,0,0,1.0,0
0.0052,56,0,1.0502,4120.0,9,0,1,0,3.0,0
0.2688,61,0,0.4733,,10,0,0,0,2.0,0
0.5407,49,0,0.7084,,8,0,0,0,0.0,0
0.9064,67,0,0.2692,13317.0,11,0,1,0,2.0,0
1.0782,73,1,0.3879,6558.0,10,0,2,1,0.0,0
0.2252,48,0,0.4102,3895.0,5,0,2,0,0.0,0
0.5455,66,0,0.6,,9,0,0,0,0.0,0
0.269,43,0,1.1371,4338.0,11,0,0,0,0.0,0
0.1558,34,0,0.3102,5659.0,5,0,0,0,1.0,0
0.124,39,0,0.5086,4145.0,11,0,4,0,1.0,0
0.4455,40,0,0.3594,,5,0,1,0,2.0,0
0.4165,46,0,0.1948,13845.0,9,0,1,0,1.0,0
0.708,80,0,0.6929,3748.0,11,0,2,0,1.0,0
0.7098,45,0,0.2473,5151.0,9,0,0,0,1.0,0
0.5369,47,0,0.3841,10271.0,5,0,1,0,1.0,0
0.2147,54,0,0.344,2230.0,8,0,1,0,1.0,0
0.615,34,0,0.2082,893.0,8,0,1,0,1.0,0
0.4304,54,0,0.1989,,5,0,1,0,1.0,0
0.2266,61,0,0.2889,,10,0,1,0,1.0,0
0.6784,73,0,0.3592,19942.0,9,0,4,0,0.0,0
0.8136,70,0,0.8285,,9,0,2,0,1.0,1
0.3108,57,0,0.5401,8514.0,10,0,1,0,0.0,0
0.5517,49,0,0.5602,2763.0,3,0,1,0,0.0,0
0.0444,50,0,0.5447,5520.0,9,0,0,0,0.0,0
0.4119,58,0,0.5738,14982.0,8,0,0,0,1.0,0
0.4374,51,0,0.6194,5082.0,7,0,1,0,0.0,0
0.8924,51,0,0.2622,5067.0,6,0,1,0,0.0,0
0.0852,39,0,0.1307,,5,0,2,0,3.0,0
4.5721,61,0,0.1903,2093.0,8,0,0,0,1.0,0
0.2614,56,0,0.5967,,18,0,1,0,0.0,0
0.3617,41,0,0.6734,4151.0,9,0,1,0,0.0,0
0.2403,73,0,0.741,2797.0,8,0,1,0,0.0,0
1.0083,55,0,0.5013,5258.0,10,0,1,0,0.0,0
0.5555,32,0,0.1328,4738.0,8,0,1,0,,0
0.782,65,1,0.8024,4518.0,8,1,3,0,1.0,0
0.5461,43,0,0.8225,,10,0,0,0,0.0,0
0.0547,46,0,0.2449,6703.0,10,0,0,0,2.0,0
0.3084,49,1,0.8172,,11,0,1,0,1.0,0
0.0595,64,0,0.0443,10380.0,9,0,2,0,0.0,0
0.6606,51,0,0.0558,2110.0,9,0,1,0,0.0,0
0.585,61,0,0.677,3115.0,7,0,1,0,0.0,0
4.2328,30,0,0.4274,11043.0,6,0,0,0,0.0,0
1.9317,37,0,0.9213,,3,0,0,0,2.0,0
0.7947,52,0,0.2582,10591.0,11,0,1,0,2.0,0
6.8574,42,0,1.1112,4036.0,7,0,1,0,1.0,0
0.0869,49,0,0.3789,9069.0,9,0,2,0,0.0,0
0.0573,62,0,0.3702,3724.0,9,0,1,0,0.0,0
1.4907,41,0,0.161,9036.0,8,0,1,0,0.0,0
0.1119,42,0,0.4504,,7,0,3,0,1.0,0
0.8521,54,0,0.4048,2780.0,13,0,1,0,0.0,0
0.2168,22,0,0.8547,,10,0,1,0,0.0,0
0.1501,66,0,0.7171,11363.0,14,0,1,0,0.0,0
1.0692,54,0,0.3719,8530.0,8,0,0,0,1.0,0
0.1775,53,0,0.1589,,7,0,1,0,1.0,0
0.7312,44,0,0.7419,7131.0,7,0,1,0,1.0,0
0.4604,62,0,0.4325,12369.0,7,0,0,0,0.0,0
0.2988,50,0,0.233,12029.0,8,0,0,0,1.0,0
0.9703,69,0,0.6341,3911.0,5,0,2,0,3.0,1
0.5829,28,0,0.9565,,8,0,1,0,0.0,1
0.2799,53,0,0.4896,15184.0,14,0,3,0,0.0,0
0.0203,53,0,0.0986,10283.0,5,0,0,0,1.0,0
0.045,56,0,0.871,10727.0,8,0,0,0,1.0,0
2.2132,72,0,0.5137,6613.0,7,0,0,0,1.0,0
0.1299,33,0,0.5815,7583.0,6,0,0,0,0.0,0
0.0975,32,0,0.4148,,15,0,2,0,,0
0.0669,47,0,0.2749,,11,0,3,0,2.0,0
1.3234,26,0,0.737,3575.0,8,0,0,0,0.0,1
3.542,84,0,0.3334,4351.0,6,0,2,0,0.0,0
0.3048,65,0,0.2768,4170.0,7,0,1,0,1.0,0
0.1211,59,0,0.3439,,16,0,2,0,2.0,0
2.103,63,0,1.0315,,11,0,0,0,1.0,0
0.239,70,0,0.1686,3451.0,7,0,1,0,0.0,0
2.1459,43,1,0.1049,3233.0,7,0,0,2,0.0,0
0.049,47,0,0.2238,,10,0,2,0,4.0,0
0.2069,57,0,0.4096,8807.0,4,0,0,0,1.0,0
2.9504,45,0,0.9446,3099.0,9,0,1,0,2.0,0
0.6418,39,0,0.8782,3740.0,5,0,0,0,1.0,0
3.0396,45,0,0.8288,7931.0,8,0,1,0,1.0,0
0.4928,57,0,0.2643,5682.0,10,0,0,0,1.0,0
0.1181,65,0,0.5299,6664.0,14,0,0,0,1.0,0
0.4362,34,0,0.3114,,7,0,1,0,0.0,0
4.0259,49,0,0.8968,3509.0,13,0,1,0,1.0,0
0.0217,51,0,0.292,3756.0,8,0,2,0,1.0,0
0.5467,33,0,0.2128,,11,0,1,0,3.0,0
0.1501,58,0,0.9138,,11,0,0,0,1.0,0
3.7078,51,0,0.8518,5708.0,13,0,3,0,1.0,0
3.1849,39,0,0.4943,23429.0,3,0,2,0,1.0,0
0.0392,45,0,0.3844,6811.0,7,0,2,0,2.0,0
0.7522,59,0,0.404,2757.0,6,0,1,0,0.0,0
0.2798,66,0,0.3537,5665.0,6,0,1,0,2.0,0
0.2507,57,0,0.49,4810.0,6,0,1,0,3.0,0
0.8565,79,0,0.5899,4519.0,6,0,1,0,4.0,0
0.4958,68,0,0.2263,,8,0,1,0,0.0,0
0.2942,60,0,0.9296,6781.0,4,0,0,0,0.0,0
0.2555,42,0,0.5705,2874.0,13,0,0,0,1.0,0
0.2183,68,0,0.4603,4941.0,11,0,3,0,0.0,0
0.0971,41,0,0.384,15803.0,10,0,1,0,4.0,0
0.1926,62,0,0.2827,4963.0,7,0,1,0,1.0,0
6.641,21,0,0.3529,,8,0,0,0,1.0,0
0.5778,45,0,0.4783,2527.0,8,0,0,0,0.0,0
0.2357,32,0,0.2788,7348.0,11,0,1,0,1.0,0
0.214,48,0,0.7941,,10,0,2,0,1.0,0
0.1536,30,0,0.231,,4,0,0,0,0.0,0
0.0547,52,0,0.5122,7619.0,5,0,1,0,0.0,0
0.448,59,1,0.4576,2721.0,11,0,1,0,1.0,0
0.1216,43,0,0.3173,6721.0,11,0,2,0,2.0,0
0.272,48,0,0.3422,2054.0,8,0,0,0,2.0,0
2.7298,55,0,0.7241,5102.0,6,0,1,0,0.0,0
1.2436,51,0,0.2966,3647.0,5,0,2,0,2.0,0
4.8435,71,0,0.2395,7449.0,6,0,0,0,0.0,0
1.3048,42,0,0.5439,5613.0,12,0,1,0,1.0,0
1.3756,60,0,0.8466,2626.0,9,0,0,0,1.0,0
0.1352,56,0,0.2665,2186.0,8,0,0,0,1.0,0
0.8855,30,0,0.7883,3860.0,4,0,0,0,0.0,0
0.8486,53,0,0.3554,5152.0,5,0,0,0,1.0,0
0.1399,51,0,1.145,15476.0,5,0,0,0,1.0,0
0.2363,45,0,0.0158,6554.0,8,0,0,0,0.0,0
0.8156,77,0,0.1976,7639.0,4,0,0,0,1.0,0
0.1043,70,0,0.5485,4020.0,11,0,1,0,1.0,0
0.1697,41,0,0.6395,2834.0,13,0,1,0,1.0,0
0.1826,61,0,0.672,,11,0,1,0,0.0,0
0.3745,62,0,0.4778,3687.0,9,0,2,0,2.0,0
0.8512,54,3,1.156,5776.0,6,3,1,0,0.0,0
0.0926,37,0,0.5173,,9,0,0,0,0.0,0
0.154,39,0,0.4628,8777.0,8,0,1,0,2.0,0
0.2314,59,0,0.966,,14,0,0,0,0.0,0
0.5425,59,0,0.6834,4202.0,5,0,2,0,0.0,0
0.2988,48,0,0.9885,2541.0,7,0,0,0,1.0,0
0.3211,70,0,0.5886,,8,0,0,0,0.0,0
0.0935,73,0,0.3394,,10,0,1,0,4.0,0
0.3167,73,0,0.3635,12548.0,2,0,1,0,0.0,0
0.033,73,0,0.3482,,9,0,2,0,2.0,0
0.5839,52,0,0.6385,13248.0,7,0,1,0,1.0,0
0.2144,33,0,0.6453,,6,0,1,0,0.0,0
0.8147,47,0,1.3337,2488.0,7,0,0,0,1.0,1
2.0026,50,0,0.2162,,8,0,2,0,0.0,0
0.1663,43,0,0.5368,,10,0,0,0,1.0,0
1.8925,47,0,0.7209,,9,0,1,0,1.0,0
2.5623,36,0,0.1747,9209.0,6,0,2,0,4.0,0
0.5399,62,0,0.8518,13246.0,8,0,3,0,0.0,0
6.2333,75,0,0.2927,9825.0,5,0,2,0,0.0,0
0.1383,85,0,0.5619,3424.0,8,0,1,0,0.0,0
0.0555,55,2,0.4715,2985.0,6,0,1,3,0.0,0
0.1298,50,0,0.3833,3444.0,8,0,0,0,0.0,0
0.7212,51,0,0.5288,,5,0,0,0,1.0,0
0.2437,71,0,0.2913,1702.0,4,0,0,0,2.0,0
0.6298,71,0,0.4953,2532.0,8,0,2,0,1.0,0
1.9005,49,0,0.4886,,7,0,1,0,1.0,0
0.2933,69,0,0.7821,30694.0,12,0,1,0,1.0,0
1.3743,54,0,0.6049,4678.0,5,0,4,0,5.0,0
0.174,42,0,0.8864,7744.0,6,0,1,0,1.0,0
2.8007,50,0,0.4326,,9,0,0,0,1.0,0
0.5976,76,0,0.6488,8823.0,5,0,0,0,,0
0.4435,62,0,0.6764,3784.0,9,0,1,0,1.0,0
0.3981,45,0,0.814,4952.0,4,0,1,0,0.0,0
0.2502,65,0,0.1712,,10,0,0,0,1.0,0
0.2617,62,0,0.7496,8916.0,12,0,2,0,0.0,0
0.3998,48,0,0.3318,6695.0,10,0,1,0,1.0,0
0.0228,42,0,0.5146,3686.0,6,0,0,0,3.0,0
6.3639,36,0,0.8653,5769.0,14,0,0,0,0.0,0
0.7993,29,0,0.2226,6600.0,9,0,1,0,1.0,0
0.7208,43,0,0.308,2419.0,6,0,0,0,1.0,0
0.2094,50,0,0.413,10766.0,9,0,1,0,,0
0.1105,70,0,0.5295,2416.0,4,0,1,0,0.0,0
1.453,64,0,0.4419,,6,0,2,0,4.0,0
0.518,55,0,0.4222,,6,0,1,0,1.0,0
0.1513,26,0,0.2632,5782.0,6,0,1,0,1.0,1
0.0904,56,0,0.3177,1913.0,6,0,1,0,1.0,0
0.1229,29,0,0.5007,,7,0,2,0,0.0,0
0.085,64,0,0.3352,5431.0,9,0,0,0,1.0,0
1.2038,65,0,0.6654,14561.0,2,0,2,0,2.0,0
0.6635,53,0,0.3443,4528.0,9,0,1,0,1.0,0
0.778,63,0,0.2872,12287.0,8,0,0,0,1.0,0
0.593,66,0,0.4117,,8,0,0,0,1.0,0
0.1388,54,0,0.8662,,3,0,0,0,1.0,0
0.3727,50,0,0.5269,3146.0,9,0,1,0,0.0,0
5.8423,33,0,0.427,8519.0,8,0,2,1,2.0,0
1.1785,47,0,1.0526,12847.0,6,0,1,0,1.0,0
0.0748,38,0,0.4247,2548.0,5,0,1,0,0.0,0
0.361,38,1,0.357,,6,0,0,0,1.0,0
0.2693,42,0,0.488,,10,0,1,0,0.0,0
0.3685,25,0,1.0728,2981.0,7,0,4,0,2.0,0
1.324,66,0,0.1296,4484.0,8,0,3,0,1.0,0
0.1935,55,0,0.6264,,9,0,1,0,1.0,0
0.0628,68,0,0.1008,2738.0,9,0,1,0,1.0,0
3.9891,63,0,0.2674,,13,0,0,0,0.0,0
0.5998,59,0,0.4077,2926.0,11,0,1,0,0.0,0
1.1611,63,0,0.1776,10175.0,7,0,1,0,0.0,0
2.5478,54,0,0.8897,10469.0,6,0,1,0,1.0,0
0.9656,70,0,0.4083,,12,0,1,0,1.0,0
0.186,45,0,0.4592,4917.0,3,0,1,0,0.0,0
0.5739,52,0,0.2074,7276.0,6,0,0,0,4.0,0
0.6925,48,0,0.2854,,9,0,0,0,0.0,0
0.1686,80,0,0.0554,11237.0,6,0,0,0,1.0,1
1.4524,43,0,0.9081,4790.0,4,0,0,0,0.0,0
0.0337,70,0,0.7878,13509.0,11,0,2,0,0.0,0
3.21,33,0,0.6378,,10,0,2,0,1.0,0
6.623,53,0,0.7681,5240.0,4,0,0,0,0.0,0
0.274,49,0,1.0269,,6,0,3,0,0.0,0
0.3834,38,0,0.9884,1442.0,8,0,3,0,1.0,0
0.7338,43,0,0.421,6196.0,6,0,1,0,0.0,0
0.0146,59,0,0.6138,8609.0,7,0,0,0,0.0,0
0.1767,47,0,0.3249,2642.0,4,0,2,0,0.0,0
1.7424,38,0,0.383,,5,0,3,0,0.0,0
0.1812,65,0,0.4275,21606.0,8,0,2,0,1.0,0
0.4673,52,0,0.1762,6052.0,10,0,0,0,0.0,0
0.0419,57,0,0.1529,1896.0,10,0,3,0,0.0,0
0.3108,67,0,0.7879,5400.0,11,0,1,0,1.0,0
6.8811,74,0,0.6297,,8,0,1,0,1.0,1
0.0268,21,0,0.2047,8005.0,9,0,0,0,2.0,1
2.3597,50,0,0.3431,,6,0,0,0,0.0,1
3.5728,29,0,0.6803,17121.0,8,0,1,0,1.0,0
0.4989,90,0,0.5181,12329.0,8,0,0,0,0.0,0
0.5938,54,0,0.4017,,10,0,1,0,0.0,0
0.2168,66,0,0.5999,4623.0,6,0,0,0,1.0,0
6.8343,43,0,0.3993,12634.0,8,0,0,0,0.0,0
2.4053,47,0,0.1029,4175.0,8,0,0,0,2.0,0
0.4313,67,0,0.2377,12080.0,6,0,2,0,0.0,0
0.0216,59,0,0.3447,8544.0,9,0,0,0,0.0,0
0.4065,75,0,0.3691,11952.0,5,0,0,0,0.0,0
0.4395,40,0,0.1332,5325.0,9,0,1,0,0.0,0
0.0594,49,0,0.7543,2232.0,12,0,2,0,2.0,0
0.9427,59,0,0.3377,5837.0,8,0,1,0,2.0,0
0.4539,61,0,1.1597,9783.0,8,0,2,0,2.0,0
0.1877,58,0,0.8084,,8,0,0,0,1.0,0
1.4993,33,0,0.0228,2629.0,10,0,0,0,0.0,0
0.5982,39,0,0.6555,1616.0,4,0,1,0,0.0,1
0.1855,57,0,0.812,4825.0,9,0,1,0,0.0,0
0.6179,30,0,0.4956,5624.0,8,0,0,0,2.0,0
0.7916,40,0,0.2802,7091.0,7,0,3,0,0.0,0
0.4704,53,0,0.0824,3217.0,7,0,2,0,0.0,1
0.7737,41,0,1.181,4570.0,5,0,1,0,4.0,1
0.245,55,0,0.4576,5424.0,11,0,0,0,2.0,0
0.368,51,0,0.2507,2985.0,6,0,1,0,1.0,0
0.0481,41,0,0.6125,,8,0,1,0,4.0,0
0.7283,41,0,0.3336,10536.0,5,0,0,0,4.0,0
0.3799,70,0,0.7467,6437.0,4,0,0,0,2.0,0
0.662,57,2,0.5856,3101.0,9,0,3,0,0.0,0
0.543,55,1,0.5017,5275.0,7,0,2,0,1.0,0
0.1707,53,0,0.2139,3921.0,9,0,3,0,2.0,0
0.4002,39,0,0.2305,,2,0,1,0,1.0,0
0.0763,44,0,0.576,5290.0,10,0,1,0,2.0,0
0.1641,21,0,0.686,5789.0,8,0,1,0,2.0,0
0.2865,43,0,0.3945,,7,0,2,0,1.0,0
0.6095,43,0,0.6848,13199.0,9,0,1,0,0.0,0
0.4548,60,0,0.5339,5698.0,6,0,1,0,2.0,0
0.1316,44,0,0.5105,5977.0,10,0,2,0,,0
0.2338,63,0,0.9557,4430.0,8,0,0,0,2.0,0
2.5371,48,0,0.6002,7140.0,5,0,2,0,0.0,0
7.3466,54,0,0.6606,14221.0,10,0,0,0,1.0,0
6.5107,52,2,0.3658,2987.0,4,0,1,0,0.0,0
3.6931,62,0,0.6281,10599.0,12,0,1,0,1.0,0
1.0383,69,0,0.0803,7359.0,5,0,2,0,1.0,0
0.3043,38,0,0.3865,2650.0,8,0,2,0,0.0,0
0.0097,77,0,0.1422,3449.0,7,0,2,0,0.0,0
0.1928,40,0,0.55,3845.0,8,0,0,0,1.0,0
0.3367,49,0,0.0561,6920.0,6,0,1,0,2.0,0
0.9373,45,0,0.6354,4688.0,9,0,3,0,1.0,0
0.729,73,0,0.2776,1611.0,8,0,0,0,0.0,0
1.6646,37,0,0.7291,10357.0,15,0,0,0,0.0,0
0.4866,62,0,0.5043,18782.0,7,0,0,0,1.0,0
0.4771,21,0,0.1016,2575.0,12,0,2,0,,0
0.7825,63,0,0.8901,7551.0,6,0,1,0,1.0,0
0.5162,49,0,0.213,,6,0,1,0,0.0,0
0.9634,47,0,0.2962,8753.0,14,0,2,0,1.0,0
0.9605,42,0,0.8275,4765.0,11,0,1,0,0.0,0
0.5113,51,2,0.5318,,7,0,0,0,0.0,0
0.3267,47,0,0.3978,16870.0,11,0,0,0,0.0,0
0.1725,31,0,0.4619,1737.0,8,0,1,0,1.0,0
0.1232,41,0,0.4239,,8,0,1,0,0.0,0
2.0095,63,0,0.3144,7381.0,7,0,0,0,2.0,0
0.353,46,0,0.5369,6547.0,11,0,1,0,0.0,0
0.7611,41,0,0.1822,6820.0,8,0,1,0,0.0,0
0.0171,53,0,0.6941,10304.0,4,0,0,0,2.0,0
4.2342,59,0,0.2961,5582.0,9,0,1,0,2.0,0
0.263,61,0,0.0867,,5,0,1,0,2.0,0
0.0638,57,0,0.2433,,16,0,1,0,0.0,0
0.5871,69,0,0.4928,2147.0,7,0,0,0,1.0,0
0.2006,53,0,0.853,5429.0,8,0,0,0,0.0,0
0.4608,49,0,0.7051,,8,0,0,0,1.0,0
0.0763,64,0,1.0101,8465.0,14,0,3,0,0.0,0
0.198,42,0,0.3354,13429.0,9,0,2,0,0.0,0
0.4794,46,0,0.3954,,9,0,2,0,1.0,0
0.7009,30,0,0.4528,,4,0,0,0,3.0,0
0.3124,77,0,0.7723,5690.0,5,0,1,0,1.0,0
0.0651,81,0,1.012,8740.0,5,0,1,0,0.0,0
0.1771,50,0,0.5003,2631.0,11,0,1,0,0.0,0
0.4355,63,0,0.8534,5603.0,2,0,0,0,0.0,0
0.7529,62,0,0.0758,5867.0,10,0,2,0,0.0,0
0.1611,55,0,0.4394,11433.0,7,0,2,0,0.0,0
1.1002,69,0,0.5018,4464.0,10,0,1,0,0.0,1
0.1223,34,0,0.4855,9036.0,13,0,0,0,0.0,0
0.3479,49,0,0.0972,7589.0,7,0,0,0,1.0,0
2.0728,23,1,0.5576,923.0,5,1,1,0,0.0,0
0.6518,38,0,0.056,3304.0,4,0,1,0,0.0,0
4.4469,29,0,0.2962,1583.0,9,0,1,0,0.0,0
0.0629,26,0,0.5995,4712.0,6,0,1,0,0.0,0
0.0667,45,0,0.744,3178.0,8,0,0,0,1.0,0
3.983,57,0,0.1793,,8,0,1,0,1.0,0
0.2552,43,0,0.3233,4508.0,14,0,1,0,0.0,0
0.118,44,0,0.3182,9824.0,11,0,2,0,,0
0.3221,42,0,0.7806,3173.0,9,0,1,0,0.0,0
0.7255,54,0,0.4682,5881.0,14,0,1,0,1.0,0
0.0245,44,0,0.3725,5503.0,15,0,1,0,0.0,0
4.8535,38,0,0.0781,2484.0,10,0,0,0,1.0,0
2.6814,65,0,0.059,,3,0,0,0,1.0,0
0.2844,40,0,0.4847,3092.0,8,0,0,0,1.0,0
3.684,34,0,0.4384,10143.0,9,0,3,0,1.0,0
0.2801,62,0,0.2519,3434.0,5,0,1,0,1.0,0
1.1939,28,3,0.6554,4848.0,3,0,3,0,1.0,0
0.4814,69,0,0.0731,16688.0,9,0,0,0,1.0,1
5.296,38,0,0.0537,6455.0,7,0,1,0,1.0,0
0.2896,53,0,0.9824,4201.0,5,0,0,0,2.0,0
0.091,38,0,0.3609,,6,0,0,0,2.0,0
0.1852,52,0,0.4145,8072.0,10,0,2,0,0.0,0
0.6861,45,0,0.8514,2553.0,12,0,1,0,0.0,0
0.519,38,0,0.2863,,12,0,2,0,0.0,0
2.8234,30,0,0.1843,11749.0,4,0,3,0,0.0,0
0.0934,44,0,1.2628,1849.0,8,0,0,0,0.0,0
0.229,59,0,0.8174,,14,0,1,0,0.0,0
0.4819,61,0,0.9487,12079.0,9,0,4,0,1.0,0
0.4219,42,0,0.0769,,9,0,1,0,2.0,0
1.813,42,0,0.2799,6519.0,5,0,1,0,0.0,0
0.4558,50,0,0.0258,,9,0,1,0,1.0,0
0.0571,52,0,0.281,4924.0,13,0,3,0,1.0,0
0.2801,52,0,0.272,27366.0,8,0,1,0,1.0,0
0.1079,46,0,0.3463,5245.0,10,0,2,0,1.0,0
1.0429,47,0,0.2332,5703.0,15,0,1,0,1.0,0
0.1148,48,0,0.2219,6503.0,9,0,2,0,0.0,0
0.3887,21,0,0.4946,6603.0,6,0,0,0,,0
0.5519,46,0,0.7281,9471.0,9,0,1,0,0.0,0
0.2483,63,0,0.2585,4024.0,14,0,0,0,0.0,0
0.6763,72,0,0.2894,,5,0,0,0,0.0,0
0.0153,68,0,0.088,3148.0,8,0,2,0,1.0,0
0.4828,53,0,0.1705,4176.0,7,0,0,0,1.0,0
0.8037,35,0,0.4047,5668.0,10,0,0,0,1.0,0
0.061,44,0,0.2823,9446.0,10,0,1,0,1.0,0
0.6896,41,0,0.5974,5025.0,12,0,0,0,0.0,0
0.2345,32,0,0.6682,8644.0,6,0,0,0,1.0,0
0.2133,39,0,0.0691,2038.0,9,0,2,0,1.0,0
0.6288,42,0,0.1693,6067.0,9,0,2,0,2.0,0
0.3391,32,0,0.5945,,14,0,2,0,2.0,0
0.3477,65,0,0.3727,3399.0,9,0,1,0,0.0,0
0.559,61,0,0.7509,7391.0,14,0,0,0,1.0,0
1.3488,51,0,0.1951,,12,0,2,0,0.0,0
0.5242,57,0,0.107,4978.0,5,0,1,0,2.0,0
0.2752,56,0,0.3914,3922.0,7,0,0,0,1.0,0
0.2552,42,0,0.2968,3461.0,8,0,1,0,0.0,0
0.3211,77,0,0.2089,2063.0,8,0,3,0,0.0,0
0.393,41,0,0.7609,,8,0,2,0,0.0,0
0.012,29,1,0.6431,12163.0,3,0,0,0,2.0,0
0.0868,54,0,0.4139,5552.0,10,0,0,0,2.0,0
0.0013,60,0,0.2599,26030.0,7,0,1,0,2.0,0
0.0617,48,0,0.237,3767.0,10,0,0,0,3.0,0
0.0972,69,0,0.7613,9569.0,7,0,1,0,2.0,0
0.0048,55,0,0.561,3534.0,7,0,0,0,0.0,0
0.8126,41,0,0.1775,2424.0,15,0,2,0,2.0,0
0.1681,44,0,0.7895,,8,0,2,0,1.0,0
0.8106,54,0,0.3651,,5,0,3,0,3.0,0
0.6675,53,0,0.2288,7932.0,6,0,1,0,2.0,0
0.4925,69,0,0.2897,,10,0,1,0,1.0,0
0.6695,64,0,0.5263,5750.0,5,0,1,0,0.0,0
2.4349,30,0,0.7334,6900.0,5,0,1,0,0.0,0
0.8313,50,0,0.9415,10134.0,11,0,4,0,0.0,0
0.7967,35,0,0.2363,,6,0,1,0,1.0,0
4.2121,72,0,0.2174,1695.0,12,0,0,0,0.0,0
0.4288,38,0,0.1376,,7,0,0,0,1.0,0
0.2642,55,0,0.7427,,9,0,3,0,0.0,0
0.2693,42,0,0.747,9883.0,8,0,1,0,1.0,0
0.4307,24,0,0.4585,,14,0,1,0,1.0,1
4.041,34,0,0.6018,2737.0,15,0,0,0,1.0,0
0.3892,49,0,0.6533,5543.0,6,0,1,0,1.0,0
1.4859,60,0,0.2546,,9,0,1,0,1.0,0
0.1078,59,0,0.906,3527.0,8,0,3,0,2.0,0
0.5636,33,0,0.5799,2966.0,12,0,1,0,2.0,0
0.3812,56,0,0.4542,2967.0,8,0,0,0,1.0,0
0.42,65,0,0.5234,5061.0,4,0,0,0,2.0,0
0.1658,59,0,0.1889,,10,0,3,0,0.0,0
1.4551,47,0,0.4503,8399.0,5,0,1,0,1.0,0
0.0468,53,0,0.4179,5340.0,5,0,0,0,2.0,0
0.6579,54,0,0.4988,,6,0,1,0,0.0,0
2.3453,72,0,0.6992,,4,0,1,0,0.0,0
0.1033,76,0,0.2002,,2,0,1,0,1.0,0
3.8918,61,0,0.1961,,2,0,1,0,2.0,0
0.2404,53,0,1.0453,,7,0,1,0,1.0,0
0.4104,52,0,0.5057,2362.0,7,0,0,0,1.0,0
0.2673,53,0,0.3607,9051.0,12,0,1,0,1.0,1
0.4482,55,0,0.1733,7154.0,8,0,1,0,0.0,0
0.4723,45,0,0.2097,5619.0,5,0,0,0,2.0,0
0.6965,80,0,0.5984,6512.0,6,0,0,0,0.0,0
0.126,41,0,0.7225,5390.0,9,0,1,0,2.0,0
0.0693,70,0,0.3606,4144.0,10,0,2,0,1.0,0
0.3066,21,0,0.7489,5795.0,6,0,3,0,,0
0.5373,48,3,0.1442,2502.0,5,0,3,0,0.0,0
0.0382,47,0,0.4443,6957.0,14,0,1,0,0.0,0
0.7659,55,0,0.9454,,7,0,1,0,1.0,0
3.4569,47,0,0.3892,7266.0,8,0,1,0,1.0,0
0.7928,71,0,0.32,7728.0,9,0,1,0,0.0,0
0.5536,49,0,0.1486,10899.0,6,0,1,0,0.0,0
0.2963,38,0,0.2133,3551.0,10,0,1,0,1.0,0
0.3695,38,0,0.0895,,11,0,1,0,1.0,0
0.4283,45,0,0.9916,8077.0,6,0,1,0,0.0,0
0.4076,62,0,0.4181,4178.0,10,0,2,0,0.0,0
0.2963,65,0,0.68,,9,0,1,0,0.0,0
0.1053,35,0,0.3875,,5,0,1,0,0.0,0
0.3507,41,0,0.4113,2231.0,12,0,1,0,2.0,0
1.135,37,0,0.3959,4525.0,4,0,1,0,0.0,0
0.4177,48,0,0.263,10856.0,7,0,0,0,2.0,0
9.3044,65,1,0.7424,28416.0,3,0,2,0,1.0,0
0.5233,54,0,0.2725,7175.0,9,0,1,0,0.0,0
0.2004,60,0,0.1247,6171.0,18,0,0,0,1.0,0
0.263,62,0,0.7927,4994.0,4,0,1,0,1.0,0
3.044,44,0,0.5206,17538.0,2,0,0,0,1.0,0
0.4817,34,0,0.1962,,8,0,0,0,0.0,0
0.8382,44,0,0.2441,3928.0,6,0,0,0,2.0,0
0.257,63,0,0.6107,6551.0,10,0,2,0,0.0,0
0.3027,60,0,0.7527,4888.0,4,0,1,0,1.0,0
0.4729,53,0,0.6858,3426.0,3,0,1,0,0.0,1
1.7242,65,0,0.2222,5844.0,10,0,0,0,0.0,0
0.1515,54,0,0.5738,4950.0,12,0,0,0,0.0,0
0.3926,47,0,0.3262,9229.0,3,0,0,0,1.0,0
0.2899,30,0,0.6505,5289.0,10,0,2,0,3.0,0
2.4455,70,0,0.4884,6061.0,12,0,0,0,0.0,0
0.7638,51,0,0.5804,2873.0,7,0,3,0,0.0,0
0.6597,46,0,0.052,7358.0,7,0,1,0,0.0,0
1.7356,51,0,0.7277,,7,0,3,0,2.0,1
0.1953,73,2,0.2575,20632.0,8,0,0,0,1.0,0
0.2178,66,0,0.5626,3184.0,2,0,0,0,0.0,0
0.0154,47,0,0.1786,3056.0,11,0,1,0,0.0,0
0.9551,59,0,0.7445,5964.0,12,0,1,0,0.0,0
0.0048,69,0,0.3503,10121.0,9,0,0,0,2.0,1
0.1304,57,0,0.4262,5414.0,8,0,0,0,0.0,0
0.6182,54,0,0.2204,2184.0,5,0,1,0,1.0,0
0.1902,23,0,0.5661,,6,0,1,0,1.0,0
0.8232,69,0,0.9501,13490.0,3,0,0,0,0.0,0
0.2969,38,0,0.5944,7091.0,6,0,0,0,0.0,0
0.5086,26,0,0.2546,12375.0,9,0,0,0,4.0,0
2.146,27,0,0.3488,,4,0,0,0,0.0,0
0.2878,40,0,0.2651,1770.0,5,0,0,0,0.0,0
0.7803,59,0,0.2308,3148.0,13,0,1,0,1.0,0
0.1511,68,0,0.5614,5687.0,8,0,1,0,,0
0.5779,57,0,0.1715,7424.0,9,0,1,0,0.0,0
0.6398,76,0,0.3692,9195.0,4,0,0,0,1.0,0
1.2138,46,2,0.5153,,7,0,1,0,0.0,0
0.947,49,0,0.4529,6013.0,5,0,4,1,0.0,0
0.8239,26,0,0.6799,2611.0,2,0,1,0,0.0,0
0.5334,44,0,0.8065,4680.0,8,0,0,0,1.0,0
0.5894,23,0,0.6038,6353.0,9,0,3,0,1.0,0
0.5992,33,0,0.5084,6392.0,8,0,2,0,2.0,0
0.1526,61,0,0.4749,2451.0,7,0,3,0,0.0,0
0.535,28,0,0.2957,,8,0,0,0,1.0,0
2.7928,30,0,0.2134,11685.0,9,0,2,0,0.0,0
0.3952,27,0,0.6676,,8,0,2,0,0.0,0
0.212,63,0,0.4504,,6,0,1,0,0.0,0
0.2461,75,0,0.0957,1505.0,10,0,1,0,0.0,0
2.2303,51,0,0.414,,10,0,2,0,1.0,0
0.0737,65,0,0.122,6862.0,8,0,0,0,0.0,0
0.9263,36,0,0.6245,4561.0,11,0,0,0,0.0,0
0.6457,69,0,0.1973,5054.0,12,0,0,0,0.0,0
0.0013,42,0,0.5913,20070.0,9,0,2,0,2.0,0
0.1784,61,0,0.2338,6416.0,10,0,0,0,0.0,0
0.0048,52,0,0.1811,,6,0,1,0,0.0,0
5.5211,25,0,0.9018,4466.0,8,0,0,0,1.0,0
0.663,40,0,1.1813,2863.0,12,0,0,0,1.0,1
1.4724,54,0,0.3923,11770.0,11,0,0,0,0.0,0
0.1039,26,0,0.4832,1837.0,12,0,1,0,0.0,0
0.6264,56,0,0.9181,1351.0,8,0,1,0,1.0,1
3.3161,32,0,0.5988,11638.0,11,0,1,0,0.0,0
0.4624,60,0,0.1159,2761.0,6,0,1,0,1.0,0
0.449,33,0,0.6842,,8,0,3,0,0.0,0
0.009,58,0,0.823,1786.0,13,0,0,0,1.0,0
0.4777,63,0,0.7518,28264.0,8,0,1,0,0.0,0
1.6695,50,0,0.4614,5889.0,5,0,0,0,2.0,0
0.0463,51,0,0.1486,1122.0,2,0,2,0,1.0,0
1.8787,73,0,0.4582,,6,0,0,0,1.0,0
0.2276,41,0,0.3857,6652.0,6,0,1,0,1.0,0
0.54,45,0,0.479,2759.0,14,0,1,0,0.0,0
0.6761,61,0,0.9077,2910.0,8,0,0,0,2.0,0
0.2535,58,0,0.7073,2983.0,7,0,0,0,0.0,0
0.8567,49,0,0.7131,10232.0,11,0,0,0,1.0,0
0.097,35,0,0.6552,,8,0,0,0,1.0,0
0.3034,66,0,0.639,,7,0,1,0,1.0,0
0.2527,35,0,0.4586,9819.0,8,0,1,0,0.0,0
0.0011,84,0,0.6026,3854.0,9,0,1,0,0.0,0
0.0936,35,0,0.1231,3952.0,5,0,2,0,,0
0.7864,37,0,0.592,5593.0,9,0,1,0,0.0,0
0.3263,57,0,0.3567,4078.0,7,0,1,0,1.0,0
0.2639,60,0,0.0943,11827.0,4,0,0,0,1.0,0
0.5609,38,0,0.4905,5259.0,6,0,2,0,0.0,0
0.3283,76,0,1.0397,4366.0,10,0,1,0,0.0,0
0.4117,57,0,0.163,8083.0,9,0,0,0,1.0,0
6.0159,49,0,0.3346,4256.0,7,0,1,0,0.0,0
0.651,57,0,0.5769,9543.0,9,0,1,0,4.0,0
0.1053,69,0,0.6662,,7,0,2,0,1.0,0
0.4379,75,0,0.6331,5993.0,7,0,0,0,0.0,0
0.0645,55,0,0.1888,5631.0,10,0,1,0,1.0,0
0.3069,34,0,0.1986,2784.0,8,0,0,0,2.0,0
0.6001,34,0,0.8393,4297.0,12,0,1,0,1.0,0
0.9106,32,0,0.8194,,7,0,0,0,1.0,0
0.1342,43,0,0.0881,,11,0,0,0,1.0,0
0.4612,53,0,0.6535,,2,0,2,0,1.0,1
1.0049,55,0,0.5341,6982.0,5,0,0,0,0.0,0
0.6752,68,0,0.6857,1844.0,10,0,4,0,0.0,0
0.8934,23,0,0.6308,12811.0,8,0,1,0,0.0,0
0.1544,52,0,0.6686,10524.0,11,0,0,0,1.0,0
0.6617,58,0,0.3881,5838.0,11,0,2,0,0.0,0
0.5759,21,0,0.9601,1462.0,5,0,0,0,0.0,0
0.3736,58,0,1.0598,,8,0,1,0,1.0,0
0.4132,90,0,0.1562,13992.0,9,0,1,0,1.0,0
0.3634,63,1,0.0942,3254.0,14,1,0,0,1.0,0
0.6645,56,0,0.2472,,7,0,1,0,2.0,0
0.9546,48,0,0.24,6841.0,10,0,1,0,3.0,0
0.0938,55,0,0.4535,4512.0,10,0,2,0,0.0,0
0.8515,74,0,1.2636,,8,0,0,0,,0
0.2024,47,0,0.1068,,6,0,0,0,1.0,0
0.9633,69,0,0.4411,6210.0,12,0,1,0,0.0,0
0.102,58,0,0.3406,14382.0,7,0,1,0,2.0,0
0.0022,75,0,0.1232,,9,0,1,0,0.0,0
0.8455,67,0,0.4374,,13,0,2,0,1.0,0
1.044,55,0,0.8323,3792.0,6,0,3,0,1.0,0
0.2634,54,0,0.561,,10,0,2,0,2.0,0
1.6083,48,0,0.278,,6,0,0,0,1.0,0
0.6393,66,0,0.4762,,6,0,0,0,1.0,1
0.1679,44,0,0.5674,11874.0,10,0,1,0,0.0,0
2.4372,54,0,0.5829,10797.0,7,0,0,0,4.0,0
0.7814,49,0,0.1784,3555.0,15,0,3,0,0.0,0
0.7728,33,0,0.2222,2449.0,11,0,2,0,0.0,0
0.0411,55,0,0.5497,5316.0,8,0,0,0,0.0,0
0.0915,31,0,0.0684,4602.0,7,0,2,0,0.0,0
0.6083,46,0,0.872,9975.0,7,0,1,0,0.0,0
0.9368,61,0,0.738,10783.0,10,0,3,0,2.0,0
3.8189,54,0,0.4208,,7,0,0,0,1.0,0
0.0354,54,0,0.5323,2037.0,14,0,2,0,0.0,0
0.7219,40,0,0.4256,2429.0,10,0,2,0,2.0,0
1.393,67,0,0.124,6798.0,11,0,1,0,3.0,0
0.7047,40,0,0.5327,3338.0,8,0,0,0,1.0,0
0.3117,62,0,0.3535,13720.0,9,0,0,0,2.0,0
0.2041,70,1,0.3503,5633.0,3,0,0,0,0.0,0
0.6792,31,0,0.4595,3130.0,6,0,0,0,1.0,0
0.0732,46,0,0.425,5327.0,9,0,0,0,3.0,0
0.3007,45,0,0.1848,,5,0,0,0,,0
0.4408,56,0,0.5654,4583.0,16,0,3,0,1.0,0
0.2727,39,0,0.0458,,5,0,2,0,0.0,0
1.147,36,0,1.0713,4342.0,14,0,1,0,0.0,0
0.2861,51,0,0.1927,11851.0,8,0,1,0,2.0,0
1.2551,44,0,0.6935,2654.0,15,0,0,0,1.0,0
0.0478,50,0,0.1912,10252.0,7,0,1,0,1.0,0
0.2068,64,0,0.6736,6642.0,9,0,4,0,0.0,0
2.1988,29,0,0.4289,6274.0,8,0,0,0,0.0,0
0.0221,50,0,0.1747,13877.0,6,0,0,0,1.0,0
0.4131,44,0,0.1962,12793.0,8,0,0,0,1.0,0
0.3426,52,0,0.7757,2055.0,8,0,0,0,1.0,0
0.0594,44,0,0.3181,3897.0,11,0,1,0,2.0,0
0.0659,35,0,0.1299,,6,0,2,0,1.0,0
0.9274,58,0,0.8524,7217.0,4,0,2,0,0.0,0
0.473,91,0,0.5429,6588.0,8,0,1,0,,0
0.3529,51,0,0.5891,2644.0,8,0,0,0,1.0,0
0.5538,42,0,0.5333,9739.0,7,0,3,0,2.0,0
0.4192,42,0,0.4715,2090.0,8,0,0,0,,1
0.5023,65,0,0.8295,7934.0,12,0,2,0,2.0,0
0.2724,40,0,0.4197,8914.0,9,0,0,0,0.0,0
0.4618,70,0,0.4796,6148.0,5,0,0,0,4.0,0
0.7206,29,0,0.748,5049.0,9,0,0,0,1.0,1
0.1119,55,0,0.2815,1999.0,3,0,1,0,1.0,0
1.6137,61,2,0.2259,8069.0,5,0,1,0,2.0,0
0.457,63,0,0.197,6068.0,4,0,1,0,0.0,0
0.2032,62,0,0.978,,8,0,2,0,0.0,0
0.2616,56,0,0.2205,,10,0,3,0,1.0,0
0.4086,68,0,0.4897,5916.0,5,0,2,0,1.0,0
6.4318,38,0,0.4354,6412.0,8,0,1,0,2.0,0
0.1182,43,1,0.1027,10336.0,7,0,0,1,1.0,1
0.543,46,0,0.7382,2791.0,6,0,0,0,2.0,1
0.1341,73,0,0.1778,5215.0,11,0,1,0,3.0,0
0.4765,59,0,0.5536,9934.0,9,0,0,0,1.0,0
0.1253,62,0,0.1603,3208.0,8,0,0,0,2.0,0
0.2993,49,0,0.2309,5192.0,7,0,0,0,0.0,0
0.966,63,0,0.812,6017.0,6,0,0,0,2.0,0
0.3447,30,0,0.2619,10721.0,9,0,1,0,2.0,0
0.9545,46,0,0.2665,2355.0,10,0,0,0,1.0,0
0.0142,49,0,0.8118,28826.0,6,0,1,0,2.0,0
0.1125,45,0,0.6207,18040.0,7,0,0,0,1.0,0
0.1876,48,0,0.7533,9586.0,11,0,1,0,1.0,0
0.3351,60,0,0.6897,,8,0,0,0,1.0,0
0.5977,55,0,0.673,5194.0,12,0,1,0,0.0,0
0.4917,69,0,0.3621,3127.0,9,0,2,0,,0
0.4398,23,0,0.2998,,3,0,0,0,2.0,1
1.0327,73,0,0.9518,,9,0,1,0,0.0,0
0.3688,43,0,0.7864,3759.0,10,0,0,0,0.0,0
0.4933,70,0,0.7139,3934.0,8,0,1,0,0.0,1
0.069,46,0,1.2873,3962.0,12,0,1,0,2.0,0
4.4502,57,0,0.2446,5878.0,8,0,2,0,1.0,0
0.4181,37,0,0.6088,8886.0,7,0,1,0,0.0,0
1.4531,35,0,0.2496,13347.0,10,0,1,0,,1
0.449,60,0,0.4768,6876.0,7,0,1,0,1.0,0
0.422,21,0,0.508,,11,0,2,0,1.0,1
0.3935,35,0,0.5734,,5,0,1,0,1.0,0
0.311,63,0,0.6,,9,0,2,0,0.0,0
0.5951,46,0,0.1247,3449.0,6,0,2,0,1.0,0
0.4355,40,0,0.5048,2475.0,4,0,1,0,0.0,1
0.4703,73,0,0.6102,5671.0,4,0,1,0,1.0,0
0.486,78,0,0.1148,8471.0,7,0,2,0,1.0,0
0.1598,52,2,0.312,4397.0,9,0,0,0,3.0,0
0.6527,70,0,0.5388,,8,0,1,0,1.0,0
0.493,73,0,0.7123,10211.0,7,0,0,0,2.0,0
0.2882,52,0,0.087,,19,0,2,0,0.0,0
0.7148,45,0,0.4578,4969.0,4,0,1,0,1.0,0
0.2268,53,0,0.22,3800.0,6,0,1,0,2.0,0
0.2732,32,0,0.5667,3501.0,11,0,2,0,0.0,0
0.1687,60,0,0.2948,4633.0,14,0,1,0,1.0,0
0.1137,47,0,0.2989,1780.0,6,0,1,0,1.0,0
0.1676,53,0,0.5205,5466.0,10,0,2,0,3.0,0
0.6048,53,0,0.8505,4739.0,8,0,1,0,0.0,0
1.2322,40,0,0.3692,3976.0,4,0,1,0,0.0,0
0.2682,51,0,0.5796,3647.0,11,0,0,0,0.0,0
0.3587,33,0,0.791,3727.0,4,0,3,0,0.0,0
0.4919,45,0,0.6393,,6,0,0,0,0.0,0
0.1567,36,0,0.9919,,6,0,0,0,2.0,0
0.3466,40,0,0.772,2699.0,10,0,2,0,0.0,0
0.296,21,0,0.5844,,9,0,0,0,1.0,0
0.1105,46,0,0.3023,,8,0,1,0,1.0,0
0.521,59,0,0.4521,3868.0,4,0,0,0,0.0,0
0.7748,54,0,0.5794,1494.0,6,0,0,0,,1
0.4408,67,1,0.3871,,7,0,0,0,1.0,0
0.248,39,0,0.595,3535.0,11,0,2,0,1.0,0
0.6755,45,0,0.5385,8331.0,4,0,1,0,0.0,0
0.2695,65,0,0.7061,17249.0,9,0,2,0,1.0,0
0.3574,51,0,0.1974,6722.0,15,0,1,0,1.0,0
1.9432,55,0,0.8696,1566.0,6,0,3,0,1.0,0
2.834,82,0,0.4334,2129.0,12,0,1,0,1.0,0
2.241,48,0,0.1779,5364.0,13,0,2,0,0.0,0
0.0114,45,0,0.1156,7793.0,11,0,2,0,0.0,0
0.4522,38,0,0.3138,2400.0,6,0,0,0,0.0,0
0.3159,48,0,0.5424,2246.0,14,0,1,0,0.0,0
0.592,66,0,0.2899,,6,0,1,0,2.0,0
0.6123,60,0,0.2353,7125.0,9,0,1,0,1.0,0
0.5636,72,0,0.0261,,7,0,1,0,0.0,1
0.2639,57,0,0.1153,6600.0,5,0,0,0,1.0,0
0.1866,21,0,0.7567,1606.0,11,0,0,0,1.0,0
0.2373,61,0,0.0562,,8,0,0,0,0.0,0
0.7364,53,0,0.501,8484.0,5,0,3,0,1.0,0
0.6692,52,0,0.4253,,8,0,1,0,1.0,0
0.8781,69,0,0.5008,5961.0,5,0,1,0,0.0,0
0.369,48,0,0.1016,,11,0,1,0,1.0,0
0.3752,60,0,0.2494,,7,0,1,0,0.0,0
0.0628,37,0,0.6801,6249.0,10,0,3,0,0.0,0
0.6038,31,0,0.5526,3730.0,9,0,3,0,0.0,1
0.1975,44,0,0.1146,13803.0,7,0,2,0,0.0,0
0.4795,48,0,0.5598,8851.0,8,0,0,0,2.0,0
5.2659,60,0,0.5112,2897.0,9,0,1,0,2.0,0
0.1465,37,0,0.206,3758.0,10,0,1,0,0.0,0
0.2986,73,0,0.5308,,11,0,2,0,0.0,0
1.0272,38,0,0.33,6137.0,7,0,0,0,0.0,0
0.0405,51,0,0.7404,8447.0,4,0,0,0,3.0,0
0.3411,52,0,0.919,10061.0,9,0,0,0,2.0,0
0.4139,56,0,0.2977,6333.0,5,0,2,0,1.0,0
0.9965,58,0,0.1646,3737.0,7,0,1,0,1.0,0
0.1489,84,0,0.0703,13397.0,7,0,1,0,0.0,0
0.6295,44,0,0.4694,6148.0,7,0,1,0,0.0,0
1.5529,56,0,0.4389,7280.0,9,0,3,0,2.0,0
4.2655,51,0,0.2008,,11,0,0,0,1.0,0
0.277,66,0,0.2889,3140.0,13,0,2,0,3.0,0
0.2301,58,0,0.3601,,7,0,0,0,0.0,0
0.2965,55,0,0.6429,3824.0,5,0,0,0,1.0,0
0.6583,31,0,0.4465,4719.0,7,0,3,0,0.0,0
0.5434,46,0,0.4333,5066.0,12,0,1,0,1.0,0
9.3956,38,1,0.2328,,8,0,0,0,1.0,0
0.2595,46,0,0.7817,8048.0,6,0,0,0,1.0,0
0.1244,40,0,0.1026,5627.0,10,0,0,0,3.0,0
1.012,45,0,0.4926,2779.0,13,0,1,0,,1
0.4927,46,0,0.4203,12498.0,9,0,3,0,0.0,0
0.2889,46,0,0.7603,5615.0,13,0,1,0,0.0,0
0.2899,48,0,0.7549,,9,0,0,0,1.0,0
0.0376,39,0,0.3594,3743.0,6,0,0,0,0.0,0
0.3201,53,0,0.0707,7474.0,8,0,0,0,3.0,0
0.6347,39,0,0.5774,5852.0,10,0,0,0,0.0,0
0.8101,44,0,1.0419,,9,0,2,0,0.0,1
0.163,51,0,0.2661,,6,0,2,0,1.0,0
0.5519,21,0,0.8763,3154.0,7,0,4,0,1.0,0
0.5959,87,0,0.2677,,7,0,1,0,0.0,0
0.4249,59,1,0.5016,8842.0,9,1,1,0,0.0,0
0.5759,56,0,0.4095,3679.0,5,0,0,0,1.0,0
0.2067,45,0,0.5256,2920.0,8,0,3,0,2.0,0
0.0329,53,0,0.48,6130.0,9,0,2,0,2.0,0
0.2192,35,0,0.5326,8193.0,7,0,1,0,1.0,0
0.3128,59,0,0.6935,11626.0,11,0,0,0,1.0,0
1.9176,28,0,1.068,2984.0,8,0,1,0,0.0,0
1.372,34,0,0.2517,,7,0,1,0,3.0,0
0.2774,42,0,0.554,,6,0,0,0,1.0,0
0.0441,73,0,0.3291,1719.0,9,0,0,0,0.0,0
0.5052,37,0,0.6647,12543.0,5,0,1,0,4.0,0
0.3591,57,0,0.5617,8283.0,6,0,0,0,0.0,0
0.0841,23,0,1.0642,12177.0,7,0,1,0,2.0,0
0.3436,52,2,0.2059,5068.0,8,0,1,1,4.0,0
1.43,76,0,0.3629,5803.0,7,0,0,0,0.0,0
0.332,59,0,0.2462,6376.0,9,0,1,0,0.0,0
0.5212,23,0,0.5094,4696.0,8,0,0,0,,0
0.0064,53,0,0.9674,6693.0,10,0,0,0,2.0,0
0.2027,46,0,0.7795,4250.0,3,0,2,0,2.0,0
1.8104,69,0,0.7269,14754.0,6,0,0,0,0.0,0
0.7368,51,0,0.4236,6520.0,12,1,1,0,0.0,0
0.2259,32,0,0.1208,3657.0,11,0,0,0,1.0,0
0.2283,50,0,0.0538,,6,0,1,0,0.0,0
4.3388,42,0,0.2285,7584.0,5,0,0,0,1.0,0
0.0902,22,0,0.8358,7279.0,8,0,1,0,0.0,0
0.0937,50,0,0.435,14343.0,7,0,0,0,0.0,0
0.2513,52,0,0.541,,12,0,0,0,1.0,0
0.5249,57,0,0.5262,5981.0,9,0,0,0,1.0,0
2.8925,66,0,1.3035,8653.0,5,0,0,0,1.0,0
0.1045,48,0,0.1955,,7,0,2,0,1.0,0
1.5244,31,1,0.8645,5045.0,7,0,0,1,0.0,0
0.0306,40,0,0.7331,8106.0,11,0,1,0,,0
0.5833,52,0,0.1095,3528.0,10,0,1,0,1.0,0
0.4726,69,0,0.3419,5628.0,11,0,2,0,0.0,0
3.149,52,0,0.1824,,4,0,1,0,1.0,0
4.8898,50,0,0.6738,,10,0,0,0,0.0,0
0.2967,49,0,0.2305,,7,0,1,0,2.0,0
0.0777,52,0,0.5858,6821.0,9,0,0,0,0.0,0
3.3472,79,0,0.5946,8734.0,15,0,1,0,1.0,0
0.7309,51,0,0.5316,,8,0,2,0,0.0,0
0.9812,48,0,0.6712,10250.0,7,0,2,0,0.0,0
0.4628,53,0,0.5254,3684.0,4,0,0,0,1.0,1
0.2407,43,0,0.8813,7271.0,9,0,2,0,1.0,0
0.4617,30,0,0.4693,9520.0,9,0,1,0,0.0,0
1.2273,28,1,0.2318,,5,2,2,0,1.0,0
0.3978,42,0,0.8579,18882.0,7,0,0,0,0.0,0
0.2437,69,0,0.1992,7567.0,11,0,1,0,0.0,0
1.0518,68,0,0.2014,6693.0,6,0,0,0,1.0,0
0.3292,36,0,0.3413,3773.0,6,0,0,0,2.0,0
0.64,50,0,0.682,,6,0,0,0,0.0,0
0.0032,54,0,0.4141,3311.0,8,0,1,0,0.0,0
0.4115,42,0,0.6432,,7,0,1,0,,0
2.1677,70,0,0.1719,7672.0,4,0,2,0,0.0,0
0.4482,63,0,0.4064,11669.0,7,0,0,0,1.0,0
0.3678,57,0,0.5189,3517.0,10,0,0,0,0.0,0
1.7933,53,0,0.7557,,9,0,0,0,0.0,0
0.5485,30,0,1.0402,4367.0,6,0,0,0,1.0,0
0.5801,71,0,0.2725,922.0,10,0,2,0,2.0,0
0.312,60,0,0.2194,2083.0,9,0,0,0,0.0,0
0.2273,58,3,0.2892,,7,0,0,0,0.0,0
0.6552,42,0,0.2326,5528.0,13,0,1,0,0.0,0
0.2777,43,0,0.603,,7,0,1,0,2.0,0
0.1182,59,0,1.1022,6098.0,6,0,1,0,,0
0.3542,67,0,0.2525,9429.0,18,0,3,0,1.0,0
0.3402,76,0,0.3727,4624.0,5,0,1,0,0.0,0
4.1025,42,0,0.1339,5709.0,5,0,2,0,2.0,0
0.2001,50,0,0.3377,4141.0,13,0,0,0,0.0,0
0.1204,23,0,0.1485,5451.0,13,0,2,0,0.0,0
0.8138,21,0,0.5754,,12,0,2,0,0.0,0
1.784,59,0,0.8984,2576.0,6,0,3,0,0.0,0
0.0787,40,0,0.6491,,9,0,1,0,1.0,0
0.7212,24,0,0.8921,2219.0,3,0,1,0,1.0,0
0.2769,36,0,0.5288,31079.0,9,0,2,0,0.0,0
0.0783,57,0,0.4777,,6,0,2,0,1.0,0
0.8472,57,0,0.3394,,8,0,0,0,2.0,0
0.2979,29,0,1.0196,2743.0,6,0,1,0,0.0,0
0.3017,69,0,0.8335,5327.0,13,0,2,0,3.0,0
1.1354,42,0,1.1073,,8,0,3,0,1.0,1
0.4342,56,0,0.438,10400.0,12,0,1,0,0.0,0
0.0846,53,0,0.2366,7213.0,6,0,0,0,1.0,0
0.109,52,0,0.5842,2296.0,4,0,0,0,2.0,0
0.6379,39,0,0.3448,7261.0,6,0,0,0,1.0,0
0.8677,52,0,0.5953,2178.0,8,0,1,0,0.0,0
8.7667,56,0,0.228,9116.0,6,0,1,0,1.0,0
0.7509,49,0,0.7347,4302.0,9,0,2,0,0.0,0
0.9144,53,2,0.6646,6387.0,4,2,3,0,3.0,0
5.6325,67,0,0.4464,,10,0,0,0,1.0,0
2.4911,45,0,0.6321,3697.0,7,0,0,0,1.0,0
0.3717,61,0,0.2003,1669.0,9,0,2,0,1.0,0
0.6127,49,0,0.8736,13059.0,13,0,3,0,0.0,0
0.9842,72,0,0.1125,3758.0,9,0,0,0,1.0,0
2.6442,32,0,0.2015,9835.0,9,0,0,0,1.0,0
0.5498,70,0,0.3738,3771.0,3,0,4,0,,0
0.1343,45,0,0.3668,6290.0,9,0,1,0,0.0,0
0.1095,82,0,0.4685,,8,0,1,0,1.0,0
0.1219,58,0,0.2027,13883.0,2,0,1,0,0.0,0
1.7187,64,0,0.2855,2830.0,7,0,0,0,1.0,0
0.1605,50,0,0.6161,15753.0,13,0,0,0,0.0,0
0.7757,62,0,0.4179,4575.0,8,0,0,0,3.0,0
1.0322,62,0,0.1919,8358.0,7,0,3,0,2.0,0
0.3437,50,0,0.9094,3776.0,3,0,0,0,3.0,0
0.5507,63,0,0.6203,12696.0,6,0,2,0,0.0,0
0.1643,21,0,0.4229,5455.0,8,0,1,0,0.0,0
1.2974,43,0,0.4708,,7,0,1,0,0.0,1
0.342,52,0,0.5327,,5,0,2,0,2.0,0
0.5924,59,0,0.4142,,6,0,0,0,0.0,0
0.407,66,0,0.0388,6137.0,9,0,1,0,2.0,0
0.5305,48,1,0.3706,4542.0,8,0,0,1,2.0,0
0.2264,47,0,0.0737,3357.0,9,0,2,0,1.0,0
0.3724,64,0,0.4879,4726.0,4,0,2,0,0.0,0
0.5366,68,0,0.9583,,9,0,1,0,1.0,0
0.4165,62,0,0.6034,,8,0,1,0,0.0,0
0.2409,50,0,0.0127,16593.0,5,0,2,0,0.0,0
0.5409,88,0,0.1096,14365.0,7,0,0,0,3.0,0
0.2891,53,0,0.4133,1647.0,10,0,2,0,0.0,0
0.5583,55,0,0.5412,6510.0,7,0,1,0,1.0,0
0.2293,75,0,0.8284,7812.0,9,0,2,0,1.0,0
1.9836,73,0,0.7871,2797.0,7,0,3,0,1.0,1
2.8486,62,0,0.3334,3110.0,8,0,0,0,0.0,0
0.2093,39,0,1.0566,4472.0,10,0,0,0,0.0,0
0.523,54,0,0.209,9613.0,7,0,0,0,0.0,0
0.822,59,0,1.3044,3029.0,12,0,1,0,1.0,1
0.2072,79,0,0.1789,,11,0,1,0,2.0,0
6.2165,93,3,0.8187,3228.0,13,0,2,0,0.0,0
0.2951,44,0,0.6973,3316.0,10,0,2,0,0.0,0
0.7239,64,0,0.3068,5688.0,5,0,1,0,0.0,0
0.6607,41,0,0.6135,2329.0,10,0,1,0,0.0,1
0.3241,50,0,0.3164,5729.0,2,0,1,0,2.0,0
1.6109,40,0,0.2341,4345.0,8,0,2,0,0.0,0
0.3122,75,0,0.4094,9925.0,9,0,2,0,0.0,0
0.6215,55,0,0.538,5586.0,9,0,0,0,1.0,0
2.7717,56,0,0.1598,5900.0,7,0,2,0,0.0,0
4.022,53,2,0.8808,4825.0,9,0,1,0,0.0,0
2.243,57,0,0.1812,13734.0,9,0,5,0,1.0,0
2.4477,58,0,0.3791,7466.0,7,0,2,0,3.0,0
0.7809,42,0,0.5751,4994.0,9,0,1,0,0.0,0
0.1736,28,0,0.5358,,8,0,1,0,5.0,0
0.2954,33,0,0.0434,1906.0,4,0,1,0,0.0,0
0.5748,29,0,1.0786,5926.0,7,0,3,0,0.0,0
9.4753,55,0,0.9151,3728.0,8,0,3,0,1.0,1
0.807,41,0,1.189,4247.0,10,0,0,0,0.0,0
0.7118,66,0,0.5067,2526.0,8,0,1,0,1.0,0
0.7204,55,0,0.3842,6598.0,13,0,0,0,1.0,0
0.3349,26,0,0.5203,3604.0,6,0,3,0,0.0,0
1.3567,46,0,0.6081,12384.0,9,0,2,0,3.0,0
0.02,22,0,0.1973,1694.0,8,0,0,0,,0
0.2015,36,0,0.2439,,16,0,0,0,0.0,0
0.0661,45,0,0.9615,,4,0,2,0,0.0,0
0.1941,39,0,0.0282,2844.0,4,0,1,0,3.0,0
0.2978,78,0,0.8964,9965.0,10,0,1,0,1.0,0
0.2836,62,0,0.7558,11002.0,5,0,0,0,1.0,0
0.9809,47,0,0.4933,1760.0,10,0,3,0,1.0,0
0.526,72,0,0.7733,13611.0,6,0,0,0,0.0,0
0.7477,38,0,0.1265,6476.0,7,0,1,0,0.0,0
1.0564,47,0,1.0162,,7,0,0,0,0.0,0
1.1982,64,0,0.0389,3580.0,8,0,0,0,2.0,0
0.579,36,0,0.6864,,8,0,0,0,0.0,1
0.8492,62,0,0.1136,5242.0,10,0,2,0,1.0,0
0.0664,56,0,0.647,,8,0,1,0,0.0,0
0.0787,60,0,0.1254,13267.0,7,0,1,0,,0
0.5248,77,0,0.3832,,8,0,0,0,1.0,0
0.4978,58,0,0.9246,8938.0,4,0,1,0,1.0,0
0.7476,54,0,0.596,15913.0,8,0,0,0,1.0,0
0.0965,31,2,0.7497,3911.0,8,0,0,2,0.0,0
0.4497,55,0,0.2779,4568.0,8,0,1,0,1.0,0
0.1213,45,0,0.7764,3951.0,14,0,1,0,2.0,0
0.0409,50,0,0.5375,3861.0,7,0,0,0,0.0,0
2.1337,45,0,0.1535,4605.0,10,0,3,0,0.0,0
0.0831,59,0,0.3721,2116.0,7,0,1,0,,0
0.4581,38,0,0.2751,2564.0,8,0,1,0,2.0,0
0.083,55,0,0.4897,14116.0,8,0,0,0,1.0,0
0.1456,37,0,0.8168,,8,0,0,0,1.0,0
0.9337,27,0,0.9929,7565.0,8,0,1,0,2.0,0
0.1749,47,0,0.1707,3374.0,8,0,1,0,0.0,0
0.0361,58,0,0.3292,3204.0,6,0,1,1,0.0,0
0.3373,41,0,0.1894,6454.0,8,0,0,0,1.0,0
0.3622,54,0,0.1807,4120.0,10,0,0,0,1.0,0
2.7603,47,0,0.2497,6611.0,6,0,0,0,2.0,0
0.0841,38,0,0.6007,2128.0,8,0,1,0,1.0,0
0.8428,60,0,0.7694,3397.0,8,0,1,0,0.0,0
1.1112,43,0,0.1379,8141.0,7,0,1,0,1.0,0
0.1351,57,0,0.2207,2999.0,9,0,1,0,1.0,0
0.5872,32,0,0.4448,,12,0,0,0,1.0,0
1.2299,54,0,0.3905,4596.0,6,0,0,0,0.0,0
0.8538,61,0,0.7875,2831.0,8,0,1,0,1.0,1
1.0307,57,0,0.0747,9857.0,8,0,2,0,,0
0.1381,64,1,0.3171,16491.0,8,0,0,0,1.0,0
0.3264,61,0,0.2734,8199.0,7,0,1,0,2.0,0
0.308,56,0,0.5894,3484.0,7,0,0,0,2.0,0
0.2171,64,0,0.6114,,5,0,0,0,0.0,0
0.5482,47,0,0.8818,6188.0,6,0,2,0,2.0,0
0.0231,59,0,0.5403,10535.0,6,0,3,0,0.0,0
0.4075,52,0,0.5264,5077.0,7,0,0,0,1.0,0
1.6205,78,0,0.5156,7130.0,9,0,3,0,0.0,0
0.1871,56,0,0.6206,4018.0,8,0,0,0,0.0,0
0.0179,34,0,0.1859,7955.0,9,0,0,0,0.0,0
0.2065,56,0,0.1203,4856.0,10,0,0,0,1.0,0
0.3416,39,0,1.1498,1953.0,8,0,1,0,0.0,0
0.2418,62,0,0.5531,3675.0,10,0,1,0,0.0,0
0.271,62,0,0.3408,4214.0,12,0,0,0,0.0,0
0.11,43,0,0.4468,9434.0,6,0,2,0,1.0,0
0.181,37,0,0.4836,,5,0,0,0,1.0,0
0.463,54,0,0.637,,3,0,0,0,1.0,0
0.1186,39,0,0.5714,5309.0,7,0,1,0,0.0,0
0.2722,40,0,0.4069,6527.0,10,0,0,0,3.0,0
0.2491,45,0,0.6115,7016.0,7,0,2,0,0.0,0
0.1442,61,0,0.689,,12,0,1,0,1.0,0
3.2563,31,0,0.1457,,13,0,0,0,0.0,0
0.7926,41,0,0.0924,4047.0,6,0,0,0,0.0,0
1.0577,86,5,0.4223,19081.0,11,0,2,0,0.0,0
0.3823,79,0,0.3122,3333.0,5,0,2,0,0.0,0
0.8852,69,0,0.2751,5966.0,6,0,0,0,1.0,0
0.9342,53,0,0.1987,4007.0,8,0,0,0,0.0,0
0.3743,63,0,0.2619,14008.0,8,1,2,1,1.0,0
0.8739,47,0,0.9287,8068.0,7,0,0,0,2.0,0
0.6167,21,0,0.6808,,7,0,1,0,1.0,0
0.3286,44,0,0.259,3011.0,5,0,5,0,3.0,0
0.9821,45,3,0.3681,3152.0,6,0,1,0,0.0,0
0.2256,52,0,0.5835,17537.0,13,0,1,0,0.0,0
0.3413,59,0,0.7523,,9,0,0,0,1.0,0
0.2896,75,0,0.3581,,6,0,0,0,0.0,0
0.1219,52,0,0.2138,11981.0,9,0,2,0,0.0,0
0.1793,38,0,0.4375,3299.0,4,0,0,0,0.0,0
0.7366,49,0,0.5896,13641.0,11,0,0,0,2.0,0
0.7296,61,0,0.6797,4938.0,12,0,1,0,0.0,0
0.1743,50,0,0.6558,4264.0,6,0,1,0,0.0,0
0.2338,41,0,0.0691,1865.0,11,0,0,1,0.0,0
3.1835,59,0,0.1979,5402.0,13,0,2,0,0.0,1
0.0256,36,0,0.0636,,12,0,3,0,1.0,0
0.1513,40,0,0.6955,3403.0,1,0,1,0,1.0,0
0.3038,58,0,0.6076,3907.0,14,0,1,0,0.0,0
0.2847,41,0,0.4531,,4,0,0,0,0.0,0
0.3508,47,0,0.3077,,8,0,1,0,0.0,0
0.6712,52,0,0.0396,4761.0,7,0,1,0,2.0,0
0.5779,51,0,0.823,4795.0,11,0,2,0,1.0,0
0.4388,38,0,0.5588,18909.0,9,0,1,0,1.0,0
1.8223,57,0,0.2861,,9,0,0,0,2.0,0
0.487,39,0,0.6067,5554.0,5,0,1,0,1.0,0
0.5426,75,0,0.4381,3072.0,7,0,1,0,2.0,0
0.2226,46,0,0.1526,1628.0,6,0,0,0,1.0,0
0.843,61,0,0.5506,1423.0,10,0,1,0,3.0,0
0.0388,62,0,0.3684,5905.0,9,0,1,0,,0
0.2142,47,0,1.0031,5138.0,9,0,2,0,1.0,0
0.0919,38,0,0.5747,3391.0,5,0,1,0,1.0,0
0.1868,62,0,0.5885,14181.0,12,0,0,0,1.0,0
0.1491,32,0,0.1083,8233.0,8,0,1,0,3.0,0
0.9516,34,0,0.5328,13223.0,10,0,1,0,0.0,0
0.7295,60,1,0.1153,5137.0,10,0,3,1,1.0,0
1.224,49,0,0.059,,6,0,0,0,0.0,0
0.7373,42,0,0.7166,13619.0,5,0,1,0,1.0,0
0.5381,45,1,0.5851,,11,0,2,1,1.0,0
0.1432,41,0,0.8683,3302.0,6,0,0,0,1.0,0
0.1744,83,0,0.3865,7386.0,13,0,0,0,1.0,0
3.8568,66,0,0.7383,5835.0,8,0,0,0,1.0,0
0.1893,40,0,0.258,1521.0,8,0,2,0,,0
0.8627,48,0,0.881,,7,1,1,0,1.0,0
0.5508,60,0,0.3103,12669.0,6,0,1,0,0.0,0
1.0026,38,0,0.3082,,10,0,0,0,1.0,0
0.665,44,0,0.3544,,6,0,3,0,2.0,0
0.1583,48,0,0.526,3388.0,9,0,1,0,2.0,0
0.7679,40,0,0.9003,,8,0,0,0,1.0,0
0.7321,67,0,0.4459,6595.0,13,0,4,0,2.0,0
1.452,42,0,0.3313,4914.0,3,0,0,0,1.0,0
0.3125,50,0,0.5713,5404.0,7,0,1,0,0.0,0
1.5706,54,1,0.5673,,9,0,0,0,1.0,0
0.5539,74,1,0.1922,14009.0,5,0,0,1,0.0,0
2.8913,51,0,0.4248,3747.0,8,0,2,0,1.0,0
0.3023,82,0,0.7351,5263.0,4,0,1,0,1.0,0
0.3719,47,0,0.3369,2531.0,5,0,0,0,0.0,0
0.0382,49,0,1.1161,10257.0,9,0,4,0,1.0,0
0.2362,65,0,0.8681,2599.0,6,0,2,0,0.0,0
0.016,79,0,0.5134,2943.0,5,0,2,0,1.0,0
0.2123,48,0,0.3832,1784.0,10,0,1,0,0.0,0
0.0701,69,0,0.2954,,6,0,1,0,2.0,0
0.5345,64,0,0.5311,,5,0,1,0,2.0,0
0.0982,41,0,0.2757,5612.0,5,0,0,0,0.0,0
0.4857,52,0,0.0881,,13,0,2,0,0.0,0
0.3411,51,0,0.3064,4571.0,7,0,0,0,1.0,0
0.4639,38,0,0.9161,,8,0,0,0,1.0,0
1.8419,54,0,0.2151,10211.0,5,0,0,0,1.0,0
0.6034,53,0,0.5087,19132.0,4,0,0,0,0.0,0
0.5715,57,0,0.14,4113.0,3,0,2,0,2.0,0
0.1994,53,0,0.1112,,10,0,3,0,0.0,0
0.1444,43,0,0.4654,,9,0,1,0,1.0,0
0.5305,86,0,0.5252,,5,0,1,0,1.0,1
0.1769,55,0,0.1983,6543.0,11,0,2,0,,0
0.5723,70,0,0.1977,,9,0,1,0,1.0,0
0.0679,58,0,0.6312,7361.0,10,0,4,0,2.0,0
0.7034,73,0,0.2761,8719.0,10,0,0,0,0.0,1
1.6832,41,0,0.2408,7806.0,14,0,0,0,2.0,0
0.6234,51,0,0.5759,4279.0,9,0,0,0,1.0,0
0.3192,46,0,0.6185,2119.0,10,0,1,0,0.0,0
0.2418,44,0,0.6242,3256.0,8,0,2,0,1.0,0
0.5273,56,0,0.2266,,10,0,0,0,0.0,0
0.1709,49,0,0.6401,,6,0,1,0,0.0,0
0.4665,32,0,0.5999,8562.0,8,0,0,0,0.0,0
0.4411,48,0,0.2991,3200.0,7,0,1,0,0.0,0
0.7336,47,2,0.6076,4077.0,11,0,2,0,2.0,0
0.2573,64,0,0.6405,6021.0,12,0,1,0,1.0,0
0.3593,32,0,0.88,3158.0,8,0,2,0,1.0,0
0.2014,45,0,0.2394,6412.0,7,0,0,0,1.0,0
0.2342,41,0,0.781,6085.0,8,0,1,0,1.0,0
0.6138,62,0,0.7099,6756.0,9,0,1,0,0.0,0
1.6343,44,0,0.1072,3359.0,9,0,0,0,0.0,0
0.1975,67,0,0.0668,5281.0,9,0,2,0,2.0,0
1.1844,51,0,0.9666,3368.0,6,0,1,0,0.0,0
3.3915,59,2,0.7952,8190.0,10,0,0,1,0.0,0
0.2175,67,0,0.6813,6081.0,9,0,0,0,0.0,0
0.4633,35,0,0.9997,,10,0,2,0,2.0,0
0.1854,49,0,0.5281,4525.0,5,0,0,0,0.0,0
0.1163,58,0,0.4115,,7,0,0,0,2.0,0
0.1137,55,0,0.5219,4556.0,11,0,3,0,2.0,0
0.3936,34,0,0.195,7085.0,12,0,0,0,0.0,0
0.11,62,0,0.6545,5576.0,11,0,2,0,1.0,0
0.2437,53,0,0.0606,9631.0,12,0,1,0,0.0,0
0.4785,54,0,0.8225,7614.0,4,0,1,0,0.0,0
0.524,49,0,0.432,4733.0,8,0,0,0,1.0,0
0.2158,21,0,0.0512,,10,0,1,0,0.0,0
0.1745,60,0,0.8933,8370.0,8,0,1,1,0.0,0
2.3752,60,1,0.5533,6867.0,4,0,2,0,2.0,0
0.3086,46,0,0.8166,2130.0,10,0,0,0,1.0,0
2.0273,31,0,0.2925,5245.0,11,0,1,0,0.0,0
0.4123,45,0,1.0071,,12,0,0,0,2.0,0
0.1372,66,3,0.4684,7024.0,8,2,1,0,1.0,0
0.4326,46,0,0.7782,,7,0,2,0,0.0,0
0.6227,52,0,0.228,6129.0,10,0,0,0,1.0,0
0.548,47,1,0.083,,4,0,0,0,0.0,0
0.5163,56,0,0.4055,4800.0,7,0,1,0,2.0,0
0.3661,34,0,0.4081,,10,0,0,0,0.0,0
0.3633,49,0,0.3066,,6,0,1,0,1.0,0
3.244,67,0,0.7849,8715.0,9,0,2,0,0.0,0
0.3507,39,0,0.6061,2377.0,8,0,0,0,1.0,0
0.394,48,0,0.3473,6612.0,6,0,2,0,2.0,0
1.9859,67,0,0.0255,4074.0,9,0,1,0,0.0,1
0.1058,62,0,0.6138,1870.0,6,0,0,0,1.0,0
0.5253,58,0,0.4956,4352.0,4,0,0,0,2.0,0
0.2214,57,0,0.5269,4486.0,10,0,4,0,1.0,0
0.4802,57,0,0.5689,3178.0,11,0,1,0,0.0,0
0.6164,49,0,0.2828,,10,0,2,0,0.0,1
0.6166,67,0,0.4157,3092.0,11,0,1,0,0.0,0
0.1788,45,0,0.7758,6011.0,8,0,1,0,1.0,0
0.2645,38,1,0.2722,2260.0,17,0,2,0,0.0,0
0.1385,33,0,0.5113,,6,0,2,0,0.0,0
0.2153,43,0,0.6483,10508.0,6,0,1,0,1.0,0
0.4793,43,1,0.1803,,5,0,3,3,1.0,0
0.0267,42,1,0.3367,8738.0,6,0,2,0,1.0,0
1.8841,36,1,0.0614,,10,0,0,0,0.0,0
0.2437,57,0,0.0909,3808.0,14,0,2,0,1.0,0
0.2398,39,0,0.1118,7684.0,4,0,2,0,0.0,0
0.5851,60,0,0.5074,2537.0,10,0,1,0,1.0,0
0.4237,62,1,0.2725,7889.0,8,0,1,0,0.0,0
4.6152,88,3,0.5975,,4,0,1,0,1.0,0
0.0461,46,0,0.5535,,4,0,0,0,0.0,0
0.5271,50,0,0.3962,,6,0,1,0,1.0,0
0.2496,42,0,0.2821,9397.0,3,0,0,0,1.0,0
8.9733,36,0,0.564,13173.0,6,0,1,0,0.0,0
0.0923,46,0,0.8383,3925.0,4,0,0,0,1.0,0
0.4735,41,0,0.913,5324.0,10,0,2,0,0.0,0
0.4491,35,0,0.4535,,6,0,0,0,0.0,1
0.1328,55,2,0.2581,3458.0,13,0,0,1,1.0,0
4.6282,37,0,0.1832,7057.0,9,0,0,0,0.0,0
2.3511,60,0,0.543,2051.0,7,0,1,0,1.0,1
0.1509,64,0,0.0175,5451.0,8,0,1,0,3.0,0
0.6616,40,0,0.5405,6546.0,7,0,1,0,2.0,0
0.2394,72,0,0.52,3072.0,8,0,2,0,1.0,0
0.0368,58,0,0.8065,4588.0,6,0,2,0,1.0,0
0.0858,51,0,0.8275,,5,0,2,0,1.0,0
0.379,27,0,0.4412,4822.0,7,0,1,0,0.0,0
0.5066,28,0,0.2734,3607.0,9,0,1,0,2.0,0
0.4343,74,0,0.5493,4660.0,8,0,1,0,1.0,1
0.0733,70,0,0.6353,3068.0,11,0,0,0,3.0,0
0.2727,74,0,0.5198,3441.0,15,0,0,0,0.0,0
0.3665,78,0,0.4256,2623.0,9,0,1,0,0.0,0
1.2785,71,3,0.215,6169.0,9,0,0,0,0.0,0
0.2828,55,0,0.2918,13780.0,8,0,0,0,0.0,0
0.8798,60,0,0.4606,5458.0,11,0,0,0,1.0,0
0.3625,42,0,0.8281,12210.0,7,0,1,0,1.0,0
0.4917,55,0,0.7945,5064.0,12,0,0,0,4.0,0
0.373,62,0,0.6024,2126.0,8,0,2,0,1.0,0
3.0867,63,0,0.3782,5485.0,2,1,2,0,1.0,0
0.7644,50,0,0.0961,10128.0,12,0,2,0,0.0,0
0.2922,24,0,0.3199,7978.0,8,0,1,0,0.0,0
0.3049,31,0,1.0257,2128.0,6,0,0,0,2.0,0
0.4574,59,0,0.628,9009.0,9,0,0,0,1.0,0
0.2063,45,2,0.5332,3224.0,6,0,0,0,0.0,0
0.607,61,0,0.4239,3999.0,10,0,0,0,1.0,0
0.9313,35,0,0.4769,5172.0,6,0,1,0,3.0,0
0.4735,71,0,0.6862,8864.0,5,0,1,0,0.0,0
0.2621,39,0,0.5352,14189.0,10,0,1,0,0.0,0
0.0785,73,0,0.6136,5524.0,5,0,2,0,0.0,0
0.8467,30,0,0.0977,2398.0,9,0,0,0,0.0,0
0.3991,60,0,0.0967,4686.0,4,0,1,0,1.0,0
0.0667,39,0,0.6902,2709.0,8,0,2,0,0.0,0
0.6589,52,0,0.5439,3166.0,8,0,3,0,0.0,0
0.2727,67,0,0.7006,17539.0,8,0,0,0,1.0,0
0.1406,65,0,0.2768,8967.0,5,0,1,0,2.0,0
0.5721,40,1,0.6253,2703.0,4,0,1,0,2.0,0
0.7252,43,0,0.4149,4405.0,8,0,0,0,,0
0.0422,30,0,0.3894,9913.0,11,0,0,0,1.0,0
1.8277,27,5,0.4973,1015.0,5,1,1,1,3.0,0
2.7683,40,0,0.8667,5672.0,14,0,1,0,1.0,0
1.0134,40,0,0.6665,11655.0,7,0,3,0,0.0,0
0.6511,31,0,0.6704,5278.0,7,0,1,0,0.0,0
0.299,49,0,0.6553,,8,0,2,0,1.0,0
0.289,52,1,0.768,2515.0,6,0,2,1,0.0,0
0.4421,52,0,0.5075,10340.0,10,0,0,0,0.0,0
0.2614,41,0,0.2258,8818.0,5,0,4,0,0.0,0
0.4593,44,0,0.2184,3331.0,10,0,2,0,,0
0.1947,48,0,0.2769,2190.0,10,0,1,0,0.0,0
0.3093,63,0,1.0103,4561.0,9,0,1,0,1.0,0
0.7723,43,0,0.4789,,9,0,0,0,0.0,0
0.8245,28,0,0.9385,4377.0,14,0,1,0,1.0,0
3.599,48,0,0.7878,6454.0,5,0,1,0,0.0,0
1.9218,46,0,0.7356,11955.0,6,0,2,0,2.0,0
1.5002,29,0,0.696,10964.0,6,0,1,1,2.0,0
0.073,46,0,0.2267,5001.0,7,0,1,0,0.0,0
1.3422,40,0,0.3352,11121.0,8,0,0,0,0.0,0
0.6519,51,0,0.8792,5099.0,5,0,2,0,0.0,0
0.2415,58,0,0.4259,11314.0,11,0,3,0,0.0,0
0.2042,44,0,0.6399,,6,0,3,0,2.0,0
0.9667,59,0,0.5737,,7,0,1,0,1.0,1
5.2392,48,0,0.2679,,8,0,2,0,1.0,0
0.5993,48,3,0.1606,11329.0,5,0,2,2,,0
0.1374,48,0,0.3148,7240.0,10,0,2,0,1.0,0
0.2289,49,0,0.6209,15766.0,12,0,2,0,1.0,0
0.3909,33,0,0.4378,3876.0,11,0,2,0,1.0,0
1.1635,26,0,0.3947,7394.0,9,0,2,0,1.0,0
0.0012,68,0,0.2271,1997.0,11,0,0,0,,0
0.2045,55,0,0.6713,9525.0,8,0,3,0,0.0,0
0.0492,44,0,0.5552,,10,0,1,0,1.0,0
0.934,67,0,0.5065,6703.0,9,1,0,3,1.0,0
10.7967,92,1,0.2101,,12,0,0,0,1.0,0
0.4743,31,0,0.0758,3838.0,7,0,0,0,1.0,0
0.0778,51,0,0.534,8633.0,8,0,0,0,4.0,0
0.197,61,0,0.6165,3606.0,7,0,0,0,0.0,0
1.4708,29,0,0.5259,8724.0,9,0,1,0,2.0,0
0.0217,31,0,0.0609,4656.0,6,0,0,0,0.0,0
0.4562,65,0,0.4847,3945.0,4,0,1,0,0.0,0
0.51,51,0,0.5227,7865.0,8,0,0,0,0.0,0
0.1235,42,0,0.4851,3232.0,5,0,0,0,0.0,0
0.0092,29,0,1.0808,11372.0,13,0,1,0,0.0,0
0.5388,57,0,0.2715,10078.0,8,0,1,0,0.0,0
0.8883,32,0,0.7912,1507.0,9,0,3,1,1.0,0
2.8367,38,0,0.9675,8492.0,7,0,1,0,0.0,0
0.7491,39,0,0.2678,14618.0,6,0,0,0,1.0,0
0.1457,47,0,0.5537,3659.0,8,0,2,0,4.0,0
0.3213,37,0,0.5977,1823.0,7,0,1,0,0.0,0
0.6086,39,1,0.5702,5196.0,8,0,1,0,2.0,0
0.3099,65,0,0.7909,1222.0,8,0,0,0,0.0,0
0.3396,54,0,0.291,6103.0,6,0,1,0,0.0,0
0.2465,52,0,0.2609,6682.0,7,0,0,0,1.0,0
1.8396,58,1,0.2592,1915.0,14,0,0,0,1.0,0
0.0677,37,0,0.3914,5885.0,14,0,2,0,2.0,0
3.7029,57,0,0.2723,2964.0,9,0,1,0,2.0,0
0.6067,58,0,0.345,,12,0,0,0,0.0,0
0.041,38,0,0.3467,2766.0,7,0,0,0,0.0,0
0.4293,60,0,0.4969,3058.0,13,0,1,0,2.0,0
0.4396,55,0,0.5229,8169.0,8,0,1,0,2.0,0
0.4088,56,0,0.44,,11,0,0,0,1.0,0
0.4153,75,0,0.651,,5,0,1,0,0.0,0
0.8805,54,5,0.3609,8106.0,7,0,0,0,1.0,0
0.4596,39,0,0.551,,12,0,3,0,3.0,0
1.0215,54,1,0.3024,8232.0,10,0,0,0,,0
3.7023,52,0,0.5251,2604.0,12,0,2,0,0.0,0
0.0807,36,0,0.2287,4464.0,4,0,1,0,,0
0.7448,24,0,1.3055,4733.0,10,0,0,0,0.0,1
0.1474,51,0,0.8315,5196.0,3,0,1,0,2.0,0
0.0244,65,0,0.2389,,11,0,1,0,0.0,0
0.0528,65,0,0.2278,5318.0,4,0,3,0,2.0,0
0.3924,56,0,0.438,3045.0,8,0,2,0,2.0,0
4.2288,74,0,0.9846,1137.0,4,0,2,0,0.0,0
0.7543,54,0,0.7617,9323.0,11,0,0,0,0.0,0
0.0679,49,0,0.2749,3339.0,5,0,0,0,2.0,0
0.4764,55,0,0.0452,5958.0,9,0,0,0,1.0,0
0.8782,42,0,0.3191,20809.0,10,0,0,0,1.0,0
0.7679,34,0,0.3444,10656.0,6,0,0,0,0.0,0
0.1302,38,0,0.3952,7961.0,8,0,1,0,0.0,0
0.3062,45,0,0.8343,9363.0,7,0,0,0,0.0,0
0.0668,64,0,0.3213,4855.0,4,0,2,0,1.0,0
0.394,32,0,0.5808,,7,0,0,0,1.0,0
0.5364,38,0,0.7545,6062.0,8,0,1,0,1.0,0
0.6209,63,0,0.1958,5792.0,13,0,1,0,1.0,0
0.889,47,0,0.4423,6967.0,8,0,0,0,2.0,0
0.479,49,0,0.3856,1688.0,13,0,3,0,0.0,0
0.3057,47,0,0.3698,3461.0,10,0,0,0,0.0,0
0.2809,79,0,0.764,,8,0,1,0,0.0,0
0.4981,60,0,1.2486,2763.0,8,0,0,0,0.0,0
1.4397,56,0,0.726,,7,0,0,0,0.0,0
0.9121,55,0,0.3707,5149.0,10,0,0,0,0.0,0
0.8186,58,0,0.1939,6292.0,6,0,3,0,1.0,0
0.3158,78,0,0.4647,,9,0,2,0,3.0,0
0.0393,47,0,0.1591,,15,0,1,0,1.0,0
0.0499,54,0,0.2797,4787.0,7,0,2,0,0.0,0
0.735,52,0,0.6604,4527.0,10,0,3,0,0.0,0
0.0647,65,0,0.8489,13422.0,8,0,0,0,1.0,0
0.1257,76,0,0.6237,9240.0,11,0,1,0,1.0,0
0.1017,44,0,0.1164,3845.0,5,0,1,0,1.0,0
1.1196,58,0,0.4312,3652.0,13,0,1,0,1.0,0
0.4724,54,0,0.1087,7282.0,6,0,0,0,0.0,0
0.4061,33,0,0.4297,4133.0,8,0,1,0,0.0,0
0.4627,66,0,0.5957,,7,0,1,0,0.0,1
0.0774,74,0,0.086,3745.0,7,0,1,0,1.0,0
0.7172,63,0,0.2183,2612.0,7,0,0,0,1.0,0
0.2473,43,0,0.7905,,8,1,1,1,1.0,0
0.3651,33,0,0.3331,6890.0,1,0,2,0,0.0,0
1.3587,61,0,0.6323,6778.0,8,0,2,0,2.0,0
0.0712,37,0,0.0506,8200.0,7,0,1,0,2.0,0
0.5051,38,0,0.1822,8197.0,4,0,1,0,2.0,0
1.5318,55,2,0.7229,3241.0,10,3,0,0,1.0,0
0.1947,62,1,0.359,6261.0,13,0,0,2,1.0,0
0.0891,47,0,0.2739,5691.0,5,0,2,0,0.0,0
0.3296,49,0,0.0386,10947.0,7,0,0,0,0.0,0
0.0138,50,0,0.2526,3026.0,6,0,1,0,0.0,0
0.9117,39,0,0.2679,8906.0,6,0,0,0,0.0,0
0.4323,47,0,0.0196,7188.0,3,0,2,0,2.0,0
1.1032,29,0,0.2739,11033.0,6,0,2,0,0.0,0
0.3575,62,0,0.3902,3211.0,3,0,0,0,1.0,0
0.6436,91,0,0.2584,13843.0,7,0,1,0,1.0,0
1.9887,53,0,0.5757,,13,0,0,0,3.0,0
1.0685,69,2,0.2594,8562.0,8,0,1,0,1.0,0
4.2911,48,0,0.55,4316.0,7,0,2,0,3.0,0
0.1078,33,0,0.4049,,3,0,0,0,,0
0.3308,84,0,0.4653,,7,0,2,0,0.0,0
0.5443,40,0,0.1079,7062.0,12,0,1,0,0.0,0
0.3598,65,0,0.4331,,11,0,1,0,0.0,0
0.8892,55,0,0.1035,2038.0,6,0,1,0,2.0,0
0.6549,69,0,0.7353,5172.0,5,0,2,0,0.0,1
2.255,51,0,0.866,4894.0,11,0,2,0,1.0,0
0.2178,36,0,0.991,8735.0,12,0,2,0,1.0,0
0.3183,43,0,0.0433,4908.0,4,0,3,0,0.0,0
0.7251,85,0,0.4085,,9,0,0,0,2.0,0
0.3867,56,0,0.5577,5731.0,3,0,1,0,0.0,0
3.4525,82,0,0.3404,,6,0,1,0,1.0,0
0.6499,47,0,0.4884,16571.0,12,0,1,0,0.0,0
0.6858,62,0,0.5315,3603.0,7,0,1,0,0.0,0
0.4364,34,0,0.5885,6558.0,4,0,0,0,0.0,0
0.0884,52,0,0.8556,4371.0,5,0,2,0,2.0,0
0.0539,83,0,0.3986,,9,0,1,0,,0
0.0498,41,0,0.2094,9297.0,10,0,2,0,0.0,0
0.3628,42,0,0.592,4026.0,11,0,1,0,0.0,0
0.5595,64,0,0.8692,3704.0,3,0,0,0,0.0,0
0.4424,54,0,0.5696,6893.0,6,0,1,0,0.0,0
0.1418,79,0,0.0129,14959.0,6,0,1,0,1.0,0
0.9069,49,0,0.332,5881.0,3,0,2,0,0.0,0
0.3977,53,0,0.5264,7282.0,4,0,0,0,1.0,0
0.0296,56,0,0.2127,4791.0,11,0,1,0,1.0,0
0.0374,37,0,0.2806,5738.0,11,0,0,0,1.0,0
0.6128,34,0,0.2026,,7,0,0,0,1.0,0
0.4327,33,0,0.3533,2675.0,11,0,1,0,1.0,1
0.2059,21,0,0.4834,2671.0,8,0,1,0,0.0,0
0.7378,51,3,0.6199,6262.0,5,1,0,0,0.0,0
0.4029,34,0,0.6997,5446.0,7,0,2,0,1.0,0
0.1192,44,0,0.3261,15159.0,10,0,0,0,1.0,0
0.0332,66,0,0.9214,,6,0,1,0,1.0,0
0.2511,39,0,0.2824,5228.0,8,0,0,0,2.0,0
0.1553,62,0,0.7521,,6,0,0,0,1.0,0
0.1603,30,0,0.3495,12962.0,12,0,1,0,2.0,0
0.5522,42,0,0.9628,5917.0,7,0,1,0,1.0,0
0.4274,76,0,0.3716,4689.0,5,0,1,0,1.0,0
0.5326,46,0,0.7033,3597.0,6,0,0,0,0.0,0
0.1895,70,0,0.6959,4946.0,11,1,1,1,0.0,0
0.8293,85,0,0.5539,3311.0,10,0,1,0,0.0,0
0.1583,46,0,0.8218,12538.0,12,0,0,0,0.0,0
0.6076,43,0,0.398,,6,0,0,0,2.0,1
0.3433,22,0,0.6221,,9,0,3,0,2.0,0
0.5144,56,0,0.3337,3700.0,13,0,2,0,,0
0.0296,57,2,0.4205,9594.0,7,0,2,1,2.0,0
0.0418,63,0,0.6061,4605.0,5,0,1,0,1.0,0
9.1267,71,0,0.2704,15791.0,8,0,1,0,0.0,0
0.4548,38,0,0.2803,3970.0,8,0,1,0,1.0,0
0.1844,78,0,0.1903,7581.0,12,0,0,0,0.0,0
0.7286,48,0,0.3909,6870.0,9,0,0,0,0.0,0
0.4458,57,0,0.3603,4925.0,6,0,0,0,1.0,0
0.3922,51,0,0.6724,,7,0,4,0,2.0,0
0.2664,41,0,0.6948,2910.0,8,0,2,0,0.0,0
0.8333,35,0,0.1158,3655.0,7,0,2,0,1.0,1
0.7614,55,0,0.251,5377.0,8,0,1,0,,0
2.2159,39,0,0.3024,5889.0,3,0,0,0,2.0,0
0.7301,49,0,0.2707,5474.0,7,0,0,0,1.0,0
0.3343,46,0,0.5329,,8,0,1,0,0.0,0
0.534,47,0,1.5187,,12,0,2,0,2.0,0
0.0767,27,0,0.7384,6546.0,6,0,1,0,1.0,0
0.4894,21,0,0.0582,1826.0,10,0,2,0,,1
0.1309,64,0,0.3642,8100.0,10,0,0,0,0.0,0
0.4562,68,0,0.6234,7788.0,9,0,0,0,1.0,0
1.9536,21,0,0.6839,,9,0,0,0,0.0,0
2.9052,58,0,0.0966,4529.0,7,0,0,0,0.0,1
0.6624,55,0,0.4015,7143.0,5,0,1,0,0.0,0
0.6126,33,0,0.7665,8613.0,7,0,1,0,1.0,0
3.3698,65,0,0.4706,6432.0,3,0,1,0,0.0,0
0.2858,68,0,0.6998,7207.0,10,0,2,0,0.0,0
0.2311,67,0,1.0738,4717.0,9,0,0,0,1.0,0
0.3327,76,0,0.578,7479.0,14,0,0,0,1.0,0
0.0752,66,0,0.5543,7102.0,7,0,3,0,3.0,0
0.0962,40,0,0.4424,8384.0,12,0,1,0,0.0,0
0.7474,52,0,0.6315,,7,0,1,0,0.0,0
0.8574,57,0,0.135,12314.0,11,0,1,0,1.0,0
0.2092,73,0,0.2274,6240.0,7,0,1,0,1.0,0
0.6544,48,0,0.7153,3511.0,6,0,1,0,1.0,0
0.1608,43,0,0.1339,,9,0,0,0,0.0,0
0.785,29,0,0.352,4746.0,7,0,0,0,0.0,0
5.0754,64,0,0.0468,16378.0,9,0,1,0,1.0,0
0.363,55,0,0.2668,3716.0,6,0,2,0,0.0,0
0.0441,40,0,0.8705,4095.0,11,0,1,0,0.0,0
1.1076,63,0,0.8015,5100.0,15,0,3,0,1.0,0
0.4909,47,0,0.2209,3783.0,5,0,4,0,1.0,0
0.5648,33,0,0.2934,18774.0,10,0,1,0,1.0,0
0.6475,71,0,0.5568,3021.0,9,0,0,0,1.0,1
0.7284,23,0,0.4209,11511.0,7,0,0,0,0.0,0
0.1463,54,0,0.6416,5370.0,8,0,2,0,1.0,0
0.3301,50,0,0.8324,20448.0,4,0,1,0,0.0,0
0.0002,29,0,0.7097,2999.0,4,0,1,0,0.0,0
0.3712,57,0,0.8436,,6,0,0,0,0.0,0
0.0161,42,0,0.1598,3252.0,2,0,2,0,2.0,0
0.3033,76,0,1.0312,,7,0,1,0,0.0,0
0.6025,66,0,0.6423,2833.0,6,0,1,0,0.0,0
0.0764,55,0,0.145,11450.0,4,0,1,0,0.0,0
0.4693,21,0,0.6962,7460.0,10,0,1,0,1.0,0
1.7587,44,0,0.4991,8881.0,12,0,1,0,1.0,0
0.3882,43,0,0.8558,13994.0,6,0,1,0,,0
1.1946,69,0,0.3382,3717.0,9,0,0,0,0.0,0
0.0675,54,0,0.2693,6239.0,9,0,2,0,0.0,0
0.0482,56,0,0.5739,,11,0,1,0,0.0,0
0.5567,66,0,0.5522,4675.0,6,0,1,0,1.0,0
0.4512,75,0,0.6998,5935.0,9,0,0,0,1.0,0
0.2502,72,0,0.6383,5837.0,7,0,3,0,1.0,0
0.5759,60,0,0.888,,7,0,2,0,1.0,0
0.0568,48,0,0.7885,5629.0,6,0,1,0,1.0,0
0.7963,58,0,0.8965,3257.0,10,0,2,0,1.0,0
0.0322,52,0,0.3707,6951.0,11,0,0,0,2.0,0
0.081,63,0,0.2373,,10,0,2,0,0.0,0
0.2875,44,0,0.7133,11872.0,9,0,1,0,0.0,0
0.7515,65,0,1.1113,9103.0,2,0,2,0,0.0,0
0.0084,53,0,0.2095,,7,0,1,0,,0
0.2461,57,0,0.3229,1791.0,5,0,3,0,0.0,0
0.2574,35,1,0.3821,8602.0,9,0,0,0,1.0,0
0.265,48,0,0.0424,2123.0,11,0,1,0,2.0,0
0.1951,58,0,0.2944,4169.0,10,0,0,0,1.0,0
0.9227,49,0,0.9874,9782.0,6,0,3,0,1.0,0
0.6388,21,0,0.1577,1612.0,9,0,2,0,0.0,1
0.5071,35,0,0.7196,,5,0,3,0,0.0,0
0.1274,57,0,0.2606,29315.0,5,0,1,0,0.0,0
0.074,73,0,0.3303,6502.0,9,0,2,0,1.0,0
2.3391,49,0,0.095,2623.0,13,0,0,0,0.0,0
0.3352,45,0,0.3412,,7,0,1,0,0.0,0
0.3713,67,0,0.4444,,10,0,1,0,2.0,0
0.359,52,1,0.2141,7341.0,11,0,0,0,0.0,0
0.1592,62,0,1.1916,6008.0,3,0,2,0,1.0,0
4.3684,48,0,0.957,7246.0,5,0,2,0,2.0,0
0.3489,46,0,0.6741,,8,0,2,0,1.0,0
0.1446,64,0,0.5626,9902.0,8,0,1,0,0.0,0
0.1587,61,0,0.6011,3206.0,4,0,1,0,1.0,0
0.0019,48,0,0.4231,5537.0,8,0,1,0,0.0,0
0.1966,36,0,0.0447,3773.0,9,0,1,0,0.0,0
1.1528,29,0,0.3011,4828.0,10,0,2,0,1.0,0
0.2627,30,0,0.7381,3785.0,6,0,0,1,,0
1.2205,43,0,0.4856,18648.0,7,0,2,0,1.0,0
0.0215,56,0,0.4251,4720.0,9,0,0,0,2.0,0
0.1086,29,0,0.2351,,6,0,1,0,2.0,0
0.2617,30,0,0.491,7650.0,9,0,1,0,3.0,0
0.1908,57,0,0.3172,,6,0,0,0,1.0,0
1.3942,74,0,0.4594,12189.0,9,4,3,1,1.0,0
2.8724,67,0,1.0062,4373.0,9,0,2,0,0.0,0
0.1638,26,0,0.8022,,6,0,0,0,2.0,0
1.4585,57,0,0.8502,,5,0,1,0,1.0,1
0.6983,65,2,0.5117,3848.0,8,0,1,0,0.0,1
1.0225,45,0,0.5197,4246.0,6,0,1,0,1.0,0
0.3295,49,0,0.3153,7458.0,5,0,1,0,1.0,0
0.0625,57,0,0.6761,20877.0,7,0,0,0,2.0,0
0.2316,59,0,0.5382,3193.0,8,0,1,0,0.0,0
0.1095,57,0,0.6913,3238.0,10,0,1,0,0.0,0
0.2442,62,0,0.8912,7774.0,7,0,1,0,1.0,0
0.4599,55,0,0.3452,10393.0,3,0,0,0,0.0,0
0.0223,43,0,0.4277,2602.0,4,0,0,0,0.0,0
0.009,46,0,0.1206,13006.0,8,0,0,0,1.0,0
0.0387,41,0,0.1123,5344.0,9,0,1,0,0.0,0
0.0778,46,1,0.628,5794.0,5,1,0,0,1.0,0
0.2504,60,0,0.6494,5622.0,10,0,3,0,2.0,0
0.6778,41,0,0.5745,11906.0,9,0,1,0,1.0,0
0.6531,67,0,0.4693,3373.0,6,0,2,0,0.0,0
4.4186,38,0,0.1112,,9,0,0,0,1.0,0
0.3515,55,0,0.1662,8115.0,7,0,2,0,,0
0.7575,64,0,0.3909,,5,0,2,0,1.0,0
0.1025,58,0,0.5252,4710.0,8,0,0,0,1.0,0
0.4414,26,0,0.4933,7659.0,2,0,1,0,0.0,0
0.1464,54,0,0.632,5681.0,6,0,0,0,1.0,0
0.0354,42,0,0.5929,7176.0,8,0,1,0,0.0,0
0.7653,33,0,0.4467,5564.0,8,0,1,0,1.0,0
0.0583,55,0,0.0755,11534.0,7,0,2,0,3.0,0
0.149,35,0,0.1449,,12,0,2,0,2.0,0
0.2503,55,0,0.6741,,4,0,1,0,,0
13.0748,72,0,0.5503,1790.0,5,0,0,0,1.0,0
0.1029,56,0,0.0619,,8,0,1,0,1.0,0
0.3509,49,0,0.937,12144.0,7,0,1,0,0.0,0
0.4867,50,0,0.7511,9148.0,8,0,2,0,0.0,0
0.1734,65,0,0.502,4954.0,7,0,1,0,0.0,0
0.4314,48,0,0.5242,5839.0,8,0,0,0,1.0,0
0.0101,45,0,0.3146,14759.0,8,0,0,0,1.0,0
0.2655,39,0,0.5571,2523.0,9,0,0,0,0.0,0
0.4069,39,0,0.5118,,7,0,0,0,1.0,0
0.4531,65,0,0.05,13528.0,6,0,0,0,0.0,0
0.2312,45,0,0.7732,3543.0,10,0,1,0,0.0,0
0.4997,60,0,0.4777,5599.0,8,0,3,0,0.0,0
0.1514,61,1,0.5119,4263.0,10,0,0,0,0.0,0
0.2257,39,0,0.3341,15082.0,10,0,2,0,,0
0.159,41,0,0.8485,4703.0,5,0,4,0,2.0,0
0.5624,60,0,0.3692,6219.0,7,0,1,0,1.0,0
0.5015,54,0,0.3925,1961.0,8,0,1,0,3.0,0
0.2779,49,0,0.5437,10955.0,12,0,3,0,4.0,0
1.4732,58,0,0.554,16696.0,12,0,0,0,1.0,0
0.1068,66,0,0.0891,5233.0,5,0,1,0,1.0,0
0.6371,51,0,0.5139,9372.0,7,0,1,0,1.0,0
0.5567,44,0,0.3824,4618.0,9,0,1,0,2.0,0
0.2745,54,0,0.3232,5341.0,8,0,4,0,1.0,0
1.1649,41,0,0.4207,,6,0,1,0,0.0,0
0.0298,54,0,1.0108,3185.0,10,0,0,0,1.0,0
0.4504,52,0,0.4168,,10,0,0,0,1.0,0
4.8647,41,0,0.294,6444.0,11,0,1,0,0.0,0
0.1021,46,0,0.5508,4924.0,5,0,0,0,0.0,0
0.3124,47,0,0.5008,,10,0,1,0,1.0,0
1.1066,62,0,0.6844,5913.0,6,0,0,0,3.0,0
0.2435,40,0,0.3745,4362.0,10,0,0,0,1.0,0
0.2006,41,0,0.5244,5417.0,10,0,2,0,1.0,0
0.0121,47,0,0.9605,5593.0,8,0,1,0,0.0,0
0.3907,60,0,0.523,5398.0,13,0,0,0,1.0,0
2.2495,62,0,0.3056,2811.0,5,0,3,0,0.0,0
0.0226,56,0,0.2291,2440.0,9,0,0,0,0.0,0
0.1433,62,0,0.2708,7929.0,12,0,1,0,0.0,0
0.6923,68,0,0.1693,,13,0,4,0,1.0,0
3.3567,54,0,0.3426,2733.0,13,0,2,0,0.0,0
0.6737,41,0,0.5055,1813.0,9,0,2,0,2.0,0
0.2538,51,0,0.4389,,7,0,0,0,0.0,0
3.3054,33,0,0.3164,6745.0,10,0,2,0,0.0,0
0.0865,58,0,0.4723,,7,0,1,0,0.0,0
0.1152,45,0,0.0378,7381.0,8,0,0,0,1.0,0
0.9099,54,0,0.8823,6150.0,9,0,3,0,0.0,0
2.5608,51,0,0.2097,4890.0,6,0,2,0,0.0,0
0.4665,47,0,0.3768,1028.0,6,0,2,0,2.0,0
0.5259,55,0,0.2013,3858.0,14,0,0,0,1.0,0
0.2819,50,0,0.5347,3712.0,10,0,1,0,1.0,0
0.7501,43,0,0.6451,2961.0,9,0,1,0,1.0,0
0.322,37,0,1.0941,2162.0,4,0,1,0,4.0,0
0.5514,57,0,0.3704,6371.0,10,0,2,0,2.0,0
0.1033,35,0,0.7479,14535.0,8,0,0,0,0.0,0
0.063,77,0,0.2983,16949.0,9,0,2,0,1.0,1
1.0431,70,0,0.795,31980.0,8,0,0,0,2.0,0
0.8619,30,0,0.5141,2144.0,4,0,0,0,1.0,0
0.6392,61,0,0.5133,7208.0,7,0,3,0,2.0,0
4.3616,68,0,0.0414,,7,0,3,0,1.0,0
3.2879,44,0,0.2027,5003.0,5,0,2,0,1.0,0
0.08,57,0,0.146,4164.0,7,0,0,0,2.0,0
0.2821,50,0,0.1305,5819.0,10,0,2,0,0.0,0
11.1069,62,0,0.3661,1279.0,3,0,0,0,1.0,0
0.8349,46,0,0.6977,3214.0,7,0,3,0,0.0,0
0.1345,66,0,0.4258,,13,0,2,0,2.0,0
0.4518,50,0,0.5612,5298.0,7,0,1,0,0.0,0
0.5635,48,0,0.4974,,6,0,2,0,0.0,0
2.9308,61,0,1.209,6699.0,5,0,2,0,2.0,0
4.1573,65,1,0.4608,14847.0,8,0,1,0,0.0,0
0.0069,21,0,0.1101,,7,0,0,0,1.0,0
0.7311,21,0,0.1385,3467.0,5,0,0,0,2.0,0
0.0863,57,1,0.3792,12154.0,17,2,2,0,2.0,0
0.4105,43,0,0.6023,4426.0,9,0,1,0,0.0,0
0.0231,34,0,0.5694,6755.0,9,0,1,0,2.0,0
0.2704,47,0,0.5561,4134.0,7,0,0,0,0.0,0
0.5472,93,0,0.7159,7406.0,7,0,1,0,0.0,0
0.9845,33,0,0.6171,8990.0,7,0,0,0,1.0,0
3.474,64,0,0.69,,5,0,1,0,0.0,0
1.9715,41,0,0.395,4398.0,5,0,1,0,1.0,0
0.3425,32,0,0.0894,5468.0,5,0,2,0,0.0,0
0.697,43,0,0.7972,6680.0,6,0,1,0,1.0,0
0.8944,32,0,0.4543,14667.0,8,0,3,0,1.0,0
0.2695,30,0,0.3634,5152.0,4,0,0,0,0.0,0
1.3586,42,0,0.8577,3983.0,9,0,0,0,1.0,0
0.045,37,0,0.8102,2144.0,8,0,0,0,1.0,0
0.3462,50,0,0.5107,5234.0,8,0,0,0,0.0,0
0.3545,54,0,0.315,,5,0,1,0,0.0,0
1.1996,41,0,0.5046,5670.0,4,0,0,0,1.0,0
0.4547,61,0,0.3866,8132.0,7,0,1,0,2.0,0
0.0664,43,0,0.4767,4802.0,5,0,4,0,0.0,0
0.4949,50,1,0.9543,2648.0,8,0,0,0,0.0,0
0.2202,22,0,0.5265,,10,0,0,0,1.0,0
0.1101,53,0,0.7703,10911.0,12,0,0,0,0.0,0
0.5509,84,0,0.4849,3304.0,6,0,1,0,0.0,1
1.1167,63,0,0.5979,4823.0,7,0,1,0,1.0,0
0.6685,50,0,0.4396,6754.0,12,0,1,0,0.0,0
0.1526,36,0,0.8078,3952.0,7,0,4,0,0.0,0
0.1362,75,0,0.6068,1983.0,9,0,1,0,0.0,0
0.7581,50,0,0.5203,,3,0,0,0,0.0,1
0.3677,43,0,0.1903,,15,0,2,0,1.0,0
2.3929,43,4,0.4215,4211.0,7,0,1,0,,0
0.3444,81,0,0.3189,8788.0,5,0,1,0,1.0,0
0.4545,50,0,0.1661,13928.0,10,0,0,0,1.0,0
0.0905,58,0,0.959,6805.0,10,0,2,0,0.0,0
4.1242,49,0,0.7471,8448.0,10,0,0,0,0.0,0
0.2249,51,0,0.6199,5208.0,9,0,2,0,2.0,0
0.6487,46,0,0.1059,7264.0,3,0,1,0,1.0,1
0.3847,72,0,0.7207,6516.0,8,0,2,0,0.0,0
0.1714,53,0,0.2178,9792.0,8,0,0,0,1.0,0
0.0055,32,0,0.6638,3413.0,6,0,0,0,3.0,0
0.732,58,0,0.4504,13425.0,11,0,0,0,1.0,0
0.0866,50,0,0.1427,,7,1,1,0,2.0,0
0.1427,57,0,1.0195,,8,0,2,0,1.0,0
1.3658,47,0,0.4482,9252.0,11,0,1,0,0.0,0
5.2397,44,0,0.3518,6270.0,11,0,0,0,0.0,0
0.5824,65,0,0.2395,3383.0,7,0,0,0,0.0,0
1.5007,78,0,0.233,9869.0,13,0,2,0,1.0,0
0.0147,26,0,0.4229,4337.0,10,0,1,0,1.0,0
0.0822,53,0,0.6032,3123.0,12,0,0,0,1.0,0
0.6184,44,0,0.2939,,8,0,0,0,0.0,0
0.3872,39,0,0.5157,4559.0,10,0,0,0,1.0,0
4.0799,22,0,1.1411,3698.0,12,0,0,0,0.0,0
0.1845,57,0,0.1727,9816.0,5,0,0,0,0.0,0
0.0841,45,0,0.7264,5441.0,5,0,1,0,0.0,0
0.3945,44,0,0.1498,8310.0,8,0,2,0,0.0,0
0.4995,69,0,0.2603,,7,0,2,0,1.0,0
0.3671,46,0,0.0495,6437.0,10,0,0,0,2.0,0
0.412,45,0,0.4797,,7,0,2,0,1.0,0
0.6598,33,0,0.4273,,5,0,1,0,1.0,0
0.3603,39,0,0.3477,5573.0,5,0,0,0,0.0,0
0.1591,73,0,0.376,3512.0,9,0,0,0,1.0,0
0.4376,61,0,0.6954,6856.0,9,0,2,0,0.0,0
0.0339,70,0,0.7524,,7,0,1,0,1.0,0
1.5406,40,0,0.537,,7,0,1,0,0.0,0
0.0622,57,0,0.2474,4536.0,6,0,1,0,3.0,0
0.8342,67,0,0.1543,4262.0,5,0,3,0,1.0,0
0.4985,60,0,0.3439,18327.0,7,0,0,0,0.0,0
0.816,74,0,0.4496,3558.0,7,0,1,0,1.0,1
0.2343,58,0,1.0731,3393.0,11,0,1,0,0.0,0
0.7291,52,0,0.2042,,9,0,2,0,2.0,0
0.2077,21,0,0.1834,4755.0,6,0,0,0,0.0,0
0.0922,58,0,0.1841,5639.0,13,0,2,0,1.0,0
0.0222,60,0,0.1039,4035.0,10,0,2,0,0.0,0
0.0385,68,0,0.4529,,6,0,2,0,2.0,0
1.886,41,0,0.684,4393.0,6,0,0,0,1.0,0
0.7613,52,0,0.5571,4877.0,6,0,1,0,0.0,0
0.1629,30,0,0.6022,13185.0,7,0,0,0,0.0,0
0.1396,29,0,0.0649,5264.0,9,0,1,0,0.0,0
1.0146,59,0,0.0256,4477.0,7,0,2,0,0.0,0
0.598,70,0,0.3122,2868.0,11,0,2,0,3.0,0
0.367,70,0,0.524,4389.0,5,0,0,0,0.0,0
0.6009,58,0,0.4379,1705.0,11,0,1,0,0.0,0
0.1664,81,0,0.4791,5667.0,7,0,2,0,1.0,0
0.4116,47,0,0.6981,,3,0,1,0,0.0,0
0.1217,65,0,0.2596,13561.0,6,0,2,0,1.0,0
0.5566,34,0,0.392,,10,0,0,0,1.0,0
0.1143,21,0,0.5852,1999.0,6,0,0,0,0.0,0
0.0654,45,0,0.656,4325.0,6,0,0,0,1.0,0
0.3457,50,0,0.3339,,12,0,1,0,0.0,0
0.3293,55,0,0.9983,8021.0,18,0,3,0,0.0,0
0.8839,49,0,0.4811,,10,0,1,0,,0
0.8875,57,1,0.3103,8199.0,6,0,1,0,2.0,0
0.1734,76,0,0.0805,6781.0,15,0,0,0,0.0,0
0.2199,62,0,0.4082,,13,0,0,0,1.0,0
0.2116,41,0,0.3761,3159.0,5,0,1,0,0.0,0
0.6368,21,0,0.3665,8352.0,6,0,2,0,0.0,0
0.6954,37,0,0.5822,1986.0,9,0,0,0,2.0,1
0.218,71,0,0.4905,5501.0,6,0,1,0,1.0,0
0.265,45,0,0.5919,5570.0,13,0,1,0,0.0,0
0.3895,62,1,0.3281,6922.0,9,0,0,0,0.0,0
0.0627,61,0,0.5278,,13,0,0,0,0.0,0
0.167,51,1,0.2077,2908.0,13,1,0,0,1.0,0
0.2833,51,1,0.4358,5604.0,11,0,1,0,1.0,0
0.1495,43,3,0.4432,1955.0,7,0,1,0,2.0,0
0.1518,83,0,0.2017,4257.0,8,0,3,0,1.0,0
0.4199,39,0,0.8548,4328.0,9,0,0,0,2.0,1
0.0564,68,0,0.2149,,2,0,0,0,3.0,0
0.106,64,0,0.31,4433.0,13,0,0,0,0.0,0
0.2189,61,0,0.1066,,12,0,2,0,1.0,0
0.0032,50,0,0.6067,3528.0,7,0,1,0,0.0,0
2.1195,31,2,0.8119,2673.0,10,0,1,0,0.0,0
0.2709,36,1,0.9485,7753.0,4,0,1,0,0.0,0
0.7289,41,0,0.3596,5098.0,8,0,1,0,2.0,0
0.0361,57,0,0.8493,7417.0,7,0,0,0,1.0,0
0.0481,64,2,0.1995,4790.0,7,0,3,0,1.0,0
0.5066,56,0,0.2835,5432.0,6,0,2,0,,0
0.6169,56,0,0.0987,3570.0,8,0,1,0,1.0,0
1.0802,67,2,0.1454,4771.0,8,0,0,1,0.0,0
0.2968,23,0,1.2585,,7,0,0,0,0.0,0
8.7505,21,0,0.3427,,11,0,1,0,1.0,0
0.2314,30,0,0.3467,,15,0,0,0,0.0,0
0.156,65,0,0.1168,3201.0,12,0,0,0,2.0,0
0.8698,24,0,0.2405,2330.0,8,0,0,0,1.0,0
0.6809,52,0,0.2578,9120.0,15,0,0,0,1.0,0
0.2119,39,0,0.1746,4792.0,6,0,1,0,2.0,0
0.2322,54,0,0.4216,4423.0,9,0,1,0,0.0,0
0.7115,50,0,0.0547,4399.0,15,0,0,0,3.0,0
1.0195,56,0,0.5275,,12,0,2,0,1.0,0
0.0015,46,0,0.8586,4472.0,4,0,1,0,0.0,0
0.2594,62,0,0.4458,,10,0,1,0,0.0,0
0.5004,72,0,1.0371,26902.0,7,0,1,0,0.0,0
0.4012,70,0,0.6159,5672.0,12,0,0,0,0.0,0
1.8109,47,0,0.4862,2868.0,3,0,2,0,0.0,0
0.0226,40,0,0.6343,7885.0,5,0,3,0,3.0,0
2.0605,55,1,0.6446,2557.0,5,0,0,1,2.0,0
1.9107,80,0,1.0143,,8,0,1,0,0.0,1
1.5899,51,0,0.1797,6602.0,10,0,1,0,0.0,0
0.9227,64,0,0.6677,,10,0,1,0,2.0,0
0.1843,63,0,0.3247,12158.0,5,0,3,0,0.0,0
0.7666,63,0,0.2976,7659.0,8,0,4,0,0.0,0
2.8648,70,0,0.9222,6756.0,10,0,1,0,1.0,0
0.241,34,0,0.3018,3382.0,8,0,2,0,0.0,0
0.5226,39,0,0.0946,6047.0,7,0,0,0,2.0,0
0.5338,53,0,0.1602,5095.0,8,0,0,0,0.0,0
0.4077,69,0,0.1816,6189.0,9,0,0,0,0.0,0
0.7192,69,0,0.535,4024.0,9,0,1,0,2.0,0
0.7911,51,0,0.8878,2890.0,13,0,0,0,1.0,0
0.8074,66,2,0.9449,,8,1,1,1,1.0,0
0.2642,46,0,0.4766,3280.0,8,0,3,0,2.0,0
5.2116,40,2,0.4272,8097.0,10,2,2,1,2.0,0
0.394,33,0,0.7842,6449.0,12,0,1,0,1.0,0
0.7427,50,0,0.5096,1215.0,9,0,1,0,1.0,0
0.064,47,0,0.3846,5679.0,10,0,0,0,0.0,0
0.3586,66,0,0.4107,3650.0,6,0,0,0,0.0,0
0.9543,60,0,0.6632,4989.0,7,0,1,0,1.0,0
0.0078,53,0,0.9394,2716.0,8,0,1,0,1.0,0
2.2182,53,0,0.0611,6843.0,6,0,0,0,0.0,0
3.1619,46,0,0.5033,,6,0,2,0,1.0,0
0.9109,27,0,0.0705,2489.0,6,0,2,0,0.0,0
0.3204,35,0,0.3483,4340.0,7,0,0,0,0.0,0
0.3403,63,0,0.6982,11002.0,8,0,1,0,2.0,0
0.0172,50,0,0.6003,,8,0,1,0,1.0,0
0.1477,34,0,0.3529,7504.0,7,0,2,0,0.0,0
0.9715,71,0,1.3518,8373.0,11,0,1,0,0.0,0
0.2452,76,0,0.9444,,6,0,0,0,0.0,1
0.01,69,0,0.8728,5037.0,5,0,0,0,1.0,0
0.3417,58,0,0.509,,6,0,1,0,0.0,0
0.0382,56,0,0.2727,,9,0,3,0,0.0,0
0.1649,52,0,0.3916,3796.0,9,0,1,0,0.0,0
0.2987,54,0,0.4319,4363.0,10,0,0,0,1.0,0
0.0393,61,0,0.3275,2586.0,13,0,0,0,1.0,0
0.349,62,0,1.1239,5889.0,5,0,0,0,1.0,0
0.4014,58,0,0.4749,,7,0,1,0,0.0,0
1.3853,21,0,0.3844,,9,0,1,0,0.0,0
0.0842,68,0,0.3966,11927.0,7,0,0,0,1.0,0
0.6983,55,0,0.4711,5135.0,6,0,3,0,1.0,0
0.1665,33,0,0.2879,4055.0,11,0,2,0,0.0,0
1.02,55,1,0.6779,8474.0,6,0,1,0,0.0,0
0.3569,56,0,0.0956,12623.0,8,0,1,0,1.0,0
0.2175,30,3,0.9317,2525.0,7,1,0,0,0.0,0
1.8712,43,0,0.3341,4188.0,5,0,2,0,1.0,0
0.057,37,0,0.3332,5953.0,8,0,0,0,0.0,0
0.1703,38,0,0.0345,11058.0,7,0,1,0,1.0,0
0.5498,60,0,0.4584,6860.0,2,0,0,0,0.0,0
0.6312,43,0,0.999,4522.0,8,0,1,0,2.0,0
0.021,53,0,0.1196,4412.0,12,0,2,0,1.0,0
0.918,62,0,0.7655,3364.0,7,0,1,0,1.0,0
0.1639,46,0,0.411,,5,0,0,0,0.0,0
0.1203,63,0,0.3085,,8,0,1,0,1.0,0
0.1821,71,0,0.349,9788.0,12,0,0,0,1.0,0
0.8947,64,0,0.3843,3345.0,7,0,0,0,0.0,0
0.1557,60,0,0.344,6981.0,6,0,1,0,2.0,1
0.3822,64,0,0.3354,4683.0,10,0,0,0,1.0,0
0.1525,58,0,0.8021,,11,0,0,0,1.0,0
0.6164,64,0,0.1772,8223.0,9,0,2,0,0.0,0
0.5989,36,0,0.865,6991.0,9,0,0,0,1.0,0
0.0282,51,0,0.6793,18451.0,10,0,1,0,1.0,0
0.1392,57,0,0.4981,5443.0,4,0,2,0,1.0,0
0.5878,51,0,0.7315,6386.0,9,0,0,0,,0
0.4715,87,0,0.8822,,4,0,2,0,1.0,0
0.3374,49,0,0.2922,10181.0,9,0,4,0,2.0,0
1.2808,27,0,0.2047,,8,0,1,0,0.0,0
0.1612,53,0,0.2105,5328.0,9,0,3,0,0.0,0
0.2856,64,0,0.3479,6572.0,5,0,0,0,0.0,0
0.4642,40,0,0.8622,7461.0,9,0,1,0,1.0,0
0.1417,51,0,0.1491,2433.0,3,0,3,0,1.0,0
0.176,51,0,0.8802,1844.0,10,0,2,0,0.0,0
0.4308,51,0,0.6998,,5,0,0,0,,0
2.0072,44,0,0.499,9900.0,10,0,1,0,,0
0.5741,67,0,0.4682,7340.0,7,0,1,0,0.0,0
0.1378,82,0,0.6551,8050.0,4,0,1,0,1.0,0
0.0501,40,0,0.076,5298.0,14,0,0,0,0.0,0
2.5651,34,0,0.3149,6642.0,9,0,1,0,3.0,0
0.101,46,0,0.8486,3763.0,10,0,4,0,0.0,0
0.2878,72,0,0.4163,4142.0,6,0,0,0,1.0,0
0.221,48,0,0.5188,,13,0,1,0,0.0,0
0.977,57,0,0.8589,11577.0,11,0,1,0,2.0,0
0.4031,39,0,0.8892,4959.0,14,0,1,0,0.0,0
0.2566,77,0,0.7919,7250.0,8,0,2,0,1.0,0
1.2242,48,0,0.4086,2886.0,3,0,2,0,1.0,0
0.6511,55,0,0.8694,12103.0,9,0,1,1,0.0,0
0.7397,41,0,0.4082,3005.0,7,0,0,0,0.0,0
1.8962,40,0,0.3303,10041.0,8,0,1,0,0.0,0
1.8574,52,0,0.8421,5618.0,6,0,0,0,1.0,0
0.4389,53,0,0.4627,6087.0,5,0,0,0,2.0,0
0.6943,64,0,0.2284,3417.0,3,0,0,0,3.0,0
0.7251,28,0,0.1349,10173.0,4,0,1,0,2.0,0
0.2471,39,0,0.1734,7212.0,14,0,2,0,0.0,0
0.0225,42,0,0.8348,11027.0,15,0,0,0,0.0,0
0.2399,54,0,0.5269,,13,0,3,0,0.0,0
0.5317,36,0,1.067,2398.0,8,0,2,0,3.0,0
0.6947,51,0,0.3372,,11,0,5,0,0.0,0
0.4932,43,0,0.643,2989.0,11,0,2,0,2.0,0
0.6082,50,0,0.7809,8740.0,5,0,1,0,2.0,0
0.5562,41,0,0.7762,2578.0,6,0,0,0,0.0,0
1.0864,38,0,0.3039,3060.0,5,0,0,0,2.0,0
0.5337,56,0,0.3273,,4,0,0,0,0.0,0
0.121,68,0,0.8783,4849.0,16,0,2,0,,0
0.3071,63,0,0.6206,4989.0,8,0,2,0,0.0,0
2.0812,68,0,0.2757,5218.0,12,0,2,0,0.0,0
2.6444,69,1,0.0617,13020.0,9,0,1,0,0.0,0
0.2369,50,0,0.7456,,7,0,1,0,0.0,0
0.3093,78,0,0.5295,14102.0,12,0,2,0,2.0,0
0.1951,63,0,0.2494,12960.0,6,0,1,0,,0
0.5715,39,0,0.4374,7418.0,7,0,0,0,2.0,0
1.1815,43,0,0.2165,7336.0,11,0,0,0,0.0,0
0.272,54,0,0.5572,23409.0,6,0,1,0,1.0,0
0.1116,64,0,0.4261,,12,0,1,0,2.0,0
1.0594,49,0,0.0992,6862.0,7,0,0,0,0.0,0
1.0095,38,0,0.0534,6659.0,5,0,4,0,1.0,0
0.9436,63,0,0.8469,5544.0,9,0,1,0,0.0,0
0.1043,36,0,0.7545,2693.0,11,0,0,0,4.0,0
4.9064,56,0,0.8557,5220.0,9,0,3,0,0.0,0
1.231,53,0,0.2306,6143.0,7,0,3,0,3.0,0
0.8439,33,0,0.571,3276.0,7,0,2,0,1.0,0
0.2724,77,0,0.733,10593.0,11,0,2,0,0.0,0
0.6905,52,0,0.6017,17650.0,12,0,0,0,1.0,0
0.3732,35,2,0.3063,,4,1,2,0,2.0,0
3.5117,53,0,1.0795,13579.0,6,0,0,0,0.0,0
1.2,28,0,0.143,,7,0,2,0,0.0,1
2.0156,57,1,0.2278,10801.0,9,0,1,0,1.0,0
0.4169,64,0,0.9364,7179.0,10,0,0,0,1.0,0
0.0872,90,0,0.194,3327.0,2,0,2,0,0.0,0
0.3862,53,0,0.3327,6034.0,4,0,0,0,1.0,0
0.8289,43,0,0.3203,11192.0,9,0,0,0,0.0,0
1.586,55,0,0.9858,,8,0,1,0,1.0,0
1.1346,72,0,0.4099,,10,0,1,0,1.0,0
0.3459,59,1,0.8791,3424.0,7,2,1,0,0.0,0
0.9289,64,0,0.3424,4754.0,7,0,2,0,1.0,0
11.4678,63,0,0.7373,7055.0,8,0,1,0,0.0,0
0.4033,59,0,0.8692,8652.0,8,0,3,0,1.0,0
0.9875,32,0,0.7885,8828.0,15,0,0,0,1.0,0
0.7183,32,1,0.2319,6299.0,11,0,0,0,0.0,0
0.6163,30,0,0.137,4407.0,11,0,1,0,1.0,0
0.3273,35,0,0.4171,5100.0,4,0,0,0,0.0,0
2.3868,37,0,0.55,,2,0,2,0,0.0,0
3.8792,78,0,0.3648,3252.0,7,0,0,0,1.0,0
0.7228,42,0,0.6169,6441.0,10,0,2,0,1.0,0
0.5829,53,0,0.3506,8396.0,3,0,1,0,1.0,0
0.6516,49,0,0.7386,,11,0,1,0,2.0,0
0.6449,55,0,0.1872,3571.0,5,0,3,0,0.0,0
0.3791,53,0,0.8798,10883.0,6,0,1,0,2.0,0
0.6525,34,0,0.3692,1331.0,12,0,1,0,0.0,0
0.2781,60,0,0.1519,10780.0,9,0,1,0,1.0,0
0.4179,42,0,0.5856,18458.0,9,0,0,0,2.0,0
0.0903,42,0,0.4539,3061.0,10,0,1,0,2.0,0
0.3181,48,0,0.4349,4684.0,11,0,1,0,0.0,0
0.038,63,0,0.3859,,10,0,0,0,3.0,0
0.9173,43,0,0.4711,13839.0,6,0,0,0,1.0,0
0.3553,53,0,0.6601,6955.0,3,0,2,0,1.0,0
1.2818,58,0,0.1278,3973.0,10,0,2,0,3.0,1
0.1863,56,0,0.0246,4072.0,6,0,0,0,1.0,0
0.2992,55,0,1.1955,4856.0,7,0,0,0,2.0,0
0.1155,32,0,0.2259,5688.0,9,0,0,0,2.0,0
0.4445,54,0,0.3615,,2,0,0,0,1.0,0
0.3937,39,0,0.4148,,9,0,2,0,3.0,0
0.1372,27,0,1.0163,11504.0,8,0,2,0,0.0,0
0.0598,46,0,0.5308,4574.0,8,0,1,0,1.0,0
0.6708,45,0,0.0454,,9,0,2,0,0.0,0
0.6323,93,0,0.3195,1807.0,9,0,0,0,0.0,0
0.332,66,0,0.9757,3325.0,12,0,1,0,2.0,0
0.4646,63,0,0.5145,,3,0,3,0,0.0,0
0.0653,46,0,0.5206,9665.0,6,0,0,0,1.0,0
0.6173,49,2,1.0057,6287.0,5,0,1,0,0.0,0
0.0331,88,0,0.4401,4269.0,3,0,1,0,1.0,0
0.0637,43,0,0.6146,,7,0,0,0,1.0,0
0.0884,56,0,0.3827,10513.0,9,0,0,0,1.0,0
0.0071,78,0,0.9035,4275.0,1,0,4,0,1.0,0
0.0506,42,0,0.9855,3889.0,5,0,0,0,1.0,0
0.1336,54,0,0.0705,4038.0,8,0,0,0,2.0,0
0.7958,52,0,0.4036,11478.0,6,0,0,0,1.0,0
0.4795,40,0,0.7671,6211.0,9,0,1,0,2.0,0
0.1148,63,0,0.2027,4992.0,12,0,1,0,3.0,0
0.1918,36,0,0.0931,9800.0,10,0,0,0,0.0,0
1.0509,63,0,0.7643,9692.0,8,0,0,0,0.0,0
0.7928,58,0,0.3556,13949.0,9,0,1,0,0.0,0
0.2574,65,0,0.693,17480.0,9,0,0,0,2.0,0
0.6278,49,0,0.7145,5798.0,6,0,1,0,0.0,0
0.1756,57,0,0.5133,6293.0,7,0,1,0,3.0,0
0.4209,66,0,0.879,11148.0,6,0,2,0,0.0,0
0.1953,32,0,0.6476,2405.0,9,0,0,0,0.0,0
0.0154,35,0,0.173,6563.0,5,0,3,0,,0
5.2604,60,1,0.4619,3777.0,7,0,0,0,0.0,0
0.291,64,0,0.2861,4650.0,11,0,0,0,0.0,0
0.9848,54,0,0.404,17449.0,7,0,0,0,1.0,1
6.4511,65,0,0.5086,3673.0,7,0,1,0,0.0,1
0.707,47,0,0.6051,7441.0,7,0,1,0,1.0,0
0.3189,70,0,0.342,2202.0,5,0,2,0,0.0,0
0.5443,51,0,0.3617,2035.0,8,0,3,0,0.0,0
0.0471,41,0,0.3664,3592.0,13,0,1,0,3.0,0
2.7715,72,0,0.1586,,10,0,0,0,1.0,0
1.3211,64,0,1.2051,5246.0,5,0,2,0,0.0,1
1.0426,46,0,0.4834,,7,0,1,0,0.0,0
3.3637,46,0,0.3915,3403.0,10,0,1,0,1.0,0
0.1766,60,0,0.4076,,8,0,4,0,0.0,0
0.4424,38,1,0.8583,23844.0,11,0,1,0,1.0,0
0.9229,56,0,0.5338,5716.0,9,0,0,0,0.0,0
0.4439,50,0,0.286,,4,0,2,0,1.0,0
0.3861,55,1,0.773,5831.0,14,0,2,1,1.0,0
0.1949,24,0,0.2288,2254.0,6,0,1,0,1.0,0
0.4541,39,0,0.2389,2834.0,6,0,1,0,1.0,0
0.2333,56,0,0.2743,10089.0,10,0,1,0,1.0,0
0.4075,67,0,0.214,9236.0,5,0,1,0,0.0,0
0.6363,50,0,0.9217,5436.0,14,0,0,0,0.0,0
0.7245,62,0,0.4469,11404.0,10,0,1,0,1.0,0
0.4934,31,0,0.281,9720.0,12,0,1,0,1.0,0
0.5252,46,0,0.5173,6098.0,6,0,0,0,0.0,0
1.2181,56,0,0.5655,4296.0,10,0,0,0,0.0,0
0.2339,51,0,0.4776,3502.0,5,0,1,0,2.0,0
0.6254,63,1,0.249,3023.0,6,0,0,0,2.0,0
0.533,48,0,0.5323,7897.0,7,0,1,0,2.0,0
0.0449,49,0,0.0151,3532.0,6,0,0,0,0.0,0
0.0021,61,0,0.5513,3384.0,7,0,1,0,0.0,0
0.5339,44,0,0.0635,3319.0,7,0,0,0,0.0,0
0.6632,39,0,0.4083,9725.0,11,0,2,0,1.0,0
0.1357,59,0,0.6098,4209.0,8,0,0,0,0.0,0
0.9702,39,0,0.7867,3246.0,14,0,2,0,1.0,1
0.299,72,0,0.5047,,2,0,1,0,2.0,0
0.9653,26,0,0.1226,3486.0,10,0,1,0,1.0,1
0.4152,48,0,0.2961,,7,0,2,0,2.0,0
0.0632,75,0,1.0788,9679.0,4,0,0,0,1.0,0
0.3522,80,0,0.3379,9391.0,8,0,2,0,1.0,0
0.1005,51,0,0.571,8280.0,12,0,2,0,0.0,0
0.3458,67,0,0.4058,6899.0,5,0,0,0,0.0,0
0.1001,63,0,0.3661,14167.0,9,0,1,0,0.0,0
0.8091,45,0,0.0174,8635.0,5,0,0,0,1.0,0
0.5574,59,0,0.4656,6169.0,7,0,0,0,1.0,0
0.4004,40,0,0.1884,6294.0,9,0,1,0,0.0,0
0.6725,30,0,0.2236,4172.0,12,0,0,0,1.0,0
6.7079,59,0,0.7937,3319.0,7,0,1,0,1.0,0
0.21,60,0,0.3204,1851.0,6,0,1,0,1.0,0
0.3615,35,0,0.3677,9898.0,7,0,2,0,,0
0.8233,50,0,0.1563,2435.0,5,0,0,0,1.0,0
0.2782,35,0,0.3616,10850.0,6,0,0,0,0.0,0
0.4262,46,2,0.4509,7298.0,8,0,2,0,1.0,0
0.4207,46,0,0.4574,10136.0,13,0,0,0,,0
0.4286,62,0,0.7202,2578.0,12,0,0,0,1.0,0
0.36,45,0,0.3852,12730.0,4,0,2,0,2.0,0
2.0751,34,0,0.4108,4922.0,6,0,1,0,1.0,0
0.0475,76,0,0.573,1931.0,8,0,4,0,1.0,0
2.7185,59,0,0.9682,3959.0,10,0,2,0,0.0,0
0.386,65,2,0.7167,29068.0,11,0,0,1,2.0,0
3.2858,61,0,0.6403,8231.0,9,0,2,0,0.0,0
0.018,65,0,0.1501,2779.0,8,0,0,0,1.0,0
0.3142,58,0,0.7741,4700.0,4,0,1,0,0.0,0
7.0117,59,0,0.213,5973.0,9,0,2,0,1.0,0
0.4437,54,0,0.7139,4347.0,8,0,1,0,0.0,0
5.9953,46,0,0.757,4612.0,8,0,1,0,1.0,0
0.6283,64,0,0.5538,19094.0,8,0,1,0,0.0,0
0.2969,48,0,0.1596,9282.0,3,0,2,0,2.0,0
0.8328,54,0,0.5743,6635.0,12,0,3,0,1.0,0
0.16,57,0,0.9217,6521.0,12,0,0,0,1.0,0
0.6055,58,0,0.1422,13175.0,7,0,0,0,1.0,0
2.3072,38,1,0.7193,4481.0,7,0,2,0,0.0,0
0.3045,55,0,0.6874,5045.0,3,0,0,0,1.0,0
0.7963,38,0,0.0697,2454.0,10,0,2,0,0.0,1
0.0539,55,0,0.5569,3497.0,5,0,0,0,2.0,0
0.2655,63,0,0.2541,5603.0,5,0,2,0,1.0,0
1.6284,77,0,0.4424,4595.0,8,0,0,0,,0
0.2517,60,0,0.3335,4268.0,10,0,1,0,3.0,0
0.4794,64,0,0.1799,3745.0,4,0,1,0,,0
0.2063,37,0,0.2199,5804.0,13,0,1,0,1.0,0
0.3028,60,0,0.8877,2010.0,8,0,0,0,2.0,0
6.9213,36,1,0.3851,12120.0,12,0,0,1,2.0,0
0.8094,69,0,0.504,3005.0,8,0,3,0,0.0,0
0.5962,37,1,0.2444,,6,0,2,2,2.0,0
0.3298,38,0,0.3601,5864.0,10,0,1,0,1.0,0
0.4919,63,0,0.687,,6,0,0,0,1.0,0
0.0681,76,0,0.2762,6402.0,7,0,0,0,1.0,0
1.0448,67,0,0.794,2606.0,13,0,1,0,1.0,0
0.4855,47,0,0.2172,5208.0,13,0,1,0,2.0,0
1.8285,38,0,0.9571,17853.0,2,0,0,0,1.0,0
0.3925,46,0,0.564,1363.0,8,0,2,0,1.0,0
0.7442,54,0,0.3343,,9,0,3,0,0.0,0
0.0307,51,0,0.3458,,3,0,1,0,0.0,0
0.3175,38,0,0.46,7407.0,13,0,1,0,,0
0.259,70,0,0.9768,3930.0,13,0,0,0,0.0,0
11.6951,70,0,0.4063,13695.0,8,0,0,0,3.0,0
0.2906,78,1,0.1307,,7,0,2,0,2.0,0
0.1539,29,0,0.516,8021.0,9,0,1,0,2.0,0
0.0866,41,0,0.3109,,10,0,1,0,0.0,0
0.3142,56,0,0.3431,2183.0,5,0,0,0,1.0,0
0.0641,52,0,0.2458,10626.0,5,0,0,0,2.0,0
0.0169,46,0,0.2469,8200.0,5,0,0,0,3.0,0
0.2999,40,0,0.2281,6635.0,6,0,0,0,0.0,0
0.0846,38,0,0.697,3694.0,8,0,2,0,1.0,1
0.2693,80,0,0.3695,5661.0,3,0,0,0,0.0,0
0.0651,32,0,1.328,8087.0,9,0,1,0,1.0,1
0.9277,30,0,0.8862,4507.0,6,0,1,0,2.0,0
0.608,35,0,0.857,4865.0,6,0,0,0,2.0,0
0.1495,55,0,0.6193,3680.0,10,0,0,0,0.0,0
0.4533,48,0,0.3692,2491.0,8,0,0,0,2.0,0
0.5916,58,0,0.4045,5499.0,7,0,3,0,2.0,0
0.6958,42,0,0.2686,2623.0,11,0,1,0,1.0,0
1.0167,53,0,0.6666,9051.0,10,0,1,0,2.0,0
3.7748,53,0,0.6125,8825.0,11,0,0,0,0.0,0
0.2346,74,0,0.3436,5436.0,10,0,0,0,0.0,0
0.5561,77,0,0.9971,6893.0,10,0,2,0,,0
0.0111,50,0,0.4943,9870.0,7,0,0,0,1.0,0
0.5396,64,0,0.7031,5884.0,8,0,0,0,1.0,0
0.1974,54,2,0.3071,16593.0,7,0,2,0,0.0,0
0.1889,63,0,0.6936,12807.0,5,0,1,0,0.0,0
0.2667,57,0,0.5989,4177.0,11,0,0,0,1.0,0
0.2017,62,0,0.2989,3178.0,7,0,0,0,1.0,0
0.1072,64,0,0.3721,11091.0,12,0,2,0,0.0,0
2.2993,58,0,0.712,7854.0,6,0,1,0,2.0,0
0.1992,54,0,1.223,4941.0,9,0,1,0,1.0,0
0.4185,67,0,0.6221,10675.0,8,0,0,0,1.0,0
0.3964,50,0,0.4416,3091.0,5,0,0,0,1.0,0
0.044,44,0,0.3424,3588.0,9,0,0,0,0.0,0
0.2861,30,0,0.6858,4240.0,8,0,2,0,0.0,0
0.2611,58,0,0.8855,3259.0,10,0,1,0,0.0,0
0.5147,62,0,0.7759,1584.0,8,0,2,0,0.0,0
0.4549,28,0,0.4777,,15,0,2,0,0.0,0
1.8242,43,0,0.4997,4058.0,6,0,0,0,1.0,0
0.163,63,0,0.2841,2645.0,7,0,0,0,0.0,0
0.5026,50,0,0.0908,7894.0,13,0,2,0,2.0,0
0.4997,53,0,0.1975,,4,0,2,0,0.0,0
0.0258,65,0,0.459,2273.0,18,0,0,0,0.0,0
0.6459,50,0,0.9861,4566.0,12,0,2,0,2.0,0
0.2116,57,0,0.1631,,8,0,1,0,0.0,0
0.5579,37,0,0.3881,4067.0,4,0,2,0,1.0,0
0.3648,57,0,0.2045,4771.0,4,0,0,0,1.0,0
6.4683,33,0,0.9853,4152.0,10,0,3,0,2.0,0
1.7154,34,0,0.7548,3350.0,9,0,0,0,0.0,0
0.3409,45,0,0.6114,8429.0,10,0,1,0,0.0,0
0.1984,60,0,0.9063,,11,0,2,0,2.0,0
0.8092,53,0,0.3022,,5,0,1,0,0.0,0
1.066,41,0,0.3508,,5,0,0,0,4.0,0
0.3813,64,0,0.5048,4835.0,9,0,2,0,1.0,0
0.3983,56,0,0.0217,8853.0,11,0,0,0,2.0,0
0.3694,67,0,0.0352,4491.0,7,0,0,0,2.0,0
0.0186,40,0,0.8622,1939.0,3,0,0,0,1.0,0
1.7363,72,1,0.6722,2684.0,7,0,2,0,0.0,0
0.3194,74,0,0.3111,1927.0,11,0,0,0,3.0,0
0.0711,65,0,0.2147,,10,0,3,0,0.0,0
0.2897,59,0,0.4293,,5,0,0,0,1.0,0
0.9335,59,0,0.7143,2823.0,5,0,0,0,1.0,0
0.9371,57,0,0.4924,4256.0,10,0,0,0,1.0,0
4.0701,33,2,0.5915,,10,0,2,0,0.0,0
0.6516,44,0,1.0165,20544.0,6,0,0,0,0.0,0
0.3039,51,0,1.1731,,8,0,0,0,0.0,0
0.0484,38,0,0.4487,2612.0,10,0,0,0,0.0,0
0.1747,72,0,0.5086,3467.0,3,0,0,0,0.0,0
0.2946,59,0,0.5792,3036.0,15,0,2,0,1.0,0
0.3132,77,0,0.3979,6213.0,8,0,3,0,1.0,0
0.1448,63,0,0.2863,8089.0,14,0,2,0,0.0,0
0.129,32,2,0.8261,,8,0,1,0,2.0,0
0.4081,70,0,0.6599,10512.0,5,0,0,0,1.0,0
0.9336,46,0,0.4946,6970.0,6,0,0,0,0.0,0
0.7459,71,0,0.3334,9572.0,5,0,2,0,0.0,0
0.462,73,0,0.3428,,10,0,0,0,1.0,0
0.1816,71,0,0.2716,4878.0,14,0,0,0,2.0,0
0.3315,67,0,0.9102,,8,0,0,0,1.0,0
0.4391,58,0,0.1347,6901.0,7,0,2,0,0.0,0
0.0447,52,0,0.1877,8239.0,8,0,3,0,0.0,0
0.1747,78,0,0.4136,3635.0,12,0,2,0,0.0,0
0.5412,56,0,0.4146,8913.0,5,0,1,0,0.0,1
0.2188,47,0,0.9143,5270.0,10,0,1,0,1.0,0
0.0173,58,0,0.5105,2652.0,8,0,0,0,3.0,0
1.6267,68,1,0.6273,,7,0,0,1,1.0,0
0.2649,68,0,0.2991,2976.0,6,0,0,0,0.0,0
0.8851,37,0,0.943,,7,0,1,0,1.0,0
0.0207,67,0,0.0242,2024.0,8,0,1,0,0.0,0
0.8756,62,0,0.455,2494.0,7,0,0,0,0.0,0
0.6501,47,0,0.4443,,7,0,0,0,0.0,0
0.1375,40,0,0.332,12669.0,4,0,0,0,1.0,0
0.1335,72,0,0.2972,12267.0,10,0,2,0,0.0,0
0.5851,73,0,0.8231,7646.0,10,0,0,0,0.0,0
1.2813,74,0,0.2714,5162.0,9,0,1,0,0.0,0
2.3239,34,0,0.2526,5045.0,6,0,3,0,1.0,0
0.0461,49,0,0.1359,12277.0,8,0,1,0,0.0,0
0.1736,53,0,0.2995,11086.0,7,0,1,0,0.0,0
3.4613,73,0,0.7229,14249.0,5,0,1,0,0.0,0
0.1375,63,0,0.34,4804.0,7,0,0,0,0.0,0
0.7079,49,0,0.2526,9017.0,9,0,0,0,0.0,0
0.5884,54,0,1.2662,9783.0,9,0,0,0,0.0,0
0.2996,62,0,0.3004,,8,0,1,0,1.0,0
0.7326,62,0,0.7334,,9,0,2,0,1.0,0
2.3751,76,0,0.5819,14336.0,7,0,3,0,1.0,0
1.3129,72,0,0.5316,2510.0,10,0,1,0,1.0,1
0.4314,69,0,0.403,3700.0,7,0,0,0,0.0,1
4.8793,41,0,0.4834,3027.0,11,0,1,0,0.0,0
0.3598,42,0,1.3032,11198.0,9,0,2,0,1.0,0
0.8891,38,0,0.9468,10644.0,9,0,0,0,,0
0.452,58,0,1.0711,8074.0,13,0,2,0,1.0,0
4.072,45,0,0.8873,5205.0,6,0,1,0,0.0,0
0.6078,60,0,1.0007,3358.0,5,0,1,0,0.0,0
0.22,62,0,0.4531,6066.0,6,0,1,0,0.0,0
0.0608,55,0,0.4801,8996.0,8,0,0,0,0.0,0
5.0659,65,0,0.3363,4095.0,8,0,3,0,1.0,0
0.3606,43,0,0.5916,21059.0,7,0,1,0,1.0,0
0.5787,32,0,0.3933,3652.0,11,0,1,0,2.0,0
0.6523,43,0,0.5238,4521.0,7,0,2,0,1.0,0
0.1947,64,0,0.8908,5311.0,5,0,0,0,0.0,0
0.2387,78,1,0.583,,8,0,0,0,0.0,0
5.5499,73,1,0.2902,4970.0,9,0,1,1,3.0,0
1.187,50,0,0.3451,2085.0,10,0,1,0,2.0,0
0.0954,66,0,0.1541,15186.0,5,0,2,0,0.0,0
0.4291,33,0,0.72,8095.0,7,0,2,0,1.0,0
0.3444,74,0,0.4147,9045.0,7,0,1,0,0.0,0
0.1773,60,0,0.4456,9840.0,11,0,0,0,0.0,0
0.2377,64,0,0.1273,7552.0,8,0,0,0,1.0,0
2.1135,26,0,0.166,3384.0,4,0,0,0,1.0,0
0.8757,59,0,0.7879,6947.0,11,0,1,0,1.0,0
1.6376,78,0,0.053,10721.0,6,0,2,0,0.0,0
3.7207,57,0,0.1155,5326.0,7,0,1,0,1.0,0
0.6326,51,0,0.7451,5148.0,6,0,1,0,0.0,0
0.4296,49,0,0.0723,8505.0,11,0,0,0,3.0,0
0.4912,43,0,0.286,3064.0,7,0,2,0,1.0,0
0.5816,54,0,0.5815,,9,0,0,0,1.0,0
0.2646,36,0,0.1655,4454.0,7,0,2,1,1.0,0
0.8349,59,0,0.1424,33196.0,15,0,1,0,0.0,0
0.371,68,0,0.2322,4170.0,6,0,1,0,0.0,0
0.2412,47,0,0.9118,5105.0,10,0,0,0,3.0,0
0.7376,58,2,0.5682,,7,0,0,2,2.0,0
0.8002,52,1,0.6234,3080.0,9,1,1,0,0.0,0
4.6807,58,0,0.6846,3534.0,8,0,0,0,0.0,0
0.4864,65,0,0.4227,10155.0,6,0,0,0,1.0,0
0.7034,59,0,0.2708,3721.0,13,0,0,0,0.0,0
2.5944,65,0,0.0829,2458.0,4,0,1,0,2.0,0
1.0609,60,1,0.6679,8386.0,6,0,1,2,0.0,0
0.1327,65,0,0.2825,8121.0,4,0,1,0,0.0,0
0.3108,57,0,0.7765,8991.0,6,0,1,0,2.0,0
7.0259,57,0,0.3104,2667.0,9,0,3,0,0.0,0
0.2629,62,0,0.5687,2989.0,6,0,2,0,1.0,0
0.5154,52,0,0.6822,1967.0,5,0,0,0,0.0,1
1.1388,59,0,0.1613,,8,0,1,0,0.0,0
0.3792,40,0,0.366,,10,0,0,0,0.0,0
0.2506,27,0,0.6526,,5,0,0,0,1.0,0
0.568,54,0,0.3176,,10,0,2,0,1.0,0
5.1276,42,3,0.2666,7212.0,5,0,3,1,0.0,0
0.5836,80,0,0.2928,45326.0,10,0,4,0,0.0,0
0.0947,41,0,0.5182,4066.0,13,0,0,0,2.0,0
0.6667,63,0,0.5947,6404.0,5,0,0,0,0.0,0
0.1672,43,0,0.4136,5551.0,9,0,3,0,1.0,0
1.0226,52,0,0.1968,,9,0,0,0,1.0,0
0.2738,37,0,0.6478,684.0,6,0,3,0,3.0,0
0.736,36,2,0.2744,2882.0,9,0,1,0,1.0,0
0.2673,57,0,0.0629,7853.0,3,0,1,0,1.0,0
0.8444,47,0,0.1838,2221.0,7,0,1,0,1.0,0
0.4096,63,0,0.7983,,11,0,1,0,0.0,0
0.2223,70,0,0.3459,,8,0,0,0,0.0,0
0.139,30,0,0.5682,,6,0,5,0,0.0,0
1.0577,67,0,0.1634,9368.0,9,0,1,0,0.0,0
0.3494,39,0,0.7117,4797.0,9,0,2,0,1.0,0
0.233,47,0,0.1136,6354.0,12,0,1,0,2.0,1
0.427,32,0,0.4789,,6,0,2,0,1.0,0
0.0362,33,1,0.1601,5213.0,8,0,2,0,0.0,0
0.3528,25,0,0.0676,,7,0,0,0,1.0,0
0.3425,46,0,0.5788,11414.0,11,0,1,0,0.0,0
0.5903,53,0,0.9729,,10,0,1,0,1.0,0
3.117,47,0,0.3698,4926.0,6,0,1,0,0.0,0
0.1878,27,0,0.5494,2176.0,12,0,2,0,5.0,0
1.0951,25,0,1.1351,3669.0,8,0,1,0,2.0,1
0.1502,52,0,0.298,6322.0,3,0,3,0,2.0,0
0.9229,63,0,0.7363,5978.0,7,0,2,0,1.0,0
0.1543,55,0,0.3823,10046.0,5,0,2,0,0.0,0
0.7909,78,0,0.8513,,14,0,2,0,2.0,1
0.2912,51,0,0.8793,,3,0,1,0,0.0,0
0.3264,56,0,0.4168,2853.0,9,0,1,0,1.0,0
0.1077,52,0,0.3582,5262.0,8,0,0,0,1.0,0
0.2944,41,0,1.0029,7760.0,4,0,3,0,0.0,0
0.4513,50,0,0.2502,1276.0,5,0,1,0,2.0,0
0.1996,64,0,0.9189,8089.0,11,0,1,0,0.0,0
0.1425,64,0,0.464,14998.0,5,0,1,0,1.0,0
2.9696,57,0,0.6428,,8,0,0,0,1.0,0
2.7533,74,0,0.8433,,12,0,0,0,0.0,0
5.063,58,0,0.3484,7584.0,9,0,1,0,0.0,0
0.3115,57,0,0.4969,,7,0,5,0,1.0,0
1.0673,73,0,0.8631,2729.0,9,0,0,0,1.0,0
0.8654,42,0,0.6223,,9,0,1,0,0.0,1
0.262,72,0,0.2844,8513.0,14,0,0,0,1.0,0
1.2577,38,0,0.3779,,9,0,0,0,0.0,0
0.065,48,0,0.8474,2682.0,12,0,3,0,3.0,0
0.4588,26,0,0.5975,6148.0,10,0,2,0,0.0,0
0.5405,56,0,0.6209,3788.0,8,0,0,0,0.0,0
0.6109,71,0,0.2053,20588.0,11,0,1,0,1.0,0
0.5592,39,0,0.8267,,9,0,0,0,1.0,0
0.3772,48,0,0.5257,,6,0,2,0,1.0,0
0.8862,49,2,0.737,,5,0,1,0,0.0,1
1.7119,49,0,0.7236,,7,0,1,0,0.0,0
0.1396,37,0,0.592,7729.0,9,0,1,0,0.0,0
0.046,53,0,0.6609,,4,0,1,0,0.0,0
0.2556,74,0,0.7602,4572.0,5,0,0,0,1.0,0
0.0985,45,0,1.0154,4556.0,10,0,3,0,0.0,0
0.9933,55,0,0.373,,11,0,2,0,0.0,0
1.0956,55,3,0.2577,13509.0,12,3,0,0,0.0,0
0.3601,46,0,0.3134,4430.0,9,0,1,0,1.0,0
0.3433,56,0,0.9428,14421.0,8,0,0,0,0.0,0
0.4006,47,0,0.7195,3783.0,8,0,4,0,1.0,0
0.483,58,0,0.3175,5709.0,12,0,0,0,0.0,0
0.4546,51,0,0.9461,2544.0,7,0,0,0,,0
2.5389,32,0,0.3763,8713.0,2,0,3,0,0.0,0
0.5318,27,0,0.3977,2715.0,7,0,3,0,0.0,0
0.6258,22,0,0.515,,9,0,0,0,2.0,0
0.3704,46,0,0.3622,7833.0,12,0,1,0,2.0,0
0.9821,64,0,0.4707,3545.0,8,0,1,0,0.0,0
0.4093,42,0,0.721,6411.0,8,0,1,0,0.0,0
0.4108,49,0,0.341,6425.0,6,0,0,0,1.0,0
0.08,43,0,0.6385,7246.0,6,0,0,0,0.0,0
0.2805,40,0,0.4079,12020.0,8,0,0,0,,0
0.5236,83,0,0.6428,7867.0,9,0,1,0,0.0,0
0.1535,41,0,0.371,3837.0,11,0,0,0,1.0,0
0.4897,33,0,0.935,,7,0,1,0,1.0,0
0.4396,39,0,0.3174,,6,0,1,0,1.0,0
0.328,53,0,0.9021,12220.0,8,0,0,0,1.0,0
0.3337,44,0,0.2518,2372.0,10,0,1,0,1.0,0
0.6837,56,0,0.1571,1777.0,11,0,0,0,0.0,0
0.2992,42,0,0.3269,18503.0,6,0,1,0,2.0,0
0.1579,44,0,0.9047,5215.0,7,0,0,0,1.0,0
0.2989,42,0,0.5901,3858.0,9,0,0,0,1.0,0
0.3698,51,0,0.3901,,7,0,0,0,0.0,0
6.1138,62,0,1.1792,4723.0,12,0,3,0,0.0,0
0.6248,63,0,0.6567,2864.0,10,0,2,0,1.0,0
0.3992,72,0,0.8294,5070.0,6,0,0,0,0.0,0
0.4518,34,0,0.502,2943.0,5,0,1,0,0.0,0
0.8948,37,0,0.6191,8329.0,11,0,2,0,1.0,0
0.3268,39,2,0.5987,10451.0,11,0,0,2,0.0,0
5.9449,52,0,0.3962,6062.0,7,0,2,0,0.0,0
0.9823,37,0,0.9034,7369.0,7,0,0,0,0.0,0
0.0252,42,0,0.303,996.0,4,0,1,0,0.0,0
0.1081,62,0,0.4113,7775.0,10,0,0,0,0.0,0
0.7188,67,0,0.4518,,9,0,0,0,0.0,0
7.3568,62,0,0.5035,7297.0,11,0,1,0,1.0,0
0.6665,56,0,0.5807,8628.0,9,0,1,0,0.0,0
0.1157,43,0,0.4814,3254.0,9,0,2,0,0.0,0
0.5912,52,0,1.0306,1283.0,4,0,1,0,0.0,0
0.7957,68,0,0.5416,,7,0,2,0,1.0,0
0.1396,61,0,0.6811,1592.0,6,0,0,0,3.0,0
0.3869,64,0,0.5268,9080.0,7,0,0,0,1.0,0
0.3142,65,0,0.37,4108.0,6,0,0,0,0.0,0
0.7424,47,0,1.1286,3332.0,10,0,0,0,0.0,0
0.469,61,1,1.3322,17192.0,11,0,1,0,0.0,0
0.1565,47,0,0.6546,,6,0,1,0,1.0,0
0.6301,60,0,0.024,4104.0,12,0,0,0,0.0,0
0.495,69,0,0.3831,1518.0,10,0,1,0,0.0,0
0.5386,74,0,0.7956,7723.0,7,0,0,0,2.0,0
0.5422,60,0,0.7952,5225.0,6,0,3,0,1.0,1
0.3027,58,0,1.1591,7277.0,3,0,0,0,4.0,0
0.0831,71,0,0.638,6981.0,7,0,1,0,0.0,0
0.3008,40,0,0.9061,4899.0,7,0,0,0,1.0,0
0.6898,72,0,0.7285,4050.0,5,0,2,0,1.0,0
1.4157,54,0,0.6227,6694.0,4,0,1,0,3.0,0
0.2993,54,0,1.3868,4865.0,7,0,1,0,0.0,0
0.479,46,0,0.0616,,4,0,3,0,0.0,0
0.0934,36,0,0.289,,5,0,2,0,0.0,0
0.3749,73,1,0.3662,6569.0,10,0,1,1,0.0,1
0.5454,58,0,0.4352,6499.0,12,0,0,0,1.0,0
0.5861,47,0,0.7632,1880.0,6,0,1,0,2.0,0
2.4946,57,1,0.3704,4540.0,6,0,1,0,0.0,0
3.0689,47,0,0.2185,4649.0,8,0,0,0,0.0,0
0.3395,28,0,0.8189,8901.0,9,0,1,0,2.0,0
0.0993,50,1,0.431,2608.0,9,0,0,0,1.0,0
0.0385,32,0,0.2522,6641.0,9,0,0,0,1.0,0
3.624,55,0,0.4496,8956.0,6,0,0,0,0.0,0
0.2512,74,0,0.3304,2926.0,8,0,1,0,0.0,0
0.6043,43,0,0.822,5037.0,12,0,0,0,0.0,0
1.909,63,0,0.4138,4055.0,6,0,1,0,2.0,0
0.1808,43,0,1.1541,7742.0,8,0,2,0,1.0,0
0.4141,52,0,0.1452,,9,0,0,0,0.0,0
0.2759,40,0,0.1578,8763.0,6,0,0,0,0.0,0
0.311,61,0,0.804,2384.0,9,0,2,0,0.0,0
3.1625,71,0,0.2582,4886.0,7,0,0,0,0.0,0
0.6119,55,0,0.8473,2660.0,6,0,2,0,1.0,0
1.3387,59,0,0.2662,8135.0,13,0,3,0,1.0,0
0.578,59,0,0.1766,12748.0,3,0,2,0,0.0,0
0.1317,49,0,0.336,,11,0,0,0,0.0,0
0.242,70,0,0.475,5134.0,6,0,1,0,1.0,0
0.2742,45,0,0.4567,1224.0,7,0,1,0,1.0,0
0.6139,30,2,0.1798,2221.0,6,0,0,1,0.0,0
0.1011,39,0,0.7177,7250.0,10,0,2,0,2.0,0
0.2884,61,2,0.2568,7752.0,10,0,1,2,0.0,1
2.3468,47,0,0.4288,13906.0,13,0,1,0,0.0,0
0.0954,53,0,0.3097,3822.0,5,0,2,0,1.0,0
0.5179,49,0,0.7293,,3,0,1,0,0.0,0
0.0562,55,0,0.4897,5426.0,4,0,1,0,0.0,0
0.6499,67,0,1.0517,4326.0,14,0,0,0,0.0,1
0.3279,73,0,0.2442,4485.0,6,0,0,0,2.0,0
0.15,38,0,1.0791,3656.0,2,0,1,0,0.0,0
0.4344,65,0,0.0094,,7,0,0,0,1.0,0
0.9157,55,2,0.0583,3786.0,8,0,3,1,0.0,0
0.2863,35,0,0.889,,8,0,1,0,1.0,0
4.6833,59,0,0.2582,3884.0,4,0,2,0,0.0,0
1.8164,78,0,0.6358,10435.0,13,0,2,0,1.0,0
0.6835,42,0,0.3836,,7,0,2,0,1.0,0
0.0667,49,0,0.3711,6860.0,8,0,0,0,1.0,0
0.5311,30,0,0.5604,2900.0,8,0,1,0,2.0,0
0.3169,50,0,0.4702,4676.0,11,0,0,0,2.0,0
0.1698,54,0,0.3979,4077.0,7,0,0,0,0.0,0
0.6727,80,0,0.3849,5014.0,9,0,1,0,1.0,0
0.3233,39,0,1.0659,3268.0,5,0,1,0,1.0,0
0.6112,65,0,0.1436,,7,0,1,0,0.0,0
0.1863,56,0,0.5544,,10,0,2,0,1.0,0
4.516,83,0,0.1375,14257.0,9,0,0,0,0.0,1
0.2293,54,0,0.4845,2167.0,4,0,1,0,0.0,0
0.3236,51,3,0.4002,4561.0,11,0,3,1,0.0,0
0.3997,64,0,0.3959,12312.0,4,0,0,0,0.0,0
0.9426,59,0,0.6769,,6,0,2,0,3.0,0
0.1448,65,0,0.3398,7559.0,11,0,0,0,1.0,0
0.3743,60,0,0.6941,2972.0,11,0,0,0,0.0,0
0.4373,31,0,0.329,12830.0,8,0,0,0,0.0,0
0.2518,59,0,0.5116,2752.0,13,0,2,0,0.0,0
0.6218,59,0,0.6003,2491.0,8,0,1,0,0.0,0
1.9526,42,0,1.0723,4798.0,8,0,0,0,3.0,0
1.1755,56,2,0.4118,5576.0,6,0,1,0,0.0,0
0.1875,26,0,0.4879,6251.0,12,0,0,0,1.0,0
0.9378,56,0,0.5918,10061.0,12,0,1,0,0.0,0
5.9575,62,0,0.7461,3061.0,8,0,0,0,1.0,1
0.6943,65,0,0.9795,8744.0,9,0,2,0,0.0,0
0.0478,62,0,0.3097,,7,0,0,0,1.0,0
1.143,40,0,0.5971,3973.0,10,0,1,0,0.0,0
0.2751,31,0,0.6669,3911.0,10,0,1,0,1.0,0
0.1128,65,0,0.0619,5342.0,8,0,1,0,1.0,0
0.4227,58,0,0.8026,8940.0,9,0,1,0,0.0,0
0.1002,59,0,0.9048,7457.0,9,0,3,0,0.0,0
0.2239,76,0,0.3509,4491.0,8,0,1,0,1.0,0
0.3471,29,0,0.4237,3324.0,4,0,2,0,0.0,0
0.9642,77,2,0.2917,4252.0,9,2,1,1,2.0,0
0.665,44,0,0.5837,20343.0,3,0,0,0,1.0,0
0.0932,64,0,0.2604,3290.0,7,0,1,0,1.0,0
0.3134,52,0,0.6878,2136.0,10,0,1,0,0.0,0
0.7381,47,0,0.2291,3829.0,11,0,1,0,2.0,0
0.8702,31,0,0.2551,,6,0,1,0,0.0,0
0.2477,43,0,0.3541,11077.0,6,0,1,0,1.0,0
2.4093,59,0,0.2252,4290.0,3,0,2,0,2.0,0
3.0312,57,0,0.7002,6793.0,9,0,1,0,1.0,0
1.7725,65,0,0.1795,9005.0,16,0,0,0,1.0,0
0.0467,42,0,0.8552,11035.0,7,0,0,0,2.0,0
0.1324,62,0,0.1008,,11,0,1,0,0.0,0
0.3774,53,0,0.6246,15784.0,12,0,1,0,0.0,0
0.3705,61,1,0.2654,16230.0,5,2,0,0,0.0,0
0.0121,59,0,0.3465,4572.0,5,0,0,0,2.0,0
0.2718,45,0,0.7544,2922.0,13,0,2,2,2.0,0
0.2102,56,0,0.3901,4618.0,8,0,1,0,0.0,0
0.1354,58,0,0.2931,4232.0,10,0,1,0,0.0,0
0.5582,63,0,0.8679,,10,0,0,0,2.0,0
1.8739,73,0,0.3488,737.0,10,0,1,0,0.0,0
0.4013,43,0,0.1926,1907.0,6,0,1,0,1.0,0
0.1354,36,0,0.2073,6995.0,11,0,1,0,0.0,0
0.7418,70,0,0.0126,6112.0,4,0,3,0,0.0,0
0.805,34,3,1.0878,11308.0,10,0,2,0,0.0,0
0.5049,66,0,0.5632,3204.0,10,0,4,0,0.0,0
0.1388,39,0,0.5026,1651.0,5,0,1,0,,0
0.7791,43,0,0.7401,4617.0,7,0,1,0,0.0,1
6.4455,51,0,0.4372,3627.0,8,0,0,0,1.0,0
0.8769,32,0,0.5223,3249.0,9,0,0,0,0.0,0
0.6821,38,0,0.1004,,10,0,0,0,0.0,0
3.6088,29,0,0.1205,4000.0,10,0,1,0,0.0,1
0.7979,61,0,0.3085,5818.0,10,0,2,0,1.0,0
0.1884,52,0,0.1206,5249.0,5,0,0,0,0.0,0
0.6897,52,0,0.7085,3843.0,7,0,2,0,1.0,0
0.9864,51,0,0.9467,2206.0,8,0,0,0,0.0,0
0.151,52,0,0.3801,,7,0,0,0,0.0,0
0.9636,45,0,0.3909,,11,0,1,0,2.0,0
1.1236,65,0,0.8176,30914.0,8,0,0,0,1.0,0
0.0091,27,0,0.8918,4101.0,3,0,1,0,0.0,1
0.2997,32,0,0.9737,,11,0,1,0,0.0,0
1.9946,71,0,0.7439,,7,0,1,0,0.0,0
0.2715,56,0,0.4686,4399.0,6,0,2,0,2.0,0
0.8661,24,0,0.4949,,5,0,1,0,0.0,0
0.0692,56,0,0.8443,2794.0,6,0,1,0,0.0,0
0.6412,30,0,1.0343,11857.0,12,0,0,0,0.0,0
0.6802,70,0,0.1595,,6,0,3,0,3.0,0
0.3892,65,0,0.2775,10927.0,9,0,0,0,2.0,0
0.4069,81,0,0.6063,,4,0,2,0,1.0,0
0.0461,48,0,0.1909,4452.0,9,0,0,0,0.0,0
0.8382,35,0,1.2276,5322.0,7,0,2,0,1.0,0
0.645,44,0,0.6095,3914.0,9,0,2,0,0.0,1
0.9163,45,0,0.2222,,10,0,1,0,1.0,0
0.1464,57,0,0.4875,9118.0,12,0,1,0,0.0,0
0.847,26,0,0.5154,,9,0,1,0,1.0,1
7.178,52,0,0.3501,6255.0,7,0,1,0,2.0,0
1.1902,38,0,0.6725,3985.0,10,0,1,0,1.0,0
3.2457,45,0,0.7969,2493.0,6,2,0,0,,0
0.2818,71,0,0.1322,6853.0,7,0,0,0,2.0,1
0.6359,66,0,0.418,,8,0,1,0,0.0,0
1.1488,62,0,0.8103,,4,0,1,0,0.0,1
4.4238,61,0,0.6589,6435.0,7,0,0,0,0.0,0
0.9821,48,0,0.3883,3486.0,6,0,2,0,1.0,0
0.353,51,0,0.6155,,3,0,1,0,0.0,0
0.3895,30,0,0.4777,,4,0,1,0,0.0,0
4.7861,35,0,1.1008,2433.0,8,0,0,0,0.0,1
0.0564,54,0,1.0464,5697.0,5,0,0,0,,0
0.5548,36,0,0.5125,7012.0,7,0,0,0,2.0,0
0.3931,62,0,0.2173,6096.0,7,0,2,0,0.0,0
0.5544,51,0,0.4352,7377.0,4,0,2,0,0.0,0
0.2199,48,0,1.0157,,7,0,0,0,0.0,0
0.714,44,0,0.6193,6169.0,9,0,1,0,2.0,0
0.4411,58,0,0.399,6147.0,3,0,2,0,0.0,0
0.8633,61,0,0.4289,6960.0,10,0,0,0,0.0,0
0.8892,40,0,0.6556,,7,0,0,0,2.0,0
0.1943,45,0,0.4238,8738.0,10,0,0,0,,0
0.6525,49,0,0.1638,1853.0,9,0,1,0,0.0,0
0.5697,56,0,0.4406,11384.0,9,0,1,0,2.0,0
0.3818,56,0,0.3485,,7,0,3,0,0.0,0
8.4358,51,0,0.6556,,6,0,1,0,1.0,0
12.7152,62,1,0.2735,9762.0,6,0,0,1,1.0,0
0.3022,50,0,0.1447,10702.0,9,0,0,0,1.0,0
0.9506,32,0,0.5502,4622.0,10,0,1,0,0.0,0
0.8989,71,0,0.0448,7309.0,7,0,0,0,0.0,0
0.3123,66,0,0.7262,5115.0,7,0,0,0,0.0,0
0.8596,33,0,0.6135,3368.0,7,0,0,0,0.0,0
0.2621,54,0,0.3559,10911.0,2,0,2,0,0.0,0
0.1949,70,0,0.7577,3836.0,11,0,1,0,1.0,0
5.7316,48,0,0.2355,2702.0,10,0,0,0,0.0,0
0.1831,63,0,0.6535,2583.0,6,0,0,0,1.0,0
3.4531,68,3,0.4242,4549.0,6,3,0,0,1.0,0
0.3304,56,2,0.6193,7724.0,5,0,1,0,0.0,0
0.2497,82,0,0.6115,10670.0,5,0,0,0,0.0,0
0.1113,61,0,0.6531,15174.0,7,0,1,0,,0
0.6303,53,0,0.4146,4910.0,3,0,5,0,0.0,0
0.4281,50,0,0.4033,,6,0,1,0,1.0,0
2.6447,51,0,1.0549,2300.0,11,0,1,0,,0
0.6876,44,0,0.3232,5018.0,3,0,3,0,0.0,0
1.7303,36,0,0.6283,5551.0,7,0,1,0,4.0,0
0.3377,39,0,0.6823,,10,0,2,0,0.0,0
0.1389,50,0,0.4047,,10,0,1,0,0.0,0
0.2646,63,0,0.9723,,6,0,0,0,0.0,0
2.195,57,2,0.5008,6379.0,9,2,2,0,0.0,0
1.54,54,0,0.7326,2525.0,7,0,0,0,1.0,0
0.6458,82,0,0.0705,4395.0,12,0,0,0,2.0,0
2.3176,76,0,0.2224,,10,0,2,0,2.0,0
0.0463,39,0,0.818,,3,0,0,0,1.0,0
0.2369,62,0,0.6709,3511.0,7,0,0,0,0.0,0
0.3118,35,0,0.6186,3389.0,8,0,0,0,0.0,0
0.0312,56,0,0.9987,18647.0,6,0,0,0,1.0,0
0.3282,33,0,0.5366,7483.0,10,0,2,0,0.0,0
0.2641,44,0,0.0928,5323.0,5,0,0,0,0.0,0
0.1267,61,0,0.1654,5661.0,10,0,0,0,0.0,0
2.8626,46,0,1.2785,4246.0,6,0,4,0,2.0,1
1.1501,37,0,0.8792,,5,0,1,0,0.0,0
0.0145,42,0,0.2823,7471.0,10,0,3,0,0.0,0
0.4974,39,0,0.7046,5452.0,6,0,1,0,1.0,0
0.4182,58,0,0.9652,3489.0,5,0,0,0,0.0,0
0.1292,69,0,0.9668,6401.0,9,0,0,0,1.0,0
0.0509,49,0,0.5276,12712.0,4,0,2,0,1.0,0
0.2385,66,0,1.0224,6340.0,5,0,0,0,1.0,0
0.3993,44,0,0.8604,2064.0,11,0,0,0,0.0,0
0.2845,51,0,0.4453,7066.0,8,0,1,0,1.0,0
0.3363,77,0,0.4264,,8,0,1,0,0.0,0
0.0125,50,0,1.422,,6,0,1,0,1.0,0
0.2012,67,0,0.4334,,6,0,2,0,0.0,0
0.3569,42,0,0.5133,2086.0,8,0,0,0,2.0,0
4.0057,52,0,0.6669,6061.0,9,0,2,0,0.0,0
0.6454,40,0,1.0152,6699.0,10,0,1,0,0.0,0
0.8899,53,0,0.8995,6476.0,7,0,0,0,1.0,0
0.8067,55,1,0.3967,,5,0,0,0,1.0,0
0.0019,63,0,0.4951,4811.0,9,0,1,0,,0
0.5342,44,0,0.3102,5158.0,8,0,3,0,2.0,0
0.1349,50,0,0.5058,4337.0,11,0,1,0,1.0,0
0.374,69,0,0.5547,10732.0,6,0,1,0,4.0,0
0.5783,35,0,0.2953,5865.0,9,0,1,0,2.0,0
0.3332,21,0,0.4947,9338.0,6,0,1,0,0.0,0
0.8227,43,1,0.3015,,9,1,1,0,0.0,0
0.5771,61,0,0.625,,9,0,0,0,1.0,0
0.9404,53,0,0.5614,8793.0,7,0,2,0,0.0,0
0.0931,39,0,0.4547,3485.0,9,0,1,0,0.0,0
0.0284,53,0,0.4555,6423.0,6,0,0,0,0.0,0
0.6346,47,0,0.5217,14691.0,12,0,2,0,0.0,0
2.4683,30,0,0.0918,1577.0,4,0,0,0,2.0,0
0.4307,47,0,0.4074,5521.0,6,0,1,0,1.0,0
0.294,62,0,0.8277,3304.0,10,0,0,0,4.0,0
0.6344,48,0,0.4199,5148.0,16,0,2,0,3.0,0
0.2753,31,0,0.7198,,4,0,1,0,0.0,0
0.1178,76,0,0.3008,7032.0,6,0,0,0,1.0,0
0.6309,38,0,0.3752,,6,0,0,0,0.0,0
0.323,57,0,0.5107,3054.0,6,0,1,0,1.0,0
0.2323,64,0,0.202,15685.0,9,0,0,0,0.0,0
0.0432,58,0,0.5753,3350.0,6,0,2,0,0.0,0
0.6026,49,0,0.223,3081.0,13,0,1,0,0.0,0
5.0606,27,0,0.7199,4896.0,9,0,0,0,1.0,0
0.5252,68,0,0.9497,7313.0,11,0,4,0,1.0,0
0.8892,36,0,0.4666,,5,0,2,0,0.0,0
0.3308,66,0,0.6779,5817.0,8,0,2,0,1.0,0
0.4032,68,0,0.4625,3688.0,6,0,4,0,2.0,0
0.4563,35,1,0.83,9661.0,10,0,1,1,1.0,0
0.6176,35,0,0.2003,,8,0,2,0,1.0,0
0.756,46,2,0.854,7192.0,8,0,0,0,3.0,0
0.7037,65,0,0.1885,3972.0,13,0,3,0,0.0,0
0.0007,44,0,0.6664,4631.0,7,0,0,0,1.0,0
0.0898,53,0,0.1765,7076.0,8,0,2,0,0.0,0
0.8477,45,0,0.5578,518.0,7,0,2,0,0.0,0
0.4985,63,0,0.5926,2521.0,11,0,1,0,,1
0.6003,43,0,0.4253,,9,0,2,0,1.0,0
2.8859,42,0,0.358,8054.0,8,0,2,0,1.0,0
0.0773,38,0,0.7232,10780.0,14,0,1,0,3.0,0
0.1119,37,0,0.7326,12985.0,8,0,1,0,2.0,0
0.0683,67,0,0.5509,10626.0,10,0,0,0,1.0,0
0.1182,47,0,0.0456,8962.0,8,0,1,0,2.0,0
0.353,39,0,0.515,,5,0,2,0,2.0,0
0.1084,29,0,0.5076,3937.0,9,0,0,0,1.0,0
0.3231,48,0,0.3963,3124.0,9,0,0,0,0.0,0
1.8636,41,0,0.795,,3,0,1,0,0.0,0
0.8888,38,0,0.1267,,12,0,1,0,1.0,0
0.3379,41,0,0.7923,10837.0,5,0,0,0,1.0,0
2.5782,54,2,0.4392,6259.0,8,0,1,2,1.0,0
5.274,36,0,0.404,8766.0,7,0,1,0,3.0,0
4.0466,48,1,0.3163,,4,0,0,0,0.0,0
1.312,64,0,1.0501,,8,0,1,0,0.0,0
0.133,44,0,0.7887,,5,0,1,0,0.0,0
3.8196,37,0,0.8222,,10,0,0,0,2.0,0
0.9944,67,0,0.5482,6789.0,9,0,0,0,1.0,0
0.4443,51,0,0.2638,2818.0,5,0,0,0,1.0,0
0.5683,50,0,0.2436,5509.0,12,0,3,0,3.0,0
0.0431,59,0,0.6655,3103.0,7,0,2,0,3.0,0
0.7877,51,0,0.3451,5238.0,10,0,2,0,2.0,0
0.0175,53,0,0.5469,4152.0,5,0,3,0,0.0,0
0.2482,30,0,0.4091,6046.0,3,0,0,0,1.0,0
0.9275,40,0,0.6078,6750.0,12,0,2,0,0.0,0
0.3942,78,0,0.4717,4462.0,5,0,0,0,1.0,0
0.5505,37,0,0.1869,1817.0,11,0,3,0,2.0,0
0.248,53,0,0.2086,11297.0,8,0,1,0,0.0,0
7.4621,76,0,0.5087,,8,0,1,0,0.0,1
0.5951,62,0,0.2358,7204.0,6,0,1,0,2.0,0
0.5767,56,0,0.4203,,8,0,1,0,1.0,0
0.2522,41,0,0.363,5690.0,10,0,2,0,0.0,0
0.0815,43,0,0.287,3880.0,6,0,0,0,0.0,0
0.773,48,0,0.5962,8552.0,6,0,1,0,1.0,0
0.2966,57,0,0.3012,3982.0,6,0,2,0,2.0,0
0.4893,70,0,0.8427,3463.0,4,0,0,0,1.0,1
1.0566,54,0,1.2177,4764.0,10,0,0,0,3.0,0
0.6575,44,0,0.0745,2234.0,6,0,0,0,0.0,0
0.5373,51,0,0.2426,7157.0,9,0,0,0,1.0,0
0.1457,59,0,0.7255,16982.0,10,0,0,0,0.0,0
0.5874,57,0,0.1726,9154.0,4,0,1,0,0.0,0
0.6989,49,0,1.2787,3974.0,7,0,0,0,1.0,0
0.5335,36,0,0.3452,3698.0,9,0,1,0,1.0,0
1.5747,67,0,0.8669,15206.0,9,0,1,0,0.0,0
0.1032,48,0,0.7887,4756.0,4,0,0,0,0.0,0
0.6068,55,0,0.2579,6589.0,7,0,1,0,2.0,0
0.2,43,0,0.246,3574.0,11,0,1,0,1.0,0
0.7479,42,0,0.7283,4078.0,8,0,0,0,0.0,0
0.217,59,0,0.7711,2794.0,7,0,0,0,1.0,0
1.4662,34,0,0.494,5505.0,11,0,0,0,1.0,0
1.2871,36,0,0.3576,11129.0,7,0,2,0,0.0,0
0.1701,73,0,0.2622,6015.0,6,0,0,0,2.0,0
0.1474,64,0,0.6293,2565.0,7,0,0,0,0.0,0
0.1937,58,0,0.3676,8482.0,11,0,0,0,1.0,0
0.2696,37,0,0.5069,7279.0,10,0,0,0,2.0,0
1.0034,55,0,0.5586,3196.0,6,0,1,0,1.0,0
2.842,51,0,0.4578,7670.0,9,0,0,0,0.0,0
0.6449,46,0,0.6433,18817.0,12,0,1,0,1.0,0
0.586,51,0,0.6568,17466.0,12,0,2,0,0.0,0
0.006,32,0,0.6554,,6,0,1,0,0.0,0
0.3768,23,0,0.4312,2649.0,9,0,1,0,3.0,0
0.8126,56,0,0.4371,5928.0,10,0,1,0,1.0,0
0.1495,54,0,0.5636,15893.0,7,0,3,0,0.0,0
2.0192,56,0,0.8788,5275.0,9,0,0,0,0.0,0
0.4971,63,0,0.2514,1994.0,4,0,1,0,0.0,0
0.3594,59,0,0.5143,3924.0,3,0,1,0,3.0,0
0.2707,73,0,0.9011,5826.0,6,0,0,0,1.0,0
0.524,69,0,0.2895,3099.0,17,0,0,0,1.0,0
0.3992,53,0,0.3542,2672.0,6,0,1,0,1.0,0
0.5359,54,0,0.0639,7852.0,6,0,4,0,1.0,0
0.7305,55,0,0.7942,10874.0,3,0,2,0,0.0,0
1.3619,31,0,0.2888,,5,0,1,0,1.0,0
0.9777,65,0,0.7812,4231.0,7,0,0,0,2.0,0
0.7233,60,0,0.4527,5656.0,10,0,0,0,1.0,0
0.1215,29,0,0.8505,5835.0,8,0,1,0,0.0,0
0.6705,74,0,0.7331,,6,0,1,0,0.0,0
0.5773,46,0,0.3285,8666.0,8,0,0,0,1.0,0
0.1826,50,0,0.727,2968.0,12,0,2,0,1.0,0
0.7316,50,0,0.3762,5113.0,8,0,3,0,0.0,0
0.0627,50,0,0.3726,,9,0,2,0,0.0,0
0.349,86,0,0.4151,9783.0,11,0,1,0,0.0,0
0.7185,48,0,0.806,,6,0,0,0,2.0,0
0.6912,47,0,0.0395,7083.0,8,0,1,0,0.0,0
4.1005,52,0,0.7714,13154.0,8,0,1,0,0.0,0
0.8723,40,0,0.8125,5688.0,9,0,1,0,0.0,0
0.3894,56,0,0.447,10209.0,8,0,1,0,1.0,0
0.2549,41,3,0.6134,,8,1,0,0,3.0,0
2.1202,59,0,0.6004,5346.0,6,0,0,0,1.0,1
0.0031,37,0,0.5072,,4,0,0,0,2.0,0
0.2313,44,0,0.7276,5331.0,8,0,0,0,1.0,0
0.2668,38,0,0.1321,7799.0,11,0,0,0,0.0,0
0.3738,45,0,1.1076,4338.0,5,0,1,0,0.0,0
0.0807,27,0,0.206,4100.0,9,0,1,0,0.0,0
0.2611,21,0,0.2285,,9,0,0,0,0.0,0
0.3089,47,0,0.5504,,10,0,0,0,0.0,0
0.8314,30,0,0.1266,4492.0,5,0,2,0,2.0,0
1.5816,76,0,0.3856,2377.0,2,0,2,0,1.0,0
0.3365,47,0,0.2783,6683.0,11,0,1,0,1.0,0
0.7082,62,0,0.6811,4397.0,8,0,0,0,3.0,0
0.7209,56,0,0.1176,9289.0,8,0,0,0,1.0,0
0.7696,37,0,0.3514,,7,0,1,0,1.0,0
0.4485,46,0,0.7221,7741.0,9,0,0,0,1.0,0
0.5647,62,0,1.1405,6818.0,12,0,2,0,0.0,0
0.3565,61,0,0.8066,14651.0,4,0,1,0,1.0,0
0.3604,64,0,0.5219,13326.0,9,0,1,0,0.0,0
1.6688,43,0,0.4238,,8,0,0,0,,0
0.1811,60,0,0.121,6597.0,15,0,2,0,0.0,0
7.9173,44,0,0.257,,9,0,2,0,0.0,0
0.9715,66,0,0.3531,4801.0,6,0,0,0,,0
0.3025,66,0,0.6619,6190.0,11,0,2,0,0.0,0
0.2939,33,0,0.6685,4169.0,8,0,1,0,,0
0.4591,56,0,0.1969,,7,0,1,0,0.0,0
0.384,37,0,0.5463,,6,0,0,0,0.0,0
0.132,64,0,0.9085,5196.0,7,0,1,0,0.0,0
1.352,36,0,0.5754,,8,0,2,0,1.0,1
0.4571,57,0,0.1847,3990.0,21,0,2,0,1.0,0
0.2384,62,0,0.2218,,9,0,3,0,2.0,0
0.7604,53,0,0.2267,10751.0,8,0,0,0,0.0,0
0.5524,64,0,0.4987,3090.0,7,0,1,0,0.0,0
0.1034,56,0,0.5611,7332.0,13,0,0,0,1.0,0
0.0085,74,0,0.538,,5,0,1,0,0.0,0
0.0518,37,0,0.4778,7005.0,5,0,0,0,0.0,0
2.9184,47,0,0.1862,4216.0,14,0,2,0,1.0,0
0.5593,25,0,0.4396,1381.0,6,0,1,0,0.0,0
0.4105,48,0,0.6758,5790.0,5,0,1,0,1.0,0
0.5958,35,0,0.7461,4659.0,5,0,0,0,1.0,0
0.8813,33,0,0.2915,2223.0,8,0,0,0,0.0,0
0.0638,30,0,0.7097,,9,0,1,0,0.0,0
0.3728,45,0,0.3164,,9,0,1,0,1.0,0
0.1489,56,0,0.8231,3343.0,9,0,1,0,1.0,0
0.1762,59,0,0.874,5488.0,6,0,2,0,2.0,0
0.1626,66,0,0.7854,,9,0,1,0,2.0,0
0.3077,65,0,0.4577,3037.0,6,0,2,0,1.0,0
0.5887,36,0,0.4541,3309.0,8,0,1,0,1.0,0
0.5414,42,0,0.4767,,5,0,0,0,0.0,0
0.251,55,0,0.2997,3287.0,14,0,2,0,0.0,0
0.8888,55,0,0.6118,3581.0,9,0,2,0,1.0,0
0.0687,71,1,0.9506,5327.0,12,0,0,0,0.0,1
0.1678,48,0,0.2543,4950.0,7,0,1,0,0.0,0
0.162,63,0,0.6422,,13,0,2,0,0.0,0
0.6844,50,0,0.3188,,11,0,1,0,0.0,0
0.0495,57,0,0.4887,7122.0,8,0,2,0,1.0,0
0.5548,57,0,0.9898,4958.0,11,0,1,0,1.0,0
0.638,52,0,0.8268,3358.0,7,0,2,0,1.0,0
0.2383,38,0,0.4362,9878.0,3,0,1,0,1.0,0
0.2973,56,1,1.076,3578.0,13,0,0,1,2.0,0
0.4117,61,0,0.4656,,7,0,2,0,1.0,0
0.8439,53,0,0.2968,10173.0,7,0,0,0,0.0,0
0.0769,21,0,0.4487,,8,0,1,0,0.0,0
0.0654,50,0,0.9192,8213.0,7,0,0,0,0.0,0
0.0048,61,0,0.2592,6835.0,8,0,0,0,0.0,0
0.6257,38,0,0.6019,5150.0,10,0,1,0,0.0,0
0.0101,67,0,0.6048,3086.0,13,0,1,0,0.0,0
0.417,43,0,0.3458,,6,0,0,0,0.0,0
0.9385,48,0,0.1277,7169.0,9,0,2,0,1.0,0
0.6473,55,0,0.0738,6859.0,6,0,0,0,2.0,0
5.2033,39,0,0.2894,14275.0,7,0,0,0,2.0,0
0.3206,65,0,0.3875,5106.0,5,0,1,0,2.0,0
4.6687,70,0,0.2146,10400.0,8,0,2,0,2.0,0
0.123,37,0,0.1825,12117.0,11,0,1,0,1.0,0
0.353,49,0,0.8384,3046.0,8,0,2,0,1.0,0
0.5847,79,0,0.2499,14018.0,7,0,2,0,1.0,0
0.6637,67,0,1.0232,12303.0,6,0,0,0,0.0,0
0.2218,29,0,0.4131,3436.0,6,0,1,0,1.0,0
0.4341,68,0,0.305,5821.0,10,0,3,0,0.0,0
1.5013,21,2,0.4936,4407.0,6,0,0,0,1.0,0
0.1088,61,0,0.3395,4980.0,4,0,0,0,0.0,0
0.4241,40,0,0.0196,18964.0,7,0,1,0,0.0,0
0.2958,58,0,0.5405,8058.0,10,0,0,0,2.0,0
0.2904,55,0,0.4766,5065.0,12,0,1,0,0.0,0
0.202,54,0,0.2835,2667.0,12,0,0,0,0.0,0
0.2907,60,0,0.7483,3262.0,3,0,1,0,0.0,0
0.2219,45,0,0.6805,9753.0,7,0,0,0,1.0,0
0.7506,44,0,0.0978,16655.0,8,0,0,0,1.0,0
0.0792,65,0,0.1078,9387.0,6,0,2,0,0.0,1
2.1196,52,0,1.025,7990.0,5,0,0,0,0.0,0
0.5942,44,0,0.3412,,8,0,3,0,3.0,0
5.07,50,0,0.6958,4963.0,10,0,0,0,1.0,0
0.471,48,0,0.2684,2825.0,11,0,0,0,1.0,0
3.2569,47,0,0.8069,6675.0,9,0,0,0,1.0,0
0.4719,58,0,0.5225,,13,0,3,0,1.0,0
0.9671,40,0,0.8033,6711.0,7,0,2,0,1.0,0
0.1396,73,0,0.1641,3083.0,3,0,1,0,0.0,0
0.7204,55,0,0.8294,16448.0,6,0,1,0,1.0,0
0.4092,26,0,0.893,,5,0,1,0,0.0,0
1.2454,56,0,0.6071,,10,0,0,0,0.0,1
1.505,39,0,0.589,2036.0,9,0,1,0,2.0,1
0.5196,52,0,0.1369,,11,0,1,0,1.0,1
7.0453,50,0,0.4798,27325.0,13,0,1,0,0.0,0
0.4834,61,0,0.4992,6488.0,12,0,1,0,1.0,0
0.6997,61,0,0.6678,3429.0,7,0,3,0,1.0,1
1.6947,55,0,0.1356,10392.0,6,0,1,0,0.0,0
0.1074,79,0,0.1519,,6,0,0,0,1.0,0
0.1468,42,0,0.392,7412.0,8,0,1,0,0.0,0
0.336,71,0,0.6887,3362.0,13,0,2,0,2.0,0
0.0704,72,0,0.4942,4421.0,8,0,1,0,0.0,0
10.886,57,0,0.4401,5819.0,4,0,0,4,0.0,0
0.0205,58,0,0.1101,4530.0,9,0,4,0,1.0,0
0.8903,65,2,0.7585,4835.0,6,0,0,2,,0
0.9675,48,1,0.0989,,9,1,0,2,2.0,0
1.3337,45,0,0.7762,2576.0,8,0,2,0,3.0,0
0.4382,46,0,0.6943,3235.0,0,0,1,0,0.0,0
0.5126,56,0,0.64,3729.0,7,0,0,0,0.0,0
0.4208,45,0,0.7911,,13,0,0,0,0.0,0
0.392,42,0,0.6637,8383.0,5,0,1,0,0.0,0
0.0504,37,1,0.6732,2798.0,7,1,1,0,1.0,0
2.4641,38,0,0.4132,7554.0,3,0,0,0,0.0,0
0.4236,43,0,0.2481,5009.0,9,0,1,0,0.0,0
0.3701,43,0,0.9413,4175.0,4,0,0,0,0.0,0
0.5366,54,0,0.694,11071.0,13,0,0,0,0.0,0
0.0697,41,0,0.9219,2401.0,9,0,1,0,1.0,0
0.31,59,0,0.5583,7462.0,5,0,0,0,3.0,0
0.194,80,0,0.4111,,4,0,0,0,1.0,0
2.5353,69,0,0.7554,,6,0,2,0,1.0,0
0.1957,37,0,0.3189,8841.0,14,0,0,0,1.0,0
0.046,48,0,0.4749,9581.0,9,0,1,0,0.0,0
0.803,34,0,0.9511,2755.0,7,0,1,0,1.0,0
0.2907,55,0,0.2583,3732.0,3,0,1,0,0.0,0
0.3088,56,0,0.3057,6273.0,8,0,1,0,1.0,0
0.2119,54,0,0.1062,2947.0,8,0,0,0,1.0,0
0.0964,37,0,0.2967,,8,0,3,0,0.0,0
10.1509,43,0,1.0213,3002.0,5,0,2,0,1.0,0
0.0106,65,0,0.884,2766.0,4,0,0,0,2.0,0
0.246,58,0,0.8049,,10,0,1,0,0.0,0
0.6631,40,0,0.3661,,2,0,1,0,2.0,0
0.1196,34,0,0.4159,7704.0,4,0,1,0,,0
0.4143,51,0,0.1048,7653.0,10,0,0,0,2.0,1
0.1501,50,0,0.3001,13166.0,8,0,1,0,0.0,0
0.421,34,0,0.4308,6011.0,5,0,1,0,1.0,0
1.6303,48,0,0.5984,1497.0,6,0,0,0,0.0,0
0.7557,45,0,0.5354,,8,0,0,0,0.0,0
0.2158,44,0,0.4428,,12,0,3,0,1.0,0
0.497,46,0,0.5413,20193.0,7,0,1,0,2.0,0
0.4255,56,0,0.5226,1269.0,9,0,1,0,1.0,0
4.6216,53,0,0.2027,10505.0,8,0,2,0,2.0,0
0.3117,70,0,0.5275,,10,0,1,0,1.0,1
0.3145,55,0,0.4741,,11,0,0,0,1.0,0
0.0759,63,2,0.3475,6617.0,8,0,0,0,0.0,0
0.4273,33,0,0.3481,2459.0,6,0,1,0,0.0,1
1.333,54,0,0.2435,,8,0,2,0,1.0,0
0.4661,47,0,0.5243,17616.0,8,0,1,0,1.0,0
0.5081,62,0,0.1773,,8,0,0,0,0.0,0
0.1117,56,0,0.6376,,5,0,2,0,1.0,0
0.5083,74,0,0.4994,9657.0,8,0,0,0,0.0,0
0.0046,39,0,0.8261,7277.0,10,0,2,0,0.0,0
0.67,42,0,0.4,,10,0,2,0,0.0,0
0.2518,57,0,0.4368,8764.0,7,0,0,0,0.0,0
0.0555,50,0,0.4125,5447.0,8,0,4,0,0.0,0
0.807,39,0,0.4718,35401.0,4,0,0,0,0.0,0
0.3643,57,0,0.435,,7,0,3,0,1.0,0
0.1309,45,0,0.2764,4891.0,14,0,2,0,1.0,0
0.448,58,0,0.2537,,10,0,3,0,0.0,0
0.6126,28,0,0.7725,5296.0,5,0,1,0,1.0,1
0.5259,48,0,1.0392,5726.0,9,0,1,0,0.0,0
0.1749,54,0,0.2185,1737.0,7,0,2,0,0.0,0
0.0735,54,0,0.2749,5011.0,8,0,2,0,0.0,0
0.1649,62,0,0.4362,5970.0,11,0,0,0,0.0,0
0.9999,49,0,0.0789,4403.0,14,0,3,0,0.0,0
0.1814,58,0,0.1737,,11,0,1,0,0.0,0
0.0008,51,0,0.406,2384.0,4,0,1,0,0.0,0
4.3318,62,0,0.4193,13885.0,6,0,2,0,1.0,0
0.1413,30,0,0.6848,10752.0,9,0,1,0,5.0,0
0.0604,21,0,0.3036,5078.0,13,0,0,0,1.0,0
0.0518,70,0,0.4923,,11,0,1,0,2.0,0
0.6728,44,0,1.0414,6404.0,9,0,3,0,0.0,0
0.4916,28,0,0.8861,3754.0,5,0,1,0,0.0,0
0.9647,50,0,0.7925,6618.0,8,0,0,0,1.0,0
0.927,45,0,0.2093,7014.0,7,0,2,0,1.0,0
0.4967,57,0,0.505,,7,0,0,0,0.0,0
0.009,59,0,0.6383,,8,0,2,0,0.0,0
0.3729,46,0,0.9003,,8,0,0,0,1.0,0
2.2001,65,0,0.5608,3655.0,9,0,1,0,1.0,0
0.1441,35,0,0.2581,4425.0,5,0,0,0,0.0,0
1.0808,21,0,0.5564,2826.0,3,0,0,0,2.0,1
0.935,54,0,0.6279,17797.0,8,0,1,0,2.0,0
0.0472,48,0,0.3234,3105.0,15,0,0,0,1.0,0
0.2038,25,0,0.1735,,5,0,2,0,2.0,0
0.6238,61,0,0.2372,3112.0,7,0,0,0,1.0,0
0.3866,28,0,0.2513,20572.0,4,0,0,0,2.0,0
0.324,50,0,0.8283,,12,0,1,0,1.0,0
0.7428,63,0,0.7364,,16,0,1,0,1.0,0
0.3362,56,1,0.0347,2661.0,12,0,0,1,1.0,0
0.1523,55,0,0.249,4249.0,11,0,0,0,0.0,0
0.3042,45,0,0.9799,11002.0,6,0,0,0,1.0,0
0.5144,54,0,0.525,3808.0,8,0,1,0,2.0,0
2.2499,59,0,0.2437,,6,0,1,0,1.0,0
0.0542,43,0,0.2724,19732.0,10,0,0,0,1.0,0
0.6823,36,0,0.5691,3492.0,8,0,0,0,1.0,0
0.7253,63,0,0.5719,9444.0,9,0,1,0,1.0,0
0.3264,78,0,0.0912,16029.0,13,0,1,0,1.0,0
0.2222,73,0,0.5817,6332.0,8,0,3,0,1.0,0
0.5938,21,0,0.5064,5537.0,10,0,0,0,0.0,0
0.3745,70,0,0.4723,3370.0,8,0,1,0,,0
0.6455,43,0,0.2965,,10,0,0,0,1.0,0
0.9075,77,0,0.5778,7778.0,9,0,1,0,1.0,0
3.4081,37,0,0.3189,9794.0,10,0,1,0,0.0,0
0.1221,36,0,0.4978,5403.0,7,0,0,0,,0
0.9814,51,1,0.3125,4408.0,10,0,1,0,0.0,0
0.3749,46,0,0.6282,4548.0,5,0,1,0,0.0,0
0.2053,47,0,0.1978,12213.0,7,0,1,0,0.0,0
0.1433,65,1,0.5146,2544.0,4,0,0,0,1.0,0
0.3588,69,0,0.1383,7915.0,6,0,1,0,3.0,0
0.8048,39,0,0.0475,10737.0,9,0,1,0,0.0,0
0.4341,75,0,0.2219,4482.0,6,0,1,0,2.0,0
0.3252,35,0,0.6962,4350.0,9,0,0,0,0.0,0
0.3139,44,2,1.1625,,6,1,1,2,0.0,0
1.4187,87,0,0.3591,6658.0,8,0,1,0,0.0,0
0.4626,57,0,0.4847,9815.0,8,0,2,0,0.0,0
0.1545,43,0,0.3475,5741.0,4,0,0,0,1.0,0
0.0719,56,0,0.2928,5181.0,4,0,0,0,1.0,0
0.6685,62,0,0.1477,3670.0,5,0,0,0,0.0,0
4.6693,57,0,0.1737,2275.0,5,0,4,0,0.0,0
0.4705,70,0,1.007,7675.0,13,0,1,0,2.0,0
0.2012,40,0,0.3697,8800.0,7,0,3,0,0.0,0
0.4751,43,0,0.2206,,10,0,0,0,1.0,0
0.6824,40,0,0.1826,4519.0,10,0,1,0,0.0,0
0.5183,40,0,0.6236,5412.0,13,0,2,0,1.0,0
6.2147,53,0,0.2054,2879.0,8,0,1,0,1.0,0
2.6331,37,0,0.3854,5449.0,7,0,0,0,0.0,0
2.7359,56,0,0.3107,45874.0,10,0,2,0,2.0,0
0.4949,61,0,0.3243,,7,0,2,0,2.0,0
0.1675,35,0,0.4247,3093.0,7,0,1,0,0.0,0
0.3542,43,0,0.2727,8165.0,8,0,1,0,2.0,0
0.904,45,0,0.1915,5046.0,8,0,0,0,2.0,0
2.0234,49,0,0.626,986.0,6,0,1,0,1.0,0
3.5001,50,0,0.4425,,9,0,0,0,2.0,0
2.1482,65,0,0.1102,,14,0,1,0,0.0,0
0.4938,66,0,0.8733,6863.0,8,0,1,0,2.0,0
0.2275,41,0,0.299,8067.0,11,0,0,0,1.0,0
0.2131,62,0,0.0938,,8,0,1,0,1.0,0
0.5133,71,0,0.4645,,11,0,1,0,0.0,1
0.5317,69,0,0.7858,3229.0,10,0,1,0,0.0,0
0.5988,55,0,0.8964,3739.0,10,0,1,0,1.0,0
0.5699,51,0,0.4853,5641.0,8,0,0,0,1.0,0
2.4369,32,0,0.3143,4178.0,8,0,2,0,1.0,0
0.1217,46,0,0.3349,1762.0,11,0,0,0,1.0,0
0.4611,31,0,0.9652,,9,0,0,0,0.0,1
5.4852,68,0,0.1116,,12,0,0,0,0.0,0
0.5579,48,0,0.8217,,7,0,2,0,0.0,0
3.6398,51,0,0.5459,17587.0,15,0,1,0,0.0,0
0.658,43,0,0.8654,4884.0,12,0,1,0,1.0,0
3.3719,32,0,0.6367,11849.0,8,0,1,0,0.0,0
0.1298,62,0,0.8381,12415.0,11,0,0,0,1.0,0
0.5836,59,0,0.368,8125.0,6,0,2,0,1.0,0
0.4943,65,0,0.5015,4585.0,10,0,0,0,,1
0.4042,27,0,0.6832,6049.0,11,0,0,0,0.0,0
0.8002,70,0,0.1022,5408.0,8,0,1,0,1.0,0
0.262,50,0,0.1156,5350.0,5,0,2,0,0.0,0
0.1789,63,0,0.6206,6384.0,5,0,1,0,0.0,0
2.3327,21,0,0.4454,3404.0,7,0,0,0,2.0,0
0.1795,58,0,0.6786,6971.0,9,0,2,0,0.0,0
0.7303,51,0,0.5973,,5,0,4,0,0.0,0
0.0616,49,0,0.4867,,6,0,0,0,0.0,0
0.5372,51,0,0.1926,5641.0,10,0,2,0,1.0,0
0.5984,44,0,0.3727,4964.0,7,0,0,0,1.0,0
0.004,32,0,0.2552,4249.0,6,0,0,0,2.0,0
0.6573,34,0,0.3973,2088.0,3,0,0,0,3.0,0
1.9439,52,0,0.692,4023.0,10,0,1,0,0.0,1
0.7296,70,0,0.1416,14556.0,11,0,1,0,0.0,0
0.0926,67,0,0.0481,,10,0,1,0,0.0,0
1.8456,55,0,0.7073,10134.0,7,0,1,0,0.0,0
0.6071,45,0,0.0814,8879.0,6,0,1,0,1.0,0
0.0136,81,0,0.4398,11000.0,6,0,1,0,1.0,1
0.5944,62,0,0.199,6840.0,4,0,2,0,2.0,0
0.956,60,0,0.7137,4935.0,7,0,1,0,3.0,0
0.131,33,0,0.7107,2685.0,7,0,0,0,0.0,0
0.1924,56,0,0.4653,20276.0,9,0,0,0,0.0,0
0.1696,35,0,0.432,5428.0,7,0,0,0,0.0,0
0.2542,81,0,0.591,5392.0,6,0,2,0,,0
0.5854,40,0,0.1077,2110.0,11,0,1,0,1.0,0
0.453,44,0,0.8548,3133.0,9,0,1,0,1.0,0
0.3726,43,0,0.389,3502.0,7,0,1,0,1.0,0
0.7605,47,0,0.7479,11712.0,14,0,1,0,4.0,0
0.0479,61,0,0.213,,9,0,0,0,3.0,0
0.1931,52,0,0.3485,4250.0,6,0,3,0,0.0,0
0.0501,53,0,0.874,8408.0,9,0,2,0,2.0,0
0.255,62,0,0.7192,13368.0,6,0,1,0,3.0,0
0.0993,31,0,0.9402,3907.0,6,0,0,0,0.0,0
0.1034,62,0,0.6787,,8,0,1,0,0.0,0
0.0006,54,0,0.4827,4603.0,9,0,0,0,1.0,0
0.4662,42,0,0.5985,4412.0,8,0,0,0,1.0,0
0.2799,54,0,0.3646,1703.0,7,0,2,0,0.0,0
0.1357,54,0,0.3832,,5,0,0,0,0.0,0
0.6576,21,0,0.8281,4443.0,4,0,0,0,2.0,0
0.4648,71,0,0.3974,4131.0,4,0,1,0,0.0,0
0.388,69,0,0.3043,3063.0,4,0,0,0,0.0,0
0.2633,34,0,0.2806,5862.0,5,0,0,0,1.0,0
0.552,41,0,0.1708,1422.0,11,0,0,0,0.0,0
0.566,71,0,0.4746,3912.0,8,0,2,0,1.0,1
0.0294,61,0,0.3673,2798.0,6,0,0,0,1.0,0
0.1763,57,0,0.5157,18444.0,9,0,1,0,0.0,0
0.4827,58,0,0.2439,10523.0,6,0,1,0,1.0,0
0.1267,57,0,0.8483,10773.0,4,0,0,0,2.0,0
0.1471,37,0,0.3688,,12,0,0,0,1.0,0
0.396,44,0,0.0204,10533.0,7,0,0,0,1.0,0
0.6846,66,0,0.4705,,4,0,2,0,0.0,0
0.4715,61,0,0.289,2904.0,15,0,2,0,1.0,0
0.7281,56,0,0.2635,2369.0,4,0,0,0,2.0,0
0.3316,43,0,0.1663,7038.0,11,0,1,0,0.0,0
0.3335,66,0,0.4808,27399.0,10,0,2,0,1.0,0
0.1199,38,0,0.4253,5649.0,6,0,2,0,1.0,0
0.7894,73,0,1.7453,6682.0,7,0,0,0,1.0,0
0.2233,42,0,0.5972,12028.0,12,0,3,0,1.0,0
0.3494,40,0,0.2802,14869.0,8,0,2,0,2.0,0
3.0817,52,2,0.0994,5663.0,9,0,1,0,1.0,0
3.2899,55,0,0.2831,3346.0,9,0,1,0,0.0,0
0.2987,53,0,0.0908,,5,0,3,0,0.0,0
0.6783,33,0,0.6655,2811.0,9,0,1,0,1.0,0
0.5793,58,0,0.6697,,13,0,2,0,1.0,0
0.1555,66,0,0.1095,12240.0,9,0,1,0,0.0,0
0.2979,51,0,0.3803,3316.0,11,0,2,0,1.0,0
0.1213,30,1,0.5793,2612.0,3,0,0,0,0.0,0
0.1851,49,0,0.4488,8184.0,6,0,1,0,1.0,0
3.1912,36,0,0.7644,,8,0,2,0,2.0,0
0.1627,25,0,0.9116,3030.0,5,0,0,0,0.0,0
2.1873,44,0,1.0768,8288.0,8,0,1,1,1.0,0
0.0105,75,0,0.741,,4,0,1,0,0.0,0
0.7095,51,0,0.4437,4227.0,10,0,2,0,2.0,1
0.1601,48,3,0.8127,3514.0,16,0,0,0,1.0,0
0.2326,62,0,0.4535,5442.0,7,0,0,0,1.0,0
0.89,61,0,0.5783,4045.0,8,0,1,0,2.0,0
5.746,31,0,0.7186,2685.0,9,0,3,0,1.0,0
0.4641,78,0,0.3448,3092.0,12,0,2,0,2.0,0
0.3254,55,0,0.4577,3401.0,11,0,1,0,3.0,0
1.723,65,0,0.6064,5955.0,8,0,2,0,2.0,0
0.7198,44,0,0.3169,8315.0,7,0,0,0,0.0,0
0.468,25,0,0.7675,5978.0,10,0,0,0,1.0,0
0.1065,50,0,0.4109,2597.0,8,0,0,0,1.0,0
0.1079,37,0,0.6125,,7,0,0,0,2.0,0
0.3587,68,0,0.5098,7782.0,6,0,2,0,1.0,0
1.1367,32,0,0.6618,,4,0,0,0,0.0,0
0.2745,52,0,0.5434,4098.0,4,0,0,0,0.0,0
0.2215,60,0,0.5866,10383.0,3,0,2,0,0.0,0
0.3369,58,0,0.0771,13649.0,6,0,0,0,1.0,0
0.9475,45,0,0.6912,,4,0,1,0,0.0,0
0.0375,27,0,0.2745,3236.0,16,0,1,0,1.0,0
0.4801,31,0,0.3325,2500.0,2,0,1,0,2.0,0
0.4771,41,0,0.4171,,8,0,1,0,1.0,0
1.6964,32,4,0.4489,3426.0,8,0,0,1,1.0,0
0.2946,51,1,0.3921,5154.0,5,0,2,1,0.0,0
1.1598,41,0,0.8273,3518.0,11,0,2,0,2.0,0
7.6642,34,0,0.5551,1837.0,9,0,1,0,0.0,1
0.3196,32,0,0.2558,,9,0,1,0,1.0,0
0.0386,30,0,0.2871,4234.0,4,0,2,0,0.0,0
0.5487,51,0,0.5429,2465.0,10,0,1,0,0.0,0
0.9353,42,0,0.1322,,10,0,2,0,0.0,0
1.2995,52,0,0.282,,7,0,1,0,1.0,0
0.2885,51,0,0.657,,10,0,2,0,1.0,0
0.0808,49,0,0.3385,7204.0,8,0,2,0,0.0,0
0.7873,61,0,0.5803,,7,0,0,0,1.0,0
0.085,31,0,0.9906,,8,0,0,0,1.0,0
0.4627,61,0,0.0378,3024.0,7,0,1,0,2.0,1
0.1261,57,0,0.4494,,9,0,0,0,2.0,0
0.3722,49,1,0.8216,7856.0,8,0,0,0,1.0,0
0.5381,41,0,0.3093,4444.0,7,0,2,0,0.0,0
1.836,53,0,0.5167,2725.0,6,0,1,0,1.0,0
0.1257,58,0,0.3326,5484.0,3,0,2,0,0.0,1
0.3638,32,0,0.6933,7211.0,14,2,1,1,,0
0.3083,61,0,0.323,6903.0,3,0,0,0,2.0,0
1.6227,76,0,0.2192,9224.0,7,0,0,0,2.0,0
0.0957,51,0,0.4225,6323.0,16,0,0,0,1.0,0
0.0497,70,0,0.0486,4231.0,7,0,2,0,1.0,0
1.6354,59,0,0.5882,5213.0,7,0,0,0,0.0,0
0.1415,56,0,0.4984,2747.0,10,0,0,0,0.0,0
0.4118,42,0,0.4241,3488.0,9,0,1,0,2.0,0
0.5011,47,0,0.9915,9914.0,10,0,2,0,1.0,0
0.8255,38,1,0.5067,7903.0,8,0,3,0,2.0,0
0.2178,65,0,0.4017,9053.0,9,0,2,0,0.0,0
0.4337,42,0,0.4588,3796.0,10,0,1,0,3.0,0
0.3185,77,0,0.7523,5172.0,6,0,0,0,2.0,0
0.4385,58,2,0.1372,3248.0,7,0,3,0,0.0,0
0.1806,58,0,0.4865,5819.0,4,0,1,0,2.0,0
0.3027,33,1,1.2986,11946.0,10,1,0,0,0.0,0
1.0889,61,0,0.1869,,9,0,0,0,0.0,0
0.6807,49,0,0.831,4360.0,7,0,2,0,1.0,0
0.5307,44,0,0.4274,10445.0,10,0,1,0,0.0,0
3.3994,43,1,1.0863,,8,1,1,0,1.0,0
3.0504,35,1,0.1868,4650.0,7,0,0,0,1.0,0
0.2593,52,0,0.859,,12,0,2,0,0.0,0
0.0393,50,0,0.322,5526.0,8,0,0,0,3.0,0
0.1366,34,0,0.3669,5171.0,14,0,0,0,1.0,0
0.054,59,0,0.2641,6728.0,10,0,2,0,1.0,0
1.9221,82,0,0.5699,15002.0,7,0,1,0,2.0,0
0.1057,32,1,0.468,7205.0,10,0,1,0,,0
0.197,50,0,0.3363,2356.0,11,0,0,0,1.0,0
3.9849,75,0,0.6105,10927.0,9,0,0,0,0.0,0
4.7169,41,0,0.676,8600.0,7,0,1,0,1.0,0
0.5056,58,0,0.2777,6784.0,15,0,0,0,0.0,0
1.3644,57,5,0.1934,,7,0,0,0,1.0,0
0.0745,61,0,0.5524,5411.0,8,0,0,0,1.0,0
0.2966,78,0,0.4865,,11,0,1,0,0.0,0
0.5183,27,0,0.1589,2152.0,12,0,0,0,0.0,0
0.4647,55,0,0.8463,3830.0,7,0,0,0,0.0,0
0.4628,45,0,0.6954,3397.0,3,0,3,0,1.0,0
0.137,51,0,0.2404,3768.0,6,0,0,0,2.0,0
0.0701,53,0,0.201,4774.0,5,0,1,0,2.0,0
0.2979,48,0,0.5008,6541.0,6,0,0,0,0.0,0
0.6015,37,0,0.7552,3175.0,10,0,0,0,1.0,0
0.0716,38,0,0.2745,877.0,7,0,1,0,2.0,0
4.7378,82,0,0.1647,7498.0,8,0,0,0,0.0,0
0.1494,33,0,0.5399,13907.0,10,0,1,0,0.0,0
9.0218,69,0,0.248,,8,0,2,0,0.0,0
0.2486,38,0,0.069,9614.0,10,0,2,0,1.0,0
0.7279,53,0,0.8509,3824.0,7,0,0,0,0.0,1
0.6529,80,0,0.0678,11435.0,10,0,0,0,1.0,0
1.7106,63,0,0.1064,8804.0,10,0,1,0,1.0,0
0.5672,32,0,0.5327,9566.0,5,0,1,0,0.0,0
0.0438,47,0,0.4638,11702.0,6,0,1,0,0.0,0
0.3333,52,0,0.4579,9655.0,9,0,0,0,2.0,0
0.2887,66,0,0.1825,4371.0,14,0,1,0,1.0,0
0.9053,53,0,0.6069,5557.0,8,0,3,3,0.0,0
0.0207,50,0,0.7456,4952.0,10,0,4,0,2.0,0
0.8365,76,0,0.8756,,7,0,0,0,1.0,0
0.0932,74,0,0.2324,2925.0,12,0,0,0,3.0,0
2.868,62,0,0.2192,3869.0,6,0,1,0,0.0,0
0.1872,43,0,0.7652,11271.0,9,0,0,0,0.0,0
0.4278,21,0,0.4574,2916.0,5,0,1,0,0.0,0
1.2058,34,0,0.6438,7263.0,7,0,0,0,1.0,0
0.1938,30,0,0.345,7425.0,10,0,2,0,1.0,0
0.2093,51,0,0.6369,2466.0,5,0,1,0,0.0,0
0.813,65,1,0.3562,5932.0,12,0,0,1,1.0,0
0.237,80,0,0.1739,4413.0,4,0,0,0,1.0,0
1.375,70,0,0.4568,9189.0,9,0,1,0,1.0,0
0.011,42,0,0.5531,16203.0,9,0,1,0,0.0,0
2.9952,56,1,0.3769,3046.0,9,2,1,1,0.0,0
1.4475,58,0,1.0277,3261.0,5,0,1,0,3.0,0
0.0371,30,0,0.4614,,7,0,0,0,3.0,0
0.0074,40,0,0.5285,3237.0,8,0,0,0,0.0,0
1.4335,46,0,0.4277,16047.0,3,0,0,0,0.0,0
0.1526,82,0,0.1863,2326.0,7,0,0,0,0.0,0
0.4722,57,0,0.6273,2655.0,6,0,0,0,1.0,0
0.2417,34,0,0.431,8609.0,3,0,3,0,0.0,0
4.8174,46,0,0.0661,10438.0,8,0,5,0,1.0,0
0.5241,58,0,1.0381,,5,0,1,0,0.0,0
2.7496,48,1,0.2537,11053.0,6,1,0,2,1.0,0
0.1938,47,0,0.3291,4468.0,7,0,0,0,1.0,0
0.7125,62,0,0.0715,5251.0,15,0,1,0,2.0,0
0.076,72,2,0.2816,9975.0,7,0,0,1,0.0,0
0.1088,69,0,0.2769,4275.0,6,0,1,0,0.0,0
1.844,48,0,0.2511,5612.0,7,0,0,0,2.0,0
1.7084,50,0,0.1777,19291.0,7,0,1,0,0.0,0
0.0964,48,0,0.2165,14205.0,4,0,0,0,,0
2.0985,67,0,0.627,,12,0,0,0,,0
0.2297,47,0,0.3009,,7,0,0,0,3.0,0
0.3958,25,0,1.0259,11693.0,11,0,1,0,0.0,0
0.5985,59,0,0.3532,,9,0,1,0,2.0,0
0.079,59,0,0.5764,4766.0,8,0,1,0,1.0,0
3.3843,46,0,0.5082,8540.0,10,0,1,0,0.0,0
0.9878,78,0,0.7858,12923.0,17,0,0,0,0.0,0
0.6024,44,0,0.2173,6674.0,12,0,1,0,2.0,0
1.6883,72,0,0.4709,3529.0,8,0,1,0,0.0,0
0.3147,33,0,0.6796,8389.0,11,0,0,0,0.0,0
0.9153,56,0,0.4334,3978.0,7,0,1,0,0.0,0
0.0725,41,0,0.0635,16663.0,7,0,0,0,0.0,0
0.3268,51,0,0.3678,3998.0,8,0,1,0,2.0,0
0.4527,63,0,0.4265,5435.0,7,0,0,0,0.0,0
0.1799,44,0,0.4368,5611.0,13,0,0,0,3.0,0
0.1137,42,0,0.8403,5013.0,10,0,2,0,0.0,0
3.4026,49,0,0.2903,3699.0,8,0,0,0,0.0,0
0.3373,95,0,0.2229,4402.0,8,0,0,0,0.0,0
0.3699,55,0,0.0906,3026.0,12,0,3,0,0.0,0
1.4377,54,0,0.918,6956.0,15,0,0,0,0.0,0
0.3171,58,0,0.9915,,9,0,3,0,0.0,0
0.1608,28,0,0.7844,2642.0,3,0,1,0,0.0,0
0.3761,65,0,0.2661,17835.0,12,0,1,0,1.0,0
0.0983,62,0,0.3635,3797.0,13,0,1,0,0.0,0
0.4365,27,0,0.7856,12068.0,13,0,0,0,0.0,0
0.1542,86,0,0.4233,1905.0,10,0,0,0,1.0,0
0.4658,52,0,0.8363,15309.0,5,0,0,0,1.0,0
0.7065,36,0,0.1786,6855.0,13,0,1,0,0.0,0
0.2551,56,0,0.6338,6779.0,10,0,2,0,0.0,0
3.5825,39,0,0.3312,1570.0,11,0,1,0,1.0,0
0.1963,29,0,0.92,,9,0,2,0,1.0,0
0.0032,48,0,0.3445,,13,0,2,0,0.0,0
0.2638,49,0,0.7219,9583.0,14,0,2,0,1.0,0
5.8876,30,0,0.4012,,15,0,1,0,0.0,0
0.1193,41,0,0.4195,1792.0,9,0,1,0,0.0,0
0.8813,38,0,0.3502,8736.0,10,0,2,0,0.0,0
0.5785,47,0,0.7062,,8,0,1,0,0.0,0
12.6777,61,0,0.4535,7430.0,12,0,1,0,1.0,0
0.5668,54,0,0.4061,,10,0,1,0,1.0,0
1.9991,52,0,0.2657,3686.0,5,0,1,0,0.0,0
0.036,26,0,0.2275,4540.0,10,0,1,0,1.0,0
0.4007,52,0,0.6725,,10,0,3,0,1.0,0
0.1591,37,0,0.2585,9990.0,9,0,3,0,2.0,0
0.0802,28,0,0.9519,5802.0,7,0,1,0,1.0,0
0.7169,64,0,0.7722,2046.0,7,0,1,0,1.0,0
0.3764,33,0,0.2411,,18,0,1,0,1.0,0
1.0483,53,0,0.5534,7146.0,6,0,2,0,0.0,0
0.052,45,0,0.3554,12275.0,7,0,3,0,2.0,0
2.9515,39,3,0.3262,,9,0,0,1,0.0,0
0.1228,69,0,0.098,14721.0,11,0,1,0,2.0,0
0.303,44,0,0.2968,6705.0,6,0,1,0,,0
0.6682,45,0,0.0802,14970.0,11,0,2,0,1.0,0
0.6309,42,0,0.8415,,10,0,2,0,1.0,0
0.8951,54,0,0.144,10888.0,4,0,0,0,1.0,0
0.6944,50,0,0.563,11333.0,6,0,2,0,,0
0.1985,42,0,0.503,21372.0,6,0,2,0,2.0,0
0.4374,39,0,0.6008,2178.0,11,0,2,0,2.0,0
0.7202,51,0,0.1123,3197.0,8,0,0,0,3.0,0
0.3251,43,0,0.1705,11503.0,9,0,0,0,0.0,0
0.0377,76,0,0.7298,4353.0,6,0,1,0,1.0,0
0.402,45,0,0.388,6293.0,6,0,1,0,0.0,0
0.2527,57,0,0.6851,,11,0,1,0,1.0,0
1.0836,51,0,0.7736,2711.0,7,0,0,0,0.0,0
0.0084,48,0,0.3324,4276.0,9,0,1,0,1.0,0
0.3496,65,0,0.2772,2181.0,11,0,0,0,0.0,0
0.1627,60,0,0.7171,2296.0,10,0,1,0,1.0,0
0.6333,60,0,0.6044,,7,0,1,0,0.0,0
1.9051,60,0,0.5199,3049.0,5,0,1,0,1.0,0
0.3596,29,0,0.4791,,8,0,2,0,1.0,0
0.1165,58,0,0.8486,4242.0,11,0,1,0,0.0,0
0.1396,49,0,0.2786,9464.0,7,0,4,0,2.0,0
0.3677,45,0,0.1731,13323.0,5,0,0,0,0.0,0
0.0274,95,0,0.3396,3519.0,4,0,1,0,0.0,0
0.3302,31,0,0.8705,9596.0,5,0,3,0,1.0,0
0.1326,51,0,0.2764,1582.0,8,0,0,0,2.0,0
0.2076,50,0,0.2784,,6,0,1,0,,0
3.7655,51,3,0.1672,7169.0,10,0,1,0,2.0,0
0.4968,38,0,0.6062,5790.0,6,0,0,0,0.0,0
0.3166,55,0,0.5958,3596.0,12,0,3,0,0.0,0
0.0742,36,0,0.6049,5131.0,7,0,0,0,0.0,0
0.1896,56,0,0.3327,10504.0,10,0,0,0,1.0,0
0.4779,54,0,0.3114,6780.0,10,0,0,0,1.0,0
0.3248,49,0,0.2089,,5,0,2,0,0.0,0
1.0143,51,0,0.3686,8156.0,9,0,1,0,0.0,0
0.6,74,0,0.0587,5160.0,8,0,1,0,3.0,0
0.0518,60,0,0.2786,8968.0,9,0,1,0,2.0,0
0.3361,54,0,0.4444,3297.0,17,0,1,0,0.0,0
4.5835,58,0,0.2511,4377.0,11,0,1,0,1.0,0
0.7814,53,0,0.5221,5838.0,6,0,0,0,0.0,0
4.3733,60,0,1.0211,4745.0,12,0,0,0,1.0,0
2.1345,44,0,0.5533,5086.0,3,0,3,0,1.0,0
0.0477,83,0,0.7296,8060.0,7,0,3,0,0.0,0
2.9435,55,1,1.1238,5347.0,5,0,1,0,1.0,0
0.2074,92,0,0.3051,2758.0,8,0,1,0,0.0,0
0.2345,83,0,0.8377,,8,0,0,0,0.0,0
0.1933,45,0,0.2373,3443.0,1,0,1,0,1.0,0
0.12,55,0,0.1834,10292.0,3,0,0,0,2.0,1
0.3881,57,0,0.3499,,8,0,2,0,2.0,0
0.6089,65,0,0.5227,4843.0,9,0,1,0,0.0,0
7.9496,54,1,0.8648,,4,0,1,2,0.0,0
0.3126,69,0,0.7532,7038.0,5,0,0,0,0.0,0
0.3979,27,0,0.0521,11502.0,13,0,2,0,0.0,0
0.5419,43,0,1.7103,5852.0,6,0,1,0,2.0,0
7.6913,49,0,0.2631,,3,1,3,0,0.0,0
0.2948,43,0,0.6335,12227.0,9,0,1,0,0.0,0
0.1784,28,0,0.6366,,11,0,1,0,2.0,0
0.6556,64,0,0.2541,7856.0,10,0,1,0,,0
0.2537,37,0,0.1646,,11,0,0,0,2.0,0
0.0178,43,0,0.1625,1784.0,13,0,0,0,1.0,0
1.1439,63,0,0.3361,3847.0,4,0,1,0,2.0,0
2.3783,69,0,0.4309,23502.0,8,0,0,0,0.0,0
0.6384,44,0,0.3827,,8,0,2,0,0.0,0
0.0251,37,0,0.4382,3147.0,10,0,1,0,0.0,0
0.5343,41,0,0.6959,,8,0,2,0,0.0,0
2.7332,68,0,0.3238,10043.0,6,0,2,0,0.0,0
0.3565,68,0,0.2566,5830.0,13,0,0,0,0.0,0
0.1522,57,0,0.396,2072.0,10,0,1,0,1.0,0
0.0585,55,0,0.4169,7563.0,4,0,0,0,0.0,0
0.2053,34,0,0.2447,9951.0,5,0,1,0,1.0,0
2.7329,59,0,0.4083,3629.0,9,2,1,0,1.0,0
3.0151,63,0,0.936,,9,0,0,0,0.0,1
0.2861,54,0,0.3504,3109.0,3,0,1,0,0.0,0
1.0158,55,0,0.5831,9607.0,3,0,2,0,0.0,0
1.6122,38,1,0.3369,5766.0,5,0,1,1,1.0,0
0.5748,68,0,0.2211,,2,0,2,0,0.0,0
0.3385,33,0,0.1844,3188.0,4,0,1,0,0.0,0
0.6323,52,0,0.3981,1265.0,2,0,0,0,0.0,0
0.6089,58,0,0.098,13410.0,1,0,1,0,2.0,0
0.1056,68,0,0.1427,8948.0,12,0,0,0,0.0,0
0.3975,67,0,0.4814,,7,0,1,0,1.0,0
0.5066,68,0,0.1327,,11,0,3,0,0.0,0
0.2569,48,0,0.2951,,2,0,3,0,2.0,0
0.6097,85,0,0.9787,8556.0,10,0,3,0,1.0,0
0.9462,67,0,0.3093,6451.0,8,0,0,1,2.0,0
0.4251,47,0,0.5803,12155.0,5,0,1,0,1.0,0
0.1304,48,0,0.2836,3645.0,9,0,0,0,0.0,0
3.4218,63,0,0.457,4809.0,6,0,1,0,0.0,0
0.6567,45,0,0.1318,,8,0,1,0,1.0,0
0.2656,34,0,0.1778,4521.0,7,0,3,0,2.0,0
0.2763,53,0,0.4014,7038.0,8,0,1,0,0.0,0
0.0938,21,0,0.2557,6349.0,4,0,0,0,0.0,0
0.3446,57,1,0.7088,2074.0,7,0,0,0,3.0,0
0.9214,61,0,0.2244,9257.0,8,0,0,0,1.0,0
0.3522,48,0,0.1026,,6,0,0,0,2.0,0
0.6114,68,0,0.9886,3228.0,11,0,2,0,0.0,1
2.5994,64,0,0.379,9041.0,9,0,3,0,1.0,0
0.9706,38,0,0.5284,4920.0,13,0,0,0,2.0,0
0.2037,53,0,0.2299,14741.0,3,0,2,0,2.0,0
0.6974,45,0,0.5526,7639.0,4,0,2,0,1.0,0
0.5589,47,0,0.1369,12707.0,8,0,2,0,0.0,0
0.1322,68,0,1.0099,7486.0,9,0,1,0,1.0,0
1.2223,61,0,0.4423,8822.0,5,0,2,0,0.0,0
0.1691,42,0,1.1355,,5,0,1,0,1.0,0
1.9269,55,0,0.3769,8787.0,7,0,2,0,1.0,0
0.1613,41,0,0.3929,5271.0,6,0,1,0,0.0,0
1.3831,45,0,0.3916,4039.0,5,0,0,0,2.0,0
0.2384,74,0,0.922,6096.0,5,0,0,0,0.0,0
0.0968,88,0,0.2115,,5,0,0,0,0.0,0
0.474,77,0,0.5925,4120.0,13,0,1,0,0.0,0
3.3351,56,0,0.3849,2600.0,7,0,0,0,0.0,0
0.0955,55,0,0.5869,4034.0,8,0,0,0,2.0,0
0.1184,66,0,0.3469,5646.0,5,0,3,0,1.0,0
0.0294,53,0,0.9773,3553.0,7,0,1,0,1.0,0
0.1957,32,0,0.705,,10,0,1,0,0.0,0
1.536,77,4,0.3057,8824.0,7,3,1,1,1.0,0
0.5523,35,0,0.4208,3683.0,9,0,3,0,1.0,0
0.3427,69,0,0.8301,,8,0,1,0,0.0,0
0.4506,63,0,0.2135,,5,0,0,0,1.0,0
0.3082,78,0,0.1033,4480.0,17,0,0,0,0.0,0
0.0691,64,0,0.6998,8005.0,9,0,1,0,2.0,0
0.343,44,0,0.0368,3409.0,7,0,2,0,3.0,0
0.5568,67,0,0.0504,,6,0,2,0,0.0,0
0.587,47,0,0.7935,5241.0,4,0,2,0,0.0,0
0.4655,38,0,0.5551,6197.0,4,0,2,0,1.0,0
0.4964,26,0,0.578,,4,0,1,0,1.0,1
0.4808,50,0,0.4691,3086.0,8,0,1,0,0.0,0
0.6295,28,0,0.8139,,13,0,0,0,2.0,0
0.2052,72,0,0.8995,11752.0,5,0,0,0,1.0,0
0.0373,30,0,0.9009,7357.0,7,0,2,0,0.0,0
0.4517,47,0,0.3042,,4,0,2,0,0.0,0
0.8913,47,0,0.5433,6253.0,6,0,1,0,1.0,0
0.159,54,0,0.2652,4157.0,8,0,2,0,2.0,0
0.3121,40,0,0.374,7367.0,8,0,1,0,1.0,0
0.5887,68,0,0.9316,9299.0,10,0,1,0,3.0,0
0.6565,54,0,0.3141,3175.0,12,0,2,0,1.0,0
0.7078,52,0,0.7176,8357.0,7,0,0,0,0.0,0
0.2121,43,0,0.451,10062.0,8,0,1,0,1.0,0
0.7089,60,0,0.5343,7188.0,6,0,2,0,0.0,0
0.7261,72,2,0.6868,6102.0,9,1,0,0,0.0,0
0.2636,90,0,0.3772,,6,0,2,0,0.0,0
0.0895,39,0,0.1766,,15,0,1,0,1.0,0
5.1978,50,0,0.3255,2529.0,7,0,0,0,1.0,0
0.7503,25,0,0.1981,2218.0,4,0,2,0,0.0,0
2.0758,62,0,0.6513,,4,0,2,0,0.0,0
0.1813,33,0,0.1642,,7,0,2,0,1.0,0
0.0536,56,0,0.8711,,8,0,0,0,0.0,0
0.2772,69,0,0.2945,5599.0,8,0,1,0,0.0,0
0.035,46,0,0.4235,10615.0,9,0,0,0,0.0,0
4.6012,39,0,0.0539,8927.0,7,0,1,0,1.0,0
0.7564,70,0,0.0951,3188.0,8,0,0,0,0.0,0
0.6085,62,0,0.3999,2459.0,5,0,2,0,,0
0.1897,36,0,0.0848,,10,0,0,0,4.0,0
0.3665,54,0,0.3932,,8,0,2,0,0.0,0
0.3821,40,0,0.9378,10033.0,6,0,0,0,1.0,0
0.5851,67,0,0.3367,6380.0,7,0,0,0,3.0,0
0.5861,54,0,0.1927,11768.0,11,0,2,0,0.0,0
0.833,73,0,0.0973,,5,0,1,0,1.0,1
0.8185,39,0,0.3527,10085.0,6,0,1,0,0.0,0
0.7815,55,0,0.2971,,10,0,1,0,1.0,0
0.3677,52,0,0.5577,12205.0,9,0,2,0,1.0,0
0.0575,56,2,0.6301,,10,0,2,0,0.0,0
0.4353,44,0,0.1511,6683.0,10,0,1,0,1.0,0
0.3879,21,0,0.269,9482.0,6,0,0,0,1.0,0
0.0243,62,0,0.2943,4271.0,7,0,2,0,0.0,0
0.1231,53,0,0.3177,7658.0,7,0,3,0,0.0,0
0.172,40,0,0.9339,4743.0,9,0,1,0,0.0,0
0.0435,45,0,0.1174,7900.0,5,0,0,0,2.0,0
0.706,36,0,0.4359,7474.0,4,0,0,0,3.0,0
0.2707,26,0,0.2693,,10,0,0,0,3.0,0
2.9014,67,0,0.5301,,13,0,2,0,1.0,0
0.1587,60,0,0.5603,7633.0,10,0,0,0,2.0,0
0.2429,33,0,0.441,,7,0,0,0,,0
2.046,87,0,0.141,7408.0,5,0,1,0,0.0,0
1.4979,36,0,0.2796,5233.0,11,0,1,0,0.0,1
0.128,62,1,0.5059,2734.0,5,1,0,0,3.0,0
0.4383,52,0,0.5412,2588.0,7,0,3,0,3.0,0
0.5019,34,0,0.8145,2025.0,9,0,1,0,1.0,0
0.1515,57,0,0.6138,3303.0,14,0,0,0,0.0,0
0.3274,49,0,0.9791,12590.0,9,0,1,0,2.0,0
5.8527,43,0,0.0498,3887.0,8,0,2,0,1.0,0
0.431,70,0,0.3278,,15,0,2,0,0.0,0
0.4865,61,0,0.5522,5306.0,8,0,2,0,1.0,0
0.1315,62,0,0.822,9073.0,4,0,3,0,2.0,0
0.2316,49,0,0.3736,,6,0,0,0,2.0,0
3.6695,57,0,0.4664,3259.0,7,0,2,0,0.0,1
0.4882,52,0,0.4149,5464.0,7,0,1,0,1.0,0
0.0256,59,0,1.1304,6163.0,12,0,0,0,0.0,0
0.1815,38,0,0.3097,,11,0,1,0,0.0,0
0.0325,21,0,1.4339,10311.0,13,0,1,0,2.0,0
0.3538,71,0,1.0024,,9,0,1,0,0.0,0
0.2375,52,0,0.483,1545.0,8,0,2,0,2.0,0
3.863,60,0,0.61,5557.0,7,0,0,0,0.0,0
2.6179,42,0,0.4423,5365.0,11,0,2,0,0.0,0
0.2948,49,0,0.6945,6770.0,5,0,1,0,4.0,0
0.2831,73,0,0.6175,5223.0,8,0,1,0,1.0,0
0.6621,57,0,0.6085,3732.0,6,0,1,0,1.0,0
0.4962,83,0,1.12,12321.0,5,0,0,0,1.0,0
0.1492,64,0,0.8831,5243.0,7,0,2,0,0.0,0
0.359,43,0,0.4066,9757.0,4,0,4,0,1.0,0
0.0635,58,0,1.3555,8268.0,8,0,1,0,2.0,0
2.6705,76,0,0.3405,13744.0,8,0,1,0,1.0,1
0.8197,55,0,0.5486,,10,0,0,0,0.0,0
0.0916,61,0,0.3248,,5,0,1,0,4.0,0
0.2798,72,0,1.0438,11799.0,4,0,0,0,1.0,0
0.4619,21,0,0.6964,13569.0,6,0,0,0,2.0,0
0.7804,62,0,0.5223,4825.0,8,0,1,0,1.0,0
0.8839,71,0,0.6352,,8,0,0,0,0.0,0
0.243,41,0,0.7481,,12,0,0,0,0.0,0
0.6551,67,1,0.145,4042.0,4,0,1,0,1.0,0
0.1441,52,0,0.3591,,13,0,2,0,1.0,0
0.0183,28,0,0.6845,3410.0,8,0,3,0,2.0,0
0.3177,63,0,0.2865,6545.0,6,0,0,0,0.0,0
0.1387,52,1,0.8891,13645.0,5,0,1,1,1.0,0
0.5518,51,0,0.1799,6994.0,13,0,1,0,2.0,0
0.4606,61,0,0.8782,6714.0,9,0,3,0,1.0,1
0.0695,39,0,0.0823,1508.0,5,0,1,0,1.0,0
0.2653,63,0,0.5236,4526.0,7,0,3,0,0.0,0
0.252,39,0,0.3447,5167.0,9,0,2,0,0.0,0
0.0392,73,0,0.9546,5010.0,12,0,0,0,1.0,0
0.5887,68,0,0.4116,16173.0,8,0,2,0,0.0,0
0.7932,74,2,0.2794,5719.0,11,0,0,0,1.0,0
0.2997,58,0,0.4736,2476.0,6,0,0,0,0.0,0
0.4584,46,0,0.5041,14941.0,5,0,3,0,1.0,0
2.9766,42,0,0.3684,2543.0,8,0,1,0,0.0,0
3.8624,41,0,0.6515,,13,0,0,0,2.0,0
0.2962,50,0,0.6069,4844.0,8,0,1,0,0.0,0
1.1077,42,0,0.1609,9267.0,7,0,2,0,1.0,0
0.1052,57,0,0.6678,4105.0,4,0,1,0,1.0,0
0.4466,41,0,0.4227,1181.0,6,0,0,0,2.0,0
1.364,43,0,0.5,17145.0,8,0,1,0,1.0,0
0.2028,47,0,0.5439,,5,0,2,0,1.0,0
0.5536,41,0,0.6158,8935.0,7,0,0,0,0.0,0
0.2482,47,0,0.4866,9025.0,14,0,0,0,2.0,0
0.692,60,0,0.3388,8278.0,10,0,1,0,0.0,0
0.4658,40,0,0.0538,10657.0,9,0,1,0,0.0,0
0.936,35,0,0.3212,3219.0,8,0,0,0,0.0,0
0.6504,50,0,0.4843,16408.0,10,0,2,0,0.0,0
1.0192,36,0,0.5231,3038.0,9,0,0,0,2.0,0
0.6377,71,0,0.9679,10707.0,8,0,0,0,1.0,0
2.0462,42,0,0.7016,4005.0,4,0,0,0,,0
3.6443,53,0,0.5465,3228.0,12,0,0,0,1.0,0
0.5322,58,0,0.6179,6890.0,8,0,1,0,0.0,0
0.3229,34,0,0.6309,7574.0,12,0,2,0,0.0,0
0.1587,40,0,0.3681,,10,0,0,0,1.0,0
0.5824,43,0,0.7681,6933.0,1,0,2,0,1.0,0
3.0354,63,0,0.7195,9983.0,8,0,2,0,0.0,0
0.2299,78,0,0.8405,4013.0,14,0,1,0,1.0,0
0.1616,78,0,0.5297,7099.0,6,0,1,0,1.0,0
0.0281,70,0,0.1696,5651.0,12,0,0,0,1.0,1
0.4559,35,0,0.5638,20100.0,10,0,1,0,3.0,0
0.3475,40,0,0.086,,4,0,0,0,2.0,0
0.7608,71,0,0.3376,2061.0,11,0,3,0,0.0,0
0.3943,73,0,0.8957,12022.0,9,0,0,0,1.0,0
0.1763,63,0,0.5362,,7,0,0,0,0.0,0
0.2908,63,0,0.5019,6748.0,5,0,0,0,1.0,0
0.3098,46,0,0.4544,,11,0,1,0,0.0,0
0.2367,76,0,0.4854,2600.0,7,0,2,0,0.0,0
0.7843,42,0,0.3506,9323.0,5,0,1,0,0.0,0
0.6752,29,0,0.5835,,8,0,0,0,0.0,1
0.8032,63,0,0.3681,9758.0,9,0,2,0,0.0,0
3.9272,44,0,0.3666,3207.0,4,0,2,0,1.0,0
0.6625,34,1,0.6973,1625.0,8,0,1,0,3.0,0
0.1054,64,0,0.3275,24616.0,13,0,1,0,2.0,0
0.4607,26,0,1.2292,5009.0,11,0,0,0,0.0,1
0.4266,58,0,0.4678,7320.0,7,0,2,0,1.0,0
0.1831,46,0,0.2763,2013.0,7,0,1,0,0.0,0
0.5131,74,0,0.2911,3474.0,5,0,1,0,1.0,0
0.151,58,0,0.014,6691.0,6,0,0,0,1.0,0
0.5932,67,0,0.4039,,9,0,3,0,2.0,0
0.1876,37,0,0.3148,,10,0,0,0,1.0,0
0.2074,28,0,0.5799,13427.0,6,0,1,0,2.0,0
0.4577,47,0,1.3156,7454.0,3,0,0,0,0.0,0
0.234,61,0,1.2385,,10,0,1,0,0.0,0
0.2634,53,0,0.3062,,9,0,0,0,1.0,0
0.4245,68,0,0.8778,,9,0,1,0,,0
2.532,60,1,0.6808,7727.0,8,0,1,0,1.0,0
7.0397,37,0,0.6418,7251.0,9,0,1,0,2.0,0
0.6196,59,0,0.0776,3495.0,6,0,0,0,4.0,0
0.0518,54,2,0.8605,9064.0,7,0,0,0,2.0,0
0.1274,70,0,0.3188,5552.0,9,0,0,0,0.0,0
0.1639,39,0,0.4136,,10,0,2,0,,0
1.6094,43,0,0.7865,4144.0,8,0,0,0,1.0,1
0.9302,58,0,0.7761,3112.0,10,0,0,0,1.0,1
0.7581,72,0,0.6156,2207.0,6,0,0,0,1.0,1
0.0538,49,0,0.1641,11555.0,10,0,0,0,2.0,0
0.5465,60,0,0.7046,3910.0,9,0,1,0,0.0,0
0.811,52,0,0.2551,2514.0,8,0,1,0,1.0,0
0.1565,51,0,0.3391,,6,0,0,0,1.0,0
0.668,68,0,0.5525,8393.0,13,0,0,0,1.0,0
0.4355,54,0,0.6033,3719.0,4,0,1,0,0.0,1
0.609,46,1,0.8465,4177.0,5,0,1,1,0.0,0
0.2742,45,0,0.6244,9074.0,9,0,1,0,1.0,0
0.192,48,0,0.8047,,6,0,0,0,0.0,0
0.3373,42,0,0.6049,4059.0,10,0,1,0,3.0,0
0.8017,49,0,0.6348,6976.0,8,0,0,0,0.0,0
0.8013,53,0,0.7136,4116.0,9,0,0,0,0.0,0
0.1887,56,0,0.4815,4402.0,12,0,3,0,1.0,0
0.3229,38,0,0.3512,11120.0,7,0,0,0,1.0,0
0.5539,46,0,0.2174,12957.0,8,0,0,0,1.0,0
0.6446,47,0,0.7622,6381.0,6,0,2,0,0.0,0
0.5763,41,0,0.4833,4986.0,8,0,3,0,1.0,0
0.2992,44,0,1.038,,10,0,0,0,0.0,0
0.4738,65,0,0.2111,3502.0,9,0,0,0,2.0,0
0.3551,71,0,0.3254,9760.0,6,0,0,0,0.0,0
0.5973,48,0,0.2861,8230.0,6,0,0,0,1.0,0
0.2265,42,0,0.9793,14186.0,13,0,1,0,0.0,0
0.3755,51,0,0.1724,9632.0,8,0,2,0,1.0,0
0.4204,53,0,0.4801,7849.0,11,0,1,0,1.0,0
0.5299,62,0,0.3916,13787.0,5,0,1,0,0.0,0
0.3449,46,3,0.3587,6775.0,7,1,0,0,0.0,0
0.1309,44,0,0.1545,3834.0,12,0,0,0,1.0,0
0.5555,86,0,0.1005,,8,0,3,0,1.0,0
2.9947,34,0,0.4427,2461.0,10,0,1,0,3.0,0
0.3396,65,0,0.1744,3850.0,10,0,1,0,1.0,0
0.2664,73,0,0.6649,,8,0,1,0,0.0,0
0.4776,48,0,1.0008,6902.0,5,0,2,0,1.0,0
0.0231,58,0,0.6264,5523.0,9,0,1,0,1.0,0
0.6107,29,0,0.2145,10701.0,10,0,0,0,0.0,0
0.1083,52,0,0.3015,2302.0,3,0,0,0,0.0,0
0.3583,68,0,0.0318,,8,0,0,0,0.0,0
0.0868,54,1,0.3833,6311.0,12,0,1,1,0.0,0
0.676,53,0,0.0917,,7,0,1,0,1.0,0
5.3492,76,0,0.4182,3208.0,7,0,0,0,2.0,0
0.4186,63,0,0.3821,7165.0,11,0,2,0,1.0,0
0.2737,62,0,0.7601,2490.0,7,0,1,0,0.0,0
0.9641,41,0,0.716,2785.0,8,0,0,0,0.0,0
3.9454,21,0,0.9199,11503.0,6,0,4,0,0.0,0
3.7109,57,0,0.2749,,7,0,1,0,3.0,0
0.6263,52,0,0.5017,2072.0,12,0,1,0,0.0,1
0.0213,63,0,0.4547,,10,0,0,0,1.0,0
0.0046,54,0,0.4289,5982.0,15,0,1,0,1.0,0
0.4222,53,0,1.0655,2756.0,10,0,1,0,2.0,0
0.4542,52,0,0.1568,5082.0,6,0,0,0,1.0,0
0.6419,36,0,0.8488,4736.0,10,0,0,0,0.0,0
0.2104,26,0,0.2165,7001.0,7,0,0,0,3.0,0
0.0848,40,0,0.419,,9,0,1,0,2.0,0
0.021,37,0,0.3535,7001.0,8,0,0,0,1.0,0
2.0276,51,0,0.4135,19285.0,10,0,2,0,2.0,1
0.8822,29,0,0.3527,,6,0,0,0,,0
0.4632,45,0,0.12,6839.0,8,0,2,0,0.0,0
0.5006,79,0,0.1492,,11,0,0,0,0.0,0
1.3395,51,0,0.6528,5269.0,5,0,0,0,3.0,0
0.0138,53,0,0.1341,4397.0,6,0,2,0,2.0,0
0.3019,52,0,0.2361,18162.0,6,0,1,0,1.0,0
0.3372,55,0,0.7287,10644.0,10,0,2,0,2.0,0
0.1378,45,0,0.6584,,9,0,1,0,0.0,0
0.4479,50,0,0.3163,,8,0,1,0,1.0,0
0.6965,44,0,0.5896,5644.0,3,0,1,0,1.0,0
0.3772,31,0,0.5263,6621.0,11,0,1,0,0.0,0
0.7469,68,0,0.2973,12974.0,8,0,1,0,1.0,0
0.0768,40,3,1.0198,,11,1,1,1,0.0,0
0.0824,74,0,0.4151,18159.0,7,0,0,0,1.0,0
0.9032,41,0,0.1731,4096.0,8,0,0,0,1.0,0
0.7561,33,0,0.3072,11828.0,7,0,1,0,1.0,0
0.9062,79,0,0.4987,5999.0,8,0,1,0,0.0,0
0.3528,31,0,0.5411,8120.0,6,0,0,0,1.0,0
0.2901,21,0,0.1208,1529.0,11,0,0,0,0.0,0
4.2644,32,0,0.2556,6549.0,6,0,0,0,2.0,0
0.0067,50,0,1.0721,13422.0,7,0,5,0,1.0,0
0.2343,33,0,0.6,2398.0,7,0,1,0,4.0,0
0.9023,44,0,0.6878,1959.0,11,0,2,0,0.0,0
0.0142,24,0,0.6221,8191.0,7,0,1,0,0.0,0
0.2551,67,0,0.6695,3988.0,11,0,1,0,0.0,0
0.237,58,0,0.2885,8127.0,6,0,1,0,1.0,0
0.04,34,0,0.7499,5080.0,14,0,2,0,2.0,0
0.615,21,1,0.284,,9,0,3,0,2.0,0
5.9277,39,0,0.4394,,6,0,2,0,0.0,0
2.8216,61,0,0.8952,6421.0,8,0,0,0,0.0,0
1.2124,67,0,0.9165,10164.0,15,0,0,0,0.0,0
0.6158,49,0,0.6299,3289.0,4,0,1,0,1.0,0
0.6643,45,0,0.622,,9,0,2,0,0.0,0
0.3845,44,0,0.7512,3991.0,8,0,2,0,3.0,0
0.1742,56,0,0.1279,1685.0,8,0,2,0,0.0,0
1.2299,64,0,0.7429,3378.0,9,0,0,0,2.0,0
1.0063,50,0,0.4517,7645.0,7,0,3,0,2.0,0
0.2311,47,0,0.4655,,8,0,0,0,0.0,0
0.7572,63,0,0.2282,22108.0,4,0,0,0,0.0,0
1.9157,73,0,0.1423,8138.0,10,0,1,0,1.0,0
0.2578,48,0,0.6051,7409.0,8,0,0,0,0.0,0
0.3397,53,0,0.0969,1752.0,8,0,0,0,0.0,0
3.2084,41,0,0.1972,,10,0,0,0,0.0,0
0.4192,53,0,0.6995,7726.0,10,0,2,0,0.0,0
0.0945,39,0,0.1975,9049.0,5,0,1,0,0.0,0
7.5227,72,1,0.606,6927.0,9,0,2,0,2.0,0
0.3361,64,0,0.384,7253.0,7,0,2,0,1.0,0
0.82,76,0,0.2611,10062.0,9,0,0,0,0.0,0
0.5255,44,0,0.6103,7651.0,7,0,0,0,2.0,0
0.1801,81,0,1.0362,4811.0,13,0,0,0,0.0,0
0.2911,55,0,0.7484,9146.0,9,0,2,0,0.0,0
0.1953,50,0,0.4127,3205.0,8,0,2,0,0.0,0
0.0332,70,0,0.1814,4283.0,12,0,0,0,2.0,0
0.5314,38,1,0.4048,5449.0,4,0,4,0,2.0,0
0.4872,52,0,0.91,1938.0,12,0,1,0,1.0,0
0.5666,50,0,0.6512,20601.0,5,0,0,0,0.0,0
0.007,58,0,0.756,5187.0,12,0,1,0,0.0,0
0.4917,46,0,0.0496,2625.0,9,0,0,0,0.0,0
0.3783,44,0,0.6138,,8,0,1,0,1.0,0
2.9203,47,0,0.6732,11690.0,6,0,0,0,1.0,0
0.6395,48,0,0.5891,22764.0,6,0,1,0,1.0,0
0.3437,53,0,0.1907,4297.0,5,0,1,0,1.0,0
0.7591,70,0,0.2578,,5,0,2,0,0.0,1
0.1496,22,0,0.4386,4793.0,8,0,1,0,2.0,0
0.091,63,0,1.0971,4237.0,6,0,1,0,0.0,0
0.139,45,0,0.4474,3853.0,3,0,1,0,0.0,0
0.2916,49,0,0.6674,8732.0,7,0,3,0,1.0,0
0.6651,37,0,0.2735,,10,0,0,0,3.0,0
0.891,53,0,0.3601,6925.0,7,0,2,0,1.0,0
1.9882,47,0,0.5838,2956.0,9,0,0,0,2.0,1
0.1209,49,0,0.1034,4933.0,3,0,1,0,2.0,0
0.5966,60,0,0.589,17517.0,8,0,2,0,1.0,0
0.5453,61,0,0.1441,,7,0,1,0,0.0,0
0.1983,72,0,0.1049,7920.0,6,0,1,0,1.0,0
0.3103,44,0,0.3008,2291.0,7,0,1,0,,0
0.7025,62,0,0.1171,,10,0,1,0,0.0,0
0.4672,61,0,0.0575,13376.0,12,0,1,0,1.0,0
0.13,53,0,1.1853,1880.0,18,0,2,0,0.0,0
0.1635,76,0,0.3955,6485.0,9,0,3,0,1.0,0
0.0837,43,0,0.1886,8717.0,10,0,3,0,0.0,0
0.3364,54,0,0.3805,7860.0,5,0,0,0,0.0,0
0.2786,56,0,0.4449,5354.0,6,0,0,0,0.0,0
0.1628,35,0,0.3724,4733.0,8,0,0,0,1.0,0
3.4002,70,0,0.3673,9393.0,3,0,0,0,0.0,0
0.3544,51,0,0.437,9128.0,8,0,0,0,2.0,0
3.1526,58,0,0.7821,,11,0,3,0,1.0,0
5.5954,74,0,0.5955,3603.0,12,0,0,0,0.0,0
0.6595,55,0,1.0455,5564.0,9,0,1,0,2.0,0
0.5327,53,0,0.0764,6146.0,11,0,0,0,1.0,0
0.178,53,0,0.0393,1444.0,7,0,1,0,2.0,0
0.2239,38,0,0.4944,7945.0,8,0,2,0,0.0,0
4.2582,47,0,1.0242,8339.0,6,0,0,0,0.0,0
0.3002,50,0,0.1719,6862.0,11,0,0,0,1.0,0
0.3244,53,0,0.4052,7944.0,3,0,0,0,3.0,0
0.3323,71,0,0.4498,10973.0,6,0,0,0,0.0,0
0.6926,65,0,0.4617,5273.0,10,0,0,0,0.0,0
0.3106,44,0,0.1767,5129.0,9,0,1,0,2.0,0
0.4115,52,0,0.7353,,6,0,1,0,0.0,0
0.7621,72,0,0.9924,8509.0,8,0,3,0,1.0,0
0.9305,28,0,0.5886,1197.0,8,0,2,0,1.0,0
0.6576,49,0,0.7297,11676.0,9,0,0,0,0.0,0
0.1161,34,0,0.437,,6,0,1,0,1.0,0
0.3546,86,0,0.3211,26141.0,10,0,0,0,1.0,0
0.6088,63,0,0.652,2773.0,8,0,2,0,0.0,0
0.4322,45,0,0.2739,2797.0,6,0,5,0,0.0,0
0.1654,51,0,0.3355,18112.0,6,0,1,0,0.0,0
0.4437,40,0,0.7411,,13,0,0,0,0.0,0
0.1043,80,0,0.3022,3998.0,10,0,0,0,0.0,0
4.4578,21,0,0.5372,4467.0,9,0,2,0,1.0,0
0.8919,57,0,0.5815,23370.0,15,0,0,0,0.0,0
0.6918,51,0,0.7158,4274.0,7,0,1,0,0.0,0
0.4087,38,0,0.6106,6597.0,5,0,1,0,3.0,0
0.0674,48,0,0.0877,,8,0,0,0,1.0,0
0.7053,29,0,0.6509,3161.0,5,0,2,0,0.0,1
0.7785,74,0,0.6989,14370.0,5,0,2,0,1.0,0
0.579,52,0,0.4508,7581.0,8,0,0,0,0.0,0
0.413,65,0,0.441,,5,0,1,0,0.0,0
0.4504,45,0,0.6862,4059.0,10,0,0,0,1.0,0
0.4826,71,0,0.208,,8,0,1,0,4.0,0
0.468,52,0,0.8671,,8,0,1,0,2.0,0
0.5531,67,0,0.8684,2412.0,11,0,0,0,0.0,0
0.1998,60,0,0.1178,6397.0,9,0,1,0,0.0,0
0.48,52,0,0.4743,1533.0,10,0,3,0,0.0,0
0.1595,66,0,0.0577,,7,0,2,0,1.0,0
0.3224,95,0,0.1603,3980.0,6,0,0,0,2.0,0
0.4346,36,0,0.1306,2881.0,8,0,1,0,1.0,0
0.4395,50,0,0.6099,3151.0,9,0,2,0,0.0,0
0.2099,34,0,0.4848,2592.0,11,0,2,0,0.0,0
0.1915,58,1,0.1925,1139.0,6,0,1,1,0.0,0
0.0458,55,0,0.3101,,12,0,0,0,1.0,0
0.0564,79,0,0.595,,9,0,2,0,2.0,0
0.1201,48,0,0.0676,1976.0,12,0,0,0,0.0,0
0.0138,65,0,0.7389,4411.0,6,0,0,0,4.0,0
0.193,23,1,0.8228,,6,1,0,0,0.0,1
0.904,54,0,0.4598,8872.0,3,0,1,0,1.0,0
0.2976,40,2,0.6278,7287.0,4,0,2,0,0.0,0
0.0172,60,0,0.808,,3,0,0,0,3.0,0
0.0007,68,0,0.693,6316.0,5,0,2,0,0.0,0
0.6435,44,0,0.1388,3904.0,6,0,0,0,1.0,0
0.4666,60,0,1.3277,7819.0,2,0,0,0,2.0,0
0.0132,47,0,0.5164,,6,0,0,0,3.0,0
4.0123,53,0,0.566,,11,0,1,0,1.0,1
0.0385,58,0,0.1539,5409.0,10,0,0,0,0.0,0
0.4012,38,0,0.2761,3637.0,10,0,0,0,2.0,0
0.7936,38,2,0.1034,12674.0,4,0,1,0,,0
0.105,64,0,1.0899,,6,0,0,0,0.0,0
0.0798,43,0,0.2138,6745.0,6,0,1,0,0.0,0
0.4224,70,0,0.0676,,6,0,1,0,0.0,0
0.6801,27,0,0.1836,,13,0,5,0,2.0,0
5.4371,65,0,0.1092,,11,0,2,0,0.0,1
0.4884,52,0,0.3362,2468.0,8,0,0,0,0.0,0
0.0267,51,0,0.3158,2211.0,8,0,1,0,0.0,0
1.0531,54,0,0.4195,6084.0,9,0,4,1,0.0,0
0.7884,32,0,0.1509,3309.0,8,0,1,0,0.0,0
0.761,68,0,0.7719,10563.0,7,0,0,0,1.0,0
0.3166,46,0,0.1329,2384.0,9,0,2,0,,0
4.4705,40,0,0.238,6767.0,5,0,5,0,1.0,0
0.1003,82,0,0.2043,4506.0,10,0,1,0,1.0,0
0.7462,47,0,0.5368,4521.0,10,0,1,0,1.0,1
0.3888,40,0,0.9027,8095.0,3,0,1,0,0.0,0
0.7221,63,0,0.6445,3028.0,11,0,1,0,1.0,0
0.2836,56,0,0.5889,5742.0,9,0,0,0,0.0,0
0.5668,66,0,0.5388,10868.0,14,0,1,0,4.0,0
0.648,53,0,0.6193,4228.0,5,0,0,0,0.0,0
4.0383,65,0,0.3212,,8,0,2,0,2.0,0
0.2186,81,0,0.4576,,7,0,1,0,1.0,0
0.1555,41,0,0.1096,3814.0,8,0,1,0,0.0,0
0.4871,46,0,0.4616,4162.0,5,0,3,0,1.0,0
0.5826,30,0,1.0001,6390.0,12,0,0,0,0.0,0
0.0138,57,0,0.1205,4039.0,4,0,2,0,2.0,0
0.8667,54,0,0.7347,5731.0,7,0,3,0,0.0,0
0.1165,70,0,0.3537,7419.0,10,0,3,0,3.0,0
0.0646,52,0,0.8769,4569.0,6,0,1,0,0.0,0
1.5426,51,0,0.8043,12029.0,6,0,1,0,0.0,0
0.0264,55,0,0.4955,7042.0,9,0,0,0,1.0,0
8.9763,49,0,0.2396,16373.0,6,0,0,0,0.0,0
0.7869,57,0,0.6702,11885.0,8,0,0,0,,0
0.1019,55,0,0.5307,3672.0,8,0,1,0,3.0,0
0.4138,60,0,0.7008,6879.0,7,0,0,0,0.0,0
0.3697,49,0,0.3018,6793.0,4,0,0,0,1.0,0
0.3271,60,0,1.3583,11516.0,8,0,0,0,0.0,0
0.219,61,0,0.8065,5012.0,3,0,1,0,0.0,0
0.3455,47,0,0.5423,12210.0,7,0,1,0,0.0,0
0.1897,51,0,0.2362,3183.0,4,0,0,0,3.0,0
1.0509,50,0,0.2903,4195.0,7,0,0,0,2.0,0
0.2311,35,0,0.375,,4,0,4,0,0.0,0
0.3463,45,0,0.893,4530.0,10,0,0,0,6.0,0
0.1001,63,0,0.8713,4013.0,7,0,1,0,0.0,0
0.0463,64,0,0.4986,10569.0,10,0,1,0,3.0,0
0.5425,57,0,0.394,6449.0,10,0,0,0,0.0,0
1.2371,38,0,0.3944,,7,0,1,0,1.0,0
0.7417,66,0,0.1162,11650.0,9,0,1,0,0.0,0
0.2795,78,0,0.2016,3977.0,11,0,0,0,0.0,0
0.1154,60,0,0.619,,10,0,0,0,2.0,0
0.245,52,0,0.2826,4107.0,8,0,1,0,0.0,0
0.4034,40,0,0.5626,4560.0,6,0,0,0,1.0,0
0.4055,52,0,0.6234,6922.0,10,0,3,0,2.0,0
0.0328,45,0,0.4873,9502.0,5,0,0,0,0.0,0
0.4527,49,0,0.6126,6343.0,9,0,0,0,,0
0.406,70,0,0.9214,9348.0,7,0,1,0,1.0,0
0.2381,64,0,1.0916,4930.0,11,0,1,0,0.0,0
0.7515,47,0,0.1071,2490.0,7,0,1,0,0.0,0
7.6025,53,0,0.1763,9093.0,11,0,4,0,1.0,0
0.5537,52,0,0.3734,8069.0,12,0,0,0,,0
0.2914,46,0,0.6063,9763.0,5,0,1,0,0.0,0
0.0513,33,0,0.7316,,13,0,1,0,0.0,0
0.0054,64,0,0.5484,16168.0,7,0,1,0,2.0,0
0.7449,69,0,0.5429,,6,0,0,0,0.0,0
0.6488,43,0,0.1912,3598.0,10,0,0,0,0.0,0
0.1991,43,0,0.7505,4378.0,7,0,1,0,2.0,0
1.4401,65,0,0.3513,16428.0,11,0,2,0,0.0,0
7.4446,43,0,0.4048,,7,0,2,0,0.0,0
0.8941,33,3,0.4766,2401.0,7,2,0,0,0.0,0
0.3783,46,0,0.536,7896.0,8,0,1,0,0.0,0
0.1462,71,0,0.4527,,11,0,2,0,1.0,0
0.5511,45,0,0.6059,2566.0,15,0,1,0,,0
0.7816,43,0,0.1731,6358.0,10,0,0,0,0.0,0
0.9065,45,0,0.2507,2641.0,5,0,0,0,0.0,0
0.1001,36,0,0.4118,3201.0,5,0,0,0,3.0,0
0.172,34,2,0.0269,2582.0,9,1,1,0,2.0,0
0.2221,48,0,0.7028,3232.0,8,0,1,0,0.0,0
0.7959,32,0,0.6705,11888.0,10,0,1,0,0.0,0
0.3966,46,0,0.7516,8686.0,6,0,0,0,0.0,0
0.287,56,0,0.0363,5074.0,12,0,2,0,0.0,0
1.1024,57,0,0.652,,9,0,1,0,1.0,0
0.4259,50,1,0.2013,5944.0,8,0,0,0,0.0,0
0.3237,35,0,0.0455,,2,0,4,0,2.0,0
0.8056,46,0,0.1779,9783.0,7,0,1,0,0.0,0
0.4703,57,0,0.4024,2409.0,10,0,0,0,1.0,0
0.1127,61,0,0.4086,7499.0,8,0,1,0,0.0,0
1.1822,48,0,0.3805,6395.0,9,0,1,0,0.0,0
0.1092,42,0,0.5569,,5,0,1,0,1.0,0
0.354,53,3,0.7072,9552.0,8,0,1,0,2.0,0
0.6389,47,0,0.4145,7078.0,9,0,2,0,1.0,0
0.2123,38,0,0.1038,4765.0,5,0,2,0,4.0,0
0.5834,56,0,0.9291,4158.0,9,0,1,0,0.0,0
0.2749,52,0,0.4818,2116.0,8,0,5,0,2.0,0
0.1985,36,0,0.7701,,8,0,1,0,3.0,0
0.1588,43,0,0.2442,4163.0,15,0,1,0,1.0,0
0.1404,49,0,0.2317,,8,0,0,0,2.0,0
0.7804,31,0,0.2414,9783.0,7,0,1,0,2.0,0
0.0283,42,0,0.1446,,10,0,0,0,0.0,0
0.6083,61,0,0.4946,2912.0,13,0,0,0,0.0,0
0.9447,45,3,0.9297,13680.0,4,0,1,0,0.0,0
0.0049,41,0,0.712,7859.0,14,0,0,0,1.0,0
1.1247,67,1,0.5389,,5,0,1,0,0.0,0
0.0915,57,0,0.5352,10001.0,10,0,1,0,,0
0.6729,62,0,0.2365,,13,0,1,0,1.0,0
0.6965,41,2,0.2057,4048.0,7,0,2,0,1.0,0
0.1295,48,0,0.5467,,5,0,0,0,2.0,0
0.1265,52,0,0.2107,3196.0,8,0,1,0,1.0,0
0.248,55,2,0.087,,6,0,0,1,0.0,0
0.3407,84,0,0.4155,10323.0,10,0,3,0,1.0,0
0.5088,53,0,0.1655,2165.0,9,0,1,0,0.0,0
0.3035,67,0,0.4194,,9,0,0,0,2.0,0
0.2206,84,0,0.3625,3328.0,6,0,1,0,0.0,0
2.8244,76,1,0.6353,5598.0,12,3,0,0,1.0,0
0.0651,54,0,0.0347,6304.0,3,0,1,0,,0
0.474,68,0,0.8852,8635.0,11,0,1,0,0.0,0
0.4502,54,0,1.1652,9614.0,9,0,0,0,0.0,0
0.3465,51,0,0.3078,,12,0,0,0,3.0,0
2.7171,64,0,0.3876,,12,0,1,0,1.0,0
0.495,64,0,0.6907,,6,0,3,0,0.0,0
3.1986,59,0,0.1267,5760.0,11,0,2,0,1.0,0
0.2946,50,0,1.0302,3509.0,6,0,2,0,0.0,0
0.5511,45,1,0.262,3706.0,10,0,1,0,1.0,0
0.0013,35,0,0.4385,,11,0,3,0,0.0,0
0.6532,54,0,0.7078,,7,0,3,0,2.0,0
0.1394,55,0,0.4977,1296.0,9,0,0,0,0.0,0
0.8583,64,0,0.309,13192.0,8,0,1,0,1.0,0
0.2646,32,0,0.7358,4741.0,7,0,1,0,1.0,0
0.1667,53,0,0.5691,15354.0,11,0,2,0,1.0,0
0.0363,49,0,0.245,,5,0,0,0,1.0,0
0.8469,51,0,0.4033,,4,0,1,0,1.0,0
0.763,69,0,0.8678,,9,0,2,0,0.0,1
0.3182,70,0,0.1979,8883.0,9,0,1,0,2.0,0
0.755,66,0,0.2027,1967.0,4,0,0,0,0.0,0
0.6669,53,0,0.3747,5044.0,3,0,1,0,2.0,0
0.1294,49,0,0.5187,4401.0,7,0,2,0,1.0,0
0.4268,69,0,0.4586,2505.0,9,0,0,0,0.0,0
0.3789,76,0,0.5314,,9,0,2,0,0.0,0
1.7339,74,0,0.112,7240.0,4,0,1,0,2.0,0
0.0127,59,2,0.2146,,11,0,2,0,1.0,0
0.1196,53,0,0.3086,,8,0,1,0,1.0,0
0.2142,62,0,0.548,2549.0,14,0,2,0,0.0,0
0.9583,63,0,0.6926,10617.0,11,0,1,0,0.0,0
0.2572,46,0,0.8547,,7,0,1,0,0.0,0
0.3552,49,0,0.4732,6058.0,13,0,1,0,0.0,0
0.5804,95,0,0.5201,27874.0,12,0,1,0,1.0,0
0.1268,46,0,0.5199,,12,0,0,0,1.0,0
0.0258,64,0,0.3356,9769.0,7,0,3,0,1.0,0
0.4652,45,0,0.5228,2119.0,8,0,1,0,2.0,0
0.5832,50,0,0.3622,6236.0,8,0,0,0,0.0,0
0.9232,39,0,0.2118,8184.0,7,0,0,0,1.0,0
0.4667,39,0,0.6149,,9,0,2,0,0.0,0
0.3084,61,0,0.4993,,7,0,1,0,1.0,0
0.2497,59,0,0.617,11420.0,12,0,1,0,0.0,0
0.8956,78,0,0.7021,4137.0,14,0,3,0,1.0,0
0.3313,52,0,0.2079,1697.0,11,0,0,0,,0
0.0548,54,0,0.3499,17598.0,9,0,1,0,1.0,0
0.0667,51,0,0.8759,7643.0,12,0,1,0,0.0,0
0.7401,38,0,0.4267,15578.0,6,0,0,0,2.0,0
0.542,60,0,0.5467,,10,0,1,0,2.0,0
0.4876,50,0,1.1183,7523.0,8,0,0,0,1.0,0
0.1458,32,0,0.2246,6839.0,5,0,3,0,2.0,0
0.2188,68,0,0.4486,10911.0,8,0,1,0,1.0,0
0.1783,44,0,0.1709,2651.0,9,0,2,0,0.0,0
0.2277,57,0,0.685,2192.0,7,0,1,0,1.0,0
0.2418,57,0,0.4486,8307.0,6,0,0,0,0.0,0
0.9688,55,0,0.2808,,6,0,5,0,1.0,0
0.3721,38,0,0.4719,,8,0,0,0,2.0,1
0.1875,72,0,0.6998,,7,0,1,0,1.0,0
0.205,42,0,0.2703,12960.0,8,0,1,0,0.0,0
0.2797,21,0,0.4525,,9,0,4,0,1.0,0
1.2042,64,0,0.3695,5565.0,6,0,0,0,0.0,0
0.1822,63,0,0.9942,,5,0,1,0,0.0,0
8.5783,35,0,0.5314,7028.0,8,0,2,0,1.0,0
2.4201,52,0,0.1075,8422.0,5,0,3,0,0.0,0
0.5976,67,0,0.9325,4288.0,8,0,0,0,2.0,0
3.4742,72,0,0.1308,8786.0,9,0,1,0,,0
0.054,61,0,0.2786,5263.0,12,0,0,0,1.0,0
0.1834,64,0,0.2721,3838.0,12,0,1,0,1.0,0
0.5885,62,0,0.8805,2933.0,8,0,0,0,0.0,0
1.0012,50,0,1.0129,,7,0,1,0,0.0,0
0.2454,37,0,0.7552,4868.0,12,0,0,0,0.0,0
0.3971,48,0,0.876,,10,0,1,0,0.0,0
0.4253,68,0,0.08,5431.0,11,0,0,0,0.0,0
0.0377,68,0,0.1819,7971.0,8,0,1,0,2.0,0
0.1732,55,0,0.3838,6099.0,7,0,1,0,1.0,0
0.1877,47,0,0.9056,,14,0,0,0,0.0,0
0.1163,76,0,0.5856,2967.0,6,0,2,0,0.0,0
0.3176,54,0,0.39,1449.0,10,0,0,0,,0
0.119,61,0,0.2893,20462.0,11,0,1,0,1.0,1
3.7804,35,0,0.6529,2795.0,11,0,0,0,0.0,0
0.4965,51,0,0.2037,1621.0,8,0,2,0,0.0,0
1.531,67,2,0.5198,15461.0,8,0,0,0,1.0,0
0.0385,33,0,0.2553,11196.0,9,0,1,0,1.0,0
0.9007,51,0,1.1204,,9,0,1,0,1.0,0
0.2879,58,0,0.4647,2725.0,5,0,0,0,1.0,0
0.1385,72,0,0.6906,5782.0,13,0,3,0,1.0,0
0.5416,66,0,1.1275,10350.0,9,0,1,0,1.0,0
0.7719,76,0,0.304,1683.0,6,0,2,0,2.0,0
0.2908,64,0,0.2639,3504.0,4,0,0,0,1.0,0
0.3193,64,1,0.3011,4331.0,12,0,0,0,1.0,0
0.1101,39,0,0.3491,,14,0,1,0,1.0,0
0.055,38,0,1.1423,5210.0,6,0,1,0,0.0,0
0.4343,76,0,0.5246,6151.0,10,0,0,0,1.0,0
0.1911,46,0,0.1442,7744.0,10,0,0,0,2.0,0
0.0041,44,0,0.3525,16572.0,5,0,1,0,1.0,0
0.5944,21,0,0.5006,3131.0,10,0,0,0,1.0,0
0.4247,67,0,0.8308,5039.0,11,0,0,0,1.0,0
0.3688,36,0,0.6535,7076.0,10,0,0,0,0.0,0
0.6324,41,0,0.8023,1765.0,5,0,3,0,1.0,0
0.6805,67,0,0.5487,5981.0,12,0,3,0,1.0,0
0.0658,21,0,0.5626,1045.0,5,0,3,0,0.0,0
0.4804,71,0,0.6336,,9,0,2,0,0.0,0
3.2743,40,0,0.0902,1344.0,12,0,1,0,1.0,0
0.1936,50,0,0.2871,7576.0,11,0,2,0,0.0,0
0.2587,41,0,0.1023,3363.0,14,0,1,0,0.0,0
2.2407,33,0,1.1853,4540.0,6,0,1,0,2.0,0
0.1263,41,0,0.6055,5885.0,5,0,1,0,0.0,0
0.2299,40,0,0.39,13268.0,12,0,0,0,1.0,0
0.211,35,0,0.381,6177.0,7,0,0,0,1.0,0
0.947,74,0,1.0393,8858.0,8,0,0,0,1.0,0
0.237,38,0,0.5234,3986.0,11,0,1,0,1.0,0
2.9796,26,2,0.5206,2245.0,8,0,2,1,0.0,0
0.0033,23,0,0.1353,,4,0,1,0,2.0,0
0.27,58,0,0.3495,4867.0,6,0,1,0,1.0,0
0.9919,28,0,0.3642,6364.0,2,0,0,0,0.0,0
0.4779,50,0,0.5039,5523.0,10,0,0,0,2.0,0
0.2375,80,0,0.232,5895.0,8,0,1,0,1.0,0
0.2779,55,0,0.3693,7740.0,9,0,0,0,0.0,0
0.3403,57,0,0.5882,3805.0,9,0,0,0,2.0,0
0.0979,45,0,1.0851,8095.0,4,0,1,0,0.0,0
0.8773,52,0,0.654,19720.0,4,0,2,0,0.0,0
0.6181,49,0,0.3419,,7,0,1,0,1.0,0
0.6275,56,1,0.2999,2412.0,12,0,1,0,0.0,0
0.3718,75,0,0.3397,,6,0,0,0,0.0,0
0.6748,46,0,0.3739,4970.0,9,0,4,0,0.0,0
0.0053,41,0,0.94,10591.0,10,0,0,0,0.0,0
0.2373,51,0,0.2855,5938.0,7,0,0,0,2.0,0
5.153,65,1,0.3744,3583.0,8,0,1,0,0.0,0
0.8697,47,0,0.7463,4460.0,10,0,1,0,1.0,0
0.5082,56,0,0.1318,4919.0,5,0,2,0,0.0,0
0.2858,59,1,0.9485,,9,0,1,4,1.0,0
0.0953,82,0,0.9462,3406.0,3,0,0,0,0.0,0
0.1852,65,0,0.3773,3935.0,11,0,2,0,1.0,0
1.2209,40,0,1.1364,5203.0,9,0,0,0,4.0,0
0.4403,21,0,0.3191,2641.0,10,0,0,0,2.0,0
0.1229,54,0,0.68,,9,0,1,0,0.0,0
0.4477,42,0,0.5163,11670.0,10,0,0,0,,0
1.011,45,0,0.4789,2548.0,6,0,2,0,0.0,0
0.5448,38,0,0.5967,14040.0,7,0,0,0,3.0,0
0.3261,45,0,0.3318,,12,0,1,0,2.0,0
0.6847,45,0,0.8191,4703.0,8,0,0,0,0.0,0
1.169,50,0,0.0291,4671.0,14,0,2,0,0.0,1
0.5033,43,0,0.3217,,7,0,0,0,1.0,0
0.2746,42,0,0.7429,5849.0,14,0,1,0,2.0,0
0.4381,59,0,0.3058,3710.0,5,0,1,0,0.0,0
0.6259,52,0,0.0494,,12,0,1,0,2.0,0
0.4121,52,0,0.3092,7437.0,8,0,1,0,0.0,0
0.2313,51,0,0.4614,15098.0,4,0,0,0,1.0,0
0.1894,39,0,0.6988,1431.0,10,0,1,0,1.0,0
4.79,72,0,0.3569,12030.0,7,0,2,0,1.0,0
1.0,80,0,0.0393,5790.0,11,0,2,0,1.0,1
0.1907,69,0,0.3828,,15,0,2,0,1.0,0
0.4291,27,0,0.7263,,8,0,0,0,3.0,0
0.1372,43,1,0.2296,2016.0,7,0,0,1,2.0,0
0.6863,62,0,0.7609,2344.0,11,0,1,0,1.0,0
0.1437,41,0,0.816,9191.0,8,0,0,0,2.0,0
4.0442,42,0,0.3672,7105.0,7,1,1,0,1.0,0
1.4319,33,0,0.6315,3993.0,16,0,0,0,0.0,0
2.0783,47,0,0.3343,,10,0,1,0,2.0,0
0.1257,40,0,0.5904,9853.0,14,0,1,0,1.0,0
2.4198,21,0,0.1113,6973.0,3,0,1,0,2.0,0
0.7553,68,0,0.1074,5232.0,7,0,2,0,1.0,0
0.5946,58,0,0.5524,8667.0,8,0,3,0,1.0,0
0.7011,33,0,0.1742,4089.0,6,0,0,0,1.0,1
0.3458,64,0,0.37,5612.0,10,0,1,0,0.0,0
0.2747,54,0,0.34,,3,0,0,0,0.0,0
0.4452,68,0,0.5357,7146.0,10,0,0,0,3.0,0
0.1239,62,0,0.1091,12519.0,9,0,1,0,2.0,0
0.4766,41,0,0.4918,6550.0,7,0,3,0,1.0,0
3.8459,61,0,0.4707,10584.0,11,0,1,0,2.0,0
1.142,62,1,0.3242,4369.0,8,2,3,0,2.0,0
0.5928,67,0,0.0705,9157.0,3,0,1,0,1.0,0
0.2456,66,0,0.0658,,5,0,3,0,3.0,0
0.4712,81,0,0.4372,5516.0,7,0,0,0,,0
0.006,65,0,0.6593,9204.0,8,0,0,0,1.0,0
0.6194,41,0,0.4669,,6,0,1,0,1.0,1
0.6955,54,0,0.4425,,5,0,1,0,3.0,0
3.0508,37,0,0.0966,3419.0,5,0,1,0,,1
0.4393,69,0,0.3694,4641.0,9,0,1,0,0.0,0
0.7209,40,0,0.2846,,9,0,2,0,0.0,0
0.2499,83,0,0.4924,,9,0,0,0,0.0,0
0.5937,48,0,0.33,5521.0,4,0,1,0,1.0,0
0.3542,51,0,0.469,14379.0,5,0,1,0,1.0,0
0.7669,45,0,0.2585,18772.0,1,0,3,0,0.0,0
0.1941,42,0,0.3672,3290.0,7,0,1,0,1.0,0
0.4031,45,0,0.4063,14692.0,8,0,4,0,0.0,0
0.3235,55,0,0.2359,7752.0,10,0,2,0,0.0,0
0.442,52,0,0.643,6692.0,9,0,1,0,1.0,0
3.1119,46,0,0.1217,6226.0,6,0,0,0,2.0,1
0.0025,56,0,0.4268,,9,0,3,0,0.0,0
0.0647,44,0,0.2779,2032.0,6,0,2,0,0.0,0
0.6389,52,0,0.2473,3946.0,10,0,2,0,1.0,0
1.3108,77,0,0.2362,4934.0,4,0,0,0,1.0,0
0.0024,44,0,0.7715,7578.0,9,0,2,0,0.0,0
0.0668,48,0,0.702,,5,0,1,0,1.0,0
1.1951,36,0,0.9818,12552.0,9,0,0,0,1.0,0
0.4059,47,2,0.5556,4246.0,6,0,1,0,1.0,0
0.172,57,0,0.0171,,9,0,1,0,2.0,0
0.0672,45,0,0.7239,3558.0,10,0,1,0,0.0,0
0.5573,36,0,0.7806,10045.0,11,0,0,0,1.0,0
0.1435,57,0,1.0869,3761.0,3,0,2,0,0.0,0
0.2945,59,0,0.7083,11745.0,11,0,2,0,1.0,0
1.3146,61,0,1.3765,5648.0,8,0,0,0,0.0,0
0.421,35,0,0.1482,11894.0,4,0,1,0,1.0,1
0.2309,71,0,0.1051,4399.0,4,0,2,0,0.0,0
8.2314,45,0,0.3949,,4,0,1,0,0.0,0
4.9735,38,0,0.5745,,5,0,1,0,0.0,0
0.1584,66,0,0.101,4081.0,9,0,1,0,0.0,0
0.8412,71,0,0.6928,,11,0,1,0,3.0,0
0.1192,48,0,0.4091,2119.0,4,0,0,0,1.0,0
1.1772,40,0,0.272,,6,0,1,0,3.0,0
0.5809,58,0,0.4452,5034.0,9,0,1,2,0.0,0
0.9273,33,0,0.1444,,9,0,1,0,0.0,0
0.3902,88,0,0.5926,,6,0,2,0,0.0,0
0.064,38,0,0.3874,,7,0,2,0,0.0,0
0.3475,57,0,0.6718,10991.0,1,0,1,0,1.0,0
2.0112,50,0,0.9855,6741.0,9,0,1,0,1.0,0
0.3787,39,0,0.2373,25365.0,7,0,2,0,0.0,0
0.3504,39,0,0.8606,2051.0,5,0,1,0,0.0,0
0.3191,68,0,0.2927,,7,0,3,0,1.0,0
0.9654,57,0,0.8325,7069.0,5,0,3,0,1.0,0
0.4036,42,0,0.4558,7624.0,4,0,4,0,1.0,0
0.8536,44,0,0.247,3215.0,8,0,0,0,1.0,0
0.0036,41,0,1.2563,3894.0,11,0,4,0,1.0,0
0.7753,64,0,0.784,6012.0,6,0,1,0,0.0,0
0.2642,65,0,0.2822,2441.0,8,0,1,0,0.0,0
0.1472,59,0,0.1694,9873.0,10,0,0,0,0.0,0
0.1785,56,0,0.7562,,15,0,0,0,5.0,0
0.143,61,0,0.6645,4133.0,11,0,0,0,0.0,0
0.2874,29,1,0.4651,8932.0,10,0,0,1,2.0,0
0.0876,56,0,0.3394,13671.0,6,0,1,0,1.0,0
0.4995,67,0,0.5038,4558.0,6,0,1,0,0.0,0
0.2833,55,0,1.2295,5762.0,6,0,0,0,1.0,0
0.3758,53,0,0.5353,,4,0,0,0,0.0,0
0.1447,43,0,0.1178,2529.0,2,0,0,0,1.0,0
0.6098,44,0,0.4646,8936.0,9,0,1,0,1.0,0
0.0039,45,0,0.9227,6052.0,5,0,1,0,0.0,0
4.1714,55,0,0.8007,1631.0,9,0,0,0,0.0,0
0.0664,45,0,0.237,4327.0,5,0,0,0,0.0,0
0.1015,26,0,0.3977,5013.0,11,0,3,0,0.0,0
0.1734,63,0,0.6558,6422.0,15,0,0,0,1.0,0
0.2774,59,0,0.697,11237.0,6,0,1,0,1.0,0
0.5075,57,0,0.5137,7862.0,7,0,0,0,1.0,0
0.2284,39,0,0.9729,,8,0,0,0,0.0,0
0.4336,45,0,0.2518,5717.0,8,0,1,0,1.0,0
0.338,59,0,0.7478,3868.0,9,0,0,0,,0
0.0728,52,0,0.2408,4592.0,6,0,1,0,0.0,0
0.5577,42,0,0.3206,3354.0,12,0,0,0,1.0,0
0.4623,70,0,1.0921,12960.0,7,0,0,0,1.0,0
0.4835,40,0,0.1465,5968.0,5,0,1,0,0.0,0
0.2104,21,0,0.534,8921.0,4,0,1,0,0.0,0
0.6276,53,0,0.4342,7016.0,4,0,0,0,0.0,0
0.6397,54,0,0.3925,9056.0,11,0,0,0,0.0,0
0.3799,53,0,0.4671,,5,0,1,0,0.0,0
0.6827,58,0,0.2144,,10,0,2,0,0.0,0
0.1077,44,0,0.3793,10835.0,7,0,0,0,1.0,0
0.3437,66,0,0.4323,1664.0,7,0,1,0,1.0,0
1.2194,33,0,0.4696,7379.0,9,0,2,0,2.0,0
0.1795,52,0,0.6378,18038.0,9,0,0,0,0.0,0
0.1825,43,0,0.2611,9875.0,8,0,3,0,0.0,0
0.3179,66,0,0.9797,5692.0,11,0,2,0,0.0,0
0.1238,41,0,0.1182,5435.0,9,0,1,0,1.0,0
0.6626,53,0,0.3962,,10,0,1,0,1.0,0
0.3336,53,0,0.7218,5350.0,8,0,2,0,1.0,0
0.7159,55,0,0.6662,9857.0,8,2,0,2,0.0,0
0.0333,42,0,0.9421,,8,0,0,0,1.0,0
0.3088,57,0,0.3388,3096.0,12,0,0,0,1.0,0
0.0226,52,0,0.206,,11,0,0,0,1.0,0
0.0275,57,0,1.0251,3791.0,7,0,0,0,1.0,0
0.1077,74,0,0.6216,,13,0,1,0,0.0,0
0.6615,54,0,0.3463,1576.0,14,0,0,0,1.0,0
0.2357,38,1,0.4189,,8,0,1,0,1.0,0
0.0228,79,0,0.5683,6985.0,6,0,0,0,0.0,0
0.2451,66,0,0.4994,,9,0,0,0,1.0,0
0.8017,61,0,1.2282,5271.0,7,0,1,0,1.0,0
0.2629,49,0,0.312,6174.0,9,0,3,0,0.0,0
2.6328,62,2,0.4854,,7,0,1,2,1.0,0
0.1916,23,0,0.3569,9584.0,6,0,1,0,1.0,1
0.6127,74,0,0.4386,9791.0,10,0,3,0,0.0,0
0.1837,65,0,0.1769,5850.0,9,0,0,0,1.0,0
0.1201,50,0,0.7272,7308.0,12,0,0,0,0.0,0
0.0234,64,1,0.5875,3787.0,11,0,1,0,2.0,0
0.5868,61,4,0.5209,9295.0,4,0,0,0,0.0,0
0.6881,38,0,0.2353,7668.0,12,0,0,0,0.0,0
0.0445,55,0,0.5312,5410.0,7,0,0,0,2.0,0
0.7731,57,0,0.2125,9852.0,8,0,2,0,2.0,0
0.2064,50,1,0.289,5443.0,7,0,1,3,0.0,0
0.2271,49,0,0.4602,8350.0,9,0,0,0,2.0,0
0.422,65,0,0.651,7036.0,7,0,0,0,1.0,0
0.2047,54,0,0.1971,3310.0,12,0,2,0,0.0,0
0.5265,78,0,0.6473,,6,0,1,0,0.0,0
0.3085,43,0,0.4415,3038.0,7,0,0,0,0.0,0
0.2302,58,0,0.4345,6089.0,9,0,0,0,0.0,0
0.0798,39,0,0.9463,2806.0,7,0,0,0,0.0,0
0.213,61,0,0.1308,,8,0,3,0,,0
1.7302,36,0,0.1462,4461.0,4,0,2,0,0.0,0
0.2121,56,0,0.2749,6154.0,7,0,1,0,0.0,0
0.1147,69,0,0.7712,,5,0,0,0,1.0,0
0.1442,53,0,0.6556,,14,0,3,0,0.0,0
1.1063,38,0,0.366,5045.0,13,0,1,0,0.0,0
4.7166,65,0,0.4265,4091.0,3,0,1,0,0.0,0
0.2911,57,0,0.098,10752.0,3,0,1,0,0.0,0
0.0331,51,0,0.6765,2857.0,7,0,0,0,2.0,0
0.5655,38,0,0.5341,7246.0,10,0,2,0,1.0,0
0.1356,29,0,0.197,,3,0,0,0,4.0,0
0.3322,84,0,0.0966,7477.0,8,0,0,0,0.0,0
0.125,44,0,0.0947,7591.0,11,0,1,0,1.0,0
0.7463,38,0,0.3311,753.0,8,0,1,0,0.0,0
0.1952,56,0,0.1302,10283.0,10,0,2,0,1.0,0
0.2685,38,0,0.0864,7801.0,6,0,2,0,0.0,0
0.2878,59,0,0.573,13012.0,14,0,2,0,0.0,0
2.8209,71,0,1.089,7156.0,4,0,2,0,0.0,0
0.2643,37,0,0.6738,4508.0,4,0,0,0,2.0,0
0.4007,48,0,0.2585,,9,0,1,0,0.0,0
0.5417,58,0,0.214,18717.0,12,0,0,0,1.0,0
0.3038,35,0,0.3352,13278.0,12,0,1,0,1.0,0
0.2306,39,0,0.2165,5404.0,8,0,0,0,2.0,0
0.0274,50,0,0.3415,,7,0,1,0,0.0,0
1.4097,79,0,0.8084,3171.0,5,0,0,0,1.0,0
0.4519,40,1,0.0958,,8,0,0,0,1.0,0
0.0854,48,0,0.1581,4321.0,6,0,2,0,0.0,0
0.4127,87,0,0.2004,5109.0,9,0,1,0,0.0,0
0.171,63,0,0.5571,,8,0,0,0,1.0,0
0.2425,28,0,1.0795,,6,0,1,0,1.0,0
2.7391,49,0,0.1454,,12,0,2,0,1.0,0
0.4405,60,0,0.3073,10004.0,12,0,0,0,0.0,0
0.2694,72,0,0.2848,10611.0,11,0,0,0,0.0,0
0.4077,72,0,0.9134,4378.0,10,0,0,0,2.0,0
0.3776,60,0,0.7741,,7,0,0,0,2.0,0
0.3817,62,0,0.3503,6079.0,10,0,0,0,1.0,0
0.1797,34,0,0.1153,,6,0,0,0,2.0,0
0.6977,42,0,0.4796,,9,0,1,0,0.0,0
0.001,34,0,0.2945,8577.0,7,0,2,0,1.0,0
0.3081,66,0,0.4154,7810.0,7,0,0,0,1.0,0
0.3718,57,0,0.1234,3194.0,13,0,1,0,0.0,0
0.741,53,0,0.1465,6459.0,6,0,1,0,0.0,0
0.3284,74,0,0.281,5595.0,6,0,0,0,0.0,0
0.6522,60,0,0.1896,9364.0,11,0,0,0,1.0,0
0.3711,68,0,0.3239,2208.0,11,0,1,0,1.0,0
0.1337,63,0,0.4399,3342.0,12,0,1,0,0.0,0
0.1302,64,0,0.5946,7460.0,11,0,2,0,0.0,0
1.0878,37,0,0.5348,2597.0,8,0,1,0,0.0,0
0.7829,66,0,0.321,3428.0,8,0,0,0,1.0,0
0.2863,59,0,0.8825,9051.0,8,0,0,0,0.0,0
0.5655,46,0,0.2882,1601.0,7,0,0,0,0.0,0
0.4252,62,0,0.4729,3190.0,5,0,0,0,1.0,0
0.8854,70,0,0.8888,10088.0,9,0,1,0,0.0,0
0.0587,51,0,0.5159,2220.0,8,0,2,0,0.0,0
0.0033,42,0,0.0554,5756.0,7,0,1,0,2.0,0
0.5657,42,0,0.5846,12350.0,6,0,2,0,2.0,0
0.4455,32,0,0.1991,3405.0,4,0,1,0,0.0,0
0.5112,50,0,0.3748,,5,0,1,0,1.0,0
0.4857,60,0,0.7239,,3,0,2,0,0.0,0
2.3398,76,0,0.5198,8218.0,7,0,1,0,1.0,0
0.5074,41,0,0.6426,9186.0,5,0,0,0,1.0,0
0.3368,57,0,0.729,3600.0,9,0,1,0,0.0,0
0.4793,52,0,0.2038,11996.0,13,0,0,0,1.0,0
1.5262,52,0,0.2096,,13,0,0,0,3.0,0
0.2246,31,0,0.2619,,13,0,1,0,2.0,0
0.587,38,0,1.2646,,4,0,2,0,2.0,0
1.2951,77,0,0.8892,12866.0,6,0,0,0,2.0,0
3.7,66,0,0.2026,14577.0,6,0,2,0,3.0,0
0.8566,56,0,0.3259,2901.0,1,0,2,0,1.0,0
0.6181,58,3,0.3536,11678.0,8,0,3,0,1.0,0
1.2854,62,0,0.3905,2215.0,11,0,0,0,1.0,0
0.1497,46,0,0.5801,1946.0,1,0,1,0,0.0,0
0.9667,46,0,0.117,6119.0,14,0,0,0,2.0,0
0.9836,43,0,0.5145,5450.0,7,0,0,0,1.0,0
0.201,54,2,0.453,9373.0,5,0,1,0,0.0,0
3.6854,36,0,0.1916,8081.0,10,0,2,0,0.0,0
1.0784,43,0,0.342,,5,0,0,0,1.0,0
0.2345,59,2,0.5976,7245.0,2,0,1,0,,0
6.6642,47,0,0.1845,5967.0,10,0,2,0,2.0,0
0.7098,27,0,0.133,6454.0,3,0,0,0,0.0,0
0.1852,47,0,0.2951,5190.0,5,0,2,0,0.0,0
0.6225,60,0,0.6595,,5,0,2,0,1.0,0
0.0902,54,0,0.7051,2769.0,6,0,1,0,2.0,0
0.2954,28,0,0.6174,12154.0,10,0,0,0,0.0,0
0.0895,66,0,0.2195,3226.0,5,0,1,0,1.0,0
3.8789,49,0,0.1477,8444.0,9,0,1,0,0.0,1
0.2827,57,0,0.3534,3635.0,7,0,0,0,1.0,0
1.2182,67,0,0.5657,3154.0,12,0,0,0,1.0,0
0.3189,50,0,0.5546,2706.0,4,0,0,0,0.0,0
0.403,25,0,0.2217,3172.0,8,0,1,0,1.0,0
0.6111,77,0,0.2139,11104.0,13,0,1,0,2.0,1
0.298,21,0,0.769,10023.0,12,0,4,0,3.0,0
0.1596,47,0,0.7075,4931.0,7,0,0,0,1.0,0
0.5708,70,0,0.1582,2552.0,7,0,2,0,0.0,0
0.2558,42,0,0.5328,,13,0,2,0,5.0,0
0.5029,43,0,1.0661,11051.0,9,0,0,0,1.0,0
0.3803,49,0,0.1507,8871.0,8,0,0,0,0.0,0
0.4002,49,0,0.0347,5681.0,9,0,0,0,0.0,0
0.8763,40,0,1.5874,7182.0,11,0,2,0,0.0,0
0.0891,43,0,0.4393,2401.0,8,0,2,0,1.0,0
0.847,67,0,0.073,4110.0,8,0,0,0,0.0,1
4.0717,45,0,0.485,1747.0,7,0,0,0,1.0,0
0.5479,59,0,0.7007,7431.0,6,0,2,0,0.0,0
0.1573,39,0,1.1224,,7,0,0,0,1.0,1
1.7971,71,0,0.5353,3836.0,12,0,1,0,1.0,0
0.6027,65,0,0.3028,12562.0,4,0,2,0,0.0,0
2.3822,51,0,0.5363,2744.0,9,0,0,0,2.0,0
0.4545,61,0,0.6554,10179.0,6,0,1,0,0.0,0
0.5847,73,0,0.063,,3,0,0,0,2.0,0
0.0177,38,0,0.5507,6033.0,7,0,0,0,1.0,0
0.3186,37,0,0.3934,4743.0,8,0,3,0,2.0,0
0.1396,57,0,0.7069,,7,0,0,0,1.0,0
1.3487,34,0,0.6458,3428.0,10,0,3,0,0.0,0
0.2589,30,0,0.5086,3348.0,6,0,0,0,1.0,0
0.0296,30,0,0.4815,3865.0,6,0,1,0,1.0,0
0.6944,54,0,0.9204,,7,0,0,0,1.0,0
0.3795,24,2,0.7998,8437.0,7,0,1,0,,0
0.3238,46,0,0.4617,,7,0,1,0,1.0,0
0.7423,21,0,0.3621,33001.0,9,0,1,0,1.0,0
0.9842,58,0,0.0155,1806.0,8,0,0,0,1.0,0
0.1253,59,0,0.2675,5390.0,3,0,1,0,0.0,0
0.3468,49,0,1.0991,5950.0,7,0,1,0,1.0,0
0.545,69,0,0.3937,,5,0,2,0,2.0,1
0.073,63,0,0.6748,1402.0,10,0,0,0,0.0,0
0.4208,41,0,0.6019,4927.0,8,0,0,0,1.0,0
7.0067,40,0,0.4727,14239.0,12,0,0,0,0.0,0
1.5768,64,0,0.6349,6325.0,8,0,1,0,0.0,0
0.32,62,0,0.5456,7766.0,7,0,1,0,2.0,0
0.0147,48,0,0.3507,7571.0,15,0,0,0,1.0,0
5.2253,27,0,0.7071,4525.0,6,0,0,0,2.0,1
0.2796,65,0,0.1433,6219.0,7,0,1,0,0.0,0
0.3494,53,0,0.0072,10989.0,7,0,1,0,0.0,0
5.8836,51,0,0.5707,8997.0,8,0,1,0,3.0,0
0.1678,21,0,0.2554,,6,0,1,0,0.0,0
0.7468,59,1,0.6354,3017.0,5,0,0,0,0.0,0
0.3502,51,0,0.4032,3915.0,5,0,0,0,0.0,0
0.0773,44,1,0.1078,4263.0,5,0,0,1,0.0,0
0.6932,40,0,0.5797,,9,0,0,0,3.0,0
0.0088,54,0,0.1116,9588.0,9,0,0,0,0.0,0
0.0999,59,0,0.2749,7335.0,10,0,0,0,1.0,0
0.1395,47,0,0.3827,10018.0,11,0,1,0,1.0,0
0.6331,60,0,0.3503,8556.0,8,0,2,0,,0
0.2573,36,0,0.6641,,4,0,0,0,1.0,0
0.5012,43,0,0.1916,,5,0,3,0,1.0,0
6.6049,62,0,0.3059,3635.0,10,0,1,0,0.0,0
1.0769,46,0,0.2145,10048.0,10,0,0,0,3.0,0
0.851,76,0,0.4677,8011.0,9,0,1,0,1.0,0
1.4067,56,0,0.5886,8539.0,11,0,2,0,1.0,0
0.3876,36,0,0.0487,,9,0,2,0,1.0,0
0.6636,30,0,0.304,9233.0,4,0,1,0,0.0,0
5.5944,63,0,0.1616,,8,0,0,0,4.0,0
0.5223,43,0,0.5253,12933.0,17,0,0,0,0.0,0
11.2638,65,0,0.3998,,7,0,2,0,1.0,0
0.422,44,0,1.0273,,9,0,0,0,2.0,0
0.2485,55,0,1.243,,8,0,0,0,1.0,0
0.6476,47,0,0.9191,,14,2,1,0,0.0,0
0.7196,56,0,1.1577,2205.0,9,0,0,0,1.0,0
0.2705,62,0,0.1291,7690.0,10,0,2,0,1.0,0
0.4094,52,0,0.7407,18559.0,7,0,2,0,2.0,0
0.0419,61,2,0.498,8034.0,8,0,2,1,0.0,0
0.1443,28,0,0.6151,8406.0,5,0,1,0,2.0,0
0.692,58,0,0.0786,12699.0,10,0,1,0,0.0,0
1.1761,52,0,0.5147,7755.0,6,0,2,0,1.0,0
0.0876,48,0,0.4464,,2,0,1,0,0.0,0
1.2337,21,0,0.51,2421.0,6,0,0,0,1.0,1
4.0277,29,0,1.1365,2076.0,11,0,0,0,2.0,1
0.1483,55,0,0.2633,7163.0,5,0,1,0,1.0,1
0.804,57,0,0.2706,4119.0,10,0,0,0,1.0,0
0.4179,58,0,0.1978,6165.0,7,0,3,0,0.0,0
0.0225,52,0,0.3179,,8,0,1,0,0.0,0
0.0061,35,0,0.2401,4080.0,6,0,2,0,0.0,0
0.59,38,0,0.325,7228.0,9,0,1,0,1.0,0
0.0658,22,0,0.5884,9526.0,7,0,1,0,0.0,0
0.0461,54,0,1.4821,5813.0,5,0,0,0,0.0,0
2.5968,79,2,0.5773,,5,0,1,0,1.0,1
0.0047,51,0,0.4876,11258.0,10,0,5,0,1.0,0
0.5064,41,0,0.6126,2647.0,8,0,0,0,1.0,0
0.082,52,0,0.4658,3226.0,12,0,2,0,0.0,0
2.6342,50,0,0.6053,1945.0,5,0,0,0,1.0,0
2.7091,28,1,0.6121,2807.0,5,0,1,0,0.0,0
0.121,56,0,1.3435,5595.0,8,0,0,0,0.0,0
0.1092,50,0,0.5599,11451.0,7,0,2,0,1.0,0
0.355,50,0,0.3923,8993.0,4,0,0,0,0.0,0
0.082,80,0,0.0802,6814.0,6,0,0,0,0.0,0
0.4677,51,0,0.2597,4239.0,14,0,0,0,2.0,0
0.0168,78,0,0.2487,,8,0,1,0,2.0,0
0.2204,40,1,0.6309,11856.0,13,0,2,0,0.0,0
0.7796,31,0,0.7859,5120.0,9,0,0,0,3.0,0
0.6406,41,0,0.1048,3294.0,7,0,1,0,0.0,0
0.2773,68,0,0.2487,19184.0,7,0,2,0,1.0,0
0.6251,41,1,0.5642,5762.0,8,0,2,0,1.0,0
0.8946,32,0,0.1555,5398.0,8,0,0,0,1.0,0
0.0602,57,2,0.5073,7561.0,8,0,1,1,,0
0.3807,47,0,0.4511,5280.0,5,0,3,0,0.0,0
1.5542,60,0,0.5276,8094.0,7,0,0,0,1.0,0
0.0316,43,0,0.4083,1752.0,5,0,0,0,0.0,0
0.5927,39,0,1.0273,12813.0,7,0,0,0,0.0,0
2.0763,75,0,0.4193,3953.0,8,0,3,0,1.0,0
1.2031,40,0,0.1195,3796.0,10,0,2,0,0.0,0
0.2227,40,0,0.5671,4349.0,7,0,1,0,2.0,0
0.0601,58,0,0.8717,7826.0,16,0,0,0,0.0,0
1.0097,21,0,0.1144,4655.0,8,0,0,0,2.0,0
1.9198,62,0,0.85,6126.0,14,0,1,0,0.0,0
0.3895,77,0,0.4153,,5,0,1,0,1.0,0
0.1591,64,0,0.3489,1471.0,10,0,2,0,1.0,0
1.2695,37,0,0.4532,,3,1,0,0,1.0,0
0.5289,42,0,0.3948,9170.0,17,0,2,0,0.0,0
0.6622,53,0,0.9374,4956.0,10,0,0,0,0.0,1
0.4578,57,0,0.7767,3398.0,10,0,2,0,1.0,0
0.0857,75,0,0.2376,11997.0,6,0,3,0,1.0,0
0.2176,74,0,0.3349,9043.0,12,0,1,0,2.0,0
1.4087,49,0,0.33,4547.0,9,0,1,0,1.0,0
0.1343,45,0,0.5448,,7,0,3,0,0.0,0
0.5452,41,0,1.1025,1394.0,8,0,3,0,3.0,0
0.6166,61,0,0.5108,7497.0,13,0,3,0,1.0,0
0.4161,67,0,0.1925,,7,0,0,0,1.0,0
0.1126,53,0,0.4328,,7,0,2,0,0.0,0
0.5359,52,0,1.0626,4181.0,8,0,0,0,0.0,1
0.3039,82,0,1.0309,,10,0,2,0,0.0,0
1.0999,62,1,0.1641,7050.0,8,0,0,1,1.0,0
0.0846,23,0,0.6361,5474.0,8,0,1,0,0.0,0
0.1687,52,0,0.8936,4001.0,4,0,1,0,1.0,0
0.2697,55,0,0.4857,,8,0,0,0,0.0,0
0.3819,48,0,0.6121,5949.0,7,0,2,0,1.0,0
0.575,70,0,0.3954,11821.0,15,0,1,0,1.0,0
0.1479,47,0,0.2515,12767.0,9,0,1,0,2.0,0
0.9017,38,0,0.4341,4083.0,11,0,1,0,0.0,0
0.1782,42,0,0.0625,1088.0,7,0,0,0,2.0,0
0.4466,61,0,0.2455,4167.0,7,0,1,0,1.0,0
1.1388,33,0,0.4314,6448.0,8,0,0,0,1.0,0
0.0457,45,0,0.6186,,5,0,0,0,0.0,0
0.0454,64,0,0.2216,2094.0,8,0,2,0,0.0,0
0.1592,33,0,0.5258,9082.0,6,0,0,0,1.0,0
0.3655,37,0,0.3488,,5,0,0,0,1.0,0
0.1413,28,0,0.4271,6772.0,8,0,1,0,2.0,0
0.5264,39,0,0.2201,3939.0,10,0,0,0,0.0,0
0.2755,45,0,0.1966,,11,0,2,0,2.0,0
0.0758,49,0,1.2041,4946.0,5,0,2,0,1.0,0
0.5617,39,0,0.1462,3963.0,7,0,0,0,3.0,0
1.1517,47,0,1.0698,6408.0,10,0,1,0,,0
1.6962,66,0,1.2896,,8,0,0,0,1.0,0
0.2592,57,1,0.2169,,8,0,0,0,0.0,0
0.4347,82,0,0.3491,11732.0,7,0,0,0,1.0,0
0.6052,43,0,0.4211,6472.0,7,0,1,0,,0
0.0819,46,1,0.705,2903.0,9,0,3,0,1.0,0
3.8986,54,0,0.2646,5768.0,7,0,0,0,1.0,0
5.3353,45,0,0.2184,5603.0,5,0,2,0,0.0,0
0.5372,52,0,0.2294,,9,0,1,0,1.0,0
4.0666,25,0,0.8522,21134.0,3,0,0,0,1.0,0
0.3215,47,0,0.4982,5994.0,9,0,0,0,2.0,0
1.0068,64,1,1.126,,8,1,1,2,1.0,0
0.1499,79,0,0.6584,7427.0,10,0,3,0,2.0,0
0.9972,72,0,0.5529,11712.0,6,0,0,0,3.0,0
1.1049,54,0,0.5608,,7,0,0,0,0.0,0
0.204,59,0,1.0096,4333.0,6,0,0,0,0.0,0
7.8802,57,4,0.872,,5,0,0,0,0.0,0
0.3008,44,1,0.5112,5148.0,10,1,1,0,0.0,0
0.4512,39,0,0.5653,5191.0,6,0,0,0,0.0,0
1.3278,55,0,0.715,,4,0,0,0,1.0,0
0.149,50,0,0.0836,10423.0,11,0,1,0,1.0,0
0.0887,64,4,0.1362,5465.0,8,0,1,1,1.0,0
4.6719,21,0,0.4506,4686.0,3,0,1,0,0.0,1
0.2158,50,0,0.6185,,11,0,0,0,1.0,0
0.3076,69,0,0.3881,4090.0,7,0,0,0,0.0,0
0.8361,60,0,0.6419,3649.0,10,0,1,0,2.0,0
0.1808,38,0,0.3004,4957.0,6,0,0,0,0.0,0
0.745,34,0,0.7286,2668.0,4,0,0,0,1.0,1
0.1212,51,0,0.3761,5231.0,4,0,1,0,0.0,0
0.1001,63,0,0.1544,,10,0,0,0,0.0,0
0.3744,59,0,0.2708,6071.0,11,0,1,0,0.0,0
0.4852,54,0,0.671,5132.0,8,0,2,0,0.0,0
0.1211,61,0,0.5016,7687.0,4,0,3,0,0.0,0
0.7919,56,0,0.6873,3117.0,12,0,0,0,0.0,0
0.0673,60,0,0.1287,10334.0,8,0,0,0,,0
0.3652,65,0,0.911,,10,0,0,0,0.0,0
0.5032,46,3,0.9381,5582.0,6,0,1,0,0.0,0
0.5279,40,0,0.96,4688.0,8,0,1,0,1.0,0
0.1732,62,0,0.1716,28666.0,11,0,2,0,0.0,0
0.0134,45,0,0.6327,5250.0,1,0,1,0,1.0,0
0.608,25,0,0.3807,,11,0,1,0,2.0,0
0.0712,72,0,0.5126,11934.0,7,0,1,0,0.0,0
0.5628,56,0,0.5905,6593.0,9,0,1,0,0.0,0
0.0928,55,0,0.7942,4869.0,12,0,0,0,1.0,0
0.1463,49,0,0.4716,1800.0,5,0,1,0,0.0,0
0.0374,64,0,0.7117,5244.0,12,0,0,0,,0
0.0422,34,0,0.1976,6891.0,7,0,2,0,1.0,0
1.9924,52,0,0.8685,9774.0,8,0,4,0,0.0,0
0.4748,56,0,0.8309,4819.0,5,0,1,0,1.0,0
0.0516,60,0,0.2467,10673.0,10,0,0,0,0.0,0
0.5244,28,0,0.6251,4316.0,10,0,0,0,0.0,1
0.9742,60,2,0.4205,33073.0,9,1,0,0,0.0,0
0.227,46,0,0.4837,1697.0,8,0,0,0,1.0,0
0.4031,43,0,0.2117,9075.0,13,0,1,0,0.0,0
0.4819,30,0,0.3062,5765.0,10,0,1,0,0.0,0
3.2066,83,1,0.8435,6842.0,11,0,0,0,2.0,0
0.6597,50,0,0.9102,10764.0,8,0,0,0,2.0,0
0.3026,55,0,0.3802,4928.0,4,0,0,0,1.0,0
0.4276,37,0,0.495,7247.0,11,0,2,0,0.0,0
0.2118,31,0,0.2433,2644.0,11,0,1,0,2.0,0
0.0345,63,0,0.6853,5065.0,8,0,0,0,3.0,0
0.6312,33,0,0.4778,3946.0,10,0,2,0,1.0,0
0.5529,70,0,1.0746,12384.0,12,0,0,0,0.0,0
1.1628,77,0,0.4767,,3,0,0,0,3.0,1
1.7773,41,0,0.5936,7627.0,6,0,1,0,0.0,0
0.0118,46,0,0.5092,4430.0,5,0,0,0,1.0,0
0.1505,21,0,0.1518,3640.0,6,0,0,0,1.0,0
0.3989,28,0,0.5611,2826.0,9,0,3,0,2.0,0
0.4776,61,0,0.2616,4233.0,8,0,1,0,0.0,0
0.1276,70,0,0.448,,8,0,1,0,1.0,0
0.4669,41,0,0.4479,14385.0,7,0,1,0,1.0,0
0.9161,43,0,0.203,8132.0,7,0,4,0,,0
0.1793,30,0,0.3409,5971.0,5,0,1,0,2.0,0
0.1814,36,0,0.0517,1240.0,9,0,2,0,0.0,0
1.0473,71,2,0.6075,9860.0,10,0,0,0,2.0,0
0.3379,56,0,1.2892,7253.0,5,0,0,0,0.0,0
2.2554,27,0,0.6268,6944.0,6,0,1,0,0.0,0
3.0287,60,0,0.7132,5504.0,10,0,2,0,0.0,0
0.0435,85,0,0.22,5186.0,8,0,3,0,1.0,0
1.6212,46,0,0.3895,2692.0,7,0,2,0,1.0,0
0.109,43,0,0.8953,2902.0,11,0,1,0,0.0,0
0.3319,60,0,0.4084,,9,0,1,0,1.0,0
2.0726,66,2,0.4099,6824.0,10,1,0,1,0.0,0
0.3159,64,0,0.5126,3809.0,8,0,1,0,1.0,0
0.5889,48,0,0.731,2671.0,6,0,1,0,1.0,0
0.1689,46,0,0.1185,4988.0,16,0,3,0,1.0,0
8.7184,28,0,0.2012,6172.0,5,0,2,0,0.0,0
0.6615,35,0,0.3819,,10,0,1,0,0.0,0
0.4818,57,0,0.7336,,7,0,2,0,1.0,0
0.5414,45,0,0.7384,5600.0,7,0,1,0,0.0,0
0.0511,55,0,0.1392,2152.0,8,0,0,0,1.0,0
0.2914,49,0,0.4491,,8,0,0,0,0.0,0
0.0865,53,0,0.305,6305.0,8,0,0,0,1.0,0
1.0399,52,0,0.5027,5360.0,14,0,0,0,1.0,0
0.5231,62,2,0.1757,2906.0,6,0,1,0,0.0,0
0.1199,64,0,0.7552,3633.0,3,0,1,0,3.0,0
2.9797,52,0,0.1495,4463.0,8,0,2,0,0.0,0
0.3621,49,0,0.389,4813.0,4,0,0,0,3.0,0
0.4374,51,0,0.7386,8947.0,8,0,2,0,0.0,0
0.3046,41,0,0.334,2155.0,8,0,0,0,1.0,0
0.1078,67,0,1.2667,18601.0,8,0,0,0,0.0,0
0.5727,44,0,0.4603,2491.0,8,0,2,0,1.0,0
0.7273,50,0,0.6817,6929.0,4,0,2,0,1.0,0
0.4455,54,0,0.4399,8319.0,7,0,1,0,0.0,0
0.8856,56,0,0.1278,6871.0,8,0,2,0,0.0,0
0.3429,56,0,0.5722,,9,0,1,0,,0
7.5396,50,0,0.2009,13945.0,6,0,1,0,1.0,0
3.4628,75,0,1.051,6156.0,8,0,1,0,1.0,0
0.3081,53,0,0.4481,1775.0,4,0,2,0,2.0,0
0.2231,48,0,0.0378,3135.0,8,0,0,0,0.0,0
0.8952,77,1,0.3524,4555.0,7,2,3,1,1.0,0
0.7471,41,0,0.5891,,9,0,0,0,1.0,0
0.5533,77,0,0.4681,6519.0,7,0,1,0,2.0,0
0.6797,24,0,0.3797,12505.0,7,0,1,0,2.0,0
0.4554,46,0,1.0272,2529.0,7,0,0,0,0.0,0
0.5552,29,0,0.1846,,8,0,0,0,0.0,0
0.1121,33,0,1.5947,,6,0,3,0,1.0,0
0.7234,58,0,0.2381,3059.0,6,0,1,0,1.0,0
2.5129,56,0,0.0993,12099.0,2,0,1,0,0.0,1
1.336,43,0,0.5285,1949.0,9,0,1,0,1.0,0
2.8242,75,0,0.3189,5227.0,5,0,1,0,0.0,0
0.0529,68,0,0.4559,13618.0,6,0,2,0,0.0,0
0.1827,51,0,0.4779,8391.0,9,0,1,0,2.0,0
2.2155,27,0,0.7641,1257.0,6,0,4,0,1.0,0
0.3835,65,2,0.5925,3822.0,6,0,0,0,1.0,0
0.2449,45,0,0.6791,6725.0,6,0,1,0,0.0,0
0.6383,56,0,0.5072,3483.0,14,0,1,0,1.0,0
1.4255,63,0,0.4948,2998.0,4,0,0,0,1.0,0
0.4269,46,0,0.0938,4745.0,7,0,1,0,1.0,0
0.4943,70,0,0.3254,,5,0,1,0,0.0,0
0.3864,47,0,0.517,1955.0,5,0,0,0,1.0,0
0.2505,60,0,0.7504,2660.0,11,0,0,0,1.0,0
0.3539,63,0,0.0926,,6,0,2,0,,0
0.7325,65,0,0.2373,3272.0,11,0,0,0,1.0,0
0.9759,76,0,0.2557,10686.0,6,0,0,0,0.0,0
0.2495,40,0,0.749,3523.0,9,0,1,0,2.0,0
0.6801,36,0,0.2138,7804.0,12,0,1,0,1.0,0
0.3706,48,0,0.0732,,11,0,1,0,1.0,0
0.442,95,0,0.1494,13507.0,13,0,0,0,0.0,0
0.4572,71,0,1.1795,4619.0,3,0,5,0,2.0,0
0.8222,44,0,0.9829,6430.0,9,0,4,0,1.0,0
0.7265,47,0,0.1883,,4,0,1,0,2.0,0
0.2834,52,0,0.4525,5714.0,5,0,3,0,1.0,0
0.0717,56,0,0.1852,5658.0,11,0,2,0,0.0,0
0.2956,61,0,0.8287,6492.0,9,0,1,0,0.0,0
0.1773,62,0,0.4649,4348.0,8,0,0,0,,0
0.8765,69,0,0.2779,1910.0,12,0,0,0,2.0,1
2.0216,80,0,0.1895,5085.0,10,0,1,0,0.0,0
3.9214,50,0,0.7425,6508.0,3,0,1,0,0.0,0
0.2859,49,0,0.5095,13077.0,5,0,1,0,0.0,0
0.2809,47,0,0.263,10670.0,11,0,2,0,0.0,0
6.1134,48,0,0.3857,1415.0,3,0,0,1,0.0,0
0.1495,57,0,0.0832,,13,0,2,0,1.0,0
0.9597,61,0,0.5446,4253.0,7,0,1,0,0.0,0
0.405,76,1,0.7552,2577.0,4,0,1,1,1.0,0
0.2582,42,0,0.769,5119.0,4,0,1,0,0.0,0
0.6494,57,0,0.2659,3451.0,10,0,1,0,2.0,0
0.0021,40,2,0.617,7837.0,6,2,0,1,,0
0.6217,58,0,0.3156,,7,0,1,0,0.0,0
0.2137,89,0,0.6108,2803.0,8,0,0,0,0.0,0
0.4469,50,0,0.6147,,9,0,4,0,0.0,1
0.601,86,0,0.7721,4795.0,9,0,1,0,1.0,0
0.3294,40,0,0.3503,2896.0,7,0,1,0,0.0,0
0.0199,46,0,0.2651,3229.0,10,0,1,0,0.0,0
3.276,47,0,0.6827,632.0,7,0,1,0,1.0,1
0.0897,54,0,0.3297,5903.0,8,0,2,0,2.0,0
0.5697,50,0,0.5202,4929.0,12,0,1,0,0.0,0
0.0633,63,0,0.1377,,4,0,0,0,0.0,0
0.1485,21,0,0.903,3767.0,8,0,0,0,0.0,0
0.3094,38,0,0.4968,4291.0,8,0,1,0,3.0,0
0.6731,79,1,0.3572,13775.0,10,0,1,0,2.0,0
0.9443,32,0,0.5029,9047.0,13,0,1,0,0.0,0
0.031,47,0,0.3631,5165.0,7,0,1,0,0.0,0
0.5258,61,0,0.5036,4189.0,6,0,2,0,1.0,0
0.4131,51,0,0.2572,2936.0,6,0,0,0,0.0,0
0.354,40,0,1.0802,6222.0,13,0,1,0,0.0,0
3.2345,58,0,0.7855,3749.0,6,0,1,0,0.0,0
0.0512,64,0,0.2953,5846.0,13,0,3,0,1.0,0
0.507,44,0,0.517,,8,0,1,0,0.0,0
0.251,58,0,1.1323,8749.0,4,0,1,0,0.0,0
0.2079,64,0,0.2882,5129.0,9,0,0,0,0.0,0
0.8118,67,4,0.2208,3853.0,7,0,1,0,1.0,0
0.2348,57,0,0.5191,12109.0,1,0,0,0,0.0,0
0.429,76,0,0.4345,,10,0,2,0,4.0,0
0.3463,53,0,0.9536,5482.0,9,0,1,0,1.0,0
1.3511,38,0,0.7463,9997.0,3,0,2,0,0.0,0
0.2726,49,0,0.6896,3193.0,5,0,2,0,2.0,0
0.4254,69,0,0.3554,16317.0,6,0,1,0,0.0,0
0.5344,39,0,0.1058,6513.0,7,0,1,0,1.0,0
0.1015,21,0,0.3518,7283.0,8,0,4,0,1.0,1
0.3079,58,0,0.149,7620.0,12,0,0,0,0.0,0
0.3162,46,0,0.3173,7277.0,5,0,0,0,0.0,0
0.3366,83,0,0.3441,2259.0,11,0,0,0,0.0,0
0.2497,56,0,0.3039,9412.0,8,0,1,0,0.0,0
0.4722,69,0,0.3334,11685.0,5,0,3,0,2.0,0
0.6984,45,0,1.0026,3620.0,7,0,0,0,1.0,0
0.7864,60,0,0.7639,5964.0,6,0,1,0,1.0,0
3.2733,57,0,0.1443,,6,0,0,0,2.0,0
0.0019,71,1,0.6503,2422.0,12,0,3,0,2.0,0
1.6515,55,0,0.1907,7184.0,5,0,0,0,1.0,0
0.347,45,0,0.7,6585.0,9,0,1,0,2.0,0
0.4313,67,0,0.8799,12826.0,7,0,1,0,0.0,0
0.3743,42,0,0.8242,4577.0,13,0,1,0,1.0,0
0.6949,41,0,0.4509,,7,0,1,0,0.0,0
0.2571,51,0,0.3384,11433.0,12,0,0,0,1.0,0
1.0204,47,0,0.7003,1545.0,3,0,1,0,2.0,0
0.1766,52,0,0.9438,4794.0,4,0,2,0,2.0,0
0.1812,43,0,0.1563,6778.0,12,0,1,0,2.0,0
0.6041,68,0,0.1399,2308.0,10,0,2,0,1.0,0
0.0825,67,0,0.3409,9142.0,10,0,0,0,0.0,0
0.1529,64,0,0.3518,77389.0,13,0,1,0,0.0,0
0.3571,62,0,0.4368,,7,0,0,0,0.0,0
0.6142,26,0,0.3043,,9,0,0,0,1.0,0
7.1021,54,0,0.3081,3261.0,6,0,0,0,0.0,0
0.9651,64,0,0.2889,5938.0,9,0,2,0,3.0,0
0.6467,71,0,0.8495,3545.0,1,0,4,0,0.0,0
0.2334,49,0,0.5638,,13,0,1,0,0.0,0
0.459,70,0,0.4392,9428.0,4,0,0,0,0.0,0
0.2998,56,1,0.6753,1819.0,6,0,2,2,2.0,0
0.0764,21,0,0.1486,8109.0,10,0,0,0,0.0,0
0.8051,51,0,0.3156,4106.0,9,0,1,0,,0
0.7783,40,0,0.5379,5400.0,3,0,1,0,,0
0.4354,43,0,0.5165,6092.0,7,0,3,0,0.0,0
0.2555,67,0,0.1471,7723.0,6,0,0,0,1.0,0
0.3802,56,0,0.5883,,11,0,0,0,0.0,0
0.0565,45,0,0.2733,16042.0,10,0,0,1,0.0,0
0.5235,43,0,0.9045,4016.0,10,0,3,0,2.0,0
0.6046,58,0,0.1327,8971.0,10,0,0,0,2.0,0
1.0111,49,0,0.4373,,5,0,0,0,1.0,0
0.2579,62,0,0.4539,6226.0,11,0,0,0,1.0,0
10.9293,40,0,0.7022,2837.0,6,0,1,0,0.0,0
0.1557,47,0,0.1145,3092.0,7,0,0,0,0.0,0
1.0393,36,0,0.5249,,7,0,0,0,0.0,1
7.7892,44,0,0.5773,7249.0,8,0,1,0,0.0,0
0.1248,82,0,0.6194,,5,0,2,0,1.0,0
0.1808,42,0,0.5751,4226.0,12,0,0,0,2.0,0
0.9087,45,0,0.3835,5190.0,9,0,1,0,0.0,0
0.4116,40,0,0.819,1338.0,7,0,0,0,0.0,0
0.4738,49,0,0.2366,2026.0,14,0,0,0,0.0,0
0.9169,51,0,0.345,2277.0,4,0,1,0,1.0,0
4.0462,69,4,0.3912,9975.0,3,0,1,0,1.0,0
0.0262,46,0,0.8742,4820.0,7,0,1,0,0.0,0
0.4729,54,0,1.381,,12,0,0,0,1.0,0
0.9165,26,0,0.1827,3283.0,7,0,1,0,2.0,0
0.4046,40,0,0.3762,5903.0,8,1,1,0,1.0,0
0.3879,67,0,0.6077,,7,0,2,0,0.0,0
0.0387,40,0,0.2071,7145.0,7,0,0,0,0.0,0
0.1142,63,0,0.0965,6540.0,7,0,1,0,1.0,0
0.634,39,0,0.1058,3785.0,8,0,2,0,0.0,0
0.4738,50,0,0.1432,,7,0,1,0,1.0,0
0.2093,76,0,0.2909,5558.0,8,0,2,0,1.0,0
0.6649,62,0,0.6596,15293.0,8,0,1,0,3.0,0
4.3553,25,0,1.2479,1942.0,10,0,1,2,0.0,0
0.1501,95,0,0.3373,9251.0,10,0,2,0,0.0,0
0.1768,37,0,0.1993,6658.0,4,0,0,0,0.0,0
0.0205,78,0,0.231,8030.0,8,0,2,0,0.0,0
0.1878,46,0,0.3113,,7,0,0,0,0.0,0
0.3891,35,0,0.5689,1699.0,11,0,3,0,0.0,0
0.2031,46,0,0.4985,5819.0,7,0,1,0,0.0,0
0.842,43,0,0.4999,3901.0,9,0,0,0,0.0,0
0.3006,44,2,0.8584,5775.0,5,0,0,0,0.0,0
0.5972,53,0,0.5269,,5,0,1,0,1.0,0
3.1809,59,0,0.1472,22074.0,10,0,1,0,1.0,0
0.429,72,0,0.9473,6274.0,13,0,0,0,0.0,0
0.4342,55,0,1.0094,,10,0,1,0,0.0,0
0.3219,53,0,0.3636,2667.0,10,0,3,0,0.0,0
1.6506,42,0,0.7358,,9,0,0,0,0.0,0
0.2934,48,0,0.2792,7567.0,10,0,1,0,2.0,0
0.3071,45,0,0.2818,11664.0,7,0,2,0,2.0,0
1.4025,33,0,0.6242,2624.0,7,0,2,0,1.0,1
0.1632,88,0,0.3124,,9,0,4,0,0.0,0
0.1552,55,0,0.3424,2653.0,9,0,1,0,0.0,0
0.6027,56,0,0.666,4727.0,6,0,1,0,2.0,0
7.2892,69,0,0.3629,10559.0,4,0,1,0,0.0,0
0.2481,21,0,0.3587,3071.0,7,0,1,0,1.0,0
0.1689,83,0,0.4301,,10,0,0,0,1.0,0
0.6693,40,0,0.7683,1567.0,6,0,1,0,0.0,0
0.4024,40,0,0.4309,4926.0,3,0,0,0,0.0,0
1.2623,44,0,0.734,,8,0,0,0,0.0,0
1.9468,66,0,0.2329,4896.0,10,0,2,0,1.0,0
0.6886,82,0,0.3164,,7,0,2,0,1.0,1
0.5048,75,0,0.6155,7574.0,10,0,1,0,2.0,0
0.2177,45,0,0.9771,3228.0,10,0,0,0,2.0,0
4.5709,27,0,0.5453,6692.0,12,0,3,0,2.0,0
0.4579,46,0,0.8947,6632.0,14,0,1,0,0.0,0
0.3247,43,0,0.058,4059.0,6,0,0,0,0.0,0
0.5108,29,0,0.5496,,8,0,0,0,0.0,1
0.3945,60,0,0.1857,10392.0,8,0,1,0,1.0,0
1.0005,52,0,0.7181,5661.0,7,0,1,0,1.0,0
0.3474,59,0,0.5007,6037.0,12,0,2,0,0.0,0
0.3148,62,0,0.3942,6068.0,6,0,3,0,2.0,0
0.3708,62,0,0.9061,,9,0,0,0,1.0,0
0.6304,51,0,0.2426,4360.0,17,0,2,0,0.0,0
0.6912,75,0,0.2854,12105.0,8,0,1,0,1.0,0
0.3764,45,0,0.491,7672.0,6,0,0,0,1.0,0
0.3964,43,0,0.6536,5833.0,8,0,2,0,1.0,0
0.781,49,0,0.2624,1843.0,11,0,1,0,2.0,0
0.4188,60,0,0.4343,3787.0,8,0,1,0,3.0,0
0.7779,62,0,0.0696,4471.0,11,0,0,0,2.0,0
0.4699,47,0,0.4635,,9,0,1,0,1.0,1
0.1487,48,0,1.0149,4161.0,10,0,2,0,2.0,0
0.3921,70,0,0.879,6171.0,8,0,0,0,0.0,0
0.1299,34,0,0.5611,3953.0,11,0,1,0,1.0,0
0.5499,90,0,0.6311,7568.0,12,0,0,0,0.0,0
1.6827,48,3,0.8344,9042.0,2,0,2,1,0.0,0
0.5139,49,0,0.5953,,10,0,1,0,2.0,0
0.4389,57,0,0.2832,2916.0,6,0,1,0,0.0,0
0.4076,59,0,0.2261,3214.0,6,0,0,0,0.0,0
0.2786,43,0,0.1438,2700.0,5,0,3,0,0.0,0
1.6039,57,0,0.804,5769.0,5,0,1,0,1.0,0
0.2946,39,0,0.3388,12656.0,8,0,0,0,1.0,0
1.718,44,0,0.0343,11242.0,4,0,0,0,0.0,0
0.4698,30,0,0.6143,2594.0,9,0,0,0,0.0,1
1.5535,54,0,0.3602,4260.0,8,0,2,0,0.0,0
0.0981,50,0,0.6975,2380.0,8,0,0,0,,0
0.4397,24,0,0.7584,8071.0,5,0,3,0,0.0,0
0.1039,42,0,0.4257,,13,0,1,0,0.0,0
0.4362,52,0,0.1925,5881.0,6,0,1,0,1.0,0
0.3,64,0,0.4412,,12,0,1,0,1.0,0
2.7838,34,0,0.2704,12870.0,7,0,0,0,0.0,0
0.1168,48,0,0.5229,4021.0,5,0,0,0,1.0,0
0.0252,37,0,0.6874,2002.0,6,0,0,0,0.0,0
0.1205,62,0,0.8009,,13,0,1,0,1.0,0
0.6245,43,0,0.1374,,1,0,5,0,0.0,0
0.0621,59,0,0.1562,7964.0,10,0,0,0,1.0,0
2.6131,47,0,0.24,,12,0,0,0,0.0,0
1.5458,28,0,0.068,4699.0,6,0,2,0,2.0,1
0.51,51,0,0.5485,,3,0,2,0,0.0,0
0.5237,35,0,0.2881,6999.0,9,0,2,0,0.0,0
0.4215,68,0,0.3818,,6,0,2,0,1.0,0
5.0116,77,0,0.8231,4539.0,5,0,0,0,1.0,0
0.0402,61,0,0.5388,9827.0,6,0,1,0,0.0,0
0.4484,43,0,0.0778,,7,0,3,0,2.0,0
0.4261,52,0,0.2117,15102.0,5,0,0,0,0.0,0
0.9145,56,0,0.4748,6998.0,11,0,1,0,0.0,0
0.0279,67,0,0.4553,4660.0,8,0,1,0,0.0,0
0.5742,49,0,0.5362,14061.0,11,0,0,0,2.0,0
0.0584,58,0,0.9637,,8,0,0,0,2.0,0
0.1772,28,0,0.3552,2881.0,8,0,0,0,0.0,0
0.2059,55,0,1.139,13936.0,4,0,0,0,1.0,0
0.0158,40,0,0.248,10422.0,5,0,1,0,3.0,0
0.171,53,0,0.5924,7462.0,10,0,0,0,1.0,0
0.224,37,0,0.3851,2036.0,9,0,0,0,0.0,0
0.3842,58,0,0.0915,5048.0,16,0,0,0,1.0,0
0.0648,61,0,0.4396,12480.0,6,0,0,0,1.0,0
0.3443,49,0,0.7376,,10,0,1,0,2.0,0
0.3177,40,0,0.17,5753.0,3,0,0,0,2.0,0
0.3416,60,0,0.168,6736.0,7,0,0,0,0.0,0
0.1486,74,0,0.227,3324.0,3,0,0,0,1.0,0
0.3519,79,0,0.4927,4975.0,9,0,0,0,1.0,0
0.1494,58,0,0.9538,12528.0,13,0,0,0,1.0,0
1.3285,56,0,0.1943,2262.0,7,0,0,0,0.0,0
0.3638,34,0,0.1761,3645.0,11,0,2,0,1.0,0
0.6813,70,0,0.8105,5985.0,10,0,1,0,1.0,0
0.5023,21,0,0.3596,3148.0,6,0,1,0,1.0,0
0.2997,69,0,0.1884,3852.0,9,0,2,0,0.0,0
0.929,52,1,0.5145,10450.0,9,0,0,1,2.0,0
1.14,21,1,0.6702,5642.0,5,0,1,0,1.0,0
0.1106,57,0,0.5223,15791.0,9,0,1,0,1.0,0
0.7551,50,0,0.7991,18465.0,11,0,1,0,0.0,0
0.7463,46,0,0.7437,,6,0,2,0,0.0,0
0.6978,48,0,0.2137,6862.0,9,0,1,0,0.0,0
0.1989,52,0,0.6228,6278.0,9,0,3,0,1.0,0
4.1747,52,0,0.7361,4003.0,7,0,0,4,,0
1.2645,31,1,0.4835,,9,0,3,0,0.0,0
0.0207,58,0,0.7474,,11,0,0,0,0.0,0
0.4915,47,0,0.2537,8302.0,13,0,0,0,2.0,0
1.0535,74,0,0.2399,2319.0,3,0,2,0,0.0,0
0.3378,64,0,0.5048,4183.0,8,0,1,0,,0
3.8023,66,0,0.566,3201.0,10,0,3,0,0.0,1
0.4004,78,0,0.1609,11330.0,7,0,1,0,3.0,0
0.3104,62,0,0.3437,3922.0,6,0,1,0,1.0,0
0.0245,50,0,0.3353,,8,0,2,0,1.0,0
0.2317,21,0,1.0958,2554.0,9,0,0,0,1.0,0
0.8162,55,0,0.3109,5714.0,5,0,1,0,0.0,0
0.1313,76,0,0.5272,17035.0,13,0,1,0,1.0,0
0.6151,65,0,0.6957,32511.0,7,0,1,0,3.0,0
0.4309,45,0,0.0828,3148.0,6,0,1,0,0.0,0
0.4238,53,0,0.5753,3394.0,12,0,0,0,2.0,1
0.4316,44,0,0.606,2895.0,5,0,0,0,1.0,0
0.0814,56,0,0.7075,,6,0,2,0,1.0,0
0.2904,45,0,0.7309,,10,0,0,0,2.0,0
0.1314,72,0,0.176,,7,0,1,0,0.0,0
0.2012,54,0,0.5563,2352.0,9,0,0,0,2.0,0
0.5056,56,0,0.5337,12231.0,8,0,2,0,1.0,0
0.5327,40,0,0.381,19150.0,5,0,1,0,1.0,0
0.0009,46,0,0.4186,5876.0,6,0,1,0,0.0,0
0.4295,36,0,0.1694,2215.0,13,0,1,0,1.0,0
0.7497,72,3,0.3846,6195.0,9,0,0,1,1.0,0
0.8242,45,0,0.0731,3421.0,11,0,1,0,1.0,0
0.8594,54,0,0.9891,,12,0,0,0,1.0,0
0.5701,30,0,0.8226,1978.0,7,0,2,0,1.0,0
0.7019,35,0,0.6532,6544.0,5,0,1,0,0.0,0
0.036,48,0,0.496,5107.0,7,0,0,0,4.0,0
5.3044,48,0,0.5133,4723.0,4,0,1,0,1.0,1
2.816,55,0,0.3183,7895.0,5,0,0,0,1.0,0
0.2728,80,0,0.4296,4032.0,9,0,2,0,0.0,0
0.7899,24,0,0.3668,,11,0,3,0,1.0,0
1.4205,66,0,0.3923,13939.0,8,0,0,0,1.0,0
0.292,59,0,0.6321,9140.0,12,0,2,0,0.0,0
0.8028,43,1,0.3854,3013.0,9,0,0,1,1.0,0
0.1251,46,0,0.307,,15,0,0,0,0.0,0
0.0347,68,0,0.7185,5420.0,10,0,0,0,1.0,0
0.0712,51,0,0.0905,8433.0,11,0,3,0,1.0,0
0.4625,47,0,0.1666,,5,0,1,0,0.0,0
0.3872,37,0,0.5854,,12,0,0,0,1.0,0
0.5477,40,0,0.488,7464.0,12,0,1,0,0.0,0
0.0809,35,0,0.3353,4624.0,3,0,0,0,2.0,0
0.2571,64,0,0.94,1829.0,7,0,1,0,1.0,0
0.28,41,0,0.624,2263.0,7,0,1,0,0.0,0
0.1367,35,0,0.7819,8177.0,5,0,3,0,0.0,0
0.0126,54,0,0.5216,5151.0,8,0,2,0,1.0,0
1.0345,41,0,0.323,38875.0,4,0,0,0,1.0,0
0.0754,74,0,0.7487,1982.0,9,0,2,0,1.0,0
0.4618,53,0,0.6205,2148.0,15,0,0,0,1.0,0
0.0992,55,0,0.2477,13809.0,9,0,1,0,0.0,0
0.0682,55,0,0.3583,3863.0,2,0,2,0,0.0,0
0.1844,60,0,0.9263,5133.0,6,0,3,0,0.0,0
0.4804,62,0,0.3606,14886.0,7,0,1,0,0.0,0
0.4017,52,0,0.212,,5,0,1,0,1.0,0
0.0636,38,0,0.5464,2057.0,14,0,2,0,1.0,0
0.0061,50,2,0.7006,7030.0,8,0,4,1,2.0,0
0.0712,53,1,0.5829,7619.0,12,0,1,1,0.0,1
0.5295,29,0,0.9945,5840.0,10,0,2,0,0.0,0
0.3237,23,0,0.4902,7887.0,12,0,1,0,1.0,0
0.3458,35,0,0.591,7762.0,2,0,1,0,0.0,0
0.087,25,0,0.3888,3557.0,6,0,0,0,2.0,0
0.8271,45,0,0.6314,2784.0,8,0,3,0,2.0,0
0.5179,41,0,0.9131,5214.0,8,0,1,0,0.0,0
0.172,53,0,0.1801,4322.0,8,0,0,0,1.0,0
0.4295,62,0,1.2994,3375.0,8,0,3,0,2.0,1
0.3661,56,0,0.7724,1800.0,7,0,1,0,1.0,0
0.199,58,0,0.1,16489.0,9,0,4,0,0.0,0
2.5673,65,0,0.6137,5573.0,10,0,0,0,2.0,0
0.4396,47,0,0.643,12895.0,8,0,2,0,0.0,0
0.0016,21,0,0.5285,3246.0,8,0,0,0,,0
0.4025,28,2,0.184,2464.0,5,0,1,3,1.0,0
0.579,59,0,0.2211,4876.0,7,0,2,0,2.0,0
1.6913,55,0,0.2076,2649.0,11,0,1,0,1.0,0
0.2584,62,0,0.186,8151.0,10,0,0,0,1.0,0
0.4754,92,0,0.8326,11342.0,9,0,2,0,2.0,0
0.2065,55,0,0.4877,15377.0,10,0,2,0,2.0,0
0.1651,51,0,0.4655,1997.0,7,0,1,0,0.0,0
1.1077,57,0,0.1768,5663.0,10,0,0,0,1.0,0
0.037,35,0,0.9383,,8,0,1,0,0.0,0
0.0584,63,0,1.126,2578.0,7,0,1,0,1.0,0
0.684,50,0,0.8499,4334.0,10,0,1,0,2.0,0
0.569,76,0,0.9185,14902.0,9,0,2,0,0.0,0
0.4508,30,0,0.5238,6215.0,6,0,0,0,1.0,0
0.0354,52,0,0.2831,5696.0,8,0,2,0,1.0,0
0.4746,43,0,0.4236,,6,0,3,0,0.0,0
0.4096,37,0,0.1857,7247.0,9,0,1,0,0.0,0
0.6812,61,0,0.7966,5333.0,7,0,0,0,,0
0.2083,48,0,0.6352,,6,0,2,0,,0
1.1848,71,4,0.3147,12889.0,6,1,0,1,1.0,0
0.283,45,0,0.7092,7039.0,8,0,0,0,0.0,0
0.012,47,0,0.093,1910.0,8,0,3,0,1.0,0
0.3513,80,0,0.6062,6364.0,7,0,3,0,0.0,0
0.4669,33,0,0.7909,1353.0,6,0,3,0,0.0,0
0.4374,41,0,0.6818,,6,0,1,0,2.0,0
0.9036,21,0,0.5156,5560.0,11,0,2,0,0.0,0
0.7193,46,0,0.4818,6134.0,12,0,0,0,0.0,0
0.4937,62,0,0.38,11593.0,7,0,1,0,0.0,0
2.48,58,0,0.1823,6440.0,7,0,0,0,0.0,0
0.0564,54,0,0.7553,12775.0,4,0,2,0,0.0,0
2.488,40,0,0.5902,7179.0,7,0,1,0,1.0,0
0.5454,49,0,0.5163,3602.0,12,0,1,0,2.0,0
0.5502,46,0,0.5539,,18,0,2,0,0.0,1
0.543,52,1,0.7353,6870.0,3,0,1,0,0.0,0
0.0136,54,0,0.1314,7107.0,8,0,0,0,2.0,1
0.8233,47,0,0.8075,5324.0,7,0,0,0,1.0,1
0.5577,52,0,0.3124,3267.0,7,0,0,0,0.0,0
0.2253,51,0,0.064,,10,0,1,0,1.0,0
2.9376,43,0,0.3554,1575.0,11,0,1,0,1.0,0
9.3569,53,0,0.3301,5560.0,6,0,3,0,2.0,0
0.2203,34,0,0.2883,13535.0,8,0,1,0,0.0,0
0.4227,55,0,0.211,12452.0,5,0,0,0,2.0,0
0.3652,36,0,0.6106,5955.0,7,0,0,0,2.0,0
0.6967,52,0,0.4723,7475.0,6,0,2,0,2.0,0
0.0712,59,0,0.3494,6144.0,3,0,2,2,0.0,0
3.8865,39,0,0.1041,14461.0,5,0,1,0,0.0,0
0.1779,66,0,0.5448,9664.0,5,0,0,0,1.0,0
0.2559,77,0,1.065,3423.0,9,0,3,0,0.0,0
0.1286,43,0,0.7628,6620.0,6,0,0,0,0.0,0
0.9029,50,0,0.2737,4036.0,3,0,1,0,0.0,0
0.3349,69,0,0.261,,9,0,0,0,1.0,0
5.0655,27,0,0.3002,7474.0,9,0,0,0,0.0,0
0.1528,52,0,0.5256,5733.0,8,0,1,0,0.0,0
0.1691,48,0,0.5263,11777.0,8,0,0,0,1.0,0
0.3556,65,0,0.5055,,4,0,0,0,0.0,0
0.9352,49,1,0.5898,3803.0,7,1,0,0,1.0,0
0.241,58,0,0.2027,13148.0,5,0,4,0,2.0,0
0.8232,40,0,0.1904,1738.0,3,0,1,0,0.0,0
0.3815,65,0,0.7318,,6,0,2,0,1.0,0
0.5014,36,0,1.0713,14320.0,6,0,0,0,2.0,0
0.7242,64,0,0.7466,3062.0,14,0,2,0,1.0,0
0.7944,53,0,0.689,2421.0,12,0,0,0,2.0,0
0.1064,21,1,0.5938,5225.0,10,1,1,2,2.0,0
2.7854,53,0,0.1434,5648.0,6,0,3,0,1.0,0
0.0708,60,0,0.5284,,8,0,2,0,1.0,0
0.0244,35,0,0.5808,4068.0,14,0,1,0,0.0,0
0.1082,40,0,0.3937,3042.0,8,0,0,0,2.0,0
0.6052,53,0,0.6521,13519.0,8,0,3,0,0.0,0
0.0368,45,0,0.0471,5216.0,9,0,0,0,1.0,0
0.3194,57,0,0.143,17038.0,8,0,1,0,0.0,0
0.2776,49,0,0.6559,3350.0,12,0,1,0,0.0,0
0.002,34,0,0.2882,7993.0,7,0,1,0,1.0,0
3.125,85,0,0.2531,8899.0,10,0,2,0,1.0,0
0.1035,47,0,0.0721,6104.0,14,0,1,1,1.0,0
0.3862,54,0,0.1949,5871.0,9,0,1,0,1.0,0
0.2148,77,0,0.4382,9557.0,10,0,0,0,1.0,0
0.2579,64,0,0.521,2599.0,7,0,2,0,2.0,0
0.7637,60,0,0.9547,11561.0,8,0,0,0,2.0,0
0.3785,67,0,0.2314,3264.0,4,0,1,0,0.0,0
0.4986,60,0,0.1167,8282.0,12,0,1,0,1.0,0
0.3557,60,0,0.7972,10640.0,12,0,1,0,4.0,0
0.3138,60,0,0.3189,5194.0,5,0,0,0,0.0,0
0.5065,50,0,0.5198,,12,0,0,0,1.0,0
0.0944,67,0,0.6346,,6,0,1,0,0.0,0
0.0121,61,0,0.4973,13510.0,9,0,2,0,1.0,0
1.607,21,5,1.0416,7916.0,7,1,0,0,0.0,0
1.7157,64,0,0.6128,,6,0,1,0,1.0,1
0.2737,41,0,0.5281,4096.0,8,0,5,0,0.0,0
0.8513,55,0,0.9113,,10,0,2,0,0.0,0
0.0944,29,0,0.3637,2668.0,10,0,2,0,0.0,0
0.1468,44,0,0.3037,,9,0,0,0,1.0,0
3.3626,47,0,1.0388,2814.0,5,0,0,0,0.0,1
3.0145,60,0,0.8722,4724.0,9,0,1,0,1.0,0
0.0234,44,0,0.5689,6096.0,9,0,0,0,2.0,0
0.3766,22,0,0.1719,13478.0,6,0,0,0,,0
1.0811,45,0,0.244,2193.0,3,0,0,0,2.0,0
0.2888,47,0,0.1227,6393.0,7,0,1,0,0.0,0
0.6645,61,1,0.5045,,10,0,1,0,0.0,0
0.2178,54,0,0.9554,9179.0,8,0,0,0,1.0,0
0.1921,41,0,0.5604,3122.0,8,0,1,0,2.0,0
0.7379,56,0,1.246,22899.0,11,0,0,0,0.0,0
0.5985,78,0,0.4871,5864.0,13,0,1,0,3.0,0
0.6137,68,3,0.714,10753.0,15,0,1,0,2.0,0
0.8852,25,0,0.5432,2506.0,4,0,1,0,1.0,1
2.3925,87,0,0.2838,7360.0,6,0,0,0,0.0,0
0.3416,69,0,1.0261,13959.0,8,0,2,0,1.0,0
0.1792,74,0,0.0144,3923.0,7,0,0,0,0.0,0
0.2326,31,0,0.4976,1695.0,13,0,2,0,1.0,0
0.037,46,0,0.5543,2159.0,4,0,2,0,0.0,0
0.3359,60,0,0.2204,4209.0,9,0,2,0,0.0,0
0.5056,36,0,0.3392,4480.0,4,0,1,0,1.0,0
0.2773,59,0,0.3097,7451.0,10,0,2,0,1.0,0
0.7172,75,0,0.7749,6238.0,11,0,2,0,3.0,0
0.0761,47,0,0.7256,17469.0,5,0,0,0,1.0,0
0.3701,76,0,0.7543,5070.0,12,0,0,0,1.0,0
1.0058,62,0,0.3014,,3,0,0,0,2.0,0
1.2346,26,0,0.2938,5920.0,9,0,1,0,0.0,0
0.0131,40,0,0.3624,2494.0,7,0,0,0,2.0,0
1.058,68,0,0.0583,,14,0,1,0,2.0,0
0.3006,38,0,0.26,2274.0,9,0,3,0,0.0,0
0.5128,67,0,0.2177,,8,0,1,0,1.0,0
0.3636,61,0,0.3454,3500.0,6,0,0,0,0.0,0
0.0533,56,0,0.3492,5705.0,12,0,4,0,0.0,0
2.2859,44,0,0.3009,4900.0,8,0,1,0,1.0,0
0.7064,56,0,0.296,,10,0,3,0,1.0,0
0.6895,76,0,0.265,,12,0,0,0,0.0,0
0.0737,47,0,0.7544,2666.0,6,0,3,0,1.0,0
2.5398,61,0,0.6206,7366.0,11,0,3,0,0.0,0
0.3555,80,0,0.899,4230.0,6,0,0,0,1.0,0
0.3473,56,0,0.4892,,15,0,0,0,1.0,0
0.4975,45,0,0.2729,8448.0,7,0,0,0,0.0,0
0.1763,45,0,0.4928,11034.0,10,0,0,0,1.0,0
0.8773,23,0,0.1339,6618.0,7,0,0,0,0.0,1
0.1957,35,0,0.818,9893.0,9,0,0,0,1.0,0
0.519,57,0,0.3605,2537.0,9,0,0,0,0.0,0
0.5795,66,0,0.5489,13975.0,10,0,0,0,2.0,0
0.0126,46,0,1.281,,4,0,2,0,0.0,0
0.0763,65,0,0.5999,14963.0,4,0,0,0,0.0,0
0.4842,65,0,0.1898,4820.0,5,0,1,0,0.0,0
4.5209,41,0,0.0789,2485.0,3,0,0,0,0.0,0
0.4944,44,0,0.3626,5494.0,10,0,0,0,1.0,0
3.0804,33,0,0.4197,2282.0,8,0,1,0,1.0,0
0.0996,62,0,0.4568,7456.0,5,0,1,0,1.0,0
0.1827,52,0,1.027,6099.0,10,0,2,0,1.0,0
0.3267,64,0,0.5105,3773.0,7,0,1,0,3.0,0
0.6817,51,0,0.5624,3458.0,13,0,1,0,1.0,0
0.4167,39,1,0.6224,4851.0,9,0,0,1,0.0,0
0.004,63,1,1.0166,6230.0,4,0,0,0,,0
0.0568,24,0,0.573,1497.0,8,0,0,0,0.0,0
3.2806,47,0,0.2624,4227.0,8,0,1,0,2.0,0
0.6099,41,0,0.5562,2953.0,6,0,0,0,0.0,0
0.4115,73,0,0.2424,3067.0,6,0,0,0,1.0,0
0.4039,76,0,0.6786,2611.0,3,0,0,1,1.0,0
0.1986,58,0,0.2995,,5,0,0,0,0.0,0
0.464,44,0,0.3792,,6,0,1,0,0.0,0
0.178,76,0,0.1428,7130.0,8,0,0,0,0.0,0
0.0155,42,0,0.8546,9149.0,9,0,0,0,0.0,0
0.085,33,0,0.4054,,4,0,0,0,0.0,0
8.3407,24,0,0.3792,5688.0,10,0,0,0,1.0,0
4.5263,53,0,0.2838,,12,0,1,0,1.0,0
0.4736,28,0,0.5959,2363.0,7,0,0,0,0.0,0
0.1056,72,0,0.5613,3932.0,10,0,0,0,0.0,0
0.3853,44,0,0.6868,,9,0,0,0,0.0,0
2.5342,34,0,1.0875,10044.0,7,0,0,0,0.0,0
0.9434,68,0,0.6162,5688.0,9,0,0,0,2.0,0
0.003,64,0,0.1837,,8,0,1,0,0.0,0
1.7357,75,0,0.0782,4067.0,7,0,1,0,0.0,1
7.5153,28,0,0.1363,10185.0,8,0,0,0,0.0,0
1.1692,25,0,0.5167,7039.0,8,0,0,0,1.0,0
0.1736,74,0,0.2481,6515.0,9,0,0,0,0.0,0
0.1997,21,0,0.7705,5916.0,18,0,0,0,3.0,0
0.8704,35,0,0.4535,9706.0,9,0,0,0,0.0,0
0.7863,53,0,0.4172,7030.0,6,0,2,0,0.0,0
0.3289,33,0,0.3283,9584.0,8,0,1,0,1.0,0
0.4372,55,0,0.5388,5022.0,9,0,1,0,2.0,0
0.6915,36,0,0.5691,,10,0,1,0,1.0,1
0.0248,70,0,0.2193,5591.0,6,0,0,0,0.0,0
0.0201,62,0,0.1966,7506.0,5,0,1,0,0.0,0
0.4878,56,0,0.7984,5237.0,11,0,1,0,,1
0.7594,47,0,0.7439,,7,0,0,0,1.0,0
0.4947,38,0,0.4123,4052.0,7,0,1,0,0.0,0
0.9074,50,0,0.6543,,3,0,1,0,2.0,1
0.2602,35,0,0.4628,3841.0,8,0,2,0,0.0,0
0.2031,79,0,0.5399,5516.0,11,0,1,0,0.0,0
0.4617,56,0,0.5751,2545.0,6,0,2,0,1.0,0
0.335,40,0,0.234,17213.0,12,0,1,0,0.0,0
3.8401,74,0,0.3015,,6,0,0,0,2.0,0
1.341,51,0,0.0871,3127.0,9,0,0,0,0.0,0
0.7636,72,0,0.1599,2717.0,14,0,0,0,1.0,1
0.2977,71,0,0.6221,18216.0,5,0,1,0,3.0,0
0.4242,58,0,0.5064,2632.0,12,0,1,0,0.0,0
0.8605,34,0,0.2255,7125.0,7,0,4,0,0.0,0
0.2221,44,0,0.2503,,11,0,2,0,1.0,0
0.2624,95,0,1.1528,8485.0,5,0,2,0,1.0,0
0.7301,44,0,0.4701,5267.0,8,0,0,0,1.0,1
0.206,48,0,0.6904,2915.0,5,0,1,0,1.0,0
0.2083,45,0,0.3219,15851.0,11,0,0,0,0.0,0
0.0026,39,0,0.3207,3945.0,10,0,0,0,0.0,0
0.1745,62,0,0.4531,2503.0,7,0,1,0,0.0,0
0.5593,33,0,0.1306,8897.0,6,0,1,0,2.0,0
0.3532,40,0,0.4095,,7,0,0,0,1.0,0
0.4024,56,0,0.6149,3754.0,12,0,2,0,2.0,0
0.3215,48,0,0.5137,5421.0,7,0,3,0,1.0,0
0.0373,54,0,0.3305,,11,0,0,0,4.0,0
0.157,52,0,0.4395,2511.0,5,0,2,0,0.0,0
0.0808,36,0,0.1971,7619.0,7,0,2,0,0.0,0
1.7778,73,0,0.5504,1477.0,5,0,1,0,0.0,1
0.1196,68,0,0.3016,2202.0,5,0,1,0,2.0,0
0.3565,39,0,0.5198,7549.0,7,0,2,0,1.0,0
0.1711,59,3,0.5167,8060.0,9,0,0,1,1.0,0
0.4644,45,0,0.3191,5510.0,6,0,0,0,1.0,0
0.7676,67,0,0.1636,,8,0,0,0,1.0,0
2.4707,64,1,0.6661,5765.0,10,0,0,0,0.0,0
0.3509,70,0,0.0712,,8,0,0,0,0.0,0
1.5405,39,0,0.236,6527.0,6,0,1,0,0.0,0
0.2701,33,0,0.4221,1482.0,7,0,0,0,1.0,0
0.1146,26,0,1.2286,6331.0,8,0,1,0,0.0,0
0.2217,89,0,0.2303,7184.0,10,0,1,0,0.0,0
0.4723,65,0,0.6123,8250.0,10,0,0,0,0.0,0
0.2492,69,0,0.9382,6061.0,5,0,3,0,2.0,0
0.1048,32,0,0.5028,6549.0,9,0,2,0,0.0,0
0.0025,61,0,0.223,3977.0,4,0,2,0,1.0,0
0.443,28,0,0.1928,6818.0,10,0,0,0,0.0,0
9.4572,58,3,0.5856,,7,0,1,0,0.0,0
0.5367,52,0,0.5161,6175.0,9,0,3,0,1.0,0
0.9308,48,0,0.3388,2493.0,6,0,0,0,0.0,0
0.0562,44,0,0.3915,12833.0,11,0,0,0,0.0,0
2.8378,68,0,0.63,5187.0,4,0,1,1,0.0,0
0.7081,45,0,0.6603,,6,0,0,0,4.0,0
0.3863,71,0,1.0095,2775.0,8,0,0,0,1.0,0
0.1615,51,0,0.6315,4827.0,6,0,0,0,1.0,0
0.2452,57,0,0.6001,5273.0,4,0,2,0,0.0,0
0.0769,60,0,0.898,6235.0,5,0,1,0,0.0,0
0.4167,58,0,0.384,5119.0,7,0,3,0,0.0,0
0.4938,55,0,0.2753,3283.0,9,0,4,0,,0
0.4561,82,0,0.1492,2004.0,7,0,2,0,1.0,0
2.7762,68,0,1.1206,676.0,11,0,1,0,0.0,0
0.3645,21,0,0.3405,8716.0,5,0,0,0,1.0,0
0.1273,49,0,0.2927,5827.0,9,0,0,0,0.0,0
0.413,73,0,0.7027,6277.0,10,0,0,0,2.0,0
0.2578,41,3,0.589,10084.0,7,1,0,0,1.0,1
0.266,52,0,0.5124,,4,0,1,0,0.0,0
0.6059,53,0,0.5807,5783.0,7,0,1,0,0.0,0
0.105,74,0,1.2407,10106.0,3,0,1,0,2.0,0
0.3316,37,0,0.1216,5415.0,9,0,1,0,2.0,0
0.6636,39,0,0.6675,4498.0,4,0,0,0,3.0,0
0.6105,59,1,0.5526,3004.0,8,0,1,0,2.0,0
0.8168,57,0,0.4901,6488.0,13,0,2,0,0.0,0
4.6358,59,0,0.912,4912.0,12,0,1,0,1.0,0
0.3537,57,0,1.2466,7724.0,8,0,0,0,0.0,0
0.1331,50,0,0.1377,,11,0,0,0,3.0,0
0.0961,60,0,0.7022,2353.0,7,0,2,0,1.0,0
0.3069,55,0,0.4574,5893.0,13,0,0,0,2.0,0
0.5068,49,0,0.2842,2315.0,7,0,1,0,0.0,0
0.3934,51,0,0.3258,9398.0,4,0,0,0,1.0,0
0.2058,44,2,0.8708,4181.0,8,1,1,0,0.0,0
0.8077,42,0,0.4863,3498.0,9,0,1,0,1.0,0
0.5055,60,0,0.9834,7379.0,9,0,0,0,2.0,0
0.1714,34,0,1.0143,14889.0,8,0,0,0,2.0,0
0.0061,62,0,0.383,3069.0,5,0,1,0,0.0,0
0.4751,48,0,0.812,3219.0,4,0,2,0,0.0,1
0.4182,51,0,0.5537,9891.0,11,0,1,0,1.0,0
0.5432,50,0,0.4413,4221.0,12,0,0,0,0.0,0
0.2549,59,0,0.5253,,4,0,0,0,0.0,0
0.1423,73,0,0.076,7783.0,8,0,2,0,0.0,0
0.6644,77,0,0.3166,2909.0,4,0,0,0,0.0,0
0.4482,67,0,0.1478,5208.0,9,0,1,0,0.0,0
0.0697,53,0,0.769,,7,0,0,0,0.0,0
0.1292,63,0,0.148,,8,0,0,0,0.0,0
0.0168,24,0,0.2783,3541.0,9,0,2,0,0.0,0
0.0168,61,0,0.6887,2586.0,15,0,0,0,0.0,0
0.1965,57,0,0.7236,7190.0,4,0,0,0,2.0,0
0.0265,30,0,0.4869,6131.0,8,0,1,0,1.0,0
1.6114,44,1,0.7222,16287.0,2,0,1,1,1.0,0
0.2742,56,0,0.0547,5554.0,8,0,1,0,1.0,0
0.0874,57,0,0.5482,4681.0,4,0,2,0,1.0,0
0.4161,65,0,0.913,4524.0,7,0,3,0,2.0,0
0.0169,75,0,0.2984,3159.0,6,0,2,0,3.0,0
0.6676,50,0,0.635,15926.0,15,0,3,0,1.0,0
0.8149,36,0,0.6255,,10,0,1,0,3.0,1
0.5437,64,0,0.5968,3796.0,5,0,1,0,1.0,0
1.0936,70,0,0.4605,15466.0,12,0,3,0,0.0,0
2.5529,70,0,0.2501,7774.0,9,0,2,0,2.0,0
0.571,59,0,0.6145,14146.0,11,0,0,0,0.0,0
0.597,80,0,0.1264,3489.0,8,0,1,0,1.0,0
0.2544,48,0,0.2451,5394.0,13,0,1,0,0.0,0
0.1141,74,0,0.6,,8,0,1,0,2.0,0
0.2536,36,0,0.4988,,9,0,0,0,1.0,0
0.2164,21,0,0.3897,10276.0,4,0,0,0,1.0,0
0.7818,36,0,0.3826,18492.0,9,0,1,0,0.0,0
0.89,44,2,0.4654,,14,3,1,0,0.0,0
0.7092,52,0,0.2528,9024.0,4,0,2,0,0.0,0
0.4374,39,0,0.6248,4244.0,10,0,1,0,1.0,0
0.5963,54,0,0.51,12538.0,9,0,1,0,0.0,0
0.0654,61,0,0.1884,6760.0,8,0,2,0,3.0,0
0.2589,57,0,0.4437,4982.0,11,0,2,0,2.0,0
2.0721,50,0,1.1318,3359.0,9,0,0,0,1.0,0
2.883,69,0,0.2187,,4,0,2,0,0.0,1
0.4392,41,0,0.1185,3012.0,2,0,0,0,1.0,0
0.7614,49,0,0.402,4484.0,9,0,1,0,1.0,0
0.561,44,0,0.33,,7,0,3,0,1.0,0
0.147,61,1,1.1931,23981.0,13,0,2,1,2.0,1
0.1537,46,0,0.2846,19455.0,12,0,3,0,0.0,0
0.4474,58,0,0.7678,,8,0,1,0,0.0,0
0.8267,63,0,0.4866,3500.0,5,1,0,0,0.0,0
0.2235,45,0,0.4376,4272.0,4,0,0,0,1.0,0
0.0444,30,0,0.4553,4511.0,7,0,0,0,0.0,0
0.4737,49,0,0.1044,,9,0,0,0,1.0,0
0.5622,41,0,0.6863,16358.0,5,0,0,0,0.0,0
0.5034,43,0,0.1287,9647.0,7,0,0,0,0.0,0
0.348,21,0,0.4593,6076.0,13,0,0,0,0.0,0
5.5249,29,0,0.4302,,7,0,1,0,4.0,0
0.2347,63,0,1.0683,12407.0,5,0,1,0,0.0,0
1.4882,39,0,0.0257,1232.0,10,0,1,0,1.0,0
0.1918,68,0,0.2099,,8,0,1,0,0.0,0
0.2658,42,0,0.5458,2331.0,8,0,3,0,2.0,0
0.0203,59,0,0.9096,4009.0,15,0,0,0,1.0,0
0.1497,48,0,0.4198,6744.0,15,0,1,0,3.0,0
0.4407,61,0,0.1861,4768.0,6,0,2,0,0.0,1
0.3312,48,0,0.3358,2215.0,3,0,1,0,0.0,0
0.325,55,0,0.4711,,6,0,0,0,1.0,0
0.289,69,0,0.5004,13093.0,7,0,1,0,1.0,0
1.6033,59,1,0.7957,,8,0,0,0,0.0,1
0.4125,42,0,0.8458,,7,0,3,0,1.0,0
0.6813,26,0,1.1326,3842.0,6,0,1,0,1.0,0
0.3783,50,2,0.4742,,4,0,1,0,1.0,0
0.4262,58,0,0.9382,4085.0,10,0,1,0,0.0,0
0.0412,54,0,0.423,3214.0,8,0,0,0,0.0,0
5.6016,40,0,0.4204,1829.0,5,0,0,0,2.0,0
0.4224,54,0,0.5154,,9,0,1,0,0.0,0
0.654,61,0,0.0915,,9,0,4,0,2.0,0
0.7535,72,0,0.0635,,5,0,2,0,0.0,0
0.7384,49,0,0.393,8021.0,5,0,0,0,1.0,0
1.0882,86,0,0.6103,3447.0,9,0,1,0,0.0,0
0.3245,72,0,0.4748,2051.0,9,0,0,0,3.0,0
0.0709,54,0,0.5895,,14,0,1,2,2.0,0
0.5733,56,0,0.4969,7735.0,12,0,2,0,4.0,0
0.1987,71,0,0.2248,,5,0,1,0,0.0,0
0.4896,39,0,0.8885,12318.0,8,0,0,0,0.0,0
0.0416,41,0,0.1715,3063.0,9,0,0,0,0.0,0
0.4003,34,0,0.7366,1986.0,10,0,0,0,0.0,0
0.6842,48,0,0.2834,,2,0,2,0,0.0,0
6.0586,40,0,0.2462,2115.0,13,0,0,0,1.0,0
0.3834,47,0,0.48,4799.0,9,0,1,0,1.0,0
0.5676,52,0,0.5145,9607.0,7,0,1,0,0.0,0
0.4039,33,0,0.3323,,5,0,1,0,1.0,0
0.2954,71,0,0.495,4837.0,7,0,1,0,1.0,0
0.3229,69,0,0.5481,7097.0,7,0,0,0,2.0,0
0.3107,46,0,0.3594,1852.0,7,0,0,0,0.0,0
1.359,73,0,0.256,5509.0,7,0,0,0,1.0,0
0.152,57,0,0.4799,,11,0,0,0,1.0,0
0.0815,67,0,0.4974,3973.0,8,0,3,0,1.0,0
0.2418,33,0,0.8447,2531.0,5,0,1,0,1.0,0
0.1561,47,0,0.0427,8125.0,7,0,1,0,0.0,0
0.5275,61,0,0.9713,2808.0,5,0,1,0,0.0,0
0.2912,50,0,0.6053,2224.0,8,0,2,0,0.0,0
6.8285,50,0,0.594,4968.0,6,0,2,0,1.0,0
1.0595,50,0,0.722,4048.0,10,0,0,0,2.0,0
0.3496,57,0,0.8992,17339.0,10,0,0,0,2.0,0
0.8019,54,0,0.6045,6253.0,9,0,1,0,0.0,0
2.6878,74,0,0.0477,3157.0,12,0,0,0,0.0,0
0.3197,38,0,0.1372,5640.0,6,0,1,0,0.0,0
1.5508,53,0,0.4485,14905.0,8,0,1,0,2.0,0
0.5786,62,0,0.3873,3807.0,8,0,1,0,1.0,0
0.0584,35,0,0.4297,,8,0,1,0,2.0,0
0.2751,47,0,0.3096,7280.0,9,0,0,0,0.0,0
0.2948,54,2,0.5906,,9,0,0,0,2.0,0
0.237,73,0,0.413,8876.0,4,0,0,0,1.0,0
0.1229,54,0,1.0011,9477.0,6,0,0,0,0.0,0
0.6791,63,0,1.0179,,6,0,1,0,0.0,0
0.6271,64,0,0.1436,,8,0,0,0,0.0,0
0.4916,21,0,0.9899,4743.0,11,0,2,0,2.0,0
4.2682,53,0,0.5496,4549.0,7,0,0,0,2.0,0
0.6622,46,0,0.3211,2731.0,7,0,1,0,1.0,0
0.7521,73,0,0.7184,8995.0,6,0,1,0,1.0,0
0.54,62,0,0.149,5140.0,12,0,1,0,0.0,1
0.7613,64,0,0.3111,,8,0,2,0,0.0,0
0.4267,59,0,0.1844,,8,0,1,0,0.0,0
0.741,53,0,0.1589,,16,0,1,0,0.0,0
0.1735,64,0,0.6291,,5,0,0,0,1.0,0
0.5537,52,0,0.5246,,9,0,4,0,0.0,1
0.484,70,0,0.0657,,5,0,0,0,2.0,1
0.3125,37,0,0.0219,5138.0,4,0,1,0,0.0,0
2.9435,67,0,0.8344,4765.0,5,0,2,0,2.0,0
0.5733,47,0,0.2493,4461.0,9,0,1,0,2.0,0
1.4249,62,1,0.1706,1836.0,7,0,1,0,,0
0.3322,30,0,0.5635,3146.0,8,0,2,0,2.0,0
0.1533,56,0,0.5369,7318.0,7,0,1,0,2.0,0
0.1042,50,0,0.07,5238.0,9,0,0,0,0.0,0
0.0131,51,0,1.1879,12544.0,10,0,4,0,0.0,0
0.4119,27,0,0.651,,12,0,1,0,0.0,0
0.0424,52,0,0.1884,7330.0,7,0,1,0,0.0,0
0.4887,54,0,0.8716,,11,0,1,0,0.0,1
4.5174,27,0,0.8442,4562.0,6,0,3,0,1.0,0
0.2719,36,0,0.1149,5515.0,9,0,0,0,0.0,0
0.159,54,0,0.1939,4891.0,4,0,1,0,1.0,0
0.9305,58,0,0.3441,4825.0,10,0,0,0,0.0,0
0.9341,51,0,0.1986,2780.0,4,0,2,0,1.0,0
0.3622,53,0,0.2043,6387.0,2,0,2,0,0.0,0
1.3388,52,0,0.7112,3125.0,5,0,0,0,0.0,0
0.5768,44,0,0.3878,8133.0,10,0,2,0,1.0,0
0.0372,50,0,0.322,6679.0,8,0,1,0,1.0,0
0.5154,32,0,0.1584,2584.0,10,0,0,0,0.0,0
0.4379,44,0,0.3258,,8,0,1,0,2.0,0
0.3763,51,0,0.7021,4836.0,5,0,2,0,1.0,0
4.3901,69,0,0.3378,31307.0,8,0,2,0,1.0,0
0.6124,50,0,0.3362,2782.0,6,0,1,0,0.0,0
2.4811,81,0,0.9799,9632.0,3,0,0,0,1.0,0
0.5335,79,0,0.5186,2096.0,13,0,1,0,1.0,1
0.2721,53,0,0.4221,3623.0,8,0,3,0,0.0,0
0.0657,46,0,1.0329,,9,0,1,0,1.0,0
0.108,84,0,0.4481,4857.0,15,0,2,0,0.0,0
0.5893,62,0,1.1825,4969.0,12,0,1,0,1.0,0
2.9172,58,0,0.185,4644.0,5,0,1,0,1.0,0
0.0697,42,0,0.5771,3832.0,8,0,0,0,0.0,0
3.148,46,0,0.2888,,7,0,0,0,0.0,0
0.3191,38,0,0.5637,4619.0,8,0,1,0,2.0,0
0.9832,73,0,0.0783,,4,0,0,0,2.0,0
0.8052,59,0,0.2664,11882.0,11,0,0,0,1.0,0
0.33,48,0,0.2868,,7,0,1,0,0.0,0
0.2728,45,0,0.4062,3011.0,10,0,0,0,0.0,0
0.2563,38,0,0.3571,,9,0,1,0,0.0,0
0.1326,51,0,0.5029,13163.0,8,0,2,0,0.0,0
0.4587,54,0,0.8198,7828.0,13,0,0,0,0.0,0
0.3154,21,0,0.3481,9357.0,6,0,1,0,,0
0.2541,39,0,0.2088,,8,0,0,0,0.0,0
0.4692,43,0,0.8045,4940.0,3,0,1,0,1.0,0
0.4469,67,0,0.6091,11789.0,8,0,1,0,0.0,0
2.1002,44,0,0.7166,,15,0,0,0,1.0,0
0.0392,27,0,0.8484,6092.0,7,0,0,0,0.0,0
0.1856,37,0,0.3846,3693.0,9,0,2,0,4.0,0
0.5935,76,0,0.4129,4238.0,8,0,0,0,1.0,0
0.285,47,0,0.6281,2579.0,11,0,0,0,0.0,0
0.2888,37,0,0.4722,,4,0,1,0,0.0,0
0.015,29,0,0.5883,,7,0,1,0,0.0,0
4.014,52,0,0.231,5276.0,10,0,0,0,0.0,0
0.1175,54,0,0.3267,11927.0,8,0,1,0,2.0,0
3.8657,58,0,0.6342,,8,0,1,0,1.0,0
0.3323,90,0,0.1575,5601.0,8,0,1,0,0.0,0
6.3979,35,1,0.942,4971.0,7,0,0,3,1.0,0
2.2763,47,0,0.2719,9081.0,5,0,0,0,0.0,0
0.162,56,0,0.052,3595.0,5,0,2,0,2.0,0
0.1115,46,0,0.3942,8107.0,6,0,2,0,,0
0.2092,23,0,0.2565,1900.0,7,0,1,0,0.0,0
0.2375,59,0,0.8568,8108.0,15,0,3,0,0.0,0
0.1132,43,0,0.5087,3070.0,7,0,2,0,1.0,0
0.343,37,0,0.2833,,7,0,1,0,1.0,0
0.4639,39,0,0.0343,9867.0,7,0,1,0,1.0,0
0.7456,74,0,0.3892,2145.0,2,0,1,0,1.0,0
0.1618,70,0,0.177,2899.0,5,0,1,0,0.0,0
0.0499,37,0,0.4366,7714.0,9,0,0,0,1.0,0
0.1369,28,0,0.35,2650.0,10,0,1,0,1.0,0
0.9021,65,0,0.6433,7637.0,13,0,0,0,1.0,0
0.1066,81,0,0.4749,3713.0,9,0,2,0,2.0,0
0.7496,85,0,0.3245,4622.0,11,0,2,0,1.0,0
0.3794,32,0,0.1585,7077.0,6,0,0,0,0.0,0
0.3394,71,0,0.3602,,12,0,0,0,0.0,0
0.1559,52,0,0.1516,10411.0,11,0,2,0,0.0,0
0.3213,25,0,0.4948,4217.0,11,0,0,0,2.0,0
0.3349,40,0,0.1075,5357.0,12,0,0,0,1.0,0
0.0642,41,0,0.2772,5548.0,14,0,0,0,1.0,0
0.2156,59,0,0.5278,9915.0,10,0,1,0,0.0,0
0.0109,33,0,0.1449,2054.0,8,0,0,0,0.0,0
0.2487,65,0,0.3918,10207.0,6,0,2,0,1.0,0
0.5968,59,3,0.8522,6308.0,11,1,1,1,1.0,0
0.1101,66,0,0.3873,11269.0,8,0,1,0,1.0,0
0.3046,43,0,0.5412,3190.0,6,0,0,0,1.0,0
0.0847,58,0,0.2987,1954.0,13,0,2,0,0.0,0
0.0516,37,0,0.5956,5032.0,11,0,3,0,,0
0.0646,61,0,0.6598,7972.0,10,0,1,0,0.0,0
0.1938,49,0,0.6505,4103.0,8,0,2,0,0.0,0
0.6909,50,0,0.2195,6768.0,7,0,1,0,1.0,0
0.1473,52,0,0.8677,,12,0,2,0,0.0,0
1.3203,28,0,0.5572,12986.0,7,0,0,0,0.0,0
0.0031,69,0,0.5048,4832.0,10,0,0,0,3.0,1
0.6807,53,3,0.7302,2623.0,7,0,0,1,0.0,0
0.1752,69,0,0.8254,11063.0,7,0,2,0,0.0,0
0.0159,68,0,0.2094,,5,0,0,0,1.0,0
0.255,41,0,0.2987,6539.0,14,0,0,0,0.0,0
0.2405,48,0,0.5179,6229.0,9,0,0,0,1.0,0
0.4209,30,0,0.4165,3441.0,9,0,3,0,1.0,0
0.3212,69,0,0.3609,6502.0,10,0,1,0,0.0,0
0.679,57,0,0.5669,10323.0,4,0,0,0,0.0,0
0.2644,55,0,0.3104,16098.0,10,0,1,0,0.0,0
0.1919,48,0,0.515,,10,0,1,0,0.0,0
0.4656,38,1,0.4788,3397.0,4,1,3,1,3.0,0
0.1632,70,0,0.5639,4085.0,7,0,0,0,1.0,0
0.2226,80,0,0.6209,6813.0,9,0,1,0,3.0,0
1.0408,71,0,0.1782,,5,0,0,0,1.0,0
0.3449,50,0,0.5999,,8,0,0,0,1.0,0
0.766,57,0,0.2429,3905.0,5,0,1,0,0.0,0
0.1166,67,0,0.8972,7170.0,6,0,3,0,0.0,0
5.5185,53,0,0.0693,,9,0,0,0,0.0,1
0.4074,79,0,0.5357,6989.0,10,0,0,0,1.0,0
0.2597,69,0,0.6064,,9,0,0,0,0.0,0
0.8836,91,0,0.2762,3884.0,9,0,0,0,0.0,1
0.3636,55,0,0.4483,4568.0,11,0,2,0,1.0,0
8.5966,21,0,0.7012,6169.0,5,0,1,0,0.0,0
0.2901,53,0,0.7309,5928.0,6,0,0,0,0.0,0
1.0123,47,0,0.0703,,12,0,1,0,3.0,0
0.4875,54,0,0.5422,8124.0,8,0,2,0,0.0,0
0.5724,77,0,0.5716,,12,0,0,0,0.0,0
0.3123,44,0,0.5924,,6,0,1,0,1.0,0
1.6981,40,0,0.8521,3529.0,7,0,0,0,0.0,0
2.6922,43,0,0.2941,14197.0,9,0,2,0,1.0,0
0.6854,82,0,0.6286,5162.0,9,0,1,0,0.0,1
0.2818,46,3,0.5458,6609.0,6,0,2,0,0.0,0
0.1312,56,0,0.4635,3336.0,8,0,1,0,2.0,0
0.7264,78,0,0.2311,,7,0,1,0,1.0,0
0.3097,61,0,0.115,7662.0,5,0,0,0,0.0,0
0.4356,21,0,0.5519,5645.0,6,0,1,0,0.0,0
2.5562,45,1,0.9976,10872.0,4,0,2,0,1.0,0
0.0062,43,2,0.8255,2543.0,8,0,3,0,2.0,0
3.5388,28,0,0.9463,3894.0,12,0,0,0,0.0,1
0.099,45,0,0.2229,2986.0,6,0,0,0,0.0,0
1.4701,21,0,0.7338,,17,0,0,0,0.0,0
0.7783,57,0,0.3656,4677.0,7,0,0,0,2.0,0
0.421,52,0,0.7081,1421.0,8,0,2,0,0.0,0
0.006,42,0,0.151,13312.0,9,0,0,0,0.0,0
0.5884,27,0,0.333,9948.0,7,0,2,0,0.0,0
0.0359,72,0,0.3352,3386.0,13,0,1,0,0.0,0
1.6746,44,0,0.4495,1635.0,5,0,3,0,,0
0.0598,67,0,0.6534,,4,0,1,0,0.0,0
0.2391,50,0,0.6393,5739.0,12,0,2,0,1.0,0
0.2684,72,0,0.2188,10085.0,7,0,0,0,0.0,0
3.0291,60,0,0.825,5508.0,7,0,1,0,0.0,0
0.415,54,0,0.5839,3117.0,6,0,0,0,1.0,0
0.8206,40,0,0.1176,6894.0,9,0,0,0,0.0,0
0.6002,70,0,0.6911,3096.0,8,0,0,0,2.0,0
0.2362,49,0,0.3638,6680.0,6,0,2,0,0.0,0
0.4779,41,0,0.5487,6360.0,12,0,0,0,1.0,0
0.8912,50,0,0.3295,16342.0,11,0,0,0,2.0,0
0.313,51,0,0.163,6572.0,8,0,0,0,0.0,0
0.295,64,0,0.1835,2588.0,10,0,0,0,1.0,0
0.061,26,0,0.0792,12156.0,10,0,2,0,0.0,0
0.4814,85,0,0.3538,,3,0,0,0,2.0,0
4.0927,58,2,0.8868,12713.0,7,0,0,0,1.0,0
0.6143,52,0,1.3222,5671.0,10,0,0,0,1.0,0
0.125,58,0,0.1824,5058.0,9,0,0,0,0.0,0
0.4276,31,0,0.3148,,12,0,0,0,1.0,0
0.266,54,0,0.533,4925.0,8,0,0,0,1.0,0
0.4586,61,0,0.449,,9,0,0,0,0.0,0
0.8213,48,0,0.4626,5835.0,9,0,1,0,1.0,0
0.648,59,0,0.8563,2623.0,8,0,1,0,2.0,0
0.0844,63,0,0.4541,7852.0,11,0,0,0,1.0,0
0.4892,42,0,0.4159,6417.0,6,0,5,0,1.0,0
0.5438,69,0,0.4128,8408.0,10,0,3,0,1.0,0
0.7834,51,2,0.2427,7825.0,12,0,2,0,2.0,0
0.0435,79,0,0.219,9954.0,5,0,0,0,0.0,0
0.0758,70,0,0.335,3741.0,8,0,1,0,3.0,0
0.4286,58,0,0.335,2818.0,7,0,2,0,1.0,0
0.0753,41,0,0.5276,1709.0,8,0,0,0,0.0,0
0.015,50,0,0.1836,2793.0,9,0,0,0,0.0,0
2.9001,66,0,0.4216,7367.0,11,0,1,0,0.0,0
0.6912,44,0,0.1334,,9,0,1,0,1.0,0
0.0786,58,0,0.529,3798.0,8,0,1,0,1.0,0
0.029,60,0,0.3256,14472.0,6,0,0,0,1.0,0
0.8164,50,0,0.3542,1988.0,10,0,1,0,2.0,0
1.4691,40,0,0.3954,10570.0,4,0,0,0,1.0,0
0.7705,74,0,0.0947,11934.0,7,0,0,0,3.0,0
0.3268,59,0,0.4653,3558.0,9,0,3,0,2.0,0
2.244,48,0,0.7998,,8,0,0,0,0.0,0
1.664,41,0,0.7211,6510.0,7,0,0,0,0.0,0
0.7444,65,0,0.6779,4614.0,13,0,4,0,4.0,0
0.3548,51,0,1.1328,,11,0,0,0,3.0,0
0.6138,66,0,0.3156,6834.0,4,0,1,0,1.0,0
0.1088,39,0,0.6651,16597.0,10,0,1,0,1.0,0
0.571,56,0,0.7983,3607.0,6,0,0,0,0.0,0
0.0191,45,0,0.6205,9756.0,8,0,1,0,,0
2.5648,76,0,0.4321,1726.0,12,0,2,0,1.0,0
0.2769,57,0,0.0904,11127.0,7,0,0,0,0.0,0
0.1636,38,0,0.3741,1583.0,13,0,0,0,2.0,0
0.0267,65,0,0.3971,4416.0,7,0,1,0,,0
0.4468,69,0,0.3973,,3,0,1,0,0.0,0
3.2758,47,0,0.3021,9927.0,6,0,0,0,1.0,0
0.9117,41,0,0.9254,,6,0,0,0,3.0,0
0.4626,21,0,0.5931,2616.0,10,0,1,0,0.0,0
0.3793,67,0,0.7126,3673.0,6,0,2,0,1.0,0
0.1425,27,0,0.4497,2467.0,8,0,0,0,1.0,0
0.3015,51,0,0.3272,,8,0,1,0,0.0,0
0.071,28,0,0.1796,,11,0,2,0,0.0,0
0.2722,77,0,0.5725,5403.0,7,0,2,0,0.0,0
4.0314,71,4,0.2849,,8,0,0,1,1.0,0
0.0452,56,0,0.6221,10221.0,6,0,4,0,1.0,0
0.1698,67,3,0.589,,9,0,2,0,0.0,0
0.6683,50,0,0.1378,9222.0,5,0,0,0,1.0,0
0.2644,40,0,0.0565,4771.0,10,0,2,0,2.0,0
0.2078,29,0,0.1288,6831.0,8,0,0,0,0.0,1
0.4752,63,0,0.2985,2803.0,6,0,0,0,0.0,0
0.1639,38,0,0.4485,23819.0,7,0,1,0,3.0,0
0.5504,87,0,0.5404,,18,0,0,0,1.0,0
0.0762,36,0,0.4616,4359.0,13,0,1,0,,0
7.6012,66,0,1.1126,8037.0,5,0,2,0,0.0,0
0.5322,70,0,0.0929,8694.0,6,0,0,0,,0
0.3302,33,0,0.6476,,5,0,0,0,1.0,0
0.6462,46,0,0.2928,1725.0,8,0,1,0,0.0,0
0.6281,49,0,0.9051,5146.0,8,0,1,0,0.0,1
3.6298,95,0,0.0974,7134.0,7,0,0,0,1.0,0
0.337,49,0,0.3715,,7,0,1,0,1.0,0
0.5386,36,0,0.578,5081.0,8,0,0,0,2.0,0
3.4398,59,0,0.4007,,5,0,3,0,0.0,0
0.2541,37,0,0.5118,2716.0,10,0,2,0,2.0,0
0.0758,51,0,0.8897,3481.0,8,0,0,0,0.0,0
0.708,46,0,0.9666,,8,0,0,0,1.0,0
0.3713,59,0,0.5214,11993.0,10,0,2,0,0.0,0
0.3854,44,0,0.4488,,5,0,1,0,1.0,0
0.7124,42,0,0.3888,9022.0,8,0,0,0,2.0,0
0.4561,67,0,0.5912,7014.0,8,0,0,0,0.0,0
0.0863,56,0,0.3345,,5,0,1,0,0.0,0
6.0391,52,0,0.4252,2073.0,10,0,0,0,0.0,0
2.8224,25,0,0.1815,5486.0,4,0,2,0,1.0,1
0.5802,61,0,0.1235,3674.0,4,0,1,0,0.0,0
0.6039,45,0,0.6691,7361.0,15,0,2,0,0.0,0
0.7097,56,0,0.0629,,10,0,2,0,1.0,0
3.1827,26,0,0.2032,2698.0,9,0,0,0,1.0,0
0.4291,56,0,0.3741,,5,0,0,0,2.0,0
8.0932,55,0,0.2275,5776.0,12,0,0,0,1.0,0
0.6485,49,0,0.4262,,13,0,2,0,0.0,0
0.696,40,0,0.1299,8459.0,6,0,0,0,1.0,0
0.0961,68,0,0.3009,7657.0,6,0,0,0,0.0,0
0.3702,42,0,0.5055,,13,0,0,0,1.0,0
0.5654,65,0,0.256,36582.0,5,0,1,0,1.0,0
0.3135,67,0,0.8501,4303.0,10,0,0,1,0.0,0
0.9552,40,2,0.0304,5519.0,9,0,1,0,0.0,0
4.3259,62,0,0.1442,4779.0,2,0,1,0,0.0,0
0.0178,46,0,0.2069,21233.0,8,0,2,0,2.0,0
0.3645,61,0,0.1991,5904.0,8,0,0,0,1.0,0
0.047,39,0,0.6552,4493.0,7,0,2,0,0.0,0
0.2189,50,0,0.4471,3348.0,5,0,1,0,2.0,0
1.8479,53,1,0.7955,,5,0,1,0,,0
0.712,52,0,0.4469,4459.0,13,0,2,0,1.0,0
0.4742,57,0,0.2545,,10,0,2,0,1.0,0
0.1284,41,0,0.8752,3850.0,6,0,3,0,0.0,0
4.4433,44,0,0.2833,5455.0,6,0,0,0,0.0,0
0.0686,62,0,0.2304,7420.0,6,0,1,0,1.0,0
0.7238,46,0,0.407,5710.0,8,0,3,0,0.0,0
0.6602,45,0,0.5168,4334.0,9,0,0,0,0.0,0
0.8422,40,0,0.2555,,12,0,2,0,0.0,0
4.1717,46,0,0.9885,3808.0,11,0,0,0,1.0,0
0.047,38,0,0.3767,9610.0,7,0,1,0,1.0,0
0.3795,62,0,1.1739,1878.0,6,0,1,0,1.0,0
0.756,46,0,0.569,4626.0,4,0,2,0,,0
1.1018,37,0,0.282,1855.0,4,0,1,0,0.0,0
3.6192,49,0,0.0449,4128.0,10,0,1,0,0.0,1
0.5558,32,0,1.1545,,2,0,1,0,1.0,1
0.62,40,0,0.8315,9398.0,8,0,0,0,0.0,0
0.5226,71,0,0.8813,,9,0,1,0,2.0,1
0.4812,37,0,0.4645,2744.0,2,0,1,0,0.0,0
2.9474,50,0,0.4935,,8,0,1,0,0.0,0
0.7083,83,0,0.1739,2808.0,9,0,0,0,1.0,0
0.5262,55,0,0.2776,5655.0,5,0,1,0,0.0,0
0.2972,45,0,0.133,6461.0,5,0,1,0,2.0,0
0.3932,24,0,0.7312,3923.0,11,0,0,0,1.0,0
0.0767,54,0,0.2804,2236.0,10,0,2,0,,0
0.0954,41,0,0.3189,1883.0,6,0,1,0,0.0,0
0.7708,60,0,0.4601,,12,0,2,0,1.0,0
0.6295,43,0,0.9313,5199.0,6,0,1,0,,0
0.4313,56,0,0.6544,7973.0,8,0,0,0,1.0,0
0.0875,72,0,0.298,,7,0,2,0,2.0,0
0.0323,61,0,0.4208,,9,0,0,0,0.0,0
0.0997,34,0,1.018,3617.0,9,0,0,0,0.0,0
0.5254,53,0,0.1606,3064.0,3,0,2,0,2.0,0
0.2913,65,0,0.3073,9028.0,15,0,0,0,0.0,0
0.3609,31,0,0.6029,,10,0,2,0,0.0,0
0.6073,76,0,0.1476,2116.0,6,0,2,0,2.0,1
0.2474,54,0,0.3898,20044.0,14,0,2,0,0.0,0
0.1253,60,0,0.2462,,9,0,1,0,1.0,0
0.5162,47,2,0.6165,2094.0,7,0,3,0,1.0,0
0.3604,53,0,0.3126,11188.0,4,0,0,0,1.0,0
0.11,39,0,0.5095,,11,0,1,0,1.0,0
4.6184,74,0,0.649,4463.0,8,0,2,0,0.0,1
0.1621,77,0,0.3831,,9,0,0,0,0.0,0
0.0591,82,0,1.1345,5306.0,12,0,0,0,1.0,0
0.7261,27,0,0.3147,4689.0,11,0,2,0,0.0,0
0.0301,57,0,0.4783,4824.0,10,0,1,0,0.0,0
0.6719,58,0,0.5697,11043.0,6,0,1,0,0.0,0
0.0334,42,0,0.1362,15628.0,13,0,1,0,0.0,0
0.1513,57,2,0.4351,2429.0,7,0,1,0,0.0,0
0.9043,32,0,0.5306,6737.0,9,0,1,0,0.0,0
0.3207,73,0,0.1194,5086.0,6,0,0,0,0.0,0
0.7785,31,0,0.6702,,4,0,1,0,0.0,0
0.8195,56,0,0.2271,,6,0,1,0,1.0,0
1.4189,63,0,0.7201,3520.0,8,0,0,0,1.0,0
0.0084,44,0,0.9459,6779.0,6,0,0,0,,0
1.3916,71,0,0.3795,16486.0,4,0,0,0,0.0,0
0.3174,26,0,0.451,3550.0,10,0,1,0,1.0,0
0.8307,52,0,0.4755,6288.0,9,0,0,0,1.0,0
0.0031,28,0,0.6968,7295.0,13,0,0,0,0.0,0
0.4828,41,0,0.3402,5724.0,10,0,1,0,0.0,0
0.6349,45,0,0.1994,,5,0,3,0,1.0,0
0.8273,44,0,0.8011,3557.0,8,0,0,0,2.0,0
3.2884,70,0,0.5707,8175.0,9,0,0,0,2.0,0
0.0568,36,0,0.7435,3321.0,7,0,0,0,1.0,0
0.4258,30,0,0.9367,10017.0,6,0,0,0,1.0,0
0.898,46,0,0.6468,,13,0,1,0,0.0,0
0.3866,54,0,0.1381,4621.0,8,0,1,0,0.0,0
0.2177,59,0,0.7219,3173.0,8,0,1,0,0.0,0
0.4544,68,0,0.6175,6552.0,6,0,1,0,1.0,0
0.1639,22,0,0.5906,7307.0,10,0,1,0,2.0,0
0.3954,76,0,0.0637,4417.0,3,0,1,0,2.0,0
0.7057,41,0,0.8409,12945.0,10,0,1,0,0.0,0
0.2016,48,0,0.5614,7048.0,8,0,0,0,0.0,0
0.1952,52,0,0.6382,7532.0,10,0,1,0,0.0,0
0.3129,22,0,0.2586,2859.0,9,0,0,0,0.0,0
0.3547,46,0,0.0562,3813.0,8,0,0,0,0.0,0
1.4761,66,0,0.3456,12032.0,10,0,3,0,1.0,0
0.6914,61,0,0.2626,10905.0,12,0,1,0,2.0,0
0.3888,45,0,0.3281,6377.0,11,0,2,0,3.0,1
0.477,55,0,1.0369,3424.0,2,0,1,0,0.0,1
0.7212,58,0,0.8208,7869.0,7,0,2,0,0.0,0
0.6861,48,0,0.4598,5966.0,9,0,0,0,0.0,0
0.4743,59,0,0.1042,4085.0,11,0,1,0,1.0,0
0.6756,41,0,0.356,12657.0,7,0,0,0,1.0,0
5.5266,39,0,0.7709,1890.0,7,0,0,0,1.0,0
0.1852,48,0,0.6925,2763.0,5,0,1,0,1.0,0
0.0258,21,0,0.4883,,11,0,2,0,0.0,0
0.1969,62,0,0.4339,2100.0,3,0,1,0,2.0,0
0.102,53,0,1.0414,1627.0,5,0,0,0,1.0,0
0.5582,49,1,0.8922,2467.0,2,0,0,0,2.0,0
0.4089,63,0,0.3423,,15,0,0,0,0.0,0
0.0911,57,0,0.5761,2937.0,2,0,0,0,1.0,0
0.3262,67,0,0.5541,4023.0,10,0,2,0,2.0,0
1.9358,74,0,0.2834,5435.0,10,0,2,0,1.0,0
0.9575,57,0,0.5268,4289.0,10,0,0,0,0.0,0
0.9269,42,0,0.6221,,8,0,0,0,0.0,0
0.5212,62,0,0.6896,7916.0,10,0,1,0,,0
0.3503,42,0,0.359,15100.0,9,0,0,0,1.0,0
0.6315,41,0,0.8022,16176.0,5,0,1,0,0.0,0
2.3016,48,0,0.5,1482.0,9,0,0,0,0.0,1
0.0018,68,0,0.619,,2,0,1,0,1.0,0
0.1167,63,0,0.6847,1537.0,6,0,0,0,0.0,0
0.1356,64,0,0.6535,8406.0,7,0,1,0,0.0,0
2.7844,54,0,0.2098,2087.0,5,0,1,0,0.0,0
0.3925,60,0,0.503,4482.0,12,0,1,0,1.0,0
0.3957,60,0,0.3666,2515.0,9,0,0,0,0.0,0
1.0096,42,0,0.9892,3761.0,8,0,0,0,3.0,1
0.4276,60,0,0.4147,6411.0,7,0,1,0,0.0,0
0.2044,52,0,0.3224,1401.0,10,0,1,0,0.0,0
0.1513,46,0,0.1939,8474.0,10,0,2,0,1.0,1
0.4347,47,0,0.7056,6175.0,8,0,0,0,0.0,0
0.1934,44,4,0.8419,,5,0,1,0,1.0,0
0.1863,48,0,0.0373,7026.0,13,0,2,0,1.0,0
0.2489,52,0,1.1499,8127.0,5,0,2,0,0.0,0
0.6071,61,0,0.4786,3006.0,4,0,0,0,0.0,0
0.9216,73,0,0.852,,9,0,1,0,0.0,0
0.572,60,0,0.529,8108.0,12,0,1,0,1.0,0
0.6423,54,0,0.7214,7843.0,11,0,0,0,2.0,0
0.0537,24,0,0.5449,18031.0,6,0,0,0,0.0,0
1.3973,86,0,0.2875,9122.0,4,0,0,0,0.0,1
0.6312,42,0,0.5974,11478.0,11,0,1,0,0.0,0
3.9973,43,0,0.2719,,11,0,0,0,,0
0.4312,70,0,0.1009,,6,0,0,0,0.0,0
0.6227,37,0,0.1606,4210.0,13,0,0,0,0.0,0
0.3027,57,0,0.377,15593.0,5,0,0,0,,0
0.1377,46,0,0.6252,5633.0,8,0,1,0,2.0,0
0.6579,48,0,0.4548,,13,0,2,0,0.0,0
0.1452,53,0,0.8811,5571.0,7,0,0,0,1.0,0
0.2624,35,0,0.7127,7904.0,5,0,1,0,1.0,0
0.2715,50,0,0.4238,8258.0,7,0,5,0,1.0,0
4.3696,66,0,0.7617,4952.0,8,0,2,0,1.0,1
0.4554,51,0,0.6725,,6,0,1,0,2.0,0
0.0203,95,0,0.2642,9159.0,8,0,0,0,0.0,0
0.0312,53,0,0.4013,2875.0,5,0,1,0,1.0,0
0.8393,35,0,0.4945,,5,0,0,0,0.0,0
2.5001,45,0,0.6006,1125.0,6,0,3,0,2.0,0
2.4752,25,0,0.8529,2241.0,12,0,1,0,2.0,0
0.6128,67,0,0.3656,6340.0,9,0,3,0,0.0,0
0.4582,74,0,1.1586,17491.0,8,0,2,0,1.0,0
1.4494,64,2,0.361,,8,0,1,0,0.0,0
0.0195,40,0,0.626,5808.0,7,0,1,0,0.0,0
0.6813,40,0,0.2456,9462.0,12,0,1,0,0.0,0
0.8297,62,0,0.796,,6,0,2,0,0.0,0
0.6552,45,0,0.8951,4634.0,8,0,2,0,1.0,0
0.4373,40,0,0.4059,8518.0,12,0,0,0,0.0,0
0.0796,38,0,0.8066,,2,0,0,2,1.0,0
0.0352,78,0,0.5442,2116.0,8,0,3,0,1.0,0
2.3033,46,0,0.3263,9290.0,8,0,0,0,0.0,0
0.7588,64,0,0.3945,3592.0,5,0,2,0,1.0,0
0.2418,60,0,0.5851,17314.0,9,0,1,0,1.0,0
0.5472,40,0,0.154,3599.0,8,0,1,0,1.0,0
0.2959,53,0,0.2365,10322.0,5,0,1,0,1.0,0
0.6215,38,0,0.6138,1821.0,6,0,0,0,1.0,1
0.3093,72,0,0.3935,8795.0,9,0,1,0,0.0,0
0.4382,39,0,0.7105,6511.0,9,0,1,0,0.0,0
0.3333,57,0,0.6795,10302.0,11,0,1,0,1.0,0
0.5403,45,0,0.3576,,4,0,1,0,0.0,0
0.3668,39,0,0.5728,3585.0,7,0,1,0,,0
2.425,67,0,0.8456,4553.0,16,0,2,0,2.0,0
0.2567,45,0,0.8941,5423.0,10,0,1,0,1.0,0
0.1235,26,0,0.4455,4686.0,7,0,0,0,0.0,0
0.1536,58,0,0.2595,5145.0,8,0,1,0,0.0,0
0.0078,42,0,0.2968,6126.0,6,0,2,0,0.0,0
8.592,54,0,0.3042,2987.0,8,0,0,0,0.0,0
0.7507,64,0,0.5123,12149.0,8,0,1,0,0.0,0
1.8598,57,0,0.978,3427.0,8,0,1,0,1.0,0
2.6725,64,0,0.1342,,7,0,3,0,0.0,0
0.0253,34,0,0.3844,5232.0,9,0,0,0,1.0,0
0.3511,69,0,0.3311,,4,0,1,0,1.0,0
0.7986,48,0,0.5182,2721.0,10,0,2,0,1.0,0
0.6645,32,0,0.0448,,6,0,1,0,1.0,0
0.4192,21,0,0.0925,6993.0,8,0,0,0,0.0,0
0.2946,48,0,0.4032,7216.0,5,0,1,0,1.0,0
5.2177,41,0,0.498,2473.0,7,0,2,0,1.0,0
0.157,41,0,0.5807,3476.0,10,0,0,0,2.0,0
0.3093,57,0,0.571,5225.0,3,0,0,0,1.0,0
0.6266,76,0,0.5667,,6,0,1,0,0.0,0
0.6871,39,0,1.1171,4306.0,4,0,0,0,0.0,0
0.0378,53,0,0.3672,8358.0,13,0,1,0,1.0,0
0.3753,44,0,0.3872,9074.0,7,0,1,0,3.0,0
0.0571,38,0,0.3025,4729.0,3,0,1,0,0.0,0
4.6384,38,0,0.7939,2554.0,12,0,0,0,1.0,0
1.0591,75,0,0.8104,3649.0,6,0,3,0,0.0,0
0.0797,52,0,1.0143,5729.0,6,0,0,0,1.0,0
0.7593,49,0,0.1118,5641.0,6,0,2,0,0.0,0
0.7776,42,0,0.4323,,6,0,2,0,0.0,0
0.9133,53,0,0.3783,2306.0,5,0,1,0,1.0,0
0.672,43,0,0.7757,5120.0,9,0,0,0,1.0,1
0.3667,79,0,0.2078,2139.0,7,0,0,0,1.0,0
0.8349,56,3,0.2614,,9,0,2,0,0.0,0
0.2589,54,2,0.6648,7960.0,7,0,1,0,1.0,1
0.0333,54,0,0.0368,5238.0,9,0,1,0,1.0,0
0.3762,70,0,0.5467,,9,0,2,0,0.0,0
0.0622,52,0,0.2398,2000.0,10,0,2,0,1.0,0
0.2385,45,0,0.2505,4899.0,5,0,0,0,1.0,0
0.7643,54,0,0.4117,,9,0,0,0,0.0,0
0.3499,63,1,0.2212,4569.0,6,0,1,0,0.0,0
4.8336,69,0,0.4166,2695.0,6,0,1,2,1.0,0
0.4589,55,0,0.1629,4862.0,10,0,0,0,1.0,0
0.264,55,0,0.1957,,5,0,1,0,0.0,0
0.4757,66,0,0.3799,3591.0,8,0,1,0,1.0,0
0.3823,21,0,0.4523,7629.0,8,0,2,0,0.0,0
0.3094,53,0,0.1324,4698.0,7,0,1,0,1.0,0
0.5284,44,0,0.5375,8202.0,4,0,3,0,1.0,0
0.1345,53,0,0.2376,7183.0,6,0,1,0,0.0,0
0.2036,57,0,0.6264,7179.0,10,0,0,0,0.0,0
0.4142,69,0,0.2655,18093.0,10,0,0,0,1.0,0
0.2069,33,0,0.7042,,13,0,3,0,0.0,0
0.201,42,0,0.4118,6655.0,6,0,1,0,0.0,0
0.4941,40,0,0.2938,3180.0,6,0,1,0,1.0,0
0.9541,44,0,0.3086,,10,0,0,0,2.0,0
0.0918,33,0,0.7191,9459.0,10,0,1,0,0.0,0
0.1301,82,0,0.3299,5539.0,14,0,0,0,1.0,0
0.0242,64,0,0.5641,4904.0,7,0,1,0,1.0,0
0.5054,41,0,0.2954,7043.0,8,0,1,0,0.0,0
0.0449,52,0,0.3482,9865.0,8,0,1,0,1.0,0
0.3407,46,0,0.6637,5188.0,13,0,0,0,2.0,0
0.9445,54,0,0.0385,12080.0,16,0,2,0,0.0,0
0.92,41,0,0.2305,8358.0,7,0,1,0,3.0,0
0.2533,31,0,0.7681,3332.0,9,0,0,0,1.0,0
0.1121,44,0,0.2554,6788.0,8,0,2,0,2.0,0
0.6968,71,0,0.3381,,9,0,1,0,1.0,0
0.4201,31,0,0.4699,10151.0,6,0,1,0,1.0,0
0.195,67,0,0.6332,2052.0,9,0,0,0,0.0,0
0.0844,60,0,0.4221,4667.0,7,0,2,0,0.0,0
2.8954,46,0,0.3932,3782.0,13,0,2,0,1.0,0
6.1436,63,0,0.1586,4746.0,11,0,1,0,1.0,0
0.2254,55,0,0.7115,7351.0,12,0,3,0,0.0,0
0.4962,22,1,0.181,,6,2,2,3,1.0,0
0.0597,46,0,0.3692,7122.0,9,0,2,0,0.0,0
0.9384,47,0,0.3233,4213.0,8,0,3,0,0.0,0
0.0679,72,0,0.2403,10427.0,8,0,1,0,,0
0.0775,46,0,0.7108,12267.0,11,0,1,0,1.0,0
0.5611,49,0,0.3212,7673.0,3,0,1,0,3.0,0
0.6296,36,0,0.6906,9472.0,9,0,0,0,2.0,0
0.4023,51,0,0.9205,,6,0,0,0,1.0,0
0.2542,35,0,0.5267,5338.0,10,0,1,0,1.0,0
0.3192,67,0,0.619,4426.0,2,0,1,0,1.0,0
0.3029,46,0,0.5146,6785.0,3,0,1,0,0.0,0
0.3937,35,0,0.3381,6710.0,9,0,2,0,3.0,0
0.6812,69,0,0.2001,10510.0,10,0,1,0,1.0,0
0.6686,34,0,0.2821,5149.0,7,0,3,0,1.0,1
0.0126,56,0,0.1609,2967.0,7,0,1,0,1.0,0
0.7714,31,0,0.3137,3199.0,9,0,0,0,1.0,0
0.2335,56,0,0.229,5105.0,14,0,0,0,1.0,0
0.0828,67,0,0.2112,,8,0,0,0,0.0,0
3.6652,43,0,0.1347,,5,0,0,0,0.0,0
0.5864,35,0,0.7067,7176.0,15,0,0,0,1.0,0
1.6942,36,0,0.4895,3680.0,9,0,1,0,0.0,0
0.6102,51,0,0.4084,3689.0,3,0,2,0,0.0,0
0.1923,79,0,0.167,7413.0,12,0,0,0,3.0,0
1.0115,67,3,0.4298,,11,1,0,0,0.0,0
0.1368,68,0,0.5883,4250.0,11,0,0,0,1.0,0
0.4648,37,0,0.8285,6216.0,15,0,1,0,1.0,0
0.3185,67,0,0.1861,3357.0,15,0,0,0,1.0,0
0.3949,66,1,0.9971,10273.0,10,0,1,2,3.0,0
0.0086,56,0,0.3679,10068.0,3,0,0,0,1.0,0
0.4242,43,0,0.0568,6463.0,8,0,1,0,0.0,0
0.9528,66,0,0.3343,11840.0,5,0,0,0,1.0,0
0.3038,43,0,0.2645,,5,0,2,0,0.0,0
0.4416,61,0,0.5233,10516.0,5,0,0,0,1.0,0
2.5698,47,2,0.394,15986.0,7,0,3,0,0.0,0
0.7405,38,0,0.3683,9929.0,5,0,1,0,2.0,0
0.856,46,0,0.7323,7200.0,9,0,2,0,1.0,0
0.2505,80,0,0.0856,6044.0,10,0,0,0,2.0,0
0.3212,36,0,0.6976,2611.0,5,0,0,0,0.0,0
0.9375,66,0,0.2979,7713.0,10,0,0,0,,0
4.5957,64,0,1.0581,2759.0,10,0,0,0,2.0,0
1.0666,49,0,0.6968,3106.0,8,0,1,0,2.0,0
0.0916,44,1,0.1661,5076.0,12,0,0,1,0.0,0
0.0822,35,0,0.1306,4454.0,9,0,2,0,0.0,0
2.452,70,0,0.2471,5387.0,7,0,1,0,0.0,0
0.6241,35,0,0.7474,7249.0,7,0,2,0,0.0,0
0.3527,21,0,0.341,,14,0,2,0,2.0,0
3.1217,56,0,0.637,3221.0,11,0,2,0,0.0,0
0.0641,33,0,0.3191,6145.0,14,0,2,0,0.0,0
0.0931,50,0,0.6714,5168.0,8,0,0,0,1.0,0
0.1942,33,0,0.7012,7338.0,10,0,1,0,0.0,0
0.4773,44,0,0.3733,12195.0,6,0,1,0,0.0,0
0.8167,53,0,0.7092,4874.0,4,0,0,0,0.0,1
2.2864,56,0,0.4234,,9,0,1,0,1.0,1
0.1074,71,0,0.3241,5317.0,8,0,1,0,1.0,0
0.6574,52,2,0.7052,4705.0,6,1,0,0,0.0,0
0.4258,54,0,0.5425,16499.0,5,0,0,0,,0
1.496,49,0,0.2783,11855.0,7,0,0,0,0.0,0
0.0681,65,0,0.2229,10538.0,7,0,1,0,0.0,0
0.0481,36,0,0.7717,2510.0,7,0,1,0,1.0,0
0.1022,46,0,0.1803,,9,0,2,0,0.0,0
0.7416,52,0,0.6769,3115.0,8,0,0,0,3.0,1
0.6819,39,0,0.4852,6553.0,14,0,0,0,1.0,0
0.0742,72,0,0.9489,7730.0,10,0,0,0,3.0,0
0.6605,56,0,0.4722,2467.0,8,0,1,0,3.0,0
0.4476,35,0,0.7282,11329.0,6,0,0,0,2.0,0
0.0402,58,0,1.0935,4268.0,8,0,0,0,1.0,0
0.3566,70,0,0.2704,21588.0,8,0,1,0,0.0,0
0.7996,42,0,0.6595,5270.0,11,0,3,0,1.0,0
0.152,71,0,0.172,3688.0,12,0,0,0,0.0,0
2.7141,56,0,0.1435,3891.0,12,0,0,0,1.0,0
1.7732,55,0,0.3487,10348.0,12,0,0,0,0.0,0
0.505,69,0,0.2628,1664.0,10,0,1,0,0.0,0
0.1795,55,0,0.2957,2044.0,8,0,1,0,1.0,0
0.7706,57,0,0.6299,13012.0,5,0,0,0,0.0,0
2.2433,53,0,1.1203,11735.0,11,0,2,0,0.0,0
0.2613,27,0,0.3272,7769.0,6,0,1,0,2.0,0
0.1918,58,0,0.5078,6654.0,6,0,0,0,1.0,0
0.6496,56,0,0.3836,10335.0,7,0,0,0,2.0,0
0.0399,47,0,0.5115,1911.0,5,0,0,0,1.0,0
0.5777,21,0,0.3379,2517.0,7,0,1,0,0.0,0
3.9046,61,0,0.5325,9099.0,6,0,1,0,1.0,0
0.5304,40,0,0.1631,18939.0,10,0,1,0,1.0,0
1.8358,36,0,0.5461,4555.0,8,0,0,0,,0
0.9852,35,0,0.915,5441.0,11,0,0,0,2.0,0
0.7965,25,0,0.5626,16885.0,6,0,3,0,0.0,0
0.4208,58,0,1.2198,6969.0,7,0,0,0,0.0,0
0.4208,85,0,0.244,,9,0,1,0,0.0,0
2.9148,44,1,0.6971,,6,0,2,1,0.0,0
0.4697,63,0,0.4205,3274.0,5,0,1,0,2.0,0
0.3012,51,0,0.6864,,8,0,3,0,1.0,0
0.1041,56,0,0.441,2505.0,7,0,1,0,2.0,0
2.69,51,1,1.065,1808.0,6,0,1,0,0.0,0
0.5696,63,0,0.2319,,2,0,1,0,0.0,0
7.4673,35,0,0.2834,1123.0,9,0,1,0,0.0,0
0.2207,53,0,0.5801,7889.0,5,0,2,0,,0
0.3055,68,0,0.72,3483.0,9,0,0,0,1.0,0
0.6619,62,0,0.6968,,6,0,3,0,2.0,0
0.0717,57,0,0.1017,29109.0,8,0,0,0,0.0,0
0.3553,53,0,0.4932,,7,0,3,0,1.0,0
0.2059,47,2,0.8246,7032.0,8,1,2,1,0.0,0
0.1187,47,0,0.2741,1652.0,9,0,2,0,0.0,0
0.7655,30,0,0.7178,8765.0,3,0,2,0,0.0,0
1.5934,59,0,0.3884,,6,0,3,0,0.0,0
0.587,71,0,0.3068,2955.0,14,0,1,0,0.0,0
0.053,56,0,0.2365,2804.0,10,0,2,0,0.0,0
0.1048,52,0,0.7078,5343.0,14,0,0,0,1.0,0
0.1128,60,0,0.3471,10007.0,7,0,0,0,2.0,0
0.2077,22,0,0.6092,4198.0,10,0,2,0,2.0,0
9.2385,45,0,0.3229,11620.0,7,0,2,0,1.0,0
0.4838,51,0,0.4077,4867.0,4,0,1,0,0.0,0
0.4141,28,0,0.8714,,5,0,0,0,3.0,0
0.4037,54,0,0.4571,,6,0,1,0,2.0,0
0.2831,26,0,0.7141,9739.0,7,0,1,0,0.0,0
0.4972,62,0,1.0101,3771.0,5,0,0,0,1.0,0
0.2892,55,0,0.1199,9024.0,8,0,0,0,0.0,0
0.1965,49,0,0.5165,9721.0,6,0,2,0,0.0,0
0.2066,63,0,0.5404,3670.0,4,0,1,0,1.0,0
0.4883,54,0,0.7344,1853.0,11,0,1,0,1.0,0
0.1217,59,0,0.5068,6766.0,8,0,1,0,2.0,0
0.1574,56,0,0.8263,3823.0,7,0,2,0,0.0,0
0.086,40,0,0.6092,2712.0,7,0,3,0,2.0,0
0.0417,74,0,0.7203,19404.0,3,0,0,0,0.0,0
0.4294,69,0,0.1453,4160.0,2,0,0,0,1.0,1
0.2619,58,0,0.4061,,9,0,2,0,0.0,0
0.2265,54,0,0.1136,5149.0,6,0,1,0,0.0,0
0.3595,63,0,0.5648,5846.0,9,0,1,0,0.0,0
0.1612,70,0,0.0422,7079.0,6,0,2,0,2.0,0
0.1252,79,0,0.2457,,15,0,2,0,1.0,0
3.4166,44,0,0.2857,,12,0,1,0,3.0,0
0.0297,67,0,0.8383,1864.0,8,0,1,0,1.0,0
0.2546,51,0,0.8994,1553.0,5,0,1,0,1.0,0
8.3142,29,0,0.5658,2043.0,11,0,1,0,0.0,0
6.6197,64,0,0.5868,,7,0,2,0,1.0,0
0.2673,73,0,0.5099,6016.0,8,0,2,0,0.0,0
0.6151,66,0,0.476,10826.0,9,0,0,0,0.0,0
0.8727,50,0,0.4858,3081.0,1,0,2,0,0.0,0
0.0271,57,0,0.5894,4671.0,6,0,2,0,1.0,0
0.0144,62,0,0.2879,7949.0,15,0,0,0,3.0,0
0.0529,60,0,0.2194,3560.0,9,0,2,0,3.0,0
0.4756,69,1,0.5363,5455.0,11,0,4,0,0.0,0
0.4409,65,0,1.0029,4980.0,10,0,3,0,1.0,0
2.084,44,0,0.1468,3413.0,9,0,1,0,2.0,0
0.451,52,0,0.5301,3298.0,5,0,0,0,1.0,1
0.4314,45,0,0.6029,,10,0,1,0,0.0,0
0.302,54,0,0.4447,,10,0,0,0,0.0,0
1.0303,26,0,0.0179,8470.0,6,0,1,0,0.0,1
0.11,79,0,0.7847,9113.0,9,0,2,0,3.0,0
0.0126,41,0,0.1654,9379.0,8,0,0,0,1.0,0
0.2713,45,0,0.0813,9098.0,9,0,0,0,0.0,0
0.2066,53,0,0.3635,,14,0,1,0,1.0,0
0.7626,33,0,0.4263,3751.0,5,0,4,0,1.0,0
0.5092,47,0,0.5639,3744.0,2,0,0,0,2.0,0
0.0994,54,0,0.8387,,7,0,3,0,2.0,0
0.6028,75,1,0.699,4411.0,16,0,2,0,0.0,0
0.3784,54,0,0.6318,4067.0,8,0,0,0,1.0,0
0.0371,46,0,0.2421,19598.0,6,0,1,0,1.0,0
0.4844,36,0,0.3271,3181.0,6,0,0,0,3.0,0
0.7535,82,0,0.4393,30061.0,10,0,2,0,0.0,0
0.0676,53,0,0.1473,4146.0,8,0,3,0,0.0,0
0.6969,53,0,0.7045,11900.0,5,0,0,0,1.0,0
0.3999,33,0,0.6059,4351.0,10,0,1,0,2.0,0
0.6647,59,0,0.5008,4823.0,11,0,0,0,0.0,0
0.2733,44,0,0.2646,5191.0,4,0,1,0,1.0,0
0.1622,73,1,0.4323,5805.0,6,0,1,0,3.0,1
0.4696,59,0,0.1516,1812.0,11,0,1,0,1.0,0
0.3769,54,0,0.4561,,8,0,1,0,0.0,0
0.3613,33,0,0.9343,9651.0,8,0,0,0,1.0,0
2.2706,51,0,0.1977,,10,0,1,0,0.0,0
0.0094,49,0,0.827,,8,0,1,0,2.0,0
0.372,54,0,0.757,4370.0,6,0,1,0,1.0,0
0.1346,24,0,0.9044,8416.0,4,0,2,0,1.0,0
1.451,39,0,0.5788,7007.0,3,0,0,0,0.0,0
1.2137,45,0,0.4769,2811.0,9,0,0,0,1.0,0
0.0915,59,0,0.3998,3288.0,6,0,3,0,0.0,0
0.0956,25,0,0.5087,6214.0,10,0,1,0,1.0,1
0.4774,71,0,0.3863,13369.0,10,0,1,0,0.0,0
0.1367,69,0,0.5746,,10,0,1,0,1.0,0
0.4149,38,0,0.0543,4223.0,10,0,0,0,3.0,0
0.6177,87,0,0.4139,19891.0,7,0,1,0,3.0,0
4.2699,55,0,0.5247,2912.0,8,0,2,0,1.0,0
0.4693,50,0,0.4749,4867.0,11,0,0,0,1.0,0
2.376,60,0,0.894,9756.0,11,0,2,0,0.0,0
0.7415,58,0,0.0503,,10,0,3,0,0.0,1
0.3097,54,0,0.5005,,10,0,0,0,0.0,0
0.6039,37,0,0.2421,12973.0,8,0,1,0,2.0,0
0.7132,46,0,0.3299,2898.0,7,0,0,0,1.0,0
3.0202,57,0,0.2251,,4,0,1,0,1.0,0
0.0333,64,0,0.3822,7556.0,5,0,2,0,0.0,0
0.3188,72,0,0.451,9546.0,7,0,0,0,0.0,0
0.6104,46,0,0.5948,5860.0,8,0,0,0,1.0,0
0.1219,53,0,0.3345,11360.0,4,0,2,0,0.0,0
0.1933,43,0,0.3743,7666.0,10,0,1,0,0.0,0
6.8883,67,0,0.3434,5259.0,10,0,1,0,1.0,0
0.2416,48,0,0.8858,1966.0,8,0,2,0,3.0,0
0.3368,44,0,0.1633,2606.0,10,0,1,0,1.0,0
0.0555,53,0,0.5678,1934.0,9,0,1,0,0.0,1
0.0178,29,0,0.2489,4362.0,10,0,1,0,0.0,0
0.322,60,1,0.4441,7144.0,9,0,2,1,2.0,0
0.1231,48,0,0.9079,7092.0,7,0,0,0,2.0,0
0.3766,91,0,1.0534,,6,0,0,0,0.0,0
0.4998,43,0,0.3786,7967.0,10,0,0,0,0.0,0
0.3958,48,0,0.2233,10705.0,3,0,2,0,0.0,0
0.304,66,0,0.5216,19325.0,9,0,2,0,0.0,0
0.4699,63,0,0.4379,16688.0,1,0,0,0,2.0,0
0.159,67,0,0.4445,13955.0,6,0,1,0,,0
2.2906,48,0,0.5907,2692.0,3,0,1,0,1.0,1
0.0404,36,0,0.2073,3241.0,12,0,0,0,0.0,0
0.395,89,0,0.3069,,7,0,0,0,1.0,0
1.3939,59,0,0.2425,8228.0,6,0,1,0,2.0,0
0.4101,55,0,0.4704,,3,0,1,0,0.0,0
0.448,63,0,0.6483,3729.0,10,0,1,0,1.0,0
0.8772,34,0,0.7139,3626.0,7,0,2,0,2.0,0
0.2507,46,0,0.7726,2445.0,12,0,0,0,1.0,0
0.4601,37,0,0.822,,9,0,0,0,0.0,0
0.8141,54,0,0.3929,2437.0,6,0,2,0,1.0,0
0.0131,33,0,0.5738,8015.0,9,0,0,0,1.0,0
0.0287,61,0,0.6822,1673.0,8,0,0,0,0.0,0
2.11,69,0,0.8384,4576.0,7,0,2,0,1.0,1
0.8787,68,0,0.292,4694.0,4,0,1,0,2.0,0
0.6553,58,0,0.4285,2939.0,9,0,1,0,0.0,0
0.1311,55,0,0.1274,6688.0,6,0,2,0,1.0,0
0.7854,46,0,0.4533,,9,0,2,0,3.0,1
0.2335,58,0,0.8726,2114.0,7,0,0,0,1.0,0
0.0515,50,0,0.5298,4042.0,11,0,2,0,1.0,0
0.268,26,0,0.1033,4694.0,3,0,1,0,0.0,0
0.4215,43,0,0.2194,3780.0,5,0,0,0,0.0,0
0.6964,63,0,0.6919,7605.0,9,0,0,0,1.0,0
0.0094,36,0,0.4978,4183.0,5,0,1,0,1.0,0
0.5204,36,0,0.5937,7167.0,11,0,1,0,1.0,0
1.7769,49,2,0.4307,2460.0,11,0,0,3,0.0,0
0.5847,22,0,0.1748,6114.0,9,0,0,0,0.0,0
0.0668,62,0,0.3863,12449.0,10,0,1,0,2.0,0
0.246,61,0,0.6995,3527.0,9,0,0,0,1.0,0
0.4894,65,0,0.2203,5295.0,4,0,0,0,0.0,0
0.5014,55,0,0.7536,,7,0,1,0,1.0,0
0.7478,40,0,0.2698,4492.0,5,0,1,0,2.0,0
0.2534,35,0,0.6135,,8,0,1,0,1.0,0
0.5086,60,0,0.5129,4184.0,3,0,0,0,1.0,0
0.8764,62,0,0.5188,4152.0,5,0,1,0,1.0,0
0.1304,36,0,0.682,13944.0,12,0,0,0,1.0,0
11.0509,34,0,0.1438,5680.0,5,0,1,0,1.0,0
0.3232,52,0,0.7525,,6,0,3,0,1.0,0
1.4398,54,0,0.8309,6628.0,9,0,1,0,2.0,0
0.3171,65,1,0.6143,15532.0,6,0,3,0,1.0,0
0.5114,61,0,0.9147,4238.0,8,0,1,0,0.0,1
0.2606,51,0,0.8147,18008.0,8,0,3,0,0.0,0
0.659,66,0,0.1831,3744.0,7,0,0,0,0.0,0
5.6185,47,0,0.7478,22183.0,6,0,0,0,1.0,0
0.3481,48,0,0.5781,9172.0,3,0,1,0,0.0,0
0.555,64,0,0.6376,6476.0,9,0,2,0,0.0,0
0.3333,65,0,0.1078,,7,0,1,0,0.0,0
0.2218,66,0,0.3179,8723.0,6,0,1,0,2.0,0
0.2813,49,0,1.0963,2622.0,7,0,1,0,1.0,0
0.6553,53,0,0.2789,11202.0,9,0,2,0,0.0,0
0.1582,40,0,0.2154,,8,0,2,0,1.0,0
0.3477,65,0,0.6174,6051.0,14,0,0,0,0.0,0
2.9015,44,0,0.5377,4443.0,6,0,2,0,,0
0.4128,24,0,0.2858,,7,0,0,0,0.0,0
0.5449,46,0,0.4795,18216.0,7,0,1,0,1.0,0
0.1796,40,0,0.4463,3957.0,11,0,0,0,0.0,0
0.4654,21,0,0.0463,2313.0,6,0,1,0,0.0,1
0.6546,44,0,0.2921,2380.0,8,0,3,0,0.0,0
3.0725,63,2,0.1825,3091.0,5,0,1,0,0.0,0
5.8889,58,0,0.2906,6729.0,9,0,2,0,0.0,0
0.5053,58,0,0.8307,,10,0,2,0,0.0,0
0.3808,72,0,0.0638,,7,0,0,0,1.0,0
0.468,44,0,0.4418,10627.0,8,0,2,0,0.0,0
8.0018,36,0,0.429,15032.0,6,0,0,0,1.0,0
3.9303,59,0,0.2205,5699.0,7,0,1,0,5.0,0
0.631,57,0,0.552,,5,0,2,0,0.0,1
0.1361,34,0,0.3346,1860.0,5,0,3,0,2.0,0
0.2396,50,0,0.675,2012.0,8,0,1,0,0.0,0
3.8378,60,0,0.3972,2922.0,8,0,0,3,2.0,0
0.5594,56,0,0.2,2326.0,6,0,2,0,0.0,0
0.2773,62,0,1.0446,8150.0,11,0,1,0,0.0,0
0.2791,43,0,0.2367,3903.0,6,0,0,0,1.0,0
0.545,32,0,0.8929,9865.0,3,0,1,0,2.0,0
0.4465,39,0,0.1455,3344.0,5,0,0,0,1.0,0
2.2333,64,0,0.2417,4234.0,8,0,2,0,1.0,0
3.7147,66,0,0.7299,,8,0,1,0,2.0,0
1.5489,50,0,0.9056,14999.0,5,0,3,0,2.0,0
0.6456,73,0,0.4647,7319.0,6,0,0,0,0.0,0
0.1754,50,0,0.4948,,10,0,1,0,0.0,0
2.8178,45,0,0.1038,3392.0,5,0,1,0,0.0,0
0.5372,32,0,0.4698,10947.0,8,0,2,0,0.0,0
0.1849,51,0,0.5319,6643.0,5,0,2,0,0.0,0
0.9249,67,0,0.8585,,8,0,0,0,3.0,0
1.1446,70,0,0.1156,17402.0,8,0,2,0,1.0,0
1.0777,67,0,0.503,8259.0,6,0,2,0,1.0,0
0.0651,59,0,0.9119,6279.0,8,0,2,0,1.0,0
0.5942,74,0,0.3337,3448.0,5,0,1,0,0.0,0
0.7204,38,0,0.4954,4644.0,12,0,1,0,1.0,1
3.191,69,0,0.2901,,10,0,0,0,1.0,0
0.4678,56,0,0.4675,3263.0,7,0,0,0,2.0,0
0.4051,55,0,0.1586,,5,0,1,0,2.0,0
0.1395,32,0,0.2885,4791.0,7,0,2,0,1.0,0
0.9704,57,0,0.5306,6238.0,6,0,1,0,0.0,0
0.3091,68,0,0.8567,,12,0,1,0,0.0,0
0.7238,22,0,0.9896,3298.0,9,0,1,0,0.0,0
0.4096,63,0,0.259,10757.0,7,0,2,0,0.0,0
0.143,21,0,0.241,2747.0,10,0,1,0,1.0,0
0.0104,32,0,0.5303,13368.0,5,0,1,0,2.0,0
0.05,51,0,0.4987,5544.0,5,0,0,0,2.0,0
1.9175,74,0,0.8425,3677.0,4,0,1,0,4.0,1
0.3021,50,0,0.6423,6810.0,9,0,1,0,0.0,0
0.2669,59,0,0.1913,6389.0,8,0,0,0,0.0,0
0.8094,39,0,1.0893,,5,0,0,0,1.0,0
4.0196,49,0,0.1634,3306.0,8,0,0,0,0.0,0
0.0082,51,1,0.2936,19552.0,7,0,2,0,0.0,0
0.2854,75,0,0.559,6143.0,8,0,1,0,2.0,0
0.1607,42,0,0.763,5489.0,3,0,2,0,0.0,0
0.162,43,1,0.6269,,7,0,0,0,0.0,0
0.8471,67,0,0.3347,3845.0,11,0,0,0,1.0,0
0.1591,49,0,1.1513,11630.0,12,0,2,0,0.0,0
0.304,54,0,0.0896,13036.0,7,0,1,0,1.0,0
0.409,58,0,0.1801,3606.0,4,0,1,0,2.0,0
0.1089,43,0,0.1966,1410.0,7,0,0,0,1.0,0
0.1999,23,0,0.2465,,9,0,1,0,0.0,0
4.5411,67,0,0.2616,,5,0,2,0,2.0,0
1.2365,54,0,0.3863,1187.0,2,0,1,0,2.0,0
0.5752,34,0,0.7417,4005.0,5,0,2,0,1.0,1
0.0964,63,0,0.2269,13156.0,6,0,2,0,2.0,0
0.2655,80,0,0.5849,8657.0,8,0,0,0,0.0,0
0.5631,69,0,0.4063,,4,0,1,0,1.0,0
0.5007,81,0,0.2773,,8,0,1,0,3.0,0
0.8373,35,0,1.0366,12126.0,7,0,1,0,0.0,0
1.2048,55,0,0.6135,,9,0,0,0,3.0,0
4.2311,57,0,0.1555,8701.0,12,0,2,0,0.0,0
0.7238,50,0,0.3237,11090.0,14,0,0,0,1.0,0
0.2668,47,0,0.4655,9798.0,11,0,2,0,0.0,0
5.2501,21,0,0.5351,,13,0,0,0,0.0,1
7.9656,76,0,0.2203,3852.0,10,0,0,0,3.0,0
0.2598,29,0,0.4247,3160.0,7,0,2,0,0.0,0
0.1427,65,0,0.3028,11461.0,6,0,1,0,0.0,0
0.2107,52,0,0.7796,3571.0,6,0,0,0,0.0,0
0.4141,52,0,0.7677,11034.0,11,0,1,0,2.0,0
0.5639,49,0,0.224,3278.0,10,0,3,0,0.0,0
0.872,55,0,0.7809,3644.0,7,0,1,0,2.0,0
0.2074,61,0,0.601,7160.0,13,0,2,0,1.0,0
0.2788,65,0,1.2185,25099.0,11,0,2,0,,0
0.0578,50,2,0.3592,2879.0,12,0,1,0,1.0,0
0.1364,35,0,0.1713,7402.0,9,0,1,0,1.0,0
0.0983,35,0,0.8226,4781.0,5,0,0,0,0.0,0
1.0071,67,4,0.1967,5224.0,13,0,0,0,0.0,0
0.7346,48,0,0.083,,6,0,1,0,2.0,0
0.295,38,0,1.1097,2390.0,4,0,1,0,0.0,0
3.0099,42,0,0.539,4170.0,5,0,1,0,0.0,0
0.1752,51,0,0.0651,5692.0,4,0,1,0,3.0,0
0.4093,34,0,0.2632,,10,0,0,0,3.0,0
1.065,52,3,0.3502,4447.0,8,0,1,0,0.0,0
0.34,70,0,0.3867,,8,0,0,0,1.0,0
0.2466,50,0,0.3226,,11,0,1,0,0.0,0
0.4499,27,0,0.4909,,4,0,0,0,0.0,0
1.7159,64,3,0.0982,3857.0,8,1,0,0,1.0,1
0.2305,68,0,0.6735,3951.0,9,0,1,0,1.0,0
0.0879,68,0,0.357,5257.0,4,0,0,0,1.0,0
0.1148,53,0,0.3407,3053.0,11,0,3,0,2.0,0
0.2763,85,0,0.5301,2832.0,4,0,1,0,1.0,0
3.0429,62,3,0.6208,4897.0,14,0,1,0,0.0,0
0.7805,94,0,0.554,8020.0,9,0,0,0,1.0,0
0.6698,71,0,0.1991,8807.0,5,0,1,0,0.0,0
0.9571,69,0,0.4766,4993.0,16,0,0,0,0.0,1
0.1053,43,0,1.111,6814.0,5,0,1,0,0.0,0
0.89,39,0,0.5807,4312.0,8,0,2,0,1.0,0
0.2412,54,0,0.7503,4349.0,5,0,1,0,1.0,0
0.2973,49,0,0.6809,5247.0,12,0,0,0,1.0,0
0.2585,44,0,0.177,1329.0,6,0,0,0,,0
0.3841,50,0,0.7144,16418.0,7,0,0,0,1.0,0
0.0884,49,0,0.5202,,3,0,3,0,0.0,0
0.2265,43,0,0.5102,7998.0,6,0,0,0,0.0,0
0.1382,61,0,0.5246,5608.0,11,0,2,0,0.0,0
0.7408,41,0,0.2205,8567.0,8,0,1,0,0.0,0
0.4699,51,0,0.895,2171.0,7,0,2,0,2.0,0
0.5525,35,0,0.2603,8121.0,3,0,0,0,2.0,0
0.1787,53,0,0.4778,1765.0,7,0,0,0,1.0,0
0.798,55,0,0.2648,8448.0,12,0,2,0,1.0,0
0.1371,39,0,0.524,4152.0,9,0,1,0,0.0,0
0.3896,53,0,0.196,,11,0,0,0,0.0,0
0.4203,51,0,0.5412,5874.0,9,0,3,0,0.0,0
1.0207,46,0,0.4846,,9,0,0,0,0.0,0
0.0092,46,0,0.5931,,5,0,2,0,0.0,0
0.6295,58,0,0.178,4008.0,10,0,3,0,0.0,1
0.6056,52,0,0.1577,18604.0,6,0,1,0,1.0,0
1.7995,65,1,0.7187,,10,1,1,0,1.0,0
0.7833,37,0,0.7432,,8,0,3,0,1.0,1
0.5251,49,0,0.8246,4606.0,10,0,1,0,0.0,0
0.8105,43,2,0.6562,3215.0,7,0,0,0,0.0,0
0.0611,53,0,0.6236,9797.0,10,0,0,0,0.0,0
0.1982,56,0,0.5258,4205.0,3,0,2,0,1.0,0
0.8442,35,0,0.1961,7485.0,9,0,1,0,0.0,0
0.4303,60,0,0.3274,4845.0,5,0,0,0,0.0,0
0.2904,82,0,0.6496,25809.0,5,0,2,0,0.0,0
0.1089,54,0,0.4927,6303.0,5,0,1,0,2.0,0
0.4116,40,0,0.2608,3507.0,7,0,0,0,1.0,0
0.1036,48,0,0.7443,13250.0,3,0,0,0,2.0,0
9.9573,47,0,0.5554,,10,0,0,0,0.0,0
0.3858,43,0,0.0217,6518.0,10,0,0,0,1.0,0
0.3757,62,0,0.4325,3297.0,5,0,1,0,1.0,0
1.7846,26,0,0.5398,1668.0,7,0,1,0,1.0,1
0.1701,56,0,0.4474,7124.0,5,0,1,0,2.0,0
0.0028,70,0,0.407,5370.0,10,0,1,0,1.0,0
0.0134,69,0,0.0411,,5,0,1,0,1.0,0
0.8691,66,0,0.2139,4096.0,8,0,2,0,0.0,0
0.3891,43,0,0.3844,,5,0,1,0,0.0,0
1.0883,72,0,0.0534,6076.0,11,0,1,0,1.0,0
0.9378,57,0,0.2407,5183.0,5,0,1,0,1.0,0
0.425,72,0,0.9545,4875.0,12,0,2,0,1.0,0
1.7879,67,0,0.5557,10616.0,5,0,2,0,0.0,0
0.1074,56,0,0.3527,3860.0,6,0,2,0,,0
0.7213,49,0,0.6502,7015.0,8,0,1,0,0.0,0
1.0711,85,0,0.2616,7005.0,7,0,2,0,1.0,0
0.1363,27,0,0.7694,2583.0,11,0,0,0,1.0,0
0.4782,50,0,0.0309,2343.0,13,0,1,0,1.0,0
0.2405,32,0,0.5933,16418.0,7,0,0,0,,0
0.1358,54,0,0.3399,7434.0,5,0,1,0,0.0,0
0.4956,57,0,0.6356,6878.0,9,0,2,0,1.0,0
0.7137,43,0,1.0692,1746.0,14,0,1,0,0.0,0
0.841,44,0,1.0226,2457.0,9,0,1,0,1.0,0
0.2716,34,0,0.1602,,6,1,0,0,2.0,0
0.3515,58,0,0.3897,5608.0,8,0,0,0,0.0,0
0.9997,45,0,0.5772,,8,0,1,0,0.0,0
0.155,58,0,0.1934,15201.0,5,0,0,0,0.0,0
0.2161,45,0,0.5226,14684.0,6,0,2,0,1.0,0
0.156,55,0,0.3784,6966.0,11,0,1,0,0.0,0
0.0517,62,0,0.6304,5868.0,6,0,1,0,0.0,0
0.0497,59,1,0.2481,,8,0,1,0,0.0,0
1.788,55,0,0.5266,5187.0,4,0,1,0,1.0,1
0.0299,51,0,0.4388,9622.0,6,0,0,0,0.0,0
1.134,59,1,0.3644,10819.0,11,1,1,0,0.0,0
0.23,44,0,0.2385,,8,0,0,0,0.0,0
0.1588,49,2,0.2119,,9,0,0,0,2.0,0
0.3123,57,0,0.7283,3802.0,13,0,1,0,2.0,1
0.8101,74,0,0.4415,5137.0,10,0,0,0,0.0,0
0.0348,43,0,0.5972,4148.0,4,0,0,0,1.0,0
0.133,40,0,0.0724,7108.0,9,0,0,0,2.0,0
0.034,56,0,0.8594,6195.0,8,0,0,0,0.0,0
0.1125,69,0,0.4919,5376.0,4,0,2,0,2.0,1
0.3664,63,0,0.7242,6900.0,10,0,2,0,0.0,0
0.1124,52,0,0.7498,1201.0,10,0,5,0,0.0,0
0.9179,69,0,0.5781,1673.0,4,0,3,0,4.0,0
0.4927,27,0,0.3841,1359.0,10,0,1,0,1.0,1
0.7026,66,0,0.1242,2860.0,9,0,0,0,2.0,0
0.7046,48,0,0.2791,1166.0,11,0,3,0,1.0,0
2.1352,61,0,0.4105,6316.0,4,0,0,0,1.0,0
0.2278,66,0,0.1881,,6,0,2,0,0.0,0
0.0408,55,0,0.0375,11217.0,7,0,1,0,1.0,0
0.233,53,0,0.3621,3648.0,14,0,1,0,0.0,0
0.0888,47,0,0.625,1363.0,11,0,2,0,2.0,0
4.9821,76,0,0.2607,7951.0,4,0,0,0,0.0,0
0.8941,57,0,0.383,13684.0,11,0,1,0,1.0,0
0.0063,55,0,0.118,18357.0,11,0,0,0,1.0,0
0.5536,73,0,0.0538,7803.0,7,0,1,0,0.0,1
0.1884,45,0,0.3965,3377.0,8,0,3,0,1.0,0
0.3559,49,0,0.2159,8146.0,13,0,1,0,0.0,0
0.3284,65,0,0.4572,7421.0,10,0,1,0,2.0,0
0.4305,77,0,0.4212,9719.0,7,0,0,0,0.0,0
0.2144,53,0,0.6503,7267.0,1,0,3,0,0.0,0
0.3824,57,0,0.2266,6031.0,9,0,1,0,0.0,0
0.1813,30,0,0.3274,8697.0,7,0,0,0,0.0,1
0.5983,70,0,0.533,,4,0,1,0,0.0,0
0.0099,37,0,0.6501,5359.0,1,0,1,0,0.0,0
0.3171,44,0,0.4992,,2,0,0,0,0.0,0
0.9583,55,0,0.7113,3513.0,6,0,0,0,1.0,0
1.1791,43,0,0.9784,2951.0,7,0,1,0,0.0,0
0.1738,25,1,0.3461,7062.0,11,1,0,0,1.0,0
0.1783,35,0,0.406,14249.0,7,0,0,0,0.0,0
0.0765,53,0,0.1839,2907.0,4,0,1,0,0.0,0
0.5965,73,0,0.4203,8993.0,6,0,2,0,1.0,0
0.267,72,0,0.311,8214.0,10,0,1,0,4.0,0
1.7121,57,0,0.616,,9,0,0,0,2.0,0
0.2956,54,0,0.8441,11004.0,12,0,1,0,,0
0.3812,63,0,0.4763,5731.0,6,0,0,0,0.0,0
0.6994,71,0,0.6821,,7,0,1,0,1.0,1
1.9591,54,0,0.3703,2546.0,5,0,1,0,2.0,0
0.0035,54,0,0.8779,12328.0,8,0,2,0,2.0,0
0.6454,55,0,0.7743,8839.0,7,0,1,0,0.0,0
0.6499,66,0,0.6304,8071.0,6,0,1,0,0.0,0
0.2646,33,0,1.1785,5683.0,8,0,3,0,2.0,0
0.2271,52,0,0.7402,2229.0,9,0,2,0,0.0,0
0.29,58,0,0.7061,7305.0,11,0,0,0,0.0,0
0.6651,25,0,0.3779,15974.0,7,0,0,0,0.0,0
0.5538,65,0,0.379,4877.0,9,0,1,0,1.0,0
0.0532,67,0,0.319,6817.0,4,0,0,0,0.0,0
0.0682,25,0,0.3989,3409.0,7,0,0,0,0.0,0
0.376,46,0,0.2814,,8,0,0,0,0.0,0
0.5002,47,0,1.2671,4100.0,11,0,0,0,1.0,0
2.7553,40,1,0.684,,3,0,3,0,2.0,0
0.0977,41,0,0.2533,3253.0,8,0,0,0,0.0,0
0.9635,45,0,0.8282,,12,0,1,0,1.0,0
0.2977,61,0,0.6541,,6,0,2,0,1.0,0
0.0073,69,0,0.8191,,8,0,1,0,1.0,0
0.8489,60,1,0.376,4812.0,9,0,0,0,3.0,0
0.1436,39,0,0.5435,,7,0,0,0,1.0,0
0.0149,63,0,0.2806,4020.0,6,0,0,0,0.0,0
0.2122,60,0,0.4544,2670.0,8,0,3,0,0.0,0
0.4549,21,0,0.9143,7276.0,9,0,1,0,1.0,0
0.1662,69,0,0.5026,14968.0,11,0,1,0,0.0,0
0.4418,54,0,0.9994,7853.0,13,0,0,0,1.0,0
0.3658,54,0,0.1591,15196.0,5,0,4,0,1.0,0
1.0757,28,0,0.0658,,6,0,0,0,0.0,1
0.6427,75,0,0.4129,,4,0,3,0,0.0,0
0.9277,57,0,0.4697,9885.0,10,0,2,0,0.0,0
2.6075,63,0,0.2393,4437.0,4,0,0,0,0.0,0
4.0486,33,1,0.1144,3337.0,19,0,3,0,0.0,0
3.1242,59,0,0.7193,5923.0,12,0,0,0,0.0,0
2.4759,59,0,0.4404,4734.0,5,0,2,0,0.0,0
1.4461,50,0,0.5462,7388.0,10,0,1,0,0.0,0
0.2138,34,0,0.8492,6675.0,9,0,1,0,1.0,0
0.0527,51,0,0.59,2901.0,8,0,1,0,0.0,0
0.3267,39,0,0.1276,,8,0,2,0,1.0,0
2.3224,42,0,0.8552,,9,0,0,0,1.0,1
0.3143,68,0,0.5576,4112.0,9,0,2,0,1.0,0
3.7606,53,0,0.3753,2768.0,3,0,0,0,2.0,0
0.3042,51,0,0.16,7167.0,5,0,1,0,2.0,0
5.4706,36,0,0.711,5576.0,5,0,2,0,1.0,0
0.6804,51,0,0.2112,8274.0,11,0,1,0,0.0,0
0.0524,50,0,0.3474,4710.0,3,0,0,0,0.0,0
2.3255,38,0,0.2209,11853.0,8,0,0,0,0.0,0
0.5392,67,0,0.5929,9366.0,6,0,0,0,3.0,0
9.8109,67,0,0.5641,17613.0,6,0,0,0,,0
0.3034,41,0,0.5404,1721.0,13,0,2,0,0.0,0
0.1578,58,0,0.0982,2454.0,8,0,2,0,0.0,0
0.1517,26,0,0.5064,3143.0,7,0,2,0,2.0,0
0.3887,56,0,0.1912,,5,0,0,0,0.0,0
2.385,63,0,0.6165,,8,0,0,0,0.0,0
0.2687,36,0,0.7761,7315.0,4,0,1,0,0.0,0
0.4197,52,0,0.2666,6484.0,6,0,0,0,2.0,0
0.3552,54,0,0.323,,5,0,0,0,2.0,0
0.9203,92,0,0.2883,,4,0,0,0,2.0,0
0.3173,88,0,0.7106,5846.0,9,0,1,0,2.0,0
12.8706,57,0,1.0216,5021.0,7,0,1,0,1.0,0
1.2661,43,0,1.1038,8197.0,8,0,1,0,0.0,0
0.6432,55,0,0.3897,4599.0,9,0,0,0,1.0,0
1.0011,68,3,0.7644,4552.0,9,0,0,2,0.0,0
4.0516,29,0,0.4033,3305.0,7,0,3,0,1.0,0
0.7951,23,0,0.4807,2480.0,5,0,1,0,0.0,0
0.0924,36,0,0.1619,4927.0,5,0,0,0,2.0,0
0.4068,63,0,0.0875,3284.0,7,0,1,0,1.0,0
0.1777,63,0,0.3465,3736.0,12,0,0,0,1.0,0
0.7027,58,0,0.219,6283.0,10,0,0,0,2.0,0
0.5138,68,0,0.1309,,7,0,2,0,4.0,0
3.0355,49,0,0.8761,17217.0,10,0,1,0,0.0,0
0.3989,48,0,0.3575,4834.0,7,0,3,0,1.0,0
0.2601,57,0,0.4712,2711.0,14,0,0,0,1.0,0
0.0789,76,0,0.5959,,9,0,2,0,0.0,0
0.2672,58,0,0.4514,,9,0,0,0,1.0,0
0.4788,51,0,0.0622,,8,0,0,0,1.0,0
1.3478,58,0,0.4756,4233.0,8,0,2,0,0.0,0
1.0155,72,0,0.5771,,10,0,1,0,2.0,0
0.2568,47,0,0.1178,2839.0,8,0,0,0,0.0,0
0.852,46,0,0.4242,3899.0,3,0,0,0,0.0,0
0.7802,45,0,0.3344,7851.0,7,0,0,0,0.0,0
0.5351,63,0,0.4786,5180.0,9,0,2,0,1.0,0
0.0576,41,0,0.4373,5555.0,8,0,1,0,1.0,0
0.0044,61,0,0.3489,6927.0,5,0,2,0,1.0,0
0.1464,31,0,0.6112,8240.0,15,0,0,0,1.0,0
1.0572,48,0,0.1989,3951.0,9,0,2,0,0.0,0
0.2735,51,0,0.182,8117.0,7,0,3,0,0.0,0
0.5055,77,0,0.2905,,5,0,1,0,0.0,0
0.3248,66,0,0.1177,5337.0,11,0,1,0,0.0,0
1.6343,47,2,0.0259,,5,0,0,2,1.0,0
3.8674,45,0,0.3751,5173.0,2,0,1,0,0.0,0
1.7196,43,0,0.2523,4928.0,12,0,1,0,1.0,0
0.1185,36,0,0.3947,9645.0,9,0,0,0,,0
0.6408,75,0,0.631,5236.0,5,0,1,0,,1
0.0347,41,1,0.4165,4728.0,7,0,1,0,0.0,0
0.5577,76,0,0.1465,8261.0,10,0,2,0,2.0,0
0.2695,53,0,0.507,,12,0,0,0,1.0,0
0.4105,51,0,1.2103,2541.0,10,0,1,0,4.0,0
0.3272,53,0,1.0844,16370.0,5,0,0,0,0.0,0
0.0229,69,0,0.1857,6782.0,8,0,3,0,1.0,0
0.284,40,0,0.4872,1768.0,13,0,0,0,0.0,0
0.0181,59,0,0.5064,3886.0,6,0,1,0,0.0,0
0.589,51,0,0.6694,4764.0,8,0,1,0,0.0,0
0.2132,58,0,0.668,8798.0,5,0,1,0,0.0,0
0.352,49,0,0.0888,9621.0,7,0,1,0,0.0,0
0.6483,47,0,0.1067,21155.0,6,0,0,0,1.0,0
0.462,59,0,0.1138,17705.0,6,0,1,0,1.0,0
0.1337,33,0,0.7833,3789.0,5,0,1,0,2.0,0
0.1256,72,0,0.3648,8816.0,7,0,1,0,2.0,0
0.8141,54,0,0.9392,2581.0,14,0,1,0,0.0,0
0.6009,44,0,0.2878,3577.0,4,0,0,0,0.0,0
1.176,57,0,0.2852,3009.0,5,0,0,0,0.0,0
1.6202,42,1,0.7372,5480.0,11,0,4,0,3.0,0
0.6925,53,0,0.7774,1257.0,7,0,1,0,1.0,0
0.0408,53,0,1.3269,10367.0,11,0,2,0,2.0,0
0.4727,70,0,0.3533,,3,0,0,0,1.0,0
0.1986,56,0,0.8306,,3,0,0,0,0.0,0
0.3757,36,0,0.5344,11185.0,10,0,2,0,0.0,0
0.1382,60,0,0.4128,,10,0,1,0,0.0,0
0.6498,62,0,1.1305,16536.0,8,0,2,0,0.0,0
3.1799,29,0,0.4682,2990.0,14,0,1,0,0.0,0
2.199,35,0,0.4191,4151.0,16,0,2,0,1.0,0
0.9536,80,0,0.589,15312.0,8,0,2,0,2.0,0
0.3502,47,0,0.3409,4874.0,10,0,0,0,0.0,0
0.01,48,0,0.0967,11377.0,8,0,1,0,1.0,0
0.0714,52,2,0.0768,6921.0,9,1,2,0,3.0,1
1.2995,43,0,0.2104,,7,0,0,0,0.0,0
0.4167,27,0,0.0998,6372.0,12,0,1,0,2.0,0
0.4038,36,3,0.2532,1306.0,3,0,0,0,1.0,0
0.266,43,0,0.1414,15176.0,7,0,1,0,0.0,0
0.8919,45,0,0.544,8828.0,4,0,1,0,1.0,0
1.3431,41,0,0.4388,4682.0,11,0,1,0,1.0,0
0.1378,31,0,0.1928,3328.0,12,0,1,0,2.0,0
0.0199,44,0,0.3154,8418.0,4,0,0,0,0.0,0
0.2518,68,0,0.1207,4349.0,5,0,2,0,1.0,0
0.1402,43,0,0.7065,1059.0,13,0,1,0,0.0,0
2.3461,49,0,0.2378,3254.0,10,0,0,0,2.0,0
0.2318,72,0,0.1681,5486.0,7,0,2,0,1.0,0
0.1481,42,0,0.628,7235.0,5,0,0,0,0.0,0
0.1268,95,0,0.0565,32126.0,8,0,2,0,0.0,0
0.0425,64,0,0.5244,12702.0,9,0,0,0,0.0,0
0.7998,53,0,0.5922,4986.0,5,0,0,0,0.0,0
0.1811,49,0,0.2831,,7,0,4,0,0.0,0
0.284,71,0,0.8948,10727.0,11,0,1,0,1.0,0
0.2675,42,0,0.283,8614.0,15,0,2,0,2.0,0
0.3861,46,0,0.1219,5786.0,4,0,0,0,1.0,0
0.1343,75,0,0.622,2780.0,8,0,1,0,0.0,0
0.7039,47,0,0.79,15876.0,6,0,1,0,1.0,0
0.6807,45,0,0.468,10755.0,6,0,2,0,0.0,0
0.3754,43,0,0.4827,10202.0,4,0,0,0,1.0,0
0.0639,25,0,0.1555,1689.0,7,0,1,0,1.0,0
0.585,66,0,0.6823,6993.0,5,0,1,0,1.0,0
0.3144,51,0,1.2394,7434.0,9,0,3,0,1.0,0
5.0885,67,0,0.6123,3537.0,3,0,0,0,0.0,0
0.3086,50,1,0.1895,3119.0,6,0,1,0,0.0,0
0.2116,46,0,0.6804,,6,0,1,0,4.0,0
0.1041,43,0,0.2155,16073.0,6,0,3,0,2.0,0
0.5951,62,0,0.4074,9405.0,9,0,3,0,0.0,0
0.5856,41,0,0.499,7759.0,7,0,3,0,0.0,0
4.4123,57,0,0.2319,4443.0,9,0,2,0,1.0,0
0.2264,53,0,0.5089,,12,0,0,0,3.0,0
0.6374,37,0,0.1175,7473.0,5,0,1,0,0.0,0
0.9796,46,0,1.0525,,10,0,3,0,0.0,0
0.3455,52,0,0.3914,3657.0,3,0,0,0,0.0,0
0.3476,48,0,1.0731,16357.0,8,0,2,0,1.0,0
2.1593,79,0,0.5674,6376.0,10,0,2,0,0.0,1
0.9101,55,0,0.3953,4729.0,5,0,1,0,0.0,0
2.6823,49,0,0.6454,3008.0,11,0,2,1,1.0,0
0.2113,47,0,0.1573,6567.0,7,0,2,0,1.0,0
0.1348,49,0,0.6737,2297.0,12,0,0,0,0.0,0
0.0884,43,0,0.8333,2455.0,6,0,0,0,1.0,0
0.0721,40,0,0.2389,,8,0,0,0,0.0,0
0.5871,60,0,1.0643,,9,0,5,0,0.0,0
0.2456,74,0,0.229,3289.0,11,0,0,0,1.0,0
7.313,46,0,0.3873,3683.0,5,0,2,0,1.0,0
0.4789,58,0,0.9186,6041.0,7,0,0,0,1.0,0
0.4116,43,0,0.1917,7417.0,10,0,0,0,0.0,0
0.1146,53,0,0.7305,,8,0,0,0,2.0,0
0.2514,34,0,0.5311,1322.0,5,0,2,0,1.0,0
0.374,40,0,0.3219,3057.0,8,0,0,0,2.0,0
0.1449,40,0,1.1437,2966.0,8,0,1,0,1.0,0
0.1606,50,1,0.8823,5970.0,7,0,0,2,1.0,0
9.7228,36,0,0.6409,,4,0,2,2,0.0,0
0.9582,21,0,0.1107,2663.0,6,0,1,0,0.0,0
0.5572,33,0,0.284,5118.0,14,0,3,0,2.0,0
0.4872,50,0,0.1591,4120.0,4,0,2,0,0.0,0
0.2118,41,0,0.6212,16532.0,6,0,0,0,0.0,0
0.2642,44,0,0.482,2531.0,8,0,1,0,2.0,0
0.5339,56,0,0.6817,5105.0,7,0,0,0,0.0,1
0.2393,41,0,0.2092,11963.0,6,1,0,0,0.0,0
0.7817,51,0,0.4104,2104.0,9,0,2,0,0.0,0
0.0605,82,0,0.2457,28146.0,10,0,0,0,2.0,0
0.4265,47,0,0.7532,7220.0,10,0,0,0,0.0,0
0.2795,49,0,0.2802,9039.0,9,0,0,0,2.0,0
0.3184,57,0,0.5653,,13,0,0,0,0.0,0
0.2465,41,0,0.695,8127.0,10,0,1,0,1.0,0
0.1491,44,2,0.8504,,7,2,0,0,0.0,0
2.2913,51,0,0.0869,4516.0,3,0,0,0,0.0,0
1.3503,55,0,0.2254,13383.0,3,0,2,0,2.0,0
0.5782,39,0,0.486,7789.0,5,0,0,0,0.0,0
0.356,60,0,1.248,9146.0,9,0,0,0,2.0,0
0.5824,74,0,0.1421,10286.0,12,0,3,0,0.0,0
0.0743,25,0,0.431,2291.0,13,0,2,0,1.0,0
0.3729,57,0,0.5368,7662.0,6,0,0,0,0.0,0
0.0166,51,0,0.5581,6415.0,2,0,2,0,1.0,0
0.0527,48,0,0.3209,,9,0,0,0,0.0,0
0.3456,57,0,0.5853,5815.0,5,0,2,0,0.0,0
0.1531,71,0,0.0453,4712.0,10,0,1,0,1.0,0
0.1751,56,0,0.4287,6801.0,10,0,2,0,1.0,0
0.1349,65,0,0.3118,,12,0,0,0,0.0,0
0.3166,51,0,0.2974,,2,0,2,0,0.0,0
0.4886,57,0,0.1196,14667.0,3,0,0,0,1.0,0
0.974,44,0,0.0748,2622.0,16,0,1,0,0.0,1
0.4219,53,0,0.0934,5663.0,4,0,1,0,0.0,0
0.1316,48,0,0.1103,,11,0,2,0,1.0,0
0.4735,53,0,0.5509,1678.0,3,0,3,0,,0
0.0311,29,0,0.2808,3339.0,8,0,2,0,1.0,0
0.019,36,0,0.3883,4070.0,4,0,1,0,1.0,0
0.4556,69,0,0.3607,8277.0,14,0,2,0,0.0,0
1.2163,72,2,0.137,3339.0,5,0,2,0,0.0,0
0.5119,28,1,0.7995,5070.0,10,3,2,0,2.0,0
0.4844,44,0,0.4334,5296.0,10,0,1,0,0.0,0
0.1878,42,0,0.5348,,7,0,2,0,0.0,0
0.6393,56,0,0.8371,,10,0,2,0,1.0,0
0.2158,51,0,0.3579,3861.0,7,0,2,0,3.0,0
0.0252,62,0,0.9974,,8,0,0,0,0.0,0
0.2058,33,0,0.1604,1985.0,5,0,1,0,0.0,0
0.0311,57,0,0.5912,5432.0,14,0,4,0,0.0,0
7.2436,47,0,0.4546,2044.0,3,0,0,0,1.0,0
1.0383,42,0,0.2412,2994.0,5,0,2,0,1.0,0
0.2502,58,0,0.2737,11626.0,11,0,0,0,1.0,0
0.0958,49,0,0.1903,9163.0,15,0,0,0,0.0,0
0.6556,51,0,0.3492,,10,0,1,0,0.0,0
1.5492,71,2,0.1885,1388.0,5,0,0,0,0.0,0
0.0417,53,0,0.9698,,8,0,1,0,2.0,0
0.5587,79,2,0.9322,3761.0,6,1,2,0,0.0,0
0.4915,21,0,0.5079,,9,0,0,0,1.0,1
0.2525,52,0,0.347,21910.0,8,0,0,0,0.0,0
0.7661,36,0,0.3827,3101.0,4,0,0,0,0.0,0
0.0678,39,0,0.8251,3943.0,8,0,1,0,1.0,0
0.3423,43,0,0.9839,9618.0,11,0,1,0,2.0,0
0.0662,65,0,0.8746,3852.0,10,0,0,0,1.0,0
4.0308,46,1,0.8377,4337.0,11,2,0,0,0.0,0
1.6364,36,0,0.258,6247.0,21,0,0,0,0.0,0
0.0971,61,0,1.0349,2435.0,8,0,0,0,0.0,0
0.4293,35,0,0.773,12191.0,5,0,4,0,2.0,0
0.188,75,0,0.0202,5363.0,7,0,1,0,2.0,0
0.2659,34,4,0.7988,2138.0,4,0,1,0,1.0,0
0.6674,48,2,0.3794,6416.0,10,0,0,0,0.0,0
0.1358,79,0,0.5767,10703.0,8,0,1,0,1.0,0
0.2292,47,2,0.6803,10908.0,11,0,0,1,2.0,0
0.2907,58,0,0.4563,,7,0,0,0,0.0,0
0.6068,50,0,0.5217,2025.0,2,0,0,0,1.0,0
0.38,52,0,0.435,2356.0,4,0,0,0,2.0,0
0.2125,41,0,0.4383,,8,0,2,0,2.0,0
0.0245,58,0,0.5846,9009.0,11,0,0,0,2.0,0
0.0143,71,0,0.5217,,7,0,2,0,0.0,0
3.3398,25,0,0.0658,8754.0,8,0,0,0,1.0,1
0.5858,39,0,0.2628,,6,0,1,0,1.0,0
0.3293,44,0,0.4027,1827.0,10,0,0,0,2.0,0
0.2216,40,0,0.2796,,3,0,2,0,0.0,0
0.1511,61,0,0.8059,,8,0,1,0,1.0,0
0.0847,44,0,1.2444,4462.0,10,0,0,0,0.0,0
0.041,53,0,0.5768,4135.0,5,0,0,0,3.0,0
0.6401,73,0,0.7087,3247.0,4,0,2,0,2.0,0
0.4361,27,0,0.9325,4185.0,5,0,1,0,1.0,1
0.0495,56,0,0.057,10536.0,9,0,1,0,1.0,0
0.3995,50,1,0.1403,,12,0,1,2,2.0,0
0.2664,50,0,0.2353,4633.0,13,0,1,0,1.0,0
0.1108,39,0,0.1624,5148.0,8,0,1,0,3.0,0
0.2575,47,0,0.8762,7371.0,5,0,0,0,2.0,0
0.8011,52,0,0.8712,6774.0,12,0,0,0,0.0,0
0.6146,49,0,0.7092,,6,0,2,0,0.0,0
0.1286,62,0,0.3374,2581.0,8,0,0,0,0.0,0
0.5515,37,0,0.4129,,10,0,1,0,1.0,0
0.4492,32,0,0.4647,4756.0,6,0,2,0,3.0,0
0.5349,24,0,0.8611,5747.0,11,0,2,0,1.0,0
0.0486,54,0,0.4223,3374.0,4,0,0,0,3.0,0
1.0514,63,0,0.6405,5493.0,10,0,3,0,0.0,0
0.7446,36,0,0.1455,2871.0,8,0,0,0,0.0,0
0.1498,34,0,0.0917,4390.0,5,0,0,0,0.0,0
0.559,78,0,0.3603,,6,0,4,0,0.0,0
0.1566,70,0,0.2137,6350.0,3,0,0,0,0.0,0
0.5175,71,1,0.1806,3518.0,9,0,1,0,0.0,0
0.1309,57,0,0.2499,4573.0,10,0,1,0,1.0,0
0.4645,62,0,0.2834,4461.0,7,0,2,0,1.0,0
0.4244,48,0,0.4337,9517.0,2,0,4,0,,0
0.0025,32,0,0.3434,3485.0,6,0,1,0,2.0,0
0.199,33,0,0.3115,4227.0,6,0,0,0,1.0,0
0.368,52,0,0.4498,5106.0,6,0,2,0,0.0,0
0.1699,65,0,0.5574,5031.0,7,0,0,0,0.0,0
0.2672,50,0,0.117,5802.0,7,0,2,0,1.0,0
0.5585,61,0,0.7343,,6,0,1,0,0.0,0
0.1892,51,0,0.3287,9063.0,10,0,1,1,2.0,0
0.7923,56,0,0.6834,4131.0,6,0,1,0,0.0,1
0.4801,63,0,0.2,3625.0,4,0,0,0,2.0,0
0.6293,71,0,0.3,2093.0,9,0,1,0,1.0,0
0.1988,56,0,0.5348,,8,0,2,0,0.0,0
0.0777,79,0,0.2425,2379.0,9,1,0,0,0.0,0
0.1086,49,0,0.1626,7097.0,6,0,0,0,2.0,0
0.0914,71,0,0.1329,,8,0,1,0,1.0,0
0.1786,60,0,0.774,6273.0,6,0,2,0,0.0,0
0.3873,26,0,0.7474,,10,0,3,0,1.0,0
0.8182,72,0,0.3472,5590.0,7,0,1,0,0.0,0
0.0874,39,0,1.1674,5975.0,6,0,0,0,1.0,0
0.2398,49,0,0.3355,10023.0,5,0,0,0,0.0,0
1.2306,64,0,0.17,2250.0,4,0,2,0,0.0,0
0.3743,42,0,0.84,2202.0,13,0,1,0,1.0,0
0.0602,51,0,0.9216,2081.0,6,0,0,0,2.0,0
0.0291,61,0,0.1839,,14,0,1,0,0.0,0
0.2087,40,0,0.5977,1476.0,12,0,0,0,0.0,0
0.6937,49,0,0.5811,2335.0,10,0,1,0,1.0,0
0.6046,47,0,0.1375,7600.0,7,0,3,0,0.0,1
0.1238,65,0,0.7346,2268.0,8,0,1,0,1.0,0
0.2473,74,0,0.3841,5632.0,5,0,1,0,0.0,0
0.5747,37,0,0.816,,8,0,1,0,0.0,0
0.7387,53,0,0.8125,2765.0,8,0,2,0,0.0,0
0.9895,45,0,0.5382,,4,0,4,0,0.0,0
0.5033,52,0,0.7583,5659.0,6,0,0,0,2.0,0
1.0661,77,0,0.5265,,7,0,5,1,2.0,0
0.1419,57,0,0.1223,7812.0,4,0,3,0,0.0,0
0.5505,44,0,0.0979,9790.0,5,0,1,0,0.0,0
0.726,33,0,0.6147,4362.0,8,0,3,0,0.0,0
0.5317,66,0,0.2464,2521.0,9,0,0,0,0.0,0
0.3056,46,0,0.784,20338.0,9,0,0,0,1.0,0
0.5574,41,0,0.6687,2389.0,6,0,2,0,2.0,0
0.253,56,0,0.2444,7077.0,9,0,1,0,1.0,0
0.7505,60,0,0.4152,4402.0,8,0,1,0,1.0,1
0.1131,47,0,0.2957,6795.0,9,0,2,0,0.0,0
0.199,39,0,0.2098,3555.0,7,0,0,0,2.0,0
0.8375,71,0,0.3736,,7,0,2,0,,0
0.6869,62,0,0.0643,,10,0,1,0,0.0,0
0.5693,66,0,0.1578,9506.0,6,0,1,0,0.0,0
0.047,47,0,0.9298,3046.0,9,0,2,0,0.0,0
0.0702,40,0,0.3738,4229.0,7,0,1,0,1.0,0
3.0929,45,0,0.0528,6759.0,9,0,2,0,1.0,0
0.7182,31,0,0.4034,4584.0,2,0,1,0,2.0,0
0.2937,47,0,0.2241,3831.0,9,0,1,0,0.0,0
0.4943,43,0,0.277,7519.0,8,0,2,0,0.0,0
0.2445,51,0,0.7286,2694.0,5,0,3,0,1.0,0
1.8665,53,0,0.5061,3866.0,13,0,1,0,0.0,0
0.2278,53,0,0.0936,5137.0,8,0,1,1,0.0,0
4.5148,44,2,0.3274,2771.0,6,0,1,0,1.0,0
0.5069,35,0,0.2896,,7,0,2,0,0.0,0
0.3993,32,0,0.3028,15363.0,6,0,0,0,0.0,0
1.9478,55,0,0.9394,6654.0,5,0,3,0,1.0,0
0.4089,54,0,0.5177,,7,0,2,0,0.0,0
2.1618,33,1,0.4953,6444.0,12,0,1,0,1.0,0
0.4296,72,0,0.2427,7430.0,7,0,1,0,1.0,0
0.9551,64,0,0.0229,18595.0,9,0,3,0,0.0,0
0.2425,38,0,0.7217,6874.0,8,0,2,0,0.0,0
0.0985,56,0,0.3176,6662.0,10,0,1,0,0.0,0
0.0774,50,2,0.4705,6672.0,5,1,0,0,2.0,0
0.1754,56,0,0.6268,2984.0,11,0,1,0,0.0,0
0.6423,54,0,0.2377,6645.0,6,0,3,0,1.0,0
0.5414,61,0,0.6867,,6,0,1,0,0.0,0
0.0608,73,0,0.4726,,7,0,0,0,0.0,0
1.1189,56,0,0.5018,,6,0,1,0,0.0,0
0.4369,59,0,0.4324,4445.0,8,0,3,0,0.0,0
0.9354,73,1,0.333,6915.0,7,0,3,0,2.0,0
0.2124,44,0,0.577,2425.0,8,0,1,0,0.0,0
0.4509,39,0,0.2389,,7,0,1,0,,0
0.2131,61,0,0.8099,6722.0,9,0,2,0,1.0,0
0.5619,35,0,1.2346,4633.0,8,0,1,0,1.0,1
2.8679,41,1,0.448,5080.0,7,0,1,0,0.0,0
1.6971,73,0,0.6193,9249.0,9,0,1,0,0.0,0
0.4166,28,0,0.8993,8252.0,8,0,1,0,0.0,0
0.6102,56,0,0.5927,2748.0,5,0,2,0,1.0,0
6.6281,32,0,0.3842,12111.0,8,0,2,0,1.0,0
1.5281,58,0,0.1512,3774.0,3,0,0,0,1.0,0
0.8451,78,0,0.1909,4080.0,9,0,0,0,0.0,0
0.7544,38,0,0.4455,,4,0,3,0,1.0,0
0.0063,23,0,0.6166,,5,0,1,0,0.0,0
3.7058,57,0,0.26,,10,0,0,0,2.0,0
0.6392,43,0,0.0635,6853.0,3,0,0,0,0.0,0
0.4651,49,0,0.7295,,9,0,1,0,1.0,1
1.385,57,0,0.1906,4843.0,9,0,0,0,0.0,0
0.1674,60,0,0.1091,4888.0,6,0,0,0,1.0,0
0.2344,60,0,0.6265,12116.0,4,0,1,0,0.0,0
0.0499,52,0,0.1294,8880.0,8,0,2,0,1.0,0
0.3579,58,0,0.1704,5606.0,6,0,0,0,0.0,0
0.9646,49,0,0.8714,3582.0,10,0,1,0,0.0,0
3.8096,47,0,0.319,5367.0,11,4,0,0,,0
0.7567,52,0,0.4954,4548.0,4,0,0,0,0.0,0
0.5749,60,0,0.7367,23097.0,18,0,0,0,1.0,0
0.2986,43,0,0.6311,3958.0,12,0,2,0,1.0,0
0.4776,55,0,0.5452,3961.0,8,0,0,0,3.0,0
0.6862,46,0,0.74,4514.0,6,0,0,0,1.0,1
0.2657,42,0,0.2844,6598.0,12,0,1,0,1.0,0
0.0554,67,0,0.3555,7656.0,7,0,0,0,0.0,0
0.9416,57,1,0.4582,3232.0,8,0,1,0,1.0,0
0.1602,57,0,0.1275,7232.0,11,0,3,0,0.0,0
0.2798,39,0,0.1774,2818.0,6,0,0,0,2.0,0
0.4798,49,0,0.4004,2702.0,6,0,1,0,0.0,0
2.1198,60,0,0.3043,,8,0,2,0,,0
0.8813,57,0,0.5393,1880.0,4,0,1,0,0.0,0
0.3463,88,0,0.1118,9267.0,5,0,1,0,0.0,0
0.8245,55,0,0.2528,6088.0,10,0,2,0,1.0,0
1.0205,43,0,0.3868,3586.0,6,0,1,0,2.0,0
1.0383,46,0,0.5532,1918.0,7,0,2,0,2.0,0
2.588,40,0,1.0962,3094.0,10,0,1,0,1.0,0
0.1682,43,0,0.5077,,4,0,0,0,1.0,0
0.6077,53,0,0.5515,5119.0,3,0,0,0,1.0,1
0.274,46,0,0.3373,6604.0,9,0,2,0,0.0,0
0.9297,71,0,0.8215,5776.0,9,0,5,0,1.0,0
0.3836,64,0,0.3358,3991.0,4,0,0,0,1.0,0
0.45,64,0,0.5004,34254.0,9,0,2,0,0.0,0
0.4553,48,0,0.3595,3447.0,9,0,2,0,0.0,0
0.284,65,0,0.925,8470.0,10,0,0,0,2.0,0
0.7168,66,0,0.1811,6153.0,10,0,1,0,0.0,0
0.9016,74,0,0.4196,,13,0,0,0,1.0,0
1.213,44,0,0.9666,10674.0,6,0,5,0,2.0,0
0.5789,52,0,0.7408,7473.0,10,0,1,0,0.0,0
0.7098,41,0,0.0834,3324.0,11,0,1,0,1.0,0
0.0926,89,0,0.9121,,7,0,0,0,1.0,0
0.7568,49,0,0.3594,19784.0,6,0,3,0,0.0,0
2.2561,70,0,0.3774,3131.0,11,0,1,0,1.0,0
0.7059,54,0,0.2328,2500.0,13,0,1,0,1.0,0
0.0983,64,0,0.5781,4396.0,8,0,2,0,0.0,0
0.724,52,0,0.976,1142.0,7,0,0,0,0.0,0
2.1163,65,0,0.6422,,6,0,1,0,1.0,0
0.4325,56,0,0.8274,6263.0,4,0,1,0,0.0,0
4.3201,76,0,0.4568,8030.0,10,0,2,0,0.0,0
0.5398,56,0,0.8345,2530.0,14,0,0,0,0.0,0
0.1226,42,0,0.3499,6685.0,9,0,2,0,1.0,0
1.1363,59,0,0.4365,10676.0,5,0,0,0,1.0,0
1.1717,52,0,0.23,3870.0,1,0,0,0,2.0,0
6.6741,38,0,0.5398,1548.0,13,0,0,0,0.0,0
0.4161,57,0,0.2195,15616.0,8,0,0,0,2.0,0
0.1501,43,0,0.1263,3818.0,5,0,2,0,1.0,0
0.0538,49,0,0.8771,8572.0,10,0,2,0,0.0,0
4.8689,53,0,0.3617,3321.0,7,0,0,0,1.0,0
2.8673,24,0,1.0108,9464.0,12,0,4,0,1.0,0
0.9615,46,0,0.3381,6194.0,15,0,0,0,0.0,0
0.4855,65,0,0.7231,4246.0,6,0,1,0,0.0,0
2.4123,49,0,0.5284,7076.0,16,0,1,0,0.0,0
1.1143,25,0,0.7396,,11,0,1,0,1.0,1
0.8395,51,0,0.2744,,13,0,0,0,0.0,0
0.5295,59,0,0.7151,12611.0,9,0,2,0,0.0,0
0.8744,48,2,0.2567,10274.0,11,4,3,0,0.0,0
0.2998,48,0,0.9712,2889.0,9,0,1,0,0.0,0
0.2178,46,0,0.6789,,3,0,0,0,0.0,0
2.9277,61,0,1.0495,3609.0,9,0,2,0,0.0,1
0.2028,40,0,0.2369,4912.0,11,0,1,0,1.0,0
2.1525,60,0,0.8417,8509.0,12,0,2,0,3.0,0
3.1465,48,0,0.5602,4379.0,9,0,2,0,3.0,0
0.433,70,0,0.4958,7746.0,15,0,1,0,0.0,0
0.0995,45,0,0.6927,5765.0,8,0,3,0,3.0,0
0.4705,36,1,0.5861,3866.0,11,1,0,2,2.0,0
0.2752,61,0,0.56,,8,0,0,0,1.0,0
0.5637,59,0,0.799,,4,0,0,0,0.0,0
0.599,58,0,0.3535,3544.0,7,0,1,0,1.0,0
1.2539,64,0,0.4534,,5,0,0,0,1.0,0
0.6183,38,2,1.6189,8689.0,5,0,0,0,0.0,0
0.29,41,0,0.2082,3964.0,12,0,1,0,1.0,0
1.7763,70,0,0.8094,13686.0,5,0,2,0,1.0,0
0.1584,58,0,0.7636,,7,0,1,0,0.0,0
0.4947,46,0,0.3173,4392.0,8,0,1,0,,0
0.3301,27,0,0.9283,5006.0,9,0,1,0,0.0,0
0.3283,35,0,0.4905,3713.0,13,0,0,0,1.0,0
0.6032,39,0,0.4336,2365.0,6,0,1,0,2.0,0
0.152,44,0,0.0845,,11,0,0,0,1.0,0
0.4845,56,0,0.7157,6966.0,11,0,0,0,1.0,0
0.2827,33,0,0.2208,2173.0,6,0,0,0,1.0,0
0.8003,45,0,0.4575,6882.0,8,0,0,0,1.0,0
0.028,34,0,0.6569,7339.0,8,0,0,0,0.0,0
0.6738,46,0,1.0108,7011.0,8,0,1,0,1.0,0
1.0873,85,0,0.5344,2729.0,11,0,3,0,0.0,1
0.3956,69,0,0.6555,13880.0,12,0,2,0,0.0,0
0.1177,60,0,0.1378,6207.0,9,0,1,0,1.0,0
2.5242,45,2,0.6399,3215.0,5,0,1,0,1.0,0
0.1983,37,0,0.4332,3083.0,6,0,1,0,0.0,0
0.0688,51,0,0.2024,,9,0,1,0,0.0,0
0.4788,30,0,0.7326,14838.0,13,0,1,0,0.0,0
1.9297,61,0,0.6861,4651.0,2,0,1,0,0.0,0
0.0932,49,0,0.4787,3167.0,9,0,2,0,1.0,0
0.9493,52,0,0.3491,5435.0,5,0,1,0,,0
0.3659,29,0,0.6341,4249.0,6,0,0,0,1.0,0
0.5277,53,0,0.6148,2922.0,10,0,1,0,2.0,1
2.7838,49,0,0.4263,10299.0,4,0,1,0,1.0,0
1.5371,39,0,1.1444,,12,0,0,0,1.0,1
0.0468,55,0,0.6642,8372.0,9,0,0,0,1.0,0
0.9792,46,2,0.1194,,8,0,2,4,0.0,0
0.2094,56,0,0.4136,6932.0,9,0,2,0,0.0,0
0.5365,61,0,0.1328,3793.0,9,0,2,0,1.0,0
0.2899,37,0,0.2672,3513.0,8,0,0,0,0.0,0
0.4372,53,0,0.5811,,11,0,1,0,0.0,0
0.3903,53,0,1.6273,6669.0,5,0,1,0,2.0,0
0.5828,69,0,0.2836,3885.0,5,0,1,0,1.0,1
0.1183,64,0,0.9137,,5,0,0,0,2.0,0
0.5562,47,0,0.2425,,12,0,0,0,2.0,0
0.0761,46,0,0.6068,6027.0,8,0,2,0,2.0,0
0.62,54,0,0.6041,13181.0,7,0,1,0,,0
0.3521,36,0,0.5959,9705.0,6,0,0,0,0.0,0
0.2578,38,0,0.4247,3460.0,8,0,1,0,0.0,0
0.5779,45,0,0.848,,3,0,0,0,2.0,0
1.2886,21,0,0.436,3944.0,3,0,1,0,0.0,0
0.7338,38,0,0.9078,3694.0,8,0,1,0,0.0,0
3.9245,47,0,0.2781,12907.0,7,0,1,0,0.0,0
0.0469,91,0,0.3061,2593.0,6,0,1,0,0.0,0
0.636,43,0,0.4962,,6,0,2,0,1.0,0
0.2546,61,0,1.188,8653.0,10,0,1,0,0.0,0
0.7611,49,0,0.7163,15879.0,7,0,1,0,1.0,0
3.8392,58,0,0.3439,10258.0,7,0,0,0,2.0,0
4.5817,37,4,0.4165,4834.0,7,0,0,2,0.0,0
0.8129,30,0,0.9701,11933.0,12,0,1,0,1.0,0
0.4978,71,0,0.2286,,11,0,1,0,1.0,0
0.2497,33,1,0.9763,15226.0,11,0,1,0,,0
0.2113,73,0,0.8927,4835.0,4,0,1,0,,0
0.2872,47,0,0.2454,3096.0,7,0,1,0,1.0,0
0.3795,40,0,0.6387,6540.0,6,0,3,0,0.0,0
0.1049,45,0,0.7726,,8,0,0,0,0.0,0
0.7252,74,0,0.6365,8864.0,5,0,4,0,1.0,0
0.7247,42,0,0.8421,3924.0,10,0,0,0,2.0,0
0.4013,47,0,0.4095,5921.0,3,0,3,0,,0
0.2459,66,1,0.4094,2860.0,7,0,2,0,0.0,1
0.3149,59,0,0.4092,1716.0,8,0,1,0,1.0,0
0.1148,81,0,0.9187,2643.0,9,0,1,0,1.0,0
0.3802,68,0,0.2699,11466.0,4,0,4,0,1.0,0
0.5057,42,0,0.6464,,11,0,0,0,0.0,0
0.5442,70,0,0.4053,10363.0,9,0,0,0,1.0,1
0.3257,25,0,0.1173,1984.0,5,0,2,0,1.0,0
0.1534,63,0,0.9299,2676.0,6,0,0,0,1.0,0
0.0927,43,0,0.6349,12455.0,13,0,1,0,4.0,0
0.3127,60,0,0.4186,2140.0,10,0,0,0,1.0,0
0.7732,79,0,0.6539,,5,0,1,0,0.0,0
2.5558,29,0,0.3031,3327.0,4,0,0,0,0.0,0
0.3312,65,0,0.3567,14735.0,15,0,1,0,1.0,0
0.3123,64,0,0.4189,6110.0,5,0,1,0,1.0,0
0.2267,61,0,0.1473,7773.0,8,0,4,0,2.0,0
1.0154,38,0,0.1785,6695.0,7,0,0,0,1.0,0
0.5449,51,0,0.9495,12917.0,3,0,1,0,0.0,0
1.1408,39,1,0.658,5498.0,16,0,1,1,0.0,0
0.8001,58,0,0.3922,4146.0,5,0,2,0,1.0,0
0.6482,34,0,0.9104,,4,0,0,0,1.0,1
0.1585,46,0,0.0716,12360.0,6,0,1,0,0.0,0
0.279,61,0,0.1197,2889.0,8,0,3,0,2.0,0
0.2321,42,0,0.1698,3885.0,6,0,1,0,0.0,0
1.1169,46,0,0.5764,1458.0,4,0,2,0,1.0,1
0.0294,39,0,0.0815,,5,0,1,0,3.0,0
0.3223,56,0,0.8714,,6,0,2,0,0.0,0
2.7293,50,0,1.0332,3573.0,10,0,1,0,0.0,1
3.0887,42,0,0.5168,,5,0,1,0,1.0,0
0.1076,43,0,0.6625,,8,0,2,0,0.0,0
0.0434,54,0,0.8121,,10,0,3,0,0.0,0
0.1183,37,1,0.3319,,14,2,1,1,1.0,0
0.8869,51,0,0.1412,,6,0,0,0,0.0,0
0.2769,52,1,0.0947,7618.0,10,0,3,0,2.0,0
3.1681,54,0,0.6867,9341.0,9,0,1,0,1.0,0
0.3116,45,1,0.2816,1798.0,14,0,2,1,0.0,0
0.1897,60,0,0.5248,4470.0,13,0,3,0,1.0,0
0.1776,65,0,0.3624,6625.0,6,0,3,0,0.0,0
0.5813,61,0,0.5116,5587.0,12,0,2,1,0.0,0
0.3635,55,0,0.2103,6738.0,11,0,2,0,2.0,0
1.0982,32,0,1.2778,,5,0,5,0,1.0,0
0.4216,75,0,0.8077,8243.0,5,0,0,0,1.0,0
4.0785,53,0,0.2196,4970.0,9,0,1,0,1.0,0
0.3014,56,0,0.8913,6997.0,6,0,2,0,0.0,0
1.4944,42,0,0.4368,7828.0,13,0,1,0,,0
0.2164,49,0,0.5432,4082.0,8,0,2,0,1.0,0
0.4414,69,0,0.6347,3625.0,7,0,1,0,1.0,0
0.6463,63,0,0.7109,2386.0,10,0,1,0,1.0,0
0.7805,48,0,0.1172,,9,0,0,0,0.0,0
0.1377,73,0,0.4665,7037.0,8,0,0,0,2.0,0
0.2676,38,0,0.5235,,2,0,1,0,0.0,0
0.3362,28,0,0.5807,,6,0,0,0,0.0,0
0.6277,25,0,0.227,,7,0,1,0,1.0,0
3.6533,63,0,0.4561,,10,0,0,0,,0
0.0586,42,0,0.6405,6601.0,6,0,0,0,1.0,0
0.3044,50,0,0.0626,,14,0,1,0,,0
0.7415,67,0,0.3529,,9,0,1,0,1.0,0
0.2092,57,0,0.4094,8369.0,10,0,0,0,1.0,0
0.3019,35,0,0.5644,6461.0,6,0,3,0,0.0,0
2.7341,75,0,0.3161,22978.0,6,0,1,0,1.0,0
0.2083,48,0,0.4095,3286.0,6,0,1,0,4.0,0
0.4049,51,0,0.2448,6897.0,5,0,0,0,1.0,0
0.3222,42,0,0.3093,3331.0,9,0,1,0,1.0,0
0.8099,36,0,0.2253,12002.0,9,0,0,0,2.0,0
0.4779,55,0,0.1679,,8,0,1,0,1.0,0
0.2156,32,0,0.1724,5462.0,5,0,1,0,1.0,0
0.8462,51,0,0.6533,,5,0,0,0,0.0,0
0.4807,74,0,0.6857,4785.0,9,0,1,0,3.0,0
0.4448,63,0,0.3527,,8,0,2,0,0.0,0
0.6202,55,0,0.6598,,10,0,3,0,0.0,0
0.0265,37,0,0.4727,10693.0,6,0,2,0,0.0,0
0.1038,51,0,0.3662,7345.0,5,0,1,0,1.0,0
0.7937,41,0,0.1012,21925.0,9,0,5,0,0.0,0
0.05,72,0,0.4695,6415.0,12,0,1,0,2.0,0
0.072,45,0,0.7994,5914.0,3,0,1,0,1.0,0
0.5928,41,0,0.926,3321.0,6,0,2,0,1.0,0
0.2447,49,0,0.1014,9684.0,5,0,2,0,0.0,0
0.0417,41,0,0.7394,6565.0,9,0,1,0,0.0,0
0.0621,55,0,0.961,5106.0,3,0,1,0,1.0,0
0.379,77,0,0.33,9965.0,5,0,0,0,0.0,0
0.4857,52,2,0.8335,6558.0,5,0,2,0,3.0,0
0.1281,39,0,0.2293,,5,0,3,0,0.0,0
0.2065,50,0,0.9693,10804.0,8,0,2,0,0.0,0
0.4234,34,0,0.8707,,9,0,1,0,1.0,0
3.9845,92,0,0.0717,1969.0,8,0,2,0,1.0,1
0.3516,77,0,0.8077,4813.0,6,0,1,0,1.0,0
0.5776,69,0,0.2724,2871.0,8,0,0,0,2.0,1
1.8575,63,0,0.0366,7041.0,0,0,2,0,0.0,0
0.2518,50,0,0.6419,13990.0,15,0,1,0,0.0,0
0.3381,50,0,0.5175,,6,0,1,0,1.0,0
0.5767,49,0,0.9838,5061.0,10,0,0,0,1.0,1
1.2693,85,1,0.9237,10311.0,10,0,0,1,0.0,0
0.5887,49,0,0.5336,7885.0,6,0,0,0,0.0,0
0.4359,44,0,0.1672,3292.0,10,0,1,0,2.0,0
1.8437,51,0,0.1239,4643.0,10,0,0,0,0.0,0
1.0994,59,0,0.9001,13262.0,7,0,1,0,1.0,0
0.4882,21,0,0.5396,4337.0,8,0,1,0,0.0,0
0.3632,58,0,0.934,,9,0,1,0,0.0,0
0.067,21,0,0.8457,,6,0,1,0,1.0,0
0.3218,73,0,0.4134,,4,0,2,0,2.0,0
0.6589,28,1,0.3872,4888.0,9,3,1,0,0.0,0
0.5769,41,0,1.0306,,6,0,0,0,0.0,0
0.5406,25,0,0.7312,8392.0,6,0,0,0,1.0,0
0.7382,77,0,0.1208,4344.0,9,0,4,0,0.0,0
0.5199,52,0,0.4197,14446.0,7,0,0,0,1.0,0
0.0165,83,0,0.5221,,10,0,2,0,0.0,0
0.2743,80,0,0.4963,32233.0,6,0,1,0,0.0,0
4.5681,69,1,0.4838,,5,0,0,0,3.0,0
0.0834,32,0,0.4872,9981.0,10,0,0,0,0.0,0
0.596,54,0,0.603,3903.0,7,0,0,0,3.0,0
0.3035,71,0,0.1642,3512.0,7,0,1,0,0.0,0
0.7133,57,3,0.4271,5812.0,13,2,1,2,1.0,0
0.0389,47,1,0.9419,11027.0,11,0,0,1,0.0,0
0.1753,57,0,0.4758,,8,0,1,0,2.0,0
0.7349,58,0,0.3737,4716.0,6,0,1,0,1.0,0
0.3996,31,0,0.341,1873.0,3,0,0,0,0.0,0
0.4857,44,0,0.4615,2987.0,11,0,1,0,1.0,0
4.2332,61,0,0.7787,2634.0,8,0,2,0,1.0,0
0.3324,64,0,0.2297,2920.0,6,0,2,0,0.0,0
0.5119,55,0,0.52,8557.0,10,0,3,0,0.0,0
0.0457,46,0,0.3762,31426.0,3,0,3,0,0.0,0
0.9289,49,0,0.0957,7621.0,10,0,2,0,0.0,0
1.7972,41,0,0.4711,2929.0,4,0,2,0,0.0,0
0.4761,51,0,0.2537,3964.0,9,0,0,0,1.0,0
0.0188,64,1,0.3412,8395.0,6,0,1,0,1.0,0
0.5453,86,0,0.4944,6474.0,6,0,1,0,1.0,0
3.3877,35,1,0.1708,,8,0,2,0,1.0,0
0.7103,70,0,0.5512,5030.0,9,0,0,0,1.0,0
0.1239,57,0,0.7048,,10,0,0,0,0.0,0
0.5319,30,0,0.1036,6711.0,9,0,1,0,1.0,0
2.5141,51,0,1.0597,4366.0,8,0,1,0,1.0,0
0.6574,49,0,0.4161,2362.0,11,0,1,0,2.0,0
2.9526,52,0,0.8212,3126.0,8,0,2,0,1.0,0
3.9086,67,0,0.1692,3775.0,8,0,3,0,1.0,0
0.3859,80,0,0.3689,9079.0,12,0,2,0,1.0,0
0.0485,70,0,1.0796,5240.0,6,0,2,0,2.0,0
0.6452,55,0,0.4637,3624.0,9,0,0,0,0.0,1
0.635,57,0,0.19,11161.0,4,0,0,0,1.0,0
0.5,81,0,0.4176,3624.0,6,0,0,0,0.0,0
1.1426,37,0,0.7819,3151.0,6,0,1,0,0.0,0
0.7019,69,2,0.7026,,15,0,0,2,2.0,0
0.5048,36,0,0.3394,6527.0,9,0,0,0,2.0,0
1.3152,31,0,0.3729,3321.0,5,0,0,0,0.0,0
0.7161,61,0,0.8156,13959.0,10,0,0,0,0.0,0
0.2783,29,0,0.1554,6914.0,2,0,2,0,0.0,0
0.3006,47,0,0.8502,5429.0,7,0,2,0,1.0,0
0.2377,71,0,1.081,,6,0,0,0,2.0,0
0.4825,39,0,0.2208,,4,0,0,0,1.0,1
0.4853,77,0,0.9776,6722.0,8,0,0,0,2.0,0
1.2595,21,0,0.4192,6321.0,7,0,0,0,1.0,1
0.0211,67,0,0.6962,25067.0,5,0,1,0,2.0,0
0.2759,33,0,0.2993,,6,0,2,0,0.0,0
0.0632,49,0,0.4165,3382.0,9,0,1,0,0.0,0
0.5363,55,0,0.1257,7734.0,11,0,0,0,1.0,0
0.1838,48,0,0.0894,,15,0,2,0,0.0,0
0.6499,48,0,1.1576,14090.0,12,0,1,0,0.0,0
5.3436,32,2,0.5352,10640.0,11,2,1,0,0.0,0
0.4143,72,0,0.7375,13588.0,10,0,1,0,1.0,0
0.123,35,0,0.6055,6085.0,10,0,0,0,0.0,0
0.2919,35,0,0.2205,,12,0,0,0,1.0,0
0.6487,51,0,0.192,8099.0,7,0,0,0,1.0,0
0.075,42,0,0.1409,,10,0,0,0,2.0,0
0.4871,64,0,0.6429,11697.0,7,0,1,0,0.0,0
0.5732,45,0,0.9425,2222.0,13,0,1,0,2.0,0
3.2328,52,0,0.8268,,11,0,1,0,0.0,1
0.3788,54,0,1.0471,2373.0,8,0,1,0,2.0,0
0.279,66,0,0.2284,14396.0,10,0,0,0,0.0,0
0.0956,45,0,0.4058,2512.0,10,0,1,0,0.0,0
0.1443,29,0,0.0607,7218.0,4,0,2,0,0.0,0
0.2051,41,0,0.2242,,5,0,1,0,2.0,0
0.802,68,0,0.0411,5436.0,10,0,0,0,1.0,0
0.0934,57,1,0.253,3550.0,6,0,1,0,0.0,0
0.6994,47,5,0.2722,6676.0,11,0,0,0,0.0,0
0.1499,53,2,0.5928,4378.0,6,0,0,3,1.0,0
0.1066,48,0,0.5056,,7,0,1,0,1.0,0
0.0751,63,0,0.2817,1515.0,6,0,1,0,1.0,0
0.7053,57,0,0.1977,4746.0,6,0,1,0,0.0,0
0.0285,48,0,0.4253,16567.0,7,0,0,0,1.0,0
0.9486,65,1,0.2962,,11,0,1,0,0.0,0
0.0971,68,0,0.5235,,7,0,2,0,1.0,0
0.3467,39,0,0.3282,,10,0,1,0,0.0,0
0.1479,39,0,0.5882,6908.0,11,0,1,0,2.0,0
0.4472,86,0,0.3617,3439.0,7,0,0,0,0.0,0
0.8298,61,0,0.2936,5255.0,4,0,1,0,1.0,0
0.0467,75,0,0.4077,2467.0,11,0,0,0,2.0,0
0.3722,64,0,0.4358,3303.0,5,0,2,0,1.0,0
0.5358,58,0,0.2063,3010.0,4,0,0,0,0.0,0
0.4981,22,0,0.7725,3989.0,5,0,3,0,2.0,0
0.2049,35,0,0.8041,3159.0,6,0,0,0,0.0,0
0.7385,61,0,0.4089,4695.0,5,0,1,0,1.0,0
0.0196,39,0,0.3889,4189.0,11,0,2,0,1.0,0
0.6068,50,0,0.7779,2249.0,7,0,1,0,0.0,0
0.8933,65,0,0.4601,3970.0,10,0,1,0,0.0,0
0.0995,54,0,0.5142,4320.0,7,0,1,0,0.0,0
0.738,58,0,0.2204,4587.0,14,0,1,0,0.0,0
0.4474,71,0,0.7979,3366.0,7,0,0,0,0.0,0
0.0556,73,0,0.7158,2602.0,8,0,1,0,1.0,0
2.2905,51,0,0.7589,5783.0,11,0,1,0,0.0,0
0.4873,70,0,0.8146,8879.0,6,0,0,0,0.0,0
0.0529,39,0,0.5949,8680.0,8,1,1,0,1.0,0
0.2339,55,0,0.7053,1173.0,5,0,1,0,0.0,0
0.3157,60,0,0.9627,5398.0,10,0,0,0,1.0,0
0.2897,51,0,0.2682,4820.0,13,0,0,0,1.0,0
1.9491,49,0,0.6499,3277.0,10,0,2,0,0.0,0
0.3567,36,0,0.4769,6301.0,4,0,2,0,0.0,0
1.7925,52,0,1.2186,8542.0,10,0,0,0,1.0,0
0.7832,29,0,0.1201,,5,0,0,0,1.0,0
0.8697,50,0,0.3176,2829.0,10,0,0,0,0.0,0
0.7902,53,0,0.4019,2944.0,8,0,2,0,0.0,0
0.0769,62,0,0.3534,,9,0,0,0,,0
0.6087,36,0,0.1658,,6,0,1,0,1.0,0
0.8843,57,0,0.0645,6346.0,6,0,2,0,0.0,0
0.3506,60,0,0.7821,8950.0,10,0,2,0,2.0,0
0.6697,52,0,1.0989,3906.0,13,0,1,0,0.0,1
0.9799,58,0,0.4491,4506.0,8,0,2,0,4.0,0
0.4233,56,0,0.396,5793.0,5,0,1,0,3.0,0
1.7533,21,2,0.8951,3512.0,6,1,0,0,0.0,0
0.6762,39,0,0.3091,3805.0,5,0,0,0,0.0,0
0.4301,82,0,0.4311,5665.0,7,0,0,0,1.0,1
0.2011,61,0,0.5445,14148.0,8,0,2,0,1.0,0
0.3701,44,0,0.3115,16934.0,12,0,2,0,0.0,0
7.8738,57,0,0.331,,9,0,3,0,1.0,0
0.3933,62,0,0.7228,2603.0,5,0,0,0,0.0,0
0.5628,74,0,0.4231,3488.0,10,0,4,0,0.0,0
2.3426,47,0,0.1702,4192.0,14,0,1,0,1.0,0
0.1962,44,0,0.9574,,7,0,1,0,1.0,0
0.4126,45,0,0.2728,6473.0,6,0,0,0,1.0,0
2.4559,44,0,0.2021,,9,0,2,0,0.0,0
0.3039,44,0,0.08,10780.0,6,0,1,0,0.0,0
0.6248,55,0,0.3432,5849.0,5,0,3,0,0.0,0
0.646,46,0,0.3447,,4,0,4,0,0.0,0
0.2624,51,0,0.5635,3085.0,5,0,1,0,1.0,0
0.5285,78,0,0.4316,9211.0,12,0,0,0,0.0,1
0.0088,39,0,0.5467,6049.0,5,0,1,0,0.0,0
4.0633,57,0,0.5666,23079.0,7,0,0,0,1.0,0
0.0218,36,0,0.5852,2455.0,9,0,1,0,2.0,0
0.4895,65,0,0.9511,5722.0,7,0,1,0,0.0,0
0.0929,68,0,0.2299,4114.0,3,0,0,0,1.0,0
0.2562,40,0,0.2126,,13,0,2,0,0.0,0
0.201,42,0,0.1467,3685.0,12,0,2,0,0.0,0
0.0958,61,0,0.2088,2267.0,9,0,2,0,0.0,0
0.91,48,1,0.9505,6173.0,5,0,0,0,0.0,0
0.5054,72,0,0.3018,3635.0,8,0,0,0,1.0,0
0.499,35,2,0.1835,5027.0,10,0,0,0,,0
0.3048,67,0,0.5233,3890.0,4,0,1,0,1.0,0
0.3017,83,0,0.636,,12,0,3,0,1.0,0
0.2037,57,0,0.354,,4,0,1,0,1.0,0
1.1551,43,0,0.0968,5065.0,6,0,1,0,1.0,0
0.1299,41,0,0.4889,15862.0,12,0,2,0,0.0,0
0.2342,50,0,0.7769,2822.0,8,0,1,0,,0
0.2129,61,0,0.3129,2398.0,8,0,0,0,1.0,0
0.6254,31,0,1.2504,8825.0,3,0,1,0,1.0,0
0.0365,48,0,0.949,11820.0,8,0,1,0,0.0,0
0.0938,54,0,0.4702,1767.0,15,0,0,0,0.0,0
0.207,74,0,0.6058,9341.0,10,0,0,0,0.0,0
0.3386,78,2,0.6022,,14,0,0,0,1.0,1
0.1582,50,0,0.5628,10676.0,10,0,0,0,1.0,0
0.8452,36,0,0.4369,,11,0,2,0,0.0,0
1.0992,54,0,0.3715,7663.0,10,0,0,0,0.0,0
0.5508,54,0,1.0236,,11,0,2,0,0.0,0
0.7776,69,0,0.15,5511.0,11,0,1,0,1.0,0
0.4385,46,0,0.7349,11191.0,12,0,2,0,0.0,0
0.6561,38,0,0.4702,8272.0,8,0,0,0,0.0,0
0.3467,52,0,0.3336,,8,0,1,0,0.0,0
0.1609,47,0,0.3037,9486.0,5,0,0,0,0.0,0
0.5511,47,0,0.1268,4366.0,4,0,0,0,1.0,0
0.5201,40,0,0.5846,3741.0,15,0,1,0,0.0,0
0.4463,34,0,0.0906,,11,0,2,0,0.0,0
0.3378,61,0,0.2134,5651.0,6,0,0,0,2.0,0
0.4926,56,0,0.5481,,6,0,3,0,0.0,1
0.5174,41,0,0.4269,8437.0,7,0,0,0,0.0,0
0.2308,63,0,0.5599,8090.0,5,0,1,0,1.0,0
0.2156,26,0,0.5486,,9,0,2,0,1.0,0
0.5736,46,0,0.6077,7551.0,7,0,1,0,0.0,0
0.1252,55,0,0.3464,5668.0,10,0,0,0,1.0,0
0.1146,68,0,0.3833,5700.0,11,0,3,0,0.0,0
0.182,44,0,0.4055,4776.0,8,0,0,0,1.0,0
8.9186,68,1,0.7006,2680.0,12,0,1,0,0.0,0
0.2253,43,1,0.3127,,13,1,3,0,1.0,0
0.718,64,0,0.2907,15477.0,3,0,1,0,0.0,0
0.2111,76,0,0.7272,,6,0,0,0,0.0,0
2.635,38,0,0.4702,,9,0,1,0,0.0,1
0.0404,54,0,0.2397,6056.0,9,0,0,0,1.0,0
0.614,60,0,0.8442,8105.0,8,0,0,0,0.0,0
0.3715,35,0,0.6658,4209.0,6,0,0,0,2.0,0
0.5156,58,0,0.1806,13522.0,5,0,0,0,1.0,0
1.2166,44,0,0.7877,,8,0,3,0,2.0,1
0.9587,40,0,0.949,3657.0,4,0,1,0,0.0,1
0.7654,46,0,0.4464,10612.0,5,0,1,0,0.0,0
0.2008,45,0,0.4966,7754.0,7,0,1,0,0.0,0
0.5486,63,0,0.3049,,5,0,1,0,0.0,0
0.1391,52,0,0.3234,3547.0,10,0,1,0,1.0,0
0.2643,84,0,0.5302,,9,0,0,0,1.0,0
0.3408,44,0,0.8854,2778.0,11,0,2,0,1.0,0
0.4195,59,0,0.3187,3471.0,10,0,1,0,0.0,0
2.7861,50,0,0.2485,,7,0,2,0,0.0,0
0.3803,34,0,0.5331,9265.0,12,0,2,0,0.0,0
0.1707,74,0,0.7159,5968.0,4,0,1,0,1.0,0
0.4162,54,0,0.0988,4370.0,9,0,0,0,1.0,0
0.3159,41,1,0.3346,3550.0,7,0,1,0,0.0,0
0.2402,58,0,0.5964,6747.0,9,0,0,0,0.0,0
0.2421,66,0,0.1457,,10,0,1,0,1.0,0
0.194,40,0,0.9047,5805.0,9,0,0,0,0.0,0
1.0194,53,0,0.9587,4368.0,12,0,3,0,1.0,0
0.5044,67,0,0.9281,2389.0,11,0,2,0,0.0,0
0.8138,54,2,0.4805,12711.0,10,0,1,0,2.0,0
0.596,60,0,0.2385,8927.0,7,0,2,0,0.0,0
6.5983,48,0,0.5679,2497.0,8,0,2,0,1.0,0
0.5954,30,0,0.8836,6206.0,12,0,3,0,1.0,0
0.6357,48,1,0.5105,,5,1,0,0,0.0,0
0.883,44,0,0.5598,,12,0,1,0,2.0,0
0.2156,50,0,0.3558,4586.0,5,0,0,0,1.0,0
0.1285,44,0,0.411,4211.0,3,0,1,0,0.0,0
3.1179,54,0,0.4532,,8,0,3,0,0.0,0
0.1467,47,0,0.1397,11107.0,6,0,1,0,1.0,0
0.52,63,0,0.4513,6398.0,6,0,0,0,3.0,0
0.1904,61,0,0.3066,7956.0,11,0,1,0,1.0,0
4.1911,39,0,0.2567,2408.0,10,0,1,0,1.0,0
0.8508,70,0,0.827,,12,0,1,0,3.0,0
0.104,42,0,0.6665,4028.0,9,0,1,0,3.0,0
0.564,36,0,0.7164,3712.0,4,0,1,0,1.0,0
0.2984,67,5,1.3196,6083.0,8,0,1,1,0.0,0
0.0705,44,0,0.5992,4058.0,6,0,2,0,1.0,0
2.0273,53,0,1.011,2563.0,10,0,1,0,0.0,1
2.4959,34,0,0.7105,5312.0,4,0,0,0,0.0,0
0.8736,47,0,0.6594,8474.0,8,0,0,0,1.0,0
0.2293,50,0,0.6138,,10,0,0,0,,0
0.0929,47,0,0.3481,3497.0,11,1,1,2,1.0,0
0.2533,45,0,0.4439,3444.0,8,0,1,0,1.0,0
0.5884,53,0,0.1977,3742.0,13,0,1,0,1.0,0
0.8835,66,0,0.6482,8708.0,8,0,1,0,1.0,0
0.2606,39,0,0.4711,6617.0,3,0,0,0,2.0,0
0.831,21,3,0.5776,2861.0,3,0,0,0,1.0,0
0.4818,69,0,0.2117,,9,0,1,0,0.0,1
0.1569,43,0,0.3767,4684.0,6,0,2,0,0.0,0
0.3329,44,0,1.0672,1872.0,9,0,2,0,0.0,0
0.781,44,0,1.0875,5859.0,4,0,0,0,2.0,0
0.253,33,0,0.5623,15065.0,7,0,2,0,0.0,0
0.395,46,0,0.5201,12212.0,4,0,0,0,0.0,0
0.1574,48,0,0.3309,8033.0,4,0,1,0,3.0,0
0.2247,58,0,0.2217,5516.0,6,0,0,0,1.0,0
0.3609,44,0,0.4532,3717.0,9,0,2,0,0.0,0
0.4913,21,1,0.622,7140.0,5,0,2,1,,0
0.1982,33,0,0.5123,1544.0,15,0,0,0,1.0,0
0.2499,68,0,0.0567,8986.0,5,0,0,0,1.0,0
0.1934,40,0,0.9117,5914.0,4,0,1,0,0.0,0
0.3107,60,0,0.7379,4512.0,8,0,0,0,2.0,0
1.0779,42,0,0.4604,11496.0,5,0,2,0,0.0,0
0.0471,63,0,0.3363,6801.0,7,0,0,0,0.0,0
0.6301,53,0,1.0299,8223.0,6,0,0,0,0.0,0
0.5921,32,0,0.2823,2760.0,7,0,0,0,0.0,0
2.3129,36,0,0.4483,,6,1,1,0,1.0,0
0.3239,31,0,0.1844,,10,0,0,0,0.0,0
0.3763,65,0,0.2457,2690.0,10,0,0,0,0.0,0
0.5591,34,0,0.4515,5427.0,11,0,2,0,0.0,0
1.5655,47,0,0.576,7278.0,6,0,0,0,,0
0.1589,51,0,0.4039,7503.0,7,0,1,0,0.0,0
0.0196,55,0,0.4804,1969.0,5,0,1,0,1.0,0
0.2046,46,1,0.7232,,8,0,0,0,0.0,0
0.5891,30,0,0.372,,12,0,1,0,0.0,0
0.8895,35,0,0.4805,7696.0,7,0,2,0,0.0,0
0.5041,37,0,1.0151,,5,0,0,0,1.0,0
0.5353,21,0,0.5451,3225.0,9,0,2,0,0.0,1
0.4523,58,0,0.1129,4033.0,10,0,2,0,0.0,0
0.0112,59,0,0.1632,8014.0,8,0,1,0,0.0,0
0.6559,37,0,1.0324,3492.0,7,0,1,0,1.0,0
0.9253,70,0,0.3348,11755.0,6,0,0,0,1.0,0
0.1867,51,0,0.507,,11,0,1,0,0.0,0
0.2641,64,0,0.726,,8,0,0,0,0.0,0
0.1068,63,1,0.7531,10195.0,9,0,0,1,0.0,0
0.2484,50,0,0.1293,4999.0,8,0,0,0,,0
1.0039,24,0,0.2173,3034.0,6,0,0,0,1.0,0
2.3323,55,0,1.3727,4167.0,5,0,1,0,0.0,1
0.3245,59,0,0.7153,2188.0,6,0,3,0,1.0,0
0.0031,43,0,0.7269,7923.0,6,0,0,0,1.0,0
1.468,54,0,0.7453,7116.0,11,0,1,0,2.0,0
0.4916,52,0,0.4714,2567.0,1,0,0,0,2.0,0
3.1675,39,0,0.4726,,10,0,1,0,1.0,0
0.8134,51,0,0.8716,14445.0,11,0,1,0,,0
0.4623,45,0,0.3389,5029.0,11,0,0,0,1.0,0
0.5782,57,0,0.9544,,10,0,2,0,2.0,1
0.648,44,0,0.3203,3896.0,3,0,2,0,1.0,1
1.9045,42,0,0.479,4370.0,4,0,0,0,0.0,0
0.441,29,1,0.4855,4514.0,11,0,0,0,,0
0.4519,83,0,0.255,,9,0,0,0,0.0,0
0.1137,46,0,0.7148,,6,0,0,0,1.0,0
0.2744,36,0,0.5698,11193.0,8,0,1,0,0.0,0
0.6837,60,0,0.3555,4871.0,6,0,3,0,2.0,0
0.1338,55,0,0.7749,5765.0,10,0,0,0,0.0,0
0.5653,60,0,0.5579,,5,0,3,0,1.0,0
0.3069,61,0,0.0919,3638.0,9,0,2,0,0.0,0
0.0354,67,0,0.7958,3619.0,6,0,1,0,0.0,0
0.04,37,0,0.5239,2565.0,10,0,1,0,0.0,0
0.0397,54,0,0.5617,12529.0,11,0,1,0,0.0,0
0.2096,30,0,0.4623,8679.0,12,0,3,0,1.0,0
0.694,48,0,0.7331,4251.0,16,0,1,0,1.0,0
0.2095,61,0,1.1733,3419.0,4,0,1,0,1.0,0
1.5341,39,0,0.2419,,10,0,0,0,3.0,0
0.828,83,0,0.7753,3595.0,7,0,0,0,1.0,0
0.24,52,0,0.4002,9005.0,4,0,3,0,0.0,0
0.6897,27,0,0.6602,4130.0,3,0,0,0,1.0,0
0.6252,62,0,0.6692,,15,0,1,0,0.0,0
0.0492,83,0,0.0171,6329.0,5,0,2,0,0.0,0
1.7027,21,0,0.5554,6238.0,9,0,0,0,,0
0.7401,62,0,0.1836,6315.0,8,0,2,0,,0
0.3582,38,0,0.7556,2203.0,5,0,1,0,1.0,0
0.5716,51,0,0.4116,3454.0,13,0,1,0,2.0,0
1.0105,34,0,0.257,4623.0,8,0,0,0,0.0,0
0.2251,64,0,0.7718,4183.0,8,0,0,0,0.0,0
0.2995,48,0,0.7064,4878.0,8,0,2,0,4.0,0
0.2541,68,0,0.5547,5260.0,6,0,0,0,1.0,0
0.4112,38,0,0.5235,3192.0,5,0,1,0,0.0,0
2.3738,49,2,0.7015,6617.0,6,0,1,0,0.0,0
0.4729,21,0,0.6438,,11,0,0,0,0.0,1
0.0966,88,0,0.799,14076.0,8,0,1,0,1.0,0
0.3175,79,0,0.4627,4656.0,8,0,1,0,,0
0.3963,83,0,0.3075,9126.0,5,0,1,0,1.0,1
1.5437,73,0,0.209,11878.0,12,0,3,0,2.0,0
1.5746,44,0,0.4074,7264.0,7,0,4,0,0.0,0
0.1372,51,0,0.5336,7700.0,5,0,1,0,1.0,0
0.1084,56,0,0.6184,,5,0,1,0,1.0,0
0.4289,57,0,0.9651,4180.0,12,0,0,0,2.0,0
0.798,37,0,0.6919,4215.0,9,0,1,0,1.0,1
1.0063,36,0,0.2382,3760.0,6,0,0,0,1.0,0
0.4543,33,0,0.6825,12201.0,7,0,1,0,1.0,0
3.5617,46,0,0.2178,9277.0,7,0,0,0,0.0,0
0.0281,48,0,0.6828,3282.0,6,0,1,0,0.0,0
0.0015,46,0,0.2742,1997.0,13,0,0,0,1.0,0
0.8805,56,0,0.3656,,4,0,0,0,1.0,0
2.2195,33,0,0.3197,8672.0,6,0,0,0,0.0,0
0.1445,40,0,0.4952,,5,0,1,0,1.0,0
0.5504,41,0,0.1802,2363.0,7,0,0,0,1.0,0
0.1634,63,0,0.3799,4116.0,10,0,0,0,1.0,0
0.6393,55,0,0.3375,6315.0,7,0,2,0,2.0,0
0.3851,57,0,0.7155,4243.0,9,0,0,0,2.0,0
0.0284,39,0,0.6878,10740.0,4,0,2,0,1.0,0
0.7467,53,0,1.1845,16951.0,8,0,0,0,1.0,0
3.4533,41,0,0.6878,8285.0,4,1,1,0,1.0,0
0.6539,42,0,0.5864,2768.0,4,0,0,0,0.0,0
0.0282,57,0,0.7272,5546.0,8,0,1,0,0.0,0
2.169,43,0,0.2663,3229.0,11,0,4,0,1.0,0
0.5088,51,0,0.0518,3184.0,7,0,0,0,3.0,0
0.1026,48,0,0.9163,4391.0,10,0,0,0,1.0,0
0.3396,36,0,0.6061,2354.0,14,0,0,0,0.0,0
0.3341,44,0,0.1633,,4,0,1,0,1.0,0
0.965,44,0,0.2543,,13,0,2,0,1.0,0
0.3587,47,0,0.0611,3447.0,5,0,2,0,0.0,0
0.2278,27,0,0.6983,7282.0,11,0,0,0,0.0,0
0.2024,42,0,0.5191,2997.0,4,0,1,0,2.0,0
0.4025,65,0,0.6423,4562.0,5,0,1,0,1.0,0
0.5133,58,0,0.466,2403.0,3,0,0,0,0.0,0
1.559,46,0,0.7645,13950.0,3,0,1,0,1.0,0
0.5213,35,0,0.3645,5005.0,8,0,1,0,0.0,0
0.3053,53,0,0.7471,3031.0,9,0,0,0,0.0,0
0.2916,66,0,0.3759,5941.0,7,0,1,0,1.0,0
0.5999,73,0,0.5191,4930.0,5,0,1,0,1.0,0
1.097,45,0,0.1741,,6,0,0,0,0.0,0
0.0682,37,3,0.4924,7449.0,7,2,1,0,0.0,0
0.3298,59,0,0.264,1509.0,4,0,1,0,,0
0.6649,57,0,1.2256,2692.0,8,0,1,0,2.0,1
0.0773,52,0,0.7303,8060.0,7,0,2,0,0.0,0
0.5672,43,0,0.4489,979.0,8,0,1,0,2.0,0
0.0531,34,0,0.2812,4477.0,9,0,2,0,3.0,0
0.2488,61,0,0.8492,2583.0,11,0,1,0,0.0,0
5.569,65,0,0.7026,33081.0,7,0,2,0,2.0,0
0.0134,47,0,1.0912,10915.0,10,0,1,0,1.0,0
0.7045,76,0,0.1795,7336.0,11,0,1,0,1.0,0
0.5441,55,0,0.4883,10375.0,9,0,2,0,1.0,0
0.9148,50,0,0.3527,6468.0,9,0,3,0,1.0,0
0.1858,35,0,0.6025,,7,0,1,0,1.0,0
0.6652,28,0,0.3124,,5,0,0,0,1.0,0
0.1801,45,0,0.5659,18424.0,7,0,1,0,3.0,0
1.0874,57,0,0.6648,4734.0,13,0,0,0,2.0,0
0.1163,85,0,0.5362,4359.0,8,0,1,0,2.0,0
0.6691,53,0,0.5724,,3,0,0,0,1.0,0
0.5811,60,0,0.3704,4987.0,10,0,1,0,1.0,0
0.1621,40,0,0.2378,10724.0,10,0,1,0,2.0,0
0.1137,55,0,0.0911,14032.0,10,0,1,0,0.0,0
1.2551,53,0,0.1688,11063.0,10,0,3,0,,0
0.1847,39,0,0.2248,,6,0,0,0,0.0,0
7.2514,71,0,0.2883,2093.0,6,0,0,0,1.0,0
0.3524,50,0,1.4054,2936.0,9,0,1,0,1.0,0
0.4778,67,0,0.1506,10645.0,7,0,2,0,0.0,0
4.6803,52,0,0.2001,4049.0,11,0,2,0,0.0,0
0.1975,47,0,0.7846,10456.0,6,0,3,0,0.0,0
0.179,41,0,0.5514,7815.0,7,0,0,0,1.0,0
0.4216,47,0,0.4286,8157.0,5,0,3,0,0.0,0
5.3133,73,0,0.3156,8140.0,15,0,1,0,1.0,0
0.2969,39,0,0.7894,4154.0,7,0,0,0,0.0,0
0.2418,61,0,0.1667,9472.0,9,0,2,0,1.0,0
0.3416,48,0,0.151,3374.0,6,0,0,0,0.0,0
0.1642,60,0,0.7713,,7,0,0,0,1.0,0
0.7508,55,0,0.95,16181.0,6,0,1,0,1.0,0
0.207,33,2,0.1893,,7,0,2,1,2.0,0
0.1304,54,0,1.1902,,3,0,0,0,1.0,0
1.921,82,0,0.3718,2660.0,7,0,2,0,1.0,0
0.2663,56,0,0.5002,,8,0,1,0,1.0,0
0.0179,65,0,0.4928,8383.0,12,0,1,0,0.0,0
0.4912,56,0,0.2658,7263.0,8,0,2,0,1.0,0
0.2678,63,0,0.0114,2520.0,9,0,2,0,3.0,0
0.5622,42,0,0.5843,3868.0,14,0,2,0,0.0,0
1.0236,50,0,0.3212,13127.0,9,0,4,0,,0
0.2215,64,0,0.9332,9786.0,8,0,3,0,,0
0.7484,47,0,0.0529,5996.0,14,0,2,0,2.0,0
0.8153,67,1,0.5969,15226.0,6,0,1,0,1.0,0
0.9508,38,0,0.3667,2875.0,4,0,0,0,2.0,0
0.0397,53,0,0.1547,15408.0,9,0,2,0,2.0,0
0.0054,48,0,0.6062,5348.0,5,0,1,0,0.0,0
0.456,89,0,1.082,2936.0,11,0,0,0,1.0,0
0.2936,47,0,0.5016,12354.0,7,0,0,0,0.0,0
0.1003,58,0,0.4113,4587.0,8,0,2,0,0.0,0
0.3367,24,0,0.7056,,8,0,1,0,0.0,1
0.2926,36,0,0.8282,9595.0,6,0,1,0,1.0,0
0.2055,56,0,0.8658,4291.0,10,0,4,0,0.0,0
0.1928,48,0,0.0808,2711.0,12,0,0,0,2.0,0
0.3105,49,0,0.4344,4376.0,11,0,1,0,0.0,0
0.3383,47,0,0.3077,2430.0,12,0,2,0,1.0,0
0.4084,49,0,0.2225,2277.0,18,0,1,0,0.0,0
0.924,28,0,0.0511,4685.0,14,0,2,0,1.0,0
1.2047,51,1,0.3084,28407.0,9,0,0,0,0.0,0
4.8382,49,0,1.0278,5328.0,7,0,0,0,2.0,0
0.1435,67,0,0.7598,,9,0,1,0,0.0,0
0.4094,64,0,0.3345,1243.0,8,0,2,0,0.0,0
0.6432,21,0,0.3944,5687.0,10,0,0,0,1.0,0
0.5725,42,0,0.2573,2021.0,4,0,0,0,1.0,0
0.9164,77,0,0.8746,12934.0,6,0,1,0,0.0,0
0.1546,65,0,0.5419,3512.0,6,0,2,0,2.0,0
0.1709,59,0,0.8159,9043.0,9,0,0,0,2.0,0
0.2952,45,0,0.4027,20003.0,9,0,0,0,0.0,0
0.4126,62,0,0.1418,1743.0,8,0,0,0,0.0,0
0.0881,31,0,1.1675,,7,0,0,0,0.0,0
0.1295,44,0,0.3293,,8,0,0,0,1.0,0
0.1384,57,0,0.5918,5203.0,6,0,1,0,2.0,0
0.3917,61,0,0.1498,,8,0,0,0,1.0,0
0.6509,55,0,0.4524,,5,0,1,0,0.0,0
0.9371,58,0,0.137,,6,0,2,0,2.0,0
0.0223,54,0,0.6842,10717.0,5,0,0,0,2.0,0
0.3696,48,0,0.1979,,8,0,1,0,1.0,0
1.0153,71,0,0.5902,13393.0,6,0,2,0,2.0,0
0.3227,78,0,0.2011,8538.0,8,0,1,0,2.0,0
1.6324,51,0,0.9276,,8,0,1,0,0.0,0
0.1251,36,0,0.3697,3640.0,14,0,2,0,1.0,0
0.1718,49,0,0.8629,7885.0,5,0,1,0,1.0,0
0.0623,53,0,0.681,7928.0,4,0,1,0,1.0,0
0.4333,21,0,0.2691,,11,0,1,0,1.0,0
2.1874,71,0,0.3468,3313.0,5,0,1,0,0.0,0
0.2994,43,0,0.1422,,9,0,0,0,0.0,0
0.0806,40,0,0.2161,3694.0,6,0,2,0,0.0,0
0.3028,47,0,0.2003,5107.0,12,0,2,0,1.0,0
0.0075,45,0,0.3763,5579.0,7,0,1,0,0.0,0
0.0395,53,0,0.2529,,5,0,1,0,1.0,0
0.6821,63,0,0.9167,4803.0,7,0,1,0,1.0,1
0.3827,70,1,0.6065,4551.0,5,0,1,1,1.0,0
0.5547,63,1,0.9408,5652.0,11,0,1,1,0.0,0
0.0318,39,0,0.496,2987.0,6,5,1,0,0.0,0
4.0441,50,3,0.917,,9,0,2,0,0.0,0
0.0027,53,0,0.2778,21570.0,7,0,4,0,0.0,0
0.4043,56,0,0.4393,15822.0,8,0,0,0,,0
0.5173,59,0,0.355,8043.0,8,0,1,0,0.0,0
1.4637,53,0,0.3115,9315.0,7,0,0,0,0.0,0
0.079,51,0,0.6282,8223.0,11,0,1,0,1.0,0
0.3457,65,0,0.1547,,10,0,3,0,1.0,0
0.098,50,0,0.3633,5312.0,5,0,2,0,1.0,0
0.6631,65,0,0.5224,3801.0,7,0,1,0,2.0,0
0.078,63,0,0.3007,1747.0,6,0,0,0,1.0,0
0.2414,72,0,0.4708,6000.0,6,0,0,0,1.0,0
0.2953,55,0,0.3787,11034.0,6,0,0,0,,0
6.5934,72,0,0.4265,2409.0,10,0,0,0,1.0,0
0.5573,48,0,0.7143,,8,0,2,0,0.0,0
0.2058,57,0,0.0256,6266.0,13,0,1,0,0.0,0
0.0509,63,0,0.5118,12829.0,12,0,0,0,0.0,0
0.0098,38,0,0.3561,12993.0,3,0,1,0,1.0,0
2.704,47,0,0.2943,5286.0,7,0,0,0,0.0,0
0.0752,43,0,0.2677,6512.0,11,0,3,0,0.0,0
0.8679,51,1,0.8338,2049.0,9,0,0,0,1.0,0
0.4252,45,0,1.0239,3634.0,7,0,0,0,2.0,0
0.6118,53,0,0.4363,6337.0,8,0,1,0,0.0,0
0.0797,51,0,0.9545,3373.0,5,0,2,0,0.0,0
0.1401,48,0,0.1131,13931.0,6,0,1,0,0.0,0
0.2725,54,1,0.1784,7365.0,8,0,1,0,0.0,0
0.3351,42,0,0.4337,2561.0,8,0,2,0,2.0,0
0.2268,40,0,0.9731,,10,0,5,0,2.0,0
0.052,35,0,0.2088,2509.0,3,0,1,0,0.0,0
0.4596,27,0,0.8279,7427.0,9,0,3,0,,0
0.1289,42,0,0.2826,4696.0,5,0,1,0,0.0,0
0.5558,60,2,0.5881,6772.0,8,0,0,0,0.0,0
9.1993,49,1,0.281,,7,0,1,0,0.0,0
0.3257,52,0,0.5266,8079.0,13,0,2,0,1.0,0
0.1909,46,0,0.315,6003.0,9,0,2,0,2.0,0
0.7441,79,0,0.9004,4120.0,5,0,1,0,0.0,0
0.2524,54,0,0.5632,,7,0,0,0,1.0,0
0.6101,44,0,0.7831,3515.0,7,0,0,0,1.0,0
0.1307,37,0,0.7174,3403.0,8,0,0,0,0.0,0
5.1471,76,0,1.0416,7371.0,4,0,0,0,0.0,0
1.1151,32,0,0.572,8347.0,6,0,0,0,0.0,0
0.2948,41,0,0.2149,,6,0,1,0,,0
0.1015,41,0,0.3104,3694.0,4,0,0,0,0.0,0
0.3799,52,0,0.3039,,9,0,0,0,0.0,0
0.5461,57,0,0.3134,5326.0,10,0,1,0,2.0,0
0.0059,53,0,0.3017,3551.0,7,0,1,0,1.0,0
0.1179,47,0,0.2947,8414.0,10,0,2,0,1.0,0
0.1111,32,0,0.0908,6880.0,10,0,0,0,2.0,0
0.9857,78,0,0.2633,8483.0,13,0,0,0,1.0,0
0.4991,56,0,0.3671,,4,0,0,0,3.0,0
0.4095,60,1,0.6864,5779.0,6,0,2,0,1.0,0
0.3574,43,0,0.3168,,11,0,2,0,0.0,0
0.3715,48,0,0.6902,8104.0,5,0,1,0,1.0,0
0.5444,68,0,0.7617,8582.0,10,0,1,0,0.0,0
0.388,21,0,0.367,3696.0,8,0,0,0,0.0,0
0.156,63,0,0.1954,5798.0,12,0,0,0,0.0,0
0.2959,49,0,0.6489,,12,0,0,0,1.0,0
0.243,58,0,0.594,2170.0,8,0,0,0,1.0,0
0.0192,75,0,0.0059,5254.0,7,0,1,0,1.0,0
0.1253,45,0,0.1331,3341.0,5,0,1,0,1.0,0
1.9174,21,1,0.4147,4524.0,6,1,1,0,1.0,0
0.2151,37,0,0.6119,,10,0,0,0,2.0,0
0.2395,52,0,0.7023,3126.0,8,0,0,0,0.0,0
0.3848,75,0,0.3891,3893.0,6,0,3,0,0.0,0
0.1676,47,0,1.1041,,10,0,0,0,1.0,0
0.1292,74,0,0.4505,8859.0,9,0,0,0,2.0,0
0.6005,21,0,0.216,2064.0,13,0,1,0,1.0,0
4.1022,45,3,0.434,6020.0,5,0,0,0,1.0,0
2.1543,67,0,0.7239,2325.0,10,0,0,0,0.0,0
0.1991,65,0,0.2955,,6,0,1,0,0.0,0
0.1174,25,0,1.2897,4349.0,7,0,0,0,0.0,0
0.6745,40,0,0.7421,5921.0,6,0,0,0,1.0,0
0.4484,50,0,0.7256,16993.0,11,0,0,0,0.0,0
0.2992,43,0,0.7673,8422.0,6,0,1,0,1.0,0
1.8622,68,0,0.7773,2266.0,6,0,1,0,0.0,0
0.649,52,0,0.4118,,10,0,1,0,3.0,0
0.441,32,0,0.7998,4029.0,9,0,2,0,1.0,0
2.1192,58,0,0.6645,3676.0,6,0,0,0,1.0,0
1.0374,59,0,0.5437,,12,0,0,0,,0
0.1916,36,0,0.0745,6203.0,4,0,0,0,1.0,0
0.2671,40,0,0.197,7087.0,4,0,3,0,0.0,0
0.2927,42,0,0.7264,10220.0,7,0,2,0,0.0,0
0.4094,71,0,0.4602,4715.0,5,0,0,0,3.0,0
0.2015,51,0,0.7518,7812.0,9,0,1,0,0.0,0
0.0856,21,0,0.4819,16253.0,11,0,0,0,1.0,0
0.3624,35,0,0.6728,3834.0,10,0,1,0,0.0,0
0.4289,62,0,0.1872,4152.0,8,0,1,0,,0
0.0703,46,0,0.4213,3077.0,6,0,2,0,1.0,0
0.6713,35,0,1.3896,,8,0,2,0,0.0,1
0.1436,47,0,0.6129,5779.0,3,0,0,0,1.0,0
1.8941,66,0,0.4655,6985.0,10,0,1,0,1.0,0
0.8049,82,0,0.9355,3804.0,12,0,0,0,1.0,0
0.2487,51,0,0.7188,,12,0,1,0,1.0,0
0.1979,59,0,0.4477,,6,0,1,0,0.0,0
0.6212,51,0,0.4536,1436.0,6,0,2,0,1.0,0
0.5586,55,0,0.4766,5833.0,3,0,2,0,1.0,0
2.3594,39,0,0.7664,8504.0,6,0,3,0,3.0,0
0.5781,72,0,0.2323,,10,0,2,0,3.0,0
0.4012,46,0,0.2135,11132.0,6,0,2,0,1.0,0
1.4995,37,0,0.7186,4717.0,7,0,1,0,1.0,0
0.3638,41,0,0.6561,,3,0,2,0,0.0,0
0.4064,61,0,0.076,3188.0,4,0,1,0,1.0,0
0.5408,42,0,0.3521,7145.0,9,0,0,0,1.0,0
0.4136,73,0,0.697,2940.0,5,0,0,0,2.0,0
0.3103,61,0,0.2822,17957.0,7,0,1,0,0.0,0
0.4271,64,0,0.655,10596.0,4,0,2,0,0.0,0
0.2758,46,0,0.5634,4253.0,8,0,3,0,2.0,0
0.5819,43,0,1.0205,6896.0,7,0,1,0,0.0,0
0.4171,52,0,0.964,2058.0,6,0,0,0,0.0,0
1.085,35,0,0.3432,,9,0,1,0,0.0,0
0.1541,59,0,0.3849,3971.0,7,0,2,0,0.0,0
0.5639,65,0,0.4282,2559.0,11,0,0,0,2.0,0
0.9009,42,0,0.667,3813.0,6,0,2,0,1.0,0
0.6288,62,0,0.6303,6350.0,11,0,1,0,2.0,0
0.3072,56,0,0.3425,5481.0,8,0,3,0,0.0,0
0.6771,68,0,0.6022,12167.0,8,0,1,0,0.0,0
0.0757,75,0,0.4825,6276.0,9,0,2,0,1.0,0
1.8593,63,0,0.2785,8082.0,11,0,1,0,2.0,0
0.3111,51,0,0.6096,4808.0,8,0,0,0,1.0,0
0.819,69,0,0.4894,8814.0,8,0,0,0,0.0,0
0.2357,53,0,0.2109,2893.0,5,0,1,0,1.0,0
0.2334,48,0,1.2274,4544.0,9,0,1,0,1.0,0
0.2218,43,0,0.441,7221.0,4,0,0,0,0.0,0
0.459,53,0,0.3677,2700.0,10,0,0,0,2.0,0
0.1587,66,0,0.4629,7625.0,8,0,0,0,1.0,0
0.6373,38,0,0.3306,4876.0,12,0,0,0,1.0,0
0.2995,35,0,0.4329,,5,0,3,0,1.0,0
0.6485,35,0,0.7879,8802.0,7,0,0,0,1.0,0
0.3324,66,0,0.7746,3712.0,5,0,0,0,0.0,0
0.4108,58,0,0.1452,,4,0,1,0,1.0,0
0.4946,73,0,0.2873,6305.0,11,0,1,0,1.0,0
0.0039,45,0,0.1443,4507.0,8,0,2,0,0.0,0
0.5489,35,0,0.6182,8356.0,6,0,1,0,0.0,0
0.1911,74,0,0.7448,3932.0,13,0,2,0,0.0,0
0.8895,42,0,0.1851,8238.0,7,0,1,0,0.0,0
0.3156,61,0,0.524,5724.0,14,0,1,0,3.0,0
0.1663,33,0,0.1873,4807.0,7,0,1,0,1.0,0
0.2503,55,0,0.9845,5321.0,13,0,1,0,0.0,0
0.6993,50,0,0.6452,2963.0,7,0,0,0,0.0,0
0.6545,32,0,0.4841,5832.0,5,0,1,0,1.0,0
0.6384,78,0,0.2238,8992.0,10,0,1,0,3.0,0
0.395,40,0,0.0916,1736.0,21,0,3,1,1.0,0
0.0785,39,0,0.1614,4707.0,10,0,0,0,2.0,0
0.1732,43,0,0.2462,,6,0,0,0,1.0,0
1.7798,21,0,0.1227,4674.0,5,0,2,0,3.0,0
0.0821,47,0,0.787,3145.0,1,0,1,0,2.0,0
0.2661,43,0,0.5534,1551.0,8,0,0,0,2.0,0
1.3262,66,0,0.8536,5660.0,7,0,0,0,3.0,0
0.275,56,0,0.5941,3863.0,7,0,0,0,1.0,0
0.4095,34,0,0.1455,3597.0,12,0,3,0,2.0,0
0.5812,43,0,0.1168,7146.0,8,0,0,0,2.0,0
0.6258,82,0,0.2728,2070.0,4,0,0,0,3.0,0
0.2059,39,0,0.3056,1606.0,7,0,1,0,2.0,0
4.8054,64,0,0.4602,13377.0,7,0,1,0,0.0,0
0.0375,42,0,0.3405,6978.0,6,0,1,0,1.0,0
0.1184,38,0,0.4514,7441.0,3,0,0,0,1.0,0
8.6771,44,0,0.3708,3836.0,7,0,1,0,0.0,0
0.6135,73,0,0.2443,27201.0,8,0,1,0,0.0,0
0.4933,31,0,0.4219,10376.0,7,0,2,0,1.0,0
1.1251,61,0,0.328,8129.0,8,0,0,0,1.0,0
0.1784,69,0,0.7449,6319.0,8,0,0,0,1.0,0
1.3993,44,0,0.1054,5919.0,14,0,0,0,1.0,0
0.1037,66,0,0.5061,6857.0,6,0,3,0,0.0,0
0.5297,64,0,0.6818,4452.0,8,0,2,0,0.0,0
1.6183,41,0,0.5644,,11,0,2,0,1.0,1
1.3155,39,1,0.1394,2629.0,10,0,0,0,1.0,0
0.2337,50,0,0.4257,,8,0,0,0,0.0,0
0.2279,54,0,0.3147,3779.0,5,0,1,0,1.0,0
4.1654,47,0,0.651,2524.0,14,0,1,0,0.0,0
0.0178,60,0,0.2931,11564.0,6,0,1,0,1.0,0
0.8953,41,0,0.212,3221.0,3,0,2,0,1.0,0
0.1535,39,0,0.9783,5311.0,11,0,0,0,2.0,0
0.4263,52,0,0.3208,14794.0,8,0,1,0,0.0,0
0.6332,55,0,0.4006,6117.0,3,0,0,0,0.0,0
1.1319,70,0,0.5998,3909.0,3,0,0,0,2.0,1
0.2375,58,0,0.1752,4134.0,13,0,1,0,1.0,0
0.2474,62,0,0.3191,11867.0,8,0,0,0,0.0,0
0.0886,47,2,0.3323,5729.0,10,0,1,0,0.0,0
0.5178,47,0,0.8192,6391.0,12,0,1,0,0.0,0
0.3023,43,0,0.2052,,8,0,2,0,1.0,0
0.9391,55,0,0.4444,,14,0,3,0,0.0,0
0.3042,54,0,0.5153,2100.0,9,0,1,0,0.0,0
0.3924,53,0,0.7002,4217.0,10,0,2,0,0.0,0
0.5983,49,0,0.3028,3491.0,7,0,2,0,1.0,0
0.937,51,0,0.5215,,10,0,3,0,1.0,0
0.0164,75,0,0.3792,11049.0,5,0,0,0,0.0,0
0.2932,56,0,0.2653,1484.0,10,0,1,0,1.0,0
0.4239,60,0,0.2538,5154.0,7,0,2,0,0.0,0
0.002,59,0,0.2692,5357.0,4,0,0,0,1.0,0
0.624,50,0,0.9481,1260.0,8,0,1,0,3.0,0
0.1946,60,0,0.8389,12407.0,6,0,1,0,3.0,0
0.0151,52,0,0.6172,3715.0,7,0,0,0,0.0,0
2.5517,34,0,0.775,,14,0,0,0,2.0,0
0.0206,44,0,0.2788,4074.0,7,0,1,2,1.0,0
0.0316,80,0,1.0719,5063.0,4,0,1,0,0.0,0
0.805,68,0,0.318,5880.0,8,0,2,0,2.0,0
0.1068,48,0,0.1773,6893.0,8,0,1,0,1.0,0
0.1442,61,0,0.5294,,12,0,1,0,2.0,0
0.883,55,1,0.6385,3070.0,5,0,0,0,2.0,0
0.6465,76,0,0.4252,,8,0,1,0,0.0,0
0.0944,50,0,1.1958,6886.0,10,0,1,0,1.0,0
1.2027,55,0,0.7001,3685.0,8,0,1,0,0.0,0
0.1805,41,0,0.573,4103.0,8,0,3,0,2.0,0
0.9829,50,1,0.8244,,7,0,1,0,1.0,0
0.615,21,0,1.0614,4202.0,8,0,2,0,0.0,0
0.3483,56,0,0.423,2351.0,4,0,1,0,,0
0.5503,66,0,0.4217,15809.0,6,0,1,0,1.0,0
0.2987,76,0,1.0599,3265.0,5,0,1,0,1.0,0
0.829,59,0,0.1772,9098.0,9,0,0,0,1.0,0
0.1925,47,0,0.5295,5303.0,13,0,1,0,0.0,0
0.3221,40,1,0.6226,2907.0,7,0,2,1,3.0,0
0.6388,45,0,0.1667,4573.0,11,0,1,0,2.0,0
0.4104,30,0,0.3535,2383.0,10,0,2,0,0.0,0
2.6342,48,0,0.1863,8638.0,9,0,1,0,2.0,0
0.5472,35,0,0.4851,6922.0,13,0,0,0,0.0,0
0.3582,44,0,0.3089,10546.0,13,0,0,0,3.0,0
0.1059,49,0,0.7305,5476.0,11,0,1,0,0.0,0
0.2882,57,0,0.0879,10116.0,7,0,2,0,3.0,0
0.3681,29,0,0.1001,,4,0,1,0,0.0,0
3.7906,47,1,0.3267,6524.0,8,0,1,1,2.0,0
0.2074,62,0,0.6617,7930.0,6,0,1,0,1.0,0
0.0725,72,0,0.3679,1926.0,8,0,0,0,1.0,0
0.1837,51,0,0.4459,10413.0,10,0,1,0,0.0,0
0.5138,83,0,0.0775,3072.0,3,0,0,0,1.0,0
1.8354,62,0,0.5444,7870.0,5,0,0,0,1.0,0
0.6921,53,0,0.5012,9982.0,8,0,3,0,0.0,0
0.1015,69,0,0.4824,3320.0,10,0,1,0,1.0,0
0.2757,45,0,0.1387,6889.0,5,0,1,0,0.0,0
0.3399,37,0,0.0759,4595.0,10,0,5,0,1.0,0
0.5159,65,0,0.1827,8805.0,8,0,1,0,0.0,0
0.4397,59,0,0.3842,,7,0,1,0,3.0,0
0.7505,67,0,0.2109,14130.0,9,0,0,0,0.0,0
0.5653,66,0,0.4813,8505.0,9,0,1,0,2.0,0
1.1522,80,0,0.8693,,7,0,1,0,2.0,0
4.2435,32,2,0.1186,3561.0,10,2,0,0,0.0,0
0.4929,47,0,0.8339,,4,0,0,0,1.0,0
0.1885,48,0,0.5826,1895.0,8,0,0,0,0.0,0
0.5165,68,0,0.2362,2566.0,9,0,1,0,0.0,0
0.4937,57,1,0.4704,3861.0,3,0,0,1,2.0,0
0.1224,68,0,0.3085,4458.0,8,0,0,0,2.0,0
0.5559,56,0,0.4235,3735.0,10,0,0,0,0.0,0
2.0244,52,0,0.5981,,7,0,1,0,2.0,0
0.3709,62,0,0.3688,7120.0,7,0,1,0,0.0,0
0.5404,56,0,0.1808,4752.0,9,0,1,0,1.0,0
0.2748,57,0,0.5288,,5,0,1,0,1.0,0
0.4214,61,0,0.2587,7551.0,9,0,1,0,1.0,0
0.3685,58,0,0.0648,11960.0,3,0,0,0,2.0,0
1.234,66,0,0.929,3495.0,15,0,0,0,1.0,0
5.576,53,0,0.2396,11900.0,12,0,0,0,1.0,0
0.3503,54,0,0.8641,4241.0,7,0,2,0,3.0,0
0.4381,38,0,0.1298,2474.0,8,0,2,0,0.0,0
0.5687,66,0,0.6582,,8,0,2,0,0.0,0
0.6182,76,0,0.9419,27178.0,6,0,1,0,1.0,0
1.1073,27,0,0.3219,8359.0,12,0,1,0,0.0,0
0.7467,61,0,0.9377,7824.0,7,0,1,0,2.0,0
0.3309,50,0,0.6315,4669.0,11,0,2,0,1.0,0
0.0778,49,0,0.2723,7884.0,11,0,1,0,0.0,0
0.626,61,0,0.4883,6387.0,7,0,3,0,,0
0.3048,52,0,0.3842,10286.0,13,0,1,2,1.0,0
0.0175,57,0,0.9358,3384.0,6,0,0,0,,0
0.4003,47,0,0.3357,5166.0,9,0,1,0,1.0,0
0.15,73,0,0.2755,3884.0,9,0,1,0,1.0,0
0.3637,49,0,0.3448,5366.0,7,0,2,0,3.0,0
0.2258,41,0,0.6555,3913.0,9,0,1,0,,0
0.0377,57,0,0.3757,4468.0,9,0,0,0,1.0,0
0.0566,40,0,0.3574,,10,0,1,0,0.0,0
0.7923,55,0,0.1715,3017.0,8,0,0,0,1.0,0
0.827,75,0,0.7083,12289.0,7,0,1,0,2.0,0
0.7937,51,0,0.1365,5957.0,4,0,1,0,1.0,0
5.8333,33,0,0.5818,4083.0,11,0,0,0,0.0,0
1.4938,46,0,0.2392,14905.0,8,0,0,0,1.0,0
0.4007,63,1,0.227,,13,0,1,0,0.0,0
0.232,53,0,0.2009,14979.0,10,0,1,0,2.0,0
3.1013,62,0,1.0079,4286.0,11,0,1,0,1.0,0
0.4258,43,0,0.4734,5486.0,8,0,0,0,2.0,0
0.1663,46,0,0.236,5613.0,7,0,2,0,0.0,0
0.9924,61,0,0.2833,18363.0,3,0,0,0,1.0,0
0.6298,75,0,0.3782,,6,0,3,0,0.0,1
0.1132,47,0,0.218,2570.0,8,0,3,0,1.0,0
0.38,53,0,0.081,4093.0,10,0,1,0,0.0,0
0.6792,67,0,0.1984,2758.0,7,0,0,0,1.0,0
0.2398,54,0,0.5152,3598.0,9,0,2,0,2.0,0
0.3687,61,1,0.421,9213.0,13,0,1,1,0.0,0
0.4763,42,0,0.1985,2512.0,6,0,2,0,0.0,0
0.8684,52,0,0.1257,4522.0,8,0,0,0,2.0,0
0.378,43,0,0.3234,9257.0,8,0,0,0,0.0,0
0.4561,28,0,0.9075,6938.0,9,0,1,0,0.0,0
3.1139,40,0,0.239,7511.0,14,0,2,0,1.0,0
0.3648,58,0,0.2159,,11,0,1,0,1.0,0
2.5931,60,2,0.164,9196.0,7,0,1,0,1.0,0
0.7306,63,1,0.3092,4197.0,7,0,2,3,0.0,0
3.4358,59,0,0.5405,5214.0,7,0,0,0,0.0,0
0.0481,49,0,0.6433,,10,0,1,0,2.0,0
0.4396,26,0,0.3008,4272.0,6,0,1,0,1.0,0
0.4448,36,0,0.3173,3037.0,11,0,2,0,1.0,0
0.4651,67,0,0.6187,4681.0,4,0,2,0,1.0,0
0.3931,40,0,0.1524,2775.0,9,0,1,0,0.0,0
0.8707,51,1,0.7552,3989.0,11,0,1,3,0.0,0
0.9051,53,0,0.1545,2620.0,6,0,1,0,1.0,0
0.9695,33,0,0.4488,2167.0,6,0,0,0,1.0,1
0.5277,57,1,0.6039,1708.0,7,0,0,0,0.0,1
0.2099,73,0,0.5285,7938.0,6,0,0,0,1.0,0
0.2774,52,0,0.8109,,9,0,0,0,2.0,0
0.2975,48,0,0.6322,5558.0,6,0,0,0,1.0,0
0.378,36,0,0.1793,3453.0,5,0,2,0,1.0,0
0.0608,48,0,0.8221,,7,0,3,0,1.0,0
0.2707,60,0,0.4671,,9,0,0,0,0.0,0
0.2787,52,0,0.2217,4090.0,7,0,0,0,2.0,0
0.4714,46,0,0.5412,2563.0,5,0,1,0,0.0,0
8.3892,66,0,0.3162,2794.0,10,0,2,0,0.0,0
0.4028,48,0,0.6609,13485.0,7,0,1,0,1.0,0
1.7592,46,0,0.191,5408.0,5,0,2,0,0.0,0
0.8146,54,0,0.4151,3114.0,8,0,1,0,0.0,1
0.4228,70,0,0.5576,6788.0,14,0,2,0,3.0,0
0.316,50,0,0.0263,10647.0,6,0,0,0,0.0,0
0.459,40,0,0.4406,1879.0,10,0,0,0,3.0,0
1.7775,60,0,0.4055,3989.0,9,0,1,0,2.0,0
0.1475,47,0,0.2112,7509.0,8,0,1,0,0.0,0
9.5479,60,0,0.7149,4001.0,3,0,1,0,1.0,0
0.3163,23,0,0.727,3568.0,7,0,0,0,2.0,0
6.5336,53,0,0.5857,3101.0,3,0,1,0,1.0,0
6.0587,49,0,0.4427,6534.0,12,0,3,0,0.0,0
0.2669,39,0,0.4984,,9,0,1,0,1.0,0
0.211,35,0,0.5475,,10,0,1,0,0.0,0
0.1642,48,1,0.2334,7060.0,13,0,0,1,3.0,0
0.1063,37,0,0.6971,3593.0,6,0,3,0,1.0,0
0.0909,21,0,0.8683,3566.0,10,0,1,0,1.0,0
0.5473,36,0,0.7557,2020.0,9,0,0,0,2.0,0
0.4755,35,0,0.1465,8389.0,9,0,1,0,0.0,0
0.731,52,0,0.2317,4366.0,5,0,0,0,1.0,0
0.1158,35,0,0.4668,12619.0,10,0,1,0,1.0,0
0.3987,52,0,1.3774,,8,0,3,0,0.0,0
0.4668,39,0,0.2743,4030.0,7,0,0,0,0.0,0
0.2231,63,0,0.8407,4519.0,8,0,1,0,0.0,0
0.5702,57,0,0.2219,,10,0,2,0,0.0,0
2.5818,48,2,0.7158,10314.0,19,0,1,0,3.0,0
0.2346,54,0,0.6156,5551.0,14,0,0,0,1.0,0
0.1536,60,0,0.309,4846.0,8,0,0,0,1.0,0
0.0563,53,0,0.2001,13786.0,7,0,0,0,1.0,0
0.4752,54,0,0.6178,10773.0,10,0,0,0,1.0,0
0.1563,22,0,0.9546,1406.0,6,0,1,0,1.0,0
1.1738,45,2,0.4142,15446.0,7,0,1,1,0.0,0
0.2422,41,0,0.4558,24106.0,7,0,0,0,2.0,0
0.6453,67,1,0.1189,,3,2,0,0,0.0,0
0.3456,47,0,0.2288,2159.0,7,0,2,0,1.0,0
0.205,43,0,0.8279,5757.0,6,0,0,0,0.0,0
0.5702,60,0,0.7934,,6,0,0,0,1.0,0
0.9507,31,0,0.1871,2471.0,8,0,0,0,2.0,0
0.0131,51,0,0.7279,7136.0,5,0,3,0,2.0,0
0.225,24,0,0.2998,9143.0,4,0,1,0,0.0,0
0.422,42,0,0.4362,,7,0,3,0,1.0,0
0.2392,46,3,0.4006,2525.0,10,1,0,0,2.0,0
0.3958,72,0,0.1201,11481.0,13,0,1,0,1.0,1
0.1071,50,0,0.4897,4847.0,8,0,2,0,1.0,0
0.3325,40,0,0.2178,,6,0,1,0,1.0,0
0.4024,50,0,0.5984,7016.0,9,0,5,0,0.0,0
0.0506,72,0,1.4501,5476.0,10,0,1,0,1.0,0
3.5215,23,0,0.3235,1904.0,11,0,1,0,,0
0.0306,63,0,0.5502,5702.0,10,0,0,0,0.0,0
0.5875,57,0,0.203,7910.0,8,0,0,0,1.0,0
0.1801,50,0,0.7815,2978.0,3,0,0,0,2.0,0
0.3672,48,0,0.844,1294.0,6,0,0,0,0.0,0
4.8029,72,0,0.0541,5203.0,6,0,2,0,0.0,0
0.3519,62,0,0.2809,5580.0,7,0,1,0,0.0,0
0.8791,37,0,0.1096,,7,0,1,0,1.0,0
0.5308,52,0,0.7381,31150.0,9,0,1,0,2.0,0
0.1746,69,0,0.2457,,7,0,0,0,2.0,0
0.3251,60,0,0.0979,6995.0,8,0,0,0,0.0,0
0.457,56,0,0.1642,6077.0,11,0,1,0,0.0,0
0.6172,34,0,0.2403,3766.0,9,0,0,0,2.0,0
0.2306,84,0,0.4148,15362.0,7,0,0,0,1.0,1
0.4848,62,0,0.4001,5113.0,9,0,0,0,3.0,0
2.2439,77,0,0.5355,4145.0,7,0,3,0,1.0,1
0.3081,56,0,0.5739,3855.0,9,0,1,0,1.0,0
0.1448,52,0,0.4836,2962.0,9,0,1,0,0.0,0
1.0909,43,0,0.3632,1415.0,10,0,2,0,2.0,0
0.0181,66,0,0.3967,10708.0,10,0,1,0,0.0,0
0.5037,73,0,0.0736,2961.0,7,0,0,0,0.0,1
9.3292,67,2,0.8142,2090.0,14,0,0,0,2.0,0
0.1726,84,0,0.5641,2350.0,7,0,1,0,1.0,0
0.533,54,0,0.809,2542.0,11,0,2,0,1.0,0
0.3324,43,0,0.1683,14365.0,6,0,1,0,1.0,0
11.3925,56,0,0.7253,,4,0,1,0,2.0,1
5.0043,63,0,0.1983,5090.0,8,0,2,0,0.0,0
0.2586,48,0,0.6253,2642.0,9,0,1,0,1.0,0
0.242,51,0,0.4373,4858.0,9,0,0,0,2.0,0
0.529,55,0,0.9609,4130.0,5,0,1,0,3.0,0
0.1211,59,0,0.6401,3757.0,5,0,1,0,,0
0.0543,54,1,0.84,5530.0,12,0,1,0,1.0,0
0.5091,55,0,0.2516,3093.0,8,0,1,0,1.0,0
0.3964,61,0,0.4485,4113.0,3,0,0,0,0.0,0
0.4336,63,0,0.1358,9659.0,6,0,0,0,1.0,0
0.1458,45,0,0.9341,4471.0,8,0,1,0,1.0,0
0.5209,26,0,0.3765,,7,0,1,0,3.0,0
0.8405,37,1,0.5202,1940.0,9,0,1,0,1.0,0
7.0024,58,1,0.0738,4334.0,8,0,2,0,0.0,0
0.0713,42,0,0.4091,4217.0,12,0,1,0,2.0,0
0.3435,56,0,0.9807,5394.0,5,0,3,0,1.0,0
0.7002,51,2,1.08,11273.0,12,0,3,0,0.0,0
0.389,53,1,0.6356,,10,1,0,0,0.0,0
0.0237,59,0,0.8123,2434.0,15,0,2,0,0.0,0
0.1744,69,0,0.572,6247.0,6,0,2,0,1.0,0
0.106,52,0,0.2699,5355.0,9,0,2,0,0.0,0
0.175,37,0,0.0296,13061.0,3,0,2,0,0.0,0
0.4404,56,0,0.1089,5735.0,7,0,1,0,0.0,0
1.5195,62,0,0.2057,8193.0,12,0,1,0,2.0,0
0.4315,21,0,0.2866,,11,0,0,0,2.0,0
0.4249,42,0,0.348,11724.0,6,0,0,0,1.0,0
0.5531,52,0,0.1899,2964.0,4,0,0,0,0.0,0
0.4741,45,0,1.1788,3422.0,9,0,1,0,0.0,0
1.1117,54,0,0.6479,4411.0,10,0,2,0,0.0,1
4.1869,43,0,0.5367,,6,0,1,0,0.0,1
0.2193,65,0,0.2357,,9,0,1,0,0.0,0
0.4207,53,0,0.4952,,8,0,1,0,1.0,1
0.9457,27,0,0.3893,4010.0,8,0,0,0,1.0,0
0.6367,62,0,0.1694,4149.0,9,0,2,0,1.0,0
2.3949,63,0,0.8279,6937.0,3,0,0,0,1.0,0
0.1468,51,0,0.219,6343.0,10,0,1,0,2.0,0
4.7722,26,0,0.2741,3782.0,6,0,1,0,0.0,0
0.3232,65,0,0.6375,,6,0,2,0,0.0,0
0.3203,38,1,0.7785,7245.0,6,0,3,0,3.0,0
0.1527,47,0,0.548,1690.0,3,0,2,0,0.0,0
0.0875,44,0,0.4724,10363.0,7,0,1,0,1.0,0
3.3466,32,0,0.4291,4134.0,11,0,2,0,1.0,0
0.6477,52,0,0.4911,,9,0,1,0,2.0,0
0.4011,55,0,0.1509,16474.0,5,0,0,0,1.0,0
1.7675,54,0,0.4546,2427.0,7,0,2,0,1.0,0
0.334,49,0,0.4714,15587.0,8,0,0,0,1.0,0
2.7591,42,0,0.9464,6274.0,10,0,0,0,0.0,0
0.2731,73,0,0.2912,13971.0,11,0,1,0,1.0,0
0.2827,55,0,0.4656,6321.0,7,0,1,0,1.0,0
3.0927,39,0,0.8076,2707.0,5,0,0,0,0.0,0
6.8735,58,1,0.1695,2646.0,6,0,0,0,0.0,0
0.4171,57,0,0.1287,7733.0,11,0,0,0,0.0,0
0.8317,61,0,0.753,6481.0,8,0,1,0,0.0,0
0.0441,52,0,0.7569,8504.0,7,0,1,0,3.0,0
0.3986,43,0,0.2582,,7,0,1,0,0.0,0
1.9965,33,0,0.2768,2407.0,11,0,1,0,3.0,1
0.4678,45,0,0.1461,4269.0,5,0,0,0,0.0,1
0.3529,29,0,0.3692,10216.0,5,0,1,0,0.0,0
0.5172,56,0,0.6747,13586.0,9,0,1,0,1.0,0
4.1397,30,0,0.5184,,7,0,0,0,2.0,1
0.7112,47,0,0.6804,8519.0,6,0,3,0,,0
5.1485,62,0,0.2464,10182.0,4,0,0,0,1.0,1
0.3364,49,0,0.4504,4208.0,12,0,1,0,0.0,0
0.2906,51,0,0.9901,,9,0,0,0,0.0,0
1.1207,58,0,0.6379,5673.0,10,0,1,0,1.0,0
0.3645,59,0,0.5142,5767.0,5,0,1,0,0.0,0
2.0719,67,0,0.2688,3187.0,4,0,2,0,0.0,0
0.7588,60,0,0.7001,,9,0,0,0,1.0,0
0.2588,57,0,0.4247,4767.0,8,0,0,0,0.0,0
0.4446,25,0,0.8635,,15,0,1,0,0.0,0
0.3445,55,0,0.1149,2118.0,5,0,2,0,1.0,0
0.1838,75,0,0.4199,,9,0,0,0,1.0,0
0.1676,61,0,0.5579,3619.0,10,0,1,0,2.0,0
0.5506,66,0,0.726,4009.0,12,0,1,0,1.0,0
0.4858,43,0,0.5467,5540.0,13,0,1,0,0.0,0
1.664,51,0,0.3024,6668.0,10,0,0,0,0.0,0
0.2589,60,0,0.3629,5919.0,11,0,0,0,0.0,1
0.7511,58,0,0.2164,11720.0,6,0,2,0,0.0,0
0.3452,63,0,0.278,5184.0,2,0,2,0,0.0,0
0.1934,36,0,0.3888,3221.0,11,0,0,0,0.0,0
0.4761,41,1,0.4687,11226.0,7,0,0,0,2.0,0
1.2303,34,0,0.6259,6432.0,11,0,2,0,2.0,0
0.6853,56,0,0.636,11000.0,12,0,0,0,,0
0.5864,49,0,0.4752,3098.0,6,0,3,0,2.0,0
0.2322,49,0,0.5724,6436.0,9,0,0,0,1.0,0
0.6523,42,0,0.7243,2413.0,8,0,1,0,0.0,0
2.0823,40,1,0.5827,5092.0,5,1,2,3,1.0,0
1.2755,52,0,0.2325,13589.0,7,0,0,0,0.0,0
0.3309,68,0,0.77,,6,0,1,0,0.0,0
0.0166,74,0,0.5971,5042.0,9,0,1,0,0.0,0
0.1753,74,0,0.9758,5072.0,8,0,0,0,2.0,0
0.2747,45,0,0.2743,,9,0,1,0,0.0,0
0.3277,35,0,0.6845,3445.0,11,0,1,0,1.0,0
0.4029,64,0,0.5268,4463.0,8,0,1,0,0.0,0
0.7513,70,0,0.4507,3610.0,8,0,2,0,2.0,0
0.0258,58,0,0.1146,,5,0,3,0,0.0,0
0.9448,52,0,0.4386,1707.0,5,0,0,0,1.0,0
6.0732,43,0,0.8254,10733.0,7,0,0,0,1.0,0
0.647,60,0,0.5226,6099.0,10,0,0,0,0.0,0
0.1128,60,0,0.5894,,9,0,0,0,0.0,0
0.197,56,0,0.2348,11197.0,4,0,0,0,1.0,0
5.6659,37,0,0.6056,4077.0,6,0,0,0,1.0,0
2.0482,38,0,0.6596,,9,0,0,0,1.0,0
0.5345,51,0,0.861,4413.0,2,0,0,0,1.0,0
0.1373,67,0,0.3906,3516.0,6,0,4,0,1.0,0
0.1019,65,0,0.373,8538.0,10,0,1,0,0.0,0
1.0318,46,0,0.8092,8513.0,5,3,3,0,2.0,0
0.3814,26,0,0.4865,7163.0,7,0,0,0,1.0,0
0.2098,71,0,0.55,4707.0,8,0,0,0,1.0,0
0.8077,69,3,0.2244,4515.0,9,0,1,0,0.0,0
0.6907,54,0,0.758,3487.0,8,0,1,0,0.0,0
0.4674,46,0,0.395,,8,0,2,0,1.0,1
0.6923,48,0,0.5009,5255.0,6,0,0,0,3.0,0
0.0463,65,0,0.3365,5383.0,7,0,1,0,0.0,0
0.0535,60,0,0.2682,1299.0,7,0,1,0,1.0,0
0.5535,46,0,0.0371,,5,0,0,0,1.0,1
0.7263,83,0,0.3132,,8,0,1,0,0.0,0
0.8676,31,0,0.2561,6014.0,6,0,0,0,0.0,0
0.4138,44,0,0.4989,,4,0,1,0,,0
0.2293,44,0,0.4835,5501.0,8,0,1,0,1.0,0
3.4948,53,0,0.1319,3352.0,11,0,1,0,1.0,0
0.1787,68,0,0.2799,4422.0,6,0,0,0,1.0,0
1.0419,64,0,1.0201,10848.0,9,0,1,0,1.0,0
0.0092,54,0,0.517,5227.0,6,0,3,0,0.0,0
0.0774,33,0,0.4928,7065.0,6,0,1,0,0.0,0
0.4057,65,0,0.1964,5955.0,8,0,0,0,0.0,0
0.2471,36,0,0.1319,4865.0,7,0,1,0,2.0,0
1.2389,46,0,0.5299,14513.0,7,1,0,2,1.0,0
0.5468,51,0,0.6712,4010.0,3,0,2,0,2.0,0
0.5488,41,0,0.4859,3489.0,7,0,1,0,0.0,0
0.6469,40,0,0.2652,2364.0,10,0,0,0,0.0,0
0.0586,64,0,0.4075,8864.0,7,0,0,0,1.0,0
0.1235,72,0,0.9892,3819.0,7,0,0,0,0.0,0
1.0717,51,0,0.7949,,6,0,0,0,2.0,0
1.2228,27,0,0.6124,1710.0,6,0,1,0,0.0,1
0.1751,56,0,0.419,,17,0,2,0,1.0,0
0.812,42,0,0.5882,5379.0,8,0,2,0,0.0,0
0.0253,57,0,0.0863,10356.0,3,0,1,0,2.0,0
0.1608,56,0,0.388,11331.0,6,0,0,0,0.0,0
1.1667,26,0,0.787,890.0,9,0,2,0,0.0,1
0.8342,47,0,0.7582,17641.0,8,0,1,0,0.0,0
0.7527,61,0,0.5834,7082.0,9,0,3,0,0.0,0
0.2981,51,0,0.1976,4199.0,4,0,2,0,1.0,0
0.3028,37,0,0.4924,3105.0,5,0,2,0,0.0,0
0.4966,61,0,0.6947,2192.0,7,0,1,0,0.0,1
0.8544,29,2,0.697,3065.0,6,0,2,1,1.0,0
0.1211,55,0,0.4192,2842.0,5,0,0,0,3.0,0
0.1543,44,0,0.2031,14282.0,7,0,0,0,0.0,0
0.3676,58,0,0.3117,26300.0,12,0,1,0,0.0,0
0.5621,49,0,0.7971,,8,0,1,0,1.0,0
1.0235,59,0,0.7318,5821.0,11,0,0,0,2.0,0
0.9473,71,0,0.189,,10,0,0,0,1.0,0
0.0847,62,1,0.4036,5260.0,14,1,1,0,1.0,0
0.0851,61,0,0.7525,3451.0,7,0,0,0,2.0,0
0.4189,60,0,0.2931,3471.0,11,0,1,0,1.0,0
0.3986,28,0,0.5047,9411.0,9,0,1,0,0.0,0
5.9263,53,0,0.7131,13574.0,8,0,1,0,,0
0.1925,56,1,0.7655,15136.0,6,1,1,0,1.0,0
9.2931,60,0,0.8027,7921.0,7,0,0,0,,0
0.9312,51,0,0.2149,7844.0,12,0,1,0,0.0,0
0.8187,62,1,0.4758,4678.0,7,0,4,0,0.0,0
0.7169,39,0,0.6697,,9,0,1,0,1.0,0
0.9756,80,0,0.3748,5695.0,15,0,2,0,1.0,0
0.8209,60,0,0.638,5138.0,5,0,4,0,2.0,1
0.0597,39,0,0.5793,5080.0,5,0,1,0,0.0,0
0.2321,71,0,0.1276,3362.0,10,0,1,0,0.0,0
0.2615,36,0,0.9365,4994.0,4,0,0,0,0.0,0
0.1463,52,0,0.3753,2437.0,8,0,1,0,1.0,0
0.046,54,0,0.6767,4966.0,5,0,1,0,2.0,0
0.065,46,0,0.7141,5865.0,12,0,0,0,1.0,0
0.5282,50,0,0.6405,,6,0,0,0,0.0,0
0.112,53,0,0.3808,1723.0,9,0,0,0,0.0,0
0.7741,37,0,0.3143,8022.0,11,0,1,0,1.0,0
1.4886,56,1,0.3834,,18,0,0,0,0.0,0
2.6709,52,0,1.038,1224.0,9,0,1,0,0.0,0
0.6647,79,0,0.8368,10937.0,7,0,1,0,2.0,0
0.4953,73,0,0.4022,,9,0,0,0,0.0,0
0.3717,42,0,0.0481,7370.0,7,0,0,0,1.0,1
0.0951,50,0,0.3888,4848.0,10,0,0,0,1.0,0
2.5482,42,0,0.3763,7299.0,9,0,0,0,0.0,0
0.3191,48,0,1.0241,9624.0,9,0,0,0,0.0,0
0.1634,64,1,0.5357,,6,0,1,1,1.0,0
1.4427,51,1,0.3387,,7,0,2,0,1.0,0
0.6262,45,0,0.499,10187.0,4,0,1,0,0.0,0
0.4255,60,0,0.8034,3999.0,9,0,0,0,1.0,1
2.5575,25,0,0.6409,4772.0,13,0,0,0,1.0,0
0.727,47,0,0.3973,3382.0,6,0,0,0,1.0,0
0.6763,71,0,0.5935,9969.0,4,0,0,0,0.0,0
0.0308,72,0,0.1665,,4,0,0,0,0.0,0
1.2765,70,0,0.7998,6693.0,3,0,1,0,1.0,0
0.0821,35,0,1.0288,5805.0,7,0,1,0,3.0,0
0.1516,35,0,0.2656,,6,0,2,0,0.0,0
0.5171,45,0,0.7346,5806.0,8,0,1,0,1.0,0
0.5139,52,0,0.4951,13021.0,9,0,1,0,1.0,0
0.858,42,0,0.2335,,7,0,0,0,2.0,0
0.417,28,0,0.1717,2490.0,8,0,0,0,3.0,0
1.2772,65,0,0.2187,2981.0,6,0,0,0,1.0,0
0.1516,63,0,0.8643,7307.0,8,0,1,0,0.0,0
0.5108,44,1,0.482,2839.0,6,0,3,0,0.0,0
0.4159,62,0,0.93,13112.0,11,0,1,0,1.0,0
0.0441,65,0,0.7483,,6,0,1,0,2.0,1
0.4639,21,0,0.6892,2031.0,10,0,2,0,0.0,1
0.2566,61,0,0.6818,5865.0,6,0,3,0,3.0,0
0.0121,51,0,0.6601,2635.0,6,0,2,0,0.0,0
0.4174,21,0,0.3461,,5,0,1,0,0.0,0
0.1159,66,0,0.9472,6544.0,10,0,1,0,2.0,0
0.1656,53,0,0.5246,,6,0,2,0,2.0,0
0.1952,30,0,0.1135,13702.0,4,0,1,0,1.0,0
0.3399,58,1,0.5805,7092.0,7,0,1,0,3.0,0
0.0665,55,0,0.2614,2834.0,10,0,1,0,1.0,0
0.5608,60,0,1.1521,4286.0,9,0,0,0,1.0,0
2.564,25,0,0.2978,4498.0,9,0,3,0,2.0,0
0.1683,48,0,0.2174,3964.0,9,0,0,0,0.0,0
0.2862,38,0,0.1627,3463.0,9,0,1,0,0.0,0
0.0837,50,0,0.629,2287.0,8,0,0,0,0.0,0
0.3008,28,0,0.2824,11941.0,13,0,1,0,1.0,0
1.8189,36,0,0.1641,3805.0,9,0,0,0,1.0,0
0.1274,74,0,0.3759,5306.0,7,0,0,0,0.0,0
0.2907,68,0,0.0725,,11,0,1,0,2.0,0
0.1765,66,0,0.364,4163.0,8,0,1,0,0.0,0
0.6689,73,0,0.3704,4274.0,6,0,1,0,2.0,0
1.0314,26,0,0.8689,8930.0,7,0,3,0,1.0,0
0.5256,51,0,0.4759,4335.0,7,0,0,0,3.0,0
0.0726,55,0,0.5359,,5,0,0,0,3.0,0
1.2321,47,0,0.258,,7,0,1,0,,0
1.8471,26,0,0.1006,2939.0,14,0,0,0,0.0,0
0.3875,64,0,0.3735,5958.0,6,0,3,0,1.0,0
0.0543,61,0,0.2217,2656.0,7,0,3,0,0.0,0
0.6093,43,0,0.1459,11440.0,9,0,0,0,0.0,0
1.1894,64,0,0.1299,,8,0,1,0,0.0,0
0.0275,54,0,0.3711,6143.0,5,0,0,0,0.0,1
9.1942,61,0,0.4209,4371.0,7,0,1,0,1.0,0
4.133,39,0,0.6086,1620.0,5,0,2,0,1.0,0
0.2685,55,0,0.4497,3976.0,9,0,1,0,0.0,0
1.5542,55,0,0.7416,7174.0,4,2,1,0,1.0,0
0.5043,49,0,1.1339,4149.0,8,0,1,0,2.0,1
0.0728,21,0,1.2435,2526.0,2,1,0,0,1.0,0
0.2416,54,0,0.916,17551.0,7,0,1,0,0.0,0
0.818,55,0,0.9086,13705.0,9,0,3,0,2.0,0
0.1376,39,0,0.0732,5223.0,7,0,2,0,1.0,0
1.1401,60,0,0.6745,4579.0,14,0,2,0,2.0,1
3.2666,55,0,0.1187,4508.0,12,0,1,0,0.0,0
0.05,58,0,0.8953,3219.0,5,0,1,0,0.0,0
1.294,47,0,0.3259,9653.0,5,0,1,0,0.0,0
0.1723,28,0,0.7159,5278.0,6,0,3,0,,0
3.7691,28,0,0.599,2285.0,8,0,0,0,,0
0.2453,62,0,0.3697,6672.0,6,0,0,0,1.0,0
10.0913,37,0,0.5682,7660.0,4,0,2,0,,0
0.5124,41,0,0.3627,2104.0,9,0,1,0,0.0,0
0.4152,64,0,0.506,8442.0,6,0,1,0,2.0,0
1.5838,22,0,0.2554,4953.0,9,0,1,0,2.0,0
0.1199,30,0,0.7257,,6,0,1,0,0.0,0
0.1832,63,0,0.5684,4226.0,12,0,2,0,0.0,0
0.425,53,0,0.6054,7223.0,9,0,4,0,0.0,0
0.425,24,0,0.4392,7375.0,9,0,1,0,0.0,0
0.2408,46,0,0.2969,6046.0,6,0,0,0,1.0,0
0.4129,54,0,0.3166,5673.0,12,0,1,0,0.0,0
0.5017,37,0,0.4046,10569.0,8,0,2,0,1.0,0
0.082,32,0,0.3114,2521.0,6,0,1,0,3.0,0
0.0382,28,0,0.6577,20811.0,14,0,1,0,1.0,0
2.1097,64,0,0.7283,8965.0,9,0,1,0,0.0,0
0.1791,67,0,0.3468,5203.0,8,0,0,0,0.0,0
0.6085,63,0,0.58,8114.0,9,0,1,0,0.0,0
7.5566,69,3,0.0479,15740.0,8,0,2,1,1.0,0
2.1951,70,0,0.2676,,9,0,1,0,1.0,1
0.1224,31,0,0.7532,1978.0,12,0,0,0,1.0,0
0.5337,66,0,0.1495,,6,0,1,0,0.0,0
2.5997,54,0,0.3756,4819.0,5,0,0,0,0.0,0
0.7258,79,0,0.9519,3548.0,8,0,1,0,0.0,0
0.3197,95,0,0.6693,9719.0,9,0,2,0,4.0,0
0.2559,49,0,0.3953,2722.0,10,0,2,0,1.0,0
3.4325,48,0,0.1204,2076.0,9,0,0,0,0.0,0
0.966,47,0,0.6352,7019.0,5,0,1,0,1.0,0
0.6722,53,0,0.1082,,9,0,1,0,3.0,0
0.5982,55,0,0.3345,,10,0,0,0,1.0,0
0.3291,89,0,0.4916,10518.0,6,0,0,0,1.0,0
0.23,54,1,0.0865,5105.0,10,0,0,0,0.0,0
1.6126,46,0,0.5289,4444.0,8,0,1,0,0.0,0
0.4788,52,0,0.3273,1655.0,7,0,0,0,2.0,0
0.0347,40,0,0.3386,5171.0,12,0,0,0,1.0,0
0.103,29,0,0.8152,16648.0,9,0,3,0,0.0,0
0.6558,50,0,0.3986,6616.0,8,0,2,0,1.0,0
0.4536,85,0,1.0167,12586.0,5,0,0,0,1.0,0
1.0167,64,0,0.657,7809.0,6,0,0,0,1.0,0
0.3944,45,0,0.8897,2714.0,7,0,1,0,1.0,0
0.0773,57,0,0.6597,5012.0,10,0,0,0,0.0,0
0.7003,87,0,0.3401,11889.0,4,0,1,0,0.0,0
0.7142,55,0,0.5475,11349.0,16,0,2,0,1.0,0
0.5006,40,0,0.7785,,6,0,0,0,0.0,0
0.168,53,0,0.7552,10400.0,7,0,0,0,1.0,0
0.913,61,0,0.1313,8917.0,7,0,1,0,0.0,0
0.6102,58,0,0.2937,2615.0,6,0,1,0,0.0,0
0.3298,72,0,0.3992,12376.0,4,0,1,0,0.0,0
0.9063,53,0,0.0502,5377.0,9,0,0,0,0.0,0
0.5053,21,0,0.7313,5417.0,11,0,3,0,2.0,0
0.6893,59,0,0.4399,3685.0,9,0,2,0,0.0,0
0.7748,58,0,0.4035,4080.0,8,0,0,0,2.0,0
0.7402,57,0,0.1319,,11,0,2,0,1.0,0
0.2849,40,0,0.7164,4953.0,8,0,0,0,0.0,0
0.1579,80,0,0.2475,6527.0,11,0,0,0,2.0,0
0.5036,37,0,0.359,4812.0,8,0,1,0,3.0,0
0.3251,38,0,0.3018,11683.0,15,0,2,0,0.0,0
1.0568,49,0,0.2654,1468.0,1,0,1,0,0.0,0
0.4304,71,0,0.5512,16495.0,10,0,1,0,1.0,0
0.0949,71,0,0.7445,12865.0,9,0,0,0,3.0,0
2.8598,61,0,0.4537,9942.0,7,0,2,0,2.0,0
0.0641,65,0,0.9544,5311.0,5,0,0,0,1.0,0
0.1674,34,0,0.7868,,9,0,0,0,1.0,0
0.8976,28,2,0.8008,6234.0,12,0,1,1,3.0,0
0.2581,47,0,0.4552,12933.0,11,0,2,0,1.0,0
0.2804,64,0,0.6031,7589.0,11,0,3,0,2.0,0
1.1491,65,0,0.6412,,10,0,1,0,1.0,0
1.8593,40,0,0.4976,3261.0,5,0,0,0,3.0,1
0.3274,38,0,0.4798,5843.0,10,0,1,0,2.0,0
0.7841,68,0,0.533,5384.0,7,0,0,0,0.0,0
0.6013,55,0,0.2105,6344.0,7,0,1,0,0.0,0
0.8137,23,1,0.6382,3445.0,6,0,0,0,2.0,0
0.1467,36,0,0.4224,4539.0,4,0,2,0,1.0,0
0.5994,59,0,0.4992,,7,0,0,0,1.0,0
0.414,35,0,0.3856,2608.0,4,0,0,0,0.0,0
0.3535,38,0,0.4711,4735.0,4,0,1,0,1.0,0
0.297,39,0,0.2718,6520.0,10,0,1,0,1.0,0
0.3824,64,0,0.2594,10619.0,3,0,2,0,0.0,0
0.3716,52,0,0.0919,6500.0,10,0,3,0,2.0,0
0.3951,75,0,0.375,3996.0,10,0,3,0,2.0,0
0.0864,46,0,0.3469,1943.0,6,0,1,0,2.0,0
0.3617,49,0,0.6414,8788.0,7,0,1,0,0.0,0
0.0734,57,0,0.5672,,9,0,1,0,0.0,0
1.0491,43,0,0.1334,8085.0,3,0,0,0,1.0,0
0.256,30,0,0.1132,9943.0,9,0,1,0,1.0,0
0.9336,47,0,0.2053,9549.0,9,0,0,0,1.0,0
0.8835,42,0,0.5565,,15,0,0,0,0.0,0
0.3586,50,0,0.4066,7926.0,10,0,0,0,0.0,0
0.4317,44,0,0.4244,10504.0,10,0,0,0,2.0,0
0.133,58,0,0.7007,8385.0,7,0,0,0,1.0,0
0.1316,47,0,0.4378,15226.0,9,0,1,0,3.0,0
0.7904,29,0,0.2609,2769.0,6,0,0,0,0.0,0
0.6016,43,0,0.2683,4393.0,15,0,1,0,0.0,0
0.1637,35,0,0.9247,,5,0,1,0,0.0,0
2.2501,79,0,0.2111,4681.0,8,0,2,0,0.0,0
0.8236,53,0,0.6672,,10,0,2,0,1.0,0
0.8785,61,0,0.4967,3965.0,6,0,1,0,1.0,0
0.0115,51,0,0.1964,3132.0,8,0,0,0,1.0,0
0.0515,78,0,0.4154,18899.0,9,0,2,0,3.0,0
0.6154,34,0,0.2277,,7,0,0,0,1.0,0
0.3782,41,0,0.482,14622.0,7,0,0,0,0.0,0
1.7154,68,0,0.3615,5455.0,13,0,1,0,0.0,0
0.2162,45,0,0.4847,6598.0,7,0,2,0,0.0,0
4.4691,42,0,0.0619,9992.0,12,0,0,0,0.0,0
0.123,44,0,0.0317,7664.0,10,0,2,0,0.0,0
0.5594,79,0,0.1214,1238.0,11,0,0,0,1.0,1
1.8809,81,2,0.8537,5190.0,3,0,1,2,0.0,0
0.0742,58,0,0.0339,2460.0,12,0,0,0,1.0,0
0.424,55,0,0.8405,2599.0,10,0,0,0,2.0,0
0.3302,63,0,0.238,1984.0,9,0,1,0,1.0,0
0.2506,57,0,0.5345,1708.0,9,0,1,0,0.0,0
0.0373,54,2,0.0586,2387.0,7,0,0,0,2.0,0
0.8787,46,0,0.1324,6983.0,8,0,0,0,1.0,0
0.1077,43,0,0.6475,1777.0,12,0,2,0,3.0,0
1.1204,59,0,0.5109,,6,0,4,0,1.0,0
0.4399,54,0,0.7512,3991.0,13,0,1,0,0.0,0
8.6577,73,2,0.6665,3470.0,8,1,1,1,1.0,0
0.1238,48,0,1.0123,4981.0,4,0,2,0,0.0,0
0.6776,39,0,0.1993,,6,0,1,0,2.0,0
0.3389,32,0,0.2306,,7,0,0,0,0.0,0
0.4682,41,0,0.2951,,4,0,2,0,2.0,0
0.4111,32,0,0.3917,5423.0,8,0,2,0,0.0,0
0.0323,68,0,0.5513,6899.0,6,0,0,0,2.0,0
0.3859,46,0,0.1323,5227.0,7,0,1,0,1.0,0
0.0669,41,0,0.1988,6198.0,6,0,4,0,2.0,0
0.4181,59,0,0.2592,13831.0,7,0,1,0,1.0,0
2.3408,79,2,0.6627,18760.0,12,0,3,1,0.0,0
0.0141,46,0,0.3007,12308.0,13,0,2,0,0.0,0
0.0977,36,0,0.4351,5109.0,10,0,3,0,0.0,0
1.0605,46,0,0.1889,8256.0,7,0,0,0,0.0,0
0.5452,26,2,0.7741,6592.0,5,0,1,0,1.0,0
0.5872,59,0,0.4218,4366.0,13,0,2,0,1.0,0
0.4984,60,0,0.1334,6349.0,11,0,1,0,0.0,0
4.6413,46,0,0.6404,3637.0,6,0,1,0,0.0,0
0.8047,36,0,0.7883,5671.0,6,0,1,0,2.0,0
0.5387,86,0,0.2571,1578.0,11,0,1,0,2.0,0
0.6484,35,0,0.2932,4339.0,18,0,2,0,0.0,0
0.0634,41,0,0.7508,13326.0,8,0,0,0,1.0,0
0.5596,52,0,0.4858,5693.0,3,0,2,0,3.0,0
0.3585,64,0,0.3489,,8,0,1,0,1.0,0
0.6019,50,0,0.041,5518.0,7,0,1,0,0.0,0
0.1614,52,0,0.0614,3974.0,9,0,1,0,,0
0.4567,61,2,0.2235,6233.0,10,0,2,0,3.0,0
0.5299,95,0,0.058,2437.0,6,0,1,0,2.0,1
1.406,44,0,0.1497,7286.0,7,0,2,0,3.0,0
0.2726,45,0,0.5314,7034.0,11,0,0,0,1.0,0
0.0543,50,0,0.1667,,4,0,2,0,0.0,0
0.5826,62,0,0.0985,10845.0,9,0,0,0,0.0,0
0.2329,87,0,0.5173,5104.0,6,0,1,0,0.0,0
0.0905,50,0,0.476,5611.0,8,0,2,0,0.0,0
0.2671,60,0,1.2457,,6,0,1,0,1.0,0
6.9551,22,0,0.1206,4902.0,9,0,1,0,0.0,1
0.903,53,0,0.1518,4642.0,6,0,0,0,1.0,0
0.2851,52,0,0.3188,6690.0,9,0,1,0,2.0,0
1.5329,66,0,0.0668,17020.0,8,0,2,0,1.0,0
0.6601,45,0,0.1122,,11,0,2,0,3.0,0
0.3433,35,0,0.6723,5629.0,12,0,1,0,1.0,0
0.3058,55,0,0.3776,,9,0,1,0,1.0,0
0.0906,30,0,0.6275,1830.0,7,0,0,0,1.0,0
0.2604,41,0,0.5693,3359.0,10,0,0,0,1.0,0
0.3276,53,0,0.7417,11830.0,4,0,1,1,1.0,0
0.6874,21,0,0.3653,4800.0,10,0,1,2,2.0,0
0.966,48,0,0.4063,12557.0,10,0,1,0,0.0,0
1.0157,74,0,0.0486,,6,0,1,1,0.0,0
0.2345,29,0,0.4376,3492.0,7,0,2,0,1.0,0
0.2235,42,0,0.6483,4539.0,4,0,1,0,0.0,0
0.4179,60,0,0.3926,10577.0,5,0,0,0,0.0,0
1.6739,63,0,0.4248,3544.0,10,0,3,0,1.0,0
1.8679,53,0,0.7781,4307.0,9,0,1,0,1.0,1
0.6317,49,1,0.1631,9987.0,10,0,4,1,1.0,0
0.0191,75,0,0.2016,3896.0,9,0,0,0,0.0,0
1.1493,55,0,0.4714,,11,0,1,0,1.0,0
0.2811,37,0,0.2057,7639.0,6,0,0,0,0.0,0
1.1073,54,0,0.384,,17,0,1,0,3.0,0
0.0096,50,0,0.1024,6876.0,7,0,1,0,2.0,0
0.7824,46,0,0.389,5640.0,6,0,2,0,1.0,0
0.3559,28,0,0.3219,7247.0,10,0,3,0,2.0,0
0.3635,52,0,0.426,4620.0,11,0,0,0,0.0,0
0.2781,60,0,0.5968,15169.0,13,0,2,0,2.0,0
0.1296,63,0,0.03,3233.0,5,0,1,0,0.0,0
8.2013,52,0,0.4261,,5,0,2,0,1.0,0
0.2275,52,0,0.4017,2431.0,7,0,1,0,5.0,0
0.1527,44,0,0.9412,7755.0,10,0,1,0,0.0,0
0.2054,66,0,0.6737,7499.0,7,0,1,0,0.0,0
0.123,35,0,0.4257,,8,0,1,0,1.0,0
0.028,45,0,0.2208,3713.0,9,0,3,0,0.0,0
0.6151,41,0,0.3173,,10,0,1,0,0.0,0
0.7007,50,0,0.3164,3301.0,11,0,0,0,1.0,0
0.0307,70,0,0.6391,6869.0,10,0,0,0,2.0,0
0.0801,35,0,0.7022,1669.0,6,0,0,0,0.0,0
0.6115,56,0,0.88,3695.0,6,0,2,0,0.0,0
0.2273,56,0,0.5269,5650.0,11,0,1,0,1.0,0
1.8238,39,0,0.2452,3934.0,11,0,1,0,1.0,0
0.0379,49,0,1.2922,7544.0,10,0,1,0,2.0,0
0.4126,39,0,0.3219,4470.0,7,0,1,0,1.0,0
0.4617,53,0,0.736,,12,0,0,0,0.0,0
0.6103,50,3,0.1155,,8,1,2,0,1.0,0
0.2743,73,0,0.525,7397.0,8,0,0,0,0.0,1
1.6219,41,0,0.148,3848.0,8,0,0,0,3.0,0
0.1637,50,0,0.4973,6927.0,6,0,0,0,0.0,0
3.5168,47,0,0.2463,1274.0,8,0,1,0,2.0,0
0.2219,71,0,0.3128,4996.0,5,0,0,0,0.0,0
5.017,45,0,0.1846,11020.0,9,0,5,0,1.0,0
0.0381,40,0,0.3003,5029.0,7,0,2,0,1.0,0
0.5383,41,0,0.4826,9462.0,5,0,2,0,0.0,0
4.2927,41,0,0.5412,18228.0,9,0,1,0,1.0,0
0.8764,44,0,0.8573,5321.0,12,0,0,0,0.0,1
3.4852,40,0,1.158,17307.0,10,0,1,0,2.0,0
0.2322,52,0,0.2198,11742.0,8,0,0,0,0.0,1
0.2856,34,0,0.741,5010.0,6,0,2,0,0.0,0
1.3238,60,0,0.6964,5092.0,1,0,1,0,0.0,0
0.1135,53,0,0.6001,12410.0,11,0,0,0,0.0,0
0.5717,75,0,0.4883,,7,0,1,0,1.0,1
0.4262,59,0,0.0598,5212.0,5,0,0,0,0.0,0
1.517,57,0,0.8603,,7,0,0,0,0.0,0
0.4734,80,0,0.4402,,12,0,0,0,0.0,0
0.2561,58,0,0.3958,,7,0,0,0,1.0,0
0.3126,49,0,0.5439,10134.0,8,0,2,0,2.0,0
0.8941,40,0,0.4095,4400.0,14,0,2,0,0.0,0
0.0787,72,0,0.7266,13427.0,7,0,2,0,0.0,0
0.8496,38,0,0.678,4715.0,6,0,0,0,1.0,0
0.0781,36,0,0.5692,11839.0,9,0,1,0,2.0,0
0.1931,36,0,0.2903,6506.0,7,0,3,0,0.0,0
0.0639,41,0,0.7021,3654.0,4,0,0,0,2.0,0
0.2167,53,0,0.2289,4338.0,4,0,1,0,0.0,0
0.589,48,0,0.4776,,12,0,1,0,,0
0.428,59,0,0.2086,2957.0,7,0,0,0,,0
0.087,37,0,0.4838,,6,0,1,0,1.0,0
0.0421,40,0,0.8022,,13,0,0,0,1.0,0
0.3965,54,0,0.4601,,9,0,0,0,1.0,0
0.0892,39,0,0.1794,,13,0,0,0,2.0,0
1.473,33,0,0.733,6662.0,9,0,0,0,0.0,0
0.1991,31,0,0.4278,4611.0,8,0,0,0,1.0,0
1.5967,51,0,0.7575,,9,0,0,0,1.0,1
0.2008,51,0,0.6814,3683.0,5,0,2,0,0.0,0
0.1392,50,0,0.2957,4278.0,8,0,2,0,2.0,0
0.7519,69,0,0.2948,7921.0,5,0,0,0,0.0,0
0.2432,56,0,0.0888,2944.0,7,0,0,0,0.0,0
9.9246,52,0,0.336,15546.0,11,0,0,0,0.0,0
0.183,71,0,0.2325,3399.0,11,0,3,0,4.0,0
4.6426,66,3,0.6176,7665.0,4,0,0,0,0.0,0
0.8779,42,0,0.139,4025.0,6,0,2,0,0.0,0
0.8102,64,0,0.0777,,8,0,3,0,0.0,0
0.2928,77,0,0.7396,3035.0,11,0,1,0,1.0,0
0.0574,77,0,0.5879,,3,0,0,0,0.0,0
0.2378,66,0,0.1517,5212.0,5,0,1,0,0.0,0
0.9342,57,0,0.2897,,2,0,1,0,2.0,0
3.0869,56,0,1.1407,3368.0,8,0,1,0,1.0,1
0.3389,72,0,0.2006,3604.0,10,0,1,0,1.0,0
0.7175,33,0,0.5778,2142.0,5,0,2,0,0.0,0
0.0236,70,0,0.4985,15083.0,8,0,0,0,2.0,0
0.9302,54,0,0.1587,7546.0,9,0,1,0,1.0,0
0.1344,39,0,0.4202,6503.0,8,0,1,0,0.0,0
0.4965,35,0,0.3944,7775.0,10,0,2,0,0.0,0
0.8633,28,0,0.0093,,4,0,0,0,,0
0.5078,60,1,0.5233,8179.0,10,0,0,0,1.0,0
0.0687,79,0,0.0948,12322.0,5,0,1,0,1.0,0
0.8381,45,2,0.0677,7190.0,9,2,1,1,0.0,0
0.8262,40,0,0.5922,,4,0,2,0,0.0,0
0.3705,69,0,0.8178,3358.0,3,0,0,0,1.0,0
0.4655,54,0,0.0709,,11,0,2,0,2.0,0
0.0953,70,0,0.6021,2962.0,14,0,1,0,2.0,0
0.6713,38,0,0.0617,1628.0,10,0,1,0,0.0,0
0.3151,61,0,0.882,10964.0,10,0,1,0,0.0,0
0.2376,77,0,0.6833,4752.0,4,0,1,0,1.0,0
0.6414,37,0,0.5528,3551.0,6,0,0,0,0.0,1
0.3008,48,0,0.1077,,10,0,1,0,0.0,0
0.4281,47,0,0.269,4359.0,4,0,0,0,1.0,0
0.0065,62,0,0.5522,,13,0,0,0,0.0,0
0.5632,70,0,1.1222,,2,0,0,0,2.0,1
0.484,42,0,0.6814,1924.0,12,0,0,0,1.0,0
0.119,87,0,0.7851,16533.0,6,0,1,0,2.0,0
0.6699,53,0,0.3707,12847.0,7,1,0,0,0.0,0
0.7242,44,0,0.7467,6998.0,11,0,1,0,0.0,0
0.1358,72,0,0.4815,,4,0,1,0,1.0,0
0.5792,54,0,0.9936,2473.0,8,0,2,0,1.0,0
0.6207,47,0,0.6221,4250.0,10,0,1,0,0.0,0
0.2597,44,0,0.7003,4537.0,8,0,0,0,0.0,0
0.1033,81,0,0.6319,7900.0,10,0,2,0,0.0,0
0.1848,38,0,0.2767,3527.0,14,0,3,0,0.0,0
2.2042,68,0,0.265,5496.0,11,0,0,0,1.0,0
0.4122,41,0,0.5447,5553.0,10,0,1,0,1.0,0
0.0764,43,0,0.3129,3886.0,10,0,1,0,2.0,0
0.4523,51,0,0.2568,11180.0,6,0,1,0,1.0,0
0.558,59,0,0.8191,3359.0,11,0,1,0,1.0,1
0.4329,29,0,0.2822,,12,2,0,0,0.0,1
3.2968,44,1,0.5505,3060.0,10,1,0,1,2.0,0
2.3291,66,0,0.3915,9275.0,10,0,0,0,3.0,0
0.2273,66,0,0.6679,2646.0,12,0,0,0,2.0,0
0.3852,48,0,0.44,5202.0,9,0,1,0,1.0,0
0.0836,36,0,0.0317,5354.0,7,0,0,0,1.0,0
0.3653,55,0,0.6752,1508.0,10,0,3,0,0.0,0
0.6195,64,0,0.2719,7524.0,14,0,2,0,0.0,0
0.0981,55,0,0.3983,5318.0,8,0,0,0,1.0,0
0.2896,72,0,1.0546,3920.0,6,0,2,0,1.0,0
0.8253,48,2,0.1589,11598.0,9,1,0,1,1.0,0
1.9282,34,0,0.316,5189.0,11,0,2,0,1.0,0
0.474,44,0,0.533,2281.0,13,0,0,0,0.0,0
0.8,52,0,0.4641,4565.0,5,0,2,0,2.0,0
0.8359,42,0,0.3494,5717.0,8,0,2,0,0.0,0
2.2578,45,3,0.6221,4179.0,7,1,0,0,2.0,0
0.6876,65,0,1.2871,4652.0,9,0,1,0,4.0,1
0.143,41,0,0.6894,1730.0,8,0,2,0,0.0,0
0.2584,33,0,0.9277,8617.0,8,0,1,0,1.0,0
0.4723,63,0,0.2866,,10,0,3,0,1.0,0
0.4287,61,0,0.3232,7695.0,11,0,2,0,1.0,0
0.3282,37,0,0.5355,6086.0,8,0,3,0,1.0,0
0.1524,62,0,0.2508,6712.0,10,0,2,0,2.0,0
2.3578,36,0,0.6792,4817.0,6,0,1,0,0.0,0
0.6968,42,0,0.6843,4523.0,7,0,0,0,0.0,1
0.7117,37,0,0.3832,11169.0,11,0,0,1,2.0,0
0.6155,46,0,0.1791,,5,0,1,0,2.0,1
0.4438,60,0,0.76,21342.0,11,0,0,0,0.0,0
0.1748,56,0,0.753,5727.0,7,0,1,0,0.0,0
0.7124,41,0,0.4157,4316.0,10,0,0,0,1.0,0
0.3816,55,3,0.5487,4014.0,11,0,1,0,2.0,0
0.5427,57,0,0.2995,2579.0,5,0,2,0,0.0,0
0.1328,65,0,0.3859,,7,0,1,0,0.0,0
0.151,57,0,0.2514,7878.0,7,0,1,0,1.0,0
0.5197,62,0,0.8608,2291.0,9,0,2,0,0.0,0
0.2655,53,0,0.2474,3181.0,8,0,0,0,0.0,0
1.8104,41,0,0.5283,,8,0,1,0,1.0,0
0.2482,54,0,0.4855,5628.0,5,0,3,0,2.0,0
0.5166,69,0,0.3151,4506.0,8,0,1,0,0.0,0
3.9632,70,0,0.4045,5736.0,6,0,0,0,0.0,0
0.4681,21,0,0.5494,2609.0,9,0,2,0,4.0,1
3.273,61,0,0.5535,2768.0,9,0,0,0,1.0,0
0.3018,45,0,0.2446,,11,0,0,0,1.0,0
0.1898,58,0,0.4614,11152.0,8,0,0,0,0.0,0
1.1306,33,0,0.5135,1045.0,8,0,2,0,1.0,1
0.1908,46,0,0.631,5326.0,7,0,1,0,0.0,0
0.2922,30,0,0.1644,8352.0,12,0,0,0,2.0,0
0.2231,46,0,0.2336,,8,0,0,0,1.0,0
0.6081,61,0,0.5761,3843.0,8,0,2,0,0.0,0
0.4513,58,0,0.9993,4696.0,5,0,3,0,0.0,0
0.3623,82,0,0.4731,3276.0,8,0,0,0,1.0,0
0.4436,45,0,0.756,,8,0,2,0,0.0,0
0.202,40,0,0.2128,,7,0,0,0,3.0,0
0.7801,71,0,0.1827,17467.0,6,0,0,0,0.0,1
0.942,28,2,0.3388,,10,0,1,1,0.0,0
0.3929,55,0,0.1461,,10,0,0,0,0.0,0
0.5079,59,0,0.5324,12270.0,7,0,0,0,1.0,0
0.9509,21,0,0.0102,4953.0,7,0,0,0,2.0,0
0.3819,37,0,0.2315,19603.0,6,0,1,0,0.0,0
0.8688,33,0,0.0655,2231.0,6,0,0,0,2.0,0
0.4481,64,0,0.2869,6356.0,11,0,2,0,0.0,0
0.3684,43,0,0.3866,10373.0,9,0,0,0,0.0,0
0.2188,48,0,0.549,6978.0,9,0,1,0,0.0,0
0.0626,29,0,0.6046,3040.0,6,0,1,0,0.0,0
0.348,41,0,0.6194,3888.0,9,0,0,0,1.0,0
0.7278,41,0,0.1085,5670.0,11,0,2,0,0.0,0
0.1561,49,0,0.2682,2942.0,10,0,0,0,1.0,0
0.3224,48,1,0.2207,7831.0,6,1,2,0,0.0,0
3.5994,73,0,0.6905,3731.0,2,0,0,0,3.0,0
0.0605,62,0,0.7608,3295.0,7,0,1,0,1.0,0
0.3004,27,0,0.6442,3586.0,7,0,1,0,1.0,0
0.2683,66,0,0.3119,4083.0,11,0,1,0,0.0,0
0.6769,64,0,0.6454,13048.0,4,0,1,0,3.0,0
0.527,53,0,0.3653,,10,0,3,0,0.0,0
0.0106,66,0,0.346,8371.0,9,0,0,0,0.0,0
0.0108,69,0,0.4377,10153.0,6,0,2,0,1.0,0
0.6538,45,0,0.3468,6563.0,5,0,1,0,3.0,0
0.5378,35,0,0.2244,2193.0,6,0,1,0,0.0,0
0.319,60,1,0.2408,3510.0,6,0,0,0,0.0,0
0.6725,41,0,0.6099,6237.0,9,0,0,0,1.0,0
0.6308,56,0,0.9095,2401.0,11,0,2,0,0.0,0
0.2627,37,0,0.6956,2850.0,5,0,3,0,2.0,0
0.6735,66,0,0.321,4741.0,14,0,1,0,2.0,0
0.7078,41,0,0.5519,9410.0,12,0,1,0,0.0,0
0.3366,49,0,0.8725,,11,0,2,0,1.0,0
0.1737,48,0,0.6724,8437.0,6,0,2,0,0.0,0
4.079,32,0,0.3491,2032.0,8,0,0,0,2.0,0
0.3607,67,0,1.0651,,4,0,1,0,2.0,0
0.0916,70,0,0.4612,,5,0,1,0,0.0,0
0.2216,50,0,0.1318,8758.0,11,0,2,0,0.0,0
0.2474,41,0,0.28,12760.0,9,0,3,0,2.0,0
0.4851,49,0,0.2441,20975.0,12,0,1,0,0.0,0
0.5124,45,0,0.6292,,8,0,3,0,0.0,0
0.0949,52,0,0.582,11385.0,10,0,1,0,2.0,0
0.3092,48,0,0.2049,3274.0,10,0,1,0,2.0,0
0.043,39,0,0.3957,830.0,3,0,1,0,0.0,0
0.1268,68,0,0.6999,3128.0,2,0,0,0,,0
0.9534,49,1,0.5543,4005.0,11,0,1,0,1.0,0
0.1903,79,0,0.3081,10806.0,6,0,1,0,2.0,0
0.0729,53,0,0.2248,8268.0,9,0,1,0,0.0,0
0.9657,46,0,0.237,3737.0,10,0,1,0,0.0,0
0.2481,48,0,0.5766,7580.0,9,0,2,0,0.0,0
0.3761,47,0,0.7663,16692.0,8,0,1,0,,0
1.0339,51,2,0.6443,3160.0,4,0,1,0,1.0,0
3.29,55,0,0.4846,4363.0,8,0,3,0,1.0,0
3.0598,36,0,0.8193,3028.0,8,0,4,0,1.0,0
0.0098,38,0,0.5296,4210.0,10,0,1,0,0.0,0
0.4124,63,0,0.1626,3226.0,1,0,1,0,0.0,0
0.2732,59,0,0.7866,10191.0,9,0,5,0,2.0,0
0.6535,30,0,0.4167,,9,0,0,0,1.0,0
2.0325,59,0,0.6652,7700.0,17,0,1,0,2.0,0
0.0328,64,0,0.1159,9167.0,8,0,1,0,1.0,0
0.4782,56,0,0.9388,3389.0,12,0,1,0,3.0,0
0.3467,29,0,0.8354,6093.0,9,0,2,0,2.0,0
0.25,33,0,0.3278,2165.0,11,0,0,0,2.0,0
0.9409,51,0,0.1118,6653.0,9,0,3,0,0.0,0
0.1241,78,0,0.724,,3,0,2,0,1.0,0
0.5931,44,0,0.7095,3794.0,8,0,1,0,0.0,0
3.1976,60,1,1.0245,14725.0,6,0,0,0,0.0,0
3.2698,43,1,0.2429,6534.0,8,0,1,0,2.0,0
0.3691,76,0,0.082,3411.0,9,0,1,0,1.0,0
0.1744,53,0,0.1519,6150.0,9,0,0,0,0.0,0
0.4053,35,0,0.6457,2736.0,3,0,1,0,0.0,0
0.399,41,0,0.9364,2225.0,7,0,1,0,0.0,0
0.2635,39,0,0.4827,12001.0,9,0,1,0,1.0,0
0.1939,54,0,0.4879,9199.0,9,0,1,0,0.0,0
0.4475,42,2,0.5156,,11,1,0,1,0.0,0
0.4505,45,0,1.0549,9975.0,8,0,2,0,0.0,0
0.9118,79,0,0.4431,,7,0,0,0,2.0,0
0.0187,44,0,0.0931,3697.0,16,0,1,0,1.0,0
0.7974,54,0,0.3985,12270.0,8,0,1,0,0.0,0
1.0919,48,0,0.4044,5162.0,12,0,1,0,2.0,0
0.7831,51,0,0.2415,,4,0,1,0,,0
1.1075,61,0,0.4921,4133.0,4,0,2,0,0.0,0
0.1156,21,0,0.7221,6962.0,10,0,1,0,0.0,0
0.433,54,0,0.9441,6728.0,10,0,1,0,0.0,0
0.3699,47,0,0.6889,3462.0,8,0,0,0,1.0,0
0.2723,54,0,0.5067,7192.0,9,0,0,0,3.0,0
0.1948,49,0,0.7794,15904.0,10,0,0,0,1.0,0
0.2842,49,0,0.4097,2397.0,12,0,1,0,,0
0.2292,56,0,1.041,5299.0,6,0,3,0,0.0,0
0.2892,44,0,0.7291,6239.0,10,0,0,0,0.0,0
0.136,80,0,0.7002,6954.0,8,0,0,0,1.0,0
0.2423,39,0,0.126,5941.0,8,0,1,0,0.0,0
0.6657,72,0,0.86,,10,0,0,0,1.0,1
0.6619,35,0,0.087,2657.0,5,0,0,0,0.0,0
3.2582,48,0,0.2726,5755.0,6,0,1,0,1.0,0
0.1192,56,0,0.624,8206.0,6,0,0,0,0.0,0
0.1604,39,0,0.3923,5505.0,4,0,3,0,1.0,0
0.1526,38,0,0.0201,9527.0,4,0,1,0,3.0,0
2.7425,48,0,0.9072,4975.0,6,0,2,0,,0
0.2998,65,0,0.6803,4525.0,8,0,1,0,1.0,0
2.1972,53,0,0.5106,2886.0,6,0,0,0,1.0,0
0.704,79,0,0.65,2969.0,11,0,1,0,0.0,1
0.0934,60,0,0.5578,9263.0,12,0,0,0,1.0,0
0.2575,46,0,0.2982,16752.0,13,0,0,0,1.0,0
0.0204,21,0,0.8257,3072.0,8,0,1,0,,0
0.9212,30,0,0.3595,6700.0,6,0,0,0,2.0,0
0.9544,48,0,0.1105,,9,0,1,0,0.0,0
0.3038,30,0,0.3537,,10,0,1,0,2.0,0
0.7502,49,1,0.823,28206.0,15,0,1,0,1.0,0
1.3347,55,0,0.2995,5686.0,10,0,0,0,3.0,0
0.283,48,0,0.8193,6337.0,11,0,1,0,1.0,0
0.4945,48,0,0.3281,8072.0,8,0,0,0,2.0,0
1.4145,79,0,0.2226,6635.0,2,0,2,0,1.0,0
0.556,53,0,0.5903,6979.0,10,0,1,0,0.0,0
0.8679,50,0,0.3433,2885.0,9,0,1,0,0.0,0
0.1873,38,0,0.5699,2245.0,9,0,1,0,1.0,0
0.5858,52,0,0.2244,3282.0,11,0,3,0,0.0,0
2.8846,45,0,1.2636,2125.0,4,0,1,0,1.0,0
0.8215,77,0,0.1236,8981.0,8,0,0,0,0.0,1
0.4554,60,0,0.3726,2553.0,9,0,0,0,2.0,0
0.3028,72,0,0.7193,,8,0,1,0,1.0,0
0.4133,55,0,0.6095,10588.0,2,0,0,0,2.0,0
0.1982,69,0,0.8103,,14,0,1,0,0.0,0
7.2008,38,0,0.8831,5847.0,9,0,0,0,0.0,0
0.0863,55,0,0.5099,12731.0,7,0,4,0,1.0,0
0.2485,40,0,0.2135,2363.0,11,0,0,0,1.0,0
0.0038,46,0,0.3551,3886.0,8,0,1,0,1.0,0
2.7168,53,0,0.4483,1731.0,9,0,2,0,1.0,0
0.2552,39,0,1.1519,5664.0,6,0,0,0,,0
2.3718,32,0,0.3536,3031.0,4,0,2,0,0.0,0
0.0064,66,0,0.3422,5591.0,10,0,2,0,1.0,0
0.1435,28,0,0.7891,,7,0,1,0,2.0,0
0.9771,76,0,0.2553,7112.0,5,0,1,0,0.0,0
2.6948,41,0,0.0788,4069.0,9,0,1,0,1.0,0
0.7064,60,0,0.4074,3626.0,16,0,1,0,0.0,0
1.06,61,0,0.591,,12,0,1,0,2.0,0
1.8716,37,1,0.981,10813.0,8,1,1,0,1.0,0
1.347,58,0,1.1149,2428.0,12,0,1,0,1.0,0
0.7652,54,0,0.9599,15911.0,14,0,0,0,1.0,0
0.2389,61,0,0.0994,7250.0,4,0,0,0,1.0,0
2.289,69,0,0.8898,5539.0,12,0,1,0,1.0,0
0.1477,63,0,0.7507,6635.0,10,0,0,0,0.0,0
0.3629,40,0,0.3997,3013.0,9,0,0,0,0.0,0
1.4019,50,0,0.3012,13675.0,7,0,1,0,0.0,0
0.7865,40,0,0.391,,9,0,2,0,0.0,0
0.0826,44,0,0.1645,3357.0,14,0,4,0,0.0,0
0.7148,59,1,0.9196,2778.0,7,0,0,0,1.0,0
0.1942,60,2,0.3468,3542.0,6,0,0,0,2.0,0
0.6783,60,0,0.3436,8522.0,13,0,3,0,0.0,0
0.5838,56,0,0.3097,5077.0,9,0,2,0,,0
0.5136,58,0,0.4121,3309.0,11,0,0,0,0.0,0
0.4233,46,0,0.2572,,9,0,4,0,0.0,0
0.2057,71,0,0.3595,7315.0,10,0,1,0,0.0,0
1.0265,61,0,0.2775,3072.0,11,0,3,0,0.0,0
0.4534,52,0,0.1651,7985.0,7,0,1,0,0.0,0
1.0948,68,0,0.3425,4628.0,3,0,2,0,0.0,1
0.3994,45,0,0.5101,10805.0,9,0,1,0,0.0,0
2.0575,54,0,0.6603,9171.0,10,0,1,0,2.0,0
0.2465,65,0,0.1869,4989.0,2,0,1,0,0.0,0
0.2384,35,0,0.2088,6901.0,8,0,1,0,0.0,0
0.3079,83,0,0.6802,4708.0,13,0,1,0,,0
0.2524,44,0,0.5517,3548.0,10,0,0,0,0.0,0
0.1581,46,0,0.5266,2673.0,4,0,0,0,1.0,0
0.4144,52,0,0.4194,11936.0,6,0,1,0,2.0,0
0.1923,62,0,0.3289,7972.0,9,0,0,0,1.0,0
0.0296,64,0,1.0829,4188.0,9,0,4,0,0.0,0
2.5652,73,0,1.0323,7098.0,10,0,0,0,1.0,0
0.4321,51,0,0.4483,11028.0,6,0,2,0,1.0,0
1.9319,57,0,0.16,1760.0,8,0,0,0,,0
0.2703,30,0,0.3275,,5,0,0,0,1.0,0
0.2613,37,0,0.411,5372.0,9,0,1,0,0.0,0
1.7316,51,0,0.2219,4492.0,5,0,0,0,0.0,0
0.7386,57,0,0.6435,5227.0,8,0,2,0,1.0,0
0.0398,51,0,0.3437,9452.0,10,0,1,0,0.0,0
0.4812,59,1,0.5113,2917.0,8,0,1,1,2.0,1
0.5823,51,0,0.4272,2875.0,11,0,0,0,0.0,0
0.526,49,0,0.7176,3160.0,7,0,1,0,0.0,0
0.1384,86,0,0.0913,6058.0,7,0,0,0,1.0,0
0.4257,48,0,0.0995,7039.0,11,0,2,0,0.0,0
0.116,66,0,0.3553,6007.0,8,0,0,0,0.0,0
0.0623,34,0,0.6506,,11,0,3,0,0.0,0
1.1538,54,0,0.3456,10659.0,6,0,1,0,0.0,0
0.4216,43,0,0.2742,3293.0,7,0,1,0,1.0,0
0.3832,80,0,0.5754,3788.0,16,0,0,0,0.0,0
1.8979,44,0,0.3694,,6,0,0,0,1.0,0
0.2255,52,0,0.2476,23180.0,9,0,2,0,2.0,0
0.4402,40,0,0.6694,9687.0,5,0,1,0,0.0,0
0.246,40,0,0.422,5459.0,6,0,2,0,0.0,0
0.4589,51,0,0.4428,5177.0,4,0,4,0,0.0,0
0.4392,57,0,0.3555,5017.0,7,0,0,0,2.0,0
0.0133,67,0,0.5008,5836.0,7,0,0,0,0.0,0
0.0624,44,0,0.4418,15810.0,6,0,1,0,0.0,0
0.6213,44,0,0.4124,2614.0,8,0,1,0,1.0,0
0.3518,70,0,0.4785,,8,0,0,0,0.0,0
0.0259,74,0,0.6042,,5,0,2,0,0.0,0
0.6776,51,0,0.3615,5825.0,12,0,0,0,0.0,0
1.4024,59,0,0.3837,7260.0,10,1,3,0,0.0,0
0.1883,75,0,0.6623,5157.0,3,0,2,0,0.0,0
2.9831,89,0,0.5639,5996.0,14,0,0,0,0.0,0
0.3534,58,0,0.5831,2665.0,3,0,0,0,0.0,0
0.4945,63,0,0.3002,,10,0,0,0,1.0,0
1.0274,54,0,0.656,5415.0,12,0,0,0,0.0,0
0.0344,31,0,0.1768,,4,0,1,0,1.0,0
2.6308,57,0,0.5953,11425.0,6,0,0,0,2.0,0
0.6479,71,0,0.5067,3995.0,7,0,0,0,1.0,0
0.5505,41,0,0.1549,2698.0,4,0,1,0,1.0,0
0.4415,26,0,0.2565,4955.0,6,0,0,0,1.0,0
0.9532,60,0,0.5512,9159.0,13,0,3,0,1.0,0
1.0888,27,0,0.5149,,10,0,0,0,0.0,0
0.8408,30,0,0.5503,3454.0,9,0,1,0,1.0,0
2.3933,29,0,0.4802,15232.0,8,0,2,0,0.0,0
0.1819,24,0,0.2252,3406.0,7,0,1,0,3.0,0
0.144,67,0,0.2365,3688.0,9,0,0,0,1.0,0
0.6454,54,0,0.7636,5279.0,4,0,2,0,0.0,0
2.7072,81,0,0.5153,8909.0,6,0,2,0,2.0,0
0.4004,62,0,0.6098,5276.0,8,0,0,0,0.0,0
0.6607,81,0,0.5198,,8,0,0,0,0.0,1
0.1454,43,0,0.7817,6250.0,6,0,1,0,,0
0.8112,57,0,0.3297,,12,0,0,0,0.0,0
0.2962,34,0,0.6175,5933.0,10,0,1,0,0.0,0
0.1123,48,0,0.5316,1806.0,4,0,2,0,0.0,0
0.5315,72,0,0.5307,,4,0,1,0,0.0,1
1.9454,51,0,0.4473,,6,0,6,0,1.0,0
0.2864,49,0,0.8564,8973.0,9,0,0,0,0.0,0
0.355,52,0,0.444,2032.0,7,0,0,0,0.0,0
1.2506,54,1,0.5985,4406.0,4,0,0,0,1.0,0
0.4852,54,0,1.8088,5751.0,4,0,2,0,2.0,0
0.5285,71,0,0.0627,4755.0,5,0,0,0,0.0,0
0.1603,42,0,0.5845,5800.0,9,0,2,0,0.0,0
0.6258,49,0,0.4724,11924.0,8,0,2,0,0.0,0
0.556,53,0,0.3575,5049.0,12,0,1,0,1.0,0
0.2549,39,0,0.105,6177.0,5,0,5,0,1.0,0
0.1847,46,0,0.8193,5604.0,12,0,0,0,1.0,0
0.8707,63,0,0.2383,6377.0,7,0,1,0,0.0,1
0.1055,40,0,0.5386,712.0,4,0,1,0,0.0,0
0.1939,91,0,0.4662,6741.0,8,0,0,0,0.0,0
1.0709,75,0,0.8056,8322.0,12,0,4,0,,0
0.539,54,0,0.4279,,2,0,1,0,1.0,0
0.0786,60,0,0.4165,,5,0,1,0,0.0,0
0.5312,63,0,0.7714,3588.0,10,0,0,0,0.0,0
0.6319,60,0,0.5242,2056.0,6,0,0,0,0.0,0
7.4938,53,0,0.535,8693.0,11,0,1,0,1.0,0
0.6027,91,0,0.2651,21837.0,5,0,2,0,0.0,0
0.4049,42,0,0.6239,8856.0,10,0,1,0,1.0,0
0.0568,47,0,0.4686,4598.0,11,0,1,0,0.0,0
1.7886,53,0,0.2451,,8,0,0,0,0.0,1
0.637,61,0,0.3474,,8,0,1,0,,0
0.625,80,0,0.6375,7800.0,6,0,1,0,1.0,0
0.295,52,0,0.624,,6,0,2,0,0.0,0
0.4831,60,0,1.0183,10890.0,4,0,0,0,0.0,0
0.0099,57,0,0.1847,12917.0,6,0,3,0,2.0,0
2.8802,51,0,0.4174,4060.0,8,0,1,0,1.0,0
0.1232,69,1,0.148,6939.0,11,0,0,0,3.0,0
0.2023,58,0,0.622,4438.0,2,0,1,0,0.0,0
0.167,66,0,0.2189,2999.0,8,0,1,0,1.0,0
0.5829,48,0,0.2622,,8,0,0,0,2.0,0
0.4026,44,0,0.984,,10,0,0,0,0.0,0
1.026,47,0,0.1352,1120.0,12,0,1,0,1.0,0
0.1562,56,0,0.047,2365.0,11,0,0,0,0.0,0
0.7917,68,0,0.8783,7792.0,3,0,0,0,2.0,0
0.3289,81,0,0.747,,10,0,2,0,1.0,0
0.3296,54,2,0.3669,8890.0,7,0,0,0,0.0,0
0.8184,78,0,1.2103,4902.0,7,0,1,0,1.0,1
0.3918,61,0,0.8078,15572.0,10,0,0,0,1.0,0
0.1993,43,0,0.2656,1037.0,2,0,0,0,0.0,0
0.5458,54,0,0.6601,7536.0,7,0,0,0,0.0,0
0.0016,63,2,0.658,11571.0,3,0,1,1,0.0,0
0.7175,64,0,0.5588,6102.0,9,0,0,0,1.0,0
0.6785,45,0,0.5376,,10,0,1,0,1.0,0
0.2724,47,0,0.1392,2927.0,6,0,1,0,1.0,0
5.2403,47,0,0.3313,1946.0,13,0,0,0,0.0,0
3.9599,49,0,0.2085,6010.0,6,0,0,0,0.0,0
0.7295,56,0,0.0381,10139.0,8,0,1,0,0.0,0
0.069,78,0,0.7245,,8,0,0,0,1.0,0
0.5655,46,0,0.4301,14045.0,7,0,0,0,1.0,0
0.5343,29,0,0.3659,,10,0,3,0,2.0,0
2.0521,28,0,0.1614,6482.0,6,0,1,0,3.0,0
0.2423,63,0,0.1132,3736.0,2,0,1,0,0.0,0
0.0851,44,0,0.8945,1137.0,9,0,1,0,1.0,0
0.6692,56,0,0.4742,,7,0,3,0,0.0,1
0.8592,42,0,0.2061,2978.0,4,0,0,0,1.0,0
0.1908,50,0,0.1974,3724.0,8,0,2,0,0.0,0
0.4443,47,0,0.2235,7792.0,10,0,0,0,2.0,0
0.325,42,0,0.4461,5025.0,13,0,0,0,1.0,0
0.6373,69,1,0.0607,1292.0,9,0,1,2,1.0,0
2.1038,70,0,0.6831,7347.0,4,0,1,0,1.0,0
0.7067,61,0,0.6436,,10,0,3,0,3.0,0
0.4867,81,0,0.4041,9432.0,6,0,2,0,1.0,0
0.1777,34,0,0.1965,,6,0,1,0,0.0,0
0.188,49,0,0.5214,4038.0,8,0,2,0,2.0,0
0.5173,47,0,0.5769,4794.0,7,0,1,0,2.0,0
0.1773,62,0,0.6802,7665.0,7,0,2,0,0.0,0
0.1434,34,0,0.1537,2370.0,12,0,0,0,0.0,0
0.4419,61,0,0.156,3379.0,7,0,1,0,0.0,0
0.5504,32,0,0.888,,9,0,3,0,,0
0.3946,62,0,0.9263,,11,0,1,0,2.0,0
0.1543,68,0,0.9849,5804.0,4,0,3,0,0.0,0
0.0098,36,0,0.6421,3674.0,10,0,1,0,1.0,0
4.0534,47,0,0.8984,7498.0,6,0,0,0,1.0,0
0.7939,69,0,0.2833,12569.0,9,0,2,0,0.0,0
0.4108,71,0,0.6714,10280.0,7,0,1,0,0.0,0
1.5676,32,0,0.4701,10863.0,12,0,1,0,2.0,0
1.9205,57,0,0.3192,8416.0,7,0,0,0,1.0,0
0.4526,61,0,0.577,10576.0,8,0,0,0,4.0,0
0.452,52,0,0.5227,5008.0,3,0,1,0,1.0,0
2.366,72,2,0.2094,,7,2,2,0,0.0,0
1.8517,44,0,1.0986,3929.0,9,0,3,0,3.0,0
0.688,46,0,0.1299,,6,0,0,0,0.0,1
1.2728,43,0,0.3624,8181.0,7,0,2,0,0.0,1
0.0967,55,0,0.2415,,5,0,0,0,1.0,0
2.3478,48,0,0.7381,3944.0,10,0,2,0,0.0,0
2.259,64,0,0.4975,24332.0,6,0,0,0,0.0,0
1.0176,47,0,0.3502,3961.0,7,1,0,0,0.0,0
1.1254,50,0,0.6912,4145.0,6,0,1,0,0.0,0
0.6311,56,0,0.6422,8314.0,3,0,0,0,2.0,0
0.4042,41,0,0.0552,7419.0,8,0,1,0,0.0,1
0.0355,67,0,1.2032,3586.0,6,0,0,0,0.0,0
0.5193,62,0,0.3717,10073.0,8,0,1,0,2.0,1
0.4903,62,0,0.7929,,8,0,1,0,1.0,0
0.4149,38,0,0.5642,6525.0,10,0,1,0,1.0,0
0.42,74,0,0.5174,6633.0,11,0,0,0,0.0,0
0.9976,27,0,0.0753,,8,1,2,1,1.0,0
0.3325,63,0,0.1627,3111.0,3,0,0,0,1.0,0
0.4068,55,0,0.1696,5170.0,4,0,0,0,0.0,0
0.4582,62,0,0.1469,5623.0,7,0,1,0,1.0,0
0.1264,50,0,0.443,3559.0,11,0,0,0,0.0,0
0.0214,54,0,0.3551,9441.0,4,0,2,0,0.0,0
3.6142,63,0,0.7198,6277.0,4,0,2,0,1.0,0
0.8134,53,0,0.3277,4599.0,6,0,0,0,0.0,0
0.0307,56,0,0.6025,8418.0,11,0,1,0,2.0,0
0.614,56,0,0.1416,,6,0,4,0,1.0,0
0.0624,84,0,0.4823,3466.0,7,0,1,0,2.0,0
0.9156,30,0,0.3128,5330.0,5,0,0,0,0.0,0
0.1095,71,0,0.3352,4255.0,3,0,2,0,1.0,0
0.3893,59,0,0.4142,3749.0,9,0,0,0,2.0,0
0.0151,57,1,0.0772,7342.0,6,0,4,0,0.0,0
1.3631,35,0,0.0791,2132.0,6,0,3,0,2.0,0
1.7235,69,0,0.2794,5439.0,8,0,0,0,0.0,0
0.0642,37,0,0.4746,1976.0,10,0,1,0,0.0,0
0.1797,73,0,0.2723,4902.0,5,0,2,0,1.0,0
0.0937,45,0,0.4565,5817.0,8,0,0,0,1.0,0
0.0072,73,0,0.408,2395.0,6,0,0,0,1.0,0
0.1717,43,0,0.6148,,2,0,0,0,0.0,0
0.2834,40,0,0.3868,11424.0,9,0,0,0,0.0,1
0.6538,51,0,0.088,,8,0,0,0,0.0,0
0.4217,42,0,0.3409,,4,0,2,0,1.0,1
0.5768,49,0,0.5906,15500.0,10,0,2,0,0.0,0
0.3604,76,0,0.2479,,8,0,0,0,2.0,0
0.4912,45,0,0.6803,2141.0,10,0,0,0,0.0,0
1.136,55,0,0.7059,10063.0,7,0,3,0,0.0,0
0.2495,75,0,0.8817,2773.0,5,0,0,0,1.0,0
0.512,56,0,0.4092,6419.0,8,0,1,0,0.0,0
0.0395,69,0,0.1483,7865.0,8,0,3,0,2.0,1
0.3811,61,0,0.5792,5703.0,10,0,2,0,2.0,0
0.0921,67,0,0.975,8346.0,9,0,1,0,1.0,0
3.274,52,0,0.4941,6016.0,11,0,0,0,,0
0.9137,61,0,0.7176,7054.0,3,0,1,0,0.0,0
0.7614,78,0,0.6356,10449.0,7,0,2,0,1.0,0
0.4024,48,0,0.7416,3625.0,7,0,0,0,0.0,0
0.5298,59,0,0.573,1619.0,8,0,0,0,3.0,0
0.1256,43,0,0.682,,8,0,1,0,2.0,0
0.7374,67,0,0.1758,3181.0,6,0,0,0,0.0,0
0.549,29,0,0.4961,6179.0,9,0,1,0,3.0,0
1.2065,49,0,0.448,3383.0,11,0,1,0,0.0,0
0.7168,67,0,0.7732,1797.0,4,0,2,0,0.0,0
0.2239,51,2,0.7126,3976.0,12,0,4,0,2.0,0
1.0771,28,0,0.5693,,6,0,1,0,0.0,0
0.3019,42,0,0.4361,8875.0,13,0,0,0,0.0,0
0.4037,43,0,0.1398,4900.0,7,0,2,0,0.0,0
0.6371,75,0,0.3638,8891.0,7,0,2,0,1.0,0
0.0944,64,0,0.4016,9441.0,6,0,1,0,0.0,0
0.5173,65,0,0.8324,4009.0,7,0,0,0,1.0,1
0.2102,35,0,0.46,,13,0,1,0,2.0,0
0.323,53,0,0.685,4526.0,9,0,0,0,,0
0.455,74,0,0.3171,,7,0,0,0,2.0,0
0.6339,65,0,0.6122,8173.0,12,0,0,0,0.0,0
0.8121,46,0,0.5161,3496.0,10,0,2,0,0.0,0
0.0549,64,0,0.8727,3736.0,7,0,0,0,0.0,0
0.1906,35,0,0.7413,2982.0,8,0,1,0,3.0,0
1.4789,41,0,0.6752,8382.0,4,0,1,0,0.0,0
0.4886,26,0,0.7571,,12,0,0,0,1.0,0
0.5317,51,0,0.7071,4621.0,8,0,3,0,0.0,0
0.0552,62,0,0.5377,1899.0,4,0,1,0,2.0,0
0.1945,39,0,0.5247,8496.0,7,0,0,0,2.0,0
0.539,51,0,0.1304,2313.0,5,0,0,0,1.0,0
0.6469,41,0,0.3862,5272.0,6,0,0,0,1.0,0
0.4058,44,0,0.4218,3113.0,11,0,1,0,0.0,0
0.9744,38,0,0.6884,,10,0,0,0,0.0,1
0.2738,70,0,0.5792,5904.0,6,0,3,0,1.0,0
0.5086,43,0,0.7148,3772.0,8,0,0,0,1.0,0
0.1704,49,0,0.401,3614.0,10,0,1,0,2.0,0
1.0716,45,0,0.5403,,6,0,0,0,1.0,0
0.4356,57,0,0.6826,8665.0,6,0,1,0,0.0,0
3.6862,88,0,0.628,2893.0,6,0,2,0,3.0,0
0.0722,92,0,0.4814,,10,0,4,0,1.0,0
0.1972,50,0,0.1101,10467.0,8,0,1,0,0.0,0
2.2782,59,0,0.2801,8811.0,9,0,1,0,1.0,0
0.418,66,0,0.991,14046.0,3,0,3,0,0.0,0
0.01,70,0,0.28,4719.0,7,0,1,0,1.0,0
2.1173,62,0,0.3183,,8,0,0,0,0.0,0
0.2475,68,0,0.193,8629.0,11,0,0,0,0.0,0
0.0604,58,0,0.3168,,9,0,1,0,0.0,0
0.312,44,2,0.6285,9698.0,12,0,0,2,1.0,0
0.052,68,0,1.0171,3101.0,10,0,0,0,1.0,0
0.5381,55,0,0.4423,8133.0,5,0,1,0,0.0,0
0.3186,57,0,0.5527,4194.0,4,0,0,0,0.0,0
0.2673,34,0,1.0233,10273.0,6,0,1,0,2.0,0
0.8355,42,0,0.3659,3545.0,9,0,0,0,2.0,0
0.8934,47,0,0.5466,5089.0,7,0,1,0,4.0,0
0.5075,60,0,0.5181,,7,0,2,0,1.0,0
0.5058,78,0,0.7914,4079.0,12,0,1,0,0.0,1
1.1554,64,0,0.2684,7411.0,5,0,0,0,0.0,0
0.0371,50,0,0.1914,10652.0,7,0,1,0,0.0,0
0.8688,39,0,0.9367,4058.0,10,0,1,0,1.0,0
0.6182,70,0,0.3708,4188.0,6,0,3,0,1.0,0
0.2696,57,0,0.7266,15781.0,10,0,2,0,0.0,0
0.2691,21,0,0.6224,4890.0,12,0,1,0,2.0,0
0.0816,67,0,0.2475,11798.0,7,0,1,0,1.0,0
0.0135,58,0,0.7097,11225.0,4,0,2,0,0.0,0
0.1843,23,0,0.1581,,8,0,3,0,0.0,0
5.0901,61,2,0.5352,,7,1,2,1,1.0,0
0.2648,54,0,0.1953,6470.0,9,0,1,0,1.0,0
7.6232,34,0,0.2908,22099.0,9,0,0,0,1.0,0
0.1502,81,0,0.2918,14824.0,6,0,0,0,2.0,0
0.8262,59,0,0.1094,,13,0,0,0,2.0,1
0.7875,46,0,0.6634,9831.0,4,0,0,0,0.0,0
0.3438,42,0,0.6699,4136.0,8,0,1,0,2.0,0
0.9229,50,0,0.4942,2795.0,16,0,1,0,1.0,0
0.0338,50,0,0.3633,3885.0,4,0,2,0,2.0,0
0.2882,61,0,0.2309,3740.0,10,0,0,0,0.0,0
0.4038,49,0,0.3088,6696.0,3,0,3,0,1.0,0
0.2913,47,0,0.5071,,7,0,1,0,2.0,0
1.3546,55,0,0.6772,15119.0,4,0,1,0,0.0,0
0.0652,47,0,0.0631,6128.0,4,0,1,0,1.0,0
0.2055,51,0,0.5896,3349.0,7,0,4,0,0.0,0
0.4031,72,0,0.7693,7030.0,13,0,2,0,1.0,0
2.2853,46,0,0.5814,4754.0,1,0,1,0,2.0,0
0.0987,50,0,0.358,4621.0,6,0,2,0,1.0,0
0.8905,41,0,0.7375,5323.0,8,0,2,0,0.0,0
0.1834,67,0,0.3155,18051.0,11,0,2,0,1.0,0
1.3479,28,0,0.0501,,5,0,0,0,1.0,0
1.6999,40,0,0.4804,1830.0,7,0,1,0,0.0,1
0.2928,62,0,0.5647,2520.0,5,0,2,0,0.0,0
0.7825,50,0,0.2271,7513.0,4,0,2,0,0.0,0
0.0923,64,0,1.1854,7910.0,6,0,0,0,0.0,0
3.5244,49,0,0.4283,,8,0,2,0,2.0,0
2.811,43,0,0.3545,4156.0,9,0,1,0,1.0,0
0.274,50,0,0.5242,,10,0,2,0,2.0,0
0.6892,34,0,0.2483,3027.0,12,0,0,0,2.0,0
0.4107,40,0,0.6769,,11,0,0,0,1.0,0
0.42,65,0,0.4197,1797.0,10,0,2,0,0.0,0
0.279,48,0,0.3959,6396.0,8,0,2,0,2.0,0
0.187,52,0,0.3418,5086.0,12,0,0,0,0.0,0
4.3287,54,0,0.2071,,7,0,2,0,1.0,0
8.6082,30,0,0.6677,2378.0,6,0,1,0,1.0,1
0.4085,30,0,0.6463,10167.0,8,0,0,0,1.0,0
0.3691,57,0,0.1096,3882.0,6,0,2,0,0.0,0
0.1703,46,0,0.3214,,12,0,1,0,1.0,0
0.8009,49,0,0.0831,6228.0,12,0,0,0,2.0,0
0.4827,61,0,0.0842,3036.0,13,0,0,0,1.0,0
0.5754,39,0,0.7887,,6,0,1,0,0.0,0
0.4356,44,0,0.2058,5000.0,11,0,0,0,,0
0.3001,47,0,0.6763,6655.0,12,0,1,0,0.0,0
0.2853,57,0,0.8703,5257.0,8,0,1,0,0.0,0
0.0879,47,0,0.178,4075.0,6,0,0,0,3.0,0
0.3969,43,0,0.9003,3720.0,12,0,1,0,0.0,0
0.4564,76,0,0.4034,2257.0,8,0,1,0,0.0,1
3.2514,53,0,0.5082,4114.0,6,0,2,0,2.0,0
1.0607,61,3,0.458,,9,1,1,0,2.0,0
1.7377,27,0,0.4167,5917.0,5,0,0,0,0.0,0
0.1953,34,0,0.2511,10777.0,8,0,0,0,0.0,0
0.1927,60,0,1.2546,,3,0,0,0,1.0,0
0.3047,49,0,0.4637,,8,0,0,0,1.0,0
3.6181,47,0,0.9517,,7,0,0,0,1.0,0
0.8987,39,0,0.213,,6,0,0,0,0.0,0
0.4986,66,0,0.9936,2741.0,12,0,2,0,1.0,0
0.8762,61,1,0.8188,1863.0,7,0,0,0,0.0,0
0.0373,51,0,0.1931,,11,0,0,0,0.0,0
0.4918,55,0,0.199,1843.0,8,0,1,0,1.0,0
0.0896,48,0,0.4693,2660.0,10,0,0,0,0.0,0
0.0434,42,0,0.6092,,16,0,4,0,0.0,0
0.427,45,0,0.9656,7482.0,6,0,0,0,0.0,0
0.5511,63,0,0.9123,,9,0,0,0,1.0,0
0.9887,46,0,0.5779,1941.0,7,0,0,0,0.0,0
3.3472,53,0,0.5786,7548.0,4,0,0,0,2.0,0
0.3576,46,0,0.4162,5997.0,6,0,0,0,,1
0.2832,65,0,1.1183,5241.0,13,0,2,0,1.0,0
0.5781,43,0,0.8473,5041.0,4,0,1,0,0.0,0
0.1708,73,0,0.1435,11844.0,10,0,1,0,2.0,0
0.109,44,2,0.8542,,12,0,2,0,1.0,0
0.1478,44,0,1.0418,,7,0,0,0,1.0,0
0.3683,80,0,0.3854,3607.0,6,0,3,0,0.0,0
0.3597,37,0,0.584,4401.0,8,0,2,0,3.0,0
0.0976,51,0,0.1656,,8,0,0,0,0.0,0
0.2778,66,0,0.9755,23050.0,7,0,0,0,2.0,0
1.6296,30,0,0.9032,4244.0,7,0,0,0,1.0,0
0.4133,56,0,0.175,8181.0,11,0,0,0,0.0,0
0.4233,30,0,0.3011,,6,0,2,0,0.0,0
0.4178,53,0,0.3774,5551.0,12,0,1,0,1.0,0
0.333,81,0,0.2533,9504.0,7,0,1,0,1.0,0
0.9348,21,0,0.4011,,8,0,2,0,2.0,0
0.0823,51,0,0.2193,,6,0,1,0,0.0,0
0.5506,46,0,0.9127,4989.0,12,0,2,0,0.0,1
0.7289,38,0,0.4889,5821.0,4,0,0,0,1.0,0
0.7036,31,0,0.1074,26760.0,8,0,0,0,1.0,0
0.7135,67,0,0.8104,3218.0,8,0,1,0,0.0,0
0.0458,55,0,0.7733,3010.0,8,0,2,0,2.0,0
0.3795,26,0,0.5988,3350.0,8,0,2,0,0.0,0
0.5687,39,0,0.3482,,6,0,0,0,0.0,0
4.0183,44,0,0.8668,6792.0,9,0,2,0,1.0,0
0.4397,30,0,0.3241,13594.0,12,0,0,0,,0
0.0896,53,0,0.3429,6660.0,8,0,0,0,1.0,0
0.013,56,0,0.5646,19518.0,4,0,0,0,0.0,0
0.6324,55,0,0.466,1644.0,6,0,2,0,0.0,0
0.1169,80,0,0.2622,3696.0,8,0,0,0,1.0,0
0.3636,39,0,0.3971,,11,0,1,0,0.0,0
0.5906,45,0,1.0166,3079.0,7,0,1,0,2.0,0
2.1188,45,0,0.7667,6155.0,9,0,2,0,1.0,0
0.1902,64,0,0.7923,11316.0,5,0,3,0,0.0,0
0.6596,62,0,0.11,7092.0,4,0,1,0,1.0,0
0.9338,36,0,0.4,,9,0,0,0,1.0,0
0.2472,72,0,0.1379,2571.0,7,0,1,0,3.0,0
0.3356,39,0,0.5457,2553.0,5,0,2,0,0.0,0
0.2374,64,0,0.7337,3591.0,9,0,1,0,1.0,0
0.4705,63,0,0.6855,10054.0,7,0,0,0,1.0,0
2.155,58,0,1.1568,4407.0,6,0,2,0,1.0,1
0.5436,47,0,0.7611,5167.0,8,0,1,0,1.0,0
0.1684,48,0,0.4342,,14,0,3,0,0.0,0
0.5659,59,0,0.3106,3867.0,8,0,0,0,1.0,0
0.3292,59,0,0.8847,10606.0,5,0,0,0,0.0,0
0.6498,62,0,0.6344,13404.0,11,0,0,0,1.0,0
0.1357,62,0,0.26,2558.0,10,0,1,0,0.0,0
0.5888,57,0,0.5703,5621.0,10,0,0,0,0.0,0
0.1333,72,0,0.8338,3076.0,8,0,1,0,2.0,0
0.4635,44,0,1.1434,6649.0,9,0,0,0,0.0,0
0.0805,53,0,0.6206,10531.0,10,0,1,0,0.0,0
0.3451,44,0,0.695,,4,0,0,0,0.0,0
0.0421,86,0,0.4411,3226.0,9,0,1,0,0.0,0
0.6046,63,0,1.2003,3881.0,9,0,2,0,1.0,0
0.2795,66,0,0.2006,3750.0,13,0,0,0,1.0,0
0.1078,58,0,0.1727,4414.0,7,0,0,0,2.0,0
0.9165,51,0,0.7075,7843.0,6,0,0,0,1.0,0
0.8798,89,0,0.5033,9287.0,4,0,0,0,2.0,0
0.0706,69,0,0.5839,,3,0,0,0,1.0,0
0.889,48,0,0.5436,6320.0,9,0,0,0,2.0,0
0.7866,48,0,0.5264,2332.0,9,0,1,0,0.0,0
0.3891,55,0,0.269,3302.0,8,0,0,0,0.0,0
0.2777,44,0,0.4725,3305.0,9,0,1,0,1.0,0
0.3935,47,0,0.6535,15662.0,10,0,0,0,1.0,0
0.5089,31,0,0.7201,9341.0,9,0,1,0,2.0,0
0.9155,21,0,0.9972,,11,0,2,0,0.0,0
0.0123,80,0,0.3611,11242.0,8,0,2,0,0.0,0
0.213,45,0,0.1047,,13,0,2,0,0.0,0
7.9364,48,0,0.4764,5600.0,10,0,2,0,0.0,0
0.6345,53,0,0.4488,5385.0,5,0,1,0,0.0,0
0.022,62,0,0.3436,11434.0,10,0,1,0,0.0,0
1.2813,63,0,0.2755,,11,0,0,0,0.0,0
0.1442,66,0,0.0986,2540.0,12,0,0,0,0.0,0
0.4662,60,0,0.1967,14204.0,12,0,0,0,0.0,0
0.5885,48,1,0.2377,3592.0,7,0,1,0,0.0,0
0.3264,70,0,0.1868,7189.0,7,0,1,0,4.0,0
0.5181,50,0,0.4275,3772.0,10,0,0,0,,0
0.3239,66,0,0.5188,4396.0,12,0,1,0,4.0,0
0.2729,30,0,0.8009,3097.0,5,0,0,0,2.0,0
1.0926,70,0,0.2865,,8,0,3,0,0.0,1
1.1222,40,0,0.7361,5079.0,4,0,1,0,0.0,0
0.303,32,0,0.3702,1339.0,6,0,0,0,0.0,0
0.4411,34,0,0.325,,5,0,1,0,0.0,0
0.1668,55,0,0.5129,6867.0,7,0,0,0,1.0,0
0.3358,84,0,0.3664,4246.0,3,0,2,0,2.0,0
0.2056,49,0,0.2247,5371.0,7,0,1,0,1.0,0
0.7885,50,0,0.1967,1643.0,2,0,0,0,1.0,0
0.0527,63,0,0.2828,7239.0,12,0,1,0,1.0,0
0.2963,44,0,0.4285,9308.0,5,0,0,0,0.0,1
0.485,50,0,0.3238,4149.0,8,0,1,0,2.0,0
0.1553,47,0,0.5193,3716.0,4,0,0,0,0.0,0
0.9023,80,0,0.2782,5887.0,4,0,1,0,2.0,0
0.7351,53,0,0.3861,,11,0,0,0,1.0,0
0.4015,62,0,0.2522,3159.0,5,0,0,0,4.0,0
0.0447,42,0,0.099,,10,0,1,0,1.0,0
1.1296,36,1,0.309,2684.0,9,0,1,0,1.0,0
0.0498,61,0,0.6884,6576.0,8,0,1,0,0.0,0
0.5002,56,0,0.2231,4367.0,10,0,3,0,0.0,1
0.4241,66,0,1.0126,8457.0,11,0,2,0,0.0,0
0.2484,40,0,0.3659,7513.0,13,0,2,0,1.0,0
1.8426,51,0,0.7234,6530.0,7,0,0,0,1.0,0
0.332,34,0,0.6276,1510.0,16,0,0,0,0.0,0
1.8857,45,0,0.2051,7768.0,9,0,0,0,1.0,0
0.5841,32,0,0.6622,11106.0,7,0,1,0,0.0,0
0.5983,48,0,0.3801,4034.0,12,0,2,0,2.0,0
0.5285,70,0,0.6947,5422.0,8,0,0,0,0.0,0
0.1963,40,0,0.143,7058.0,4,0,1,0,0.0,0
0.4721,40,0,0.238,1644.0,6,0,0,0,0.0,0
0.8693,50,0,0.4271,23445.0,13,0,0,0,0.0,1
0.288,49,0,0.1921,5087.0,9,0,1,0,0.0,0
0.8048,63,0,0.6663,5030.0,6,0,3,0,,0
0.224,34,0,0.4916,1979.0,6,0,0,0,2.0,0
0.6844,21,0,0.3538,9580.0,8,0,3,0,1.0,0
0.6847,53,0,0.6353,3217.0,8,0,3,0,0.0,0
0.7835,76,0,0.1639,,8,0,1,0,,1
0.5602,49,0,0.4788,4698.0,6,0,3,0,1.0,0
0.9989,58,0,0.9474,6652.0,7,0,0,0,3.0,0
0.477,51,0,0.5261,1567.0,6,0,1,0,1.0,0
0.1095,62,0,0.2915,,8,0,1,0,0.0,0
0.3067,48,0,0.5195,,8,0,1,0,2.0,0
0.1636,51,0,0.0803,10588.0,11,0,0,0,1.0,0
2.322,75,0,0.2865,3491.0,3,0,1,0,0.0,0
0.4538,68,0,0.5666,,8,0,2,0,0.0,0
0.603,42,0,0.1062,739.0,6,0,2,0,0.0,1
4.5815,43,0,0.2385,5573.0,8,0,0,0,1.0,0
1.5419,44,0,0.1263,2820.0,4,0,1,0,1.0,0
0.1995,36,0,0.1765,7478.0,11,0,0,0,1.0,0
0.18,44,0,0.7048,,14,0,2,0,3.0,0
2.2487,50,0,0.8124,6467.0,9,0,3,0,0.0,0
0.3816,41,0,0.6294,6100.0,4,0,0,0,2.0,0
0.2784,59,0,0.7948,3035.0,10,0,2,0,0.0,0
0.4786,29,0,0.9413,,12,0,0,0,2.0,0
0.3593,35,0,0.3636,9579.0,7,0,3,0,,0
0.7056,61,0,0.3929,9663.0,4,0,3,0,1.0,0
3.4609,79,0,0.6269,,4,0,3,0,2.0,0
0.6893,56,0,0.5274,7058.0,10,0,0,0,1.0,0
0.6151,40,0,0.2098,,6,0,1,0,1.0,0
0.3993,36,0,0.5082,2400.0,7,0,0,0,0.0,0
0.4606,47,0,0.1813,2493.0,9,0,0,0,0.0,0
0.0804,70,0,0.6266,3430.0,9,0,1,0,0.0,0
0.2314,59,0,0.1709,6012.0,12,0,3,0,0.0,0
1.0611,35,0,0.1419,,7,0,1,0,0.0,1
0.4297,57,0,0.1363,,5,0,1,0,0.0,0
0.054,72,0,0.4838,12322.0,9,0,1,0,1.0,0
0.0149,69,0,0.1418,9292.0,11,0,0,0,0.0,1
0.4664,71,0,0.4131,2514.0,16,0,0,0,0.0,0
0.3226,63,0,0.2774,13566.0,6,0,0,0,0.0,0
0.4013,34,0,0.2154,3975.0,6,0,0,0,0.0,0
0.3486,41,1,0.5465,1366.0,7,0,0,0,0.0,0
0.4529,76,0,0.6841,3571.0,14,0,2,0,0.0,0
0.0481,47,0,0.5225,9872.0,9,0,0,0,1.0,0
0.0485,25,0,0.3231,12775.0,9,0,2,0,2.0,0
0.5768,60,0,1.1051,8528.0,8,0,1,0,0.0,0
0.0757,67,0,1.3093,14498.0,14,0,1,0,0.0,0
0.8292,51,0,0.263,8828.0,5,0,2,0,0.0,0
0.7434,60,0,0.1004,5367.0,8,0,2,0,2.0,0
0.152,40,0,0.4235,4545.0,2,0,2,0,2.0,0
0.5675,45,0,0.4125,,9,0,0,0,1.0,0
0.0369,27,0,0.2956,,6,0,3,0,0.0,0
0.0751,37,0,0.1124,6634.0,10,0,0,0,0.0,0
0.3912,72,0,0.4619,4046.0,7,0,1,0,1.0,0
0.2881,21,0,0.4243,9863.0,12,0,0,0,1.0,0
0.628,47,0,0.7424,3030.0,3,0,1,0,0.0,0
0.2492,45,0,0.578,,9,0,0,0,1.0,0
0.6662,60,0,0.6328,12744.0,8,0,2,0,1.0,0
0.1628,22,0,0.4174,8731.0,12,0,0,0,3.0,0
0.2851,41,0,0.2599,9116.0,10,0,0,0,0.0,0
2.8425,44,0,0.3053,,4,0,2,0,2.0,0
0.3702,58,3,0.3481,7548.0,8,0,0,1,0.0,0
0.1539,52,0,0.2806,16062.0,8,0,0,0,1.0,0
4.1763,29,0,0.6904,4857.0,4,0,0,0,1.0,0
0.1256,47,0,0.756,3597.0,9,0,1,0,1.0,0
0.1471,41,0,0.6472,,12,0,0,0,3.0,0
1.4217,58,0,0.1134,6296.0,8,0,1,0,1.0,0
0.2106,49,0,0.3582,5926.0,4,0,0,0,1.0,0
0.4401,76,0,0.356,,8,0,2,0,0.0,0
0.5251,43,0,0.6541,2257.0,7,0,0,0,2.0,0
1.0383,44,0,0.7029,3651.0,6,0,2,0,1.0,0
0.9493,45,0,0.1915,7377.0,7,0,1,0,2.0,0
0.3305,49,0,0.2266,,5,0,0,0,1.0,0
0.0078,64,0,0.737,8864.0,10,0,1,0,0.0,0
0.1546,46,0,0.4986,2553.0,8,0,0,0,2.0,0
0.1526,46,0,0.0754,,3,0,2,0,0.0,0
3.1012,57,0,0.418,6430.0,9,0,2,0,0.0,0
7.2747,39,0,0.661,,4,0,0,0,2.0,0
0.8115,61,0,0.1596,,9,0,2,0,2.0,1
1.0135,47,0,0.1728,32721.0,10,0,1,0,0.0,0
0.0153,39,0,0.3343,1955.0,11,0,0,0,0.0,0
0.3477,26,0,0.7696,12039.0,13,0,0,0,0.0,0
1.1512,37,0,0.4079,,7,0,1,0,1.0,0
0.2256,49,0,0.854,,7,0,0,0,0.0,0
0.6197,51,0,0.3085,2240.0,6,0,0,0,0.0,0
1.4467,48,0,0.445,3118.0,11,0,0,0,1.0,0
5.9703,31,0,0.5937,,6,0,1,0,0.0,1
0.0051,49,0,0.9895,6647.0,5,0,1,0,2.0,0
0.5705,30,0,0.2888,5717.0,10,0,0,0,1.0,0
0.2991,34,0,0.3858,4946.0,5,0,0,0,0.0,0
0.2459,67,0,0.3077,,6,0,0,0,2.0,0
0.3908,50,0,0.4763,7359.0,11,0,1,0,1.0,0
4.0411,58,0,0.332,6269.0,8,0,0,0,1.0,0
0.1341,72,0,0.6109,4212.0,1,0,1,0,0.0,0
0.2267,51,0,0.275,,15,0,2,0,0.0,0
0.5389,65,0,0.7097,2958.0,11,0,4,0,1.0,0
0.1805,57,0,0.0288,,6,0,0,0,1.0,0
0.0212,41,0,0.4094,5700.0,7,0,3,0,1.0,0
0.0099,50,0,0.5904,15583.0,13,0,2,0,0.0,0
0.0026,41,0,0.0649,3904.0,11,0,1,0,0.0,0
0.1614,60,0,0.2139,9015.0,8,0,0,0,3.0,0
0.218,66,0,1.0988,16270.0,12,0,0,0,1.0,0
1.5579,32,0,0.7686,6313.0,12,0,1,0,0.0,0
0.2156,39,0,0.1356,3921.0,6,0,2,0,1.0,0
0.2079,47,0,0.811,10903.0,10,0,1,0,0.0,0
0.6307,40,0,0.4051,4387.0,8,0,0,0,1.0,0
0.588,48,0,0.1264,12177.0,9,0,0,0,0.0,0
3.2376,57,0,0.4636,5618.0,8,0,2,0,0.0,0
3.3868,70,0,0.7053,5645.0,9,0,1,0,2.0,0
0.0479,44,0,0.6419,2002.0,8,0,1,0,1.0,0
0.4593,44,0,0.1273,2293.0,5,0,1,0,1.0,1
0.1277,57,0,0.495,,11,0,0,0,0.0,0
0.1448,51,0,0.5277,7759.0,2,0,0,0,1.0,0
1.1331,30,0,0.4609,3472.0,9,0,0,0,0.0,0
0.3348,39,0,0.43,3379.0,7,0,1,0,0.0,0
0.3809,47,0,0.8533,5192.0,10,0,1,0,0.0,0
0.1282,62,0,0.5899,,10,0,0,0,1.0,0
2.2435,67,0,0.7099,2694.0,9,0,1,0,1.0,0
0.3432,37,0,0.7143,4917.0,6,0,2,0,0.0,0
0.7033,41,0,0.5336,6116.0,3,0,0,0,2.0,0
0.0212,64,0,0.8795,,7,0,2,0,2.0,0
0.5762,45,0,0.3364,2896.0,5,0,1,0,0.0,0
0.4461,56,0,0.0622,,9,0,2,0,0.0,0
0.0806,49,0,0.941,4834.0,13,0,1,0,0.0,0
0.0244,52,0,0.6477,2468.0,9,0,0,0,0.0,0
1.1431,46,3,0.9345,8025.0,8,1,2,0,0.0,0
0.2182,67,0,0.65,6510.0,5,0,2,0,0.0,0
1.9121,30,1,0.23,11230.0,9,1,2,0,1.0,0
0.551,46,0,0.381,4575.0,12,0,0,0,3.0,0
0.5412,66,0,0.2922,2956.0,7,0,2,0,0.0,0
0.0631,48,0,0.6675,7354.0,7,0,0,0,0.0,0
0.3683,50,0,0.5587,5791.0,9,0,0,0,1.0,0
0.3977,65,0,0.3406,14986.0,14,0,2,0,0.0,0
0.6932,58,0,0.2761,4151.0,9,0,2,0,1.0,0
1.1318,63,0,0.6458,4001.0,4,0,1,0,0.0,0
1.0066,68,0,0.6572,10572.0,7,0,1,0,1.0,0
0.5812,31,0,0.4156,6658.0,8,0,0,0,0.0,0
0.2326,45,0,0.2407,8794.0,7,0,2,0,0.0,0
0.2134,40,0,0.8419,2508.0,5,0,1,0,,0
2.9671,56,0,0.3728,10202.0,7,0,1,0,0.0,0
0.2486,66,0,0.3786,4970.0,11,0,0,0,3.0,0
0.4088,21,0,0.7144,8447.0,7,0,4,0,0.0,0
0.4697,29,0,0.544,4884.0,11,0,2,0,2.0,0
8.3852,22,0,0.9683,3092.0,13,0,0,0,0.0,1
0.4807,39,0,0.2048,1976.0,8,0,1,0,2.0,0
0.5228,52,0,0.082,8612.0,5,0,2,0,,0
0.2945,74,0,0.438,13348.0,8,0,0,0,0.0,0
0.2611,33,0,0.4593,1951.0,7,0,0,0,0.0,0
0.0441,84,0,0.1207,9328.0,12,0,1,0,1.0,0
0.0083,58,0,0.0592,3511.0,9,0,0,0,1.0,0
0.2993,59,0,0.7125,6961.0,10,0,0,0,1.0,0
0.161,61,0,1.0369,6544.0,6,0,0,0,0.0,0
0.4069,31,0,0.0621,5646.0,6,0,0,0,0.0,0
0.1114,42,0,0.495,1112.0,7,0,2,0,0.0,0
2.006,36,0,0.6129,,6,0,2,0,0.0,0
0.3178,60,0,0.5091,10817.0,9,0,1,0,1.0,0
0.5644,38,0,0.4393,6942.0,7,0,1,0,1.0,0
0.0871,48,0,0.0942,13249.0,8,0,2,0,0.0,0
1.1157,41,0,0.4561,5439.0,4,0,0,0,1.0,0
0.5804,71,0,0.4283,2216.0,6,0,0,0,0.0,0
0.3646,42,0,0.8413,,8,0,1,0,2.0,0
0.3589,35,0,0.8089,11221.0,7,0,0,0,0.0,0
0.122,57,0,0.7043,8006.0,5,0,0,0,1.0,0
0.6079,50,0,0.7661,9599.0,7,0,0,0,0.0,0
0.0321,70,0,0.4097,,7,0,0,0,1.0,0
0.2959,55,0,0.4559,8746.0,9,0,0,0,0.0,0
0.3669,54,2,0.6327,,14,0,1,0,0.0,0
0.2113,63,0,0.1242,5077.0,7,0,0,0,1.0,0
0.6299,57,0,0.342,3117.0,6,0,0,0,0.0,0
1.0849,62,2,0.3645,4463.0,5,0,2,0,1.0,0
0.0225,61,2,0.6023,7657.0,10,0,2,0,1.0,0
0.9718,46,0,0.3104,6436.0,8,0,1,0,3.0,0
0.3998,34,1,0.3208,3652.0,9,0,0,1,0.0,0
0.2337,48,0,0.3277,3648.0,10,0,0,0,2.0,0
0.4737,23,0,0.382,11748.0,10,0,1,0,0.0,0
1.7114,40,0,0.6074,10977.0,10,0,0,0,,0
0.8252,45,0,0.3856,2628.0,11,0,2,0,0.0,0
0.4198,69,0,0.6633,17334.0,11,0,3,0,1.0,0
4.4082,48,0,0.3142,13459.0,9,0,0,0,1.0,0
0.2926,75,0,0.1984,4448.0,7,0,1,0,1.0,0
0.1124,57,0,0.6271,2267.0,8,0,1,0,0.0,0
0.1,28,0,0.4734,5640.0,13,0,0,0,3.0,0
0.0366,67,0,0.3449,3375.0,9,0,0,0,2.0,0
0.0467,65,0,0.7481,6346.0,10,0,1,0,0.0,0
0.36,27,0,1.1389,2687.0,8,0,0,0,2.0,0
0.0237,61,0,0.1011,8339.0,11,0,1,0,0.0,0
0.0471,71,0,0.4476,2535.0,7,0,2,0,1.0,0
0.419,21,0,0.5325,7675.0,13,0,0,0,,0
0.57,36,0,0.6416,3404.0,6,0,1,0,,0
1.2428,64,0,0.9344,,9,0,1,0,0.0,1
5.1083,48,0,0.3091,,6,0,1,0,0.0,0
0.7619,71,0,0.3864,4982.0,4,0,1,0,1.0,0
0.4484,64,0,0.5754,4597.0,10,0,0,0,1.0,0
1.4556,62,1,1.3939,2208.0,5,0,3,0,,0
0.4348,67,0,0.3527,,7,0,2,0,0.0,0
0.7011,39,0,1.3683,,8,0,1,0,2.0,0
0.1805,46,0,0.2268,1773.0,9,0,2,0,0.0,0
1.0703,78,0,0.3078,,8,0,2,0,2.0,1
0.2745,46,0,0.245,8272.0,7,0,1,0,0.0,0
0.8472,66,0,0.5406,7217.0,10,0,2,0,3.0,0
0.6643,48,0,0.6236,3640.0,5,0,1,0,0.0,0
0.8474,40,0,0.4458,3825.0,11,0,1,0,2.0,0
0.1206,37,2,0.1921,3451.0,7,0,3,0,3.0,0
0.7345,59,0,0.3121,11867.0,13,0,0,0,3.0,0
0.1249,69,0,0.2668,3966.0,5,0,1,0,0.0,0
0.9622,58,0,0.5224,10547.0,11,0,1,0,1.0,0
0.2427,54,0,0.4848,9172.0,3,0,2,0,1.0,0
1.2152,35,0,0.1242,2233.0,16,0,0,0,,0
0.186,51,0,0.5377,,5,0,0,0,,0
0.2393,53,0,0.6363,3203.0,9,0,0,0,0.0,0
3.9037,39,0,0.2512,5615.0,6,0,2,0,0.0,0
0.3341,57,0,0.4529,,2,0,1,0,0.0,0
0.5204,41,0,0.0473,5078.0,6,0,1,0,1.0,0
0.1635,45,0,0.1398,3558.0,9,0,1,0,2.0,0
0.8674,62,0,0.1131,,9,0,2,0,0.0,0
0.37,73,0,0.6126,5959.0,6,0,2,0,0.0,0
1.6323,72,2,0.6132,,3,0,1,0,3.0,0
0.3044,49,3,0.4475,4273.0,8,0,1,1,1.0,0
0.8815,59,0,0.3043,1240.0,11,0,2,0,4.0,0
1.1268,60,0,0.8173,4350.0,4,0,0,0,1.0,0
0.5669,60,0,0.4429,,9,0,1,0,0.0,0
0.269,53,0,0.1712,2293.0,13,0,1,0,1.0,0
0.7718,69,0,0.468,6108.0,14,0,1,0,0.0,0
0.0268,42,0,0.2633,2750.0,9,0,1,0,3.0,0
0.3866,35,0,0.5623,,3,0,0,0,2.0,0
2.648,56,0,0.6771,9658.0,8,0,0,0,4.0,0
0.1563,47,0,0.7233,4836.0,11,0,2,0,,0
2.4964,78,0,0.4944,10239.0,8,0,0,0,0.0,0
0.2891,44,0,1.0139,6733.0,8,0,2,0,1.0,0
1.6248,65,0,0.7601,5692.0,4,0,2,0,1.0,0
0.7388,58,0,0.366,8892.0,12,0,0,0,0.0,0
0.3038,31,0,0.7006,5215.0,8,0,0,0,0.0,0
0.2609,59,0,0.4188,2898.0,10,0,2,0,0.0,0
0.9003,42,0,0.5142,4238.0,7,0,2,0,1.0,0
0.6138,85,0,0.5824,19812.0,11,0,3,0,0.0,0
0.6231,40,0,0.3412,3151.0,8,0,1,0,0.0,0
6.8419,38,0,0.6253,,6,0,3,0,1.0,0
0.7396,21,0,0.714,14074.0,7,0,1,0,0.0,0
0.5621,40,3,0.3929,,5,0,1,0,0.0,0
0.2004,61,0,0.1205,11328.0,11,0,1,0,0.0,0
0.6581,37,0,0.8762,3502.0,9,0,1,0,1.0,0
0.0615,58,1,0.5865,4268.0,9,0,1,0,1.0,0
9.2633,55,0,0.4787,3429.0,9,0,1,0,0.0,0
0.5118,37,0,0.5156,2413.0,10,0,3,0,3.0,0
0.1792,49,0,0.5165,,8,0,1,0,2.0,0
0.082,38,0,0.3287,1615.0,13,0,2,0,1.0,0
0.7136,63,0,0.2863,970.0,11,0,2,0,1.0,0
0.6174,25,0,0.5491,4606.0,7,0,0,0,0.0,1
0.0786,61,0,0.8577,6742.0,9,0,1,0,1.0,0
0.0503,41,0,0.6494,3660.0,20,0,0,0,1.0,0
0.0715,53,0,0.3733,3477.0,5,0,1,0,0.0,0
0.0163,57,0,0.7097,6910.0,6,0,4,0,3.0,0
0.3367,53,0,0.7079,9559.0,7,0,0,0,2.0,0
0.2627,80,1,0.3192,7294.0,6,0,0,1,1.0,0
0.2676,45,0,0.5213,,14,0,0,0,0.0,0
0.6206,32,0,0.2114,11117.0,9,0,0,0,0.0,0
0.2876,81,0,0.4286,,9,0,1,0,0.0,0
0.4267,56,0,0.3139,16221.0,10,0,0,0,1.0,0
0.7841,53,0,0.4465,7724.0,8,0,1,0,0.0,0
0.1677,82,0,0.5537,,6,0,0,0,0.0,0
0.2977,33,0,1.0126,5540.0,5,0,1,0,1.0,0
0.2245,50,0,0.5494,4290.0,4,0,0,0,0.0,0
0.5702,36,0,0.4074,8722.0,9,0,1,0,1.0,0
0.1235,50,0,0.0979,1820.0,7,0,0,0,0.0,0
0.1736,31,0,0.5173,1878.0,4,0,2,0,0.0,0
0.388,52,0,0.2553,21174.0,9,0,1,0,0.0,0
0.3667,51,0,0.3083,5234.0,7,0,1,0,0.0,0
3.8805,51,0,0.3065,10469.0,6,0,0,0,1.0,0
0.6423,21,0,0.4812,4728.0,10,0,0,0,2.0,0
0.038,62,0,0.4342,,6,0,0,0,0.0,0
0.1159,48,1,1.2987,8170.0,6,0,1,0,,0
2.4303,88,0,0.4068,7221.0,8,0,0,0,1.0,0
0.3659,45,0,0.2302,3736.0,7,0,1,0,0.0,0
0.0733,42,0,0.3045,3305.0,10,0,3,0,0.0,0
1.5967,53,0,0.8543,6240.0,9,0,0,0,1.0,0
1.2331,34,0,0.1641,,8,0,0,0,1.0,0
0.9422,68,1,0.2837,7368.0,4,0,1,1,0.0,0
0.0649,38,0,0.3089,11899.0,16,0,1,0,2.0,0
4.2173,40,0,0.3938,7088.0,10,0,3,0,0.0,0
0.2025,63,0,0.1486,12178.0,8,0,1,0,0.0,0
0.4474,55,0,0.6355,2959.0,9,0,0,0,1.0,0
0.0445,55,0,0.128,15934.0,11,0,0,0,0.0,0
0.7314,33,0,0.1339,8712.0,8,0,0,0,0.0,0
0.1034,66,1,0.3467,13072.0,3,0,3,0,2.0,0
0.518,38,0,0.3526,2611.0,9,0,0,0,3.0,0
0.6186,28,2,0.2363,,5,0,2,0,1.0,0
0.275,57,0,0.3315,1666.0,6,0,2,0,0.0,0
1.2727,49,0,0.2267,,3,0,2,0,0.0,0
0.2293,49,0,0.6372,,15,0,0,0,1.0,0
0.0661,61,0,0.5324,14795.0,8,0,1,0,0.0,0
0.5426,48,0,0.2137,1515.0,4,0,0,0,0.0,0
0.757,28,0,0.381,,4,0,1,0,0.0,0
0.3519,47,0,0.5207,,10,0,2,0,4.0,0
0.3426,56,0,0.1969,1782.0,12,0,0,0,1.0,0
0.3517,54,0,0.1019,,12,0,0,0,0.0,0
0.3354,49,0,0.535,5041.0,5,0,0,0,2.0,0
0.2921,86,0,0.6968,19455.0,5,0,1,0,0.0,0
0.7964,75,0,0.421,9245.0,7,0,0,0,0.0,1
0.4398,35,0,0.2663,5340.0,5,0,1,0,2.0,0
0.8203,33,0,0.1301,11645.0,9,0,0,0,1.0,0
0.3359,71,0,1.0703,2906.0,7,0,1,0,1.0,0
0.0657,67,0,0.4579,4114.0,8,0,1,0,1.0,0
0.2854,73,0,0.5489,3847.0,8,0,2,0,1.0,0
0.1595,46,0,0.7509,,10,0,0,0,0.0,0
0.3234,50,0,0.8283,8081.0,7,0,0,0,1.0,0
0.0214,27,0,0.2427,11002.0,11,0,3,0,2.0,0
0.2211,54,0,0.2175,,6,0,0,0,1.0,0
0.586,43,0,0.5491,2367.0,14,0,0,0,1.0,0
3.9738,41,0,0.3464,4130.0,5,0,4,0,1.0,0
0.1632,65,0,0.4521,4654.0,8,0,3,0,1.0,0
0.3453,50,0,0.6446,9184.0,7,0,1,0,3.0,0
0.0971,64,0,0.815,10938.0,10,0,1,0,1.0,0
0.3406,50,0,0.4378,4415.0,8,0,0,0,1.0,0
0.3701,60,0,0.2658,2073.0,11,0,3,0,2.0,0
0.25,34,0,0.5421,4861.0,8,0,1,0,0.0,0
0.4769,38,0,0.1366,8264.0,4,0,1,0,1.0,0
0.2524,58,0,0.6893,1333.0,13,0,0,0,0.0,0
0.4804,76,0,0.9563,,9,0,1,0,0.0,0
0.389,59,0,0.1705,6607.0,14,0,3,0,2.0,0
0.4353,52,0,0.3476,2716.0,10,0,2,0,2.0,0
0.0942,73,3,0.5557,,12,0,2,1,0.0,0
1.6914,49,0,0.1825,13237.0,10,0,2,0,1.0,0
0.5137,41,0,0.8527,9063.0,7,0,3,0,1.0,0
0.3575,52,0,0.6791,10937.0,12,0,2,0,0.0,0
0.9639,57,0,0.1434,10009.0,5,0,0,0,1.0,0
0.3249,34,0,0.1625,,8,0,0,0,1.0,0
0.3342,54,0,0.3259,4586.0,6,0,1,0,1.0,0
0.1443,28,0,0.8529,7220.0,10,0,2,0,0.0,0
0.702,48,0,0.518,3474.0,12,0,1,0,0.0,0
2.4967,50,0,0.3687,3803.0,11,0,2,0,1.0,0
0.6542,52,0,0.8093,8553.0,8,0,0,0,3.0,0
0.6252,25,2,0.6651,2384.0,7,0,1,0,2.0,0
0.1088,53,0,0.4082,4521.0,8,0,1,0,0.0,0
0.8911,64,0,0.0957,9763.0,11,0,0,0,1.0,0
0.6206,72,0,0.4792,5248.0,13,0,1,0,1.0,0
0.487,72,0,0.2151,7509.0,12,0,0,0,1.0,0
0.0429,52,0,0.3289,6519.0,9,0,0,0,2.0,0
0.4025,87,0,0.693,12719.0,5,0,0,0,1.0,0
3.6722,41,0,0.2866,,6,0,2,0,0.0,0
0.2446,42,0,0.5996,2806.0,7,0,2,0,2.0,0
0.8037,52,0,0.4369,3218.0,9,0,1,0,1.0,0
0.0485,64,2,0.6804,2445.0,7,0,0,1,0.0,0
0.4208,61,0,0.7158,4702.0,10,1,1,2,1.0,0
0.2396,21,0,0.4359,,10,0,1,0,0.0,0
0.8242,39,0,0.3488,14482.0,10,0,1,0,0.0,0
0.4904,63,0,0.2931,12580.0,10,0,0,0,0.0,0
0.1101,40,0,0.5745,10072.0,7,0,0,0,0.0,0
0.7061,50,0,0.5601,4121.0,3,0,0,0,3.0,0
2.4266,57,0,0.5423,,3,0,1,0,1.0,0
0.5413,59,0,0.4581,,6,0,0,0,1.0,0
0.0933,64,0,0.0385,5541.0,6,0,0,0,1.0,0
0.0359,70,0,0.2919,2665.0,10,0,1,0,1.0,0
0.5793,61,0,0.3875,3785.0,8,0,0,0,2.0,0
0.3423,35,0,0.677,,6,0,0,0,1.0,0
0.3001,60,0,0.1646,9014.0,12,0,1,0,1.0,0
0.4316,67,0,0.762,1999.0,11,0,2,0,1.0,0
0.2261,58,0,0.0452,7423.0,9,0,1,0,0.0,0
0.2213,70,0,0.824,11441.0,8,0,1,0,1.0,0
0.6603,55,0,0.2724,,2,0,1,0,2.0,0
1.3685,50,0,0.7368,4862.0,5,0,0,0,1.0,0
0.5777,40,0,0.2769,9247.0,8,0,0,0,1.0,0
0.1915,80,0,0.6538,2424.0,12,0,0,0,2.0,0
0.464,37,0,0.1665,4368.0,7,0,1,0,2.0,0
0.4767,52,0,0.243,,10,0,0,0,0.0,0
0.6026,47,0,0.8617,1650.0,11,0,1,0,1.0,0
3.9305,33,0,0.1213,4610.0,8,0,4,0,0.0,0
0.4784,64,0,0.1158,7154.0,9,0,1,0,1.0,0
0.3747,59,0,0.4558,,8,0,1,0,0.0,0
1.2477,55,0,0.4827,,11,0,1,0,1.0,1
0.2673,43,0,0.3731,13082.0,9,0,0,0,1.0,0
0.9889,60,0,0.1376,3819.0,8,0,1,0,1.0,0
0.6966,48,0,0.1597,3841.0,5,0,0,0,3.0,0
0.2936,59,0,0.2155,7412.0,7,0,1,0,0.0,0
0.5078,72,0,0.2894,2945.0,7,0,0,0,0.0,0
0.3446,21,0,0.3565,,10,0,2,0,1.0,0
0.9786,66,0,0.3159,,7,0,0,0,0.0,0
0.5201,85,0,0.9137,2975.0,5,0,0,0,1.0,0
0.5378,76,0,0.4088,,8,0,0,0,2.0,0
0.3134,63,0,0.2371,5820.0,6,0,0,0,1.0,0
0.2089,69,0,0.4033,9515.0,6,0,0,0,,0
0.3431,40,0,0.6541,4740.0,2,0,1,0,3.0,0
0.351,55,0,0.3659,7301.0,7,0,0,0,0.0,0
0.742,50,0,0.4276,,4,0,1,0,1.0,0
0.1316,45,0,1.1882,11593.0,8,0,0,0,1.0,0
0.1251,66,0,0.5682,14742.0,8,0,0,0,1.0,0
0.2741,49,0,0.2619,5333.0,8,0,1,0,1.0,0
2.941,26,2,0.2191,2956.0,9,1,1,2,2.0,0
0.64,58,0,0.4762,7955.0,4,0,2,0,0.0,0
1.5852,52,0,0.4695,9359.0,6,0,1,0,0.0,0
0.3676,62,0,0.3333,2755.0,10,0,2,0,0.0,0
0.2007,46,0,1.0675,4015.0,11,0,1,0,0.0,0
0.3259,28,0,0.2791,5700.0,8,0,1,0,0.0,0
0.5039,38,0,0.5905,6508.0,1,0,2,0,1.0,0
0.1081,39,0,0.2752,4818.0,6,0,1,0,0.0,0
0.4063,38,0,0.4695,9352.0,8,0,2,0,0.0,0
0.4609,44,0,0.225,7234.0,4,0,0,0,1.0,0
0.3004,62,0,0.4651,3950.0,4,0,0,0,0.0,0
0.6815,33,0,0.5734,,8,0,1,0,0.0,0
5.9829,64,0,0.8607,,9,0,1,0,2.0,0
0.507,34,0,0.9509,5389.0,7,0,0,0,1.0,0
0.5324,47,0,0.3709,7655.0,7,0,1,0,1.0,0
0.1142,52,0,0.1979,,4,0,2,0,0.0,0
1.9123,48,0,0.7721,7062.0,4,0,2,0,2.0,0
2.3497,61,0,0.5635,29492.0,10,0,1,0,2.0,0
7.6005,50,0,0.5282,,8,0,0,0,4.0,0
0.5103,50,0,0.6308,4291.0,13,0,1,0,0.0,0
0.5264,21,0,0.2486,4551.0,8,0,1,0,0.0,0
0.1168,58,0,0.6225,8829.0,7,0,0,0,2.0,0
0.2588,78,0,0.738,4675.0,11,0,3,0,0.0,0
1.4739,45,0,0.288,3692.0,10,0,0,0,1.0,0
0.4822,61,0,0.2461,6336.0,7,0,1,0,0.0,0
0.3096,40,0,0.4087,,10,0,0,0,3.0,0
0.2218,66,0,1.0241,13443.0,10,0,1,0,0.0,0
0.5694,59,0,0.4856,2226.0,7,0,0,0,1.0,0
0.3217,47,0,0.5934,10649.0,7,0,3,0,0.0,0
0.3922,46,0,1.2772,4472.0,4,0,0,0,1.0,0
0.7531,61,0,0.1501,1085.0,10,0,0,0,1.0,0
0.3895,53,0,0.5347,3105.0,16,0,1,0,1.0,0
0.4609,35,0,0.1036,1756.0,7,0,0,0,0.0,0
0.0221,31,0,0.4789,4531.0,6,0,2,0,0.0,0
0.408,60,0,0.056,2717.0,6,0,0,0,0.0,0
0.3803,41,0,0.3208,4733.0,7,0,0,0,0.0,0
0.0436,52,0,0.7988,4514.0,7,0,1,0,3.0,0
0.4129,60,0,0.464,6673.0,7,0,1,0,4.0,0
0.5192,35,0,0.2237,2213.0,9,0,0,0,0.0,0
1.1102,38,0,0.5291,,4,0,0,0,0.0,0
0.5703,75,0,0.9437,9479.0,4,0,0,0,0.0,0
0.2621,46,0,0.3486,4915.0,7,0,3,0,0.0,0
0.5101,66,0,0.513,6672.0,12,0,1,0,1.0,0
0.4291,87,0,0.236,3548.0,10,0,1,0,0.0,0
0.4129,55,0,0.6108,9279.0,7,0,1,0,2.0,0
0.2361,40,0,0.3401,4376.0,8,0,0,0,1.0,0
3.6769,54,0,0.289,,10,0,1,0,1.0,0
0.1109,49,0,0.1455,1683.0,10,0,1,0,0.0,0
0.7677,53,0,0.5358,7379.0,10,0,1,0,0.0,0
0.8378,62,0,0.4022,912.0,12,0,0,0,1.0,0
0.2945,64,0,0.4344,7699.0,4,0,1,0,0.0,0
3.08,24,0,0.2665,3966.0,9,0,0,0,,0
0.693,69,0,0.4708,9150.0,8,0,0,0,0.0,0
0.2763,56,0,0.6131,,9,0,0,0,0.0,0
1.0454,44,2,0.3022,17499.0,5,0,0,0,,0
0.1044,62,0,0.3773,4112.0,8,0,0,0,0.0,0
0.012,37,0,0.8408,16566.0,8,0,2,0,1.0,0
0.4343,38,0,0.863,12987.0,5,0,1,0,1.0,0
0.7545,67,0,0.0848,8684.0,5,0,0,0,0.0,0
0.4618,53,0,0.1421,2550.0,10,0,1,0,0.0,0
0.4002,74,0,0.1998,8787.0,10,0,0,0,0.0,0
0.3618,42,0,0.3364,3942.0,5,0,1,0,0.0,0
0.2909,56,0,0.4141,5669.0,13,0,0,0,3.0,0
0.4424,57,0,0.553,2505.0,10,0,4,0,1.0,0
0.3764,58,0,0.0862,2419.0,7,0,1,0,2.0,0
0.4025,61,0,0.3746,4853.0,8,0,1,0,1.0,0
0.4632,58,0,0.137,13978.0,6,0,1,0,0.0,0
0.5968,52,0,0.2836,,4,0,1,0,0.0,0
0.0883,25,0,0.6484,,8,0,1,0,1.0,0
0.6091,64,0,0.3333,,5,0,1,0,1.0,0
5.7513,21,0,0.2712,6741.0,5,0,0,0,0.0,0
0.4961,35,0,0.4275,14676.0,4,0,0,0,0.0,0
0.6732,42,0,1.0351,2424.0,15,0,0,0,0.0,0
0.1518,65,0,0.8355,3433.0,9,0,2,0,0.0,0
0.5446,49,0,0.1174,5505.0,4,0,0,0,2.0,0
0.3138,78,0,0.3651,8589.0,10,0,0,0,2.0,0
1.0814,33,0,0.1858,3525.0,5,0,0,0,0.0,0
0.1831,37,0,0.3853,2742.0,9,0,1,0,1.0,0
2.5282,21,0,0.4359,21855.0,13,0,1,0,1.0,0
0.3276,36,0,0.3865,9836.0,12,0,0,0,0.0,0
0.7715,43,0,0.9832,10374.0,5,0,2,0,1.0,0
0.0238,73,0,0.5335,4821.0,10,0,0,0,1.0,0
1.4602,67,0,0.4846,9401.0,14,0,0,0,1.0,0
0.0211,55,0,0.7101,10957.0,5,0,1,0,0.0,0
0.3792,48,0,0.1589,9118.0,9,0,1,0,1.0,0
0.4353,63,0,0.1395,7635.0,5,0,2,0,0.0,0
0.6236,70,0,0.1913,25328.0,7,0,3,0,2.0,0
0.1987,43,0,0.6886,2507.0,10,0,2,0,1.0,0
0.0942,44,0,0.6825,2060.0,6,0,1,0,0.0,0
0.6106,46,0,0.5325,13501.0,7,0,3,0,0.0,0
0.2348,28,0,0.1838,5595.0,5,0,1,0,0.0,0
0.135,69,0,1.1136,4877.0,6,0,1,0,2.0,0
0.5845,44,0,0.237,6708.0,8,0,1,0,0.0,0
0.2639,48,0,0.9031,2990.0,10,0,1,0,0.0,0
3.0859,72,0,0.1634,,6,0,1,0,1.0,0
0.1837,44,0,0.3097,5953.0,8,0,2,0,0.0,0
0.1036,70,0,0.6811,3999.0,5,0,2,0,1.0,0
0.8097,28,2,0.3531,3532.0,10,0,1,0,0.0,0
0.5747,60,0,0.0981,3989.0,9,0,1,0,0.0,0
0.1781,46,0,0.7087,8183.0,9,0,1,0,0.0,0
0.3395,30,0,0.6314,5247.0,8,0,0,0,2.0,0
0.3577,36,0,0.4695,3771.0,10,0,2,0,2.0,0
0.5469,54,0,0.6849,10289.0,8,0,1,0,0.0,0
0.5883,39,0,0.4469,3413.0,6,0,1,0,0.0,0
0.0695,57,0,0.5447,,6,0,2,0,2.0,0
0.2239,42,0,0.6437,4453.0,5,0,0,0,1.0,0
0.5224,29,0,0.3975,7464.0,15,0,2,0,0.0,0
0.559,66,0,0.8214,,6,0,1,0,1.0,0
0.4012,56,3,0.634,2773.0,5,0,1,1,0.0,0
0.0392,27,0,0.6895,,11,0,0,0,0.0,0
0.2493,61,0,0.4963,4865.0,8,0,1,0,0.0,0
0.0112,54,0,0.7446,10416.0,6,0,0,0,1.0,0
0.1049,46,0,0.2719,,11,0,1,0,0.0,0
0.5489,47,1,0.4257,8285.0,8,0,1,0,2.0,0
0.4933,71,0,0.544,,9,0,0,0,1.0,0
0.0215,56,0,0.4381,6368.0,11,0,2,0,1.0,0
0.102,71,0,0.3816,4520.0,3,0,2,0,1.0,0
0.4766,59,0,0.081,4334.0,9,0,0,0,1.0,0
0.1365,55,0,0.2795,5506.0,5,0,1,0,1.0,0
1.2123,41,0,0.3611,6112.0,4,0,2,0,2.0,0
0.2859,54,0,0.2578,,11,0,3,0,1.0,0
0.1666,66,0,0.7004,,7,0,1,0,2.0,0
0.268,53,0,0.2272,1671.0,9,0,4,0,1.0,0
5.5139,79,0,1.0758,7115.0,5,0,2,0,0.0,0
0.828,66,0,0.4346,,15,0,2,0,1.0,0
0.1461,35,0,0.4486,,13,0,0,0,1.0,0
0.2357,45,0,0.9095,1745.0,9,0,0,0,0.0,0
1.1852,61,0,0.8006,,6,0,0,0,1.0,0
0.0667,31,0,0.4472,14334.0,6,0,1,0,0.0,0
0.3188,50,0,0.5236,6453.0,6,0,0,0,2.0,1
0.3923,39,0,0.4768,5237.0,7,0,0,0,1.0,0
2.0257,53,0,0.5424,,6,0,1,0,0.0,0
0.5814,39,0,0.4521,4078.0,11,0,1,0,0.0,0
1.0078,67,1,0.6533,9858.0,10,0,0,0,0.0,0
0.1322,45,0,0.9926,7350.0,5,0,2,0,0.0,0
0.5942,61,0,0.6859,3122.0,6,0,0,0,4.0,0
0.2341,31,2,0.4545,2984.0,9,0,2,0,1.0,0
0.4501,48,0,0.4354,11904.0,12,0,1,0,2.0,0
0.0019,34,0,0.3912,5319.0,7,0,3,0,,0
2.1205,69,0,0.1095,8894.0,18,0,1,0,0.0,1
0.0059,41,0,0.3061,11080.0,7,0,2,0,1.0,0
0.092,51,0,0.6755,13432.0,10,0,0,0,0.0,0
0.308,57,2,1.1728,6888.0,8,0,1,0,0.0,0
1.2029,42,0,0.192,4578.0,10,0,0,0,1.0,0
0.348,35,0,0.421,,13,0,0,0,1.0,0
0.1396,55,0,0.2817,,9,0,0,0,3.0,0
0.3597,25,0,0.0394,12516.0,6,0,1,0,0.0,0
0.6833,71,0,0.7722,17337.0,7,0,1,0,2.0,0
4.7071,50,0,0.0478,8537.0,11,0,1,0,1.0,0
0.5715,31,0,0.8683,2791.0,6,0,0,0,0.0,0
0.136,48,0,0.6429,,12,0,1,0,0.0,0
0.0691,60,0,0.3461,8895.0,3,0,0,0,1.0,0
0.9649,41,0,1.1501,14132.0,7,0,3,0,1.0,0
0.4362,25,0,0.7642,3859.0,6,0,0,0,2.0,1
0.5822,50,0,0.1869,,10,0,0,0,2.0,0
0.3246,63,0,0.7362,11134.0,15,0,1,0,0.0,0
0.3993,55,0,0.3338,13714.0,8,0,0,0,0.0,0
0.5058,58,0,0.4645,2660.0,7,0,1,0,1.0,0
0.8725,65,0,0.4847,4127.0,7,1,0,2,2.0,0
0.7493,74,2,0.2797,4612.0,8,0,0,0,2.0,0
0.5246,21,0,0.7586,1292.0,5,0,1,0,1.0,1
0.1732,33,0,0.1398,5395.0,6,0,1,0,2.0,0
2.1322,54,0,0.2994,7542.0,10,0,2,0,0.0,0
0.8388,56,0,1.6913,7031.0,7,0,1,0,0.0,0
0.5872,30,0,0.3292,2417.0,14,0,0,0,1.0,0
0.3185,41,0,0.359,4734.0,13,0,1,0,0.0,0
0.6354,76,0,0.7839,20730.0,7,0,1,0,0.0,0
0.1318,47,0,0.4365,6452.0,6,0,0,0,0.0,0
0.2762,55,0,0.449,,8,0,1,0,0.0,0
0.4556,77,0,0.802,5571.0,1,0,0,0,1.0,0
0.4436,53,0,0.8794,,6,0,1,0,2.0,0
0.3312,63,0,0.3533,,10,0,2,0,1.0,0
0.3508,60,0,0.5357,8712.0,15,0,0,0,0.0,0
0.2514,47,0,0.2122,,5,0,1,0,1.0,0
0.2384,46,0,0.5538,3051.0,4,0,2,0,,0
0.3977,69,0,0.5339,13044.0,10,0,0,0,2.0,0
0.5447,52,0,0.1814,6508.0,8,0,1,0,0.0,0
0.0706,38,0,0.4786,4809.0,4,0,2,0,1.0,0
0.4653,67,0,0.5173,3910.0,6,0,2,0,1.0,0
0.5773,21,0,0.7182,,7,0,0,0,0.0,0
0.5171,74,0,0.0621,4631.0,8,0,2,0,0.0,0
0.271,49,0,0.5566,2956.0,6,0,1,0,2.0,0
0.3327,52,0,0.6574,,3,0,1,0,2.0,0
4.1173,53,0,0.741,8753.0,8,0,1,0,0.0,0
0.1486,71,0,0.4265,5205.0,5,0,3,0,0.0,0
0.1699,54,0,0.9691,4549.0,4,0,0,0,1.0,0
0.206,52,0,0.1814,3910.0,9,0,1,0,0.0,0
0.3652,39,0,0.7872,13478.0,7,0,0,0,1.0,0
0.0811,42,0,0.7234,4978.0,7,0,0,0,0.0,0
0.2637,61,0,0.1105,4518.0,6,0,2,0,0.0,0
1.2028,55,0,0.2956,8655.0,5,0,1,0,1.0,0
0.6578,76,0,0.5348,,5,0,0,0,2.0,1
0.463,41,0,0.6746,2558.0,11,0,1,0,1.0,0
2.1632,36,0,0.1537,2976.0,5,0,3,0,1.0,0
0.5193,56,0,0.7102,8570.0,6,0,0,0,0.0,0
0.0746,51,0,0.1573,5044.0,8,0,2,0,0.0,0
0.3577,35,0,0.8742,4221.0,3,0,1,0,1.0,0
0.3018,45,0,0.0196,,9,0,2,0,1.0,0
0.1886,62,0,0.231,4079.0,10,0,1,0,1.0,0
1.1523,34,0,0.399,9871.0,7,0,1,0,1.0,0
0.6736,36,0,1.0148,11061.0,9,0,0,0,0.0,0
2.4941,42,3,0.2783,4507.0,10,0,1,1,0.0,0
0.1664,42,0,0.0725,5130.0,6,0,2,0,1.0,0
0.2865,63,0,0.1468,,6,0,0,0,0.0,0
0.0289,44,0,0.0997,4433.0,9,0,1,0,1.0,0
1.7071,75,0,0.5684,7454.0,9,0,1,0,0.0,0
2.049,37,1,0.5892,3385.0,14,1,0,1,,0
0.7622,57,0,0.2085,3577.0,3,0,2,0,2.0,0
0.3678,51,0,0.393,1862.0,3,0,1,0,1.0,0
0.0924,52,0,0.1565,8358.0,4,0,0,0,0.0,0
0.1324,21,0,0.2847,4057.0,15,0,2,0,0.0,0
0.3837,37,0,0.2609,12005.0,9,0,0,0,1.0,0
0.2913,50,0,0.09,7688.0,5,0,0,0,2.0,0
0.4987,24,0,0.5013,,11,0,1,0,0.0,0
0.2669,21,0,0.1223,3949.0,9,0,1,0,1.0,0
0.5022,35,0,0.9107,,6,0,1,0,1.0,0
0.1442,57,0,0.932,,5,0,0,0,0.0,0
2.9756,59,2,0.1556,867.0,9,0,2,0,1.0,0
0.518,35,0,0.3163,,4,0,0,0,1.0,0
0.2899,49,0,0.8129,5486.0,9,0,0,0,0.0,0
0.0267,58,0,0.4948,3966.0,10,0,1,0,0.0,0
0.0991,71,0,0.7016,,8,0,2,0,1.0,0
0.3444,70,0,0.5852,,10,0,0,0,1.0,0
0.5928,65,0,0.0322,5429.0,4,0,0,0,2.0,0
0.5449,44,0,0.6115,3157.0,1,0,1,0,0.0,0
0.2779,51,0,0.5964,5198.0,8,0,2,0,2.0,0
0.691,53,0,1.1303,7753.0,13,0,2,0,1.0,0
0.0158,49,0,0.2037,17382.0,9,0,0,0,1.0,0
0.6377,33,0,0.6352,5937.0,9,0,1,0,3.0,0
0.071,72,0,0.6201,6212.0,7,0,0,0,2.0,0
0.2151,58,0,0.0881,3081.0,6,0,2,0,2.0,0
0.2031,64,0,0.5463,9665.0,6,0,0,0,0.0,0
0.2731,61,0,0.3861,5237.0,8,0,0,0,1.0,0
0.3731,46,0,0.8787,3899.0,7,0,1,0,0.0,0
0.0564,31,0,0.5406,7198.0,9,0,1,0,2.0,0
0.3781,63,0,0.4534,4689.0,4,0,1,0,0.0,0
0.1906,62,0,0.2987,14974.0,7,0,2,0,0.0,0
1.9176,56,0,0.7527,6095.0,7,0,2,0,2.0,0
0.2172,82,0,0.2715,4999.0,6,0,1,0,1.0,0
0.1261,44,0,0.8541,,6,0,3,0,1.0,0
0.1248,48,0,0.7193,,10,0,1,0,2.0,0
2.6049,55,0,0.3832,17766.0,12,0,1,0,0.0,0
0.9827,45,0,0.441,5926.0,12,0,1,0,0.0,0
0.1923,49,0,0.2194,11878.0,6,0,2,0,0.0,0
0.369,66,0,0.334,7893.0,8,0,2,0,1.0,0
0.2177,43,0,0.2303,4449.0,14,0,1,0,0.0,0
0.4021,44,0,0.2693,,8,0,1,0,3.0,0
0.4332,60,0,0.6976,6014.0,10,0,1,0,0.0,0
0.8581,34,1,0.4368,,12,0,3,0,1.0,0
0.054,51,0,0.5882,2367.0,8,0,0,0,0.0,0
2.0827,50,0,0.4573,12697.0,7,0,0,0,0.0,0
0.3421,61,0,0.4756,6658.0,9,0,1,0,3.0,0
0.4299,63,0,0.6238,3947.0,8,0,0,0,1.0,0
0.3698,50,0,0.9807,,8,0,1,0,1.0,0
0.6342,51,0,0.707,7016.0,10,0,1,0,0.0,0
1.4943,52,0,0.5331,10863.0,12,0,2,0,0.0,0
0.187,48,0,0.5339,7365.0,7,0,3,0,0.0,0
0.6432,70,0,0.3915,,7,0,0,0,0.0,0
0.4631,59,0,0.4912,,13,0,2,0,0.0,0
0.1037,70,0,0.5551,5298.0,6,0,0,0,0.0,0
0.5082,40,0,0.382,4362.0,10,0,1,0,0.0,0
0.317,70,0,0.1158,4338.0,11,0,2,0,0.0,0
0.4973,54,0,0.2301,,8,0,1,0,1.0,0
0.3469,62,0,0.1535,,6,0,0,0,0.0,0
0.7206,25,0,0.2301,,6,0,5,0,2.0,0
0.1567,75,2,0.4109,11463.0,8,0,0,1,1.0,1
1.8525,58,4,0.2813,5794.0,6,2,0,0,0.0,0
0.1033,78,0,0.6358,,8,0,0,0,1.0,0
7.0765,68,0,0.3633,3987.0,9,0,1,0,1.0,0
0.5065,23,0,0.7991,5507.0,7,0,0,0,2.0,0
0.0844,73,0,0.7054,12381.0,11,0,1,0,1.0,0
0.7775,55,0,0.7351,5077.0,5,0,1,0,1.0,0
1.0897,61,0,0.7316,2501.0,10,0,3,0,,0
0.3138,60,0,0.207,5518.0,12,0,2,0,2.0,0
0.299,51,0,0.6561,4596.0,11,0,0,0,2.0,0
0.1154,46,0,0.5414,1509.0,12,0,0,0,1.0,0
0.0019,62,0,0.3672,4018.0,8,0,1,0,1.0,0
1.8523,40,0,0.6612,,9,0,0,0,2.0,0
0.8318,52,1,0.7115,7517.0,3,0,2,0,1.0,0
0.5022,72,0,0.3292,8570.0,6,0,0,0,0.0,0
0.0672,35,0,1.1633,6473.0,3,0,0,0,1.0,0
6.2064,49,0,0.1442,22773.0,9,0,1,0,0.0,1
0.2214,68,0,0.4541,5607.0,6,0,1,0,0.0,0
0.0602,41,0,0.0677,,10,0,0,0,0.0,0
0.0364,25,0,0.3486,3886.0,8,0,1,0,1.0,0
0.3495,24,0,0.6346,9018.0,6,0,0,0,1.0,0
0.1709,45,0,0.1568,2157.0,5,0,0,0,2.0,0
4.0424,76,0,0.2624,,4,0,1,0,0.0,0
0.3461,41,0,0.7094,4567.0,11,0,4,0,1.0,0
6.484,48,0,0.2638,8778.0,10,0,0,0,1.0,0
0.2119,53,0,0.409,5943.0,7,0,0,0,1.0,0
0.553,67,0,0.5427,,7,0,0,0,1.0,0
0.1802,64,5,0.3895,5211.0,9,0,2,0,0.0,0
0.3582,50,0,0.9733,4063.0,6,0,1,0,0.0,0
0.4643,60,0,0.0862,,7,0,2,0,1.0,0
0.5518,67,0,0.9126,,11,0,0,0,0.0,1
0.9003,29,0,0.1221,5943.0,10,0,0,0,2.0,0
0.8711,47,0,0.2513,4312.0,9,0,1,0,1.0,0
0.2477,35,0,0.3598,3737.0,4,0,2,0,2.0,0
0.3149,42,0,0.6205,4571.0,7,0,1,0,1.0,0
3.0489,61,4,0.3802,,10,1,2,0,0.0,0
0.0442,35,0,0.9908,,8,0,2,0,1.0,0
0.3655,84,0,0.7277,,7,0,0,0,4.0,0
0.3595,61,0,0.1211,,10,0,0,0,0.0,0
0.4799,44,0,0.5129,8259.0,9,0,3,0,1.0,0
0.2094,50,0,0.7154,3038.0,7,0,2,0,4.0,0
0.3842,34,0,0.1477,6946.0,8,0,2,0,1.0,0
0.7463,31,0,0.5295,3318.0,10,0,1,0,2.0,1
0.0099,47,0,0.2534,,3,0,1,0,1.0,0
1.8685,70,0,0.329,9268.0,10,0,1,0,1.0,0
0.0184,32,2,0.3811,9300.0,3,0,1,1,1.0,0
0.0344,69,0,0.8091,6010.0,8,0,0,0,0.0,0
0.0128,49,0,0.8627,,7,0,1,0,1.0,0
8.0254,55,0,0.6752,4439.0,11,0,1,0,1.0,0
0.1891,53,0,0.6481,5790.0,8,0,1,0,2.0,0
0.8228,63,0,0.3432,1978.0,7,0,0,0,,0
0.5615,67,0,0.9154,13872.0,9,0,1,0,1.0,0
0.2293,49,0,0.3429,3544.0,5,0,0,0,0.0,0
0.8162,59,0,0.8665,,6,0,3,0,0.0,0
0.0162,70,0,0.3028,6590.0,10,0,1,0,3.0,0
0.2749,63,0,0.4043,9180.0,8,0,1,0,0.0,0
0.7293,46,0,0.4011,5420.0,6,0,0,0,1.0,0
1.4957,49,0,0.3969,,9,0,2,0,0.0,0
0.1912,38,0,0.1907,8017.0,3,0,0,0,0.0,0
0.3361,77,0,0.3454,3310.0,8,0,0,0,0.0,0
1.0875,56,0,0.6171,1420.0,4,0,2,0,0.0,0
0.3534,32,0,0.4254,2629.0,7,0,0,0,0.0,0
0.7821,40,0,0.546,3051.0,5,0,3,0,0.0,1
0.3211,50,2,0.5408,7216.0,6,0,0,2,0.0,1
0.007,71,0,0.8437,16911.0,8,0,2,0,0.0,0
3.5055,49,0,0.6633,5347.0,9,0,1,0,1.0,0
0.788,60,0,0.4102,10918.0,8,0,2,0,,0
1.2511,42,0,0.5989,,9,0,1,0,0.0,0
4.0945,61,0,0.6659,8967.0,9,0,2,0,0.0,0
0.3851,70,0,0.7881,,10,0,0,0,0.0,0
0.5048,63,0,0.5256,7332.0,10,0,2,0,2.0,0
0.2907,21,0,0.5797,5960.0,8,0,0,0,2.0,0
0.9199,50,0,0.4094,,13,0,0,0,2.0,0
0.2409,37,0,0.5316,4480.0,6,0,0,0,1.0,0
0.202,61,0,0.3927,,7,0,1,0,1.0,0
0.444,53,0,0.681,,6,0,0,0,1.0,1
0.4979,76,0,0.8067,4590.0,8,0,1,0,0.0,0
1.2128,47,0,0.9262,,7,0,2,0,0.0,0
0.6048,53,0,0.1531,5302.0,8,0,0,0,0.0,0
1.726,50,0,0.5575,,14,0,0,0,1.0,0
0.2672,62,1,0.5181,6059.0,10,0,0,0,2.0,0
5.1458,38,0,0.2061,4002.0,8,0,0,0,0.0,0
0.1138,38,0,0.6106,3756.0,8,0,1,0,0.0,0
6.3336,44,2,0.0922,1984.0,10,4,0,0,0.0,0
0.3666,60,0,0.0954,2510.0,6,0,0,0,2.0,0
0.5146,67,0,0.5438,4046.0,4,0,2,0,0.0,0
0.337,51,0,0.2353,,14,0,1,0,2.0,0
0.3495,60,0,0.6179,3835.0,7,0,0,0,0.0,0
1.6157,59,0,0.3126,15760.0,4,0,0,0,2.0,0
0.19,51,0,1.3145,2386.0,12,0,0,0,1.0,0
5.0904,51,0,0.2229,17778.0,6,0,0,0,0.0,0
1.2179,63,3,0.455,4842.0,5,0,3,3,1.0,0
0.0558,79,0,0.3512,4072.0,14,0,1,0,0.0,0
0.4366,66,0,0.3435,4681.0,16,0,0,0,0.0,0
0.6194,69,0,0.5084,2352.0,3,0,2,0,0.0,0
0.4659,81,0,0.9638,6983.0,5,0,2,0,1.0,0
0.0713,42,0,0.4327,6433.0,10,0,2,0,2.0,0
1.8742,62,0,0.5017,14498.0,11,0,1,0,1.0,0
0.2394,72,0,0.1441,,10,0,2,0,1.0,0
1.4692,65,0,0.7015,2809.0,9,0,2,0,2.0,0
5.3455,44,0,0.5084,5543.0,4,0,1,0,1.0,0
0.4692,41,2,1.014,4465.0,7,0,0,1,1.0,0
0.441,75,0,0.0522,23806.0,8,0,2,0,1.0,1
0.6038,58,0,0.4345,17466.0,9,0,2,0,0.0,0
0.371,56,0,0.4557,7500.0,7,0,1,0,3.0,0
0.4313,52,5,1.0602,6670.0,4,0,3,2,2.0,0
1.4901,73,0,0.5155,1215.0,9,0,1,0,2.0,1
0.6232,66,0,0.4021,9176.0,10,0,4,0,1.0,0
0.1936,49,0,0.2118,9946.0,7,0,2,0,0.0,0
0.4252,65,0,0.0382,2794.0,6,0,0,0,1.0,0
0.1957,54,0,0.8825,7018.0,6,0,0,0,0.0,0
0.046,64,0,0.9507,7139.0,7,0,1,0,0.0,0
0.2863,71,0,0.3568,8004.0,7,0,1,0,1.0,0
0.8393,69,0,0.1597,3957.0,10,0,3,0,1.0,0
0.0102,28,0,0.2233,4389.0,14,0,3,0,2.0,0
0.0962,59,0,0.4531,15987.0,8,0,1,0,2.0,0
0.2777,73,0,1.3086,5265.0,6,0,1,0,0.0,0
0.8659,42,3,0.451,11397.0,15,0,1,0,1.0,0
0.2298,80,0,0.0666,5294.0,4,0,0,0,1.0,0
0.5249,61,0,0.1546,4966.0,9,0,0,0,1.0,0
1.487,65,0,0.581,3723.0,6,0,3,0,0.0,1
0.3348,65,0,0.3721,,4,0,2,0,3.0,0
0.8595,33,2,0.4359,4524.0,10,0,2,1,2.0,0
0.183,66,0,0.0807,9192.0,13,0,1,0,0.0,0
0.0509,59,0,0.586,18325.0,5,0,1,0,2.0,0
1.7175,46,0,0.3585,3816.0,3,0,0,0,0.0,0
5.3399,75,0,0.2775,3878.0,7,0,2,0,0.0,0
0.1606,25,0,0.1882,4014.0,7,0,1,0,1.0,0
0.3821,43,0,0.2898,5655.0,8,0,0,0,0.0,0
0.1262,72,0,0.2111,,5,0,1,0,1.0,0
1.6183,66,0,0.9759,11381.0,8,0,0,0,0.0,0
0.1126,44,0,0.2888,8727.0,11,0,2,0,0.0,0
0.0612,42,0,0.562,5413.0,5,0,2,0,0.0,0
2.0241,50,2,0.4672,4215.0,11,0,0,0,0.0,0
0.7187,57,0,0.863,4911.0,7,0,1,0,1.0,0
0.5882,47,0,0.1959,3395.0,10,0,2,0,0.0,0
0.085,52,0,0.9215,13304.0,12,0,2,0,1.0,0
0.4025,55,0,0.8585,7778.0,10,0,0,0,0.0,0
0.3498,49,2,0.2902,,7,0,2,0,2.0,0
0.0372,47,0,0.6505,,7,0,3,0,0.0,0
3.3756,37,1,0.3341,,3,0,1,2,2.0,0
0.6333,53,0,0.3231,1471.0,8,0,4,0,0.0,0
0.2372,53,0,0.3045,5809.0,8,0,0,0,0.0,0
0.4333,41,2,0.6993,4759.0,8,2,0,0,1.0,0
0.6413,58,0,0.173,1903.0,6,0,3,0,1.0,0
0.2376,70,0,0.8116,,6,0,1,0,0.0,0
0.1461,55,0,0.6731,7693.0,10,0,1,0,0.0,0
0.68,60,0,0.815,6929.0,6,0,0,0,0.0,0
0.1529,68,0,0.4874,2837.0,13,0,0,0,0.0,0
0.4129,53,0,0.5571,3293.0,10,0,3,0,2.0,0
0.3496,66,0,0.0904,2382.0,7,0,2,0,1.0,0
0.2258,22,0,0.4779,4295.0,14,0,1,0,4.0,0
0.5487,44,0,0.3573,5355.0,7,0,0,0,2.0,0
0.1284,38,0,0.1601,6055.0,5,0,0,0,3.0,0
1.9143,74,0,1.1322,17933.0,9,0,1,0,2.0,0
0.2892,63,0,0.2335,3090.0,9,0,1,0,1.0,0
5.387,37,0,0.9091,5410.0,7,0,1,0,0.0,1
0.1509,40,0,0.4503,2442.0,7,0,2,0,0.0,0
0.2456,35,0,0.6663,10765.0,11,0,1,0,0.0,0
1.1551,58,0,0.2276,,4,0,1,1,2.0,0
0.6543,56,0,0.0885,6557.0,3,0,1,0,4.0,0
0.7387,48,0,0.3668,3379.0,7,0,1,0,0.0,0
2.7827,41,0,0.6644,30669.0,8,0,3,0,1.0,0
2.1706,53,0,0.5409,5951.0,6,0,0,0,1.0,0
0.6296,90,0,0.3266,14063.0,6,0,1,0,0.0,0
0.39,48,0,0.3216,1882.0,5,0,2,0,2.0,0
0.4631,70,0,0.437,12334.0,8,0,0,0,1.0,1
0.0866,50,0,0.6387,,8,0,1,0,2.0,0
0.7019,67,0,0.4643,,5,0,1,0,0.0,0
0.8679,62,0,0.323,3651.0,11,0,1,0,1.0,0
0.8149,53,0,0.3634,,6,0,0,0,0.0,0
0.1291,63,0,0.5779,3398.0,8,0,2,0,0.0,0
0.0371,70,0,1.0533,5137.0,9,0,1,0,0.0,0
0.2034,55,0,0.0946,2009.0,11,0,1,0,0.0,0
0.1117,51,0,0.6096,2078.0,9,0,0,0,0.0,0
0.1689,63,0,0.0424,6797.0,8,0,1,0,0.0,0
0.7178,77,0,0.5367,5777.0,8,0,1,0,1.0,0
0.2212,34,0,0.6926,11555.0,4,0,0,0,2.0,0
4.692,36,0,0.0674,7550.0,8,0,0,0,1.0,0
1.4425,74,0,0.9805,1868.0,10,0,1,0,0.0,0
0.082,46,0,0.341,3267.0,5,0,0,0,2.0,0
0.1317,71,0,0.0728,3486.0,7,0,3,0,0.0,0
0.2412,44,0,0.4847,12447.0,9,0,2,0,2.0,0
0.1874,47,0,0.2099,8488.0,7,0,2,0,1.0,0
0.3212,68,0,0.1815,8291.0,8,0,0,0,1.0,0
0.523,64,0,0.7064,17280.0,11,0,0,0,1.0,0
0.548,38,1,0.3584,5434.0,11,1,1,0,0.0,0
0.2355,62,0,0.5641,4037.0,9,0,0,0,1.0,0
0.5464,44,0,0.3778,4782.0,6,0,0,0,1.0,0
0.1823,60,0,0.6055,10083.0,9,0,1,0,0.0,0
0.0177,55,0,0.8528,9609.0,10,0,0,0,0.0,0
0.5712,51,0,0.6356,7244.0,6,0,3,0,0.0,0
1.7366,45,0,0.3959,12265.0,8,0,0,0,0.0,0
1.2794,30,0,0.2695,6616.0,8,0,0,0,1.0,0
6.466,45,0,0.3454,3352.0,11,0,2,0,1.0,0
0.7678,63,0,0.2056,6708.0,7,0,0,0,1.0,0
3.4486,60,0,0.8588,11138.0,7,0,1,0,0.0,0
0.5255,42,0,0.4348,3275.0,9,0,0,0,0.0,0
5.3032,69,0,0.3066,,12,0,1,0,0.0,0
0.3452,59,0,0.2859,15315.0,9,0,0,0,1.0,0
0.2872,62,0,0.4909,,4,0,1,0,2.0,0
0.2572,39,0,0.3048,2088.0,3,0,2,0,2.0,0
0.6183,79,0,0.2419,18253.0,5,0,0,0,0.0,0
0.57,61,0,0.6426,,7,0,1,0,1.0,0
3.8023,75,0,0.1195,13536.0,9,0,1,1,,0
0.1268,45,0,0.2568,2453.0,9,0,1,0,1.0,0
0.9991,28,0,0.3747,6500.0,9,0,1,0,0.0,0
0.2465,41,0,0.3428,6693.0,10,0,1,0,3.0,0
0.1229,69,0,0.0943,6018.0,12,0,0,0,1.0,0
0.0701,38,0,1.052,8103.0,6,0,1,0,1.0,0
0.0649,75,0,0.6572,4824.0,13,0,1,0,1.0,0
0.089,44,0,0.2066,5060.0,3,0,0,0,0.0,0
0.3258,59,0,0.3236,6143.0,5,0,0,0,0.0,0
0.8372,57,0,0.1778,,6,0,1,0,2.0,1
0.4582,50,0,0.2022,3651.0,9,0,1,0,1.0,0
0.6539,50,0,0.7058,3567.0,8,0,2,0,3.0,0
0.5023,40,0,0.546,6464.0,3,0,0,0,1.0,0
0.3999,81,0,0.4392,3651.0,7,0,1,0,0.0,0
0.3495,61,0,0.4226,6114.0,2,0,3,0,0.0,0
0.0773,31,0,0.3133,6319.0,9,0,1,0,2.0,0
0.2237,35,0,0.8767,2913.0,6,0,2,0,0.0,0
3.2624,61,0,0.3822,3955.0,7,0,0,0,5.0,0
0.8249,54,0,0.1456,6476.0,3,0,1,0,1.0,0
0.1245,29,0,0.6473,5202.0,9,0,0,0,1.0,0
0.8335,90,0,0.6616,,11,0,1,0,2.0,1
0.2264,21,0,0.0163,5750.0,8,0,0,0,3.0,0
0.4756,48,0,0.7433,7437.0,11,0,0,0,0.0,0
0.0747,54,0,1.4393,9852.0,14,0,5,0,,0
0.846,44,0,0.6519,2411.0,6,0,0,0,0.0,0
0.4401,66,0,0.4286,4980.0,8,0,2,0,3.0,0
0.8251,61,0,0.155,,9,0,2,0,0.0,0
2.0635,56,1,1.0507,,9,0,0,0,0.0,0
0.3146,53,0,0.2373,7411.0,9,0,0,0,1.0,0
0.2224,62,0,0.3368,1884.0,4,0,1,0,0.0,0
0.1533,51,0,0.5637,5676.0,2,0,0,0,0.0,0
0.7338,33,0,0.6573,9188.0,4,0,0,0,0.0,0
0.163,68,0,0.6306,5250.0,7,0,0,0,0.0,0
0.6914,79,0,0.2259,6168.0,7,0,1,0,2.0,1
0.7727,55,0,0.6053,,5,0,1,0,1.0,0
0.2723,55,0,0.0846,5615.0,1,0,0,0,0.0,0
0.5942,54,0,0.3085,5541.0,6,0,2,0,0.0,0
0.4123,36,0,0.3506,,5,0,1,0,0.0,0
0.5508,46,0,0.5975,9359.0,10,0,0,0,2.0,0
0.3468,65,0,0.3711,2436.0,9,0,1,0,0.0,0
0.2281,58,0,0.506,2792.0,10,0,1,0,0.0,0
0.1935,78,0,0.1903,7068.0,9,0,2,0,1.0,0
0.4594,65,0,0.4333,6502.0,6,0,2,0,1.0,0
0.5335,48,0,0.4233,2099.0,8,0,1,0,0.0,0
0.6564,64,0,0.431,4014.0,12,0,0,0,1.0,0
1.0206,51,0,0.2535,8027.0,8,0,1,0,0.0,0
0.4438,31,0,0.4259,4715.0,6,0,0,0,0.0,0
2.2515,69,0,0.1012,5123.0,8,0,1,0,1.0,1
0.1048,61,0,0.3678,6758.0,11,0,2,0,0.0,0
0.4344,95,0,0.3671,5481.0,9,0,1,0,1.0,1
3.8067,47,0,0.2041,7232.0,8,0,1,0,2.0,0
1.4525,64,0,1.0835,3432.0,9,0,6,0,1.0,0
0.6751,44,0,0.265,,11,0,0,0,1.0,0
0.302,42,0,0.3097,,11,0,1,0,0.0,0
0.1148,87,0,0.3975,14232.0,6,0,0,0,0.0,0
0.3885,25,0,0.1522,3456.0,7,0,0,0,1.0,0
0.0633,54,0,0.6646,3889.0,8,0,2,0,1.0,0
0.0872,78,0,0.6685,2754.0,10,0,0,0,1.0,0
0.5298,32,0,0.2648,4364.0,6,0,2,1,2.0,0
0.1657,47,0,0.7676,7138.0,9,0,0,0,1.0,0
0.0336,67,0,0.6763,3671.0,5,0,2,0,3.0,0
0.5815,37,0,0.4119,4458.0,11,0,0,0,0.0,0
0.3514,59,0,0.466,7222.0,5,0,0,0,,0
0.3094,43,0,0.187,4007.0,9,0,0,0,1.0,0
0.51,73,0,0.087,8599.0,7,0,1,0,0.0,0
0.531,72,0,0.3737,4758.0,5,0,1,0,1.0,0
1.9066,47,0,0.7131,7192.0,8,0,4,0,1.0,0
7.0886,21,0,0.6983,,7,0,3,0,1.0,1
0.2289,61,0,0.2914,,11,0,0,0,0.0,0
0.8883,68,2,0.394,8709.0,8,0,1,0,3.0,0
0.1398,61,0,0.3756,,10,0,0,0,3.0,0
0.0659,60,2,0.1202,4183.0,5,0,1,0,1.0,0
0.7932,58,0,0.1547,13252.0,6,0,1,0,0.0,0
0.9648,49,0,0.3746,8616.0,7,0,0,0,3.0,0
6.5929,43,0,0.2319,3505.0,12,0,3,0,0.0,0
0.5721,54,0,0.3358,6134.0,7,0,0,0,2.0,0
0.3857,51,0,1.0981,3660.0,5,0,1,0,0.0,0
0.2876,63,0,0.8118,5518.0,14,0,1,0,1.0,0
0.4751,42,0,0.3656,3426.0,6,0,2,0,0.0,0
0.1838,48,0,0.2957,3222.0,13,0,0,0,1.0,0
0.135,55,0,0.0699,11257.0,7,0,1,0,2.0,0
0.4068,43,0,0.5695,,5,0,0,0,0.0,0
0.1394,34,0,0.2052,3025.0,8,0,0,0,1.0,0
1.6135,62,0,0.5283,10417.0,8,0,2,0,0.0,0
0.1868,35,0,0.4461,5585.0,8,0,0,0,,0
0.198,56,0,0.7497,11719.0,5,0,2,0,1.0,0
0.0569,61,0,0.1824,10092.0,7,0,1,0,1.0,0
0.456,73,0,0.4272,4844.0,9,0,2,0,2.0,0
0.1663,86,0,0.5016,4996.0,12,0,1,0,0.0,0
0.2488,72,0,0.2125,6844.0,11,0,1,0,1.0,0
0.2271,44,0,0.3024,,5,0,1,0,1.0,0
1.0433,49,0,0.2113,7133.0,6,0,0,0,3.0,0
0.1964,58,0,0.3754,4475.0,11,0,2,0,2.0,0
0.1934,53,0,0.8414,3607.0,7,0,0,0,2.0,0
0.2254,56,0,0.5092,,6,0,0,0,0.0,0
0.2904,71,0,0.3536,3752.0,12,0,0,0,1.0,0
0.1536,55,0,0.7184,4328.0,8,0,0,0,0.0,0
0.8616,66,0,0.4153,4176.0,3,0,1,0,1.0,0
12.851,38,0,0.4334,2123.0,11,0,0,0,1.0,0
0.3105,60,0,0.2424,6962.0,8,1,0,0,1.0,0
0.1398,30,0,0.1713,,6,0,1,0,1.0,0
0.2313,69,0,0.1192,5808.0,11,0,0,0,0.0,0
3.6381,51,0,0.6048,,6,0,3,0,2.0,0
0.7074,34,0,0.409,1774.0,7,0,0,0,1.0,0
0.0085,49,0,0.4946,,5,0,1,0,1.0,0
0.3931,60,0,0.3517,17578.0,10,0,0,0,1.0,0
2.8719,36,0,0.2431,2583.0,11,0,0,0,1.0,0
0.7471,41,0,0.2329,5852.0,8,0,1,0,0.0,0
0.4761,48,0,0.1788,3993.0,6,0,3,0,1.0,0
7.7617,65,0,0.8178,7113.0,8,0,0,0,1.0,0
0.1838,25,0,0.2645,3613.0,15,0,1,0,0.0,0
0.236,60,0,0.7709,10530.0,10,0,1,0,1.0,0
0.2306,50,0,0.0684,2595.0,9,0,0,0,0.0,0
0.3613,68,0,0.0405,3164.0,4,0,1,0,1.0,0
0.2489,59,0,0.7068,,3,0,0,0,0.0,0
0.4201,72,0,0.6222,,4,0,0,0,1.0,1
0.4874,59,0,0.373,,8,0,0,0,1.0,0
0.6735,36,0,0.1956,4472.0,11,0,1,0,2.0,0
0.1363,59,0,0.4607,4819.0,5,0,0,0,0.0,0
0.5101,60,1,0.653,7773.0,5,0,1,0,0.0,0
0.9865,43,0,0.7625,3763.0,9,0,4,0,0.0,0
0.7547,46,0,0.3246,4230.0,16,0,2,0,1.0,0
0.1413,21,0,0.8627,4032.0,7,0,2,0,1.0,0
0.3555,63,0,0.7309,,7,0,0,0,3.0,0
0.5218,51,0,0.395,767.0,7,0,2,0,3.0,0
0.2285,45,0,0.3353,,2,0,1,0,0.0,0
0.1871,39,0,0.462,4448.0,9,0,2,0,2.0,0
0.3389,46,0,0.0994,5161.0,7,0,0,0,2.0,0
1.4893,59,2,0.6349,5857.0,12,1,2,0,2.0,0
0.1387,55,0,0.8222,3262.0,7,0,1,0,1.0,0
0.7439,48,2,0.2301,2298.0,9,0,3,1,0.0,0
0.3021,36,0,0.3429,6510.0,7,0,1,0,0.0,0
0.2763,48,0,0.6771,4182.0,10,0,1,0,1.0,0
8.3214,41,0,0.6137,,9,0,0,0,1.0,1
1.0569,50,0,0.3155,7903.0,12,0,0,0,0.0,0
0.035,61,0,0.2921,3648.0,8,0,1,0,0.0,0
0.448,45,0,0.1008,8382.0,7,0,0,0,1.0,0
0.6705,76,0,0.8489,7974.0,6,0,0,0,0.0,0
1.5615,45,0,0.3395,14063.0,9,0,1,0,3.0,0
0.1767,29,0,0.2737,12540.0,9,0,0,0,0.0,0
1.4787,50,0,0.158,2440.0,3,0,4,0,2.0,0
0.3108,44,0,0.3737,,6,0,2,0,1.0,0
1.7009,95,0,0.9424,18783.0,8,0,2,0,0.0,0
0.034,46,0,0.3034,,10,0,1,0,,0
0.1131,31,0,0.8802,3767.0,7,0,1,0,0.0,0
0.1819,53,0,0.2322,3886.0,4,0,1,0,2.0,0
0.8203,50,0,0.2802,5211.0,7,0,2,0,2.0,0
0.3683,36,0,0.2834,5964.0,5,0,0,0,0.0,1
0.0266,57,0,0.586,12819.0,6,0,2,0,0.0,0
6.8789,60,2,0.3851,8888.0,11,0,1,2,0.0,0
0.5453,53,0,0.2618,7954.0,7,0,1,0,1.0,1
1.2674,48,0,0.8593,12801.0,6,0,1,0,0.0,0
0.3584,47,0,0.852,,9,0,1,0,0.0,0
0.0706,43,0,0.3354,8499.0,9,0,3,0,1.0,0
0.1874,34,0,0.1299,5133.0,5,0,2,0,1.0,0
0.3948,73,0,0.4304,7914.0,5,0,1,0,2.0,0
0.1343,86,0,0.0226,6425.0,15,0,0,0,0.0,0
0.5722,38,0,0.5027,13895.0,2,0,0,0,,0
0.4111,44,0,0.1705,,11,0,0,0,0.0,0
0.2148,37,1,0.1046,2762.0,11,0,0,0,1.0,0
0.3045,64,0,0.1816,10789.0,4,0,0,0,1.0,0
4.1505,38,0,0.974,2146.0,5,0,0,0,1.0,0
0.4809,62,0,1.1369,,9,0,2,0,0.0,0
0.0827,58,0,0.8067,7571.0,10,0,1,0,0.0,0
3.7993,50,0,0.6229,2785.0,4,0,0,0,0.0,0
0.5355,71,0,0.1639,6474.0,9,0,0,0,1.0,0
0.5752,47,0,0.8678,2741.0,4,0,0,0,0.0,0
0.4625,52,0,0.2979,3431.0,6,0,1,0,1.0,0
0.5062,35,0,0.3377,13505.0,8,0,0,0,1.0,0
0.241,21,0,0.8714,,9,0,0,0,1.0,0
0.4593,67,0,0.4746,3241.0,6,0,1,1,0.0,0
0.2656,43,0,0.3458,13037.0,8,0,2,0,0.0,0
0.1997,68,0,0.7765,15085.0,5,0,2,0,2.0,0
0.4106,47,0,0.8614,,9,0,2,0,1.0,0
0.764,50,0,0.3658,3338.0,16,0,1,0,1.0,0
0.2346,55,0,0.9299,6436.0,2,0,1,0,1.0,0
0.6909,44,0,0.1335,7310.0,7,0,4,0,1.0,0
0.3314,29,0,0.0552,5841.0,5,0,1,0,0.0,0
0.2645,40,2,0.7189,11174.0,7,1,0,0,0.0,0
2.6244,39,0,0.5325,2398.0,13,0,4,0,1.0,0
0.0226,52,0,0.4152,10494.0,3,0,1,0,0.0,0
0.3686,68,0,0.1391,,6,0,1,0,1.0,0
0.6202,42,0,0.184,3501.0,7,0,3,0,0.0,0
0.6088,51,0,0.2814,5283.0,11,0,1,0,1.0,0
1.06,55,0,0.8987,23436.0,6,0,0,0,0.0,0
1.5818,41,0,0.5817,4435.0,13,0,0,0,0.0,0
0.739,57,0,1.0177,3588.0,7,0,0,0,1.0,0
0.3386,67,0,0.6785,4872.0,10,0,0,0,0.0,0
1.7572,58,3,0.1536,,6,0,2,1,0.0,0
0.0279,51,0,0.1026,2402.0,7,0,1,0,1.0,0
0.4051,40,0,0.3156,6972.0,5,0,0,0,0.0,0
0.0884,50,0,0.6839,4812.0,10,0,0,0,1.0,0
0.298,41,0,1.2617,,6,0,2,0,1.0,0
0.0768,44,0,0.2045,4406.0,5,0,1,0,0.0,0
0.6566,50,0,0.6371,6351.0,10,0,1,0,0.0,0
0.1005,49,1,0.3382,3108.0,5,0,2,0,2.0,0
0.1373,66,0,0.4014,6055.0,6,0,0,0,1.0,0
0.4762,44,0,0.3203,3012.0,4,0,0,0,0.0,0
0.308,57,0,0.6685,5684.0,8,0,2,0,1.0,0
0.6479,45,0,0.4844,2138.0,8,0,1,0,0.0,1
6.3431,39,0,0.8145,,9,0,2,0,0.0,0
0.0408,60,0,0.6735,7694.0,10,0,1,0,1.0,0
0.7654,58,0,0.7401,4858.0,12,0,0,0,0.0,0
0.2317,44,0,0.6226,4273.0,6,0,1,0,3.0,0
0.273,21,0,0.1169,3387.0,2,0,1,0,1.0,0
0.2783,68,0,0.2822,4914.0,6,0,1,0,1.0,0
1.2194,63,0,0.6516,7160.0,8,0,1,0,3.0,0
0.9324,68,0,0.7633,,6,0,2,0,0.0,0
0.584,69,0,0.1389,8471.0,11,0,2,0,0.0,0
0.2516,52,0,0.1914,675.0,6,0,1,0,1.0,0
0.7087,46,0,0.7115,,8,0,0,0,1.0,0
0.2342,27,0,0.4264,9833.0,7,0,0,0,0.0,0
0.5889,54,0,1.3051,,7,0,1,0,0.0,1
0.3772,46,0,0.801,3217.0,12,0,0,0,2.0,0
0.1943,41,0,0.06,,9,0,1,0,0.0,0
1.5582,33,0,0.6162,8932.0,9,0,1,0,1.0,0
0.768,38,0,0.1267,1917.0,12,0,0,0,0.0,0
0.2247,33,0,0.4051,,11,0,1,0,1.0,0
0.3438,66,0,0.9859,1936.0,5,0,2,0,0.0,0
0.7989,68,0,0.1025,7003.0,7,0,1,0,0.0,0
1.4197,42,0,0.1932,11289.0,4,0,2,0,4.0,0
0.1578,69,0,0.3231,5885.0,9,0,0,0,1.0,0
0.5822,53,0,0.4586,3743.0,8,0,1,0,1.0,1
0.0642,73,0,0.1275,,12,0,2,0,0.0,0
0.1768,60,0,0.7365,,5,0,1,0,0.0,0
0.7638,61,0,0.4153,,6,0,0,0,1.0,0
0.0806,55,0,0.8604,2298.0,13,0,3,0,2.0,0
0.4453,42,0,0.3179,3353.0,10,0,0,0,1.0,0
0.9057,34,0,0.6987,7219.0,9,0,0,0,2.0,0
0.0756,55,0,0.2925,3219.0,6,0,0,0,2.0,0
0.6838,51,0,0.2229,4790.0,8,0,1,0,2.0,0
0.2771,88,0,0.1873,3757.0,6,0,1,0,0.0,0
0.1977,62,0,0.5133,2896.0,11,0,0,0,2.0,0
0.4279,40,0,0.4351,2373.0,6,0,0,0,1.0,0
0.44,51,0,0.8023,11150.0,8,0,1,0,2.0,0
0.3879,47,0,0.396,1381.0,8,0,2,0,1.0,0
1.759,51,0,0.5075,,14,0,0,0,0.0,1
1.6223,34,0,0.4734,6790.0,11,0,1,0,2.0,0
0.8298,65,0,0.5348,6322.0,7,0,1,0,0.0,0
0.4031,46,0,0.6114,8470.0,7,0,0,0,1.0,0
0.1006,61,0,0.108,1356.0,6,0,1,0,0.0,0
3.7759,44,0,1.1641,,5,0,0,0,0.0,0
1.266,46,2,0.5583,1927.0,5,0,2,0,0.0,0
0.1631,60,0,0.2512,12066.0,8,0,1,0,0.0,0
6.5961,23,0,0.0804,,12,0,0,0,1.0,1
0.4001,66,0,0.839,7021.0,7,0,0,0,1.0,0
0.4463,73,0,0.5223,1799.0,7,0,2,0,0.0,1
0.2918,72,0,0.0674,5033.0,9,0,0,0,1.0,0
0.2347,42,0,0.2984,1906.0,11,0,4,0,1.0,0
0.3348,56,0,0.5988,,5,0,2,0,2.0,0
0.5106,46,0,0.5103,14466.0,15,0,0,0,2.0,0
0.2285,31,0,0.6531,,9,0,1,0,0.0,0
1.0416,53,0,0.3017,,3,0,0,0,1.0,0
3.5577,32,0,0.3699,,7,0,0,0,2.0,0
0.1991,60,0,0.1398,,7,0,3,0,1.0,0
0.1357,63,0,0.3718,4414.0,5,0,1,0,1.0,0
0.0689,70,0,0.393,10777.0,6,0,1,0,0.0,0
0.8379,59,0,1.1338,5301.0,10,0,1,0,0.0,0
0.6186,46,3,0.4757,5802.0,7,0,0,0,0.0,0
0.1497,49,0,0.4843,4472.0,9,0,3,0,0.0,0
0.1523,54,0,0.1703,2674.0,8,0,0,0,0.0,0
0.4021,72,0,0.4846,10946.0,9,0,1,0,2.0,0
0.0273,73,0,0.0565,2611.0,7,0,0,0,0.0,0
0.7157,51,0,0.6003,3394.0,7,0,1,0,0.0,1
0.3568,66,0,0.7067,9072.0,14,0,0,0,,0
0.4631,45,0,0.292,5060.0,8,0,3,0,2.0,0
0.4967,58,0,0.8617,5456.0,7,0,2,0,2.0,0
0.102,47,0,0.863,3810.0,7,0,1,0,0.0,1
0.6236,55,0,0.3707,6690.0,8,0,1,0,1.0,0
0.4301,40,0,0.1417,8730.0,5,0,1,0,0.0,0
2.9374,32,0,0.1866,3198.0,10,0,1,0,2.0,0
0.1996,35,1,0.4934,,6,0,1,0,1.0,0
0.0426,60,0,0.6108,13312.0,8,0,1,0,0.0,0
0.4307,36,0,0.7745,2642.0,11,0,0,0,0.0,1
0.2196,47,0,0.5617,5719.0,12,0,0,0,2.0,0
0.0547,64,0,0.6356,7012.0,10,0,1,0,1.0,0
5.4513,68,0,0.6495,,7,0,0,0,1.0,0
0.8401,38,0,0.0171,2163.0,12,0,0,0,1.0,0
0.416,21,0,0.3495,6787.0,12,0,0,0,0.0,1
0.7445,41,0,0.5664,9729.0,16,0,1,0,0.0,0
0.2374,55,0,0.0731,4866.0,9,0,1,0,3.0,0
0.2019,61,0,0.3943,11501.0,8,0,3,0,0.0,0
1.7806,35,0,0.2564,4012.0,8,1,2,0,0.0,0
0.9081,27,0,0.1549,,12,0,3,0,2.0,0
0.2259,39,0,0.2103,1923.0,12,0,2,0,1.0,0
5.1531,45,0,0.3911,,9,0,2,0,0.0,0
0.4021,81,0,0.3374,12283.0,12,0,2,0,0.0,0
0.3593,54,0,0.3728,11676.0,14,0,0,0,1.0,0
0.3719,61,0,0.7871,14300.0,9,0,0,0,2.0,0
0.5021,67,0,1.0203,10149.0,5,0,2,0,0.0,0
0.2735,46,0,0.4964,5018.0,9,0,1,0,1.0,0
0.3302,53,0,0.4255,,12,0,4,0,1.0,0
0.2523,56,0,0.5466,5720.0,7,0,1,0,1.0,0
0.6684,60,0,0.7725,8322.0,6,0,3,0,1.0,0
0.4957,50,0,0.1346,8146.0,6,0,1,0,0.0,0
0.1567,67,0,1.0829,24238.0,11,0,0,0,1.0,0
0.1467,67,0,0.456,3692.0,7,0,1,0,0.0,0
0.8861,48,0,0.305,7883.0,3,0,1,0,0.0,0
0.1681,63,0,0.2252,4959.0,9,0,1,0,0.0,0
10.8087,57,0,0.92,2552.0,7,0,0,0,0.0,0
0.0353,89,0,0.6404,5609.0,12,0,1,0,2.0,0
0.2891,65,0,0.7071,10771.0,6,0,0,0,0.0,0
0.0561,57,0,0.6595,,11,0,2,0,0.0,0
1.6011,44,3,0.4696,9823.0,5,0,1,2,,0
0.9662,38,0,0.7645,3806.0,12,0,1,0,1.0,0
0.4948,59,0,0.3346,,9,0,1,0,0.0,0
0.278,28,0,0.4002,16904.0,9,0,2,0,1.0,0
0.8091,75,0,0.7114,,11,0,1,0,0.0,1
0.562,23,0,0.4125,3536.0,15,0,1,0,0.0,0
0.2697,38,0,0.821,4680.0,8,0,1,0,1.0,0
3.5517,66,0,0.4163,11841.0,7,0,3,0,1.0,0
0.1254,52,0,0.8096,,12,0,0,0,0.0,0
0.0955,55,0,0.026,2256.0,7,0,1,0,1.0,0
0.3679,42,0,0.3581,,6,0,2,0,1.0,0
0.3499,50,0,0.5448,,7,0,0,0,1.0,0
0.3316,62,2,0.948,32331.0,7,0,0,0,1.0,0
0.2369,40,0,0.788,11059.0,6,0,1,0,0.0,0
0.5983,48,0,0.2804,1636.0,6,0,2,0,4.0,0
2.2157,52,0,0.6501,9176.0,3,0,1,0,0.0,0
0.0081,48,0,0.92,,7,0,1,0,1.0,0
0.2593,63,0,0.4158,26554.0,6,0,2,0,0.0,0
0.7828,58,0,0.4022,5167.0,5,0,1,0,0.0,0
0.4237,51,0,0.7861,,5,0,0,0,1.0,0
0.1427,28,0,0.5226,2402.0,10,0,2,0,0.0,0
0.0317,69,0,0.4192,1515.0,2,0,1,0,1.0,0
0.2233,39,0,0.5798,3075.0,6,0,1,0,2.0,0
0.3094,77,0,0.7807,10414.0,6,0,1,0,3.0,0
0.3865,40,0,1.0973,11281.0,13,0,0,0,0.0,0
1.9753,56,1,0.4962,,8,1,1,0,3.0,0
0.0994,61,0,0.9371,9345.0,7,0,0,0,0.0,0
0.1841,49,0,0.3262,,8,0,0,0,1.0,0
0.668,56,0,0.2131,12525.0,14,0,0,0,1.0,0
0.3013,48,0,0.5342,3222.0,10,0,0,0,0.0,0
0.3233,78,0,0.4971,9292.0,7,0,1,0,2.0,0
3.2144,55,0,0.6997,6497.0,13,0,1,0,1.0,0
0.2985,50,0,0.3438,21987.0,5,0,0,0,0.0,0
0.5699,55,0,0.337,8273.0,15,0,0,0,1.0,0
0.8525,68,0,0.9396,5790.0,9,0,2,0,1.0,0
0.454,57,0,0.279,1474.0,13,0,2,0,1.0,0
0.4359,55,0,0.6163,6946.0,4,0,0,0,0.0,0
0.8429,32,0,0.6701,,10,0,2,0,1.0,0
0.151,68,0,0.5595,9757.0,8,0,1,0,0.0,0
0.1827,57,1,0.3352,1332.0,7,1,0,0,0.0,0
0.3391,46,0,0.3529,1169.0,7,0,3,0,2.0,0
0.4505,57,0,0.0767,6273.0,14,0,1,0,1.0,0
2.1668,71,0,0.7033,8623.0,14,0,2,0,2.0,0
3.8107,62,0,0.4837,3366.0,7,0,3,0,0.0,0
0.0608,80,0,0.1727,,4,0,2,0,1.0,0
0.2805,64,0,0.4354,,4,0,0,0,2.0,0
5.2576,25,0,0.5534,6313.0,9,0,4,0,1.0,0
6.3325,70,0,1.1931,3576.0,5,0,0,0,1.0,0
0.0595,28,0,0.3294,16054.0,6,0,0,0,0.0,1
0.8779,71,0,0.5704,,7,0,2,0,0.0,1
1.8877,64,0,0.2936,4649.0,10,0,1,0,0.0,0
0.1946,76,0,0.5375,11229.0,7,0,1,0,2.0,0
0.1833,58,1,1.0427,3252.0,5,0,1,1,1.0,0
0.0385,56,0,0.5872,2603.0,13,0,3,0,1.0,0
0.0118,69,0,0.4209,5027.0,9,0,1,0,0.0,0
0.2371,36,0,0.4724,5357.0,5,0,1,0,0.0,0
0.9817,53,0,0.4601,7773.0,8,0,0,0,0.0,0
1.1786,49,0,0.5346,12573.0,9,0,1,0,0.0,0
0.2494,46,0,0.4148,8409.0,7,0,2,0,0.0,0
0.3581,44,0,0.2837,,10,0,0,0,2.0,0
0.9806,54,0,0.7435,7452.0,8,0,2,0,1.0,0
0.9508,62,1,0.3057,3989.0,8,0,2,2,1.0,0
0.2855,73,0,0.9915,10752.0,9,0,2,0,1.0,0
1.7345,48,0,0.5747,4094.0,13,0,0,0,1.0,0
0.4975,47,0,0.6494,3241.0,4,0,1,0,0.0,0
0.4903,21,0,0.3221,3446.0,10,0,1,0,1.0,0
0.2599,73,0,0.537,4371.0,9,0,2,0,0.0,0
0.426,33,0,0.5834,11073.0,8,0,1,0,0.0,0
1.8466,59,0,0.3492,7015.0,11,0,1,0,0.0,0
0.5087,56,0,0.6818,2321.0,17,0,0,0,1.0,0
0.4767,66,0,0.4545,2446.0,5,0,2,0,0.0,0
0.5863,40,0,0.3206,1664.0,11,0,1,0,2.0,1
2.18,60,0,0.5769,3831.0,10,0,1,0,1.0,0
0.1973,75,0,0.3396,2618.0,9,0,1,0,2.0,0
0.6638,55,0,0.5156,5298.0,3,0,2,0,2.0,0
0.2111,40,0,0.5415,,10,0,2,0,0.0,0
0.3251,31,0,0.7324,2871.0,7,0,0,1,1.0,0
0.1442,73,0,0.0237,7588.0,12,0,0,0,0.0,1
0.4027,46,0,0.3351,12476.0,6,0,4,0,1.0,0
18.5027,49,0,0.6572,,8,0,1,0,2.0,0
0.3381,87,0,0.208,6517.0,11,0,0,0,0.0,0
0.1121,65,0,1.3282,8945.0,7,0,0,0,2.0,0
0.0664,68,0,0.7108,,4,0,2,0,0.0,0
0.6415,75,0,0.6758,7773.0,8,0,1,0,0.0,0
1.5481,30,0,0.3719,2295.0,11,0,1,0,0.0,0
1.0441,73,0,0.8698,1913.0,6,0,1,0,3.0,1
0.3655,75,0,0.2699,2727.0,10,0,0,0,1.0,0
0.0967,46,0,0.5792,4805.0,4,0,1,0,0.0,0
0.2987,63,0,0.2063,,6,0,1,0,0.0,0
0.5103,66,0,0.0787,2901.0,4,0,2,0,2.0,0
0.3825,42,0,0.3687,15033.0,6,0,1,0,2.0,0
0.1504,65,0,0.4148,17999.0,10,0,0,0,0.0,0
0.4393,43,0,0.4983,6998.0,4,0,1,0,0.0,0
0.2969,88,0,0.2167,8458.0,5,0,1,0,2.0,0
0.047,54,0,0.5385,2724.0,8,0,1,0,2.0,0
0.6223,60,0,0.6936,6875.0,6,0,1,0,1.0,0
0.5253,29,0,0.6691,5841.0,13,0,2,0,1.0,0
0.7849,58,0,0.1462,8304.0,9,0,1,0,1.0,0
0.3897,69,0,0.3917,8060.0,11,0,4,0,1.0,0
0.4256,39,0,0.4589,10852.0,10,0,2,0,2.0,0
0.3158,45,0,0.51,13302.0,6,0,2,0,1.0,0
1.0492,42,0,0.2853,8118.0,11,0,1,0,0.0,0
0.2332,36,0,0.417,,7,0,0,0,1.0,0
0.3817,34,0,0.0214,11782.0,6,0,1,0,0.0,0
0.657,66,0,0.5207,2065.0,7,0,0,0,0.0,0
0.5647,34,0,0.6399,12777.0,11,0,1,0,1.0,0
0.6207,27,0,0.9233,4372.0,4,0,0,0,0.0,0
0.1249,45,0,0.3996,8360.0,9,0,1,0,0.0,0
0.047,53,0,0.1586,3058.0,10,0,2,0,0.0,0
0.1043,60,0,0.9244,13770.0,14,0,2,0,1.0,0
0.0195,40,0,0.1614,4555.0,5,0,3,0,3.0,0
2.8616,44,0,0.1478,3519.0,5,0,1,0,0.0,0
0.2774,60,0,0.9748,3217.0,5,0,1,0,2.0,0
0.5057,65,0,0.0847,3955.0,12,0,1,0,1.0,0
0.294,69,0,1.1915,12155.0,3,0,1,0,1.0,0
3.7214,59,1,0.3583,1848.0,6,0,2,1,,0
0.8776,29,0,0.9388,8699.0,6,0,0,0,0.0,0
0.1064,40,0,0.3852,,11,0,1,0,1.0,0
0.6422,70,0,0.2556,,7,0,2,0,1.0,0
0.6493,77,0,0.1217,12390.0,5,0,2,0,,1
0.745,51,2,0.4089,2911.0,14,0,2,0,1.0,0
1.1514,50,0,0.5359,,10,0,0,0,1.0,1
0.2882,38,0,0.8071,5502.0,11,0,2,0,2.0,0
1.7716,72,1,0.7083,7681.0,13,0,1,0,1.0,0
0.2547,37,0,0.1881,,2,0,1,0,0.0,0
0.0337,79,0,0.7325,6372.0,8,0,0,0,1.0,0
3.6628,51,0,0.7771,,10,0,0,0,0.0,0
0.1268,40,0,1.4936,3278.0,10,0,1,0,3.0,0
0.9261,27,0,0.2104,4526.0,11,0,2,0,2.0,1
0.2146,48,0,0.4633,7843.0,3,0,1,0,0.0,0
0.6495,50,0,0.0851,,4,0,2,0,0.0,1
0.2509,48,0,0.1117,4653.0,7,0,0,0,0.0,0
0.233,52,0,0.8683,1795.0,7,0,2,0,2.0,0
0.4804,71,0,0.7888,4732.0,4,0,0,0,,0
0.2515,61,0,0.1728,10936.0,7,0,1,0,3.0,0
0.0039,55,0,0.6492,8107.0,3,0,0,0,1.0,0
1.4077,68,0,0.6105,13879.0,6,0,3,0,1.0,0
0.3163,39,0,0.337,4661.0,11,0,0,0,1.0,0
0.1373,62,0,0.4339,5934.0,9,0,1,0,2.0,0
0.2769,62,0,0.5604,5571.0,8,0,1,0,2.0,0
0.2959,73,0,0.3062,5572.0,6,0,3,0,2.0,0
0.3596,33,1,0.129,1486.0,7,0,1,1,1.0,0
0.3865,40,0,0.5777,2282.0,12,0,2,0,1.0,0
0.4554,41,0,0.0826,5050.0,11,0,2,0,1.0,0
0.1095,59,0,0.476,7464.0,6,0,2,0,0.0,0
0.1807,55,0,0.7684,6092.0,13,0,2,0,2.0,0
0.2492,60,0,0.2824,4438.0,8,0,0,0,2.0,0
0.1344,23,0,0.1951,,4,0,0,0,1.0,0
0.4374,73,0,0.5222,1968.0,5,0,1,0,2.0,0
0.5771,55,0,0.3814,18153.0,4,0,1,0,1.0,0
6.8242,60,0,0.5348,8903.0,5,0,0,0,2.0,0
0.6686,57,0,0.3872,1289.0,3,0,2,0,1.0,0
0.6857,43,0,0.367,1731.0,3,0,1,0,1.0,0
0.5102,59,0,0.894,5163.0,8,0,0,0,0.0,0
0.3765,53,0,0.5845,1360.0,11,0,0,0,1.0,0
2.6465,53,0,0.266,10939.0,7,0,1,0,1.0,0
0.3129,59,0,0.5242,5907.0,12,0,1,0,1.0,0
0.2817,51,0,0.1644,1527.0,11,0,0,0,1.0,0
0.4491,33,0,0.2505,4554.0,11,0,0,0,2.0,0
0.4132,49,0,0.8322,5448.0,4,0,1,0,0.0,0
0.3677,75,0,0.6622,9357.0,10,0,1,0,0.0,0
0.0825,44,0,0.7545,4222.0,12,0,2,0,0.0,0
2.4782,53,0,0.677,8073.0,6,0,2,0,1.0,0
0.5738,64,0,0.602,,2,0,2,0,1.0,0
0.7123,82,0,0.4046,13102.0,6,0,1,0,1.0,0
0.0583,48,0,0.7366,3196.0,8,0,0,0,1.0,0
0.599,35,0,0.7536,,6,0,1,0,0.0,0
0.6865,61,0,0.4875,20012.0,12,0,1,0,1.0,0
0.2449,41,0,0.6778,4295.0,22,0,0,0,2.0,0
0.1284,56,0,0.6191,,7,0,3,0,2.0,0
0.5452,60,0,0.4231,3450.0,10,0,1,0,0.0,0
2.0402,45,0,0.2571,1771.0,4,0,1,0,3.0,0
0.1363,48,0,0.4873,5415.0,5,0,1,0,1.0,0
2.9188,63,1,0.4778,8566.0,9,0,2,0,1.0,0
0.8611,67,0,0.5005,3831.0,6,0,1,0,0.0,1
0.3974,53,0,0.7714,8101.0,10,0,2,0,0.0,0
0.0641,54,0,0.5129,9895.0,9,0,2,0,0.0,0
0.5186,36,0,0.3328,18265.0,8,0,0,0,2.0,0
0.6295,54,0,0.4776,,8,0,1,0,0.0,0
2.1617,47,0,0.1335,2182.0,5,0,0,0,0.0,0
0.8217,53,0,0.5425,12008.0,8,0,1,0,0.0,0
0.3118,72,0,0.3727,3621.0,5,0,0,0,1.0,0
0.1765,36,0,0.6786,5227.0,4,0,1,0,0.0,0
0.2793,68,0,0.7079,9758.0,8,0,3,0,0.0,0
0.104,55,0,0.5973,,6,0,0,0,0.0,0
0.3565,52,0,0.4317,11716.0,5,0,2,0,3.0,0
2.3401,40,0,0.421,3605.0,9,0,3,0,,0
0.0128,56,0,0.2898,9325.0,4,0,0,0,0.0,0
0.2914,82,0,0.4488,13596.0,9,0,0,0,0.0,0
0.2722,21,0,0.326,3818.0,6,0,0,0,2.0,0
0.0446,25,0,0.7831,2773.0,10,0,4,0,1.0,0
0.2151,50,0,0.4931,,8,0,2,0,2.0,0
0.0606,57,0,0.5811,15213.0,11,0,1,0,1.0,0
2.9594,65,0,0.3757,,11,0,1,0,0.0,0
0.3233,58,0,0.2862,5045.0,8,0,1,0,1.0,0
7.4913,29,3,0.3798,5001.0,4,1,1,1,1.0,0
2.8667,61,0,0.4747,3139.0,8,0,2,0,0.0,1
0.1228,50,0,1.0065,4367.0,4,0,0,0,0.0,0
0.0922,64,0,0.382,10200.0,11,0,0,0,0.0,0
0.6935,42,0,0.4634,2944.0,5,0,1,0,1.0,1
0.236,31,0,1.0188,2477.0,5,0,1,0,0.0,0
0.2815,46,0,0.5779,6787.0,5,0,3,0,1.0,0
0.2677,59,0,0.4813,3340.0,7,0,0,0,,0
0.6517,57,0,0.3812,3428.0,5,0,0,0,0.0,0
0.4775,52,0,0.5849,6939.0,7,0,2,0,0.0,0
0.1001,43,0,0.3647,,6,0,1,0,0.0,0
0.4125,50,0,0.5462,5256.0,8,0,1,0,0.0,0
0.2209,73,0,0.215,4958.0,8,0,2,0,1.0,0
0.6421,88,0,0.7675,,9,0,3,0,1.0,1
0.3829,58,0,0.9478,,7,0,0,0,0.0,0
0.5906,66,0,0.558,6381.0,11,0,1,0,0.0,0
0.1321,42,0,0.889,,9,0,1,0,0.0,0
0.4578,71,0,0.639,9672.0,16,0,2,0,,0
0.2874,47,0,0.3205,2033.0,5,0,0,0,2.0,0
0.05,34,0,0.4326,5291.0,6,0,0,0,2.0,0
0.0441,68,0,0.4745,5160.0,4,0,2,0,2.0,0
1.4708,53,0,0.9765,3779.0,10,0,2,0,1.0,0
0.1694,72,0,0.3808,,8,0,0,0,0.0,0
0.4883,64,0,0.5542,3419.0,5,0,0,2,0.0,0
0.7741,34,0,0.3903,6621.0,7,0,1,0,3.0,0
0.3287,55,0,0.3151,2632.0,8,0,0,0,2.0,0
0.1579,39,0,0.154,3338.0,8,0,2,0,0.0,0
2.7598,70,0,0.1423,7938.0,6,0,1,0,0.0,0
0.0757,53,0,0.7929,6002.0,4,0,1,0,2.0,0
0.2405,43,2,0.0879,8917.0,14,0,0,0,0.0,0
4.656,24,0,0.5081,,13,0,1,0,0.0,1
1.0726,68,0,0.263,,4,0,1,0,0.0,0
0.439,47,0,0.8999,5143.0,9,0,0,0,1.0,0
0.4011,48,0,0.333,9153.0,7,0,4,0,0.0,0
2.7492,59,0,0.5367,,9,0,2,0,0.0,0
0.1382,40,0,1.2196,1713.0,9,0,2,0,1.0,0
0.1126,31,0,0.9333,15696.0,12,0,1,0,0.0,0
0.0563,55,0,0.7188,5452.0,6,0,2,0,0.0,0
2.9413,39,0,0.5721,3323.0,3,0,0,0,1.0,1
0.5649,51,0,0.4197,4135.0,12,0,0,0,1.0,0
0.5919,40,0,0.6095,,10,0,1,0,1.0,0
0.5955,33,0,0.5709,15550.0,9,0,0,0,0.0,0
1.0295,29,0,0.5541,4872.0,11,2,2,1,1.0,0
0.253,53,0,0.3472,12709.0,11,0,0,0,2.0,0
0.9173,67,0,0.2628,3926.0,8,0,1,0,0.0,0
0.672,66,0,0.2116,,7,0,1,0,2.0,0
1.9822,52,0,0.2973,5490.0,8,0,2,0,1.0,0
0.4779,72,0,0.5647,11873.0,5,0,0,0,1.0,0
0.2941,45,0,0.1869,,10,0,0,0,0.0,0
0.1712,63,0,0.9754,3630.0,7,0,2,0,1.0,0
0.6785,45,0,0.1302,4541.0,7,0,1,0,0.0,0
0.5718,42,0,0.5631,5698.0,8,0,2,0,0.0,0
0.8442,63,0,0.8606,6952.0,3,0,2,0,1.0,0
0.3526,58,0,0.2843,8009.0,15,0,1,0,1.0,0
0.3622,61,0,0.1277,7127.0,4,0,1,0,0.0,0
0.4358,31,0,0.6939,3531.0,9,0,1,0,2.0,0
0.1793,66,0,0.1554,,7,0,1,0,0.0,0
0.0193,61,0,0.6318,4593.0,8,0,0,0,0.0,0
0.0375,46,0,0.951,6317.0,7,0,0,0,1.0,0
0.1385,60,0,0.5999,,14,0,1,0,1.0,0
0.5135,67,0,0.4099,13280.0,11,0,0,0,2.0,0
0.2836,42,0,0.8521,3587.0,5,0,0,0,2.0,0
0.328,42,0,0.7031,3399.0,10,0,1,0,0.0,0
0.8565,48,4,0.1859,3855.0,4,2,0,0,0.0,0
0.6946,21,0,0.3547,10067.0,6,0,0,0,2.0,0
0.5914,57,0,0.4871,4995.0,10,0,0,0,1.0,0
0.1955,65,0,0.9242,5273.0,13,0,3,0,2.0,0
1.2918,60,0,0.6163,,6,0,2,0,0.0,0
0.5068,59,0,0.13,13007.0,8,0,3,0,3.0,0
1.7499,66,0,0.2863,3223.0,10,0,0,0,0.0,0
0.8261,51,0,0.3667,7078.0,5,0,0,0,1.0,0
1.0283,30,0,0.0457,4562.0,7,0,1,0,1.0,1
0.167,54,0,0.4997,6067.0,10,0,0,0,0.0,0
0.4819,70,0,0.2027,2487.0,6,0,2,0,1.0,0
0.1126,57,0,0.3943,1932.0,8,0,1,0,1.0,0
0.2631,47,0,0.6109,2375.0,9,0,0,0,1.0,0
0.1383,63,0,0.1741,2205.0,10,0,0,0,0.0,0
0.8495,57,0,0.5135,10546.0,13,0,0,1,0.0,0
0.4798,49,0,0.5001,15348.0,10,0,0,0,1.0,0
3.0004,54,0,0.362,,7,0,1,0,,0
0.5123,48,0,0.5446,8444.0,6,0,1,0,0.0,0
0.295,61,0,0.1311,5729.0,10,0,2,0,3.0,1
2.1834,39,0,0.171,10549.0,4,0,2,0,2.0,0
0.5856,57,0,0.2422,6289.0,11,0,1,0,0.0,0
3.3786,64,3,0.496,4722.0,8,0,1,1,1.0,0
3.6776,55,0,0.6915,2771.0,11,0,1,0,3.0,1
0.478,55,1,0.3043,,6,0,0,1,0.0,0
0.0252,53,1,0.434,5524.0,5,0,2,0,1.0,0
4.818,59,0,0.3542,,9,0,1,0,1.0,0
0.9125,47,1,0.6032,14092.0,3,0,1,3,0.0,0
0.0978,50,0,0.8445,13466.0,6,0,0,0,1.0,0
0.5362,39,0,0.512,,10,0,0,0,2.0,0
0.0858,48,0,0.4636,15177.0,3,0,0,0,0.0,0
0.6783,24,0,0.6033,,9,0,1,0,0.0,0
3.0991,52,0,0.5294,2956.0,5,0,0,0,3.0,0
0.4311,61,0,0.3749,8975.0,7,0,0,0,0.0,0
0.3374,51,0,0.0406,,6,0,2,0,0.0,0
0.6056,65,0,0.392,3787.0,5,0,1,0,2.0,0
0.1595,71,0,0.2827,3988.0,5,0,1,0,1.0,0
0.1466,52,0,0.4278,6794.0,4,0,0,0,1.0,0
0.4664,38,0,0.9957,5223.0,12,0,0,0,2.0,1
0.3408,67,0,0.7796,1636.0,12,0,1,0,1.0,0
0.6184,64,0,0.2312,4356.0,7,0,2,0,1.0,0
1.0045,58,0,0.2801,7635.0,10,0,2,0,0.0,0
0.8223,45,0,0.4223,,12,0,0,0,2.0,0
3.5623,57,0,0.6438,2538.0,9,0,1,0,0.0,0
0.0608,48,0,0.6238,,11,0,2,0,1.0,0
0.127,42,1,0.605,4074.0,12,0,0,0,1.0,0
0.3604,57,0,0.4125,2919.0,9,0,1,0,1.0,0
0.5971,38,0,0.2263,,8,0,1,0,1.0,0
0.0238,63,0,0.801,,8,0,2,0,1.0,0
9.6594,56,1,0.0616,8430.0,7,1,0,1,1.0,0
0.4135,50,0,0.7716,3240.0,6,0,0,0,2.0,0
1.5333,51,0,0.0415,5150.0,7,0,2,0,2.0,0
1.354,37,0,0.1927,3347.0,8,0,0,0,1.0,0
0.6957,38,0,0.0505,5696.0,11,0,1,0,1.0,0
5.4255,76,0,0.2215,4134.0,9,0,1,0,0.0,0
0.9167,50,0,0.3651,2947.0,9,0,1,0,1.0,0
1.215,32,0,0.5032,13672.0,5,0,1,0,0.0,0
0.2741,65,0,0.1755,7895.0,9,0,1,0,0.0,0
0.5893,38,0,0.4091,3080.0,9,0,0,0,4.0,0
0.0374,60,0,0.7822,7461.0,5,0,0,0,0.0,0
0.5162,73,0,0.1264,3534.0,11,0,1,0,1.0,0
0.2462,49,0,0.765,,9,0,0,0,2.0,0
2.7012,68,1,0.3308,,7,0,0,1,0.0,0
0.1918,62,0,0.3866,8921.0,9,0,1,0,1.0,0
0.3043,74,0,0.865,3812.0,9,0,1,0,1.0,0
0.135,60,0,0.2177,8480.0,6,0,2,0,2.0,0
0.2977,45,0,0.3221,2166.0,14,0,1,0,0.0,0
2.0022,23,2,0.0186,,7,0,1,0,2.0,0
0.1013,41,0,0.3039,6551.0,8,0,1,0,0.0,0
0.4037,45,0,0.6196,3826.0,6,0,0,0,1.0,0
0.8493,66,0,0.2174,3562.0,9,0,1,0,1.0,0
0.2818,69,0,0.2473,6536.0,7,0,2,0,0.0,0
0.3907,37,0,0.1947,6204.0,9,0,0,0,0.0,0
0.2221,69,0,0.4704,2316.0,5,0,3,0,2.0,0
0.2706,41,0,0.8267,5763.0,8,0,1,0,0.0,0
0.7213,40,0,0.55,3762.0,3,0,0,0,1.0,0
0.2138,33,0,0.4665,7381.0,4,0,3,0,0.0,0
2.9921,57,0,0.4626,7930.0,17,0,0,0,0.0,0
0.0199,44,0,0.5215,,11,0,1,0,1.0,1
0.2271,70,0,0.3427,3573.0,6,0,1,0,0.0,0
0.2397,39,0,0.6576,16645.0,9,0,1,0,0.0,0
1.2087,62,0,1.1498,13128.0,8,0,0,0,0.0,0
0.4232,35,1,0.0596,19008.0,10,0,0,0,1.0,0
0.2906,66,0,0.2242,2358.0,4,0,0,0,1.0,0
0.4526,54,0,0.4438,10699.0,7,0,0,0,0.0,0
0.6743,56,0,0.3856,3507.0,8,0,0,0,2.0,0
0.4367,47,0,0.3834,14889.0,8,0,1,0,0.0,0
0.1242,46,0,0.7022,,8,0,3,0,2.0,0
1.3301,59,0,0.6324,12042.0,5,0,1,0,2.0,0
0.3113,77,0,0.1126,19476.0,11,0,1,0,0.0,0
1.0128,37,0,0.827,5063.0,12,0,1,0,1.0,0
0.3213,47,0,0.8379,,14,0,2,0,3.0,0
0.2306,43,0,0.9232,4407.0,11,0,0,0,0.0,0
0.265,31,0,0.149,4950.0,10,0,1,0,1.0,0
0.1021,31,0,0.1707,2496.0,14,0,2,0,3.0,0
0.5646,42,1,0.0742,,10,0,0,0,1.0,0
0.6199,46,0,0.394,,8,0,0,0,0.0,0
0.5641,72,0,0.6399,5248.0,7,0,1,0,1.0,0
3.1334,66,0,0.3766,4678.0,4,0,1,0,0.0,0
0.4301,41,0,0.0633,1748.0,7,0,1,0,1.0,1
0.326,63,0,0.4463,4481.0,11,0,0,2,1.0,0
0.4518,41,0,0.6404,2677.0,8,0,0,0,1.0,0
0.0858,51,0,0.471,,3,0,1,0,1.0,0
0.9717,57,0,0.0942,8295.0,9,0,4,0,0.0,0
0.6273,82,0,0.5417,6117.0,6,0,0,0,1.0,0
0.3587,56,0,0.3496,6812.0,8,0,0,0,0.0,0
0.3529,31,0,0.9402,4390.0,13,0,3,0,0.0,0
0.4788,62,0,1.0917,5474.0,11,0,1,0,1.0,0
0.9248,68,0,0.8414,3095.0,9,0,3,0,0.0,0
5.6785,64,0,0.2662,3762.0,10,0,1,0,0.0,0
0.0024,38,0,0.917,2291.0,9,0,1,0,1.0,0
0.496,54,0,0.3581,2592.0,4,0,0,0,0.0,0
0.2151,52,0,0.1004,2270.0,8,0,1,0,0.0,0
0.4618,77,0,0.5353,3836.0,10,0,1,0,2.0,0
0.4776,61,0,0.0916,7154.0,4,0,2,0,,0
3.3175,76,0,0.9806,,8,0,0,0,1.0,0
0.5232,42,0,0.1986,,8,0,1,0,2.0,0
0.041,49,0,0.6779,,6,0,1,0,1.0,0
0.1254,44,0,0.5675,3971.0,8,0,1,0,1.0,0
3.5467,66,0,0.315,2769.0,6,0,0,0,1.0,0
2.169,68,0,0.0638,21353.0,8,0,0,0,0.0,0
3.9443,57,0,1.06,8092.0,10,0,0,0,3.0,0
0.5549,53,0,0.5133,3698.0,8,0,1,0,3.0,0
0.7036,58,0,0.3405,1529.0,11,0,3,0,1.0,0
0.129,33,0,0.4973,6234.0,9,0,1,0,2.0,0
5.4435,46,0,0.3098,3252.0,13,0,0,0,1.0,0
1.5988,47,0,0.9161,5267.0,4,0,3,0,1.0,1
0.7438,52,0,0.7187,2659.0,7,0,0,0,1.0,0
0.5371,43,0,0.3135,5955.0,11,0,1,0,0.0,0
0.336,40,0,0.3612,3950.0,7,0,0,0,0.0,0
0.5977,30,0,0.2267,11128.0,7,0,1,0,0.0,0
0.7684,58,0,0.4694,18716.0,9,0,1,0,2.0,0
0.7605,33,0,0.2275,5076.0,9,0,0,0,1.0,0
0.0981,66,0,0.2936,,5,0,0,0,,0
0.1867,57,0,0.2845,9458.0,7,0,4,0,2.0,0
0.639,64,0,0.3003,8358.0,12,0,0,0,0.0,0
1.5719,40,0,0.7307,3895.0,8,0,2,0,3.0,0
0.5613,78,0,0.5412,2702.0,15,0,1,0,2.0,0
0.5238,83,0,0.5862,1612.0,4,0,1,0,0.0,0
0.6369,52,2,0.3533,6083.0,7,3,1,0,1.0,0
0.571,58,3,0.371,3880.0,8,0,2,1,2.0,0
0.0069,52,0,0.0669,8480.0,13,0,4,0,0.0,0
0.5596,66,0,0.7324,6087.0,8,0,4,0,0.0,0
0.1114,63,0,0.2397,5784.0,9,0,0,0,0.0,0
1.3288,27,0,0.6156,9356.0,12,0,2,0,1.0,0
0.3078,40,0,0.6217,,7,0,1,0,1.0,0
0.7467,57,0,0.6426,5447.0,3,0,0,0,0.0,0
0.3175,63,0,0.8937,3198.0,8,0,1,0,2.0,0
0.3071,54,0,0.4157,,5,0,0,0,0.0,0
0.5576,28,0,0.6116,,7,0,0,0,1.0,0
0.4849,60,0,0.8911,8650.0,11,0,2,0,1.0,0
0.5428,78,0,0.8994,5906.0,5,0,0,0,1.0,0
0.2182,21,0,0.3535,2883.0,12,0,0,0,1.0,0
0.8355,65,0,0.8902,2149.0,7,0,0,0,0.0,0
0.0663,78,0,0.5565,,9,0,1,0,,0
0.7513,65,0,1.1668,,11,0,2,0,0.0,1
0.9316,51,0,0.0782,6248.0,13,0,0,0,1.0,0
0.4397,65,0,0.2995,18848.0,2,0,1,0,1.0,0
0.0111,51,0,0.1953,5556.0,8,0,1,0,0.0,0
0.1014,60,0,0.1671,4440.0,9,0,1,0,0.0,0
0.1319,53,0,0.329,10221.0,10,0,0,0,0.0,0
0.1442,54,0,0.7392,4388.0,3,0,5,0,,0
0.1279,41,0,0.3635,851.0,11,0,1,0,1.0,0
0.615,46,0,0.1768,3965.0,8,0,0,0,1.0,0
0.2173,75,0,0.2506,8055.0,8,0,2,0,0.0,0
3.1862,43,1,1.0898,15862.0,6,0,3,0,1.0,0
0.5885,25,0,0.8875,6787.0,10,0,1,0,0.0,0
0.4459,95,0,0.0519,1682.0,6,0,0,0,1.0,0
0.611,46,0,1.1629,15335.0,11,0,0,0,2.0,0
0.8747,48,3,0.5478,7467.0,7,0,0,3,1.0,0
2.1098,46,0,0.193,5731.0,8,0,1,0,0.0,0
0.491,52,0,0.4557,,3,0,0,0,1.0,0
1.2937,41,0,0.2037,5720.0,10,0,0,0,0.0,0
0.8219,73,0,0.2393,2586.0,11,0,0,0,1.0,0
0.2971,49,0,0.3713,7944.0,13,0,1,0,1.0,0
0.5444,37,0,0.5743,2502.0,6,0,1,0,1.0,0
0.0327,21,0,0.6331,,7,0,1,0,1.0,0
0.6946,67,0,0.7917,5941.0,8,0,0,0,0.0,0
0.1522,46,0,0.3501,2511.0,8,0,1,0,2.0,0
4.4126,57,0,0.6388,5632.0,10,0,2,0,1.0,0
0.0366,39,0,0.5145,4245.0,12,0,0,0,0.0,0
0.9155,53,0,0.2404,5774.0,12,0,1,0,0.0,0
0.1193,52,0,0.0858,6596.0,12,0,1,0,2.0,0
1.2947,65,0,0.2279,5220.0,11,0,0,0,0.0,0
0.1325,54,0,0.4915,8777.0,9,0,0,0,0.0,0
0.3891,36,0,0.4826,3110.0,12,0,0,0,2.0,0
0.3611,86,0,0.3811,7125.0,8,0,6,0,0.0,0
0.5525,58,0,0.7197,2850.0,3,0,0,0,0.0,0
0.1132,39,0,0.948,9757.0,7,0,0,0,0.0,0
2.0561,55,0,0.3794,6493.0,7,0,2,0,0.0,0
0.4296,57,0,0.3472,22379.0,8,0,2,0,1.0,0
1.3286,59,0,0.5679,6802.0,5,0,1,0,1.0,0
0.116,57,0,0.5323,,9,0,0,0,3.0,0
0.5536,55,0,0.5646,,12,0,1,0,0.0,0
0.2651,65,0,0.2947,2361.0,5,0,0,0,2.0,0
0.6886,62,0,0.6091,,7,0,1,0,0.0,0
4.1834,62,0,0.703,7618.0,12,0,0,0,1.0,0
1.5978,27,0,0.1107,5892.0,13,0,0,0,1.0,1
0.3821,28,0,0.3389,,3,0,1,0,1.0,0
0.5611,41,0,0.36,9326.0,7,0,2,0,0.0,0
0.1538,49,0,0.6728,2501.0,11,0,2,0,2.0,0
0.4404,41,0,0.4345,2579.0,11,0,1,0,0.0,0
0.0291,38,0,0.2048,7951.0,8,0,1,0,1.0,0
0.8062,55,0,0.3428,15411.0,6,0,0,0,1.0,0
0.5088,40,0,0.3247,11338.0,8,0,0,0,0.0,0
0.5496,21,0,0.2723,,8,0,0,0,1.0,0
0.4935,33,0,0.6137,1325.0,11,0,0,0,0.0,0
1.1102,43,0,0.9477,,7,0,0,0,1.0,0
0.2296,48,0,0.0785,5692.0,9,0,0,0,1.0,0
0.1519,65,0,0.2977,6883.0,6,0,1,0,0.0,0
0.2857,58,0,0.7144,5947.0,6,0,0,0,0.0,0
0.5136,24,0,0.1041,4196.0,7,0,0,0,0.0,1
0.0514,72,0,0.0898,11464.0,5,0,1,0,0.0,0
5.2117,49,0,0.4004,,3,0,1,0,0.0,0
2.3338,53,0,0.1687,3143.0,7,0,1,0,0.0,0
1.2483,54,0,0.5519,4348.0,12,0,2,0,1.0,0
0.19,40,0,0.1007,7588.0,13,0,3,0,2.0,0
0.4032,60,0,0.0593,6006.0,7,0,1,0,0.0,0
0.5725,25,0,0.3568,4330.0,6,0,1,0,2.0,0
0.0956,71,0,0.4773,3665.0,7,0,0,0,0.0,0
0.7111,55,0,0.1522,,11,0,1,0,1.0,0
0.4722,57,1,0.3245,10852.0,10,0,1,0,1.0,0
0.5693,59,0,0.7921,,6,0,0,0,0.0,0
0.2603,46,0,0.816,9438.0,5,0,0,0,0.0,0
0.1415,70,0,0.1954,9006.0,6,0,2,0,1.0,0
2.7284,42,0,0.6128,12069.0,17,0,1,0,0.0,0
1.0779,38,0,0.8599,5089.0,9,0,1,0,0.0,1
1.8309,54,3,0.5051,,7,0,0,2,1.0,0
0.4126,33,2,0.5803,13812.0,6,0,1,0,0.0,0
0.2333,44,0,0.3201,7788.0,9,0,0,0,1.0,0
0.3198,56,0,0.8291,4895.0,4,0,0,0,2.0,0
0.3585,62,0,0.225,6321.0,10,0,1,0,0.0,0
0.8787,51,1,0.6721,3823.0,11,0,1,0,1.0,0
0.2276,39,0,0.7433,6564.0,10,0,1,0,0.0,0
0.1521,47,0,0.2422,4291.0,4,0,0,0,1.0,0
0.2354,43,0,0.7556,6691.0,10,0,0,0,2.0,0
3.4007,51,0,0.4608,3277.0,9,0,1,0,1.0,0
0.532,43,0,1.1386,3761.0,11,0,1,0,,1
0.6011,38,0,0.498,2400.0,7,0,0,0,2.0,0
0.6029,37,0,0.4351,19342.0,8,0,1,0,1.0,0
0.2417,26,0,0.356,2265.0,10,0,0,0,2.0,0
0.6288,67,0,0.4916,5021.0,6,0,1,0,2.0,0
0.2911,62,0,0.1966,8890.0,5,0,0,0,4.0,0
0.1538,35,0,0.4632,6194.0,9,0,2,0,0.0,0
0.1257,61,0,0.3297,3698.0,5,0,1,0,0.0,0
2.3253,53,0,0.5688,,8,0,0,0,0.0,1
3.6674,34,0,0.9636,5851.0,6,0,1,0,1.0,0
0.6557,37,0,0.1707,4312.0,8,0,0,0,0.0,0
0.4181,50,0,0.3539,3215.0,15,0,0,0,0.0,0
0.7,62,0,0.0706,5368.0,11,0,2,0,3.0,0
0.4118,60,0,0.1334,,8,0,0,0,,0
0.2444,44,0,0.6778,16755.0,6,0,0,0,2.0,0
0.3696,58,0,0.561,7846.0,3,0,1,0,0.0,0
0.5077,50,0,0.8184,2318.0,6,0,1,0,3.0,0
0.5977,42,0,0.6483,2161.0,9,0,0,0,0.0,1
0.5,65,0,0.9905,,9,0,0,0,0.0,0
0.5974,54,0,0.7935,5165.0,10,0,1,0,2.0,0
0.2027,59,0,0.6585,2737.0,9,0,0,0,0.0,0
0.1286,37,0,0.182,6203.0,5,0,2,0,2.0,0
0.163,45,0,0.1149,6046.0,9,0,4,0,2.0,0
0.8114,63,0,0.1685,7443.0,4,0,2,0,1.0,0
0.329,48,0,1.001,,12,0,1,0,1.0,0
0.858,49,0,0.4133,5893.0,6,0,0,0,0.0,0
1.4078,37,0,0.2142,3048.0,8,0,0,0,1.0,0
0.1459,55,1,0.1743,6068.0,10,1,3,0,1.0,0
0.2067,37,0,0.3548,14028.0,5,0,0,0,0.0,0
0.1306,57,0,0.3971,5863.0,5,0,2,0,0.0,0
0.2755,38,0,0.3938,7216.0,3,0,0,0,2.0,0
0.1428,49,0,0.2568,9996.0,7,0,2,0,1.0,0
0.0534,74,0,0.1776,6523.0,7,0,0,0,1.0,0
0.1495,57,0,0.5783,2142.0,8,0,5,0,1.0,0
0.562,47,0,0.1638,3077.0,6,0,1,0,0.0,0
0.1465,64,0,0.1626,8469.0,13,0,0,0,1.0,0
0.0396,42,1,0.1036,4029.0,9,0,1,0,1.0,0
0.2337,38,0,1.0228,9441.0,10,0,1,0,1.0,0
3.6384,47,0,0.6284,9206.0,11,0,1,0,0.0,0
4.3802,67,0,0.5314,5946.0,10,0,1,0,1.0,0
1.0388,67,0,0.4043,8368.0,9,0,0,0,1.0,0
0.3069,45,0,0.3141,5085.0,11,0,2,0,0.0,0
0.0842,48,0,0.411,,10,0,1,0,1.0,0
1.5254,58,0,0.4305,3053.0,12,0,1,0,0.0,0
0.4113,86,0,0.2898,10835.0,5,0,0,0,0.0,0
0.0196,49,2,1.0951,,7,0,1,0,0.0,0
0.0451,71,0,0.9413,3636.0,7,0,0,0,1.0,0
2.6375,55,0,0.8284,1760.0,11,0,0,0,1.0,0
0.5919,64,0,0.6494,10856.0,8,0,0,0,1.0,0
1.0794,66,0,0.5817,5127.0,7,0,0,0,0.0,1
0.3121,54,0,0.6106,7691.0,8,0,1,0,1.0,0
0.6516,52,0,0.7433,3792.0,9,1,0,1,1.0,0
0.0457,49,0,0.5421,8279.0,6,0,3,0,1.0,0
0.4602,57,0,1.0231,3631.0,6,0,2,0,2.0,0
0.5726,69,0,0.8602,5220.0,5,0,1,0,1.0,1
0.2239,71,0,0.3444,19739.0,14,0,1,0,0.0,0
0.1744,69,0,1.2575,9235.0,6,0,2,0,1.0,0
0.3792,45,0,0.6448,3523.0,11,0,2,0,0.0,0
0.6022,44,0,0.212,12380.0,8,0,1,0,2.0,0
0.6149,40,0,0.3095,9512.0,3,0,2,0,0.0,0
3.7062,54,0,0.0517,4025.0,5,0,1,0,0.0,0
0.8557,65,0,0.5339,3779.0,6,0,0,0,1.0,0
0.2343,44,0,0.9641,1646.0,8,0,1,0,2.0,0
0.1436,49,0,0.3222,,22,0,2,0,0.0,0
0.4643,61,0,0.7609,3613.0,9,0,2,0,1.0,0
0.3257,48,0,0.1347,2302.0,8,0,0,0,1.0,0
3.9811,49,0,0.2536,,10,0,0,0,0.0,0
0.3305,68,0,0.2832,14657.0,10,0,2,0,2.0,0
0.2329,52,0,0.5115,,14,0,0,0,0.0,0
2.1067,42,2,0.6841,9073.0,13,0,0,0,2.0,0
0.6526,53,0,0.3305,8008.0,9,0,0,0,0.0,0
1.3911,58,0,0.4148,4653.0,12,0,1,0,0.0,0
0.4145,87,0,0.7413,,6,0,0,0,0.0,0
0.3372,73,0,0.0192,,7,0,0,0,0.0,0
0.2731,95,0,0.1532,4718.0,6,0,2,0,4.0,0
0.3278,37,0,0.2511,2839.0,6,0,2,2,1.0,0
0.5461,71,0,0.6023,5141.0,9,0,1,0,1.0,0
0.3426,74,0,0.9285,,11,0,1,0,1.0,0
0.4262,52,0,0.6051,5839.0,9,0,0,0,1.0,0
1.3102,47,0,0.5253,14691.0,5,0,2,0,0.0,0
2.146,62,0,0.7459,12590.0,9,0,0,0,0.0,0
0.1797,47,0,0.4125,3015.0,9,0,1,0,0.0,0
0.494,36,0,0.6494,7037.0,4,0,0,0,0.0,0
0.1347,32,3,0.0288,9386.0,4,0,2,0,0.0,0
0.7725,31,0,0.2101,2957.0,8,0,0,0,1.0,0
2.2864,55,0,0.6799,6990.0,11,0,1,0,1.0,0
1.201,61,0,0.0246,,7,0,1,0,2.0,0
0.9197,38,0,0.4266,5622.0,5,0,0,0,1.0,0
0.1522,59,0,0.3448,,13,0,2,0,0.0,0
1.0069,59,0,0.2436,4645.0,6,0,0,0,1.0,0
0.0762,57,0,0.1091,6155.0,8,0,2,0,0.0,0
0.5361,62,0,0.5749,,10,0,2,0,1.0,0
1.6841,55,0,0.2098,2511.0,14,0,0,0,0.0,0
0.4813,71,0,0.1932,,4,0,1,0,0.0,0
0.2678,61,0,0.3056,5142.0,11,0,1,0,0.0,0
0.163,34,0,0.0901,2491.0,8,0,3,0,1.0,0
0.2212,78,0,0.6352,4042.0,10,0,1,0,0.0,0
0.2007,39,0,0.2518,2051.0,7,0,1,0,1.0,0
0.7066,52,0,0.5304,3710.0,9,0,0,0,0.0,0
0.4307,88,0,0.4967,,9,0,0,0,0.0,0
0.2913,59,0,0.6735,4837.0,10,0,1,0,0.0,0
0.2215,40,0,0.0678,,4,0,2,0,2.0,0
0.1666,57,0,0.1627,6967.0,8,0,0,0,0.0,0
0.7536,59,0,0.5403,4304.0,7,0,1,0,0.0,0
0.0244,55,0,0.1396,5773.0,7,0,0,0,0.0,1
0.4567,45,0,0.4528,5516.0,7,0,1,0,0.0,0
0.2089,34,0,0.917,,11,0,1,0,0.0,0
0.0672,36,0,0.3582,7262.0,10,0,0,0,3.0,0
0.6629,41,0,0.3268,7083.0,3,0,0,0,1.0,0
0.4539,70,0,0.2257,4018.0,12,1,0,0,,0
0.4651,35,0,0.1528,4005.0,6,0,1,0,2.0,0
0.37,54,0,0.5589,11866.0,8,0,1,0,0.0,0
0.6953,72,3,0.9558,11367.0,6,1,0,0,2.0,0
0.0182,61,0,0.5755,,7,0,0,0,0.0,0
2.5247,72,0,0.2864,7177.0,7,0,1,0,0.0,0
0.7076,44,0,0.467,6941.0,11,0,4,0,1.0,0
0.3022,61,0,0.3227,2133.0,8,0,2,0,1.0,0
1.8233,68,1,0.1331,3546.0,5,0,2,0,0.0,0
0.7524,65,0,0.8835,8957.0,9,0,3,0,1.0,0
0.6246,64,0,0.4904,,8,0,1,0,0.0,0
0.3095,35,0,0.2751,2581.0,9,0,2,0,1.0,0
0.2306,61,0,0.6219,4521.0,9,0,1,0,2.0,0
0.4887,59,0,0.7797,10614.0,7,0,0,0,0.0,0
1.4724,50,0,0.3443,6101.0,9,0,1,0,1.0,0
0.4644,44,0,0.6082,10503.0,6,0,1,0,2.0,0
1.1855,58,0,0.1173,8450.0,7,0,1,0,0.0,0
0.5758,38,0,0.2424,2233.0,7,0,0,0,2.0,0
6.113,46,0,0.2963,3683.0,11,0,1,0,1.0,0
0.2156,65,0,0.8926,8564.0,13,0,1,0,2.0,0
0.4581,67,0,0.1277,5475.0,10,0,0,0,0.0,1
0.025,59,0,0.8824,3152.0,6,0,0,0,0.0,0
1.3019,46,0,0.1218,,11,0,1,0,1.0,0
3.1145,36,0,0.5247,6745.0,9,0,1,0,0.0,0
4.579,41,1,0.3313,6280.0,5,1,0,0,0.0,0
0.6965,70,0,0.6068,7713.0,4,0,3,0,,0
0.7274,55,0,0.821,,9,0,0,0,2.0,0
0.3149,51,0,0.5902,8386.0,9,0,1,0,0.0,0
0.4106,54,0,0.1896,4529.0,7,0,0,0,0.0,0
0.5521,62,0,0.5495,,6,0,3,0,2.0,0
0.2547,38,1,0.3129,2976.0,8,0,0,0,0.0,0
0.7642,45,0,0.1236,25400.0,8,0,0,0,0.0,0
0.278,61,0,0.3116,11122.0,6,0,1,0,0.0,0
0.4803,55,1,0.2936,8712.0,6,0,1,3,1.0,0
0.4484,67,0,0.3711,,6,0,1,0,0.0,0
0.0458,63,1,0.4528,5061.0,11,0,1,1,,0
0.1065,41,0,0.7566,7770.0,3,0,0,0,2.0,0
0.2039,21,0,0.08,3510.0,8,0,1,0,1.0,0
0.1092,55,0,0.2295,7332.0,6,0,0,0,2.0,0
1.6517,37,0,0.5244,4763.0,5,0,0,0,3.0,1
0.389,59,0,0.1483,3753.0,8,0,2,0,1.0,0
0.2697,74,0,0.56,3781.0,14,0,2,0,3.0,0
0.7637,38,0,0.436,13226.0,5,0,2,0,1.0,0
0.9697,61,0,0.4781,4195.0,10,0,2,0,1.0,0
0.6728,64,1,0.3603,7593.0,10,3,0,0,1.0,0
0.6106,57,0,0.127,,5,0,3,0,3.0,0
0.2263,57,0,0.6117,3649.0,13,0,0,0,0.0,0
0.0734,23,0,0.9027,4414.0,10,0,4,0,2.0,0
1.2564,53,0,0.3425,2773.0,12,0,1,0,0.0,0
0.6944,52,0,0.2106,2079.0,7,0,1,0,0.0,0
2.8292,67,0,0.4564,5847.0,10,0,1,0,0.0,0
0.0575,65,0,0.1886,4595.0,6,0,1,0,0.0,0
0.295,45,0,0.8878,6393.0,9,0,1,0,0.0,0
2.5645,25,0,0.8538,5346.0,8,0,1,0,1.0,1
0.2178,30,0,0.3741,5698.0,17,0,0,0,1.0,0
0.5053,72,0,1.1149,4601.0,6,0,0,0,0.0,1
5.9215,51,0,0.5189,11943.0,5,0,2,0,0.0,0
0.3713,32,0,1.1036,9077.0,11,0,0,0,1.0,0
0.2152,33,0,0.2587,,9,0,2,0,1.0,0
0.4661,55,0,0.382,3352.0,8,0,0,0,1.0,0
1.4899,54,0,0.647,,7,0,3,1,2.0,0
0.2275,75,0,0.4418,,8,0,1,0,0.0,0
0.4653,51,0,0.649,6333.0,7,0,2,0,1.0,0
4.4018,57,0,0.391,,6,0,0,0,0.0,0
0.4533,51,0,0.5252,,6,0,1,0,0.0,0
0.7445,63,0,0.5869,,10,0,0,0,0.0,0
0.1698,77,0,0.6961,7853.0,4,0,1,0,0.0,0
0.3981,65,0,0.8731,2889.0,7,0,2,0,2.0,0
0.3698,80,0,0.1577,8514.0,9,0,0,0,3.0,0
0.3572,60,0,0.5809,9701.0,8,0,2,0,2.0,0
0.7291,30,0,0.37,,10,0,1,0,1.0,0
0.856,40,2,0.4208,2976.0,6,0,2,4,2.0,0
2.4418,63,0,0.3669,,6,0,1,0,3.0,0
0.5306,49,0,0.4142,,5,0,0,0,0.0,0
0.8361,52,0,0.6018,4137.0,11,0,0,0,1.0,0
0.1564,41,0,0.155,3246.0,7,0,2,0,1.0,0
0.0926,72,0,0.4385,4349.0,4,0,1,0,2.0,0
0.3211,73,0,1.1366,7727.0,7,0,5,0,1.0,0
0.3094,49,0,0.552,,10,0,1,0,1.0,0
0.5708,49,0,0.5898,,7,0,2,0,0.0,0
1.0051,70,3,0.1229,,4,0,0,1,1.0,1
0.6859,67,0,0.8849,8390.0,5,0,1,0,1.0,0
0.4465,29,0,0.5153,11073.0,6,0,1,0,0.0,0
0.0724,62,0,0.5999,5422.0,7,0,2,0,1.0,0
0.1694,59,0,1.0274,,9,0,1,0,1.0,0
1.1647,55,0,0.4117,7872.0,9,0,2,0,,0
0.4325,40,0,0.5933,2913.0,7,0,0,0,1.0,0
0.0941,40,0,0.1546,8008.0,9,0,0,0,0.0,0
0.5074,21,0,0.2151,14626.0,8,0,0,0,2.0,0
0.5514,43,0,0.3416,,10,0,2,0,2.0,0
0.3254,24,0,0.9646,,2,0,3,0,0.0,0
0.4364,44,0,0.3897,4173.0,10,0,3,0,0.0,0
0.281,58,0,0.6757,3552.0,16,0,1,0,0.0,0
1.5235,36,0,0.4396,3241.0,5,0,2,0,0.0,0
0.0152,71,0,0.4344,4466.0,3,0,2,0,1.0,0
0.7913,79,0,0.553,,5,1,2,0,2.0,0
3.6852,55,0,0.5185,8352.0,10,0,1,0,1.0,0
2.9689,61,0,0.4562,19630.0,8,0,1,0,0.0,0
0.3444,29,0,0.4832,3563.0,15,0,0,0,0.0,0
0.6824,55,0,0.187,3398.0,6,0,1,0,1.0,0
0.7376,32,0,0.6828,6025.0,10,0,0,0,0.0,0
0.5829,28,0,0.3206,5374.0,10,0,1,0,0.0,0
0.134,34,0,0.9666,1375.0,6,0,1,0,1.0,0
0.4279,50,0,0.4139,,2,0,1,0,4.0,0
0.1547,51,0,0.1914,9074.0,12,0,0,0,2.0,0
0.5759,51,0,0.4496,7289.0,8,0,1,0,0.0,0
0.4639,36,0,0.5142,4342.0,12,0,2,0,1.0,1
0.3724,53,0,0.2363,5111.0,11,0,0,0,0.0,0
4.2234,42,0,0.6627,,9,0,1,0,1.0,1
0.8352,54,0,0.2041,6843.0,8,0,1,0,0.0,0
0.1462,49,0,0.3576,1206.0,10,0,2,0,0.0,0
0.1035,27,0,0.8192,7139.0,13,0,0,0,0.0,0
0.2861,42,0,0.327,5164.0,6,0,3,0,1.0,0
5.2437,60,0,0.3126,1972.0,7,0,3,0,0.0,1
0.2763,64,0,0.2926,17772.0,5,0,0,0,1.0,0
0.0027,35,0,0.3497,,12,0,2,0,0.0,0
0.8484,41,0,0.8662,5233.0,8,0,1,0,0.0,0
0.2738,46,0,0.6886,6919.0,7,0,0,0,0.0,0
0.236,68,0,0.9799,2890.0,8,0,2,0,1.0,0
4.3696,59,0,0.3899,4576.0,6,0,0,0,3.0,0
0.2701,34,0,0.4995,2837.0,6,0,1,0,0.0,0
0.195,59,0,0.1823,12478.0,11,0,4,0,0.0,0
0.2493,70,0,0.6527,2565.0,8,0,0,0,0.0,0
3.5387,55,0,0.9324,3480.0,9,0,2,0,1.0,0
0.1568,41,0,0.4025,4774.0,5,0,3,0,1.0,0
0.0121,64,0,0.2274,19335.0,3,0,0,0,0.0,0
0.9372,55,1,0.1282,6870.0,9,0,2,0,1.0,0
1.1719,49,0,0.6305,2762.0,8,0,2,0,0.0,0
0.1212,65,0,0.5246,4898.0,5,0,2,0,1.0,0
0.4626,52,0,0.4594,3295.0,8,0,0,0,0.0,0
5.5457,53,0,1.2039,5184.0,8,0,1,0,1.0,1
3.5562,64,0,0.1686,12623.0,8,0,4,0,2.0,0
0.3619,45,0,0.1982,987.0,5,0,2,0,1.0,0
0.4326,36,0,0.9298,3595.0,4,0,0,0,0.0,0
0.3427,57,0,0.4112,,5,0,2,0,1.0,0
0.6307,74,0,0.2567,3877.0,11,0,1,0,0.0,0
0.2349,21,0,0.6063,,8,0,1,0,0.0,0
0.0043,62,0,0.3417,11833.0,9,0,0,0,1.0,0
0.2651,52,0,0.9927,1219.0,7,0,2,0,1.0,0
0.9664,45,0,0.8969,15849.0,8,0,3,0,0.0,0
1.7532,43,1,0.6149,4454.0,8,0,1,0,1.0,0
0.3258,65,0,0.6802,,9,0,1,0,0.0,0
1.0359,62,0,0.2579,11668.0,14,0,0,0,2.0,0
0.0394,37,0,0.2819,6774.0,6,0,0,0,1.0,0
0.6062,56,0,0.4296,,3,0,0,0,0.0,0
0.5073,71,0,0.3548,9520.0,9,0,0,0,0.0,0
0.6613,62,0,0.1107,4050.0,6,0,2,0,2.0,0
2.1084,29,0,0.5082,12142.0,6,0,0,0,1.0,0
0.3447,61,0,0.1757,3153.0,10,0,1,0,3.0,0
0.4235,35,0,0.4269,,9,0,1,0,1.0,0
0.2002,55,0,1.0242,7233.0,15,0,2,0,0.0,0
0.1372,42,0,0.6492,,11,0,0,0,0.0,0
0.0459,58,0,0.5369,2387.0,9,0,0,0,2.0,0
0.7339,43,0,0.3514,2028.0,4,0,0,0,2.0,0
0.9595,37,0,0.7262,3113.0,10,0,1,0,0.0,0
0.4736,56,0,0.4512,4448.0,9,0,0,0,1.0,0
0.4252,54,0,0.4186,3046.0,6,0,0,0,1.0,0
0.6885,64,0,0.4762,2977.0,10,0,1,0,0.0,0
1.4991,45,0,0.0699,8044.0,11,0,0,0,1.0,0
0.2739,31,0,0.149,,9,0,2,0,1.0,0
0.0006,61,0,0.5966,5522.0,5,0,0,0,2.0,0
0.7659,72,0,0.2801,7049.0,10,0,0,0,2.0,0
1.6326,44,0,0.509,2320.0,10,0,3,0,1.0,0
0.3109,59,0,0.5713,,5,0,2,0,4.0,0
0.2364,48,2,1.0761,4853.0,1,0,2,0,1.0,0
0.8407,79,0,0.768,4298.0,10,0,0,0,1.0,1
0.1151,45,0,0.5439,18399.0,9,0,1,0,0.0,0
0.6368,51,0,0.1707,,10,0,1,0,1.0,0
0.8081,24,0,0.1085,10839.0,7,0,1,0,0.0,0
0.246,74,0,0.1189,,6,0,1,0,0.0,0
8.5401,45,0,0.3231,,10,0,1,0,0.0,0
0.272,70,0,0.4289,4175.0,9,0,0,0,1.0,0
3.5038,43,1,0.4921,,6,1,2,0,3.0,0
0.3172,51,0,0.0442,4587.0,6,0,0,0,2.0,0
0.7725,41,0,0.5223,7030.0,7,0,2,0,1.0,0
1.0391,39,0,0.6034,13658.0,7,0,1,0,1.0,0
1.2885,48,0,0.6059,3284.0,8,0,0,0,1.0,0
0.3809,50,0,0.3861,11771.0,9,0,1,0,2.0,0
0.1484,47,0,0.3798,,6,0,0,0,1.0,0
0.1571,31,0,0.5793,5686.0,13,0,1,0,2.0,0
0.0351,56,0,0.3366,6802.0,8,0,1,0,1.0,0
0.1709,25,0,0.2416,8786.0,10,0,1,0,1.0,0
0.578,47,0,0.0761,2441.0,11,0,0,0,1.0,0
0.4761,30,0,0.6677,6229.0,7,0,1,0,0.0,0
0.4397,65,0,0.7708,,13,0,0,0,1.0,0
0.3142,69,2,0.5081,2597.0,5,0,1,0,2.0,0
0.2235,60,0,0.7033,5949.0,10,0,1,0,2.0,0
0.6981,45,0,0.84,,14,0,0,0,2.0,1
0.4271,42,0,0.7077,3375.0,3,0,3,0,0.0,0
0.1323,48,0,0.2427,1845.0,6,0,2,0,0.0,0
0.1877,51,0,0.1122,9601.0,7,0,2,3,2.0,0
0.1332,59,0,0.387,4068.0,14,0,0,0,0.0,0
0.8621,58,0,0.1224,15670.0,11,0,1,0,1.0,0
0.8217,23,0,0.0325,9825.0,7,0,2,0,0.0,0
0.7596,61,0,0.3714,8765.0,11,0,1,0,3.0,0
0.1125,57,0,0.6896,,6,0,2,0,2.0,0
0.8701,41,0,0.9884,8578.0,7,0,0,0,1.0,0
0.6488,38,0,0.6359,4810.0,8,0,1,0,0.0,0
2.3584,53,0,0.515,24589.0,10,0,1,0,2.0,0
0.4735,55,0,0.5758,,11,0,2,0,0.0,1
0.1155,37,0,0.7077,,7,0,1,0,1.0,0
0.1184,53,0,0.3011,5277.0,7,0,0,0,1.0,0
1.23,55,0,0.5574,,5,0,4,0,3.0,0
0.5814,64,0,0.3929,9261.0,6,0,1,0,1.0,0
0.2031,50,0,1.193,4226.0,7,0,0,0,4.0,0
0.3754,24,0,0.6932,,10,0,0,0,0.0,0
0.4247,56,0,0.1123,10083.0,4,0,0,0,1.0,0
0.6701,28,0,0.6161,3601.0,8,0,1,0,1.0,0
0.1733,40,0,0.25,10573.0,9,0,0,0,2.0,0
4.8821,33,1,1.054,8079.0,10,0,2,0,2.0,0
2.2289,59,0,0.4926,6851.0,10,0,0,0,0.0,0
0.4278,37,0,0.2782,4482.0,5,0,3,0,3.0,0
0.5855,66,0,1.1284,5644.0,13,0,0,0,0.0,0
0.3766,36,0,0.3443,,12,0,1,0,0.0,0
0.0933,24,0,0.6203,,8,0,0,0,2.0,0
0.0315,47,0,0.5854,3419.0,9,0,1,0,1.0,0
1.4222,33,0,0.0673,2028.0,6,0,2,0,0.0,0
0.0631,70,0,0.3095,,6,0,1,0,2.0,0
0.2666,42,0,0.073,,9,0,3,0,0.0,0
0.1622,68,0,0.3329,10694.0,9,0,0,0,0.0,0
0.0383,48,0,0.5155,,11,0,0,0,,0
0.7303,57,0,0.5816,14529.0,12,0,2,0,0.0,0
4.5463,45,0,0.9743,4064.0,4,0,0,0,0.0,0
0.1226,85,0,0.6691,,7,0,3,0,0.0,0
0.1211,36,0,0.3942,2554.0,4,0,0,0,1.0,0
1.2102,21,0,0.268,6769.0,5,0,0,0,2.0,0
0.4114,56,0,0.5967,,7,0,0,0,0.0,0
1.0406,38,0,0.2973,,10,0,2,0,1.0,0
0.3567,55,0,0.1447,3122.0,7,0,2,0,0.0,0
0.798,51,0,0.2348,5484.0,6,0,2,0,1.0,0
0.2474,45,1,0.3929,2753.0,7,0,0,0,1.0,0
0.2255,46,0,0.4773,6169.0,6,0,1,0,4.0,0
1.2867,58,3,0.0355,,11,0,3,0,0.0,0
0.0356,47,0,0.61,,9,0,2,0,0.0,0
0.6873,50,0,0.1883,,10,0,0,0,0.0,1
0.076,45,0,0.5718,,6,0,1,0,1.0,0
0.5058,75,0,0.416,15815.0,4,0,1,0,2.0,0
0.4711,70,0,0.6804,,11,0,0,0,2.0,1
0.3133,31,0,0.5401,7028.0,9,0,2,0,1.0,0
0.4254,52,0,0.2956,,6,0,0,0,2.0,0
0.3921,41,0,0.2006,2265.0,6,0,1,0,2.0,0
0.0387,35,0,0.4773,5114.0,11,0,3,0,1.0,0
0.259,21,0,0.4528,2195.0,7,0,1,0,1.0,0
1.4447,47,1,0.6498,5269.0,14,1,2,2,0.0,0
1.1403,49,0,0.62,3393.0,10,0,2,0,,0
0.0011,71,0,0.8198,3077.0,11,0,0,0,1.0,0
5.4281,67,0,0.4069,,5,0,0,0,0.0,0
0.4353,59,0,0.825,7781.0,7,0,1,0,3.0,0
0.3748,62,0,0.1221,8969.0,5,0,1,0,1.0,0
0.0939,64,0,0.795,6325.0,8,0,0,0,2.0,0
0.028,59,0,1.2205,4230.0,6,0,0,0,1.0,0
0.2773,71,0,0.222,14910.0,8,0,2,0,0.0,0
0.2375,34,0,0.3711,6122.0,13,0,1,0,1.0,0
0.0055,45,0,1.0173,9375.0,8,0,2,0,2.0,0
0.0733,43,0,0.8194,4003.0,4,0,0,0,2.0,0
0.4527,44,0,0.9328,4068.0,11,0,1,0,1.0,0
0.2902,50,0,0.6662,,2,0,1,0,1.0,0
0.3523,75,0,0.6031,2951.0,5,0,0,0,1.0,0
1.8253,65,2,0.6046,10658.0,4,0,1,4,0.0,0
0.8679,69,0,0.2469,,13,0,2,0,2.0,0
0.7242,51,0,0.8187,3710.0,8,0,1,0,0.0,1
0.6934,50,0,0.5061,9944.0,8,0,2,0,0.0,0
0.0469,60,0,0.369,7198.0,9,0,3,0,0.0,0
0.3949,58,0,0.7086,3652.0,5,0,1,0,1.0,0
0.1544,58,0,1.0214,8650.0,2,0,1,0,3.0,0
0.1803,84,0,0.4228,9494.0,4,0,0,0,0.0,0
0.1014,60,0,0.1771,,6,0,1,0,1.0,0
0.6386,41,0,0.3239,6285.0,12,0,0,0,0.0,0
0.1813,42,0,0.419,4724.0,8,0,2,0,2.0,0
0.0646,64,0,0.2157,5136.0,1,0,1,0,0.0,0
0.1335,63,0,0.8829,6734.0,10,0,2,0,1.0,0
0.3479,66,0,0.6809,5423.0,3,0,0,0,2.0,0
0.8577,59,0,0.2048,4732.0,10,0,0,0,0.0,0
0.4301,37,0,0.2392,4008.0,5,0,3,0,0.0,0
0.6033,74,0,0.335,3543.0,11,0,2,0,1.0,0
0.703,71,0,0.67,3564.0,5,0,3,0,0.0,1
0.889,47,0,0.1903,18583.0,5,0,0,0,0.0,0
0.09,57,0,0.9623,7727.0,8,0,2,0,0.0,0
0.0655,55,0,0.2461,,5,0,2,0,2.0,0
0.4194,47,0,0.5114,6528.0,5,0,2,0,,0
0.0389,36,0,0.8195,4481.0,11,0,0,0,1.0,0
0.6788,60,0,0.6065,3451.0,11,0,2,0,0.0,0
0.0338,31,0,0.6555,7065.0,4,0,0,0,0.0,0
6.8414,44,2,0.7372,9588.0,13,0,1,0,0.0,0
0.1871,76,0,0.7891,2905.0,11,0,2,0,1.0,0
0.6066,58,0,0.5451,6797.0,7,0,0,0,0.0,0
0.4444,57,0,0.4899,,7,0,0,0,0.0,0
0.2926,48,0,0.0498,8940.0,8,0,0,0,4.0,0
2.558,30,0,0.4094,,12,0,0,0,2.0,0
0.151,58,0,0.9026,,7,0,0,0,0.0,0
0.2456,59,0,0.2243,4424.0,8,0,0,0,1.0,0
0.3416,63,0,0.3226,,4,0,1,0,1.0,0
0.3811,47,0,0.7639,9319.0,12,0,1,0,1.0,0
0.056,46,0,0.6969,2942.0,7,0,3,0,1.0,0
0.2308,60,0,0.3836,6001.0,11,0,0,0,1.0,0
0.9202,34,0,0.5638,11839.0,15,0,2,0,0.0,0
0.0922,63,0,0.4435,10540.0,10,0,0,0,2.0,0
0.3554,50,0,0.1952,3372.0,6,0,1,0,1.0,0
0.0302,56,0,1.0852,5605.0,5,0,1,0,1.0,0
0.8483,84,0,0.1104,1901.0,6,0,2,0,0.0,0
0.3712,48,0,0.4225,6458.0,14,0,1,0,0.0,0
2.6999,54,0,0.4468,2476.0,7,0,0,0,1.0,0
0.016,52,0,0.7469,2371.0,6,0,2,0,1.0,0
0.6758,24,0,0.7803,,5,0,1,0,1.0,0
0.0274,61,0,0.319,7782.0,7,0,0,0,1.0,0
3.4294,21,0,0.6361,1109.0,10,0,0,0,1.0,1
0.6402,63,0,0.6728,2053.0,10,0,3,0,0.0,0
0.2465,42,0,0.0952,,3,0,0,0,1.0,0
0.3611,42,0,0.5798,10467.0,7,0,1,0,0.0,0
1.2932,51,0,0.3545,4198.0,10,0,0,0,1.0,0
0.5084,33,0,0.6538,8205.0,11,0,2,0,2.0,0
0.2365,50,0,0.621,13463.0,4,0,2,0,0.0,0
0.8544,37,0,0.5847,6346.0,10,0,1,0,1.0,0
2.0581,34,0,0.9448,5711.0,4,0,0,0,0.0,0
0.3074,49,0,0.7102,5161.0,12,0,1,0,0.0,0
1.3405,69,0,0.015,3336.0,14,0,1,0,0.0,0
0.3779,62,1,0.3287,,8,0,2,0,2.0,0
0.0049,44,0,0.1605,6284.0,16,0,1,0,0.0,0
0.3202,50,0,0.532,5177.0,11,0,1,0,0.0,0
0.4337,44,0,0.6462,3439.0,7,0,0,0,1.0,0
0.1912,35,0,0.4649,6842.0,8,0,0,0,1.0,0
0.5069,37,0,0.1995,,8,0,0,0,0.0,0
0.2219,56,0,0.3985,6567.0,10,0,2,0,1.0,0
0.6329,42,0,1.2373,3901.0,6,0,0,0,1.0,0
0.7288,51,0,0.3581,1177.0,9,0,2,0,2.0,0
0.3344,38,0,0.7676,2838.0,7,0,0,0,0.0,0
0.0832,63,0,0.2782,3223.0,8,0,2,0,2.0,0
3.9822,61,0,0.1542,,3,0,1,0,1.0,0
0.4079,74,0,0.4129,4257.0,9,0,1,0,0.0,0
3.9512,71,0,0.2335,4630.0,12,0,1,0,0.0,0
1.267,39,0,0.3661,,6,0,1,0,1.0,0
0.7106,40,0,0.448,2516.0,9,0,1,0,0.0,0
3.8523,57,0,0.3763,4486.0,8,0,1,0,1.0,0
0.4052,40,0,0.5214,,4,0,1,0,1.0,0
0.0638,55,0,0.6298,,12,0,1,0,0.0,0
0.9354,47,0,0.0315,,6,0,0,0,0.0,1
0.0425,65,0,0.4555,14738.0,15,0,2,0,0.0,0
2.3258,65,0,0.3125,13942.0,7,0,1,0,,0
0.2037,48,0,0.9841,,9,0,2,0,2.0,0
0.048,26,0,0.2113,1259.0,13,0,2,0,1.0,0
0.4728,66,0,0.2755,7811.0,8,0,1,0,1.0,0
0.8535,43,0,0.6097,4861.0,9,0,0,0,0.0,0
0.6242,52,0,0.4102,5848.0,10,0,3,0,1.0,0
0.2347,50,0,0.1379,6469.0,16,0,0,0,2.0,0
0.0014,57,0,0.8069,3135.0,6,0,0,0,1.0,0
2.5183,43,0,0.3599,7084.0,10,0,1,0,0.0,0
1.6699,36,0,0.5701,12431.0,5,0,3,0,1.0,0
0.004,54,0,0.644,6498.0,4,0,1,0,0.0,0
0.9692,64,0,0.3837,4590.0,3,0,0,0,0.0,1
0.3994,50,0,0.3805,4911.0,6,0,1,0,0.0,0
0.3429,50,0,0.6666,6468.0,7,0,0,0,1.0,0
0.315,35,0,0.1735,10555.0,8,0,2,0,0.0,0
0.4608,59,0,0.742,4210.0,7,0,2,0,0.0,0
0.3437,60,0,0.3478,,8,0,0,0,2.0,0
1.5509,50,0,0.588,,9,0,0,0,1.0,0
0.1763,38,0,0.7516,5745.0,9,0,0,0,2.0,0
0.0054,53,0,0.4408,5034.0,9,0,0,0,0.0,0
0.3746,54,0,0.6876,7216.0,3,0,0,0,0.0,0
0.0269,51,0,0.2926,,13,0,1,0,0.0,0
0.0632,37,0,1.1318,9953.0,7,0,0,0,0.0,0
0.3059,56,0,0.5311,5231.0,11,0,1,0,1.0,0
0.1997,54,0,0.2385,12581.0,4,0,1,0,2.0,0
0.6084,58,0,0.5426,,6,0,0,0,1.0,1
1.0344,50,0,0.611,2931.0,0,0,0,0,0.0,0
0.4152,70,0,0.4117,10486.0,6,0,5,0,1.0,0
0.0896,52,0,0.3273,3815.0,11,0,2,0,0.0,0
0.1545,72,0,0.1707,,8,0,2,0,2.0,0
0.3407,55,0,0.3052,3424.0,7,0,1,0,0.0,0
6.1665,36,0,0.3481,4904.0,8,0,2,0,0.0,0
0.502,64,0,0.4086,,5,0,0,0,0.0,0
0.2045,47,0,0.1076,8330.0,5,0,1,0,1.0,0
0.678,46,0,0.4963,3955.0,6,0,2,0,2.0,0
0.3116,67,0,0.6045,,7,0,1,0,0.0,0
0.2912,35,0,0.6114,6332.0,3,0,2,0,1.0,0
0.2837,27,0,0.3107,,9,0,0,0,1.0,0
0.6238,49,0,0.5004,9335.0,6,0,0,0,0.0,0
0.6175,56,0,1.0507,14350.0,4,0,0,0,0.0,0
0.4707,64,1,0.2069,,9,0,2,2,1.0,0
0.8249,54,2,0.1571,6092.0,5,0,1,0,1.0,0
7.716,21,0,0.489,16740.0,8,0,0,0,,0
0.3536,38,0,0.2188,4752.0,10,0,0,0,0.0,0
0.113,34,0,0.0489,6847.0,7,0,0,0,1.0,0
0.3083,26,0,0.5229,4189.0,9,0,0,0,1.0,0
0.5053,50,0,0.3414,2627.0,9,0,2,1,3.0,0
0.9998,59,0,0.1341,5697.0,9,0,2,0,2.0,0
0.0738,66,0,0.1367,,12,0,2,0,0.0,0
0.3544,59,0,0.3678,3218.0,11,0,3,0,0.0,0
0.1377,44,0,0.6443,,12,0,1,0,4.0,0
0.4172,67,0,0.6135,5014.0,10,0,0,0,1.0,0
0.3502,49,0,0.1765,6101.0,3,0,1,0,0.0,0
0.1626,53,0,0.1996,,6,0,0,0,0.0,0
0.4288,43,0,0.8214,4555.0,5,0,0,0,0.0,0
0.0587,49,0,0.9527,2424.0,9,0,1,0,0.0,0
0.5117,46,0,0.2577,4275.0,9,0,0,0,1.0,0
0.7308,33,0,0.2089,1705.0,13,0,0,0,1.0,0
0.3871,61,0,0.6512,9449.0,8,0,1,0,2.0,0
2.2148,54,0,0.0363,4203.0,8,0,0,0,1.0,0
1.4046,63,0,0.3632,,11,0,1,0,0.0,0
0.497,42,0,0.612,,9,0,1,0,0.0,0
0.2573,62,0,0.4185,2627.0,8,0,1,0,2.0,0
0.7885,30,0,0.2433,10039.0,4,0,3,0,1.0,0
0.4803,60,0,0.6437,5357.0,3,0,1,0,0.0,0
0.5008,61,0,0.2654,,9,0,0,0,1.0,0
0.1457,37,0,0.699,25364.0,9,0,3,0,0.0,0
1.2344,68,0,1.1257,3772.0,5,0,2,0,0.0,0
2.9483,74,0,0.2109,,10,0,2,0,1.0,0
0.4585,44,0,0.2914,2783.0,10,0,3,0,0.0,1
0.3009,72,0,1.2289,2979.0,4,0,1,0,1.0,0
6.6512,28,0,0.7287,6024.0,10,0,0,0,0.0,0
0.5393,50,0,0.1125,2997.0,4,0,0,0,0.0,0
3.9088,21,0,0.7853,5676.0,7,0,0,0,0.0,0
0.057,65,0,0.5741,10918.0,8,0,0,0,0.0,0
0.3141,31,0,0.6801,,13,0,1,0,2.0,0
0.4044,25,0,0.7024,5583.0,10,0,1,0,0.0,0
0.4054,56,0,0.3257,2240.0,7,0,0,0,0.0,0
0.0587,67,0,0.1689,4651.0,5,0,2,0,0.0,0
3.1204,46,0,0.0824,5897.0,10,0,1,0,1.0,0
0.2123,54,0,0.0899,2306.0,9,0,0,0,0.0,0
0.5908,77,0,0.3213,,10,0,1,0,0.0,0
0.2776,39,0,0.4187,2337.0,14,0,0,0,0.0,0
0.7555,38,0,0.6968,6966.0,10,0,1,0,0.0,0
0.6948,67,0,0.5448,3623.0,5,0,1,0,1.0,0
0.395,55,0,0.9308,7363.0,9,0,2,0,1.0,0
1.0071,72,0,0.4957,,5,0,2,0,0.0,1
0.2678,34,0,0.8126,5494.0,10,0,1,0,1.0,0
0.154,27,0,0.9225,6370.0,6,0,0,0,1.0,0
0.0558,32,0,0.2767,4438.0,9,0,0,0,3.0,0
0.3317,62,0,0.3432,5548.0,8,0,1,0,0.0,0
0.6042,69,0,0.7596,5305.0,9,0,1,0,5.0,1
1.4834,67,0,0.2781,8037.0,13,0,1,2,1.0,0
0.4506,60,0,0.5456,8397.0,9,0,1,0,0.0,0
0.1619,70,0,0.2676,17479.0,6,0,0,0,1.0,0
0.951,43,0,0.9296,2232.0,4,0,1,0,0.0,0
0.8707,24,0,0.1756,8926.0,6,0,2,0,1.0,0
0.1686,29,0,0.6865,1790.0,11,0,1,0,1.0,0
0.0103,32,0,0.2405,3077.0,8,0,2,0,0.0,0
0.3618,25,0,0.3931,7115.0,7,0,2,0,1.0,1
0.0531,33,0,0.5045,8897.0,12,0,1,0,1.0,0
0.2894,39,0,0.3111,3527.0,4,0,0,0,2.0,0
0.1094,60,0,0.8172,4095.0,9,0,0,0,0.0,0
0.1205,56,0,0.2781,21933.0,8,0,0,0,1.0,0
0.3015,73,0,0.939,,10,0,0,0,0.0,0
0.3865,35,2,0.0942,5189.0,7,0,0,0,0.0,0
0.3246,57,0,0.5564,12026.0,8,0,0,0,1.0,0
7.2207,70,0,0.3598,19214.0,10,0,0,0,3.0,0
0.1172,45,0,1.0717,,5,0,0,0,1.0,0
0.4001,46,0,0.498,,8,0,0,0,2.0,0
0.6777,71,0,0.3678,8458.0,8,0,1,0,1.0,0
0.4455,47,0,0.4454,35153.0,9,0,0,0,1.0,0
0.5621,72,0,0.2803,3644.0,10,0,1,0,1.0,0
0.1635,31,0,0.4001,17925.0,8,0,1,0,0.0,0
0.3113,75,2,0.0946,5103.0,9,0,1,2,0.0,0
0.8127,70,0,0.4202,8380.0,9,0,0,0,1.0,1
0.0236,39,0,0.4718,,8,0,5,0,1.0,0
0.5188,48,0,0.2002,,10,0,0,0,2.0,0
0.2909,35,0,0.3049,2471.0,12,0,1,0,2.0,0
0.78,45,2,1.1877,6622.0,6,0,0,0,2.0,0
0.5313,30,0,0.2859,3885.0,7,0,0,0,1.0,0
1.6995,27,0,0.1011,13316.0,2,0,2,0,2.0,0
0.3629,34,0,0.5285,2713.0,7,0,1,0,0.0,0
0.5854,67,0,0.4833,5462.0,7,0,3,0,0.0,0
0.2503,26,2,0.7099,11516.0,5,0,3,0,1.0,1
0.2281,71,0,0.1021,2760.0,2,0,0,0,0.0,0
0.2596,65,0,0.3,,9,0,0,0,,0
1.4031,70,0,0.4682,3272.0,10,0,2,0,0.0,1
0.4231,57,0,0.7756,10095.0,8,0,0,0,1.0,0
0.0213,75,0,0.7652,10898.0,10,0,0,0,0.0,0
0.175,32,0,0.5952,,6,0,1,0,0.0,0
0.5781,71,0,0.4541,6469.0,11,0,0,0,0.0,0
0.2363,95,0,0.588,10440.0,12,0,3,0,0.0,0
0.7035,48,0,0.5119,10051.0,17,0,1,0,1.0,0
0.0601,51,0,0.2165,6711.0,7,0,2,0,0.0,0
0.1965,39,0,0.6641,4027.0,9,0,2,0,1.0,0
0.0322,53,0,1.0043,3765.0,7,0,0,1,2.0,0
0.6858,55,0,0.8774,3255.0,8,0,1,0,0.0,0
0.5667,21,0,0.4157,3195.0,5,0,0,0,1.0,0
0.0948,61,0,0.4512,3707.0,2,0,1,0,1.0,0
0.1715,68,0,0.1439,4566.0,6,0,2,0,0.0,0
0.5107,40,0,0.5626,3651.0,8,0,0,0,0.0,0
0.5704,46,0,0.7103,4921.0,12,0,0,0,1.0,0
0.0987,64,0,0.168,,9,0,1,0,0.0,0
0.2185,39,0,0.6181,8874.0,9,0,0,0,1.0,0
0.6849,62,0,0.6544,5686.0,2,0,1,0,0.0,0
0.7024,56,0,0.2534,4199.0,8,0,2,0,2.0,0
0.8541,85,0,0.4773,,7,0,1,0,1.0,1
0.4043,50,0,0.137,2784.0,6,0,2,0,1.0,0
0.1695,45,0,0.9097,,11,0,0,0,1.0,0
1.2511,55,0,0.1359,4269.0,7,0,0,0,2.0,1
0.1511,54,0,0.7186,6307.0,12,0,0,0,0.0,1
0.3841,75,0,0.4309,,8,0,1,0,0.0,0
0.0295,74,0,0.4369,2842.0,6,0,0,0,1.0,0
0.9713,42,0,0.2944,3701.0,10,0,1,0,0.0,0
0.531,49,0,0.5055,3743.0,11,0,0,0,0.0,0
0.5633,42,0,0.406,7769.0,5,0,1,0,2.0,0
0.0657,40,0,0.4983,,10,0,1,0,1.0,0
0.6393,21,0,0.8188,3792.0,7,0,0,0,0.0,0
1.1049,76,0,0.6493,,7,0,1,0,0.0,0
3.3302,43,0,0.2249,4034.0,14,0,1,0,,0
0.8018,46,3,0.0425,12812.0,4,0,4,2,1.0,0
2.1354,91,0,0.285,2124.0,10,0,2,0,2.0,0
0.3088,43,0,0.5105,9942.0,10,0,0,0,0.0,0
0.0733,49,0,0.9509,,3,0,1,0,0.0,0
0.2573,56,0,0.246,2132.0,9,0,2,0,0.0,0
0.8881,57,0,0.9358,2455.0,12,0,2,0,1.0,1
7.8759,43,0,0.6207,3421.0,7,0,0,0,0.0,1
0.3586,68,0,0.6018,7064.0,6,0,1,0,0.0,0
0.3576,54,0,0.6566,4532.0,9,0,0,0,1.0,0
0.2772,54,0,0.5885,2525.0,6,0,0,0,0.0,0
0.7862,43,0,0.3666,4046.0,9,0,2,0,1.0,0
0.8535,50,0,0.7938,24569.0,8,0,1,0,0.0,0
2.4346,66,0,0.6276,4532.0,6,0,1,0,0.0,0
0.2998,66,0,0.6697,,13,0,0,0,2.0,0
0.2271,46,0,0.3317,2196.0,14,0,1,0,1.0,0
0.5421,41,0,0.6071,,9,0,1,0,1.0,0
0.2142,64,0,0.3151,7552.0,6,0,0,0,1.0,0
0.4307,56,0,0.496,1062.0,7,0,0,0,3.0,0
0.8451,64,0,0.1679,5302.0,8,0,0,0,0.0,0
0.3988,38,0,0.3933,4658.0,10,0,0,0,0.0,0
0.3951,52,0,0.7553,7666.0,9,0,0,0,0.0,0
5.5182,64,0,0.7995,5100.0,6,0,0,0,1.0,0
0.1489,42,0,0.6128,,11,0,0,0,1.0,0
3.7286,78,0,0.9522,9304.0,1,0,2,0,0.0,0
0.3616,75,0,0.5207,6234.0,6,0,2,0,2.0,0
0.0671,49,0,0.3014,5175.0,6,0,4,0,0.0,0
0.2185,49,1,0.3097,4561.0,11,1,1,0,0.0,0
0.2135,56,0,0.4778,3776.0,15,0,1,0,1.0,0
0.0636,54,0,0.2842,,1,0,1,0,0.0,0
0.3093,69,0,0.7729,7580.0,10,1,2,0,2.0,0
0.3874,40,0,0.3946,7437.0,8,0,2,0,1.0,0
0.7305,40,0,0.7133,2224.0,5,0,2,0,1.0,0
0.0147,56,0,0.4066,7857.0,10,0,2,0,0.0,0
0.1088,59,0,0.8074,,8,0,0,0,0.0,0
0.8564,51,0,0.347,5517.0,7,0,0,0,0.0,1
0.5289,65,0,0.0979,3606.0,12,0,1,0,,0
0.2214,71,0,0.2581,,8,0,1,0,1.0,0
0.6078,62,0,0.4884,4511.0,9,0,0,0,0.0,1
0.4477,57,0,0.5578,4341.0,6,0,0,0,0.0,1
0.3989,49,0,0.901,9542.0,9,0,2,0,1.0,0
0.0063,53,2,0.284,3472.0,6,0,1,0,0.0,0
0.1081,33,0,0.2476,3690.0,7,0,0,0,1.0,0
3.0031,35,2,0.8864,2346.0,4,0,0,0,0.0,0
0.4439,70,0,0.0358,14042.0,6,0,1,0,3.0,0
0.0476,77,0,0.8562,5164.0,9,0,0,0,0.0,0
0.5244,33,0,1.1937,3710.0,13,0,0,0,0.0,0
4.5306,60,0,0.753,7826.0,14,0,1,0,2.0,0
0.3234,31,0,0.8367,17726.0,14,0,1,0,1.0,0
0.6434,75,0,0.6429,12259.0,3,0,2,0,0.0,0
0.1022,52,0,0.2952,7191.0,7,0,1,0,1.0,0
0.3951,87,0,0.5573,3095.0,10,0,0,0,1.0,0
0.3671,43,0,1.0387,8104.0,5,0,1,0,0.0,0
0.2121,45,0,0.6237,4665.0,5,0,3,0,0.0,0
0.2941,58,0,0.1058,6232.0,8,0,1,0,0.0,0
1.0269,65,0,0.2644,13679.0,8,0,2,0,2.0,0
0.3626,63,0,0.1801,11852.0,14,0,1,0,0.0,0
0.6426,66,0,0.1932,7907.0,8,0,0,0,2.0,0
1.314,49,0,0.3482,4744.0,9,0,1,0,1.0,0
0.126,66,0,0.3258,5233.0,10,0,0,0,1.0,0
0.9211,83,0,0.3879,,8,0,1,0,0.0,0
1.7427,63,0,0.3385,,9,0,2,0,0.0,0
0.1059,41,0,0.0401,,11,0,0,0,1.0,0
0.6134,58,0,0.9465,,6,0,0,0,0.0,0
0.0193,25,0,0.5468,6662.0,15,0,1,0,3.0,0
0.3841,62,0,0.2588,4997.0,9,0,2,0,0.0,0
0.2658,29,0,0.5703,6397.0,6,0,0,0,1.0,0
0.3842,62,0,0.8443,5893.0,12,0,0,0,0.0,0
4.8129,51,0,0.3626,2777.0,12,0,1,0,2.0,0
0.1912,66,0,0.7231,,16,0,0,0,1.0,0
1.8981,53,0,0.5746,4981.0,6,0,1,0,2.0,0
1.1729,72,2,0.4442,10054.0,10,2,3,0,0.0,0
0.3059,60,0,0.8174,7306.0,10,0,3,0,,0
0.5324,67,1,0.387,3459.0,5,0,0,0,0.0,0
0.2138,47,0,0.1438,3397.0,8,0,1,0,0.0,0
0.425,46,0,0.5016,5070.0,5,0,1,0,,0
2.9018,32,0,0.4557,1029.0,11,0,2,0,2.0,0
1.2771,36,0,0.3959,5391.0,9,0,1,0,0.0,0
0.0904,53,0,0.2355,2510.0,12,0,0,0,1.0,0
0.604,53,0,0.5455,10627.0,6,0,0,0,1.0,0
0.7439,58,0,0.6983,6670.0,10,0,2,0,1.0,0
1.0764,42,0,0.6399,10041.0,3,0,1,0,3.0,0
0.5798,54,0,0.2613,2781.0,2,0,2,0,0.0,0
0.0723,71,0,0.1277,2866.0,11,0,1,0,0.0,0
1.6442,58,0,0.5251,4085.0,5,0,2,0,1.0,0
1.1457,53,0,0.4614,7799.0,7,0,0,0,0.0,0
0.259,56,0,1.0289,20209.0,8,0,0,0,0.0,0
0.0985,69,0,0.6975,5748.0,14,0,0,0,,0
0.1437,54,0,0.4765,2756.0,15,0,2,0,,0
0.4094,45,0,0.4847,3387.0,5,0,0,0,0.0,0
0.3531,45,0,0.0325,,12,0,3,0,1.0,0
0.2202,44,0,0.9523,4144.0,4,0,0,0,1.0,0
0.1481,44,0,0.6449,5429.0,8,0,1,0,0.0,0
2.3212,63,0,0.1274,9349.0,4,0,1,0,0.0,1
0.1515,76,0,0.3578,21414.0,7,0,2,0,0.0,1
1.0539,46,0,0.4291,8394.0,7,0,2,0,1.0,0
0.8493,39,0,0.0981,2635.0,6,0,1,0,1.0,0
0.8727,34,0,1.0838,4264.0,10,0,1,0,,0
0.6386,76,0,0.6073,1181.0,11,0,3,0,3.0,1
0.3597,66,0,1.0711,3978.0,8,0,0,0,0.0,0
1.1411,42,0,0.5136,3149.0,6,0,0,0,0.0,0
0.0505,54,0,0.2396,,3,0,1,0,1.0,0
0.3142,72,0,0.4831,3979.0,5,0,0,0,,0
0.3359,51,0,0.8612,7578.0,11,0,0,0,0.0,0
0.3733,64,0,0.3344,4831.0,5,0,2,0,0.0,0
0.3522,50,0,0.1512,12837.0,6,0,0,0,0.0,0
0.7608,48,0,0.4782,5568.0,10,0,0,0,0.0,0
0.2985,21,0,0.7595,10856.0,6,0,0,0,0.0,0
0.3067,46,0,0.2762,4506.0,11,0,1,0,0.0,0
0.2006,44,0,0.3036,5083.0,8,0,2,0,0.0,0
0.0406,59,0,0.5572,4711.0,9,0,1,0,0.0,0
0.3319,55,0,0.1886,4465.0,7,0,2,0,0.0,0
0.4605,55,0,0.6673,5376.0,10,0,2,0,1.0,0
0.3945,65,0,0.4951,2757.0,6,0,4,0,0.0,0
0.3274,21,0,0.2515,,11,0,0,0,1.0,0
0.0412,51,0,0.3692,6234.0,9,0,1,0,1.0,0
3.1284,36,0,0.388,3366.0,8,0,0,0,0.0,0
0.361,34,0,0.4764,2720.0,8,0,1,0,0.0,0
0.433,48,0,0.5162,4289.0,10,0,2,0,0.0,0
0.8922,52,0,0.0622,4846.0,3,0,1,0,1.0,0
0.1643,59,0,1.005,2256.0,9,0,0,0,0.0,0
0.186,58,0,0.7035,10972.0,4,0,1,0,1.0,0
1.8813,40,0,0.3758,4439.0,8,0,3,0,0.0,0
0.3293,49,0,0.065,1800.0,4,0,1,0,0.0,0
0.1356,72,0,0.1659,2737.0,7,0,1,0,1.0,0
2.2961,75,0,0.7975,,7,0,2,0,1.0,0
0.6734,48,0,1.0103,3065.0,8,0,0,0,1.0,0
0.5288,53,0,0.7338,,14,0,1,0,0.0,0
0.1726,39,0,0.251,8890.0,7,0,0,0,2.0,0
0.2358,66,0,0.6265,3056.0,5,0,2,0,1.0,0
0.4391,84,0,0.807,11610.0,10,0,1,0,0.0,0
0.1828,45,0,0.1819,4741.0,10,0,0,0,3.0,0
2.5008,68,0,0.3747,,10,0,0,0,1.0,0
0.1507,62,0,0.7592,4526.0,4,0,0,0,0.0,0
0.7766,50,0,0.3125,,11,0,1,0,1.0,0
0.1848,42,0,1.0052,3325.0,6,0,0,0,1.0,0
0.5936,87,0,0.4036,8470.0,6,0,2,0,1.0,0
0.2428,63,0,0.8618,15664.0,6,0,1,0,,0
0.0684,65,0,0.4284,9721.0,5,0,1,0,0.0,0
0.3055,49,0,0.3256,3296.0,15,0,0,0,3.0,0
0.5505,53,0,0.1435,3631.0,9,0,0,0,1.0,0
0.6705,35,0,0.2577,,10,0,2,0,0.0,0
3.3908,63,0,0.609,12033.0,9,0,0,0,1.0,0
0.1569,47,0,0.7675,13634.0,8,0,1,0,0.0,0
0.0041,38,0,0.7971,10425.0,8,0,1,0,0.0,0
0.113,40,0,0.0018,5062.0,11,0,1,0,0.0,0
0.0132,86,0,0.3404,2899.0,7,0,0,0,0.0,0
0.8487,48,0,0.7436,2915.0,3,0,2,0,0.0,0
2.1676,57,2,0.561,,6,0,0,0,0.0,0
0.1376,35,0,0.4219,,6,0,0,0,0.0,0
0.4639,49,0,0.2703,4922.0,7,0,1,0,1.0,0
11.9835,33,0,0.8786,6094.0,11,0,2,0,1.0,0
0.2575,57,0,0.4772,5539.0,10,0,2,0,0.0,0
3.7732,39,0,0.4323,,9,0,1,0,3.0,0
0.5825,63,0,0.7161,,9,0,2,0,3.0,0
0.332,27,0,0.1287,8316.0,9,0,0,0,2.0,0
0.1616,43,0,0.0826,6647.0,9,0,0,0,0.0,0
0.3628,68,0,0.23,15283.0,11,0,2,0,1.0,0
0.6016,73,0,0.7098,2716.0,9,0,1,0,3.0,1
0.5431,52,0,0.7722,3681.0,10,0,3,0,1.0,0
0.3855,47,0,0.5549,3418.0,7,0,1,0,1.0,0
0.4519,54,0,0.4099,,9,0,1,0,6.0,0
0.5055,81,0,0.4637,2562.0,7,0,1,0,1.0,0
0.4325,48,0,0.1423,2683.0,9,0,0,0,0.0,0
0.3603,52,0,0.4643,21715.0,3,0,2,0,0.0,0
0.3077,37,3,0.7093,4782.0,6,0,0,0,0.0,0
0.6869,43,0,0.5837,3199.0,10,0,1,0,2.0,0
6.8275,58,0,0.6022,,5,0,2,0,1.0,1
5.5698,65,0,0.0702,3395.0,10,0,1,0,1.0,1
0.6227,56,0,0.7145,5636.0,6,0,1,0,0.0,0
0.34,64,0,0.6647,10478.0,9,0,2,0,0.0,0
0.4706,38,0,0.7634,12876.0,6,0,0,0,0.0,0
0.0193,37,0,0.4454,8417.0,9,0,3,0,,0
3.6429,63,0,1.2638,,5,0,2,0,0.0,0
0.1328,45,0,0.1743,3404.0,7,0,1,0,2.0,0
0.0344,36,2,0.434,,7,0,2,0,,0
2.009,55,0,0.1905,2121.0,8,0,0,0,0.0,0
0.3703,53,0,0.5996,2904.0,6,0,0,0,,0
0.4157,49,0,0.2622,,2,0,0,0,1.0,0
0.3567,74,0,0.5839,7174.0,12,0,0,0,2.0,0
0.3738,78,0,0.4055,4191.0,11,0,1,0,2.0,0
0.5251,65,0,0.1282,,5,0,1,0,2.0,0
0.1044,58,0,0.2964,3051.0,6,0,3,0,2.0,0
0.2453,71,0,0.3104,10783.0,6,0,0,0,0.0,0
0.6772,54,0,0.0911,4265.0,11,0,1,0,1.0,0
1.1243,49,0,1.0093,4511.0,8,0,3,0,0.0,0
0.0423,44,0,0.8524,3638.0,6,0,1,0,0.0,0
0.0206,41,0,0.464,,8,0,0,0,0.0,0
0.3543,65,0,0.5586,4962.0,5,0,1,0,2.0,0
0.3404,31,0,0.5653,,12,0,2,0,0.0,0
0.2813,44,0,0.3902,10882.0,8,0,2,0,2.0,0
0.9034,47,0,0.292,2333.0,13,0,2,0,1.0,0
0.7458,32,0,0.0735,4314.0,8,0,0,0,0.0,0
0.7163,47,0,0.8284,7352.0,7,0,0,0,1.0,0
0.2637,53,0,0.6002,4141.0,6,0,2,0,1.0,0
0.2412,66,0,0.5661,3626.0,3,0,4,0,3.0,0
1.2861,45,0,0.2204,3639.0,10,0,0,0,1.0,0
0.2423,53,0,0.6549,,9,0,1,0,1.0,0
0.2628,31,0,0.7361,3006.0,8,0,3,0,0.0,0
0.0264,35,0,1.1061,,9,0,2,0,0.0,0
0.015,25,0,0.1378,4675.0,8,0,0,0,0.0,0
0.2298,66,0,0.3894,5589.0,8,0,1,0,0.0,0
0.4251,47,0,0.2405,,12,0,0,0,1.0,0
0.7787,55,0,0.1685,3490.0,9,0,0,0,0.0,0
0.7064,59,0,0.0952,4313.0,8,0,0,0,0.0,0
6.8418,63,1,0.6162,4105.0,6,0,0,0,1.0,0
3.2732,80,0,0.8139,2587.0,7,0,1,0,0.0,0
0.8174,51,0,0.3161,10517.0,9,0,2,0,1.0,0
1.4155,42,0,0.2001,10057.0,6,0,1,0,0.0,0
0.6554,62,0,0.0974,2681.0,10,0,2,0,1.0,0
0.9946,85,0,0.5176,,9,0,2,0,3.0,0
0.383,44,0,0.3605,1614.0,10,0,1,0,,0
0.4195,41,0,0.6941,2492.0,6,0,0,0,0.0,0
0.388,21,0,0.0903,,8,0,2,0,0.0,0
0.6413,23,0,0.1773,4990.0,12,0,0,0,0.0,0
0.1508,72,0,0.4894,4411.0,11,0,0,0,1.0,0
0.1643,50,0,0.8636,6936.0,7,0,0,0,0.0,0
0.0975,36,0,0.507,,13,0,2,0,1.0,0
1.0083,52,0,0.7355,3674.0,3,0,1,0,1.0,0
0.4417,88,0,0.3526,7494.0,1,0,0,0,1.0,0
0.6498,52,0,0.4222,4574.0,8,0,0,0,0.0,0
0.0466,79,0,0.5681,,7,0,2,0,0.0,0
0.2053,39,0,1.0575,3181.0,13,0,0,0,0.0,0
0.0974,72,0,0.2173,10058.0,13,0,1,0,0.0,0
0.7363,44,0,0.6383,3000.0,11,0,1,0,0.0,0
1.3673,41,0,0.761,5581.0,7,0,0,0,1.0,0
5.773,39,0,0.1415,,7,0,2,0,1.0,0
0.4874,47,0,0.2482,14207.0,7,0,2,0,1.0,0
0.2764,66,0,0.4923,6178.0,6,0,0,0,0.0,0
0.9306,45,0,0.8183,4637.0,10,0,0,0,0.0,0
0.3223,67,0,0.3187,1998.0,9,0,1,0,0.0,0
0.2593,42,0,0.1141,2821.0,8,0,1,0,0.0,0
0.1426,51,0,0.5833,5181.0,6,0,0,0,0.0,0
1.2321,45,0,0.615,,3,0,1,0,0.0,0
0.2736,77,0,0.611,5262.0,8,0,0,0,1.0,0
0.2548,59,0,1.1007,5490.0,10,0,0,0,1.0,0
0.4513,56,0,0.4586,5057.0,7,0,1,0,0.0,0
0.0241,48,0,0.6877,1875.0,5,0,2,0,0.0,0
0.0789,44,0,0.3592,,8,0,0,0,1.0,0
0.4333,38,0,0.2674,,11,0,1,0,0.0,0
0.3791,71,0,0.236,6266.0,6,0,0,0,2.0,1
0.158,29,0,0.9261,3484.0,7,0,0,0,0.0,0
0.6844,47,0,0.543,14177.0,10,0,0,0,0.0,0
1.1137,64,0,0.7818,2492.0,7,0,0,0,2.0,0
4.8311,29,2,0.0114,2959.0,5,0,0,0,0.0,0
0.8082,54,0,0.6479,,6,0,3,0,1.0,0
0.0317,40,0,0.2262,5669.0,9,0,1,0,1.0,0
0.0375,52,0,0.5238,7223.0,7,0,0,0,1.0,0
0.159,50,0,0.2239,16055.0,7,0,0,0,2.0,0
0.0259,21,0,0.3316,4541.0,4,0,0,0,0.0,0
1.0064,61,0,0.89,2510.0,9,0,0,0,1.0,0
0.1533,38,0,0.5649,12298.0,9,0,0,0,1.0,0
0.2878,44,0,0.2909,3460.0,7,0,0,0,1.0,0
0.1602,53,0,0.2263,2694.0,6,0,0,0,0.0,0
0.6595,57,0,0.344,6763.0,11,0,0,0,2.0,0
1.1288,58,0,0.3578,7238.0,6,0,1,0,0.0,0
0.7021,63,0,0.5992,3953.0,11,0,0,0,0.0,0
1.674,21,0,0.4139,5443.0,9,0,0,0,1.0,0
0.987,59,0,0.4198,11662.0,12,0,1,0,1.0,0
0.4028,52,0,0.1784,,2,0,2,0,0.0,0
0.2194,44,0,0.1182,4113.0,8,0,2,0,0.0,0
0.8339,56,0,0.0816,4349.0,9,0,0,1,1.0,0
0.4541,65,0,0.5173,7107.0,8,0,1,0,2.0,0
1.6186,40,0,0.2679,,11,0,1,0,0.0,0
0.3087,72,0,0.1859,6062.0,8,0,1,0,0.0,0
0.6854,68,0,0.5472,4046.0,6,0,6,0,0.0,0
0.457,57,1,0.1719,11478.0,8,0,1,0,0.0,0
1.8974,35,0,0.6033,2306.0,7,0,0,0,1.0,1
0.6882,82,0,0.1053,7023.0,9,0,0,0,0.0,1
0.0398,56,0,0.5751,2940.0,10,0,0,0,0.0,0
0.2844,54,0,0.0937,5479.0,9,0,0,0,1.0,0
2.1597,54,1,0.6865,5355.0,8,0,4,3,0.0,0
0.8633,60,0,0.2162,,12,0,0,0,0.0,0
0.4066,65,0,0.7246,14427.0,11,0,0,0,1.0,0
0.7428,52,0,0.4513,2821.0,8,0,0,0,0.0,0
0.3302,35,0,0.5466,4802.0,8,0,4,0,0.0,0
0.6408,66,0,0.8016,4249.0,11,0,0,0,1.0,1
0.161,41,0,0.6441,8518.0,5,0,1,0,0.0,0
0.6687,38,0,0.4365,6853.0,9,0,0,0,1.0,0
0.126,51,0,1.0018,4433.0,5,0,0,0,1.0,0
0.525,46,0,0.9615,7342.0,11,0,3,0,0.0,0
0.2498,57,0,0.3717,1978.0,14,0,1,0,1.0,0
0.0609,60,0,0.127,4522.0,7,0,2,0,1.0,0
2.0866,45,0,0.4624,,5,0,0,0,0.0,0
0.2333,54,0,0.455,2409.0,6,0,0,0,0.0,0
0.1528,45,0,0.45,2867.0,8,0,2,0,0.0,0
0.0334,63,0,0.1579,4913.0,9,0,0,0,0.0,0
0.1123,59,0,0.3112,,9,0,0,0,1.0,0
0.062,62,0,0.4356,9618.0,7,0,1,0,0.0,0
0.0375,48,0,0.576,7827.0,8,0,1,0,0.0,0
0.2615,56,0,0.4353,15333.0,10,0,0,0,0.0,0
0.4523,59,0,0.2115,,6,0,1,0,1.0,0
0.0029,62,0,0.3398,4011.0,9,0,0,0,0.0,0
0.6948,61,0,0.1403,4821.0,8,0,1,0,2.0,0
0.097,50,0,0.3382,4254.0,11,0,2,0,0.0,0
0.4532,36,0,1.0815,4137.0,9,0,0,0,1.0,1
2.68,59,0,0.3246,3293.0,11,0,0,0,1.0,0
0.0829,58,4,0.5771,10853.0,6,0,1,1,2.0,0
0.2616,37,0,0.8324,11402.0,4,0,1,0,1.0,0
0.2824,64,0,0.1963,5898.0,11,0,1,0,0.0,0
0.5158,54,0,0.3229,5797.0,9,0,0,0,2.0,0
0.1336,50,0,1.0208,15272.0,8,0,0,0,1.0,0
0.6037,55,0,0.7925,2279.0,8,0,2,0,1.0,1
0.1201,65,0,0.4524,4521.0,10,0,1,0,1.0,0
0.5532,74,0,0.3449,2945.0,8,0,2,0,1.0,0
0.0933,51,0,0.698,11799.0,8,0,0,0,1.0,0
0.6688,49,0,0.4389,4450.0,6,0,1,0,1.0,0
1.3385,61,0,0.7361,,12,0,2,0,1.0,0
0.3931,33,0,0.4074,4270.0,9,0,0,0,0.0,0
1.121,64,0,0.5181,3519.0,9,0,2,0,0.0,1
0.8668,33,0,0.3654,3944.0,7,0,1,0,0.0,0
0.7947,33,0,0.148,6075.0,8,0,1,0,3.0,0
0.7443,74,0,0.7823,,8,0,0,0,0.0,0
2.2512,23,0,0.2299,3995.0,10,0,0,0,,0
0.5377,70,0,0.5139,12345.0,6,0,0,0,1.0,0
0.4426,74,0,0.4113,8008.0,6,0,2,0,0.0,0
0.2243,57,0,0.1872,3636.0,6,0,2,0,0.0,0
0.4633,60,0,0.7546,4449.0,11,0,2,0,0.0,0
0.7695,30,0,0.9377,11870.0,10,0,3,0,0.0,0
0.3899,45,0,0.751,,3,0,0,0,1.0,0
7.5675,57,0,0.5132,,13,0,0,0,2.0,0
5.2676,57,2,0.405,,11,0,1,0,2.0,0
0.2105,58,0,0.3586,,8,0,2,0,,0
0.2008,57,0,0.4753,3964.0,10,0,1,0,3.0,0
0.3577,52,0,0.3847,2639.0,7,0,1,0,2.0,0
2.2899,35,0,0.2239,4217.0,11,1,1,0,1.0,0
0.1443,57,0,0.4061,8211.0,6,0,2,0,0.0,0
0.4245,36,0,0.7305,4507.0,13,0,0,0,1.0,0
0.2813,47,0,0.4121,4077.0,6,0,0,0,1.0,0
0.0828,71,0,0.1205,,9,0,4,0,2.0,0
0.2445,30,0,0.9745,2241.0,5,0,1,0,0.0,0
0.6874,50,0,0.8376,,6,0,0,0,0.0,1
0.0463,64,0,1.1801,3932.0,11,0,0,0,0.0,0
0.9108,61,0,1.1877,6650.0,10,0,1,0,1.0,0
0.3412,56,0,0.6154,5710.0,8,0,1,0,2.0,0
0.1095,43,0,0.499,3755.0,15,0,0,0,,0
0.4367,70,0,0.1918,,6,0,2,0,1.0,0
0.114,35,0,0.8857,7255.0,13,0,1,0,0.0,0
0.4695,62,0,0.5977,8178.0,7,0,0,0,0.0,0
0.3869,54,1,0.9002,6825.0,9,0,1,0,1.0,0
0.2864,41,0,0.316,,11,0,1,0,1.0,0
0.7349,47,0,0.4359,11679.0,7,0,1,0,2.0,0
0.0491,77,0,0.305,14854.0,7,0,1,0,0.0,0
0.0975,36,0,0.1123,7534.0,7,0,3,0,0.0,0
0.4297,27,0,0.3314,3729.0,9,0,4,0,2.0,0
0.3688,43,0,0.0104,2796.0,11,0,0,0,0.0,0
0.7471,58,0,0.5658,583.0,7,0,1,0,2.0,0
0.0595,72,0,0.2605,3277.0,7,0,1,0,1.0,0
0.4271,52,0,0.7502,,5,0,0,0,0.0,0
0.9285,29,0,0.3101,12947.0,3,0,1,0,0.0,0
0.1136,53,0,0.2671,,14,0,0,0,0.0,0
0.3269,64,0,0.2044,5369.0,11,0,0,0,1.0,0
1.9408,56,0,0.3882,2598.0,6,0,1,0,0.0,0
0.1124,59,0,0.3793,2744.0,10,0,0,0,1.0,0
0.8335,26,0,0.3463,4851.0,6,0,0,0,2.0,1
0.1925,33,0,0.4296,5036.0,7,0,1,0,1.0,0
1.6838,50,0,0.7394,3456.0,8,0,0,0,1.0,0
0.725,68,0,0.5619,1939.0,5,0,3,0,1.0,0
6.8201,41,0,0.2714,3386.0,10,0,1,0,1.0,0
0.2294,55,0,0.2669,6832.0,6,0,0,0,0.0,0
0.6842,54,0,0.8944,7765.0,9,0,0,0,1.0,0
0.6282,37,0,0.1672,8157.0,4,0,0,0,0.0,0
0.3717,42,0,0.4046,,4,0,1,0,0.0,0
0.1463,52,0,0.0274,20613.0,5,0,0,0,0.0,0
0.1237,47,0,0.4211,,6,0,0,0,1.0,0
0.5535,63,0,0.0593,,5,0,1,0,0.0,0
0.027,46,0,0.6497,5255.0,12,0,3,0,1.0,0
0.2642,64,0,0.4339,4386.0,17,0,1,0,0.0,0
0.345,47,0,0.5226,9159.0,6,0,2,0,0.0,0
0.6281,52,3,0.665,,13,0,1,0,1.0,0
0.7673,63,0,0.3097,16261.0,8,0,0,0,0.0,0
0.4973,50,0,0.4353,3727.0,6,0,1,0,1.0,0
0.6905,46,0,0.3146,,10,0,1,0,0.0,0
0.1627,51,0,0.1009,3592.0,6,0,1,0,1.0,0
0.5243,65,0,1.0725,11314.0,6,0,0,0,1.0,0
0.4326,57,0,0.2743,6054.0,8,0,4,0,1.0,0
0.5121,22,0,0.5776,5610.0,5,0,1,0,3.0,0
0.1244,42,0,0.4224,4075.0,8,0,0,0,2.0,0
0.0059,42,0,0.7303,2520.0,9,0,1,0,0.0,0
0.1327,60,0,0.9211,,14,0,0,0,1.0,0
0.3923,25,0,0.6562,6022.0,13,0,0,0,0.0,0
2.4724,56,0,0.4546,3091.0,10,0,0,0,3.0,0
0.2119,61,0,0.1998,,10,0,2,0,1.0,0
0.1467,61,0,0.4262,,10,0,1,0,0.0,0
0.4995,51,1,1.4444,11760.0,5,0,2,0,1.0,0
0.5352,29,0,0.5347,9450.0,10,0,1,0,0.0,0
0.0231,48,0,0.5116,1798.0,6,0,2,0,1.0,0
3.4757,73,0,0.4193,4572.0,10,0,0,0,1.0,0
0.913,44,0,0.4713,,6,0,1,0,0.0,0
0.3241,83,0,0.2985,13971.0,6,0,0,0,0.0,0
0.4057,63,0,0.7558,,9,0,2,0,1.0,0
0.2285,50,0,0.5596,,5,0,1,0,1.0,0
0.0883,55,0,0.0806,,8,0,2,0,2.0,0
0.2789,57,0,0.643,6712.0,10,0,1,0,0.0,0
0.4555,44,0,0.5765,7219.0,7,0,2,0,1.0,0
3.5105,46,0,0.1221,4954.0,15,0,0,0,0.0,0
0.3846,80,0,0.9412,,12,0,0,0,4.0,0
0.3705,73,0,0.5297,2495.0,10,0,1,0,1.0,0
1.1406,47,0,0.4611,3683.0,8,0,2,0,0.0,0
0.0059,41,0,0.7508,4471.0,7,0,3,0,2.0,0
0.4918,30,0,0.5055,5065.0,4,0,0,0,0.0,0
0.0833,82,0,0.924,6305.0,8,0,5,0,2.0,0
0.9489,66,0,0.7424,,7,0,2,0,1.0,0
0.2843,69,0,0.2654,6753.0,10,0,1,0,1.0,0
0.0895,44,2,0.5113,1947.0,8,0,1,1,0.0,0
0.5691,43,0,0.6556,7241.0,11,0,0,0,0.0,0
0.8106,39,0,0.5293,789.0,7,0,2,0,,1
0.4538,21,0,0.6126,,6,0,0,0,0.0,1
0.2372,40,0,0.2202,5653.0,6,0,0,0,0.0,0
0.5805,56,0,0.2276,6258.0,5,0,1,0,0.0,0
0.7784,55,0,0.6478,15192.0,10,0,1,0,2.0,0
0.0929,43,0,0.4364,13261.0,10,0,1,0,1.0,0
0.2573,61,0,0.3696,6905.0,6,0,0,0,0.0,0
0.4055,43,0,0.4754,12920.0,14,0,1,0,1.0,0
1.0829,63,0,0.1174,2912.0,9,0,1,0,1.0,1
0.3442,63,0,0.5713,7466.0,8,0,0,0,2.0,0
0.1924,63,0,0.2492,5593.0,9,0,0,0,0.0,0
0.2104,53,0,0.907,7530.0,8,0,0,0,1.0,0
0.771,41,0,0.2379,,7,0,1,0,1.0,0
0.7287,35,0,0.2954,2059.0,9,0,1,0,1.0,0
2.063,22,0,0.2225,5776.0,4,0,2,0,3.0,0
0.4384,63,0,0.5762,3557.0,14,0,1,0,0.0,0
0.3947,28,0,0.7981,,8,0,2,0,1.0,0
0.1403,50,0,0.9483,4634.0,4,0,0,0,0.0,0
0.0969,55,0,0.4676,,6,0,0,0,1.0,0
0.3327,37,0,0.4715,3546.0,5,0,1,0,1.0,0
0.1007,50,0,0.4735,2407.0,7,0,0,0,1.0,0
0.6857,56,0,0.2887,,10,0,1,0,1.0,0
0.2105,48,0,0.3549,,9,0,2,0,1.0,0
5.3423,58,0,0.787,16256.0,15,0,1,0,0.0,0
0.7437,46,0,0.7989,8261.0,10,0,0,0,2.0,0
0.8734,48,0,0.1744,3064.0,11,0,1,0,1.0,1
0.0422,40,0,1.0399,3123.0,8,0,1,0,0.0,0
0.2572,50,0,0.2864,,8,0,1,0,,0
0.0191,52,0,0.5553,,8,0,0,0,1.0,0
0.7835,39,0,0.8177,2521.0,7,0,2,0,2.0,0
0.0593,58,0,0.9436,,6,0,0,0,1.0,0
0.1628,21,0,0.434,9463.0,4,0,1,0,1.0,0
0.2066,67,0,0.0314,3514.0,6,0,0,0,0.0,0
0.0481,32,0,0.8178,7728.0,4,0,1,0,0.0,0
0.1958,67,0,0.272,8782.0,12,0,0,0,3.0,0
0.1913,61,0,0.2184,7275.0,7,0,0,0,1.0,0
0.3586,66,0,0.3273,,9,0,1,0,0.0,0
0.0722,36,0,0.675,2566.0,10,0,2,0,0.0,0
0.1707,49,0,0.0323,,5,0,0,0,3.0,0
0.3846,56,0,0.1726,4590.0,9,0,0,0,1.0,0
0.736,58,1,0.2945,,5,0,0,0,2.0,0
0.1692,64,0,0.4685,5394.0,3,0,0,0,1.0,0
0.0284,61,0,0.6738,14848.0,9,0,0,0,0.0,0
0.5944,59,0,0.3694,2906.0,8,0,0,0,0.0,0
0.2859,59,0,0.3712,4883.0,10,0,0,0,3.0,0
0.6339,62,0,0.5451,4097.0,8,0,2,0,2.0,0
0.2507,52,0,0.0755,,5,0,4,0,0.0,0
0.7123,68,0,0.7693,3639.0,4,0,1,0,0.0,0
0.6972,51,0,0.7826,,8,0,0,0,3.0,0
0.1562,28,0,0.1198,3126.0,8,0,1,0,0.0,0
0.5784,69,0,1.2102,9016.0,9,0,1,0,0.0,0
1.1854,59,0,0.2085,29008.0,12,0,0,0,2.0,0
1.0962,50,0,0.1901,,8,0,1,0,2.0,0
0.1193,54,0,0.872,3230.0,10,0,3,0,0.0,0
0.0037,73,0,0.5063,11989.0,8,0,0,0,2.0,0
0.2353,53,0,0.3338,16209.0,4,0,0,0,2.0,1
0.4179,73,0,0.4548,16170.0,7,0,1,0,1.0,0
0.3067,59,0,0.1952,6646.0,6,0,2,0,1.0,0
0.3061,47,0,0.6989,4452.0,11,0,0,0,0.0,0
0.8698,34,0,0.7985,7140.0,2,0,1,1,1.0,0
3.9497,53,0,0.2572,5242.0,6,0,1,0,0.0,0
0.3757,70,0,0.7816,7830.0,9,0,0,0,0.0,0
0.2323,44,0,0.4653,15361.0,6,0,0,0,2.0,0
0.4864,57,0,0.3081,4047.0,8,0,0,0,1.0,0
0.0147,73,0,0.6297,,7,0,1,0,1.0,0
0.2302,27,0,0.7861,,11,0,1,0,1.0,0
6.7088,58,0,0.2249,6152.0,7,0,0,0,0.0,0
0.4351,60,0,0.3736,4770.0,15,0,1,0,1.0,0
0.0483,57,0,0.0237,3845.0,8,0,0,0,1.0,0
2.8153,28,0,0.4006,5465.0,8,0,0,0,0.0,0
0.0344,41,0,0.7371,2071.0,10,0,1,0,0.0,0
0.3661,23,0,0.1757,,13,0,2,0,0.0,0
0.3517,34,0,0.7108,3837.0,12,0,0,0,0.0,0
0.4095,64,0,0.2496,9581.0,3,0,0,0,0.0,0
0.6392,47,0,0.0998,5085.0,9,0,2,0,1.0,0
0.2545,63,0,0.0936,10096.0,3,0,0,0,1.0,0
0.0161,63,0,0.9642,2422.0,7,0,0,0,0.0,0
0.0658,36,0,0.9138,4837.0,9,0,3,0,0.0,0
2.4375,54,0,0.9633,,5,1,1,1,1.0,0
2.6935,30,1,0.5416,9190.0,12,0,0,0,0.0,0
0.4112,56,0,0.9312,,6,0,0,0,1.0,0
0.5928,58,0,0.7464,4210.0,7,0,0,0,1.0,0
6.7335,49,0,0.8449,4401.0,7,0,3,0,1.0,1
0.5845,28,0,0.7361,5126.0,14,0,2,0,1.0,0
1.0716,31,0,0.9272,1534.0,8,0,0,0,0.0,0
0.966,88,0,0.6104,5040.0,10,0,2,0,0.0,0
0.6372,61,0,0.9443,4488.0,12,0,2,0,0.0,0
4.0067,48,0,0.5102,,5,0,1,0,0.0,0
2.8739,65,0,0.7999,4349.0,7,0,0,0,0.0,0
0.3744,73,0,0.2058,7269.0,6,0,0,0,0.0,0
0.4684,69,0,0.3797,21745.0,4,0,1,0,1.0,0
2.8986,49,0,0.6467,,9,0,0,0,0.0,0
1.1253,47,2,0.1709,4620.0,3,0,1,0,1.0,0
0.3471,63,0,0.1124,3397.0,11,0,0,0,0.0,0
0.3172,49,0,0.5812,4637.0,7,0,0,0,0.0,0
1.1608,69,0,0.8659,4841.0,14,0,3,0,1.0,0
0.125,54,0,0.1421,8664.0,12,0,1,0,0.0,1
1.4175,63,0,1.1708,3065.0,11,0,0,0,,0
0.2321,67,0,0.357,,4,0,0,0,1.0,0
0.1224,34,0,0.143,8304.0,8,0,0,0,0.0,0
2.3724,54,0,0.2685,2709.0,6,0,0,0,0.0,0
0.0897,68,0,0.4634,8468.0,6,0,1,0,2.0,0
0.2441,41,0,0.6051,,7,0,3,0,1.0,0
0.1833,44,0,0.1043,1927.0,12,0,0,0,0.0,0
0.6805,69,0,0.1212,4635.0,8,0,2,0,0.0,0
1.6076,73,0,0.2911,8474.0,8,0,1,0,2.0,0
2.5956,21,0,0.7158,3837.0,9,0,2,0,1.0,0
1.0129,69,0,0.6527,8672.0,10,0,0,0,0.0,0
0.4811,21,0,0.401,20454.0,3,0,1,0,1.0,0
0.2528,51,0,0.5965,4233.0,8,0,1,0,0.0,0
3.1075,33,0,0.2757,8969.0,8,0,3,0,0.0,0
0.4395,44,0,0.4954,2324.0,9,0,2,0,1.0,0
0.29,53,0,0.2835,6602.0,11,0,1,0,1.0,0
0.2938,59,0,0.4024,5934.0,6,0,1,0,,0
2.3772,72,0,0.9391,9916.0,12,0,2,2,0.0,0
0.0066,33,0,0.1781,,4,0,0,0,1.0,0
0.1142,68,2,0.7365,7568.0,8,3,2,0,,0
3.4143,48,0,0.9127,2989.0,7,0,0,0,1.0,0
0.0856,48,0,0.0312,12203.0,12,0,1,0,0.0,0
0.0164,76,0,0.4734,,11,0,2,0,1.0,0
0.8771,64,0,0.1314,10592.0,5,0,2,0,1.0,0
0.24,28,0,0.7054,5144.0,6,0,0,0,0.0,0
0.3254,51,0,0.4834,16438.0,10,0,2,0,0.0,0
0.223,42,0,0.5432,,4,0,0,0,2.0,0
0.5899,46,0,0.2659,6054.0,5,0,0,0,0.0,0
0.9549,50,0,0.7236,5565.0,10,0,0,0,2.0,0
0.7731,58,0,0.2462,2471.0,13,0,1,0,1.0,0
0.199,34,0,0.1269,4623.0,14,0,2,0,1.0,0
0.3336,49,0,0.6552,15361.0,7,0,1,0,1.0,0
0.0631,46,0,0.5705,5489.0,13,0,0,0,2.0,0
0.2528,57,0,0.5003,8385.0,4,0,3,0,0.0,0
0.4108,51,0,0.1762,7232.0,5,0,0,0,1.0,0
0.7799,65,0,0.436,,6,0,1,0,0.0,0
0.1743,56,0,0.2884,2301.0,13,0,1,0,4.0,0
0.1429,60,0,0.4411,8379.0,5,0,0,0,1.0,0
0.5637,55,0,0.8481,,6,0,2,0,1.0,0
0.0981,36,0,0.9475,,9,0,1,0,0.0,0
0.5279,47,0,0.276,7502.0,8,0,1,0,0.0,0
0.2554,43,0,0.3566,,11,0,0,0,0.0,0
0.6707,63,0,0.8443,6633.0,9,0,3,0,0.0,0
0.3628,64,0,0.4567,,9,0,0,0,2.0,0
0.4851,51,0,0.3837,3181.0,7,0,0,0,0.0,0
0.2306,54,0,1.0003,9121.0,10,0,1,0,0.0,0
0.5916,30,0,0.8051,4378.0,6,0,1,0,1.0,0
0.2169,47,0,0.744,6832.0,8,0,0,0,,0
1.0486,21,0,0.1013,3413.0,5,0,1,0,1.0,0
0.5479,63,0,0.6924,12284.0,8,0,0,0,4.0,0
1.4149,83,0,0.2633,,8,0,1,0,0.0,0
0.7953,45,0,0.5106,8449.0,7,0,1,0,1.0,0
0.8469,55,0,0.4898,2420.0,12,0,3,0,1.0,0
2.8451,58,0,0.5475,18047.0,10,0,3,0,1.0,0
0.3377,36,0,0.0728,9017.0,10,0,0,0,1.0,0
5.4842,50,0,0.7836,,7,0,1,0,0.0,1
1.1226,59,0,0.4904,12442.0,7,0,4,0,0.0,0
0.1433,54,0,0.6693,3185.0,5,0,0,0,2.0,0
1.6584,53,0,0.6565,9670.0,9,0,1,0,1.0,0
0.7293,48,0,0.5679,2601.0,7,0,0,0,0.0,1
0.1516,41,0,0.582,3589.0,12,0,1,0,0.0,0
0.5465,61,0,0.6928,6019.0,6,0,1,0,0.0,0
0.5445,77,0,0.5733,6936.0,11,0,0,0,0.0,0
0.0355,24,1,0.1091,8716.0,8,0,3,0,1.0,0
3.105,22,2,0.8766,,7,0,4,0,3.0,0
2.8878,35,1,0.5154,3045.0,8,0,1,0,0.0,0
0.4255,46,0,0.6319,,8,0,0,0,1.0,0
0.7937,48,0,0.7649,6385.0,9,0,1,0,1.0,0
0.5123,54,0,0.2095,9038.0,10,0,2,0,3.0,0
1.0882,53,0,0.4494,2762.0,8,0,1,0,1.0,0
0.9189,50,0,0.2439,8147.0,6,0,2,0,1.0,0
4.7461,70,3,0.4634,6301.0,13,0,3,2,0.0,0
0.4707,39,0,0.8234,2127.0,6,0,0,0,0.0,1
0.4932,65,0,0.7599,3991.0,5,0,1,0,0.0,0
0.2044,80,0,0.8123,,5,0,0,0,1.0,0
0.5323,31,0,0.5548,,8,0,2,0,,1
0.1389,25,0,0.6225,8303.0,6,0,0,0,0.0,0
0.6604,55,2,0.443,6139.0,5,0,0,1,2.0,0
0.5726,61,0,0.7496,10348.0,6,0,3,0,0.0,0
0.5137,53,0,0.6355,5315.0,9,0,1,0,0.0,0
0.0005,22,0,0.4587,901.0,9,0,2,0,2.0,0
1.1906,28,0,0.3213,4423.0,11,0,2,0,1.0,0
0.9637,45,0,0.2484,,6,0,2,1,1.0,0
0.262,58,0,0.4626,4408.0,10,0,1,0,4.0,0
1.1265,47,0,0.7349,4219.0,10,0,0,0,0.0,0
0.2396,55,0,0.1654,,10,0,1,0,0.0,0
0.2072,55,0,0.405,3770.0,13,0,1,0,1.0,0
0.2404,65,0,0.9474,16551.0,9,0,1,0,0.0,0
0.7133,36,0,0.4526,2084.0,10,0,0,0,0.0,0
0.615,53,0,0.4008,1961.0,9,0,1,0,0.0,1
0.4038,72,0,0.6141,,14,0,0,0,,0
0.14,41,0,0.9167,2241.0,10,0,0,0,2.0,0
0.0921,43,0,0.2049,2240.0,9,0,0,0,1.0,0
1.0669,53,2,0.3782,4533.0,10,0,1,0,0.0,0
0.5568,37,0,0.2747,4469.0,11,0,1,0,1.0,0
0.1495,36,0,0.386,,8,0,3,0,1.0,0
0.2044,47,0,0.1186,2026.0,11,0,0,0,0.0,0
0.7072,49,0,0.5996,9815.0,3,0,1,0,0.0,0
0.5356,63,0,0.632,5337.0,11,0,0,0,0.0,0
0.0969,39,0,0.358,10185.0,5,0,2,0,0.0,0
0.3159,52,0,0.3633,7362.0,6,0,0,0,2.0,0
0.32,69,0,0.2643,5285.0,8,0,2,0,3.0,0
0.4332,68,0,0.3586,2927.0,8,0,2,0,1.0,0
0.8668,50,0,0.1733,9535.0,8,0,0,0,0.0,0
0.5446,55,0,0.5997,,11,0,1,0,0.0,0
0.0101,39,0,0.6903,5711.0,8,0,0,0,0.0,0
0.3221,56,0,0.5773,5784.0,11,0,1,0,0.0,0
0.3146,73,0,0.2997,6889.0,7,0,0,0,1.0,0
0.2015,70,0,0.6153,7553.0,8,0,1,0,1.0,0
0.1915,52,0,0.7298,3023.0,7,0,0,0,2.0,0
0.5729,57,0,0.4102,7713.0,7,0,1,0,0.0,0
0.4622,42,0,0.8121,3503.0,6,0,3,0,0.0,0
2.3487,39,0,0.7033,13174.0,8,0,0,0,3.0,0
0.2908,47,0,0.7418,9297.0,8,0,0,0,0.0,0
0.6721,56,0,0.0292,9108.0,7,0,0,0,2.0,0
0.7255,62,0,0.6994,10038.0,5,0,2,0,0.0,0
3.941,51,0,0.3897,13355.0,17,0,1,0,3.0,0
0.2577,58,0,0.0863,3243.0,6,0,1,0,0.0,0
0.3292,21,0,0.4258,1267.0,5,0,0,1,2.0,0
0.5632,54,0,0.2126,7986.0,4,0,1,0,1.0,0
0.2491,43,0,0.398,3577.0,9,0,2,0,1.0,0
3.5571,34,0,0.7865,4268.0,4,1,0,0,1.0,0
0.1004,58,0,0.1301,11248.0,5,0,0,0,1.0,0
0.3538,72,0,0.5823,2468.0,7,0,0,0,1.0,0
0.5979,52,0,0.3697,16043.0,8,0,2,0,1.0,0
0.7321,64,0,0.161,3329.0,9,0,1,0,3.0,0
1.7415,46,0,0.5715,6558.0,11,0,3,0,1.0,0
0.4134,81,0,0.3148,,8,0,1,0,0.0,0
0.1981,30,0,0.3683,4151.0,10,0,0,0,1.0,0
0.5417,51,0,1.0602,,7,0,0,0,0.0,0
1.6675,63,0,0.9045,,7,0,1,0,1.0,0
0.3134,52,0,0.1084,,6,0,2,0,1.0,0
0.8718,71,0,0.1447,,9,0,2,0,0.0,1
0.2389,23,0,0.2445,5104.0,6,0,0,0,1.0,0
0.036,50,0,0.4199,6276.0,9,0,1,0,1.0,0
0.3175,49,0,0.8809,5852.0,9,0,0,0,3.0,0
0.2996,50,1,0.698,2151.0,6,0,1,3,1.0,0
0.0751,30,0,0.7815,,9,0,3,0,0.0,0
0.061,48,0,0.2643,8665.0,5,0,0,0,2.0,0
0.3881,47,0,0.5503,2921.0,4,0,0,0,2.0,0
0.3329,55,0,0.2225,2965.0,12,0,1,0,2.0,0
0.4986,67,0,0.3102,2678.0,7,0,1,0,,0
0.4968,54,0,0.3259,2826.0,12,0,3,0,1.0,0
0.1973,58,0,0.5482,3723.0,6,0,2,0,1.0,0
0.2315,70,0,0.1622,11225.0,7,0,1,0,4.0,0
0.0008,69,0,0.507,7308.0,14,0,0,0,2.0,0
0.3111,21,0,0.9339,3691.0,8,0,1,0,1.0,0
0.0878,63,0,0.7494,2337.0,13,0,1,0,0.0,0
0.0251,63,0,0.7284,3380.0,5,0,2,0,0.0,0
0.2005,48,0,0.327,7053.0,7,0,1,0,0.0,0
0.7526,46,0,0.5248,5144.0,15,0,0,0,1.0,0
0.2454,36,0,0.0536,3843.0,7,0,0,0,0.0,0
0.0947,25,0,0.5962,3852.0,12,0,1,0,1.0,0
5.4434,64,0,0.6981,7370.0,8,0,0,0,,0
0.4954,63,0,1.0139,4786.0,8,0,0,0,2.0,0
0.1807,51,0,1.0139,8720.0,10,0,1,0,0.0,0
0.7087,62,1,0.5785,,4,1,0,0,3.0,0
1.1452,66,0,0.361,,7,0,1,0,0.0,0
0.7895,27,0,1.074,,7,0,0,0,1.0,1
0.9563,55,0,0.5379,10435.0,5,0,1,0,1.0,0
0.0916,49,0,0.176,3490.0,10,0,1,0,2.0,0
0.0128,58,0,0.2034,,10,0,0,0,0.0,0
0.8283,55,0,0.4496,,3,0,2,0,0.0,0
0.1538,63,0,0.5201,4732.0,10,0,0,0,,0
0.519,30,0,0.6228,1904.0,8,0,1,0,1.0,1
0.1801,70,0,0.7953,6478.0,11,0,0,0,2.0,0
0.5092,45,0,0.2075,6306.0,11,0,0,0,0.0,0
0.3298,50,0,1.0943,2830.0,7,0,1,0,0.0,0
0.1238,27,0,0.567,4511.0,13,0,1,0,0.0,0
0.2879,51,0,0.2989,7303.0,6,0,1,0,1.0,1
0.1871,52,0,0.5587,,7,0,3,0,1.0,0
0.637,51,0,0.4425,,10,0,0,0,,0
0.4466,42,0,0.5892,3497.0,6,0,0,0,,0
1.5359,35,0,0.4515,2075.0,8,0,1,0,0.0,0
0.3303,61,0,0.6456,6985.0,10,0,0,0,1.0,0
0.3355,28,0,0.4391,14217.0,12,0,1,0,1.0,0
0.3694,63,0,0.6462,2348.0,7,0,1,0,0.0,0
0.3894,76,0,0.3079,6211.0,3,0,1,0,2.0,0
0.1725,83,0,0.0651,,10,0,2,0,0.0,0
0.2418,37,0,0.3413,2779.0,5,0,3,0,1.0,0
0.0797,60,0,0.7323,,2,0,0,0,0.0,0
0.5392,44,0,0.3836,6689.0,9,0,0,0,3.0,0
1.0407,69,0,0.1418,3033.0,7,0,3,0,4.0,0
0.1615,58,0,0.6124,5581.0,6,0,2,0,2.0,0
0.3465,48,0,0.6305,25687.0,7,0,0,0,2.0,0
0.6381,39,0,0.306,3403.0,4,0,3,0,0.0,0
0.6934,47,0,0.5009,5611.0,12,0,1,0,1.0,0
0.1843,43,0,0.5141,14695.0,8,0,2,0,1.0,0
0.6471,52,0,0.6683,,12,0,2,0,3.0,0
0.7326,52,0,0.6574,7384.0,10,0,0,0,1.0,0
0.6473,44,0,0.0897,,6,0,0,0,0.0,0
0.3969,43,0,0.839,14613.0,8,0,1,0,2.0,0
2.3824,61,0,0.7367,23899.0,6,0,1,0,0.0,0
0.3372,62,0,0.3728,,6,0,0,0,1.0,0
0.5251,41,0,0.5779,,11,0,1,0,0.0,0
0.4726,51,0,0.41,,7,0,1,0,2.0,0
0.5151,40,0,0.8078,5391.0,15,0,0,0,0.0,0
0.1586,89,0,0.8262,7060.0,14,0,1,0,0.0,0
0.4508,39,0,0.7064,4451.0,5,0,0,0,3.0,0
0.2022,56,0,0.7435,11325.0,10,0,3,0,2.0,0
7.6752,58,0,0.4805,1702.0,3,0,1,0,1.0,0
1.079,43,0,1.0318,6700.0,5,0,1,0,1.0,0
0.3743,40,0,0.6855,,10,0,1,0,0.0,0
0.0365,48,0,0.2211,7323.0,6,0,1,0,2.0,0
0.8783,40,0,0.5363,6218.0,13,0,2,0,1.0,0
0.4201,55,0,0.3089,4048.0,7,0,1,0,1.0,0
0.8959,40,0,0.2022,1714.0,7,0,1,0,0.0,0
0.2957,54,0,0.5951,3899.0,6,0,0,0,0.0,0
3.296,23,0,0.2239,,11,0,1,0,2.0,1
0.3216,41,0,0.2817,4075.0,8,0,1,0,3.0,0
0.569,46,0,0.4363,4810.0,14,0,0,0,0.0,0
0.3539,66,0,0.3083,7762.0,8,0,2,0,1.0,0
0.1861,26,0,0.3288,9963.0,8,0,1,0,1.0,0
0.629,66,0,0.3808,1919.0,6,0,1,0,1.0,1
0.1177,61,0,0.4401,4289.0,4,0,0,0,1.0,0
0.4129,27,0,0.1849,,8,0,0,0,0.0,0
2.8938,60,0,0.0967,,9,0,2,0,4.0,0
1.0923,39,0,0.2271,5439.0,2,0,2,0,1.0,0
0.5918,60,0,0.0766,3481.0,13,0,2,0,1.0,0
0.5735,61,0,0.1727,,5,0,0,0,2.0,0
0.4311,63,0,0.3678,,7,0,1,0,0.0,0
0.7318,44,0,0.3018,,14,0,1,0,1.0,0
0.359,62,0,0.2721,8713.0,6,0,1,0,,0
0.0961,74,0,0.0865,4155.0,14,0,0,0,1.0,0
0.0997,48,0,0.3482,12407.0,8,0,0,0,1.0,0
0.8408,50,2,0.6776,11917.0,9,1,1,0,2.0,0
0.429,62,0,0.096,3226.0,7,0,2,0,0.0,0
0.0619,21,0,0.4295,7314.0,5,0,0,0,0.0,0
2.2173,38,0,0.6177,2614.0,4,0,0,0,0.0,0
0.3247,66,0,0.3244,10683.0,7,0,0,0,0.0,0
4.7479,54,1,0.2639,,11,0,1,0,0.0,0
0.7191,49,0,0.6016,3569.0,6,0,1,0,1.0,0
0.2863,39,0,0.5976,6305.0,10,0,0,0,1.0,0
1.4195,52,0,0.1184,2682.0,12,0,0,0,0.0,0
0.0635,45,0,0.5063,,7,0,1,0,1.0,0
0.3857,28,0,0.3017,,7,0,1,0,1.0,0
0.0414,70,2,0.7383,3892.0,11,0,0,0,1.0,0
0.0974,42,0,1.0815,5785.0,6,0,2,0,0.0,0
0.2717,48,0,0.4082,,9,0,2,0,0.0,0
0.4926,27,0,0.2308,,7,0,0,0,0.0,0
0.6355,45,0,0.3513,,10,0,1,0,0.0,0
0.4005,66,0,0.295,,7,0,0,0,0.0,0
0.5521,65,0,0.4615,,9,0,3,0,0.0,0
0.7127,52,0,0.3851,5500.0,10,0,3,0,0.0,0
0.3986,43,0,0.7573,11405.0,8,0,0,0,0.0,0
0.4228,52,0,0.6958,6808.0,10,0,1,0,3.0,0
0.6036,59,0,0.4176,9259.0,9,0,2,0,0.0,0
2.6834,31,0,0.2562,,14,0,0,0,0.0,0
1.0322,56,0,0.1805,5626.0,5,0,3,0,3.0,0
0.2539,63,0,0.5577,,7,0,1,0,1.0,0
0.4635,51,0,0.8208,2812.0,7,0,1,0,0.0,0
0.0464,52,0,0.3506,8258.0,2,0,2,0,2.0,0
0.2358,42,0,0.0853,7956.0,8,0,2,0,0.0,0
0.258,56,0,0.1068,,14,0,0,0,2.0,0
0.5262,75,0,0.6847,7404.0,6,0,1,0,0.0,0
0.7272,72,0,0.5138,2980.0,13,0,1,0,1.0,0
1.086,44,0,0.8257,3900.0,11,0,0,0,1.0,0
6.7812,47,0,0.5089,,8,0,0,0,1.0,0
0.3812,71,1,0.38,8481.0,7,0,1,0,1.0,1
0.2883,60,0,0.4275,6036.0,12,0,1,0,0.0,0
0.0557,60,0,0.3064,8184.0,6,0,0,0,1.0,0
0.525,27,0,0.2753,,12,0,0,0,0.0,0
0.3807,65,0,0.5022,,15,0,3,0,2.0,0
3.8734,48,1,0.7106,2292.0,6,0,1,0,,0
0.1247,55,0,0.1734,856.0,8,0,0,0,1.0,0
0.2641,42,0,0.3092,2541.0,6,0,2,0,1.0,0
0.0327,75,0,0.4107,,11,0,1,0,1.0,0
1.1322,38,0,0.2296,5594.0,9,0,0,0,3.0,0
0.614,79,0,0.3862,6965.0,6,0,0,0,2.0,0
0.201,52,0,0.5113,,13,0,1,0,2.0,0
0.1851,50,0,0.435,3005.0,8,0,0,0,1.0,0
2.2285,40,2,0.2083,2624.0,11,0,2,1,0.0,0
0.7307,45,0,0.8838,6708.0,12,0,0,0,1.0,0
0.354,49,0,0.3835,3489.0,6,0,2,0,0.0,0
5.6864,54,0,0.5571,5222.0,8,0,0,0,0.0,0
0.3321,60,0,0.1071,22925.0,6,0,0,0,0.0,0
0.0273,49,0,0.3892,3424.0,14,0,1,0,0.0,0
0.042,60,0,0.3652,29122.0,7,0,1,0,0.0,0
0.1486,69,3,0.4984,18770.0,7,0,2,0,1.0,0
0.3682,67,0,0.555,1906.0,8,0,1,0,0.0,0
2.0097,61,0,0.2607,5849.0,12,0,1,0,2.0,0
0.2169,59,0,0.3056,,3,0,2,0,0.0,0
0.3259,37,0,0.1978,37395.0,9,0,1,0,0.0,0
3.6474,55,0,0.6836,,6,0,1,0,0.0,1
1.158,37,0,0.2019,3895.0,10,0,2,0,1.0,0
2.3411,66,0,0.3897,2453.0,9,0,1,0,2.0,0
0.7462,56,0,0.3265,,6,0,0,0,3.0,0
0.1148,68,0,0.9328,4672.0,9,0,0,0,0.0,0
1.3395,68,0,0.1265,5815.0,8,0,1,0,1.0,0
0.247,58,0,0.4597,3209.0,10,0,0,0,2.0,0
0.508,43,0,0.8007,,11,0,1,0,1.0,0
0.6383,21,1,0.4692,5381.0,9,0,3,0,1.0,1
5.283,60,0,0.8709,6924.0,7,0,0,0,1.0,0
2.4554,50,0,0.419,4897.0,9,0,1,0,0.0,0
0.0511,63,0,0.824,4267.0,13,0,0,0,2.0,0
0.1978,62,0,0.6236,3745.0,6,0,0,0,3.0,0
1.251,60,0,0.4299,11864.0,3,0,0,0,1.0,0
2.6536,55,0,0.5144,7730.0,3,0,1,0,0.0,0
3.2269,29,0,0.2283,14088.0,4,0,2,0,0.0,0
4.9218,70,3,1.0917,11183.0,6,0,0,0,0.0,0
0.1247,34,0,0.118,,9,0,0,0,0.0,0
0.6525,43,0,0.2631,7452.0,5,0,0,0,2.0,0
0.1096,47,0,0.1643,7197.0,9,0,1,0,0.0,0
3.2074,52,0,0.7915,7932.0,6,0,1,0,2.0,0
0.0918,48,0,0.7247,3085.0,7,0,1,0,1.0,0
0.033,44,0,0.3342,1905.0,16,0,1,0,4.0,0
0.1438,63,0,0.4191,4237.0,6,0,1,0,,0
0.367,33,0,0.3414,,7,0,3,0,2.0,0
0.9827,46,0,0.2162,9629.0,11,0,1,0,0.0,0
0.4774,23,0,0.2898,9941.0,9,0,0,0,,0
0.1444,38,0,0.1374,7729.0,6,0,4,0,1.0,0
0.3095,30,0,1.0715,1558.0,3,0,0,0,0.0,0
0.7215,62,0,0.2787,8927.0,5,0,1,0,1.0,0
0.6693,55,0,0.3722,4282.0,6,0,0,0,0.0,0
0.3579,41,0,0.5192,7775.0,8,0,1,0,0.0,0
0.1998,21,1,0.7991,4346.0,5,2,0,0,4.0,0
3.6371,31,0,0.4821,6060.0,5,0,1,0,1.0,0
6.451,37,0,0.0598,4199.0,13,0,1,0,0.0,0
0.1525,47,0,0.4348,5004.0,7,0,1,0,0.0,0
0.0099,63,0,0.3279,2186.0,6,0,0,0,3.0,0
0.036,32,0,0.9597,5489.0,8,0,3,0,0.0,0
2.6906,33,0,0.3236,5102.0,8,0,0,0,1.0,0
0.568,29,0,0.1135,3994.0,9,0,1,0,0.0,0
0.4673,52,0,0.669,3736.0,5,0,0,0,0.0,0
0.1533,22,0,0.4311,11341.0,9,0,2,0,1.0,0
0.8992,27,0,1.1899,7491.0,7,0,3,0,0.0,0
0.4321,59,0,0.3689,6710.0,7,0,2,0,0.0,0
0.0003,73,0,0.2826,,7,0,0,0,1.0,0
0.9051,53,0,0.475,6181.0,13,0,2,0,0.0,0
0.0379,48,0,0.8011,1915.0,5,0,0,0,0.0,0
0.8445,82,0,0.7078,14043.0,9,0,1,0,1.0,0
0.2159,45,0,0.7303,5523.0,9,0,1,0,1.0,0
0.4352,45,0,0.5358,,11,0,0,0,0.0,0
1.7166,44,1,0.6996,9166.0,7,0,2,0,0.0,0
0.1926,73,0,0.4,8004.0,10,0,0,0,1.0,0
1.0701,60,0,0.8519,4553.0,7,0,0,0,2.0,1
1.1108,59,2,0.5535,,9,0,0,0,0.0,0
0.2837,57,0,0.6422,,8,0,1,0,0.0,0
0.3395,46,0,1.407,3078.0,5,0,1,0,1.0,0
0.4384,47,0,0.6474,2875.0,8,0,3,0,1.0,0
0.5764,38,0,0.3474,4320.0,7,0,4,0,1.0,0
0.0406,46,0,0.6262,11803.0,11,0,1,0,1.0,0
0.0868,56,0,0.5955,6273.0,6,0,3,0,0.0,0
0.9652,49,0,0.4378,,8,0,4,0,2.0,0
0.5954,63,0,0.1813,7553.0,7,0,2,0,2.0,0
0.1245,56,0,0.8984,6531.0,9,0,1,0,1.0,0
0.5331,55,0,0.5708,9496.0,8,0,1,0,1.0,0
0.4816,40,0,0.5119,,10,0,2,0,3.0,0
1.5994,35,0,0.2863,7408.0,7,0,1,0,0.0,0
0.8472,36,0,0.9126,4351.0,12,0,0,0,0.0,0
2.3847,67,0,0.2086,7284.0,9,0,1,0,0.0,0
0.0644,28,2,0.5089,,5,1,1,2,0.0,1
0.1296,55,0,0.7512,6709.0,8,0,1,0,0.0,0
0.0189,55,0,0.0708,9601.0,10,0,0,0,1.0,0
0.5416,42,0,0.6948,,12,0,2,0,0.0,0
0.5996,51,0,0.8989,3525.0,6,0,1,0,2.0,0
0.1733,54,0,0.7302,7296.0,7,0,0,0,1.0,0
0.0858,36,0,0.3588,7831.0,8,0,3,0,2.0,0
0.3817,41,0,0.3498,,4,0,0,0,1.0,0
0.4701,50,0,0.1803,,8,0,0,0,2.0,0
0.0387,51,0,0.4563,4274.0,7,0,3,0,2.0,0
0.0789,32,2,0.1015,4511.0,6,0,1,0,0.0,0
0.5034,52,0,0.7143,4365.0,6,0,1,0,1.0,0
0.1733,53,0,0.1229,1439.0,5,0,1,0,0.0,0
0.214,65,0,0.4234,4629.0,8,0,0,0,1.0,0
0.6506,51,0,0.1719,2811.0,9,0,1,0,0.0,0
0.4382,45,0,0.2926,2454.0,5,0,0,0,0.0,0
0.1399,62,0,0.5404,6094.0,10,0,0,0,1.0,0
0.0493,66,0,0.7561,5367.0,7,0,0,0,0.0,0
0.4195,31,0,0.6014,2494.0,6,0,2,0,2.0,0
0.3169,43,0,0.748,4049.0,10,0,0,0,1.0,0
0.4484,21,0,0.714,,9,0,2,0,0.0,0
0.4452,37,0,1.1643,6665.0,3,0,2,0,1.0,0
0.5841,72,0,0.9194,,9,0,1,0,0.0,0
2.1613,36,0,0.1148,,10,0,1,0,0.0,0
0.418,57,0,0.8398,6172.0,12,0,0,0,0.0,0
0.6516,56,3,0.537,6100.0,6,0,0,0,1.0,0
0.0391,43,0,0.2838,4274.0,5,0,0,0,2.0,0
0.5492,44,0,0.2116,,10,0,0,0,2.0,0
0.1792,70,0,0.446,4450.0,9,0,2,0,3.0,0
0.0052,64,2,0.3241,,8,0,1,0,1.0,0
0.1904,82,0,0.1866,1809.0,2,0,2,0,0.0,0
0.2373,21,0,0.1248,6304.0,12,0,2,0,1.0,0
0.0227,58,0,0.4451,5601.0,8,0,1,0,0.0,0
3.1454,21,0,0.8103,,5,0,4,0,1.0,0
0.149,50,0,0.0195,17431.0,8,0,2,0,1.0,0
0.3189,48,0,0.2801,4711.0,17,0,2,0,1.0,0
0.0259,35,0,0.495,2409.0,8,0,2,0,0.0,0
0.681,42,0,0.2892,8844.0,11,0,0,0,1.0,0
0.4034,46,0,0.5532,11430.0,6,0,2,0,0.0,0
0.6214,57,0,0.2287,6729.0,7,0,4,0,0.0,0
0.6854,35,0,0.1987,2910.0,9,0,0,0,0.0,0
0.0871,40,3,1.0662,11039.0,10,0,2,0,1.0,0
0.4729,58,0,0.7648,3786.0,5,0,2,0,2.0,0
0.7643,61,0,0.0234,11279.0,5,0,0,0,1.0,0
0.9725,87,0,0.133,,7,0,0,0,0.0,0
0.506,53,0,0.0122,7727.0,10,0,1,0,2.0,0
0.2166,59,0,0.4745,1913.0,5,0,3,0,1.0,0
0.0836,47,0,0.3092,4529.0,7,0,1,0,0.0,0
0.6118,70,0,0.3363,5009.0,8,0,0,0,2.0,0
0.2021,38,0,0.3862,4727.0,10,0,1,0,1.0,0
0.158,50,0,0.2873,7272.0,7,0,2,0,0.0,0
0.2334,54,0,0.2495,,12,0,0,0,0.0,0
1.3218,57,0,0.3815,7300.0,9,0,4,0,3.0,0
1.0962,64,0,0.2939,18752.0,10,0,1,0,1.0,0
0.0317,48,0,0.3243,3929.0,8,0,2,0,0.0,0
0.6314,63,0,0.4324,2819.0,6,0,2,0,0.0,0
0.4528,31,0,0.3213,9106.0,8,0,0,0,0.0,0
0.0272,54,0,0.2759,8858.0,6,0,1,0,1.0,0
0.4804,24,0,0.3852,6082.0,9,0,3,0,0.0,0
1.8005,47,0,0.7567,6330.0,13,0,0,0,1.0,0
7.3582,86,0,0.2435,,7,0,1,0,1.0,0
0.3585,54,0,0.4384,2327.0,6,0,0,0,0.0,0
0.1692,44,0,0.7135,5013.0,11,0,2,0,0.0,0
0.2398,58,0,0.7971,,7,0,1,0,1.0,0
0.1541,50,0,0.1187,7013.0,8,0,2,0,0.0,0
0.0455,35,0,0.791,1097.0,11,0,2,0,1.0,0
1.4181,25,0,0.7378,1482.0,7,0,1,0,3.0,0
0.067,50,0,0.499,25864.0,6,0,1,0,3.0,0
3.169,48,0,0.2563,7206.0,6,0,0,0,,0
0.132,47,0,1.2377,3673.0,14,0,1,0,2.0,0
0.0581,62,0,0.3689,3898.0,7,0,0,0,2.0,0
2.1187,70,0,0.4214,4065.0,11,0,2,0,0.0,0
0.0492,61,0,0.1228,13948.0,4,0,1,0,1.0,0
0.9996,46,0,0.5571,18209.0,6,0,0,0,0.0,0
0.066,53,0,0.3535,3537.0,10,0,1,0,1.0,0
0.315,66,0,0.3883,22941.0,7,0,1,0,0.0,0
1.7845,63,0,0.7867,21984.0,10,0,2,0,0.0,0
0.2037,59,0,0.0756,2287.0,9,0,0,0,0.0,0
0.7861,44,0,0.3833,5451.0,9,0,1,0,1.0,0
0.8118,67,1,0.1147,8066.0,6,0,3,3,1.0,0
0.285,71,0,0.3743,3561.0,5,0,1,0,1.0,0
0.3288,63,0,0.4968,5492.0,11,0,3,0,0.0,0
1.3734,93,0,0.3808,,11,0,0,0,1.0,0
0.4027,62,0,0.4673,2893.0,4,0,1,0,2.0,0
0.1627,68,0,0.4042,3308.0,11,0,2,0,0.0,0
0.1952,61,0,0.3304,2916.0,11,0,0,0,0.0,0
0.267,50,0,0.0612,6900.0,10,0,5,0,0.0,0
0.4066,36,0,0.7198,1898.0,8,0,0,0,2.0,0
0.2335,41,2,0.0534,,8,0,0,0,0.0,0
0.7482,41,0,0.3266,4287.0,7,0,1,0,1.0,0
0.4567,35,0,0.2555,,3,0,1,0,0.0,0
0.2284,48,0,0.1092,4979.0,9,0,0,0,2.0,0
1.3635,52,0,0.1732,3011.0,7,0,1,0,1.0,0
0.7175,69,0,0.3191,3976.0,9,0,1,0,1.0,0
0.4178,35,0,0.8458,6115.0,6,0,2,0,2.0,0
0.4574,64,2,0.2526,6255.0,8,0,1,0,1.0,0
0.5126,56,0,0.6161,4234.0,5,0,0,0,1.0,0
3.1495,57,0,0.0839,,5,0,2,0,0.0,0
1.6226,51,0,0.7749,7350.0,6,0,0,0,1.0,0
0.1335,81,0,0.3973,5109.0,7,0,2,0,1.0,0
0.3994,41,0,0.6101,2796.0,11,0,0,0,1.0,0
0.0197,44,0,0.2795,7054.0,5,0,2,0,2.0,0
0.2312,54,0,0.1388,2204.0,13,0,0,0,1.0,0
0.3688,58,0,0.7177,2270.0,8,0,1,0,0.0,0
0.4145,55,0,0.0534,8472.0,10,0,0,0,2.0,0
0.421,51,0,0.4526,16216.0,8,0,0,0,,0
1.4067,59,0,0.3542,3262.0,5,0,0,0,0.0,0
0.0704,60,0,0.9955,4035.0,10,0,1,0,2.0,0
0.7535,51,0,0.3254,13642.0,7,0,4,0,1.0,0
0.296,78,0,0.7384,1609.0,13,0,1,0,1.0,0
0.5671,58,0,0.0182,14564.0,6,0,1,0,1.0,0
0.626,48,0,0.4682,8877.0,6,0,2,0,0.0,0
0.224,69,0,0.2093,,9,0,0,0,2.0,0
0.4288,24,0,0.3537,4819.0,4,0,1,0,0.0,0
0.0448,36,0,0.7777,5743.0,9,0,2,0,0.0,0
0.5853,49,0,0.8675,3516.0,6,0,2,0,0.0,1
0.1634,36,0,1.053,7381.0,13,0,1,0,3.0,0
0.1436,63,0,0.6881,2408.0,8,0,0,0,0.0,0
0.6497,63,0,0.0262,9657.0,10,0,2,0,0.0,0
1.8608,75,0,0.8749,,10,0,1,0,1.0,1
0.0656,44,0,0.1396,,9,0,2,0,0.0,0
0.4241,60,0,0.613,7809.0,10,0,0,0,2.0,0
0.2176,70,0,0.7734,10056.0,9,0,0,0,1.0,0
0.3518,54,0,0.6635,3598.0,5,0,0,0,1.0,0
0.8477,66,0,0.6385,10803.0,9,0,0,0,1.0,0
1.6174,51,1,0.6307,8584.0,12,0,1,0,0.0,0
0.1376,70,0,0.5074,3704.0,8,0,1,0,1.0,0
4.102,41,0,1.0026,,6,0,1,0,0.0,0
0.3135,30,0,0.4022,2440.0,7,0,1,0,1.0,0
0.6919,47,0,0.3616,,7,0,2,0,0.0,0
0.364,51,0,0.3968,11329.0,7,0,1,0,0.0,0
0.394,58,0,0.1175,5059.0,6,0,0,0,0.0,0
0.7087,58,0,0.3578,32746.0,7,0,2,0,0.0,0
0.2341,42,0,0.6132,3220.0,9,0,1,0,,0
0.9266,38,1,0.7911,5075.0,2,0,2,0,2.0,0
0.4767,75,0,0.4645,8683.0,5,0,2,0,0.0,0
0.3466,50,0,0.0654,1790.0,13,0,2,0,0.0,0
0.7622,45,0,0.0304,6044.0,9,0,0,0,3.0,0
0.4864,56,0,0.1069,5238.0,10,0,1,0,0.0,0
0.1602,38,0,0.306,3684.0,11,0,2,0,0.0,0
0.0078,42,0,0.499,11620.0,10,0,2,0,0.0,0
1.1546,63,0,0.0438,7672.0,8,0,1,0,0.0,0
0.5625,38,0,0.6968,3326.0,7,0,3,0,1.0,1
0.2391,33,0,0.1711,4604.0,14,0,3,0,0.0,0
0.0611,47,0,0.3459,4069.0,13,1,1,1,0.0,0
0.472,56,0,0.292,2968.0,10,0,1,0,1.0,0
0.2316,71,0,0.1417,2770.0,8,0,0,0,2.0,0
1.0422,57,0,0.7849,7453.0,15,0,0,0,0.0,0
0.315,59,0,0.4969,4789.0,2,0,0,0,2.0,0
0.9767,38,0,0.2458,3725.0,8,0,1,0,0.0,0
1.0674,55,0,0.3454,2395.0,8,0,0,0,1.0,0
0.1771,36,0,0.7972,2629.0,13,0,0,0,0.0,0
0.1927,65,0,0.5985,7787.0,7,0,0,0,0.0,0
0.9175,54,0,1.1358,5201.0,12,0,0,0,2.0,0
0.3238,51,0,0.2281,,6,0,0,0,1.0,0
0.647,59,0,0.3812,6589.0,5,0,2,0,0.0,0
2.7069,45,5,0.7312,4662.0,11,0,1,0,0.0,0
0.2906,45,0,0.2956,,13,0,1,0,1.0,0
0.992,39,0,0.208,4257.0,9,0,2,0,2.0,0
0.2827,77,0,0.2805,10108.0,9,0,0,0,0.0,0
0.3418,49,0,0.5795,8673.0,8,0,0,0,1.0,0
0.2904,48,0,1.3224,6483.0,10,0,1,0,2.0,0
1.3066,62,0,0.55,3862.0,8,0,0,0,1.0,0
0.2526,52,0,0.2723,8310.0,5,0,1,0,0.0,0
2.1675,21,0,0.3206,3388.0,9,0,0,0,1.0,0
0.6305,80,0,0.2231,3529.0,3,0,2,0,0.0,0
1.1649,45,0,0.1125,7588.0,10,0,0,0,3.0,0
0.2867,40,0,0.8366,5341.0,11,0,0,0,0.0,0
0.6559,50,0,1.1648,10428.0,6,0,1,0,1.0,0
4.6666,45,3,0.3357,6688.0,8,0,1,1,0.0,0
0.2604,45,0,0.6816,2803.0,9,0,0,0,0.0,0
0.342,54,0,0.1983,2624.0,8,0,3,0,1.0,0
0.3162,26,0,0.7253,3133.0,9,0,3,0,1.0,0
0.0782,62,0,0.3346,3427.0,7,0,1,0,2.0,0
1.2498,65,0,0.3705,4889.0,11,0,0,0,0.0,0
4.7009,28,0,0.4099,5233.0,9,0,0,0,0.0,1
0.3399,58,0,0.2857,6231.0,12,0,1,0,1.0,0
4.0272,40,0,0.3188,12197.0,8,0,1,0,4.0,0
0.9297,46,0,0.3723,3981.0,10,0,3,0,2.0,0
0.0279,57,0,0.2824,13852.0,10,0,3,0,1.0,0
1.4751,64,0,0.6031,,12,0,0,0,1.0,0
0.1134,57,0,0.4475,14939.0,8,0,1,0,3.0,0
0.3473,33,0,0.3848,,11,0,2,1,0.0,0
0.5853,53,0,0.2976,2197.0,9,0,0,0,0.0,0
0.0618,59,0,0.5933,10811.0,4,0,0,0,0.0,0
0.2301,41,0,0.3498,4507.0,8,0,3,0,0.0,0
0.2828,40,0,0.3239,7401.0,9,0,0,0,0.0,0
0.0157,51,0,0.4536,3657.0,9,0,4,0,2.0,0
0.4985,60,0,1.0948,7944.0,11,0,1,0,2.0,0
0.4075,44,0,0.2187,1309.0,7,0,1,0,2.0,0
0.0605,55,0,0.5715,5285.0,6,0,0,0,1.0,0
0.0009,34,0,0.7397,1287.0,9,0,0,0,0.0,0
0.1156,56,0,0.0795,4535.0,6,0,1,0,1.0,0
0.8726,27,0,0.4046,2441.0,11,0,1,0,0.0,1
0.5381,56,0,0.386,4616.0,9,0,0,0,0.0,0
1.7601,64,0,0.593,2509.0,4,0,1,0,0.0,0
0.0652,50,0,0.8534,,3,0,0,0,0.0,0
3.7866,60,0,0.5706,9349.0,7,0,1,0,0.0,0
0.1517,55,0,0.3045,,7,0,0,0,0.0,0
0.1401,33,0,0.4552,9903.0,4,0,2,0,1.0,0
0.6951,35,0,0.0367,7395.0,4,0,1,0,1.0,0
0.2686,47,0,0.3184,,10,0,1,0,0.0,0
0.1749,50,0,0.1858,,5,0,1,0,0.0,0
0.1969,41,0,0.4886,6720.0,9,0,0,0,3.0,0
0.7286,35,0,0.7801,13315.0,7,0,1,0,0.0,0
3.8001,21,0,0.3507,4988.0,7,0,2,0,2.0,1
0.78,75,0,0.8168,,3,0,1,0,0.0,0
0.399,76,0,0.3463,9339.0,10,0,1,0,3.0,0
0.7978,40,0,0.6471,5155.0,10,0,0,0,0.0,0
0.5176,32,0,0.3338,3747.0,14,0,2,0,2.0,0
0.1155,72,0,0.7552,5230.0,10,0,3,0,2.0,0
0.5034,22,0,0.5553,,13,0,3,0,0.0,1
1.4543,66,0,0.3309,4432.0,10,0,1,0,0.0,0
0.0692,61,0,0.446,,6,0,1,0,1.0,0
1.1002,47,0,0.1075,,10,0,1,0,0.0,0
0.8603,72,1,0.6085,,7,0,2,1,1.0,0
0.3559,43,0,0.285,5089.0,11,0,1,0,0.0,0
0.1658,64,0,0.8079,,14,0,1,0,0.0,0
1.3361,49,1,0.425,,7,1,0,0,1.0,0
0.0726,35,0,0.4212,5788.0,10,0,2,0,1.0,0
0.2345,81,0,0.4384,4653.0,4,0,0,0,0.0,0
0.6236,42,0,0.1533,3857.0,10,0,2,0,3.0,0
0.2048,46,0,0.611,7044.0,7,0,1,0,0.0,0
3.5168,63,0,0.55,2635.0,10,0,1,0,2.0,0
0.0889,69,0,0.0806,,6,0,2,0,2.0,0
0.5708,34,0,0.3844,8388.0,6,0,1,0,1.0,0
0.66,72,0,0.13,,7,0,0,1,0.0,0
0.7895,52,0,0.6928,5936.0,12,0,0,0,1.0,0
0.5553,51,0,0.2714,11164.0,4,0,1,0,0.0,0
0.3205,50,0,0.2914,5677.0,11,0,2,0,1.0,0
0.4868,52,0,0.3439,3911.0,11,0,0,0,1.0,0
1.0406,30,0,0.3493,783.0,15,0,1,0,0.0,0
0.0388,58,0,0.2384,15158.0,4,0,0,0,2.0,0
2.2213,55,0,0.6311,3920.0,5,0,2,0,0.0,0
0.0194,47,0,0.1186,7213.0,6,0,1,0,0.0,0
0.3559,55,0,0.1444,7675.0,8,0,1,0,0.0,1
0.5025,49,0,0.2822,4988.0,15,0,0,0,0.0,0
0.1991,51,0,0.7071,9321.0,10,0,1,0,1.0,0
0.4429,58,0,0.7282,4778.0,5,0,0,0,0.0,0
0.093,49,0,0.0801,5841.0,3,0,1,0,0.0,0
0.3759,41,0,0.2852,3139.0,8,0,1,0,0.0,0
4.9367,63,0,1.0002,7473.0,9,0,2,0,0.0,0
1.1781,37,0,0.7885,5518.0,5,0,0,0,2.0,0
0.5477,67,0,0.0451,6960.0,7,0,1,0,,0
0.5935,47,1,0.557,5949.0,8,0,1,0,1.0,0
0.3092,64,0,0.7173,3369.0,8,0,1,0,1.0,0
0.3253,72,0,0.2933,5469.0,7,0,2,0,2.0,0
0.4285,51,1,0.5687,,10,0,1,0,0.0,0
0.7359,64,0,0.3729,2510.0,6,0,0,0,0.0,0
0.4574,61,0,0.4404,2355.0,7,0,2,0,2.0,0
0.521,55,0,0.4652,9875.0,7,0,2,0,2.0,0
0.02,60,0,0.3778,,9,0,1,0,0.0,0
0.2134,48,0,1.0008,8956.0,8,0,0,0,0.0,0
0.2881,75,0,0.7898,4838.0,16,0,1,0,1.0,0
0.135,53,0,0.6176,4147.0,7,0,0,0,1.0,0
0.7625,42,0,0.8288,3750.0,8,0,0,0,0.0,0
0.8104,46,0,0.9248,,8,0,1,0,1.0,0
0.1749,64,0,0.1586,7332.0,4,0,1,0,0.0,1
0.0665,39,0,0.1934,1555.0,12,0,0,0,2.0,0
0.1436,78,0,0.1292,8430.0,8,0,1,0,1.0,0
0.0337,70,0,0.6442,,9,0,1,0,0.0,0
0.1373,35,0,0.3078,5164.0,6,0,0,0,0.0,0
1.5228,63,0,0.188,7819.0,6,0,2,0,0.0,0
0.5854,38,0,0.1842,9729.0,6,0,0,0,1.0,0
8.1828,40,0,0.6475,4757.0,6,0,0,0,1.0,0
0.5126,45,0,0.9572,,7,0,1,0,1.0,0
0.7528,42,0,0.7223,7240.0,9,0,2,0,0.0,0
3.1507,62,0,0.7926,,13,0,1,0,0.0,0
0.0834,56,0,0.3951,4391.0,12,0,1,0,2.0,0
3.3243,58,0,1.2123,15367.0,7,0,2,0,1.0,0
0.9476,52,0,0.4864,,12,0,0,0,0.0,1
0.2208,45,0,0.2196,7052.0,9,0,1,0,1.0,0
0.2223,45,0,0.4242,13939.0,9,0,1,0,0.0,0
0.1067,67,0,0.3178,15977.0,5,0,1,0,0.0,0
0.5999,47,0,0.407,4200.0,10,0,2,0,0.0,0
0.3122,72,0,0.5534,2439.0,11,0,2,0,0.0,0
0.4558,43,0,0.3431,6223.0,7,0,1,0,2.0,0
0.2525,53,0,1.0279,,4,0,1,0,0.0,0
4.1982,56,0,0.5573,,11,0,0,0,1.0,1
0.0903,69,0,0.2463,,6,0,1,0,1.0,0
0.1259,66,0,0.1964,3937.0,9,0,1,0,0.0,0
0.6565,56,0,0.5581,2964.0,6,0,0,0,0.0,0
0.279,53,0,0.4364,,4,0,0,0,1.0,0
0.6856,39,0,0.4192,3390.0,10,0,1,0,0.0,0
0.3265,49,0,0.6852,9793.0,12,0,1,0,2.0,0
0.5084,84,0,0.3231,5514.0,6,0,2,0,0.0,0
0.8354,39,0,0.2561,7737.0,6,0,3,0,0.0,0
0.3954,44,0,0.5437,3775.0,7,0,2,0,0.0,0
0.385,33,0,0.6033,4458.0,6,0,4,0,1.0,0
0.4627,42,0,0.5787,3957.0,12,0,0,0,0.0,0
0.1868,35,0,0.6327,1466.0,9,0,2,0,1.0,0
1.0756,35,0,0.3123,4044.0,7,0,0,0,0.0,0
0.2741,57,0,0.3706,2829.0,15,0,1,0,1.0,0
0.6531,62,3,0.5805,3020.0,10,0,0,0,1.0,0
0.3718,57,0,0.7189,5333.0,19,0,0,0,0.0,0
0.2406,38,0,0.4472,7662.0,10,0,0,0,1.0,0
0.4048,28,0,0.4848,2726.0,5,0,1,0,0.0,0
0.5278,23,0,0.5634,3170.0,16,0,0,0,2.0,1
0.4475,35,0,0.9793,6324.0,9,0,0,0,1.0,0
0.1145,38,0,0.456,7490.0,2,0,1,0,0.0,0
0.6274,46,0,0.3594,21479.0,10,0,0,0,0.0,0
0.9273,56,0,0.4413,20311.0,11,0,0,0,0.0,0
0.1183,47,0,0.6563,2127.0,12,0,2,1,0.0,0
0.3817,74,0,0.3045,4665.0,8,0,2,0,1.0,0
1.0934,84,0,0.218,1934.0,9,0,0,0,0.0,0
0.354,51,0,0.2557,4242.0,10,0,0,0,1.0,0
0.739,25,0,0.3172,,7,0,0,0,0.0,0
6.3776,44,0,0.1184,1909.0,5,0,0,0,1.0,0
0.2375,48,0,0.1729,7035.0,7,0,2,0,1.0,0
0.4303,62,0,0.5258,8462.0,4,0,1,0,0.0,0
2.5392,33,0,0.3087,3384.0,5,0,1,0,3.0,0
2.4287,29,0,0.7375,2368.0,16,0,0,0,1.0,0
0.1657,56,0,0.3277,,10,0,1,0,0.0,0
0.661,44,0,0.4028,4585.0,7,0,1,0,1.0,1
4.7873,44,0,0.1778,6418.0,5,2,2,0,0.0,0
0.4205,40,0,0.5976,,11,0,1,0,1.0,0
0.2359,46,0,0.1329,4510.0,9,0,0,0,1.0,0
1.3872,55,0,0.1284,,4,0,0,0,1.0,0
1.6739,21,2,0.0532,2997.0,10,0,0,1,0.0,0
2.2912,52,1,0.4826,11054.0,6,0,0,0,0.0,0
1.5256,62,0,0.319,5288.0,7,0,0,0,1.0,0
0.0004,58,0,0.3684,8088.0,4,0,2,0,0.0,0
0.1803,82,0,0.6872,7468.0,8,0,0,0,0.0,0
0.4697,46,0,0.0544,,12,0,0,0,2.0,0
0.0011,51,0,0.3992,3163.0,6,0,2,0,0.0,0
0.3507,70,0,0.2875,4140.0,9,0,0,0,2.0,0
0.4015,53,0,0.7107,7502.0,2,0,1,0,0.0,0
0.07,73,0,0.2171,9620.0,9,0,2,0,1.0,0
7.4027,63,0,0.4296,11888.0,6,0,0,0,1.0,0
0.295,54,1,0.9236,,9,0,1,1,0.0,0
0.6116,52,0,0.1826,5030.0,9,0,1,0,0.0,0
4.3556,49,0,0.7624,3993.0,8,0,1,0,0.0,1
0.7394,52,0,0.127,,4,0,0,0,1.0,0
0.785,40,0,0.0732,,11,0,1,0,0.0,0
0.5891,61,0,0.6592,,8,0,0,0,1.0,0
3.1308,79,0,0.7095,,6,0,2,0,0.0,1
0.7869,27,0,0.7161,4191.0,4,0,0,0,0.0,0
1.9538,69,0,0.6204,7477.0,8,0,0,0,2.0,0
3.0781,55,0,1.0208,15469.0,7,0,0,0,1.0,0
1.5783,67,0,0.3287,2528.0,8,0,2,0,3.0,0
0.4188,44,0,0.7827,2521.0,15,0,0,0,1.0,1
0.1986,49,0,0.289,3539.0,8,0,1,0,1.0,0
0.003,70,0,0.4332,,5,0,0,0,1.0,0
0.0515,51,0,0.4287,9034.0,5,0,2,0,1.0,0
0.4366,64,0,0.8309,,7,0,0,0,3.0,0
0.2897,44,0,0.5687,6276.0,16,0,2,0,2.0,0
1.0215,49,3,0.2906,,11,0,0,0,0.0,0
0.547,59,0,0.4831,4668.0,8,0,1,0,0.0,0
1.0652,58,0,0.3688,9009.0,4,0,1,0,0.0,0
0.2649,64,0,0.7015,4522.0,6,0,1,0,0.0,0
0.8581,47,0,0.4433,,7,0,1,0,0.0,0
0.0238,52,0,0.6043,7569.0,11,0,0,0,1.0,0
0.7713,66,0,0.1311,5796.0,6,0,0,0,2.0,0
3.0724,72,0,0.3072,6706.0,10,0,0,0,,0
0.0696,40,0,0.582,5247.0,9,0,0,0,0.0,0
0.1408,69,0,0.1142,,4,0,1,0,2.0,0
0.7121,41,0,1.0707,,8,0,3,0,2.0,0
0.2465,55,0,0.4891,5506.0,9,0,1,0,0.0,0
0.18,56,0,1.0876,,5,0,0,0,1.0,0
0.7265,45,0,0.4596,3543.0,5,0,1,0,1.0,0
0.6167,50,0,0.515,11623.0,10,0,2,0,0.0,0
0.2998,27,0,0.8076,3030.0,11,0,1,0,0.0,0
0.2571,62,0,0.3034,4598.0,6,0,1,0,0.0,0
0.3072,48,0,0.4045,4443.0,2,0,1,0,0.0,0
0.6209,51,0,0.1406,,10,0,1,2,0.0,0
3.1956,44,0,0.5687,5325.0,9,0,1,0,1.0,1
0.9612,62,0,0.5524,6650.0,11,0,1,0,0.0,0
0.6235,55,0,0.3847,2743.0,5,0,1,0,,0
0.2164,36,0,0.7279,,11,0,1,0,1.0,0
0.0183,50,0,0.1465,,5,0,1,0,1.0,0
0.5337,38,0,0.4638,3370.0,7,0,2,0,0.0,0
0.2801,52,0,0.2378,7533.0,5,0,1,0,1.0,0
1.1925,62,0,0.4697,,6,0,0,0,1.0,0
3.8246,55,0,0.6312,5306.0,7,0,3,0,0.0,0
0.1641,58,0,0.23,4455.0,7,0,0,0,1.0,0
0.0841,67,0,0.7629,,8,0,2,0,1.0,0
0.5196,41,1,0.285,4961.0,9,0,0,4,1.0,0
5.4879,46,0,0.2327,,10,0,0,0,1.0,0
0.6666,27,0,0.5089,13650.0,11,0,2,0,0.0,0
4.3993,47,0,0.576,3312.0,14,0,0,1,2.0,0
0.0619,43,0,0.5674,4939.0,8,0,0,0,0.0,0
0.0473,61,0,0.1012,5778.0,5,0,1,0,0.0,0
1.058,58,3,0.4879,4915.0,5,0,3,0,0.0,0
0.9482,73,0,0.1823,1293.0,9,0,0,0,0.0,0
0.3445,45,0,0.0525,10149.0,6,0,0,0,1.0,0
7.0839,58,0,0.4455,,3,0,2,0,2.0,0
3.3008,62,0,0.1854,,7,0,0,0,0.0,1
0.2562,84,0,0.8145,2669.0,7,0,1,0,1.0,0
0.4955,58,0,0.8038,,14,0,1,0,3.0,0
0.4667,51,0,0.0238,,10,0,0,0,0.0,0
0.1671,54,0,0.5286,,10,0,1,0,1.0,0
0.4074,59,0,0.1876,2106.0,6,0,2,0,0.0,0
0.1041,71,0,0.2079,5315.0,12,0,0,0,0.0,0
0.7361,46,0,1.2545,940.0,8,0,1,0,0.0,0
0.7617,42,0,0.3005,3408.0,7,0,0,0,0.0,0
0.498,89,5,0.5966,5608.0,5,0,2,0,0.0,0
0.1055,36,0,0.1338,3659.0,8,0,2,0,0.0,0
3.2542,64,0,0.6424,9821.0,9,0,2,0,1.0,0
1.593,58,0,0.6047,,4,0,2,0,0.0,1
0.2275,57,0,0.2283,,5,0,0,0,0.0,0
0.0759,35,0,1.0185,5031.0,4,0,0,0,0.0,0
0.3673,90,0,0.4716,7155.0,9,0,0,0,1.0,0
3.7303,54,0,0.4807,,6,2,0,2,0.0,0
0.377,45,0,0.1229,3437.0,8,0,1,0,0.0,0
0.6226,33,0,0.5053,2683.0,14,0,3,0,1.0,0
0.379,24,0,0.7147,4453.0,9,0,1,0,1.0,0
1.2386,62,0,0.5528,4360.0,8,0,0,0,1.0,0
5.273,40,0,0.6489,11983.0,3,0,2,0,1.0,0
0.2663,48,0,0.1999,3956.0,5,0,0,0,2.0,0
0.1021,44,0,0.2268,4440.0,6,0,1,0,1.0,0
0.4838,60,0,0.2395,6937.0,8,0,2,0,3.0,0
1.0854,57,0,0.1422,4581.0,8,0,1,0,0.0,0
4.0976,63,0,0.5131,20436.0,6,0,0,0,1.0,0
1.7698,63,0,0.274,,7,0,1,0,2.0,0
6.3317,42,0,0.2501,5045.0,9,0,0,0,3.0,1
0.4554,33,0,0.3332,,9,0,2,0,0.0,0
0.4771,50,0,0.2698,1978.0,3,0,2,0,4.0,0
2.7779,59,0,0.2596,5651.0,14,0,0,0,,0
0.3162,54,0,0.2248,3861.0,13,0,1,0,0.0,0
0.0606,26,0,0.5549,11851.0,7,0,2,0,2.0,0
0.2156,53,0,0.3914,1129.0,8,0,1,0,2.0,0
0.405,38,0,0.241,6057.0,4,0,2,0,1.0,0
0.2662,52,0,0.8225,3169.0,5,0,2,0,2.0,0
1.7882,66,0,0.1723,4205.0,4,0,2,0,1.0,0
0.1549,21,0,0.2104,,8,0,0,0,2.0,0
6.3743,73,0,0.7581,,8,0,0,0,0.0,1
0.1166,37,0,0.6442,13182.0,11,0,2,0,1.0,0
0.6073,66,0,0.3255,11175.0,9,0,2,0,1.0,0
0.6653,64,0,0.5702,3010.0,9,0,1,0,0.0,0
0.8142,48,0,0.1963,4546.0,4,0,0,0,1.0,0
0.3348,58,0,0.2162,10826.0,7,0,0,0,,0
0.2011,42,0,0.3557,,2,0,1,0,1.0,0
0.4386,28,0,0.7358,7098.0,8,0,0,0,0.0,0
1.9851,68,0,0.7754,4872.0,9,0,0,0,,0
0.1244,42,0,0.3218,6856.0,11,0,0,0,1.0,0
5.2039,77,2,0.6181,,12,0,2,0,1.0,0
0.0087,64,0,0.3522,4471.0,11,0,0,0,1.0,0
0.1031,40,0,0.1585,8103.0,11,0,1,0,0.0,0
0.3239,60,0,0.6145,6615.0,11,0,5,0,0.0,0
0.22,59,0,0.3541,1840.0,6,0,1,0,0.0,0
0.0088,76,0,0.5419,11030.0,5,0,0,0,0.0,0
0.6191,45,0,0.2719,,8,0,0,0,0.0,1
0.5575,49,0,0.5804,6440.0,5,0,0,0,2.0,0
0.3913,58,0,0.2688,9725.0,7,0,3,0,0.0,0
0.2913,52,0,0.2213,7458.0,8,0,0,0,0.0,0
0.2545,33,0,0.441,5327.0,9,0,2,0,0.0,0
0.1524,66,0,0.5902,,7,0,2,0,3.0,0
4.7412,74,0,0.1627,4246.0,7,0,2,0,2.0,0
0.0517,54,0,0.641,7685.0,11,0,3,0,1.0,0
4.2316,34,1,0.4553,5264.0,10,1,2,0,1.0,0
0.1781,50,0,0.4701,4729.0,10,0,1,0,0.0,0
2.3849,39,0,0.0319,5507.0,4,0,2,0,0.0,0
0.2349,48,0,0.38,6523.0,0,0,0,0,0.0,0
0.3083,55,0,0.5347,6612.0,12,0,2,0,1.0,0
1.1068,61,0,0.2221,12189.0,9,0,1,0,0.0,0
0.0491,72,0,0.5625,5362.0,5,0,1,0,0.0,0
0.4353,61,0,0.821,4500.0,9,0,1,0,0.0,0
0.0523,37,0,0.2977,11309.0,3,0,0,0,0.0,0
0.4757,62,0,0.5257,4135.0,5,0,1,0,1.0,0
0.0182,48,0,0.3115,6747.0,7,0,1,0,0.0,0
0.4493,50,0,0.3657,2642.0,8,0,0,0,0.0,0
0.1409,52,0,0.3224,3297.0,4,0,1,0,0.0,0
0.2264,54,0,0.3661,,7,0,1,0,0.0,0
0.1734,66,0,0.7012,,8,0,1,0,1.0,0
0.121,59,0,0.1665,2394.0,8,0,2,0,0.0,0
0.3663,35,0,0.2621,2531.0,6,0,0,0,1.0,0
0.9706,31,0,0.5195,,5,0,1,0,1.0,0
0.1076,61,0,0.6428,4254.0,8,0,1,0,1.0,0
0.3828,60,0,0.4749,,4,0,3,0,1.0,0
0.0994,70,0,0.1046,2681.0,11,0,3,0,2.0,0
0.738,51,0,0.5272,2589.0,3,0,1,0,0.0,0
0.5235,56,0,0.096,,10,0,3,0,0.0,0
0.628,59,3,0.5658,,12,0,0,1,2.0,0
0.2102,30,0,0.3403,,11,0,1,0,1.0,0
0.544,29,0,0.2361,,10,0,1,0,0.0,0
0.4028,62,0,1.3892,6925.0,7,0,1,0,1.0,0
1.0237,57,0,0.4591,,9,0,0,0,1.0,0
0.4047,71,0,0.3971,5869.0,8,0,1,0,0.0,0
0.2116,78,0,0.2511,3800.0,6,0,0,0,2.0,0
2.7306,48,0,0.286,2713.0,17,0,0,0,1.0,0
0.0961,47,0,0.4074,5875.0,4,0,1,0,1.0,0
0.0628,33,0,0.8544,7187.0,7,0,1,0,0.0,0
0.5208,59,0,0.5374,9397.0,8,0,0,0,0.0,0
0.0037,23,0,0.7832,2935.0,3,0,2,0,1.0,0
0.3765,38,0,0.1499,5637.0,8,0,0,0,0.0,1
0.4738,56,0,1.0473,,9,0,1,0,0.0,0
0.4699,43,0,0.6618,3398.0,5,0,0,0,1.0,0
0.5602,51,0,0.275,26697.0,6,0,2,0,0.0,0
0.2721,49,0,0.3826,,7,0,2,0,0.0,0
0.3831,36,0,0.7593,4253.0,13,0,1,0,1.0,0
1.4143,23,0,0.4583,4497.0,5,0,1,0,2.0,0
0.821,62,0,0.2885,7720.0,11,0,0,0,1.0,0
0.7101,50,0,0.4663,4585.0,8,0,2,0,0.0,0
0.4439,57,0,0.8633,4286.0,8,0,1,0,0.0,1
0.5649,51,0,0.5131,6891.0,11,0,0,0,0.0,0
0.3006,51,0,0.8849,,6,0,2,0,1.0,0
0.3669,54,0,0.106,7723.0,7,0,2,0,1.0,0
0.2659,49,0,0.6137,3722.0,12,0,2,0,1.0,0
0.1652,47,0,0.593,3537.0,11,0,0,0,1.0,0
2.9791,38,0,0.0232,2932.0,7,0,3,0,2.0,0
0.6772,87,0,0.4911,3678.0,7,0,0,0,1.0,0
0.204,66,0,0.5038,18375.0,11,0,1,0,0.0,0
0.4697,73,0,0.3123,7444.0,8,0,0,0,1.0,0
0.0291,70,0,0.1942,7599.0,9,0,0,0,1.0,0
0.1544,48,0,0.3066,4004.0,11,0,4,0,0.0,0
0.5048,49,0,0.1876,,12,0,1,0,1.0,0
0.8099,52,0,0.1544,,12,0,2,0,0.0,0
0.404,47,0,0.6493,3557.0,6,0,0,0,0.0,0
0.1915,64,0,0.2005,16745.0,14,0,1,0,2.0,0
0.4191,41,0,0.2072,2170.0,5,0,1,0,2.0,0
0.5309,37,0,0.4785,4889.0,7,0,0,0,0.0,0
0.2652,34,0,0.7478,4127.0,6,0,1,0,0.0,0
0.4043,47,0,0.2486,17616.0,10,0,3,0,0.0,0
0.6498,45,0,0.5095,9755.0,7,0,2,0,1.0,0
0.7303,43,0,0.6673,4690.0,6,0,1,0,2.0,0
0.2248,53,0,0.3754,3551.0,6,0,1,0,1.0,0
0.4589,36,0,0.45,1816.0,6,0,1,0,0.0,0
0.166,62,0,0.8274,6203.0,7,0,2,0,0.0,0
2.8952,37,0,0.4901,2266.0,12,0,1,0,0.0,0
1.1809,36,0,0.945,6995.0,8,0,0,0,0.0,0
0.141,43,0,0.253,5261.0,9,0,1,0,0.0,0
0.6775,50,0,0.3044,10093.0,10,0,0,0,0.0,0
0.0352,64,1,0.5235,3468.0,7,0,2,0,0.0,0
0.3157,51,0,0.8293,3252.0,15,0,0,0,0.0,0
0.2744,30,0,0.2042,3945.0,6,0,1,0,2.0,0
0.6765,59,0,0.3463,,9,0,1,0,3.0,0
3.259,59,3,0.0794,5365.0,6,0,0,0,3.0,0
0.411,44,0,0.0834,7706.0,8,0,1,0,0.0,0
0.3982,54,0,0.6338,2842.0,10,0,2,0,0.0,0
0.3281,72,0,0.4665,3519.0,9,0,1,0,1.0,0
1.1711,40,0,0.886,,9,0,0,0,0.0,0
0.0703,65,0,0.908,2921.0,8,0,0,0,1.0,0
0.7025,70,0,0.2062,,9,0,0,0,0.0,0
2.2592,54,2,0.1802,,8,0,0,1,0.0,0
0.1978,35,0,0.3113,13939.0,12,0,1,0,1.0,0
0.4396,70,0,0.1596,12294.0,9,0,2,0,0.0,0
0.4432,65,0,0.5891,10203.0,12,0,2,0,2.0,0
0.637,60,0,0.1722,2240.0,8,0,0,0,0.0,0
2.3917,51,0,0.5003,,11,0,2,0,1.0,0
0.234,68,0,0.1788,4799.0,7,0,0,0,0.0,0
0.0474,40,0,0.3785,1482.0,13,0,1,0,0.0,0
0.51,64,0,0.62,7059.0,15,0,0,0,3.0,0
0.085,47,3,0.0402,1758.0,8,0,0,0,1.0,0
0.4288,29,0,0.2239,5203.0,6,0,1,0,0.0,0
0.4779,38,0,0.6505,10001.0,7,0,1,0,0.0,0
0.205,58,0,0.2584,1704.0,8,0,3,0,0.0,0
0.836,55,0,0.5074,,7,0,0,0,1.0,1
0.7772,58,0,0.642,4045.0,3,0,0,0,0.0,0
0.5867,47,0,0.2893,,6,0,1,0,0.0,0
0.2669,55,0,0.1121,3495.0,6,0,3,0,0.0,0
0.6346,61,0,0.8022,5097.0,9,0,0,0,1.0,0
0.4817,85,0,0.3147,5750.0,6,0,1,0,1.0,0
0.1421,47,0,0.5702,17097.0,4,0,2,0,1.0,0
0.2691,66,0,0.5623,4133.0,6,0,3,0,2.0,0
0.1356,61,0,0.8291,2837.0,12,0,0,0,1.0,0
0.5033,54,0,0.7203,11683.0,7,0,0,0,0.0,0
0.272,34,2,0.9201,4828.0,7,0,0,0,1.0,1
0.9729,71,0,0.4878,9713.0,8,0,1,0,1.0,0
2.6714,55,0,0.715,13558.0,4,0,1,0,1.0,0
0.267,44,0,0.7251,4752.0,13,0,0,0,0.0,0
0.6492,40,0,0.1616,,4,0,1,0,0.0,1
1.7699,56,0,0.8829,6125.0,4,0,0,0,0.0,0
0.0165,39,0,1.0852,7736.0,11,0,2,0,0.0,0
0.2569,44,0,0.1353,5847.0,7,0,2,0,2.0,0
0.0693,44,0,0.2196,9534.0,5,0,3,0,1.0,0
0.276,53,0,0.1683,4740.0,9,0,3,0,,0
0.9322,60,0,0.282,4011.0,5,0,1,0,0.0,0
0.4344,48,0,0.2674,,16,0,0,0,1.0,0
0.5819,49,0,0.2024,,8,0,0,0,0.0,0
0.0799,54,0,0.425,5911.0,5,0,1,0,0.0,0
1.2233,42,0,0.1069,3390.0,7,0,0,0,0.0,0
0.0612,44,0,0.1621,8773.0,9,0,2,0,0.0,0
0.1456,45,0,0.545,6149.0,9,0,1,0,0.0,0
1.5971,56,0,0.0813,12614.0,6,0,0,0,1.0,0
0.1364,75,0,0.2119,,11,0,1,0,2.0,0
0.4698,35,0,0.4304,3706.0,6,0,1,0,0.0,0
0.5212,55,0,0.107,8373.0,12,0,0,0,0.0,0
0.3819,49,0,0.5917,3546.0,8,0,0,0,1.0,0
7.2265,50,0,0.7713,,12,0,0,0,0.0,0
0.0844,45,0,0.4112,7374.0,10,0,1,0,1.0,0
0.0352,68,0,0.7038,25683.0,11,0,1,0,0.0,0
3.5996,21,0,0.4202,,6,0,1,0,2.0,0
0.7965,36,0,0.1459,10612.0,9,0,0,0,0.0,0
0.592,67,0,0.0917,7746.0,9,0,4,0,2.0,1
3.295,68,0,1.0935,4621.0,4,0,1,0,0.0,0
0.0505,77,0,0.6819,13326.0,5,0,1,0,0.0,0
0.7966,56,0,1.1402,3015.0,10,0,1,0,0.0,1
0.8851,59,0,0.1438,4038.0,8,0,2,0,0.0,0
0.623,26,0,0.3592,3704.0,8,0,0,0,0.0,0
0.1158,52,0,0.4905,4931.0,12,0,0,0,1.0,0
0.573,60,0,0.2712,8364.0,10,0,1,0,0.0,0
0.4847,45,2,0.267,6494.0,11,0,3,0,0.0,0
0.5194,51,0,0.3688,5718.0,7,0,2,0,0.0,0
0.7372,69,0,0.3469,15561.0,9,0,0,0,1.0,0
0.1231,72,0,0.4091,10169.0,5,0,2,0,2.0,1
0.2173,56,0,0.2141,7520.0,5,0,0,0,1.0,0
0.3015,51,0,0.5763,4053.0,5,0,0,0,2.0,0
0.4372,62,0,0.3276,4235.0,7,0,1,0,0.0,0
0.5868,47,0,0.2731,1822.0,11,0,2,0,0.0,0
0.5622,67,2,0.2467,18503.0,10,0,1,0,0.0,0
0.5446,45,0,0.2292,1579.0,10,0,3,0,1.0,0
0.2242,63,0,1.2384,12913.0,10,0,1,0,0.0,0
0.1372,52,0,0.3722,2613.0,15,0,1,0,0.0,0
0.7685,43,0,0.8348,3264.0,12,0,0,0,0.0,0
0.0483,57,0,0.1484,2545.0,8,0,4,0,2.0,0
0.7545,47,0,0.6965,,6,0,0,0,1.0,0
0.3039,66,0,0.7349,,4,0,0,0,1.0,0
0.0911,38,0,0.3938,4060.0,6,0,0,0,3.0,0
0.6286,55,0,0.2716,6013.0,10,0,0,0,0.0,0
0.4433,42,0,0.5422,6242.0,5,0,1,0,1.0,0
0.0333,69,0,0.6485,,7,0,3,0,1.0,0
0.1553,62,0,0.7187,4251.0,10,0,2,0,1.0,0
0.0832,51,0,0.4191,19558.0,9,0,2,0,0.0,0
0.1527,52,0,1.2304,7758.0,7,0,1,0,3.0,0
0.5841,76,0,1.0819,5376.0,4,0,1,0,1.0,1
0.6618,63,0,0.4643,5215.0,11,0,1,0,0.0,0
0.5647,41,0,0.0938,6308.0,8,0,0,0,0.0,0
0.0692,65,0,0.6461,12758.0,5,0,0,0,0.0,0
0.0504,44,0,0.3804,2780.0,10,0,3,0,0.0,0
0.3719,54,0,0.5918,10361.0,8,0,0,0,0.0,0
0.2336,23,0,0.4901,6921.0,3,0,0,0,2.0,0
0.1254,63,0,0.2524,6009.0,9,0,2,0,0.0,0
0.3523,43,0,0.551,4692.0,8,0,2,0,1.0,0
0.1122,49,0,0.1134,,8,0,1,0,1.0,0
0.5457,32,0,0.6051,,8,0,2,0,0.0,0
0.04,55,0,0.0045,2736.0,7,0,1,0,2.0,0
0.0119,53,0,0.1225,5289.0,5,0,1,0,1.0,0
0.0602,34,0,0.2004,2406.0,4,0,3,0,0.0,0
0.2379,52,0,0.4583,6188.0,6,0,1,0,2.0,0
0.3032,48,0,0.2737,,9,0,0,0,0.0,0
0.3179,69,0,0.4324,,6,0,1,0,0.0,0
0.0885,42,0,0.6635,9335.0,9,0,1,0,2.0,0
0.9953,59,0,1.0024,7487.0,8,0,0,0,0.0,0
0.6382,31,0,0.0983,3706.0,5,0,0,0,2.0,0
0.2389,53,0,0.2081,5185.0,12,0,0,0,1.0,0
0.3481,57,0,1.248,11579.0,6,0,0,0,0.0,0
0.1419,58,0,0.4533,,7,0,1,0,2.0,0
4.6492,50,0,0.1582,,8,0,1,0,1.0,0
0.3736,76,0,0.1106,4304.0,9,0,0,0,0.0,0
0.3782,47,0,0.0604,5358.0,7,0,2,0,0.0,0
0.6256,59,0,0.3598,8895.0,13,0,0,0,0.0,0
0.5095,48,0,0.3741,14074.0,11,0,0,0,2.0,0
0.0137,40,0,0.131,2950.0,6,0,0,0,0.0,0
0.2886,35,1,0.0593,3337.0,11,0,2,0,0.0,0
0.5579,39,0,0.6394,9665.0,7,0,0,0,0.0,0
1.9436,60,0,0.7126,1295.0,10,0,1,0,0.0,0
0.9685,71,0,0.5615,4054.0,8,0,2,0,2.0,0
0.3826,60,0,0.3867,10501.0,11,0,2,0,0.0,0
0.5752,47,0,0.1891,1807.0,14,0,0,0,1.0,0
0.2392,43,0,0.6462,9881.0,5,0,0,0,0.0,0
0.3944,54,0,0.1501,19657.0,6,0,0,0,0.0,0
0.3681,37,0,0.4443,8254.0,6,0,2,0,1.0,0
0.2738,64,0,0.6588,,4,0,1,0,0.0,0
0.514,57,0,0.5617,5076.0,9,0,0,0,0.0,0
0.2905,38,0,0.1993,1548.0,7,0,2,0,0.0,0
0.1667,73,0,0.4822,4224.0,16,0,2,0,0.0,0
0.0491,35,0,0.2626,10303.0,5,0,1,0,1.0,0
7.2487,53,0,0.5375,5934.0,9,0,2,0,0.0,0
0.2191,64,0,0.5937,3627.0,7,0,0,0,1.0,0
0.1117,62,0,0.3262,,12,0,0,0,0.0,0
0.2303,43,0,0.5727,7958.0,7,0,1,0,0.0,0
0.0157,46,0,0.109,5224.0,8,0,1,0,2.0,0
0.2633,39,0,0.5253,6623.0,7,0,0,0,4.0,0
0.0619,55,0,0.5748,4261.0,8,0,0,0,0.0,0
0.4789,63,0,0.4654,,9,0,0,0,0.0,0
0.1348,25,0,0.6516,,4,0,0,0,1.0,0
0.5591,60,0,0.2169,6055.0,5,0,2,0,0.0,0
0.0728,45,0,0.5271,,8,0,2,0,2.0,0
2.2461,51,0,0.1184,4285.0,10,0,2,0,2.0,0
0.384,37,1,0.8525,7819.0,2,1,1,2,0.0,0
0.2805,43,0,0.6041,4934.0,3,0,3,0,,0
1.2574,80,0,0.7143,9391.0,6,0,0,0,2.0,0
0.5036,47,0,0.7398,4438.0,10,0,1,0,0.0,0
1.3891,52,0,0.2672,,14,0,0,0,0.0,0
3.1979,39,0,0.0893,15509.0,9,0,0,0,0.0,0
0.4614,88,0,0.0779,11123.0,9,0,0,0,0.0,0
0.0015,59,0,0.2719,,5,0,1,0,3.0,0
0.0286,52,0,0.523,5959.0,9,0,1,0,1.0,0
0.6996,65,0,0.5017,8400.0,9,0,1,0,1.0,0
0.7809,57,0,0.4532,,6,0,3,0,0.0,0
0.3998,50,0,0.8198,7101.0,12,0,1,0,1.0,0
0.3978,50,0,0.1894,5714.0,7,0,1,0,2.0,0
0.0861,30,0,0.3898,2360.0,7,0,0,0,2.0,0
0.128,47,0,0.5009,2955.0,9,0,2,0,0.0,0
0.1351,45,0,0.3135,6437.0,6,0,1,0,0.0,0
0.0636,56,0,0.5254,3055.0,5,0,2,0,0.0,0
9.2511,49,2,0.615,7056.0,9,0,0,0,0.0,0
0.723,62,0,0.2308,4285.0,13,0,1,0,1.0,0
0.763,53,0,0.0613,30592.0,6,0,1,0,1.0,0
0.3917,40,0,0.6247,18878.0,8,0,0,0,2.0,0
0.0256,73,0,0.2581,4473.0,10,0,1,0,0.0,0
2.9733,47,0,0.2966,5747.0,8,0,0,0,0.0,0
0.0115,60,0,0.1265,,6,0,2,0,0.0,0
6.601,34,0,0.4212,,9,0,1,0,0.0,0
0.6309,63,0,0.8176,3002.0,8,0,1,0,3.0,1
10.1881,29,0,0.5917,15188.0,12,0,1,0,1.0,0
0.3977,79,0,0.311,2943.0,14,0,1,0,2.0,0
0.3579,62,0,0.271,1768.0,10,0,0,0,2.0,0
0.6732,49,0,0.7376,2996.0,7,0,0,0,,0
1.1203,60,0,0.6491,6324.0,15,0,0,0,1.0,0
0.1057,34,0,0.6426,16204.0,8,0,0,0,1.0,0
0.3261,49,0,0.406,6699.0,7,0,2,0,3.0,0
0.4697,62,0,0.7069,7395.0,9,0,2,0,2.0,0
0.0622,60,0,0.693,,10,0,0,0,1.0,0
0.2363,52,0,0.9541,5971.0,6,0,2,0,2.0,0
0.6529,56,0,0.4307,16042.0,3,0,0,0,0.0,0
0.4212,67,0,0.9568,,3,0,0,0,,0
0.1857,62,0,0.0569,6902.0,2,0,1,0,2.0,0
0.1865,26,0,0.3111,2718.0,9,0,0,0,0.0,0
0.0217,52,0,0.7918,4612.0,6,0,2,0,0.0,0
2.475,52,0,0.2648,,8,0,0,0,0.0,0
0.2896,34,0,0.1465,3274.0,6,0,0,0,3.0,0
0.1467,37,0,0.406,3133.0,7,0,1,0,1.0,0
0.0851,73,0,0.3459,2267.0,7,0,1,0,0.0,0
0.9446,42,0,0.6513,1865.0,12,0,1,0,0.0,0
0.716,46,0,0.6393,2250.0,6,0,3,0,0.0,0
0.0983,41,0,0.7488,,11,0,1,0,2.0,0
0.3682,58,0,0.6335,10046.0,3,0,1,0,1.0,0
0.1949,56,0,0.3563,3774.0,11,0,1,0,0.0,0
3.4492,79,0,0.416,4966.0,7,0,5,0,1.0,0
0.1488,44,0,0.2541,3554.0,12,0,1,0,0.0,0
0.6131,59,0,0.7695,8417.0,9,0,2,0,0.0,0
0.4554,26,0,0.1244,3488.0,13,0,0,0,1.0,0
6.7734,32,0,0.1684,7646.0,6,0,3,0,1.0,0
0.7964,71,1,0.5624,11105.0,1,0,3,0,2.0,0
0.1498,67,1,0.1244,7912.0,9,0,1,2,0.0,1
0.0834,58,0,0.0242,,9,0,1,0,0.0,0
1.1195,68,0,0.2748,3430.0,6,0,4,0,0.0,0
0.7842,37,0,0.6463,2001.0,6,0,1,0,0.0,0
3.3125,75,0,0.1571,6052.0,6,0,1,0,0.0,0
0.373,38,0,0.3926,7139.0,4,0,0,0,0.0,0
3.6452,57,0,0.4382,6478.0,8,0,0,0,0.0,0
0.4462,91,0,0.5888,2926.0,12,0,0,0,2.0,1
1.0488,40,0,0.9758,3842.0,5,0,0,0,0.0,0
0.0694,71,0,0.8159,,4,0,1,0,0.0,0
0.2393,66,0,0.306,13104.0,8,0,2,0,0.0,0
0.3506,45,0,0.8937,,8,0,5,0,1.0,0
0.3054,81,0,0.9107,,7,0,1,0,1.0,0
0.8722,39,0,1.0211,3666.0,8,0,2,0,0.0,0
0.1061,51,0,0.4668,4033.0,6,0,0,0,,0
4.3733,61,0,0.1325,5077.0,13,0,1,0,1.0,0
0.4452,51,0,0.3037,,5,0,2,0,0.0,0
1.8182,95,0,0.3152,8193.0,11,0,1,0,,0
0.1382,34,0,0.3827,5045.0,11,0,1,0,0.0,0
0.5177,75,0,0.4959,7219.0,9,0,0,0,2.0,0
0.2222,21,0,0.4773,7019.0,2,0,0,0,0.0,0
1.1064,21,0,0.1737,14243.0,10,0,0,0,3.0,0
0.4813,53,0,0.4069,13121.0,5,0,0,0,1.0,0
2.7097,62,0,0.2401,2878.0,4,0,4,0,0.0,0
0.1926,73,0,1.0708,,5,0,1,0,0.0,0
1.0991,75,0,0.5026,3357.0,8,0,0,0,0.0,0
0.9186,55,0,0.2401,,5,0,0,0,0.0,0
0.5911,59,0,0.8478,4706.0,7,0,1,0,0.0,0
3.7337,55,0,0.1535,,7,0,1,0,0.0,0
0.0477,73,0,0.1552,3980.0,10,0,0,0,0.0,0
0.1093,35,0,0.5768,11412.0,10,0,2,0,0.0,0
0.5563,43,0,0.8431,7022.0,10,0,0,0,2.0,0
1.0428,64,0,1.1288,2403.0,9,0,0,0,0.0,1
3.2643,67,0,0.6724,5326.0,9,0,0,0,1.0,0
0.3363,71,0,0.1625,4382.0,12,0,1,0,1.0,0
4.7364,51,0,0.856,,9,0,0,0,0.0,1
0.5373,45,0,0.8041,1829.0,7,0,0,0,0.0,1
0.7525,62,0,0.3588,5296.0,12,0,1,0,3.0,0
0.1864,37,0,0.3252,5070.0,3,0,1,0,2.0,0
2.7405,75,0,0.82,6628.0,8,0,3,0,1.0,0
0.9706,45,0,0.2827,6968.0,8,0,0,0,2.0,0
1.424,48,0,0.8199,2436.0,5,0,0,0,0.0,0
0.2995,63,0,0.1716,3970.0,5,0,1,0,0.0,0
0.5935,42,0,0.8394,5204.0,10,0,0,0,,0
0.5989,36,0,0.7553,1072.0,5,0,2,0,2.0,1
0.3091,68,0,0.4236,4597.0,10,0,1,0,1.0,0
0.4968,37,0,0.5612,4463.0,10,0,2,0,0.0,0
0.4133,56,0,0.7155,2153.0,6,0,2,0,1.0,0
0.0222,52,0,0.1248,4138.0,10,0,0,0,0.0,0
0.378,25,0,0.3203,9906.0,7,0,0,0,0.0,0
0.2424,37,0,0.5277,2017.0,4,0,0,0,2.0,0
0.7412,57,0,0.2229,,2,0,0,0,0.0,0
0.0968,69,0,0.3618,2970.0,6,0,1,0,1.0,0
5.8613,41,0,0.6401,6427.0,5,0,0,0,0.0,0
0.1559,40,0,1.056,16611.0,13,0,1,0,0.0,0
0.2936,61,0,0.1349,6349.0,10,0,0,0,1.0,0
0.0786,63,0,0.6279,,10,0,0,0,1.0,0
4.3024,65,0,0.4272,,9,0,0,0,0.0,0
0.0102,55,0,0.6054,5276.0,6,0,1,0,0.0,0
0.5523,45,0,0.3846,2793.0,11,0,2,0,1.0,0
0.6926,63,0,1.0036,6885.0,9,0,0,0,0.0,0
0.3692,51,0,0.2163,3193.0,14,0,0,0,0.0,0
0.0833,61,0,0.0265,5096.0,13,0,0,0,0.0,0
0.1306,45,0,0.9901,4860.0,8,0,1,0,0.0,0
1.1178,49,0,0.709,5777.0,1,0,1,0,0.0,0
0.0354,59,0,0.3538,,4,0,2,0,2.0,0
0.6373,23,0,0.7265,12764.0,10,0,2,0,2.0,0
0.158,71,0,0.4043,3389.0,8,0,0,0,0.0,0
0.8231,51,0,0.2913,4825.0,8,0,3,0,1.0,0
0.3588,21,0,1.7306,6142.0,13,0,1,0,,0
3.2181,54,0,0.1357,,4,0,2,0,2.0,0
0.7415,46,0,0.2444,3332.0,10,0,1,0,1.0,0
0.0184,37,0,0.1594,4408.0,14,0,1,0,0.0,0
0.1758,79,0,0.446,9946.0,8,0,0,0,0.0,0
0.6403,64,0,0.3875,4909.0,7,0,2,0,0.0,0
0.2528,50,0,1.4383,2924.0,14,0,2,0,1.0,0
0.3578,53,0,0.1359,7023.0,13,0,2,0,1.0,0
3.8041,56,0,0.1447,2296.0,10,0,1,0,0.0,0
0.0345,29,0,0.0519,2630.0,7,0,0,0,1.0,0
0.2401,89,0,0.3542,4292.0,6,0,0,0,1.0,0
0.1104,53,0,0.6167,6211.0,4,0,1,0,1.0,0
0.0295,77,0,0.0922,4486.0,12,0,1,0,0.0,0
0.0359,40,0,0.5379,6968.0,1,0,2,0,0.0,0
0.6814,60,0,0.235,2108.0,7,0,0,0,1.0,0
2.1972,35,0,0.6749,,15,0,2,0,0.0,0
1.2261,21,0,1.0037,,11,0,1,0,0.0,0
0.0384,65,0,0.2232,,8,0,1,0,1.0,0
1.7491,55,0,0.9681,6332.0,4,0,1,0,,0
1.3322,45,0,0.1716,7688.0,13,0,2,0,1.0,0
1.3602,21,1,0.1982,7052.0,6,0,1,1,0.0,0
0.5477,45,0,0.1598,9475.0,3,0,2,0,1.0,0
0.2847,56,0,0.6043,2785.0,6,0,2,0,0.0,0
0.1019,37,0,0.4117,9020.0,3,0,2,0,1.0,0
0.7874,54,0,0.6461,15325.0,10,0,1,0,2.0,0
0.6464,43,0,0.3956,5931.0,9,0,1,0,,0
0.1747,35,0,0.3982,14853.0,11,0,2,0,0.0,0
0.9944,50,0,0.3232,4537.0,6,0,0,0,0.0,0
0.5431,22,0,0.4043,,12,0,2,0,2.0,0
1.728,59,0,0.9643,2150.0,7,0,0,0,2.0,0
0.5305,53,0,0.1243,2806.0,8,0,0,0,0.0,0
0.0335,60,0,0.425,7504.0,11,0,0,0,0.0,0
0.588,68,1,0.5965,5947.0,8,0,1,1,3.0,0
2.3318,48,0,0.2924,12124.0,7,0,2,0,0.0,0
0.5183,21,0,0.244,6631.0,7,0,1,0,0.0,0
0.1264,48,0,0.8316,1896.0,11,0,1,0,2.0,0
0.4387,36,0,0.4128,4836.0,7,0,0,0,0.0,0
0.4335,72,0,0.8928,,6,0,2,0,1.0,0
0.2322,47,0,0.2789,7851.0,4,0,1,0,2.0,0
0.167,64,0,0.2459,6576.0,9,0,1,0,1.0,0
0.3799,72,0,0.469,2542.0,9,0,1,0,1.0,0
0.4445,42,0,0.6498,4936.0,11,0,0,1,1.0,0
0.3609,53,0,0.2565,3422.0,10,0,0,0,0.0,0
0.254,53,0,0.3892,1757.0,9,0,1,0,1.0,0
0.7063,83,0,0.8742,4850.0,9,0,3,0,0.0,0
1.1226,70,0,0.1823,,6,0,0,0,0.0,0
0.0029,37,0,0.5108,10873.0,9,0,1,0,2.0,0
0.7188,43,0,0.5332,6388.0,11,0,2,0,1.0,0
0.0404,46,0,0.4623,12115.0,7,0,1,0,0.0,0
0.0213,41,0,0.3139,,11,0,0,0,0.0,0
0.4229,48,0,0.9086,5474.0,5,0,0,0,0.0,0
0.3958,45,0,0.1306,5357.0,9,0,1,0,1.0,0
0.9828,53,0,0.4065,5225.0,9,0,0,0,1.0,0
0.1353,50,0,1.0824,5362.0,13,0,4,0,2.0,0
0.1592,68,0,0.4655,6067.0,8,0,0,0,0.0,0
0.4855,41,0,0.2302,4839.0,9,0,1,0,0.0,0
2.9125,29,0,0.5945,2947.0,10,0,0,0,1.0,0
0.3083,45,0,0.571,9226.0,13,0,2,0,2.0,0
0.5608,43,0,0.4184,,7,0,1,0,1.0,0
0.6881,73,0,0.4237,9773.0,8,0,2,0,3.0,0
0.276,64,0,0.1646,4031.0,10,0,0,0,3.0,0
0.128,70,0,0.493,8863.0,4,0,3,0,1.0,0
0.0003,65,0,0.6413,2060.0,9,0,1,0,1.0,0
2.6532,24,0,0.7564,2731.0,7,0,1,0,2.0,1
0.9099,40,0,0.283,5288.0,8,0,1,0,0.0,0
0.1523,31,0,0.1628,4691.0,14,0,0,0,2.0,0
0.8241,74,0,0.2396,1541.0,7,0,3,0,1.0,0
5.7114,64,1,0.7943,8139.0,5,2,1,0,1.0,0
4.3186,58,0,0.2872,,8,0,3,0,1.0,0
0.2554,44,0,0.3828,7441.0,11,0,3,0,0.0,0
2.0454,46,0,0.1592,,12,0,1,0,1.0,0
0.0828,40,0,0.0555,3191.0,8,0,0,0,0.0,0
1.9653,61,0,0.422,12499.0,8,0,3,0,2.0,0
0.0744,53,0,0.8709,6566.0,11,0,1,0,0.0,0
1.1145,62,1,0.6985,14397.0,6,0,1,0,3.0,0
0.5036,58,0,1.0795,1623.0,5,0,3,0,3.0,0
0.1378,64,0,0.815,5771.0,6,0,0,0,1.0,0
0.9779,59,1,0.3327,,9,0,1,1,1.0,0
0.411,67,1,0.7416,5263.0,14,0,1,0,0.0,0
0.8889,62,0,0.0382,10918.0,3,0,0,0,0.0,0
0.3353,45,0,0.4846,3617.0,4,0,0,0,1.0,0
0.343,59,0,0.2193,,7,0,1,0,1.0,0
0.0195,56,0,1.1354,2548.0,4,0,0,0,2.0,0
0.6453,49,0,0.358,,11,0,1,0,1.0,1
0.43,52,0,0.501,8138.0,6,0,0,0,2.0,0
0.4913,66,0,0.1825,4788.0,10,0,0,0,1.0,0
0.465,60,0,0.683,,8,0,1,0,0.0,0
0.2958,65,0,0.3041,2370.0,10,0,1,0,1.0,0
0.1391,53,0,0.1652,6607.0,7,0,1,0,0.0,0
8.2575,68,0,1.1713,2076.0,8,0,1,0,,0
0.5659,63,0,0.3509,3634.0,8,0,0,0,1.0,0
0.0025,41,0,0.7376,11396.0,15,0,2,0,1.0,0
0.3968,47,0,0.1751,3675.0,2,0,1,0,2.0,0
0.5296,40,0,0.6257,4148.0,6,0,0,0,0.0,0
0.744,37,0,0.6111,7628.0,10,0,0,0,0.0,0
0.6605,90,0,0.5189,,4,0,0,0,0.0,0
4.5298,75,0,0.0904,,10,0,2,0,1.0,0
1.2178,68,1,0.5297,1638.0,8,0,3,0,2.0,0
0.4821,58,0,0.9888,4109.0,6,0,0,0,1.0,0
0.4852,44,0,0.0207,2864.0,10,0,1,0,1.0,0
0.9355,36,0,0.7461,,6,0,1,0,0.0,1
0.167,49,0,0.4655,7406.0,7,0,0,0,1.0,0
4.8697,42,0,0.1033,5891.0,7,0,2,0,1.0,0
0.1043,62,0,0.8359,6510.0,8,0,1,0,2.0,0
0.2533,54,0,0.7029,2423.0,7,0,0,0,0.0,0
0.1123,64,0,1.1142,9196.0,13,0,0,0,1.0,0
0.3885,55,0,0.1662,6441.0,4,0,1,0,0.0,0
0.4974,28,0,0.7751,,5,0,1,0,0.0,0
4.645,50,0,0.6892,10121.0,4,0,0,0,0.0,0
0.1038,57,0,0.4859,5708.0,6,0,2,0,2.0,0
1.1092,56,0,0.4483,5648.0,6,0,1,0,0.0,0
0.4791,44,0,1.2256,7495.0,5,0,0,0,1.0,0
1.5708,45,0,0.1598,,5,0,2,0,1.0,0
0.4024,43,0,0.9226,5849.0,4,0,0,0,0.0,0
0.0449,29,1,0.3862,5000.0,5,0,1,1,3.0,0
0.3362,52,0,0.6349,3161.0,11,0,0,0,1.0,0
0.0574,63,0,0.3976,6581.0,6,0,3,0,1.0,0
0.2265,45,0,0.6364,4159.0,9,0,0,0,0.0,0
0.5637,35,0,0.911,,4,0,0,0,1.0,0
0.024,66,0,0.6913,6634.0,10,0,1,0,2.0,0
0.6199,71,0,0.1983,3584.0,14,0,2,0,0.0,0
0.0425,46,0,0.388,1222.0,6,0,2,0,2.0,0
0.4874,39,0,0.3093,5202.0,12,0,2,0,1.0,0
0.1468,50,0,0.6951,5797.0,5,0,0,0,0.0,0
0.2072,56,0,0.8562,4006.0,5,0,2,0,0.0,0
0.0937,46,0,0.5485,6380.0,8,0,1,0,1.0,0
0.7811,30,0,0.7417,,5,0,0,0,2.0,0
0.5108,65,0,0.5468,,11,0,3,0,1.0,1
0.2959,55,0,0.8455,12505.0,7,0,0,0,0.0,0
0.6593,74,0,1.2632,5127.0,11,0,1,0,1.0,1
0.1237,53,0,0.6221,9425.0,9,0,0,0,1.0,0
0.0485,73,0,0.115,2232.0,5,0,2,0,1.0,0
0.8555,49,0,1.072,,7,0,1,0,1.0,1
0.7548,44,0,0.6033,11409.0,7,0,1,0,0.0,0
0.02,45,0,0.2217,2289.0,8,0,1,0,2.0,0
0.1326,78,1,0.3069,16823.0,7,0,1,0,0.0,0
0.0647,49,0,0.9569,8199.0,9,0,4,0,1.0,0
0.1409,74,0,0.2992,6810.0,4,0,1,0,0.0,1
0.0944,46,0,0.7818,14252.0,4,0,1,0,1.0,0
0.4918,33,0,0.2546,3543.0,8,0,0,0,1.0,0
0.33,62,0,0.5157,3685.0,4,0,1,0,1.0,0
0.1517,43,0,0.2917,2519.0,9,0,1,0,0.0,0
0.0981,56,0,0.1527,12720.0,7,0,0,0,0.0,0
0.3882,55,0,0.787,8726.0,8,0,0,0,2.0,0
0.5143,55,0,0.0171,,6,0,1,0,0.0,0
0.0728,75,0,0.1214,,10,0,2,0,0.0,0
0.1132,56,2,0.7474,4526.0,10,0,0,0,2.0,0
0.7369,54,0,0.8434,7875.0,10,0,1,0,0.0,0
0.776,47,0,0.7201,2282.0,5,0,1,0,2.0,0
0.6199,60,0,0.6608,,7,0,1,0,1.0,0
0.3139,58,0,0.3457,6908.0,7,0,0,0,1.0,0
0.5661,46,0,0.6154,8172.0,5,0,1,0,1.0,0
0.1227,65,0,0.069,7396.0,9,0,1,0,0.0,0
0.0598,49,0,0.7177,3637.0,8,0,1,0,0.0,0
0.1313,60,0,0.325,3102.0,7,0,0,0,0.0,0
0.8221,33,0,0.9613,,9,0,1,0,0.0,0
0.4937,65,0,0.626,,7,0,2,0,1.0,0
0.6126,42,0,0.5669,,6,0,0,0,0.0,0
0.0306,61,0,1.0824,8249.0,5,0,2,0,0.0,0
0.1615,70,0,0.5918,12328.0,7,0,1,0,0.0,0
0.3234,58,0,0.2326,6477.0,8,0,1,0,0.0,0
0.7213,68,0,0.4079,,5,0,1,0,,0
0.6253,37,0,0.5828,1592.0,11,0,1,0,1.0,1
0.1495,51,0,0.2638,13363.0,5,0,2,0,3.0,0
0.2074,43,0,0.4453,6240.0,8,0,0,0,2.0,0
0.204,43,0,0.5044,6925.0,9,0,1,0,1.0,0
0.6086,30,0,0.6765,14152.0,7,0,1,0,0.0,0
0.3944,53,0,0.9282,22745.0,9,0,1,0,,0
0.6607,65,0,0.5444,2506.0,9,0,2,0,0.0,0
0.2405,70,0,0.1683,,13,0,1,0,1.0,0
0.4042,37,0,0.6338,,11,0,0,0,1.0,0
0.5931,45,0,0.1669,,8,0,1,0,3.0,0
0.0532,42,0,0.3934,4410.0,7,0,2,0,0.0,0
0.3216,41,0,1.1376,14694.0,9,0,0,0,1.0,0
0.5417,48,0,0.3386,3770.0,9,0,0,0,2.0,0
3.3638,52,0,0.026,5554.0,10,0,1,0,0.0,0
0.4714,48,0,0.5619,10098.0,5,0,2,0,1.0,0
0.6653,33,0,0.7262,3630.0,9,0,2,0,1.0,0
0.0957,66,0,0.6747,8926.0,6,0,0,0,0.0,0
0.5048,54,0,0.4691,8740.0,9,0,4,0,,0
1.1635,58,0,0.4126,11347.0,9,0,2,0,0.0,0
0.1806,58,0,0.1833,2556.0,7,0,1,0,1.0,0
0.0228,61,0,1.0026,11645.0,5,0,1,0,1.0,0
0.4618,54,0,0.7099,5285.0,6,0,1,0,0.0,0
0.1027,40,0,0.5711,9457.0,9,0,1,0,2.0,0
0.1648,73,0,0.8555,908.0,5,0,1,0,1.0,0
0.1999,61,0,0.5447,,5,0,1,0,1.0,0
2.701,39,0,0.4032,6966.0,12,0,2,0,1.0,0
0.4616,40,0,0.3465,,7,0,3,0,1.0,1
0.5559,80,0,0.4084,8375.0,13,0,2,0,2.0,1
0.5893,50,0,0.3211,8154.0,9,0,0,0,2.0,0
1.1644,43,0,1.2251,11981.0,8,0,1,0,0.0,0
0.1074,45,0,0.0405,,6,0,0,0,0.0,0
0.8465,58,0,0.4195,2212.0,8,0,2,0,0.0,0
0.5785,45,0,0.7872,6029.0,11,0,0,0,1.0,0
0.1703,54,0,0.5184,8663.0,3,0,0,0,0.0,0
0.5335,84,0,0.6447,2427.0,3,0,1,0,1.0,0
0.3591,30,0,0.2115,,9,0,3,0,1.0,0
0.2981,46,0,0.3439,2492.0,5,0,0,0,1.0,0
0.3071,53,0,0.3246,3749.0,6,0,0,0,0.0,0
2.4068,27,0,0.9247,,8,0,0,0,1.0,0
0.114,59,0,1.0717,9257.0,10,0,0,0,1.0,0
0.5163,65,0,0.3466,5926.0,3,0,0,0,1.0,0
0.1465,33,0,0.3335,1850.0,7,0,2,0,1.0,0
0.6196,51,0,0.4084,3285.0,13,0,2,0,2.0,0
0.7018,55,0,0.5261,,9,0,1,0,1.0,0
0.4859,60,0,0.4981,10015.0,4,0,3,0,1.0,0
0.342,89,0,0.6141,3626.0,9,0,1,0,1.0,0
0.5779,42,0,0.4159,7086.0,9,0,1,0,0.0,0
0.7027,60,0,0.5069,6582.0,9,0,2,0,1.0,0
0.4857,50,0,0.6543,11634.0,7,0,0,0,0.0,0
0.5419,48,0,0.4104,7440.0,10,0,1,0,1.0,0
0.2971,52,0,0.9255,2916.0,10,0,1,0,0.0,0
0.6068,58,0,1.2046,9619.0,10,0,0,0,2.0,0
0.1345,52,0,0.3294,6002.0,7,0,1,0,3.0,0
0.0428,56,0,1.1277,2670.0,10,0,0,0,3.0,0
0.3446,51,0,0.6347,4645.0,9,0,2,0,3.0,0
2.9584,39,0,0.0342,6350.0,1,0,0,0,0.0,0
10.1102,64,0,0.8498,11291.0,9,0,0,0,0.0,0
0.2015,66,0,0.8519,,4,0,1,0,0.0,0
0.5975,66,0,0.05,4041.0,11,0,2,0,0.0,0
0.2077,61,0,0.178,5648.0,11,0,2,0,0.0,0
0.2661,41,0,0.1038,4500.0,8,0,3,0,2.0,0
0.4075,39,0,0.7826,3468.0,5,0,2,0,1.0,0
0.1872,65,0,0.5137,4683.0,9,0,1,0,0.0,0
0.1949,35,0,0.598,6013.0,8,0,2,0,1.0,0
0.1616,42,0,0.5288,2196.0,13,0,0,0,0.0,0
0.6015,82,0,0.5673,5835.0,12,0,0,0,,0
1.0289,59,0,0.154,5367.0,7,0,1,0,1.0,0
0.5875,54,0,0.5024,11930.0,6,0,1,0,0.0,0
0.1924,26,1,0.8905,4428.0,8,0,1,0,0.0,0
0.1094,43,0,0.8037,8085.0,3,0,0,0,0.0,0
0.0729,64,0,0.1313,8716.0,9,0,1,0,0.0,0
0.2114,31,0,0.1433,4620.0,10,0,0,0,1.0,0
0.5549,58,0,0.166,,8,0,2,0,0.0,0
0.2481,33,0,0.3594,6201.0,11,0,0,0,2.0,0
0.3126,43,0,0.2026,,6,0,2,0,1.0,0
3.4661,30,0,0.4798,,10,0,1,0,1.0,0
1.0057,53,0,0.0979,,8,0,0,0,1.0,0
2.1709,28,0,0.195,2890.0,10,0,0,0,1.0,0
0.6321,51,0,0.3862,3678.0,4,0,2,0,0.0,0
0.5408,61,0,0.3718,,6,0,1,0,0.0,0
0.5143,55,0,0.8568,6788.0,7,0,1,0,2.0,0
4.0578,59,0,0.3402,3104.0,13,0,0,0,2.0,0
0.4237,55,0,0.0957,,9,0,3,0,0.0,0
0.2593,51,0,0.571,5094.0,5,0,1,0,0.0,0
0.92,51,0,0.0742,9884.0,8,0,0,0,1.0,0
0.7193,56,0,0.3977,4776.0,9,0,1,0,2.0,0
0.9398,37,0,0.6118,3625.0,6,0,1,0,0.0,0
0.0175,46,0,1.0018,8195.0,10,0,1,0,0.0,0
0.1704,80,2,0.4124,11060.0,7,0,0,0,1.0,0
0.8459,59,0,0.2809,21070.0,4,0,0,0,1.0,0
0.2402,69,0,0.9323,1947.0,5,0,0,0,0.0,0
0.4266,57,0,0.7748,8420.0,6,0,2,0,0.0,0
0.0507,42,0,0.9402,,3,0,2,0,0.0,0
0.1354,48,0,0.4935,3386.0,9,0,1,0,0.0,0
0.0355,28,0,0.4472,,9,0,0,0,0.0,0
0.6306,71,0,0.6026,,7,0,0,0,1.0,1
0.1114,65,0,0.8374,5361.0,3,0,3,0,1.0,0
0.2123,40,0,0.0908,7762.0,6,0,0,0,1.0,0
0.0086,63,0,0.9932,5463.0,5,0,1,0,2.0,0
0.6645,61,0,0.6919,6114.0,4,0,0,0,0.0,0
0.3675,53,0,0.6443,,11,0,0,0,0.0,0
3.6865,59,0,0.3981,4329.0,13,0,1,0,1.0,0
0.468,60,0,0.1656,,10,0,1,0,0.0,0
0.2185,57,0,0.5883,,6,0,0,0,0.0,0
0.1677,54,0,0.3044,7940.0,11,0,2,0,0.0,0
0.1433,53,0,0.5109,,2,0,0,0,0.0,0
0.8877,44,0,0.4834,1571.0,8,0,0,0,2.0,0
0.6125,65,0,0.3104,8273.0,9,0,2,0,0.0,0
1.4217,80,0,0.3602,5696.0,9,0,0,0,2.0,0
2.7783,36,0,0.1556,3967.0,7,0,0,0,0.0,0
0.5189,52,0,0.506,6299.0,1,0,0,0,1.0,0
0.6148,43,0,0.6182,5835.0,10,0,1,0,1.0,0
0.7473,60,0,0.6677,6948.0,5,0,1,0,0.0,0
0.5639,58,0,0.7904,1764.0,12,0,0,0,0.0,1
0.2214,54,0,0.4098,9368.0,7,0,1,0,0.0,0
0.0604,44,0,0.5318,13520.0,12,0,0,0,0.0,0
0.7191,45,0,0.6394,5632.0,8,0,0,0,1.0,0
3.8896,41,0,0.8631,2957.0,3,0,1,0,1.0,0
0.3105,28,0,0.4586,6889.0,3,0,0,0,1.0,0
0.3577,69,0,0.2597,3868.0,5,0,2,0,1.0,0
0.6493,61,0,0.5855,3868.0,11,0,1,0,0.0,0
0.6028,70,0,0.3611,7845.0,9,0,2,0,2.0,0
0.1627,47,0,0.4508,7939.0,13,0,1,0,0.0,0
0.5574,59,0,0.2096,2855.0,8,0,0,0,2.0,0
0.7966,40,0,0.598,823.0,7,0,1,0,2.0,0
0.7841,44,0,0.2028,7414.0,13,0,1,0,0.0,0
1.4313,81,0,0.2885,2920.0,7,0,0,0,2.0,0
0.4204,47,0,0.1621,3066.0,9,0,1,0,2.0,0
0.1124,65,0,0.1102,6360.0,11,0,0,0,0.0,0
0.0623,56,0,0.3773,7263.0,7,0,0,0,0.0,0
0.0813,32,0,0.187,6250.0,8,0,1,0,,0
0.7853,50,0,0.4819,6277.0,7,0,1,0,0.0,0
0.0321,57,0,0.174,4268.0,10,0,1,0,0.0,0
0.2627,62,0,0.8457,10295.0,4,0,2,0,1.0,0
0.0235,27,0,0.7327,9651.0,8,0,0,0,0.0,0
3.4097,38,0,1.0894,8422.0,8,0,2,0,0.0,0
0.7226,56,0,0.066,,9,0,2,0,1.0,0
0.1222,39,0,0.1009,2475.0,8,0,0,0,1.0,0
0.8229,69,0,0.2241,3614.0,8,0,1,0,2.0,0
0.369,51,0,0.7223,5086.0,6,0,0,0,0.0,0
0.5964,59,0,0.2244,4397.0,11,0,0,0,0.0,0
0.1214,70,1,0.3893,11077.0,4,0,1,1,0.0,0
0.159,35,1,0.986,7758.0,6,0,0,0,1.0,0
0.2453,58,0,0.4862,2684.0,8,0,1,0,0.0,0
0.2765,54,0,0.2029,3988.0,7,0,0,0,2.0,0
0.5419,54,0,0.3912,7090.0,11,0,1,0,0.0,0
1.7522,49,0,0.5261,2842.0,8,0,3,0,0.0,0
0.2686,54,0,0.5388,13703.0,2,0,0,0,1.0,0
0.2793,21,0,0.6676,5289.0,11,0,2,0,1.0,0
0.635,69,0,0.2098,,7,0,1,0,0.0,0
0.2357,33,0,0.5881,2332.0,5,0,1,0,1.0,0
0.7591,77,0,0.3657,12752.0,13,0,2,0,,0
1.9031,39,0,0.2628,,13,0,0,0,1.0,1
0.3447,38,0,0.059,4118.0,8,0,0,0,0.0,0
0.0783,58,0,0.4993,1586.0,9,0,1,0,0.0,0
0.1007,56,1,0.731,2988.0,10,0,1,0,1.0,0
0.6053,58,0,0.7107,5032.0,13,0,1,0,2.0,0
0.7753,57,0,0.5676,9211.0,7,0,2,0,0.0,0
0.1351,50,0,0.4346,3467.0,8,0,1,0,1.0,0
3.3846,47,0,0.1731,7849.0,6,0,0,0,1.0,0
0.1597,60,0,0.2874,3386.0,6,0,2,0,1.0,0
0.2819,42,0,0.7285,6134.0,16,0,2,0,1.0,0
0.1781,54,0,0.6919,4344.0,7,0,2,0,1.0,0
0.4212,28,0,0.2928,6706.0,10,0,1,0,1.0,0
0.2681,56,0,0.1901,,11,0,0,0,2.0,0
4.2922,53,0,0.2373,5871.0,12,0,1,0,1.0,0
0.1306,51,0,0.5374,9906.0,8,0,2,0,1.0,0
0.1829,76,0,0.7359,5509.0,6,0,0,0,0.0,0
0.1884,73,0,0.0921,4416.0,9,0,0,0,1.0,0
0.4761,65,0,0.1985,4544.0,9,0,0,0,2.0,0
0.8712,64,0,0.513,19912.0,7,0,1,0,0.0,0
0.4498,53,0,0.9864,,8,0,0,0,1.0,0
0.5562,56,0,0.6905,1921.0,5,0,0,0,0.0,0
0.9003,58,0,0.1564,4730.0,10,0,0,0,0.0,0
0.225,60,0,0.4967,,9,0,0,0,1.0,0
1.3855,53,0,0.0357,7501.0,14,0,1,0,0.0,0
0.3899,60,0,0.3401,,6,0,0,0,2.0,0
0.3892,53,0,0.9086,16714.0,14,0,2,0,0.0,0
0.1468,58,0,0.2814,,12,0,0,0,0.0,0
0.4141,65,0,0.4743,7267.0,13,0,1,0,2.0,0
0.4191,43,0,0.3789,8415.0,7,0,0,0,0.0,0
0.9651,54,0,0.3854,7764.0,4,0,3,0,2.0,0
0.5449,53,0,0.0817,6661.0,8,0,1,0,0.0,0
0.5893,38,0,0.3528,6806.0,5,0,0,0,0.0,0
0.0124,71,0,0.9388,,17,0,0,0,1.0,0
0.1212,40,0,0.669,,8,0,3,0,1.0,0
0.0667,72,0,0.405,19552.0,13,0,1,0,2.0,0
0.1477,33,0,0.6218,9405.0,9,0,1,0,1.0,0
0.0656,31,0,0.4105,,6,0,1,0,1.0,0
0.0424,47,0,0.198,,7,0,1,0,0.0,0
0.5541,58,0,0.2917,2066.0,7,0,1,0,0.0,0
0.6529,57,0,0.1061,3643.0,6,0,0,0,2.0,0
0.133,70,0,0.7364,3987.0,2,0,1,0,1.0,0
0.0007,41,0,0.4675,16210.0,9,0,0,0,,0
0.1222,65,0,0.1897,,4,0,1,0,1.0,0
1.7389,29,0,0.7799,,6,0,1,0,1.0,1
1.0157,38,0,0.5648,4420.0,7,0,0,0,1.0,0
0.6093,48,0,0.7509,2973.0,5,0,0,0,3.0,0
1.8222,37,0,0.4302,15715.0,9,0,1,0,2.0,0
0.0892,60,0,0.2606,9373.0,6,0,0,0,2.0,0
0.3338,43,0,0.4559,4691.0,7,0,0,0,,0
0.8171,66,1,0.4941,7485.0,3,0,1,1,2.0,0
1.0747,64,0,0.4935,,8,0,2,0,2.0,0
0.1404,43,0,0.5048,4344.0,8,0,2,0,1.0,0
0.4478,47,0,0.7121,2279.0,7,0,1,0,1.0,0
0.501,51,0,0.5675,1262.0,11,0,1,0,0.0,0
1.8828,71,0,0.2893,9865.0,3,0,2,0,0.0,0
0.2397,39,0,0.1007,7477.0,9,0,0,0,0.0,0
0.2536,21,0,0.3076,1085.0,11,0,1,0,2.0,0
0.3278,46,0,0.134,7014.0,12,0,0,0,0.0,0
0.1604,39,1,0.5369,4453.0,7,2,1,0,1.0,0
0.1011,31,1,0.2329,6838.0,8,0,2,0,1.0,0
7.7168,51,0,0.2429,5504.0,11,0,3,0,0.0,0
0.5604,36,0,0.4736,,8,0,0,0,0.0,1
0.368,57,0,0.4995,,9,0,1,0,2.0,0
3.9406,35,2,0.7704,33823.0,12,0,1,0,1.0,0
1.0073,93,0,0.2256,853.0,9,0,1,0,0.0,0
0.2092,67,0,0.5098,4501.0,7,0,0,0,0.0,0
0.2766,42,0,0.1272,,6,0,0,0,0.0,0
0.6385,41,0,0.4756,,10,0,1,0,0.0,0
0.9228,49,0,0.9262,4561.0,7,0,2,0,0.0,0
1.2134,62,0,0.7432,7655.0,8,0,1,0,1.0,0
3.4105,46,0,0.1677,5491.0,1,0,1,0,0.0,0
0.0746,36,0,0.5621,7137.0,5,0,2,0,,0
0.0974,32,0,0.4184,3616.0,4,0,0,0,1.0,0
1.7224,52,1,0.1102,6284.0,9,1,0,0,2.0,0
0.348,42,0,0.2267,1738.0,11,0,1,0,1.0,0
0.6013,56,0,0.8455,5658.0,8,0,1,0,,0
0.7547,22,0,0.901,3244.0,9,0,1,0,1.0,0
0.6885,59,0,0.5927,3553.0,9,0,3,0,0.0,0
0.1735,48,0,0.4197,8956.0,7,0,0,0,0.0,0
0.1548,27,0,1.3028,8665.0,6,0,2,0,0.0,0
0.22,57,0,0.3611,,5,0,3,0,1.0,0
0.1061,59,0,0.5207,14307.0,5,0,0,0,0.0,0
1.097,41,0,0.3183,3048.0,6,0,0,0,0.0,0
0.2155,61,0,0.2826,14080.0,8,0,1,0,0.0,0
0.382,33,1,1.0095,5396.0,9,0,0,4,3.0,0
1.0398,21,0,0.6011,5900.0,11,0,1,0,0.0,0
0.1472,50,0,0.0054,10099.0,5,0,3,0,0.0,1
0.565,40,0,0.8377,15745.0,10,0,2,0,1.0,0
0.351,35,0,0.2703,5453.0,9,0,0,0,2.0,0
0.1294,60,0,0.1794,8474.0,6,0,0,0,4.0,0
0.0343,55,0,0.1932,,13,0,1,0,0.0,0
0.3253,75,0,0.715,4465.0,7,0,0,0,0.0,0
1.9013,58,0,0.2466,3680.0,8,0,2,0,0.0,0
0.5732,60,0,0.6719,5161.0,15,0,2,0,1.0,0
0.6809,40,0,0.7184,,8,0,2,0,1.0,0
0.7357,22,0,0.5579,4357.0,7,0,0,0,0.0,0
0.4486,80,0,0.6718,,9,0,0,0,1.0,1
0.7104,59,0,0.5686,2800.0,12,0,1,0,1.0,1
0.1895,74,0,0.2023,,5,0,3,0,3.0,0
0.1384,35,0,0.3776,4531.0,3,0,2,0,2.0,0
0.0298,66,3,0.5254,7665.0,9,0,2,0,0.0,0
0.0403,56,0,0.8216,2472.0,13,0,0,0,1.0,0
0.6172,67,0,0.6312,,8,0,2,0,0.0,0
0.2027,60,0,0.9303,5199.0,9,0,1,0,0.0,0
0.4243,49,0,0.0955,3691.0,5,0,0,0,0.0,0
0.041,56,0,0.3666,5770.0,9,0,0,0,0.0,0
0.2959,47,0,0.4894,13314.0,10,0,1,0,1.0,0
1.2152,64,0,0.758,11920.0,6,0,0,2,0.0,0
1.1317,41,0,0.4891,3548.0,9,0,2,0,2.0,0
0.0268,42,0,0.5797,16331.0,7,0,2,0,5.0,0
0.395,50,0,0.1883,,10,0,0,0,1.0,0
0.1958,61,0,0.2869,,1,0,1,0,0.0,0
0.5314,53,0,0.0892,2053.0,7,0,2,0,3.0,0
0.2493,47,0,0.2547,14923.0,8,0,1,0,3.0,0
0.1556,67,0,0.4458,10641.0,6,0,0,0,0.0,0
1.5603,60,0,0.1532,7011.0,4,0,0,0,3.0,0
0.7335,46,0,0.5755,9397.0,4,0,1,0,0.0,0
2.5652,37,1,0.6735,3652.0,10,0,1,0,2.0,0
0.7702,50,0,0.6389,17220.0,9,0,1,0,0.0,0
0.7017,43,0,0.2396,4264.0,9,0,0,0,1.0,0
0.6906,41,0,0.6807,3707.0,9,0,2,0,0.0,1
0.232,62,0,0.7599,1667.0,12,0,0,0,1.0,0
0.0305,68,0,0.951,,5,0,0,0,0.0,0
0.3285,51,0,0.3202,6041.0,6,0,1,0,2.0,0
0.508,52,0,0.4594,5425.0,7,0,0,0,1.0,0
2.5881,42,0,0.3455,,11,0,0,0,1.0,0
0.2582,37,0,0.9366,6112.0,12,0,1,0,1.0,0
0.4018,63,0,0.1826,4227.0,13,0,0,1,1.0,0
0.5166,34,0,0.1211,,10,0,0,0,2.0,0
0.0746,43,0,0.7347,5420.0,9,0,0,0,1.0,0
0.1516,43,0,0.4726,9305.0,6,0,0,0,1.0,0
2.5281,58,0,0.2266,5319.0,10,0,2,0,0.0,0
0.5133,49,0,0.6888,2423.0,2,0,0,0,2.0,0
0.1271,44,0,1.009,5876.0,5,0,1,0,0.0,0
5.4728,71,0,0.9712,5804.0,3,0,2,0,1.0,0
5.8934,75,1,0.2019,,8,0,1,0,1.0,0
1.7363,57,0,0.2109,7371.0,7,0,0,0,1.0,0
0.1539,54,0,0.8046,,5,0,1,0,1.0,0
0.0669,45,0,0.3538,2340.0,14,0,2,0,0.0,0
0.5945,52,0,0.4413,2922.0,9,0,0,0,0.0,0
0.1674,35,0,0.1984,11096.0,9,0,0,0,1.0,0
0.5645,66,0,0.5149,,5,0,0,0,2.0,1
0.0346,50,0,0.6933,6893.0,9,0,3,0,2.0,0
1.0559,42,0,0.5572,13571.0,5,0,2,0,0.0,0
0.6488,47,0,0.1446,3994.0,4,0,0,0,,0
0.3656,62,0,0.7439,6138.0,4,0,1,0,0.0,0
1.9645,48,0,0.7898,4751.0,6,0,1,0,1.0,0
0.0379,41,0,0.2911,,12,0,0,0,2.0,0
3.6074,23,1,0.366,6018.0,11,0,2,0,0.0,0
0.0136,51,0,0.2689,4993.0,5,0,0,0,0.0,0
0.7968,57,0,0.6668,1475.0,5,0,1,0,,0
0.0568,45,0,0.49,,6,0,1,0,1.0,0
0.6419,41,0,0.5846,5399.0,11,0,2,0,2.0,0
0.8625,36,0,0.3443,9990.0,8,0,1,0,1.0,0
0.5295,47,0,0.4293,,9,0,1,0,0.0,0
0.2143,36,0,0.4012,7012.0,7,0,1,0,0.0,0
1.0541,36,0,0.5821,7528.0,7,0,5,0,3.0,0
0.3066,45,0,0.6304,3531.0,8,0,1,0,2.0,0
0.2445,78,0,0.6518,5047.0,9,0,0,0,1.0,0
0.0193,85,0,0.6981,,6,0,0,0,1.0,0
0.4637,68,0,0.2212,3143.0,1,0,3,0,0.0,0
0.7062,61,0,0.5082,4383.0,8,0,1,0,0.0,0
0.5013,25,0,0.1633,2359.0,9,0,1,0,1.0,0
0.3222,89,0,0.4697,10926.0,5,0,1,0,0.0,0
0.4395,57,0,1.0064,5410.0,7,0,0,0,2.0,0
0.0618,37,0,0.7445,6976.0,8,0,0,0,0.0,0
0.3926,90,0,0.242,8470.0,8,0,0,0,0.0,0
0.7352,51,0,0.5749,3676.0,10,0,1,0,1.0,0
2.4249,64,1,0.4398,6405.0,8,0,4,0,1.0,0
0.5922,48,0,0.4026,4656.0,10,0,1,0,0.0,0
0.2558,60,0,0.7285,6891.0,16,0,0,0,0.0,0
0.5368,62,0,0.7016,13350.0,7,0,1,0,1.0,0
0.0911,64,0,0.2269,12359.0,9,0,0,0,1.0,0
0.2921,70,0,0.2421,,6,0,0,0,0.0,0
2.5875,54,0,0.4649,,11,0,0,0,0.0,0
0.3596,55,0,0.4869,3560.0,8,0,0,0,0.0,0
0.333,51,0,0.731,,8,0,1,0,0.0,0
0.0832,37,0,0.1225,,7,0,0,0,1.0,0
0.4796,39,0,0.5983,1732.0,10,0,1,0,0.0,0
0.6037,48,0,0.6773,4243.0,7,0,1,0,1.0,1
0.4054,70,0,0.7924,10455.0,7,0,0,0,0.0,0
0.4474,59,0,0.4198,4767.0,8,0,4,0,1.0,0
0.0929,51,0,0.4257,1896.0,6,0,0,0,0.0,0
0.0659,48,0,0.2728,4121.0,8,0,2,0,2.0,0
1.0726,36,0,0.5934,4074.0,8,0,1,0,1.0,0
0.1237,39,0,0.6254,,9,0,1,0,0.0,0
0.6846,54,0,0.9641,16992.0,11,0,2,0,1.0,0
2.7514,52,0,0.5384,4368.0,3,0,1,0,0.0,0
0.0708,63,0,0.1041,9509.0,7,0,1,0,0.0,0
0.0438,49,1,0.6957,3422.0,4,1,0,1,1.0,0
0.4189,60,0,0.5879,9029.0,8,0,1,0,0.0,0
0.9069,31,0,0.3901,2477.0,14,0,0,0,0.0,0
3.5227,39,0,0.8877,,9,0,0,0,2.0,0
0.2991,56,0,0.4064,15411.0,12,0,2,0,0.0,0
0.8857,52,0,0.0719,,6,0,1,0,0.0,0
0.3696,62,0,1.0108,,6,0,0,0,1.0,0
0.2668,68,0,0.5807,2283.0,3,0,0,0,1.0,0
0.2185,69,0,0.5366,8412.0,9,0,1,0,1.0,0
0.196,74,0,0.9512,,13,0,0,0,0.0,0
0.8895,77,0,0.6362,14327.0,10,0,1,0,0.0,0
0.3394,47,0,0.2268,6944.0,6,0,0,0,0.0,0
0.3044,84,0,0.2954,6997.0,7,0,2,0,0.0,0
1.0681,92,0,0.5298,6549.0,7,0,0,0,0.0,0
0.9705,34,0,0.4851,5056.0,5,0,2,0,1.0,0
0.1852,44,0,1.0035,4812.0,8,0,3,0,1.0,0
1.8668,57,0,0.5468,4411.0,10,0,0,0,0.0,0
0.0307,55,0,0.4953,5183.0,6,0,0,0,2.0,0
0.2563,28,3,0.2627,19325.0,8,0,1,3,0.0,0
2.9486,39,0,0.485,8432.0,8,0,1,0,0.0,0
2.8181,55,0,0.2828,10448.0,7,0,4,0,0.0,0
0.1588,49,0,0.4142,,12,0,1,0,0.0,0
0.5386,61,0,0.7431,4800.0,5,0,0,0,1.0,0
0.1018,79,0,0.1946,7957.0,13,0,0,0,0.0,0
0.7711,35,0,0.8569,14257.0,10,0,1,0,1.0,0
0.5843,84,0,0.7844,3359.0,9,0,1,0,0.0,0
0.3951,78,0,0.4551,11711.0,9,0,2,0,4.0,0
0.6473,28,0,0.8058,6192.0,8,0,1,0,1.0,0
0.5816,35,0,0.1893,12173.0,8,0,1,0,0.0,0
0.2689,46,0,0.5886,3804.0,4,0,0,0,0.0,0
0.7601,39,0,0.2709,3218.0,6,0,1,0,1.0,0
1.09,60,0,0.6644,9457.0,10,0,2,0,0.0,0
0.4079,61,0,0.9085,3920.0,7,0,0,0,1.0,0
0.6753,54,0,0.6629,7568.0,12,0,0,0,1.0,0
0.6338,57,0,0.3313,4193.0,7,0,0,0,0.0,0
0.7774,50,0,0.5423,3368.0,7,0,0,0,0.0,1
0.4626,58,0,0.8124,16547.0,9,0,2,0,0.0,0
0.8404,79,0,0.4137,9829.0,3,0,0,0,0.0,0
0.2316,21,0,0.2929,,12,0,0,0,1.0,0
0.6765,52,0,0.456,2231.0,13,0,0,0,0.0,0
0.3785,59,0,1.4772,3542.0,7,0,2,0,1.0,0
0.075,51,0,0.4187,10451.0,12,0,1,0,1.0,0
0.3408,56,0,1.0609,3204.0,7,0,1,0,0.0,0
0.2165,69,0,0.8836,3794.0,7,0,0,0,0.0,0
0.8303,45,0,0.3679,,14,0,1,0,1.0,0
0.6275,83,0,0.1624,,12,0,1,0,1.0,0
0.1012,31,0,0.8331,2871.0,2,0,0,0,1.0,0
0.3015,61,0,0.5967,7220.0,8,0,3,0,0.0,0
1.7432,52,1,0.4496,,12,0,0,3,0.0,0
5.3333,56,0,1.1511,6170.0,5,0,2,0,0.0,0
0.3809,63,0,0.7334,11342.0,10,0,1,0,2.0,0
0.4614,43,0,0.9336,6797.0,8,0,1,0,2.0,0
0.81,67,0,0.605,2263.0,9,0,2,0,1.0,0
2.1244,80,0,0.1795,8886.0,6,0,2,0,0.0,0
0.6621,48,0,0.5099,10686.0,8,0,0,0,0.0,0
2.4866,45,0,0.5907,2319.0,11,0,0,0,0.0,0
0.4489,70,0,0.8067,11842.0,9,0,0,0,0.0,0
0.2775,66,0,0.4978,,9,0,0,0,0.0,0
0.0798,30,0,0.0248,2974.0,13,0,1,0,0.0,0
1.0506,60,0,0.8655,,9,0,4,0,0.0,0
1.4197,63,0,0.5886,9707.0,6,0,1,0,2.0,0
0.7185,51,0,0.6437,6367.0,11,0,0,0,0.0,0
0.3655,73,0,0.515,6060.0,4,0,2,0,2.0,0
0.4624,30,0,0.622,1132.0,7,0,1,0,0.0,0
0.2915,22,0,0.7013,5328.0,9,0,2,0,0.0,0
0.0317,67,0,0.4345,5815.0,10,0,0,0,1.0,0
0.3796,41,0,0.1871,7362.0,8,0,0,0,1.0,0
0.3645,52,0,0.9074,5028.0,10,0,1,0,1.0,0
0.0997,36,0,0.6322,7125.0,9,0,1,0,2.0,0
0.8287,64,0,0.3056,3646.0,8,0,0,0,1.0,0
0.3068,57,0,0.6598,10130.0,4,0,1,0,0.0,0
0.4454,50,0,0.9435,6945.0,6,0,2,0,1.0,0
0.5675,35,0,0.3399,15044.0,11,0,2,0,1.0,0
0.2184,50,0,0.9401,5433.0,8,0,5,0,1.0,0
0.2789,57,0,0.7692,3773.0,10,0,1,0,0.0,0
4.4722,45,0,0.7899,6924.0,14,0,0,0,1.0,0
1.2483,45,0,0.0716,,12,0,3,0,1.0,0
0.2561,52,0,0.405,6277.0,5,0,3,0,1.0,0
0.084,61,0,0.6336,3500.0,11,0,0,0,2.0,0
0.2794,58,0,0.7332,5034.0,11,0,2,0,0.0,0
0.0654,68,0,0.0215,,11,0,0,0,1.0,0
0.5838,51,0,0.1292,14928.0,8,0,0,0,0.0,0
0.0723,66,0,0.0418,16450.0,9,0,2,0,2.0,0
0.3961,36,0,0.6244,4248.0,10,0,2,0,0.0,0
0.8743,58,1,0.2395,,7,3,1,0,0.0,0
0.2961,57,0,0.073,,10,0,1,0,0.0,0
0.1979,85,0,0.3298,,6,0,1,0,0.0,0
0.1602,43,0,0.6012,2339.0,4,0,0,0,1.0,0
0.8298,35,0,0.4237,15331.0,9,0,2,0,0.0,0
2.6944,41,0,0.3586,3117.0,13,0,1,0,0.0,1
1.4479,43,0,0.5623,3601.0,7,0,5,0,0.0,0
2.6049,58,0,0.6322,7834.0,8,0,0,0,2.0,0
0.0281,34,0,0.4046,11503.0,8,0,1,0,0.0,0
0.3081,57,0,0.9499,2321.0,12,0,2,0,1.0,0
0.0499,52,0,0.3701,5473.0,10,0,2,0,0.0,0
0.2004,65,0,0.3653,,10,0,1,0,2.0,0
0.0068,61,0,0.9634,2488.0,7,0,4,0,1.0,0
1.1948,64,0,0.3283,6794.0,14,0,0,0,0.0,0
0.9798,59,0,0.8514,4178.0,3,0,2,0,0.0,0
0.572,68,0,0.2326,15623.0,7,0,2,0,,0
2.5259,31,0,0.1154,3595.0,8,0,2,0,0.0,0
0.2569,32,0,0.6694,,11,0,1,0,,0
0.3792,52,0,0.4044,4747.0,7,0,0,0,1.0,0
0.2311,53,1,0.3849,3136.0,10,0,0,0,1.0,0
2.6532,38,0,0.5845,9182.0,15,0,0,0,0.0,0
0.5972,60,0,0.2175,6655.0,12,0,1,0,0.0,0
1.7399,34,0,0.1447,2625.0,8,0,0,0,2.0,0
1.1517,48,0,0.4676,4688.0,8,0,1,0,1.0,0
0.1997,52,0,0.828,7492.0,3,0,1,0,0.0,0
0.3809,60,0,0.1439,13109.0,9,0,1,0,0.0,0
0.3728,45,2,0.6569,6486.0,3,1,0,0,1.0,0
2.0009,69,1,0.5248,8199.0,7,0,1,2,,0
0.5552,76,0,0.1674,6201.0,11,0,2,0,3.0,1
0.5502,74,0,0.5772,,8,0,1,0,1.0,0
1.2406,77,0,0.5489,7834.0,8,0,0,0,0.0,0
0.6209,67,0,0.8095,2917.0,9,0,2,0,0.0,0
0.2123,61,0,0.3444,,9,0,1,0,3.0,0
0.2936,42,0,0.1388,11846.0,5,0,1,0,1.0,0
0.1575,44,0,0.0689,9006.0,5,0,1,0,0.0,0
1.0082,65,0,0.8639,4618.0,12,0,0,0,2.0,0
1.3415,27,0,0.5624,16295.0,10,0,1,0,0.0,0
0.4394,71,0,0.599,3402.0,11,0,1,0,3.0,0
0.4175,44,0,0.7514,3622.0,3,0,1,0,3.0,0
0.4663,45,0,0.6044,,8,0,0,0,0.0,0
0.4366,63,0,0.4793,7425.0,6,0,1,0,0.0,0
0.9346,56,0,0.4195,6522.0,4,0,0,0,2.0,0
0.4604,46,1,0.6786,8063.0,12,0,3,0,1.0,0
0.5663,39,0,0.8469,4932.0,5,0,0,0,1.0,0
0.6276,31,0,0.6453,2723.0,9,0,2,0,0.0,1
0.001,22,0,0.6378,2503.0,5,0,1,0,0.0,0
0.1934,72,0,0.4766,24306.0,8,0,1,0,0.0,0
0.6838,49,0,0.4958,,6,0,0,0,2.0,0
0.3234,40,0,0.4829,14521.0,10,0,1,0,1.0,0
1.5017,63,0,0.4232,,7,0,1,0,2.0,0
0.0492,41,0,0.3588,,9,0,1,0,1.0,0
0.6065,41,0,0.206,,4,0,2,0,0.0,0
0.5245,69,0,0.2942,3458.0,8,0,0,0,0.0,0
0.0195,62,0,0.398,,12,0,1,0,1.0,0
0.0696,55,0,0.4094,9106.0,8,0,2,0,2.0,0
0.0949,44,0,0.1384,4526.0,10,0,2,0,1.0,0
0.1156,55,0,0.2744,,11,0,1,0,0.0,0
0.0696,60,0,0.5038,12489.0,9,0,0,0,1.0,0
0.2936,56,2,0.2766,7404.0,4,0,0,2,1.0,0
0.5199,69,0,0.5204,3346.0,12,0,0,0,2.0,1
0.0133,38,0,0.4059,4067.0,10,0,3,0,0.0,0
0.3079,48,0,0.5323,4677.0,5,0,0,0,2.0,0
0.2678,60,0,0.3357,9438.0,7,0,2,0,0.0,0
0.2005,44,0,0.6969,4527.0,7,0,1,0,1.0,0
3.8076,65,0,0.5604,,5,0,1,0,1.0,1
0.0825,71,0,0.6846,,6,0,0,0,0.0,0
0.2356,53,0,0.1873,7836.0,13,0,3,0,2.0,0
0.9587,57,0,0.3099,,8,0,0,0,1.0,0
0.4896,49,0,0.2949,2896.0,7,0,0,0,0.0,1
0.0115,48,0,0.7426,8139.0,5,0,1,0,1.0,0
0.1235,70,0,0.0882,3164.0,4,0,1,0,0.0,0
2.3974,40,0,0.2063,3880.0,6,0,0,0,0.0,0
0.2837,64,0,0.0629,13184.0,11,0,2,0,2.0,0
0.0871,45,0,0.9712,5772.0,12,0,2,0,1.0,0
0.2688,40,0,0.4311,1850.0,4,0,1,0,1.0,0
0.2691,66,0,0.4842,6179.0,13,0,1,0,2.0,0
0.2328,62,0,0.7986,11665.0,7,0,0,0,0.0,0
0.0971,43,0,0.5912,8353.0,10,0,1,0,1.0,0
0.1385,50,0,0.6746,,9,0,2,0,0.0,0
2.7441,50,0,0.6418,,4,0,0,0,1.0,0
2.1107,55,0,0.7799,6876.0,11,0,1,0,1.0,0
0.3578,45,0,0.7256,3447.0,12,1,1,0,1.0,0
0.1896,76,0,0.3851,,2,0,1,0,1.0,0
0.8008,36,0,0.553,8918.0,6,0,0,0,3.0,0
0.086,31,0,0.8028,5011.0,8,0,2,0,0.0,0
0.259,50,0,0.6762,6544.0,5,0,2,0,0.0,0
0.3955,24,0,0.6116,2852.0,7,0,1,0,1.0,0
0.2213,41,0,0.5702,13391.0,10,0,3,0,1.0,0
0.5685,43,0,0.4214,2765.0,3,0,2,0,1.0,0
0.1789,52,2,0.2043,7935.0,5,0,2,0,2.0,0
2.0872,49,0,0.3546,2792.0,6,0,1,2,2.0,0
0.2577,55,0,0.5159,2790.0,8,0,2,0,0.0,0
0.0593,41,0,0.4327,,11,0,1,0,0.0,0
0.04,47,0,0.4844,,11,0,1,0,2.0,0
0.4781,60,0,0.9839,,6,0,4,0,4.0,0
0.6261,21,0,0.1271,2502.0,3,0,0,0,0.0,0
1.0051,58,0,0.7412,6833.0,5,0,2,0,0.0,0
0.1464,22,0,0.6758,,5,0,2,0,0.0,0
0.5463,52,0,0.4192,6945.0,3,0,0,0,1.0,0
0.321,59,0,0.4881,4716.0,8,0,1,0,2.0,0
0.7248,56,0,0.4986,16144.0,8,0,0,0,1.0,0
0.4563,43,0,0.3157,2466.0,8,0,1,0,1.0,0
0.2405,56,0,0.7316,4163.0,10,0,0,0,0.0,0
0.3953,39,0,0.1179,4599.0,12,0,1,0,2.0,0
0.1179,71,0,1.0467,4309.0,14,0,1,0,0.0,0
0.3498,64,0,0.6172,6442.0,8,0,1,0,0.0,0
0.4234,39,0,0.328,7022.0,6,0,1,0,0.0,0
0.0628,71,0,0.4699,,9,0,0,0,1.0,0
3.4894,55,0,0.463,2086.0,4,0,0,0,0.0,0
0.7532,36,0,0.5887,7157.0,4,0,0,0,,0
0.335,68,0,0.2008,2776.0,4,0,0,0,2.0,0
0.1278,75,0,0.2375,10577.0,9,0,1,0,1.0,0
1.7988,48,0,0.271,5165.0,2,0,1,0,2.0,0
0.2679,57,0,0.3341,3272.0,11,0,1,0,1.0,0
1.8917,52,0,0.863,5219.0,6,0,2,0,1.0,0
0.7772,60,0,0.1001,10414.0,7,0,2,0,1.0,0
1.6068,63,0,0.596,8462.0,8,0,2,0,2.0,0
0.4566,66,0,0.0961,4679.0,6,0,1,0,2.0,0
0.8269,26,0,0.4787,5261.0,9,0,1,0,2.0,1
0.381,45,0,0.3939,5004.0,8,0,1,0,0.0,0
0.5519,66,0,0.75,5768.0,8,0,0,0,1.0,0
0.2771,42,0,0.3534,9136.0,9,0,1,0,1.0,0
0.0498,57,0,0.5406,7816.0,7,0,0,0,0.0,0
0.2495,39,0,0.3094,7428.0,7,0,1,0,0.0,0
0.4712,61,0,0.3206,,10,0,0,0,0.0,0
0.0316,53,0,0.5846,9097.0,8,0,0,0,1.0,0
0.2498,60,0,0.5096,9170.0,7,0,0,0,0.0,0
0.3878,58,0,0.3077,5276.0,9,0,0,0,5.0,0
0.2102,32,0,0.5309,,11,0,0,0,1.0,0
0.2306,81,0,0.3043,2321.0,11,0,1,0,0.0,0
3.6406,34,0,0.3692,10707.0,11,0,0,0,0.0,0
1.2059,87,0,0.6263,4654.0,10,0,0,0,2.0,0
0.1975,22,0,0.0551,2428.0,10,0,0,0,1.0,0
1.1275,53,3,0.7584,11136.0,9,0,1,0,1.0,0
0.6577,32,0,0.3518,,5,0,1,0,0.0,0
0.5008,75,0,0.2742,8128.0,10,0,1,0,0.0,0
0.1934,38,0,0.429,3937.0,6,0,0,0,0.0,0
0.5151,37,3,0.275,5020.0,12,0,3,0,1.0,0
0.1891,52,0,0.5093,3657.0,6,0,0,0,2.0,0
0.0822,72,0,0.2185,,4,0,1,0,1.0,0
0.0823,69,0,0.8086,5238.0,7,0,2,0,0.0,0
1.8254,49,0,0.1904,,9,0,4,0,1.0,0
0.7251,48,0,0.2047,3352.0,7,0,0,0,2.0,0
0.388,59,1,0.5513,4019.0,14,0,1,0,1.0,0
0.0817,51,0,0.9553,687.0,7,0,1,0,3.0,0
0.1226,53,0,0.8652,7889.0,9,0,0,0,2.0,0
0.634,50,0,0.3624,,10,0,1,0,0.0,0
0.2304,61,0,0.3938,2999.0,4,0,0,0,2.0,0
0.457,58,0,0.5198,9363.0,10,0,0,0,1.0,0
0.8544,73,2,0.9331,6685.0,6,0,1,0,0.0,0
0.0432,43,0,0.2899,2431.0,5,0,2,0,0.0,0
0.1527,43,0,0.1458,3657.0,9,0,1,0,0.0,0
0.805,51,0,0.3452,4890.0,10,0,1,0,0.0,0
0.1734,49,0,0.2515,14291.0,6,0,0,0,0.0,0
0.2489,64,0,0.318,3480.0,8,0,1,0,1.0,0
0.131,37,0,0.6656,7299.0,8,0,1,0,1.0,0
0.5617,70,0,0.7836,12684.0,9,0,1,0,1.0,0
0.7333,48,0,0.1517,4083.0,5,0,2,0,0.0,0
0.5343,69,0,0.1623,2506.0,9,0,2,0,2.0,0
0.4936,87,0,0.4346,1615.0,5,0,3,0,1.0,1
0.0573,66,0,0.2013,,10,0,1,0,1.0,0
0.0668,61,0,0.7057,,13,0,1,0,0.0,0
0.0902,68,0,0.3934,5262.0,7,0,0,0,0.0,0
1.0849,48,0,0.5556,,7,0,2,0,,0
4.8233,56,2,0.3531,11755.0,14,0,0,0,1.0,0
0.0017,43,0,0.6664,4814.0,3,0,1,0,1.0,0
0.4384,43,0,0.7526,2499.0,9,0,5,0,0.0,0
0.6748,56,0,0.09,1488.0,11,0,2,0,1.0,0
0.009,53,0,0.554,,7,0,3,0,1.0,0
0.7051,58,0,0.045,6448.0,11,0,1,0,0.0,0
5.0986,54,0,0.6808,10599.0,10,0,1,0,2.0,0
3.1342,48,0,0.3848,2707.0,8,0,2,0,0.0,0
0.4801,65,0,0.1089,15681.0,3,0,0,0,1.0,1
0.3879,43,0,0.4028,4128.0,10,0,1,0,0.0,0
0.3629,56,0,0.2802,6002.0,10,0,0,0,0.0,0
2.1842,68,0,0.3686,7860.0,5,0,2,0,1.0,0
0.9065,62,0,0.5935,2081.0,2,0,1,0,0.0,0
0.073,52,0,0.6049,5584.0,13,0,0,0,1.0,0
3.1109,27,0,0.8123,3354.0,11,0,0,0,0.0,1
0.8217,47,0,1.0935,6913.0,8,0,0,0,0.0,0
0.5271,82,0,0.3231,6213.0,7,0,1,0,0.0,0
0.2449,49,0,0.8675,7712.0,6,0,2,0,2.0,0
0.4696,52,0,0.6305,9732.0,8,0,1,0,1.0,0
0.3817,54,0,0.6279,,8,0,1,0,0.0,0
0.0555,58,0,0.0697,,12,0,1,0,1.0,0
0.4616,43,0,0.3043,2080.0,12,0,0,0,0.0,0
0.5188,63,0,0.6281,4160.0,10,0,0,0,0.0,0
0.4113,58,0,0.6256,5778.0,10,0,0,0,1.0,0
1.0827,28,0,0.4551,3359.0,11,0,0,0,2.0,1
0.5473,21,0,0.3948,2651.0,8,0,1,0,0.0,0
3.8511,44,0,0.7505,,8,0,1,0,0.0,0
0.0643,35,0,0.0464,3226.0,5,0,1,0,0.0,0
0.1229,56,0,0.3492,2687.0,5,0,0,0,1.0,0
0.6833,47,0,0.4277,4131.0,11,0,0,1,0.0,0
0.0694,59,0,0.553,3660.0,7,0,2,0,0.0,0
0.531,59,0,0.0079,4465.0,11,0,0,0,1.0,0
0.1718,38,0,0.5008,6479.0,5,0,1,0,0.0,0
0.8214,47,0,1.1701,3148.0,9,0,1,0,0.0,0
0.4466,44,0,0.4823,3416.0,12,0,0,0,1.0,0
0.9965,65,0,0.3883,24678.0,9,0,1,0,0.0,0
0.4326,50,0,0.3721,11010.0,13,0,1,0,,0
0.6469,70,0,0.6997,9291.0,6,0,1,0,0.0,0
0.2466,70,0,0.3152,,5,0,1,0,0.0,0
0.5025,50,0,0.5884,2253.0,11,0,0,0,1.0,0
4.3964,44,0,0.411,3758.0,11,0,0,0,0.0,0
2.4182,40,0,0.7933,8307.0,13,0,0,0,1.0,0
0.4513,62,0,0.2658,9118.0,7,0,2,0,,0
0.4472,51,0,0.9944,4666.0,10,0,1,0,0.0,1
0.5132,42,0,0.1593,4998.0,6,0,2,0,0.0,0
0.2645,65,0,0.5138,,11,0,2,0,0.0,0
0.8225,65,0,0.6084,5127.0,7,0,0,0,1.0,0
0.6636,39,0,0.3874,4158.0,16,0,1,0,1.0,0
0.6091,57,0,1.1869,4999.0,8,0,0,0,,1
0.7536,60,0,0.5901,11551.0,9,0,1,0,1.0,0
0.4025,76,0,0.657,6272.0,4,0,4,0,0.0,0
1.7104,50,0,0.3067,4465.0,11,0,0,0,,0
0.3391,52,0,0.1636,,6,0,1,0,0.0,0
1.1288,61,0,0.1224,2308.0,3,0,0,0,1.0,0
0.1554,70,0,0.6237,2735.0,7,0,1,0,0.0,0
0.1901,58,0,0.6213,5128.0,11,0,2,0,1.0,0
0.5436,55,0,0.3598,12079.0,6,0,0,0,0.0,0
0.5155,44,0,0.5792,,3,0,0,0,3.0,0
5.2513,47,0,0.247,6578.0,9,0,0,0,0.0,0
0.2104,50,0,0.2248,4163.0,6,0,1,0,1.0,0
0.8589,62,2,0.238,1183.0,12,0,0,0,1.0,0
0.0637,58,0,0.1429,,7,0,1,0,2.0,0
0.9459,42,1,0.2906,6765.0,10,0,3,1,0.0,0
0.9253,64,4,0.8207,8705.0,14,1,0,0,2.0,0
0.1568,50,0,1.2756,7725.0,8,0,0,0,0.0,0
0.0345,50,0,0.6781,,6,0,1,0,0.0,0
0.3306,63,0,0.4125,2931.0,10,0,1,0,2.0,0
0.1843,64,0,0.5989,3784.0,4,0,0,0,1.0,0
0.4579,57,0,0.0121,5724.0,10,0,1,0,2.0,0
0.3411,78,0,0.1474,3957.0,8,0,3,0,1.0,0
0.3723,26,0,0.4673,,5,0,0,0,1.0,0
0.4895,66,0,0.5935,,8,0,3,0,2.0,0
0.0167,38,1,0.2265,1832.0,4,0,1,0,0.0,0
1.1824,52,0,0.5112,5458.0,8,0,2,0,0.0,0
0.1827,52,0,0.483,6512.0,6,0,3,0,0.0,0
0.471,51,0,0.7687,26744.0,11,0,0,0,2.0,0
0.4312,39,0,0.686,11302.0,8,0,0,0,2.0,0
0.0115,33,0,0.923,5136.0,9,0,1,0,0.0,0
3.3669,25,0,0.388,,8,0,0,0,0.0,0
0.1217,49,0,0.393,10458.0,5,0,1,0,0.0,0
0.9416,54,0,1.4,4236.0,7,0,1,0,0.0,1
0.3529,60,0,0.5493,5375.0,9,0,1,0,0.0,0
0.2342,68,0,0.6778,5018.0,8,0,0,0,0.0,0
0.0827,64,0,0.4715,,10,0,1,0,0.0,0
0.1584,66,0,0.8067,10913.0,9,0,2,0,2.0,0
0.507,38,0,0.1702,,14,0,1,0,1.0,0
0.5348,68,0,0.5579,,16,0,0,0,1.0,0
2.2251,57,0,0.501,8491.0,8,0,1,0,0.0,0
0.4301,34,0,0.2871,3557.0,11,0,2,0,0.0,0
0.1685,67,0,0.6414,8013.0,6,0,1,0,1.0,0
0.232,40,0,0.2328,2395.0,5,0,3,0,0.0,0
2.3918,38,0,0.5268,4128.0,8,0,1,0,0.0,0
0.6871,74,0,0.3036,6174.0,11,0,0,0,,0
0.0533,55,0,0.4473,,9,0,1,0,0.0,0
0.0703,38,0,0.432,,8,0,1,0,2.0,0
0.1694,45,0,0.4905,14368.0,14,0,1,0,0.0,0
0.5442,67,0,0.1996,7461.0,6,0,1,0,2.0,0
0.6739,35,0,0.5176,2938.0,10,0,1,0,0.0,0
2.2261,50,0,0.2419,4465.0,13,0,2,0,1.0,0
0.3221,50,0,0.4571,2996.0,10,0,2,0,0.0,0
0.2862,90,0,1.0666,4972.0,9,0,2,0,,0
0.3502,32,0,0.5908,,9,0,0,0,0.0,0
1.7903,32,0,0.3814,2119.0,4,0,0,0,1.0,0
0.6054,44,0,0.5431,5097.0,13,0,1,0,1.0,0
0.3798,43,0,0.2247,8084.0,11,0,1,0,0.0,0
0.2831,53,0,0.4789,6212.0,6,0,3,0,3.0,0
1.562,46,0,0.3542,,10,0,1,0,1.0,1
2.9452,64,0,0.2617,,10,0,0,0,1.0,0
0.0584,53,0,0.4989,,12,0,0,0,1.0,0
1.089,39,0,0.4313,,7,0,1,0,0.0,0
0.7435,49,0,0.4021,2573.0,7,0,1,0,1.0,0
0.3243,48,0,0.8492,8477.0,7,0,1,0,2.0,0
0.1133,68,2,0.8442,7653.0,11,0,2,1,2.0,0
3.8444,64,2,0.2498,1586.0,11,0,0,0,0.0,0
0.2662,62,0,0.3793,4966.0,12,0,0,0,0.0,0
0.8107,42,0,0.335,2018.0,5,0,0,0,0.0,0
0.0439,57,0,0.5121,11863.0,6,0,0,0,0.0,0
2.7614,36,0,0.3467,,10,0,0,0,0.0,0
2.3565,61,0,1.0923,6095.0,7,0,0,0,1.0,0
0.5117,69,0,0.2737,4674.0,7,0,3,0,2.0,0
0.355,23,0,0.5858,6593.0,7,0,1,0,2.0,0
0.0456,51,0,0.418,5381.0,11,0,3,0,1.0,0
0.3557,51,0,0.1766,4500.0,7,0,3,0,0.0,0
0.4867,65,0,0.4753,4345.0,6,0,1,0,2.0,0
1.3398,44,0,0.3334,3828.0,6,0,1,0,0.0,0
1.6137,44,0,0.7639,,16,0,0,0,0.0,0
0.0067,55,0,0.4827,7630.0,2,0,1,0,0.0,0
0.1775,61,0,0.7309,5399.0,11,0,0,0,1.0,0
0.3112,55,0,0.3811,12260.0,8,0,2,0,2.0,0
0.7993,65,0,0.2599,12834.0,6,0,1,0,1.0,0
0.6099,62,0,0.7679,8251.0,5,0,2,0,1.0,0
3.5577,45,0,0.6939,4032.0,11,0,2,0,2.0,0
0.3089,53,0,0.4147,,7,0,0,0,0.0,0
0.5636,60,0,0.4584,5742.0,7,0,2,0,0.0,0
0.3077,41,0,0.5962,21528.0,7,0,1,0,1.0,0
0.5109,43,0,0.6407,4777.0,8,0,2,0,0.0,0
0.4296,32,0,0.5304,4189.0,7,0,1,0,0.0,0
0.1053,69,0,1.1376,7128.0,9,0,0,0,0.0,0
2.3569,83,2,0.4261,,9,1,1,2,0.0,0
0.3614,43,1,0.2252,3808.0,8,0,1,0,1.0,0
0.3967,60,0,0.6623,10358.0,9,0,1,0,2.0,0
0.6393,70,0,0.8751,5391.0,10,0,0,0,2.0,1
8.1815,36,0,0.4674,6047.0,4,0,0,0,,0
2.8188,57,1,0.5969,12463.0,9,0,1,0,0.0,0
0.3767,71,0,0.5949,5666.0,7,0,1,0,0.0,0
0.1897,49,0,0.4206,10553.0,9,0,1,0,0.0,0
0.5209,51,0,0.3212,6826.0,6,0,1,0,1.0,0
0.083,72,0,0.3606,3784.0,9,0,1,0,1.0,0
0.3698,47,1,0.722,11546.0,8,0,2,0,0.0,0
3.1055,44,0,0.3025,,12,0,1,0,1.0,0
1.9468,50,0,0.5828,9183.0,8,0,1,0,0.0,0
0.4554,78,0,0.4181,5478.0,11,0,3,0,1.0,0
0.5131,64,0,0.5209,14065.0,10,0,1,0,1.0,0
0.4192,60,0,0.2394,7178.0,5,0,1,0,2.0,0
0.925,60,1,0.4174,,4,0,2,0,0.0,0
0.6286,37,0,0.0842,,8,0,1,0,1.0,0
6.7212,60,0,1.1541,,4,0,1,0,0.0,1
0.176,47,1,0.303,1627.0,8,1,0,0,3.0,0
4.1518,50,0,0.6641,5902.0,9,0,2,0,2.0,0
0.4876,49,0,0.2871,14500.0,8,0,0,0,0.0,0
5.2513,66,0,0.1067,9290.0,4,0,1,0,1.0,0
0.3981,78,0,0.2901,3213.0,10,0,1,0,1.0,0
0.5743,40,0,0.204,9545.0,7,0,1,0,1.0,0
0.2506,68,0,0.511,8009.0,13,0,3,0,0.0,0
0.0063,51,0,0.5034,18206.0,6,0,1,0,1.0,0
2.4684,64,1,0.5539,,9,0,0,3,1.0,0
3.4262,58,0,0.6956,14653.0,9,0,0,0,1.0,0
1.3273,45,0,0.37,8615.0,7,0,0,0,2.0,0
1.6592,45,0,0.7681,4081.0,12,0,0,0,0.0,0
0.2996,51,0,0.1831,16018.0,7,0,0,0,1.0,0
0.0499,59,0,0.918,5882.0,5,0,0,0,1.0,0
0.5432,60,0,0.2162,9014.0,9,0,3,0,0.0,0
0.0575,95,0,0.6786,8737.0,6,0,1,0,1.0,0
0.2648,61,0,0.7649,,10,0,1,0,1.0,0
0.3173,35,0,0.1179,,3,0,2,0,,0
0.1256,71,0,1.0436,10431.0,4,0,0,0,2.0,0
0.095,62,0,0.5785,,13,0,1,0,0.0,0
0.1661,51,0,0.0608,10184.0,8,0,0,0,0.0,0
0.4901,38,0,1.0029,13020.0,3,0,0,0,0.0,0
0.395,50,0,0.6771,11643.0,10,1,0,1,0.0,0
1.8671,70,0,0.0751,4705.0,10,0,0,0,,0
0.3199,61,0,0.8992,2424.0,7,0,1,0,1.0,0
1.7667,73,0,0.0676,14385.0,15,0,2,0,1.0,1
0.4741,72,0,0.1281,5543.0,9,0,0,0,0.0,0
0.9247,57,0,0.3466,,8,0,1,0,1.0,0
0.0649,21,0,0.2951,13325.0,9,0,3,0,0.0,0
3.4201,41,0,0.324,2969.0,11,2,1,0,0.0,0
0.7385,32,0,0.3309,3532.0,9,0,0,0,2.0,0
0.2451,73,0,0.8606,,5,0,1,0,1.0,0
2.598,61,0,0.5714,2381.0,7,0,1,0,2.0,1
3.4394,51,0,0.1221,2283.0,13,0,3,0,0.0,0
0.0258,46,0,0.2834,5012.0,8,0,1,0,1.0,0
0.3203,69,0,0.9,8179.0,6,0,1,0,2.0,0
0.486,41,0,0.6177,7618.0,14,0,1,0,1.0,0
0.0958,36,0,0.4365,,10,0,2,0,0.0,0
0.4279,34,0,0.5292,5694.0,11,0,2,0,1.0,0
0.3621,55,0,0.2501,2562.0,8,0,0,0,0.0,0
0.2546,42,0,0.5632,19910.0,7,0,4,0,0.0,0
0.6253,68,0,0.3665,16296.0,15,0,2,0,0.0,0
0.341,53,0,0.1757,8369.0,8,0,0,0,0.0,0
0.4854,34,0,0.5669,5286.0,7,0,2,0,0.0,0
0.3195,50,0,0.0978,5297.0,9,0,1,0,3.0,0
0.9077,40,0,0.2864,8043.0,9,0,1,0,0.0,0
2.5084,51,0,0.5544,6925.0,10,0,2,0,0.0,0
1.8491,68,0,0.3948,1303.0,6,0,2,0,1.0,0
0.3511,51,0,0.3548,4157.0,11,0,1,0,0.0,0
0.3076,44,0,0.0262,4362.0,10,0,0,0,1.0,0
1.1435,59,0,0.3901,15163.0,7,0,2,0,1.0,0
0.0788,47,0,0.3931,9741.0,7,0,0,0,0.0,0
0.2803,60,0,0.3951,,7,0,1,0,0.0,0
0.1123,58,2,0.2912,5704.0,8,0,0,1,1.0,0
0.1182,38,0,0.3812,5833.0,6,0,1,0,0.0,0
0.3378,35,0,0.5423,,6,0,0,0,3.0,0
0.6677,48,0,0.3152,,7,0,1,0,1.0,0
0.0793,59,0,0.8956,,6,0,0,0,1.0,0
0.0299,77,0,0.4173,2563.0,9,0,0,0,1.0,0
0.8253,37,0,0.2296,4269.0,11,0,2,0,1.0,0
0.9682,39,0,0.3386,10579.0,9,0,0,0,1.0,0
0.1898,66,0,0.539,4499.0,7,0,2,0,0.0,0
2.5108,55,1,0.9311,,7,0,1,0,1.0,0
0.3552,50,0,0.6402,8815.0,6,0,0,0,1.0,0
0.4407,62,0,0.5371,10883.0,5,0,0,0,0.0,0
0.0299,70,0,0.3507,3010.0,7,0,2,0,0.0,0
2.3818,67,3,0.5904,2417.0,9,0,1,0,2.0,0
0.4966,43,0,0.4085,,10,0,2,0,0.0,0
0.7946,59,0,0.3742,7837.0,4,0,1,0,1.0,0
0.1778,68,0,0.2057,5636.0,15,0,3,0,0.0,0
0.4469,49,0,0.2942,2128.0,6,0,1,0,2.0,0
0.4368,58,0,0.2768,,10,0,1,0,0.0,0
0.0775,44,0,0.8714,13037.0,7,0,0,0,2.0,0
0.5612,39,0,0.7187,6944.0,10,0,1,0,0.0,0
0.0129,58,0,0.6448,4291.0,3,0,1,0,1.0,0
0.2915,66,0,0.5403,3165.0,4,0,1,0,1.0,0
0.9619,63,0,0.4338,,8,0,1,0,1.0,0
0.135,34,0,0.1222,7751.0,6,0,1,0,1.0,0
0.147,71,0,0.6634,,7,0,2,0,1.0,0
0.5426,61,0,0.403,,8,0,0,0,1.0,0
0.6209,69,0,0.4798,12939.0,5,0,1,0,1.0,0
0.3088,40,0,0.0566,13903.0,7,0,2,0,0.0,0
0.7138,65,0,0.6939,,8,0,4,0,0.0,1
0.7311,62,0,1.0211,,9,0,0,0,0.0,0
0.6543,35,1,0.448,14574.0,10,0,0,0,3.0,0
0.0925,59,0,1.2661,4943.0,6,0,1,0,4.0,0
0.5923,38,0,0.6552,14360.0,5,0,4,0,1.0,0
3.79,53,0,0.7555,,5,0,2,0,1.0,0
0.3482,85,0,0.0665,3066.0,3,0,0,0,1.0,0
0.4955,57,1,0.553,13733.0,5,0,0,0,0.0,0
0.6307,51,0,0.8581,13139.0,5,0,2,0,0.0,0
0.1691,32,0,0.1796,4809.0,10,0,2,0,1.0,0
2.9808,57,0,0.4268,6403.0,4,0,5,0,0.0,0
0.2886,51,0,0.0409,3553.0,9,0,2,0,2.0,0
0.3125,25,0,0.4862,18217.0,6,0,2,0,,0
1.7482,38,0,0.1509,,5,0,2,0,1.0,0
2.3916,65,0,0.3763,3299.0,12,0,1,0,,0
0.722,71,0,0.3505,6528.0,4,0,3,0,0.0,0
0.0451,54,0,0.2539,11085.0,6,0,2,0,0.0,0
0.0163,67,0,0.3223,4268.0,7,0,2,0,,0
0.8039,53,0,0.6625,2939.0,13,0,3,0,1.0,0
0.1952,42,0,0.4976,4895.0,4,0,0,0,4.0,0
0.3531,84,0,0.3826,5636.0,5,0,2,0,0.0,0
0.7059,33,0,0.7852,5874.0,9,0,0,0,0.0,0
1.4756,59,0,0.3653,4877.0,6,0,2,0,2.0,0
2.9871,44,0,0.7573,4080.0,10,0,3,0,1.0,0
0.1682,50,1,0.8628,2425.0,4,0,1,1,,0
0.9058,75,1,0.0273,8526.0,5,3,0,0,0.0,0
0.901,54,0,0.3091,6190.0,7,0,1,0,1.0,0
0.905,48,0,1.1934,,8,0,2,0,2.0,0
0.2366,45,0,0.4219,1786.0,5,0,2,0,1.0,0
0.213,61,0,0.3274,4220.0,6,0,1,0,0.0,0
0.0399,40,0,0.9148,10090.0,5,0,0,0,1.0,0
0.0626,54,0,0.0953,,8,0,2,0,2.0,0
0.1072,51,0,0.1036,4322.0,9,0,0,0,1.0,0
0.2576,42,1,0.2552,7799.0,14,2,2,0,1.0,0
1.9233,33,0,0.2231,4428.0,7,0,4,0,2.0,0
0.0348,53,0,0.4665,3400.0,9,0,1,0,0.0,0
0.4927,48,0,0.1636,2958.0,8,0,0,0,1.0,0
0.1875,56,0,0.0896,8551.0,6,0,1,0,1.0,0
0.0711,23,0,0.9151,4952.0,9,0,0,0,1.0,0
0.2751,47,0,0.7894,12423.0,9,0,1,0,0.0,0
0.036,65,0,0.5754,,6,0,0,0,0.0,0
0.5138,30,0,0.1689,11290.0,8,0,0,0,1.0,0
0.1599,79,0,0.6558,8111.0,7,0,0,0,1.0,0
2.4068,58,0,0.5768,3660.0,6,0,2,0,0.0,0
0.2562,51,0,0.792,8360.0,11,0,0,0,0.0,0
0.3311,54,0,0.5041,7190.0,6,0,0,0,1.0,0
0.0087,41,0,0.6371,4406.0,14,0,1,0,0.0,0
0.624,73,0,0.4835,5561.0,6,0,1,0,0.0,0
0.5894,55,0,0.9466,9317.0,16,0,4,0,1.0,0
0.1612,54,0,0.2689,8122.0,11,0,1,0,1.0,0
0.2092,67,0,0.9438,,6,0,1,0,0.0,0
0.2549,58,0,0.0894,,3,0,1,0,2.0,0
0.0445,43,0,0.4134,5905.0,11,0,5,0,,0
0.3575,52,0,0.402,,5,0,2,0,0.0,0
0.0032,61,0,0.7171,3368.0,9,0,2,0,,0
2.6163,54,0,0.6257,1532.0,3,0,2,0,2.0,1
0.2856,34,0,0.3057,4409.0,4,0,1,0,2.0,0
0.4355,73,0,0.1509,6145.0,6,0,0,0,0.0,0
0.3508,55,0,0.5518,10991.0,9,0,0,0,0.0,0
0.3961,47,0,0.1695,3864.0,8,0,0,0,1.0,0
0.327,62,0,0.3989,,6,0,0,0,1.0,0
0.4489,46,0,0.1157,5851.0,12,0,0,0,0.0,0
0.0597,31,0,0.7048,9485.0,13,0,2,0,1.0,0
0.2213,53,0,0.3756,6051.0,7,0,2,0,,0
0.402,62,0,0.1876,4483.0,8,0,2,0,0.0,0
0.7723,49,0,0.7851,3280.0,12,0,0,0,0.0,1
5.0644,50,0,0.6335,3756.0,10,0,0,0,0.0,0
0.2414,50,0,0.3061,3596.0,9,0,0,0,0.0,0
0.9009,51,1,0.6545,7705.0,9,0,0,0,2.0,0
0.2185,55,0,0.8926,20945.0,15,0,2,0,0.0,0
0.5516,64,0,0.7935,,7,0,0,0,1.0,0
0.6155,63,0,0.4508,10080.0,6,0,2,0,0.0,0
0.3109,81,0,0.7772,2311.0,8,0,1,0,1.0,0
2.778,77,0,0.6909,11301.0,7,0,0,0,1.0,0
0.5977,41,0,0.2592,,9,0,0,0,1.0,0
1.1299,50,0,0.3177,4884.0,10,0,1,0,2.0,0
0.1121,63,0,0.6015,5171.0,8,0,0,0,1.0,0
0.3685,28,0,0.2681,2423.0,3,0,3,0,1.0,0
1.2547,57,0,0.3407,,7,0,2,0,0.0,0
0.0725,41,0,1.0136,4271.0,8,0,1,0,1.0,0
6.4968,52,2,0.104,2184.0,10,0,1,1,3.0,1
2.4194,53,0,0.2862,6089.0,10,0,1,0,1.0,0
0.7429,28,0,0.7163,2314.0,8,0,0,0,0.0,0
0.0375,87,0,0.2256,4448.0,7,0,0,0,2.0,0
0.6385,45,1,1.0964,4872.0,13,0,1,0,0.0,0
0.2752,73,0,0.4351,13048.0,10,0,1,0,2.0,0
0.1364,30,0,0.7014,2082.0,7,0,1,0,2.0,0
0.1581,44,0,0.2424,12276.0,12,0,2,0,1.0,0
0.8242,64,0,0.183,7150.0,9,0,0,0,0.0,0
0.6073,49,0,0.2744,3070.0,6,0,1,0,0.0,0
1.0806,64,0,0.5336,9374.0,6,0,0,0,1.0,0
1.3606,61,0,0.3342,8702.0,11,3,0,0,0.0,0
1.0382,41,0,0.5267,,6,0,2,0,2.0,0
0.9466,70,0,0.785,3072.0,4,0,1,0,1.0,0
0.4093,61,0,0.4069,8002.0,9,0,4,0,0.0,0
0.0875,32,0,1.0617,3187.0,9,0,1,0,0.0,0
1.7768,54,0,0.4978,6383.0,9,0,1,0,2.0,0
0.0793,62,0,0.448,5000.0,9,0,1,0,2.0,0
0.0721,51,0,0.9536,6538.0,7,0,2,0,2.0,0
1.5068,53,0,0.7129,5860.0,10,0,0,0,1.0,0
0.9982,59,0,0.2651,4411.0,9,0,2,0,0.0,0
0.5628,30,0,0.51,,5,0,3,0,1.0,1
5.6767,50,0,0.7706,5969.0,9,0,0,0,1.0,0
0.0212,47,0,0.3373,7200.0,14,0,0,0,0.0,0
0.1985,63,0,0.3406,,10,0,2,0,0.0,0
0.4743,45,0,0.2895,3400.0,7,0,0,0,,0
0.271,80,0,0.968,2345.0,9,0,1,0,0.0,0
0.0341,44,0,0.3693,6504.0,7,0,0,0,2.0,0
0.1915,37,0,0.2434,,9,0,2,0,0.0,0
0.289,70,0,0.8534,,9,0,0,0,2.0,0
0.1556,61,0,0.2843,10038.0,9,0,0,0,1.0,0
0.4049,58,0,0.3093,7098.0,7,0,0,0,2.0,0
0.2577,49,0,0.1773,11625.0,6,0,1,0,0.0,0
0.1604,47,0,0.7448,7333.0,5,0,4,0,1.0,0
0.6942,59,0,0.2045,4746.0,14,0,1,0,2.0,0
0.6246,44,0,0.513,3303.0,5,0,2,0,1.0,0
0.173,77,0,0.3665,878.0,7,0,1,0,1.0,0
0.6477,56,0,0.9119,8360.0,9,0,0,0,1.0,0
0.6733,49,0,0.3698,3859.0,4,0,1,0,2.0,0
1.6118,47,0,0.43,9421.0,11,0,2,0,1.0,0
0.2217,35,0,0.7571,,7,0,0,0,1.0,0
0.4964,62,0,0.2021,3218.0,9,0,0,0,0.0,0
0.7108,41,0,0.1623,6610.0,6,1,2,0,1.0,0
0.1464,50,0,0.9365,,9,0,2,0,2.0,0
2.2454,88,0,0.7566,4158.0,8,0,0,0,1.0,1
0.1767,27,0,0.7334,5042.0,10,0,2,0,0.0,0
0.6148,51,0,0.8272,982.0,9,0,0,0,0.0,0
1.0853,33,0,0.114,5533.0,8,0,1,0,0.0,0
2.5767,44,0,0.4033,5952.0,5,0,1,0,1.0,0
0.1155,50,0,0.6814,15350.0,3,0,0,0,2.0,0
0.7924,34,0,0.7779,7153.0,6,0,1,0,0.0,0
0.558,58,0,0.1392,16617.0,9,0,1,0,1.0,0
0.0293,73,0,0.8484,,6,0,2,0,0.0,0
1.4074,57,0,0.339,6841.0,8,0,0,0,1.0,0
1.8233,64,0,0.7926,4915.0,9,0,1,0,2.0,1
3.2174,75,0,0.0938,2887.0,7,0,4,0,0.0,0
1.6967,61,0,0.482,4222.0,8,0,2,0,0.0,0
0.451,21,0,0.5231,,3,0,1,0,1.0,1
0.2737,55,0,0.6783,1823.0,13,0,1,0,2.0,0
0.285,21,0,0.22,2714.0,6,0,0,0,0.0,0
0.0594,42,0,0.1708,3287.0,10,0,0,0,1.0,0
0.3626,31,0,0.3361,9559.0,10,0,0,0,1.0,0
0.6992,56,0,1.2204,,15,0,1,0,0.0,1
3.4665,39,0,0.9397,6171.0,11,0,1,0,0.0,0
0.4267,56,0,0.9981,3487.0,9,0,2,0,0.0,0
0.0951,63,0,1.1881,10431.0,16,0,1,0,3.0,0
0.1528,39,0,0.4065,12251.0,9,0,2,0,1.0,0
0.0052,56,0,0.3414,5214.0,5,0,1,0,,0
0.4254,21,0,0.4668,11463.0,6,0,1,0,4.0,0
2.0395,31,0,0.6033,3458.0,6,0,0,0,1.0,1
0.268,70,0,0.8203,,9,0,2,0,0.0,0
4.8858,40,0,0.3382,2197.0,8,0,0,0,1.0,0
0.5917,45,0,0.936,5249.0,5,0,2,0,,0
1.0039,41,0,0.4338,3658.0,6,0,4,0,0.0,0
0.3973,28,0,0.4296,10334.0,2,0,0,0,2.0,1
10.2179,38,0,0.1332,4288.0,4,1,3,1,1.0,0
0.441,52,0,0.3908,4698.0,4,0,2,0,1.0,0
0.3327,47,0,0.5898,22424.0,11,0,0,0,2.0,0
0.4064,67,0,0.175,5914.0,2,0,0,0,1.0,0
0.052,43,0,0.3552,1866.0,10,0,0,0,2.0,0
0.7532,52,0,0.1109,,11,0,0,0,0.0,0
0.3073,44,0,0.4284,7459.0,9,0,2,0,0.0,0
0.1432,65,0,0.5449,7371.0,7,0,1,0,0.0,0
1.7159,32,3,0.7209,3740.0,4,0,0,0,1.0,0
0.1632,59,0,0.3307,,4,0,2,0,0.0,0
0.0049,58,0,0.6454,6839.0,8,0,2,0,1.0,0
0.1063,41,0,0.3034,,7,0,1,0,0.0,0
2.6604,51,0,0.5443,5736.0,7,0,2,0,1.0,0
1.0454,57,0,0.5883,4545.0,6,0,2,0,1.0,0
0.3242,42,0,0.4264,3566.0,10,0,3,0,1.0,0
0.3873,42,0,0.6004,4149.0,11,0,1,0,,0
0.0675,35,0,0.6187,9017.0,8,0,0,0,1.0,0
0.33,80,0,0.2922,2533.0,7,0,3,0,1.0,0
0.9794,45,0,0.568,20029.0,7,0,3,0,0.0,0
0.0843,35,0,0.5758,2537.0,7,0,1,0,1.0,0
0.2258,27,0,0.6469,,12,0,1,0,0.0,0
4.3843,41,0,0.4382,4665.0,8,0,2,0,2.0,0
0.3522,56,0,0.0641,3271.0,5,0,0,0,1.0,0
0.1494,48,0,0.3589,,12,0,1,0,0.0,0
0.0654,57,0,0.3088,,8,0,1,0,1.0,0
0.0483,62,0,0.0861,,5,0,0,0,0.0,0
0.0439,50,0,0.9081,,5,0,1,0,0.0,0
0.396,50,0,0.401,19167.0,8,0,1,0,2.0,0
0.019,74,0,0.5595,13486.0,5,0,1,0,1.0,0
3.0164,62,0,0.3042,,12,0,0,0,0.0,0
0.491,57,0,0.1797,4203.0,8,0,1,0,0.0,0
0.6582,47,0,0.5892,3015.0,14,0,1,0,0.0,0
0.7224,61,0,0.5304,4729.0,8,0,1,0,3.0,1
0.7782,57,0,0.2884,2698.0,10,0,0,0,3.0,0
0.3009,56,0,0.882,,8,0,0,0,0.0,0
0.6311,62,0,0.8731,,9,0,2,0,0.0,0
0.5234,57,0,1.0075,4461.0,8,0,1,0,0.0,0
0.2698,31,0,0.4468,,8,0,0,0,2.0,0
0.3779,53,0,0.6143,2597.0,10,0,1,0,0.0,0
0.3474,36,0,0.744,4829.0,13,0,0,0,0.0,0
0.082,61,0,0.2013,13620.0,10,0,2,0,0.0,0
0.0028,30,0,0.3356,5295.0,5,0,1,0,1.0,0
0.0418,52,1,0.6838,,5,0,1,0,0.0,0
0.0634,53,0,0.3602,2106.0,10,0,0,0,2.0,0
0.2675,36,0,1.084,5242.0,8,0,1,0,3.0,0
0.6229,51,0,0.8141,4849.0,6,0,1,0,1.0,0
0.0636,63,2,0.4175,5296.0,9,0,2,1,1.0,0
0.1435,44,0,0.6585,23175.0,7,0,1,0,0.0,0
0.4046,56,0,1.1582,3249.0,5,0,0,0,2.0,0
0.2058,59,0,0.6824,7145.0,6,0,0,0,1.0,0
0.2231,37,0,0.8583,3590.0,10,0,1,0,3.0,0
0.5025,53,0,0.9526,,5,0,1,0,0.0,0
0.2181,49,0,0.5618,9499.0,12,0,4,0,1.0,0
0.2181,52,1,0.685,,11,0,3,1,0.0,0
0.1502,30,0,0.1197,3826.0,7,0,1,0,0.0,0
5.0602,32,0,0.3345,,7,0,2,0,0.0,0
0.0808,69,0,0.3894,3560.0,9,0,0,0,1.0,0
0.0689,63,0,0.189,14878.0,7,0,1,0,0.0,0
0.6256,55,0,0.4925,7009.0,7,0,2,0,1.0,0
6.5393,65,0,0.5829,14045.0,6,0,1,0,1.0,0
0.1138,33,0,0.8441,9678.0,7,0,3,0,0.0,0
0.0318,49,0,0.7631,6228.0,13,0,0,0,1.0,0
0.0223,48,0,0.8191,6285.0,8,0,3,0,0.0,0
0.5677,41,0,0.9537,3140.0,3,0,4,0,1.0,0
0.2408,36,0,0.1368,2343.0,7,0,0,0,0.0,0
3.2723,70,0,0.2002,2262.0,7,0,2,0,1.0,1
0.2052,43,0,0.3136,2114.0,6,0,2,0,0.0,0
1.381,58,0,0.9653,,6,0,0,0,1.0,0
0.5346,57,0,0.8422,9909.0,9,0,2,0,3.0,0
1.0176,67,0,0.8019,,7,0,1,0,1.0,0
0.7429,62,0,0.3585,2412.0,7,0,1,0,1.0,0
0.3415,48,0,0.0827,6584.0,9,0,2,0,1.0,0
0.2396,34,0,0.5015,7815.0,10,0,3,0,0.0,0
0.1852,64,0,0.1051,,8,0,1,0,,0
0.0285,69,0,0.7499,,6,0,1,0,0.0,0
0.0426,86,0,0.6105,,7,0,0,0,1.0,0
0.2742,66,0,0.3268,11075.0,8,0,1,0,1.0,0
0.2559,43,0,0.5382,3704.0,9,0,3,0,1.0,0
2.6436,45,0,0.192,5310.0,5,0,3,0,2.0,0
0.1344,23,0,0.9921,4107.0,9,0,0,0,1.0,0
0.5931,41,0,0.3935,3833.0,4,0,1,0,2.0,0
0.0866,34,0,0.2803,5976.0,8,0,3,0,0.0,0
0.1401,60,0,0.3612,5603.0,8,0,1,0,0.0,0
0.9623,65,0,0.1243,7864.0,6,0,0,0,0.0,0
0.4538,84,0,0.2634,7919.0,13,0,2,0,1.0,0
1.6156,95,0,0.6347,5235.0,7,0,0,0,0.0,0
2.3024,55,0,0.4425,,10,0,0,0,1.0,0
0.3056,44,0,0.1006,1609.0,6,0,0,0,2.0,0
0.329,47,0,0.3624,7834.0,12,0,3,0,1.0,0
0.3651,42,0,0.6639,6647.0,11,0,0,0,0.0,0
4.1132,85,0,0.3618,9416.0,8,0,3,0,1.0,0
0.7952,21,0,0.4532,5500.0,9,0,1,0,1.0,0
0.2436,75,0,0.5692,,12,0,2,0,1.0,0
0.6519,39,0,0.8799,5150.0,8,0,1,0,0.0,0
0.2914,47,0,0.3454,9559.0,8,0,2,0,0.0,0
0.1104,21,0,0.7615,4004.0,6,0,1,0,1.0,0
0.4427,67,0,0.1018,7949.0,9,0,1,0,2.0,0
0.1193,63,0,0.552,4070.0,12,0,1,0,2.0,0
0.2931,37,0,0.9699,4916.0,9,0,0,0,0.0,0
0.2241,68,0,0.4913,8729.0,3,0,1,0,2.0,0
0.2022,65,0,0.1754,5671.0,11,0,0,0,2.0,0
3.5748,45,0,0.2573,6863.0,10,0,1,0,0.0,0
0.7007,23,0,0.644,10082.0,9,0,2,0,1.0,0
0.2681,49,0,0.3873,4352.0,10,0,1,0,1.0,0
0.1087,67,0,0.9705,3040.0,8,0,2,0,2.0,0
0.1183,39,0,0.293,10729.0,7,0,0,0,1.0,0
0.6922,67,0,0.3033,5989.0,3,0,0,0,1.0,0
0.0719,40,0,0.2691,4686.0,7,0,1,0,0.0,0
0.321,51,0,0.7517,2673.0,11,0,1,0,1.0,0
0.0722,42,0,0.5527,3232.0,10,0,0,0,0.0,0
0.6123,54,0,0.1725,4241.0,6,0,0,0,1.0,0
0.602,63,0,0.3162,,4,0,0,0,1.0,0
0.1645,75,0,0.7732,2808.0,7,0,2,0,0.0,0
0.0742,55,0,0.5663,10999.0,15,0,1,0,0.0,0
0.4868,30,0,0.4984,4402.0,7,0,0,0,1.0,0
5.884,61,0,0.0827,3125.0,5,0,1,0,2.0,0
0.9145,48,1,0.7053,8829.0,6,0,1,1,0.0,0
0.339,48,0,0.7513,4325.0,9,0,0,0,0.0,0
0.1718,53,0,0.8152,21561.0,9,0,0,0,0.0,0
0.4429,60,0,0.8893,5221.0,11,0,1,0,,0
0.8089,46,0,0.351,8219.0,4,0,0,0,0.0,0
0.3549,60,0,0.4046,8020.0,11,0,1,0,0.0,0
0.3204,58,0,0.5832,9683.0,10,0,1,0,2.0,0
0.5194,60,0,0.3108,7133.0,4,0,0,0,1.0,0
0.0195,64,0,0.4152,5419.0,10,0,1,0,0.0,0
0.039,21,2,1.0177,16717.0,13,0,0,0,2.0,0
0.4213,47,0,0.68,8577.0,8,0,2,0,1.0,0
0.7629,50,0,0.7293,3331.0,7,0,1,0,1.0,0
0.7223,49,0,0.3222,5827.0,7,0,0,0,1.0,0
0.6989,40,1,0.3733,4787.0,5,0,1,0,0.0,0
0.2629,43,0,0.656,2393.0,8,0,1,0,2.0,0
0.8293,59,0,0.7326,3228.0,9,0,3,0,0.0,0
1.7941,58,0,0.8991,,9,0,2,0,0.0,0
0.2828,52,0,0.6326,4798.0,16,0,2,0,0.0,0
0.8813,38,0,0.8209,5258.0,10,0,3,0,1.0,0
1.1185,64,0,0.5221,10577.0,10,0,1,0,0.0,0
0.5215,63,0,0.1985,10260.0,11,0,1,0,1.0,0
0.1435,68,0,0.6767,2815.0,7,0,0,0,0.0,0
0.6769,41,0,0.4622,,10,0,0,0,,0
0.4004,95,0,0.7399,7462.0,6,0,1,0,0.0,0
0.2376,55,0,0.818,2887.0,6,0,0,0,0.0,0
0.2011,41,0,0.5137,3054.0,9,0,0,0,0.0,0
0.2562,85,0,0.309,11009.0,8,0,1,0,0.0,0
0.0933,62,0,0.7274,3821.0,11,0,0,0,0.0,0
0.6399,55,0,0.0886,,11,0,0,0,0.0,1
0.3232,57,0,0.2951,8250.0,12,0,0,0,1.0,0
0.3105,70,0,0.1034,7768.0,5,0,0,0,1.0,0
0.6188,56,3,0.2018,,4,0,2,0,2.0,0
0.0018,28,0,0.0492,5706.0,12,0,2,0,0.0,0
0.4831,52,0,0.5234,9267.0,5,0,0,0,2.0,0
0.0923,65,0,0.6103,5557.0,9,0,0,0,2.0,0
0.2516,51,0,0.6344,,7,0,0,0,2.0,0
0.1884,38,0,0.7327,3369.0,8,0,1,0,3.0,0
2.93,51,0,0.5405,3566.0,13,0,4,0,2.0,0
0.702,64,0,0.6827,8421.0,4,0,1,0,2.0,0
0.6896,70,0,0.6115,4636.0,8,0,2,0,1.0,0
0.154,36,0,0.3739,3918.0,8,0,1,0,0.0,0
0.4753,36,0,1.1391,1317.0,5,0,1,0,0.0,0
0.2669,51,0,0.515,3545.0,7,0,0,0,1.0,0
1.5567,42,1,0.524,4287.0,4,0,1,0,1.0,0
0.482,44,0,0.2058,4632.0,12,0,2,0,0.0,0
0.2353,48,0,0.5341,5103.0,10,0,0,0,2.0,0
0.4019,63,0,0.5545,5645.0,8,0,4,0,0.0,0
0.5433,40,2,1.0977,11867.0,5,0,0,0,,0
0.1926,36,0,0.3897,5161.0,3,0,1,0,,0
0.2835,42,0,0.277,2220.0,9,0,0,0,0.0,0
0.2693,31,0,0.594,4090.0,8,0,0,0,1.0,1
1.863,53,0,0.4889,7383.0,7,0,1,0,0.0,0
2.7588,54,0,0.2015,1440.0,9,0,0,0,0.0,0
0.0197,66,0,0.373,7425.0,9,0,1,0,1.0,0
0.1521,37,0,0.544,9627.0,7,0,1,0,3.0,0
0.7256,54,0,0.5782,3255.0,5,0,0,0,1.0,0
0.9451,57,0,0.8688,4914.0,9,0,1,0,1.0,0
0.7713,30,0,0.8411,,9,0,0,0,,0
2.0827,55,0,0.2495,6404.0,9,0,1,0,2.0,0
0.1331,56,0,0.2377,3042.0,16,0,2,0,0.0,0
0.5231,50,0,1.0073,9753.0,7,0,1,0,0.0,0
0.338,34,0,0.3804,8323.0,6,0,2,0,0.0,0
1.1277,51,0,0.3664,5369.0,3,0,0,0,1.0,0
0.2962,25,0,0.5172,3570.0,10,0,1,0,0.0,0
0.763,57,0,0.2119,2060.0,5,0,0,0,0.0,0
1.3998,62,0,0.6484,3623.0,9,0,2,0,2.0,0
0.6364,49,0,0.612,,11,0,0,0,1.0,0
0.6394,70,0,0.1858,7878.0,5,0,0,0,1.0,0
0.4426,42,0,0.8396,4949.0,11,0,0,0,2.0,0
0.6653,42,0,0.681,8263.0,9,0,0,0,0.0,0
0.2008,48,0,0.4739,2925.0,3,0,3,0,0.0,0
0.0907,84,0,0.1936,3371.0,9,0,1,0,2.0,0
8.0238,48,0,0.646,6339.0,11,0,0,0,1.0,0
1.1394,82,0,0.0215,8634.0,8,0,1,0,1.0,0
0.2209,51,0,0.278,8524.0,8,0,0,0,0.0,0
0.1847,41,0,0.3965,10443.0,6,0,2,0,2.0,0
0.0679,79,0,0.621,3773.0,6,0,1,0,1.0,0
5.6273,55,1,0.8033,2143.0,7,0,2,0,0.0,0
0.682,48,0,0.128,8658.0,11,0,2,0,0.0,0
0.5732,64,0,0.8062,9313.0,6,0,3,0,1.0,0
0.2088,69,0,0.1745,5455.0,5,0,0,0,2.0,0
0.3373,44,0,0.2031,3103.0,14,0,1,0,0.0,0
0.0159,65,2,0.9011,5792.0,8,0,1,0,1.0,0
1.9579,49,0,0.5577,8537.0,8,0,0,0,0.0,0
3.2547,38,0,0.8318,2034.0,5,0,1,0,4.0,1
0.6098,42,0,0.3477,,8,0,0,0,0.0,0
0.2439,36,0,0.5812,,7,0,3,0,1.0,0
0.3524,53,0,0.0889,,8,0,0,0,0.0,0
0.04,53,0,0.1857,5842.0,11,0,1,0,0.0,0
0.1041,68,0,0.4768,2601.0,11,0,0,0,1.0,0
0.2961,64,0,0.1048,,15,0,1,0,0.0,0
0.2364,46,0,0.226,8687.0,10,0,1,0,1.0,0
0.265,49,2,0.1495,8113.0,12,0,1,0,0.0,1
0.3041,43,0,0.2218,4960.0,6,0,0,0,0.0,0
0.5382,54,0,0.7224,8349.0,12,0,2,0,0.0,0
0.4838,49,0,0.502,,8,0,4,0,0.0,0
2.6492,53,0,0.3394,7212.0,6,0,1,0,0.0,0
0.3195,72,0,0.5181,3678.0,9,0,0,0,1.0,0
0.7511,73,0,0.4315,4026.0,6,0,1,0,1.0,0
0.2772,43,0,0.4257,16795.0,11,0,1,0,1.0,0
0.1201,63,0,0.2514,4742.0,8,0,2,0,2.0,0
0.4122,61,1,0.6167,,8,1,3,0,0.0,0
0.4926,44,0,0.1407,34552.0,6,0,0,0,1.0,0
0.7207,72,0,0.0554,1088.0,11,0,3,0,1.0,0
1.2128,31,0,0.3999,16075.0,5,0,1,0,0.0,0
0.2092,67,0,0.1347,5847.0,8,0,1,0,0.0,0
3.709,50,0,1.0119,13414.0,9,0,1,0,2.0,0
0.2243,37,0,0.2265,10854.0,13,0,0,0,0.0,0
0.692,49,0,0.1045,,8,0,2,0,1.0,0
0.0239,78,0,0.5929,1793.0,11,0,2,0,0.0,0
0.6318,87,0,0.2606,6566.0,10,0,1,0,1.0,0
0.5038,41,0,0.489,5081.0,9,0,1,0,1.0,0
0.3065,51,0,0.7555,3858.0,10,0,1,0,1.0,0
2.1308,49,1,0.5968,5762.0,7,2,0,1,2.0,0
0.1646,52,0,0.022,8566.0,8,0,3,0,0.0,0
0.2348,75,0,0.2445,,9,0,0,0,1.0,0
0.3382,47,1,0.1453,,9,0,0,1,2.0,0
0.4171,41,0,0.3756,7091.0,13,0,1,0,3.0,0
0.0148,46,0,0.6809,2791.0,9,0,4,0,1.0,0
0.4473,49,0,0.8136,8283.0,11,0,0,0,1.0,0
0.4933,63,2,0.634,12131.0,17,0,3,0,,0
0.4797,54,0,0.4054,16432.0,6,0,2,0,1.0,0
0.7047,61,0,0.5816,10592.0,11,0,2,0,0.0,0
0.4462,67,0,0.3849,2074.0,9,0,0,0,2.0,0
0.3222,48,0,0.7094,4745.0,7,0,2,0,2.0,0
0.1799,51,0,0.2006,3896.0,7,0,0,0,3.0,0
0.7435,59,0,0.0989,17535.0,9,0,2,0,0.0,0
0.4946,43,0,0.614,17089.0,12,0,1,0,0.0,0
0.0408,53,0,0.3973,3193.0,10,0,0,0,0.0,0
0.0624,67,0,0.5993,,11,0,0,0,0.0,0
0.272,54,0,0.3837,9852.0,9,0,2,0,1.0,0
0.1206,70,0,0.9942,8005.0,8,0,1,0,1.0,0
1.5007,39,0,0.4681,3069.0,1,0,1,0,3.0,0
0.7029,57,2,0.679,,5,2,1,0,0.0,0
0.1096,60,0,0.872,3441.0,9,0,1,0,1.0,0
0.0465,56,0,0.5907,11035.0,9,0,2,0,0.0,0
0.2586,48,0,0.9615,,5,0,0,0,1.0,0
0.8565,32,0,0.3632,,10,0,1,0,1.0,0
0.9384,68,0,0.7198,10098.0,5,0,0,0,0.0,0
1.0065,32,0,0.445,7903.0,6,0,2,0,0.0,0
0.1139,33,1,0.804,7411.0,7,0,0,3,0.0,0
0.32,60,0,0.388,8783.0,9,0,0,0,0.0,0
1.0817,47,0,0.0988,,11,0,1,0,1.0,0
0.208,54,0,0.7681,1663.0,5,0,1,0,1.0,0
0.2913,34,0,0.8478,,7,0,2,0,0.0,0
0.1138,56,0,0.5134,12899.0,4,0,1,0,2.0,0
0.0523,64,0,0.8878,5891.0,9,0,1,0,2.0,0
0.3565,30,0,0.5142,4147.0,2,0,0,0,1.0,0
0.199,56,0,0.1141,5850.0,7,0,1,0,1.0,0
0.2605,65,0,0.4618,5919.0,0,0,3,0,0.0,0
0.9683,33,0,0.9768,,11,0,3,0,1.0,0
0.5481,54,0,0.097,1174.0,8,0,0,0,0.0,0
0.932,53,0,0.1094,3767.0,6,0,1,0,1.0,0
1.277,57,0,0.1803,9883.0,8,0,1,0,1.0,0
0.7618,48,0,0.5441,16740.0,10,0,3,0,0.0,0
0.4121,32,0,0.5608,10547.0,7,0,1,0,4.0,0
0.5428,46,0,0.1613,5995.0,11,0,0,0,1.0,0
3.4353,44,0,0.242,8181.0,9,0,2,0,1.0,0
0.0451,51,0,0.6382,5132.0,9,0,0,0,0.0,0
0.3527,69,0,0.2802,13802.0,4,0,3,0,0.0,1
0.2808,31,0,0.4855,,4,0,0,0,0.0,0
2.5635,65,0,0.7784,21451.0,11,0,0,0,0.0,0
0.4659,77,0,0.322,3705.0,7,0,0,0,0.0,1
0.5862,76,0,0.1784,4078.0,8,0,0,0,2.0,0
0.6583,77,0,0.4546,,4,0,0,0,2.0,0
0.32,55,0,1.0364,,11,0,1,0,2.0,0
0.5057,53,0,0.4966,2902.0,12,0,1,0,,0
0.1062,27,0,0.6221,5783.0,3,0,1,0,0.0,0
0.6886,49,0,0.4411,2689.0,8,0,0,0,3.0,0
0.0191,68,0,0.1179,4577.0,9,0,1,0,1.0,0
0.0823,32,0,0.8987,2686.0,7,0,0,0,1.0,0
4.1018,40,0,0.2025,1993.0,9,0,1,0,1.0,0
1.6626,54,1,0.2885,,8,0,1,0,0.0,0
0.3773,29,0,0.1935,2355.0,15,0,0,0,1.0,0
0.2082,78,0,0.3672,9010.0,10,0,0,0,0.0,0
0.5504,60,0,1.1226,13773.0,6,0,1,0,1.0,0
0.422,57,0,0.8921,3931.0,8,0,1,0,1.0,0
0.2402,63,0,0.3275,4853.0,10,0,2,0,0.0,0
0.4776,47,0,0.4254,3099.0,8,0,0,0,2.0,0
1.4052,56,1,0.6644,4102.0,17,0,1,0,3.0,0
1.0042,38,0,0.6378,2175.0,9,0,1,0,1.0,0
1.7477,21,2,0.4578,2231.0,8,1,2,0,1.0,0
0.3647,52,0,0.3093,8254.0,4,0,0,0,1.0,0
4.108,74,0,0.7486,18282.0,6,0,0,0,1.0,0
2.1132,75,0,0.2164,6905.0,8,0,2,0,0.0,0
0.8911,49,0,0.2714,4435.0,11,0,0,0,0.0,0
0.4697,48,0,0.5842,10160.0,10,0,1,0,0.0,0
0.5822,30,0,0.5213,5436.0,10,0,0,0,1.0,0
0.7006,67,0,0.5665,,8,0,1,0,0.0,0
0.7615,58,0,0.5659,6384.0,7,0,1,0,0.0,0
0.9192,49,0,0.1619,23895.0,5,0,1,0,1.0,0
2.7857,24,0,0.4929,,7,0,1,0,0.0,1
0.2785,27,0,0.3223,,9,0,1,0,1.0,0
0.7274,54,0,0.3257,6113.0,10,0,0,0,2.0,0
0.2161,30,0,0.6648,6329.0,4,0,0,0,0.0,0
0.4497,60,0,0.3119,13386.0,5,0,1,0,0.0,0
1.5785,60,0,0.6953,,12,0,1,0,0.0,0
0.4965,34,0,0.2547,3348.0,11,0,2,0,0.0,0
0.3807,53,0,0.4879,3910.0,9,0,1,0,1.0,0
0.3828,39,0,0.2545,2949.0,5,0,2,0,0.0,0
0.3235,65,0,0.5379,,9,0,0,0,0.0,0
0.2804,95,0,0.6297,2718.0,12,0,2,0,0.0,0
0.1549,50,0,0.5857,4477.0,3,0,0,0,1.0,0
0.3225,73,0,0.1304,,11,0,3,0,1.0,0
2.1996,66,0,0.3059,5157.0,7,0,3,0,0.0,0
0.0439,51,0,0.1437,,10,0,1,0,1.0,0
0.6575,59,0,0.2114,6621.0,10,0,0,0,0.0,0
4.1942,34,0,0.8153,8215.0,10,0,0,0,1.0,0
3.0263,54,0,0.305,14017.0,12,0,0,0,0.0,0
0.7258,48,0,0.8666,9590.0,7,0,0,0,,0
0.2786,71,0,0.2305,4666.0,6,0,0,0,0.0,0
0.642,43,0,0.2899,4048.0,6,0,0,0,1.0,0
0.0948,37,0,1.0247,9831.0,9,0,1,0,0.0,0
0.329,38,0,0.2071,,6,0,1,0,0.0,0
0.1425,64,0,0.1526,6625.0,11,0,1,0,2.0,0
0.5491,49,0,0.8232,6209.0,9,0,3,0,0.0,0
0.1586,28,0,0.4816,11078.0,7,0,2,0,0.0,0
0.5738,66,0,0.1512,4222.0,4,0,1,0,,0
0.4402,31,0,0.2662,4998.0,11,0,1,0,0.0,0
0.2255,44,0,0.3932,3151.0,5,0,2,0,0.0,0
0.4395,49,0,0.2256,3770.0,6,0,2,0,0.0,0
0.7237,37,0,0.5423,5292.0,7,0,0,0,0.0,0
0.1045,28,0,0.6089,4382.0,5,0,2,0,2.0,0
0.168,63,0,0.2565,11080.0,12,0,2,0,0.0,0
1.4664,61,2,0.7277,,8,0,0,1,2.0,0
0.2253,53,0,0.1737,6513.0,12,0,1,0,1.0,0
1.2911,57,0,0.7315,3713.0,10,0,1,0,1.0,0
0.6304,28,0,0.7724,4731.0,6,0,1,0,0.0,0
0.5787,59,0,0.1254,4895.0,11,0,0,0,1.0,0
0.2146,58,0,0.2376,6096.0,13,0,1,0,1.0,0
0.7208,58,0,0.4151,10259.0,7,0,0,0,0.0,0
0.1687,58,0,1.139,2815.0,10,0,0,0,1.0,0
0.5924,66,0,0.4523,8214.0,10,0,0,0,3.0,1
0.3673,50,0,0.9474,19999.0,7,0,2,0,1.0,0
0.0571,53,0,0.7794,2729.0,8,0,0,0,0.0,0
0.2044,33,0,0.1032,10014.0,7,0,0,0,1.0,0
0.21,62,0,0.1805,4041.0,8,0,1,0,2.0,0
0.0819,43,0,0.2605,3788.0,4,0,2,0,0.0,0
0.2524,44,0,0.6506,4912.0,12,0,1,0,2.0,0
0.7373,46,0,0.3396,4435.0,5,0,1,0,2.0,0
0.5044,37,0,0.7703,2459.0,5,0,4,0,3.0,0
0.2063,51,0,0.4746,2745.0,10,0,2,0,1.0,0
0.7083,64,0,0.4331,8197.0,6,0,0,0,0.0,0
0.4062,36,0,0.2517,5831.0,12,0,0,0,1.0,0
4.5654,52,0,0.4031,3079.0,10,0,2,0,0.0,0
0.302,61,0,0.0812,,6,0,0,0,1.0,0
0.8925,21,0,0.4622,3711.0,9,0,1,0,1.0,1
0.4592,78,0,0.4556,,5,0,1,0,1.0,0
0.143,46,0,0.8716,8691.0,10,0,1,0,1.0,0
0.2712,39,0,0.2905,,10,0,1,0,1.0,0
0.5487,53,0,0.2863,,8,0,3,0,2.0,0
0.3297,43,0,0.7255,6778.0,14,0,0,0,0.0,0
0.5282,51,0,0.477,3397.0,11,0,0,0,0.0,0
0.1532,42,0,0.6295,,4,0,2,0,0.0,0
0.4779,68,0,0.4122,3528.0,7,0,0,0,1.0,0
0.0549,90,0,0.2172,5572.0,5,0,1,0,2.0,0
0.0048,62,0,0.816,8562.0,14,0,2,0,0.0,0
6.0818,55,0,1.0983,4310.0,6,0,0,0,1.0,0
0.0148,44,0,0.4076,7848.0,10,0,1,0,3.0,0
0.8815,67,0,0.6507,4654.0,4,0,3,0,0.0,0
0.2155,41,0,0.5195,14430.0,8,0,1,0,0.0,0
0.1815,56,0,0.7984,10184.0,11,0,2,0,0.0,0
0.433,45,0,0.1993,6551.0,4,0,0,0,0.0,0
0.2008,34,0,0.1138,4288.0,7,0,1,0,2.0,0
0.2527,49,0,0.1626,5902.0,4,0,0,0,0.0,0
0.1489,38,0,0.3755,9091.0,13,0,1,0,1.0,0
0.3758,73,0,0.3152,,10,0,2,0,1.0,0
0.2187,41,0,0.533,1796.0,7,0,0,0,0.0,0
0.0957,50,0,0.1708,4224.0,11,0,1,0,1.0,0
0.2462,43,0,0.3597,,5,0,1,0,0.0,0
0.7371,35,0,0.4138,,7,0,2,0,1.0,0
0.2233,62,0,0.3865,4897.0,7,0,0,0,,0
2.8886,51,0,0.1446,,7,0,0,0,1.0,0
0.284,85,0,0.3688,3704.0,12,0,0,0,1.0,0
0.3354,67,0,0.3206,11004.0,6,0,0,0,0.0,0
0.0341,53,0,0.4417,,7,0,0,0,1.0,0
0.2221,57,0,0.5072,10173.0,11,0,0,0,0.0,0
0.4723,51,0,0.1798,6137.0,5,0,2,0,1.0,0
0.6962,38,1,0.3671,4218.0,3,0,1,0,2.0,0
0.1682,32,0,0.2428,,8,0,1,0,1.0,0
0.5584,37,0,0.4894,2945.0,5,0,1,0,0.0,0
0.3477,71,0,0.8018,11278.0,10,0,1,0,0.0,0
0.0081,56,0,0.2723,21906.0,10,0,1,0,0.0,0
0.4944,60,0,0.5684,3052.0,6,0,2,0,1.0,0
1.4718,63,0,0.1336,7425.0,10,0,0,0,1.0,0
0.2957,49,0,0.2153,11178.0,12,0,3,0,1.0,0
0.0367,44,0,0.38,2000.0,7,0,1,0,2.0,0
0.0649,80,0,0.2093,4993.0,9,0,0,0,0.0,0
2.951,59,0,0.3154,7057.0,5,0,2,0,0.0,0
4.5391,29,0,0.4775,6243.0,7,0,2,0,0.0,0
0.9807,27,1,0.7935,3011.0,4,0,1,2,0.0,0
0.5039,63,0,0.871,11536.0,6,0,5,0,0.0,0
3.6116,40,0,0.5018,5764.0,11,0,1,0,0.0,0
1.082,50,0,0.7447,,13,0,0,0,1.0,0
0.2394,21,0,0.167,,9,0,1,0,,0
0.4597,46,0,0.6304,,8,0,0,0,1.0,1
0.016,65,0,0.3336,9478.0,5,0,1,0,1.0,0
0.4,45,0,0.3784,11834.0,3,0,1,0,1.0,0
0.5096,36,0,0.7174,,7,0,1,0,0.0,1
0.2442,49,0,0.1786,7147.0,7,0,0,0,1.0,0
1.8742,52,0,0.217,5408.0,10,0,2,0,0.0,0
2.2758,47,0,0.5719,8514.0,10,0,2,1,0.0,0
0.0351,30,0,1.1618,5122.0,7,0,0,0,0.0,0
0.1921,58,0,0.5375,4877.0,10,0,0,0,1.0,0
0.4921,44,0,1.016,6094.0,6,0,1,0,0.0,0
0.0612,54,0,0.7573,10596.0,4,0,0,0,1.0,0
0.0817,38,0,0.4937,2808.0,6,0,0,0,1.0,0
3.6411,69,0,0.3002,6344.0,9,0,1,0,1.0,0
0.0737,62,0,0.5157,3209.0,11,0,1,0,1.0,0
0.8241,47,0,0.1861,10432.0,12,0,1,0,2.0,0
0.9003,56,0,0.3758,,7,0,1,0,,0
2.3504,75,2,0.1469,5835.0,5,0,0,0,0.0,0
0.4363,68,0,0.1129,5861.0,8,0,0,0,0.0,0
3.3274,73,0,0.0596,,7,0,1,0,0.0,1
2.7217,60,0,0.4668,,4,0,2,0,2.0,0
0.6943,44,0,0.6068,,10,0,1,0,1.0,0
0.3123,60,0,0.1591,,6,0,1,0,2.0,0
3.8298,76,0,0.8122,,4,0,1,0,,0
0.6944,60,0,0.2961,,6,0,2,0,2.0,0
0.1476,40,0,0.2653,2025.0,13,0,2,0,3.0,0
0.8191,53,0,0.0358,6035.0,6,0,0,0,0.0,0
0.7219,63,0,0.0985,11582.0,6,0,1,0,2.0,0
0.0976,54,0,0.2516,,7,0,2,0,0.0,0
0.119,63,0,0.5059,7488.0,13,0,1,0,1.0,0
0.1591,43,0,0.4955,3646.0,6,0,2,0,2.0,0
0.15,49,0,0.4315,6181.0,8,0,0,0,0.0,0
0.1093,57,0,0.4646,7142.0,7,0,4,0,1.0,0
0.0456,57,0,0.4853,6848.0,8,0,1,1,0.0,0
0.2154,43,0,0.2792,7814.0,9,0,1,0,1.0,0
0.3075,21,0,0.4916,,7,0,0,0,1.0,0
0.2819,21,0,0.6729,5263.0,8,0,2,0,2.0,0
0.8096,51,1,0.5679,1910.0,16,0,3,0,2.0,1
1.1931,55,0,0.8154,4000.0,5,0,1,0,2.0,0
0.3,49,1,0.8718,3552.0,3,0,0,0,1.0,0
0.5355,52,0,1.0314,6686.0,13,0,0,0,2.0,0
0.0773,74,0,0.2703,6093.0,10,0,0,0,0.0,0
0.1948,45,0,0.8736,4155.0,6,0,3,0,2.0,0
3.2719,57,0,0.6988,3323.0,12,0,3,0,0.0,0
0.5544,76,0,0.4488,6436.0,8,0,0,0,2.0,0
2.4758,37,0,0.6092,5627.0,10,0,1,0,1.0,0
3.015,77,0,0.7534,10147.0,8,0,0,0,0.0,0
0.8082,66,0,0.93,9440.0,8,0,0,0,1.0,0
0.2197,48,0,0.5444,7997.0,10,0,0,0,1.0,0
1.1049,21,0,0.0883,,11,0,1,0,1.0,1
1.0503,71,0,0.1921,7069.0,8,0,0,0,0.0,0
0.1294,77,0,0.4852,5184.0,10,0,0,0,0.0,0
0.0119,42,0,0.4845,,9,0,2,0,0.0,0
0.8209,78,2,0.2212,,4,0,0,2,2.0,0
3.1321,28,0,0.2508,2304.0,8,0,3,0,1.0,0
0.6994,56,0,0.8413,4428.0,9,0,0,0,2.0,0
0.7943,50,0,0.1023,3074.0,12,0,0,0,0.0,0
0.0971,33,0,0.3677,11964.0,6,0,1,0,0.0,0
0.1069,49,0,0.7311,13762.0,8,0,0,0,0.0,0
0.0602,52,0,0.4855,9101.0,7,0,1,0,2.0,0
0.5564,35,0,0.0646,4840.0,8,0,2,0,0.0,0
0.4907,61,0,0.4436,,10,0,1,0,2.0,0
0.4553,42,0,0.115,3435.0,6,0,0,0,1.0,0
2.3409,47,0,0.6836,,4,0,0,0,0.0,0
0.7616,72,0,0.8759,12170.0,4,0,0,0,1.0,0
0.1693,43,0,0.3077,15128.0,9,0,2,0,1.0,0
0.4165,21,0,0.3347,6514.0,8,0,2,0,1.0,0
0.227,48,0,0.3144,10430.0,13,0,0,0,0.0,0
0.0982,54,0,0.2807,2360.0,7,0,1,0,1.0,0
0.4,49,0,0.2872,,13,0,1,0,2.0,0
0.5725,64,0,0.0486,,7,0,1,0,2.0,0
0.8163,58,0,0.222,3667.0,8,0,0,0,1.0,0
1.533,44,0,0.8215,4986.0,9,0,0,0,1.0,0
0.0349,62,0,0.8491,6209.0,9,0,2,0,0.0,0
0.0827,58,0,1.3469,8110.0,10,0,1,0,1.0,0
1.5681,58,0,0.1872,5794.0,6,0,4,0,2.0,0
0.7383,50,2,0.7904,6024.0,6,0,0,1,1.0,0
0.2217,56,0,0.4517,,8,0,1,0,1.0,0
0.0141,54,0,0.138,,15,0,0,0,1.0,0
0.3467,48,0,0.0372,,7,0,0,0,0.0,0
0.2323,59,0,0.0998,5630.0,7,0,3,0,2.0,0
0.6029,60,0,0.1954,11842.0,3,0,1,0,0.0,0
0.4674,60,0,0.3002,,8,0,4,0,2.0,0
6.4288,61,0,0.6649,3876.0,14,0,1,0,0.0,0
0.6538,21,0,0.4854,,14,0,0,0,0.0,0
0.3879,65,0,0.1752,8988.0,4,0,0,0,1.0,0
0.1711,39,0,0.6565,2998.0,15,0,0,0,2.0,0
1.7635,68,0,0.2365,3290.0,10,0,0,0,0.0,0
0.0695,33,0,0.3881,3220.0,7,0,0,0,0.0,0
0.0411,74,0,0.2342,4344.0,9,0,1,0,2.0,0
0.1937,21,0,0.2459,2036.0,3,0,0,0,0.0,0
0.6732,57,0,0.4159,,8,0,1,0,0.0,0
0.2623,47,0,0.992,1638.0,7,0,1,0,0.0,0
0.1313,58,0,0.6561,6594.0,9,0,1,0,2.0,0
0.2969,76,0,0.4663,,11,0,2,0,2.0,0
0.0199,55,0,0.6047,4253.0,11,0,0,0,1.0,0
0.361,65,0,1.0497,7305.0,14,0,0,0,0.0,0
2.3246,73,0,0.701,836.0,14,0,1,0,1.0,1
0.6846,43,0,0.1296,15849.0,6,0,2,0,1.0,0
0.3744,57,0,0.9501,,8,0,0,0,1.0,0
3.0611,71,0,0.4205,5002.0,7,0,1,0,0.0,0
0.5539,57,0,0.5218,3368.0,9,0,1,0,0.0,0
4.8341,44,0,0.9829,,7,0,2,0,0.0,0
0.6568,59,0,0.8884,6764.0,8,0,0,0,2.0,0
0.7395,54,0,0.3056,6790.0,7,0,0,0,0.0,0
0.5031,59,3,0.1626,8324.0,5,0,2,0,0.0,0
0.5141,45,0,0.5996,,13,0,1,0,0.0,0
0.2402,55,0,0.3036,2128.0,16,0,0,0,0.0,0
0.6015,50,0,0.4462,3879.0,7,0,1,0,1.0,0
0.2455,45,0,1.081,5499.0,14,0,0,0,0.0,0
0.9121,70,0,0.0884,,11,0,0,0,0.0,0
1.0125,45,0,0.2731,,7,0,0,0,1.0,0
0.0709,41,0,0.3109,,7,0,1,0,2.0,0
0.0481,35,0,0.4736,4247.0,7,0,1,0,1.0,0
0.0447,51,0,0.803,4041.0,9,0,2,0,1.0,0
0.0917,50,0,0.4841,4944.0,7,0,0,0,1.0,0
0.0113,62,0,0.164,4749.0,7,0,1,0,1.0,0
0.1082,35,0,0.4549,4468.0,12,0,2,0,0.0,0
0.0125,28,0,0.9742,,5,0,4,0,1.0,0
0.4648,26,0,0.0916,,9,0,2,0,1.0,0
0.6317,58,0,0.4085,11984.0,5,0,3,0,1.0,0
0.4309,66,0,0.0778,6630.0,12,0,0,0,1.0,0
0.8377,65,0,0.3249,7475.0,2,0,0,0,2.0,0
0.2335,45,0,0.6318,3650.0,10,0,0,0,1.0,0
0.2212,54,0,0.2902,13122.0,8,0,2,0,1.0,1
0.3062,21,0,0.1313,,8,0,1,0,1.0,0
0.0456,75,0,0.6011,,9,0,0,0,1.0,0
1.6335,68,0,0.2602,2751.0,15,0,1,0,2.0,0
0.6077,65,0,0.6501,,8,0,1,0,2.0,1
0.3576,39,0,1.0482,,9,0,1,0,0.0,0
0.1866,47,0,0.134,,10,0,0,0,0.0,0
0.2058,49,0,0.6741,12212.0,4,0,2,0,0.0,0
0.2227,76,0,0.7207,3673.0,7,0,1,0,1.0,0
0.5597,66,0,0.1019,10633.0,12,0,2,0,0.0,0
0.0635,49,0,0.1905,11749.0,8,0,0,0,0.0,0
0.0602,60,0,0.427,5894.0,4,0,0,0,0.0,0
0.2376,39,0,1.0039,3595.0,9,0,2,0,0.0,0
0.3379,33,0,0.2048,11652.0,10,0,0,0,1.0,0
0.2774,51,0,0.7834,5946.0,10,0,2,0,0.0,0
0.0702,36,0,0.5204,2651.0,9,0,2,0,0.0,0
0.1611,28,0,0.134,15881.0,8,0,1,0,1.0,0
0.6107,52,0,0.3841,5458.0,8,0,2,0,0.0,0
0.3469,48,0,0.0584,,4,0,1,0,2.0,0
4.3396,38,0,0.3645,2350.0,9,0,0,0,1.0,0
0.7627,46,0,0.5658,10418.0,11,0,2,0,0.0,0
0.1041,57,0,0.4176,5475.0,11,0,1,0,1.0,0
1.9082,49,4,0.7003,5652.0,6,0,3,0,1.0,0
0.5749,54,0,0.8657,8033.0,12,0,4,1,1.0,0
0.3863,50,0,0.3653,4352.0,11,0,1,0,0.0,0
1.8439,76,0,0.2401,4470.0,10,0,0,0,1.0,0
0.1934,71,0,0.1042,,6,0,0,0,0.0,0
1.1356,54,0,0.8252,,12,0,2,0,0.0,0
0.3485,41,0,0.3793,,10,0,0,0,1.0,0
0.3937,44,0,0.2411,9752.0,6,0,3,0,1.0,0
0.7393,34,0,1.0132,1911.0,14,0,0,0,2.0,1
0.2134,41,0,0.6663,5505.0,0,0,5,0,0.0,0
0.927,61,0,0.4133,,12,0,3,0,1.0,0
0.562,44,0,0.7044,,5,0,2,0,2.0,1
5.3059,50,0,0.2958,,9,0,0,0,1.0,0
0.4027,69,0,0.8917,20455.0,6,0,0,0,0.0,0
0.7949,60,0,0.4205,5419.0,6,0,1,0,2.0,0
1.625,53,0,0.4512,4999.0,10,0,1,0,0.0,0
0.2325,50,0,0.2769,16778.0,5,0,0,0,0.0,0
0.1084,49,0,1.2545,4607.0,11,0,1,0,0.0,0
0.5064,65,0,0.8264,8047.0,6,0,1,0,0.0,0
0.7511,56,0,0.5131,3512.0,8,0,1,0,0.0,0
0.0992,48,0,0.061,18702.0,8,0,0,0,0.0,0
0.9527,34,0,0.3408,3572.0,14,0,1,0,0.0,0
0.1947,59,0,0.4149,5752.0,6,0,1,0,0.0,0
0.6893,57,0,0.277,5126.0,8,0,1,0,1.0,0
8.5662,30,0,0.0601,6934.0,10,0,2,0,3.0,0
0.1164,50,0,0.8523,3924.0,11,0,0,0,0.0,0
0.5297,57,0,0.9274,,9,0,0,0,1.0,0
0.644,48,0,0.21,3629.0,6,0,0,0,0.0,0
1.2537,77,0,0.5302,3576.0,11,0,0,0,0.0,1
0.6474,73,0,0.9302,1830.0,10,0,0,0,0.0,1
0.2778,34,0,0.3504,8940.0,13,0,1,0,2.0,0
0.5809,49,0,0.3631,6204.0,7,0,1,0,1.0,0
6.0521,66,0,0.6979,9602.0,9,0,3,0,1.0,0
0.4271,51,0,0.872,,9,0,0,0,0.0,0
0.1053,62,0,0.4919,8147.0,14,0,0,0,1.0,0
1.9025,43,3,0.4017,3130.0,5,1,0,0,1.0,0
0.8128,30,0,0.8182,3122.0,4,0,0,0,1.0,0
0.5725,62,0,0.7935,5364.0,10,0,0,0,2.0,0
0.2816,47,0,0.3805,4515.0,9,0,2,0,1.0,0
0.9702,88,0,0.4666,4213.0,9,0,0,0,0.0,0
0.7884,65,0,0.2366,6735.0,6,0,1,0,1.0,0
1.9136,37,0,0.47,5672.0,6,0,0,0,0.0,0
0.3349,61,0,0.8109,8233.0,6,0,3,0,1.0,0
0.0131,51,0,0.8193,,9,0,3,0,0.0,0
0.4484,59,0,0.6611,,8,0,3,0,5.0,1
0.2316,42,0,0.4892,,6,0,1,0,2.0,0
0.1998,56,0,0.6745,4809.0,8,0,1,0,2.0,0
0.2893,67,0,0.2247,2028.0,4,0,1,0,0.0,0
0.192,64,0,0.4529,7069.0,8,0,1,0,,0
0.4751,67,0,1.0937,12822.0,6,0,0,0,1.0,0
0.7223,95,0,0.1837,17458.0,9,0,0,0,0.0,0
0.5911,45,0,0.3987,4732.0,10,0,0,0,3.0,0
1.0072,77,0,0.1147,5738.0,9,0,1,0,1.0,0
0.8372,56,0,0.1181,6432.0,13,0,2,0,0.0,0
0.3585,47,0,0.261,10728.0,12,0,0,0,1.0,0
0.3119,52,0,0.0728,3993.0,11,0,1,0,3.0,0
3.2071,65,0,0.5837,,7,0,1,0,0.0,0
0.2199,47,0,0.3179,2535.0,10,0,3,0,0.0,0
0.766,25,0,0.7858,,2,0,3,0,3.0,0
0.0448,64,0,0.1447,7779.0,12,0,1,0,1.0,0
0.5842,55,0,0.2017,,10,0,0,0,1.0,0
0.3601,45,0,0.3452,7753.0,2,0,1,0,2.0,0
2.6489,34,0,0.6803,7465.0,7,0,2,0,2.0,0
0.4559,58,0,0.6409,12660.0,13,0,1,0,0.0,0
0.1511,70,0,0.3951,5230.0,3,0,1,0,0.0,0
0.2514,39,0,0.5857,2446.0,6,0,0,0,1.0,0
1.6703,56,2,0.6297,5723.0,10,0,0,0,0.0,0
0.267,83,0,0.4699,6177.0,11,0,0,0,0.0,0
0.2463,65,0,0.7887,2427.0,8,0,1,0,1.0,0
0.2532,52,0,0.0487,10208.0,10,0,1,0,0.0,0
0.7683,51,0,0.1158,5495.0,6,0,1,0,0.0,0
0.3941,45,0,0.2628,14792.0,3,0,1,0,2.0,0
0.4478,53,0,0.2406,,10,0,0,0,1.0,0
6.9037,46,0,0.4275,13253.0,9,0,1,0,1.0,0
2.6476,48,1,0.7061,,6,0,2,1,1.0,0
0.1215,51,0,0.1022,3165.0,14,0,2,0,0.0,0
0.5171,30,0,0.5013,4413.0,11,0,0,0,2.0,0
0.2121,50,0,0.5059,40785.0,5,0,2,0,0.0,0
0.1179,90,0,0.7349,,11,0,0,0,1.0,0
0.3887,33,0,0.1596,5385.0,11,0,3,0,2.0,0
0.3518,74,0,0.2978,,7,0,1,0,0.0,0
0.0534,67,0,0.4874,3969.0,8,0,1,0,1.0,0
1.0802,62,0,0.1721,1994.0,13,0,1,0,1.0,0
0.3946,45,0,0.4544,9308.0,7,0,1,0,3.0,0
0.3698,66,0,0.0927,,13,0,2,0,0.0,0
0.4917,79,0,0.5588,7553.0,4,0,0,0,2.0,0
1.1815,68,1,0.8922,5255.0,7,0,1,1,1.0,0
0.0451,57,0,0.8026,5632.0,4,0,2,0,0.0,0
0.3912,54,0,0.3043,5751.0,10,0,2,0,2.0,0
0.5669,44,0,0.5998,,12,0,0,0,,0
0.7325,55,0,0.378,,8,0,0,0,2.0,0
0.0296,61,0,0.5758,3746.0,5,0,1,0,0.0,0
0.0459,54,0,0.5839,,8,0,0,0,1.0,0
0.0092,52,0,0.8316,7608.0,6,0,0,0,0.0,0
0.8523,53,1,0.5059,7951.0,3,0,1,2,0.0,0
0.5275,79,0,0.527,10293.0,12,0,2,0,0.0,0
0.9767,56,0,0.1879,8489.0,8,0,2,0,2.0,0
0.1332,56,0,0.2896,7679.0,6,0,0,0,0.0,0
0.6901,21,0,0.3643,5514.0,5,0,1,0,1.0,1
0.6186,67,0,0.2192,4109.0,9,0,2,0,2.0,0
1.2256,62,0,1.0242,7663.0,9,0,2,0,0.0,0
1.7872,61,0,0.2369,2287.0,8,0,1,0,0.0,0
1.3639,62,0,0.6165,3384.0,13,0,1,0,2.0,1
0.6943,40,0,0.2478,,11,0,1,0,1.0,0
0.5492,49,0,0.2769,4360.0,7,0,1,0,0.0,0
0.4693,78,0,0.9608,5143.0,4,0,1,0,0.0,1
0.9497,34,0,0.7408,10144.0,7,0,3,0,1.0,0
0.25,35,0,0.0879,5042.0,9,0,1,0,2.0,0
0.662,33,0,0.5729,2085.0,2,0,1,0,1.0,0
0.3113,51,0,0.5649,3545.0,10,0,1,0,0.0,0
0.5757,76,0,0.8921,12008.0,8,0,1,0,0.0,0
0.0397,57,0,0.4794,,4,0,1,0,3.0,0
0.2449,69,0,0.587,5261.0,7,0,0,0,0.0,0
0.2563,25,0,0.7672,3087.0,5,0,1,0,0.0,0
0.1223,42,0,0.2566,3987.0,6,0,0,0,1.0,0
0.1801,44,0,0.6743,7905.0,11,0,0,0,1.0,0
0.3641,76,0,0.4054,,8,0,3,0,0.0,0
1.1537,55,0,0.1331,1271.0,8,0,2,0,1.0,0
0.0472,53,0,0.8301,1703.0,5,0,0,0,1.0,0
0.1604,56,0,0.4736,4033.0,11,0,3,0,0.0,0
0.7758,50,0,0.284,2301.0,10,0,0,0,2.0,0
1.8173,81,0,0.1026,3433.0,10,0,2,0,0.0,1
0.693,81,0,0.2691,,7,0,0,0,0.0,0
0.8183,69,1,0.2342,1383.0,6,0,1,2,3.0,0
0.4249,68,0,0.8334,29423.0,13,0,0,0,2.0,0
2.5527,46,0,0.3322,5165.0,11,0,2,0,1.0,0
0.1168,60,0,0.3035,10417.0,7,0,1,0,1.0,0
0.2576,25,0,0.4532,,7,0,0,0,0.0,0
0.031,47,0,0.077,3934.0,8,0,1,0,2.0,0
0.5984,32,0,0.0428,,12,0,1,0,0.0,0
0.4188,60,0,0.1829,2905.0,6,0,1,0,1.0,0
0.4172,52,0,0.2114,2032.0,4,0,0,0,1.0,0
1.6422,64,0,0.4642,9406.0,8,0,1,0,1.0,0
0.0635,63,0,0.6592,1650.0,5,0,0,0,1.0,0
0.2001,69,0,0.3161,8063.0,16,0,1,0,0.0,0
0.3502,43,0,0.6591,4553.0,7,0,0,0,1.0,0
0.4198,28,0,0.2906,,7,0,1,0,0.0,0
7.4063,81,1,0.5446,15874.0,11,0,2,0,0.0,0
0.7991,46,0,0.385,5870.0,12,0,1,0,1.0,0
0.4415,53,0,0.5394,5104.0,11,0,1,0,2.0,0
0.2711,68,0,0.0621,4716.0,8,0,0,0,,0
0.3929,49,0,0.193,,9,0,0,0,1.0,0
0.6314,37,0,0.7888,4118.0,9,0,1,0,0.0,0
0.4373,83,0,0.7717,5691.0,3,0,1,0,0.0,0
0.3747,46,0,0.5688,13865.0,3,0,0,0,1.0,0
0.0768,79,0,0.062,7286.0,11,0,1,0,,0
0.3408,59,0,0.9595,3734.0,12,0,2,0,1.0,0
3.8698,68,0,0.2855,5687.0,3,0,0,0,1.0,0
0.0703,67,0,0.4699,7432.0,12,0,0,0,0.0,0
0.232,48,0,0.3336,3713.0,12,0,1,0,2.0,0
0.1924,62,0,0.3907,11907.0,9,0,2,0,1.0,0
0.7521,81,0,0.8856,,9,0,3,0,1.0,1
0.5373,72,0,0.2787,,5,0,2,0,0.0,0
0.0079,70,0,0.5662,,4,0,0,0,0.0,0
0.1504,63,0,0.3395,4346.0,10,0,2,0,2.0,0
0.1831,52,0,0.2896,,6,0,1,0,2.0,0
0.7578,42,0,0.6114,5513.0,14,0,2,0,2.0,0
0.5172,76,0,0.1716,,9,0,0,0,0.0,0
0.0441,46,0,0.1845,,9,0,1,0,0.0,0
0.3327,47,0,0.0879,2729.0,7,0,1,0,1.0,0
0.6497,54,0,0.299,,11,0,1,0,0.0,0
0.3978,33,0,0.4223,3649.0,9,0,0,0,0.0,0
0.0292,48,0,0.3943,2537.0,10,0,1,0,2.0,0
0.1782,43,0,0.3982,2670.0,10,0,1,0,1.0,0
0.3601,34,0,0.4979,3514.0,6,0,1,0,0.0,0
0.0555,36,0,0.526,4609.0,11,0,1,0,2.0,0
0.2431,53,0,0.5927,,11,0,0,0,1.0,0
0.0287,68,1,0.0706,,9,0,1,0,1.0,0
0.503,52,0,0.4811,,8,0,0,0,0.0,0
0.5887,38,0,0.5686,,5,0,0,0,1.0,0
0.4766,44,1,0.0601,7898.0,7,0,1,0,0.0,0
0.5911,58,0,0.1933,2669.0,13,0,1,0,3.0,0
0.307,70,0,0.5417,6563.0,9,0,0,0,1.0,0
0.3193,67,0,0.4492,,9,0,2,0,1.0,0
0.4981,57,0,1.0783,2582.0,6,0,2,0,0.0,0
0.3111,75,0,0.2594,7487.0,14,0,1,0,0.0,0
2.9639,46,0,0.1021,6374.0,6,0,1,0,0.0,0
0.9135,37,0,0.3211,6192.0,8,0,1,0,1.0,0
0.6122,50,0,0.105,,7,0,2,0,0.0,0
4.7395,71,0,0.1843,,12,0,1,0,1.0,0
0.6357,63,0,0.3206,4158.0,10,0,1,0,2.0,0
0.0902,69,0,0.1416,3280.0,9,0,0,0,1.0,0
0.3422,52,0,0.9267,1350.0,4,0,1,0,0.0,0
0.2918,56,0,0.9706,,5,0,1,0,2.0,0
0.4603,51,0,0.8761,6947.0,10,0,2,0,0.0,0
0.3611,42,0,1.0947,7167.0,9,0,0,0,1.0,0
0.3434,54,0,0.188,,6,0,0,0,1.0,0
0.4837,51,0,0.2935,6106.0,6,0,2,0,2.0,0
0.9612,47,0,0.3573,12788.0,11,0,1,0,1.0,0
0.0644,62,0,0.5545,3810.0,7,0,1,0,2.0,0
0.4147,55,0,0.282,7424.0,11,0,0,0,1.0,1
1.5373,73,0,0.5338,10028.0,10,0,0,0,1.0,0
0.8396,42,0,0.2505,,13,0,1,0,0.0,0
0.7847,48,0,0.5545,,7,0,0,0,0.0,1
1.0636,29,0,0.0362,2448.0,8,0,1,0,3.0,0
3.5772,40,0,0.7167,5826.0,12,0,0,0,0.0,0
0.1594,62,0,0.5117,2735.0,6,0,2,0,1.0,0
0.5858,65,0,0.4032,,8,0,1,0,2.0,0
0.0252,63,0,0.5638,6179.0,14,0,0,0,0.0,0
0.308,72,0,0.8294,3568.0,7,0,1,0,,0
0.7979,61,0,0.9239,5703.0,11,0,1,0,1.0,0
0.705,55,0,1.0879,3633.0,8,0,2,0,1.0,0
0.8509,63,0,0.4426,13546.0,5,0,1,0,2.0,0
2.0311,43,0,0.4127,,6,0,0,0,1.0,0
0.1033,31,0,0.7675,7903.0,12,0,1,0,0.0,0
0.0144,48,0,0.4888,6372.0,6,0,1,0,0.0,0
1.1332,50,1,1.0249,2569.0,8,1,1,1,0.0,1
0.2295,55,0,0.2149,4580.0,14,0,2,0,1.0,0
0.2352,43,0,0.2085,4140.0,9,0,0,0,2.0,0
0.1099,45,0,0.2172,11616.0,2,0,1,0,1.0,0
1.4482,65,0,0.5601,,8,0,1,0,1.0,1
0.2049,37,0,0.6021,4600.0,9,0,2,0,1.0,0
0.2551,52,0,0.4584,15337.0,9,0,3,0,0.0,0
0.5682,45,0,0.1362,15588.0,9,0,1,0,1.0,0
0.2231,30,0,0.8703,,10,0,2,0,0.0,0
0.38,48,0,0.1029,17818.0,3,0,3,0,0.0,0
0.165,41,0,0.74,,5,0,0,0,0.0,0
0.6186,48,0,0.2732,7775.0,9,0,2,0,0.0,1
0.4779,55,0,0.2659,,15,0,2,0,,0
0.5505,23,0,0.3648,1005.0,4,0,2,0,,0
0.0636,68,0,0.7485,2574.0,9,0,2,0,2.0,0
4.6253,95,0,0.343,12164.0,10,0,0,0,0.0,0
0.5036,41,0,0.4304,,8,0,3,0,1.0,0
0.2379,46,0,0.7025,4457.0,11,0,1,0,1.0,0
0.0324,42,0,0.3113,5745.0,6,0,0,0,1.0,0
0.6651,39,0,0.0709,,8,0,2,0,1.0,0
0.208,82,0,0.123,,8,0,0,0,0.0,0
0.5089,50,0,1.0083,8733.0,9,0,3,0,1.0,0
0.3815,64,0,0.5642,12858.0,9,0,1,0,1.0,0
0.5498,70,0,0.1796,19000.0,7,0,1,0,0.0,0
2.7745,69,1,0.6219,4187.0,11,0,2,0,3.0,0
0.0561,70,0,0.4632,,6,0,0,0,0.0,0
0.0408,35,0,0.1864,,11,0,0,0,0.0,0
1.0987,67,2,0.6491,3401.0,9,0,2,0,0.0,1
0.2837,48,0,0.8438,4646.0,6,0,2,0,0.0,0
0.1454,77,0,0.7015,23114.0,10,0,0,0,0.0,0
1.6745,42,0,0.0991,6930.0,10,0,2,0,1.0,1
0.2952,37,0,0.33,,9,0,2,0,0.0,0
3.4498,53,0,0.143,13075.0,10,0,2,0,0.0,1
0.8173,62,0,0.4707,5401.0,8,0,0,0,3.0,0
1.0099,28,0,0.7369,8345.0,11,0,2,0,1.0,0
3.4126,47,0,0.5242,1492.0,10,0,0,0,0.0,0
0.1329,38,0,0.7381,9145.0,10,0,0,0,1.0,0
0.0009,66,0,0.7512,3141.0,9,0,1,0,0.0,0
0.1681,45,0,0.6608,2189.0,5,0,2,0,2.0,0
0.689,69,0,0.2453,,4,0,2,0,1.0,0
0.3236,43,0,0.4515,,7,0,0,0,2.0,0
0.0926,57,1,0.6223,9063.0,7,0,2,0,1.0,0
1.2096,34,0,0.0067,7983.0,10,0,1,0,0.0,0
0.5641,52,0,0.8202,10844.0,4,0,0,0,1.0,0
0.0022,38,0,0.5009,11307.0,7,0,0,0,,0
0.1761,74,2,0.3573,15693.0,11,0,0,0,0.0,1
0.0628,68,0,0.1265,3677.0,5,0,0,0,2.0,0
0.1199,56,0,0.749,3758.0,6,0,1,0,2.0,0
2.7922,67,0,0.422,3842.0,4,0,1,0,1.0,0
0.1377,46,0,0.5489,22102.0,6,0,2,0,0.0,0
0.0647,62,0,0.0688,8646.0,6,0,1,0,2.0,0
0.2771,52,0,0.3715,5992.0,7,0,0,0,0.0,0
0.4863,60,0,0.1647,11970.0,7,0,2,0,0.0,0
0.6304,55,0,0.5172,,8,0,1,0,0.0,0
0.4908,52,0,0.7226,6591.0,6,0,0,0,1.0,0
0.5071,28,0,0.3761,,6,0,1,0,0.0,0
0.1144,44,0,0.2732,5358.0,9,1,0,0,2.0,0
0.1408,78,0,0.383,,8,0,1,0,1.0,0
0.1565,51,0,0.8901,7662.0,8,0,0,0,0.0,0
0.9926,43,0,0.903,,7,0,2,0,0.0,0
0.0374,54,0,0.178,1457.0,11,0,0,0,3.0,0
0.0025,32,0,0.4169,8885.0,12,0,3,0,1.0,0
0.2011,46,0,0.4015,3919.0,11,0,1,0,0.0,0
0.6204,56,0,0.3535,11183.0,9,0,0,0,1.0,1
0.5582,60,0,0.86,4405.0,5,0,0,0,1.0,0
0.1268,58,0,0.0953,12939.0,7,0,1,0,1.0,0
0.0772,74,0,0.6517,14652.0,13,0,0,0,1.0,0
0.2984,44,0,0.2951,3364.0,14,0,1,0,1.0,0
4.7275,32,0,0.181,14778.0,2,0,1,0,0.0,0
0.2472,48,0,0.5697,3689.0,5,0,0,0,,0
0.6157,45,0,0.4829,3331.0,14,0,1,0,0.0,0
0.6948,56,0,0.5697,7454.0,9,0,3,0,1.0,0
0.0863,49,0,0.5939,6397.0,4,0,4,0,0.0,0
0.7485,55,0,0.2201,12212.0,6,0,0,0,0.0,0
0.2663,55,0,0.0806,,11,0,2,0,1.0,0
2.5053,65,0,0.4793,,8,0,1,0,2.0,0
0.3193,53,1,0.3848,,9,0,0,0,2.0,0
0.1968,56,0,0.9027,,8,0,1,0,0.0,0
1.3477,78,0,0.4696,3094.0,9,0,0,0,0.0,0
2.5672,30,0,0.492,5986.0,3,0,0,0,1.0,0
1.8239,56,0,0.1443,4532.0,10,0,0,0,0.0,0
0.2927,51,2,0.3599,8515.0,11,1,2,0,0.0,0
1.1399,54,0,0.3227,15094.0,10,0,1,0,1.0,0
0.0899,61,3,0.9962,5447.0,5,0,4,0,0.0,0
0.0082,41,0,0.1268,3067.0,11,0,1,0,2.0,0
2.284,45,0,0.5693,18672.0,10,0,0,0,1.0,0
0.2904,63,0,0.8016,,11,0,2,0,0.0,0
0.8884,51,0,0.5076,6101.0,4,0,4,0,0.0,0
0.1848,40,0,0.2624,,8,0,1,0,0.0,0
0.2293,64,0,0.3578,10799.0,9,0,0,0,0.0,0
0.4077,62,0,0.4802,,9,0,1,0,0.0,0
0.387,55,0,0.3943,12666.0,4,0,0,0,0.0,0
0.4116,59,0,0.4071,3235.0,2,0,1,0,0.0,0
2.9632,61,0,0.8598,,11,0,1,0,2.0,0
1.3,52,0,0.7465,,10,0,2,0,1.0,0
0.1803,57,0,0.7547,4151.0,2,0,1,0,1.0,0
0.457,36,0,0.6494,8030.0,10,0,2,0,0.0,0
1.48,50,0,0.1546,6943.0,6,0,1,0,2.0,0
0.0575,66,0,0.2294,10665.0,7,0,0,0,0.0,0
0.8613,84,4,0.1885,,10,0,0,0,3.0,0
0.3846,55,0,0.5903,7325.0,12,0,0,0,1.0,0
0.3063,40,1,0.1004,2269.0,6,0,0,0,1.0,0
0.1744,48,0,0.9558,9279.0,7,0,1,0,0.0,0
0.1935,33,0,0.2379,4272.0,8,0,0,0,0.0,0
0.3319,62,0,0.0909,5721.0,8,0,0,0,1.0,0
0.3903,54,0,0.2635,3954.0,5,0,0,0,0.0,0
4.4422,40,0,0.8856,6779.0,9,0,1,0,2.0,0
0.613,50,0,0.5355,5129.0,6,0,0,0,0.0,0
0.5436,63,0,0.2142,1698.0,7,0,1,0,2.0,0
0.1566,54,0,0.0396,,16,0,1,0,1.0,0
0.2841,43,0,0.1069,10309.0,10,0,2,0,0.0,0
0.3789,67,0,0.373,11226.0,8,0,1,0,0.0,0
1.0395,58,0,0.4207,4214.0,10,0,1,1,0.0,0
0.7758,42,0,0.1744,1972.0,11,0,1,0,0.0,0
0.1263,53,0,0.993,4349.0,10,0,2,0,1.0,0
2.4244,23,0,0.4156,4625.0,5,0,0,0,0.0,0
0.4166,57,0,0.3406,,6,0,2,0,0.0,0
4.2879,92,0,0.881,5842.0,3,0,0,0,1.0,0
0.1985,68,0,0.2185,8469.0,7,0,1,0,1.0,0
0.9717,51,0,0.5358,6885.0,4,0,1,0,2.0,0
0.0868,56,0,0.6615,8698.0,13,0,1,0,1.0,0
0.4098,61,0,0.1336,1966.0,4,0,0,0,1.0,0
0.5173,61,0,0.5901,,9,0,0,0,1.0,0
0.3791,51,0,0.6162,7465.0,15,0,1,0,2.0,0
0.3491,22,0,0.2923,2503.0,6,0,1,0,0.0,0
0.7672,48,0,0.511,8138.0,11,0,1,0,1.0,0
0.5044,44,0,0.7936,,7,0,0,0,0.0,0
0.7827,51,0,0.7701,6481.0,3,0,3,0,0.0,0
0.2058,42,0,0.2377,14015.0,13,0,1,0,3.0,0
0.2103,61,0,0.7057,6425.0,5,0,2,0,0.0,0
0.0219,81,0,0.2407,,10,0,2,0,1.0,0
0.7221,66,0,0.0749,,10,0,0,0,1.0,0
0.8675,52,0,0.2558,8012.0,12,0,2,0,1.0,0
0.104,74,0,0.2464,12742.0,3,0,2,0,1.0,1
0.1872,66,0,0.2826,3281.0,6,0,3,0,1.0,0
0.6015,63,0,1.0486,16623.0,11,0,0,0,1.0,0
0.1252,45,0,0.4335,,11,0,3,0,0.0,0
0.2095,51,0,0.2685,4900.0,6,0,3,0,0.0,0
0.314,61,0,0.9834,,5,0,0,0,1.0,0
0.4354,83,0,0.683,3727.0,9,0,0,0,1.0,0
0.6052,73,0,0.6179,14140.0,14,0,1,0,0.0,0
0.1748,61,0,0.8558,11370.0,6,0,0,0,0.0,0
0.5589,55,0,0.4909,2866.0,8,0,0,0,0.0,0
0.6632,63,0,0.4123,,10,0,1,0,1.0,1
0.0833,60,0,0.767,12155.0,9,0,0,0,0.0,0
0.0739,74,0,0.1484,2510.0,10,0,2,0,2.0,0
0.2002,37,0,0.1783,3935.0,3,0,0,0,0.0,0
2.5114,53,0,0.7428,9884.0,13,0,2,0,0.0,0
0.0061,63,0,0.8037,10329.0,14,0,2,0,1.0,0
0.164,73,0,0.6316,8422.0,8,0,1,0,2.0,0
0.3053,80,0,0.376,8052.0,8,0,0,0,4.0,0
0.785,32,0,0.6732,,5,0,2,0,0.0,0
0.9932,43,0,0.362,11076.0,9,0,2,0,0.0,0
1.2482,52,2,0.6283,5017.0,9,0,2,0,0.0,0
0.3316,35,0,0.0377,7663.0,9,0,1,0,0.0,0
0.2226,76,0,0.767,6594.0,8,0,1,0,1.0,0
0.4261,55,0,0.1879,2835.0,8,0,1,0,0.0,0
0.0482,69,0,0.8459,5423.0,9,0,0,0,1.0,0
0.6496,50,0,1.028,14815.0,4,0,2,0,1.0,0
0.0539,59,0,0.1768,,13,0,3,0,2.0,0
0.3564,34,0,0.5453,2049.0,7,0,1,0,0.0,0
0.6266,38,0,0.9564,2805.0,6,0,3,0,1.0,0
0.2132,38,0,1.0544,20531.0,7,0,0,0,1.0,0
0.0584,29,0,0.7657,5079.0,7,0,1,0,0.0,0
0.5796,67,0,0.4868,3511.0,4,0,3,0,2.0,0
3.2376,53,0,0.0772,,8,0,0,0,0.0,0
0.4322,68,0,0.6968,7641.0,10,0,1,0,1.0,0
0.117,51,0,0.9346,4910.0,9,0,1,0,2.0,0
0.3199,69,0,0.2554,,9,0,0,0,0.0,0
0.3165,66,0,0.3754,,11,0,0,0,2.0,0
0.2623,51,0,0.6048,2256.0,15,0,1,0,0.0,0
0.2338,56,2,0.2281,6861.0,9,0,1,0,1.0,0
0.8817,58,0,0.5593,3156.0,8,0,1,0,0.0,0
0.5395,68,0,0.9528,2463.0,6,0,2,0,1.0,0
0.0033,52,0,0.7054,,12,0,0,0,0.0,0
0.6697,58,0,1.0807,14498.0,4,0,3,0,0.0,0
0.6809,32,2,0.1838,,12,0,0,0,0.0,0
4.3588,41,0,0.2306,,7,0,1,0,2.0,0
0.1223,43,0,0.9039,5583.0,12,0,3,0,1.0,0
0.0211,60,0,0.2697,7288.0,5,0,0,0,0.0,0
0.1112,43,0,0.2568,14935.0,7,0,0,0,0.0,0
0.0553,54,0,0.222,5320.0,6,0,0,0,1.0,0
3.3849,51,0,0.6426,,12,0,2,0,1.0,0
0.4885,53,0,0.2758,,3,0,4,0,,0
3.7211,65,0,0.1591,3839.0,7,0,0,0,3.0,0
0.348,55,0,0.1646,9788.0,7,0,4,0,0.0,0
0.213,49,0,0.2405,6182.0,14,0,0,0,1.0,0
0.5758,58,0,0.5477,6825.0,13,0,0,0,2.0,0
0.0492,75,0,0.5024,11953.0,4,0,0,0,1.0,0
0.0209,54,0,0.0664,2760.0,6,0,0,0,0.0,0
0.4316,35,0,0.1536,3611.0,8,0,1,0,0.0,0
0.0088,34,0,1.1842,,10,0,0,0,2.0,0
0.63,48,0,0.3934,,5,0,2,0,0.0,0
0.0274,36,0,0.4041,6499.0,5,0,0,0,,0
1.9099,21,0,0.6569,,9,0,0,0,2.0,0
0.816,48,0,0.2356,,6,0,0,0,2.0,0
0.0114,57,0,0.7231,5762.0,13,0,1,0,1.0,0
0.4477,71,0,0.4672,14598.0,7,0,0,0,1.0,0
0.4412,52,0,0.3783,4444.0,9,0,1,0,0.0,0
0.442,56,0,0.5673,2461.0,7,0,1,0,0.0,0
0.1319,59,0,0.4039,3539.0,5,0,0,0,,0
0.9273,53,0,0.1373,18078.0,11,0,0,0,3.0,1
0.457,43,0,0.531,23514.0,12,0,2,0,0.0,0
0.7547,82,0,0.5754,6020.0,5,0,0,0,0.0,0
0.0086,38,0,0.9876,6314.0,8,0,0,0,0.0,0
0.0309,58,0,0.2719,4084.0,7,0,2,0,1.0,0
0.4965,41,0,0.3026,9329.0,3,0,3,0,1.0,0
0.5218,54,0,0.6942,,7,0,3,0,0.0,1
0.2643,58,0,0.5867,5893.0,12,0,1,0,0.0,0
0.1194,49,0,0.55,7296.0,9,0,0,0,2.0,0
0.6425,35,0,0.3209,8697.0,7,0,1,0,1.0,0
2.1648,47,0,0.7635,6378.0,8,0,1,1,1.0,0
0.8127,68,4,0.1689,12720.0,9,0,1,0,0.0,0
0.099,31,1,0.4795,3767.0,8,0,1,2,0.0,0
3.8687,75,0,0.707,3209.0,7,0,2,0,2.0,0
0.9664,53,0,0.6883,2503.0,5,0,0,0,0.0,0
0.687,62,0,0.4468,6768.0,5,0,1,0,3.0,0
0.0415,37,0,0.5465,9822.0,11,0,1,0,0.0,0
0.4415,50,0,0.3463,5908.0,12,0,3,0,1.0,0
0.6424,43,0,0.4161,8763.0,10,0,0,0,0.0,0
0.6261,56,0,0.0961,7184.0,11,0,3,0,0.0,0
0.2272,37,0,0.6431,7066.0,4,0,2,0,0.0,0
0.3257,43,0,0.6526,2459.0,4,0,1,0,1.0,0
0.1165,81,0,0.4185,3427.0,11,0,0,0,1.0,0
0.077,61,0,0.5951,1884.0,7,0,3,0,0.0,0
1.0028,57,0,0.2013,5178.0,5,0,0,0,1.0,0
0.0929,57,0,0.417,,7,0,0,0,2.0,0
1.4958,72,2,0.5532,,14,0,1,0,1.0,0
0.6639,50,0,0.3411,13211.0,6,0,3,0,0.0,0
0.0299,65,0,0.4621,21204.0,12,0,1,0,0.0,0
0.3163,21,0,0.28,4295.0,5,0,1,0,3.0,0
0.3271,50,0,0.3963,4475.0,9,0,1,0,1.0,0
0.2088,48,0,1.1889,,10,0,1,0,1.0,0
4.4175,45,0,0.6861,2182.0,9,0,0,0,0.0,0
1.6684,62,2,0.6148,6837.0,8,0,0,1,1.0,0
0.6483,50,0,0.395,,4,0,0,0,6.0,0
0.1411,50,0,0.1957,6313.0,14,0,0,0,0.0,0
0.0612,41,0,0.6239,10151.0,7,0,1,0,0.0,0
0.3018,46,0,0.349,1377.0,10,0,0,0,1.0,0
0.3422,24,0,0.6523,18913.0,7,0,2,0,0.0,0
0.3462,48,0,0.3262,,10,0,0,0,2.0,0
0.1798,32,0,0.1922,3142.0,6,0,1,0,1.0,0
0.825,74,0,0.5687,10690.0,5,0,0,0,1.0,0
3.1706,62,0,0.2647,3251.0,6,0,0,0,2.0,0
1.1589,65,0,0.1463,23444.0,4,0,0,0,1.0,0
1.6802,34,0,0.6876,2485.0,8,0,1,0,0.0,1
0.0572,64,0,0.7125,,8,0,1,0,1.0,0
0.4896,43,0,0.5032,9194.0,12,0,1,0,0.0,0
0.0842,56,0,0.1533,15214.0,8,0,1,0,0.0,0
1.0865,49,0,0.5174,,7,0,3,0,0.0,0
0.4407,33,0,0.0851,13470.0,3,0,0,0,1.0,0
0.068,37,0,0.7602,10170.0,9,0,1,0,1.0,0
0.5134,61,0,0.4174,2223.0,7,0,2,0,1.0,0
0.8048,61,0,0.1721,1330.0,8,0,0,0,0.0,0
0.1498,33,0,0.9501,13890.0,4,0,2,0,0.0,0
0.029,68,0,0.3023,6438.0,5,0,0,0,0.0,0
0.62,47,0,0.2215,,9,0,1,0,0.0,0
1.0367,34,0,0.6622,4290.0,3,0,0,0,0.0,0
0.5919,44,0,0.4467,6242.0,5,0,0,0,0.0,0
0.2353,33,0,0.5808,2682.0,5,0,0,0,0.0,0
0.75,42,0,0.7547,4160.0,4,0,2,0,2.0,0
0.6185,45,0,0.3389,2775.0,7,0,0,0,1.0,0
0.0027,59,0,0.7174,5259.0,6,0,1,0,2.0,0
0.0555,63,0,0.9601,,14,0,3,0,2.0,0
0.5621,67,0,0.1857,4865.0,10,0,3,0,0.0,0
4.4759,63,0,0.295,,5,0,0,0,1.0,0
0.6911,25,0,0.2491,15769.0,7,0,1,0,0.0,0
2.3293,32,0,0.6439,2638.0,4,2,0,0,0.0,0
5.3312,67,0,0.7193,3746.0,9,0,1,0,2.0,0
0.56,45,0,0.6532,8162.0,3,0,2,0,1.0,0
0.2742,50,0,0.5425,25519.0,6,0,1,0,1.0,0
0.0436,61,2,0.5876,18595.0,6,1,0,1,0.0,0
0.3195,70,0,0.6388,6427.0,9,0,0,0,1.0,0
0.7798,59,0,0.4486,,9,0,1,0,2.0,0
2.943,40,0,0.6707,2025.0,4,0,1,0,0.0,0
0.2352,35,0,0.6993,6999.0,5,0,1,0,0.0,0
0.5121,37,0,0.5081,9058.0,9,0,2,0,1.0,0
0.8506,69,0,0.7684,,9,0,1,0,1.0,0
0.2222,64,0,0.2317,3224.0,13,0,2,0,2.0,0
0.8945,53,0,0.2377,7407.0,4,0,2,0,0.0,0
0.0752,32,0,0.4987,8685.0,5,0,3,0,0.0,0
0.1639,64,0,0.0534,8674.0,13,0,0,0,3.0,0
0.6673,55,0,1.0393,3663.0,6,0,0,0,1.0,0
0.0323,41,0,0.4459,4670.0,11,0,1,0,1.0,0
14.9644,51,0,0.636,6958.0,6,0,1,0,1.0,0
0.5326,59,0,0.7026,19203.0,6,0,1,0,0.0,0
0.0506,46,0,0.4041,6107.0,8,0,0,0,0.0,0
0.65,37,2,0.3452,1137.0,9,0,1,0,0.0,0
1.4685,55,0,0.1176,,9,0,0,0,1.0,1
0.5322,56,0,0.2998,,5,0,0,0,1.0,0
0.7759,25,0,0.9257,3142.0,3,0,0,0,0.0,0
0.3106,51,0,0.5286,,5,0,3,0,1.0,0
0.0425,40,0,0.088,,8,0,1,0,0.0,0
0.1822,59,0,1.0255,4527.0,10,0,0,0,1.0,0
0.965,28,0,0.3099,8760.0,12,0,0,0,2.0,0
0.0388,34,0,0.4693,2813.0,9,0,0,0,0.0,0
4.5317,21,0,0.246,4568.0,6,0,3,0,0.0,0
0.7633,58,0,0.4828,9790.0,5,0,2,0,0.0,0
0.0721,31,0,0.5762,11186.0,5,0,2,0,1.0,0
1.1395,33,0,0.2783,6073.0,8,0,0,0,1.0,0
0.0649,51,0,0.282,6283.0,11,0,1,0,0.0,0
1.6561,50,0,0.4087,8273.0,10,0,0,0,1.0,0
0.2933,61,0,0.212,5906.0,12,0,0,0,1.0,0
0.3103,62,0,0.6047,8569.0,9,0,0,0,1.0,0
0.7306,68,0,1.0171,3034.0,6,0,1,0,1.0,0
0.1827,75,0,0.1038,4706.0,2,0,5,0,1.0,0
3.4578,67,0,0.2486,,9,0,0,0,1.0,0
0.0434,57,0,1.0492,4350.0,8,0,0,0,0.0,0
0.6127,55,0,0.5254,10658.0,6,0,1,0,1.0,0
2.3665,61,0,0.0383,7939.0,10,0,1,0,1.0,0
2.8756,24,0,0.5287,3069.0,7,0,1,0,0.0,1
1.6292,50,0,0.4526,4963.0,8,0,0,0,2.0,0
0.7221,26,0,0.6391,13015.0,8,0,2,0,2.0,0
0.1115,42,0,0.5027,5147.0,6,0,2,0,2.0,0
0.1452,31,0,0.8311,4006.0,6,0,0,0,0.0,0
1.5141,57,0,0.3131,5891.0,10,0,1,0,0.0,0
1.5867,60,0,0.943,4422.0,5,0,1,0,0.0,0
0.8261,69,0,1.2033,4727.0,5,0,4,0,0.0,1
0.4193,38,0,0.4589,1736.0,5,0,0,0,1.0,0
5.7376,43,0,0.2587,3534.0,7,0,2,0,0.0,0
2.0546,67,0,0.7042,16407.0,8,0,0,0,1.0,0
5.0256,45,3,0.4556,5816.0,14,0,4,0,2.0,0
0.0531,42,0,0.5277,4271.0,8,0,0,0,1.0,0
0.2388,62,0,0.439,14308.0,6,0,0,0,0.0,0
0.2407,59,0,0.2984,13066.0,5,0,0,0,1.0,0
0.0953,65,0,0.5175,11512.0,7,0,4,0,0.0,0
0.5447,59,0,0.5141,,6,0,1,0,2.0,0
0.1505,46,1,0.7919,,9,0,1,0,1.0,0
0.1317,71,0,0.7215,2773.0,11,0,2,0,0.0,0
1.0223,64,0,0.6681,,8,0,3,0,2.0,1
0.9348,52,0,0.6785,7436.0,6,0,1,0,0.0,0
7.6878,64,2,0.5822,7773.0,10,0,1,0,1.0,0
1.2216,52,0,0.4037,2632.0,8,0,0,0,0.0,0
0.823,39,0,0.4579,6230.0,7,0,2,0,1.0,0
0.1376,54,0,0.2952,14606.0,12,0,1,0,0.0,0
0.1157,79,0,0.4079,,7,0,1,0,2.0,0
0.1004,67,0,0.1592,,13,0,0,0,4.0,0
0.3254,58,0,0.4022,4242.0,8,0,0,0,2.0,0
0.0796,39,0,0.7456,,7,0,0,0,0.0,0
0.3716,35,0,0.8855,1719.0,11,0,1,0,3.0,0
1.2935,49,0,0.3921,3376.0,10,0,1,0,1.0,0
0.0854,43,0,0.5275,,4,0,0,0,0.0,0
0.1401,52,0,0.9118,3804.0,7,0,1,0,2.0,0
0.0722,54,2,0.4847,13436.0,8,0,0,0,3.0,0
0.7834,32,0,0.4697,,7,0,3,0,0.0,0
0.2151,40,0,0.4021,3976.0,7,0,0,0,0.0,0
0.2076,47,0,0.8905,,4,0,4,0,0.0,0
0.2943,58,0,0.5973,6219.0,5,0,0,0,2.0,0
0.1727,59,0,0.2236,6616.0,7,0,1,0,3.0,0
0.0298,38,0,0.2938,9075.0,6,0,0,0,0.0,0
2.8994,35,0,0.3984,1814.0,6,0,1,0,0.0,0
0.0302,39,0,0.7115,,8,0,1,0,0.0,0
0.9226,63,0,0.4211,2009.0,8,0,2,0,0.0,0
0.048,45,0,0.305,,6,0,0,0,0.0,0
0.011,53,0,0.5251,,7,0,1,0,0.0,0
0.515,58,0,0.0938,,8,0,0,0,2.0,1
0.5755,69,0,0.5302,10927.0,11,0,0,0,2.0,0
0.2171,35,0,0.3687,4195.0,6,0,1,0,2.0,0
0.5926,69,0,0.5773,14771.0,9,0,0,0,0.0,0
0.1839,60,0,0.5698,6864.0,6,0,2,0,0.0,0
0.0592,75,0,0.2254,,7,0,0,0,0.0,0
0.5332,72,0,0.3098,5035.0,3,0,0,0,,0
0.4957,54,0,0.709,2535.0,13,0,2,0,1.0,0
0.3283,42,0,0.444,,13,0,1,0,1.0,0
0.7969,61,0,0.4746,,10,0,1,0,1.0,0
0.2732,36,0,0.2218,6670.0,6,0,0,0,2.0,0
0.4914,55,0,0.9412,10084.0,7,0,1,0,0.0,0
1.2064,42,0,0.1878,3791.0,10,0,2,0,2.0,0
0.4744,49,0,0.3842,8471.0,11,0,2,0,1.0,0
0.2127,21,0,0.2804,5736.0,5,0,1,0,0.0,0
0.4726,51,0,0.7525,2169.0,9,0,0,0,1.0,0
0.018,54,0,0.067,3006.0,7,0,1,0,1.0,0
0.7675,45,0,0.0103,,11,0,0,0,,0
0.0304,51,0,0.5483,7050.0,7,0,1,0,0.0,0
1.2339,37,0,0.0712,2468.0,11,0,2,0,1.0,0
0.148,63,0,0.4058,7290.0,5,0,0,0,0.0,0
0.2941,52,0,0.6787,,8,0,1,0,1.0,0
0.1223,83,0,0.1246,11674.0,7,0,0,0,3.0,1
0.0729,56,0,0.5109,14995.0,6,0,2,0,0.0,0
0.1417,57,0,0.3909,9148.0,9,0,0,0,2.0,0
0.1562,45,0,0.8556,6144.0,7,0,1,0,2.0,0
5.732,69,1,0.205,6754.0,4,0,1,0,1.0,0
0.1309,46,0,0.0888,8128.0,4,0,2,0,0.0,0
1.3446,76,0,0.2553,4449.0,12,0,1,0,1.0,0
1.6237,76,0,0.7425,10402.0,6,0,2,0,0.0,0
0.0844,45,0,0.2079,,5,0,0,0,0.0,0
0.9902,48,0,0.8089,2049.0,13,0,0,0,1.0,1
1.7122,42,0,0.3494,,13,0,1,0,0.0,0
0.4649,33,0,0.2397,6871.0,15,0,2,0,2.0,0
0.1077,56,0,0.5818,,9,0,2,0,1.0,0
0.6137,52,0,0.1196,3013.0,7,0,2,0,0.0,0
0.1669,61,0,0.1608,2985.0,5,0,0,0,0.0,0
0.5019,51,0,0.8637,4957.0,9,0,1,0,1.0,0
0.177,64,0,0.544,3870.0,10,0,0,0,1.0,0
0.33,51,0,0.3915,3501.0,9,0,1,0,0.0,0
1.0737,49,0,0.7951,,5,0,0,2,2.0,0
0.1437,53,0,0.1735,11183.0,6,0,0,0,1.0,0
0.3878,63,0,0.4885,3939.0,9,0,0,0,1.0,0
2.1454,47,0,0.0403,,10,0,0,0,0.0,0
6.4084,65,0,0.3676,3000.0,3,0,0,0,0.0,0
0.3651,42,0,0.3062,17979.0,5,0,1,0,1.0,0
5.4847,48,0,0.5417,,7,0,1,0,1.0,0
0.2045,26,0,0.4713,4051.0,6,0,1,0,0.0,0
0.4944,47,0,0.1254,15555.0,15,0,0,0,0.0,0
0.0215,36,0,0.8201,9886.0,10,0,0,0,2.0,0
0.3399,60,0,0.922,6076.0,7,0,1,0,1.0,0
1.6025,59,0,0.2759,,8,0,0,0,1.0,0
1.7822,69,0,0.4697,2434.0,9,0,2,0,1.0,0
0.383,75,0,0.1852,1202.0,12,0,1,0,0.0,0
0.713,50,0,0.531,,5,0,0,0,2.0,0
0.0606,42,0,0.2296,3665.0,9,0,1,0,1.0,0
0.0537,59,0,0.6148,,7,0,1,0,0.0,0
1.7109,47,0,0.7338,7661.0,6,0,0,0,2.0,0
3.3975,44,0,0.2227,3364.0,10,0,3,0,3.0,0
0.6433,52,0,0.5158,,9,0,1,0,1.0,0
0.2636,44,0,0.6154,6306.0,14,0,2,0,2.0,0
0.2133,81,0,0.8758,5385.0,10,0,0,0,1.0,0
0.3272,48,0,0.6138,,9,0,0,0,0.0,0
0.595,52,0,0.7094,4541.0,10,0,0,0,1.0,0
0.062,63,0,0.839,3720.0,4,0,3,0,2.0,0
0.1654,83,0,0.6035,15638.0,3,0,0,0,1.0,1
0.1603,49,0,0.0946,3340.0,5,0,1,0,0.0,0
0.0884,26,0,0.8398,2761.0,7,0,1,0,1.0,0
0.3657,51,0,0.2707,11430.0,5,0,0,0,3.0,0
0.4822,28,0,0.6319,3442.0,4,0,1,0,1.0,1
1.3841,45,0,1.1054,2547.0,7,0,2,0,0.0,0
1.0486,73,0,0.2063,9272.0,9,0,1,0,0.0,0
0.8112,41,0,0.6512,,4,0,1,0,1.0,0
0.6762,37,0,0.2011,4255.0,8,0,0,0,1.0,0
0.3906,64,0,0.3576,5300.0,11,0,1,0,0.0,0
0.7039,49,0,1.1975,,10,0,0,0,1.0,1
0.2274,69,0,0.3993,,4,0,1,0,3.0,0
0.2,48,0,0.296,,14,0,1,0,2.0,0
0.6145,61,0,0.3682,,7,0,2,0,1.0,0
0.3984,30,0,0.7924,1866.0,10,0,0,0,3.0,0
0.1635,39,0,0.7475,5200.0,9,0,0,0,0.0,0
1.0712,49,0,0.6611,4904.0,14,0,2,0,0.0,0
0.394,46,4,0.1823,4535.0,3,0,1,0,2.0,0
0.2737,87,0,0.776,11372.0,5,0,0,0,2.0,1
0.4503,66,0,0.3491,8902.0,7,0,0,0,0.0,0
0.6868,66,0,0.5525,1956.0,9,0,2,0,1.0,0
0.5497,50,0,0.1658,3136.0,7,0,2,0,1.0,0
0.4141,32,0,0.3686,1884.0,7,0,0,0,2.0,0
0.6561,75,0,0.4106,,7,0,1,0,1.0,0
0.0834,29,0,0.22,5041.0,6,0,1,0,0.0,0
0.8147,44,0,0.2543,3275.0,4,0,0,0,0.0,0
0.2311,60,0,0.113,9313.0,5,0,3,0,0.0,0
0.1581,89,0,0.9993,5498.0,16,0,1,0,1.0,0
0.6699,76,0,0.2325,3594.0,12,0,0,0,1.0,1
2.0104,61,0,0.0355,,4,0,1,0,,0
0.6054,82,0,0.7434,2271.0,9,0,0,0,0.0,0
0.7639,45,0,0.2621,3637.0,4,0,1,0,4.0,0
0.384,58,0,0.4481,,6,0,1,0,0.0,0
0.5712,72,0,0.6764,6902.0,9,0,0,0,,0
0.2441,32,0,0.5995,2678.0,11,0,0,0,2.0,0
0.247,57,0,0.7348,,8,0,0,0,0.0,0
0.3578,58,0,0.51,9186.0,9,0,0,0,2.0,0
0.2494,58,0,0.7108,3364.0,4,0,1,0,0.0,0
0.1987,37,0,0.2374,,9,0,1,0,1.0,0
0.0696,58,0,0.5187,9006.0,10,0,0,0,1.0,0
0.0494,56,0,1.2646,8383.0,3,0,1,0,1.0,0
0.1172,44,0,0.4729,7774.0,9,0,1,0,0.0,0
0.1947,63,0,0.657,8750.0,10,0,1,0,0.0,0
1.0122,71,0,0.5932,8031.0,5,0,2,0,3.0,0
0.0632,42,0,0.9886,3285.0,7,0,1,0,1.0,0
0.6024,59,0,0.5769,5663.0,3,0,1,0,0.0,0
0.3422,71,0,0.8907,4821.0,13,0,0,0,0.0,0
0.638,72,0,0.1726,6295.0,14,0,1,0,0.0,0
0.8463,50,0,0.4142,7801.0,8,0,0,0,0.0,0
0.0498,67,0,0.1985,3125.0,7,0,1,0,1.0,0
6.0245,49,2,0.403,1093.0,9,0,1,0,0.0,0
2.2136,63,0,0.6009,,14,0,1,0,2.0,0
0.1174,42,0,0.4533,5675.0,9,0,0,0,1.0,0
0.362,31,0,0.5832,,4,0,1,0,0.0,0
0.268,59,0,0.6424,5961.0,3,0,0,0,1.0,0
0.3995,64,0,0.2154,16318.0,5,0,1,0,2.0,0
0.5155,62,0,0.3162,,10,0,0,0,0.0,0
1.0854,41,0,0.4164,2011.0,4,0,0,0,1.0,0
0.2722,21,0,0.7061,12457.0,8,0,0,0,0.0,0
0.2108,64,0,0.1451,10214.0,5,0,3,0,0.0,0
4.712,72,0,0.6773,3462.0,7,0,0,0,1.0,0
1.353,25,0,0.1196,3746.0,6,0,1,0,1.0,1
0.2891,48,0,0.2947,4136.0,6,0,0,0,0.0,0
0.8581,39,0,0.9465,3875.0,7,0,1,0,1.0,0
0.4186,55,0,0.3091,,6,0,1,0,1.0,0
0.2036,71,0,0.4292,7395.0,4,0,0,0,1.0,1
0.284,49,0,0.0657,5143.0,9,0,0,0,0.0,0
0.3716,45,0,0.6754,10255.0,7,0,0,0,0.0,0
0.0947,57,0,0.4507,,8,0,3,0,1.0,0
0.4952,22,0,0.1375,5185.0,10,0,2,0,2.0,0
1.6543,64,0,0.2763,6351.0,7,0,1,0,0.0,0
0.0113,67,0,0.3708,4980.0,7,0,0,0,0.0,0
1.1432,52,0,0.5937,,10,0,0,0,1.0,0
0.0293,46,0,0.5975,20143.0,6,0,0,0,0.0,0
4.7168,48,0,0.4089,3959.0,11,0,0,0,1.0,0
0.5722,48,0,0.2541,,10,0,3,0,0.0,0
1.6665,51,0,0.2123,3337.0,12,0,1,0,0.0,0
0.4576,30,0,0.5714,3768.0,10,0,2,0,1.0,0
0.3477,58,0,0.4619,2618.0,10,0,1,0,1.0,0
0.0234,47,0,0.9325,9384.0,6,0,1,0,0.0,0
0.468,52,0,0.672,4968.0,5,0,0,0,0.0,0
0.0878,44,0,0.1529,8084.0,10,0,0,0,0.0,0
0.0337,57,0,0.54,,3,0,3,0,1.0,0
0.2102,71,0,0.2029,2791.0,4,0,0,0,1.0,0
0.9792,55,0,1.0164,,3,0,1,0,1.0,0
0.4092,29,0,0.48,4650.0,9,0,0,0,0.0,0
0.5347,52,1,0.6285,,6,2,0,2,0.0,0
2.7764,55,0,0.3449,3933.0,5,0,0,0,1.0,0
0.2358,51,0,0.6814,6274.0,3,0,1,0,1.0,0
0.415,41,0,0.3039,3800.0,7,0,0,0,0.0,0
2.5408,51,0,0.3081,5234.0,10,0,1,0,0.0,0
0.1781,64,0,0.2679,6420.0,8,0,1,0,0.0,0
0.258,48,0,0.2407,3539.0,7,0,1,0,2.0,0
0.025,71,0,0.4745,12905.0,11,0,3,0,0.0,0
2.0299,43,0,0.6317,,8,0,1,0,0.0,0
0.0345,38,0,0.8322,5978.0,11,0,2,0,1.0,0
0.273,49,0,0.4777,9015.0,9,0,2,1,1.0,0
0.2527,24,0,0.4624,5039.0,14,0,1,0,2.0,0
0.3338,52,0,0.3496,3103.0,6,0,1,0,0.0,0
1.0415,47,0,0.2577,4644.0,7,0,1,0,0.0,0
1.7729,62,0,0.4026,16279.0,5,0,3,0,1.0,0
1.9426,28,3,0.4846,2402.0,2,0,0,0,1.0,0
0.024,63,0,0.5619,5400.0,11,0,3,0,0.0,0
0.425,54,0,0.5682,3948.0,6,0,1,0,1.0,0
0.0073,74,0,0.7808,2763.0,5,0,5,0,0.0,0
0.319,50,0,0.2783,24252.0,6,0,1,0,1.0,0
0.0486,57,0,0.392,2580.0,10,0,0,0,3.0,0
0.0728,61,0,0.258,3434.0,8,0,1,0,1.0,0
2.0124,24,0,0.5173,9605.0,6,0,1,0,1.0,0
0.5272,68,0,0.576,2354.0,9,0,1,0,1.0,0
0.2779,50,0,0.3067,7826.0,4,0,2,0,3.0,0
0.3513,34,0,0.3567,1365.0,10,0,2,0,2.0,0
0.1869,51,0,0.5043,,9,0,2,0,2.0,0
3.6291,68,0,1.1128,4156.0,10,0,0,0,2.0,0
0.8649,47,0,0.992,8311.0,6,0,1,0,1.0,0
0.4863,53,0,0.827,7916.0,7,0,2,0,1.0,0
3.8546,24,0,0.8705,7057.0,7,0,0,0,1.0,0
0.1481,40,0,0.6103,,2,0,1,0,0.0,0
1.7323,62,0,0.3022,2487.0,8,0,1,0,1.0,0
0.9174,67,0,0.5834,3765.0,7,0,2,0,0.0,0
1.4337,55,0,0.3106,1893.0,7,0,1,0,2.0,0
0.0999,60,0,0.1955,3702.0,13,0,1,0,2.0,0
0.8459,46,2,0.5127,,7,0,2,0,3.0,0
2.3935,52,0,0.9167,17204.0,14,0,1,0,0.0,0
0.7869,37,0,0.49,2100.0,8,0,0,0,1.0,0
0.1124,45,0,0.8713,4980.0,10,0,0,0,0.0,0
0.3556,52,0,0.0947,2636.0,6,0,0,0,2.0,0
0.1203,30,0,0.8419,5822.0,6,0,1,0,0.0,0
0.2913,86,0,0.5717,3091.0,9,0,0,0,0.0,0
0.1288,42,0,0.4504,2460.0,5,0,2,0,0.0,0
0.4803,55,0,0.8236,9199.0,4,0,2,0,1.0,0
0.4947,34,0,0.6776,3379.0,4,0,0,0,0.0,0
1.5562,21,1,0.6786,,14,0,0,0,1.0,0
0.2456,76,0,0.3999,6347.0,5,0,1,0,0.0,0
0.0715,53,0,0.1354,7024.0,9,0,3,0,2.0,0
0.0915,22,0,0.1965,,5,0,1,0,0.0,0
4.1717,38,0,0.3992,4296.0,10,0,2,0,2.0,0
0.0479,81,0,0.3842,7643.0,5,0,0,0,0.0,0
0.379,59,0,0.2656,2406.0,6,0,0,0,0.0,0
0.6918,21,0,0.7135,2106.0,8,0,1,0,1.0,0
0.0943,45,0,0.4871,10293.0,4,0,0,0,0.0,0
0.1522,49,0,0.4867,8914.0,3,0,2,0,0.0,0
0.5084,59,0,0.3674,18620.0,5,0,0,0,0.0,0
2.6563,52,0,0.0774,2710.0,5,0,1,0,1.0,0
0.5487,28,0,1.0109,5337.0,3,0,1,0,0.0,1
0.4903,43,0,0.7975,1836.0,7,0,0,0,0.0,0
0.3842,39,0,0.2091,,6,0,3,0,0.0,0
3.6297,62,2,0.9286,10916.0,8,0,1,0,2.0,0
0.1936,44,0,0.3747,4433.0,5,0,2,0,1.0,0
0.6212,44,0,0.1256,2406.0,11,0,1,0,1.0,0
4.0803,48,0,0.6238,7568.0,12,0,1,0,0.0,0
0.5336,40,2,0.5692,3195.0,7,0,1,1,2.0,0
0.0445,73,0,0.7437,16589.0,7,0,2,0,2.0,0
7.3527,68,0,0.1068,1180.0,5,0,1,0,1.0,0
0.6909,68,0,0.2013,9489.0,9,0,1,0,2.0,0
0.0963,35,0,0.4993,2192.0,12,0,2,0,0.0,0
0.062,57,0,0.2715,2037.0,5,0,1,0,0.0,0
5.077,63,0,0.5576,8090.0,11,0,2,0,1.0,0
0.308,38,1,0.415,6490.0,7,0,1,1,0.0,0
1.6754,36,0,0.1712,3343.0,5,0,2,0,1.0,0
0.3197,38,0,1.0175,4323.0,7,0,1,0,1.0,0
0.113,32,0,0.785,2607.0,12,0,2,0,1.0,0
1.6974,67,0,1.0118,2879.0,9,0,1,0,0.0,0
0.1998,65,0,0.5674,5632.0,6,0,3,0,0.0,0
6.272,47,0,1.6498,7649.0,4,0,0,0,0.0,0
0.1107,51,0,0.4606,7911.0,5,0,1,0,0.0,0
1.975,42,0,0.5591,1803.0,6,0,1,0,1.0,0
0.024,84,0,0.2324,,10,0,2,0,1.0,0
0.5586,46,0,0.6614,5334.0,6,0,0,0,0.0,1
1.9323,45,0,0.7564,6186.0,12,0,2,0,0.0,0
0.3629,50,0,0.2493,9402.0,8,0,1,0,3.0,0
2.6348,34,0,0.2424,,8,0,0,0,2.0,0
0.8399,56,0,1.0751,10511.0,9,0,0,0,0.0,0
2.7958,72,0,0.6277,2780.0,5,0,1,0,0.0,0
4.5449,50,1,0.8602,2744.0,12,1,2,0,0.0,0
0.501,63,0,0.6035,2568.0,9,0,3,0,1.0,0
0.2483,25,0,0.5874,9226.0,5,0,1,0,0.0,0
1.2337,39,0,0.4901,5291.0,10,0,3,0,0.0,0
0.0448,53,0,0.8497,,12,0,0,0,0.0,0
0.8383,26,0,0.4366,4816.0,8,0,0,0,0.0,1
0.0059,57,0,0.4509,,10,0,2,0,0.0,0
2.46,48,0,0.7954,,8,0,2,0,0.0,0
0.7259,56,0,0.1705,4896.0,8,0,0,0,1.0,0
0.4275,49,0,0.5612,1100.0,8,0,1,0,2.0,0
0.8987,50,0,0.4358,5043.0,8,0,0,0,0.0,0
0.5715,21,0,0.3098,7212.0,9,0,0,0,0.0,0
0.446,37,0,0.277,,5,0,0,0,0.0,0
0.7069,59,0,0.3756,4764.0,12,0,1,0,2.0,0
0.2647,32,0,0.01,,7,0,1,0,0.0,0
0.5827,38,0,0.1151,12211.0,10,0,0,0,1.0,0
0.3351,46,0,0.4013,3869.0,5,0,2,0,1.0,0
0.4192,47,0,0.6193,7068.0,8,0,1,0,0.0,0
0.4443,62,0,0.3942,4869.0,3,0,2,0,0.0,0
0.0343,55,0,0.467,5919.0,10,0,1,0,0.0,0
0.1393,43,0,0.5025,7604.0,7,0,1,0,0.0,0
0.8893,28,0,1.0801,9776.0,6,0,0,0,0.0,0
0.6253,95,0,0.2345,7662.0,1,0,2,0,1.0,0
0.0425,53,0,0.7952,2812.0,11,0,0,0,0.0,0
0.9178,65,1,0.1592,1634.0,7,0,0,0,1.0,0
0.0323,21,0,0.5223,4896.0,2,0,0,0,1.0,0
0.6404,47,0,0.3577,14145.0,6,0,1,0,2.0,0
0.1131,46,0,0.4738,6212.0,9,1,1,0,2.0,0
0.7641,45,0,0.7823,7101.0,11,0,0,0,0.0,0
0.5925,63,0,0.1702,3747.0,12,0,3,0,0.0,0
1.6442,48,0,0.4571,9484.0,7,0,0,0,0.0,0
0.385,46,0,0.1363,,4,0,3,0,1.0,0
0.3615,52,0,0.4399,,10,0,1,0,1.0,0
0.4733,52,0,0.6578,,7,0,1,0,1.0,0
0.1919,35,0,1.0001,3383.0,8,0,0,0,0.0,0
0.315,66,0,0.5879,6854.0,8,0,2,0,1.0,0
0.0984,44,0,0.6377,12869.0,2,0,1,0,0.0,0
1.1564,51,0,0.1678,10766.0,6,0,0,0,0.0,0
1.5041,73,0,0.3559,2978.0,5,0,0,0,0.0,0
0.2841,93,0,1.2084,8485.0,12,0,2,0,0.0,0
0.294,59,0,0.1847,4486.0,7,0,1,0,1.0,0
0.5465,28,0,0.2135,1414.0,7,0,1,0,1.0,1
0.2117,48,0,0.9125,4671.0,9,0,2,0,1.0,0
0.6822,76,3,0.2701,,9,0,1,0,3.0,0
1.0899,49,0,0.3339,,4,0,1,0,0.0,0
0.5982,64,0,0.7271,,7,0,1,0,1.0,0
0.2621,63,0,0.3339,11465.0,11,0,1,0,0.0,0
1.3639,42,0,0.8439,6589.0,8,0,0,0,0.0,0
0.034,78,0,0.8764,3997.0,7,0,2,0,0.0,0
0.2355,58,0,0.1149,10083.0,6,0,0,0,0.0,0
0.7373,52,0,0.1341,,13,0,3,0,0.0,0
0.9056,50,0,0.6106,4140.0,9,0,0,0,2.0,0
0.2029,36,0,0.31,3443.0,7,0,1,0,0.0,0
3.9477,41,0,0.099,3212.0,12,0,0,0,0.0,0
1.2365,38,0,0.4905,,11,0,1,0,0.0,1
1.3689,84,0,0.2443,2195.0,2,0,0,0,0.0,1
0.5244,67,0,0.4903,6593.0,11,0,0,0,1.0,0
0.0231,38,0,0.2558,8081.0,9,0,0,0,0.0,0
2.5927,78,0,0.6563,13662.0,5,0,1,0,0.0,0
0.9566,71,0,0.5379,3556.0,10,0,0,0,1.0,0
0.1215,43,0,0.5927,,4,0,0,0,0.0,0
1.9019,59,1,0.2309,5838.0,10,0,2,0,0.0,0
0.4734,42,0,0.8287,2635.0,5,0,1,0,1.0,0
0.572,66,0,0.738,7107.0,9,0,1,0,2.0,0
0.6336,59,0,0.5053,11548.0,10,0,1,0,1.0,0
0.1917,46,0,0.7374,6713.0,10,0,1,0,0.0,0
0.2832,35,0,1.0502,,9,0,0,0,0.0,0
0.1974,51,0,0.2698,9035.0,8,0,2,0,1.0,0
1.1043,59,0,0.6699,,5,0,1,0,0.0,0
0.4127,70,0,0.4248,5470.0,6,0,0,0,0.0,1
0.936,61,0,0.7208,6304.0,5,0,1,0,1.0,0
0.0713,65,0,0.4774,,7,0,2,0,0.0,0
0.0091,41,0,0.4709,,6,0,2,0,,0
0.8557,24,0,0.7281,,11,0,1,0,2.0,0
0.4576,28,0,0.7395,3425.0,5,0,1,0,0.0,0
0.0141,48,0,0.8057,,9,0,2,0,2.0,0
0.5497,41,0,0.2702,6765.0,8,0,2,0,1.0,0
0.6941,50,0,0.3812,2469.0,10,0,2,0,1.0,0
0.0012,62,0,0.2753,,4,0,1,0,1.0,0
0.1402,61,0,0.1702,,5,0,1,0,2.0,0
2.1581,21,0,0.3708,3066.0,13,0,1,0,0.0,0
0.1472,88,0,0.7936,15821.0,8,0,2,0,2.0,0
0.1462,57,0,0.8252,7305.0,8,0,1,0,1.0,0
0.1519,56,0,0.1816,11964.0,4,0,0,0,1.0,0
0.2382,50,0,0.5584,7323.0,10,0,1,0,0.0,0
0.409,48,0,0.3212,6621.0,4,0,1,0,0.0,0
0.5002,67,0,0.3615,7937.0,6,0,1,0,0.0,0
0.6943,38,0,0.8739,1727.0,7,0,1,0,0.0,0
0.1439,56,0,0.6165,5005.0,7,0,0,0,0.0,0
0.0225,73,0,0.6662,4608.0,13,0,1,0,0.0,0
0.2638,55,0,0.3561,3132.0,7,0,1,0,2.0,0
3.5068,59,0,0.9162,5508.0,6,0,1,0,0.0,0
0.6702,32,0,0.1127,2728.0,14,0,1,0,1.0,0
0.3564,64,0,0.1944,9174.0,13,0,1,0,0.0,0
0.3737,57,0,0.7674,7126.0,5,0,2,0,1.0,0
0.2298,51,0,0.5307,7365.0,12,0,2,0,0.0,0
0.1118,62,0,0.1496,4995.0,5,0,0,0,0.0,0
0.0071,36,0,0.1382,18684.0,12,0,1,0,0.0,0
0.9006,77,0,0.0679,16466.0,13,0,4,0,0.0,0
0.4451,92,0,0.6106,,6,0,1,0,0.0,1
0.5315,44,0,0.2258,20361.0,7,0,0,0,3.0,0
0.0691,68,0,0.8145,4737.0,7,0,1,0,0.0,0
0.5986,50,0,0.6171,3781.0,9,0,0,0,3.0,1
0.2902,35,0,0.4455,9287.0,10,0,0,0,0.0,0
4.9678,70,0,0.4642,5737.0,10,0,2,0,1.0,0
0.4338,48,0,1.0242,6548.0,8,0,1,0,0.0,0
0.7173,61,0,0.3407,12457.0,6,0,1,0,0.0,0
1.4078,79,0,0.0848,4398.0,9,0,2,0,0.0,0
0.9535,59,0,0.8867,2636.0,2,0,0,0,1.0,0
0.9031,55,3,0.1781,7035.0,11,0,0,0,0.0,0
4.23,39,0,0.4514,801.0,7,0,2,0,0.0,0
0.3641,39,0,0.5922,,8,0,0,0,1.0,0
0.8067,50,0,0.6531,2798.0,13,0,0,0,0.0,0
0.035,47,0,0.6047,4963.0,9,0,0,0,0.0,0
0.3411,62,0,0.8849,2665.0,13,0,2,0,1.0,0
0.4873,37,0,0.4844,,9,0,1,0,1.0,0
0.7082,41,0,0.6477,2361.0,6,0,3,0,1.0,0
0.0842,50,0,0.8792,,8,0,0,0,1.0,0
0.2618,53,0,0.4591,7049.0,14,0,0,0,0.0,0
0.5304,53,0,0.0773,6060.0,13,0,0,0,1.0,1
0.3662,49,0,0.429,5198.0,3,0,2,0,1.0,0
0.3379,41,0,0.5423,5591.0,2,0,1,0,0.0,0
0.4718,60,0,0.1248,,12,0,0,0,0.0,0
0.7206,69,0,0.2016,2423.0,8,0,3,0,0.0,0
0.1186,56,0,0.2338,5992.0,6,0,1,0,0.0,0
0.2055,44,0,0.4739,2871.0,7,0,1,0,0.0,0
4.9054,25,0,0.78,3793.0,5,0,1,0,2.0,0
0.0867,75,0,0.2439,6062.0,4,0,1,0,2.0,1
0.1256,50,0,0.3916,,11,0,0,0,0.0,0
0.4226,71,0,0.3326,,8,0,1,0,1.0,1
0.4005,75,0,0.9386,,10,0,2,0,0.0,0
0.1833,63,3,0.9556,8669.0,9,0,0,0,1.0,0
0.1834,65,0,0.2005,2072.0,6,0,1,0,2.0,0
0.2376,64,1,0.5312,3419.0,6,0,0,0,1.0,0
0.2624,49,0,0.0987,1611.0,8,0,1,0,0.0,0
0.1519,36,0,0.5989,,8,0,0,0,1.0,0
0.2459,63,0,0.7055,5399.0,4,0,1,0,0.0,0
0.347,31,0,0.9027,3518.0,11,0,2,0,1.0,0
0.286,47,0,0.9655,6492.0,6,0,1,0,1.0,0
0.3583,43,0,0.3773,4294.0,11,0,1,0,2.0,0
0.027,60,0,0.5192,5724.0,5,0,1,0,0.0,0
0.0044,55,0,0.2565,4276.0,4,0,0,0,0.0,0
0.0457,43,0,0.3331,1693.0,7,0,1,0,1.0,0
0.3312,46,0,0.8276,,8,0,2,0,4.0,0
0.7432,79,0,0.2575,15951.0,15,0,0,0,1.0,0
4.494,41,0,0.6692,16047.0,11,0,0,0,,0
0.7331,49,0,0.076,7922.0,9,0,3,0,0.0,0
0.8273,60,0,0.4981,5971.0,14,0,1,0,0.0,0
0.6419,53,0,1.0708,3952.0,7,0,0,0,0.0,0
0.6948,61,0,0.2983,10367.0,10,0,3,0,1.0,0
0.4596,67,0,0.4268,,9,0,1,0,0.0,0
0.4256,72,0,0.1029,3108.0,5,0,0,0,0.0,1
0.4809,53,2,0.4501,8799.0,4,0,1,0,0.0,0
1.2423,58,0,0.5162,4198.0,9,0,0,0,1.0,0
1.7942,55,0,0.8202,2273.0,5,0,1,0,1.0,0
0.135,39,0,0.3041,,9,0,1,0,0.0,0
0.3609,55,0,0.5161,14080.0,6,0,2,0,0.0,0
0.7194,29,0,0.3711,1786.0,12,0,1,0,0.0,0
0.4705,57,0,0.3863,11822.0,3,0,1,0,1.0,0
0.4839,22,0,0.7565,3624.0,5,0,1,0,1.0,1
0.4433,38,0,0.6276,9103.0,4,0,1,0,0.0,0
0.3223,64,0,0.3402,1863.0,5,0,1,0,0.0,0
0.281,59,0,0.4693,3200.0,10,0,1,0,1.0,0
0.034,52,1,0.6916,3897.0,13,0,1,0,0.0,0
0.2673,46,0,0.4862,32521.0,12,0,1,0,1.0,0
0.2283,40,3,0.4225,,11,0,1,0,1.0,0
1.6269,44,0,0.3773,4256.0,9,0,2,0,1.0,0
0.8094,62,0,1.231,4232.0,12,0,0,0,0.0,1
0.7743,48,0,0.1367,5151.0,11,0,1,0,0.0,0
0.2385,23,0,0.5193,6110.0,15,0,2,0,1.0,0
0.3998,35,0,0.9379,9266.0,9,0,1,0,0.0,0
1.6411,41,0,0.2717,6987.0,7,0,2,0,3.0,0
0.3453,48,0,0.5375,7262.0,9,0,3,0,1.0,0
0.7143,48,0,0.3895,4241.0,6,0,0,0,0.0,0
0.3815,37,0,0.5543,8400.0,9,0,1,0,0.0,0
0.858,61,0,0.9079,1927.0,12,0,0,0,1.0,0
0.1805,24,0,0.0914,,9,0,0,0,2.0,0
0.0533,42,1,0.5515,6379.0,4,0,3,0,1.0,0
1.0995,63,0,0.8203,4170.0,8,0,1,0,1.0,0
2.6366,60,0,1.0611,3906.0,8,0,2,0,1.0,0
0.0123,48,0,1.0616,2040.0,5,0,2,0,0.0,0
0.4465,65,0,0.4744,19091.0,4,0,1,0,0.0,0
0.3979,56,0,0.1343,5096.0,10,0,0,0,0.0,0
0.601,53,0,0.3892,3395.0,12,0,3,0,1.0,0
0.4538,60,0,0.1191,21005.0,8,0,1,0,1.0,0
0.1227,58,0,0.5742,1832.0,5,0,0,0,0.0,0
0.0043,71,0,0.7828,5324.0,11,0,1,0,0.0,0
0.3153,48,0,0.3557,2620.0,6,0,1,0,4.0,0
0.3433,49,0,0.1673,,3,0,1,0,1.0,0
2.345,55,0,0.4822,12474.0,5,0,0,0,0.0,0
0.4169,52,0,0.0115,2076.0,7,0,0,0,1.0,0
0.346,78,0,1.115,2814.0,6,0,1,0,2.0,0
0.1795,59,0,0.221,6791.0,6,0,1,0,1.0,0
0.0915,42,0,0.4443,3546.0,3,0,0,0,3.0,0
0.6959,31,0,1.0121,5388.0,9,0,2,0,1.0,0
0.0695,74,0,0.8859,16416.0,4,0,0,0,1.0,0
0.502,47,0,0.1819,7505.0,7,0,5,0,1.0,0
0.7386,57,0,0.8165,3752.0,5,0,2,0,0.0,0
0.2305,52,0,0.5673,4401.0,7,0,1,0,1.0,0
0.1105,63,0,0.1402,4403.0,8,0,0,0,0.0,0
0.1929,44,0,0.8834,,4,0,0,0,0.0,0
0.2484,54,1,0.5231,5630.0,6,0,1,0,2.0,0
0.2688,44,0,0.7699,,6,0,1,0,0.0,0
0.5275,91,0,0.3041,6349.0,11,0,3,0,1.0,1
0.1962,41,0,1.0083,4398.0,7,0,0,0,1.0,0
0.0271,60,0,0.4034,,8,0,0,0,1.0,0
0.2024,92,0,0.9655,,8,0,2,0,3.0,0
0.0171,67,0,0.5118,,5,0,0,0,0.0,0
0.2419,52,0,0.3509,11537.0,6,0,3,0,2.0,0
0.0268,54,0,0.2649,4296.0,6,0,2,0,1.0,0
1.1758,41,0,0.543,3434.0,12,0,1,0,0.0,0
0.8548,76,0,0.3885,4847.0,13,0,0,0,0.0,1
0.1817,49,0,0.5522,4194.0,4,0,3,0,1.0,0
0.9625,51,0,0.2816,5269.0,7,0,1,0,1.0,0
0.2444,40,0,0.6889,3053.0,12,0,2,0,0.0,0
0.8088,48,0,0.0319,12608.0,4,0,0,0,2.0,0
2.0019,53,0,0.8352,5018.0,8,0,1,0,0.0,0
0.5686,67,0,0.8535,,3,0,1,0,0.0,0
0.176,56,0,0.3243,2804.0,9,0,0,0,0.0,0
0.1775,67,0,0.6427,3231.0,6,0,0,0,0.0,0
0.4214,21,0,0.135,3761.0,4,0,4,0,1.0,0
0.7799,72,0,0.5651,4641.0,7,0,1,0,1.0,0
0.746,33,0,0.1456,2525.0,12,0,0,0,1.0,0
0.1259,63,0,0.7202,,5,0,2,0,2.0,0
0.1503,21,0,0.3712,3608.0,6,0,1,0,2.0,0
0.2309,53,0,0.726,3970.0,9,0,0,0,1.0,0
0.0634,65,0,0.1097,3798.0,8,0,1,0,1.0,0
0.2954,40,0,0.7406,6391.0,6,0,0,0,1.0,0
0.1159,53,0,0.043,,2,0,1,0,1.0,0
0.3789,65,0,0.3805,2296.0,7,0,0,0,0.0,0
0.7193,62,0,0.4291,4399.0,8,0,0,0,0.0,0
0.1103,30,0,0.8158,,6,0,0,0,1.0,0
0.2053,66,0,0.223,4470.0,5,0,1,0,2.0,0
0.69,76,0,0.8456,5068.0,10,0,1,0,2.0,1
0.4467,69,0,0.3165,2741.0,11,0,0,0,1.0,1
0.286,35,0,0.531,4987.0,7,0,1,0,1.0,0
0.1064,37,0,0.1302,7612.0,3,0,2,0,0.0,0
0.4311,53,0,0.8926,,6,0,2,0,0.0,0
0.4102,60,0,0.4632,3348.0,4,0,0,2,0.0,0
0.2637,64,0,0.9819,15725.0,13,0,0,0,0.0,0
0.9115,41,0,0.7086,3834.0,5,0,2,0,0.0,0
0.2477,51,0,0.3586,7415.0,5,0,0,0,0.0,0
0.0331,41,0,0.052,,8,0,2,0,0.0,0
3.7023,38,2,1.0055,,8,0,0,0,5.0,0
0.4634,58,0,0.6773,,4,0,2,0,1.0,0
1.137,51,0,0.1573,8851.0,10,0,2,0,0.0,0
0.6427,58,0,0.6294,4176.0,2,0,0,0,0.0,1
0.2365,44,0,0.4973,8110.0,7,0,2,0,0.0,0
0.506,61,0,0.2736,19688.0,11,0,0,0,1.0,0
0.565,36,0,0.2086,12250.0,8,0,0,0,,0
0.9948,46,0,0.6616,11025.0,2,0,1,0,0.0,0
0.1767,37,0,0.8151,1834.0,7,0,3,0,1.0,0
0.6243,56,0,0.0574,9098.0,9,0,2,0,0.0,0
0.2272,77,0,0.442,2017.0,8,0,2,0,1.0,0
0.03,57,0,0.8947,10069.0,8,0,5,0,1.0,0
0.4394,51,0,0.5679,,8,0,2,0,0.0,0
1.046,49,0,0.6254,,13,0,1,2,1.0,0
0.0621,44,0,0.3118,2368.0,6,0,0,0,0.0,0
0.599,67,0,0.5703,3439.0,11,0,1,0,0.0,0
0.5145,58,0,0.2662,4917.0,5,0,1,0,1.0,0
0.4016,29,0,0.6271,,4,0,0,0,1.0,0
0.7264,67,0,0.4408,4724.0,11,0,0,0,0.0,0
0.08,40,0,0.1999,3515.0,12,0,1,0,2.0,0
1.3141,43,0,0.4114,8376.0,6,0,0,0,0.0,0
0.6584,58,0,0.5275,6505.0,6,0,0,0,0.0,0
0.3451,44,0,0.6149,14383.0,7,0,0,0,2.0,0
0.0569,83,0,0.4722,,7,0,4,0,1.0,0
1.1632,49,0,0.4477,11271.0,10,0,2,0,4.0,0
0.3075,61,0,0.5653,,3,0,1,0,2.0,0
0.5854,30,0,0.2286,4241.0,7,0,2,0,2.0,0
0.2952,43,0,0.1519,3449.0,5,0,1,0,0.0,0
0.1806,50,0,0.4628,4488.0,6,0,1,0,0.0,0
4.5345,66,0,0.2212,10042.0,4,0,3,0,1.0,0
0.5307,37,0,0.5641,5412.0,5,0,0,0,0.0,0
0.2733,69,2,0.4661,10165.0,5,0,0,0,1.0,1
0.219,54,0,0.2588,3527.0,6,0,0,0,0.0,0
0.3431,57,0,0.24,,6,0,1,0,1.0,0
0.3519,42,0,0.3844,4588.0,13,0,0,0,1.0,0
0.2842,38,0,0.4864,3166.0,8,0,1,0,0.0,0
0.2831,22,0,1.0014,4488.0,10,0,1,0,1.0,0
0.3113,56,0,0.5317,4268.0,10,0,2,0,0.0,0
3.1293,61,0,0.9013,3943.0,7,0,2,0,1.0,0
0.3825,47,0,0.2507,7768.0,4,0,0,0,1.0,0
2.0097,30,0,0.4508,6690.0,11,0,2,0,0.0,0
0.257,44,0,0.1088,,4,0,1,0,2.0,0
0.4227,57,0,0.6577,3058.0,10,0,1,0,0.0,0
0.6317,55,0,0.8396,4472.0,9,0,0,0,,0
0.3014,61,0,0.2304,13905.0,9,0,3,0,0.0,0
0.7957,29,0,0.7926,6866.0,5,0,1,0,0.0,0
4.013,46,0,0.7095,,8,0,1,0,1.0,1
0.1185,51,0,0.9456,3966.0,13,0,3,0,0.0,0
0.4721,61,0,0.342,5427.0,9,0,0,0,0.0,0
0.3225,44,0,0.8584,2950.0,11,0,0,0,2.0,0
0.0493,59,0,0.6055,,4,0,1,0,0.0,0
0.2264,39,0,0.3805,6470.0,8,0,1,0,1.0,0
0.2476,55,0,0.6743,3846.0,3,0,0,0,0.0,0
0.6633,48,0,0.3369,4673.0,12,0,1,0,0.0,0
0.5096,47,0,0.2191,13426.0,10,0,1,0,0.0,0
0.1913,86,0,0.2926,,7,0,0,0,,0
0.3037,47,0,0.3584,2084.0,8,0,0,0,0.0,0
0.0892,46,0,0.1861,4854.0,4,0,1,0,2.0,0
1.5199,32,1,0.9538,3227.0,6,0,1,0,1.0,0
0.3594,66,1,0.6156,6724.0,12,0,0,0,1.0,0
0.3032,44,0,0.0519,3627.0,11,0,1,0,1.0,0
0.6277,52,0,0.6524,6992.0,12,0,2,0,1.0,0
8.2978,40,0,0.5183,7875.0,7,0,4,0,0.0,0
0.4847,58,0,0.4776,6961.0,8,0,1,0,2.0,0
0.9313,65,0,0.309,2880.0,7,0,0,0,2.0,0
0.1974,70,0,0.0918,3038.0,6,0,1,0,1.0,0
0.1748,50,0,0.3801,6549.0,6,0,2,0,0.0,0
0.19,44,0,0.6624,2514.0,6,0,1,0,2.0,0
2.1309,43,0,0.8511,2834.0,6,0,0,0,0.0,0
0.2979,52,0,0.2509,1225.0,10,0,1,0,0.0,0
0.1252,56,0,0.4712,3316.0,4,0,1,0,0.0,0
0.2941,60,0,0.3076,22769.0,9,0,1,0,1.0,0
0.1846,40,0,0.215,,5,0,1,0,0.0,0
0.9079,54,0,0.098,,6,0,1,0,0.0,0
0.6837,38,0,0.2302,2866.0,12,0,1,0,0.0,0
0.4955,50,0,0.48,7784.0,5,0,0,0,1.0,0
0.5428,72,0,0.3672,4253.0,10,0,1,0,0.0,0
0.2643,49,0,0.2343,,7,0,0,0,3.0,0
2.9453,40,0,0.2958,,5,0,0,0,0.0,0
0.6233,57,0,0.5637,10188.0,7,0,1,0,0.0,0
0.1294,65,2,0.8316,5536.0,10,0,2,0,2.0,0
0.771,41,0,1.3449,4745.0,3,0,3,0,1.0,1
0.2087,33,0,0.7827,5933.0,14,0,1,0,1.0,0
0.1153,41,0,0.559,2741.0,12,0,1,0,0.0,0
0.5606,46,0,0.5137,,5,0,0,0,0.0,1
0.5772,73,0,1.0072,2288.0,3,0,0,0,0.0,1
0.2779,32,0,0.7191,17299.0,8,0,2,0,0.0,0
0.4328,28,0,0.6434,1840.0,8,0,2,0,0.0,0
2.4931,56,0,0.6014,,7,0,0,0,1.0,0
0.3624,42,0,0.5558,,8,0,1,0,1.0,0
3.331,38,1,0.4877,,11,0,1,1,1.0,0
0.4686,61,0,0.9338,7966.0,6,0,0,0,2.0,0
0.7634,53,0,0.1793,2527.0,13,0,3,0,0.0,0
2.396,66,0,0.8158,10013.0,6,0,1,0,1.0,0
3.8066,62,0,0.628,11495.0,9,0,1,0,0.0,0
2.5209,35,0,0.5852,4887.0,2,0,1,0,0.0,0
1.044,28,1,0.5555,2918.0,9,0,1,1,0.0,0
2.9581,68,0,0.109,16576.0,10,0,1,0,,0
0.6666,50,0,0.9692,5243.0,8,0,1,0,0.0,0
0.2327,94,0,0.7346,,9,0,1,0,0.0,0
0.4698,66,0,0.1718,,5,0,2,0,0.0,0
0.1973,71,0,0.5769,4552.0,13,0,1,0,0.0,0
0.9559,39,0,0.6157,2151.0,7,0,1,0,0.0,0
0.3984,51,0,0.6763,4371.0,11,0,0,0,2.0,0
0.0434,63,0,1.0237,,9,0,0,0,0.0,0
0.1753,51,0,1.177,5534.0,4,0,1,0,0.0,0
0.1785,53,0,0.5861,10954.0,8,0,1,0,0.0,0
0.2251,55,0,0.3464,5999.0,9,0,0,0,1.0,0
0.5923,42,0,0.2714,7661.0,3,0,0,0,,0
0.3638,40,0,0.6456,10077.0,6,0,1,0,0.0,0
0.5177,49,0,0.8802,6820.0,5,0,0,0,0.0,0
0.1862,46,0,0.4459,12414.0,10,0,3,0,0.0,0
0.1823,40,0,0.6546,6551.0,7,0,2,0,0.0,0
0.3689,50,0,0.281,11321.0,10,0,0,0,1.0,0
0.6552,34,0,0.3685,3648.0,5,0,0,0,0.0,0
0.4689,63,0,0.6329,,7,0,1,0,0.0,1
2.9728,60,0,0.1638,7106.0,10,0,0,0,0.0,0
0.9075,62,0,0.7671,13186.0,5,0,4,0,1.0,0
0.3596,40,0,0.2458,4622.0,8,0,1,0,1.0,0
0.9202,38,1,0.395,4756.0,13,0,2,0,1.0,0
0.2267,70,0,0.1671,15238.0,8,0,0,0,1.0,0
0.305,49,0,0.422,2610.0,9,0,3,0,2.0,0
0.3039,60,0,0.4427,6838.0,5,0,3,0,0.0,0
0.2961,36,0,0.4325,2081.0,7,0,1,0,1.0,0
0.2678,48,0,0.6765,4424.0,9,0,2,0,0.0,0
0.2985,69,0,0.2213,3609.0,10,0,1,0,3.0,0
0.2898,54,0,0.1257,17895.0,10,0,3,0,0.0,0
1.8593,49,0,0.0827,8382.0,9,0,0,0,2.0,0
0.3694,60,0,0.7394,,12,0,1,0,0.0,0
0.212,56,0,0.7502,3587.0,7,0,1,0,2.0,0
0.6254,81,0,0.5534,5953.0,5,0,1,0,1.0,0
0.5674,53,0,0.0932,5595.0,6,0,0,0,0.0,0
0.0027,61,0,0.5467,6239.0,8,0,1,0,1.0,0
0.2562,50,0,0.6714,8129.0,8,0,0,0,0.0,0
0.0457,38,0,0.0955,10570.0,14,0,1,0,2.0,0
0.1829,58,0,0.1781,12062.0,11,0,0,0,1.0,0
0.4206,31,0,0.6433,4276.0,11,0,1,0,2.0,0
6.6437,66,0,0.2826,1886.0,5,0,0,0,0.0,0
0.432,34,0,0.6412,,12,0,1,0,2.0,0
0.3269,40,0,0.7615,,10,0,0,0,1.0,0
1.5358,38,0,0.1108,12642.0,8,0,3,0,0.0,0
0.676,61,0,0.4043,6208.0,3,0,2,0,1.0,0
0.6164,36,0,0.4436,,4,0,2,0,2.0,0
0.9509,59,0,0.196,6237.0,4,0,0,0,1.0,0
0.3124,43,0,0.3135,3816.0,7,0,0,0,1.0,0
0.8598,50,0,0.2154,2932.0,8,0,1,0,0.0,0
0.4129,44,0,0.6357,9029.0,9,0,0,0,0.0,0
4.1873,85,0,0.6903,,8,0,0,0,0.0,0
0.6962,29,0,0.5601,17467.0,8,0,0,0,0.0,0
0.1371,59,0,1.3945,,14,0,2,0,0.0,0
0.4475,52,0,0.4707,10560.0,10,0,1,0,1.0,0
0.0484,41,0,0.0675,1583.0,6,0,0,0,2.0,0
0.9832,58,2,0.5502,,8,0,1,0,1.0,0
0.7586,39,0,0.3901,,11,0,0,0,2.0,0
0.0693,37,0,0.3801,4168.0,13,0,4,0,1.0,0
0.1724,36,0,0.387,,12,0,0,0,0.0,0
0.8354,53,0,0.3961,3109.0,7,0,1,0,0.0,0
0.6673,44,0,0.6926,5822.0,6,0,0,0,0.0,0
2.4786,40,0,0.7758,6501.0,6,0,0,0,2.0,0
0.3387,57,0,0.4567,,10,0,1,0,1.0,0
0.3168,67,0,0.3297,21300.0,8,0,0,0,2.0,0
0.2015,32,0,0.4372,6284.0,9,0,3,0,0.0,0
0.9472,57,0,0.556,6801.0,5,0,0,0,3.0,0
0.6307,59,0,0.696,5283.0,13,0,2,0,0.0,0
0.0831,70,0,0.2148,,12,0,1,0,0.0,0
0.4208,48,0,0.5093,4724.0,6,0,5,0,2.0,0
0.6788,74,0,0.512,,8,0,1,0,0.0,1
0.0159,60,0,0.2134,,10,0,1,0,1.0,0
2.5558,26,0,0.1043,3584.0,7,0,0,0,0.0,0
2.1541,56,0,0.8115,6239.0,8,0,2,0,0.0,0
1.2913,52,0,0.3026,4185.0,10,0,1,0,1.0,0
0.0487,66,0,0.5118,,9,0,0,0,1.0,0
0.7627,69,0,0.4722,3479.0,2,0,1,0,0.0,1
0.1735,38,0,0.264,9441.0,6,0,1,0,0.0,0
0.5436,65,0,0.4182,14253.0,9,0,1,0,0.0,0
0.2425,50,0,0.5785,3759.0,7,0,2,0,1.0,0
2.9685,42,0,0.0766,18262.0,4,0,2,0,1.0,0
0.0134,72,0,0.509,6074.0,10,0,2,0,0.0,0
2.7465,45,0,0.702,,5,0,0,0,0.0,0
0.3884,52,0,0.6856,3155.0,8,0,0,0,1.0,0
0.9172,51,0,0.2753,5101.0,7,0,2,0,0.0,0
0.5599,59,0,0.7043,3740.0,10,0,0,0,0.0,0
0.4116,70,0,0.0652,1857.0,11,0,0,0,0.0,0
7.6942,75,0,0.9832,,8,0,0,0,2.0,1
0.9981,65,0,0.2568,,9,0,0,0,0.0,0
0.9348,28,0,0.6584,9945.0,7,0,1,0,0.0,0
0.3936,72,0,1.1384,12506.0,6,0,3,0,0.0,0
0.1788,60,0,0.1524,3507.0,5,0,0,0,0.0,0
0.1345,67,0,0.0702,6760.0,14,0,0,0,0.0,0
0.2265,48,0,0.5687,,10,0,1,0,1.0,0
0.687,52,0,0.2895,7878.0,11,0,0,0,0.0,0
0.1261,65,0,0.7112,9602.0,7,0,0,0,0.0,0
0.1642,80,0,0.7831,6114.0,13,0,1,0,0.0,0
3.8444,55,0,0.5968,5183.0,13,0,1,0,1.0,0
0.1244,35,0,0.7111,,4,0,2,0,0.0,0
0.3249,60,0,0.4792,6372.0,13,0,1,0,2.0,0
0.2989,49,0,0.4206,6373.0,5,0,4,0,0.0,0
0.301,37,0,0.1054,4931.0,9,0,2,0,1.0,0
0.0894,50,0,0.183,4527.0,10,0,0,0,0.0,0
1.2177,59,0,0.2635,5058.0,7,0,0,0,0.0,0
0.5694,67,0,0.7939,16600.0,5,0,0,0,1.0,0
1.3118,45,0,0.0427,10262.0,3,0,0,0,0.0,0
0.2775,46,0,0.6669,7849.0,11,0,0,0,1.0,0
0.4141,51,0,0.0564,10657.0,7,0,0,0,0.0,0
0.6415,77,0,0.2179,,5,0,1,0,0.0,0
0.0267,71,0,0.739,10253.0,4,0,2,0,1.0,0
0.3507,60,0,0.4747,10634.0,5,0,1,0,,0
3.0778,59,0,0.637,,6,0,3,0,0.0,0
0.6089,48,0,0.3391,13034.0,5,0,2,0,0.0,0
0.434,63,0,0.5221,1536.0,9,0,0,0,0.0,0
1.7094,38,0,0.6043,,7,0,0,0,0.0,1
0.5686,59,0,0.3194,,8,0,1,0,0.0,0
0.4446,24,0,0.335,6658.0,8,0,0,0,1.0,0
4.2109,29,0,0.3123,5433.0,8,0,3,0,0.0,0
0.0373,25,0,0.5913,,8,0,2,0,3.0,0
0.3442,78,0,0.1308,4098.0,10,0,4,0,2.0,0
0.2457,50,0,0.5435,3154.0,10,0,0,0,1.0,0
2.3146,33,0,0.1486,2311.0,10,0,2,0,2.0,0
0.2905,86,0,0.2776,,10,0,1,0,4.0,0
0.2479,41,0,0.2357,20140.0,12,0,2,0,1.0,0
0.6064,59,0,0.3398,5984.0,8,0,1,0,1.0,0
1.5555,41,0,0.6957,12759.0,11,0,0,0,1.0,0
0.0475,63,0,0.586,,11,0,0,0,2.0,0
0.4527,52,0,0.723,2129.0,11,0,3,0,1.0,0
0.1556,42,0,0.2422,,12,0,0,0,1.0,0
6.743,33,0,0.7991,,7,0,0,0,1.0,0
0.1958,42,0,0.8866,1839.0,7,0,1,0,0.0,0
3.7353,38,0,0.5951,,7,0,1,0,1.0,0
0.2545,27,0,0.5793,,10,0,0,0,1.0,0
0.0182,62,0,0.7427,,14,0,0,0,1.0,0
0.3643,68,0,0.1429,11864.0,13,0,2,0,0.0,0
0.6321,42,0,1.3202,,11,0,0,0,1.0,1
0.1786,23,0,0.4398,3602.0,6,0,1,0,0.0,0
0.6102,57,0,0.2762,6522.0,2,0,2,0,0.0,0
0.2374,54,0,0.2148,4724.0,12,0,0,0,0.0,0
0.6861,38,0,0.1876,4443.0,12,0,0,0,0.0,0
0.1141,51,0,0.1771,7774.0,11,0,0,0,0.0,0
0.8085,21,0,0.3655,,3,0,2,0,0.0,0
0.3451,52,0,0.2986,7405.0,12,0,0,0,0.0,0
0.6726,50,0,0.6525,8022.0,9,0,3,0,0.0,0
0.5649,71,0,0.5475,4457.0,9,0,0,0,1.0,0
1.8357,56,0,0.5755,5689.0,6,0,0,0,0.0,0
0.1465,53,0,0.1296,12131.0,13,0,1,0,1.0,0
0.0252,79,0,1.1565,9082.0,9,0,0,0,1.0,0
0.4857,41,0,0.4828,5587.0,5,0,3,0,1.0,0
0.5447,31,0,0.3423,3542.0,6,0,2,0,1.0,0
0.8817,65,0,0.8136,,7,0,2,0,0.0,0
0.4011,67,0,0.0611,10629.0,6,0,0,0,1.0,0
3.7889,67,0,0.3291,13486.0,9,0,1,0,1.0,0
0.0022,49,0,0.6724,,4,0,0,0,1.0,0
0.3171,42,0,0.5368,,7,0,0,0,0.0,0
0.4969,35,0,0.5451,,8,0,0,0,0.0,0
0.2403,40,0,0.4949,3624.0,9,0,0,0,1.0,0
0.603,31,0,0.6786,,8,0,1,0,1.0,0
0.6715,46,0,0.2209,19971.0,9,0,0,0,1.0,0
1.2769,75,0,0.1183,5366.0,5,0,2,0,0.0,0
0.1903,44,2,0.5873,6055.0,5,0,0,0,1.0,0
0.9568,54,0,0.4869,2098.0,8,0,0,0,0.0,0
0.2214,60,0,0.1869,,7,0,2,0,0.0,0
0.9322,47,0,0.6499,4984.0,8,0,1,0,0.0,1
7.9029,47,1,0.5358,3999.0,6,1,1,2,1.0,0
0.545,70,4,0.7909,3846.0,10,0,1,1,1.0,0
0.2921,55,0,0.3097,7432.0,13,0,1,0,0.0,0
0.6934,68,0,0.5375,,3,0,0,0,0.0,0
0.2807,85,0,0.6968,4536.0,8,0,0,0,0.0,0
0.0031,40,0,0.5828,2497.0,11,0,1,0,0.0,0
0.2814,50,2,0.0392,,5,0,4,0,1.0,0
0.3681,50,0,0.3091,,6,0,2,0,2.0,0
0.4747,45,0,0.4511,4158.0,10,0,0,0,3.0,0
0.0105,46,0,0.4268,,7,0,2,0,1.0,0
0.1701,72,0,0.6589,9115.0,4,0,1,0,1.0,0
0.3127,53,0,0.9178,6173.0,10,0,1,0,1.0,0
2.2064,87,1,0.5719,2662.0,9,0,1,0,1.0,0
0.0313,46,0,0.071,7088.0,11,0,0,0,1.0,0
0.1638,73,0,0.2268,7962.0,7,0,1,0,0.0,0
1.7411,77,1,0.5656,,7,1,0,0,0.0,0
0.5903,51,1,0.5589,,16,0,0,2,0.0,0
0.0614,58,0,0.4072,6759.0,10,0,1,0,2.0,0
0.9901,64,0,0.1284,4345.0,5,0,3,0,0.0,1
1.2724,44,0,0.6291,22728.0,12,0,0,0,0.0,0
0.2609,75,0,0.7345,,9,0,1,0,2.0,0
0.1598,41,0,0.1847,2822.0,13,0,0,0,1.0,0
0.551,45,0,0.5753,7347.0,15,0,1,0,2.0,0
0.2727,45,0,0.3099,,7,0,1,0,0.0,0
0.3533,55,0,0.7596,,6,0,1,0,0.0,0
1.246,57,0,0.6695,6164.0,4,0,2,0,2.0,0
0.1813,43,0,0.0846,5681.0,6,0,0,0,2.0,0
0.511,50,0,0.5232,2419.0,14,0,0,0,2.0,0
0.4807,36,0,0.6417,3195.0,8,0,0,0,2.0,0
0.5737,68,0,0.5809,8770.0,10,0,2,0,2.0,0
0.5386,62,0,0.416,2530.0,6,0,1,0,0.0,0
0.0543,47,0,0.5717,,6,0,0,0,0.0,0
0.5298,49,0,0.6491,14085.0,8,0,1,0,0.0,0
2.3393,43,0,1.3661,23699.0,4,0,1,0,0.0,0
0.5591,39,3,0.674,2511.0,6,1,0,0,1.0,0
0.0472,37,0,0.777,,5,0,1,0,1.0,0
0.8358,39,2,0.0627,2378.0,5,0,1,1,0.0,0
0.912,65,0,0.2368,9991.0,14,0,0,0,2.0,0
0.0724,67,0,0.258,3266.0,8,0,1,0,1.0,0
0.3321,33,0,0.7373,5222.0,11,0,1,0,2.0,0
0.3917,62,0,1.0412,4612.0,5,0,0,0,1.0,0
0.3189,35,0,0.5197,4144.0,10,0,1,0,0.0,0
0.0104,63,0,0.3696,8309.0,8,0,0,0,0.0,0
0.3192,53,0,0.2718,,6,0,0,0,0.0,0
0.3673,45,0,0.195,4247.0,10,0,2,0,,0
0.0724,58,0,0.9136,6417.0,6,0,0,0,1.0,0
0.4198,71,0,0.4888,10596.0,7,0,1,0,2.0,0
0.2408,26,0,0.1466,,7,0,1,0,0.0,0
1.0694,68,0,0.4896,9326.0,12,0,2,0,0.0,0
0.247,41,0,0.0354,2340.0,8,0,1,0,0.0,0
0.7769,72,0,0.8191,5378.0,4,0,0,0,1.0,0
1.8841,64,0,0.3166,4277.0,8,0,0,0,0.0,0
0.6103,36,0,0.2572,7982.0,13,0,1,0,0.0,0
0.3586,44,0,0.3187,4040.0,4,0,0,0,3.0,0
8.4514,59,0,0.8527,3035.0,9,0,2,0,1.0,0
0.1298,65,0,0.4339,,10,0,1,0,2.0,0
0.5338,59,0,0.3602,7736.0,8,0,1,0,1.0,0
0.6261,57,0,0.1153,11597.0,8,0,1,0,1.0,0
2.3782,43,0,0.1939,,6,0,1,0,1.0,0
0.48,52,0,0.7465,,11,0,1,0,1.0,0
0.6334,51,0,0.9618,4814.0,4,0,0,0,0.0,1
1.1321,31,0,0.0298,4691.0,5,0,1,0,0.0,0
0.9978,57,0,0.3963,4774.0,12,0,1,0,0.0,0
0.0937,47,0,0.7185,13714.0,3,0,3,0,0.0,0
0.4448,71,0,0.4625,7392.0,11,0,1,0,0.0,0
0.5,68,0,0.8612,,2,0,0,0,0.0,1
0.3363,55,0,0.2089,16887.0,11,0,3,0,0.0,0
2.4314,67,0,0.7241,2817.0,4,0,1,0,0.0,0
0.9834,61,0,0.1383,1664.0,8,0,1,0,2.0,0
0.6795,52,0,0.7199,1709.0,4,0,0,0,0.0,1
5.383,32,0,0.6048,3635.0,8,0,4,0,,1
0.7786,50,0,0.4676,5339.0,8,0,1,0,1.0,0
0.1452,47,0,0.2325,3304.0,4,0,1,0,1.0,0
0.2115,50,0,0.263,,14,0,3,0,0.0,0
0.5439,49,0,0.7521,1595.0,8,0,0,0,0.0,0
2.8662,67,0,0.2428,7663.0,7,0,2,0,0.0,0
0.0995,69,0,0.5334,5286.0,7,0,1,0,0.0,0
0.3654,45,0,0.5164,15839.0,6,0,2,0,0.0,0
0.4471,33,0,0.3408,1825.0,5,0,1,0,1.0,0
0.703,38,2,0.2831,4023.0,11,1,2,0,1.0,0
0.288,69,0,0.1881,8586.0,6,0,2,0,,0
0.219,65,0,0.7047,4723.0,10,0,0,0,1.0,0
0.4182,36,0,0.6145,4612.0,6,0,2,0,2.0,0
1.2768,31,0,0.8146,3472.0,6,0,0,0,1.0,0
0.203,44,0,0.7586,,4,0,0,0,0.0,0
2.2223,77,0,0.3789,12471.0,9,0,0,0,0.0,0
1.718,58,0,0.5365,6832.0,12,0,1,0,0.0,0
0.5306,49,0,0.9075,1546.0,7,0,2,0,0.0,0
0.2735,50,0,0.2618,,6,0,3,0,1.0,0
0.1755,26,0,0.1837,2237.0,8,0,3,0,0.0,0
0.131,48,0,0.0942,,6,0,3,0,0.0,0
0.8232,69,0,0.2055,2395.0,10,0,0,0,2.0,0
0.5938,46,0,0.1725,4108.0,8,0,2,0,0.0,0
0.2895,49,0,0.3923,,15,0,1,0,1.0,0
0.9604,57,0,0.4235,10031.0,5,0,2,0,1.0,0
0.4429,36,0,1.1568,3290.0,4,0,0,0,1.0,1
0.0688,57,0,0.1764,,9,0,0,0,1.0,0
0.5295,40,0,0.3085,8471.0,12,0,3,0,1.0,0
0.2597,45,0,0.3882,6022.0,6,0,0,0,1.0,0
0.7836,47,0,0.7474,,5,0,0,0,1.0,0
3.2805,47,0,0.8782,10244.0,8,0,0,0,0.0,0
0.1215,53,0,0.1956,4782.0,7,0,0,0,1.0,0
0.5791,51,0,0.4278,22816.0,5,0,1,0,0.0,0
0.6316,49,0,0.3435,7656.0,4,0,1,0,0.0,0
0.6256,54,0,1.0727,11397.0,9,0,1,0,1.0,0
2.0262,39,0,0.4892,8076.0,5,0,1,0,1.0,0
0.0679,22,0,0.4978,5151.0,6,0,0,0,0.0,0
0.1487,52,0,0.2548,4774.0,9,0,2,0,0.0,0
0.2949,42,0,0.5024,,9,0,1,0,0.0,0
0.0133,58,0,0.5836,,7,0,0,0,1.0,0
0.0331,44,0,0.4367,7923.0,9,0,0,0,1.0,0
1.4201,25,0,0.2207,,8,0,0,0,2.0,0
0.8816,50,0,0.1025,3993.0,11,0,1,0,0.0,0
0.0808,67,2,0.5573,,11,0,1,0,1.0,0
0.5001,56,0,0.4861,5429.0,14,0,0,0,1.0,0
4.7913,32,0,0.6343,11452.0,6,0,1,0,0.0,0
0.2552,43,0,0.3087,7134.0,9,0,1,0,1.0,0
0.9247,45,0,0.4249,,4,0,0,0,0.0,1
0.3404,49,0,0.6801,4437.0,12,0,0,0,0.0,0
0.2317,44,0,0.6446,2803.0,11,0,1,0,2.0,0
0.1945,27,0,0.5091,5544.0,12,0,1,0,0.0,0
0.4785,50,0,0.1806,3629.0,7,0,2,0,0.0,0
0.4247,72,0,0.2961,12171.0,8,0,2,0,0.0,0
1.0339,43,0,0.3616,,12,0,1,0,3.0,0
0.4449,35,0,0.4008,,9,0,0,0,1.0,0
0.6103,72,0,0.4026,4641.0,10,0,0,0,0.0,0
0.4066,79,0,0.2026,10285.0,5,0,0,0,0.0,0
0.4051,46,0,0.3005,6465.0,3,0,1,0,0.0,0
0.3873,55,0,0.3266,4668.0,4,0,0,0,0.0,0
0.4151,55,0,0.3436,7159.0,6,0,2,0,0.0,0
1.7791,64,0,0.4589,3522.0,6,0,1,0,0.0,0
0.4358,36,0,0.1644,2140.0,8,0,0,0,0.0,0
0.5265,52,0,0.1448,11579.0,6,0,0,0,0.0,0
0.4047,37,0,0.939,6526.0,8,0,0,0,1.0,0
2.14,57,0,0.5622,16321.0,7,0,1,0,,0
0.2437,73,0,0.9139,7217.0,12,0,1,0,0.0,0
2.2037,57,0,0.7526,5234.0,8,0,1,0,0.0,0
1.0358,40,0,0.6775,8878.0,10,0,1,0,0.0,0
1.3673,66,0,0.1269,2860.0,9,0,1,0,0.0,1
0.5197,43,0,0.2373,2424.0,10,0,0,0,0.0,0
0.6939,59,0,0.9026,2896.0,6,0,2,0,0.0,0
0.3299,41,0,0.782,4779.0,5,0,1,0,2.0,0
0.1285,33,0,0.6181,,8,0,1,0,1.0,0
0.8855,41,0,0.916,9478.0,9,0,1,0,0.0,0
0.2351,21,0,0.3051,1999.0,9,0,0,0,0.0,0
0.1023,37,0,0.5285,17155.0,10,0,0,0,0.0,0
0.1404,82,0,0.2833,3740.0,9,0,1,0,1.0,0
0.0904,21,0,0.6915,5536.0,4,0,0,0,0.0,0
0.5819,30,0,0.6704,2329.0,8,0,2,0,0.0,0
0.4266,76,0,0.4805,,9,0,0,0,,1
0.3418,39,0,0.4865,7950.0,3,0,3,0,0.0,0
0.4387,46,0,0.4039,2273.0,10,0,1,0,2.0,0
0.4723,52,0,0.6473,7615.0,9,0,1,0,0.0,0
0.6463,29,0,0.4704,4681.0,7,0,0,0,1.0,0
0.0217,67,0,0.5441,4700.0,8,0,0,0,1.0,0
0.3697,50,0,0.3111,21934.0,5,0,0,0,0.0,0
4.1293,43,0,0.5597,18463.0,9,0,1,0,1.0,0
0.0521,65,0,0.3098,14984.0,7,0,2,0,2.0,0
1.0119,33,0,0.0475,6506.0,5,0,2,0,,0
1.1301,53,0,0.0849,4327.0,5,0,0,0,0.0,0
1.2332,38,0,0.4536,,11,0,1,0,0.0,1
3.3896,34,0,0.4661,11865.0,8,0,2,0,0.0,0
0.9208,80,0,0.6898,,8,0,3,0,0.0,0
0.7031,54,0,0.7595,,4,0,0,0,0.0,0
0.1488,65,0,0.4422,3390.0,10,0,2,0,0.0,0
0.3542,45,0,0.448,5520.0,9,0,1,0,,0
0.5545,38,0,0.7147,5594.0,6,0,1,0,0.0,0
0.5019,21,0,0.2189,7527.0,6,0,3,0,1.0,0
0.4189,48,0,0.4149,4115.0,5,0,1,0,2.0,0
0.8428,29,0,0.4553,3510.0,3,0,4,0,1.0,0
0.5656,53,0,0.3454,11726.0,8,0,0,0,2.0,0
6.8693,34,0,0.9176,1692.0,6,0,0,0,1.0,0
0.4764,59,0,0.4136,3534.0,6,0,1,0,0.0,0
0.0811,81,0,0.3717,5330.0,8,0,1,0,1.0,0
1.9609,92,0,1.0091,3750.0,11,0,0,0,,0
0.9855,56,0,0.6447,1323.0,7,0,0,0,0.0,0
0.0903,52,0,0.2852,5842.0,10,0,1,0,0.0,0
0.2123,42,0,0.7575,,4,0,0,0,1.0,0
0.3585,41,0,0.5704,12796.0,6,0,2,0,0.0,0
0.1694,39,0,0.1658,4060.0,9,0,0,0,3.0,0
0.0848,73,0,0.4273,5368.0,11,0,2,0,0.0,0
1.0473,47,0,0.3456,10635.0,11,0,0,0,0.0,0
0.9955,82,0,1.0358,3519.0,12,0,0,0,0.0,1
0.5173,39,1,0.2569,3697.0,6,0,1,0,0.0,0
1.5053,50,0,0.4394,7718.0,8,0,1,0,2.0,0
0.3341,34,0,0.6031,6173.0,8,0,0,0,2.0,0
0.0052,59,0,0.1454,5793.0,8,0,2,0,0.0,0
0.7469,49,0,0.4855,3287.0,8,0,2,0,,0
0.0254,52,0,0.6653,,11,0,0,0,1.0,0
0.1166,48,0,0.5052,4985.0,5,0,2,0,0.0,0
0.268,60,0,0.7265,2977.0,9,0,0,1,0.0,0
0.3201,61,0,0.8734,,5,0,0,0,0.0,0
0.1931,64,0,0.5834,,9,0,1,0,2.0,0
0.7579,39,0,0.2009,5949.0,8,0,0,0,0.0,0
0.0676,56,0,0.253,9081.0,7,0,1,0,0.0,0
0.3485,45,0,0.7637,6389.0,11,0,1,0,0.0,0
0.8673,71,1,0.6811,6857.0,8,0,1,0,0.0,0
0.3142,55,0,0.7567,9486.0,8,0,0,0,2.0,0
0.1375,56,0,0.2899,10564.0,7,0,0,0,0.0,0
1.086,48,0,0.3324,4002.0,9,0,2,0,0.0,0
0.6042,41,0,0.5714,10011.0,9,0,2,0,1.0,0
0.1251,53,0,0.4808,,6,0,0,0,1.0,0
4.2371,69,1,0.3847,3512.0,7,0,1,0,0.0,0
0.4966,41,0,0.4667,,7,0,0,0,0.0,0
0.0937,70,0,0.3956,,6,0,2,0,0.0,0
0.6198,60,0,0.5638,8738.0,6,0,0,0,1.0,0
0.4263,24,0,0.041,3563.0,6,0,2,0,0.0,1
0.858,39,0,0.1364,2990.0,13,0,0,0,1.0,0
0.1913,84,0,0.5012,5078.0,7,0,0,0,3.0,0
0.086,50,0,0.4315,8577.0,10,0,1,0,1.0,0
0.1618,39,0,0.6642,5570.0,6,0,1,0,2.0,0
0.1597,40,0,0.1167,2888.0,5,0,3,0,0.0,0
2.805,50,0,0.5995,5576.0,5,0,1,0,2.0,0
0.0243,65,0,0.5113,8649.0,7,0,0,0,1.0,0
1.919,47,2,0.7712,4651.0,7,2,1,0,2.0,0
0.3231,41,0,0.6401,3180.0,3,0,2,0,0.0,0
0.7655,21,3,0.4464,4764.0,9,0,0,0,0.0,0
0.4529,39,0,0.6804,,11,0,1,0,1.0,0
0.338,42,0,0.5521,,4,0,1,0,1.0,0
0.5693,56,0,0.3948,7879.0,9,0,1,0,1.0,0
0.3573,58,0,0.4108,8580.0,8,0,0,0,0.0,0
0.1978,72,0,0.2718,,8,0,0,0,2.0,0
2.7856,35,0,0.1886,7301.0,7,0,0,0,0.0,0
0.1238,54,0,0.2703,3883.0,6,0,0,0,0.0,0
1.0016,54,1,0.5452,7350.0,10,0,1,0,2.0,0
1.0982,38,0,0.191,7957.0,4,0,1,0,2.0,0
0.3043,65,0,0.2466,1165.0,13,0,0,0,1.0,0
0.2871,76,0,0.3244,5331.0,9,0,2,0,1.0,0
0.1632,52,0,0.1314,1324.0,10,0,2,0,2.0,0
0.2713,45,0,0.3305,10609.0,11,0,0,0,0.0,0
0.0366,73,0,0.8173,11166.0,7,0,1,0,0.0,0
0.2042,58,0,0.3354,1276.0,2,0,2,0,2.0,0
0.1882,35,0,1.0185,7855.0,8,0,0,0,1.0,0
0.5273,49,0,0.1181,14719.0,5,0,1,0,2.0,0
0.2131,47,0,0.2007,3173.0,8,0,1,0,2.0,0
0.2598,40,0,1.003,3587.0,6,0,1,0,2.0,0
0.4752,41,0,0.7197,3848.0,12,0,2,0,2.0,0
0.4635,43,0,0.3662,,7,0,1,0,1.0,0
0.2509,63,0,1.1069,2487.0,9,0,1,0,0.0,0
0.427,48,0,0.6543,9094.0,13,0,1,0,1.0,0
0.9086,53,0,0.5773,2865.0,6,0,0,0,0.0,0
0.6568,66,0,0.0547,9313.0,12,0,0,0,,0
0.6294,48,0,0.5291,5127.0,9,0,2,0,1.0,0
0.3245,35,0,0.5289,8562.0,6,0,5,0,,0
0.6823,65,0,0.4111,4765.0,9,0,1,0,1.0,0
0.7064,47,0,0.563,6285.0,8,0,1,0,0.0,0
0.0551,77,0,0.7544,7781.0,7,0,1,0,0.0,0
0.2022,66,0,0.6769,,6,0,0,0,1.0,0
0.3568,59,0,0.3238,3143.0,10,0,1,0,1.0,0
0.3695,55,0,0.08,,8,0,0,0,0.0,0
0.0123,68,0,0.3033,2484.0,4,0,2,0,1.0,0
0.1028,55,0,0.4602,8615.0,5,0,1,0,1.0,0
0.5895,22,2,0.5813,3934.0,9,0,0,1,0.0,0
0.4691,51,0,1.2073,,7,0,0,0,1.0,0
0.1812,60,0,0.2014,7870.0,8,0,2,0,1.0,0
0.3395,38,0,0.6476,15567.0,7,0,0,0,0.0,0
6.6138,88,0,0.2781,14604.0,8,0,1,0,0.0,0
0.3171,50,0,0.1774,8988.0,7,0,1,0,0.0,1
0.1124,60,0,0.5897,4931.0,6,0,1,0,1.0,1
0.5948,68,0,0.4551,8179.0,10,0,1,0,0.0,0
0.9557,60,0,1.0483,4665.0,5,0,2,0,1.0,1
0.6437,51,0,0.0643,3467.0,7,0,2,0,0.0,0
0.8475,58,0,0.5769,,8,0,2,0,1.0,0
0.0734,49,0,0.5859,19182.0,5,0,0,0,1.0,0
0.1322,51,0,0.4451,2841.0,5,0,3,0,1.0,0
0.071,36,0,0.7041,2579.0,6,0,1,0,1.0,0
1.1247,48,0,0.4073,,10,0,2,0,0.0,0
4.9777,35,0,0.4128,5495.0,9,0,1,0,1.0,0
0.4555,52,0,0.4156,6481.0,5,0,0,0,0.0,0
0.5318,46,0,0.6786,9469.0,9,0,0,0,1.0,0
0.2866,59,0,0.1924,,11,0,2,0,0.0,0
0.5727,31,0,0.3305,3766.0,10,0,2,0,2.0,0
0.2546,39,2,0.2212,2618.0,5,0,2,0,2.0,0
4.0473,39,0,1.2738,3950.0,5,0,1,0,1.0,0
0.6377,52,0,1.0865,,6,0,0,0,0.0,0
2.3269,49,0,0.617,,9,0,1,0,0.0,1
0.3656,67,0,0.5282,13865.0,6,0,2,0,0.0,0
0.6719,53,0,0.6757,4788.0,9,0,0,0,4.0,0
0.437,52,0,0.324,,6,0,1,0,1.0,0
0.4441,37,0,0.508,,5,0,3,0,0.0,0
0.0071,48,0,0.5418,,5,0,0,0,0.0,0
0.7358,33,0,0.1534,8573.0,5,0,3,0,1.0,0
0.497,59,0,0.195,15286.0,5,0,1,0,3.0,0
0.4181,64,0,0.5706,4724.0,13,0,1,0,1.0,0
0.2532,31,0,0.7562,,4,0,0,0,1.0,0
0.0104,53,0,1.0096,2044.0,11,0,1,0,1.0,0
1.8796,51,0,0.8953,2837.0,4,0,0,0,5.0,1
1.3349,69,0,0.2765,2200.0,6,0,2,0,0.0,0
0.0769,38,0,0.506,4066.0,6,0,0,0,2.0,0
0.3158,41,0,0.6175,2937.0,9,0,0,0,0.0,0
0.3615,56,4,0.4114,9481.0,13,0,0,0,0.0,0
0.209,45,0,0.3518,2178.0,4,0,1,0,1.0,0
0.0247,46,0,0.5863,,10,0,1,0,1.0,0
0.3645,46,0,0.268,2216.0,11,0,1,0,0.0,0
3.496,59,0,0.5679,2457.0,12,0,0,0,0.0,0
0.3428,68,0,0.0914,18481.0,11,0,4,0,1.0,0
0.3174,51,0,0.3588,2943.0,7,0,0,0,0.0,0
2.4366,48,0,0.6216,5537.0,13,0,0,0,1.0,0
0.5398,61,0,0.0717,6660.0,7,0,2,0,2.0,0
0.0534,55,0,0.8993,5495.0,8,0,1,0,0.0,0
0.9795,54,0,0.7356,2881.0,7,0,2,0,1.0,0
0.0022,68,0,0.4962,8958.0,7,0,1,0,1.0,0
0.9714,37,2,0.3756,21608.0,3,0,0,0,0.0,0
0.1548,48,0,0.556,7340.0,7,0,1,0,1.0,0
3.1219,38,0,0.9476,24478.0,10,0,6,0,1.0,0
0.3859,44,0,0.0566,4527.0,6,0,2,0,2.0,0
2.2912,34,2,0.4703,1252.0,3,0,2,0,1.0,0
0.0023,47,0,0.5534,,6,0,3,0,0.0,0
0.7201,57,0,0.4214,3593.0,8,0,1,0,1.0,0
2.8799,21,0,0.7741,6517.0,11,0,0,0,0.0,0
0.1092,47,0,0.512,,8,0,0,0,0.0,0
0.4119,51,0,0.6901,4002.0,6,0,4,0,0.0,0
0.9335,48,1,0.6204,3474.0,8,0,1,0,1.0,0
0.6673,29,0,0.4334,2446.0,11,0,2,0,0.0,0
0.9047,65,0,0.1455,1918.0,9,0,2,0,3.0,0
0.8639,65,0,0.1122,,10,0,2,0,2.0,0
0.7598,68,0,0.2825,17347.0,7,0,1,0,1.0,0
0.3055,44,0,0.8628,,5,0,4,0,1.0,0
0.8188,54,0,0.5914,7222.0,10,0,1,0,0.0,0
0.3726,42,0,0.7182,12727.0,13,0,4,0,3.0,0
0.8955,37,0,0.2788,3661.0,17,0,0,0,1.0,0
0.4298,36,0,0.4989,,8,0,0,0,1.0,0
0.7163,55,0,0.5584,2936.0,10,0,1,0,0.0,0
0.4663,64,0,0.2722,9077.0,7,0,3,0,1.0,0
0.553,70,0,0.3866,21648.0,8,0,0,0,0.0,0
0.899,51,0,0.5235,4937.0,10,0,0,0,0.0,1
0.0597,42,0,0.1627,2120.0,7,0,1,0,0.0,0
2.6016,51,0,0.5556,3918.0,6,0,1,0,0.0,0
0.3488,66,0,0.3429,6202.0,7,0,0,0,1.0,0
0.3859,75,0,0.0745,5044.0,9,0,2,0,1.0,0
0.4823,68,0,0.2782,4728.0,8,0,1,0,1.0,0
0.4169,67,0,0.1826,1245.0,5,0,2,0,0.0,0
0.1209,71,0,0.3634,,9,0,1,0,2.0,0
0.4055,53,0,0.3223,5943.0,7,0,1,0,0.0,0
0.4889,56,3,0.7522,2083.0,4,0,0,0,0.0,0
0.795,67,0,0.0472,4775.0,11,0,1,0,0.0,0
0.8302,59,0,0.1342,7668.0,10,0,2,0,1.0,0
0.2721,64,0,0.3619,6275.0,5,0,4,0,0.0,0
0.6075,43,0,0.5469,13363.0,5,0,2,0,0.0,0
3.2948,72,0,0.3306,4181.0,8,0,1,0,0.0,0
1.8181,45,0,0.5357,,11,0,1,0,1.0,0
0.0457,68,0,0.333,3367.0,8,0,0,0,1.0,0
0.2245,51,0,0.4006,1283.0,8,0,0,0,1.0,0
0.1788,45,0,0.3723,3336.0,13,0,0,0,1.0,0
0.8776,24,0,0.2984,,9,0,0,0,0.0,1
0.7799,49,0,0.6289,4847.0,9,0,1,0,0.0,0
2.0005,35,0,0.905,5319.0,5,0,2,0,1.0,0
0.4961,39,0,0.4856,,11,0,3,0,0.0,0
0.6931,59,0,0.8661,8610.0,7,0,0,0,0.0,0
0.4345,31,0,0.2709,9869.0,5,0,0,0,1.0,0
2.0505,69,2,0.2033,4648.0,8,0,1,0,1.0,0
0.7393,87,0,0.5686,10300.0,12,0,1,0,2.0,0
0.5734,45,0,0.1291,4340.0,11,0,2,0,0.0,0
0.4429,69,0,0.2055,1769.0,9,0,0,0,1.0,0
0.4897,32,0,0.7607,1218.0,10,0,1,0,1.0,0
0.5475,58,0,0.141,,6,0,2,0,2.0,0
0.0199,57,0,0.3108,,10,0,0,0,,0
0.1476,95,0,0.3508,2210.0,12,0,1,0,0.0,0
0.9739,47,0,0.2619,,11,0,1,0,0.0,0
0.2202,58,0,0.2787,,5,0,1,0,1.0,0
0.2172,49,0,0.268,2183.0,8,0,1,0,1.0,0
2.6033,47,0,1.1373,,9,0,1,0,0.0,1
1.4652,50,0,0.3169,19448.0,6,0,1,0,0.0,0
2.8917,49,0,0.1904,3431.0,11,0,0,0,3.0,0
0.0666,43,0,0.395,6904.0,11,0,0,0,2.0,0
0.3221,56,0,0.6185,16875.0,10,0,0,0,2.0,0
0.0525,39,0,0.592,,8,0,1,0,0.0,0
0.3022,46,0,0.0438,5024.0,5,0,0,0,0.0,0
0.1478,79,0,0.4972,7019.0,3,0,1,0,1.0,0
0.6183,50,0,0.4489,4185.0,7,0,0,0,0.0,1
3.4074,64,0,0.6546,2111.0,9,0,1,0,0.0,0
0.4542,51,0,0.3647,2586.0,11,0,0,0,1.0,0
0.6372,63,0,0.4446,6478.0,3,0,2,0,1.0,0
0.4405,50,0,0.7914,5486.0,4,0,1,0,0.0,0
1.003,21,0,0.684,,8,0,1,0,0.0,0
0.4456,52,0,0.4197,,14,0,1,0,0.0,0
0.9363,38,0,0.2974,2232.0,7,0,1,0,1.0,0
1.0631,48,0,0.67,,10,0,0,0,2.0,0
0.1851,62,0,0.1433,13865.0,6,0,1,0,0.0,0
0.2873,77,0,0.4638,,7,0,0,0,2.0,0
0.1948,32,0,0.5346,3968.0,4,0,1,0,0.0,0
1.1097,49,0,0.4825,6565.0,8,0,0,0,0.0,0
0.6578,52,0,0.6196,,16,0,1,0,0.0,0
0.4638,53,0,0.2038,2709.0,5,0,2,0,0.0,0
0.0508,53,0,0.0651,16085.0,12,0,1,0,1.0,0
0.0854,60,0,0.1223,3387.0,11,0,0,0,1.0,0
0.3433,46,0,0.0795,3499.0,2,0,1,0,1.0,0
0.7172,49,0,0.33,1353.0,10,0,1,0,3.0,0
0.2891,58,0,0.8049,2716.0,8,0,0,0,1.0,0
0.0535,42,0,0.7379,,6,0,1,0,0.0,0
2.8639,44,2,1.2632,5987.0,7,3,1,0,0.0,0
2.439,51,0,0.2425,7917.0,9,0,1,0,1.0,0
0.5561,44,0,0.5373,8176.0,6,0,0,0,0.0,0
0.6838,38,0,0.171,2387.0,8,0,1,0,1.0,0
0.5638,37,0,0.3685,2361.0,6,0,1,0,1.0,0
0.0596,51,0,0.3228,27673.0,13,0,0,0,1.0,0
0.531,71,0,0.5076,3273.0,5,0,2,0,0.0,1
0.4978,57,0,1.1115,4999.0,8,0,1,0,2.0,0
2.2299,39,0,0.3874,914.0,9,0,0,0,0.0,0
0.6435,74,0,0.2256,6835.0,18,0,0,0,0.0,0
0.1568,45,0,0.5102,4990.0,13,0,1,0,1.0,0
0.2938,74,0,1.185,4730.0,6,0,0,0,1.0,0
0.4306,51,1,0.1546,3727.0,11,0,1,1,3.0,0
0.1885,56,0,0.1448,3166.0,8,0,1,0,2.0,0
0.2555,47,0,0.5008,3965.0,9,0,0,0,0.0,0
2.4291,48,0,0.4608,4090.0,9,0,2,0,1.0,0
1.1148,71,0,0.2564,,6,0,1,0,2.0,1
3.3017,49,0,0.7632,6545.0,11,0,0,0,0.0,0
1.1525,65,0,0.7282,2964.0,6,0,1,0,1.0,1
0.3376,53,0,0.4865,14031.0,2,0,1,0,0.0,0
0.0013,50,2,0.7967,8239.0,6,0,3,0,0.0,0
0.1376,61,0,0.5613,,2,0,1,0,0.0,0
0.2383,50,0,0.042,5061.0,10,0,0,0,1.0,0
2.4159,41,0,0.9213,4190.0,11,0,0,0,0.0,0
0.5102,41,0,0.1413,3297.0,8,0,3,0,0.0,0
0.0839,60,0,0.2974,5510.0,10,0,2,0,1.0,0
0.0936,21,0,0.5568,6052.0,7,0,1,0,0.0,0
2.0345,57,0,0.1227,10995.0,13,0,0,2,2.0,0
0.0077,32,0,0.466,4339.0,8,0,0,0,0.0,0
0.6058,54,0,0.2253,3569.0,6,0,3,0,2.0,0
0.2977,71,0,0.5041,11219.0,5,0,0,0,0.0,0
0.2802,40,0,0.3818,24003.0,6,0,0,0,1.0,0
0.1299,59,2,0.4691,3226.0,6,0,0,0,0.0,0
0.5723,68,0,0.2747,5754.0,7,0,1,0,0.0,0
0.6748,44,0,0.2772,4795.0,9,0,1,0,2.0,0
2.4282,43,1,0.6658,4356.0,7,1,0,0,1.0,0
0.9412,57,0,0.0667,6348.0,10,0,1,0,2.0,0
0.2843,69,0,0.9561,10891.0,6,0,1,0,1.0,0
0.7404,84,0,0.2235,16384.0,5,0,0,0,1.0,0
0.4302,42,0,0.5945,17491.0,10,0,3,0,1.0,0
0.8506,61,1,0.8491,,4,0,0,2,0.0,0
4.3995,45,0,0.2737,4796.0,7,0,0,0,1.0,0
0.3909,36,0,0.8755,5710.0,7,0,1,0,1.0,0
0.8519,49,0,0.133,8849.0,2,0,0,0,3.0,0
0.4256,49,0,0.1781,,9,0,1,0,0.0,0
0.5963,53,0,0.0988,26094.0,7,0,3,0,1.0,0
0.2694,58,0,0.1658,8875.0,8,0,2,0,0.0,0
0.3841,55,0,0.1626,,6,0,1,0,,0
0.4623,69,0,1.0778,4540.0,10,0,0,0,0.0,1
0.1799,78,0,0.3033,5715.0,6,0,1,0,0.0,0
0.3288,52,0,0.797,1197.0,8,0,1,0,2.0,0
0.3816,45,0,0.151,,6,0,3,0,0.0,0
0.1989,49,0,0.7339,,6,0,4,0,1.0,0
0.4605,49,0,0.9999,,16,0,1,0,2.0,0
0.1022,44,0,0.2594,,7,0,1,0,1.0,0
0.4639,31,0,0.4659,5424.0,8,0,1,0,0.0,0
0.0944,33,0,0.3835,15423.0,10,0,1,0,1.0,0
1.1313,62,0,0.7611,8024.0,10,0,0,0,1.0,0
0.0113,62,0,0.234,6166.0,15,0,1,0,0.0,0
0.6202,57,0,0.3227,8306.0,4,0,2,0,0.0,0
0.7297,49,0,0.5294,,5,0,0,0,3.0,0
1.0162,45,0,0.09,1974.0,5,0,2,0,,0
0.7217,33,0,0.3072,2074.0,5,0,1,0,1.0,1
0.0788,43,0,0.3738,9760.0,10,0,0,0,1.0,0
0.1607,42,0,0.2944,,5,0,0,0,2.0,0
0.7175,32,0,0.74,7767.0,9,0,2,0,1.0,0
0.3165,55,0,0.5275,7784.0,10,0,0,0,0.0,0
0.7169,42,0,0.5121,3927.0,4,0,3,0,0.0,0
0.6199,53,0,0.6838,4345.0,2,0,2,0,1.0,0
0.2318,31,0,0.6978,2001.0,12,0,2,0,1.0,0
0.324,60,0,0.8415,9973.0,9,0,0,0,0.0,0
0.2382,58,0,0.129,3858.0,6,0,1,0,2.0,0
0.202,45,0,0.6035,,10,0,1,0,0.0,0
0.1703,71,0,0.3962,4629.0,10,0,0,0,0.0,0
0.4593,51,1,0.536,,7,0,1,0,0.0,0
1.7001,54,1,0.1378,4809.0,9,0,1,1,0.0,0
0.2461,30,0,0.2021,,3,0,0,0,1.0,0
1.9088,41,0,0.1372,8339.0,4,0,0,0,,0
0.276,43,0,0.5201,10857.0,8,0,0,0,3.0,0
0.5714,63,0,0.2631,,11,0,0,0,0.0,0
0.1289,65,0,0.5202,8289.0,5,0,0,0,1.0,0
0.0899,44,0,0.2656,2824.0,7,0,0,0,1.0,0
0.6737,54,0,0.7513,10479.0,8,0,0,0,1.0,0
0.5522,64,0,0.9413,12207.0,7,0,1,0,0.0,0
0.5428,47,0,0.4138,,8,0,1,0,0.0,0
0.6234,32,0,0.2811,,13,0,2,0,0.0,0
0.1453,62,0,1.5281,5162.0,5,0,0,0,1.0,0
0.5138,58,0,0.2421,5507.0,12,0,0,0,1.0,0
0.773,56,0,0.021,5793.0,6,0,1,0,2.0,0
2.7047,65,0,0.2477,3407.0,7,0,0,0,2.0,0
0.503,67,0,0.5331,4692.0,7,0,2,0,1.0,0
0.3319,61,0,0.3051,5937.0,10,0,1,0,3.0,0
0.444,36,0,0.3798,11370.0,17,0,0,0,0.0,0
0.0257,31,0,0.4154,3019.0,11,0,1,0,2.0,0
0.3033,57,0,0.0204,2940.0,7,0,1,0,0.0,0
0.1926,53,0,0.1052,11815.0,7,0,0,0,2.0,0
0.1982,54,0,0.3112,3871.0,12,0,3,0,0.0,0
0.7454,76,0,0.1136,8354.0,7,0,0,0,1.0,0
0.1061,65,0,0.7128,7526.0,7,0,0,0,0.0,0
0.0826,49,0,0.6488,2854.0,8,0,2,0,3.0,0
0.3406,42,0,1.0123,,6,0,0,0,1.0,0
0.7131,61,0,0.0683,14477.0,5,0,1,0,1.0,0
1.4994,58,0,0.4903,16218.0,9,0,0,0,1.0,0
0.5391,49,0,0.3914,6602.0,11,0,1,0,0.0,0
2.7011,21,0,0.232,6814.0,8,0,0,0,1.0,0
1.0326,39,0,0.2771,13492.0,7,0,1,0,1.0,0
0.351,64,0,0.4426,4816.0,8,0,2,0,1.0,0
0.389,34,0,0.2658,5394.0,11,0,4,0,,0
3.2891,60,0,0.9243,18433.0,4,0,1,0,0.0,0
1.0962,58,0,0.4348,11394.0,12,0,1,0,2.0,0
0.4227,38,0,0.5545,3756.0,9,0,2,0,1.0,0
0.663,65,0,0.218,2615.0,8,0,2,0,1.0,0
0.5218,51,0,0.7816,1452.0,7,0,0,0,1.0,1
0.7109,50,0,0.4095,6714.0,9,0,2,0,1.0,0
3.9344,36,0,0.2097,1914.0,8,0,1,0,0.0,0
1.1814,70,0,0.5913,,10,0,3,0,0.0,0
0.5261,35,0,1.0047,3668.0,8,0,1,0,,0
0.042,35,0,0.7917,2381.0,13,0,2,0,0.0,0
0.4053,54,0,0.5171,3364.0,8,0,0,0,3.0,0
0.1103,38,0,0.3479,19844.0,5,0,1,0,1.0,0
0.4926,81,0,0.6043,6755.0,6,0,1,0,0.0,0
0.4092,38,0,0.7083,,9,0,2,0,0.0,0
2.1649,63,0,0.3004,12678.0,10,0,0,0,1.0,0
0.2757,75,0,0.6494,1101.0,2,0,2,0,1.0,0
0.8185,62,0,0.1941,,6,0,1,0,,0
1.0326,41,0,0.2175,5545.0,6,0,2,0,2.0,0
0.2597,57,0,1.0866,3503.0,7,0,2,0,1.0,0
0.8713,71,0,0.0571,5344.0,5,0,0,0,1.0,0
0.2889,31,0,0.1148,,11,0,1,0,2.0,0
0.3647,67,0,0.4864,7667.0,11,0,2,0,1.0,0
0.6072,59,0,0.6472,5525.0,13,0,4,0,0.0,0
2.7683,78,0,0.306,8835.0,6,0,3,0,0.0,0
0.3882,58,0,0.8162,7362.0,7,0,2,0,1.0,0
0.846,54,0,0.9632,12354.0,4,0,1,0,0.0,0
0.3271,62,0,0.6184,2303.0,10,0,0,0,0.0,0
0.0373,35,0,0.4542,2342.0,8,0,0,0,0.0,0
0.9081,41,0,0.2886,,10,0,0,0,0.0,0
0.2961,53,0,0.2233,7745.0,7,0,0,0,0.0,0
5.29,45,0,0.7353,4713.0,7,0,0,0,0.0,0
0.3174,43,0,0.5253,5887.0,8,0,2,0,1.0,0
0.5512,81,0,0.6582,,14,0,0,0,1.0,0
0.5083,77,0,0.493,4528.0,4,0,1,0,2.0,0
0.3901,21,0,0.5747,6137.0,9,0,0,0,0.0,0
0.635,53,2,0.7821,2539.0,9,0,1,0,0.0,0
0.3363,35,0,0.1008,4287.0,5,0,1,0,0.0,0
1.7234,68,0,0.7053,,13,0,1,0,1.0,0
0.0761,55,0,0.538,6711.0,12,0,2,0,2.0,0
0.8346,73,0,0.1714,3885.0,10,0,1,0,2.0,0
3.3419,40,0,0.3929,,15,0,0,0,0.0,0
2.1358,39,0,0.0156,3363.0,6,0,1,0,0.0,0
0.3334,49,0,0.2139,8054.0,8,0,1,0,1.0,0
0.7853,44,0,0.4856,4746.0,8,0,3,0,1.0,1
1.783,51,0,0.1179,12047.0,8,0,0,0,1.0,0
0.8449,69,0,0.2372,,7,0,3,0,0.0,0
1.0605,59,0,0.5705,4610.0,7,0,1,0,1.0,0
0.2102,48,0,0.1538,6141.0,9,0,1,0,,0
0.6695,53,0,0.241,2582.0,11,0,1,0,3.0,0
3.3454,30,0,0.2942,4362.0,5,0,1,0,1.0,0
0.0533,25,0,0.7804,2499.0,13,0,3,0,0.0,0
0.4146,69,0,0.1784,4287.0,5,0,0,0,0.0,0
0.1692,41,0,0.5293,3896.0,10,0,1,0,2.0,0
0.4036,72,0,0.8473,,11,0,0,0,1.0,0
0.5992,48,0,0.2496,5000.0,13,0,0,0,1.0,0
0.3798,54,0,0.8777,8401.0,6,0,0,0,1.0,0
0.1305,64,0,0.4837,3631.0,9,0,4,0,0.0,0
0.2105,65,0,0.432,3544.0,10,0,0,0,3.0,0
0.2484,45,0,0.083,4676.0,10,0,3,0,0.0,0
5.071,53,0,0.1877,,5,0,1,0,1.0,0
0.5518,52,0,1.1119,6346.0,8,0,1,0,3.0,0
0.362,57,1,0.6992,,9,0,0,0,0.0,0
0.7736,55,0,0.5215,5549.0,12,0,1,0,0.0,0
0.4125,42,0,0.4329,6043.0,7,0,1,0,0.0,0
0.2118,54,0,0.4716,3168.0,6,0,3,0,0.0,0
0.1019,32,0,0.8377,5413.0,7,0,1,0,0.0,0
0.2939,52,0,0.6781,7203.0,8,0,2,0,1.0,0
0.6774,54,0,0.7415,8444.0,6,0,0,0,1.0,0
0.0324,38,0,0.4943,9213.0,4,0,2,0,0.0,0
0.1931,48,0,0.6073,4756.0,9,0,1,0,0.0,0
0.2843,45,0,0.5792,5090.0,8,0,3,0,,0
1.9526,45,2,0.7478,6428.0,5,1,1,0,1.0,0
3.2276,63,0,0.2906,3865.0,3,0,1,0,0.0,0
0.0674,58,0,1.1346,3677.0,9,0,0,0,1.0,0
0.5521,65,0,0.4848,,8,0,1,0,1.0,1
0.7358,81,0,0.5195,7029.0,9,0,2,0,0.0,0
0.5201,67,0,0.4236,,8,0,1,0,0.0,0
1.04,30,0,0.7319,1904.0,4,0,0,0,1.0,1
0.567,43,0,0.5136,4197.0,14,0,2,0,0.0,0
0.7877,71,0,0.8458,5691.0,13,0,0,0,1.0,0
0.1644,46,0,0.0911,3251.0,10,0,2,0,1.0,0
5.3449,46,0,0.2123,3535.0,4,0,2,0,0.0,0
0.475,57,0,0.1674,6994.0,9,0,1,0,0.0,0
0.0937,48,0,1.041,15451.0,11,0,0,0,1.0,0
0.6272,76,0,0.4313,5421.0,7,0,2,0,0.0,0
0.5339,50,0,0.2635,1195.0,4,0,1,0,,0
0.292,86,0,0.1799,,10,0,1,0,0.0,0
0.6559,44,0,0.3164,7329.0,13,0,0,0,1.0,1
0.7636,43,0,0.4584,,4,0,1,0,3.0,0
0.0499,40,0,0.3727,5985.0,5,0,1,0,1.0,0
1.0691,41,0,0.4914,2072.0,5,0,1,0,0.0,0
1.6038,62,0,0.27,10942.0,7,0,0,0,1.0,0
0.0455,33,0,0.4394,9234.0,6,0,3,0,0.0,0
0.2804,38,1,0.4025,3192.0,9,0,1,0,0.0,0
0.1107,59,0,0.3107,2350.0,12,0,0,0,0.0,0
0.1201,22,0,0.3231,,13,0,1,0,1.0,0
0.4244,31,0,0.2646,17422.0,6,0,0,0,1.0,0
0.3781,51,0,0.37,5785.0,7,0,1,0,0.0,0
0.1256,58,0,0.2803,5969.0,6,0,4,0,3.0,0
0.7613,47,0,0.3982,6432.0,13,0,0,0,2.0,0
1.6252,58,3,0.5752,7195.0,7,0,1,0,1.0,0
0.2173,40,0,0.5888,,7,0,0,0,1.0,0
0.1392,73,0,0.4002,,12,0,0,0,1.0,0
0.8411,65,1,0.5213,5294.0,4,0,2,0,3.0,0
0.1978,41,0,0.4943,2343.0,4,0,0,0,1.0,0
6.4999,49,0,0.0365,1808.0,11,0,1,0,1.0,0
0.106,24,0,0.3972,4452.0,9,0,2,0,0.0,0
0.0924,65,0,0.6748,10992.0,11,0,1,0,2.0,0
0.89,34,0,0.5724,4096.0,9,0,1,0,1.0,1
0.1616,44,0,0.416,8414.0,6,0,1,0,1.0,0
0.0151,48,0,0.6301,,5,0,1,0,0.0,0
6.3973,33,0,0.7934,7847.0,9,0,0,0,0.0,0
0.7518,40,0,0.2819,2837.0,10,0,3,0,0.0,0
0.1467,57,0,0.2895,21727.0,11,0,2,0,0.0,0
0.0368,45,0,0.1516,14650.0,4,0,0,0,2.0,0
0.735,64,0,0.8141,6821.0,11,0,0,0,0.0,0
0.2762,62,0,0.3362,7078.0,10,0,3,0,0.0,0
0.1205,40,0,0.5249,1390.0,7,0,2,0,1.0,0
0.685,46,0,0.2468,3361.0,5,0,3,0,0.0,0
0.0871,46,0,0.4843,7025.0,7,0,2,0,1.0,0
1.0303,46,0,0.3494,13555.0,16,0,0,0,,0
0.5897,73,0,0.1297,6504.0,15,0,1,0,1.0,0
2.965,55,0,0.4663,8053.0,8,0,0,0,0.0,0
0.2394,29,0,0.5156,3221.0,8,0,0,0,1.0,0
0.4645,43,0,0.5514,6492.0,11,0,0,0,0.0,0
0.0491,46,0,0.0716,,11,0,0,0,2.0,0
0.3691,58,0,0.3047,,13,0,3,0,2.0,0
2.6054,77,0,0.1616,6608.0,7,0,0,0,0.0,0
0.3759,63,0,0.4908,,7,0,1,0,1.0,0
0.0255,51,0,0.2184,7480.0,10,0,1,0,2.0,0
8.5524,40,0,0.3708,6062.0,9,0,2,0,2.0,0
0.2424,72,0,0.9296,,8,0,2,0,0.0,0
0.1799,48,0,0.4907,2227.0,10,0,3,0,1.0,0
0.3209,32,0,0.2782,3665.0,2,0,2,0,0.0,0
0.7449,57,0,0.436,1873.0,9,0,2,0,1.0,0
0.7381,35,0,0.0925,4459.0,10,0,2,0,1.0,0
0.7922,61,0,0.5081,,7,0,0,0,4.0,0
0.6509,46,0,0.3084,4084.0,11,0,1,0,0.0,0
0.3824,48,1,0.5723,,4,1,0,0,1.0,0
3.08,21,0,0.54,3009.0,7,0,0,0,0.0,0
0.0979,67,0,0.3202,3962.0,4,0,1,0,0.0,0
0.7344,35,0,0.875,10389.0,10,0,2,0,2.0,0
0.1299,42,0,0.7286,,8,0,1,0,0.0,0
4.8138,55,0,0.8781,2505.0,6,0,1,0,1.0,0
0.236,50,0,0.2316,10829.0,6,0,0,0,0.0,0
0.2075,84,0,0.1616,17494.0,6,0,2,0,0.0,0
0.1582,28,0,0.5764,2299.0,12,0,0,0,0.0,0
0.5189,47,0,0.4794,,7,0,2,0,0.0,0
0.5523,63,0,0.532,,6,0,1,0,,0
0.2791,46,0,0.5706,3306.0,4,0,2,0,0.0,0
0.3896,52,0,0.9725,10273.0,6,0,1,0,1.0,0
0.8259,88,0,0.3879,3382.0,9,0,1,0,1.0,0
0.3704,53,0,0.7642,27473.0,4,0,1,0,2.0,0
0.0272,72,0,0.249,15325.0,13,0,2,0,,0
0.4252,61,0,0.5999,6826.0,9,0,0,0,0.0,0
0.0216,62,0,0.0444,5691.0,7,0,0,0,0.0,0
0.4348,49,0,0.2302,3327.0,16,0,0,0,1.0,0
0.1543,29,0,0.3462,5487.0,6,0,1,0,1.0,0
0.6045,67,0,0.4211,3912.0,4,0,0,0,4.0,0
0.3205,60,0,0.818,7000.0,8,0,2,0,0.0,0
0.3375,59,0,0.3881,3354.0,7,0,4,0,1.0,0
0.5241,50,0,0.2406,6397.0,8,0,3,0,2.0,0
1.1649,43,0,1.1773,,9,0,3,0,0.0,0
0.3726,71,0,0.0739,6971.0,10,0,1,0,0.0,1
0.4421,57,0,0.4063,,8,0,2,0,1.0,0
0.0557,26,0,0.1533,6342.0,6,0,0,0,1.0,0
3.196,51,0,0.1487,,7,0,1,0,0.0,0
0.9274,48,0,0.0732,9340.0,16,0,0,0,2.0,0
1.2489,21,0,0.202,,14,0,0,0,1.0,0
2.8348,42,0,0.8547,2988.0,9,0,0,0,1.0,0
1.0691,88,0,0.6374,4792.0,7,0,0,0,1.0,0
0.2778,21,0,0.4549,4361.0,8,0,1,0,2.0,0
0.014,36,0,0.0971,2278.0,8,0,1,0,1.0,0
0.7323,21,0,0.6665,7244.0,7,0,1,0,1.0,0
0.3385,30,0,0.4418,3577.0,1,0,1,0,1.0,0
1.6156,26,0,0.3595,8245.0,4,0,1,0,2.0,0
0.4921,35,0,0.2521,3601.0,6,0,1,0,,0
0.1754,76,1,0.1821,,7,0,1,0,1.0,0
0.2016,65,0,0.9444,3699.0,7,0,1,0,2.0,0
0.5361,48,0,0.7284,5225.0,6,0,1,0,2.0,1
0.1349,75,0,0.3999,3222.0,9,0,2,0,0.0,0
0.3988,45,0,0.3215,6112.0,3,0,0,0,0.0,0
1.4486,39,0,0.7798,,4,0,1,0,1.0,0
0.0536,46,0,0.2031,5136.0,5,0,0,0,1.0,0
0.0976,30,0,0.4151,4705.0,6,0,0,0,,0
0.0122,26,0,0.069,18505.0,2,0,1,0,0.0,0
0.2162,61,0,0.2463,1642.0,13,0,0,0,1.0,0
0.101,57,0,0.1459,2122.0,16,0,1,0,1.0,0
0.4079,34,0,1.0693,5404.0,6,0,0,0,0.0,0
1.2836,59,0,0.4958,,7,0,0,0,1.0,0
0.1387,59,0,0.3596,5194.0,9,0,0,0,0.0,0
0.325,44,0,0.9023,2812.0,7,0,1,0,4.0,0
0.1386,39,0,0.2154,2219.0,10,0,0,0,1.0,0
0.549,63,0,0.3141,4318.0,11,0,1,0,2.0,0
0.1137,58,0,0.3394,11361.0,10,0,3,0,0.0,0
0.2413,76,0,0.0969,16923.0,8,0,1,0,2.0,0
0.21,58,0,0.246,1904.0,9,0,2,0,2.0,0
0.3244,27,0,0.1756,6096.0,14,0,2,0,0.0,0
0.1546,31,0,0.257,7498.0,3,0,0,0,1.0,0
0.471,49,0,0.1248,8813.0,7,0,0,0,1.0,0
0.6748,63,0,0.1924,,9,0,2,0,0.0,0
0.1402,56,0,0.3631,15762.0,7,0,0,0,0.0,0
0.0247,43,0,0.4582,4045.0,7,0,0,0,2.0,0
0.3907,28,0,0.6351,5281.0,9,0,1,0,1.0,0
0.1436,73,0,0.5817,2930.0,10,0,1,0,,0
0.2,72,0,0.1858,6157.0,6,0,0,0,1.0,0
0.4744,32,0,1.0328,3185.0,5,0,0,0,1.0,0
0.0691,61,1,0.665,2068.0,10,0,2,0,0.0,0
0.9726,56,0,0.3971,3968.0,7,0,0,0,0.0,0
0.2108,62,0,0.3786,2199.0,12,0,0,0,1.0,0
0.3325,73,0,0.5353,11729.0,12,0,0,0,1.0,0
0.3995,72,0,0.6926,,8,0,2,0,0.0,0
0.6453,59,0,0.7197,6450.0,8,0,0,0,0.0,0
0.7027,49,0,0.1027,8068.0,5,0,1,0,1.0,0
1.1659,48,0,0.4596,,9,0,0,0,0.0,0
1.9573,49,0,0.3244,5681.0,8,0,2,0,0.0,0
0.3889,90,0,1.2171,8106.0,2,0,0,0,1.0,0
1.3487,53,0,0.3616,4090.0,15,0,3,0,1.0,0
0.0746,63,0,0.4233,11199.0,4,0,2,0,1.0,0
0.4369,58,0,0.5336,4634.0,8,0,3,0,0.0,0
0.2691,38,0,0.6408,11542.0,10,0,2,0,0.0,0
0.0545,59,0,0.3458,,9,0,0,0,2.0,0
2.9836,43,0,0.5899,,8,0,2,0,0.0,0
3.0647,39,0,0.242,9420.0,7,0,1,0,1.0,0
0.3815,60,0,0.517,4103.0,10,0,1,0,1.0,0
1.6332,34,0,0.0239,4921.0,14,0,1,0,3.0,0
1.254,64,0,1.0612,5255.0,8,0,0,0,0.0,0
0.1436,60,0,0.2007,14152.0,3,1,2,1,1.0,0
0.7469,70,0,0.917,4384.0,8,0,1,0,1.0,1
0.8434,59,0,0.1387,6207.0,6,0,1,0,0.0,0
0.7477,39,0,0.2286,3467.0,10,0,3,0,0.0,0
0.0372,68,0,0.5035,4776.0,9,0,2,0,1.0,0
0.3665,68,0,0.0863,8315.0,8,0,1,0,2.0,0
0.0002,65,0,0.2567,8959.0,3,0,2,0,1.0,0
2.2907,62,0,0.5938,10586.0,7,1,0,0,1.0,0
0.2389,31,0,0.3861,5098.0,12,0,3,0,0.0,0
0.1915,64,2,0.441,4885.0,15,0,3,0,0.0,0
0.1722,35,0,0.708,5064.0,5,0,0,0,0.0,0
0.57,43,0,0.3395,1309.0,4,0,0,0,0.0,0
0.8919,40,0,0.9707,5502.0,2,0,2,0,2.0,0
0.4399,30,0,0.077,,12,0,1,0,1.0,0
0.4092,54,0,0.739,,11,0,0,0,0.0,0
0.518,52,0,0.9879,3905.0,9,0,0,0,0.0,0
1.1074,71,0,0.2789,,4,0,1,0,0.0,0
1.1597,69,0,0.5997,3143.0,7,0,1,0,0.0,1
0.5434,54,0,0.8088,2803.0,10,0,3,0,2.0,0
0.0372,63,0,0.5428,16330.0,5,0,4,0,1.0,0
0.0075,51,0,0.3417,,6,0,0,0,1.0,0
0.4245,50,0,0.4192,4890.0,10,0,0,0,0.0,0
0.7029,54,0,0.5361,7036.0,9,0,1,0,1.0,0
0.4552,50,0,0.6759,,6,0,0,0,,0
12.5944,55,0,0.6458,,9,0,1,0,1.0,0
0.5387,61,0,0.4059,,8,0,1,0,0.0,0
0.3305,35,0,0.0246,5742.0,13,0,1,0,2.0,0
0.1816,46,0,0.3722,,10,0,2,0,0.0,0
0.1757,63,0,0.7206,,5,0,3,0,1.0,0
0.0066,44,0,0.2781,8531.0,7,0,1,0,0.0,0
0.6798,45,0,0.4438,,8,0,1,0,0.0,0
0.0944,66,0,0.0492,2579.0,9,0,1,0,1.0,0
0.1634,42,0,0.349,7950.0,6,0,3,0,0.0,0
0.2303,58,0,0.1313,2164.0,8,0,0,0,0.0,0
0.3444,54,0,0.1845,17087.0,10,0,2,0,2.0,0
0.1183,64,0,0.5691,7676.0,10,0,0,0,0.0,0
0.1438,51,0,0.5158,4617.0,8,0,0,0,1.0,0
0.6038,41,0,0.1307,1074.0,11,0,2,0,1.0,0
2.6694,43,0,0.6856,5331.0,14,0,0,0,0.0,1
0.1944,75,0,0.338,8740.0,9,0,2,0,0.0,0
0.6905,45,0,0.7065,7485.0,5,0,1,0,0.0,0
0.5462,44,0,0.7374,,9,0,2,0,2.0,0
0.742,46,0,0.834,5506.0,7,0,1,0,3.0,0
0.2595,48,2,0.2825,7588.0,9,0,0,0,0.0,0
0.483,46,0,0.6457,8297.0,8,0,1,0,3.0,0
0.0575,60,0,0.5965,5983.0,8,0,2,0,0.0,0
0.0508,53,0,0.5124,3562.0,8,0,0,0,1.0,0
2.315,44,0,0.2325,7141.0,9,0,1,0,1.0,0
0.3628,62,0,1.1784,8861.0,6,0,2,0,0.0,0
2.7062,56,0,0.8844,3415.0,7,0,0,0,1.0,1
1.969,71,0,0.7446,5224.0,10,0,1,0,2.0,0
0.3425,56,0,0.4825,,7,0,1,0,1.0,0
0.2982,50,0,0.0919,6021.0,11,0,1,0,2.0,0
2.0935,49,2,0.5217,12628.0,8,0,2,1,0.0,0
0.1311,54,0,0.2461,3905.0,9,0,1,0,2.0,0
0.1528,57,0,0.4461,,8,0,4,0,0.0,0
0.5163,52,0,0.0653,11106.0,6,0,0,0,0.0,0
0.5416,46,0,0.3603,15335.0,10,0,1,0,0.0,0
4.6983,61,1,0.4792,12719.0,9,0,0,1,2.0,0
0.7031,58,0,0.242,12584.0,5,0,0,0,1.0,0
0.3414,52,0,0.6463,1938.0,5,0,1,0,3.0,0
2.0763,61,0,0.3869,,8,0,0,0,1.0,0
0.3428,51,0,0.5637,5980.0,8,0,1,0,0.0,0
0.9034,52,0,0.4773,,7,0,2,0,2.0,0
0.2204,61,0,0.7724,,7,0,4,0,1.0,0
0.2259,63,0,0.7926,8235.0,6,0,1,0,0.0,0
0.1593,61,0,1.003,4153.0,7,0,0,0,0.0,0
1.4631,41,0,0.5329,7230.0,9,0,0,0,,0
0.2341,57,0,0.3842,15028.0,10,0,1,0,1.0,0
0.3836,53,0,0.5461,6262.0,8,0,4,0,0.0,0
3.014,57,0,0.7674,6973.0,6,0,3,0,1.0,0
0.3362,78,0,0.0942,13942.0,9,0,2,0,2.0,0
2.6816,49,0,0.7588,12079.0,11,0,1,0,1.0,0
0.1336,52,0,0.1009,2975.0,7,0,0,0,0.0,0
1.3513,44,0,0.2278,2206.0,3,0,1,0,2.0,0
0.5898,49,0,0.4508,2956.0,4,0,0,0,1.0,0
0.9167,43,0,0.9033,4486.0,10,0,3,0,0.0,1
2.26,37,0,0.0455,5872.0,11,0,2,2,1.0,0
0.6796,25,0,0.6498,,8,0,2,0,2.0,0
0.0775,42,0,0.6506,7426.0,8,0,0,0,0.0,0
0.5753,43,0,0.515,3546.0,8,0,1,0,0.0,0
0.0994,51,0,0.2702,5902.0,10,0,0,0,0.0,0
0.1546,44,0,0.4617,7614.0,11,0,2,0,0.0,0
0.2954,66,0,0.4228,,7,0,0,0,0.0,0
0.2033,55,0,0.5698,5039.0,5,0,2,0,1.0,0
2.736,62,0,0.4624,1784.0,14,0,3,0,2.0,0
2.6514,66,0,0.5485,12390.0,3,0,1,0,0.0,0
0.2125,71,0,0.6954,4179.0,5,0,3,0,0.0,0
0.1645,66,0,0.347,8630.0,11,0,0,0,1.0,0
0.2342,40,0,0.3585,11239.0,7,0,3,0,0.0,0
0.1937,64,0,0.7859,11666.0,11,0,0,0,0.0,0
0.6908,56,0,0.4218,7477.0,9,0,1,0,1.0,0
0.8896,71,1,0.4729,7854.0,8,0,1,0,1.0,0
0.6719,52,0,0.4534,,12,0,1,0,0.0,0
1.0191,68,0,0.4168,4797.0,17,0,0,0,0.0,0
0.6428,53,0,0.6328,,10,0,1,0,4.0,0
0.542,54,0,0.6089,4161.0,4,0,3,0,,1
3.2296,61,0,0.5288,2493.0,9,0,1,0,0.0,0
0.1826,48,0,0.2372,6003.0,13,0,0,0,2.0,0
0.466,60,0,0.0872,,7,0,0,0,0.0,0
0.2089,31,0,0.6477,11367.0,11,0,1,0,0.0,0
0.8558,59,0,0.9743,,7,0,1,0,0.0,0
2.1936,34,0,0.5464,2849.0,6,0,1,0,0.0,0
0.381,60,0,0.5417,3485.0,10,0,0,0,2.0,0
0.3742,21,0,0.6586,3812.0,9,0,0,0,0.0,0
0.7858,27,0,0.6496,8503.0,6,0,0,0,2.0,0
0.2321,53,2,0.1035,3901.0,9,0,1,0,2.0,0
0.7465,53,0,0.6704,6684.0,10,0,3,0,1.0,0
0.4427,48,0,0.6959,5052.0,6,0,1,0,1.0,0
0.2417,62,0,0.3172,1697.0,11,0,1,0,1.0,0
0.2363,65,0,0.4345,,12,0,0,0,1.0,0
0.4477,87,0,0.4798,5490.0,8,0,0,0,2.0,0
0.4649,53,0,0.3447,9238.0,5,0,2,0,1.0,0
0.6315,66,0,0.6407,3268.0,8,0,0,0,0.0,1
0.4537,40,0,0.0363,5361.0,12,0,0,0,0.0,0
0.431,44,0,0.1937,4776.0,7,0,1,0,1.0,0
0.1005,41,0,0.4481,3553.0,5,0,0,0,0.0,0
0.5942,50,0,0.2135,3201.0,7,0,0,0,0.0,0
0.2845,55,0,0.5469,4179.0,5,0,2,0,1.0,0
0.7167,67,0,0.8223,6325.0,10,0,1,0,0.0,0
11.1969,57,0,1.0218,,7,0,0,0,4.0,1
0.9202,71,0,0.6732,7930.0,9,0,0,0,2.0,1
0.2238,71,0,0.2361,4452.0,14,0,0,0,1.0,0
0.707,53,0,0.7302,5055.0,12,0,2,0,2.0,0
0.5609,51,0,0.2217,,9,0,2,0,4.0,0
0.7705,31,0,0.6853,1937.0,11,0,1,0,1.0,0
0.1462,44,0,0.3028,6624.0,9,0,1,0,1.0,0
0.7231,41,0,1.0039,13535.0,12,0,0,0,0.0,0
0.02,41,0,0.3365,,5,0,1,0,2.0,0
0.1211,46,0,0.7223,10911.0,9,0,0,0,0.0,0
0.2899,59,0,0.6847,3934.0,2,0,0,0,1.0,0
0.6612,56,0,0.5354,7122.0,7,0,0,0,0.0,0
0.9242,66,0,0.239,,6,0,2,0,2.0,0
0.0383,57,0,0.4574,3587.0,8,0,0,0,0.0,0
0.2959,44,0,0.3131,2266.0,11,0,0,0,1.0,0
3.8838,63,0,0.4122,6432.0,7,0,1,0,2.0,0
0.0404,33,0,0.4064,2910.0,8,0,1,0,0.0,0
0.4756,66,0,0.6505,2045.0,7,0,2,0,1.0,1
0.7516,41,0,0.2686,14034.0,10,0,1,0,0.0,0
0.7915,21,0,0.4225,4571.0,3,0,1,0,0.0,0
0.1716,60,0,0.2299,,6,0,1,0,1.0,0
0.0345,48,0,0.1972,6150.0,6,0,1,0,,0
0.875,68,0,0.3658,2553.0,5,0,2,0,2.0,0
0.3338,65,0,0.0664,2567.0,8,0,1,0,0.0,0
1.797,38,0,0.8998,,12,0,0,0,0.0,0
0.4532,73,0,0.5757,,4,0,1,0,2.0,1
0.3729,26,0,0.3241,,4,0,1,0,0.0,0
0.0881,59,0,0.2969,,6,0,0,0,0.0,0
0.5775,72,0,0.5757,,6,0,0,0,1.0,0
0.2874,38,0,0.7323,5869.0,8,0,1,0,1.0,0
0.3298,82,0,0.8386,21897.0,9,0,1,0,0.0,0
0.8485,54,0,0.0787,3968.0,10,0,1,0,0.0,0
0.3939,57,0,0.4812,5112.0,7,0,0,0,0.0,0
0.9442,68,0,0.3057,5412.0,9,0,1,0,0.0,0
1.515,58,0,0.5113,6269.0,5,0,2,0,0.0,0
0.0077,33,0,1.1146,4028.0,9,0,2,0,1.0,0
0.0028,21,0,0.4089,931.0,4,0,2,0,1.0,0
0.6467,38,2,0.1457,778.0,8,0,1,0,1.0,0
2.1463,40,0,0.3919,8475.0,10,0,1,0,0.0,0
2.4619,39,0,0.6959,10833.0,3,0,2,0,1.0,0
0.1059,43,0,0.8839,6405.0,8,0,1,0,1.0,0
0.4243,21,1,0.6106,,8,0,0,0,0.0,0
0.6243,35,0,0.561,4520.0,6,0,1,0,1.0,0
0.0402,60,0,0.0758,3829.0,5,0,0,0,1.0,0
0.123,67,0,0.308,,10,0,0,0,0.0,0
0.2689,42,0,0.0544,,16,0,0,0,3.0,0
1.7153,62,0,0.4812,3667.0,7,0,1,0,3.0,0
0.6121,21,0,0.4602,5119.0,6,0,0,0,1.0,0
0.7552,56,0,0.3908,,7,0,3,0,0.0,0
0.4956,69,0,0.5502,2005.0,14,0,0,0,0.0,1
6.8867,59,0,0.82,4415.0,9,0,2,0,0.0,0
0.1212,52,0,0.6109,5874.0,13,0,3,0,0.0,0
0.112,21,0,0.8047,2960.0,10,0,1,0,0.0,0
1.0556,78,0,0.6778,22642.0,9,0,1,0,2.0,0
0.1875,79,0,0.606,14253.0,8,0,1,0,0.0,0
0.4715,62,0,0.6002,3981.0,9,0,0,0,1.0,0
0.0991,71,0,0.3736,6176.0,11,0,2,0,1.0,0
0.4097,52,0,0.9562,1665.0,9,0,2,0,1.0,0
0.6058,63,0,0.3857,,6,0,0,0,2.0,0
0.345,64,0,0.2047,3690.0,2,0,0,0,0.0,0
0.499,51,0,0.5569,5428.0,7,0,1,0,1.0,0
0.1749,40,1,0.7626,7894.0,2,0,0,1,2.0,0
0.3851,64,0,0.0674,7863.0,4,0,0,0,1.0,0
0.9024,78,0,0.5095,2507.0,6,0,1,0,0.0,0
0.3392,69,0,0.5488,10358.0,3,0,1,0,1.0,0
0.105,57,0,0.7005,,10,0,3,0,4.0,0
3.7706,56,0,0.6885,6723.0,11,0,1,0,1.0,0
0.7827,56,0,0.1199,,12,0,1,0,1.0,0
0.3244,21,0,0.2273,6958.0,9,0,0,0,0.0,0
0.1392,51,0,0.2152,3921.0,14,0,0,0,0.0,0
0.2635,49,0,0.8628,,6,0,2,0,1.0,0
0.7875,35,0,0.2694,4554.0,5,0,2,0,0.0,0
0.0613,67,0,0.2143,16644.0,6,0,1,0,0.0,0
1.0877,56,0,0.1663,8469.0,8,0,1,0,0.0,0
0.013,21,0,0.7072,6970.0,6,0,1,0,0.0,0
0.0715,55,0,1.01,9640.0,10,0,1,0,2.0,0
0.37,70,0,0.0747,2641.0,12,0,1,0,3.0,0
0.1851,44,0,0.4878,4796.0,9,0,1,0,0.0,0
0.9411,38,0,0.698,,6,0,2,0,3.0,1
0.0771,34,0,0.9799,5175.0,13,0,2,0,1.0,0
0.3632,53,0,0.3645,4858.0,5,0,1,0,1.0,0
0.8135,42,1,0.6512,4573.0,9,0,0,0,1.0,0
0.8203,31,0,0.4387,9069.0,10,0,2,0,0.0,0
1.1709,75,0,0.2936,10784.0,8,0,0,0,2.0,0
0.1472,55,0,0.1069,12978.0,5,0,1,0,2.0,0
3.7023,45,1,0.3666,,9,0,0,0,1.0,0
0.9125,75,2,0.3533,8163.0,3,1,1,0,0.0,0
1.5751,56,0,0.5872,1867.0,10,0,1,0,1.0,0
0.2067,50,0,0.3974,6707.0,7,0,2,0,0.0,0
0.1387,55,1,0.2481,6693.0,6,0,1,0,0.0,0
0.1847,45,0,0.1286,2547.0,9,0,0,0,0.0,0
1.3257,50,0,0.3771,7923.0,5,0,2,0,2.0,0
0.2675,60,0,0.9003,5148.0,6,0,0,0,2.0,0
0.1303,76,0,0.4947,15992.0,6,0,1,0,3.0,0
1.235,44,0,0.5139,3953.0,8,0,3,0,1.0,0
0.5997,61,0,0.3239,,7,0,1,0,2.0,0
1.0799,31,0,0.5809,,7,0,3,0,2.0,0
0.7367,59,0,1.0155,6946.0,4,0,2,0,0.0,0
3.4642,77,0,0.8971,5101.0,11,0,2,0,0.0,1
0.8299,52,0,0.8181,,10,0,1,0,2.0,0
0.1641,44,0,0.0949,11091.0,10,0,0,0,1.0,0
0.1982,45,0,0.723,12756.0,7,0,2,0,1.0,0
0.7081,59,1,0.491,,11,1,3,0,1.0,0
0.0594,53,0,0.6904,,4,0,1,0,1.0,0
0.3622,46,0,0.3171,10193.0,7,0,2,0,0.0,0
0.6449,61,0,0.1472,,2,0,0,0,1.0,0
0.6938,40,0,0.3994,4564.0,5,0,0,0,1.0,0
0.9343,64,0,0.3057,,3,0,2,0,1.0,0
3.8553,48,0,0.7918,5386.0,5,0,2,0,1.0,1
0.3648,61,0,0.9617,,7,0,0,0,1.0,0
1.6763,64,0,0.1483,5662.0,8,0,1,0,1.0,0
0.0047,25,0,0.4042,2615.0,5,0,1,0,2.0,0
6.7268,51,0,0.1561,1607.0,15,1,1,0,0.0,0
0.2927,31,0,0.2261,6328.0,9,0,0,0,0.0,0
0.9011,28,0,0.4606,,5,0,0,0,1.0,0
0.3944,49,0,0.1553,,10,0,0,0,1.0,0
0.3892,56,0,0.757,8888.0,10,0,1,0,1.0,0
1.3711,30,0,0.6744,12474.0,9,0,2,0,,0
0.2201,56,0,0.2098,16379.0,6,0,1,0,0.0,0
0.0225,40,0,0.3591,3454.0,4,0,2,0,0.0,0
0.7663,53,0,0.5334,7464.0,4,0,0,0,0.0,0
0.2286,87,0,0.5908,8683.0,7,0,1,0,1.0,0
0.6644,48,0,0.2717,2388.0,6,0,1,0,,0
0.9769,36,0,0.221,2954.0,8,0,0,0,1.0,0
0.6837,52,0,0.6835,4098.0,10,0,1,0,2.0,0
0.4315,49,0,0.0934,,7,0,2,0,3.0,0
5.1422,47,0,0.9335,4226.0,11,0,1,0,0.0,0
0.0998,52,2,0.6455,3492.0,6,0,0,0,0.0,1
0.547,49,0,0.1926,3105.0,7,0,0,0,0.0,0
0.5913,35,0,0.1064,3586.0,11,0,1,0,0.0,0
1.7235,64,0,0.2984,1283.0,9,0,1,0,0.0,0
4.3562,70,0,0.6249,6642.0,10,0,2,0,1.0,0
0.3425,47,3,0.2914,3724.0,7,1,1,0,0.0,0
0.2586,57,0,0.4093,1880.0,5,0,1,0,2.0,0
0.0392,23,0,0.604,11157.0,10,0,0,0,2.0,0
2.2353,52,0,0.8284,8455.0,8,0,0,0,1.0,0
2.4053,79,0,0.2539,2826.0,8,0,1,0,1.0,0
0.152,63,0,0.2752,2063.0,4,0,1,0,1.0,0
0.6074,54,0,0.7055,4201.0,6,0,1,0,0.0,0
0.402,51,0,0.5002,12934.0,9,0,2,0,1.0,0
0.392,48,0,0.3939,25311.0,6,0,0,0,2.0,0
0.2043,58,0,0.7807,9900.0,7,0,0,0,0.0,0
0.2111,66,0,0.4689,8322.0,15,0,1,0,1.0,0
0.0404,45,0,0.3409,5473.0,3,0,2,0,1.0,0
0.396,63,0,0.9039,,3,0,0,0,1.0,0
0.4768,41,0,0.6544,2903.0,6,0,1,0,0.0,0
0.5995,46,0,0.227,3231.0,10,0,3,0,1.0,0
1.0843,36,0,0.6498,4029.0,3,0,3,0,1.0,1
1.1149,54,0,0.2668,4548.0,6,0,0,0,2.0,0
0.5176,53,0,0.2101,8094.0,10,0,1,0,0.0,0
0.4463,58,1,0.2875,6574.0,6,0,1,0,1.0,0
0.4894,56,0,0.6391,3195.0,5,0,1,0,0.0,0
0.379,62,0,0.3758,12659.0,11,0,1,0,0.0,0
0.5835,81,0,0.6497,,6,0,1,0,1.0,0
2.6044,62,0,0.4169,5929.0,7,0,1,0,2.0,0
0.3555,24,0,0.7456,2972.0,15,0,0,0,1.0,0
0.1626,49,0,0.9336,5595.0,8,0,1,0,1.0,0
0.2064,52,0,0.4374,7686.0,11,0,1,0,0.0,0
4.9945,30,0,0.3115,3463.0,4,0,2,0,1.0,0
0.343,64,0,0.4189,2134.0,5,0,1,0,1.0,0
0.6239,77,0,0.1559,,5,0,0,0,0.0,0
0.7112,40,0,0.6658,2927.0,8,0,0,0,0.0,0
4.2318,70,1,0.818,7014.0,6,0,0,0,1.0,0
0.2201,67,0,0.7188,5087.0,7,0,1,0,3.0,0
1.6485,56,1,0.4475,6701.0,6,2,1,0,1.0,0
0.9139,64,0,0.5686,,2,0,0,0,0.0,1
1.48,41,0,0.364,,14,0,2,0,2.0,0
0.5437,68,0,0.3205,,8,0,1,0,0.0,0
1.8709,70,0,0.6793,4374.0,13,0,1,0,1.0,0
0.5397,59,0,0.6268,9106.0,6,0,0,0,1.0,0
0.0775,56,0,0.8741,9192.0,9,0,1,0,3.0,0
0.4744,41,0,0.4082,4930.0,3,0,1,0,0.0,0
0.1762,65,0,0.8573,7962.0,5,0,0,0,0.0,0
0.3233,52,0,0.136,5475.0,9,0,1,0,,1
0.667,50,1,0.2641,12943.0,12,0,1,1,0.0,0
0.1218,65,0,0.4755,,8,0,2,0,3.0,0
0.1999,48,0,0.381,13223.0,6,0,2,0,1.0,0
0.9214,42,0,0.0903,,7,0,4,0,1.0,0
0.5418,67,0,0.4229,2388.0,8,0,1,0,0.0,0
0.1269,31,0,0.9406,2113.0,5,0,1,0,0.0,0
0.8828,62,0,0.1047,6092.0,4,0,3,0,1.0,0
0.2581,35,0,1.1995,9546.0,14,0,1,0,0.0,0
1.0001,27,0,0.453,4104.0,7,0,2,0,1.0,0
0.2464,61,0,0.4915,6966.0,8,0,1,0,1.0,0
0.0817,57,0,0.1092,4282.0,5,0,2,0,0.0,0
0.2581,43,0,0.4424,,8,0,2,0,0.0,0
0.2064,36,0,0.4584,2863.0,9,0,0,0,1.0,0
0.6134,57,0,0.1722,10353.0,13,0,1,0,3.0,0
11.034,45,0,0.3211,5816.0,8,0,1,0,0.0,0
0.7302,63,0,0.4097,,7,0,3,0,0.0,1
0.3109,44,0,0.5781,6456.0,6,0,1,0,1.0,0
0.5382,46,0,0.4477,4605.0,12,0,0,0,0.0,0
0.5437,68,0,0.365,,3,0,3,0,0.0,0
0.2362,38,0,0.7015,,5,0,2,0,1.0,0
0.5103,32,0,0.3199,9969.0,8,1,0,0,1.0,0
3.776,39,0,0.5279,10007.0,8,0,0,0,0.0,0
0.3943,55,0,0.7246,8392.0,7,0,2,0,1.0,0
0.3081,79,0,0.5225,,5,0,2,0,0.0,0
0.1323,54,0,0.6425,6386.0,8,0,1,0,0.0,0
0.3174,40,0,0.1097,4178.0,13,0,0,0,0.0,0
0.3255,40,0,0.1899,2316.0,7,0,2,0,0.0,0
0.2417,58,0,0.1811,11639.0,7,0,2,0,0.0,0
4.9347,28,2,0.379,4263.0,5,0,0,0,1.0,0
0.0004,26,0,0.7862,9245.0,9,0,0,0,0.0,0
2.1067,55,0,0.9901,12732.0,12,0,0,0,0.0,0
0.5466,64,0,0.5001,5415.0,13,0,2,0,1.0,1
0.2559,65,0,0.4584,4610.0,8,0,0,0,0.0,0
1.7118,57,0,0.2081,11021.0,7,0,2,0,1.0,0
0.4957,69,0,0.48,2302.0,5,0,2,0,1.0,1
0.3959,49,0,0.4247,7382.0,7,0,0,0,1.0,0
0.0152,47,0,0.7715,,9,0,0,0,0.0,0
0.1757,51,0,0.2688,,8,0,3,0,1.0,0
6.5151,56,0,0.2899,6414.0,5,0,1,0,1.0,0
0.4904,95,0,0.2027,4848.0,8,0,1,0,1.0,0
0.4994,49,0,0.5096,4265.0,3,0,0,0,0.0,0
0.4498,55,0,1.0785,2238.0,12,0,1,0,0.0,0
0.316,76,0,0.7579,10376.0,6,0,2,0,1.0,0
0.3103,60,0,0.3452,5161.0,5,0,1,0,0.0,1
0.139,28,0,0.0919,6874.0,8,0,0,0,2.0,0
1.9757,76,0,0.1226,,11,0,0,0,1.0,0
0.5379,57,0,0.6213,5203.0,10,0,2,0,0.0,0
0.44,21,0,0.5572,5990.0,5,0,1,0,1.0,0
0.1874,46,0,0.6837,,9,0,0,0,2.0,0
0.3785,42,0,0.5489,9303.0,8,0,2,0,0.0,0
5.5041,45,0,0.6105,4598.0,4,0,1,0,0.0,0
0.2313,52,0,0.2232,7051.0,5,0,1,0,1.0,0
0.3539,62,0,0.4302,8062.0,7,0,2,0,1.0,0
0.7008,70,0,0.236,5690.0,5,0,4,0,0.0,0
2.4352,70,0,0.5932,2667.0,6,0,0,0,,0
0.1877,74,0,0.7735,5295.0,2,0,3,0,0.0,0
0.099,49,0,0.258,,6,0,0,0,2.0,0
0.6766,23,0,0.8913,,11,0,0,0,1.0,0
1.2865,21,0,0.2932,2378.0,3,0,0,0,,0
0.7039,63,0,0.3003,4742.0,8,0,1,0,0.0,0
0.2488,51,0,0.9065,9174.0,9,0,1,0,2.0,0
0.3309,73,0,0.6915,8372.0,8,0,0,0,0.0,0
0.2555,58,0,0.9194,,7,0,2,0,0.0,0
0.1509,27,0,1.2543,2948.0,12,0,0,0,0.0,0
0.3529,44,0,0.7632,,10,0,1,0,2.0,0
0.9182,58,0,0.5098,1584.0,10,0,1,0,0.0,0
0.5251,36,0,0.6452,14609.0,7,0,0,0,1.0,0
0.4511,73,0,0.3741,,4,0,1,0,1.0,0
0.1653,46,0,0.3309,,7,0,1,0,0.0,0
0.7248,47,0,0.5882,5142.0,7,0,1,0,0.0,0
0.2501,30,0,0.3996,5111.0,12,0,0,0,1.0,0
0.5869,81,0,0.0662,3344.0,8,0,2,0,0.0,0
1.9518,49,2,0.6963,2397.0,10,0,2,0,2.0,0
1.2001,56,1,0.2459,4642.0,18,0,0,0,0.0,0
0.3004,41,0,0.5762,3772.0,5,0,1,0,0.0,0
0.7146,46,0,0.2841,3174.0,5,0,3,0,0.0,0
0.8744,56,0,0.3115,16103.0,12,1,1,1,1.0,0
0.2202,58,0,0.9659,4415.0,10,0,0,0,0.0,0
0.2356,60,0,0.3146,9196.0,8,0,1,0,0.0,0
0.4397,66,0,0.202,3407.0,7,0,0,0,1.0,0
0.1716,62,0,0.4098,10050.0,4,0,1,0,0.0,0
0.1221,60,0,0.8634,4647.0,4,0,0,0,0.0,0
0.5028,43,0,0.8712,,8,0,2,0,2.0,0
0.0039,49,0,0.916,2326.0,9,0,0,0,1.0,0
0.1868,35,0,0.5864,3448.0,8,0,0,0,0.0,0
0.365,45,0,0.4353,8600.0,6,0,0,0,0.0,0
0.0332,58,0,0.292,6254.0,5,0,0,0,0.0,0
0.8074,58,0,0.1738,5057.0,13,0,1,0,0.0,0
0.4016,61,0,0.5186,2982.0,5,0,0,0,1.0,0
1.4901,73,0,0.3944,1665.0,2,0,2,0,1.0,0
0.0342,34,0,0.3792,,13,0,2,0,1.0,0
6.8941,26,0,0.3515,,7,0,0,0,3.0,0
0.5707,48,0,0.5992,3100.0,10,0,1,0,1.0,0
0.1888,73,0,0.6939,2238.0,6,0,1,0,1.0,0
0.3972,72,0,0.1448,3607.0,8,0,2,0,0.0,0
0.7591,55,0,0.1439,,5,0,1,0,1.0,0
0.557,48,0,0.3627,5705.0,7,0,3,0,0.0,0
0.4738,56,0,0.9023,,6,0,1,0,4.0,0
0.1993,68,0,0.6452,4778.0,5,0,0,1,3.0,0
0.2557,41,0,0.3367,13697.0,14,0,1,0,2.0,0
0.5972,44,0,0.9834,6158.0,11,0,0,0,1.0,0
0.4018,53,0,0.2063,7730.0,10,0,1,0,0.0,0
0.327,68,0,0.4299,3838.0,8,0,0,0,,0
0.1269,64,0,0.6848,4927.0,10,0,1,0,2.0,0
0.3564,24,0,0.4644,,13,0,0,0,0.0,0
0.8365,64,0,0.9438,5890.0,6,0,1,0,0.0,0
0.067,52,0,0.6255,,8,0,0,0,0.0,0
0.0282,61,0,0.0659,11584.0,12,0,0,0,0.0,0
0.355,49,0,0.1555,6451.0,7,0,2,0,,0
0.4203,59,0,0.2415,,7,0,2,0,2.0,0
7.5736,53,0,0.816,4667.0,3,0,0,0,0.0,0
0.293,44,3,0.4167,6854.0,9,0,0,0,0.0,0
3.3477,41,0,0.6208,8054.0,6,0,0,0,1.0,0
0.4391,49,0,0.3402,1867.0,10,0,0,0,1.0,1
0.2967,34,0,0.0968,,6,0,1,0,2.0,0
0.1785,46,0,0.5532,,13,0,1,0,1.0,0
0.2539,47,0,0.3378,7663.0,9,0,2,0,0.0,0
2.114,67,0,0.8391,13248.0,9,0,0,0,1.0,0
0.026,61,0,0.4776,,4,0,0,0,1.0,0
0.7272,80,0,0.5316,,6,0,0,0,2.0,1
0.9346,29,0,0.4849,5730.0,7,0,1,0,1.0,0
0.6618,48,0,0.5472,9513.0,14,0,4,0,0.0,0
2.9052,69,0,0.5451,3096.0,10,0,0,0,2.0,1
0.1167,56,0,0.6534,4014.0,8,0,0,0,1.0,0
0.3836,49,0,0.4792,1880.0,7,0,3,0,0.0,0
0.0783,39,0,0.3406,6301.0,7,0,1,0,0.0,0
0.3213,62,0,0.5095,20086.0,8,0,0,0,1.0,0
2.4568,55,0,1.1949,10789.0,4,0,2,0,0.0,0
0.6038,47,0,0.1898,4811.0,9,0,0,0,1.0,0
0.2695,66,0,0.3014,4359.0,13,0,1,0,,0
2.0986,83,0,0.4799,5633.0,8,0,0,0,2.0,0
0.8708,40,0,0.2605,3041.0,7,0,2,0,1.0,0
0.3705,60,0,0.7546,4189.0,4,0,2,0,1.0,0
0.2459,54,0,0.4028,7956.0,8,0,2,0,0.0,0
1.1323,61,0,0.4431,,4,0,0,0,3.0,0
1.4523,70,0,0.7357,2596.0,11,0,1,0,,1
0.2373,72,0,1.0944,8012.0,1,0,3,0,1.0,0
0.5225,45,0,0.4172,1194.0,6,0,1,0,2.0,0
0.856,29,2,0.4085,15516.0,6,0,1,0,0.0,0
0.1556,51,0,0.2359,1817.0,5,0,0,0,0.0,0
0.154,51,0,0.317,6760.0,10,0,0,0,0.0,0
0.0328,21,0,0.5406,7468.0,9,0,2,0,1.0,0
0.3582,66,0,0.2318,7069.0,9,0,0,0,1.0,0
0.1329,45,0,0.3387,,9,0,1,0,1.0,0
0.1985,51,1,0.084,1758.0,7,0,0,0,1.0,0
0.1467,44,0,0.5853,8395.0,10,0,2,0,1.0,0
0.0448,49,0,0.271,2667.0,6,0,1,0,2.0,0
0.6769,70,0,0.4415,5049.0,10,0,2,0,,0
0.6613,53,0,0.5682,6203.0,13,0,0,0,1.0,0
0.6034,82,0,0.3255,,7,0,3,0,2.0,0
0.2182,61,0,0.1779,1860.0,8,0,1,0,1.0,0
7.9834,62,0,0.3395,,8,0,2,0,2.0,0
6.6739,49,0,0.7711,1772.0,7,0,1,1,1.0,0
4.0796,51,0,1.1852,9918.0,7,0,1,0,0.0,0
0.0593,66,0,0.3114,,9,0,0,0,1.0,0
0.5701,69,0,0.596,,2,0,2,0,0.0,0
0.0003,56,0,0.1107,2948.0,13,0,1,0,0.0,0
0.4611,60,0,0.3591,3735.0,9,0,0,0,0.0,1
3.6925,50,0,0.3522,2723.0,9,0,2,0,1.0,0
0.8455,55,0,0.2823,3206.0,7,0,1,0,1.0,0
0.2098,53,0,0.0259,,6,0,2,0,1.0,0
0.7793,53,0,0.8962,1506.0,9,0,2,0,0.0,1
0.4055,66,0,0.5537,2336.0,4,0,2,0,1.0,0
5.4757,51,0,0.9429,3570.0,9,0,0,0,2.0,1
0.0696,43,0,0.5125,,10,0,0,0,0.0,0
0.8708,48,0,0.1277,4442.0,3,0,1,0,0.0,0
0.3233,48,0,0.3743,,8,0,1,0,0.0,0
0.0725,58,0,0.5539,3926.0,9,0,0,0,0.0,0
0.0685,44,0,0.1661,2788.0,9,0,1,0,0.0,0
0.8325,68,0,0.6836,6025.0,5,0,2,0,0.0,0
0.3649,48,0,0.4007,3226.0,5,0,0,0,1.0,0
0.0362,74,0,0.2357,15845.0,15,0,0,0,0.0,0
0.0253,52,0,0.8187,1751.0,8,0,0,0,1.0,0
0.001,59,0,0.9363,,7,0,0,0,1.0,0
0.3133,66,0,0.9249,4127.0,14,0,0,0,0.0,0
0.8584,69,0,0.5759,3389.0,11,0,1,0,0.0,0
0.2194,61,0,0.6575,,12,0,0,0,0.0,0
0.2476,89,0,0.1036,,12,0,1,0,0.0,0
0.7392,52,0,0.2477,8066.0,5,0,2,0,0.0,0
0.2416,31,0,0.8959,,10,0,2,0,0.0,0
0.4547,52,0,0.3897,4094.0,6,0,0,0,,0
0.377,63,0,0.3404,13471.0,5,0,1,0,1.0,0
3.8752,58,0,0.1513,914.0,8,0,1,0,2.0,0
0.2308,38,0,0.4662,4071.0,10,0,3,0,1.0,0
0.0281,47,0,0.3567,6141.0,11,0,2,0,0.0,0
2.3162,41,2,0.8195,2377.0,8,0,0,0,2.0,0
0.7705,43,0,0.3024,2876.0,10,0,0,0,1.0,0
2.0663,51,0,0.9181,6468.0,8,0,2,0,1.0,0
0.5672,59,0,1.043,16449.0,8,0,1,0,0.0,0
0.115,42,0,0.4499,4963.0,11,0,0,0,0.0,0
0.7845,43,0,0.4326,2656.0,11,0,1,0,1.0,0
0.5159,62,0,0.6581,5549.0,6,0,0,0,0.0,0
0.0247,40,0,0.442,8421.0,10,0,2,0,0.0,0
0.3357,39,0,0.5374,9230.0,9,0,1,0,0.0,0
0.7475,83,0,0.1305,,7,0,3,0,2.0,0
0.0989,45,0,0.4723,5341.0,8,0,0,0,2.0,0
2.0124,26,0,0.6875,5481.0,7,0,2,0,2.0,0
0.6094,35,0,0.527,,6,0,3,0,0.0,0
0.0093,24,0,0.0393,3629.0,7,0,1,0,2.0,0
1.006,75,0,0.566,7414.0,4,0,1,0,0.0,0
0.0698,51,0,0.4082,5857.0,5,0,1,0,1.0,0
0.0574,37,0,0.5183,3126.0,9,0,1,0,0.0,0
0.2971,60,0,0.4994,8179.0,5,0,0,0,0.0,0
2.1596,76,0,0.1731,4106.0,4,0,2,0,2.0,1
0.2354,50,0,0.0347,18217.0,10,0,1,0,3.0,0
6.5048,75,0,0.3241,3006.0,9,0,0,0,2.0,0
0.5722,47,0,0.2501,4761.0,6,0,1,0,1.0,0
0.1228,36,0,0.508,,5,0,1,0,1.0,0
0.15,77,0,0.5298,4505.0,4,0,2,0,1.0,0
0.3581,42,0,1.0356,,9,0,2,0,0.0,0
0.0844,44,0,0.3961,6264.0,2,0,2,0,1.0,0
0.2494,67,0,0.421,2628.0,6,0,1,0,1.0,0
0.6429,52,0,1.1136,,8,0,1,0,,0
2.9475,50,0,0.7752,,11,0,1,0,1.0,1
0.3794,48,0,0.0645,3865.0,4,0,1,0,3.0,0
0.246,43,0,0.2751,2617.0,4,0,0,0,2.0,0
0.4051,55,0,0.4486,,7,0,0,0,0.0,0
0.6684,59,0,0.461,6018.0,8,0,0,0,0.0,0
0.5799,49,0,0.6016,6181.0,7,0,2,0,0.0,0
0.0163,60,0,0.2958,4244.0,10,0,1,0,0.0,0
1.3505,58,0,0.4091,6442.0,12,0,0,0,0.0,0
0.0315,57,0,0.3914,3333.0,11,0,1,0,2.0,0
0.0364,48,0,0.4554,3087.0,7,0,0,0,0.0,0
0.5995,47,2,0.4089,15300.0,12,0,1,0,1.0,0
0.6074,57,0,0.174,10968.0,14,0,0,0,1.0,0
1.1399,35,0,0.8696,3704.0,11,0,0,0,1.0,0
0.0948,93,0,0.417,3756.0,8,0,2,0,0.0,0
0.3656,21,0,0.1623,7473.0,5,0,1,0,2.0,0
0.6166,44,0,0.1822,9745.0,5,0,0,0,0.0,0
1.0726,59,0,0.1851,5948.0,8,0,1,0,,0
0.1769,62,0,0.3035,2616.0,5,0,2,0,1.0,0
0.6054,40,0,0.2557,5754.0,12,0,0,0,1.0,0
0.4004,43,0,0.1573,4997.0,4,0,2,0,1.0,0
0.3947,53,0,0.5692,7418.0,12,0,2,0,0.0,0
3.7706,33,0,0.6,18832.0,6,0,1,0,2.0,0
0.0252,35,0,0.3297,6102.0,6,0,6,0,1.0,0
1.0691,64,0,0.3558,,8,0,2,0,0.0,0
0.2066,63,0,0.1215,3131.0,4,0,1,0,1.0,0
0.6073,52,0,0.4055,6594.0,5,0,3,0,0.0,0
0.095,63,0,0.598,,10,0,1,0,3.0,0
0.0252,53,0,0.5146,,9,0,1,0,2.0,0
0.2049,41,0,0.0759,12421.0,7,0,0,0,0.0,0
0.6368,36,0,0.1897,2408.0,5,0,0,0,2.0,0
0.4154,61,0,0.3171,3220.0,6,0,1,0,3.0,0
0.8464,43,0,0.8856,6022.0,6,0,2,0,0.0,0
4.2608,63,0,0.8004,6312.0,3,0,4,0,0.0,0
0.5999,48,0,0.2662,4639.0,4,0,0,0,0.0,0
0.0475,70,0,0.6914,3392.0,8,0,4,0,1.0,0
0.1557,39,0,0.1302,4033.0,13,0,1,0,0.0,0
0.3317,36,0,0.2926,6073.0,9,0,0,0,3.0,0
0.7361,55,0,0.5687,3027.0,10,0,2,0,0.0,0
1.1544,47,2,0.1468,8624.0,5,0,2,0,1.0,0
0.4485,54,0,0.2457,4812.0,9,0,3,0,0.0,0
0.0657,51,0,1.1813,5898.0,4,0,1,0,1.0,0
0.5859,45,0,0.1844,1929.0,12,0,0,0,2.0,0
0.5799,48,0,0.8467,5875.0,9,0,0,0,0.0,0
0.1579,21,0,0.4801,1126.0,6,0,0,0,1.0,0
0.7198,73,0,0.6731,18505.0,10,0,1,0,0.0,0
0.0122,43,0,0.4734,10625.0,10,0,2,0,2.0,0
0.0584,58,0,0.2102,9798.0,8,0,1,0,0.0,1
0.8537,23,0,0.2696,,10,0,3,0,1.0,0
0.3409,40,0,0.4226,3791.0,7,0,1,0,2.0,0
4.2455,55,0,0.0742,10006.0,5,0,0,0,0.0,0
0.228,77,0,0.2677,8869.0,2,0,1,0,0.0,0
0.3177,58,0,0.18,3947.0,7,0,0,0,1.0,0
0.6965,60,0,0.3571,8489.0,10,0,0,0,0.0,0
0.2147,45,0,0.4187,1066.0,8,0,0,0,1.0,0
0.4665,52,0,0.9346,8416.0,7,0,0,0,0.0,0
1.9183,49,0,0.3549,8352.0,11,0,0,0,1.0,0
0.0012,56,0,0.2202,10247.0,8,0,1,0,0.0,0
0.1063,69,0,0.2368,,7,0,0,0,0.0,0
0.4353,47,0,1.008,2810.0,9,0,0,0,3.0,0
0.6814,52,0,0.8499,,8,0,1,0,0.0,1
0.8811,46,1,0.0573,,7,1,1,3,2.0,0
0.2902,48,0,0.6089,6798.0,6,0,2,0,1.0,0
0.6351,68,0,0.4989,5101.0,11,0,2,0,0.0,0
1.0577,58,0,0.8078,2696.0,7,0,1,0,1.0,0
0.4715,56,0,0.0407,2099.0,7,0,1,0,1.0,0
0.7242,50,0,0.8435,1737.0,8,0,4,0,1.0,0
0.3455,40,0,0.7701,,3,0,0,0,,0
1.4754,62,0,0.4758,7424.0,6,0,3,0,1.0,0
0.4522,64,0,0.6109,4227.0,7,0,1,0,0.0,0
0.1209,64,0,0.455,3457.0,8,0,0,0,1.0,0
0.808,52,0,0.9046,5337.0,6,0,0,0,3.0,0
0.8183,41,0,0.2842,4357.0,6,0,0,0,1.0,0
0.9471,61,0,1.0503,3253.0,8,0,0,0,2.0,0
0.0167,67,0,0.9243,8054.0,12,0,1,0,0.0,0
0.3435,64,1,0.3564,5106.0,4,0,1,0,1.0,0
0.1561,41,0,0.1688,13148.0,10,0,1,0,1.0,0
0.3961,57,0,0.6457,1698.0,6,0,2,0,0.0,0
0.2359,25,0,0.3929,3347.0,6,0,2,0,1.0,0
0.3781,71,0,0.4693,14662.0,7,0,1,0,1.0,0
0.206,54,0,0.8191,4930.0,9,0,3,0,1.0,0
0.4093,55,0,0.8375,,4,0,2,0,0.0,0
0.5812,74,0,0.2801,12604.0,8,0,1,0,0.0,0
1.2975,44,0,0.4176,3442.0,2,0,0,0,2.0,0
0.3061,54,0,0.2195,7445.0,9,0,0,0,0.0,0
0.3821,40,0,0.3437,12173.0,7,0,0,0,0.0,0
0.2145,31,0,0.3085,4873.0,9,0,1,0,0.0,0
0.2873,56,0,1.3725,,4,0,2,0,0.0,0
0.2828,55,0,0.2667,5959.0,11,0,0,0,1.0,0
0.2319,22,0,0.6915,3448.0,5,0,0,0,0.0,0
3.1234,62,0,0.3633,,13,0,1,0,1.0,0
0.1392,51,0,0.0642,10128.0,6,0,2,0,1.0,0
0.2472,63,0,0.4111,,6,0,1,1,0.0,0
0.6888,55,0,1.1481,8561.0,9,0,1,0,1.0,0
0.0151,67,0,0.3547,4150.0,3,0,1,0,0.0,0
0.0608,68,3,0.7036,3478.0,11,0,1,0,1.0,0
0.707,55,0,0.2591,,14,0,3,0,0.0,0
5.5043,65,1,0.4504,9072.0,7,0,0,0,1.0,0
0.4127,64,0,0.2257,8770.0,8,0,0,0,0.0,0
0.1233,35,0,0.7782,10350.0,12,0,1,0,0.0,0
0.9671,40,0,0.9423,7026.0,7,0,1,0,1.0,0
1.1574,38,0,0.4977,2818.0,7,0,0,0,2.0,0
0.5025,61,0,0.5389,5241.0,8,0,2,0,0.0,0
0.134,42,0,0.6898,7446.0,10,0,1,0,2.0,0
0.0773,24,0,0.4537,,7,0,1,0,0.0,0
3.0263,38,0,0.5723,3005.0,10,0,0,0,1.0,0
1.41,47,0,0.4029,4537.0,8,0,4,0,0.0,0
0.0916,58,0,0.3963,2480.0,11,0,1,0,0.0,0
0.2301,70,0,1.5399,4131.0,6,0,2,0,,0
1.4433,65,0,0.3472,3822.0,5,0,1,0,0.0,0
0.0479,54,0,0.4686,,9,0,1,0,0.0,0
0.5228,40,2,0.6364,3710.0,5,0,1,0,2.0,0
0.0714,24,0,1.15,4924.0,10,0,0,0,1.0,0
0.3526,45,0,0.9434,11316.0,6,0,2,0,0.0,0
0.7619,48,0,0.3482,3139.0,14,0,4,0,1.0,0
0.3116,53,0,0.2104,,11,0,0,0,1.0,0
0.3953,65,0,0.1101,,8,0,0,0,0.0,0
0.5916,61,0,0.1969,7165.0,7,0,0,0,3.0,0
0.3434,53,0,0.3749,3832.0,13,0,0,0,2.0,0
0.1269,46,0,1.0606,,5,0,4,0,2.0,0
0.4924,31,0,0.5506,5220.0,7,0,1,0,1.0,0
0.1204,41,0,0.2649,2698.0,6,0,2,0,0.0,0
0.119,38,0,0.4845,,8,0,0,0,1.0,0
0.5058,88,0,0.1984,10762.0,6,0,2,0,1.0,0
0.3091,80,0,0.7386,7232.0,10,0,0,0,0.0,0
1.5022,34,0,0.3875,8497.0,6,0,1,0,0.0,0
0.8319,57,2,0.5721,1286.0,11,1,2,0,1.0,0
0.43,33,0,0.2776,9028.0,4,0,0,0,2.0,0
0.6214,55,0,0.988,5877.0,11,0,0,0,2.0,0
0.3759,45,0,0.5494,1586.0,9,0,1,0,0.0,0
1.2122,50,0,0.6912,,8,0,1,0,3.0,0
0.1288,67,0,0.1929,4961.0,7,0,2,0,0.0,0
5.4575,57,0,0.2185,4723.0,11,0,0,0,1.0,0
0.1035,64,0,0.3234,4084.0,7,0,1,0,1.0,0
0.6108,59,0,0.1962,5875.0,5,0,1,0,2.0,0
0.1665,42,0,0.6209,9252.0,8,0,1,0,1.0,0
0.377,34,0,0.1496,,6,0,1,0,2.0,0
0.4631,48,0,0.492,,9,0,1,0,0.0,0
0.7785,48,0,1.2362,,5,0,2,0,,0
0.6964,45,0,1.5459,15317.0,9,0,2,0,0.0,0
2.0437,42,0,0.1879,4952.0,7,0,1,0,2.0,0
0.0062,53,0,0.1983,3995.0,6,0,1,0,1.0,0
1.2165,70,1,0.4294,10107.0,10,0,0,0,,0
1.0696,23,0,0.9282,14072.0,9,0,1,0,1.0,0
0.0768,35,0,0.566,1085.0,14,0,0,0,0.0,0
0.0626,56,0,0.4697,2763.0,8,0,0,0,,0
0.5967,26,0,0.711,,7,0,3,0,1.0,1
0.213,32,0,0.1832,,5,0,0,0,2.0,0
1.7358,82,0,0.8969,5750.0,6,0,1,0,0.0,0
0.2635,60,0,0.673,5837.0,7,0,3,0,0.0,0
0.4522,89,0,0.1337,1065.0,10,0,0,0,1.0,0
0.7051,28,0,0.6282,1971.0,7,0,1,0,1.0,0
2.1248,81,0,0.2478,5697.0,11,0,1,0,0.0,0
0.1353,34,0,0.7169,19457.0,2,0,0,0,1.0,0
0.1325,65,0,0.7838,5406.0,10,0,1,0,,0
1.9336,22,0,0.1118,3156.0,6,0,0,0,2.0,1
0.8006,56,0,0.985,2750.0,11,0,0,0,0.0,0
0.3985,57,0,1.065,,8,0,1,0,2.0,0
0.7626,46,0,0.1819,,5,0,0,0,0.0,0
0.4441,33,0,0.5895,8043.0,7,0,3,0,0.0,0
4.5452,48,0,0.1663,2588.0,12,0,0,0,0.0,0
0.2103,55,0,0.0926,7610.0,10,0,2,0,1.0,0
0.0587,36,0,0.7636,15911.0,6,0,1,0,0.0,0
0.0359,49,0,0.1269,3561.0,9,0,0,0,2.0,0
0.1178,51,0,0.2224,12246.0,6,0,2,0,0.0,0
0.521,58,0,0.842,4793.0,11,0,0,0,3.0,0
0.5462,30,0,0.3426,11991.0,4,0,0,0,0.0,0
0.7597,44,0,0.4546,4353.0,7,0,2,0,0.0,0
0.0507,54,0,0.6503,,5,0,3,0,0.0,0
5.6094,46,0,0.533,,9,0,1,0,0.0,0
0.0006,37,0,0.6603,7374.0,17,0,1,0,1.0,0
0.1377,65,0,0.4213,2935.0,3,0,0,0,1.0,0
0.2762,66,0,0.7146,4936.0,5,0,1,0,2.0,0
0.253,63,0,0.1456,,3,0,1,0,0.0,0
0.1399,47,0,0.6426,,12,0,0,0,1.0,0
0.3333,49,0,0.0694,4984.0,2,0,1,0,,0
1.947,69,0,0.325,13913.0,7,0,1,0,1.0,0
0.6944,63,0,0.2161,3239.0,7,0,0,0,0.0,0
0.0894,70,0,0.1412,2251.0,7,0,0,0,0.0,0
0.6496,53,0,0.4916,5031.0,4,0,3,0,1.0,0
1.5321,61,0,0.1782,7754.0,5,0,0,0,4.0,0
0.1797,61,1,0.7031,3772.0,7,0,0,0,0.0,0
0.5249,72,0,0.6736,12213.0,13,0,1,0,1.0,0
0.911,21,0,0.7159,3885.0,13,0,1,0,0.0,1
1.9806,54,0,0.4055,2589.0,8,0,0,0,0.0,0
0.127,65,0,0.0306,,8,0,1,0,0.0,0
1.0756,68,0,0.9379,7361.0,5,1,2,0,1.0,0
0.4839,46,0,0.6386,1185.0,12,0,3,0,3.0,0
0.5448,57,0,0.6948,7798.0,11,0,0,0,1.0,0
0.1701,62,0,0.9447,,5,0,0,0,2.0,0
0.5003,70,1,0.7171,4559.0,5,0,0,1,1.0,1
0.4157,57,0,0.6181,6406.0,8,0,0,0,1.0,0
0.123,56,0,0.4215,9028.0,7,0,0,0,0.0,0
0.391,48,0,0.7161,5691.0,9,0,2,0,1.0,0
0.3704,68,0,0.5466,,7,0,3,0,0.0,0
0.7811,69,0,0.7259,6262.0,12,0,1,0,1.0,0
0.8831,67,3,0.1032,13325.0,6,0,0,0,2.0,0
1.3419,62,0,0.9307,,7,0,1,0,0.0,0
0.394,55,0,0.55,4518.0,11,0,2,0,0.0,0
0.0128,44,0,0.1929,5528.0,12,0,1,0,2.0,0
0.4714,42,0,0.3974,,10,0,3,0,0.0,0
0.2906,66,0,0.4401,,9,0,1,0,0.0,0
0.2244,68,0,0.345,2619.0,3,0,1,0,0.0,0
0.6161,55,0,0.3816,3903.0,2,0,2,0,0.0,0
0.6835,55,0,0.4207,6850.0,11,0,1,0,,0
2.9214,55,0,0.8716,,12,0,1,0,1.0,1
0.8201,69,0,0.6719,8795.0,8,0,0,0,1.0,0
0.458,63,0,0.3242,6290.0,4,0,1,0,2.0,0
0.0732,46,0,0.8792,5660.0,14,0,0,0,1.0,0
0.3396,59,0,0.7721,7520.0,10,0,1,0,0.0,0
0.1823,30,0,0.6981,7243.0,10,0,0,0,1.0,0
0.3578,43,0,0.9425,7338.0,11,0,0,0,0.0,0
0.877,28,0,0.1569,10335.0,5,0,2,0,1.0,0
7.436,40,2,0.3775,5613.0,5,1,2,0,2.0,0
0.0134,41,0,0.3983,2645.0,12,0,0,0,0.0,0
0.0821,23,0,1.3674,,14,0,1,0,0.0,0
0.046,68,0,0.3222,4392.0,4,0,2,0,3.0,0
0.7702,45,0,0.5273,5247.0,11,0,1,0,,0
0.2204,47,0,0.8659,2314.0,4,0,2,0,,0
0.2845,40,1,0.1855,1665.0,9,1,1,0,0.0,0
0.5454,60,0,0.9109,,7,0,0,0,0.0,0
0.868,71,1,0.0749,7072.0,6,0,1,0,2.0,0
0.2747,59,0,1.0558,,5,0,0,0,1.0,0
0.5659,57,0,0.3049,3844.0,8,0,0,0,2.0,0
0.4245,24,0,0.3018,,2,0,1,0,0.0,0
0.4017,51,0,0.3234,,9,0,0,0,0.0,0
0.203,61,0,0.4336,6869.0,6,0,2,0,1.0,0
0.2447,69,0,0.2249,9460.0,7,0,0,0,1.0,1
0.5861,60,0,0.2458,2871.0,10,0,1,0,1.0,0
0.3036,81,0,0.3177,,11,0,0,0,0.0,0
0.0506,42,0,0.3022,2553.0,7,0,1,0,1.0,0
0.3125,42,0,0.6452,,3,0,1,0,0.0,0
0.1253,57,0,0.2133,5625.0,7,0,0,0,0.0,0
0.5163,70,0,0.2903,16865.0,5,0,1,0,0.0,0
0.2265,72,0,0.6266,7696.0,7,0,2,0,0.0,0
0.5289,24,0,0.0849,1847.0,6,0,1,0,2.0,1
0.5518,54,0,0.4565,3223.0,4,0,1,0,2.0,0
0.5161,65,0,0.4081,10356.0,13,0,1,0,1.0,0
0.0361,65,0,0.6132,14226.0,6,0,1,0,2.0,0
0.2509,60,0,0.8936,3089.0,9,0,1,0,0.0,0
0.4534,51,0,0.5845,3933.0,3,0,1,0,,0
0.001,21,0,1.0693,4445.0,7,0,1,0,1.0,0
0.0684,81,0,0.5311,6343.0,9,0,2,0,0.0,0
0.2961,61,0,0.7561,2999.0,8,0,2,0,1.0,0
0.3302,40,0,0.099,,6,0,0,0,1.0,0
5.4008,47,0,0.3369,,6,0,2,0,0.0,0
1.8634,56,0,0.3784,,13,0,0,0,1.0,0
0.4301,59,0,0.5782,,13,0,0,0,1.0,0
1.1804,33,0,0.4636,5314.0,6,0,2,0,1.0,0
2.3276,38,0,0.8231,,8,0,0,0,1.0,0
0.0476,59,0,0.9066,6343.0,14,0,1,0,0.0,0
2.0773,44,0,0.7645,3587.0,3,0,1,0,2.0,0
3.3735,27,0,0.5902,,5,0,3,0,0.0,1
0.2329,41,0,0.9935,6948.0,9,0,0,0,1.0,0
0.3943,52,0,0.1159,5963.0,6,0,1,0,0.0,0
0.8878,29,0,0.5304,2782.0,3,0,5,0,0.0,0
0.2119,75,2,0.5247,9637.0,9,0,0,0,1.0,1
0.4413,69,0,0.4349,1881.0,4,0,1,0,0.0,0
0.13,65,0,0.7892,9145.0,6,0,2,0,1.0,0
0.0294,53,0,0.4751,1367.0,6,0,0,0,0.0,0
0.1688,35,2,0.3502,1866.0,10,0,0,1,3.0,0
0.1597,40,0,0.0575,6633.0,12,0,1,0,1.0,0
0.1783,71,0,0.2468,,10,0,0,0,1.0,0
0.3604,41,0,0.1209,3598.0,6,0,1,0,1.0,0
0.1889,52,0,0.5043,,7,0,3,0,2.0,0
0.1229,48,0,0.5454,,10,0,2,0,0.0,0
0.2283,50,0,0.4226,2066.0,11,0,1,0,2.0,0
0.5522,50,0,0.0725,12917.0,11,0,2,0,0.0,1
0.6997,49,0,0.5568,4913.0,3,0,0,0,0.0,0
0.5799,46,0,0.1207,5362.0,5,0,1,0,1.0,0
0.4566,48,0,0.0719,6140.0,8,0,1,0,0.0,0
0.2202,49,0,0.1938,2648.0,4,0,3,0,0.0,0
0.3828,39,1,0.7151,,4,0,2,0,0.0,0
0.0921,32,0,0.4645,9510.0,5,0,2,0,1.0,0
0.5479,47,0,0.3188,2556.0,8,0,3,0,3.0,0
3.5394,40,2,0.821,7848.0,5,1,0,0,0.0,0
0.0164,51,0,1.3307,8919.0,4,0,0,0,0.0,0
2.0495,37,0,0.1339,,4,0,0,0,0.0,0
0.0847,26,0,0.0729,11408.0,8,0,2,0,0.0,0
0.0474,72,0,0.7346,,8,0,0,0,0.0,0
0.4588,43,0,0.4653,3631.0,5,0,1,0,2.0,0
0.7115,21,0,0.9799,3414.0,7,0,1,0,2.0,0
0.9411,62,0,0.2148,8869.0,3,0,3,0,1.0,0
0.1799,45,0,0.6867,4906.0,8,0,1,0,2.0,0
0.1848,51,0,0.3838,4449.0,9,0,0,0,0.0,0
0.2094,54,0,0.6989,6575.0,6,0,1,0,2.0,0
1.8549,65,0,0.4079,,9,0,0,0,0.0,0
0.4421,55,0,0.3356,2783.0,6,0,2,0,1.0,0
0.1198,31,0,0.6093,2377.0,8,0,2,0,3.0,0
0.026,34,2,0.3091,8560.0,9,3,0,0,1.0,0
0.295,31,0,0.1677,,11,0,0,0,0.0,0
2.89,44,0,0.7094,6499.0,7,0,0,0,0.0,0
0.34,56,0,0.5301,8249.0,7,0,1,0,0.0,0
0.9958,39,0,0.2604,,6,0,2,0,1.0,0
1.35,41,0,0.497,,10,0,1,0,0.0,1
1.1191,41,0,1.0397,11756.0,5,0,3,0,0.0,0
0.3129,43,1,0.2847,5998.0,9,1,0,2,0.0,0
0.3085,60,0,0.5697,,6,0,2,0,1.0,0
0.8173,47,0,0.3309,13738.0,8,0,1,0,0.0,0
0.5161,66,0,0.3676,10103.0,5,0,0,0,1.0,0
8.5929,43,0,0.5894,3081.0,5,0,1,0,0.0,0
0.6005,51,0,0.2191,4797.0,16,0,2,0,0.0,0
0.2668,48,0,0.362,,10,0,0,0,0.0,0
0.0738,55,0,0.5721,3812.0,6,0,1,0,1.0,0
0.4881,58,0,0.5017,3765.0,11,0,1,0,1.0,1
0.809,51,0,0.4958,5167.0,3,0,0,0,0.0,0
0.1734,89,0,0.1096,9252.0,8,0,0,0,0.0,1
0.6983,72,1,1.1391,17028.0,11,0,0,0,1.0,0
0.4473,44,0,0.7224,5488.0,9,0,2,0,1.0,0
0.387,70,0,0.3924,1710.0,6,0,2,0,0.0,0
0.0271,69,0,0.4224,5261.0,7,0,2,0,0.0,0
0.4143,33,0,0.6823,11452.0,8,0,1,0,0.0,0
0.4028,22,0,0.2142,8540.0,9,0,0,0,0.0,0
0.6141,55,0,0.9599,6072.0,7,0,1,0,1.0,0
0.6682,50,0,0.057,,9,0,1,0,0.0,0
0.1121,21,0,0.4271,4520.0,8,0,0,0,1.0,0
0.3366,53,0,0.2317,5441.0,8,0,0,0,2.0,0
0.0648,52,0,0.6667,5427.0,8,0,1,0,1.0,0
0.4766,43,0,0.525,12638.0,7,0,0,0,2.0,0
0.1533,74,0,0.4673,3431.0,6,0,0,0,0.0,0
0.8577,49,0,0.2316,5698.0,9,0,0,0,0.0,0
3.9149,46,0,0.3052,12308.0,5,0,0,0,2.0,0
0.0116,52,0,0.7374,3585.0,5,0,0,0,0.0,0
0.008,33,0,1.1474,5907.0,10,0,1,0,1.0,0
0.1262,39,0,0.7909,1983.0,8,0,0,0,1.0,0
2.0113,21,0,0.187,,9,0,1,0,,0
2.1658,57,0,0.1992,6045.0,6,0,0,0,1.0,0
0.4177,64,0,0.7071,3244.0,9,0,2,0,1.0,0
0.3532,56,0,0.2991,6806.0,8,0,2,0,0.0,0
0.0915,54,0,0.715,5751.0,4,0,2,0,0.0,0
0.0041,50,0,0.3043,841.0,9,0,0,0,2.0,0
1.0214,73,0,0.0227,1273.0,10,0,1,0,0.0,0
0.5628,49,0,0.2486,13040.0,8,0,1,0,3.0,1
0.1405,64,0,0.8956,20837.0,7,0,0,0,1.0,0
0.5432,63,0,0.1463,,9,0,1,0,0.0,1
0.2669,32,0,0.2808,,7,0,0,0,1.0,0
0.1953,61,0,0.5662,11805.0,6,0,0,0,0.0,0
0.1403,36,0,1.1205,4040.0,10,0,3,0,1.0,0
6.1568,44,0,0.3669,,7,0,1,0,0.0,0
0.6356,49,0,0.6984,11138.0,4,0,0,0,0.0,0
0.1605,69,0,0.4042,7254.0,15,0,2,0,2.0,0
0.834,41,3,0.7738,,4,0,2,0,1.0,0
0.5543,56,0,0.5617,2239.0,6,0,1,0,0.0,0
0.254,30,0,0.1906,9101.0,6,0,0,0,0.0,0
0.7687,49,0,0.2842,,5,0,2,0,1.0,0
0.4271,45,0,0.3372,2805.0,7,0,1,0,1.0,0
0.6327,69,0,0.0164,,11,0,4,0,1.0,0
0.2037,41,0,0.2723,2985.0,10,0,0,0,1.0,0
0.0515,30,0,0.4202,,9,0,0,0,0.0,0
0.6069,45,0,0.3851,,6,0,2,0,1.0,0
1.0071,43,0,0.1518,10468.0,12,0,0,0,1.0,0
0.4866,55,0,0.5352,17372.0,4,0,1,0,0.0,0
0.0801,70,0,0.6047,5085.0,7,0,1,0,0.0,0
0.9334,47,0,0.5029,13722.0,7,0,0,0,0.0,0
0.214,57,0,0.7917,,4,0,1,0,0.0,0
0.4693,50,0,0.784,18248.0,12,0,1,0,1.0,0
1.1263,59,0,0.4615,12189.0,8,0,5,0,0.0,0
0.4845,38,0,0.0226,4676.0,7,0,1,0,2.0,0
0.0292,51,0,0.0388,5127.0,7,0,1,0,1.0,0
1.9404,65,0,0.498,,3,0,0,0,0.0,0
6.7359,41,0,1.067,6143.0,6,0,0,0,1.0,0
0.1566,49,0,0.1838,4816.0,10,0,2,0,0.0,0
4.2685,51,0,0.3827,4989.0,5,0,0,0,1.0,0
0.3435,31,0,0.2246,8915.0,11,0,0,0,0.0,0
0.4342,62,0,0.5276,,5,0,0,0,1.0,0
0.6268,44,0,0.7263,,13,0,2,0,1.0,0
1.1852,51,0,0.2867,,7,0,0,0,0.0,0
0.5655,60,0,0.534,7148.0,8,0,1,0,2.0,0
0.6563,62,0,0.8313,,13,0,0,0,1.0,0
0.358,35,0,0.3291,3033.0,9,0,2,0,0.0,0
0.8083,57,0,0.2982,6087.0,12,0,0,0,0.0,0
5.7059,65,0,0.5833,,5,0,0,0,0.0,0
0.1268,42,0,0.2803,,6,0,0,0,1.0,0
2.4509,63,0,0.5639,2234.0,10,0,3,0,0.0,0
0.5087,57,0,0.4049,3479.0,13,0,3,0,2.0,0
0.7567,58,0,0.7004,1765.0,9,0,2,0,0.0,0
0.3735,64,2,0.4479,2614.0,3,0,0,0,0.0,0
0.2397,39,0,0.3195,7725.0,9,0,0,0,2.0,0
0.075,38,0,0.3153,10629.0,10,0,2,0,0.0,0
0.6317,68,0,0.4774,,2,0,0,0,2.0,0
0.5035,47,0,0.4354,4149.0,5,0,1,0,0.0,0
0.1869,31,0,0.3686,7431.0,6,0,2,0,1.0,0
0.5567,49,3,0.6183,4752.0,7,1,1,0,5.0,0
0.0707,50,0,0.5125,3309.0,9,0,0,0,2.0,0
0.5558,55,0,0.302,2399.0,8,0,1,0,2.0,0
1.6198,46,0,0.4333,,12,0,0,0,1.0,0
0.1693,76,0,0.8792,2161.0,10,0,1,0,0.0,0
0.3583,39,0,0.6126,,17,0,0,0,,0
0.211,25,0,0.0515,3555.0,8,0,0,0,0.0,0
0.2866,31,0,0.0219,8273.0,13,0,2,0,2.0,0
0.1792,41,0,0.3989,4439.0,11,0,1,0,1.0,0
0.2483,58,0,0.4782,,11,0,1,0,0.0,0
2.4428,49,0,0.4582,11720.0,6,0,2,0,1.0,0
0.0971,57,0,0.8926,2255.0,14,0,1,0,2.0,0
0.2023,42,2,0.1362,,12,0,0,0,1.0,0
0.2568,58,0,0.8277,11708.0,10,0,2,0,2.0,0
0.2708,30,0,0.6818,5334.0,12,0,0,0,1.0,0
0.2755,54,0,0.6154,,7,0,0,0,1.0,0
0.1456,60,0,0.3192,21771.0,8,0,1,0,1.0,0
0.4291,39,0,0.6946,7416.0,10,0,2,0,0.0,0
0.4502,75,0,0.5941,,10,0,0,0,1.0,0
0.2218,25,0,0.5978,3230.0,8,0,1,0,0.0,0
0.6606,62,0,0.1764,7503.0,12,0,0,0,2.0,0
0.2886,63,0,0.4987,5438.0,10,0,2,0,2.0,0
0.0279,40,0,0.4553,6621.0,3,0,1,0,0.0,0
1.0809,56,0,0.5156,,9,0,2,0,1.0,0
5.2472,40,1,0.5698,,8,0,1,2,2.0,0
1.3341,56,0,0.0245,4920.0,7,0,1,0,2.0,0
0.3372,49,0,0.1929,4995.0,9,0,1,0,1.0,0
0.6961,52,0,0.5993,3297.0,10,0,2,0,1.0,0
1.8109,43,0,0.8834,2046.0,10,0,1,0,1.0,0
0.935,44,0,0.6521,2170.0,8,0,0,0,4.0,1
1.9884,41,0,0.4722,4148.0,6,0,3,0,0.0,0
6.2931,61,0,0.2663,2322.0,11,0,1,0,0.0,0
0.4164,75,0,0.1935,1314.0,10,0,0,0,0.0,0
0.3957,84,0,0.4281,,5,0,0,0,0.0,0
0.3308,65,0,0.7379,19571.0,3,0,1,0,2.0,0
0.5279,52,0,0.4229,7786.0,6,0,0,0,0.0,0
0.0144,66,0,0.9375,,11,0,2,0,2.0,0
0.466,57,1,0.6568,2857.0,12,0,0,0,1.0,0
2.4885,47,0,0.6071,,5,0,3,0,0.0,1
0.0489,79,0,0.4533,7791.0,3,0,1,0,1.0,0
0.3056,65,0,1.0374,,7,0,2,0,2.0,0
0.3234,41,0,0.5848,9720.0,7,0,1,0,0.0,0
0.0468,65,0,0.7859,6568.0,6,0,3,0,0.0,0
1.0464,60,0,0.3126,,7,0,0,0,1.0,0
0.7534,39,2,0.6722,3546.0,3,2,3,0,0.0,0
0.1222,53,0,0.4874,2223.0,6,0,3,0,0.0,0
0.4592,51,0,1.2527,8648.0,9,0,0,0,,0
0.0016,21,0,0.2196,2700.0,4,0,1,0,0.0,0
0.381,32,0,0.4657,5978.0,5,0,1,0,2.0,0
0.809,67,0,0.4124,3399.0,8,0,0,0,0.0,0
0.3453,42,0,0.3231,6819.0,5,0,0,0,1.0,0
1.3515,60,0,0.7666,,9,0,5,0,0.0,0
0.0397,70,0,0.9338,5601.0,4,0,1,0,0.0,0
0.4205,23,2,0.5446,7706.0,5,0,0,0,1.0,0
3.9464,75,0,0.8372,4123.0,12,0,4,0,1.0,0
3.2908,50,0,0.7181,6387.0,6,0,1,0,1.0,0
0.2817,57,0,0.4345,10050.0,8,0,0,0,2.0,0
0.6661,79,0,0.5049,6386.0,8,0,1,0,0.0,0
0.4092,65,0,0.2767,3520.0,9,0,0,0,2.0,0
0.2239,50,0,0.0973,1910.0,9,0,2,0,2.0,0
0.3476,45,0,1.2921,6357.0,5,0,1,0,0.0,0
0.2054,46,0,0.7086,4059.0,12,0,0,0,,0
0.6925,44,0,1.2197,4776.0,8,0,0,0,0.0,0
0.1456,70,1,0.5386,,7,0,0,0,0.0,0
0.5083,60,0,0.486,3659.0,4,0,1,0,1.0,0
0.4897,55,0,0.1722,,10,0,2,0,1.0,0
0.0777,49,0,0.7411,10894.0,8,0,1,0,3.0,0
0.1574,62,0,0.3183,4374.0,8,0,1,0,3.0,0
0.4077,26,0,0.243,6636.0,12,0,1,0,1.0,0
4.1515,78,0,0.2591,4083.0,11,0,1,0,0.0,0
0.2401,48,0,0.395,7493.0,5,0,0,0,,0
7.6699,39,0,0.317,15422.0,6,0,0,0,0.0,0
0.2999,68,0,0.1399,8940.0,8,0,0,0,2.0,1
0.18,68,0,0.4534,,4,0,3,0,0.0,0
0.4468,51,0,0.1146,3755.0,7,0,0,0,1.0,0
0.1279,71,0,0.5586,,8,0,0,0,0.0,0
0.6442,66,0,0.546,1436.0,5,0,0,0,0.0,1
3.7599,57,0,0.3005,6942.0,4,0,0,0,1.0,0
0.0279,29,0,0.8038,,12,0,3,0,0.0,0
0.0006,54,0,0.6207,9512.0,11,0,0,0,0.0,0
0.1571,52,0,0.6407,2889.0,9,0,2,0,0.0,0
0.7163,49,0,0.5706,,4,0,1,0,2.0,1
0.1154,47,0,0.2058,,14,0,1,0,2.0,0
1.1048,63,0,0.7371,,9,0,0,0,3.0,0
0.4601,35,0,0.2145,,13,0,0,0,1.0,0
0.0713,69,0,0.375,3019.0,5,0,0,0,0.0,0
0.8967,51,0,0.594,5762.0,10,0,0,0,2.0,0
0.0484,40,0,0.6069,3153.0,7,0,2,0,0.0,0
0.1574,48,0,0.6884,,7,0,0,0,1.0,0
0.1623,55,0,1.357,8308.0,8,0,1,0,1.0,0
0.424,72,0,0.3059,,6,0,0,0,0.0,0
1.0783,62,0,0.6712,7371.0,9,0,0,0,1.0,0
0.3771,69,0,0.9039,5314.0,6,0,2,0,0.0,0
0.8337,51,0,0.6067,5016.0,5,0,2,0,0.0,0
0.0985,49,0,0.4006,2497.0,8,0,0,0,3.0,0
0.7918,78,0,0.5045,,7,0,0,0,0.0,1
0.9738,50,2,1.0852,4827.0,6,0,0,0,1.0,0
0.9341,44,0,0.4613,4555.0,11,0,1,0,2.0,0
0.9574,43,0,0.1866,4464.0,15,0,1,0,1.0,0
0.6032,56,0,0.9271,2298.0,8,0,1,0,2.0,1
1.1932,37,0,0.6175,5498.0,9,0,0,0,1.0,0
0.0266,55,0,0.2691,2896.0,8,0,0,0,0.0,0
0.2076,54,0,0.947,3112.0,7,0,2,0,0.0,0
0.3937,60,0,0.4163,9474.0,5,0,3,0,0.0,0
0.3424,28,1,0.0871,6323.0,9,0,1,1,0.0,1
0.4924,24,0,0.2712,11202.0,11,0,2,0,0.0,0
0.6629,46,0,0.4512,4017.0,6,0,1,0,1.0,0
0.0494,50,0,0.5258,,4,0,1,0,0.0,0
0.0008,36,0,0.8256,,11,0,1,0,0.0,0
0.7395,33,0,0.6864,3851.0,5,0,0,0,0.0,0
0.2693,58,0,0.2087,5961.0,4,0,1,0,2.0,0
0.5478,48,0,0.4223,,7,0,1,0,0.0,0
0.5192,63,0,0.1721,3069.0,6,0,1,0,2.0,0
0.2542,33,0,0.4244,2996.0,9,0,0,0,,0
0.3589,50,0,0.1113,4090.0,7,0,2,0,1.0,0
0.2137,75,0,0.4533,4007.0,2,0,2,0,1.0,0
3.553,48,0,0.4017,3004.0,6,0,0,0,0.0,0
3.7064,44,0,0.1909,8713.0,5,0,3,0,1.0,0
0.5475,65,0,0.0851,9667.0,11,0,0,0,0.0,0
0.0207,69,0,0.2412,11414.0,8,0,2,0,1.0,0
2.1004,43,0,0.533,3422.0,6,0,1,0,0.0,0
3.8517,44,1,0.8053,4381.0,13,1,1,0,1.0,0
0.135,64,0,0.6117,4742.0,8,0,0,0,1.0,0
1.0548,56,0,0.4402,5874.0,5,0,1,0,0.0,0
0.05,57,0,0.7987,2344.0,4,0,2,0,1.0,0
0.0168,55,0,0.2993,3568.0,7,0,0,0,1.0,0
0.2877,51,0,0.2581,,7,0,3,0,3.0,0
0.3061,66,0,0.3217,4786.0,9,0,1,0,0.0,0
0.0428,71,0,0.1199,5131.0,11,0,1,0,1.0,0
0.4641,38,0,0.3118,15737.0,5,0,0,0,0.0,0
0.5694,64,2,0.388,3278.0,9,0,1,1,2.0,0
0.4627,51,0,0.1534,5480.0,9,0,2,0,0.0,0
1.7482,34,0,0.6881,4420.0,3,0,2,0,1.0,0
0.3843,39,0,0.2175,15746.0,8,0,0,0,,0
0.4709,46,0,0.7831,,5,0,1,0,0.0,0
1.0379,67,0,0.5624,5493.0,5,0,1,0,1.0,0
0.6679,38,0,0.641,3336.0,7,0,0,0,0.0,1
0.278,27,0,0.5817,3414.0,10,0,1,0,0.0,0
0.2049,48,0,0.8507,7166.0,6,0,0,0,1.0,0
0.2686,45,0,0.117,4072.0,5,0,1,0,0.0,0
0.9932,67,0,0.3984,4880.0,10,0,1,0,3.0,0
0.2837,56,0,0.6376,5613.0,5,0,3,0,0.0,0
0.0991,62,0,0.3991,,13,0,0,0,1.0,0
0.02,46,0,0.1144,4106.0,6,0,1,0,1.0,0
0.4887,35,0,0.1576,2355.0,9,0,0,0,0.0,0
0.6971,70,0,0.6161,11613.0,8,0,0,0,1.0,0
0.6012,44,0,0.2616,14102.0,5,0,0,0,2.0,0
0.0727,61,0,0.0367,4779.0,7,0,1,0,0.0,0
0.0182,47,0,0.953,6273.0,5,0,0,0,1.0,0
1.4762,61,0,0.1764,3808.0,6,0,0,0,0.0,0
0.6128,56,0,0.407,5318.0,8,0,0,0,2.0,0
0.0915,54,0,0.2316,10826.0,7,0,0,0,1.0,0
0.5344,58,0,0.1386,4909.0,12,0,0,0,0.0,0
0.5642,49,0,0.0601,6927.0,6,0,1,0,1.0,0
0.3443,28,0,0.3788,3080.0,6,0,0,0,0.0,0
0.0132,56,0,0.1608,7900.0,7,0,2,0,1.0,0
0.187,68,0,0.2118,13554.0,4,0,3,0,0.0,0
0.519,51,0,0.9234,,7,0,0,0,1.0,1
9.1361,48,0,0.7845,5982.0,15,0,0,0,,0
0.4268,56,0,0.1605,,10,0,1,0,,0
0.3346,66,0,0.7746,9953.0,7,0,0,0,2.0,0
0.4715,48,0,0.2862,4534.0,9,0,1,0,2.0,0
0.3423,31,0,0.0573,9760.0,10,0,2,0,2.0,0
0.2373,54,0,0.309,4736.0,7,0,0,0,1.0,0
0.0234,57,0,0.6552,6285.0,9,0,0,0,1.0,0
0.8095,54,0,0.5751,1824.0,2,0,0,0,0.0,0
0.8904,45,0,0.4091,2101.0,11,0,2,0,0.0,0
0.155,57,0,0.5546,1916.0,9,0,0,0,0.0,0
0.0866,49,2,0.0812,5174.0,7,0,0,0,2.0,0
0.6764,46,0,0.7884,3874.0,10,0,0,0,0.0,0
0.3469,48,0,0.3101,,7,0,0,0,3.0,0
0.1042,54,0,0.7283,15752.0,9,0,0,0,1.0,0
0.5572,56,0,0.3397,,10,0,0,0,1.0,0
0.4969,45,0,0.5427,4637.0,6,0,2,0,1.0,0
0.3553,55,0,0.3916,6374.0,2,0,3,0,0.0,0
0.177,57,0,0.3929,3296.0,5,0,3,0,0.0,0
0.4295,60,0,0.2221,8309.0,11,0,1,0,3.0,0
2.7505,59,0,0.3312,7481.0,6,0,1,0,2.0,0
0.1003,70,0,0.3246,5269.0,9,0,0,0,0.0,0
0.2625,62,0,0.2474,11488.0,6,0,0,0,2.0,0
0.4938,80,0,0.9988,,2,0,2,0,2.0,1
0.0351,66,0,1.0543,,2,0,3,0,1.0,0
0.1776,66,0,0.349,6660.0,7,0,0,0,0.0,0
0.0548,35,0,1.0942,3926.0,7,0,0,0,1.0,0
0.1287,63,0,0.0898,12741.0,2,0,1,0,1.0,0
0.3012,64,0,0.1868,3642.0,8,0,0,0,0.0,0
0.047,51,0,0.0398,4967.0,12,0,3,0,1.0,0
0.4346,23,0,0.9559,,6,0,1,0,2.0,1
0.2718,21,0,0.8618,2393.0,10,0,3,0,0.0,0
0.4636,48,0,0.5782,,5,0,1,0,0.0,1
0.3136,44,0,0.4397,1446.0,10,0,1,0,1.0,0
1.3318,31,0,0.3827,,8,0,0,0,0.0,0
0.1762,57,0,0.2756,8301.0,11,0,2,0,2.0,0
2.0509,36,0,0.4109,,9,0,1,0,1.0,0
0.0481,29,0,0.4734,7512.0,13,0,0,0,1.0,0
0.1203,81,0,0.4559,3644.0,11,0,3,0,0.0,0
0.347,59,0,0.4221,,11,0,0,0,1.0,0
0.7435,46,0,0.3241,,9,0,1,0,,0
0.2185,32,0,0.4207,1800.0,6,0,0,0,2.0,0
0.7929,40,0,0.3595,,8,0,1,0,1.0,0
0.6316,43,0,0.2438,12955.0,7,0,1,0,1.0,0
1.1887,44,0,0.2004,4180.0,10,0,2,0,0.0,0
0.4869,47,0,0.6258,8172.0,12,0,2,0,0.0,0
0.2757,35,0,0.6968,17323.0,6,0,0,0,0.0,0
0.9391,40,0,0.547,,13,0,1,0,1.0,1
0.0459,28,0,0.1624,1731.0,7,0,0,0,1.0,0
0.343,24,0,0.9882,6348.0,7,0,0,0,1.0,0
0.0508,31,0,0.1453,17548.0,5,0,2,0,2.0,0
0.6315,43,0,0.6865,9969.0,9,0,0,0,0.0,0
0.115,48,0,0.6369,4793.0,11,0,1,0,0.0,0
0.031,59,0,0.5396,4253.0,13,0,0,0,0.0,0
0.1311,58,0,0.1518,5786.0,6,0,0,0,0.0,0
0.3209,61,0,0.8767,8908.0,8,0,0,0,1.0,0
0.4992,48,0,0.575,3930.0,7,0,1,0,0.0,1
0.205,61,0,0.4744,2717.0,8,0,1,0,1.0,0
0.0188,22,0,0.3819,6228.0,7,0,0,0,2.0,0
0.4838,60,0,0.9355,2757.0,7,0,1,0,1.0,1
0.2398,51,0,0.3549,,9,0,1,0,1.0,0
0.0591,65,0,0.7905,,8,0,1,0,0.0,0
0.1229,21,0,0.3817,,1,0,0,0,0.0,0
0.8991,65,0,0.3256,17203.0,10,0,1,0,0.0,0
0.2558,29,0,0.6556,7046.0,11,0,2,0,1.0,0
0.049,68,0,0.8687,10733.0,3,0,1,0,1.0,0
0.1569,40,0,0.3401,3714.0,9,0,1,0,0.0,0
0.0334,58,1,0.6982,5612.0,6,0,0,0,0.0,0
0.1208,51,0,0.1538,,4,0,0,0,3.0,0
0.7963,66,0,0.3108,,4,0,0,0,2.0,0
0.3362,54,0,0.335,4851.0,10,0,0,0,0.0,0
0.3585,74,0,0.2711,,7,0,2,0,1.0,0
0.6424,42,0,0.4326,3503.0,5,0,2,0,1.0,0
0.4685,38,0,0.4412,3725.0,9,0,2,0,0.0,0
0.1242,43,0,0.5867,5748.0,8,0,3,0,0.0,0
1.5959,61,0,0.2725,15729.0,11,0,1,0,0.0,0
0.395,61,0,0.729,,5,0,2,0,2.0,0
0.3581,34,0,0.4775,5792.0,10,0,3,0,1.0,0
0.3307,40,0,0.6684,2048.0,7,0,2,0,,0
0.0796,56,0,0.352,3678.0,6,0,2,0,2.0,0
0.1264,69,0,0.5746,3076.0,11,0,4,0,0.0,0
0.2388,42,0,0.0536,5525.0,6,0,0,0,1.0,0
0.0006,32,0,1.0006,2721.0,7,0,1,0,0.0,0
0.2577,66,0,0.2405,,5,0,2,0,0.0,0
3.0443,28,1,0.5221,2761.0,2,0,0,0,2.0,0
0.416,60,0,0.6668,,4,0,3,0,1.0,0
2.4527,22,0,0.6482,,8,0,1,0,0.0,0
0.1222,50,0,0.7229,19470.0,12,0,0,0,1.0,0
0.2119,47,0,0.2091,6831.0,5,0,3,0,0.0,0
0.4775,41,0,0.8191,,12,0,1,0,0.0,0
0.5439,72,0,0.7931,5762.0,9,0,2,0,0.0,0
0.2492,51,0,0.1112,6743.0,8,0,2,0,1.0,0
0.1505,50,0,0.5934,3899.0,11,0,0,0,0.0,0
0.2389,48,0,0.3615,,11,0,0,0,0.0,0
0.3788,41,0,0.6442,12308.0,8,0,1,0,1.0,0
4.6036,78,0,0.4022,15778.0,4,0,0,0,2.0,1
1.6567,47,0,0.4354,,6,0,1,0,1.0,0
0.8564,78,1,0.2517,7143.0,4,0,1,0,1.0,1
1.2513,40,0,0.1637,6150.0,7,0,1,0,1.0,0
2.5987,52,0,0.4001,4033.0,2,0,1,0,2.0,0
0.9749,45,0,0.1116,8749.0,4,0,1,0,0.0,0
0.2073,41,0,0.3167,9119.0,3,0,0,0,1.0,0
0.2613,49,0,0.2807,4547.0,9,0,0,0,0.0,0
0.7569,75,0,0.351,14598.0,8,0,1,0,0.0,0
1.1389,70,0,1.1206,5497.0,6,0,1,0,1.0,0
0.0366,52,0,0.3196,,8,0,0,0,1.0,0
0.2339,33,0,1.0167,7789.0,11,0,0,0,0.0,0
0.324,57,0,0.443,2619.0,11,0,2,0,2.0,0
1.5065,45,0,1.4007,,7,0,2,0,1.0,0
0.0514,38,0,0.1876,7380.0,9,0,0,0,1.0,0
0.1864,61,0,0.8515,6069.0,4,0,1,0,2.0,0
0.8354,34,0,0.1871,6541.0,10,0,0,0,0.0,0
1.0819,53,0,0.1159,13560.0,7,0,0,0,0.0,0
1.2125,58,0,0.6728,,7,0,2,0,0.0,0
0.4993,61,0,0.3024,2536.0,8,0,1,0,0.0,0
0.0755,34,0,0.3617,17803.0,6,0,2,0,1.0,0
0.0131,75,0,0.5994,,11,0,1,0,0.0,0
1.2447,56,0,0.5191,,10,0,2,0,0.0,0
0.3564,52,0,0.522,10038.0,11,0,1,0,1.0,0
0.6086,33,0,0.1961,21095.0,11,0,0,0,0.0,0
2.4469,40,0,0.5366,2337.0,3,0,0,0,0.0,0
0.2651,47,0,0.2961,3453.0,8,0,1,0,0.0,0
0.3623,51,0,0.1737,5974.0,9,0,0,0,2.0,0
0.614,56,0,0.1352,8011.0,9,0,2,0,1.0,0
0.714,47,0,0.0419,2868.0,8,0,0,0,0.0,0
0.4037,72,0,0.6498,,9,0,1,0,1.0,0
0.6994,46,0,1.0616,,9,0,1,0,1.0,0
4.5006,54,0,0.2057,5309.0,4,0,1,0,1.0,0
5.0135,67,0,0.402,3583.0,11,0,1,0,2.0,1
2.2519,44,2,0.3777,2880.0,8,1,0,0,0.0,0
0.6024,32,0,0.3062,2778.0,4,0,1,0,3.0,0
0.5253,46,0,0.0706,1409.0,9,0,0,0,3.0,0
0.7277,64,0,0.4287,13030.0,7,0,2,0,0.0,0
0.3643,53,0,0.377,,7,0,0,0,1.0,0
0.6515,61,0,0.818,4717.0,10,0,1,0,1.0,0
3.5915,33,0,0.2975,4751.0,6,0,2,0,0.0,0
0.2911,29,0,0.0081,,12,0,2,0,1.0,0
0.172,60,0,0.2149,7757.0,9,0,2,0,0.0,0
0.2233,56,0,0.4755,4648.0,7,0,0,0,0.0,0
1.1091,39,0,0.7319,4699.0,8,0,1,0,0.0,0
0.248,36,0,0.6933,,11,0,0,0,0.0,0
0.4484,49,0,0.4563,,9,0,0,0,0.0,0
7.1414,51,0,0.5861,2420.0,5,0,1,0,3.0,0
0.4835,35,0,0.527,3583.0,5,0,0,0,0.0,0
0.6724,51,0,0.2072,,4,0,0,0,1.0,0
2.2615,31,0,0.3652,,10,0,2,0,3.0,0
0.6891,43,0,0.3713,2801.0,6,0,1,0,0.0,0
5.2628,33,0,0.0767,14710.0,8,0,2,0,1.0,0
0.1431,50,0,0.3998,3939.0,11,0,1,0,1.0,0
0.5714,43,0,0.0606,3914.0,9,0,0,0,2.0,0
0.3849,71,0,0.3634,3768.0,6,0,0,0,1.0,0
0.4765,56,0,0.5396,2904.0,12,0,1,0,0.0,1
0.0529,33,0,0.947,5229.0,7,0,1,0,0.0,0
0.8702,64,1,0.2703,4296.0,10,0,1,0,0.0,0
0.262,49,0,0.9105,,8,0,1,0,0.0,0
0.6721,62,0,1.2851,5447.0,11,0,0,0,1.0,0
0.5076,34,0,0.1748,2980.0,6,0,1,0,1.0,0
0.1023,60,0,0.7088,9094.0,7,0,1,0,0.0,0
0.4218,80,0,0.2206,4163.0,5,0,1,0,0.0,0
0.5073,60,0,0.1288,10858.0,11,0,1,0,2.0,0
0.2343,43,0,0.3528,10494.0,9,0,0,0,2.0,0
0.1266,68,0,0.8191,10338.0,5,0,0,0,1.0,0
0.5094,42,0,0.3694,,7,0,0,0,1.0,0
8.4509,58,0,0.9684,,7,0,0,0,2.0,0
0.0711,83,0,0.4358,2964.0,2,0,2,0,1.0,0
0.5818,44,0,0.9823,6687.0,8,0,4,0,2.0,0
0.5074,59,0,0.2478,10683.0,3,0,1,0,1.0,0
0.9991,80,0,0.2256,5122.0,7,0,0,0,1.0,1
0.7856,65,0,0.5351,1632.0,6,0,2,0,0.0,0
1.5816,62,2,0.625,,9,0,1,0,0.0,0
2.2568,24,0,0.1953,7060.0,4,0,3,0,0.0,0
0.418,38,0,0.6295,4987.0,6,0,3,0,0.0,0
0.254,64,1,0.4705,2581.0,9,0,1,0,2.0,0
0.6408,47,0,1.1109,3923.0,7,0,0,0,0.0,0
0.0699,45,0,0.5891,,4,0,0,0,1.0,0
1.4599,68,0,0.5294,1915.0,8,0,2,0,1.0,0
0.0945,61,0,0.7536,6057.0,17,0,3,0,1.0,0
0.0717,40,0,0.06,10662.0,8,0,0,0,1.0,0
0.0787,62,0,0.2436,6814.0,4,0,4,0,1.0,0
0.0052,38,0,0.3473,4974.0,2,0,1,0,0.0,0
0.078,29,0,0.6293,,10,0,3,0,0.0,0
0.3667,56,0,0.3761,2935.0,4,0,0,0,1.0,0
0.0537,34,0,0.4601,6430.0,4,0,1,0,1.0,0
0.2222,34,0,0.1856,,4,0,1,0,0.0,0
0.4069,37,0,0.2681,1765.0,7,0,1,0,1.0,0
4.4171,54,0,0.4232,9335.0,15,0,3,0,0.0,0
0.4074,62,0,0.4767,,6,0,0,0,0.0,0
0.4135,47,0,0.1847,,2,0,1,0,2.0,0
0.1698,35,0,0.962,4290.0,8,0,2,0,0.0,0
6.186,36,0,0.7532,5537.0,6,0,3,0,1.0,0
5.0018,30,0,0.6223,2473.0,11,0,2,0,1.0,0
0.5782,61,0,1.114,5644.0,13,0,0,0,0.0,0
0.0456,39,0,0.1355,,8,0,0,0,0.0,0
0.3687,55,0,0.8241,4702.0,4,0,1,0,0.0,0
0.8474,26,1,0.5878,7353.0,3,0,3,0,1.0,0
0.757,69,0,0.4053,2255.0,8,0,1,0,0.0,0
0.3246,51,0,0.3004,3905.0,5,0,0,0,2.0,0
0.069,29,0,0.7045,4217.0,8,0,4,0,2.0,0
0.4215,43,0,0.2717,,9,0,1,0,0.0,0
0.3941,54,0,0.837,1081.0,5,0,0,0,,0
0.3429,39,2,0.1625,,11,0,2,0,0.0,0
0.4317,56,0,0.2557,10711.0,9,0,1,0,1.0,0
0.4775,69,0,0.9312,11409.0,8,0,0,0,1.0,0
0.2484,64,0,0.2731,2159.0,12,0,1,0,3.0,0
0.2805,51,0,0.3789,7472.0,2,0,0,0,0.0,0
0.0515,71,0,0.4953,5689.0,7,0,3,0,0.0,0
0.2672,54,0,0.3833,5822.0,6,0,0,0,0.0,0
0.3044,50,0,0.5626,1741.0,8,0,2,0,1.0,0
0.2949,50,0,1.0555,5454.0,7,0,1,0,0.0,0
0.9698,53,0,1.1027,2053.0,10,0,1,0,1.0,1
1.9942,57,0,0.7667,5206.0,7,0,0,0,1.0,0
0.2005,39,0,0.7797,,6,0,1,0,1.0,0
0.041,67,0,0.0367,,11,0,1,0,0.0,0
0.7249,69,0,1.2307,,14,0,0,0,0.0,1
0.3835,86,0,0.7853,,6,0,2,0,0.0,0
0.0905,27,0,0.3162,7891.0,5,0,2,0,1.0,0
0.1857,52,0,0.6105,3336.0,8,0,0,0,2.0,0
0.6105,40,0,0.304,2920.0,8,0,0,0,2.0,0
0.4945,60,0,0.662,15613.0,4,0,1,0,0.0,0
0.0478,68,0,0.7608,1995.0,8,0,3,1,0.0,0
1.4021,52,4,0.6888,5322.0,10,0,1,0,0.0,0
0.353,47,0,0.2683,3522.0,16,0,2,0,0.0,0
5.2632,45,2,0.7357,9049.0,5,1,4,0,0.0,0
1.9753,49,0,0.4629,,6,0,0,0,2.0,1
2.8742,57,3,0.1065,12382.0,7,0,3,0,2.0,0
0.8024,57,0,0.6128,3828.0,10,0,3,0,0.0,0
0.3804,72,3,0.0922,1855.0,9,0,1,1,2.0,1
0.0659,49,0,0.6247,,6,0,1,0,1.0,0
0.2248,64,0,0.3036,7893.0,7,0,0,0,1.0,0
0.3815,39,0,0.4648,2471.0,8,0,2,0,1.0,0
0.7193,34,0,0.8782,8039.0,7,0,0,0,,0
0.2445,66,0,0.0491,,11,0,0,0,1.0,0
0.1929,58,0,0.3501,8169.0,12,0,0,0,0.0,0
0.0883,44,0,0.4232,,4,0,1,0,1.0,0
1.0177,39,0,0.1709,6812.0,4,0,0,0,2.0,0
0.9804,45,0,0.9858,3189.0,11,0,0,0,0.0,0
1.1538,55,0,0.6403,,9,0,0,0,0.0,0
0.4269,54,0,0.3401,,7,0,0,0,0.0,1
1.0268,32,0,0.7363,2976.0,8,0,0,0,0.0,0
0.036,34,0,0.1873,7752.0,4,0,1,0,0.0,0
2.4895,54,0,0.5407,,11,0,1,0,1.0,0
0.3328,60,0,0.4726,8373.0,6,0,0,0,0.0,0
5.22,41,0,0.4342,5949.0,5,0,1,0,3.0,0
0.4629,32,0,1.1437,2830.0,4,0,2,0,3.0,0
0.3793,52,0,0.8809,,6,0,2,0,0.0,0
0.2483,21,0,0.4305,,7,0,5,0,2.0,0
8.3714,47,0,0.2415,,12,0,3,0,1.0,0
0.0046,60,0,0.1257,4830.0,5,0,1,0,0.0,0
0.3164,49,0,0.6487,2592.0,11,0,0,0,0.0,0
1.6271,30,0,0.265,5635.0,7,0,2,0,1.0,0
0.2985,73,0,0.2475,9285.0,12,0,1,0,0.0,0
0.6391,52,0,0.3116,,9,0,3,0,2.0,0
0.5544,55,0,0.7283,5937.0,5,0,2,0,0.0,0
0.4535,64,0,0.7644,7297.0,12,0,1,0,1.0,0
0.4333,49,0,0.4937,2377.0,11,0,1,0,0.0,0
0.9048,48,0,0.7533,,9,0,1,0,2.0,0
1.5972,69,0,0.5611,,6,0,1,0,2.0,0
0.3814,41,0,0.7773,15770.0,7,0,0,0,0.0,0
0.0277,65,0,0.7564,6775.0,10,0,0,0,1.0,0
1.1915,36,0,0.4476,5589.0,4,0,1,0,1.0,0
1.5159,42,0,0.6297,2206.0,7,0,0,0,1.0,0
0.258,56,0,0.3906,2831.0,7,0,0,0,0.0,0
0.3144,72,0,0.319,4784.0,8,0,1,0,0.0,0
0.0905,54,0,0.6672,16668.0,8,0,1,0,0.0,0
2.1009,32,0,0.1478,3861.0,10,0,1,0,0.0,1
2.202,62,0,0.4589,4583.0,13,0,3,0,,0
2.3849,41,0,0.3164,5376.0,14,0,0,0,1.0,0
0.0006,61,0,0.6225,2342.0,8,0,0,0,0.0,0
0.2299,56,0,0.139,6015.0,7,0,2,0,0.0,0
1.2418,31,0,0.3126,8422.0,10,0,1,0,,0
2.6322,57,0,0.4294,,13,0,1,0,0.0,0
0.3623,35,0,0.4666,,10,0,1,0,1.0,0
0.7702,71,0,0.7836,8834.0,8,0,2,0,0.0,0
0.4043,30,0,0.0869,5070.0,5,0,2,0,2.0,0
3.9342,50,0,0.3429,10155.0,10,0,0,0,0.0,0
0.115,39,0,0.2069,2633.0,7,0,1,0,0.0,0
0.5367,72,1,0.5629,7296.0,12,0,1,0,2.0,0
1.0366,30,0,0.5019,4120.0,10,0,2,0,0.0,0
0.8652,85,0,0.3788,42994.0,7,0,2,0,1.0,0
0.2927,47,0,0.6444,4327.0,4,0,1,0,1.0,0
0.5827,44,0,0.4864,3562.0,3,0,1,0,0.0,1
0.2879,63,0,1.4281,3186.0,7,0,2,0,2.0,0
4.6791,52,0,0.5301,3153.0,8,0,0,0,2.0,1
0.3548,40,0,0.2245,9150.0,7,0,1,0,0.0,0
0.9387,41,0,0.6993,8281.0,7,0,1,0,0.0,0
3.6012,45,0,0.8651,5121.0,12,0,0,0,2.0,1
0.4894,42,0,0.1764,8116.0,5,0,0,0,0.0,0
0.4103,63,0,0.3147,,6,0,0,0,1.0,0
0.4475,53,0,0.3322,2769.0,4,0,3,0,,0
0.1138,58,0,0.9605,5547.0,7,0,0,0,1.0,0
0.3193,46,0,0.8188,1667.0,12,0,0,0,1.0,0
0.9043,61,0,0.2993,4234.0,6,0,1,0,1.0,0
0.1266,42,0,0.6068,,7,0,0,0,2.0,0
0.2482,39,0,0.4078,,3,0,0,0,3.0,0
0.561,45,0,0.5496,8776.0,21,0,2,0,0.0,0
0.2104,72,0,0.1354,,14,0,1,0,1.0,0
0.0515,44,2,0.8313,2402.0,12,0,0,0,2.0,0
0.8351,45,0,0.5352,4139.0,10,0,0,0,0.0,0
1.3358,55,0,0.4338,9456.0,7,0,1,0,2.0,0
0.9784,50,0,0.0135,3937.0,5,0,0,0,3.0,0
0.5981,37,0,0.244,2645.0,9,0,0,0,2.0,0
0.1699,35,0,0.6448,2646.0,4,0,0,0,1.0,0
0.7092,62,0,0.574,,6,0,1,0,1.0,0
0.2064,35,0,0.3106,9746.0,9,0,0,0,1.0,0
0.0742,64,0,0.9506,,11,0,2,0,1.0,0
0.8684,45,0,0.7117,11287.0,15,0,1,0,0.0,0
0.284,21,0,0.3955,14584.0,14,0,2,0,1.0,0
0.1709,61,0,0.5373,8499.0,11,0,1,0,3.0,0
0.1343,63,0,0.6056,1871.0,11,0,1,0,0.0,0
0.321,60,0,0.3586,8622.0,6,0,2,0,1.0,0
0.5331,45,0,0.2528,8399.0,8,0,0,0,1.0,0
0.5699,47,0,0.59,5909.0,8,0,2,0,0.0,0
0.9982,46,0,0.9738,9906.0,8,0,1,0,0.0,0
0.6033,42,0,0.4677,4550.0,9,0,0,0,2.0,0
0.3078,56,0,0.0257,9567.0,4,0,1,0,1.0,0
0.2259,49,0,0.1265,5541.0,12,0,1,0,0.0,0
0.0191,45,0,0.1815,7995.0,6,0,1,0,1.0,0
0.3908,42,0,0.707,,7,0,2,0,0.0,0
0.1506,54,0,0.4821,1813.0,7,0,0,0,1.0,0
0.9689,70,0,0.5955,8824.0,9,0,3,0,1.0,0
0.4235,54,0,0.3993,,8,0,0,0,2.0,0
0.1879,33,0,1.0012,4372.0,8,0,1,0,1.0,0
0.301,52,0,0.1833,,7,0,1,0,1.0,0
0.6973,59,0,0.8685,,8,0,0,0,2.0,0
0.4323,62,0,0.625,2913.0,4,0,1,0,2.0,0
0.2693,59,0,0.1094,3389.0,8,0,0,0,0.0,0
0.7169,54,0,0.6042,6583.0,12,0,1,0,1.0,0
0.5312,90,0,0.9314,,9,0,2,0,0.0,1
0.3374,35,0,0.715,5893.0,13,0,0,0,1.0,0
1.089,73,0,0.4114,8332.0,10,0,0,0,1.0,0
0.3943,60,0,0.5515,,8,0,2,0,1.0,0
0.3802,84,0,1.0924,9770.0,13,0,1,0,4.0,0
1.126,32,0,0.2947,6534.0,6,0,0,0,0.0,0
2.3693,74,0,0.7639,4703.0,7,0,1,0,2.0,0
0.0816,75,0,0.4452,5783.0,11,0,0,0,0.0,0
0.2031,50,0,0.649,4227.0,9,0,1,0,2.0,0
1.8271,40,0,0.153,10569.0,6,0,2,0,0.0,0
0.103,82,0,0.281,10641.0,8,0,3,0,0.0,0
4.1448,40,0,0.2505,,8,0,0,0,0.0,0
0.3783,67,0,0.397,,12,0,2,0,0.0,0
3.7964,73,0,0.713,3681.0,10,0,3,0,2.0,0
0.1763,50,0,0.5325,11243.0,9,0,1,0,0.0,0
2.9457,50,0,0.2921,5296.0,11,0,0,0,1.0,0
0.2356,77,0,0.6439,2752.0,7,0,0,0,1.0,0
0.1994,48,0,0.7117,4550.0,10,0,0,0,2.0,0
0.6768,44,0,0.3213,11350.0,7,0,1,1,0.0,0
0.0093,21,2,0.1326,10279.0,6,0,2,1,0.0,1
0.9455,68,0,0.6704,7792.0,7,0,2,0,2.0,0
0.8942,47,0,0.9349,2715.0,7,0,2,0,2.0,0
0.0114,63,3,0.6951,2110.0,12,0,1,1,1.0,0
0.6896,50,0,0.8691,7010.0,8,0,0,0,1.0,0
0.2087,71,0,0.8869,3662.0,10,0,0,0,1.0,0
0.307,71,0,0.4477,3236.0,7,0,0,0,1.0,0
0.4176,38,0,0.7913,,11,0,1,0,0.0,0
1.0254,46,0,0.4781,5537.0,7,0,0,0,2.0,0
0.2453,60,0,1.3542,2970.0,7,0,1,0,0.0,0
0.0215,72,0,0.2238,8020.0,9,0,1,0,2.0,0
0.7522,54,0,0.0848,3673.0,8,0,1,0,0.0,0
0.0028,55,0,0.3269,37042.0,10,0,2,0,2.0,0
3.7121,57,0,0.113,,9,0,2,0,2.0,0
0.0545,40,0,0.9016,11767.0,11,0,3,0,2.0,0
0.1337,46,0,1.1222,,3,0,1,0,1.0,0
0.1271,49,0,0.6415,3190.0,8,0,0,0,0.0,0
0.4467,66,0,0.6971,7427.0,6,0,0,0,0.0,0
0.7866,77,0,0.7025,,9,0,0,0,2.0,0
1.3047,39,2,0.705,3382.0,12,0,2,0,2.0,0
0.6405,62,1,0.1379,6486.0,10,0,1,0,2.0,0
0.4386,55,0,0.7775,9873.0,9,0,1,0,0.0,0
0.4062,45,0,0.8013,1173.0,7,0,2,0,1.0,0
0.1169,39,0,0.0712,4845.0,7,0,2,0,2.0,0
0.2406,55,0,0.1696,6513.0,11,0,1,0,1.0,0
0.4776,44,0,0.048,7053.0,14,0,2,0,1.0,0
0.6765,57,0,0.3377,3224.0,9,0,0,0,0.0,1
0.0134,38,0,0.5681,,11,0,2,0,1.0,0
0.3817,37,0,0.433,2799.0,13,0,1,0,1.0,0
0.6427,67,0,0.6721,5542.0,3,0,2,0,3.0,0
0.7681,55,0,0.5175,,10,0,1,0,0.0,0
0.7063,54,0,0.5116,,8,0,1,0,1.0,0
0.2801,45,0,0.1486,1940.0,4,0,0,0,1.0,0
8.2269,63,0,0.5904,3867.0,3,0,3,0,3.0,0
6.6946,49,2,0.4746,,10,0,0,0,1.0,0
0.4155,63,0,0.3193,8580.0,8,0,1,0,1.0,0
0.6158,46,0,0.2718,3082.0,9,0,0,0,2.0,0
0.3699,37,0,0.4292,10136.0,8,0,3,0,0.0,1
0.317,42,0,0.5628,7622.0,10,0,0,0,0.0,0
0.2672,58,0,0.8494,8183.0,9,0,1,0,0.0,0
1.3338,38,0,0.7782,3784.0,10,0,0,0,1.0,0
0.0363,77,0,0.5191,2577.0,12,0,0,0,1.0,0
0.0793,33,0,0.0737,,8,0,1,0,0.0,0
0.2109,50,0,0.9239,4293.0,7,0,1,0,0.0,0
0.7885,69,0,0.7583,12108.0,8,0,0,0,2.0,0
0.2741,56,0,0.253,,8,0,1,0,2.0,0
0.3794,47,0,0.4869,,7,0,1,0,0.0,0
0.0262,68,0,0.0722,,6,0,1,0,3.0,0
5.5479,39,0,0.8058,,8,0,1,0,0.0,1
0.3009,48,0,0.1325,3097.0,9,0,1,0,2.0,0
0.1487,29,2,0.6138,8529.0,13,0,0,0,1.0,0
0.6585,64,0,0.2137,3721.0,9,0,0,0,1.0,0
0.6979,60,0,0.0441,4483.0,10,0,1,0,0.0,0
0.4466,60,0,0.5323,7592.0,10,0,1,0,0.0,0
0.4731,54,0,0.2494,6076.0,6,0,1,0,0.0,0
1.0841,53,0,0.3658,,9,0,2,0,0.0,0
0.3656,54,2,0.761,7455.0,6,0,0,0,1.0,0
0.2346,56,0,0.8764,5383.0,9,0,1,0,3.0,0
1.521,54,0,0.2324,5985.0,7,0,1,0,0.0,0
0.2148,39,0,0.2517,3931.0,5,0,0,0,0.0,0
0.5835,21,0,0.2565,,4,0,3,0,0.0,0
0.164,81,0,0.5753,14477.0,9,0,1,0,1.0,0
0.2847,43,0,0.3819,5472.0,5,0,1,0,1.0,0
0.4148,50,0,0.106,,4,0,0,0,1.0,0
0.1348,68,0,0.386,,16,0,0,0,3.0,0
0.1586,57,0,0.6432,6860.0,9,0,3,0,1.0,0
0.0131,32,0,1.0845,2299.0,10,0,2,0,1.0,0
0.0237,36,0,0.6091,5149.0,7,0,2,0,0.0,0
0.2326,64,0,0.3313,8173.0,6,0,1,0,1.0,0
0.0188,60,0,0.3115,6496.0,8,0,1,0,0.0,0
0.7243,45,0,0.986,5015.0,11,0,2,0,1.0,0
0.0487,51,0,0.3784,2979.0,10,0,1,0,0.0,0
0.393,53,0,0.08,1803.0,9,0,3,0,0.0,0
0.3822,55,0,0.3182,6907.0,10,0,2,0,0.0,0
0.4309,58,1,0.2423,9014.0,8,0,1,0,2.0,0
0.5827,47,0,0.0831,2374.0,12,0,3,0,1.0,0
1.0357,62,0,0.515,7584.0,9,0,0,0,1.0,0
0.5831,60,0,0.2499,8406.0,10,0,4,0,2.0,0
0.4399,64,0,0.3474,12220.0,10,0,4,0,3.0,0
0.171,63,0,0.6808,11413.0,6,0,1,0,2.0,0
0.9934,62,0,0.8039,,9,0,4,0,1.0,0
0.1297,46,0,0.2824,8731.0,3,0,0,0,1.0,0
5.3771,50,0,0.5238,4873.0,7,1,1,0,0.0,0
0.1012,40,0,0.2228,4120.0,7,0,1,0,1.0,0
0.4159,55,0,0.3488,7965.0,9,0,1,0,,0
0.7063,41,0,0.6093,9710.0,12,0,1,0,1.0,0
0.4017,59,0,0.7401,5459.0,3,0,2,0,0.0,0
0.3531,69,0,0.1679,12395.0,13,0,0,0,1.0,1
0.6564,52,0,0.7967,1116.0,7,0,0,0,1.0,0
0.2394,44,0,0.9319,3430.0,6,0,2,0,1.0,0
0.2822,59,0,0.3218,4817.0,6,0,1,0,2.0,0
0.5315,66,0,0.9427,10423.0,3,0,0,0,0.0,0
0.6769,42,0,0.7677,,9,0,1,0,1.0,1
0.4905,54,0,0.6084,3850.0,5,0,0,0,1.0,1
0.1634,56,0,0.579,22027.0,8,0,3,0,0.0,0
0.8573,48,0,0.021,6311.0,1,0,1,0,1.0,0
0.3899,59,0,1.1558,2437.0,5,0,3,0,0.0,0
0.4526,29,0,0.3944,1198.0,8,0,1,0,1.0,0
0.1154,57,0,0.6189,,11,0,1,0,1.0,0
1.9185,77,0,0.1944,20577.0,5,0,1,0,0.0,0
0.1034,60,0,0.2382,8383.0,4,0,4,0,0.0,0
0.3313,53,0,0.2638,8010.0,5,0,0,0,2.0,0
1.0426,35,0,0.3568,2093.0,12,0,1,0,0.0,0
0.5811,47,0,0.1215,4978.0,5,0,0,0,0.0,0
0.1524,56,0,1.029,4453.0,7,0,1,0,0.0,0
0.2125,53,0,0.3515,15918.0,12,0,0,0,1.0,0
0.0198,35,0,0.939,5343.0,13,0,0,0,1.0,0
0.5281,55,0,0.3068,1505.0,9,0,0,0,0.0,1
0.6412,40,0,0.8483,2058.0,8,0,1,0,1.0,0
0.0621,44,0,0.1536,4370.0,4,0,0,0,1.0,0
0.1555,65,0,0.9976,2753.0,4,0,2,0,0.0,0
0.4569,49,0,0.0257,4832.0,12,0,0,0,1.0,1
0.5537,43,0,0.7882,,10,0,0,0,0.0,0
1.1033,38,0,0.3754,3814.0,10,0,1,0,2.0,0
0.536,42,0,0.7002,,8,0,1,0,2.0,0
0.1891,44,0,0.4162,1485.0,4,0,1,0,0.0,0
0.599,64,0,0.4495,3977.0,8,0,2,0,1.0,0
0.0783,52,0,0.7722,19366.0,4,0,1,0,0.0,0
0.5573,69,0,0.3051,10656.0,14,0,0,0,0.0,0
0.31,36,0,0.6021,,4,0,4,0,1.0,0
0.4445,70,0,0.5966,3406.0,13,0,2,0,0.0,0
0.2817,50,0,0.2354,11227.0,4,0,1,0,1.0,0
0.2072,49,0,0.7049,4664.0,10,0,0,0,1.0,0
1.2519,49,0,0.247,10966.0,6,0,0,0,1.0,0
0.4541,84,0,0.5013,7262.0,11,0,1,0,0.0,0
0.2353,45,0,0.4469,11507.0,11,0,1,0,0.0,0
0.1595,81,0,0.2776,,7,0,3,0,0.0,0
0.1726,64,0,0.385,4815.0,4,0,2,0,2.0,0
0.3961,37,0,0.459,2988.0,7,0,0,0,2.0,0
4.3932,39,0,0.1697,4118.0,9,0,0,0,1.0,0
0.0434,55,0,0.6735,2862.0,8,0,1,0,1.0,0
0.2318,53,0,0.7819,19375.0,9,0,3,0,0.0,0
1.1161,46,0,0.6764,6771.0,6,0,2,0,0.0,0
0.0076,45,0,0.652,3538.0,4,0,2,0,1.0,0
0.5438,74,0,0.5098,7959.0,11,0,0,0,1.0,0
0.1647,54,0,0.1364,11360.0,7,0,0,0,1.0,0
0.9737,59,0,0.306,5145.0,8,0,1,0,0.0,0
0.6932,54,0,0.7546,5683.0,10,0,1,0,1.0,0
0.3289,53,0,0.2918,3178.0,6,0,1,0,0.0,0
2.2852,82,0,1.4644,20726.0,5,0,0,0,1.0,0
0.4432,60,0,0.9183,6007.0,2,0,1,0,1.0,0
0.1555,89,0,0.2345,10170.0,9,0,5,0,1.0,1
0.3944,63,0,0.8101,7975.0,5,0,0,0,1.0,0
0.4023,43,0,0.0367,5689.0,7,0,2,0,0.0,0
0.8121,69,0,0.7886,,2,0,0,0,0.0,0
2.0013,51,0,0.7214,,10,0,0,0,2.0,0
0.0458,73,0,0.5849,,6,0,2,0,0.0,0
0.2513,43,0,0.9702,4857.0,7,0,2,0,1.0,0
0.6923,30,0,0.2963,6198.0,10,0,0,0,0.0,0
0.5291,53,1,0.542,11143.0,10,1,0,1,2.0,0
2.409,73,0,0.4084,5646.0,7,0,0,0,0.0,0
0.308,43,0,0.7338,9272.0,5,0,1,0,1.0,0
0.3561,60,0,0.2225,3986.0,7,0,0,0,0.0,0
0.1586,43,0,0.9394,7182.0,7,0,1,0,2.0,0
0.1126,65,0,0.4326,,6,0,0,0,1.0,0
0.474,47,0,0.823,8692.0,4,0,0,0,1.0,0
0.7654,56,0,0.1918,7173.0,11,0,4,0,1.0,0
0.2003,47,0,0.3979,6808.0,16,0,0,0,1.0,0
4.0037,41,0,0.3315,3574.0,8,0,0,0,2.0,0
0.1747,25,0,0.1864,,5,0,3,0,0.0,0
0.1533,34,0,0.6072,3615.0,12,0,0,0,0.0,0
0.4747,48,0,0.6222,,9,0,2,0,1.0,0
3.6841,58,0,0.906,7526.0,6,0,0,0,5.0,0
1.0499,78,0,0.7923,,5,0,1,0,1.0,1
3.4438,45,0,0.6671,2410.0,7,0,0,0,1.0,1
0.4081,43,0,0.5241,6146.0,9,0,0,0,1.0,0
3.6631,33,0,0.0889,1933.0,4,0,0,0,1.0,0
0.6536,64,0,0.2677,19486.0,7,0,1,0,0.0,0
0.6513,60,0,0.4211,1846.0,6,0,1,0,1.0,0
0.1867,58,0,0.0978,4941.0,4,0,3,0,1.0,0
0.3208,57,0,0.0961,11463.0,6,0,0,0,1.0,0
2.2016,47,0,0.6146,,6,0,0,0,1.0,0
0.7424,71,0,0.5189,11368.0,7,0,0,0,1.0,0
0.1696,41,0,1.0815,5837.0,4,0,2,0,0.0,0
0.6504,45,0,0.3569,3352.0,6,0,1,0,0.0,0
0.1692,38,0,0.1531,,8,0,1,0,1.0,0
0.0797,50,0,0.4088,5593.0,10,0,1,0,1.0,0
0.7631,41,0,0.6876,4432.0,6,0,1,0,0.0,1
0.6458,43,0,0.217,3240.0,4,0,1,0,1.0,0
6.761,35,0,1.3338,8399.0,9,0,1,0,1.0,0
0.0922,39,0,0.4451,9420.0,11,0,1,0,0.0,0
0.1044,29,0,0.4096,4824.0,11,0,1,0,0.0,0
0.2846,57,0,0.2068,5229.0,13,0,1,0,,0
0.3814,40,0,0.7626,13673.0,9,0,4,0,1.0,0
0.5748,75,0,0.199,9075.0,8,0,1,0,1.0,0
1.6521,65,0,0.2205,,8,0,1,0,0.0,0
0.4773,53,0,0.1248,4492.0,5,0,1,0,1.0,0
0.0687,60,0,0.467,8048.0,10,0,1,0,1.0,0
0.28,64,0,0.1506,5802.0,9,0,0,0,0.0,0
0.2345,45,2,0.376,,5,0,3,0,1.0,0
1.9746,49,3,1.0821,4989.0,9,0,1,0,1.0,0
0.3657,67,0,0.1879,2230.0,6,0,0,0,0.0,0
1.2706,68,1,0.8502,6901.0,7,2,2,0,0.0,0
0.6909,41,0,0.3592,10232.0,10,0,0,0,0.0,0
0.037,84,0,0.6549,26837.0,9,0,2,0,0.0,0
0.102,33,2,0.1798,3549.0,10,0,1,0,0.0,0
0.4213,21,0,0.2508,,7,0,1,0,0.0,0
2.5376,76,0,0.0657,4625.0,9,0,0,0,0.0,0
0.2547,62,0,0.5893,4215.0,3,0,0,0,0.0,0
3.154,55,1,0.2404,9349.0,11,0,0,0,0.0,0
2.2214,63,3,0.2606,,12,0,1,1,0.0,0
0.5328,42,0,0.0651,1215.0,8,0,3,0,0.0,0
0.0633,28,0,0.6775,2485.0,5,0,0,0,3.0,0
0.6976,46,0,0.3304,3446.0,5,0,3,0,1.0,0
0.1661,42,0,0.0787,15782.0,7,0,0,0,0.0,0
0.5676,38,0,1.0059,3034.0,6,0,2,0,0.0,0
2.0496,44,0,0.1726,1700.0,12,0,1,0,3.0,0
0.2277,44,0,0.5683,,4,0,0,0,0.0,0
0.3322,45,0,0.3328,2690.0,5,0,3,0,0.0,0
0.4061,57,0,0.6837,22350.0,7,0,0,0,1.0,0
0.6059,60,0,0.5333,8481.0,11,0,2,0,0.0,0
0.3062,56,0,0.7234,9221.0,4,0,1,0,0.0,0
0.6787,21,0,0.3842,,9,0,1,0,1.0,0
0.2781,38,0,0.9947,11621.0,10,0,2,0,1.0,0
0.762,38,0,0.382,3433.0,9,0,1,0,0.0,0
0.3727,69,0,0.2762,,11,0,3,0,1.0,0
0.6292,40,0,0.2251,6687.0,6,0,1,0,1.0,0
0.702,25,0,0.5008,4509.0,4,0,1,0,0.0,1
0.4676,62,0,0.7406,6317.0,8,0,1,0,0.0,0
0.134,53,0,0.2515,6906.0,10,0,1,0,4.0,0
0.0822,87,0,0.4062,,7,0,0,0,1.0,0
0.5872,33,0,0.8085,2744.0,10,0,0,0,2.0,0
0.1226,49,0,0.5688,1088.0,3,0,1,0,0.0,0
0.9478,37,0,0.5206,13569.0,5,0,0,0,0.0,0
3.687,38,0,0.4564,9480.0,9,0,1,0,1.0,0
0.3514,40,0,0.2918,,11,0,0,0,0.0,0
0.5881,37,0,0.1805,2921.0,7,0,1,0,0.0,0
0.2106,55,0,0.4265,4217.0,8,0,1,0,1.0,0
0.4986,53,0,0.662,,7,0,0,0,2.0,0
0.7627,52,0,0.4502,3922.0,8,0,2,0,1.0,0
0.6915,70,0,0.9558,6692.0,9,0,0,0,1.0,0
0.5327,60,0,0.6803,11776.0,9,0,0,0,,0
0.1316,64,0,0.4184,,6,0,2,0,1.0,0
0.2631,54,0,0.1843,3872.0,7,0,1,0,1.0,0
0.5511,56,0,0.7524,6561.0,8,0,1,0,3.0,0
0.4708,65,0,0.4916,,10,0,1,0,1.0,0
0.9761,36,0,0.57,4415.0,14,0,2,0,0.0,0
0.4988,43,0,0.1308,3483.0,8,0,0,0,,0
0.173,53,0,0.3956,6128.0,8,0,2,0,0.0,0
0.141,53,0,0.3706,11229.0,11,0,0,0,0.0,0
0.0321,32,0,0.4898,1760.0,6,0,0,0,1.0,0
0.4764,63,0,0.2459,,13,0,2,0,2.0,0
0.1998,72,0,1.0228,8410.0,9,0,0,0,0.0,1
1.724,71,0,0.6487,,10,0,1,0,,0
0.5501,42,0,0.9757,6151.0,9,0,0,0,0.0,0
0.3245,64,0,0.4388,6924.0,11,0,0,0,0.0,0
0.4299,46,0,0.5213,8501.0,8,0,1,0,0.0,0
0.825,53,0,0.5493,,4,0,1,0,0.0,1
0.8627,67,0,0.6021,4524.0,6,0,3,0,0.0,0
0.0491,71,0,0.9254,6986.0,4,0,1,0,2.0,0
1.1366,46,0,0.0384,8806.0,11,0,2,0,0.0,0
0.3819,45,2,0.2563,6355.0,10,0,1,0,1.0,0
3.3279,73,0,0.7044,2396.0,11,0,1,0,1.0,1
0.9281,51,0,0.9776,3972.0,3,0,0,0,1.0,0
0.3736,21,0,0.5679,,8,0,1,0,1.0,0
0.3732,58,0,0.9584,9063.0,7,0,1,0,0.0,0
0.1967,41,0,0.2981,5942.0,5,0,1,0,0.0,0
0.5027,48,0,0.07,6337.0,5,0,3,0,0.0,0
0.6251,60,0,0.6527,5908.0,11,0,1,0,0.0,0
0.2021,26,0,0.625,6270.0,8,0,1,0,2.0,0
0.2052,63,0,0.544,3107.0,9,0,1,0,0.0,0
0.0203,31,0,0.8278,12518.0,5,0,0,0,0.0,0
0.1266,42,0,1.3992,3224.0,4,0,1,0,0.0,0
0.0332,56,0,0.4308,4486.0,6,0,0,0,1.0,0
0.6923,35,0,0.3862,1768.0,9,0,2,0,1.0,0
0.2074,35,0,0.2552,5221.0,10,0,0,0,4.0,0
0.4198,57,0,0.2373,9346.0,9,0,0,0,3.0,0
0.1432,59,0,0.5839,1879.0,8,0,0,0,1.0,0
0.7566,50,0,0.4218,,11,0,2,0,0.0,0
0.07,61,0,0.1465,,10,0,0,0,1.0,0
0.62,95,0,0.3742,4158.0,5,0,0,0,0.0,0
0.531,31,0,0.855,8815.0,8,0,2,0,1.0,0
0.0639,21,0,0.0869,3454.0,5,0,0,0,2.0,0
0.2125,68,0,0.2416,9384.0,6,0,1,0,1.0,0
0.0926,35,0,0.352,,9,0,3,0,1.0,0
0.3066,57,0,0.0764,,11,0,1,0,0.0,0
0.322,60,0,0.3635,,7,0,2,0,0.0,0
0.4079,52,0,0.7995,5474.0,6,0,0,0,1.0,0
0.0924,56,0,0.0585,5851.0,6,0,6,0,1.0,0
0.3396,76,0,0.5378,5696.0,3,0,0,0,1.0,0
0.8283,43,0,0.4462,,12,0,0,0,1.0,0
0.6271,70,0,0.5501,2039.0,11,0,0,0,2.0,0
1.0118,34,0,0.5736,6694.0,8,0,1,0,0.0,0
0.5774,57,0,0.8418,10277.0,5,0,0,0,0.0,0
0.5956,59,0,0.41,10158.0,12,0,3,0,0.0,0
3.0168,51,0,0.3567,7058.0,7,0,2,0,0.0,0
0.0953,66,0,0.0433,6960.0,7,0,1,0,1.0,0
0.7156,53,0,0.7521,,9,0,1,0,0.0,0
0.1804,57,0,0.3628,6392.0,11,0,0,0,1.0,0
0.0198,42,0,0.9236,10326.0,4,0,0,0,0.0,0
2.005,38,0,0.1894,3972.0,5,0,3,0,0.0,0
0.082,38,0,0.6896,4875.0,9,0,0,0,0.0,0
0.3688,43,0,0.4423,959.0,7,0,1,0,1.0,0
0.4203,34,0,0.798,7665.0,10,0,2,0,1.0,0
0.5069,78,0,0.5295,4082.0,9,0,1,0,1.0,0
0.1867,48,0,0.487,7269.0,7,0,2,0,0.0,0
0.4062,52,0,0.3926,4736.0,8,0,3,0,1.0,0
0.2495,36,0,0.6402,7080.0,8,0,2,0,0.0,0
1.1154,81,0,0.7895,12312.0,7,0,3,0,0.0,0
0.2941,48,0,0.1977,,5,0,0,0,0.0,0
0.4506,44,0,0.4648,5403.0,9,0,2,0,0.0,0
0.4361,45,0,0.342,,9,0,0,0,0.0,0
0.0339,49,0,0.4373,1464.0,6,0,2,0,2.0,0
1.7176,48,0,0.9446,5231.0,7,0,1,2,2.0,0
0.405,33,0,0.6502,1797.0,5,0,0,0,0.0,0
0.5491,64,0,0.1149,5997.0,8,0,1,0,1.0,0
1.0902,36,0,0.301,9944.0,13,0,0,0,0.0,0
0.1877,63,0,0.3682,8135.0,6,0,1,0,0.0,0
0.4334,33,0,0.287,5533.0,0,0,1,0,0.0,0
0.3406,54,0,0.3268,,6,0,3,0,0.0,0
0.1538,38,0,0.4734,,8,0,0,0,0.0,0
0.1599,42,0,0.2413,5366.0,7,0,1,0,1.0,0
0.5698,59,4,0.1679,4988.0,9,0,0,2,0.0,0
0.8924,69,0,0.3022,3616.0,9,0,0,0,2.0,0
1.4257,78,0,0.4513,15633.0,9,0,4,0,1.0,0
0.5885,57,0,0.6037,,9,0,1,0,2.0,1
0.3925,52,0,0.2443,,6,0,1,0,2.0,0
0.5415,39,0,0.8582,2459.0,13,0,1,0,0.0,0
0.3091,27,0,0.6391,,12,0,1,0,0.0,0
0.634,61,0,0.1473,10522.0,12,0,1,0,2.0,0
0.1002,48,0,0.627,4586.0,6,0,1,0,0.0,0
0.6291,52,0,0.7888,2690.0,9,0,0,0,0.0,0
0.8233,46,1,0.4367,3304.0,4,3,0,0,0.0,0
3.059,42,0,0.2967,5300.0,4,0,0,0,0.0,0
1.8118,61,0,0.9048,4355.0,10,0,1,0,2.0,0
1.3398,76,0,0.6599,6141.0,5,0,2,0,0.0,0
0.8148,35,0,0.2065,,9,0,1,0,0.0,0
0.0767,26,0,0.2814,2092.0,9,0,1,0,0.0,0
0.4359,49,0,0.6704,,7,0,2,0,1.0,0
0.2412,42,0,0.7987,3007.0,6,0,1,0,1.0,0
0.8607,69,1,0.6035,,8,0,2,0,1.0,0
0.4003,59,0,0.6223,12735.0,5,0,0,0,0.0,0
0.0343,79,0,0.3138,3985.0,5,0,0,0,1.0,0
7.324,67,0,0.3354,9137.0,10,0,0,0,0.0,1
0.0843,53,0,0.3856,8855.0,6,0,1,0,1.0,0
0.3946,54,0,0.5042,10033.0,13,0,0,0,0.0,0
0.3803,57,0,0.4355,1704.0,7,0,3,0,0.0,0
0.2806,39,0,0.2105,10124.0,9,0,0,0,0.0,0
0.8752,58,0,0.5044,2099.0,7,0,2,0,1.0,0
0.3809,71,0,0.2629,,9,0,0,0,0.0,0
0.7404,43,0,0.2586,3058.0,11,0,0,0,1.0,0
0.7772,49,0,0.629,5797.0,6,0,1,0,2.0,0
0.3176,61,0,0.5837,5418.0,12,0,1,0,1.0,0
0.0601,73,0,0.4787,,5,0,2,0,2.0,0
2.1275,42,0,0.1064,,6,0,0,0,0.0,1
6.5774,55,0,0.3414,9012.0,5,0,0,0,,0
0.0782,52,0,0.5111,,7,0,1,0,0.0,0
0.8167,48,0,0.9921,,10,0,1,0,0.0,0
0.1774,26,0,0.26,3910.0,6,0,0,0,0.0,0
0.2285,42,0,0.5207,5804.0,6,0,1,0,0.0,0
0.6383,35,0,0.0209,2981.0,5,0,2,0,1.0,0
0.2117,50,0,0.2571,16584.0,11,0,1,0,3.0,0
0.0272,46,0,0.1988,11020.0,5,0,0,0,,0
0.273,35,0,0.4972,1805.0,10,0,1,0,3.0,0
0.4689,48,0,0.8256,5536.0,7,0,1,0,1.0,0
0.1699,78,0,0.8836,13840.0,7,0,1,0,0.0,0
0.3436,43,0,0.573,2531.0,7,0,1,0,1.0,0
2.4038,47,0,0.803,3604.0,5,0,0,0,2.0,0
0.029,49,0,0.2867,6979.0,6,0,1,0,1.0,0
1.8755,42,0,0.4548,8417.0,2,0,2,0,1.0,0
0.5971,30,0,0.3863,7742.0,4,1,0,1,0.0,0
0.3781,77,0,0.4389,,7,0,0,0,2.0,0
5.0679,26,0,0.7146,,10,0,1,0,3.0,0
0.1561,28,0,0.4439,11681.0,8,0,1,0,1.0,0
0.4332,62,0,0.1011,2498.0,14,0,1,0,1.0,0
1.9078,23,2,0.0826,,10,1,1,0,1.0,0
0.4882,63,0,0.3911,2659.0,9,0,1,0,0.0,0
0.2477,64,0,0.399,4210.0,6,0,0,0,0.0,0
0.0122,41,0,0.9029,,6,0,1,0,1.0,0
1.2903,53,1,0.6423,9294.0,9,0,1,1,0.0,0
0.6012,51,0,0.5669,10885.0,6,0,1,0,1.0,0
0.7885,41,0,0.5391,4275.0,6,0,2,0,1.0,0
0.6852,43,0,0.5726,5329.0,10,0,2,0,1.0,0
0.4707,50,0,0.2033,7540.0,6,0,1,0,2.0,0
0.2788,45,0,0.7497,3733.0,9,0,1,0,1.0,0
5.9876,60,2,0.4692,3694.0,7,0,1,0,0.0,0
0.2887,50,0,0.6557,3863.0,9,0,2,0,1.0,0
1.7872,58,1,0.6157,,5,0,1,0,1.0,0
4.6916,47,1,0.2863,,8,0,0,2,0.0,0
0.9094,61,0,0.4454,,7,0,1,0,3.0,0
0.4242,64,0,0.3298,4675.0,4,0,3,0,0.0,0
0.2103,24,0,0.5262,14696.0,8,0,0,0,1.0,0
0.1222,57,0,0.2194,13672.0,8,0,1,0,1.0,1
1.4466,42,0,0.7891,8060.0,8,0,2,0,0.0,0
0.274,46,0,0.1872,3820.0,5,0,0,0,0.0,0
0.2122,56,0,1.0008,15236.0,10,0,1,0,0.0,0
0.4253,54,0,0.7733,2080.0,4,0,4,0,1.0,0
0.1927,49,0,0.7799,,10,0,1,0,1.0,0
0.7233,61,0,0.1456,1966.0,11,0,0,0,2.0,0
0.2984,55,0,0.6665,10654.0,4,0,0,0,0.0,0
0.9725,41,0,0.5717,,8,0,0,0,1.0,0
0.1517,67,0,0.2334,6085.0,9,0,2,0,1.0,0
4.5451,67,0,0.5315,,9,0,1,0,1.0,0
0.3452,52,0,0.228,4737.0,11,0,0,0,0.0,0
0.1832,44,0,0.5131,5142.0,8,0,2,0,0.0,0
0.2572,41,0,0.3087,3736.0,5,0,1,0,0.0,0
0.018,75,0,0.5559,12478.0,8,0,0,0,,0
0.6863,49,0,0.3358,4398.0,6,0,0,0,1.0,0
3.6691,54,0,0.5816,3179.0,4,0,1,0,1.0,0
1.2935,58,0,0.47,4239.0,3,0,2,0,1.0,1
3.9415,21,0,0.7045,3664.0,5,0,0,0,1.0,1
0.2672,39,0,0.2329,1568.0,7,0,0,0,0.0,0
0.404,83,0,0.7586,13521.0,7,0,0,0,1.0,0
0.5329,21,0,0.1133,2582.0,1,0,0,0,0.0,0
0.5871,31,1,0.2286,6344.0,6,0,1,0,0.0,0
2.3027,46,0,0.3506,10042.0,7,0,1,0,0.0,0
0.8926,38,0,0.3386,14325.0,7,0,0,0,0.0,0
0.2773,41,0,0.1108,5673.0,5,0,1,0,1.0,0
2.6005,36,0,0.7308,9370.0,9,0,0,0,0.0,0
0.4699,50,0,0.1629,3957.0,9,0,0,0,0.0,0
0.0046,57,0,0.0861,6310.0,7,0,0,0,1.0,0
0.0651,58,0,1.0418,6052.0,7,0,1,0,0.0,0
0.6471,40,0,0.4127,5319.0,4,0,0,0,1.0,0
0.4391,66,0,0.7799,3977.0,7,0,2,0,0.0,0
0.304,54,0,0.4243,3061.0,3,0,0,0,0.0,0
0.8602,67,0,0.6754,3502.0,14,0,1,0,1.0,0
0.2867,56,0,0.2477,3120.0,7,0,2,0,1.0,0
0.7659,48,0,0.6346,,11,0,3,0,0.0,0
0.8718,49,3,0.2298,1241.0,5,1,1,0,1.0,0
0.9986,57,0,1.3763,3756.0,4,0,1,0,1.0,0
0.7444,70,0,0.6599,1362.0,7,0,1,0,0.0,1
0.8944,54,0,0.8892,3521.0,9,0,0,0,2.0,0
0.1814,55,0,0.3989,,5,0,0,0,0.0,0
1.3118,60,1,0.0238,,12,1,0,0,2.0,0
0.7461,27,0,0.5809,,10,0,2,0,1.0,0
1.675,32,4,0.2741,7675.0,11,0,1,0,2.0,0
2.9889,55,0,0.6544,4207.0,6,0,2,0,2.0,0
0.3032,39,0,0.803,,7,0,0,0,0.0,0
0.6193,48,0,0.4382,,8,0,0,0,1.0,0
0.6518,52,0,0.4238,4961.0,6,0,0,0,0.0,0
0.8219,86,0,0.0781,7490.0,10,0,2,0,1.0,0
0.1916,50,0,0.1938,4990.0,7,0,0,0,0.0,0
0.1929,22,0,0.4318,6374.0,8,0,1,0,0.0,0
0.7813,55,0,0.5014,3846.0,3,0,1,0,1.0,0
0.4938,66,2,0.611,3829.0,6,0,0,0,1.0,0
7.5588,59,0,0.3765,13712.0,8,0,0,0,0.0,0
0.2576,59,0,0.8542,4268.0,11,0,2,0,0.0,0
0.0228,42,0,0.126,,11,0,0,0,1.0,0
0.1838,46,0,1.029,3663.0,5,0,0,0,1.0,0
0.2479,40,0,0.9293,7515.0,10,0,1,0,3.0,0
1.9188,42,0,1.3641,8441.0,4,0,0,0,1.0,0
1.2195,49,0,0.5803,20613.0,8,0,1,0,0.0,0
0.5639,65,0,0.3652,11332.0,7,0,1,0,1.0,0
1.5196,92,0,0.8596,3839.0,10,0,2,0,0.0,0
0.9174,54,0,0.8121,5695.0,3,0,0,0,1.0,0
1.9361,60,1,0.7944,3778.0,8,2,1,2,0.0,0
0.4918,21,0,0.7232,2798.0,13,0,2,0,0.0,0
0.8882,46,0,0.6867,3743.0,5,0,1,0,1.0,0
0.186,73,0,0.8045,14809.0,7,0,2,0,0.0,0
2.4812,53,0,0.3518,3135.0,8,0,0,0,1.0,0
0.2633,51,0,0.0238,1956.0,7,0,1,0,1.0,0
0.9309,93,0,0.7085,,4,0,1,0,0.0,0
0.0208,69,0,0.7142,5181.0,9,0,3,0,,0
0.3133,63,0,0.1056,7493.0,11,0,0,0,0.0,0
0.4845,51,0,1.1494,,6,0,0,0,1.0,0
0.4269,56,0,0.4584,18122.0,6,0,1,0,0.0,0
0.6497,82,0,1.1899,7673.0,11,0,0,0,1.0,0
0.5171,83,0,0.1449,,5,0,0,0,0.0,0
0.3191,44,0,0.2368,5889.0,5,0,0,0,0.0,0
0.1579,29,0,0.1033,3418.0,8,0,1,0,1.0,0
4.9284,53,0,0.4041,8705.0,5,0,1,0,2.0,0
0.0344,63,0,0.1038,,9,0,2,0,2.0,0
0.9694,77,0,0.9907,4828.0,8,0,0,0,0.0,1
0.4278,51,0,0.6943,15873.0,3,0,0,0,1.0,0
0.0263,47,0,0.1956,8709.0,6,0,1,0,0.0,0
0.1172,68,0,0.5065,,12,0,0,0,1.0,0
0.7343,39,0,0.6107,4395.0,9,0,0,0,1.0,0
3.2753,49,0,1.074,3597.0,8,0,2,0,0.0,1
0.4585,52,0,0.0476,4828.0,7,0,1,0,2.0,0
0.211,51,0,0.2859,8835.0,6,0,3,0,0.0,0
0.398,70,0,0.7849,5384.0,8,0,1,0,1.0,0
1.8509,59,0,0.3536,4406.0,10,0,0,0,0.0,0
0.2425,44,0,0.8566,2922.0,6,0,0,0,0.0,0
0.7689,49,1,0.1545,5273.0,11,0,0,0,1.0,0
0.2783,91,0,0.784,,5,0,0,0,0.0,0
0.1503,32,0,0.2067,9242.0,5,0,1,0,0.0,0
0.5606,26,0,0.2749,2556.0,10,0,0,0,0.0,0
0.3876,35,0,0.219,8863.0,3,0,2,0,0.0,0
4.1517,56,0,0.0401,,9,0,4,0,0.0,0
0.1164,68,0,0.1996,9209.0,6,0,2,0,0.0,0
0.0054,50,0,0.1106,3466.0,7,0,2,0,,0
0.7218,44,0,0.1799,1636.0,6,0,1,0,1.0,0
0.0845,42,0,1.2544,,6,0,1,0,1.0,0
0.7398,28,0,1.4265,3640.0,6,0,1,0,1.0,1
0.0807,74,0,0.6362,3716.0,7,0,0,0,0.0,0
0.8767,49,0,0.6837,7201.0,7,0,0,0,0.0,0
0.4455,55,0,0.1726,4372.0,8,0,1,0,0.0,0
0.1724,64,0,0.613,5660.0,10,0,0,0,0.0,0
0.8605,71,0,0.4384,2958.0,3,0,0,0,1.0,0
7.7499,49,0,0.4428,9213.0,5,0,3,0,0.0,0
0.6941,39,0,0.631,4775.0,6,0,0,0,1.0,1
0.7843,52,0,0.5774,4577.0,9,0,2,0,1.0,0
0.0923,50,0,0.7384,,7,0,0,0,0.0,0
0.6158,44,0,1.0522,3143.0,8,0,3,0,1.0,1
0.3532,34,0,0.2785,1647.0,9,0,1,0,0.0,0
0.8847,57,1,0.6053,,7,0,0,0,1.0,0
0.1608,71,0,0.705,,6,0,4,0,1.0,0
0.4619,77,0,0.2696,6493.0,10,0,1,0,0.0,0
0.1992,41,0,0.4843,2828.0,12,0,0,0,3.0,1
0.5893,77,0,0.6805,5112.0,4,0,0,0,0.0,0
0.0544,37,0,0.7219,,10,0,0,0,0.0,0
0.6034,54,0,0.6795,1749.0,9,0,4,0,0.0,1
0.4081,67,0,0.5982,1146.0,6,0,3,0,2.0,0
0.1692,60,1,0.5082,2649.0,9,0,1,0,0.0,0
1.4177,72,0,0.6259,7408.0,8,0,0,0,0.0,0
0.3572,38,0,0.9384,11766.0,7,0,0,0,0.0,0
0.5202,49,0,0.1559,1232.0,8,0,0,0,2.0,0
5.3061,49,0,0.4227,,16,0,1,0,3.0,0
0.6697,68,0,0.4971,3624.0,9,0,0,0,0.0,0
0.2704,49,0,0.4638,,16,0,0,0,0.0,0
0.3985,55,0,0.5754,6450.0,4,0,0,0,1.0,0
3.017,48,0,0.6852,11632.0,6,0,1,0,0.0,0
0.6129,57,0,0.4311,2610.0,4,0,2,0,1.0,0
5.6016,41,0,0.7477,8102.0,9,0,1,0,1.0,0
0.6464,36,0,0.2855,,5,0,0,0,1.0,0
0.2791,45,0,0.6553,7054.0,7,0,1,0,1.0,0
0.0848,39,0,0.7366,,8,0,2,0,0.0,0
0.5755,49,0,0.3986,1664.0,9,0,2,0,1.0,0
0.0187,63,0,0.8873,18855.0,6,0,3,0,0.0,0
0.0988,33,0,0.7091,1751.0,12,0,0,0,1.0,0
2.5542,46,0,0.5254,5200.0,7,0,0,0,0.0,0
1.522,82,1,0.7089,,5,0,2,0,0.0,0
1.1943,27,0,0.6458,6921.0,8,0,4,0,0.0,0
0.5413,36,0,1.0245,4247.0,6,0,2,0,0.0,0
0.0958,56,0,0.4198,9621.0,6,0,0,0,1.0,0
0.4615,30,0,0.7307,12571.0,10,0,0,0,2.0,0
1.032,50,0,0.6682,4735.0,10,0,0,0,1.0,0
0.214,75,0,0.2304,8680.0,6,0,1,0,1.0,0
0.5799,43,0,0.3942,11038.0,5,0,5,0,0.0,0
4.3509,39,0,0.6058,,8,0,0,0,0.0,1
0.7428,29,0,0.5356,10565.0,10,0,0,0,2.0,0
0.1035,40,0,0.3817,17044.0,3,0,1,0,0.0,0
0.6807,49,0,0.9161,2933.0,8,0,1,0,0.0,0
0.1144,82,0,0.1715,2335.0,7,0,0,0,0.0,0
0.2449,49,0,0.3193,9408.0,9,0,0,0,1.0,0
0.1699,50,0,0.1155,4169.0,8,0,0,0,0.0,0
7.8923,51,1,0.5883,4872.0,6,0,0,0,,0
2.8242,40,0,0.3226,3478.0,6,0,2,0,0.0,0
0.4948,21,0,0.5367,13311.0,5,0,1,0,0.0,0
0.6074,72,0,0.9108,2481.0,12,0,1,0,1.0,1
0.3236,60,0,0.1414,,9,0,0,0,2.0,0
0.8099,68,0,0.0903,,8,0,0,0,1.0,0
0.3472,55,0,0.8792,4280.0,8,0,2,0,1.0,0
0.1874,68,0,0.322,2132.0,6,0,1,0,0.0,0
0.1466,30,1,0.2407,,6,0,0,0,0.0,0
0.0323,53,0,0.7503,,5,0,1,0,0.0,0
0.0897,59,0,0.5349,3420.0,14,0,3,0,2.0,0
0.0793,70,0,1.0162,4085.0,9,0,0,0,0.0,0
0.2884,58,0,0.6461,6013.0,6,0,0,0,0.0,0
0.47,58,0,0.676,5016.0,6,0,3,0,3.0,0
0.0243,55,0,0.5371,4026.0,11,0,0,0,1.0,0
0.7558,31,0,0.477,5260.0,10,0,3,0,0.0,0
1.0818,44,0,0.3545,,13,0,0,0,0.0,0
0.011,45,0,0.4585,9955.0,6,0,1,0,1.0,0
0.9053,64,1,0.3769,28112.0,5,2,1,0,1.0,0
0.7832,59,0,0.5901,7653.0,13,0,2,0,0.0,0
1.6174,73,0,0.3151,18565.0,3,0,1,0,0.0,0
0.6132,59,0,0.8983,5890.0,10,0,2,0,0.0,0
0.0046,49,0,0.3835,7437.0,15,0,0,0,1.0,0
0.1161,70,0,0.3862,3915.0,9,0,1,0,2.0,0
0.5662,35,0,0.423,,8,0,1,0,0.0,0
0.1584,48,0,0.3742,10854.0,11,0,1,0,0.0,0
1.0736,39,0,0.162,4085.0,8,0,0,0,0.0,0
0.0145,36,3,0.6966,15693.0,10,0,2,0,0.0,0
0.5218,37,0,0.5968,7537.0,8,0,2,0,0.0,0
0.0805,43,0,0.771,5362.0,4,0,3,0,1.0,0
0.7609,55,0,0.2592,2589.0,7,0,3,0,2.0,0
0.8981,47,0,0.232,6304.0,10,0,0,0,0.0,0
0.8655,56,0,0.4423,3631.0,3,0,1,0,1.0,0
0.3468,55,1,0.4814,4938.0,7,0,1,2,2.0,0
0.3785,21,0,0.148,8592.0,14,0,1,0,0.0,0
0.1616,54,0,1.1021,,8,0,1,0,,0
0.4893,41,0,0.5021,5610.0,5,0,0,0,0.0,0
0.1982,29,0,0.9625,7552.0,4,0,1,0,,0
0.3067,55,0,0.7965,3968.0,10,0,2,0,1.0,0
0.2462,53,0,0.2085,,3,0,2,0,1.0,0
0.2668,54,0,1.3512,3951.0,11,0,1,0,2.0,0
0.0838,62,0,0.3947,,11,0,0,0,3.0,0
0.0773,42,0,0.3908,3599.0,12,0,1,0,1.0,0
0.1583,38,0,0.289,9962.0,14,0,0,0,1.0,0
0.132,51,0,0.2307,2370.0,12,0,1,0,0.0,0
0.3309,46,0,0.2339,2722.0,4,0,1,0,0.0,0
1.0237,90,1,0.4783,7970.0,6,0,2,0,1.0,0
0.2019,50,0,0.1388,3093.0,9,0,0,0,0.0,0
0.5788,52,0,0.1308,8247.0,7,0,2,0,1.0,0
0.3712,39,0,0.5893,7558.0,13,0,1,0,2.0,0
1.3291,37,0,0.3124,,4,0,0,0,0.0,0
0.6819,28,0,0.3908,2978.0,4,0,0,0,0.0,0
3.1918,47,0,0.147,,12,0,1,0,0.0,0
0.2146,48,0,0.469,4054.0,7,0,0,0,1.0,0
2.1103,66,0,0.3247,,8,0,1,0,2.0,0
0.3618,47,0,0.9421,3832.0,6,0,0,0,0.0,0
0.4034,45,0,0.2593,,8,0,1,0,1.0,0
0.9839,54,0,0.237,10441.0,8,0,0,0,0.0,0
0.1565,49,0,0.4184,3817.0,3,0,0,0,0.0,0
0.6305,64,0,0.4368,5016.0,10,0,0,0,1.0,0
0.8314,71,3,0.4653,,13,1,1,0,1.0,0
5.4115,50,0,0.5755,7741.0,10,0,1,0,1.0,0
0.4449,37,0,0.6956,5350.0,6,0,0,0,0.0,0
0.4348,49,0,0.1526,10173.0,7,0,0,0,3.0,0
0.583,54,0,0.5043,4691.0,8,0,0,0,0.0,0
0.8376,32,0,0.5321,4168.0,6,0,1,0,0.0,0
0.2632,46,0,0.7803,3881.0,9,0,0,0,2.0,0
0.2709,30,0,0.806,5320.0,6,0,1,0,,0
0.4202,56,0,0.7625,6925.0,11,0,4,0,1.0,0
0.0589,35,0,0.4362,,10,0,0,0,2.0,0
0.374,46,0,0.4744,7779.0,9,0,0,0,1.0,0
0.2255,48,0,0.3093,6803.0,12,0,0,0,1.0,0
0.6496,33,0,0.7604,7258.0,5,0,2,0,0.0,0
0.7469,51,0,0.5194,19144.0,6,0,3,0,1.0,0
0.2204,35,0,1.0359,4384.0,9,0,1,0,0.0,0
0.3775,71,0,0.4898,9423.0,10,0,0,0,1.0,0
0.2515,69,3,0.5963,3479.0,10,1,2,0,0.0,0
0.0193,67,0,0.9607,15248.0,5,0,0,0,,0
0.7321,53,0,0.3105,,8,0,3,0,0.0,0
0.3492,55,0,0.2443,6893.0,8,0,1,0,1.0,0
0.4466,48,0,1.0052,10089.0,2,0,2,0,0.0,0
0.6072,58,0,0.7054,13514.0,10,0,0,0,1.0,0
0.1268,74,0,0.9882,,4,0,1,0,1.0,0
0.3505,37,0,0.2526,3736.0,8,0,1,0,0.0,0
0.0034,57,2,0.5642,2106.0,7,0,1,0,2.0,0
0.4484,27,0,0.2336,11476.0,10,0,2,0,1.0,0
1.3299,45,0,0.6115,,12,0,1,0,0.0,0
0.3088,50,0,0.1522,2342.0,10,0,1,0,0.0,0
0.3039,55,0,0.1469,,11,0,4,0,1.0,0
0.6043,60,0,0.4762,8171.0,7,0,0,0,0.0,0
0.1458,69,0,1.2106,6699.0,9,0,2,0,0.0,0
0.9857,31,0,0.6009,11206.0,8,0,3,0,1.0,0
0.178,63,0,0.3926,,11,0,1,0,0.0,0
0.2218,76,0,0.3587,7046.0,5,0,5,0,0.0,1
0.0801,46,0,0.2707,6613.0,2,0,0,0,0.0,0
0.1782,44,0,0.1702,10074.0,5,0,0,0,1.0,0
0.4769,54,0,0.9911,5722.0,7,0,0,0,,0
1.0899,50,2,0.6126,1285.0,5,0,1,0,0.0,0
0.447,49,0,0.5068,6196.0,8,0,1,0,2.0,0
0.483,72,0,0.2034,2610.0,11,0,2,0,1.0,0
0.5806,85,0,0.3351,,9,0,1,0,,0
0.0048,47,0,0.0495,8844.0,4,0,1,0,1.0,0
0.0771,84,0,0.7727,18157.0,6,0,0,0,1.0,0
0.2125,47,0,0.2124,2953.0,9,0,4,0,0.0,0
0.3652,63,2,0.4627,7133.0,3,0,0,0,2.0,0
0.8836,37,0,0.4664,1595.0,9,0,0,0,1.0,0
0.0302,40,0,0.7676,9033.0,11,0,1,0,0.0,0
0.1343,47,1,0.3752,4265.0,12,0,2,0,1.0,0
0.4203,64,0,0.8667,,7,0,1,0,1.0,0
0.1001,55,0,0.2717,2078.0,6,0,0,0,2.0,0
0.3483,29,0,0.1691,,2,0,1,0,1.0,0
0.5988,33,0,0.215,5051.0,4,0,0,0,1.0,0
8.0927,28,0,0.3935,,9,0,1,0,1.0,0
0.3392,56,0,0.3703,12328.0,7,0,2,0,1.0,0
1.7621,54,0,0.8378,3551.0,7,0,0,0,3.0,0
0.3173,54,0,0.1568,10859.0,8,0,0,0,3.0,0
0.0167,54,0,0.7449,,4,0,1,0,0.0,0
1.7358,41,0,0.2984,10638.0,9,0,1,0,0.0,0
0.1385,54,0,0.173,6640.0,8,0,0,0,0.0,0
0.0626,72,0,0.8034,4995.0,12,0,0,0,1.0,0
0.2297,60,0,0.7905,,11,0,4,0,0.0,0
0.6695,36,0,0.3825,,6,0,0,0,0.0,0
0.0644,47,0,0.8262,6869.0,8,0,0,0,3.0,0
0.3542,43,0,0.1202,,9,0,1,0,1.0,0
0.2056,64,0,0.5079,,9,0,2,0,3.0,0
0.2983,37,0,0.3686,,11,0,2,0,1.0,0
0.0413,55,0,0.7048,4610.0,15,0,0,0,,0
0.4031,47,3,0.7496,8355.0,8,0,1,0,1.0,0
0.7735,41,0,0.7561,,8,0,1,0,0.0,0
0.0848,55,0,0.4495,14511.0,7,0,2,0,1.0,0
0.3353,49,0,0.0564,4213.0,11,0,2,0,0.0,0
0.3886,62,0,0.7095,6742.0,8,0,1,0,0.0,0
0.3904,45,0,0.7133,6505.0,7,0,4,0,1.0,0
0.5002,35,0,0.608,9771.0,13,2,0,0,1.0,0
0.502,49,0,0.5758,3345.0,10,0,0,0,1.0,0
0.4902,56,0,0.4097,9812.0,8,0,1,0,0.0,0
0.077,61,0,0.2127,,9,0,0,0,1.0,0
0.6519,49,0,0.7475,,10,0,2,0,0.0,0
2.6576,64,0,0.4842,5091.0,6,1,1,0,1.0,0
0.6808,33,0,0.8558,,13,0,0,0,0.0,0
0.3638,66,1,0.5507,4765.0,3,0,1,0,0.0,0
0.4352,60,3,0.5448,9495.0,11,1,0,0,0.0,0
0.9134,46,0,0.2685,3779.0,3,0,1,0,1.0,0
1.4589,67,0,0.081,9864.0,8,0,2,0,0.0,0
0.0168,56,0,0.3738,2136.0,10,0,1,0,1.0,0
0.7794,70,0,0.785,7452.0,13,0,0,0,3.0,0
0.0096,41,0,0.7608,8616.0,9,0,1,0,2.0,0
0.5613,42,0,0.2117,3987.0,8,0,0,0,0.0,0
0.2542,60,0,0.5091,2601.0,9,0,0,0,0.0,0
0.1138,53,0,0.8464,9492.0,7,0,1,0,0.0,0
0.1977,32,0,1.1147,2838.0,13,0,0,0,1.0,0
0.1509,78,0,0.4516,7440.0,7,0,0,0,2.0,0
0.0966,77,0,0.1067,3629.0,15,0,1,0,1.0,0
0.1459,55,0,0.3105,,7,0,0,0,2.0,0
0.0733,42,0,0.3918,21021.0,20,0,0,0,0.0,0
0.4475,43,0,0.4434,11863.0,9,0,1,0,1.0,0
0.1261,57,0,0.3507,5664.0,5,0,0,0,0.0,0
0.2027,72,0,1.0424,6195.0,7,0,1,0,0.0,0
0.4527,89,0,0.5387,3671.0,8,0,1,0,0.0,0
0.5506,48,0,0.5587,2697.0,6,0,1,0,0.0,1
1.7252,47,0,0.9473,6319.0,8,0,2,0,1.0,0
0.0193,50,2,0.351,10735.0,7,1,3,0,0.0,0
0.781,58,0,0.4661,2545.0,13,0,0,0,0.0,1
0.0273,40,0,0.7396,5430.0,9,0,2,0,3.0,0
1.065,33,0,0.0874,4966.0,7,0,1,0,1.0,1
0.9504,49,0,0.1894,5783.0,8,0,1,0,0.0,0
0.1059,56,0,0.7342,,10,0,4,0,2.0,0
0.0218,76,0,0.4114,6551.0,10,0,3,0,0.0,0
0.2606,37,0,0.1465,7734.0,8,0,0,0,2.0,0
0.2529,68,0,0.5079,2932.0,9,0,0,0,0.0,0
0.2379,51,0,0.4237,3229.0,14,0,0,0,0.0,0
0.0463,49,0,0.3395,7031.0,16,0,0,0,0.0,0
0.3382,30,0,0.2659,4034.0,7,0,0,0,0.0,0
0.769,57,0,0.2139,27889.0,9,0,1,0,0.0,0
0.5595,56,0,0.2716,4173.0,5,0,1,0,0.0,0
0.181,84,0,0.5305,22768.0,7,0,0,0,1.0,0
0.2888,48,0,0.1137,2571.0,9,0,0,0,3.0,0
0.5005,74,0,0.6701,3738.0,13,0,1,0,2.0,1
1.9,48,0,0.7125,7260.0,11,0,0,0,1.0,0
0.0563,47,0,0.4798,,5,0,2,0,0.0,0
0.0212,28,0,0.0622,3744.0,4,0,1,0,0.0,0
0.5644,68,0,0.9663,4513.0,9,0,1,0,1.0,0
0.2851,54,0,0.4305,6607.0,10,0,3,0,0.0,0
0.1167,52,0,0.6759,2906.0,6,0,1,0,,0
0.2839,48,0,0.0307,2177.0,15,0,3,0,2.0,0
0.2494,55,0,0.7752,,8,0,0,0,0.0,0
1.1297,42,0,0.4035,,5,0,2,0,0.0,0
0.4748,58,0,0.641,1028.0,7,0,0,0,1.0,0
0.0586,39,0,0.2787,1827.0,7,0,2,0,0.0,0
2.9508,50,0,0.3962,16359.0,7,0,2,0,6.0,0
0.1842,59,0,0.4975,,6,0,1,0,2.0,0
0.0808,72,0,0.1982,4507.0,5,0,3,0,0.0,0
0.5949,55,0,0.2656,,10,0,2,0,1.0,0
0.4054,70,0,0.8026,8634.0,4,0,0,0,1.0,0
0.3068,52,0,0.5523,8514.0,7,0,0,0,0.0,0
0.0847,39,0,0.7598,4043.0,3,0,1,0,2.0,0
0.1528,81,0,0.433,,4,0,1,0,0.0,0
0.1714,50,0,0.2612,2609.0,10,0,1,0,,0
0.0393,65,0,0.1001,14062.0,5,0,2,0,1.0,0
0.2553,43,0,0.7246,12084.0,7,0,1,0,0.0,0
0.4254,59,0,0.5438,,6,0,2,0,0.0,0
0.8229,57,0,0.7068,,8,0,0,0,0.0,0
0.2754,52,0,0.344,15229.0,5,0,1,0,3.0,0
0.5394,80,0,0.5682,4814.0,6,0,0,0,1.0,0
0.0277,58,0,0.7144,11196.0,2,0,2,0,0.0,0
0.136,47,1,0.8693,,6,0,1,0,1.0,0
0.0147,74,0,0.2017,15368.0,9,0,0,0,0.0,0
0.0838,27,0,0.463,2745.0,7,0,2,0,1.0,0
0.2755,32,0,0.1574,12236.0,11,0,0,0,,0
1.0453,64,0,1.1593,7336.0,8,0,0,0,2.0,0
0.9048,55,0,0.3368,8590.0,9,0,2,0,1.0,0
0.3304,44,0,1.081,,9,0,2,0,1.0,0
5.2706,57,0,0.3727,6712.0,7,0,1,0,0.0,0
0.3002,67,0,0.8746,11259.0,6,0,0,0,0.0,0
0.1469,37,0,0.8293,,9,0,0,0,0.0,0
1.7614,51,1,0.7402,5024.0,12,0,2,0,0.0,0
0.2822,53,0,0.8456,3217.0,9,0,2,0,0.0,0
0.6011,56,0,0.0892,8780.0,7,0,1,0,2.0,0
0.0195,61,0,0.2419,3296.0,10,0,1,0,0.0,0
0.6518,24,0,0.7953,5986.0,6,0,0,0,0.0,0
0.1562,60,0,0.4301,,7,0,0,0,1.0,0
1.211,25,0,0.6255,4221.0,7,0,1,0,0.0,0
0.3291,51,0,0.5737,2947.0,10,0,0,0,0.0,0
0.2734,37,0,0.6446,4609.0,8,0,0,0,1.0,0
0.1209,55,0,0.6096,5096.0,6,0,0,0,0.0,0
0.212,61,0,0.4186,7665.0,12,0,1,0,1.0,0
0.5119,53,0,0.306,4352.0,9,0,0,0,1.0,0
0.3366,43,0,0.823,,3,0,1,0,1.0,0
0.7738,34,0,0.4696,16054.0,8,0,1,0,0.0,0
0.1687,51,0,0.9046,5407.0,6,0,2,0,0.0,0
0.7646,46,0,0.5287,21610.0,9,0,0,0,0.0,0
1.7597,57,0,0.5027,17950.0,6,0,0,0,0.0,0
1.219,46,0,0.3389,8042.0,8,0,3,0,0.0,0
0.7198,72,0,0.0595,,9,0,4,0,3.0,1
0.5253,53,0,0.2995,3505.0,10,0,3,0,0.0,0
0.1059,65,0,0.0578,3959.0,13,0,2,0,0.0,0
0.2608,45,0,0.1982,,7,0,1,0,2.0,0
0.2014,62,0,0.3123,7000.0,11,0,0,0,1.0,0
2.0354,61,0,0.222,9225.0,8,0,2,0,1.0,0
0.0421,42,0,0.6273,,6,0,1,0,2.0,0
0.6547,31,0,0.3261,1775.0,11,0,3,0,1.0,0
0.1702,70,0,0.1666,2313.0,4,0,0,0,0.0,0
0.2103,46,0,0.7392,5391.0,5,0,1,0,2.0,0
0.1978,43,0,1.2861,4663.0,7,0,1,0,0.0,0
0.4043,48,0,0.1471,7947.0,7,0,1,0,0.0,0
0.7104,39,0,0.4576,2187.0,8,0,0,0,2.0,0
0.5651,61,0,0.6354,8239.0,7,0,1,0,0.0,0
0.2205,52,0,0.2183,4836.0,6,0,0,0,0.0,0
0.0937,53,0,0.5639,3593.0,7,0,0,0,0.0,0
0.6054,68,0,0.8878,13679.0,9,0,1,0,1.0,0
0.1415,53,2,0.0912,7430.0,5,2,1,1,2.0,0
0.3466,74,0,0.4333,2171.0,12,0,2,0,0.0,0
1.015,52,0,0.4003,3430.0,3,0,2,0,1.0,0
0.1221,31,0,0.1663,3335.0,8,0,1,0,0.0,0
0.0743,40,0,0.484,6224.0,6,0,4,0,1.0,0
0.153,42,0,0.1147,,5,0,1,0,0.0,0
2.2617,54,0,0.4261,6435.0,9,0,1,0,0.0,0
0.318,73,0,0.8754,,6,0,2,0,1.0,0
0.2351,55,0,0.1861,8848.0,5,0,1,0,1.0,0
0.7706,49,0,0.4255,7382.0,3,0,0,0,0.0,0
0.0949,48,0,0.4242,,6,0,1,0,0.0,0
0.0042,60,0,1.0571,4794.0,13,0,2,0,0.0,0
0.6843,58,0,0.1383,4681.0,11,0,3,0,2.0,0
3.6679,63,0,0.3397,,10,0,2,0,1.0,0
0.1539,42,0,0.3065,9236.0,5,0,0,0,0.0,0
0.3594,84,0,0.3224,,13,0,2,0,0.0,0
0.1484,47,0,0.6571,18343.0,6,0,1,0,,0
0.0997,43,0,0.9065,3385.0,13,0,1,0,1.0,0
0.093,69,0,0.288,3258.0,6,0,1,0,,0
4.4721,65,1,0.3471,7211.0,11,0,3,0,0.0,0
0.9741,43,0,0.4542,4427.0,9,0,1,0,1.0,0
0.6289,61,0,0.8475,,12,0,0,0,1.0,0
0.2556,46,0,0.4417,,9,0,2,0,0.0,0
0.8833,58,0,0.7943,5250.0,6,0,3,0,1.0,0
0.5943,55,0,0.256,3526.0,11,0,1,0,,0
0.0282,88,0,0.4604,10345.0,12,0,1,0,0.0,0
2.0672,71,0,0.3944,,6,0,1,0,1.0,0
0.045,67,0,0.226,4724.0,10,0,0,0,2.0,0
1.9999,63,0,0.2021,2300.0,7,0,2,0,0.0,0
0.2708,34,0,1.0657,,10,0,1,0,2.0,0
0.5538,55,2,0.3991,2295.0,11,0,0,2,0.0,0
0.1475,46,0,0.1601,4865.0,9,0,3,0,2.0,0
0.2235,51,0,0.6096,4139.0,12,0,2,0,1.0,0
0.4305,53,0,0.1345,9684.0,11,0,0,0,0.0,0
0.717,28,0,0.1646,4929.0,3,0,0,0,0.0,0
0.265,48,0,0.4905,9480.0,11,0,0,0,0.0,0
4.0484,54,2,0.7008,,12,0,0,0,0.0,0
0.4595,65,0,0.1663,4269.0,8,0,1,0,0.0,0
0.0855,41,0,0.2053,4950.0,11,0,1,0,1.0,0
0.0673,41,0,0.4535,,10,0,0,0,1.0,0
0.2975,40,0,0.6025,4305.0,9,0,2,0,1.0,0
0.2973,48,0,0.5601,10101.0,8,0,1,0,0.0,0
0.9546,36,0,0.6639,,11,0,2,0,2.0,0
2.3005,71,0,0.6897,5426.0,7,0,0,0,1.0,1
0.257,63,0,0.1051,,8,0,1,0,0.0,0
0.1706,90,0,0.3139,9270.0,3,0,3,0,1.0,0
0.1591,45,1,0.1204,,10,1,1,4,,0
0.2027,64,0,0.5189,,11,0,1,0,1.0,0
0.448,35,0,0.2782,1338.0,5,0,3,0,2.0,0
0.2723,73,0,0.4419,,2,0,1,0,0.0,0
0.3198,49,0,0.1489,,6,0,1,0,0.0,0
0.426,51,0,0.7018,7789.0,7,0,0,0,1.0,0
0.1108,70,0,0.2546,7587.0,6,0,1,0,0.0,1
0.7591,69,0,0.5131,8014.0,4,0,1,0,1.0,0
0.388,38,0,0.5288,6306.0,9,0,1,0,0.0,0
2.1075,51,0,0.4571,2979.0,7,0,0,0,0.0,0
0.122,72,0,0.6701,4029.0,4,0,0,0,2.0,0
0.1262,47,0,1.1742,,8,0,0,0,2.0,0
0.7036,56,0,0.5522,4996.0,9,0,1,0,1.0,0
0.1904,60,0,0.5115,5272.0,11,0,1,0,0.0,0
3.9729,72,0,0.7682,2751.0,8,0,0,0,0.0,1
0.3986,61,0,0.3292,3317.0,6,0,0,0,0.0,0
0.6537,49,0,0.3944,,7,0,2,0,0.0,0
0.119,25,0,0.5078,5920.0,7,0,1,0,0.0,0
0.0142,62,0,0.5674,5620.0,13,0,0,0,0.0,0
0.7926,54,0,0.6094,6913.0,8,0,0,0,0.0,0
0.0425,77,0,0.5768,2830.0,9,0,1,0,0.0,0
0.2146,60,0,0.1122,3462.0,9,1,0,1,1.0,0
0.1525,44,0,0.1736,,13,0,0,0,0.0,0
0.3495,35,0,0.133,,8,0,0,0,0.0,0
1.7737,50,0,0.8354,,8,0,0,0,2.0,0
0.9152,57,0,0.2668,3202.0,3,0,0,0,0.0,0
2.0895,53,0,0.6641,3830.0,11,0,1,0,0.0,0
0.029,34,0,0.0715,7469.0,10,0,0,0,0.0,0
0.2195,21,0,0.7998,6359.0,6,0,1,0,2.0,0
0.5236,39,0,0.1597,4155.0,11,0,0,0,1.0,0
2.3761,21,0,0.6734,13799.0,7,0,0,0,0.0,0
1.2968,38,0,0.5413,6368.0,5,0,0,0,2.0,0
0.0566,55,0,0.1834,6846.0,9,0,1,0,1.0,0
0.0971,72,0,0.6338,3291.0,5,0,1,0,1.0,0
1.7256,21,0,0.6834,10771.0,4,0,1,0,0.0,0
5.2914,38,0,0.3722,3196.0,7,0,2,0,2.0,0
0.9981,58,0,1.0285,3340.0,5,0,4,0,0.0,0
0.3347,46,0,1.194,13999.0,7,0,1,0,1.0,0
1.8469,54,0,0.7313,10309.0,9,0,0,0,0.0,0
0.223,57,0,1.0445,5280.0,10,0,0,0,0.0,0
0.7385,46,0,0.7234,4905.0,3,0,0,0,2.0,0
0.4124,69,0,0.5074,9113.0,9,0,1,0,2.0,0
0.0629,86,0,0.7,8434.0,9,0,1,0,0.0,0
0.3592,37,0,0.3672,3295.0,5,0,2,0,0.0,0
0.1047,65,0,0.4413,5703.0,5,0,1,0,0.0,0
4.0839,82,0,0.2425,9507.0,11,0,2,0,0.0,0
0.1423,72,0,0.2303,7982.0,5,0,0,0,1.0,0
0.8321,42,0,0.131,1967.0,16,0,3,0,0.0,0
3.2395,47,0,0.066,4337.0,11,0,1,0,1.0,0
0.073,28,0,0.4452,2746.0,12,0,0,0,1.0,0
0.4377,44,0,0.25,,9,0,2,0,0.0,0
1.1184,44,0,0.4718,,7,0,3,0,2.0,0
0.0816,58,0,0.6365,9594.0,9,0,1,0,1.0,0
1.8532,36,2,0.6941,4669.0,10,0,1,0,0.0,0
0.4797,53,0,0.291,5661.0,4,0,2,0,2.0,0
0.4335,55,0,0.4199,8169.0,10,0,4,0,2.0,0
0.3887,45,0,0.5741,7620.0,11,0,2,0,1.0,0
0.1837,64,0,0.2392,3045.0,10,0,2,0,1.0,0
0.4302,46,0,0.6482,2084.0,11,0,0,0,1.0,0
0.3582,57,0,0.723,7661.0,6,0,2,0,2.0,0
0.519,34,0,0.4149,10579.0,9,0,1,0,0.0,0
0.4237,41,0,0.4805,4734.0,9,0,2,0,,0
0.8954,65,3,0.287,,12,0,1,0,3.0,0
0.2202,29,0,0.3164,,9,0,0,0,,0
7.5343,63,0,0.7467,9049.0,8,0,0,0,0.0,0
0.8081,47,0,0.3535,15288.0,4,0,3,0,0.0,0
0.293,24,0,0.7224,5178.0,17,0,1,0,1.0,0
0.171,46,0,0.0166,8211.0,10,0,2,0,1.0,0
4.8125,62,0,0.2591,3018.0,7,0,0,0,0.0,0
0.5848,84,0,0.707,11912.0,12,0,0,0,0.0,0
0.4672,78,0,0.6919,2376.0,7,0,0,0,3.0,0
0.5999,39,0,0.6338,5216.0,6,0,3,0,1.0,0
0.2633,63,0,0.1118,8566.0,10,0,0,0,1.0,0
0.9152,46,0,0.2159,8526.0,6,0,3,0,1.0,0
0.3702,43,0,0.081,,11,0,0,0,1.0,0
0.4346,66,0,0.2138,1932.0,6,0,1,0,3.0,0
1.7098,55,0,0.4774,5034.0,6,0,3,0,2.0,0
0.3269,55,0,0.2575,4870.0,11,0,1,0,1.0,0
0.2315,29,0,0.577,,8,0,2,0,0.0,0
0.3967,38,0,0.2447,11344.0,8,0,0,0,0.0,0
0.1408,39,0,0.7887,27894.0,13,0,1,0,1.0,0
1.7357,59,0,0.49,16948.0,5,0,1,0,,0
0.2946,62,0,0.5869,10370.0,10,0,0,0,0.0,0
0.1133,76,0,0.1669,7458.0,10,0,0,0,2.0,0
0.7597,39,0,0.4954,8257.0,5,0,1,0,2.0,0
0.6564,77,0,1.0032,,6,0,0,0,,1
0.1657,48,0,0.7672,6216.0,5,0,1,0,1.0,0
0.0619,53,0,0.303,,7,0,0,0,0.0,0
0.071,50,0,0.1356,,10,0,0,0,4.0,0
0.0464,56,0,0.1749,15189.0,3,0,1,0,0.0,0
0.5181,62,0,0.279,8358.0,12,0,2,0,0.0,0
0.1508,67,0,0.7194,,6,0,2,0,0.0,0
0.2563,49,0,0.1267,,4,0,1,0,1.0,0
0.7845,53,0,0.3398,,11,0,0,0,0.0,0
2.9826,39,0,0.1552,6781.0,9,0,4,0,0.0,0
0.5987,61,0,0.1144,2893.0,13,0,2,0,0.0,0
1.1312,56,0,0.1463,11437.0,5,0,3,0,1.0,0
0.4905,41,0,0.4807,4442.0,2,0,4,0,0.0,0
0.3967,35,0,0.8535,14107.0,6,0,1,0,0.0,0
0.4972,54,0,0.4933,5040.0,7,0,2,0,0.0,0
0.2974,70,0,0.1498,5751.0,7,0,1,0,2.0,0
1.6923,74,0,0.637,,4,0,0,0,2.0,1
0.3591,34,0,0.3916,,6,0,1,0,2.0,0
0.7267,65,0,0.5809,9225.0,6,0,0,0,1.0,0
0.0675,63,0,0.0496,14055.0,9,0,1,0,1.0,0
0.1365,71,0,0.2462,,9,0,1,0,1.0,0
0.038,59,0,0.6161,13135.0,11,0,1,0,0.0,0
0.2574,47,0,0.5689,,14,0,2,0,0.0,0
0.344,63,0,0.6921,10353.0,8,0,3,0,1.0,0
0.6592,21,0,0.5674,4745.0,8,0,2,0,3.0,0
0.9301,38,3,0.2831,4384.0,10,0,0,0,1.0,0
0.4278,40,0,0.4177,2711.0,5,0,0,0,0.0,0
6.1441,43,0,0.2483,4369.0,12,0,0,0,0.0,0
0.3489,31,0,0.5613,4222.0,5,0,1,0,1.0,0
0.3812,44,0,0.1657,,8,0,4,3,,0
0.1546,44,0,0.5102,3547.0,9,0,2,0,0.0,0
0.6003,48,0,0.6984,9800.0,6,0,1,0,0.0,0
0.0152,56,0,0.4724,2772.0,7,0,3,0,0.0,0
0.5646,34,1,0.7419,3396.0,8,0,0,1,1.0,0
0.6986,46,0,0.8639,5511.0,5,0,2,0,0.0,0
0.5559,51,0,0.5691,4421.0,5,0,1,0,2.0,0
0.398,26,0,0.751,7960.0,9,0,1,0,1.0,0
0.9533,51,0,0.6022,4256.0,13,0,2,0,0.0,0
0.4567,55,0,0.5077,6335.0,11,0,1,0,1.0,0
0.6555,63,0,0.3962,,4,0,0,0,0.0,0
0.4082,34,0,0.1093,,5,0,1,0,0.0,0
0.6852,50,0,0.7153,10915.0,11,0,2,0,0.0,0
0.7004,69,0,0.3236,2424.0,7,0,2,0,,0
0.1221,28,0,0.4455,15018.0,4,0,1,0,0.0,0
0.6392,52,0,0.4898,4418.0,11,0,0,0,0.0,0
0.3162,31,0,0.4436,13216.0,6,0,1,0,2.0,0
0.1302,46,0,0.225,1891.0,6,0,2,0,3.0,0
0.0952,41,0,0.1324,9436.0,8,0,0,0,0.0,0
0.8715,57,1,0.3713,32009.0,6,0,0,1,0.0,0
2.0047,48,0,0.1913,,12,0,1,0,2.0,0
0.0897,34,0,0.5046,2366.0,8,0,1,0,0.0,0
0.0369,73,0,0.2403,6382.0,11,0,1,0,1.0,1
0.0667,54,0,0.8791,2301.0,7,0,2,0,0.0,0
0.3037,66,0,0.1763,4418.0,7,0,1,0,0.0,0
4.0253,37,0,0.874,6878.0,7,0,1,0,2.0,0
0.6018,46,0,0.3094,,6,0,2,0,1.0,0
1.216,66,0,0.5465,10162.0,13,0,1,0,2.0,0
0.6015,42,0,1.0056,19057.0,8,0,0,0,0.0,0
0.316,52,0,1.0899,14149.0,9,0,1,0,0.0,0
0.8388,51,0,0.0997,8507.0,11,0,2,0,1.0,0
3.7833,21,0,0.4931,,6,0,1,0,0.0,1
0.6359,51,0,0.9962,4122.0,8,0,2,0,1.0,0
0.8332,46,0,0.601,7052.0,7,0,0,0,2.0,0
1.3313,50,0,0.2431,9925.0,10,0,1,0,0.0,0
0.7558,42,0,0.581,3743.0,8,0,1,0,1.0,1
3.8648,34,1,0.4503,2870.0,9,0,3,0,1.0,0
0.6523,41,0,0.6256,763.0,11,0,0,0,2.0,0
0.0818,45,0,0.2882,3834.0,9,0,2,0,1.0,0
0.5296,60,0,0.439,3183.0,10,0,2,0,0.0,1
0.534,44,0,0.3575,5983.0,11,0,2,0,0.0,1
0.7501,54,0,0.3367,3462.0,6,0,0,0,0.0,0
0.6738,55,0,0.1985,7227.0,6,0,1,0,0.0,0
1.0982,44,0,0.6174,8317.0,14,0,0,0,1.0,0
0.3509,66,0,0.3806,7931.0,5,0,1,0,1.0,0
0.0336,47,0,0.7982,9529.0,3,0,1,0,0.0,0
0.4281,44,0,0.0573,8023.0,8,0,1,0,1.0,0
0.2677,67,0,0.2621,6285.0,10,0,1,1,,0
0.1189,54,0,0.4242,4657.0,6,0,1,0,1.0,0
0.7209,21,0,0.1082,5239.0,7,0,1,0,1.0,0
0.5534,21,0,0.0997,6645.0,7,0,1,0,,0
0.3329,74,0,0.7273,4429.0,8,0,1,0,,0
0.509,53,0,0.4929,3763.0,13,0,0,0,0.0,1
0.3165,50,0,0.3321,4843.0,7,0,1,0,1.0,0
0.4756,21,0,0.6664,4470.0,5,0,0,0,0.0,0
0.82,50,0,0.681,3165.0,10,0,2,0,2.0,0
1.0475,37,1,0.5181,5285.0,7,0,0,0,0.0,0
0.485,48,0,0.7801,2578.0,13,0,0,0,2.0,0
0.2022,42,0,0.867,2320.0,6,0,1,0,0.0,0
0.3142,48,0,0.6341,5977.0,10,0,1,0,1.0,0
0.8922,55,0,0.9999,4520.0,7,0,2,1,3.0,0
1.962,57,0,0.1917,4904.0,12,0,2,0,1.0,0
5.3287,51,0,0.5964,4640.0,10,0,1,0,0.0,0
0.0411,53,0,0.2369,,9,0,3,0,2.0,0
0.2761,27,0,0.4409,12299.0,9,0,1,0,0.0,0
0.1884,51,0,0.741,3312.0,3,0,5,0,1.0,0
0.2679,55,0,0.7463,3211.0,8,0,2,0,,0
2.4013,51,0,0.2577,2702.0,6,0,3,0,0.0,0
0.4397,73,0,0.4939,2986.0,3,0,0,0,2.0,1
0.0708,48,0,0.3396,6060.0,6,0,0,0,2.0,0
0.41,33,0,1.0031,2850.0,13,0,0,0,0.0,0
0.1797,52,0,1.0676,,5,0,2,0,0.0,0
0.8111,44,0,0.2285,6820.0,7,0,1,0,2.0,0
0.1776,28,0,1.1565,,10,0,0,0,2.0,1
2.3786,48,0,0.8657,,12,0,1,0,0.0,1
0.3478,73,0,0.7507,12133.0,10,0,0,0,2.0,0
0.3461,47,0,1.1591,1773.0,9,0,1,0,1.0,0
1.6511,67,0,0.4547,,13,0,1,0,1.0,0
0.269,62,0,0.8561,10235.0,10,0,1,0,1.0,0
1.5454,85,0,0.5118,6097.0,5,0,1,0,0.0,0
0.4299,58,0,0.5196,3513.0,6,0,0,0,3.0,1
0.5472,53,0,0.5358,7695.0,10,0,0,0,0.0,0
0.3642,53,0,0.4604,,17,0,1,0,2.0,0
0.6622,56,0,0.1342,5801.0,10,0,0,0,0.0,0
0.0763,48,0,0.3156,5928.0,11,0,1,0,0.0,0
0.585,45,1,0.5136,6965.0,12,0,0,0,3.0,0
1.1175,58,0,0.129,2559.0,10,0,0,0,1.0,0
1.0821,43,0,0.6438,4845.0,12,0,2,0,0.0,0
0.0516,26,0,0.4238,11757.0,8,0,1,0,,0
3.1258,34,0,0.3655,,8,0,1,0,1.0,1
0.0838,75,0,0.3092,13922.0,10,0,1,0,0.0,0
0.7512,48,0,0.7456,3954.0,15,0,1,0,0.0,1
0.4302,63,0,0.8699,2415.0,5,0,1,0,0.0,0
0.2892,42,0,0.3732,19581.0,9,0,0,0,1.0,0
1.1742,64,0,0.7774,3128.0,11,0,2,0,1.0,0
0.5308,58,0,0.0437,3709.0,8,0,3,0,0.0,0
0.6485,80,0,0.979,6014.0,9,0,2,0,0.0,0
0.7614,70,0,0.4984,11586.0,10,0,1,0,0.0,0
0.4439,62,0,0.1226,2882.0,5,0,2,0,0.0,1
0.0872,44,0,0.5787,3559.0,6,0,0,0,0.0,0
0.1132,36,0,0.1382,2412.0,10,0,3,0,1.0,0
0.0709,50,0,0.2722,,6,0,2,0,0.0,0
0.9649,52,1,0.946,,7,0,1,2,1.0,0
0.2462,46,0,0.7447,3175.0,9,0,1,0,1.0,0
0.0071,62,0,0.2197,3037.0,5,0,1,0,0.0,0
0.0271,53,0,0.2872,2195.0,10,0,0,0,0.0,0
1.1151,52,0,0.4284,2517.0,10,0,1,0,3.0,0
0.2037,73,0,0.1014,9936.0,13,0,1,0,0.0,0
4.8451,53,0,0.8434,2232.0,15,0,1,0,3.0,0
0.0861,33,0,0.4543,3950.0,8,0,1,0,0.0,0
0.8348,66,0,0.1992,7717.0,9,0,0,0,1.0,0
2.6109,55,0,0.0962,3018.0,7,0,1,0,0.0,0
5.9174,48,0,0.6948,4950.0,10,0,2,0,1.0,0
0.291,39,0,0.6682,3603.0,4,0,2,0,1.0,0
0.8357,70,0,0.1531,,11,0,5,0,1.0,0
0.2202,76,0,0.3846,2190.0,8,0,1,0,0.0,0
3.0019,43,1,0.6317,3282.0,6,0,3,0,0.0,0
0.0978,56,0,0.0899,9618.0,13,0,2,0,0.0,0
0.2294,58,0,0.2686,3462.0,11,0,1,0,2.0,0
0.9044,28,0,0.3629,,8,0,0,0,2.0,0
1.0786,51,0,0.146,3510.0,7,0,0,0,2.0,0
0.2904,28,0,1.1749,1889.0,7,0,1,0,0.0,0
0.4761,52,0,0.2551,17931.0,5,0,0,0,1.0,0
0.102,84,0,0.5841,7454.0,5,0,1,0,0.0,0
0.7122,32,0,0.5167,,14,0,1,0,1.0,0
0.3158,78,0,0.7455,10593.0,6,0,2,0,1.0,0
1.2138,77,0,0.7013,4998.0,8,0,2,0,1.0,1
1.0443,52,1,0.0743,5758.0,9,0,0,0,0.0,0
0.3755,59,0,0.3221,15514.0,9,0,4,0,1.0,0
0.2911,48,0,0.9402,,7,0,1,0,0.0,0
0.6696,46,0,0.158,4117.0,6,0,0,0,1.0,0
0.088,55,0,0.2846,8236.0,4,0,0,0,0.0,0
0.0787,41,0,0.747,,10,0,0,0,1.0,0
0.5685,59,0,0.1224,1480.0,8,0,0,0,0.0,0
0.1033,53,0,0.5725,3216.0,6,0,2,0,0.0,0
0.1544,37,1,0.0851,998.0,9,0,0,1,1.0,0
0.7167,62,0,0.3193,2276.0,7,0,0,0,0.0,0
0.3114,62,0,0.1502,3930.0,8,0,1,0,1.0,0
0.3857,68,0,0.4628,10322.0,6,0,1,0,1.0,0
0.1836,45,0,0.1629,3097.0,14,0,2,0,0.0,0
0.2047,66,0,0.2484,6979.0,8,0,1,0,4.0,0
0.4056,82,0,0.0759,3640.0,8,0,2,0,,0
0.1488,52,0,0.3596,5035.0,10,0,0,0,1.0,0
0.1953,54,0,0.8181,4775.0,9,0,1,0,1.0,0
0.4548,62,0,0.1072,6139.0,10,0,1,0,1.0,0
0.0025,22,0,0.2477,1021.0,7,0,1,0,0.0,0
0.1985,33,0,0.7378,4838.0,5,0,1,0,1.0,0
0.3251,44,0,0.3222,8036.0,8,0,0,0,0.0,0
0.5274,47,0,0.4559,3631.0,6,0,0,0,,0
0.2301,54,0,0.2368,3287.0,7,0,1,0,0.0,0
0.6198,56,0,0.3629,7009.0,8,0,1,0,0.0,0
0.0025,33,0,0.7455,6052.0,11,0,1,0,0.0,0
1.1555,68,0,0.9378,8856.0,2,0,2,0,2.0,0
0.723,57,0,0.3449,4073.0,6,0,0,0,0.0,0
1.6916,53,0,0.6118,2444.0,12,0,2,3,3.0,0
6.2884,59,2,0.1913,,10,0,1,0,0.0,0
0.1559,43,0,0.0639,2951.0,9,0,0,0,1.0,0
5.6045,49,0,0.3859,6073.0,5,0,0,0,1.0,0
0.4222,37,3,0.4815,5786.0,9,0,0,0,0.0,0
0.0476,21,2,0.7703,2782.0,10,0,0,0,1.0,0
1.642,49,0,0.4816,1426.0,10,0,0,0,0.0,0
0.2261,76,0,0.6161,6477.0,5,0,3,0,1.0,0
0.3276,44,0,0.7585,5002.0,12,0,2,0,2.0,0
0.6223,30,1,0.9862,8301.0,5,0,0,0,1.0,0
0.1805,60,0,0.5869,6878.0,7,0,0,0,1.0,0
0.546,45,0,0.252,4209.0,9,0,1,0,1.0,0
1.7441,58,0,0.3965,1874.0,9,0,0,0,1.0,1
6.7545,61,0,0.7126,11732.0,8,0,3,0,0.0,0
0.6458,45,0,0.404,4777.0,9,0,1,0,0.0,0
0.0756,58,0,0.3383,4449.0,7,0,1,0,2.0,0
0.3139,52,0,0.4586,5806.0,10,0,3,0,0.0,0
1.2111,24,0,0.2511,8364.0,8,0,1,0,,0
0.0997,45,0,0.4524,3738.0,10,0,0,0,2.0,0
0.2529,40,0,0.54,3454.0,4,0,1,0,1.0,0
0.2935,31,0,0.125,5067.0,4,0,0,0,2.0,0
0.1597,40,0,0.1669,9751.0,6,0,0,0,1.0,0
1.0603,61,0,0.1369,2978.0,3,0,2,0,1.0,0
0.1585,52,0,0.5974,2280.0,8,0,0,0,1.0,0
0.3475,26,0,0.4971,,18,0,0,0,1.0,0
0.5383,36,0,0.079,13479.0,8,0,1,0,0.0,0
1.6704,52,1,0.4168,5084.0,12,0,0,0,0.0,0
0.4835,52,0,0.6521,1313.0,15,0,0,0,0.0,0
0.5509,48,0,0.294,13134.0,8,0,1,0,1.0,0
0.1363,63,0,0.15,2987.0,3,0,0,0,,0
0.7441,57,0,0.5882,6778.0,7,0,0,0,2.0,0
0.483,44,0,0.7245,12198.0,7,0,1,0,0.0,0
1.3907,43,0,0.5404,18309.0,6,0,0,0,1.0,0
2.5248,49,0,0.9304,7122.0,4,0,3,0,1.0,0
0.3214,23,0,0.4593,4367.0,9,0,1,0,0.0,0
3.4349,56,0,0.92,,5,0,0,0,0.0,0
0.559,34,0,0.4061,3225.0,3,0,0,0,0.0,0
0.4131,69,0,0.279,4105.0,8,0,1,0,0.0,0
0.0148,28,0,0.3701,12133.0,8,0,1,0,0.0,0
0.4914,57,0,0.1401,4054.0,9,0,0,0,0.0,0
0.9461,24,0,0.5065,3531.0,9,0,1,0,1.0,0
3.8784,43,0,0.4319,4821.0,8,0,1,0,0.0,0
0.4424,58,0,0.4648,10041.0,9,0,1,0,0.0,0
0.3711,65,0,0.5575,,7,0,1,0,2.0,0
0.355,64,0,0.2303,3311.0,6,0,1,0,1.0,0
0.2427,62,0,0.486,10020.0,9,0,2,0,1.0,0
0.148,63,0,0.0806,3717.0,8,0,1,0,0.0,0
0.5737,64,0,0.6942,18569.0,8,0,1,0,0.0,0
0.0274,44,0,0.2503,2589.0,1,0,3,0,0.0,0
0.3854,47,0,0.8563,3316.0,15,0,1,0,,0
0.3987,61,0,0.2255,2520.0,14,0,1,0,1.0,0
0.0788,67,1,0.2641,2220.0,11,0,0,1,2.0,0
0.4234,50,0,0.4081,1505.0,9,0,2,0,0.0,0
0.9593,44,0,0.4125,6475.0,7,0,1,0,1.0,0
0.2839,44,0,0.3067,13753.0,7,0,4,0,1.0,0
0.4772,40,0,0.385,2665.0,9,0,1,0,0.0,0
0.2725,58,0,0.267,4951.0,7,0,1,0,1.0,0
0.4695,68,0,0.3054,21029.0,9,0,0,0,1.0,0
1.7755,58,0,0.8843,,6,0,1,1,1.0,0
0.3049,51,0,0.2755,16180.0,4,0,1,0,0.0,0
1.2952,78,0,0.53,,7,0,0,0,2.0,1
0.3084,52,0,0.5774,1301.0,5,0,0,0,1.0,0
0.8992,71,0,0.4682,3183.0,3,1,1,1,0.0,0
0.3507,37,0,0.3203,,3,0,0,0,0.0,0
3.2786,55,0,0.7457,4120.0,4,0,0,0,0.0,0
0.5527,38,0,0.964,,6,0,1,0,0.0,0
0.0236,39,0,0.4577,3929.0,9,0,1,0,0.0,0
0.1299,41,0,0.8266,4030.0,13,0,1,0,3.0,0
0.3767,53,0,0.2799,,7,0,0,0,0.0,0
0.3635,46,0,0.4618,1459.0,3,0,3,0,,0
1.8988,23,0,0.5913,2554.0,5,0,0,0,1.0,1
0.6655,46,0,1.2266,2395.0,8,0,1,0,0.0,0
0.3499,43,0,0.775,2838.0,7,0,2,0,1.0,0
0.3498,28,0,0.1811,10147.0,8,0,0,0,0.0,0
0.5208,58,0,0.4033,,4,0,1,0,,0
0.8783,61,0,0.3461,,12,0,0,0,0.0,0
0.3504,61,0,0.4259,3575.0,10,0,1,0,1.0,0
0.3654,76,0,0.812,5442.0,10,0,0,0,1.0,0
0.3643,36,0,0.5788,1870.0,8,0,1,0,2.0,0
0.3458,37,0,0.6475,9560.0,13,0,0,0,0.0,0
0.2758,52,0,0.4607,7932.0,2,0,2,0,1.0,0
0.0587,50,0,1.0789,21602.0,7,0,2,0,1.0,0
0.3505,54,0,0.4717,,5,0,0,0,4.0,0
0.2899,64,0,0.7886,,13,0,1,0,3.0,0
0.7191,48,0,0.549,2331.0,8,0,0,0,2.0,0
0.116,66,0,0.3953,,10,0,0,0,0.0,0
0.0159,41,0,0.3676,24206.0,10,0,1,0,2.0,0
0.5167,45,0,1.6184,8252.0,9,0,0,0,0.0,0
0.3786,36,0,0.3771,2888.0,10,0,1,0,1.0,0
0.5348,21,0,0.3332,1277.0,8,0,1,0,0.0,0
0.5962,27,0,0.2439,,10,0,1,0,1.0,0
0.597,65,0,0.1115,8120.0,6,0,3,0,1.0,0
0.2662,67,0,0.4686,5706.0,10,0,1,0,1.0,0
1.5213,34,0,0.4428,1526.0,13,0,3,0,2.0,0
0.2772,65,0,0.101,5036.0,12,0,1,0,2.0,0
0.5218,21,0,0.1954,8707.0,5,0,1,0,1.0,0
1.7734,38,0,0.3215,12913.0,5,0,3,0,1.0,0
0.3728,45,0,0.2635,,9,0,1,0,0.0,0
1.3458,67,2,0.1748,3707.0,7,0,1,0,0.0,0
0.0142,77,0,0.5326,2818.0,4,0,1,0,2.0,0
0.6781,46,0,0.3008,,10,0,1,0,1.0,0
0.1092,51,0,0.9459,3501.0,9,0,1,0,1.0,0
1.0284,67,3,0.4856,3486.0,6,1,1,0,1.0,0
4.2476,83,0,0.0956,3716.0,9,0,0,0,1.0,1
0.4865,69,0,0.1928,3189.0,14,0,1,0,1.0,1
0.2948,35,0,0.2985,15478.0,7,0,0,0,1.0,0
0.1728,64,0,0.7339,7147.0,4,0,0,0,0.0,0
0.6176,43,0,0.2254,6523.0,4,0,2,0,0.0,0
0.4491,72,0,0.881,5398.0,7,0,0,0,1.0,1
0.8764,61,0,0.6487,6359.0,1,0,1,0,2.0,0
0.8586,38,0,0.4384,1497.0,7,0,1,0,0.0,0
0.0273,67,0,0.4771,6918.0,8,0,1,0,0.0,0
0.3775,59,0,0.7778,4602.0,14,0,0,0,2.0,0
0.7534,58,0,0.409,9873.0,4,0,0,0,2.0,0
1.3191,52,0,0.2863,5404.0,7,0,2,0,0.0,0
0.3937,45,0,0.8459,7414.0,6,0,1,0,0.0,0
0.142,61,0,0.4038,7021.0,10,0,0,0,0.0,0
0.1074,83,0,0.8995,8754.0,5,0,0,0,0.0,0
0.0988,79,0,0.6108,3456.0,8,0,2,0,0.0,0
0.5687,49,0,0.3288,12268.0,10,0,1,0,0.0,0
1.9971,23,2,0.4098,3581.0,8,0,1,0,3.0,0
0.6798,44,0,0.488,,11,0,1,0,0.0,0
0.2561,54,0,0.4598,2243.0,13,0,4,0,2.0,0
0.2382,56,0,0.0976,8487.0,8,0,0,0,0.0,0
0.1147,65,0,1.1882,3320.0,4,0,3,0,0.0,0
0.0489,62,0,0.3742,15498.0,8,0,1,0,1.0,0
0.187,62,0,0.429,3474.0,9,0,0,0,2.0,0
0.3128,43,0,0.3007,10715.0,3,0,0,0,0.0,0
0.2473,45,0,0.4509,1563.0,15,0,1,0,3.0,0
0.2174,37,0,0.1463,2893.0,11,0,0,0,1.0,0
2.7302,56,0,0.2675,,10,0,1,3,2.0,0
1.072,64,1,0.5442,4132.0,6,0,1,1,2.0,0
0.7453,67,0,0.1893,7093.0,6,0,1,0,1.0,0
0.87,21,0,0.9335,3960.0,11,0,0,0,0.0,1
0.2612,59,0,0.3512,,11,0,1,0,0.0,0
0.647,37,0,0.8223,2290.0,9,0,1,0,1.0,0
1.9903,60,0,0.4092,10268.0,11,0,1,0,0.0,0
0.9466,37,0,1.1339,,9,0,1,0,0.0,0
1.1586,62,2,0.041,4366.0,8,0,0,2,0.0,0
1.3071,43,1,0.3777,2098.0,5,0,3,3,1.0,0
0.5509,43,0,0.2354,7185.0,2,0,1,0,0.0,0
0.7481,63,0,0.4589,8128.0,13,0,0,0,1.0,0
0.3309,44,0,0.5079,17959.0,7,0,3,0,2.0,0
2.0081,65,0,0.1464,9307.0,11,0,2,0,0.0,0
2.164,62,0,0.2684,3294.0,4,0,1,0,2.0,0
0.1541,50,0,0.8817,,7,0,2,0,0.0,0
0.8513,46,0,0.0183,11087.0,10,0,0,0,1.0,0
0.1313,70,0,0.479,7997.0,6,0,2,0,0.0,0
0.0791,64,0,0.7887,,5,0,0,0,2.0,0
0.2223,75,0,0.2707,6779.0,10,0,3,0,2.0,0
2.3294,28,0,0.6959,6943.0,6,0,2,0,1.0,0
0.916,48,3,0.4818,5565.0,6,0,1,0,0.0,0
0.5695,46,0,0.7117,,9,0,4,0,1.0,0
7.139,59,0,0.7668,7960.0,11,0,0,0,2.0,0
0.4303,39,0,0.4014,3341.0,9,0,1,0,0.0,0
0.6508,41,0,0.5898,14535.0,9,0,1,0,1.0,0
2.7021,53,0,0.2529,,4,0,0,0,0.0,0
0.0533,26,0,0.6466,16850.0,8,0,1,0,2.0,0
0.2074,24,0,0.2161,2592.0,7,0,1,0,1.0,0
0.0834,50,0,0.529,6010.0,10,0,0,0,0.0,0
0.208,89,0,0.4991,4006.0,7,0,0,0,1.0,0
0.3594,54,0,0.2108,5591.0,10,0,1,0,1.0,0
5.8138,47,0,0.9518,5461.0,9,0,1,0,0.0,0
0.4434,58,0,0.2306,,7,0,0,0,0.0,0
0.5802,60,0,0.5778,,11,0,1,0,0.0,0
0.2604,50,0,0.8291,6712.0,7,0,1,0,0.0,0
1.0893,43,3,0.315,8857.0,3,0,1,0,0.0,0
2.3115,30,0,0.3729,28425.0,8,0,0,0,0.0,0
0.002,65,0,0.6706,1233.0,8,0,1,0,1.0,0
0.5953,45,0,0.6441,4538.0,10,0,0,0,0.0,0
0.2151,59,0,0.2447,9036.0,10,0,1,0,0.0,0
0.5033,67,0,0.7548,9373.0,6,0,0,0,2.0,0
0.066,48,0,0.4738,9227.0,11,0,0,0,2.0,0
0.1718,31,0,0.2929,2538.0,7,0,0,0,1.0,0
0.7408,49,0,0.2079,,10,0,0,0,2.0,0
0.231,50,2,0.577,,5,0,1,0,0.0,0
0.3093,59,0,0.1223,,9,0,1,0,2.0,0
0.4626,44,0,0.8037,,6,0,2,0,2.0,0
1.7366,43,0,0.6621,3559.0,10,0,0,0,2.0,0
0.2098,47,0,0.6768,,7,0,0,0,1.0,0
0.326,57,0,0.2738,8392.0,4,0,3,0,0.0,0
0.4263,65,0,0.2662,4872.0,8,0,2,0,0.0,0
0.7893,85,0,0.8967,2459.0,8,0,1,0,1.0,1
0.3774,79,0,1.2082,6389.0,6,0,1,0,1.0,0
0.6109,50,0,0.2583,,3,0,0,0,2.0,0
0.1669,42,0,0.6975,5248.0,12,0,0,0,1.0,0
0.2583,43,0,0.5093,,7,0,0,0,2.0,0
0.8161,34,0,0.8742,4182.0,7,0,1,0,0.0,0
0.108,54,0,0.7706,1576.0,6,0,1,0,1.0,0
0.8955,38,0,0.0426,7713.0,6,0,5,0,,1
0.6241,37,0,0.7707,11138.0,8,0,1,0,0.0,0
4.5089,37,0,0.9677,5900.0,13,0,2,0,1.0,0
0.2743,64,0,0.8614,,15,0,1,0,1.0,0
0.1957,51,0,0.9477,7678.0,12,0,1,0,1.0,0
0.653,33,0,0.5699,,6,0,0,0,3.0,0
0.0529,64,0,0.0582,2946.0,9,0,2,0,0.0,0
0.7248,69,0,0.1691,,4,0,1,0,1.0,0
0.0249,46,0,0.0579,4034.0,3,0,0,0,,0
0.3192,41,0,0.1171,1450.0,6,0,1,0,1.0,0
4.1756,40,0,0.4867,2208.0,5,0,1,0,1.0,0
0.8569,56,0,0.5121,14489.0,8,0,1,0,0.0,0
1.2092,65,0,0.2705,3810.0,12,0,2,0,0.0,0
0.3605,54,0,0.1772,,8,0,1,0,0.0,0
0.0319,33,0,0.4103,,10,0,1,0,0.0,0
0.0113,67,0,0.6919,2468.0,8,0,3,0,0.0,0
0.2023,51,0,0.3714,2285.0,12,0,0,0,0.0,0
0.4492,49,0,0.194,3059.0,8,0,0,0,0.0,0
0.4884,58,0,0.6447,4250.0,6,0,0,0,0.0,0
0.6102,67,0,0.4964,5419.0,9,0,0,0,0.0,0
0.8953,36,0,0.4049,8918.0,9,0,0,0,3.0,0
0.657,33,0,0.4857,,6,0,1,0,1.0,0
0.4172,51,0,0.2241,5558.0,5,0,1,0,2.0,0
4.3035,51,0,0.3344,2598.0,10,0,1,0,0.0,0
0.252,65,0,0.8999,7726.0,9,0,1,0,0.0,0
1.882,70,0,0.3769,5185.0,7,0,0,0,1.0,0
0.6108,45,0,0.2084,4963.0,8,0,0,0,0.0,0
0.5613,57,0,0.1848,6685.0,5,0,1,0,2.0,0
0.3229,58,0,0.0488,,8,0,1,0,1.0,0
0.5503,60,0,0.3871,7529.0,3,0,1,0,0.0,0
2.0663,29,0,0.4915,2794.0,8,0,4,0,3.0,0
0.324,59,0,0.5914,4389.0,5,0,3,0,0.0,0
0.8264,40,0,0.1846,,9,0,1,0,1.0,0
0.783,60,0,0.6133,,7,0,1,0,1.0,0
0.1552,36,0,0.3839,5176.0,10,0,1,0,0.0,0
0.1662,53,0,0.3545,7579.0,7,0,0,0,2.0,0
1.0238,48,0,0.7298,3261.0,5,0,1,0,0.0,0
1.8405,82,0,0.4717,2332.0,12,0,0,0,0.0,0
0.2989,39,0,0.8407,8619.0,5,0,2,0,0.0,0
1.0203,38,0,0.5628,2088.0,7,0,0,0,1.0,1
0.2427,72,0,0.5834,7657.0,4,0,2,0,0.0,0
1.9497,64,0,0.6249,4253.0,15,0,1,0,1.0,0
0.9557,55,0,1.1779,14591.0,4,0,1,0,0.0,0
6.6982,45,0,0.9369,7894.0,5,0,0,0,2.0,0
0.1805,35,0,0.719,1595.0,16,0,1,0,1.0,0
0.4084,45,0,0.486,16713.0,7,0,1,0,1.0,0
0.3133,44,0,0.1806,3940.0,7,0,2,0,1.0,0
0.3584,42,0,0.2463,3890.0,8,0,2,0,0.0,0
0.5567,44,0,0.1823,9166.0,4,0,1,0,0.0,0
0.64,44,0,0.4924,5574.0,5,0,1,0,1.0,0
0.6707,65,0,0.0346,7520.0,3,0,2,0,2.0,0
0.3998,32,0,0.5614,12582.0,7,0,2,0,0.0,0
4.5216,57,0,0.3012,,9,0,1,0,1.0,0
0.5124,55,0,1.3854,9746.0,3,0,1,0,1.0,0
0.4156,50,0,0.2949,,9,0,1,0,0.0,0
0.3241,61,0,0.3456,3063.0,8,0,0,0,2.0,0
0.4997,57,0,0.2963,,3,0,1,0,2.0,0
1.0551,53,0,0.7627,16252.0,8,0,2,0,0.0,0
1.0319,67,0,0.4073,4133.0,14,0,2,0,0.0,0
0.4806,21,0,0.457,6105.0,6,0,0,0,0.0,1
0.256,82,0,0.5254,,8,0,0,0,1.0,0
1.9956,68,0,0.4413,8591.0,4,0,3,0,0.0,0
0.2287,76,0,0.3733,,8,0,3,0,0.0,0
0.6645,39,0,0.0525,2861.0,8,0,0,0,1.0,0
0.4508,53,0,0.4562,4457.0,10,0,1,0,2.0,0
0.0789,56,0,0.1578,10584.0,8,0,3,0,1.0,0
0.6317,46,0,0.1973,14072.0,6,0,0,0,0.0,0
0.4442,54,0,0.7931,3304.0,5,0,0,0,0.0,0
0.3142,55,0,0.282,,9,0,3,0,0.0,0
1.5037,35,0,0.3929,9546.0,10,0,3,0,2.0,0
0.5157,62,0,0.7112,7958.0,7,0,1,0,1.0,0
0.255,61,0,0.8479,3189.0,11,0,2,0,0.0,0
0.1521,42,0,0.636,2524.0,12,0,1,0,0.0,0
3.8951,33,0,0.168,2394.0,8,0,1,0,3.0,0
0.3874,53,0,0.0573,3761.0,5,0,1,0,0.0,0
0.2549,40,0,0.4057,,8,0,0,0,1.0,0
0.1362,56,0,0.1874,5789.0,8,0,3,0,0.0,0
2.9776,41,0,0.0953,4034.0,7,0,0,0,0.0,0
0.0484,73,0,0.2207,7415.0,14,0,5,0,2.0,0
1.2151,42,0,0.754,3689.0,7,0,0,0,0.0,0
1.7167,39,0,0.6834,8006.0,6,0,0,0,1.0,0
0.2424,52,0,0.6771,,9,0,1,0,0.0,0
0.6957,30,0,0.7104,,9,0,1,0,0.0,0
0.6029,40,0,0.6182,3845.0,5,0,1,0,0.0,0
0.3063,29,0,0.5206,6985.0,8,0,2,0,1.0,0
0.3567,55,0,0.4854,,13,0,0,0,1.0,0
0.2253,65,0,0.2874,,5,0,1,0,0.0,0
0.008,46,0,0.5631,8056.0,4,0,0,0,0.0,0
0.4187,70,0,0.123,4545.0,6,0,1,0,1.0,1
0.5057,40,0,0.4492,2687.0,7,0,1,0,,0
0.8576,45,0,0.6037,4053.0,6,0,1,0,1.0,0
0.0281,65,0,0.3817,4630.0,10,0,0,0,2.0,0
0.1777,62,0,0.3134,10826.0,14,0,1,0,,0
0.4925,58,4,0.1175,,5,0,0,0,0.0,0
0.2824,68,0,0.6734,,7,0,2,0,,0
0.1363,51,0,0.3133,9356.0,6,0,1,0,0.0,0
1.9988,56,0,0.341,3631.0,6,0,2,0,1.0,0
0.3564,42,0,0.6227,5410.0,4,0,2,0,1.0,0
0.9016,79,0,0.3233,9112.0,4,0,1,0,0.0,0
0.3596,46,0,0.3539,5952.0,16,0,0,0,,0
0.751,49,0,0.5593,4800.0,7,0,0,0,0.0,0
0.4811,55,0,0.9222,2324.0,11,0,0,0,1.0,0
0.1521,61,0,0.6485,6502.0,6,0,1,0,0.0,0
0.4236,61,0,0.1978,10470.0,4,0,0,0,0.0,0
4.662,21,0,0.3165,5705.0,4,0,1,0,5.0,0
0.3655,77,0,0.2908,2812.0,8,0,1,0,1.0,0
0.6319,75,0,0.4529,10519.0,13,0,0,0,1.0,0
0.2069,70,2,0.9558,3279.0,10,0,1,0,1.0,0
0.3823,54,0,1.0474,,3,0,3,0,0.0,0
0.4269,69,0,0.5664,,9,0,2,0,1.0,1
0.5481,56,0,0.2128,,8,0,1,0,0.0,0
0.3612,55,0,0.8482,10474.0,9,0,2,0,1.0,0
0.0018,62,0,0.6202,9397.0,7,0,2,0,0.0,0
0.5431,60,0,0.5707,5056.0,10,0,1,0,1.0,1
2.7839,66,1,0.9861,10352.0,11,0,1,0,0.0,0
0.5216,22,0,0.4724,7769.0,8,0,1,0,1.0,0
0.2485,51,0,0.8631,22564.0,9,0,0,0,1.0,0
0.1701,35,0,0.199,5549.0,2,0,3,0,1.0,0
1.0696,65,0,0.5881,7442.0,3,0,1,0,1.0,0
5.7706,39,2,0.4513,3766.0,9,0,1,2,0.0,0
0.4391,48,0,0.851,,5,0,1,0,0.0,0
0.8909,65,0,0.2816,,13,0,2,0,1.0,0
1.4216,70,0,0.8555,956.0,6,0,1,0,1.0,0
0.0097,64,0,0.4388,3817.0,13,0,1,0,1.0,0
0.23,63,0,0.5006,3758.0,7,0,0,0,0.0,0
0.212,35,0,0.4482,14207.0,11,0,0,0,0.0,0
0.1951,38,0,0.078,2673.0,10,0,1,0,0.0,0
2.5411,33,1,0.4702,14087.0,7,0,0,0,0.0,0
1.2766,37,0,0.361,6387.0,7,0,1,0,2.0,0
0.2764,54,0,0.2311,,9,0,2,0,0.0,0
0.5612,66,0,0.1387,,15,0,3,0,2.0,0
0.5453,66,0,0.2604,2615.0,9,0,0,0,1.0,0
0.6905,26,0,0.4175,,4,0,0,0,2.0,0
0.1161,51,0,0.3481,7224.0,10,0,1,0,1.0,0
0.5796,48,0,0.7873,19507.0,5,0,2,0,1.0,0
0.7979,21,0,0.5065,7859.0,8,0,1,0,0.0,0
0.3186,64,0,0.1173,4151.0,7,0,1,0,1.0,0
0.3591,63,0,0.229,6049.0,14,0,0,0,1.0,0
0.5042,43,0,0.8728,3267.0,4,0,1,0,0.0,0
0.248,48,0,0.2057,2677.0,7,0,1,0,,0
0.4412,54,0,0.7475,2044.0,11,0,0,0,1.0,0
0.1557,58,0,0.7524,,5,0,0,0,1.0,0
0.0523,43,2,0.3623,,11,0,0,0,0.0,0
0.9438,40,0,1.1535,4267.0,7,0,2,0,1.0,1
0.2189,37,0,0.3396,8866.0,9,0,3,0,1.0,0
0.0695,73,0,0.6311,8651.0,8,0,4,0,1.0,0
0.0687,69,0,0.2569,3364.0,4,0,0,0,1.0,0
6.9928,37,0,0.0832,4814.0,12,0,1,0,2.0,0
4.7893,39,0,0.9062,6666.0,8,0,2,0,1.0,0
0.2027,37,0,0.3956,6040.0,6,0,1,0,1.0,0
0.0486,31,2,0.4116,6374.0,8,0,1,1,1.0,0
0.622,79,0,0.5289,,9,0,1,0,2.0,0
0.104,42,0,0.5771,,9,0,0,0,0.0,0
0.5652,63,2,0.5722,5609.0,9,0,2,1,1.0,0
1.0432,47,1,0.2343,9907.0,5,0,2,2,4.0,0
0.5685,49,0,0.5714,,6,0,1,0,1.0,0
0.6306,48,0,0.5857,10630.0,9,0,1,0,1.0,0
1.109,57,0,0.6087,1668.0,6,0,1,0,0.0,0
0.6802,49,0,0.5153,,7,0,0,0,0.0,0
0.0235,62,0,0.2107,16077.0,9,0,1,0,1.0,0
0.143,68,0,0.7311,3359.0,7,0,0,0,1.0,0
0.1895,43,0,0.2471,3609.0,7,0,3,0,0.0,0
0.1715,55,0,0.8395,4660.0,5,0,1,2,1.0,0
0.1118,29,0,0.6003,5684.0,5,0,1,0,0.0,0
0.1504,45,2,0.0757,,10,0,0,1,0.0,0
2.5219,52,0,0.1773,1553.0,8,0,1,0,2.0,0
0.1062,49,0,0.5887,2585.0,5,0,1,0,1.0,0
0.6162,50,0,0.3011,2214.0,9,0,0,0,1.0,0
0.4445,59,0,0.8296,10621.0,6,0,0,0,1.0,0
0.5456,62,0,0.461,4280.0,11,0,0,0,0.0,0
0.3618,22,0,0.844,1837.0,3,0,2,0,0.0,0
0.2765,55,0,0.6905,15071.0,7,0,0,0,2.0,0
0.6028,48,0,0.8972,10262.0,9,0,2,0,1.0,0
3.2154,45,0,0.1509,,12,0,1,0,0.0,0
0.0146,72,0,0.1553,5279.0,10,0,0,0,1.0,0
0.7155,27,0,0.0658,,8,0,1,0,0.0,1
0.8375,51,0,0.3021,3572.0,4,0,0,0,1.0,0
0.3402,72,0,0.2048,12348.0,5,0,1,0,3.0,0
0.0201,53,0,0.3858,,9,0,3,0,0.0,0
0.0112,39,0,0.7894,,12,0,0,0,1.0,0
0.1211,49,0,0.5486,,8,0,0,0,0.0,0
0.0875,77,0,0.3692,8451.0,10,0,0,0,3.0,0
0.2212,68,0,0.1697,1136.0,12,0,0,0,4.0,0
6.4743,45,2,0.648,17020.0,7,0,0,0,1.0,0
0.2661,73,0,0.7256,5789.0,9,0,0,0,2.0,0
0.2384,61,0,0.5376,,8,0,0,0,0.0,0
0.2132,21,0,0.4163,4350.0,7,0,4,0,1.0,0
0.0181,51,0,1.0483,9422.0,8,0,2,0,0.0,0
2.5954,78,0,0.7734,5727.0,6,0,3,0,0.0,0
0.1155,50,0,0.7365,20281.0,6,0,3,0,0.0,0
0.4776,73,0,0.5467,10315.0,4,0,1,0,0.0,0
0.1874,32,0,0.1584,,7,0,0,0,0.0,0
0.5228,34,0,1.2644,7997.0,5,0,1,0,3.0,0
0.5948,68,0,0.6592,11628.0,11,0,2,0,1.0,0
0.1331,64,4,0.1368,5444.0,8,0,2,0,1.0,1
0.5475,52,1,0.5529,9912.0,9,0,1,0,2.0,0
0.0176,64,0,0.2312,6682.0,3,0,1,0,1.0,0
0.6277,44,0,0.4065,3560.0,4,0,2,0,1.0,0
0.1959,36,0,0.5984,3119.0,14,0,1,0,0.0,0
0.1595,57,0,0.0902,9902.0,8,0,2,0,,0
3.31,48,0,0.1115,4146.0,9,1,0,0,0.0,0
0.1219,58,0,0.1549,3026.0,3,0,1,0,0.0,0
0.0649,55,0,0.5255,,3,0,1,0,0.0,0
0.1577,47,0,0.6363,4576.0,12,0,1,0,1.0,0
1.1372,78,0,0.4338,6292.0,10,0,0,0,0.0,0
0.5296,37,0,0.4239,14299.0,5,0,0,0,2.0,0
0.5079,54,0,0.4149,11980.0,11,0,1,0,2.0,0
0.3124,51,0,0.2326,,6,0,1,0,0.0,0
0.1865,56,0,0.2457,3131.0,8,0,2,0,0.0,0
0.7733,53,0,0.2281,11350.0,7,0,1,0,1.0,0
0.0256,67,0,0.8435,5682.0,7,0,2,0,1.0,0
0.104,56,0,0.0825,5983.0,5,0,0,0,,0
0.0153,43,0,0.7705,8791.0,7,0,0,0,1.0,0
0.2975,38,0,0.4472,21811.0,6,0,2,0,1.0,0
0.5979,41,0,0.1158,13013.0,8,0,0,0,2.0,0
0.2885,41,0,0.6365,17185.0,4,0,2,0,0.0,0
0.3201,62,0,0.1187,11915.0,6,0,2,0,0.0,0
3.9819,51,0,0.4308,,11,0,0,0,0.0,0
0.5216,58,0,0.401,2866.0,11,0,2,0,0.0,0
0.4676,33,0,0.3375,4580.0,6,0,2,0,0.0,0
0.0515,48,0,0.8519,,6,0,2,0,0.0,0
0.1875,59,0,0.4803,9360.0,7,0,1,0,0.0,0
0.7192,67,0,0.2077,,16,0,0,0,0.0,0
0.9726,31,0,0.1604,6944.0,7,0,2,0,0.0,0
1.5474,74,0,0.1628,3973.0,5,0,0,0,1.0,0
0.6763,72,0,0.8604,,9,0,2,0,,1
0.5843,66,0,0.7986,,9,0,2,0,3.0,0
0.6612,70,0,0.8665,7190.0,15,0,0,0,0.0,0
0.8355,47,0,0.2833,5974.0,9,0,4,0,0.0,0
0.1601,41,0,0.4014,1793.0,6,0,2,0,1.0,0
0.9514,53,0,0.2908,14431.0,11,0,2,0,0.0,0
0.5714,56,0,0.2714,8947.0,10,0,1,0,2.0,0
0.3749,43,1,0.6701,2691.0,4,0,1,0,0.0,0
0.2974,60,0,0.2884,2309.0,8,0,0,0,1.0,0
0.5104,72,0,0.4411,2646.0,10,0,2,0,0.0,0
0.5906,65,0,0.6562,,3,0,1,0,0.0,0
0.2833,53,0,0.907,29358.0,14,0,0,0,3.0,0
0.0823,21,0,0.1374,5776.0,8,0,2,0,,0
0.1908,30,0,0.0954,7938.0,3,0,2,0,1.0,0
0.3302,51,0,0.3609,18191.0,6,0,3,0,0.0,0
0.1709,61,0,0.3262,,9,1,0,1,,0
0.1749,32,0,0.3259,1711.0,11,0,0,0,0.0,0
0.0332,53,0,0.4171,1582.0,7,0,1,0,,0
0.1689,62,0,0.6632,6581.0,10,0,2,0,2.0,0
0.4941,51,0,0.3697,6260.0,7,0,0,0,0.0,0
0.1934,43,0,0.5718,5824.0,3,0,1,0,0.0,0
1.2083,31,0,0.4802,,8,0,0,0,1.0,0
0.3183,63,0,0.5498,3265.0,10,0,0,0,1.0,0
0.1714,43,0,0.3631,,12,0,0,0,2.0,0
0.4319,75,0,0.3841,,10,0,1,0,0.0,0
0.3221,54,0,0.3267,10083.0,8,0,1,0,0.0,0
0.6806,57,0,0.2257,8134.0,3,0,0,0,0.0,0
0.5676,64,0,0.6385,5135.0,8,0,1,0,2.0,0
1.2908,47,0,1.0913,21754.0,7,0,2,0,0.0,0
2.7322,59,3,0.2471,7121.0,7,2,1,0,1.0,0
1.4264,43,0,0.9797,5642.0,9,0,3,0,1.0,0
0.2511,41,0,0.3989,6149.0,3,0,0,0,1.0,1
0.4565,39,0,0.3746,9085.0,12,0,1,0,1.0,0
0.1233,45,0,0.1787,11919.0,9,0,2,0,1.0,0
0.1229,81,0,0.5446,,6,0,0,0,1.0,0
0.3741,39,0,0.4925,,10,0,2,0,2.0,0
0.2883,61,0,1.0137,5810.0,6,0,2,0,2.0,0
6.8682,49,0,0.2336,,7,0,1,0,0.0,0
0.29,36,1,0.68,3076.0,10,0,0,0,0.0,0
6.381,63,0,0.4284,12924.0,11,0,1,0,0.0,0
0.3794,45,0,0.2506,3252.0,14,0,1,0,2.0,0
0.2235,46,0,0.5501,13195.0,6,0,2,0,1.0,0
0.1234,67,1,0.8671,7463.0,7,0,1,1,2.0,0
0.7982,48,0,0.5148,,11,0,1,0,0.0,0
0.1448,55,0,0.5768,4948.0,13,0,1,0,0.0,0
0.2027,52,0,0.4573,5446.0,10,0,1,0,1.0,0
0.2417,51,0,0.1988,3731.0,5,0,0,0,2.0,0
0.5502,34,0,0.6947,,10,0,0,0,,0
0.196,64,0,0.8429,,5,0,0,0,0.0,0
0.1269,55,0,0.7241,,10,0,1,0,1.0,0
0.066,63,0,0.1109,4887.0,8,0,2,0,2.0,0
0.7226,54,0,0.202,21299.0,9,0,0,0,2.0,0
0.5623,67,0,0.2321,3465.0,5,0,0,0,0.0,0
1.9444,54,0,0.3009,,12,0,0,0,0.0,0
0.0839,71,0,0.462,3905.0,7,0,1,0,0.0,0
0.2445,39,0,0.3489,6564.0,8,0,3,0,3.0,0
0.8293,41,0,0.3151,2602.0,9,0,1,0,2.0,0
0.072,77,0,0.0833,,8,0,0,0,0.0,0
0.4386,64,0,0.1694,4995.0,9,0,0,0,1.0,0
0.4525,78,0,0.9766,17153.0,8,0,1,0,2.0,0
0.0384,61,0,0.4874,7408.0,2,0,0,0,0.0,0
0.9319,48,0,0.843,4891.0,8,0,1,0,2.0,0
0.0955,78,0,0.3891,6078.0,5,0,0,0,0.0,0
0.4057,27,0,0.3879,5791.0,7,0,2,0,1.0,0
0.3024,63,0,0.7305,2884.0,8,0,0,0,2.0,0
0.1911,21,0,0.5454,2868.0,5,0,0,0,0.0,0
0.57,73,0,0.7436,20267.0,8,0,2,0,1.0,0
4.1691,38,0,1.0455,2677.0,8,0,1,0,1.0,0
0.1175,48,0,0.0356,,8,0,2,0,3.0,0
0.1044,38,0,0.113,3871.0,8,0,0,0,1.0,0
0.508,60,0,0.5385,3729.0,5,0,0,0,1.0,0
0.2985,49,0,0.5169,4087.0,6,0,0,0,1.0,0
0.0146,71,0,0.6774,4173.0,13,0,0,0,0.0,0
0.9181,43,0,0.7347,4596.0,10,0,0,0,0.0,0
0.0252,35,0,0.4382,,4,0,0,0,3.0,0
0.485,45,0,0.6391,2938.0,7,0,1,0,1.0,0
0.1828,75,0,0.0323,2006.0,10,0,0,0,1.0,0
0.6344,67,0,0.3176,,8,0,0,0,0.0,0
0.2967,68,0,0.5795,9450.0,9,0,0,0,0.0,0
0.3339,44,0,0.3332,4329.0,9,0,1,0,2.0,0
0.0791,34,0,0.3081,12489.0,7,0,1,0,1.0,0
0.1237,72,0,0.4875,3462.0,7,0,0,0,0.0,0
0.3562,33,0,0.0774,6201.0,6,0,2,0,1.0,0
0.5956,52,0,0.1424,4819.0,6,0,2,0,0.0,0
0.3596,43,0,0.4167,7355.0,7,0,1,0,0.0,0
0.4884,53,0,0.4113,28537.0,8,0,0,0,1.0,0
0.0284,28,2,0.2939,6125.0,9,1,2,0,0.0,0
0.3953,64,0,0.3453,,14,0,1,0,3.0,0
0.281,71,0,0.0717,15253.0,5,0,0,0,0.0,0
0.2711,67,0,0.6802,3301.0,6,0,1,0,0.0,0
0.1306,36,0,0.6873,8309.0,9,0,1,0,1.0,0
0.2353,58,0,0.2542,4801.0,7,0,1,0,2.0,0
0.1927,50,0,0.549,,4,0,0,0,0.0,0
0.4327,52,0,0.7447,,6,0,2,0,0.0,1
0.3273,75,0,0.6533,4607.0,9,0,0,0,1.0,0
1.4304,46,0,0.8315,6683.0,8,0,0,0,3.0,0
0.2718,62,0,0.6235,11442.0,9,0,0,0,1.0,0
0.3458,28,0,0.1802,5149.0,8,0,1,0,0.0,0
0.3871,53,0,0.6956,,10,0,0,0,0.0,0
0.2759,65,0,0.5682,6637.0,4,0,1,0,2.0,0
0.0528,50,0,0.2573,,5,0,1,0,2.0,0
2.0133,61,0,0.3638,1382.0,8,0,1,0,1.0,0
0.6186,41,0,0.303,2573.0,9,0,1,0,0.0,0
0.5003,45,0,0.4465,1913.0,8,0,3,0,0.0,0
0.9614,50,0,0.8435,3656.0,5,0,0,0,0.0,0
0.1821,44,0,0.5183,,2,0,1,0,0.0,0
0.5387,65,0,0.861,4707.0,5,0,1,0,2.0,0
0.4643,67,0,0.0873,5814.0,10,0,1,0,0.0,1
0.3254,61,0,0.3789,2581.0,10,0,0,0,0.0,0
0.4045,21,0,0.4517,26389.0,11,0,0,0,0.0,0
0.137,48,0,0.3598,5886.0,5,0,0,0,0.0,0
0.1201,64,0,0.4411,9354.0,11,0,5,0,1.0,0
0.1697,50,0,0.5309,6437.0,11,0,2,0,1.0,0
0.064,49,0,0.5152,8907.0,12,0,1,0,1.0,0
2.2673,65,0,0.1706,,8,0,2,0,1.0,0
0.6517,66,0,0.2811,12754.0,8,0,1,0,2.0,0
0.4092,60,0,0.7663,2783.0,6,0,1,0,1.0,0
0.1086,31,0,0.9301,2816.0,7,0,4,0,0.0,0
0.5232,36,0,0.0605,7668.0,11,0,3,0,1.0,0
0.2371,58,0,0.2857,8072.0,7,0,2,0,0.0,0
0.7275,23,2,0.1384,1953.0,1,0,0,0,1.0,0
5.9238,75,0,0.2534,5174.0,9,0,0,0,0.0,1
0.1063,54,0,0.4833,5216.0,9,0,0,0,1.0,0
0.394,42,1,0.2864,4286.0,7,0,0,3,0.0,0
0.7609,45,0,0.354,9295.0,11,0,0,0,1.0,0
0.8306,69,0,0.5867,3378.0,12,0,0,0,0.0,1
0.3258,34,0,0.5441,2347.0,9,0,2,0,0.0,0
0.1967,25,0,0.1454,12787.0,6,0,0,0,1.0,0
0.0363,38,0,0.8899,4897.0,4,0,3,0,1.0,0
0.0399,56,0,0.7395,7557.0,7,0,2,0,0.0,0
3.9848,74,1,0.404,4488.0,5,0,0,0,0.0,0
0.9066,69,0,0.5338,3641.0,6,0,1,0,2.0,1
0.7755,46,0,0.5988,3200.0,9,0,1,0,0.0,1
0.7171,56,0,0.5008,,6,0,0,0,0.0,1
0.2145,57,0,0.2032,,13,0,1,0,0.0,0
0.3231,55,0,0.3082,2946.0,5,0,1,0,0.0,0
0.1845,24,0,0.6703,4779.0,6,0,1,0,2.0,0
0.6763,48,0,0.4169,3705.0,10,0,0,0,1.0,0
0.1705,63,0,0.5524,5398.0,8,0,0,0,1.0,0
0.9059,78,0,0.5493,3981.0,9,0,0,0,0.0,1
0.5998,58,0,1.1589,8759.0,7,0,0,0,1.0,0
1.2344,67,0,0.8392,3663.0,5,0,0,0,1.0,0
0.7859,64,0,0.6745,9631.0,9,0,2,0,0.0,0
0.5862,47,0,0.6919,7556.0,6,0,0,0,1.0,0
0.1219,33,0,0.3814,10364.0,12,0,1,0,3.0,0
0.472,68,0,0.528,11788.0,14,0,1,0,1.0,0
0.1951,78,0,0.8442,,11,0,1,0,0.0,0
0.7232,46,0,0.5827,4608.0,9,0,2,0,1.0,0
0.1796,69,0,0.358,,5,0,2,0,0.0,0
0.0348,54,0,0.3731,,9,0,1,0,0.0,0
2.7341,33,0,0.0862,3714.0,10,0,0,0,1.0,0
3.8278,53,0,0.0938,2483.0,5,0,2,0,,0
0.54,44,0,0.3101,9723.0,12,0,2,0,1.0,0
0.4416,58,0,1.0338,4632.0,7,0,0,0,0.0,0
0.3342,58,0,0.3649,9449.0,10,0,2,0,0.0,0
14.8575,43,0,0.173,5558.0,11,0,3,0,0.0,0
0.0173,34,0,0.0649,7440.0,3,0,0,0,0.0,0
8.3296,46,0,0.6683,8655.0,8,0,2,0,1.0,0
0.4272,74,0,0.358,2576.0,6,0,2,0,1.0,0
0.0514,36,0,0.2506,,7,0,0,0,0.0,0
1.6874,62,0,0.6876,,8,0,1,0,1.0,0
0.546,60,0,0.5596,4589.0,8,0,1,0,1.0,1
0.7613,44,0,0.6691,2563.0,8,0,1,0,1.0,1
0.1108,40,0,0.891,4372.0,6,0,0,0,1.0,0
0.4833,60,0,0.5876,3605.0,7,0,2,0,1.0,0
0.3121,52,0,0.4583,,10,0,0,0,0.0,0
0.3095,45,0,1.0434,6679.0,10,0,1,0,1.0,0
0.2088,59,0,0.3226,4807.0,13,0,0,0,1.0,0
0.2478,75,0,0.6658,9507.0,7,0,1,0,0.0,0
0.4079,69,0,0.0686,8259.0,11,0,1,0,2.0,0
0.1362,54,0,0.6484,8313.0,7,0,0,0,0.0,0
0.6196,21,0,0.31,8974.0,8,0,0,0,0.0,0
0.0755,49,0,0.473,5845.0,6,0,1,0,1.0,0
0.4366,38,0,0.6931,1604.0,7,0,2,0,3.0,0
0.5713,49,0,0.689,7646.0,7,0,1,0,2.0,0
0.2863,47,0,0.2162,3295.0,4,0,1,0,0.0,0
0.1163,48,0,1.1502,,7,0,0,0,1.0,0
0.1195,67,0,0.554,6139.0,8,0,2,0,0.0,0
0.1003,49,0,0.0106,2834.0,6,0,0,0,0.0,0
0.2408,48,0,0.3724,6513.0,9,0,0,0,0.0,0
0.8734,59,0,0.8306,,11,0,0,0,0.0,0
0.1558,37,0,0.668,4110.0,9,0,0,0,0.0,0
0.7564,47,0,0.3884,5081.0,14,0,0,0,1.0,0
0.0744,33,0,0.0972,1104.0,8,0,1,0,1.0,0
0.8197,61,0,0.0335,5438.0,8,0,1,0,0.0,0
0.3663,55,0,0.4402,7378.0,12,0,1,0,0.0,0
1.0761,81,0,0.1612,4308.0,8,0,0,0,1.0,0
0.1013,29,0,0.2602,7129.0,5,0,1,0,3.0,0
0.3038,66,0,0.6356,,5,0,1,0,2.0,0
0.3628,27,0,0.3338,2823.0,10,0,2,0,0.0,0
0.05,38,0,0.9734,5625.0,8,0,1,0,0.0,0
6.5464,22,0,0.0674,2050.0,8,0,2,0,2.0,0
0.1953,53,0,0.6893,3416.0,6,0,2,0,0.0,0
0.0407,56,0,0.6665,,7,0,0,0,2.0,0
0.2107,47,0,0.6702,6911.0,6,0,3,0,0.0,0
0.2388,21,0,0.7259,2622.0,4,0,1,0,2.0,0
0.0189,45,0,0.5356,4001.0,11,0,1,0,1.0,0
0.5163,54,0,0.4529,3070.0,10,0,0,0,0.0,0
0.476,39,0,0.5472,5228.0,10,0,1,0,0.0,0
0.0054,52,0,0.1663,4425.0,4,0,5,0,2.0,0
2.9788,67,0,1.1093,,9,0,1,0,0.0,0
0.6642,44,0,0.5854,7713.0,10,0,1,0,0.0,0
0.4073,37,0,1.2373,12157.0,6,0,0,0,3.0,0
0.0221,51,0,0.7818,12012.0,7,0,0,0,0.0,0
1.0261,77,3,0.3458,6452.0,9,0,1,0,,0
0.3361,59,0,0.5201,3048.0,4,0,0,0,1.0,0
0.605,31,0,0.8238,11033.0,10,0,1,0,4.0,0
0.6597,71,0,0.5524,12683.0,5,0,1,0,1.0,0
0.0228,46,0,0.749,5662.0,8,0,0,0,0.0,0
0.4915,49,1,0.444,14862.0,8,1,3,0,0.0,0
0.2769,34,0,0.5991,4351.0,7,0,1,0,1.0,0
0.1932,54,0,1.177,,8,0,1,0,0.0,0
0.0892,25,0,0.6796,7266.0,16,0,1,0,0.0,0
0.0268,36,0,0.5442,6931.0,11,0,1,0,0.0,0
0.4176,61,0,0.8402,3536.0,5,0,0,0,1.0,0
3.2843,54,0,0.2831,14534.0,10,0,2,0,0.0,0
0.0825,41,0,0.3141,2242.0,7,0,3,0,2.0,0
0.522,49,0,0.5167,5228.0,7,0,1,0,1.0,0
0.4908,62,2,0.4712,,9,0,0,0,0.0,0
0.0577,57,0,0.0584,,11,0,1,0,1.0,0
0.4346,61,0,0.3147,,7,0,1,0,2.0,0
6.4151,35,0,0.229,1570.0,10,0,1,0,0.0,0
0.1477,42,0,1.078,,7,0,0,0,0.0,0
0.0276,79,0,0.3978,4316.0,6,0,2,0,1.0,0
0.2171,46,0,0.7372,2828.0,4,0,1,0,,0
0.9428,46,0,0.2122,,6,0,2,0,1.0,0
0.4148,54,0,0.869,7741.0,5,0,1,0,1.0,0
0.6126,55,0,0.8352,4561.0,6,0,2,0,0.0,1
2.3297,38,0,0.3494,6091.0,12,0,2,0,2.0,0
0.1147,21,0,0.0911,2687.0,7,0,0,0,0.0,0
0.0117,47,0,0.1569,2509.0,8,0,2,0,0.0,0
0.3982,52,1,0.2971,,11,0,1,0,2.0,0
1.9132,27,0,1.2689,6079.0,7,0,0,0,2.0,0
0.2895,56,0,0.0927,2980.0,11,0,2,0,2.0,0
0.6681,57,0,0.7515,4490.0,9,0,1,0,1.0,0
0.1173,66,0,0.9734,3494.0,10,0,0,0,0.0,0
0.3368,37,0,0.4735,4161.0,9,0,2,0,,0
0.9413,57,0,0.2403,10991.0,6,0,2,0,1.0,0
0.3117,60,0,0.6261,1569.0,8,0,0,0,1.0,0
0.1545,73,0,0.5399,8461.0,9,0,2,0,1.0,0
0.2033,64,0,0.8465,8732.0,7,0,1,0,0.0,0
0.3622,67,0,0.1866,16536.0,8,0,2,0,0.0,0
0.3047,54,0,0.5528,6587.0,6,0,2,0,1.0,0
0.1959,46,0,0.9557,3376.0,12,0,1,0,1.0,0
0.7581,70,0,0.2599,7559.0,9,0,1,0,0.0,0
0.2651,34,0,0.6449,,8,0,2,0,0.0,0
1.1989,73,0,0.5133,4107.0,7,0,2,0,1.0,0
0.4592,63,0,0.4427,8129.0,8,0,2,0,1.0,0
0.5648,47,0,0.4686,6540.0,8,0,0,0,0.0,0
0.4445,30,0,1.0359,2267.0,6,0,2,0,0.0,0
0.0803,51,0,0.2145,3340.0,11,0,1,0,0.0,0
0.3808,43,0,0.5467,7293.0,9,0,0,0,0.0,0
0.0876,30,0,0.1955,,8,0,1,0,0.0,0
0.6069,44,0,0.6131,,7,0,0,0,0.0,0
0.2101,65,0,0.6827,4046.0,8,0,1,0,1.0,0
0.4088,52,0,0.5712,4232.0,10,0,0,0,0.0,0
0.2513,49,0,0.3648,3750.0,8,0,0,0,0.0,0
0.0002,30,0,0.1596,14313.0,10,0,0,0,0.0,0
0.5399,49,2,0.3855,5612.0,11,0,0,1,,0
0.3968,74,0,0.0511,,8,0,0,0,0.0,0
5.7833,53,0,0.2618,8892.0,12,0,1,0,1.0,0
1.1437,47,0,0.8122,10877.0,15,0,0,0,2.0,0
0.4252,62,0,0.4365,8433.0,12,0,1,0,0.0,0
0.88,70,0,0.0559,,7,0,0,0,1.0,0
1.1216,71,1,0.7446,8637.0,8,0,1,0,0.0,0
0.2419,57,0,0.5885,6044.0,7,0,1,0,2.0,0
0.0627,29,0,0.1732,,6,0,1,0,0.0,0
0.2691,66,0,0.1326,6621.0,4,0,2,0,2.0,0
0.1864,47,0,1.008,3305.0,8,0,1,0,1.0,0
0.6931,45,0,0.5886,13161.0,13,0,1,0,0.0,0
0.2601,38,0,0.7854,10229.0,4,0,1,0,0.0,0
0.0334,60,0,1.1162,2816.0,9,0,1,0,0.0,0
0.5883,65,0,0.215,,5,0,1,0,2.0,0
0.2944,43,0,0.9244,,6,0,1,0,1.0,0
0.6253,61,0,1.046,9819.0,7,0,2,0,1.0,0
0.4725,67,0,0.7434,9819.0,4,0,1,0,0.0,0
1.1213,57,0,0.9411,8196.0,5,0,0,0,1.0,0
0.1976,52,0,0.3698,11835.0,9,0,0,0,0.0,0
0.6811,50,0,0.1041,6397.0,7,0,1,0,0.0,0
0.2873,43,0,0.2269,15021.0,7,0,0,0,0.0,0
5.294,63,0,0.2733,,10,0,1,0,0.0,0
0.1597,68,0,0.6527,7937.0,11,0,0,0,1.0,0
0.573,54,0,0.4722,5317.0,9,0,3,0,0.0,0
0.3215,46,0,0.5586,8346.0,5,0,2,0,,0
0.2249,59,0,0.6163,,6,0,2,0,1.0,0
0.0814,39,0,0.2866,4534.0,7,0,2,0,2.0,0
0.5042,70,0,0.2841,5805.0,8,0,0,0,1.0,0
0.0352,68,0,0.2678,4669.0,8,0,1,0,1.0,0
0.0922,59,0,0.4741,2570.0,7,0,0,0,0.0,0
0.0603,46,0,0.5273,,9,0,2,0,2.0,0
0.7189,49,0,0.7977,4340.0,6,0,1,0,,0
1.0622,28,1,0.3654,4036.0,7,0,0,2,2.0,0
0.265,41,0,0.2116,5117.0,8,0,1,0,1.0,0
0.4039,62,3,0.3115,4776.0,9,2,2,1,0.0,0
0.1122,41,0,0.7872,4961.0,9,0,0,0,1.0,0
0.295,85,0,0.5185,,11,0,2,0,0.0,0
0.3342,45,0,0.4078,2948.0,6,0,2,0,1.0,0
0.2546,39,0,0.4224,8959.0,7,0,1,0,1.0,0
0.206,57,1,0.3535,6491.0,8,1,3,0,1.0,0
0.5453,57,0,0.1735,5569.0,13,0,1,0,1.0,0
2.9868,71,0,0.4402,1337.0,11,0,1,0,1.0,1
0.2701,48,0,0.251,,7,0,4,0,1.0,0
0.64,40,1,0.105,7309.0,12,0,1,0,2.0,0
0.1118,44,0,0.5418,10709.0,9,0,0,0,2.0,0
2.4224,69,0,0.5318,4748.0,11,0,3,0,2.0,0
0.2367,75,0,0.3493,,11,0,2,0,0.0,0
0.4757,44,0,0.0195,3203.0,4,0,3,0,1.0,0
0.1083,50,0,0.1128,4149.0,7,0,0,0,1.0,0
0.136,71,0,0.5806,8209.0,4,0,0,0,0.0,0
0.3863,62,0,0.3246,6463.0,6,0,1,0,1.0,1
0.0102,44,0,1.1592,,9,0,0,0,1.0,0
0.1967,35,0,0.1043,4728.0,14,0,1,0,0.0,0
3.1459,43,1,0.5501,3384.0,9,0,1,0,3.0,0
0.6683,64,0,0.8952,5460.0,6,0,0,0,0.0,0
0.6681,31,0,0.4612,9718.0,9,0,1,0,2.0,0
0.6022,54,0,0.549,,7,0,1,0,2.0,0
0.5872,47,0,0.3848,2964.0,5,0,0,0,1.0,0
0.2034,41,0,0.6158,1637.0,3,0,1,0,3.0,0
0.2745,45,0,0.6754,4368.0,5,0,1,0,1.0,0
0.1849,64,0,0.2222,4525.0,7,0,1,0,1.0,0
0.5996,59,0,0.7354,1995.0,10,0,2,0,2.0,0
0.7993,66,0,0.7982,7090.0,8,0,0,0,0.0,0
0.1858,40,0,0.3653,12983.0,1,0,0,0,4.0,0
0.4829,28,0,0.3229,4038.0,10,0,0,0,2.0,0
1.0443,54,0,0.0996,7623.0,12,0,0,0,0.0,0
0.6264,51,0,0.8065,5713.0,5,0,1,0,1.0,0
0.643,45,0,0.057,5437.0,9,0,2,0,1.0,0
6.2504,24,0,0.1095,4173.0,4,0,0,0,3.0,1
0.248,64,0,0.5703,5986.0,11,0,2,0,1.0,0
0.6445,21,2,0.6906,2679.0,9,0,2,1,1.0,0
0.6467,62,0,0.3887,,12,0,2,0,0.0,0
1.2381,61,0,1.1047,7717.0,7,0,2,0,0.0,0
0.335,60,2,0.6908,5671.0,9,1,2,0,0.0,0
0.2344,51,0,0.2027,9903.0,6,0,0,0,1.0,0
0.7128,21,0,0.0679,2565.0,7,0,2,0,0.0,0
0.692,29,0,0.4463,13698.0,5,0,2,0,1.0,0
0.1021,40,0,0.6134,5157.0,7,0,2,0,0.0,0
0.2244,77,0,0.4633,18774.0,6,0,1,0,2.0,0
3.1898,65,2,0.3353,4285.0,6,0,2,0,1.0,0
6.3859,49,0,0.1975,4740.0,8,0,0,0,0.0,0
0.3474,43,0,0.6026,1169.0,8,0,0,0,0.0,0
0.5824,53,0,0.0844,,10,0,0,0,,1
0.4357,63,0,0.2637,2551.0,7,0,0,0,1.0,0
4.5482,56,1,0.3332,,5,0,0,1,1.0,0
0.5276,32,3,0.6793,,7,0,1,0,0.0,0
2.9191,72,0,0.3917,2197.0,9,0,0,0,2.0,0
0.6665,58,0,0.027,5986.0,5,0,1,0,1.0,0
0.1383,45,0,0.314,3066.0,5,0,2,0,0.0,0
0.3338,57,0,0.3619,3588.0,5,0,0,0,0.0,0
0.1084,69,0,0.3239,11144.0,8,0,2,0,0.0,0
0.3184,57,0,0.4513,4154.0,5,0,1,0,1.0,0
0.7347,58,3,0.4164,,8,1,2,0,1.0,0
4.1327,73,0,0.6795,4508.0,7,0,3,0,1.0,0
0.685,43,0,1.0603,6438.0,11,0,1,0,1.0,0
0.5564,38,0,0.5309,1435.0,12,0,1,0,2.0,0
0.0468,45,0,0.7153,5617.0,11,0,0,0,0.0,0
0.204,64,0,0.6621,2861.0,12,0,1,0,0.0,0
0.1888,65,0,0.2414,3199.0,5,0,4,0,2.0,0
0.1262,54,0,0.3362,14561.0,12,0,1,0,1.0,0
0.6656,40,0,0.4003,6171.0,10,0,2,0,0.0,0
0.0754,77,0,0.2311,2107.0,10,0,0,0,0.0,0
4.229,36,0,0.9667,3460.0,6,0,1,0,2.0,0
0.0186,46,0,0.6336,5746.0,8,0,0,0,2.0,0
0.19,42,0,0.6156,,12,0,1,0,,0
0.8426,67,0,0.5907,,5,0,1,0,0.0,1
0.5359,50,0,0.4843,4648.0,5,0,1,0,1.0,0
0.6158,75,0,0.0718,23114.0,5,0,3,0,,0
3.5924,63,0,0.1507,3297.0,9,0,0,0,0.0,0
0.4288,39,0,0.2879,6222.0,7,0,1,0,2.0,0
0.3434,48,0,0.6332,8165.0,8,0,0,0,1.0,0
0.0495,45,0,0.3175,6754.0,5,0,0,0,0.0,0
0.1789,71,0,0.3764,5909.0,9,0,0,0,2.0,0
0.1381,64,0,0.1595,5648.0,6,0,0,0,1.0,0
0.1481,30,0,0.9161,7171.0,9,0,1,0,1.0,0
0.1356,59,0,0.5716,,10,0,3,0,1.0,0
0.3926,51,0,0.286,6231.0,6,0,1,0,0.0,0
0.1864,34,0,0.1121,7767.0,7,0,1,0,1.0,1
0.3336,40,0,0.3471,7570.0,10,0,2,0,0.0,0
0.1193,49,0,0.0465,3301.0,13,0,0,0,3.0,0
0.2245,21,0,0.4844,4219.0,9,0,1,0,0.0,0
0.0075,55,0,0.9171,2115.0,4,0,0,0,1.0,0
0.0151,53,0,0.7343,,14,0,3,0,2.0,0
0.2431,48,0,0.2686,3635.0,9,0,1,0,1.0,0
0.5284,53,0,0.4181,5029.0,10,0,0,0,1.0,0
0.6763,49,0,0.8677,5645.0,7,0,0,0,1.0,0
0.5349,36,0,0.519,8250.0,9,0,1,0,1.0,0
0.2656,43,0,0.4883,5525.0,10,0,0,0,2.0,0
0.652,41,0,0.3229,7035.0,9,0,0,0,1.0,0
0.3999,61,0,0.2745,1397.0,14,0,1,0,0.0,0
0.7221,37,0,0.3655,,6,0,3,0,0.0,0
0.0396,44,0,0.3528,,5,0,1,0,1.0,0
2.8544,52,0,0.732,4315.0,8,0,0,0,0.0,0
0.5356,31,0,0.4177,5281.0,6,0,0,0,,0
0.3823,46,0,0.5835,3579.0,6,0,0,0,1.0,0
2.192,52,0,0.8016,9045.0,13,0,0,0,2.0,0
1.5556,54,2,0.2529,5330.0,10,0,3,1,2.0,0
0.0574,57,0,0.1918,7161.0,16,0,0,0,0.0,0
0.1597,41,0,0.2588,6743.0,7,0,2,0,0.0,0
0.8661,37,0,0.2906,8470.0,14,0,1,0,,0
0.8639,45,0,0.0859,6687.0,7,0,1,0,0.0,0
0.5736,55,0,0.3166,4348.0,10,0,0,0,0.0,0
4.9913,48,1,0.2229,10987.0,4,0,0,1,0.0,0
0.2628,36,0,0.4255,6314.0,8,0,1,0,1.0,0
0.0685,83,0,0.4862,11360.0,10,0,1,0,0.0,0
0.2936,41,0,0.7354,2358.0,10,0,0,0,1.0,0
0.3723,33,0,0.421,3445.0,8,0,4,0,1.0,0
3.3535,42,0,0.4692,7270.0,7,0,0,0,0.0,0
1.1869,64,0,0.573,5316.0,11,0,2,0,0.0,0
1.1197,60,0,0.6663,1530.0,9,0,0,0,1.0,0
1.4058,77,0,0.4852,3809.0,5,0,1,0,1.0,1
0.4455,38,0,0.4082,5399.0,11,0,1,0,0.0,0
0.1749,48,0,0.0782,,13,0,1,0,1.0,0
0.0975,66,0,0.7407,6852.0,6,0,0,0,1.0,0
0.0579,37,0,0.6577,2735.0,8,0,0,0,1.0,0
0.0476,68,0,0.3577,,6,0,0,0,2.0,0
0.6035,52,0,0.604,3314.0,16,0,0,0,2.0,0
0.0042,41,0,0.9091,7033.0,6,0,1,0,0.0,0
0.273,28,0,0.6898,6522.0,11,0,1,0,2.0,0
0.4235,59,0,1.1273,1043.0,7,0,2,0,1.0,0
0.0751,73,0,0.1784,4951.0,6,0,1,0,0.0,0
4.1698,57,0,0.3321,4449.0,14,0,0,0,2.0,0
0.1663,58,0,0.7375,1494.0,6,0,1,0,1.0,0
0.1842,56,0,0.28,3978.0,9,0,0,0,2.0,0
0.4166,65,0,0.3804,17347.0,12,0,0,0,0.0,0
2.6657,69,0,0.7236,2810.0,5,0,1,0,1.0,0
0.6504,21,0,0.3275,4994.0,10,0,1,0,0.0,0
0.1109,48,0,0.3653,6141.0,10,0,2,0,0.0,0
1.2263,43,0,0.6008,,10,0,0,0,1.0,0
0.646,55,0,0.3985,5218.0,6,0,0,0,0.0,0
0.0033,46,1,0.2963,5739.0,9,0,0,0,0.0,0
0.5087,58,0,0.3724,5624.0,8,0,1,0,2.0,0
0.7353,57,0,0.8913,,8,0,2,0,2.0,0
0.533,25,0,0.3225,3575.0,11,0,1,0,0.0,0
0.3677,22,0,0.5783,12350.0,12,0,1,0,1.0,0
0.5158,63,0,0.5223,,5,0,0,0,0.0,0
0.0463,40,0,0.4932,11935.0,9,0,1,0,2.0,0
0.5862,76,0,0.159,2837.0,12,0,1,0,2.0,0
2.9418,64,1,0.3651,,2,0,1,1,0.0,0
1.187,27,0,0.5315,2636.0,3,0,0,0,1.0,1
0.5577,41,0,0.1085,3214.0,4,0,1,0,2.0,0
2.6059,55,0,0.8641,,9,0,1,0,0.0,0
0.7032,46,0,0.1991,,7,0,1,0,2.0,0
0.5184,50,0,0.1008,,3,0,4,0,0.0,0
7.0864,36,0,0.0776,6471.0,10,0,2,0,1.0,0
0.2248,57,0,0.1034,3831.0,9,0,0,0,0.0,0
0.3715,52,0,0.3194,7432.0,6,0,0,0,0.0,0
1.0819,63,0,0.8627,3119.0,10,0,1,0,1.0,0
0.5915,51,0,0.9289,6634.0,9,0,0,0,1.0,0
0.8936,43,0,0.2195,4004.0,3,0,0,0,0.0,0
0.2444,54,0,0.6797,,9,0,2,0,2.0,0
0.45,57,0,0.8868,10365.0,7,0,2,0,0.0,0
6.2861,52,0,0.7482,7716.0,9,0,0,0,0.0,0
1.0752,69,0,0.2543,6606.0,5,0,0,0,0.0,0
2.3381,37,0,0.5152,,7,0,1,0,4.0,1
1.2341,65,0,0.3121,7588.0,4,0,1,0,0.0,0
0.3882,35,0,0.3869,8081.0,12,0,0,0,1.0,0
0.4161,61,0,0.4916,13618.0,6,0,1,0,1.0,0
0.77,23,0,1.09,8496.0,11,0,1,0,0.0,0
0.7924,48,0,0.6325,8832.0,12,0,2,0,0.0,0
3.0369,65,0,0.2472,6767.0,3,0,0,0,1.0,0
0.4712,46,0,0.4922,2507.0,5,0,1,0,0.0,0
2.9446,51,0,0.0614,3999.0,7,0,1,0,1.0,0
0.5147,56,0,0.5804,3271.0,9,0,1,0,1.0,0
0.1641,21,0,0.371,,10,0,0,0,2.0,0
0.409,56,0,0.4407,6650.0,10,0,1,0,0.0,0
0.4422,38,0,0.8145,,10,0,1,0,1.0,0
0.0583,65,0,0.5386,,6,0,1,0,1.0,0
0.3541,50,0,1.1217,6178.0,7,0,3,0,1.0,0
0.2965,55,0,0.9079,4698.0,8,0,0,0,,0
0.3221,35,0,0.5362,,10,0,0,0,1.0,0
4.4035,63,0,0.1584,6350.0,6,0,0,0,0.0,0
0.092,51,0,0.5594,11396.0,10,0,1,0,0.0,0
0.6478,30,0,0.2006,7449.0,12,0,0,0,1.0,0
0.0152,44,0,0.3246,9247.0,2,0,0,0,2.0,0
0.6712,61,0,0.3746,4266.0,4,0,4,0,1.0,0
3.147,53,0,0.2681,10665.0,5,1,1,0,0.0,0
0.2728,61,0,0.8571,,5,0,3,0,2.0,0
0.5432,46,0,0.0741,3467.0,7,0,1,0,0.0,0
0.3408,68,0,0.2668,,9,0,1,0,0.0,0
0.1412,71,0,0.7844,4096.0,8,0,1,0,2.0,0
0.2477,27,0,0.1586,5919.0,4,0,0,0,0.0,0
0.1347,59,0,1.0306,,7,0,1,0,0.0,0
0.3396,72,0,0.1817,4614.0,12,0,2,0,1.0,0
0.2276,58,0,0.1577,7091.0,13,0,1,0,2.0,0
0.1584,51,0,0.5324,17770.0,9,0,0,0,0.0,0
0.4013,33,0,0.7892,,7,0,1,0,1.0,0
0.1373,47,0,1.1106,2687.0,8,0,1,0,1.0,0
2.6394,44,0,0.3081,5767.0,9,0,1,0,0.0,0
0.5822,64,0,0.6342,5067.0,11,0,2,0,0.0,0
0.2468,65,0,0.6056,2981.0,4,0,0,0,0.0,0
7.328,49,0,0.3532,5068.0,3,0,2,0,2.0,0
0.6394,38,0,0.6818,5435.0,7,0,0,0,0.0,0
0.5739,21,0,0.8595,,7,0,0,0,1.0,0
0.0752,59,0,0.5989,3494.0,14,0,1,0,0.0,0
1.2762,58,0,0.4558,15042.0,6,0,0,0,0.0,0
0.3546,22,0,0.4119,2819.0,8,0,2,0,2.0,0
3.0782,59,1,0.1693,10173.0,9,0,1,0,1.0,0
0.1332,63,0,0.8407,,11,0,1,0,1.0,0
0.2941,21,0,0.131,,8,0,0,0,0.0,0
0.0469,37,0,0.7688,10065.0,10,0,0,0,2.0,0
0.1802,86,0,0.9299,,9,0,1,0,1.0,0
0.1235,52,0,0.6476,,7,0,0,0,0.0,0
0.6176,83,0,1.0092,,7,0,0,0,0.0,0
0.9879,55,0,0.9925,7339.0,9,0,0,0,0.0,0
2.2355,67,0,0.1502,,16,0,3,0,0.0,0
0.3434,47,0,0.3223,,6,0,1,0,2.0,0
0.5683,42,0,0.4304,2642.0,7,0,1,0,2.0,0
0.5266,29,0,0.6894,,7,0,0,0,1.0,0
0.8062,59,0,0.5857,10706.0,12,0,0,0,1.0,0
2.7842,40,0,0.4047,,10,0,1,0,1.0,0
0.479,38,0,0.3127,9162.0,5,0,1,0,0.0,0
0.2223,30,0,0.6899,9073.0,7,0,1,0,0.0,0
0.0794,52,0,0.6266,6253.0,14,0,2,0,1.0,0
1.1077,62,0,0.6718,6214.0,3,0,4,0,0.0,0
0.469,49,0,0.3376,5570.0,8,0,1,0,0.0,0
0.1121,47,0,0.5274,7587.0,5,0,1,0,1.0,0
0.2626,73,0,0.4214,2163.0,7,0,2,0,2.0,0
0.7702,29,0,0.7512,4302.0,7,0,0,0,1.0,0
0.3186,77,0,0.666,,5,0,2,0,0.0,0
0.2323,33,0,0.5851,1706.0,5,0,2,0,2.0,0
0.1733,50,0,0.371,5266.0,6,0,0,0,2.0,0
0.2456,57,0,0.1215,4880.0,7,0,0,0,2.0,0
0.326,66,0,0.5382,6443.0,6,0,1,0,2.0,0
3.573,30,0,0.2597,,6,0,1,0,,0
0.1433,54,0,0.559,3045.0,5,0,1,0,2.0,0
4.1068,43,0,0.3063,,7,0,1,0,0.0,0
1.2727,66,1,0.932,2277.0,3,0,0,4,0.0,0
0.0465,43,0,0.4128,10634.0,6,0,1,0,0.0,0
0.35,25,0,0.2044,4277.0,7,0,0,0,0.0,0
1.7476,57,0,0.5091,6618.0,8,0,1,0,0.0,0
0.964,52,0,0.3301,3476.0,5,0,2,0,1.0,0
0.4307,77,0,0.2255,3464.0,6,0,0,0,1.0,0
0.3153,65,0,0.5331,4374.0,7,0,1,0,3.0,0
0.5945,40,0,0.3955,5441.0,11,0,1,0,1.0,0
0.2849,66,0,0.4045,3375.0,8,0,1,0,0.0,0
0.2508,53,0,0.6559,9772.0,8,0,1,0,2.0,0
0.0901,62,0,0.3011,,5,0,1,0,0.0,0
0.5501,41,0,0.3589,8205.0,7,0,1,0,0.0,0
0.1042,47,0,0.3277,,15,0,3,0,0.0,0
0.5424,61,0,0.4414,12451.0,8,0,2,0,0.0,0
6.7842,62,0,0.7401,,7,0,1,0,1.0,0
0.8724,22,0,0.4589,4499.0,8,0,0,0,0.0,0
0.6107,60,0,0.1653,,7,0,0,0,0.0,0
0.51,40,0,0.5945,5078.0,9,0,2,0,1.0,0
5.2992,55,0,0.3775,7134.0,8,0,0,0,0.0,0
0.0676,29,0,0.5458,2969.0,6,0,2,0,0.0,0
0.6214,64,0,0.3518,3184.0,8,0,0,0,0.0,0
0.1398,61,0,0.6356,3479.0,3,0,0,0,2.0,0
0.2723,40,0,0.6471,6451.0,7,0,0,0,0.0,0
0.2243,58,0,0.104,3212.0,5,0,2,0,0.0,0
0.168,51,0,0.2773,2811.0,1,0,1,0,0.0,0
0.4948,60,0,0.4424,7275.0,10,0,2,0,0.0,1
0.4393,33,0,0.4123,5346.0,8,0,1,0,0.0,0
0.0078,35,0,0.3998,4569.0,6,0,0,0,1.0,0
0.1087,42,0,0.8439,2829.0,9,0,2,0,1.0,0
0.4264,51,0,0.2329,2727.0,4,0,1,0,0.0,0
0.4858,75,0,0.6121,15004.0,6,0,1,0,1.0,0
0.2736,54,0,0.4002,,8,0,1,0,3.0,0
0.6127,65,0,0.9293,8364.0,9,0,2,0,3.0,0
0.1701,40,0,0.6852,15699.0,11,0,0,0,1.0,0
0.7456,44,0,0.7968,,5,0,0,0,1.0,0
7.1399,43,0,0.4106,6746.0,10,0,1,0,1.0,0
2.89,49,2,0.5453,8991.0,8,0,2,1,1.0,0
0.8483,61,0,0.3226,1768.0,4,0,0,0,1.0,0
0.1735,47,0,0.0591,2866.0,3,0,0,0,2.0,0
0.5173,48,0,0.3834,6055.0,5,0,0,0,3.0,0
0.0675,60,0,0.2147,6910.0,7,0,0,0,0.0,0
0.4784,45,0,0.3238,,5,0,0,0,2.0,0
0.1177,41,0,0.3315,14905.0,11,0,1,0,1.0,0
0.1844,47,0,0.149,6869.0,14,0,0,0,0.0,0
0.3369,78,0,0.2351,11505.0,8,0,3,0,1.0,0
0.1148,64,0,0.1793,2620.0,8,0,3,0,0.0,0
0.7332,79,0,0.6209,12185.0,4,0,0,0,0.0,0
1.0653,34,0,0.5052,10676.0,8,0,1,0,0.0,0
0.4621,57,0,0.5285,6686.0,8,0,0,0,0.0,0
0.725,47,0,0.2491,9434.0,8,0,0,0,2.0,0
0.6709,48,0,0.1882,4567.0,7,0,1,0,1.0,0
1.164,30,0,0.6489,,7,0,0,0,0.0,0
0.5192,70,0,0.1548,12581.0,9,0,1,0,1.0,0
2.7767,29,0,0.185,4606.0,7,0,2,0,0.0,0
0.0339,64,0,0.763,,8,0,1,0,0.0,0
0.5384,46,0,0.7947,5217.0,12,0,1,0,0.0,0
1.5457,39,0,0.2948,8352.0,7,0,1,0,1.0,0
0.0991,39,0,0.541,772.0,8,0,0,0,1.0,0
0.0146,53,0,0.25,,9,0,1,0,2.0,0
0.3532,47,0,0.5824,,11,0,2,0,2.0,0
0.8512,52,0,1.0487,3853.0,9,0,0,0,2.0,0
0.0094,24,0,0.2214,5708.0,6,0,0,0,2.0,0
0.4006,23,0,0.2866,5553.0,10,0,0,0,2.0,0
1.5668,27,0,0.1585,10523.0,4,0,0,0,2.0,0
0.2215,63,0,0.1878,,10,0,1,0,0.0,0
0.412,72,0,0.5688,,9,0,0,0,2.0,0
0.4901,48,0,0.3326,4063.0,6,0,2,0,0.0,0
0.2913,62,0,0.1259,2748.0,9,0,2,0,0.0,0
6.7985,57,0,0.1913,7582.0,8,0,1,0,1.0,0
0.2741,68,0,0.2122,4226.0,7,0,2,0,0.0,0
0.2068,69,0,0.3099,4577.0,4,0,1,0,,0
0.0354,35,0,0.5624,4098.0,8,0,2,0,1.0,0
0.2954,55,0,0.0351,3998.0,10,0,0,0,2.0,0
0.0935,64,0,0.4899,7552.0,9,0,0,0,1.0,0
0.399,64,0,0.728,2301.0,11,0,2,0,0.0,0
0.7639,63,0,1.0929,4252.0,8,0,0,0,0.0,0
0.2269,52,0,0.7352,10336.0,17,0,0,0,4.0,0
0.3501,61,0,0.3663,10082.0,12,0,1,0,0.0,0
0.3135,32,0,0.6431,,12,0,2,0,1.0,0
0.3041,33,0,0.3716,5857.0,4,0,2,0,3.0,0
3.6586,73,0,0.4396,1903.0,8,0,2,0,2.0,0
0.177,67,0,0.0629,,8,0,5,0,1.0,0
0.8381,74,0,1.0157,,10,0,1,0,4.0,0
0.2651,50,0,0.5199,1973.0,10,0,1,0,0.0,0
0.0667,38,0,0.1159,,7,0,2,0,1.0,0
0.513,49,0,0.9866,20574.0,15,0,1,0,3.0,0
0.2262,79,0,0.4452,10496.0,6,0,0,0,0.0,0
3.0718,40,0,0.5431,5558.0,9,0,1,0,1.0,0
0.1896,50,0,0.3224,5502.0,9,0,0,0,0.0,0
0.474,69,0,0.5298,8292.0,8,0,0,0,1.0,0
0.6342,53,0,0.3472,,11,0,0,0,0.0,0
0.7396,47,2,0.4133,4417.0,10,0,1,0,,0
0.2934,63,0,0.7012,5001.0,9,0,1,0,0.0,0
0.3986,45,0,0.8977,4887.0,3,0,0,0,2.0,0
1.2414,59,0,0.1107,2433.0,9,0,1,0,0.0,0
0.3047,21,0,0.2945,2199.0,8,0,1,0,1.0,0
0.988,27,0,0.7841,3898.0,5,0,2,0,1.0,1
0.0947,49,0,0.3774,8082.0,11,0,1,0,2.0,0
0.5346,71,0,0.5716,3917.0,7,0,0,0,1.0,0
0.0995,50,0,0.7713,7000.0,10,0,2,0,2.0,0
0.4644,51,0,0.1129,,5,0,0,0,2.0,0
1.5442,55,0,0.8367,,9,0,0,0,1.0,0
0.626,46,0,0.5455,6278.0,11,0,0,0,1.0,0
0.0176,29,0,0.4532,4119.0,11,0,2,0,,0
0.9147,62,0,0.4115,4691.0,10,0,3,0,0.0,0
0.7052,56,0,0.6396,20013.0,5,0,0,0,,0
0.3412,57,1,0.6371,7020.0,3,0,1,1,2.0,0
0.0218,36,0,0.6102,8052.0,4,0,1,0,2.0,0
0.4406,73,0,0.3407,,4,0,2,0,0.0,0
0.0427,46,0,0.424,,9,0,2,0,2.0,0
8.0913,72,0,0.6488,4934.0,4,0,1,0,2.0,0
0.6457,22,1,0.7669,5262.0,5,0,0,0,2.0,0
0.4203,46,0,0.9362,6459.0,9,0,3,0,0.0,0
4.5514,73,0,0.2236,13453.0,2,0,3,0,2.0,0
0.4762,50,0,0.1812,3834.0,5,0,1,0,2.0,0
0.7785,21,0,0.343,3300.0,8,0,0,0,1.0,0
1.0662,39,2,0.5782,5846.0,9,1,1,0,2.0,0
0.5472,56,0,0.3089,4009.0,8,0,2,0,1.0,0
0.934,72,0,0.5172,12263.0,9,0,0,0,1.0,0
4.3317,48,0,0.4365,6479.0,6,0,0,0,0.0,0
0.1714,67,0,0.6487,2751.0,4,0,2,0,1.0,0
0.9388,58,1,0.5315,11549.0,1,1,0,2,0.0,0
1.0715,46,0,1.2552,7377.0,9,0,2,0,0.0,0
0.3037,63,0,0.7481,8018.0,8,0,2,0,2.0,0
6.4141,65,0,0.7214,3458.0,5,0,1,0,3.0,0
0.69,48,0,0.8635,,11,0,1,0,0.0,1
3.1811,42,0,0.223,3540.0,11,0,1,0,2.0,0
4.4322,29,0,1.0176,2882.0,10,0,1,0,0.0,0
0.2585,58,0,0.272,3014.0,3,0,1,0,2.0,0
1.1273,44,0,0.6989,6982.0,4,0,0,0,0.0,0
0.0098,59,0,0.7724,,7,0,0,0,1.0,0
0.018,56,0,0.7307,,7,0,1,0,0.0,0
1.7989,57,0,0.2477,4421.0,3,0,0,0,1.0,0
0.3111,50,0,0.4981,,6,0,3,0,2.0,0
0.0259,34,0,0.6479,,6,0,0,0,0.0,0
0.5328,59,0,0.9579,5522.0,8,0,3,0,0.0,0
0.2677,64,0,0.6691,4414.0,8,0,1,0,2.0,0
0.7928,85,0,0.5641,5303.0,4,0,2,0,1.0,0
0.4595,44,0,0.8663,,10,0,0,0,1.0,0
0.0162,37,0,0.2153,1790.0,9,0,1,0,0.0,0
0.6622,36,0,0.4857,,7,0,3,0,1.0,0
0.552,51,0,0.1697,6266.0,9,0,0,0,1.0,0
0.0821,63,0,0.8272,2254.0,14,1,0,2,0.0,0
0.181,64,0,0.5389,3775.0,9,0,0,0,0.0,0
0.3431,74,0,0.8031,5692.0,7,0,3,0,0.0,0
0.87,57,0,0.091,3833.0,11,0,0,0,3.0,0
0.286,35,0,0.1144,5905.0,9,0,1,0,0.0,0
0.11,55,0,0.5593,8539.0,15,0,2,0,0.0,0
0.7543,23,0,0.2104,3257.0,6,0,1,0,1.0,0
0.7592,47,0,0.2749,2985.0,6,0,0,0,1.0,0
0.9254,46,0,0.1647,9313.0,6,0,1,0,1.0,0
0.3862,58,0,0.2449,,6,0,1,0,2.0,0
0.1922,58,0,0.5606,3430.0,15,0,0,0,0.0,0
3.2745,42,0,0.4575,3201.0,5,0,0,0,1.0,0
0.1503,42,0,0.5028,4287.0,5,0,2,0,1.0,0
0.0053,53,0,0.401,,10,0,4,0,0.0,0
0.8111,59,0,0.5137,,8,0,1,0,0.0,0
0.4323,62,2,0.8261,6264.0,8,0,1,0,1.0,0
0.3694,45,0,0.228,7390.0,11,0,0,0,0.0,0
0.5532,51,0,1.0822,6074.0,6,0,2,0,1.0,0
0.4582,37,0,0.5063,,6,0,2,0,0.0,0
0.3341,38,0,0.2361,8393.0,11,0,2,0,0.0,0
0.5069,25,0,0.2581,1693.0,11,0,1,0,,0
0.5661,43,0,0.3411,3376.0,6,0,0,0,2.0,0
0.4702,70,0,0.1948,2786.0,9,0,0,0,0.0,0
0.0991,72,0,0.7567,4543.0,12,0,0,0,1.0,0
0.0004,60,0,0.1953,3364.0,9,0,1,0,0.0,0
0.6759,66,0,0.0452,23453.0,12,0,0,0,4.0,0
0.8465,63,0,0.7975,4138.0,10,0,3,0,0.0,0
0.1363,54,0,0.1237,7107.0,6,0,1,0,2.0,0
0.2399,21,0,0.7467,2674.0,7,0,0,0,3.0,0
0.6169,84,0,0.7659,2559.0,7,0,0,0,0.0,1
0.3932,49,0,0.4842,5969.0,12,0,1,0,3.0,0
0.0061,49,0,0.6366,,5,0,0,0,1.0,0
0.2029,72,0,0.5728,5103.0,10,0,0,0,0.0,0
0.2484,54,0,0.1289,4116.0,4,0,1,0,0.0,0
0.5491,87,0,0.1809,7942.0,8,0,0,0,,0
0.5858,40,0,0.927,3822.0,11,0,1,0,2.0,0
0.9826,67,0,0.4959,2799.0,8,0,0,0,1.0,0
0.1533,49,0,0.6985,2629.0,5,0,1,0,1.0,0
0.3472,53,0,0.3122,12029.0,14,0,1,0,1.0,0
0.5225,40,0,0.6243,3653.0,3,0,1,0,0.0,0
0.4574,43,0,0.3811,4303.0,9,0,0,0,1.0,0
0.343,70,0,0.2785,4692.0,7,0,1,0,2.0,0
0.1031,59,0,0.28,12402.0,10,0,0,0,2.0,0
0.3107,58,0,0.7568,11297.0,10,0,1,0,3.0,0
0.1533,29,0,1.2018,4580.0,6,0,0,0,1.0,0
0.1032,30,0,0.5045,,7,0,0,0,0.0,0
0.2921,39,0,0.3661,2955.0,6,0,1,0,1.0,0
0.0796,46,0,0.3074,2572.0,14,0,4,0,0.0,0
0.0349,51,0,0.6134,6774.0,11,0,1,0,0.0,0
0.0769,56,0,0.6313,,5,0,0,0,0.0,0
0.6792,66,0,0.2075,6587.0,7,0,1,0,1.0,0
0.411,73,0,0.8769,9053.0,10,0,2,0,1.0,0
1.6651,55,0,0.1302,,5,0,2,0,3.0,0
1.4072,40,0,0.5203,3152.0,4,0,0,0,1.0,0
0.0498,62,0,0.7024,7763.0,7,0,2,0,0.0,0
0.0904,55,0,0.7824,8239.0,10,0,0,0,2.0,0
0.0687,59,0,0.8069,,7,0,1,0,0.0,0
0.0372,69,0,0.4769,4495.0,5,0,0,0,3.0,0
0.083,47,0,0.1468,4189.0,7,0,2,0,1.0,0
0.2886,72,0,0.1845,6896.0,9,0,2,0,1.0,0
0.201,32,0,0.6096,4432.0,9,0,1,0,3.0,0
0.3612,62,0,0.5051,6072.0,3,0,1,0,0.0,0
0.0918,43,0,0.3217,,7,0,1,0,3.0,0
3.0185,55,0,0.1975,3063.0,9,0,1,0,0.0,0
0.3542,57,0,0.6042,6035.0,10,0,1,0,2.0,0
2.6091,47,0,0.4905,1800.0,7,0,1,0,0.0,0
0.4008,43,0,0.4426,,9,0,0,0,0.0,0
0.8103,40,0,0.8416,28960.0,5,0,0,0,1.0,0
0.5383,56,0,0.2044,5230.0,4,0,1,0,1.0,0
0.5904,61,0,0.5288,15879.0,8,0,1,0,0.0,0
0.4347,77,0,0.1254,,5,0,3,0,1.0,1
0.414,48,0,0.5091,12003.0,7,0,1,0,2.0,0
0.3551,31,0,0.5153,2970.0,7,0,0,0,1.0,0
1.7951,59,0,0.4886,5168.0,8,0,0,0,0.0,0
0.8056,28,2,0.1729,5056.0,5,1,1,0,2.0,1
0.1872,74,0,0.4502,6806.0,9,0,1,0,,0
0.5467,63,0,0.3913,4931.0,6,0,1,0,1.0,0
0.4411,38,0,0.4023,4392.0,7,0,2,0,1.0,0
0.3403,30,0,0.6742,6983.0,10,0,1,0,2.0,0
0.5626,40,0,0.6555,,12,0,1,0,0.0,0
1.6244,59,0,0.4936,4587.0,8,0,1,0,1.0,0
0.3512,41,0,0.1109,5247.0,7,0,2,0,,0
0.4672,62,0,0.4249,29480.0,10,0,4,0,1.0,1
0.2619,65,0,0.285,,13,0,1,0,3.0,0
0.2896,44,0,1.1199,21953.0,5,0,0,0,1.0,0
0.079,64,0,0.7821,4811.0,9,0,0,0,2.0,0
0.6916,69,0,0.3578,6583.0,9,0,2,0,0.0,0
0.2188,60,0,0.2779,,7,0,0,0,1.0,0
0.3109,60,0,0.7582,5985.0,2,0,1,0,1.0,0
0.4896,44,0,0.5448,6905.0,12,0,0,0,1.0,0
0.6646,80,0,0.5018,2809.0,9,0,2,0,0.0,0
0.4764,38,0,0.2981,9149.0,4,0,1,0,2.0,0
0.5916,46,0,0.2077,8049.0,7,0,1,0,0.0,0
0.4541,65,0,0.0744,7731.0,8,0,0,0,3.0,0
1.6029,47,0,0.4743,,6,0,0,0,0.0,0
0.1871,48,0,0.5401,7275.0,8,0,3,0,0.0,0
0.2099,33,0,0.4464,,1,0,0,0,2.0,0
0.7578,45,0,0.6928,2519.0,8,0,1,0,0.0,0
0.8406,86,0,0.8895,9911.0,4,0,1,0,0.0,0
1.0139,47,0,0.4266,10820.0,9,0,0,0,1.0,0
0.21,70,0,1.0228,,6,0,1,0,1.0,0
1.8806,45,0,1.0466,3315.0,3,0,2,0,0.0,0
0.0852,37,0,0.1598,,6,0,1,0,0.0,0
2.3798,41,0,0.9949,2915.0,6,0,3,0,0.0,0
0.0264,62,0,0.367,3263.0,8,0,4,0,0.0,0
0.2226,21,0,0.4035,2903.0,6,0,0,0,1.0,0
0.3093,76,0,0.7527,3069.0,4,0,0,0,2.0,0
0.0673,59,0,0.5666,13150.0,7,0,0,0,,0
0.1585,47,0,0.73,3376.0,10,0,1,0,3.0,0
0.5316,41,0,0.1423,4597.0,8,0,1,0,1.0,0
0.6108,45,0,0.4265,5355.0,3,0,1,0,1.0,0
0.2863,68,0,0.3343,18405.0,10,0,0,0,1.0,0
0.2353,30,0,1.1476,11869.0,5,0,0,0,1.0,0
3.4119,51,0,0.9811,3552.0,8,0,0,0,2.0,0
0.3366,68,0,1.3419,7138.0,7,0,2,0,1.0,0
0.2026,24,0,0.3542,11573.0,7,0,0,0,2.0,0
0.3894,43,0,0.8029,5569.0,9,0,1,0,0.0,0
0.8253,31,0,0.5108,2659.0,6,0,0,0,1.0,0
0.1746,34,0,0.3138,4107.0,5,0,0,0,0.0,0
2.3215,55,0,0.4516,20315.0,5,0,0,0,0.0,0
0.3835,61,0,1.0707,5111.0,7,0,1,0,0.0,0
0.5639,46,0,0.4669,4946.0,7,0,2,0,0.0,0
0.8162,31,0,0.648,10858.0,6,0,1,0,1.0,0
1.1006,40,3,0.4202,2991.0,9,0,1,0,0.0,0
0.4786,58,0,0.409,20509.0,15,0,1,0,0.0,0
3.9558,52,0,0.2158,6416.0,6,0,2,0,0.0,0
0.3518,35,0,0.9627,778.0,8,0,1,0,1.0,0
0.2137,45,0,0.3416,4625.0,7,0,0,0,1.0,0
0.4171,63,0,0.8785,8100.0,13,0,0,0,,0
0.0223,55,0,0.305,7378.0,11,0,1,0,1.0,0
0.3124,37,0,0.5099,3569.0,4,0,0,0,2.0,0
0.0997,56,0,0.6386,1769.0,10,0,1,0,1.0,0
2.7512,44,0,0.1537,2782.0,10,0,0,0,0.0,0
0.0023,43,0,0.8843,7126.0,8,0,1,0,0.0,0
1.7652,54,1,0.5107,12087.0,10,0,3,0,,0
0.2849,37,0,0.3281,6116.0,10,0,1,0,1.0,0
0.0707,46,0,0.3385,8670.0,9,0,0,0,1.0,0
4.0771,67,0,0.5479,5061.0,11,0,0,0,0.0,0
0.3599,87,0,0.3646,,6,0,0,0,0.0,0
0.3123,28,0,0.8784,6750.0,5,0,4,0,1.0,1
0.1609,40,0,0.5695,,9,0,1,0,0.0,0
0.0784,68,0,0.5888,7165.0,2,0,2,0,1.0,0
3.7679,34,0,0.7145,7249.0,7,0,1,0,2.0,0
0.5054,50,0,0.2526,,9,0,0,0,0.0,0
0.1554,77,1,0.2892,5883.0,9,0,3,0,3.0,1
0.6144,42,0,1.2447,,3,0,2,0,0.0,0
0.0463,48,0,0.4418,,11,0,1,0,3.0,0
0.8724,34,0,0.6306,5559.0,10,0,1,0,0.0,0
0.0328,62,0,0.2235,20039.0,6,0,1,0,0.0,0
1.0237,27,0,0.4976,4055.0,15,0,1,0,1.0,1
0.7123,42,0,0.1561,19077.0,8,0,1,0,2.0,0
0.8839,34,0,0.127,4694.0,11,0,0,0,0.0,0
0.2028,48,0,0.3989,2891.0,7,0,2,0,1.0,0
3.1282,78,0,0.0764,10124.0,6,0,3,0,0.0,0
0.6187,57,0,0.3294,8044.0,2,0,0,0,2.0,0
0.3809,55,0,0.6733,10756.0,10,0,1,0,1.0,0
0.3229,56,0,0.4896,4386.0,11,0,1,0,1.0,0
0.531,52,0,1.1163,2717.0,6,0,2,0,0.0,0
0.0274,70,0,0.3412,6656.0,9,0,2,0,0.0,0
0.8899,63,0,0.3334,6335.0,12,0,2,0,0.0,0
1.0037,34,0,0.3355,4418.0,6,0,0,0,0.0,0
1.7358,66,0,0.6176,2118.0,9,0,2,0,1.0,1
0.384,55,0,0.2708,3884.0,5,0,0,0,2.0,0
1.1486,58,0,0.3646,,10,1,0,0,0.0,0
0.4808,24,0,0.4908,,5,0,2,0,1.0,0
0.2253,52,0,0.6572,4631.0,13,0,0,0,1.0,0
0.1065,50,0,0.2775,,9,0,1,0,1.0,0
0.8069,42,0,0.1928,9908.0,6,0,1,0,,0
0.5372,67,0,0.3688,5808.0,9,0,1,0,0.0,0
0.0597,29,0,0.7453,4105.0,8,0,1,0,1.0,0
0.7104,94,0,0.1865,9086.0,14,0,0,0,0.0,0
0.0451,36,0,0.2082,3607.0,6,0,1,0,0.0,0
0.8319,59,0,0.5298,,7,0,1,0,2.0,0
0.0132,55,0,0.9581,7492.0,14,0,1,0,1.0,0
0.2462,68,0,0.9415,2431.0,12,0,1,0,0.0,0
3.7308,75,0,0.3499,10898.0,6,0,1,0,2.0,0
0.193,46,0,0.5359,12017.0,5,0,0,0,0.0,0
0.0953,54,0,0.4309,,8,0,1,0,2.0,0
0.4486,46,0,1.0214,3577.0,9,0,0,0,1.0,0
0.9558,38,0,0.6008,5871.0,5,0,0,0,1.0,0
5.9076,52,1,0.4806,,14,0,1,0,2.0,0
0.4124,52,0,0.6581,6085.0,6,0,0,0,0.0,0
0.0624,52,0,0.8343,8441.0,9,0,1,0,0.0,0
0.8361,47,0,0.4151,7981.0,8,0,0,0,1.0,0
0.6895,57,0,0.655,4089.0,8,0,0,0,0.0,0
0.0396,63,0,0.5193,4537.0,7,0,1,0,1.0,0
0.7152,35,0,0.5633,5950.0,5,0,0,0,1.0,0
0.9893,61,0,0.44,8150.0,10,0,0,0,0.0,0
0.1641,74,2,0.7251,8785.0,9,0,0,0,1.0,0
0.2142,34,0,1.1026,5187.0,5,0,1,0,1.0,0
0.3357,54,0,0.1243,,6,0,0,0,0.0,0
0.0901,58,0,0.8845,,5,0,0,0,0.0,0
0.397,63,0,0.3349,,8,0,1,0,0.0,0
0.1964,65,0,0.3124,6155.0,4,0,2,0,0.0,0
0.6739,69,0,0.221,6173.0,9,0,3,0,0.0,0
0.3689,54,0,0.2427,3201.0,12,0,1,0,1.0,0
0.7282,38,0,0.3784,3376.0,14,0,2,0,0.0,0
0.2008,47,0,0.9296,2457.0,9,0,1,0,3.0,0
0.2535,72,0,0.5495,5001.0,5,0,1,0,1.0,0
0.0043,40,0,0.5133,,4,0,1,0,0.0,0
0.2274,59,0,0.1061,26023.0,11,0,1,0,1.0,0
0.4379,64,0,0.5275,24943.0,9,0,1,0,0.0,0
2.2401,61,0,0.8133,,7,0,2,0,0.0,0
0.9751,65,0,0.5528,4915.0,11,0,1,0,2.0,0
0.4191,52,0,0.699,,6,0,1,0,1.0,0
3.4617,51,0,0.4459,2061.0,7,0,2,0,0.0,0
1.4477,77,0,0.422,,10,0,0,0,2.0,1
0.0923,80,0,0.3784,18663.0,9,0,1,0,0.0,0
0.0855,72,0,0.4604,,7,0,1,0,1.0,0
0.3561,60,0,0.4639,6726.0,12,0,3,0,2.0,0
0.1618,44,0,0.0753,14625.0,10,0,1,0,0.0,0
0.6963,54,0,0.2702,9911.0,9,0,2,0,0.0,0
1.64,50,1,0.2371,4799.0,7,0,3,1,0.0,0
1.3513,67,0,0.2503,6742.0,7,0,0,0,4.0,0
0.0036,57,0,0.7366,19631.0,7,0,0,0,2.0,0
0.1292,60,2,0.5056,5323.0,5,1,1,0,0.0,0
0.0057,52,1,0.4967,2286.0,5,1,2,0,1.0,0
0.2343,21,0,0.5877,5582.0,13,0,2,0,0.0,0
2.2094,70,0,0.9713,5537.0,5,0,1,0,1.0,0
0.3554,51,0,0.6581,3326.0,8,0,0,0,0.0,0
0.2625,66,0,0.47,1345.0,8,0,0,0,,0
1.4238,47,0,0.9097,2394.0,5,0,1,0,1.0,0
0.1108,75,0,0.6117,9101.0,8,0,0,0,2.0,1
0.1467,45,0,0.56,,8,0,0,0,2.0,0
0.1767,51,0,0.7611,,6,0,4,0,0.0,0
0.4496,52,0,0.3182,,9,0,2,0,0.0,0
0.6347,31,0,0.6796,3240.0,8,0,1,0,0.0,0
0.2835,58,0,0.3173,3042.0,7,0,0,0,0.0,0
0.5087,64,0,0.3183,6685.0,6,0,1,0,1.0,0
0.2931,58,0,0.1841,,10,0,1,0,1.0,0
0.2077,84,0,0.579,7828.0,4,0,1,0,0.0,0
0.1717,40,0,0.1267,,9,0,1,0,0.0,0
0.6692,28,0,0.9738,,2,0,3,0,0.0,1
0.6567,35,0,0.054,6547.0,14,0,1,0,2.0,0
0.6121,53,0,0.2716,3320.0,13,0,1,0,0.0,0
0.3842,69,0,0.4111,,15,0,1,0,0.0,0
4.0738,54,0,0.386,,6,0,1,0,0.0,0
0.0515,45,0,0.2205,6759.0,7,0,1,0,1.0,0
0.2425,73,0,0.2486,,8,0,1,0,1.0,0
0.3594,50,0,0.3902,5925.0,9,0,0,0,0.0,0
0.5636,33,0,0.3617,2434.0,8,0,0,0,0.0,0
1.3571,66,0,0.4308,2208.0,7,0,1,0,3.0,0
0.7511,61,0,0.1706,,5,0,0,0,0.0,0
0.6073,55,0,0.4033,6598.0,9,0,2,0,1.0,0
0.6806,75,0,0.3067,2366.0,5,0,2,0,0.0,0
0.1504,51,0,0.4314,,7,0,1,0,0.0,0
0.9426,56,0,0.3796,2909.0,6,0,0,0,1.0,0
0.3907,38,0,0.2542,10894.0,10,0,4,0,2.0,0
0.5293,42,2,0.4776,15429.0,3,0,0,0,1.0,0
4.145,45,0,0.5033,3279.0,7,0,0,0,2.0,1
0.2113,62,0,0.2849,2560.0,11,0,0,0,1.0,0
0.7987,43,0,0.6255,8774.0,10,0,0,0,2.0,0
0.0857,51,0,0.7695,,16,0,2,0,0.0,0
0.0642,49,0,0.5753,4012.0,4,0,1,0,1.0,0
0.1551,51,0,0.218,13065.0,4,0,2,0,0.0,0
1.2715,41,0,0.4576,10560.0,7,0,0,0,0.0,0
0.5769,49,0,0.5005,8325.0,11,0,0,0,1.0,0
1.8256,36,0,0.4173,10262.0,6,0,0,0,1.0,0
0.2917,51,0,0.2819,6505.0,10,0,3,0,0.0,0
0.2381,52,0,0.2082,8814.0,5,0,0,0,0.0,0
2.5322,53,0,1.0222,6900.0,8,0,3,0,2.0,0
0.0851,60,0,1.1422,5234.0,8,0,2,0,0.0,0
1.4391,77,3,0.3647,,10,0,1,0,1.0,0
0.0074,29,0,0.4868,5359.0,8,0,1,0,2.0,0
0.7872,47,0,0.4299,6323.0,10,0,0,0,0.0,0
0.1383,39,0,0.7346,21785.0,12,0,2,0,1.0,0
4.3674,56,0,0.1367,6002.0,11,0,0,0,0.0,1
0.5968,62,0,0.3958,9572.0,9,0,1,0,0.0,0
0.6728,35,0,0.2421,4090.0,7,0,0,0,2.0,0
5.0444,56,0,0.4802,1448.0,4,0,2,0,0.0,0
0.5655,64,0,0.8865,,12,0,0,0,0.0,0
0.4336,58,0,0.4367,6854.0,10,0,3,0,0.0,0
0.3203,47,0,0.2984,5358.0,5,0,3,0,0.0,0
1.1118,61,0,0.671,10966.0,4,0,0,0,0.0,0
1.2301,48,1,0.6068,,8,0,1,2,3.0,0
0.2612,65,0,0.1723,7121.0,6,0,1,0,1.0,0
0.1474,57,0,0.8149,,7,0,1,0,0.0,0
0.6645,49,0,0.5208,4905.0,2,0,0,0,3.0,0
0.2645,34,0,0.714,6780.0,5,0,1,0,0.0,0
0.5529,52,0,0.6286,7359.0,3,0,0,0,1.0,0
0.5826,37,0,0.4839,5420.0,12,0,1,0,0.0,0
0.5662,37,0,0.322,5634.0,7,0,1,0,0.0,0
0.1194,47,0,0.0688,4356.0,3,0,2,0,1.0,0
0.1395,51,0,0.2224,3043.0,7,0,2,0,1.0,0
0.1141,35,0,0.1699,1949.0,5,0,1,0,0.0,0
1.9219,50,0,0.0021,1320.0,7,0,2,0,1.0,0
0.2591,49,0,0.3945,1812.0,4,0,2,0,1.0,0
0.1103,44,0,0.6928,4576.0,7,0,2,0,0.0,0
0.0511,48,0,0.4842,4259.0,8,0,0,0,3.0,0
0.883,61,0,0.456,,8,0,0,0,1.0,0
0.408,47,0,0.5299,12207.0,6,0,2,0,1.0,0
0.6715,60,0,0.6627,3850.0,13,1,5,1,,0
0.2293,51,1,0.089,10098.0,8,1,0,1,0.0,0
1.6333,66,0,0.9171,4012.0,7,0,1,0,1.0,1
0.7376,63,0,0.2958,21553.0,10,0,0,0,1.0,0
0.4159,49,0,0.2663,,5,0,2,0,1.0,0
0.1736,42,0,0.8318,7288.0,8,0,2,0,0.0,0
1.127,59,0,0.3078,,8,0,1,0,0.0,0
0.3967,45,0,0.5831,4771.0,8,0,1,0,0.0,0
0.4404,30,0,0.6709,6002.0,7,0,0,0,1.0,0
0.4225,62,0,0.7114,16405.0,9,0,1,0,3.0,0
0.672,43,1,0.2378,,6,0,1,0,0.0,0
5.6974,23,0,0.3291,,12,0,1,0,0.0,0
0.1768,51,0,0.5476,10502.0,7,0,0,0,0.0,0
1.0675,65,3,0.3037,1293.0,9,0,2,0,1.0,0
0.054,44,0,0.3479,4543.0,12,0,0,0,1.0,0
0.075,47,0,0.779,9077.0,10,0,0,0,2.0,0
0.8295,59,0,0.4942,21673.0,8,0,1,0,1.0,0
1.7365,46,1,0.6655,6864.0,5,1,0,0,1.0,0
0.6732,51,0,0.2711,,5,0,0,0,0.0,0
0.9143,65,0,0.7251,,9,0,0,0,1.0,0
0.2184,61,0,0.751,4143.0,7,0,1,0,0.0,0
0.5146,55,0,0.46,7157.0,9,0,0,0,0.0,0
0.5275,29,0,0.742,9602.0,4,0,1,0,0.0,0
0.7274,60,0,0.2281,12416.0,7,0,1,0,0.0,0
0.3346,46,0,0.5157,12226.0,8,0,4,0,1.0,0
0.3574,59,0,0.8607,19311.0,7,0,1,0,0.0,0
0.3757,31,0,0.7214,5366.0,3,0,0,0,0.0,0
0.8847,65,0,0.4471,11043.0,13,0,0,0,0.0,0
0.4163,40,0,0.2433,,10,0,2,0,0.0,0
0.0418,58,0,0.4127,8857.0,11,0,2,0,2.0,0
0.3206,65,0,0.2115,17374.0,1,0,2,0,1.0,0
4.8665,57,0,0.0642,,2,0,4,0,0.0,0
1.8288,57,0,0.2324,1855.0,13,0,1,0,0.0,0
0.2737,53,0,0.1851,4906.0,9,0,0,0,0.0,0
0.6962,35,0,0.5625,9852.0,12,0,1,0,2.0,0
0.1225,71,0,0.3422,4730.0,5,0,2,0,0.0,0
0.418,67,0,0.3355,,12,0,2,0,3.0,0
0.5224,47,0,0.5511,5932.0,6,0,1,0,1.0,0
0.0334,21,0,0.277,,2,0,1,0,2.0,0
0.8315,66,0,0.8591,,6,0,2,0,2.0,1
0.7093,27,0,0.5259,3014.0,9,0,1,0,1.0,0
0.9522,59,0,0.5289,,6,0,0,0,0.0,0
0.0991,42,0,0.737,2580.0,15,0,1,0,0.0,0
1.67,59,0,0.1101,4932.0,4,0,3,0,2.0,1
0.1927,38,0,1.0382,3413.0,12,0,0,0,0.0,0
0.0224,52,0,0.7876,,9,0,0,0,0.0,0
0.6732,28,0,0.2987,2086.0,11,0,2,0,0.0,1
0.5842,52,0,0.3212,4752.0,9,0,1,0,0.0,0
0.1207,52,0,0.3213,4238.0,8,0,3,0,4.0,0
0.2154,62,0,0.2519,10260.0,8,0,0,0,0.0,0
0.0074,45,0,0.7367,4397.0,6,0,1,0,0.0,0
0.4281,56,0,0.276,,6,0,1,0,0.0,0
0.6846,46,0,0.5529,,6,0,0,0,3.0,0
0.7793,58,0,0.759,4139.0,9,0,0,0,0.0,0
0.6503,57,0,0.347,4794.0,4,0,1,0,2.0,0
0.0877,64,0,0.3399,,8,0,0,0,0.0,0
0.828,36,0,1.2121,9028.0,6,0,3,0,,0
0.2799,51,0,0.4815,7874.0,8,0,1,0,0.0,0
2.5662,56,0,0.8414,1970.0,7,0,1,0,1.0,0
0.4887,77,0,0.3821,8407.0,4,0,0,0,0.0,0
0.7104,80,0,1.1646,10899.0,10,0,0,0,1.0,0
0.5753,33,0,0.4162,10799.0,7,0,0,0,2.0,0
0.6023,43,0,0.8095,7944.0,8,0,1,0,1.0,0
5.2222,21,0,0.3096,4041.0,6,0,3,0,1.0,0
0.2824,83,0,0.7116,15956.0,8,0,0,0,0.0,0
4.1326,56,0,0.2093,1504.0,12,0,0,0,1.0,0
0.522,60,0,0.0916,3117.0,10,0,1,0,2.0,0
0.5374,48,0,0.2816,8447.0,7,0,2,0,2.0,0
1.3873,52,0,0.6616,11656.0,5,0,1,0,1.0,0
0.2463,68,0,0.3761,,7,0,0,0,0.0,0
0.0432,37,0,0.4724,6703.0,6,0,2,0,0.0,0
0.5907,36,0,0.9643,5500.0,14,0,3,0,1.0,0
0.903,49,0,0.1998,3804.0,7,0,1,0,0.0,1
0.4664,52,0,0.5929,,9,0,2,0,0.0,0
0.8698,60,0,0.5584,3806.0,7,0,0,0,0.0,0
0.4309,52,0,0.7381,,6,0,1,0,1.0,1
0.5679,40,0,0.2248,,5,0,1,0,1.0,0
1.9606,47,0,0.4354,8392.0,11,0,1,0,0.0,0
0.51,54,0,0.3774,,6,0,0,0,0.0,0
2.0097,61,0,0.6304,10560.0,7,0,0,0,0.0,0
0.3136,66,0,0.2633,2078.0,6,0,2,0,2.0,0
0.8318,48,0,0.4709,3001.0,6,0,0,0,1.0,0
2.1183,42,0,0.3793,7909.0,7,0,0,0,1.0,0
0.6997,39,0,0.1853,5137.0,11,0,0,0,1.0,0
0.6375,68,0,0.5122,962.0,8,0,0,0,1.0,0
0.4156,46,0,0.4025,7780.0,10,0,2,0,0.0,0
0.3397,41,0,0.0353,3046.0,6,0,1,0,1.0,0
0.807,54,1,0.4871,4564.0,6,0,2,0,0.0,0
0.2576,75,0,0.3064,17890.0,3,0,1,0,1.0,0
0.1739,39,0,0.2696,2491.0,11,0,0,0,0.0,0
0.9178,60,0,0.5688,4055.0,8,0,1,0,0.0,1
0.5003,46,0,0.9583,3577.0,7,0,1,0,0.0,0
0.0732,54,0,0.6323,6164.0,9,0,1,0,3.0,0
1.151,63,0,0.3783,1904.0,12,0,0,0,0.0,0
2.137,69,0,0.2627,9469.0,6,0,1,0,0.0,0
0.2615,45,0,0.6915,,9,0,0,0,2.0,0
0.3716,63,0,0.4213,,6,0,1,0,0.0,0
0.3052,55,0,0.284,7815.0,9,0,0,0,1.0,0
0.3713,58,0,0.8621,9869.0,12,0,0,0,0.0,0
0.7812,69,0,0.5909,,10,0,1,0,0.0,0
0.0113,42,0,0.3874,5495.0,5,0,0,0,1.0,0
0.3112,63,0,0.5295,9115.0,7,0,1,0,1.0,0
0.428,54,0,0.3593,6914.0,11,0,0,0,2.0,0
0.6208,69,0,0.891,7770.0,7,0,3,0,2.0,0
2.1666,58,0,0.4939,,5,0,1,0,0.0,0
0.153,50,0,0.4694,,10,0,0,0,2.0,0
0.28,64,2,0.3675,5763.0,7,0,2,1,1.0,0
0.7536,44,0,0.7856,2559.0,7,0,0,0,0.0,1
0.9408,46,0,0.4951,7673.0,5,0,4,0,0.0,0
0.1411,41,0,0.2163,3101.0,9,0,1,0,0.0,0
0.0659,43,0,0.8783,,7,0,0,0,,0
0.158,21,0,0.4892,2929.0,5,0,0,0,1.0,0
0.6345,45,0,0.5994,,7,0,2,0,0.0,0
0.2759,51,0,0.8309,6624.0,7,0,2,0,1.0,0
1.5515,63,0,0.927,3087.0,8,0,0,0,1.0,0
0.5796,39,0,0.4679,9584.0,12,0,0,0,0.0,0
1.4926,45,0,0.6958,2053.0,8,0,2,0,0.0,0
0.4049,50,0,0.5461,1802.0,3,0,0,0,0.0,0
0.233,63,0,0.5269,18993.0,10,0,0,0,2.0,0
0.2504,55,0,0.2039,10888.0,4,0,0,0,2.0,0
0.505,57,0,0.4717,,5,0,1,0,0.0,0
0.6494,64,0,0.1491,9982.0,11,0,0,0,1.0,0
0.179,59,0,0.75,11165.0,14,0,0,0,0.0,0
0.019,44,0,0.5437,8501.0,8,0,0,0,1.0,0
0.033,76,0,0.3599,11043.0,7,0,2,0,2.0,0
0.1286,25,0,0.231,5986.0,11,0,0,0,0.0,0
0.42,65,0,0.3583,,7,0,1,0,0.0,0
0.1591,58,0,0.196,23577.0,6,0,2,0,2.0,0
0.5671,69,0,0.6411,4001.0,10,0,0,0,0.0,1
0.3031,49,0,0.9607,3646.0,7,0,1,0,2.0,0
0.0894,45,0,0.3808,,14,0,2,0,1.0,0
1.5295,37,0,0.5796,18616.0,15,0,1,0,0.0,0
0.2202,37,0,0.504,5157.0,10,0,0,0,3.0,0
0.2306,50,0,0.0643,,8,0,1,0,1.0,0
0.4518,40,0,0.759,1676.0,6,0,0,0,1.0,0
0.1143,42,0,0.395,5624.0,12,0,2,0,0.0,0
0.6063,37,0,0.2464,6417.0,4,0,0,0,2.0,0
0.5891,66,0,0.5776,,13,0,2,0,0.0,0
0.2836,42,0,0.0315,4573.0,9,0,0,0,0.0,0
0.267,58,0,0.1066,5820.0,7,0,0,0,0.0,0
0.2508,50,0,0.9249,2141.0,4,0,2,0,0.0,0
0.1826,57,0,0.4134,8206.0,9,0,0,0,0.0,0
2.0152,48,0,0.2115,6766.0,5,0,1,0,1.0,0
0.6886,63,0,0.0464,4441.0,11,0,0,0,0.0,0
0.2287,61,0,0.7543,1391.0,12,0,0,0,1.0,0
0.6874,69,0,1.311,5643.0,6,0,1,0,0.0,0
0.2053,43,0,0.6987,1334.0,5,0,1,0,0.0,0
0.6602,40,0,0.6971,8950.0,12,0,3,0,0.0,0
0.4782,47,0,0.7098,,6,0,2,0,1.0,1
1.2326,54,0,0.4914,2762.0,8,0,0,0,1.0,0
0.4323,59,0,0.3755,,4,0,1,0,1.0,0
0.6916,43,0,0.0796,4592.0,9,0,1,0,1.0,1
0.1662,55,0,0.519,5038.0,8,0,1,1,2.0,0
0.2805,49,3,0.786,5776.0,8,1,2,0,0.0,0
0.1142,48,2,0.2346,,9,0,1,0,0.0,0
0.0216,52,0,0.0341,,13,0,2,0,0.0,0
0.6426,73,0,0.7137,14638.0,7,0,2,0,1.0,0
0.6607,63,0,0.2425,2974.0,5,0,1,0,2.0,0
0.7118,67,0,0.3517,4487.0,11,0,0,0,1.0,0
0.3906,57,0,0.1972,6492.0,16,0,1,0,0.0,0
0.3664,77,0,0.3115,4751.0,5,0,0,0,2.0,0
1.5704,64,5,0.6169,3491.0,7,0,1,0,0.0,0
0.0703,32,0,0.1616,5977.0,8,0,0,0,0.0,0
3.6339,62,0,0.1564,8366.0,9,0,3,0,2.0,0
0.5794,57,0,0.6233,3276.0,6,0,0,0,1.0,0
0.5162,61,0,0.344,5622.0,5,0,1,0,1.0,0
0.1864,31,0,1.1617,8988.0,9,0,1,0,2.0,0
0.0935,32,0,0.6774,3711.0,5,0,0,0,1.0,0
0.3961,51,0,0.8274,,5,0,3,0,0.0,0
0.2719,27,3,0.6525,2758.0,6,0,1,1,2.0,0
0.7273,62,0,0.1855,12100.0,12,0,1,0,0.0,1
0.3164,54,0,0.7282,4758.0,6,0,1,0,1.0,0
0.2273,79,0,0.5862,1260.0,11,0,1,0,0.0,0
0.3941,57,0,0.7226,3705.0,8,0,2,0,1.0,0
0.4486,62,0,0.7761,,9,0,1,0,1.0,0
0.7378,60,0,0.1572,2654.0,6,0,1,0,0.0,0
0.0045,53,0,0.9079,6164.0,6,0,0,0,2.0,0
0.4184,54,0,0.7849,,5,0,1,0,0.0,0
0.1669,51,0,0.3206,2844.0,9,0,2,0,0.0,0
0.1485,21,0,0.6928,2107.0,5,0,1,0,1.0,0
0.3578,68,0,0.4813,9536.0,4,0,1,0,1.0,0
0.4256,68,0,0.5455,4544.0,7,0,1,0,0.0,0
0.8365,64,0,0.6951,3374.0,4,0,0,0,1.0,0
0.3069,53,0,0.003,9645.0,14,0,2,0,1.0,0
0.097,50,0,0.6533,6298.0,4,0,0,0,1.0,0
1.5408,36,0,0.3268,6326.0,9,0,2,0,0.0,0
0.9998,34,4,0.6132,10405.0,7,2,0,0,2.0,0
0.6333,44,0,0.8675,2266.0,9,0,1,0,0.0,0
0.2952,55,0,0.0471,8827.0,10,0,2,0,1.0,0
4.0183,57,0,0.1377,2936.0,14,0,1,0,1.0,0
0.4299,45,0,0.6846,1634.0,6,0,1,0,0.0,0
0.3072,34,0,0.4395,6890.0,7,0,1,0,1.0,0
0.86,43,0,0.7514,,10,0,2,0,1.0,0
1.0058,50,0,0.8263,,10,0,2,0,0.0,0
0.662,30,1,0.7249,,7,0,0,0,0.0,0
0.482,55,0,0.4162,13886.0,4,0,2,0,1.0,0
0.3206,75,0,0.0651,5159.0,7,0,0,0,0.0,0
0.826,41,0,0.8074,1612.0,5,0,1,0,3.0,0
0.504,82,0,0.4948,3781.0,5,0,1,0,1.0,1
0.293,42,0,0.7533,7352.0,6,0,1,0,0.0,0
2.8331,49,0,0.3112,,6,0,1,0,,0
0.045,59,0,0.5628,3066.0,7,0,0,0,0.0,0
0.0852,51,0,0.453,3156.0,6,0,0,0,2.0,0
0.7025,28,0,0.4197,,3,0,1,0,1.0,0
0.2532,56,0,0.1994,9330.0,8,0,0,0,0.0,0
1.4968,53,3,0.3468,,7,1,1,2,0.0,0
0.1305,48,0,0.565,3179.0,8,0,2,0,1.0,0
0.0486,53,0,0.2233,3869.0,7,0,1,0,2.0,0
0.3043,58,0,0.5147,,7,0,1,0,3.0,0
0.4232,40,0,0.3006,4006.0,2,0,0,0,0.0,0
0.0149,60,0,0.6646,11149.0,7,0,3,0,1.0,0
0.0134,43,0,0.9377,5233.0,7,0,1,0,0.0,0
0.1849,73,0,0.4336,,6,0,0,0,0.0,0
0.4854,67,0,0.995,7084.0,9,0,0,0,0.0,0
0.3741,38,0,1.3915,7302.0,7,0,1,0,0.0,0
0.5299,69,0,0.3514,6892.0,4,0,0,0,2.0,1
0.3672,58,0,0.1145,4016.0,9,0,2,0,2.0,0
0.7871,59,0,0.4187,4697.0,6,0,2,0,0.0,0
0.2368,49,0,0.3955,,12,0,2,0,0.0,0
1.0161,47,0,0.5103,,10,0,1,0,2.0,1
2.0132,48,0,0.6177,11843.0,11,0,2,0,1.0,0
0.6333,39,0,0.2981,3650.0,9,0,1,0,0.0,0
0.392,26,0,0.1478,,9,0,0,0,0.0,0
0.0829,43,0,0.3293,,7,0,1,0,1.0,0
0.1556,43,0,0.5727,,7,0,1,0,1.0,0
0.6871,37,0,0.84,13368.0,11,0,0,0,0.0,0
6.3691,60,0,0.7791,,7,0,2,0,0.0,0
0.6918,55,0,0.1503,4141.0,11,0,1,0,2.0,1
0.2469,44,0,0.299,,4,0,1,0,1.0,0
0.5664,48,0,0.2581,,6,0,0,0,1.0,0
0.1185,55,0,0.5399,10009.0,4,0,1,0,0.0,0
0.4315,42,0,0.5019,1989.0,7,0,1,0,1.0,0
0.1815,21,0,0.9369,9574.0,4,0,1,0,0.0,0
0.6612,69,0,0.3179,,8,0,1,0,2.0,0
0.5004,50,0,0.1579,22254.0,9,1,1,1,0.0,0
0.1633,56,0,0.675,7880.0,8,0,0,0,0.0,0
0.6956,54,0,0.3223,,11,0,1,0,1.0,0
0.7105,32,0,0.864,7699.0,7,0,2,0,0.0,0
0.999,42,0,0.4672,8612.0,4,0,1,0,0.0,0
0.4188,52,0,0.4253,6074.0,8,0,1,0,1.0,0
0.1962,49,0,0.5852,3945.0,3,0,3,0,,0
0.5511,36,0,0.5815,4889.0,12,0,1,0,1.0,1
0.0829,57,0,0.2155,13367.0,9,0,2,0,0.0,0
0.4821,60,0,0.1132,3820.0,6,0,1,0,0.0,0
0.0219,47,0,0.1432,4987.0,10,0,2,0,1.0,0
0.1803,66,0,0.3843,,4,0,0,0,,0
2.059,59,0,0.5479,10055.0,12,0,2,0,0.0,0
0.5934,57,0,0.2486,9727.0,2,0,4,0,0.0,0
0.301,45,2,0.3304,4807.0,11,0,1,0,0.0,0
0.2536,50,0,0.4769,,9,0,1,0,0.0,0
0.3218,64,0,0.197,16823.0,15,0,1,0,1.0,0
1.0874,32,0,0.6099,5909.0,11,0,1,0,2.0,0
0.5405,33,0,1.2528,4004.0,12,0,0,0,2.0,0
0.4465,46,0,0.2279,3387.0,11,0,2,0,0.0,0
0.4338,52,0,0.65,,10,0,1,0,,1
0.1319,51,0,0.0549,5808.0,7,0,1,0,2.0,0
0.5692,59,0,0.4385,5123.0,9,0,2,0,1.0,0
0.1614,55,0,0.7297,,8,0,0,0,1.0,0
1.0481,52,0,0.5689,5144.0,7,0,0,0,1.0,0
0.4676,48,0,0.0732,,8,0,1,0,0.0,0
0.3305,63,0,0.4556,2628.0,10,0,1,0,0.0,0
0.4137,69,0,0.1626,4143.0,6,0,1,0,0.0,0
0.0634,48,0,0.3945,7305.0,11,0,2,0,0.0,0
0.2805,57,0,0.1965,3500.0,9,0,0,0,0.0,0
0.6096,48,2,0.0757,8963.0,12,0,1,0,0.0,0
0.4934,35,0,0.5366,4418.0,7,0,3,0,1.0,0
0.2249,29,0,0.3693,4967.0,8,0,2,0,1.0,0
0.6795,68,0,0.5169,,10,0,0,0,0.0,0
0.3383,63,0,0.2923,,4,0,0,0,1.0,0
0.7493,58,0,1.3087,4944.0,7,0,0,0,1.0,1
0.161,66,0,0.584,9569.0,12,0,2,0,0.0,0
0.4331,41,0,0.2532,,13,0,0,0,1.0,0
0.0979,64,0,0.4939,1762.0,6,0,1,0,1.0,0
0.413,57,2,1.1493,9341.0,5,0,0,0,0.0,1
2.7631,46,0,0.2173,,9,0,2,0,3.0,1
0.2822,21,0,0.6465,,6,0,1,0,1.0,0
0.4381,32,0,0.4909,1822.0,10,0,2,0,1.0,1
0.2996,76,0,0.4655,2823.0,9,0,2,0,2.0,0
0.1515,76,3,0.3213,2859.0,7,0,0,0,0.0,0
0.9879,32,0,0.3,,8,0,3,0,1.0,0
0.0779,24,1,0.1884,3347.0,7,0,1,0,1.0,0
0.3262,70,0,0.31,3246.0,6,0,2,0,0.0,0
1.0861,51,0,0.2739,14813.0,10,0,0,0,1.0,0
0.5446,42,0,0.6279,4160.0,7,0,0,0,0.0,0
1.0074,35,1,0.3946,3799.0,5,0,3,0,1.0,0
4.1881,35,0,0.0175,9167.0,3,0,0,0,1.0,0
0.0015,70,0,0.6217,2891.0,11,0,1,0,2.0,0
0.0027,55,0,0.2351,2192.0,9,0,0,0,0.0,0
0.3995,27,0,0.3379,4111.0,11,0,0,0,0.0,0
3.6573,42,0,0.5933,2464.0,11,0,2,0,2.0,0
0.1078,74,0,0.3288,11125.0,10,0,0,0,3.0,0
0.3843,56,0,0.2377,2998.0,11,0,2,0,0.0,0
0.1976,32,0,0.2594,5505.0,6,0,1,0,0.0,0
0.5852,43,0,0.2498,8715.0,7,0,4,0,2.0,0
0.2974,50,0,0.3021,2399.0,8,0,2,0,0.0,0
0.2008,65,0,0.1012,,11,0,2,0,0.0,0
1.125,51,0,0.3771,,6,0,2,0,1.0,0
0.0818,71,0,0.5057,6385.0,8,0,0,0,,0
0.3197,56,4,0.9981,1472.0,7,0,0,0,0.0,0
0.3565,21,0,0.4325,2339.0,8,0,0,0,0.0,0
0.4904,59,0,0.1486,10404.0,7,0,1,0,0.0,0
0.1247,49,0,0.438,3575.0,5,0,0,0,1.0,0
0.3393,45,0,0.3439,5257.0,8,0,1,0,0.0,0
0.155,58,0,0.3141,7340.0,6,0,2,0,1.0,0
0.0795,49,2,0.2572,1202.0,12,0,0,0,1.0,0
0.0462,55,0,0.4932,6636.0,12,0,2,0,0.0,0
0.1945,45,0,0.1547,2664.0,4,0,2,0,2.0,0
0.1979,44,0,0.5964,2354.0,3,0,2,0,0.0,0
0.0023,68,0,0.6205,4764.0,8,0,0,0,1.0,0
5.0698,54,0,0.5446,6229.0,9,0,1,0,1.0,0
0.3712,58,0,0.481,11205.0,4,0,0,0,0.0,0
0.1577,44,0,0.4848,3705.0,6,0,2,0,0.0,0
0.6934,67,0,0.5013,4891.0,8,0,0,0,1.0,0
0.9261,55,0,0.3802,1505.0,7,0,1,0,0.0,0
0.4683,47,0,0.8192,6386.0,8,0,0,0,2.0,0
0.05,70,0,0.3517,1959.0,14,0,0,0,2.0,0
0.8298,47,0,0.1718,21786.0,5,0,1,0,1.0,0
0.4175,55,0,0.8807,,6,0,0,0,0.0,0
0.0581,35,0,0.5133,1817.0,5,0,3,1,0.0,0
1.5211,43,0,0.2673,,10,0,1,0,1.0,0
2.2736,63,0,0.4385,,6,0,1,0,0.0,0
0.3029,51,0,0.4922,1974.0,6,0,0,0,0.0,0
2.5891,53,0,0.0736,11388.0,7,0,1,0,0.0,0
1.2432,51,0,0.0554,8900.0,10,0,1,0,2.0,0
0.7382,51,0,0.7052,5872.0,6,0,1,0,1.0,0
0.2854,44,0,0.2757,3106.0,7,0,1,0,0.0,0
0.9837,45,0,0.4348,2785.0,10,2,1,1,0.0,0
0.3048,48,0,0.5503,7945.0,7,0,2,0,1.0,0
0.3379,48,0,0.3521,,13,0,2,0,2.0,0
0.2314,58,0,0.4455,9709.0,5,0,0,0,1.0,0
4.2258,58,0,0.6079,1140.0,9,0,1,0,1.0,0
0.112,70,0,0.6766,9660.0,10,0,2,0,0.0,0
0.5317,62,0,0.2878,1787.0,8,0,0,0,1.0,0
0.2024,40,0,0.9086,,8,0,0,0,1.0,0
2.483,43,0,0.546,12656.0,4,0,1,0,0.0,0
0.4687,65,0,0.6839,4911.0,8,0,1,0,1.0,0
0.0412,61,0,0.6072,,9,0,0,0,2.0,0
0.3435,67,0,0.8554,4362.0,13,0,3,0,1.0,0
0.7264,52,0,0.0848,4827.0,8,0,3,0,1.0,1
0.4211,48,0,0.3548,5121.0,8,0,0,0,0.0,0
0.1471,57,0,0.0855,11666.0,5,0,1,0,1.0,0
1.3015,33,0,0.3401,7918.0,8,0,0,0,1.0,0
0.0553,49,0,0.438,2562.0,10,0,0,0,1.0,0
0.56,79,0,0.8364,8288.0,3,0,1,0,3.0,0
0.2361,47,0,0.4821,5525.0,3,0,2,0,2.0,0
0.3918,52,0,0.1355,14606.0,8,0,3,0,0.0,0
0.3238,49,0,0.6199,8441.0,13,0,0,0,0.0,0
1.6526,73,0,0.5752,5436.0,7,0,2,0,0.0,0
0.1105,35,0,0.6894,6192.0,5,1,0,0,2.0,0
0.2727,61,0,0.1047,3897.0,2,0,1,0,0.0,0
0.3597,46,0,0.3518,5774.0,9,0,1,0,1.0,0
0.5811,43,0,0.6573,3156.0,4,0,1,0,1.0,0
0.1246,29,0,0.5401,5706.0,11,0,1,0,2.0,0
0.088,76,0,0.2867,9053.0,10,0,1,0,1.0,0
0.1703,62,0,0.795,15138.0,6,0,0,0,2.0,0
2.7954,33,1,0.6976,2997.0,10,0,1,0,2.0,0
0.3706,34,0,0.2604,6617.0,6,0,4,0,0.0,0
0.4963,43,0,0.4246,3505.0,7,0,1,0,0.0,0
0.374,59,0,0.4653,5423.0,4,0,3,0,1.0,0
0.5362,50,0,0.77,6849.0,5,0,2,0,0.0,0
1.5965,39,0,0.5072,5089.0,8,0,2,0,1.0,0
0.4151,51,0,0.128,8253.0,8,0,2,0,0.0,0
0.2532,70,0,0.282,4933.0,6,0,1,0,1.0,0
0.3473,60,0,0.2863,2180.0,8,0,0,0,0.0,0
0.5674,27,0,0.0995,11126.0,8,0,1,0,1.0,0
0.5355,37,0,0.5143,3838.0,4,0,2,0,1.0,0
0.5255,50,0,0.5649,4223.0,12,0,1,0,1.0,0
0.327,54,0,0.1081,4256.0,4,0,0,0,1.0,0
0.1754,70,0,0.1856,3051.0,12,0,1,0,2.0,0
1.7914,52,0,0.3954,3481.0,9,0,0,0,1.0,0
0.0263,60,0,0.4669,3746.0,7,0,1,0,2.0,0
0.5118,21,0,0.6096,7146.0,11,0,1,0,0.0,0
0.2506,46,1,0.174,,14,0,1,0,1.0,0
0.2895,62,0,0.5698,20524.0,5,0,2,0,,0
0.0057,78,0,0.1986,9895.0,3,0,2,0,1.0,0
2.2917,33,0,0.673,,9,0,1,0,2.0,0
0.6295,50,0,1.002,6006.0,7,0,2,0,0.0,0
6.5322,27,0,0.8292,3312.0,5,0,0,0,1.0,0
0.8098,49,0,0.506,,3,0,0,0,0.0,0
1.5766,67,0,0.1157,13252.0,12,0,2,0,0.0,0
0.1072,65,0,0.4427,,13,0,3,0,0.0,0
0.1882,51,0,0.6433,7628.0,8,0,0,0,1.0,0
0.7488,48,0,0.5062,3342.0,13,0,1,0,1.0,0
0.6054,88,0,0.3125,4629.0,8,0,2,0,0.0,0
0.9461,49,0,0.2384,,8,0,2,0,1.0,0
0.6309,44,0,0.2667,,11,0,1,0,0.0,0
1.024,44,0,0.1941,7714.0,13,0,1,0,0.0,0
0.3346,31,0,0.363,,10,0,2,0,2.0,0
0.2871,58,0,0.5146,,6,0,0,0,0.0,0
0.1052,61,0,1.1071,4779.0,9,0,2,0,0.0,0
0.1533,61,0,0.0766,6154.0,7,0,0,0,0.0,0
2.0105,63,0,0.323,2217.0,6,0,0,0,0.0,0
0.572,44,0,0.3379,7077.0,7,0,1,0,,0
0.148,50,0,0.3358,7946.0,10,0,1,0,1.0,0
0.1297,68,0,0.7266,6355.0,10,0,1,0,0.0,0
1.1857,45,0,0.4042,2275.0,7,0,2,0,0.0,0
3.1355,44,0,0.5594,6958.0,9,0,2,0,0.0,0
0.0486,66,0,0.6676,11160.0,8,0,1,0,2.0,0
0.0486,41,0,0.4888,17945.0,10,0,0,0,1.0,0
0.4138,36,0,1.118,4805.0,9,0,2,0,0.0,0
0.1042,37,0,0.4716,9246.0,5,0,1,0,1.0,0
1.3765,90,0,0.2522,4619.0,5,0,1,0,1.0,1
0.5957,66,0,0.6719,2105.0,8,0,1,0,1.0,0
0.4151,61,0,0.0715,17144.0,5,0,0,0,0.0,0
1.0417,39,0,0.4868,11562.0,5,0,0,0,1.0,0
0.0689,59,0,0.4226,7196.0,9,0,0,0,2.0,0
1.5576,76,0,0.4902,3936.0,16,0,1,0,1.0,0
0.0812,57,0,0.4585,4126.0,10,0,4,0,1.0,0
1.8797,37,1,0.1118,,11,0,1,0,0.0,0
0.7592,59,0,0.2338,22707.0,14,0,2,0,1.0,0
0.1751,50,0,0.074,7579.0,8,0,0,0,0.0,0
0.4297,54,0,0.4312,21328.0,7,0,1,0,1.0,0
0.6125,38,0,0.613,,10,0,1,0,1.0,1
9.6852,41,0,0.7686,,9,0,0,0,1.0,0
0.7149,45,0,0.4498,5168.0,6,0,1,0,0.0,0
0.0759,41,0,0.5555,,6,0,2,0,1.0,0
1.7698,51,0,0.3237,9706.0,11,0,2,0,0.0,0
0.3366,42,0,0.5074,,6,0,0,0,1.0,0
2.3143,75,0,0.6194,1327.0,4,0,1,0,0.0,0
3.465,59,0,0.8069,7307.0,12,0,0,0,0.0,0
1.8112,63,0,0.8791,3106.0,8,0,2,0,2.0,0
0.8119,50,0,0.8136,11247.0,3,0,0,0,0.0,0
0.2645,24,0,1.13,,6,0,1,0,1.0,0
0.0961,64,0,0.6644,4490.0,10,0,0,0,0.0,0
0.1075,50,0,0.1408,2984.0,3,0,0,0,1.0,0
2.9559,58,0,0.1341,6415.0,9,0,0,0,0.0,0
2.6516,51,0,0.5491,3293.0,8,0,1,0,1.0,0
0.713,21,0,0.3454,10247.0,7,0,0,0,0.0,1
0.5759,46,0,0.7562,4766.0,5,0,1,0,1.0,0
0.2459,40,5,0.6816,11668.0,6,1,0,0,1.0,0
1.3083,55,0,0.609,5217.0,10,0,1,0,2.0,0
4.9535,58,0,0.3703,3353.0,12,0,4,0,0.0,0
0.4231,82,0,0.0703,,5,0,0,0,1.0,0
0.3734,59,0,0.1063,2338.0,7,0,2,0,1.0,0
0.7663,44,1,0.7588,4844.0,7,0,3,0,,0
0.7666,46,0,0.3303,1994.0,7,0,1,0,1.0,0
0.5254,59,0,0.6394,14470.0,6,0,0,0,0.0,0
0.4716,64,0,0.1632,4568.0,8,0,0,0,0.0,0
0.6559,35,0,0.3902,1882.0,2,0,4,0,2.0,0
0.3729,49,0,0.5741,3896.0,7,0,1,0,1.0,0
0.1483,50,0,0.2178,,3,0,0,0,0.0,0
0.1956,29,0,0.8515,6616.0,11,0,1,0,0.0,0
0.459,62,0,0.3837,9755.0,5,0,2,0,0.0,0
0.4432,55,0,0.9603,14335.0,5,0,1,0,1.0,0
0.6111,49,0,0.299,,6,0,1,0,0.0,0
0.1113,55,0,0.0914,8023.0,9,0,0,0,0.0,0
0.3408,61,0,0.8783,6257.0,11,0,0,0,2.0,0
0.3308,79,0,0.57,2769.0,7,0,1,0,1.0,0
0.1365,61,0,0.361,,12,0,1,0,0.0,0
0.3994,36,0,0.2755,12162.0,8,0,0,0,1.0,0
0.5777,91,0,0.3019,3120.0,9,0,0,0,2.0,1
0.522,36,0,0.3412,5124.0,7,0,2,0,0.0,0
0.4181,57,0,0.4956,1315.0,12,0,1,0,1.0,0
0.4221,49,0,0.4641,12470.0,9,0,1,0,0.0,0
0.2243,50,0,0.5458,7628.0,5,0,0,0,0.0,0
5.8256,57,0,0.6524,2911.0,6,0,1,0,2.0,0
0.079,58,0,0.9099,2492.0,7,0,1,0,4.0,0
1.9739,71,0,0.5937,2174.0,7,0,0,0,1.0,0
3.0028,43,0,0.8575,6366.0,4,0,1,0,0.0,0
0.0494,58,0,0.5487,,8,0,2,0,2.0,0
0.1559,61,0,0.7343,,9,0,0,0,2.0,0
0.7717,85,0,0.4672,6016.0,10,0,2,0,0.0,0
0.0461,59,0,0.7302,,13,0,1,0,0.0,0
0.1975,36,2,0.4869,3216.0,10,0,0,1,3.0,0
0.585,71,0,0.6907,5272.0,6,0,2,0,1.0,0
0.1286,46,0,0.1129,2308.0,9,0,5,0,0.0,0
0.4096,40,0,0.2124,3121.0,7,0,0,0,2.0,0
0.0629,71,0,0.7075,7752.0,7,0,1,0,1.0,0
2.9531,54,0,0.4381,,9,0,2,0,2.0,1
0.4414,49,0,0.2953,12033.0,9,0,3,0,1.0,0
0.0534,76,0,0.8954,4718.0,7,0,1,0,0.0,0
3.8061,45,0,0.8213,,6,0,1,0,1.0,0
0.0617,45,0,0.4552,7924.0,9,0,1,0,0.0,0
0.3868,59,0,0.9021,2528.0,9,0,0,0,2.0,0
0.8782,21,5,0.5125,1719.0,8,1,4,0,0.0,1
0.3254,54,0,1.1577,,11,0,0,0,0.0,0
0.5068,53,0,0.599,2471.0,7,0,0,0,0.0,0
0.7215,40,0,0.2025,2534.0,9,0,0,0,,0
0.6395,52,0,0.0529,3649.0,3,0,0,0,0.0,0
0.473,56,0,0.5215,4441.0,9,0,2,0,1.0,0
0.3126,51,0,0.4565,10022.0,8,0,1,0,1.0,0
0.6652,63,0,0.7008,4628.0,7,0,2,0,0.0,0
0.2002,56,0,0.8409,,12,0,0,0,0.0,0
0.1146,50,0,0.0658,,11,0,0,0,0.0,0
0.1392,62,0,0.8898,5888.0,8,0,1,0,1.0,0
0.212,56,2,0.9011,5487.0,9,0,2,2,1.0,0
1.2133,94,0,0.7587,,10,0,1,0,0.0,0
0.2057,66,0,0.9758,7432.0,6,0,0,0,1.0,0
0.1429,45,0,0.4966,1701.0,10,0,0,0,1.0,0
0.6588,28,0,0.448,3751.0,9,0,0,0,2.0,0
0.5022,43,0,0.6834,5221.0,11,0,0,0,0.0,0
0.3535,23,0,0.3299,,6,0,1,0,1.0,0
0.2367,61,0,0.0683,19580.0,6,0,1,0,1.0,0
0.3131,48,0,1.3386,,11,0,1,0,2.0,0
0.1619,41,0,0.5375,3682.0,8,0,2,0,1.0,0
0.1291,60,0,0.6037,4282.0,9,0,0,0,1.0,1
2.1213,47,2,0.3969,,4,0,2,0,0.0,0
0.2343,58,0,0.6173,10954.0,9,0,0,0,0.0,0
0.2037,48,0,0.8532,9330.0,7,0,0,0,0.0,0
0.4034,53,0,0.7682,2325.0,8,0,1,0,1.0,0
1.1549,70,0,0.2525,3134.0,10,0,0,0,1.0,0
0.7643,65,0,0.9127,8362.0,14,0,3,0,1.0,0
0.0951,72,0,0.4452,6102.0,8,0,2,0,0.0,0
1.0504,57,0,0.63,8353.0,8,0,0,0,0.0,0
0.1594,27,0,0.1095,6348.0,6,0,0,0,0.0,0
0.3365,42,0,0.4183,2289.0,9,0,1,0,1.0,0
3.8302,29,2,0.216,,9,0,2,1,1.0,0
0.1097,65,0,0.0233,9820.0,6,0,2,0,0.0,0
0.6043,52,0,0.4339,,3,0,3,0,0.0,0
0.3828,70,0,0.4976,1804.0,4,0,0,0,0.0,0
0.073,67,0,0.733,4045.0,2,0,2,0,0.0,0
1.5233,50,0,0.7083,6015.0,7,0,2,0,1.0,0
1.4314,76,0,0.4307,2948.0,9,0,0,0,0.0,0
0.0351,65,0,0.3112,7448.0,9,0,0,0,2.0,0
0.06,53,0,0.1257,15556.0,3,0,1,0,2.0,0
1.2802,58,1,0.1213,,6,0,0,0,1.0,0
0.8739,72,0,0.4692,3073.0,11,0,2,0,1.0,1
1.1172,58,0,0.447,4791.0,6,0,1,0,0.0,0
0.9464,43,0,0.4662,,3,0,0,0,2.0,0
6.9368,36,0,0.3828,2932.0,6,0,0,0,0.0,0
0.0335,48,0,0.2717,2618.0,13,0,2,0,0.0,0
0.4261,42,0,0.6274,4345.0,6,0,2,0,3.0,0
0.352,55,0,0.2051,,8,2,0,1,1.0,0
0.2668,45,0,0.6596,5972.0,9,0,2,0,2.0,0
0.0463,47,0,0.6027,10470.0,10,0,2,0,1.0,0
0.0674,69,0,1.024,12145.0,9,0,1,0,4.0,0
0.7348,75,0,0.9718,2793.0,8,0,0,0,1.0,0
4.3954,41,0,0.2477,5995.0,9,0,1,0,,0
6.841,47,0,0.6659,,15,0,1,0,0.0,0
0.1907,49,0,0.2956,5211.0,7,0,1,0,,0
1.0998,56,0,0.2453,8590.0,8,0,1,0,1.0,0
0.7105,57,0,0.2286,6184.0,11,0,0,0,0.0,0
0.2138,45,0,0.0278,6032.0,11,0,0,0,0.0,0
0.0289,59,0,0.5275,5001.0,11,0,2,0,0.0,0
0.7792,46,1,0.613,5759.0,8,0,1,0,0.0,0
0.1588,47,0,0.2723,12324.0,9,0,1,0,0.0,1
0.2498,39,0,0.0894,5300.0,10,0,1,0,1.0,0
3.4113,66,0,0.5494,3039.0,8,0,0,0,0.0,0
0.5061,65,0,0.8642,19518.0,11,0,0,0,,0
0.09,57,1,0.6163,4125.0,10,0,0,1,2.0,0
0.1939,61,2,0.1519,3748.0,10,0,1,0,0.0,0
0.7245,68,0,0.5014,6591.0,6,0,1,0,0.0,0
0.6209,63,0,0.7067,6753.0,3,0,1,0,1.0,0
0.193,62,0,0.4277,5342.0,15,0,4,0,1.0,0
0.6066,46,0,0.6977,15523.0,9,0,3,0,0.0,0
0.4371,31,0,0.8558,5242.0,12,0,0,0,1.0,0
0.1397,41,0,0.202,2494.0,4,0,1,0,4.0,0
0.1027,83,0,0.541,7865.0,7,0,0,0,0.0,0
0.305,49,0,0.5382,,11,0,0,0,0.0,0
0.4192,74,0,0.2157,6061.0,6,0,1,0,1.0,0
0.3516,60,0,0.1907,,6,0,1,0,1.0,0
3.3484,52,0,0.3199,6987.0,7,0,0,0,0.0,0
0.8338,39,0,0.7641,9860.0,6,0,0,0,2.0,0
0.257,42,2,0.4413,,11,2,1,1,2.0,0
0.1592,50,0,0.4025,3405.0,11,0,1,0,0.0,0
0.0005,50,0,0.3273,6265.0,8,0,1,0,2.0,0
0.4945,60,0,0.3421,5863.0,5,0,1,0,1.0,0
0.0675,43,0,0.5106,15810.0,11,0,2,0,2.0,0
6.7741,43,0,0.1832,4236.0,11,0,1,0,2.0,0
0.0834,64,0,0.5123,16253.0,6,0,2,0,1.0,0
0.3366,79,0,1.0092,4812.0,9,0,1,0,1.0,0
0.5961,53,0,0.6865,,15,0,1,0,2.0,1
0.2495,58,0,0.4851,,5,0,2,0,2.0,0
0.3381,50,0,0.3444,3997.0,8,0,1,0,0.0,0
0.016,51,1,0.4696,,8,0,0,0,,0
1.2698,49,0,0.7034,4811.0,5,0,1,0,0.0,0
0.1137,47,0,1.4032,3395.0,13,0,1,0,1.0,0
0.0162,60,0,1.0372,9679.0,5,0,2,0,1.0,0
1.2831,61,0,1.2698,9657.0,9,0,0,0,1.0,0
0.0392,49,0,0.5017,8713.0,10,0,0,0,1.0,0
0.5354,44,0,0.3803,,7,0,0,0,1.0,0
0.2383,45,0,0.6082,4878.0,5,0,2,0,0.0,0
4.9506,61,0,0.2618,14869.0,12,0,0,0,0.0,0
0.3439,41,0,0.8735,6186.0,9,0,0,0,1.0,0
0.0259,38,0,0.8343,3115.0,7,0,2,0,1.0,0
0.2516,56,0,0.3987,6039.0,8,0,1,0,,0
0.8893,51,0,0.2272,4294.0,8,0,0,0,3.0,0
0.1067,50,0,0.9603,4352.0,8,0,3,0,1.0,0
0.0904,64,0,0.1887,3955.0,7,0,1,0,0.0,0
0.623,51,0,0.3129,5847.0,6,0,1,0,,0
0.542,43,0,0.2351,5292.0,11,0,0,0,0.0,0
0.2401,54,0,0.1901,2905.0,2,0,1,0,0.0,0
0.1591,43,0,0.2006,,6,0,0,0,2.0,0
1.4755,64,0,0.1562,,5,0,0,0,0.0,0
0.178,52,0,0.382,7007.0,5,0,1,0,0.0,0
0.3893,38,1,0.3785,6254.0,6,0,1,1,1.0,0
1.1177,54,1,0.146,8050.0,9,0,1,1,0.0,0
0.8321,41,0,0.4643,3514.0,4,0,1,0,0.0,0
0.0593,66,0,0.2258,8039.0,13,0,1,0,1.0,0
0.045,51,0,1.306,4587.0,8,0,2,0,1.0,0
2.1251,61,0,0.2805,4362.0,10,0,0,0,1.0,0
0.64,43,0,0.7615,,6,0,4,0,0.0,0
0.6122,49,0,0.4411,6642.0,6,0,4,0,,0
0.9115,58,0,1.0305,13472.0,9,0,0,0,1.0,0
0.0337,50,3,0.6049,4061.0,10,1,2,0,0.0,0
0.0905,40,0,0.3533,2697.0,7,0,1,0,1.0,0
0.6941,62,0,0.5558,3852.0,10,0,2,0,2.0,0
0.98,56,0,0.4747,6449.0,7,0,0,0,1.0,0
0.8183,37,0,0.4302,,7,0,3,0,1.0,0
6.9868,47,0,0.7245,6241.0,9,0,2,0,3.0,0
0.1416,41,0,0.032,3624.0,11,0,1,0,2.0,0
0.6571,45,0,0.6533,9087.0,10,0,0,0,4.0,0
2.698,46,0,0.2473,19110.0,7,0,2,0,2.0,0
0.3116,49,0,0.6575,4132.0,11,0,1,0,0.0,0
0.3477,32,0,0.4685,10641.0,9,0,2,0,0.0,0
0.3375,46,0,0.4016,3863.0,7,0,1,0,0.0,0
1.7411,65,0,0.2417,5564.0,13,0,0,0,0.0,0
0.1417,76,0,0.2729,3648.0,3,0,1,0,1.0,0
0.3083,36,0,0.357,2169.0,7,0,0,0,0.0,0
0.6115,67,0,0.8155,6922.0,10,0,0,0,0.0,0
0.9602,83,0,0.6605,4646.0,10,0,1,0,2.0,1
0.3929,49,0,0.0895,5634.0,8,0,1,0,2.0,0
0.4189,59,0,0.2728,9349.0,5,0,0,0,0.0,0
0.779,66,0,1.0264,,10,0,2,0,3.0,0
0.0624,46,0,0.5582,2802.0,10,0,1,0,1.0,0
1.1007,65,0,0.0976,9657.0,11,0,2,0,3.0,0
2.0604,49,0,0.2344,12561.0,8,0,2,0,2.0,0
1.0305,65,0,0.8384,6279.0,7,0,3,0,0.0,0
0.2564,73,0,0.4949,3497.0,9,0,0,0,1.0,0
0.2929,70,0,0.4132,7306.0,9,0,1,0,3.0,0
0.8761,48,2,0.3506,,6,0,2,1,1.0,0
1.3955,60,0,0.5155,8923.0,6,0,0,0,1.0,0
0.5023,45,0,0.1835,2308.0,14,0,1,0,1.0,0
0.826,36,0,0.3853,,7,0,3,0,0.0,0
0.2916,49,0,0.1744,849.0,14,0,1,0,2.0,0
0.7063,63,0,0.6007,11878.0,8,0,3,0,2.0,0
0.5047,48,0,0.8636,,11,0,1,0,3.0,0
0.206,72,0,0.5734,4277.0,8,0,2,0,0.0,0
0.052,53,0,0.8054,6234.0,7,0,1,0,2.0,0
0.838,37,0,1.1923,,5,0,3,0,1.0,1
0.9606,48,0,0.5843,,7,0,1,0,0.0,0
0.2384,43,0,0.7589,5488.0,6,0,1,0,0.0,0
0.0564,70,0,0.5834,13679.0,8,0,1,0,0.0,0
2.4915,59,0,0.5359,6959.0,12,0,0,0,2.0,0
0.1625,51,0,0.5131,9558.0,6,0,0,0,1.0,0
0.2442,62,0,0.4628,6007.0,10,0,0,0,0.0,0
0.0246,41,0,0.1484,4180.0,6,0,3,0,0.0,0
4.4436,36,0,1.0829,3419.0,7,0,0,0,0.0,0
0.6155,34,0,0.4545,,5,0,1,0,0.0,0
0.8275,26,0,0.3916,4725.0,6,0,0,0,1.0,0
0.5799,37,0,0.2828,7722.0,10,0,0,0,1.0,0
0.2186,60,0,0.3179,,10,0,3,0,0.0,0
0.0164,62,0,0.3827,,7,0,1,0,0.0,0
0.0607,40,0,0.4463,8599.0,6,0,1,0,0.0,0
0.5424,24,0,0.1741,2905.0,7,0,1,0,1.0,0
0.1621,46,0,0.674,,14,0,0,0,1.0,0
0.0661,59,0,0.2272,3119.0,8,0,1,0,1.0,0
0.374,64,0,0.4639,7550.0,6,0,2,0,2.0,0
0.6017,55,0,0.3952,3669.0,11,0,0,0,0.0,0
1.4487,38,0,0.7688,2487.0,10,0,1,0,0.0,0
0.0953,62,0,0.5429,5163.0,12,0,0,0,3.0,0
0.1719,58,0,0.768,7963.0,6,0,2,0,1.0,0
0.1167,62,0,0.3168,4513.0,15,0,0,0,0.0,0
2.9476,40,0,0.9119,,10,0,1,0,1.0,0
0.3443,59,1,0.3589,4964.0,2,0,0,0,0.0,0
0.5232,64,0,0.501,3488.0,6,0,3,0,0.0,0
0.3591,33,0,0.1727,8059.0,8,0,1,0,2.0,0
0.0206,43,0,0.5751,7135.0,10,0,1,0,,0
0.1032,31,3,0.5817,3288.0,8,0,0,0,,0
1.2384,41,0,0.4312,5243.0,4,0,1,0,2.0,0
0.058,51,0,0.6735,,9,0,1,0,0.0,0
0.4711,32,0,0.2633,6108.0,6,0,1,0,0.0,0
2.155,68,2,0.13,2669.0,14,0,0,0,0.0,0
0.5533,68,0,0.2733,,9,0,0,0,,0
0.8111,50,0,0.541,12470.0,15,0,4,0,1.0,0
0.6806,43,0,0.1466,5027.0,7,0,1,0,2.0,0
0.7443,51,0,0.1455,,10,0,1,0,1.0,0
0.8098,72,0,0.5955,7206.0,8,0,0,0,4.0,0
0.4629,61,2,0.3939,11203.0,5,0,4,0,0.0,0
0.5007,27,0,0.2431,1175.0,7,0,0,0,0.0,0
0.0619,21,0,0.6739,,3,0,0,0,0.0,0
0.5908,39,0,0.3468,5917.0,8,0,3,0,2.0,0
0.1696,51,0,0.7004,4475.0,7,0,1,0,1.0,0
0.0891,28,0,0.7302,3249.0,3,0,2,0,,0
0.4725,49,0,0.2634,21021.0,7,0,0,0,0.0,0
2.2757,29,0,0.0997,2974.0,9,0,0,0,0.0,0
0.8175,52,0,0.8164,8173.0,11,0,1,0,0.0,0
0.6981,55,0,0.4382,5778.0,4,0,2,0,1.0,0
0.5175,76,0,0.8132,12189.0,10,0,0,0,5.0,0
0.0423,50,0,0.1243,,5,0,1,0,1.0,0
0.1134,47,0,0.5944,2272.0,10,0,0,0,0.0,0
0.0434,71,0,0.3011,,8,0,1,0,0.0,0
0.3609,61,0,0.5614,2916.0,5,0,0,0,1.0,0
0.0911,53,0,0.767,3112.0,4,0,4,0,3.0,0
0.6489,48,0,0.6135,5800.0,6,0,2,0,0.0,0
0.024,76,0,0.5896,6553.0,14,0,2,0,0.0,0
3.562,42,0,1.0151,5561.0,8,0,0,0,2.0,0
0.1113,31,0,0.5352,7393.0,12,0,2,0,0.0,0
0.5876,49,1,0.216,,11,0,0,2,1.0,0
0.3272,48,0,0.1426,,9,0,2,0,0.0,0
0.7032,69,1,0.4296,4194.0,7,0,1,0,1.0,0
3.3555,54,0,0.3121,4545.0,5,0,1,0,,0
0.4532,65,0,0.0798,,8,0,1,0,0.0,0
0.8795,21,0,0.5102,5877.0,11,0,3,0,2.0,0
2.1543,47,0,0.1713,,10,0,3,0,0.0,0
0.5821,73,0,0.29,1423.0,4,0,1,0,2.0,0
0.6632,37,0,0.8758,7811.0,9,0,1,0,1.0,0
1.5461,48,0,0.3911,10582.0,6,0,2,0,0.0,0
0.7845,64,0,0.6369,4950.0,13,0,0,0,0.0,0
0.0197,45,0,1.0093,,15,0,2,0,1.0,0
0.3984,63,0,0.5007,10808.0,6,0,0,0,0.0,0
0.1856,44,0,0.3512,8579.0,1,0,0,0,2.0,0
0.8335,51,2,0.1565,3298.0,7,0,1,0,2.0,0
0.3707,61,0,0.5357,4036.0,8,0,0,0,1.0,0
0.1238,37,0,0.6736,4877.0,10,0,4,0,0.0,0
3.6512,41,1,0.4156,,7,0,0,0,0.0,0
0.2405,65,0,0.5595,7720.0,10,0,0,0,,0
0.209,41,0,0.0983,,6,0,2,0,2.0,0
0.054,54,0,1.0052,,4,0,0,0,2.0,0
0.6465,66,0,0.855,3258.0,8,0,0,0,2.0,0
0.1502,53,0,0.3844,2542.0,10,0,2,0,0.0,0
0.0498,56,0,0.088,6945.0,7,0,0,0,1.0,0
0.7098,74,0,0.7132,15236.0,10,0,0,0,1.0,0
0.1459,84,0,0.3017,2805.0,9,0,0,0,0.0,0
0.6827,54,0,0.2471,13308.0,8,0,1,0,1.0,0
0.0758,46,0,0.7918,9518.0,13,0,1,1,,0
0.7314,64,0,0.0438,3201.0,8,0,0,0,2.0,0
0.1381,41,0,0.4401,27771.0,9,0,2,0,0.0,0
0.5561,70,0,0.2833,3691.0,11,0,3,0,0.0,0
0.7492,44,0,0.3539,14663.0,6,0,1,0,1.0,0
0.3688,46,0,0.4899,8982.0,7,0,1,0,2.0,0
3.5067,38,0,0.1652,,8,0,1,0,0.0,0
0.3388,40,0,0.2949,,5,0,0,0,1.0,0
0.9979,69,0,0.3329,8387.0,10,0,2,0,1.0,0
1.3846,57,0,0.1145,3006.0,9,0,3,0,0.0,0
0.7363,51,0,0.5343,5130.0,6,0,0,0,1.0,0
0.0393,81,0,0.4243,915.0,8,0,0,0,2.0,0
0.9444,54,0,0.6372,4170.0,10,0,0,0,2.0,0
0.5979,52,0,0.6919,,6,0,0,0,0.0,1
0.3152,36,0,0.3072,3276.0,13,0,0,0,0.0,0
0.7879,41,0,0.6177,6467.0,4,0,2,0,0.0,0
0.3307,39,0,0.1364,2510.0,6,0,1,0,1.0,0
0.8254,42,0,0.2197,4999.0,2,0,0,0,1.0,0
0.0721,45,0,0.415,1592.0,8,0,0,0,0.0,0
1.7207,48,0,0.135,5471.0,11,0,0,0,0.0,0
0.0996,62,0,0.2061,9658.0,3,0,0,0,0.0,0
4.3045,52,0,1.0072,11525.0,9,0,0,0,0.0,0
0.2957,77,0,0.1122,,9,0,2,0,2.0,0
0.1626,61,0,0.5051,7747.0,9,0,0,0,0.0,0
0.3977,42,0,0.2923,3020.0,14,0,0,0,0.0,0
0.5975,58,0,0.656,,7,0,0,0,1.0,0
0.369,54,0,0.4893,14052.0,4,0,0,0,,0
0.0385,72,0,0.7201,4276.0,10,0,1,0,0.0,0
2.0946,63,0,0.7153,6490.0,5,0,0,0,2.0,0
0.7052,53,0,0.621,8598.0,6,0,0,0,,0
0.2297,76,0,0.9359,19052.0,11,0,0,0,1.0,0
1.5976,60,0,0.6947,3069.0,8,0,1,0,1.0,1
0.0315,60,0,0.965,7122.0,6,0,1,0,0.0,0
0.0231,73,0,0.2427,5309.0,5,0,0,0,3.0,0
0.1855,64,0,0.1438,2285.0,7,0,3,0,0.0,0
0.0588,55,0,0.8173,4299.0,8,0,0,0,1.0,0
0.4203,51,0,0.2898,7215.0,7,0,0,0,0.0,0
1.3969,24,0,0.5963,5727.0,6,0,3,0,1.0,0
0.3363,26,0,0.5452,,8,0,1,0,0.0,0
0.3398,50,0,0.2401,4355.0,6,0,2,0,1.0,0
0.0771,44,0,0.9016,1818.0,8,0,0,0,0.0,0
0.2444,52,0,0.7722,1927.0,11,0,2,0,1.0,0
0.155,66,0,0.1194,,3,0,0,0,1.0,0
0.4261,41,0,0.6803,,6,0,0,0,1.0,0
1.9242,30,0,0.5901,14394.0,6,0,0,0,0.0,0
0.79,34,0,1.035,1096.0,2,0,1,0,0.0,1
0.1097,38,0,0.9946,2463.0,9,0,1,0,1.0,0
0.4606,36,0,0.5915,2301.0,11,0,0,0,1.0,0
0.6245,53,0,0.9612,6753.0,4,0,1,0,1.0,0
0.75,74,0,0.9416,8991.0,7,0,0,0,0.0,0
0.0515,61,0,0.1141,7747.0,11,0,2,0,0.0,0
0.6871,62,0,0.8747,5468.0,9,0,2,0,0.0,0
0.021,55,0,0.9933,3603.0,4,0,1,0,2.0,0
0.203,35,0,0.7826,1350.0,9,0,1,0,1.0,0
0.001,83,0,0.5083,,11,0,1,0,0.0,0
0.3837,48,0,0.2931,14192.0,10,0,2,0,1.0,0
0.4786,63,0,0.2023,3019.0,6,0,1,0,1.0,0
0.0459,21,0,0.0847,9504.0,7,0,0,0,1.0,1
0.6263,51,0,0.1675,3388.0,6,0,1,0,0.0,1
0.489,50,0,0.6949,8307.0,7,0,0,0,1.0,0
0.7464,48,0,0.3153,3827.0,7,0,2,0,1.0,0
0.0244,32,0,0.7303,3933.0,9,0,0,0,1.0,0
0.0927,55,0,0.7045,5334.0,7,0,0,0,2.0,0
0.6163,69,0,0.6097,,10,0,0,0,0.0,0
0.4256,81,0,0.9399,3813.0,8,0,0,0,0.0,0
0.4071,75,0,0.274,12207.0,8,0,1,0,0.0,0
0.3399,70,0,1.0289,1576.0,9,0,1,0,0.0,0
0.246,76,0,0.0602,9055.0,5,0,3,0,0.0,0
0.1399,78,0,0.1606,8471.0,11,0,0,0,0.0,0
0.1815,39,0,0.4031,2321.0,4,0,2,0,3.0,0
0.1334,56,0,0.5669,6939.0,7,0,6,0,1.0,0
0.2578,34,0,0.544,3447.0,4,0,1,0,2.0,0
0.6505,60,0,0.8304,4842.0,10,0,0,0,2.0,0
0.7733,49,0,0.6204,2937.0,9,0,3,0,1.0,0
1.2703,50,0,0.1421,5287.0,5,0,0,0,4.0,0
0.026,48,0,0.6672,11927.0,20,0,0,0,0.0,0
0.0887,21,0,0.1047,,9,0,4,0,2.0,0
0.2346,25,0,0.8984,4009.0,13,0,2,0,1.0,0
0.5664,64,0,0.3516,7291.0,4,0,1,0,1.0,0
0.307,43,0,0.6483,2236.0,11,0,2,0,1.0,0
0.3326,66,0,0.2313,4344.0,5,0,0,0,0.0,0
1.1227,50,0,1.2698,2956.0,13,0,0,0,1.0,1
0.3569,30,0,0.5091,,6,0,0,0,1.0,0
0.5869,32,0,0.194,9175.0,13,0,1,0,0.0,0
0.036,43,0,0.749,,14,0,3,0,0.0,0
0.335,39,0,0.1691,3402.0,4,0,0,0,2.0,0
3.7688,51,0,0.8533,2008.0,13,0,3,0,2.0,1
0.3196,56,0,0.6582,,3,0,0,0,0.0,0
0.0295,57,0,0.3289,13129.0,5,0,2,0,1.0,0
0.0431,55,0,0.3623,8938.0,7,0,0,0,0.0,0
1.1444,64,5,0.6063,6194.0,8,0,3,0,0.0,0
0.5545,66,0,0.8463,7154.0,4,0,0,0,2.0,0
3.0463,39,0,0.8653,3484.0,9,0,1,0,2.0,0
0.5911,26,0,0.3664,4366.0,4,0,2,0,2.0,0
1.972,43,0,0.3152,5235.0,2,0,1,0,0.0,0
0.6464,53,0,0.5175,6468.0,12,0,4,0,3.0,0
0.1965,45,0,0.6135,6645.0,9,0,3,0,0.0,0
0.3007,61,0,0.1937,3330.0,6,0,1,0,1.0,0
0.8142,33,0,0.9312,3258.0,9,0,1,0,0.0,0
0.1245,74,0,0.4454,,5,0,2,0,0.0,0
1.2799,63,0,0.6694,,12,0,2,0,0.0,0
0.4011,47,0,0.7215,6701.0,8,0,0,0,2.0,0
0.5738,41,0,0.5463,,8,0,0,0,0.0,0
0.4384,50,0,0.4465,7095.0,6,0,1,0,1.0,0
1.706,68,0,0.4222,11731.0,11,0,1,0,1.0,0
0.9751,46,0,0.5587,11006.0,7,0,0,0,0.0,0
0.4756,44,0,0.5521,2831.0,4,0,1,0,0.0,1
0.215,52,0,0.6346,5333.0,7,0,1,0,0.0,0
0.8352,34,0,0.7238,2403.0,9,0,2,0,0.0,1
1.1533,67,0,0.9076,4336.0,5,0,0,0,0.0,1
0.0109,61,0,0.3844,,7,0,1,0,0.0,0
0.1381,65,1,0.2317,4925.0,8,0,0,0,1.0,0
0.1405,71,0,0.266,3307.0,6,0,1,0,1.0,0
2.1367,41,1,0.2452,,5,0,0,3,1.0,0
3.0692,52,0,0.1405,4903.0,11,0,0,0,0.0,0
0.1917,51,0,0.4968,,8,0,1,0,1.0,0
0.7538,74,0,1.228,,9,0,1,0,1.0,1
0.3063,46,0,0.6748,,4,0,1,0,0.0,0
0.0407,27,1,0.459,2993.0,5,1,1,0,1.0,1
1.9906,46,0,1.0137,9897.0,7,0,0,0,0.0,0
0.9966,64,0,0.5426,,9,0,2,0,2.0,0
0.0161,59,0,0.7071,6825.0,9,0,0,0,0.0,0
0.4979,51,0,0.7867,,9,0,1,0,2.0,0
2.2924,47,0,0.5578,6209.0,6,0,1,0,0.0,0
0.4644,57,0,0.5833,9285.0,8,0,2,0,0.0,0
0.5394,60,0,0.0517,7216.0,5,0,1,0,0.0,0
0.0617,55,0,0.5765,15283.0,5,0,3,0,0.0,0
0.5823,47,0,0.2726,9908.0,5,0,1,0,0.0,0
0.5444,52,0,0.7471,,4,0,2,0,0.0,0
2.6345,44,0,0.3889,4039.0,12,0,1,0,1.0,0
0.0556,66,0,0.6334,7689.0,6,0,0,0,0.0,0
0.0945,50,0,0.3796,8544.0,1,0,1,0,0.0,0
0.1492,39,0,0.5058,,3,0,1,0,1.0,0
0.3481,84,0,0.1878,,11,0,1,0,0.0,0
0.3204,42,0,0.6448,7373.0,8,0,4,0,1.0,0
0.2121,39,0,0.3123,12089.0,4,0,0,0,0.0,0
0.035,35,0,0.7729,1591.0,3,0,1,0,0.0,0
0.6112,42,0,0.3322,,8,0,4,0,0.0,0
0.7956,62,0,0.3935,,4,0,1,0,1.0,1
3.6694,30,0,0.3058,3314.0,5,0,0,0,2.0,0
0.132,54,0,0.5552,,8,0,0,0,2.0,0
0.1734,44,0,0.7105,2317.0,6,0,2,0,2.0,0
0.6279,41,0,1.0037,3727.0,13,0,2,0,0.0,0
0.2058,28,0,0.5481,12114.0,5,0,1,0,0.0,0
0.0094,51,0,1.1663,4112.0,3,0,1,0,2.0,0
0.491,28,0,0.0966,9325.0,9,0,1,0,0.0,0
0.0369,48,0,0.3882,6670.0,10,0,1,0,0.0,0
0.2253,57,0,0.0703,4300.0,5,0,2,0,0.0,0
0.5156,21,0,0.5236,4227.0,5,0,4,0,0.0,0
0.4244,62,0,0.3446,,9,0,2,0,1.0,0
0.0255,24,0,0.1484,2616.0,5,0,2,0,0.0,0
0.1284,77,0,0.9499,9359.0,13,0,0,0,0.0,0
0.4295,49,0,0.451,7028.0,6,0,2,0,0.0,0
0.4583,40,0,0.576,5460.0,10,0,4,0,3.0,0
0.2324,55,0,0.3207,10008.0,7,0,2,0,0.0,0
0.1112,39,0,0.6783,3877.0,11,0,1,0,0.0,0
0.2417,21,0,0.3534,4976.0,6,0,0,0,2.0,0
0.7687,68,0,0.5112,,5,0,1,0,2.0,0
4.3558,47,0,0.7831,11550.0,7,0,0,0,1.0,0
0.155,53,0,0.1273,13895.0,10,0,1,0,0.0,0
1.5122,50,0,0.5251,,6,0,0,0,2.0,0
2.8386,40,0,0.0575,10989.0,4,0,1,0,0.0,0
0.1578,36,0,0.2711,,4,0,2,0,0.0,0
0.7374,62,0,0.5423,,7,0,0,0,1.0,1
0.4975,59,0,0.6986,9568.0,18,0,1,0,0.0,0
0.7079,51,0,0.5947,4413.0,5,0,1,0,1.0,0
0.2152,66,1,0.4564,4179.0,12,0,3,0,0.0,0
0.8256,51,0,0.9919,3969.0,10,0,2,0,1.0,0
0.3356,68,1,0.8395,,9,0,0,1,0.0,0
0.1567,73,0,0.4572,,6,0,1,0,0.0,0
0.3594,67,0,0.8063,,11,0,0,0,0.0,0
0.3362,58,0,0.3747,7339.0,9,0,2,0,1.0,0
0.1097,38,0,0.4499,5477.0,12,0,3,0,3.0,0
0.6572,58,0,0.4018,,2,0,1,0,3.0,0
1.1981,45,0,0.0662,,9,0,1,0,0.0,1
0.5411,62,0,0.9105,1733.0,3,0,0,0,1.0,0
0.0436,75,0,0.3582,5099.0,5,0,2,0,0.0,0
0.3728,51,0,0.6818,,3,0,1,0,2.0,0
0.5301,36,0,0.3644,,8,0,0,0,0.0,0
0.3854,62,0,0.2461,4169.0,15,0,1,0,1.0,0
0.2937,52,0,0.6646,3513.0,2,0,2,0,0.0,0
0.0241,74,0,0.4706,,8,0,1,0,1.0,0
0.531,53,1,0.0721,14453.0,8,0,0,0,0.0,0
0.3635,51,0,0.6288,,10,0,1,0,2.0,0
0.3547,53,0,0.5445,10396.0,9,0,1,0,2.0,0
0.1093,56,0,0.0904,10608.0,6,0,3,0,2.0,0
1.2702,24,0,0.8638,9482.0,9,0,0,0,1.0,0
0.0531,41,0,0.6639,6354.0,14,0,2,0,3.0,0
0.6715,67,0,0.7831,7023.0,5,0,0,0,0.0,0
0.0267,43,0,0.878,4607.0,6,0,0,0,0.0,0
3.6283,52,1,0.8529,3076.0,11,0,0,0,1.0,0
0.1593,49,0,0.5497,7655.0,7,0,0,0,1.0,0
0.0253,42,0,0.3343,6465.0,9,0,1,0,1.0,0
0.1572,50,0,0.6375,10081.0,5,0,0,0,1.0,0
0.7285,38,0,1.0069,3905.0,13,0,0,0,1.0,0
0.4839,31,0,0.8509,24262.0,12,0,0,0,0.0,0
0.4479,55,0,0.0825,6699.0,5,0,0,0,1.0,0
0.3606,75,0,0.5737,4093.0,7,0,0,0,0.0,0
0.0536,62,0,0.4552,1863.0,7,0,0,0,2.0,0
0.0218,63,0,0.9478,9790.0,7,0,1,0,1.0,0
0.569,67,0,0.0995,6999.0,4,0,0,0,0.0,0
0.6856,55,0,0.1955,4727.0,6,0,0,0,1.0,0
7.3641,52,0,0.867,5798.0,3,0,1,0,0.0,0
0.3263,40,0,0.6261,4834.0,5,0,0,0,1.0,0
0.6174,63,0,0.4673,7477.0,9,0,1,0,2.0,0
0.6565,56,0,0.2293,2562.0,12,0,0,0,0.0,0
0.5492,42,0,0.3258,6520.0,4,0,0,0,2.0,0
1.066,48,0,0.1522,,6,0,2,0,1.0,0
0.4851,36,0,0.3351,4784.0,11,0,2,0,2.0,0
0.1327,59,0,1.0601,6211.0,6,0,2,0,0.0,0
0.3028,74,0,0.7144,3112.0,9,0,1,0,2.0,0
0.0303,36,0,0.9514,11930.0,7,0,0,0,0.0,0
2.1907,67,0,0.8678,6162.0,11,0,0,0,0.0,0
0.2285,69,0,0.1778,3784.0,6,0,2,0,1.0,0
1.0091,36,0,0.8593,2402.0,6,0,1,0,0.0,0
0.0331,23,0,0.2102,953.0,11,0,2,0,0.0,0
0.1899,53,2,0.4528,6665.0,11,0,2,0,1.0,0
0.5053,50,0,0.294,5162.0,9,0,0,0,0.0,0
0.2351,49,0,0.5903,6322.0,7,0,0,0,0.0,0
0.6007,68,0,0.1909,1798.0,5,0,0,0,0.0,0
0.1023,47,0,0.6261,12357.0,7,0,2,0,0.0,0
0.1714,86,0,0.3756,,4,0,3,0,2.0,0
0.8565,30,0,0.2782,3409.0,7,0,2,0,1.0,0
0.4399,40,0,0.8554,4548.0,7,0,3,0,0.0,0
0.0555,40,0,0.6151,11266.0,8,0,0,0,0.0,0
1.4763,49,0,1.0132,7207.0,8,0,0,0,1.0,0
0.3685,72,0,0.3964,5406.0,9,0,2,0,1.0,0
0.5501,36,0,0.2181,,5,0,1,0,2.0,0
0.1234,39,0,0.0448,5252.0,7,0,0,0,1.0,0
1.1412,43,0,0.3887,10025.0,5,0,1,0,0.0,0
0.24,51,0,0.6244,,13,0,0,0,2.0,0
1.3117,54,0,0.6754,2182.0,6,0,1,0,1.0,1
0.3013,47,0,0.1722,9914.0,10,0,1,0,0.0,0
0.5342,34,0,0.7121,8004.0,6,0,2,0,0.0,0
0.7449,51,0,0.3526,5047.0,5,0,1,0,0.0,0
0.7213,72,0,0.4249,4287.0,14,0,1,0,0.0,0
0.5925,65,0,0.5983,4761.0,13,0,1,0,1.0,0
1.4119,46,0,0.3695,5525.0,10,0,0,0,0.0,0
0.3259,53,0,0.1999,9435.0,11,0,1,0,1.0,0
0.9686,59,0,0.5678,4044.0,9,0,2,0,0.0,0
0.0969,64,0,0.5949,2038.0,9,0,1,0,1.0,0
0.2379,73,0,0.0577,3510.0,7,0,1,0,1.0,0
3.9048,56,0,0.6129,14253.0,8,0,2,0,1.0,0
0.1761,36,0,0.489,,12,0,0,0,0.0,0
0.3273,31,0,0.3275,6048.0,5,0,1,0,3.0,0
0.0863,60,0,0.6687,6331.0,10,0,0,0,1.0,0
0.1526,32,0,0.3477,16957.0,6,0,0,0,0.0,0
0.7615,63,0,0.4307,6982.0,5,0,1,0,0.0,0
0.0933,44,0,0.3989,3130.0,11,0,1,0,0.0,0
0.3717,35,0,0.0301,4837.0,8,0,1,0,0.0,0
2.0561,59,3,0.1855,7128.0,11,0,0,0,1.0,0
0.5232,38,0,0.8438,3995.0,6,0,1,0,1.0,0
0.2301,59,0,0.4371,1656.0,6,0,4,0,0.0,0
0.1893,55,0,0.9342,6060.0,11,0,0,0,0.0,0
0.7122,25,0,0.048,1371.0,7,0,3,0,1.0,0
2.8697,72,0,0.3613,,7,0,2,0,2.0,0
0.1075,70,0,0.161,,6,0,2,0,1.0,0
0.4412,65,0,0.9397,,7,0,1,0,1.0,0
1.1069,66,0,0.211,6601.0,1,0,2,0,1.0,0
8.414,42,0,0.3088,,7,0,1,0,1.0,0
0.8181,68,0,0.7821,5610.0,6,0,3,0,0.0,0
0.4839,63,1,0.3054,,9,0,5,0,1.0,0
0.7983,23,0,0.482,,7,0,0,0,1.0,1
0.4326,38,0,0.1045,3189.0,16,0,2,0,0.0,0
0.0347,41,0,0.8123,,10,0,4,0,1.0,0
0.0405,73,0,0.281,4305.0,11,0,0,0,0.0,0
0.0486,38,0,0.1903,,7,0,0,0,2.0,0
1.367,44,0,0.389,2403.0,7,0,0,0,,0
0.5761,34,0,0.5244,,8,0,1,0,1.0,0
0.2255,45,0,0.5318,,6,0,0,0,0.0,0
0.279,66,0,0.3576,6429.0,4,0,0,0,0.0,0
0.3997,32,0,1.2035,,11,0,0,0,1.0,0
1.4317,59,0,0.8348,4191.0,9,0,0,0,1.0,0
0.4661,40,0,0.3758,2760.0,5,0,0,0,0.0,0
5.3586,78,0,0.3099,1746.0,4,0,0,0,0.0,0
0.105,54,0,0.3469,4185.0,7,0,0,0,0.0,0
0.0299,51,0,0.3271,3529.0,3,0,1,0,0.0,0
0.4118,44,0,0.6545,,7,0,3,0,0.0,0
1.1184,55,0,0.6163,9685.0,5,0,1,0,2.0,0
0.3766,31,0,0.5078,7304.0,10,0,1,0,0.0,0
0.1138,53,0,0.3497,3918.0,5,0,2,0,1.0,0
0.1035,44,0,0.3939,2546.0,12,0,0,0,1.0,0
0.5231,43,0,0.4279,4604.0,7,0,0,0,2.0,0
0.4559,81,0,0.8826,,9,0,0,0,0.0,1
0.8204,72,0,0.0265,8840.0,8,0,1,0,0.0,1
0.0985,72,0,0.3454,3527.0,13,0,2,0,1.0,0
0.3842,64,0,0.2524,2863.0,7,0,0,0,1.0,0
0.2894,58,0,0.708,10296.0,6,0,3,0,1.0,0
0.0169,73,0,0.2867,8358.0,8,0,2,0,1.0,0
0.4974,57,0,0.302,3503.0,11,0,3,0,,0
0.2783,61,0,0.6094,13504.0,10,0,0,0,0.0,0
0.1965,71,0,0.6794,3572.0,7,0,4,0,1.0,0
0.9945,63,0,0.7932,7262.0,10,0,1,0,1.0,0
0.1303,58,0,0.2528,14046.0,6,0,0,0,1.0,0
0.5232,63,0,0.7461,4381.0,12,0,1,0,0.0,0
1.331,54,0,0.2259,7915.0,4,0,1,0,1.0,0
0.3774,59,2,0.5177,8718.0,4,0,1,0,0.0,0
0.0146,60,0,0.7899,1132.0,13,0,1,0,0.0,0
0.4971,35,0,0.3708,6883.0,7,0,2,0,2.0,0
0.0281,42,0,0.1152,4338.0,11,0,1,0,0.0,0
0.4106,62,0,0.1535,5599.0,13,0,1,0,0.0,0
1.2497,54,0,0.6658,4389.0,10,0,1,0,1.0,0
0.2377,52,0,0.4599,3173.0,9,0,2,0,0.0,0
0.0875,56,0,0.2572,,7,0,0,0,0.0,0
3.361,24,0,0.6146,5531.0,11,0,0,0,4.0,0
0.3076,50,0,1.1355,1959.0,5,0,0,0,0.0,0
0.9414,50,0,0.3867,,11,0,1,0,0.0,0
0.5288,55,0,0.2746,,8,0,1,0,1.0,0
2.8395,64,0,0.55,5918.0,2,0,1,0,1.0,0
3.3291,47,0,0.7486,5521.0,8,0,2,0,1.0,0
0.6956,71,0,0.0883,4691.0,9,0,2,0,1.0,0
0.0982,38,0,0.4967,7198.0,8,0,0,0,2.0,0
0.3403,62,0,0.8257,8915.0,6,0,0,0,0.0,0
0.1284,45,0,0.255,,5,0,2,0,1.0,0
5.1755,68,0,0.3661,5250.0,8,0,0,0,1.0,0
0.4442,55,0,0.0391,8334.0,7,0,0,0,1.0,0
0.6692,35,3,0.3218,,17,2,1,0,2.0,0
1.0931,53,1,0.3221,2472.0,3,0,1,2,0.0,0
0.3466,58,0,0.9194,,5,0,3,0,1.0,0
0.5941,55,4,0.3985,,8,1,1,0,0.0,0
0.5288,57,0,0.3639,4637.0,8,0,1,0,0.0,0
0.4318,49,0,0.1978,6955.0,7,0,1,0,0.0,0
0.4271,44,0,0.714,13986.0,11,0,0,0,,0
0.9137,29,0,0.8578,,7,0,4,0,1.0,0
0.4475,60,0,0.2668,5529.0,6,0,1,0,0.0,0
0.946,59,0,0.2597,5192.0,13,0,1,0,0.0,0
0.081,79,0,0.6364,,7,0,0,0,,0
0.2503,51,0,0.4821,2739.0,10,0,1,0,0.0,0
0.0049,56,0,0.2635,4626.0,8,0,2,0,0.0,0
0.2044,54,0,0.2271,1234.0,12,0,1,0,0.0,0
1.3136,64,0,0.4095,,8,0,2,0,2.0,0
1.0548,45,0,0.2129,2665.0,15,0,1,0,1.0,0
0.2656,54,0,0.3184,10034.0,7,0,1,0,2.0,0
3.7056,52,0,0.4626,3036.0,7,0,1,0,1.0,0
0.62,62,0,0.7854,4805.0,14,0,0,0,0.0,0
0.4195,83,0,0.3084,,7,0,1,0,1.0,0
0.1094,57,0,0.4255,5020.0,6,0,4,0,1.0,0
0.3677,32,0,0.8406,,7,0,0,0,1.0,0
0.3121,36,0,0.6679,10440.0,11,0,0,0,1.0,0
1.0447,67,0,0.4173,8421.0,9,0,1,0,1.0,0
1.0569,29,0,0.6734,6050.0,8,0,1,0,0.0,0
0.4318,56,0,0.1496,,6,0,1,0,3.0,0
0.1949,42,0,0.6781,9340.0,12,0,1,0,0.0,0
0.7207,90,0,0.3575,2542.0,7,0,0,0,0.0,0
0.3822,35,0,0.7434,,7,0,1,0,0.0,0
0.3097,43,0,0.6886,5039.0,8,0,2,0,4.0,0
0.1781,63,0,0.8795,2052.0,13,0,0,0,1.0,0
0.4196,49,0,0.1372,,10,0,1,0,1.0,0
0.2416,42,0,0.0706,6998.0,7,0,0,0,1.0,0
0.5129,38,0,0.1786,7012.0,7,0,2,0,2.0,0
0.5076,43,0,0.4364,,11,0,0,0,0.0,0
0.1235,39,0,0.221,2258.0,8,0,2,0,2.0,0
0.0098,52,0,0.6883,5633.0,12,0,2,0,2.0,0
0.0628,79,0,0.3594,10703.0,7,0,3,0,0.0,0
0.6737,81,0,0.1962,,7,0,0,0,2.0,0
0.3688,81,0,1.099,9959.0,10,0,1,0,0.0,0
0.0596,50,0,0.3249,,9,0,1,0,2.0,0
0.3252,62,0,0.6314,,8,0,3,0,,0
0.2698,54,0,0.2177,9312.0,13,0,2,0,1.0,0
0.4017,41,0,0.3887,11094.0,5,0,0,0,2.0,0
1.0783,27,0,0.1887,1947.0,7,0,0,0,1.0,0
0.5998,27,1,0.3196,6187.0,9,0,1,0,0.0,0
0.1743,54,0,0.1597,4688.0,3,0,1,0,0.0,0
0.0046,33,0,0.4509,,8,0,1,0,0.0,0
0.1416,41,0,0.2315,,8,0,1,0,0.0,0
0.027,57,0,0.5077,2146.0,4,0,0,0,3.0,0
0.1691,21,0,0.2883,3670.0,8,0,0,0,0.0,0
0.8603,73,0,0.7801,,4,0,0,0,1.0,1
0.5629,53,0,0.1884,1911.0,12,0,2,0,0.0,0
0.2536,47,0,0.6901,4232.0,10,0,0,0,2.0,0
0.063,43,0,0.7535,,4,0,3,0,2.0,0
0.3435,59,0,0.7659,2469.0,8,0,2,0,0.0,0
0.0668,38,0,0.7172,3378.0,8,0,4,0,0.0,0
0.8222,70,0,0.4161,,4,0,1,0,1.0,0
2.4545,64,0,0.6896,2887.0,4,0,1,0,0.0,1
0.0032,42,0,0.6219,4493.0,12,0,2,0,0.0,0
0.0603,49,0,0.2335,,12,0,2,0,0.0,0
0.8301,69,0,0.4158,9753.0,6,0,0,0,0.0,0
0.5273,58,0,0.4399,9938.0,6,0,1,0,1.0,0
6.6259,49,0,0.0705,4944.0,7,0,2,0,0.0,0
0.0343,42,0,0.1867,5089.0,6,0,1,0,1.0,0
0.1663,50,0,0.4161,9069.0,5,0,1,0,0.0,0
0.6281,46,0,0.8349,10553.0,7,0,1,0,1.0,0
1.141,56,0,1.0965,,10,0,2,0,1.0,0
0.179,48,0,0.3052,,6,0,1,0,0.0,0
0.2328,38,0,0.261,1537.0,6,0,2,0,1.0,0
0.7955,67,0,0.4061,7006.0,15,0,1,0,2.0,0
0.5925,60,0,0.6576,1834.0,6,0,0,0,0.0,0
0.6062,38,0,0.5063,1992.0,10,0,0,0,1.0,0
0.4313,44,2,0.3971,5753.0,8,0,1,0,0.0,0
0.2814,62,0,0.1337,,5,0,0,0,1.0,0
0.5148,40,0,0.1798,,5,0,1,0,0.0,0
0.2135,50,0,0.1871,6790.0,6,0,1,0,1.0,0
0.3005,48,0,0.6848,4746.0,4,0,2,0,4.0,0
0.0367,42,0,0.9218,,21,0,3,0,2.0,0
0.3803,37,0,0.4682,2941.0,9,0,2,0,1.0,0
0.475,51,0,0.2304,,6,0,0,0,2.0,0
0.4269,39,0,0.4618,,11,0,0,0,1.0,1
0.5504,44,0,0.3197,,14,0,1,0,0.0,0
0.5802,64,0,0.0483,15020.0,8,0,2,0,0.0,0
0.2354,42,0,0.3488,9785.0,6,0,2,0,2.0,1
0.9574,58,0,0.6477,4046.0,11,0,2,0,0.0,0
2.217,65,1,0.1288,5493.0,5,0,4,0,0.0,0
2.6686,51,2,0.1347,5038.0,10,1,0,1,2.0,0
2.0913,59,1,0.904,,11,2,2,0,0.0,0
0.558,40,0,0.3383,4686.0,14,0,0,0,1.0,0
0.5171,62,0,0.5831,6635.0,12,0,2,0,1.0,0
0.2123,61,0,0.358,4368.0,7,0,1,0,0.0,0
0.0146,72,0,0.533,12473.0,5,0,0,0,0.0,0
0.1203,68,0,0.5375,2470.0,10,0,1,0,1.0,0
0.6785,56,0,1.1638,4539.0,12,0,0,0,2.0,0
0.241,91,0,0.2405,10208.0,4,0,0,0,1.0,0
1.6934,64,0,0.4761,,8,0,0,0,2.0,0
2.2246,70,1,0.6201,,9,0,1,1,1.0,0
0.3582,46,0,0.7538,,6,0,1,0,0.0,0
0.9547,47,0,0.2281,,7,0,1,0,0.0,0
0.3428,53,1,0.3041,7785.0,9,0,4,0,0.0,0
0.2633,38,0,0.6696,4519.0,9,0,0,0,0.0,0
0.393,53,0,0.2503,6674.0,6,0,2,0,0.0,0
7.0775,51,0,0.3783,1899.0,10,0,1,0,1.0,0
0.2039,67,0,0.3218,7546.0,9,0,0,0,1.0,1
0.8205,68,0,0.7112,2407.0,7,0,0,0,2.0,0
0.3896,54,0,0.2733,,9,0,0,0,0.0,0
0.0441,47,0,0.4845,8677.0,3,0,2,0,1.0,0
0.1332,77,0,0.925,12322.0,11,0,2,0,0.0,0
0.4574,31,0,0.5332,3139.0,11,0,2,0,2.0,0
0.4981,30,0,0.1123,3107.0,11,0,1,0,2.0,0
1.1,59,0,0.6079,10962.0,9,0,0,0,0.0,0
0.4046,51,0,0.4522,5718.0,6,0,0,0,1.0,0
0.02,48,0,0.1605,7181.0,11,0,0,0,2.0,0
0.5471,26,0,0.1876,2777.0,7,0,3,0,3.0,0
4.8135,40,0,0.5662,3271.0,7,0,1,0,0.0,0
0.4555,73,0,0.6338,3977.0,3,0,2,0,3.0,0
0.304,70,0,0.2976,5966.0,7,0,0,0,1.0,0
0.616,63,0,0.5626,8477.0,11,0,1,0,1.0,0
0.1547,41,0,0.3543,16252.0,7,0,1,0,1.0,0
0.4756,47,0,0.2181,2850.0,9,0,0,0,1.0,0
0.4569,46,0,0.1476,8917.0,7,0,1,0,0.0,0
0.3837,43,0,0.2317,8928.0,9,0,1,0,0.0,0
0.0957,44,0,0.6907,7270.0,10,0,1,0,1.0,0
0.9215,51,0,0.1368,4076.0,8,0,1,0,0.0,0
0.5811,31,0,0.0909,2492.0,6,0,1,0,1.0,0
1.3367,69,0,0.5571,12148.0,10,0,2,0,0.0,0
0.8896,50,0,0.4729,8921.0,11,0,2,0,0.0,0
0.9254,45,0,0.7976,,12,0,0,0,2.0,0
0.2236,30,0,0.6904,,6,0,0,0,0.0,0
0.7064,63,0,1.146,14563.0,4,0,0,0,2.0,0
1.7327,37,0,0.6374,4142.0,7,0,1,0,0.0,0
0.4346,59,0,0.1261,4372.0,5,0,1,0,2.0,0
0.6907,40,0,0.6954,13543.0,8,0,2,0,0.0,0
0.0626,54,0,0.4558,15572.0,3,0,1,0,0.0,0
0.5262,34,0,0.594,2167.0,8,0,3,0,0.0,0
0.6926,50,0,0.1086,3263.0,9,0,1,0,0.0,0
0.4929,51,0,0.4257,,14,0,0,0,2.0,0
0.8037,54,3,1.1294,,6,0,1,0,0.0,0
0.6434,64,0,0.5135,5667.0,11,0,1,0,0.0,0
0.0725,59,0,0.4496,4452.0,6,0,0,0,0.0,0
3.3573,74,0,0.5619,2493.0,8,0,0,0,1.0,1
1.2829,32,0,0.6619,5829.0,5,0,2,0,1.0,0
0.9215,81,0,0.2892,7396.0,9,0,0,0,3.0,0
0.81,65,0,0.556,8101.0,4,0,1,0,2.0,0
1.2657,46,0,0.8196,6614.0,6,0,1,0,0.0,0
3.9308,66,0,0.4713,11159.0,6,0,2,0,1.0,0
0.2897,77,0,0.7288,2772.0,8,0,1,0,2.0,0
0.0561,68,0,0.6203,3962.0,8,0,3,0,0.0,0
0.1558,38,1,0.9211,3324.0,8,0,3,0,2.0,1
0.2964,53,0,0.2107,,8,0,0,0,1.0,0
0.4746,63,0,0.3618,,5,0,1,0,0.0,0
1.4746,52,0,0.4765,4812.0,8,0,1,0,1.0,0
0.1533,58,0,0.4626,6954.0,8,0,0,0,2.0,0
0.8364,59,0,0.0939,2853.0,7,0,1,0,1.0,0
0.3456,38,0,0.4397,5578.0,9,0,1,0,0.0,0
0.7679,70,0,0.0961,8245.0,6,0,0,0,1.0,1
0.8787,53,0,0.5166,1260.0,8,0,1,0,0.0,0
0.166,51,0,0.8349,6811.0,6,0,2,0,0.0,0
0.0799,39,0,0.5795,7261.0,8,0,3,1,2.0,0
0.1651,49,0,0.3278,4412.0,9,0,1,0,0.0,0
1.2752,65,0,0.428,7343.0,14,0,1,0,1.0,0
1.2599,55,0,0.2569,11154.0,6,0,0,0,1.0,1
0.3791,62,0,0.1555,15948.0,11,0,0,0,2.0,0
0.8359,52,0,0.7746,3522.0,9,0,0,0,0.0,0
0.7253,53,0,0.5162,7562.0,4,0,1,0,0.0,0
0.1616,29,0,1.0528,,12,0,1,0,1.0,0
0.6987,57,0,0.4805,,7,0,1,0,0.0,0
0.3823,49,0,0.5564,8333.0,12,0,0,0,0.0,0
2.9836,56,0,0.0864,6421.0,11,0,2,0,0.0,0
0.2907,22,0,0.392,4702.0,12,0,2,0,0.0,0
4.5136,87,0,0.1873,,8,0,0,0,1.0,1
0.65,53,1,0.2986,,7,0,0,0,1.0,0
0.4896,58,0,0.7214,7294.0,12,0,0,0,1.0,0
0.5216,57,0,0.6433,,6,0,0,0,0.0,0
0.3157,48,0,0.3424,2861.0,14,0,1,0,0.0,0
1.8468,58,0,0.4949,,9,0,1,0,2.0,0
4.9268,69,2,0.7125,5265.0,8,0,1,0,0.0,0
0.0331,54,0,0.2286,7186.0,7,0,5,0,0.0,0
0.0166,64,0,0.2816,4013.0,6,0,2,0,0.0,0
0.0768,63,0,0.6293,5080.0,7,0,1,0,0.0,0
0.7185,62,0,0.3322,5099.0,5,0,0,0,0.0,0
0.222,78,0,0.2283,11134.0,11,0,0,0,0.0,0
0.7802,57,0,0.1758,16434.0,13,0,2,0,2.0,0
0.9161,51,0,0.6517,4370.0,7,0,2,0,1.0,0
0.0035,51,0,0.2271,,3,0,2,0,1.0,0
0.6279,58,0,0.4027,3397.0,11,0,0,0,1.0,0
0.3772,33,0,0.626,,6,0,0,0,0.0,0
0.9666,72,0,0.3002,5459.0,5,0,1,0,2.0,0
0.3671,49,0,0.4296,5218.0,3,0,0,0,0.0,0
3.2485,51,0,0.1864,9017.0,15,0,2,0,2.0,0
0.1009,34,0,1.0897,4046.0,13,0,2,0,1.0,0
2.8603,54,0,0.3803,4499.0,6,0,1,0,0.0,0
0.0762,33,0,0.2303,,8,0,0,0,0.0,0
0.247,28,0,0.2583,5827.0,8,0,3,0,,0
0.6241,42,0,0.2944,7999.0,7,0,1,0,0.0,0
0.8681,49,0,0.5759,9243.0,8,0,1,0,1.0,0
0.307,40,0,0.2374,5044.0,10,0,0,0,1.0,0
0.0311,56,0,0.5533,3205.0,4,0,2,0,1.0,0
0.3435,69,0,0.4679,9323.0,14,0,2,0,0.0,0
0.0227,55,0,0.8844,5716.0,5,0,3,0,1.0,0
1.2744,21,0,0.2024,11196.0,7,0,0,0,1.0,0
0.6085,52,0,0.3422,,5,0,1,0,0.0,0
0.517,60,0,0.4572,,8,0,1,0,1.0,0
0.18,47,0,0.7729,10723.0,8,0,1,0,1.0,0
1.0239,56,3,0.8754,2736.0,10,0,1,1,0.0,0
0.0618,56,0,0.6564,11285.0,3,0,1,0,1.0,0
1.0876,37,0,1.1072,6827.0,7,0,0,0,2.0,0
0.6826,69,0,0.3395,3123.0,4,0,0,0,1.0,0
0.4781,48,1,0.3784,17376.0,6,0,1,1,0.0,0
0.2261,47,0,0.2487,2662.0,9,0,0,0,0.0,0
0.0656,58,0,0.3143,4850.0,11,0,0,0,1.0,0
2.7114,30,0,0.7496,4215.0,6,0,1,0,1.0,0
0.0182,70,0,0.72,4868.0,12,0,2,0,1.0,0
0.6809,38,0,0.0285,13847.0,8,0,1,0,3.0,0
0.5018,77,0,0.8865,2693.0,7,0,1,0,0.0,1
0.5088,68,0,0.6125,10875.0,9,0,2,0,0.0,0
0.0526,38,0,0.515,2825.0,7,0,2,0,,0
0.437,57,2,0.4801,4169.0,6,0,1,0,1.0,0
0.1837,39,0,0.1389,4967.0,8,0,0,0,3.0,0
0.4349,37,0,0.6979,13167.0,11,0,2,0,0.0,0
0.4185,21,0,0.5505,6077.0,8,0,1,0,0.0,0
0.2664,61,0,0.667,2299.0,13,0,0,0,1.0,0
0.4549,46,0,0.1509,,8,0,0,0,1.0,0
0.207,63,0,0.5141,9430.0,8,0,5,0,0.0,0
0.1341,55,0,0.2994,5241.0,3,0,3,0,2.0,0
1.2566,35,2,0.4652,4719.0,4,0,1,0,2.0,0
1.5496,64,0,0.3689,,12,0,0,0,0.0,0
0.5971,59,1,0.0845,,9,0,1,0,2.0,0
0.1163,45,0,0.3827,7256.0,8,0,3,0,0.0,0
0.4352,66,0,0.7018,,6,0,0,0,1.0,0
0.0256,48,0,0.2745,10115.0,8,0,0,0,1.0,0
0.1897,41,0,0.2827,11453.0,6,0,1,0,1.0,0
0.1843,49,0,0.4686,,6,0,1,0,1.0,0
3.4007,47,0,0.9371,7634.0,4,0,1,0,1.0,0
0.7606,31,0,0.2376,3942.0,7,0,0,0,0.0,0
0.0693,21,0,0.3505,,7,0,3,0,0.0,0
0.8338,75,2,0.8102,,5,0,4,0,0.0,0
0.6382,68,0,0.8913,3337.0,9,0,1,0,0.0,0
0.8521,73,0,0.2898,4418.0,8,0,1,0,0.0,1
0.2451,65,0,0.9174,5388.0,13,0,1,0,1.0,0
17.3145,46,0,0.0924,3301.0,5,0,1,0,1.0,0
0.1741,50,0,0.7171,4255.0,14,0,2,0,2.0,0
0.2677,43,0,0.2787,3471.0,7,0,1,0,0.0,0
0.4568,60,0,0.6047,6187.0,7,0,2,0,1.0,0
0.5429,59,2,0.3968,,7,0,1,1,2.0,0
0.4074,47,0,0.4105,6114.0,6,0,2,0,0.0,0
0.1409,58,0,0.2432,4622.0,6,0,1,0,1.0,0
4.5214,68,0,0.4846,5519.0,9,0,0,0,2.0,0
1.2066,52,0,0.6748,7001.0,12,0,3,0,2.0,0
0.4528,36,0,0.6015,3792.0,14,0,0,0,1.0,0
0.7356,58,0,0.3885,6241.0,9,0,1,0,1.0,0
0.2474,35,0,0.359,8687.0,7,0,1,0,0.0,0
0.3478,41,0,0.6797,4177.0,8,0,1,0,0.0,0
0.4503,56,0,0.2161,8926.0,9,0,1,0,1.0,0
0.6,61,0,0.4131,4885.0,13,0,1,0,1.0,0
0.1104,53,0,0.2828,10420.0,11,0,0,0,1.0,0
0.5469,38,0,0.6327,2942.0,8,0,0,0,1.0,0
0.9798,91,0,0.0413,7047.0,10,0,1,0,3.0,0
10.7921,45,0,0.2117,,13,0,3,0,1.0,0
0.9596,58,0,0.2102,4444.0,8,0,0,0,1.0,0
0.0768,44,0,0.8266,5911.0,4,0,1,0,0.0,0
0.7515,39,0,0.1588,,5,0,1,0,0.0,0
0.2129,53,0,0.6292,11896.0,7,0,3,0,0.0,0
5.6054,46,0,0.4442,13659.0,7,0,0,0,2.0,0
0.3772,53,0,0.2734,9282.0,6,0,1,0,0.0,0
0.7783,43,0,0.5269,9963.0,7,0,1,0,2.0,0
1.1831,54,1,0.7939,,7,1,3,1,0.0,0
0.3191,41,0,0.2596,7092.0,11,0,1,0,1.0,0
0.7383,67,0,0.6428,8744.0,11,0,0,0,1.0,0
0.2717,56,0,0.4134,4261.0,7,0,1,0,1.0,0
0.3359,50,0,0.1739,2930.0,11,0,0,0,1.0,0
0.03,52,0,0.2867,,8,0,1,0,1.0,0
0.1287,47,0,1.2308,4100.0,8,0,0,0,0.0,0
0.0986,54,0,0.4419,11229.0,7,0,1,0,0.0,0
0.1659,73,0,1.0588,16580.0,3,0,1,0,2.0,0
0.3966,44,0,0.1562,5804.0,11,0,1,0,0.0,0
0.7043,54,0,0.4572,,9,0,0,0,1.0,0
0.688,41,0,0.2338,3517.0,9,0,3,0,0.0,0
0.3267,21,0,0.327,5334.0,5,0,3,0,2.0,0
0.2078,61,0,0.7046,8843.0,6,0,2,0,0.0,0
0.3104,67,0,0.8409,11263.0,3,0,1,0,1.0,0
0.2854,58,0,0.0303,7032.0,10,0,2,0,1.0,0
0.4521,85,0,0.4905,,4,0,0,0,0.0,1
1.435,47,0,0.8468,,9,0,2,0,1.0,0
0.4021,39,0,0.9758,1909.0,14,0,3,0,0.0,0
1.1027,69,1,0.1265,4621.0,13,0,1,0,0.0,0
0.5182,69,0,0.6197,12969.0,5,0,1,0,1.0,0
0.3344,67,0,0.5947,2378.0,8,0,2,0,0.0,0
0.458,37,0,0.4871,8761.0,8,0,1,0,1.0,0
0.0272,42,0,0.7697,2811.0,9,0,1,0,0.0,0
0.8403,29,0,0.2329,2375.0,6,0,1,0,1.0,0
0.2022,80,0,0.7857,4158.0,10,0,1,0,1.0,0
0.2133,39,0,0.6576,8441.0,7,0,3,0,,0
0.8976,35,0,0.3732,4595.0,7,0,2,0,0.0,0
0.5677,51,0,0.4652,12463.0,7,0,0,0,0.0,0
0.3225,54,0,0.9316,3843.0,7,0,3,0,1.0,0
3.133,61,0,0.2185,3113.0,7,0,0,0,1.0,0
0.5677,50,0,1.078,4916.0,7,0,2,0,0.0,0
0.6152,42,0,0.4161,3859.0,13,0,2,0,0.0,0
0.0495,46,0,1.0931,4110.0,8,0,2,0,0.0,0
0.0131,44,0,0.5403,3181.0,3,0,1,0,1.0,0
0.3544,72,1,0.2374,14532.0,11,2,1,1,0.0,1
0.3434,52,0,0.2682,13698.0,9,0,1,0,3.0,0
0.4702,61,0,0.15,3718.0,11,0,2,0,1.0,0
0.3538,49,1,0.2973,3185.0,5,0,1,1,0.0,0
0.5018,26,0,1.0826,3798.0,7,0,2,0,0.0,0
0.3206,75,0,0.4268,5288.0,8,0,1,0,3.0,0
0.6334,60,0,0.5086,,6,0,0,0,0.0,0
1.5392,57,0,0.1375,3041.0,7,0,1,0,1.0,0
0.5703,22,0,0.6612,,9,0,1,0,0.0,0
2.9877,50,0,0.6811,4512.0,9,0,2,0,1.0,0
0.6543,74,0,0.6155,8442.0,7,0,0,0,0.0,0
0.9752,70,0,0.8224,12987.0,6,0,0,0,0.0,0
0.5373,49,0,1.1564,3104.0,4,0,1,0,0.0,1
0.0233,69,0,0.1175,8796.0,12,0,0,0,2.0,0
2.4632,74,0,0.7221,3887.0,6,0,0,0,1.0,1
0.3097,50,0,0.6555,6249.0,7,0,1,0,0.0,0
1.2105,70,0,0.3128,4536.0,7,0,2,0,2.0,0
0.3056,70,0,0.8463,5547.0,7,0,2,0,0.0,0
0.2142,64,0,0.2888,,8,0,2,0,1.0,0
0.7249,65,0,0.8699,,11,0,0,0,0.0,0
0.0678,40,0,0.9357,3204.0,11,0,0,2,1.0,0
0.3122,63,0,0.9543,8287.0,4,0,0,0,1.0,0
0.5149,50,0,0.4107,6883.0,8,0,0,0,1.0,0
0.153,39,0,0.215,5474.0,6,0,2,0,1.0,0
0.3922,73,0,0.6391,,12,0,1,0,1.0,0
0.8641,50,0,0.1969,4787.0,7,0,1,0,0.0,0
0.5045,55,0,0.9013,3551.0,13,0,1,0,2.0,1
0.4091,54,0,0.383,5898.0,10,0,0,0,0.0,0
0.4822,30,0,0.7861,,8,0,2,0,0.0,1
0.0007,48,0,0.4232,5070.0,9,0,1,0,1.0,0
0.6828,63,0,0.2198,15495.0,7,0,0,0,0.0,0
0.3328,52,0,0.3925,5090.0,14,0,3,0,1.0,0
0.2028,47,0,0.8365,1605.0,11,0,1,0,3.0,0
0.5516,57,0,0.3425,,12,0,0,0,1.0,0
0.2802,67,0,0.9813,6643.0,6,0,0,0,0.0,0
0.1572,29,0,0.6805,3709.0,8,0,0,0,0.0,0
6.6061,51,0,0.3388,14157.0,9,0,3,0,1.0,0
1.0858,52,0,0.2376,4484.0,2,0,2,0,,0
0.9852,77,0,0.5867,,6,0,1,0,0.0,0
4.6254,69,0,0.5262,8873.0,8,0,2,0,0.0,0
0.5309,33,0,0.3169,5461.0,12,0,0,0,1.0,0
1.5684,71,0,0.1486,,8,0,1,0,2.0,1
0.0058,50,0,0.4873,8041.0,8,0,0,0,0.0,0
0.3369,29,0,0.0814,2522.0,7,0,1,0,1.0,0
0.0099,33,0,0.8785,9117.0,13,0,3,0,0.0,0
0.8792,71,0,0.5498,3439.0,13,0,1,0,0.0,1
0.4449,58,0,1.3044,16555.0,8,0,4,0,0.0,0
0.44,38,1,0.615,3506.0,8,0,0,0,0.0,0
0.3868,74,0,0.1577,5397.0,5,0,2,0,0.0,0
0.0803,62,0,0.4963,11431.0,8,0,1,0,0.0,0
1.0594,48,0,1.0399,6827.0,8,0,1,0,1.0,0
0.4197,56,0,0.4545,14041.0,6,0,0,0,1.0,0
0.0654,40,0,1.25,,8,0,1,0,2.0,0
0.2085,80,0,0.7321,6684.0,7,0,0,0,0.0,0
0.5338,35,0,0.3932,,9,0,0,0,1.0,0
0.5243,34,0,0.4293,,4,0,1,0,0.0,0
0.2531,55,0,0.9132,14632.0,11,0,1,0,1.0,0
0.1134,92,0,0.5739,,12,0,4,0,0.0,0
0.3742,32,0,0.7513,5195.0,4,0,0,0,2.0,0
1.1015,63,0,0.2798,7467.0,10,0,2,0,0.0,0
0.0499,53,0,0.1244,,5,0,0,0,0.0,0
0.0165,58,0,0.2995,6903.0,8,0,1,0,0.0,0
0.0531,68,0,0.5141,,5,0,1,0,1.0,0
0.0818,42,1,0.5736,,11,0,0,3,1.0,0
0.0506,48,0,0.8166,2977.0,9,0,0,0,1.0,0
0.0709,42,0,0.6385,8395.0,7,0,1,0,3.0,0
0.2958,72,0,0.2668,3189.0,9,0,4,0,2.0,0
0.0128,70,0,0.933,6177.0,7,0,1,0,1.0,0
0.9488,36,0,0.7375,2531.0,9,0,2,0,0.0,1
0.1694,57,0,0.3957,8593.0,8,0,0,0,1.0,0
2.5801,67,0,0.1807,7017.0,3,0,1,0,1.0,0
0.3312,30,2,0.559,5117.0,4,0,2,0,1.0,0
0.5738,71,0,0.3682,,10,0,1,0,1.0,0
0.1166,51,0,0.2665,,5,0,2,0,0.0,0
0.3918,46,0,0.8264,4299.0,8,0,2,0,0.0,0
0.5202,72,0,0.8873,,13,0,2,0,1.0,0
0.5999,68,0,0.7878,2273.0,10,0,1,0,0.0,0
0.2719,33,0,0.1699,2030.0,4,0,0,0,1.0,0
0.3511,62,0,0.77,8566.0,8,0,0,0,1.0,0
0.4057,62,0,0.6106,,12,0,0,0,0.0,0
0.2687,21,0,0.7054,,10,0,1,0,,0
0.3625,60,0,0.5131,,6,0,0,0,0.0,0
0.7297,46,1,0.6875,3140.0,13,0,1,0,1.0,0
0.5001,68,0,0.3571,5871.0,9,0,3,0,1.0,0
0.4515,40,0,0.2435,4983.0,15,0,1,0,0.0,0
0.0868,54,0,0.4995,4283.0,4,0,0,0,0.0,0
0.0689,45,2,0.0533,8822.0,11,0,3,0,1.0,0
2.5122,43,0,0.5988,,5,0,0,0,1.0,0
4.7137,21,0,0.2527,5483.0,8,0,0,0,0.0,0
0.0811,67,0,0.2924,2620.0,6,0,0,0,1.0,0
0.5581,68,0,0.3094,5954.0,10,0,2,0,,0
1.1297,53,0,0.1288,3444.0,8,0,1,0,,0
0.2665,57,0,0.7151,5131.0,7,0,2,0,0.0,0
0.1649,42,0,0.1569,12858.0,2,0,0,0,0.0,0
0.2759,67,1,0.092,,13,1,1,2,1.0,0
0.1914,55,0,0.4751,4859.0,5,0,1,0,0.0,0
2.0477,53,0,0.8338,,9,0,1,0,1.0,0
0.0148,73,0,0.5264,,9,0,1,0,1.0,0
0.0142,34,0,0.1869,6157.0,9,0,0,0,1.0,0
0.7771,25,0,0.079,8505.0,2,0,2,0,1.0,0
0.2293,58,0,0.0515,,6,0,1,0,0.0,0
0.2676,49,0,0.1166,1517.0,9,0,0,0,0.0,0
0.7228,36,0,0.8065,2569.0,13,0,0,0,0.0,0
0.4451,54,0,0.1783,,7,0,0,0,0.0,0
0.204,57,0,0.6868,3440.0,7,0,1,0,0.0,0
0.8226,64,0,0.4644,3533.0,6,0,1,0,1.0,0
0.584,37,0,0.7204,,7,0,2,0,0.0,1
0.3488,46,0,0.2233,13381.0,6,0,1,0,0.0,0
0.4011,56,0,0.5436,3694.0,3,0,1,0,1.0,0
0.004,68,0,0.1201,1996.0,10,0,3,0,1.0,0
0.1522,65,0,0.6752,4576.0,6,0,0,0,1.0,0
1.1161,45,0,1.0455,6045.0,9,0,4,0,1.0,0
0.5784,59,0,0.3699,6012.0,4,0,1,0,0.0,0
0.8443,45,0,0.1896,2767.0,8,0,3,0,1.0,0
0.3109,46,0,0.7445,,3,0,2,0,1.0,0
0.2413,48,0,0.7316,13468.0,11,0,1,0,0.0,0
0.354,43,0,0.6843,3582.0,14,0,0,0,1.0,0
0.0165,62,0,0.1009,5105.0,9,0,0,0,1.0,0
2.0507,65,0,0.7482,4862.0,9,0,1,0,0.0,1
2.4901,46,0,0.2227,4105.0,10,0,4,0,0.0,0
0.1619,54,0,0.6614,,8,0,0,0,1.0,0
0.2656,47,1,0.4523,12231.0,5,1,1,0,0.0,0
3.075,39,0,0.4828,,10,0,0,0,0.0,1
0.0125,37,0,0.2834,11599.0,3,0,4,0,0.0,0
0.921,76,0,0.817,3289.0,11,0,4,0,2.0,1
0.8137,42,0,0.5201,25094.0,11,0,1,0,0.0,0
0.1128,61,0,0.1473,4018.0,11,0,0,0,3.0,0
0.3746,57,0,0.1698,4949.0,13,0,0,0,0.0,0
0.2879,35,0,0.5737,4567.0,9,0,3,0,1.0,0
1.1783,58,1,0.3496,5744.0,4,0,3,0,2.0,0
0.2632,56,0,0.5133,,8,0,1,0,2.0,0
2.5467,52,4,0.4511,,8,2,3,2,1.0,0
0.0587,46,0,0.7664,,5,0,1,0,0.0,0
0.3164,52,0,0.0567,,3,0,1,0,0.0,0
0.5003,59,0,0.2998,,12,0,0,0,0.0,0
0.0208,40,0,0.3786,17883.0,6,0,0,0,0.0,0
0.2723,72,0,0.521,1896.0,9,0,1,0,1.0,0
6.2163,62,0,0.3158,6971.0,6,0,1,0,1.0,0
0.2423,21,0,0.3788,,14,0,1,0,2.0,0
0.2328,49,0,0.7079,4533.0,9,0,1,0,0.0,0
0.2921,82,0,0.7416,11532.0,7,0,1,0,0.0,0
0.4387,57,0,0.046,,6,0,4,0,0.0,1
0.0522,42,0,0.3817,7987.0,9,0,1,0,1.0,0
0.2045,61,0,0.4617,,9,0,1,0,1.0,0
1.1157,22,0,0.1583,2679.0,9,0,0,0,4.0,0
0.0647,56,0,0.2705,9888.0,8,0,0,0,1.0,0
0.1337,45,0,0.2067,3180.0,11,0,0,0,0.0,0
0.1518,53,0,0.4193,,6,0,2,0,0.0,0
0.3887,33,0,0.1141,,5,0,0,0,0.0,0
0.0934,46,0,1.1319,12746.0,6,0,1,0,3.0,0
0.0576,21,0,1.0808,6698.0,10,0,0,0,0.0,0
0.3098,43,0,0.4805,3025.0,3,0,1,0,0.0,0
0.6845,54,0,0.9625,4236.0,13,0,2,0,2.0,0
0.2191,68,0,0.055,6441.0,8,0,0,0,1.0,0
0.7806,87,0,0.5589,8480.0,5,0,1,0,3.0,0
0.6275,41,0,0.4312,3167.0,8,0,1,0,1.0,0
0.0936,59,0,0.7421,5707.0,6,0,1,0,0.0,0
0.4931,47,0,0.2168,3874.0,14,0,0,0,0.0,0
0.0896,48,0,0.2021,5206.0,3,0,1,0,1.0,0
0.8206,53,0,0.1786,,9,0,0,0,2.0,0
0.7556,50,0,0.8296,2462.0,10,0,1,0,,1
1.0256,78,0,0.4272,10647.0,5,0,2,0,1.0,0
1.1239,48,0,0.1378,7248.0,8,0,1,0,0.0,0
0.1242,36,0,0.2677,,8,0,3,0,1.0,0
0.7403,55,0,0.9159,7986.0,10,0,1,0,1.0,0
0.5619,37,0,0.5819,4521.0,10,0,0,0,1.0,0
2.5464,47,0,0.6595,3510.0,6,3,2,0,0.0,0
0.1622,67,0,0.4714,1952.0,7,0,3,0,1.0,0
0.6616,49,0,0.829,3804.0,13,0,1,0,1.0,0
1.2074,59,0,0.4602,16316.0,9,0,1,0,1.0,0
0.9475,49,0,0.3305,4907.0,11,0,1,0,1.0,0
0.6009,56,0,0.4764,8897.0,11,0,1,0,0.0,0
0.059,42,0,0.214,4775.0,9,0,0,0,1.0,0
0.2398,63,0,0.4648,8036.0,7,0,1,0,0.0,0
0.7954,34,0,1.0646,7643.0,11,0,2,0,0.0,0
0.2749,41,0,0.7633,,4,0,1,0,0.0,0
2.1618,53,0,0.3943,5886.0,13,0,2,0,1.0,0
0.515,64,0,0.4025,5047.0,12,0,0,0,3.0,0
3.9155,55,0,0.6049,6035.0,6,0,1,0,0.0,0
0.456,59,0,0.7849,,10,0,2,0,1.0,0
0.4429,35,0,0.3136,,13,0,1,0,0.0,0
1.3745,48,0,0.9208,3030.0,13,0,2,0,0.0,0
0.7578,55,0,0.3103,4345.0,11,0,4,0,1.0,0
0.4671,53,0,0.3031,,12,0,1,0,1.0,0
0.0447,37,0,0.7027,3375.0,10,0,0,0,0.0,0
0.4383,40,0,0.1946,,4,0,2,0,1.0,0
0.587,50,0,0.4254,5311.0,9,0,2,0,1.0,0
0.37,62,0,0.2286,17380.0,8,0,0,0,0.0,0
4.3298,81,0,0.5385,10111.0,12,0,1,0,2.0,0
0.4605,37,0,0.8934,,10,0,1,0,1.0,0
1.189,53,0,0.6566,4496.0,6,0,0,0,3.0,0
0.2277,38,0,0.6933,11373.0,10,0,2,0,0.0,0
0.6992,52,0,0.6894,4531.0,7,0,2,0,2.0,0
0.4137,47,0,0.523,13809.0,9,0,1,0,2.0,0
0.0238,58,0,0.2399,8484.0,11,0,0,0,0.0,0
0.1089,24,0,0.344,,7,0,1,0,0.0,0
1.015,47,0,0.4696,22409.0,7,0,1,0,2.0,0
0.6128,54,0,0.5859,3500.0,11,0,0,0,1.0,0
0.6454,55,0,1.0879,,4,0,1,0,2.0,0
0.3446,57,0,0.4892,5526.0,6,0,2,0,2.0,0
0.1243,54,0,0.6542,9706.0,9,0,1,0,2.0,0
0.54,70,0,0.7066,,9,0,1,0,0.0,1
1.0951,71,0,0.2621,7187.0,11,0,0,0,1.0,0
0.2624,49,0,0.5106,4516.0,6,0,0,0,0.0,0
0.1504,45,0,0.6346,3949.0,5,0,0,0,3.0,0
0.4975,55,0,0.6567,11353.0,8,0,2,0,1.0,0
0.2752,63,0,0.174,,13,0,3,0,0.0,0
0.6882,53,0,0.2015,10962.0,7,0,2,0,0.0,0
0.6019,37,0,0.3811,2837.0,6,0,2,0,0.0,0
0.197,65,0,0.332,8207.0,9,0,2,0,2.0,0
0.1184,58,0,0.2439,8966.0,4,0,2,0,2.0,0
0.1552,77,0,0.4977,12045.0,6,0,3,0,0.0,0
0.535,42,0,0.5439,4200.0,10,0,2,0,0.0,0
0.0902,55,0,0.5593,3389.0,12,0,1,0,0.0,0
3.4744,58,0,0.0707,,11,0,2,0,0.0,0
2.1969,49,0,0.1825,1238.0,7,0,2,0,2.0,0
0.379,39,0,0.4516,3869.0,6,0,1,0,1.0,0
0.4973,56,0,0.7914,2691.0,7,0,1,0,1.0,1
0.4277,46,0,0.94,8366.0,7,0,0,0,0.0,0
0.0093,52,0,0.6931,,12,0,1,0,0.0,0
0.5441,53,0,0.5115,,6,0,1,0,2.0,1
0.4396,37,0,0.1796,3025.0,7,0,2,0,0.0,0
2.0511,46,0,0.1862,3992.0,6,0,1,0,0.0,0
0.0404,46,0,0.3229,4457.0,6,0,1,0,0.0,0
0.0253,53,0,0.4946,3517.0,15,0,2,0,0.0,0
0.4695,59,0,0.209,12014.0,6,0,0,0,1.0,0
0.1466,56,0,0.3172,4422.0,7,0,1,0,2.0,0
0.531,64,0,0.1098,5031.0,12,0,0,0,1.0,0
3.1969,54,0,0.3113,10197.0,6,0,1,0,0.0,0
7.5231,80,0,0.3501,3653.0,8,0,4,0,1.0,0
0.0313,57,0,0.1342,13369.0,4,0,1,0,1.0,0
0.316,33,0,0.4649,,9,0,1,0,1.0,0
1.7572,47,0,0.0323,2726.0,5,0,2,0,1.0,0
0.701,95,0,0.5214,,8,0,1,0,0.0,0
0.2273,33,0,0.153,3734.0,8,0,0,0,1.0,0
0.0702,59,0,0.3548,,6,0,2,0,0.0,0
0.4527,84,0,0.1712,6780.0,6,0,2,0,0.0,0
0.9956,35,2,0.7428,6175.0,5,1,1,3,0.0,0
0.7455,74,0,0.5976,,5,0,1,0,3.0,1
0.4951,74,0,0.7561,11479.0,5,0,1,0,,0
0.2592,48,0,0.1257,10361.0,7,0,0,0,2.0,0
0.6366,26,0,0.79,3103.0,9,0,0,0,,0
0.6861,61,0,0.8132,7331.0,8,0,1,0,0.0,0
0.2171,51,0,0.2825,8491.0,7,0,0,0,0.0,0
1.6587,50,0,0.8773,5283.0,9,0,0,0,0.0,0
0.6742,62,1,0.1784,4192.0,4,1,1,1,0.0,0
0.0693,52,0,0.675,5125.0,9,0,1,0,3.0,0
0.2164,30,0,0.3751,3141.0,5,0,0,0,0.0,0
0.0221,51,0,0.5008,8097.0,9,0,1,0,1.0,0
0.9595,57,0,0.1512,5800.0,2,0,0,0,0.0,0
1.6637,59,0,0.648,11969.0,9,0,0,0,2.0,0
1.643,70,0,0.2057,,9,0,0,0,0.0,1
0.1817,25,0,0.6512,3904.0,3,0,1,0,3.0,0
0.1572,66,0,0.088,3670.0,14,0,1,0,1.0,0
0.3638,47,0,0.4368,16375.0,11,0,2,0,0.0,0
0.33,55,0,0.9522,12684.0,9,0,0,0,2.0,0
0.063,64,0,0.6137,2901.0,5,0,1,0,1.0,0
0.5551,42,0,0.657,1701.0,7,0,3,0,0.0,0
0.5916,47,0,0.3041,2171.0,9,0,1,0,0.0,0
1.7064,60,0,0.4415,5893.0,7,0,0,0,1.0,0
0.236,44,0,0.1486,5334.0,5,0,0,0,2.0,0
0.4098,57,0,0.2622,,9,0,1,0,0.0,0
0.7487,37,0,0.2571,7180.0,10,0,2,0,0.0,0
0.4059,69,0,0.5,1703.0,5,0,0,0,2.0,0
0.8839,63,0,0.3427,7287.0,10,0,1,0,0.0,0
0.5575,42,0,0.3171,,5,0,1,0,1.0,0
0.2328,68,0,0.461,3088.0,8,0,1,0,0.0,0
0.1209,58,0,0.3194,8420.0,5,0,0,0,0.0,0
0.2336,39,0,0.7407,3648.0,12,0,1,0,0.0,0
0.2605,62,0,0.1661,,6,0,1,0,0.0,0
0.6632,62,0,0.6567,7915.0,3,0,0,0,,0
0.282,30,0,0.4635,3407.0,6,0,0,0,,0
0.8506,21,0,0.4058,,6,0,4,0,0.0,0
0.1246,47,0,1.14,,4,0,0,0,2.0,0
0.1701,42,3,0.1435,1786.0,12,0,0,2,1.0,0
0.5625,61,0,0.3226,4558.0,2,0,0,0,1.0,0
0.4947,43,0,1.0012,,7,0,0,0,1.0,0
0.2542,44,0,0.3005,11028.0,6,0,2,0,0.0,0
0.5078,78,0,0.2932,4608.0,9,0,0,0,0.0,0
0.2716,70,0,0.1977,6000.0,14,0,3,0,0.0,0
0.1701,31,0,0.0899,7397.0,11,0,1,0,2.0,0
2.1555,71,0,0.0629,6875.0,10,0,2,0,1.0,1
3.7716,74,0,0.3411,,5,0,0,0,0.0,0
0.2312,50,0,0.6341,8970.0,8,0,3,0,2.0,0
0.6441,47,0,0.5179,,11,0,0,0,2.0,0
0.6737,26,0,0.1169,,10,0,2,0,2.0,0
0.543,33,0,0.7141,6623.0,6,0,2,0,1.0,0
0.2265,51,0,0.3474,,8,0,0,0,2.0,0
0.4037,46,0,0.588,13984.0,3,0,0,0,1.0,0
0.1598,47,0,0.224,12666.0,5,0,1,0,0.0,0
0.3549,57,0,0.4551,,7,0,0,0,4.0,0
0.0272,77,0,0.431,12866.0,11,0,0,0,1.0,0
4.2151,44,0,0.5172,8730.0,6,0,1,0,,0
0.6215,44,1,0.7494,5583.0,5,0,1,1,1.0,0
0.3395,50,0,0.6879,7929.0,5,0,1,0,2.0,0
0.184,49,0,0.3373,4822.0,10,0,2,0,1.0,0
0.4013,76,0,0.1441,1858.0,10,0,1,0,2.0,0
0.5819,50,0,0.9616,,8,0,1,0,1.0,0
0.3259,65,0,0.5031,3758.0,3,0,0,0,2.0,0
0.3524,89,0,0.9771,6839.0,6,0,1,0,1.0,0
0.6755,77,0,0.455,,4,0,1,0,0.0,0
0.5415,50,0,0.3368,1499.0,11,0,1,0,1.0,0
0.8265,46,0,0.6324,3642.0,5,0,0,0,0.0,1
0.3819,39,1,0.3641,1633.0,12,0,0,0,1.0,0
0.024,54,0,1.1111,2386.0,5,0,1,0,1.0,0
0.3928,30,0,0.5885,6002.0,8,0,0,0,0.0,0
0.0788,84,0,0.8985,9372.0,6,0,2,0,2.0,0
0.8193,45,1,0.4432,9090.0,5,0,1,0,1.0,0
0.4273,53,1,0.2352,6989.0,10,0,0,0,0.0,0
0.1448,56,0,0.4654,,10,0,0,0,2.0,0
0.1883,36,0,0.3666,11165.0,9,0,3,0,1.0,0
1.541,66,0,0.4617,3813.0,6,0,0,0,1.0,0
0.0913,59,0,1.1241,,11,0,0,0,0.0,0
0.146,49,0,0.5598,4620.0,9,0,0,0,2.0,0
0.0339,58,0,0.3522,4728.0,7,0,1,0,1.0,0
0.4385,51,0,0.7975,3230.0,11,0,0,0,1.0,0
1.6039,52,0,0.3098,,8,0,3,0,0.0,0
0.5487,43,0,0.4214,,9,0,2,0,2.0,0
0.4121,54,0,0.54,,9,0,0,0,0.0,0
0.1171,58,0,0.3243,6733.0,7,0,0,0,0.0,0
0.2204,41,0,0.4095,,5,0,0,0,1.0,0
0.954,56,0,0.7134,,11,0,0,0,0.0,1
0.729,25,1,0.8898,2735.0,2,0,1,1,1.0,0
0.5458,70,2,0.208,8955.0,4,0,0,0,0.0,0
0.4578,35,0,0.5048,5343.0,10,0,0,0,1.0,0
1.5399,28,1,0.4684,2155.0,11,0,1,0,1.0,0
0.577,45,0,0.4069,,7,0,1,0,1.0,0
0.1884,56,0,0.5671,11340.0,6,0,0,0,2.0,0
0.4252,48,0,0.3886,,4,0,1,0,0.0,0
2.7841,64,0,0.7492,4755.0,10,0,1,0,0.0,0
0.5715,49,0,0.5723,2048.0,6,0,2,0,0.0,0
1.3693,50,0,0.3233,5271.0,3,0,1,0,3.0,0
0.2238,51,0,0.3658,5962.0,9,0,0,0,1.0,0
0.2081,77,0,0.2398,,7,0,0,0,0.0,0
0.5386,47,0,0.1772,4805.0,8,0,1,0,0.0,0
8.7824,88,0,0.0726,10462.0,8,0,0,0,1.0,0
0.0028,81,0,0.7605,7749.0,7,0,2,0,1.0,0
0.1417,36,0,0.1902,4040.0,12,0,1,0,,0
0.3205,66,0,0.3604,,6,0,2,0,2.0,0
1.955,44,0,0.0822,10528.0,8,0,1,0,0.0,0
0.4117,55,0,0.0881,4204.0,10,0,1,0,3.0,0
0.1101,30,0,0.4906,6145.0,8,0,1,0,1.0,0
0.3772,52,0,0.1904,,12,0,1,0,0.0,0
0.0272,92,0,0.5314,15214.0,12,0,1,0,0.0,0
6.6149,42,0,0.0808,,5,0,0,0,1.0,0
0.0577,64,0,0.1252,7827.0,12,0,0,0,1.0,0
0.6925,55,0,0.656,,7,0,1,0,1.0,0
1.4007,46,3,1.3191,3851.0,6,0,1,0,1.0,1
0.9619,70,0,0.2936,4973.0,7,0,0,0,0.0,1
0.6393,47,0,0.4159,4921.0,6,0,3,0,1.0,0
0.817,53,0,0.6674,1992.0,9,0,0,0,0.0,0
5.5531,57,0,0.6644,4487.0,3,0,0,0,1.0,0
0.4086,70,0,0.2128,10587.0,2,0,1,0,0.0,0
0.5984,48,0,0.3416,13105.0,3,0,2,0,0.0,0
0.4522,85,0,0.0247,12997.0,4,0,1,0,1.0,0
0.0732,28,0,0.7403,,10,0,0,0,1.0,0
1.2085,45,0,0.758,,4,1,2,0,1.0,0
2.4076,71,0,0.036,5957.0,8,0,1,0,0.0,0
0.0192,45,2,0.9037,5137.0,5,1,0,0,1.0,0
0.2305,56,0,0.3792,2410.0,11,0,2,0,0.0,0
0.0016,40,0,0.3088,11805.0,6,0,0,0,,0
0.3737,33,0,0.2819,,10,0,0,0,0.0,0
1.7739,46,0,0.3054,2871.0,4,0,0,0,0.0,0
0.5869,64,0,0.5506,6434.0,4,0,0,0,0.0,0
1.0326,45,0,0.7415,,9,0,1,0,0.0,0
0.6167,52,0,1.1182,3201.0,8,0,0,0,0.0,0
0.1715,46,0,0.6994,8567.0,7,0,2,0,2.0,0
0.1432,63,0,0.9455,1483.0,16,0,1,0,2.0,0
0.3137,31,0,0.1078,2846.0,5,0,1,0,0.0,0
0.2514,52,0,0.5522,4221.0,2,0,0,0,1.0,0
0.401,48,0,0.2413,11348.0,7,0,1,0,0.0,0
1.6964,41,0,0.7842,9077.0,6,0,2,0,0.0,0
0.6994,70,0,0.3266,6801.0,7,0,0,0,3.0,0
0.1147,29,0,0.1,,11,0,0,0,1.0,0
0.8995,58,0,0.1544,5473.0,3,0,0,0,1.0,0
0.7543,60,0,0.1785,9039.0,8,0,2,0,0.0,0
0.0576,48,0,0.6935,,5,0,0,0,0.0,0
0.0722,81,0,0.1648,4947.0,9,0,0,0,0.0,0
0.2319,59,0,0.609,9153.0,9,0,1,0,2.0,0
0.2669,43,0,0.2266,5689.0,8,0,0,0,0.0,0
3.8055,62,0,0.7505,8752.0,7,0,3,0,1.0,0
5.1316,47,0,0.0547,,4,0,2,0,2.0,0
0.4226,48,0,0.3779,,8,0,2,0,0.0,0
0.669,69,0,0.3706,2887.0,8,0,3,0,1.0,0
0.1664,61,1,0.5176,18499.0,9,0,0,0,0.0,0
0.9328,68,0,0.7932,5612.0,6,0,0,0,1.0,0
0.1926,21,0,0.2678,2675.0,10,0,0,0,1.0,0
0.2971,58,0,0.161,10255.0,7,0,1,0,1.0,0
0.184,75,0,0.173,2936.0,8,0,1,0,0.0,0
0.2877,38,0,0.2151,9445.0,12,0,2,0,2.0,0
0.732,56,0,0.3463,2833.0,8,0,1,0,0.0,0
0.1898,50,0,0.2457,2263.0,5,0,1,0,0.0,0
0.6187,64,0,0.4219,11142.0,5,0,0,0,0.0,0
3.9222,46,3,0.6151,4300.0,12,0,0,0,1.0,0
0.5947,65,1,0.2889,4416.0,11,0,0,1,1.0,0
0.2496,49,0,0.4353,7117.0,12,0,1,0,0.0,0
0.0687,92,0,0.3667,6639.0,3,0,2,0,0.0,0
3.4277,59,0,0.5577,13671.0,8,0,0,0,1.0,0
0.4225,86,0,0.7709,3111.0,15,0,0,0,0.0,0
0.5222,63,0,0.5362,3041.0,7,0,2,0,1.0,0
0.0605,48,0,0.4354,6820.0,9,0,0,0,1.0,0
7.7031,54,0,0.4756,1727.0,11,0,0,0,1.0,0
0.1344,59,0,0.2003,,9,0,1,0,0.0,0
0.1395,21,0,0.4776,2832.0,10,0,1,0,0.0,0
3.7195,67,0,0.2298,3861.0,5,0,3,0,1.0,0
3.0673,56,0,0.4531,2825.0,7,0,1,0,0.0,0
0.4876,61,0,0.1462,,7,0,1,0,1.0,0
0.9621,62,0,0.8942,4995.0,9,0,1,0,0.0,0
0.36,35,0,0.2565,,6,0,2,0,1.0,0
0.3428,55,0,0.8478,8693.0,9,0,1,0,1.0,0
0.5442,54,1,0.112,6367.0,4,0,0,3,0.0,0
0.0555,36,0,0.7966,,7,0,0,0,1.0,0
0.4808,74,0,0.6923,,4,0,0,0,2.0,1
0.9288,80,0,0.5527,,5,0,1,0,2.0,1
0.4746,48,0,0.5678,4232.0,8,0,2,0,0.0,0
0.2323,61,0,0.8668,3417.0,4,0,0,0,0.0,0
0.6456,53,0,0.3998,1304.0,3,0,2,0,,0
1.4437,48,0,0.7345,3300.0,6,0,0,0,1.0,0
0.5463,47,0,0.7261,,6,0,0,0,1.0,0
0.722,36,0,0.8451,5753.0,5,0,1,0,,0
1.4451,59,0,0.3437,5881.0,7,0,1,0,1.0,0
0.8097,44,0,0.4948,5189.0,10,0,2,0,0.0,1
0.5149,62,0,0.6513,6974.0,16,0,3,0,0.0,0
2.2548,47,0,0.698,9189.0,9,0,0,0,2.0,0
0.4461,37,0,0.7768,,6,0,3,0,,0
1.5046,44,0,0.5894,,11,0,3,0,1.0,0
1.11,58,0,0.4693,25426.0,10,0,0,0,0.0,0
0.3966,48,0,0.3352,,8,0,1,0,3.0,0
0.1093,40,0,0.3025,5626.0,10,0,1,0,,0
1.152,76,0,0.928,5112.0,2,0,1,0,0.0,0
0.1436,34,0,0.5699,8387.0,8,0,1,0,0.0,0
3.2861,71,0,0.8716,3378.0,8,0,0,0,1.0,0
0.0846,69,0,1.0114,5604.0,9,0,0,0,1.0,0
0.4706,65,0,0.3247,4176.0,6,0,2,0,2.0,0
0.8994,64,0,0.6784,1430.0,9,0,1,0,2.0,0
2.5062,42,0,0.2344,,4,0,0,0,1.0,0
0.757,45,0,0.4974,3536.0,4,0,1,0,1.0,0
4.7125,80,0,0.9104,,6,0,1,0,2.0,0
0.3944,68,0,0.2814,,14,0,2,0,0.0,0
0.5962,60,0,0.5044,3446.0,9,0,0,0,1.0,0
0.2035,45,0,0.2653,5109.0,7,0,0,0,0.0,0
0.7173,41,0,0.7812,,3,0,0,0,0.0,0
0.41,37,0,0.9192,5414.0,6,0,0,0,0.0,0
0.4554,43,0,0.2719,1925.0,8,0,3,0,0.0,0
0.0319,49,0,0.4237,,12,0,2,0,0.0,0
0.0166,56,0,0.2503,5539.0,12,0,0,0,3.0,0
0.5018,70,0,0.1896,1759.0,7,0,1,0,0.0,0
0.6055,83,0,0.9071,3766.0,8,0,0,0,1.0,1
0.2975,74,0,0.3558,3020.0,7,0,2,0,1.0,0
0.999,36,0,0.6744,,8,0,0,0,1.0,0
0.3521,43,0,0.466,6719.0,8,0,1,0,0.0,0
0.429,40,0,0.3791,4658.0,11,0,1,0,0.0,0
0.0196,69,0,0.3668,,8,0,1,0,1.0,0
2.8975,64,0,0.1337,4751.0,2,0,0,0,2.0,0
0.2893,47,0,0.5154,13870.0,10,0,0,0,0.0,0
0.6154,52,0,0.5544,,8,0,0,0,1.0,0
1.2392,57,0,0.2781,4685.0,7,0,0,0,0.0,0
0.1815,61,0,1.1251,3971.0,3,0,1,0,0.0,0
0.4308,71,0,0.8179,,5,0,3,0,1.0,0
0.0602,57,0,0.5538,8162.0,4,0,1,0,2.0,0
1.7937,51,0,0.3148,3963.0,11,0,0,0,1.0,0
0.146,60,0,0.7222,11584.0,7,0,0,0,0.0,0
0.4086,51,0,0.4972,29722.0,9,0,1,0,0.0,0
0.776,59,0,1.1631,3409.0,10,0,0,0,1.0,1
0.0726,51,0,0.5292,9917.0,6,0,2,0,2.0,0
0.2662,70,0,0.1331,,5,0,2,0,0.0,0
3.8613,72,1,0.3457,4336.0,2,0,0,1,0.0,0
1.2397,51,0,0.3017,1784.0,6,0,0,0,0.0,0
0.2447,83,0,0.7014,8084.0,19,0,1,0,1.0,0
0.0,57,0,0.2297,4508.0,4,0,2,0,0.0,0
1.0672,60,0,0.175,2790.0,5,0,0,0,0.0,0
0.7963,74,0,0.6701,3070.0,9,0,0,0,2.0,0
0.6655,82,0,0.3654,15653.0,6,0,1,0,0.0,0
0.1293,70,0,0.7536,4945.0,8,0,1,0,0.0,0
0.1025,58,0,0.3514,2615.0,11,0,1,0,0.0,0
0.5236,48,0,0.5059,2103.0,14,0,3,0,1.0,1
0.8788,58,0,0.4715,15126.0,6,0,1,0,0.0,0
0.0867,62,0,0.9146,9066.0,5,0,2,0,1.0,0
0.4027,60,0,0.7223,6310.0,11,0,0,0,1.0,0
0.61,51,0,0.4195,2479.0,8,0,0,0,2.0,0
3.2232,43,0,0.4542,5231.0,11,0,0,0,0.0,0
0.0137,56,0,0.3361,4906.0,9,0,1,0,1.0,0
0.4032,44,0,0.1323,,7,0,2,0,2.0,0
0.0475,30,0,0.1867,4643.0,10,0,0,0,0.0,0
2.839,41,0,0.2691,,3,0,0,0,0.0,0
0.4628,47,0,0.2775,7965.0,9,0,1,0,1.0,0
0.2554,42,0,0.504,,9,0,2,0,2.0,0
1.9633,56,0,0.5267,13039.0,9,0,2,0,0.0,0
0.377,35,0,1.1625,3715.0,3,0,1,0,0.0,0
0.3167,37,0,0.7393,,8,0,2,0,1.0,0
0.0682,71,0,1.0451,6357.0,6,3,2,1,1.0,0
0.0531,66,0,0.2758,6040.0,9,0,0,0,1.0,0
0.5832,57,0,0.6575,7102.0,11,0,2,0,1.0,0
0.5424,72,0,0.4477,9777.0,8,0,1,0,2.0,0
10.2747,43,0,0.1894,4013.0,10,0,0,0,0.0,0
0.5184,63,0,0.5656,15365.0,11,0,0,0,1.0,0
0.183,50,2,0.3576,4999.0,10,0,2,0,0.0,0
0.3749,73,0,0.4628,4922.0,9,0,1,0,0.0,0
0.3371,56,0,0.3728,9644.0,7,0,2,0,1.0,0
0.4863,40,0,0.313,7649.0,9,0,0,0,2.0,0
0.6159,72,0,0.9445,,7,0,0,0,1.0,0
0.0472,47,0,0.4966,13287.0,13,0,0,0,0.0,0
0.6963,36,0,0.4522,11305.0,6,0,1,0,,0
0.2712,74,0,0.2664,8093.0,10,0,1,0,0.0,0
0.1067,61,0,0.5259,16388.0,10,0,0,0,0.0,0
0.1939,40,0,1.1998,,13,0,0,0,1.0,0
0.0784,51,0,0.7357,,5,0,0,0,0.0,0
0.5105,51,0,0.2782,11493.0,8,0,2,0,0.0,0
0.2495,40,0,0.9244,1246.0,6,0,2,0,0.0,0
0.6669,40,0,0.1881,4409.0,8,0,0,0,2.0,0
0.8047,51,0,0.1733,4645.0,6,0,1,0,2.0,0
0.3482,66,0,0.2987,9289.0,11,0,3,0,0.0,0
0.5092,64,0,0.6189,7485.0,6,0,0,0,2.0,0
0.9385,45,2,0.3317,3388.0,5,0,3,1,2.0,0
0.8505,64,0,0.7664,,8,0,2,0,1.0,0
0.4562,73,0,0.6655,14673.0,9,0,0,0,1.0,0
0.876,40,0,0.6485,4055.0,15,0,3,0,0.0,0
0.2276,63,0,0.3681,2228.0,2,0,0,0,0.0,0
0.2706,53,1,0.4483,6560.0,7,0,0,3,4.0,0
0.3119,49,0,0.1329,5176.0,10,0,1,0,0.0,0
1.1517,53,0,0.7161,4207.0,6,0,2,0,2.0,0
0.6779,64,0,0.538,15492.0,7,0,0,0,2.0,0
0.3761,35,0,0.5527,2447.0,11,0,0,0,1.0,0
0.6613,52,0,0.5377,,9,0,1,0,0.0,0
0.2282,47,0,0.1614,9905.0,5,0,1,0,,1
0.1289,53,0,0.2152,4944.0,13,0,1,0,2.0,0
0.6245,50,0,0.5245,,7,0,1,0,0.0,0
0.27,42,0,0.719,4127.0,7,0,1,0,1.0,0
0.2628,79,0,0.8736,,9,0,2,0,0.0,0
0.2818,21,0,0.6198,7522.0,4,0,1,0,1.0,0
0.5994,60,0,0.3753,2929.0,9,0,1,0,2.0,0
0.264,61,0,0.7297,9011.0,9,0,0,0,1.0,0
0.1731,54,0,0.8019,5280.0,8,0,2,0,1.0,0
0.1676,56,0,0.3254,4565.0,7,0,0,0,4.0,0
0.6423,61,0,0.5627,3620.0,10,0,0,0,3.0,0
4.5487,45,0,0.4173,3285.0,5,0,0,0,1.0,0
0.5799,47,1,0.359,3023.0,6,0,0,1,1.0,0
0.7108,48,0,0.2422,9419.0,7,0,1,0,1.0,0
0.8169,59,0,0.2223,1974.0,6,0,2,0,0.0,0
0.3615,60,0,0.4494,,6,0,2,0,2.0,0
0.6663,38,0,0.3108,1309.0,9,0,3,0,0.0,0
0.4011,52,0,0.3164,3151.0,6,0,0,0,0.0,0
0.8839,44,3,0.0808,3438.0,9,3,1,0,0.0,0
3.654,39,0,0.6806,3798.0,12,0,3,0,1.0,0
2.5243,46,0,0.5569,9094.0,7,0,0,0,0.0,0
2.1105,37,0,0.1533,2666.0,9,0,1,0,0.0,0
0.5815,27,0,0.48,2389.0,3,0,0,0,0.0,1
0.2433,54,0,0.5233,,11,0,0,0,0.0,0
0.0327,66,1,0.2501,7779.0,8,0,1,0,1.0,1
0.4267,48,0,0.6027,1955.0,5,0,0,0,1.0,0
0.4451,66,0,0.6813,6848.0,9,0,0,0,2.0,0
2.4002,63,0,0.5255,4848.0,4,0,1,0,,1
1.1332,40,2,0.531,3211.0,11,0,2,1,1.0,0
0.0339,41,0,0.611,8782.0,10,0,1,0,1.0,0
0.3349,33,0,0.4076,5720.0,6,0,2,0,0.0,0
1.231,56,0,0.4122,1842.0,7,0,2,0,0.0,0
0.6853,60,0,1.0263,6974.0,6,0,1,0,0.0,0
0.2831,52,0,0.414,6566.0,7,0,4,0,3.0,0
0.493,42,0,0.4952,15957.0,11,0,1,0,0.0,0
0.2105,51,0,0.2916,2035.0,10,0,0,0,1.0,0
0.8267,62,0,0.3041,7264.0,9,0,1,0,2.0,0
0.7223,61,0,0.6011,,13,0,4,0,3.0,1
0.427,60,0,1.1027,6660.0,8,0,1,0,0.0,0
0.2333,57,0,0.636,5681.0,7,0,1,0,1.0,0
0.7129,68,0,0.1155,3501.0,8,0,0,0,,0
0.3096,39,0,1.1239,4725.0,6,0,2,0,4.0,0
0.1269,44,0,0.0976,16374.0,8,0,3,0,0.0,0
0.3104,39,0,0.8597,3615.0,5,0,0,0,0.0,0
0.3416,47,0,0.4677,3955.0,8,0,0,0,1.0,0
0.6075,73,0,0.4288,,10,0,2,0,0.0,0
0.5517,42,0,0.5431,9237.0,15,0,0,0,0.0,0
0.1503,42,0,1.1657,4347.0,11,0,0,0,3.0,0
1.538,28,0,0.5332,7613.0,15,0,1,0,1.0,0
5.6331,61,0,0.7385,2844.0,6,0,1,0,3.0,0
0.3011,52,0,0.4052,6905.0,9,0,2,0,0.0,0
0.0638,72,0,0.616,8564.0,6,0,1,0,0.0,0
0.8703,72,0,0.2515,6952.0,9,0,0,0,2.0,0
0.1051,37,0,0.7101,4995.0,6,0,0,0,1.0,0
6.2292,51,0,0.8757,14731.0,17,0,0,0,0.0,0
1.3166,70,0,0.0474,4056.0,8,0,0,0,1.0,1
1.0537,42,0,0.1552,6031.0,4,0,1,0,0.0,0
0.5933,66,0,1.135,3426.0,7,0,2,0,0.0,1
0.1151,21,0,0.4944,9138.0,8,0,1,0,1.0,0
8.0575,51,2,0.7501,,9,0,0,0,1.0,0
2.6895,43,0,0.8347,,5,0,2,0,1.0,0
0.2385,67,0,0.5124,8708.0,6,0,0,0,2.0,0
0.0902,47,0,0.5652,3820.0,4,0,1,0,1.0,0
0.0331,64,0,0.3443,5554.0,11,0,3,0,1.0,0
0.2372,59,0,0.1301,2368.0,7,0,0,0,1.0,0
0.0782,42,0,0.1292,,5,0,0,0,0.0,0
0.4649,65,0,0.9318,10831.0,6,0,0,0,0.0,0
0.9648,60,0,0.7318,6935.0,6,0,2,0,0.0,0
2.4055,31,1,0.6256,,6,0,3,0,1.0,0
0.1848,59,0,0.6575,3225.0,5,0,0,0,1.0,0
0.1852,46,0,0.0758,4906.0,9,0,1,0,1.0,0
0.0858,59,0,0.6458,3604.0,5,0,2,0,2.0,0
0.0299,56,0,0.4213,4621.0,13,0,2,0,2.0,0
0.321,66,0,0.3152,17420.0,11,0,1,0,0.0,0
0.3766,65,0,0.6526,6630.0,8,0,2,0,2.0,0
0.2961,41,0,0.6206,4757.0,13,0,2,0,1.0,0
0.3339,45,0,0.0889,5271.0,5,0,0,0,0.0,0
0.1238,49,2,0.3166,2775.0,11,0,1,0,1.0,0
0.9357,67,0,0.358,5450.0,7,0,0,0,1.0,0
0.4207,46,0,0.9672,6865.0,6,0,2,0,1.0,0
0.4563,57,0,0.3717,4134.0,8,0,1,0,0.0,1
3.8352,65,1,0.4724,,9,0,4,0,0.0,0
0.4702,53,0,0.7238,3371.0,4,0,0,0,1.0,0
0.1937,76,0,0.6893,9664.0,7,0,1,0,,0
0.8138,44,0,0.8287,7545.0,9,0,1,0,4.0,0
0.3689,60,0,0.1943,8176.0,8,0,0,0,2.0,0
6.963,58,0,0.2712,3454.0,7,0,1,0,1.0,0
0.2579,54,0,0.0387,4606.0,9,0,0,0,1.0,0
0.4979,22,0,0.6554,3651.0,6,0,3,0,2.0,0
0.84,48,0,0.2292,4363.0,11,0,0,0,0.0,0
0.7187,28,0,0.5627,24884.0,9,0,2,0,0.0,0
0.3382,45,0,0.936,,1,0,1,0,0.0,0
0.3879,51,0,0.1326,1923.0,11,0,0,0,0.0,0
3.0606,84,1,1.0207,7838.0,5,0,1,0,1.0,0
0.3125,63,0,1.1244,8824.0,8,0,2,0,0.0,0
0.9031,38,0,0.7919,2498.0,7,0,0,0,1.0,0
0.7011,55,0,0.6933,2900.0,5,0,0,0,0.0,0
0.0602,58,0,0.2582,5435.0,5,0,0,0,0.0,1
0.0676,53,0,0.355,6695.0,6,0,1,0,2.0,0
0.1971,52,0,0.113,7309.0,10,0,2,0,2.0,0
0.2381,44,0,0.3562,15766.0,7,0,0,0,1.0,0
0.1772,57,0,0.6816,7499.0,6,0,2,0,1.0,0
1.3178,56,0,0.491,3281.0,11,0,0,0,1.0,0
8.0405,62,0,0.302,,2,0,1,0,1.0,0
0.1481,64,0,0.2023,3152.0,12,0,2,0,0.0,0
1.4211,63,0,0.5228,,5,0,0,0,0.0,1
3.3878,54,0,0.7699,2705.0,7,0,0,0,0.0,0
0.1468,50,0,0.4278,3722.0,7,0,0,0,2.0,0
4.2967,62,0,0.7111,,16,0,2,0,1.0,0
0.1287,40,0,0.2509,,8,0,0,0,0.0,0
0.2652,21,0,0.2391,6493.0,5,0,1,0,2.0,0
0.0072,28,0,0.2157,4986.0,7,0,1,0,0.0,0
4.2452,26,0,0.5363,1781.0,11,0,1,0,1.0,1
0.5465,60,0,0.1906,4310.0,10,0,0,0,1.0,0
0.4215,54,0,0.7517,14570.0,10,0,1,0,2.0,0
0.4001,63,0,0.5726,7097.0,2,0,2,0,0.0,0
0.0895,59,0,0.0838,6259.0,13,0,0,0,1.0,0
0.5707,67,0,0.4986,3902.0,6,0,1,0,2.0,0
0.6375,68,0,0.2357,8370.0,7,0,0,0,1.0,0
0.0975,65,0,0.1843,6061.0,8,0,2,0,0.0,0
0.2537,66,0,0.821,5138.0,10,0,0,0,1.0,0
2.2202,75,1,0.551,6850.0,3,0,0,0,1.0,0
0.2148,81,0,0.4506,3842.0,6,0,1,0,0.0,0
0.219,53,0,0.3737,2852.0,5,0,0,0,1.0,0
0.9145,74,0,0.8822,2962.0,4,0,1,0,1.0,1
0.3584,44,0,0.2624,9990.0,6,0,1,0,3.0,0
1.168,45,0,0.6642,,6,0,0,0,1.0,0
1.6574,75,0,0.6066,7051.0,11,0,1,0,1.0,0
0.2883,53,0,0.659,25298.0,12,0,2,0,1.0,0
0.85,29,0,0.1392,13881.0,12,0,1,0,0.0,0
0.6487,35,0,0.4112,5117.0,12,0,2,0,1.0,0
0.1974,41,0,0.5211,4483.0,7,0,4,0,1.0,0
2.2243,36,0,0.226,6514.0,9,0,2,0,2.0,0
0.4212,60,0,0.2132,2976.0,5,0,1,0,1.0,1
0.0376,40,0,0.8947,4517.0,2,0,1,0,1.0,0
0.7097,48,0,0.6286,8021.0,6,0,0,0,1.0,0
0.1675,43,0,0.0034,5352.0,10,0,0,0,0.0,0
0.2634,33,0,0.5935,4732.0,8,0,0,0,3.0,0
0.2637,34,0,0.1197,6789.0,8,0,2,0,1.0,0
6.2069,65,0,0.8945,12968.0,7,0,2,0,0.0,0
0.2766,57,2,0.7159,12832.0,7,0,1,0,2.0,0
0.302,21,0,0.186,11570.0,5,0,0,0,1.0,0
0.2851,43,0,0.4147,,6,0,2,0,0.0,0
0.2598,64,0,0.7153,,7,0,1,0,0.0,0
0.3658,60,0,0.7759,1343.0,4,0,1,0,2.0,0
0.0715,82,1,0.0269,10549.0,2,0,2,0,0.0,1
0.4291,48,0,0.1766,,11,0,0,0,0.0,0
2.6324,57,0,0.1646,17792.0,6,0,3,0,0.0,0
1.0253,40,0,0.2544,2483.0,13,0,1,0,0.0,0
0.3346,30,0,0.5876,3706.0,7,0,0,0,0.0,0
0.17,57,0,0.8072,,9,0,0,0,1.0,0
0.8384,46,0,0.4786,3235.0,9,0,0,0,2.0,0
0.5682,89,0,1.0867,3391.0,8,0,0,0,1.0,0
0.6319,44,0,0.3075,3386.0,7,0,4,0,0.0,0
0.2774,46,0,0.3658,11888.0,7,0,2,0,1.0,0
0.0329,53,0,0.3409,,8,0,1,0,0.0,0
0.0767,65,0,0.3149,10871.0,5,0,1,0,1.0,0
6.053,64,0,0.3263,15750.0,3,0,0,0,0.0,0
3.859,29,0,0.8422,12677.0,4,0,1,0,1.0,0
0.1528,70,0,0.6028,14494.0,8,0,2,0,1.0,0
0.2322,50,0,0.6651,4995.0,12,0,1,0,4.0,0
1.909,21,0,0.1103,4787.0,9,0,1,0,0.0,1
0.1646,52,0,1.201,9920.0,5,0,2,0,2.0,0
0.0703,38,0,0.5432,3133.0,5,0,1,0,1.0,0
0.1582,69,0,0.3531,15857.0,9,0,2,0,0.0,0
0.6108,57,2,0.3654,2866.0,12,0,2,0,1.0,0
0.0433,67,0,0.2881,6500.0,6,0,1,0,0.0,0
0.4446,69,0,0.283,11252.0,1,0,1,0,0.0,0
4.2465,46,0,0.7601,7204.0,6,0,0,0,0.0,0
0.4153,55,0,0.1623,1761.0,10,0,2,0,0.0,0
0.1098,68,0,0.8418,9659.0,6,0,1,0,1.0,0
0.2501,55,0,0.2279,3653.0,8,0,3,0,1.0,0
0.3086,40,0,0.5331,2606.0,14,0,2,0,1.0,0
0.7294,72,0,0.2752,7705.0,2,0,2,0,0.0,0
0.322,52,0,0.1676,3011.0,5,0,0,0,0.0,0
0.8671,41,0,0.3306,2819.0,9,0,1,0,0.0,0
0.273,79,0,0.5281,6373.0,7,0,3,0,2.0,0
0.5417,25,0,0.5693,,13,0,0,0,2.0,0
0.2455,43,0,0.5399,3149.0,8,0,0,1,2.0,0
0.2305,44,0,1.0622,5050.0,11,0,0,0,,0
0.0296,64,0,0.5314,11488.0,7,0,0,0,2.0,0
0.3182,47,0,0.3179,15811.0,6,0,2,0,,0
0.4092,42,0,0.4991,2328.0,6,0,1,0,1.0,0
0.1785,67,0,0.9204,2315.0,9,0,1,0,2.0,0
0.4149,63,2,0.6308,7569.0,6,0,0,0,1.0,0
0.0286,48,0,0.7078,9227.0,3,0,2,0,1.0,0
0.0491,55,0,0.4709,28741.0,7,0,2,0,0.0,0
0.7947,36,0,0.7727,3015.0,4,0,1,0,2.0,0
0.572,49,0,1.1853,5769.0,6,0,1,0,1.0,0
0.9785,51,0,0.4778,2779.0,10,0,4,0,0.0,0
0.9635,34,0,0.7039,6312.0,12,0,2,0,0.0,0
0.4398,29,0,0.7139,9621.0,10,0,0,0,0.0,0
0.1254,46,0,0.5157,8300.0,6,0,2,0,0.0,0
3.9541,67,1,0.7353,9619.0,6,0,1,1,1.0,0
0.6397,60,0,0.5902,8931.0,10,0,1,0,0.0,0
0.0044,44,0,0.4364,7500.0,11,0,0,0,1.0,0
0.7241,88,0,0.4055,,11,0,2,0,0.0,1
0.6692,37,2,0.9191,3416.0,15,0,0,0,1.0,0
5.7738,60,0,0.3128,3075.0,9,0,0,0,0.0,0
0.1884,45,1,0.2278,14843.0,12,1,1,0,2.0,0
0.2121,69,0,0.1222,,12,0,1,0,0.0,0
0.9196,50,0,0.5589,18896.0,1,0,2,0,0.0,0
0.7437,49,0,1.0092,3983.0,4,0,1,0,1.0,0
0.1781,65,0,0.2012,6255.0,9,0,1,0,,0
0.226,50,0,0.663,3556.0,10,0,1,0,2.0,0
0.3053,62,0,0.3894,10370.0,1,0,0,0,0.0,0
0.4803,50,2,0.5935,,15,0,0,0,2.0,0
0.0164,21,0,1.1091,15063.0,7,0,0,0,0.0,0
0.5988,82,0,0.5016,5896.0,9,0,1,0,0.0,0
1.2991,59,0,0.5526,4755.0,9,0,0,0,0.0,1
0.3586,48,0,0.1157,2300.0,10,0,2,0,0.0,0
1.5089,71,0,0.4747,3608.0,6,0,0,0,1.0,0
0.2782,38,0,0.3796,2049.0,8,0,3,0,,0
0.1343,39,0,0.5839,4993.0,4,0,2,0,0.0,0
0.8487,32,0,0.5574,,14,0,2,0,0.0,0
3.0236,49,0,0.8207,4594.0,9,0,2,0,1.0,1
0.0969,43,0,0.5835,12989.0,7,0,0,0,2.0,0
0.3347,48,0,0.7925,9836.0,10,0,2,0,,0
0.5526,31,0,0.8397,,9,0,1,0,1.0,1
2.2449,42,0,0.485,6558.0,8,0,2,0,2.0,0
2.8796,58,0,0.1796,,7,0,0,0,1.0,0
0.0575,71,0,0.5928,4382.0,6,0,2,0,1.0,0
0.4372,53,0,0.6011,4669.0,8,0,0,0,0.0,0
0.4638,45,0,0.74,5758.0,9,0,2,0,1.0,0
0.0542,61,0,0.5678,3532.0,5,0,1,0,0.0,0
0.055,68,1,0.3569,10434.0,7,0,0,0,0.0,0
0.0499,68,0,0.326,5095.0,7,0,1,0,1.0,0
0.5811,59,0,0.7396,14157.0,11,0,0,0,0.0,0
0.4637,41,0,0.1704,3580.0,10,0,5,0,1.0,0
0.0064,51,0,0.533,4249.0,8,0,0,1,1.0,0
0.7404,55,0,0.4334,4648.0,3,0,2,0,,0
0.421,21,0,0.1778,7381.0,10,0,0,0,2.0,0
0.3625,52,0,0.5365,9941.0,9,0,2,0,2.0,0
0.9245,76,0,0.5672,3883.0,10,0,0,0,1.0,0
0.3164,43,0,0.8151,2220.0,6,0,1,0,,0
0.0487,27,0,0.8349,9235.0,7,0,1,0,0.0,0
0.009,43,0,0.1268,2235.0,10,0,0,0,0.0,0
0.6456,42,0,0.7161,,11,0,0,0,0.0,0
0.4615,67,0,0.1439,4311.0,7,0,0,0,0.0,0
0.0555,89,0,0.8981,6059.0,14,0,0,0,3.0,0
0.427,54,0,0.9077,3875.0,9,0,3,0,2.0,1
0.3823,40,0,0.5325,,6,0,0,0,2.0,0
0.2866,35,1,0.1781,3115.0,8,0,0,0,0.0,0
0.1928,66,0,0.1661,,5,0,2,0,0.0,0
3.8408,62,0,0.4163,4574.0,7,1,1,0,0.0,0
3.1685,68,0,0.0505,2496.0,16,0,1,0,0.0,0
0.2155,45,0,0.2978,2758.0,3,0,2,0,0.0,0
0.3937,75,0,0.9636,,4,0,0,0,1.0,0
0.1081,54,0,1.1491,9494.0,12,0,2,0,3.0,0
2.1886,42,0,0.6746,5511.0,8,0,0,0,0.0,0
0.7192,23,0,0.7278,3297.0,13,0,1,0,0.0,0
0.4648,45,0,0.7073,6838.0,12,0,2,0,1.0,0
4.0503,45,0,0.5001,13993.0,10,0,1,0,0.0,0
0.0235,37,0,0.2507,,4,0,0,0,0.0,0
0.5044,58,0,0.2651,7760.0,11,0,4,0,1.0,0
0.1648,42,0,0.777,13075.0,11,0,3,0,0.0,0
6.7555,39,0,0.1047,,9,0,1,0,0.0,0
0.4015,39,0,0.2314,,10,0,0,0,2.0,0
0.0223,32,0,0.6043,5265.0,8,0,2,0,1.0,0
0.0955,44,0,0.2676,4426.0,10,0,0,0,1.0,0
0.1722,44,0,0.1087,5875.0,9,0,0,0,0.0,0
0.6018,49,0,0.1214,5391.0,6,0,3,0,0.0,0
0.0642,57,0,0.1211,36047.0,9,0,2,0,0.0,0
4.6601,73,0,0.3196,,4,0,0,0,0.0,0
0.1996,66,0,0.6511,5419.0,11,0,1,0,1.0,0
2.033,30,1,0.5698,,9,0,1,0,3.0,0
0.7356,65,0,0.0155,13396.0,9,0,2,0,1.0,0
0.359,67,0,0.4238,9664.0,7,0,3,0,0.0,0
0.6245,63,0,0.2316,2770.0,7,0,1,0,3.0,1
1.6515,46,0,0.2577,3711.0,9,0,3,0,1.0,0
1.5564,73,0,0.6915,2349.0,11,1,0,0,0.0,0
0.8939,39,0,0.2931,7159.0,7,0,0,0,1.0,0
0.3779,67,0,0.4546,1884.0,5,0,0,0,1.0,0
0.8154,67,1,0.5128,7376.0,5,0,1,0,2.0,0
0.0717,59,0,0.572,9079.0,10,0,1,0,0.0,0
2.9281,27,0,0.6637,2063.0,6,0,0,0,2.0,0
0.5122,55,0,0.5481,2506.0,11,0,2,0,0.0,0
0.3716,64,0,0.7326,4251.0,6,0,4,0,1.0,0
0.6841,53,0,0.2558,5762.0,8,0,1,0,1.0,0
0.9051,51,0,0.3394,9797.0,9,0,1,0,0.0,0
1.965,47,2,0.366,6542.0,12,0,1,1,1.0,0
0.0776,45,0,0.6981,1937.0,8,0,0,0,2.0,0
0.4443,51,0,0.3416,5297.0,9,0,1,0,0.0,0
0.5029,69,1,0.4558,3729.0,6,0,0,0,1.0,0
0.0472,42,0,0.241,8665.0,4,0,1,0,1.0,0
1.2239,57,0,0.7446,3768.0,6,0,0,0,0.0,0
0.9527,21,0,0.2959,7629.0,9,0,1,0,1.0,0
4.3976,45,0,0.4255,1939.0,8,0,1,0,2.0,0
0.3046,62,0,0.2576,4687.0,10,0,0,0,0.0,0
1.257,66,0,0.3093,4786.0,12,0,1,0,1.0,0
0.39,36,0,0.3703,4310.0,2,0,0,0,0.0,0
0.1937,56,0,0.6388,2374.0,7,0,0,0,0.0,0
0.7688,63,0,0.5971,,10,0,0,0,2.0,0
2.3839,41,0,0.8827,7735.0,11,0,2,0,0.0,0
0.3788,29,0,0.3053,,4,0,2,0,2.0,0
0.0694,33,0,0.9338,2037.0,8,0,0,0,1.0,0
0.2509,30,0,0.5139,,8,0,1,0,3.0,0
5.2452,62,0,1.0613,3726.0,9,0,1,0,0.0,0
1.2145,53,3,0.1679,3764.0,6,0,0,0,3.0,0
0.3858,46,0,0.3656,,10,0,0,0,0.0,0
0.2565,39,0,0.3174,8534.0,9,0,0,0,0.0,0
0.2386,67,0,0.9857,4032.0,10,0,1,0,1.0,0
0.1658,49,0,0.5529,6803.0,10,0,0,0,0.0,0
0.786,56,0,0.6583,3172.0,5,0,1,0,0.0,0
0.4867,39,0,0.9188,4342.0,4,0,1,0,1.0,0
0.8255,35,0,0.7638,,5,0,0,0,0.0,0
0.508,66,0,0.3335,,10,0,1,0,0.0,0
0.2498,53,0,0.1119,5235.0,7,0,1,0,2.0,0
0.0668,54,0,0.4069,6195.0,6,0,1,0,0.0,0
0.1683,56,0,0.3063,4822.0,7,0,0,0,1.0,0
0.3662,66,0,0.2854,11285.0,12,0,0,0,0.0,0
0.6443,68,0,0.6518,6185.0,12,0,1,0,2.0,0
0.0496,36,0,0.1522,4433.0,9,0,1,0,0.0,0
0.4037,48,0,0.4804,5418.0,5,0,0,0,2.0,0
0.0311,37,3,0.8802,8022.0,8,0,0,0,0.0,0
0.2564,54,0,0.2324,4312.0,10,0,0,0,1.0,0
0.5303,46,0,0.7424,4876.0,7,0,3,0,0.0,0
0.8615,47,0,0.3324,,7,0,3,0,0.0,0
0.5033,49,0,0.6045,7085.0,8,0,0,0,0.0,0
0.3638,48,0,1.0235,,5,0,3,0,0.0,0
3.0458,87,0,0.443,8213.0,11,0,2,0,0.0,0
0.0717,25,0,0.4683,,4,0,2,0,1.0,0
0.2653,50,0,0.1899,1549.0,8,0,1,0,0.0,0
2.5861,31,0,0.3064,9758.0,12,0,1,0,0.0,0
0.6123,54,0,0.1563,6551.0,9,0,1,0,0.0,0
0.079,32,0,0.3627,6414.0,15,0,1,0,0.0,0
0.3655,51,0,0.4648,2850.0,7,0,0,0,0.0,0
0.401,42,0,0.7083,5250.0,5,0,2,0,1.0,0
0.3003,67,0,0.8978,4454.0,9,0,0,0,2.0,0
0.1269,31,0,0.92,,5,0,1,0,0.0,0
6.3377,33,0,0.6314,,9,0,4,0,1.0,0
0.0527,36,3,0.6924,,6,0,1,0,0.0,0
0.4218,57,0,0.3659,4093.0,9,0,1,0,,0
0.3233,55,0,0.6864,2406.0,11,0,1,0,0.0,0
8.7421,48,0,0.4395,36414.0,6,0,0,0,0.0,0
1.7487,61,0,0.8645,4392.0,10,0,2,0,0.0,0
0.4119,21,0,0.0922,5225.0,7,0,2,0,0.0,0
2.5355,48,0,0.0225,,7,0,2,0,0.0,0
0.0123,52,0,0.7561,18909.0,9,0,1,0,1.0,0
0.1907,54,0,0.6153,3751.0,8,0,2,0,0.0,0
0.3669,53,0,0.4156,3710.0,8,0,1,0,0.0,0
1.5321,55,1,0.4903,1361.0,2,1,1,0,2.0,0
0.3622,58,0,0.5688,2963.0,7,0,3,0,0.0,0
0.1186,79,0,0.2607,14472.0,14,0,0,0,0.0,0
0.6031,62,0,1.3627,7883.0,9,0,1,0,2.0,0
0.4034,31,0,0.354,5552.0,12,0,0,0,1.0,0
0.2105,64,0,0.9613,6271.0,12,0,0,0,0.0,0
0.1689,50,0,0.3729,,10,0,1,0,2.0,0
0.1972,44,0,0.4732,9743.0,4,0,0,0,1.0,0
0.4714,32,0,0.207,5145.0,8,0,1,0,2.0,0
0.8837,48,1,0.4897,9116.0,4,0,0,0,1.0,0
0.4398,55,0,0.3787,9116.0,11,0,1,0,1.0,0
0.2805,62,0,0.5766,7768.0,6,0,0,0,3.0,0
0.0742,36,0,0.6134,2335.0,5,0,0,0,0.0,0
0.5746,46,0,0.7892,4821.0,8,0,2,0,0.0,0
3.2452,45,0,0.3347,1189.0,10,0,1,0,0.0,0
0.3068,44,0,0.4699,5602.0,8,0,0,0,1.0,0
2.2516,30,0,0.7563,,7,0,0,0,0.0,0
0.125,37,0,0.4629,8146.0,9,0,0,0,1.0,0
0.7585,48,0,0.5741,,7,0,1,0,0.0,1
0.8491,61,2,0.9617,3880.0,7,0,0,0,4.0,0
2.85,49,0,0.1837,6359.0,9,0,1,0,1.0,0
2.527,35,4,0.5169,3714.0,5,0,1,0,1.0,0
0.5117,48,0,0.6718,5011.0,10,0,0,0,0.0,0
1.6276,34,0,0.3805,4710.0,8,0,1,0,0.0,0
0.6121,62,0,0.4244,4253.0,8,0,1,0,1.0,0
7.948,73,0,0.4518,11414.0,10,0,1,0,0.0,0
0.1828,53,0,0.5313,7826.0,7,0,1,0,3.0,0
0.0098,61,0,0.8213,7803.0,6,0,1,0,2.0,0
0.0879,42,0,0.7518,6012.0,8,0,0,0,1.0,0
0.1925,55,0,0.5261,4122.0,9,0,0,0,0.0,0
0.1517,51,0,0.8331,8989.0,8,0,1,0,0.0,0
0.0875,65,0,0.5965,6024.0,8,0,1,0,2.0,0
0.201,43,0,0.3517,1472.0,6,0,0,0,0.0,0
0.1082,50,0,0.615,8068.0,8,0,0,0,3.0,0
0.5753,36,0,0.7797,4247.0,3,0,0,0,,0
0.7097,60,0,0.5519,9353.0,9,0,1,0,0.0,0
0.5625,42,0,0.2937,4030.0,8,0,0,0,0.0,0
1.1282,47,0,0.5467,6984.0,6,0,2,0,2.0,0
0.0252,39,0,0.616,,5,0,0,0,2.0,0
0.4941,48,0,0.3291,2271.0,12,0,0,0,2.0,0
0.3165,61,0,0.1548,29494.0,5,0,1,0,1.0,0
0.0453,56,0,1.4275,3910.0,4,0,0,0,0.0,0
0.3916,69,0,0.2141,,12,0,0,0,2.0,0
0.2188,42,0,0.7485,9564.0,11,0,2,0,1.0,0
0.065,51,0,0.2879,8374.0,11,0,0,0,0.0,0
0.2385,67,0,0.5887,8834.0,8,0,2,0,1.0,0
0.0916,38,0,0.108,5354.0,12,0,0,0,0.0,0
0.0047,68,0,0.4284,2981.0,10,0,2,0,0.0,0
0.3079,73,0,0.9684,5627.0,14,0,1,0,1.0,0
0.225,36,0,0.4055,6623.0,4,0,0,0,1.0,0
0.6095,85,0,0.4121,,9,0,2,0,3.0,0
0.2118,47,0,0.1509,,7,0,2,0,1.0,0
0.3294,28,0,0.3088,9528.0,6,0,2,0,2.0,0
0.3838,36,0,0.5148,,10,0,1,0,1.0,0
0.3177,49,0,0.4358,,10,0,0,0,0.0,0
0.5174,46,0,0.3516,6100.0,8,0,2,0,2.0,0
0.4533,40,0,0.4252,,4,0,0,0,0.0,0
0.6481,34,0,0.352,,9,0,1,0,0.0,0
0.6386,32,0,0.5535,1806.0,7,0,1,0,0.0,0
0.4256,74,0,0.3257,7366.0,12,0,0,0,0.0,0
0.2603,56,0,0.596,6652.0,6,0,0,0,0.0,0
0.2036,65,0,0.6426,2682.0,8,0,3,0,1.0,0
0.5649,38,0,1.0,4341.0,6,0,2,0,1.0,0
0.1424,46,0,0.3599,8030.0,8,0,0,0,1.0,0
0.3944,37,0,0.757,,10,0,2,0,1.0,0
0.1409,44,0,0.2001,4233.0,13,0,2,0,2.0,0
0.1689,66,0,0.6106,4901.0,4,0,3,0,0.0,0
0.8437,45,0,1.0054,16917.0,7,0,0,0,0.0,0
7.2647,50,0,0.6891,3963.0,13,0,2,0,0.0,1
0.5979,42,0,0.3976,4006.0,8,0,0,0,0.0,0
0.6928,62,0,0.4918,3378.0,8,0,0,0,0.0,0
0.2531,43,0,0.3478,7173.0,6,0,0,0,3.0,0
0.192,69,0,0.138,3525.0,6,0,1,0,2.0,0
0.3471,47,0,0.8213,,10,0,2,0,1.0,0
0.2292,86,0,0.5612,15805.0,7,0,2,0,7.0,0
0.5837,69,0,0.3816,3480.0,8,0,1,0,0.0,0
0.1319,51,0,0.7089,9410.0,5,0,0,0,0.0,0
0.5147,53,0,0.5278,,4,0,2,0,0.0,0
0.6261,71,0,0.6516,2127.0,4,0,2,0,3.0,1
0.8076,57,0,0.4869,3696.0,10,0,0,0,0.0,0
3.9989,60,0,0.8988,8904.0,8,0,0,0,1.0,0
2.163,82,0,0.5296,1163.0,12,0,2,0,0.0,0
8.075,55,0,0.6999,4192.0,8,0,2,0,1.0,0
0.3167,23,0,0.1625,7475.0,7,0,1,0,0.0,0
0.3675,54,0,0.3171,6708.0,9,0,1,0,1.0,0
0.0851,68,0,0.5251,5549.0,7,0,1,0,2.0,0
0.0648,56,0,0.9926,6512.0,8,0,0,0,0.0,0
0.714,36,0,0.1854,10014.0,3,0,0,0,1.0,0
0.5237,51,0,0.4762,6350.0,10,0,2,0,1.0,0
0.1076,73,0,0.8909,12208.0,14,0,2,0,1.0,0
0.6919,32,0,0.1332,,5,0,0,0,0.0,0
0.0764,28,0,0.5618,,8,0,1,0,,0
0.2772,40,0,0.883,6240.0,6,0,2,0,1.0,0
4.0193,68,0,0.1098,,11,0,0,0,1.0,0
0.0024,23,0,0.1447,7576.0,13,0,1,0,3.0,0
0.8359,54,0,0.087,3113.0,7,0,2,0,0.0,0
0.2289,59,0,0.3381,6081.0,6,0,2,0,2.0,0
2.1179,52,0,0.935,7039.0,3,0,0,0,2.0,0
0.2596,31,0,0.3181,,5,0,1,0,1.0,0
0.9634,54,0,0.4584,8890.0,8,0,0,0,0.0,0
3.3129,37,0,0.5213,3983.0,9,0,1,0,,1
0.2401,54,0,0.5902,4565.0,11,0,0,0,,0
0.4496,40,2,0.3769,12647.0,4,0,0,0,0.0,0
0.2434,57,0,0.636,5039.0,7,0,1,0,1.0,0
0.3874,51,0,0.9328,2964.0,12,0,0,0,0.0,0
0.4098,34,0,0.4463,2707.0,8,0,0,0,2.0,0
0.0179,60,0,0.3818,,7,0,2,0,2.0,0
0.6584,50,0,0.513,10841.0,7,0,0,0,1.0,0
16.3355,56,0,0.5864,4937.0,8,0,0,0,0.0,0
6.6163,55,0,0.5167,2729.0,9,0,2,0,1.0,1
0.186,66,0,0.0501,5958.0,8,0,2,0,0.0,0
0.4746,60,0,0.1996,9447.0,15,0,2,0,0.0,0
0.5194,58,0,0.1632,9914.0,7,0,1,0,0.0,0
0.6209,25,0,0.0835,,7,0,2,0,2.0,1
2.3851,46,2,0.465,5597.0,8,0,1,0,0.0,0
0.745,21,0,0.2647,3844.0,5,0,0,0,0.0,0
0.4556,31,0,0.3052,2437.0,7,0,3,0,2.0,0
0.3782,67,0,0.3289,7656.0,11,0,1,0,2.0,0
0.03,44,0,0.2936,5180.0,6,0,2,0,1.0,0
0.4881,66,0,0.5669,7177.0,7,0,2,0,0.0,0
0.0806,39,0,0.4599,7880.0,4,0,0,0,1.0,0
0.0613,48,0,0.5401,3588.0,9,0,3,0,1.0,0
0.4689,52,0,0.9121,7669.0,5,0,1,0,1.0,0
0.1562,72,0,0.5346,5655.0,7,0,0,0,0.0,0
0.0519,64,0,0.4612,7399.0,7,0,1,0,2.0,0
0.3959,43,0,0.653,2801.0,6,0,0,0,3.0,0
0.3297,43,0,0.7621,,8,0,0,0,3.0,0
0.0115,53,0,0.1316,2769.0,9,0,2,0,3.0,0
0.1833,84,0,0.3979,10298.0,10,0,0,0,1.0,0
0.4484,52,0,0.6721,,10,0,1,0,2.0,0
0.0427,39,0,0.4075,,5,0,0,0,0.0,0
1.7834,40,3,1.0131,9470.0,6,0,0,0,4.0,0
1.0498,48,0,0.2455,19783.0,7,0,2,0,1.0,0
0.338,55,0,1.0579,10311.0,10,0,1,0,1.0,0
0.2324,38,0,0.1501,5139.0,6,0,3,0,0.0,0
0.5265,64,0,0.8844,,3,0,1,0,1.0,0
2.1837,41,0,0.929,6187.0,11,0,1,0,2.0,0
0.7926,69,0,0.5849,3182.0,6,0,0,0,1.0,1
0.177,54,0,0.5939,10326.0,11,0,1,0,0.0,0
0.6549,46,0,0.5341,17751.0,2,0,0,0,0.0,0
2.8524,21,0,0.555,11352.0,15,0,1,0,1.0,0
0.606,46,0,0.5659,2485.0,12,0,2,0,0.0,0
0.1977,51,0,0.4895,2918.0,6,0,1,0,0.0,0
0.5769,52,0,0.1013,10524.0,4,0,1,0,0.0,0
0.7375,59,0,0.9454,5593.0,11,0,1,0,,0
0.7528,45,0,0.2309,2722.0,7,0,2,0,0.0,0
0.6502,59,0,0.5429,10356.0,5,0,0,0,0.0,0
1.2328,38,0,0.4048,4029.0,6,0,0,0,0.0,0
0.8393,65,0,0.4776,,10,0,0,0,0.0,0
0.3679,65,0,0.637,5838.0,6,0,1,0,1.0,0
0.1154,56,0,0.2009,2737.0,5,0,1,0,1.0,0
0.5363,62,0,0.528,5233.0,12,0,1,0,0.0,0
0.3624,47,0,0.1146,,15,0,0,0,1.0,0
0.5545,49,2,0.8505,12293.0,10,0,0,1,0.0,0
0.5785,48,0,0.3119,4596.0,4,0,0,0,0.0,0
0.6949,69,0,0.162,6006.0,6,0,0,0,0.0,0
0.4727,54,0,0.4291,5058.0,5,0,3,0,0.0,0
0.622,41,0,0.7369,,7,0,1,0,1.0,1
0.912,50,0,0.5038,1908.0,8,0,1,0,0.0,0
0.1719,45,3,0.7225,,9,0,2,2,2.0,0
0.3966,54,0,0.3641,,12,0,3,0,0.0,0
0.0773,49,0,0.1947,2534.0,8,0,0,0,0.0,0
0.6223,32,0,0.4023,4724.0,6,0,3,0,0.0,0
0.4983,36,0,0.127,4075.0,7,0,1,0,0.0,0
0.4521,46,0,0.5185,8240.0,12,0,0,0,0.0,0
0.082,71,0,0.414,3518.0,2,0,3,0,0.0,0
0.786,26,0,0.25,4068.0,9,0,0,0,1.0,0
0.2866,57,0,0.4528,6773.0,9,0,2,0,1.0,0
0.439,74,0,1.0454,2063.0,7,0,0,0,0.0,0
0.3536,66,0,1.0617,3999.0,10,0,1,0,1.0,0
0.5099,52,0,0.1485,4165.0,5,0,4,0,2.0,0
0.9688,49,2,0.2329,13066.0,8,0,2,0,1.0,0
1.0878,61,2,0.7086,2127.0,9,0,2,0,1.0,0
0.02,73,0,0.7412,5762.0,6,0,1,0,0.0,0
0.3033,62,0,0.4499,6653.0,10,0,0,0,1.0,0
0.3522,55,0,0.213,6591.0,3,0,1,0,2.0,0
0.1855,69,0,0.3952,14971.0,9,0,0,0,1.0,0
0.5288,54,0,0.7082,7452.0,5,0,0,0,1.0,0
0.2311,53,2,0.4473,9198.0,10,0,3,0,3.0,0
1.136,61,0,0.6448,6371.0,5,0,1,0,2.0,0
0.4809,43,0,0.3125,,8,0,1,0,0.0,0
0.5357,94,1,0.3361,5422.0,8,0,1,0,0.0,0
0.5945,54,0,0.482,4112.0,3,0,2,0,0.0,0
0.8925,49,0,0.4638,,12,0,0,0,0.0,1
0.827,64,0,0.7382,3725.0,6,0,1,0,1.0,0
0.5096,67,0,0.6601,11011.0,11,0,2,0,1.0,0
0.6156,42,0,0.5683,,13,0,0,0,1.0,0
0.4808,28,0,0.3862,7152.0,5,0,1,0,2.0,0
0.2321,47,0,0.841,4898.0,5,0,2,0,1.0,0
0.4527,56,0,0.2363,4696.0,7,0,0,0,0.0,0
1.5942,42,1,0.2058,,9,0,0,0,1.0,0
0.1265,52,0,0.4192,6549.0,7,0,0,0,2.0,0
0.8768,50,0,0.7633,,10,0,2,0,0.0,0
0.3554,29,0,0.9562,10089.0,7,0,2,0,1.0,0
0.2427,61,0,0.8426,1886.0,7,0,2,0,2.0,0
0.3278,65,0,0.6536,3353.0,12,0,3,0,1.0,0
0.4175,55,0,0.4002,5399.0,9,0,1,0,0.0,0
0.7093,57,2,0.1669,8488.0,12,0,0,1,0.0,0
0.4168,43,0,0.8318,4331.0,6,0,1,0,0.0,0
0.3606,50,0,0.5485,10282.0,6,0,1,0,1.0,0
0.5206,61,0,0.4868,,7,0,2,0,0.0,1
0.646,33,0,0.3003,3761.0,5,0,0,0,1.0,0
0.0098,38,0,1.0287,4976.0,13,0,2,0,1.0,0
6.6361,32,1,0.3137,4780.0,7,0,0,0,1.0,0
0.7631,76,0,0.595,9711.0,7,0,3,0,1.0,0
0.1001,48,0,0.7418,3995.0,8,0,0,0,0.0,0
0.0461,72,0,1.0457,,7,0,1,0,1.0,0
0.1166,51,0,0.2756,,11,0,1,0,0.0,0
0.545,77,1,0.3511,8884.0,6,1,3,0,3.0,0
0.3557,69,0,0.5424,13891.0,8,0,1,0,0.0,0
0.1219,42,0,0.3083,3485.0,7,0,1,0,1.0,0
0.4595,54,0,0.1527,12089.0,10,0,1,0,0.0,0
0.1974,38,0,0.1664,1523.0,8,0,0,0,0.0,0
0.0766,61,0,0.1436,7418.0,11,0,2,0,2.0,0
0.3409,67,0,0.6229,7143.0,9,0,1,0,2.0,0
0.7591,78,0,0.2084,15956.0,5,0,0,0,1.0,0
0.6793,71,0,0.3927,3519.0,8,0,1,0,2.0,0
3.8253,58,0,0.71,6678.0,12,0,0,0,1.0,0
0.5038,57,0,0.2615,5697.0,8,0,2,0,0.0,0
0.54,49,0,1.0564,5200.0,8,0,0,0,0.0,0
0.5511,78,0,0.5163,6510.0,7,0,2,0,0.0,0
0.267,40,0,0.3564,3428.0,10,0,1,0,0.0,0
0.1962,37,0,0.9274,7793.0,10,0,0,0,0.0,0
0.0542,37,0,0.5933,7577.0,8,0,1,0,0.0,0
0.0048,67,0,0.6852,6330.0,7,0,1,0,1.0,0
0.181,65,0,0.7233,5366.0,8,0,2,0,2.0,0
0.3618,58,0,0.3272,,5,0,1,0,0.0,0
0.5028,56,0,1.3484,1820.0,7,0,1,0,1.0,0
0.8862,35,0,0.1285,5000.0,8,0,0,0,2.0,0
3.4558,56,0,0.3398,4720.0,11,0,0,0,1.0,0
0.2613,69,0,0.2899,9259.0,6,0,0,0,1.0,0
0.3756,37,0,0.6361,4218.0,10,1,1,1,0.0,0
0.3682,35,0,0.3357,2033.0,3,0,3,0,1.0,0
0.0579,56,0,0.1604,6966.0,8,0,1,0,1.0,0
0.1839,63,2,0.0949,5133.0,13,1,2,1,1.0,0
2.0159,63,0,0.1911,6868.0,8,0,1,0,1.0,0
1.7714,69,0,0.643,5393.0,5,0,2,0,2.0,0
0.6423,54,0,0.3452,6318.0,10,0,1,0,0.0,0
6.1907,29,0,0.4694,4112.0,4,0,2,0,1.0,0
0.1151,59,0,0.5331,6440.0,7,0,0,0,1.0,0
0.0174,69,0,0.5999,,7,0,3,0,1.0,0
0.1849,43,0,0.0239,11295.0,5,0,3,0,0.0,0
0.35,50,0,0.4394,2293.0,5,0,4,0,2.0,0
0.1472,22,0,0.3085,,6,0,0,0,3.0,0
0.3202,48,0,0.4202,3261.0,7,0,0,0,,0
0.5125,74,0,0.5084,5991.0,11,0,2,0,2.0,0
0.01,46,1,0.3107,,8,0,1,0,1.0,0
0.4133,37,0,0.7766,2653.0,12,0,1,0,0.0,1
5.009,79,0,0.3318,6038.0,12,0,3,0,0.0,0
2.7448,61,2,0.513,6037.0,10,0,0,0,0.0,0
4.9796,59,0,0.3634,5467.0,11,0,0,0,1.0,0
0.341,54,0,0.8124,7978.0,12,0,3,0,2.0,0
1.2868,43,1,0.5568,,11,0,2,0,1.0,0
0.1364,48,0,0.1275,10003.0,8,0,1,0,,0
0.0511,75,0,0.2759,4003.0,7,0,0,0,2.0,0
0.3681,42,0,0.3728,,4,0,1,0,1.0,0
0.531,71,0,1.0505,10208.0,10,0,4,0,2.0,0
0.1372,57,0,0.595,3201.0,11,0,1,0,0.0,0
0.2386,57,0,0.8193,15486.0,9,0,2,0,,0
2.3912,29,0,0.0568,5639.0,11,0,0,0,1.0,0
1.1291,58,0,0.1028,,7,0,2,0,0.0,0
0.1748,51,0,0.683,3819.0,8,0,0,0,2.0,0
0.4517,29,0,0.6939,,10,0,0,0,0.0,1
0.0432,53,0,0.2106,,8,0,0,0,0.0,0
0.2238,46,0,0.2928,,8,0,0,0,0.0,0
1.01,56,0,0.443,6731.0,8,0,1,0,2.0,0
1.4845,40,0,0.3447,15747.0,8,0,1,0,0.0,0
0.6089,38,0,0.2792,5372.0,7,0,2,0,0.0,0
1.0953,53,0,0.5996,,11,0,2,0,1.0,1
0.2492,46,0,0.6114,1591.0,10,0,3,0,0.0,0
0.2596,47,0,0.578,3781.0,9,0,0,0,0.0,0
0.2367,35,0,0.8898,6847.0,8,0,0,0,1.0,0
1.0019,51,0,0.5419,2612.0,14,0,2,0,0.0,0
0.3155,61,0,0.8285,4727.0,12,0,0,0,0.0,0
0.214,56,0,0.3649,,11,0,1,0,0.0,0
0.5186,47,2,0.5988,,4,0,1,0,0.0,0
0.3976,29,0,0.554,3156.0,15,0,1,0,1.0,0
0.0103,40,0,0.3848,4404.0,8,0,0,0,0.0,0
0.5314,42,0,0.1898,2772.0,6,0,1,0,1.0,0
0.881,64,0,0.1115,6692.0,11,0,1,0,2.0,1
0.738,63,0,0.5356,4244.0,4,0,2,0,0.0,0
0.3905,56,0,0.8003,,11,0,3,0,0.0,0
1.0303,47,0,0.9087,,3,0,2,0,0.0,0
0.0016,70,0,0.8649,1778.0,4,0,0,0,1.0,0
0.7145,61,0,0.6376,8459.0,4,0,0,0,1.0,0
0.2976,23,0,0.3133,3958.0,4,0,1,0,2.0,0
0.1546,74,0,0.5898,5821.0,6,0,0,0,0.0,0
0.5523,50,1,0.4155,9665.0,2,1,1,0,1.0,0
0.205,65,2,0.5852,3196.0,4,0,0,0,1.0,0
2.2799,59,1,0.3767,13510.0,7,0,1,3,3.0,0
0.5628,34,0,0.2568,7891.0,11,0,1,0,1.0,0
0.5137,45,0,0.4904,17325.0,8,0,2,0,0.0,0
0.4743,25,0,0.3399,,7,0,0,0,1.0,0
0.7667,41,0,0.2951,1658.0,4,0,0,0,2.0,0
0.3032,54,0,0.7877,6873.0,8,0,0,0,0.0,0
3.8999,53,0,0.576,11048.0,6,0,1,0,3.0,0
1.0234,43,0,0.317,4063.0,9,0,1,0,4.0,0
0.4264,48,0,0.6073,4415.0,9,0,0,0,0.0,0
0.8806,54,0,0.4663,12398.0,8,0,0,0,0.0,1
1.2332,61,0,0.5454,,6,0,1,0,1.0,0
2.7089,43,0,0.3205,30142.0,10,0,0,0,0.0,0
0.2395,50,0,0.1419,8165.0,7,0,2,0,0.0,1
0.7316,34,0,1.2128,3507.0,7,0,2,0,1.0,0
2.0828,35,0,0.2794,3020.0,13,0,3,0,2.0,0
0.5104,68,0,0.3724,4529.0,16,0,0,0,1.0,0
1.3959,73,0,0.2199,17271.0,9,0,1,0,2.0,0
0.663,55,0,0.2365,13302.0,7,0,0,0,2.0,0
0.4397,47,0,0.9684,3601.0,15,0,0,0,0.0,0
0.0174,45,0,0.2133,4223.0,7,0,0,0,3.0,0
0.2754,69,0,0.3103,5635.0,7,0,0,0,0.0,0
0.4067,21,0,0.1122,,8,0,0,0,0.0,0
0.3769,84,0,0.881,,7,0,2,0,0.0,0
0.1959,53,0,0.1192,5844.0,14,0,1,0,2.0,0
0.3723,21,0,0.6203,10420.0,8,0,0,0,1.0,0
0.6387,86,0,0.4009,3847.0,9,0,0,0,1.0,0
0.0651,21,0,0.5193,3137.0,6,0,2,0,0.0,0
0.59,21,0,0.3914,4726.0,2,0,1,0,1.0,0
1.4776,39,0,0.5476,,6,0,0,0,0.0,1
0.9521,50,0,0.1578,3350.0,7,0,1,0,,0
0.7052,69,0,0.3388,2396.0,8,0,1,0,1.0,0
0.6162,47,2,0.6859,4029.0,6,0,2,2,2.0,0
0.0542,41,0,0.0239,6430.0,7,0,0,0,1.0,0
0.1657,48,0,0.4143,2898.0,5,0,3,0,1.0,0
0.4966,48,0,0.4156,1730.0,3,0,0,0,0.0,0
0.0263,72,0,0.4099,6472.0,6,0,1,0,0.0,0
0.3797,67,0,0.9756,5232.0,12,0,0,0,2.0,0
0.3393,44,0,0.6788,2615.0,9,0,0,0,4.0,0
0.0874,47,0,0.5893,3644.0,3,0,1,0,1.0,0
0.3974,26,0,0.7057,3916.0,4,0,2,0,0.0,0
3.8903,61,0,0.3133,8699.0,5,0,1,0,0.0,0
0.3221,51,0,0.6331,,7,0,0,0,0.0,0
0.4145,57,0,0.6128,,8,0,0,0,0.0,0
0.1316,61,0,0.1731,18117.0,6,0,1,0,0.0,0
0.0806,74,0,0.0776,6730.0,5,0,2,0,1.0,1
1.1376,47,0,0.4333,1850.0,5,0,1,0,0.0,0
1.048,53,0,0.728,21994.0,11,0,1,0,0.0,0
0.6558,74,0,0.7259,,8,0,0,0,0.0,0
0.3618,50,0,0.2584,7071.0,12,0,2,0,,0
0.662,51,0,0.2299,3988.0,8,0,0,0,2.0,0
1.6773,89,0,0.7436,1634.0,7,0,0,0,1.0,0
0.127,51,0,0.5881,,10,0,2,0,1.0,0
3.1815,76,0,0.7582,12527.0,8,0,4,0,0.0,0
0.6371,44,0,0.5134,4562.0,5,0,1,0,1.0,0
0.0472,46,0,0.5257,7625.0,8,0,1,0,3.0,0
0.2213,24,2,0.1948,9923.0,7,0,0,0,2.0,1
2.5798,61,0,0.7405,8783.0,13,0,0,0,2.0,0
0.3456,62,0,0.9603,5264.0,5,0,2,0,,0
1.2851,53,2,0.1042,7566.0,10,0,2,1,0.0,0
0.6571,58,0,0.4669,4042.0,9,0,0,0,0.0,0
2.0685,64,0,0.5816,3632.0,5,0,1,0,4.0,0
0.3272,31,0,0.081,6365.0,8,0,1,0,1.0,0
0.0535,53,0,1.1341,10301.0,7,0,2,0,0.0,0
0.0214,75,2,0.5996,4086.0,6,0,1,1,0.0,0
0.2379,48,0,0.2673,2128.0,7,0,1,0,0.0,0
0.269,33,0,0.3906,5732.0,7,0,2,0,,0
1.5765,67,0,0.0472,,7,0,1,0,,0
0.2055,54,0,1.0464,4965.0,11,0,0,0,1.0,0
0.0178,52,0,0.6942,,6,0,2,0,1.0,0
0.3946,46,0,0.5697,3748.0,13,0,2,0,,0
0.8746,65,0,0.4802,8047.0,4,0,3,0,1.0,0
0.3545,44,0,0.0476,13869.0,8,0,1,0,1.0,0
0.0763,72,0,0.8216,4980.0,8,0,2,0,0.0,0
0.4463,53,0,0.419,,7,0,1,0,0.0,0
0.2358,66,0,0.7908,3887.0,3,0,1,0,2.0,0
0.6471,65,0,0.7383,,7,0,0,0,1.0,0
0.044,35,0,0.1362,8046.0,8,0,2,0,0.0,0
0.0338,59,0,0.0127,14864.0,8,0,1,0,1.0,0
0.7076,48,0,0.3282,9020.0,7,0,1,0,1.0,0
0.3483,61,0,0.7017,3224.0,8,0,1,0,1.0,0
0.5558,51,0,0.2291,3112.0,9,0,1,0,1.0,0
6.0393,26,0,0.531,22143.0,11,0,0,0,0.0,1
1.1068,63,0,1.0019,,14,0,1,0,0.0,0
0.144,21,0,0.4037,2366.0,9,0,0,0,2.0,0
0.9538,54,0,0.6235,2975.0,8,0,1,0,1.0,0
0.1888,79,0,0.4949,8182.0,4,0,3,0,1.0,0
0.3496,72,0,0.7092,,6,0,0,0,1.0,0
0.9031,58,3,0.5303,2409.0,11,0,0,0,,0
0.4907,45,0,0.8016,10634.0,7,0,0,0,1.0,0
0.0461,51,0,0.5962,1661.0,4,0,2,0,2.0,0
0.2147,67,0,0.4794,,8,0,2,0,0.0,0
0.0318,41,0,0.7123,,5,0,3,0,1.0,0
0.2909,58,0,0.3101,2857.0,1,0,3,0,0.0,0
0.1153,40,0,0.2642,5962.0,7,0,1,0,0.0,0
0.376,48,0,0.4401,2992.0,8,0,1,0,0.0,0
1.4953,45,0,0.5358,2364.0,6,0,1,0,0.0,0
0.1207,58,0,0.8661,2045.0,10,0,1,0,0.0,0
0.4804,60,0,0.1938,7716.0,7,0,1,0,0.0,0
2.4844,82,0,0.2642,,14,0,1,0,0.0,0
1.0883,50,0,0.5564,15481.0,7,0,3,0,0.0,0
0.3847,57,0,1.1486,4045.0,4,0,0,0,0.0,0
2.1483,68,0,0.6883,2524.0,7,0,1,0,0.0,0
0.0777,52,0,0.7962,,3,0,1,0,1.0,0
0.0243,53,0,0.2608,5571.0,6,0,1,0,0.0,0
0.296,61,0,0.9312,3099.0,4,0,1,0,0.0,0
0.6663,43,0,0.671,7743.0,11,0,2,0,0.0,0
0.2424,55,0,0.8002,2902.0,1,0,1,0,0.0,0
2.9258,41,1,0.5026,4961.0,11,2,0,0,0.0,0
1.4219,48,0,0.1289,23501.0,1,0,3,0,0.0,0
0.1506,82,0,0.8747,9685.0,5,0,0,0,0.0,0
0.1794,50,0,0.429,12817.0,4,0,0,0,0.0,0
1.0294,55,0,0.3581,,10,0,0,0,0.0,0
0.498,21,0,0.2797,3005.0,5,0,2,0,1.0,0
0.7233,58,0,0.5507,,4,0,0,0,2.0,1
0.5363,80,0,1.2652,4826.0,7,0,0,0,0.0,1
2.1607,40,0,0.5581,5650.0,9,0,2,0,0.0,0
0.3662,67,0,0.2577,3532.0,7,0,0,0,3.0,0
0.7327,43,0,0.5505,,5,0,0,0,0.0,0
0.6751,29,0,0.8247,6298.0,13,0,0,0,1.0,0
0.2495,46,0,0.3951,8362.0,10,0,1,0,0.0,0
7.1085,42,0,0.1239,2526.0,6,0,0,0,2.0,0
0.542,54,0,0.3271,3145.0,6,0,2,0,0.0,0
0.243,48,0,0.7891,7509.0,11,0,0,0,,0
2.0175,38,0,0.2641,10092.0,2,0,1,0,1.0,0
0.701,59,0,0.4758,3513.0,9,0,0,0,0.0,0
0.1162,68,0,0.5561,3623.0,10,0,2,0,1.0,0
0.2488,61,0,0.3616,,6,0,1,0,0.0,0
0.0689,54,0,0.7699,8919.0,3,0,0,0,2.0,0
0.0487,51,0,0.5739,5312.0,7,0,0,0,0.0,0
0.2208,60,0,0.3997,5537.0,5,0,0,0,2.0,0
0.3577,44,0,0.4042,8853.0,3,0,1,0,0.0,0
0.1328,64,0,0.6074,4079.0,9,0,0,0,0.0,0
0.931,34,0,0.4965,,6,0,2,0,0.0,0
0.0011,28,0,0.7125,5758.0,7,0,0,0,1.0,0
0.3435,61,0,0.7513,6001.0,5,0,0,0,0.0,0
1.7606,37,0,0.2381,4180.0,13,0,0,0,1.0,0
0.7754,41,0,0.3713,10321.0,9,0,3,0,0.0,0
0.2673,37,0,0.0497,4579.0,10,0,0,0,0.0,0
0.0532,60,0,0.1032,5452.0,9,0,1,0,1.0,0
0.3689,41,1,0.1097,,16,0,0,1,0.0,0
0.0219,71,0,0.3705,4162.0,7,0,1,0,,0
2.8645,63,0,0.3503,5396.0,5,0,3,0,2.0,0
3.8671,56,0,0.3405,17320.0,10,0,0,0,3.0,0
0.0241,74,0,0.3553,5571.0,11,0,1,0,2.0,1
0.6547,39,0,1.0945,6454.0,10,0,1,0,0.0,0
1.0666,54,0,0.1116,3552.0,12,0,2,0,0.0,0
0.6968,21,0,0.9468,3516.0,8,0,0,0,0.0,0
0.3374,45,0,0.5886,,7,0,1,0,1.0,0
0.5193,34,0,1.3733,6754.0,7,0,1,0,1.0,0
0.0692,65,0,0.2592,,8,0,1,0,0.0,0
0.7827,70,0,0.0546,,5,0,1,0,1.0,1
0.4627,48,0,0.4636,3065.0,6,0,2,0,0.0,0
0.229,84,0,0.3458,13560.0,8,0,0,0,0.0,1
0.1377,40,0,0.786,10553.0,7,0,1,0,2.0,0
0.8949,35,2,0.6142,4566.0,4,0,0,0,2.0,0
0.0843,44,0,0.1533,9534.0,10,0,1,0,2.0,0
0.8027,57,0,0.6865,18185.0,7,0,4,0,2.0,0
4.3175,65,1,1.0803,20207.0,9,0,1,0,1.0,0
0.0592,63,0,0.2527,3529.0,12,0,0,0,,0
1.1842,47,0,0.3219,2209.0,6,0,3,0,0.0,0
0.0218,68,0,0.4631,4645.0,9,0,1,0,1.0,0
0.276,45,0,0.0189,14531.0,9,0,2,0,0.0,0
0.1784,93,0,0.5279,10164.0,7,0,0,0,1.0,0
0.3794,67,0,0.8428,18564.0,5,0,2,0,0.0,0
0.3775,24,0,0.9096,5276.0,12,0,1,0,0.0,0
2.7068,45,0,0.6574,3766.0,10,0,1,0,1.0,0
0.4888,41,0,0.3618,8819.0,7,0,2,0,0.0,0
0.3359,82,0,0.3202,2940.0,7,0,0,0,0.0,0
0.097,39,0,0.7103,9388.0,5,0,1,0,0.0,0
0.2976,21,0,0.6473,17088.0,8,0,0,0,0.0,0
0.1909,66,0,0.1686,4889.0,5,0,0,0,0.0,0
0.1163,21,0,0.2885,,11,0,1,0,0.0,0
3.1132,47,0,0.4345,7983.0,15,0,1,0,0.0,0
0.4675,63,0,0.5058,,10,0,2,0,0.0,0
0.487,47,0,0.5614,8205.0,6,0,1,0,0.0,0
0.6414,72,0,0.9028,12384.0,7,0,2,0,2.0,0
0.2158,58,0,0.9263,11993.0,10,0,1,0,1.0,0
0.4716,39,0,0.3567,7651.0,4,0,0,0,0.0,0
3.0259,55,0,0.5552,3280.0,11,0,1,0,,0
0.462,77,0,0.6108,3985.0,9,0,0,0,0.0,0
0.4308,56,0,0.3759,,9,0,0,0,2.0,0
2.7333,60,0,0.1009,9423.0,5,0,1,0,1.0,0
0.3576,59,0,0.4213,15524.0,6,0,1,0,1.0,0
0.512,42,0,0.4519,,8,0,0,0,0.0,0
0.1963,29,1,0.5254,2197.0,4,0,0,1,4.0,0
0.1486,58,0,0.6287,2851.0,6,0,0,0,1.0,0
0.2026,73,0,0.936,9940.0,6,0,1,0,0.0,0
0.2279,61,0,0.5174,7256.0,7,0,1,0,0.0,0
0.6368,33,0,0.6009,,5,0,0,0,1.0,0
0.3868,58,0,0.8248,2701.0,12,0,0,0,1.0,0
0.2399,65,0,0.9105,4503.0,10,0,1,0,1.0,0
0.4521,69,0,0.3817,4330.0,10,0,3,0,0.0,0
0.536,61,2,0.2204,7504.0,12,0,0,0,0.0,0
0.8494,56,0,0.3479,2842.0,13,0,2,0,0.0,0
1.7433,43,0,0.2037,3723.0,6,0,2,0,,0
0.5324,50,0,0.6799,,9,0,1,0,0.0,0
3.3726,66,0,0.7359,4602.0,10,0,0,0,0.0,0
0.3832,40,0,0.5631,,12,0,1,0,0.0,0
0.4346,40,0,0.4485,2335.0,11,0,0,0,0.0,0
0.5125,62,0,0.4261,2829.0,9,0,3,0,1.0,0
0.4104,58,0,0.9693,8354.0,8,0,2,0,1.0,0
2.5567,73,0,0.2654,2015.0,13,0,0,0,1.0,1
6.0551,65,2,0.5652,,8,0,3,0,1.0,0
0.314,45,0,0.4531,6468.0,14,0,2,0,1.0,0
0.0877,74,0,0.2212,,9,0,0,0,2.0,0
0.2378,57,0,0.4068,5293.0,3,0,0,0,0.0,0
0.2114,62,0,0.4084,7851.0,8,0,1,0,3.0,0
0.3855,47,0,0.2465,13786.0,11,0,1,0,0.0,0
0.1034,59,0,0.1991,8263.0,10,0,1,0,2.0,0
1.484,45,0,0.6074,,11,0,1,0,1.0,0
0.6466,23,0,0.6784,15161.0,8,0,0,0,1.0,0
1.6423,78,0,0.0841,,11,0,1,0,0.0,0
0.0721,40,3,0.6732,3251.0,8,0,1,0,0.0,0
0.4003,45,0,0.407,7918.0,6,0,2,0,0.0,0
0.486,44,0,0.5301,9908.0,11,0,0,0,2.0,0
0.3905,78,0,0.4505,24391.0,6,0,4,0,1.0,0
0.5427,59,0,0.653,11349.0,5,0,1,0,1.0,0
0.2796,61,0,0.7816,3345.0,10,0,3,0,1.0,0
0.083,66,0,0.697,6051.0,9,0,1,0,0.0,0
0.1439,63,0,0.7416,12428.0,14,0,0,0,0.0,0
0.1567,56,0,1.1048,10781.0,9,0,1,0,1.0,0
0.0502,55,0,0.1723,4015.0,9,0,1,0,3.0,0
0.3777,73,0,0.7595,2411.0,14,0,0,0,0.0,0
0.8126,36,0,0.3144,5997.0,4,0,1,0,1.0,0
0.197,40,0,0.3774,3718.0,7,0,2,0,,0
0.5747,62,0,0.2204,,4,0,1,0,1.0,0
0.6872,57,0,0.9171,3084.0,9,0,0,0,0.0,0
0.8704,48,0,0.3045,9165.0,11,0,1,0,3.0,0
0.4914,86,0,0.0367,6805.0,7,0,2,0,1.0,0
0.1322,36,0,0.2268,2488.0,7,0,1,0,1.0,0
0.2781,53,0,0.5891,12963.0,7,0,0,0,0.0,0
0.1858,56,0,0.0555,5883.0,8,0,1,0,1.0,0
0.6332,47,0,0.4435,4468.0,6,0,1,0,1.0,0
0.072,43,0,0.5797,8036.0,6,0,1,0,3.0,0
0.0789,48,0,0.758,10427.0,9,0,1,0,0.0,0
0.448,75,0,0.7183,40290.0,10,0,2,0,0.0,0
0.5079,47,0,0.3278,2248.0,12,0,0,0,0.0,1
0.511,58,0,0.4157,8756.0,5,0,2,0,2.0,0
0.1613,44,0,0.2911,,8,0,1,0,3.0,0
0.0838,62,0,0.5609,,12,0,1,0,0.0,0
3.7678,67,0,0.4598,13323.0,7,0,2,0,0.0,0
0.3895,50,0,0.1995,3327.0,10,0,2,0,0.0,0
10.3587,62,0,0.3445,5566.0,8,0,1,0,2.0,0
0.1438,50,0,0.837,,5,0,1,0,0.0,0
1.4084,53,0,0.5191,4062.0,6,0,1,0,0.0,0
0.4285,58,0,0.4039,4399.0,3,0,0,0,1.0,0
0.26,56,0,0.3096,3420.0,6,0,2,0,1.0,0
0.2453,55,0,0.3307,3722.0,7,0,1,0,1.0,0
0.0525,31,0,0.0716,9178.0,4,0,0,0,0.0,0
0.4942,35,0,0.3956,2405.0,9,0,1,0,0.0,0
0.1635,28,0,0.3605,7435.0,6,0,1,0,1.0,0
0.8246,32,1,0.705,,4,0,0,0,0.0,0
0.2111,58,0,0.4624,5095.0,7,0,1,0,3.0,0
0.5706,47,0,0.3877,,9,0,1,0,0.0,0
0.1442,43,0,0.7202,2389.0,5,0,1,0,2.0,0
1.7612,77,1,0.3915,12233.0,6,1,1,1,1.0,0
0.6207,69,0,0.2181,,15,0,1,0,1.0,1
0.6243,30,0,0.3277,2073.0,16,0,3,0,2.0,0
0.5523,40,0,0.3316,4606.0,12,0,1,0,1.0,0
0.3822,39,0,0.3296,,10,0,0,0,0.0,0
0.4639,53,0,0.6516,12207.0,7,0,3,0,0.0,0
0.7733,34,0,0.6538,4652.0,6,0,0,0,3.0,1
0.2306,42,0,0.4617,7008.0,4,0,0,0,3.0,0
0.2946,58,0,0.671,10605.0,6,0,2,0,2.0,0
0.842,50,0,0.5298,6945.0,6,0,2,0,1.0,0
0.0929,34,0,0.8404,,6,0,1,0,0.0,0
0.9374,53,0,0.6331,5323.0,6,0,2,0,0.0,0
0.4324,54,0,0.5442,4741.0,6,0,0,0,0.0,0
0.4187,55,0,0.6125,,13,0,1,0,0.0,0
0.3062,32,0,0.7023,8621.0,11,0,0,0,1.0,0
0.3291,66,0,0.5068,6222.0,6,0,0,0,2.0,0
0.8587,45,0,0.1294,4612.0,3,0,2,0,1.0,0
0.1563,36,0,1.1064,12179.0,7,0,1,0,1.0,0
6.4263,53,0,0.544,,6,0,0,0,2.0,0
0.434,61,0,0.4562,2923.0,7,0,1,0,0.0,0
0.6754,60,0,0.6999,3902.0,7,0,0,0,2.0,0
0.0329,70,3,0.0421,6402.0,8,0,1,0,1.0,0
0.5192,43,0,0.5394,11914.0,3,0,1,0,0.0,0
0.1676,29,0,0.1787,1748.0,7,0,0,0,1.0,0
1.2027,47,0,0.6239,6045.0,6,0,0,0,1.0,0
1.4023,21,0,0.69,6779.0,7,0,0,0,1.0,0
0.6536,40,0,0.303,7169.0,9,0,1,0,1.0,0
0.0662,47,0,0.1059,5621.0,16,0,1,0,0.0,0
1.4593,45,0,0.8265,9968.0,13,0,0,0,,0
0.0195,59,0,0.9844,,10,0,0,0,0.0,0
0.1187,52,0,0.151,,9,0,0,0,2.0,0
0.1609,58,0,0.6154,6237.0,10,0,0,0,0.0,0
0.3055,56,0,0.3584,3065.0,11,0,0,0,0.0,0
0.4188,31,0,0.5044,4953.0,10,0,1,0,2.0,0
0.4731,60,0,0.32,10581.0,10,0,1,0,1.0,0
0.0522,44,0,0.3467,,4,0,0,0,1.0,0
0.3029,55,0,0.4935,14590.0,11,0,0,0,0.0,0
0.0849,58,0,0.4151,13467.0,9,0,0,0,0.0,1
0.0806,41,0,0.176,3619.0,6,0,1,0,0.0,0
0.5335,42,0,0.4246,,8,0,0,0,0.0,0
0.7919,52,0,0.398,2494.0,5,0,0,0,0.0,0
0.6917,45,1,0.6141,6438.0,11,0,0,0,0.0,0
0.1876,76,0,0.5718,12048.0,4,0,1,0,,0
0.2929,52,0,0.5394,5140.0,4,0,2,0,1.0,0
0.8376,36,0,0.2659,6271.0,9,0,0,0,1.0,0
0.5669,81,0,0.0865,4268.0,8,1,0,1,1.0,0
0.7008,57,0,1.2127,,6,0,0,0,1.0,0
1.2556,51,0,0.2952,5833.0,11,0,0,0,1.0,0
1.0356,73,0,0.2552,5009.0,4,0,2,0,2.0,0
0.0769,56,0,0.5006,,4,1,2,3,0.0,0
0.1974,51,0,0.9712,1993.0,7,0,0,0,1.0,0
1.9395,30,0,0.4315,3971.0,6,0,1,0,0.0,0
0.2014,21,0,0.1391,3508.0,6,0,0,0,2.0,0
0.175,69,0,0.5633,7424.0,12,0,2,0,0.0,0
0.2072,56,2,0.4058,8083.0,8,0,0,0,0.0,0
0.7996,49,0,0.7437,3950.0,6,0,2,0,1.0,0
1.1708,50,0,0.2651,,1,0,2,0,0.0,0
0.6785,56,0,0.1332,3707.0,10,0,2,0,1.0,0
0.6474,61,0,0.7335,6244.0,9,0,1,0,0.0,0
0.156,41,0,0.7361,2322.0,7,0,1,0,2.0,0
2.8475,55,0,0.8979,5004.0,5,0,3,0,,0
0.0082,59,0,0.5286,,8,0,0,0,3.0,0
0.6315,45,0,0.3203,3000.0,5,0,4,0,0.0,0
0.4007,21,0,0.2006,3498.0,7,0,2,0,0.0,0
0.2355,41,0,0.8535,5565.0,8,0,1,0,2.0,0
0.2319,34,0,0.5318,3482.0,11,0,2,0,,0
0.5072,69,0,0.7677,29751.0,6,0,1,0,1.0,0
1.135,39,2,1.8243,3396.0,6,0,1,0,2.0,0
0.1697,38,0,0.4529,9442.0,5,0,1,0,0.0,0
0.1841,43,0,0.6812,,7,0,1,0,0.0,0
0.2161,64,2,0.0101,9877.0,8,0,3,1,0.0,0
0.5948,64,0,0.7715,8156.0,9,0,3,0,0.0,0
0.352,41,0,0.3263,,5,0,0,0,2.0,0
0.3053,46,0,0.8835,4266.0,3,0,0,0,1.0,0
0.1903,50,0,0.8251,2048.0,8,0,1,0,2.0,0
0.402,71,0,0.4931,,11,0,1,0,0.0,0
1.1885,23,0,1.5642,5233.0,10,0,3,0,1.0,1
0.5321,32,0,0.384,3639.0,9,0,0,0,0.0,0
0.1742,86,0,0.3208,7805.0,9,0,0,0,1.0,0
0.0174,68,0,0.2761,3506.0,7,0,1,0,0.0,0
0.3601,31,0,0.5319,5608.0,4,0,1,0,2.0,0
0.4928,95,0,0.8574,9192.0,4,0,0,0,0.0,0
0.9105,61,0,0.0421,,10,0,0,0,1.0,0
0.3943,54,0,0.2419,3195.0,11,0,1,0,0.0,0
0.0039,73,0,0.4517,9851.0,8,0,1,0,3.0,0
0.3568,40,0,0.832,9471.0,5,0,0,0,2.0,0
0.7147,45,0,0.2299,,8,0,1,0,1.0,0
1.2282,53,0,0.3712,13034.0,7,0,1,0,0.0,0
0.2563,59,0,0.5175,,7,0,1,0,1.0,0
0.4386,57,0,0.6317,3752.0,9,0,1,0,0.0,1
0.1427,55,0,0.1688,16034.0,5,0,1,0,0.0,0
0.7149,46,0,0.2903,12511.0,7,0,1,0,0.0,0
3.1421,57,0,0.1668,1454.0,9,0,2,0,1.0,0
0.4964,56,0,0.634,3182.0,9,0,1,0,0.0,0
0.5439,52,0,0.7408,3091.0,5,0,1,0,0.0,0
1.0939,48,0,0.7589,6147.0,9,0,0,0,1.0,0
0.3253,45,0,0.4958,6401.0,8,0,1,0,2.0,0
0.027,32,0,0.6334,6774.0,14,0,2,0,0.0,0
0.6094,72,0,0.576,13801.0,8,0,3,0,1.0,0
0.1409,62,0,0.9501,7357.0,7,0,2,0,0.0,0
0.273,66,0,0.8661,2915.0,12,0,2,0,,0
0.4721,36,0,0.6606,6309.0,17,0,1,0,0.0,0
0.0049,45,0,0.1353,4236.0,5,0,0,0,0.0,0
0.112,51,0,0.1993,,9,0,2,0,0.0,0
0.3335,57,0,0.8459,15313.0,5,0,0,0,2.0,0
0.8402,41,1,0.3793,3120.0,13,0,1,0,0.0,0
1.2372,76,0,0.7795,2877.0,7,0,0,0,1.0,1
2.5512,64,0,1.1237,,14,0,2,0,0.0,0
5.7756,55,0,0.7512,6963.0,7,0,1,0,1.0,0
6.0874,56,0,0.8112,5241.0,9,0,2,0,3.0,0
0.4622,49,0,0.3214,4278.0,3,0,0,0,0.0,0
0.3441,42,0,0.6423,9267.0,9,0,0,0,0.0,0
0.6323,21,0,0.5831,12559.0,10,0,1,0,0.0,0
3.5171,64,3,0.6508,21619.0,10,0,1,0,1.0,0
0.2606,53,0,0.8802,,6,0,3,0,0.0,0
0.2758,69,0,0.705,2586.0,11,0,1,0,0.0,0
0.1515,60,0,0.5894,10888.0,7,0,1,0,0.0,0
0.8853,52,2,0.2345,5053.0,12,0,1,0,0.0,0
0.0047,53,0,1.0445,,9,0,0,0,0.0,0
0.7766,42,0,0.6858,1995.0,6,0,1,0,1.0,1
0.3182,35,0,0.931,2214.0,9,0,2,0,0.0,0
0.0749,38,0,0.8156,,7,0,0,0,1.0,0
0.0571,39,0,0.913,,7,0,0,0,2.0,0
0.1667,49,2,1.2038,12684.0,6,0,2,0,2.0,0
0.2559,63,0,0.1924,4488.0,5,0,0,0,1.0,0
0.3051,62,0,0.2043,7795.0,13,0,1,0,2.0,0
1.3893,31,0,1.023,1742.0,3,0,2,0,1.0,0
1.1575,64,1,0.5765,2777.0,7,1,1,0,0.0,0
0.3487,54,0,0.3239,2881.0,12,0,2,0,0.0,0
0.2511,62,0,0.4498,1756.0,3,0,0,0,1.0,0
0.4399,59,0,0.2363,7566.0,8,0,0,0,0.0,0
0.7525,29,0,0.2906,4278.0,10,0,1,0,0.0,0
0.3958,55,0,0.1248,10144.0,6,0,3,0,0.0,0
0.2841,73,0,0.1264,11572.0,9,0,1,0,1.0,1
1.8266,35,0,0.5732,4696.0,8,0,1,0,3.0,0
0.7419,39,0,0.9445,7607.0,9,0,0,0,0.0,0
0.3592,24,0,0.4301,2206.0,7,0,0,0,0.0,0
0.1402,46,0,0.2885,3573.0,7,0,2,0,1.0,0
0.3204,31,0,0.8446,6420.0,5,0,0,0,1.0,0
0.1401,40,2,0.5225,2514.0,10,0,2,1,1.0,0
2.5379,55,0,0.543,6002.0,9,0,0,0,2.0,0
0.4489,63,0,0.6537,,6,0,2,0,1.0,0
0.7968,25,0,0.0184,7311.0,14,0,1,0,1.0,0
0.1355,46,0,0.2884,5478.0,11,0,0,0,0.0,0
0.3043,49,0,0.0456,1571.0,6,0,0,0,0.0,0
0.2623,50,0,1.1506,16090.0,6,0,4,0,1.0,0
0.3656,63,0,0.5878,,9,0,1,0,1.0,0
0.4292,63,0,0.854,8292.0,9,0,3,0,0.0,0
1.1454,64,0,0.2527,3417.0,6,0,2,0,2.0,0
0.7801,55,0,0.7278,13610.0,5,0,1,0,0.0,0
0.0605,48,0,0.7169,,4,0,0,0,1.0,0
0.2773,45,0,0.6571,4219.0,6,0,1,0,0.0,0
0.0716,60,0,0.2908,6227.0,9,0,2,0,0.0,0
0.782,40,0,0.3376,10131.0,5,0,1,0,0.0,0
0.3843,40,0,1.3471,2432.0,12,0,0,0,,0
1.0384,59,0,0.3576,13485.0,10,0,0,0,2.0,0
1.3653,62,0,0.6114,4806.0,8,0,1,0,0.0,1
0.2072,52,0,0.178,,4,0,1,0,0.0,0
0.4988,61,0,0.4368,5365.0,9,0,0,0,2.0,0
0.9826,48,0,1.0432,3024.0,5,0,1,0,1.0,0
0.066,50,0,0.4776,11865.0,13,0,0,0,2.0,0
0.4779,57,0,0.8165,3055.0,11,0,0,0,1.0,1
0.2748,41,0,1.2106,3823.0,8,0,2,0,1.0,0
0.8574,62,0,0.0799,8804.0,11,0,1,0,2.0,0
0.5282,49,0,0.1083,4243.0,5,0,0,0,1.0,0
0.1926,50,0,0.8695,10547.0,4,0,2,0,0.0,0
0.4148,53,0,0.309,8193.0,5,0,1,0,1.0,0
0.2465,64,3,0.7912,7110.0,5,0,2,0,0.0,0
0.1027,21,0,0.3803,,11,0,0,0,0.0,0
0.2885,34,0,0.7039,5984.0,11,0,0,0,0.0,0
0.5117,66,0,1.0058,,7,0,0,0,1.0,0
0.0389,59,0,0.2067,,7,0,0,0,1.0,0
0.4965,46,0,0.7808,7741.0,7,0,1,0,1.0,0
0.21,53,0,1.0521,6132.0,5,0,0,0,0.0,0
0.1383,60,0,0.1221,6504.0,10,0,3,0,0.0,0
0.4621,74,0,0.9135,5120.0,14,0,1,0,1.0,1
0.0978,46,0,1.0283,16152.0,4,0,1,0,0.0,0
0.3002,70,0,0.1818,8312.0,4,0,0,0,0.0,0
0.0915,60,0,0.1897,4819.0,5,0,2,0,0.0,0
2.974,39,0,1.1175,10760.0,11,0,1,0,2.0,0
0.2031,43,0,0.6362,3888.0,11,0,2,0,2.0,0
0.0899,69,0,0.281,,11,0,0,0,2.0,0
0.5741,72,0,0.13,5693.0,9,0,0,0,0.0,0
0.4232,51,0,0.1572,6263.0,8,0,2,0,0.0,0
0.202,67,0,0.3566,2262.0,7,0,0,0,2.0,0
0.0997,57,1,0.5494,2478.0,9,0,1,1,2.0,0
3.981,51,0,1.0641,3388.0,7,0,2,0,0.0,1
2.0672,55,0,0.9326,9903.0,3,0,1,0,4.0,0
0.0555,32,0,0.7494,6233.0,8,0,3,0,2.0,0
0.7218,48,0,0.4772,5709.0,5,0,2,0,0.0,0
0.3291,45,0,0.1059,6180.0,7,0,1,0,1.0,0
0.262,66,0,1.1325,4380.0,12,0,3,0,0.0,0
0.8604,55,0,0.619,5375.0,8,0,0,0,1.0,0
0.3356,49,0,0.092,5393.0,10,0,0,0,0.0,0
0.0477,68,0,0.3645,7674.0,3,0,2,0,0.0,1
0.0756,31,0,0.0761,,8,0,0,0,0.0,0
0.3816,39,0,0.5807,1474.0,10,0,2,0,2.0,0
0.2626,70,0,0.3299,,7,0,2,0,0.0,0
0.179,61,0,0.1907,2352.0,3,0,2,0,1.0,0
0.7846,30,0,0.0476,12138.0,9,0,0,0,3.0,0
0.0118,55,0,0.3188,,10,0,2,0,0.0,0
0.5832,34,0,0.0479,,13,0,1,0,0.0,0
0.3437,46,0,0.3366,2554.0,11,0,1,0,0.0,0
0.4012,58,0,0.2897,2160.0,4,0,0,0,0.0,0
0.496,52,0,0.1602,3523.0,7,0,0,0,0.0,0
1.1321,51,0,0.6202,1518.0,7,0,1,0,0.0,0
1.2733,40,2,0.2525,6163.0,5,0,1,0,2.0,0
0.0147,68,0,0.5502,8231.0,8,0,0,0,0.0,0
0.0553,59,0,0.3187,,8,0,3,0,0.0,0
0.8202,41,0,0.3327,9926.0,7,0,1,0,0.0,0
0.7496,54,0,0.389,14840.0,4,0,1,0,1.0,0
0.4941,48,0,0.2952,5379.0,8,0,2,0,1.0,0
0.5246,44,0,0.739,3318.0,8,0,2,0,0.0,0
0.7401,54,0,0.3229,,5,0,0,0,1.0,0
0.9774,75,0,0.4118,,8,0,0,0,0.0,0
0.6078,40,0,1.1352,4904.0,7,0,2,0,1.0,0
3.8466,60,0,0.1187,3386.0,5,0,1,0,2.0,0
0.2418,64,0,0.6799,10393.0,10,0,1,0,0.0,0
0.4103,59,0,0.2785,7652.0,7,0,1,0,1.0,0
0.1541,65,0,0.5987,8604.0,8,0,1,0,1.0,0
0.3512,51,0,0.4424,,6,0,0,0,2.0,0
3.1741,59,0,0.5751,6127.0,5,0,0,0,1.0,0
2.312,54,1,0.1349,11825.0,7,0,2,3,0.0,0
1.1018,34,0,0.1535,8120.0,8,0,1,0,0.0,0
0.2693,37,0,0.5867,2735.0,3,0,1,0,0.0,0
0.1648,67,0,0.6425,2810.0,5,0,2,0,1.0,0
0.0238,46,0,1.0186,,14,0,2,0,0.0,0
0.3697,47,0,1.2366,22508.0,12,0,1,0,1.0,0
0.6233,63,0,0.3321,3585.0,10,0,1,0,0.0,0
0.3854,50,0,0.3303,7995.0,6,0,1,0,1.0,0
0.0241,62,0,0.9013,2776.0,6,0,1,0,0.0,0
0.3267,51,0,0.0461,,6,0,1,0,1.0,0
2.1794,38,0,0.1323,2537.0,15,0,0,0,1.0,1
0.0064,66,0,0.3415,7290.0,10,0,1,0,1.0,0
0.2886,40,0,0.9888,4569.0,6,0,0,0,1.0,0
0.2015,70,0,0.9426,8609.0,9,0,1,0,1.0,0
0.2781,60,0,0.7726,,6,0,2,0,1.0,0
0.0443,45,0,0.7396,4470.0,9,0,3,0,0.0,0
0.108,60,0,0.0897,,9,0,0,0,2.0,0
0.0895,45,0,0.7688,13065.0,8,0,1,0,0.0,0
0.4568,41,0,0.4875,3099.0,12,0,2,0,0.0,0
3.8751,55,0,0.7187,3214.0,5,0,2,0,1.0,0
0.3443,63,0,0.2847,2458.0,6,0,3,0,3.0,0
0.2535,56,0,0.586,7349.0,11,0,0,0,1.0,0
0.501,42,0,0.6845,4320.0,3,0,1,0,,1
0.3746,33,1,0.8719,2764.0,9,0,1,0,0.0,0
2.0712,50,0,0.4621,7556.0,8,0,1,0,2.0,0
0.7156,37,1,0.6846,4078.0,7,0,1,2,2.0,0
0.1948,51,0,0.2225,6560.0,7,0,2,0,1.0,0
0.3155,52,0,0.4519,10842.0,10,0,1,0,2.0,0
0.6162,62,0,0.6763,3503.0,7,0,1,0,0.0,0
0.8036,61,0,0.5724,11688.0,5,0,0,0,1.0,0
0.708,66,0,0.6605,2127.0,7,0,2,0,1.0,1
0.6932,52,0,0.4384,,11,0,2,0,0.0,0
0.6947,46,0,0.4156,2985.0,8,0,0,0,3.0,0
0.2253,58,0,0.6478,11680.0,10,0,1,0,1.0,0
0.2605,58,0,0.3141,3364.0,6,0,0,0,1.0,0
3.1852,57,0,0.6176,,5,0,1,0,2.0,0
0.4207,79,0,0.4781,10781.0,5,0,0,0,1.0,0
0.6251,61,0,0.4784,4993.0,9,0,3,1,2.0,0
0.4538,69,0,0.3891,2312.0,6,0,1,0,0.0,0
0.3843,37,0,0.3476,3999.0,2,0,1,0,1.0,0
0.1768,38,0,0.108,3389.0,12,0,2,0,1.0,0
0.3653,41,0,0.5557,9192.0,12,0,1,0,,0
0.9601,52,0,0.3301,8790.0,10,0,0,0,0.0,0
0.0075,50,0,0.1736,5950.0,9,0,0,0,2.0,0
0.293,56,0,0.0457,13591.0,9,0,0,0,0.0,0
1.1599,75,0,0.4728,3396.0,8,0,4,0,2.0,0
0.4278,51,0,0.2981,,8,0,2,0,0.0,0
0.298,59,0,1.3818,2758.0,10,0,0,0,1.0,0
4.601,53,0,0.9215,6676.0,11,0,2,0,0.0,0
0.1298,67,0,0.4276,,5,0,2,0,0.0,0
0.5105,61,0,0.7741,10033.0,11,0,1,0,1.0,0
0.3041,51,0,0.6227,,7,0,2,0,1.0,0
0.1489,65,0,0.7176,4260.0,7,0,1,0,0.0,0
0.0675,61,0,0.5844,9462.0,5,0,4,0,0.0,0
0.7963,64,1,0.7049,5243.0,5,0,2,1,0.0,0
0.1782,53,0,0.3132,5365.0,13,0,1,0,1.0,0
2.197,61,0,0.8421,9858.0,10,0,3,0,0.0,0
0.3074,49,0,0.4267,5035.0,10,0,2,0,0.0,0
0.8551,38,0,0.5813,,6,0,2,0,0.0,0
0.1817,46,0,0.2251,7356.0,4,0,1,0,4.0,0
0.4905,61,0,0.4472,8497.0,3,0,2,0,0.0,0
0.632,59,0,0.4475,6012.0,6,0,3,0,2.0,0
0.0382,42,0,0.4122,16645.0,12,0,0,0,0.0,0
0.6121,71,1,0.1669,4574.0,7,1,3,3,0.0,0
0.3631,38,0,0.4053,1914.0,4,0,0,0,0.0,0
0.525,54,0,0.369,2443.0,9,0,0,0,1.0,0
0.3998,46,0,0.105,,10,0,3,0,,0
0.046,55,0,0.3293,,5,0,1,0,3.0,0
0.0615,34,1,0.3089,3644.0,5,0,1,0,0.0,0
0.7078,29,0,0.271,5637.0,13,0,1,0,0.0,0
2.129,43,0,0.6574,1845.0,10,0,0,0,2.0,0
0.351,62,0,0.1608,,5,0,1,0,2.0,0
5.6563,55,0,0.5247,5181.0,11,0,1,0,1.0,0
0.48,33,0,0.2264,3940.0,7,0,1,0,0.0,0
1.3646,66,0,0.2166,3465.0,8,0,3,0,0.0,0
0.7275,55,0,0.3997,4819.0,4,0,0,0,1.0,0
1.7986,63,0,0.1521,,9,0,0,0,2.0,0
0.256,47,0,0.1827,17300.0,11,0,2,0,0.0,0
0.3046,27,0,0.5336,6074.0,1,0,1,0,0.0,0
3.9917,73,0,0.8619,9979.0,11,0,0,0,0.0,0
0.8654,50,0,0.5713,6839.0,11,0,0,0,2.0,0
0.3053,66,0,1.0656,2253.0,9,0,1,0,0.0,0
0.1289,47,0,0.1051,2755.0,11,0,1,0,0.0,0
0.1956,53,0,0.5948,14282.0,12,0,0,0,2.0,0
0.0227,29,0,0.8019,3873.0,7,0,2,0,1.0,0
0.2944,40,0,0.1117,3638.0,8,0,0,0,1.0,0
0.2478,73,0,0.2221,7826.0,8,0,1,0,0.0,0
0.446,64,0,0.7908,11115.0,8,0,1,0,1.0,0
0.4944,69,0,0.1653,4337.0,9,0,1,0,1.0,0
0.3029,59,0,0.226,,6,0,1,0,0.0,0
0.0102,56,0,0.5382,3674.0,4,0,0,0,1.0,0
0.1592,65,0,0.4531,7211.0,14,0,2,0,1.0,0
0.0513,65,0,0.5246,4424.0,14,0,2,0,1.0,0
0.3915,56,0,0.3676,7433.0,6,0,2,0,2.0,0
0.1544,53,1,0.3094,2128.0,11,0,0,0,3.0,0
0.1637,65,0,0.4655,8496.0,7,0,2,0,1.0,0
0.7371,37,0,0.2982,3339.0,1,0,0,0,2.0,0
0.5791,48,0,0.5526,6323.0,5,0,2,0,0.0,0
2.3304,32,0,0.4289,21660.0,12,0,0,0,1.0,0
0.0172,39,0,0.5774,4229.0,10,0,0,0,1.0,0
2.6929,55,0,0.6082,10404.0,6,0,2,0,1.0,0
0.8519,63,0,0.3276,1484.0,6,0,2,0,,0
0.5462,78,0,0.1543,,9,0,2,0,,0
0.4053,50,0,0.1187,3309.0,11,0,2,0,0.0,0
0.4771,46,0,0.1628,7017.0,7,0,2,0,0.0,0
0.0451,51,0,0.7874,8471.0,10,0,0,0,1.0,0
0.5104,55,1,0.0408,9599.0,15,0,0,0,2.0,0
0.8288,77,0,0.4945,16938.0,9,0,1,0,1.0,0
1.3957,52,0,0.4057,2450.0,13,0,0,0,,0
0.5286,37,0,0.0862,2277.0,4,0,2,0,0.0,0
0.6796,57,0,0.2532,,8,0,1,0,1.0,0
5.1936,53,2,0.5119,2236.0,8,0,1,0,1.0,0
0.5789,51,0,0.4115,5646.0,4,0,0,0,1.0,0
0.3749,48,1,0.5136,1589.0,13,0,3,0,2.0,0
6.519,81,0,0.9503,,5,0,1,0,0.0,0
1.0582,45,0,0.2526,6633.0,5,0,2,0,1.0,0
3.4333,31,0,0.7719,,9,0,1,0,0.0,1
0.8788,44,0,0.8774,6416.0,6,0,2,1,1.0,0
5.7954,45,0,0.204,9014.0,5,0,0,0,0.0,0
0.2129,34,0,0.7762,11525.0,6,0,1,0,0.0,0
0.0642,49,0,0.1934,,8,0,1,0,0.0,0
1.2441,75,0,0.1803,8533.0,7,0,0,0,0.0,0
0.2957,34,0,0.9674,,8,0,0,0,2.0,0
0.4756,33,0,0.0633,1488.0,8,0,1,0,0.0,0
1.5816,62,0,0.1998,,12,0,0,0,1.0,0
0.5707,49,0,0.5581,4078.0,8,0,0,0,1.0,0
0.4079,47,0,0.8213,,4,0,0,0,0.0,0
0.565,67,0,0.1731,5849.0,6,0,1,0,4.0,0
0.5528,44,0,0.0397,3475.0,2,0,1,0,0.0,0
0.3279,30,0,0.2338,,7,0,1,0,0.0,0
0.8474,63,0,0.2193,5085.0,9,0,1,0,0.0,0
0.7016,51,0,0.5667,7645.0,7,0,1,0,1.0,0
0.0398,50,0,0.6958,3126.0,7,0,2,0,1.0,0
0.1824,25,0,0.4544,,9,0,2,0,0.0,0
3.3294,38,0,1.1813,3584.0,15,0,0,0,1.0,0
0.2892,49,1,0.5591,5234.0,8,0,2,0,1.0,0
0.4795,37,0,0.6999,,10,0,0,0,0.0,0
0.4355,65,0,0.7076,5084.0,17,0,0,0,1.0,0
1.3204,51,0,0.6221,2347.0,10,0,1,0,1.0,0
0.3178,49,0,0.7517,,8,0,0,0,3.0,0
1.6845,66,0,0.4539,10771.0,5,0,1,0,1.0,0
0.578,44,0,0.8136,4679.0,7,0,1,0,0.0,0
0.4039,57,0,0.4249,,10,0,3,0,0.0,0
0.8437,52,0,0.4715,8596.0,8,0,1,0,2.0,0
0.4281,64,5,0.3209,13306.0,9,0,1,2,0.0,0
0.1892,58,0,0.6006,3571.0,15,0,1,0,0.0,0
0.9785,61,0,0.0285,7998.0,5,0,0,0,1.0,0
0.6634,45,0,0.9458,2276.0,6,0,1,0,1.0,0
0.1066,44,0,0.481,1970.0,8,0,1,0,1.0,0
0.2741,51,0,1.0285,,7,0,0,0,1.0,0
0.1191,61,0,0.184,6230.0,7,0,1,0,2.0,0
0.1036,57,0,0.8455,,8,0,0,0,2.0,0
0.6884,63,0,0.4489,3399.0,10,0,0,0,2.0,0
0.2451,40,0,0.5635,7851.0,9,0,1,0,2.0,0
0.3794,33,0,0.67,5665.0,2,0,0,0,0.0,0
0.6266,45,0,0.1475,3178.0,8,0,0,0,1.0,1
2.6076,43,0,0.6586,,7,0,0,0,0.0,0
0.1915,39,0,0.7968,19288.0,4,0,1,0,2.0,0
0.1798,49,0,0.5891,4182.0,8,0,1,0,2.0,0
1.251,34,2,0.8145,3012.0,6,0,0,1,0.0,0
0.0411,44,0,0.267,7263.0,12,0,2,0,1.0,0
0.1937,38,0,0.8133,20309.0,7,0,3,0,0.0,0
0.0838,36,0,0.1572,5271.0,5,0,2,0,2.0,0
0.4584,35,1,0.869,8369.0,12,0,1,0,1.0,0
1.8342,38,0,0.4652,14555.0,5,0,0,0,0.0,0
0.31,59,0,0.0942,2725.0,6,0,2,0,2.0,0
0.2874,48,0,0.1609,7710.0,4,0,2,0,0.0,0
0.5976,54,0,0.1572,7148.0,8,0,2,0,0.0,0
0.8165,49,1,0.5434,1195.0,4,1,0,0,0.0,0
0.8569,61,0,0.3217,7382.0,5,0,2,0,1.0,0
0.5394,59,0,0.5002,2717.0,6,0,3,0,1.0,0
3.0798,59,0,0.8473,6745.0,9,0,1,0,0.0,0
0.7049,49,0,0.2327,3478.0,11,0,0,0,0.0,0
0.0445,51,0,0.3242,4184.0,7,0,1,0,0.0,0
0.1016,35,0,0.1874,2080.0,13,0,1,0,2.0,0
0.2558,42,0,0.1651,1921.0,5,0,2,0,0.0,0
0.0599,62,0,0.5945,3320.0,9,0,2,0,0.0,0
1.2194,44,0,1.2532,12928.0,8,0,1,0,2.0,0
0.1993,48,0,0.2592,7636.0,7,0,1,0,1.0,0
0.3354,60,0,0.4571,2410.0,8,0,2,0,1.0,0
0.3513,55,0,0.3178,2423.0,11,0,0,0,4.0,0
0.1569,52,2,0.8898,4382.0,6,0,2,0,0.0,0
0.6696,49,0,0.1745,8258.0,8,0,1,0,0.0,0
0.6214,63,0,0.238,8364.0,6,0,1,0,0.0,0
0.2185,43,0,0.8927,5703.0,5,0,2,0,1.0,0
0.4979,56,0,0.8994,6276.0,8,0,2,0,1.0,0
0.7499,48,0,1.153,2666.0,6,0,3,0,1.0,0
0.4572,59,0,0.8537,4153.0,9,0,1,0,0.0,0
0.384,61,0,0.387,4051.0,7,0,0,0,,0
0.9936,53,0,0.4417,,7,0,0,0,1.0,0
0.2901,67,0,0.5395,4413.0,10,0,1,0,2.0,0
0.9687,62,0,0.387,15870.0,10,0,0,0,1.0,0
0.2526,48,0,0.6402,,14,0,1,0,2.0,0
4.1993,55,0,0.3238,4929.0,8,0,2,0,0.0,0
2.2169,56,0,0.3395,15492.0,8,0,3,0,2.0,0
0.8656,65,0,0.3917,7105.0,9,0,0,0,0.0,0
0.0385,32,0,0.0342,3550.0,8,0,1,0,0.0,0
0.2941,67,0,0.3327,7202.0,7,0,1,0,3.0,0
0.124,30,0,0.7336,,7,0,1,0,0.0,0
0.409,58,0,0.8801,21224.0,5,0,1,0,1.0,0
0.3168,58,0,0.5219,,12,0,1,0,0.0,0
0.8208,49,0,0.1574,1213.0,10,2,1,0,1.0,0
0.426,60,0,0.4986,3573.0,2,0,2,0,2.0,0
3.2304,35,0,0.3513,7724.0,8,0,2,0,0.0,0
0.9792,41,0,0.4241,,7,0,1,0,1.0,0
0.6024,37,0,0.5334,20111.0,7,0,1,0,1.0,0
0.3102,43,5,0.3602,,7,0,1,0,1.0,0
0.3639,66,0,0.359,7484.0,4,0,2,0,1.0,0
0.4355,69,0,0.5045,6008.0,12,0,0,0,1.0,0
0.1775,51,0,0.1379,7714.0,6,0,3,0,0.0,0
1.1025,55,0,0.5177,9961.0,9,0,1,0,2.0,0
0.254,79,0,0.7541,3957.0,8,0,1,0,2.0,0
0.5885,46,0,0.3361,8219.0,8,0,0,0,2.0,0
0.358,43,0,0.1255,,12,0,1,0,0.0,0
0.4875,65,0,0.8388,5082.0,11,0,0,0,1.0,0
0.668,45,0,0.1754,9597.0,7,0,0,0,0.0,0
2.1983,38,0,0.5982,,8,0,1,0,0.0,1
0.1977,64,0,0.2519,,12,0,2,0,1.0,0
0.1233,71,0,0.2607,8099.0,10,0,0,0,3.0,0
0.5752,45,0,0.1486,6206.0,6,0,0,0,1.0,1
0.1161,52,0,0.7055,3940.0,10,0,0,0,2.0,0
0.212,64,0,1.1451,6986.0,10,0,1,0,1.0,0
0.1379,41,0,0.9035,2195.0,11,0,1,0,0.0,0
0.0297,65,0,0.5531,,8,0,0,0,1.0,0
0.1235,72,0,0.8892,1328.0,7,0,1,0,2.0,0
0.7035,35,0,0.6246,9283.0,11,0,2,0,2.0,0
0.064,33,0,0.2622,6471.0,8,0,1,0,0.0,0
0.7289,29,0,0.4752,1559.0,10,0,1,0,0.0,1
0.2722,45,0,0.4328,,11,0,1,0,1.0,0
0.2955,34,0,1.1581,,7,0,2,0,0.0,0
0.418,67,0,0.5379,,6,0,2,0,2.0,1
0.2981,39,0,0.6243,9573.0,9,0,0,0,1.0,0
0.5764,46,0,0.3363,9155.0,2,0,1,0,0.0,0
0.345,57,0,0.6003,6571.0,9,0,0,0,1.0,0
0.1959,40,0,0.3188,11670.0,7,0,1,0,2.0,0
1.3304,52,0,0.2442,13901.0,10,0,1,0,0.0,0
0.5289,61,0,0.5326,,5,0,2,0,1.0,0
8.504,95,0,0.0556,8790.0,6,0,0,0,1.0,1
0.266,57,0,0.1367,4338.0,8,0,2,0,2.0,0
5.318,30,0,0.2904,4653.0,5,0,0,0,0.0,0
0.7021,62,0,0.4625,6080.0,1,0,0,0,0.0,0
1.7369,56,0,0.1261,4860.0,11,1,1,0,0.0,0
0.0184,59,0,0.3297,,2,0,1,0,0.0,0
0.6172,51,0,1.1621,,6,0,2,0,1.0,0
0.2406,64,2,0.1106,7615.0,8,0,2,1,1.0,0
0.0102,48,0,0.3557,6257.0,7,0,2,0,0.0,0
0.1711,56,0,0.02,5839.0,9,0,0,0,1.0,0
0.0941,55,0,0.9429,880.0,8,0,2,0,1.0,0
0.7767,53,0,0.9284,15337.0,12,0,1,0,0.0,0
0.2342,47,0,0.7017,6988.0,5,0,0,0,1.0,0
0.6488,68,0,0.2144,2429.0,5,0,0,0,0.0,0
0.1482,71,0,0.1731,9661.0,14,0,1,0,1.0,0
0.3852,79,0,0.8455,7536.0,7,0,0,0,2.0,0
0.0895,54,0,0.9666,7189.0,7,0,2,0,3.0,0
0.3729,55,0,0.5776,,9,0,2,0,1.0,0
0.1811,56,0,0.878,,7,0,1,0,0.0,0
0.1762,41,0,0.4523,2087.0,9,0,2,0,0.0,0
0.1299,64,0,0.7916,,7,0,1,0,0.0,0
1.9349,48,0,0.7634,4970.0,9,0,0,0,0.0,0
0.5488,60,0,0.6228,6121.0,5,0,0,0,0.0,0
0.2647,36,0,0.4607,,6,0,1,0,0.0,0
0.011,60,0,0.5648,3897.0,8,0,1,0,,0
0.4115,70,0,0.2738,3410.0,10,0,1,0,0.0,0
0.5696,43,0,0.3985,,11,1,1,0,0.0,0
0.7216,46,0,0.158,6435.0,12,0,1,0,1.0,0
0.2704,46,0,0.1524,5884.0,3,0,1,0,1.0,0
2.5565,46,0,0.2578,7189.0,7,0,1,0,0.0,0
0.7874,71,0,0.4501,9986.0,7,0,0,0,3.0,0
0.5499,54,0,0.9772,,6,0,0,0,1.0,0
0.4116,39,0,0.5561,6035.0,7,0,0,0,1.0,0
4.4307,41,0,0.7538,5571.0,16,0,3,0,3.0,0
0.762,24,0,1.0746,8005.0,4,0,1,0,1.0,0
0.6005,42,0,0.2387,,11,0,0,0,0.0,0
3.3833,35,0,0.6447,4314.0,9,0,2,0,0.0,0
0.0959,36,0,0.4977,5136.0,12,0,0,0,1.0,0
0.2044,47,0,0.6443,11199.0,8,0,0,0,2.0,0
0.3478,37,0,0.9616,10649.0,6,0,1,0,0.0,0
0.1127,50,0,0.3223,2075.0,7,0,2,0,0.0,0
0.0509,58,0,0.7379,10993.0,7,0,2,0,3.0,0
0.2707,57,0,0.8519,9670.0,14,0,0,0,0.0,0
0.5486,55,0,0.3497,13145.0,5,0,1,0,2.0,0
0.1607,21,0,0.0497,4752.0,7,0,1,0,3.0,0
0.0283,45,0,0.21,8738.0,9,0,0,0,0.0,0
2.3353,70,0,0.3819,,7,0,2,0,1.0,1
8.3994,82,0,0.8602,10730.0,7,0,1,0,1.0,0
0.5293,63,0,0.7286,10072.0,6,0,1,0,0.0,0
0.4375,53,0,0.1162,15526.0,3,0,1,0,2.0,0
0.4002,40,0,0.411,1160.0,5,0,0,0,1.0,0
0.0413,70,0,0.7838,4472.0,6,2,4,0,1.0,0
0.1669,50,0,0.6187,7327.0,9,0,0,0,1.0,0
0.021,49,0,0.4888,4742.0,11,0,1,0,0.0,0
2.8044,68,0,0.6739,2336.0,11,0,2,0,1.0,0
0.1847,21,0,0.6696,6137.0,6,0,0,0,2.0,0
0.3087,51,0,0.5133,11694.0,13,0,1,0,0.0,0
0.1706,31,0,0.4256,4493.0,9,0,2,0,0.0,0
0.7195,60,0,0.2075,4161.0,7,0,2,0,1.0,0
0.0624,75,0,0.8273,4488.0,8,0,1,0,0.0,0
0.5042,59,0,0.5256,4369.0,11,0,3,0,0.0,0
0.6094,80,0,0.7351,7052.0,8,0,0,0,2.0,0
0.5805,55,0,0.3936,10390.0,11,0,0,0,0.0,0
0.0236,72,0,0.1947,5428.0,10,0,3,0,3.0,1
0.3262,30,0,0.2529,6151.0,11,0,3,0,2.0,0
0.2845,55,0,0.4683,6172.0,8,0,0,0,1.0,0
0.0586,33,0,0.7459,,6,0,4,0,0.0,0
0.2071,57,0,0.3136,,6,0,2,0,,0
0.3307,48,0,0.4156,4476.0,13,1,2,1,0.0,0
0.6733,49,0,0.2622,2780.0,19,0,2,0,0.0,0
0.6811,49,0,0.6694,11307.0,5,0,1,0,0.0,0
0.0259,67,0,0.3629,2707.0,8,0,1,0,1.0,0
0.3222,55,0,0.6461,6599.0,8,0,2,0,1.0,0
0.5837,55,0,0.4829,11818.0,9,0,0,0,1.0,0
2.4079,52,0,0.615,5178.0,5,0,1,0,0.0,0
0.1464,62,0,0.5183,8865.0,11,0,0,0,1.0,0
7.046,49,1,0.279,5862.0,10,2,0,0,3.0,0
0.396,37,0,0.4425,4108.0,7,0,1,0,0.0,0
0.0229,65,0,0.2257,,6,0,1,0,1.0,0
0.3256,46,0,0.7305,,8,0,1,0,4.0,0
0.2465,56,0,0.2109,2226.0,9,0,1,0,0.0,0
0.0511,63,0,0.2225,,10,0,1,0,0.0,0
0.004,37,0,0.1362,3916.0,4,0,0,0,1.0,0
0.2304,41,0,0.1065,11310.0,5,0,0,0,0.0,0
1.8667,32,0,0.6236,5282.0,8,0,0,0,0.0,0
0.5977,47,0,0.6196,2317.0,7,0,1,0,3.0,0
0.3822,67,0,0.9794,6150.0,12,0,1,0,1.0,0
0.5684,52,0,1.1047,4894.0,6,0,1,0,1.0,1
0.2275,72,0,0.2189,,4,0,0,0,0.0,0
0.0035,57,0,0.1033,,7,0,1,0,1.0,0
0.2143,44,0,0.5012,6009.0,11,0,1,0,0.0,0
0.4084,42,0,0.1835,3030.0,7,0,0,0,0.0,0
0.288,74,0,0.7954,3982.0,2,0,2,0,0.0,0
0.3657,63,0,0.527,,6,0,1,0,3.0,0
0.0389,49,0,0.1341,,9,0,1,0,0.0,0
0.2131,54,0,0.1635,1171.0,9,0,1,0,2.0,0
0.4314,46,0,0.2139,,8,0,0,0,0.0,0
0.6741,21,0,0.3272,,13,0,0,0,1.0,0
1.0595,53,0,1.1726,2739.0,15,0,1,0,,0
0.2842,35,0,0.8126,3862.0,9,0,1,0,0.0,0
3.212,47,0,0.5788,5266.0,11,0,1,0,0.0,0
0.3706,34,1,0.424,6259.0,8,0,2,2,0.0,0
2.0812,49,0,0.707,7367.0,7,0,1,0,0.0,0
1.3087,38,0,0.4317,4326.0,10,0,2,0,0.0,0
0.2906,53,0,0.7338,,5,0,1,0,0.0,0
0.8173,62,0,0.6676,,9,0,1,0,0.0,0
0.2563,56,0,0.7995,8224.0,8,0,1,0,0.0,0
0.3347,31,0,0.1584,2022.0,4,0,1,0,0.0,0
0.5544,29,0,0.1187,13542.0,9,0,0,0,1.0,0
0.066,34,0,0.2454,4478.0,9,0,3,0,1.0,0
0.0893,66,0,0.4494,,8,0,1,0,1.0,0
0.2232,83,0,0.2728,7513.0,4,0,2,0,0.0,0
0.0226,43,0,0.8078,3055.0,10,0,1,0,2.0,0
0.5298,38,0,0.1594,,5,0,2,0,,0
0.3455,71,0,0.6599,10500.0,2,0,1,0,,0
0.8503,46,0,0.4021,3049.0,6,0,0,0,1.0,0
0.9261,51,0,0.6445,6815.0,9,0,1,0,0.0,0
0.4382,54,0,0.4302,4004.0,5,0,2,0,2.0,0
0.5205,42,0,0.7821,1862.0,4,0,0,0,1.0,0
0.5845,41,0,0.7552,6854.0,9,0,2,0,0.0,0
0.2905,51,0,0.4738,3124.0,6,0,2,0,0.0,0
0.1139,46,0,0.6314,17891.0,8,0,0,0,0.0,0
0.0869,27,0,0.7224,3209.0,1,0,1,0,0.0,0
0.4299,39,0,0.4852,3750.0,5,0,0,0,2.0,0
0.5333,50,0,0.9335,4874.0,5,0,0,0,,0
0.3443,44,0,0.1309,4168.0,5,0,1,0,0.0,0
0.6188,59,0,0.4033,,8,0,1,0,0.0,0
0.2417,41,0,0.4103,2702.0,8,0,2,0,,0
0.3979,77,0,0.5322,8387.0,7,0,1,0,,0
0.2642,53,1,0.0797,17285.0,7,2,1,3,0.0,0
0.0661,53,0,0.4622,6925.0,5,0,1,0,1.0,0
3.5837,45,0,0.3585,,8,0,0,0,0.0,0
0.6059,48,0,0.1394,5475.0,11,0,1,0,1.0,0
0.4228,26,0,1.0037,,9,0,1,0,2.0,0
0.2757,52,0,0.4545,,4,0,2,0,1.0,0
0.3419,80,0,0.7033,2951.0,11,0,1,0,0.0,0
0.3443,65,0,0.3916,4535.0,7,0,0,0,1.0,0
0.6145,29,0,0.5617,5257.0,10,0,3,0,1.0,0
0.5621,56,0,0.5245,1893.0,10,0,1,0,0.0,0
0.2888,58,0,0.332,4474.0,9,0,0,0,1.0,0
0.6131,73,0,0.2952,4307.0,10,0,0,0,1.0,0
1.7571,41,0,0.6158,12270.0,9,0,0,0,0.0,0
0.1414,84,0,0.3384,2897.0,5,0,3,0,4.0,0
0.0872,54,0,0.2052,4132.0,11,0,2,0,1.0,0
0.6777,40,0,0.4604,17092.0,7,0,0,0,2.0,0
0.5022,29,0,0.2782,,8,0,0,0,1.0,0
0.2391,50,0,0.2112,3582.0,9,0,1,0,2.0,0
0.6996,55,0,0.5676,3864.0,5,0,1,0,1.0,0
0.5568,36,0,0.7053,4780.0,4,0,3,0,0.0,0
0.0646,61,0,0.1638,9405.0,8,0,0,0,0.0,0
0.724,59,1,0.5438,3853.0,11,0,1,0,2.0,0
0.1934,52,0,0.1685,5202.0,9,0,2,0,2.0,0
0.1811,40,0,0.5547,6418.0,3,0,1,0,1.0,0
0.005,52,0,0.5562,11110.0,6,0,2,0,0.0,0
0.4308,78,0,0.829,5425.0,7,0,0,0,0.0,0
0.4631,39,0,0.3543,2676.0,13,0,0,0,1.0,0
0.6776,27,0,0.5698,5310.0,10,0,2,0,0.0,0
0.6359,47,0,0.4659,2951.0,10,0,0,0,0.0,1
0.1468,41,0,0.1557,11303.0,4,0,2,0,3.0,0
0.5335,26,0,0.8492,,7,0,1,0,0.0,1
0.2036,58,0,0.5888,6683.0,12,0,0,0,1.0,0
0.0803,34,0,0.194,16460.0,6,0,1,0,1.0,0
0.4716,32,5,0.3108,3399.0,10,0,0,0,1.0,0
0.4116,63,0,0.4519,2264.0,7,0,2,0,0.0,0
0.0017,72,0,0.5745,6625.0,6,0,1,0,1.0,0
0.3686,88,0,0.2727,21900.0,9,0,1,0,,0
0.3161,30,0,0.1628,7017.0,9,0,1,0,0.0,0
0.3727,58,0,0.4033,8040.0,4,0,0,0,2.0,0
1.2208,32,0,0.6497,6152.0,6,0,0,0,0.0,0
0.3508,53,0,0.3401,7701.0,6,0,0,0,0.0,0
1.1167,50,0,0.2407,5739.0,9,0,1,0,0.0,0
2.1229,22,0,1.107,7088.0,7,0,3,0,,0
0.4524,59,0,0.8515,4022.0,10,0,3,0,1.0,0
0.5336,52,7,0.8452,,6,1,1,0,1.0,0
0.419,60,0,0.0495,,6,0,2,0,0.0,0
0.831,34,0,0.791,3821.0,11,0,0,0,1.0,0
0.2355,82,0,0.1354,2057.0,7,0,2,0,0.0,0
0.477,56,0,0.6159,,6,0,1,0,1.0,0
0.1161,57,0,0.6882,15464.0,8,0,1,0,1.0,0
0.5388,71,0,0.6226,,12,0,2,0,1.0,1
0.3796,52,0,0.5003,4588.0,11,0,3,0,1.0,0
0.0939,39,0,0.6143,9369.0,7,0,0,0,1.0,0
0.8591,67,0,1.0921,8262.0,11,0,1,0,2.0,0
0.2,50,0,1.064,4966.0,8,0,0,0,2.0,0
0.1551,66,0,0.4185,2611.0,4,0,1,0,1.0,0
2.3443,50,0,0.7783,,8,0,1,0,0.0,0
0.0733,82,0,0.6279,33078.0,5,0,2,0,1.0,0
4.1532,51,0,0.338,5471.0,5,0,1,0,2.0,0
0.1819,43,0,0.6747,3686.0,6,0,0,0,2.0,0
0.7017,57,0,0.6714,,11,0,2,0,1.0,0
0.3649,45,0,0.2603,1422.0,11,0,2,0,2.0,0
0.2354,40,0,0.2604,9022.0,3,0,1,0,3.0,0
0.33,71,0,0.6441,10381.0,8,0,1,0,0.0,0
0.1674,34,0,0.0853,,10,0,1,0,2.0,0
0.232,66,0,0.6193,2748.0,10,0,3,0,1.0,0
0.994,74,0,0.8391,4696.0,6,0,1,0,1.0,1
0.3699,47,0,0.2637,3950.0,11,0,0,0,1.0,0
0.0538,56,0,0.8787,6483.0,11,0,0,0,0.0,0
0.8539,40,0,0.3904,,13,0,2,0,0.0,0
1.472,68,0,0.7409,7681.0,10,0,3,0,1.0,0
0.3435,34,0,0.9544,1552.0,7,0,3,0,3.0,0
0.7332,66,0,0.4905,4257.0,3,0,0,0,1.0,0
0.7272,52,0,0.5125,12520.0,11,0,1,0,1.0,0
2.8423,40,0,0.885,11587.0,12,0,1,0,1.0,0
0.8008,42,2,0.0624,3689.0,12,0,2,0,1.0,0
0.8653,59,0,0.6667,8486.0,9,0,2,0,1.0,0
1.2405,35,2,0.3525,5642.0,7,0,0,0,1.0,0
0.2496,59,0,0.0507,8795.0,14,0,1,0,1.0,0
0.6913,54,0,0.5869,8459.0,7,0,2,0,0.0,0
0.3757,46,0,0.6666,4598.0,6,0,0,0,1.0,0
0.4728,58,0,0.5394,5975.0,12,0,1,0,0.0,0
0.3561,40,1,0.5949,2471.0,4,0,1,1,1.0,0
0.314,48,0,0.0812,6942.0,7,0,2,0,0.0,0
0.2198,46,0,0.6878,5577.0,6,0,0,0,0.0,0
1.0798,34,0,0.6082,965.0,5,0,0,0,1.0,0
0.2736,47,0,0.0408,8513.0,10,0,2,0,0.0,0
0.7124,30,0,0.2668,3663.0,7,0,1,0,0.0,0
0.5222,44,0,0.3288,,13,0,1,0,0.0,0
0.056,27,0,0.2518,4208.0,11,0,0,0,1.0,0
0.7354,37,0,0.1056,2700.0,7,0,0,0,0.0,0
0.2744,39,0,0.731,2597.0,12,0,0,0,2.0,0
2.1872,57,2,0.3222,3831.0,8,0,0,0,2.0,0
0.9456,38,1,0.7488,,13,0,0,1,0.0,0
2.0221,34,0,0.8716,3428.0,6,0,0,0,1.0,0
0.0446,46,0,0.5992,7877.0,7,0,0,0,0.0,0
0.637,78,0,0.36,5229.0,7,0,1,0,,0
0.2067,28,0,0.2523,2199.0,7,0,0,0,1.0,0
0.3378,61,0,0.6329,9358.0,5,0,2,0,1.0,0
0.1402,57,0,0.4309,9216.0,3,0,1,0,1.0,0
0.065,81,0,0.5156,1524.0,4,0,0,0,1.0,0
1.0647,56,0,0.5095,9084.0,8,0,1,0,2.0,0
0.4747,52,0,0.6068,1685.0,9,0,0,0,3.0,0
0.3426,52,0,0.087,9955.0,9,0,1,0,1.0,1
0.2399,51,0,0.6366,5521.0,8,0,2,0,0.0,0
0.5928,62,0,0.6835,,10,0,0,0,1.0,0
3.2719,44,0,0.1544,12049.0,6,0,0,0,1.0,0
0.3087,94,0,0.8555,8816.0,5,0,0,0,1.0,0
0.0233,64,0,0.8301,4750.0,5,0,3,0,0.0,0
0.9919,49,0,0.0888,8605.0,6,0,1,0,0.0,0
0.2868,48,0,0.5953,3924.0,15,0,0,0,0.0,0
0.0666,51,0,0.6401,3016.0,6,0,2,0,2.0,0
0.4383,51,0,0.7073,,8,0,4,0,1.0,1
0.4278,61,0,0.434,,6,0,2,0,0.0,0
0.4903,56,0,0.3129,3107.0,5,0,0,0,1.0,0
0.2394,72,0,0.1439,,7,0,0,0,0.0,0
0.2463,38,0,0.4945,9471.0,9,0,0,0,0.0,0
0.7955,51,0,0.5884,5439.0,10,0,0,0,3.0,0
0.3299,38,0,0.2785,3548.0,10,0,3,0,2.0,0
0.3209,45,0,0.6719,10593.0,6,0,1,0,0.0,0
0.1306,45,1,1.1289,,6,0,2,0,1.0,0
5.4288,63,0,0.1009,5897.0,7,0,0,0,0.0,1
0.9154,43,0,0.6341,13892.0,5,0,1,0,0.0,0
0.2892,71,0,0.6492,2450.0,7,0,0,0,2.0,0
4.1661,72,3,0.4298,5284.0,6,0,0,2,0.0,0
0.7307,62,0,0.0549,3457.0,8,0,0,0,1.0,0
0.6217,36,0,0.549,8052.0,7,0,1,0,0.0,0
0.3726,72,0,0.4471,3993.0,6,0,1,0,3.0,0
0.1644,46,0,0.1706,2146.0,9,0,1,0,1.0,0
0.6642,47,0,0.6604,,6,0,0,0,0.0,0
0.222,59,0,0.6338,3420.0,15,0,2,0,3.0,0
0.1534,40,0,0.5654,3864.0,7,0,2,0,1.0,0
0.0987,69,0,0.2975,9191.0,6,0,0,0,2.0,0
0.8038,63,1,0.585,8933.0,8,2,0,1,1.0,0
0.2263,94,0,0.5877,,16,0,1,0,0.0,0
0.5114,56,0,0.5218,9336.0,7,0,0,0,0.0,0
0.279,50,0,0.5806,3617.0,9,0,1,0,0.0,0
0.0034,80,0,0.4507,,16,0,0,0,0.0,0
1.0794,26,2,0.6463,1423.0,4,0,2,0,0.0,0
4.2758,55,0,0.2942,6084.0,4,0,1,0,1.0,0
1.1475,50,0,0.3123,,8,0,0,0,1.0,0
0.2619,69,0,0.4758,4650.0,7,0,0,0,0.0,0
1.8857,95,0,0.2815,8363.0,6,0,0,0,0.0,0
0.6957,43,0,0.5452,5107.0,9,0,1,0,1.0,0
0.0046,68,0,0.3636,6173.0,6,0,2,0,0.0,0
0.5504,71,0,0.1574,9088.0,12,0,2,0,0.0,0
0.1978,70,0,0.2079,7805.0,5,0,1,0,0.0,0
1.841,55,0,0.4694,6696.0,7,0,0,0,1.0,0
0.2432,62,0,0.5022,9098.0,4,0,0,0,1.0,0
0.8372,39,0,0.2795,1364.0,9,0,1,0,0.0,1
5.8745,77,0,0.2161,3009.0,7,0,0,0,0.0,0
0.3075,37,0,0.5224,4607.0,6,0,1,0,2.0,0
0.2757,38,0,0.3319,,3,0,1,0,2.0,0
0.2063,48,0,0.8956,6048.0,9,0,0,0,2.0,0
0.1428,44,0,0.0941,3159.0,11,0,3,0,0.0,0
0.3738,58,1,0.6201,6077.0,10,0,0,0,0.0,0
0.2675,48,0,0.5024,5741.0,8,0,2,0,2.0,0
0.397,40,0,0.1418,3116.0,9,0,2,0,1.0,0
0.4073,36,0,0.5956,10359.0,7,0,0,0,1.0,0
0.0064,69,0,0.6962,18958.0,5,0,4,0,2.0,0
0.3976,59,0,0.7688,4559.0,9,0,3,0,1.0,0
0.153,34,0,0.7906,,9,0,0,0,1.0,0
0.4098,61,0,0.1362,6699.0,10,0,2,0,3.0,0
0.9286,48,0,0.2812,5925.0,5,0,0,0,1.0,0
0.3467,30,0,0.2024,1467.0,11,0,1,0,1.0,0
1.3724,35,0,0.5174,4440.0,12,0,1,0,,0
0.3994,66,0,0.3422,7031.0,8,0,2,0,0.0,0
0.0859,71,0,0.5257,27629.0,7,0,0,0,0.0,0
0.4507,62,0,0.651,3434.0,11,0,1,0,0.0,0
0.52,42,0,0.3461,4107.0,7,0,1,0,1.0,0
0.0258,59,0,0.3765,3309.0,4,0,0,0,0.0,0
0.7749,59,0,0.3605,6005.0,7,0,2,0,1.0,0
0.5465,21,0,0.2772,5386.0,9,0,0,0,1.0,0
0.6919,60,0,0.2675,13314.0,8,0,2,0,1.0,0
0.2882,55,0,0.4264,,9,0,3,0,2.0,0
0.436,85,0,0.2251,4566.0,8,0,0,0,0.0,0
0.3993,80,0,0.3623,7087.0,10,0,1,0,1.0,0
0.0126,51,0,0.3725,9456.0,5,0,3,0,1.0,0
0.1283,58,0,0.3365,5341.0,8,0,0,0,1.0,0
0.1672,54,0,0.1402,1357.0,5,0,2,0,2.0,0
0.4766,45,0,0.3656,2766.0,9,0,1,0,0.0,0
0.6788,33,0,0.3635,5304.0,6,0,1,0,0.0,0
0.1682,43,0,0.5866,3088.0,8,0,0,0,1.0,0
0.4047,46,0,0.2568,12927.0,7,0,2,0,2.0,0
0.2477,69,0,0.317,4645.0,5,0,2,0,0.0,0
0.0495,55,0,0.1583,3902.0,8,0,1,0,1.0,0
1.5387,44,0,0.045,4033.0,8,0,0,0,1.0,0
3.1826,42,0,0.7239,,7,0,3,0,1.0,1
0.3043,58,0,0.3567,19185.0,12,0,3,0,2.0,0
0.3496,48,0,0.1858,7264.0,8,0,1,0,1.0,0
0.3881,37,0,0.3406,7592.0,10,0,0,0,0.0,0
0.02,39,0,0.6517,,4,0,2,0,0.0,0
0.2333,77,0,0.3239,1672.0,10,0,0,0,2.0,0
0.2255,50,0,0.1804,7652.0,3,0,1,0,,0
7.1522,67,0,0.2193,8634.0,11,0,1,0,0.0,0
0.4398,27,0,0.6371,1604.0,11,0,1,0,0.0,0
0.821,69,0,0.3441,11331.0,5,0,1,0,2.0,0
0.4155,63,0,0.1243,4266.0,6,0,0,0,2.0,0
0.1399,64,0,0.5381,4253.0,5,0,2,0,0.0,0
0.6412,30,0,0.8445,2448.0,7,0,1,0,1.0,1
0.5985,52,0,0.0904,,9,0,0,0,1.0,1
0.0897,41,0,0.3655,3292.0,1,0,2,0,2.0,0
0.1231,36,0,0.7515,2381.0,8,0,0,0,0.0,0
0.3802,26,0,0.3114,,11,0,3,0,0.0,0
1.1012,37,0,0.6045,27367.0,9,0,0,0,0.0,0
0.0551,36,0,0.1227,3202.0,6,0,0,0,2.0,0
1.6923,63,0,0.1802,5032.0,4,0,0,0,0.0,0
0.3937,44,0,0.109,1309.0,9,0,0,0,0.0,0
0.0229,50,0,0.2792,2213.0,10,0,0,0,0.0,0
0.4523,69,0,0.2636,8353.0,7,0,2,0,0.0,0
0.1623,53,1,0.7728,7341.0,11,0,2,0,0.0,0
0.8175,42,0,0.1031,1936.0,9,0,1,0,3.0,0
0.4992,55,0,0.6616,1637.0,9,0,1,0,2.0,0
0.4375,41,1,0.5406,3457.0,11,0,1,0,0.0,0
0.8523,27,0,0.5172,6118.0,4,0,0,0,0.0,0
0.8779,57,0,0.4389,6472.0,15,0,2,0,1.0,0
0.905,61,0,0.8265,14380.0,12,0,1,0,0.0,0
1.2214,49,0,0.1976,16957.0,5,0,4,0,0.0,0
0.6663,50,0,0.5392,,9,0,0,0,2.0,1
5.0917,46,0,1.0838,3793.0,14,0,0,0,1.0,0
5.5245,74,0,0.5079,5146.0,14,0,1,0,1.0,1
0.9018,56,0,0.4452,7670.0,3,0,1,0,1.0,0
1.8064,50,0,0.9645,7950.0,8,0,3,0,3.0,0
3.7202,66,0,1.0998,11569.0,10,0,0,0,1.0,0
4.2311,67,0,0.0864,2907.0,9,0,0,0,0.0,0
1.0265,58,0,0.4558,,7,0,1,0,0.0,0
0.3936,66,0,0.3072,5891.0,15,0,1,0,1.0,0
3.0464,60,0,0.2559,3132.0,8,0,1,0,0.0,0
0.4215,53,0,0.4007,5553.0,14,0,0,0,0.0,0
0.6261,66,0,0.8552,1355.0,12,0,2,0,2.0,1
0.7403,39,0,0.595,8696.0,5,0,0,0,0.0,0
0.2465,39,0,0.5502,,5,0,0,0,2.0,0
1.041,59,0,0.4562,1910.0,11,0,1,0,,0
0.0722,43,0,0.4276,2956.0,6,0,0,0,0.0,0
0.717,64,0,0.7309,,8,0,2,0,1.0,1
0.0212,56,0,0.7658,,7,0,0,0,2.0,0
0.3677,81,0,0.3063,6136.0,12,0,2,0,1.0,0
2.8032,38,0,0.5739,,3,0,0,0,2.0,0
0.7626,65,0,0.3064,7464.0,7,0,0,0,0.0,0
2.5851,45,0,0.522,9201.0,10,0,1,0,1.0,0
1.0224,56,0,0.6551,,8,0,3,0,0.0,0
0.2453,62,0,0.339,,18,0,1,0,1.0,1
0.1032,58,0,0.2695,,9,0,2,0,1.0,0
1.0248,59,0,0.381,5421.0,4,0,0,0,2.0,0
0.1813,58,0,0.5044,7761.0,6,0,1,0,2.0,0
0.3302,49,0,1.4218,1116.0,6,0,2,0,1.0,0
0.5248,64,0,0.2646,4283.0,10,0,0,0,0.0,0
0.2625,65,0,0.8769,5601.0,10,0,1,0,0.0,0
0.4711,47,0,0.6344,2044.0,6,0,2,0,0.0,0
1.0075,41,1,0.1755,4611.0,8,0,1,0,0.0,0
0.6585,56,0,0.611,,8,0,1,0,1.0,0
0.1864,55,0,0.708,,6,0,2,0,2.0,0
1.2506,30,0,0.2568,,17,0,3,0,2.0,0
0.3968,55,0,0.3201,,13,0,0,0,0.0,0
0.0982,41,0,1.1099,6143.0,5,0,0,0,3.0,0
0.4858,25,0,0.7229,6263.0,8,0,1,0,1.0,0
0.788,58,0,0.1338,,5,0,2,0,0.0,0
3.8383,35,0,0.3558,,10,0,0,0,2.0,0
0.0968,70,0,0.1977,5234.0,12,0,0,0,0.0,0
0.4186,63,0,0.8115,,7,0,2,0,0.0,1
0.1238,55,0,0.6802,6276.0,7,0,1,0,0.0,0
0.5049,71,0,0.4168,9446.0,8,0,2,0,1.0,0
0.3686,66,0,0.4443,,16,0,0,0,0.0,0
0.0559,39,0,0.3121,4328.0,9,0,0,0,2.0,0
0.147,66,0,0.2384,3399.0,10,0,0,0,0.0,0
0.4316,42,0,0.397,1065.0,11,0,1,0,1.0,0
1.6897,65,0,0.4587,3233.0,8,0,0,0,1.0,0
0.4653,46,0,0.3962,5130.0,11,0,2,0,2.0,0
0.3495,34,0,1.0625,2427.0,9,0,0,0,0.0,0
0.1699,58,0,0.8682,3466.0,4,0,0,0,,0
0.436,45,0,0.8745,3799.0,5,0,1,0,2.0,1
4.0466,67,0,0.2554,,5,0,0,0,1.0,0
0.5887,70,0,0.2272,5994.0,9,0,1,0,0.0,0
0.2582,28,0,0.3666,21453.0,8,0,1,0,2.0,0
0.3008,52,0,0.8548,8368.0,7,0,0,0,2.0,0
1.1104,61,2,0.2452,5507.0,12,0,2,0,1.0,0
3.4313,54,0,0.2052,2361.0,6,0,1,0,1.0,0
0.784,54,0,0.4001,3740.0,8,0,0,0,1.0,0
0.5143,56,0,0.9872,4562.0,9,0,2,0,,0
0.758,30,0,0.0713,4419.0,7,0,2,0,2.0,0
0.1012,74,0,0.5647,,6,0,0,0,0.0,0
0.3015,61,0,0.6829,4950.0,6,0,0,0,1.0,0
0.1035,43,0,0.8578,,6,0,1,0,2.0,0
0.3298,42,0,0.4945,3074.0,5,0,1,0,0.0,0
2.6326,64,0,0.3409,,12,0,1,0,0.0,0
0.542,56,0,0.7702,9445.0,8,0,0,0,1.0,0
1.2392,57,0,0.5567,10713.0,8,0,0,0,2.0,0
0.5181,60,0,0.1102,12452.0,8,0,1,0,,0
0.7752,55,0,0.7277,,5,0,0,0,2.0,0
0.3366,26,0,0.134,3949.0,5,0,1,0,1.0,0
0.2744,46,0,1.095,11105.0,9,0,2,0,1.0,0
0.7471,60,0,0.4767,,6,0,1,0,,0
0.4794,61,0,0.457,3865.0,10,0,0,0,0.0,0
1.4285,45,0,0.4264,,10,0,1,0,0.0,0
0.581,52,0,0.0638,8099.0,4,0,1,0,0.0,0
0.2927,68,0,0.2291,9504.0,8,0,0,0,0.0,0
1.0059,72,0,0.2194,5837.0,5,0,1,0,4.0,1
0.5496,57,0,0.3664,,2,0,1,0,1.0,0
0.0724,64,0,0.5095,9141.0,8,0,0,0,0.0,0
3.0052,57,0,0.2519,4324.0,3,0,0,0,1.0,0
0.4335,62,0,0.7518,3832.0,5,0,2,0,0.0,1
0.1334,52,0,0.6045,9357.0,9,0,0,0,0.0,0
0.1068,44,0,1.0506,4440.0,10,0,1,0,0.0,0
1.7964,78,1,0.598,,6,0,3,1,0.0,0
0.1305,77,0,0.5461,12695.0,17,0,1,0,0.0,0
0.1993,52,0,0.1869,8470.0,6,0,1,0,1.0,0
0.1105,58,0,0.0413,,9,0,2,0,2.0,0
0.5782,54,0,0.623,,6,0,0,0,0.0,0
0.2106,53,0,1.1961,5339.0,8,0,1,0,1.0,0
0.137,53,0,0.6997,8330.0,5,0,0,0,0.0,0
2.2743,68,0,0.2378,3208.0,12,0,3,0,2.0,0
0.1909,37,0,0.3311,5137.0,12,0,0,0,1.0,0
0.5959,43,0,0.5912,,6,0,0,0,2.0,0
1.0433,65,0,0.6883,5867.0,11,0,0,0,2.0,0
0.1942,55,0,0.5476,4948.0,9,0,2,0,1.0,0
0.292,70,0,0.2567,5884.0,11,0,0,0,0.0,1
0.4181,54,2,0.7356,3211.0,8,0,0,0,0.0,0
1.8744,58,0,0.4578,4551.0,5,0,0,0,1.0,0
0.0691,50,0,0.46,6499.0,6,0,0,0,1.0,0
0.1712,72,0,0.2089,9288.0,13,0,0,0,2.0,1
0.3421,65,0,0.6969,3661.0,6,0,0,0,2.0,0
0.5144,37,0,0.7649,5663.0,12,0,1,0,,0
0.0288,61,0,0.4771,6201.0,15,0,0,0,0.0,0
0.264,67,0,0.1837,4982.0,12,0,1,0,1.0,0
0.1287,52,0,0.5854,9768.0,11,0,3,0,2.0,0
0.8403,62,0,0.0796,3582.0,6,0,1,0,2.0,0
2.9682,71,0,0.6362,4161.0,8,0,0,0,1.0,1
3.7982,51,0,0.4607,10369.0,8,0,0,0,0.0,0
0.5861,57,0,0.488,2676.0,11,0,0,0,1.0,0
0.1934,46,0,0.5234,4642.0,9,0,2,0,2.0,0
3.2972,60,0,0.6804,6196.0,8,0,4,0,1.0,0
0.5815,39,0,0.1222,10350.0,10,0,1,0,0.0,1
0.3212,62,0,0.5827,3219.0,7,0,0,0,1.0,0
0.1867,74,0,0.6279,11456.0,7,0,0,0,,0
0.5338,40,0,0.24,5760.0,10,0,0,0,0.0,0
0.3687,71,0,0.9378,7511.0,11,0,0,0,1.0,0
0.5367,53,0,0.5954,616.0,10,0,0,0,0.0,0
3.8631,44,0,0.8036,,7,0,2,0,2.0,0
0.3372,50,0,0.169,17294.0,10,0,2,0,1.0,0
0.1649,53,0,0.9593,5270.0,11,0,2,0,2.0,0
0.0886,48,0,0.2562,3633.0,14,0,0,0,1.0,0
0.0769,69,0,0.0587,7947.0,15,0,1,0,1.0,0
0.2384,49,0,0.8097,4157.0,3,0,0,0,1.0,0
0.1698,58,0,0.3514,1931.0,12,0,1,0,3.0,0
0.1362,83,0,0.2033,8718.0,6,0,0,0,0.0,0
0.1292,51,0,0.6086,2975.0,12,0,2,0,2.0,0
7.5418,46,0,0.1652,4534.0,3,0,2,0,0.0,0
0.1116,48,0,0.3817,9826.0,7,0,2,0,1.0,0
0.274,69,0,0.7596,5812.0,4,0,0,0,,0
0.4886,52,0,0.1247,7366.0,10,0,3,0,0.0,0
0.0991,57,0,0.3109,1277.0,9,0,1,0,0.0,0
1.4611,43,0,1.1144,26228.0,7,0,4,0,0.0,0
0.5095,49,0,0.2259,3425.0,7,0,1,0,1.0,0
0.6678,66,0,0.3731,15220.0,11,0,2,0,0.0,0
0.6705,32,0,0.2906,8514.0,11,0,0,0,1.0,0
0.1289,28,0,0.7602,,7,0,1,0,0.0,0
0.5621,46,0,0.6772,,8,0,0,0,0.0,0
0.6135,47,0,0.6045,,9,0,0,0,2.0,0
1.4582,49,0,0.2902,9410.0,11,0,1,0,3.0,0
0.2468,49,0,0.7211,11012.0,10,0,0,0,1.0,0
2.36,53,0,0.7662,3286.0,8,0,1,0,2.0,0
4.5852,47,0,0.2717,3648.0,9,0,2,0,1.0,0
0.7008,72,0,0.2764,10067.0,5,0,1,0,1.0,0
0.9173,64,0,0.7911,,7,0,3,0,1.0,0
0.2895,51,0,0.4916,3237.0,12,0,1,0,,0
1.1384,66,0,0.5685,,5,0,1,0,0.0,0
0.759,21,0,0.7812,2713.0,7,0,3,2,4.0,0
0.0093,57,0,0.1203,1705.0,9,0,0,0,0.0,0
0.6932,65,0,0.3408,4981.0,10,0,0,0,1.0,0
0.735,45,0,0.6285,5131.0,10,0,0,0,1.0,0
0.0546,60,0,0.2592,3936.0,6,0,0,0,0.0,0
0.6243,44,0,0.4823,4583.0,7,0,1,0,0.0,0
0.0333,57,0,0.7002,6459.0,8,0,0,0,0.0,0
1.4559,34,0,0.4318,2540.0,8,0,0,0,1.0,0
0.7122,65,0,0.2874,,7,0,0,0,0.0,0
0.3553,53,0,0.3545,7460.0,7,0,4,0,3.0,0
0.0688,56,1,0.7787,3583.0,6,0,1,0,1.0,0
0.9818,52,0,0.7156,1381.0,10,0,0,0,0.0,0
0.6785,68,0,0.2134,3137.0,13,0,1,0,2.0,0
0.446,56,0,0.3416,,2,0,0,0,1.0,0
4.8892,66,0,0.5448,6902.0,6,0,1,0,1.0,0
0.5097,45,0,0.5639,4993.0,13,0,0,0,0.0,0
0.4513,61,0,0.8015,7006.0,7,0,0,0,0.0,0
0.3333,75,0,0.5677,5268.0,8,0,2,0,1.0,0
0.5238,75,0,0.9646,2452.0,9,0,1,0,0.0,1
0.3228,21,0,0.5939,6976.0,10,0,0,0,2.0,0
0.3625,55,0,0.2514,,6,0,2,0,0.0,0
2.2196,32,0,0.1542,9544.0,7,0,0,0,1.0,0
0.2971,47,0,0.5759,6317.0,9,0,1,0,0.0,0
0.7558,45,0,1.0604,7273.0,6,0,2,0,0.0,0
0.626,61,0,0.0263,4619.0,6,0,1,0,0.0,0
0.2374,51,0,0.0489,2058.0,4,0,2,0,3.0,0
2.7875,42,0,0.448,9299.0,8,0,0,0,1.0,0
0.6603,60,0,0.5001,3989.0,5,0,1,0,1.0,1
0.3065,38,0,0.0344,,8,0,0,0,1.0,0
0.6918,42,0,0.2134,,8,0,0,0,1.0,0
0.1618,47,0,0.1769,3598.0,8,0,1,0,1.0,0
0.9343,50,0,0.3534,17441.0,6,0,0,0,3.0,0
2.7398,55,0,0.4628,5158.0,12,0,1,0,0.0,0
0.2623,55,0,0.0624,9442.0,8,0,0,0,,0
0.1826,44,0,0.1831,1946.0,9,0,0,0,1.0,0
0.2334,56,0,0.185,3387.0,8,0,0,0,0.0,0
0.5896,54,0,0.9849,8157.0,7,0,0,0,1.0,0
0.3499,53,0,0.2686,4230.0,5,0,2,0,1.0,0
0.4521,31,0,0.2529,15351.0,7,0,2,0,1.0,0
0.7246,59,0,0.8154,,9,0,0,0,1.0,0
1.5149,61,1,0.4004,2123.0,11,0,0,0,1.0,0
5.0391,63,0,0.9528,5077.0,7,0,0,0,0.0,0
0.4528,54,0,0.9939,12409.0,5,0,1,0,0.0,0
0.5078,67,0,0.3979,,7,0,3,0,1.0,0
0.8238,59,0,0.0514,3491.0,4,0,1,0,1.0,1
0.2828,46,0,0.3002,,7,0,2,0,0.0,0
3.489,51,0,0.8797,10852.0,9,0,1,0,1.0,0
0.1823,44,1,0.3961,3234.0,7,0,0,0,0.0,0
0.1323,38,0,0.5739,25333.0,13,0,2,0,1.0,0
1.6184,62,0,0.4079,9458.0,6,0,0,0,1.0,0
0.921,49,0,0.1787,7049.0,10,0,1,0,0.0,0
0.8866,62,0,0.353,4725.0,17,0,1,0,0.0,0
0.1992,78,0,1.1444,8030.0,7,0,0,0,1.0,0
0.5971,67,0,0.1052,15020.0,9,0,0,0,0.0,0
0.2152,39,0,0.2271,10809.0,6,0,2,0,1.0,0
0.8948,44,0,0.5779,2193.0,9,0,1,0,0.0,0
0.9091,60,4,0.4301,,8,2,1,5,1.0,0
0.6878,58,0,0.1883,,8,0,0,0,2.0,0
0.4496,71,0,0.6413,2575.0,3,0,1,0,3.0,1
0.0353,47,0,0.7263,3436.0,8,0,0,0,1.0,0
0.1085,34,1,0.3727,4753.0,10,0,0,0,0.0,0
0.148,39,0,0.376,3173.0,10,0,1,0,,0
0.552,69,0,0.9682,,11,0,2,0,0.0,0
0.1877,54,0,0.5624,3755.0,8,0,0,0,1.0,0
0.1343,64,0,0.4801,9117.0,7,0,0,0,0.0,0
2.5156,47,0,0.4663,,16,0,3,0,0.0,0
2.3377,42,0,0.3795,9489.0,8,0,1,0,,0
0.356,61,0,0.285,10450.0,1,0,0,0,0.0,1
0.4774,34,0,0.496,16116.0,8,0,4,0,0.0,0
1.6214,59,0,0.2144,11900.0,10,0,0,0,2.0,0
0.1222,75,0,0.5715,13889.0,9,0,2,0,2.0,0
0.1925,21,0,0.4972,,8,0,0,0,0.0,0
0.408,39,0,0.6084,6733.0,6,0,0,0,1.0,0
0.1257,52,0,0.5247,4717.0,4,0,0,0,1.0,0
0.1374,46,0,0.1505,6191.0,5,0,3,0,1.0,0
0.6291,50,0,0.6001,2743.0,8,0,0,0,0.0,1
0.5366,83,0,0.6133,3991.0,9,0,0,0,1.0,0
0.7674,43,0,0.7873,3703.0,9,0,0,0,1.0,0
0.8656,49,0,0.2614,5461.0,7,0,0,0,1.0,0
0.503,38,0,0.6438,12479.0,9,0,1,0,1.0,0
0.6969,32,0,0.7361,,12,0,2,0,,0
0.4029,58,0,0.1976,5049.0,11,0,4,0,1.0,0
0.7029,29,0,0.2673,,9,0,0,0,1.0,0
0.0937,34,0,0.9286,3932.0,7,0,1,0,0.0,0
0.1498,53,0,0.672,2465.0,10,0,3,0,0.0,0
1.0763,60,0,0.1455,4226.0,7,0,1,0,0.0,0
0.0354,40,0,0.0751,3538.0,9,0,1,0,1.0,0
0.1741,42,0,0.4367,3368.0,11,0,2,0,3.0,0
1.4039,29,0,0.6933,,9,0,0,0,2.0,1
0.377,59,0,0.9155,10688.0,9,0,0,0,0.0,0
0.7648,52,0,0.1778,13025.0,8,0,2,0,1.0,0
0.0898,52,0,0.1417,,14,0,1,0,0.0,0
0.2899,34,0,0.7489,6044.0,11,0,2,0,0.0,0
0.2138,63,0,0.3122,,7,0,1,0,0.0,0
0.0788,45,0,0.0659,2637.0,7,0,1,0,0.0,0
0.3206,64,0,0.4507,9560.0,6,0,2,0,0.0,0
0.1288,43,0,0.6739,18809.0,9,0,1,0,2.0,0
0.1242,57,0,1.1196,3955.0,7,0,3,0,1.0,0
2.1647,41,0,0.3734,3464.0,10,0,0,0,0.0,0
0.0687,65,0,0.0674,10413.0,10,0,0,0,1.0,0
0.8222,35,0,1.158,4474.0,6,0,0,0,4.0,1
0.2353,56,0,0.8657,,12,0,0,0,1.0,0
0.151,35,3,0.4541,8511.0,8,0,2,0,0.0,0
0.0591,46,0,0.5777,,4,0,1,0,1.0,0
0.1434,61,0,0.5207,3907.0,7,0,0,0,0.0,0
0.1429,36,0,0.0561,20644.0,10,0,0,0,2.0,1
0.2716,59,0,0.6503,,9,0,0,0,0.0,0
0.2859,63,0,0.6064,2223.0,8,0,2,0,0.0,0
0.315,24,0,0.4397,5072.0,8,0,1,0,0.0,0
0.5002,59,0,0.2635,,10,0,0,0,2.0,0
0.1132,68,0,0.7803,19778.0,7,0,0,0,,0
0.0077,42,0,0.1025,5330.0,15,0,0,0,1.0,0
0.0937,40,0,0.5073,5169.0,5,0,0,0,0.0,0
0.2218,29,0,0.7171,2265.0,4,0,1,0,2.0,0
0.2922,39,0,0.5587,7099.0,5,0,2,0,1.0,0
0.4177,66,0,0.1967,,10,0,2,0,0.0,0
1.2157,46,0,0.0998,4043.0,8,0,1,0,1.0,0
0.9263,59,1,0.7902,3542.0,10,1,1,0,0.0,0
0.0929,43,0,0.7792,,5,0,0,0,1.0,0
0.6193,50,0,0.6278,4203.0,10,0,0,0,2.0,0
0.7467,69,0,0.1441,5345.0,10,0,0,0,0.0,0
0.2513,71,0,0.1019,6330.0,13,0,2,0,0.0,0
0.7262,54,0,0.9947,14893.0,12,0,1,0,2.0,0
0.3398,49,0,0.375,4772.0,4,0,2,0,0.0,0
0.1769,41,0,0.4086,7118.0,5,0,1,0,0.0,0
0.0088,63,0,0.1087,8073.0,12,0,3,0,1.0,0
0.5784,50,0,0.2849,6166.0,4,0,0,0,2.0,0
0.0756,70,0,0.3206,4134.0,13,0,1,0,0.0,0
2.6397,28,0,0.4026,1481.0,6,0,0,0,0.0,0
1.0314,46,0,0.8441,12355.0,8,0,0,0,2.0,0
0.0408,50,0,0.1862,,4,0,0,0,3.0,0
0.3548,59,0,0.1411,2875.0,9,0,0,0,0.0,0
0.2299,34,0,0.6006,,8,0,0,0,0.0,0
0.1092,50,0,0.9158,2896.0,8,0,1,0,0.0,0
0.5494,66,0,0.3753,14633.0,14,0,0,0,0.0,0
5.5543,56,0,0.61,4892.0,7,0,0,0,0.0,0
0.1093,57,0,0.5456,5406.0,10,0,0,0,1.0,0
0.0793,41,0,0.0643,,8,0,2,0,1.0,0
0.9842,49,0,0.2903,5267.0,3,0,2,0,0.0,0
0.7812,38,0,0.6142,5311.0,7,0,1,0,3.0,0
0.4897,66,0,0.2189,8311.0,8,0,1,0,0.0,0
0.5012,58,0,0.6324,4406.0,12,0,1,0,0.0,0
0.1605,54,0,0.2464,3813.0,8,0,2,0,2.0,0
2.0142,54,0,0.6427,2982.0,12,0,2,0,0.0,0
0.2001,69,0,1.2867,7217.0,12,0,0,0,2.0,0
0.4865,80,0,0.848,10475.0,9,0,4,0,2.0,0
1.1335,53,0,0.4188,,5,0,0,0,1.0,0
0.5542,53,0,0.5683,10669.0,10,0,1,0,2.0,0
2.9513,58,0,0.4585,6415.0,8,0,0,0,4.0,0
1.9431,72,0,0.7955,,11,0,1,0,1.0,0
0.2148,63,0,0.482,1591.0,10,0,0,0,0.0,0
0.0932,58,0,0.3389,7896.0,6,0,2,0,0.0,0
0.3518,63,0,0.233,5275.0,6,0,2,0,1.0,0
1.0234,58,0,0.6729,,12,0,1,0,0.0,0
0.2915,32,0,0.616,22694.0,7,0,1,0,2.0,0
0.0531,67,0,0.2928,,7,0,0,0,0.0,0
0.0066,41,0,0.3116,7594.0,6,0,0,0,1.0,0
0.6375,51,0,0.9204,7531.0,5,0,0,0,1.0,0
0.0105,41,0,0.748,5160.0,10,0,1,0,2.0,0
0.6563,48,0,0.3745,,11,0,0,0,1.0,0
0.2658,55,0,0.4599,10633.0,8,0,0,0,0.0,0
0.8106,71,0,0.6356,17387.0,7,0,0,0,1.0,0
0.4531,46,0,0.1715,3320.0,10,0,5,0,0.0,0
0.0595,72,0,0.1438,8816.0,9,0,1,0,1.0,0
0.1441,30,0,0.502,,13,0,1,0,2.0,0
1.9057,35,0,0.2633,1404.0,4,0,1,0,1.0,0
0.11,40,0,0.9754,,5,0,2,0,0.0,0
0.0522,63,0,0.5221,7088.0,7,0,1,0,0.0,0
0.217,39,0,0.2722,17554.0,4,0,1,0,0.0,0
0.1809,35,0,0.6103,5998.0,7,0,0,0,0.0,0
0.2087,77,0,0.4655,6138.0,12,0,2,0,2.0,0
0.5374,50,0,0.5178,,15,0,0,0,0.0,0
1.3537,73,0,0.1462,11577.0,7,0,2,0,2.0,0
7.4425,66,0,0.6612,21847.0,12,0,1,0,1.0,0
0.352,63,0,0.7364,4234.0,7,0,1,0,1.0,0
3.604,70,0,0.2252,4606.0,5,0,0,0,2.0,0
0.2294,48,0,0.4248,6696.0,8,0,2,0,0.0,0
0.1452,36,0,0.9488,9309.0,8,0,2,0,2.0,0
0.4951,59,0,0.5669,10605.0,12,0,0,0,3.0,0
0.0486,47,0,0.213,,9,0,0,0,0.0,0
0.5575,60,0,0.3617,3248.0,6,0,1,0,1.0,0
0.3146,65,1,0.4589,2844.0,7,0,3,0,1.0,0
0.1254,41,0,0.7946,7712.0,12,0,2,0,0.0,0
3.5867,44,0,0.7043,2521.0,7,0,2,0,0.0,0
0.4701,51,0,0.3821,,7,0,1,0,2.0,0
0.8968,70,0,0.5278,8155.0,8,0,1,0,1.0,0
0.0644,41,0,0.4707,6384.0,7,0,2,0,2.0,0
0.0092,78,0,0.2436,7979.0,7,0,1,0,2.0,0
0.0438,29,0,0.4249,3497.0,12,0,1,0,1.0,0
0.217,75,0,0.2157,3575.0,13,0,1,0,1.0,0
0.1149,55,0,0.4821,3176.0,6,0,0,0,2.0,0
0.4277,59,0,0.1048,3953.0,9,0,1,0,0.0,0
0.5411,60,0,0.2909,1838.0,3,0,1,0,1.0,0
0.506,21,0,0.6074,2335.0,8,0,0,0,0.0,1
0.5796,48,0,0.5693,4795.0,15,0,0,0,1.0,1
0.6188,50,0,0.4639,,6,0,4,0,3.0,0
0.3973,69,0,0.7063,7059.0,8,0,1,0,1.0,0
3.7721,51,0,0.396,,7,0,0,0,1.0,0
0.0671,72,0,0.5867,2976.0,6,0,2,0,2.0,0
0.4938,78,0,0.3288,1848.0,8,0,1,0,0.0,0
1.5504,60,0,0.6038,9138.0,6,0,3,0,1.0,0
0.1856,55,0,0.2122,1972.0,8,0,1,0,0.0,0
0.5177,38,0,0.7398,5691.0,6,0,0,0,0.0,0
0.1306,61,0,0.4737,,14,0,1,0,1.0,0
0.1537,48,0,0.6767,1609.0,8,0,1,0,2.0,0
0.1383,72,0,0.5682,10625.0,12,0,0,0,2.0,0
2.5352,32,0,0.0363,9248.0,5,0,0,0,1.0,0
1.5316,43,0,0.3967,,4,0,1,0,0.0,0
0.5579,65,0,0.3747,3377.0,10,0,0,0,0.0,0
0.4302,76,0,0.2369,5996.0,6,0,1,0,1.0,0
0.2859,62,0,0.3631,5975.0,5,0,2,0,0.0,0
0.2166,70,0,1.0348,,8,0,0,0,0.0,0
0.2557,55,0,0.4887,,6,0,1,0,2.0,0
0.2748,76,0,0.1627,,10,0,2,0,1.0,0
0.149,56,0,0.8148,13476.0,10,0,3,0,1.0,0
1.7545,60,2,0.151,9443.0,10,0,1,1,0.0,0
0.443,56,0,1.0772,6332.0,6,0,3,0,1.0,0
0.0029,49,0,0.9171,2788.0,8,0,1,0,,0
0.0398,59,0,0.5418,10457.0,7,0,0,0,1.0,0
0.2058,56,0,0.2993,,8,0,2,0,1.0,0
2.0463,59,0,0.4589,12705.0,3,0,1,0,0.0,0
0.0632,21,0,0.5451,10442.0,12,0,0,0,0.0,0
0.0292,41,0,0.6968,,7,0,1,0,1.0,0
0.7009,46,0,0.2596,17709.0,11,0,1,0,0.0,0
0.1961,32,0,0.1923,11674.0,5,0,0,0,0.0,0
0.0397,40,0,0.6474,,13,0,1,0,2.0,0
0.3554,63,0,0.2417,10500.0,8,0,4,0,0.0,0
0.7962,57,0,0.3515,6949.0,7,0,0,0,,0
0.5172,66,0,0.3634,6076.0,4,0,1,0,1.0,0
0.0316,65,0,0.1588,12995.0,8,0,1,0,1.0,0
0.531,67,0,0.5041,7999.0,13,0,1,0,2.0,0
2.255,53,0,0.385,,5,0,0,0,1.0,0
0.6455,72,0,0.7331,,8,0,2,0,1.0,1
1.7173,45,0,0.3714,,9,0,1,0,0.0,0
0.0998,71,0,0.5194,13438.0,9,0,1,0,3.0,0
2.1317,65,0,0.715,2601.0,11,0,1,0,2.0,0
0.2175,62,0,0.5249,10292.0,7,0,0,0,1.0,0
0.0983,52,0,0.1399,2381.0,11,0,0,0,0.0,0
0.2729,43,0,0.6858,3548.0,7,0,1,0,0.0,0
0.1048,53,0,0.8199,5244.0,8,0,0,0,0.0,0
0.096,31,0,1.1903,2946.0,8,0,1,0,0.0,0
0.5457,67,0,0.266,,9,0,1,0,1.0,0
0.0562,46,0,0.0591,10855.0,2,0,0,0,1.0,0
0.3078,47,0,0.3354,4816.0,8,0,5,0,2.0,0
0.4263,27,0,0.0524,9675.0,8,0,0,0,2.0,0
1.2682,38,0,0.3811,2220.0,7,0,2,0,1.0,0
3.0294,89,0,0.5373,1870.0,10,0,1,0,0.0,0
0.1618,44,0,0.6241,4426.0,7,0,4,0,0.0,0
0.1431,67,0,0.2681,8214.0,11,0,3,0,0.0,0
0.125,34,0,0.5646,3270.0,10,0,1,0,0.0,0
1.4771,33,0,0.5214,,7,0,1,0,0.0,0
0.0536,52,0,0.5323,2328.0,5,0,1,0,0.0,0
1.0181,53,0,0.5696,3610.0,7,0,1,0,1.0,0
0.4221,44,2,1.1432,4182.0,6,0,3,0,0.0,0
0.0857,52,0,0.8643,8884.0,6,0,0,0,0.0,0
0.7542,41,2,0.6306,13529.0,7,0,0,0,0.0,0
0.8615,69,1,0.5006,,13,1,0,0,3.0,0
0.8971,80,0,0.3978,15360.0,7,0,1,0,0.0,0
0.1735,67,1,0.5752,2335.0,11,0,1,0,0.0,0
0.1725,33,0,0.2648,4053.0,6,0,0,0,2.0,0
0.0494,58,0,0.1573,,5,0,1,0,0.0,0
0.5969,44,0,0.6914,2787.0,9,0,0,0,0.0,0
3.1414,44,0,0.548,14970.0,5,0,0,0,0.0,0
0.991,62,0,0.205,6708.0,6,0,2,0,0.0,0
0.012,54,0,0.0719,12244.0,9,0,2,0,0.0,0
0.0825,54,0,0.1069,4804.0,11,0,1,0,0.0,0
0.5134,53,0,0.0521,10620.0,8,0,1,0,1.0,0
0.447,39,0,0.5774,3697.0,6,0,1,0,1.0,0
0.3884,38,0,0.3118,8250.0,7,0,0,0,0.0,0
0.3973,48,0,0.2768,9132.0,10,0,0,0,0.0,0
0.2586,49,0,0.4622,9110.0,9,0,1,0,1.0,0
0.2286,58,0,0.5749,7859.0,4,0,2,0,0.0,0
0.0147,64,0,0.0802,4881.0,10,0,1,0,1.0,0
2.1122,50,1,0.2872,,9,1,1,0,0.0,0
0.0097,54,0,0.7543,,9,0,1,0,1.0,0
0.5075,65,0,0.1489,5480.0,10,0,2,0,1.0,0
2.2518,48,0,0.4866,3497.0,6,0,0,0,0.0,0
0.0858,58,0,0.1796,2775.0,13,0,1,0,0.0,0
0.03,55,0,0.531,,4,0,0,0,2.0,0
0.1272,48,0,0.9192,,4,0,1,0,2.0,0
0.2071,34,0,0.6769,6175.0,4,0,1,0,0.0,0
0.8221,39,0,0.6183,2141.0,12,0,1,0,0.0,0
0.5014,67,0,0.4987,3303.0,4,0,1,0,1.0,0
0.6862,29,0,0.584,14540.0,3,0,0,0,2.0,0
1.1463,77,0,0.2429,2373.0,6,0,1,0,1.0,0
0.0716,43,0,0.3235,2965.0,9,0,1,0,1.0,0
0.2526,27,0,1.0639,3084.0,8,0,0,0,0.0,0
1.1607,44,0,0.2222,5322.0,8,0,1,0,0.0,0
0.3995,21,1,0.3174,1821.0,7,0,0,0,1.0,0
0.1736,28,0,0.6419,8448.0,8,0,2,0,1.0,0
0.378,53,1,0.9868,,4,0,3,0,2.0,0
0.3513,30,0,0.8953,11563.0,5,0,1,0,1.0,0
0.6094,31,0,0.4466,5147.0,10,0,0,0,0.0,0
0.2189,53,0,0.3544,,3,0,2,0,1.0,0
5.3486,53,0,0.6138,2715.0,12,0,0,0,1.0,0
0.2672,59,0,0.0865,2879.0,7,0,0,0,2.0,0
0.8197,55,0,0.1135,,11,0,1,0,0.0,0
0.2868,51,0,0.6467,7956.0,9,0,0,0,2.0,0
0.4535,60,0,0.4877,6594.0,10,0,1,0,1.0,0
0.0682,65,0,0.5155,7615.0,10,0,1,0,2.0,0
0.5661,53,0,0.1692,5415.0,9,0,1,0,1.0,0
0.705,59,0,0.2452,791.0,10,0,1,0,1.0,0
0.2979,21,0,0.0728,4010.0,8,0,0,0,0.0,0
0.2577,46,0,0.5961,3430.0,8,0,0,0,0.0,0
1.0297,72,5,0.4556,,3,1,0,0,2.0,0
0.0902,44,0,0.5972,4344.0,5,0,1,0,1.0,0
0.4543,59,0,0.5899,4200.0,7,0,1,0,1.0,1
0.5745,55,0,0.6584,,8,0,0,0,1.0,0
0.1696,43,0,1.1995,4638.0,5,0,0,0,0.0,0
0.0292,58,0,0.0916,5418.0,8,0,3,0,1.0,0
0.254,46,0,0.9514,,10,0,2,0,2.0,0
0.5906,45,0,0.0942,6730.0,13,0,1,0,1.0,0
0.3009,45,0,0.0407,4324.0,8,0,0,0,0.0,0
0.9779,40,0,0.9824,11051.0,7,0,2,0,2.0,0
1.2194,38,0,0.27,2593.0,6,0,1,0,1.0,0
0.3425,45,0,0.5383,8417.0,7,0,2,0,1.0,0
0.1387,53,0,0.3647,,11,0,0,0,0.0,0
0.3852,47,0,0.4877,10437.0,6,0,1,0,0.0,0
0.0741,46,0,0.3145,8824.0,11,0,0,0,0.0,0
1.0641,88,2,0.5729,3863.0,7,0,2,0,0.0,0
0.4693,62,0,0.0317,6364.0,7,0,1,0,2.0,0
0.2242,29,0,0.7419,6010.0,10,0,0,0,0.0,0
1.5695,56,0,0.511,3275.0,7,0,0,0,0.0,0
0.199,56,0,0.3361,3841.0,6,0,1,0,0.0,0
0.1619,95,0,0.4134,7808.0,9,0,0,0,,1
0.2467,57,0,0.6235,,6,0,1,0,1.0,0
1.3165,81,0,0.0941,5570.0,10,0,1,0,0.0,0
0.7841,46,0,0.4065,3458.0,11,0,1,0,1.0,0
1.0849,41,0,0.4169,13371.0,8,0,1,0,1.0,0
0.0956,36,0,0.5142,,11,0,1,0,0.0,0
0.7679,64,0,0.2946,,6,0,1,0,0.0,0
0.1419,39,0,0.2657,17078.0,7,0,0,0,0.0,0
0.9035,43,0,0.4401,12099.0,7,0,1,0,2.0,0
0.4261,59,1,0.5031,7516.0,8,0,1,0,1.0,0
0.8611,47,0,0.6415,13198.0,10,0,1,0,0.0,0
0.3355,54,0,0.7741,5717.0,8,0,2,0,0.0,0
0.4689,34,0,0.8869,4704.0,7,0,1,0,1.0,0
0.0667,21,0,0.4275,2526.0,8,0,0,0,0.0,0
1.5425,70,0,0.4656,5735.0,6,0,0,0,0.0,0
5.6446,68,0,0.9235,7552.0,7,0,0,0,0.0,0
0.3031,49,0,0.6088,,4,0,2,0,1.0,0
0.9937,53,0,0.3424,2256.0,6,0,0,0,2.0,0
0.6613,39,0,0.4626,2182.0,4,0,2,3,2.0,0
0.9353,48,1,0.5579,,10,0,0,0,1.0,0
0.9411,86,0,0.4483,25384.0,7,0,0,0,0.0,0
0.8121,77,0,0.5854,12092.0,10,0,2,0,1.0,0
3.7306,56,0,0.1363,9753.0,5,0,0,0,0.0,0
0.2871,25,0,0.2204,2377.0,8,0,2,0,0.0,0
0.5711,59,0,0.2522,4762.0,2,0,1,0,0.0,0
0.215,48,0,0.7449,11364.0,5,0,0,0,0.0,0
1.0112,46,0,0.5159,6386.0,6,0,0,0,0.0,0
0.3273,52,0,0.316,8844.0,11,0,0,0,0.0,0
11.2018,79,0,0.416,,9,0,0,0,0.0,1
0.1352,54,0,0.0718,1313.0,14,0,1,0,1.0,0
0.0392,66,0,0.2118,1363.0,9,0,0,0,1.0,0
0.8073,58,0,0.5575,5834.0,9,0,0,0,1.0,0
1.2805,58,3,0.1799,7703.0,7,0,1,0,0.0,0
0.0993,61,0,0.6484,3144.0,6,0,0,0,0.0,0
0.0913,46,0,0.368,,8,0,0,0,0.0,0
0.0735,33,0,0.5539,11711.0,8,0,2,0,1.0,0
0.4235,74,0,0.3656,16330.0,7,0,1,0,0.0,0
1.4501,31,0,0.3073,,5,0,0,0,0.0,0
1.8564,56,0,0.1578,4915.0,14,0,2,0,0.0,0
0.4618,77,0,0.3513,12886.0,9,0,0,0,1.0,0
0.105,57,0,0.3402,,5,0,1,0,0.0,0
0.3205,60,0,0.3992,,7,0,1,0,0.0,0
0.2562,60,0,0.4949,8867.0,10,0,1,0,0.0,0
3.0269,68,0,0.7614,2956.0,9,0,3,0,1.0,0
0.8843,71,0,0.3721,13148.0,12,0,0,0,0.0,0
0.2649,32,0,0.0556,,11,0,0,0,3.0,0
0.0122,70,0,0.1329,1511.0,9,0,4,0,0.0,0
0.3409,51,0,0.3589,26408.0,14,0,0,0,0.0,0
2.7345,41,0,0.6878,2911.0,8,0,0,0,3.0,0
2.2237,37,0,0.1357,4557.0,6,0,0,0,0.0,0
0.5666,56,0,0.5598,6121.0,8,0,1,0,1.0,0
0.5232,44,0,0.3593,5165.0,9,0,0,0,1.0,0
0.0719,53,0,0.6418,,9,0,2,0,0.0,0
0.0944,52,0,0.1933,14787.0,7,0,0,0,1.0,0
0.3653,56,0,0.9323,2064.0,8,0,0,0,0.0,0
0.3416,63,0,0.8327,5690.0,2,0,3,0,1.0,0
0.1491,69,0,0.9271,2263.0,7,0,2,0,3.0,0
0.0974,68,0,0.5438,4313.0,9,0,0,0,0.0,0
0.422,73,0,0.4732,,7,0,0,0,2.0,1
0.0166,48,0,0.0779,,5,0,0,0,1.0,0
0.6399,42,0,0.3785,14919.0,12,0,1,0,1.0,0
0.4365,51,0,0.5234,2693.0,4,0,0,0,0.0,1
0.061,45,0,0.36,3740.0,6,0,1,0,1.0,0
0.1659,34,0,1.0829,2741.0,10,0,0,0,,0
0.0765,48,0,0.6124,17277.0,13,0,0,0,1.0,0
0.1539,62,0,0.167,3863.0,6,0,0,0,1.0,0
1.8081,69,0,0.4772,6110.0,7,0,1,0,1.0,0
0.9002,51,0,0.0137,,6,0,2,0,0.0,0
0.1121,67,0,0.5171,2900.0,12,0,2,0,0.0,0
3.8492,52,0,0.1096,14725.0,7,0,1,0,0.0,0
0.59,21,0,0.5523,7291.0,8,0,0,0,0.0,0
1.0899,33,0,0.9714,3824.0,8,0,0,0,1.0,0
1.0204,58,0,0.3313,6316.0,4,0,0,0,2.0,0
0.3497,27,0,0.4436,3229.0,12,0,0,0,1.0,0
0.651,33,0,0.663,,4,0,0,0,2.0,0
0.1715,31,0,0.9813,2398.0,7,0,0,0,1.0,0
0.1254,49,0,0.4862,6490.0,7,0,1,0,1.0,0
1.9133,55,0,0.7604,6577.0,7,0,1,0,1.0,0
0.4937,28,2,0.2955,2296.0,19,0,2,0,0.0,0
0.151,63,0,0.5637,7318.0,8,0,1,0,1.0,0
6.6892,52,0,0.7278,,9,0,1,0,2.0,0
0.0045,33,0,0.3323,5730.0,6,0,0,0,2.0,0
0.4485,53,0,0.2325,2577.0,9,0,1,0,0.0,0
0.4743,41,0,0.7047,2946.0,6,0,0,0,2.0,1
2.397,41,0,0.4613,3627.0,9,0,0,0,0.0,0
0.8045,34,0,0.5427,11383.0,8,0,2,0,1.0,0
0.3276,52,0,0.7051,6058.0,8,0,1,0,1.0,0
0.5592,48,0,0.5395,11382.0,11,0,0,0,1.0,0
0.856,48,0,0.8646,28113.0,9,0,1,0,1.0,0
0.2725,50,0,0.1308,4146.0,8,0,0,0,0.0,0
0.5806,55,0,0.2744,5883.0,5,0,2,0,0.0,0
0.9288,49,0,0.6669,,4,0,1,0,2.0,1
0.3675,24,0,0.5912,,5,0,2,0,4.0,0
0.0243,51,0,0.5531,9076.0,9,0,1,0,0.0,0
0.2842,38,0,0.9299,4573.0,10,0,1,0,2.0,0
0.3104,68,0,0.6879,,6,0,1,0,3.0,0
1.2864,58,0,0.557,6347.0,9,0,0,0,1.0,0
2.7634,66,0,0.3047,9158.0,7,0,2,0,2.0,0
0.1153,44,0,0.3123,,5,0,1,0,2.0,0
0.7264,64,0,0.636,4231.0,6,0,2,0,5.0,0
0.8701,36,0,0.588,13762.0,8,0,1,0,1.0,0
0.6396,52,0,0.3679,4610.0,8,0,1,0,1.0,0
0.2054,39,0,0.4598,8892.0,15,0,3,0,3.0,0
0.1133,60,0,0.9681,1755.0,7,0,0,0,0.0,0
0.2978,76,0,0.5984,7721.0,6,0,0,0,0.0,0
0.4292,57,0,0.4056,3716.0,6,0,0,0,3.0,0
0.0582,31,0,0.4483,4960.0,12,0,0,0,0.0,0
0.3708,43,0,0.4254,5796.0,5,0,2,0,1.0,0
0.7313,95,0,0.6898,11878.0,10,0,1,0,3.0,0
0.3594,63,0,0.764,12407.0,5,0,2,0,1.0,0
0.1408,41,0,1.0315,11683.0,6,0,3,0,0.0,0
0.2559,65,0,0.0188,,5,0,1,0,0.0,0
0.4593,54,0,0.4425,2236.0,13,0,0,0,1.0,0
0.061,89,0,0.2486,4990.0,7,0,2,0,0.0,0
0.0534,53,0,0.304,5147.0,4,0,0,0,1.0,0
0.1585,48,0,0.6405,7777.0,10,0,1,0,0.0,0
0.0011,51,0,0.3461,2652.0,14,0,3,0,1.0,0
0.1708,47,0,0.3063,6107.0,7,0,3,0,1.0,0
0.2959,42,0,1.416,7394.0,7,0,0,0,2.0,0
2.3384,36,0,0.8929,,5,0,0,0,0.0,0
0.2811,45,0,0.2887,8457.0,5,0,0,0,1.0,0
0.4662,63,0,0.4075,4054.0,5,0,2,0,0.0,0
0.3499,48,0,0.8892,914.0,10,0,0,0,0.0,0
0.1921,44,0,0.15,2734.0,8,0,0,0,1.0,0
0.6268,33,0,0.1408,2562.0,9,0,0,0,0.0,0
0.0499,62,0,0.1723,6199.0,5,0,0,0,1.0,0
0.2513,75,0,0.9485,8257.0,8,0,2,0,0.0,0
0.7214,40,0,0.2587,,10,0,2,0,0.0,0
0.3499,43,0,1.0009,6924.0,7,0,1,0,1.0,0
0.0859,39,0,0.2466,7189.0,7,0,2,0,2.0,0
0.522,63,0,0.7085,10114.0,9,0,2,0,1.0,0
1.4071,67,0,0.426,16986.0,10,0,1,0,1.0,0
0.7887,54,0,0.3875,9359.0,5,0,1,0,0.0,0
0.6594,35,0,0.432,9066.0,12,0,1,0,1.0,0
4.4834,57,0,1.118,7374.0,10,0,0,0,0.0,0
0.8316,55,0,0.2349,,8,0,0,0,1.0,0
0.3281,57,0,0.865,8800.0,11,0,1,0,1.0,0
0.9304,37,0,0.3206,7038.0,15,0,0,0,1.0,0
0.0724,36,0,0.7372,5304.0,7,0,1,0,0.0,0
0.4744,29,0,0.6257,2325.0,3,0,3,0,1.0,1
0.8086,68,1,0.4904,9300.0,5,0,0,1,1.0,0
0.2476,69,0,1.0377,,8,0,2,0,1.0,0
0.9063,29,0,0.1339,5347.0,3,0,2,0,2.0,0
0.3714,41,0,0.0788,3835.0,10,0,0,0,1.0,0
0.7485,41,0,0.569,10527.0,1,0,1,0,0.0,0
0.8388,65,0,0.5558,7113.0,16,0,0,0,2.0,0
0.0008,53,0,0.2429,8017.0,8,0,2,0,1.0,0
0.1115,74,0,0.2275,2546.0,4,0,1,0,1.0,0
1.7673,48,0,0.0189,7581.0,7,0,1,0,1.0,0
0.2751,33,0,0.3464,,9,0,0,0,2.0,0
0.727,42,0,0.2814,4292.0,7,0,1,1,1.0,0
0.4134,39,0,1.0607,6118.0,6,0,2,0,1.0,0
1.2271,67,0,0.9222,,6,0,1,0,1.0,1
0.2047,79,0,0.4624,1062.0,4,0,3,0,0.0,0
0.3895,59,0,0.8967,11167.0,5,0,1,0,1.0,0
0.5375,42,0,0.6832,,6,0,3,0,0.0,0
0.2677,56,0,1.1194,5042.0,10,0,1,0,0.0,0
0.5241,29,0,0.3532,5692.0,9,0,0,0,3.0,0
1.7611,49,0,0.5224,4472.0,9,0,1,0,1.0,0
0.5934,29,0,0.3638,4308.0,9,0,0,0,0.0,0
0.7514,59,0,0.9595,6672.0,4,0,2,0,1.0,0
0.2144,50,0,0.9647,4783.0,7,0,2,0,0.0,0
0.3823,63,0,0.4453,6839.0,11,0,0,0,0.0,0
0.5196,62,0,0.2233,12874.0,5,0,0,0,1.0,0
1.777,44,1,0.2576,5309.0,7,0,1,0,3.0,0
0.1067,66,0,0.4266,2504.0,3,0,1,0,1.0,0
0.0753,35,0,0.4555,7793.0,10,0,0,0,1.0,0
2.7118,89,0,0.6127,6960.0,8,0,1,0,2.0,0
0.2162,33,0,0.0362,3675.0,5,0,2,0,0.0,0
1.743,62,0,1.1465,21517.0,3,0,1,0,0.0,0
0.126,69,0,0.9179,8003.0,4,0,0,0,1.0,0
0.1983,55,0,0.2524,21566.0,9,0,2,0,1.0,0
1.1181,38,2,0.1685,,14,0,2,0,1.0,0
0.6172,41,0,0.8655,4217.0,8,0,5,0,1.0,0
0.1172,38,0,0.5393,5301.0,7,0,0,0,0.0,0
0.0146,52,0,0.0302,4352.0,9,0,0,0,1.0,0
0.2052,63,0,0.9494,4201.0,9,0,1,0,0.0,0
0.6248,59,0,0.6708,5553.0,10,0,1,0,0.0,0
0.8476,53,1,0.323,8043.0,13,0,0,1,0.0,0
0.066,32,0,0.4098,2410.0,11,0,0,0,1.0,0
0.0735,76,0,0.1539,12469.0,6,0,1,0,0.0,0
6.5506,50,0,0.476,4826.0,5,0,2,0,1.0,0
0.495,47,0,0.4196,2307.0,7,0,1,0,0.0,0
0.8865,55,0,0.3644,4976.0,4,0,1,0,0.0,0
0.2036,29,0,0.2718,3904.0,9,0,0,0,0.0,0
0.3596,51,0,0.2127,6145.0,8,0,1,0,1.0,0
0.1543,49,0,0.6174,3936.0,7,0,1,0,0.0,0
0.3171,50,0,0.5777,2281.0,7,0,1,0,,0
0.318,69,0,0.5812,5583.0,12,0,0,0,0.0,0
0.1425,34,0,0.7918,12177.0,7,0,1,0,2.0,0
1.4682,51,0,0.6514,7141.0,7,0,1,0,2.0,0
4.6501,43,0,0.4348,4731.0,8,0,1,0,1.0,0
0.4237,49,0,1.187,,9,0,0,0,,0
0.5147,64,0,0.473,4323.0,8,0,2,0,0.0,0
2.5461,50,0,0.5713,7251.0,12,0,0,1,0.0,0
0.5426,48,0,0.4565,3675.0,9,0,0,0,0.0,0
0.6134,21,0,0.5758,8981.0,5,0,0,0,1.0,0
0.1538,63,0,0.5046,12072.0,10,0,0,0,2.0,0
0.085,29,0,0.1946,5279.0,8,0,2,0,2.0,0
0.5406,45,0,0.1823,3600.0,10,0,1,0,0.0,0
0.0129,40,0,0.7948,5464.0,6,0,1,0,3.0,0
0.1422,21,0,0.5036,,3,0,0,0,0.0,0
0.2474,54,0,0.6115,11075.0,15,0,0,0,0.0,0
0.2544,46,0,0.7242,6046.0,7,0,1,0,0.0,0
0.2697,59,0,0.8412,6819.0,9,0,1,0,1.0,0
0.3505,60,0,0.6135,2690.0,9,0,1,0,1.0,0
3.6146,61,0,0.7942,5344.0,8,0,1,0,1.0,0
0.3031,59,0,0.3381,,5,0,0,0,1.0,0
0.2124,59,0,0.011,6647.0,9,0,1,0,1.0,0
0.3534,65,0,0.2301,8843.0,6,0,3,0,1.0,0
0.0793,57,0,0.7681,15770.0,14,0,0,0,1.0,0
0.8457,55,0,0.1235,6821.0,8,0,0,0,1.0,0
0.2739,50,0,0.2627,5544.0,11,0,1,0,1.0,0
1.1105,56,0,0.2386,12657.0,10,0,2,0,0.0,0
0.473,59,0,0.4411,,4,0,1,0,1.0,0
0.872,59,0,0.62,,9,0,0,0,0.0,1
0.2779,49,0,1.1093,5859.0,6,0,0,0,1.0,0
0.1941,82,0,0.7295,3099.0,7,0,2,0,0.0,0
0.2594,73,0,0.6058,1292.0,7,0,0,0,1.0,0
0.7245,41,0,0.4711,6190.0,10,0,1,0,3.0,0
2.0048,52,0,0.6568,,10,0,0,0,0.0,0
0.8061,75,1,0.4594,,7,0,0,0,1.0,0
0.0612,40,0,0.3112,2378.0,10,0,2,0,1.0,0
0.0309,35,0,0.5855,3626.0,9,0,0,0,0.0,0
0.2849,89,0,0.3361,8101.0,4,0,1,0,0.0,0
0.4741,45,0,0.6621,2502.0,6,0,1,0,2.0,1
0.8237,24,0,1.0756,3072.0,6,0,0,0,1.0,0
0.1151,40,0,0.9921,1576.0,11,0,1,0,1.0,0
0.4865,46,0,0.5802,2877.0,4,0,0,0,0.0,0
0.1644,63,0,0.315,2174.0,9,0,5,0,1.0,0
4.0333,52,0,0.7209,4225.0,11,0,1,0,1.0,0
3.3516,32,0,0.3775,6243.0,8,0,0,0,0.0,0
0.3323,21,0,0.538,5415.0,10,0,0,0,1.0,0
0.3113,59,0,0.0197,5220.0,13,0,1,0,0.0,0
0.7083,53,0,0.6836,3227.0,11,0,1,0,0.0,0
0.377,69,0,0.2433,,11,0,0,0,0.0,0
0.2184,43,0,1.0135,,9,0,2,0,0.0,0
0.2002,48,0,0.7014,4428.0,10,0,0,0,1.0,0
0.4078,44,0,0.4446,13346.0,12,0,2,0,,0
2.8647,43,0,0.5296,,5,0,1,0,,0
3.085,57,0,0.4857,8609.0,9,0,0,0,0.0,0
1.921,46,0,0.5289,3164.0,6,0,6,0,0.0,0
1.4465,28,0,0.2409,7912.0,11,0,0,0,0.0,0
7.622,70,0,0.9031,2922.0,12,0,0,0,0.0,1
0.5494,55,0,1.2445,,3,0,1,0,2.0,1
0.5721,61,0,0.1685,9367.0,6,0,2,0,0.0,0
0.1337,70,0,0.3099,7265.0,8,0,3,0,0.0,0
0.1017,49,0,0.9278,5322.0,6,0,0,0,0.0,0
0.7553,49,0,0.845,3216.0,10,0,2,0,2.0,0
0.6294,37,0,0.768,3067.0,8,0,2,0,0.0,0
0.0069,64,0,0.1335,24996.0,9,0,1,0,0.0,0
0.1302,30,0,0.4717,17008.0,4,0,1,0,2.0,0
0.29,55,0,0.4195,,7,0,3,0,0.0,0
0.2891,59,0,0.576,12011.0,1,0,2,0,2.0,0
0.2118,33,0,0.9461,5591.0,10,0,0,0,0.0,0
0.2625,69,0,0.7058,2843.0,7,0,2,0,2.0,0
0.219,24,0,0.4615,14414.0,4,0,1,0,0.0,0
1.8218,33,0,1.3121,5843.0,11,0,2,0,2.0,0
0.4538,52,0,0.3607,4845.0,2,0,1,0,1.0,0
0.2927,62,0,0.5001,2736.0,5,0,2,0,1.0,0
0.0558,33,0,0.1986,3026.0,3,0,1,0,0.0,0
0.1844,62,0,0.7474,10384.0,6,0,1,0,0.0,0
0.2267,63,0,0.5856,5598.0,12,0,0,0,0.0,0
1.2654,46,0,0.6305,,8,0,2,0,0.0,0
6.8045,54,0,0.2674,5452.0,9,0,3,0,0.0,0
0.8899,68,0,1.0019,2673.0,6,0,1,0,3.0,0
1.6643,73,0,0.7134,6741.0,8,0,0,0,1.0,0
0.0459,45,0,0.5505,5616.0,8,0,0,0,1.0,0
0.3564,40,0,0.4435,4861.0,15,0,0,0,1.0,0
0.2859,50,0,0.5349,8921.0,5,0,0,0,0.0,0
0.0294,37,0,0.0748,8225.0,5,0,1,0,3.0,0
0.2777,70,0,0.9806,2178.0,10,0,1,0,0.0,0
0.9645,59,0,0.5869,2038.0,10,0,2,0,0.0,0
0.4116,52,0,0.5249,6714.0,7,0,1,0,0.0,0
0.5515,68,0,0.3208,5993.0,6,0,3,0,1.0,0
0.2241,63,0,0.1658,6445.0,9,0,0,0,1.0,0
0.3384,66,0,0.4661,7554.0,9,0,1,0,1.0,0
0.6245,60,0,0.1475,,8,0,3,0,0.0,0
0.5713,72,0,0.1697,5105.0,5,0,2,0,1.0,0
0.3027,33,1,0.0841,4413.0,9,0,1,0,2.0,0
0.1416,59,0,0.8552,5908.0,6,0,2,0,0.0,0
0.0063,74,0,0.6368,7199.0,5,0,1,0,0.0,0
0.0338,48,0,0.2006,4237.0,9,0,1,0,2.0,0
0.0326,44,0,0.298,8974.0,7,0,1,0,1.0,0
0.5252,47,0,0.2476,3948.0,11,0,1,0,0.0,0
0.3847,52,0,0.9015,5350.0,10,0,1,0,0.0,0
0.6052,67,0,0.283,,10,0,2,0,0.0,0
0.2851,52,0,0.3524,,9,0,0,0,0.0,0
0.268,68,0,0.8305,2009.0,8,0,0,0,1.0,0
0.862,59,0,0.5109,19365.0,9,0,2,0,0.0,0
0.458,65,0,0.6505,11096.0,9,0,2,0,2.0,0
0.0327,53,1,0.5639,,10,0,2,0,0.0,0
0.1745,49,0,0.4862,,5,0,0,0,1.0,0
2.25,33,0,0.738,7799.0,9,0,0,0,1.0,0
0.1805,21,0,0.4614,2653.0,6,0,2,0,1.0,0
0.2106,47,0,1.0151,3437.0,11,0,0,0,0.0,0
0.5709,21,0,0.4768,6878.0,12,0,0,0,0.0,0
0.4871,51,0,0.6868,,6,0,1,0,0.0,1
0.1771,61,0,0.2004,27924.0,8,0,0,0,0.0,0
0.0385,52,0,0.5661,,5,0,2,0,2.0,0
0.6075,21,0,0.5704,3268.0,6,0,1,0,0.0,0
0.3342,46,0,0.6187,7550.0,4,0,0,0,1.0,0
5.1459,59,0,0.686,,12,0,0,0,0.0,1
8.5544,69,0,0.2977,2342.0,9,0,1,0,0.0,0
0.2091,59,0,0.4235,12824.0,9,0,0,0,1.0,1
0.5467,52,0,0.4251,4113.0,4,0,0,0,2.0,0
2.4834,58,0,0.4164,9703.0,8,0,0,0,0.0,0
0.7294,78,0,0.9362,4670.0,7,0,1,0,1.0,1
0.0028,52,0,0.5993,,7,0,1,0,0.0,0
0.2466,31,0,0.431,9294.0,6,0,0,0,1.0,0
0.3419,45,0,0.9279,11640.0,8,0,1,0,0.0,0
0.0858,41,0,0.2922,,6,0,1,0,1.0,0
3.9575,35,0,1.0344,6296.0,4,0,0,0,0.0,0
0.5107,42,0,0.6631,,7,0,0,0,0.0,0
0.9467,90,0,0.792,5785.0,8,0,0,0,0.0,0
0.9641,37,0,0.4321,11969.0,11,0,1,0,1.0,0
3.1377,45,0,0.3811,,9,0,0,0,2.0,0
0.0573,91,0,0.5253,2846.0,14,0,0,0,1.0,0
0.5504,60,0,0.183,6579.0,4,0,1,0,,0
3.1739,56,0,0.6025,2512.0,9,0,0,0,2.0,1
0.3369,59,0,0.7424,,6,0,1,0,5.0,0
0.0302,54,0,0.5849,4831.0,7,0,0,0,2.0,0
0.9538,45,0,1.1669,4738.0,6,0,2,0,1.0,0
0.6651,56,0,0.6232,,15,0,0,0,1.0,0
1.5252,59,0,0.864,14662.0,13,0,0,0,0.0,0
0.104,28,1,0.2143,,7,0,1,0,0.0,0
0.3782,45,0,0.7747,,5,0,3,0,2.0,0
0.3691,28,0,0.212,6664.0,7,0,2,0,0.0,0
0.6312,39,0,0.563,5311.0,10,0,2,0,1.0,1
0.4001,59,0,0.7849,2133.0,8,0,0,0,0.0,0
0.1575,45,0,1.1115,4918.0,4,0,3,0,2.0,0
0.7041,48,2,0.3,5829.0,7,0,2,0,2.0,0
0.3415,21,0,0.065,6631.0,12,0,3,0,1.0,1
0.247,33,0,0.5495,5207.0,8,0,0,0,0.0,0
0.2226,35,0,0.4447,2532.0,11,0,0,0,1.0,0
0.2854,27,0,0.3639,4260.0,6,0,0,0,0.0,0
1.5661,54,0,0.3714,3622.0,12,0,0,0,1.0,0
0.2728,53,0,0.0308,6603.0,11,0,2,0,0.0,0
0.1806,63,0,0.2622,4228.0,12,0,1,0,1.0,0
0.1744,70,0,0.2618,5330.0,6,0,1,0,0.0,0
0.0675,71,0,0.6459,20299.0,8,0,0,0,0.0,0
0.3371,57,0,0.78,4547.0,7,0,2,0,,0
0.4258,55,0,0.3916,,9,0,2,0,0.0,0
6.0607,56,0,0.0241,,5,0,1,0,1.0,0
0.1967,38,0,0.1118,2932.0,11,0,0,0,0.0,0
3.2338,56,0,0.5657,4364.0,11,0,1,0,1.0,0
0.2018,45,0,0.3098,3053.0,7,0,2,0,0.0,0
0.0046,35,0,0.4763,3772.0,4,0,1,0,1.0,0
0.2034,27,0,0.3717,,9,0,1,0,0.0,0
0.0471,21,0,0.085,3431.0,7,0,2,0,1.0,0
0.2052,48,0,0.4461,6973.0,10,0,1,0,1.0,0
1.1686,42,0,0.8015,,7,0,1,0,0.0,1
0.8814,41,0,0.3984,,8,0,1,0,0.0,0
0.3691,36,0,0.1556,5603.0,10,0,1,0,1.0,0
2.1103,44,1,0.5759,1350.0,6,0,1,0,0.0,0
0.2487,37,0,0.2251,2886.0,9,0,1,0,1.0,0
0.6087,53,0,0.1894,,12,0,1,0,1.0,0
0.9459,62,1,0.5517,4601.0,8,0,1,0,1.0,0
0.4026,45,0,0.5105,3833.0,6,0,0,0,1.0,0
0.1773,67,0,0.7176,7727.0,6,0,2,0,0.0,0
0.0842,41,0,0.9718,5313.0,11,0,0,0,0.0,0
2.4452,25,2,0.508,14303.0,10,0,0,0,0.0,0
1.9569,71,0,0.2938,4589.0,9,0,3,0,3.0,0
0.5288,23,0,0.7621,11835.0,7,0,2,0,0.0,0
2.0178,44,0,0.2488,8588.0,10,0,0,0,2.0,0
0.2845,63,0,0.5044,3498.0,6,0,1,0,0.0,0
0.9103,69,0,0.8249,4763.0,10,0,1,0,0.0,0
0.3654,50,0,0.6585,7202.0,15,0,0,0,1.0,0
0.0542,44,0,0.4754,,10,0,0,0,0.0,0
0.1477,81,0,0.5749,13851.0,10,0,2,0,1.0,0
0.3537,65,0,0.2433,3048.0,7,0,3,0,1.0,0
0.6392,67,0,0.2235,,8,0,0,0,0.0,0
0.9341,59,0,0.4318,11959.0,1,0,1,0,1.0,0
1.0101,60,0,0.7346,8600.0,3,0,0,0,0.0,0
4.0958,56,0,0.2513,3660.0,7,0,0,0,1.0,0
0.6388,50,0,0.5557,5190.0,11,0,1,0,1.0,0
0.3106,26,0,0.6528,2730.0,11,0,1,0,0.0,0
0.2489,33,0,0.5038,5566.0,7,0,2,0,3.0,0
2.0635,61,0,0.2626,5311.0,11,0,1,0,,0
0.6569,69,0,0.5749,6234.0,7,0,1,0,1.0,0
0.6335,55,0,0.3683,3367.0,9,0,1,0,1.0,0
0.1596,37,0,0.4795,,8,0,1,0,1.0,0
0.0219,55,0,0.7095,12940.0,11,0,3,0,0.0,0
0.9894,57,0,0.7287,1584.0,11,0,0,0,2.0,1
0.2152,25,0,0.7234,9940.0,6,0,2,0,1.0,0
0.19,73,0,0.5043,,5,0,1,0,0.0,0
0.1406,64,0,0.4001,6271.0,10,0,2,0,0.0,0
0.4529,37,0,0.2113,3995.0,8,0,1,0,0.0,0
0.6617,51,0,0.0351,6786.0,7,0,2,0,1.0,0
0.0344,47,0,0.5974,8279.0,10,0,1,0,,0
3.1756,70,1,0.3297,4646.0,7,0,0,0,0.0,0
1.6021,44,1,0.3274,6368.0,14,0,1,0,0.0,0
0.4632,35,0,0.3946,,9,0,0,0,2.0,0
0.1125,50,0,0.7673,3740.0,7,0,1,0,0.0,0
0.285,37,0,0.5306,,4,0,0,0,0.0,0
0.3107,65,0,0.4105,1728.0,14,0,1,0,0.0,0
0.1436,51,0,0.0778,4930.0,10,0,0,0,2.0,0
0.3184,35,0,0.1022,6084.0,3,0,0,0,2.0,0
0.3388,42,0,0.8628,9527.0,4,0,0,0,0.0,0
1.0022,45,0,0.2851,6448.0,14,0,3,0,1.0,0
0.4705,47,0,0.3999,,6,0,2,0,0.0,0
0.805,29,0,0.8747,,10,0,0,0,0.0,1
1.3199,35,0,0.5264,,11,0,3,0,1.0,1
0.2187,56,0,0.8126,2617.0,9,0,2,0,2.0,0
0.5681,70,0,0.2809,,5,0,2,0,1.0,0
0.2563,45,0,0.7724,5454.0,9,0,2,0,1.0,0
3.1096,53,0,0.5524,10860.0,5,0,0,0,1.0,0
0.1103,84,0,0.9215,7881.0,11,0,2,0,2.0,0
1.7418,55,0,1.0302,1998.0,7,0,0,0,0.0,0
0.149,24,0,0.5408,,10,0,2,0,0.0,0
0.1858,60,0,0.4942,4343.0,7,0,1,0,0.0,0
0.0101,55,0,0.5423,1887.0,9,0,1,0,0.0,0
10.4603,46,0,0.8407,6938.0,5,0,1,0,2.0,0
0.673,36,0,0.4559,6603.0,11,0,1,0,1.0,0
0.7252,63,0,0.4356,,3,0,0,0,1.0,0
1.2006,21,0,0.5866,1716.0,4,0,3,0,0.0,1
0.2862,46,0,0.4599,7594.0,6,0,1,0,1.0,0
0.6328,47,0,0.4722,9193.0,4,0,0,0,0.0,0
0.3351,42,0,0.4593,3143.0,14,2,3,0,1.0,0
0.2886,50,0,0.4682,,7,0,1,0,0.0,0
0.4413,34,0,0.703,,11,0,1,0,1.0,0
0.9257,59,0,0.2066,6467.0,12,0,0,0,0.0,1
0.6959,93,0,0.3184,,6,0,1,0,1.0,0
6.4169,39,1,0.6209,4964.0,8,0,1,1,0.0,0
0.2867,58,0,0.6501,,3,0,1,0,,0
0.1533,54,0,0.1408,8214.0,7,0,1,0,1.0,0
0.5784,55,0,0.3052,9486.0,5,0,1,0,0.0,0
0.0022,45,0,0.5733,9673.0,12,0,1,0,4.0,0
0.0019,52,0,0.7072,,8,0,0,0,2.0,0
1.0267,55,0,0.5387,3169.0,2,0,1,0,0.0,0
0.3483,63,0,0.4854,7556.0,12,0,0,0,2.0,0
0.0955,62,0,0.2956,4770.0,8,0,0,0,1.0,0
0.3045,70,0,0.4933,10117.0,9,0,1,0,1.0,0
0.1932,42,0,0.692,2426.0,10,0,2,0,0.0,0
0.1917,55,0,0.5363,9593.0,8,0,3,0,0.0,0
0.7033,50,0,1.237,,8,0,1,0,0.0,0
0.6141,64,0,0.546,6189.0,8,0,1,0,1.0,0
0.0949,30,0,0.3618,1686.0,9,0,0,0,2.0,0
0.6945,67,0,0.241,10820.0,15,0,0,0,2.0,0
2.7525,56,1,0.8378,5057.0,12,0,1,0,1.0,0
0.4395,69,0,0.178,8083.0,8,0,3,0,1.0,0
0.6409,53,1,0.3235,4912.0,8,0,1,2,0.0,0
0.3498,49,0,0.3171,5321.0,8,0,2,0,1.0,0
0.1227,43,0,0.5053,5296.0,15,0,1,0,1.0,0
1.8032,46,0,0.2383,5966.0,3,0,2,0,0.0,0
0.284,24,0,1.019,2674.0,6,0,1,0,0.0,0
0.3984,50,0,0.2746,,3,0,4,0,1.0,0
0.9491,45,0,0.2537,14925.0,8,0,0,0,0.0,0
0.6438,53,0,0.5342,4989.0,7,0,1,0,2.0,0
0.2711,42,0,0.7993,13514.0,5,0,0,0,1.0,0
0.6936,57,0,0.5176,,6,0,2,0,0.0,1
0.6017,50,0,0.5803,4622.0,7,0,1,0,0.0,0
0.3091,26,0,0.3445,1927.0,8,0,1,0,0.0,0
0.0142,53,0,0.4698,5985.0,9,0,1,0,,0
0.4275,63,0,0.5566,4298.0,9,0,0,0,2.0,1
0.3654,64,0,0.3136,,3,0,1,0,0.0,0
3.3875,39,0,0.5429,1876.0,11,0,1,0,0.0,1
0.4187,31,0,0.6655,8288.0,5,0,1,0,1.0,0
0.4852,67,0,0.2673,,8,0,1,0,1.0,0
0.1913,58,0,0.5544,6270.0,4,0,0,0,2.0,0
0.4145,38,0,0.3141,,9,0,0,0,0.0,0
0.0482,40,0,0.3474,9769.0,7,0,1,0,1.0,0
0.0172,52,0,0.1329,,8,0,1,0,0.0,0
0.8058,64,0,0.5278,4286.0,5,0,0,0,0.0,0
0.303,47,0,0.5164,7202.0,6,0,1,0,3.0,0
0.9691,31,0,0.2407,3206.0,12,0,3,0,1.0,0
0.3972,25,0,0.7159,16563.0,6,0,0,0,0.0,0
0.5066,40,0,0.1667,4524.0,5,0,2,0,,0
1.0468,40,3,0.4507,2862.0,7,0,0,0,1.0,0
2.2722,36,0,0.7436,26223.0,12,0,0,0,1.0,0
0.2042,72,0,0.8113,3359.0,7,0,0,0,1.0,0
7.5038,30,0,0.2985,1178.0,10,0,0,0,0.0,0
0.0134,42,0,0.3864,,6,0,1,0,2.0,0
0.5095,82,0,0.2909,11189.0,8,0,2,0,1.0,0
0.0578,41,0,0.4721,13030.0,7,0,1,0,2.0,0
0.5963,52,0,0.8102,5172.0,6,0,0,0,1.0,0
0.0909,72,0,0.1544,4874.0,9,0,0,0,1.0,0
0.0335,50,0,0.478,4960.0,8,0,0,0,1.0,0
0.0624,57,0,0.0869,10628.0,9,0,0,0,0.0,0
1.0144,43,1,0.1799,5479.0,8,0,2,0,0.0,0
0.916,40,0,0.4123,6665.0,11,0,1,0,2.0,0
0.1048,29,0,0.8854,3547.0,9,0,1,0,0.0,0
0.459,49,0,0.5393,7308.0,8,0,1,0,0.0,0
0.1238,57,0,1.167,3364.0,8,0,2,0,0.0,0
0.333,79,0,0.2973,7314.0,8,0,2,0,,0
0.8239,44,0,0.7871,4507.0,5,0,0,0,0.0,0
0.3246,69,0,1.0156,6180.0,9,1,0,0,0.0,0
0.0752,65,0,0.4157,,12,0,0,0,0.0,0
0.0178,42,0,0.3804,5531.0,10,0,1,0,3.0,0
0.4498,52,0,0.5023,6379.0,6,0,0,0,4.0,0
0.6662,53,0,0.2518,2946.0,4,0,1,0,1.0,1
1.5693,33,0,0.6484,6476.0,12,0,1,0,0.0,0
0.1233,48,0,0.2096,4373.0,10,0,1,0,2.0,0
0.8582,40,0,0.1861,1678.0,9,0,0,0,0.0,0
0.111,49,2,0.8838,6605.0,4,3,3,0,3.0,0
0.3647,50,0,0.6176,2218.0,1,0,2,0,0.0,0
2.4279,51,0,0.261,11895.0,7,0,0,0,1.0,0
1.034,44,0,0.8768,3904.0,7,0,1,0,,0
2.0429,37,0,0.5442,6536.0,11,0,0,0,0.0,0
0.6269,27,0,1.0555,2762.0,9,0,0,0,0.0,1
1.1958,65,0,0.7231,2685.0,3,0,0,0,0.0,0
0.8722,52,0,0.5479,6065.0,3,0,0,0,0.0,0
2.9507,66,0,0.2978,3730.0,6,0,0,0,0.0,0
0.1284,50,0,0.2649,9207.0,6,0,0,0,1.0,0
0.4056,52,0,1.2694,1761.0,7,0,1,0,0.0,0
0.033,48,0,0.7956,1977.0,11,0,0,0,1.0,0
0.4563,47,0,0.4543,10743.0,6,0,2,0,0.0,0
0.39,55,0,0.869,3759.0,8,0,0,0,0.0,0
0.3745,48,0,0.2927,12975.0,9,0,2,0,3.0,0
0.147,65,0,0.7223,3737.0,4,0,2,0,0.0,0
0.4404,71,1,0.2744,7672.0,12,0,0,0,1.0,0
5.7598,70,0,0.996,5581.0,5,0,2,1,0.0,0
0.1649,74,0,0.4212,6367.0,5,0,2,0,1.0,0
0.2089,36,0,0.1374,4834.0,8,0,1,0,,0
0.758,69,0,1.4865,4854.0,8,0,1,0,0.0,1
0.8898,53,0,0.5951,2667.0,12,0,1,0,0.0,0
0.5815,53,0,0.988,6694.0,9,0,2,0,0.0,0
0.1603,42,0,0.0944,2180.0,10,0,0,0,1.0,0
0.5541,47,0,0.4855,18482.0,6,0,1,0,0.0,0
0.0684,21,0,0.3879,8520.0,9,0,2,0,0.0,0
0.1004,60,2,0.4289,7530.0,9,0,1,1,1.0,0
0.5153,49,0,0.1118,,6,0,0,0,1.0,0
0.2856,45,0,0.5731,,6,0,1,0,1.0,0
0.8075,71,0,0.5817,6160.0,7,0,2,0,0.0,0
0.3686,52,0,0.3588,5675.0,7,0,0,0,3.0,0
0.5694,39,0,0.375,3599.0,10,0,1,0,1.0,0
0.7107,52,0,0.4033,7497.0,8,0,0,0,1.0,0
0.3603,76,0,0.3422,,9,0,3,0,0.0,0
0.1867,50,0,0.4499,8100.0,9,0,0,0,2.0,0
0.3808,63,0,0.6318,13732.0,8,0,0,0,0.0,0
0.2548,42,0,0.2486,3152.0,9,0,1,0,0.0,0
0.202,59,0,0.797,4015.0,6,0,0,0,2.0,0
0.9036,55,0,0.9007,5430.0,7,0,3,0,,0
0.1076,52,0,0.6177,4731.0,11,0,0,0,0.0,0
1.0577,45,0,0.7747,3560.0,8,0,1,0,1.0,0
0.0899,48,0,0.4315,9614.0,10,0,1,0,1.0,0
0.3076,26,0,0.5138,9365.0,5,0,2,0,2.0,0
0.1984,29,0,0.3404,9770.0,10,0,0,0,0.0,0
0.1452,30,0,0.3636,,5,0,3,0,0.0,0
0.566,31,0,0.3765,2734.0,7,0,0,0,0.0,0
2.0528,48,0,0.4011,,9,0,0,0,0.0,0
0.1525,45,0,0.4269,,10,0,1,0,1.0,0
0.1883,37,0,0.3754,3493.0,4,0,1,0,0.0,0
0.4112,69,0,0.2526,10910.0,5,0,1,0,0.0,0
1.7387,48,0,0.3246,9527.0,4,0,1,0,2.0,0
1.9286,64,0,1.1651,,5,0,1,0,0.0,0
0.3839,31,0,0.2085,6180.0,1,0,3,0,0.0,0
5.485,58,0,0.9557,6656.0,7,0,0,0,1.0,0
0.0709,66,0,0.4905,,5,0,2,0,2.0,0
2.2062,58,0,0.8234,1048.0,7,0,2,0,1.0,0
7.5968,46,0,0.094,5939.0,6,0,1,0,0.0,0
1.0844,48,0,0.9072,,5,0,0,0,2.0,0
0.2806,57,0,0.5728,,6,0,2,0,0.0,0
0.2807,53,0,0.1066,3389.0,5,0,2,0,0.0,0
2.5799,67,0,0.188,6664.0,8,0,0,0,1.0,0
0.3184,39,0,0.7672,3516.0,12,0,1,0,2.0,0
0.1158,65,0,0.5401,4199.0,7,0,2,0,0.0,0
0.634,56,0,0.8573,,7,0,0,0,0.0,0
1.9595,55,0,0.3033,5544.0,9,0,0,0,1.0,0
0.8488,49,0,0.2895,6657.0,11,0,3,0,2.0,0
2.6255,67,0,0.0516,2855.0,7,0,0,0,0.0,0
1.7532,40,0,0.5347,6054.0,10,0,1,0,2.0,0
0.5545,36,0,0.6891,,9,0,1,0,0.0,0
0.564,52,0,0.2159,,9,0,3,0,0.0,0
0.3225,42,0,0.0507,3394.0,3,0,0,0,3.0,0
0.1225,56,0,0.358,2775.0,8,0,2,0,3.0,0
0.5817,79,0,0.0762,2632.0,6,0,1,0,0.0,1
0.2617,53,0,0.4909,9277.0,11,0,0,0,0.0,0
0.8998,55,0,0.3575,2119.0,8,0,0,0,1.0,0
0.2748,74,0,0.5612,,10,0,1,0,2.0,0
0.3452,57,0,0.6062,3334.0,12,0,2,0,0.0,0
0.4057,67,0,0.7078,,9,2,0,0,0.0,0
0.6337,48,0,0.2735,,5,0,1,0,0.0,0
0.0868,51,0,0.4966,4270.0,12,0,3,0,2.0,0
0.0564,43,0,0.9373,3624.0,12,0,2,0,2.0,0
0.8838,58,0,0.4966,9963.0,5,0,0,0,1.0,0
0.2418,59,0,0.966,2117.0,9,0,0,0,0.0,0
0.1154,62,0,0.3481,,8,0,0,0,0.0,0
0.5154,58,0,0.8162,,7,0,0,0,,1
0.5793,50,0,0.9654,7561.0,11,0,0,0,4.0,0
1.2179,60,0,0.7787,4665.0,12,0,1,0,0.0,1
0.2877,73,0,0.6441,7892.0,6,0,0,0,2.0,0
0.0232,54,0,1.0654,10239.0,6,0,2,0,0.0,0
0.5824,33,0,0.324,4369.0,6,0,2,0,1.0,0
0.2984,38,0,0.4927,5228.0,7,0,2,0,0.0,0
0.3526,55,0,0.211,5340.0,9,0,0,0,2.0,0
1.7999,40,0,0.4621,3233.0,9,0,0,0,0.0,0
0.1303,45,0,0.8075,,6,0,1,0,0.0,0
0.115,45,0,0.5898,11153.0,7,0,1,0,0.0,0
0.6628,58,0,0.1973,8232.0,10,0,0,0,0.0,0
0.4938,74,0,0.2635,7720.0,6,0,0,0,1.0,0
0.1668,31,0,0.3905,,9,0,1,1,3.0,0
0.408,66,0,0.1975,,8,0,1,0,1.0,0
0.5863,66,0,0.8088,6609.0,6,0,2,0,2.0,0
0.0235,56,0,1.168,32912.0,8,0,3,0,0.0,0
0.0216,49,0,0.4032,,11,0,6,0,,0
0.6413,63,0,0.8998,13987.0,8,0,3,0,0.0,0
0.8652,53,0,0.0054,7616.0,5,0,1,0,0.0,0
0.083,50,0,0.2756,20923.0,14,0,2,0,2.0,0
0.9208,27,0,0.295,4614.0,4,0,0,0,1.0,0
0.2527,58,0,0.926,2924.0,5,0,0,0,2.0,0
0.4227,72,0,0.576,3992.0,7,0,0,0,0.0,0
0.7713,32,0,0.2719,5832.0,7,0,0,0,3.0,0
0.8286,40,0,0.9022,13737.0,10,0,0,0,0.0,0
0.7027,45,0,0.141,8247.0,9,0,1,0,3.0,1
0.0024,48,0,0.5565,3496.0,8,0,2,0,0.0,0
0.3955,42,0,0.4697,6645.0,11,0,1,0,0.0,0
0.372,70,0,0.3418,,4,0,1,0,1.0,0
0.0101,80,0,0.4608,3454.0,7,0,1,0,0.0,0
0.3743,55,0,0.568,6019.0,9,0,4,0,1.0,0
0.4353,43,0,0.1266,21108.0,9,0,2,0,1.0,0
1.7038,54,0,0.3875,8471.0,7,0,0,0,2.0,0
0.0322,36,0,0.1811,1705.0,9,0,1,0,2.0,0
0.2252,49,0,0.2898,6288.0,6,0,2,0,1.0,0
3.1686,60,0,0.4299,1642.0,5,0,0,0,2.0,0
0.2647,61,0,0.6302,,10,0,2,0,1.0,0
0.0266,60,0,0.4164,,13,0,0,0,2.0,0
0.6339,45,0,0.3998,3185.0,7,0,1,0,4.0,0
0.3672,54,0,0.1727,4704.0,8,0,3,0,,0
0.0349,47,0,0.6781,3417.0,8,0,0,0,0.0,0
0.3622,64,2,0.7448,5093.0,4,0,0,2,2.0,0
0.5791,58,0,0.2865,,7,0,1,0,1.0,0
0.9575,75,0,0.399,5347.0,10,0,0,0,1.0,0
0.3972,57,0,0.2501,4463.0,10,0,3,0,0.0,0
0.7753,40,0,0.6066,,9,0,1,0,1.0,0
0.0878,35,0,0.7978,4669.0,4,0,1,0,,0
0.7879,54,0,0.8748,,7,0,0,0,1.0,0
0.3075,21,0,0.0685,2158.0,9,0,0,0,2.0,0
0.1588,46,0,0.147,4842.0,7,0,0,0,0.0,0
5.3063,44,0,0.4081,5214.0,9,0,0,0,2.0,0
0.2185,41,0,0.3303,8242.0,8,0,2,0,0.0,0
0.106,54,0,0.3735,,8,0,0,0,0.0,0
0.4782,37,0,0.4685,6591.0,6,0,1,0,1.0,0
0.1495,30,0,0.2639,6156.0,6,0,1,0,0.0,0
0.4978,59,0,0.538,8081.0,7,0,2,0,0.0,0
0.0862,47,0,0.9023,4503.0,6,0,1,0,1.0,0
1.0445,57,1,0.3837,3036.0,9,2,0,0,1.0,0
0.2472,54,0,0.8184,3325.0,11,0,0,0,1.0,0
0.0564,59,0,0.3706,7237.0,6,0,2,0,0.0,0
0.579,55,0,0.346,8178.0,5,0,3,0,0.0,0
0.2665,60,0,0.4145,1312.0,4,0,2,0,0.0,0
0.5902,76,0,0.8926,8650.0,9,0,0,0,0.0,0
1.2107,57,1,0.3784,,7,0,0,0,1.0,0
0.4398,60,0,0.4369,5282.0,9,0,0,0,0.0,0
6.9839,53,0,0.5555,14152.0,6,0,2,0,1.0,0
0.3754,25,0,0.5115,2865.0,7,0,0,0,1.0,0
3.2981,50,0,0.6488,12056.0,11,0,2,0,1.0,0
0.0165,71,0,0.5113,4104.0,2,0,3,0,0.0,0
0.1244,59,0,0.4056,11235.0,19,0,1,0,3.0,0
0.3503,45,0,0.5347,5265.0,9,0,1,0,0.0,0
1.0145,57,0,0.4037,13432.0,5,0,2,0,3.0,0
0.5493,36,0,0.4491,523.0,11,0,0,0,,0
0.3512,62,0,0.2661,6294.0,7,0,1,0,2.0,0
0.751,45,0,0.1268,3058.0,8,0,1,0,1.0,0
1.1726,54,0,0.2884,3521.0,5,0,1,0,0.0,0
0.6666,38,0,0.7389,4958.0,9,0,0,0,2.0,1
0.5042,55,0,0.0344,4753.0,13,0,1,0,0.0,0
0.3337,21,0,0.3378,3579.0,7,0,1,0,2.0,0
0.2255,46,0,0.319,8349.0,6,0,1,0,2.0,0
1.3448,41,0,0.6139,,10,0,1,0,1.0,0
0.919,42,0,0.319,6599.0,7,0,3,0,2.0,0
0.5315,21,0,0.4414,4644.0,4,0,1,0,1.0,0
0.8874,42,0,0.1264,1824.0,10,0,0,0,1.0,0
0.0455,56,0,0.4278,7445.0,4,0,1,0,1.0,0
0.2079,39,0,0.2917,3378.0,9,0,0,0,2.0,0
0.6358,58,0,0.1996,8951.0,4,0,1,0,1.0,0
0.4255,65,0,0.51,15491.0,10,0,0,0,0.0,0
5.0291,56,0,0.2215,3451.0,11,0,0,0,3.0,0
0.917,57,0,0.0587,4070.0,12,0,0,0,0.0,0
0.8111,56,0,0.9434,20145.0,11,0,2,0,1.0,0
0.1161,60,0,0.7801,9404.0,5,0,1,0,3.0,0
0.2928,42,1,0.023,2651.0,10,0,3,0,0.0,0
12.4357,40,0,0.4916,2215.0,8,0,0,0,0.0,0
2.8762,40,0,0.627,3808.0,10,0,2,0,1.0,0
1.2215,61,0,0.515,,3,0,0,0,0.0,0
1.264,40,0,0.4727,,7,0,3,0,0.0,0
0.556,48,0,0.4736,,7,0,1,0,2.0,0
0.6473,46,0,0.2525,7484.0,8,0,1,0,2.0,0
0.5077,54,0,0.7139,12444.0,12,0,2,0,0.0,0
0.2308,61,0,0.2567,4482.0,13,0,0,0,0.0,0
0.5806,61,0,0.9453,5401.0,8,0,1,0,1.0,0
0.2076,27,0,0.4597,7082.0,8,0,0,0,0.0,0
0.3055,57,0,0.1452,5141.0,8,0,2,0,1.0,0
0.0799,51,0,0.9679,5488.0,9,0,0,0,1.0,0
5.8997,54,0,0.3801,6032.0,5,0,3,0,0.0,0
0.3161,47,0,0.5489,2857.0,9,0,1,0,0.0,0
0.6231,41,0,0.2113,2638.0,8,0,0,0,0.0,0
0.0357,65,0,0.3323,11463.0,14,0,1,0,0.0,0
0.5689,49,0,0.7863,13518.0,9,0,4,0,0.0,0
0.3344,69,0,0.8263,6119.0,8,0,3,0,3.0,0
4.0745,51,0,0.2898,8840.0,9,0,1,0,1.0,0
0.771,52,0,0.4637,4367.0,10,0,0,0,0.0,0
0.2609,42,0,1.1008,16976.0,5,0,0,0,1.0,0
0.5592,52,0,0.4826,,6,0,0,0,2.0,0
0.3966,65,0,0.0511,11918.0,7,0,0,0,1.0,0
2.0331,50,0,0.2864,19081.0,6,0,0,0,3.0,0
0.4225,55,0,0.0494,7110.0,10,0,0,0,1.0,1
0.5733,75,0,1.2073,3814.0,8,0,1,0,1.0,0
0.334,35,0,0.5575,12023.0,8,0,0,0,0.0,0
0.775,39,0,0.3842,2867.0,4,0,2,0,1.0,0
0.0714,56,0,0.7517,4318.0,2,0,1,0,0.0,0
0.483,28,0,0.863,6909.0,7,0,0,0,2.0,0
0.2396,59,0,0.4775,24879.0,7,0,0,0,0.0,0
0.2358,41,0,0.1492,8386.0,5,0,2,0,0.0,0
4.8764,46,0,0.3096,,8,0,0,0,,0
1.6004,64,0,0.7493,,10,0,0,0,1.0,1
1.4679,34,0,0.454,12491.0,14,0,2,0,2.0,0
1.7077,24,0,0.3509,9290.0,11,0,2,0,1.0,0
0.2257,22,0,0.2926,5227.0,10,0,0,0,1.0,0
0.3193,56,0,0.2432,,5,0,2,0,2.0,0
0.0732,64,0,0.3236,3084.0,11,0,1,0,2.0,0
0.052,37,0,0.7975,3627.0,8,0,0,0,1.0,0
0.162,67,0,0.2649,4055.0,3,0,1,0,0.0,0
0.174,51,0,0.039,,12,0,1,0,2.0,0
0.3573,52,0,0.1108,9918.0,8,0,0,0,0.0,0
0.1857,65,0,0.1874,,5,0,0,0,0.0,0
0.1674,27,0,0.5845,6758.0,5,0,1,0,0.0,0
0.2153,61,0,0.4699,7319.0,4,0,0,0,1.0,0
0.7238,26,0,0.4881,4003.0,8,0,1,0,0.0,0
0.585,29,0,0.2549,2913.0,12,0,1,0,0.0,1
0.7134,31,0,0.8033,4445.0,19,0,0,0,0.0,0
0.3181,60,0,0.2772,9790.0,7,0,3,0,1.0,0
1.5188,61,0,1.1434,3673.0,8,0,3,0,0.0,0
0.3609,64,0,0.3081,12607.0,3,0,3,0,0.0,0
0.6721,51,0,0.3982,8697.0,11,0,0,0,0.0,0
1.0926,46,0,0.3167,3844.0,6,0,0,0,1.0,0
0.0522,58,0,0.1126,12091.0,12,0,0,0,1.0,0
0.079,49,0,0.0654,7138.0,8,0,5,0,2.0,0
0.4093,54,0,0.5345,,5,0,1,0,0.0,0
0.0383,50,0,0.305,4980.0,9,0,1,0,2.0,0
1.2027,50,0,0.7396,13687.0,9,0,1,0,0.0,0
0.4334,80,0,0.2456,14138.0,7,0,1,0,1.0,0
2.1162,64,0,0.4477,26201.0,9,0,1,0,0.0,0
0.3544,58,0,0.8141,,6,0,0,0,0.0,0
0.1131,46,0,0.4871,6550.0,7,0,1,0,0.0,0
0.1669,52,0,0.1283,3087.0,8,0,1,0,0.0,0
0.2648,65,0,0.6673,,13,0,3,0,0.0,0
0.0419,54,0,0.6404,4072.0,7,0,1,0,0.0,0
0.1517,45,0,0.4739,14544.0,11,0,0,0,0.0,0
0.173,28,0,0.8259,5984.0,6,0,0,0,0.0,0
0.5566,46,0,0.7814,2064.0,8,0,1,0,3.0,0
0.5307,61,0,0.4876,11518.0,10,0,1,0,0.0,0
0.4438,33,0,0.5597,,8,0,0,0,1.0,0
0.6377,72,0,0.9555,1648.0,7,0,1,0,2.0,1
0.1648,55,0,0.1341,,8,0,3,0,0.0,0
0.3536,71,0,0.4444,8508.0,4,0,1,0,0.0,0
0.616,50,0,0.543,9212.0,11,0,1,0,0.0,0
1.3133,21,0,0.3226,4852.0,5,0,2,0,,0
0.0608,45,0,0.6767,13080.0,11,0,1,0,2.0,0
0.1151,42,0,0.1631,2708.0,16,0,3,0,0.0,0
0.1475,39,0,0.8439,,6,0,0,0,1.0,0
0.1346,58,0,0.4604,,8,0,1,0,0.0,0
0.3407,38,0,0.559,,8,0,0,0,2.0,0
0.4814,31,0,0.3656,3848.0,5,0,1,0,0.0,0
0.8157,42,0,0.3909,,10,0,1,0,1.0,0
0.5806,62,0,0.7198,3443.0,6,0,1,0,0.0,0
0.9375,47,0,0.2855,8622.0,6,0,1,0,2.0,0
0.5187,38,0,0.8465,1633.0,7,0,2,0,0.0,0
0.2483,45,0,0.3794,6556.0,5,0,0,0,0.0,0
3.0074,66,0,0.8336,3523.0,9,0,3,0,3.0,0
0.3225,57,0,0.5785,,7,0,0,0,0.0,0
0.7888,58,0,0.5315,5082.0,10,0,1,0,2.0,0
2.2525,57,0,0.492,,11,0,2,0,1.0,1
0.5361,27,0,0.794,1996.0,9,0,1,0,,1
0.2223,49,0,0.2623,2672.0,7,0,3,0,0.0,0
2.4446,65,0,0.3556,2518.0,14,0,2,0,0.0,0
0.3344,21,0,0.301,2942.0,13,0,2,0,0.0,0
0.0099,23,0,0.965,3919.0,8,0,1,0,1.0,0
0.7533,35,0,0.2473,,10,0,0,0,1.0,0
1.9617,40,0,0.2743,,11,0,1,0,1.0,0
0.8757,51,0,0.2193,4431.0,3,0,1,0,1.0,0
0.0806,32,0,0.7577,4380.0,6,0,1,0,0.0,0
0.5526,57,0,0.3713,4508.0,6,0,0,0,0.0,0
0.1948,82,0,1.1944,8013.0,5,0,2,0,0.0,0
0.7811,42,0,0.3356,5054.0,6,0,1,0,1.0,0
0.9255,31,0,0.4086,2398.0,5,0,0,0,1.0,0
0.4433,44,0,0.5977,498.0,9,0,0,0,1.0,0
0.0572,58,0,0.5669,4562.0,4,0,1,0,2.0,0
0.723,53,0,0.5614,8610.0,12,0,1,1,1.0,0
0.5041,61,0,0.2026,5394.0,8,0,3,0,0.0,0
0.667,47,0,0.6782,11310.0,7,0,4,0,0.0,0
3.9714,55,1,0.099,5627.0,8,0,0,1,0.0,0
0.5516,86,0,0.8097,15798.0,7,0,1,0,0.0,0
0.4192,45,0,0.5041,4687.0,6,0,1,0,0.0,1
0.3077,50,1,0.5499,,5,0,2,0,0.0,0
0.6208,57,0,0.4399,3422.0,6,0,0,0,1.0,0
0.6365,85,0,0.0425,6608.0,6,0,1,0,1.0,0
0.2768,62,0,0.7728,6949.0,8,0,4,0,0.0,0
0.3344,52,0,0.72,5685.0,12,0,0,0,0.0,0
0.1198,44,0,0.5851,,7,0,2,0,,0
0.7082,69,0,0.2756,11316.0,7,0,1,0,0.0,0
0.3509,49,0,0.0986,,11,0,1,0,0.0,0
0.731,72,0,0.0043,1946.0,10,0,2,0,3.0,0
1.2913,47,0,0.1697,1574.0,9,0,0,0,1.0,0
0.1772,42,0,0.3843,,7,0,1,0,0.0,0
0.723,30,0,0.3422,,7,0,3,0,,0
0.1295,58,0,0.8397,5598.0,9,0,1,0,2.0,0
0.7607,25,0,0.3457,15207.0,8,0,0,0,0.0,0
0.3852,68,0,0.3245,7169.0,9,0,0,0,1.0,0
0.0946,30,0,0.1821,2758.0,10,0,0,0,,0
0.1512,25,0,0.5687,,3,0,0,2,0.0,1
0.3041,50,0,0.1127,10285.0,8,0,2,0,0.0,0
0.3867,64,0,0.5088,13414.0,17,0,0,0,0.0,0
0.5952,49,0,0.7346,2678.0,10,0,0,0,1.0,0
0.1675,61,0,0.4745,5038.0,8,0,1,0,1.0,0
0.1088,55,0,0.1861,3006.0,5,0,3,0,1.0,0
0.2466,60,0,0.7294,10961.0,10,0,3,0,0.0,0
0.1469,73,0,0.6738,2407.0,10,0,0,0,1.0,0
0.1279,41,0,0.5678,5058.0,8,0,0,0,1.0,0
0.5174,53,0,0.9694,2528.0,7,0,0,0,1.0,0
0.6534,23,0,0.1264,,11,0,0,0,0.0,0
0.3548,70,0,0.4335,6013.0,8,0,0,0,2.0,0
0.2559,46,0,0.0284,2484.0,7,0,0,0,2.0,0
3.4024,51,0,1.1529,,8,0,0,0,1.0,0
1.7245,46,0,0.2994,4419.0,8,0,3,0,1.0,0
0.0045,41,0,0.4526,,6,0,4,0,2.0,0
0.9891,61,0,0.2306,8420.0,7,0,1,0,1.0,0
0.7155,58,1,0.6208,1850.0,11,0,1,0,0.0,0
0.1409,43,0,0.2936,2843.0,9,0,1,0,1.0,0
0.2915,75,0,0.5112,5292.0,6,0,1,0,0.0,0
1.4518,62,0,0.1979,7421.0,11,0,2,0,2.0,0
0.1783,73,0,0.1979,,7,0,0,0,1.0,0
0.3638,24,0,0.5093,1659.0,9,0,2,0,0.0,0
2.8406,42,0,0.5191,2439.0,15,0,2,0,1.0,0
0.1039,64,0,0.1407,12352.0,6,0,1,0,0.0,0
0.1153,33,0,0.3323,4623.0,8,0,0,0,1.0,0
0.3676,45,0,0.2677,4353.0,9,0,0,0,0.0,0
0.7366,36,0,0.4989,6232.0,3,0,4,0,0.0,0
1.1444,56,0,0.6123,6778.0,9,0,0,0,2.0,0
0.2052,46,0,0.2683,7816.0,8,0,0,0,2.0,0
0.149,36,2,0.7244,3804.0,10,0,3,0,1.0,0
0.1359,75,0,0.6611,,7,0,1,0,2.0,0
0.2185,60,0,0.2175,4697.0,7,0,1,0,2.0,0
0.5377,59,0,0.4986,4603.0,8,0,0,0,0.0,0
0.497,53,0,0.1742,2979.0,6,0,0,0,0.0,0
0.0736,63,0,0.39,4923.0,10,0,2,0,2.0,0
0.0468,58,0,0.3201,4378.0,4,0,2,0,3.0,0
0.8315,25,0,0.771,,10,0,2,0,0.0,0
0.1581,78,0,0.9948,1601.0,10,0,0,0,1.0,0
0.5508,76,3,0.4109,6379.0,8,0,1,0,1.0,0
0.1554,45,0,0.6134,8689.0,9,0,2,0,1.0,0
0.3714,28,0,0.3476,4121.0,12,0,2,0,0.0,0
0.5974,36,0,1.2567,5969.0,9,0,0,0,1.0,0
0.1203,37,0,0.3406,7917.0,4,0,0,0,2.0,0
0.4141,56,0,0.7402,12657.0,7,0,0,0,0.0,0
0.577,46,0,0.5495,4599.0,6,0,0,0,1.0,1
1.5468,43,0,0.2081,6545.0,5,0,1,0,1.0,0
0.8036,60,0,0.6634,6026.0,8,0,0,0,1.0,0
0.1445,50,0,0.5554,7272.0,10,0,1,0,0.0,0
0.8795,65,0,0.6109,10809.0,10,0,0,0,1.0,0
0.5678,51,0,0.3602,2070.0,11,0,5,0,0.0,0
0.1753,75,2,0.3048,2326.0,10,0,0,1,0.0,0
0.6051,83,0,0.6202,,4,0,1,0,0.0,0
0.1368,55,0,0.4642,7431.0,5,0,1,0,2.0,0
0.1131,47,0,0.2718,5119.0,7,0,1,0,2.0,0
0.158,51,0,1.213,4779.0,10,0,1,0,0.0,0
0.7977,67,0,0.8602,4952.0,7,0,1,0,1.0,0
0.3636,64,0,0.5175,6241.0,9,0,1,0,,0
3.2415,25,1,0.634,10515.0,9,0,1,0,1.0,0
0.8345,59,0,0.5576,,10,0,2,0,0.0,0
0.4039,46,0,1.0551,5487.0,14,0,0,0,1.0,0
0.7418,56,0,0.1647,7725.0,9,0,1,0,0.0,0
0.1401,52,0,0.0679,,7,0,2,0,2.0,0
0.535,46,0,0.1892,10552.0,14,0,0,1,1.0,0
3.0064,28,0,0.4051,8340.0,9,0,1,0,0.0,0
0.3723,29,0,0.435,6194.0,7,0,0,0,1.0,0
0.7297,48,0,0.0792,2624.0,7,0,0,0,2.0,0
0.299,50,0,0.5611,4653.0,9,0,0,0,1.0,0
0.7178,51,0,0.3551,,12,0,1,0,2.0,0
0.7745,55,0,0.0745,5173.0,4,0,0,0,1.0,0
0.5573,40,0,0.3425,1929.0,5,0,1,0,0.0,0
0.1855,32,0,0.0543,4264.0,10,0,1,0,1.0,0
0.2137,66,0,0.761,16568.0,15,0,0,0,1.0,0
0.4348,60,0,1.4205,6653.0,9,0,3,0,1.0,0
0.5446,42,0,0.2533,,8,0,2,0,0.0,1
0.7903,64,0,0.5627,4404.0,11,0,2,0,1.0,0
0.2334,38,0,0.2502,4852.0,7,0,1,0,0.0,0
0.411,55,0,0.3509,3196.0,8,0,1,0,1.0,0
0.1787,55,0,0.7573,5108.0,10,0,2,0,1.0,0
0.2986,43,0,0.126,,5,0,3,0,,0
0.4887,59,2,0.9406,2657.0,9,0,1,0,2.0,0
0.6483,34,2,0.4623,,6,0,1,0,0.0,0
0.2366,51,0,0.5939,2536.0,14,0,0,0,1.0,0
0.3631,51,0,0.924,7409.0,8,0,0,0,0.0,0
0.2668,36,0,0.805,12623.0,7,0,1,0,0.0,0
1.0776,61,0,0.5003,3447.0,12,0,1,0,2.0,0
0.8421,68,0,0.3101,,12,0,0,0,0.0,0
0.1333,51,0,0.6765,5012.0,9,0,0,0,2.0,0
1.151,53,0,0.3514,3456.0,12,0,0,0,2.0,0
0.5341,48,0,0.7151,5158.0,8,0,2,0,1.0,1
0.4731,51,0,0.7782,1894.0,12,0,1,0,,0
0.2577,45,0,0.9722,7822.0,8,0,0,0,3.0,0
0.6516,52,0,0.3831,6361.0,7,0,1,0,0.0,0
0.2296,48,0,0.1363,,11,0,0,0,0.0,0
0.9044,75,0,0.4344,7104.0,9,0,1,0,0.0,0
0.4237,49,0,1.0979,5169.0,10,0,0,0,1.0,0
0.7393,38,0,0.0902,4597.0,5,0,2,0,1.0,0
0.5086,27,0,0.8928,4294.0,5,0,1,0,0.0,0
0.7924,66,0,0.5959,,7,0,2,0,3.0,0
1.085,72,0,0.5315,3513.0,3,0,1,0,1.0,1
1.0046,35,0,0.5229,2611.0,11,0,0,0,0.0,1
0.2206,60,0,0.0819,,8,0,0,0,0.0,0
0.7736,59,0,0.2776,9935.0,7,0,1,1,2.0,0
0.8375,52,0,0.7022,5835.0,9,0,0,0,1.0,0
0.42,36,0,0.5023,2134.0,8,0,1,0,1.0,0
0.2184,59,0,0.7055,6978.0,10,0,0,0,,0
0.6291,70,0,0.5271,7168.0,4,0,1,0,0.0,0
5.3056,71,0,0.523,16965.0,10,0,2,0,1.0,0
0.3678,59,0,0.5257,,9,0,0,0,0.0,0
0.602,64,0,0.8134,1245.0,9,0,0,0,0.0,1
0.6684,26,0,0.8387,5635.0,4,0,1,0,2.0,0
0.0187,60,0,0.3049,5996.0,6,0,1,0,3.0,0
0.4326,60,0,0.3688,4836.0,12,0,2,0,1.0,0
0.4408,47,0,0.6135,3181.0,10,0,2,0,0.0,0
0.3037,53,0,0.447,4515.0,8,0,0,0,1.0,0
0.0348,44,0,0.4972,4523.0,8,0,1,0,1.0,0
0.3854,30,0,0.1396,7985.0,7,0,0,0,3.0,0
0.7264,60,0,0.2395,5563.0,9,0,1,0,1.0,0
0.2292,78,0,0.7035,13647.0,5,0,3,0,1.0,0
0.1801,40,0,0.8257,7062.0,7,0,0,0,1.0,0
0.3845,53,0,0.8612,5857.0,10,0,1,0,0.0,0
0.0487,33,0,0.3752,12750.0,13,0,3,0,2.0,0
0.7755,55,0,0.2193,,11,0,1,0,3.0,0
0.2549,43,0,0.6723,6749.0,3,0,2,0,2.0,0
0.3317,50,0,0.8831,4148.0,7,0,0,0,,0
0.7994,66,0,0.6092,9154.0,5,0,0,0,2.0,0
0.318,56,0,0.1445,11075.0,10,0,0,0,2.0,0
0.7816,50,0,0.2632,2020.0,8,0,1,0,,0
2.4201,39,0,0.5016,,10,0,2,0,0.0,1
0.3356,62,0,0.1149,9857.0,5,0,3,0,0.0,0
1.5296,36,2,0.5474,5408.0,8,0,2,0,0.0,0
0.1126,70,0,0.5693,39401.0,7,0,0,0,0.0,0
0.2071,53,0,0.2615,,7,0,3,0,0.0,0
0.5437,37,0,0.2869,14285.0,5,0,1,0,0.0,0
0.4057,31,0,0.2527,3178.0,7,0,0,0,1.0,0
0.5645,47,0,0.6047,2445.0,8,0,0,0,1.0,0
0.1645,47,0,0.5132,12055.0,9,0,1,0,1.0,0
0.8154,58,0,0.8022,6737.0,13,0,1,0,2.0,0
0.0665,38,0,0.8459,4864.0,13,0,2,0,0.0,0
0.1333,63,0,0.8948,,7,0,1,0,0.0,0
0.3738,21,0,0.816,11688.0,7,0,2,0,0.0,0
0.3365,53,0,0.3941,8391.0,5,0,2,0,0.0,0
0.2433,42,0,0.3216,4250.0,9,0,2,0,3.0,0
0.2479,53,0,0.5844,19376.0,5,0,1,0,1.0,0
0.6591,69,0,0.6466,4408.0,7,0,2,0,0.0,1
0.636,65,0,0.632,7701.0,6,0,2,0,4.0,0
0.2539,57,0,0.1535,,9,0,1,0,2.0,0
0.4665,71,0,1.0571,3456.0,7,0,0,0,3.0,0
0.1753,71,0,0.3137,9680.0,9,0,2,0,1.0,0
0.1189,73,0,0.0965,14394.0,13,0,0,0,3.0,1
0.2599,43,0,0.8585,7662.0,8,0,3,0,0.0,0
4.5672,62,0,0.1552,,10,0,0,0,0.0,0
0.2905,63,0,0.6683,,5,0,1,0,1.0,0
0.4419,52,0,0.4379,3428.0,6,0,0,0,2.0,0
2.5799,66,2,0.3548,,9,1,0,0,0.0,0
0.1815,53,0,0.3148,6167.0,12,0,1,0,0.0,0
0.9154,31,0,0.1049,4796.0,14,0,2,0,1.0,0
0.7537,70,0,0.3298,2853.0,8,0,1,0,2.0,0
11.8184,43,0,1.1589,12275.0,11,0,1,0,1.0,0
1.1189,27,0,0.2786,3477.0,6,0,1,0,0.0,0
0.1608,95,0,0.4306,3574.0,7,0,1,0,0.0,0
1.8671,37,0,0.3631,1559.0,7,0,2,0,2.0,0
0.4056,61,0,0.3655,5781.0,3,0,1,0,1.0,0
0.1599,37,0,0.3807,12161.0,13,0,1,0,1.0,0
0.0609,46,0,0.7415,,15,0,2,0,0.0,0
0.6334,42,0,0.1663,4603.0,7,0,1,0,2.0,0
0.0711,38,2,0.7601,1631.0,9,0,2,0,1.0,0
0.5938,64,0,0.6576,7833.0,10,0,1,0,0.0,1
0.5601,84,0,0.2639,6896.0,6,0,0,0,1.0,0
5.1181,52,0,0.589,4240.0,7,0,3,0,1.0,0
4.3488,27,0,0.7138,9726.0,10,2,2,0,1.0,0
0.7424,37,0,0.6125,,4,0,0,0,1.0,0
0.028,40,0,0.6783,1613.0,5,0,0,0,2.0,0
1.1216,53,0,0.4435,16018.0,8,0,2,0,0.0,0
0.5557,46,0,0.5163,4537.0,10,0,0,0,0.0,0
0.4778,82,0,0.6248,3020.0,14,0,1,0,2.0,1
0.035,51,0,0.6582,3525.0,5,0,0,0,3.0,0
0.7226,63,0,0.5741,3527.0,4,0,1,0,,1
0.4842,50,0,0.7324,7988.0,7,0,0,0,0.0,0
0.3134,51,0,0.5971,8899.0,11,0,0,0,,0
0.2333,47,0,0.0802,6417.0,12,0,2,0,0.0,0
0.6507,52,0,0.7584,,9,0,4,0,1.0,0
0.4576,45,0,0.2121,4632.0,13,0,1,0,2.0,0
0.3868,53,3,0.0391,24536.0,4,0,0,3,0.0,0
0.0386,44,0,0.9622,10964.0,12,0,0,0,0.0,0
0.6905,84,0,0.7129,5874.0,11,0,1,0,0.0,0
0.088,58,0,0.6087,4915.0,12,0,3,0,0.0,0
0.5633,60,0,0.8066,,2,0,0,0,2.0,0
0.1815,50,0,0.9095,5806.0,9,0,1,0,2.0,0
0.6709,31,0,0.4533,4112.0,8,0,0,0,1.0,0
0.1706,33,0,0.2065,7476.0,6,0,3,0,1.0,0
0.7607,50,0,0.6925,4476.0,10,0,1,0,1.0,0
0.5164,49,0,0.309,11610.0,9,0,1,0,2.0,0
0.2146,57,0,0.2894,4363.0,5,0,0,0,2.0,0
0.014,55,0,0.2099,1895.0,5,0,3,0,1.0,0
0.3342,45,0,0.8551,5614.0,8,0,0,0,1.0,0
0.0438,89,0,0.0496,2172.0,3,0,1,0,2.0,0
0.6765,57,0,0.197,9592.0,10,0,1,0,0.0,0
0.1325,46,0,0.4294,15544.0,18,0,1,0,0.0,0
0.17,47,0,0.134,5519.0,5,0,2,0,1.0,1
0.9045,62,0,0.3132,9417.0,5,0,0,0,0.0,0
0.1664,49,1,0.7584,7111.0,9,0,0,0,1.0,0
0.0495,65,0,0.5466,5213.0,11,0,4,0,0.0,0
0.333,51,0,0.6259,4343.0,2,0,2,0,2.0,0
0.2881,47,0,0.1978,7392.0,10,0,1,0,1.0,0
0.1671,32,0,0.6217,5671.0,2,0,1,0,2.0,0
1.4741,67,0,0.6741,5892.0,11,0,1,0,0.0,0
0.0762,37,0,0.3391,,9,0,0,0,1.0,0
0.0296,63,0,0.5688,,6,0,2,0,0.0,0
0.5654,44,0,0.6498,2675.0,8,0,1,0,0.0,0
0.1077,64,0,0.3143,3643.0,4,0,1,0,2.0,0
0.5183,70,0,0.4014,,4,0,0,0,0.0,0
0.3714,41,2,0.4906,3709.0,6,0,1,0,0.0,0
4.6768,40,0,0.4417,5538.0,5,0,0,0,2.0,0
0.63,83,0,0.2301,,13,0,1,0,0.0,0
0.5004,58,0,0.2133,5253.0,7,0,0,0,0.0,0
1.9224,62,0,0.1447,3979.0,8,0,1,0,0.0,0
0.1408,33,0,0.2786,2298.0,6,0,3,0,1.0,0
0.6139,38,0,0.8585,3915.0,5,0,1,0,0.0,0
0.3038,55,0,0.1215,5776.0,8,0,1,0,0.0,0
0.3964,47,0,0.7687,,10,0,0,0,0.0,0
0.7091,38,0,0.6992,16750.0,8,0,2,0,1.0,0
0.5533,56,0,0.5187,7661.0,7,0,3,0,1.0,0
0.1024,28,0,0.2397,8343.0,13,0,2,0,1.0,0
0.4296,56,0,0.6559,,11,0,0,0,1.0,0
0.5634,39,0,1.1091,4324.0,8,0,0,0,2.0,0
0.598,62,0,0.8659,3238.0,8,0,1,0,1.0,0
0.2174,53,0,0.734,4171.0,9,0,0,0,,0
0.3891,59,0,0.1972,9972.0,7,0,1,0,3.0,1
0.2165,71,0,0.1907,2862.0,3,0,0,0,1.0,0
0.2919,43,0,0.6058,3774.0,11,0,1,0,2.0,0
0.5983,38,0,0.8164,6389.0,6,0,1,0,0.0,0
0.2106,69,0,0.5997,32198.0,8,0,0,0,0.0,0
1.6569,76,0,0.515,21164.0,11,0,1,0,1.0,0
0.2439,70,0,0.7655,5723.0,6,0,3,0,1.0,0
0.1233,21,0,0.4553,4108.0,5,0,2,0,0.0,0
0.1004,60,0,0.0491,6046.0,4,0,2,0,1.0,0
0.1412,39,0,0.2577,,7,0,0,0,1.0,0
0.0036,65,0,0.7641,4869.0,13,0,0,0,1.0,0
0.1392,48,0,0.2674,6400.0,12,0,2,0,0.0,0
0.3199,47,0,0.5744,,12,0,2,0,0.0,0
0.4635,47,0,0.5703,9285.0,6,0,2,0,1.0,0
0.4114,44,0,0.3373,5222.0,7,0,0,0,1.0,0
0.5948,34,0,0.5244,3168.0,14,0,1,0,0.0,0
0.4805,47,0,0.015,4276.0,9,0,2,0,0.0,0
0.3236,54,0,0.778,6165.0,4,0,1,0,1.0,0
0.1737,73,0,0.5276,,10,0,1,0,1.0,0
1.0684,59,0,0.4002,3142.0,13,0,2,1,1.0,0
0.4013,48,0,0.5487,4880.0,6,0,2,0,1.0,0
0.3117,47,1,0.9061,3259.0,5,1,2,0,0.0,0
0.0695,21,0,0.4779,1439.0,9,0,0,0,1.0,0
1.0116,47,1,0.9375,2833.0,9,0,3,0,1.0,0
0.4782,54,0,0.3303,13098.0,6,0,0,0,1.0,0
0.5459,43,0,0.324,,11,0,0,0,0.0,0
0.1997,45,0,0.3973,6662.0,4,0,0,0,2.0,0
0.0562,21,0,0.6373,,3,0,0,0,0.0,0
0.3793,33,0,0.9134,3458.0,8,0,0,0,0.0,0
0.2634,37,0,0.2315,6395.0,10,0,1,0,0.0,0
0.3271,42,0,0.8411,,7,0,0,0,3.0,0
1.3397,21,0,0.0873,,4,0,0,0,1.0,0
0.0709,49,0,0.1453,4114.0,10,0,0,0,0.0,0
0.0045,51,0,0.5327,2288.0,11,0,3,0,1.0,0
0.033,58,0,0.1523,,5,0,0,0,,0
0.4775,46,0,0.625,5948.0,4,0,3,0,0.0,0
0.301,64,0,0.893,8401.0,7,0,2,0,1.0,0
0.0823,77,0,0.0374,11852.0,5,0,2,0,1.0,0
0.7975,32,0,0.4152,5183.0,5,0,0,0,1.0,0
0.3287,35,0,0.433,8270.0,12,0,0,0,1.0,0
0.1117,57,0,0.4049,4948.0,9,0,1,0,0.0,0
0.7497,60,0,0.4094,3191.0,9,0,1,0,1.0,0
11.2025,35,0,0.7201,,8,0,0,0,1.0,0
1.127,76,0,0.806,,13,0,1,0,0.0,0
0.2104,39,0,0.2869,4225.0,10,0,2,0,2.0,0
0.0983,49,0,0.5183,,8,0,1,0,1.0,0
3.0359,61,0,0.9924,3438.0,6,0,4,0,0.0,0
0.0914,72,0,0.6035,6981.0,9,0,2,0,1.0,0
0.3043,38,0,0.1584,3472.0,6,1,1,3,2.0,0
3.4652,62,0,0.7464,,10,0,0,0,0.0,0
0.227,50,0,1.1722,2580.0,9,0,3,0,0.0,0
0.6351,31,0,0.2557,,8,0,0,0,2.0,0
0.3122,43,0,0.021,3168.0,9,0,0,0,0.0,0
0.3125,35,0,0.2987,3866.0,9,0,1,0,1.0,0
0.0833,62,0,0.6511,2179.0,8,0,0,0,1.0,0
0.3853,32,0,0.288,4286.0,7,0,0,0,,0
1.0687,58,0,0.3227,,9,0,2,0,0.0,0
0.5373,52,0,0.5304,4769.0,6,0,1,0,1.0,0
0.2954,57,0,0.5691,3723.0,12,0,1,0,1.0,0
0.167,52,0,0.317,,7,0,1,0,1.0,0
0.1676,40,0,0.3402,4253.0,6,0,1,0,1.0,0
0.0315,57,0,0.7313,2931.0,8,0,1,0,1.0,0
0.2532,54,0,0.5056,3261.0,4,0,4,0,1.0,0
0.5217,45,0,0.9748,9446.0,8,0,4,0,1.0,0
1.4641,88,0,1.0919,16836.0,13,0,3,0,1.0,0
0.4665,35,0,0.4908,1075.0,4,0,0,0,2.0,0
2.4639,59,0,1.0522,2674.0,12,0,5,0,0.0,0
0.2151,60,0,0.6234,2225.0,9,0,1,0,0.0,0
0.0226,48,0,0.1912,4496.0,9,0,3,0,1.0,0
0.3167,55,0,0.0841,4472.0,7,0,0,0,1.0,0
0.1179,58,0,1.1884,3230.0,12,0,1,0,3.0,0
0.3769,51,0,1.0062,3681.0,8,0,0,0,0.0,0
1.098,44,0,0.2842,4736.0,18,0,0,0,1.0,0
2.2153,51,0,0.4401,4633.0,4,0,1,0,0.0,0
0.2959,43,1,0.4614,2269.0,6,0,1,0,2.0,0
1.3504,71,0,0.147,1802.0,8,0,1,0,2.0,0
0.1644,64,1,0.2953,,13,1,0,0,1.0,0
1.9209,53,0,0.1014,2715.0,5,0,0,0,0.0,1
0.0339,42,0,0.3263,9433.0,9,0,0,0,0.0,0
0.7446,48,0,0.4836,2630.0,7,0,0,0,3.0,0
0.1558,44,0,0.474,2327.0,9,0,1,0,0.0,0
0.1828,51,2,0.4988,,12,3,0,0,0.0,0
1.0238,29,0,0.4081,1687.0,8,0,2,0,,0
0.2625,44,0,0.0816,,9,0,1,0,2.0,0
0.1891,37,0,0.5254,4320.0,9,1,2,3,2.0,0
0.6004,42,0,0.9748,4680.0,5,0,2,0,0.0,0
0.0151,78,0,0.6937,4494.0,7,0,0,0,0.0,0
0.1747,47,0,0.6457,21180.0,10,0,1,0,2.0,0
0.0251,55,0,0.4479,8275.0,9,0,2,0,0.0,0
1.218,49,0,0.3934,15805.0,6,0,0,0,1.0,0
0.3746,61,0,0.81,5521.0,5,0,1,0,0.0,0
0.4628,46,0,0.6142,3012.0,11,0,1,0,0.0,0
0.5315,44,0,0.6128,,8,0,1,0,1.0,0
0.1817,42,0,0.4577,4160.0,10,0,0,0,,0
0.3359,42,0,0.131,19605.0,8,0,4,0,0.0,0
0.1525,73,0,0.6114,,9,0,2,0,0.0,0
0.0715,57,0,0.2144,9484.0,6,0,0,0,1.0,0
0.9248,43,0,0.2248,3600.0,5,0,2,0,1.0,0
0.5463,64,0,0.4641,,4,0,1,0,0.0,0
0.5789,68,0,0.2722,4864.0,5,0,1,0,0.0,0
0.1006,42,1,0.6492,6138.0,4,0,2,0,0.0,0
1.1799,48,0,0.6347,4321.0,10,0,1,0,0.0,0
0.688,52,0,0.1577,9430.0,11,0,1,0,0.0,0
0.2892,41,0,0.0302,,6,0,3,0,0.0,0
0.3093,45,0,0.492,11673.0,5,0,1,0,0.0,0
2.5318,45,0,0.7825,,11,0,0,0,0.0,0
0.0592,50,0,1.0771,6584.0,5,0,0,0,1.0,0
0.092,95,0,0.8245,11718.0,6,0,0,0,1.0,0
0.2759,39,0,0.4239,4628.0,8,0,0,0,2.0,0
0.2735,31,0,0.4181,,14,0,0,0,1.0,0
0.2623,66,0,0.5727,,7,0,0,0,0.0,0
0.0192,55,0,0.365,25618.0,6,0,3,0,3.0,0
0.3051,48,0,0.7674,,6,0,1,0,0.0,0
1.2326,64,0,0.4315,4515.0,11,0,3,0,1.0,0
0.2751,35,0,0.32,7999.0,4,0,1,0,0.0,1
0.0538,56,0,0.8786,,2,0,1,0,0.0,0
0.4764,49,0,0.0322,7679.0,10,0,2,0,2.0,0
3.4623,52,0,0.1553,4572.0,6,0,0,0,2.0,0
1.8336,53,0,0.324,4662.0,8,0,2,0,1.0,0
0.1181,85,0,0.4592,7132.0,9,0,3,0,3.0,0
0.6588,45,0,0.4153,,10,0,0,0,1.0,0
1.2166,40,0,0.7567,7221.0,6,0,3,0,1.0,0
0.1886,60,0,0.9138,6926.0,10,0,3,0,1.0,0
0.5162,66,0,0.5327,,11,0,0,0,1.0,0
0.3427,33,0,0.6211,2122.0,13,0,1,0,0.0,0
0.3912,57,0,0.7525,4962.0,9,0,0,0,1.0,0
0.1359,36,0,0.0946,10030.0,10,0,1,0,2.0,1
0.3098,33,0,0.1723,2627.0,11,0,4,0,0.0,0
0.9701,49,0,0.066,6101.0,11,0,1,0,1.0,0
0.1769,43,0,0.3221,2785.0,10,0,1,0,1.0,0
3.564,34,0,0.6667,6681.0,7,0,0,0,0.0,0
0.5338,40,0,0.2647,5563.0,6,0,0,0,2.0,0
0.6019,45,0,0.458,,8,0,1,0,1.0,0
0.7212,61,0,0.4258,,10,0,2,0,0.0,0
0.2464,38,0,0.5647,5140.0,10,0,1,0,0.0,0
0.9629,53,0,0.3309,3966.0,6,0,0,0,2.0,0
0.293,26,0,0.3973,3469.0,13,0,2,0,4.0,0
0.0945,49,0,0.3528,,9,0,2,0,0.0,0
0.4599,62,1,0.6474,6401.0,6,0,0,0,1.0,0
0.2759,45,0,0.5529,,13,0,1,0,1.0,0
0.5252,59,0,0.8285,3132.0,11,0,0,0,0.0,0
0.1454,25,0,0.2854,6434.0,6,0,0,0,0.0,0
0.6451,36,0,0.769,11700.0,7,0,1,0,0.0,0
0.8797,60,0,0.7007,8507.0,11,0,0,0,0.0,0
0.8765,61,0,0.3436,,11,0,2,0,2.0,0
0.4335,78,0,0.6436,5451.0,12,0,4,0,1.0,0
0.1919,62,0,0.3427,901.0,9,0,1,0,3.0,0
0.5456,68,0,0.7103,,12,0,1,0,3.0,0
0.0888,39,0,0.1026,,10,0,0,0,0.0,0
0.0349,52,0,0.2468,26863.0,3,0,1,0,0.0,0
0.1414,33,0,0.1005,3286.0,6,0,1,0,2.0,0
0.5388,67,0,0.1725,8291.0,7,0,0,0,1.0,0
0.869,48,0,0.3908,3737.0,6,0,1,0,0.0,0
0.1413,59,0,0.165,,4,0,1,0,1.0,0
5.4001,21,0,0.1946,2281.0,7,0,1,0,0.0,0
0.341,21,0,0.1065,10735.0,12,0,2,0,1.0,0
0.5501,77,0,0.1908,3364.0,11,0,1,0,1.0,0
0.3413,95,0,0.3218,20044.0,8,0,0,0,1.0,0
0.1277,57,0,0.0995,12211.0,8,0,2,0,1.0,0
0.4535,74,0,0.3706,,10,0,1,0,0.0,0
0.1007,42,0,0.203,12836.0,7,0,1,0,2.0,0
0.084,30,0,0.2601,6421.0,9,0,1,0,1.0,0
0.1336,75,0,0.6664,,7,0,1,0,0.0,0
0.1169,50,0,0.924,7549.0,7,0,1,0,2.0,0
3.8576,49,0,0.783,3138.0,10,0,0,0,0.0,1
0.0336,75,1,0.5444,7145.0,7,0,2,0,2.0,0
4.5943,47,0,0.6235,3386.0,8,0,1,0,0.0,1
0.9004,36,0,0.468,12430.0,15,0,1,0,1.0,0
0.9103,33,0,0.3389,6715.0,6,0,0,0,1.0,0
0.1805,52,0,0.2014,,12,0,0,0,1.0,0
1.5121,64,1,0.7131,6451.0,6,0,3,0,0.0,0
0.6995,48,0,0.6446,3789.0,9,0,0,0,0.0,0
0.6602,50,0,0.0334,6331.0,8,0,3,0,3.0,0
0.2521,41,0,0.5191,2246.0,7,0,1,0,0.0,0
0.1498,45,0,0.2469,3078.0,4,0,2,0,1.0,0
0.459,74,0,0.5443,,7,0,2,0,0.0,0
0.5535,50,0,0.239,3658.0,3,0,1,0,0.0,0
0.211,41,0,0.2636,9627.0,12,0,1,0,2.0,0
4.3802,75,0,0.8306,1684.0,7,0,0,0,0.0,0
0.1529,48,0,0.4154,16848.0,10,0,1,0,0.0,0
0.1949,50,0,0.2214,5110.0,8,0,1,0,2.0,0
0.1952,48,0,0.4733,4000.0,11,0,1,0,0.0,0
0.3112,29,0,0.3626,,10,0,0,0,1.0,0
0.4712,46,0,0.8952,7637.0,10,0,1,0,2.0,0
0.3707,55,0,0.5956,1671.0,12,0,3,0,0.0,0
0.8485,46,0,0.2164,2851.0,7,0,0,0,1.0,0
0.0106,66,0,1.0651,4848.0,8,0,0,0,1.0,0
0.8579,38,0,0.384,3596.0,8,0,0,0,0.0,0
0.345,56,0,0.1797,7315.0,4,0,2,0,1.0,0
0.3539,45,0,0.329,2956.0,6,0,0,0,0.0,0
1.6815,65,0,0.3891,5441.0,13,0,1,0,0.0,0
0.6163,73,0,0.2262,5391.0,3,0,0,0,0.0,0
0.4348,69,0,0.0876,7112.0,11,0,3,0,0.0,0
0.0564,53,0,0.2491,6551.0,4,0,1,0,0.0,0
0.8893,51,0,0.1845,8220.0,7,0,0,0,1.0,0
0.2857,50,0,0.6701,15180.0,6,0,1,0,1.0,0
0.5922,37,0,0.8161,2828.0,6,0,2,0,0.0,0
0.0446,64,0,0.4135,,9,0,2,0,0.0,0
0.4037,22,0,0.094,5629.0,10,0,2,0,,0
0.1738,46,0,0.8334,3206.0,13,0,1,0,1.0,0
0.2016,74,0,0.3187,4937.0,10,0,3,0,0.0,0
0.0899,29,0,0.7017,,9,0,0,0,1.0,0
0.6487,58,0,0.8223,8287.0,6,0,1,0,1.0,0
0.5707,62,0,0.6305,6152.0,6,0,0,0,2.0,0
0.9525,44,0,0.5299,8956.0,6,0,0,0,2.0,0
3.0646,37,0,0.6894,,4,0,3,0,2.0,1
0.0281,28,0,0.2932,,6,0,0,0,0.0,0
1.4688,45,0,0.1475,6440.0,7,0,2,0,0.0,0
0.6122,41,0,0.5595,3605.0,6,0,3,0,0.0,0
0.4403,31,0,0.8265,7293.0,10,0,1,0,0.0,0
5.1066,66,0,0.3668,8584.0,12,0,0,0,0.0,0
0.9659,40,0,0.4922,,12,0,0,0,1.0,0
0.2529,58,0,0.6637,7730.0,10,0,1,0,1.0,0
0.5038,40,0,0.2246,12325.0,11,0,1,0,3.0,0
0.2891,59,1,0.4523,4434.0,10,0,1,1,0.0,0
0.5628,55,0,0.0236,9042.0,10,0,1,0,1.0,0
0.366,66,0,0.6916,6292.0,9,0,0,0,2.0,0
0.2009,29,0,0.2617,,7,0,0,0,0.0,0
0.4889,41,0,0.4649,2717.0,9,0,3,0,2.0,0
0.381,65,0,0.7538,11574.0,5,0,1,0,0.0,0
0.521,43,0,0.0986,4303.0,7,0,1,0,0.0,0
1.8862,46,0,0.646,7479.0,8,0,3,0,0.0,0
0.3885,59,0,0.3468,,8,0,0,0,1.0,0
4.0333,48,0,0.2746,8034.0,10,0,0,0,0.0,0
0.5273,53,0,0.4596,6284.0,8,0,3,0,1.0,0
0.608,50,0,0.9197,9353.0,11,0,0,0,1.0,0
0.0654,47,0,0.3158,,3,0,0,0,2.0,0
0.0036,32,0,0.4335,,8,0,3,0,2.0,0
1.1061,45,0,0.8361,6530.0,8,0,1,0,0.0,0
0.387,59,0,0.7984,9953.0,4,0,0,0,0.0,0
0.5111,47,0,1.0712,3776.0,7,0,1,0,0.0,0
0.2678,59,0,0.2146,2451.0,4,0,0,0,1.0,0
0.7573,47,0,0.1764,1968.0,6,0,2,0,1.0,0
0.3645,58,0,0.4209,7858.0,10,0,0,0,2.0,0
0.3848,43,1,0.427,5579.0,7,1,0,0,0.0,0
0.299,35,0,0.2277,3505.0,9,0,2,0,0.0,0
0.9897,64,0,0.4302,,4,0,0,0,1.0,0
0.1219,36,0,0.2068,3022.0,14,0,2,0,,0
0.1257,42,0,0.5157,5402.0,6,0,4,0,1.0,0
0.5472,52,3,0.6637,2013.0,6,0,0,0,1.0,0
0.6061,26,0,0.1743,2356.0,10,0,0,0,2.0,0
0.3094,44,0,1.0191,2311.0,11,0,2,0,0.0,0
0.2209,42,0,0.2757,1770.0,6,0,1,0,1.0,0
0.9309,48,0,0.2058,6732.0,5,0,1,0,2.0,0
0.3903,48,0,0.3457,8381.0,8,0,1,0,0.0,0
0.0865,45,0,0.9798,10638.0,11,0,0,0,,0
0.4803,49,0,0.4402,,5,0,3,0,1.0,0
0.3652,72,0,0.4043,,11,0,1,0,0.0,0
0.3691,85,0,0.5346,14417.0,11,0,1,0,2.0,0
1.3347,59,2,0.5026,3956.0,11,0,1,0,1.0,1
0.4121,47,0,0.2294,,6,0,0,0,1.0,0
0.3078,39,0,0.3759,7421.0,11,0,2,0,2.0,0
0.8617,41,0,0.2211,4515.0,5,0,1,0,,0
0.0624,48,0,0.5347,6065.0,3,0,1,0,0.0,0
0.4236,68,0,0.8644,1803.0,8,0,1,0,0.0,0
0.1054,37,0,0.4153,5618.0,14,0,0,0,0.0,0
2.3806,57,0,0.4084,,12,0,0,0,1.0,0
3.571,44,1,0.598,,8,0,0,0,1.0,0
0.909,65,5,0.3795,1998.0,13,0,0,0,0.0,0
0.1233,46,0,0.3236,4744.0,8,0,1,0,1.0,0
0.7039,41,1,0.453,,6,0,1,4,0.0,0
0.3346,42,0,0.7018,3308.0,9,0,2,0,1.0,0
0.1337,76,0,0.1877,6406.0,8,0,2,0,1.0,0
0.3912,51,0,0.3936,3745.0,5,0,0,0,0.0,0
0.5051,67,0,0.7098,11609.0,11,0,0,0,1.0,0
3.395,56,0,0.4506,,5,0,0,0,2.0,0
0.3033,60,0,1.0118,,11,0,3,0,0.0,0
0.5069,46,0,0.231,6751.0,5,0,0,0,0.0,0
0.112,50,0,0.4807,,13,0,0,0,2.0,0
2.4507,37,3,0.1317,2385.0,6,1,0,0,0.0,0
6.9372,37,3,0.4344,,6,0,2,0,0.0,0
5.9511,48,0,0.6796,5419.0,13,0,0,0,1.0,1
0.4168,47,0,0.11,10902.0,9,0,1,0,0.0,0
0.1059,49,0,0.2909,2042.0,11,0,2,0,2.0,0
0.6157,62,0,0.0442,13532.0,5,0,0,0,0.0,1
0.3522,77,0,0.251,9249.0,7,0,1,0,0.0,0
0.3708,38,0,0.4942,19858.0,5,0,1,0,4.0,0
0.8857,57,1,0.27,3939.0,6,2,0,0,1.0,0
0.2086,43,0,0.118,5202.0,5,0,0,0,0.0,0
0.8574,28,0,0.6219,6816.0,10,0,1,0,1.0,0
0.6435,85,0,0.2017,3335.0,4,0,2,0,0.0,0
0.8304,50,0,0.4284,6154.0,7,0,0,0,2.0,0
4.5513,46,0,0.268,6139.0,11,0,1,0,0.0,0
0.4923,64,0,0.4638,3696.0,9,0,1,0,0.0,0
0.4134,85,0,0.2703,3349.0,6,0,2,0,0.0,0
0.6318,56,2,0.1894,7653.0,10,0,0,1,0.0,0
0.2565,87,0,0.4241,,7,0,3,0,1.0,0
0.6545,51,0,0.4147,1879.0,6,0,1,0,3.0,0
1.04,66,0,0.7524,1964.0,8,0,1,0,1.0,0
0.4624,40,0,0.5393,6335.0,12,0,0,0,1.0,0
0.5858,40,0,0.4791,5993.0,6,0,2,0,0.0,0
0.3427,56,0,0.1191,9804.0,7,0,2,0,2.0,1
0.1976,70,0,0.2692,4968.0,11,0,1,0,1.0,0
0.3845,45,0,0.9238,9189.0,9,0,1,0,2.0,0
0.2888,65,0,0.1427,,6,0,1,0,0.0,0
0.4773,57,0,0.4252,,9,0,0,0,0.0,0
2.0625,48,0,0.5743,6030.0,10,0,2,0,0.0,0
0.3035,62,0,0.1543,11489.0,6,0,0,0,1.0,0
0.493,41,0,0.1822,5779.0,2,0,1,0,0.0,0
0.3006,66,0,0.835,,8,0,2,0,0.0,0
0.6901,49,0,0.7675,3011.0,7,0,2,0,0.0,0
0.432,62,0,0.3103,5225.0,11,0,0,0,1.0,0
2.247,55,0,0.6087,3038.0,8,0,2,0,2.0,0
5.4415,53,0,0.2468,4875.0,7,0,1,0,0.0,0
0.5964,21,0,0.2163,8479.0,8,0,0,0,1.0,0
0.7006,44,0,0.747,6845.0,8,0,1,0,,0
1.2846,38,0,0.1277,6783.0,7,0,0,0,0.0,0
0.0186,60,0,0.1366,16287.0,14,0,2,0,1.0,0
0.153,49,0,0.2411,5512.0,13,0,0,0,0.0,0
1.1516,29,0,0.6154,3742.0,9,0,0,0,3.0,0
0.4567,60,0,0.3848,,8,0,0,0,0.0,0
0.2225,50,0,0.6453,11776.0,13,0,0,0,1.0,0
0.5052,51,0,0.7326,5346.0,11,0,2,0,0.0,0
1.0636,58,0,0.749,5908.0,8,0,0,0,1.0,0
0.2607,56,0,0.1332,1651.0,8,0,2,0,1.0,0
0.3351,80,0,0.3877,4302.0,6,0,0,0,0.0,0
0.074,65,0,0.2922,3700.0,4,0,2,0,0.0,0
0.4985,53,0,0.3977,,12,0,0,0,0.0,0
0.2507,57,0,0.6983,6430.0,7,0,0,0,1.0,0
1.9732,49,0,0.3342,5661.0,7,0,1,0,1.0,0
3.1522,45,0,0.1955,3936.0,10,0,0,0,3.0,0
0.9919,64,0,0.5303,,9,0,2,0,1.0,1
0.5213,75,0,0.2685,3070.0,11,0,1,0,0.0,0
0.4397,50,0,0.47,,5,0,1,0,2.0,0
0.2097,60,0,0.1394,5371.0,14,0,2,0,1.0,0
0.0785,39,0,1.3971,,5,0,0,0,1.0,0
0.2917,61,0,0.4626,4248.0,8,0,0,0,2.0,0
0.3356,39,0,0.2052,8412.0,8,0,1,0,0.0,0
0.6506,55,0,0.1169,6131.0,4,0,0,0,4.0,0
0.513,58,0,0.0852,,10,0,1,0,1.0,0
0.3534,70,0,0.0341,,9,0,1,0,1.0,0
0.9913,23,2,0.9356,12361.0,11,1,0,0,0.0,0
0.0709,74,0,0.533,2875.0,6,0,2,0,3.0,0
0.1779,69,0,0.4168,2628.0,8,0,1,0,,0
0.0333,59,0,0.2334,7446.0,6,0,0,0,1.0,0
0.1986,48,0,0.5157,6510.0,5,0,1,0,0.0,0
0.6969,67,0,0.3483,5585.0,5,0,0,0,0.0,0
0.7336,78,0,0.3349,9795.0,21,0,0,0,1.0,1
0.8848,48,0,0.3078,2284.0,5,0,4,0,1.0,0
0.1137,72,0,0.4299,6023.0,11,0,0,0,1.0,0
0.2567,66,0,0.3046,1757.0,6,0,1,0,1.0,0
5.9481,70,0,0.7371,2027.0,6,0,1,0,,0
0.5479,63,0,0.8482,3307.0,9,0,1,0,0.0,1
0.8379,52,0,0.3783,6233.0,7,0,0,0,1.0,0
2.9949,36,0,0.4654,,6,0,2,0,2.0,1
0.4056,45,0,0.2123,,14,0,1,0,,0
1.4742,62,0,0.3805,2915.0,4,0,1,0,0.0,0
0.238,49,0,0.6726,,4,0,1,0,0.0,0
0.1225,25,0,0.5241,,9,0,2,0,0.0,0
0.6776,44,0,0.3054,,5,0,1,0,1.0,0
0.2501,37,0,0.3492,,6,0,1,0,0.0,0
1.3871,56,1,0.3695,6897.0,6,0,1,0,0.0,0
0.0196,64,0,0.1441,5040.0,5,0,3,0,2.0,0
0.1628,55,0,0.2883,6109.0,5,0,0,0,1.0,0
0.3436,31,0,0.4035,11145.0,8,0,0,0,2.0,0
0.6707,47,0,0.4282,8294.0,12,0,0,0,1.0,0
0.1207,37,0,1.3279,4713.0,5,0,0,0,1.0,0
0.7459,50,0,0.2023,3217.0,4,0,1,0,0.0,0
0.1864,63,0,1.236,,6,0,0,0,0.0,0
0.0261,54,0,0.1035,6703.0,12,0,1,0,0.0,0
0.5278,53,0,0.5997,,10,0,0,0,2.0,0
0.3284,74,0,0.2772,7516.0,8,0,2,0,1.0,1
0.1598,40,0,0.3216,6281.0,13,0,1,0,1.0,0
0.2566,68,0,0.3554,5038.0,9,0,2,0,0.0,0
0.8225,48,0,0.2999,3133.0,10,0,0,0,0.0,0
0.229,87,0,0.0464,2322.0,5,0,2,0,1.0,0
0.3848,56,0,0.392,,9,0,0,0,1.0,0
0.4466,27,0,0.3099,,10,0,2,0,1.0,0
0.3254,47,0,0.3618,10690.0,6,0,1,0,2.0,0
2.5552,34,0,0.5036,4677.0,11,0,0,0,0.0,0
0.2167,82,0,0.1444,,8,0,0,0,1.0,0
0.1528,42,0,0.1794,3410.0,8,0,0,0,0.0,0
0.1353,70,0,0.6636,5141.0,11,0,1,0,0.0,0
0.0376,66,0,0.5747,5861.0,8,0,0,0,0.0,0
0.1275,36,0,0.1533,5533.0,10,0,1,0,2.0,0
0.2402,31,0,0.2288,5555.0,9,0,1,0,1.0,0
0.0992,66,0,0.4138,4531.0,9,0,0,0,1.0,0
0.6307,47,0,0.1697,5028.0,11,0,2,0,1.0,0
1.8669,52,0,0.2637,2806.0,13,0,2,0,0.0,0
0.2344,54,0,0.4404,2495.0,6,0,1,0,1.0,0
0.5367,21,0,0.4935,8437.0,9,0,1,0,0.0,0
0.369,51,0,0.1802,,8,0,2,0,0.0,0
0.5623,68,0,0.0773,10367.0,5,0,4,0,1.0,0
1.6951,27,0,0.458,3515.0,7,0,2,0,2.0,0
0.7648,63,0,0.2093,,8,0,1,0,1.0,0
0.0075,49,0,0.347,13543.0,7,0,2,0,0.0,0
0.0256,36,0,0.4016,,10,0,1,0,1.0,0
0.8025,57,0,0.8337,,4,0,1,0,0.0,1
0.0544,52,0,0.2839,9265.0,8,0,1,0,1.0,0
0.5809,71,0,0.2231,2639.0,8,0,1,0,1.0,0
0.7929,44,0,0.4785,1916.0,10,0,0,0,1.0,0
0.0966,70,0,0.2838,23613.0,12,0,1,0,0.0,0
0.5512,51,1,0.5187,2982.0,6,1,1,0,0.0,0
0.2081,58,0,0.1678,2133.0,13,0,1,0,0.0,0
0.8047,47,0,0.0558,2333.0,7,0,1,0,1.0,0
0.3383,39,1,0.3221,16647.0,11,0,1,0,0.0,0
1.8865,65,0,0.5885,4255.0,6,0,2,0,0.0,0
0.2479,51,0,0.1755,,4,0,1,0,2.0,0
1.7748,47,0,0.449,2127.0,9,0,0,0,2.0,0
0.3814,66,0,0.5698,3594.0,9,0,1,0,0.0,0
0.629,73,0,0.5194,8826.0,4,0,2,0,,0
0.0687,45,0,0.2693,6129.0,7,0,1,0,0.0,0
0.431,75,0,0.5153,4065.0,10,0,0,0,0.0,1
0.6303,41,0,0.5018,3891.0,11,0,1,0,0.0,0
0.7105,55,0,0.4646,11571.0,9,0,1,0,0.0,0
0.5777,64,0,0.4472,,15,0,2,0,2.0,0
0.7517,21,0,0.4823,2821.0,9,0,0,0,1.0,0
0.1652,38,0,0.2203,3144.0,10,0,0,0,2.0,0
0.637,46,0,0.459,5104.0,5,0,1,0,1.0,0
0.0176,56,0,0.3457,,8,0,2,0,0.0,0
0.7597,52,0,0.6494,12729.0,3,0,1,0,0.0,0
1.7675,21,0,0.4751,,7,0,1,0,2.0,1
2.0395,46,0,0.4136,4196.0,8,0,0,0,0.0,0
1.3308,30,0,0.7261,,10,0,2,0,0.0,0
0.8611,43,0,0.622,6313.0,6,0,3,0,0.0,0
0.2525,47,0,0.7671,,12,0,0,0,2.0,0
1.6717,55,0,0.0984,4556.0,16,0,0,0,1.0,0
0.1608,46,0,0.5616,4449.0,6,0,0,0,2.0,0
2.9022,52,0,0.9351,2993.0,8,0,1,0,1.0,0
0.3321,44,0,0.6897,8280.0,10,0,0,0,0.0,0
0.1344,56,0,0.731,,10,0,2,0,1.0,0
0.9874,34,0,0.679,1476.0,12,0,1,0,,0
0.9173,51,0,0.7746,11978.0,10,0,1,0,1.0,0
0.4293,36,0,0.5824,7864.0,8,0,0,0,1.0,0
0.0078,46,0,0.2425,8648.0,6,0,0,0,1.0,0
1.0611,55,0,0.2678,10162.0,10,0,0,0,0.0,0
0.2214,39,0,0.923,6217.0,15,0,0,0,1.0,0
0.9117,50,0,0.4809,9889.0,8,0,2,0,0.0,0
0.3369,47,0,0.7992,5016.0,9,0,3,0,1.0,0
0.3436,81,0,0.8663,9053.0,3,0,4,0,0.0,0
0.2468,57,0,0.8224,4092.0,9,0,0,0,0.0,0
0.6371,59,0,0.6006,3562.0,6,0,2,0,2.0,0
1.3195,39,0,0.2043,5172.0,10,0,0,0,1.0,0
0.5511,21,0,0.5155,5768.0,8,0,0,0,1.0,0
0.2064,43,0,0.2824,8016.0,9,0,0,0,1.0,0
2.1736,29,0,0.709,2946.0,10,0,0,0,0.0,1
0.4961,55,0,0.2968,9809.0,10,0,1,0,1.0,0
0.1814,55,0,0.2073,16824.0,7,0,1,0,2.0,0
0.0929,55,0,0.7853,,3,0,0,0,2.0,0
0.7901,51,0,0.6588,6881.0,11,0,0,0,0.0,0
0.1713,39,0,0.6172,16951.0,10,0,1,0,2.0,0
0.5095,41,0,0.2606,4476.0,3,0,0,0,3.0,0
0.0505,57,0,0.5363,,6,0,1,0,1.0,0
0.1988,79,0,0.9108,,7,0,3,0,0.0,0
3.6884,55,0,0.9352,,7,0,0,0,1.0,0
0.2466,57,0,0.2642,11180.0,7,0,1,0,1.0,0
0.3747,78,0,0.8034,1989.0,8,0,1,0,1.0,0
0.0777,51,0,0.5902,8964.0,7,0,1,0,,0
4.4269,38,0,0.4702,2658.0,4,0,0,0,0.0,1
0.3507,57,0,0.335,10410.0,5,0,0,0,1.0,0
1.5044,75,0,0.7788,5339.0,6,0,1,0,0.0,0
0.1351,64,0,0.754,4489.0,10,0,2,0,2.0,0
0.0518,55,2,1.0352,,8,0,1,0,1.0,0
0.9415,25,0,0.4646,,7,0,0,0,0.0,0
10.29,30,1,0.7023,4461.0,7,1,0,0,1.0,0
0.4047,57,0,0.1219,,8,0,1,0,2.0,0
0.1071,47,0,0.2552,10148.0,4,0,0,0,,0
0.1872,51,0,0.395,6295.0,9,0,2,0,1.0,0
0.3448,66,0,0.3564,3121.0,9,0,1,0,1.0,0
0.1316,34,0,0.2376,6358.0,4,0,1,0,0.0,0
0.2007,43,0,0.8408,,16,0,0,0,1.0,0
0.4518,69,0,0.49,9324.0,11,0,2,0,1.0,0
0.0501,34,0,0.6831,18523.0,13,0,1,0,1.0,0
2.1669,68,0,0.9433,1877.0,8,0,0,0,0.0,0
0.1025,57,0,0.7753,,11,0,2,0,1.0,0
0.3786,50,0,0.2146,5347.0,9,0,1,0,0.0,0
0.0887,54,0,0.644,,7,0,0,0,2.0,0
0.3056,57,0,1.0804,3452.0,9,0,2,0,1.0,0
7.5867,61,0,0.2697,,9,0,3,0,3.0,0
0.7469,23,0,0.4743,6564.0,12,0,0,0,0.0,0
0.0723,70,0,0.658,1882.0,9,0,0,0,1.0,0
0.0173,55,0,0.2538,7008.0,3,0,0,0,0.0,0
0.2973,68,0,0.7432,8501.0,8,0,2,0,,0
1.7661,58,0,0.482,3608.0,7,0,1,0,1.0,0
0.3903,83,0,0.4709,,8,0,2,0,0.0,0
0.2473,42,0,0.9234,2145.0,5,0,3,0,1.0,0
0.4937,75,1,0.6723,,8,0,1,0,,0
0.2374,40,0,0.175,4239.0,7,0,2,0,2.0,0
0.1634,60,0,0.0376,8192.0,12,0,0,0,1.0,0
0.6279,67,0,0.5601,8803.0,8,0,0,0,1.0,0
0.2991,52,0,1.0976,,9,0,2,0,0.0,0
0.1063,25,0,0.1212,8917.0,6,0,0,0,1.0,0
0.3522,54,0,0.0663,1985.0,8,0,0,0,0.0,0
0.1472,45,0,0.3167,4321.0,5,0,1,0,3.0,0
0.4909,65,0,0.0299,8815.0,9,0,0,0,1.0,0
0.3725,40,0,0.3751,9395.0,8,0,0,0,1.0,0
0.6625,44,0,0.7176,2358.0,6,0,1,0,1.0,0
0.4846,43,0,1.0383,4893.0,11,0,2,0,0.0,0
0.2613,48,0,0.1866,7130.0,6,0,0,0,2.0,0
0.6586,53,0,0.0352,5079.0,7,0,3,0,0.0,0
0.2804,60,0,0.8435,,8,0,3,0,1.0,0
0.1017,59,0,0.518,22991.0,5,0,1,0,2.0,0
7.019,34,0,0.3988,2479.0,8,0,1,0,2.0,0
1.2383,40,0,0.4576,5336.0,10,0,0,0,0.0,0
0.548,44,0,0.3952,8588.0,8,0,0,0,0.0,0
0.7285,47,0,0.3528,5009.0,6,0,1,0,1.0,0
0.8326,40,0,0.5012,8922.0,8,0,1,0,0.0,0
0.6946,42,0,0.2171,7731.0,3,0,0,0,1.0,0
0.7559,70,0,0.601,2399.0,7,0,1,0,0.0,1
1.0698,56,0,0.8252,3391.0,12,0,0,0,1.0,1
0.1956,37,0,0.3628,16439.0,5,0,2,0,1.0,0
0.1203,58,0,0.6943,5459.0,8,0,1,0,1.0,0
0.4183,46,0,1.0452,1577.0,17,0,1,0,0.0,0
8.0934,78,0,0.8201,4084.0,13,0,1,0,1.0,0
1.3784,43,1,0.2311,3337.0,8,0,1,0,1.0,0
2.0457,45,0,0.317,,5,0,3,0,1.0,0
0.7577,48,0,0.5651,11318.0,5,0,1,0,0.0,0
0.1201,37,1,0.3009,2625.0,8,0,0,0,1.0,0
0.2953,58,0,0.5861,5171.0,5,0,0,0,2.0,0
0.0203,53,0,1.1324,3349.0,13,0,1,0,1.0,0
0.1229,57,0,0.068,14922.0,6,0,1,0,1.0,0
0.3623,52,0,0.2177,17483.0,10,0,1,0,0.0,0
0.4742,55,0,0.4523,7577.0,8,0,0,0,0.0,0
1.4061,75,0,0.6389,7372.0,9,0,0,0,1.0,0
0.3334,60,0,0.3053,3097.0,7,0,0,0,0.0,0
0.83,27,0,1.0893,8981.0,8,0,2,0,0.0,0
0.4198,56,0,0.159,,7,0,0,0,0.0,0
0.4194,68,0,1.1359,3992.0,11,0,1,0,0.0,0
8.0487,21,0,0.6148,,10,0,0,0,0.0,1
0.2901,36,0,0.8861,5018.0,4,0,2,0,2.0,0
0.0116,60,0,0.3025,3747.0,10,0,0,0,1.0,0
0.1738,66,0,0.539,,8,0,1,0,0.0,0
0.1606,54,0,0.7102,5721.0,6,0,1,0,1.0,0
0.4617,58,0,0.8964,10383.0,3,0,2,0,1.0,0
0.2792,71,0,0.5912,10111.0,13,0,1,0,1.0,0
7.1132,45,0,0.7267,2232.0,3,0,0,0,1.0,0
0.3442,39,1,0.1783,6806.0,8,0,0,0,0.0,0
1.1475,48,0,0.9247,6376.0,5,0,2,0,1.0,0
0.1861,54,0,0.117,,11,0,1,0,1.0,0
0.3322,56,2,0.2638,4281.0,5,0,0,0,3.0,0
0.4403,63,2,0.6098,1760.0,12,0,3,0,2.0,0
6.5947,75,0,0.2081,9676.0,7,0,2,0,0.0,0
1.4114,55,0,0.2176,,10,0,1,0,1.0,0
0.1314,34,0,0.0681,16270.0,15,0,3,0,0.0,0
0.7637,41,0,0.402,5376.0,10,0,1,0,1.0,0
2.147,54,0,0.558,,10,0,0,0,1.0,0
0.941,72,0,0.1034,6662.0,11,0,4,0,1.0,0
0.0859,61,0,0.4885,4352.0,7,0,1,0,0.0,0
0.8212,40,0,0.4595,2521.0,3,0,1,0,1.0,0
0.2086,43,0,0.7724,3545.0,10,0,2,0,0.0,0
0.3288,48,4,0.1735,2594.0,9,0,0,1,2.0,0
0.1198,53,0,0.5845,10160.0,4,0,1,0,0.0,0
0.8421,48,1,0.219,4008.0,8,1,0,0,1.0,0
0.3123,40,0,0.6543,2738.0,9,0,2,0,1.0,0
0.4566,41,0,0.4178,,9,0,0,0,0.0,1
1.0173,51,0,0.4631,1894.0,12,0,0,0,0.0,0
0.4185,55,0,0.4304,18969.0,13,0,1,0,0.0,0
0.1984,38,0,0.3245,4254.0,8,0,1,0,0.0,0
0.1792,56,0,0.3616,10781.0,7,0,0,0,1.0,0
3.0615,77,0,0.2464,,14,0,0,0,0.0,1
0.7124,55,0,0.9619,,8,0,2,0,2.0,1
0.0385,56,0,0.6913,27698.0,8,0,1,0,1.0,0
6.3958,33,0,0.2342,11143.0,14,0,0,0,0.0,0
0.3438,62,0,0.8727,9320.0,7,0,0,0,0.0,0
0.307,44,0,0.3182,7132.0,9,0,2,0,1.0,0
1.0404,67,0,0.7168,6136.0,9,0,0,0,,0
1.0942,77,0,0.9704,8855.0,8,0,2,0,0.0,0
0.9611,43,0,0.3728,,4,0,0,0,1.0,0
0.4546,43,0,0.6864,4740.0,9,0,0,0,1.0,0
1.6061,59,0,0.4492,4397.0,8,0,0,0,1.0,0
0.3854,34,0,0.5264,2618.0,12,0,1,0,1.0,0
0.7085,53,0,0.3992,,7,0,2,0,0.0,0
0.1038,48,0,0.3648,,5,0,1,0,2.0,0
2.3311,51,0,0.5,10623.0,7,0,2,0,0.0,0
0.0788,24,0,0.5861,2132.0,8,0,0,0,0.0,0
5.005,59,0,0.8181,10697.0,7,0,0,0,0.0,0
0.675,86,0,0.738,3503.0,7,0,1,0,1.0,0
0.5152,46,0,1.0654,2240.0,8,0,3,0,0.0,0
0.3011,32,0,0.5593,,6,0,0,0,1.0,0
1.107,63,0,0.6808,,8,0,1,0,1.0,0
2.5762,40,0,0.105,,9,0,2,0,0.0,0
0.487,52,0,0.3635,18536.0,8,0,0,0,0.0,0
0.0918,42,0,0.4632,5320.0,11,0,0,0,0.0,0
1.836,32,0,0.1895,,4,0,0,0,0.0,0
0.2653,56,0,0.4304,6109.0,7,0,1,0,,0
0.0099,42,0,0.8145,4185.0,7,0,2,0,0.0,0
0.6918,30,0,0.5394,1929.0,12,0,1,0,,0
0.6691,56,0,0.582,,6,0,4,0,0.0,0
0.0949,92,1,0.6151,,7,0,1,0,1.0,0
0.2072,66,0,0.1631,13788.0,7,0,0,0,0.0,0
0.1475,51,0,0.6016,,11,0,0,0,0.0,0
3.3639,94,0,0.315,13734.0,11,0,0,0,1.0,0
0.1406,27,0,0.2128,3609.0,8,0,0,0,1.0,0
0.166,60,0,0.5933,3819.0,1,0,1,0,0.0,0
0.6919,78,0,0.3747,,9,0,0,0,0.0,0
0.2072,38,0,0.3671,2280.0,8,0,1,0,1.0,0
0.073,56,0,0.0874,7473.0,3,1,3,1,1.0,1
0.4771,43,0,0.2259,6175.0,11,0,4,0,0.0,0
0.6016,47,0,0.6695,,7,0,2,0,0.0,0
0.2669,58,0,0.2589,4768.0,4,0,1,0,0.0,0
3.8356,27,0,0.0616,3200.0,11,0,1,0,0.0,1
0.5007,38,0,0.1043,6452.0,10,0,0,0,1.0,0
0.9228,53,1,0.1542,,8,0,1,1,0.0,0
0.335,27,0,0.1209,5244.0,3,0,2,0,2.0,0
0.526,47,0,0.6855,8942.0,7,0,1,0,0.0,0
5.6489,31,0,0.3615,3390.0,4,0,1,0,2.0,0
0.4561,32,0,0.5486,5228.0,6,0,1,0,1.0,0
1.2642,65,3,0.4104,6566.0,7,0,1,0,0.0,0
0.0427,53,0,0.2185,5922.0,4,0,1,0,0.0,0
0.1315,49,0,0.4249,7635.0,4,0,0,0,1.0,0
0.7215,46,0,0.6877,3571.0,6,0,1,0,2.0,0
0.2241,56,0,0.7529,,7,0,2,0,1.0,0
0.5395,45,0,0.6415,,11,0,1,0,4.0,0
1.0872,41,0,0.1649,,4,0,0,0,2.0,0
0.1192,67,0,0.6695,3196.0,5,0,0,0,0.0,0
1.179,43,1,0.9284,4217.0,7,0,0,1,0.0,0
0.558,71,0,0.7638,10441.0,10,0,1,0,,0
0.7974,44,0,0.4607,7301.0,4,0,0,0,4.0,0
6.2174,63,0,0.432,,8,0,0,0,0.0,0
0.04,56,0,0.1458,,5,0,0,0,1.0,0
2.0482,60,0,0.5777,4115.0,12,0,1,0,1.0,0
0.2726,56,0,0.3896,6307.0,8,0,1,0,0.0,0
0.9344,62,0,0.3896,1150.0,5,0,1,0,0.0,0
0.0956,72,0,0.0291,2434.0,4,0,1,0,0.0,0
0.0293,40,0,0.705,4984.0,10,0,2,0,2.0,0
0.3066,73,0,0.37,,9,0,2,0,,0
0.2412,48,0,0.4054,9524.0,12,0,1,0,1.0,0
4.625,27,1,0.9946,6282.0,14,0,2,0,4.0,0
0.3853,62,0,0.7008,6086.0,6,0,1,0,,0
0.9981,64,0,0.1074,9406.0,7,2,0,0,0.0,0
0.3974,59,0,0.6205,3299.0,5,0,0,0,0.0,0
3.5147,47,2,0.5262,2420.0,10,0,0,0,2.0,0
2.0664,39,0,0.7149,2759.0,7,0,1,0,0.0,0
7.5214,45,1,0.6297,,12,0,2,0,2.0,0
0.9508,54,0,0.5698,12451.0,3,0,1,0,3.0,0
0.5283,48,0,0.5498,9067.0,10,0,2,0,1.0,0
2.6465,37,0,0.9179,2574.0,12,0,1,0,0.0,0
4.6157,48,0,0.5759,10256.0,8,0,0,0,1.0,0
0.7126,40,0,0.0911,7792.0,10,0,2,0,0.0,0
0.436,43,0,0.6919,2024.0,10,0,2,0,0.0,1
0.471,62,0,0.9077,10343.0,10,0,1,0,2.0,0
0.2081,35,0,0.7215,2662.0,9,0,2,0,1.0,0
2.2139,57,0,0.7783,1593.0,8,0,0,0,2.0,0
2.8071,44,0,0.4058,4739.0,11,0,2,0,1.0,0
0.1625,56,0,0.143,5002.0,8,0,2,0,0.0,0
0.1664,39,0,0.5073,4348.0,12,0,0,0,2.0,0
0.3894,49,0,0.8006,9994.0,5,0,1,0,0.0,0
0.6663,40,0,0.4927,4531.0,16,0,0,0,1.0,0
0.4344,56,0,0.9384,,8,0,1,0,1.0,0
0.5168,26,0,0.5549,4926.0,12,0,0,0,0.0,0
0.44,51,0,0.619,17101.0,8,0,0,0,1.0,0
1.8092,33,1,0.4271,,6,0,1,0,3.0,0
0.0179,43,0,0.7995,3310.0,10,0,1,0,0.0,0
0.2155,47,0,0.467,7880.0,9,0,0,0,0.0,0
6.4891,62,0,0.5425,,5,0,0,0,,0
0.557,28,0,0.3252,9921.0,13,0,1,0,1.0,1
0.8347,26,0,0.7002,5270.0,13,0,2,0,0.0,1
0.4211,68,0,0.5462,,3,0,2,0,0.0,1
0.0966,47,0,0.8377,10903.0,8,0,1,0,2.0,0
0.3663,27,0,0.5341,,6,0,1,0,0.0,0
0.0601,46,0,1.0509,7486.0,9,0,1,0,0.0,0
0.0706,45,0,0.3681,4231.0,5,0,3,0,1.0,0
2.2499,44,0,0.6523,9939.0,10,0,0,0,0.0,0
0.0266,55,0,0.2462,6241.0,10,0,0,0,2.0,0
0.2434,28,0,0.1816,,6,0,2,0,1.0,0
5.3637,52,0,0.5046,9565.0,7,0,3,0,0.0,0
0.5114,45,0,0.6879,4422.0,12,0,0,0,2.0,0
0.1024,51,0,0.5225,7051.0,7,0,0,0,2.0,0
0.4488,64,0,0.4257,,5,0,2,0,1.0,0
0.8722,66,0,0.6495,,10,0,1,0,0.0,0
0.7746,74,0,0.3747,7844.0,4,0,3,0,1.0,0
0.2622,25,0,0.7818,,4,0,2,0,,0
0.3309,57,0,0.2091,9744.0,7,0,1,0,0.0,0
0.3615,62,0,0.3067,3858.0,7,0,0,0,0.0,0
1.7461,43,0,0.5634,5088.0,7,0,1,0,2.0,0
0.0565,51,0,0.0248,2077.0,5,0,0,0,1.0,0
0.125,70,0,0.4641,1764.0,5,0,0,0,1.0,0
0.5537,49,0,0.2716,,8,0,0,0,0.0,0
0.1043,70,0,0.0979,4905.0,11,0,0,0,1.0,0
0.394,51,0,0.8068,,6,0,0,0,0.0,0
0.0852,58,0,0.4823,,7,0,0,0,3.0,0
0.1119,64,0,0.4557,7556.0,6,0,1,0,2.0,0
0.2148,36,0,0.7289,1228.0,11,0,3,0,0.0,0
0.7181,58,0,0.0944,,13,0,1,0,0.0,0
0.547,45,0,0.5446,,8,0,0,0,2.0,0
0.6364,69,0,0.8006,7486.0,10,0,1,0,1.0,0
0.4582,47,0,0.455,9917.0,8,0,2,0,1.0,0
0.3404,47,0,0.4912,5321.0,8,0,1,0,0.0,0
0.4183,40,0,0.5335,16565.0,9,0,1,0,1.0,0
0.1988,51,0,0.1132,7493.0,10,0,0,0,0.0,0
0.6792,59,0,0.4589,5658.0,13,0,0,0,2.0,0
0.5321,53,0,0.8081,6964.0,9,0,2,0,0.0,0
0.3659,83,0,0.525,,10,0,1,0,0.0,0
1.8141,46,0,1.034,2663.0,7,0,1,0,1.0,0
0.8002,40,0,0.8587,8957.0,6,0,0,0,1.0,0
0.3159,50,0,0.277,7442.0,6,0,1,0,0.0,0
0.7496,57,0,0.4198,5070.0,6,0,3,0,1.0,0
0.2214,34,0,1.0391,8017.0,6,0,1,0,0.0,0
0.3162,70,0,0.4081,6302.0,6,0,1,0,0.0,1
0.2359,48,0,0.4442,4908.0,3,0,0,0,1.0,0
1.1023,76,1,0.4878,3349.0,10,0,1,0,3.0,0
0.3208,71,0,0.1325,,6,0,1,0,1.0,0
0.0491,61,0,0.4605,3406.0,10,0,1,0,0.0,1
0.775,52,0,0.4438,4616.0,10,0,0,0,2.0,0
0.2665,38,0,0.0918,17307.0,13,0,2,0,1.0,0
0.2375,43,0,1.015,3520.0,9,0,1,0,1.0,0
0.2584,37,0,0.7946,,12,0,0,0,1.0,0
0.1178,36,0,0.1013,9154.0,8,0,1,0,0.0,0
0.3278,56,0,0.563,27333.0,9,0,1,0,2.0,0
0.8438,57,0,0.5507,3678.0,9,0,2,0,1.0,0
0.7321,30,0,0.2585,10327.0,7,0,1,0,1.0,0
1.1879,45,0,0.3808,,6,0,0,0,1.0,0
0.5101,41,0,0.5231,4120.0,9,0,0,0,3.0,0
0.2267,72,0,0.2095,2252.0,10,0,1,0,0.0,0
0.1729,23,0,0.5816,2085.0,12,0,1,0,0.0,0
0.6873,79,0,0.542,7146.0,5,0,1,0,1.0,0
0.2285,60,0,0.6643,8575.0,8,0,1,0,0.0,0
0.1576,21,0,0.3216,4117.0,5,0,2,0,0.0,0
0.0891,43,0,0.2791,5223.0,7,0,0,0,2.0,0
0.9379,58,0,0.2525,7934.0,7,0,0,0,1.0,0
3.4139,42,0,0.1119,7667.0,5,0,1,0,1.0,0
0.2193,48,0,0.4451,21546.0,10,0,0,0,0.0,0
0.5366,84,0,0.4104,8750.0,11,0,2,0,0.0,0
0.4813,46,0,0.2819,14848.0,11,0,1,0,0.0,0
0.1094,37,0,0.3263,3988.0,6,0,0,0,1.0,0
0.1026,65,0,0.1777,,7,0,0,0,1.0,0
0.78,32,0,0.4679,5855.0,6,0,0,0,0.0,0
0.7672,62,0,0.1908,13346.0,7,0,0,0,2.0,0
0.2455,60,0,0.0843,,7,0,1,0,0.0,0
7.3868,78,0,0.2003,14176.0,8,0,0,0,2.0,0
0.1339,58,0,0.4752,3386.0,10,0,0,0,0.0,0
0.8162,49,0,0.3431,2091.0,2,0,2,0,0.0,0
0.3212,52,0,0.1246,9636.0,7,0,0,0,0.0,0
0.807,82,0,0.2277,8113.0,13,0,2,0,1.0,0
0.2407,53,1,0.4896,3424.0,12,0,2,0,0.0,0
0.5542,49,0,0.7307,2909.0,7,0,1,0,0.0,0
0.1584,51,0,0.5935,5342.0,10,0,1,0,1.0,0
2.1461,59,0,0.2706,,14,0,1,0,1.0,0
0.5839,47,0,0.4944,3321.0,9,0,1,0,3.0,0
0.4206,38,0,0.8227,10100.0,9,0,2,0,1.0,0
0.8989,43,0,0.042,13165.0,6,0,1,0,0.0,0
0.1818,40,0,0.2414,,4,0,1,0,1.0,0
0.5677,50,0,0.3387,,11,0,1,0,0.0,0
0.2506,43,0,0.1969,2712.0,11,0,0,0,0.0,0
0.3418,49,0,1.1393,,9,0,1,0,0.0,0
0.3299,50,0,0.256,2616.0,6,0,2,0,0.0,0
0.0636,56,0,0.6089,2199.0,7,0,2,0,1.0,0
0.313,39,0,0.3231,6003.0,8,0,1,0,0.0,0
0.2788,76,0,0.9176,11066.0,3,0,2,0,0.0,0
0.313,69,0,0.7285,2265.0,7,0,1,0,2.0,0
0.5037,60,0,0.7264,,10,0,0,0,0.0,0
0.0019,62,0,0.8055,,10,0,1,0,1.0,0
0.2958,36,0,0.3854,14525.0,8,0,0,0,0.0,0
0.4863,44,0,0.4847,9491.0,7,0,1,0,1.0,0
0.6605,45,0,0.7959,2352.0,8,0,0,0,2.0,0
0.3401,32,0,0.7665,10049.0,4,0,0,0,,0
0.7815,47,0,0.8271,,11,0,1,0,,0
2.2961,84,0,0.7479,6888.0,6,0,0,0,0.0,0
0.5083,53,0,0.1149,,11,0,0,0,0.0,0
0.4595,73,0,0.3634,9859.0,10,0,0,0,2.0,0
0.1629,72,0,0.7575,2642.0,7,0,1,0,0.0,0
1.2864,39,0,0.5425,7592.0,9,0,1,0,0.0,0
4.8096,53,0,0.4777,3321.0,6,0,1,0,0.0,1
0.0652,46,0,0.8538,,11,0,1,0,0.0,0
4.2066,65,0,0.2188,3199.0,11,0,0,0,0.0,0
0.4807,59,0,0.3714,8163.0,7,0,1,0,2.0,0
0.2899,75,0,0.3416,8553.0,7,0,2,0,0.0,0
3.4907,55,0,0.18,2028.0,9,0,1,0,0.0,0
0.2116,64,0,0.0653,4426.0,7,0,1,0,0.0,0
0.1383,43,0,0.5038,3457.0,7,0,0,0,1.0,0
0.1793,31,0,0.1772,3496.0,5,0,0,0,1.0,0
0.072,61,0,0.3558,7119.0,8,0,3,0,0.0,0
0.3235,54,0,0.22,7278.0,7,0,1,0,1.0,0
0.2306,60,0,0.3112,16022.0,6,0,2,0,0.0,0
0.7639,72,0,0.3277,,6,0,1,0,1.0,1
0.1169,57,0,0.5838,5849.0,4,0,2,0,1.0,0
0.5457,64,0,0.9453,6482.0,9,0,0,0,0.0,0
2.0767,66,1,0.6362,3625.0,10,0,1,0,2.0,0
0.2345,50,0,0.5018,4781.0,7,0,3,0,1.0,0
0.09,44,0,0.8719,2524.0,8,0,2,0,1.0,0
0.6067,80,0,0.2388,14350.0,4,0,1,0,3.0,0
3.4584,57,0,0.1529,6123.0,6,0,0,0,0.0,0
0.5169,56,0,0.9413,,13,0,2,0,0.0,1
0.7799,38,0,0.4935,2554.0,9,0,0,0,3.0,0
0.5551,55,0,0.1847,3709.0,10,0,1,0,,0
0.0916,57,0,0.3638,3828.0,7,0,0,0,1.0,0
0.1883,39,0,0.7294,4624.0,5,0,1,0,1.0,0
0.0527,62,0,0.5657,4537.0,12,0,0,0,0.0,0
0.4729,48,0,0.8294,8185.0,6,0,2,0,3.0,0
0.6428,21,0,0.7514,2680.0,5,0,2,0,1.0,1
0.259,45,1,0.7816,5426.0,9,0,1,0,0.0,0
0.4306,66,0,0.4975,,8,0,2,0,0.0,0
0.565,39,0,0.3338,,8,0,1,0,0.0,0
0.6496,86,0,0.2734,15497.0,9,0,4,0,,0
0.9803,59,0,0.6184,,7,0,0,0,0.0,0
2.3838,83,0,0.3303,,9,0,0,0,0.0,0
0.7368,37,0,0.1509,4472.0,6,0,0,0,1.0,0
0.3149,35,0,0.2271,8282.0,4,0,0,0,1.0,1
0.7987,49,0,0.016,,6,0,0,0,0.0,0
0.505,34,0,0.6593,,7,0,1,0,0.0,0
4.0323,46,2,0.1741,4671.0,12,0,2,2,0.0,0
0.1677,74,1,0.1439,8878.0,12,0,0,0,1.0,1
0.3451,48,0,0.823,14910.0,8,0,1,0,,0
0.7039,30,0,0.2725,4916.0,8,0,1,0,1.0,0
0.1637,56,0,0.4139,3857.0,7,0,1,0,0.0,0
3.5475,71,0,0.2678,,12,0,2,0,2.0,0
0.3406,26,0,0.9054,3164.0,6,0,0,0,2.0,0
0.5275,33,0,0.5608,4821.0,5,0,0,0,0.0,1
1.2492,53,0,1.0169,2217.0,10,0,1,0,1.0,0
0.7937,35,0,1.4318,12593.0,6,0,1,0,0.0,0
0.1039,50,0,0.8136,12095.0,8,0,0,0,1.0,0
0.3914,72,0,0.5994,8779.0,8,0,1,0,2.0,0
0.3455,47,0,0.3194,,9,0,3,0,0.0,0
0.4496,58,0,0.2489,7529.0,7,0,0,0,,0
0.0716,59,0,0.1563,3882.0,11,0,0,0,0.0,0
0.2731,41,0,0.1834,7398.0,9,0,1,0,,0
0.0627,37,0,0.8194,8165.0,11,0,1,0,0.0,0
0.8141,66,0,0.65,1657.0,5,0,2,0,1.0,0
2.8345,53,0,0.509,,4,0,0,1,0.0,0
0.2067,55,0,0.4189,1344.0,8,0,0,0,1.0,0
0.2151,52,3,0.635,10214.0,4,0,0,0,1.0,0
0.0383,50,0,0.255,,9,0,4,0,1.0,0
0.2105,55,0,0.2154,1774.0,9,0,1,0,0.0,0
0.1156,36,0,0.2542,3556.0,11,0,1,0,1.0,0
0.8248,57,0,1.0442,6241.0,7,0,3,0,0.0,0
0.492,38,0,0.3781,2150.0,9,0,1,0,0.0,0
0.1636,85,0,0.3564,6095.0,5,0,1,0,0.0,0
0.5044,61,0,0.0613,4469.0,11,0,1,0,1.0,0
0.807,56,4,0.4478,5235.0,12,0,1,0,0.0,0
3.9567,37,0,0.2774,3412.0,9,0,4,0,0.0,0
0.1738,67,0,0.1951,6216.0,9,0,3,0,0.0,0
0.4762,45,0,0.848,,10,0,1,0,1.0,0
0.6079,60,0,0.484,,6,0,2,0,1.0,0
0.525,43,0,0.6358,,10,0,3,0,1.0,0
0.4492,25,0,0.6885,3195.0,9,0,0,0,2.0,0
0.2941,74,0,0.0143,12331.0,12,0,4,0,1.0,1
0.4102,60,0,0.8269,11986.0,5,0,1,0,0.0,0
0.8894,47,0,0.4989,1307.0,8,0,1,0,2.0,0
0.2034,80,0,0.1562,18487.0,6,0,2,0,0.0,0
0.506,52,0,0.3466,7960.0,6,0,2,0,0.0,0
0.3828,69,0,0.6632,7169.0,5,0,1,0,1.0,0
0.1505,29,0,0.4633,,11,0,0,0,0.0,0
0.2257,47,0,0.7913,6273.0,8,0,0,0,0.0,0
0.2739,48,0,0.8417,4750.0,10,0,2,0,1.0,0
0.2078,38,0,1.0689,3294.0,13,0,2,0,0.0,0
0.2004,40,0,0.4722,3605.0,10,0,1,0,0.0,0
0.0747,54,0,0.2904,2280.0,11,0,0,0,0.0,0
0.4565,50,0,0.3712,,13,0,0,0,0.0,0
0.6443,49,0,0.4021,5931.0,3,0,0,0,0.0,0
1.1835,45,0,0.2761,,10,0,2,0,1.0,1
3.5094,66,0,0.1577,5292.0,5,0,2,0,1.0,0
0.0518,35,0,0.5205,6665.0,9,0,1,0,0.0,0
0.4853,53,2,0.22,7505.0,8,0,1,1,2.0,0
0.0905,46,0,0.5702,,3,0,2,0,1.0,0
0.0732,45,0,0.2294,3212.0,9,0,1,0,1.0,0
0.2298,22,0,0.7494,3354.0,6,0,2,0,2.0,0
0.0502,51,0,0.4348,,7,0,0,0,1.0,0
0.3811,43,0,0.5437,8915.0,9,0,0,0,0.0,0
0.1951,56,0,0.2383,4773.0,5,0,0,0,0.0,0
0.4243,95,0,0.4376,6977.0,16,0,0,0,1.0,0
0.5617,54,0,0.7665,2532.0,3,0,1,0,0.0,0
0.3739,59,0,0.0872,8586.0,12,0,1,0,0.0,0
0.9534,41,0,0.9204,4671.0,8,0,3,0,3.0,0
0.2479,54,0,0.1305,2191.0,10,0,0,0,0.0,0
0.5645,50,0,0.4093,10698.0,4,0,0,0,0.0,0
0.1171,40,0,0.6518,2773.0,12,0,2,0,1.0,0
0.1281,39,0,0.5414,,3,0,1,0,3.0,0
0.2485,59,0,0.7342,5626.0,11,0,0,0,0.0,0
1.3448,43,0,0.7976,9979.0,9,0,2,0,0.0,0
0.7754,39,0,0.7027,5208.0,14,0,0,0,1.0,1
0.2928,70,0,0.2294,,8,0,2,0,0.0,0
0.6518,73,0,1.0171,9329.0,8,0,2,0,0.0,0
0.5389,39,0,0.2349,4885.0,7,0,0,0,0.0,0
0.5494,67,0,0.6606,,11,0,3,0,1.0,0
1.1435,29,0,0.6996,3834.0,10,0,4,0,2.0,1
0.4036,39,0,0.2377,5931.0,3,0,1,0,1.0,0
0.5911,35,0,0.4629,3631.0,4,0,1,0,1.0,0
0.3607,45,0,0.55,,6,0,3,0,3.0,0
0.2252,52,0,0.1112,9359.0,8,0,3,0,0.0,0
2.6849,34,0,0.3956,5681.0,11,0,0,0,0.0,0
0.1328,46,2,0.9841,,10,1,3,0,1.0,0
3.3385,39,4,0.2681,,8,0,0,2,0.0,0
0.4923,55,0,0.4501,,6,0,1,0,0.0,0
0.9733,54,1,0.2101,4711.0,5,0,1,0,1.0,0
0.6702,71,0,0.1906,,9,0,1,0,0.0,0
0.138,27,0,0.0384,,7,0,0,0,0.0,0
0.3608,68,0,0.3673,6503.0,3,0,0,0,0.0,0
0.3727,68,0,0.0831,4866.0,6,0,2,0,0.0,0
0.8073,44,0,0.4723,5285.0,5,0,2,0,0.0,1
0.2159,47,0,0.5795,1596.0,6,0,3,0,0.0,0
0.0847,57,0,0.4086,5444.0,6,0,2,0,0.0,0
1.4058,66,0,0.1428,3725.0,7,0,4,0,1.0,0
0.4229,23,0,0.6732,2960.0,7,0,3,0,1.0,0
0.9113,45,0,0.3119,,5,0,1,0,1.0,0
1.2481,58,0,0.4169,4560.0,4,0,2,0,0.0,0
0.7704,53,0,0.4606,6612.0,14,0,2,0,1.0,0
1.1069,52,0,0.6663,4139.0,8,0,0,0,1.0,0
4.1336,29,0,0.0257,4753.0,8,0,0,0,1.0,0
0.3365,45,0,0.4292,3531.0,15,0,2,0,1.0,0
0.1992,46,0,0.2603,6275.0,15,0,3,0,0.0,0
0.3434,40,0,0.4775,9924.0,12,0,1,0,0.0,0
0.5548,68,0,0.7282,6068.0,10,0,1,0,1.0,0
0.4408,47,0,0.8905,5790.0,6,0,0,0,0.0,0
0.063,40,0,0.5213,1556.0,4,0,1,0,0.0,0
0.5215,79,1,0.2687,8985.0,7,0,1,0,0.0,0
2.991,58,0,0.6593,,8,0,0,0,0.0,1
0.0102,54,0,0.7521,,7,0,0,0,1.0,0
0.373,50,1,0.8039,16122.0,11,0,1,0,0.0,0
0.1666,43,0,0.4453,2150.0,9,0,0,0,1.0,0
0.4457,40,0,0.8166,,10,0,1,0,2.0,0
0.0674,36,0,0.4009,,11,0,0,0,1.0,0
0.1639,47,0,0.5664,4209.0,10,0,1,0,0.0,0
0.6722,31,0,0.2642,7273.0,9,0,0,0,0.0,0
0.0424,65,0,0.5032,20130.0,11,1,2,2,0.0,0
0.6896,43,0,0.2161,6675.0,11,0,0,0,1.0,0
0.52,64,0,0.5041,12845.0,8,0,1,0,1.0,0
0.4689,40,0,0.9596,,9,0,1,0,,0
0.0368,57,0,0.0464,5545.0,7,0,0,0,1.0,0
0.3727,32,0,0.5909,3312.0,11,0,0,0,1.0,0
0.6474,43,0,0.4106,13699.0,3,0,0,0,2.0,0
1.2303,45,0,0.1395,5124.0,6,0,2,0,1.0,0
0.0989,55,0,0.4414,7918.0,8,0,3,0,1.0,0
1.0463,34,0,0.4946,5798.0,8,0,2,0,2.0,0
0.4189,72,0,0.3899,4123.0,8,0,1,0,2.0,0
0.6037,52,0,0.106,3639.0,11,0,0,0,2.0,0
0.0245,51,0,0.5448,9525.0,10,0,0,0,0.0,0
0.0608,32,0,0.779,13781.0,8,0,1,0,1.0,0
0.3424,56,0,0.8153,,7,0,1,0,0.0,0
0.7615,67,0,0.5512,16815.0,9,0,1,0,0.0,0
0.2134,39,0,0.6156,2594.0,12,0,1,0,0.0,0
0.4862,44,0,0.4771,4440.0,13,0,1,0,1.0,0
0.166,48,0,0.284,8719.0,11,0,1,0,0.0,0
0.0082,47,0,0.6505,,7,0,1,0,0.0,0
0.2755,39,0,0.0868,7922.0,5,0,0,0,1.0,0
0.7903,58,0,0.246,4246.0,5,0,0,0,0.0,0
0.5033,68,0,0.9894,7307.0,9,0,0,0,0.0,0
0.1924,51,0,0.2923,8631.0,7,0,0,0,1.0,0
0.5832,39,0,0.4397,2944.0,10,0,0,0,0.0,0
0.1404,36,0,1.1026,2201.0,2,0,0,0,1.0,0
0.379,86,0,0.7883,8161.0,4,0,1,0,2.0,0
0.1865,46,0,0.8935,6484.0,8,0,1,0,1.0,0
0.918,59,0,0.4762,,11,0,0,0,0.0,0
0.0707,29,0,0.1568,17570.0,4,0,0,0,2.0,0
1.0728,41,0,0.8247,,9,0,1,0,0.0,0
0.1097,67,0,0.2587,5541.0,5,0,1,0,0.0,0
0.6661,40,0,0.3902,6620.0,8,0,0,0,3.0,0
0.3891,40,0,0.3382,22819.0,10,0,1,0,,0
0.4902,57,0,0.0786,4816.0,7,0,0,0,0.0,0
0.3817,43,0,0.1324,15928.0,6,0,1,0,0.0,0
0.4471,60,0,0.7024,6845.0,13,0,1,0,1.0,0
0.7107,43,0,0.0847,1791.0,11,0,1,0,0.0,0
0.5474,51,0,0.6408,5130.0,7,0,0,0,0.0,0
0.4285,61,0,0.296,6820.0,10,0,1,0,1.0,0
0.7208,46,0,0.5189,5921.0,6,0,2,0,1.0,0
0.0229,34,0,0.9814,2212.0,6,0,1,0,0.0,0
1.0332,46,0,0.3885,10727.0,9,0,3,0,1.0,0
0.8601,38,0,0.7971,2804.0,10,0,0,0,0.0,0
0.3535,45,0,0.4749,4886.0,9,0,1,0,0.0,0
0.1583,52,0,0.0344,3231.0,6,0,1,0,0.0,0
0.0231,52,0,0.4562,11120.0,10,0,3,0,1.0,0
0.5715,65,0,0.2733,3059.0,9,0,0,0,1.0,0
0.3928,41,0,0.3656,2405.0,7,0,0,0,1.0,0
0.0338,52,0,0.3724,7855.0,14,0,1,0,0.0,0
0.0883,71,0,0.2163,13745.0,6,0,0,0,0.0,0
0.0763,57,0,0.6802,7596.0,9,0,3,0,2.0,0
0.1787,65,0,0.9227,,7,0,1,0,2.0,0
0.6897,51,0,0.8378,,11,0,0,0,2.0,0
0.0617,63,0,0.4594,4117.0,9,0,2,0,0.0,0
13.1937,49,0,0.1348,3113.0,5,0,1,0,0.0,0
0.5391,32,0,0.3208,5711.0,9,0,1,0,0.0,0
0.9551,61,0,0.4632,4602.0,7,0,0,0,1.0,0
1.0857,57,0,0.1012,5473.0,8,0,0,0,1.0,0
0.6449,53,0,0.7175,8923.0,9,0,0,0,0.0,0
0.4895,39,3,1.1009,4836.0,8,0,1,0,1.0,1
1.0048,74,0,0.4294,7266.0,9,0,2,0,0.0,0
0.5476,63,0,0.1642,5319.0,7,0,1,0,0.0,0
0.3313,43,0,0.4175,,4,0,3,0,0.0,0
3.4077,72,0,0.0895,2167.0,6,0,1,0,2.0,1
0.4391,71,0,0.4895,5016.0,10,0,0,0,0.0,0
0.566,49,0,0.1287,7248.0,7,0,2,0,2.0,0
0.3016,40,3,0.5831,20030.0,10,1,0,0,0.0,0
0.243,59,0,0.4146,14279.0,6,0,0,0,1.0,0
0.3299,49,0,0.7398,3427.0,6,0,0,0,0.0,0
0.2041,90,0,0.5866,59133.0,13,0,1,0,0.0,0
0.358,38,0,0.5425,6884.0,4,0,2,0,0.0,0
0.8287,74,0,0.6912,7618.0,10,0,1,0,0.0,0
0.0908,46,0,0.7859,3639.0,10,0,2,0,1.0,0
0.8165,49,0,0.489,4002.0,7,0,2,0,0.0,0
0.0211,40,0,1.3178,1807.0,9,0,1,0,1.0,0
0.2688,54,0,0.5107,4856.0,12,1,1,1,0.0,0
0.7132,40,0,0.196,,7,0,2,0,0.0,1
0.6747,49,0,0.5578,4080.0,8,0,0,0,3.0,0
2.8986,34,0,0.6135,1615.0,9,0,1,0,2.0,0
0.3365,24,0,0.5952,942.0,10,0,1,0,2.0,0
0.4571,49,0,0.499,10328.0,13,0,1,0,2.0,0
0.2541,70,0,0.1411,6557.0,9,0,1,0,0.0,0
0.2496,55,0,0.6675,6532.0,7,0,0,0,1.0,0
0.1875,50,0,0.2139,2748.0,7,0,1,0,2.0,0
0.5022,89,0,0.4164,2949.0,10,0,1,0,0.0,0
0.4175,21,0,0.7157,,16,0,2,0,0.0,0
2.1012,56,0,0.2215,4508.0,12,0,1,0,0.0,0
0.2067,40,1,0.4257,6210.0,4,0,0,0,1.0,1
0.5593,53,0,0.4591,4391.0,9,0,0,0,1.0,1
0.7998,41,0,0.6176,4898.0,10,0,2,0,0.0,0
0.1898,42,0,0.4479,,12,0,2,0,0.0,0
1.6174,56,0,0.1194,,7,0,2,0,0.0,0
0.6077,49,0,0.7232,3687.0,8,0,1,0,0.0,0
0.4646,42,0,0.4484,,11,0,0,0,1.0,0
0.0707,33,0,0.4139,9437.0,9,0,0,0,0.0,0
0.4277,63,0,0.4454,4313.0,8,0,1,0,1.0,0
0.1559,49,0,0.1834,5599.0,7,0,2,0,0.0,0
0.548,35,0,0.4713,,6,0,0,0,1.0,1
0.6025,28,0,0.6416,2917.0,7,0,1,0,0.0,0
0.3322,56,0,0.7262,19254.0,10,0,1,0,2.0,0
0.4666,47,0,0.1473,,13,0,0,0,1.0,0
2.1938,54,0,0.5062,2525.0,5,0,2,0,2.0,0
5.915,87,0,1.0085,,6,0,0,0,0.0,1
0.47,63,0,0.2943,13694.0,9,0,1,0,1.0,0
0.1087,51,0,0.4254,8173.0,6,0,1,0,0.0,0
0.4056,28,0,0.4937,4019.0,9,0,0,0,1.0,0
0.565,75,0,0.5394,,9,0,2,0,1.0,1
0.0968,53,0,0.5266,3897.0,2,0,0,0,0.0,0
0.1224,86,0,0.0792,3811.0,8,0,3,0,0.0,0
0.4509,41,0,0.7971,7607.0,7,0,1,0,0.0,0
1.0028,34,0,0.389,5867.0,7,0,2,0,0.0,0
1.1801,72,0,0.7003,,10,0,1,0,0.0,1
0.6335,55,3,0.2971,8106.0,14,0,0,0,0.0,0
0.2087,69,0,0.6322,7626.0,11,0,0,0,1.0,0
0.471,35,0,0.5864,7454.0,9,0,1,0,0.0,0
0.1131,35,0,0.8992,2611.0,9,0,2,0,0.0,0
0.0283,38,0,0.2058,5266.0,11,0,2,0,0.0,0
0.6812,21,0,0.8025,3361.0,8,0,0,0,0.0,0
0.179,45,0,0.2929,,4,0,0,0,,0
0.729,26,0,0.0428,,7,0,3,0,1.0,0
2.0279,53,2,0.5434,4638.0,10,0,1,0,1.0,0
0.41,51,0,0.5212,8093.0,6,0,0,0,0.0,0
2.7296,39,0,0.1855,6131.0,10,0,1,0,2.0,0
0.0512,59,0,0.5762,4312.0,12,0,2,0,,0
0.2706,54,0,0.1918,4406.0,10,0,3,0,0.0,0
0.7988,71,0,0.8463,3578.0,8,0,1,0,2.0,0
3.3219,78,0,0.2773,3208.0,13,0,0,0,1.0,0
0.6838,54,1,0.2302,,7,2,0,0,1.0,0
0.4078,58,0,0.4743,5187.0,10,0,2,0,0.0,0
0.5845,60,0,0.9792,3897.0,2,0,0,0,0.0,0
0.3786,79,0,0.0918,4804.0,10,0,0,0,0.0,0
1.2819,32,4,0.1738,,12,0,1,0,1.0,0
1.6159,44,0,0.1073,6709.0,6,0,0,0,1.0,0
0.0096,33,0,0.2316,5072.0,11,0,2,0,0.0,0
0.3587,43,0,0.0648,,9,0,1,0,0.0,0
0.1641,47,0,0.2566,,4,0,0,0,1.0,0
0.1293,40,0,0.5878,,7,0,1,0,1.0,0
0.4179,58,1,0.3283,8659.0,6,0,0,0,1.0,0
0.3723,59,0,0.3382,4696.0,9,0,0,0,2.0,0
0.6441,52,0,0.6203,12526.0,11,0,2,0,0.0,0
0.5046,57,0,0.8628,6258.0,6,0,1,0,1.0,0
0.2452,77,0,0.6777,6434.0,4,0,0,0,1.0,0
0.0786,57,1,0.2021,,4,0,1,0,0.0,0
0.6123,33,0,0.6931,4815.0,8,0,1,0,2.0,0
0.4598,41,0,0.8302,4993.0,8,0,2,0,0.0,0
0.374,40,0,0.5426,6395.0,10,0,2,0,0.0,0
0.4276,72,0,0.2311,,5,0,1,0,1.0,0
0.0168,45,1,0.8071,6414.0,5,0,1,0,0.0,0
0.1928,38,0,0.4734,8558.0,8,0,1,0,0.0,0
0.9164,36,0,0.4724,5052.0,7,0,1,0,0.0,0
0.1124,44,0,0.3339,5197.0,7,0,0,0,0.0,0
0.4897,43,0,1.1585,8627.0,6,0,1,0,1.0,0
0.6131,41,0,0.3563,13258.0,9,0,0,0,1.0,0
0.7838,64,0,0.6707,,7,0,2,0,2.0,0
1.1615,48,0,0.6493,,6,0,2,0,2.0,0
0.5757,51,0,0.4518,9652.0,8,0,2,0,1.0,0
0.4307,62,0,1.0185,,14,0,1,0,0.0,0
0.6962,64,0,0.2759,8020.0,7,0,3,0,1.0,0
0.1136,43,0,0.1309,8415.0,8,0,2,0,1.0,0
4.464,69,0,0.393,6268.0,10,0,1,0,1.0,0
0.7026,52,2,0.279,,9,0,0,1,2.0,0
0.0861,44,0,0.2672,1338.0,9,0,1,0,1.0,0
0.7371,65,0,0.3923,2923.0,12,0,0,0,1.0,0
0.6447,57,1,0.443,2340.0,7,0,1,0,2.0,0
0.3164,56,0,0.3599,15237.0,11,0,1,0,0.0,0
1.5498,47,0,0.517,3931.0,10,0,0,0,1.0,0
0.8297,52,1,0.3697,5098.0,7,0,1,0,1.0,0
0.9945,42,0,0.7393,,6,0,1,0,2.0,0
0.1018,49,0,0.6973,,7,0,2,0,1.0,0
0.2698,46,0,0.0471,16762.0,9,0,1,0,1.0,0
0.2184,55,0,0.2807,4136.0,9,0,1,0,1.0,0
0.5912,74,0,0.5304,16831.0,11,0,1,0,0.0,0
0.0211,50,0,0.8159,10965.0,4,0,0,0,0.0,0
0.0638,63,0,0.3121,13058.0,17,0,0,0,0.0,0
0.2867,54,0,0.3431,4207.0,13,0,1,0,1.0,0
0.2035,68,0,0.2903,2490.0,6,0,4,0,0.0,0
0.436,76,0,0.4925,12102.0,8,0,1,0,0.0,0
1.1622,45,2,0.6088,3546.0,12,0,0,2,0.0,0
2.7326,28,0,0.5039,2996.0,6,0,0,0,0.0,1
0.4784,35,0,0.8091,4868.0,6,0,0,0,0.0,1
0.1274,66,0,0.6479,4643.0,4,0,4,0,0.0,0
0.4616,56,0,0.5012,6213.0,6,0,2,0,0.0,0
3.5313,38,1,0.2329,,7,0,0,0,1.0,0
0.5754,74,0,0.1734,,9,0,0,0,0.0,0
4.2715,48,0,0.6427,7698.0,9,0,2,0,0.0,0
0.1838,47,0,0.6091,7912.0,8,0,0,0,0.0,0
0.5694,48,2,0.435,5951.0,2,0,0,2,1.0,0
0.2163,70,0,0.3018,,8,0,0,0,1.0,0
0.6388,41,0,0.6111,5971.0,9,0,1,0,1.0,0
0.7604,70,0,0.2599,3300.0,9,0,2,0,0.0,0
0.8529,60,0,0.4096,5759.0,7,0,1,0,1.0,0
0.1607,71,0,0.9284,,9,0,2,0,1.0,0
0.2175,63,0,0.1552,3900.0,2,0,1,0,0.0,0
0.3896,57,0,0.6555,23291.0,8,0,0,0,1.0,0
0.1201,62,0,0.1644,,6,0,1,0,1.0,0
2.4908,53,0,0.3725,7990.0,7,0,2,0,0.0,0
1.1445,42,1,0.447,,6,0,1,1,0.0,0
0.6678,61,0,0.2782,3839.0,6,0,1,0,0.0,0
0.0191,51,0,0.0614,1987.0,8,0,1,0,1.0,0
1.9372,70,0,0.7018,,9,0,2,0,1.0,1
0.5004,69,0,0.6458,24912.0,10,0,0,0,1.0,0
0.0039,60,0,0.7461,6056.0,7,0,0,0,1.0,0
0.0134,66,0,0.2551,,9,0,1,0,1.0,0
0.2309,59,0,0.1491,3146.0,9,0,2,0,1.0,0
0.8953,59,0,0.3104,2937.0,5,0,0,0,0.0,0
0.6237,43,0,0.5091,6015.0,4,0,0,0,1.0,0
0.0852,56,0,0.5678,,7,0,2,0,0.0,0
1.6127,58,0,0.7516,9067.0,3,0,0,0,0.0,0
0.6983,57,0,0.9646,,11,0,1,0,1.0,0
0.5369,56,0,0.8251,4547.0,12,0,1,0,1.0,0
0.518,55,0,0.6017,6421.0,6,0,1,0,1.0,0
0.6727,81,0,0.9298,5140.0,6,0,1,0,0.0,0
6.2447,54,0,0.262,5335.0,6,0,2,0,2.0,0
0.4968,62,0,0.5681,5062.0,6,0,2,0,0.0,0
0.3005,52,0,0.5527,3108.0,9,0,0,0,1.0,0
0.0267,57,5,0.3794,,15,0,1,0,0.0,0
0.392,40,0,0.3636,4174.0,12,0,0,0,1.0,0
0.5531,44,0,1.0105,6780.0,7,0,0,0,0.0,0
1.1359,45,0,0.5984,2755.0,10,0,1,0,5.0,0
0.0212,33,0,0.7078,,7,0,2,0,0.0,0
0.5331,54,0,0.5648,1577.0,10,0,1,0,0.0,0
0.4741,40,0,0.2448,7831.0,7,0,0,0,1.0,0
0.9417,37,0,0.7574,2840.0,2,0,1,0,0.0,0
0.4891,82,0,1.1609,12553.0,14,0,2,0,0.0,0
0.0698,68,0,0.7635,4444.0,9,0,0,0,2.0,0
0.6499,81,0,0.6469,,8,0,2,0,1.0,0
2.9762,52,1,0.5091,6994.0,12,0,0,0,0.0,0
0.5609,48,0,0.4343,,10,0,1,0,1.0,0
0.7251,58,0,0.3083,9874.0,10,0,0,0,1.0,0
0.5022,58,0,0.55,11502.0,6,0,1,0,1.0,0
0.4988,48,0,0.0695,8317.0,9,0,0,0,0.0,0
0.1507,42,0,0.3271,2338.0,6,0,1,0,0.0,0
0.3753,61,0,0.1568,24303.0,2,0,1,0,2.0,0
0.5313,31,0,0.8347,3264.0,11,0,2,0,1.0,0
0.4855,61,0,0.7739,15120.0,7,0,1,0,2.0,0
0.4166,49,0,0.7862,,7,0,1,0,1.0,0
0.0981,64,0,0.5822,8564.0,7,0,0,0,1.0,0
1.2099,68,0,0.472,9332.0,3,0,1,0,0.0,0
0.2021,61,0,0.5695,4397.0,9,0,0,0,1.0,0
1.4458,36,0,0.8999,11020.0,11,0,4,0,0.0,0
0.1729,32,0,0.3995,4804.0,8,0,0,0,0.0,0
6.5253,31,0,0.8352,1526.0,3,0,1,0,0.0,1
0.6457,46,0,0.1304,10782.0,12,0,2,0,2.0,0
0.0178,32,0,0.5697,1939.0,6,0,1,0,1.0,0
0.3661,52,0,0.6259,,8,0,1,0,1.0,0
0.0519,40,0,0.2988,5477.0,11,0,1,0,2.0,0
1.3291,44,0,0.419,4669.0,7,0,1,0,0.0,0
3.0195,52,0,0.9411,,5,0,0,0,0.0,0
0.3452,58,0,1.4671,,13,0,1,0,1.0,0
0.3078,41,0,0.537,,6,0,3,0,0.0,0
0.0996,46,0,0.256,,9,0,2,0,1.0,0
0.3733,57,0,0.0919,,6,0,1,0,0.0,0
0.0897,50,0,0.2934,5394.0,9,0,1,0,2.0,0
0.1746,50,0,0.3522,7458.0,6,0,0,0,0.0,0
0.3025,62,0,0.2367,13932.0,12,0,2,0,1.0,0
0.1265,40,0,0.3151,,9,0,2,0,1.0,0
0.9283,64,0,0.3753,2867.0,8,0,0,0,2.0,0
0.189,84,0,0.6242,,7,0,1,0,1.0,0
0.032,56,0,0.371,9375.0,10,1,1,1,0.0,0
0.3608,46,0,0.4592,3233.0,10,0,0,0,0.0,0
0.8849,32,2,0.2465,,5,0,0,0,0.0,0
0.2738,45,0,0.3014,12820.0,6,0,1,0,0.0,0
3.0222,57,0,0.3616,2820.0,9,0,2,0,0.0,0
0.1306,50,0,0.0966,2540.0,8,0,0,0,0.0,0
0.3338,51,0,0.2383,,7,0,0,0,0.0,0
0.2591,50,0,0.7838,1787.0,5,0,4,0,1.0,0
0.9028,45,0,0.8589,5444.0,8,0,0,0,1.0,0
1.7222,51,2,0.2973,1914.0,12,0,0,0,0.0,0
0.0809,41,0,0.2097,,11,0,0,0,5.0,0
0.9314,53,0,0.6209,3969.0,10,0,0,0,2.0,0
0.1705,54,0,0.5755,3054.0,5,0,3,0,0.0,0
1.5272,72,0,0.509,4327.0,10,0,2,0,0.0,0
0.3042,41,0,0.4404,,11,0,2,0,0.0,0
6.8647,62,0,0.6153,8596.0,9,0,1,0,1.0,0
0.4993,64,0,0.262,,4,0,2,0,2.0,0
0.4678,48,0,0.7625,1116.0,9,0,1,0,1.0,0
1.8283,43,0,0.9003,6032.0,8,0,1,0,2.0,0
0.7047,71,0,0.2809,5737.0,6,1,1,0,0.0,0
2.9965,34,3,0.4554,9156.0,6,0,0,1,1.0,0
0.0937,41,0,0.3788,,6,0,0,0,1.0,0
0.9515,37,2,0.4593,2278.0,6,0,2,0,1.0,0
0.2895,43,0,0.7888,12084.0,11,0,0,0,1.0,0
0.2567,49,3,0.544,13038.0,2,0,0,0,0.0,0
0.1383,73,0,0.2487,,7,0,1,0,1.0,0
0.9639,46,0,0.7301,,7,0,0,0,1.0,0
0.3313,81,0,0.2578,,3,0,1,0,1.0,0
0.6329,65,0,0.1536,7753.0,4,0,0,0,2.0,0
0.154,45,0,0.2622,5576.0,7,0,2,0,0.0,0
2.0216,45,0,0.0985,4273.0,13,0,1,0,0.0,0
0.1521,55,0,0.2624,7283.0,9,0,0,0,1.0,0
0.3403,53,0,0.1776,2745.0,13,0,2,0,0.0,0
7.7279,36,0,0.2166,6394.0,5,0,2,0,3.0,0
0.5859,42,0,0.2113,,7,0,1,0,0.0,0
0.3039,30,0,0.2083,2329.0,9,0,0,0,0.0,0
1.4367,77,0,0.5233,9459.0,10,0,0,0,0.0,0
0.5821,54,0,0.1662,3495.0,10,0,1,0,0.0,0
0.5509,48,0,0.3686,2480.0,10,0,0,0,0.0,0
0.5,43,0,0.5999,541.0,8,0,1,0,0.0,0
0.3421,44,0,0.099,7652.0,10,0,2,0,0.0,0
0.1284,31,0,0.3091,11189.0,10,0,2,0,0.0,0
0.4586,54,0,0.488,4987.0,7,0,2,0,0.0,0
0.051,63,0,0.6115,12477.0,11,0,0,0,1.0,0
0.6836,74,0,0.6706,2587.0,8,0,1,0,4.0,1
2.199,63,0,0.2853,11457.0,8,0,3,0,0.0,0
0.2677,62,0,0.1414,18425.0,9,0,0,0,2.0,0
0.0356,68,0,0.6494,,6,0,0,0,0.0,0
0.6084,50,0,0.6527,,5,0,0,0,0.0,0
0.6718,33,0,0.2349,9530.0,10,0,0,0,2.0,0
1.0543,63,0,0.5934,13133.0,9,0,1,0,2.0,0
0.4104,42,0,0.6622,3452.0,13,0,3,0,2.0,0
0.1131,51,0,0.7157,5323.0,8,0,1,0,0.0,0
0.7417,38,0,1.134,4654.0,11,0,1,0,2.0,0
0.5149,68,0,1.0158,3382.0,7,0,4,0,0.0,0
0.9586,64,0,0.6812,,6,0,1,0,2.0,0
0.1273,32,0,0.9724,8724.0,9,0,2,0,0.0,0
0.1644,53,0,0.1523,4808.0,9,0,2,0,2.0,0
0.0599,67,0,0.2297,1835.0,8,0,1,0,0.0,0
0.623,50,0,0.6923,3782.0,8,0,2,0,1.0,0
0.0346,52,0,0.7683,2750.0,6,0,2,0,2.0,0
0.3236,66,0,0.0911,8919.0,9,0,2,0,0.0,0
0.741,48,0,0.5327,4773.0,10,0,1,0,2.0,0
0.499,51,0,0.6686,4131.0,12,0,1,0,0.0,0
0.4078,63,0,0.6435,6426.0,6,0,2,0,2.0,0
0.2036,38,0,0.6181,,6,0,1,0,0.0,0
0.2063,42,0,0.4983,,7,0,3,0,0.0,0
0.1907,28,0,0.6871,,5,0,2,0,2.0,0
0.3269,80,0,0.5696,,12,0,0,0,0.0,0
1.422,54,0,0.1227,11443.0,6,0,0,0,0.0,0
0.0443,67,0,0.2804,,2,0,0,0,1.0,0
0.1032,35,0,0.3398,4670.0,11,0,1,0,1.0,0
0.2393,69,0,0.1239,2125.0,6,0,1,0,0.0,0
0.4287,48,0,0.9527,,13,0,0,0,1.0,0
0.1744,71,0,0.7326,4661.0,10,0,2,0,1.0,0
0.7634,49,0,0.9904,7493.0,7,0,2,0,0.0,0
2.5894,37,0,0.495,,2,0,0,0,2.0,0
0.5195,67,0,0.3402,,5,0,0,0,0.0,0
0.3979,53,0,0.4788,2375.0,11,0,1,0,1.0,0
5.6885,36,3,0.7391,3645.0,10,0,1,0,2.0,0
0.0549,29,0,0.9765,5467.0,8,0,0,0,0.0,0
0.2155,58,0,0.629,4211.0,9,0,2,0,0.0,0
0.1851,52,0,0.4118,6740.0,5,0,1,0,1.0,0
0.7608,55,0,0.4784,,7,0,0,0,1.0,1
0.6981,55,0,0.1139,4545.0,7,0,3,0,0.0,0
6.5205,50,1,0.3236,7163.0,11,0,0,0,0.0,0
3.9357,57,0,0.4524,2441.0,9,0,0,0,1.0,0
0.4541,62,0,0.7052,3434.0,8,0,0,0,1.0,1
0.242,50,0,0.261,,10,0,0,0,2.0,0
2.3975,59,0,0.2342,6307.0,10,0,1,0,2.0,0
0.0916,60,0,0.2108,5968.0,6,0,0,0,0.0,0
0.1304,67,0,0.3249,5199.0,7,0,1,0,0.0,0
0.3665,21,0,0.6238,4917.0,10,0,0,0,2.0,0
0.1289,46,0,0.3437,3663.0,8,0,2,0,0.0,0
0.6717,60,0,0.175,6125.0,9,0,2,0,1.0,0
0.7518,81,0,0.2037,12326.0,10,0,1,0,0.0,0
0.782,69,0,0.3597,,7,0,0,0,4.0,0
3.0528,69,0,0.8895,,8,0,3,0,1.0,0
0.4046,89,0,0.5403,4013.0,7,0,3,0,1.0,0
0.5771,51,0,0.2613,2358.0,6,0,1,0,3.0,0
0.6763,81,0,0.5977,5346.0,4,0,2,0,0.0,0
0.0295,62,1,0.3127,6167.0,8,0,1,0,1.0,0
2.7549,38,0,0.0915,3117.0,8,0,0,0,1.0,1
1.0218,28,0,0.2445,11176.0,5,0,1,0,3.0,0
0.3691,49,0,0.5113,,4,0,0,0,1.0,0
0.3004,61,0,0.833,,6,0,2,0,0.0,0
0.2006,48,0,0.6918,4632.0,6,0,2,0,1.0,0
0.123,54,0,0.5589,3389.0,6,0,1,0,0.0,0
0.9114,79,0,0.653,4346.0,4,0,2,0,2.0,0
0.3601,53,0,0.4344,3085.0,5,0,2,0,2.0,0
0.7025,80,0,0.2071,12545.0,6,0,1,0,0.0,0
0.6442,63,0,0.5783,3713.0,8,0,1,0,1.0,0
0.6352,67,0,0.2958,8355.0,7,0,0,0,0.0,0
0.4076,49,0,0.6095,5717.0,7,0,1,0,3.0,0
0.0949,51,0,0.4075,2729.0,6,0,1,0,0.0,0
0.7005,52,0,0.3365,17436.0,10,0,0,0,2.0,0
0.4919,51,0,0.7672,4610.0,10,0,1,0,0.0,0
0.2423,61,0,0.9712,6855.0,8,0,1,0,0.0,0
0.5523,70,1,0.487,,12,2,0,0,0.0,0
0.3367,86,0,0.8583,14035.0,7,0,0,0,0.0,0
0.4251,42,0,0.6833,,8,0,1,0,2.0,0
0.0182,52,0,1.0477,4172.0,8,0,1,0,0.0,0
1.2776,66,1,0.1827,,8,0,1,0,1.0,0
0.8548,53,0,0.0304,,8,0,1,0,0.0,0
0.4641,34,0,0.7546,4690.0,5,0,1,0,2.0,0
0.5694,63,0,0.0756,2643.0,8,0,2,0,1.0,0
2.4427,41,0,0.2802,,11,0,0,0,2.0,0
1.1478,55,0,0.6052,6135.0,5,0,0,0,1.0,0
0.1919,76,0,0.6409,,11,0,0,0,1.0,0
0.6131,62,0,0.7524,3217.0,6,0,2,0,2.0,0
0.7109,61,0,0.8557,4483.0,9,0,1,0,1.0,0
0.576,73,0,0.4819,5702.0,10,0,2,0,1.0,0
0.0779,50,0,0.5293,,10,0,0,0,2.0,0
0.2021,57,0,0.7716,3884.0,12,0,4,0,1.0,0
0.4013,50,0,0.2266,,10,0,2,0,1.0,0
0.4151,63,0,0.951,2857.0,5,0,1,0,0.0,0
0.4202,33,0,0.5112,1999.0,12,0,0,0,1.0,0
0.9611,40,0,0.0248,7976.0,10,0,0,0,0.0,0
0.1121,52,3,0.0922,5960.0,5,0,0,0,2.0,1
0.6351,60,0,0.0501,2154.0,12,0,1,0,0.0,0
0.1518,79,0,0.602,7204.0,9,0,1,0,0.0,0
0.0936,39,0,0.7768,4304.0,8,0,3,0,0.0,0
0.6622,51,2,0.8072,7601.0,6,2,2,0,0.0,0
0.8008,56,0,0.4889,9937.0,14,0,0,0,0.0,0
0.2044,36,0,0.92,5165.0,12,0,1,0,1.0,0
1.4108,42,1,0.6345,4823.0,7,1,1,1,0.0,0
4.022,27,0,0.1943,5335.0,5,0,2,0,1.0,0
0.3313,60,0,1.0408,1953.0,10,0,3,0,1.0,0
0.0188,41,0,0.2429,3741.0,8,0,2,0,1.0,0
0.1608,69,0,0.1954,2460.0,4,0,3,0,0.0,0
0.9821,58,0,0.5275,10340.0,4,0,0,0,0.0,0
0.946,49,0,0.6225,5211.0,5,0,1,0,0.0,0
0.395,41,0,0.3108,,6,0,0,0,1.0,0
0.1415,57,0,0.311,2008.0,4,0,0,0,,0
0.4877,48,0,0.2025,4703.0,4,0,3,0,0.0,0
0.1302,60,0,0.7212,,12,0,0,0,0.0,0
0.0621,68,0,0.5977,,9,0,1,0,0.0,0
0.6302,41,0,0.3515,8761.0,15,0,0,0,0.0,0
0.395,46,0,0.5257,12673.0,8,0,1,0,0.0,0
0.623,70,0,1.2161,7546.0,7,0,2,0,0.0,0
0.1733,71,0,1.7015,,5,0,1,0,0.0,0
0.0924,38,0,0.9747,2270.0,7,0,0,0,,0
0.3554,40,0,0.4192,4939.0,7,0,0,0,2.0,0
0.5316,40,0,0.1867,,10,0,0,0,,0
0.336,55,0,0.7941,5609.0,7,0,1,0,0.0,0
0.2267,33,0,0.7819,2443.0,9,0,1,0,1.0,0
0.1341,52,0,0.0893,4275.0,11,0,0,0,1.0,0
0.1046,51,0,0.1124,7258.0,7,0,0,0,1.0,0
0.632,43,0,0.2336,5019.0,9,0,2,0,2.0,0
2.0794,53,0,0.2463,,8,0,0,0,0.0,0
0.1332,53,0,0.8629,8609.0,16,0,1,0,2.0,0
0.6375,47,0,0.6762,,7,0,0,0,0.0,0
0.0391,76,0,0.5858,10106.0,16,0,0,0,0.0,0
0.2857,46,0,0.7556,8093.0,10,0,1,0,1.0,0
0.2933,53,0,0.6916,3306.0,7,0,0,0,0.0,0
0.0323,44,0,1.3313,7144.0,9,0,4,0,0.0,0
0.5776,66,0,0.8005,5643.0,11,0,1,0,0.0,0
0.0551,36,0,0.5191,4757.0,7,0,0,0,3.0,0
0.6968,54,0,0.174,,5,0,2,0,0.0,0
0.7553,39,0,0.344,2202.0,3,0,0,0,0.0,0
0.1602,28,0,0.3786,,8,0,2,0,0.0,0
0.1355,43,0,0.4252,,5,0,0,0,2.0,0
0.174,43,0,0.1771,,10,0,1,0,0.0,0
0.4024,60,0,0.5617,5044.0,9,0,1,0,0.0,0
0.2122,40,0,0.9895,3360.0,5,0,1,0,1.0,0
0.3971,23,0,0.3352,8838.0,12,0,2,0,0.0,0
0.1784,24,0,0.1486,,6,0,0,0,0.0,0
0.0423,54,0,0.3637,5329.0,6,0,1,0,0.0,0
0.7671,59,0,0.1645,5973.0,7,0,1,0,1.0,0
0.464,54,0,0.517,6529.0,6,0,2,0,2.0,0
0.4464,46,2,0.3761,10517.0,5,1,2,1,1.0,0
0.4866,56,0,0.9312,3742.0,13,0,0,0,4.0,0
0.3004,26,0,0.1654,6072.0,16,0,0,0,1.0,0
0.1552,24,0,0.2939,,6,0,0,0,,0
0.4984,32,0,0.2237,1438.0,11,0,1,0,0.0,0
0.1861,49,0,0.8885,2501.0,3,0,1,0,0.0,0
0.6322,63,0,0.256,,11,0,2,0,3.0,0
1.4129,38,0,1.2119,,6,0,0,0,0.0,0
2.6144,39,0,0.2863,8427.0,7,0,0,0,1.0,0
0.2684,61,0,0.5256,1894.0,9,0,0,0,3.0,0
0.5461,46,0,0.2562,,7,0,2,0,1.0,0
3.0007,55,0,0.6373,1892.0,9,0,0,0,1.0,0
0.4438,53,0,0.764,5611.0,9,0,1,0,0.0,0
0.4535,35,0,0.511,4369.0,8,0,0,0,0.0,0
4.2708,77,0,0.8113,7048.0,12,0,0,0,0.0,0
0.5931,40,0,0.6338,9045.0,10,0,0,0,1.0,0
0.7196,79,0,0.6416,,6,0,2,0,0.0,0
0.2011,60,0,0.5487,,7,0,2,0,0.0,0
0.5594,56,0,0.3619,7176.0,8,0,0,0,0.0,0
0.1755,31,0,0.6255,3474.0,15,0,1,0,0.0,0
0.4443,57,0,0.3853,2313.0,12,0,2,0,1.0,0
4.0884,51,0,0.3143,2877.0,5,0,0,0,1.0,0
0.3464,49,0,0.5626,11670.0,7,0,1,0,1.0,0
0.3961,34,0,0.4041,8785.0,11,0,2,0,1.0,0
0.4177,64,0,0.9841,4121.0,8,0,0,0,1.0,0
0.6796,65,0,0.0664,4233.0,11,0,0,0,0.0,0
0.8009,28,0,0.3209,5309.0,16,0,0,0,1.0,0
0.5458,44,2,0.1127,,5,0,0,1,3.0,0
0.7027,48,0,0.5145,4571.0,10,0,2,0,1.0,0
0.467,57,0,0.5228,,6,0,1,0,0.0,0
0.2177,54,0,0.2593,20425.0,10,0,1,0,2.0,0
0.7572,51,0,0.2355,3849.0,4,0,1,0,1.0,0
3.0261,59,0,0.8487,,5,0,0,0,1.0,0
0.227,78,0,0.9379,,15,0,1,0,1.0,0
0.3181,48,0,0.6078,4195.0,8,0,0,0,0.0,0
0.6624,66,0,0.7078,6212.0,8,0,2,0,2.0,0
0.0698,77,0,0.7399,14179.0,2,0,1,0,1.0,0
0.6678,73,0,0.2858,,15,0,0,0,0.0,0
0.7432,61,0,0.7051,15718.0,6,0,1,0,2.0,0
0.448,61,0,0.3211,4921.0,5,0,3,0,2.0,0
0.4383,58,0,0.5009,9833.0,5,0,3,0,0.0,0
0.5458,76,0,0.8544,16439.0,5,0,1,0,1.0,0
0.0758,47,0,0.6488,3540.0,9,0,2,0,0.0,0
0.0772,47,0,0.3082,3673.0,7,0,2,0,0.0,0
0.0063,43,0,0.2712,4422.0,9,0,1,0,0.0,0
0.4797,86,0,0.8346,20466.0,8,0,1,0,0.0,0
0.4104,73,0,0.6061,4632.0,13,0,1,0,1.0,0
0.1592,44,0,0.2605,,1,0,1,0,0.0,0
0.2013,35,0,0.2479,6762.0,10,0,1,0,1.0,0
0.0576,49,0,0.6416,,2,0,0,0,0.0,0
0.7729,53,0,0.3086,12074.0,8,0,2,0,0.0,0
0.1975,56,0,0.7017,5063.0,6,0,0,0,0.0,0
0.3528,30,0,0.5352,,10,0,1,0,0.0,0
0.2776,42,0,0.3873,9513.0,6,0,0,0,0.0,0
0.2415,69,1,0.1289,9715.0,7,1,1,0,0.0,1
0.0635,61,0,0.1305,12760.0,11,0,0,0,0.0,0
3.411,42,0,0.3039,,7,0,2,0,0.0,0
0.0306,66,0,0.2966,4325.0,8,0,0,0,2.0,0
0.3988,66,0,0.5158,4173.0,7,0,0,0,2.0,0
0.3343,83,0,0.3117,10096.0,6,0,2,0,0.0,0
0.0082,49,0,0.147,5026.0,7,0,1,0,0.0,0
4.3922,43,0,1.0763,9754.0,3,0,2,0,0.0,0
0.0526,50,0,0.8982,7063.0,5,0,1,0,0.0,0
0.028,65,0,0.5827,,6,0,0,0,0.0,0
0.3709,34,0,0.4692,10084.0,8,0,1,0,1.0,0
0.0189,52,0,0.7044,5286.0,12,0,0,0,0.0,0
0.3657,53,0,0.0692,4610.0,10,0,2,0,1.0,0
0.4969,71,0,0.0274,5919.0,10,0,2,0,2.0,1
1.9922,44,0,0.6999,,7,0,2,0,1.0,0
0.1523,50,0,0.2117,5242.0,8,0,0,0,0.0,0
0.3133,59,0,1.099,3306.0,5,0,0,0,1.0,0
0.5513,43,0,0.5322,,6,0,2,0,0.0,0
0.3974,41,0,0.1839,4152.0,10,0,1,0,1.0,0
0.6986,78,0,0.4581,,10,0,0,0,2.0,0
0.6411,60,0,0.6737,7500.0,8,0,1,0,1.0,0
0.1745,69,0,0.2271,2895.0,6,0,2,0,3.0,0
0.1016,62,0,0.1635,,14,0,1,0,0.0,0
0.2191,50,0,0.5964,4587.0,9,0,0,0,1.0,0
0.6829,44,0,0.4166,,17,0,3,0,0.0,0
1.4526,44,0,0.5928,5836.0,9,0,0,0,0.0,0
0.3548,42,0,0.1977,,4,0,0,0,0.0,0
0.3609,42,0,0.1515,2044.0,7,0,3,0,1.0,0
0.2389,41,0,0.2317,15956.0,14,0,3,0,1.0,0
0.9455,63,1,0.4517,8046.0,9,0,0,3,1.0,0
0.3157,39,0,0.1294,3389.0,14,0,3,0,2.0,0
0.6729,72,0,0.3672,2900.0,11,0,0,0,2.0,1
0.6304,63,0,0.4858,,4,0,0,0,0.0,0
0.2167,61,0,0.8412,6043.0,9,0,1,0,0.0,0
0.7463,55,0,0.6363,6252.0,8,0,0,0,0.0,0
0.1311,58,0,0.8526,5169.0,13,0,2,0,1.0,0
0.1102,46,0,0.6166,2675.0,8,0,0,0,1.0,0
0.2769,40,0,1.054,9756.0,9,0,1,0,2.0,0
0.2404,46,0,0.8105,2237.0,8,0,0,0,2.0,0
0.1361,34,0,0.1767,8111.0,15,0,1,0,1.0,0
0.1958,58,0,0.4851,7658.0,13,0,1,0,5.0,0
0.7103,38,0,0.3196,3628.0,4,0,2,0,0.0,0
0.7538,61,0,0.1375,6615.0,6,0,1,0,0.0,0
0.4592,62,0,0.3173,8636.0,7,0,0,0,0.0,0
0.2664,56,0,0.173,,12,0,1,0,1.0,0
0.9411,45,0,0.5094,8842.0,7,0,1,0,1.0,0
0.4998,40,2,0.3072,6654.0,11,1,0,0,3.0,0
0.1542,42,0,0.298,,9,0,1,0,0.0,0
1.1598,39,0,0.5762,2847.0,16,0,1,0,0.0,0
0.5216,52,0,0.3663,5833.0,9,0,0,0,2.0,0
0.6668,50,0,0.3015,2851.0,8,0,0,0,0.0,0
0.7359,79,0,0.5095,,5,0,0,0,2.0,0
0.1161,78,0,0.9361,5207.0,7,0,0,0,3.0,0
0.7364,73,0,0.6153,,3,0,1,0,0.0,0
0.4703,49,0,0.2922,2705.0,14,0,2,0,0.0,0
1.2113,32,0,0.2818,7336.0,2,0,0,0,0.0,0
0.6359,55,0,0.3679,15385.0,12,0,0,0,0.0,0
0.9498,49,0,1.2221,4812.0,11,0,1,0,2.0,0
0.3844,53,0,0.5769,16821.0,7,0,1,0,2.0,0
0.2861,58,0,0.2326,3403.0,5,0,2,0,0.0,0
0.0267,62,0,0.4829,5305.0,6,0,0,0,0.0,0
0.5777,27,1,0.49,4688.0,5,0,3,0,4.0,0
0.4696,70,0,0.3132,1869.0,5,0,2,0,0.0,0
0.5889,65,0,0.371,7509.0,4,0,1,0,0.0,0
0.1192,44,0,0.8162,9000.0,8,0,1,0,0.0,0
1.6773,64,3,0.5915,5271.0,7,0,2,0,1.0,0
0.6081,48,0,0.6521,10621.0,9,0,2,0,,0
0.8955,52,0,0.8315,7012.0,6,0,0,0,0.0,0
0.0927,50,0,0.9841,,6,0,0,0,0.0,0
0.1222,42,1,0.4462,5180.0,6,0,2,0,1.0,0
0.2175,34,0,0.5422,3928.0,10,0,0,0,2.0,0
0.868,90,0,0.2834,7201.0,7,0,2,0,1.0,0
0.1149,61,0,0.7656,3989.0,4,0,0,0,0.0,0
0.0287,54,0,0.2492,7703.0,9,0,2,0,4.0,1
1.6753,77,0,0.4938,6455.0,12,0,1,0,0.0,0
0.56,28,0,0.7232,7238.0,5,0,1,0,0.0,0
0.2147,49,0,0.3281,6290.0,8,0,2,0,,0
0.0104,43,0,0.7425,9301.0,10,0,0,0,1.0,0
2.2994,45,0,0.4185,4301.0,12,0,1,0,4.0,0
2.9285,52,0,0.1494,2532.0,6,0,1,0,0.0,0
0.2945,46,0,0.3617,4316.0,5,0,2,0,0.0,0
0.4755,27,0,1.2395,5516.0,12,0,1,0,2.0,0
0.4196,38,0,0.2064,6816.0,3,0,0,0,2.0,0
0.3879,39,0,0.1689,2042.0,7,0,2,0,1.0,0
0.6558,46,0,0.3864,,4,0,1,0,0.0,0
0.5615,39,0,0.5937,887.0,11,0,1,0,1.0,0
1.1741,50,0,0.6445,,8,0,1,0,1.0,0
0.5892,50,0,0.0574,5410.0,8,0,0,0,1.0,0
2.6615,22,0,0.32,3061.0,8,0,0,0,0.0,0
2.8875,37,0,0.4809,4420.0,5,0,1,0,2.0,0
3.949,55,0,0.7717,3755.0,6,0,2,0,4.0,0
4.8443,50,0,0.9448,6467.0,10,0,1,0,2.0,0
0.6793,27,0,0.4505,2939.0,7,0,1,0,0.0,0
0.6305,63,0,1.3419,13008.0,6,0,0,0,3.0,0
2.9739,60,0,0.5149,4579.0,9,0,1,0,1.0,1
0.1571,85,0,0.5585,8110.0,13,0,1,0,1.0,0
0.1304,77,0,0.8648,,8,0,2,0,0.0,0
0.2882,40,0,0.4055,9740.0,13,0,1,0,1.0,0
1.6593,50,0,0.1549,3588.0,4,0,1,0,0.0,0
0.3423,52,0,0.3329,,10,0,2,0,2.0,0
0.0448,70,0,0.4732,10573.0,7,0,0,0,4.0,0
0.9107,48,0,0.1008,2640.0,9,0,2,0,0.0,0
0.312,71,0,0.5315,23693.0,8,0,1,0,1.0,0
0.4394,56,0,0.5939,,11,0,0,0,1.0,0
5.4791,41,0,0.2283,2930.0,9,0,1,0,0.0,0
0.6806,35,0,0.8081,,9,0,1,0,0.0,1
0.0784,66,0,1.2661,7597.0,7,0,1,0,1.0,0
0.1091,66,0,0.5452,5556.0,9,0,2,0,0.0,0
0.4626,67,0,0.2178,2736.0,8,0,1,0,2.0,0
0.353,21,0,0.6342,2109.0,9,0,0,0,0.0,0
0.7992,50,0,0.5514,9146.0,5,0,3,0,0.0,0
0.4559,70,0,0.6332,5550.0,8,0,1,0,1.0,0
1.233,32,0,0.8782,3748.0,9,0,0,0,0.0,0
0.5431,60,0,0.352,3070.0,8,0,0,0,1.0,0
0.1933,44,0,0.4573,4317.0,12,0,2,0,1.0,0
0.1837,39,0,1.0865,1769.0,4,0,0,0,0.0,0
3.6303,42,0,0.3786,5006.0,13,0,2,0,1.0,0
0.4721,74,0,0.6794,3262.0,9,0,2,0,0.0,0
1.0421,65,0,0.6275,,8,0,0,0,3.0,0
0.9066,50,0,1.0637,,18,0,2,0,1.0,0
0.768,83,0,0.0912,2790.0,4,0,0,0,0.0,0
0.5346,27,0,0.1551,,9,0,0,0,1.0,0
2.569,43,0,0.6026,,10,0,1,0,0.0,0
0.464,74,0,0.063,9100.0,9,0,1,0,1.0,0
0.1843,49,0,0.6813,20033.0,6,0,3,0,0.0,0
2.25,49,1,0.628,,9,0,1,1,1.0,0
0.6576,50,0,0.1901,8633.0,11,0,0,0,1.0,0
0.8878,46,0,0.3975,3363.0,4,0,1,0,1.0,0
0.1363,65,0,0.2077,3295.0,15,0,1,0,0.0,0
4.458,40,2,0.3748,,11,0,0,0,0.0,0
0.091,90,0,0.4989,6547.0,8,0,3,0,0.0,0
0.1299,32,0,0.9514,3993.0,5,0,0,0,0.0,0
4.0942,76,0,0.1257,6680.0,11,0,0,0,0.0,1
8.5106,64,0,0.2125,8906.0,9,0,2,0,2.0,0
0.5978,42,0,0.3608,,8,0,1,0,,0
0.3489,56,0,0.1126,,6,0,0,0,1.0,0
0.583,64,0,0.1832,3435.0,8,0,3,0,0.0,0
1.3497,61,0,0.5409,7677.0,6,0,2,0,0.0,0
0.2928,25,0,0.7291,9528.0,8,0,0,0,1.0,0
0.2322,57,0,0.6762,,11,0,2,0,1.0,0
0.4748,33,0,0.072,3131.0,9,0,1,0,2.0,0
0.395,67,0,0.4742,7546.0,6,0,1,0,1.0,0
0.7175,67,0,0.3479,,11,0,1,0,1.0,0
0.0485,33,0,0.2448,2662.0,8,0,0,0,1.0,0
0.4644,24,0,0.2757,7802.0,6,0,4,0,0.0,0
0.2823,48,0,0.6144,,5,0,1,0,0.0,0
0.159,49,0,0.4545,,10,0,0,0,0.0,0
0.6786,52,0,0.5321,11834.0,7,0,1,0,0.0,0
0.162,58,2,0.5306,11099.0,6,0,1,0,0.0,1
0.7028,50,1,0.8467,4776.0,6,0,1,0,0.0,0
0.5592,53,0,0.0752,,5,0,1,0,0.0,1
0.2293,40,0,0.8405,5991.0,9,0,0,0,3.0,0
0.2397,38,0,0.5264,2336.0,6,0,1,0,0.0,0
0.8705,60,0,0.0906,10079.0,6,0,1,0,0.0,0
0.0047,59,0,0.3986,3144.0,8,0,0,0,0.0,0
0.3762,47,0,0.1067,2228.0,10,0,0,0,0.0,0
3.3323,37,0,0.062,3885.0,6,0,4,0,1.0,0
0.0803,74,1,0.7573,3919.0,7,0,1,0,0.0,0
8.81,76,0,0.2168,9044.0,8,0,1,0,1.0,0
0.86,68,0,0.2906,7420.0,3,0,2,0,0.0,0
0.0366,61,0,0.0963,6314.0,7,0,1,0,0.0,0
0.6334,37,0,0.9011,12291.0,7,0,0,0,1.0,0
0.2612,70,0,0.8179,15490.0,2,0,0,0,1.0,0
0.7034,60,0,0.0463,12423.0,6,0,0,0,1.0,0
0.3852,38,0,0.666,2565.0,7,0,0,0,1.0,0
3.6429,62,0,0.3647,4122.0,11,0,0,0,0.0,0
0.418,45,3,0.6801,7895.0,7,0,1,0,0.0,0
0.3498,64,0,0.4581,4388.0,5,0,1,0,0.0,0
0.3365,68,0,0.5805,3567.0,9,0,3,0,1.0,0
0.1905,59,0,0.2034,19925.0,12,0,0,0,1.0,0
0.1819,40,0,0.0665,5030.0,6,0,2,0,0.0,0
2.7703,61,0,0.9122,8529.0,10,0,0,0,0.0,0
0.4019,60,0,0.3167,3353.0,10,0,3,0,2.0,0
0.3929,42,0,0.7009,5158.0,9,0,2,0,0.0,0
0.3116,47,0,0.1397,6213.0,12,0,2,0,0.0,0
0.3327,79,0,0.858,,6,0,0,0,1.0,0
0.059,75,0,0.3581,4178.0,14,0,1,0,0.0,0
0.954,44,0,0.0649,10106.0,7,1,1,1,0.0,0
3.0598,24,0,0.0377,9595.0,8,0,1,0,1.0,1
0.3674,73,0,0.535,,8,0,2,0,0.0,0
0.0644,82,0,0.3269,6669.0,8,0,2,0,0.0,0
0.3466,74,0,0.5917,5938.0,6,0,0,0,0.0,0
0.3629,47,0,0.1651,5120.0,10,0,1,0,0.0,0
0.7043,61,0,0.5872,,4,0,1,0,1.0,1
0.3855,39,0,0.4104,8142.0,14,0,0,0,2.0,0
0.1862,67,0,0.7624,12623.0,5,0,0,0,1.0,0
0.4077,44,0,0.4574,7325.0,8,0,1,0,1.0,0
0.8858,43,3,0.5481,14436.0,10,0,4,1,1.0,0
0.5397,51,0,0.674,3995.0,10,0,0,0,1.0,0
0.9234,44,0,0.7011,6658.0,8,0,1,0,1.0,0
0.1427,62,0,0.6101,,9,0,1,0,2.0,0
1.8942,40,2,0.0938,3720.0,11,0,0,0,1.0,0
0.467,88,0,0.7545,12157.0,7,0,0,0,1.0,0
0.0321,60,0,1.0096,951.0,9,0,0,0,0.0,0
1.0178,47,0,0.5966,7363.0,7,0,1,0,1.0,0
0.6008,38,0,0.493,3035.0,10,0,0,0,1.0,0
0.0037,48,0,0.2269,,10,0,2,0,1.0,0
0.4508,49,0,0.0976,2301.0,8,0,0,0,3.0,0
0.0364,48,0,0.2477,4108.0,4,0,4,0,2.0,0
0.0069,45,0,0.6478,3536.0,13,0,2,0,1.0,0
1.2704,40,0,0.2859,,10,0,2,0,2.0,0
0.3322,65,0,0.5192,,9,0,0,0,0.0,0
1.8939,72,0,0.1153,6545.0,5,0,1,0,1.0,0
0.2368,40,0,0.4991,2611.0,6,0,0,0,1.0,0
0.8912,51,0,0.3906,,3,1,1,0,1.0,0
0.0496,27,0,0.6644,5924.0,6,0,1,0,0.0,0
2.196,44,0,0.8768,4514.0,7,0,1,0,,0
4.4976,80,0,0.3923,,8,0,0,0,3.0,1
0.5592,69,0,0.6309,5790.0,4,0,0,0,2.0,0
4.7572,61,0,0.3193,7007.0,9,0,1,0,,0
0.8275,36,0,0.7109,8355.0,6,0,0,0,0.0,0
3.3473,42,0,0.6287,3387.0,6,0,1,0,0.0,1
0.8716,45,0,0.4761,4581.0,8,0,1,0,0.0,0
0.5857,66,0,0.2116,,5,0,0,0,2.0,0
0.0394,70,0,0.3463,3671.0,12,0,1,0,0.0,0
0.4248,52,0,0.4348,9147.0,8,0,1,0,0.0,0
0.4029,65,0,0.1527,7632.0,10,0,1,0,1.0,0
0.7039,42,0,0.3854,11065.0,12,0,1,0,1.0,0
0.6143,57,0,0.1861,2700.0,8,0,0,0,0.0,0
1.0486,67,3,0.354,4890.0,7,0,0,0,0.0,0
0.4221,74,0,0.5268,,11,0,0,0,1.0,0
0.0616,36,0,0.3327,3360.0,11,0,0,0,3.0,0
1.0255,72,0,0.1577,15191.0,10,0,1,0,0.0,0
0.5618,86,0,0.4137,,9,0,0,0,1.0,0
0.7232,32,0,0.2864,8950.0,13,0,2,0,0.0,0
0.4019,30,0,0.578,3464.0,6,0,2,0,0.0,0
1.523,75,0,0.5333,3317.0,7,0,2,0,1.0,0
0.4482,47,0,0.2918,,11,0,1,0,0.0,0
0.4021,50,0,1.1226,13302.0,7,0,0,0,1.0,1
0.2684,70,0,0.2918,7672.0,9,0,0,0,0.0,0
0.6396,41,0,0.494,5212.0,12,0,1,0,2.0,0
3.024,57,0,0.4989,4388.0,9,0,0,0,0.0,0
0.1576,34,0,0.3686,2503.0,11,0,1,0,0.0,0
0.8702,65,0,0.5027,,5,0,0,1,0.0,0
2.3788,65,0,0.2811,,6,0,2,0,0.0,0
0.3504,56,0,0.1211,6439.0,4,0,2,0,1.0,0
4.1938,53,1,0.0984,3882.0,15,0,1,1,1.0,0
0.6403,53,0,0.3899,6652.0,6,0,1,0,0.0,0
0.0397,51,0,0.5028,3753.0,5,0,1,0,0.0,0
0.3416,52,0,0.1453,16162.0,11,0,0,0,0.0,0
0.4503,65,0,0.3353,,10,0,1,0,1.0,0
0.3584,28,0,0.4355,16876.0,12,0,1,0,2.0,0
6.4086,79,0,0.0114,11684.0,6,0,0,0,1.0,1
0.302,56,0,0.2291,,6,0,2,0,1.0,0
0.562,85,0,1.1483,2100.0,7,0,1,0,0.0,1
0.0551,57,0,0.6878,8915.0,7,0,4,0,2.0,1
7.8644,53,0,0.2416,,8,0,3,0,1.0,0
4.4526,62,0,0.219,2434.0,15,0,0,0,1.0,0
4.337,36,0,0.5428,2112.0,16,0,1,0,1.0,0
0.3975,38,0,0.32,,6,0,1,0,0.0,0
0.2435,50,0,0.4568,,9,0,2,0,0.0,0
0.2473,54,0,0.1433,6673.0,8,0,2,0,1.0,0
1.1484,68,3,0.8419,3668.0,9,0,1,1,0.0,0
0.2315,54,0,0.2656,8759.0,5,0,1,0,1.0,0
0.0284,74,0,0.8802,5171.0,10,0,0,0,0.0,0
0.3578,21,0,1.3035,1790.0,9,0,1,0,2.0,0
6.7263,79,0,0.2352,5279.0,9,0,2,0,0.0,0
5.2233,48,0,0.8407,2096.0,8,0,2,0,0.0,0
2.3049,63,0,0.564,8254.0,5,0,1,0,0.0,0
0.3373,70,0,0.6101,7373.0,10,0,1,0,1.0,0
0.1804,35,0,0.503,,9,0,3,0,1.0,0
0.0761,73,0,0.2455,,6,0,1,0,0.0,0
2.989,64,0,0.1997,,8,0,2,0,1.0,0
0.0801,78,0,0.2526,3790.0,9,0,1,0,1.0,0
0.5911,54,0,0.7855,,7,0,1,0,0.0,0
0.2664,53,0,0.5747,16670.0,6,0,2,0,0.0,0
0.0159,43,0,1.2646,1024.0,7,0,2,0,2.0,0
0.2978,43,0,0.1443,14238.0,8,0,2,0,1.0,0
0.1497,52,0,0.1489,4286.0,8,0,0,0,1.0,0
0.7445,61,0,0.8205,4529.0,6,0,1,0,0.0,0
0.3646,64,0,0.1444,18478.0,7,0,1,0,0.0,0
0.6085,39,0,0.2823,4937.0,11,0,1,0,0.0,0
0.6724,52,0,0.9041,6605.0,9,0,0,0,0.0,0
0.8551,56,0,0.3319,7322.0,5,0,1,0,2.0,0
0.0885,23,0,0.2809,,6,0,4,0,0.0,0
0.3095,65,0,0.6371,10361.0,3,0,0,0,1.0,0
0.7407,50,0,0.3388,17407.0,7,0,1,0,3.0,0
0.249,53,0,0.3604,7886.0,7,0,2,0,0.0,0
0.17,74,0,0.4068,5135.0,4,0,1,0,1.0,0
0.1736,39,0,0.2811,11386.0,7,0,0,0,0.0,0
0.208,41,0,0.3198,2268.0,10,0,1,0,0.0,0
0.4074,21,0,0.5938,,10,0,0,0,0.0,0
0.1436,52,0,0.1314,8008.0,8,0,0,0,1.0,0
0.5787,68,0,0.229,22269.0,12,0,0,0,0.0,0
0.2055,23,0,0.2241,2377.0,6,0,3,0,0.0,0
2.3569,38,0,0.3091,2988.0,8,0,1,0,1.0,0
0.8009,55,0,0.2405,,13,0,2,0,1.0,0
0.0396,46,0,0.6499,,11,0,0,0,0.0,0
0.2512,47,0,0.1494,9180.0,8,0,1,0,1.0,0
0.2955,55,0,0.7755,16504.0,6,0,1,0,1.0,0
0.6214,79,0,0.3199,2357.0,6,0,0,0,1.0,0
0.1234,54,0,0.465,12634.0,11,0,2,0,3.0,0
0.2352,56,0,0.8293,,6,0,0,0,1.0,0
0.1491,60,0,0.6063,,11,0,0,0,,0
0.0506,26,0,0.8738,3152.0,9,0,1,0,3.0,0
0.1255,57,0,0.7934,4288.0,9,0,1,0,2.0,0
0.5975,31,0,0.5439,4559.0,5,0,1,0,2.0,1
0.4964,53,0,0.5165,4062.0,9,0,0,0,1.0,0
1.7053,68,0,0.8234,,8,0,0,0,2.0,0
4.3402,47,0,0.4292,3718.0,11,0,1,0,1.0,0
0.1575,68,0,0.1587,,9,0,0,0,1.0,0
0.0198,29,0,0.3223,2674.0,8,0,2,0,0.0,0
1.0193,57,0,0.5199,4178.0,6,0,0,0,1.0,0
0.2997,57,0,0.733,2192.0,9,0,1,0,0.0,0
0.2739,21,0,0.0652,13093.0,8,0,2,0,1.0,0
0.0977,60,0,0.8827,5088.0,6,0,0,0,2.0,0
0.32,21,0,0.8235,5253.0,6,0,2,0,0.0,0
0.0939,55,0,0.7733,17277.0,9,0,4,0,1.0,0
0.5079,59,0,0.7653,,5,0,1,0,1.0,0
0.6514,47,0,0.5917,4859.0,12,0,0,0,0.0,0
0.0581,55,0,0.3347,4959.0,11,0,0,0,0.0,0
0.6189,85,0,0.0501,7041.0,5,0,0,0,1.0,1
0.251,45,0,0.8218,1997.0,10,0,1,0,1.0,0
1.6128,36,0,0.0619,6251.0,9,0,0,0,1.0,0
0.2192,81,0,0.6079,26418.0,7,0,3,0,0.0,0
0.0115,56,0,0.4306,8218.0,4,0,2,0,,0
0.6307,69,0,0.2342,4085.0,9,0,1,0,2.0,0
0.5667,30,0,0.2767,,6,0,0,0,1.0,0
0.1789,21,0,0.3113,5718.0,6,0,0,0,0.0,0
0.1933,40,0,0.2665,2340.0,8,0,2,0,1.0,0
0.7946,50,0,0.6584,8441.0,8,0,0,0,0.0,0
0.0719,45,0,0.4162,2921.0,8,0,3,0,0.0,0
0.0309,45,0,0.6009,6664.0,8,0,1,0,1.0,0
0.7501,26,0,0.2135,4852.0,5,0,0,0,1.0,0
0.2909,55,0,0.8503,3175.0,4,0,0,0,2.0,0
0.1158,49,0,0.4146,6644.0,8,0,1,0,0.0,0
0.3782,22,0,0.2495,,7,0,4,0,2.0,0
0.2169,48,0,0.8559,4372.0,8,0,1,0,0.0,0
0.4554,50,0,0.6218,3512.0,7,0,0,0,3.0,0
0.1272,67,0,0.2386,10230.0,9,0,2,0,0.0,0
0.2003,45,0,0.7117,,9,0,0,0,0.0,0
0.4079,66,0,0.2574,5701.0,5,0,0,0,1.0,0
0.0447,64,0,0.5747,,9,0,3,0,1.0,0
0.5145,41,0,0.3188,4214.0,8,0,1,0,1.0,0
0.6464,62,0,0.3419,7346.0,8,0,3,0,0.0,1
0.1799,68,0,0.2879,3345.0,6,0,0,0,1.0,0
1.5104,68,0,1.4354,3911.0,4,0,2,0,0.0,0
0.8956,57,0,0.3208,10119.0,11,0,2,0,2.0,0
0.8481,51,0,0.4757,22289.0,12,0,2,0,0.0,0
0.4307,33,0,0.341,7975.0,12,0,0,0,0.0,0
0.0246,69,4,0.3083,15261.0,5,0,2,3,1.0,1
0.3997,32,0,0.5692,16828.0,12,0,0,0,0.0,0
0.1233,50,0,0.3838,3823.0,11,0,0,0,2.0,0
0.6349,67,0,0.8833,4584.0,10,0,1,0,1.0,0
0.5289,38,0,0.2649,3132.0,6,0,2,0,1.0,0
0.0752,52,0,0.3014,,8,0,0,0,0.0,0
0.0939,30,0,0.3217,5232.0,7,0,0,0,1.0,0
0.1426,47,0,0.3948,2825.0,6,0,1,0,0.0,0
0.7206,38,0,0.7501,3085.0,8,0,0,0,2.0,0
0.5186,41,0,0.3651,10113.0,10,0,0,0,0.0,0
4.2188,60,0,0.2784,8422.0,10,0,0,0,1.0,0
0.1584,61,0,0.3142,3824.0,8,0,3,0,1.0,0
1.0253,44,0,0.5884,5753.0,12,0,2,0,3.0,0
3.0591,56,0,0.2744,3418.0,10,0,1,0,0.0,0
0.6724,46,0,0.0884,6861.0,13,0,1,0,0.0,0
1.9986,47,1,0.1401,,7,0,1,1,2.0,0
0.5827,36,0,0.2933,7014.0,7,0,0,0,1.0,0
0.7335,45,0,0.6764,4698.0,9,0,4,0,0.0,0
0.3832,25,0,0.1401,13556.0,5,0,1,0,1.0,1
5.5894,82,0,0.4165,6448.0,11,0,0,0,1.0,0
0.3855,69,0,1.0593,5023.0,8,0,3,0,1.0,0
0.056,86,0,0.3123,4145.0,10,0,2,0,0.0,0
0.9396,68,0,0.383,14793.0,7,0,0,0,1.0,0
10.153,56,2,0.5575,5123.0,7,1,2,0,1.0,0
2.066,22,0,0.5629,9577.0,6,0,3,0,1.0,0
0.2572,67,0,0.7102,3075.0,9,0,0,0,0.0,0
0.5717,71,0,0.5081,15814.0,15,0,4,0,0.0,0
0.5807,36,0,0.7227,2390.0,7,0,1,0,2.0,0
0.2549,60,0,0.5768,1608.0,4,0,0,0,1.0,0
0.2948,54,0,0.7604,3846.0,6,0,1,0,2.0,0
0.0222,51,0,0.61,3784.0,9,0,0,0,0.0,0
1.9577,60,0,0.6103,17821.0,8,0,2,0,0.0,0
0.3448,59,0,0.4303,10262.0,6,0,1,0,2.0,0
0.5745,38,0,0.1262,3099.0,6,0,0,0,0.0,0
1.2884,66,0,0.9915,3041.0,8,0,2,0,0.0,0
0.9077,32,2,0.1919,2124.0,6,2,3,0,2.0,0
0.4517,59,0,0.5531,8358.0,13,0,1,0,1.0,0
0.1846,56,0,0.6465,7717.0,9,0,0,0,0.0,0
0.0043,42,0,0.3726,4207.0,3,0,1,0,0.0,0
0.2266,70,0,0.8097,,5,0,0,0,4.0,0
0.4013,26,0,0.6859,,11,0,0,0,1.0,0
3.1441,56,0,0.5534,3039.0,7,0,1,0,0.0,0
0.8232,55,0,1.2952,4897.0,6,0,4,0,2.0,1
1.4094,74,0,0.4113,,5,0,1,0,1.0,0
0.3946,61,0,0.2266,5002.0,4,0,1,0,0.0,0
0.7566,21,0,0.2875,10909.0,11,0,2,0,1.0,1
0.3925,46,0,0.5214,8178.0,7,0,0,0,1.0,0
0.2687,75,2,0.2787,8527.0,9,2,1,1,0.0,1
0.338,50,0,0.7386,7890.0,9,0,3,0,2.0,0
0.905,36,0,0.8267,2954.0,8,0,3,0,0.0,0
0.0989,51,0,0.346,14677.0,9,0,0,0,2.0,0
0.1576,75,0,0.4234,,10,0,0,0,0.0,0
0.1369,40,0,0.6915,2031.0,7,0,2,0,1.0,0
0.4714,37,0,0.1823,3298.0,7,0,0,0,,0
0.7169,49,0,0.6347,3608.0,4,0,2,0,0.0,0
8.5202,43,0,0.5649,3485.0,7,0,0,0,2.0,0
0.283,62,0,0.5099,,7,0,2,0,0.0,0
0.5688,47,0,0.0936,4091.0,5,0,1,0,0.0,0
1.0803,57,1,1.0659,8412.0,11,1,1,0,2.0,0
0.6385,75,0,0.1432,9814.0,5,0,1,0,2.0,0
0.5744,39,0,0.214,2510.0,13,0,0,0,0.0,0
6.3524,67,0,0.9509,5723.0,5,0,0,0,1.0,0
0.1041,65,0,0.4005,3210.0,8,0,2,0,1.0,0
0.4398,35,0,0.9342,5732.0,5,0,1,0,0.0,0
0.0346,71,0,0.711,24411.0,6,0,0,0,2.0,0
0.3447,35,0,1.2229,9645.0,10,0,2,0,0.0,0
0.8995,32,0,0.2861,10584.0,8,0,3,0,2.0,0
1.2093,40,0,0.44,,12,0,1,0,0.0,0
1.2547,41,0,0.5217,4224.0,8,0,1,0,0.0,1
0.8802,47,0,0.2879,,13,0,1,0,1.0,0
0.5615,36,0,0.4588,,14,0,0,0,1.0,0
0.1677,60,0,0.4235,10996.0,7,0,0,0,0.0,0
0.3033,50,0,0.3055,8751.0,9,0,2,0,0.0,0
0.4763,55,0,0.5085,10101.0,8,0,3,0,0.0,0
2.6272,61,0,0.1598,,13,0,2,0,1.0,0
0.1776,73,0,0.3853,,8,0,0,0,2.0,0
0.1883,46,0,0.1342,8988.0,11,0,2,0,0.0,0
0.4322,43,0,0.158,20270.0,13,0,1,0,0.0,0
0.5173,63,0,1.2528,6039.0,10,0,0,0,1.0,0
0.7372,70,0,0.1222,5265.0,11,0,0,0,2.0,1
0.6667,53,1,0.78,4334.0,14,0,1,0,1.0,0
0.63,53,0,0.6737,4181.0,7,0,2,0,1.0,0
0.1103,49,0,0.9526,,4,0,2,0,0.0,0
0.2617,43,0,0.1487,4119.0,8,0,1,0,1.0,0
0.1639,46,0,0.295,,7,0,1,0,1.0,0
0.0323,51,0,0.2323,,16,0,0,0,2.0,0
2.7751,61,0,0.357,1395.0,6,0,1,0,0.0,0
0.3718,64,0,0.1166,,6,0,3,0,1.0,0
0.1265,39,0,0.507,4642.0,7,0,0,0,0.0,0
0.4412,53,1,0.1735,5664.0,5,0,0,0,0.0,0
0.6952,42,0,1.0733,6990.0,3,0,1,0,0.0,0
6.7282,48,0,0.169,13714.0,13,0,0,0,0.0,0
0.3143,54,0,0.092,3663.0,5,0,2,0,0.0,0
0.1272,65,0,0.3409,3143.0,6,0,3,0,0.0,0
0.2068,50,0,0.556,5669.0,6,0,0,0,1.0,0
1.0924,58,0,0.4476,2003.0,8,0,0,0,2.0,0
0.3914,37,0,0.0962,,7,0,3,0,2.0,0
0.0004,36,0,0.618,5062.0,7,0,0,0,0.0,0
0.4577,48,0,0.5081,2585.0,10,0,2,0,2.0,0
1.0407,95,0,0.4771,9935.0,6,0,0,0,1.0,1
0.4614,41,0,0.3951,1977.0,7,0,0,0,1.0,0
1.1534,54,0,0.613,,4,0,0,0,0.0,0
2.2495,58,0,0.3216,3548.0,4,0,0,0,1.0,1
0.1234,52,0,0.4418,10757.0,4,0,0,0,1.0,0
0.9542,44,0,0.299,,7,0,0,0,2.0,0
0.1884,60,0,0.1254,,7,0,3,0,0.0,0
0.1485,39,0,0.3039,1783.0,7,0,1,0,1.0,0
0.7251,57,0,0.7683,6926.0,7,0,1,0,1.0,0
0.2403,44,0,0.4461,,6,0,1,0,3.0,0
0.718,66,0,0.9123,7499.0,4,0,1,0,1.0,0
1.8919,27,1,0.4222,,11,0,0,0,0.0,0
0.8059,50,0,0.9883,,13,2,0,1,1.0,0
3.4703,36,0,0.1184,3675.0,9,0,2,0,0.0,0
0.0294,64,0,0.4278,12062.0,9,0,1,0,0.0,0
0.3657,64,0,0.2634,13518.0,7,0,1,0,1.0,0
0.1834,21,0,0.1147,5299.0,7,0,3,0,0.0,0
0.2838,35,0,0.4936,5882.0,8,0,0,0,0.0,0
4.9043,65,0,0.3523,,4,0,1,0,3.0,0
0.3108,50,0,0.13,6471.0,8,0,2,0,0.0,0
0.1289,61,0,0.2635,13710.0,12,0,0,0,1.0,0
0.03,52,0,0.4466,6745.0,7,0,1,0,1.0,0
0.4733,54,0,1.0107,8570.0,7,0,0,0,0.0,0
0.4957,66,0,0.7244,,6,0,0,0,0.0,0
0.0698,35,0,0.1201,,9,0,1,0,0.0,0
0.7982,46,0,0.2233,8562.0,12,0,1,0,0.0,0
7.6924,37,0,0.2525,4433.0,14,0,0,0,0.0,0
0.4172,56,0,0.8709,11551.0,6,0,3,0,0.0,0
0.1105,34,0,0.2433,3107.0,7,0,5,0,1.0,0
0.3539,65,0,0.4579,2513.0,7,0,0,0,1.0,0
0.5406,45,0,0.1702,7027.0,12,0,0,0,1.0,0
0.1745,59,0,0.3324,6858.0,8,0,0,0,0.0,0
0.6116,42,0,0.1996,5277.0,7,0,0,0,0.0,0
0.3599,63,0,0.398,8001.0,7,0,0,0,2.0,0
0.7306,69,0,0.3286,5620.0,5,0,2,0,0.0,0
1.3009,63,3,0.8567,,4,1,1,0,0.0,0
3.7107,40,0,0.1263,9109.0,9,0,2,0,5.0,0
0.8536,72,0,0.08,4471.0,6,0,3,0,0.0,0
0.1205,62,0,0.1417,,10,0,1,0,0.0,0
0.8404,43,0,0.402,8927.0,7,0,0,0,0.0,0
0.2095,56,0,0.4488,14079.0,5,0,1,0,1.0,0
0.2648,74,0,0.1555,18925.0,8,0,1,0,0.0,0
0.4827,39,0,0.2272,,8,0,0,0,2.0,0
0.3609,39,0,0.7879,3030.0,8,0,2,0,0.0,0
0.7941,50,0,0.218,5190.0,9,0,0,0,0.0,0
0.228,32,0,1.1455,2471.0,5,0,0,0,2.0,0
0.2721,54,0,0.2773,7147.0,7,0,2,0,2.0,0
0.1295,62,0,0.2443,18580.0,5,0,0,0,1.0,0
1.3516,54,0,0.1724,2550.0,6,0,1,0,2.0,0
0.7065,42,0,0.9153,6418.0,11,0,1,0,0.0,0
0.1098,65,0,0.5613,5716.0,7,0,1,0,0.0,0
0.0742,50,0,0.8363,5429.0,6,0,1,0,2.0,0
0.0064,41,0,0.7463,10484.0,6,0,2,0,0.0,0
0.1225,56,0,0.1705,11479.0,8,0,1,0,2.0,0
8.6752,69,0,0.663,5347.0,6,0,0,0,0.0,0
0.5725,44,0,0.1031,,8,0,2,0,0.0,0
0.4574,74,0,0.272,12726.0,5,0,1,0,1.0,0
0.5897,53,0,0.1589,4535.0,7,0,1,0,0.0,0
0.0661,54,0,1.3076,15910.0,10,0,1,0,1.0,0
0.3186,54,0,0.452,3934.0,8,0,0,0,0.0,0
0.4232,44,0,0.4906,3798.0,7,0,1,0,0.0,0
0.7119,34,0,0.5415,2455.0,11,1,0,1,0.0,0
5.0809,79,0,0.7172,5688.0,12,0,0,0,0.0,1
0.289,35,0,0.1508,5824.0,13,0,1,0,1.0,0
0.0361,69,0,0.3203,,8,0,0,0,3.0,0
0.0276,76,0,0.4702,7181.0,11,0,0,0,1.0,0
0.4763,42,0,0.8241,10063.0,12,0,1,0,,0
4.2,61,0,0.1909,22254.0,7,0,1,0,0.0,0
1.0538,62,3,0.4723,2259.0,5,0,3,0,0.0,0
0.2285,62,0,0.2743,7602.0,7,0,0,0,2.0,0
0.2369,43,0,0.1236,9453.0,7,0,5,0,0.0,0
0.8672,47,0,0.3823,14901.0,8,0,1,0,2.0,0
0.2884,63,0,0.4284,8955.0,5,0,1,0,0.0,0
0.6958,29,0,0.7915,,10,0,1,0,0.0,0
0.6013,24,0,0.3834,4865.0,11,0,1,0,0.0,1
0.5016,53,0,0.5692,19279.0,6,0,0,0,0.0,0
1.6872,50,0,0.2266,,12,0,3,0,1.0,0
0.0406,54,0,0.353,4682.0,11,0,2,0,0.0,0
0.2404,42,0,0.0888,6476.0,11,0,2,0,1.0,0
0.5083,63,0,0.4894,2575.0,13,0,0,0,0.0,0
0.4344,64,2,0.6494,,9,0,2,0,0.0,0
0.463,54,0,0.7063,3464.0,10,0,0,0,1.0,0
0.0324,33,0,0.7947,651.0,8,0,1,0,0.0,0
0.5613,67,0,0.4632,4096.0,8,0,1,0,0.0,0
0.5104,27,0,0.1193,1312.0,6,0,2,0,0.0,0
0.742,34,0,0.5781,3935.0,10,0,0,0,1.0,0
0.5069,63,0,1.3372,9728.0,9,0,1,0,0.0,0
0.2248,36,0,0.4594,4571.0,8,0,1,0,1.0,0
0.295,42,0,0.7646,4245.0,5,0,1,0,,0
0.0111,54,0,0.1931,5201.0,12,0,2,0,0.0,0
0.9438,65,0,0.657,11136.0,9,0,2,0,1.0,0
1.019,60,0,0.8219,,9,0,1,0,0.0,1
0.2788,70,0,0.0876,,8,0,3,0,4.0,0
0.2491,46,0,0.749,4308.0,9,0,2,0,0.0,0
0.2198,40,0,0.6583,3318.0,16,0,0,0,0.0,0
0.8003,34,0,0.298,10772.0,10,0,1,0,2.0,0
0.1693,54,0,0.0735,3452.0,9,0,3,0,0.0,0
1.4731,56,0,0.4105,4241.0,9,0,0,3,0.0,0
0.0271,86,0,0.3275,,4,0,0,0,1.0,0
0.1319,61,0,1.0067,3619.0,5,0,1,0,1.0,0
0.4875,28,0,0.3489,5079.0,6,0,0,0,0.0,0
0.4058,68,0,0.6931,7666.0,3,0,1,0,,0
0.0353,40,0,0.8795,5852.0,7,0,3,0,0.0,0
0.0106,34,0,0.7315,8903.0,11,0,0,0,0.0,0
0.3345,66,0,0.3917,6266.0,8,0,4,0,1.0,0
4.5075,64,0,0.1971,16850.0,13,0,2,0,1.0,0
1.4655,67,1,0.3939,6767.0,8,0,1,0,,0
0.3897,43,0,0.5895,6164.0,4,0,1,0,2.0,0
1.0762,83,0,0.1707,1750.0,6,0,0,0,0.0,0
2.6859,65,0,0.4054,12925.0,6,0,1,0,0.0,0
0.5226,39,0,0.2042,,6,0,1,0,2.0,0
0.3898,83,0,0.286,7891.0,6,0,1,0,1.0,0
0.9632,60,0,0.4769,4326.0,4,0,1,0,1.0,0
0.2855,52,0,0.3588,4355.0,6,0,0,0,0.0,0
0.3647,44,0,0.3654,,7,0,1,0,2.0,0
1.407,21,0,0.2295,6917.0,5,0,2,0,0.0,0
0.5711,63,3,0.8668,13096.0,6,0,1,0,0.0,0
0.6341,43,0,0.7065,,11,0,2,0,0.0,1
0.4523,49,0,0.66,2886.0,14,0,1,0,0.0,0
0.1095,51,0,0.3621,12553.0,3,0,2,0,1.0,0
0.5068,40,0,0.2819,7259.0,5,0,1,0,2.0,0
0.577,59,0,0.9386,5907.0,1,0,0,0,0.0,0
0.6075,40,0,0.0368,7589.0,9,0,1,0,0.0,0
0.5127,30,0,0.1519,9506.0,9,0,2,0,3.0,0
0.2781,53,0,0.292,,9,0,1,0,1.0,0
0.5752,44,0,1.2144,6475.0,7,3,4,1,,0
0.0881,25,0,0.355,8027.0,10,0,0,0,0.0,0
0.4676,35,0,0.7091,5674.0,7,0,0,0,1.0,0
0.3168,54,0,0.4132,10057.0,14,0,0,0,0.0,0
2.2226,54,0,1.0254,,14,0,1,0,1.0,1
0.0966,71,0,0.6995,2122.0,8,0,0,0,,0
3.4138,68,0,0.6288,7415.0,4,2,0,0,1.0,0
0.0661,58,0,0.1443,8211.0,7,0,0,0,1.0,0
0.3028,42,0,0.9554,5939.0,11,0,3,0,1.0,0
1.9306,44,0,0.219,11127.0,12,0,1,1,0.0,0
0.5834,58,0,0.4526,8189.0,9,0,1,0,1.0,0
0.4632,66,0,0.4897,6460.0,11,0,1,0,3.0,0
0.6801,60,0,0.1152,11091.0,7,0,2,0,1.0,0
0.4209,45,0,0.1484,2493.0,9,0,1,0,1.0,0
0.3473,55,0,0.7743,3934.0,13,0,0,0,0.0,0
0.3732,48,0,0.3474,3700.0,7,0,2,0,0.0,0
0.0709,22,0,0.2027,5646.0,9,0,1,0,0.0,0
0.1688,49,0,0.5038,,11,0,1,0,0.0,0
0.0192,46,0,0.4742,5738.0,11,0,0,0,1.0,0
0.8461,63,0,0.3881,2778.0,10,0,1,0,0.0,0
1.4206,37,2,0.5352,,12,1,1,0,0.0,0
0.2908,38,0,0.4689,3313.0,3,0,2,0,1.0,0
0.2466,67,0,0.6537,9411.0,6,0,1,0,0.0,0
1.014,39,0,0.6842,1428.0,6,0,0,0,0.0,0
0.6074,42,0,0.3095,2450.0,9,0,0,0,1.0,0
0.4756,59,0,0.692,2902.0,8,0,0,0,4.0,0
1.1538,62,0,0.241,4158.0,7,0,2,0,0.0,0
0.1648,72,0,0.5346,36463.0,10,0,0,0,0.0,0
0.4192,47,0,0.5416,6932.0,8,0,0,0,2.0,0
0.8647,48,0,0.7421,,6,0,1,0,0.0,0
0.2626,50,0,0.1968,5420.0,9,0,0,0,0.0,0
5.6711,44,1,0.6727,,7,2,0,1,1.0,0
0.3687,58,0,0.1509,5771.0,9,0,1,0,0.0,0
0.6089,47,0,0.328,6216.0,7,0,0,0,3.0,0
0.1333,35,0,0.4829,,6,0,1,0,0.0,0
1.9268,27,1,0.3861,1878.0,7,0,0,0,0.0,0
0.2287,50,0,0.3889,8104.0,11,0,1,0,1.0,0
0.5641,61,0,0.573,5417.0,6,0,3,0,1.0,0
0.4688,42,0,0.6267,,7,0,1,0,0.0,0
0.5801,34,0,0.226,,6,0,2,0,0.0,0
0.4869,73,0,0.4217,3133.0,12,0,0,0,1.0,1
4.4606,47,0,0.5515,4348.0,9,0,1,0,1.0,0
0.1857,65,0,0.2144,1715.0,9,0,0,0,0.0,0
0.7104,67,0,0.7474,9951.0,3,0,3,0,0.0,0
0.6703,73,0,0.7245,,8,0,0,0,0.0,0
0.6841,51,0,0.7866,7089.0,5,0,1,0,,0
0.2063,32,0,0.4199,3084.0,3,0,0,0,0.0,0
0.5347,25,0,0.4901,,7,0,0,0,0.0,0
0.3783,48,0,0.6985,11688.0,8,0,1,0,0.0,0
0.6659,76,0,0.5508,13587.0,7,0,0,0,0.0,0
0.6123,53,0,0.845,1794.0,6,0,1,0,0.0,0
0.4828,71,0,0.5086,7051.0,9,0,2,0,2.0,0
0.2213,38,1,0.3557,4646.0,8,0,1,0,0.0,0
1.5187,72,2,0.7633,3934.0,7,0,0,0,0.0,0
0.5025,61,0,0.6223,8906.0,4,0,1,0,0.0,0
0.1602,54,0,0.2202,23542.0,5,0,1,0,0.0,0
0.1279,65,0,0.4662,12934.0,7,0,1,0,1.0,0
0.4627,44,0,0.8844,,7,0,1,0,0.0,0
0.3922,58,0,0.5645,7094.0,9,0,0,0,1.0,0
1.0345,40,0,0.0339,8896.0,7,0,0,0,0.0,0
0.5624,43,0,0.1557,3635.0,10,0,0,0,1.0,0
0.3939,39,0,0.277,4808.0,7,0,2,0,2.0,0
0.0866,39,0,0.5045,10208.0,8,0,2,0,1.0,0
0.1505,28,0,0.169,2326.0,11,0,0,0,0.0,0
0.2705,84,0,0.0513,7829.0,9,0,1,0,3.0,0
0.5127,35,0,0.2168,1381.0,7,0,0,0,2.0,0
0.0482,66,0,0.1394,4654.0,6,0,1,0,0.0,0
0.1348,28,0,0.8476,4521.0,9,0,2,0,2.0,0
0.2168,44,0,0.2024,,8,0,1,0,1.0,0
0.3409,47,1,0.1604,10137.0,7,0,1,0,1.0,0
0.267,72,0,0.4628,8393.0,10,0,0,0,0.0,0
0.0237,57,0,0.7048,4447.0,8,0,5,2,1.0,0
0.3104,37,0,0.4653,7371.0,8,0,2,0,1.0,0
0.297,49,0,0.0289,2232.0,4,0,1,0,3.0,0
0.0366,69,0,0.4185,25409.0,14,0,2,0,0.0,0
4.0344,67,0,0.6108,4576.0,8,0,0,0,2.0,1
0.2341,43,0,0.0477,4181.0,5,0,2,0,0.0,0
0.1064,31,0,0.1478,4977.0,12,0,1,0,1.0,0
0.3672,43,0,0.4309,2898.0,4,0,0,0,1.0,0
0.1141,62,0,0.7822,,6,0,2,0,3.0,0
0.0753,27,0,0.1875,4049.0,8,0,0,0,0.0,0
0.2558,50,0,0.6669,9664.0,4,0,0,0,3.0,0
0.4422,35,0,0.3433,2302.0,3,0,2,0,1.0,0
0.6778,45,0,1.0072,3193.0,12,0,1,0,0.0,0
0.333,59,0,0.4608,3296.0,5,0,1,1,1.0,0
0.8299,51,0,0.959,6196.0,5,0,1,0,0.0,0
0.2907,62,0,0.0776,,10,0,1,0,0.0,0
0.124,69,0,0.2971,,6,0,0,0,0.0,0
0.0163,95,0,0.9541,7831.0,12,0,0,0,0.0,0
0.2262,65,0,0.7718,6591.0,7,0,1,0,0.0,0
0.3538,60,1,0.1926,4638.0,10,2,1,0,1.0,0
0.628,43,0,0.7536,6440.0,6,0,1,0,1.0,0
1.0546,65,0,0.6597,,11,0,0,0,1.0,1
1.2055,74,0,0.2513,4458.0,2,0,0,0,0.0,0
3.127,43,1,0.3639,11017.0,6,0,1,1,1.0,0
0.4427,44,0,0.7612,7954.0,7,0,0,0,2.0,0
0.7872,43,0,0.6091,3851.0,7,0,0,0,0.0,0
0.3055,33,0,0.6466,1514.0,4,0,1,0,0.0,0
0.3449,52,0,0.2109,3857.0,8,0,2,0,0.0,0
0.4019,33,0,0.7737,2581.0,11,0,0,0,0.0,0
0.0028,51,0,0.7521,,9,0,0,0,1.0,0
0.4144,56,0,0.3775,5523.0,10,0,0,0,0.0,0
4.1969,56,0,0.236,1841.0,1,0,2,0,0.0,0
0.2816,45,0,0.2206,8019.0,9,0,0,0,1.0,0
0.0811,30,0,0.2875,5547.0,13,0,0,0,0.0,0
0.3468,69,0,0.5909,6437.0,8,0,1,0,0.0,0
0.3425,27,0,0.5175,7264.0,5,0,2,0,2.0,0
0.1991,54,0,0.3066,6319.0,5,0,0,0,0.0,0
0.1167,73,0,0.1043,5688.0,9,0,1,0,0.0,0
0.4237,53,0,0.4249,,5,0,2,0,1.0,0
3.289,70,0,0.9056,8087.0,6,0,0,0,1.0,0
0.2392,59,0,0.5215,5542.0,7,0,0,0,1.0,0
1.4038,32,2,0.5804,,10,0,1,0,3.0,0
0.1795,70,0,0.169,8656.0,7,0,0,0,0.0,0
0.2361,44,0,0.1525,1913.0,16,0,0,0,0.0,0
0.6974,46,0,0.7518,9576.0,8,0,0,0,0.0,0
0.1492,62,1,0.2926,4124.0,10,0,0,0,1.0,0
0.0878,39,0,0.6216,4341.0,11,0,2,0,0.0,0
0.8905,65,0,0.1748,,10,0,2,0,0.0,0
0.374,58,0,0.6922,10927.0,7,0,0,0,0.0,0
0.4869,75,0,0.3241,4810.0,3,0,1,0,0.0,0
0.022,68,0,0.4745,22998.0,8,0,2,0,2.0,0
0.649,49,0,0.3623,11836.0,7,0,1,0,0.0,1
2.3751,46,0,0.5195,6082.0,6,0,0,0,0.0,0
0.3396,42,0,0.4905,9873.0,9,0,2,0,2.0,0
0.4648,48,0,0.6829,10984.0,10,0,0,0,0.0,0
0.5331,39,0,0.0614,,8,0,2,0,1.0,0
0.3264,48,0,0.9194,21117.0,6,0,3,0,1.0,0
2.6587,34,0,0.3372,7933.0,7,0,4,0,0.0,0
0.6894,38,0,0.1426,2748.0,7,0,0,0,2.0,0
0.0043,71,0,0.9103,30483.0,7,0,0,0,0.0,0
0.5202,33,0,0.5872,,8,0,2,0,1.0,0
0.5324,32,0,0.4391,1718.0,8,0,3,0,2.0,0
0.2841,42,0,0.2986,2601.0,10,0,0,0,0.0,0
3.0948,71,0,0.116,6708.0,16,0,2,0,0.0,1
0.3583,39,1,0.1738,4428.0,7,0,2,0,2.0,0
4.2078,48,0,0.6109,1147.0,15,0,0,0,2.0,0
0.2728,56,0,0.8121,11899.0,4,0,2,0,1.0,0
0.7264,59,0,0.3001,3931.0,10,0,1,0,0.0,0
0.4419,50,0,0.4501,,6,0,2,0,1.0,0
0.7906,57,0,0.2745,16255.0,6,0,2,0,1.0,0
2.9223,65,0,0.602,7933.0,6,0,1,0,0.0,0
1.7227,34,0,0.2503,6691.0,6,0,0,0,2.0,0
0.1869,42,0,0.5602,10479.0,7,0,0,0,2.0,0
0.7083,40,0,0.837,6004.0,11,0,1,0,1.0,0
0.5663,47,0,1.0164,2356.0,8,0,2,0,0.0,0
0.5618,69,0,0.7168,8470.0,11,0,1,0,0.0,0
4.4704,66,0,0.7888,5662.0,4,0,1,0,0.0,0
0.1637,51,0,0.5779,6773.0,11,0,3,0,1.0,0
1.0231,63,0,0.7792,6078.0,6,0,0,0,0.0,0
0.1586,82,0,0.6158,8739.0,6,0,2,0,0.0,0
1.1898,35,0,0.2404,9787.0,5,0,0,0,1.0,0
0.1297,43,0,0.1763,,5,0,2,0,1.0,0
0.1295,48,0,0.5017,11698.0,10,0,2,0,2.0,0
0.2091,57,0,0.9336,3313.0,8,0,1,0,0.0,0
0.1509,59,0,0.2806,9855.0,6,0,1,0,0.0,0
0.3809,37,2,0.1312,1968.0,8,0,1,0,0.0,0
0.1637,55,0,0.2489,12099.0,8,0,1,0,1.0,0
0.4979,64,0,0.8162,3850.0,9,0,2,0,0.0,0
0.6125,35,0,0.1716,4048.0,8,0,2,0,1.0,0
0.1079,54,0,0.1718,16615.0,13,0,0,0,1.0,0
0.2472,43,0,0.1056,3415.0,5,0,1,0,0.0,0
0.6319,32,0,0.2066,,8,0,1,0,0.0,0
0.5921,66,0,0.158,22059.0,8,0,0,0,0.0,0
0.6022,59,0,0.7814,3943.0,9,0,2,0,0.0,0
0.6744,39,0,0.4098,889.0,7,0,2,0,1.0,0
0.235,65,0,0.4179,6856.0,10,0,0,0,1.0,0
0.028,82,0,0.6704,5587.0,9,0,3,0,1.0,0
0.5533,53,0,0.5903,,7,0,0,0,0.0,0
0.3246,33,0,0.1455,3697.0,7,0,0,0,0.0,0
0.0444,48,0,0.5987,7481.0,6,0,2,0,1.0,0
0.0471,25,0,0.4251,2901.0,9,0,0,0,0.0,0
1.2177,50,0,0.0409,4189.0,15,0,2,0,0.0,0
0.2642,47,0,0.0672,2309.0,10,0,4,0,1.0,0
0.1461,63,0,0.5467,2791.0,4,0,4,0,1.0,0
10.657,44,1,0.2634,,8,2,2,1,0.0,0
0.1158,65,0,0.3524,3893.0,5,0,2,0,2.0,0
2.5624,41,0,0.9372,6594.0,8,0,1,0,3.0,0
2.3945,50,0,0.3121,2183.0,10,0,0,0,0.0,0
0.3617,32,0,0.8356,6837.0,4,0,2,0,0.0,0
0.4647,37,0,0.8496,3448.0,11,0,1,0,1.0,0
0.1255,63,0,0.7512,992.0,8,0,0,0,1.0,0
1.761,67,0,0.5485,2440.0,6,0,1,1,1.0,0
0.5408,43,0,0.647,5258.0,7,0,0,0,,1
0.26,59,0,0.3964,5385.0,4,0,3,0,1.0,0
1.8343,63,0,0.3805,4617.0,11,0,3,0,4.0,0
2.807,37,0,0.3361,5905.0,6,0,0,0,0.0,1
0.4028,58,0,0.5602,22351.0,12,0,0,0,0.0,0
0.0109,52,0,0.273,,4,0,2,0,1.0,0
0.4424,57,0,0.1794,5364.0,8,0,1,0,1.0,0
0.9114,50,0,0.6591,9431.0,8,0,0,0,2.0,0
0.6013,22,0,0.5183,,6,0,1,0,0.0,0
0.1438,54,0,0.1449,6549.0,12,0,2,0,0.0,0
0.6439,50,0,0.045,8171.0,8,0,2,0,0.0,0
0.3218,47,0,0.3317,,8,0,0,0,0.0,0
0.3298,29,0,0.9808,6488.0,4,0,3,0,0.0,0
0.5496,66,0,0.0637,4656.0,4,0,1,0,0.0,0
0.7042,53,0,0.5922,,8,0,1,0,0.0,0
0.2541,24,0,0.3347,2501.0,10,0,0,0,0.0,0
0.0242,71,0,0.8222,1933.0,8,0,0,0,1.0,0
0.1062,58,2,0.504,2764.0,9,1,1,0,0.0,0
0.4328,65,0,0.7783,9267.0,8,0,2,0,1.0,0
0.2203,48,0,0.4427,7659.0,15,0,1,0,0.0,0
0.5366,52,0,0.2633,2992.0,11,0,1,0,0.0,0
0.4665,67,0,0.1704,9604.0,13,0,1,0,0.0,0
1.4653,58,0,0.5142,1951.0,8,0,0,0,2.0,1
0.3319,50,0,0.6691,3128.0,7,0,1,0,0.0,0
0.0524,43,0,0.5736,5978.0,10,0,0,0,0.0,0
0.7237,21,0,0.1634,,10,0,1,0,0.0,0
0.6531,65,2,0.2373,2916.0,11,0,1,0,0.0,0
0.2177,65,0,0.6078,10014.0,9,0,2,0,0.0,0
0.1548,62,0,0.167,3808.0,7,0,0,0,0.0,0
0.5585,68,0,0.4601,9311.0,13,0,0,0,0.0,0
0.0433,39,0,0.6859,1636.0,8,0,0,0,1.0,0
0.0048,47,0,0.2875,938.0,14,0,3,0,,0
0.3002,45,0,0.1977,,8,0,3,0,0.0,0
0.7084,25,0,0.3587,828.0,6,0,0,0,3.0,1
2.9073,44,0,0.4536,6814.0,8,0,1,0,3.0,0
4.2314,54,0,0.2375,2664.0,9,0,1,0,1.0,0
0.183,67,0,1.3876,9315.0,12,0,1,0,1.0,0
0.0807,59,0,0.0676,2047.0,10,0,2,0,1.0,0
2.0282,43,0,0.524,3259.0,9,0,2,0,1.0,0
0.3428,65,0,0.279,6900.0,7,0,2,0,2.0,0
0.225,56,0,0.5735,8106.0,10,0,3,0,0.0,0
0.8251,29,0,0.3394,2060.0,11,0,2,0,0.0,0
0.8582,55,1,0.4257,5021.0,5,0,0,0,1.0,0
0.4752,63,0,0.6394,3398.0,5,0,2,0,1.0,1
2.9271,60,0,0.4987,2231.0,7,0,1,0,0.0,0
0.6487,36,0,0.704,,8,0,1,0,3.0,0
0.789,39,0,0.9154,6268.0,15,0,3,0,0.0,0
0.2707,81,0,0.6443,,6,0,0,0,0.0,0
0.6439,40,0,0.6618,7645.0,12,0,1,0,1.0,0
0.1454,53,0,0.4179,,10,0,0,0,0.0,0
0.3649,21,0,0.1711,11677.0,9,0,2,0,,0
3.0666,71,0,0.5172,,5,0,1,0,2.0,0
1.0131,64,0,1.0017,,5,0,1,0,1.0,0
0.0526,77,0,0.4109,4213.0,7,0,1,0,1.0,0
0.0949,38,0,0.8581,2578.0,13,0,1,0,2.0,0
1.9658,70,0,0.6745,2342.0,6,0,1,0,0.0,1
0.3052,38,0,0.7391,2648.0,12,0,2,0,0.0,0
0.9742,74,0,0.47,3985.0,10,0,2,0,2.0,0
0.1771,21,0,0.1838,8052.0,8,0,0,0,2.0,0
0.4496,67,0,0.9062,,7,0,2,0,4.0,0
0.185,53,0,0.5803,,4,0,1,0,0.0,0
0.9571,62,0,0.727,,3,0,1,0,1.0,0
0.0329,60,0,0.2294,2631.0,13,0,2,0,1.0,0
0.8116,59,1,0.389,8255.0,8,2,1,0,1.0,0
0.4958,87,0,0.5407,2865.0,6,0,0,0,2.0,0
0.6213,78,0,0.457,,8,0,1,0,1.0,0
3.186,61,0,0.2836,,3,0,2,0,0.0,0
0.8687,56,0,0.7956,,9,0,2,0,0.0,0
0.8547,73,0,0.4466,2672.0,9,0,0,1,0.0,0
0.6422,74,0,0.7458,4085.0,4,0,1,0,0.0,0
0.0429,54,0,0.6747,13316.0,7,0,1,0,0.0,0
0.0951,54,0,0.1406,7253.0,5,0,1,0,,0
0.0705,39,0,0.2223,,8,0,1,0,1.0,0
0.0309,57,0,0.9166,,5,0,0,0,1.0,0
0.3129,56,0,0.6306,5224.0,6,0,0,0,0.0,0
0.5137,67,0,0.8725,,3,0,1,0,1.0,0
1.017,78,1,0.4494,6276.0,11,0,2,0,0.0,0
0.31,70,0,0.9719,5693.0,3,0,0,0,1.0,0
0.3121,68,0,0.3708,7754.0,12,0,0,0,1.0,0
0.1949,50,0,0.2826,,4,0,3,0,1.0,0
0.6595,47,0,0.5278,3237.0,4,0,1,0,0.0,0
2.2509,63,0,0.7865,6183.0,4,0,1,0,0.0,0
0.2586,61,0,0.1936,,6,0,0,0,1.0,0
0.8324,63,0,0.4164,,8,0,3,0,0.0,0
0.5501,39,0,0.4269,5592.0,7,0,1,0,2.0,0
0.7495,39,0,0.2526,10987.0,9,0,1,0,0.0,0
6.9766,46,0,0.0283,3484.0,10,0,1,0,0.0,0
0.058,63,1,0.4097,7912.0,9,0,2,0,2.0,0
0.1061,53,0,0.268,,9,0,2,0,0.0,0
0.3679,74,0,0.7256,6980.0,9,0,0,0,0.0,0
0.4345,38,0,0.8978,2525.0,7,0,2,0,0.0,0
0.8282,39,0,0.1694,1409.0,4,0,0,0,0.0,0
1.8282,49,0,0.4504,5084.0,8,0,2,0,2.0,0
0.201,45,0,1.0337,11227.0,9,0,1,0,0.0,0
0.4064,41,0,0.5779,3818.0,9,0,0,0,0.0,0
0.0023,53,0,0.3218,4937.0,11,0,1,0,0.0,0
0.2825,54,0,0.2534,6301.0,8,0,0,0,1.0,0
0.5937,35,0,0.4132,,3,0,1,0,1.0,0
3.4128,44,0,0.0684,,9,0,0,0,0.0,0
4.2265,62,0,0.1069,19927.0,8,0,0,0,2.0,0
0.3576,48,0,0.1038,2534.0,9,0,4,0,1.0,0
5.0429,41,0,0.2566,7735.0,7,0,0,0,0.0,0
0.5194,47,0,0.7169,,4,0,1,0,0.0,0
0.6187,35,0,0.7075,10601.0,8,0,0,0,1.0,0
0.1142,77,0,0.3115,,9,0,1,0,0.0,0
0.1489,64,0,0.2136,9837.0,10,0,0,0,3.0,0
0.1038,86,0,0.1542,2529.0,8,0,0,0,0.0,0
0.118,53,0,0.4674,4013.0,5,0,2,0,2.0,0
1.7144,47,0,0.6282,13873.0,8,0,1,0,1.0,0
0.6231,40,0,0.2686,6335.0,11,0,0,0,0.0,0
0.3549,58,0,1.3244,5714.0,8,0,2,0,,0
0.3806,46,0,0.1474,11177.0,12,0,2,0,4.0,0
0.8781,39,0,0.8773,6250.0,7,0,2,0,0.0,0
0.1179,71,0,0.4098,,8,0,0,0,3.0,0
0.7171,53,0,0.3768,1396.0,13,0,2,0,0.0,0
4.2596,56,0,0.4519,,11,0,0,0,0.0,0
2.0891,55,0,0.8306,,18,0,3,0,0.0,0
0.1387,58,0,0.9826,3069.0,9,0,2,0,1.0,0
0.5258,28,0,0.3677,6918.0,15,0,0,0,1.0,0
0.6464,36,0,0.152,12007.0,4,0,1,0,0.0,0
0.5175,78,0,0.3832,,3,0,2,0,1.0,0
0.3716,51,0,0.8406,13587.0,8,0,0,0,3.0,0
0.4864,58,0,0.0632,6498.0,10,0,2,0,1.0,0
1.5008,63,0,0.4166,,4,0,0,0,1.0,0
1.3003,47,0,0.8827,6218.0,11,0,1,0,1.0,0
0.2311,37,0,0.625,4432.0,9,0,0,0,,0
0.2593,33,0,0.4823,4829.0,13,0,0,0,1.0,0
0.1706,38,0,0.4586,7227.0,9,0,1,0,1.0,0
1.0209,42,2,0.7767,7228.0,13,0,3,0,2.0,0
1.2496,41,0,0.1132,7897.0,4,0,1,0,0.0,0
3.1408,34,0,0.637,7743.0,6,0,0,0,1.0,0
0.6536,65,0,0.4959,5920.0,12,0,1,0,2.0,0
0.3855,73,0,0.3228,,5,0,1,0,0.0,0
0.3259,39,0,0.6889,4657.0,8,0,0,0,0.0,0
0.0979,28,0,0.753,,10,0,1,0,2.0,0
0.0027,53,0,0.1344,4192.0,5,0,1,0,2.0,0
0.4651,73,0,1.1916,9411.0,8,0,0,0,0.0,0
0.0698,33,0,0.8114,6469.0,8,0,0,0,0.0,0
0.333,34,0,0.651,2382.0,5,0,0,0,1.0,0
0.4797,21,0,0.853,5071.0,11,0,2,0,0.0,0
0.1563,56,0,0.322,6459.0,5,0,3,0,0.0,0
2.2277,38,0,0.4616,3487.0,5,0,0,0,2.0,0
0.3618,64,0,0.1209,8185.0,12,0,0,0,1.0,0
0.6582,62,0,0.2777,2479.0,4,0,0,1,0.0,0
0.3494,73,0,0.1227,2513.0,6,0,1,0,2.0,0
0.1799,67,0,0.1972,3447.0,13,0,0,0,,0
0.3895,30,0,0.466,5722.0,7,0,0,0,0.0,0
2.4891,48,0,0.4935,8724.0,13,0,2,0,2.0,0
0.2238,68,0,0.3978,,5,0,1,0,0.0,0
0.7953,33,0,0.2243,2063.0,7,0,1,0,0.0,0
0.0403,47,0,0.3909,11844.0,11,0,3,0,1.0,0
0.3359,53,0,0.7479,3573.0,6,0,3,0,0.0,0
0.5408,51,0,0.4984,2476.0,8,0,0,0,1.0,0
0.0878,56,0,0.6197,,11,0,2,0,0.0,0
1.1191,42,0,0.7163,2955.0,4,0,0,0,0.0,0
3.8817,39,0,0.7598,,9,0,2,0,2.0,0
0.8067,58,0,0.8134,6162.0,11,0,3,2,1.0,0
0.7187,49,0,0.6355,,7,0,1,0,2.0,0
0.3757,82,0,0.2881,4405.0,4,0,1,0,1.0,0
0.0521,36,0,0.1282,,5,0,1,0,0.0,0
0.7061,51,0,0.3138,3183.0,3,0,1,0,1.0,0
0.4611,33,0,0.7228,,6,0,1,0,1.0,0
0.0074,57,0,0.1552,13625.0,5,0,1,0,2.0,0
0.417,49,0,0.1363,9319.0,8,0,3,0,1.0,0
0.3941,59,0,0.3799,,6,0,3,0,2.0,0
0.0947,42,0,0.6784,9056.0,7,0,0,0,1.0,0
0.4236,26,0,0.7964,3126.0,5,0,2,0,1.0,0
0.0594,70,0,0.5133,12568.0,8,0,0,0,1.0,0
0.4557,65,0,0.8614,4736.0,5,0,0,0,1.0,0
1.6768,65,0,0.8124,4598.0,6,0,0,0,0.0,1
0.2876,64,0,0.451,5095.0,6,0,2,0,0.0,0
0.2948,53,0,0.2894,2760.0,9,0,1,0,2.0,0
0.9998,61,0,0.2656,1707.0,12,0,3,0,1.0,0
0.8659,39,0,0.1499,5744.0,5,0,1,0,0.0,0
1.3028,46,0,0.641,18142.0,14,0,0,0,1.0,0
0.4716,68,0,0.2371,8823.0,5,0,2,0,1.0,0
0.6041,80,0,0.4876,,9,0,2,0,0.0,1
0.463,57,0,0.8834,3840.0,8,0,1,0,1.0,0
5.6028,21,0,0.2986,5575.0,10,0,1,0,1.0,0
0.2363,57,0,0.2858,6302.0,8,0,0,0,1.0,0
2.5648,72,1,1.1655,4309.0,7,0,2,0,0.0,0
0.123,48,0,0.4242,5800.0,12,0,1,0,1.0,0
0.2491,38,0,0.1807,23130.0,8,0,0,0,0.0,0
0.4201,65,0,0.2729,4681.0,12,0,0,0,1.0,0
0.8677,47,0,0.8915,2236.0,10,0,2,0,1.0,1
1.3817,47,0,0.565,,5,0,1,0,1.0,0
0.2272,29,0,0.4931,12384.0,6,0,0,0,0.0,0
0.2263,29,0,0.8065,5658.0,2,0,0,0,1.0,0
0.7695,64,0,0.0251,3163.0,7,0,0,0,1.0,0
0.4826,35,0,0.9308,5902.0,6,0,2,0,2.0,0
0.8055,77,0,0.3344,,9,0,2,0,0.0,0
1.0397,80,1,0.8402,2724.0,2,1,2,0,,0
0.0746,37,0,0.4223,1861.0,10,0,2,0,0.0,0
0.4408,42,0,0.6999,13402.0,10,0,0,0,0.0,0
0.3775,62,0,0.5182,11632.0,8,0,0,0,2.0,0
0.2042,73,0,0.3913,,8,0,0,0,2.0,0
0.7893,54,0,0.0658,5310.0,10,0,0,0,1.0,0
0.2206,43,0,0.3703,6992.0,6,0,0,0,1.0,0
0.2021,47,0,0.391,,3,0,0,0,1.0,0
0.0228,54,0,0.4896,1669.0,7,0,1,0,0.0,0
0.9377,44,0,0.5421,,7,0,1,0,0.0,0
0.0851,69,0,0.2489,6904.0,10,0,1,0,0.0,0
0.7634,42,0,0.7382,10991.0,10,0,1,0,2.0,0
0.292,58,0,0.4411,3210.0,7,0,0,0,1.0,0
0.3535,63,0,0.5042,4450.0,6,0,2,0,4.0,0
4.8208,52,0,0.2613,13217.0,3,0,0,0,1.0,0
0.178,49,0,1.1176,11173.0,6,0,0,0,2.0,0
0.1084,52,0,0.1706,,7,0,0,0,0.0,0
0.5676,40,0,0.7425,8493.0,17,0,0,0,0.0,0
0.2467,63,2,0.1238,20723.0,7,0,2,0,0.0,0
0.1402,50,0,0.36,,6,0,0,0,1.0,0
0.6038,48,0,0.2506,,5,0,0,0,0.0,0
0.0604,37,1,0.5609,1620.0,11,0,1,0,0.0,0
0.1017,79,0,0.8507,6053.0,12,0,1,0,0.0,0
0.5614,64,0,0.2433,16289.0,15,0,2,0,0.0,0
0.0535,32,0,0.316,,11,0,1,0,2.0,0
0.2327,60,0,0.4564,4825.0,5,0,1,0,0.0,0
1.9901,43,0,0.232,,8,0,2,0,0.0,0
0.091,39,0,0.466,3942.0,11,0,0,0,1.0,0
0.4401,42,0,0.2777,9369.0,11,0,2,0,1.0,0
7.08,59,0,0.1827,12545.0,8,0,1,0,0.0,0
0.166,50,0,1.1804,,6,0,1,0,1.0,0
3.474,51,0,1.263,8638.0,14,0,1,0,0.0,0
1.6567,56,0,0.3944,1670.0,8,0,2,0,0.0,0
0.2006,65,0,1.0607,,6,0,1,0,0.0,0
5.6306,84,0,0.478,6295.0,10,0,2,0,,0
0.5748,48,0,0.4167,3470.0,9,0,0,0,0.0,0
0.185,46,0,0.3611,10743.0,9,0,0,0,2.0,0
1.3431,53,0,0.7225,6333.0,10,0,1,0,1.0,0
0.5725,62,0,1.1657,17517.0,9,0,0,0,0.0,0
0.0957,67,0,0.669,,11,0,0,0,0.0,0
0.4737,38,0,0.7188,4826.0,10,0,1,0,0.0,0
0.6719,86,0,0.4566,2844.0,4,0,0,0,0.0,0
0.5314,36,3,0.3627,20609.0,7,0,1,1,0.0,0
0.8019,64,0,0.6815,5144.0,8,0,1,0,1.0,0
0.2137,63,0,0.2562,,10,0,0,0,0.0,0
0.2097,32,0,0.7235,,15,0,1,0,0.0,0
0.3739,56,0,0.6581,12340.0,6,0,1,0,3.0,0
1.0401,28,0,0.3558,49345.0,11,0,0,0,1.0,0
0.1464,40,0,1.005,11504.0,8,0,1,0,2.0,0
0.0324,51,0,0.6457,4500.0,6,0,1,0,1.0,0
0.53,54,0,0.4911,4230.0,5,0,1,0,2.0,0
2.1344,69,0,0.2659,8614.0,2,0,2,0,1.0,0
0.9255,42,0,0.8348,,9,2,2,1,2.0,0
0.4853,57,0,0.1231,8167.0,8,0,1,0,1.0,0
0.2325,65,0,0.2046,5609.0,8,0,2,0,0.0,0
0.4587,51,0,0.6361,2632.0,7,0,1,0,0.0,0
2.4872,52,0,0.6004,2536.0,6,0,0,0,1.0,0
0.5731,32,0,0.4571,6980.0,5,0,1,0,1.0,0
0.2295,29,0,0.4865,6411.0,6,0,0,0,2.0,0
2.0994,40,0,0.6729,4659.0,10,0,0,0,1.0,0
0.3054,71,0,0.337,4579.0,10,0,1,0,2.0,0
0.4401,72,0,0.1971,5354.0,5,0,2,0,1.0,0
1.309,69,0,0.177,12616.0,10,0,0,0,1.0,0
0.4968,57,0,0.6077,3868.0,7,0,1,0,0.0,0
0.7623,59,0,0.8471,2336.0,10,0,0,0,2.0,1
0.1767,46,0,0.335,14302.0,8,0,1,0,2.0,0
0.5806,47,0,0.606,6616.0,9,0,3,0,1.0,0
0.2425,24,0,0.3943,12152.0,12,0,1,0,1.0,0
0.1267,55,0,0.2364,7732.0,8,0,1,0,2.0,0
1.134,59,0,0.3607,8386.0,14,0,0,0,0.0,0
10.5711,43,0,0.2501,3056.0,8,0,3,0,0.0,0
0.3271,65,0,0.5112,6603.0,7,0,0,0,0.0,0
0.1369,69,0,0.0495,,10,0,1,0,0.0,0
0.4606,36,0,0.2336,9244.0,16,0,1,0,1.0,0
0.336,84,0,0.6729,5407.0,12,0,2,0,0.0,0
0.6193,60,0,0.6098,6509.0,7,0,2,0,0.0,0
0.5826,74,0,0.8028,,4,0,2,0,1.0,0
3.5565,42,0,0.4135,4308.0,8,0,1,0,1.0,0
0.3517,72,0,0.2345,2934.0,11,0,1,0,2.0,0
0.0724,61,0,0.2118,7798.0,10,0,1,0,0.0,0
1.548,48,0,0.1118,1366.0,4,1,3,0,1.0,0
4.536,37,0,0.6732,5631.0,3,0,1,0,1.0,0
1.0294,52,0,0.1288,51106.0,8,0,1,0,1.0,0
1.8363,63,0,0.6497,,3,0,2,0,0.0,0
0.0554,53,0,0.7059,15226.0,13,0,2,0,1.0,0
0.3184,53,0,0.2407,6589.0,7,0,0,0,1.0,0
5.3077,45,1,1.0083,21869.0,5,0,1,0,0.0,0
3.5788,33,0,0.0897,3687.0,13,0,1,0,,0
0.4446,54,0,0.9601,8832.0,8,0,4,0,0.0,0
0.25,39,0,0.3321,5355.0,11,0,0,0,0.0,0
0.4122,65,0,0.7303,2765.0,16,0,2,0,0.0,0
1.3474,64,0,0.2834,5305.0,4,0,0,0,1.0,0
0.5073,75,0,0.8005,7688.0,8,0,1,0,2.0,0
0.4588,47,0,0.1756,12373.0,7,0,1,0,1.0,0
0.1448,51,3,0.6798,2676.0,10,0,0,0,0.0,0
0.194,31,0,0.123,,11,0,2,0,4.0,0
4.0475,44,0,0.2865,4389.0,9,0,0,0,1.0,0
0.8334,52,1,0.1652,3125.0,9,0,0,1,0.0,0
0.4498,53,0,0.3648,7448.0,4,0,0,0,1.0,0
0.3278,47,0,1.118,,9,0,1,0,1.0,0
0.5716,43,0,0.1608,,6,0,0,0,2.0,0
0.5745,55,0,0.9248,5249.0,5,0,1,0,0.0,0
1.7049,48,0,0.8417,4048.0,12,0,3,0,0.0,0
0.2885,70,0,0.5881,8639.0,7,0,1,0,1.0,1
3.7234,56,0,0.662,7899.0,10,0,0,0,2.0,0
0.4805,45,0,0.2956,,5,0,1,0,2.0,0
0.82,67,0,0.1359,10466.0,5,0,1,0,2.0,0
0.0152,38,0,0.6472,8842.0,5,0,2,0,,0
0.4884,47,0,0.4534,3694.0,5,0,2,0,1.0,0
0.0055,37,0,0.147,7981.0,5,0,0,0,1.0,1
0.1029,48,0,0.4555,,8,0,1,0,0.0,0
0.4346,71,0,0.5232,7300.0,11,0,1,0,0.0,0
0.6575,55,0,0.9364,10918.0,12,0,0,0,1.0,0
2.9059,28,0,0.5992,9384.0,8,0,1,0,1.0,0
0.1335,47,0,0.3401,7748.0,12,0,1,0,0.0,0
5.4315,56,0,0.5822,3196.0,10,0,2,0,,0
0.7555,56,0,0.6142,4225.0,3,0,0,0,1.0,0
0.1966,50,0,0.5741,3220.0,8,0,0,0,1.0,0
0.5907,63,1,0.4832,4046.0,9,0,0,2,,0
0.9285,60,0,0.4685,7213.0,8,0,0,0,1.0,0
0.1759,50,0,0.4191,7165.0,6,0,1,0,2.0,0
2.626,55,0,0.6601,4701.0,7,0,0,0,1.0,0
0.4427,50,0,0.9401,7652.0,2,0,0,0,1.0,0
1.1854,53,0,0.7702,1979.0,1,0,2,0,1.0,0
1.2303,55,0,0.3649,,7,0,0,0,0.0,0
0.2671,66,0,0.3516,7561.0,8,0,0,0,1.0,0
0.4292,59,0,0.5189,11551.0,10,0,1,0,0.0,0
0.2458,52,0,0.3669,6400.0,11,0,1,0,3.0,0
0.0351,46,0,0.8287,56248.0,9,0,2,0,0.0,0
2.0347,61,0,0.4315,4800.0,8,0,1,0,0.0,0
5.5334,56,0,0.6832,6214.0,6,0,0,0,1.0,0
1.3494,51,0,0.3229,19634.0,8,0,0,0,0.0,0
0.4331,48,0,0.8586,1943.0,5,0,2,0,2.0,1
0.9604,53,6,1.0101,3303.0,12,0,1,1,1.0,0
3.7513,43,0,0.377,4452.0,9,0,2,0,0.0,0
2.9243,32,0,0.3743,,11,0,2,0,2.0,0
1.0622,74,0,0.0498,,10,0,0,0,2.0,0
0.183,74,0,0.394,16617.0,10,0,0,0,0.0,0
0.7758,54,0,0.4294,,9,0,0,0,0.0,0
0.5128,60,0,0.0725,9030.0,5,0,1,2,0.0,0
3.0352,49,0,0.8123,2257.0,10,0,2,0,1.0,0
0.7448,59,0,0.7793,12302.0,8,0,2,0,2.0,0
0.4337,54,1,0.2716,,8,0,1,2,0.0,0
0.7779,55,0,0.6738,4443.0,3,0,1,0,0.0,0
0.4372,39,0,0.7275,,11,0,0,0,2.0,0
0.0967,77,0,0.4331,8490.0,12,0,1,0,0.0,0
0.4964,37,0,0.0814,,2,0,0,0,0.0,0
0.2698,64,0,0.4997,2072.0,6,0,0,0,0.0,0
0.7563,41,0,0.3166,,7,0,1,0,0.0,0
0.0013,25,0,0.185,6151.0,7,0,0,0,1.0,0
0.3174,66,0,0.2674,5595.0,9,0,1,0,0.0,0
0.4766,55,0,0.5931,5748.0,7,0,0,0,1.0,0
0.152,33,0,0.8178,6596.0,11,0,0,0,0.0,0
0.1226,62,0,0.357,4515.0,14,0,2,0,1.0,0
0.014,47,0,1.1997,3811.0,8,0,0,0,0.0,0
0.0745,78,0,0.5996,7713.0,7,0,2,0,1.0,0
0.0075,33,0,0.8669,2934.0,12,0,0,0,3.0,0
0.184,44,0,0.6172,5600.0,7,0,3,0,1.0,0
0.6527,64,0,0.6154,,7,0,0,0,0.0,0
0.4125,47,0,0.7265,7532.0,4,0,0,0,0.0,0
3.3401,41,0,0.5409,2719.0,9,0,0,0,2.0,0
2.6045,56,0,0.5947,6301.0,9,0,2,0,1.0,0
0.0219,68,0,0.4962,5239.0,7,0,1,0,2.0,0
0.6748,52,0,0.7022,4508.0,6,0,0,0,1.0,0
0.2452,49,0,0.3565,4198.0,11,0,1,0,0.0,0
0.312,42,0,0.1241,,4,0,1,0,0.0,0
0.6525,46,1,0.3425,4591.0,8,1,1,1,1.0,0
0.6947,37,0,0.2013,2823.0,12,0,2,0,1.0,0
0.677,70,0,0.5657,3597.0,7,0,1,0,0.0,0
0.1484,62,0,0.2126,4469.0,3,0,0,0,1.0,0
0.28,34,0,0.5689,,9,0,0,0,1.0,0
0.7974,44,0,0.1333,6809.0,9,0,0,0,0.0,0
0.382,63,0,0.3954,12550.0,9,0,1,0,0.0,0
0.1902,62,0,0.6991,,12,0,2,0,3.0,0
0.3493,51,0,0.7168,,9,0,0,0,3.0,0
0.0906,49,0,0.6627,6217.0,9,0,1,0,0.0,0
0.2253,52,0,0.4562,9567.0,12,0,0,0,2.0,0
0.691,46,0,0.2781,3649.0,11,0,2,0,1.0,0
0.5887,67,0,0.2533,4762.0,5,0,0,0,0.0,0
0.3361,62,0,0.5075,2542.0,8,0,2,0,0.0,0
0.0675,56,0,0.4109,9177.0,6,0,0,0,0.0,0
0.3015,37,0,0.1489,8309.0,10,0,1,0,1.0,0
0.1005,44,0,0.0268,8963.0,8,0,2,0,0.0,0
0.1332,44,0,0.4635,10121.0,13,0,2,0,0.0,0
0.2641,47,0,0.7151,2601.0,10,0,2,0,0.0,0
0.429,55,0,0.244,6946.0,6,0,1,0,1.0,0
1.1761,74,0,0.5134,5251.0,9,0,1,0,0.0,0
0.1297,55,0,0.647,6089.0,9,0,1,0,1.0,0
0.3742,33,0,0.5007,10586.0,5,0,0,0,0.0,0
0.736,62,0,0.3605,4657.0,7,0,1,0,2.0,0
0.0159,33,0,0.1487,,6,0,0,0,1.0,0
0.3701,59,0,0.2872,,8,0,0,0,1.0,0
0.8873,46,0,0.486,3916.0,3,0,1,0,1.0,0
0.2147,60,0,0.604,5929.0,9,0,3,0,1.0,0
5.5186,60,1,0.501,10475.0,8,0,1,1,0.0,0
0.718,55,0,0.4948,,11,0,0,0,0.0,0
0.7962,38,0,0.298,1343.0,5,0,0,0,0.0,0
0.7639,44,0,0.7136,1622.0,7,0,1,0,1.0,0
0.427,59,0,1.0371,4950.0,9,0,0,0,0.0,0
0.305,55,0,0.2106,2739.0,7,0,1,0,0.0,0
0.3966,78,0,0.5813,6800.0,6,0,1,0,1.0,0
0.1209,54,0,1.0124,,3,0,2,0,1.0,0
0.1096,63,2,0.3995,9524.0,12,0,2,1,1.0,1
2.1067,47,0,0.0908,5339.0,4,0,2,0,0.0,0
0.743,40,0,0.9398,7547.0,8,0,3,0,0.0,0
0.6826,68,0,0.7555,4493.0,8,0,2,0,0.0,1
0.0034,42,0,0.3201,3740.0,4,0,2,0,3.0,0
0.6905,32,0,0.1287,11676.0,4,0,0,0,,0
0.4869,33,0,0.6248,3368.0,9,0,0,0,2.0,0
0.0482,57,2,1.3535,6388.0,8,0,0,1,0.0,0
0.6777,43,0,0.3118,7299.0,9,0,1,0,0.0,0
0.231,31,0,0.4292,4034.0,11,0,0,0,0.0,0
0.6741,79,0,0.3968,4554.0,10,0,0,0,0.0,0
0.0473,21,0,0.4697,2988.0,9,0,0,0,0.0,0
0.494,46,0,0.507,5354.0,7,0,1,0,1.0,0
0.4709,75,0,0.1216,2493.0,8,0,0,0,0.0,0
0.3206,53,0,0.5418,10865.0,8,0,0,0,0.0,0
2.3153,86,0,0.2956,4000.0,2,0,1,0,1.0,0
0.4294,63,0,0.5736,3419.0,6,0,1,0,1.0,1
2.5378,35,0,1.0102,5648.0,13,0,0,0,1.0,0
0.2433,63,0,0.4083,7605.0,9,0,1,0,1.0,0
0.5163,44,0,0.3204,12743.0,7,0,0,0,0.0,0
0.7289,48,0,0.2947,,7,0,1,0,0.0,0
1.6643,38,0,0.052,16325.0,8,0,2,0,1.0,0
0.9406,43,0,0.5471,3155.0,7,0,1,0,2.0,1
1.057,62,0,0.5854,6882.0,9,0,2,0,1.0,0
0.1655,39,0,0.3448,6576.0,14,0,3,0,1.0,0
0.1747,25,0,0.575,6157.0,7,0,0,0,0.0,0
0.0493,58,0,0.238,4452.0,5,0,0,0,0.0,0
0.3912,49,2,0.3423,4759.0,8,0,0,0,1.0,0
0.1031,65,0,0.9111,4940.0,8,0,3,0,0.0,0
0.1891,41,0,0.6566,4393.0,5,0,3,0,1.0,0
0.5175,66,0,0.5895,5126.0,8,0,2,0,2.0,0
0.0048,62,0,0.3298,1629.0,11,0,2,0,0.0,0
0.2524,59,0,0.4903,5974.0,13,0,1,0,1.0,0
0.4387,33,0,0.2787,1427.0,11,0,0,0,1.0,0
0.3216,51,0,0.4915,7383.0,14,0,1,0,3.0,0
0.1698,65,0,0.4571,,10,0,4,0,1.0,0
2.2506,44,1,0.2784,4120.0,10,0,2,0,1.0,0
0.5408,23,0,0.512,17161.0,2,0,0,0,1.0,0
0.2077,43,0,0.2603,2940.0,7,0,0,0,0.0,0
0.0716,39,0,0.2163,9786.0,5,0,3,0,0.0,0
0.0843,44,0,0.6599,3967.0,10,0,0,0,1.0,0
0.3261,32,0,0.4753,6034.0,12,0,1,0,1.0,0
0.5588,63,0,1.054,4777.0,9,0,2,0,0.0,0
0.5881,61,0,0.1933,9523.0,8,0,1,0,0.0,0
0.1236,39,0,0.6078,4863.0,14,0,0,0,1.0,0
0.7634,46,0,0.1329,,4,0,1,0,2.0,0
0.1386,40,0,0.8574,2183.0,7,0,0,0,1.0,0
1.8117,59,0,0.6115,3142.0,12,0,0,0,1.0,0
0.4946,38,0,1.1718,,4,0,2,0,3.0,0
0.9638,40,0,0.14,4120.0,6,0,1,0,1.0,0
0.1305,53,0,0.4485,4670.0,6,0,0,0,0.0,0
5.0534,40,0,0.1278,4182.0,12,0,0,0,1.0,0
0.9605,75,0,0.8507,9709.0,4,0,2,0,1.0,0
0.0645,42,0,0.8234,1888.0,11,0,0,0,0.0,0
0.1135,62,0,0.491,4323.0,11,0,0,0,0.0,0
3.4079,64,0,0.2919,,7,0,1,0,0.0,0
0.14,32,0,0.6947,,12,0,2,0,1.0,0
0.5152,48,0,0.1601,1925.0,13,0,1,0,0.0,0
0.074,40,0,0.7291,8434.0,5,0,1,0,1.0,0
0.4588,65,0,0.7192,4862.0,16,0,1,0,1.0,0
0.628,51,0,0.0511,,6,0,0,0,2.0,0
0.1302,64,0,0.4759,,12,0,3,0,1.0,0
0.1164,75,0,0.6455,4498.0,4,0,1,0,1.0,0
0.2853,76,0,0.4348,13470.0,10,0,1,0,1.0,1
0.399,37,0,0.9256,2643.0,1,0,0,0,0.0,0
0.633,35,0,0.5923,,6,0,1,0,,0
0.7027,35,0,0.1929,,8,0,0,0,0.0,0
0.5412,68,0,1.0179,4231.0,10,0,0,0,2.0,0
0.08,63,0,0.1612,5375.0,12,0,3,0,0.0,0
0.3897,62,0,0.3151,,8,0,0,0,0.0,0
0.0619,60,0,0.4648,6882.0,5,0,0,0,1.0,0
0.5246,46,0,0.1351,6277.0,13,0,1,0,2.0,0
0.0566,53,1,0.8298,7713.0,11,0,2,2,2.0,0
0.5764,57,0,0.167,5544.0,6,0,0,0,0.0,0
0.644,54,0,0.7457,,12,0,2,0,0.0,0
0.0505,43,0,0.8665,6230.0,5,0,1,0,1.0,0
0.1269,75,0,0.3291,5134.0,6,0,2,0,0.0,0
0.3768,35,0,1.0459,3350.0,7,0,1,0,2.0,0
0.6158,46,0,0.7113,,9,0,2,0,0.0,0
0.1495,72,0,0.7704,5582.0,9,0,0,0,1.0,0
0.5152,65,1,0.3784,,7,0,1,0,1.0,0
1.8335,34,0,0.559,4703.0,13,0,2,0,1.0,0
0.4371,21,0,0.9422,1660.0,9,0,1,0,0.0,0
0.0676,38,0,0.1299,8557.0,4,0,1,0,,0
0.618,54,0,0.1819,14361.0,4,0,3,0,0.0,0
0.1803,53,0,0.0559,10111.0,13,0,1,0,1.0,0
0.3725,52,0,0.8412,3199.0,7,0,0,0,0.0,0
0.3344,60,0,0.2589,3242.0,10,0,0,0,0.0,0
0.3881,52,0,0.6382,4723.0,11,0,0,0,0.0,0
1.0254,65,0,0.6861,10922.0,8,0,1,0,3.0,0
0.2658,63,0,0.2391,,8,0,0,0,1.0,0
0.3103,22,0,0.1712,18629.0,10,0,1,0,0.0,1
0.1245,53,2,0.4941,2708.0,4,0,0,0,2.0,1
3.1284,49,0,0.3722,2391.0,8,0,1,0,0.0,0
0.0298,56,0,0.9952,4383.0,3,0,1,0,2.0,0
0.0307,49,0,0.7562,,11,0,1,0,1.0,0
3.0848,29,0,0.2478,8379.0,11,0,1,0,0.0,0
0.3677,58,0,0.3943,5778.0,5,0,0,0,3.0,0
0.0621,62,0,0.9106,13670.0,11,0,1,0,0.0,0
0.5326,26,0,0.6913,2453.0,6,0,0,0,1.0,1
0.2209,76,0,0.2104,2706.0,9,0,1,0,2.0,0
0.2187,65,0,0.6985,9608.0,10,0,0,0,0.0,0
0.0753,39,0,0.1334,6199.0,9,0,3,0,0.0,0
1.2112,37,0,0.6856,9141.0,6,0,0,0,0.0,0
0.6448,55,0,0.356,6335.0,10,0,1,0,0.0,0
4.1713,54,0,0.0581,2585.0,6,0,2,0,0.0,0
3.3911,61,0,0.0925,,6,0,1,0,0.0,0
3.2739,59,0,0.8176,15459.0,7,0,1,0,1.0,0
0.0627,60,0,0.3517,12940.0,7,0,1,0,0.0,0
0.9495,36,0,0.1056,3800.0,15,0,0,0,1.0,0
0.3021,50,0,0.6937,,6,0,0,0,1.0,0
0.0665,57,0,0.6466,2728.0,8,0,1,0,0.0,0
6.2732,49,0,0.4566,3631.0,8,0,1,0,1.0,0
0.2994,61,0,0.6009,,11,0,1,0,0.0,0
0.6633,67,0,0.8938,24889.0,6,0,0,0,1.0,0
0.5298,40,0,0.6922,,7,0,2,0,0.0,1
0.6224,52,2,0.5501,14949.0,6,0,0,0,2.0,0
0.3214,45,0,0.458,,10,0,0,0,1.0,0
1.6495,46,0,0.0893,5763.0,9,0,1,0,2.0,0
0.6063,29,0,0.695,8466.0,6,0,3,0,0.0,0
0.2706,58,0,0.2964,,7,0,1,0,0.0,0
0.7222,92,0,0.3664,2631.0,5,0,0,0,1.0,0
1.4427,58,0,0.5746,6576.0,5,0,2,0,0.0,0
1.866,84,0,0.2342,14538.0,9,0,1,0,3.0,0
3.8477,70,0,0.2519,3651.0,7,0,1,0,1.0,0
0.4381,41,0,0.9908,,6,0,1,0,3.0,0
0.0956,58,0,0.3276,4845.0,11,0,1,0,0.0,0
0.1183,63,0,0.3636,4953.0,9,0,1,0,0.0,0
0.3284,62,0,0.4792,7245.0,9,0,1,0,1.0,0
0.0728,42,0,0.1584,,9,0,0,0,1.0,0
0.1523,55,0,0.2877,4074.0,9,0,2,0,1.0,0
0.6117,75,0,0.3715,,8,0,0,0,2.0,0
0.0227,30,0,0.6698,4774.0,8,0,3,0,1.0,0
0.2257,66,0,0.2364,9071.0,10,0,2,0,1.0,0
0.3339,69,0,0.282,10263.0,8,0,0,0,2.0,0
0.6831,28,0,0.2289,4745.0,7,0,1,0,1.0,0
0.487,43,0,0.3925,4870.0,4,0,0,0,1.0,0
0.499,48,0,0.1898,4000.0,8,0,0,0,0.0,0
0.2501,64,1,0.954,5930.0,6,0,0,0,1.0,0
0.0885,52,0,0.6433,2576.0,9,0,1,0,1.0,0
0.2773,44,0,0.3428,3726.0,10,0,0,0,1.0,0
0.6112,53,0,0.7467,3697.0,13,0,1,0,0.0,0
0.2242,58,0,0.9123,2736.0,9,0,1,0,1.0,0
0.9672,50,0,0.2825,3114.0,13,0,1,0,0.0,0
0.6443,75,0,0.52,8687.0,7,0,2,0,0.0,0
0.5449,52,2,0.5897,,4,0,4,0,1.0,0
0.0901,62,0,0.5501,5041.0,2,0,0,0,1.0,0
1.2459,37,0,0.2324,1741.0,4,0,1,0,1.0,0
1.7305,57,0,0.0322,6729.0,4,0,0,0,1.0,0
0.0652,45,0,0.2731,2652.0,9,0,2,0,0.0,0
0.1346,45,0,0.3834,6273.0,8,0,2,0,0.0,0
0.5252,74,0,1.532,,4,0,5,0,2.0,1
0.3365,43,0,0.3415,,9,0,1,0,0.0,0
0.4303,45,0,0.3404,2653.0,9,0,0,0,0.0,0
0.1373,28,0,0.8083,8671.0,6,0,1,0,0.0,0
0.1032,40,0,0.6874,,10,0,0,0,1.0,0
3.5738,28,0,0.7186,4414.0,9,0,1,0,0.0,1
0.4614,68,0,1.0562,8041.0,7,0,1,0,0.0,0
2.8219,57,2,0.5148,6465.0,9,0,0,0,1.0,0
0.1774,63,0,0.6793,2615.0,10,0,1,0,0.0,0
0.2928,59,0,0.2367,4120.0,10,0,0,0,0.0,0
0.2985,39,0,0.2573,2459.0,3,0,1,0,1.0,0
0.2614,63,0,0.413,,7,0,3,0,0.0,0
0.817,49,0,0.3545,4060.0,10,2,0,0,2.0,0
0.0968,60,0,0.2318,5514.0,8,0,1,0,1.0,0
0.483,21,0,0.4647,7016.0,9,0,1,0,0.0,0
2.2352,35,0,0.0654,4745.0,5,0,0,0,0.0,0
0.3016,42,0,0.3064,2429.0,5,0,1,0,3.0,0
0.4802,56,0,0.1276,3144.0,8,0,2,0,1.0,0
0.0356,30,0,0.459,,7,0,0,0,0.0,0
0.2881,84,0,0.7846,,12,0,1,0,,0
1.0567,70,0,0.9681,,10,0,1,0,1.0,1
0.7861,70,0,1.2753,1341.0,6,0,2,0,0.0,1
0.096,72,0,0.7267,4835.0,7,0,2,0,0.0,0
0.0583,60,0,0.3957,3015.0,14,0,2,0,,0
0.3409,36,2,0.684,2591.0,9,2,2,1,1.0,0
0.3661,58,0,0.1095,,7,0,1,0,3.0,0
0.7254,45,0,0.1741,3365.0,11,0,1,0,1.0,0
0.5692,49,0,0.7572,,7,0,0,0,1.0,0
0.236,64,0,0.3246,,9,0,1,0,1.0,0
0.2612,44,0,0.8171,2447.0,9,0,1,0,2.0,0
0.1839,43,0,0.4406,3669.0,5,0,1,0,2.0,0
0.5772,65,0,0.5435,15717.0,5,0,2,0,0.0,0
0.0151,41,0,0.5103,4151.0,6,0,1,0,1.0,0
0.3784,48,0,0.4603,,10,0,0,0,,0
0.0652,51,0,0.1862,,9,0,1,0,1.0,0
0.5577,60,0,0.4682,3989.0,8,0,0,0,5.0,0
1.0279,62,0,0.3498,2645.0,5,0,0,0,3.0,0
0.4351,43,0,0.5191,10152.0,14,0,2,0,1.0,0
0.0338,29,0,0.162,8228.0,8,0,1,0,0.0,0
0.1036,70,0,0.4895,4695.0,13,0,3,0,1.0,0
0.9429,21,0,0.9547,2934.0,7,0,0,0,1.0,0
0.7439,58,0,0.5547,2742.0,8,0,1,0,0.0,0
0.4667,51,0,0.4881,2977.0,8,0,0,0,4.0,1
0.2797,56,0,0.6612,18811.0,11,0,2,0,0.0,0
0.0401,56,0,0.2726,7230.0,8,0,1,0,0.0,0
0.5213,49,0,0.5352,,10,0,0,0,0.0,0
0.3378,51,0,0.0348,1553.0,13,0,2,0,1.0,0
0.1785,57,0,0.1415,7587.0,8,0,0,0,0.0,0
0.4448,56,0,0.5156,,10,0,1,0,2.0,0
0.0467,21,0,0.718,2394.0,6,0,0,0,1.0,0
0.6,51,0,0.8966,8828.0,4,0,1,0,0.0,0
1.1392,63,0,0.3236,10247.0,6,0,1,0,1.0,0
0.2894,42,1,0.3808,1183.0,2,0,1,0,0.0,0
0.4087,58,0,0.0313,4918.0,8,0,0,0,2.0,0
0.2774,66,0,0.1318,6334.0,8,0,2,0,0.0,0
0.3035,53,0,0.539,6163.0,12,0,2,0,1.0,0
1.2904,54,0,0.5304,3228.0,15,0,1,0,1.0,0
0.1746,33,0,0.6592,3008.0,9,0,1,0,3.0,0
0.2779,51,0,0.6093,4906.0,7,0,0,0,0.0,0
0.0518,59,0,0.1301,3224.0,10,0,0,0,0.0,0
0.5783,46,0,0.1946,26473.0,6,0,0,0,3.0,0
0.0697,47,0,0.5401,2461.0,14,0,1,0,1.0,0
0.0166,59,0,0.2585,7730.0,7,0,2,0,2.0,0
0.1273,57,0,0.7228,8107.0,9,0,1,0,2.0,0
0.5075,59,0,0.9865,4998.0,7,0,1,0,1.0,0
0.384,30,2,0.4485,4592.0,11,0,0,0,0.0,0
7.3707,58,1,0.423,5193.0,9,0,1,0,0.0,0
0.2024,30,0,0.0361,,5,0,1,0,1.0,0
0.3217,48,0,0.8757,2296.0,5,0,0,0,0.0,0
0.2497,79,0,0.4133,,8,0,1,0,0.0,0
0.2588,60,0,0.3997,,3,0,0,0,1.0,0
0.109,57,0,0.3536,9480.0,9,0,0,0,2.0,0
0.0593,40,0,0.6575,,13,0,1,0,2.0,0
0.5143,74,0,0.3577,5096.0,13,0,0,0,1.0,0
0.4675,56,0,0.6028,12032.0,9,0,1,0,0.0,0
0.1203,21,0,0.0072,5458.0,5,0,0,0,0.0,0
0.2727,42,0,0.1884,4571.0,8,0,0,0,1.0,0
0.5671,56,0,0.5837,5801.0,4,0,2,0,0.0,0
0.4901,49,0,0.0945,6040.0,12,0,2,0,1.0,0
0.5661,67,0,0.4816,7118.0,6,0,1,0,0.0,0
0.1775,36,0,0.5242,13009.0,10,0,0,0,1.0,0
0.4337,54,0,0.0841,,7,0,0,0,3.0,0
0.8391,43,0,0.1256,,10,0,3,0,0.0,0
0.382,54,0,0.5782,9475.0,16,0,1,0,1.0,0
0.091,44,0,0.4804,5722.0,7,0,0,0,1.0,0
0.6008,53,1,0.2388,7148.0,7,0,2,0,0.0,0
0.7097,73,0,0.1799,2614.0,7,0,2,0,0.0,0
0.5143,30,0,0.2156,2360.0,7,0,1,0,1.0,0
1.3241,81,0,0.3771,2066.0,11,0,1,0,1.0,0
0.5381,95,2,0.3539,4572.0,2,0,1,0,1.0,0
0.1086,45,0,0.4702,2824.0,8,0,1,0,2.0,0
0.2414,72,0,0.3743,3319.0,6,0,0,0,1.0,0
0.1167,65,0,0.1983,6045.0,5,0,0,0,1.0,0
0.7187,63,0,0.9303,,6,0,2,0,0.0,0
0.9726,41,0,0.5431,10935.0,6,0,1,0,0.0,0
4.5137,39,0,0.6665,12096.0,10,0,1,0,1.0,0
1.0849,45,0,0.4275,2620.0,9,0,1,0,1.0,0
0.1699,46,0,0.7134,8684.0,8,0,0,0,0.0,0
0.6719,35,2,0.7813,2589.0,7,0,1,0,1.0,0
0.83,41,0,0.7593,2748.0,9,0,0,0,0.0,0
0.4413,66,0,0.7826,,11,0,2,0,,0
0.5461,74,2,0.4482,,5,0,1,0,0.0,0
0.3128,39,0,0.9757,,6,0,1,0,2.0,0
0.3134,86,0,0.411,3085.0,3,0,2,0,1.0,0
0.0436,32,0,0.4243,4986.0,7,0,1,0,0.0,0
0.9335,35,0,0.6073,5090.0,8,0,1,0,1.0,0
2.4593,26,1,1.0402,,9,0,2,0,1.0,0
0.2641,27,0,0.3334,4603.0,8,0,0,0,1.0,0
0.4169,68,0,0.4151,5022.0,9,0,0,0,0.0,0
2.0958,45,0,0.1008,4327.0,7,0,0,0,0.0,0
0.1126,51,0,0.2206,3361.0,11,0,1,0,0.0,0
0.5869,47,0,0.8249,2857.0,10,0,1,0,2.0,0
0.9288,33,0,0.2862,2992.0,9,0,2,0,0.0,0
0.3576,27,0,0.6999,1446.0,13,0,0,0,2.0,0
0.5048,21,0,0.402,3947.0,8,0,3,0,0.0,0
0.0082,47,0,0.4474,,9,0,2,0,1.0,0
0.9103,56,0,0.9034,3509.0,8,0,0,0,0.0,0
1.3463,37,0,0.9076,10043.0,5,0,0,0,1.0,0
1.1522,21,1,0.2187,5539.0,4,0,0,0,2.0,0
0.4926,63,0,0.7412,,12,0,0,0,1.0,0
2.3459,65,0,0.5361,3372.0,7,0,2,0,1.0,0
0.0223,30,0,0.4107,4993.0,7,0,1,0,0.0,0
0.274,33,4,0.6568,,8,0,1,0,1.0,0
0.8994,61,0,0.5949,3653.0,6,0,0,0,1.0,0
1.2264,23,0,0.3795,3979.0,10,0,0,0,0.0,0
0.1206,30,0,0.308,5973.0,9,0,2,0,0.0,0
2.0705,70,0,0.2634,3095.0,8,0,1,0,1.0,0
0.3543,42,0,0.6323,3547.0,11,0,1,0,1.0,0
0.2121,50,0,0.805,7762.0,5,0,1,0,4.0,0
0.4348,33,0,0.8199,,7,0,4,0,1.0,0
0.0579,66,0,0.9043,4283.0,11,0,0,0,0.0,0
0.4506,49,0,0.0253,15756.0,7,0,1,0,2.0,0
0.2066,64,0,0.0806,3069.0,14,0,1,0,2.0,0
0.0004,42,0,0.409,4885.0,9,0,0,0,2.0,0
0.8723,34,0,0.4322,,13,0,1,0,2.0,0
0.6092,48,0,0.2871,4524.0,3,0,1,0,0.0,0
0.1817,38,0,0.4147,2964.0,17,0,0,0,1.0,0
0.4387,42,0,0.8133,8986.0,8,0,5,0,2.0,0
0.3793,38,0,0.3068,7736.0,7,0,2,0,0.0,0
0.1587,32,0,0.2749,2999.0,12,0,1,0,1.0,0
0.6265,60,0,0.5055,7780.0,10,0,1,0,0.0,0
0.1052,56,0,0.827,6898.0,6,0,3,0,0.0,0
6.0099,35,0,0.7855,5900.0,6,1,2,0,1.0,0
0.4245,75,0,0.2717,,8,0,1,0,1.0,0
0.2447,39,0,0.247,3637.0,12,0,0,0,1.0,0
0.2612,61,0,0.1441,10509.0,6,0,1,0,0.0,0
0.1996,21,0,0.4637,2869.0,2,0,2,0,2.0,0
0.5147,45,0,0.5131,17586.0,4,0,0,0,0.0,0
0.1406,23,0,0.2785,8332.0,8,0,0,0,0.0,0
1.7216,37,0,0.9957,2120.0,6,0,1,0,0.0,0
0.3372,55,0,0.2822,4523.0,11,0,1,0,0.0,0
0.3095,54,0,0.2244,5551.0,6,0,5,0,0.0,0
0.3809,39,0,1.0894,6075.0,8,0,2,0,2.0,0
0.1709,50,0,0.1518,3950.0,6,0,2,0,1.0,0
0.4839,54,3,0.175,8988.0,7,0,3,0,0.0,0
1.0498,41,2,0.4055,7836.0,11,0,1,0,0.0,0
0.2921,59,0,0.0679,13843.0,7,0,0,0,,0
0.2979,51,0,0.076,1728.0,10,0,2,0,2.0,0
0.8419,42,0,0.0908,5285.0,1,0,0,0,0.0,0
0.0916,75,0,0.0176,,10,0,2,0,0.0,0
0.7262,44,0,0.4142,3511.0,9,0,0,0,2.0,0
0.1864,35,0,0.314,4334.0,8,0,3,0,2.0,0
0.3152,63,0,0.1052,,15,0,3,0,0.0,0
0.6181,58,0,0.2435,9689.0,8,0,0,0,1.0,0
0.2373,21,0,0.1546,,5,0,0,0,0.0,0
0.0011,22,1,0.5181,3197.0,11,0,0,0,0.0,0
5.3941,56,0,0.3142,9150.0,6,0,1,0,1.0,0
0.1763,40,1,0.2475,6856.0,18,0,0,3,0.0,0
4.5134,54,0,0.3813,8919.0,11,0,2,0,2.0,0
0.5213,44,0,1.1429,1546.0,9,0,0,0,1.0,1
2.7475,57,0,1.0253,4596.0,11,0,0,0,2.0,0
0.3387,60,0,1.0015,,5,0,0,0,,0
0.4906,23,0,0.4935,6151.0,5,0,2,0,1.0,0
0.9793,35,0,0.294,5437.0,8,0,2,0,1.0,0
0.3505,72,0,0.4046,7771.0,6,0,1,0,0.0,0
0.4644,56,0,0.1345,4020.0,3,0,0,0,0.0,0
0.8434,59,0,0.3966,6528.0,7,0,2,0,0.0,0
0.2371,82,0,0.7723,8062.0,7,0,3,0,0.0,0
0.0475,66,0,0.2432,2664.0,11,0,1,0,1.0,0
0.564,51,0,0.8321,6173.0,7,0,0,0,2.0,0
0.21,34,0,0.4751,,7,0,2,0,1.0,0
7.0812,69,0,0.6636,,10,0,2,0,0.0,1
0.0672,69,0,0.39,11541.0,7,0,2,0,2.0,1
0.1687,54,0,0.6463,,8,0,1,0,2.0,0
0.5536,78,0,0.6139,7693.0,1,0,1,0,1.0,0
0.4893,56,0,0.2223,12611.0,10,0,1,0,1.0,0
0.1477,53,0,0.1623,4223.0,7,0,2,0,0.0,0
0.8706,69,0,0.0669,10331.0,7,0,1,0,0.0,0
1.6295,59,0,0.9141,5204.0,5,0,2,0,2.0,0
1.1513,63,0,0.9442,2063.0,3,0,0,0,2.0,0
0.5984,22,0,0.516,6940.0,7,0,1,0,2.0,0
0.1955,57,1,0.2565,8284.0,7,0,0,1,0.0,0
0.5487,45,1,0.798,3439.0,11,2,2,0,,0
0.2552,44,0,0.3584,5555.0,8,0,2,0,1.0,0
0.7875,49,0,0.84,14014.0,10,0,3,0,3.0,0
0.5319,42,0,0.1689,8112.0,11,0,0,0,1.0,0
0.4277,62,0,0.3072,5259.0,8,0,1,0,1.0,0
0.2251,35,0,1.1141,2512.0,10,0,0,0,0.0,0
0.592,27,0,0.8129,23978.0,5,0,0,0,1.0,0
0.4671,50,0,0.4632,9081.0,8,0,2,0,1.0,0
2.5668,71,0,0.3849,9538.0,8,0,2,0,1.0,0
0.5722,45,0,0.4576,3458.0,11,0,1,0,1.0,0
1.2181,48,0,0.1706,6101.0,8,0,1,0,1.0,0
0.7365,48,0,1.2591,,6,0,0,0,1.0,1
0.9833,87,0,0.1847,6709.0,7,0,0,0,0.0,1
1.5516,65,0,0.2519,2303.0,11,0,2,0,1.0,0
0.6595,44,0,0.3344,7844.0,6,0,1,0,1.0,0
0.1535,49,0,0.8376,10150.0,11,0,0,0,0.0,0
5.3297,41,0,0.5629,,8,0,0,0,0.0,0
0.1099,78,0,0.4382,1857.0,13,0,0,0,1.0,0
0.2813,30,0,0.1583,6249.0,9,0,0,0,0.0,0
0.3203,38,0,0.6446,4427.0,12,0,1,0,,0
0.2714,64,0,0.2611,10835.0,9,0,0,0,2.0,0
1.011,76,0,0.7311,7829.0,8,0,2,0,0.0,0
0.0005,52,0,1.0654,4527.0,9,0,1,0,0.0,0
2.9418,48,0,0.2068,9693.0,9,0,2,0,0.0,0
0.6892,52,0,0.5956,3463.0,3,0,1,0,,0
0.2472,53,0,0.9137,6534.0,4,0,1,0,1.0,0
6.3762,81,1,0.3888,6052.0,7,0,1,0,0.0,0
0.2136,58,0,0.2408,,10,0,1,0,2.0,0
0.5549,47,0,0.5441,8331.0,7,0,1,0,0.0,0
0.4951,58,0,0.5361,3313.0,5,0,1,0,0.0,0
0.1427,65,0,0.1826,11895.0,6,0,0,0,0.0,0
0.1056,39,0,0.489,3538.0,10,0,0,0,0.0,0
0.0258,56,0,0.3433,3830.0,10,0,2,0,1.0,0
0.685,52,0,0.5135,5868.0,8,0,2,0,2.0,0
2.3913,36,0,0.5825,7507.0,10,0,1,0,,0
0.546,46,0,0.5935,10305.0,7,0,3,0,1.0,0
0.2372,45,0,0.5029,12105.0,7,0,1,0,1.0,0
0.1548,45,0,0.6317,3363.0,10,0,1,0,1.0,0
0.6468,78,3,0.658,5058.0,7,0,0,1,1.0,0
0.2205,52,0,0.546,5666.0,7,0,1,0,2.0,0
0.0255,57,0,0.379,,8,0,1,0,1.0,0
0.119,61,0,0.6681,6483.0,8,0,0,0,0.0,0
0.5247,51,0,0.4572,2916.0,10,0,1,0,0.0,0
0.2241,46,0,0.6067,1633.0,8,0,2,0,1.0,0
0.1362,73,0,0.168,2797.0,19,0,1,0,1.0,0
0.4199,73,0,0.5025,18737.0,8,0,2,0,1.0,0
6.7863,65,4,0.7553,3599.0,7,0,0,0,0.0,0
0.4468,50,0,0.1985,8149.0,6,0,0,0,0.0,0
0.4556,57,0,0.8751,5579.0,11,0,1,0,0.0,0
0.3413,41,1,0.3289,1453.0,6,2,0,1,0.0,0
0.0693,53,2,0.2548,1425.0,5,0,0,3,0.0,0
0.2145,36,0,0.6812,6100.0,14,0,3,0,0.0,0
2.3154,63,0,0.4893,9251.0,11,0,3,0,1.0,0
0.4887,75,0,0.4678,5560.0,7,0,1,0,2.0,0
0.5942,36,0,0.5601,7372.0,8,0,1,0,0.0,0
0.0157,77,0,0.1707,9367.0,7,0,1,0,1.0,0
0.5739,61,0,0.0421,1614.0,7,0,0,0,1.0,0
4.4724,41,0,0.4936,16448.0,11,0,2,0,0.0,0
0.1298,56,0,0.2689,4266.0,3,0,0,0,0.0,0
5.0923,74,0,0.2326,8651.0,7,0,0,0,1.0,0
0.1159,69,0,0.41,,4,0,0,0,2.0,0
0.5368,69,0,0.5581,,9,0,3,0,0.0,0
0.6686,47,0,0.6525,4178.0,8,0,0,0,2.0,0
0.129,39,0,0.4955,7087.0,8,0,2,0,1.0,0
0.4052,52,0,0.2432,4783.0,9,0,2,0,0.0,0
0.6393,54,1,0.322,16544.0,5,0,2,0,2.0,0
0.7838,49,0,0.5596,19983.0,8,0,1,0,0.0,0
1.2293,43,0,0.2,,6,0,0,0,0.0,0
0.1157,38,0,0.4018,2582.0,8,0,2,0,0.0,0
0.0137,62,0,0.4972,11526.0,10,0,0,0,,0
0.6156,42,0,0.1989,2141.0,6,0,1,0,1.0,0
0.2173,63,0,0.623,3703.0,8,0,1,0,0.0,0
0.5226,48,0,0.4726,6977.0,12,0,0,0,0.0,0
0.7989,51,0,0.3592,13319.0,10,0,1,0,0.0,0
0.7233,35,0,1.0528,8427.0,11,0,1,0,1.0,0
0.7452,58,0,0.0926,,9,0,0,0,0.0,0
0.4387,48,0,0.5424,5009.0,5,0,0,0,0.0,0
0.303,37,2,0.3321,11385.0,6,1,0,0,1.0,0
0.089,49,0,0.1418,,7,0,1,0,0.0,0
0.2817,40,0,0.5043,3058.0,6,0,1,0,0.0,0
0.1082,30,0,0.6001,6649.0,8,0,0,0,0.0,0
0.8301,63,0,0.2764,5399.0,7,0,3,0,2.0,0
0.7463,36,0,0.2787,9506.0,8,0,0,0,0.0,0
0.5286,58,0,0.5214,8045.0,8,0,0,0,1.0,0
0.1496,84,0,0.2977,,7,0,0,0,,0
0.0977,39,0,0.4074,3585.0,7,0,0,0,0.0,0
0.1302,59,0,0.2605,11878.0,6,0,2,0,0.0,0
0.355,46,0,0.1768,,10,0,4,0,1.0,0
0.2882,55,0,0.5157,1852.0,4,0,0,0,1.0,0
1.091,27,0,1.1739,6129.0,2,0,1,0,2.0,0
0.1486,58,0,0.5325,11393.0,8,0,5,0,0.0,0
0.6516,53,0,0.7609,11306.0,6,0,1,0,2.0,0
0.8497,86,0,0.5505,7523.0,9,0,3,0,1.0,0
0.7637,23,0,0.1659,3352.0,9,0,2,0,0.0,0
0.7784,45,0,0.9955,5528.0,5,0,3,0,2.0,0
0.5256,58,0,0.8646,8629.0,9,0,0,0,4.0,0
1.7986,64,0,0.1368,,9,0,0,0,1.0,0
0.0326,50,0,0.6454,17013.0,11,0,0,0,1.0,0
0.2856,70,0,0.3592,1379.0,5,0,1,0,0.0,0
3.5498,53,0,0.0382,11338.0,11,0,2,0,0.0,0
0.3584,54,0,0.2494,,8,0,3,0,2.0,0
0.6624,28,0,0.2737,2564.0,4,0,0,0,1.0,0
3.2229,60,0,0.2299,5414.0,7,0,3,0,1.0,0
0.3257,73,0,0.9406,,5,0,2,0,0.0,0
0.0174,38,0,0.4293,2691.0,9,0,2,0,2.0,0
0.0099,46,2,0.2961,1983.0,9,0,2,0,0.0,0
0.4395,32,0,0.1731,6192.0,5,0,0,0,1.0,0
0.6543,59,0,0.5021,,6,0,1,0,3.0,0
0.0556,50,0,0.5763,6256.0,10,0,0,0,1.0,0
4.3195,63,0,0.7022,,5,0,1,0,1.0,0
0.3645,51,0,0.0605,4991.0,7,0,3,0,0.0,0
0.3706,51,3,1.0183,4042.0,11,0,2,0,1.0,0
0.729,51,0,0.4491,4021.0,8,0,2,0,0.0,0
0.3407,54,0,0.3466,7826.0,7,0,1,0,1.0,0
0.6542,52,0,0.7173,7706.0,7,0,1,0,0.0,0
0.1099,58,0,0.2481,8712.0,6,0,2,0,2.0,0
0.2983,72,0,0.8559,10184.0,9,0,0,0,3.0,0
0.0798,66,0,0.3608,14228.0,8,0,1,0,1.0,0
1.1954,77,0,0.2959,14134.0,8,0,0,0,3.0,1
1.3804,36,0,0.0956,5073.0,5,0,2,0,0.0,0
0.4028,41,0,0.2707,2181.0,5,0,3,0,1.0,0
0.6584,68,0,0.1831,14219.0,8,0,0,0,3.0,0
0.3754,38,0,0.0548,6407.0,7,0,1,0,,0
0.2567,75,0,0.3513,5325.0,14,0,0,0,1.0,0
0.2308,45,0,0.3743,5376.0,9,0,3,0,0.0,0
2.3452,50,0,0.5589,12184.0,6,0,0,0,0.0,0
0.2253,47,0,0.1027,3010.0,6,0,2,0,0.0,0
3.0344,52,2,0.185,8019.0,7,1,1,0,0.0,0
0.5685,75,2,0.213,5287.0,9,2,1,0,1.0,0
0.2921,70,0,0.4955,6238.0,7,0,2,0,0.0,0
0.0714,79,0,0.8584,6093.0,9,0,2,0,0.0,0
1.1665,84,0,1.0018,7873.0,11,0,2,0,,0
0.3124,46,0,0.1685,,13,0,1,0,0.0,0
0.0408,38,0,0.7113,3073.0,7,0,1,0,0.0,0
7.6219,54,0,0.1936,2490.0,9,0,1,0,1.0,0
0.0976,57,0,0.2668,11046.0,10,0,1,0,1.0,0
0.06,31,0,0.3964,3546.0,4,0,2,0,0.0,0
3.5764,63,1,0.5236,4114.0,12,1,1,1,2.0,0
0.439,37,0,0.8212,3398.0,6,0,0,0,0.0,0
0.3679,46,0,0.3131,6908.0,8,0,1,0,0.0,0
0.3455,62,0,0.7358,,3,0,0,0,2.0,0
1.1497,59,0,1.265,15726.0,13,0,0,0,0.0,0
0.5052,53,0,0.09,18981.0,5,0,2,0,0.0,0
0.5684,55,0,0.322,7127.0,10,0,0,0,3.0,0
0.083,61,0,0.5828,9422.0,5,0,1,0,0.0,0
4.1376,44,0,0.794,10887.0,6,0,1,0,0.0,0
4.5292,57,0,0.2202,3877.0,7,0,2,0,,0
0.0148,52,0,0.5821,5473.0,9,0,1,0,2.0,0
0.3684,54,0,0.1078,4162.0,6,0,1,0,,0
0.1055,68,0,0.3512,5915.0,6,0,1,0,1.0,0
0.2978,56,0,0.6864,2912.0,4,0,3,0,3.0,0
0.2981,72,0,0.6626,15203.0,7,0,1,0,2.0,0
0.4273,45,0,0.561,7498.0,5,0,1,0,0.0,0
0.089,51,0,0.6038,5144.0,7,0,0,0,0.0,0
0.648,31,0,0.6968,,7,0,1,0,0.0,0
0.3517,39,1,0.4204,4339.0,3,0,3,1,0.0,0
0.298,47,0,0.2889,4219.0,8,0,1,1,1.0,0
0.7034,59,0,0.5892,3818.0,14,0,3,0,0.0,0
0.8739,45,0,0.2832,2793.0,6,0,0,0,2.0,0
0.0449,37,0,0.4248,,7,0,1,0,0.0,0
1.7776,57,0,0.4473,8580.0,11,0,0,0,0.0,1
6.4207,29,0,0.5605,3977.0,11,0,3,0,3.0,0
1.3106,29,0,0.192,6267.0,9,0,3,0,2.0,0
0.0102,41,0,0.8059,8664.0,9,0,1,0,1.0,0
0.935,58,0,0.4659,5569.0,7,0,3,0,1.0,0
0.2195,40,0,0.3115,12296.0,9,0,1,0,1.0,0
0.7291,53,0,0.7148,15255.0,8,0,0,0,0.0,0
0.4367,62,0,0.6281,3637.0,8,0,0,0,1.0,1
0.0815,59,0,0.8975,5866.0,6,0,1,0,0.0,0
0.4894,76,0,0.8306,5257.0,3,0,2,0,4.0,0
0.9575,54,0,1.0566,4860.0,4,0,2,0,1.0,0
0.955,72,0,0.2589,15087.0,8,0,0,0,0.0,0
0.8396,61,0,0.8056,8428.0,5,0,1,0,2.0,0
0.7521,47,4,0.33,3430.0,9,1,1,0,2.0,0
0.7105,39,1,0.2266,8704.0,6,0,0,1,1.0,0
0.0865,54,0,0.4577,8492.0,11,0,1,0,0.0,0
1.7566,34,0,0.2998,1345.0,10,0,0,0,0.0,0
0.6211,49,0,0.5039,13203.0,11,0,1,0,1.0,0
0.4439,50,0,0.4857,7973.0,8,0,1,0,3.0,0
0.5875,69,0,0.3576,3731.0,7,0,1,0,1.0,0
9.3265,42,0,0.3253,,7,0,1,0,1.0,0
0.2666,58,0,0.0995,7627.0,12,0,1,0,1.0,0
0.4337,38,0,0.5534,,7,0,0,0,0.0,0
1.9496,64,0,0.1165,12091.0,5,0,1,0,1.0,0
0.1005,73,0,0.3981,10871.0,9,0,3,0,0.0,0
0.6157,40,0,0.29,3330.0,8,0,0,0,1.0,0
0.686,54,0,0.5404,4674.0,9,0,2,0,3.0,0
0.5727,88,0,0.0292,5724.0,9,0,1,0,2.0,1
0.5016,42,0,0.2997,7647.0,11,0,1,0,2.0,0
2.9578,32,0,0.2,,8,0,2,0,1.0,0
0.7674,55,0,0.403,26487.0,7,0,0,0,1.0,0
1.5138,37,0,0.4229,3364.0,12,0,2,0,0.0,0
3.8891,57,0,0.4175,2826.0,7,0,0,0,1.0,0
2.0454,64,0,0.3644,2428.0,10,0,3,0,2.0,0
0.2883,38,0,0.4997,,4,0,2,0,0.0,0
0.0828,31,0,0.9906,6450.0,11,0,0,0,0.0,0
0.6298,66,0,0.1755,,6,0,2,0,2.0,0
0.9991,76,0,0.459,13659.0,7,0,0,0,0.0,0
2.118,48,0,0.293,5124.0,6,0,0,0,0.0,0
0.2341,71,0,0.5061,4843.0,11,0,0,0,1.0,0
0.4131,77,0,0.3177,3291.0,5,0,1,0,1.0,0
0.1398,62,0,0.2622,7146.0,5,0,1,0,0.0,0
0.4182,54,0,0.5215,,8,0,3,0,0.0,1
0.0754,62,0,0.3788,10467.0,9,0,0,0,2.0,0
0.8365,64,0,0.5394,1275.0,9,0,0,0,0.0,0
0.1457,21,0,0.3705,2795.0,6,0,1,0,,0
0.712,50,0,0.5363,3488.0,8,0,0,0,1.0,0
0.1804,34,1,0.8503,4260.0,10,0,2,0,1.0,1
0.7791,39,0,0.3143,2725.0,12,0,0,0,1.0,0
0.2456,56,0,0.5711,4762.0,11,0,0,0,1.0,0
0.1844,51,0,0.7468,,5,0,1,0,1.0,0
0.549,52,0,0.2925,17914.0,5,0,0,0,0.0,0
0.2985,50,0,0.3472,2955.0,11,0,1,0,1.0,0
0.1935,49,0,0.6464,4985.0,10,0,1,0,1.0,0
0.5324,52,0,0.1547,2887.0,13,0,1,0,1.0,0
0.0045,74,0,0.4986,6778.0,3,0,2,0,,0
0.218,61,0,0.3604,1752.0,8,0,0,0,0.0,0
1.6607,39,0,0.4348,4580.0,3,0,2,0,2.0,0
0.4961,46,0,1.3068,3172.0,10,0,1,0,0.0,1
0.082,62,0,0.305,4209.0,9,0,0,0,1.0,0
0.3841,48,0,0.1353,9258.0,12,0,0,0,1.0,0
0.3628,59,0,0.1306,5148.0,10,0,0,0,0.0,0
0.5852,52,0,0.6363,5984.0,5,0,2,0,1.0,0
7.8781,55,0,0.0717,,3,0,0,0,0.0,0
0.4708,70,0,0.7807,,7,0,1,0,0.0,0
0.25,58,0,0.3211,3276.0,4,0,0,0,1.0,0
0.1431,79,0,0.8432,1570.0,7,0,0,0,1.0,0
0.5684,43,0,0.4213,16363.0,8,0,0,0,1.0,0
0.5728,39,0,0.6185,3069.0,12,0,0,0,1.0,1
2.268,58,1,0.2884,,10,0,0,0,0.0,0
0.7116,49,0,0.8338,3560.0,5,0,0,0,2.0,0
0.3113,54,0,0.371,13788.0,9,0,3,0,1.0,0
0.4919,57,0,0.376,15712.0,13,0,4,0,1.0,0
0.3936,34,0,0.7721,10877.0,4,0,1,0,1.0,0
0.1864,21,0,0.2953,2262.0,12,0,0,0,0.0,0
0.3256,62,0,0.1797,3657.0,3,0,3,0,1.0,0
0.7705,32,0,0.7179,,7,0,2,0,2.0,0
0.6451,45,1,0.2331,5002.0,5,2,2,0,,0
0.1989,50,0,0.1306,5793.0,9,0,1,0,0.0,0
0.5244,51,0,0.3244,6750.0,6,0,1,0,0.0,0
0.141,63,0,0.4185,8116.0,5,0,1,0,4.0,0
1.7565,61,0,0.376,,11,0,3,0,1.0,0
3.4237,55,0,0.3617,4535.0,6,0,1,0,0.0,0
0.2439,60,0,0.4845,,9,0,3,0,0.0,0
0.3912,38,0,0.8392,4218.0,14,0,1,0,1.0,0
1.933,41,0,0.2306,2334.0,6,0,1,0,0.0,0
0.7426,95,0,0.1081,3824.0,6,0,2,0,1.0,1
0.5959,54,0,0.4792,3590.0,5,0,1,0,1.0,0
0.1744,64,2,0.6819,2606.0,8,1,0,0,2.0,0
0.1965,36,0,0.8092,1920.0,9,0,1,0,1.0,0
0.505,62,0,0.8678,5231.0,11,0,3,0,0.0,0
0.1736,48,0,0.2496,5038.0,10,0,1,0,1.0,0
0.5112,45,0,0.6478,,8,0,0,0,1.0,0
0.5577,77,0,1.2728,4649.0,6,0,1,0,2.0,1
0.6815,74,0,0.9101,4836.0,12,0,2,0,2.0,0
0.0877,52,0,0.4795,4106.0,6,0,0,0,1.0,0
0.0314,55,0,0.784,,5,0,2,0,1.0,0
0.3087,47,0,1.0983,,11,0,0,0,1.0,0
0.4423,36,0,0.5301,2920.0,6,0,0,0,2.0,0
0.243,53,0,0.4503,8934.0,7,0,1,0,3.0,0
0.2785,55,0,0.1218,5784.0,9,0,2,0,0.0,0
0.2929,67,0,0.7143,3607.0,11,0,1,0,,0
0.5438,60,0,0.8365,3874.0,4,0,2,0,0.0,0
0.5805,38,0,0.1672,16152.0,4,0,2,0,0.0,0
0.136,23,0,0.9882,2657.0,10,0,3,0,0.0,0
0.3128,48,0,0.2187,6823.0,10,0,2,0,0.0,0
1.3876,34,0,0.7471,5104.0,7,0,1,0,0.0,0
1.9767,51,1,0.3011,8283.0,10,1,1,0,0.0,0
0.4638,58,0,0.4519,14009.0,10,0,3,0,2.0,0
0.2687,57,0,0.1925,1872.0,8,0,0,0,0.0,0
0.1022,46,0,0.3511,2358.0,3,0,1,0,,0
0.6425,58,0,0.2068,,8,0,1,0,1.0,0
0.2137,72,0,0.3318,6880.0,6,0,1,0,0.0,0
1.2505,58,0,0.383,4394.0,3,0,0,0,0.0,0
0.1698,57,0,0.1815,8797.0,5,0,0,0,1.0,0
0.2545,45,0,0.3845,1472.0,10,0,2,0,0.0,0
0.9611,55,0,0.6225,9996.0,4,0,0,0,1.0,0
2.7504,74,0,0.442,6128.0,9,0,2,0,1.0,0
0.4933,52,0,0.7361,,11,0,1,0,1.0,0
0.0744,48,0,0.2404,4293.0,10,0,0,0,0.0,0
0.2721,69,0,0.7624,1871.0,6,0,1,0,1.0,0
0.0208,50,0,0.4029,15455.0,13,0,1,0,1.0,0
0.0714,61,0,0.3128,3524.0,9,0,0,0,0.0,0
10.4357,56,0,0.8898,7822.0,5,0,0,0,1.0,0
0.9962,60,0,0.4873,,6,0,4,0,0.0,0
0.2652,64,0,0.3133,22218.0,10,0,2,0,1.0,0
0.246,70,0,0.3277,10553.0,7,0,2,0,0.0,0
0.3785,68,0,0.6102,5027.0,4,0,1,0,1.0,0
0.3836,73,0,0.3192,8604.0,11,0,1,0,1.0,0
0.3134,49,0,0.2165,3434.0,8,0,0,0,0.0,0
0.1001,36,0,0.8682,8735.0,13,0,2,0,1.0,0
0.1022,50,0,0.4703,6661.0,7,0,2,0,1.0,0
0.069,93,0,0.4016,11307.0,4,0,0,0,0.0,0
0.0766,51,2,0.5094,14897.0,8,0,0,0,0.0,0
0.0273,27,0,1.1426,3369.0,7,0,2,0,,0
0.0857,90,0,0.0725,8587.0,12,0,0,0,0.0,0
0.1769,56,0,0.4754,6172.0,8,0,1,0,2.0,0
1.1268,41,0,0.2643,15293.0,7,0,6,0,1.0,0
0.1455,36,0,0.4957,,11,0,1,0,0.0,0
0.815,55,0,0.0989,10696.0,11,0,0,0,1.0,0
0.0058,63,0,0.1912,12979.0,6,0,0,0,0.0,0
0.5495,62,0,0.4848,4228.0,8,0,2,0,1.0,0
0.282,66,0,0.7697,7414.0,8,0,1,0,2.0,0
0.4705,32,0,0.5126,,10,0,1,0,1.0,0
0.2716,36,0,0.0231,1965.0,12,0,1,0,1.0,0
0.1719,53,0,0.1418,7125.0,7,0,1,0,3.0,0
0.1991,69,0,0.3963,,9,0,1,0,2.0,0
0.3135,47,0,0.6988,9648.0,3,0,1,0,0.0,0
0.3164,21,0,0.3117,,7,0,0,0,2.0,0
0.0506,65,0,0.4314,12082.0,16,0,0,0,0.0,0
0.1962,21,0,0.3002,6962.0,4,0,2,0,0.0,0
0.5015,46,0,0.1767,5494.0,6,0,0,0,2.0,0
1.5492,64,0,0.1632,8205.0,9,0,0,0,1.0,0
0.1675,63,0,0.3858,7566.0,6,0,1,0,1.0,0
1.0498,30,0,0.6551,,7,0,1,0,0.0,0
0.296,66,0,0.0762,6360.0,6,0,0,0,1.0,0
0.7942,72,1,0.7553,,11,1,2,0,1.0,0
0.3364,62,0,0.7809,5421.0,8,0,0,0,1.0,0
0.0138,50,0,0.5199,3828.0,10,0,1,0,1.0,0
0.1581,59,0,0.182,,5,0,2,0,2.0,0
0.0706,43,0,0.479,11919.0,6,0,3,0,2.0,0
0.1245,68,0,0.7861,5080.0,7,0,1,0,2.0,0
0.0867,74,0,0.6041,3365.0,10,0,2,0,,0
0.0475,47,3,0.5947,1580.0,10,0,0,1,2.0,0
0.8809,64,0,0.8776,17362.0,11,0,1,0,0.0,0
0.3567,67,0,0.7179,4504.0,10,0,0,0,0.0,0
0.6131,50,0,0.2008,3638.0,8,0,0,0,0.0,0
0.5228,21,0,0.0635,3790.0,8,0,1,0,0.0,0
0.4491,55,0,0.3097,2534.0,9,0,2,0,1.0,0
0.0424,21,0,0.7601,4482.0,5,0,1,0,0.0,0
4.4579,76,0,0.1624,4406.0,7,0,2,0,1.0,0
2.3061,61,0,0.2859,4492.0,7,0,0,0,0.0,0
0.1913,49,0,0.5834,5205.0,11,0,0,0,0.0,0
1.8356,66,2,0.6182,4639.0,10,0,0,0,1.0,0
0.2285,36,0,0.364,5782.0,9,0,0,0,3.0,0
0.5667,69,0,0.16,14812.0,6,0,1,0,1.0,1
0.1223,56,0,0.7162,1540.0,9,0,1,0,1.0,0
0.2286,56,0,0.3801,5833.0,9,0,0,0,1.0,0
0.5417,47,0,0.3932,,8,0,1,0,2.0,0
0.1324,48,0,0.9782,4258.0,12,0,0,0,0.0,0
0.4486,60,0,0.2954,5921.0,8,0,3,0,0.0,0
0.1254,40,0,0.7829,4764.0,6,0,0,0,0.0,0
0.1265,35,0,0.5374,,5,0,1,0,,0
0.1287,67,0,0.5175,2916.0,6,0,0,0,0.0,0
0.0656,60,0,0.609,5770.0,12,0,1,0,0.0,0
0.4925,39,0,0.3383,2859.0,10,0,0,0,1.0,0
0.4904,54,0,0.3591,3483.0,10,0,1,0,2.0,0
0.9417,53,0,0.282,,6,0,1,0,1.0,0
0.9981,42,0,0.1623,2673.0,3,3,1,0,1.0,0
0.8547,55,0,0.445,4135.0,13,0,1,0,0.0,0
2.8558,52,0,0.169,3277.0,13,0,0,0,1.0,0
0.3282,65,1,0.3723,5414.0,7,0,1,2,1.0,0
4.3681,58,1,0.7765,5770.0,8,0,1,1,1.0,0
0.7502,44,0,0.965,,9,0,0,0,0.0,0
0.9436,44,0,0.2027,10891.0,11,0,1,0,1.0,0
0.3902,58,1,0.3018,10268.0,10,0,1,0,1.0,1
1.8643,27,4,0.1118,,7,0,1,0,1.0,0
0.3776,36,0,0.3358,4003.0,4,0,1,0,0.0,0
0.4378,49,0,0.4731,,12,0,0,0,0.0,0
0.299,50,0,0.2242,,9,0,0,0,0.0,0
0.1986,66,0,0.489,6470.0,12,0,1,0,0.0,0
0.5509,32,0,0.9798,7558.0,10,0,1,0,0.0,0
0.0721,46,0,0.1688,3184.0,9,0,0,0,0.0,0
0.4057,52,0,0.1365,3306.0,10,0,2,0,1.0,0
0.7441,47,0,0.3949,9693.0,9,0,3,0,2.0,0
0.6542,42,0,0.1424,3554.0,6,0,0,0,0.0,0
1.5902,43,0,0.3628,2769.0,5,0,1,0,0.0,0
0.0027,56,0,0.3017,,12,0,1,0,0.0,0
0.4862,48,0,0.1301,3228.0,8,0,1,0,0.0,0
1.1565,47,0,0.1719,8825.0,7,0,2,0,2.0,0
0.5531,36,0,0.1339,,9,0,4,0,0.0,1
0.9437,84,0,0.346,5460.0,13,0,1,0,1.0,0
0.2914,54,0,0.158,10556.0,5,0,3,0,1.0,0
0.0589,74,2,0.0627,3132.0,5,0,1,0,1.0,0
0.0973,48,0,0.4022,4921.0,7,0,2,0,1.0,0
2.5094,54,0,0.9347,6411.0,3,0,0,0,1.0,0
0.021,59,0,0.3987,9112.0,6,0,1,0,0.0,0
0.2323,50,0,0.7829,8170.0,12,0,2,0,0.0,0
0.1777,54,0,0.7169,1787.0,8,0,0,0,0.0,0
0.1301,55,0,0.6086,9911.0,9,0,0,0,1.0,0
0.1298,49,0,0.2047,6693.0,7,0,1,0,1.0,0
0.6912,51,0,0.3436,9349.0,5,0,1,0,1.0,0
0.2161,66,0,0.4567,1860.0,12,0,1,0,0.0,0
0.3138,38,0,0.1874,4844.0,8,0,1,0,1.0,0
0.0365,76,0,0.4457,7170.0,8,0,0,0,1.0,0
0.668,60,0,0.5177,1139.0,9,0,1,0,1.0,0
0.2457,48,0,0.5067,,3,0,2,0,0.0,0
1.0312,65,0,0.9134,3253.0,9,0,0,0,0.0,0
0.7417,64,0,0.786,2744.0,9,0,0,0,0.0,0
0.5757,57,0,0.2308,10338.0,11,0,1,0,2.0,0
0.0298,51,0,0.2763,3712.0,9,0,1,0,1.0,0
0.5478,29,0,0.4365,6190.0,11,0,0,0,1.0,0
1.2836,42,0,0.401,,7,0,0,0,1.0,0
1.4666,53,0,0.559,4667.0,7,0,1,0,0.0,0
0.1944,59,0,0.3707,8605.0,9,0,0,0,0.0,0
0.8884,53,0,0.0628,5695.0,12,0,0,0,2.0,1
0.4111,58,0,0.8349,11004.0,10,1,1,0,1.0,0
0.5584,49,0,0.8316,,5,0,3,0,1.0,0
0.2188,61,0,0.1675,3166.0,13,0,0,0,0.0,0
0.1518,83,1,0.3352,18144.0,7,0,0,0,1.0,0
1.2318,55,0,0.7928,7232.0,7,0,1,0,2.0,0
0.7175,51,0,0.3957,13670.0,8,0,0,0,0.0,0
0.1796,52,0,0.3682,10608.0,4,0,2,0,0.0,0
0.3635,64,0,1.117,3581.0,5,0,1,0,1.0,0
0.7168,52,0,0.6552,7420.0,9,0,0,0,0.0,0
0.1377,63,0,0.4228,3616.0,13,0,0,0,0.0,0
7.3082,65,0,0.5944,4736.0,9,0,1,0,0.0,0
0.0289,77,0,0.6497,,8,0,0,0,0.0,0
0.804,59,0,0.4122,8212.0,8,0,0,0,1.0,0
0.2283,54,0,0.3685,4175.0,7,0,1,0,0.0,0
0.4017,57,0,1.2585,4901.0,4,0,0,0,2.0,0
0.0193,52,0,0.6606,,5,0,1,0,0.0,0
0.4685,55,0,0.7635,5290.0,11,0,0,0,2.0,1
2.2479,72,0,0.6851,34017.0,8,0,3,0,1.0,0
0.2663,46,0,0.4067,,9,0,1,0,1.0,0
0.4477,34,0,1.116,4117.0,7,0,0,0,0.0,1
3.1419,54,0,0.2587,3505.0,7,0,1,0,2.0,0
0.8706,55,0,0.3903,12352.0,9,0,1,0,0.0,0
0.5894,66,0,0.5321,,8,0,0,0,0.0,0
0.2881,50,0,0.0384,8415.0,6,0,1,0,,1
0.4143,46,0,0.7067,9913.0,9,0,1,0,1.0,0
3.7678,44,0,0.5004,4991.0,9,0,1,0,0.0,0
0.1927,44,0,0.1075,9433.0,5,0,0,0,2.0,0
1.9261,41,3,0.1789,4184.0,4,0,0,0,1.0,0
0.7141,36,0,0.6884,5608.0,9,0,2,0,0.0,0
0.3832,22,0,1.2669,7597.0,5,0,0,0,0.0,0
0.3996,64,1,0.3331,,11,0,1,0,2.0,0
0.3293,55,0,0.2079,2304.0,5,0,1,0,1.0,0
0.414,82,0,0.4555,9903.0,11,0,1,0,0.0,0
0.3886,32,0,0.4114,,11,0,0,0,0.0,0
0.0399,80,0,0.6399,4952.0,13,0,1,0,0.0,0
0.7279,50,0,0.3549,2093.0,8,0,3,0,1.0,0
3.2253,30,2,0.3459,9786.0,8,0,1,1,3.0,0
0.1424,24,0,0.411,3438.0,4,0,0,0,0.0,0
0.2441,45,0,0.7803,7990.0,4,0,0,0,0.0,0
0.2725,65,0,0.0426,,9,0,2,0,1.0,0
1.0061,56,0,0.0605,3126.0,12,0,1,0,1.0,0
3.9251,47,0,1.0974,,7,0,1,0,4.0,0
2.1681,68,0,0.1515,3902.0,9,0,3,0,2.0,0
0.5716,54,0,0.3481,,6,0,2,0,1.0,0
0.3361,30,0,0.5042,,4,0,1,0,1.0,0
0.2632,70,0,0.4104,,9,0,0,0,1.0,0
0.0315,37,0,1.0308,3109.0,8,0,2,0,0.0,0
0.5716,37,0,0.0681,6851.0,6,0,1,0,,0
0.4557,49,0,0.4868,6731.0,10,0,1,0,0.0,0
0.6889,57,0,0.8539,7337.0,2,0,3,0,1.0,0
4.7086,43,0,0.266,,10,0,0,0,0.0,0
0.6514,27,0,0.7263,,10,0,0,0,2.0,1
5.6074,44,0,0.7518,6353.0,5,0,2,0,1.0,0
0.2155,66,1,0.9046,3210.0,9,1,2,0,0.0,0
0.494,52,0,0.5366,6375.0,9,0,2,0,0.0,0
0.5801,68,0,0.6633,4916.0,8,0,1,0,1.0,0
0.1531,59,0,0.3298,5458.0,10,0,1,0,0.0,0
1.9474,44,0,0.2947,2646.0,10,0,2,0,0.0,0
2.0758,42,1,0.4794,2984.0,5,0,2,0,1.0,0
0.4052,55,0,0.4901,9815.0,6,0,0,0,0.0,0
0.4345,55,0,0.3716,,11,0,0,0,0.0,0
0.4358,54,0,0.3586,4859.0,8,0,2,0,1.0,0
1.8156,55,0,0.4476,9017.0,13,0,2,0,1.0,0
1.1894,50,0,0.7209,,8,0,1,0,2.0,0
0.0692,50,0,0.3437,,8,0,0,0,0.0,0
0.527,41,0,0.0923,3341.0,5,0,1,0,1.0,0
0.1527,37,0,0.555,12003.0,8,0,1,0,0.0,0
0.0471,62,0,1.059,3531.0,10,0,0,0,1.0,0
0.489,38,0,0.0709,3137.0,7,0,2,0,3.0,0
0.5619,26,0,0.4854,7231.0,10,0,0,0,0.0,0
0.4162,47,0,0.1953,2555.0,11,0,1,0,0.0,0
0.113,56,0,0.9878,8674.0,9,0,0,0,0.0,0
0.2481,50,0,1.0028,2567.0,9,0,0,0,4.0,0
0.6679,35,0,0.5916,1705.0,9,0,2,0,1.0,0
0.3193,67,0,0.3457,,3,0,1,0,2.0,0
0.6041,55,0,0.5024,,14,0,1,0,1.0,0
0.3432,68,0,0.7538,6007.0,7,0,1,0,1.0,0
0.1958,51,0,0.4803,2184.0,3,0,0,0,1.0,0
0.3292,59,0,0.4494,,8,0,0,0,1.0,0
0.3704,36,0,0.5991,6165.0,10,0,3,0,2.0,0
0.6173,21,0,0.2597,1367.0,7,0,1,0,1.0,0
0.3649,52,0,0.2234,1118.0,7,0,0,0,1.0,0
0.1536,33,0,0.364,2116.0,14,0,0,0,1.0,0
0.3496,64,0,0.7157,2540.0,5,0,1,0,0.0,0
0.3264,65,0,0.5955,5211.0,10,0,0,0,,0
0.9403,56,0,0.7235,14387.0,3,0,3,0,,0
3.5435,40,0,0.3606,5253.0,4,0,0,0,2.0,0
0.3219,52,0,0.6233,7791.0,8,0,1,0,0.0,0
0.1184,60,0,0.1297,2688.0,12,0,2,0,,0
0.0608,58,0,0.6868,1722.0,13,0,1,0,0.0,0
5.5033,39,0,0.2336,28610.0,4,0,1,0,0.0,0
0.1851,26,2,0.2772,16793.0,4,0,2,0,0.0,0
0.91,57,0,0.3117,,9,0,0,0,2.0,0
0.3598,52,0,0.0604,6045.0,6,0,1,0,0.0,0
0.1247,60,0,0.3719,5153.0,5,0,0,0,0.0,0
0.1219,52,0,0.3978,,10,0,0,0,0.0,0
0.2652,50,0,0.4502,1693.0,6,0,0,0,1.0,0
0.4926,49,0,0.4483,4598.0,14,0,3,0,2.0,0
1.0423,48,0,0.3171,8707.0,6,0,0,0,1.0,0
0.1339,86,0,0.4402,7419.0,7,0,1,0,1.0,0
0.1095,49,0,0.5216,3024.0,8,0,1,0,1.0,0
0.0417,47,3,0.3317,3216.0,5,0,1,0,0.0,0
0.2703,62,0,0.2283,6130.0,8,0,0,0,1.0,0
0.0927,58,0,0.5751,6999.0,7,0,0,0,3.0,0
0.4235,53,0,0.5522,6534.0,5,0,2,0,0.0,0
0.7705,40,0,0.3281,,6,0,0,0,,0
0.0853,34,0,0.6346,5406.0,6,0,2,0,0.0,0
3.7855,51,0,0.1373,1725.0,9,0,1,0,1.0,0
0.3626,49,0,0.5207,,4,0,1,0,0.0,0
0.2107,45,0,0.1908,3811.0,10,0,1,0,1.0,0
0.4067,63,0,0.1596,2036.0,5,0,0,0,0.0,0
0.3285,65,0,0.2347,6347.0,8,0,0,0,1.0,0
0.0716,68,0,0.476,5549.0,10,0,1,0,3.0,0
0.5944,38,0,0.5595,2591.0,15,0,2,0,1.0,0
0.088,67,0,0.1891,5686.0,7,0,1,0,0.0,0
1.3042,25,0,0.8228,,9,0,1,0,1.0,1
0.5811,51,0,0.4757,,11,0,2,0,1.0,0
0.3306,64,0,0.4115,3723.0,12,0,2,0,0.0,0
0.5832,38,0,0.3443,7919.0,15,0,0,0,1.0,0
0.0825,33,0,0.406,3525.0,3,0,1,0,1.0,0
0.2074,51,0,0.4184,2018.0,6,0,0,0,0.0,0
0.8454,75,3,0.1477,6028.0,9,0,1,0,0.0,0
1.0589,76,0,0.4874,4826.0,9,0,0,0,2.0,1
0.1207,68,0,0.5682,8538.0,10,0,1,0,2.0,0
0.0971,38,0,0.6988,9734.0,3,0,1,0,1.0,0
0.7892,52,0,0.0798,1592.0,11,0,2,0,1.0,0
0.0835,83,0,0.8651,12899.0,5,0,3,0,2.0,0
0.2054,65,0,0.0282,10338.0,5,0,0,0,0.0,0
0.6324,30,0,1.0267,3745.0,6,0,1,0,2.0,0
2.1099,63,0,0.5455,3616.0,5,0,0,0,0.0,0
8.1502,42,0,0.4888,5307.0,4,0,2,0,1.0,0
0.1387,48,0,0.3641,1574.0,7,0,3,0,0.0,0
0.6932,62,0,0.4254,,11,0,0,0,0.0,0
0.6094,47,0,0.5345,,6,0,1,0,0.0,0
0.0423,45,0,0.2274,8343.0,10,0,0,0,1.0,0
0.1334,67,0,0.1028,5392.0,5,0,1,0,3.0,0
0.1851,63,0,0.2309,2911.0,10,2,1,0,1.0,0
0.2842,57,0,0.7044,5468.0,14,0,1,0,0.0,0
0.4431,82,0,0.4028,,13,0,1,0,2.0,1
1.3881,55,0,0.3713,3315.0,6,0,0,0,1.0,0
0.0322,57,1,0.3203,5840.0,4,0,1,1,1.0,0
0.6941,48,0,0.7087,9589.0,11,0,2,0,2.0,0
0.3728,39,0,0.3935,9747.0,6,0,0,0,0.0,0
0.2881,32,0,0.4246,8331.0,11,0,1,0,0.0,0
0.604,64,0,0.7647,22927.0,7,0,0,0,1.0,0
0.5899,46,0,0.5712,5494.0,5,0,2,0,0.0,0
0.2728,88,0,0.0407,,5,0,0,0,2.0,0
0.421,40,0,0.4512,1616.0,11,0,0,0,2.0,0
0.6358,41,0,0.4408,15402.0,5,0,1,0,0.0,0
0.2312,57,0,0.2099,6303.0,8,0,0,0,1.0,0
0.3707,38,0,0.1356,2518.0,10,0,0,0,1.0,0
0.6952,31,0,0.5892,9156.0,10,0,0,0,0.0,0
0.3498,62,0,0.8555,3641.0,5,0,1,0,1.0,0
0.1179,21,0,0.0642,3155.0,4,0,0,0,2.0,0
0.1854,55,0,0.9597,6556.0,11,0,2,0,3.0,0
0.3022,55,0,0.0835,3829.0,3,0,1,0,1.0,0
0.0676,65,0,0.7746,7967.0,11,0,1,0,0.0,0
0.4724,59,0,0.3682,8474.0,7,0,1,0,0.0,0
0.8342,91,0,0.4595,5152.0,15,0,1,0,0.0,0
1.5587,47,3,0.9182,,7,0,2,0,1.0,0
0.9602,33,0,0.6413,,5,0,0,0,0.0,0
0.4723,91,0,0.8933,5096.0,7,0,1,0,1.0,0
1.3831,53,0,0.4151,13520.0,6,0,1,0,1.0,0
1.9299,40,0,0.2688,944.0,8,0,2,0,0.0,0
0.2096,30,0,0.5994,5262.0,6,0,0,0,1.0,0
7.078,48,0,0.6337,8739.0,11,0,1,0,0.0,0
0.5203,41,0,0.5649,,5,0,1,0,1.0,1
2.1911,41,0,0.4877,,6,0,0,0,0.0,0
0.1913,23,1,0.707,,8,1,0,1,0.0,0
0.2871,47,0,0.4121,21719.0,10,0,1,0,0.0,0
1.0144,58,0,0.7817,,10,0,4,0,0.0,0
0.3227,38,0,0.6213,3503.0,7,0,4,0,2.0,0
0.1886,46,0,0.3524,6630.0,13,0,0,0,0.0,0
0.2603,45,0,0.5663,2019.0,6,0,0,0,1.0,0
0.1678,53,0,0.2109,,14,0,0,0,0.0,0
0.3432,75,0,0.7242,5516.0,10,0,4,0,0.0,0
0.5827,55,0,0.4977,6329.0,9,0,0,0,1.0,0
0.5487,36,0,0.5317,3487.0,8,0,2,0,0.0,0
0.2587,50,0,0.4215,3255.0,12,0,1,0,2.0,0
0.3618,57,0,0.5744,3349.0,1,0,1,0,1.0,0
0.3586,35,0,0.5456,3084.0,11,0,2,0,0.0,0
0.3779,39,1,1.0431,2561.0,9,0,1,0,2.0,0
0.9204,39,0,0.672,,5,0,1,0,0.0,0
0.205,49,0,0.6925,7204.0,4,0,1,0,1.0,0
0.6955,47,1,0.4324,2251.0,7,0,0,2,1.0,0
0.3946,28,0,0.4222,5606.0,9,0,0,0,1.0,0
0.291,44,0,0.387,3299.0,9,0,0,0,1.0,0
0.0817,52,0,0.153,1241.0,3,0,1,0,2.0,0
0.2515,67,0,0.7787,,12,0,3,0,0.0,0
6.6514,33,0,0.207,,6,0,1,0,2.0,0
0.2289,39,0,0.0383,3545.0,5,0,1,0,0.0,0
0.5447,36,0,1.0559,3712.0,11,0,3,0,3.0,1
0.0752,29,1,0.6137,12816.0,7,0,1,0,3.0,0
0.2309,21,0,1.0967,4883.0,7,0,0,0,1.0,0
0.2655,58,0,0.6656,12364.0,17,0,1,0,0.0,0
0.1903,54,1,0.2959,6023.0,7,0,2,0,1.0,0
0.8895,58,0,0.9838,2051.0,10,0,2,0,1.0,1
0.158,56,0,0.4901,,8,0,1,0,2.0,0
0.3769,46,0,0.0516,,9,0,1,0,0.0,0
0.0386,43,0,0.4333,11117.0,3,0,1,0,1.0,0
0.0646,67,0,0.431,,7,0,2,0,1.0,0
0.6009,61,0,0.3807,4686.0,5,0,0,0,0.0,0
0.6204,50,0,1.2618,2087.0,5,0,2,0,0.0,0
0.0618,38,0,0.2757,4352.0,15,0,0,0,0.0,0
0.6891,53,0,0.6636,5864.0,6,0,0,0,1.0,0
0.4263,55,0,0.8241,,9,0,0,0,1.0,0
0.1409,43,0,0.5055,,8,0,0,0,0.0,0
0.7547,55,0,0.4218,6558.0,12,0,0,0,0.0,0
4.2772,60,0,0.0473,12366.0,7,0,2,0,3.0,0
0.0713,58,0,0.2571,4118.0,5,0,1,0,0.0,0
0.2701,65,0,0.4243,9322.0,10,0,2,0,0.0,0
5.7286,64,0,0.629,,12,0,0,0,1.0,0
1.1803,66,0,0.6677,9825.0,4,0,0,0,1.0,0
0.8065,44,0,0.9758,10897.0,10,0,0,0,1.0,0
0.3875,63,0,0.3591,6954.0,8,0,1,0,0.0,0
0.9466,59,0,0.4454,,12,0,2,0,2.0,1
0.1545,63,0,0.367,,6,0,2,0,4.0,0
0.1181,54,0,0.391,,8,0,2,0,2.0,0
0.9283,59,0,1.0413,8362.0,6,0,1,0,2.0,0
0.4705,38,0,0.3335,3604.0,6,0,2,0,0.0,0
0.0392,59,0,0.7999,,8,0,0,0,1.0,0
0.3691,69,0,0.3883,6323.0,7,0,1,0,0.0,0
4.0996,75,0,1.0993,8524.0,3,0,0,0,1.0,0
0.7716,50,1,0.1977,2529.0,4,0,0,1,1.0,0
0.0179,77,0,0.1951,3625.0,6,0,1,0,0.0,0
5.3631,50,0,0.6781,5916.0,7,0,0,0,0.0,0
0.5653,62,0,0.6908,,9,0,1,0,0.0,0
2.6247,53,0,0.7626,,10,0,0,0,4.0,0
0.748,70,0,0.1214,,8,0,1,0,2.0,0
0.414,55,0,0.2712,16957.0,5,0,1,0,1.0,0
3.5045,44,2,0.5811,3374.0,8,0,1,0,0.0,0
0.3107,67,4,0.0817,10418.0,11,0,0,3,3.0,0
0.2475,45,0,1.02,6715.0,6,0,2,0,2.0,0
0.0979,56,0,0.2173,7018.0,5,0,1,0,1.0,0
0.2932,28,0,0.541,,10,0,2,0,0.0,0
0.6801,64,0,0.6975,5984.0,3,0,0,0,0.0,0
0.202,26,0,0.2645,,10,0,1,0,0.0,0
0.1957,45,0,0.3284,3095.0,8,0,0,0,1.0,0
0.7252,33,0,0.3137,3457.0,11,0,3,0,0.0,0
0.3776,36,0,0.772,,6,0,0,0,1.0,0
0.3871,52,0,0.6816,1711.0,6,0,1,0,0.0,0
1.0826,43,0,0.1244,11952.0,7,0,1,0,3.0,0
0.1493,62,0,0.7857,4256.0,5,0,1,0,0.0,0
0.6259,49,0,0.5575,,10,0,2,0,2.0,0
8.3535,54,0,0.2012,15157.0,6,0,1,0,1.0,0
0.1043,41,0,0.3713,3932.0,12,0,1,0,0.0,0
4.4541,62,0,0.6425,5790.0,12,0,1,0,0.0,0
0.5721,55,0,0.3538,,8,0,0,0,1.0,0
0.7236,59,0,0.0576,2618.0,14,0,2,0,1.0,0
0.3781,63,0,0.6332,3017.0,11,0,1,0,0.0,0
1.6578,64,0,0.2759,2916.0,4,0,2,0,1.0,0
0.2804,58,0,0.4815,2295.0,6,0,1,0,0.0,0
0.0404,54,0,0.1148,3164.0,17,0,0,0,2.0,0
0.4544,67,0,0.7289,4815.0,10,0,0,0,1.0,0
0.6841,54,0,0.4876,1465.0,8,0,3,0,0.0,0
0.3908,46,0,0.3173,5979.0,7,0,0,0,1.0,0
0.1964,65,0,0.5906,7600.0,4,0,1,0,2.0,0
4.9711,67,0,0.2591,,7,0,0,0,3.0,0
1.1899,51,0,0.0962,2723.0,4,0,1,0,0.0,0
0.278,61,0,0.8052,4279.0,8,0,0,0,0.0,0
0.5902,58,0,0.596,10276.0,8,0,1,0,2.0,0
0.5255,53,0,0.3251,4145.0,8,0,0,0,0.0,0
0.7302,31,0,0.6924,9822.0,8,0,3,0,2.0,0
0.0086,37,0,0.407,9097.0,12,0,2,0,1.0,0
0.0894,47,0,0.6512,3111.0,7,0,0,0,0.0,0
0.4764,53,0,0.0499,9282.0,7,0,2,0,1.0,0
0.651,36,0,0.5192,4831.0,9,0,1,0,0.0,0
0.7502,23,0,0.5233,,7,0,1,0,1.0,1
0.6026,51,0,0.1803,10667.0,16,0,1,0,1.0,0
0.6115,52,0,0.3778,15474.0,9,0,1,0,0.0,0
1.1784,64,0,1.1033,3322.0,8,0,1,0,1.0,1
0.5672,79,0,0.8065,,7,0,0,0,2.0,0
0.2712,33,0,0.5097,1734.0,3,0,2,0,0.0,0
0.6021,57,0,0.0829,,12,0,0,0,0.0,0
0.3634,85,0,0.5182,5581.0,9,0,1,0,1.0,0
0.0276,34,0,0.5608,5655.0,9,0,0,0,,0
0.4336,38,0,0.447,6738.0,12,0,0,0,2.0,0
0.5576,66,0,0.1113,,11,0,1,0,1.0,0
0.5212,55,0,0.3397,13610.0,9,0,0,0,0.0,0
0.0798,56,0,0.353,5077.0,3,0,1,0,2.0,0
0.4654,61,0,0.7668,7842.0,8,0,2,0,1.0,0
0.3041,62,0,0.1972,8089.0,11,0,3,0,1.0,0
0.259,58,0,0.4914,3276.0,6,0,1,0,1.0,0
1.1346,60,0,0.7941,,6,0,1,0,1.0,0
0.581,35,0,0.4975,4620.0,6,0,1,0,2.0,0
0.555,66,0,0.4157,6825.0,12,0,2,0,1.0,0
0.6983,74,0,0.494,6022.0,6,0,1,0,,0
0.2796,68,0,0.2071,4533.0,11,0,0,0,1.0,0
0.7837,59,0,1.163,4108.0,5,0,2,0,0.0,0
1.7877,78,0,0.3658,8497.0,7,0,0,0,1.0,0
0.5358,55,0,0.3328,4085.0,3,0,0,0,2.0,0
0.1261,66,0,0.7415,1481.0,14,0,2,0,2.0,0
0.3689,76,0,0.5453,2725.0,8,0,0,0,0.0,0
0.1605,47,0,0.2606,1830.0,6,0,0,0,2.0,0
0.9618,70,0,0.504,13001.0,7,0,2,0,3.0,0
0.3669,36,0,0.7252,13502.0,6,0,1,0,1.0,0
0.0229,40,0,0.3417,8496.0,6,0,1,0,0.0,0
0.1538,38,0,0.5772,3880.0,13,0,3,0,0.0,0
0.3788,22,0,0.6432,6490.0,7,0,0,0,0.0,0
0.1346,42,0,0.4278,3256.0,9,0,1,0,2.0,0
1.1459,53,0,1.459,,6,0,1,0,0.0,0
0.3194,48,0,0.2596,19863.0,4,0,5,0,0.0,0
0.8705,34,0,0.5249,11576.0,9,0,1,0,1.0,0
0.0017,21,0,0.2225,3761.0,9,0,2,0,0.0,0
0.76,41,0,0.136,2487.0,7,0,1,0,,0
0.3283,40,0,0.5807,3149.0,11,0,1,0,,0
2.6005,79,0,0.9436,,9,0,0,0,0.0,1
0.3267,52,0,0.1733,4353.0,11,0,0,0,1.0,0
0.2583,77,0,0.6879,3996.0,5,0,1,0,0.0,0
2.2245,42,0,0.3457,8540.0,6,0,0,0,1.0,0
0.1809,67,2,0.2922,5134.0,10,0,1,0,0.0,0
0.3832,55,0,0.275,12851.0,11,0,1,0,1.0,0
0.7021,41,0,0.0792,4218.0,13,0,0,0,2.0,0
6.3585,56,0,0.2235,8781.0,9,1,0,0,2.0,0
0.9951,49,0,1.1277,7564.0,4,0,1,0,3.0,0
1.4911,48,0,0.5379,9525.0,7,0,0,0,2.0,0
0.675,29,0,0.8947,4417.0,7,0,0,0,0.0,1
0.2086,80,0,0.3563,2524.0,11,0,0,0,,0
0.3272,60,0,0.4465,3492.0,10,0,0,0,1.0,0
0.7173,36,0,0.5081,,6,0,2,0,4.0,0
0.0458,57,0,0.3598,2789.0,11,0,1,0,3.0,0
0.0488,47,0,0.6754,3460.0,8,0,0,0,0.0,0
0.3533,72,0,0.6949,7085.0,3,0,1,0,1.0,0
0.403,48,0,0.1986,9776.0,8,0,1,0,1.0,0
0.3993,51,0,0.4311,3412.0,15,0,0,0,3.0,0
3.9661,43,0,0.305,3290.0,9,0,0,0,1.0,0
0.2509,59,0,0.6549,5045.0,11,0,2,0,0.0,0
1.74,52,0,0.6326,3576.0,10,0,1,0,0.0,0
0.5938,69,0,0.395,,6,0,0,0,0.0,0
0.2095,56,0,0.5051,,7,0,0,0,0.0,0
0.1911,86,0,0.1919,7225.0,6,0,2,0,0.0,0
0.017,50,0,0.4631,5420.0,11,0,2,0,0.0,0
0.914,41,0,0.9343,,7,0,0,0,1.0,0
0.0706,42,2,0.3233,4442.0,2,0,3,0,1.0,0
0.5656,42,0,0.5091,4020.0,7,0,2,0,1.0,0
0.9155,41,0,0.3544,4555.0,5,0,2,0,1.0,0
5.3698,73,0,0.582,,8,0,2,0,1.0,1
0.2315,48,0,0.6919,5084.0,5,0,2,0,1.0,0
0.1798,56,0,0.6905,6030.0,6,0,1,0,0.0,0
0.2701,34,0,0.3625,5958.0,12,0,2,1,0.0,0
0.1236,52,0,0.7042,5755.0,11,0,1,0,0.0,0
0.1885,21,0,0.6735,1484.0,6,0,0,0,0.0,0
0.0465,57,0,1.0511,5269.0,9,0,1,0,3.0,0
0.247,45,0,0.2949,4910.0,7,0,0,0,1.0,0
0.3589,75,0,0.4014,17231.0,8,0,0,0,3.0,0
0.0595,64,0,0.4129,6350.0,12,0,0,0,1.0,0
0.568,63,0,0.2984,8297.0,8,0,1,0,0.0,0
0.9473,40,0,0.1323,20945.0,8,0,1,0,2.0,1
0.585,57,0,0.5307,2275.0,6,0,0,0,1.0,0
0.2206,80,0,0.158,5960.0,5,0,1,0,2.0,0
0.1613,41,0,0.3633,14712.0,8,0,0,0,0.0,0
0.5148,40,0,1.0033,14478.0,2,0,0,0,1.0,0
0.0474,53,0,0.4009,5078.0,15,0,1,0,0.0,0
6.5329,56,0,0.0633,6920.0,11,0,1,0,0.0,0
0.3813,62,0,0.2056,,12,0,0,0,2.0,0
0.0048,60,0,0.6432,7195.0,9,0,2,0,2.0,0
8.9239,55,0,0.2444,4468.0,12,0,0,0,1.0,0
0.2141,42,2,0.1481,8250.0,4,0,3,2,0.0,1
0.2241,80,0,0.6573,6531.0,9,0,0,0,1.0,0
0.4807,73,0,0.0237,5435.0,5,0,0,0,1.0,0
0.4173,59,0,0.3299,3843.0,6,0,1,0,2.0,0
0.1959,70,0,0.6884,3639.0,4,0,1,0,0.0,0
0.2633,52,0,0.3158,5369.0,8,0,0,0,0.0,0
0.1907,35,0,0.8549,7855.0,7,0,1,0,1.0,0
0.8871,65,0,0.7813,4575.0,9,0,1,0,0.0,0
0.6914,35,0,0.4726,,5,0,1,0,5.0,0
0.5798,82,0,0.5984,5804.0,8,0,2,0,2.0,0
0.4378,37,0,0.8403,,7,0,0,0,1.0,0
0.2974,72,0,0.3127,3526.0,7,0,0,0,2.0,0
0.7247,79,0,0.3399,4992.0,10,0,1,0,0.0,0
0.505,34,0,0.4574,6189.0,12,0,0,0,3.0,0
1.2125,32,0,0.6847,1421.0,16,0,1,0,0.0,0
0.1699,60,0,0.6959,13017.0,7,0,3,0,0.0,0
0.0933,74,0,0.4623,13187.0,18,0,1,0,0.0,0
0.0656,63,1,1.2631,2603.0,13,0,1,0,3.0,0
0.5588,41,0,0.2615,6446.0,5,0,1,0,2.0,0
0.566,75,0,0.5522,7704.0,5,0,2,0,1.0,0
0.0553,84,0,0.2542,9047.0,7,0,0,0,1.0,0
0.7294,40,0,0.8922,1875.0,5,0,0,0,3.0,0
0.1947,58,0,0.2344,4521.0,17,0,0,0,0.0,0
0.2142,62,0,0.4982,,10,0,1,0,1.0,0
1.1623,49,0,0.4405,7817.0,8,0,1,0,0.0,0
0.5949,40,0,0.8155,,2,0,2,0,0.0,0
0.9708,38,0,0.3491,5714.0,5,0,0,0,0.0,0
0.3495,28,0,1.0862,5992.0,8,0,0,0,0.0,0
0.0737,65,0,0.3506,5564.0,6,0,1,0,,0
0.1901,46,0,0.1086,,8,0,0,0,2.0,0
0.042,76,0,0.1338,5155.0,8,0,0,0,1.0,0
0.4069,61,0,1.106,3317.0,5,0,4,0,0.0,0
3.4922,52,0,0.3447,6075.0,9,0,1,0,0.0,0
0.1942,73,0,0.4195,9231.0,7,0,3,0,1.0,0
0.1028,52,0,0.8653,4446.0,13,0,2,0,2.0,0
0.7399,45,0,0.226,4378.0,8,0,0,0,1.0,0
4.5625,63,0,0.3664,,10,0,0,0,0.0,0
0.2374,45,0,0.3937,7869.0,6,0,1,0,1.0,0
0.0651,55,0,0.2181,8453.0,3,0,0,0,2.0,0
0.136,58,0,0.4379,,12,0,3,0,0.0,0
0.5686,54,0,0.3624,1781.0,10,0,3,0,1.0,0
0.2446,58,0,0.4229,6340.0,4,0,1,0,2.0,0
0.6655,58,0,0.1398,13037.0,12,0,2,0,2.0,0
0.3852,55,0,0.1284,,14,0,2,0,,0
0.451,45,0,0.504,,7,0,1,0,2.0,1
0.063,38,0,0.8269,,6,0,2,0,0.0,0
0.0337,42,0,0.1221,,11,0,1,0,0.0,0
0.503,43,0,0.5266,3656.0,10,0,1,0,0.0,0
0.3134,62,0,0.2927,3996.0,11,0,1,0,0.0,0
3.6242,77,0,0.4035,5602.0,16,0,1,0,0.0,0
0.1742,52,0,0.6452,7174.0,9,0,1,0,0.0,0
0.7596,70,0,0.1966,,8,0,1,0,1.0,0
0.6687,43,0,0.7576,4435.0,10,0,0,0,1.0,0
0.1634,50,0,0.2486,8061.0,6,0,1,0,1.0,0
0.2214,50,0,0.1475,,4,0,4,0,0.0,0
1.605,61,0,0.4416,1256.0,9,0,1,0,0.0,0
0.2084,44,0,1.1305,2242.0,8,0,1,0,3.0,0
2.1846,63,1,0.2553,19969.0,10,1,1,1,0.0,0
0.0784,57,0,0.1253,2640.0,6,0,0,0,0.0,0
0.2735,55,0,0.8886,5112.0,7,0,2,0,2.0,0
0.1185,44,2,1.1931,4025.0,5,0,2,0,1.0,0
0.5659,29,0,0.4629,6483.0,8,0,0,0,1.0,0
0.1323,46,0,0.5021,6364.0,6,0,1,0,1.0,0
0.5664,63,0,0.2062,8051.0,10,0,1,0,1.0,0
0.8427,28,0,0.8589,17459.0,9,0,1,0,0.0,0
0.1282,30,0,0.7985,3682.0,16,0,4,0,0.0,0
0.5584,48,0,0.6187,6552.0,6,0,1,0,1.0,0
0.565,40,0,0.3465,,11,0,0,0,0.0,0
0.2249,95,0,0.6859,3285.0,11,0,0,0,2.0,0
1.9129,56,0,1.2848,,10,0,0,0,0.0,0
0.6012,47,0,0.388,,10,0,2,0,0.0,0
0.9534,68,0,0.1842,,12,0,1,3,0.0,0
0.1285,51,0,0.4283,3667.0,11,0,0,0,0.0,0
0.0969,51,0,0.5616,,7,0,2,0,0.0,0
0.1412,78,0,0.3347,13076.0,12,0,2,0,1.0,0
0.4741,23,0,0.5028,5348.0,7,0,3,0,0.0,1
0.5542,39,1,0.5819,3594.0,14,0,1,0,1.0,0
0.4116,60,2,0.2741,5716.0,5,0,0,0,1.0,0
0.1581,39,0,0.58,,6,0,1,0,0.0,0
0.5122,39,0,0.5165,13103.0,11,0,2,0,0.0,0
0.2334,64,0,0.5012,4247.0,14,0,0,0,1.0,0
3.422,43,0,0.2303,19883.0,12,0,2,0,1.0,0
0.4493,57,0,0.4692,4211.0,7,0,2,0,0.0,0
2.0056,49,0,0.6623,3330.0,11,0,2,0,1.0,0
0.5916,57,0,0.3248,1707.0,6,0,1,0,3.0,0
0.5309,51,0,0.893,,10,0,2,0,1.0,0
0.492,64,0,1.3221,8224.0,11,0,1,0,0.0,0
0.0501,65,0,0.3799,1393.0,7,0,1,0,1.0,0
0.4704,42,0,0.545,10761.0,5,0,2,0,1.0,0
0.2409,29,0,0.5889,5261.0,3,0,0,0,0.0,0
3.3062,50,0,0.1319,1135.0,7,0,0,0,0.0,0
2.1635,44,0,0.244,1895.0,18,0,1,0,0.0,0
0.3895,42,0,0.6417,5776.0,6,0,2,0,0.0,0
0.421,28,0,0.2233,,14,0,1,0,0.0,0
0.4405,46,0,0.3542,4179.0,8,0,3,0,0.0,0
0.2754,53,0,0.8348,8608.0,8,0,1,0,1.0,0
0.4676,44,0,0.4445,7124.0,9,0,1,0,2.0,0
0.5581,51,0,0.2314,3680.0,4,0,1,0,2.0,0
2.9337,61,0,0.597,13617.0,13,0,0,0,0.0,0
0.4139,72,0,0.3545,,7,0,0,0,0.0,0
0.4518,74,0,0.178,7930.0,11,0,1,0,2.0,0
0.1669,43,0,0.1944,,9,0,1,0,1.0,0
0.934,42,0,0.7154,7391.0,9,0,0,0,1.0,0
2.7504,33,2,0.13,3108.0,8,0,0,1,2.0,0
0.1525,63,0,0.7374,3756.0,7,0,0,0,1.0,0
0.392,55,0,1.3494,4140.0,11,0,0,0,1.0,0
2.69,72,0,0.2094,4086.0,6,0,0,0,3.0,0
0.1511,55,0,0.1345,10969.0,6,0,0,0,0.0,1
0.619,44,0,0.9721,6387.0,4,0,0,0,1.0,0
0.9395,51,0,1.1022,6911.0,9,0,0,0,0.0,0
0.0606,49,2,0.2515,6906.0,7,0,2,0,5.0,1
0.135,42,0,0.2276,5946.0,9,0,2,0,0.0,0
0.1177,53,0,0.9827,,8,0,0,0,1.0,0
0.1467,40,0,0.8547,2775.0,12,0,1,0,0.0,0
0.5325,71,0,0.3178,18242.0,7,0,0,0,1.0,0
0.4693,28,0,0.5146,9569.0,14,0,3,0,0.0,0
0.2881,69,0,0.7214,,1,0,0,0,0.0,0
0.6891,45,0,0.5085,8856.0,11,0,1,0,2.0,0
0.3434,21,0,0.5956,1435.0,5,0,0,0,0.0,0
0.8447,27,0,0.6401,5955.0,6,0,1,0,0.0,0
0.8892,51,1,0.3857,3834.0,9,1,2,1,2.0,0
0.025,46,0,0.0557,2528.0,4,0,0,0,0.0,0
0.0053,58,0,0.5696,10214.0,9,0,0,0,0.0,0
0.5443,46,0,0.3645,,7,0,0,0,0.0,0
0.4117,60,0,0.8463,3464.0,12,0,0,0,2.0,0
0.8563,52,0,0.9098,2213.0,7,0,0,0,1.0,0
1.0459,61,0,0.1752,,6,0,0,0,0.0,1
0.5402,64,3,1.3192,6649.0,7,0,0,2,1.0,0
0.0086,59,0,1.0467,6190.0,6,0,2,0,,0
0.0709,48,0,0.9178,,10,0,3,0,2.0,0
0.2759,72,0,0.8948,,7,0,0,0,2.0,0
0.7261,51,0,0.0483,5041.0,13,0,2,0,0.0,0
0.5391,42,0,0.3674,3205.0,4,0,0,0,0.0,0
0.2236,46,0,0.3424,3400.0,5,0,1,0,1.0,0
0.7444,57,0,0.1853,6045.0,8,0,1,0,2.0,0
0.2214,66,0,0.2354,2337.0,7,0,1,0,1.0,0
0.6968,61,0,0.5617,10413.0,6,0,1,0,1.0,0
0.7598,61,0,0.1596,,11,0,2,0,0.0,1
1.2625,47,0,0.6467,,6,0,2,0,3.0,0
0.6094,67,0,1.1384,,14,0,0,0,0.0,0
0.1912,52,0,0.2863,26201.0,8,0,0,0,1.0,0
0.2013,44,0,0.2184,,12,0,0,0,1.0,0
0.3437,25,0,0.5229,4357.0,7,0,0,0,0.0,0
0.5223,60,0,0.3832,18263.0,8,0,3,0,2.0,0
0.6019,44,0,0.5548,2601.0,7,0,1,0,0.0,0
2.2558,37,0,0.2814,14843.0,7,0,1,0,0.0,0
4.901,34,2,0.7056,8966.0,10,0,1,1,0.0,0
0.2538,65,0,0.1613,10944.0,5,0,0,0,0.0,0
0.0673,54,0,0.5478,10915.0,8,0,0,0,1.0,0
0.6972,59,0,0.6479,,11,0,2,0,1.0,0
0.2867,49,0,0.647,6554.0,7,0,1,0,0.0,0
1.4697,53,0,0.4139,1707.0,4,0,1,0,0.0,0
0.2356,51,0,0.113,6482.0,7,0,0,0,0.0,0
1.0317,36,0,0.3362,,4,0,2,0,1.0,0
0.1604,63,0,0.5071,4427.0,4,0,2,0,0.0,0
0.0649,40,0,0.201,8223.0,5,0,1,0,1.0,0
0.18,44,0,0.45,9363.0,7,0,1,0,2.0,0
0.0512,57,0,0.0418,6690.0,10,0,2,0,2.0,1
0.4866,66,0,0.2664,9831.0,8,0,1,0,1.0,0
0.0458,43,0,0.6949,5609.0,8,0,1,0,1.0,0
0.5475,63,0,0.2096,,7,0,1,0,1.0,0
0.2749,57,0,0.1048,,8,0,1,0,1.0,0
0.1946,49,0,0.4127,4850.0,7,0,2,0,1.0,0
1.367,51,0,0.6936,5130.0,6,0,3,0,2.0,1
1.1682,51,0,0.5591,8369.0,7,0,1,0,0.0,0
0.0665,55,0,0.3364,3993.0,4,0,2,0,0.0,0
0.0723,68,0,0.6599,,6,0,1,0,2.0,0
0.7934,56,0,0.7151,1211.0,6,0,1,0,2.0,0
0.3086,48,0,0.0543,4315.0,7,0,0,0,2.0,0
0.3859,46,0,0.201,4411.0,13,0,2,0,0.0,0
0.5307,54,0,0.5892,4183.0,5,0,2,0,0.0,0
0.698,45,0,0.7109,4242.0,7,0,1,0,0.0,0
0.0669,27,0,0.6917,4547.0,9,0,1,0,0.0,0
0.4672,68,0,0.2461,7817.0,10,0,2,0,1.0,0
1.3286,50,2,0.2596,3472.0,6,0,2,0,1.0,0
9.0421,49,0,0.2241,5595.0,17,0,1,0,0.0,0
0.7196,71,0,0.6774,,8,0,3,0,0.0,0
0.3765,45,0,1.2301,7993.0,5,0,2,0,1.0,0
0.0311,58,0,0.9195,7966.0,11,0,2,0,1.0,0
0.0922,52,0,0.485,4329.0,10,0,1,0,0.0,0
0.8956,57,0,0.869,8679.0,8,0,0,0,3.0,0
1.5681,44,1,0.4834,11439.0,15,0,1,0,1.0,0
0.8959,65,0,0.1595,5382.0,17,0,2,0,0.0,0
0.1581,77,0,0.5305,5923.0,9,0,1,0,0.0,0
0.7286,39,0,0.2402,2400.0,3,0,1,0,1.0,0
0.3261,63,0,0.04,2916.0,10,0,3,0,0.0,0
0.2944,54,0,0.7032,3978.0,11,0,3,0,2.0,0
0.853,57,0,0.319,8840.0,8,0,4,0,0.0,0
1.2211,58,0,0.2093,2522.0,13,0,1,0,0.0,0
0.1357,34,0,0.6259,,6,0,0,0,1.0,0
0.1217,41,0,0.8487,,7,0,2,0,0.0,0
0.276,49,0,0.3482,7819.0,4,0,3,0,0.0,0
0.1365,69,0,0.4004,,10,0,1,0,0.0,0
0.6709,48,0,0.6539,19117.0,9,0,1,0,0.0,0
0.5004,59,0,0.1256,4265.0,3,0,0,0,,0
0.2797,53,0,0.2968,3473.0,10,0,0,0,1.0,0
0.8095,53,0,0.2306,2850.0,5,0,1,0,3.0,0
0.16,54,0,0.255,8268.0,11,0,1,0,0.0,1
0.3513,41,0,0.4323,7245.0,9,0,2,0,1.0,0
0.5601,50,3,0.3157,5856.0,3,0,1,0,0.0,0
0.4544,46,0,0.9343,5591.0,8,0,1,0,1.0,0
2.6884,51,0,0.343,6226.0,8,0,1,0,1.0,0
0.6286,43,0,0.7849,5462.0,10,0,3,0,0.0,0
0.4626,77,0,1.0228,,12,0,2,0,1.0,0
0.5219,28,0,0.3764,6241.0,11,0,0,0,1.0,0
4.4844,29,0,0.4181,1876.0,7,0,3,0,1.0,0
0.6064,58,0,0.8361,3608.0,6,0,3,0,1.0,0
0.4067,64,0,0.326,11943.0,8,0,0,0,2.0,0
2.1735,74,0,0.4308,,12,0,0,0,2.0,0
0.7045,48,0,0.1663,10864.0,13,0,1,0,2.0,0
2.3448,52,0,0.4389,,10,0,1,0,1.0,0
0.4857,59,0,0.5059,16417.0,8,0,0,0,1.0,0
0.6428,72,0,0.623,1687.0,5,0,2,0,1.0,0
0.0891,34,0,0.5009,,6,0,0,0,,0
0.3197,55,0,0.8632,9579.0,4,0,1,0,1.0,0
0.5701,61,0,0.209,1755.0,6,0,0,0,0.0,0
0.3603,47,0,0.1158,12189.0,7,0,1,0,0.0,0
0.5976,58,0,0.4594,4367.0,3,0,2,0,0.0,0
0.5533,43,0,0.524,5347.0,8,0,2,0,1.0,0
0.2906,69,0,1.2214,9826.0,9,0,3,0,1.0,0
0.7899,27,0,0.126,4896.0,6,0,0,0,0.0,1
0.1645,48,0,0.7366,,9,0,1,0,3.0,0
0.1406,60,0,0.3285,9521.0,15,0,1,0,0.0,0
0.2888,48,0,0.734,6081.0,7,0,1,0,1.0,0
0.5074,64,0,0.1016,2190.0,8,0,0,0,0.0,0
0.7904,53,0,0.194,,10,0,0,0,0.0,0
1.2073,56,0,0.2304,3709.0,8,0,0,0,0.0,0
0.1831,60,0,0.6181,3577.0,5,0,1,0,2.0,0
0.4636,51,0,0.7248,,9,0,3,0,1.0,0
0.455,29,0,0.3055,,7,0,0,0,0.0,0
0.437,77,0,0.9139,9695.0,7,0,0,0,0.0,0
0.2774,71,0,0.529,10142.0,9,0,2,0,1.0,0
0.42,62,0,0.742,13612.0,5,0,1,0,0.0,0
0.7895,47,0,0.1746,3264.0,9,0,0,0,0.0,0
0.4379,58,0,0.1452,,7,0,0,1,0.0,0
0.5385,28,0,0.4221,4197.0,17,0,0,0,1.0,0
0.002,30,0,0.3492,3736.0,5,0,0,0,0.0,0
0.1707,86,0,0.1099,7579.0,10,0,0,0,0.0,0
0.4946,35,0,0.0358,3501.0,7,0,0,0,2.0,0
0.9874,48,0,0.3068,5000.0,6,0,1,0,1.0,0
1.1494,54,0,0.2007,,5,0,3,0,1.0,0
0.013,57,0,0.5391,7462.0,11,0,2,0,0.0,0
3.4953,52,0,0.6254,4018.0,6,0,1,0,2.0,1
0.6099,47,0,0.1604,4986.0,8,0,1,0,1.0,0
0.5969,51,0,0.8747,3882.0,11,0,0,0,0.0,0
2.0244,68,0,0.0876,2210.0,14,0,0,0,0.0,0
0.5706,61,0,0.973,4420.0,9,0,1,0,1.0,0
0.7521,62,0,0.4773,5219.0,12,0,1,0,3.0,0
2.3875,25,0,0.3698,10383.0,7,0,3,0,0.0,0
0.0747,59,0,0.4285,,6,0,0,0,0.0,0
0.5954,54,0,0.763,4471.0,11,0,1,0,1.0,0
0.016,43,0,0.0856,6518.0,12,0,0,0,1.0,0
5.8896,78,0,0.5098,9876.0,7,0,1,0,0.0,0
0.3872,31,0,0.2574,5442.0,5,0,0,0,3.0,0
0.27,52,0,0.4505,,8,0,2,0,0.0,0
0.3037,69,0,0.4462,2856.0,13,0,1,0,1.0,0
0.4052,54,0,0.5898,1808.0,10,0,4,0,1.0,0
6.1076,25,0,0.0477,,5,0,0,0,0.0,0
0.6631,72,0,0.0828,4463.0,11,0,2,0,1.0,0
0.4,28,0,0.7492,,3,0,0,0,0.0,0
1.6633,35,0,0.5788,6507.0,8,0,1,0,0.0,0
0.4982,66,0,0.2031,4453.0,9,0,1,0,1.0,1
0.1995,39,0,0.0443,6707.0,11,0,1,0,0.0,0
0.4217,48,0,0.3457,7827.0,7,0,1,0,0.0,0
0.0368,38,0,0.9751,5098.0,9,0,2,0,1.0,0
0.5229,53,0,0.2509,5323.0,8,0,0,0,2.0,0
0.306,69,0,0.1266,19083.0,11,0,0,0,1.0,1
0.1723,30,0,0.5641,4848.0,14,0,1,0,1.0,0
0.2431,55,0,0.4707,3170.0,11,0,1,0,2.0,0
0.3287,28,0,0.4788,4022.0,5,0,2,0,2.0,0
0.5617,81,1,0.2931,,5,0,1,0,0.0,0
0.0286,39,0,0.5145,9421.0,9,0,1,0,1.0,0
0.4579,60,0,1.3413,,7,0,0,0,0.0,0
3.0241,56,2,0.1825,2463.0,9,0,4,2,1.0,0
0.1528,54,0,1.1134,2375.0,7,0,2,0,2.0,1
0.7563,46,0,0.0671,10670.0,7,0,1,0,1.0,1
0.112,33,0,0.1185,8299.0,8,0,1,0,0.0,0
1.0581,73,0,0.501,4282.0,11,0,2,0,0.0,0
1.1958,39,0,0.172,8156.0,7,0,0,0,2.0,0
0.0477,50,0,0.2753,3029.0,8,0,0,0,3.0,0
1.0655,47,0,0.523,6677.0,11,0,0,0,,0
0.3551,66,0,1.0725,5859.0,11,0,1,0,0.0,0
0.3905,84,0,0.088,9030.0,8,0,2,0,1.0,1
0.1613,42,0,0.3642,,9,0,1,0,0.0,0
0.4898,54,0,0.38,4998.0,10,0,0,0,1.0,0
0.0408,67,0,0.3521,,10,0,0,0,2.0,0
1.4633,71,0,0.6135,5919.0,12,0,1,0,0.0,0
0.315,50,0,0.145,11130.0,12,0,1,0,2.0,1
0.1699,50,0,0.169,,8,0,3,0,1.0,0
0.6574,70,0,0.3195,2084.0,11,0,2,0,0.0,0
2.7162,26,0,0.2187,5444.0,7,0,1,0,1.0,0
0.0645,65,0,0.221,4012.0,5,0,0,0,1.0,0
0.3377,41,0,0.6406,8403.0,5,0,2,0,0.0,0
0.1213,54,0,0.8792,9788.0,12,0,2,0,1.0,0
0.3214,53,0,0.9246,2722.0,9,0,1,0,0.0,0
0.019,44,0,0.402,5480.0,7,0,1,0,0.0,0
0.5604,56,0,0.8435,20095.0,8,0,2,0,1.0,0
0.41,47,0,0.2187,2398.0,8,0,1,0,1.0,0
0.0759,66,1,0.7415,4250.0,8,0,2,0,2.0,0
0.6012,41,0,0.4653,4289.0,7,0,0,0,0.0,1
0.4792,37,0,0.6362,5298.0,4,0,0,0,0.0,0
0.5188,54,0,0.6597,2524.0,7,0,3,0,0.0,0
2.4357,51,0,0.9723,7254.0,9,0,2,0,,0
0.265,73,0,0.9065,3418.0,11,0,1,0,1.0,0
0.805,52,0,0.2166,9418.0,5,0,0,0,2.0,0
0.0042,52,0,0.5183,2240.0,9,0,2,0,1.0,0
0.002,35,0,0.2152,,13,0,1,0,1.0,0
0.3231,55,0,0.4555,2635.0,11,0,1,0,1.0,0
0.6206,36,0,0.775,5879.0,8,0,3,0,0.0,0
0.4972,49,0,0.0696,13040.0,10,0,2,0,0.0,0
0.3765,39,0,0.2835,,5,0,0,0,1.0,0
0.1071,59,0,0.9186,2437.0,8,0,1,0,1.0,0
0.024,50,0,0.4592,1187.0,11,0,2,0,1.0,0
0.4616,68,0,0.1324,3777.0,8,0,1,0,1.0,0
0.428,38,0,0.5528,7100.0,7,0,2,0,1.0,0
2.4211,53,0,0.6421,8528.0,9,0,2,0,,0
0.3905,54,0,1.0024,4437.0,6,0,1,0,0.0,0
0.1311,50,0,0.9354,2472.0,13,0,0,0,1.0,0
0.2971,67,0,0.3829,8074.0,12,1,1,0,1.0,0
10.4524,51,0,0.2537,8175.0,6,0,2,0,0.0,0
0.5901,37,0,0.5497,3073.0,6,0,1,0,4.0,0
0.0869,57,0,0.283,3480.0,11,0,2,0,1.0,0
1.0291,77,0,0.425,,5,0,0,0,1.0,0
0.5516,42,0,0.0721,5224.0,12,0,0,0,1.0,0
0.6089,51,0,0.0881,12555.0,9,0,1,0,,0
0.2466,55,0,0.4488,,4,0,1,0,2.0,0
0.4423,65,0,0.7715,,11,0,2,0,0.0,0
0.4563,62,0,0.4092,4955.0,10,0,1,0,,0
0.8828,54,0,0.3174,4570.0,5,0,2,0,0.0,0
0.4734,46,0,0.3773,1837.0,4,0,0,0,3.0,0
0.3663,45,0,0.4698,17970.0,5,0,0,0,0.0,0
0.3768,59,0,0.2738,3297.0,10,0,0,0,1.0,0
2.882,42,1,0.1492,10357.0,3,3,0,1,0.0,0
2.2423,33,0,0.7004,4175.0,4,0,0,0,1.0,0
0.5111,49,0,0.2275,4116.0,10,0,0,0,2.0,0
0.8603,45,0,0.3355,5200.0,7,0,0,0,1.0,0
0.5694,47,0,0.3849,8479.0,6,0,0,0,0.0,0
1.5191,59,0,0.2416,3222.0,15,0,0,0,4.0,1
0.7033,53,0,0.5519,9907.0,6,0,1,0,0.0,0
0.4232,49,0,0.8344,2308.0,9,0,3,0,1.0,0
0.2366,35,0,0.6228,1080.0,9,0,0,0,1.0,0
0.017,46,0,0.7193,,13,0,0,0,3.0,0
0.976,29,0,0.4927,,9,0,1,0,2.0,0
0.5256,41,0,0.859,14408.0,7,0,1,0,0.0,0
0.1616,41,0,0.5389,3035.0,4,0,6,0,0.0,0
0.4853,52,0,0.3311,1837.0,10,0,1,0,0.0,0
0.4861,53,1,0.5482,,8,0,1,1,0.0,0
0.5518,48,0,0.048,2221.0,11,0,1,0,0.0,0
0.3865,36,0,0.4097,21220.0,7,0,0,0,0.0,0
0.482,28,0,0.1039,14496.0,8,0,0,0,2.0,1
0.6208,71,1,0.4956,10236.0,5,0,1,2,2.0,0
0.362,40,0,0.6029,7774.0,6,0,1,0,1.0,0
0.324,48,0,0.4059,2036.0,9,0,0,0,1.0,0
0.908,45,0,0.8814,,4,0,0,0,0.0,0
0.1016,64,0,0.1756,5195.0,8,0,1,0,1.0,0
0.3592,56,0,0.5712,,2,0,2,0,1.0,0
0.2249,42,0,0.1404,2728.0,6,0,0,0,1.0,0
1.384,59,3,0.2663,11196.0,9,0,2,1,1.0,0
0.0708,33,0,0.2952,1840.0,7,0,0,0,1.0,0
0.2005,51,0,0.2956,,6,0,2,0,1.0,0
0.1056,21,0,0.5454,,7,0,1,0,0.0,0
0.6286,56,0,0.0448,5128.0,9,0,1,0,1.0,0
0.5844,46,0,0.3103,,8,0,0,0,0.0,0
0.0392,49,0,0.347,,7,0,2,0,1.0,0
1.4904,69,0,0.3457,11129.0,3,0,1,0,0.0,0
0.2838,41,0,0.5873,1729.0,6,0,0,0,1.0,0
0.5124,42,0,0.2451,1801.0,6,0,3,0,4.0,0
0.1398,31,0,0.2608,6509.0,9,0,0,0,,0
0.319,53,0,0.2267,6554.0,7,0,2,0,0.0,0
0.3773,51,0,0.6215,2349.0,10,0,0,0,1.0,0
0.2358,62,0,1.0442,8473.0,6,0,0,0,0.0,0
0.6897,51,0,0.4263,3892.0,10,0,3,0,1.0,0
0.6558,57,0,0.701,3169.0,2,0,2,0,1.0,0
0.4051,59,0,0.3159,1791.0,5,0,1,0,1.0,0
0.1113,57,0,0.321,4064.0,8,0,1,0,3.0,0
0.6767,50,0,0.5728,2801.0,4,0,0,0,0.0,0
0.0723,60,0,0.3863,,9,0,1,0,0.0,0
2.6792,61,0,0.3999,3896.0,6,0,3,0,0.0,0
4.3993,66,0,0.6071,3778.0,12,0,1,0,4.0,0
6.6871,84,0,0.0866,6827.0,11,0,0,0,0.0,0
1.0612,38,1,0.293,10620.0,17,0,0,2,1.0,0
1.3071,59,0,0.2973,4100.0,4,0,1,0,2.0,0
0.9264,52,0,0.2205,8836.0,6,0,1,0,3.0,0
0.3411,55,0,0.3942,4086.0,14,0,0,0,1.0,0
1.9595,63,0,0.4706,1348.0,10,0,2,0,2.0,0
0.1329,55,0,0.7528,3774.0,7,0,2,0,1.0,0
0.0081,37,0,0.4701,14787.0,8,0,0,0,1.0,0
1.1186,45,0,0.3448,5058.0,13,0,0,0,0.0,0
2.2786,60,0,0.7878,5980.0,10,0,1,0,,0
1.5135,41,0,0.7455,7718.0,5,0,1,0,0.0,0
0.445,37,0,0.1466,,16,1,4,0,2.0,0
0.9222,48,0,0.5507,3428.0,16,0,1,0,1.0,0
0.2519,32,0,0.0987,5240.0,16,0,1,0,0.0,0
0.4613,41,0,0.445,3687.0,13,0,1,0,1.0,0
0.334,79,0,0.7054,8627.0,6,0,0,0,0.0,0
0.1251,44,0,0.294,3118.0,12,0,3,0,0.0,0
0.2352,57,0,0.5376,3344.0,9,0,0,0,3.0,0
0.7864,40,0,0.8596,3380.0,13,0,1,0,1.0,1
0.6382,61,0,0.6287,14423.0,8,0,2,0,0.0,0
0.9592,48,0,0.0875,3371.0,5,0,0,0,1.0,0
0.1343,63,0,0.2241,3354.0,2,0,1,0,0.0,0
0.2626,47,0,0.2972,,8,0,0,0,5.0,0
0.2264,45,4,0.7121,8246.0,13,0,0,0,0.0,0
0.4266,50,0,0.4652,4592.0,9,0,1,0,0.0,0
0.236,52,0,0.9071,3312.0,5,0,1,0,0.0,0
0.872,55,1,0.2252,,4,0,0,0,0.0,0
0.8504,42,0,0.7482,4434.0,6,0,0,0,1.0,0
0.4724,39,0,0.3476,4324.0,9,0,1,0,0.0,0
0.6827,32,0,0.1897,2773.0,5,0,0,0,,0
1.3124,44,0,0.5947,7683.0,7,0,2,0,1.0,0
2.4246,28,0,0.9378,5112.0,9,0,1,0,1.0,0
0.084,34,0,0.7248,6970.0,11,0,1,0,0.0,0
0.5671,49,0,0.4055,5775.0,9,0,1,0,1.0,0
0.6322,60,0,0.992,13192.0,11,0,1,0,1.0,0
0.2184,47,0,0.749,3971.0,13,0,3,0,0.0,0
0.3941,80,0,0.2097,8873.0,7,0,0,0,2.0,0
0.6897,56,0,0.8918,4545.0,4,0,2,0,0.0,0
1.3868,55,0,0.779,3949.0,8,0,1,0,2.0,0
0.4228,36,0,0.249,,8,0,1,0,3.0,0
1.0397,60,0,0.6077,,13,0,0,0,0.0,0
0.6474,60,0,1.1199,11470.0,8,0,1,0,1.0,0
0.9165,39,0,0.6357,,10,0,2,0,3.0,0
7.5361,53,3,0.4123,12061.0,13,0,1,0,2.0,0
0.1457,73,0,0.4469,3634.0,7,0,1,0,1.0,0
0.8943,56,0,0.7302,8848.0,4,0,2,0,,0
0.1962,64,0,0.4458,5465.0,10,0,3,0,2.0,0
0.4674,47,0,0.5818,4185.0,6,0,2,0,0.0,0
0.0882,27,0,0.0757,4337.0,9,0,1,0,0.0,0
0.4484,59,0,0.063,2495.0,8,0,2,0,1.0,0
0.6708,50,0,0.0973,,6,0,0,0,0.0,0
0.1784,55,0,0.2256,,6,0,3,0,0.0,0
0.3548,53,0,0.6871,3686.0,10,0,1,0,0.0,0
0.2111,41,0,0.8284,9814.0,4,0,2,0,3.0,0
0.5223,53,0,0.3576,,2,0,1,0,0.0,0
0.6684,43,0,0.2512,,5,0,0,0,0.0,0
0.1003,38,0,1.1934,5434.0,6,0,0,0,0.0,0
0.5584,63,0,0.1891,6961.0,8,0,0,0,1.0,0
6.3669,40,0,0.6981,7639.0,5,0,0,0,2.0,0
0.3127,50,0,0.4792,5012.0,5,0,0,0,,0
0.6125,40,0,0.7187,,7,0,1,0,2.0,0
0.4133,72,0,0.7115,,10,0,0,0,2.0,0
0.1501,59,0,0.557,10117.0,3,0,1,0,1.0,0
0.3515,38,0,0.5851,969.0,10,0,2,0,0.0,0
0.3097,52,0,0.3088,8987.0,5,0,0,0,0.0,0
0.4565,52,0,0.6848,,13,0,0,0,1.0,1
0.4636,53,1,0.4089,6468.0,7,0,3,2,0.0,0
0.1453,43,0,0.2943,5263.0,12,0,0,0,0.0,0
0.5485,43,0,0.3968,2995.0,3,0,1,0,0.0,0
0.8156,73,0,0.2998,22596.0,6,0,1,0,2.0,0
0.7884,39,0,0.767,7143.0,3,0,1,0,1.0,0
0.1307,37,0,0.2505,5301.0,5,0,0,0,1.0,0
0.7682,26,0,0.1654,4653.0,11,0,0,0,2.0,0
0.4398,48,0,0.3649,,8,0,1,0,0.0,0
1.1392,34,0,1.3466,7549.0,7,0,1,0,1.0,0
0.1665,83,0,0.8686,6930.0,8,0,0,0,0.0,0
0.8736,33,0,0.2921,16035.0,7,0,1,0,1.0,0
0.4246,41,2,0.7865,2593.0,7,1,0,0,0.0,0
0.4547,82,0,0.5969,,9,0,4,0,2.0,1
0.3094,67,0,0.4943,11339.0,7,0,0,0,1.0,0
0.754,26,0,0.2714,5769.0,11,0,1,0,0.0,0
0.1272,52,0,0.3746,7844.0,5,0,0,0,0.0,0
0.4982,55,0,0.3927,11859.0,8,0,1,0,0.0,0
0.3616,38,0,0.1266,8549.0,10,0,2,0,0.0,0
0.3795,61,0,0.4247,6789.0,6,0,1,0,0.0,0
0.2611,32,0,0.8724,2640.0,10,0,0,0,1.0,0
0.3783,28,0,0.2694,6694.0,7,0,2,0,2.0,0
0.7699,65,0,0.7741,,13,0,1,0,0.0,0
0.3722,60,0,0.0793,,9,0,0,0,1.0,0
0.2725,78,0,0.656,,7,0,2,0,1.0,0
0.2481,50,0,0.3855,8352.0,5,0,1,0,2.0,0
0.9616,74,2,0.2008,5898.0,6,0,1,0,0.0,0
0.4599,44,0,0.3492,5613.0,8,0,1,0,0.0,0
0.4617,68,0,0.7707,4349.0,10,0,0,0,0.0,0
0.5352,78,0,0.6989,,12,0,2,0,1.0,1
0.8936,39,0,0.4369,5060.0,11,0,2,0,0.0,0
0.5785,27,0,0.5875,29621.0,13,0,1,0,1.0,0
4.2247,55,0,0.8731,7902.0,8,0,0,0,1.0,0
0.0953,55,0,0.8334,6443.0,10,0,1,0,2.0,0
0.0212,50,0,0.2342,7445.0,6,0,0,0,1.0,0
0.072,65,0,0.3543,5788.0,4,0,0,0,1.0,0
2.4107,36,0,0.1079,4219.0,7,0,1,0,1.0,0
0.683,50,0,0.7395,2942.0,4,0,1,0,2.0,0
5.8375,41,0,0.681,3332.0,10,0,2,0,0.0,0
0.1616,75,0,0.1513,2297.0,10,0,3,0,2.0,0
1.4887,63,0,0.667,3578.0,9,0,1,0,1.0,0
0.0967,42,0,0.6226,9460.0,5,0,0,0,1.0,0
0.0556,53,0,0.6961,3850.0,6,0,1,0,2.0,0
0.7785,49,0,0.3506,,5,0,2,0,3.0,0
0.2578,33,2,0.8141,7348.0,14,1,0,0,0.0,1
0.3009,74,0,0.5792,10378.0,8,0,1,0,2.0,0
0.1019,46,1,0.1165,13507.0,10,0,1,0,0.0,0
1.2249,95,0,0.0507,5072.0,9,0,2,0,0.0,0
0.5044,52,0,0.1047,1228.0,8,0,1,0,1.0,0
0.0287,69,0,0.2507,8135.0,10,0,3,0,1.0,0
3.8231,52,1,0.3397,5027.0,6,0,0,1,1.0,0
0.5578,56,3,0.3868,4441.0,9,0,0,1,0.0,0
1.0795,46,0,0.4654,2046.0,7,0,1,0,1.0,1
0.0239,27,0,0.441,6626.0,11,0,1,0,0.0,0
0.2117,75,0,0.6898,,9,0,2,0,0.0,0
0.5923,43,0,0.7779,10609.0,8,0,1,0,0.0,0
0.0992,72,0,0.6001,21387.0,9,0,1,0,1.0,0
2.3154,81,0,0.4514,,10,0,3,0,0.0,0
0.4919,43,0,0.6206,3283.0,12,0,0,0,1.0,0
0.5047,40,0,0.2233,3678.0,10,0,1,0,1.0,0
0.3821,44,0,0.404,7246.0,6,0,1,0,0.0,0
0.3762,25,0,0.499,4788.0,6,0,0,0,0.0,0
1.1138,57,0,0.509,,9,0,3,0,0.0,0
0.1575,70,0,0.3636,3986.0,8,0,0,0,2.0,0
0.4206,39,0,0.3241,4237.0,10,0,0,0,0.0,0
0.1217,59,2,0.3025,2571.0,9,0,3,0,1.0,0
0.2303,49,0,0.3334,3803.0,7,0,0,0,0.0,0
0.4532,49,0,0.848,2567.0,11,0,3,0,1.0,0
4.2175,52,0,0.0825,,9,0,3,0,1.0,0
0.913,57,0,0.8199,,13,0,0,0,0.0,0
0.3605,43,0,0.2754,7976.0,12,0,1,0,0.0,0
0.2613,52,0,0.0331,8385.0,7,0,1,0,2.0,0
0.1564,44,0,0.611,17862.0,4,0,0,0,1.0,0
1.2437,54,0,0.6688,12954.0,8,0,1,0,1.0,0
0.2713,39,0,0.1071,5794.0,9,0,1,0,3.0,0
0.37,65,0,0.2928,8480.0,7,0,2,0,1.0,0
0.441,47,3,0.2612,,12,0,0,1,0.0,0
2.0018,34,0,1.0531,,8,0,0,0,1.0,0
0.5011,49,0,0.5941,3673.0,9,0,1,0,1.0,0
0.298,51,0,0.468,20111.0,6,0,0,0,0.0,0
0.2198,45,0,0.0619,1437.0,14,0,0,0,0.0,0
0.7329,29,0,0.3769,2863.0,11,0,0,0,0.0,0
0.3971,50,1,0.4449,7048.0,7,0,1,0,0.0,1
0.2365,54,0,0.6786,2428.0,7,0,0,0,0.0,0
1.8041,58,2,0.6516,12400.0,13,0,2,0,2.0,0
0.8749,66,0,0.4088,6093.0,4,0,1,0,1.0,0
0.3613,59,0,0.0444,10109.0,5,0,1,0,0.0,0
0.5364,57,0,0.8462,7895.0,8,0,0,0,1.0,0
0.8397,60,0,0.7047,6168.0,10,0,3,0,1.0,0
2.0455,44,4,0.4507,,8,0,1,0,1.0,0
4.657,65,0,0.1414,3297.0,12,0,0,0,3.0,0
0.0992,51,0,0.5367,10065.0,6,0,2,0,1.0,0
0.2697,49,0,0.1305,,8,0,0,0,0.0,0
0.5422,35,0,0.3766,3391.0,9,0,2,0,1.0,0
0.3043,58,0,0.7707,20179.0,7,0,2,0,1.0,0
1.6989,57,1,0.2485,6868.0,10,0,0,0,2.0,0
0.4418,62,0,0.284,,6,0,0,0,0.0,0
1.1967,33,1,0.6068,4817.0,7,0,1,1,2.0,0
2.5292,62,0,0.6981,8844.0,11,0,1,0,0.0,0
0.4749,50,0,0.194,,5,0,1,0,,0
0.4967,39,0,0.4128,7934.0,3,0,2,0,0.0,0
0.1694,46,0,0.3526,2782.0,8,0,4,0,0.0,0
0.0106,41,0,0.6219,2704.0,13,0,2,0,1.0,0
0.4075,57,0,0.2072,7760.0,5,0,1,0,0.0,0
0.6386,46,0,0.306,,9,0,1,0,1.0,0
0.0552,51,0,0.7039,3789.0,13,0,1,0,1.0,0
0.7103,45,0,0.3512,15865.0,4,0,1,0,1.0,0
0.2331,50,0,0.6904,7247.0,5,0,1,0,3.0,0
0.241,36,0,0.391,5199.0,4,0,1,0,1.0,0
0.0963,24,0,0.5251,3628.0,8,0,2,0,0.0,0
0.2149,89,0,0.2899,9019.0,4,0,0,0,1.0,0
0.1174,53,0,0.3153,9732.0,8,0,0,0,1.0,0
0.485,93,0,0.0546,,7,0,4,0,3.0,0
0.349,51,0,0.4113,28124.0,5,0,2,0,0.0,0
0.8189,52,1,0.3244,8600.0,8,0,0,0,0.0,0
0.7049,48,0,0.9296,13911.0,7,0,3,0,1.0,0
0.9097,60,2,0.1273,3872.0,13,0,0,0,0.0,0
2.5269,53,0,1.2677,3679.0,7,0,1,0,3.0,1
0.076,33,0,0.3335,,7,0,0,0,1.0,0
4.7785,37,0,0.2589,3144.0,11,0,1,0,2.0,1
0.1488,35,0,0.7276,,7,0,1,0,0.0,0
1.436,53,1,0.7238,9970.0,9,0,1,0,1.0,0
0.3327,54,0,0.8922,2349.0,7,0,0,0,0.0,0
0.5764,53,0,0.5269,4230.0,8,0,2,0,2.0,1
0.1787,42,0,0.7499,6154.0,5,0,1,0,1.0,0
0.3766,35,0,0.4197,9032.0,11,0,0,0,1.0,0
0.232,68,0,0.7304,11525.0,5,0,0,0,1.0,0
0.7667,55,0,0.7322,6645.0,6,0,1,0,4.0,0
0.1827,60,1,0.2541,3206.0,5,0,1,0,1.0,0
6.1453,65,0,0.7112,,7,0,0,0,1.0,0
0.3309,23,0,0.2932,6918.0,11,0,3,0,1.0,0
0.0498,53,0,0.7307,,8,0,1,0,4.0,0
0.05,67,0,0.4348,17967.0,10,0,3,0,1.0,0
0.187,34,0,0.7189,2662.0,8,0,1,0,0.0,0
0.0271,36,1,0.68,5711.0,10,0,3,1,1.0,0
0.3359,36,0,0.5996,9945.0,6,0,1,0,0.0,0
0.6926,30,0,0.7053,7656.0,6,0,1,0,1.0,0
0.4146,60,0,0.5389,23329.0,3,0,1,0,0.0,0
0.2486,54,0,0.2534,1571.0,6,0,1,0,1.0,0
0.1602,34,0,0.6297,,8,0,1,0,1.0,0
0.2916,26,0,0.4194,4500.0,9,0,2,0,0.0,0
0.4884,40,0,1.0281,,11,0,1,0,0.0,0
0.1558,67,1,0.0275,1806.0,14,3,2,0,0.0,0
0.5278,35,0,0.3416,5950.0,8,0,2,0,1.0,0
0.1385,27,0,0.4443,2478.0,3,0,3,0,0.0,0
0.2303,49,0,1.224,7788.0,5,0,0,0,0.0,0
0.7692,34,0,0.1462,5226.0,6,0,0,0,0.0,1
0.1393,74,2,0.4944,7422.0,9,0,0,0,0.0,0
0.1703,53,0,0.167,,11,0,1,0,1.0,0
0.3275,45,0,0.9092,6691.0,10,0,1,0,1.0,0
0.3981,45,0,1.2142,,9,0,1,0,1.0,0
0.3632,42,0,0.1249,5246.0,14,0,0,0,0.0,0
0.3661,44,0,0.4979,,8,0,1,0,2.0,0
0.4318,84,0,0.7603,9764.0,12,0,0,0,0.0,0
0.0088,64,0,0.8583,7175.0,7,0,0,0,1.0,0
0.7643,47,0,0.4281,3831.0,6,0,1,0,1.0,0
0.6026,54,0,0.3955,5308.0,10,0,1,0,0.0,0
0.26,40,0,0.6292,2089.0,7,0,1,0,0.0,0
0.2785,64,0,0.159,5091.0,13,0,2,0,2.0,0
0.2945,21,0,0.534,5986.0,6,0,2,0,1.0,0
0.4582,42,0,0.4588,6073.0,6,0,2,0,1.0,0
0.1685,35,0,0.6211,4098.0,6,0,1,0,0.0,0
0.7514,62,0,0.4839,4420.0,5,0,0,0,,0
0.0049,49,0,0.2813,2407.0,5,0,2,0,0.0,0
0.2919,25,0,0.4146,,12,0,0,0,0.0,0
0.2887,48,0,0.832,,8,0,1,0,0.0,0
0.7933,49,0,0.7794,3608.0,13,0,0,0,0.0,0
0.7247,70,0,0.405,,5,0,2,0,0.0,0
1.9112,53,0,0.3572,4820.0,7,0,1,0,1.0,0
0.2713,48,0,0.057,4874.0,11,0,0,2,0.0,0
0.136,50,0,0.9938,,10,0,0,0,1.0,0
0.8313,21,0,0.3828,,6,0,1,0,3.0,0
0.5706,37,0,0.8886,3738.0,5,0,1,0,0.0,0
0.4167,21,0,0.4691,,6,0,2,0,0.0,0
0.4559,77,0,0.6815,1892.0,10,0,0,0,0.0,1
0.6176,42,0,0.3642,3293.0,8,0,1,0,1.0,0
0.1164,58,0,0.5531,1420.0,8,0,0,0,0.0,0
2.0187,34,0,0.6564,5044.0,10,0,0,0,1.0,0
0.6685,43,0,0.4106,10625.0,2,0,0,0,2.0,0
0.2771,44,0,0.8944,4631.0,5,0,0,0,1.0,0
0.0614,56,0,0.2966,,6,0,0,0,1.0,0
1.1783,46,0,0.2372,10565.0,6,0,1,0,0.0,0
0.3026,39,0,0.1981,2967.0,8,0,0,0,0.0,0
0.765,21,1,0.7854,,5,0,0,0,0.0,0
0.2659,80,0,0.891,8183.0,2,0,1,0,0.0,0
0.0011,41,0,0.6421,5382.0,6,0,2,0,3.0,0
0.4351,43,0,0.7122,10405.0,6,0,1,0,0.0,0
1.1517,40,0,0.3609,9576.0,9,0,0,0,0.0,0
0.3534,68,0,0.5076,9194.0,9,0,0,0,0.0,0
0.6643,39,0,0.6493,,7,0,1,0,1.0,0
1.0306,42,0,1.2246,,9,0,0,0,0.0,1
0.0389,51,0,0.2026,2148.0,8,0,3,0,1.0,0
0.0133,65,0,0.4376,11414.0,10,0,1,0,2.0,0
0.6536,48,0,0.4988,14068.0,7,0,1,0,0.0,0
2.3932,49,0,0.4327,2772.0,7,0,0,0,0.0,0
0.5444,47,0,0.2238,4005.0,8,0,5,0,0.0,1
3.6828,42,0,0.3145,4761.0,12,0,0,0,0.0,0
0.3415,74,0,0.5878,4492.0,7,0,2,0,1.0,0
0.8204,37,2,0.5949,3700.0,4,0,0,1,1.0,0
0.4112,54,0,0.6435,5344.0,8,0,1,0,1.0,0
0.2574,41,2,0.8881,10825.0,8,0,0,0,1.0,0
0.2238,57,0,0.7944,,5,0,1,0,0.0,0
0.035,48,0,0.3495,8181.0,8,0,0,0,1.0,0
0.6607,52,0,0.4135,,6,0,3,0,0.0,0
0.1083,50,0,0.3913,4001.0,15,0,2,0,0.0,0
0.0242,33,0,0.7024,,9,0,1,0,2.0,0
0.1845,48,0,0.3073,5045.0,7,0,0,0,1.0,0
0.2732,23,0,0.5446,3201.0,7,0,1,0,1.0,0
0.2979,52,0,0.4189,4707.0,10,0,3,0,0.0,0
0.2496,41,0,0.4977,5212.0,9,0,3,0,0.0,0
0.2652,45,0,0.2052,,6,0,3,0,0.0,0
0.3629,49,0,0.4277,2799.0,5,0,0,0,0.0,0
0.0926,51,0,0.5524,11255.0,5,0,1,0,0.0,0
0.4632,21,0,0.1677,12476.0,4,0,1,0,0.0,1
0.1165,43,0,0.7299,11563.0,8,0,0,0,1.0,0
0.3733,52,0,0.1886,12659.0,4,1,0,0,0.0,0
0.6122,71,0,0.6243,5534.0,8,0,1,0,0.0,0
0.5336,85,0,0.2026,9411.0,12,0,1,0,1.0,0
0.425,76,0,0.4669,6712.0,7,0,1,0,1.0,0
0.5066,38,0,0.4702,5228.0,9,0,1,0,1.0,0
0.7267,56,0,0.4421,,7,0,1,0,1.0,0
0.1791,64,0,0.0843,8336.0,7,0,0,0,1.0,0
0.5214,58,0,0.5513,,5,0,0,0,0.0,0
0.3819,48,0,0.5777,11418.0,7,0,1,0,0.0,0
0.5701,53,0,0.2223,11431.0,7,0,0,0,0.0,0
0.5479,55,0,0.5482,4896.0,8,0,0,0,1.0,0
0.4985,41,0,0.2444,7147.0,10,0,0,0,2.0,0
1.2249,53,3,0.5342,6998.0,5,0,0,0,0.0,0
0.318,32,0,1.1407,,9,0,0,0,0.0,0
12.2467,83,0,0.6966,7094.0,10,0,0,0,0.0,0
0.4824,45,0,0.4923,8335.0,8,0,1,0,1.0,0
0.0504,58,0,0.8238,8859.0,14,0,3,0,1.0,0
3.1767,54,0,0.2064,,2,0,0,1,0.0,0
0.3429,52,0,0.8222,6318.0,5,0,2,0,2.0,0
0.1413,59,0,0.306,,11,0,0,0,0.0,0
0.0745,66,0,0.9678,7639.0,9,0,2,0,1.0,0
1.0431,52,0,0.1961,5658.0,6,0,0,0,1.0,0
1.0686,62,0,0.1943,,8,0,1,0,0.0,0
0.1889,57,0,0.7934,2745.0,8,0,0,0,2.0,0
0.2134,33,0,0.2746,5034.0,3,0,0,0,0.0,0
0.4355,51,0,0.8786,,12,0,1,0,0.0,0
6.8471,48,0,0.9028,11677.0,8,0,0,0,1.0,0
0.2678,59,0,0.2224,9239.0,14,0,0,0,3.0,0
0.4145,61,0,0.8829,9375.0,12,0,1,0,0.0,0
0.1118,53,0,0.8784,4253.0,10,0,2,0,2.0,0
3.081,56,0,0.4275,4612.0,7,0,0,0,0.0,1
0.2536,53,0,0.5415,8012.0,6,0,1,0,0.0,0
1.0304,43,0,0.2362,5354.0,6,0,0,2,0.0,0
0.6065,68,2,0.9377,8948.0,9,1,2,0,2.0,0
0.4583,59,0,0.8349,4724.0,6,0,0,0,2.0,0
0.5024,78,0,0.7293,10195.0,12,0,2,0,1.0,0
0.534,49,0,0.7208,5124.0,11,0,3,0,1.0,1
0.4652,43,0,0.2943,8238.0,8,0,0,0,,0
0.5874,22,1,0.4038,1742.0,6,1,1,0,2.0,0
2.6372,84,0,0.5425,9761.0,4,0,3,0,1.0,0
0.4656,59,0,0.1866,,8,0,1,0,1.0,0
0.1831,63,0,0.05,5236.0,3,0,2,0,0.0,0
0.8451,76,0,1.0193,3434.0,7,0,1,0,0.0,0
0.2875,54,0,0.4801,5413.0,5,0,0,0,1.0,0
0.7271,42,0,0.6586,,9,0,1,0,0.0,0
0.1426,64,0,0.3919,4094.0,18,0,2,0,0.0,0
6.6414,49,0,0.8725,5644.0,8,0,2,0,0.0,0
0.6355,26,0,0.3841,,5,0,3,0,1.0,0
0.2012,73,0,0.2994,4074.0,11,0,1,0,1.0,0
11.5819,36,0,0.3184,7458.0,15,0,0,0,2.0,0
1.0677,41,0,1.1057,5627.0,8,0,3,0,1.0,0
0.329,63,0,0.4964,11204.0,11,0,3,0,0.0,0
3.2316,24,0,0.6597,8666.0,12,0,1,0,2.0,0
0.2609,53,0,0.9643,,18,0,0,0,0.0,0
0.0771,55,0,0.2221,18687.0,13,0,1,0,0.0,0
0.7358,67,0,0.4786,3266.0,7,0,0,0,1.0,0
0.0193,60,0,0.3581,15229.0,7,0,0,0,2.0,0
0.1282,62,0,0.6431,,8,0,0,0,0.0,0
0.755,64,0,0.8518,4047.0,9,0,0,0,0.0,0
0.0503,72,3,0.2248,13395.0,10,0,0,0,2.0,0
0.3837,45,2,0.1622,8813.0,7,1,2,1,3.0,0
0.387,38,0,0.1828,3068.0,6,0,0,0,2.0,0
0.614,39,0,0.7243,12111.0,12,0,0,0,0.0,0
1.2092,60,0,0.5832,4726.0,7,0,1,0,0.0,0
0.9968,48,0,1.1951,8465.0,4,0,0,0,1.0,0
0.7631,43,0,0.3514,11658.0,6,0,0,0,0.0,0
0.0537,67,0,0.306,5940.0,12,0,1,0,0.0,0
0.727,60,0,1.1908,13548.0,8,0,3,0,1.0,0
3.4722,74,0,0.8482,5692.0,15,0,0,0,0.0,0
0.4832,56,0,0.3996,6340.0,7,0,1,0,0.0,0
2.3075,59,0,0.5482,12691.0,7,0,2,0,0.0,0
0.1345,46,0,0.6198,3129.0,10,0,5,0,0.0,0
0.3322,22,0,0.4109,3276.0,9,0,0,0,0.0,0
0.765,44,0,0.167,5722.0,3,0,2,0,2.0,0
1.1516,42,1,0.757,13896.0,6,0,0,0,0.0,0
1.0005,33,0,0.5339,,10,1,3,0,0.0,0
0.0717,54,0,0.8277,19299.0,9,0,2,0,0.0,0
0.1719,65,0,0.3542,,8,0,2,0,1.0,0
0.2121,45,0,0.4141,5940.0,8,0,1,0,2.0,0
0.719,57,0,0.6458,,6,0,1,0,0.0,0
0.0709,44,0,0.4916,6446.0,3,0,1,0,1.0,0
0.4503,50,0,0.8084,,7,0,0,0,0.0,0
0.4707,44,0,0.2598,3686.0,3,0,0,0,1.0,0
0.3435,56,0,0.1906,,12,0,3,0,3.0,0
0.5108,60,0,0.3305,2197.0,7,0,2,0,0.0,1
0.4143,76,0,0.4411,9920.0,6,0,0,0,1.0,0
0.4646,44,0,0.4715,6306.0,11,0,0,0,0.0,0
0.3465,49,0,0.4479,1265.0,9,0,0,0,2.0,0
0.8199,68,0,0.4745,5460.0,9,0,0,0,0.0,0
0.0029,47,0,0.6648,13786.0,7,0,2,0,0.0,0
0.3747,59,0,0.7493,5553.0,14,0,0,0,2.0,0
1.9468,45,0,0.2219,3525.0,10,0,0,0,2.0,0
0.1329,58,0,0.1948,,12,0,0,0,2.0,0
0.2506,60,0,0.7603,3219.0,6,0,3,0,0.0,0
0.28,70,0,0.421,3430.0,13,0,2,0,1.0,0
0.4888,41,0,0.9311,3645.0,8,0,1,0,1.0,0
0.3381,59,0,0.5459,,5,0,1,0,0.0,0
0.1396,50,0,0.127,,6,0,3,0,0.0,0
1.129,29,0,0.4862,7381.0,4,0,1,0,1.0,0
0.0472,43,0,0.9239,3302.0,7,0,0,0,0.0,0
1.4937,42,0,0.4417,10313.0,10,0,3,0,1.0,0
0.8909,58,0,0.1552,10192.0,2,0,2,0,0.0,0
0.2287,40,0,0.2993,18625.0,6,0,0,0,2.0,0
3.8997,53,0,0.5806,5050.0,8,0,1,0,2.0,1
0.4009,52,0,0.9041,5847.0,4,0,3,0,3.0,0
0.2749,61,0,0.537,10198.0,9,0,0,0,1.0,0
2.7865,45,0,0.629,5387.0,7,0,1,0,1.0,0
0.4366,31,0,0.1794,,5,0,1,0,0.0,0
0.0045,65,0,0.3758,2832.0,11,0,2,0,1.0,0
0.1199,44,0,0.6041,5914.0,4,0,1,0,0.0,0
0.6023,67,0,0.2304,8252.0,4,0,2,0,,0
4.318,52,0,0.1696,7695.0,12,0,0,0,0.0,0
0.2173,53,0,0.4037,,9,0,0,0,0.0,0
0.8736,61,0,0.7906,6680.0,8,0,0,0,1.0,0
0.7009,61,0,0.5681,4294.0,12,0,1,0,1.0,0
0.9522,51,0,0.4098,5041.0,4,0,0,0,1.0,0
0.4147,46,0,0.9384,6298.0,10,0,0,0,0.0,0
3.5328,51,3,0.7047,3047.0,10,0,1,0,1.0,0
2.3004,27,0,0.2796,4481.0,5,0,1,0,1.0,0
2.5489,66,3,0.897,2738.0,5,0,2,0,0.0,0
1.0028,40,0,0.6173,6432.0,9,0,2,0,0.0,0
0.4301,45,0,0.3156,,6,0,0,0,0.0,0
0.5268,46,0,0.7323,3704.0,13,0,0,0,1.0,0
0.5627,57,0,0.7063,5198.0,8,0,1,1,4.0,0
0.1142,50,0,0.7904,12553.0,9,0,2,0,0.0,0
0.239,61,0,0.5892,,6,0,1,0,1.0,0
0.2159,59,0,0.3807,4331.0,8,0,2,0,1.0,0
2.1192,41,0,0.5756,,8,0,0,0,1.0,0
0.5072,41,0,0.2126,5123.0,3,0,1,0,1.0,0
0.22,48,0,0.1633,5026.0,5,0,1,0,2.0,0
0.3329,62,0,0.7505,6335.0,8,0,2,0,0.0,0
0.8106,60,1,0.5013,5251.0,12,0,1,0,0.0,0
0.4457,61,0,0.5807,7321.0,11,0,3,0,0.0,0
0.2899,48,0,0.6224,3188.0,10,0,1,0,1.0,0
0.0152,66,0,0.373,,6,0,4,0,1.0,0
0.0371,57,0,0.3963,3089.0,13,0,0,0,0.0,0
0.1999,44,0,0.6083,5347.0,7,0,1,0,0.0,0
0.2039,48,0,0.5698,,13,0,2,0,3.0,0
2.5634,63,0,0.7426,4439.0,7,0,1,0,2.0,0
0.0161,73,0,0.1379,5123.0,8,0,3,0,2.0,0
0.8439,28,0,0.479,3289.0,7,0,0,0,0.0,1
0.2563,56,0,0.4543,,7,0,0,0,3.0,0
0.4107,30,0,0.7811,4892.0,9,0,2,0,2.0,0
0.3262,42,0,0.3009,9389.0,9,0,2,0,0.0,0
0.4121,59,1,0.1306,3133.0,11,0,1,0,0.0,0
0.8059,54,0,0.2565,,4,0,0,0,1.0,0
4.4097,41,0,0.1968,5599.0,6,0,2,0,0.0,0
0.3538,46,0,0.4254,4159.0,6,0,1,0,0.0,0
0.275,65,0,0.6482,5320.0,8,0,0,0,,0
0.5474,53,0,0.8867,2271.0,5,0,1,0,0.0,0
0.4096,52,0,0.7048,7131.0,8,0,0,0,3.0,0
0.3798,66,0,0.487,4519.0,6,0,2,0,0.0,0
0.0881,63,0,0.7,4128.0,10,0,1,0,1.0,0
0.3672,47,0,0.552,,6,0,1,0,1.0,0
0.3632,61,0,0.2177,19399.0,6,0,0,0,1.0,0
0.4354,48,0,0.2551,2900.0,11,0,1,0,0.0,0
0.2693,53,0,0.8411,15221.0,15,0,1,0,1.0,0
2.5615,28,1,0.4109,1835.0,11,0,0,0,3.0,0
0.8169,44,0,0.4242,12157.0,11,0,2,0,1.0,0
0.351,54,0,0.8475,5202.0,10,0,2,0,0.0,0
0.4512,36,0,0.2248,2967.0,8,0,1,0,0.0,0
0.1447,47,0,0.5925,5069.0,11,0,4,0,1.0,0
0.4928,29,0,0.6708,,6,0,2,0,3.0,1
0.5417,62,0,0.1246,,7,0,3,0,0.0,0
3.4686,72,2,0.3152,7535.0,5,0,1,0,0.0,0
0.8171,38,0,1.0709,5787.0,8,0,2,0,0.0,0
0.1657,30,0,0.1332,2599.0,5,0,1,0,0.0,0
0.4548,60,0,0.533,8868.0,8,0,2,0,,0
1.5451,55,1,0.8474,3144.0,4,0,1,0,1.0,0
0.446,58,0,0.543,4707.0,6,0,1,0,0.0,0
0.6789,62,0,0.7558,10848.0,9,0,0,0,1.0,0
0.1088,54,0,0.5099,13115.0,8,0,1,0,0.0,0
0.8152,71,2,0.8909,3549.0,13,0,2,2,0.0,0
1.7264,73,0,0.4092,8796.0,9,0,3,0,1.0,0
0.2445,79,0,1.15,4376.0,8,0,0,0,1.0,1
0.3857,81,0,0.4004,16985.0,7,0,0,0,1.0,0
0.244,42,0,1.2632,8900.0,9,0,1,0,0.0,0
0.2769,67,1,0.2946,3859.0,12,1,0,0,1.0,0
0.3694,55,0,0.602,4467.0,5,0,1,0,2.0,0
0.0906,25,0,0.5567,7181.0,8,0,3,0,1.0,0
0.7173,59,0,0.4507,744.0,8,0,2,0,0.0,0
0.1016,42,0,0.3763,12448.0,12,0,0,0,,1
0.7043,52,0,0.6901,8453.0,8,0,2,0,1.0,0
0.7335,36,0,0.3966,25888.0,8,0,0,0,1.0,0
3.3487,70,0,0.2786,,6,0,1,0,3.0,0
0.4084,39,0,0.3594,7170.0,10,0,0,0,1.0,0
0.2113,42,0,0.4801,5530.0,8,0,0,0,1.0,0
0.3083,68,0,0.7219,6661.0,8,0,1,0,0.0,0
1.211,56,0,0.8994,8272.0,10,0,0,0,1.0,0
0.2595,77,0,0.1424,9435.0,4,0,0,0,0.0,0
0.8103,64,1,0.5958,1647.0,4,0,2,1,2.0,0
0.4203,67,0,0.6458,2589.0,7,0,0,0,1.0,0
0.2063,37,0,0.2993,4382.0,9,0,2,0,1.0,0
0.3928,57,0,0.5648,4401.0,6,0,0,0,0.0,0
0.2457,78,0,0.244,7542.0,7,0,1,0,3.0,0
0.2603,37,0,0.2575,7665.0,14,0,1,0,0.0,0
1.3164,52,0,0.312,12046.0,8,0,0,0,2.0,0
0.4891,51,0,0.4223,11750.0,4,0,0,0,1.0,0
0.2558,56,0,0.4299,,8,0,2,0,0.0,0
0.3138,63,0,0.3564,10605.0,8,0,1,0,0.0,0
0.1516,54,0,1.0038,2402.0,6,0,1,0,1.0,0
0.3095,80,0,0.0913,9144.0,10,0,0,0,0.0,0
0.4658,21,0,0.6351,14118.0,6,0,0,0,0.0,0
0.7692,21,0,0.4354,7648.0,7,0,1,0,3.0,0
0.1428,49,0,0.2786,7393.0,14,0,2,0,1.0,0
0.3308,70,0,0.9047,3147.0,8,0,2,0,0.0,0
0.128,50,0,0.3368,4118.0,11,0,2,0,0.0,0
0.4843,46,0,0.141,3163.0,10,0,0,0,2.0,0
0.7958,25,0,1.0587,6896.0,7,0,1,0,3.0,0
0.3905,48,0,0.8782,2756.0,5,0,1,0,1.0,0
0.3618,45,0,0.467,2339.0,6,0,0,0,0.0,0
0.0003,50,0,0.2439,11415.0,9,0,0,0,0.0,0
0.2942,50,0,0.2798,8933.0,12,0,2,0,0.0,0
0.0682,62,0,0.3001,7530.0,9,0,1,0,2.0,0
0.3236,46,0,0.7395,,10,0,0,0,1.0,0
0.4484,40,0,0.1436,11722.0,8,0,1,0,0.0,0
0.2972,52,0,0.6727,3747.0,16,0,0,0,1.0,0
0.4623,52,0,0.5577,4987.0,8,0,3,0,2.0,0
0.724,35,0,0.1697,2159.0,12,0,1,0,0.0,0
0.4427,57,0,0.835,7926.0,8,0,2,0,1.0,0
0.1072,34,0,0.8477,4421.0,7,0,0,0,0.0,0
0.4151,61,0,0.2618,,9,0,0,0,1.0,0
1.4564,45,0,0.3051,4244.0,8,0,2,0,1.0,0
0.4418,36,0,0.1799,4540.0,6,0,1,0,2.0,0
0.2044,91,3,1.1701,12866.0,7,0,1,1,2.0,0
0.8641,53,0,0.8799,3751.0,9,0,0,0,1.0,0
1.0243,67,0,0.5937,9394.0,6,0,0,0,0.0,0
0.1331,51,0,0.2475,3173.0,10,0,1,0,0.0,0
0.636,70,0,0.0877,,10,0,1,0,0.0,0
0.441,62,0,0.1814,19308.0,13,0,1,0,1.0,0
0.064,48,0,0.1386,,7,0,1,0,0.0,0
0.8317,66,0,0.0304,8578.0,6,0,2,0,0.0,0
0.1183,69,0,0.6808,6143.0,10,0,1,0,0.0,0
0.4554,46,2,0.4671,4453.0,14,0,0,0,0.0,0
0.0626,52,0,0.8503,4337.0,6,0,3,0,2.0,0
0.539,81,0,0.2286,3165.0,8,0,2,3,2.0,0
0.0358,55,0,0.1768,10475.0,13,0,0,0,0.0,0
0.4002,68,0,0.3882,14969.0,12,0,2,0,0.0,0
0.4045,64,0,0.2731,5244.0,8,0,1,0,2.0,0
0.5457,67,0,0.6692,2123.0,9,0,0,0,1.0,0
0.2235,66,0,0.7239,10057.0,16,0,0,0,0.0,0
0.9343,21,2,0.422,5559.0,9,0,1,0,0.0,0
0.0935,45,0,0.5766,5261.0,6,0,2,0,1.0,0
0.5393,48,0,0.7235,3908.0,9,0,0,0,0.0,0
0.9587,56,1,0.538,6448.0,13,0,0,1,2.0,0
0.041,40,0,0.1245,6676.0,12,0,1,0,1.0,0
0.3724,50,0,0.3766,15795.0,10,0,0,0,3.0,0
0.6262,34,0,0.8499,2391.0,5,0,0,0,1.0,1
4.1492,24,1,0.9103,1653.0,5,1,0,0,0.0,0
0.2307,90,0,0.3428,,4,0,1,0,1.0,0
0.3322,46,0,0.847,7649.0,5,0,1,0,1.0,0
0.0794,70,0,0.8128,10097.0,12,0,1,0,3.0,0
0.3833,65,0,0.1283,14297.0,9,0,1,0,1.0,0
0.1737,46,0,0.5464,3240.0,14,0,2,0,2.0,0
0.5195,73,0,0.2674,,5,0,0,0,1.0,0
0.2216,40,0,0.4999,3373.0,8,0,0,0,0.0,0
0.751,51,0,0.202,3673.0,5,0,0,0,0.0,0
0.1278,61,1,0.0818,,7,0,1,1,2.0,0
0.6351,52,0,0.8585,13203.0,5,0,3,0,0.0,0
0.2475,50,0,0.2328,,8,0,0,0,1.0,0
0.2879,25,1,1.3896,,8,0,1,0,0.0,0
0.6602,63,0,0.5271,2600.0,13,0,1,0,0.0,1
0.3643,65,0,0.6481,4726.0,6,0,2,0,3.0,0
0.047,45,0,0.0423,,6,0,0,0,0.0,0
4.0553,65,0,0.257,6344.0,8,0,1,0,2.0,0
0.4356,56,0,0.113,4176.0,8,0,0,0,3.0,1
0.073,67,0,0.2332,11463.0,5,0,1,0,1.0,0
0.2896,63,0,0.7561,,5,0,1,0,1.0,0
0.245,48,0,0.3983,9038.0,3,0,0,0,0.0,0
0.8867,81,0,0.2903,8260.0,5,0,0,0,0.0,0
0.0871,40,0,0.8236,8931.0,4,0,0,0,0.0,0
0.1474,21,0,1.1795,5553.0,8,0,1,0,1.0,0
0.0235,21,0,0.1611,26462.0,4,0,1,0,1.0,0
0.1657,58,0,0.5554,6683.0,11,0,1,0,0.0,0
0.1961,21,1,0.7948,4226.0,10,0,0,0,1.0,0
4.2706,43,0,0.2603,1331.0,8,0,0,0,0.0,0
0.7239,68,0,0.6903,,4,0,2,0,1.0,0
0.5532,21,0,0.8515,,5,0,0,0,1.0,0
0.0151,49,0,0.1318,4565.0,8,0,0,1,0.0,0
0.0218,51,0,0.3367,5657.0,7,0,0,0,0.0,0
0.4586,30,0,0.9074,2893.0,15,0,0,0,2.0,0
2.0162,56,0,0.7428,,9,0,2,0,1.0,0
0.0404,49,0,0.8156,,5,0,0,0,4.0,0
0.3858,61,0,0.3793,,5,0,2,0,3.0,0
0.078,51,0,0.4337,1807.0,9,0,1,0,1.0,0
0.0273,45,0,0.5944,2303.0,9,0,2,0,2.0,0
1.0137,57,0,0.8031,,10,0,0,0,2.0,0
0.5427,70,0,0.5751,9530.0,14,0,0,0,3.0,0
0.8206,71,0,0.6167,5630.0,9,0,1,0,1.0,0
0.2866,60,0,0.5418,4114.0,10,0,1,0,1.0,0
0.5058,64,1,0.1614,2686.0,10,0,2,0,1.0,0
0.212,43,0,0.2242,8219.0,15,0,1,0,1.0,0
0.0177,48,0,0.9182,6710.0,7,0,3,0,1.0,0
0.5664,59,0,0.3209,2607.0,8,0,1,0,3.0,0
0.0534,55,0,0.0921,5008.0,8,0,1,0,1.0,0
0.0042,61,0,0.4664,4239.0,9,0,0,0,2.0,0
0.0733,72,0,0.263,3147.0,12,0,3,0,2.0,0
0.0271,50,0,0.4558,2455.0,7,0,3,0,0.0,0
0.7492,31,0,1.044,6871.0,7,0,0,0,,0
0.2502,40,0,0.2737,5572.0,6,0,1,0,3.0,0
0.5917,55,0,0.0382,,10,0,0,0,0.0,1
0.0335,47,0,0.3593,2566.0,6,0,1,0,1.0,0
0.2363,35,0,0.6787,8440.0,14,0,0,0,0.0,0
0.3646,51,0,0.7192,9656.0,14,0,1,0,1.0,0
0.1292,42,0,1.1995,8361.0,11,0,1,0,0.0,0
1.6977,60,0,0.5059,2837.0,5,0,1,0,3.0,0
0.547,73,0,0.3237,8175.0,5,0,0,0,0.0,0
0.0269,68,0,0.6792,2790.0,12,0,0,0,1.0,0
0.4549,39,0,0.3726,2174.0,5,0,0,0,3.0,0
1.195,43,0,0.3525,2192.0,7,0,0,0,1.0,0
0.7789,30,0,0.3662,5619.0,9,0,1,0,1.0,0
0.2359,68,0,0.0796,,4,0,0,0,2.0,0
0.0298,54,0,0.312,13048.0,7,0,0,0,1.0,0
0.1104,74,0,0.8646,8062.0,6,0,0,0,1.0,0
0.0623,61,0,0.6571,,7,0,0,0,1.0,0
3.2579,46,0,0.4391,15545.0,12,0,2,0,1.0,0
1.3837,27,0,0.438,2953.0,5,0,0,0,0.0,0
0.301,56,0,0.3663,7105.0,7,0,1,0,1.0,0
0.2997,81,0,0.2165,7107.0,7,0,2,0,1.0,0
0.3638,64,0,0.7852,3698.0,7,0,0,0,3.0,0
4.4392,50,2,0.371,10049.0,5,0,5,0,0.0,0
0.4054,64,0,0.229,,4,0,2,0,1.0,0
0.6625,62,0,0.7241,,6,0,1,0,2.0,0
0.947,70,0,0.6549,3702.0,15,0,1,0,2.0,0
0.7179,40,0,0.4019,,11,0,1,0,0.0,0
0.9851,58,0,0.3415,7568.0,9,0,1,0,1.0,0
0.0884,31,0,0.2064,8995.0,6,0,0,0,0.0,0
1.2282,26,0,0.2988,4117.0,9,0,1,0,1.0,1
0.3361,62,0,0.8277,4991.0,9,0,0,0,0.0,0
0.1789,69,0,0.3375,5414.0,5,0,0,0,1.0,0
0.2315,52,0,0.2445,10420.0,9,0,0,0,1.0,0
2.7054,51,0,1.0585,,8,0,0,0,0.0,0
0.2966,57,0,0.7864,14272.0,7,0,1,0,0.0,0
0.7895,68,0,0.3922,5336.0,12,0,0,0,0.0,0
0.074,65,0,0.4795,12778.0,6,0,2,0,0.0,0
1.1674,57,0,0.3893,4663.0,8,0,1,0,0.0,0
1.9506,62,0,0.2131,7206.0,7,0,2,0,0.0,0
0.3718,63,0,0.1732,,5,0,1,0,3.0,0
0.1628,37,0,0.4903,,9,0,1,0,0.0,0
0.1175,60,0,0.7501,5387.0,4,0,2,0,0.0,0
0.2745,34,0,0.3433,4222.0,8,0,2,0,1.0,0
0.9878,67,0,0.6368,,5,0,1,0,2.0,0
0.1484,64,0,0.6133,3808.0,6,0,0,0,1.0,0
0.0657,53,0,0.0393,3495.0,6,0,2,0,0.0,0
0.9272,49,3,0.585,3541.0,12,0,1,0,1.0,0
3.9681,68,0,0.6989,3347.0,9,0,2,0,1.0,1
0.2642,56,0,0.2402,,10,0,0,0,2.0,0
0.4841,56,0,0.6585,,4,0,1,0,,0
0.0759,57,0,0.4688,1822.0,11,0,1,0,0.0,0
0.4462,58,0,0.5893,7153.0,13,0,1,0,0.0,0
0.0403,68,0,0.1425,8539.0,10,0,2,0,1.0,0
0.0733,29,0,0.3658,23712.0,3,0,1,0,0.0,0
0.4844,50,0,0.8164,8921.0,9,0,1,0,3.0,0
0.6747,24,0,0.451,6730.0,10,0,0,0,2.0,0
0.2621,58,0,0.1765,7013.0,11,0,0,0,0.0,0
0.4936,43,0,0.1796,5185.0,7,0,1,0,0.0,0
0.4954,54,0,0.2849,,6,0,0,0,2.0,0
2.4115,41,0,0.1892,4866.0,5,0,0,0,1.0,0
0.1606,41,0,0.1556,3167.0,9,0,2,0,0.0,0
0.3579,46,1,0.5598,,4,2,1,0,2.0,0
0.5749,53,0,0.348,2940.0,6,0,2,0,1.0,0
0.058,62,0,1.1565,6855.0,7,0,1,0,3.0,0
0.0545,42,0,1.0013,3045.0,4,0,0,0,1.0,0
0.6722,54,0,0.4407,7225.0,4,0,1,0,4.0,0
0.1752,58,0,0.1386,1909.0,11,0,2,0,1.0,0
0.1535,45,0,0.2789,4427.0,13,0,0,0,2.0,0
0.2763,57,0,0.4137,9543.0,7,0,1,0,2.0,0
0.865,34,1,0.4506,17443.0,7,0,3,0,0.0,0
0.3637,39,0,0.7244,7200.0,10,0,2,0,1.0,0
0.1096,67,0,0.5013,11046.0,12,0,0,0,1.0,0
0.0626,21,0,0.5735,6142.0,6,0,1,0,1.0,0
0.2614,47,0,0.6364,3972.0,4,0,2,0,0.0,0
0.1733,53,0,1.0542,6799.0,7,0,1,0,0.0,0
0.4928,55,0,0.2481,3137.0,2,0,0,0,0.0,0
12.0566,56,0,0.4369,3742.0,10,0,0,0,0.0,0
0.1014,49,0,0.5216,2872.0,6,0,2,0,2.0,0
0.3327,47,0,0.1639,3528.0,15,0,0,0,0.0,0
0.4044,40,0,0.5779,1773.0,6,0,3,0,0.0,0
0.6158,74,0,0.4085,5075.0,7,0,1,0,0.0,0
0.2905,63,0,0.6491,3314.0,6,0,1,0,1.0,0
0.5051,56,0,0.2394,4264.0,9,0,0,0,1.0,0
0.7412,51,0,0.1812,13965.0,11,0,0,0,0.0,0
0.1247,44,0,0.1991,15069.0,10,0,0,0,0.0,0
0.2727,51,0,0.3837,,14,0,1,0,2.0,0
0.85,38,0,0.3778,5007.0,11,0,2,0,4.0,0
0.1806,71,0,0.4132,13202.0,4,0,2,0,2.0,0
0.5655,40,0,0.3435,2352.0,11,0,1,0,0.0,0
0.357,34,0,0.5081,8274.0,10,0,0,0,1.0,0
0.075,94,0,0.2422,,9,0,0,0,1.0,0
3.2237,50,0,0.8877,7174.0,9,0,1,0,0.0,0
0.5016,40,0,0.7171,9252.0,7,0,3,1,1.0,0
0.1915,63,0,0.8393,4056.0,11,0,3,0,1.0,0
0.6077,33,0,1.0265,7369.0,14,0,2,0,1.0,0
1.6541,42,0,0.6519,,8,0,1,0,1.0,0
0.5394,63,0,0.4436,10610.0,14,0,0,0,1.0,0
0.6331,82,0,0.6061,,11,0,1,0,0.0,0
0.3986,66,0,0.1067,4126.0,6,0,0,0,3.0,0
0.2636,62,1,0.0496,3521.0,8,0,1,2,2.0,0
0.0685,72,0,0.1353,2781.0,5,0,2,0,1.0,0
0.2535,48,0,0.6483,8275.0,8,0,2,0,0.0,0
0.322,31,0,0.8375,,13,0,1,0,1.0,0
0.0598,42,0,0.362,2895.0,14,0,2,0,1.0,0
0.1268,71,0,0.3112,3026.0,10,0,2,0,1.0,0
0.0685,35,0,0.2212,,6,0,0,0,0.0,0
0.0809,50,0,0.3186,7622.0,10,0,1,0,2.0,0
0.3782,53,0,1.1189,3783.0,4,0,0,0,2.0,0
0.767,58,0,0.2685,11901.0,7,0,0,0,0.0,0
0.3314,60,0,0.1776,5442.0,8,0,1,0,0.0,0
3.5836,61,0,0.2908,,13,0,2,0,1.0,0
4.2608,93,0,0.2072,4918.0,6,0,0,0,0.0,0
0.1121,63,0,0.284,,11,0,1,0,0.0,0
0.3197,72,0,0.3242,1530.0,8,0,0,0,0.0,0
0.2622,53,0,0.3496,5275.0,12,0,1,0,1.0,0
0.2162,80,0,0.2771,,6,0,0,0,1.0,0
0.2353,41,0,0.5265,15634.0,4,0,3,0,0.0,0
0.2761,66,0,0.1797,5357.0,9,0,1,0,2.0,0
0.4285,51,0,0.5408,,10,0,0,0,1.0,0
2.4088,66,2,0.8705,2933.0,7,0,3,1,1.0,0
0.0366,60,0,1.0429,,5,0,1,0,1.0,0
1.937,70,0,0.2117,8799.0,9,0,1,0,1.0,0
0.1888,59,0,0.3399,5059.0,7,0,2,0,0.0,0
0.1652,51,0,0.2922,5595.0,4,0,0,0,1.0,0
0.3798,66,0,0.3842,2633.0,5,0,1,0,0.0,0
0.9797,41,0,0.1222,5508.0,7,0,2,0,3.0,0
0.2481,27,0,0.7794,6102.0,9,0,2,0,0.0,0
0.9924,21,0,0.6245,8391.0,10,0,3,0,0.0,0
0.2075,78,0,0.3565,10255.0,6,0,0,0,1.0,0
0.178,56,0,0.2323,6596.0,9,0,0,0,0.0,0
8.4899,59,0,0.037,5792.0,4,0,2,0,2.0,0
0.2334,47,0,0.6945,2546.0,9,0,0,0,0.0,0
0.1064,57,0,0.3551,3749.0,5,0,1,0,0.0,0
0.4148,42,0,0.51,6989.0,8,0,2,0,0.0,0
0.7923,52,0,0.2393,11157.0,7,0,1,0,1.0,0
0.1243,27,0,0.4559,3044.0,9,0,2,0,0.0,0
0.8104,26,0,0.3984,4468.0,6,0,0,0,0.0,0
0.2747,34,0,0.177,10516.0,10,0,1,0,1.0,0
2.5074,40,0,0.2213,,6,0,1,0,2.0,0
0.1792,71,0,0.1029,11077.0,6,0,1,0,0.0,0
0.3633,88,0,0.4321,10624.0,7,0,0,0,2.0,0
0.1403,68,0,0.3745,,7,0,0,0,1.0,0
0.7931,21,0,0.4915,9767.0,7,0,1,0,,0
0.4879,77,0,0.5711,3216.0,6,0,1,0,1.0,1
0.5261,47,0,0.5263,4450.0,3,0,0,0,2.0,0
0.0297,30,0,0.5001,6981.0,3,0,0,0,0.0,0
0.2763,79,0,0.5721,10130.0,7,0,0,0,0.0,0
0.2214,46,0,0.437,8991.0,10,0,2,0,0.0,0
0.1403,39,0,0.4985,4961.0,13,0,0,0,0.0,0
1.7453,45,0,0.7792,,3,0,0,0,4.0,0
0.3312,48,0,0.1862,3812.0,7,0,2,0,0.0,0
0.4559,61,0,0.2104,6730.0,12,0,1,0,1.0,0
0.6634,55,0,0.5695,,6,0,1,0,0.0,0
0.126,43,0,0.228,3636.0,7,0,2,0,,0
0.1527,25,0,0.2431,3717.0,5,0,1,0,0.0,0
0.094,41,0,0.1998,5582.0,9,0,1,0,1.0,0
2.1483,56,0,0.5245,4859.0,8,1,1,0,0.0,0
0.7257,42,0,0.965,4763.0,5,0,2,0,2.0,0
1.1492,54,0,0.5747,,14,0,1,0,1.0,0
0.1322,52,2,0.4348,3824.0,6,0,2,1,1.0,0
0.239,68,0,0.6428,,14,0,0,0,0.0,0
0.5599,56,0,0.2563,10865.0,12,0,1,0,0.0,0
0.0507,64,1,0.142,5184.0,8,0,0,0,0.0,0
0.6418,49,0,0.6146,9558.0,4,0,1,0,0.0,0
2.123,75,0,0.8021,9536.0,9,0,1,0,,0
1.3922,46,0,0.5772,1906.0,6,0,1,0,0.0,0
0.9653,40,0,0.2241,6254.0,6,0,4,0,0.0,0
0.3225,71,2,0.5494,3124.0,5,0,2,0,1.0,0
0.2272,43,0,0.7915,,5,0,1,0,1.0,0
0.8073,37,0,0.7565,,11,0,0,0,0.0,0
0.2801,36,0,0.6424,,6,0,0,0,0.0,0
0.2033,45,1,0.8816,,8,0,1,0,1.0,0
0.4687,48,0,0.6761,,2,0,0,0,1.0,0
0.8419,58,0,0.7145,17088.0,13,0,0,0,1.0,0
1.1855,63,0,0.2249,4741.0,10,0,1,0,3.0,0
0.5791,52,0,1.2033,2516.0,9,0,4,0,1.0,0
0.4349,65,0,0.4484,,3,0,0,0,0.0,0
0.0466,63,0,0.9811,5648.0,10,0,2,1,1.0,0
0.3156,39,0,0.284,3646.0,10,0,0,0,0.0,0
0.1878,38,0,1.0023,9717.0,10,0,3,0,1.0,0
0.3988,46,0,0.0921,834.0,10,0,2,0,1.0,0
0.7084,22,0,0.54,8798.0,13,0,0,0,1.0,1
0.6995,53,0,0.5541,,10,0,0,0,0.0,0
0.3184,49,0,0.3351,5300.0,10,0,2,0,0.0,0
0.658,75,0,0.3474,,3,0,1,0,1.0,0
0.302,67,0,0.1075,7024.0,11,0,0,0,3.0,0
0.4022,48,0,0.87,,4,0,1,0,1.0,0
0.0234,66,0,0.4584,11257.0,6,0,3,0,2.0,0
0.5703,50,0,0.5175,,7,0,1,0,0.0,1
9.0162,59,0,0.5282,,8,0,2,0,,1
0.5908,25,0,0.1106,7437.0,6,0,3,0,1.0,1
0.4265,44,0,0.7902,2352.0,9,0,2,0,0.0,0
3.1211,54,0,0.2654,6626.0,9,0,1,0,0.0,0
0.4773,48,0,0.4399,3486.0,11,0,4,0,0.0,0
0.5867,70,0,0.3278,3845.0,10,0,2,0,1.0,0
0.9479,57,0,0.5148,6981.0,8,0,1,0,0.0,0
0.2675,61,0,0.5311,5101.0,8,0,0,0,2.0,0
0.5593,55,0,0.0747,2545.0,12,0,1,0,2.0,1
0.1917,52,0,0.1712,,10,0,2,0,0.0,0
0.0639,65,0,0.4249,1634.0,9,0,0,0,0.0,0
2.6275,77,0,0.7008,3889.0,11,0,0,0,0.0,0
0.2051,23,0,0.3243,8436.0,5,0,1,0,0.0,0
0.4323,38,0,1.035,8160.0,7,0,0,0,0.0,0
0.1245,53,0,0.6993,6055.0,5,0,1,0,0.0,0
0.7276,71,0,0.7074,3347.0,5,0,2,0,1.0,0
0.1149,63,0,0.6711,,12,0,1,0,2.0,0
0.654,41,0,0.2737,,7,0,1,0,0.0,0
0.1072,47,0,0.269,5591.0,11,0,1,0,1.0,0
0.3648,63,0,0.0937,16032.0,7,0,0,0,1.0,0
0.5576,44,0,0.4678,4055.0,9,0,0,0,0.0,1
0.6893,56,0,0.6523,10885.0,12,0,1,0,1.0,0
3.6661,42,1,0.3777,,4,0,0,1,2.0,0
0.3293,59,0,0.1152,1165.0,7,0,3,0,0.0,0
0.0532,61,0,0.3914,11015.0,5,0,2,0,0.0,0
0.7897,21,0,0.5005,,5,0,0,0,0.0,0
0.4968,77,0,0.5767,10402.0,5,0,2,0,2.0,0
0.6685,79,0,0.6308,11129.0,10,0,3,0,2.0,0
0.1122,24,0,0.3452,3108.0,8,0,0,0,2.0,0
0.0179,49,0,0.1696,5946.0,7,0,2,0,1.0,0
0.2473,29,0,0.2364,7973.0,5,0,2,0,1.0,0
5.7394,22,0,0.8675,,5,0,0,0,1.0,1
2.7255,63,2,0.4532,1893.0,4,0,0,1,0.0,0
0.2154,77,0,0.1407,,9,0,1,0,0.0,0
0.2177,52,0,0.7735,5424.0,7,0,0,0,1.0,0
0.4836,74,0,0.6315,14720.0,9,0,4,0,1.0,0
0.5505,43,0,0.7293,5960.0,12,0,2,0,1.0,0
0.2595,32,0,0.5925,6574.0,10,0,1,0,0.0,0
0.6986,47,0,0.7241,,8,0,0,0,0.0,0
0.2138,41,0,0.5312,7564.0,6,0,0,0,0.0,0
0.7423,58,0,0.0417,,10,0,0,0,0.0,0
0.3785,67,0,0.9027,5209.0,8,0,2,0,0.0,0
0.4575,36,0,0.2067,9875.0,14,0,1,0,,0
0.356,33,0,0.7076,6631.0,8,0,3,0,0.0,0
0.4765,64,0,0.6758,3277.0,15,0,1,0,0.0,1
0.4732,47,0,0.433,6025.0,12,0,1,0,4.0,0
0.0001,63,0,0.7811,6647.0,7,0,0,0,1.0,0
0.212,40,0,0.3045,,2,0,0,0,1.0,0
1.6286,43,0,0.2793,5184.0,4,0,1,0,0.0,0
0.3725,66,0,0.6409,2912.0,9,0,2,0,0.0,0
5.5239,63,0,0.2014,14863.0,9,0,0,0,1.0,0
0.0544,71,0,0.2695,9636.0,6,0,0,0,0.0,0
0.129,49,0,0.7046,,8,0,0,0,0.0,0
0.0926,70,0,0.3203,27808.0,9,0,0,0,0.0,0
1.3924,58,0,0.7886,3975.0,4,0,0,0,2.0,0
0.7303,58,0,0.5068,9329.0,6,0,1,0,,0
0.5785,40,0,0.6235,5858.0,9,0,1,0,2.0,1
0.919,61,0,0.6498,11361.0,12,0,0,0,1.0,0
1.7094,48,0,0.8464,5561.0,5,0,1,0,0.0,0
0.0955,78,0,0.4361,8764.0,6,0,0,0,2.0,0
0.1888,52,0,0.9653,,6,0,1,0,2.0,0
1.0727,49,0,0.4826,6837.0,9,0,1,0,0.0,0
0.1752,70,0,0.5666,6633.0,11,0,2,0,0.0,0
0.4236,53,0,0.518,6127.0,7,0,1,0,1.0,0
0.0208,40,0,0.4471,3928.0,3,0,2,0,0.0,0
0.0241,31,0,0.6881,3222.0,8,0,1,0,1.0,0
0.383,39,0,0.1595,2582.0,2,0,1,0,1.0,0
1.1117,26,0,0.4358,6104.0,14,0,3,0,1.0,0
0.5838,51,0,0.3862,6953.0,14,0,0,0,0.0,0
0.3209,64,0,0.5415,2323.0,9,0,1,0,0.0,0
0.7818,44,0,0.74,,5,0,2,0,0.0,0
0.4878,87,0,0.3036,13117.0,8,0,4,0,2.0,0
0.6756,32,0,0.5156,13071.0,8,0,2,0,0.0,0
2.6151,59,0,1.1827,,4,0,1,0,0.0,0
0.4785,58,0,0.5889,3294.0,12,0,1,0,3.0,0
0.6432,46,0,0.5734,5070.0,7,0,4,0,2.0,0
0.7732,50,0,0.7907,4780.0,7,0,1,0,1.0,0
0.0372,75,0,0.3821,14446.0,12,0,0,0,5.0,0
0.3287,67,0,0.0533,3942.0,7,0,3,0,0.0,0
0.7536,65,0,0.5098,3309.0,8,0,1,0,2.0,1
0.3154,39,0,0.8106,3708.0,6,0,1,0,0.0,0
0.0888,59,0,0.596,3922.0,7,0,2,0,2.0,0
1.1471,63,0,0.4624,,7,0,2,0,2.0,0
0.2174,64,0,0.5347,8679.0,7,0,0,0,1.0,0
0.1425,32,0,0.4527,8592.0,8,0,0,0,4.0,0
0.1049,57,0,0.281,4620.0,4,0,0,0,0.0,0
0.6733,57,0,0.702,,5,0,0,0,2.0,1
0.2941,68,0,0.3103,14379.0,8,0,0,0,2.0,0
2.0646,48,0,0.9912,,9,0,2,0,0.0,0
0.2359,36,0,0.0697,4848.0,7,0,1,0,2.0,0
0.5205,39,0,0.1973,2152.0,8,0,1,0,0.0,0
0.546,57,0,0.4289,10113.0,8,0,1,0,1.0,0
0.93,68,0,0.4576,,9,0,0,0,0.0,0
0.1254,47,0,0.7611,4437.0,8,0,0,0,1.0,0
0.9456,56,0,0.5478,10270.0,11,0,2,0,0.0,0
0.5955,23,0,0.0658,5186.0,15,0,0,0,0.0,0
5.5857,22,0,0.7503,,10,0,1,0,0.0,0
0.4639,59,0,0.0362,7940.0,6,0,1,0,2.0,0
7.4999,58,1,0.2301,4306.0,16,1,1,0,2.0,1
1.1184,62,0,0.4254,3075.0,10,0,0,0,,0
0.0743,23,0,0.0436,7539.0,9,0,2,0,1.0,1
0.2149,72,0,0.4181,6577.0,6,0,1,0,0.0,0
0.7826,44,0,0.0586,5156.0,10,0,2,0,0.0,0
0.9502,44,0,0.168,,10,0,3,0,0.0,0
0.2712,61,0,0.8777,13208.0,5,0,0,0,0.0,0
0.5431,53,0,0.7918,,8,0,2,0,0.0,1
0.0362,76,0,1.4552,2934.0,11,0,0,0,0.0,0
0.3318,62,3,0.4819,,12,0,1,1,1.0,0
0.7011,74,0,0.2233,10905.0,9,0,1,0,0.0,0
0.0468,46,0,0.7168,11142.0,11,0,1,0,0.0,0
0.2821,69,0,0.4939,8205.0,3,0,1,0,1.0,0
0.4437,21,0,0.4095,3760.0,8,0,1,0,0.0,0
0.1307,51,0,0.3812,4646.0,14,0,0,0,1.0,0
1.5705,33,0,0.5924,5446.0,8,0,0,0,1.0,0
0.1254,54,0,0.5452,6026.0,6,0,1,0,2.0,0
0.1658,55,0,0.4465,,6,0,1,0,1.0,0
0.52,65,0,0.5701,14819.0,14,0,0,0,1.0,0
0.0774,56,0,0.0829,,6,0,1,0,0.0,0
0.8399,42,0,0.5564,,10,0,2,0,0.0,0
0.1648,46,0,0.6334,6149.0,6,0,2,0,0.0,0
2.4037,55,0,0.3091,7814.0,5,0,1,0,0.0,0
0.5666,43,0,0.8537,1824.0,8,0,1,0,1.0,0
0.0647,69,0,0.1647,3104.0,8,0,2,0,0.0,0
0.1313,47,0,0.4045,5577.0,6,0,1,0,1.0,0
0.1767,66,0,0.5127,5063.0,7,0,0,0,2.0,0
2.1759,43,1,0.5814,,7,0,1,0,1.0,0
0.0956,61,0,0.2965,,8,0,2,0,2.0,0
1.1942,49,0,0.5463,6234.0,8,0,1,0,1.0,0
0.0521,68,0,0.2566,6722.0,10,0,1,0,1.0,0
0.1165,79,0,0.3164,,6,0,1,0,1.0,0
0.5565,55,0,0.5574,3021.0,13,0,0,0,1.0,0
0.4419,79,0,0.3295,4797.0,9,0,1,0,1.0,0
0.0959,50,0,0.5305,2536.0,4,0,2,0,0.0,0
0.4337,55,0,0.2948,,7,0,1,0,2.0,0
1.5391,51,0,0.2986,17637.0,11,0,4,0,0.0,0
0.032,38,0,0.9505,13427.0,6,0,1,0,1.0,0
0.1609,73,0,0.5684,7464.0,16,0,0,0,1.0,0
1.3898,54,0,0.6093,2800.0,10,0,1,0,1.0,0
2.756,46,0,0.3325,,6,0,1,0,1.0,0
0.0246,42,0,0.454,,11,0,1,0,0.0,0
0.575,79,0,0.5402,2124.0,7,0,0,0,1.0,1
0.1324,50,0,1.5383,12183.0,7,0,2,0,0.0,0
0.2338,50,0,0.2212,4289.0,10,0,1,0,0.0,0
0.3296,66,0,0.4242,6317.0,5,0,4,0,1.0,0
1.0059,74,0,0.4845,,10,0,1,0,1.0,1
0.8102,45,0,0.404,,9,0,1,0,0.0,0
1.7388,61,0,0.6262,17441.0,8,0,0,0,0.0,0
0.5226,61,0,0.1841,5554.0,8,0,1,0,1.0,0
0.1776,50,0,0.2491,,7,0,1,0,1.0,0
1.6188,47,0,0.8231,10615.0,4,0,1,0,1.0,0
0.2406,43,0,0.4044,3261.0,9,0,1,0,0.0,0
0.4303,67,0,0.2457,7339.0,11,0,0,0,2.0,0
0.1985,56,1,0.8003,3775.0,6,0,1,2,1.0,0
0.7811,53,0,0.473,2730.0,11,0,1,0,0.0,0
0.2302,42,0,0.791,5631.0,7,0,1,0,2.0,0
5.0649,67,0,0.0699,29070.0,6,0,1,0,0.0,1
0.9641,56,0,0.3823,,3,0,0,0,4.0,0
0.118,40,0,0.5597,12936.0,11,0,1,0,0.0,0
0.7551,47,0,0.4127,,6,0,1,0,2.0,0
1.174,63,0,0.5363,4450.0,8,0,0,0,2.0,0
0.3457,27,0,0.3806,,11,0,0,0,4.0,0
0.0767,52,0,0.6133,,7,0,1,0,2.0,0
0.4807,64,0,0.7743,6612.0,9,0,2,0,2.0,0
0.5468,55,0,0.5725,5093.0,14,0,1,0,2.0,0
0.6867,62,1,0.2278,3047.0,6,0,1,0,3.0,0
1.945,23,0,0.678,3523.0,10,0,2,0,0.0,0
0.1524,34,0,0.5278,4180.0,7,0,1,0,1.0,0
0.7518,65,0,0.4318,3189.0,6,0,1,0,1.0,0
0.4928,58,0,0.8246,,10,0,0,0,2.0,0
0.663,48,0,0.2055,10215.0,13,0,5,0,0.0,0
0.0449,56,0,0.0525,8571.0,3,0,2,0,0.0,0
0.2763,60,0,0.599,,6,0,3,0,0.0,0
0.9884,45,0,0.6022,3887.0,8,0,1,0,0.0,1
0.326,42,0,0.6286,7936.0,8,0,0,0,0.0,0
0.7632,33,0,0.4837,3198.0,8,0,1,0,0.0,0
0.0927,72,0,0.681,2231.0,7,0,1,0,1.0,0
2.2398,53,0,0.5671,5823.0,8,0,0,0,1.0,0
0.3898,73,0,0.3497,9510.0,8,0,1,0,1.0,0
0.0691,33,0,0.6808,8598.0,7,0,1,0,1.0,0
0.1252,54,0,0.4029,1139.0,6,0,1,0,0.0,0
0.3407,35,0,0.3114,1234.0,8,0,0,0,0.0,0
0.931,77,0,0.5291,,6,0,2,0,2.0,1
0.5766,90,0,0.2735,11932.0,12,0,2,0,1.0,0
0.2067,70,0,0.4471,4013.0,5,0,1,0,1.0,0
1.1986,36,0,0.4046,6682.0,6,0,1,0,0.0,0
0.8797,36,0,0.1685,,5,0,0,0,1.0,0
0.3898,51,0,0.9273,,4,0,0,0,1.0,0
0.4222,54,1,0.0099,2843.0,8,0,1,0,1.0,0
0.5417,59,0,0.0833,16748.0,5,0,1,0,0.0,0
0.1194,59,0,0.8254,4614.0,11,0,5,0,1.0,0
0.6106,52,0,0.6372,3140.0,7,0,0,0,2.0,0
2.0341,49,0,0.4913,2975.0,9,0,3,0,1.0,0
1.3248,41,0,0.2836,8387.0,4,0,0,0,1.0,0
0.653,61,0,0.3683,17112.0,8,0,2,0,0.0,0
0.1621,21,0,0.2706,4218.0,9,0,0,0,1.0,0
0.6515,53,0,0.3287,,9,0,1,0,2.0,0
0.4807,55,0,0.1241,5617.0,11,0,2,0,0.0,0
0.7612,49,0,0.436,6604.0,5,0,1,0,2.0,0
0.7077,63,0,0.7027,7711.0,9,0,0,0,1.0,0
0.7952,66,0,0.0551,1267.0,2,0,1,0,0.0,0
2.957,55,0,0.1626,,6,0,3,0,0.0,0
0.3873,84,0,0.4618,8513.0,6,0,1,0,1.0,0
0.5033,42,0,0.7432,4687.0,9,0,4,0,2.0,0
0.5386,46,0,0.9292,,12,0,2,0,0.0,0
0.3648,46,0,0.3126,2705.0,7,0,1,0,0.0,0
3.5029,68,0,0.9027,11774.0,16,0,0,2,0.0,0
0.4576,57,0,0.2921,2900.0,12,0,3,0,1.0,0
0.4599,25,0,0.3309,2955.0,12,0,0,0,,0
0.1947,47,0,0.7795,1397.0,6,0,0,0,1.0,0
0.4064,44,0,0.7972,8101.0,8,0,0,0,0.0,0
0.2604,76,0,0.6948,4614.0,11,0,1,0,0.0,0
0.2963,41,2,0.3362,5244.0,4,0,0,0,0.0,0
0.2683,52,0,0.8439,14452.0,5,0,1,0,1.0,0
0.4896,30,0,0.0253,,4,0,0,0,2.0,0
0.0879,54,0,1.0825,4780.0,9,0,0,0,0.0,0
0.2542,78,0,0.6087,9170.0,8,0,0,0,2.0,0
0.1286,40,0,0.2741,3016.0,5,0,0,0,0.0,0
0.0995,65,0,0.3636,13043.0,4,0,0,0,1.0,0
0.2958,49,0,0.5205,17525.0,11,0,2,1,1.0,0
2.1322,52,0,0.9525,5179.0,9,0,0,0,1.0,0
0.1397,61,0,0.555,9957.0,8,0,1,0,2.0,0
0.3253,34,0,1.0409,,7,0,2,0,0.0,0
0.2285,41,0,0.8078,6510.0,5,0,2,0,0.0,0
0.6559,39,0,1.0831,5532.0,10,0,0,0,2.0,0
0.2345,76,0,0.2916,,11,0,2,0,0.0,0
0.8566,67,0,0.4962,7972.0,10,0,1,0,2.0,0
0.166,66,0,0.657,,4,0,0,0,1.0,0
0.2725,66,2,0.2605,5491.0,10,0,0,0,0.0,0
0.8339,63,0,0.5506,2189.0,6,0,0,0,0.0,0
7.5677,29,0,0.5254,9726.0,10,0,0,0,0.0,0
0.0126,44,0,0.3342,,10,0,4,0,2.0,0
2.6944,49,0,0.5071,9222.0,9,0,2,0,0.0,0
0.3784,54,0,0.3908,6444.0,10,0,1,0,1.0,0
0.4845,38,0,0.3819,,3,0,1,0,0.0,0
0.2488,33,0,0.3992,15290.0,9,0,1,0,1.0,0
0.0859,37,0,0.4285,2275.0,6,0,0,0,0.0,0
0.1415,41,0,0.2257,2267.0,11,0,0,0,0.0,0
0.2044,47,0,0.4752,,6,0,1,0,2.0,0
0.4001,58,0,0.5979,3233.0,6,0,1,0,2.0,0
0.2767,50,0,0.6143,,7,0,2,0,2.0,0
0.2759,69,0,0.1289,5244.0,7,0,0,0,0.0,0
0.7436,61,0,0.305,8101.0,7,0,0,0,3.0,0
0.2661,48,1,0.4358,50341.0,9,0,1,0,0.0,0
0.6196,58,0,0.1547,4529.0,9,0,1,0,1.0,0
0.1542,51,0,0.4825,8759.0,9,0,2,0,2.0,0
0.1017,44,0,0.3592,,6,0,0,0,2.0,0
0.2963,53,0,0.6133,,4,0,1,0,2.0,0
1.0716,58,0,0.6778,4434.0,11,0,0,0,0.0,0
0.1292,66,0,0.4866,5373.0,7,0,0,0,3.0,0
0.1106,83,0,0.4872,7402.0,5,0,1,0,1.0,0
0.8824,70,0,0.4523,4339.0,9,0,1,0,,0
0.3276,38,0,0.7205,1308.0,9,0,2,0,0.0,0
0.2521,30,0,0.471,2572.0,9,0,2,0,0.0,0
0.0304,70,0,0.3607,8765.0,7,0,1,0,0.0,0
0.3274,50,0,0.1282,8200.0,3,0,0,0,0.0,0
1.4762,42,0,0.5234,2802.0,3,0,1,0,2.0,0
5.817,75,2,0.8543,4088.0,5,0,0,0,1.0,0
1.0545,49,0,0.5188,12410.0,5,0,1,0,2.0,0
0.3218,50,0,0.2661,,6,0,1,0,2.0,0
0.584,43,0,1.1045,3884.0,5,0,3,0,0.0,0
0.1182,24,0,0.5041,8423.0,16,0,1,0,0.0,0
0.0417,39,0,0.4262,6260.0,8,0,2,0,0.0,0
0.2043,43,0,0.1601,2241.0,13,0,0,0,1.0,0
2.1293,29,0,0.3247,9338.0,5,0,1,0,0.0,0
0.3211,53,0,0.479,,12,0,0,0,0.0,0
0.373,56,0,0.3433,3010.0,11,0,0,0,0.0,0
0.5583,65,0,0.5476,9261.0,5,0,1,0,2.0,0
0.9524,41,0,0.8029,7287.0,5,0,1,0,1.0,0
0.6268,26,0,0.4925,,12,0,1,0,2.0,0
0.0877,47,0,0.6647,9217.0,3,0,1,0,1.0,0
0.2775,34,0,0.1734,16233.0,8,0,1,1,1.0,0
0.3578,52,0,0.074,12194.0,13,0,1,0,0.0,0
0.5635,64,0,0.929,7802.0,6,0,0,0,2.0,0
1.1825,45,0,0.2931,6347.0,13,0,0,0,1.0,0
0.5796,51,0,0.3449,3782.0,6,0,1,0,0.0,0
0.0599,23,0,0.3811,3130.0,9,0,0,0,0.0,0
0.5511,47,0,0.2644,,6,0,0,0,1.0,0
0.4101,74,0,0.4777,10668.0,9,0,2,0,0.0,0
0.1692,60,0,0.1368,3938.0,9,0,0,0,2.0,0
0.4446,41,0,0.1032,,9,0,2,0,0.0,0
0.1358,36,0,0.7274,5274.0,3,0,1,0,0.0,0
0.0308,52,0,0.7705,8449.0,6,0,0,0,,0
0.2181,59,0,0.6633,7488.0,3,0,0,0,1.0,0
0.1698,41,0,0.7163,2210.0,6,0,1,0,1.0,0
0.8104,49,0,0.7842,8127.0,9,0,0,0,0.0,0
0.5789,25,0,0.2907,3850.0,7,0,1,0,1.0,0
0.0204,63,0,0.2521,4970.0,6,0,3,0,1.0,0
0.0058,40,0,0.429,3793.0,8,0,0,0,2.0,0
1.2346,61,2,0.786,3897.0,6,0,1,0,1.0,0
3.5398,57,0,0.5824,7656.0,5,0,1,0,1.0,0
0.3404,58,0,0.4751,5015.0,4,0,1,0,0.0,0
0.257,48,0,0.1276,3385.0,10,0,0,0,0.0,0
2.3828,75,0,0.6325,5543.0,6,0,0,0,1.0,0
0.678,43,1,0.7323,7652.0,11,0,0,0,3.0,0
1.4792,75,0,0.4485,10962.0,9,2,0,1,1.0,0
0.1692,56,0,1.3892,35567.0,9,0,3,0,1.0,0
0.0103,54,0,0.3749,7844.0,10,0,0,0,0.0,0
2.1774,49,0,0.1505,1664.0,13,0,2,0,0.0,0
0.5143,54,0,0.5129,2157.0,9,0,0,0,1.0,0
0.2862,52,0,0.1866,5041.0,10,0,1,0,1.0,0
0.4154,76,0,0.3622,4268.0,6,0,0,0,1.0,0
0.0267,35,0,0.2735,,11,0,0,0,1.0,0
0.5346,49,0,0.0909,9881.0,4,0,2,0,1.0,0
0.4791,39,0,0.5284,2360.0,5,0,1,0,1.0,0
0.0622,44,0,0.1629,12310.0,3,0,1,0,2.0,0
0.2636,52,0,0.1761,5216.0,9,0,2,0,1.0,0
2.6241,73,0,0.0259,8630.0,8,0,0,0,0.0,0
0.624,59,0,0.3795,,5,0,0,0,0.0,0
0.834,39,0,0.1768,,9,0,0,0,2.0,0
4.3269,48,0,0.5308,14294.0,6,0,0,0,0.0,0
0.5899,68,0,0.6265,3223.0,10,0,1,0,0.0,0
0.4623,44,0,0.2559,7847.0,9,0,1,0,1.0,0
0.6986,54,0,0.7394,8214.0,6,0,1,0,0.0,0
0.9228,58,0,0.8407,5822.0,8,0,2,0,2.0,0
0.1486,49,0,0.1844,7106.0,6,0,1,0,1.0,0
0.1908,39,0,0.6655,5282.0,7,0,2,0,1.0,0
0.5205,56,0,0.1905,2837.0,8,0,1,0,1.0,0
0.4283,84,0,0.6324,4046.0,7,0,1,0,0.0,1
4.1963,45,0,0.2139,,6,0,1,0,0.0,0
0.575,45,0,0.5388,2532.0,12,0,2,0,0.0,0
5.4323,62,1,0.0216,6494.0,10,0,0,0,3.0,0
0.3374,85,0,0.4719,12202.0,6,0,1,0,0.0,0
0.7154,40,0,0.2565,,7,0,1,0,1.0,0
0.0611,35,1,0.2331,5835.0,6,0,0,0,1.0,1
0.8528,63,0,0.4778,4534.0,6,0,0,0,0.0,0
0.4723,63,0,0.286,7154.0,4,0,3,0,0.0,0
0.4545,38,0,0.6562,2375.0,7,0,0,0,1.0,0
0.9011,48,0,0.4627,3085.0,7,0,1,0,2.0,0
0.2366,36,0,0.6534,8190.0,9,0,1,0,1.0,0
0.0046,47,0,0.9871,,14,0,0,0,2.0,0
0.1025,48,0,0.8459,,6,0,0,0,1.0,0
0.176,65,0,0.1521,,11,0,0,0,2.0,0
3.491,69,0,0.8103,13370.0,9,0,1,0,1.0,0
3.483,51,0,0.3093,5775.0,4,0,0,0,,0
0.0841,73,0,0.4301,4835.0,12,0,0,0,1.0,0
0.0145,65,0,0.5813,27955.0,9,0,1,0,,0
3.3797,34,0,1.0503,1816.0,13,0,1,0,0.0,1
0.0256,68,0,0.0463,11124.0,6,0,0,0,3.0,0
0.3537,63,0,0.903,747.0,9,0,2,0,0.0,0
0.347,79,0,0.2024,3979.0,10,0,0,0,1.0,0
0.5056,56,0,0.3692,9104.0,6,0,0,1,1.0,0
0.0736,77,0,0.2624,7319.0,6,0,0,0,0.0,0
0.6656,28,0,0.4727,10495.0,9,0,0,0,0.0,0
0.0839,46,0,0.2181,3233.0,7,0,1,0,1.0,0
0.7773,24,0,0.5217,8568.0,5,0,0,0,0.0,0
0.7722,48,0,0.6196,11698.0,5,0,1,0,0.0,0
0.5313,54,0,0.5771,,8,0,0,0,0.0,0
0.7845,52,0,0.6358,,12,0,2,0,0.0,0
0.366,65,0,0.6257,3117.0,6,0,2,0,1.0,0
0.1111,87,0,0.163,5908.0,8,0,0,0,1.0,0
0.5482,47,0,0.4821,5705.0,8,0,0,0,,0
0.7744,70,0,0.4915,,7,0,1,0,2.0,0
0.3374,62,0,0.9354,8011.0,5,0,2,0,1.0,0
0.3015,57,0,0.7514,,9,0,0,0,0.0,0
0.1697,64,0,0.7765,2336.0,6,0,3,0,1.0,0
0.1765,47,0,0.3362,2001.0,11,0,1,0,,0
0.466,67,0,0.2621,,6,0,1,0,0.0,0
0.5072,32,0,0.3715,,13,0,1,0,2.0,0
0.1675,54,0,0.4098,5951.0,8,0,0,0,0.0,0
0.5429,48,0,0.8587,,7,0,0,0,1.0,0
0.5749,87,2,1.0216,,3,0,1,0,1.0,0
0.0267,37,0,0.6836,4002.0,4,0,4,0,0.0,0
0.5293,59,0,0.2096,,5,0,0,0,0.0,0
0.6038,70,0,0.3777,5588.0,6,0,2,0,0.0,0
0.9582,44,0,0.1462,3544.0,12,0,0,0,1.0,0
0.0606,53,0,0.598,,8,0,0,0,1.0,0
0.7223,45,0,1.1118,3205.0,12,0,1,0,1.0,0
2.1217,46,0,0.4511,5696.0,7,0,0,0,1.0,0
0.4443,76,0,0.1222,4039.0,13,0,3,0,3.0,0
5.4815,26,0,0.0277,4418.0,6,0,1,0,1.0,0
0.405,56,0,0.6705,7245.0,11,0,1,0,0.0,0
0.0973,23,0,0.4203,7724.0,7,0,1,0,0.0,0
0.0751,65,0,0.2164,8866.0,8,0,0,0,1.0,0
0.7208,47,0,0.7537,8955.0,9,0,1,0,4.0,0
0.3903,28,0,0.1812,2707.0,8,0,0,0,0.0,0
0.4884,50,0,0.5619,,3,0,1,0,3.0,0
0.7568,35,0,0.2077,10944.0,9,0,1,0,0.0,0
0.1508,66,0,0.2608,3944.0,5,0,0,0,3.0,0
0.3959,67,0,0.276,,14,0,2,0,2.0,0
0.4854,36,0,0.5623,5993.0,8,0,2,0,2.0,0
2.3387,60,0,0.469,2793.0,11,0,0,0,1.0,0
0.4817,43,0,0.5484,,5,0,0,0,0.0,0
0.5822,48,0,0.104,6488.0,4,0,1,0,0.0,1
0.2609,80,0,0.4848,9061.0,7,0,2,0,0.0,0
1.156,47,0,0.4164,4237.0,12,0,1,0,1.0,0
0.3264,73,0,0.1159,2876.0,4,0,2,0,1.0,0
0.434,77,0,0.6558,5238.0,7,0,2,0,0.0,0
0.0139,48,0,0.5339,4630.0,11,0,1,0,3.0,0
2.6393,56,0,0.6084,9968.0,6,0,1,0,0.0,0
0.1334,46,0,0.5502,4046.0,9,0,0,0,2.0,0
0.0106,52,0,0.2826,6420.0,3,0,2,0,1.0,0
1.7602,61,0,0.0457,,4,0,1,0,1.0,0
2.3451,51,0,0.0695,9130.0,8,0,0,0,1.0,0
0.3029,58,0,0.293,3512.0,9,0,1,0,1.0,0
0.4525,42,0,1.1684,10092.0,7,0,0,0,1.0,0
0.3666,40,0,0.9129,,8,0,0,0,0.0,0
0.4373,47,0,0.119,12977.0,9,0,0,0,2.0,0
0.0823,54,0,1.0993,6244.0,7,0,1,0,1.0,0
0.4694,70,0,0.4667,7735.0,2,0,0,0,0.0,0
1.5614,50,0,0.5404,,6,0,1,0,0.0,1
0.5989,58,0,1.2305,4529.0,5,0,1,0,0.0,0
0.1498,39,0,0.583,4194.0,12,0,1,0,2.0,0
2.2482,64,0,0.7805,3694.0,12,0,1,0,0.0,0
0.1108,47,0,0.2688,7440.0,7,0,1,0,0.0,1
0.1012,49,0,0.6991,5603.0,9,0,1,0,0.0,0
0.1428,53,0,0.5099,4932.0,7,0,1,0,0.0,0
0.6051,45,0,0.1712,2933.0,15,0,3,0,1.0,0
0.1441,37,0,0.5343,6343.0,12,0,2,0,0.0,0
0.7552,59,0,0.3591,1804.0,8,0,3,0,1.0,0
1.0309,65,0,0.569,11183.0,8,0,2,1,0.0,0
0.4725,34,0,0.4074,4187.0,10,0,0,0,1.0,1
0.0364,56,0,0.3858,6147.0,8,0,2,0,1.0,0
0.0954,56,0,0.6921,5412.0,9,0,3,0,4.0,0
0.1491,47,0,0.6201,,13,0,1,0,1.0,0
0.1264,47,0,0.1595,11075.0,10,0,2,0,1.0,0
0.3374,67,0,0.6726,7837.0,8,0,3,0,1.0,0
0.7944,83,3,0.563,4540.0,6,0,1,0,1.0,0
0.1836,70,0,1.0849,20114.0,9,0,0,0,0.0,0
1.1126,60,0,1.0447,7602.0,9,0,1,0,1.0,0
1.1314,69,0,0.7946,2295.0,6,0,0,0,0.0,0
1.7288,59,4,0.3062,1725.0,8,0,2,0,1.0,0
0.3245,43,0,0.6694,2036.0,7,0,1,0,0.0,0
1.1256,57,0,1.33,6326.0,6,0,0,0,1.0,0
0.3256,33,0,0.9711,5716.0,7,0,1,0,0.0,0
0.7738,42,0,0.6627,7074.0,6,0,1,0,0.0,0
0.5425,65,0,0.3496,6283.0,8,0,1,0,1.0,0
0.5439,49,0,0.3147,8267.0,11,0,0,0,1.0,0
0.1053,41,0,0.6389,6809.0,5,0,1,0,0.0,0
0.0861,44,0,0.1528,3580.0,6,0,0,0,0.0,0
0.4531,35,0,0.228,5993.0,8,0,1,0,1.0,0
0.2215,57,0,0.848,3139.0,13,0,0,0,2.0,0
0.4694,46,0,0.5585,5479.0,11,0,1,0,0.0,0
5.0448,49,0,0.9111,6734.0,7,0,0,0,1.0,0
0.4309,58,0,0.711,,12,0,0,0,2.0,0
0.4892,57,0,0.15,6223.0,8,0,1,0,0.0,0
0.4751,35,0,0.2471,,6,0,2,0,1.0,0
0.7007,36,0,0.779,6313.0,4,0,0,0,1.0,0
0.513,51,0,0.6846,,6,0,0,0,1.0,1
0.0199,61,1,0.9667,7853.0,10,0,2,0,1.0,0
0.1757,43,0,0.8319,,7,0,3,0,0.0,0
0.5262,45,0,0.9155,4293.0,4,0,2,0,0.0,0
0.7233,54,0,0.2317,17254.0,10,0,0,0,1.0,0
0.3666,54,0,1.0985,8983.0,12,0,1,0,1.0,0
0.2025,51,0,0.5086,4754.0,11,0,2,0,0.0,0
0.8899,57,0,0.6003,,5,0,1,0,2.0,0
0.1662,39,0,0.5689,4235.0,6,0,3,0,1.0,0
0.6954,73,0,0.2476,3794.0,13,0,3,0,2.0,0
0.4649,48,0,0.4007,14895.0,11,0,1,0,1.0,0
0.2171,76,0,0.6641,9474.0,9,0,0,0,2.0,0
0.2223,22,0,0.1529,2069.0,10,0,0,0,1.0,0
0.0453,28,1,0.8182,8085.0,5,1,1,0,1.0,0
0.4792,51,0,0.6718,3013.0,9,0,0,0,1.0,0
0.1816,66,0,0.6162,6143.0,12,0,0,0,0.0,0
0.4441,55,0,0.3614,14125.0,6,0,1,0,3.0,0
0.2994,50,0,0.9137,2771.0,9,0,1,0,0.0,0
0.131,56,0,0.1804,2973.0,11,0,1,0,1.0,0
0.2955,52,0,0.9441,2203.0,6,0,1,0,1.0,0
0.2647,79,0,0.4141,32236.0,10,0,1,0,2.0,0
0.8491,45,0,0.3739,6220.0,14,0,1,0,0.0,0
0.6622,70,0,0.4593,9360.0,4,0,3,0,1.0,0
0.8552,42,0,0.4695,1583.0,6,0,2,0,0.0,0
0.2144,48,0,0.6806,,11,0,4,0,,0
0.6714,38,0,0.297,8950.0,10,0,0,0,0.0,0
5.2082,64,0,0.2374,9237.0,6,0,1,0,0.0,0
0.6335,69,0,0.3602,3430.0,6,0,2,0,0.0,0
0.7689,50,0,0.5032,5638.0,8,0,3,0,0.0,0
1.1242,60,2,0.5706,1785.0,7,0,1,0,1.0,0
0.0004,54,0,0.6718,,7,0,0,0,1.0,0
0.2696,60,0,0.1969,5184.0,12,0,1,0,0.0,0
0.1694,69,0,0.4392,2617.0,14,0,0,0,1.0,0
0.3285,36,0,0.3291,,5,0,1,0,0.0,0
0.2967,37,0,0.9525,4916.0,9,0,1,0,1.0,0
0.0608,44,0,0.881,4328.0,8,0,1,0,0.0,0
0.3526,46,0,0.221,8768.0,7,0,0,0,0.0,0
1.1993,55,0,0.224,8597.0,10,0,0,0,0.0,0
0.1104,52,0,0.4447,6856.0,6,0,2,0,0.0,0
0.1297,49,0,0.2488,,5,0,0,0,0.0,0
0.6933,51,0,0.233,5175.0,9,0,1,0,2.0,0
0.3255,55,0,0.4203,4183.0,11,0,2,0,0.0,0
0.2529,41,0,0.1842,3025.0,5,0,0,0,,0
0.4487,22,0,0.6159,8219.0,10,0,2,0,0.0,0
0.4417,39,0,0.3198,3944.0,5,0,1,0,1.0,0
3.7597,68,0,0.9563,4039.0,6,0,1,0,1.0,1
0.0728,21,0,1.0733,3856.0,6,0,0,0,3.0,0
6.5072,68,0,0.8224,14289.0,7,0,2,0,0.0,0
0.3473,44,0,0.4795,5780.0,9,0,0,0,0.0,0
0.5399,64,0,0.6152,4020.0,6,0,3,0,0.0,0
0.5463,38,0,0.1258,,6,0,1,0,0.0,0
0.5421,21,0,0.1031,,9,0,1,0,3.0,0
0.3774,40,0,0.6738,2698.0,1,0,0,0,0.0,0
1.233,50,0,1.1091,9392.0,10,0,3,0,0.0,0
0.2487,57,0,0.1841,5058.0,3,0,1,0,2.0,0
0.0752,32,0,0.692,,8,0,1,0,2.0,0
0.0653,57,0,0.0954,8032.0,11,0,0,0,1.0,0
0.027,52,0,0.4089,1406.0,8,0,2,0,,0
0.2908,43,0,0.4182,14743.0,13,0,3,0,1.0,0
0.3967,54,0,0.6968,8440.0,8,0,2,0,0.0,0
0.5806,53,0,0.0674,8748.0,8,0,1,0,1.0,0
0.7358,59,0,0.2289,,7,0,1,0,0.0,0
0.4851,55,0,0.5709,12331.0,8,0,0,2,1.0,0
0.3603,53,0,0.5818,3351.0,4,0,0,0,0.0,0
6.1186,80,1,0.4977,13222.0,11,0,0,0,2.0,0
1.1199,25,2,0.1456,,7,0,1,0,0.0,0
0.7041,34,0,0.2462,8320.0,4,0,0,0,0.0,0
0.4576,67,0,0.1991,3929.0,7,0,1,0,0.0,0
0.0275,31,0,0.1359,4691.0,5,0,0,0,2.0,0
0.3922,65,0,0.2373,17556.0,7,0,3,0,2.0,0
0.4191,56,0,0.7344,6611.0,6,0,1,0,2.0,0
0.4777,34,0,0.7484,2156.0,8,0,0,0,0.0,1
0.8345,66,0,0.6947,,4,0,0,0,0.0,1
0.3879,69,0,0.5608,6590.0,8,0,0,0,1.0,0
0.7362,52,0,0.6987,4937.0,14,0,1,0,0.0,1
0.0481,51,0,0.3757,5885.0,11,0,3,0,0.0,0
0.4045,70,0,1.2451,,7,0,2,0,1.0,0
0.5702,28,0,0.4157,3507.0,6,0,2,0,0.0,0
0.1482,62,0,0.2045,15620.0,5,0,0,0,1.0,0
0.7119,32,0,0.2219,,7,0,0,0,0.0,0
0.495,60,0,0.0805,1424.0,13,0,0,0,0.0,0
0.0273,50,0,0.5654,,7,0,1,0,0.0,0
0.4795,52,0,0.413,6063.0,8,0,2,0,,0
0.2153,75,0,0.5124,3875.0,4,0,1,0,1.0,0
0.0717,30,0,0.2908,,8,0,2,0,1.0,0
1.1989,62,0,0.5838,1878.0,8,0,1,0,0.0,0
0.2153,51,1,0.3458,6175.0,10,0,0,1,1.0,0
0.4348,53,0,0.1316,,4,0,1,0,1.0,0
0.152,64,0,0.7547,3388.0,12,0,1,0,1.0,0
0.1131,63,0,0.74,2109.0,6,0,2,0,0.0,0
2.706,61,0,0.1417,11764.0,4,0,3,0,0.0,0
0.0912,40,0,0.1627,,7,0,0,0,3.0,0
0.5836,61,0,0.8602,5386.0,5,0,1,0,2.0,0
0.0856,63,0,0.0527,6032.0,6,0,0,0,1.0,0
6.7712,59,0,0.9906,,10,0,0,0,3.0,0
0.1951,61,0,0.5386,6414.0,14,0,0,0,0.0,0
0.3241,53,0,0.5542,1404.0,7,0,0,0,0.0,0
0.9807,36,0,0.9303,4699.0,6,0,1,0,0.0,0
0.8064,46,0,0.3522,3190.0,9,0,1,0,0.0,0
0.3579,45,0,0.0678,3550.0,7,0,1,0,0.0,0
0.1407,52,0,0.1138,,7,0,0,0,,0
0.4328,46,0,0.3973,,10,0,0,0,0.0,0
0.6692,77,0,1.1945,,5,0,1,0,1.0,1
0.1361,58,0,0.7512,7653.0,5,0,1,0,1.0,0
0.3708,51,0,0.618,3057.0,5,0,2,0,0.0,0
0.1702,56,0,0.3178,3808.0,12,0,3,0,0.0,0
0.5015,58,0,0.3344,3454.0,7,0,2,0,1.0,0
0.5654,82,0,0.2155,10557.0,6,0,0,0,2.0,0
0.2963,58,0,1.1163,4292.0,9,0,1,0,0.0,0
0.2395,46,0,0.6907,3372.0,14,0,0,0,0.0,0
0.3276,38,0,0.8703,7807.0,8,0,1,0,2.0,0
0.632,55,0,0.6193,7643.0,9,0,1,0,0.0,0
0.0618,81,0,0.5322,7373.0,10,0,0,0,1.0,0
1.6776,50,0,0.5043,,9,0,4,0,2.0,0
0.3917,39,0,0.1871,3830.0,7,0,0,0,0.0,0
0.2124,66,0,0.08,18657.0,3,0,0,0,0.0,0
0.365,54,0,0.1604,,10,0,0,0,1.0,0
0.1094,29,0,0.3312,5642.0,10,0,2,0,1.0,0
0.484,55,0,0.2717,3614.0,9,0,0,0,1.0,0
0.6223,68,0,0.3969,4245.0,4,0,0,0,0.0,0
0.2347,23,0,0.3539,4102.0,10,0,1,0,5.0,0
0.0531,62,0,0.9488,6118.0,10,0,0,0,1.0,0
5.19,34,0,0.3194,17239.0,6,0,0,0,1.0,0
0.1406,49,0,0.4759,11961.0,9,0,1,0,0.0,0
0.0071,45,0,0.3665,8098.0,7,0,2,0,2.0,0
0.0965,68,0,0.1323,8814.0,8,0,2,0,3.0,0
0.3003,66,0,0.803,2556.0,11,0,2,0,2.0,0
0.0451,33,0,0.4155,967.0,5,0,0,0,0.0,0
2.6925,24,0,0.345,11604.0,15,0,1,0,0.0,0
0.3335,31,0,0.1995,4445.0,6,0,3,0,1.0,0
0.5815,58,0,0.0897,4120.0,12,0,4,0,0.0,0
0.2422,21,0,0.554,,8,0,1,0,2.0,0
0.3082,43,0,0.0787,,9,0,4,0,1.0,0
4.3105,65,0,0.5239,,7,0,0,0,0.0,0
0.0243,60,1,0.2148,9079.0,5,0,1,0,1.0,0
0.2464,28,0,0.4508,1745.0,6,0,1,0,1.0,0
0.9739,55,1,1.2863,6326.0,10,0,0,0,1.0,0
0.0306,39,0,0.4619,4265.0,7,0,1,0,0.0,0
0.2981,43,0,0.6007,4683.0,6,0,0,0,1.0,0
0.7675,44,0,0.2915,,8,0,1,0,2.0,0
0.108,46,0,0.4411,6517.0,9,0,1,0,1.0,0
0.883,51,0,0.2732,,6,0,0,0,2.0,0
1.4378,42,0,0.4679,1822.0,11,0,2,0,1.0,0
1.0073,42,0,0.2425,,9,0,0,0,3.0,0
0.224,64,0,0.1873,,5,0,3,0,0.0,0
0.2643,52,0,0.2193,4411.0,8,0,2,0,1.0,0
0.1879,37,0,0.8062,5498.0,8,0,1,0,0.0,0
0.1443,53,0,0.553,3758.0,6,0,1,0,,0
0.2447,31,1,0.2834,5793.0,5,0,1,1,0.0,0
0.3781,54,0,1.3163,,7,0,1,0,2.0,0
0.5451,60,0,0.4478,,7,0,3,0,1.0,0
0.8036,63,0,0.8275,,6,0,1,0,1.0,0
0.6982,58,0,0.5328,,8,0,1,0,1.0,0
0.3628,37,0,0.9853,6854.0,9,0,0,0,0.0,0
0.4416,44,0,0.52,5096.0,7,0,0,0,0.0,0
0.111,68,0,0.4573,4322.0,4,0,0,0,1.0,0
0.9134,48,0,0.529,2601.0,11,0,0,0,1.0,0
0.3088,51,0,0.9397,3948.0,5,0,2,0,0.0,0
0.3191,61,0,0.5063,3292.0,11,0,3,0,1.0,0
0.2446,73,0,0.1657,3170.0,8,0,1,0,1.0,0
0.5612,51,0,0.0958,12791.0,11,0,0,0,2.0,0
0.7524,47,0,0.6995,2179.0,11,0,3,0,2.0,0
0.1419,79,0,0.2077,11314.0,7,0,0,0,4.0,0
0.315,80,0,0.5362,2658.0,7,0,2,0,1.0,0
0.3917,53,0,1.2751,4230.0,7,0,3,0,2.0,0
0.2531,52,0,0.983,8080.0,8,0,1,0,2.0,0
0.0007,65,0,0.9712,6397.0,9,0,1,0,0.0,0
1.392,58,0,0.8227,4186.0,14,0,1,0,3.0,0
0.7324,52,0,0.4862,,6,0,1,0,0.0,0
1.9669,62,0,0.5781,19118.0,8,0,4,0,2.0,0
0.0758,43,2,0.0556,3056.0,6,0,1,0,2.0,0
1.2911,68,0,0.3481,4292.0,10,0,0,0,1.0,0
0.0927,61,0,0.4369,16615.0,10,0,0,0,2.0,0
0.7464,58,0,0.1796,6228.0,10,0,1,1,1.0,0
0.7513,50,0,0.4233,4981.0,6,0,0,0,0.0,0
7.9706,43,0,0.4036,,16,0,1,0,1.0,0
1.2364,27,6,0.2462,,4,0,0,0,0.0,0
0.4417,27,0,0.4773,,6,0,0,0,2.0,0
5.4123,29,0,0.7856,2744.0,5,0,0,0,3.0,1
0.6168,69,0,0.58,3317.0,10,0,0,0,1.0,1
0.1511,43,0,0.4501,,8,0,1,0,0.0,0
0.8678,35,0,0.3735,2920.0,6,0,1,0,1.0,0
0.261,51,0,0.8405,4656.0,10,0,0,0,0.0,0
0.0652,39,0,0.4036,2116.0,6,0,1,0,2.0,0
0.6625,47,0,0.6318,,7,0,0,0,2.0,1
0.839,60,0,0.3871,8872.0,7,0,0,0,1.0,0
0.4396,47,0,0.7679,3482.0,7,0,2,0,2.0,1
0.8673,47,0,0.191,3647.0,7,0,2,0,2.0,0
0.5504,52,0,0.2441,6098.0,9,0,0,0,0.0,0
0.6936,32,0,0.5693,4977.0,8,0,1,0,2.0,0
3.6568,56,0,0.4058,4372.0,5,0,2,0,0.0,0
0.0732,72,0,0.7124,,11,0,0,0,2.0,0
0.3291,47,0,0.4957,6829.0,9,0,1,0,1.0,0
0.3246,53,0,0.2773,10653.0,12,0,1,0,0.0,1
0.1756,40,0,0.8123,2830.0,7,0,3,0,0.0,0
0.1292,42,0,0.4284,3761.0,5,0,0,0,1.0,0
0.7523,66,0,0.8153,11113.0,8,0,0,0,3.0,0
1.4893,54,0,0.2795,4773.0,12,0,0,0,2.0,0
1.0743,61,0,0.4796,,8,0,0,0,1.0,0
0.9343,56,0,0.4111,,4,0,1,0,0.0,0
1.4848,50,2,0.5159,4704.0,6,0,1,0,2.0,0
0.4922,69,0,0.1696,,10,0,1,0,1.0,0
7.3932,27,0,0.3863,5566.0,7,1,0,0,0.0,0
0.274,41,0,0.6304,7649.0,11,0,3,0,0.0,0
0.5136,47,0,0.4562,2172.0,10,0,0,0,0.0,0
0.4427,53,0,0.5355,6287.0,5,0,1,0,1.0,0
0.3771,48,0,0.3291,5077.0,6,0,0,0,0.0,0
0.3011,55,0,0.2759,2500.0,10,0,0,0,1.0,0
0.2507,71,0,0.2399,7933.0,2,0,1,0,0.0,0
0.3364,36,0,0.3331,4989.0,5,0,1,0,2.0,0
1.0547,73,0,0.388,1048.0,9,0,1,0,2.0,0
0.255,49,0,0.2907,6794.0,14,0,2,0,1.0,0
0.2661,55,0,0.5332,4974.0,5,0,1,0,0.0,0
0.8645,52,0,1.2781,,6,0,0,0,1.0,1
0.1915,56,0,0.7811,2941.0,11,0,2,0,1.0,0
0.2024,69,0,0.5709,3728.0,10,0,4,0,,0
0.3765,36,0,0.4815,1825.0,12,0,1,0,1.0,0
0.2376,42,0,0.6849,6615.0,7,0,1,0,1.0,0
0.2699,61,0,0.7648,5602.0,8,0,0,0,0.0,0
0.346,41,0,1.1556,10913.0,11,0,0,0,1.0,0
0.4854,26,0,1.0036,,7,0,0,0,0.0,0
0.3234,61,0,0.2732,9333.0,12,0,1,0,0.0,0
0.8713,41,2,0.9093,3550.0,10,0,1,2,0.0,0
0.7371,64,0,0.5512,11123.0,11,0,0,0,0.0,0
0.9292,46,0,0.1902,6385.0,6,0,0,0,2.0,0
0.1784,68,0,0.3499,3411.0,18,0,1,0,1.0,0
0.1029,56,0,0.6069,,6,0,2,0,0.0,0
0.3314,42,0,0.655,,8,0,2,0,0.0,0
0.5022,35,0,0.1906,12584.0,5,0,1,0,1.0,0
1.5119,49,0,0.6205,5101.0,8,0,2,0,1.0,1
0.9163,53,0,0.1396,19627.0,4,0,1,0,1.0,0
1.3716,43,0,0.5353,10874.0,4,0,0,0,2.0,0
0.5634,34,0,0.586,10088.0,10,0,2,0,0.0,0
0.282,49,0,0.6983,2133.0,6,0,3,0,0.0,0
0.0446,74,0,0.7253,3646.0,11,0,1,0,3.0,0
0.5276,55,0,1.0065,1411.0,8,0,2,0,1.0,0
0.0299,43,0,0.6955,,5,0,0,0,0.0,0
0.6378,54,0,0.2956,4673.0,12,0,3,0,0.0,0
4.2786,61,0,0.2811,6618.0,6,0,1,0,2.0,0
0.0805,39,0,0.7492,4304.0,10,0,1,0,0.0,0
2.0912,48,1,0.9731,5812.0,4,0,1,1,1.0,0
0.4023,50,0,0.8664,1833.0,9,0,1,0,2.0,0
0.4729,46,0,0.8271,,11,0,0,0,,0
0.7748,35,0,1.0631,4546.0,9,0,3,0,1.0,0
1.7636,61,0,0.8085,3257.0,7,0,1,0,0.0,0
0.3333,23,0,0.5794,8305.0,10,0,2,0,0.0,0
2.0999,43,0,0.4509,3294.0,9,0,3,0,1.0,0
0.6431,42,0,0.7225,3952.0,6,0,1,0,1.0,0
0.7211,44,0,0.1904,5725.0,8,0,0,0,1.0,0
3.9433,72,0,0.294,8481.0,5,0,0,0,0.0,1
0.1766,48,0,0.54,4016.0,11,0,2,0,1.0,0
0.7247,67,0,0.7227,3280.0,4,0,2,0,3.0,0
0.5107,54,0,0.4336,6481.0,5,0,1,0,,0
0.171,58,0,0.3858,4942.0,10,0,0,0,,0
0.366,48,0,0.8994,,7,0,1,0,1.0,0
0.4375,62,0,0.5828,11737.0,10,0,2,0,1.0,0
1.2013,43,0,0.8546,3881.0,7,0,2,0,1.0,0
0.8943,46,0,0.7695,3652.0,3,0,1,0,0.0,0
0.3273,45,0,0.7336,,4,0,2,0,0.0,0
0.3942,37,0,0.056,,9,0,1,0,1.0,0
0.4299,52,0,0.6117,2512.0,10,0,0,0,1.0,0
0.2537,64,0,0.6455,6450.0,7,0,0,0,0.0,0
0.4978,47,0,0.4255,13670.0,6,0,3,0,0.0,0
0.8171,41,0,0.7756,18186.0,7,0,1,0,0.0,0
0.026,79,0,0.4972,3326.0,5,0,0,0,0.0,0
0.4572,47,0,0.5489,2298.0,8,0,0,0,0.0,0
0.1276,62,0,0.3386,7295.0,2,0,0,0,3.0,0
0.4945,52,0,0.2042,,4,0,0,0,1.0,0
0.3835,67,0,0.1164,5900.0,4,0,1,0,1.0,0
1.0995,51,0,0.1644,10323.0,8,0,4,0,3.0,0
0.1827,51,0,0.1234,,10,0,1,0,0.0,0
2.819,51,2,0.0935,7650.0,15,0,0,0,0.0,0
0.7516,48,0,0.0801,4490.0,10,0,0,0,3.0,0
0.3682,53,0,0.1221,,7,0,1,0,0.0,0
0.0945,41,0,0.3286,2562.0,9,0,1,0,,0
0.5296,59,0,0.6361,2121.0,9,0,1,0,1.0,0
0.0673,90,0,0.3592,6231.0,10,0,0,0,0.0,0
1.4787,39,0,0.3846,,4,0,1,0,2.0,0
0.2053,56,0,0.3892,5195.0,6,0,1,0,1.0,0
1.3254,52,0,0.0721,7563.0,9,0,0,0,2.0,0
0.4531,36,0,0.3106,2768.0,4,0,1,0,1.0,0
0.5504,63,0,0.4694,13841.0,12,0,1,0,0.0,0
1.8749,46,0,0.3917,3515.0,4,0,0,0,2.0,1
0.062,42,0,0.4589,,6,0,1,0,0.0,0
0.4497,71,0,0.2106,11621.0,16,0,1,0,2.0,0
0.0335,47,0,0.6394,6483.0,7,0,3,0,2.0,0
0.1099,68,0,0.4897,3006.0,3,0,1,0,1.0,0
1.2138,60,0,0.5291,,7,0,3,0,1.0,0
0.4073,53,0,0.2497,6495.0,14,0,2,0,1.0,0
0.8763,61,0,0.6556,16887.0,5,0,0,0,1.0,0
0.4079,63,0,0.3311,7634.0,7,0,1,0,2.0,0
0.265,50,0,0.434,3658.0,7,0,1,0,1.0,0
0.3745,47,0,0.089,,10,0,0,0,1.0,0
0.0679,64,0,0.3526,6561.0,3,0,2,0,0.0,0
0.5949,91,0,0.4757,5691.0,8,0,2,0,0.0,0
1.1991,29,0,0.3239,,10,0,2,0,1.0,0
0.4108,36,0,0.6583,,6,0,0,0,1.0,0
0.2419,39,0,0.1652,16778.0,6,0,2,0,0.0,0
0.5567,47,0,0.5831,5835.0,8,0,1,0,0.0,0
0.0015,38,0,0.1962,23285.0,10,0,0,0,0.0,0
2.171,61,0,0.2606,4768.0,3,0,1,0,1.0,0
0.1361,32,0,0.3712,5969.0,12,0,0,0,3.0,0
0.0709,46,0,0.4672,,9,0,0,0,1.0,0
3.2623,45,0,0.2473,10589.0,10,0,0,0,0.0,0
0.0781,66,0,0.193,,8,0,0,0,0.0,0
0.7845,51,0,0.3286,3075.0,4,0,0,0,3.0,0
0.5984,33,0,0.7689,6139.0,6,0,2,0,2.0,0
0.2633,56,0,0.6139,,9,0,1,0,0.0,0
0.0235,39,0,0.3017,4684.0,10,0,0,0,1.0,0
0.0645,35,0,0.0854,2174.0,9,0,3,0,0.0,0
0.0142,68,0,0.9385,7102.0,8,0,1,0,1.0,0
0.3521,46,0,0.3571,4750.0,10,0,0,0,2.0,0
0.4145,59,0,0.2088,8401.0,7,0,0,0,0.0,0
0.2557,45,0,0.6641,,6,0,0,0,1.0,0
0.3063,55,0,0.1095,9181.0,7,0,1,0,,0
0.3903,72,0,0.2663,2520.0,7,0,1,0,0.0,0
0.836,55,0,0.5352,3179.0,8,0,1,0,1.0,0
0.6015,47,0,0.3976,9695.0,9,0,1,0,1.0,0
0.8876,34,0,0.0893,8470.0,11,0,0,0,3.0,0
0.986,64,0,0.3351,9547.0,8,0,1,0,2.0,0
0.4889,59,0,0.5416,,7,0,0,0,1.0,0
0.4887,57,0,0.3669,6696.0,6,0,1,0,1.0,0
0.5243,51,0,0.8749,,7,0,0,0,0.0,0
0.6327,68,0,0.2218,,9,0,0,0,3.0,0
0.2827,46,0,0.5546,15627.0,7,0,0,0,1.0,0
0.6367,60,0,0.2922,9778.0,10,0,0,0,,0
0.1133,77,0,0.5943,11871.0,3,0,0,0,0.0,0
0.7919,53,0,0.4265,13020.0,3,0,0,0,3.0,0
0.7943,47,0,0.1234,9550.0,8,0,0,0,1.0,0
1.3106,44,0,0.4655,2885.0,8,0,1,0,1.0,0
0.3775,44,0,0.2167,6690.0,11,0,1,0,1.0,0
2.3031,53,2,0.9927,5138.0,11,0,1,3,0.0,0
0.66,75,0,0.3774,2844.0,6,0,1,0,0.0,1
0.6737,58,0,0.2871,4067.0,13,0,1,0,1.0,0
0.041,55,0,0.303,3763.0,4,0,2,0,0.0,0
0.1445,54,0,0.3345,5994.0,14,0,1,0,0.0,0
0.856,30,0,0.609,15944.0,11,0,1,0,2.0,0
0.1123,51,0,0.3196,9179.0,11,0,1,0,1.0,0
0.4241,39,0,0.2346,2878.0,7,0,0,0,0.0,0
0.8474,73,0,0.1446,10298.0,5,0,0,1,0.0,0
0.7077,40,0,0.438,9641.0,11,0,3,0,0.0,0
0.5193,33,0,0.6536,2015.0,12,0,0,0,1.0,0
0.1918,28,0,0.1531,12301.0,4,0,1,0,0.0,0
0.2959,41,0,0.523,,13,0,0,0,2.0,0
0.8347,21,0,0.4471,14102.0,7,0,0,0,0.0,0
0.4986,55,0,1.1087,3400.0,3,0,1,0,0.0,0
0.0785,55,0,0.1743,20143.0,8,0,1,0,3.0,0
4.2641,37,0,0.71,9851.0,5,0,2,0,1.0,0
0.0486,64,0,0.3566,7601.0,12,0,2,0,0.0,0
3.8626,50,0,0.1913,4516.0,10,0,1,0,1.0,0
3.8903,50,1,0.7547,,6,1,1,0,2.0,0
0.2184,64,0,0.6478,9800.0,12,0,0,0,3.0,0
0.2326,68,0,0.9216,,7,0,3,0,0.0,0
0.3367,38,0,0.7114,1654.0,8,0,0,0,1.0,0
0.3019,32,0,0.3966,8124.0,10,0,1,0,0.0,0
0.4854,47,0,0.3892,3803.0,13,0,1,0,0.0,0
0.1728,74,0,0.4099,3525.0,8,0,1,0,0.0,0
3.3689,41,2,0.7168,2039.0,9,0,3,0,0.0,0
0.662,66,0,0.3903,,8,0,1,0,0.0,0
0.8235,38,0,0.7109,,8,0,2,0,0.0,1
0.2679,50,0,0.2312,4163.0,9,0,1,0,1.0,0
0.4239,44,0,0.1301,6567.0,6,0,0,0,0.0,0
0.6255,58,0,0.0275,2823.0,12,0,1,0,0.0,0
0.3479,54,0,1.0179,6864.0,5,0,1,0,1.0,0
1.6449,39,0,0.4592,1632.0,4,0,2,0,2.0,0
12.7873,45,0,0.697,6249.0,11,0,0,0,2.0,0
0.0409,37,0,0.4706,3936.0,10,0,1,0,0.0,0
0.1028,55,2,0.6291,8331.0,7,0,0,0,0.0,0
0.354,38,0,0.4335,8317.0,12,0,1,0,2.0,0
0.2604,53,0,0.1067,7168.0,3,0,1,0,0.0,0
0.2177,58,0,0.4829,9867.0,7,0,3,0,1.0,0
0.4341,61,0,0.3346,7579.0,9,0,1,0,0.0,0
0.4887,61,0,0.4812,3967.0,9,0,0,0,0.0,0
0.4103,57,0,0.4323,8502.0,6,0,1,0,0.0,0
0.8151,37,0,0.3481,10147.0,5,0,1,0,1.0,0
0.4635,40,0,0.1578,9149.0,5,0,1,0,0.0,0
0.5515,40,0,0.661,8537.0,8,0,1,0,1.0,0
0.7144,51,0,0.3303,7195.0,8,0,0,0,1.0,0
0.7047,67,0,0.8011,6752.0,6,0,0,0,,0
0.7575,42,0,0.8153,,10,0,1,0,1.0,0
0.8449,48,0,0.3966,,12,0,0,0,0.0,0
0.2904,69,0,0.2383,,8,0,1,0,0.0,0
10.2211,33,0,0.3046,,3,0,1,0,0.0,0
0.1283,73,0,0.3531,6605.0,4,0,0,0,1.0,0
0.7942,61,0,0.4177,8509.0,7,0,1,0,4.0,0
0.7994,42,0,0.6725,,3,0,2,0,1.0,0
0.4637,47,0,1.3889,,8,0,0,0,2.0,0
0.5152,76,0,0.1136,2039.0,13,0,2,0,1.0,0
0.4173,45,0,0.5948,30658.0,7,0,0,0,1.0,0
2.3,62,0,0.0933,3909.0,5,0,0,0,4.0,0
0.4539,81,0,0.4527,2987.0,8,0,1,0,0.0,0
0.5624,51,0,0.2066,5452.0,8,0,1,0,0.0,0
0.2101,52,0,0.4639,8623.0,6,0,0,0,2.0,0
0.392,83,1,0.4549,,4,0,0,0,2.0,0
1.143,37,0,0.1825,8689.0,7,0,1,0,0.0,0
0.574,52,0,0.2594,5899.0,10,0,2,0,0.0,0
0.8855,58,0,0.443,5547.0,8,0,2,0,0.0,0
1.9356,30,0,0.2635,,7,0,1,0,3.0,0
0.8856,36,0,0.0161,,6,0,1,0,1.0,0
0.5057,44,0,0.5053,9066.0,4,0,1,0,0.0,0
0.0849,58,0,0.4194,6325.0,7,0,0,0,0.0,0
0.4986,45,0,0.9606,2412.0,8,0,2,0,2.0,0
0.0047,51,0,1.0562,2539.0,8,0,3,0,1.0,0
0.2332,63,0,0.4058,,12,0,1,0,0.0,0
0.0567,60,0,0.4608,1596.0,8,0,1,0,,0
0.7139,23,0,0.3074,,7,0,1,0,0.0,0
0.3155,55,0,0.5741,4258.0,8,0,0,0,3.0,0
0.311,60,0,0.4379,5996.0,8,0,0,0,1.0,0
0.0145,51,0,0.8275,8377.0,6,0,2,0,0.0,0
0.4522,59,0,0.6952,7660.0,9,0,0,0,0.0,0
0.2205,63,0,0.185,11314.0,8,0,0,0,,0
0.6622,57,0,0.3548,,5,0,0,0,1.0,0
0.0384,51,0,0.3783,4189.0,14,0,0,0,1.0,0
0.3309,56,1,0.3576,,8,0,2,0,0.0,0
1.0059,21,0,0.4165,12610.0,14,0,1,0,0.0,0
0.2428,72,0,0.205,,9,0,1,0,1.0,0
0.4298,71,0,0.6689,,8,0,0,0,0.0,1
0.4951,70,0,0.4379,5149.0,10,0,1,0,0.0,1
0.2741,54,4,0.2655,4613.0,4,0,0,0,0.0,0
0.4484,60,0,0.3028,,6,0,2,0,0.0,0
0.4431,54,0,0.1299,3936.0,7,0,0,0,0.0,0
0.3265,57,0,0.44,5794.0,9,0,2,0,1.0,0
0.0291,71,0,0.0847,3507.0,7,0,1,0,1.0,0
0.1584,27,0,0.334,3168.0,8,0,2,0,0.0,0
0.1208,58,0,0.6301,15911.0,10,0,2,0,1.0,0
0.4703,40,0,0.2401,5473.0,13,0,2,0,1.0,0
0.1753,36,0,0.0543,5345.0,10,0,0,0,2.0,0
0.146,50,1,0.4226,3044.0,8,2,0,0,2.0,0
0.415,34,0,0.1299,5402.0,5,0,1,0,0.0,0
0.4256,34,0,0.4232,2340.0,10,0,3,0,1.0,0
0.2929,29,0,0.4415,6101.0,13,0,0,0,3.0,0
0.5018,45,3,0.7506,4733.0,10,0,0,0,0.0,0
0.2133,59,0,0.316,12805.0,1,0,0,0,,0
0.7812,64,0,0.5697,5117.0,6,0,1,0,0.0,0
0.4915,80,0,0.6718,4010.0,4,0,1,0,0.0,0
0.0471,46,0,0.1994,,7,0,1,0,2.0,0
0.7237,63,0,0.6177,5099.0,12,0,3,0,1.0,0
0.668,55,0,0.8018,3571.0,6,0,0,0,2.0,0
1.4995,54,0,0.4579,2810.0,12,0,0,0,1.0,0
0.2831,57,0,0.6751,7232.0,8,0,1,0,5.0,0
0.1471,63,0,0.6159,,11,0,0,0,1.0,0
0.7187,59,0,0.7738,7509.0,5,0,0,0,2.0,0
1.4445,46,1,0.8176,,9,0,0,0,1.0,0
0.1099,60,0,0.1754,3329.0,4,0,0,0,1.0,0
0.3148,43,0,0.4661,9337.0,7,0,0,0,1.0,0
0.1093,60,0,0.8261,,3,0,3,0,0.0,0
0.8019,54,0,0.1484,8951.0,16,0,0,0,0.0,0
0.6382,26,0,0.6677,4786.0,9,0,0,0,0.0,1
0.2475,50,2,0.3717,10714.0,9,0,1,0,1.0,0
0.1103,65,0,0.663,,5,0,2,0,0.0,0
0.754,50,0,0.3164,,4,0,2,0,1.0,0
2.5393,55,0,0.0808,5333.0,10,0,1,0,0.0,0
0.4892,45,0,0.5639,8427.0,13,0,1,0,1.0,0
0.91,48,0,0.6793,,6,0,2,0,1.0,0
0.2788,65,0,0.1342,6654.0,10,0,1,0,0.0,0
0.0246,46,0,0.7126,5875.0,12,0,0,0,0.0,0
0.1105,36,0,0.0304,,9,0,1,0,0.0,0
1.3373,21,1,0.4682,2619.0,9,1,0,1,0.0,0
0.5678,41,0,0.4779,9522.0,7,0,0,0,1.0,0
0.024,37,0,0.4225,,6,0,0,0,0.0,0
0.9538,31,0,0.7785,4633.0,11,0,2,0,1.0,0
2.1693,37,0,0.3501,6937.0,11,0,2,0,0.0,0
0.3527,38,0,0.5588,4703.0,11,0,1,0,1.0,0
0.4153,37,0,0.4588,8352.0,6,0,2,0,0.0,0
0.0228,71,0,0.7682,2693.0,13,0,2,0,0.0,0
0.4414,29,0,0.1995,7003.0,5,0,1,0,2.0,0
0.1573,60,0,0.2467,3278.0,7,0,0,0,0.0,0
0.0388,59,0,0.475,,9,0,0,0,0.0,0
0.7333,61,0,0.6379,3920.0,10,0,2,0,0.0,0
0.0869,51,0,0.7158,4531.0,6,0,0,0,1.0,0
0.4223,70,0,0.7452,5030.0,4,0,0,0,0.0,1
0.2509,52,0,0.1806,3469.0,7,0,2,0,1.0,0
3.6118,49,0,0.0662,8825.0,10,0,1,0,1.0,0
0.4519,68,0,0.0314,4725.0,9,0,1,0,1.0,0
0.4713,50,0,0.7005,9557.0,9,0,1,0,0.0,0
0.4818,30,0,0.0098,8216.0,9,0,0,0,0.0,0
0.4121,59,0,0.4956,3395.0,3,0,1,0,0.0,0
0.0886,67,0,0.8416,9725.0,8,0,1,0,1.0,0
0.1227,56,0,0.7209,3835.0,9,0,0,0,2.0,0
0.3279,47,0,0.5898,4069.0,6,0,1,0,0.0,0
0.5052,56,0,0.5551,2175.0,3,0,1,0,0.0,0
0.0036,62,0,0.739,8798.0,8,0,0,0,0.0,0
0.1308,38,0,0.2511,2914.0,9,0,1,0,0.0,0
0.1379,23,0,0.8104,,5,0,0,0,1.0,0
0.474,50,0,0.6344,2557.0,8,0,0,0,1.0,0
1.8056,67,0,0.2935,6100.0,9,0,1,0,0.0,0
0.7434,36,0,0.3837,5628.0,14,0,1,0,1.0,0
0.7557,34,0,0.5356,,7,0,1,0,0.0,0
0.493,55,0,0.5241,3751.0,11,0,1,0,2.0,0
2.3693,49,0,0.2551,18153.0,10,0,0,0,0.0,0
0.2177,42,0,0.6416,,7,0,1,0,1.0,0
0.1841,68,0,0.2844,6860.0,8,0,1,0,1.0,0
0.1508,43,0,0.3995,3318.0,5,0,0,0,2.0,0
0.0153,57,0,0.3942,11826.0,8,0,3,0,1.0,0
0.6398,64,0,0.3623,3291.0,6,0,1,0,1.0,0
1.2258,49,0,0.5151,10727.0,7,0,3,0,0.0,0
0.7631,64,0,0.4068,17531.0,6,0,3,0,0.0,0
3.4331,61,0,0.0859,4800.0,10,0,1,0,1.0,1
0.4471,55,0,0.8686,4115.0,6,0,0,0,1.0,0
0.0247,47,0,0.4107,4220.0,7,0,0,0,0.0,0
0.6949,72,0,0.4347,,13,0,0,0,0.0,1
0.4893,65,0,0.9347,2615.0,5,0,2,0,2.0,0
0.2619,62,1,0.9271,7895.0,7,0,0,0,1.0,0
3.6523,53,0,0.1688,14519.0,12,0,2,0,0.0,0
0.4636,44,0,0.1188,9402.0,13,0,0,0,1.0,0
0.8289,25,0,0.5017,3619.0,8,0,2,0,1.0,0
0.633,59,0,1.0046,,10,0,0,0,0.0,0
0.341,47,0,0.8419,10981.0,8,0,1,0,2.0,0
3.0351,55,0,0.4183,10219.0,6,0,1,0,2.0,0
0.2331,87,0,0.7586,5713.0,11,0,2,0,1.0,0
0.1524,70,1,0.3613,,6,0,3,0,1.0,0
0.3688,58,0,0.4644,5435.0,8,0,0,0,0.0,0
0.1616,51,0,0.6309,1231.0,9,0,2,0,3.0,0
0.8091,63,0,0.6001,1154.0,11,0,1,0,2.0,0
0.1623,65,0,0.364,3535.0,8,0,0,0,2.0,0
0.0177,47,0,0.9519,12247.0,7,0,1,0,0.0,0
0.0954,48,0,0.9634,7892.0,3,0,0,0,2.0,0
0.2334,55,0,0.471,,6,0,0,0,0.0,0
0.2211,41,0,0.6652,7686.0,13,0,1,0,0.0,0
0.3942,42,0,1.3325,6301.0,9,0,0,0,0.0,0
0.6114,36,0,0.4257,7164.0,8,0,2,0,1.0,0
0.6775,76,0,0.156,6013.0,4,0,0,0,0.0,0
0.033,33,0,0.9162,,9,0,2,0,1.0,0
0.5439,34,0,0.5942,1606.0,9,0,2,0,2.0,0
0.4455,21,0,0.4933,5182.0,8,0,1,0,0.0,1
0.0032,61,0,0.9063,5098.0,12,0,1,0,0.0,0
0.0337,39,0,0.3502,7382.0,9,0,0,0,0.0,0
0.2963,63,0,0.4351,9231.0,12,0,1,0,1.0,0
0.1195,51,0,0.3218,,9,0,2,0,0.0,0
0.0371,70,0,0.3011,9652.0,8,0,1,0,1.0,0
0.0775,40,0,0.5979,,8,0,0,0,0.0,0
0.5571,53,0,0.3218,5015.0,14,0,2,0,1.0,0
0.5733,68,0,0.3861,5350.0,5,0,0,0,4.0,0
1.5397,69,0,0.5395,4691.0,16,0,0,0,1.0,1
0.2385,67,0,0.1115,4916.0,13,0,0,0,0.0,0
0.0587,60,0,0.8091,6937.0,9,0,2,0,1.0,0
0.0905,52,0,0.2041,7167.0,7,0,2,0,0.0,1
0.8524,60,0,0.3527,4994.0,8,0,3,0,0.0,0
0.0824,34,0,0.0818,11520.0,7,0,1,0,0.0,1
0.3298,47,0,0.232,1679.0,4,0,0,0,0.0,0
0.6064,72,0,0.1176,4387.0,5,0,0,0,0.0,0
0.3927,65,0,0.8954,5166.0,9,0,3,0,1.0,0
0.3095,35,0,0.6079,2216.0,7,0,0,0,,0
1.3746,57,0,0.9643,15403.0,10,0,0,0,1.0,0
0.1703,39,0,0.3602,,8,0,3,0,0.0,0
1.1092,48,0,0.647,1664.0,11,0,2,0,0.0,0
0.3323,73,0,0.7933,7370.0,5,0,2,0,0.0,0
0.6684,27,0,0.6579,,16,0,0,0,0.0,0
0.465,34,0,0.6706,4349.0,12,0,1,0,0.0,0
0.3357,54,0,0.6463,3053.0,7,0,0,0,1.0,0
0.0481,59,0,0.4424,9003.0,8,0,0,0,1.0,0
0.1979,48,1,0.2561,5277.0,8,0,1,0,0.0,0
2.6142,68,0,0.7626,11656.0,3,0,0,0,0.0,0
0.4795,49,2,0.7329,,11,0,0,2,0.0,0
0.871,56,0,0.6272,,7,0,1,0,1.0,1
0.9622,53,0,0.6717,6045.0,13,0,0,0,1.0,0
0.3084,48,0,0.2853,16120.0,4,2,2,0,2.0,0
0.223,62,3,0.2709,,7,0,0,0,2.0,0
0.3916,41,0,0.6185,5546.0,8,0,1,0,2.0,0
2.7559,70,0,0.4818,6873.0,8,0,1,0,1.0,0
3.0149,66,0,0.6173,11184.0,5,0,2,0,1.0,0
4.4401,66,0,0.3861,8888.0,2,0,0,0,1.0,0
0.7297,84,0,0.6016,,14,0,0,0,4.0,1
0.1655,58,0,1.006,3293.0,8,0,2,0,0.0,0
0.5343,54,0,1.0458,5968.0,7,0,2,0,1.0,0
0.166,59,0,0.5263,3978.0,11,0,2,0,0.0,0
11.3873,46,0,0.6048,4949.0,8,0,1,0,1.0,0
0.215,51,1,0.5333,11589.0,5,0,4,0,0.0,0
0.2277,40,0,1.2925,5456.0,6,0,2,0,0.0,0
5.6216,71,0,0.5289,6954.0,12,0,0,0,1.0,0
0.3555,38,0,0.4,6019.0,6,0,1,0,2.0,0
5.2515,41,0,0.8655,6709.0,2,0,0,0,0.0,0
0.3938,49,0,0.3097,8032.0,14,0,0,0,0.0,0
3.8357,37,0,0.4983,5130.0,5,0,1,0,1.0,1
0.117,43,0,0.3643,5049.0,17,0,2,0,0.0,0
0.3808,47,0,1.0569,18099.0,11,0,3,0,0.0,0
0.2298,63,0,1.0266,,6,0,2,0,1.0,0
0.1746,32,0,0.4546,3439.0,12,0,1,0,1.0,0
0.5029,45,0,0.5053,8507.0,7,0,0,0,,0
0.4528,56,0,0.4108,,12,0,2,0,0.0,0
0.394,59,0,0.6726,4209.0,6,0,1,0,1.0,0
0.2212,88,0,0.7467,,6,0,1,0,,0
0.5495,72,0,0.2084,15566.0,7,0,2,0,1.0,0
0.0318,75,2,1.2019,3945.0,7,0,1,0,0.0,0
0.3428,31,0,0.3024,5781.0,6,0,0,0,1.0,0
9.0298,57,0,0.1392,3070.0,8,0,0,0,1.0,0
6.1245,61,1,0.4475,6857.0,14,0,0,1,0.0,0
0.5423,35,0,0.2628,3282.0,10,0,0,0,2.0,0
0.8983,49,0,0.3165,2614.0,13,0,1,0,3.0,0
0.071,63,0,0.2344,5657.0,13,0,0,0,0.0,0
0.6352,64,0,0.408,6334.0,9,0,0,0,0.0,0
4.5882,70,0,0.3804,4091.0,10,1,1,0,0.0,0
0.1557,54,0,0.502,2564.0,5,0,1,0,1.0,0
0.1586,44,0,0.4932,4485.0,5,0,0,0,0.0,0
0.1898,61,0,0.357,7143.0,8,0,0,0,0.0,0
0.0774,55,0,0.3439,12621.0,7,0,0,0,0.0,0
1.0413,59,0,0.3667,5146.0,8,2,0,1,1.0,0
1.2001,26,0,0.0171,3634.0,11,0,2,0,1.0,0
0.429,52,0,0.4139,2505.0,10,0,2,0,1.0,0
0.2492,58,0,0.1185,8084.0,9,0,2,0,3.0,0
0.3068,52,0,0.4396,,5,0,0,0,0.0,0
0.3783,50,0,0.7372,3856.0,10,0,1,0,1.0,0
1.2148,50,0,0.5471,3064.0,10,0,1,0,1.0,0
0.3428,40,0,0.2874,8814.0,6,0,2,0,0.0,0
0.7325,64,0,0.4406,5624.0,9,0,1,0,1.0,0
0.4371,48,0,0.3541,6236.0,6,0,2,0,0.0,0
0.3448,21,0,0.0736,7149.0,7,0,0,0,1.0,0
0.5167,43,0,0.7356,5804.0,11,0,1,0,0.0,0
0.279,41,0,0.4964,3805.0,8,0,1,0,2.0,0
1.7781,47,0,0.0319,7893.0,10,0,3,0,0.0,1
0.3154,43,0,0.4666,5684.0,9,0,0,0,1.0,0
0.4316,50,0,0.1849,,11,0,0,0,1.0,0
0.3782,55,0,0.4133,27459.0,11,0,2,0,0.0,0
0.3281,41,0,0.7819,,9,0,0,0,1.0,0
0.3006,53,0,0.2105,11216.0,6,0,0,0,1.0,0
0.1936,61,0,0.1181,7279.0,10,0,3,0,1.0,0
0.8885,47,0,0.218,1920.0,6,0,0,0,2.0,0
0.0542,61,0,0.2714,3018.0,3,0,2,0,0.0,0
0.2235,71,0,0.4197,,5,0,3,0,0.0,0
1.1991,39,0,1.0559,4139.0,8,0,1,0,1.0,0
7.2733,56,0,0.3808,,9,0,0,0,1.0,0
0.1834,80,0,0.197,6973.0,8,0,2,0,3.0,0
0.405,55,0,0.2002,6190.0,8,0,0,0,1.0,0
1.3753,40,0,0.3034,7229.0,6,0,0,0,2.0,0
1.0578,59,1,0.2078,3372.0,9,0,0,0,3.0,0
0.4871,50,0,0.5632,15582.0,3,0,0,0,3.0,0
0.5921,34,0,0.5401,,10,0,1,0,1.0,0
0.329,50,0,0.2379,20692.0,9,0,0,0,2.0,0
1.6134,36,0,0.0537,5266.0,9,0,2,0,0.0,0
0.5782,29,0,0.3841,1863.0,3,0,0,0,0.0,0
0.4108,64,0,0.6223,1562.0,6,0,2,0,0.0,0
0.3392,21,0,0.5213,8542.0,4,0,0,0,2.0,0
0.7889,72,0,0.242,,7,0,1,0,4.0,1
0.7007,60,0,0.4082,4474.0,6,0,2,0,1.0,0
0.7406,73,0,0.1419,11802.0,8,0,0,0,1.0,0
0.5309,75,0,0.909,3964.0,10,0,1,0,0.0,1
0.8709,68,0,0.2728,4883.0,9,0,1,0,,0
1.0537,46,2,0.3996,,5,1,2,0,0.0,0
6.757,43,0,1.0436,2014.0,8,0,1,0,2.0,0
0.7274,54,0,1.1416,,6,0,1,0,2.0,0
0.36,66,0,0.6215,17939.0,10,0,1,0,1.0,0
0.4073,79,0,0.3363,,8,0,0,0,1.0,0
0.3919,38,0,1.0882,,6,0,3,0,0.0,0
1.2218,63,0,0.5394,8633.0,9,0,3,0,1.0,0
0.484,53,0,0.8472,,6,0,0,0,1.0,1
6.9799,53,0,0.7592,7485.0,5,0,1,0,1.0,0
0.4409,61,0,0.9335,5801.0,7,0,0,0,,0
0.0301,21,0,0.3469,7251.0,10,0,2,0,1.0,0
0.0933,52,0,0.4817,3019.0,7,0,4,0,0.0,0
0.22,35,0,0.5083,6855.0,11,0,2,0,0.0,0
0.1783,62,0,0.2101,,8,0,3,0,0.0,0
5.2309,56,0,0.4527,8988.0,10,0,2,0,0.0,0
0.1113,76,0,0.5922,,5,0,3,0,1.0,0
6.3907,73,0,0.5911,7289.0,11,0,1,0,,0
0.2071,44,0,0.5906,18908.0,7,0,0,0,0.0,0
0.5699,56,0,0.1225,13770.0,5,0,1,0,0.0,1
0.1562,75,0,0.4805,6498.0,7,0,0,0,0.0,0
3.2409,59,0,0.2873,3102.0,5,0,1,0,1.0,0
0.7014,62,0,0.3604,9065.0,7,0,2,0,1.0,0
0.4033,75,0,0.2663,19138.0,7,0,2,0,2.0,0
0.2844,73,0,0.1466,7870.0,10,0,3,0,1.0,0
0.3189,55,0,0.8656,2854.0,3,0,1,0,1.0,0
0.0064,67,0,0.3678,,9,0,1,0,0.0,0
2.173,65,0,0.4661,11853.0,9,0,0,0,0.0,0
0.7646,76,0,0.6947,6581.0,6,0,3,0,2.0,0
0.1606,54,0,0.1724,2579.0,9,0,1,0,1.0,0
0.5934,70,0,0.6817,7201.0,7,0,0,0,,0
0.3918,47,0,0.4758,10266.0,9,0,1,0,2.0,0
0.2563,59,0,0.3075,,7,0,1,0,0.0,0
0.1446,65,0,0.6574,11933.0,9,0,2,0,0.0,0
0.6273,63,1,0.6341,2141.0,14,0,3,0,0.0,0
0.437,57,0,0.2748,6727.0,6,0,2,0,0.0,0
0.6082,53,0,0.2826,3238.0,11,0,0,0,1.0,0
0.0494,63,0,0.1362,7105.0,3,0,2,0,0.0,1
2.0256,60,0,0.4087,6263.0,10,0,1,0,0.0,0
0.6353,55,0,0.2143,6135.0,5,0,0,0,3.0,0
0.4272,62,0,0.6167,7451.0,7,0,1,0,0.0,0
0.2809,32,0,0.5359,7091.0,9,0,2,0,1.0,0
0.1189,59,1,0.5506,5422.0,8,0,1,0,1.0,0
3.9206,29,0,0.2675,,5,0,0,0,1.0,1
2.0438,41,0,0.6918,4733.0,5,0,0,0,1.0,0
0.1851,58,0,0.3793,18013.0,2,0,1,0,1.0,0
0.4486,52,0,0.6021,6734.0,9,0,0,0,1.0,0
0.1664,29,0,0.4155,7390.0,8,0,1,0,0.0,0
0.2477,26,0,0.148,2060.0,11,0,0,0,1.0,0
0.0608,48,0,0.2418,13793.0,10,0,2,0,1.0,0
0.4976,27,0,0.461,,10,0,0,0,1.0,0
0.3588,33,0,0.5096,8821.0,6,0,2,0,0.0,0
0.5858,44,0,0.7976,4727.0,8,0,1,0,2.0,0
0.0024,65,0,0.7317,2576.0,10,0,0,0,1.0,0
0.878,36,0,0.5168,,6,0,1,0,0.0,0
0.3677,22,0,0.2778,,18,0,4,0,1.0,0
0.3525,71,0,0.3792,14432.0,10,0,4,0,1.0,0
0.4124,64,0,0.6288,21298.0,15,0,1,0,1.0,0
3.0602,57,0,0.0933,9643.0,7,0,0,0,0.0,0
0.1323,52,0,0.5075,,3,0,0,0,1.0,0
0.1737,81,0,0.5765,13347.0,9,0,3,0,2.0,0
0.8225,57,0,0.6508,9387.0,13,0,0,0,0.0,0
0.033,53,0,0.4606,11393.0,11,0,1,0,2.0,0
0.5496,50,0,0.187,4057.0,5,0,2,0,2.0,0
0.3485,58,0,0.49,5402.0,9,0,0,0,1.0,0
0.0315,42,0,0.9385,,15,0,1,0,0.0,0
0.9748,68,0,0.6236,2529.0,8,0,2,0,0.0,0
0.5872,70,0,0.5525,,6,0,2,3,0.0,0
0.0117,70,3,0.4922,7193.0,4,0,0,0,0.0,0
0.1057,51,0,0.4644,9997.0,7,0,0,0,1.0,0
0.7158,57,0,1.0789,15337.0,7,0,0,0,1.0,0
1.8756,33,0,0.4192,1593.0,7,0,0,0,0.0,0
0.6522,34,2,0.1994,3980.0,8,0,0,2,0.0,0
0.6178,63,0,0.6995,11566.0,6,0,1,0,,0
0.187,65,0,0.7683,4888.0,10,0,1,0,2.0,0
0.3627,28,0,0.3534,,8,0,2,0,0.0,0
0.0544,34,0,0.1678,8101.0,6,0,3,0,0.0,0
2.8109,39,2,0.1466,8678.0,8,0,1,0,1.0,0
0.0627,57,0,0.3334,,9,0,2,0,3.0,0
0.0275,46,0,0.2623,3128.0,6,0,1,0,0.0,0
2.7569,36,0,0.5698,10035.0,8,0,0,0,1.0,0
0.7676,48,1,0.1881,1844.0,7,0,1,3,1.0,0
0.0834,47,0,0.2021,13359.0,4,0,1,0,0.0,0
0.5862,65,0,0.1872,12920.0,5,0,1,0,0.0,0
0.9542,48,0,0.391,,9,0,2,0,0.0,0
0.6909,72,0,0.9147,,7,0,1,0,0.0,1
0.2349,23,0,0.9218,6312.0,9,0,1,0,0.0,0
0.2238,58,0,0.6383,12460.0,6,0,0,0,1.0,0
0.1456,81,0,0.2673,,15,0,0,0,1.0,0
0.7715,50,0,0.6347,4267.0,6,0,2,0,0.0,0
0.1421,48,0,0.2235,4518.0,5,0,2,0,0.0,0
0.2841,43,0,0.2361,7020.0,10,0,1,0,0.0,0
0.2397,32,0,0.2186,3137.0,7,0,0,0,0.0,0
0.0163,67,1,0.2823,6471.0,9,0,1,0,3.0,0
0.4893,41,0,0.2097,29255.0,5,0,1,0,0.0,0
0.067,65,0,0.4916,3568.0,11,0,3,0,2.0,0
0.727,57,1,0.2748,7763.0,12,0,0,1,0.0,0
9.9638,61,0,0.0451,10366.0,5,0,2,0,1.0,0
1.9631,39,0,0.2277,8210.0,7,0,4,0,0.0,0
0.8912,57,0,0.689,,9,0,0,0,0.0,0
0.8617,52,4,0.5003,18903.0,9,1,3,0,1.0,0
0.4241,55,0,0.4052,4216.0,8,0,0,0,0.0,0
0.7117,21,0,0.407,,3,0,1,0,2.0,0
0.1125,59,0,0.5116,2355.0,5,0,0,0,1.0,0
0.2338,83,0,0.7113,2481.0,1,0,1,0,0.0,0
0.2023,34,0,0.1129,5060.0,11,0,3,0,0.0,0
4.5975,65,0,0.2789,4184.0,10,0,2,0,0.0,0
0.8987,49,0,0.5035,1364.0,7,0,0,0,1.0,0
0.1632,37,0,0.2265,2416.0,5,0,0,0,1.0,0
0.4433,42,0,0.3553,5572.0,3,0,0,0,,0
0.4191,72,0,0.4768,15301.0,5,0,1,0,0.0,0
0.2137,56,0,0.8568,13243.0,8,0,2,0,0.0,0
0.2255,50,0,0.2146,10252.0,8,0,1,0,1.0,0
0.6942,30,0,0.4226,8782.0,8,0,2,0,0.0,0
0.2341,60,0,1.1302,,5,0,3,0,1.0,0
0.3808,67,0,0.0298,5053.0,6,0,2,0,1.0,0
0.0993,56,0,0.2349,3640.0,7,0,0,0,0.0,0
0.3884,36,0,0.1659,3378.0,3,0,1,0,0.0,0
0.5188,59,0,0.2208,4278.0,6,0,2,0,1.0,0
0.0682,78,0,0.5949,4108.0,8,0,2,0,1.0,0
0.5456,50,0,0.5235,5272.0,8,0,0,0,0.0,0
0.6966,67,0,0.3757,,12,0,0,0,0.0,0
1.1074,49,0,0.9082,6575.0,12,0,3,0,0.0,0
0.4701,49,0,0.9643,4021.0,7,0,0,0,0.0,0
0.1858,55,0,0.2032,4587.0,9,0,2,0,2.0,0
0.3464,47,0,0.3992,,12,0,3,0,1.0,0
0.3316,46,2,1.083,5954.0,13,0,0,0,1.0,0
0.7342,52,0,0.5966,18993.0,7,0,0,0,0.0,0
0.0245,66,0,0.6691,7921.0,11,0,1,0,1.0,0
0.1418,53,0,0.9068,7219.0,10,0,1,0,1.0,0
0.0428,51,0,0.5746,,4,0,1,0,1.0,0
0.4982,55,0,0.5294,5394.0,11,0,1,0,1.0,0
0.4487,74,0,0.2408,7200.0,10,0,1,0,0.0,0
0.1394,38,0,0.4359,3550.0,15,0,1,0,1.0,0
0.536,61,0,0.5739,6819.0,5,0,1,0,0.0,0
0.1609,64,0,0.0655,9310.0,8,0,2,0,1.0,0
0.3877,50,0,0.3216,3539.0,12,0,3,0,1.0,0
0.5306,69,0,0.427,,6,0,0,0,1.0,0
0.7267,65,0,0.3752,4647.0,7,0,1,0,1.0,0
0.2846,64,1,0.2756,4612.0,11,0,0,0,0.0,0
1.7965,34,0,0.5913,,12,0,3,0,0.0,0
0.3197,45,0,0.062,7206.0,8,0,1,0,0.0,0
2.7289,43,0,0.21,7284.0,4,0,1,0,0.0,0
0.3079,62,0,0.2277,5318.0,9,0,1,0,1.0,0
1.5927,65,0,0.0979,3849.0,7,0,0,0,1.0,0
0.1334,48,0,0.7791,3883.0,11,0,0,0,0.0,0
0.1507,49,0,0.5678,8602.0,6,0,0,0,1.0,0
0.6623,83,0,1.0504,9969.0,10,0,1,0,1.0,0
0.6748,55,0,0.2118,3736.0,7,0,1,0,1.0,0
3.3262,58,0,0.694,,9,0,0,0,0.0,1
0.0674,49,0,0.109,,7,0,2,0,1.0,0
2.767,71,0,0.4767,5768.0,6,0,2,0,,0
0.8627,58,0,0.1096,6371.0,11,1,3,0,0.0,0
0.5324,55,0,0.3777,2063.0,14,0,1,0,1.0,0
0.5761,55,0,0.8204,8833.0,8,0,0,0,0.0,0
4.585,46,0,0.4188,5743.0,8,0,0,0,1.0,0
0.5519,39,0,0.1773,4838.0,13,0,1,0,0.0,0
0.0679,52,0,0.4697,2408.0,7,0,1,0,0.0,0
0.2659,74,0,0.1011,4484.0,11,0,1,0,0.0,0
0.4124,48,0,0.2018,,10,0,2,0,3.0,0
0.371,67,0,0.3299,2942.0,4,0,0,0,0.0,0
0.8507,47,0,0.9483,8850.0,5,0,0,0,0.0,0
0.3876,26,0,0.3251,12386.0,8,0,1,0,0.0,0
1.2353,45,0,0.1609,4887.0,6,0,0,0,1.0,0
0.0936,29,1,0.698,5024.0,3,0,2,0,1.0,0
0.0272,62,0,0.2105,2462.0,14,0,1,0,1.0,0
2.4159,26,0,0.428,3967.0,5,0,0,0,2.0,0
0.1126,53,0,0.5281,,5,0,0,0,3.0,0
0.472,42,0,0.7248,,14,0,0,0,0.0,0
0.0368,43,0,0.1538,2549.0,8,0,1,0,1.0,0
0.6908,64,0,0.4672,9425.0,7,0,2,0,0.0,0
0.1461,50,0,0.4033,3142.0,10,0,2,0,0.0,0
0.2794,52,0,0.1282,13182.0,7,0,1,0,3.0,0
0.8385,51,0,0.6946,8176.0,10,0,1,0,2.0,0
2.1486,46,0,0.5724,6859.0,8,0,0,0,2.0,0
0.8343,41,0,0.7068,2941.0,6,0,2,0,5.0,1
0.4976,29,0,0.2398,3424.0,15,0,1,0,0.0,0
0.4185,57,0,0.217,2574.0,10,0,2,0,1.0,0
0.1102,56,0,0.6573,8788.0,9,0,2,0,1.0,0
0.7412,68,0,0.4933,1648.0,14,0,1,0,1.0,0
0.6392,58,0,0.736,4820.0,6,0,2,0,1.0,0
0.4448,46,0,0.7794,2819.0,8,0,0,0,0.0,0
0.0167,50,0,1.0718,6316.0,10,0,0,0,2.0,0
0.3756,60,0,0.3254,5438.0,7,0,0,0,3.0,0
0.5205,67,0,0.1542,13949.0,6,0,2,0,0.0,0
0.1675,46,0,0.4086,,4,0,2,0,0.0,0
0.9602,68,0,0.0736,3233.0,14,0,0,0,0.0,0
0.6298,51,0,0.0654,5784.0,7,0,0,0,0.0,0
0.476,43,0,1.029,6491.0,7,0,0,0,1.0,0
0.0162,43,0,0.509,3604.0,7,0,1,0,1.0,0
0.0562,48,0,0.3826,3385.0,9,0,0,0,1.0,0
0.303,52,0,0.2785,,8,0,1,0,0.0,0
0.1077,68,0,0.0531,5385.0,10,0,0,0,0.0,0
0.3857,78,0,1.3587,7980.0,8,0,2,0,1.0,0
0.2778,49,0,1.006,4604.0,8,0,1,0,0.0,0
0.1146,33,0,0.3102,,6,0,1,0,0.0,0
0.5758,44,0,0.8983,4794.0,2,0,3,0,0.0,0
0.9199,48,0,0.3568,5064.0,12,0,0,0,2.0,0
1.4751,56,0,0.5201,6419.0,12,0,1,0,1.0,0
0.5132,27,0,0.2888,2420.0,8,0,1,0,0.0,0
0.367,67,0,0.4516,5544.0,10,0,2,0,0.0,0
0.1057,39,0,0.8738,,6,0,2,0,0.0,0
0.1894,56,0,0.1425,,8,0,1,0,0.0,0
1.0415,50,0,0.3219,6569.0,12,0,0,0,1.0,0
3.3427,43,0,0.8441,,5,0,0,0,0.0,1
2.5324,71,0,0.2242,7191.0,8,0,3,0,3.0,0
0.0407,46,0,0.5004,5068.0,12,0,0,0,1.0,0
0.1782,39,0,0.7701,3182.0,10,0,2,0,0.0,0
0.1666,59,0,0.4895,,8,0,0,0,0.0,0
1.1744,64,0,0.756,8606.0,6,0,1,0,0.0,0
0.5048,49,0,0.6838,16567.0,8,0,0,0,0.0,0
0.3005,55,0,0.6426,,7,0,1,0,2.0,0
0.3948,65,0,0.1859,7305.0,5,0,1,0,0.0,0
0.2887,49,0,0.3803,6437.0,11,0,0,0,1.0,0
0.6321,49,0,0.4465,9205.0,11,0,0,0,0.0,0
0.738,63,0,0.5783,2642.0,9,0,3,0,1.0,0
0.6043,50,0,0.4407,8123.0,6,0,1,0,1.0,0
1.013,41,0,0.164,9286.0,8,0,0,0,2.0,0
0.5162,52,0,1.0508,10977.0,8,0,0,0,0.0,0
0.7642,39,0,0.8144,3531.0,6,0,0,0,0.0,1
0.6943,51,0,0.3299,5231.0,7,0,0,0,1.0,0
1.2086,66,0,0.3434,4896.0,13,0,1,0,1.0,0
0.3594,35,0,0.3021,,7,0,0,0,0.0,0
0.0793,51,0,0.413,4076.0,6,0,3,0,1.0,0
0.5892,60,0,0.2177,19482.0,8,0,2,0,1.0,1
0.6604,51,2,0.3385,4040.0,12,0,4,0,0.0,0
0.9805,72,0,0.8543,5187.0,9,0,1,0,1.0,0
0.0809,53,0,0.698,,15,0,1,0,0.0,0
1.4119,57,0,0.0593,5246.0,3,0,0,0,2.0,0
1.1391,71,0,0.1191,3547.0,6,0,1,0,0.0,0
0.4273,59,0,0.2895,11640.0,8,0,0,0,1.0,0
0.669,52,0,0.3577,11126.0,5,0,0,0,1.0,0
0.0786,46,0,0.4092,3250.0,5,0,1,0,,0
1.2327,50,2,0.5187,9471.0,5,0,1,2,2.0,0
0.3431,57,0,0.0024,7367.0,10,0,0,0,1.0,0
0.4527,41,0,0.4537,,9,0,1,0,0.0,0
2.1598,70,0,0.2315,,8,0,1,0,0.0,0
0.6459,84,0,0.8974,,10,0,2,0,2.0,1
0.6072,52,0,0.1128,,10,0,0,0,,0
0.7913,28,0,0.0434,4719.0,6,0,2,0,0.0,1
0.4567,63,0,0.6374,2518.0,2,0,1,0,3.0,0
0.2539,54,0,0.5308,9097.0,13,0,0,0,1.0,0
1.0153,61,0,0.5499,2826.0,9,0,0,0,1.0,0
1.0183,52,0,0.9424,13021.0,8,0,0,0,1.0,0
0.5048,65,0,0.3113,6655.0,16,0,2,0,1.0,0
0.3874,42,0,0.1088,6672.0,8,0,1,0,4.0,0
1.2984,58,0,0.9795,9078.0,6,0,1,0,0.0,0
0.6074,57,0,0.5063,3786.0,5,0,2,0,1.0,0
0.1778,58,0,0.4735,5824.0,13,0,0,0,0.0,0
0.0675,63,0,0.1552,5140.0,13,0,0,0,,0
0.8116,65,0,0.5778,2381.0,13,0,0,0,2.0,0
0.348,36,0,0.5871,5106.0,7,0,2,0,1.0,0
0.9258,63,0,0.9204,1809.0,8,0,0,0,1.0,0
0.2132,55,0,0.3885,5368.0,10,0,0,0,0.0,0
0.3074,49,0,0.72,5365.0,9,0,0,0,1.0,0
0.0983,56,0,0.4745,3089.0,7,0,0,0,1.0,0
0.8318,55,0,0.0745,4120.0,9,0,0,0,1.0,0
0.1502,53,0,0.3676,2040.0,10,2,0,0,0.0,0
6.7424,27,0,0.4258,5413.0,6,0,1,0,2.0,1
0.0452,54,0,0.0487,4243.0,10,0,3,0,0.0,0
0.3443,49,0,0.1199,2212.0,8,0,0,0,1.0,0
0.1833,57,0,0.7608,19788.0,13,0,0,0,1.0,0
0.6282,51,0,0.243,7189.0,8,0,2,0,2.0,0
0.2335,82,0,0.6051,4766.0,4,0,2,2,0.0,0
0.0314,49,0,0.7573,,11,0,0,0,1.0,0
0.0041,31,0,0.8777,7331.0,7,0,0,0,0.0,0
0.8863,51,0,0.4078,,9,0,0,0,1.0,0
0.573,46,0,0.5095,4098.0,9,0,0,0,2.0,0
0.2048,55,0,0.303,4699.0,9,0,1,0,5.0,0
0.629,46,0,0.5433,2301.0,10,0,0,0,1.0,0
0.1164,61,0,0.9156,5968.0,6,0,2,0,1.0,0
0.2469,52,0,0.3977,,6,0,0,0,1.0,0
0.8052,57,0,0.1036,4540.0,11,0,2,0,1.0,0
0.5314,73,0,0.6317,4650.0,6,0,1,0,1.0,0
1.1718,53,0,0.0954,3009.0,11,0,2,0,1.0,0
1.0547,33,0,0.4279,6806.0,8,0,3,0,1.0,0
0.3999,45,0,0.3692,6773.0,7,0,0,0,3.0,0
0.5837,33,0,0.0576,9857.0,13,0,2,0,4.0,0
0.0955,44,0,1.1278,,6,0,2,0,0.0,0
0.1095,21,0,0.3557,2294.0,8,0,0,0,1.0,0
0.1446,64,0,0.1017,15859.0,6,0,1,0,0.0,0
0.5021,31,0,0.437,3752.0,4,0,1,0,1.0,0
1.272,62,0,0.7474,,9,0,1,0,1.0,0
1.0535,43,0,0.4051,8899.0,9,0,1,0,0.0,0
0.0622,48,0,0.4541,6023.0,7,0,1,0,0.0,0
0.3519,75,0,0.4663,5655.0,6,0,3,0,0.0,0
0.5804,48,0,0.4568,10379.0,7,0,1,0,0.0,0
0.4055,38,2,0.472,,8,0,1,0,0.0,0
0.8985,45,0,0.4413,10951.0,5,0,2,0,1.0,0
0.7927,35,0,0.4999,5400.0,13,0,0,0,3.0,0
0.2952,64,0,0.3296,3566.0,9,0,0,0,2.0,0
1.1593,60,0,0.4872,2264.0,7,0,0,0,0.0,0
0.3894,48,0,0.4945,7109.0,14,0,2,0,1.0,0
0.3793,63,0,0.2811,3391.0,6,0,0,0,0.0,0
1.1319,60,0,0.8359,7865.0,13,0,0,0,0.0,0
0.5877,48,0,0.656,6213.0,9,0,2,0,2.0,0
0.1867,55,0,0.9002,4817.0,9,0,0,0,2.0,0
0.6148,49,0,0.4852,3296.0,14,0,0,0,1.0,0
0.5776,43,0,0.0685,2125.0,7,0,0,0,0.0,0
0.2743,21,0,0.5792,1489.0,4,0,0,0,0.0,0
0.111,48,0,0.6976,10686.0,6,0,1,0,1.0,0
5.7287,52,0,0.6453,,14,1,1,1,0.0,0
0.4023,32,0,0.516,,7,0,1,0,0.0,0
0.782,64,0,0.2783,9112.0,9,0,0,0,2.0,0
4.6255,49,1,0.2421,,8,0,1,0,2.0,0
0.6598,58,0,0.3273,9155.0,10,0,0,0,3.0,0
0.3082,56,0,0.3404,5863.0,6,0,0,0,1.0,0
0.1201,50,0,0.2559,3684.0,7,0,3,0,2.0,0
4.3796,44,0,0.4137,13404.0,6,0,0,0,0.0,0
1.3776,42,0,0.5443,,9,0,2,0,1.0,0
0.0727,28,0,0.3515,1944.0,6,0,1,0,0.0,0
0.4232,72,1,0.586,7440.0,5,0,2,0,3.0,0
0.2227,56,0,1.3525,8073.0,7,0,0,0,0.0,0
5.6419,38,0,0.2553,3297.0,9,0,1,0,0.0,0
0.2624,60,0,0.4963,7444.0,8,0,1,0,2.0,0
0.3702,35,0,0.2748,4613.0,11,0,0,0,0.0,0
0.9268,60,1,0.5938,,7,1,1,1,0.0,0
0.6742,58,0,0.7906,6001.0,7,0,1,0,0.0,0
0.5454,43,0,0.4876,13201.0,11,0,1,0,0.0,0
0.3602,29,0,0.6829,6183.0,7,0,1,0,1.0,0
1.8884,45,0,1.0373,3795.0,7,0,3,0,1.0,0
4.3573,53,2,0.6438,11229.0,6,0,1,1,1.0,0
0.2878,30,0,0.49,,5,0,0,0,0.0,0
0.1644,42,0,0.6477,,10,0,2,0,2.0,0
0.3385,70,0,0.3068,2257.0,8,0,1,0,2.0,0
0.8184,51,0,0.7012,,13,0,3,0,1.0,0
0.5768,89,0,0.1742,14682.0,7,0,0,0,0.0,0
0.5989,58,0,0.1756,,7,0,0,0,1.0,0
0.053,49,0,0.305,21878.0,7,0,2,0,2.0,0
5.1996,39,0,0.3991,6578.0,8,0,1,0,0.0,0
0.0824,36,0,0.8916,,11,0,0,0,0.0,0
0.5259,54,0,0.2991,1642.0,10,0,0,0,0.0,0
0.4535,45,0,0.2722,6662.0,11,0,0,0,,0
1.9437,47,0,0.4824,2616.0,8,0,1,0,0.0,0
0.277,54,1,0.773,5338.0,15,1,1,0,1.0,0
0.3904,42,0,0.0981,5442.0,12,0,1,0,2.0,0
2.7804,64,0,0.5785,3240.0,6,0,2,1,0.0,0
0.4481,56,0,0.3356,5981.0,12,0,1,0,1.0,0
1.0239,43,0,0.0242,6921.0,7,0,0,0,1.0,0
0.5657,55,0,0.4207,,13,0,0,0,1.0,0
0.1809,21,0,0.2069,4755.0,7,0,1,0,0.0,0
0.4033,57,0,0.2383,2995.0,2,0,2,0,0.0,0
2.9121,57,0,0.4033,3486.0,10,0,1,0,0.0,0
4.2174,23,0,0.6042,6380.0,7,0,2,0,0.0,0
0.1573,26,0,0.6946,4079.0,6,0,3,0,0.0,0
0.1538,47,0,0.6396,,14,0,0,0,0.0,0
0.144,43,0,0.8657,2302.0,10,0,2,0,1.0,0
0.5162,51,0,0.4475,2056.0,10,0,1,0,1.0,0
0.2168,53,0,0.4414,4563.0,6,0,2,0,1.0,0
0.7257,73,0,0.4952,,8,0,3,0,1.0,0
0.474,47,0,0.1239,2805.0,8,0,0,0,1.0,0
0.6135,60,0,0.6165,2112.0,8,0,0,0,2.0,0
0.5555,45,0,0.2811,7300.0,3,0,1,0,1.0,0
0.4821,57,0,0.641,4914.0,12,0,1,0,1.0,0
0.7432,46,0,0.0913,4998.0,9,0,1,0,0.0,0
0.1063,33,0,0.6744,16233.0,11,0,2,0,1.0,0
3.2218,43,0,0.5405,5236.0,7,0,1,0,1.0,0
0.3906,57,0,0.5209,6430.0,9,0,1,0,1.0,0
0.1336,36,0,0.2775,2904.0,4,0,1,0,1.0,0
0.1344,53,0,0.369,7842.0,4,0,3,0,0.0,0
0.6421,56,0,0.3575,3803.0,10,0,0,0,0.0,0
2.8537,57,0,0.9417,3235.0,10,0,1,0,0.0,0
0.7988,62,0,0.5403,6131.0,8,0,2,0,1.0,0
0.3478,80,0,0.5408,,11,0,0,0,1.0,0
0.0991,34,1,0.5136,3655.0,6,0,2,0,3.0,0
0.7376,47,0,0.2906,6574.0,5,0,0,0,0.0,0
0.2419,51,0,0.5835,2602.0,12,0,4,0,0.0,0
1.7391,45,0,0.9212,,10,0,2,0,0.0,0
0.0947,68,0,0.1505,4604.0,11,0,0,0,0.0,0
0.4401,69,0,0.1965,4913.0,7,0,0,0,0.0,0
0.0657,83,0,0.9614,3151.0,5,0,0,0,1.0,0
0.291,50,0,0.3195,4229.0,7,0,2,0,0.0,0
0.0213,36,1,0.5299,7479.0,7,0,2,1,0.0,0
0.3893,49,0,0.3468,1412.0,7,0,1,1,2.0,0
0.3649,38,0,0.2962,5899.0,8,0,0,0,0.0,0
0.5508,63,0,0.1486,,12,0,2,0,0.0,0
0.2119,62,0,0.7329,7736.0,5,0,1,0,0.0,0
0.4554,63,0,0.3463,10537.0,9,0,1,0,2.0,0
0.8256,81,0,0.3632,,9,0,2,0,1.0,0
0.0307,52,0,0.3411,,7,0,3,0,2.0,0
0.4949,43,0,0.8289,20753.0,10,0,2,0,0.0,0
2.9018,51,0,0.1495,7409.0,3,0,1,0,1.0,0
0.1631,38,0,0.1291,8880.0,13,0,1,0,0.0,0
0.1972,42,0,0.2331,7886.0,5,0,2,0,2.0,0
0.1485,52,0,0.4636,,7,0,1,0,1.0,0
0.8117,59,0,0.9044,12231.0,7,0,1,0,2.0,0
0.4864,40,0,0.464,,7,0,1,0,0.0,0
0.1166,34,2,0.2527,4581.0,7,3,0,0,0.0,0
0.1095,62,0,0.6556,,4,0,2,0,2.0,0
0.5572,40,0,0.609,4393.0,13,0,1,0,0.0,0
0.2049,54,0,0.4989,8519.0,6,0,0,0,1.0,0
0.2402,68,0,0.4936,6570.0,8,0,1,0,1.0,0
3.4347,63,0,0.314,,12,0,1,0,1.0,0
1.4454,60,0,0.732,1796.0,8,0,1,0,,0
0.5406,67,0,0.4198,7881.0,4,0,1,0,0.0,0
0.2185,55,0,0.2466,,8,0,0,0,2.0,0
7.7588,36,0,0.2791,3399.0,10,0,0,0,0.0,0
0.1534,86,0,0.7682,8567.0,5,0,1,0,0.0,0
0.6288,58,0,0.5889,11644.0,7,0,2,0,0.0,0
0.5328,59,0,0.5528,6271.0,6,0,2,0,2.0,0
0.5273,54,0,0.762,,10,0,0,0,1.0,1
0.87,28,0,0.7352,2157.0,10,0,1,0,1.0,0
1.2927,40,0,0.0861,6062.0,4,0,1,0,0.0,0
0.2558,75,0,0.5351,8694.0,9,0,1,0,0.0,0
0.5541,25,0,0.6066,6938.0,7,0,0,0,0.0,0
0.3453,50,0,0.125,27523.0,12,0,2,0,1.0,0
0.1735,56,0,0.5291,3617.0,7,0,1,0,1.0,0
2.9426,47,0,0.7377,1081.0,10,0,0,0,1.0,0
0.9004,80,0,0.7253,9353.0,8,0,2,0,1.0,0
2.0285,30,1,0.7501,3213.0,15,0,1,0,1.0,0
0.5132,42,0,0.3651,12571.0,10,0,5,0,1.0,0
0.1654,56,0,0.3118,,7,0,1,0,0.0,0
3.8658,58,0,0.3573,6127.0,11,0,2,0,0.0,0
0.5904,53,0,0.5147,7865.0,5,0,1,0,1.0,0
2.2651,56,0,0.4271,4538.0,8,0,1,0,1.0,0
0.0642,43,0,0.9302,4097.0,10,0,1,0,1.0,0
0.1834,47,0,0.3421,4178.0,7,0,3,0,2.0,0
0.6271,37,0,0.3652,3058.0,8,0,1,0,1.0,0
0.1516,58,0,0.5523,9915.0,6,0,1,0,0.0,0
0.4471,28,0,0.1839,5798.0,6,0,1,0,1.0,0
0.1308,33,0,0.8397,7202.0,10,0,1,0,2.0,0
0.5685,64,0,0.864,7276.0,6,0,3,0,3.0,0
0.081,44,0,0.1419,,5,0,2,0,1.0,0
0.1385,86,0,0.0316,,8,0,2,0,3.0,0
0.393,45,0,0.6374,5263.0,4,0,2,0,2.0,0
0.2601,46,0,0.7074,,11,0,0,0,0.0,0
0.2073,70,0,0.5342,888.0,13,0,1,0,0.0,0
0.8905,66,0,0.4775,4877.0,5,0,2,0,1.0,0
0.3795,49,0,0.3064,1447.0,12,0,0,0,0.0,0
0.3049,51,0,0.3134,,10,0,1,0,,0
0.1305,66,0,0.689,,5,0,1,0,1.0,0
0.4605,55,0,1.0522,5584.0,4,0,0,0,1.0,0
0.1138,47,0,0.9639,3009.0,7,0,0,0,1.0,0
0.8687,49,0,0.6575,7205.0,5,0,0,0,2.0,0
0.2654,80,0,0.1064,9523.0,2,0,0,0,0.0,0
0.2585,48,0,0.2383,1686.0,6,0,0,0,0.0,0
3.5566,48,0,0.3101,3229.0,12,0,2,0,0.0,0
0.3415,51,0,0.3712,,11,0,0,0,1.0,0
0.2835,53,0,0.0659,6451.0,7,0,0,0,0.0,0
4.0728,42,0,0.6296,4616.0,6,0,0,0,0.0,0
0.3299,74,0,0.6399,,13,0,1,0,2.0,0
0.6473,47,0,0.7706,,7,0,2,0,0.0,1
0.4923,59,0,0.5439,4537.0,6,0,0,0,1.0,0
0.3506,75,0,0.828,9014.0,5,0,1,0,0.0,0
7.3763,47,0,1.0879,,6,0,3,0,0.0,0
0.4576,58,0,0.269,5251.0,6,0,0,0,1.0,0
0.1627,35,0,0.6819,,6,0,1,0,1.0,0
0.2628,41,1,0.5115,,6,0,3,0,1.0,0
0.6407,54,0,0.5481,2780.0,7,0,1,0,1.0,0
0.1454,47,0,0.1528,4514.0,2,0,0,0,0.0,0
0.3076,63,0,0.5426,5032.0,12,0,0,0,1.0,0
0.1204,45,0,0.337,2485.0,10,0,1,0,0.0,0
0.9416,49,2,1.0245,3221.0,8,0,3,0,1.0,0
0.5523,44,0,0.5302,2760.0,6,0,1,0,0.0,0
0.1609,68,0,0.5629,14386.0,8,0,0,0,0.0,0
0.6955,50,0,0.3133,1759.0,6,0,1,0,2.0,0
0.0249,43,0,0.3877,,4,0,1,0,0.0,0
0.6281,40,0,0.7727,7577.0,6,0,1,0,2.0,0
2.2218,37,1,0.7752,,11,2,0,0,2.0,1
0.0781,62,0,0.5879,14656.0,6,0,0,0,2.0,0
1.034,51,3,0.3047,12024.0,7,0,2,0,3.0,0
0.5388,93,0,0.5826,5799.0,8,0,1,0,3.0,0
0.028,45,0,0.4324,14429.0,14,0,0,0,2.0,0
0.4448,30,0,0.2408,13825.0,6,0,1,0,1.0,0
0.0689,49,0,0.2324,3692.0,6,0,0,0,1.0,0
0.4817,84,0,0.1505,,8,0,1,0,1.0,0
0.6168,57,0,0.026,7557.0,6,0,1,0,1.0,0
0.8562,51,0,0.14,14575.0,6,0,0,0,2.0,0
0.1678,45,0,0.4944,5628.0,8,0,1,0,0.0,0
0.1532,48,0,0.8225,2658.0,4,0,1,0,0.0,0
0.1451,69,0,0.5663,3755.0,5,0,1,0,0.0,0
0.403,40,0,0.8825,10866.0,9,0,1,0,0.0,0
2.0359,52,0,0.4366,,7,0,1,0,1.0,0
0.2694,54,0,1.1139,15773.0,9,0,1,0,2.0,0
0.4432,52,0,0.0744,,5,0,1,0,2.0,0
0.7768,48,0,0.2011,10633.0,10,0,1,0,2.0,0
0.3274,32,1,0.449,8710.0,13,0,0,0,1.0,0
0.2722,55,0,0.2675,,6,0,2,0,1.0,0
0.436,48,0,0.6389,6041.0,7,0,2,0,1.0,0
0.1661,69,2,0.4247,11407.0,10,0,1,0,0.0,0
0.1601,50,0,0.0642,6594.0,6,0,0,0,1.0,0
0.2787,51,0,0.6187,5105.0,10,0,0,0,1.0,0
1.9648,54,0,0.1145,,5,0,1,0,1.0,1
0.2722,59,0,0.6568,3581.0,5,0,1,0,0.0,0
0.9267,27,0,0.5743,4396.0,9,0,0,0,1.0,0
0.2276,56,0,0.5916,5210.0,3,0,1,0,0.0,0
0.0815,28,0,0.4412,14850.0,6,0,0,0,3.0,0
0.5071,47,0,0.3632,7878.0,9,0,0,0,1.0,0
2.7427,61,0,1.0772,3513.0,3,0,1,0,0.0,0
2.6525,81,0,0.1694,5753.0,13,0,1,0,1.0,0
0.0704,38,0,0.3496,5727.0,9,0,2,0,1.0,0
0.9531,40,0,0.5169,3697.0,9,0,0,0,1.0,0
0.0559,28,0,0.1892,5530.0,12,0,1,0,1.0,0
3.4164,42,0,0.2699,1846.0,4,0,0,0,0.0,0
0.7602,84,0,0.0187,17907.0,7,0,1,0,2.0,0
0.2989,30,0,0.4782,1374.0,10,0,0,0,2.0,0
0.145,21,0,0.2252,,5,0,2,0,1.0,0
0.4376,64,0,1.2021,5954.0,7,0,2,0,,0
0.2177,64,0,0.2928,,7,0,0,0,0.0,0
0.2943,53,0,0.2137,,6,0,2,0,1.0,0
0.4241,54,0,0.9552,5928.0,10,0,1,0,0.0,0
1.1657,63,3,0.733,7875.0,3,0,0,1,1.0,0
1.1944,63,0,0.3152,,6,0,1,0,0.0,0
0.2237,38,0,0.4678,4579.0,11,0,1,0,0.0,0
0.2983,34,2,0.9381,4388.0,7,0,0,1,1.0,0
6.3903,38,0,0.2024,2358.0,10,0,0,0,0.0,0
0.4222,41,0,0.0863,5770.0,11,0,1,0,1.0,0
0.8227,62,0,0.535,,13,0,0,0,0.0,1
0.2044,67,0,0.4962,18354.0,11,0,1,0,2.0,0
2.9702,47,0,0.4185,16729.0,8,0,1,0,0.0,0
0.0267,56,0,0.1871,4716.0,4,0,2,0,1.0,0
0.0875,51,0,0.7402,,12,0,0,0,1.0,0
0.423,40,0,0.4257,,6,0,1,0,2.0,0
0.3561,40,0,0.3734,5667.0,8,0,1,0,2.0,0
0.2974,53,0,0.076,8980.0,7,0,2,0,1.0,0
0.5349,63,0,0.4428,6623.0,3,0,1,0,1.0,0
0.1358,58,0,0.0443,2621.0,7,0,0,0,2.0,0
0.8044,49,0,0.4461,5482.0,12,0,1,0,,0
0.511,72,0,1.05,8076.0,4,1,0,0,2.0,0
0.4383,74,0,0.5737,,10,0,3,0,0.0,0
0.8375,31,0,0.4074,,6,0,1,0,0.0,0
0.3623,35,1,0.4963,3243.0,6,0,1,0,4.0,0
0.6516,32,0,0.1858,2657.0,9,0,0,0,0.0,0
0.5187,65,0,0.3852,5234.0,4,0,1,0,0.0,0
0.2164,48,0,0.1735,17889.0,8,0,2,0,1.0,0
2.1194,53,0,0.5767,6195.0,9,0,0,0,3.0,0
2.8027,60,0,0.1364,10974.0,5,0,2,0,0.0,0
0.249,52,0,0.4398,10061.0,12,0,2,0,2.0,0
7.6654,43,4,0.301,2764.0,7,0,3,0,0.0,1
0.4553,37,0,0.3147,2851.0,6,0,1,0,0.0,0
0.6514,49,0,0.3851,7975.0,7,0,1,0,0.0,0
3.4408,63,0,0.3201,12062.0,11,0,1,0,0.0,0
0.0899,28,0,0.2854,6760.0,10,0,2,0,2.0,0
0.4626,45,0,0.5341,7902.0,5,0,1,0,0.0,0
0.4207,25,0,0.2814,3953.0,5,0,1,0,1.0,0
0.746,65,0,0.5622,8333.0,11,0,2,0,1.0,0
0.6048,29,0,0.7634,2856.0,4,0,0,0,1.0,0
0.1248,29,0,0.5422,9302.0,8,0,1,0,0.0,0
0.4394,64,0,0.2232,4735.0,6,0,2,0,1.0,0
0.6586,43,0,0.3579,2832.0,13,0,0,0,0.0,0
0.359,27,0,0.8321,2567.0,8,0,0,0,1.0,0
0.6523,59,0,0.2074,5666.0,2,0,0,0,1.0,0
0.4978,54,0,0.4899,9648.0,12,0,0,0,0.0,0
0.4807,79,1,0.4934,15750.0,10,0,1,1,1.0,0
0.228,35,0,0.3334,1523.0,4,0,2,0,0.0,0
4.3182,38,0,0.2198,,4,0,0,0,0.0,0
4.8236,42,0,1.2768,2511.0,11,0,1,0,1.0,0
0.9609,66,0,0.7402,3018.0,11,0,1,0,1.0,1
5.8083,24,0,0.2628,14803.0,5,0,1,0,0.0,0
0.1895,47,0,0.1727,8752.0,6,0,2,0,2.0,0
0.2857,55,0,0.3625,,9,0,2,0,3.0,0
0.475,68,0,0.4454,,9,0,1,0,2.0,0
0.0457,40,0,0.4649,6866.0,8,0,1,0,1.0,0
0.7786,56,0,0.2189,,8,0,0,0,1.0,0
0.5525,43,0,0.8643,,6,0,0,0,0.0,0
0.1724,34,0,0.5214,4925.0,7,0,0,0,0.0,0
0.5163,50,0,0.5163,3580.0,10,0,0,0,0.0,0
0.6385,48,0,0.0376,2254.0,4,0,1,0,1.0,1
0.3249,59,0,0.7425,,8,0,1,0,0.0,0
0.4939,79,0,0.3205,6916.0,6,0,1,0,1.0,0
0.4066,58,0,0.5498,3001.0,7,0,0,0,1.0,0
0.0102,51,0,0.7269,,6,0,0,0,2.0,0
0.6186,59,0,0.277,5502.0,8,0,1,0,0.0,0
0.6554,41,0,0.7645,12754.0,11,0,0,0,4.0,0
0.1534,62,0,0.1623,2091.0,8,0,1,0,0.0,0
1.0626,42,1,0.1928,9630.0,10,0,3,3,0.0,0
0.1325,56,0,0.1854,5155.0,14,0,1,0,2.0,0
0.0539,48,0,0.888,5522.0,5,0,0,0,0.0,0
0.1378,48,0,0.4344,,13,0,2,0,2.0,0
0.0482,74,0,0.2463,5407.0,9,0,1,0,1.0,0
0.3824,39,0,0.3434,7677.0,13,0,0,0,0.0,0
0.1038,58,0,0.6566,2000.0,8,0,2,0,0.0,0
0.1793,45,0,0.1106,3354.0,5,0,1,0,0.0,0
0.7967,64,0,0.5547,8203.0,15,0,0,0,0.0,0
0.5317,33,0,0.3967,,9,0,0,0,2.0,0
1.6709,47,2,0.7028,8737.0,12,0,2,0,1.0,0
0.5821,38,0,0.779,13208.0,7,0,2,0,0.0,0
0.1875,73,0,0.2999,2550.0,14,0,0,0,2.0,0
0.2491,69,0,0.2563,4987.0,3,0,0,0,0.0,0
0.258,41,0,0.2571,2312.0,8,0,2,0,0.0,0
0.2482,35,0,0.5733,,8,0,0,0,0.0,0
1.5067,45,0,0.5299,1660.0,12,0,0,0,0.0,0
0.0847,63,0,0.1907,3971.0,8,0,1,0,1.0,0
0.7577,55,0,0.3714,,6,0,1,0,3.0,0
0.2537,46,0,0.2959,4345.0,15,0,0,0,0.0,0
1.9332,67,0,0.9602,,11,0,3,0,0.0,0
7.2016,56,0,0.6042,,6,0,4,0,3.0,0
0.2023,40,0,0.7398,6471.0,10,0,1,0,2.0,0
0.736,23,0,0.5129,,7,0,0,0,0.0,0
0.1253,81,0,0.8275,3331.0,11,0,2,0,1.0,0
0.9796,48,0,0.3126,4360.0,6,0,0,0,0.0,0
0.5354,21,0,0.7712,8251.0,7,0,2,0,1.0,0
0.1583,56,0,0.2797,5453.0,10,0,2,0,0.0,0
0.4885,28,0,0.0509,10775.0,7,0,0,0,0.0,0
0.3392,70,0,0.4234,6621.0,10,0,0,0,2.0,0
6.2182,69,0,0.5121,12237.0,7,0,2,0,1.0,0
0.2385,49,0,0.5476,6222.0,5,0,0,0,0.0,0
1.7217,36,1,0.1817,4834.0,8,1,1,1,,0
1.0376,59,0,0.172,12398.0,9,0,3,0,2.0,0
0.3114,69,0,0.2959,2782.0,9,0,2,0,2.0,0
0.4278,51,0,0.9404,2151.0,16,0,1,0,0.0,1
0.2166,47,0,0.3936,3066.0,9,0,1,0,2.0,0
0.0765,41,0,0.399,7210.0,3,0,1,0,1.0,0
0.0037,47,0,0.3467,8314.0,12,0,0,0,0.0,0
0.064,50,0,0.336,4576.0,6,0,1,0,0.0,0
0.2923,45,0,0.536,4413.0,11,0,3,0,0.0,0
1.4473,38,0,0.0513,,8,0,1,0,0.0,0
0.1721,75,0,0.168,8008.0,8,0,1,0,0.0,0
0.0616,49,1,0.1482,7250.0,9,0,1,2,0.0,1
1.2177,45,0,0.4176,23890.0,8,0,1,0,0.0,0
0.3786,55,0,0.6286,3401.0,6,0,2,0,1.0,0
0.0623,55,0,0.4577,12303.0,5,0,1,0,0.0,0
0.5613,51,0,0.5178,2889.0,8,0,2,0,1.0,0
0.2432,36,0,0.638,9990.0,12,0,3,0,0.0,0
1.3869,52,0,0.4187,8066.0,8,0,2,0,0.0,0
0.478,54,0,0.7172,4393.0,6,0,0,0,2.0,1
0.4116,56,0,0.4438,6080.0,9,0,1,0,2.0,0
0.2474,56,0,0.6815,9767.0,9,0,2,0,2.0,0
1.24,55,0,0.6721,4820.0,8,0,4,0,0.0,0
6.2693,37,0,0.4197,4326.0,7,0,2,0,2.0,0
0.8713,88,0,0.4749,4337.0,10,0,0,0,3.0,0
0.232,58,0,0.4555,2853.0,11,0,0,0,1.0,0
0.3266,63,0,0.8799,9677.0,6,0,1,0,2.0,0
0.4737,61,0,0.5591,1539.0,7,0,2,0,0.0,0
0.4517,50,0,0.3384,2978.0,9,0,0,0,1.0,0
0.4087,38,0,0.343,8464.0,9,0,0,0,0.0,0
1.739,49,0,0.9203,6419.0,6,0,1,0,1.0,0
0.1747,39,0,0.5837,,12,0,1,0,0.0,0
0.1957,31,0,0.1211,,5,0,0,0,2.0,0
0.1409,81,0,0.6523,7178.0,8,0,3,0,0.0,0
2.0227,63,0,0.7739,6541.0,8,0,1,0,0.0,0
0.6351,53,0,1.1417,6127.0,8,0,1,0,0.0,0
0.1277,53,0,0.5342,5250.0,7,0,0,0,3.0,0
0.0712,61,0,0.3622,,6,0,4,0,0.0,0
0.299,50,0,0.9077,8433.0,11,0,0,0,2.0,0
0.3351,43,0,0.4538,5969.0,6,0,2,0,0.0,0
0.312,71,0,0.8465,11236.0,4,0,1,0,0.0,0
0.6513,39,0,0.2741,4333.0,7,0,1,0,0.0,0
0.39,68,0,0.1743,1578.0,7,0,1,0,1.0,0
0.1728,52,0,0.7811,6223.0,15,0,1,0,1.0,0
0.653,55,0,0.2822,3251.0,4,0,1,0,1.0,0
0.1611,47,0,0.5211,3313.0,9,0,0,0,0.0,0
0.0375,36,0,0.8823,4463.0,3,0,1,0,0.0,0
0.5308,41,0,0.5573,,6,0,2,0,1.0,1
0.2148,56,0,0.9292,4064.0,11,0,0,0,0.0,0
0.1912,40,0,0.6469,5218.0,7,0,0,0,0.0,0
0.8352,40,0,0.1487,5039.0,7,0,0,0,0.0,0
0.8682,62,0,0.5244,,6,0,0,0,0.0,0
0.0834,57,0,0.6011,,7,0,0,0,0.0,0
0.5613,34,0,0.8585,,9,0,0,0,3.0,0
0.8607,68,0,0.751,4989.0,15,0,0,0,2.0,0
0.7977,69,0,0.7149,,14,0,0,0,1.0,0
0.5524,48,0,0.3395,,6,0,1,0,2.0,1
0.4341,28,0,0.0145,2274.0,9,0,1,0,1.0,1
0.18,32,0,0.6037,1112.0,4,0,0,0,0.0,0
0.0779,44,0,0.4857,7037.0,11,0,0,0,0.0,0
0.4085,68,0,0.2004,3614.0,12,0,0,0,0.0,0
0.0851,54,0,0.2507,5210.0,11,0,3,0,2.0,0
4.6205,35,0,0.6725,4899.0,8,0,0,0,1.0,0
0.4321,72,0,1.0914,4948.0,7,0,2,0,0.0,0
0.2302,51,0,0.5738,7836.0,6,0,0,0,1.0,0
2.03,63,2,0.1643,,10,0,0,0,1.0,0
1.5717,47,1,0.2938,1881.0,9,0,1,0,0.0,0
0.2826,25,0,0.9621,14654.0,6,0,0,0,1.0,0
0.4759,27,0,1.0181,1396.0,11,0,1,0,0.0,0
0.5007,40,0,0.8525,2724.0,10,0,1,0,1.0,0
0.2279,56,0,0.1179,,10,0,2,0,0.0,0
4.8611,58,0,0.5057,12901.0,13,0,1,0,1.0,0
0.2558,78,0,0.5739,3900.0,8,0,0,0,2.0,0
1.2658,52,0,0.6432,5281.0,8,0,1,0,2.0,0
0.8299,51,0,0.0962,5499.0,9,0,1,0,0.0,0
0.2564,38,0,0.9111,9169.0,5,0,1,0,0.0,0
0.0151,65,0,0.246,,4,0,0,0,,0
0.4105,72,0,0.2567,4343.0,7,0,0,0,1.0,0
3.2805,43,0,0.2914,6640.0,13,0,1,0,1.0,0
0.852,50,0,0.5458,3653.0,7,0,0,0,0.0,0
0.2243,57,0,0.2924,3822.0,9,0,0,0,0.0,0
0.4629,41,0,0.577,3049.0,10,0,0,0,2.0,1
0.3166,27,0,0.936,15389.0,7,0,1,0,1.0,0
0.6042,54,0,0.1922,5017.0,2,0,1,0,1.0,0
0.0547,60,0,0.1919,3345.0,8,0,1,0,0.0,0
0.2899,39,0,0.3631,4298.0,13,0,1,0,0.0,0
0.3784,52,0,0.1837,,10,0,0,0,1.0,0
0.0892,81,0,0.3047,4803.0,7,0,0,0,1.0,0
0.7442,67,0,0.8849,5974.0,8,0,1,0,2.0,0
0.5177,59,0,0.4571,,4,0,2,0,0.0,0
0.1071,44,0,0.8173,6213.0,9,0,3,0,0.0,0
0.183,61,0,0.6304,10878.0,8,0,1,0,0.0,0
0.1136,29,0,0.485,,7,0,0,0,1.0,0
0.0552,51,0,0.5165,2724.0,11,0,1,0,1.0,0
0.3611,45,0,0.6082,,6,0,0,0,0.0,0
0.4927,62,0,0.2639,6896.0,6,0,0,0,2.0,0
0.1744,21,1,0.2742,3765.0,10,0,1,0,0.0,0
0.2838,87,0,0.1071,5530.0,9,0,0,1,1.0,1
0.4485,46,0,0.3841,3828.0,5,0,3,0,3.0,0
0.3321,75,0,0.3257,,8,0,0,0,0.0,0
0.1143,62,0,0.4815,,3,0,1,0,3.0,0
0.7985,56,0,0.5247,5367.0,5,0,0,0,2.0,0
0.2292,55,0,1.021,3216.0,6,0,0,0,0.0,0
0.1413,53,0,0.1835,7369.0,6,0,2,1,0.0,0
0.4325,45,0,0.0503,3999.0,8,0,0,0,0.0,0
0.9881,58,0,0.1776,,9,0,1,0,1.0,0
0.4531,49,0,0.5714,,11,0,0,0,2.0,1
0.2916,60,0,0.4755,15727.0,10,0,0,0,0.0,0
0.7235,58,0,0.1776,13897.0,8,0,0,0,2.0,0
1.2649,46,0,0.5078,7160.0,3,0,0,0,1.0,0
0.5713,45,0,1.0965,10305.0,6,0,2,0,1.0,0
0.4736,56,0,0.1843,,10,0,2,0,1.0,0
2.3161,58,0,0.4711,3466.0,3,0,1,0,0.0,0
0.4281,45,0,0.2002,,8,0,1,0,1.0,0
0.3253,38,0,0.366,1800.0,9,0,1,0,0.0,0
1.9403,56,0,0.3718,,9,0,2,0,2.0,0
0.2652,57,0,0.7013,6218.0,5,0,0,0,0.0,0
7.0548,54,2,0.5452,,8,1,1,0,2.0,1
0.4773,51,0,0.3891,7639.0,7,0,0,0,0.0,0
0.2048,63,0,0.4541,5289.0,5,0,1,0,1.0,0
2.2443,38,0,0.4346,6530.0,12,0,1,0,0.0,1
0.1782,40,0,0.4774,8278.0,6,0,0,0,0.0,0
0.0003,44,0,0.7039,2413.0,6,0,1,0,0.0,0
0.5439,50,0,0.5084,6051.0,12,0,1,0,4.0,0
0.2762,43,0,0.723,7149.0,6,0,0,0,1.0,0
0.2454,43,0,0.3196,3138.0,8,0,1,0,1.0,0
0.4951,65,0,0.7988,4212.0,7,0,2,0,0.0,0
0.2052,51,0,0.3595,3275.0,9,0,3,0,2.0,0
0.8134,63,0,0.1789,,6,0,1,0,1.0,0
0.3478,52,0,0.1655,7433.0,9,0,1,0,1.0,0
0.2927,42,0,0.7362,3149.0,6,0,0,0,1.0,0
0.3473,68,0,0.4725,,10,0,1,0,2.0,0
0.438,46,0,0.27,,5,0,1,0,1.0,0
1.5148,57,0,1.0481,9603.0,6,0,0,0,1.0,0
0.8857,62,0,0.1125,9468.0,11,0,1,0,1.0,0
0.1195,49,0,0.5578,1324.0,14,0,2,0,0.0,0
0.499,48,0,0.2296,4721.0,5,0,1,0,1.0,0
0.2945,41,0,0.6883,3279.0,14,0,0,0,3.0,0
0.5246,53,0,0.8816,11044.0,6,0,1,0,1.0,0
0.1282,41,0,0.5791,6400.0,5,0,0,0,,0
0.1691,48,0,0.6477,4307.0,6,0,1,0,1.0,0
0.6248,47,0,0.1852,4698.0,8,0,0,0,1.0,0
0.1861,44,0,0.548,9183.0,6,0,2,0,1.0,0
0.5935,56,0,0.6655,2563.0,10,0,0,0,0.0,1
4.8675,68,0,0.2198,8184.0,4,0,0,0,0.0,0
0.0772,63,0,0.2056,2376.0,7,0,2,0,0.0,0
1.0711,25,0,0.4074,1912.0,11,0,2,0,0.0,0
2.2937,53,0,0.4602,,5,0,1,0,1.0,0
0.7371,83,0,0.1334,2648.0,5,0,0,0,1.0,0
0.6988,53,0,0.293,4334.0,8,0,1,0,2.0,0
0.8858,47,2,0.2821,7102.0,6,0,0,2,1.0,0
0.0567,70,0,0.3904,,11,0,0,0,2.0,0
0.1491,52,0,0.7843,4604.0,10,0,2,0,0.0,0
0.5928,68,0,1.2523,,17,0,0,0,2.0,0
0.1494,50,0,0.1743,7726.0,8,0,0,0,1.0,0
0.101,58,0,0.4529,9251.0,5,0,1,0,0.0,0
0.1339,43,0,0.7674,2699.0,8,0,0,0,0.0,0
7.7878,66,0,0.4307,4842.0,10,0,0,0,0.0,0
0.2887,51,0,0.2806,2113.0,8,0,0,0,,0
0.6618,54,0,0.543,2961.0,5,0,4,0,0.0,0
0.361,65,0,0.7786,2466.0,9,0,4,0,0.0,0
0.8321,58,0,0.5172,,9,0,0,0,0.0,1
0.0291,50,0,0.1755,,8,0,1,0,0.0,0
0.3985,33,0,1.0138,5086.0,9,0,0,0,1.0,0
0.8209,50,0,1.1167,5991.0,9,0,1,0,0.0,0
0.6861,47,0,0.1016,8987.0,8,0,2,0,0.0,0
0.1052,52,0,0.7792,3369.0,5,0,1,0,1.0,0
0.9323,49,1,0.5235,2781.0,8,0,2,0,0.0,0
0.3066,70,0,0.7493,,4,0,0,0,3.0,0
0.0535,59,0,0.5473,7636.0,9,0,1,0,0.0,0
2.2067,47,0,0.4787,5983.0,9,0,2,0,1.0,0
0.1453,62,0,0.6985,22844.0,10,0,0,0,0.0,0
4.0048,72,0,0.9635,4202.0,5,0,0,0,1.0,0
1.2684,43,0,0.2957,5273.0,9,0,1,0,2.0,0
0.4085,49,0,0.268,15516.0,10,0,2,0,1.0,0
0.0453,42,0,0.5724,7270.0,9,0,1,0,3.0,0
0.6266,57,0,0.2939,3878.0,7,0,0,0,0.0,0
0.7388,81,0,0.1643,2689.0,6,0,0,0,1.0,0
0.7097,69,0,0.3848,,12,0,1,0,1.0,0
0.153,48,0,0.379,,10,0,0,0,1.0,0
2.8092,61,0,0.3404,7480.0,5,0,1,0,0.0,0
0.8814,69,0,0.1926,,9,0,0,0,1.0,0
0.2934,29,0,0.7241,2484.0,8,0,1,0,0.0,0
0.8028,38,0,0.535,4821.0,6,0,2,0,1.0,0
0.5028,65,0,0.5067,3983.0,8,0,0,0,0.0,0
4.5154,31,2,0.9592,5366.0,7,0,0,1,2.0,0
0.2191,53,0,0.4645,13800.0,4,0,3,0,0.0,0
0.5139,62,0,0.2558,5815.0,11,0,0,0,2.0,0
0.3626,57,0,0.2911,13901.0,2,0,0,0,1.0,0
0.6119,51,0,0.2789,4265.0,4,0,0,0,4.0,0
0.3401,71,0,0.7918,5401.0,7,0,0,0,0.0,0
0.15,64,0,0.1752,,7,0,2,0,0.0,0
0.4096,83,0,0.7355,4333.0,8,0,1,0,0.0,0
3.9466,36,0,0.5797,,8,0,0,0,1.0,0
0.4865,45,0,0.4923,,7,0,1,0,1.0,0
1.2944,51,0,0.4793,3583.0,6,0,1,0,0.0,0
2.5159,70,0,0.163,,3,0,0,0,2.0,0
0.1914,62,0,0.2287,4056.0,10,0,0,0,1.0,0
2.9706,46,0,0.1618,6576.0,9,0,2,0,0.0,0
0.1811,38,0,1.1849,7170.0,3,0,1,0,1.0,0
0.3594,37,0,0.7666,6667.0,14,0,0,0,0.0,0
0.5801,76,0,0.6038,,5,0,1,0,2.0,1
0.1456,52,0,0.8377,,9,0,1,0,0.0,0
0.5361,55,0,0.6619,,9,0,0,0,1.0,1
0.4273,38,3,0.4081,4925.0,7,1,0,0,0.0,0
0.8768,52,0,0.5547,2834.0,8,0,2,0,0.0,1
0.375,40,0,0.6692,4620.0,11,0,1,0,1.0,0
0.1292,54,0,0.0788,11382.0,13,0,0,0,3.0,0
0.05,47,0,0.3037,4952.0,8,0,1,0,0.0,0
0.1524,42,0,0.8874,3507.0,8,0,1,0,0.0,0
0.1655,69,0,0.5451,5591.0,8,0,1,0,0.0,0
0.1211,70,0,0.6263,4738.0,9,0,2,0,2.0,0
0.7095,59,0,0.8996,1479.0,6,0,0,0,0.0,1
0.042,27,0,0.2468,5074.0,10,0,1,0,0.0,0
0.0105,37,0,0.3196,2058.0,12,0,0,0,1.0,0
0.6124,38,0,0.4257,19109.0,5,0,0,0,0.0,0
1.0192,78,0,1.1695,3835.0,7,0,0,0,0.0,1
0.717,67,1,0.3665,6933.0,7,0,1,1,3.0,0
0.093,71,0,0.9165,5052.0,2,0,1,0,0.0,0
0.2181,42,0,0.2526,2934.0,11,0,0,0,0.0,0
0.6893,31,0,0.5037,4004.0,3,0,1,0,4.0,0
0.9757,66,0,0.8415,,11,0,1,0,,0
0.5447,21,0,0.4398,7999.0,8,0,2,0,0.0,0
0.2802,53,0,0.9597,2351.0,10,0,0,0,0.0,0
0.1013,60,0,0.9866,5229.0,8,0,0,0,1.0,0
0.2455,36,0,0.0682,11654.0,10,0,0,0,0.0,0
0.5865,73,0,0.1771,,5,0,0,0,1.0,0
0.5486,48,0,0.4908,2158.0,6,0,1,0,0.0,1
0.1747,57,0,0.9585,3329.0,8,0,3,0,0.0,0
0.2898,59,0,0.5844,10027.0,7,0,2,0,1.0,0
0.4274,55,0,0.8635,9892.0,8,0,0,0,1.0,0
0.4055,44,0,0.8038,5526.0,12,0,2,0,0.0,0
1.3853,41,0,0.1666,4397.0,7,0,0,0,2.0,0
0.2476,57,0,0.7595,14681.0,10,0,2,0,1.0,0
0.5032,61,0,0.348,6278.0,6,0,0,0,0.0,0
3.1777,66,0,0.5877,6410.0,9,0,1,0,2.0,0
9.0887,50,0,1.065,5517.0,8,0,1,0,1.0,0
1.3613,53,0,0.408,3125.0,5,0,0,0,0.0,0
0.4685,40,0,0.4567,6372.0,10,0,3,0,1.0,0
0.3662,66,0,0.845,11619.0,5,0,1,0,0.0,0
0.8792,40,0,0.479,3028.0,8,0,2,0,0.0,0
0.5533,60,0,0.4662,2297.0,9,0,3,0,1.0,0
0.5639,66,0,0.1147,5748.0,13,0,1,0,1.0,0
0.3626,66,0,0.4964,7084.0,12,0,1,0,2.0,0
0.524,33,0,0.0658,,9,0,0,0,0.0,0
0.0994,30,0,0.5652,4011.0,6,0,0,0,1.0,0
2.173,39,0,0.191,,5,0,2,0,2.0,0
0.1726,37,1,0.4259,3354.0,7,2,1,1,1.0,0
0.1828,82,0,0.4452,14866.0,4,0,0,0,0.0,0
0.2104,57,0,0.262,7937.0,8,0,1,0,0.0,0
0.1278,34,0,0.2863,1464.0,9,0,1,0,1.0,0
0.2598,38,0,0.8482,2447.0,11,0,1,0,0.0,0
0.5145,74,0,0.168,,6,0,1,0,0.0,0
0.1292,70,0,0.5939,13961.0,7,0,2,0,0.0,0
0.1162,33,0,0.8672,,10,0,1,0,1.0,0
0.3133,63,0,0.2464,6787.0,12,0,0,0,0.0,0
0.4496,48,0,0.5371,5025.0,10,0,0,0,1.0,0
0.3705,49,0,0.4393,7550.0,7,0,0,0,0.0,0
0.2596,33,0,0.5278,12557.0,8,0,2,0,0.0,0
0.1564,46,0,0.3354,3754.0,12,0,1,0,0.0,0
0.2927,38,0,0.471,,6,0,1,0,1.0,0
0.1023,70,0,0.3929,8481.0,5,0,2,0,1.0,0
0.5685,38,1,0.4646,11510.0,7,1,0,0,,0
0.0527,68,0,0.4824,4183.0,9,0,0,0,0.0,0
0.1831,47,0,0.3159,2620.0,7,0,1,0,3.0,0
0.289,25,0,0.5441,3128.0,6,0,2,0,2.0,0
1.7009,43,0,0.4676,13791.0,6,0,1,0,0.0,0
0.2899,34,0,0.3066,2147.0,8,0,2,0,0.0,0
1.0467,58,0,0.3237,9368.0,3,0,1,0,1.0,0
0.3712,35,0,0.6966,2217.0,8,0,0,0,0.0,0
1.9783,45,0,0.3105,2775.0,7,0,1,0,0.0,0
0.3463,56,0,0.0744,6339.0,7,0,1,0,0.0,0
0.218,34,2,0.4097,6390.0,6,0,2,0,0.0,0
0.826,70,0,0.3179,5175.0,5,0,2,0,2.0,1
0.151,54,0,0.7845,2497.0,5,0,0,0,2.0,0
0.5419,52,0,0.3666,4139.0,6,0,0,0,0.0,0
0.2772,30,0,0.4658,6142.0,12,0,1,0,1.0,0
0.3501,44,0,0.2073,,12,0,0,0,0.0,0
0.1591,47,0,0.6953,2320.0,8,0,1,0,,0
1.7812,34,1,0.4524,5343.0,5,1,1,0,1.0,0
0.6853,63,0,0.3436,6331.0,9,0,1,0,1.0,0
0.0835,51,0,0.8207,2998.0,3,0,1,0,4.0,0
0.8373,39,0,0.7928,2746.0,6,0,0,0,2.0,1
0.0171,46,3,0.4434,,11,0,1,0,0.0,0
0.4108,51,0,0.0468,2381.0,7,0,0,0,0.0,0
0.5654,79,0,0.5481,3356.0,6,0,1,0,1.0,1
0.606,56,0,1.1624,,8,0,0,0,1.0,0
0.4863,39,0,0.2741,,11,0,1,0,1.0,0
0.8798,41,0,0.9184,4643.0,10,0,0,0,1.0,0
2.512,45,0,0.7204,5500.0,12,0,0,0,0.0,0
0.1588,59,0,0.6335,4309.0,13,0,0,0,0.0,0
0.0602,56,0,0.7104,6858.0,6,0,2,0,3.0,0
0.3205,57,0,0.3874,1004.0,7,0,0,0,0.0,0
0.41,49,0,0.412,7155.0,8,0,1,0,0.0,0
0.5841,29,0,0.1796,5925.0,8,0,1,0,2.0,1
0.0487,58,0,0.3428,4724.0,5,0,3,0,2.0,0
4.9052,40,0,0.3152,8120.0,5,0,1,0,1.0,0
0.3449,58,0,0.4178,1320.0,7,0,0,0,0.0,0
0.1629,33,0,0.3028,9016.0,9,0,1,0,1.0,0
0.4659,50,2,0.5345,7292.0,9,1,2,0,1.0,0
2.0077,61,0,1.0051,3217.0,9,0,0,0,1.0,0
0.882,78,0,0.8142,2900.0,5,0,2,0,1.0,1
0.6976,43,0,0.9653,4844.0,12,0,0,0,1.0,0
0.1128,71,0,0.6162,3423.0,7,0,0,0,0.0,0
0.0147,65,0,0.2188,19191.0,10,0,2,0,3.0,0
0.4283,46,0,0.4654,6131.0,9,0,0,0,0.0,0
4.6439,51,0,0.279,2440.0,11,0,1,0,0.0,0
0.1705,43,0,0.1477,3967.0,5,0,2,0,1.0,0
0.0642,41,0,0.061,5589.0,13,0,1,0,1.0,1
0.3967,30,0,0.8624,,7,0,1,0,0.0,0
0.2871,37,0,0.5143,3995.0,8,0,1,0,1.0,0
0.5098,21,0,0.7902,,6,0,1,0,1.0,1
0.4188,53,0,0.4453,4567.0,10,0,0,0,1.0,0
0.013,72,0,0.7498,17059.0,5,0,0,0,0.0,0
0.4061,54,0,0.5366,,7,0,0,0,0.0,0
0.6703,52,0,0.7844,5632.0,8,0,2,0,2.0,0
0.155,43,0,0.4162,3061.0,11,0,3,0,1.0,0
0.4016,78,0,0.0839,,5,0,3,0,2.0,0
0.4966,66,0,0.5218,8632.0,12,0,0,0,2.0,0
0.0076,33,0,0.3924,8305.0,7,0,0,0,1.0,0
0.2693,81,0,0.5156,4761.0,7,0,0,0,1.0,0
0.1584,73,0,0.5147,5566.0,14,0,1,0,2.0,0
0.201,37,0,0.497,2498.0,11,0,2,0,,0
0.6422,62,0,0.469,3068.0,6,0,2,0,1.0,0
5.7501,49,0,0.7254,4561.0,7,0,0,0,1.0,0
0.9766,24,0,0.8221,,9,0,3,0,2.0,1
0.4276,39,0,0.4768,1560.0,10,0,0,0,1.0,1
0.2778,62,0,0.1741,,7,0,0,0,0.0,0
2.4256,60,0,0.4017,4399.0,7,0,0,0,1.0,0
0.1909,90,0,0.6125,7498.0,8,0,0,0,1.0,0
0.2475,54,0,0.2293,7183.0,3,0,2,0,0.0,0
0.4341,26,0,1.1196,3539.0,8,0,0,0,1.0,0
0.1088,38,0,0.2768,,8,0,1,0,1.0,0
0.6539,45,0,0.3211,1450.0,12,0,0,0,0.0,0
0.6451,47,1,0.1292,,6,0,0,0,1.0,0
0.4926,47,2,0.3579,7473.0,4,0,3,1,0.0,0
0.1035,56,0,0.4818,6795.0,3,0,1,0,1.0,0
0.2545,72,0,0.2655,10969.0,4,0,1,0,,0
0.2827,57,0,0.7591,,7,0,1,0,0.0,0
0.0587,24,0,0.1556,,5,0,3,0,0.0,0
0.648,56,0,0.3819,12299.0,8,0,0,0,0.0,0
0.1428,26,0,0.7022,,9,0,0,0,0.0,0
0.2907,42,0,0.0958,,9,0,0,0,0.0,0
5.44,76,0,0.1252,25671.0,6,0,1,0,1.0,1
0.2167,23,0,0.1243,,3,0,2,0,1.0,0
0.3397,78,0,0.319,3261.0,7,0,2,0,0.0,0
4.8942,58,0,0.4696,3845.0,12,0,1,0,0.0,0
0.6993,56,0,0.475,15273.0,7,0,0,0,2.0,0
0.4805,32,0,0.581,10794.0,7,0,1,0,0.0,0
0.2968,52,0,1.1591,7933.0,8,0,0,0,0.0,0
1.6082,44,0,0.7116,11243.0,8,0,1,2,1.0,0
1.7248,39,0,0.7315,,10,0,1,0,0.0,0
0.0399,49,0,0.6434,5582.0,8,0,1,0,1.0,0
1.1155,84,0,0.3541,6940.0,8,0,0,0,0.0,0
0.1253,62,0,0.6214,4950.0,11,0,4,0,1.0,0
0.5935,48,0,1.167,41955.0,4,0,0,0,1.0,0
0.384,56,0,0.5915,,10,0,1,0,1.0,0
0.7884,45,0,0.1363,3105.0,8,0,3,0,0.0,0
0.1518,61,0,0.3873,,14,0,0,0,0.0,0
0.192,34,0,0.6267,7151.0,10,0,0,0,1.0,0
0.0053,63,0,0.3862,5538.0,8,0,2,0,2.0,0
0.7442,29,0,0.1596,6868.0,6,0,1,0,1.0,0
0.3518,47,0,0.8764,5876.0,6,0,5,0,0.0,0
0.1035,66,0,0.9371,12424.0,7,0,1,0,0.0,0
0.3576,76,0,0.3748,3512.0,7,0,1,0,1.0,0
0.9837,21,0,0.7246,5764.0,4,0,1,1,1.0,0
0.3156,34,0,0.1607,7317.0,11,0,1,0,0.0,0
0.5818,51,0,1.148,3495.0,14,0,1,0,1.0,0
0.2893,61,0,0.7992,6404.0,5,0,3,0,1.0,0
0.1273,42,0,0.3567,4361.0,9,0,0,0,2.0,0
2.3086,51,0,0.8506,3943.0,6,0,2,0,3.0,0
0.0821,51,0,0.3957,12635.0,2,0,1,0,1.0,0
0.1453,50,0,0.5955,10846.0,6,0,1,0,1.0,0
0.0072,51,0,1.2614,,5,0,2,0,1.0,0
0.0388,52,0,0.5739,5199.0,8,0,1,0,1.0,0
0.5984,74,0,0.7388,8853.0,11,0,1,0,1.0,0
1.8419,49,2,0.4621,4386.0,6,1,2,0,0.0,0
0.4327,69,0,0.4936,1942.0,6,0,1,0,1.0,1
0.6723,51,0,0.5647,5318.0,5,0,1,0,0.0,0
0.2923,42,0,0.5117,3403.0,9,0,1,0,1.0,0
1.0485,48,0,0.5253,,11,0,2,0,0.0,1
1.705,28,0,0.5132,9152.0,6,0,1,0,0.0,0
0.8861,37,0,0.6933,5788.0,7,0,4,0,0.0,0
0.3827,42,0,0.5643,2840.0,5,0,1,0,0.0,0
0.6478,54,0,0.9034,5695.0,10,0,3,0,1.0,0
0.1396,75,0,0.5668,4449.0,7,0,1,0,1.0,0
0.0902,47,0,0.518,3223.0,3,0,2,0,0.0,0
0.1389,37,0,0.1575,4472.0,8,0,1,0,0.0,0
0.8855,64,0,0.3434,3530.0,5,0,2,0,0.0,0
0.4902,55,0,1.2647,,8,0,0,0,0.0,1
0.0803,68,1,0.4745,13732.0,9,0,1,0,2.0,0
0.484,66,0,0.4203,10969.0,2,0,0,0,2.0,0
2.4331,60,0,1.021,2818.0,11,0,1,0,0.0,0
0.2731,57,0,0.2792,4391.0,4,0,0,0,1.0,0
0.0642,66,0,0.5343,13750.0,7,0,0,0,1.0,0
0.8313,65,0,0.925,7070.0,9,0,0,0,0.0,0
0.3022,65,0,0.4039,5783.0,10,0,2,0,1.0,0
0.858,65,0,0.1993,5595.0,13,0,0,0,2.0,0
0.5341,51,0,0.9685,,10,0,2,0,2.0,0
0.1942,41,0,0.6162,,5,0,1,0,1.0,0
0.3458,52,0,0.7161,2887.0,6,0,1,0,2.0,0
0.6557,46,0,0.5414,21197.0,1,0,1,0,1.0,0
0.172,39,0,0.4045,8070.0,9,0,0,0,1.0,0
0.7368,74,0,1.07,5995.0,4,0,1,0,1.0,0
0.7762,52,0,0.68,4436.0,9,0,1,0,2.0,0
0.8214,37,0,1.2185,6033.0,7,3,0,0,3.0,0
0.1045,71,0,0.7297,5583.0,11,0,3,0,0.0,0
0.4487,54,0,0.4446,5407.0,5,0,3,0,,0
0.2901,66,0,0.4904,12980.0,6,0,0,0,1.0,0
0.0913,47,0,0.0977,5002.0,11,0,1,0,3.0,0
0.8222,60,0,0.1078,6039.0,5,0,1,0,0.0,0
0.0099,61,0,0.6488,1994.0,9,0,0,0,0.0,0
4.3684,53,0,0.8905,,6,0,1,0,0.0,0
0.2325,43,0,0.9023,7132.0,12,0,1,0,1.0,0
0.1406,58,0,0.2809,2243.0,6,0,1,0,0.0,0
0.4478,60,0,0.443,,11,0,1,0,1.0,0
0.04,35,0,0.1924,10826.0,6,0,1,0,1.0,0
14.1577,86,0,1.1826,10215.0,16,0,1,0,0.0,0
0.2215,75,0,0.2044,2139.0,8,0,0,0,0.0,0
0.817,54,0,0.946,2802.0,6,0,2,0,3.0,0
0.923,64,0,0.4346,5811.0,3,0,0,0,0.0,0
0.6258,52,0,0.1949,6863.0,6,0,0,0,3.0,0
0.1699,43,0,0.0652,2682.0,6,0,0,0,1.0,0
0.34,65,0,0.2494,3271.0,6,0,0,0,1.0,0
0.1764,41,0,0.431,10453.0,6,0,2,0,2.0,0
0.7136,57,0,0.5413,4831.0,14,0,2,0,1.0,0
0.583,43,0,0.5249,,10,0,0,0,0.0,0
0.2048,40,0,0.6548,,7,0,1,0,1.0,0
2.2446,54,0,0.8865,5141.0,11,0,0,0,1.0,0
0.4774,67,0,0.3179,8668.0,8,0,1,0,1.0,0
0.0006,56,0,0.7394,2927.0,11,0,3,0,0.0,0
0.1902,53,0,0.675,6549.0,13,0,0,0,,0
0.4238,27,0,0.6337,,8,0,3,0,0.0,1
0.3531,49,1,0.5434,4323.0,5,0,1,0,0.0,0
0.6732,32,0,0.9987,6213.0,13,0,1,0,0.0,0
0.7185,53,0,0.2944,,9,0,1,0,0.0,0
0.3221,52,0,0.4991,1087.0,5,0,3,0,1.0,0
0.3259,51,0,0.2781,16659.0,15,0,4,0,0.0,0
0.2774,52,0,0.1228,12488.0,9,0,1,0,0.0,1
0.615,59,0,0.7189,3667.0,9,0,2,0,0.0,0
0.1125,60,0,0.7477,,5,0,0,0,1.0,0
0.0172,57,0,0.5697,3060.0,11,0,0,0,0.0,0
0.5335,66,0,0.1947,5896.0,12,0,1,0,1.0,0
1.8487,21,0,0.6749,5621.0,5,0,1,0,0.0,0
0.0887,38,0,0.5486,,7,0,1,0,1.0,0
0.5297,58,0,0.745,3954.0,11,0,1,0,0.0,0
1.0577,52,0,0.3722,,4,0,1,0,1.0,0
4.6328,40,0,0.6018,5091.0,12,0,1,0,0.0,0
0.678,58,2,0.8343,5138.0,7,0,0,0,0.0,0
0.4374,62,0,0.1544,5620.0,5,0,1,0,,0
0.2394,41,0,0.7126,4083.0,6,0,1,0,1.0,0
0.2485,43,0,0.5065,4324.0,10,0,4,0,0.0,0
0.1482,29,0,0.9251,23320.0,8,0,1,0,0.0,0
0.5341,51,0,0.5568,5419.0,7,0,0,0,4.0,1
1.2975,51,0,0.8177,5376.0,9,0,2,0,1.0,1
0.0488,37,1,1.3353,,3,0,1,0,,0
5.2452,45,0,0.292,2161.0,7,0,2,0,0.0,0
2.8257,51,0,0.4024,2405.0,9,0,0,0,0.0,0
0.143,65,0,0.1953,3104.0,8,0,0,0,1.0,0
1.4706,47,0,0.226,5151.0,9,0,0,0,1.0,0
0.1569,39,0,0.2491,,6,0,1,0,0.0,0
0.1619,73,0,0.0466,4071.0,15,0,1,0,1.0,0
0.1625,62,0,0.8279,10986.0,8,0,1,0,0.0,0
0.8011,34,0,0.4199,9928.0,3,0,0,0,0.0,0
2.2976,62,0,0.718,,10,0,3,0,0.0,1
0.3536,45,0,0.2176,7099.0,7,0,5,0,0.0,0
2.2134,66,0,0.5504,6229.0,10,0,0,0,0.0,0
0.2916,46,0,0.3611,8368.0,6,0,1,0,0.0,0
8.6929,27,0,0.5751,9352.0,5,0,0,0,3.0,0
0.2284,44,0,0.4277,4705.0,6,0,2,0,2.0,0
0.1259,40,0,0.7779,3778.0,9,0,1,0,1.0,0
0.2459,43,0,0.672,,8,0,1,0,1.0,0
0.1011,21,0,0.3797,,7,0,0,0,0.0,0
0.1071,50,0,0.4963,5833.0,6,0,1,0,3.0,0
1.5655,23,0,0.3156,2718.0,7,0,1,0,0.0,0
0.0601,50,0,0.7041,,5,0,1,0,1.0,0
0.3077,21,4,0.8213,4791.0,4,0,1,0,1.0,1
0.1273,37,0,0.2825,5270.0,6,0,1,0,0.0,0
2.7047,60,1,0.202,,8,0,0,0,1.0,0
0.1389,62,0,0.3467,1818.0,15,0,0,0,,0
0.4647,41,0,0.4068,2721.0,5,0,2,0,1.0,0
2.7416,60,1,0.7229,4448.0,16,0,0,2,3.0,0
0.2305,26,0,0.2048,6416.0,17,0,0,0,1.0,0
1.7098,66,0,0.4748,,9,0,0,0,0.0,0
0.3335,68,0,0.4625,19586.0,6,0,1,0,0.0,0
4.4945,49,3,0.3459,,5,0,2,0,0.0,0
0.3847,46,0,0.427,4677.0,8,0,0,0,0.0,0
2.852,21,0,0.0866,1921.0,8,0,2,0,2.0,1
0.4899,51,0,0.5651,,9,0,1,0,0.0,0
0.031,61,0,0.1435,6780.0,3,0,0,0,1.0,0
0.0527,57,0,0.025,12024.0,13,0,1,0,1.0,0
0.0261,54,0,0.4396,5847.0,9,0,0,0,0.0,0
0.5029,32,0,0.472,4996.0,7,0,1,0,0.0,0
1.2998,54,1,0.3948,9928.0,5,0,0,1,1.0,0
3.6881,40,0,1.5762,,5,0,2,0,0.0,1
0.7345,72,0,0.673,4462.0,8,0,2,0,0.0,1
0.2385,60,0,0.6666,13719.0,8,0,1,0,3.0,0
0.7529,56,0,0.337,17285.0,9,0,1,0,0.0,0
1.7687,53,0,0.659,5606.0,6,0,0,0,2.0,0
0.0281,39,0,0.6928,13192.0,7,0,0,0,2.0,0
0.1723,41,0,0.4014,,11,0,0,0,2.0,0
0.2453,79,0,0.3919,5639.0,4,0,2,0,1.0,0
0.4776,39,0,0.4641,5325.0,9,0,1,0,0.0,0
0.8655,52,0,0.6087,6243.0,8,0,1,0,3.0,0
0.6312,53,0,0.9373,6012.0,6,0,0,0,0.0,0
0.0102,52,0,0.4194,,10,0,0,0,2.0,0
0.5743,54,0,0.3995,4523.0,7,0,0,0,0.0,0
0.534,78,0,0.0949,,3,0,2,0,2.0,0
0.2321,54,0,0.4005,4055.0,13,0,3,0,1.0,0
2.2301,59,0,0.3217,7602.0,12,0,2,0,1.0,0
1.1737,48,0,0.2287,1960.0,9,0,1,0,1.0,0
0.1459,49,0,0.2063,2244.0,5,0,0,0,0.0,0
0.3995,59,0,0.3506,6347.0,5,0,0,0,0.0,0
3.7196,72,0,1.2154,2602.0,4,0,0,0,1.0,1
0.1066,70,0,1.0184,14850.0,5,0,1,0,0.0,0
3.8701,21,0,0.1707,9705.0,6,0,0,0,0.0,0
0.2825,29,0,0.7689,2988.0,9,0,2,0,1.0,0
0.157,81,0,0.1588,,4,0,1,0,2.0,0
0.138,45,0,0.9302,11361.0,4,0,2,0,2.0,0
0.2673,47,0,0.7219,4654.0,7,0,3,0,0.0,0
0.3209,44,0,0.7889,4182.0,5,0,0,0,0.0,0
0.5611,34,0,0.8917,,9,0,2,0,0.0,0
0.0642,41,0,0.1805,7057.0,11,0,3,0,,0
0.9719,44,0,0.4247,,10,0,0,0,1.0,0
1.5004,45,0,0.4025,,9,0,1,0,1.0,0
0.3393,38,0,0.3291,14041.0,8,0,0,0,2.0,0
0.6482,65,0,0.3804,2103.0,8,0,0,0,1.0,1
4.0377,51,0,0.8233,8219.0,2,0,0,0,1.0,0
0.6719,54,0,0.7181,5514.0,5,0,0,0,1.0,0
0.7287,53,0,0.2367,6791.0,5,0,1,0,0.0,0
0.0379,45,0,0.2583,5045.0,8,0,1,0,0.0,0
1.8386,42,0,0.2493,3272.0,4,0,0,0,3.0,0
0.6621,31,0,0.2759,6390.0,5,0,0,0,0.0,0
0.4923,62,0,0.2463,4715.0,11,0,2,0,,0
0.0335,50,0,0.3828,2363.0,2,0,0,0,0.0,0
0.3402,69,0,0.7583,2910.0,15,0,2,0,1.0,0
2.4055,57,0,0.4854,4530.0,12,0,1,0,0.0,0
1.1272,74,0,0.3119,4366.0,9,0,4,0,0.0,0
0.3296,47,0,0.3448,9777.0,7,0,2,0,3.0,0
0.1686,38,0,0.1166,13326.0,6,0,1,0,0.0,0
0.3292,78,0,0.2184,5311.0,8,0,1,0,0.0,0
1.1272,68,0,0.4586,,12,0,0,0,1.0,0
0.5452,26,0,0.2264,5847.0,9,0,4,0,0.0,0
0.1103,58,0,0.3607,8808.0,16,0,1,0,0.0,0
0.3546,62,0,0.3886,4222.0,7,0,0,0,0.0,0
0.0402,49,0,0.4877,,6,0,0,0,0.0,0
1.215,34,0,0.2549,4426.0,4,0,0,0,2.0,0
0.1918,49,0,0.9323,7481.0,5,0,0,0,3.0,0
0.2805,55,0,0.4986,,3,0,2,0,1.0,0
0.7633,42,0,0.2645,7997.0,5,0,1,0,0.0,0
0.3399,62,0,0.4462,3447.0,6,0,0,0,2.0,0
0.3188,30,0,0.3341,,5,0,1,0,0.0,0
0.6589,54,0,0.769,2926.0,11,0,1,0,3.0,0
0.4165,79,0,0.3358,6845.0,11,0,2,0,0.0,0
0.2293,60,0,0.7655,11334.0,9,0,0,0,1.0,0
10.2771,72,0,0.8451,,3,0,1,0,0.0,0
0.113,50,2,0.7105,13083.0,9,0,0,0,0.0,0
0.4254,55,0,0.5114,3197.0,8,0,2,0,0.0,0
0.4937,46,0,0.4663,10854.0,6,0,1,0,1.0,0
0.6903,46,0,0.4991,,11,0,1,0,0.0,1
0.0083,59,2,0.8348,16239.0,6,0,3,0,1.0,0
4.7069,39,0,0.511,5160.0,7,0,2,0,1.0,0
0.1098,64,2,0.7105,6844.0,8,0,1,0,2.0,0
0.2656,59,0,0.6513,5301.0,5,0,0,0,0.0,0
0.0869,35,0,0.4572,18001.0,7,0,1,0,1.0,0
0.1508,66,0,0.795,,12,0,2,0,0.0,0
0.3494,81,1,0.2069,3977.0,12,0,1,2,4.0,0
0.1217,64,0,0.3483,3492.0,10,0,2,0,0.0,0
0.6593,25,0,0.1736,6311.0,6,0,0,0,0.0,0
4.0988,85,0,0.412,9831.0,6,0,0,0,0.0,0
0.1288,21,0,0.7071,2863.0,9,0,0,0,1.0,0
0.2575,28,0,0.618,,9,0,2,0,0.0,0
0.0815,27,0,0.5712,6433.0,11,0,1,0,2.0,0
2.2077,48,0,0.2052,6177.0,6,0,2,0,2.0,0
0.6729,25,0,0.699,5971.0,11,0,0,0,0.0,0
0.7024,21,0,0.9442,5285.0,11,0,0,0,0.0,1
1.2992,42,0,0.7323,3772.0,5,0,1,0,0.0,1
0.4405,42,0,0.652,4190.0,9,0,1,0,0.0,0
0.0883,48,0,0.1106,,6,0,1,0,1.0,0
9.5398,58,0,0.3552,4895.0,13,0,1,0,1.0,0
0.1232,72,0,1.1183,,11,0,1,0,2.0,1
0.4542,51,0,0.7557,,14,0,2,0,0.0,1
0.3165,58,0,0.4886,5937.0,10,0,1,0,1.0,0
0.4521,48,0,0.1816,12003.0,6,0,0,0,0.0,0
0.8004,68,0,0.4767,,6,0,1,0,0.0,0
0.2262,73,0,0.4385,3290.0,3,0,2,0,0.0,0
0.4923,44,0,0.5783,5108.0,10,0,0,0,1.0,0
0.2293,33,0,0.4656,5159.0,8,0,0,0,2.0,0
0.3927,44,0,0.2126,2866.0,3,0,1,0,1.0,0
0.1274,45,0,0.1421,3626.0,6,0,1,0,0.0,0
0.3113,49,0,0.1728,6470.0,8,0,0,0,2.0,0
0.1272,52,0,0.8187,6873.0,5,0,2,0,0.0,0
0.1189,49,0,0.2259,3309.0,8,0,3,0,0.0,0
0.3489,34,0,0.2611,4982.0,10,0,1,0,0.0,0
0.1569,48,0,0.6408,3290.0,11,0,2,0,,0
0.129,56,0,0.0737,7834.0,5,0,1,0,0.0,1
0.933,73,0,0.8156,14569.0,5,0,0,0,0.0,0
0.3218,44,0,0.3856,4325.0,7,0,1,0,1.0,0
0.0698,51,0,0.482,,9,0,0,0,1.0,0
0.0159,50,0,0.4409,6840.0,4,0,1,0,0.0,0
0.6821,44,0,0.5388,9551.0,9,0,1,0,0.0,0
0.71,45,0,0.5073,10625.0,10,0,0,0,0.0,0
1.7258,26,0,0.9842,2950.0,4,0,1,0,0.0,1
0.6602,58,0,1.0313,13494.0,6,0,3,0,2.0,0
0.3455,61,0,0.0926,2221.0,8,0,1,0,2.0,0
0.105,46,0,0.388,4041.0,6,0,3,0,0.0,0
0.5059,59,0,0.6446,6103.0,3,0,2,0,2.0,0
0.0261,27,1,0.3576,3229.0,5,2,1,0,3.0,0
0.3292,72,0,0.5296,,8,0,1,0,1.0,0
4.5549,41,0,0.1229,5964.0,8,0,1,0,,0
0.2909,48,0,0.2975,1814.0,5,0,0,0,0.0,0
0.0039,65,0,0.493,7663.0,10,0,0,0,0.0,0
0.1415,31,0,0.236,,12,0,0,0,1.0,0
0.5217,45,0,0.7522,3650.0,10,0,0,0,3.0,0
0.6887,41,0,0.3465,6624.0,10,0,0,0,1.0,0
1.6422,59,0,0.5189,5307.0,8,0,1,0,2.0,0
0.1998,38,0,0.6426,11183.0,7,0,0,0,2.0,0
0.0424,62,0,0.4828,,11,0,0,0,2.0,0
0.2846,55,0,0.6896,9168.0,13,0,2,0,1.0,0
0.1249,30,0,0.619,9575.0,9,0,0,0,0.0,0
1.0951,63,0,0.3785,5151.0,8,0,0,0,1.0,0
0.0626,78,0,0.5681,7387.0,9,0,1,0,0.0,0
6.1601,39,0,0.6834,3174.0,9,0,0,0,0.0,0
2.6647,44,0,0.409,,8,0,2,0,1.0,0
0.0043,34,0,0.2017,4345.0,6,0,2,0,,0
0.346,51,1,0.569,3212.0,8,0,1,0,0.0,0
0.1349,67,1,0.6163,,9,0,0,0,1.0,0
0.5658,42,0,0.3901,9789.0,6,0,3,0,2.0,0
0.4766,39,0,0.1659,4641.0,15,0,1,0,1.0,0
0.0361,70,0,0.4456,3247.0,9,0,1,0,2.0,0
0.19,41,0,0.9339,3069.0,7,0,0,0,2.0,0
0.1829,42,0,0.3614,10548.0,5,0,1,0,2.0,0
0.9474,48,0,0.6169,7046.0,6,0,0,0,2.0,0
0.6188,27,0,0.5075,3603.0,8,0,1,0,,0
0.263,40,0,0.554,6869.0,5,0,2,0,1.0,0
2.3464,78,0,0.549,6580.0,7,0,0,0,0.0,1
0.4019,62,1,0.8838,1709.0,11,0,3,0,1.0,0
0.461,60,0,0.0512,4870.0,6,0,1,0,1.0,0
0.5458,61,0,0.6856,,6,0,0,0,1.0,0
0.6049,61,0,0.0891,5942.0,11,0,1,0,2.0,0
1.3023,46,0,0.4794,,6,0,2,0,0.0,1
0.328,51,0,0.5708,7560.0,7,0,1,0,1.0,0
2.1052,57,0,0.405,9126.0,7,0,1,0,2.0,0
3.8066,45,0,0.246,9868.0,8,0,1,0,0.0,0
0.7302,70,0,0.5269,,9,0,0,0,0.0,1
0.2408,28,0,0.2265,4950.0,11,0,2,0,0.0,0
0.0191,48,1,0.4514,10044.0,7,0,0,0,1.0,0
1.207,67,0,0.5358,10611.0,9,0,3,0,1.0,0
0.0704,66,0,0.3498,,10,0,0,0,2.0,0
0.2601,45,0,0.6876,4267.0,10,0,0,0,0.0,0
0.5611,56,0,0.9254,5766.0,7,0,0,0,1.0,0
1.8991,56,1,0.2352,6269.0,4,0,3,0,,0
0.0688,82,0,0.1478,3246.0,7,0,0,0,0.0,0
0.8238,41,0,0.0915,4321.0,11,0,0,0,2.0,0
0.3233,55,0,0.3451,,5,0,2,0,2.0,0
0.2693,46,0,0.2178,,9,0,2,0,0.0,0
0.2402,73,1,0.0603,4355.0,8,0,2,0,2.0,0
0.7938,50,0,0.5199,7168.0,7,0,3,0,1.0,0
4.5634,43,0,0.1191,5506.0,8,0,2,0,0.0,0
0.0781,62,0,0.4069,11541.0,7,0,1,0,0.0,0
0.7683,41,0,0.5929,,7,0,0,0,1.0,0
0.3211,55,0,0.9634,16420.0,8,0,2,0,1.0,0
0.1348,61,0,0.1166,,7,0,1,0,0.0,0
0.0245,28,0,0.371,1083.0,3,0,0,0,0.0,0
0.5348,41,0,0.5822,2379.0,10,0,1,0,2.0,0
0.3223,79,0,0.1758,6124.0,6,0,2,0,0.0,0
0.6193,55,0,0.8138,5412.0,11,0,4,0,1.0,0
0.5365,36,0,0.3096,4999.0,11,0,2,0,3.0,0
0.7056,54,1,0.2103,7929.0,8,1,0,1,0.0,0
0.8552,26,0,1.6683,6992.0,3,0,2,1,0.0,0
0.9729,54,0,0.8411,7973.0,8,0,1,0,1.0,0
0.1211,58,0,0.7174,7807.0,13,0,1,0,1.0,0
0.2143,51,0,0.1343,,12,0,2,0,0.0,0
0.4129,42,0,0.1268,4324.0,3,0,0,0,1.0,0
0.3099,77,0,0.9758,10120.0,12,0,0,0,0.0,0
0.1709,47,0,1.06,2151.0,14,0,1,0,0.0,0
0.0223,26,0,0.5378,7739.0,5,0,0,0,1.0,0
0.0288,50,0,1.0067,2559.0,8,1,4,0,1.0,0
0.3312,68,0,0.4304,13960.0,11,0,0,0,0.0,0
0.0608,75,0,0.5752,,7,0,3,0,0.0,0
0.7445,21,0,0.6569,,3,0,0,0,1.0,0
0.1896,40,0,0.5903,6339.0,14,0,3,0,1.0,0
0.0718,47,0,0.3739,2445.0,7,0,2,0,,0
0.5317,54,0,0.3633,6877.0,6,0,1,0,0.0,0
0.279,33,0,0.0398,5451.0,7,0,0,0,,1
0.2459,60,0,0.313,2320.0,2,0,1,0,0.0,0
0.0047,65,0,0.2886,4750.0,8,0,0,0,1.0,0
0.0553,40,0,0.9019,6515.0,7,0,2,0,1.0,0
1.2558,51,0,0.4138,8269.0,5,0,1,0,0.0,0
0.2969,63,0,0.9616,18345.0,11,0,0,0,2.0,0
0.0625,77,0,0.0996,5051.0,9,0,2,0,0.0,0
0.0004,67,0,0.4488,,12,0,2,0,1.0,0
1.5321,45,0,0.3494,5323.0,8,0,1,0,2.0,0
0.2609,58,0,0.5808,7425.0,6,0,3,0,1.0,0
0.5411,49,0,1.0871,9007.0,11,0,0,0,2.0,0
0.8445,42,0,0.0992,6005.0,15,0,1,0,0.0,0
1.5641,59,0,0.5412,,7,0,1,0,1.0,0
0.4109,59,0,0.5532,2878.0,6,0,0,0,1.0,0
0.6669,52,0,0.3119,,7,0,1,0,1.0,0
0.021,66,0,0.2791,,7,0,1,0,1.0,0
0.5532,48,0,0.4282,3089.0,11,0,0,0,1.0,0
0.013,51,0,0.2914,7831.0,9,0,1,0,0.0,0
0.0128,55,0,0.2581,4594.0,10,0,0,0,1.0,0
0.2389,57,0,0.1821,,4,0,0,0,2.0,0
0.3496,39,0,0.1596,7848.0,8,0,1,0,1.0,0
1.3948,78,0,0.3455,4886.0,9,0,1,0,1.0,1
0.1886,61,0,0.2752,8270.0,8,0,2,0,1.0,0
0.6029,52,0,0.4971,3507.0,7,0,1,0,0.0,0
0.576,52,0,0.5844,,4,0,0,0,0.0,0
0.0571,51,0,0.7673,1241.0,9,0,0,0,1.0,0
0.4364,72,0,0.6639,,5,0,0,0,1.0,1
0.5445,65,0,0.6877,,4,0,0,0,0.0,0
0.5494,61,0,0.3128,4722.0,9,0,3,0,1.0,0
0.3508,87,0,0.1977,2851.0,8,0,0,0,0.0,0
0.3741,60,0,0.4458,9236.0,11,0,1,0,0.0,0
0.0607,39,0,0.375,,8,0,1,0,0.0,0
0.0676,62,0,1.0601,25396.0,11,0,1,0,2.0,0
0.9733,59,0,0.648,,6,0,0,0,1.0,0
0.6094,71,0,0.7549,,6,0,0,0,1.0,1
5.9924,62,0,0.4727,3483.0,10,0,1,0,0.0,0
0.5231,54,0,0.6227,10006.0,5,0,0,0,1.0,0
0.2514,65,0,0.5806,3644.0,9,0,2,0,0.0,0
0.7845,28,1,0.7499,3665.0,7,0,4,0,0.0,0
0.019,59,0,0.4399,3045.0,4,0,1,0,0.0,0
0.4136,60,0,0.9823,9430.0,4,0,0,0,3.0,0
0.0285,33,0,0.544,2220.0,6,0,2,0,1.0,0
0.1788,54,0,0.4314,13196.0,8,0,0,0,1.0,0
0.0153,43,0,0.544,1356.0,10,0,1,0,1.0,0
1.8686,46,1,0.3401,,8,0,2,0,1.0,0
0.971,65,0,0.3908,,6,0,5,0,0.0,0
0.6337,38,0,0.4732,7133.0,6,0,2,0,1.0,0
2.753,49,0,0.5698,8038.0,2,0,3,0,1.0,0
0.1921,39,4,0.6653,13453.0,5,0,0,1,0.0,0
0.1755,55,0,0.3829,,7,0,0,0,1.0,0
0.2325,57,0,0.9885,2789.0,7,0,3,0,2.0,0
0.0228,34,0,0.6455,,7,0,2,0,3.0,0
0.1319,47,0,0.4168,5573.0,4,0,0,0,0.0,0
0.1057,49,0,0.4487,5976.0,9,0,1,0,2.0,0
3.0596,54,0,0.6737,2901.0,7,0,0,0,1.0,0
0.2316,65,0,0.3439,,6,0,5,0,0.0,0
0.0022,39,0,0.9458,4445.0,15,0,0,0,0.0,0
0.284,46,0,1.1097,,11,0,3,0,0.0,0
3.7585,70,0,0.3548,4922.0,7,0,0,1,2.0,0
0.1545,63,0,0.0558,11043.0,11,0,3,0,1.0,1
0.2996,39,0,0.4309,9047.0,6,0,1,0,1.0,0
0.6942,50,0,0.9382,,11,0,1,0,0.0,0
0.0887,58,1,0.1294,7018.0,4,0,0,0,0.0,1
2.1966,64,0,0.3249,3072.0,5,0,2,0,1.0,0
0.3525,56,0,0.5492,13933.0,6,0,0,0,1.0,0
0.4585,58,0,0.9316,5781.0,11,0,0,0,4.0,0
1.2516,58,3,0.8342,2644.0,8,0,2,0,1.0,0
0.5847,53,0,0.604,,8,0,0,0,0.0,1
0.0479,30,0,0.8869,,9,0,0,0,2.0,0
0.3827,45,0,0.7352,7716.0,4,0,1,0,0.0,0
0.8273,69,0,0.755,11218.0,8,0,3,0,,0
0.4227,64,0,0.7147,,4,1,1,1,1.0,0
0.4434,52,0,0.4749,4664.0,4,0,0,0,1.0,0
0.3466,49,0,0.3328,,12,0,0,0,3.0,0
2.8709,42,0,0.7237,3355.0,7,0,1,0,3.0,0
0.8544,40,0,0.8554,8561.0,9,0,0,0,3.0,0
0.1815,65,0,0.4789,3879.0,12,0,0,0,0.0,0
0.5895,48,0,0.4522,7200.0,4,0,0,0,2.0,0
0.6655,56,0,0.883,,7,0,1,0,3.0,0
0.4727,86,0,0.1641,,9,0,1,0,0.0,1
0.517,53,0,0.6805,,10,0,1,0,1.0,0
0.0705,41,0,0.051,,6,0,1,0,5.0,0
0.0555,64,0,1.0412,,9,0,2,0,0.0,0
1.9033,67,0,0.3884,,10,2,0,1,2.0,0
0.3971,25,0,0.1142,5643.0,4,0,1,0,0.0,1
0.6303,69,0,0.3032,6786.0,5,0,0,0,1.0,0
0.8802,39,0,0.6363,3472.0,8,0,2,0,0.0,0
0.311,75,0,0.7393,,10,0,1,0,2.0,0
0.1101,70,0,0.6099,4023.0,4,0,0,0,2.0,0
1.0952,54,0,0.1886,8122.0,6,0,0,0,2.0,0
0.4135,40,0,0.583,9506.0,14,0,3,0,0.0,0
0.6217,67,0,0.565,7972.0,9,0,0,0,1.0,0
0.5378,58,0,0.0975,15958.0,5,0,0,0,1.0,1
0.0552,41,0,0.0969,1507.0,11,0,3,0,1.0,0
0.224,59,0,0.8516,2087.0,6,0,1,0,0.0,0
0.2906,36,0,0.9601,5845.0,4,0,2,0,1.0,0
0.2882,56,2,0.0754,5172.0,6,0,0,0,1.0,0
0.2292,56,0,0.4505,25342.0,11,0,0,0,0.0,0
0.091,59,0,0.3169,2453.0,8,0,1,0,1.0,0
0.9662,69,0,0.5281,9092.0,9,0,0,0,0.0,0
0.5401,45,0,0.1093,4067.0,6,0,0,0,0.0,0
1.4332,43,0,0.8749,5609.0,7,0,1,0,0.0,0
0.1732,52,0,0.0751,7606.0,9,0,1,0,2.0,0
0.1648,63,0,0.6415,1092.0,2,0,2,0,,0
0.2752,49,0,0.68,4891.0,7,0,0,0,1.0,0
0.3013,30,0,1.059,4970.0,6,0,0,0,0.0,0
0.4782,48,0,0.3898,2553.0,6,0,5,0,1.0,0
0.9714,54,0,0.4378,,7,0,1,0,1.0,0
0.8481,41,0,0.1125,3830.0,12,0,1,0,2.0,0
0.0377,21,0,0.1145,7121.0,7,0,2,0,0.0,1
0.7764,56,0,0.1969,9126.0,8,0,2,0,0.0,0
0.0376,34,0,0.1087,1846.0,9,0,2,0,1.0,0
0.8136,66,0,0.3686,8580.0,6,0,0,0,0.0,0
0.2892,84,0,0.6262,,11,0,3,0,0.0,0
0.5328,39,0,0.7969,2208.0,12,0,2,0,0.0,0
5.4511,57,0,0.6697,10141.0,12,0,1,0,0.0,0
0.3841,56,0,0.4271,4071.0,6,0,1,0,1.0,0
0.7007,31,0,0.6465,,5,0,4,0,1.0,0
0.3529,21,0,0.2766,4264.0,9,0,1,0,3.0,0
0.5225,33,0,1.0096,10441.0,13,0,0,0,1.0,0
2.8196,48,0,0.3448,3000.0,6,0,2,0,0.0,0
11.4802,86,0,0.4767,2408.0,8,0,1,0,0.0,1
0.1774,60,0,0.4578,3006.0,9,0,0,0,1.0,0
0.3567,40,0,0.562,8999.0,8,0,3,0,2.0,0
0.1205,39,0,0.4163,,4,0,2,0,0.0,0
0.81,42,0,0.0496,,9,0,1,0,1.0,0
0.403,26,0,0.4926,7410.0,10,0,0,0,0.0,0
0.568,40,0,0.823,7001.0,10,0,1,0,0.0,0
0.002,58,1,0.3679,10707.0,14,0,1,0,0.0,0
1.1344,49,0,0.4547,,6,0,1,0,0.0,0
2.5075,46,0,0.1238,3183.0,9,0,0,0,1.0,1
0.2263,64,0,0.3289,,7,0,1,0,2.0,0
0.7953,36,0,0.0668,,8,0,1,0,1.0,0
0.1641,58,0,0.7452,,5,0,0,0,0.0,0
0.3071,36,0,0.7095,,8,0,0,0,2.0,0
0.6799,64,0,0.2355,2879.0,7,0,3,0,3.0,0
0.2875,53,0,0.3332,5771.0,8,0,0,0,2.0,0
1.2767,54,0,0.2617,4205.0,8,0,1,0,0.0,0
0.2601,50,0,0.4843,15166.0,10,0,0,0,0.0,0
2.3456,60,0,1.02,4778.0,12,0,2,0,0.0,1
0.4965,40,0,0.3918,7089.0,4,0,2,0,1.0,0
0.3664,66,0,0.3506,13215.0,9,0,1,0,2.0,0
0.2923,48,0,0.1126,4270.0,9,0,0,0,1.0,0
0.028,59,0,0.5294,1331.0,10,0,2,0,0.0,0
1.0728,61,0,0.2194,5168.0,9,2,0,0,,0
0.0517,41,0,0.4874,4604.0,7,0,3,0,1.0,0
0.3144,59,0,0.651,4582.0,11,0,0,0,1.0,0
0.4425,42,0,0.5578,13193.0,8,0,3,0,0.0,0
0.2507,30,1,0.4219,3023.0,5,1,0,1,0.0,0
0.1143,55,0,0.6004,,10,0,0,0,1.0,0
0.325,82,0,0.529,12071.0,8,0,1,0,0.0,0
0.0354,43,0,0.9364,5882.0,8,0,1,0,1.0,0
3.1966,59,0,0.5352,,4,0,1,0,0.0,0
1.4567,63,0,0.5128,7168.0,9,0,0,0,1.0,0
0.0898,36,2,0.7449,3423.0,9,0,2,0,1.0,0
0.5495,43,0,0.6942,,9,0,2,0,0.0,0
0.0779,69,0,0.6471,3822.0,8,0,1,0,1.0,0
0.2221,61,0,0.6231,3419.0,7,0,1,0,0.0,0
0.0258,53,0,0.4293,3753.0,8,0,1,0,1.0,0
0.081,30,0,0.0154,2183.0,10,0,1,0,0.0,0
1.201,44,0,0.3613,11591.0,6,0,0,0,1.0,0
2.4299,59,0,0.5058,19377.0,8,0,0,0,1.0,0
4.1188,21,0,0.7061,2907.0,14,0,0,0,2.0,0
0.0825,63,0,0.2342,5475.0,8,0,0,0,0.0,0
0.3355,68,0,0.0341,13766.0,4,0,1,0,3.0,0
2.0654,77,0,0.3407,7128.0,6,0,1,0,0.0,0
0.1817,70,0,0.1618,,8,0,1,0,0.0,0
0.4351,58,0,0.1727,3663.0,6,0,0,0,2.0,0
1.1693,63,0,0.5454,8676.0,5,0,3,0,0.0,0
0.3612,47,0,0.7277,3568.0,11,0,1,0,0.0,0
0.2549,44,0,0.2185,4250.0,5,0,2,0,3.0,0
0.1393,58,2,0.5451,2421.0,9,0,0,1,1.0,0
0.5233,40,0,0.7667,6024.0,9,0,0,0,1.0,0
0.4331,46,0,0.6478,2392.0,9,0,1,0,0.0,0
0.2088,83,0,0.4809,5738.0,5,0,1,0,0.0,0
0.8059,42,0,0.3577,2191.0,10,0,0,0,,0
0.1599,55,0,0.5534,7122.0,9,0,2,0,1.0,0
0.1461,29,0,0.0791,3315.0,7,0,1,0,0.0,0
0.1565,40,0,0.2534,3768.0,5,0,1,0,2.0,0
0.1453,41,0,0.3249,1693.0,8,0,3,0,1.0,0
0.4986,50,0,1.008,12483.0,4,0,3,0,1.0,0
1.8364,40,0,0.7701,3737.0,5,0,1,0,2.0,0
0.3962,48,0,0.7854,,14,0,1,0,0.0,0
0.3508,45,0,0.1731,13272.0,7,0,0,0,2.0,0
0.5665,49,0,0.5692,,11,0,1,0,1.0,0
0.0449,29,0,0.2897,6803.0,9,0,2,0,0.0,0
0.1707,30,0,0.7349,6453.0,8,0,0,0,1.0,0
1.1691,63,0,0.2215,13205.0,7,0,0,0,0.0,0
0.5198,44,0,0.6948,15188.0,11,0,1,1,0.0,0
0.2927,55,0,1.1406,7651.0,10,0,2,0,2.0,0
0.5187,57,0,0.7536,5277.0,11,0,4,0,0.0,0
0.6572,53,0,0.5543,,5,0,2,0,1.0,0
0.1125,33,0,0.5708,1739.0,3,0,1,0,1.0,0
1.7295,23,0,0.8477,,9,0,1,0,2.0,1
0.8387,46,0,0.7433,13914.0,6,0,1,0,1.0,0
0.2091,52,0,0.349,,12,0,3,0,0.0,0
3.9624,71,0,0.4414,,7,0,4,0,2.0,0
0.6699,79,0,0.3383,5520.0,6,0,0,0,0.0,0
0.7687,57,0,0.8511,7352.0,7,0,5,0,0.0,0
3.6459,51,1,0.3044,,9,0,0,0,2.0,0
5.0711,51,3,0.2509,4998.0,5,0,0,0,3.0,0
0.3485,51,0,0.6097,3666.0,9,0,1,0,1.0,0
0.6393,42,0,0.304,7807.0,12,0,1,0,1.0,0
0.3193,71,0,0.2658,6040.0,8,0,0,0,1.0,0
1.4847,46,0,0.6555,6111.0,7,0,2,0,2.0,0
0.0283,56,0,0.8222,3457.0,7,0,1,0,0.0,0
0.8247,56,0,0.5131,11368.0,12,0,1,0,2.0,0
0.4046,21,4,0.4427,5651.0,10,0,1,0,1.0,0
0.0263,37,0,0.1156,1119.0,14,0,2,0,1.0,0
0.658,57,0,0.604,1006.0,7,0,0,0,0.0,0
0.4107,69,0,1.1909,7233.0,10,0,1,0,0.0,0
0.152,54,0,0.5776,7497.0,8,0,0,0,0.0,0
0.5534,61,0,0.6067,2716.0,4,0,0,0,1.0,0
0.2867,36,0,0.1377,3493.0,10,0,0,0,3.0,0
0.3445,52,0,0.1329,6592.0,4,0,2,0,1.0,0
0.4371,36,0,0.6276,2864.0,7,0,1,0,2.0,0
0.2008,63,0,0.4613,5253.0,8,0,2,0,1.0,0
3.1287,53,0,0.6039,2947.0,9,0,4,0,3.0,0
0.5768,76,1,0.8468,,9,0,2,0,2.0,0
0.3809,52,0,0.4861,6498.0,9,0,2,0,,0
0.4123,30,0,0.3523,,5,0,1,0,1.0,0
0.9144,57,3,0.6351,,8,0,0,0,0.0,0
0.0268,46,0,0.8862,5072.0,11,0,0,0,1.0,0
1.1618,65,2,0.3352,,15,0,0,1,3.0,0
0.9828,42,0,0.9448,3337.0,9,0,1,0,1.0,0
0.1464,70,0,0.1887,5635.0,7,0,1,0,0.0,0
0.4479,33,0,0.1067,9258.0,10,0,0,0,0.0,1
1.3853,72,0,0.4858,5234.0,9,0,0,0,1.0,0
8.0025,33,0,0.3576,5277.0,8,0,0,0,0.0,0
0.2779,41,0,0.3266,6173.0,6,0,0,0,1.0,0
0.0805,62,0,0.2613,4398.0,5,0,0,0,1.0,0
0.3625,82,0,0.7405,7263.0,13,0,0,0,2.0,0
0.7017,53,0,0.4269,10229.0,10,0,1,0,0.0,0
3.6543,32,0,0.3555,2086.0,4,0,0,0,,0
0.5724,21,2,0.361,,4,0,0,2,0.0,0
0.5225,65,0,0.6735,4092.0,3,0,0,0,2.0,1
0.1065,75,0,0.9994,6462.0,8,0,1,0,1.0,0
0.309,67,0,0.1481,,9,0,0,0,1.0,0
0.6939,54,0,0.5237,2886.0,4,0,1,0,2.0,1
0.6648,41,0,0.355,6816.0,14,0,0,0,0.0,0
0.4384,59,0,0.6016,1815.0,8,0,2,0,0.0,0
0.2218,57,0,0.6798,,8,0,1,0,1.0,0
0.0294,80,0,0.5116,1728.0,10,0,1,0,1.0,0
4.3573,59,0,0.3173,13536.0,7,0,0,0,0.0,0
0.5451,64,0,0.2486,3933.0,8,0,0,0,2.0,0
0.8891,50,0,0.2403,5660.0,8,0,0,0,1.0,0
0.6362,38,0,0.6626,,8,0,1,0,0.0,0
0.1054,51,0,0.0622,,11,0,0,0,0.0,0
1.9703,21,0,0.4356,5698.0,5,0,2,0,0.0,1
0.0402,52,0,0.2434,,6,0,1,0,0.0,0
0.0374,56,0,0.745,,3,0,0,0,1.0,0
0.2054,44,0,0.2768,4720.0,3,0,0,0,2.0,0
0.0223,57,0,0.0178,1562.0,8,0,1,0,0.0,0
0.0889,67,0,0.5057,2760.0,8,0,2,0,3.0,0
0.5374,54,0,0.4432,4025.0,10,0,1,0,0.0,0
0.6659,51,0,0.9634,6576.0,5,0,0,0,3.0,0
2.539,46,0,0.6587,4907.0,9,0,3,0,1.0,0
0.6365,48,0,0.2316,5461.0,5,0,0,0,1.0,0
0.593,80,0,0.7205,6712.0,12,0,2,0,1.0,0
1.2266,41,0,0.3654,15954.0,8,0,2,0,2.0,0
0.4743,43,0,0.5496,3567.0,6,0,2,0,2.0,0
0.0056,65,0,0.3864,5653.0,6,0,1,0,1.0,0
3.7794,41,0,0.8103,7743.0,6,0,0,0,1.0,0
0.3151,64,0,0.2403,,9,0,1,0,1.0,0
0.0983,39,0,0.2273,4232.0,7,0,0,0,1.0,0
0.232,52,0,0.2013,4438.0,4,0,1,0,1.0,0
0.6391,65,0,0.6402,6060.0,5,0,1,0,0.0,0
0.3111,35,0,0.5306,1924.0,12,0,0,0,2.0,0
0.0906,62,0,0.386,2694.0,10,0,1,0,0.0,0
0.4286,65,0,0.3228,6492.0,4,0,2,0,0.0,0
0.1558,48,0,0.4757,5879.0,8,0,1,0,0.0,0
0.288,70,0,0.4856,10857.0,9,0,0,0,0.0,0
0.3902,50,0,0.5655,4012.0,9,0,2,0,1.0,0
0.105,51,0,0.5413,4594.0,9,0,0,0,1.0,0
3.2926,62,1,0.4312,7192.0,8,0,0,0,0.0,0
0.5405,69,0,0.5916,2450.0,7,0,3,0,1.0,0
0.3168,21,0,0.4819,5952.0,6,0,0,0,0.0,0
0.4812,23,0,0.0903,16258.0,8,0,1,0,1.0,1
0.8117,34,0,0.3637,7907.0,8,0,2,0,1.0,0
0.0479,61,0,0.7365,5490.0,7,0,0,0,1.0,0
1.3117,55,0,0.6585,,11,0,0,0,0.0,1
0.6993,26,0,0.1901,6764.0,10,0,0,0,0.0,0
4.1398,79,3,0.7435,,13,0,2,0,2.0,1
0.7681,60,0,0.7078,6331.0,8,0,2,0,0.0,0
0.4891,48,0,0.852,5264.0,8,0,0,0,0.0,0
0.3538,59,0,1.0516,,2,0,2,0,1.0,0
0.3123,48,0,0.1776,4509.0,7,0,0,0,0.0,0
0.0855,67,1,0.4708,,7,0,3,0,2.0,0
1.0315,71,0,0.7547,7635.0,7,0,0,0,0.0,0
0.904,74,0,0.6076,6228.0,5,0,0,0,0.0,0
0.782,59,0,0.5933,7186.0,8,0,3,0,,0
0.3749,54,0,0.4306,5611.0,9,0,2,0,0.0,0
2.43,66,0,0.3448,5494.0,8,0,2,0,0.0,0
0.7633,76,0,0.3875,8068.0,8,0,2,0,1.0,0
0.5135,48,0,0.9635,3681.0,6,0,3,0,0.0,0
4.3122,72,0,0.0616,17742.0,5,0,1,0,1.0,0
0.2053,44,0,0.4331,8062.0,6,0,1,0,2.0,0
0.0031,41,0,0.5911,,2,0,1,0,0.0,0
0.6548,57,0,0.3672,8040.0,11,0,1,0,0.0,0
4.1574,42,0,0.4762,2019.0,7,0,0,0,1.0,0
0.4845,25,0,0.0615,7738.0,12,0,0,0,1.0,1
1.8214,49,0,0.8197,8259.0,7,0,0,0,0.0,0
0.0488,86,0,0.2883,8415.0,4,0,2,0,0.0,0
0.2209,26,0,1.2249,2505.0,7,0,0,0,,0
0.0295,64,0,0.1476,8561.0,13,0,0,0,1.0,0
0.5735,48,0,0.336,3531.0,8,0,1,0,2.0,1
0.1062,42,0,0.797,2117.0,7,0,3,0,2.0,0
0.1352,40,0,0.6839,4020.0,12,0,0,0,1.0,0
0.2079,53,0,0.1247,5569.0,6,0,2,0,0.0,0
0.7352,48,0,0.6781,10369.0,10,0,1,0,1.0,0
0.536,61,0,0.935,10158.0,8,0,0,0,4.0,0
0.0262,83,0,0.7651,5742.0,9,0,2,0,1.0,0
0.5718,55,0,0.5652,3693.0,7,0,1,0,1.0,0
0.9978,43,0,0.6406,,6,0,1,0,1.0,1
0.0645,57,0,0.0715,10034.0,9,0,1,0,0.0,0
0.7334,43,0,0.781,10436.0,4,0,0,0,1.0,0
0.091,46,0,0.3254,,10,0,3,0,0.0,0
3.5215,42,0,0.8192,6883.0,3,0,0,0,2.0,0
0.5446,65,0,0.6002,3179.0,13,0,1,0,1.0,0
0.0733,64,0,0.5675,3035.0,6,0,2,0,,0
0.6122,50,1,0.5455,6925.0,7,0,2,2,4.0,0
0.6388,32,0,0.5509,5522.0,8,0,1,0,0.0,0
0.2004,40,0,0.6838,4715.0,8,0,0,0,0.0,0
0.5057,51,0,0.6564,3241.0,7,0,0,0,0.0,0
1.018,68,0,0.3053,17868.0,9,0,2,0,4.0,0
0.2359,21,0,0.0483,5772.0,5,0,0,0,0.0,1
0.1523,55,0,0.314,3412.0,8,0,1,0,0.0,0
0.565,61,0,0.3125,1820.0,8,0,2,0,0.0,0
0.032,62,0,0.1493,6081.0,11,0,4,0,1.0,0
0.0033,62,0,0.3487,3940.0,14,0,0,0,5.0,0
4.4763,67,1,0.7399,2069.0,6,0,1,0,1.0,0
0.1155,49,0,1.0962,6347.0,3,0,1,0,1.0,0
0.1526,63,0,0.4702,19421.0,3,0,2,0,0.0,0
0.4068,26,0,0.0977,9538.0,6,0,1,0,0.0,0
0.2844,46,0,0.9912,4695.0,10,0,1,0,0.0,0
0.3881,57,0,0.1343,5265.0,11,0,0,0,0.0,0
0.4658,45,0,0.8004,6024.0,6,0,2,0,0.0,0
0.1357,38,0,0.4829,,11,0,5,0,1.0,0
0.3843,43,0,0.6137,6389.0,13,0,0,0,1.0,0
0.4953,61,0,0.1227,16360.0,5,0,1,0,0.0,0
0.9015,50,0,0.5903,6643.0,10,0,1,0,0.0,0
0.6739,51,0,0.5023,9152.0,5,0,2,0,0.0,0
0.6264,57,0,0.1706,,7,0,0,0,2.0,0
0.2516,56,0,0.8295,4037.0,5,0,1,0,4.0,0
0.5076,73,0,0.254,5648.0,11,0,0,0,3.0,0
1.5564,69,0,0.5474,8070.0,3,0,3,0,1.0,0
0.4775,58,0,0.5207,12298.0,8,0,0,0,0.0,0
0.7508,48,0,0.3892,7541.0,6,0,2,0,0.0,0
0.3462,71,0,0.0668,5339.0,4,0,1,0,0.0,0
0.345,76,0,0.4767,,8,0,0,0,0.0,0
1.337,31,0,0.3218,,9,0,3,0,1.0,0
0.1521,51,0,0.5211,,9,0,1,0,0.0,0
0.6168,50,0,0.0895,,8,0,3,0,0.0,0
0.7585,39,0,0.1967,3049.0,8,0,3,0,0.0,0
0.4067,45,0,0.487,2199.0,3,0,0,0,1.0,0
0.2089,47,0,0.3264,3360.0,8,0,3,0,1.0,0
0.6713,67,0,0.8698,11845.0,6,0,2,0,0.0,0
0.7823,33,0,0.5182,7975.0,9,0,0,0,2.0,0
0.1662,56,0,0.3142,,5,0,3,0,1.0,0
0.0375,41,0,0.4572,8534.0,15,0,1,0,0.0,0
0.2855,69,0,0.5396,10913.0,6,0,1,0,1.0,0
0.0433,54,0,0.4885,7587.0,8,0,1,0,1.0,0
0.4516,65,0,0.3538,4362.0,7,0,0,0,1.0,0
1.9693,54,0,0.2789,,10,0,0,0,1.0,0
2.863,30,0,0.2259,3317.0,5,0,1,0,0.0,0
5.8886,45,0,0.7157,2724.0,5,0,0,0,0.0,0
0.4739,76,0,0.3546,,10,0,0,0,0.0,0
0.123,60,0,0.6585,2887.0,8,0,1,0,3.0,0
0.2057,80,0,0.2472,7950.0,7,0,0,0,0.0,0
0.3563,74,0,0.5794,2155.0,12,0,0,0,0.0,0
0.2708,44,0,0.7516,3753.0,9,0,1,0,2.0,0
0.25,34,0,0.8753,9751.0,7,0,2,0,1.0,0
0.3391,68,0,1.1383,5985.0,8,0,0,0,0.0,0
0.2312,67,0,0.634,9960.0,11,0,4,0,0.0,0
0.5325,53,0,0.6351,3856.0,10,0,1,0,1.0,0
0.615,32,1,0.3654,1810.0,7,0,2,2,1.0,0
0.2723,45,0,0.3554,7193.0,9,0,2,0,0.0,0
0.1211,54,0,0.6057,,7,0,1,0,1.0,0
0.4329,63,0,0.7432,,10,0,1,0,0.0,0
0.2181,38,0,0.0391,3646.0,10,0,1,0,1.0,0
0.3754,67,0,0.6046,5080.0,8,0,0,0,0.0,0
0.2269,63,0,0.2442,4574.0,8,0,2,0,2.0,0
0.6662,63,0,0.7075,8987.0,9,0,1,0,0.0,0
2.1156,60,0,0.8325,10446.0,6,0,0,0,0.0,0
0.2138,22,0,0.5548,,11,0,0,0,,0
0.2244,56,0,0.7689,7475.0,14,0,1,0,1.0,0
0.0896,47,0,0.9793,3598.0,11,0,2,0,0.0,0
0.4309,60,0,0.36,4429.0,9,0,0,0,0.0,0
0.4479,30,1,0.6947,4361.0,7,0,1,0,2.0,0
0.0519,24,0,1.0771,3849.0,7,2,1,2,1.0,0
0.071,60,0,0.3618,3706.0,7,0,0,0,3.0,0
0.1178,40,0,0.0768,1577.0,5,0,2,0,3.0,0
0.2158,22,0,0.3389,9724.0,13,0,2,0,0.0,0
2.2922,37,0,0.5496,5643.0,8,0,2,0,1.0,0
0.3144,50,0,0.5246,4098.0,10,0,0,0,0.0,0
0.048,68,0,0.6349,5555.0,12,0,1,0,1.0,0
0.4362,53,0,0.6643,6164.0,12,0,0,0,4.0,0
0.1939,44,0,0.6986,2940.0,11,0,1,0,0.0,0
0.6314,48,0,0.4892,4763.0,7,0,2,0,1.0,0
0.5783,63,1,0.7348,9430.0,9,0,0,0,1.0,0
0.2305,60,0,0.4035,4873.0,8,0,1,0,0.0,0
0.0392,62,0,0.2086,11126.0,5,0,1,0,1.0,0
0.0928,76,0,0.335,5383.0,4,0,0,0,1.0,0
0.2901,53,0,0.3462,5123.0,6,0,2,0,1.0,0
0.0065,62,0,0.5968,,13,0,0,0,1.0,0
0.2518,22,0,0.6733,,7,0,0,0,2.0,0
0.095,55,0,0.4432,6518.0,6,0,0,0,0.0,0
0.0021,33,0,0.7132,3271.0,7,0,1,0,0.0,0
0.596,43,0,0.1876,,5,0,1,0,1.0,0
0.4428,46,0,0.5719,17468.0,9,0,2,0,1.0,0
3.1332,52,0,0.5027,5812.0,5,0,0,0,0.0,0
0.6046,44,0,0.3611,,5,0,0,0,2.0,0
0.4271,47,0,0.3743,,10,0,1,0,1.0,0
1.2724,61,0,0.8877,9717.0,7,0,1,0,0.0,0
0.6478,53,0,0.2716,4710.0,10,0,2,0,1.0,0
0.8962,51,0,0.1392,9257.0,8,0,0,0,,0
0.6431,52,0,0.7044,3434.0,13,0,1,0,2.0,0
0.5126,49,0,0.8662,8465.0,13,0,0,0,2.0,0
0.052,66,0,0.1487,,10,0,1,0,1.0,0
0.4484,51,0,0.4808,,4,0,1,0,0.0,0
0.2869,84,0,0.3259,8263.0,12,0,1,0,0.0,1
0.2995,58,0,0.2471,5251.0,8,0,2,0,1.0,0
4.5555,62,0,0.0717,2108.0,11,0,1,0,0.0,0
0.0254,48,0,0.5014,4680.0,16,0,2,0,1.0,0
1.0856,60,0,0.033,,9,0,0,0,0.0,0
0.0959,66,0,0.1516,,6,0,1,0,1.0,0
0.3861,55,0,0.5558,4113.0,10,0,3,0,0.0,0
0.223,47,0,0.2524,9270.0,7,0,0,0,2.0,0
0.0733,67,0,0.7537,4845.0,7,0,1,0,2.0,0
0.9505,79,0,0.7486,4830.0,5,0,0,0,1.0,1
3.8545,31,0,0.4055,,7,0,3,0,0.0,0
0.0577,45,0,0.7642,2917.0,6,0,1,0,0.0,0
0.8138,51,0,1.0342,3986.0,5,0,0,0,,0
0.0609,47,0,0.0732,12200.0,7,0,2,0,,0
0.4406,51,0,0.2178,5144.0,4,0,2,0,0.0,0
0.0002,38,0,0.8877,10071.0,6,0,1,0,0.0,0
0.2311,65,0,0.8515,19963.0,6,0,1,0,0.0,0
0.2365,52,0,0.4163,5050.0,13,0,1,0,2.0,0
2.5075,55,0,0.7273,3897.0,6,0,3,0,,0
0.3219,48,0,0.6796,15724.0,4,0,2,0,1.0,0
0.7732,42,0,0.2377,4282.0,9,0,2,0,1.0,0
0.1303,43,0,0.6828,3275.0,6,0,0,0,0.0,0
0.1496,75,0,0.1394,4362.0,10,0,0,0,0.0,0
0.0493,38,0,0.0631,4928.0,13,0,0,0,0.0,0
0.24,46,0,0.0614,12064.0,7,0,2,0,0.0,0
0.1822,27,0,0.2136,14655.0,7,0,0,0,0.0,0
0.5512,59,0,0.1193,7173.0,6,0,2,0,0.0,0
0.6363,64,0,0.1907,13270.0,6,0,2,0,2.0,0
0.408,27,0,0.7109,,6,0,2,0,0.0,0
0.3056,42,0,0.3422,13114.0,9,0,1,0,1.0,0
0.0297,41,0,0.5479,3902.0,8,0,1,0,0.0,0
2.5849,47,0,0.9773,2319.0,8,0,1,0,0.0,0
0.1177,60,0,0.0461,,9,0,1,0,0.0,0
0.7411,52,0,0.5772,,10,0,0,0,2.0,0
0.3049,52,0,0.3569,,6,0,0,0,2.0,0
0.71,32,0,0.1426,11221.0,6,0,2,0,1.0,0
0.2119,51,0,0.4509,4755.0,11,0,0,0,1.0,0
0.1192,65,0,0.6422,2600.0,6,0,1,0,3.0,0
1.5219,53,0,0.908,12564.0,11,0,1,0,1.0,0
2.017,24,2,0.5725,2805.0,9,1,1,1,0.0,0
1.4002,70,0,0.1202,2783.0,8,1,0,0,1.0,0
0.0777,71,0,0.263,,7,0,2,0,0.0,0
0.0714,60,0,0.3767,2039.0,5,0,1,0,1.0,0
0.045,65,0,0.2408,,12,0,1,0,1.0,0
0.4015,59,0,0.3492,,7,0,0,0,1.0,0
1.3636,61,0,0.7281,7121.0,10,0,0,0,1.0,0
0.4531,44,0,0.6773,3433.0,8,0,0,0,0.0,0
0.5765,63,0,0.4017,5242.0,5,0,0,0,1.0,0
0.8968,21,0,0.5566,8737.0,10,0,1,0,0.0,0
0.7469,50,0,0.4017,8974.0,5,0,3,0,1.0,0
0.1582,65,1,0.3732,6485.0,7,0,2,2,1.0,0
0.0019,73,0,0.7518,5433.0,4,0,1,0,2.0,0
0.1794,58,0,0.9003,3786.0,10,0,2,0,1.0,0
0.5464,69,0,0.1842,3788.0,7,0,1,0,2.0,0
0.0034,51,0,0.4564,8707.0,12,0,4,0,2.0,0
0.2024,61,0,0.6905,4479.0,7,0,1,0,0.0,0
0.7638,62,0,0.8323,6567.0,6,0,1,0,0.0,0
0.5236,21,0,0.3126,,8,0,0,0,1.0,0
0.4449,63,0,1.1287,5536.0,8,0,0,0,1.0,0
0.5948,54,1,0.2636,4211.0,3,0,0,2,1.0,0
0.0382,55,0,0.465,,8,0,0,0,2.0,0
0.4184,65,0,0.0252,8930.0,12,0,0,0,1.0,0
0.2739,45,0,0.4918,12400.0,13,0,0,0,0.0,0
0.6916,52,0,0.9736,,9,0,1,0,2.0,0
0.0867,53,0,0.2849,4748.0,9,0,2,0,1.0,0
0.8481,57,0,0.6171,19085.0,9,0,1,0,0.0,0
0.0631,22,0,0.2434,15588.0,7,0,3,0,4.0,0
0.761,61,0,0.6132,,13,0,0,0,0.0,0
1.902,62,0,0.5929,4611.0,11,0,3,0,1.0,0
0.4405,34,0,0.4878,5771.0,4,0,1,0,4.0,0
0.4784,42,0,0.7402,9302.0,4,0,1,0,0.0,0
2.5072,68,0,0.2968,2306.0,11,0,5,0,2.0,0
1.7634,38,0,0.1605,4922.0,8,0,1,0,2.0,1
0.1634,73,0,0.085,4776.0,9,0,0,0,0.0,0
0.4192,39,0,0.5824,9972.0,8,0,1,0,2.0,0
0.4153,66,0,0.7169,4836.0,11,0,1,0,0.0,0
3.233,39,0,0.2653,1096.0,11,0,2,0,0.0,0
0.9078,64,0,0.3868,8458.0,10,0,1,0,0.0,0
0.014,55,0,0.7748,4508.0,3,0,2,0,1.0,0
0.3199,55,0,0.3666,4790.0,10,0,0,0,1.0,0
0.1276,38,0,0.46,10410.0,8,0,0,0,1.0,0
0.1907,52,0,0.071,5217.0,6,0,2,0,0.0,0
1.0074,41,0,0.3383,,7,0,1,0,2.0,0
0.154,40,0,0.9752,2452.0,9,0,1,0,0.0,0
0.2166,70,0,0.1503,4847.0,7,0,0,0,1.0,0
0.3534,92,0,0.6937,5923.0,13,0,1,0,1.0,0
3.079,41,0,0.0661,6427.0,3,0,0,0,0.0,0
0.2368,58,0,0.5224,5044.0,11,0,2,0,2.0,0
0.0621,65,0,0.0771,2729.0,5,0,0,0,0.0,0
0.4243,43,0,0.2469,6006.0,9,0,2,0,0.0,0
0.041,40,0,0.5544,,6,0,1,0,0.0,0
0.3568,52,0,0.4975,9007.0,6,0,2,0,2.0,0
0.2092,52,0,0.2209,2913.0,13,0,0,0,1.0,0
0.5579,21,0,0.3557,4098.0,8,0,1,0,0.0,0
0.0169,56,0,0.2026,6145.0,9,0,1,0,1.0,0
0.3391,63,0,0.6116,3910.0,6,0,0,0,0.0,0
0.1089,59,0,0.0414,20375.0,7,0,3,0,1.0,0
0.4394,48,0,0.3698,6304.0,13,0,0,0,3.0,0
0.3381,32,0,0.698,,7,0,2,0,0.0,0
0.7237,58,0,0.2175,3937.0,4,1,0,2,1.0,0
0.2362,41,0,0.3576,,8,0,1,0,2.0,0
0.5441,48,2,0.5905,6163.0,9,0,0,2,,0
0.0539,52,0,0.5851,1656.0,8,0,3,0,0.0,0
0.1743,63,0,0.2877,1269.0,3,0,0,0,1.0,0
0.1909,67,0,1.1058,2169.0,10,0,1,0,0.0,0
0.6787,55,0,0.7941,2550.0,7,0,0,0,0.0,0
0.84,52,0,0.1707,,7,0,0,0,0.0,0
0.5026,63,0,0.9767,6662.0,6,0,0,0,0.0,0
0.5256,40,0,0.9218,3636.0,5,0,2,0,1.0,0
0.3797,42,0,0.5852,5897.0,11,0,1,0,1.0,0
0.3927,72,0,0.7063,7203.0,10,0,1,0,0.0,0
0.2834,73,0,0.0964,5932.0,10,0,1,0,0.0,0
0.2258,27,0,0.8762,3287.0,4,0,0,0,0.0,0
0.5895,45,0,0.6969,4562.0,3,0,3,0,0.0,0
0.0518,65,0,0.3229,6425.0,11,0,2,0,1.0,0
0.8083,57,0,0.3863,4532.0,9,0,2,0,2.0,0
0.1257,50,0,0.3727,9429.0,6,0,3,0,1.0,0
0.388,35,0,0.2026,15998.0,9,0,0,0,3.0,0
0.9792,45,2,0.2914,9390.0,4,0,0,0,0.0,0
3.356,40,0,0.1798,7534.0,6,0,2,0,1.0,0
1.052,71,0,0.2775,8131.0,9,0,1,0,0.0,0
1.2257,41,0,0.6325,1379.0,7,0,0,0,1.0,0
0.3466,54,0,1.0631,3921.0,7,0,1,0,2.0,0
0.3733,58,0,0.781,9028.0,11,0,3,0,1.0,0
1.3108,50,0,0.4022,2562.0,6,0,1,0,0.0,0
0.765,51,0,0.4172,,11,0,1,0,4.0,0
0.2643,34,0,0.4708,3198.0,6,0,3,0,1.0,0
0.5997,47,0,0.1256,2906.0,16,0,0,0,1.0,0
0.2864,47,0,0.724,3545.0,8,0,1,0,0.0,0
0.0122,44,0,0.6818,15630.0,10,0,2,0,1.0,0
0.8216,71,2,0.4868,3540.0,5,0,1,1,0.0,0
0.1096,79,0,0.5858,3942.0,8,0,1,0,0.0,0
0.2879,66,0,0.4237,5990.0,7,0,1,0,1.0,0
0.2275,73,0,0.7052,3417.0,8,0,3,0,3.0,0
0.5062,43,0,0.209,3640.0,10,0,2,0,0.0,0
0.0475,49,0,0.9465,11804.0,6,0,0,0,1.0,0
7.0973,40,0,0.5632,,8,0,0,0,0.0,1
0.6664,54,0,0.7386,9154.0,8,0,1,0,1.0,0
0.7756,40,0,0.4343,7969.0,6,0,2,0,1.0,0
0.6811,37,0,0.7329,5956.0,7,0,1,0,0.0,0
0.7703,21,0,1.1456,7048.0,9,0,1,0,0.0,0
0.8533,58,1,0.2927,1332.0,10,0,1,1,1.0,0
0.2612,69,0,0.128,,4,0,0,0,0.0,0
0.4465,67,0,0.5916,13068.0,7,0,0,0,1.0,0
0.1674,63,0,0.5672,,6,0,1,0,0.0,0
0.251,64,0,0.5106,14853.0,10,0,0,0,3.0,0
0.4863,48,0,0.3255,4727.0,8,0,0,0,0.0,0
0.1908,30,0,0.536,5063.0,8,0,1,0,2.0,0
0.327,37,0,0.298,3363.0,11,0,0,0,1.0,0
0.382,48,0,0.6285,3679.0,16,0,2,0,1.0,0
0.2866,22,0,0.1184,,10,0,1,0,0.0,0
0.217,60,0,0.8464,5104.0,4,0,3,0,1.0,0
1.5741,58,0,0.7014,4796.0,8,0,0,0,0.0,0
0.117,59,0,0.6097,3750.0,6,0,1,0,0.0,0
0.4125,65,0,0.5394,,9,0,1,0,2.0,0
1.6449,27,0,0.2579,,3,0,0,0,0.0,0
0.7616,41,0,0.1628,,8,0,0,0,1.0,0
0.2434,36,0,0.6455,,5,0,0,0,3.0,0
0.4543,44,0,0.3874,,9,0,1,0,1.0,0
3.963,42,0,0.3706,8865.0,11,0,1,0,0.0,0
0.1011,22,0,1.1338,,13,0,1,0,0.0,0
1.0386,62,0,0.1083,5499.0,11,0,2,0,1.0,0
0.9559,71,0,0.502,16765.0,11,0,2,0,1.0,0
0.1383,42,0,0.3603,5994.0,8,0,0,0,1.0,0
1.1588,43,0,0.2763,4124.0,6,0,1,0,0.0,0
0.402,64,0,0.9841,6392.0,9,0,0,0,1.0,0
0.455,51,0,0.6761,,7,0,0,0,1.0,0
0.1639,60,0,0.0663,2802.0,7,0,1,0,0.0,0
0.4685,38,0,0.4559,4900.0,7,0,0,0,0.0,0
0.5325,61,0,0.3158,2123.0,13,0,0,0,0.0,0
0.5737,58,0,0.6299,7616.0,8,0,1,0,5.0,0
0.3348,46,0,0.3185,3661.0,14,0,0,0,0.0,0
0.0705,51,0,0.6507,5397.0,10,0,0,0,1.0,0
0.252,22,0,1.2151,3437.0,10,0,0,0,3.0,0
0.36,48,0,0.7072,15425.0,8,0,0,0,1.0,0
0.2115,52,0,0.284,2872.0,3,0,0,0,0.0,0
1.1471,46,0,0.5077,7947.0,7,0,0,0,0.0,0
0.5793,40,0,0.7359,5479.0,5,0,2,0,0.0,0
0.3366,71,0,0.1445,6675.0,7,0,0,0,0.0,0
0.2412,69,0,0.3072,5886.0,10,0,1,0,0.0,0
0.3284,53,0,0.8741,11843.0,13,0,1,0,1.0,0
0.3751,57,0,0.4643,3338.0,4,0,0,0,1.0,0
2.7004,27,0,0.2561,5071.0,8,0,0,0,1.0,0
0.4467,36,0,0.5016,5776.0,6,0,0,0,0.0,0
0.6583,45,0,0.6696,8386.0,9,0,1,0,3.0,0
0.2751,37,1,0.084,3166.0,9,0,2,0,1.0,0
0.5555,66,0,1.1195,14801.0,10,0,1,0,0.0,0
0.7182,43,0,0.2341,,7,0,2,0,1.0,0
0.118,35,0,0.986,16534.0,10,0,1,0,0.0,0
0.3708,80,0,0.6626,11593.0,7,0,1,0,0.0,0
0.8457,78,0,1.0965,11698.0,12,0,1,0,1.0,0
0.3766,62,0,0.2873,,10,0,1,0,1.0,0
0.1615,25,0,0.2054,4510.0,16,0,1,0,0.0,0
0.2634,73,0,0.2336,9365.0,9,0,1,0,0.0,0
0.3736,72,0,0.8773,7942.0,10,0,1,0,0.0,0
0.416,28,0,0.2566,,9,0,0,0,2.0,0
0.0154,21,0,0.6806,5982.0,8,0,1,0,1.0,0
0.5125,44,0,0.3123,8459.0,12,0,0,0,3.0,0
0.038,57,0,0.3745,4671.0,7,0,1,0,1.0,0
0.5105,72,0,0.6892,1684.0,5,0,1,0,1.0,1
1.5422,26,0,0.5683,1796.0,11,0,1,0,2.0,0
0.6904,77,0,0.5644,8136.0,5,0,0,0,2.0,0
0.009,29,0,0.6666,7433.0,11,0,2,0,0.0,0
0.3673,64,0,0.0225,5230.0,8,0,3,0,2.0,0
0.472,52,0,0.4207,,6,0,3,0,2.0,0
0.0359,70,0,0.2063,3903.0,5,0,1,0,0.0,0
0.4598,57,0,0.5179,2748.0,8,0,3,0,0.0,0
0.3368,51,0,0.4132,3372.0,10,0,1,0,0.0,0
1.54,62,0,0.3727,1053.0,6,0,0,0,1.0,0
0.1098,41,0,0.7353,4148.0,9,0,1,0,0.0,0
0.4342,50,0,0.5664,,7,0,1,0,1.0,0
1.814,33,0,0.622,6279.0,4,0,0,0,0.0,0
1.5255,62,0,0.8829,7798.0,13,0,0,0,1.0,0
0.3423,68,0,0.1599,9535.0,5,0,1,0,1.0,0
1.4761,58,0,0.4287,7372.0,16,0,0,0,0.0,0
0.2302,55,0,0.1004,4010.0,6,0,1,0,1.0,0
0.1954,48,0,0.5529,10505.0,8,0,0,0,1.0,0
0.1495,86,0,0.7427,5575.0,8,0,5,0,0.0,0
0.6685,51,0,0.2024,2287.0,3,0,3,0,0.0,0
0.3776,30,0,0.3673,2352.0,11,0,0,0,0.0,0
0.1511,60,0,0.2147,4301.0,5,0,2,0,1.0,0
2.4363,53,1,0.3496,1431.0,7,0,1,0,1.0,0
0.1548,81,0,0.8842,17128.0,7,0,0,0,1.0,0
0.2676,52,0,0.692,2889.0,5,0,0,0,0.0,0
0.0457,33,0,0.3429,4784.0,8,0,2,0,0.0,0
0.2183,76,0,0.7424,3337.0,13,0,0,0,1.0,0
0.3548,56,0,0.5831,9177.0,10,0,3,0,2.0,0
0.8265,44,1,0.639,5617.0,6,0,0,0,1.0,0
0.2204,84,0,0.6609,6802.0,8,0,4,0,2.0,0
0.3755,52,0,0.2078,9358.0,12,0,0,0,0.0,0
1.1336,44,0,0.3617,5315.0,3,0,1,0,0.0,0
0.0971,65,0,0.2638,3826.0,5,0,1,0,1.0,0
0.3098,65,0,0.0607,5341.0,8,0,2,0,0.0,0
0.1178,65,0,0.7497,3734.0,6,0,1,0,3.0,0
1.6255,71,1,0.7842,10122.0,15,0,1,0,1.0,0
0.6234,25,0,1.274,,7,0,0,0,0.0,0
1.2518,64,0,0.4725,6483.0,6,0,1,0,0.0,0
3.081,53,0,0.6099,8099.0,6,0,0,0,0.0,0
0.3386,54,0,0.4295,1539.0,4,0,0,0,1.0,0
0.5179,45,0,0.2071,14245.0,6,0,0,0,1.0,0
1.122,46,0,0.5151,9186.0,12,0,0,0,2.0,0
0.2489,49,0,0.375,2955.0,7,0,2,0,1.0,0
8.1462,54,0,0.4255,18786.0,6,0,0,0,0.0,0
0.2348,21,0,0.1319,11072.0,4,0,2,0,1.0,1
0.0525,62,1,0.2268,,5,0,0,0,2.0,0
8.5931,66,0,0.7775,,13,0,0,0,2.0,0
0.422,59,0,0.0659,,5,0,0,0,1.0,0
1.3825,60,0,1.0716,3353.0,8,0,0,0,2.0,0
1.3422,66,0,0.4809,2738.0,11,0,1,0,0.0,0
0.3719,55,0,0.8789,13510.0,11,0,2,0,0.0,0
0.495,83,0,0.7693,4925.0,11,0,6,0,1.0,1
0.466,52,0,0.7029,3691.0,10,0,2,0,0.0,0
0.2797,66,0,0.0179,,9,0,0,0,1.0,0
0.8247,39,0,0.3327,2368.0,8,0,0,0,2.0,0
0.0681,50,0,0.1248,,7,0,1,0,1.0,0
0.509,68,0,0.7708,1609.0,4,0,0,0,0.0,0
0.5283,50,0,0.0679,9513.0,11,0,1,0,,0
0.2952,44,0,0.5213,,11,0,1,0,1.0,0
0.1202,57,0,0.5834,16880.0,8,0,0,0,1.0,0
0.7558,53,0,0.739,1146.0,9,0,0,0,2.0,0
0.754,39,0,0.8573,,8,0,0,0,4.0,0
0.8023,47,0,0.614,,11,0,0,0,1.0,0
0.0197,55,0,0.272,3517.0,16,0,0,0,1.0,0
1.2016,21,0,0.8555,,5,0,0,0,0.0,0
0.9065,53,0,0.2297,7646.0,11,0,0,0,3.0,0
0.2285,39,0,0.4234,7429.0,7,0,2,0,3.0,1
0.2778,48,0,0.321,16595.0,13,0,0,0,0.0,0
0.0115,34,0,0.602,2941.0,6,0,0,0,0.0,0
0.0613,47,0,0.3984,5551.0,4,0,1,0,1.0,0
2.5868,77,0,0.3784,7959.0,10,0,0,0,0.0,0
0.4773,38,0,0.242,,7,0,2,0,0.0,0
0.5864,43,0,0.7458,4002.0,5,0,0,0,1.0,0
0.3251,47,0,0.4714,,3,0,1,0,2.0,0
0.0886,22,0,0.0608,4415.0,8,0,0,0,0.0,0
0.3431,28,0,0.815,2337.0,6,0,1,0,0.0,0
0.5311,60,0,0.405,2267.0,9,0,2,0,2.0,0
0.3519,44,0,0.4732,3748.0,8,0,1,0,0.0,0
0.4888,77,0,0.6836,4619.0,5,0,1,0,0.0,0
0.6872,39,0,0.6659,3889.0,4,0,2,0,0.0,0
0.1977,78,0,0.8665,13460.0,7,0,1,0,0.0,0
0.6598,27,0,0.6739,22675.0,4,0,1,0,0.0,0
0.2969,50,0,0.3872,19243.0,5,2,0,0,0.0,0
0.0412,39,0,0.9442,4811.0,7,0,0,0,0.0,0
0.2979,63,0,0.7514,10427.0,8,0,0,0,1.0,0
0.4456,43,0,0.3785,9019.0,8,0,0,0,1.0,0
0.3833,44,0,0.3882,6251.0,15,0,0,0,2.0,0
0.0216,50,0,0.4812,8369.0,7,0,0,0,0.0,0
0.4492,88,0,0.1859,,6,0,0,0,3.0,0
0.5366,71,2,0.5685,3896.0,7,0,1,0,2.0,0
0.0194,45,0,0.9755,6010.0,6,0,2,0,0.0,0
0.54,38,0,0.5636,8939.0,10,0,0,0,0.0,0
0.0156,39,0,0.9767,3526.0,6,0,1,0,1.0,0
2.4936,36,0,0.2377,,9,0,0,0,1.0,0
0.1792,66,0,0.1996,6110.0,9,0,2,0,0.0,0
0.3824,41,0,0.2954,9750.0,9,0,0,0,0.0,0
3.5272,69,0,0.0573,6362.0,8,0,0,0,1.0,0
0.6093,69,0,0.0719,4384.0,9,0,1,0,3.0,0
0.8027,50,0,0.7884,5459.0,9,0,0,0,2.0,0
0.0723,31,0,0.8839,,8,0,2,0,2.0,0
0.4712,63,0,0.6003,,5,0,2,0,1.0,0
0.6414,34,0,0.4391,2254.0,6,0,0,0,0.0,0
0.3299,52,0,0.2858,10652.0,5,0,2,0,1.0,0
0.3002,73,0,0.749,3138.0,8,0,2,0,0.0,0
0.5779,21,2,1.0067,1785.0,8,0,1,0,0.0,0
0.5832,48,0,0.9037,3821.0,10,0,0,0,1.0,0
0.0762,43,0,0.5863,3355.0,5,0,0,0,0.0,0
0.394,45,1,0.3252,2170.0,5,0,2,1,0.0,0
0.0396,32,0,0.2661,,7,0,1,0,0.0,0
0.8001,81,0,0.9485,5197.0,7,0,0,0,1.0,1
0.0545,54,0,0.4621,5781.0,9,0,0,0,0.0,0
0.4611,23,0,0.2167,,5,0,2,0,2.0,0
0.1196,57,2,0.691,3181.0,6,0,1,0,0.0,0
0.437,68,0,0.6774,5717.0,11,0,0,0,0.0,0
0.775,51,0,0.2202,,7,0,1,0,1.0,0
0.7786,75,0,0.0477,6242.0,15,0,1,0,1.0,0
0.4473,23,0,0.5041,4737.0,6,0,3,0,1.0,0
0.0186,68,0,0.3972,2104.0,8,0,1,0,0.0,0
0.4959,48,0,0.5861,9915.0,10,0,0,0,1.0,0
0.2417,39,0,0.1578,4192.0,13,0,1,0,0.0,0
2.8501,63,0,0.3772,16390.0,13,0,1,0,0.0,0
0.5552,63,0,0.4172,2240.0,9,0,0,0,2.0,0
0.2024,73,0,0.8209,,8,0,2,0,1.0,0
0.2973,73,0,0.3682,7143.0,6,0,2,0,0.0,1
0.2101,53,0,0.2834,6360.0,7,0,1,0,2.0,0
1.261,29,0,0.3724,6856.0,7,0,1,0,1.0,1
0.3584,26,0,0.4614,,12,0,0,0,0.0,0
0.109,28,0,0.447,,12,0,1,0,1.0,0
0.3962,46,0,0.51,4911.0,3,0,0,0,1.0,0
0.2754,55,0,0.6756,,5,0,2,0,2.0,0
0.7973,60,0,0.6247,,4,0,1,0,3.0,0
0.9486,60,0,0.616,10412.0,10,0,3,0,0.0,0
0.1574,40,0,0.167,2968.0,4,0,0,0,0.0,0
0.2899,71,0,0.1525,,5,0,0,0,2.0,0
0.3292,74,0,0.1264,2055.0,7,0,3,0,2.0,0
0.2636,38,0,0.4376,3581.0,7,0,0,0,1.0,0
2.8885,50,0,0.7654,5268.0,8,0,1,0,1.0,0
0.5005,62,0,0.597,,8,0,2,0,1.0,0
0.2916,72,0,0.6213,11742.0,7,0,0,0,2.0,0
1.6846,60,1,0.98,,9,0,0,2,1.0,0
0.6993,44,0,0.7971,,11,0,2,0,2.0,0
0.0277,38,0,0.452,3069.0,6,0,0,0,0.0,0
0.4479,37,0,0.7312,5150.0,6,0,1,0,0.0,0
0.5464,48,0,0.1714,4027.0,4,0,0,0,0.0,0
0.2695,45,0,0.2511,11832.0,9,0,1,0,1.0,0
0.192,34,0,0.2663,9837.0,10,0,1,0,1.0,0
0.1469,62,1,0.1786,5366.0,7,0,2,0,3.0,0
0.409,47,0,0.4475,4838.0,5,0,1,0,0.0,0
0.0406,58,0,0.5265,,6,0,3,0,1.0,0
1.6428,34,0,0.1712,6484.0,5,0,1,0,2.0,0
0.1256,66,0,0.3265,4052.0,8,0,0,0,0.0,0
0.0105,64,0,0.2455,1833.0,8,0,1,0,0.0,0
0.3951,68,0,0.8458,9068.0,7,0,0,0,0.0,0
0.2083,50,0,0.7107,14579.0,6,0,1,0,0.0,0
0.2957,49,0,0.283,14953.0,6,0,0,0,2.0,0
0.1382,61,0,0.1056,10360.0,4,0,4,0,2.0,0
0.3042,70,0,0.283,8347.0,4,0,0,0,0.0,0
1.6571,52,0,0.5291,6005.0,11,0,0,0,1.0,0
4.4836,30,0,0.5207,7044.0,5,0,0,0,1.0,0
3.5163,46,0,0.7736,,6,0,0,0,0.0,0
0.6205,71,0,0.555,3222.0,10,0,5,0,0.0,0
0.174,63,0,0.4796,2026.0,2,0,0,0,0.0,0
0.043,56,0,0.5985,11242.0,19,0,1,0,1.0,0
0.3323,46,0,0.2761,7717.0,15,0,0,0,0.0,0
2.677,76,0,0.2797,5595.0,9,0,0,0,2.0,0
0.1888,38,0,0.7585,20686.0,6,0,2,0,2.0,0
0.1343,52,1,0.2272,5524.0,6,0,2,0,1.0,0
0.2069,59,0,0.595,10858.0,8,0,1,0,1.0,0
2.2797,58,0,0.9331,4566.0,9,0,1,0,1.0,0
0.229,41,0,0.7348,4406.0,10,0,1,0,0.0,0
0.5564,64,0,0.9853,3624.0,7,0,2,0,0.0,0
0.1799,60,0,0.3815,,13,0,2,0,1.0,0
0.4028,55,0,0.5118,5367.0,11,0,0,0,0.0,0
0.4972,58,0,0.3157,774.0,10,0,1,0,1.0,0
0.0572,45,0,0.3977,3082.0,6,0,0,0,0.0,0
0.567,78,0,0.0683,,1,0,1,0,1.0,0
0.28,71,0,0.1463,7946.0,10,0,2,0,0.0,0
0.1605,43,0,0.3095,3655.0,12,0,0,0,1.0,0
0.515,50,0,0.1399,4852.0,8,0,2,0,2.0,0
0.1703,68,0,0.4583,,11,0,0,0,0.0,0
0.5713,61,0,0.4226,4123.0,8,0,0,0,0.0,0
0.4078,54,0,0.5327,2279.0,11,0,0,0,0.0,0
0.665,38,0,0.1295,3074.0,7,0,1,0,0.0,0
0.5161,40,0,0.6184,,15,0,0,0,1.0,0
2.1446,53,0,0.5308,3888.0,6,0,0,0,,0
0.3289,76,1,0.9118,17340.0,8,0,0,0,1.0,1
0.4752,69,0,0.1536,,12,0,3,0,0.0,0
0.4438,61,0,0.396,13623.0,7,0,0,0,0.0,0
1.2237,63,0,0.4566,,5,0,0,0,0.0,0
0.1209,21,0,0.6476,6552.0,6,0,0,0,1.0,0
0.3116,57,0,0.0475,6278.0,9,0,0,0,0.0,1
0.8911,57,0,0.0945,8218.0,5,0,1,0,1.0,0
0.4423,32,0,0.3712,3032.0,9,0,1,0,1.0,0
0.7093,84,0,0.2007,12552.0,10,0,0,0,1.0,0
1.0078,59,0,0.8532,9443.0,10,0,1,0,1.0,0
0.3735,60,0,0.1025,,8,0,1,0,0.0,0
3.0032,42,0,0.0914,3968.0,11,0,0,0,0.0,0
0.4051,56,0,1.0349,3620.0,6,0,3,0,0.0,0
0.3727,55,0,0.8751,2606.0,4,0,0,0,0.0,0
0.5373,79,0,0.692,15198.0,5,0,0,0,0.0,0
1.0506,66,0,0.5476,4831.0,8,0,3,0,1.0,0
0.4633,55,0,0.4405,14645.0,8,0,1,0,0.0,0
1.0188,31,0,0.1377,2663.0,12,0,1,0,3.0,0
0.0884,35,0,0.2382,5323.0,10,0,3,0,0.0,0
0.6205,21,0,0.5337,2512.0,9,0,0,0,1.0,1
6.6252,48,0,0.0693,6229.0,9,0,0,0,1.0,0
0.3411,60,0,0.392,,12,0,0,0,1.0,0
0.4666,54,2,0.965,2702.0,16,1,0,0,0.0,0
0.3161,62,0,0.5164,2473.0,7,0,2,0,0.0,0
0.2525,82,0,0.5717,2862.0,7,0,2,0,2.0,0
0.2853,39,0,0.2608,8297.0,10,0,2,0,0.0,0
0.0385,39,0,0.3006,2769.0,7,0,0,0,0.0,0
0.3539,54,0,0.6367,2772.0,5,0,0,0,0.0,0
0.2614,31,0,0.6618,,3,0,3,0,2.0,0
0.0611,52,0,0.6217,,8,0,3,0,1.0,0
0.1574,46,0,0.6225,3747.0,9,0,1,0,0.0,0
0.8732,35,0,0.4414,,12,0,0,0,0.0,0
3.0395,34,0,0.7445,,12,0,0,0,2.0,0
0.178,45,0,0.2599,7137.0,12,0,0,0,1.0,0
1.3406,43,0,0.3959,2353.0,7,0,3,0,2.0,0
0.3373,47,0,1.0477,,9,0,0,0,2.0,0
0.384,71,0,0.7552,4705.0,6,0,0,0,2.0,0
0.5252,67,0,0.1824,,11,0,1,0,0.0,0
0.1165,58,0,0.2958,9779.0,5,0,1,0,4.0,0
0.3222,62,1,0.3024,4757.0,8,0,0,0,2.0,0
0.6076,38,0,0.6295,4138.0,9,0,3,0,1.0,0
0.3323,61,0,0.3865,9414.0,8,0,0,0,,0
0.1277,38,0,0.2904,3428.0,6,0,1,0,1.0,0
0.3292,61,0,0.723,9660.0,6,0,0,0,1.0,0
2.0524,78,0,0.6242,3642.0,7,0,3,0,0.0,1
1.8386,66,0,0.6026,5939.0,9,2,0,0,2.0,0
0.4527,65,0,0.8319,4616.0,9,0,0,0,0.0,0
1.3551,37,0,0.3247,8390.0,11,0,0,0,0.0,0
0.509,52,0,0.3414,,6,0,1,0,0.0,1
1.2965,56,0,0.5094,3187.0,9,0,2,0,0.0,0
0.4455,67,2,0.9114,7581.0,6,0,1,1,0.0,0
0.3869,43,0,0.8886,,7,0,1,0,2.0,0
0.2717,51,2,0.372,,8,0,0,0,0.0,0
0.6208,75,1,0.0574,9136.0,4,3,2,0,0.0,0
0.5046,54,0,0.4527,2431.0,7,0,2,0,1.0,0
0.4065,21,0,0.3505,17502.0,9,0,0,0,1.0,0
0.1398,37,0,0.5631,3002.0,11,0,1,0,0.0,0
0.8938,44,0,0.1097,,7,0,3,0,2.0,0
0.6783,39,0,0.5734,4638.0,10,0,0,0,2.0,0
0.3193,57,0,0.4172,4692.0,10,0,0,0,0.0,0
0.1721,69,0,0.5867,12594.0,9,0,0,0,0.0,0
0.7163,72,0,0.8713,3502.0,10,0,0,0,1.0,1
0.1613,73,0,0.1692,,7,0,1,0,2.0,0
0.325,45,0,0.1755,3383.0,13,0,1,0,1.0,0
0.0573,50,0,0.7079,4066.0,13,0,1,0,0.0,0
0.1016,52,0,0.6435,7207.0,8,0,0,0,1.0,0
1.9624,94,1,0.5955,8278.0,12,0,2,0,0.0,0
0.1987,59,0,0.1947,,7,0,1,0,,0
0.7225,51,0,0.4312,5476.0,11,0,0,0,1.0,0
0.61,41,0,0.2906,8515.0,8,0,0,0,0.0,0
0.1214,70,0,0.469,9650.0,7,0,1,0,1.0,0
1.2286,36,0,0.7317,5246.0,11,0,1,0,0.0,1
0.4475,57,0,0.7769,,9,0,1,0,1.0,0
0.2388,52,0,0.2791,7873.0,3,0,3,0,1.0,0
0.1626,48,0,0.5083,4110.0,7,0,0,0,1.0,0
0.2964,80,0,0.2989,6101.0,14,0,0,0,1.0,0
0.5763,61,0,1.266,16763.0,6,0,2,0,0.0,0
0.4418,68,0,0.6171,14791.0,8,0,0,0,3.0,0
3.1949,37,0,0.4022,12344.0,9,0,1,0,1.0,0
0.1723,68,0,0.4175,10412.0,6,0,1,0,1.0,0
0.3054,73,0,0.6475,4521.0,9,0,2,0,1.0,0
0.5702,57,0,0.5363,970.0,11,0,1,0,1.0,0
0.5022,47,0,0.1006,,12,0,4,0,1.0,0
0.0718,41,0,0.4849,2760.0,5,0,3,0,0.0,0
0.379,53,0,0.217,2668.0,3,0,2,0,,0
0.6629,50,0,0.9622,7618.0,6,0,1,0,1.0,0
0.0159,44,1,0.1882,2177.0,11,0,1,0,0.0,0
0.4289,59,0,0.554,5562.0,9,0,0,0,1.0,0
0.3859,56,0,0.03,3569.0,3,0,3,0,1.0,0
0.2858,47,0,0.8038,2524.0,5,0,1,0,1.0,0
7.8659,48,0,0.2182,4200.0,7,0,1,0,0.0,0
2.9864,29,3,0.2448,5524.0,10,0,0,1,0.0,0
0.2691,50,0,0.4213,4196.0,12,0,1,0,2.0,0
0.7307,35,0,0.3965,8213.0,10,0,1,0,1.0,0
0.0161,47,1,0.6091,5261.0,6,1,4,0,2.0,0
1.9928,57,0,0.3527,2224.0,9,0,0,0,0.0,0
0.2847,27,0,0.4988,4391.0,10,0,0,0,2.0,0
0.7126,49,0,0.3243,,6,0,0,0,2.0,0
0.5517,57,0,0.1531,2263.0,4,0,0,0,,0
0.2556,31,0,0.4047,8544.0,7,0,3,0,1.0,0
0.6405,44,0,0.548,3605.0,12,0,0,0,2.0,0
0.3198,34,0,0.625,,11,0,0,0,1.0,0
0.5339,65,0,0.4716,4370.0,7,0,2,0,0.0,0
3.2658,43,0,0.5858,17641.0,9,0,0,0,1.0,0
0.1722,43,0,0.4763,12325.0,8,0,0,0,0.0,0
0.5372,64,0,0.747,5454.0,4,0,3,0,1.0,0
0.3554,49,0,0.4199,2835.0,9,0,1,0,1.0,0
0.3611,78,0,0.4094,5480.0,7,0,1,0,0.0,1
2.3478,60,1,0.6393,2242.0,6,0,0,0,2.0,0
3.4398,59,1,0.1322,8132.0,7,1,1,0,2.0,0
1.0106,59,0,0.2213,11232.0,7,0,1,0,1.0,0
0.1958,70,0,0.3341,,7,0,0,0,0.0,0
0.0874,21,0,0.4849,7762.0,11,0,2,0,1.0,0
0.436,62,0,0.8573,13990.0,9,0,2,0,1.0,0
4.2565,41,0,0.2374,22139.0,6,0,1,0,0.0,0
0.3083,35,0,0.4547,4804.0,10,0,0,1,1.0,0
0.2915,50,0,0.3706,11514.0,11,0,2,0,1.0,0
0.5709,51,0,0.1961,2185.0,12,0,2,0,0.0,0
0.2107,27,0,0.3942,,14,0,1,0,1.0,0
0.6407,35,0,0.5996,15629.0,8,0,5,0,1.0,0
0.5902,32,0,0.4799,,11,0,3,0,1.0,1
0.2873,40,0,0.3979,8285.0,6,0,1,0,1.0,0
0.2809,59,0,0.1536,3192.0,2,0,1,0,0.0,0
0.4341,47,0,0.2055,6987.0,14,0,0,0,0.0,0
0.9101,56,3,0.1515,13905.0,9,0,0,0,2.0,0
0.5431,41,0,0.5748,,7,0,1,0,0.0,0
4.9608,71,0,0.4199,5983.0,10,0,0,1,1.0,0
0.1676,46,0,0.4777,13864.0,8,0,1,0,1.0,0
0.9388,65,0,0.1201,16676.0,0,0,0,0,1.0,0
0.8687,53,0,0.1184,5245.0,9,0,3,0,1.0,0
0.5521,41,0,0.302,8721.0,5,0,1,0,0.0,0
0.5861,82,0,0.373,3930.0,10,0,0,0,2.0,0
0.2434,69,0,0.2604,,9,0,1,0,0.0,0
0.1648,49,0,0.343,7674.0,3,0,1,0,0.0,0
4.1285,65,0,0.8833,4358.0,8,0,1,0,0.0,0
0.4497,52,0,0.6177,14276.0,7,0,2,0,,0
0.274,48,0,0.531,,9,0,0,0,1.0,0
0.5727,42,0,0.4446,3132.0,7,0,3,0,2.0,0
0.3541,52,0,0.6527,4542.0,5,0,1,0,1.0,0
0.319,56,0,0.4151,5855.0,10,0,2,0,0.0,0
1.0719,55,0,0.5423,3679.0,14,0,0,0,2.0,0
0.2595,60,0,0.2083,4368.0,5,0,0,0,0.0,0
0.7732,52,0,0.299,5197.0,8,0,4,0,0.0,0
0.0926,34,0,0.543,,6,0,2,0,2.0,0
0.9823,58,0,0.3564,,8,0,1,0,0.0,0
8.1059,42,0,0.0389,6511.0,14,0,0,0,1.0,0
0.0425,29,0,0.6841,,8,0,2,0,1.0,0
0.6041,48,0,0.7013,,8,0,1,0,0.0,0
0.4562,44,0,1.0341,2413.0,12,0,2,0,0.0,0
0.1197,40,0,0.8598,3994.0,4,0,1,0,1.0,0
0.4938,33,0,0.4182,4499.0,7,0,0,0,0.0,1
1.7117,55,0,0.1435,4858.0,7,0,1,0,1.0,0
0.3014,42,0,0.2476,,13,0,1,0,0.0,0
0.1648,38,0,0.8905,5093.0,6,0,2,0,0.0,0
0.142,57,0,0.1887,5227.0,8,0,1,0,1.0,0
0.3857,48,0,0.4985,8475.0,8,0,0,0,0.0,0
0.0428,56,0,0.3078,11161.0,8,0,1,0,2.0,0
0.15,49,0,0.4858,9423.0,8,0,1,0,1.0,0
0.3235,56,0,0.8791,3517.0,12,0,0,0,0.0,0
0.6104,31,0,0.2077,3358.0,8,0,0,0,2.0,0
0.1967,71,0,0.5798,3748.0,13,0,2,0,0.0,0
0.6814,27,0,0.6383,10553.0,9,0,0,0,1.0,0
1.163,63,0,0.1806,6146.0,5,0,0,0,0.0,0
2.2355,50,0,0.9153,3500.0,5,0,1,0,0.0,0
0.0952,82,0,0.0809,,11,0,1,0,0.0,0
0.5169,52,0,0.5535,,10,0,0,0,0.0,0
0.2086,61,0,0.598,9071.0,9,0,1,0,1.0,0
0.3999,22,0,0.3534,2542.0,5,0,5,0,1.0,0
0.4112,69,0,0.1921,,6,0,0,0,0.0,0
0.0418,58,0,0.5652,,7,0,3,0,0.0,0
0.3708,26,0,0.6783,6804.0,8,0,1,0,4.0,0
0.2341,42,0,0.5311,2751.0,6,0,1,0,2.0,0
0.3684,47,0,0.6993,,11,0,0,0,1.0,0
3.2207,67,0,0.0924,8696.0,8,0,1,0,0.0,0
1.1201,48,0,0.1959,3396.0,8,0,1,0,1.0,0
0.3071,33,0,0.2287,13715.0,10,0,1,0,0.0,0
0.1193,45,0,1.2497,5994.0,11,0,1,0,2.0,0
0.3724,59,0,0.8902,7653.0,7,0,1,0,1.0,0
0.5392,50,0,0.2399,5940.0,13,0,0,0,1.0,0
1.067,61,0,0.672,,8,0,0,0,1.0,0
0.3596,21,0,0.2939,5360.0,5,0,0,0,0.0,0
0.3589,77,0,0.7325,4734.0,5,0,0,0,1.0,0
0.0145,51,0,0.3303,4203.0,10,0,0,0,4.0,0
0.6376,56,1,0.4034,2721.0,11,0,0,2,1.0,0
0.1695,64,0,0.8025,6222.0,9,0,0,0,2.0,0
0.5061,69,0,0.2396,,3,0,1,0,0.0,0
0.6656,68,0,0.1209,2710.0,10,0,0,1,2.0,0
0.3898,40,0,0.8302,5775.0,8,0,1,0,1.0,0
0.5521,28,0,1.1011,,6,0,0,0,1.0,1
0.0002,59,0,0.6245,3175.0,9,0,2,0,0.0,0
0.2293,68,0,0.9864,,9,0,0,0,1.0,0
0.2468,59,0,0.7732,,7,0,0,0,1.0,0
3.3813,23,0,0.5101,9703.0,7,0,1,0,0.0,0
0.0199,80,0,0.0384,2770.0,4,0,2,0,1.0,0
4.0112,44,0,0.313,4532.0,9,0,0,0,1.0,0
0.6736,64,0,0.3163,3275.0,5,0,0,0,0.0,0
0.2057,25,0,0.1411,1974.0,6,0,2,0,1.0,0
1.4798,71,1,0.1095,6977.0,7,0,2,1,0.0,0
2.0629,66,1,0.6846,5473.0,5,1,0,0,1.0,0
2.176,46,0,0.7362,3749.0,7,0,1,0,0.0,0
0.1476,70,0,0.9271,5369.0,10,0,1,0,2.0,0
0.3507,54,0,0.3286,,4,0,0,0,0.0,0
0.1938,64,0,0.5546,16780.0,9,0,0,0,1.0,0
0.6145,50,0,0.7897,4476.0,9,0,3,0,0.0,0
0.4888,42,0,0.2854,3998.0,4,0,1,0,1.0,0
0.7065,77,0,0.3153,8043.0,15,0,2,0,0.0,0
0.6241,59,0,0.3723,10749.0,4,0,2,0,0.0,1
0.2268,33,0,0.3398,,6,0,0,0,0.0,0
0.1654,54,0,0.544,6822.0,6,0,0,0,0.0,0
0.6814,62,0,0.4586,2334.0,6,0,1,0,1.0,1
0.3299,68,0,0.6259,,13,0,0,0,0.0,0
0.787,82,0,0.1692,,9,0,1,0,2.0,0
0.271,61,0,0.7686,7576.0,7,0,0,0,1.0,0
0.3345,42,0,0.9177,4193.0,11,0,0,0,2.0,0
0.4005,49,0,0.4427,2412.0,9,0,0,0,0.0,0
0.085,70,0,0.8997,5980.0,8,0,3,0,,0
0.9139,42,0,0.4838,14056.0,8,0,1,0,1.0,0
0.3411,55,0,0.6407,10992.0,10,0,2,0,1.0,0
0.3218,45,0,0.2379,4252.0,5,0,4,0,1.0,0
0.6039,48,0,0.0867,5257.0,8,0,0,0,0.0,0
2.6351,49,2,0.1574,,6,0,1,0,2.0,0
0.5731,55,0,0.2982,5824.0,8,0,2,0,1.0,0
0.3967,50,0,0.3515,,3,0,0,0,0.0,0
0.5917,29,0,0.5234,9203.0,8,0,0,0,1.0,0
0.0528,69,0,0.0279,,14,0,1,0,0.0,0
0.1191,68,0,0.6155,8179.0,7,0,0,0,3.0,0
0.1376,55,0,0.9574,,9,0,0,0,0.0,0
6.8728,70,0,0.0737,5431.0,11,0,0,0,2.0,0
1.1152,62,1,1.0504,14678.0,8,2,0,0,1.0,0
0.1238,63,0,0.4808,3982.0,9,0,0,0,0.0,0
1.0846,57,0,0.4836,,10,0,0,0,0.0,0
0.8856,63,0,0.9473,12234.0,10,0,2,0,1.0,0
0.1417,38,0,1.1952,3054.0,13,0,1,0,0.0,0
0.0597,47,2,0.1982,4625.0,10,0,0,0,1.0,0
0.5974,32,0,0.504,1852.0,8,0,2,0,3.0,0
0.9204,35,0,0.6601,5791.0,11,0,2,0,0.0,0
4.6915,70,0,0.7473,4797.0,11,0,1,0,1.0,1
0.91,58,0,0.1812,3830.0,9,0,0,0,0.0,0
0.1068,45,0,0.6446,6446.0,6,0,2,0,0.0,0
0.2739,39,0,0.5795,,5,0,0,0,1.0,0
0.7346,33,0,0.6197,5849.0,8,0,1,0,2.0,0
0.6404,35,0,0.2543,,5,0,2,0,1.0,0
1.1067,43,0,0.6407,3864.0,12,0,1,0,1.0,0
0.2741,21,0,0.3408,2772.0,9,0,1,0,1.0,1
0.4185,65,0,0.8393,3943.0,3,0,0,0,1.0,0
0.2953,56,0,0.3878,2801.0,9,0,1,0,1.0,0
0.5096,58,0,0.1971,,11,0,1,0,1.0,0
1.3216,61,0,0.5757,5621.0,7,0,0,0,0.0,0
0.9415,52,0,0.126,5268.0,7,0,1,0,1.0,0
0.5186,55,0,0.5626,7686.0,2,0,2,0,1.0,0
2.8828,51,0,0.2448,6344.0,7,0,0,0,2.0,0
0.1411,72,3,0.2112,11505.0,8,0,1,0,1.0,0
0.3438,39,0,0.3119,2212.0,11,0,2,0,0.0,0
0.0652,64,0,0.2519,5149.0,3,0,0,0,1.0,0
0.2248,37,0,0.5341,,8,0,1,0,,0
1.547,36,1,0.0685,6071.0,10,0,4,0,1.0,0
0.0075,31,0,0.2012,,10,0,1,0,0.0,0
3.5114,25,3,0.6937,8771.0,4,0,2,0,1.0,0
0.2278,56,0,0.5022,8457.0,7,0,0,0,2.0,0
5.4838,38,1,0.16,,6,0,2,0,0.0,0
0.3304,57,0,0.3559,4361.0,5,0,1,0,0.0,0
5.7422,75,0,0.2197,2329.0,5,0,1,0,2.0,0
0.5056,46,0,0.3502,3507.0,8,0,1,0,0.0,0
0.3477,57,0,0.2451,3987.0,7,0,4,0,0.0,0
0.0751,66,0,0.1658,1558.0,10,0,1,0,2.0,0
0.9951,56,0,0.6246,8129.0,11,0,2,0,0.0,0
0.0452,54,0,0.1601,12598.0,4,0,0,0,1.0,0
0.2018,28,0,0.9759,,8,0,1,0,0.0,0
0.2976,54,0,0.3517,,5,0,1,0,2.0,0
0.7363,61,0,0.5389,2424.0,12,0,1,0,1.0,1
0.2591,77,0,0.2944,2804.0,6,0,0,0,2.0,0
0.1604,47,0,0.5953,5540.0,5,0,2,0,0.0,0
0.5263,69,0,0.4415,6827.0,10,0,1,0,2.0,0
0.4482,43,0,0.1969,4948.0,3,0,2,0,1.0,0
0.7035,65,0,0.9748,2012.0,8,0,0,0,0.0,0
0.0201,40,0,0.6291,14479.0,5,0,2,0,2.0,0
1.0045,54,0,0.8557,2945.0,15,0,0,0,1.0,0
0.3809,43,0,0.5635,7202.0,6,0,1,0,1.0,0
0.5661,52,0,0.2288,9724.0,6,0,1,0,1.0,0
0.7721,52,0,0.4228,4657.0,5,0,2,0,1.0,0
0.1971,53,0,0.6198,,8,0,1,0,2.0,0
0.0389,41,0,0.4689,,14,0,2,0,2.0,0
8.3853,51,0,0.456,6406.0,2,0,0,0,1.0,0
1.2733,57,2,0.2595,3579.0,12,0,2,0,0.0,0
0.1832,47,0,0.252,2375.0,3,0,1,0,1.0,0
0.4771,40,0,0.105,2199.0,10,0,2,0,0.0,0
0.9439,42,0,0.2664,,8,0,1,0,2.0,0
0.2558,66,0,0.1141,7631.0,7,0,2,0,1.0,0
1.0485,52,0,0.574,5723.0,12,0,0,0,1.0,0
0.9582,72,0,0.1269,,9,0,0,0,0.0,1
0.5423,49,0,0.8836,5660.0,10,0,1,0,0.0,0
1.0614,50,2,0.3018,5448.0,11,0,1,0,1.0,0
0.0889,60,0,0.6199,2659.0,11,0,0,0,0.0,0
0.131,60,0,0.5099,,4,0,1,0,1.0,0
0.2287,71,0,0.054,4442.0,7,0,3,0,2.0,0
0.5956,22,0,0.4866,21289.0,7,0,1,0,0.0,0
0.1049,59,0,0.2592,3960.0,4,0,0,0,0.0,0
0.7304,37,0,0.7547,7944.0,5,0,4,0,0.0,0
0.2149,50,0,0.4653,11424.0,8,0,2,0,1.0,0
0.4175,36,0,0.4295,7640.0,11,0,1,0,1.0,0
0.0559,55,0,0.2526,6215.0,5,0,1,0,0.0,1
6.0374,37,0,0.3797,,10,0,2,0,0.0,0
0.05,25,1,0.5355,,8,2,0,1,2.0,0
0.8603,36,0,0.4364,,7,0,0,0,2.0,0
0.1684,68,0,0.4768,3688.0,6,0,1,0,0.0,0
0.2359,61,0,0.4597,4115.0,7,0,1,0,1.0,0
0.3741,70,0,0.3783,4476.0,12,0,1,0,0.0,0
0.4798,25,0,0.1787,4080.0,8,0,1,0,1.0,0
0.6353,77,0,0.0394,14271.0,7,0,1,0,0.0,0
0.1147,85,0,0.2543,4935.0,8,0,0,0,0.0,0
0.1614,37,0,0.2973,4519.0,7,0,0,0,1.0,0
0.1856,57,0,0.6072,10638.0,6,0,3,0,1.0,0
0.0242,43,0,0.6273,11918.0,12,0,0,0,2.0,0
0.4434,63,0,0.3749,,9,0,2,0,0.0,0
0.0316,75,0,0.4968,2001.0,3,0,4,0,2.0,0
0.2798,38,0,0.276,2990.0,7,0,0,0,0.0,0
4.7635,34,0,0.6396,6184.0,5,0,0,0,0.0,0
0.4786,48,0,0.8045,,12,0,2,0,3.0,0
2.4683,95,0,0.5353,6998.0,8,0,0,0,1.0,0
3.4264,64,0,0.3686,7100.0,8,0,3,0,2.0,0
0.1834,59,0,0.0839,5806.0,8,0,1,0,2.0,0
0.2014,66,0,0.1902,6160.0,7,0,0,0,3.0,0
0.803,68,0,0.1945,10644.0,5,0,5,0,0.0,0
0.9403,57,0,0.5883,,10,0,2,0,3.0,0
1.0724,51,0,0.5303,,6,0,1,1,2.0,0
2.5468,44,0,0.4372,4989.0,8,0,1,0,0.0,0
0.3265,55,0,0.5824,,4,0,1,0,0.0,0
0.3989,68,0,0.4512,1727.0,5,0,1,0,1.0,0
0.5217,67,0,0.9412,,6,0,2,0,0.0,0
0.1965,44,0,0.5611,3665.0,7,0,1,0,0.0,0
0.0735,50,0,0.2762,,9,0,0,0,1.0,0
0.7142,35,0,0.1885,,6,0,0,0,0.0,0
0.3208,67,0,0.2208,5793.0,5,0,1,0,1.0,1
1.2976,59,0,0.4615,2186.0,7,0,1,0,0.0,0
0.7339,48,0,0.4068,3551.0,9,0,1,0,0.0,0
0.3894,46,0,0.042,9248.0,12,0,0,0,1.0,0
0.5984,38,0,0.5564,,10,0,3,0,0.0,0
0.719,53,0,0.4551,31362.0,6,0,0,0,1.0,0
0.4314,73,0,0.9693,3655.0,11,0,2,0,0.0,1
0.7639,41,0,0.3347,,13,0,0,0,0.0,0
0.1821,33,0,0.5521,,12,0,0,0,1.0,0
0.1167,54,0,0.3048,1399.0,5,0,0,0,0.0,0
2.3605,69,1,0.4504,,6,2,1,1,2.0,0
0.6309,65,0,0.4784,7783.0,15,0,1,0,0.0,0
5.3508,69,0,0.2326,,5,0,0,0,0.0,0
0.5293,45,0,0.1564,6474.0,9,0,1,0,0.0,0
1.1156,64,0,0.3778,8586.0,8,0,0,0,0.0,0
1.0059,57,0,0.4007,6242.0,8,0,0,0,2.0,0
2.5044,48,0,0.3603,6072.0,8,0,0,0,2.0,0
0.2597,52,0,0.7214,4546.0,3,0,1,0,0.0,0
1.2808,63,0,0.4574,10625.0,3,0,1,0,0.0,0
0.1501,60,0,0.1886,5970.0,9,0,0,0,1.0,0
0.39,60,0,1.0378,2293.0,9,0,0,0,1.0,0
0.1176,61,0,0.2208,5292.0,12,0,1,0,1.0,0
0.4743,46,0,0.1631,6634.0,9,0,2,0,2.0,0
0.727,33,0,0.783,2763.0,9,0,0,0,2.0,0
0.5309,42,0,0.1295,13624.0,10,0,1,0,1.0,0
0.1112,64,0,0.6519,3662.0,5,0,0,0,0.0,0
0.5646,32,0,0.1393,7554.0,4,0,0,0,1.0,0
0.9933,52,3,1.0029,5818.0,8,0,0,0,2.0,0
0.384,54,0,0.2719,8869.0,9,0,1,0,0.0,0
0.2109,62,0,0.1628,5147.0,10,0,1,0,1.0,0
0.1466,34,0,0.4467,3377.0,9,0,1,0,2.0,0
0.2064,21,0,0.8638,19536.0,14,0,0,0,0.0,0
0.0526,44,0,0.5953,3692.0,11,0,1,0,4.0,0
0.1183,60,0,0.4606,13152.0,4,0,1,0,1.0,0
0.1713,71,0,0.6231,2479.0,10,0,1,0,1.0,0
9.6493,43,0,0.8582,7490.0,12,0,1,0,3.0,0
5.1744,40,2,0.5714,3746.0,10,0,1,0,2.0,0
0.7888,55,0,0.6875,3371.0,3,0,1,0,1.0,0
0.2638,81,0,0.6151,6414.0,9,0,1,0,1.0,0
0.2129,58,0,0.8428,9941.0,9,0,3,0,0.0,0
0.8341,60,0,0.6057,3269.0,5,0,0,0,0.0,1
0.6691,79,0,0.705,,11,0,1,0,1.0,0
0.6174,65,0,0.1944,6107.0,5,0,0,0,,0
0.2198,54,0,0.6408,,8,0,1,0,0.0,0
0.2786,36,0,0.122,5696.0,10,0,2,0,0.0,0
0.3772,53,0,0.7198,1629.0,9,0,0,0,1.0,0
0.6017,62,0,0.6445,11657.0,9,0,1,0,0.0,0
0.0131,37,0,0.6055,,12,0,0,0,1.0,0
1.3476,65,0,0.0884,,8,0,3,0,0.0,0
8.007,50,0,0.7575,,6,0,2,0,0.0,0
0.2471,49,0,0.2287,8202.0,19,0,1,0,0.0,0
0.9971,39,0,0.2381,3627.0,6,0,0,0,3.0,0
0.2466,57,0,0.508,,9,0,2,0,1.0,0
0.4405,62,0,0.6869,3226.0,9,0,0,0,0.0,0
0.1477,37,0,0.1964,1915.0,6,0,1,0,1.0,0
0.6997,59,0,0.5023,5936.0,7,0,0,0,4.0,0
0.9782,65,0,0.3853,5278.0,7,0,1,0,0.0,0
0.3597,64,0,1.0112,,12,0,0,0,1.0,0
0.1041,55,0,0.1982,3135.0,13,0,1,0,1.0,0
0.9692,47,0,0.4733,5056.0,10,0,1,0,0.0,0
6.1698,48,0,0.3074,16057.0,6,0,0,0,1.0,0
0.4232,32,0,0.4247,4568.0,7,0,1,0,0.0,0
0.778,43,0,1.0827,5877.0,8,0,3,0,0.0,0
0.32,48,0,0.9352,21661.0,6,0,0,0,2.0,0
0.1493,41,0,0.5217,3099.0,9,0,0,0,1.0,0
0.1709,54,0,0.3419,6091.0,8,0,0,0,1.0,0
0.2465,73,0,0.4826,2272.0,3,0,2,0,1.0,0
0.0647,75,0,0.5544,3252.0,6,0,0,0,1.0,0
4.3988,44,0,0.3498,,6,0,2,0,1.0,0
0.0614,77,0,0.3215,9449.0,10,0,0,0,0.0,0
0.4411,68,0,0.3066,8139.0,11,0,0,0,1.0,0
0.206,42,0,0.3953,,6,0,0,0,1.0,0
0.2989,59,0,0.3893,7110.0,7,0,2,0,0.0,0
0.4881,52,0,0.3874,7621.0,11,0,1,0,0.0,0
0.3693,23,0,0.8574,7490.0,6,0,1,0,0.0,0
0.3312,34,0,0.2279,1984.0,6,0,2,0,3.0,0
0.3075,62,0,1.0681,7862.0,13,0,1,0,1.0,0
0.5315,30,0,0.072,8246.0,11,0,0,0,2.0,0
2.0884,77,0,0.833,12623.0,14,0,1,0,1.0,0
0.2814,66,0,0.5264,10197.0,4,0,4,0,0.0,0
0.5216,62,0,0.5229,4609.0,10,0,1,0,0.0,0
0.4358,30,0,0.3138,1656.0,4,0,0,0,0.0,0
0.2023,67,0,0.247,7362.0,13,0,0,0,1.0,0
0.0056,65,0,0.6264,2569.0,10,0,2,0,1.0,0
0.6816,65,0,0.716,11244.0,10,0,0,0,0.0,0
0.2958,65,0,0.4985,4116.0,8,0,0,0,0.0,0
0.533,76,0,0.5578,2722.0,8,0,1,0,1.0,0
0.4245,42,0,0.605,6852.0,5,0,2,0,2.0,0
1.9192,49,0,0.8554,1999.0,9,0,1,0,1.0,0
0.5667,40,0,0.1159,9063.0,11,0,0,0,2.0,0
0.4313,63,0,0.619,5394.0,9,0,0,0,0.0,0
0.8563,49,0,0.8361,2854.0,8,0,1,0,0.0,0
0.0064,33,0,0.4956,11482.0,7,0,1,0,,0
0.4089,53,0,0.6116,5336.0,5,0,3,0,0.0,0
0.0069,24,0,0.2632,2580.0,5,0,0,0,0.0,0
0.4787,53,0,0.4493,11016.0,10,0,1,0,0.0,0
0.306,54,0,0.5289,4688.0,3,0,0,0,0.0,0
0.0092,46,0,0.4246,5637.0,14,0,1,0,5.0,0
0.4461,66,0,0.4949,16820.0,6,0,3,0,0.0,0
0.4949,27,0,0.4739,6977.0,9,0,1,0,2.0,0
0.3587,53,0,0.4935,1897.0,8,0,0,0,3.0,0
0.2908,55,0,0.5928,,6,0,0,0,0.0,0
1.1537,51,0,0.1262,855.0,3,0,2,0,0.0,0
0.0829,69,0,0.5829,2345.0,8,0,0,0,0.0,0
0.5361,43,0,0.0781,,9,0,0,0,1.0,1
1.473,51,2,0.51,,2,0,3,1,0.0,0
2.258,53,1,0.1435,2811.0,4,0,0,0,1.0,0
0.562,46,0,0.4714,3033.0,10,0,0,0,1.0,1
0.0101,30,0,0.2461,2188.0,12,0,0,0,0.0,0
0.0594,73,0,1.1316,3250.0,4,0,1,0,0.0,0
0.2996,41,0,0.6865,,7,0,2,0,0.0,0
0.061,41,0,0.605,5028.0,14,0,0,0,,0
0.7601,21,0,0.2249,,7,0,1,0,0.0,0
0.4294,53,0,0.1171,7599.0,9,0,0,1,3.0,0
0.6275,54,0,0.9123,7940.0,3,0,0,0,1.0,0
0.0638,70,0,0.7621,2375.0,7,0,1,0,3.0,0
5.1452,47,0,0.7584,2109.0,8,0,0,0,0.0,1
0.5963,56,0,0.2992,7025.0,8,0,1,0,,0
0.4422,66,0,0.5547,4769.0,7,0,3,0,2.0,0
0.0092,71,0,0.7244,2727.0,10,0,2,0,3.0,0
0.9005,57,0,0.5854,,5,0,0,0,0.0,0
0.6379,47,0,0.4208,,13,0,0,0,0.0,1
0.512,69,0,0.1076,,11,0,0,0,0.0,0
0.0182,69,0,0.7684,,9,0,4,0,1.0,0
0.452,28,0,0.271,3121.0,9,0,2,0,0.0,0
0.2861,57,0,0.4046,4504.0,5,0,1,0,0.0,0
1.2389,66,0,0.9746,4002.0,7,0,2,0,2.0,1
0.4583,62,0,0.7223,2466.0,9,3,0,0,1.0,0
0.7911,48,0,0.6169,3398.0,3,0,1,0,0.0,0
0.3256,45,0,0.6912,9220.0,12,0,1,0,0.0,0
0.503,71,0,0.4994,1683.0,10,0,1,0,0.0,0
0.1523,55,0,0.7929,6162.0,7,0,1,0,0.0,0
0.0318,49,0,0.4655,,3,0,0,0,2.0,0
4.272,50,0,0.0972,,5,0,0,0,3.0,0
0.9836,52,0,0.4533,5698.0,5,0,3,0,0.0,1
0.1205,50,0,0.7801,6998.0,10,0,0,0,0.0,0
0.3526,68,0,0.3148,,6,0,1,0,0.0,0
1.1683,58,0,0.5212,2859.0,7,0,0,0,1.0,0
0.5317,57,0,0.4715,,4,0,1,0,1.0,1
0.7329,49,0,0.8617,1604.0,10,0,0,0,1.0,0
5.2287,60,0,0.4109,,6,0,2,0,0.0,0
0.2776,39,0,0.2773,22874.0,5,0,0,0,3.0,0
0.2337,54,0,0.8082,4104.0,9,0,1,0,0.0,0
0.2284,29,0,0.5329,13752.0,6,0,1,0,0.0,0
0.3045,49,0,0.2266,,9,0,2,0,1.0,0
0.2594,45,0,0.1974,15643.0,9,0,1,0,0.0,0
0.5954,52,0,0.7398,4607.0,14,1,2,1,2.0,0
0.2359,46,0,0.678,7910.0,7,0,0,0,1.0,0
0.7348,59,0,0.1325,,8,0,1,0,1.0,0
0.4278,42,0,0.3386,4343.0,2,0,1,0,0.0,0
0.5961,64,0,0.3833,13849.0,10,0,2,0,0.0,0
0.752,74,2,0.9461,,2,0,2,0,0.0,0
0.4992,37,0,0.7727,3675.0,7,0,1,0,1.0,0
0.6043,61,0,0.7598,4677.0,7,0,0,0,3.0,0
0.6415,48,0,0.2826,13980.0,7,0,0,0,0.0,0
0.8675,65,0,0.9601,,10,0,2,0,2.0,0
0.5236,37,0,0.2629,5708.0,9,0,0,0,1.0,0
0.6953,69,0,0.1206,4738.0,7,0,3,0,0.0,0
0.3007,47,0,0.536,3013.0,7,0,1,0,0.0,0
2.766,49,5,0.3332,5856.0,11,0,0,0,0.0,0
0.8262,49,0,1.1063,5030.0,8,0,2,0,1.0,0
0.158,36,0,0.8327,4688.0,9,0,0,0,0.0,0
0.3513,63,0,0.6428,24766.0,5,0,1,0,1.0,0
0.5829,44,0,0.6365,7401.0,7,0,3,0,0.0,0
1.0356,59,2,0.1824,17397.0,8,1,0,2,1.0,0
0.1362,48,0,0.5514,9363.0,9,0,0,0,0.0,0
0.1526,49,0,0.7658,12111.0,8,0,0,0,0.0,0
0.2305,66,0,0.0933,10385.0,6,0,2,0,0.0,0
0.3123,31,0,0.9918,2764.0,7,0,0,0,0.0,0
1.7231,21,1,0.5263,1067.0,4,0,2,0,0.0,0
0.9061,42,1,0.1382,3786.0,5,0,0,0,2.0,0
3.3278,51,0,0.5763,1613.0,10,0,0,0,2.0,0
0.2771,49,0,0.0792,3530.0,7,0,0,0,1.0,0
0.0855,41,0,0.1892,9669.0,11,0,2,0,0.0,1
0.4638,75,0,0.5243,25372.0,12,0,0,0,1.0,0
0.1388,70,0,1.0079,4773.0,5,0,0,0,0.0,0
0.0804,21,0,0.1548,2806.0,8,0,1,0,1.0,0
0.7247,43,0,0.6616,4468.0,7,0,1,0,0.0,0
0.1822,57,0,0.3276,14726.0,4,0,1,0,1.0,0
0.3204,57,0,0.3053,4139.0,7,0,1,0,2.0,0
0.4105,41,0,1.0281,6004.0,9,0,1,0,0.0,0
0.7482,71,0,0.4241,9687.0,11,0,2,0,1.0,0
0.121,39,0,0.5166,6258.0,9,0,2,0,0.0,0
0.7992,52,0,0.6475,,3,0,0,0,0.0,0
0.0664,51,0,0.0578,5665.0,8,0,2,0,1.0,0
0.1817,55,0,0.4866,,7,0,1,0,0.0,0
1.7177,44,0,0.566,,5,0,0,0,1.0,0
0.6526,59,0,0.9621,,7,0,1,0,2.0,0
0.8128,40,3,0.7652,3836.0,6,2,1,1,,0
0.0227,57,0,0.4374,5199.0,6,0,0,0,1.0,0
0.1631,44,0,0.2615,,7,0,2,0,0.0,0
0.7326,71,0,0.3238,2699.0,14,0,1,0,0.0,0
0.3053,49,0,0.4542,2981.0,5,0,0,0,0.0,0
0.5072,54,0,0.1708,,10,0,0,0,2.0,0
5.4642,67,0,0.1298,,7,0,1,0,1.0,0
0.5286,55,0,0.5267,3291.0,8,0,1,0,0.0,1
0.0537,63,0,0.5272,5346.0,4,0,1,0,1.0,0
0.2104,35,0,0.3659,8080.0,8,0,1,0,1.0,0
0.579,60,0,0.519,,6,0,2,0,0.0,0
0.1796,49,0,0.7581,6806.0,13,0,0,0,0.0,0
0.2729,64,0,1.0415,6874.0,8,0,0,0,0.0,0
0.6879,59,0,0.5899,4520.0,6,0,2,0,0.0,0
0.7961,59,0,0.7194,,8,0,2,0,0.0,0
0.0594,62,0,0.9916,3055.0,9,0,2,0,0.0,0
0.7242,66,0,0.3206,5469.0,5,0,0,0,1.0,0
0.8603,23,0,0.2576,3389.0,10,0,2,0,1.0,0
0.2051,41,0,0.5621,1670.0,4,0,3,0,1.0,0
6.7075,52,0,0.0547,5321.0,8,0,0,0,0.0,1
0.4757,36,0,0.1676,2882.0,15,0,2,0,1.0,0
0.569,49,0,0.3512,3878.0,9,0,1,0,0.0,0
0.9476,55,0,0.0134,,4,0,0,0,2.0,0
0.0448,74,0,0.7445,2251.0,9,0,1,0,1.0,0
2.0142,62,0,0.7269,8523.0,8,0,2,0,0.0,0
0.2847,62,0,0.1917,3348.0,5,0,2,0,1.0,0
0.3128,53,0,0.6537,,8,0,1,0,1.0,0
0.0421,28,0,0.4205,,8,0,2,0,2.0,0
0.2352,42,0,0.3033,3231.0,15,0,2,0,3.0,0
0.6034,29,0,0.5726,,6,0,0,0,1.0,0
0.7179,60,0,0.08,4360.0,9,0,0,0,0.0,0
5.2046,53,0,0.7386,1550.0,8,0,0,0,1.0,1
0.3334,55,0,0.3316,4690.0,8,0,1,0,1.0,0
1.4552,59,0,0.611,,7,0,0,0,0.0,0
0.0066,45,0,0.2295,4064.0,10,0,3,0,1.0,0
4.8131,34,0,0.3204,20212.0,9,0,0,0,1.0,0
0.2104,46,1,0.0108,9663.0,12,0,3,0,0.0,1
0.0557,58,0,0.4703,,6,0,4,0,2.0,0
0.5609,28,0,0.3644,8998.0,6,0,2,0,1.0,0
0.0671,55,0,0.3262,8266.0,6,0,1,0,3.0,0
0.3408,35,0,0.1536,1525.0,4,0,2,0,0.0,0
0.2634,60,0,1.2534,4019.0,7,0,3,0,0.0,0
0.1075,34,0,0.5732,19134.0,7,0,2,0,1.0,0
0.3222,63,0,0.1528,8913.0,5,0,1,0,1.0,1
0.4734,32,0,0.2279,,13,0,1,0,1.0,0
0.1325,39,0,0.3807,4693.0,4,0,0,0,0.0,0
0.6262,61,0,0.7121,3093.0,4,0,0,0,0.0,0
0.9462,50,0,0.193,4303.0,10,0,1,0,0.0,0
2.0687,24,0,0.7495,6572.0,4,0,1,0,0.0,0
0.4042,62,0,1.0186,,9,0,0,0,1.0,0
0.4332,22,0,0.3934,8358.0,6,0,2,0,1.0,0
0.0418,50,0,0.4698,9458.0,11,0,2,0,0.0,0
0.8559,81,1,0.3806,31260.0,7,0,0,0,1.0,0
0.5921,53,0,0.3746,6039.0,7,0,0,0,1.0,0
0.246,47,0,0.4747,6192.0,10,0,0,0,0.0,0
0.4623,51,0,0.9602,7364.0,8,0,1,0,,0
0.273,37,0,0.508,1891.0,11,0,0,0,1.0,0
1.0117,54,0,0.3537,,8,0,0,0,1.0,0
0.4111,82,0,0.4593,10144.0,4,0,1,0,0.0,0
0.2864,46,0,0.2388,6865.0,5,0,2,0,0.0,0
0.0224,41,0,0.112,1245.0,5,0,2,0,0.0,0
0.0004,59,0,0.221,2843.0,12,0,0,0,0.0,0
0.4234,62,0,0.7348,7697.0,7,0,0,0,0.0,0
0.2789,53,0,0.7089,6979.0,9,0,1,0,1.0,0
0.9811,48,0,1.0253,3800.0,11,0,2,0,1.0,0
0.6744,60,0,0.1347,5424.0,8,0,1,0,1.0,0
0.9098,31,0,0.4397,,7,0,1,0,0.0,0
2.0013,45,0,0.8312,11907.0,6,0,0,0,1.0,0
0.3183,21,0,0.1095,4484.0,3,0,1,0,0.0,0
0.6427,50,0,0.6066,,8,0,0,0,1.0,0
0.8337,49,0,0.3385,2456.0,7,0,2,0,1.0,0
0.5541,67,0,0.2518,3067.0,6,0,2,0,0.0,0
0.2263,40,2,0.2017,4686.0,5,0,1,1,0.0,0
0.0125,67,0,0.6827,9492.0,10,0,0,0,1.0,0
0.2827,49,0,0.5032,,15,0,0,0,1.0,0
0.1657,61,0,0.2533,3357.0,9,0,1,0,0.0,0
0.8303,63,0,0.582,3157.0,6,0,1,0,0.0,0
0.2922,53,0,0.2083,3898.0,8,0,3,0,1.0,0
0.5534,56,0,1.0603,5692.0,9,0,0,0,2.0,0
0.1435,44,0,0.7745,4054.0,4,0,0,0,,0
0.4321,69,0,0.4544,15680.0,14,0,0,0,0.0,0
0.9419,90,0,0.2731,,8,0,1,0,2.0,1
0.0577,32,0,0.0857,2413.0,8,0,3,0,1.0,0
1.4946,53,0,0.2596,3460.0,5,0,0,0,1.0,0
0.4249,48,0,0.6537,4482.0,7,0,1,0,2.0,0
0.6902,58,0,0.1565,10134.0,3,0,3,0,0.0,0
0.356,29,0,0.3931,11425.0,7,0,0,0,1.0,0
0.5028,37,0,0.3923,,11,0,1,0,0.0,0
0.5842,76,0,0.4579,6246.0,6,0,1,0,0.0,0
0.7398,73,0,0.3026,8136.0,10,0,0,0,0.0,0
0.6519,30,0,0.5377,7110.0,8,0,0,0,1.0,0
0.5677,80,0,0.2771,10120.0,7,0,0,0,1.0,0
0.2359,42,0,0.1634,6558.0,7,0,1,0,1.0,0
0.3159,64,0,0.5942,16183.0,8,0,3,0,2.0,0
0.6166,50,0,0.3021,3424.0,9,0,0,0,1.0,0
0.1985,56,0,0.1118,5734.0,11,0,0,0,0.0,0
0.1619,54,0,0.0233,19757.0,6,0,0,0,1.0,0
0.4096,66,0,0.1077,,4,0,2,0,0.0,0
0.5555,45,3,0.9933,11264.0,6,0,0,0,1.0,0
0.1281,78,0,0.4641,2632.0,6,0,0,0,1.0,0
1.0192,68,0,0.3633,13176.0,7,0,0,0,1.0,0
0.2967,47,0,0.2501,,9,0,1,0,2.0,0
0.5927,53,0,0.5664,1360.0,5,0,2,0,0.0,0
4.8862,54,0,0.8134,3678.0,12,0,0,0,1.0,0
0.056,47,0,1.0341,7311.0,8,0,1,0,2.0,0
0.7448,48,0,0.078,,12,0,0,0,2.0,0
0.0765,64,0,0.4202,9747.0,9,0,1,0,0.0,0
0.1176,61,0,0.044,,6,0,1,0,0.0,0
0.3159,45,0,0.5518,3117.0,7,0,0,0,2.0,0
0.087,53,0,0.398,,8,0,1,0,0.0,0
1.1781,38,0,0.4833,,6,0,0,0,,0
0.3235,76,0,0.6148,6440.0,5,0,0,0,2.0,0
0.3305,63,0,0.4686,,8,0,1,0,2.0,0
1.6651,51,0,0.7605,1463.0,9,0,1,0,2.0,0
0.1363,55,0,0.3553,4253.0,10,0,0,0,2.0,0
0.4292,64,0,0.7134,6508.0,9,0,1,0,1.0,0
0.3301,45,0,0.1853,3635.0,9,0,2,0,1.0,0
0.1593,52,0,0.5673,4497.0,12,0,1,0,0.0,0
0.9194,62,0,0.0327,10167.0,6,0,1,0,0.0,0
0.2,35,0,0.7076,7342.0,9,0,1,0,0.0,0
0.2163,60,0,0.1089,,11,0,2,0,1.0,0
0.2411,87,0,0.3563,4370.0,6,0,1,0,1.0,0
0.2957,29,0,0.4099,3189.0,8,0,2,0,,0
0.1896,65,0,0.6522,6707.0,6,0,1,0,1.0,0
0.9576,35,1,0.2438,2257.0,9,1,1,0,0.0,0
2.8364,33,0,0.8298,4529.0,6,0,1,0,2.0,0
0.4877,47,0,0.0289,,6,0,0,0,2.0,0
1.2463,59,0,0.3878,14644.0,12,0,0,0,0.0,0
0.1795,60,0,0.2674,4922.0,9,0,1,0,1.0,0
0.7057,50,0,0.521,3066.0,6,0,2,0,1.0,0
0.4326,37,0,0.5301,,9,0,1,0,1.0,0
0.056,50,0,0.2684,4944.0,11,0,1,0,1.0,0
0.0512,27,0,1.4123,7689.0,3,0,0,0,2.0,1
0.4336,64,0,0.842,4840.0,8,0,1,0,0.0,0
0.6911,47,0,0.7872,8848.0,13,0,1,0,1.0,0
0.6576,68,0,0.363,5741.0,10,0,2,0,1.0,0
0.6201,38,0,0.3543,9154.0,7,0,0,0,1.0,0
0.6011,60,2,0.2707,4191.0,9,0,1,0,0.0,0
0.1416,27,0,0.6048,,8,0,4,0,1.0,0
0.0111,71,0,0.3383,,8,0,1,0,0.0,0
0.2346,58,0,0.4679,9083.0,9,0,1,0,1.0,0
0.7347,47,0,0.8469,5091.0,10,0,0,0,0.0,0
0.4646,46,0,0.3164,3259.0,9,0,0,0,2.0,0
0.0924,48,0,0.6201,14432.0,9,0,1,0,1.0,0
0.3407,52,0,0.33,,7,0,1,0,1.0,0
0.1458,30,0,0.147,2371.0,12,0,1,0,2.0,0
0.2992,47,0,0.3032,4866.0,5,0,0,0,1.0,0
0.5711,48,0,0.2388,2525.0,3,0,1,0,0.0,0
0.7826,66,0,0.7134,,11,0,2,0,1.0,0
1.6266,45,0,0.5285,4159.0,8,0,2,0,1.0,0
0.1004,38,0,0.3194,6016.0,7,0,1,0,0.0,0
0.0566,51,0,0.3605,,6,0,1,0,0.0,0
0.3131,60,0,0.2171,5852.0,14,0,1,0,1.0,0
0.4098,53,0,0.3543,,8,0,0,0,1.0,0
0.0676,53,0,0.3645,3862.0,6,0,3,0,0.0,0
0.1765,53,0,0.3977,3348.0,8,0,2,0,1.0,0
0.0704,50,0,0.3795,6807.0,9,0,2,0,1.0,0
0.7736,44,0,0.2494,,3,0,0,0,1.0,0
0.0025,41,0,0.2442,825.0,5,0,2,0,0.0,0
1.814,52,2,0.7565,5912.0,4,0,2,2,1.0,0
0.3093,57,0,1.122,16009.0,14,0,3,0,0.0,0
0.3152,53,2,0.5874,,8,0,1,0,1.0,0
0.4601,27,0,0.3535,6033.0,8,0,0,0,0.0,0
0.3001,65,0,0.2855,3533.0,13,0,4,0,1.0,0
0.5321,33,0,0.8029,6904.0,12,0,5,0,1.0,0
0.4408,34,0,1.0376,6663.0,13,0,0,0,0.0,0
0.045,37,0,0.1345,4551.0,14,0,0,0,0.0,0
1.4213,46,0,0.5677,,11,0,0,0,0.0,0
0.1355,50,0,0.9615,6433.0,11,0,0,0,3.0,0
0.7178,66,0,0.436,6905.0,8,0,0,0,0.0,0
0.2501,66,0,0.9028,6609.0,11,0,2,0,0.0,0
3.9331,28,0,0.2042,,10,0,0,0,0.0,0
3.2189,27,0,0.7488,5325.0,7,0,1,0,0.0,1
0.2472,67,0,0.1679,3936.0,4,0,1,0,0.0,0
1.1872,50,0,0.3658,3321.0,9,0,1,0,2.0,0
0.3678,38,0,1.0152,2461.0,10,0,1,0,1.0,0
0.8681,60,0,0.1964,6118.0,4,0,0,0,1.0,0
0.4472,68,0,0.3171,4924.0,7,0,0,0,2.0,0
0.3263,58,0,1.0305,4424.0,8,0,1,0,1.0,0
0.5968,41,0,0.9462,2168.0,5,0,1,0,0.0,0
0.4112,22,0,0.6412,9992.0,7,0,3,0,1.0,0
0.5674,59,0,0.2079,6515.0,10,0,1,0,0.0,0
0.0129,50,0,0.1045,19597.0,5,0,3,0,0.0,0
0.1945,40,0,0.424,,6,0,1,0,2.0,0
3.6637,30,0,0.424,,9,0,1,0,1.0,0
0.3266,55,0,0.421,5441.0,8,0,3,0,3.0,0
0.5733,44,0,0.6759,7015.0,7,0,2,0,1.0,0
0.6826,54,0,0.1157,2496.0,6,0,0,0,1.0,0
0.3199,65,0,0.3007,5661.0,6,0,1,0,0.0,0
0.1299,42,0,0.7739,7871.0,8,0,1,0,0.0,0
0.0632,82,0,0.6742,5275.0,8,0,2,0,1.0,0
0.0931,50,1,0.7337,5692.0,9,0,1,2,1.0,0
0.6536,63,0,0.2392,14224.0,11,0,1,0,2.0,0
0.1014,45,0,0.949,4155.0,4,0,0,0,0.0,0
0.4841,60,0,0.0999,,5,0,1,0,1.0,0
0.5009,39,0,0.0604,5560.0,5,0,2,0,0.0,0
0.7585,61,0,0.5445,5141.0,3,0,1,0,0.0,1
8.5898,87,0,0.4058,,7,0,2,0,1.0,1
0.9923,37,0,0.1274,13307.0,9,0,0,0,0.0,0
2.0813,21,0,0.4918,,8,0,2,0,0.0,0
1.8252,43,0,0.1843,1440.0,7,0,1,0,1.0,0
0.8993,56,1,0.8881,,5,1,1,1,0.0,0
0.1675,53,0,0.4463,10509.0,9,0,0,0,0.0,0
0.1665,46,2,0.3816,,4,0,0,0,1.0,0
0.4106,67,0,0.1976,,10,0,0,0,0.0,0
0.0267,46,0,0.4601,6613.0,6,0,0,0,2.0,0
0.2885,64,0,0.4388,10355.0,7,0,1,0,1.0,0
0.2447,47,0,0.7801,6920.0,9,0,0,0,0.0,0
0.1246,39,0,0.3721,2882.0,9,0,0,0,1.0,0
1.8614,54,0,0.6313,7000.0,4,0,2,0,0.0,0
0.0104,54,0,0.8502,3956.0,12,0,4,0,1.0,0
0.3049,78,0,0.3905,7586.0,14,0,2,0,0.0,0
0.4854,58,0,0.4787,5924.0,8,0,1,0,2.0,0
0.0606,56,0,0.2405,,6,0,0,0,0.0,0
0.7653,54,0,0.3444,6724.0,6,0,2,0,1.0,0
0.5838,44,0,0.2409,6549.0,7,0,1,0,1.0,0
0.0203,49,0,0.5938,,10,0,0,0,0.0,0
2.4113,45,0,0.7755,,10,0,0,0,2.0,0
0.3326,54,0,0.3398,2056.0,7,0,1,0,0.0,0
0.0869,30,0,0.9319,14032.0,9,0,1,0,1.0,0
0.2195,28,0,0.0977,3707.0,13,0,1,0,1.0,0
0.8053,41,0,0.6678,,7,0,2,0,0.0,0
1.158,40,0,0.4601,5705.0,4,0,0,0,0.0,0
0.9784,56,0,0.2703,7033.0,8,0,0,0,0.0,0
0.2804,44,0,0.2656,9508.0,10,0,0,0,1.0,0
0.2552,59,0,0.6093,,7,0,0,0,0.0,0
0.1857,43,0,0.3148,3115.0,6,0,3,0,3.0,0
0.6282,83,0,0.7542,12412.0,5,0,0,0,1.0,0
0.5787,48,0,0.7387,,6,0,2,0,1.0,1
0.5629,57,0,0.2662,6823.0,4,0,2,0,0.0,0
1.3243,43,0,0.2102,4544.0,11,0,0,0,0.0,0
0.4185,46,0,0.487,,9,0,1,0,0.0,0
0.62,58,0,0.5966,6090.0,7,0,0,0,2.0,0
0.3098,52,0,0.1344,10603.0,8,0,1,0,0.0,0
0.2623,62,0,0.619,,4,0,1,0,0.0,0
0.2484,66,0,0.7016,4049.0,6,0,2,0,2.0,0
0.227,81,0,0.1879,17484.0,7,0,1,0,1.0,0
0.628,62,1,0.4443,3735.0,6,0,0,1,1.0,0
0.5953,53,0,0.5138,2512.0,6,0,0,0,3.0,0
0.0994,46,0,0.3683,5574.0,8,0,0,0,0.0,0
0.6198,42,0,0.1237,5053.0,11,0,2,0,0.0,0
0.1392,46,0,0.2656,7146.0,8,0,1,0,0.0,0
1.313,55,0,0.7301,3836.0,11,0,1,0,1.0,0
0.3836,68,0,0.6483,11035.0,6,0,0,0,1.0,0
0.5192,57,0,0.5726,,10,0,1,0,0.0,0
0.3947,48,0,0.5395,12459.0,6,0,1,0,0.0,0
0.0901,35,0,1.1144,7742.0,9,0,1,0,1.0,0
0.8025,41,1,0.4162,3363.0,5,1,1,0,1.0,0
0.1295,55,0,0.3293,5801.0,7,0,0,0,0.0,0
0.5652,60,1,0.8826,10133.0,5,0,3,1,1.0,0
0.4818,65,0,0.4636,,9,0,0,0,0.0,0
0.1367,65,0,0.57,21470.0,4,0,1,0,0.0,0
0.6495,38,0,0.2505,2987.0,9,0,1,0,0.0,0
0.292,42,0,0.4812,,4,0,1,0,1.0,0
0.1316,64,0,0.5693,3830.0,7,0,0,0,3.0,0
2.3206,67,0,0.4113,6241.0,14,0,0,0,0.0,0
0.17,52,0,0.2526,26614.0,8,0,1,0,0.0,0
0.8215,74,0,0.7543,2973.0,8,0,1,0,0.0,0
0.0559,68,0,0.7666,3468.0,10,0,2,0,0.0,0
0.4086,61,0,0.5062,3404.0,8,0,1,0,0.0,0
1.4318,57,0,0.3925,4773.0,6,0,0,0,0.0,0
1.1012,28,0,0.2727,3353.0,9,0,1,0,1.0,0
0.0887,39,0,1.0153,3285.0,10,0,2,0,0.0,0
0.4827,51,0,0.4384,34602.0,11,0,3,0,1.0,0
0.627,75,0,0.4482,2471.0,6,0,1,0,0.0,0
1.2875,71,0,0.1868,3449.0,8,0,0,0,2.0,1
0.2342,42,0,0.1951,3928.0,8,0,1,0,1.0,0
0.7366,66,0,0.7678,7845.0,4,0,2,0,1.0,0
1.3258,39,0,0.6975,6737.0,6,0,2,0,0.0,0
0.4734,21,0,0.9855,,11,0,2,0,3.0,1
0.4679,79,0,0.373,10612.0,8,0,0,0,0.0,0
0.8709,21,0,0.7875,2800.0,7,0,1,0,1.0,1
2.9545,21,0,0.7107,1844.0,9,0,3,0,0.0,0
0.1905,55,0,0.6011,5516.0,10,0,0,0,1.0,0
0.3568,48,0,0.2641,4042.0,12,0,0,0,0.0,0
0.2724,57,0,0.5137,5666.0,7,0,0,0,2.0,0
0.0382,78,0,0.442,,6,0,0,0,0.0,0
0.4503,66,0,0.5666,,8,0,0,0,1.0,0
0.4263,60,0,0.6232,,11,0,1,0,1.0,0
0.4452,40,0,0.3364,,8,0,0,0,0.0,0
1.6965,45,0,0.4041,3457.0,9,0,0,0,1.0,0
0.1755,60,0,0.3171,9464.0,4,0,3,0,0.0,0
0.0131,46,0,0.8909,5976.0,5,0,0,0,1.0,0
0.6126,63,0,0.7111,4897.0,10,0,2,0,1.0,1
0.256,55,0,0.606,12280.0,8,0,2,0,1.0,0
0.2711,49,0,0.148,4590.0,12,0,0,0,0.0,0
0.6315,68,2,0.7809,7557.0,9,0,2,0,0.0,0
0.3291,49,0,0.2007,4621.0,3,0,3,0,1.0,0
0.4229,33,0,0.6547,5037.0,5,0,0,0,1.0,0
4.9599,69,0,0.2762,,6,0,2,0,0.0,0
0.2968,52,0,0.1171,22959.0,5,0,0,0,1.0,0
0.5738,49,0,0.523,,11,0,0,0,0.0,0
0.3391,50,0,0.5561,,14,0,0,0,3.0,0
0.0114,44,0,0.4376,4372.0,7,0,1,0,1.0,0
0.0798,89,0,0.3156,6802.0,3,0,2,0,0.0,0
6.4204,34,0,0.1809,2583.0,10,0,1,0,1.0,0
0.3928,57,1,0.3042,5495.0,8,0,0,0,0.0,0
0.1413,55,0,0.3265,6923.0,6,0,1,0,0.0,0
0.0662,63,0,0.0704,5655.0,5,0,2,0,1.0,0
0.1186,47,0,1.4649,,9,0,0,0,0.0,0
0.1074,69,0,0.2235,3462.0,9,0,3,0,1.0,0
0.4352,47,0,0.5947,8820.0,5,0,2,0,0.0,0
0.1319,45,0,0.1829,6192.0,8,0,0,0,0.0,0
0.2896,53,0,0.5082,3163.0,9,0,0,0,2.0,0
0.5464,57,0,0.6141,1905.0,10,0,0,0,3.0,0
0.4124,67,0,0.3714,3032.0,9,0,0,0,0.0,0
0.0077,34,0,0.4574,5242.0,10,0,0,0,2.0,0
0.6605,65,2,0.0718,,10,0,0,2,1.0,0
0.9709,66,0,0.4817,4690.0,6,0,2,0,0.0,0
0.3757,62,0,0.5333,,11,0,1,0,2.0,0
0.5952,51,0,0.4563,5050.0,4,0,1,0,2.0,0
0.3736,45,0,0.4738,4602.0,9,0,0,0,,0
0.423,59,0,0.2922,,3,0,1,0,1.0,0
0.468,55,0,0.2094,2146.0,12,0,0,0,0.0,0
1.0991,31,0,0.7255,22686.0,10,0,0,0,1.0,0
0.0801,65,0,0.7768,,9,0,1,0,0.0,0
0.9999,43,0,0.3333,1960.0,11,0,1,0,1.0,0
0.6319,43,0,0.5223,3403.0,6,0,1,0,0.0,0
0.1275,67,0,0.3309,1176.0,7,0,1,0,0.0,0
0.6734,54,0,0.8775,,7,0,4,0,1.0,0
0.741,50,0,0.4588,13843.0,9,0,0,0,0.0,0
0.1727,47,0,0.0235,4512.0,4,0,2,0,,0
0.2142,49,0,0.3087,,8,0,1,0,1.0,0
0.5611,52,0,0.3342,1790.0,10,0,2,0,2.0,0
0.7289,75,0,0.2871,,8,0,1,0,0.0,1
0.374,25,0,0.3224,,7,0,2,0,0.0,0
0.1528,87,0,1.1462,3782.0,9,0,2,0,0.0,0
0.5503,85,0,0.0006,2277.0,9,0,1,0,1.0,1
0.047,47,0,0.2054,2093.0,8,0,0,0,0.0,0
0.3668,55,0,0.3486,4458.0,5,0,1,0,1.0,0
0.4052,55,0,1.0377,11002.0,9,0,2,0,1.0,0
0.5167,67,0,0.7464,5388.0,9,0,2,0,1.0,0
0.0812,54,0,0.7675,8974.0,12,0,1,0,2.0,0
1.0657,57,1,0.394,4241.0,7,0,0,0,2.0,0
0.1768,69,0,0.2172,3608.0,7,0,1,0,0.0,0
2.1755,25,1,1.0135,2611.0,6,0,1,0,0.0,0
0.8165,50,0,0.2822,4550.0,5,0,1,0,2.0,0
1.1054,55,0,0.2943,3982.0,10,0,2,0,2.0,0
1.4275,48,0,0.9138,9930.0,7,0,0,0,0.0,0
0.0334,28,0,0.5559,13124.0,2,0,1,0,2.0,0
2.9189,53,0,0.2432,9441.0,9,0,1,0,0.0,0
1.0755,44,0,0.1887,10109.0,8,0,0,0,0.0,0
0.2723,46,0,0.9022,3156.0,5,0,2,0,1.0,0
0.1062,52,0,0.4181,7482.0,5,0,1,0,1.0,0
0.8304,28,0,0.3407,6650.0,8,0,2,0,1.0,0
0.1551,48,0,1.0219,1924.0,8,0,0,0,0.0,0
0.2218,43,2,0.6823,7859.0,9,0,2,1,1.0,0
0.8068,34,0,0.1293,2085.0,9,0,2,0,0.0,0
0.2148,59,2,0.2995,,10,0,0,2,1.0,0
1.0315,34,0,0.8026,3632.0,9,0,5,0,0.0,0
0.3788,60,0,0.3528,6482.0,12,0,1,0,1.0,0
0.3225,64,0,0.3413,3003.0,11,0,0,0,,0
0.7423,50,0,0.1642,5499.0,2,1,1,1,2.0,0
0.0433,67,0,0.2385,8481.0,8,0,0,0,0.0,0
0.5659,84,0,0.1578,4745.0,7,0,2,0,0.0,1
0.0927,60,0,0.3993,4612.0,9,0,0,0,0.0,0
0.3925,48,0,0.848,8733.0,17,0,2,0,0.0,0
0.7007,69,0,0.6743,1701.0,10,0,1,0,2.0,0
0.1863,25,0,0.0872,3198.0,5,0,2,0,0.0,0
0.0307,85,0,0.225,5274.0,13,0,0,0,0.0,0
0.964,53,0,0.5278,,9,0,1,0,2.0,0
0.0337,56,3,0.9,7512.0,7,0,0,0,0.0,0
0.3577,30,0,0.1471,,7,0,2,0,1.0,0
0.4425,65,0,0.3129,3947.0,8,0,0,0,0.0,0
0.3008,54,0,0.0582,6416.0,7,0,1,0,1.0,1
1.5319,50,0,0.3267,6654.0,8,0,1,0,1.0,0
0.1416,43,0,0.6692,6278.0,3,0,0,0,0.0,0
0.3887,40,0,0.1499,4114.0,12,0,1,0,2.0,0
0.1144,42,0,0.4192,7599.0,7,0,4,0,2.0,0
3.2079,29,0,0.496,,6,0,0,0,0.0,0
1.5951,55,0,0.3512,3712.0,8,0,0,0,0.0,0
0.0122,74,0,0.9936,6610.0,10,0,1,0,0.0,0
0.5514,58,0,0.1536,6893.0,11,0,0,0,0.0,0
0.5564,41,0,0.6788,3617.0,6,0,3,0,0.0,0
0.4971,57,0,0.4114,2123.0,8,0,1,0,1.0,0
0.2845,21,0,0.1598,7336.0,12,0,1,0,0.0,0
0.3201,76,0,0.6116,7124.0,7,0,2,0,1.0,0
0.3237,44,0,0.4616,7205.0,9,0,2,0,1.0,0
0.1384,59,0,0.0801,,8,0,2,0,3.0,0
0.3599,51,0,0.0925,,12,0,2,0,0.0,0
0.1613,60,0,0.2688,,9,0,3,0,1.0,0
1.6136,85,2,0.7051,5661.0,7,0,0,0,0.0,0
0.1852,22,2,0.863,19842.0,9,0,0,1,0.0,0
3.3299,56,3,0.1587,6176.0,7,0,2,1,0.0,0
0.3679,56,0,0.5471,6415.0,8,0,0,0,3.0,0
0.3469,47,0,0.2606,2765.0,14,0,0,0,0.0,0
7.893,42,0,0.8032,6449.0,11,0,1,0,0.0,0
0.2572,65,0,0.5449,3794.0,10,0,2,0,1.0,0
0.7587,52,0,0.4797,3579.0,8,0,0,0,2.0,0
0.6271,52,0,0.4862,,8,0,3,1,0.0,0
0.4508,48,0,0.289,3872.0,7,0,1,0,0.0,0
0.0784,50,0,0.9444,8304.0,12,0,1,0,1.0,0
0.4175,61,0,1.002,5031.0,6,0,2,0,0.0,0
0.2981,60,0,0.6707,6375.0,6,0,3,0,1.0,0
0.5151,41,0,0.811,6008.0,11,0,2,0,0.0,0
1.1953,48,0,0.6706,1690.0,3,0,1,0,1.0,0
0.8554,66,0,1.1124,,4,0,2,0,0.0,0
0.2723,76,0,0.3358,,9,0,1,0,1.0,0
0.3163,76,0,0.4326,,5,0,2,0,0.0,0
0.8869,74,2,0.8373,10125.0,7,0,0,1,2.0,0
1.1403,55,0,0.4561,1052.0,10,0,0,0,0.0,0
0.0873,66,0,0.2823,,11,0,1,0,0.0,0
0.989,57,0,0.4244,12303.0,7,0,1,0,1.0,0
0.4776,42,0,0.3125,3754.0,3,0,1,0,1.0,0
0.4279,50,0,0.2754,8876.0,8,0,1,0,1.0,0
0.9328,49,2,0.3365,3543.0,8,0,1,1,2.0,0
5.3121,65,0,0.4422,5199.0,5,0,0,0,,0
0.8803,63,0,0.7043,8820.0,3,0,1,0,1.0,0
0.1401,51,0,0.441,10269.0,3,0,1,0,0.0,0
0.2331,49,0,0.2253,2916.0,6,0,0,0,0.0,0
0.466,42,0,0.6562,7403.0,6,0,1,0,1.0,0
0.2447,47,0,0.8726,2868.0,5,0,2,0,2.0,0
0.0622,51,0,0.3034,9626.0,3,0,1,0,1.0,0
0.3792,57,0,0.4614,1999.0,12,0,1,0,3.0,0
0.5534,54,0,0.3557,3346.0,9,0,0,0,0.0,0
3.4673,41,0,0.4507,5407.0,8,0,2,0,0.0,0
7.4884,45,0,0.7992,4547.0,7,0,1,0,0.0,0
0.3703,50,0,0.2372,9598.0,14,0,2,0,2.0,0
0.7067,59,0,0.7247,4331.0,10,0,1,0,0.0,0
0.6075,45,0,0.1777,1534.0,7,0,0,0,0.0,0
0.27,31,0,0.2061,6432.0,6,0,1,0,1.0,0
0.937,36,0,0.6744,9104.0,9,0,2,0,1.0,0
0.1467,56,0,0.4511,,7,0,2,0,1.0,0
1.8271,59,0,0.2438,8101.0,10,0,0,0,1.0,0
0.0251,44,0,0.0403,5268.0,11,0,0,0,0.0,0
0.1551,38,0,0.3942,10706.0,10,0,0,0,1.0,0
0.1409,32,0,0.6424,6727.0,4,0,2,0,0.0,0
0.8009,33,0,0.5754,5756.0,6,0,0,0,0.0,0
0.1353,47,0,0.0606,,10,0,1,0,2.0,0
0.1949,30,0,0.2179,,8,0,0,0,0.0,0
0.0654,54,0,0.3089,7399.0,7,0,1,0,1.0,0
0.4977,59,0,0.5139,5341.0,13,0,0,0,,1
2.5747,33,0,0.6677,4730.0,5,0,1,0,0.0,0
0.4742,38,0,0.6036,2717.0,3,0,0,0,1.0,0
0.009,51,0,0.9539,,13,0,2,0,0.0,0
0.02,41,0,0.6787,10958.0,10,0,1,0,0.0,0
0.3312,55,0,0.4183,3759.0,9,0,0,0,0.0,0
0.4944,66,0,1.0207,5674.0,7,0,1,0,2.0,0
0.0442,49,0,0.5502,3168.0,4,0,2,0,0.0,0
0.143,28,0,0.811,6277.0,10,0,0,0,0.0,0
0.2728,54,0,0.4007,1647.0,7,0,1,0,2.0,0
0.4733,47,0,0.802,4202.0,7,0,1,0,1.0,0
0.484,59,0,0.868,11344.0,11,0,2,0,0.0,0
0.5974,85,0,0.2108,8363.0,12,0,2,0,1.0,0
0.3919,39,0,0.8335,7135.0,5,0,2,0,2.0,0
3.6898,42,0,0.1951,4790.0,10,0,2,0,4.0,0
0.2288,56,0,0.2655,10188.0,9,0,1,0,0.0,0
0.4927,64,0,0.4743,15604.0,7,0,2,0,2.0,0
0.3044,81,0,0.4246,7325.0,9,0,0,0,0.0,0
0.5537,46,0,0.4928,4557.0,10,0,1,0,1.0,0
0.0118,40,0,0.54,5346.0,10,0,0,0,0.0,0
0.0864,41,0,0.7995,,12,0,3,0,2.0,0
0.0264,46,0,1.2025,10511.0,7,0,1,0,1.0,0
0.1478,49,0,1.2038,5681.0,6,0,0,0,0.0,0
0.3296,54,0,0.226,2500.0,9,0,2,0,2.0,0
0.0835,52,0,0.6558,3627.0,11,0,0,0,0.0,0
0.381,34,0,0.5333,,5,0,4,0,2.0,0
0.2359,31,0,0.3918,2439.0,12,0,1,0,0.0,0
0.8722,50,0,0.2264,,6,0,1,0,1.0,0
0.3667,41,0,0.6336,5604.0,13,0,3,0,1.0,0
0.1255,44,0,0.31,25320.0,10,0,0,0,0.0,0
0.7235,64,0,0.1513,6078.0,14,0,0,0,1.0,0
0.3752,61,0,0.3954,3621.0,6,0,1,0,2.0,0
0.1881,47,0,0.3619,8674.0,3,0,0,0,0.0,0
0.0017,66,0,0.0688,7692.0,11,0,0,0,0.0,0
0.6829,67,0,0.3132,2683.0,8,0,1,0,0.0,0
0.6839,71,0,0.1742,5730.0,11,0,1,0,1.0,0
0.8049,74,0,0.5978,6086.0,5,0,1,0,0.0,0
0.2102,49,0,0.7323,7854.0,9,0,0,0,0.0,0
0.7471,68,0,0.7261,,6,0,3,0,1.0,1
1.2159,48,0,0.1794,,9,0,0,0,1.0,0
0.625,69,0,0.4841,10249.0,13,0,1,0,1.0,0
0.1004,49,0,0.6825,2446.0,5,0,0,0,2.0,0
0.1592,52,0,0.9276,,6,0,1,0,1.0,0
0.698,38,0,0.3609,5556.0,7,0,4,0,3.0,0
0.5174,38,0,0.4113,,10,0,3,0,0.0,0
0.489,58,0,0.6924,,7,0,1,0,0.0,0
0.6825,66,0,0.686,,12,0,0,0,0.0,0
2.5258,38,0,1.1272,4958.0,7,0,1,0,1.0,1
0.3554,71,0,0.4432,13453.0,3,0,0,0,2.0,0
0.3431,69,0,0.1837,7134.0,9,0,1,0,1.0,0
2.408,58,0,0.2604,4929.0,3,0,1,0,0.0,0
4.4697,65,0,0.2207,4199.0,11,0,2,0,2.0,0
0.4753,45,0,0.1158,3576.0,11,0,1,0,1.0,1
0.934,32,0,0.58,4731.0,13,0,1,0,1.0,0
0.1953,45,0,0.2455,2953.0,8,0,2,0,,0
0.4595,69,0,0.297,6136.0,9,0,1,0,0.0,0
0.7694,70,0,0.895,3742.0,14,0,0,0,0.0,0
0.4648,35,1,0.2275,7495.0,5,0,1,1,1.0,0
4.0337,35,0,0.0601,2435.0,7,0,2,0,0.0,1
0.3727,40,0,0.1347,2766.0,7,0,0,0,,0
0.0804,25,0,0.3284,4687.0,2,0,1,0,2.0,0
0.0724,43,0,0.0772,2440.0,10,0,1,0,1.0,0
0.2148,59,0,0.2472,,9,0,1,0,0.0,0
3.4314,21,0,0.3919,3674.0,7,0,0,0,2.0,0
0.4936,51,0,0.243,4161.0,7,0,0,0,1.0,0
0.3364,72,0,0.6093,11698.0,11,0,0,0,0.0,0
0.4618,65,0,0.8446,9180.0,7,0,1,0,0.0,0
1.4042,58,0,0.3249,4107.0,8,0,0,0,0.0,0
0.4026,54,0,0.4753,8159.0,7,0,2,0,0.0,1
0.2357,68,0,0.0763,8370.0,5,0,3,0,0.0,0
0.3205,59,0,0.2396,4257.0,6,0,1,0,1.0,0
0.6941,48,0,0.446,8476.0,6,0,1,0,0.0,0
0.5576,65,0,0.607,,6,0,0,0,0.0,0
1.15,33,0,1.2453,3043.0,6,0,1,0,1.0,0
0.3724,63,0,1.5683,8152.0,10,0,1,0,0.0,0
4.8812,60,0,0.621,2580.0,14,2,1,2,1.0,0
0.2801,55,0,0.5859,,5,0,0,0,0.0,0
5.824,53,0,0.0682,10674.0,5,0,1,0,1.0,0
0.0169,76,0,0.7517,4192.0,4,0,1,0,0.0,0
0.9063,67,0,0.2793,5687.0,6,0,3,0,0.0,0
2.713,71,0,0.6752,5330.0,6,0,1,0,,1
0.9283,59,0,0.6334,,5,0,2,0,2.0,0
0.1299,68,0,0.7801,7552.0,6,0,0,0,0.0,0
0.0922,58,0,1.1078,1756.0,7,0,1,0,1.0,0
1.6721,50,0,0.6659,4285.0,8,0,1,0,1.0,0
0.1602,63,0,0.3716,,6,0,0,0,1.0,0
0.2214,48,0,0.6431,10317.0,11,0,1,0,2.0,0
0.8353,69,0,1.3427,5540.0,9,0,0,0,0.0,0
0.5818,35,0,0.2501,,9,0,1,0,2.0,0
0.2731,49,0,0.3943,,3,0,1,0,1.0,0
0.2356,43,0,0.5408,3818.0,10,0,2,0,2.0,0
0.442,85,0,0.4887,,11,0,0,0,1.0,0
0.4794,43,0,0.3018,,10,0,0,0,0.0,0
0.4014,51,1,0.7055,5580.0,9,0,1,0,2.0,0
0.6202,23,0,0.5434,6015.0,2,0,0,0,0.0,0
0.5409,76,0,0.3865,4726.0,9,0,0,0,1.0,0
0.385,41,0,0.1812,8057.0,12,0,1,0,1.0,0
0.347,73,0,0.7052,13309.0,8,0,0,0,1.0,0
1.1234,37,0,0.4735,2343.0,6,0,1,0,0.0,0
0.2596,38,0,0.7796,2911.0,11,0,0,0,1.0,0
0.4541,64,0,0.424,7202.0,10,0,0,0,,0
0.1765,30,0,0.2621,,8,0,0,0,0.0,0
0.3682,58,0,0.5815,13143.0,4,0,0,0,2.0,0
0.3967,41,0,0.5238,5471.0,9,0,0,0,1.0,0
0.5044,82,0,0.2027,14920.0,15,0,1,0,2.0,0
0.2387,77,0,0.7675,5928.0,10,0,0,0,1.0,0
0.4162,70,0,0.2933,,8,0,2,0,1.0,0
0.3607,85,1,0.2664,,8,0,1,0,0.0,0
0.2237,43,0,0.3594,7508.0,6,0,1,0,2.0,0
0.2153,63,0,0.4637,15074.0,8,0,1,0,1.0,0
0.5331,39,0,0.8739,4384.0,5,0,1,0,1.0,0
0.2002,64,0,0.2657,6299.0,10,0,3,0,1.0,0
0.6693,57,1,0.1199,13521.0,7,0,0,0,1.0,0
0.3455,35,0,0.4591,2531.0,6,0,2,0,1.0,0
1.5896,51,0,0.6581,4166.0,6,0,2,0,0.0,0
2.5216,53,0,0.0612,4723.0,10,0,0,0,0.0,1
0.6076,53,0,0.2025,6769.0,8,0,0,0,1.0,0
1.2954,77,0,0.6099,7314.0,6,0,2,0,2.0,0
0.2629,37,0,0.7502,6245.0,10,0,1,0,1.0,0
0.4614,43,0,0.4242,6130.0,4,0,1,0,0.0,0
0.8556,21,0,0.3341,2331.0,9,0,2,0,0.0,0
0.633,61,0,0.2917,8615.0,10,0,3,0,2.0,0
0.8961,63,0,0.5224,14564.0,6,0,0,0,1.0,0
0.495,64,0,0.1456,1836.0,3,0,0,0,2.0,0
0.1782,51,0,0.6005,3967.0,11,0,0,0,1.0,0
0.2059,42,0,0.8104,20476.0,3,0,1,0,1.0,0
0.1714,35,0,0.1247,,9,0,0,0,0.0,0
0.0466,60,0,0.3425,,12,0,1,0,0.0,0
0.2904,40,0,0.3953,3112.0,7,0,1,0,1.0,0
1.9647,29,2,0.4538,,6,0,0,0,1.0,0
0.4124,67,0,0.6711,3866.0,5,0,0,0,0.0,0
0.001,47,0,0.5342,4289.0,8,0,1,0,1.0,0
3.1822,54,0,0.4179,12507.0,8,0,1,0,0.0,0
0.1813,21,0,0.2783,,9,0,0,0,1.0,0
0.3187,51,1,0.1035,2382.0,7,0,2,1,0.0,0
0.4616,49,0,0.8043,1797.0,10,0,2,0,0.0,0
0.4202,78,0,0.7956,2941.0,6,0,1,0,0.0,0
0.5452,49,0,0.2759,5768.0,11,0,0,0,0.0,0
0.292,21,0,0.6706,4114.0,8,0,1,0,3.0,0
0.4068,49,0,0.3134,5693.0,7,0,1,0,1.0,0
0.7332,52,0,0.2897,5672.0,8,0,1,0,2.0,0
0.1891,70,0,1.1317,,11,0,0,0,1.0,0
0.4436,51,0,0.4376,4545.0,5,0,0,0,0.0,0
2.2064,46,0,0.1701,,8,0,2,0,2.0,0
0.8612,50,0,0.7068,,7,0,0,0,0.0,0
2.8555,93,0,0.3676,4298.0,10,0,0,0,1.0,0
0.0003,59,0,0.2141,3960.0,11,0,1,0,1.0,0
0.5642,48,0,0.5497,11297.0,4,0,1,0,0.0,0
7.3491,67,0,0.1559,,6,0,0,0,0.0,0
0.7861,35,0,0.1742,3469.0,9,0,0,0,0.0,0
1.006,41,0,1.1054,2419.0,12,0,1,0,0.0,0
0.032,44,0,0.4978,,13,0,1,0,1.0,0
0.1005,26,0,0.5176,8815.0,10,0,0,0,2.0,0
0.1806,67,0,0.4633,4314.0,6,0,1,0,0.0,0
0.5764,40,0,0.2222,9078.0,5,0,2,0,0.0,0
3.893,54,0,1.0953,4537.0,8,0,1,0,0.0,1
0.3091,44,0,0.4361,,8,0,3,0,0.0,0
1.4302,57,0,0.5101,5009.0,5,0,1,0,0.0,0
0.1034,80,0,0.1401,,11,0,1,0,1.0,0
0.292,47,0,0.515,6838.0,9,0,1,0,1.0,0
1.2509,45,0,0.6606,12652.0,11,0,3,0,0.0,0
0.3424,33,0,0.301,4039.0,6,0,1,0,1.0,0
1.7604,48,0,0.0517,,7,0,0,0,1.0,0
0.4277,24,0,0.3403,8416.0,7,0,0,0,0.0,0
0.2019,74,0,0.6179,6768.0,6,0,0,0,1.0,0
0.0613,42,0,0.8168,4750.0,10,0,1,0,1.0,0
3.4726,38,0,0.0823,,12,0,3,0,0.0,0
0.1379,49,0,1.0028,4328.0,8,0,0,0,1.0,0
0.456,62,0,0.4453,8497.0,9,0,1,0,0.0,0
0.283,48,0,0.7561,1699.0,4,0,1,0,1.0,0
0.4965,69,0,0.3484,16473.0,5,0,0,0,0.0,1
0.4506,45,0,0.7167,3426.0,4,0,0,0,0.0,1
0.8756,40,0,0.5634,2256.0,8,0,0,0,1.0,0
0.1445,51,0,0.321,,8,0,1,0,0.0,0
0.5665,49,0,0.7286,,9,0,2,0,0.0,1
0.2629,66,0,0.2641,5833.0,7,0,0,0,1.0,0
0.1506,64,0,0.2857,19566.0,3,0,3,0,0.0,0
0.2895,45,3,1.5529,10508.0,7,0,1,0,1.0,0
0.8693,28,0,0.7496,5389.0,10,0,2,0,1.0,1
3.7805,61,0,0.538,3258.0,10,0,3,0,1.0,0
1.4255,34,0,0.4323,,7,0,0,0,,0
0.0298,50,0,0.3944,,8,0,0,0,1.0,0
0.8649,59,0,0.4437,8458.0,5,0,0,0,0.0,1
0.1012,79,0,0.1355,6415.0,8,0,0,0,2.0,1
0.6735,85,0,0.4083,4371.0,3,0,1,0,0.0,0
0.1323,58,0,0.3605,,7,0,2,0,1.0,0
0.1247,22,0,0.5701,,7,0,0,0,1.0,0
0.4078,35,0,0.0577,1726.0,7,0,3,0,0.0,0
0.2633,50,2,0.3714,,11,0,2,0,0.0,0
1.6594,47,0,0.7537,1832.0,4,0,2,0,0.0,0
0.4366,54,0,0.5813,2475.0,6,0,0,0,1.0,0
2.0296,54,0,1.0486,2533.0,9,0,1,0,1.0,0
0.3101,34,0,0.5884,5482.0,8,0,0,0,1.0,0
0.1177,61,0,1.1585,6026.0,5,0,1,0,1.0,0
0.3955,38,0,0.5562,10250.0,4,0,0,0,0.0,0
3.4304,54,1,0.1167,,6,0,1,0,0.0,0
0.3915,79,0,0.8318,,11,0,0,0,0.0,0
0.5785,37,0,0.4682,,12,0,1,0,,0
0.7862,54,0,0.4964,9553.0,5,0,2,0,1.0,0
0.7937,46,0,0.2293,,8,0,0,0,0.0,0
0.7293,37,0,0.6284,6570.0,5,0,2,0,2.0,0
7.0085,54,0,0.3041,,4,0,0,0,1.0,0
0.4884,40,0,0.4324,13510.0,11,0,2,0,0.0,0
0.5825,64,0,0.6432,6816.0,7,0,0,0,2.0,0
0.071,62,0,0.4861,4489.0,6,0,0,0,2.0,0
0.3471,77,0,0.4481,,9,0,1,0,2.0,0
0.6029,64,0,0.4065,7194.0,10,0,1,0,2.0,0
0.5063,62,0,0.7984,12153.0,7,0,0,2,0.0,0
1.0306,23,0,0.7019,6850.0,6,0,1,0,0.0,0
0.2725,65,0,0.7028,6358.0,9,0,1,0,0.0,0
0.3747,63,0,0.6683,5893.0,12,0,3,0,2.0,0
0.0673,41,0,0.3047,4860.0,5,0,1,0,0.0,0
0.7161,78,0,0.1024,5718.0,10,0,0,0,0.0,0
0.5401,66,0,0.1076,6173.0,7,0,2,0,2.0,0
0.2323,55,0,0.5023,4460.0,6,0,3,0,0.0,0
0.9775,63,0,0.3329,8790.0,7,0,0,0,1.0,0
0.6523,59,0,0.3368,17161.0,9,0,1,0,3.0,0
0.6026,55,0,0.9013,,7,0,1,0,1.0,1
0.5218,49,0,0.3675,4488.0,9,0,1,0,1.0,0
1.295,70,1,0.3726,7003.0,9,0,0,0,0.0,0
2.4009,31,0,0.2869,6857.0,9,0,1,0,4.0,0
0.0491,55,0,0.2654,4706.0,5,0,0,0,1.0,0
1.397,73,0,0.2599,15702.0,8,0,2,0,1.0,0
4.5144,54,0,0.4877,2797.0,9,0,2,0,0.0,0
0.4884,63,0,0.4234,13501.0,6,0,2,0,0.0,0
0.4529,52,0,0.2657,2389.0,6,0,1,0,0.0,0
2.4584,38,0,0.7559,3525.0,7,0,1,0,1.0,0
0.576,65,0,0.2415,5122.0,6,0,1,0,1.0,0
0.7608,73,0,0.7236,,12,0,0,0,0.0,1
0.0522,44,0,0.6429,2636.0,9,0,1,0,1.0,0
1.9427,60,0,0.2709,5638.0,8,0,2,0,2.0,0
0.0896,56,0,0.1843,5202.0,7,0,0,0,0.0,0
0.9596,47,0,0.4071,9397.0,8,0,1,0,2.0,0
0.5947,69,0,0.6356,4185.0,12,0,0,0,0.0,1
0.6955,49,0,0.3848,5123.0,9,0,3,0,1.0,0
0.356,37,0,0.8095,4626.0,9,0,4,0,1.0,0
0.0856,47,0,0.429,3214.0,15,0,2,0,1.0,0
0.8213,50,0,0.1509,4265.0,9,0,0,0,2.0,0
0.2437,42,0,0.1087,6124.0,12,0,1,0,0.0,0
0.6658,44,0,0.3697,9065.0,9,0,0,0,1.0,0
0.4489,35,0,0.1193,,6,0,0,0,0.0,0
0.2679,48,0,0.8498,6110.0,7,0,0,0,0.0,0
0.2957,54,0,0.5349,2835.0,8,0,2,0,0.0,0
0.2305,39,0,0.3425,5562.0,7,0,1,0,0.0,0
0.2107,36,0,0.0161,5785.0,10,0,1,0,,0
0.1523,37,0,0.5406,6490.0,7,0,1,0,1.0,0
0.5077,50,0,0.3961,22566.0,8,0,1,0,0.0,0
0.0787,44,0,0.4736,,8,0,1,0,1.0,0
0.9777,28,0,0.1165,5215.0,6,0,0,0,0.0,0
0.5592,34,0,0.3656,,5,0,0,0,0.0,0
0.3842,50,0,0.5052,9052.0,16,0,0,0,2.0,0
0.3647,46,0,0.6742,9279.0,10,0,1,0,2.0,0
0.0544,50,0,0.5174,792.0,12,0,1,0,1.0,0
0.1294,74,0,0.5695,3590.0,5,0,1,0,0.0,0
1.1512,55,0,0.4255,6065.0,6,0,1,0,2.0,0
1.0506,25,0,0.481,13089.0,4,0,0,0,1.0,0
0.0396,43,0,0.3397,10474.0,9,0,1,0,,0
0.0503,56,0,0.1279,,6,0,0,0,0.0,0
0.4215,42,0,0.1445,14899.0,8,0,1,0,0.0,0
0.0867,38,0,0.586,3485.0,4,0,2,0,2.0,0
3.5399,64,2,0.907,,9,0,1,0,1.0,1
0.9191,46,0,0.1279,4957.0,10,0,0,0,0.0,0
2.4748,39,2,0.5255,7986.0,8,0,0,2,1.0,0
3.5712,39,0,0.2381,,11,0,0,0,1.0,0
4.5702,75,0,0.2383,8184.0,6,0,2,0,1.0,0
0.5176,36,0,0.7096,,7,0,0,0,1.0,0
0.1647,49,0,0.9421,2430.0,11,0,2,0,1.0,0
1.2545,50,0,0.5242,6392.0,10,0,2,0,0.0,0
0.26,61,0,0.3078,4983.0,3,0,2,0,0.0,0
0.0473,40,0,0.6045,,4,0,1,0,0.0,0
0.3373,40,0,0.043,10238.0,10,0,0,0,0.0,0
0.1216,63,0,0.2187,4840.0,15,0,2,0,1.0,0
0.2045,86,0,0.7598,9169.0,15,0,0,0,,0
0.1652,44,0,0.6439,5594.0,2,0,3,0,0.0,0
0.0812,43,0,1.0949,2918.0,5,0,0,0,1.0,0
0.9546,86,0,0.3747,10606.0,8,0,4,0,0.0,0
0.1945,46,0,0.3131,,9,0,1,0,1.0,0
0.41,47,0,0.2463,1438.0,10,0,0,0,0.0,0
0.0236,55,0,0.3342,5427.0,4,0,0,0,0.0,0
0.5788,58,0,0.6095,,9,0,1,0,1.0,0
0.5186,55,0,0.5775,5835.0,7,0,0,0,0.0,0
0.9194,65,0,0.4892,11880.0,10,0,1,0,2.0,0
0.4664,32,0,0.6221,9296.0,5,0,0,0,0.0,0
0.54,49,0,0.098,4355.0,9,0,1,0,1.0,0
0.1158,67,0,0.2389,8577.0,8,0,3,0,2.0,0
0.0495,21,0,0.0282,,3,0,1,0,1.0,0
0.2901,34,0,0.4742,6594.0,8,0,0,0,0.0,0
0.1701,62,0,0.157,3439.0,9,0,1,0,1.0,0
0.0724,53,0,0.6178,,5,0,1,0,1.0,0
2.1742,43,0,0.2535,,3,0,0,0,0.0,0
0.0439,56,0,1.218,,6,0,1,0,0.0,0
0.5042,58,0,0.5569,5190.0,8,0,2,0,0.0,0
0.4761,40,0,0.7555,3253.0,9,0,3,0,0.0,0
0.4523,51,0,0.5517,3636.0,10,0,2,0,1.0,0
0.305,36,0,0.2925,4918.0,9,0,1,0,1.0,0
0.5112,68,0,0.3134,6614.0,8,0,0,0,2.0,0
0.3785,30,0,1.1127,4718.0,9,0,0,0,0.0,0
0.4779,50,0,0.8182,5169.0,11,0,0,0,3.0,0
0.5122,63,0,0.4569,6263.0,8,0,2,0,0.0,0
0.3184,80,0,0.4394,7644.0,7,0,1,0,1.0,1
1.216,49,0,0.5604,3316.0,6,0,2,0,2.0,0
0.5815,91,0,0.7443,17970.0,8,0,3,0,1.0,0
0.6457,36,0,0.5479,5626.0,13,0,0,0,0.0,0
0.1612,60,1,0.0324,5653.0,7,0,0,0,2.0,1
0.039,42,0,0.5023,,8,0,1,0,0.0,0
0.36,75,0,0.4803,,8,0,0,0,1.0,0
0.3464,51,0,0.2311,,11,0,3,0,1.0,0
0.2265,38,0,0.7844,14260.0,8,0,0,0,3.0,0
0.3752,69,0,0.4577,28804.0,8,0,0,0,0.0,0
0.255,46,0,0.2501,5335.0,8,0,2,0,0.0,0
0.5438,34,0,0.2204,3657.0,9,0,0,0,2.0,0
0.3524,48,0,0.4488,3633.0,6,0,1,0,0.0,0
1.408,66,0,0.5741,,3,0,1,0,1.0,1
0.444,50,0,1.0523,,5,0,1,0,0.0,1
2.043,47,0,0.642,9554.0,7,0,0,0,0.0,0
0.1378,52,0,0.133,2785.0,9,0,0,0,1.0,0
0.4124,21,0,0.6716,4987.0,12,0,3,0,0.0,0
7.417,92,0,0.3042,4970.0,10,0,1,0,0.0,0
3.8883,51,0,0.65,11333.0,9,0,1,0,3.0,0
0.5718,65,0,0.2482,,5,0,2,0,1.0,0
0.2234,73,0,0.7185,9580.0,6,0,0,0,0.0,0
1.3383,37,0,0.2719,8451.0,9,0,5,0,1.0,0
1.7359,34,0,0.3521,5738.0,8,0,1,0,,0
0.0657,74,0,0.7433,5491.0,8,0,0,0,0.0,0
0.4691,40,0,0.9161,,9,0,0,0,0.0,0
1.4911,46,0,0.8164,,10,0,2,0,0.0,0
1.6395,41,0,0.3202,4491.0,11,0,2,0,1.0,0
0.0652,21,0,0.0607,4821.0,11,0,1,0,2.0,0
0.9495,49,0,0.1406,11936.0,2,0,1,2,0.0,0
0.511,51,0,0.2821,3973.0,9,0,0,0,0.0,0
0.1031,67,0,1.0527,5628.0,9,0,0,0,0.0,0
0.3072,46,1,0.8524,2869.0,12,0,0,0,0.0,0
0.9373,43,0,0.2382,,8,0,0,0,2.0,0
0.5227,59,0,0.3316,6115.0,3,0,1,0,2.0,0
0.592,64,0,0.1892,7386.0,14,0,2,0,3.0,0
1.5784,36,1,0.5139,3050.0,7,0,3,0,1.0,0
0.7987,24,0,0.167,,3,0,2,0,1.0,1
1.069,83,0,0.1823,3560.0,13,0,0,0,0.0,1
0.1186,74,0,0.3532,3061.0,8,0,2,0,2.0,0
0.4965,42,0,0.4099,5651.0,11,0,2,0,1.0,0
0.0547,47,0,0.3207,,12,0,3,0,1.0,0
0.5015,51,0,0.7457,3145.0,6,0,0,0,1.0,1
0.1407,40,0,0.3613,5434.0,8,0,3,0,1.0,0
0.1416,43,0,0.8024,7971.0,6,0,1,0,2.0,0
0.3496,50,0,0.8403,19135.0,8,0,3,0,1.0,0
0.4275,32,0,0.5625,8219.0,10,0,1,0,3.0,0
0.854,84,3,0.4277,,13,0,0,0,1.0,0
0.487,28,0,0.7591,,9,0,1,0,0.0,0
3.6352,22,0,0.362,6544.0,8,0,0,0,1.0,0
2.2473,64,0,0.4997,9801.0,9,0,0,0,1.0,0
0.8048,46,0,0.8807,4933.0,5,0,0,0,1.0,0
0.6965,58,0,0.4274,37417.0,6,0,0,0,0.0,0
3.5673,52,0,0.7249,15600.0,8,0,1,0,1.0,0
0.1735,46,0,0.0855,14293.0,12,0,2,0,0.0,0
0.2486,50,0,0.3592,3987.0,5,0,0,0,0.0,0
0.146,57,0,0.1416,4005.0,9,0,2,0,0.0,0
0.5168,68,0,0.4047,2616.0,8,0,1,0,0.0,0
0.6611,41,0,0.3272,9866.0,6,0,0,0,1.0,0
0.6497,58,0,0.1289,6051.0,6,0,2,0,2.0,0
0.4878,45,0,0.2184,5469.0,6,0,1,0,0.0,0
0.6769,47,0,0.6814,4560.0,8,0,0,0,0.0,1
0.2227,39,0,0.1554,6780.0,7,0,0,0,0.0,0
1.0773,48,0,0.5399,,11,0,0,0,0.0,0
0.4058,35,0,1.2574,6304.0,8,0,0,0,3.0,0
0.1335,36,0,0.6221,21129.0,6,0,0,0,3.0,0
0.1875,39,0,0.5794,5577.0,9,0,2,0,1.0,0
1.4321,21,0,0.755,2965.0,7,0,1,0,2.0,0
1.9124,38,2,0.1358,,5,0,1,2,1.0,0
0.2114,45,0,0.4439,,11,0,1,0,1.0,0
0.0235,57,0,0.8296,3288.0,9,0,1,0,1.0,0
0.0691,32,0,0.7425,2657.0,9,0,1,0,0.0,0
0.3938,51,0,0.6722,,9,0,0,0,3.0,0
0.5912,57,0,0.5408,,9,0,0,0,0.0,0
0.3409,48,0,0.8501,,6,0,0,0,0.0,0
0.6876,54,0,0.2237,6032.0,9,0,4,0,0.0,0
0.0224,55,0,0.5459,3749.0,10,0,0,0,2.0,0
0.0653,46,0,0.8635,8673.0,17,0,4,0,0.0,0
0.1795,42,0,0.6102,1703.0,11,0,0,0,0.0,0
0.3187,54,0,0.694,2323.0,4,0,3,0,0.0,0
0.7215,36,0,0.3759,6842.0,6,0,2,1,2.0,0
0.4257,21,0,0.4434,699.0,10,0,0,0,0.0,0
0.2421,41,0,0.8353,7933.0,9,0,0,0,0.0,0
6.6091,43,0,0.382,9169.0,4,0,0,0,1.0,1
0.9188,53,0,0.6029,,8,0,1,0,0.0,0
0.1821,53,0,0.3116,14110.0,5,0,1,0,0.0,0
2.5338,42,0,0.9088,9208.0,9,0,1,0,0.0,0
0.0923,52,0,0.285,3406.0,7,0,1,0,2.0,0
1.6372,64,0,0.0747,,11,2,3,0,1.0,0
0.9818,49,0,0.5754,6626.0,4,0,0,0,0.0,0
0.4675,38,1,0.7208,5192.0,6,1,0,0,1.0,0
0.4815,46,0,0.351,12396.0,7,0,1,0,0.0,0
0.2759,61,0,0.4057,3003.0,6,0,1,0,1.0,0
0.6246,31,0,0.2748,3733.0,9,0,0,0,0.0,0
0.5315,60,4,0.1515,7632.0,9,0,1,0,0.0,0
0.5336,43,0,0.4699,4318.0,8,0,2,0,0.0,0
0.0839,66,0,0.6095,3021.0,11,0,0,0,1.0,0
0.3338,55,0,0.1786,,9,0,0,0,0.0,0
0.2865,60,0,0.1207,5168.0,7,0,0,0,3.0,0
0.3563,64,0,0.3381,4736.0,10,0,2,0,1.0,0
0.033,66,0,0.3647,,16,0,2,0,0.0,0
0.6469,63,0,0.8221,3827.0,5,0,1,0,0.0,0
0.4813,38,0,0.8744,,9,0,0,0,1.0,0
0.0437,62,0,1.3791,3655.0,4,0,1,0,2.0,1
0.3374,32,0,0.4519,1713.0,5,0,0,0,2.0,0
0.7977,34,0,0.5536,,10,0,1,0,1.0,0
0.2719,50,0,0.5113,13702.0,7,0,0,0,1.0,0
0.5714,69,0,0.4214,2912.0,3,0,1,0,0.0,0
0.2965,50,0,0.7442,2783.0,12,0,0,0,0.0,0
2.3075,40,0,0.6412,8295.0,7,0,1,0,,0
0.5428,60,0,0.6085,,9,0,2,0,1.0,0
0.4371,45,0,0.1903,5010.0,5,0,1,0,1.0,0
0.3906,58,0,0.4162,3638.0,15,0,3,0,1.0,0
1.594,53,0,0.404,9148.0,5,0,2,0,1.0,0
0.3368,38,0,0.4102,,14,0,2,0,0.0,0
0.1076,67,0,0.6247,4680.0,6,0,0,0,0.0,0
1.1423,28,0,0.3205,,4,0,2,0,2.0,0
0.2408,39,0,0.291,7045.0,9,0,2,0,1.0,0
0.1793,60,0,0.3271,3951.0,5,0,1,0,0.0,0
0.0954,91,0,0.1468,3185.0,12,1,1,0,1.0,0
0.721,26,0,1.1512,6340.0,13,0,2,0,1.0,0
0.359,49,0,0.5757,9705.0,11,0,0,0,0.0,0
0.4994,21,0,0.2567,2743.0,8,0,0,0,0.0,0
0.7612,49,0,0.2212,8389.0,8,0,0,0,0.0,1
0.4619,42,0,0.2501,15651.0,10,0,0,0,1.0,0
0.3448,52,0,0.9317,7692.0,4,0,1,0,,0
0.7054,71,0,0.2282,,8,0,0,0,2.0,0
0.7437,63,0,0.8369,4524.0,7,0,1,0,2.0,1
0.113,46,2,0.9518,,11,0,0,1,1.0,1
0.17,61,0,0.2651,,10,0,1,0,1.0,0
0.0568,52,0,0.6515,,13,0,1,0,0.0,0
0.9947,37,0,0.2056,2545.0,12,0,1,0,0.0,0
1.0096,51,0,0.859,10385.0,5,0,0,0,1.0,0
0.0888,58,0,0.4815,,11,0,0,0,1.0,0
2.3747,95,0,0.4129,10553.0,3,0,1,0,0.0,0
0.5689,70,0,0.2017,4517.0,9,0,1,0,2.0,1
0.083,62,0,0.2886,4293.0,6,0,1,0,0.0,0
0.2057,27,0,1.0631,5672.0,3,0,0,0,0.0,0
0.8102,54,1,0.0208,7920.0,8,0,2,0,0.0,0
0.4905,72,1,0.6827,6597.0,7,0,5,0,1.0,0
0.4998,59,0,0.5974,5026.0,4,0,0,0,1.0,0
0.2091,68,0,0.9061,7158.0,8,0,0,0,0.0,0
0.0341,59,0,0.5554,2729.0,10,0,0,0,1.0,0
0.2164,66,0,0.3317,4034.0,6,0,3,0,1.0,0
0.2481,28,0,1.003,,7,0,0,0,1.0,0
1.9885,75,0,0.7009,29972.0,6,0,4,0,0.0,0
0.0513,63,0,0.8843,13793.0,11,0,1,0,0.0,0
0.5799,68,0,0.2659,5479.0,12,0,1,0,0.0,0
0.5723,54,0,0.9994,5735.0,4,0,1,0,0.0,0
0.8768,59,0,0.0724,4170.0,10,0,0,0,0.0,0
0.5299,62,0,1.1353,5073.0,9,0,2,0,0.0,0
0.5005,50,0,0.0822,6167.0,6,0,1,0,1.0,0
0.1522,41,0,0.1964,,8,0,1,0,0.0,0
0.2589,36,0,0.4616,3245.0,4,0,4,0,0.0,0
0.8312,50,0,0.3645,819.0,7,0,0,0,0.0,0
0.1842,40,0,0.5065,6088.0,5,0,1,0,0.0,0
0.2309,42,0,0.1872,9484.0,5,0,4,0,2.0,0
0.2178,73,0,0.3683,5877.0,8,0,0,0,2.0,0
7.2465,75,0,0.693,13274.0,5,0,4,0,0.0,0
0.5562,47,0,0.0917,,9,0,1,0,2.0,1
0.6429,70,0,0.2946,4202.0,7,0,0,0,1.0,0
8.2071,49,0,0.0846,8213.0,14,0,0,0,4.0,0
0.1584,47,0,0.2574,2308.0,7,0,2,0,1.0,0
0.0433,57,0,0.3081,,5,0,0,0,2.0,0
0.3035,42,0,0.6587,6182.0,9,0,0,0,0.0,0
0.6079,47,0,0.595,5667.0,10,0,0,0,0.0,0
0.3492,71,0,0.2511,4167.0,10,0,0,0,1.0,0
0.0646,57,0,0.6339,,9,0,1,0,,0
0.0703,57,0,0.3541,8892.0,13,0,1,0,0.0,0
0.0302,49,0,0.4003,6907.0,7,0,0,0,1.0,0
0.1441,48,0,0.774,,12,0,0,0,,0
0.2504,54,0,0.3122,7810.0,10,0,2,0,1.0,0
0.2649,63,0,0.4904,3214.0,9,0,0,0,1.0,0
0.825,57,0,0.278,3048.0,10,0,3,0,,0
0.5634,61,0,0.9148,7899.0,8,0,1,0,1.0,0
0.1868,27,0,0.4432,968.0,12,0,1,0,1.0,0
0.6667,38,0,0.8292,4353.0,13,0,1,0,0.0,0
0.2929,43,0,0.4074,,4,0,3,0,3.0,0
0.0792,58,0,0.9327,4734.0,7,0,2,0,0.0,0
0.6239,57,0,0.4299,,11,0,0,0,,0
0.9794,61,0,0.8179,5826.0,4,0,0,0,1.0,0
0.1694,47,0,0.5182,4592.0,6,0,1,0,2.0,0
0.3445,53,0,0.5898,,12,0,1,0,1.0,0
0.1052,77,0,0.5448,7926.0,7,0,1,0,,0
0.3632,52,0,0.4275,6145.0,6,0,0,0,3.0,0
0.3689,26,0,0.8382,6025.0,9,0,0,0,1.0,0
0.2483,59,0,0.5425,11725.0,7,0,0,0,1.0,0
1.1535,69,0,0.0745,7038.0,7,0,0,0,1.0,0
0.6412,68,0,0.3241,10389.0,9,0,0,0,4.0,0
0.3176,47,0,0.5096,7786.0,9,0,1,0,3.0,0
4.7594,48,0,0.3476,,9,0,2,0,2.0,1
0.0618,63,0,0.5429,,5,0,3,0,2.0,0
0.3911,54,0,0.2683,7089.0,4,0,1,0,1.0,0
2.3926,60,0,0.2984,7510.0,7,0,2,0,2.0,0
1.0323,44,0,0.4541,12382.0,6,0,3,0,1.0,0
0.2475,57,0,0.5473,10071.0,12,0,4,0,1.0,0
0.3921,44,0,0.0198,2975.0,8,0,0,0,2.0,0
0.0529,49,0,0.115,5319.0,13,0,0,0,1.0,0
0.2753,37,0,0.5242,9014.0,3,0,0,0,1.0,0
3.5453,41,0,0.1522,7623.0,8,0,3,0,1.0,0
0.4338,32,0,0.1046,,13,0,2,0,1.0,0
1.5116,30,0,0.2273,2048.0,11,0,1,0,,0
0.1033,39,0,0.6499,4638.0,5,0,2,0,1.0,0
3.4388,58,0,0.4373,2620.0,4,0,1,0,0.0,0
1.1783,55,0,0.7513,2212.0,5,0,1,0,1.0,0
0.0149,64,0,0.5459,,10,0,0,0,0.0,0
0.2288,46,0,0.3168,6914.0,7,0,3,0,1.0,0
6.3562,31,0,0.1069,5669.0,4,0,3,0,0.0,0
0.1661,57,0,0.576,5192.0,11,0,0,0,2.0,0
2.2012,52,0,0.7122,5381.0,12,0,2,0,2.0,1
1.0868,50,0,0.2794,6540.0,11,0,1,0,2.0,0
1.5932,37,0,0.1311,4227.0,4,0,2,0,1.0,0
0.8364,47,0,0.5433,5191.0,10,0,1,0,1.0,0
0.4983,61,0,0.5638,8126.0,7,0,0,0,2.0,0
0.4982,35,1,0.6823,1785.0,6,0,0,2,1.0,0
0.3555,26,0,0.278,6429.0,11,0,0,0,3.0,0
0.2645,54,0,0.1089,5836.0,9,0,2,0,2.0,0
0.8638,41,0,0.0966,,10,0,0,0,1.0,0
4.3682,62,0,0.3496,7823.0,6,0,1,0,1.0,0
0.4134,47,0,0.6705,14256.0,9,0,0,0,0.0,0
1.1968,37,1,0.9383,1219.0,11,0,1,1,0.0,0
1.2143,54,0,0.8987,3888.0,7,0,0,0,0.0,0
0.0302,51,0,0.0646,,12,0,1,0,1.0,0
0.0472,51,0,0.7338,8192.0,8,0,0,0,1.0,0
0.1211,37,0,0.1474,12877.0,9,0,0,0,1.0,1
0.6496,69,0,0.6374,3192.0,8,0,0,0,2.0,0
3.0321,44,0,0.6386,4112.0,11,0,1,0,1.0,0
0.6863,72,0,0.8403,4830.0,5,0,1,0,0.0,0
3.6804,28,0,0.6729,,11,0,2,0,2.0,1
0.6808,64,0,0.2814,3923.0,7,0,0,0,1.0,0
0.9652,59,2,0.5119,11910.0,7,0,1,0,0.0,0
0.2588,48,0,0.563,2606.0,11,0,1,0,1.0,0
0.2447,29,3,0.5595,,4,1,0,0,0.0,0
0.6574,53,0,0.7228,5591.0,6,0,0,0,0.0,0
0.5502,26,0,0.4834,5183.0,10,0,4,0,0.0,1
0.6078,46,0,0.5064,8923.0,9,0,0,0,1.0,0
0.1935,63,0,0.8134,4818.0,9,0,2,0,0.0,0
0.0147,49,0,0.186,,10,0,0,0,2.0,0
0.3012,49,0,0.2889,5358.0,5,0,1,0,0.0,0
0.6902,71,0,1.2185,29293.0,5,0,1,0,0.0,0
0.0524,54,0,0.4538,4071.0,11,0,2,0,,0
1.5995,76,0,0.4085,17972.0,6,0,1,0,1.0,0
4.2824,47,0,0.3323,4028.0,8,0,0,0,0.0,0
0.1534,66,0,0.6257,9336.0,13,0,1,0,1.0,0
0.0932,50,0,0.6281,14484.0,4,0,0,0,0.0,0
0.2468,57,0,0.1869,9411.0,5,0,0,0,1.0,0
2.0755,40,0,0.514,4044.0,8,0,2,0,2.0,0
0.7806,55,0,0.8241,3234.0,7,0,1,0,1.0,0
0.2909,56,0,0.4498,3489.0,6,0,1,0,2.0,0
4.8482,54,0,0.1505,2711.0,8,0,0,0,0.0,0
0.4283,28,0,0.5481,4584.0,9,0,0,0,1.0,0
1.3261,66,0,0.2231,7409.0,5,0,0,0,1.0,0
0.3272,56,0,0.768,4335.0,7,0,1,0,0.0,0
0.1251,58,0,0.1727,9942.0,6,0,0,0,1.0,0
1.0495,73,0,0.5081,7250.0,10,0,1,0,4.0,0
1.5564,51,0,0.1881,6920.0,6,0,3,0,0.0,0
0.1939,61,0,0.2764,16120.0,13,0,1,0,0.0,0
0.0663,63,0,0.6385,4522.0,4,0,2,0,2.0,0
0.1476,48,0,0.3245,11240.0,9,0,0,0,2.0,0
0.6137,52,0,0.3539,3204.0,9,0,3,0,1.0,0
1.9212,41,0,0.8978,,9,0,2,0,3.0,1
0.6861,21,0,0.809,4332.0,7,0,1,0,2.0,0
0.3221,41,0,0.4595,2294.0,8,0,1,0,0.0,0
0.1121,33,0,0.9384,3777.0,4,0,1,0,1.0,0
2.4211,31,0,0.4443,4309.0,8,0,2,0,0.0,0
2.7794,42,0,0.493,4260.0,7,0,3,0,0.0,0
0.0123,85,0,0.2919,,12,0,3,0,0.0,0
2.318,36,0,0.4247,,7,0,1,0,0.0,0
0.127,59,0,0.2958,15705.0,2,0,1,0,2.0,0
0.2643,26,0,0.188,3542.0,10,0,2,0,1.0,0
0.4633,56,0,0.5885,7903.0,11,0,2,0,0.0,0
0.045,61,0,0.8428,38482.0,11,0,1,0,1.0,0
0.4582,36,0,0.5351,,6,0,0,0,1.0,0
0.0024,43,0,0.7957,1780.0,12,0,0,0,0.0,0
0.3235,39,0,1.0684,13102.0,4,1,2,1,0.0,0
0.4961,59,0,0.1285,3852.0,5,0,1,0,1.0,0
0.5496,56,0,0.1291,8485.0,7,0,1,0,0.0,0
1.0479,63,0,0.1177,7692.0,5,0,1,0,1.0,0
3.7469,50,0,0.4944,4332.0,9,0,1,0,0.0,0
1.551,30,0,0.835,7963.0,10,0,0,0,1.0,0
0.1108,36,0,0.2368,4681.0,6,0,1,0,1.0,0
0.4237,33,0,0.3573,5079.0,5,0,1,0,0.0,0
2.373,40,0,0.1762,9369.0,5,0,2,0,0.0,0
0.2875,44,0,0.5243,5374.0,6,0,3,0,0.0,0
0.5856,45,0,0.1626,1906.0,10,0,1,0,2.0,0
0.2335,50,0,0.6927,4279.0,4,0,0,0,0.0,0
0.3393,26,2,0.2712,3078.0,6,0,2,0,0.0,0
1.864,63,0,0.3995,2231.0,7,0,0,0,0.0,0
0.681,56,0,0.7794,13886.0,4,0,1,0,0.0,0
0.2408,47,1,0.6228,,10,0,0,0,0.0,0
0.2007,44,0,0.9177,1219.0,8,0,3,0,0.0,0
0.2753,45,0,0.3876,4399.0,15,0,2,0,0.0,0
1.2348,47,0,0.1993,15185.0,14,0,3,0,1.0,0
0.3784,58,0,0.7371,4073.0,9,0,1,0,1.0,0
2.8689,50,0,0.4406,5103.0,10,0,1,0,0.0,0
0.2736,56,0,1.1861,4001.0,9,0,0,0,1.0,0
0.3676,53,0,0.6677,6604.0,11,0,1,0,2.0,0
0.0485,43,0,0.7866,2742.0,3,0,0,0,1.0,0
0.0847,29,1,0.6292,7688.0,5,0,3,1,0.0,0
0.4339,71,0,0.456,3515.0,5,0,1,0,1.0,0
3.662,60,0,0.34,9747.0,5,0,2,0,1.0,0
0.7308,70,2,0.7341,,9,0,0,1,1.0,0
0.6094,45,0,0.59,5250.0,5,0,1,0,0.0,0
0.1362,57,0,0.1507,7370.0,7,0,1,0,2.0,0
0.0296,43,0,0.3677,1874.0,9,0,2,0,1.0,0
4.2222,61,4,0.8644,6474.0,6,0,2,0,1.0,0
0.1043,74,0,0.3873,3243.0,14,0,1,0,1.0,0
0.0229,73,0,0.713,5694.0,5,0,0,0,0.0,0
0.2666,52,0,0.5465,5587.0,6,0,1,0,,0
1.2672,62,0,0.3175,5326.0,8,0,2,0,0.0,0
0.6939,59,0,0.8004,19993.0,9,0,1,0,0.0,0
0.3339,54,0,0.6833,4573.0,11,0,0,0,1.0,0
2.9449,58,0,0.1251,2997.0,5,0,0,0,1.0,1
1.5408,41,0,0.2929,,8,0,3,0,1.0,0
0.0612,30,0,0.6212,4778.0,7,0,1,0,1.0,0
0.0321,58,0,0.3853,20637.0,5,0,0,0,1.0,0
1.1526,37,2,1.0725,3486.0,9,0,0,1,3.0,0
0.4771,40,0,0.1638,,9,0,0,0,0.0,0
0.3807,46,0,0.1912,6907.0,7,0,3,0,1.0,0
0.2898,73,0,0.19,6651.0,16,0,1,0,0.0,0
0.1404,51,0,1.2457,6799.0,11,0,1,0,1.0,0
0.0021,40,0,0.3742,2195.0,6,0,1,0,2.0,0
0.1359,35,0,1.0575,10815.0,5,0,0,0,1.0,0
0.6064,50,0,0.1559,8335.0,11,0,0,0,,0
0.3397,49,0,0.3347,3251.0,11,0,0,0,2.0,0
0.1282,36,1,1.1498,,6,0,0,2,2.0,0
0.2756,54,0,0.3113,,7,0,1,0,0.0,0
0.101,29,0,0.9761,7161.0,6,0,1,0,0.0,0
0.2283,37,0,0.2186,,13,0,0,0,1.0,0
0.2266,71,0,0.7579,8248.0,11,0,0,0,1.0,0
0.7498,36,0,0.2645,1054.0,14,0,1,0,0.0,0
0.4998,50,0,0.5558,8490.0,9,0,2,0,1.0,0
0.6198,57,0,0.3471,15075.0,9,0,3,0,1.0,0
0.0428,77,0,0.4415,3718.0,5,0,2,0,1.0,0
0.4722,73,0,0.2917,15206.0,8,0,3,0,3.0,0
1.1216,61,2,0.2641,9589.0,11,0,0,0,1.0,0
0.0104,37,0,0.1996,2745.0,6,0,0,0,3.0,0
0.1232,39,0,0.5473,1814.0,9,0,3,0,0.0,0
0.9348,45,0,0.167,10356.0,11,0,1,0,0.0,0
0.598,86,0,0.3047,5527.0,6,0,0,0,0.0,0
0.348,59,0,0.7934,1624.0,9,0,0,0,0.0,0
0.1685,51,0,0.493,7022.0,10,0,1,0,0.0,0
2.8201,55,0,0.8276,,7,0,0,0,1.0,0
0.5708,71,0,0.8339,7623.0,11,0,1,0,2.0,0
1.0839,43,0,0.6365,12688.0,5,0,1,0,1.0,0
0.5123,53,0,0.7131,8939.0,7,0,0,0,2.0,0
0.093,49,0,0.737,4385.0,9,0,0,0,1.0,0
3.5841,42,0,0.3312,3908.0,10,0,0,0,2.0,0
0.3205,48,0,0.9096,2267.0,7,0,0,0,1.0,0
0.7145,57,0,0.6137,2937.0,9,0,1,0,0.0,0
0.0652,56,0,0.0911,24417.0,3,0,1,0,1.0,0
0.1342,71,0,0.4343,17819.0,7,0,0,0,1.0,0
0.0441,43,0,0.7522,1649.0,5,0,0,0,0.0,0
0.453,55,0,0.3342,8219.0,9,0,0,0,0.0,0
4.8999,35,0,0.4619,1329.0,11,0,2,0,0.0,0
0.78,51,0,0.2412,5868.0,5,0,1,0,0.0,0
1.1478,30,0,0.5516,1216.0,14,0,2,0,0.0,1
0.3642,59,0,0.8297,8074.0,11,0,0,0,2.0,0
1.595,77,1,1.112,14178.0,6,0,2,0,0.0,0
1.0143,66,1,0.3753,5502.0,10,0,0,0,0.0,0
0.3184,46,0,0.3539,4694.0,5,0,1,0,0.0,0
0.4403,66,0,0.6519,5500.0,4,0,1,0,1.0,0
0.068,31,0,0.0993,10650.0,5,0,1,0,0.0,0
0.2699,58,0,0.4864,,10,0,2,0,0.0,0
0.331,87,0,0.1361,2757.0,9,0,0,0,0.0,0
0.6752,58,0,0.3013,1713.0,12,0,0,0,0.0,0
0.1586,48,0,0.7419,2370.0,11,0,2,0,0.0,0
0.4612,47,0,0.6307,,7,0,1,0,2.0,0
0.2555,56,2,0.0262,17751.0,4,1,2,2,1.0,0
0.5938,51,0,0.6095,5158.0,5,0,1,0,1.0,1
0.3829,45,0,0.767,6170.0,5,0,0,0,0.0,0
0.0885,50,0,0.4604,,4,0,5,0,0.0,0
1.1083,28,0,0.3991,8031.0,7,0,1,0,0.0,0
0.1244,62,0,0.5611,,6,0,2,0,0.0,1
0.488,67,0,0.1655,10067.0,10,0,1,0,1.0,0
0.322,61,0,0.2721,1823.0,12,0,1,0,0.0,0
0.5283,47,0,0.042,,10,0,1,0,1.0,0
0.5304,57,4,0.8278,2394.0,10,0,0,0,1.0,0
0.2154,58,0,0.5952,5587.0,6,0,0,0,2.0,0
0.4014,48,0,0.7515,2333.0,6,0,0,0,0.0,0
0.0764,68,0,0.2666,3380.0,5,0,2,0,2.0,0
3.7662,64,0,0.3909,,5,0,1,0,1.0,0
0.9753,66,0,0.4905,9192.0,6,0,0,0,1.0,0
0.3123,56,0,0.9121,,8,0,2,0,0.0,0
0.1604,31,0,0.8369,,14,0,1,0,0.0,0
0.4253,21,0,0.9938,3629.0,5,0,1,0,2.0,1
0.0171,45,0,0.2935,9357.0,5,0,0,0,1.0,0
0.8212,40,0,0.4517,2576.0,3,0,1,0,1.0,0
0.624,51,0,0.2062,2347.0,8,0,1,0,4.0,0
0.2766,36,0,0.4607,12259.0,8,0,1,0,1.0,0
0.2783,36,0,0.0093,3726.0,9,0,0,0,0.0,0
0.1677,23,0,1.0719,6824.0,9,0,1,0,0.0,0
0.1989,32,0,0.2323,3596.0,14,0,0,0,0.0,0
1.2734,45,0,0.7882,3116.0,15,0,0,0,0.0,0
1.4036,43,0,0.246,8282.0,4,0,2,0,1.0,0
0.2811,66,0,0.4688,5252.0,3,0,1,0,1.0,0
0.185,47,0,0.7043,20009.0,8,0,1,0,3.0,0
0.8009,29,0,0.7505,,8,0,2,0,1.0,0
2.1211,48,0,0.691,9370.0,6,0,2,0,2.0,0
0.6195,58,0,1.0613,5754.0,4,0,1,0,1.0,0
0.7517,21,0,0.247,4783.0,7,0,2,0,1.0,0
0.1883,69,3,0.6003,3955.0,8,0,0,1,1.0,0
0.9776,58,1,0.3842,10496.0,11,0,0,0,0.0,0
1.9396,71,0,0.7249,,7,0,0,0,1.0,0
0.7329,58,0,0.3015,,11,0,0,0,0.0,0
0.4406,46,0,0.4764,7263.0,8,0,0,0,1.0,0
0.2401,51,0,0.4801,4460.0,6,0,2,0,3.0,0
0.0664,45,0,0.6372,9837.0,7,0,1,0,1.0,0
0.0463,63,0,0.5689,8286.0,8,0,4,0,0.0,0
0.4005,41,0,0.4301,3468.0,6,0,1,0,0.0,0
0.3464,56,0,0.3016,,9,0,0,0,1.0,0
1.5368,68,0,0.82,2290.0,8,0,0,0,1.0,0
0.4568,55,0,0.8086,13794.0,7,0,0,0,4.0,0
0.0794,53,0,0.8779,,10,0,0,0,0.0,0
0.3755,58,0,0.2377,7051.0,6,0,3,0,2.0,0
2.1621,42,0,0.1676,,9,0,0,0,0.0,0
0.1411,21,0,0.4568,20836.0,6,0,0,0,,0
0.463,38,0,0.2759,,13,0,0,0,0.0,0
0.4308,41,0,0.7066,29819.0,4,0,3,0,0.0,0
0.2243,57,0,0.427,4986.0,6,0,0,0,2.0,0
0.1272,39,0,0.3139,,8,0,2,0,0.0,0
0.2518,41,0,0.1719,,8,0,2,0,0.0,0
0.2358,62,0,0.2536,4262.0,7,0,1,0,0.0,0
0.7418,57,3,0.3564,8065.0,10,0,1,0,1.0,0
0.019,69,0,0.4015,12482.0,6,0,1,0,1.0,0
0.9639,50,1,0.5746,,6,0,0,0,2.0,0
0.7632,30,1,0.2703,10810.0,6,0,0,1,1.0,0
0.311,82,0,0.2762,5375.0,7,0,1,0,1.0,0
0.4953,60,0,1.1551,,3,0,0,0,0.0,1
2.128,44,2,0.2466,6860.0,5,0,3,0,0.0,0
0.1135,64,0,0.6277,,13,0,2,0,0.0,0
0.5848,55,0,0.4082,,6,0,2,0,0.0,0
1.8145,69,1,0.076,2432.0,4,0,0,1,0.0,0
0.5721,55,0,0.1,2614.0,8,0,2,0,0.0,0
2.6067,46,0,0.1382,4051.0,8,0,1,0,1.0,0
0.4469,56,0,0.2061,3362.0,8,0,2,0,4.0,0
0.1059,66,0,0.2323,7753.0,8,0,1,0,0.0,0
0.1565,41,0,0.4687,,7,0,0,0,0.0,0
0.0346,53,0,1.0892,,13,0,2,0,2.0,0
0.9385,35,0,0.3779,,10,0,3,0,1.0,0
0.3563,59,0,0.5258,2120.0,8,0,1,0,2.0,0
0.796,53,0,0.6343,2927.0,5,0,1,0,1.0,0
0.6488,61,0,0.6143,9652.0,5,0,3,0,1.0,0
0.4515,66,0,0.6315,2445.0,5,0,1,0,2.0,0
0.2913,43,0,0.2684,7784.0,7,0,4,0,1.0,0
2.976,55,0,1.3339,3235.0,7,0,1,0,,1
0.7163,55,0,0.2572,6227.0,10,0,1,0,0.0,0
0.2175,43,0,0.8218,9335.0,7,0,1,0,0.0,0
0.3815,38,0,0.5709,3465.0,4,0,0,0,,0
0.3152,73,0,0.1492,2342.0,7,0,0,0,1.0,0
0.1522,46,0,0.6869,1248.0,6,0,1,0,2.0,0
0.7637,46,0,0.7812,1769.0,8,0,0,0,1.0,0
1.1037,48,0,0.1627,8057.0,10,0,0,0,2.0,0
0.9253,59,0,0.7146,8745.0,2,0,2,0,3.0,0
0.027,45,0,0.8929,3317.0,12,0,1,0,0.0,0
0.3473,41,0,0.3368,4065.0,5,0,1,0,2.0,0
0.3562,54,0,0.6792,14071.0,11,0,1,0,0.0,0
0.5884,62,0,0.3207,7098.0,9,0,2,0,2.0,0
2.7363,58,0,0.4841,2940.0,7,0,0,0,1.0,0
0.5369,43,0,0.5146,1284.0,6,0,0,0,0.0,0
1.3687,37,0,0.481,,6,0,0,0,1.0,0
0.061,38,0,0.5411,4636.0,11,0,0,0,1.0,0
0.0146,57,0,0.6555,,7,0,1,0,1.0,0
0.0761,59,0,1.0924,5359.0,5,0,0,0,1.0,0
1.1434,45,0,0.5172,3027.0,13,0,1,0,1.0,0
0.4203,44,0,0.066,3711.0,9,0,1,0,3.0,0
0.1093,35,0,0.3051,,7,0,2,0,0.0,0
0.0098,51,0,0.1978,,12,0,1,0,2.0,0
0.3566,62,0,0.0519,9286.0,7,0,3,0,2.0,0
0.7099,43,0,0.9477,5000.0,8,0,0,0,2.0,0
0.5309,67,0,0.4471,4676.0,7,0,0,0,0.0,0
0.4843,37,0,0.2224,2972.0,10,0,3,0,0.0,0
7.5145,41,0,0.0958,3595.0,10,0,1,0,1.0,0
0.1074,50,0,0.2509,1969.0,9,0,0,0,0.0,0
7.5366,54,0,0.3779,,3,0,1,0,0.0,0
0.1075,49,0,0.4634,3706.0,14,0,0,0,0.0,0
0.7738,56,0,0.598,,5,0,1,0,0.0,0
0.1622,55,0,0.7436,11904.0,10,0,1,0,0.0,0
0.149,69,0,0.0861,9667.0,11,0,0,0,0.0,0
0.003,53,0,0.4053,4695.0,4,0,0,0,2.0,0
0.013,47,0,0.785,,5,0,0,0,0.0,0
0.548,58,0,0.531,,7,0,2,0,1.0,0
0.8273,27,1,0.5978,8624.0,8,0,1,0,2.0,0
0.7851,33,1,0.3473,,11,1,2,0,2.0,0
1.9992,65,0,0.995,15333.0,13,0,0,0,1.0,0
0.3013,44,0,0.3537,2693.0,9,0,3,0,1.0,0
0.1866,41,0,0.2301,4637.0,6,0,1,0,2.0,0
0.0381,58,0,0.3005,3021.0,8,0,2,0,0.0,0
0.2088,50,0,0.5644,2870.0,7,0,0,0,1.0,0
0.6551,65,0,0.4719,6000.0,8,0,0,0,0.0,0
0.2503,46,0,0.4917,17765.0,7,0,0,0,2.0,0
3.9156,70,0,0.6335,6356.0,10,0,2,0,1.0,0
0.049,47,0,0.6592,2829.0,2,0,0,0,1.0,0
0.5603,65,0,0.4514,11392.0,11,0,1,0,1.0,0
0.3071,53,0,0.4183,4565.0,7,0,0,0,0.0,0
0.4989,41,0,0.0388,6177.0,7,0,0,0,0.0,0
0.6632,51,0,0.216,6980.0,5,0,1,0,4.0,0
0.0908,54,0,0.935,5088.0,8,0,1,0,0.0,0
0.8192,51,0,0.6884,,6,0,0,0,1.0,0
0.0599,41,0,0.2524,3416.0,4,0,2,0,1.0,0
0.8142,72,0,0.2867,,5,0,0,0,1.0,1
0.4654,55,0,0.7613,12771.0,8,0,1,0,2.0,0
0.3988,21,0,0.3812,7932.0,7,0,2,0,2.0,0
0.227,55,0,0.1475,6939.0,13,0,2,0,1.0,0
0.5711,59,0,0.6811,,6,0,1,0,1.0,1
0.2535,24,0,0.0993,3769.0,12,0,0,0,0.0,0
0.042,42,0,0.5168,1788.0,6,0,1,0,1.0,0
0.2628,65,0,0.2031,3305.0,7,0,1,0,0.0,0
0.0889,54,0,0.3607,8097.0,5,0,1,0,0.0,0
0.5989,54,0,0.3933,2786.0,7,0,2,0,2.0,0
0.3207,35,0,0.137,5897.0,5,0,3,0,1.0,0
2.3574,40,0,0.7273,3616.0,11,0,1,0,0.0,0
0.258,33,0,0.6316,5610.0,5,0,0,0,2.0,0
0.6321,26,0,0.1409,13619.0,8,0,4,0,0.0,0
0.8152,21,0,0.3442,,6,0,0,0,0.0,0
0.0621,81,0,0.6389,7201.0,7,0,1,0,3.0,0
0.1426,42,0,0.6189,2459.0,3,0,0,0,0.0,0
0.3507,56,0,0.6628,,4,0,2,0,0.0,0
0.9376,68,3,0.2758,,5,0,1,0,1.0,0
0.5496,54,0,0.4513,4820.0,8,0,0,0,0.0,0
1.2287,51,0,0.4714,4281.0,8,0,0,0,3.0,0
0.0895,57,0,0.0399,9106.0,9,0,2,0,4.0,0
0.4982,81,0,0.0271,5686.0,3,0,1,0,0.0,1
1.222,53,0,0.3299,,12,0,2,0,2.0,0
0.257,32,3,0.0683,14668.0,1,0,1,0,1.0,1
0.0465,37,0,0.3954,5602.0,7,0,2,0,0.0,0
0.5839,39,0,0.3349,,9,0,1,0,0.0,0
1.3239,49,0,0.4899,4987.0,6,0,4,0,0.0,0
0.3333,35,0,0.5588,9918.0,10,0,0,0,1.0,0
0.0655,44,0,0.8238,,10,0,2,0,1.0,0
0.8683,50,0,0.6977,5725.0,13,0,0,0,0.0,0
0.2688,66,0,0.771,2541.0,9,0,0,0,0.0,0
0.5688,39,0,0.8265,2952.0,16,0,0,0,1.0,0
0.2996,60,0,0.1385,2136.0,7,0,1,0,1.0,0
0.6675,55,0,0.7909,6925.0,7,0,3,0,0.0,0
2.0115,62,0,0.6055,14853.0,9,0,1,0,0.0,0
0.16,21,0,0.7264,4720.0,7,0,0,0,1.0,0
0.2697,27,0,0.5232,3992.0,5,0,1,0,2.0,0
0.6172,30,0,0.6233,2029.0,11,0,0,0,0.0,0
0.5189,71,0,0.9369,5888.0,9,0,0,0,0.0,0
0.4425,41,0,0.0783,,7,0,1,0,1.0,0
0.5642,35,0,0.1211,17234.0,8,0,2,0,1.0,0
3.3099,50,0,0.0872,3449.0,8,0,1,0,0.0,1
0.9896,81,2,0.509,,5,0,0,0,0.0,0
0.4784,42,0,0.3313,19706.0,11,0,1,0,0.0,0
0.3845,43,0,0.4704,1848.0,5,0,2,0,0.0,0
0.3142,65,0,0.3331,,10,0,1,0,0.0,0
0.0007,55,0,0.0389,5791.0,8,0,0,0,0.0,0
0.8249,52,0,0.664,,6,0,2,0,1.0,0
0.314,45,0,0.6431,4364.0,4,0,0,0,0.0,0
0.2547,56,0,0.2277,6976.0,6,0,0,0,1.0,0
0.4348,21,0,0.7186,2487.0,3,0,1,0,0.0,0
0.1028,56,0,0.8005,,8,0,0,0,1.0,0
0.0541,34,0,0.0462,,8,0,0,0,0.0,0
2.0378,72,0,0.7019,3230.0,12,0,1,0,0.0,0
0.23,66,0,0.2626,10080.0,6,0,0,0,,0
0.7543,62,0,0.4267,7510.0,8,0,1,0,1.0,0
0.0702,80,0,0.7739,6575.0,12,0,1,0,0.0,0
0.3339,89,0,0.6751,,9,0,0,0,0.0,0
0.3174,52,0,0.6746,5791.0,9,0,1,0,0.0,0
3.7522,52,0,0.3928,,7,0,2,0,0.0,0
2.7951,62,0,1.0164,7464.0,4,0,0,0,0.0,0
0.4168,60,0,0.7254,7499.0,4,0,0,0,0.0,0
0.1563,21,0,0.0961,5318.0,5,0,1,0,1.0,0
0.4868,48,0,0.7667,7011.0,9,0,1,0,1.0,0
0.1241,39,0,0.3013,3031.0,6,0,0,0,0.0,0
7.5031,57,1,0.2527,4321.0,7,0,0,0,0.0,0
0.0456,58,0,0.5603,11920.0,10,0,1,0,0.0,0
2.8403,52,1,0.7468,2434.0,9,2,0,1,0.0,0
0.7173,42,0,0.0332,5412.0,9,0,0,0,0.0,0
4.411,44,0,0.7093,13054.0,8,0,1,0,,0
3.4207,77,0,0.4323,6436.0,8,0,1,0,1.0,0
0.6755,21,0,0.3427,10935.0,8,0,1,0,1.0,0
0.2574,94,0,0.0896,2813.0,5,0,0,0,0.0,0
0.405,78,0,0.2843,3609.0,9,0,1,0,1.0,0
0.1569,49,0,0.1986,,11,0,1,0,1.0,0
0.0187,61,0,0.6347,5683.0,7,0,2,0,,0
0.9533,50,0,0.7102,,4,0,0,0,1.0,0
0.9985,49,0,0.7804,5388.0,6,0,1,0,0.0,0
0.5753,45,1,0.0937,,15,0,0,0,0.0,0
0.2898,42,0,0.0692,4572.0,7,0,1,0,1.0,0
0.3312,62,0,0.5942,8307.0,15,0,2,0,0.0,0
0.8765,40,0,0.5026,7159.0,2,0,0,0,1.0,0
0.0742,53,0,0.6304,23484.0,1,0,2,0,0.0,0
0.5805,46,0,0.2496,,13,0,0,0,0.0,0
0.7083,79,0,0.4138,,8,0,1,0,0.0,0
0.0002,67,0,0.0746,5180.0,5,0,2,0,0.0,0
0.4154,41,0,0.264,7654.0,8,0,1,0,0.0,0
0.4144,70,0,0.681,14561.0,9,0,0,0,1.0,0
0.4864,57,0,0.6504,7094.0,13,0,2,0,0.0,0
0.0801,67,0,0.8633,11314.0,6,0,0,0,0.0,0
0.7512,65,0,0.3585,,5,0,0,0,1.0,0
0.3309,32,0,0.3285,10001.0,7,0,0,0,0.0,0
0.0108,60,0,0.4501,4377.0,9,0,0,0,0.0,0
0.2617,51,0,0.3497,,10,0,0,0,2.0,0
0.6372,79,0,0.1488,12854.0,12,1,1,0,1.0,0
0.1612,39,0,0.8181,4993.0,5,0,1,0,0.0,0
1.6079,62,0,0.8319,2571.0,6,0,0,0,1.0,0
0.1576,35,0,0.6012,2756.0,10,0,2,0,1.0,0
0.2525,82,0,0.7065,9367.0,9,0,0,0,0.0,0
2.8102,60,0,0.7177,2039.0,14,0,2,0,,0
0.4584,45,0,0.2421,2014.0,13,0,0,0,0.0,0
0.7499,72,0,0.5205,3663.0,10,0,2,0,0.0,0
2.5685,77,0,0.7911,5621.0,9,0,1,0,1.0,0
0.3262,58,0,0.5586,4440.0,9,0,0,0,0.0,0
0.0544,49,0,0.5901,3253.0,10,0,0,0,1.0,0
0.2228,36,0,0.4521,3502.0,9,0,4,0,1.0,0
0.4571,38,0,0.4283,6514.0,7,0,1,0,2.0,0
3.8104,34,0,0.4495,10513.0,4,0,0,0,1.0,0
0.5167,68,0,0.3809,,9,0,1,0,1.0,0
0.2486,68,0,0.3955,5415.0,4,0,0,0,0.0,0
0.51,36,0,0.1407,5659.0,7,0,2,0,2.0,0
0.2463,69,0,0.4972,4307.0,14,0,1,0,1.0,0
0.3259,47,0,0.8293,1602.0,1,0,1,0,0.0,0
3.2147,43,0,0.7443,2882.0,9,0,3,0,2.0,0
0.4569,58,0,0.4329,2746.0,6,0,3,0,0.0,0
0.1731,51,0,0.6916,2826.0,4,0,2,0,1.0,0
0.4074,26,0,0.6641,,5,0,3,0,1.0,0
0.6223,47,0,0.7836,3737.0,5,0,1,0,0.0,0
0.9807,32,2,0.1818,,9,1,0,0,1.0,0
5.3257,27,0,1.0633,8460.0,13,0,3,0,1.0,0
0.1832,43,0,0.4564,19332.0,11,0,1,0,0.0,0
0.8609,50,2,0.3897,4982.0,7,0,0,0,0.0,0
0.9626,33,0,0.5331,3923.0,10,0,2,0,0.0,0
0.877,53,0,0.5427,6222.0,6,0,2,0,0.0,0
1.1329,53,1,0.826,4004.0,10,0,1,1,1.0,0
0.2215,62,0,0.4349,9152.0,8,0,0,0,0.0,0
0.7391,49,0,0.4523,4688.0,8,0,0,0,3.0,0
0.3411,62,0,0.6901,3211.0,5,0,0,0,1.0,0
0.256,63,0,0.1151,11394.0,6,0,0,0,,0
0.6898,30,0,0.4126,1868.0,10,0,0,0,1.0,0
0.317,76,0,0.3179,1928.0,4,0,0,0,0.0,0
0.0241,69,0,0.9793,9850.0,7,0,2,0,1.0,0
0.2652,48,0,0.2809,6252.0,9,0,2,0,1.0,0
0.2771,38,0,0.8364,,9,0,2,0,3.0,0
0.1693,64,0,0.2112,9925.0,6,0,1,0,0.0,0
3.4946,42,0,0.519,10572.0,6,0,2,0,0.0,0
0.2012,37,0,0.4581,3364.0,7,0,2,0,2.0,0
0.3936,47,0,0.4851,3559.0,12,0,2,0,1.0,0
0.5928,69,0,0.8548,,6,0,0,1,0.0,0
0.3057,72,0,0.5006,2282.0,11,0,1,0,1.0,0
0.4334,78,0,0.4587,3009.0,9,0,1,0,0.0,0
0.2337,48,0,0.56,3212.0,11,0,1,0,1.0,0
0.1672,50,0,0.9804,6560.0,10,0,1,0,0.0,0
0.377,50,0,0.4382,23030.0,8,0,1,0,2.0,0
0.4554,43,0,0.939,,12,0,1,0,2.0,0
0.5193,42,0,0.5871,4043.0,15,0,4,0,2.0,0
1.8477,46,0,0.5539,6764.0,8,0,0,0,0.0,0
0.264,78,0,0.7212,,7,0,4,0,0.0,0
0.4229,40,2,0.3522,13329.0,7,0,1,0,0.0,0
0.0368,55,0,0.1246,8823.0,8,0,2,0,1.0,0
0.5404,60,0,0.3976,7194.0,9,0,2,0,0.0,0
0.1703,82,0,0.6162,18464.0,4,0,1,0,0.0,0
0.4903,56,0,0.6817,3186.0,8,0,2,0,0.0,0
0.2898,48,0,0.1188,6923.0,7,0,2,0,0.0,1
0.94,38,0,0.2124,8681.0,9,0,2,0,2.0,0
0.568,39,0,0.4643,5161.0,5,0,2,0,0.0,0
4.3334,52,0,0.1843,8217.0,6,0,0,0,2.0,0
0.345,48,0,0.3341,6765.0,12,0,0,0,0.0,0
0.0575,51,0,0.109,6504.0,5,0,2,0,3.0,0
0.509,60,0,0.9464,5756.0,10,0,1,0,0.0,0
0.4071,43,2,0.4908,7427.0,12,1,0,0,1.0,0
1.1717,57,0,0.4057,6216.0,12,0,0,0,1.0,0
0.856,67,0,0.2019,5700.0,12,0,0,0,0.0,0
0.6496,26,0,0.5099,10678.0,8,0,1,0,2.0,0
1.6263,54,0,0.7229,6849.0,7,0,1,0,0.0,0
0.707,72,0,0.4093,20013.0,8,0,2,0,1.0,0
0.3991,58,0,0.33,3422.0,9,0,2,0,0.0,0
0.9339,43,0,0.1775,,11,0,0,0,1.0,0
0.3072,61,0,0.4332,6106.0,9,0,1,0,1.0,0
1.3065,45,0,0.1524,8882.0,12,0,1,0,2.0,0
0.3455,64,0,0.7624,5409.0,6,0,0,0,0.0,0
0.2489,59,0,0.7358,1382.0,13,0,0,0,1.0,0
0.0783,79,0,1.1833,,4,0,1,0,1.0,0
0.5384,51,0,0.6671,11348.0,7,0,1,0,1.0,0
5.0867,58,0,0.5973,6345.0,11,0,0,0,0.0,0
3.324,47,0,0.3425,9236.0,7,0,1,0,1.0,0
0.0929,54,0,0.4006,2916.0,7,0,1,0,1.0,0
0.0408,40,0,0.3703,,9,0,0,0,0.0,0
0.4569,71,3,0.1269,,13,0,1,0,2.0,0
0.545,55,0,0.608,11052.0,7,0,1,0,1.0,0
0.7776,52,0,0.8494,11104.0,6,0,1,0,3.0,0
0.4793,65,0,1.2959,5400.0,5,0,0,0,5.0,0
0.3099,73,1,0.6714,6288.0,10,2,0,0,0.0,0
0.9844,84,0,0.0722,3706.0,11,0,2,0,,0
0.3024,40,0,0.2157,5405.0,6,0,1,0,0.0,0
0.365,62,1,0.6779,,8,0,0,0,,1
0.5139,65,0,0.6423,12190.0,9,0,0,0,0.0,0
5.4767,51,0,0.7619,7199.0,7,0,1,0,2.0,0
0.6006,43,0,0.1497,,6,0,0,0,0.0,0
0.1823,68,0,0.881,,8,0,0,0,1.0,0
0.4828,39,0,0.9914,9775.0,12,0,3,0,1.0,0
0.5463,58,0,0.1177,7718.0,7,0,2,0,0.0,0
0.244,42,0,0.5307,3281.0,6,0,1,0,0.0,0
0.5582,53,1,0.1573,6818.0,8,2,2,0,1.0,0
0.6946,30,0,0.847,2935.0,11,0,1,0,0.0,0
0.9798,38,1,0.6076,7823.0,3,0,1,0,3.0,0
0.0751,27,0,0.6951,3647.0,6,0,1,0,3.0,0
0.3625,89,0,0.371,3160.0,5,0,0,0,1.0,0
0.2457,32,0,0.3566,,12,0,1,0,2.0,0
0.5918,64,0,0.5166,9472.0,3,0,5,0,0.0,0
0.1804,41,0,0.2688,,9,0,0,0,0.0,0
0.317,21,0,0.0996,2242.0,10,0,1,0,0.0,0
0.2119,56,0,0.0855,,4,0,2,0,1.0,0
0.8746,88,0,0.1101,3751.0,11,0,0,0,2.0,0
10.092,41,0,0.6874,4676.0,7,0,1,0,1.0,0
1.1062,78,0,0.9296,7435.0,8,0,1,0,1.0,0
2.2459,80,1,1.0851,5343.0,6,1,0,3,1.0,0
0.3109,37,0,0.1556,,7,0,1,0,2.0,0
0.9706,28,0,0.4127,,8,0,0,0,1.0,1
6.0742,41,0,0.4188,9460.0,6,0,2,0,0.0,0
0.4302,67,0,1.0246,7419.0,11,0,1,0,,0
0.3586,24,0,0.8307,1601.0,4,0,1,0,0.0,0
0.536,59,0,0.6556,6508.0,9,0,2,0,2.0,0
5.8008,53,0,0.2246,3630.0,5,0,1,0,1.0,0
0.6303,43,0,0.0701,,10,0,3,0,0.0,0
0.3389,45,0,0.7249,,10,0,1,0,0.0,0
0.3016,49,0,0.3109,2880.0,6,0,0,0,0.0,0
0.1797,53,0,0.1057,5397.0,8,0,2,0,1.0,0
0.2632,75,0,0.9743,,11,0,2,0,0.0,0
0.605,46,0,0.1545,2311.0,11,0,0,0,0.0,0
0.7982,51,0,0.3698,3209.0,9,0,0,0,1.0,0
0.4084,61,0,1.0748,3998.0,6,0,1,0,1.0,0
0.359,38,0,0.229,,7,0,0,0,5.0,0
1.3775,74,0,0.2822,8403.0,4,0,2,0,0.0,1
0.4484,40,0,0.4232,2119.0,12,0,1,0,1.0,0
0.8126,59,0,0.7202,8336.0,13,0,2,0,0.0,0
1.5254,48,0,0.9045,5053.0,9,0,1,0,1.0,0
0.1348,52,0,0.2935,1738.0,11,0,1,0,3.0,0
4.1998,80,0,0.6914,,2,0,0,0,0.0,0
0.072,56,0,0.1172,,6,0,2,0,1.0,0
1.0056,42,0,0.5472,4048.0,8,0,1,0,0.0,0
0.1965,39,0,0.4576,4292.0,6,0,1,0,1.0,0
0.2218,70,0,0.2057,2670.0,7,0,0,0,0.0,0
0.6523,58,0,1.1441,,9,0,1,0,1.0,0
0.0643,45,0,0.1502,,12,0,0,0,3.0,0
0.2603,67,0,0.8598,,7,0,1,0,0.0,0
0.2501,40,0,0.7466,8642.0,11,0,1,0,1.0,0
0.1906,40,0,0.5788,3318.0,8,0,1,0,2.0,0
0.3535,50,0,0.806,,5,0,0,0,0.0,0
0.2837,48,0,0.0541,,15,0,2,0,0.0,0
0.157,27,0,0.7593,,7,0,1,0,1.0,0
0.0227,45,0,0.1855,7181.0,10,0,4,0,0.0,0
0.4003,60,0,0.6964,6307.0,10,0,1,0,0.0,0
1.2018,47,0,0.7124,4455.0,5,1,0,0,2.0,0
2.5667,51,3,0.1044,10573.0,8,0,0,0,0.0,0
0.6287,38,0,0.4776,2421.0,12,0,0,0,2.0,1
0.2534,56,0,0.2193,5523.0,13,0,2,0,0.0,0
0.2053,59,1,0.3596,5628.0,12,2,1,0,1.0,1
0.5819,72,0,0.3999,13857.0,8,0,0,0,0.0,0
0.3055,47,0,0.2549,10183.0,7,0,3,0,3.0,0
0.218,48,0,0.2573,5286.0,9,0,1,0,0.0,0
0.6688,61,0,0.8602,3867.0,8,0,0,0,0.0,0
0.2834,50,1,1.0839,,13,0,0,0,1.0,0
0.3019,61,0,0.7538,9703.0,9,0,1,0,1.0,0
0.1108,62,2,0.3422,5856.0,8,0,1,0,0.0,0
0.0288,37,0,0.341,1623.0,9,0,2,0,0.0,0
0.2546,36,0,0.3095,2638.0,5,0,2,0,4.0,0
0.5994,44,0,0.5215,,6,0,0,0,0.0,1
1.4604,28,0,0.1154,4644.0,9,0,1,0,1.0,0
0.0345,78,0,0.4244,7643.0,8,0,0,0,0.0,0
0.4833,34,0,0.267,3953.0,6,0,2,0,0.0,0
0.2077,68,0,0.5188,4877.0,6,0,2,0,2.0,0
0.4238,38,0,0.4823,11047.0,9,0,0,0,1.0,0
0.0485,67,0,0.4731,6968.0,10,0,0,0,0.0,0
0.3663,69,0,0.4691,,5,0,3,0,0.0,0
0.2937,28,0,0.714,3154.0,12,0,1,0,0.0,0
0.066,50,0,0.0481,10297.0,3,0,1,0,0.0,0
0.075,76,0,0.3325,5577.0,9,0,2,0,0.0,0
0.2751,53,0,0.8479,1812.0,9,0,1,0,1.0,0
0.1588,65,0,0.1956,8565.0,9,0,2,0,1.0,0
0.291,56,0,0.2831,9013.0,10,0,1,0,1.0,0
0.3554,64,0,0.0563,6512.0,8,0,1,0,0.0,0
0.3637,70,0,0.5495,13130.0,9,0,1,0,0.0,0
0.4726,49,0,0.9743,,5,0,1,0,1.0,0
0.0811,52,0,0.5764,,6,0,1,0,1.0,0
0.1685,48,0,0.3149,,11,0,0,0,,0
0.7147,35,0,1.2844,4682.0,7,0,1,0,0.0,0
0.7706,62,0,0.3479,9009.0,8,0,0,0,0.0,0
0.025,53,0,0.4431,6901.0,8,0,0,0,1.0,0
0.6477,70,0,0.6155,6038.0,6,0,0,0,3.0,0
1.3508,79,3,0.9897,7336.0,9,2,1,0,1.0,0
0.355,44,0,0.3794,7500.0,9,0,1,0,0.0,0
0.2229,46,0,0.4889,,6,0,1,0,1.0,0
0.233,43,0,0.4414,11035.0,6,0,2,0,2.0,0
0.126,72,0,0.4347,,9,0,3,0,2.0,0
0.2135,33,0,0.4816,3077.0,11,0,0,0,0.0,0
0.2334,57,0,0.6222,,9,0,0,0,2.0,0
1.5705,31,0,0.5842,5104.0,8,0,1,0,1.0,0
0.9728,73,0,0.8153,,8,1,2,1,1.0,0
1.2451,62,1,0.5901,3373.0,13,0,3,2,0.0,0
0.4039,43,0,0.3036,4344.0,8,0,2,0,1.0,0
0.1485,77,0,0.3003,4046.0,15,0,0,0,1.0,0
2.2377,41,0,0.4242,7486.0,7,0,2,0,0.0,0
0.3896,54,0,0.2118,4659.0,3,0,0,0,0.0,0
0.5756,21,0,0.4368,,9,0,1,0,0.0,1
0.2229,61,0,0.9675,2682.0,7,0,0,0,0.0,0
1.2389,47,0,0.7232,7232.0,6,0,0,0,1.0,0
0.3724,49,0,0.1829,6889.0,10,0,1,0,3.0,0
0.1611,39,0,0.3913,4403.0,11,0,0,0,0.0,0
0.4607,37,0,0.4915,4467.0,10,0,0,0,1.0,0
0.2513,44,0,0.4341,5862.0,11,0,0,0,0.0,0
0.273,70,0,0.3206,4416.0,9,0,0,0,1.0,0
0.4316,58,0,0.2294,6149.0,8,0,2,0,0.0,0
0.0928,40,0,0.781,13029.0,9,0,2,0,2.0,0
0.5744,21,0,1.1366,,5,0,3,0,2.0,1
0.0922,79,0,0.8072,6620.0,8,0,3,0,0.0,0
0.0788,21,0,0.5646,1840.0,10,0,1,0,0.0,0
0.2485,68,0,0.2699,4987.0,7,0,0,0,0.0,0
0.3899,59,0,0.2784,,9,0,3,0,0.0,0
0.0052,49,0,0.1942,,7,0,1,0,1.0,0
0.5355,44,0,0.4901,,4,0,2,0,2.0,0
0.7009,63,0,0.3705,4068.0,8,0,1,0,1.0,0
1.1369,67,0,0.2102,4075.0,6,0,1,0,0.0,0
1.2142,67,0,0.6117,12992.0,10,0,0,0,1.0,0
0.1747,68,0,0.5036,6719.0,6,0,1,2,2.0,0
0.485,31,0,0.2281,5569.0,6,0,0,0,4.0,0
0.0301,42,0,0.5654,,7,0,0,0,0.0,0
0.1293,43,2,0.2037,7398.0,7,0,1,0,1.0,0
0.5554,53,0,0.1153,9227.0,9,0,2,0,0.0,0
0.011,56,0,0.7659,11792.0,4,0,1,0,1.0,0
0.4663,67,0,0.5037,9752.0,10,0,1,0,3.0,0
0.7111,52,0,0.3014,3658.0,5,0,1,0,2.0,0
0.1547,63,0,0.4212,7211.0,9,0,1,0,1.0,0
0.4102,47,0,0.4572,7723.0,6,0,2,0,0.0,0
0.3556,81,0,0.5219,,8,0,2,0,1.0,0
1.7391,43,0,0.6305,6280.0,14,0,2,0,1.0,0
0.4362,43,0,0.1384,4897.0,6,0,1,0,0.0,0
0.4324,56,0,0.4064,,9,0,0,0,0.0,0
0.1455,68,0,0.5388,4900.0,7,0,0,0,1.0,0
0.1954,41,0,0.4918,2070.0,5,0,3,0,0.0,0
0.3567,48,0,0.3764,2001.0,9,0,0,0,0.0,0
1.4875,47,0,0.1539,,6,0,0,0,1.0,0
0.5115,38,0,0.1786,5092.0,3,0,1,0,0.0,0
0.0158,44,0,0.085,4833.0,6,0,0,0,0.0,0
0.687,42,0,0.2684,5127.0,14,0,1,0,,0
0.7284,71,0,0.4354,7215.0,7,0,0,0,0.0,0
0.0606,54,0,0.1906,4446.0,10,0,0,0,1.0,0
0.4443,45,0,0.6498,18004.0,11,0,1,0,0.0,0
0.264,78,0,0.6924,,10,0,0,0,0.0,0
0.2125,77,0,0.1703,5171.0,5,0,2,0,0.0,0
0.8313,76,0,0.5631,,5,0,2,0,0.0,1
0.1134,46,0,0.2311,6264.0,9,0,1,0,0.0,0
0.2843,67,0,0.2141,9899.0,11,0,1,0,1.0,0
0.1163,82,0,0.2308,2842.0,7,0,1,0,3.0,0
0.3269,47,0,0.7482,,10,0,1,0,1.0,0
0.7753,49,0,0.4217,,6,0,1,0,0.0,0
0.4349,46,0,0.5495,7404.0,6,0,1,0,2.0,0
2.5702,55,0,0.5761,5501.0,9,0,1,0,0.0,0
0.8356,78,0,0.1579,9665.0,11,0,1,0,1.0,0
0.1917,53,0,0.086,4571.0,7,0,0,0,1.0,0
0.9971,44,0,0.5236,5504.0,7,0,0,0,0.0,0
0.8525,51,0,0.2758,8178.0,4,0,1,0,1.0,0
2.5248,69,1,0.8064,6184.0,4,0,1,0,1.0,0
0.6702,21,0,0.426,5251.0,12,0,0,0,1.0,0
0.1938,57,0,0.9143,,5,0,1,0,0.0,0
0.1377,49,0,0.7166,3608.0,5,0,4,0,2.0,0
0.5624,43,0,0.5873,5125.0,5,0,2,0,0.0,0
0.3421,27,0,0.3027,2510.0,3,0,2,0,1.0,0
0.474,61,1,0.1958,,11,0,0,0,0.0,0
2.5856,48,0,0.7389,7321.0,4,0,1,0,0.0,0
0.0011,58,0,0.3097,,10,0,0,0,0.0,0
0.1355,36,0,0.5916,8991.0,11,0,1,0,1.0,0
0.093,25,0,0.6516,11726.0,2,0,1,0,0.0,0
0.2178,35,0,0.4492,4768.0,6,0,1,0,0.0,0
0.7082,49,0,0.7485,8380.0,8,0,1,0,1.0,0
0.437,27,0,0.9784,2376.0,10,0,3,0,0.0,0
0.2734,54,0,0.3267,,2,0,0,0,1.0,0
0.5574,75,0,0.4029,,8,0,3,0,2.0,1
2.8153,21,0,0.1626,4660.0,7,0,0,0,0.0,0
0.5885,42,0,0.6354,,11,0,0,0,0.0,1
0.2061,50,0,0.361,4936.0,5,0,3,0,0.0,0
0.1952,49,0,0.8975,5956.0,8,0,3,0,1.0,0
0.1564,70,0,0.3121,2836.0,9,0,0,0,2.0,0
0.1648,46,0,0.1502,7336.0,4,0,1,0,1.0,0
0.4443,48,1,0.6784,3009.0,6,1,1,0,1.0,0
0.1734,47,0,0.2989,7193.0,6,0,1,0,1.0,0
0.8168,59,0,1.2642,3204.0,9,0,0,0,1.0,1
2.7483,75,0,0.5668,6461.0,5,0,2,0,0.0,0
0.8934,52,0,0.7091,13166.0,4,0,1,0,2.0,0
0.4776,73,0,0.3739,8558.0,4,0,2,0,0.0,0
0.6292,53,0,0.8199,2290.0,8,0,0,0,0.0,0
0.4489,34,0,0.2605,1220.0,6,0,2,0,1.0,1
0.0968,68,0,0.2064,9054.0,13,0,2,0,1.0,0
0.596,52,0,0.5214,,7,0,0,0,3.0,0
0.9667,72,0,0.6259,5138.0,10,0,1,0,0.0,1
2.1757,64,0,0.6793,,12,0,0,0,1.0,1
1.221,65,0,0.2072,5216.0,13,0,0,0,1.0,0
0.0832,41,0,0.9269,14208.0,6,0,0,0,0.0,0
0.3623,39,0,0.3745,,15,0,0,0,0.0,0
0.0121,51,0,0.1882,6070.0,6,0,2,0,1.0,0
0.3274,33,0,0.2521,2647.0,14,0,1,0,5.0,0
0.9165,37,0,0.7766,4810.0,14,0,1,0,0.0,0
0.7422,41,0,0.2812,11540.0,6,0,0,0,0.0,0
0.1876,35,0,0.0918,,13,0,0,0,0.0,0
0.1546,50,0,0.1162,9592.0,3,0,1,0,0.0,0
0.948,52,0,0.5623,2992.0,12,0,1,0,0.0,0
0.3501,45,0,0.8734,6216.0,14,0,1,0,0.0,0
0.8021,35,0,0.8354,,7,0,4,0,2.0,0
0.4808,40,0,0.3471,12566.0,9,0,2,0,0.0,0
0.0216,55,0,0.461,2507.0,8,0,0,0,2.0,0
0.2319,49,0,0.7784,2642.0,7,0,1,0,1.0,0
0.8613,53,0,0.2805,7059.0,9,0,0,0,1.0,0
1.2805,39,0,0.5361,4984.0,11,0,1,0,,0
1.5983,58,0,0.8708,9086.0,6,0,1,0,1.0,0
0.1819,63,2,0.2828,5883.0,7,0,1,0,1.0,0
0.2398,34,0,0.6644,2540.0,15,0,4,0,0.0,0
0.6379,46,0,0.2547,,5,0,3,0,3.0,0
0.059,29,0,0.4355,3956.0,6,0,1,0,2.0,0
1.0297,63,0,0.3833,3579.0,12,0,1,0,0.0,0
0.0143,83,0,0.5238,7176.0,16,0,0,0,0.0,0
0.311,65,0,0.132,4567.0,10,0,1,0,1.0,0
0.7118,50,0,0.5505,,14,0,0,0,2.0,0
0.5296,54,2,0.4413,1662.0,13,0,1,0,1.0,0
0.6565,60,0,0.2006,,9,0,0,0,0.0,0
0.0741,34,0,0.6625,3039.0,7,0,2,0,2.0,0
0.8428,53,0,0.8268,1908.0,8,0,2,0,0.0,0
0.6824,52,0,0.6161,8218.0,8,0,0,0,1.0,0
0.4989,49,0,0.4915,2669.0,10,0,1,0,1.0,0
0.3921,46,0,0.0947,5211.0,5,0,0,0,0.0,0
1.131,53,0,0.3197,5090.0,11,0,0,0,2.0,0
4.4663,38,0,0.4808,6231.0,9,0,3,0,2.0,0
0.029,41,0,1.0713,1647.0,6,0,1,0,1.0,0
0.4484,56,0,0.5359,,11,0,0,0,2.0,0
0.5382,51,0,0.8425,4549.0,8,0,3,0,1.0,1
0.538,52,0,0.1791,2576.0,10,0,0,0,0.0,0
0.5115,66,0,0.2987,,1,0,2,0,0.0,0
0.8076,51,1,0.1964,3924.0,7,0,2,2,0.0,0
0.6616,49,0,0.7718,14871.0,8,0,1,0,2.0,0
0.433,61,0,0.6747,1162.0,9,0,1,0,0.0,0
0.0116,77,2,0.6291,2044.0,10,0,1,0,0.0,0
0.3704,45,0,0.8361,7318.0,5,0,0,0,0.0,0
0.642,58,0,0.5165,3400.0,6,0,1,0,0.0,0
0.1635,48,0,1.1159,1968.0,7,0,0,0,1.0,0
0.5033,39,0,0.3049,6292.0,11,0,2,0,1.0,0
0.4702,52,0,0.2669,10426.0,8,0,0,0,1.0,0
0.0813,61,0,0.2336,3031.0,11,0,3,0,0.0,0
0.6951,40,0,0.5774,6991.0,11,0,0,0,1.0,0
0.5124,68,0,0.6111,10467.0,12,0,0,0,0.0,0
0.5758,46,0,0.4982,6152.0,9,0,1,0,1.0,0
0.2698,46,0,0.1152,4489.0,9,0,0,0,1.0,0
0.3433,62,0,0.8979,5260.0,0,0,1,0,0.0,0
3.0817,56,0,0.6189,8230.0,9,0,2,0,2.0,0
0.9157,42,0,0.2993,,9,0,0,0,0.0,0
0.4987,34,0,0.9692,2572.0,6,0,1,0,0.0,0
0.5498,76,0,0.7221,12923.0,7,0,0,0,0.0,0
0.8047,54,0,0.5894,,3,0,1,0,0.0,0
0.4176,78,0,0.5042,21493.0,8,0,0,0,2.0,0
0.146,45,0,1.031,10449.0,8,0,1,0,1.0,0
0.4857,57,0,0.4987,11038.0,5,0,2,0,1.0,0
0.2798,35,0,0.7178,3839.0,10,0,0,0,0.0,0
0.0514,38,0,0.0456,1599.0,9,0,0,0,0.0,0
0.3657,46,0,0.3893,2929.0,12,0,0,0,0.0,0
0.6718,75,0,0.8336,14769.0,9,0,0,0,0.0,0
4.0473,55,0,0.6605,,6,0,3,0,1.0,0
0.0662,67,0,0.4017,,11,0,1,0,2.0,0
0.1818,80,0,0.3919,6003.0,7,0,2,0,0.0,0
0.6215,65,0,0.7002,9485.0,7,0,0,0,1.0,0
0.2358,65,0,0.8334,7923.0,16,0,1,0,2.0,0
0.9124,54,0,0.7636,6062.0,11,0,1,0,3.0,0
0.4033,72,0,0.2719,10888.0,9,0,1,0,1.0,0
0.2195,57,0,0.1752,,8,0,0,0,1.0,0
5.6163,68,0,0.1476,,7,0,2,0,0.0,0
0.1526,48,0,0.291,3318.0,5,0,2,0,2.0,0
0.7175,62,0,0.4047,14785.0,5,0,1,0,0.0,0
0.7388,58,0,1.0828,11938.0,9,0,1,0,,0
0.0872,48,0,0.2028,2802.0,11,0,0,0,,0
0.1073,32,0,0.0686,,8,0,0,0,0.0,0
0.031,57,0,0.4747,6477.0,10,0,2,0,,0
2.7241,58,0,0.3666,,12,0,3,0,0.0,0
0.2195,38,0,0.1342,2453.0,6,0,1,0,3.0,0
0.1088,54,0,0.911,9141.0,9,0,1,0,0.0,0
0.1165,56,2,0.6796,1576.0,6,0,0,2,,0
0.0538,68,0,0.2363,14144.0,7,0,1,0,0.0,0
0.396,56,0,0.3456,,7,0,0,0,2.0,0
0.1009,62,0,0.4553,1464.0,7,0,2,0,0.0,0
0.0304,50,2,0.4426,8735.0,6,0,1,0,0.0,0
2.1173,48,0,0.558,,2,0,4,0,2.0,0
0.5189,50,0,0.539,11874.0,5,0,0,0,1.0,0
0.2601,46,0,0.5232,2339.0,4,0,0,0,3.0,0
0.3794,49,0,1.2119,,11,0,0,0,1.0,0
0.2882,59,0,0.0769,4301.0,4,0,2,0,1.0,0
0.3222,60,0,0.4904,4687.0,5,0,2,0,0.0,0
0.2828,58,0,0.1755,7413.0,11,0,0,0,2.0,0
0.3721,56,0,0.4343,3087.0,12,0,3,0,0.0,0
4.3587,71,0,0.5335,2951.0,8,0,3,0,3.0,0
2.8762,70,0,0.3884,6947.0,7,0,1,0,0.0,0
0.9365,54,0,0.471,8455.0,8,0,1,0,2.0,0
0.2483,74,0,0.689,12295.0,4,0,0,0,1.0,0
1.2034,72,2,0.6324,4927.0,11,0,2,2,0.0,0
0.7875,54,0,0.4397,6092.0,14,0,1,0,0.0,0
0.6556,43,0,0.3314,3589.0,7,0,1,0,1.0,0
0.1731,47,0,0.7732,4098.0,10,0,1,0,1.0,0
0.3305,53,1,1.003,8636.0,8,1,0,0,1.0,0
0.165,48,0,0.2507,,7,0,1,0,1.0,0
0.3853,38,0,0.257,,4,0,0,0,1.0,0
0.0528,38,0,0.8091,4151.0,10,0,0,0,1.0,0
0.1054,46,0,0.5166,3577.0,13,0,2,0,0.0,0
0.0883,44,0,0.2056,,11,0,1,0,1.0,0
0.7081,25,0,0.6581,3211.0,9,0,1,0,0.0,0
0.1363,64,0,0.5279,,5,0,0,0,1.0,0
0.4571,67,0,0.2038,2698.0,9,0,0,0,1.0,0
0.5053,60,0,0.3304,12480.0,7,0,3,0,1.0,0
0.9845,23,0,0.4102,4331.0,10,0,1,0,0.0,0
0.4524,49,0,0.2115,2129.0,10,0,0,0,0.0,0
0.1016,58,0,0.1216,5035.0,6,0,2,0,1.0,0
0.3804,69,0,0.5782,3303.0,7,0,2,0,1.0,0
1.0685,82,0,0.495,6648.0,6,0,0,0,0.0,0
0.1155,52,0,0.1065,5755.0,6,0,1,0,1.0,0
0.5176,54,0,0.3396,3765.0,7,0,2,0,2.0,0
2.6902,59,0,0.49,14556.0,7,0,1,0,0.0,0
0.1802,44,0,0.8235,22803.0,7,0,2,0,0.0,0
0.3522,41,0,0.6385,3596.0,6,0,1,0,1.0,0
0.0324,64,0,0.7236,,7,0,1,0,1.0,0
0.5312,62,0,0.2989,5347.0,5,0,1,0,0.0,0
0.1679,49,0,0.325,4021.0,5,0,4,0,0.0,0
0.4591,30,0,0.2343,2234.0,7,0,0,0,0.0,0
0.395,22,0,0.829,,12,0,0,0,0.0,0
0.2107,51,0,0.686,3078.0,10,0,2,0,0.0,0
0.2524,51,0,0.2809,2464.0,8,0,0,0,0.0,0
0.0794,49,0,1.1486,7097.0,7,0,1,0,1.0,0
0.3519,65,0,0.5664,6318.0,8,0,0,0,1.0,0
0.5936,55,0,0.8702,13428.0,5,0,0,0,1.0,0
0.6126,24,0,0.4247,3910.0,3,0,1,0,0.0,0
0.2515,80,0,0.5,11306.0,12,0,2,0,0.0,0
0.1977,21,0,0.5757,5094.0,5,0,0,0,1.0,0
0.1202,44,0,0.6232,7707.0,8,0,3,0,1.0,0
1.3555,38,1,0.4542,2469.0,7,2,1,0,0.0,0
0.7432,59,0,0.7653,7457.0,12,0,1,0,,0
0.1468,34,0,0.7955,16135.0,3,0,3,0,0.0,0
0.1741,61,0,0.8876,2148.0,4,0,3,0,1.0,0
0.1647,48,0,0.361,3215.0,8,0,2,0,2.0,0
0.5238,62,0,0.6439,7886.0,12,0,1,0,0.0,0
0.6777,21,0,0.6755,15339.0,5,0,1,0,0.0,0
1.2155,49,0,0.6309,6777.0,4,0,0,0,0.0,0
0.5501,62,0,0.8112,5304.0,9,0,0,0,,0
0.4288,36,0,0.9438,3595.0,5,0,1,0,0.0,1
0.8855,56,0,0.0765,6035.0,15,0,1,0,0.0,0
0.4537,56,0,0.616,,9,0,0,0,0.0,0
5.378,55,1,0.6207,15525.0,7,0,1,0,1.0,0
3.1814,47,0,0.8419,,9,0,1,0,0.0,0
0.2943,62,0,0.2329,,5,0,2,0,1.0,0
0.5705,57,0,0.3157,2263.0,7,0,1,0,,0
2.5125,56,0,0.5073,,6,0,1,0,1.0,0
0.1987,44,0,0.24,4542.0,8,0,1,0,0.0,0
0.7769,38,1,0.1551,15549.0,5,0,0,0,1.0,0
1.1869,59,0,0.3166,4813.0,8,0,0,0,1.0,0
0.1077,42,0,1.0975,8126.0,6,0,0,0,1.0,0
0.3092,72,0,0.6829,,9,0,0,0,0.0,0
0.6858,81,0,0.3155,3379.0,6,0,2,0,0.0,0
1.3495,42,0,0.8227,5032.0,7,0,1,0,0.0,0
0.5488,40,0,0.7655,8576.0,10,0,0,0,0.0,0
0.5499,58,1,0.2104,10282.0,8,1,1,2,2.0,0
0.3013,56,0,0.3425,4641.0,14,0,0,0,0.0,0
1.9597,52,0,0.372,22202.0,12,0,0,0,0.0,0
0.6317,60,0,0.3421,11042.0,15,0,0,0,2.0,0
0.5656,62,0,0.1246,4447.0,12,0,1,0,1.0,1
0.5498,41,0,0.1591,2629.0,9,0,2,0,0.0,0
0.3401,40,0,0.624,4764.0,6,0,3,0,0.0,0
0.2853,26,0,0.8093,,10,0,0,0,0.0,0
6.1389,28,0,0.5,5407.0,10,0,1,0,1.0,1
0.7859,39,0,0.6995,8572.0,6,0,0,0,1.0,0
0.6614,47,0,0.6589,6147.0,6,0,0,0,0.0,0
2.3438,63,0,0.3391,1644.0,7,0,0,0,0.0,0
0.3651,61,0,0.1107,5744.0,9,0,0,0,0.0,0
0.2621,59,0,0.6816,19774.0,9,0,0,0,1.0,0
0.5118,49,0,0.3304,14226.0,9,0,1,0,0.0,0
0.4899,83,0,0.2314,2950.0,6,0,0,0,2.0,0
1.813,35,0,0.6447,5024.0,10,0,0,0,0.0,0
0.7296,48,0,0.2446,,6,0,1,0,0.0,0
0.4204,57,0,0.7936,8288.0,8,0,1,0,0.0,0
1.7413,37,0,1.104,,9,0,0,0,0.0,0
0.8218,48,0,0.5417,2873.0,8,0,1,0,0.0,0
0.3699,32,0,0.2045,,13,0,3,0,1.0,0
2.3931,47,0,0.4448,,10,0,0,0,0.0,0
0.0426,73,0,0.0749,18537.0,6,0,3,0,1.0,0
8.5733,54,0,0.5989,5250.0,9,0,1,0,0.0,0
0.4526,79,0,0.1774,3561.0,5,0,1,0,0.0,0
0.1451,72,0,0.1052,5472.0,9,0,0,0,2.0,0
1.4035,31,2,0.1156,18081.0,7,0,1,2,1.0,0
0.3118,36,0,0.4946,3491.0,7,0,2,0,0.0,0
0.292,72,0,0.6136,,5,0,1,0,0.0,0
1.3811,51,0,0.6457,,13,0,1,0,2.0,0
0.219,31,0,0.8389,4896.0,13,0,2,0,0.0,0
0.2271,65,0,1.1507,4365.0,7,0,1,0,1.0,0
1.0016,74,0,0.3568,8156.0,12,0,0,0,2.0,0
0.8768,73,0,0.4869,2863.0,9,0,1,0,2.0,1
0.7897,59,0,0.1821,,13,0,0,0,,0
0.0678,69,0,0.6559,4192.0,7,0,0,0,0.0,0
0.1818,59,0,0.5581,4308.0,8,0,2,0,2.0,0
0.5026,39,0,0.3167,,7,0,0,0,0.0,0
0.3534,68,0,0.181,4874.0,8,0,1,0,1.0,0
0.2767,49,0,0.5208,3082.0,6,0,2,0,0.0,0
0.4107,78,0,0.1544,2876.0,9,0,1,0,1.0,0
0.6211,47,0,0.1124,3071.0,6,0,2,0,2.0,0
4.3984,49,0,0.2105,3925.0,7,0,0,0,1.0,0
0.397,37,0,0.3131,,10,0,3,0,1.0,0
0.3862,62,0,0.4526,15054.0,11,0,2,0,3.0,0
0.0448,79,0,0.2252,,3,0,0,0,0.0,0
0.6627,63,0,0.0623,,10,0,0,0,1.0,0
2.8967,53,1,0.3033,8395.0,4,1,2,2,1.0,0
0.8835,46,0,0.3858,3509.0,10,0,0,0,0.0,0
0.4287,43,0,0.3447,5018.0,8,0,2,0,1.0,0
0.1938,69,0,0.1646,5805.0,6,0,0,0,0.0,0
0.5656,43,0,0.2531,3712.0,5,0,1,0,2.0,0
0.0513,23,0,0.1357,5617.0,9,0,2,0,0.0,0
1.4587,94,0,0.2438,5562.0,6,0,1,0,,0
0.6393,56,0,0.3044,3840.0,7,0,1,0,1.0,0
0.0614,47,2,0.1165,4821.0,10,0,0,1,1.0,0
7.345,43,0,0.3224,7242.0,7,0,2,0,3.0,0
0.4493,60,0,0.2477,6915.0,8,0,1,0,0.0,0
1.8,36,0,0.6925,1428.0,8,0,0,0,0.0,0
2.2105,43,2,0.5873,6110.0,9,0,1,2,0.0,0
5.8928,58,0,0.2347,10868.0,6,0,1,0,,0
0.4193,40,0,0.3946,3890.0,7,0,0,0,0.0,0
0.849,36,1,0.6117,4826.0,4,0,1,0,2.0,0
0.7154,45,0,0.9873,2082.0,2,0,1,0,0.0,0
0.0047,48,0,0.7198,3426.0,6,0,2,0,0.0,0
0.1233,49,0,0.5535,,14,0,0,0,,0
0.6673,48,0,0.1047,,8,0,0,0,1.0,0
1.2066,56,0,0.5209,,14,0,1,0,1.0,0
2.067,42,0,0.4285,6874.0,11,0,0,0,0.0,0
0.0017,56,0,0.7034,7141.0,7,0,2,0,0.0,0
0.3441,44,0,0.3543,8137.0,9,0,0,0,1.0,0
0.5913,50,0,0.5986,3711.0,7,0,3,0,1.0,0
0.3256,43,0,0.8986,,7,0,2,0,0.0,0
1.006,27,0,0.3039,5926.0,11,0,1,0,1.0,0
0.1978,56,0,0.0804,1852.0,8,0,1,0,0.0,0
0.1251,67,0,0.0807,10445.0,8,0,2,0,0.0,0
0.2164,56,0,0.9907,1957.0,10,0,0,0,0.0,0
0.1211,35,0,0.7022,4990.0,9,0,1,0,0.0,0
0.0141,33,0,0.1997,2400.0,10,0,1,0,1.0,0
0.6894,64,0,0.8491,1144.0,8,0,2,0,3.0,0
0.7766,58,0,0.1672,4788.0,5,0,1,0,4.0,0
0.3474,54,0,0.406,,7,0,1,0,0.0,0
0.3731,64,0,0.5344,10476.0,13,0,0,0,2.0,0
0.2401,61,0,0.6156,,3,0,2,0,1.0,0
0.1826,54,0,0.17,4706.0,9,0,1,0,1.0,0
0.1398,72,0,0.1951,7328.0,4,0,1,0,1.0,0
0.9578,76,0,0.4442,6920.0,11,0,1,0,2.0,0
0.1595,70,0,0.6817,4691.0,9,0,1,0,0.0,0
0.6366,63,0,0.5786,3459.0,6,0,1,0,1.0,0
0.5885,54,0,0.087,3329.0,8,0,0,0,0.0,0
0.1385,53,0,0.4486,3475.0,9,0,2,0,0.0,0
0.1533,62,0,0.1491,9623.0,8,0,1,0,1.0,0
0.2105,44,0,0.6835,,12,0,0,0,0.0,0
0.1992,51,0,0.8025,3330.0,3,0,1,0,0.0,0
0.849,44,0,0.3776,4488.0,2,0,1,0,0.0,0
1.0122,51,0,0.2283,4948.0,7,0,0,0,1.0,0
0.1689,41,0,0.8138,2160.0,8,0,0,0,0.0,0
0.9182,49,0,0.3485,11993.0,5,0,1,0,1.0,0
0.4425,47,0,0.3151,6191.0,8,0,1,0,1.0,0
0.3733,67,0,0.3248,4004.0,3,0,0,0,1.0,0
1.2801,68,0,0.4286,14455.0,13,0,0,0,1.0,0
2.7451,60,0,0.148,6510.0,10,0,0,0,0.0,0
0.3958,31,0,0.0931,,4,0,3,0,0.0,0
0.5447,60,0,0.5052,5585.0,6,0,0,0,0.0,0
1.0056,64,0,0.9685,69250.0,6,0,0,0,0.0,0
0.1769,47,0,0.225,10189.0,4,0,1,0,0.0,0
0.4484,63,0,0.6232,,6,0,2,0,1.0,0
0.1037,65,0,0.3001,21027.0,6,0,5,0,0.0,0
1.8761,29,0,0.6069,4161.0,6,0,0,0,0.0,1
1.0499,65,0,0.6677,,6,2,1,0,1.0,0
0.0315,49,0,0.4389,3392.0,8,0,1,0,0.0,0
0.0122,33,0,0.2289,2233.0,5,0,1,0,1.0,0
0.3555,54,0,0.9961,4804.0,12,0,1,0,0.0,0
0.1335,47,0,0.3694,8504.0,8,0,0,0,1.0,0
0.3624,64,0,0.8573,4471.0,8,0,2,0,1.0,0
0.4247,61,0,0.6502,4809.0,5,0,0,0,2.0,0
0.6206,60,0,0.1793,4824.0,11,0,0,0,1.0,0
0.6937,41,0,0.4539,3049.0,10,0,2,0,2.0,0
0.6767,47,0,0.5143,6106.0,9,0,0,0,2.0,0
0.2762,48,0,0.7831,,5,0,1,0,1.0,0
0.8394,61,0,0.3882,,8,0,1,0,3.0,0
0.611,71,0,0.0454,2508.0,11,0,1,0,0.0,0
0.3559,60,0,0.4212,2445.0,4,0,1,0,0.0,0
0.1009,40,0,0.7845,10279.0,10,0,1,0,0.0,0
0.5061,46,0,0.2417,,14,1,1,1,0.0,0
0.4809,58,1,1.1121,6889.0,7,0,0,1,1.0,0
0.1474,68,0,0.7844,10186.0,10,0,1,0,,0
0.2429,51,0,0.7503,3645.0,9,0,0,0,0.0,0
0.7491,61,0,0.5766,3003.0,8,0,2,0,1.0,0
0.5309,30,0,0.3935,16246.0,6,0,1,0,1.0,0
0.5756,44,0,0.6204,,10,0,1,0,0.0,0
0.3205,62,0,0.4648,2190.0,4,0,0,0,0.0,0
0.0148,21,0,0.603,,12,0,1,0,1.0,0
1.1195,67,0,0.3855,2531.0,5,0,0,0,1.0,0
0.8416,57,0,1.0247,3166.0,9,0,3,0,1.0,0
0.7143,53,0,0.0936,4269.0,4,0,3,0,1.0,0
0.3477,23,0,0.1111,6452.0,12,0,1,0,0.0,0
0.6194,65,0,0.6184,,9,0,0,0,1.0,0
1.1855,79,0,0.9378,3681.0,2,0,0,0,0.0,0
0.8622,49,0,0.6546,6017.0,10,0,2,0,0.0,0
0.1857,45,0,1.267,4853.0,5,0,1,0,3.0,0
5.9851,48,0,0.6591,6967.0,7,0,0,0,2.0,0
0.0973,62,0,0.0601,17425.0,10,0,1,0,2.0,0
0.053,66,0,0.3094,2443.0,7,0,0,0,1.0,0
0.0351,60,0,0.2745,,10,0,0,0,2.0,0
0.2859,48,0,0.2792,5109.0,10,0,0,0,0.0,0
0.3112,67,0,0.3333,17755.0,10,0,0,0,0.0,0
0.2096,36,0,1.0405,9977.0,7,0,0,0,2.0,0
3.7799,69,0,0.0742,3744.0,8,0,1,0,0.0,1
0.7112,70,0,0.0477,,4,0,1,0,0.0,0
3.8843,47,0,0.309,6059.0,10,0,1,0,0.0,0
0.4851,77,0,0.4229,3796.0,12,0,2,0,1.0,0
0.3602,66,0,0.9902,3944.0,10,0,3,0,1.0,0
0.1536,52,0,0.5291,,3,0,1,0,0.0,0
0.1839,47,0,0.7019,3356.0,9,0,0,0,0.0,0
3.3027,63,0,0.7239,,7,0,1,0,0.0,0
0.2773,43,4,0.3343,5048.0,6,1,2,0,1.0,0
0.0023,72,0,0.3395,,8,0,2,0,1.0,0
0.2322,44,0,0.2789,8047.0,5,0,2,0,0.0,0
0.8368,86,0,0.1591,,9,0,0,0,0.0,0
0.009,56,0,0.6632,,5,0,1,0,0.0,0
0.3588,33,0,0.7062,,5,0,0,0,1.0,0
0.7496,70,0,0.6721,2012.0,5,0,1,0,1.0,0
0.1626,47,0,0.2293,4756.0,6,0,0,0,1.0,0
0.4713,26,0,0.8495,17595.0,7,0,0,0,0.0,0
0.2349,79,0,0.4912,9665.0,4,0,3,0,2.0,0
3.0224,90,0,0.7914,4334.0,7,0,0,0,0.0,0
0.3422,59,0,0.1555,27682.0,10,0,0,0,2.0,0
0.7556,61,0,0.18,4359.0,11,0,1,0,2.0,0
0.3623,59,0,0.4548,10143.0,14,0,0,0,1.0,0
0.3002,61,0,0.1107,4843.0,4,0,1,0,1.0,0
0.4755,48,3,0.3858,7894.0,10,4,0,0,0.0,0
0.4902,52,0,0.446,9536.0,12,0,0,0,1.0,1
0.3026,49,0,0.3192,5965.0,13,0,1,0,,0
0.2356,52,0,0.0075,4491.0,6,0,3,0,1.0,0
0.1349,35,0,0.2067,6062.0,4,0,3,0,2.0,0
1.6912,66,0,0.873,12485.0,9,0,1,0,0.0,0
0.4305,54,0,0.1838,,7,0,0,0,1.0,0
0.0756,62,2,0.0545,5508.0,6,0,0,1,0.0,0
1.1719,59,0,1.0178,7077.0,6,0,0,0,0.0,0
0.1238,21,0,1.2881,10368.0,6,0,0,0,0.0,0
0.256,58,0,0.3479,3014.0,10,0,2,0,0.0,0
0.1051,64,0,0.4853,4842.0,5,0,1,0,2.0,0
6.7351,40,0,0.5739,,7,0,2,0,0.0,0
0.0714,52,0,0.6766,9117.0,7,0,1,0,0.0,0
0.1683,47,0,0.6248,6342.0,5,0,1,0,1.0,0
0.3346,58,0,0.5863,5807.0,6,0,1,0,3.0,0
1.6385,50,0,0.9836,,12,0,2,0,0.0,0
0.7897,28,0,0.4932,5918.0,14,0,0,0,0.0,0
1.0872,38,0,0.567,,9,0,0,0,1.0,0
0.6908,61,0,0.4318,26379.0,9,0,1,0,0.0,0
0.1046,58,0,0.275,12728.0,9,0,0,0,2.0,0
0.1767,86,0,0.3038,,9,0,1,0,0.0,0
0.7179,52,1,0.2849,5808.0,12,0,1,2,0.0,0
0.0646,28,0,0.7589,3028.0,10,0,0,0,1.0,0
0.1247,72,0,0.5579,4171.0,10,0,1,0,0.0,0
3.2666,67,0,0.2391,,9,0,1,0,0.0,0
0.1834,41,0,1.0777,4796.0,13,0,2,0,0.0,0
0.7655,64,0,0.2475,1960.0,11,0,0,0,1.0,0
0.1843,57,0,0.1667,,13,0,1,0,2.0,0
0.4051,40,0,0.6858,2740.0,11,0,2,0,1.0,0
0.4995,57,0,0.5147,6770.0,12,0,1,0,1.0,0
0.2803,44,0,0.1698,14467.0,11,0,1,0,0.0,0
0.7017,32,0,0.2583,4971.0,7,0,0,0,0.0,0
1.4556,50,0,0.4506,,9,0,1,0,0.0,0
0.6063,62,0,1.0207,5474.0,8,0,0,0,1.0,0
7.492,52,0,0.414,10874.0,8,0,0,0,1.0,0
0.2253,43,0,0.661,7432.0,8,0,0,0,0.0,0
0.3611,60,0,0.4334,4725.0,8,0,2,0,1.0,0
0.9237,49,0,0.1381,,7,0,1,0,2.0,0
0.1429,40,0,0.6987,6105.0,10,0,1,0,0.0,0
0.1026,56,0,0.7207,6180.0,6,0,0,0,2.0,0
0.4258,49,0,0.5625,3644.0,3,0,1,0,0.0,1
0.3107,78,0,0.7583,9900.0,8,0,0,0,1.0,0
1.3224,65,0,0.6946,17103.0,5,0,1,0,2.0,0
0.6324,64,0,0.9903,10730.0,5,0,0,0,1.0,0
0.1075,28,0,0.3398,,9,0,1,0,0.0,0
0.2508,63,0,0.2569,5132.0,9,0,2,0,1.0,0
6.3088,65,1,0.7567,3027.0,6,0,0,2,1.0,0
0.4386,29,0,0.3064,3273.0,11,0,2,0,2.0,0
0.7331,40,0,0.0888,8488.0,3,0,2,0,1.0,0
0.563,42,0,0.2527,21387.0,8,0,0,0,0.0,0
0.7273,67,0,0.2957,1325.0,7,0,1,0,1.0,0
1.5318,69,0,0.2634,7413.0,8,0,1,0,2.0,0
0.3815,42,0,0.776,4803.0,8,0,1,0,0.0,0
0.8128,36,0,0.4482,4822.0,8,0,1,0,0.0,0
0.2123,22,0,0.4124,6180.0,4,0,1,0,2.0,0
0.8401,29,0,0.9819,1680.0,4,0,3,0,0.0,0
1.1007,42,0,0.4212,9431.0,11,0,0,0,0.0,0
0.5582,43,0,0.9081,6547.0,4,0,1,0,2.0,0
0.22,52,0,0.141,,6,0,2,0,0.0,0
0.0032,60,4,0.261,31389.0,11,0,1,0,2.0,0
0.155,55,0,0.9469,,13,0,0,0,1.0,0
0.6527,43,0,0.2483,8318.0,5,0,2,0,1.0,0
0.5957,51,0,0.3394,7224.0,8,0,0,0,2.0,0
0.253,40,0,0.1919,6241.0,14,0,1,0,2.0,0
0.0748,46,0,0.4951,7812.0,5,0,1,0,0.0,0
0.2388,48,0,0.6185,3136.0,9,0,1,0,1.0,0
3.5158,63,0,0.4176,3061.0,10,0,0,0,0.0,0
2.3124,65,0,0.8018,7131.0,8,0,3,0,1.0,0
0.0518,40,0,0.3277,3893.0,4,0,2,0,2.0,0
0.1201,52,0,0.7887,2847.0,6,0,0,0,0.0,0
1.314,62,0,0.6137,6327.0,7,0,1,0,3.0,0
0.6345,50,0,0.1161,7894.0,7,0,1,0,2.0,0
0.7865,47,0,0.3577,3581.0,3,0,3,0,0.0,0
0.2644,66,0,0.8433,,6,0,2,0,1.0,0
0.4284,61,0,0.6362,6323.0,3,0,1,0,0.0,0
16.4292,51,0,0.1763,12079.0,9,0,1,0,0.0,0
0.3822,39,0,0.7164,19493.0,5,0,2,0,1.0,0
0.1369,30,0,0.5191,3097.0,9,0,1,0,1.0,0
1.4138,55,0,0.9849,2528.0,6,0,1,0,1.0,0
0.1252,61,0,0.3814,1910.0,11,0,2,0,3.0,0
2.0429,37,2,0.4054,5973.0,10,0,1,0,1.0,0
1.6103,66,0,0.6424,4685.0,3,0,0,0,,0
0.3805,47,0,0.3849,,6,0,1,0,1.0,0
0.5863,28,0,0.4968,,11,0,0,0,0.0,0
2.6064,59,0,0.5086,,9,0,0,0,1.0,0
0.6958,51,0,0.4262,2958.0,11,0,1,0,0.0,0
0.911,50,0,0.6406,5276.0,10,0,0,0,2.0,0
0.0099,64,1,0.4048,5512.0,4,0,1,0,2.0,1
0.2146,73,0,0.1903,5003.0,6,0,4,0,1.0,0
0.1331,60,0,0.5584,,7,0,1,0,2.0,0
0.7214,46,0,0.7306,2599.0,7,0,1,0,0.0,0
0.6201,28,0,0.5552,,8,0,1,0,1.0,1
0.761,61,0,0.3102,4311.0,8,0,1,0,2.0,0
0.1056,53,0,0.1325,7112.0,7,0,1,0,1.0,0
0.4623,41,0,0.2344,,8,0,0,0,,0
0.1734,45,0,0.8885,5392.0,8,0,1,0,1.0,0
0.2265,73,0,0.5741,8485.0,13,0,0,0,1.0,0
0.3633,65,0,0.7003,7093.0,13,0,1,0,0.0,0
0.1697,68,1,0.7091,3715.0,5,0,2,0,1.0,0
0.1917,67,0,0.4096,,12,0,2,0,0.0,0
0.024,56,0,0.2503,,9,0,1,0,,0
0.1134,38,0,0.7417,3642.0,8,0,1,0,0.0,0
0.2239,54,0,0.4256,6504.0,7,0,2,0,3.0,0
0.1676,61,0,0.6818,3720.0,6,0,1,0,0.0,0
0.5931,50,0,0.3604,,12,2,1,0,1.0,0
0.7341,56,0,0.547,7976.0,5,0,1,0,1.0,0
0.5131,60,1,0.4512,11910.0,7,0,0,0,1.0,0
0.6724,66,0,0.3032,10795.0,8,0,2,0,1.0,0
0.2992,65,0,0.377,9700.0,10,0,2,0,0.0,0
0.9988,47,0,0.7991,2065.0,6,0,1,0,0.0,0
0.4857,34,0,0.5771,,5,0,0,0,0.0,0
0.836,74,0,0.9284,4443.0,3,0,0,0,0.0,1
0.5288,57,0,0.2853,,9,0,0,0,1.0,0
2.3611,48,0,0.5053,2224.0,4,0,2,0,0.0,0
0.6538,26,0,0.7579,,10,0,1,0,0.0,1
0.1317,62,0,0.5019,4598.0,6,0,2,0,0.0,0
0.1999,59,0,0.3467,2789.0,4,0,2,0,1.0,0
0.518,48,3,0.6844,,8,0,3,0,1.0,0
0.7412,57,0,0.3339,,8,0,2,0,2.0,0
0.351,72,0,0.1246,2934.0,7,0,3,0,1.0,0
0.2815,34,0,0.6182,9351.0,8,0,1,0,2.0,0
3.2782,68,0,0.1984,,5,0,4,0,1.0,0
0.0096,39,0,0.9791,3906.0,5,0,2,0,0.0,0
0.2101,35,0,0.3707,1907.0,7,0,1,0,1.0,0
1.6318,48,0,0.4099,7014.0,6,0,0,0,1.0,0
0.3683,71,0,0.6195,6232.0,3,0,0,0,1.0,0
0.614,41,0,0.3356,,5,0,2,0,0.0,0
3.0955,50,0,0.5988,16727.0,8,0,1,0,1.0,0
0.8946,31,0,0.7859,,12,0,0,0,1.0,0
0.3234,59,0,0.1538,6301.0,7,0,3,0,0.0,0
2.9329,40,0,0.3044,2907.0,4,0,1,0,0.0,0
0.3226,46,0,0.5368,7372.0,7,0,3,0,2.0,0
0.8579,65,0,0.3318,9558.0,9,0,0,0,0.0,0
0.4673,42,0,0.2032,2419.0,8,0,0,0,1.0,0
0.0324,58,0,0.9249,,10,0,2,0,1.0,0
0.3155,56,0,0.5436,9422.0,13,0,2,0,0.0,0
0.5739,55,0,0.3948,10724.0,11,0,3,0,2.0,0
0.0052,38,0,0.2288,5694.0,9,0,1,0,1.0,0
0.6539,55,0,0.1377,3435.0,3,0,1,0,1.0,0
0.5285,49,0,0.7981,10914.0,6,0,0,0,1.0,0
1.8743,48,0,0.2587,7376.0,7,0,0,0,3.0,0
0.6186,62,0,0.4606,6680.0,8,0,0,0,1.0,0
0.5698,34,0,1.1876,,7,0,2,0,0.0,0
0.2251,43,0,0.0783,2803.0,13,0,0,0,0.0,0
0.6151,52,1,0.2408,6176.0,7,0,0,0,2.0,0
0.3551,73,0,0.115,,8,0,2,0,0.0,0
0.745,27,0,0.8267,15924.0,5,0,1,0,1.0,0
0.6022,55,0,0.1192,4595.0,7,0,2,0,1.0,0
0.328,49,0,0.7201,3479.0,5,0,1,0,1.0,0
0.586,63,0,0.3021,3217.0,7,0,3,0,,0
0.1134,42,0,1.0664,2323.0,7,0,1,0,2.0,0
0.1723,49,0,0.23,3418.0,6,0,1,0,2.0,0
0.6598,39,0,0.3287,,9,0,1,0,0.0,0
0.4383,46,0,0.7912,4312.0,8,0,0,0,1.0,0
0.0534,61,0,0.3839,4604.0,12,0,0,0,0.0,0
5.7207,58,0,0.2702,,6,0,1,0,0.0,0
3.2184,48,0,0.4156,1977.0,4,0,3,0,0.0,0
0.0448,65,0,0.1622,9453.0,13,0,2,0,1.0,0
0.1666,86,0,0.9163,7398.0,4,0,0,0,4.0,1
0.0516,41,0,0.1887,5957.0,3,0,3,0,0.0,0
0.3331,59,0,0.9806,,5,0,0,0,2.0,0
0.5543,53,0,0.9086,4159.0,14,0,2,0,0.0,0
0.3642,67,0,0.1701,9415.0,9,0,0,0,0.0,0
0.3836,44,1,0.1621,7058.0,9,3,1,0,,0
0.5936,66,0,0.7196,27403.0,11,0,1,0,0.0,0
0.1678,51,0,0.455,6882.0,10,0,3,0,0.0,0
1.7569,49,2,0.4195,,10,0,1,0,0.0,0
0.8551,54,2,0.3125,5246.0,10,0,0,0,3.0,0
3.139,54,0,0.4365,,9,0,0,0,0.0,0
1.7242,39,3,0.9615,5039.0,9,0,1,0,0.0,0
0.2462,52,0,0.7133,2412.0,6,0,1,0,2.0,0
0.4445,71,0,0.7935,3103.0,5,0,0,0,2.0,0
0.0094,36,0,0.2576,1857.0,5,0,2,0,0.0,0
2.6747,59,0,0.1045,4537.0,8,0,1,0,3.0,0
0.0437,66,0,0.3899,10414.0,9,0,0,0,1.0,0
0.4902,52,0,0.1104,3025.0,5,0,2,0,2.0,0
0.2651,49,0,0.7503,6672.0,12,0,0,0,0.0,0
0.2043,52,0,0.1771,7713.0,8,0,1,0,2.0,0
0.5602,39,0,0.439,,7,0,1,0,0.0,1
0.0184,49,0,0.1925,1075.0,8,0,1,0,2.0,0
0.2639,76,0,0.3342,3493.0,8,0,3,0,0.0,0
0.6336,50,0,0.6111,11079.0,7,0,1,0,2.0,0
0.2729,52,0,0.4361,,7,0,1,0,1.0,0
0.2893,39,0,0.4552,5767.0,6,0,0,0,0.0,0
0.0916,58,0,0.6144,8419.0,10,0,0,0,2.0,0
0.497,37,0,0.5179,5453.0,8,0,0,1,3.0,0
0.1333,49,0,0.6046,10208.0,5,0,1,0,0.0,0
8.5121,21,0,0.1855,2448.0,8,0,4,0,0.0,0
0.4823,52,0,0.6028,3149.0,12,0,3,0,1.0,0
0.3527,54,0,0.2732,3133.0,14,0,3,0,0.0,0
0.3714,41,0,0.4365,3559.0,5,0,0,0,2.0,0
0.1699,44,0,0.1621,,8,0,1,0,1.0,0
0.3781,42,0,0.4406,5237.0,7,0,4,0,0.0,0
0.617,61,0,0.2002,,10,0,0,0,0.0,0
0.3663,44,0,0.7454,8226.0,10,0,1,0,0.0,0
0.5726,71,0,0.4283,6883.0,7,0,1,0,0.0,0
0.1111,72,0,0.5479,4170.0,7,0,0,0,0.0,0
0.2316,53,0,0.5099,6992.0,10,0,1,0,0.0,0
0.2547,74,0,0.1004,6814.0,17,0,0,0,1.0,0
0.4241,72,0,0.4333,6760.0,7,0,2,0,1.0,0
0.717,58,0,1.1377,,8,0,1,0,2.0,0
0.0548,40,0,0.5321,3778.0,7,0,0,0,0.0,0
0.4713,57,0,0.8813,3071.0,13,0,1,0,1.0,0
0.4876,55,0,0.4096,6275.0,11,0,1,0,1.0,0
0.2127,44,0,0.5343,2483.0,13,0,1,0,1.0,0
0.0888,80,0,0.4346,,10,0,0,0,0.0,0
2.4384,61,0,0.3858,17611.0,7,0,2,0,0.0,0
0.0726,35,0,0.4415,5545.0,8,0,0,0,1.0,0
0.0757,58,0,0.7353,6147.0,8,0,1,2,0.0,0
0.2026,53,0,0.3814,3250.0,5,0,0,0,0.0,0
0.0963,58,0,0.3564,3307.0,8,0,0,0,1.0,0
0.0443,50,0,0.2105,8147.0,6,0,0,0,0.0,0
0.7189,34,0,0.7335,4875.0,9,0,2,0,0.0,0
0.0605,67,0,0.2013,10425.0,6,0,0,0,3.0,0
0.1433,77,0,0.4108,11133.0,4,0,1,0,3.0,0
0.2293,46,0,0.4713,4827.0,10,0,1,0,0.0,0
0.0682,50,0,0.1549,5361.0,5,0,0,0,0.0,0
0.2838,68,0,0.2967,8191.0,8,2,1,0,1.0,0
0.8155,45,0,0.6136,6291.0,10,0,0,0,3.0,0
0.8117,64,0,0.458,1898.0,13,0,1,0,0.0,0
0.4046,51,0,0.3214,1982.0,5,0,0,0,,0
0.9851,41,0,0.7667,3633.0,5,0,1,0,0.0,0
8.1051,44,0,1.2644,20731.0,5,0,1,0,2.0,0
0.3482,51,0,1.4478,5304.0,13,0,1,0,0.0,0
0.4623,52,0,1.0776,7383.0,7,0,0,0,1.0,0
0.6455,36,0,0.6127,13162.0,8,0,1,0,1.0,0
4.9839,55,0,0.501,7288.0,2,0,1,0,0.0,0
0.6484,21,0,0.0844,5208.0,8,0,0,0,0.0,0
1.1807,61,0,0.9161,4223.0,5,0,1,0,3.0,1
0.2844,63,0,0.3425,1449.0,8,0,1,0,0.0,0
0.2138,41,3,0.0521,2582.0,11,0,2,0,0.0,0
0.6315,53,0,0.725,4563.0,7,0,0,0,0.0,0
0.1621,46,0,0.4705,5368.0,3,0,1,0,1.0,0
2.3131,46,0,0.2901,15747.0,1,0,1,0,0.0,0
0.5674,48,0,0.5966,5884.0,8,0,1,0,3.0,0
0.4728,50,0,0.3946,4803.0,10,0,1,0,0.0,0
4.5408,45,0,0.2223,,10,0,1,0,0.0,0
0.4147,56,0,0.3509,5800.0,14,0,1,0,1.0,0
0.6119,73,0,0.5888,4428.0,7,0,0,0,2.0,0
0.4733,59,0,0.4172,13012.0,12,0,1,0,0.0,0
2.9391,49,0,0.4019,8358.0,4,0,2,0,1.0,0
2.0543,69,0,0.5219,2953.0,13,0,0,0,2.0,0
0.3321,68,0,0.3332,8088.0,10,0,3,0,0.0,0
0.5612,64,0,0.1744,,9,0,0,0,1.0,0
0.1952,58,0,0.7525,7448.0,6,0,0,0,0.0,0
0.1288,58,0,0.4349,12032.0,9,0,1,1,1.0,0
0.1709,61,0,0.2562,4610.0,8,0,0,0,0.0,0
0.2959,68,0,0.2695,12865.0,12,0,1,0,2.0,0
0.4466,42,0,0.7586,,9,0,3,0,0.0,0
0.3359,50,0,0.6455,3330.0,10,0,2,0,0.0,0
0.3291,65,0,0.0968,,11,0,2,0,0.0,0
0.7978,54,0,0.5711,,7,0,3,0,1.0,0
0.6994,53,0,0.2252,4391.0,9,0,1,0,,0
0.0356,64,0,0.1221,7834.0,8,0,0,0,2.0,0
3.2929,39,0,0.518,5112.0,7,0,1,0,0.0,0
1.7023,65,0,0.3058,3239.0,19,0,1,0,2.0,0
0.8512,39,0,0.8318,,4,0,0,1,0.0,0
0.7324,47,0,0.7584,3273.0,6,0,1,0,0.0,0
1.4068,30,0,0.5755,14949.0,6,0,0,0,2.0,0
0.1992,46,0,0.8106,5439.0,5,0,1,0,0.0,0
0.0519,60,0,0.3092,,9,0,1,0,0.0,0
0.0698,55,0,0.1624,6365.0,7,0,1,0,0.0,0
0.1438,49,0,0.1371,2992.0,9,0,2,0,0.0,0
0.4051,58,0,0.5438,1336.0,10,0,0,0,1.0,0
0.8381,58,0,0.2463,7288.0,11,0,3,0,1.0,0
0.7033,37,0,0.7814,6321.0,7,0,0,0,0.0,0
0.2406,67,0,0.2707,4596.0,9,0,0,0,2.0,0
0.0544,60,0,0.342,10681.0,15,0,2,0,1.0,0
0.2463,32,0,0.751,2941.0,8,0,0,0,1.0,0
0.7464,75,0,0.8521,8661.0,4,0,0,0,0.0,0
0.671,48,0,0.1768,,7,0,2,0,,0
0.9579,37,0,0.3713,10975.0,10,0,1,0,1.0,0
0.6132,34,0,0.4004,4171.0,12,0,3,0,2.0,0
0.1164,30,0,0.6264,9736.0,3,0,0,0,0.0,0
0.516,45,0,0.9295,14458.0,8,0,0,0,1.0,0
0.0837,42,0,0.4788,3892.0,7,0,0,0,1.0,0
0.1738,36,0,0.2997,,9,0,1,0,,0
3.5005,48,0,0.3184,,9,0,0,0,0.0,0
3.9346,73,0,0.5783,,9,0,0,0,0.0,0
0.526,42,0,0.3156,6277.0,7,0,1,0,0.0,0
0.4652,47,0,0.6888,5301.0,8,0,1,0,0.0,0
0.6736,60,0,1.0012,,9,0,1,0,0.0,0
0.0216,77,0,0.8643,3301.0,6,0,1,0,2.0,0
0.2699,55,3,0.1977,6817.0,7,0,1,1,2.0,0
0.7598,58,0,0.634,9805.0,13,0,0,0,2.0,0
0.9361,64,1,0.2644,5127.0,10,0,2,0,1.0,0
0.6162,59,0,0.6248,,8,0,1,0,0.0,0
0.2998,29,0,0.1952,,5,0,1,0,0.0,0
0.3268,41,0,0.3641,,9,0,1,0,0.0,0
0.1483,62,0,0.4428,2886.0,13,0,0,0,1.0,0
0.712,44,0,0.9216,3493.0,6,0,1,0,1.0,0
0.0452,34,0,0.5326,3560.0,7,0,2,0,0.0,0
0.5402,48,0,0.1152,5132.0,3,0,1,0,1.0,1
0.2263,60,0,0.6537,17623.0,5,0,0,0,,0
1.5795,59,0,0.373,,6,0,0,0,2.0,0
0.6138,53,0,0.5089,,6,0,0,0,2.0,0
0.3696,26,0,0.7938,,6,0,3,0,2.0,0
0.9841,55,0,0.3638,4364.0,9,0,2,0,3.0,0
0.4282,34,0,0.1858,2049.0,6,0,0,0,1.0,0
0.0732,60,0,0.8174,6927.0,7,0,2,0,0.0,0
0.5284,57,0,0.7162,5589.0,11,0,2,0,2.0,0
0.0566,44,0,0.288,3621.0,7,0,2,0,0.0,0
4.7515,33,0,0.2093,3221.0,11,0,1,0,1.0,0
0.3195,68,2,0.5059,6288.0,7,1,1,2,1.0,0
0.5252,56,0,0.0948,7426.0,12,0,2,0,0.0,0
0.0772,39,0,0.1082,,6,0,2,0,0.0,0
0.528,73,0,0.3388,3308.0,7,0,0,0,,0
4.5825,53,0,0.5785,,10,0,0,0,1.0,1
0.0778,43,0,0.5717,3706.0,7,0,2,0,0.0,0
1.4486,67,0,0.6184,2417.0,13,0,1,0,0.0,1
0.6059,63,0,0.5699,9095.0,10,0,0,0,0.0,0
0.7864,60,0,0.2342,14814.0,11,0,1,0,0.0,0
1.0109,55,0,0.1681,3089.0,4,0,1,0,1.0,0
0.0064,36,0,0.287,2720.0,10,0,1,0,0.0,0
0.6567,37,3,0.8598,1485.0,15,0,2,0,0.0,0
0.2035,46,0,0.2554,1349.0,6,0,1,0,0.0,0
0.7985,24,0,0.6088,,13,0,2,0,0.0,0
0.4187,56,0,0.409,,7,0,1,0,,0
0.724,51,0,0.2258,2342.0,11,0,0,0,2.0,0
0.0922,53,0,0.1977,7053.0,16,0,1,0,0.0,0
0.0112,74,0,1.0357,14837.0,9,0,1,0,1.0,0
0.6232,36,0,0.4622,4065.0,6,0,1,0,1.0,0
0.8686,54,0,0.6902,,7,0,1,0,0.0,0
0.4552,36,0,0.3542,2323.0,7,0,1,0,0.0,0
0.048,70,0,0.494,7061.0,8,0,1,0,1.0,0
0.4546,38,0,0.5502,5461.0,10,0,1,0,1.0,0
0.5735,79,2,0.9727,3626.0,5,0,0,0,0.0,1
0.8065,38,0,0.6351,6733.0,7,0,1,0,0.0,0
0.3097,56,0,0.1151,6949.0,8,0,0,0,1.0,0
0.815,59,0,0.2632,,10,0,0,0,1.0,0
4.9557,64,0,0.7182,5670.0,4,0,0,0,3.0,0
0.4372,37,0,0.6385,6752.0,4,0,0,0,1.0,0
0.7783,35,0,1.0641,,6,0,2,0,0.0,0
0.2719,45,0,0.8,6365.0,7,0,1,0,1.0,0
0.6841,62,0,0.5733,5982.0,8,0,2,3,3.0,0
0.4011,52,0,0.0756,13802.0,9,0,0,0,1.0,0
0.4263,67,0,0.5275,8838.0,7,0,3,0,1.0,0
0.7643,40,0,0.7619,1368.0,5,0,2,0,0.0,0
0.5351,48,0,0.2573,5184.0,6,0,0,0,1.0,0
0.5474,51,0,0.3501,5348.0,8,0,3,0,0.0,0
0.0433,50,4,0.2379,4812.0,11,0,2,0,1.0,0
0.1794,60,0,0.1112,6634.0,11,0,0,0,0.0,0
0.9292,69,0,0.5122,5121.0,8,0,0,0,0.0,0
0.3468,44,0,0.6774,4132.0,7,0,5,0,1.0,0
0.2552,46,0,0.3403,,9,0,2,0,0.0,0
0.2552,56,0,0.3228,2630.0,11,0,2,0,0.0,0
0.5271,57,0,0.2646,,8,0,0,0,1.0,0
0.3267,67,0,1.3841,2834.0,8,0,2,0,3.0,0
0.0475,53,0,0.119,,5,0,3,0,1.0,0
0.6016,49,0,0.2956,2499.0,12,0,0,0,0.0,0
0.0795,76,0,0.4185,,7,0,0,0,1.0,0
1.6554,57,1,0.6935,9981.0,5,0,0,0,0.0,0
0.4245,62,0,0.465,6369.0,5,0,0,0,0.0,0
0.6482,30,0,0.0863,5727.0,9,0,2,0,0.0,0
1.6691,50,0,1.1891,5389.0,8,0,1,0,1.0,1
0.5358,68,0,0.4443,,11,0,1,0,1.0,0
0.4941,54,0,0.3083,4194.0,8,0,1,0,0.0,0
0.9091,51,0,0.4954,4296.0,7,0,2,0,0.0,0
0.5139,26,0,0.3613,3211.0,5,0,0,0,0.0,0
0.4972,50,0,0.1708,,9,0,2,0,2.0,0
0.6609,70,0,0.7044,,11,0,1,0,0.0,1
0.3524,52,0,0.537,1638.0,10,0,1,0,0.0,0
0.3128,59,0,0.4886,5710.0,7,0,2,0,2.0,0
0.2335,48,0,0.8908,4114.0,9,0,0,0,0.0,0
0.4344,47,0,0.5979,5528.0,7,0,0,0,0.0,0
0.9184,53,0,0.7446,,4,0,1,0,1.0,0
0.2936,59,0,0.2091,9026.0,3,0,3,0,1.0,0
0.4936,63,0,0.2057,1906.0,7,0,1,0,1.0,0
0.0736,62,0,0.3157,3498.0,11,0,2,0,0.0,0
0.1515,47,0,0.237,3920.0,12,0,0,0,1.0,0
2.584,55,0,0.3044,4602.0,10,0,2,0,,0
0.89,34,0,0.6291,,11,0,1,0,0.0,0
0.0997,56,0,0.6822,,14,0,0,0,0.0,0
1.4619,24,0,0.0248,3652.0,13,0,1,0,0.0,1
0.305,31,0,0.4002,9869.0,10,0,0,0,1.0,0
0.9507,55,2,0.9482,2654.0,8,0,1,0,2.0,0
0.2043,60,0,0.102,30492.0,10,0,1,0,1.0,0
0.6496,35,0,0.4645,2419.0,13,0,0,0,1.0,0
0.3613,60,0,0.8746,6283.0,8,0,3,0,0.0,0
0.52,50,0,0.3892,5085.0,6,0,1,0,0.0,0
0.1702,68,0,0.1749,10847.0,7,0,0,0,2.0,0
0.2081,72,0,0.3153,12509.0,12,0,0,0,1.0,0
0.6058,21,0,0.3839,9779.0,9,0,1,0,1.0,0
0.3177,79,0,0.4135,4002.0,6,0,0,0,,0
1.0382,65,0,0.3271,,12,0,0,0,0.0,0
0.0598,61,0,0.2217,1645.0,11,0,0,0,0.0,0
1.1471,47,0,0.8648,1964.0,12,0,4,0,1.0,0
0.2697,59,0,0.3619,,10,0,0,0,0.0,0
1.4135,57,0,0.7122,3410.0,9,0,1,0,0.0,0
0.0175,64,0,0.637,13096.0,12,0,1,0,1.0,0
0.3005,57,0,0.3919,,8,0,1,0,0.0,0
8.1309,60,0,0.8822,10625.0,8,0,2,0,1.0,0
0.8927,63,0,0.6229,17745.0,13,0,2,0,0.0,0
0.6832,25,0,0.2277,,11,0,0,0,0.0,0
0.1309,48,0,0.1916,7223.0,12,0,1,0,0.0,0
0.0616,52,0,0.3203,8098.0,10,0,1,0,2.0,0
0.499,47,0,0.2241,4841.0,8,0,3,0,0.0,0
0.4447,68,4,0.1941,12829.0,18,0,1,0,2.0,0
0.1276,75,0,0.3289,3950.0,10,0,0,0,2.0,0
0.7878,54,0,0.1966,4794.0,4,0,0,0,0.0,0
0.4075,54,0,0.1837,,2,0,2,0,0.0,0
0.0604,54,0,0.767,7557.0,2,0,0,0,0.0,0
0.7046,30,0,0.3648,2517.0,11,0,1,0,0.0,0
0.4375,40,0,0.8096,10151.0,11,0,1,0,1.0,0
0.6693,40,0,0.3129,6570.0,9,0,1,0,1.0,0
0.3624,63,0,0.4654,5125.0,10,0,0,0,2.0,0
0.2705,47,0,0.0936,2870.0,9,0,1,0,0.0,0
0.647,51,0,0.4886,13078.0,7,0,1,0,0.0,0
0.1057,50,0,0.3661,15489.0,9,0,1,0,0.0,0
0.2308,48,0,0.4912,1946.0,8,0,1,0,0.0,0
2.8602,81,0,0.1346,12902.0,11,0,0,0,1.0,0
0.7846,54,0,0.401,,11,0,1,0,1.0,0
2.7104,72,0,0.0857,11282.0,14,0,0,0,2.0,0
0.9614,42,0,0.686,6837.0,12,0,0,0,0.0,0
0.1696,37,1,0.8679,,8,1,1,1,0.0,0
0.8098,65,0,0.4449,12664.0,13,0,0,0,0.0,0
0.7326,54,0,0.2582,7138.0,6,0,1,0,1.0,0
0.7606,61,0,0.4672,2896.0,10,0,2,0,1.0,0
0.4881,77,0,0.7109,5259.0,3,0,0,0,0.0,0
0.3567,55,0,0.5586,7946.0,4,0,1,0,0.0,0
0.1463,58,0,0.5487,10682.0,9,0,2,0,1.0,0
1.2154,47,0,0.4237,4361.0,10,0,2,0,1.0,0
0.4038,54,0,0.6834,5134.0,5,0,0,0,1.0,0
0.4308,56,0,1.1889,5155.0,7,0,2,0,0.0,0
0.2041,59,0,0.7161,7834.0,12,0,1,0,1.0,0
1.6353,56,0,0.5476,2162.0,10,0,1,1,1.0,0
0.4505,30,0,0.6589,9929.0,7,0,1,0,1.0,0
1.3962,73,0,0.9703,15316.0,7,0,0,0,0.0,0
0.4896,53,0,0.6018,3772.0,4,0,4,0,1.0,0
2.9483,74,0,0.7683,4927.0,6,0,1,0,1.0,0
0.4319,40,0,0.648,3070.0,4,0,0,0,1.0,0
0.2591,45,0,0.1923,4150.0,7,0,2,0,1.0,0
0.6393,49,0,0.3999,2144.0,7,0,0,0,2.0,0
0.5771,46,0,0.4886,1702.0,9,0,1,0,2.0,1
0.4242,57,0,0.5788,13082.0,7,0,3,0,1.0,0
0.0452,67,0,0.9081,3475.0,8,0,0,0,4.0,0
0.1622,71,0,0.8067,9521.0,12,0,2,0,2.0,0
0.1279,45,0,0.4645,6342.0,6,0,0,0,0.0,0
0.6262,44,0,0.8352,1864.0,10,0,0,0,0.0,0
0.4246,63,0,1.001,3860.0,11,0,1,0,0.0,0
0.2843,37,0,0.1876,4870.0,9,0,0,0,0.0,0
0.0407,61,0,0.8992,,11,0,0,0,1.0,0
1.1463,49,0,0.6223,,7,0,0,0,0.0,0
0.363,46,0,0.5562,5787.0,2,0,0,0,1.0,0
0.6194,21,0,0.6068,6901.0,6,0,3,0,1.0,0
1.0323,56,0,0.542,3307.0,9,0,2,0,4.0,0
0.2957,68,0,0.0732,5627.0,6,0,1,0,0.0,0
0.2537,35,0,0.7827,,5,0,4,0,0.0,0
2.2348,56,0,0.2032,7376.0,8,0,1,0,1.0,0
0.6418,59,0,1.072,7968.0,5,0,2,0,1.0,0
0.1469,45,0,0.7625,4864.0,8,0,2,0,0.0,0
1.4739,58,0,0.1423,10082.0,12,0,0,0,1.0,0
0.4591,65,0,0.4815,,7,0,1,0,0.0,0
0.6131,55,0,0.2275,,5,0,1,0,1.0,1
0.5297,60,0,0.3268,,6,0,0,0,2.0,0
0.0805,48,0,0.4125,5239.0,10,0,2,0,1.0,0
0.843,63,0,0.5273,4190.0,11,0,1,0,1.0,0
0.0315,28,0,0.7177,2344.0,10,0,4,0,1.0,0
0.2582,63,0,0.3102,,6,0,0,0,1.0,0
0.0799,69,0,0.238,3529.0,8,0,3,0,1.0,0
0.4181,41,0,0.5199,5201.0,5,0,0,0,0.0,0
0.0038,41,0,0.6592,,11,0,0,0,0.0,0
0.1023,75,0,0.6741,5967.0,7,0,0,0,0.0,0
0.6032,57,0,0.5119,3160.0,9,0,1,0,1.0,0
0.34,31,0,0.2057,7072.0,9,0,1,0,0.0,0
0.33,49,0,0.2237,7849.0,11,0,0,0,1.0,0
0.6076,28,0,0.2719,3027.0,16,0,1,0,1.0,0
0.4142,49,0,0.0455,4627.0,6,0,4,0,0.0,0
0.6909,52,0,0.6808,8005.0,6,0,1,0,0.0,0
0.3325,61,0,0.3644,5366.0,11,0,2,0,1.0,0
0.2524,52,0,0.6377,2575.0,10,0,2,0,1.0,0
0.2858,74,0,0.5385,4800.0,8,0,0,0,0.0,0
0.35,54,0,0.4991,12088.0,12,0,3,0,1.0,0
0.0394,25,0,0.1556,,9,0,1,0,0.0,0
0.4128,61,1,0.5563,6108.0,6,0,0,0,3.0,0
0.0075,54,0,0.153,2199.0,5,0,0,0,0.0,0
0.4565,50,1,0.9029,14060.0,11,0,1,0,2.0,0
0.5374,67,1,0.4537,5204.0,6,0,1,1,1.0,0
0.1004,64,0,0.7849,6859.0,6,0,4,0,1.0,0
0.0496,40,0,0.4085,2908.0,10,0,0,0,1.0,0
3.4578,56,4,0.0436,5313.0,11,0,0,0,0.0,0
1.9988,73,0,0.1586,6474.0,10,0,2,0,0.0,0
0.4369,53,0,0.4394,6237.0,5,0,1,0,0.0,0
0.2168,34,0,0.2253,4066.0,11,0,1,0,,0
0.8457,58,0,0.5942,6617.0,4,0,0,0,0.0,0
0.0536,48,0,0.2412,11254.0,8,0,2,0,1.0,0
0.2576,52,0,0.7688,2773.0,4,0,2,0,1.0,0
1.015,39,0,0.7201,,8,0,4,0,1.0,0
2.5278,57,0,0.7281,13162.0,6,0,2,0,2.0,0
0.1003,44,0,0.2726,12345.0,16,0,2,0,0.0,0
0.4723,63,0,0.6768,23707.0,10,0,1,0,1.0,0
0.0496,71,0,0.8786,6910.0,8,0,3,0,0.0,0
0.0945,55,0,0.4313,5742.0,11,0,1,0,1.0,0
0.5261,39,0,0.3784,4745.0,5,0,1,0,0.0,0
1.2943,41,0,0.8919,8615.0,8,0,2,0,0.0,0
3.1093,54,0,0.2072,13357.0,7,0,2,0,0.0,0
0.0781,56,0,0.3521,,10,0,1,0,1.0,0
0.6496,45,0,0.5084,5954.0,5,0,2,0,1.0,0
0.4039,49,0,0.7328,11582.0,4,0,1,0,0.0,0
0.3512,60,0,0.2462,,7,0,1,0,2.0,0
0.3264,67,0,0.8793,4166.0,12,0,0,0,0.0,0
0.4176,52,0,0.2934,6716.0,8,0,1,0,1.0,0
0.2812,61,0,0.7132,5371.0,8,0,1,0,0.0,1
0.8411,52,1,0.5016,9440.0,7,0,0,1,,0
0.3559,56,0,0.5336,10087.0,2,0,2,0,0.0,0
0.4369,43,0,0.5571,5619.0,12,0,0,0,2.0,0
0.3599,57,1,0.1933,10206.0,5,0,0,0,1.0,0
0.4852,71,0,0.779,8622.0,10,0,0,0,0.0,0
1.0853,57,0,0.7736,6046.0,10,0,0,0,0.0,0
0.1254,58,0,0.4006,2286.0,13,0,2,0,0.0,0
0.4397,40,0,0.1119,4446.0,7,0,1,0,3.0,1
0.4969,57,0,0.4268,2744.0,6,0,2,0,1.0,1
0.5443,23,0,0.8389,2558.0,9,0,0,0,3.0,1
0.6655,61,0,0.2322,4014.0,3,0,1,0,0.0,0
0.2766,72,0,0.5516,6568.0,5,0,0,0,1.0,0
0.6847,45,0,0.3863,2087.0,8,0,2,0,1.0,0
0.3248,49,0,0.2127,1959.0,6,0,1,0,0.0,0
0.4174,65,0,0.5577,,6,0,2,0,0.0,0
1.0847,40,0,0.3597,2191.0,8,0,0,0,0.0,0
0.2069,59,0,0.4974,2969.0,10,0,1,0,1.0,0
0.0069,41,0,0.0262,,5,0,0,0,1.0,0
0.4136,60,0,0.4853,7339.0,10,0,2,0,,0
1.3837,49,0,0.3818,,8,0,0,0,0.0,0
1.1497,21,2,0.2492,,7,0,2,1,1.0,0
0.1773,37,0,0.454,1410.0,12,0,0,0,1.0,0
0.5107,51,0,0.0447,,7,0,0,0,0.0,1
0.4008,78,0,0.0999,,10,0,0,0,1.0,0
1.1021,49,0,0.5893,5287.0,10,0,0,0,0.0,0
1.545,42,1,0.1661,,10,1,3,1,0.0,0
3.068,56,0,0.0476,5033.0,7,0,0,0,1.0,0
0.7937,21,0,0.48,,10,0,3,0,0.0,0
0.2422,70,0,0.6779,6386.0,6,0,1,0,1.0,0
0.2711,61,0,0.3005,16223.0,8,0,0,0,2.0,0
1.4561,45,0,0.3348,3850.0,7,0,0,0,2.0,0
0.2333,62,0,0.6301,3210.0,9,0,3,0,1.0,0
0.8345,56,0,0.543,,14,0,1,0,0.0,0
0.3545,50,0,0.1077,,11,0,0,0,0.0,0
1.9449,60,0,0.6539,,8,0,1,0,0.0,1
0.0745,51,0,0.4119,5215.0,13,0,0,0,2.0,0
0.1152,54,0,0.4261,3805.0,9,0,0,0,0.0,0
0.2257,60,0,0.1297,6108.0,12,0,2,0,2.0,0
0.7656,47,0,0.0962,2034.0,4,0,0,0,2.0,0
0.3312,50,0,0.5369,2802.0,8,0,1,0,2.0,0
0.0077,36,0,0.6022,,3,0,2,0,1.0,0
0.0463,34,0,0.9364,11202.0,12,0,0,0,0.0,0
0.4346,28,0,0.6105,1141.0,6,0,0,0,0.0,1
0.8786,57,0,0.2456,1673.0,7,0,0,0,0.0,0
0.072,48,0,0.2104,5795.0,10,0,1,0,0.0,0
0.3156,36,2,1.2179,,4,0,0,0,1.0,0
0.2084,47,0,0.2333,12284.0,9,0,0,0,0.0,0
0.0952,37,0,0.3315,,5,0,1,0,0.0,0
0.717,55,0,0.7682,9285.0,8,0,1,0,,0
4.8699,66,0,0.7336,11850.0,9,0,0,0,2.0,0
1.2521,71,0,0.0985,4281.0,4,0,0,0,0.0,1
0.2433,50,0,0.4178,3262.0,12,0,2,0,1.0,0
6.8002,50,0,0.2539,11251.0,11,0,1,0,,0
3.4563,27,0,0.5602,8449.0,13,0,0,0,0.0,0
0.1415,32,2,0.5272,6900.0,10,0,3,0,0.0,0
0.2386,71,0,0.2015,7372.0,5,0,2,0,0.0,0
0.2105,54,0,0.1716,7786.0,7,0,0,0,1.0,0
0.0115,68,0,0.2991,4845.0,5,0,2,0,0.0,0
0.0044,26,0,0.5853,8835.0,8,0,0,0,0.0,0
0.3874,51,0,0.564,5158.0,5,0,1,0,2.0,0
0.5371,28,0,0.3329,1326.0,7,0,1,0,0.0,0
1.2352,22,0,0.2381,1315.0,12,0,1,0,0.0,0
0.2914,39,0,0.8136,15225.0,9,0,1,0,1.0,0
0.6914,78,0,0.2854,4084.0,4,0,1,0,0.0,1
8.3104,41,0,0.2672,2979.0,8,0,2,0,1.0,0
0.5353,70,0,0.6823,3154.0,9,0,0,0,1.0,1
5.9532,48,0,0.3176,7372.0,8,0,3,0,0.0,0
0.3894,69,0,0.5706,4451.0,6,0,1,0,1.0,0
0.3446,62,0,0.5454,4626.0,7,0,0,0,0.0,0
0.2466,70,0,0.3897,,7,0,2,0,1.0,0
0.3942,45,0,0.4871,3114.0,8,0,0,0,0.0,0
0.5604,56,0,0.113,,8,0,3,0,0.0,0
0.3901,54,0,0.8903,8547.0,3,0,2,0,0.0,0
0.7263,88,0,0.5621,4269.0,8,0,2,0,2.0,1
0.6823,65,0,0.2339,4169.0,6,0,2,0,3.0,0
1.0453,50,0,0.3791,8737.0,1,0,0,0,0.0,0
3.8862,80,0,0.341,,7,0,1,0,1.0,0
0.3854,82,0,0.1717,6059.0,11,0,0,0,0.0,0
0.0353,43,0,0.4291,,7,0,2,0,,0
0.3737,56,0,0.1901,1190.0,8,0,0,0,0.0,0
0.0337,47,0,0.1136,3419.0,11,0,1,0,1.0,0
1.2974,30,1,0.244,7576.0,8,0,2,1,0.0,0
0.4529,55,0,0.6035,3723.0,9,0,1,0,2.0,1
0.5083,21,0,0.3277,2549.0,8,0,3,0,0.0,0
0.4255,53,0,0.1008,,9,0,1,0,0.0,0
2.0653,51,0,0.3444,2626.0,9,0,1,0,,0
0.4795,51,0,0.9588,3543.0,3,0,1,0,0.0,0
0.3333,49,0,0.4034,7587.0,12,0,1,0,0.0,0
1.8032,46,0,0.3428,8561.0,6,0,1,0,0.0,0
0.5095,28,1,0.6192,,12,1,0,0,3.0,1
0.2619,32,0,0.6817,2576.0,5,0,0,0,3.0,0
2.015,51,0,0.1465,9227.0,3,0,1,0,0.0,0
2.6633,51,0,0.7921,,17,0,3,0,2.0,0
0.409,64,0,0.3247,9124.0,7,0,1,0,0.0,0
0.0921,45,0,0.6098,5961.0,6,0,1,0,2.0,0
1.194,37,0,0.3587,3996.0,9,0,3,0,0.0,0
0.4667,48,0,0.4082,3302.0,13,0,1,0,3.0,0
0.3962,21,0,0.8149,1650.0,8,0,0,0,0.0,0
0.3644,54,0,0.0955,4851.0,4,0,3,0,0.0,0
0.3624,60,0,0.0646,7158.0,6,0,0,0,1.0,0
3.2731,70,0,0.3757,4402.0,7,0,0,0,0.0,0
0.6414,56,0,0.7005,2261.0,8,0,0,0,0.0,0
0.6935,36,0,0.5853,1242.0,6,0,0,0,0.0,0
0.9451,42,0,0.5846,4465.0,6,0,1,0,0.0,0
0.0085,49,0,0.0364,14689.0,8,0,1,0,0.0,0
0.1517,42,0,0.3257,7044.0,8,0,1,0,1.0,0
0.4108,36,0,1.2542,5229.0,8,0,0,0,1.0,0
0.6856,43,0,0.474,,10,0,1,0,,0
1.7121,66,0,0.1282,3556.0,7,0,2,0,0.0,0
0.1374,57,0,0.1636,4176.0,9,0,0,0,0.0,0
0.6052,64,0,0.2726,3066.0,4,0,0,0,0.0,0
0.1205,41,0,0.5845,11837.0,6,0,2,0,0.0,0
1.1981,71,0,0.3549,24422.0,7,0,1,0,1.0,0
6.1062,57,0,0.126,4951.0,13,0,1,0,1.0,0
0.2145,58,0,1.0321,3246.0,9,0,1,0,0.0,0
0.1669,51,0,0.679,14784.0,6,0,1,0,1.0,0
0.6268,21,0,0.3635,8017.0,5,0,3,0,1.0,0
0.354,71,0,0.1495,5289.0,16,0,0,0,1.0,0
0.9391,56,0,0.3871,9976.0,9,0,1,0,0.0,0
0.3698,38,0,0.3196,4420.0,9,0,1,0,1.0,0
0.1015,81,0,0.6975,5789.0,4,0,2,0,2.0,0
0.2506,52,0,0.5637,4219.0,5,0,3,0,0.0,0
0.1016,47,0,0.1852,5611.0,10,0,1,0,1.0,0
2.136,38,0,0.8422,9647.0,10,0,0,0,2.0,0
0.1207,43,0,0.421,2503.0,5,0,2,0,1.0,0
0.2005,29,0,0.8146,4657.0,10,0,0,0,1.0,0
0.2687,46,0,0.4532,2014.0,13,0,3,0,0.0,0
3.9344,50,0,0.082,6252.0,10,0,0,0,1.0,0
0.7433,60,0,0.0722,3375.0,14,0,2,0,0.0,0
0.2585,26,0,0.4449,2911.0,7,0,1,0,0.0,0
0.4911,41,0,0.2597,,10,0,2,0,0.0,0
0.409,35,0,0.4462,5367.0,7,0,1,0,3.0,0
0.5397,65,0,0.0648,4805.0,4,0,0,0,1.0,0
0.2015,61,0,0.5049,,6,0,1,0,1.0,0
0.5496,25,0,0.462,,7,0,1,0,1.0,0
5.0711,48,0,0.7425,3304.0,7,0,1,0,0.0,1
0.0401,72,0,0.6879,18152.0,8,0,1,0,2.0,0
0.2719,62,0,0.3089,10308.0,7,0,1,0,1.0,0
0.2258,47,0,0.1098,,12,0,2,0,1.0,0
4.0816,58,0,0.438,5795.0,8,0,1,0,1.0,0
0.2879,63,0,0.4154,5089.0,8,0,0,0,1.0,0
0.1485,77,0,0.0388,15424.0,5,0,1,0,0.0,0
0.5345,46,0,0.5054,8005.0,6,0,0,0,2.0,0
0.0191,71,0,0.3797,,10,0,0,0,0.0,0
0.0995,44,0,0.421,2298.0,5,0,0,0,,0
0.77,44,0,0.8783,6848.0,7,0,2,0,0.0,0
0.0274,49,0,0.2555,4932.0,9,0,2,0,0.0,0
3.2862,54,2,0.5762,2906.0,10,2,1,0,0.0,0
0.4086,63,0,0.9582,,9,0,1,0,0.0,0
0.0059,51,0,0.2551,10639.0,12,0,2,0,0.0,0
2.4302,45,0,0.4728,7766.0,11,0,1,0,0.0,0
0.2722,40,0,0.1373,1985.0,9,0,0,0,1.0,0
0.2104,60,0,0.527,5166.0,6,0,1,0,0.0,0
0.4582,53,0,0.4685,2057.0,7,0,1,0,2.0,0
0.1831,56,0,0.0692,5171.0,13,0,0,0,0.0,0
0.3088,58,0,0.8703,16295.0,7,0,1,0,0.0,0
6.2816,72,0,0.4627,9293.0,6,0,0,0,1.0,0
0.1333,68,0,0.0652,,4,0,0,0,1.0,0
0.8249,62,0,0.7461,2865.0,9,0,0,0,0.0,0
0.0646,50,0,0.7189,,8,0,0,0,1.0,0
6.9628,34,2,0.2846,1455.0,7,0,2,0,2.0,0
0.4144,45,0,0.0964,6978.0,5,0,2,0,1.0,0
0.0111,51,0,0.2124,6403.0,11,0,0,0,0.0,0
0.0116,42,0,0.4658,2225.0,6,0,1,0,0.0,0
0.8847,60,1,0.4088,2014.0,12,0,1,0,0.0,0
0.3846,53,0,0.2927,6789.0,13,0,2,0,1.0,0
0.2564,39,0,0.72,11750.0,10,0,0,0,1.0,0
0.2511,71,0,1.3212,9653.0,5,0,2,0,0.0,1
0.338,58,0,0.2697,5505.0,12,0,0,0,1.0,0
0.8821,53,0,0.2353,,11,0,0,0,0.0,0
0.3671,67,0,0.56,8613.0,5,0,2,0,1.0,0
0.3083,41,4,0.0502,2910.0,10,0,0,2,1.0,0
0.2242,43,0,1.1263,10647.0,11,0,1,0,1.0,0
0.331,47,0,0.2138,2843.0,5,0,1,0,0.0,0
0.5184,59,0,0.4901,12812.0,7,0,1,0,1.0,0
0.1049,57,0,0.2394,2561.0,7,0,0,0,0.0,0
0.7236,95,0,0.7444,,5,0,0,0,3.0,0
0.2428,38,0,0.4878,9030.0,5,0,3,0,1.0,0
0.3783,53,0,1.0036,7653.0,12,0,0,0,0.0,0
0.2867,48,0,1.0454,9842.0,9,0,1,0,2.0,0
0.6018,58,0,0.6059,2447.0,8,0,0,0,0.0,0
0.9227,64,0,0.4572,7068.0,7,0,1,0,0.0,0
3.1375,55,0,0.3483,7459.0,10,0,1,0,0.0,0
0.5364,57,0,0.348,3540.0,9,0,2,0,0.0,0
0.0504,47,0,0.5107,9440.0,3,0,0,0,0.0,0
0.1466,75,0,0.0251,16132.0,11,0,3,0,0.0,0
0.3087,45,0,0.3926,10792.0,11,0,2,0,0.0,0
0.0115,21,0,0.7882,2177.0,9,0,0,0,1.0,0
0.8399,44,0,0.1396,6554.0,12,0,2,0,5.0,0
0.2009,85,0,0.7542,,5,0,2,0,1.0,0
0.4871,35,0,0.8227,6104.0,9,0,2,0,0.0,0
0.9924,59,1,0.4917,8821.0,7,0,2,2,0.0,0
0.0961,41,0,0.5368,,9,0,0,0,4.0,0
0.1103,59,0,0.0662,4684.0,5,0,0,0,1.0,0
0.2737,67,0,0.4213,2976.0,7,0,0,0,2.0,0
0.105,46,0,0.1408,4041.0,9,0,0,0,0.0,0
2.6748,70,0,0.5648,5592.0,9,0,1,0,0.0,1
0.6765,67,0,0.639,,6,0,0,0,,0
0.3949,56,0,0.3902,5616.0,7,0,0,0,1.0,0
2.3253,51,0,1.2317,6503.0,14,0,1,0,2.0,0
3.9018,49,0,0.332,3175.0,8,0,3,0,0.0,0
0.047,41,0,0.6005,,5,0,0,0,0.0,0
0.152,36,0,0.7855,4939.0,11,0,1,0,0.0,0
0.4191,60,0,0.5329,7222.0,6,0,0,0,0.0,0
2.8271,57,0,0.2414,,9,0,0,0,1.0,1
0.2776,58,0,0.1506,,5,0,2,0,0.0,0
4.0488,66,0,0.2959,5736.0,8,0,1,0,0.0,0
0.218,52,0,0.5682,,4,0,1,0,2.0,0
0.2724,71,0,0.2442,4137.0,6,0,1,0,0.0,0
0.2266,29,0,0.9313,8504.0,9,0,1,0,1.0,0
0.5361,77,0,0.6625,3512.0,8,0,1,0,2.0,0
0.2812,52,0,0.0976,4916.0,10,0,1,0,2.0,0
0.3279,42,0,0.1021,,9,0,1,0,1.0,0
0.1157,50,0,0.7004,8257.0,6,0,1,0,2.0,0
0.4817,74,0,0.7758,9171.0,6,0,1,0,1.0,0
0.177,43,0,0.2865,2601.0,6,0,0,0,1.0,0
0.8397,53,0,0.2074,4749.0,7,0,0,0,1.0,0
0.6547,38,0,0.5191,3172.0,11,0,1,0,1.0,0
0.1212,58,0,0.7648,9897.0,6,0,2,0,0.0,0
0.4141,70,0,0.434,16025.0,10,0,3,0,2.0,0
0.269,56,0,0.6444,8735.0,7,0,1,0,0.0,0
0.8656,47,0,0.4007,13105.0,6,0,2,0,2.0,0
0.1613,46,0,0.4752,2484.0,8,0,0,0,2.0,0
0.0787,54,0,0.663,6822.0,8,0,2,0,1.0,0
0.2198,60,0,0.4204,,12,0,1,0,1.0,0
5.2899,64,0,0.5848,,5,0,4,0,0.0,0
0.0757,37,0,0.3299,,9,0,2,0,0.0,0
0.4597,45,0,0.3716,4584.0,5,0,1,0,0.0,0
0.3334,72,0,0.1381,,6,0,0,0,2.0,0
0.0631,59,0,0.1861,,9,0,0,0,1.0,0
0.3419,54,0,0.1252,8247.0,6,0,1,0,2.0,0
1.1587,63,0,0.774,2903.0,7,0,1,0,1.0,0
0.054,21,0,0.8365,1508.0,1,0,0,0,0.0,0
0.0401,61,0,0.5798,3146.0,9,0,2,0,2.0,0
0.5275,87,0,0.4363,6997.0,8,0,2,0,2.0,0
0.4524,53,0,0.432,,4,0,1,0,1.0,0
0.332,56,0,0.5907,10780.0,11,0,1,0,1.0,0
0.0269,47,0,0.5133,4939.0,9,0,0,0,2.0,0
0.1016,39,0,0.7451,6050.0,10,0,1,0,0.0,0
0.0019,45,0,0.5935,3952.0,11,0,1,0,0.0,0
0.53,65,0,0.1592,2773.0,7,0,2,1,0.0,0
1.5351,60,0,0.3334,3174.0,6,0,0,0,0.0,0
2.7303,40,0,0.3954,2627.0,10,0,1,0,2.0,0
0.4127,43,0,0.8375,4573.0,15,0,2,0,2.0,0
1.3071,43,0,0.3904,,5,0,3,0,0.0,0
0.6863,54,0,0.39,2573.0,7,0,1,0,0.0,0
0.2911,49,0,0.648,2368.0,14,0,1,0,0.0,0
0.5948,51,0,0.0955,10498.0,12,0,1,0,0.0,0
2.3573,37,0,0.2505,,5,0,0,0,3.0,0
0.1661,75,0,1.0993,,5,0,0,0,0.0,1
0.2495,56,0,0.0322,8855.0,15,0,1,0,0.0,0
0.6219,45,0,0.1744,8352.0,3,0,1,0,1.0,0
0.3366,41,0,0.1748,12613.0,8,0,0,0,0.0,0
0.0825,47,0,0.7677,7431.0,12,0,3,0,1.0,0
2.8397,68,0,0.5099,2280.0,8,0,3,0,1.0,0
0.5074,73,0,0.1621,9738.0,12,0,0,0,1.0,0
0.2076,43,0,0.4852,6634.0,14,0,1,0,2.0,0
2.4671,46,2,0.6386,11234.0,11,2,1,1,0.0,0
0.4384,29,0,0.293,8464.0,8,0,0,0,1.0,0
7.2774,29,0,0.3932,9970.0,8,0,1,0,0.0,0
0.5968,54,0,0.5996,12161.0,6,0,1,0,1.0,0
0.2427,48,0,0.4463,2330.0,6,0,1,0,0.0,0
0.2104,47,0,0.3772,7657.0,7,0,0,0,1.0,0
0.3657,45,0,0.4333,28669.0,8,0,0,0,2.0,0
0.133,56,0,0.2235,3590.0,12,0,0,0,0.0,0
0.5006,54,0,0.1647,11639.0,8,0,0,0,0.0,0
0.1945,67,0,0.6868,6029.0,10,0,0,0,1.0,0
0.4321,88,0,0.4258,8937.0,13,0,1,0,0.0,0
0.6034,37,0,0.3462,4218.0,11,0,0,0,0.0,0
6.6248,35,0,0.7091,,12,0,0,0,2.0,0
0.4924,75,0,0.5134,16835.0,8,0,0,0,1.0,0
0.1813,51,0,0.5658,,5,0,1,0,4.0,0
3.0913,63,0,0.2254,7934.0,6,0,1,0,0.0,0
0.4734,36,1,0.5065,6328.0,6,0,2,2,0.0,0
0.2639,37,0,1.0822,2718.0,6,0,1,0,1.0,0
0.4271,64,0,0.4084,3751.0,4,0,1,0,1.0,0
0.8849,34,0,0.8858,2934.0,4,0,3,0,0.0,0
0.3322,72,0,0.8328,5821.0,10,0,2,0,0.0,0
0.222,64,1,0.3563,15162.0,11,2,0,3,2.0,0
1.6956,42,3,0.6193,3192.0,5,2,1,0,0.0,0
0.6394,74,0,0.5305,,9,0,1,0,1.0,1
0.362,60,0,0.647,10029.0,11,0,1,0,1.0,0
0.3081,49,0,0.6003,,9,0,2,0,0.0,0
0.3651,53,0,0.3211,969.0,13,0,3,0,3.0,0
0.2174,25,0,0.2415,6843.0,5,0,3,0,2.0,0
0.6513,33,0,0.4246,,8,0,0,0,0.0,0
0.1132,63,0,0.1002,4709.0,5,0,5,0,1.0,0
0.0771,55,0,0.2061,2478.0,5,0,0,0,1.0,0
0.6769,73,0,0.7992,6883.0,7,0,1,0,0.0,0
5.0954,58,0,0.0991,,5,0,0,0,1.0,0
0.5423,35,0,0.2736,,11,0,2,0,1.0,0
0.2797,38,0,0.6985,2304.0,7,0,1,0,0.0,0
0.6677,41,0,0.2117,,7,0,1,0,2.0,0
0.2452,44,0,0.1075,23649.0,6,0,1,0,1.0,0
0.3067,54,0,0.2087,2351.0,7,0,0,0,1.0,0
0.2782,69,0,0.1644,,7,0,1,0,0.0,0
0.6726,61,0,0.3409,8752.0,8,0,1,0,2.0,0
0.5765,70,0,0.7264,16560.0,8,0,2,0,0.0,0
0.3268,58,0,0.2488,6984.0,8,0,2,0,0.0,0
0.166,46,0,0.2521,7332.0,9,0,1,0,0.0,0
0.3309,33,0,0.5583,,9,0,1,0,0.0,0
0.8753,61,0,1.1388,1457.0,8,0,0,0,0.0,0
0.2996,51,0,0.2433,18219.0,7,0,3,0,0.0,0
0.5583,63,0,0.3584,4844.0,5,0,2,0,0.0,0
11.2884,44,0,0.322,6203.0,6,0,1,0,0.0,0
1.5553,75,0,0.5587,9827.0,11,0,1,0,0.0,0
0.5193,75,1,0.7157,3992.0,8,1,2,0,0.0,0
0.5137,40,0,0.7101,11237.0,5,0,0,0,2.0,0
0.0804,57,0,0.1858,5593.0,12,0,0,0,,0
0.3378,30,0,0.3037,4442.0,10,0,2,0,1.0,0
0.8165,41,3,0.2303,9839.0,10,0,0,0,0.0,0
0.0717,40,0,0.4963,3108.0,10,0,2,0,2.0,0
0.4972,44,0,0.4217,,9,0,1,0,0.0,0
0.3086,48,0,0.8732,,5,0,0,0,0.0,0
0.9937,41,0,0.3646,8007.0,11,0,0,0,0.0,0
0.1919,54,0,1.0963,,5,0,1,0,1.0,0
0.1205,31,0,0.2617,4812.0,10,0,0,0,1.0,0
0.948,66,0,0.1599,3268.0,7,0,1,0,0.0,0
0.409,37,0,0.739,7933.0,6,0,1,0,0.0,0
0.4722,50,0,0.2326,,7,0,1,0,1.0,0
0.6986,46,0,0.397,3938.0,7,0,0,0,1.0,0
0.4127,66,0,0.4863,1924.0,6,0,0,0,2.0,0
0.234,47,0,0.5952,,6,0,1,0,,0
3.85,72,1,0.6783,6165.0,9,0,2,0,0.0,0
0.3413,57,0,0.3129,,9,0,2,0,0.0,0
4.6199,39,0,0.4485,7073.0,8,0,2,0,1.0,0
1.4421,49,0,0.671,3733.0,6,0,0,0,1.0,0
1.0501,51,0,0.4695,4535.0,10,0,2,0,0.0,0
3.3625,62,0,0.9678,6131.0,6,0,0,0,0.0,0
0.3965,54,0,0.2573,,13,0,1,0,1.0,0
0.3211,49,0,0.3786,,7,0,1,0,1.0,0
0.4151,41,0,0.6055,4496.0,5,0,0,0,1.0,0
0.2281,59,0,0.2205,7480.0,7,0,0,0,0.0,0
1.2912,47,0,0.5464,5139.0,13,0,1,0,0.0,0
0.0225,42,0,0.6337,3127.0,6,0,0,0,2.0,0
1.33,38,0,0.2361,6656.0,12,3,0,1,0.0,0
0.3573,66,0,0.3691,6114.0,9,0,1,0,0.0,0
1.2774,31,2,0.6398,5877.0,5,0,2,0,1.0,0
0.4793,59,0,0.2937,3374.0,11,0,2,0,1.0,0
0.1148,52,0,0.1991,1422.0,5,0,1,0,0.0,0
1.4141,44,0,0.2779,9676.0,9,0,0,0,1.0,0
1.195,42,0,0.1295,1781.0,13,0,3,0,1.0,0
2.685,52,0,0.215,8419.0,12,0,1,0,4.0,0
0.1626,44,0,0.6039,3508.0,8,0,3,0,0.0,0
0.0729,44,0,0.2897,6986.0,6,0,1,0,0.0,0
0.1553,66,0,1.3488,13811.0,13,0,0,0,2.0,0
0.7887,50,2,0.5012,4788.0,9,0,2,1,0.0,0
0.5558,52,0,1.0459,,2,0,2,0,0.0,0
1.4618,41,2,0.8656,9372.0,4,0,1,0,1.0,0
0.3152,66,0,0.5583,2984.0,14,0,1,0,1.0,0
4.4324,69,0,0.4759,16767.0,6,0,0,0,0.0,0
0.0763,55,0,0.1451,6587.0,11,0,2,0,0.0,0
0.2317,72,0,0.717,,10,0,0,0,2.0,0
0.0634,44,0,0.2121,4593.0,6,0,1,0,0.0,0
0.2816,65,0,0.3043,5475.0,9,0,0,0,0.0,0
0.2089,47,0,0.2019,,7,0,1,0,0.0,0
0.2935,45,0,0.8098,5088.0,13,0,2,0,1.0,0
1.1513,72,0,0.9923,,7,0,1,0,1.0,0
0.5535,47,0,0.4948,,7,0,0,0,2.0,0
2.4627,39,0,0.5592,,5,0,0,0,1.0,0
0.6401,27,0,0.3762,1145.0,8,0,1,0,0.0,1
0.453,52,0,0.1521,,8,0,2,0,2.0,0
0.4909,38,0,0.647,,8,0,1,0,1.0,0
3.4301,80,1,0.7671,5316.0,6,0,0,0,1.0,0
2.4536,76,0,0.7659,5741.0,9,0,0,0,0.0,0
0.0313,21,0,0.8202,4422.0,10,0,1,0,1.0,0
1.324,75,0,0.5535,4648.0,6,0,1,0,1.0,0
0.6234,41,0,0.5034,3539.0,11,0,0,0,1.0,0
0.2064,70,0,0.9803,,10,0,1,0,1.0,0
2.2788,67,0,0.7861,3639.0,11,0,1,0,1.0,1
5.7571,71,0,0.7666,6992.0,11,0,0,0,0.0,0
0.7683,77,0,0.5713,,10,0,4,0,4.0,0
0.305,36,0,0.6494,,9,0,1,0,1.0,0
0.8788,37,0,0.1967,3040.0,8,0,1,0,1.0,0
0.756,63,0,0.3646,4616.0,7,0,0,0,3.0,0
0.8004,54,0,0.4374,6741.0,10,0,2,0,1.0,0
2.3547,61,0,0.2231,2819.0,11,0,1,0,1.0,0
0.1589,47,0,0.2609,9073.0,5,0,3,0,2.0,0
8.7208,64,0,0.5743,6688.0,12,0,0,0,0.0,0
0.4453,34,0,0.2428,9119.0,14,0,0,0,1.0,0
0.1896,79,0,0.1912,,7,0,1,0,1.0,0
0.3143,87,0,0.3222,2858.0,10,0,0,0,1.0,0
0.7607,27,0,0.3217,2900.0,10,0,1,0,0.0,0
0.2839,74,0,0.808,16627.0,6,0,0,0,0.0,0
0.1853,28,0,0.1803,6897.0,7,0,0,0,0.0,1
0.4851,60,0,0.796,3264.0,12,0,2,0,0.0,0
0.5654,39,0,0.7752,,10,0,0,0,1.0,0
0.1093,58,0,0.1247,2687.0,8,0,1,0,0.0,0
0.332,34,0,0.2743,2622.0,8,0,1,0,0.0,0
0.3201,58,0,0.3345,7406.0,14,0,0,0,0.0,0
1.0835,49,0,0.463,2759.0,12,0,2,0,2.0,0
0.7991,48,0,0.5596,3789.0,5,0,2,0,1.0,0
0.1733,57,0,0.4728,4960.0,11,0,1,0,2.0,0
0.0948,28,0,0.5253,3674.0,8,0,0,0,1.0,0
0.701,61,0,0.0441,,8,0,1,0,0.0,0
0.4358,48,0,0.8188,,8,0,0,0,0.0,0
0.5225,30,0,0.4369,9785.0,5,0,0,0,1.0,0
0.1796,62,0,0.5952,,5,0,1,0,0.0,0
0.5468,43,0,0.1333,2551.0,7,0,0,0,0.0,0
1.068,51,0,0.0232,5984.0,7,0,0,0,2.0,1
0.0583,57,0,0.9757,1937.0,12,0,1,0,1.0,0
0.5429,51,0,0.5654,1734.0,9,0,1,0,1.0,0
1.7184,52,0,0.5659,1737.0,16,0,1,0,2.0,0
0.1919,60,0,0.2988,6582.0,6,0,0,0,3.0,0
0.7057,48,1,0.3559,1834.0,3,0,0,0,1.0,0
0.2029,66,0,0.1493,,11,0,1,0,1.0,0
0.2511,68,0,0.6038,4394.0,10,0,1,0,1.0,0
0.2163,44,0,1.0365,1305.0,9,0,0,0,3.0,0
0.4248,44,0,0.5602,5581.0,5,0,2,0,1.0,0
2.3113,61,3,0.7326,,10,1,1,1,0.0,0
0.2126,75,0,0.2049,,10,0,0,0,1.0,0
0.0645,67,0,0.347,7301.0,10,0,1,0,1.0,0
0.2868,39,0,0.5073,7913.0,11,0,4,0,2.0,0
0.557,48,0,0.1758,8109.0,5,0,0,0,0.0,0
0.0921,41,0,1.0204,13748.0,8,0,1,0,1.0,0
0.0003,73,0,0.5903,,9,0,0,0,1.0,0
0.3507,58,0,0.5306,,9,0,1,0,,0
0.1043,38,0,0.5706,7769.0,21,0,0,0,1.0,0
0.2238,46,0,0.6388,3684.0,7,0,1,0,1.0,0
0.4741,39,0,0.397,4165.0,7,0,2,0,0.0,0
0.0664,46,0,0.8232,20896.0,7,0,0,0,3.0,0
0.0416,60,0,0.3704,5948.0,8,0,0,0,1.0,0
0.2827,43,0,1.0284,1233.0,7,0,1,0,2.0,0
0.2746,53,0,0.2622,5153.0,14,0,0,0,0.0,0
0.3341,56,0,0.6308,3079.0,5,0,1,0,0.0,0
0.8779,25,0,0.5103,4518.0,11,0,1,0,,0
0.1836,28,0,0.8233,,10,0,1,0,2.0,0
0.3385,45,0,0.1201,5679.0,7,0,1,0,1.0,0
0.2839,40,0,0.4355,4213.0,10,0,1,0,1.0,0
0.3796,58,0,1.0586,12949.0,4,0,1,0,0.0,0
0.3986,47,0,0.2821,7689.0,5,0,2,0,0.0,0
0.6899,62,0,0.3869,3096.0,7,0,0,0,2.0,0
0.1888,59,0,0.4059,9937.0,12,0,1,0,1.0,0
2.7135,64,0,0.0318,6316.0,8,0,1,0,,0
0.7663,45,0,0.2206,4257.0,4,0,0,0,0.0,0
0.2131,49,0,0.4431,1041.0,5,0,2,0,0.0,0
0.4637,80,0,0.0826,2898.0,7,0,1,0,0.0,0
1.4734,37,0,0.1691,1767.0,8,0,1,0,0.0,0
0.8181,61,0,0.1961,3727.0,6,0,1,0,1.0,0
0.5956,66,0,0.8368,6496.0,11,0,1,0,1.0,0
0.8418,59,0,0.9841,9744.0,5,0,0,0,1.0,0
0.3486,65,0,0.6956,27753.0,10,0,2,0,0.0,0
0.0333,52,0,0.4933,,3,0,1,0,0.0,0
0.1589,59,0,0.3528,,5,0,1,0,1.0,0
0.884,55,0,0.8332,3476.0,8,0,1,0,2.0,0
0.2586,32,0,0.8332,6615.0,7,0,1,0,0.0,0
0.2656,49,0,0.5356,,8,0,1,0,2.0,0
5.655,31,0,0.2873,4047.0,5,0,0,0,1.0,0
0.2157,61,1,0.0807,4281.0,6,0,1,0,0.0,0
0.0841,55,0,0.1275,4294.0,7,0,2,0,1.0,0
0.6931,65,0,0.4225,4087.0,9,0,0,0,1.0,0
2.3986,36,0,0.1963,,6,0,2,0,0.0,0
8.354,53,0,0.671,,10,0,1,0,1.0,0
0.0125,54,0,0.6375,2773.0,9,0,0,0,2.0,0
1.0877,80,0,1.095,14547.0,7,0,2,0,1.0,0
1.026,49,0,0.6983,1942.0,5,0,3,0,1.0,0
8.3719,44,0,0.5445,2442.0,2,0,2,0,0.0,0
0.0769,52,0,0.3489,20936.0,9,0,1,0,1.0,0
0.7475,75,0,0.6316,10770.0,7,0,0,0,1.0,0
0.3625,64,0,0.31,,7,0,0,0,,0
0.5086,61,0,0.7995,2458.0,12,0,2,0,0.0,0
1.7059,49,0,0.7237,1896.0,12,0,0,0,0.0,1
0.0816,49,0,0.4769,4225.0,11,0,4,0,1.0,0
2.1997,73,0,0.5202,2561.0,4,0,1,0,0.0,1
2.9125,46,0,1.0593,5038.0,7,0,1,0,0.0,0
0.5291,45,0,0.6788,5567.0,8,0,1,0,1.0,0
0.4396,28,0,0.3389,4175.0,6,0,0,0,1.0,0
0.3513,30,0,0.6592,5597.0,11,0,0,0,2.0,0
0.2846,68,0,0.7903,10340.0,3,0,1,0,1.0,0
0.0877,24,0,0.2875,13588.0,4,0,0,0,1.0,0
0.2015,75,0,0.1423,1859.0,8,0,1,0,0.0,0
0.4043,48,0,0.4318,,7,0,1,0,0.0,0
0.0896,57,0,0.7306,,9,0,0,0,0.0,0
0.6482,67,0,1.1458,,12,0,1,0,1.0,0
0.0625,44,0,0.2685,21326.0,8,0,1,0,1.0,0
0.103,60,0,0.6511,,11,0,0,0,3.0,0
0.2093,38,0,0.218,,11,0,2,0,1.0,0
0.2234,43,0,0.214,,6,0,0,0,0.0,0
0.022,58,0,0.342,3630.0,12,0,2,0,0.0,0
0.9219,58,0,0.2226,8770.0,6,0,2,0,0.0,0
0.0491,57,0,0.6841,3728.0,6,0,2,0,1.0,0
0.6396,73,0,0.1213,,11,0,0,0,0.0,1
0.0131,51,0,0.5751,5740.0,7,0,3,0,0.0,0
0.2204,75,0,0.2635,1617.0,9,0,3,0,0.0,0
3.9345,53,0,0.0944,,7,0,0,0,0.0,0
0.1387,60,0,0.4533,5639.0,6,0,1,0,0.0,0
0.0943,62,0,0.6774,2029.0,10,0,1,0,0.0,0
0.4161,45,0,0.6995,,8,0,0,0,0.0,0
0.2202,55,0,0.7982,3800.0,12,0,1,0,0.0,0
1.0404,32,0,0.4088,8900.0,9,0,1,0,0.0,0
0.3544,54,0,0.1003,,6,0,0,0,2.0,0
1.0444,53,0,0.8181,4801.0,2,0,1,0,0.0,0
0.3775,60,0,0.4839,,5,0,2,3,1.0,0
0.4235,50,0,0.3552,,10,0,3,0,0.0,0
1.814,77,0,0.816,7851.0,8,0,2,0,0.0,0
2.7275,28,1,0.4302,1512.0,4,0,1,0,4.0,0
0.7704,36,0,0.4796,3305.0,8,0,1,0,0.0,0
0.5419,39,0,0.5904,4705.0,11,0,0,0,0.0,0
2.4532,51,0,0.7424,2963.0,11,0,1,0,1.0,0
0.3687,41,0,0.5274,5862.0,5,0,2,0,2.0,0
0.2228,36,0,0.7568,14415.0,15,0,1,0,1.0,0
0.4822,45,0,0.0492,18210.0,4,0,2,0,0.0,0
0.2842,31,0,0.2962,,8,0,2,0,1.0,0
0.5479,57,0,0.5732,3710.0,6,0,1,0,0.0,0
0.5718,56,0,0.7807,3390.0,13,0,1,0,1.0,0
2.6343,34,0,0.1206,4005.0,10,0,1,0,1.0,0
0.4064,64,0,0.6308,5867.0,5,0,0,0,2.0,0
0.5227,33,0,0.6367,,11,0,1,0,0.0,0
0.0586,44,0,0.4578,2222.0,5,0,1,0,0.0,0
0.1592,55,0,0.5929,3079.0,11,0,0,0,2.0,0
0.2349,53,0,0.4584,,10,0,1,0,1.0,0
0.0314,30,0,0.0482,7924.0,9,0,1,0,1.0,0
5.357,58,0,0.3061,13287.0,4,0,0,0,1.0,0
0.144,51,0,0.5855,8942.0,11,0,0,0,1.0,0
0.3047,79,0,1.2601,8858.0,5,0,1,0,0.0,0
0.4861,60,0,0.5629,11637.0,8,0,1,0,0.0,0
0.5437,73,0,0.2466,4543.0,11,0,1,0,1.0,0
0.4799,39,0,0.4639,4943.0,10,0,0,0,1.0,0
0.6995,30,0,0.1515,11420.0,6,0,1,0,1.0,0
0.3757,71,0,0.2993,7526.0,11,0,1,0,1.0,0
0.4033,57,0,0.5456,2687.0,6,0,1,0,1.0,0
0.4061,78,0,0.7798,,5,0,1,0,,0
0.3153,68,0,0.1228,,8,0,0,0,0.0,0
0.567,67,0,0.415,1868.0,4,0,2,0,0.0,0
0.9066,58,0,0.6682,3513.0,6,0,1,0,1.0,0
0.8504,40,0,0.8131,,5,0,0,0,1.0,1
7.15,38,0,0.3791,8927.0,6,0,0,0,0.0,0
3.6893,24,0,0.6883,6393.0,4,0,1,0,0.0,0
2.964,45,0,0.101,3363.0,9,0,0,0,2.0,0
2.32,52,0,0.3574,6648.0,5,0,1,0,0.0,0
0.4204,51,0,0.4276,7991.0,5,0,6,0,0.0,0
0.4707,52,0,0.3031,1415.0,7,0,3,0,2.0,0
1.7572,22,1,0.2995,10303.0,7,0,1,1,0.0,0
0.8027,55,0,0.8014,3861.0,13,0,0,0,1.0,0
1.5044,73,0,0.3579,9616.0,9,0,3,0,1.0,0
0.4561,41,0,1.1852,4244.0,11,0,0,0,2.0,1
0.2589,32,0,0.422,,10,0,1,0,0.0,0
0.1045,30,0,0.4456,2286.0,8,0,2,0,1.0,0
0.1429,43,0,0.2647,5221.0,7,0,6,0,1.0,0
0.12,47,0,0.6899,5656.0,9,1,1,3,0.0,0
4.5369,55,0,0.7879,,9,0,0,0,0.0,0
0.4375,63,0,0.8826,5188.0,6,0,0,0,1.0,0
0.2494,38,0,0.6481,1602.0,12,0,0,0,1.0,0
0.1772,45,0,0.4426,4779.0,6,0,0,0,1.0,0
0.1682,29,0,0.629,10551.0,15,0,1,0,0.0,0
2.9374,60,0,0.5793,6508.0,11,0,2,0,0.0,0
0.71,46,0,0.3079,3866.0,7,0,2,0,1.0,0
0.5188,49,0,0.3037,4246.0,7,0,1,0,0.0,0
0.0087,70,0,0.5025,,9,0,1,0,1.0,0
3.4069,53,0,0.2923,4435.0,8,0,1,0,0.0,0
0.4957,76,0,0.6313,7592.0,6,0,1,0,1.0,0
0.2907,62,0,0.1454,1947.0,10,0,0,0,,0
0.159,46,0,0.3429,,5,0,0,0,0.0,0
0.1935,36,0,0.5843,6382.0,3,0,2,0,0.0,0
0.4867,50,0,0.974,,10,0,2,0,0.0,0
0.0704,66,0,0.3329,18841.0,8,0,0,0,0.0,0
0.1552,32,0,0.8306,1816.0,9,0,0,0,,0
1.1644,43,0,1.1153,7305.0,14,0,2,0,2.0,0
0.6916,40,0,0.4386,6149.0,13,0,2,0,0.0,0
0.6221,46,0,0.3177,8021.0,5,0,0,0,0.0,0
0.8161,57,0,0.4726,9943.0,9,0,0,0,0.0,0
0.2583,55,0,0.7065,6511.0,6,0,2,0,1.0,0
0.2106,54,0,0.0965,5042.0,9,0,0,0,1.0,0
0.9049,32,0,0.3147,4275.0,8,0,0,0,0.0,0
3.2611,62,0,0.5284,8978.0,9,0,0,0,1.0,0
0.1032,66,0,1.0254,9767.0,6,0,0,0,2.0,0
0.1273,49,0,0.3645,6114.0,7,0,0,0,0.0,0
0.3746,39,0,0.378,,5,0,0,0,0.0,0
0.2204,63,0,0.4072,8101.0,7,0,1,0,0.0,0
0.0922,71,0,0.4903,,10,0,2,0,0.0,0
0.1378,57,0,0.877,10207.0,10,0,1,0,0.0,0
0.5676,42,0,0.3005,2407.0,10,0,1,0,1.0,0
0.694,37,0,0.9227,4929.0,11,0,0,0,0.0,1
0.0255,60,0,0.2775,2523.0,5,0,2,0,1.0,0
0.2485,30,0,0.2806,9453.0,12,0,1,0,0.0,0
0.9492,32,0,0.4165,9405.0,4,0,0,0,0.0,0
0.0045,55,0,0.164,11220.0,10,0,3,0,0.0,0
2.1581,74,0,0.3927,6085.0,6,0,0,0,2.0,0
0.2939,68,0,0.7746,10633.0,8,0,1,0,0.0,0
0.2378,57,0,0.3098,4460.0,9,0,3,0,0.0,0
0.1081,23,0,0.9932,,5,0,2,0,0.0,0
0.6631,21,0,0.3642,3354.0,7,0,0,0,1.0,0
0.0835,50,0,0.2848,6023.0,4,0,1,0,1.0,1
0.6999,77,0,0.6157,,5,0,0,0,0.0,0
0.4009,40,0,0.243,4708.0,9,0,1,0,1.0,0
0.5682,64,0,1.1035,8474.0,7,0,2,0,1.0,0
0.834,56,0,0.1313,8714.0,6,0,1,0,2.0,0
0.1483,44,0,0.2157,2927.0,4,0,2,0,0.0,0
0.7568,46,0,0.4459,2207.0,10,0,3,0,1.0,0
0.6553,28,0,0.6224,6779.0,10,0,0,0,2.0,0
0.6376,58,0,0.2423,3832.0,8,0,1,0,1.0,0
0.3963,43,0,0.246,4962.0,4,0,1,0,0.0,0
1.0435,64,1,0.2086,5066.0,12,0,0,0,1.0,0
1.8224,49,1,1.1332,8844.0,9,0,1,0,0.0,0
4.2878,48,0,0.0445,9359.0,5,0,1,0,2.0,0
0.3906,22,0,0.6427,29599.0,13,0,1,0,0.0,0
0.179,56,0,0.4873,12884.0,11,0,3,0,4.0,0
0.0024,59,0,0.4393,6233.0,7,0,0,0,1.0,0
0.1581,70,0,0.1304,8579.0,10,0,1,0,1.0,0
0.8524,40,0,0.6358,7558.0,4,0,0,0,0.0,0
0.063,56,0,0.5341,,8,0,2,0,2.0,0
0.4847,58,0,1.0558,9643.0,9,0,0,0,1.0,0
0.5401,34,0,0.0607,12625.0,9,0,0,0,1.0,0
0.0317,43,0,0.1562,4257.0,9,0,3,0,0.0,0
0.0305,35,0,1.0677,3006.0,6,0,1,0,3.0,0
0.0392,37,0,0.6994,4992.0,5,0,0,0,3.0,0
0.8404,46,0,0.3459,7660.0,4,0,1,0,1.0,0
0.0987,42,0,0.227,,7,1,0,1,0.0,0
0.6061,52,0,0.3398,2244.0,6,0,0,0,1.0,0
2.0907,61,0,0.7366,3802.0,13,0,1,0,1.0,0
0.5597,60,0,0.1397,5538.0,8,0,0,0,1.0,0
0.3769,63,0,0.5909,,8,0,2,0,2.0,0
0.5658,48,0,0.7827,,10,0,2,0,1.0,0
0.3825,45,0,0.9196,15742.0,6,0,1,0,1.0,0
4.7015,35,0,0.7082,7575.0,8,0,2,0,1.0,0
0.7627,62,0,0.0834,3826.0,7,0,1,0,1.0,0
0.2384,66,0,0.3972,12121.0,11,0,1,0,1.0,0
0.0864,70,0,0.2538,2084.0,8,0,0,0,0.0,0
0.2992,56,0,1.1652,6565.0,7,0,0,0,0.0,0
0.758,45,0,0.4623,,11,0,1,0,0.0,1
0.3318,37,0,0.4149,,8,0,0,0,0.0,0
0.2308,33,0,0.2633,5387.0,6,0,0,0,1.0,0
3.2367,25,0,0.1354,3682.0,8,0,0,0,3.0,0
0.0505,66,1,0.9598,9375.0,6,0,0,0,1.0,0
2.149,57,0,0.6147,8778.0,9,0,1,2,3.0,0
0.0446,85,0,0.735,12124.0,8,0,2,0,0.0,0
0.3241,50,1,0.7682,,9,0,1,0,0.0,0
0.2665,53,0,0.6201,6355.0,10,0,0,0,1.0,0
0.7487,57,0,0.134,,13,0,0,0,1.0,0
0.2685,60,0,0.9143,,9,0,0,0,1.0,0
0.6019,43,0,0.2909,3249.0,10,0,2,0,2.0,0
0.0316,51,0,0.8528,10293.0,9,0,0,0,0.0,0
5.3382,63,0,1.0211,11574.0,8,0,0,0,2.0,0
0.2374,74,0,0.3061,10448.0,8,0,1,0,0.0,0
0.3408,39,0,0.6073,5046.0,7,0,0,0,1.0,0
0.3389,55,0,0.5618,9817.0,6,0,1,0,1.0,0
0.4075,53,0,0.1039,8123.0,13,0,1,0,0.0,0
0.3274,48,0,0.3196,,9,0,1,0,0.0,0
0.6094,66,0,0.2059,2062.0,9,0,0,0,2.0,0
0.0435,84,0,0.7868,13880.0,12,0,2,0,0.0,0
0.0943,57,0,0.8551,10869.0,8,0,2,0,1.0,0
0.2023,41,0,0.0656,2338.0,9,0,1,0,0.0,0
0.5302,32,0,0.6089,4738.0,11,0,0,0,1.0,0
0.5592,51,0,0.543,4321.0,7,0,1,0,0.0,1
0.0425,65,0,0.1871,2763.0,7,0,0,0,1.0,0
0.5245,49,0,0.4942,1828.0,12,0,0,0,1.0,0
0.219,56,0,0.3639,9107.0,14,0,1,0,,0
0.3539,79,0,0.6211,3095.0,11,0,1,0,2.0,0
0.7176,61,0,0.5398,10695.0,4,0,1,0,1.0,0
0.1692,53,0,0.2947,3526.0,6,0,0,0,0.0,0
0.1288,33,0,0.7752,4043.0,8,0,1,0,0.0,0
2.4355,63,0,0.5864,9658.0,9,0,3,0,4.0,0
1.7194,60,0,0.2981,2705.0,9,0,3,0,0.0,0
1.0054,64,0,0.5082,2967.0,8,0,1,0,0.0,1
0.3782,34,0,0.5595,,6,0,0,0,0.0,0
0.2401,52,0,0.2619,8032.0,8,0,3,0,0.0,0
0.2594,60,0,0.5099,7290.0,5,0,0,0,1.0,0
0.5401,31,0,0.1106,1140.0,8,0,3,0,2.0,0
0.0832,54,0,0.3368,6069.0,7,0,2,0,0.0,0
0.5553,67,0,0.7971,6704.0,7,0,2,0,,0
0.2876,43,0,0.432,4062.0,10,0,1,0,1.0,0
0.6838,67,0,0.1092,3161.0,8,0,4,0,0.0,0
0.5381,52,0,0.5046,9136.0,5,0,1,0,0.0,0
4.3256,53,0,0.4969,8161.0,9,0,0,0,0.0,0
0.0609,66,3,0.2077,,10,0,0,0,0.0,0
4.8338,42,0,0.6752,3431.0,4,0,3,0,1.0,0
0.7456,34,0,0.2154,3772.0,10,0,4,0,1.0,0
0.5728,48,0,0.3249,2483.0,5,0,1,0,1.0,0
0.6081,57,0,0.9162,5770.0,7,0,1,0,0.0,0
0.6801,57,0,0.9464,,6,0,0,0,0.0,0
0.0909,56,0,0.5241,2828.0,4,0,3,0,0.0,0
0.5384,42,0,0.8902,11883.0,11,0,1,0,0.0,0
0.1316,59,0,0.5722,4717.0,6,0,3,0,1.0,0
0.1574,51,0,0.5136,5331.0,9,0,2,0,1.0,0
1.01,73,0,0.8521,7301.0,5,0,1,0,1.0,0
0.2121,64,0,0.4955,2718.0,6,0,1,0,1.0,0
0.429,59,0,0.3118,3678.0,9,0,1,0,0.0,0
0.8278,49,0,0.8485,7687.0,5,0,5,0,0.0,0
0.192,47,0,0.7153,6259.0,6,0,0,0,2.0,0
0.5419,49,0,0.7951,2848.0,7,0,1,0,2.0,0
0.3091,56,0,0.3047,6754.0,8,0,0,0,1.0,0
0.6554,66,0,0.6676,2725.0,9,0,1,0,1.0,0
0.0081,31,0,0.654,4719.0,6,0,0,0,1.0,0
0.1682,45,0,0.9601,4576.0,7,0,1,0,1.0,0
0.1439,69,0,0.2527,,6,0,1,0,0.0,0
0.0717,44,0,0.293,8002.0,5,0,1,0,2.0,0
0.5149,40,0,0.449,9831.0,7,0,0,0,0.0,0
0.3798,67,0,0.2351,2625.0,4,0,1,0,0.0,0
0.1857,59,0,0.6193,13528.0,6,0,0,0,1.0,0
0.0119,55,0,0.1855,7240.0,17,0,0,0,0.0,0
0.5277,61,3,0.2866,5106.0,9,0,0,3,0.0,0
0.2497,48,0,0.1576,5750.0,4,0,0,0,1.0,0
0.4675,52,0,0.1463,9617.0,8,0,0,0,0.0,0
0.5051,53,1,0.657,876.0,14,0,1,3,1.0,0
0.1775,47,0,0.0928,3490.0,9,0,2,0,3.0,0
0.0019,47,0,0.3847,6722.0,5,0,1,0,1.0,0
0.2458,40,0,0.148,,12,0,1,0,1.0,0
0.2483,45,0,0.7103,2740.0,14,0,2,0,1.0,0
0.2705,46,0,0.8478,20318.0,8,0,0,0,2.0,0
0.4287,26,0,0.2839,,8,0,0,0,2.0,0
0.285,60,1,0.4324,2906.0,8,0,1,0,1.0,0
0.7252,56,0,0.4676,18460.0,8,0,0,0,2.0,0
0.6441,73,0,0.2235,,8,0,1,0,1.0,0
0.8397,34,0,0.2836,,5,0,0,0,0.0,0
0.7934,38,0,0.2976,,11,0,0,0,1.0,0
0.8134,65,1,0.1845,7692.0,9,0,2,0,0.0,0
0.2092,35,3,0.8831,,5,0,0,2,0.0,0
0.3797,51,0,0.3414,,9,0,1,0,1.0,0
0.2786,49,0,0.5299,3747.0,7,0,0,0,0.0,0
0.3213,73,0,0.1524,1838.0,9,0,1,0,0.0,0
0.4715,51,0,0.6628,9310.0,7,0,1,0,3.0,0
0.1628,51,0,0.0616,4276.0,10,0,0,0,0.0,0
0.0894,55,0,0.7615,3856.0,6,0,2,0,0.0,0
0.3627,40,0,0.2807,,5,0,1,0,1.0,0
0.6022,45,0,0.7853,,8,0,1,0,0.0,0
0.1927,37,0,0.1248,12992.0,8,0,1,0,1.0,0
0.1036,61,0,0.5192,,6,0,1,0,0.0,0
0.608,62,0,0.1961,1707.0,11,0,2,0,1.0,0
0.4029,40,0,0.7223,3803.0,6,0,0,0,1.0,0
0.5989,48,0,0.4558,3419.0,7,0,1,0,3.0,0
0.4758,54,0,0.4893,8874.0,8,0,1,0,0.0,0
0.4742,33,0,0.9538,4788.0,7,0,0,0,0.0,0
0.5342,59,0,0.7902,,8,0,1,0,0.0,0
0.6214,37,0,0.3353,5523.0,9,0,1,0,1.0,1
0.0132,28,0,0.4623,2771.0,7,0,2,0,1.0,1
0.2888,53,0,0.2196,,6,0,1,0,2.0,0
0.8424,60,0,0.3061,5022.0,9,0,0,0,2.0,0
0.6673,65,0,0.707,3455.0,7,0,0,0,2.0,0
1.3541,58,0,1.0065,3547.0,6,0,2,0,0.0,0
0.2126,42,0,0.6435,7531.0,6,0,1,0,0.0,0
0.0959,78,0,0.2511,2868.0,7,0,0,0,0.0,0
2.9132,53,0,0.4544,4882.0,10,0,1,0,2.0,0
0.1241,39,0,1.1158,5312.0,6,0,0,0,0.0,0
2.7328,66,0,0.8164,1321.0,8,0,0,0,1.0,0
0.8911,56,0,0.289,5337.0,5,0,0,0,1.0,0
0.2533,80,0,0.1614,,10,0,1,0,0.0,0
0.1876,74,0,0.7869,9113.0,7,0,2,0,2.0,0
0.2511,46,0,0.0483,7757.0,11,0,0,0,3.0,0
0.7268,35,0,1.2021,5451.0,3,0,0,0,0.0,0
0.4795,45,1,0.7388,4899.0,9,0,1,1,0.0,0
0.0624,21,0,0.5115,2625.0,12,0,0,0,0.0,0
0.1258,52,0,0.0264,3609.0,12,0,3,0,2.0,0
0.2451,66,0,0.7843,4791.0,11,0,1,0,1.0,0
0.6238,52,0,0.3948,7773.0,7,0,1,0,1.0,1
0.5463,59,0,0.1388,3280.0,13,0,3,0,1.0,0
1.0277,63,0,0.0734,,8,0,1,0,0.0,0
0.7735,73,1,0.6017,12144.0,11,0,2,0,3.0,0
0.1528,54,0,0.7087,6061.0,3,0,0,0,3.0,0
0.6571,49,0,0.6227,914.0,3,0,0,0,1.0,0
0.5488,44,0,0.8153,9717.0,5,0,0,0,1.0,0
0.3329,74,0,0.2318,2906.0,7,0,1,0,0.0,0
2.7449,44,0,0.8088,5293.0,11,0,1,0,2.0,0
0.4183,78,0,0.3967,5720.0,6,0,0,0,0.0,0
1.6993,47,0,0.3008,13878.0,10,0,2,0,0.0,0
0.1328,40,0,0.3165,3198.0,6,0,0,0,1.0,0
0.4041,58,0,0.4694,,11,0,2,0,0.0,0
0.3985,55,0,0.4176,4973.0,8,0,0,0,1.0,0
0.1957,29,0,0.6642,1333.0,7,0,2,0,1.0,0
0.1276,62,0,0.5542,5387.0,7,0,1,0,1.0,0
0.5829,26,0,0.6382,6101.0,9,0,1,0,2.0,0
1.2965,77,0,0.6308,4394.0,14,0,1,0,1.0,0
0.2919,32,0,0.5471,3218.0,7,0,3,0,0.0,0
0.565,56,0,0.6678,9867.0,11,0,1,0,0.0,0
0.1204,60,0,0.404,,9,0,1,0,1.0,0
0.0766,65,0,1.2666,1894.0,4,0,1,0,0.0,0
0.399,32,0,0.4009,6268.0,9,0,1,0,1.0,0
0.4653,59,0,0.8914,4578.0,5,0,1,0,2.0,0
0.0964,37,0,0.8119,,8,0,0,0,1.0,0
1.1272,56,0,0.5951,12901.0,7,0,1,0,0.0,0
4.0924,25,0,0.5686,8964.0,4,0,1,0,1.0,0
0.4827,59,0,0.5588,7233.0,9,0,2,0,1.0,0
0.5346,70,0,0.6086,4935.0,8,0,1,0,0.0,0
0.314,48,0,0.1618,6373.0,6,0,1,0,0.0,0
2.5443,53,0,0.6481,,8,0,0,0,1.0,0
0.8683,61,0,0.3324,6405.0,11,0,0,0,0.0,0
0.642,57,0,0.3262,4717.0,10,0,2,0,1.0,0
0.0422,30,0,0.6083,2559.0,8,0,2,0,5.0,0
3.6702,35,0,0.1559,,10,0,3,0,0.0,0
0.172,46,0,0.1539,3655.0,8,0,0,0,0.0,0
0.0504,54,0,0.6682,,7,0,0,0,2.0,0
0.8053,45,0,0.9503,3618.0,5,0,0,0,1.0,0
0.5229,53,0,0.1322,8012.0,8,0,1,0,1.0,0
0.549,66,1,0.2324,3427.0,7,1,1,1,0.0,0
0.2525,47,0,0.708,2695.0,11,0,1,0,0.0,0
0.1998,37,0,0.0074,5248.0,5,0,1,0,1.0,0
0.3583,59,0,0.6434,4171.0,13,0,0,0,2.0,0
0.3966,69,0,0.5871,2769.0,8,0,2,0,2.0,0
0.1443,56,0,0.4839,12793.0,11,0,1,0,2.0,0
0.0634,45,0,0.5505,,7,0,0,0,2.0,0
0.4863,50,0,0.4406,,6,0,1,0,1.0,0
0.5579,45,0,0.2567,,9,0,2,0,1.0,0
0.4759,56,0,0.349,9217.0,15,0,0,0,1.0,0
1.4505,22,0,0.7769,4331.0,5,0,0,0,0.0,0
4.4025,53,0,0.6929,3778.0,8,0,0,0,0.0,0
2.3035,50,0,0.4111,,7,0,1,0,0.0,0
1.1323,65,0,0.3288,7929.0,10,0,1,0,0.0,0
0.4071,32,0,0.1595,4878.0,9,0,0,0,,0
0.3303,36,0,0.5722,5551.0,6,0,0,0,1.0,0
0.1882,57,0,0.5956,2247.0,6,0,1,0,0.0,0
0.7326,70,0,0.3615,3740.0,5,0,3,0,0.0,0
0.3079,50,0,0.1331,,5,0,1,0,0.0,0
0.4672,49,0,0.7209,2952.0,11,0,0,0,1.0,0
1.183,41,1,0.331,,3,0,0,0,0.0,0
0.5944,53,0,0.1272,,6,0,0,0,0.0,0
0.6072,38,0,0.2932,1683.0,10,0,0,0,3.0,0
0.6883,33,0,0.5675,3682.0,7,0,0,0,0.0,0
0.4027,60,0,0.1778,1862.0,9,0,2,0,1.0,0
0.7471,40,0,0.7256,2403.0,8,0,1,0,1.0,0
0.1525,61,0,0.2389,,15,0,1,0,0.0,0
0.4759,51,0,0.3792,13279.0,6,0,0,0,1.0,0
0.2494,66,0,0.1288,6323.0,9,0,2,0,1.0,0
1.6725,37,0,0.6152,3761.0,6,0,2,0,2.0,0
0.0866,63,0,0.6253,2161.0,4,0,1,0,1.0,0
0.4198,52,0,0.3652,8660.0,7,0,1,0,0.0,0
0.3834,31,0,0.8451,,7,0,3,0,0.0,0
0.3289,42,0,0.3643,19350.0,4,0,0,0,0.0,0
0.5175,42,0,0.3644,,11,0,0,0,2.0,0
0.1776,58,0,0.2265,2447.0,9,0,2,0,1.0,0
0.0307,39,0,0.6974,,8,0,0,0,2.0,0
0.8756,35,0,0.28,6719.0,10,0,1,0,0.0,1
0.1998,46,0,0.3175,9915.0,7,0,0,0,0.0,0
0.2016,65,0,0.2898,3971.0,4,0,1,0,2.0,0
7.8378,54,0,0.2159,4111.0,5,0,0,2,2.0,0
2.632,48,0,0.482,3215.0,8,0,0,0,0.0,0
0.0025,60,0,0.3282,25329.0,11,0,1,0,,0
0.0962,38,0,0.2379,4451.0,11,0,3,0,0.0,0
0.4311,77,0,0.5045,13698.0,5,0,1,0,0.0,0
0.1867,75,0,0.4692,10404.0,8,0,1,0,1.0,0
0.1089,45,0,0.3071,4132.0,7,0,0,0,3.0,0
1.9677,53,0,0.1768,15128.0,7,0,3,0,0.0,0
0.1393,50,0,0.4404,,6,0,0,0,0.0,0
0.4257,44,0,0.7509,11463.0,7,0,3,0,1.0,0
0.1152,65,0,0.2411,,12,0,0,0,1.0,0
0.4431,31,0,0.6057,6410.0,10,0,0,0,1.0,0
0.9183,47,2,0.3786,,7,0,1,0,1.0,0
0.7016,59,0,0.0662,3979.0,7,0,1,0,2.0,0
0.2808,74,0,0.57,3463.0,9,0,0,0,0.0,0
0.4327,71,0,0.0475,3174.0,11,0,0,0,2.0,0
4.8854,42,0,0.393,7723.0,12,0,0,0,1.0,0
0.1529,41,0,0.5724,4805.0,14,0,1,0,0.0,0
0.5234,46,0,0.6254,5157.0,14,0,1,0,0.0,1
0.0561,72,0,0.3102,,11,0,1,0,0.0,0
0.138,57,0,0.4029,9593.0,7,0,1,0,1.0,0
0.8596,92,0,0.3912,4074.0,14,0,1,0,0.0,0
0.1823,61,0,0.5474,2447.0,11,0,1,0,1.0,0
0.6085,75,0,0.672,,5,0,1,0,0.0,1
0.3599,50,0,0.4532,6176.0,6,0,1,0,0.0,0
0.6309,40,0,0.5924,2433.0,9,0,1,0,2.0,1
0.191,85,0,0.4601,4341.0,6,0,0,0,1.0,0
0.1234,33,1,0.4432,6189.0,6,0,0,0,0.0,1
0.0199,56,0,0.6497,,11,0,1,0,0.0,0
0.3644,53,0,0.2735,,10,0,2,0,1.0,0
0.0592,43,0,0.4342,3416.0,4,0,0,0,,0
0.8383,57,0,0.3848,4953.0,4,0,1,0,1.0,0
0.4371,50,0,0.594,6986.0,9,0,0,0,1.0,0
1.2521,40,0,0.3497,5275.0,7,0,1,0,0.0,0
0.0425,34,0,0.6149,2209.0,8,0,0,0,1.0,0
0.3379,58,0,0.0372,,4,0,0,0,0.0,0
0.6792,41,0,0.7564,1927.0,7,0,0,0,0.0,0
0.4906,44,0,0.4354,4972.0,5,0,1,0,0.0,0
0.4044,40,0,0.4706,10875.0,6,0,1,0,1.0,0
0.7132,41,0,0.6896,,9,0,2,0,2.0,0
0.4014,50,0,0.3158,5850.0,7,0,0,0,0.0,0
0.1568,34,0,0.9299,,8,0,0,0,1.0,0
0.5512,47,1,0.3605,,7,0,1,0,1.0,0
0.5443,60,1,0.9798,3415.0,9,0,0,1,1.0,0
0.3923,60,0,0.3229,3329.0,7,0,3,0,0.0,0
0.0752,45,0,0.7295,5987.0,13,0,2,0,1.0,0
0.4054,41,0,0.9584,3777.0,5,0,1,0,0.0,0
0.1848,68,0,0.2198,3054.0,11,0,1,0,2.0,0
0.1877,57,0,0.1025,6401.0,6,0,2,0,1.0,0
0.7318,59,0,0.3576,,8,0,1,0,0.0,0
0.942,69,0,0.1034,4675.0,7,0,1,0,0.0,1
0.1244,66,0,0.8703,9157.0,8,0,0,0,0.0,0
0.0057,64,0,0.5821,4544.0,6,0,2,0,3.0,0
0.3548,27,0,0.6971,4074.0,9,0,0,0,0.0,0
0.0624,44,0,0.0731,7224.0,7,0,1,0,0.0,0
0.2618,33,0,0.1626,,7,0,0,0,,0
0.9858,71,0,0.6122,,10,0,2,0,0.0,1
0.3551,47,0,0.59,6419.0,6,0,0,0,0.0,0
0.3324,41,0,0.4669,6203.0,3,0,1,0,1.0,0
3.0814,56,0,0.1159,8234.0,5,0,2,0,0.0,0
0.2624,60,0,0.7625,3272.0,9,0,0,0,1.0,0
0.6343,58,0,0.6439,4655.0,6,0,1,0,0.0,0
1.4646,52,0,0.2695,7683.0,8,0,3,0,1.0,0
0.473,68,0,0.5543,7032.0,12,0,3,0,1.0,0
0.5346,47,0,0.1666,3393.0,9,0,2,0,0.0,0
0.1675,31,0,0.3822,9882.0,8,0,2,0,4.0,0
1.2583,46,0,0.7593,10591.0,8,0,1,0,2.0,0
0.3224,46,0,0.0804,,8,0,2,0,2.0,0
0.7996,61,0,0.2763,3453.0,10,0,1,0,1.0,0
0.5637,65,0,0.649,6831.0,7,0,0,0,1.0,0
0.5984,41,0,0.5947,8000.0,7,0,1,0,0.0,0
1.156,22,0,0.5375,3108.0,7,0,2,0,0.0,1
2.0867,79,0,0.0654,,12,0,2,0,1.0,0
0.1192,55,0,0.6029,3891.0,9,0,0,0,1.0,0
0.2278,23,0,0.3806,4875.0,11,0,1,0,,0
0.8246,29,0,1.0619,,11,0,1,0,1.0,1
0.4583,55,0,0.8517,3462.0,8,0,0,0,0.0,0
1.3221,45,0,0.0509,5774.0,8,0,0,0,1.0,0
0.543,69,0,0.6512,4540.0,11,0,1,0,0.0,0
0.4071,45,0,0.2051,,8,0,0,0,0.0,0
0.0909,51,0,0.6026,,4,0,0,0,0.0,0
0.5113,43,0,0.649,3537.0,5,0,5,0,0.0,1
0.9927,50,0,0.0886,4205.0,8,0,1,0,2.0,0
0.3238,53,0,0.9625,5575.0,6,0,1,0,1.0,0
0.7293,71,0,0.3991,5430.0,4,0,1,0,1.0,0
0.5645,56,0,0.4894,,8,0,0,0,2.0,0
0.046,53,0,0.4118,4999.0,11,0,1,0,0.0,0
0.3196,62,0,0.2586,3314.0,7,0,0,0,1.0,0
0.8758,70,0,0.8716,,4,0,2,0,1.0,0
0.1658,33,0,0.1318,5973.0,5,0,0,0,0.0,0
0.6342,43,0,0.3592,,5,0,2,0,2.0,0
6.7596,55,0,0.8286,6709.0,6,0,1,0,3.0,0
0.0227,52,0,0.5306,3623.0,9,0,2,0,0.0,0
0.0807,43,0,0.2735,,9,0,1,0,2.0,0
0.2561,25,0,0.3196,7006.0,9,0,0,0,0.0,0
0.1548,48,0,0.3869,22409.0,8,0,2,0,1.0,0
0.2664,57,0,0.2109,,6,0,4,0,0.0,0
0.6716,72,0,1.0009,,8,0,1,0,0.0,1
0.4424,52,0,0.5486,6670.0,7,0,1,0,1.0,0
0.1042,52,0,0.2077,4198.0,13,0,0,0,0.0,0
1.1359,41,0,0.9387,6822.0,4,0,2,0,0.0,0
0.5747,52,0,0.3139,9058.0,9,0,0,0,2.0,0
0.9974,45,0,0.4808,3720.0,7,0,0,0,1.0,1
0.0066,60,0,0.5535,2647.0,8,0,1,0,1.0,0
0.4234,58,0,1.0188,1849.0,4,0,0,0,0.0,0
0.0637,72,0,0.6279,7182.0,8,0,1,0,0.0,0
1.2258,56,0,0.561,3659.0,8,0,1,0,3.0,0
0.9803,60,1,0.2087,,7,0,2,1,0.0,0
0.7993,33,0,1.0025,13562.0,9,0,0,0,0.0,0
0.7411,57,0,0.6162,3049.0,3,0,1,0,0.0,0
0.1052,62,0,0.8117,6529.0,8,0,1,0,0.0,0
0.1373,54,0,0.2184,2938.0,11,0,1,0,1.0,0
0.0072,51,0,0.6323,,4,0,1,0,1.0,0
0.376,50,0,0.6984,3377.0,6,0,0,0,1.0,0
0.1149,75,0,0.4865,2075.0,3,0,0,0,0.0,0
0.1942,29,0,0.3517,,6,0,2,0,0.0,0
2.1181,70,0,0.1274,,6,0,1,0,2.0,0
0.4684,58,0,0.3877,3956.0,5,0,0,0,2.0,0
0.5308,45,0,0.1062,8782.0,4,0,2,0,0.0,0
0.5177,60,0,0.895,8294.0,9,0,1,0,0.0,0
0.2065,58,0,0.5001,8815.0,6,0,0,0,0.0,0
1.6611,38,0,0.246,,6,0,0,0,0.0,0
0.6842,67,0,0.4986,17711.0,6,0,1,0,1.0,0
0.226,55,0,0.9103,7093.0,7,0,2,0,0.0,0
0.3971,41,0,0.2668,4562.0,5,0,1,0,0.0,0
0.5947,74,0,0.4883,5181.0,9,0,3,0,0.0,1
0.1753,61,0,0.7726,5406.0,11,0,1,0,0.0,0
0.5264,58,0,0.8751,3780.0,4,0,3,0,0.0,0
0.2583,67,0,0.6914,6788.0,9,0,4,0,1.0,0
0.409,52,0,0.864,9003.0,9,0,1,0,0.0,0
0.6811,64,0,0.5784,9432.0,9,0,0,0,0.0,0
0.2862,63,0,0.3084,2527.0,7,0,3,0,0.0,0
0.0393,44,0,0.1568,6880.0,11,0,1,0,1.0,0
0.2594,50,0,1.1714,5705.0,9,0,0,0,,0
0.3287,46,0,0.3956,8466.0,8,0,2,0,0.0,0
0.7326,72,0,0.6502,5806.0,9,0,1,0,2.0,0
5.2669,31,0,0.6959,6270.0,6,0,1,0,0.0,0
0.3432,57,0,0.8601,6657.0,11,0,1,0,,0
1.1795,71,0,0.3653,13969.0,7,0,3,0,2.0,0
0.8346,35,2,0.6284,5463.0,6,0,1,1,0.0,0
0.0438,53,0,0.3306,6138.0,9,0,0,0,0.0,0
0.4852,69,0,0.8126,13362.0,3,0,2,0,0.0,0
0.168,47,0,0.5825,2822.0,6,0,1,0,1.0,0
0.2415,54,0,0.2565,12359.0,13,0,1,0,3.0,0
0.3058,49,0,0.0935,,8,0,1,0,1.0,0
0.3632,39,0,0.1653,3614.0,8,0,1,0,0.0,0
0.7766,47,0,0.4381,4460.0,10,0,1,0,0.0,0
2.0184,43,1,0.3875,5848.0,12,1,1,2,1.0,0
0.0891,30,0,0.5591,6185.0,4,0,0,0,0.0,0
0.4544,72,0,0.5156,7122.0,9,0,1,0,2.0,0
0.2171,58,0,0.9303,5346.0,6,0,1,0,1.0,0
0.2261,47,0,1.0512,4541.0,4,0,0,0,1.0,0
0.4102,45,0,0.385,,4,0,0,0,0.0,0
0.5221,46,0,0.8852,8106.0,4,0,2,0,0.0,0
0.7357,41,0,0.387,8059.0,8,0,0,0,2.0,0
0.152,47,0,0.5402,4109.0,13,0,2,0,1.0,0
0.5184,39,0,0.2881,,6,0,0,0,0.0,0
0.373,62,0,0.8248,4493.0,6,0,0,0,0.0,0
4.3739,26,0,0.2045,1223.0,6,0,0,0,0.0,0
0.1174,55,0,0.7302,8746.0,9,0,0,0,2.0,0
0.8301,40,0,0.048,,10,0,0,0,1.0,0
0.3693,65,0,1.2099,,14,0,0,0,1.0,0
0.1444,50,0,0.2091,,4,0,0,0,1.0,0
0.5581,57,0,0.4183,9637.0,7,0,0,0,1.0,0
0.5284,43,0,0.367,2746.0,7,0,1,0,0.0,0
0.1169,70,0,0.1503,3228.0,9,0,0,0,2.0,0
0.4739,35,0,0.3201,7348.0,6,0,0,0,0.0,0
1.2276,43,0,0.9372,,9,0,1,0,0.0,0
0.6492,38,0,0.1825,1221.0,7,0,3,0,2.0,0
0.4637,51,0,1.2772,19360.0,12,0,2,0,1.0,0
0.0918,53,0,0.6239,3642.0,11,0,1,0,1.0,0
0.6705,34,0,0.4397,3399.0,6,0,0,0,0.0,0
0.0332,37,0,0.5436,16924.0,4,0,1,0,1.0,0
0.1909,36,0,0.3207,6435.0,7,0,0,0,0.0,0
0.199,31,0,0.4975,,4,0,0,0,0.0,0
0.398,42,0,0.57,10204.0,11,0,2,0,1.0,0
0.5395,76,0,1.101,8842.0,10,0,1,0,2.0,0
0.4009,54,0,0.5866,10400.0,11,0,1,0,1.0,0
0.7936,43,0,0.572,,7,0,0,0,3.0,1
0.1558,48,0,0.6983,14969.0,11,0,3,0,1.0,0
0.0668,30,0,0.7399,3884.0,7,0,1,0,0.0,0
0.3521,31,0,0.8414,1708.0,12,0,1,0,1.0,0
0.5986,40,0,0.2083,2067.0,8,0,1,0,0.0,1
0.8368,34,0,0.2606,9309.0,5,0,2,0,0.0,0
0.7583,64,1,0.3579,12916.0,5,0,1,1,1.0,0
0.0701,78,0,0.2615,8350.0,13,0,2,0,0.0,0
0.0357,64,0,0.0492,4090.0,8,0,0,0,3.0,0
1.4176,41,0,0.6581,,13,0,1,0,1.0,0
0.152,52,1,0.5826,12184.0,6,0,1,0,0.0,0
5.0879,59,0,0.3478,,6,0,0,0,1.0,0
0.7248,58,0,0.5132,16230.0,3,0,1,0,0.0,0
0.1449,73,0,0.3404,7566.0,12,0,1,0,0.0,0
0.3133,35,0,0.2685,1973.0,14,0,0,0,1.0,0
0.3314,54,0,0.43,9887.0,8,0,0,0,1.0,0
0.0844,51,0,0.2718,10570.0,8,0,0,0,1.0,0
0.454,47,0,0.6059,9831.0,8,0,0,0,0.0,0
0.2387,30,0,0.4449,3405.0,10,0,1,0,0.0,0
0.4389,32,0,0.469,,6,0,1,0,0.0,0
0.4746,70,0,0.3898,4575.0,14,0,0,0,0.0,0
0.2207,64,0,0.2944,7351.0,9,0,2,0,2.0,0
0.2285,36,0,0.434,5180.0,8,0,2,0,1.0,0
2.4421,27,0,0.1115,4353.0,4,0,1,0,2.0,0
0.1336,52,0,0.9304,,7,0,1,0,2.0,0
0.8712,51,0,0.4035,6330.0,10,0,0,0,1.0,0
4.8711,29,0,0.1916,2747.0,9,0,1,0,0.0,0
0.2002,81,0,0.2472,12245.0,8,0,1,0,1.0,0
0.6326,69,0,0.4985,,3,0,2,0,1.0,1
0.7985,37,0,0.7968,2830.0,11,0,3,0,1.0,0
0.3767,70,0,0.2573,9911.0,9,0,0,0,3.0,0
0.7354,55,2,0.2938,1873.0,3,0,1,1,1.0,0
0.2837,62,0,0.4589,4184.0,9,0,1,0,0.0,0
2.8997,40,0,0.4966,11043.0,4,0,1,0,1.0,0
4.8141,61,0,0.0539,8383.0,6,0,0,0,0.0,0
0.4041,83,0,0.7939,,7,0,2,0,,1
0.5286,69,0,0.1573,7049.0,4,0,1,0,1.0,1
0.2584,62,0,0.3159,2645.0,10,0,2,0,1.0,0
0.4467,26,0,0.5877,7649.0,15,0,0,0,0.0,0
4.5491,64,0,0.468,3857.0,13,0,0,0,0.0,0
0.7529,58,0,0.9761,3811.0,8,0,0,0,2.0,0
0.4676,41,0,0.3141,3961.0,7,0,4,0,3.0,0
0.2521,47,0,0.5621,,7,0,0,0,0.0,0
0.6958,51,0,0.4263,2460.0,4,0,1,0,0.0,0
1.3235,60,0,1.0103,3652.0,5,0,1,0,0.0,0
0.6408,32,0,0.8066,2345.0,8,0,2,0,0.0,0
0.4031,53,0,0.3904,14353.0,9,0,0,0,1.0,0
0.4396,74,0,0.6762,3275.0,6,0,3,0,0.0,1
0.3275,59,0,0.464,9180.0,5,0,2,0,2.0,0
1.0547,37,0,0.4018,6609.0,11,0,0,0,0.0,0
0.0168,56,0,0.4616,2314.0,8,0,0,0,1.0,0
0.366,59,0,0.8217,2696.0,7,0,2,0,0.0,0
2.6758,23,0,0.6262,3348.0,6,0,1,0,1.0,1
1.9428,56,0,0.0907,3890.0,5,0,0,0,2.0,0
5.1317,52,0,0.9563,3598.0,7,0,1,0,,0
0.0106,30,0,0.6018,2919.0,4,0,2,0,,0
0.2863,79,0,0.0874,11432.0,5,0,0,0,0.0,1
0.3587,56,0,0.2592,3293.0,9,0,1,0,1.0,0
0.3287,49,0,0.4885,9893.0,5,0,0,0,1.0,0
0.8086,40,0,0.7497,6224.0,13,0,0,0,1.0,0
0.3084,54,0,0.9663,8821.0,12,0,1,0,0.0,0
0.0958,58,0,0.1437,2841.0,11,0,2,0,0.0,0
1.2251,71,0,0.6193,,9,0,4,0,1.0,0
0.4069,50,0,0.7324,6252.0,6,0,0,0,2.0,0
0.7833,33,0,0.1467,6425.0,1,0,1,0,0.0,0
0.4471,51,0,0.3881,4362.0,8,0,3,0,2.0,0
0.5716,51,0,0.6195,,7,0,0,0,0.0,0
0.2106,75,0,0.8162,4376.0,11,0,1,0,0.0,0
3.314,56,0,0.3784,10860.0,5,0,0,0,1.0,0
0.1751,57,0,0.3239,5128.0,8,0,1,0,0.0,0
0.5265,44,0,0.7368,8463.0,5,0,2,0,1.0,0
0.3419,57,0,1.0586,17449.0,1,0,0,0,1.0,0
2.2816,40,0,0.3147,2890.0,0,0,0,0,1.0,0
0.7118,54,0,0.6388,6394.0,7,0,0,0,1.0,0
0.839,63,0,0.2092,4643.0,9,0,1,0,0.0,0
0.1808,52,0,0.6488,,9,0,1,0,0.0,0
0.111,67,0,0.8779,1948.0,1,0,1,0,0.0,0
0.1186,71,0,0.1013,9226.0,7,0,2,0,2.0,0
0.4045,68,0,0.6444,,12,0,0,0,0.0,0
0.1006,53,0,0.2234,6121.0,8,0,0,0,0.0,0
0.2073,39,0,0.2834,,7,0,1,0,1.0,0
0.6554,38,0,0.4135,11379.0,9,0,1,0,1.0,0
0.6259,60,0,0.6078,,3,0,0,0,0.0,1
0.3755,56,0,0.5348,,12,0,0,0,,0
1.8399,51,0,0.4604,2647.0,5,0,1,0,1.0,1
0.2622,45,1,0.2006,18644.0,9,0,1,0,2.0,0
2.0259,52,0,0.3936,6151.0,6,0,0,0,1.0,0
1.0415,33,0,0.7777,2895.0,8,0,1,0,0.0,0
0.0477,43,0,0.2642,2989.0,5,0,0,0,0.0,0
0.9701,49,0,0.5399,6079.0,7,0,1,0,0.0,0
0.6368,62,0,0.2602,7095.0,10,0,1,0,1.0,0
0.1536,66,3,0.1532,1653.0,12,0,2,1,5.0,0
0.2814,25,0,0.0191,10324.0,6,0,3,0,1.0,0
1.0635,30,1,0.5919,5378.0,8,2,0,0,3.0,0
0.3092,62,0,0.639,7522.0,12,0,0,0,0.0,0
0.2888,53,1,0.5827,2097.0,8,0,2,2,0.0,0
0.1274,61,0,0.2659,5152.0,4,0,1,0,0.0,0
0.7444,43,4,0.4622,11635.0,2,0,2,1,0.0,0
0.3787,44,0,0.2694,8209.0,6,0,2,0,1.0,0
0.6877,42,1,0.7417,6389.0,10,0,0,2,1.0,0
6.6715,21,0,0.1856,,8,0,1,0,1.0,0
0.8868,36,0,0.412,6213.0,7,0,0,0,1.0,0
0.0536,37,0,0.2995,6642.0,5,0,2,0,0.0,1
0.6654,39,0,0.8936,,10,0,0,0,1.0,0
0.4426,38,0,0.526,8900.0,9,0,0,0,1.0,0
1.1256,39,0,0.2265,9012.0,9,0,1,0,1.0,0
0.4257,49,0,0.3093,4294.0,7,0,1,0,0.0,0
1.0282,60,0,0.6032,7725.0,5,0,0,0,0.0,0
0.5284,21,0,0.0663,3159.0,4,0,2,0,1.0,0
0.5373,39,2,0.1201,10610.0,7,0,0,1,2.0,0
0.7944,39,0,0.6609,4479.0,7,0,0,0,3.0,1
0.0984,31,0,0.7895,6158.0,6,0,1,0,0.0,0
0.4285,68,0,0.1531,5058.0,4,0,0,0,1.0,0
0.1017,36,0,0.3851,7812.0,10,0,3,0,,0
1.0249,58,0,0.4542,4409.0,10,0,0,0,0.0,0
0.7548,41,1,1.1658,13629.0,7,0,0,0,2.0,0
1.1187,70,0,0.811,10135.0,6,0,1,0,0.0,0
2.5671,40,0,0.1493,10748.0,8,0,1,0,0.0,0
5.2566,39,0,0.0464,24044.0,6,0,0,0,0.0,0
0.2394,49,0,0.8739,5402.0,15,0,2,0,1.0,0
0.0474,73,0,0.9507,12922.0,14,0,1,0,0.0,0
0.599,59,0,0.6187,7628.0,8,0,1,0,0.0,0
2.3442,43,0,0.4888,6670.0,7,0,0,0,0.0,0
0.2834,54,0,0.3522,4387.0,5,0,0,0,1.0,0
0.7896,44,0,0.0904,2106.0,9,0,1,0,2.0,0
4.5609,73,0,0.9224,,6,0,1,0,1.0,0
0.4927,63,0,0.6835,5290.0,6,0,0,0,0.0,0
1.2792,51,0,0.4873,7899.0,7,0,1,0,2.0,0
0.1704,55,0,0.4853,2591.0,10,0,0,0,4.0,0
1.0309,43,0,0.1138,7936.0,7,0,1,0,2.0,0
0.4766,52,0,1.0364,,13,0,2,0,2.0,0
0.3966,60,0,0.3944,9405.0,9,0,0,0,1.0,0
0.004,64,0,0.4922,15565.0,6,0,2,0,0.0,0
1.2691,46,0,0.6315,9368.0,5,0,1,0,0.0,0
0.4998,22,0,0.1485,12201.0,10,0,0,0,0.0,0
0.8499,62,0,0.3914,7912.0,8,0,3,0,2.0,0
0.8934,43,0,0.0711,11378.0,13,0,1,0,2.0,0
5.6205,64,0,0.7086,,11,0,2,0,0.0,0
0.4236,31,1,0.278,7750.0,7,0,3,0,1.0,0
5.2568,57,0,0.0389,965.0,8,0,0,0,1.0,0
0.4309,49,0,0.4279,4037.0,6,0,2,0,1.0,0
0.2801,46,0,0.5196,1652.0,6,0,3,0,2.0,0
0.2659,72,0,0.5745,5365.0,8,0,0,0,2.0,0
0.2849,42,1,0.7876,5057.0,9,0,0,1,1.0,0
0.5354,71,0,0.7373,,8,0,0,0,1.0,0
0.066,82,0,0.2227,,9,0,2,0,0.0,0
2.6911,34,0,0.5791,,2,0,2,0,0.0,1
0.5422,39,0,0.505,2399.0,7,0,1,0,0.0,0
2.8875,50,0,0.6411,6475.0,6,0,1,0,1.0,0
0.4432,49,0,0.3393,14930.0,10,0,1,0,1.0,0
0.6604,67,0,0.2884,1939.0,5,0,1,0,0.0,0
0.5191,67,0,0.6657,12138.0,4,0,2,0,1.0,0
0.0329,45,0,0.159,3778.0,5,0,2,0,0.0,0
0.9992,41,0,0.5883,3117.0,8,0,2,0,0.0,0
0.4547,47,0,0.7738,5740.0,10,0,1,0,1.0,0
0.4215,55,0,0.5273,,7,0,2,0,1.0,0
0.6325,36,0,0.53,,7,0,1,0,0.0,0
0.0679,34,0,0.5895,4427.0,11,0,0,0,0.0,0
0.0828,41,0,0.3438,4581.0,7,0,0,0,,0
0.9721,46,0,0.9693,4249.0,6,0,0,0,1.0,1
0.1633,47,0,0.0889,7594.0,7,0,3,0,0.0,0
0.6487,24,0,0.3756,3387.0,11,0,3,0,0.0,0
1.4685,46,0,0.1659,1395.0,5,0,1,0,0.0,0
0.4384,34,0,0.3946,5708.0,6,0,0,0,2.0,0
0.4468,53,0,0.5605,5834.0,16,0,0,0,1.0,0
0.0819,34,0,0.6264,,6,0,1,0,1.0,0
0.3543,57,0,0.8061,8275.0,3,0,2,0,0.0,0
1.5418,50,0,0.3457,,12,0,1,0,3.0,0
3.954,72,1,0.6862,,6,0,0,1,0.0,0
4.0876,56,0,0.1291,5729.0,7,0,1,0,0.0,0
0.7457,49,0,0.3396,4099.0,4,0,2,0,2.0,0
1.6818,51,0,0.2981,,5,0,0,0,0.0,0
0.3339,53,0,0.0491,3074.0,7,0,1,0,,0
3.4464,44,0,1.5675,10359.0,10,0,1,0,1.0,0
0.7492,48,0,0.64,,6,0,2,0,0.0,0
9.6445,45,0,1.1405,4618.0,11,0,2,0,2.0,0
0.6712,47,0,0.9322,3188.0,7,0,0,0,1.0,0
0.0463,46,0,0.7261,,8,0,1,0,1.0,0
0.6674,47,0,0.4517,,5,0,2,0,0.0,0
0.8751,51,0,0.2931,2287.0,5,0,1,0,1.0,0
0.099,60,0,0.695,4505.0,8,0,1,0,1.0,0
0.5792,65,0,0.396,9586.0,9,0,0,0,1.0,0
0.2663,43,0,0.5688,5071.0,3,0,0,0,3.0,0
0.4553,32,0,0.472,6493.0,8,0,1,0,0.0,0
0.7594,63,5,0.3916,6093.0,8,0,0,0,1.0,0
0.4398,82,0,0.1798,9034.0,12,0,2,0,0.0,0
0.4372,59,0,0.501,7880.0,9,0,2,0,3.0,0
0.7662,47,0,0.4407,3305.0,6,0,1,0,1.0,0
0.8129,55,0,0.492,,12,0,1,0,1.0,1
0.789,54,0,0.8604,4187.0,10,0,1,0,0.0,0
0.0668,51,0,0.7437,17041.0,8,0,2,0,1.0,0
0.2977,39,1,0.2087,3936.0,14,0,2,0,0.0,0
0.1605,66,0,0.5464,7194.0,7,0,0,0,0.0,0
0.5181,41,0,0.9426,5053.0,10,0,2,0,1.0,1
0.5712,65,0,0.504,8438.0,9,0,0,0,0.0,0
0.6058,59,0,0.6375,2460.0,14,0,2,0,0.0,0
0.7255,72,0,0.2893,6769.0,9,0,2,0,1.0,0
0.7088,62,0,0.3332,8402.0,7,0,1,0,1.0,0
0.3371,21,0,0.8351,3021.0,4,0,2,0,0.0,0
0.7045,32,0,0.8892,3466.0,5,0,1,0,2.0,0
0.2718,53,0,0.5687,10427.0,6,0,2,0,2.0,0
1.8626,75,1,0.1092,4367.0,7,0,0,0,1.0,0
0.035,46,0,1.1774,10349.0,7,0,2,0,0.0,0
0.4666,33,0,0.2384,,6,0,0,0,2.0,0
0.22,63,0,0.6862,,6,0,1,0,0.0,0
0.3563,75,0,0.9997,5670.0,3,0,1,0,0.0,0
0.6376,41,0,0.0769,5680.0,9,0,0,0,1.0,0
0.4912,44,0,0.6644,7326.0,10,0,1,0,3.0,0
0.186,75,0,0.1582,7535.0,6,0,0,0,2.0,0
0.741,34,0,0.7265,9877.0,8,0,0,0,0.0,0
0.9046,37,0,0.315,3848.0,5,0,0,0,0.0,1
0.1486,37,0,0.578,6649.0,5,0,2,0,2.0,0
2.5995,54,0,0.1319,6190.0,7,0,1,0,0.0,0
0.3488,48,0,0.2062,1236.0,10,0,1,0,0.0,0
0.3251,43,0,1.0394,5957.0,7,0,1,0,2.0,0
0.9011,64,0,0.417,5782.0,8,0,1,0,0.0,0
0.0747,63,0,0.9453,6501.0,13,0,0,0,1.0,0
0.5222,72,0,0.5182,6223.0,9,0,2,0,0.0,0
0.1956,53,0,0.2937,,14,0,0,0,2.0,0
0.1619,63,0,0.4567,4884.0,7,0,1,0,0.0,0
0.1902,36,0,0.4595,6389.0,8,0,1,0,,0
0.7714,62,0,0.5423,6214.0,4,0,0,0,4.0,0
0.0409,63,0,0.2474,9471.0,10,0,0,0,0.0,0
0.3118,41,0,0.2502,6202.0,12,0,2,0,1.0,0
0.2375,60,0,0.4818,4712.0,3,0,1,0,2.0,0
0.6022,55,0,0.3735,4186.0,10,0,1,0,3.0,0
0.9332,58,1,0.2137,9956.0,8,0,1,1,1.0,0
2.5962,65,0,0.359,4981.0,7,0,0,0,1.0,0
0.7502,54,0,0.1327,11676.0,10,0,0,0,0.0,0
0.2759,68,0,0.8417,7233.0,4,0,2,0,0.0,0
0.4207,36,0,0.3758,3425.0,7,0,2,0,0.0,0
4.1563,40,0,0.0891,2986.0,6,0,1,0,1.0,0
0.4448,50,0,0.5218,4424.0,6,0,3,0,1.0,1
0.7679,41,0,0.7024,10145.0,14,0,2,0,1.0,0
0.0096,56,0,0.6246,4684.0,6,0,0,0,1.0,0
1.3035,47,0,0.827,4573.0,6,0,2,0,0.0,0
0.5631,48,0,0.5811,12148.0,4,0,1,0,1.0,0
0.0657,47,0,0.7454,7959.0,6,0,2,0,1.0,0
9.2174,55,0,0.5749,9290.0,9,0,1,0,2.0,0
0.3308,52,0,0.521,9319.0,6,0,0,0,0.0,0
0.389,57,2,0.6066,4487.0,1,0,4,0,2.0,0
0.3837,47,0,0.4635,8487.0,6,0,0,0,0.0,0
0.3209,26,0,0.6627,5173.0,9,0,2,0,2.0,0
2.6361,62,0,0.6246,,9,0,1,0,2.0,0
6.5984,41,0,1.031,2388.0,6,0,1,0,2.0,0
0.3873,56,0,0.7398,,12,0,0,0,2.0,0
0.2829,52,0,0.4828,7189.0,11,0,1,0,1.0,0
0.6875,83,0,0.8978,7114.0,6,0,2,0,0.0,0
0.2524,21,2,0.5272,4796.0,9,0,0,2,0.0,0
0.2357,43,0,0.3431,2264.0,12,0,3,0,0.0,0
0.206,57,0,0.7524,,7,0,3,0,2.0,0
2.2905,30,0,0.9169,,7,0,0,0,3.0,1
0.6393,51,0,0.635,4507.0,10,0,0,0,0.0,0
0.0333,28,0,0.757,2930.0,12,0,0,0,2.0,0
1.7166,52,0,0.5097,,9,0,1,0,2.0,0
0.4087,52,0,0.5055,3659.0,10,0,0,0,1.0,0
0.7936,62,0,0.2955,,6,0,0,0,0.0,0
0.3947,56,0,0.4987,14814.0,10,0,0,0,0.0,0
0.1558,38,0,0.0713,4772.0,10,0,1,0,0.0,0
0.1367,53,0,0.8739,2996.0,4,0,0,0,,0
0.5317,56,0,0.4821,3670.0,12,0,1,0,0.0,0
4.3491,39,0,0.4861,3276.0,2,0,0,0,0.0,0
1.2273,66,0,0.1654,1981.0,5,0,0,0,3.0,0
0.0375,60,0,0.8139,4455.0,15,0,0,0,0.0,0
0.4117,29,0,0.1936,7422.0,11,0,2,2,3.0,1
0.1449,52,0,0.6034,10729.0,7,0,0,0,0.0,0
0.9018,37,0,0.2756,6421.0,12,0,1,0,0.0,0
0.4783,24,0,0.3521,3948.0,5,0,3,0,0.0,0
0.3756,44,0,0.2347,6112.0,10,0,2,0,0.0,0
2.8138,47,0,0.3788,7667.0,13,0,0,0,0.0,1
0.4096,82,0,1.4508,10827.0,9,0,1,0,0.0,0
0.3364,44,0,0.5811,,12,0,1,2,0.0,0
0.728,52,0,0.6988,6413.0,7,0,1,0,1.0,0
0.2998,56,0,0.3299,8326.0,7,0,2,0,2.0,0
3.9616,47,0,0.7005,,16,0,0,0,1.0,0
0.0547,56,0,0.5132,12052.0,5,0,3,0,1.0,0
0.2703,42,0,1.0456,,7,0,1,0,1.0,0
0.1834,36,0,0.1447,11552.0,10,0,2,0,1.0,0
0.4465,44,0,0.4812,5496.0,8,0,2,0,0.0,0
0.0085,34,0,0.4783,2270.0,7,0,0,0,2.0,0
0.5242,60,0,1.1699,,10,0,1,0,2.0,1
0.4046,51,0,0.622,4156.0,5,0,0,0,0.0,0
0.1239,45,0,1.2827,5917.0,11,0,0,0,0.0,0
0.3288,60,0,1.0244,3658.0,5,0,2,0,0.0,0
0.2234,43,0,0.076,10990.0,12,0,1,1,0.0,0
2.2258,21,2,0.039,4389.0,7,0,3,0,2.0,0
0.0338,44,0,0.6656,,5,0,0,0,3.0,0
0.4157,62,0,0.0738,4356.0,7,0,1,0,1.0,0
0.0557,66,0,0.2829,6381.0,6,0,0,0,1.0,0
0.287,34,0,0.6237,,11,0,2,0,0.0,0
0.2525,43,0,0.5212,9631.0,5,0,0,0,1.0,0
0.6185,62,0,0.8867,4280.0,2,0,1,0,0.0,0
0.2207,31,0,0.6561,,10,0,0,0,1.0,0
0.1569,47,0,0.3231,13403.0,9,0,1,0,1.0,0
0.5314,56,0,0.4288,,5,0,2,0,0.0,0
0.6309,71,0,0.6977,2784.0,5,0,2,0,1.0,1
0.2733,45,3,0.3295,10192.0,9,0,1,0,,0
2.8888,32,0,0.4302,17037.0,4,0,3,0,0.0,0
1.1122,40,0,0.7425,5154.0,9,0,2,0,1.0,0
0.2982,85,0,0.2487,22994.0,9,0,2,0,1.0,1
0.9115,56,0,0.53,2402.0,7,0,0,0,0.0,0
0.1827,68,0,0.0643,7454.0,11,0,0,0,1.0,0
7.3805,51,2,0.1456,7020.0,10,0,3,1,0.0,0
0.3242,40,0,0.4938,7589.0,11,0,0,0,2.0,0
0.0185,36,0,0.2638,3326.0,10,0,0,0,1.0,0
0.0333,45,0,0.1616,5840.0,9,0,0,0,0.0,0
0.2659,61,0,0.2144,4482.0,13,0,1,0,1.0,0
0.1646,33,0,1.2264,5541.0,5,0,0,0,0.0,0
0.0772,62,0,0.3472,3975.0,9,0,2,0,1.0,0
0.275,35,0,1.1095,12846.0,10,0,3,0,0.0,0
0.2679,47,0,0.0088,1899.0,8,0,0,0,2.0,0
0.0305,51,0,0.9548,,7,0,2,0,4.0,0
0.8023,60,0,0.1667,10028.0,11,0,1,0,0.0,0
0.0862,47,0,0.247,2734.0,10,0,1,0,0.0,0
3.7198,59,0,0.761,2923.0,11,0,3,0,1.0,1
0.8068,47,0,0.8769,6140.0,11,0,2,0,0.0,0
0.0964,57,0,0.3764,7065.0,7,0,1,0,0.0,0
0.7044,51,0,0.6917,2626.0,9,0,1,0,0.0,0
1.7261,54,0,0.6678,4746.0,12,0,1,0,0.0,1
0.2016,54,0,0.0812,3620.0,11,0,0,0,3.0,0
0.2577,50,0,0.8003,5986.0,7,0,0,0,0.0,0
3.0196,68,0,0.671,,9,0,1,0,1.0,0
0.2621,60,0,0.7358,2275.0,8,0,1,0,0.0,0
2.9926,54,0,0.1079,7499.0,4,0,1,0,0.0,0
0.0966,44,0,0.3096,1396.0,11,0,2,0,2.0,0
1.7568,85,0,0.7405,3191.0,5,0,1,0,0.0,0
2.8855,73,0,0.5896,,11,0,4,0,0.0,0
0.6229,37,0,0.2057,4912.0,5,0,1,0,1.0,0
0.7743,60,0,0.4988,5592.0,4,0,1,0,0.0,0
0.3093,69,0,0.5193,5852.0,8,0,1,0,3.0,0
0.6654,58,0,0.1913,5768.0,8,0,1,0,1.0,0
0.1371,51,0,0.4562,,4,0,0,0,1.0,0
1.8561,43,2,0.8504,5327.0,8,0,1,0,3.0,0
0.4758,58,0,0.5164,,5,0,3,0,0.0,0
1.5327,39,0,0.7773,2033.0,6,0,2,0,1.0,0
0.4048,46,0,0.3061,5320.0,7,0,0,0,3.0,0
0.3138,44,0,0.3873,3541.0,7,0,2,0,1.0,0
0.2409,59,0,0.4235,11012.0,13,0,0,0,1.0,0
0.4304,71,0,0.6919,8990.0,12,0,0,0,1.0,0
0.0598,45,0,0.2823,3622.0,8,0,0,0,1.0,0
0.2096,46,0,0.471,16176.0,8,0,1,0,2.0,0
0.3953,70,0,0.0814,1420.0,9,0,0,0,,0
0.4171,44,0,0.0746,3513.0,11,0,2,0,1.0,0
0.6276,21,0,0.9198,2561.0,7,0,0,0,1.0,0
0.4857,77,0,0.3465,8738.0,7,0,0,0,0.0,0
0.7102,66,0,0.1858,20058.0,8,0,1,0,0.0,0
0.3211,63,0,0.8127,12731.0,6,0,2,0,1.0,0
0.5538,57,0,0.3467,11587.0,8,0,0,0,0.0,0
2.1013,50,0,1.2428,,10,0,1,0,0.0,0
0.9413,25,0,0.5651,,9,0,1,1,2.0,0
0.0684,48,0,1.0353,,12,0,1,0,0.0,0
0.3342,48,0,1.1755,4669.0,8,0,1,0,1.0,0
0.5955,50,0,0.6025,3107.0,4,0,1,0,1.0,0
0.0502,60,0,0.8567,5860.0,7,0,1,0,0.0,0
0.5107,73,0,0.4709,3348.0,9,0,2,0,0.0,0
0.8333,50,0,0.4152,4924.0,7,0,0,0,0.0,0
0.0691,49,0,0.9181,9096.0,10,0,1,0,2.0,0
0.1467,72,0,0.2524,3699.0,9,0,2,0,1.0,0
0.2093,40,0,0.358,,8,0,1,0,1.0,0
0.5354,51,0,0.3779,2021.0,12,0,0,0,3.0,0
0.1272,52,0,1.0688,10454.0,7,1,3,0,0.0,0
0.1762,40,0,0.3951,3250.0,10,0,0,0,1.0,0
0.5725,47,0,0.5404,3501.0,11,0,0,0,2.0,0
0.2438,47,0,0.2429,7586.0,13,0,0,0,0.0,0
0.8042,62,0,0.5475,1838.0,7,0,3,0,5.0,0
0.0333,47,0,0.633,,3,0,1,0,0.0,0
0.2638,48,0,0.6592,,8,0,1,0,0.0,0
2.1772,58,0,0.3768,6737.0,14,0,0,0,0.0,0
0.0804,45,0,0.1473,10524.0,8,0,1,0,0.0,0
0.3819,39,0,0.754,2025.0,8,0,3,0,0.0,0
2.3864,89,0,0.3447,5308.0,11,0,1,0,0.0,0
0.3102,51,0,0.658,8141.0,9,0,0,0,2.0,0
0.4275,55,0,0.2708,10484.0,7,0,0,0,0.0,0
0.1888,48,0,0.2297,4170.0,6,0,1,0,0.0,0
0.5884,30,0,1.1559,3493.0,10,0,0,0,0.0,0
0.008,44,0,0.1131,5313.0,6,0,0,0,0.0,0
0.039,36,0,0.9841,1774.0,7,0,0,0,1.0,0
1.6117,59,0,0.2624,3949.0,11,0,2,0,2.0,0
0.9702,57,0,0.4238,,7,0,1,0,1.0,0
0.2681,60,0,0.5683,,8,0,2,0,2.0,0
1.803,38,0,0.6027,11917.0,10,0,2,0,0.0,0
0.4496,23,0,0.6591,6253.0,3,0,0,0,1.0,0
0.0702,21,0,0.275,5794.0,12,0,1,0,0.0,0
1.0517,57,0,0.1209,,8,0,1,0,0.0,0
0.4047,46,0,0.5869,4984.0,11,0,3,0,1.0,0
0.3943,34,0,0.2247,3078.0,13,0,3,0,1.0,0
0.7281,59,0,0.0783,4088.0,8,0,2,0,1.0,0
1.5428,64,0,0.589,9490.0,11,0,1,0,0.0,0
0.3361,51,0,0.7243,3481.0,12,0,2,0,1.0,0
0.2193,43,0,0.0752,2867.0,4,0,0,0,0.0,0
0.952,48,0,0.2517,6968.0,9,0,1,0,1.0,0
0.583,68,0,0.2087,2369.0,3,0,1,0,0.0,0
0.255,66,0,0.7763,5121.0,6,0,3,0,3.0,0
0.4534,48,0,0.2332,4881.0,10,0,2,0,0.0,0
0.8169,53,0,0.6217,,5,0,0,0,1.0,0
0.6352,95,0,0.85,1556.0,8,0,0,0,1.0,0
0.3596,81,0,0.5718,,4,0,0,0,2.0,0
0.5391,52,0,0.444,15710.0,12,0,0,0,1.0,0
2.9238,71,0,0.6301,8046.0,8,0,1,0,0.0,0
2.2725,57,0,0.178,8342.0,10,3,1,0,0.0,0
0.2307,72,0,0.7793,,7,0,3,0,2.0,0
0.694,41,0,0.3425,5164.0,9,0,0,0,1.0,0
0.4946,62,0,0.6069,10198.0,11,0,2,0,0.0,0
0.6579,66,0,0.1023,12363.0,7,0,0,0,1.0,0
2.305,51,0,0.0441,18650.0,9,0,0,0,0.0,0
3.2788,46,0,0.663,2456.0,10,0,0,0,1.0,0
0.6239,55,0,0.3237,3883.0,7,0,1,0,0.0,0
0.8928,33,0,0.2186,3279.0,7,0,2,0,1.0,0
3.9136,46,0,0.1662,4322.0,7,0,0,0,0.0,0
0.6344,44,0,0.2138,5949.0,7,0,1,0,1.0,0
0.3465,64,0,0.1533,,9,0,2,0,0.0,0
0.1343,59,0,0.2208,9753.0,9,0,1,0,1.0,0
5.4714,61,0,0.7999,5714.0,1,0,0,0,2.0,0
0.4201,68,0,0.8199,11285.0,8,0,2,0,0.0,0
0.75,36,0,0.9927,2891.0,8,0,1,0,1.0,0
0.8382,74,2,0.7528,5679.0,11,2,1,1,2.0,0
0.6271,64,0,1.0991,3422.0,7,0,0,0,1.0,1
0.2377,32,0,0.2725,6783.0,8,0,1,0,0.0,1
8.4431,62,1,0.3765,6468.0,9,1,1,3,0.0,0
0.3384,60,0,0.5691,,8,0,0,0,0.0,0
0.4728,57,0,0.9806,,8,0,0,0,0.0,0
0.1567,39,0,0.6005,,9,0,1,0,0.0,0
0.7423,51,0,0.2885,,11,0,1,0,0.0,0
0.3104,61,0,0.5483,7966.0,5,0,1,0,1.0,0
0.6372,52,0,0.3672,3820.0,6,0,0,0,0.0,0
1.0498,33,0,0.4585,2576.0,11,0,1,0,1.0,1
2.3669,47,2,0.4284,6676.0,10,0,0,0,1.0,0
0.0994,57,0,0.6917,9219.0,8,0,1,0,3.0,0
0.1317,49,0,1.2761,9454.0,11,0,0,0,2.0,0
0.6059,78,0,0.3647,7277.0,13,0,1,0,0.0,0
0.5112,62,1,1.0215,3104.0,6,0,2,0,0.0,0
0.794,62,0,0.6338,8008.0,8,0,1,0,0.0,0
0.5434,54,0,0.3971,6863.0,7,0,1,0,1.0,0
0.1458,46,0,0.6838,10259.0,3,0,1,0,0.0,0
0.2546,76,0,0.7682,2402.0,9,0,2,0,0.0,0
0.3455,47,0,0.6494,8602.0,10,0,1,0,1.0,0
0.4848,53,0,0.5778,2700.0,10,0,0,0,0.0,0
0.2752,51,0,0.8678,,2,0,0,0,,0
0.4583,33,0,0.4299,6603.0,10,0,0,0,1.0,0
0.2069,58,0,0.5785,3101.0,4,0,1,0,0.0,0
2.3432,66,0,0.2237,6058.0,8,0,1,0,0.0,0
8.7419,44,0,0.0815,4158.0,7,0,2,0,2.0,0
0.1426,48,0,0.5636,10830.0,13,0,1,0,1.0,0
0.4267,40,0,0.6594,5750.0,13,0,2,0,1.0,0
0.6136,77,0,0.1743,7176.0,9,0,1,0,0.0,1
0.4469,58,0,0.3774,4093.0,5,0,1,0,1.0,0
1.2153,70,0,0.7033,6188.0,7,0,3,0,,0
0.3754,46,0,1.1634,4623.0,5,0,0,0,0.0,0
0.2068,60,0,0.1983,,8,0,3,0,1.0,0
0.3324,30,0,0.3852,8759.0,7,0,4,0,1.0,0
0.2968,44,0,0.6886,6088.0,7,0,1,0,1.0,0
0.0592,80,0,0.3125,3332.0,9,0,1,0,0.0,0
0.2501,58,0,0.5875,4330.0,9,0,1,0,0.0,0
0.5566,47,0,0.435,23686.0,9,0,0,0,0.0,0
0.555,26,0,0.0961,6510.0,10,0,1,0,0.0,0
0.0255,55,0,0.504,4870.0,11,0,2,0,1.0,0
0.4687,46,0,0.6193,,8,0,2,0,1.0,0
0.3621,64,0,0.0577,12278.0,6,0,0,0,2.0,1
0.5904,32,0,0.4255,10489.0,10,0,0,0,0.0,0
0.1602,64,0,0.2624,11810.0,9,0,1,0,1.0,0
0.1518,46,0,0.2283,6610.0,9,0,0,0,0.0,0
0.4618,37,0,0.6258,,11,0,0,0,0.0,0
0.1775,55,0,0.687,,5,0,2,0,1.0,0
0.3877,77,0,0.5035,6543.0,9,0,1,0,1.0,0
0.3654,62,0,0.28,,4,0,0,0,1.0,0
0.2987,56,0,0.1804,9514.0,12,0,0,0,1.0,0
0.4319,44,0,0.0448,,9,0,2,0,1.0,0
2.6961,72,0,0.4349,,7,0,5,0,1.0,0
0.173,57,0,0.6687,2625.0,9,0,0,0,2.0,0
0.6441,24,0,0.8676,,12,0,1,0,0.0,0
0.4145,63,0,0.3752,10676.0,7,0,1,0,0.0,0
0.4929,55,0,0.799,7821.0,4,0,1,0,1.0,0
0.7097,50,0,0.2974,3035.0,4,0,0,0,2.0,0
0.0066,69,0,0.0211,5019.0,12,0,1,0,1.0,0
0.2754,42,0,0.2235,5856.0,10,0,1,0,0.0,0
0.7602,45,2,0.2594,3073.0,7,0,7,0,0.0,0
0.3588,49,2,0.6887,12480.0,9,0,0,2,0.0,0
0.3601,58,0,0.7689,2430.0,7,0,4,0,1.0,0
0.1957,43,0,0.2114,,10,0,0,0,1.0,0
0.3437,38,0,0.3221,13693.0,5,0,0,0,,0
0.3657,49,0,0.4456,19356.0,4,0,1,0,3.0,0
0.2693,45,3,0.3366,4834.0,8,0,0,0,0.0,0
0.1291,75,0,0.0788,3742.0,4,0,1,0,1.0,0
0.0429,23,0,0.7347,10205.0,8,0,0,0,1.0,0
0.5245,64,0,0.2826,,12,0,2,0,1.0,0
3.0749,23,0,0.3315,2836.0,7,0,0,0,1.0,1
1.4989,51,0,0.3277,2935.0,6,0,1,0,0.0,0
0.352,37,0,0.2431,,10,0,0,0,0.0,0
0.0721,30,0,0.1783,4513.0,18,0,2,0,1.0,0
0.2189,70,0,0.3544,6806.0,9,0,2,0,0.0,0
0.2457,62,2,0.0882,,13,1,1,0,2.0,0
0.7656,53,0,0.6989,10268.0,10,0,3,0,1.0,0
0.7153,54,1,0.1521,7046.0,10,0,1,0,0.0,0
0.2218,41,0,0.1663,,2,0,0,0,2.0,0
0.178,45,0,0.331,21839.0,10,0,1,0,0.0,0
0.7593,42,0,0.6306,4210.0,12,0,1,0,0.0,0
0.1477,44,0,0.6342,,3,0,2,0,2.0,0
0.4593,49,0,0.187,2197.0,10,0,0,0,0.0,0
0.3359,70,0,0.3626,11266.0,4,0,0,0,0.0,0
1.2638,60,0,0.3177,5448.0,8,0,2,0,2.0,0
0.2763,56,0,0.4118,2086.0,8,0,0,0,2.0,0
2.1944,38,0,1.137,8213.0,8,0,0,0,,0
1.5622,58,0,0.2718,12554.0,6,0,0,0,1.0,0
0.3941,21,0,0.5249,3464.0,7,0,1,0,1.0,0
0.0593,42,0,0.9008,7067.0,9,0,2,0,0.0,0
0.5042,34,0,0.2739,4295.0,9,0,1,0,0.0,0
0.174,46,0,0.3774,,3,0,1,0,0.0,0
0.4149,48,0,1.1421,,14,0,1,0,1.0,0
0.4081,46,0,0.7755,6263.0,5,0,0,0,0.0,0
0.715,51,0,0.2229,6461.0,7,0,0,0,1.0,0
0.6505,54,0,0.5404,,12,0,0,0,1.0,0
7.3752,70,0,0.3271,4383.0,8,0,2,0,0.0,0
0.1519,40,0,0.4596,9412.0,9,0,1,0,1.0,0
0.5102,40,0,0.1899,5156.0,7,0,1,0,0.0,0
0.4878,50,0,0.6417,5277.0,9,0,1,0,0.0,0
0.4605,56,0,0.4859,6254.0,11,0,0,0,1.0,0
0.5026,52,0,0.5395,13846.0,2,0,1,0,2.0,0
0.3268,77,0,0.7629,3702.0,5,0,0,0,2.0,0
0.5073,64,0,0.5937,,11,0,3,0,2.0,1
0.0226,71,0,0.0584,,7,0,1,0,1.0,0
0.0638,58,0,0.2025,8328.0,8,0,2,0,0.0,0
1.1692,53,0,0.4415,2316.0,7,0,3,0,0.0,0
0.2499,21,0,0.3017,5598.0,8,0,1,0,,0
0.2153,52,0,0.6361,5872.0,2,0,0,0,1.0,0
3.6252,47,0,0.0829,7839.0,9,0,2,0,3.0,0
0.0701,47,0,0.3133,,2,0,0,0,2.0,0
4.2984,65,0,0.2818,3539.0,5,0,1,0,0.0,0
0.4212,33,0,0.8273,5020.0,9,0,2,0,0.0,0
3.9109,67,0,0.2958,2627.0,12,0,2,0,2.0,0
0.6228,60,0,0.2159,6346.0,9,0,2,0,1.0,0
0.6907,55,0,0.1535,,14,0,0,0,1.0,0
0.4782,63,0,0.4713,19152.0,4,0,3,0,2.0,0
0.7412,26,0,0.2499,1792.0,7,0,1,0,1.0,0
0.6144,57,0,0.6544,7292.0,7,0,1,0,0.0,0
0.206,31,0,0.8005,7277.0,6,0,1,0,0.0,0
0.0982,56,0,0.8947,3897.0,14,0,2,0,1.0,0
3.1046,34,0,0.5637,4712.0,7,0,0,0,2.0,1
0.4227,40,0,0.6827,6580.0,9,0,0,0,2.0,0
0.8839,45,0,0.6771,20170.0,7,0,3,1,1.0,0
1.2169,47,0,0.5234,14424.0,5,0,0,0,0.0,0
0.1903,54,0,0.2282,,8,0,0,0,5.0,0
0.2592,61,0,0.9097,8565.0,7,0,0,0,0.0,0
0.2349,85,0,0.2715,6944.0,4,0,0,0,2.0,0
0.6853,42,0,0.5721,,6,0,2,0,1.0,0
0.3632,53,0,0.4394,,7,0,1,0,1.0,0
0.474,50,0,0.4445,4491.0,10,0,0,0,1.0,0
0.1717,36,0,0.4365,6065.0,10,0,0,0,1.0,0
1.1025,23,0,0.7814,5239.0,10,0,2,0,0.0,0
0.2896,38,0,0.3747,4813.0,9,0,1,0,2.0,0
1.0698,43,0,0.6415,,9,0,0,0,0.0,0
0.4181,46,1,0.7222,,11,1,1,0,1.0,0
0.8485,31,0,0.1029,23787.0,5,0,0,0,0.0,0
0.4355,47,2,0.6361,6881.0,10,0,2,0,0.0,0
0.7405,48,0,0.3196,11471.0,11,0,3,0,3.0,0
0.4985,38,0,0.3027,13176.0,4,0,1,0,0.0,0
0.9878,61,2,0.3031,3202.0,7,0,0,0,2.0,0
0.768,27,0,0.2509,9295.0,8,0,0,0,0.0,0
0.7271,55,0,0.2677,11830.0,13,0,0,0,0.0,0
0.1841,48,0,1.414,,9,0,1,0,0.0,0
1.1601,52,0,0.0584,7770.0,5,0,0,0,4.0,0
0.5635,57,0,0.4506,11124.0,9,0,1,0,2.0,0
0.5127,55,0,0.5383,3127.0,10,0,1,0,0.0,0
0.4796,24,0,0.1365,7458.0,7,0,0,1,1.0,0
0.2686,47,0,0.5509,2484.0,8,0,1,0,,0
1.0116,57,0,0.1295,14426.0,11,0,0,0,0.0,0
0.6757,58,0,0.317,,12,0,0,0,0.0,0
0.01,40,0,0.265,2540.0,9,0,0,0,1.0,0
4.2411,36,0,0.3872,6848.0,10,0,1,0,1.0,0
0.3781,59,0,0.7213,5407.0,7,0,1,0,2.0,0
0.0903,58,0,0.602,5997.0,2,0,0,0,1.0,0
0.2554,36,0,0.52,3666.0,9,0,0,0,1.0,0
0.3811,33,0,0.6832,6081.0,9,0,2,0,2.0,0
1.8499,45,0,0.5287,6143.0,8,0,0,0,2.0,0
1.2427,40,0,0.2898,4245.0,6,0,0,0,1.0,0
0.9722,52,0,0.1443,15903.0,13,0,1,0,,0
0.1101,69,1,0.3703,2104.0,7,0,1,0,0.0,0
0.3254,33,0,0.278,4600.0,9,0,0,0,0.0,0
0.2286,49,0,0.5203,5007.0,12,0,1,0,1.0,0
0.1659,40,0,0.7105,9985.0,9,0,0,0,0.0,0
0.1455,61,0,0.5015,5628.0,9,0,1,0,0.0,0
0.5179,62,0,0.4185,3049.0,3,0,0,0,0.0,0
0.8686,38,3,0.3518,1624.0,8,0,2,0,3.0,0
0.0004,66,0,0.8451,3985.0,8,0,1,0,0.0,0
9.8696,62,0,0.7951,6484.0,8,0,3,0,0.0,0
0.2447,48,0,0.8512,5738.0,11,0,0,0,0.0,0
0.0458,61,0,0.3734,3184.0,4,0,1,0,0.0,0
0.4694,31,0,0.1514,6428.0,11,0,1,0,1.0,0
1.65,77,0,0.1503,10285.0,9,0,0,0,0.0,0
0.6663,51,0,0.2246,2873.0,8,0,1,0,1.0,0
0.4276,68,0,0.9618,11045.0,6,0,1,0,0.0,0
0.3257,42,0,0.2943,6723.0,8,0,0,0,1.0,0
0.1659,28,0,0.3738,4551.0,11,0,3,0,1.0,0
0.3581,57,0,0.1165,1701.0,12,0,1,0,1.0,0
0.4276,40,0,0.3831,1366.0,8,0,1,0,0.0,0
0.1434,41,0,0.618,3764.0,13,0,0,0,0.0,0
0.1249,53,0,0.5703,8881.0,8,0,2,0,1.0,0
0.4306,62,0,0.4985,,7,0,1,0,1.0,1
0.2115,55,0,0.7898,11250.0,8,0,1,0,0.0,0
0.07,65,0,0.2295,5823.0,10,0,1,0,2.0,0
0.5701,47,0,0.51,4162.0,5,0,1,0,0.0,0
0.1397,69,0,0.4044,9293.0,11,0,0,0,0.0,0
0.0354,62,0,0.6052,2058.0,5,0,0,0,2.0,0
0.6792,35,0,0.2613,6247.0,6,0,1,0,0.0,0
0.5014,59,0,0.4433,6220.0,11,0,3,0,2.0,0
4.4322,50,0,0.3917,3729.0,12,0,1,0,1.0,0
0.2831,39,0,0.2616,4733.0,7,0,1,0,0.0,0
0.052,58,0,0.8848,,7,0,0,0,1.0,0
0.5483,56,0,0.608,,11,0,1,0,0.0,0
0.3793,59,0,0.4381,5408.0,5,0,0,0,3.0,0
0.3701,35,0,0.2977,5489.0,6,0,1,0,2.0,0
0.3197,21,0,0.4994,4152.0,9,0,1,0,1.0,0
0.2677,45,0,0.3916,,10,0,0,0,0.0,0
0.4981,46,0,0.6741,,9,0,0,0,0.0,0
0.1581,57,0,0.4229,,12,0,1,0,0.0,0
0.7058,21,0,0.4366,2817.0,14,0,1,0,0.0,0
0.2759,59,2,0.2126,8538.0,7,0,1,0,0.0,0
0.4316,61,0,0.4004,5508.0,12,0,1,0,1.0,0
2.8385,62,0,0.5396,15179.0,9,0,1,0,2.0,0
0.9512,62,0,0.9304,,10,0,0,0,0.0,0
0.1912,35,0,0.0865,6608.0,9,0,2,0,1.0,0
0.8237,38,0,0.7011,16380.0,2,0,2,0,0.0,0
0.2206,47,0,0.4671,4127.0,6,0,0,0,0.0,0
0.3486,48,1,0.6212,2886.0,9,0,0,0,1.0,0
0.3058,37,0,0.4848,,9,0,0,0,2.0,0
0.0593,52,0,1.0067,4253.0,10,0,1,0,3.0,0
0.516,57,0,0.4183,4768.0,12,0,2,0,1.0,0
0.749,55,0,0.1165,2999.0,15,0,3,0,2.0,0
0.4909,52,0,0.6472,4575.0,8,0,2,0,1.0,1
0.2482,56,0,0.4966,5052.0,7,0,1,0,1.0,0
0.567,47,0,0.3139,4273.0,8,0,0,0,0.0,0
3.2399,58,0,0.053,4611.0,8,0,2,0,1.0,0
2.5068,56,1,0.5552,5494.0,6,0,1,0,2.0,0
0.7934,40,0,0.9088,3495.0,5,0,0,0,1.0,0
0.0998,76,0,0.2527,3527.0,11,0,0,0,1.0,0
0.1779,72,0,0.7687,,8,0,0,0,0.0,0
0.2521,60,0,0.3869,8470.0,8,0,0,0,1.0,0
0.0672,67,0,0.6551,,9,0,0,0,1.0,0
0.2311,55,0,0.1227,8935.0,9,0,2,0,0.0,0
0.2403,46,0,0.1694,6644.0,4,0,2,0,1.0,0
0.3852,67,0,0.3525,4111.0,9,0,0,0,0.0,0
0.1264,55,0,0.8024,5311.0,6,0,1,0,1.0,0
0.4588,61,0,0.2917,12572.0,7,0,1,0,1.0,0
0.2453,73,0,0.331,4007.0,13,0,1,0,0.0,0
1.9697,29,0,0.3721,3240.0,9,0,1,0,1.0,0
0.219,58,0,0.6635,,4,0,2,0,1.0,0
0.6687,39,0,0.9915,3048.0,7,0,1,0,1.0,0
4.2596,49,0,0.3761,8411.0,12,0,1,0,0.0,0
0.4446,41,0,0.2974,3602.0,10,0,1,0,0.0,0
0.066,68,0,0.5504,,7,0,0,0,1.0,0
0.0094,58,0,0.5503,12388.0,11,0,0,0,0.0,0
0.441,52,0,0.5312,3747.0,9,0,2,0,0.0,0
0.1636,30,0,0.2835,2363.0,12,0,1,0,,0
0.5705,44,0,0.2908,11030.0,9,0,0,0,1.0,0
0.6779,45,0,0.2936,5539.0,1,0,1,0,2.0,0
0.2167,56,0,0.3787,,8,0,1,0,0.0,0
0.133,45,0,0.1661,4831.0,13,0,2,0,1.0,0
0.2881,47,0,0.4042,2858.0,6,0,1,0,0.0,0
0.2714,21,0,0.3402,8993.0,4,0,2,0,3.0,0
1.9023,64,0,0.4954,6767.0,11,0,3,0,1.0,0
0.05,35,0,0.405,,11,0,2,0,1.0,0
0.2544,42,0,0.9563,5364.0,7,0,0,0,1.0,0
0.0256,59,0,0.1981,7556.0,10,0,1,0,2.0,0
0.5166,63,0,0.8088,5959.0,13,0,2,0,1.0,0
0.3254,51,0,0.5368,10017.0,7,0,0,0,1.0,0
2.9452,56,0,0.8454,15840.0,10,0,2,0,1.0,0
0.7055,65,0,0.9358,,12,0,0,0,1.0,0
0.4928,21,0,0.2996,4076.0,2,0,2,0,0.0,1
0.1929,64,0,1.0051,3084.0,7,0,0,0,0.0,0
0.2991,21,0,0.4789,5483.0,6,0,0,0,2.0,0
4.1804,47,0,0.7946,3643.0,8,0,1,0,1.0,0
0.2491,57,0,0.0521,13159.0,10,0,0,0,0.0,0
0.4173,38,0,0.9878,8112.0,7,0,0,0,1.0,0
0.7112,48,0,0.2414,3051.0,11,0,3,0,0.0,0
2.7454,21,0,1.0231,4203.0,4,0,2,0,2.0,1
1.3923,33,3,0.1532,6015.0,8,0,1,0,1.0,0
0.2102,40,0,0.3728,11187.0,8,0,0,0,1.0,0
0.2807,37,0,0.4992,5767.0,17,0,0,0,0.0,0
0.0377,49,0,0.3738,13182.0,10,0,1,0,0.0,1
0.3717,75,1,0.4057,9680.0,15,0,1,1,0.0,0
3.0444,63,0,0.7961,6944.0,10,0,0,0,0.0,0
0.7063,63,3,0.7924,8780.0,4,0,0,2,0.0,0
0.6929,57,0,0.837,12519.0,10,0,1,0,2.0,0
0.2024,31,0,0.9268,2282.0,10,0,2,0,0.0,0
0.1748,68,0,0.074,2345.0,10,0,0,0,1.0,0
0.4391,56,0,0.0379,6313.0,3,0,1,0,0.0,0
0.7002,58,0,0.597,3730.0,13,0,1,0,1.0,0
0.469,62,0,0.2652,11390.0,13,0,1,0,2.0,0
0.2863,58,0,0.3584,,8,0,1,0,2.0,0
0.0224,56,0,0.4122,8330.0,13,0,3,0,2.0,0
0.4733,40,0,0.1346,4143.0,4,0,1,0,1.0,0
0.2518,37,0,0.2555,4007.0,6,0,2,0,0.0,0
0.2313,37,0,0.2551,,6,0,1,0,1.0,0
0.2521,21,0,0.1505,,8,0,0,0,,0
0.7192,44,0,0.0692,8139.0,13,0,1,0,0.0,0
4.043,59,0,0.6259,,4,0,2,0,2.0,0
0.3787,67,0,0.4727,,10,0,0,0,2.0,0
1.261,41,0,1.0369,2964.0,3,0,0,0,0.0,1
0.6886,50,0,0.4826,7531.0,5,0,0,0,1.0,0
0.362,44,0,0.1288,5148.0,11,0,0,0,2.0,0
0.1739,54,0,0.2679,4881.0,11,0,4,0,0.0,0
0.2051,32,0,0.2846,7122.0,5,0,0,0,1.0,0
0.3006,44,0,0.3,,6,0,0,0,1.0,0
0.4135,40,0,0.3119,,10,0,0,0,0.0,0
0.8589,60,0,0.3431,4945.0,6,0,1,0,0.0,0
0.3709,27,0,0.7988,6749.0,5,0,1,0,0.0,0
0.059,56,0,0.2861,9135.0,7,0,1,0,0.0,1
0.4252,64,0,0.5316,5353.0,7,0,4,0,0.0,1
0.7175,31,0,0.675,4339.0,7,0,1,0,1.0,0
0.6557,42,0,0.6117,3495.0,8,0,0,0,2.0,0
0.4469,39,4,0.1201,5802.0,10,1,1,1,0.0,0
0.3694,74,0,0.8814,3494.0,10,0,2,0,1.0,0
0.9621,71,0,0.187,4446.0,6,0,0,0,0.0,1
0.1908,65,0,0.2862,4073.0,8,0,1,0,,0
0.1323,58,0,0.5816,7553.0,11,0,3,0,2.0,0
0.2397,64,0,0.6331,,10,0,0,0,,0
0.3493,60,0,0.0422,5895.0,11,0,1,0,0.0,0
0.2528,74,0,0.3092,7504.0,7,0,1,0,3.0,0
0.1308,53,0,0.9362,2541.0,12,0,2,0,2.0,0
0.6786,21,0,0.9636,3811.0,11,0,0,0,4.0,1
0.6405,45,0,0.1998,5635.0,7,0,0,0,2.0,0
0.6115,60,0,0.5766,5570.0,9,0,1,0,0.0,0
0.4756,47,0,0.4944,,3,0,1,0,1.0,0
0.8374,69,0,0.1631,13475.0,9,0,0,0,0.0,0
0.0134,40,0,0.4749,,7,0,3,0,1.0,0
1.9737,65,0,0.6823,4371.0,8,0,0,0,,0
0.4385,32,0,0.2947,2123.0,11,0,2,0,2.0,1
0.3468,57,0,0.3817,10407.0,5,0,0,0,1.0,0
0.3818,41,0,0.6001,5079.0,16,0,1,0,1.0,0
0.2317,33,0,0.3528,,2,0,0,0,0.0,0
0.254,51,0,0.7389,,6,0,1,0,1.0,0
2.9117,35,0,0.1012,2504.0,7,0,0,0,0.0,0
0.1227,63,0,0.5656,5164.0,8,0,0,0,1.0,0
0.1116,47,0,1.257,2073.0,8,0,1,0,0.0,0
0.3129,53,0,0.8306,9886.0,10,0,1,0,0.0,0
0.713,51,0,0.4005,4014.0,5,0,1,0,1.0,0
0.6848,60,0,0.1433,3011.0,8,0,1,0,2.0,0
0.2429,42,0,0.3541,3878.0,3,0,0,0,1.0,0
4.5553,68,2,0.4242,9015.0,9,0,0,0,2.0,0
2.9425,81,1,0.7926,,8,0,0,0,0.0,0
0.3569,36,0,0.5429,1923.0,9,0,1,0,1.0,0
0.343,74,0,0.3078,,12,0,0,0,5.0,0
0.4614,44,0,0.45,4932.0,5,0,1,0,2.0,0
0.263,45,0,0.7022,9835.0,10,0,0,0,1.0,0
0.2034,64,0,0.5996,,8,0,0,0,1.0,0
0.4525,37,0,0.2535,,12,0,1,0,0.0,0
0.3664,60,0,0.6939,6935.0,7,0,0,0,1.0,0
0.8943,60,0,0.3999,13330.0,5,0,1,0,0.0,0
2.605,51,0,0.5828,5925.0,9,0,2,0,2.0,0
0.5875,50,0,0.481,,12,0,1,0,3.0,0
1.0814,44,0,0.5257,6440.0,8,0,1,0,2.0,0
4.3881,62,0,0.3291,4779.0,10,0,0,0,0.0,0
0.8505,47,0,0.1347,3241.0,8,0,2,0,2.0,0
1.8715,68,0,0.1381,7001.0,10,0,1,0,0.0,0
0.0778,68,0,0.8228,18355.0,8,0,0,0,1.0,0
0.4134,32,0,0.317,9329.0,11,0,2,0,,0
0.166,33,0,0.8636,4787.0,5,0,0,0,2.0,0
0.5556,49,0,0.7519,7248.0,7,0,0,0,0.0,0
0.609,39,0,0.4698,1960.0,5,0,1,0,2.0,1
0.2703,42,0,0.1613,2929.0,7,0,0,0,0.0,0
4.3144,41,0,0.487,5433.0,8,0,2,0,3.0,0
1.4907,79,0,0.0674,4107.0,9,0,1,0,0.0,1
0.1015,68,1,0.8316,8652.0,8,0,0,0,1.0,0
0.7094,40,0,0.9148,,7,0,2,0,1.0,0
0.0744,25,0,0.0369,5288.0,9,0,0,0,1.0,0
1.2508,44,0,0.5176,,6,0,0,0,0.0,0
0.3733,34,0,0.4078,,9,0,1,0,1.0,0
0.5091,62,0,0.2372,3028.0,5,0,2,0,1.0,0
0.8559,53,0,0.3006,2441.0,5,0,1,0,,0
0.5486,44,0,0.346,6442.0,8,0,1,0,0.0,0
0.7494,51,1,0.2702,836.0,3,0,2,0,1.0,0
0.2465,36,1,0.7138,7802.0,7,0,0,0,0.0,0
0.601,49,0,0.7122,4949.0,12,0,0,0,1.0,0
0.3863,75,2,1.0413,,8,2,3,0,1.0,0
0.3229,42,0,0.58,11196.0,12,0,0,0,0.0,0
3.5435,53,0,0.6685,1845.0,7,2,0,0,0.0,0
0.2907,41,0,0.7869,7600.0,10,0,0,0,0.0,0
0.6764,41,0,0.2263,,6,0,2,0,3.0,0
1.2963,64,0,0.7136,4001.0,9,0,1,0,1.0,1
0.342,35,0,0.6532,8165.0,5,0,0,0,0.0,0
0.4237,49,0,0.9136,3952.0,9,0,1,0,1.0,0
0.3619,40,0,0.7319,2863.0,11,0,2,0,1.0,0
4.6369,71,0,0.7547,8518.0,6,0,2,0,0.0,0
0.1401,42,0,0.2911,5016.0,8,0,0,0,1.0,0
0.1294,34,0,0.731,10691.0,10,0,1,0,0.0,0
6.444,50,0,0.9888,3673.0,12,0,0,0,2.0,0
0.1439,50,0,0.6362,5810.0,9,0,0,0,2.0,0
1.9917,67,0,0.2983,11966.0,5,0,0,0,0.0,0
2.2142,44,0,0.1964,3036.0,8,0,2,0,2.0,0
0.8039,58,0,1.2363,13113.0,6,0,0,0,0.0,0
1.7496,38,0,0.7106,5624.0,10,0,1,0,1.0,0
0.4795,67,0,0.6605,2865.0,8,0,1,0,2.0,1
0.7861,64,0,0.4905,,14,0,3,0,0.0,0
0.3764,60,0,0.4194,,9,0,2,0,2.0,0
0.026,64,0,0.5199,6296.0,6,0,1,0,0.0,0
0.9127,56,0,0.221,5616.0,8,0,1,0,0.0,0
1.8795,54,0,0.2181,6041.0,5,0,2,0,0.0,0
1.361,36,0,0.8164,3624.0,4,0,1,0,0.0,0
0.1406,43,0,0.5946,7504.0,4,0,0,0,1.0,0
0.291,64,0,0.272,11370.0,10,0,0,0,0.0,0
0.0504,63,0,0.6993,9029.0,12,0,3,0,1.0,0
0.359,64,0,0.1587,5382.0,8,0,2,0,1.0,0
0.8421,46,0,0.1998,2321.0,10,0,1,0,1.0,0
0.5326,75,0,0.0797,,11,0,1,0,0.0,0
1.0007,50,0,0.7618,,7,0,1,0,2.0,0
0.7605,58,0,0.4709,3239.0,5,0,1,0,0.0,0
0.9758,91,0,0.2467,6839.0,7,0,1,0,0.0,0
2.3767,45,0,0.5908,5950.0,9,0,1,0,1.0,0
0.5205,62,0,0.3552,2355.0,13,0,1,0,1.0,0
0.5905,31,1,0.3205,13617.0,4,0,2,0,0.0,0
0.5231,47,0,0.1101,2106.0,6,0,1,0,0.0,1
0.1359,60,0,0.0925,2789.0,6,0,1,0,1.0,0
0.4436,43,0,0.0816,2665.0,6,0,1,0,,0
0.1443,53,0,0.6219,8823.0,10,0,0,0,2.0,0
0.2571,55,0,0.379,,7,0,2,0,2.0,0
0.6224,54,0,0.3427,8943.0,9,0,1,0,1.0,0
0.2962,21,0,0.19,6024.0,6,0,2,0,1.0,0
0.261,83,0,0.1321,2853.0,5,0,1,0,1.0,0
0.361,36,0,0.1596,3441.0,5,0,1,0,1.0,0
0.0286,41,0,0.2182,7934.0,14,0,0,0,1.0,0
0.0157,29,0,0.6464,9989.0,9,0,2,0,0.0,0
1.1516,38,0,0.8149,1364.0,3,0,2,0,2.0,0
0.512,51,0,0.8418,4221.0,7,0,0,0,1.0,0
0.0043,66,0,0.3652,4099.0,6,0,1,0,0.0,0
0.3106,43,0,0.4514,,9,0,1,0,1.0,0
0.2203,53,0,0.1172,,9,0,3,0,1.0,0
0.3088,56,0,0.3822,,12,0,1,0,1.0,0
0.3578,36,0,0.1634,2941.0,6,0,1,0,0.0,0
2.1166,25,0,0.1468,4302.0,8,0,0,0,1.0,0
0.5064,38,0,0.4617,,9,0,3,0,0.0,0
0.1045,70,0,0.6847,2397.0,10,0,0,0,0.0,0
0.5074,40,0,0.2325,9911.0,12,0,3,0,2.0,0
0.5498,41,0,0.1888,4176.0,4,0,2,0,1.0,0
3.0891,56,0,0.3143,1022.0,8,0,0,0,0.0,0
0.8335,60,1,0.1886,2740.0,3,0,2,0,1.0,0
0.1574,35,0,0.2196,13427.0,9,0,0,0,0.0,0
0.5751,61,0,0.0753,8498.0,12,0,0,0,3.0,0
0.2512,58,0,0.8052,,5,0,0,0,3.0,0
0.7626,43,0,0.3601,2636.0,12,0,0,0,0.0,0
1.015,25,0,0.5215,,10,0,0,0,0.0,1
0.2563,62,0,0.6081,5131.0,7,0,2,0,1.0,0
0.0753,56,0,0.3083,14247.0,7,0,0,0,0.0,0
0.7453,53,0,0.7611,,9,0,1,0,0.0,0
0.3628,31,0,0.2259,1774.0,8,0,2,0,1.0,0
4.3773,83,3,0.6604,4987.0,10,0,0,0,0.0,0
2.8568,37,0,0.3641,6693.0,9,0,1,0,1.0,0
0.3835,43,0,0.2813,,8,0,0,0,0.0,0
0.1873,64,0,0.7074,7119.0,10,0,3,0,1.0,0
1.6702,52,1,0.1935,5452.0,6,0,1,0,1.0,0
0.6688,54,0,0.4815,15441.0,5,0,3,0,0.0,0
0.4319,34,0,0.1641,3620.0,10,0,1,0,0.0,0
0.4334,33,0,0.2433,4754.0,10,0,1,0,0.0,0
0.1731,56,0,0.1006,6866.0,7,0,0,0,0.0,0
0.0295,45,0,0.3349,,2,0,0,0,1.0,0
0.5372,78,0,0.409,3407.0,4,0,3,0,,0
0.1923,35,0,0.1416,2870.0,9,0,1,0,0.0,0
3.5877,45,0,0.1598,2906.0,10,0,1,0,1.0,0
0.1679,54,0,0.1932,3779.0,4,0,1,0,0.0,0
0.2201,45,0,0.5452,,7,0,1,0,,0
2.7953,40,0,0.2253,,10,0,1,0,1.0,0
0.238,52,0,0.1938,4467.0,13,0,1,0,2.0,0
0.4769,80,0,0.4065,6050.0,15,0,1,0,1.0,0
5.374,42,0,0.0808,8421.0,7,0,1,0,2.0,0
0.0365,29,0,0.7619,4996.0,11,0,1,0,1.0,0
0.0804,59,0,0.1438,2179.0,9,0,3,0,1.0,0
0.6217,46,2,0.4905,6735.0,8,0,1,1,0.0,0
0.2654,37,0,0.8222,1185.0,7,0,2,0,0.0,0
0.0035,60,0,0.2507,5425.0,9,0,0,0,1.0,0
0.2825,58,0,0.6121,6689.0,11,0,1,0,0.0,0
0.2101,42,0,0.4268,3137.0,10,0,0,0,2.0,0
0.36,28,0,0.8245,,3,0,1,0,0.0,0
3.0768,64,0,0.448,7482.0,7,0,0,0,3.0,0
0.3724,42,0,0.4941,4908.0,6,0,1,0,3.0,0
0.7218,55,0,0.294,5747.0,5,0,0,0,1.0,0
0.3459,50,0,0.3756,,6,0,0,0,1.0,0
0.2711,59,0,0.4814,7838.0,3,0,1,0,2.0,0
0.1475,55,0,0.429,,4,0,2,0,0.0,0
0.0177,70,0,0.8542,9000.0,5,0,0,0,0.0,0
0.6293,61,0,0.5042,17419.0,12,0,2,0,0.0,0
0.7553,24,0,0.6108,5892.0,6,0,0,0,1.0,0
0.8037,47,0,0.4613,10363.0,9,0,1,0,0.0,0
0.2371,54,0,0.1357,,7,0,1,0,2.0,0
0.8217,46,0,0.9427,7385.0,12,0,2,0,1.0,0
0.507,68,0,0.1828,17666.0,7,0,0,0,1.0,0
0.0429,58,0,0.1903,7429.0,5,0,1,0,0.0,0
0.4109,25,0,0.0568,12075.0,11,0,1,0,0.0,1
0.4802,47,0,0.7968,7095.0,7,0,4,0,2.0,0
0.5143,52,0,0.2529,17467.0,7,0,2,0,1.0,0
1.0274,41,0,0.6702,,12,0,1,0,0.0,1
0.3773,61,0,0.447,9970.0,10,0,4,0,0.0,0
0.1268,60,0,0.428,3908.0,4,0,0,0,0.0,0
0.6808,57,0,0.24,5356.0,7,0,1,0,1.0,0
0.2342,62,0,0.7163,,8,0,0,0,0.0,0
0.464,71,1,0.5119,4717.0,12,0,1,0,1.0,0
0.9395,64,0,0.1878,10687.0,5,0,1,0,0.0,0
0.1561,63,0,1.0209,,2,0,2,0,1.0,0
0.1883,52,0,0.6128,2106.0,5,0,3,0,2.0,0
0.0881,44,0,0.3767,3348.0,7,0,0,0,0.0,0
0.6424,81,0,1.1982,16769.0,10,0,3,0,0.0,0
0.0071,58,0,0.2801,23839.0,8,0,1,0,0.0,0
0.2484,38,0,0.2755,4324.0,8,0,0,0,0.0,0
0.1744,51,0,0.2569,,9,0,2,0,,0
0.1297,47,0,0.1056,4935.0,10,0,1,0,0.0,0
0.297,64,0,0.6128,4472.0,13,0,3,0,4.0,0
0.4743,48,0,0.677,,1,0,1,1,3.0,1
5.0199,30,0,0.9383,4050.0,10,0,1,0,0.0,0
0.2667,60,0,1.0812,4073.0,9,0,0,0,0.0,0
0.3779,45,0,0.0766,4665.0,5,0,0,0,3.0,0
0.3047,21,0,0.3673,,9,0,2,0,2.0,0
0.4045,65,0,0.2848,2369.0,5,0,1,0,1.0,0
0.3328,34,0,0.7385,9726.0,7,0,0,0,0.0,0
0.8607,38,0,0.1625,5468.0,10,0,2,0,0.0,0
0.4795,53,0,0.7113,4496.0,8,0,0,0,0.0,0
0.2395,54,0,0.2341,8394.0,4,0,0,0,0.0,0
0.3293,44,0,0.7191,1305.0,7,0,0,0,,0
0.4194,57,0,0.1553,5883.0,6,0,0,0,1.0,0
0.2157,64,0,0.6944,8675.0,4,0,3,0,0.0,0
3.6845,39,0,0.5147,,9,0,0,0,2.0,0
0.0254,53,0,0.7711,11630.0,9,0,1,0,0.0,0
0.269,54,0,1.0572,3159.0,6,0,2,0,0.0,0
0.205,69,0,0.643,24673.0,10,0,1,0,0.0,0
0.3455,55,0,0.0385,,9,0,0,0,1.0,0
0.4876,26,0,0.5011,2849.0,4,0,0,0,1.0,1
0.1736,84,0,0.4778,1995.0,5,0,1,0,0.0,0
0.2649,53,0,0.6794,11346.0,9,0,2,0,0.0,0
2.4026,55,0,0.4881,3480.0,10,0,1,0,1.0,0
5.1486,50,0,0.6153,6544.0,6,0,1,0,3.0,0
0.5152,56,0,0.3431,3263.0,8,0,0,0,,0
0.0734,58,0,0.6111,1946.0,6,0,0,1,1.0,0
0.1867,63,0,0.1894,20101.0,7,0,1,0,1.0,0
0.0232,50,0,0.2267,8250.0,8,0,0,0,0.0,0
7.6336,21,0,0.1922,6269.0,9,0,2,0,1.0,0
1.2969,46,0,0.711,5245.0,4,0,0,0,0.0,0
0.4563,49,0,0.7971,3676.0,6,0,0,0,0.0,0
0.2289,42,0,1.0914,,13,1,0,1,1.0,0
0.3734,37,0,0.8648,11714.0,6,0,0,0,1.0,0
0.184,45,0,0.49,3723.0,8,0,1,0,0.0,0
0.0376,64,0,0.8842,,6,0,2,0,0.0,0
0.2914,56,0,0.9237,8237.0,10,0,1,0,0.0,0
2.1244,33,0,0.8211,,12,0,2,1,1.0,0
0.1747,27,0,0.3486,3856.0,4,0,3,0,0.0,0
0.4066,27,0,1.0248,4997.0,10,0,1,0,2.0,0
0.2011,55,0,0.4569,4002.0,7,0,0,0,0.0,0
0.4217,31,0,0.6028,5810.0,11,0,0,0,1.0,0
0.0169,50,0,0.5903,21390.0,7,0,0,0,0.0,0
0.0451,61,0,0.4813,7933.0,3,0,2,0,0.0,0
5.1042,57,0,0.1855,4501.0,7,0,1,0,1.0,0
2.6242,47,0,0.7375,4474.0,5,0,0,0,1.0,0
0.146,73,0,0.7923,15581.0,6,0,1,0,1.0,0
2.1606,43,0,0.5776,5402.0,4,0,3,0,0.0,0
0.2053,54,0,0.7916,5389.0,2,0,0,0,2.0,0
0.4049,46,0,0.0749,1675.0,7,0,0,0,0.0,0
0.711,49,0,0.4232,,8,0,0,0,0.0,0
0.0462,63,0,0.1345,7951.0,15,0,2,0,0.0,0
5.6743,61,0,0.298,5845.0,12,0,1,0,0.0,0
0.9901,26,0,0.2196,9526.0,7,0,0,0,0.0,0
0.1192,37,0,0.228,6395.0,5,0,0,0,0.0,0
0.5492,63,0,0.6984,,7,0,2,0,0.0,0
0.3001,33,0,0.0915,,6,0,1,0,0.0,0
0.0073,37,0,0.6432,8524.0,5,0,1,0,1.0,0
0.757,56,0,0.5817,11450.0,6,0,0,0,0.0,0
0.6099,65,0,0.2632,12714.0,7,0,2,0,0.0,0
0.1996,63,0,0.5256,3437.0,5,0,3,0,0.0,0
0.4693,29,0,1.3392,,7,0,1,0,0.0,1
1.4336,48,0,0.6287,12050.0,5,0,2,0,1.0,0
0.1343,46,0,0.8395,5679.0,6,0,0,0,2.0,0
0.1999,43,0,0.4285,3771.0,9,0,1,0,0.0,0
1.0537,30,0,0.0562,1790.0,4,0,0,0,0.0,0
0.4645,71,0,0.5877,2913.0,8,0,2,0,0.0,1
0.7079,50,0,0.6119,,10,0,2,0,3.0,0
0.6479,38,0,0.3312,7532.0,6,0,2,0,0.0,0
0.8249,57,0,0.6045,6551.0,10,0,1,1,0.0,0
0.3685,49,0,1.1074,8481.0,6,0,0,0,1.0,0
0.0745,63,0,1.0051,2477.0,14,0,0,0,0.0,0
0.4851,45,0,0.3284,5220.0,9,0,0,0,3.0,0
0.6346,45,0,0.2166,,12,0,1,0,1.0,0
2.3202,52,0,0.2319,3358.0,9,0,0,0,1.0,0
0.897,61,0,1.157,4980.0,9,0,1,0,0.0,1
0.2116,38,0,0.2741,,10,0,4,0,1.0,0
0.0321,32,0,0.6879,4125.0,7,0,1,0,0.0,0
3.9111,59,0,0.1423,,8,0,1,0,3.0,0
0.3347,56,0,0.0533,7958.0,4,0,1,0,,0
0.8162,52,0,0.4469,,3,0,2,0,2.0,0
0.408,53,1,0.7259,1698.0,10,2,0,3,1.0,0
0.6999,52,0,0.8468,4717.0,6,0,1,0,0.0,0
0.1571,71,0,0.7879,11810.0,6,0,1,0,,0
0.0196,55,0,0.3253,17341.0,8,0,1,0,1.0,0
0.6535,49,0,0.8499,5049.0,12,0,0,0,1.0,1
0.5323,37,0,0.4943,2710.0,11,0,2,0,1.0,0
0.196,46,0,0.3117,8275.0,9,0,0,0,1.0,0
0.2342,59,0,0.019,9103.0,7,0,1,0,0.0,0
0.5257,62,0,0.325,3534.0,6,0,1,0,0.0,0
0.829,31,0,0.9112,3431.0,10,0,0,0,1.0,1
2.5173,64,0,0.5398,1894.0,11,0,1,0,1.0,0
1.1984,50,1,0.1753,11495.0,10,0,1,4,0.0,0
3.0419,85,0,0.8492,5878.0,8,0,1,0,5.0,0
0.4477,69,0,0.6965,,11,0,0,0,2.0,1
0.3973,49,0,0.732,1854.0,10,0,1,0,2.0,0
0.1248,35,0,0.7407,,8,0,1,0,0.0,0
0.244,37,0,0.5083,,5,0,2,0,1.0,0
0.4405,44,0,1.0706,1151.0,9,0,3,0,0.0,0
0.1479,77,0,0.5519,3368.0,7,0,0,0,1.0,0
0.9071,47,0,0.3604,10684.0,7,0,1,0,1.0,0
0.5885,55,0,1.2421,8066.0,6,0,3,0,1.0,0
0.8122,50,0,0.7316,6086.0,6,3,1,0,1.0,0
0.164,49,2,0.2936,5364.0,11,0,2,3,1.0,0
0.5381,46,0,0.1101,12962.0,10,0,1,0,2.0,0
0.0764,72,0,0.4748,,12,0,0,0,0.0,0
2.0918,64,2,0.8456,11384.0,5,0,1,0,1.0,0
0.68,31,0,0.5759,7833.0,5,0,0,0,1.0,0
6.4535,28,0,0.336,,7,0,1,0,0.0,0
0.1009,63,0,0.0124,10812.0,10,0,1,0,1.0,0
0.5756,67,0,0.5654,2364.0,11,0,4,0,0.0,1
0.6615,39,0,0.4837,4395.0,10,0,0,0,3.0,0
1.0081,45,0,0.8695,2474.0,10,0,0,0,4.0,0
0.3665,67,0,0.9987,5954.0,6,0,1,0,0.0,0
0.3052,60,0,0.0571,2481.0,5,0,1,0,1.0,0
0.5976,52,0,0.2886,3453.0,12,0,1,0,1.0,0
0.5517,60,0,0.0397,7779.0,3,0,1,0,2.0,0
0.5834,48,0,0.047,,7,0,1,0,2.0,0
0.1853,46,0,1.3306,,8,0,1,0,1.0,0
0.3718,67,0,0.7394,2456.0,9,0,1,0,0.0,0
0.1816,42,0,0.4143,,6,0,0,0,0.0,0
0.6267,45,0,0.3778,3260.0,7,0,1,0,2.0,0
0.2509,75,0,0.0886,2522.0,3,0,2,0,4.0,0
0.5662,40,0,0.9732,5346.0,11,0,2,0,0.0,0
0.3698,75,0,0.7425,,11,0,2,0,0.0,0
0.1679,54,0,0.2997,7771.0,14,0,0,0,0.0,0
0.6126,52,0,0.6894,,6,0,0,0,1.0,0
0.4299,59,0,0.6988,,1,0,0,0,0.0,1
2.4768,63,0,0.3734,7020.0,9,0,1,0,1.0,0
0.0031,71,0,0.9387,9508.0,9,0,0,0,0.0,0
0.1806,49,0,0.5196,1915.0,11,0,1,0,3.0,0
0.2942,58,0,0.6073,18191.0,2,0,0,0,0.0,0
0.2743,45,0,0.1669,,11,0,2,0,0.0,0
0.0131,44,0,0.488,7273.0,10,0,1,0,1.0,0
4.2698,53,0,0.3439,13684.0,11,0,0,0,0.0,0
0.2251,62,0,0.4688,7442.0,7,0,2,0,0.0,0
0.002,39,0,0.1459,2619.0,1,0,0,0,0.0,0
0.5668,29,0,0.5998,3973.0,8,0,0,0,2.0,0
0.3025,37,0,0.5458,19522.0,14,0,1,0,0.0,0
0.5336,45,0,0.6296,13675.0,6,0,0,0,0.0,0
0.5311,70,0,1.0649,,3,0,1,0,3.0,0
0.0447,40,0,0.4165,7163.0,8,0,3,0,0.0,0
0.605,59,0,0.4218,,10,0,0,0,0.0,0
0.3339,68,0,0.7506,,10,0,2,0,0.0,0
1.6942,41,2,0.3523,4720.0,7,0,1,1,4.0,0
0.5211,71,0,0.1945,,16,0,2,0,0.0,0
0.2102,60,0,0.713,5897.0,11,0,3,0,1.0,0
0.0633,38,0,0.7315,6302.0,10,0,0,0,1.0,0
3.6898,46,0,0.3245,,7,0,0,0,1.0,0
0.2485,41,0,0.4146,8275.0,9,0,1,0,1.0,0
0.6127,48,0,0.7404,3862.0,10,0,1,0,1.0,0
0.2745,57,0,1.04,,8,0,0,0,1.0,0
4.1234,43,0,0.1853,4373.0,10,0,0,0,0.0,0
0.4062,57,0,0.0693,,9,0,2,0,1.0,0
0.359,54,0,0.2482,4500.0,13,0,0,0,0.0,0
0.0427,37,0,0.3297,2498.0,8,0,4,0,0.0,0
1.18,57,1,0.8151,9676.0,9,0,1,1,2.0,0
0.1877,67,0,0.3525,7411.0,5,0,1,0,0.0,0
0.3069,48,0,0.5557,5181.0,7,0,1,0,1.0,0
1.0861,62,0,0.3633,19985.0,9,0,2,0,3.0,0
0.0625,37,0,0.6484,7334.0,6,0,0,0,,0
0.9024,73,0,1.1132,,7,0,1,0,1.0,1
0.9198,60,0,0.1115,2694.0,10,0,1,0,2.0,0
1.1463,62,0,0.6214,,9,0,1,0,,0
0.4373,42,0,0.2136,4741.0,12,0,1,0,1.0,0
0.0825,62,0,0.3501,5176.0,10,0,0,0,1.0,0
2.4298,57,0,0.7898,5499.0,7,0,0,0,0.0,0
0.2152,62,0,0.8658,6003.0,8,0,0,0,0.0,0
0.9006,70,0,0.3108,,7,0,1,0,0.0,0
1.1277,45,0,0.5636,6123.0,7,0,1,0,2.0,0
0.3185,70,0,0.4278,,13,0,2,0,0.0,0
0.0801,62,0,0.7523,3112.0,5,0,2,0,1.0,0
0.2403,35,0,0.1789,,7,0,0,0,1.0,0
0.4564,75,0,0.4803,4918.0,15,0,0,0,2.0,1
0.1451,44,0,0.1239,4716.0,8,0,1,0,0.0,0
0.1144,55,0,0.6213,5617.0,9,0,2,0,2.0,0
0.1541,55,0,0.623,9128.0,13,0,0,0,1.0,0
0.3805,39,0,0.7188,,6,0,0,0,1.0,0
0.2793,64,0,0.3269,2068.0,5,0,2,0,1.0,0
0.4669,46,2,0.3805,,16,0,0,0,,0
0.404,34,0,0.41,10245.0,10,0,1,0,1.0,0
0.2549,40,0,0.9854,2531.0,7,0,0,0,2.0,0
1.6099,27,0,0.4118,4820.0,12,0,0,0,1.0,0
0.2026,33,0,0.227,8479.0,6,0,2,0,,0
0.1684,66,0,0.5155,13237.0,7,0,1,0,2.0,0
2.1713,30,0,0.4644,3346.0,6,0,0,0,3.0,1
2.2695,57,0,0.3856,12092.0,4,0,1,0,0.0,0
0.0267,44,0,0.7197,3809.0,8,0,0,0,2.0,0
0.1274,67,0,0.1088,22297.0,8,0,1,0,2.0,0
0.0373,52,0,0.5793,,9,0,0,0,0.0,0
0.2286,35,0,0.4009,4491.0,11,0,0,0,1.0,0
0.0651,60,0,0.9038,34247.0,8,0,1,0,0.0,0
0.0677,47,0,0.6769,5444.0,8,0,2,0,1.0,0
0.293,61,0,0.2365,14396.0,9,0,2,0,1.0,0
0.3748,56,0,0.3252,2772.0,10,0,3,0,0.0,0
0.6129,37,0,0.8379,3336.0,5,0,0,0,0.0,0
0.1721,50,0,0.5327,6012.0,5,0,0,0,1.0,0
4.2025,44,0,0.7268,3121.0,8,0,0,0,1.0,0
0.0934,48,0,1.0054,4569.0,12,0,2,0,0.0,0
0.0657,50,0,0.0995,3591.0,3,0,0,0,3.0,0
0.5942,30,0,0.3903,2044.0,6,0,0,0,1.0,0
0.3389,56,0,0.4559,8755.0,9,0,0,0,0.0,0
0.605,47,0,0.6866,6436.0,9,0,2,0,1.0,0
0.851,34,1,0.5329,12366.0,9,1,3,0,1.0,0
0.1748,36,1,0.4433,8754.0,9,0,1,0,0.0,1
0.2473,28,0,0.3055,4473.0,10,0,0,0,1.0,0
0.6107,79,0,0.4114,21575.0,10,0,1,0,1.0,0
0.1056,51,0,0.497,4229.0,10,0,1,0,0.0,0
1.9096,57,0,0.7108,5422.0,12,0,0,0,0.0,0
0.4059,72,0,0.2974,11163.0,7,0,0,0,0.0,0
3.2314,90,0,0.4443,9873.0,9,0,1,0,1.0,1
2.4202,42,0,0.9062,,8,0,1,0,0.0,1
0.3524,45,0,0.8515,9476.0,10,0,1,0,1.0,0
0.4273,38,0,0.5904,3023.0,6,0,1,0,2.0,0
3.9908,50,0,0.9546,4235.0,8,0,0,0,2.0,0
0.4706,27,0,0.5601,6149.0,3,0,1,0,0.0,0
0.2941,70,0,0.3545,5680.0,7,0,0,0,0.0,0
0.4906,59,0,0.0957,8519.0,6,0,0,0,0.0,0
0.393,49,0,0.5121,7931.0,6,0,2,0,0.0,0
0.4978,31,0,0.7894,10822.0,2,0,1,0,0.0,0
0.2881,72,0,1.2001,3665.0,4,0,2,0,2.0,0
0.6022,46,2,1.1592,8704.0,5,0,3,0,0.0,0
0.2743,76,0,0.2532,3985.0,8,0,2,0,2.0,0
0.2177,48,0,0.6768,,9,0,1,0,1.0,0
0.4121,53,0,0.0298,,9,0,0,0,2.0,0
1.2319,34,0,0.9627,,7,0,0,0,2.0,1
0.2076,69,0,0.1444,,11,0,1,0,0.0,0
0.3178,29,0,0.825,3478.0,6,0,2,0,0.0,0
0.4362,63,0,0.5601,8781.0,8,0,2,0,0.0,0
0.3599,71,0,0.5384,3442.0,5,0,1,0,0.0,0
0.1703,29,0,0.3801,2469.0,8,0,1,0,1.0,0
0.2298,65,0,1.3708,5488.0,6,0,0,0,1.0,0
0.4393,72,0,0.3124,7765.0,9,0,3,0,2.0,0
1.2419,58,1,0.4398,14611.0,8,0,1,2,0.0,0
0.6307,60,0,0.974,4239.0,10,0,1,0,0.0,0
0.7219,57,0,0.5828,10634.0,6,0,1,0,0.0,0
0.0762,53,0,0.6254,2035.0,10,0,1,0,0.0,0
1.604,38,1,0.5239,4956.0,8,0,1,0,1.0,0
0.172,51,0,0.9607,6288.0,8,0,1,0,1.0,0
0.0944,48,0,0.2147,11505.0,9,0,2,0,1.0,0
0.3505,78,0,0.6204,,11,0,4,0,3.0,0
0.4895,51,0,0.4821,10311.0,6,0,0,0,1.0,0
2.3355,52,0,0.98,5293.0,6,0,2,0,1.0,0
0.1876,55,0,0.7925,6593.0,15,0,1,0,1.0,0
0.6197,58,0,0.687,,7,0,0,0,0.0,0
0.0112,41,0,0.3526,6403.0,4,0,0,0,1.0,0
0.1126,65,0,0.6935,4560.0,7,0,2,0,0.0,0
0.337,51,0,0.4133,4472.0,6,0,0,0,2.0,0
1.3193,62,0,0.4036,,6,0,0,0,1.0,1
0.5895,39,0,0.5989,1617.0,9,0,1,0,1.0,1
0.4673,50,0,0.1202,,4,0,1,0,1.0,0
0.8687,73,0,0.7651,11244.0,15,0,0,0,0.0,0
0.3951,80,0,0.0191,6368.0,13,0,0,0,0.0,1
0.1334,61,0,0.2056,8661.0,3,0,1,0,1.0,0
0.3444,36,0,0.5197,12194.0,8,0,2,0,1.0,0
0.4066,26,0,0.996,6695.0,8,0,2,0,3.0,0
0.5567,61,0,0.1172,,13,0,0,0,1.0,0
0.0649,80,0,0.5859,,8,0,0,0,0.0,0
0.2318,47,0,0.6272,17114.0,4,0,1,0,0.0,0
0.3933,49,0,0.5166,5577.0,8,0,2,0,0.0,0
0.172,56,0,0.6015,9432.0,4,0,1,0,1.0,0
0.2042,87,0,0.1064,3707.0,10,0,0,0,3.0,0
1.1541,55,0,0.3058,16607.0,9,0,0,0,3.0,0
0.9534,55,0,0.2816,,10,0,0,0,1.0,0
0.3822,47,0,0.573,2265.0,9,0,0,0,0.0,0
0.3149,54,0,0.0159,8975.0,6,0,1,0,2.0,0
0.5704,68,0,0.1003,,4,0,0,0,0.0,0
0.6861,43,0,0.1234,3776.0,8,0,0,0,0.0,0
0.1279,66,0,0.4724,11575.0,4,0,0,0,0.0,0
0.3077,66,0,0.7355,24061.0,16,0,1,0,1.0,0
1.2087,41,0,0.2522,4168.0,5,0,2,0,1.0,0
0.0018,63,0,0.6233,900.0,7,0,0,0,1.0,0
0.2566,81,0,1.0719,6955.0,12,0,0,0,0.0,0
0.4619,35,0,0.8041,2510.0,6,0,2,0,1.0,0
0.0027,50,0,0.4065,15654.0,8,0,0,0,1.0,0
0.0596,56,0,0.813,14306.0,12,0,1,0,0.0,0
0.5864,58,0,0.5609,5007.0,6,0,2,0,0.0,0
0.2155,39,0,0.2704,3973.0,7,0,0,0,0.0,0
0.9936,35,0,0.9104,9285.0,5,0,1,0,0.0,0
0.219,42,0,0.6694,7322.0,8,0,2,0,0.0,0
0.4102,53,0,0.4423,4905.0,7,0,1,0,0.0,0
0.5335,46,1,0.383,9376.0,7,0,0,0,0.0,0
3.9676,64,0,0.3686,6010.0,11,0,0,0,0.0,0
0.9085,69,0,0.4097,5745.0,10,0,0,2,,0
0.1737,40,0,0.7094,2847.0,15,0,1,0,1.0,0
0.8629,57,2,0.2345,3812.0,10,0,1,0,1.0,0
0.0309,53,0,0.2027,6553.0,9,0,2,0,1.0,0
1.3195,88,0,0.2034,5815.0,5,0,3,0,1.0,0
0.0662,46,0,0.2079,7831.0,9,0,0,0,0.0,0
0.0399,58,0,0.1463,6759.0,5,0,0,0,0.0,0
1.9812,80,2,0.547,4257.0,10,0,2,0,0.0,0
0.4655,24,0,0.0985,,8,0,0,0,1.0,1
0.7298,73,0,0.7941,6276.0,9,0,0,0,1.0,0
0.3821,43,0,0.1372,1964.0,4,0,0,0,0.0,0
1.3663,32,2,0.7256,,6,2,0,0,1.0,0
0.001,56,0,1.0423,5821.0,13,0,0,0,2.0,0
0.1186,55,0,0.2609,10687.0,6,0,1,0,1.0,0
0.1272,61,0,0.9943,,7,0,1,0,0.0,0
0.2987,63,0,0.4211,5207.0,9,0,1,0,1.0,0
0.8921,51,0,0.0157,6304.0,6,0,0,0,0.0,0
0.5317,77,0,0.3183,1864.0,8,0,0,0,1.0,1
0.4111,72,0,0.3114,8763.0,12,0,0,0,1.0,0
0.2803,58,0,0.5406,6349.0,9,0,1,0,3.0,0
0.1507,57,0,0.194,2316.0,9,0,3,0,0.0,0
0.6542,69,0,0.4,2642.0,13,0,0,0,3.0,0
1.0882,53,0,0.106,5784.0,16,0,0,0,1.0,0
0.1567,35,0,0.2282,6437.0,6,0,0,0,,0
0.4795,51,3,0.649,9375.0,7,0,0,0,2.0,0
0.0023,47,0,0.4835,5296.0,8,0,0,0,2.0,0
0.7428,54,0,0.2443,4654.0,9,0,1,0,0.0,0
0.7939,36,0,0.2933,12375.0,6,0,1,0,2.0,0
0.2491,38,0,0.5258,,11,0,2,0,1.0,0
0.2599,68,0,0.3686,,7,0,0,0,1.0,0
0.3593,53,0,0.1676,,4,0,0,0,1.0,0
0.7363,48,0,0.4097,,14,0,2,0,1.0,0
0.1183,46,0,0.3544,,9,0,1,0,1.0,0
1.1482,50,0,0.117,7677.0,6,0,1,0,0.0,0
0.3267,55,0,0.2613,3956.0,6,0,1,0,0.0,0
0.8629,29,0,0.2118,1789.0,3,0,1,0,3.0,0
0.0183,47,0,0.6759,6359.0,6,0,1,0,0.0,0
0.3971,55,0,0.3636,5734.0,9,0,1,0,3.0,0
0.7985,50,0,0.1088,14587.0,6,0,0,0,1.0,0
0.5166,28,0,0.6471,8397.0,4,0,0,0,1.0,0
0.4178,53,0,0.4945,6030.0,7,0,2,0,0.0,0
0.1817,52,0,0.1866,1905.0,5,0,1,0,1.0,0
0.1989,43,0,0.2012,6182.0,12,0,5,0,2.0,0
0.8832,39,0,0.737,3467.0,4,0,1,0,4.0,0
0.309,55,0,0.5893,13590.0,7,0,1,0,1.0,0
0.0602,54,0,0.7026,15697.0,11,0,0,0,3.0,0
1.2643,59,0,0.3974,,10,0,0,0,1.0,0
0.338,82,0,0.1529,2115.0,5,0,2,0,1.0,0
0.4859,60,0,1.0717,12685.0,8,0,1,0,1.0,0
0.3493,42,0,0.4122,8162.0,9,0,1,0,0.0,0
0.7914,70,0,0.7115,6846.0,6,0,0,0,0.0,0
0.1164,49,0,0.5325,6942.0,5,0,1,0,,0
0.2142,49,0,0.2975,2045.0,12,0,0,0,1.0,0
2.5875,40,0,0.4146,4612.0,10,0,1,0,1.0,0
0.4344,60,0,0.2186,,4,0,2,0,0.0,0
0.5196,48,0,0.4285,,11,0,3,0,1.0,0
0.2855,65,0,0.2283,2041.0,3,0,0,0,2.0,0
0.273,61,0,0.6829,10595.0,10,0,0,0,0.0,0
0.239,41,0,0.5988,8156.0,8,0,2,0,0.0,0
0.009,39,0,0.2992,938.0,7,0,1,0,1.0,0
0.2042,56,2,0.7454,,7,0,0,0,0.0,0
0.0756,70,0,0.7456,,6,0,1,0,1.0,0
0.2211,67,0,0.126,13917.0,8,0,3,0,0.0,0
0.5783,74,0,1.0185,5833.0,8,0,1,0,1.0,0
0.2279,55,0,0.4915,,4,0,0,0,2.0,0
0.3711,65,0,0.0387,5610.0,6,0,1,0,0.0,0
0.2712,69,0,0.3496,16942.0,5,0,2,0,1.0,1
0.0501,81,0,0.2725,10798.0,10,0,0,0,2.0,0
0.0501,59,0,0.4364,,6,0,3,0,0.0,0
0.6187,48,0,0.3441,1491.0,9,0,0,0,1.0,0
0.0233,69,0,0.3114,8825.0,13,0,0,0,0.0,1
0.3244,34,0,0.2021,2292.0,11,0,1,1,0.0,0
0.5125,68,1,0.3751,4895.0,6,0,0,0,1.0,0
0.5685,72,0,0.2125,10821.0,7,0,1,0,0.0,0
0.2648,67,0,0.3428,3060.0,7,0,0,0,1.0,0
0.8986,40,0,0.0998,17984.0,3,0,0,0,0.0,0
0.4681,56,0,0.1945,2857.0,6,0,1,0,0.0,0
0.1823,68,0,0.2369,10718.0,4,0,1,0,0.0,0
2.6281,60,0,0.6794,7586.0,4,0,1,0,0.0,0
0.421,54,0,0.5158,7257.0,9,0,0,0,1.0,0
0.4874,56,0,0.8037,3247.0,5,0,1,0,1.0,0
0.1411,95,0,0.0405,8375.0,10,0,0,0,1.0,0
0.0796,39,0,0.6438,3021.0,6,0,0,0,1.0,0
0.2073,35,0,0.1581,3406.0,8,0,1,0,1.0,0
0.0669,40,0,0.0839,4508.0,8,0,3,0,1.0,0
0.2657,83,0,0.3097,3831.0,6,0,0,0,1.0,0
0.2264,63,0,0.4103,4494.0,10,0,1,0,1.0,0
0.0192,45,0,0.7938,13691.0,5,0,2,0,3.0,0
1.0676,84,0,0.2404,,7,0,0,0,0.0,1
0.5415,37,0,0.2828,6445.0,4,0,0,0,3.0,0
0.4431,45,0,0.4955,3867.0,6,0,2,0,0.0,0
1.3586,37,0,0.7336,4388.0,8,0,0,0,1.0,0
0.4751,54,0,0.366,7902.0,13,0,0,0,1.0,0
0.0131,60,0,0.7302,11686.0,10,0,0,0,1.0,0
0.9773,55,0,0.811,6326.0,6,0,2,0,0.0,0
0.1559,70,0,0.7909,3011.0,4,0,0,0,1.0,0
0.7342,47,1,0.7797,18332.0,9,0,0,0,1.0,0
0.0481,49,0,0.6071,3201.0,10,0,0,0,0.0,0
0.8361,57,0,1.0554,4186.0,10,0,1,0,0.0,0
0.036,79,0,0.6062,5582.0,11,0,0,0,1.0,0
6.2308,59,0,0.1094,,6,0,0,0,1.0,0
0.3371,49,0,0.7575,5522.0,11,0,0,0,2.0,0
0.7883,64,0,0.8944,6746.0,6,0,0,0,2.0,0
0.3897,50,0,0.5127,,2,0,0,0,1.0,0
0.191,57,0,0.9524,7450.0,10,0,1,0,2.0,0
1.25,51,0,0.5231,3367.0,11,0,1,0,1.0,0
0.2022,36,0,0.6559,2314.0,7,0,0,0,0.0,0
0.9995,44,0,0.6059,4590.0,13,0,0,0,1.0,0
0.0072,74,0,0.5844,3216.0,6,0,0,0,2.0,0
0.4851,57,0,0.5912,5353.0,5,0,0,0,0.0,0
0.4581,55,0,0.601,9289.0,9,0,0,0,1.0,0
0.4654,53,0,0.153,1636.0,6,0,1,0,0.0,0
0.1606,49,0,0.0918,5169.0,7,0,2,0,0.0,0
14.1289,53,0,0.451,5835.0,5,0,2,0,2.0,0
0.2054,48,0,0.4633,2842.0,10,0,1,0,1.0,0
1.2126,56,0,0.6378,22771.0,6,0,1,1,4.0,0
0.1427,38,0,0.2305,3462.0,6,0,2,0,0.0,0
0.3197,62,0,0.2603,11158.0,10,0,3,0,0.0,0
0.2228,52,0,0.4547,18459.0,6,0,1,0,0.0,0
0.5119,35,1,0.1867,5860.0,12,0,0,0,0.0,0
0.0812,49,0,0.2774,7305.0,6,0,1,0,,0
7.5847,47,0,0.8234,,7,0,2,0,2.0,0
8.6397,67,0,0.9687,3300.0,8,0,0,0,0.0,0
0.072,50,0,1.0289,,15,0,0,0,1.0,0
0.5721,42,0,0.8096,2546.0,8,0,0,0,1.0,1
0.3446,25,0,0.3894,3617.0,12,0,1,0,1.0,0
0.3085,45,0,0.4626,7939.0,7,0,0,0,1.0,0
0.6429,69,0,0.7021,698.0,10,0,0,0,1.0,1
0.0523,59,0,0.1925,5614.0,4,0,0,0,1.0,0
1.0291,41,0,0.5492,,6,0,3,0,0.0,0
0.112,50,0,0.4011,3152.0,4,0,2,0,1.0,0
0.1285,54,0,0.8701,10194.0,9,0,0,0,1.0,0
0.354,75,0,0.7811,,7,0,1,0,0.0,0
0.5531,53,0,0.4008,11042.0,11,0,1,0,1.0,0
0.1116,45,0,0.6284,2308.0,9,0,0,0,1.0,0
0.4362,58,0,0.4777,6259.0,5,0,0,0,0.0,0
1.6554,62,0,0.4605,8103.0,7,0,0,0,2.0,0
0.0024,63,0,0.0552,2330.0,11,0,2,0,2.0,0
0.2511,63,0,0.305,2952.0,7,0,2,0,0.0,0
0.0812,83,0,0.7329,7278.0,5,0,2,0,1.0,0
0.2625,36,0,0.1433,,8,0,0,0,0.0,0
0.0407,51,0,0.3841,1827.0,12,0,0,0,1.0,0
0.5288,52,0,0.5289,3939.0,5,0,2,0,0.0,0
2.5651,35,0,0.8568,2230.0,8,0,1,0,1.0,0
0.2573,37,0,0.2316,,4,0,0,0,0.0,0
0.3036,49,0,0.3439,4378.0,10,0,0,0,2.0,0
0.1138,47,0,0.3275,3096.0,5,0,1,0,0.0,0
0.473,45,0,0.4199,,6,0,1,0,0.0,0
0.5561,27,0,0.6044,3823.0,6,0,2,0,1.0,1
0.0721,37,0,0.6771,6184.0,8,0,0,0,0.0,0
3.9094,45,0,0.2864,3756.0,3,0,2,0,0.0,0
0.8334,49,0,0.7763,3038.0,6,0,0,0,1.0,1
0.3252,57,0,0.1392,,9,0,2,0,0.0,0
0.4,49,0,0.1498,2500.0,8,0,0,0,1.0,0
0.8972,43,0,0.8058,3171.0,4,0,0,0,0.0,0
0.5183,57,0,0.526,2561.0,7,0,0,4,0.0,0
0.1733,56,0,1.1637,6566.0,7,0,1,0,0.0,0
0.2368,39,0,0.6563,4246.0,6,0,1,0,1.0,0
0.0824,80,0,0.1097,7592.0,9,0,2,0,4.0,0
0.1003,21,0,0.6308,2112.0,11,0,1,0,1.0,0
0.2313,62,0,0.47,2586.0,8,0,0,0,2.0,0
0.0373,65,0,0.4847,,9,0,1,0,0.0,0
0.3517,67,0,0.64,6905.0,7,0,2,0,1.0,0
2.3622,57,0,0.7756,,7,0,0,0,0.0,0
0.4041,33,0,0.2207,5265.0,9,0,0,0,0.0,0
0.8432,80,0,0.4516,10210.0,11,0,1,0,3.0,0
0.7014,33,0,0.6567,8463.0,5,0,0,0,1.0,0
0.1355,37,0,1.208,8475.0,13,0,1,0,1.0,0
2.2198,45,0,0.3536,11404.0,5,0,1,0,3.0,0
0.2123,35,0,0.424,14752.0,7,0,1,0,1.0,0
0.09,35,0,0.4411,8893.0,8,0,0,0,,0
0.5711,40,0,0.5072,,7,0,0,0,0.0,0
0.3023,25,0,0.1881,1607.0,13,0,0,0,0.0,0
0.482,54,0,0.0829,34277.0,10,0,0,0,0.0,0
0.0527,46,0,0.7961,,6,0,3,0,1.0,0
3.935,49,0,0.723,13612.0,4,0,4,0,2.0,0
0.3834,56,0,0.55,6971.0,7,0,1,0,2.0,0
5.6934,50,0,0.2053,5440.0,11,0,2,0,0.0,0
0.0044,43,0,0.6562,2450.0,4,0,1,0,0.0,0
6.1559,59,0,0.4979,4572.0,12,0,4,0,1.0,0
0.753,48,3,0.8057,,5,0,1,0,0.0,0
0.0827,41,0,0.529,4796.0,8,0,1,0,1.0,0
0.2902,50,0,0.126,4331.0,6,0,0,0,1.0,0
0.032,70,0,1.3964,19139.0,4,0,0,0,1.0,0
0.6438,44,0,0.6262,2226.0,9,0,2,0,1.0,0
0.5672,61,1,0.8169,4540.0,1,0,2,0,1.0,0
0.3895,38,0,1.1564,,4,0,2,0,0.0,0
0.4654,52,1,0.6003,8158.0,5,0,0,0,1.0,0
0.9923,56,0,1.0017,,8,0,1,0,2.0,0
0.1919,40,0,0.5785,1356.0,12,0,0,0,1.0,0
0.0314,47,0,0.3247,4688.0,5,0,2,0,2.0,0
0.1355,39,0,0.1386,,5,0,1,0,0.0,0
0.5647,40,0,0.7761,,9,0,0,0,3.0,0
0.2352,52,0,0.4012,2971.0,8,0,1,0,0.0,0
0.1067,75,0,0.8752,6069.0,4,0,0,0,0.0,0
0.0756,58,0,0.376,9642.0,9,0,1,0,0.0,0
0.6557,53,0,0.147,6904.0,7,0,2,0,0.0,0
0.0788,72,0,0.413,16271.0,7,0,0,0,1.0,0
0.2685,34,0,0.4435,6004.0,11,0,1,0,1.0,0
0.3053,71,0,0.0782,5633.0,9,0,0,0,0.0,1
0.6987,47,0,1.1264,5086.0,8,0,1,0,0.0,0
0.0028,56,0,0.1685,6497.0,13,0,3,0,0.0,0
0.2965,62,0,0.5598,3191.0,6,0,0,0,3.0,0
0.555,59,0,0.4773,1505.0,10,0,0,0,,0
0.2391,47,0,0.9621,3229.0,5,0,0,0,0.0,0
0.6611,64,0,0.5733,8754.0,6,0,0,0,2.0,0
0.9142,47,0,1.139,4958.0,8,0,0,2,1.0,0
0.7305,47,0,0.1614,27134.0,4,0,2,0,1.0,0
0.0703,52,0,0.444,5294.0,14,0,1,0,0.0,0
0.1743,59,0,0.428,6718.0,11,0,1,0,,0
0.1694,38,0,0.8462,7559.0,8,0,2,0,1.0,0
0.0495,40,0,0.2511,2505.0,5,0,0,0,0.0,0
0.3614,28,0,0.3056,3408.0,8,0,0,0,2.0,0
0.4945,48,0,0.7485,3505.0,7,0,1,0,0.0,0
0.3514,67,0,0.7504,2750.0,7,0,4,0,1.0,0
0.0647,95,0,0.0576,12820.0,7,0,0,0,1.0,1
0.5627,56,0,1.0639,4105.0,8,0,1,0,0.0,0
1.223,75,0,1.2001,7694.0,8,0,0,0,1.0,0
0.527,53,0,0.6135,,10,0,0,0,1.0,0
0.1682,54,0,0.5343,4386.0,9,0,1,0,2.0,0
0.1077,51,0,0.1678,5345.0,2,0,2,0,1.0,0
3.5002,52,0,0.4574,,6,0,2,0,2.0,0
0.4523,52,0,0.4357,4869.0,7,0,0,0,1.0,0
0.9794,48,0,0.234,5437.0,7,0,0,0,2.0,0
0.8786,77,0,0.1708,,14,0,0,0,2.0,0
0.1834,60,0,0.2772,3380.0,7,0,3,0,0.0,0
0.4992,42,0,0.427,8725.0,10,0,0,1,1.0,0
2.8959,61,0,0.6715,,8,0,0,0,0.0,0
0.4489,66,0,1.0549,4407.0,10,0,0,0,1.0,0
0.5797,35,0,0.8172,4958.0,11,0,0,0,0.0,0
2.0739,67,0,0.5733,3667.0,5,0,3,0,0.0,0
4.0859,65,0,0.3059,3729.0,4,0,0,0,1.0,0
0.0858,58,0,0.2976,3943.0,12,0,1,0,0.0,0
0.3052,75,0,1.0558,7240.0,12,0,1,0,1.0,0
1.1955,67,0,0.2475,,6,0,0,0,0.0,0
0.9433,47,0,0.3552,,4,0,1,0,1.0,0
0.6573,55,0,0.1992,1241.0,6,0,0,0,1.0,0
0.5222,72,0,0.8929,,6,0,0,0,2.0,1
0.6898,46,0,0.2512,5009.0,5,0,1,0,2.0,0
0.0079,47,0,0.4098,,7,0,0,0,1.0,0
0.4217,57,0,0.4258,10837.0,5,0,2,0,1.0,0
0.1006,50,0,0.1327,,11,0,2,0,1.0,0
0.0448,87,0,0.0614,10628.0,8,0,0,0,1.0,0
2.8212,72,1,0.9055,11508.0,5,0,2,0,0.0,0
0.8781,83,0,0.543,6356.0,11,0,1,0,1.0,0
0.512,70,0,0.7928,,8,0,0,0,2.0,0
0.2037,56,1,0.1724,12082.0,4,0,2,0,1.0,0
0.2885,25,0,0.5589,5817.0,9,0,2,0,0.0,0
0.2028,58,0,0.6919,3373.0,4,0,2,0,0.0,0
1.2654,37,0,0.6091,,12,0,1,1,1.0,0
0.6482,31,0,0.1903,7744.0,15,0,0,0,0.0,0
0.1779,69,0,0.2714,3327.0,13,0,3,0,,0
0.1598,37,0,0.0507,3695.0,4,0,0,0,1.0,0
0.0048,43,0,0.3211,2660.0,11,0,2,0,1.0,0
0.2973,46,0,0.4254,6628.0,10,0,0,0,0.0,0
0.3012,55,0,0.6699,6118.0,8,0,1,0,1.0,0
0.4538,52,0,0.4061,6606.0,8,0,0,0,1.0,0
1.5688,63,0,0.8872,4966.0,7,0,0,0,2.0,0
0.6097,61,0,0.9306,8997.0,10,0,0,0,0.0,0
0.6152,30,0,0.5287,6034.0,8,0,1,0,0.0,0
0.205,74,0,0.2199,11309.0,14,0,0,0,3.0,0
0.7047,36,0,0.3766,4099.0,5,0,0,0,0.0,0
0.3974,38,0,0.2222,,10,0,1,0,0.0,0
0.7786,77,0,0.524,,7,0,2,0,0.0,1
0.4924,51,0,0.8802,,4,0,2,0,0.0,0
0.1301,68,0,0.8614,9223.0,8,0,1,0,1.0,0
0.4303,62,0,0.6653,8248.0,10,0,0,0,0.0,0
0.8669,59,2,0.3416,3098.0,11,0,0,0,0.0,0
0.0827,42,0,0.1426,4578.0,10,0,0,0,3.0,0
0.248,49,0,0.6596,3728.0,9,0,1,0,0.0,0
0.1039,76,0,0.0754,7085.0,6,0,0,0,1.0,0
0.1646,42,0,0.1358,5417.0,6,0,3,0,1.0,0
0.2948,53,0,0.4449,,5,0,1,0,2.0,0
4.4406,59,0,0.3167,7784.0,5,0,0,0,1.0,0
2.9154,47,0,0.3922,1350.0,8,0,0,0,1.0,0
0.2823,42,0,0.0539,4788.0,5,0,0,0,1.0,0
0.3824,50,0,0.8285,3886.0,6,0,0,0,1.0,0
0.2189,49,0,0.0638,,10,0,0,0,1.0,0
0.1695,31,0,1.0034,3099.0,12,0,1,0,0.0,0
0.5873,56,0,0.3153,3305.0,11,0,2,0,1.0,0
0.2944,71,0,0.4845,2644.0,3,0,2,0,1.0,0
0.1764,21,0,0.2685,3427.0,3,0,0,0,0.0,0
0.3223,55,3,0.6521,,14,0,0,1,3.0,0
0.0887,21,0,0.1943,1826.0,4,0,0,0,0.0,0
0.4429,73,0,0.1007,4317.0,12,0,1,0,1.0,0
0.9341,44,0,0.5115,4032.0,10,0,1,0,0.0,0
0.052,52,0,0.2987,3692.0,7,0,1,0,0.0,0
0.4532,38,0,0.2306,10441.0,11,0,1,0,0.0,0
0.4237,80,0,0.5444,2294.0,10,0,1,0,1.0,0
2.1635,81,0,0.5498,1973.0,5,0,0,0,0.0,1
0.6524,36,0,0.5696,2512.0,10,0,1,0,1.0,1
0.8486,35,0,0.1971,9161.0,5,0,0,0,1.0,0
0.6235,64,0,0.5783,6759.0,11,0,0,0,0.0,0
0.7301,64,0,0.2185,5436.0,11,0,0,0,0.0,0
0.0584,47,0,0.347,11182.0,10,0,1,0,3.0,0
0.3909,37,0,0.4891,,10,0,0,0,0.0,0
0.2765,73,0,0.329,1791.0,9,0,0,0,0.0,0
0.0579,48,0,0.2165,,7,0,1,0,3.0,0
0.0631,47,0,0.8145,3249.0,11,0,0,0,,0
1.778,54,2,0.5093,2128.0,6,0,2,0,1.0,0
5.3848,31,0,0.1794,5670.0,6,1,0,0,3.0,0
0.3416,43,0,0.3799,,8,0,0,0,0.0,0
0.1852,38,0,0.6957,10469.0,5,0,1,0,0.0,0
0.2881,24,0,0.2184,9158.0,15,0,1,0,0.0,0
0.1446,40,0,0.3792,3390.0,9,0,0,0,0.0,0
0.5813,51,2,0.6137,4121.0,8,0,2,0,3.0,0
0.7694,41,0,0.2927,4255.0,8,0,0,0,0.0,0
0.2211,50,0,0.444,14355.0,8,0,0,0,0.0,0
1.3111,37,0,0.6184,12464.0,5,0,2,0,0.0,0
5.7812,60,0,0.1951,11168.0,7,0,1,0,0.0,0
0.1087,66,0,0.575,4805.0,6,0,0,1,1.0,0
4.3903,61,0,0.3098,6129.0,14,0,0,0,0.0,0
0.4435,54,0,0.7496,7506.0,10,0,3,0,1.0,0
0.2921,63,0,0.4226,16986.0,12,0,1,0,0.0,0
1.1144,43,0,0.6273,4614.0,6,0,0,0,0.0,0
0.5283,41,0,0.5349,4867.0,7,0,2,0,2.0,1
0.1207,51,0,0.3653,,7,0,2,0,,0
0.73,44,0,0.825,,8,0,3,0,2.0,0
0.8339,71,2,0.6056,11083.0,11,0,0,0,1.0,0
0.2883,80,0,0.4842,18750.0,9,0,3,0,1.0,0
0.5055,89,0,0.9228,10739.0,3,0,2,0,0.0,0
0.7307,65,0,1.2368,2588.0,10,0,2,0,2.0,0
0.542,57,0,0.2777,7726.0,5,0,1,0,0.0,0
0.0021,24,0,0.3646,3458.0,5,0,1,0,3.0,0
0.4591,46,0,0.5013,8850.0,7,0,1,0,1.0,0
0.0057,42,0,0.981,,8,0,3,0,1.0,0
0.0022,43,1,0.9579,5704.0,6,0,1,0,0.0,0
1.4307,71,0,0.4717,8134.0,8,0,0,0,0.0,0
0.2406,72,0,0.1917,1977.0,8,0,0,0,3.0,0
1.1188,46,0,0.5641,2315.0,10,0,2,0,1.0,0
0.5248,43,0,0.8019,5592.0,8,0,0,0,0.0,0
1.4238,49,0,0.4499,,8,0,1,0,1.0,0
0.7364,26,0,0.138,,9,0,1,0,0.0,0
0.527,70,0,0.4629,5556.0,4,0,1,0,0.0,0
1.5906,64,0,0.6244,5719.0,8,0,1,0,0.0,0
0.3988,35,0,0.5488,5696.0,10,0,0,0,1.0,0
1.121,35,0,0.7177,,9,0,0,0,0.0,0
0.6169,75,0,0.1322,3112.0,5,0,1,0,2.0,1
0.3448,64,0,0.4138,3452.0,7,0,1,0,2.0,0
0.1049,78,0,0.3488,10224.0,7,0,0,0,1.0,1
0.634,42,0,0.4942,2307.0,8,0,0,0,2.0,0
0.852,78,0,0.6766,2286.0,5,0,1,0,2.0,0
4.0833,39,0,0.2955,13578.0,13,0,0,0,1.0,0
0.9596,55,0,0.4869,4204.0,5,0,0,0,0.0,0
0.4406,28,0,0.7255,1809.0,7,0,3,0,2.0,1
0.2379,45,0,0.5287,,5,0,1,0,0.0,0
0.7169,55,0,0.7435,2646.0,8,0,2,0,0.0,0
0.362,47,0,0.186,10714.0,8,0,1,0,0.0,0
0.4994,62,0,0.4221,10891.0,8,0,0,0,1.0,0
1.9926,41,0,0.3492,9355.0,6,0,0,0,0.0,0
0.1589,53,0,0.1685,6828.0,11,0,1,0,0.0,0
0.8109,48,0,0.3443,2832.0,8,0,2,0,0.0,0
0.8266,48,0,0.5024,3335.0,6,0,1,0,2.0,0
0.0431,64,0,0.5855,5933.0,6,0,1,0,1.0,0
0.8667,43,0,0.489,8926.0,6,0,1,0,3.0,0
0.5404,50,0,0.5499,3246.0,3,0,1,0,,0
0.0721,46,0,0.7671,4801.0,3,0,1,0,0.0,0
0.4464,75,0,0.3202,,10,0,1,0,0.0,0
0.0182,52,0,0.3929,5728.0,10,0,1,0,1.0,0
3.7476,52,0,1.0449,,10,0,0,0,0.0,0
0.4421,49,0,0.8113,4702.0,8,0,1,0,0.0,0
0.0877,58,0,0.2026,2884.0,8,0,1,0,1.0,0
0.1201,46,0,0.3933,27780.0,5,0,0,0,1.0,0
0.8192,46,0,0.707,17210.0,8,0,0,0,1.0,0
0.5013,46,0,0.2787,7422.0,9,0,1,0,1.0,0
0.7003,53,0,0.5268,1132.0,5,0,0,0,1.0,1
0.5606,67,0,0.4461,9819.0,13,0,1,0,1.0,0
1.1006,48,0,0.661,7673.0,7,0,0,0,2.0,0
1.2891,34,0,0.4237,6801.0,11,0,1,0,1.0,0
0.6358,31,1,0.08,,12,0,0,0,2.0,0
1.1201,93,2,0.0643,12061.0,8,0,3,0,2.0,0
0.158,41,0,0.417,4486.0,5,0,1,0,1.0,0
0.1189,79,0,0.628,5933.0,7,0,0,0,0.0,0
0.233,49,0,0.4565,5880.0,6,0,0,0,1.0,0
0.0524,39,0,0.5096,6221.0,6,0,2,0,0.0,0
0.3205,51,0,0.4442,9507.0,5,0,0,0,0.0,0
0.4177,61,0,0.6969,3740.0,12,0,0,0,1.0,0
0.2756,49,0,0.9547,10785.0,3,0,3,0,1.0,0
1.5208,44,0,0.7471,3264.0,7,0,1,0,0.0,1
0.2066,30,1,0.9059,5090.0,9,0,1,0,2.0,0
2.8667,43,3,0.4163,2516.0,9,0,1,0,0.0,0
1.8703,58,0,0.3458,4608.0,14,0,1,0,1.0,0
0.5813,30,0,0.7182,6540.0,7,0,0,0,1.0,0
0.0502,46,0,0.4203,2063.0,5,0,1,0,1.0,0
0.0874,56,0,0.5774,6890.0,14,0,2,0,0.0,0
0.194,69,0,0.6774,3227.0,8,0,2,0,0.0,0
4.3502,36,0,0.0919,2966.0,9,0,0,0,0.0,0
0.3835,81,0,0.6684,1831.0,6,0,0,0,1.0,0
1.277,58,0,0.5968,,10,0,1,0,3.0,0
0.3348,36,0,0.1337,4762.0,5,0,1,0,1.0,0
0.9246,54,0,0.3194,8800.0,9,0,0,0,1.0,0
0.0129,42,0,0.9014,10311.0,9,0,0,0,0.0,0
0.0319,30,0,0.3353,3042.0,5,0,2,0,0.0,0
0.4408,50,0,0.2932,4545.0,12,0,1,0,0.0,0
1.0674,50,0,0.6658,8281.0,7,0,2,0,2.0,0
0.0731,56,0,0.5868,,8,0,1,0,1.0,0
0.5452,39,0,0.1759,4615.0,4,0,0,0,1.0,0
0.3179,40,0,0.2472,6961.0,9,0,0,0,0.0,0
0.5693,65,3,0.8948,,10,0,2,0,1.0,0
0.1389,63,0,0.3895,,11,0,1,0,,0
0.1104,35,0,0.3511,4474.0,9,0,1,0,0.0,0
0.0832,29,0,0.6058,,4,0,2,0,0.0,0
3.2868,36,0,0.1532,,9,0,0,0,0.0,0
1.9978,68,0,0.6962,3667.0,13,0,1,0,1.0,0
0.287,21,0,0.4692,5691.0,11,0,1,0,0.0,0
0.3728,44,0,0.6872,3994.0,13,0,2,0,1.0,0
0.1986,65,0,0.4639,,8,0,2,0,0.0,0
0.3138,55,0,0.2927,5462.0,1,0,1,0,1.0,0
0.9304,50,0,0.218,3403.0,6,0,1,0,0.0,0
0.2734,65,0,0.2569,4521.0,8,0,0,0,1.0,0
0.0217,49,0,0.3345,4404.0,6,0,2,0,0.0,0
0.0926,44,0,0.4243,19935.0,8,0,0,0,0.0,0
0.424,63,0,0.2313,4325.0,9,0,0,0,1.0,0
0.2092,79,0,0.5249,3900.0,10,0,3,0,1.0,0
1.7097,21,0,0.3986,6615.0,6,0,0,0,1.0,0
0.1682,41,0,0.1698,7797.0,8,0,0,0,0.0,0
0.3666,48,0,0.4884,4060.0,13,0,2,0,0.0,0
3.3758,44,0,0.6817,5976.0,5,0,2,0,1.0,0
0.7489,53,0,0.4134,1290.0,11,0,0,0,2.0,0
0.0965,52,0,0.3092,3562.0,7,0,0,0,0.0,0
1.0339,35,0,0.7753,3689.0,5,0,1,0,1.0,0
0.2804,60,0,0.5799,,10,0,0,0,0.0,0
0.4858,50,0,1.3974,,8,0,1,0,0.0,0
0.0105,70,0,0.9381,1313.0,12,0,0,0,0.0,0
0.3492,67,1,0.4196,6418.0,8,1,0,0,0.0,0
0.1628,49,0,0.7324,9655.0,11,0,2,0,0.0,0
0.2416,59,0,0.4247,8725.0,8,0,0,0,0.0,0
0.7132,21,0,0.0622,5905.0,6,0,0,0,1.0,0
0.6384,22,0,0.9121,,7,0,0,0,1.0,0
1.2405,67,0,0.1619,,8,0,0,0,1.0,0
0.0732,50,0,1.2567,3134.0,7,0,1,0,0.0,0
0.2341,70,0,0.6759,4820.0,9,0,1,0,1.0,0
0.1876,67,0,0.5771,2336.0,4,0,3,0,1.0,0
0.3123,31,0,0.2087,,14,0,0,0,1.0,0
0.0245,61,0,0.5363,5295.0,6,0,1,0,1.0,0
0.4421,41,0,0.4067,7130.0,11,0,1,0,0.0,0
0.0943,48,0,0.7333,4778.0,10,0,1,0,0.0,0
1.1248,34,0,0.9631,5805.0,5,0,1,0,0.0,0
0.6129,66,1,0.1591,4039.0,8,0,0,0,1.0,0
0.8301,59,0,0.5305,7468.0,6,0,0,1,2.0,0
0.4436,44,0,0.2436,3124.0,4,0,0,0,0.0,0
0.2485,41,0,0.5403,1277.0,12,0,2,0,0.0,0
0.4439,63,1,0.5022,8337.0,4,0,2,0,,0
0.3748,41,0,0.334,1813.0,9,0,2,0,2.0,0
0.4583,43,1,0.9791,,10,0,1,0,0.0,1
2.134,42,0,0.6794,,7,0,1,0,2.0,0
0.5617,42,4,0.7206,2583.0,13,0,3,0,0.0,0
3.1141,62,0,0.6463,16340.0,12,0,1,0,1.0,0
0.7421,55,0,0.5765,10168.0,9,0,0,0,2.0,0
0.2877,44,0,1.389,4006.0,7,0,2,0,1.0,0
0.1058,37,0,0.388,9810.0,5,0,1,0,1.0,0
0.495,52,0,0.1814,,8,0,1,0,0.0,0
0.6075,48,0,0.3436,8212.0,7,0,0,0,1.0,0
0.6028,63,0,0.5721,4954.0,7,0,0,0,2.0,0
0.0034,42,0,0.3204,5107.0,3,0,1,0,0.0,0
0.4062,58,0,0.2813,,10,0,0,0,2.0,0
1.6058,48,0,0.471,,7,0,0,0,2.0,0
2.6049,56,0,0.323,11515.0,9,0,0,0,0.0,0
0.0217,75,0,0.6387,7743.0,7,0,2,0,2.0,0
0.2731,48,0,0.6575,2130.0,9,0,1,0,1.0,0
0.6488,82,0,0.59,4760.0,6,0,0,0,1.0,0
0.1212,49,0,0.0462,3447.0,2,0,1,0,0.0,0
0.5003,37,0,0.6536,6549.0,7,0,1,0,0.0,0
0.6439,74,0,0.104,4765.0,10,0,0,0,1.0,0
0.0935,77,0,0.564,2760.0,6,0,0,0,2.0,0
0.8218,39,0,0.1865,6913.0,10,0,2,0,1.0,0
2.1662,41,0,0.4743,4679.0,7,0,1,0,0.0,0
0.1357,63,4,0.2264,11824.0,7,1,1,0,3.0,0
0.3975,60,0,0.7963,,9,0,1,0,2.0,0
0.3413,41,0,0.2954,,10,0,0,0,1.0,0
1.1554,39,0,0.3077,8734.0,6,0,2,0,1.0,0
3.4563,56,0,0.0721,4689.0,11,0,0,0,3.0,0
0.4835,50,0,0.1056,6105.0,6,0,0,0,0.0,0
0.7164,60,0,0.3511,4810.0,9,0,0,0,1.0,0
0.0374,60,0,0.6193,6992.0,12,0,2,0,0.0,0
0.8447,65,0,0.6832,5011.0,13,0,0,0,0.0,1
0.1779,23,2,0.9495,5948.0,12,1,0,0,2.0,0
0.1002,78,0,0.0758,9152.0,6,0,1,0,1.0,0
0.5704,59,0,0.27,,10,0,1,0,1.0,0
0.5808,46,0,0.51,11021.0,10,0,1,0,0.0,0
0.4925,51,0,0.9673,3331.0,5,0,0,0,0.0,0
0.2083,61,2,0.1749,5058.0,4,0,0,0,1.0,0
0.1664,55,0,0.3489,4159.0,9,0,0,0,0.0,0
0.534,55,0,0.1141,8625.0,6,0,1,0,0.0,0
1.6544,51,0,0.6549,,12,0,1,0,2.0,0
0.1094,75,0,0.4017,9488.0,8,0,3,0,0.0,0
0.2476,57,0,0.549,4451.0,8,0,0,0,1.0,0
0.0891,68,0,0.4111,6271.0,8,0,1,0,3.0,0
0.0769,83,0,0.3067,,3,0,3,0,0.0,0
0.5283,65,0,0.7328,,13,0,2,0,1.0,0
0.1587,56,0,0.6527,7670.0,13,0,0,0,1.0,0
0.5705,26,0,0.6079,8856.0,6,0,3,0,1.0,0
0.2558,46,0,0.9523,3162.0,8,0,0,0,1.0,0
3.4091,82,0,0.9446,4759.0,4,0,1,0,0.0,1
2.5174,57,0,0.4203,4373.0,5,0,0,0,1.0,0
2.6754,33,0,1.2575,9840.0,7,0,1,0,1.0,0
0.4948,49,0,0.3441,7979.0,11,0,0,0,3.0,0
0.4638,35,0,0.5399,2686.0,5,0,1,0,0.0,0
4.9388,46,0,0.2195,10648.0,12,0,0,0,1.0,0
0.1128,46,0,0.6361,8292.0,10,0,0,0,0.0,0
0.4037,44,0,0.2746,7136.0,9,0,1,0,0.0,0
0.2622,53,0,0.3163,3617.0,3,0,0,0,1.0,0
0.7957,23,0,0.3603,2963.0,6,0,0,0,1.0,1
0.4058,61,0,0.3706,5760.0,7,0,0,0,0.0,0
1.2389,72,0,0.9287,3041.0,5,0,0,0,0.0,0
0.7281,26,0,0.4199,7827.0,8,0,2,0,0.0,0
1.1252,67,0,0.2546,7260.0,6,0,1,0,1.0,0
0.5697,61,0,0.4095,3931.0,4,0,2,0,2.0,0
0.9603,57,0,0.1468,11650.0,14,0,1,0,0.0,0
0.0614,53,0,0.1348,4171.0,7,0,1,0,0.0,0
0.3823,55,0,0.8411,,11,0,0,0,0.0,0
0.0793,64,0,0.3861,5420.0,6,0,1,0,1.0,0
0.4523,55,0,0.58,4631.0,7,0,1,0,0.0,0
0.3333,90,0,0.786,,7,0,1,0,0.0,0
0.4656,43,0,0.9652,6400.0,9,0,1,0,3.0,0
0.3627,75,0,0.3276,4872.0,7,0,0,0,0.0,0
0.2051,50,0,0.3964,5207.0,9,0,1,0,2.0,0
0.5539,46,0,0.7647,3038.0,8,0,1,0,1.0,0
0.0981,66,0,0.4138,,9,0,0,0,0.0,0
0.668,48,0,0.5305,,4,0,2,0,1.0,0
1.7245,76,0,0.9749,2984.0,7,0,0,0,1.0,0
0.2531,42,0,0.6403,,5,0,1,0,0.0,0
0.2076,70,0,0.5668,1720.0,3,0,1,0,1.0,0
0.6193,60,0,0.8226,,10,0,2,0,0.0,0
0.7079,50,0,0.2731,2301.0,5,0,1,0,0.0,0
0.193,38,0,0.1965,12877.0,7,0,0,0,0.0,0
0.4076,38,0,0.6399,6680.0,10,0,1,0,1.0,0
0.5835,40,0,0.5535,3012.0,7,0,0,0,0.0,0
0.0081,68,1,0.637,4014.0,14,0,1,0,1.0,0
9.103,53,1,0.6227,5683.0,11,0,2,0,0.0,0
7.4612,63,0,0.6053,,5,0,0,0,0.0,0
0.2957,54,0,0.3333,,5,0,1,0,0.0,0
0.0263,37,0,0.4693,3646.0,13,0,0,0,1.0,0
0.1985,57,0,0.7234,8650.0,7,0,0,0,1.0,0
0.4196,61,0,0.4394,8542.0,10,0,0,0,2.0,0
0.6561,28,0,1.0141,3421.0,8,0,0,0,0.0,0
0.2667,44,0,0.5777,3354.0,16,0,4,0,1.0,0
1.2569,41,0,0.262,4441.0,6,0,0,0,1.0,0
1.3412,34,0,0.6663,6909.0,11,0,0,0,2.0,0
3.5734,54,0,0.3495,3303.0,14,0,0,0,2.0,0
0.3505,56,0,0.1306,6102.0,6,0,2,0,1.0,0
0.2133,70,0,0.7095,7546.0,4,0,1,0,,0
1.1769,63,2,0.3122,3920.0,12,0,1,0,,0
0.5539,48,0,0.6716,3048.0,5,0,2,0,3.0,0
3.2462,48,0,0.0744,3133.0,7,0,2,0,0.0,0
0.5828,77,0,0.9456,4165.0,10,0,0,0,0.0,0
0.0281,59,0,1.0851,15402.0,8,0,0,0,4.0,0
0.3326,68,0,0.5169,6303.0,8,0,2,0,0.0,0
0.6375,32,0,0.4745,6380.0,9,0,0,0,,0
0.042,30,0,0.1604,4866.0,5,0,1,0,1.0,0
0.3274,46,0,0.5336,,10,0,0,0,2.0,0
0.4256,66,0,0.3897,,5,0,2,0,0.0,0
0.4186,74,0,0.5544,6624.0,13,0,1,0,0.0,0
0.553,41,0,0.406,3327.0,16,0,4,0,0.0,0
0.0716,59,0,0.8256,,9,0,2,0,0.0,0
0.5116,58,0,0.5122,12465.0,10,0,2,0,1.0,0
0.5715,36,0,0.9086,3539.0,8,0,0,0,0.0,0
0.6825,40,0,0.9675,2863.0,5,0,0,0,2.0,0
0.3673,50,0,0.1906,,9,0,2,0,0.0,0
0.6258,34,1,0.6795,5584.0,6,3,2,0,2.0,0
0.0018,87,0,0.6497,18574.0,9,0,1,0,2.0,0
0.6772,37,0,0.2408,,8,0,2,0,0.0,0
0.005,46,0,0.669,2582.0,7,0,0,0,0.0,0
1.1908,57,0,0.8263,8877.0,9,0,1,0,0.0,0
0.1895,55,0,0.5067,10809.0,10,0,0,0,1.0,0
0.2169,61,0,0.5195,2819.0,10,0,2,0,1.0,0
0.9287,38,0,0.6542,4149.0,8,0,2,0,2.0,0
0.2096,33,0,0.4323,6009.0,5,0,1,0,1.0,0
0.0374,53,0,0.765,4132.0,10,0,1,0,,0
0.5319,39,0,0.2754,12701.0,6,0,1,0,0.0,0
3.304,42,0,0.9301,,12,0,5,0,,1
0.1953,41,0,0.7339,,6,0,1,0,0.0,0
0.4452,41,0,0.0608,7370.0,10,0,2,0,1.0,0
0.1197,32,0,0.4785,5455.0,6,0,3,0,0.0,0
3.1658,37,0,0.5523,,6,0,1,0,2.0,0
0.104,47,0,0.2738,2030.0,9,0,1,0,0.0,0
0.185,68,0,0.4396,4668.0,5,0,2,0,,0
0.8506,80,1,0.1617,12753.0,9,0,1,1,1.0,0
0.5442,65,0,0.3031,,7,0,3,0,,0
0.4175,55,0,0.2457,7279.0,10,0,0,0,1.0,0
0.4612,66,0,1.1778,,7,0,1,0,1.0,1
0.4179,50,0,0.3603,,7,0,0,0,2.0,0
0.1566,56,0,0.6263,,12,0,0,0,1.0,0
0.6892,62,0,0.4872,2014.0,9,0,0,0,2.0,0
0.1092,60,0,0.4778,3950.0,4,0,0,0,1.0,0
5.8061,65,0,0.4036,8391.0,10,0,6,0,1.0,0
4.8132,61,0,0.138,13474.0,9,0,0,0,1.0,0
0.1599,42,0,0.2057,16344.0,5,0,2,0,0.0,0
0.3879,61,0,0.3039,2677.0,5,0,0,0,1.0,0
0.1737,42,0,0.1692,12417.0,7,0,0,0,0.0,0
0.5734,62,0,0.6202,,2,0,0,0,1.0,0
0.1418,46,0,0.9934,,16,0,0,0,0.0,0
0.0665,34,0,0.3388,2969.0,8,0,0,0,0.0,0
0.2806,32,0,0.2722,5427.0,3,0,1,0,0.0,0
0.0626,82,0,0.3827,5426.0,10,0,1,0,0.0,0
0.0946,37,0,0.2902,5708.0,10,0,0,0,1.0,0
0.0373,65,0,0.851,,12,0,2,0,1.0,0
0.401,61,0,0.7926,4503.0,12,0,1,0,0.0,0
0.1685,65,0,0.8736,7603.0,7,0,0,0,1.0,0
0.3576,38,0,0.2187,2605.0,13,0,2,0,1.0,0
0.4745,46,3,0.2724,9858.0,8,1,1,0,0.0,0
0.083,38,0,0.1007,4736.0,6,0,2,0,3.0,0
0.4486,66,0,1.0729,7449.0,6,0,1,0,0.0,0
0.5551,73,0,0.86,6450.0,11,0,2,0,1.0,0
0.0284,51,0,0.1096,2446.0,13,0,1,0,0.0,0
0.4832,82,0,0.642,7828.0,6,0,1,0,1.0,0
0.5594,56,0,0.5125,5254.0,8,0,0,0,0.0,0
0.4559,49,0,0.7533,2280.0,6,0,0,0,1.0,0
0.108,53,0,0.7551,6697.0,5,0,1,0,1.0,0
0.3008,59,0,0.6313,3581.0,7,0,0,0,0.0,0
0.0998,31,0,0.5623,4999.0,6,0,1,0,0.0,0
0.849,56,0,0.5364,,9,0,2,0,1.0,0
0.1542,50,0,0.7451,2020.0,9,0,2,0,2.0,0
0.4699,48,0,0.3319,10340.0,7,0,0,0,2.0,0
0.2002,50,0,0.4178,3492.0,4,0,2,0,0.0,0
0.0152,66,0,0.4922,6122.0,9,0,0,0,0.0,0
0.163,52,0,0.1473,4510.0,6,0,1,0,0.0,0
0.4786,36,0,1.0071,4403.0,10,0,1,0,0.0,0
0.039,53,0,0.2482,,8,0,1,0,0.0,0
2.2605,48,0,0.6612,3580.0,6,0,3,0,0.0,1
0.3081,52,0,0.6889,5217.0,8,0,0,0,0.0,0
3.7246,51,1,0.2483,4761.0,10,0,2,0,1.0,0
0.8906,57,0,0.6874,6556.0,10,0,0,0,0.0,0
0.091,32,0,0.4772,,7,0,1,0,2.0,0
0.4148,33,0,0.4659,4751.0,7,0,1,0,0.0,0
0.2565,51,0,0.2379,,11,0,1,0,0.0,0
0.6005,48,0,0.6544,3020.0,8,0,0,0,1.0,0
0.5605,38,0,0.2997,,10,0,3,0,0.0,0
1.0408,23,0,0.6714,2851.0,6,0,1,0,2.0,1
0.8609,55,0,0.1845,4002.0,7,0,2,0,0.0,0
0.2084,46,0,0.9738,6742.0,9,0,2,0,0.0,0
2.2505,57,0,0.4001,,14,0,1,0,0.0,0
0.5655,56,0,0.6598,14291.0,5,0,3,0,1.0,0
0.4498,62,0,0.5116,3149.0,13,0,1,0,0.0,0
0.3576,37,0,0.1864,,6,0,0,0,0.0,0
1.2943,52,0,0.727,7019.0,6,0,0,0,1.0,0
0.9686,81,0,0.2847,2389.0,9,0,2,0,0.0,0
0.1283,55,0,0.8996,3803.0,8,0,1,0,0.0,0
0.3284,73,0,0.1353,5652.0,6,0,2,0,3.0,0
0.2038,62,0,0.689,7910.0,4,0,0,0,0.0,0
0.2017,39,0,0.1255,2565.0,6,0,0,0,1.0,0
0.7494,86,0,0.2727,9895.0,3,0,1,0,1.0,0
0.8797,71,0,0.5795,10495.0,7,0,0,0,0.0,0
0.0675,34,0,0.7881,,4,0,2,0,1.0,0
0.4352,50,3,0.5997,4958.0,9,0,0,0,2.0,0
0.4332,77,0,0.3833,2809.0,11,0,1,0,0.0,0
0.3743,61,0,0.6506,4561.0,4,0,0,0,0.0,0
0.4631,26,0,0.0525,,11,0,3,0,0.0,0
0.666,42,0,1.0402,6008.0,4,0,1,0,1.0,0
0.166,41,0,0.4004,5282.0,9,0,1,0,1.0,0
0.0586,73,0,0.7605,8431.0,9,0,1,0,,0
0.085,59,0,1.1148,,6,0,1,0,1.0,0
2.9277,48,0,0.1969,4819.0,8,0,0,0,2.0,0
0.3109,41,1,0.5304,6866.0,6,0,4,0,1.0,0
0.3647,61,0,0.4697,2235.0,11,0,0,0,0.0,0
0.7805,50,0,0.5805,2791.0,9,0,0,0,1.0,0
0.6014,55,0,0.6523,12950.0,7,0,0,0,0.0,0
0.5397,60,0,0.4129,6483.0,8,0,2,0,4.0,0
0.617,54,0,1.2821,,11,0,1,0,0.0,1
0.389,33,0,0.8024,,10,0,1,0,1.0,0
0.7104,64,0,0.1137,7517.0,8,0,3,0,2.0,0
3.1541,66,0,0.9702,,9,0,1,0,2.0,0
0.3324,81,0,0.3215,7712.0,7,0,1,0,1.0,0
0.2862,43,0,0.2972,7272.0,4,0,2,0,0.0,0
0.035,70,0,0.6293,3838.0,10,0,0,0,,0
0.1157,70,0,0.4189,8425.0,12,0,0,0,1.0,0
0.1795,67,1,0.6293,3589.0,8,2,1,0,0.0,0
0.5947,54,0,0.4957,3049.0,6,0,0,0,0.0,0
2.5013,39,0,0.5498,6816.0,8,0,1,0,1.0,0
0.2873,48,3,0.6549,9921.0,5,0,2,0,2.0,0
3.5259,36,0,0.0833,2622.0,2,0,1,0,1.0,0
0.1785,31,0,0.6954,,14,0,0,0,0.0,0
2.024,63,0,0.5342,5566.0,9,0,0,0,0.0,0
4.2712,40,0,0.4045,5989.0,6,0,2,0,1.0,0
0.593,24,0,0.2037,3677.0,10,0,1,0,0.0,0
0.0894,54,0,0.3137,3789.0,6,0,1,0,1.0,0
0.4923,63,0,0.3568,3110.0,11,0,1,0,1.0,0
0.1607,61,0,0.548,8670.0,5,0,2,0,0.0,0
0.3121,38,0,0.2594,2200.0,6,0,1,0,1.0,0
0.6399,44,0,0.3279,,6,0,0,0,0.0,0
0.3425,58,0,0.4343,3053.0,6,0,2,0,2.0,0
0.1193,65,0,0.5045,,6,0,0,0,2.0,0
5.1024,58,0,0.3112,2100.0,7,0,1,0,2.0,0
0.7507,64,0,0.6344,6295.0,6,0,0,0,1.0,0
0.7981,50,0,0.1977,3245.0,16,0,0,0,1.0,0
0.1945,58,0,0.8997,,10,0,0,0,0.0,0
0.7841,55,0,0.4599,6975.0,14,0,1,0,2.0,0
1.183,37,0,0.5121,2261.0,12,0,1,0,0.0,0
0.4705,27,0,1.0033,4414.0,13,0,2,0,0.0,0
0.4828,40,0,0.7519,6673.0,9,0,2,0,1.0,0
0.5954,42,0,0.5623,,14,0,2,0,1.0,0
0.0818,71,0,0.3771,2185.0,8,0,1,0,0.0,0
0.6134,50,3,0.2891,4665.0,4,2,1,0,1.0,0
1.5496,40,0,0.7979,11307.0,12,0,4,0,1.0,0
0.3585,49,0,0.321,18275.0,3,0,0,0,0.0,0
0.3713,55,0,0.2857,7971.0,6,0,0,0,3.0,0
0.3301,46,0,0.0633,5007.0,7,0,1,0,2.0,0
1.8427,44,3,0.597,,11,1,0,0,0.0,0
0.0346,46,0,0.2432,,5,0,0,0,0.0,0
0.8421,55,0,0.1571,3706.0,6,0,0,0,0.0,0
0.4468,49,0,0.8075,3287.0,11,0,1,0,,0
2.9533,45,0,0.4703,3098.0,9,0,0,0,0.0,1
0.2806,41,0,0.2714,10651.0,13,0,0,0,0.0,0
0.4609,57,2,0.56,5839.0,4,0,2,0,2.0,0
0.3943,47,0,0.2858,4703.0,13,0,1,0,0.0,0
0.7064,60,0,0.4993,2354.0,8,0,0,0,0.0,0
0.2868,74,0,0.3984,6621.0,6,0,0,0,,0
0.2781,36,0,0.7292,3076.0,7,0,3,0,1.0,0
0.9713,49,0,0.5091,2914.0,7,0,3,0,0.0,0
0.2968,30,0,0.5486,3032.0,8,0,0,0,1.0,0
0.4079,49,0,0.1933,9277.0,5,0,0,0,0.0,0
0.2581,78,0,0.7747,19286.0,4,0,2,0,1.0,0
0.3519,60,0,0.5036,3648.0,9,0,0,0,1.0,0
0.1528,43,0,0.0996,,10,0,1,0,0.0,0
0.3025,58,0,0.529,,9,0,0,0,1.0,0
0.0988,36,0,0.6651,4078.0,8,0,2,0,2.0,0
0.3477,36,0,0.6258,4906.0,4,0,0,0,0.0,0
0.1167,61,0,0.3652,,10,0,0,0,0.0,0
1.1448,48,0,0.3002,,13,0,1,0,1.0,1
0.3077,49,0,0.1928,4997.0,12,0,3,0,0.0,0
0.3049,51,0,0.1777,3609.0,5,0,2,0,1.0,0
0.225,48,0,0.4656,8600.0,10,0,3,0,2.0,0
0.0917,70,0,0.0388,15772.0,11,0,1,0,,0
0.3463,32,0,0.3248,11437.0,9,0,0,0,0.0,0
0.5348,41,0,0.4651,3284.0,7,0,0,0,1.0,0
0.0934,55,0,1.1238,3102.0,4,0,1,0,0.0,0
0.9293,36,2,0.697,,11,0,0,1,1.0,0
0.4935,41,0,0.1089,,9,0,1,0,1.0,0
0.1504,64,0,0.0594,9212.0,16,0,0,0,0.0,0
0.2187,40,1,0.9913,11883.0,4,0,1,3,1.0,0
0.4227,63,0,0.6931,5433.0,6,0,2,0,1.0,0
0.2743,33,0,0.3702,4553.0,7,0,0,0,0.0,0
0.337,81,0,0.0834,,12,0,1,0,0.0,0
0.6358,62,0,0.1072,6927.0,7,0,1,0,0.0,0
0.0048,62,0,0.174,7691.0,8,0,2,0,0.0,1
11.5332,47,0,0.1724,2086.0,2,0,2,0,0.0,0
0.3317,52,0,0.4316,,8,0,0,0,0.0,0
3.7167,90,0,0.7836,2918.0,9,0,0,0,0.0,0
0.0124,37,0,0.4524,8749.0,10,0,0,0,2.0,0
0.0925,44,0,0.2183,6525.0,9,0,0,0,0.0,0
0.3729,47,0,0.3152,4514.0,8,0,1,0,2.0,0
1.4792,54,0,0.7191,4176.0,6,0,2,0,0.0,0
0.3645,62,0,0.3006,2120.0,6,0,1,0,0.0,0
0.2876,59,0,0.594,4854.0,13,0,0,0,1.0,0
1.1778,37,0,0.1567,,8,0,3,0,0.0,0
0.3353,63,0,0.3283,,12,0,0,0,1.0,0
0.214,63,0,0.5116,,5,0,0,0,0.0,0
0.18,53,0,0.4511,13450.0,7,0,0,0,1.0,0
0.1426,43,0,0.2726,4312.0,10,0,2,0,0.0,0
2.798,56,0,0.1743,6388.0,7,0,2,0,0.0,0
0.0665,48,1,0.1597,8065.0,6,0,0,0,1.0,0
0.283,51,0,0.8277,5337.0,10,0,1,0,1.0,0
0.2342,52,0,0.5861,7546.0,10,0,0,0,1.0,0
0.2302,40,0,0.1105,1793.0,10,0,1,0,0.0,0
0.2426,53,0,0.2182,10066.0,5,0,0,0,0.0,0
0.7823,67,0,0.2461,8000.0,5,0,3,0,1.0,0
0.1139,62,0,0.6419,3746.0,6,0,0,0,1.0,0
0.6352,49,0,0.1116,10932.0,11,0,2,0,0.0,0
0.3227,49,0,0.6222,4299.0,10,0,0,0,2.0,0
1.1335,77,0,0.131,,6,0,0,0,1.0,0
0.2254,40,0,0.0918,1717.0,8,0,2,0,0.0,0
2.2323,61,0,0.3634,6269.0,13,0,1,0,1.0,0
2.5021,69,0,0.5503,4470.0,9,0,1,0,2.0,1
0.0726,37,0,0.3854,7122.0,9,0,1,0,1.0,0
0.0443,50,0,0.2458,4827.0,5,0,0,0,1.0,0
0.5708,68,0,0.4019,6814.0,9,0,1,0,1.0,0
0.2486,42,0,1.1101,6723.0,9,0,4,0,2.0,0
0.2017,54,0,0.5141,848.0,8,0,2,0,1.0,0
9.777,32,0,0.4615,7416.0,5,0,0,0,2.0,0
0.3344,46,0,0.9112,,10,0,0,0,0.0,0
0.2803,72,0,0.7511,7321.0,9,0,3,0,0.0,0
0.8643,35,0,0.5441,,12,0,0,0,0.0,0
0.2598,29,0,0.5481,8041.0,12,0,2,0,1.0,0
0.0315,51,0,0.219,13960.0,14,0,3,0,0.0,0
3.0949,59,0,0.4813,5128.0,11,0,1,0,1.0,1
0.8182,45,0,0.3497,8014.0,7,0,2,0,1.0,0
0.5886,48,0,0.5583,10275.0,12,0,0,0,,0
0.1475,62,0,1.0693,4510.0,5,0,1,0,2.0,0
0.2863,69,0,0.5094,26308.0,4,0,1,0,0.0,0
0.5456,59,0,0.6317,,10,0,1,0,1.0,0
0.0287,65,0,0.4205,4955.0,7,0,0,0,0.0,0
0.3654,52,0,0.3905,28301.0,5,0,2,0,1.0,0
0.8536,43,0,0.2969,4886.0,7,0,0,0,1.0,0
0.1932,31,0,0.5144,,7,0,4,0,1.0,0
5.532,33,0,0.6994,,5,0,1,0,1.0,0
0.3058,50,0,0.3863,,6,0,2,0,0.0,0
0.324,70,0,0.1824,5762.0,9,0,1,0,1.0,0
0.0425,39,0,0.3619,6362.0,3,0,0,0,0.0,0
0.578,95,0,0.3981,,13,0,0,0,0.0,0
0.5948,50,0,0.922,5408.0,6,0,1,0,1.0,0
0.2953,38,0,0.1962,10985.0,7,0,0,0,2.0,0
0.111,44,0,0.2049,5298.0,7,0,1,0,1.0,0
0.4223,51,0,0.4657,3223.0,4,0,1,0,2.0,0
0.1623,71,0,0.7201,3182.0,9,0,1,0,1.0,0
0.1296,54,0,0.2245,21268.0,2,0,2,0,0.0,0
1.8371,35,0,0.4062,14950.0,7,0,0,0,0.0,0
8.1699,77,0,0.2249,7932.0,7,0,0,0,0.0,0
0.5115,43,0,0.1861,2610.0,8,0,0,0,2.0,0
0.4064,41,0,0.5479,2533.0,8,0,1,0,0.0,0
0.4366,59,0,0.5622,5946.0,13,0,1,0,0.0,0
0.0208,66,0,0.2678,4510.0,6,0,0,0,0.0,0
0.4351,66,0,0.1785,4485.0,3,0,2,0,3.0,0
0.0617,28,0,0.6933,5851.0,8,0,1,0,0.0,0
2.7151,75,0,0.3916,,6,0,1,0,1.0,0
0.1332,37,0,0.9308,4503.0,13,0,0,0,2.0,0
0.1649,61,0,0.4668,23366.0,6,0,2,0,2.0,0
0.0488,58,0,0.3693,3197.0,5,0,0,0,2.0,0
0.1703,60,0,0.2601,5207.0,7,0,0,0,1.0,0
9.9889,49,0,0.118,13289.0,8,0,2,0,2.0,0
0.985,68,0,0.6665,5146.0,9,0,1,0,0.0,1
2.3625,52,0,0.2445,7886.0,8,0,2,0,1.0,0
0.276,72,0,0.315,7918.0,14,0,0,0,1.0,0
0.1245,36,0,0.0966,,10,0,0,0,1.0,0
1.0799,77,0,0.4639,16987.0,11,0,0,0,0.0,0
0.5775,28,0,0.7963,,8,0,0,0,0.0,1
0.3512,76,0,0.412,,9,0,2,0,0.0,0
0.5489,45,0,0.1275,,10,0,0,0,2.0,0
0.2171,58,0,0.0719,,7,0,0,0,1.0,0
0.6856,46,0,0.509,3750.0,7,2,0,0,,0
0.6458,39,0,0.1817,5776.0,9,0,0,0,1.0,0
0.3464,46,0,0.8385,2841.0,12,0,0,0,1.0,0
2.1306,64,0,0.4774,3551.0,11,2,1,1,0.0,0
0.1363,58,0,0.7978,2325.0,12,0,2,0,0.0,0
0.3295,70,0,0.7745,4717.0,7,0,2,0,1.0,0
0.1451,60,0,1.1232,2634.0,8,0,0,0,0.0,0
0.6209,58,0,0.3108,10724.0,4,0,0,0,0.0,0
0.0625,76,0,0.3853,1616.0,7,0,3,0,1.0,0
0.1984,59,0,0.7566,10437.0,9,0,1,0,0.0,0
0.425,39,0,0.9421,13045.0,9,0,2,0,1.0,0
1.6374,35,0,0.8492,3175.0,13,0,1,0,1.0,0
0.3235,78,0,0.4304,11662.0,7,0,1,0,1.0,0
5.2061,51,0,1.0961,2164.0,8,0,2,0,2.0,1
0.0329,53,0,0.6207,11283.0,10,0,2,0,2.0,0
0.7076,44,0,0.2876,,3,0,2,0,2.0,0
0.2674,30,1,0.626,9811.0,9,0,1,1,0.0,0
0.3481,80,0,0.2868,3183.0,10,0,3,0,2.0,0
0.5195,35,0,0.3882,6418.0,7,0,0,0,1.0,0
0.5733,39,0,0.3976,16363.0,7,0,2,0,1.0,0
0.238,48,0,0.8004,4556.0,18,0,1,0,1.0,0
0.3389,46,0,0.6333,6066.0,8,0,3,0,2.0,0
0.0741,44,0,0.3784,,9,0,3,0,1.0,0
0.5019,62,0,0.7577,,12,0,2,0,0.0,1
0.9705,68,2,0.6867,4394.0,12,0,1,0,1.0,0
0.5568,52,0,0.5365,8149.0,6,0,2,0,2.0,0
0.3758,57,0,0.1469,8273.0,7,0,1,0,1.0,0
0.1952,39,0,0.6982,3015.0,11,0,0,0,1.0,0
0.1054,61,0,0.2636,5872.0,4,0,0,0,1.0,0
0.178,49,0,0.5296,7685.0,7,0,2,0,2.0,0
0.0716,47,0,0.5671,12837.0,7,0,1,0,3.0,0
0.5524,66,0,0.6261,2895.0,13,0,0,0,3.0,0
2.2892,32,0,0.3774,4821.0,5,0,1,0,1.0,1
1.6739,67,0,0.486,,6,0,1,0,0.0,1
0.889,52,0,0.1104,2563.0,8,0,1,0,0.0,0
2.5972,46,2,1.0955,6162.0,9,0,2,3,1.0,0
5.2643,77,1,0.3267,7766.0,10,2,1,0,0.0,0
0.7189,64,0,0.8838,4289.0,11,0,1,0,0.0,0
0.2782,29,0,0.1503,2774.0,10,0,0,0,1.0,0
0.3481,66,0,0.3311,18714.0,15,0,1,0,0.0,0
0.2971,61,0,0.9624,2439.0,10,0,1,0,1.0,0
0.5182,35,0,0.7476,3832.0,8,0,2,0,1.0,0
0.3158,52,0,0.4883,1595.0,8,0,0,0,0.0,0
0.6121,64,0,0.8162,3549.0,14,0,1,0,0.0,1
0.0106,27,0,0.5608,2711.0,10,0,0,0,0.0,0
0.2924,64,0,0.4206,5612.0,7,0,1,0,,0
0.1424,47,0,1.1563,,9,0,1,0,0.0,0
0.5088,50,0,0.3756,,5,0,1,0,2.0,0
0.3388,69,0,0.9125,,6,0,1,0,0.0,0
0.8455,42,0,0.4504,,9,0,1,0,1.0,0
0.4382,37,0,0.3483,1115.0,11,0,0,0,0.0,0
0.148,62,0,0.3643,5674.0,10,0,0,0,0.0,0
0.2371,54,0,0.4728,8196.0,7,0,0,0,3.0,0
0.1617,46,0,0.5776,6240.0,9,0,0,0,1.0,0
0.5105,34,0,0.7747,1648.0,3,0,0,0,1.0,0
0.5222,47,0,0.1452,7381.0,4,0,0,0,1.0,0
0.6077,44,0,0.3182,9419.0,9,0,1,0,0.0,0
0.1357,49,0,1.0342,3575.0,10,0,2,0,1.0,0
0.0715,30,0,0.8496,5994.0,4,0,5,0,0.0,0
0.1907,43,0,0.5595,3418.0,12,0,0,0,2.0,0
0.5483,58,0,0.4319,14089.0,9,0,0,0,1.0,0
0.5995,51,0,0.4787,2167.0,13,0,0,0,0.0,0
0.3756,49,0,0.4536,6195.0,13,0,0,0,3.0,0
1.6693,39,0,0.3017,2201.0,8,0,0,0,0.0,0
0.3219,39,0,0.3912,6229.0,6,1,0,0,2.0,0
0.5348,48,0,0.3341,5853.0,6,0,1,0,1.0,0
0.3674,52,0,0.211,,13,0,0,0,2.0,0
0.5494,40,0,0.2924,6038.0,7,0,0,0,2.0,0
0.6557,55,0,0.1244,,5,0,1,0,1.0,0
0.8822,55,1,0.2524,10452.0,3,0,0,0,2.0,0
2.7688,38,1,0.4007,,9,0,2,0,1.0,0
0.9932,69,0,0.2891,4119.0,15,0,0,0,2.0,0
0.2931,40,0,0.9217,5781.0,8,0,1,0,0.0,0
0.4356,39,0,0.2549,1029.0,6,0,0,0,1.0,0
0.3795,43,0,0.2274,5397.0,8,0,0,1,0.0,0
0.2552,33,0,0.5154,7100.0,8,0,2,0,1.0,0
0.5457,28,0,0.4925,,7,2,3,1,0.0,1
1.4152,67,0,0.0984,3485.0,5,0,1,0,,0
0.6095,65,0,0.1877,,6,0,1,0,1.0,0
0.5831,40,0,0.6946,5122.0,10,0,1,0,1.0,0
0.0483,61,0,0.2279,12209.0,10,0,1,0,2.0,0
0.0661,43,0,0.2774,6433.0,11,0,2,0,2.0,0
0.1288,38,0,0.9031,6282.0,14,0,1,0,0.0,0
0.5766,49,0,0.3971,11605.0,9,0,0,0,1.0,0
0.6527,48,0,0.9552,9024.0,13,0,0,0,0.0,0
0.3875,66,0,0.8556,4482.0,4,0,1,0,3.0,0
0.544,21,0,0.1418,,8,0,1,0,2.0,0
0.9188,48,0,0.4085,4034.0,11,0,3,0,1.0,0
0.4092,84,0,0.1017,5588.0,4,0,2,0,0.0,1
0.0398,21,0,0.0914,1724.0,10,0,2,0,1.0,0
0.3113,44,0,0.905,2697.0,9,0,0,0,0.0,0
3.7971,48,0,0.8538,4658.0,4,0,1,0,0.0,0
0.1754,54,0,0.5809,,7,0,0,0,1.0,0
0.3504,62,0,0.3896,9026.0,5,0,0,0,0.0,0
0.6456,54,0,0.0497,6815.0,7,0,2,0,1.0,0
0.4215,74,0,0.3988,,13,0,0,0,3.0,0
0.911,47,0,0.4684,14823.0,11,0,1,0,1.0,0
0.3756,67,0,0.4862,9497.0,5,0,0,0,1.0,0
0.0998,50,0,0.5476,,7,0,1,0,0.0,0
0.522,63,0,0.3665,3745.0,5,0,1,0,3.0,0
1.1163,43,0,0.7204,,7,0,1,0,2.0,0
0.302,39,0,0.7273,7995.0,6,0,2,0,0.0,0
0.101,34,0,0.4897,,8,0,0,0,1.0,0
0.0387,48,0,0.7443,7056.0,6,0,2,0,1.0,0
0.1935,42,0,0.4507,5687.0,7,0,4,0,0.0,0
0.5435,57,0,0.2217,10211.0,12,0,2,0,2.0,0
0.9257,61,0,0.2203,6511.0,9,0,2,0,1.0,0
0.4846,66,0,0.2191,14643.0,4,0,3,0,0.0,0
0.3119,64,0,0.377,2672.0,3,0,1,0,0.0,0
0.5462,67,0,0.1023,4616.0,14,0,2,0,1.0,0
0.2704,62,0,0.386,5061.0,6,0,0,0,1.0,0
0.044,36,0,0.4346,4623.0,11,0,1,0,1.0,0
1.7034,56,0,0.4722,,13,0,0,0,1.0,1
0.1175,42,0,0.7201,2743.0,14,0,1,0,0.0,0
0.2352,50,0,0.2882,1626.0,7,0,0,0,2.0,0
0.5484,51,0,0.4507,,9,0,0,0,0.0,0
0.057,21,0,0.5668,3754.0,7,0,1,0,1.0,0
0.4474,37,0,0.6598,4464.0,10,0,1,0,0.0,0
0.406,45,0,0.5615,,6,0,0,0,1.0,0
1.0357,21,0,0.2652,8144.0,8,0,1,0,2.0,0
0.4999,70,0,0.2867,14286.0,6,0,0,0,2.0,0
0.2166,54,0,0.275,,8,0,0,0,0.0,0
0.2702,54,0,0.6281,9694.0,6,0,2,0,1.0,0
0.1109,66,0,0.342,8007.0,9,0,0,0,0.0,0
0.5958,62,0,0.526,19180.0,11,0,2,0,0.0,0
2.9389,62,0,0.9036,2656.0,10,0,2,0,1.0,1
2.5616,66,0,0.3822,5382.0,4,0,0,0,1.0,0
0.1709,56,0,0.0672,6953.0,4,0,1,0,2.0,0
0.5236,57,0,0.1116,,6,0,1,0,0.0,0
0.6331,58,0,0.8154,7120.0,9,0,1,0,1.0,0
1.0516,34,0,0.9193,5769.0,9,0,1,0,1.0,0
1.706,22,0,0.4996,1882.0,12,0,1,0,1.0,0
0.6037,23,0,0.5099,,8,0,1,0,0.0,0
0.6951,62,0,0.2226,,8,0,1,0,0.0,0
0.6566,45,0,0.7425,8123.0,6,0,1,1,0.0,0
0.1955,48,0,0.846,6344.0,4,0,0,0,0.0,0
0.2656,54,0,0.7227,2049.0,6,0,0,0,0.0,0
0.1036,72,0,0.1339,7326.0,11,0,2,0,0.0,0
0.477,61,0,0.2546,10796.0,4,0,1,0,1.0,0
0.3525,55,0,0.7927,,8,0,2,0,1.0,0
0.7892,58,0,0.3836,,17,0,2,0,1.0,0
0.0651,83,0,0.4805,3572.0,12,0,0,0,0.0,0
0.0268,38,0,0.7368,,10,0,1,0,1.0,0
0.601,71,0,0.4486,2054.0,6,0,1,0,0.0,0
0.5647,52,0,0.6314,3558.0,8,0,0,0,1.0,0
0.4228,51,0,0.8912,9715.0,5,0,0,0,2.0,0
0.4532,61,0,0.0509,4810.0,17,0,1,0,0.0,0
0.5092,26,0,0.6368,7680.0,9,0,2,0,0.0,0
0.5128,37,0,0.44,4613.0,8,0,2,0,1.0,0
4.4797,57,0,0.1636,2904.0,7,0,4,0,0.0,0
0.0988,58,0,0.2983,6043.0,7,0,1,0,2.0,0
0.7985,60,0,0.5805,,3,0,0,0,1.0,0
0.4584,62,0,0.5558,2163.0,10,0,1,0,1.0,0
0.4628,80,0,0.3095,,11,0,1,0,1.0,0
0.6713,43,1,0.3799,3615.0,7,0,0,0,0.0,0
0.0021,57,0,0.0991,6875.0,4,0,1,0,1.0,0
0.2248,62,0,0.7617,,8,0,0,0,1.0,0
0.4368,57,0,0.2237,14751.0,11,0,1,0,0.0,0
0.1329,50,0,0.7783,,8,0,1,0,2.0,0
0.6549,41,0,0.0699,3039.0,13,0,0,0,0.0,0
0.2506,49,0,0.1513,6302.0,8,0,0,0,2.0,0
0.4329,70,0,0.4076,3689.0,13,0,2,0,0.0,1
0.564,83,0,1.057,6027.0,4,0,2,0,0.0,0
0.8712,28,0,0.7244,2979.0,5,0,0,0,0.0,0
2.3433,52,0,0.501,3001.0,7,0,1,0,1.0,0
0.2334,27,0,0.09,6393.0,5,0,2,0,0.0,0
8.7462,42,0,0.1584,,7,0,0,0,1.0,0
0.4843,55,0,1.2739,10951.0,9,0,1,0,0.0,0
0.0816,35,0,0.9041,15195.0,12,0,2,0,1.0,0
0.0876,46,0,0.5737,,11,0,0,0,1.0,0
0.6737,44,0,0.7351,,11,0,0,0,,0
0.3173,55,0,0.4664,7641.0,8,0,1,0,1.0,0
1.6803,46,2,0.0656,9360.0,12,0,0,0,1.0,0
0.9062,68,2,0.2969,3251.0,5,0,0,0,1.0,0
0.295,51,0,0.221,3112.0,9,0,1,0,2.0,0
4.6998,40,0,0.3272,7609.0,8,0,1,0,3.0,0
0.9922,30,0,0.7183,3592.0,13,0,0,0,0.0,1
0.081,40,0,0.3535,4373.0,8,0,1,0,2.0,0
0.3169,49,0,0.869,5100.0,11,0,3,0,2.0,0
0.8654,59,0,0.0218,3665.0,4,0,1,0,1.0,0
0.3504,62,0,0.3995,,12,0,0,0,0.0,0
0.2965,65,0,1.1325,8477.0,4,0,1,0,1.0,0
0.4563,60,0,0.7436,6649.0,10,0,1,0,0.0,0
0.8528,65,3,0.1959,7741.0,9,0,1,0,2.0,0
0.1263,47,0,0.1851,,9,0,1,0,0.0,0
0.224,49,0,0.3809,5089.0,3,0,4,0,1.0,0
0.0697,43,0,0.4342,,14,0,2,0,0.0,0
0.4771,41,0,0.0342,7148.0,4,0,1,0,3.0,0
0.2985,71,1,0.3745,5387.0,7,0,0,0,1.0,0
0.031,49,0,0.6529,,3,0,1,0,3.0,0
0.6282,36,0,0.0713,7793.0,7,0,0,0,1.0,1
0.1382,40,0,0.3968,6056.0,14,0,0,0,0.0,0
0.5913,81,0,0.8539,6114.0,7,0,0,0,0.0,0
0.3118,55,0,1.0826,7672.0,3,0,1,0,0.0,0
0.0986,58,0,0.2913,3096.0,7,0,1,0,0.0,0
0.3541,44,0,0.3308,,4,0,1,0,0.0,0
0.8822,21,0,0.8918,,11,0,1,0,1.0,1
0.1799,34,0,0.1409,,7,0,1,0,1.0,0
0.7897,43,0,0.3218,7601.0,7,0,0,0,0.0,0
0.3301,43,0,0.7349,9746.0,8,0,3,0,1.0,0
0.4327,52,0,0.2742,2814.0,11,0,1,0,2.0,0
0.0191,64,0,0.0867,,9,0,2,0,0.0,0
0.2208,52,0,0.2051,2771.0,8,0,0,0,1.0,0
3.3604,58,0,0.1457,7716.0,5,0,3,0,0.0,0
0.0041,65,0,0.322,,5,0,0,0,0.0,0
1.4226,72,0,0.16,6327.0,8,0,1,0,2.0,0
0.3177,39,0,0.4022,,10,0,1,0,1.0,0
1.0409,58,0,0.4339,2534.0,7,0,1,0,1.0,0
0.0937,58,0,0.426,,6,0,1,0,2.0,0
0.3769,55,0,0.1764,,2,0,1,0,2.0,0
0.5096,46,0,0.6933,5258.0,6,0,0,0,1.0,0
1.2242,38,0,0.6491,3585.0,6,0,1,0,1.0,1
0.4776,49,0,0.4397,,16,0,1,0,0.0,0
1.7457,55,0,0.8353,,9,4,0,0,0.0,0
0.7996,67,0,0.5394,20918.0,8,0,0,0,0.0,0
0.092,50,0,0.2433,3152.0,11,0,1,0,1.0,0
0.2364,35,0,0.8202,,10,0,1,0,0.0,0
0.0417,38,0,0.853,22479.0,8,0,1,0,0.0,0
0.2203,35,0,0.2074,2133.0,7,0,0,0,2.0,0
0.8304,50,0,0.1238,9599.0,4,0,0,0,3.0,0
0.2658,32,0,0.4883,2529.0,4,0,1,0,1.0,0
0.9255,41,0,0.6105,,9,0,4,0,0.0,0
0.8119,74,0,0.6954,4325.0,6,0,0,0,3.0,0
0.3814,49,0,1.0332,14080.0,6,0,1,0,2.0,0
0.6609,53,0,0.2362,6947.0,8,0,1,0,1.0,0
0.4056,33,0,0.4056,3229.0,5,0,1,0,0.0,0
0.4624,51,0,0.4907,8378.0,9,0,5,0,0.0,0
0.2091,28,0,0.3677,3462.0,8,0,1,0,0.0,0
0.6357,53,0,0.7711,3953.0,4,0,1,0,1.0,0
0.2338,34,0,0.572,3505.0,4,0,1,0,0.0,0
1.1234,70,0,0.4017,,5,0,2,0,0.0,0
0.5411,79,0,1.1947,6813.0,11,0,0,0,2.0,0
0.1411,42,0,0.4002,2076.0,8,0,2,0,1.0,0
0.1148,30,0,0.292,7756.0,4,0,3,0,2.0,0
0.9394,45,0,0.2724,9586.0,7,0,0,0,0.0,0
0.6522,28,0,1.254,3330.0,6,0,4,0,2.0,1
0.0338,47,0,0.114,8511.0,11,0,1,0,0.0,0
0.1881,39,0,0.1556,14096.0,10,0,2,0,0.0,0
0.1892,68,0,0.4501,6381.0,13,0,1,2,0.0,0
6.8297,22,0,0.7469,2895.0,5,0,1,0,0.0,1
0.5409,33,0,0.393,5853.0,8,0,0,0,1.0,0
0.9447,64,2,0.5323,,8,0,0,1,0.0,0
0.5037,43,0,0.3253,,10,0,0,0,0.0,0
0.2405,73,0,1.0517,6253.0,5,0,0,0,0.0,0
1.6727,52,0,0.6282,2694.0,7,0,0,0,,1
1.7671,55,0,0.926,3066.0,5,0,1,0,1.0,0
0.7146,56,0,0.6455,4921.0,6,0,0,0,0.0,0
0.2261,57,0,0.3464,,9,0,5,0,0.0,0
0.2029,49,0,0.6937,5794.0,7,0,1,0,2.0,0
0.148,50,0,0.1228,6179.0,5,0,1,0,,0
1.7776,69,0,0.1855,11749.0,10,0,2,0,1.0,0
0.0933,41,0,0.6684,14701.0,9,0,1,0,1.0,0
0.2589,54,0,1.0436,6741.0,9,0,0,0,0.0,0
0.6098,46,0,0.3343,3360.0,7,0,2,0,2.0,0
0.4053,61,0,0.2863,3884.0,11,0,3,0,1.0,0
0.4638,70,0,0.3065,23168.0,10,0,0,0,0.0,0
0.4041,45,0,0.2043,1963.0,6,0,1,0,1.0,0
0.104,38,0,0.1164,3176.0,11,0,0,0,1.0,0
0.1024,41,0,0.7101,5132.0,7,0,0,0,1.0,0
0.5851,65,0,0.4942,,2,0,0,2,1.0,0
0.4285,55,0,0.2835,5029.0,7,0,0,0,2.0,0
6.3691,51,0,0.3645,,5,0,0,0,1.0,0
0.1,49,0,0.2115,,3,0,1,0,0.0,0
0.1955,42,0,0.5081,2368.0,9,0,1,0,1.0,0
0.5144,64,0,0.6877,9380.0,7,0,1,0,1.0,0
0.0584,54,0,1.121,,11,0,0,0,0.0,0
0.8052,77,0,1.3055,8467.0,12,0,0,0,0.0,0
0.9355,52,0,0.12,3137.0,5,0,1,0,0.0,0
0.2187,56,0,0.3069,8034.0,6,0,1,0,0.0,0
0.3433,45,0,0.3954,6370.0,5,0,2,0,0.0,0
0.7364,43,0,0.6739,6593.0,8,0,1,0,0.0,0
0.8143,51,0,0.4661,,7,0,0,0,1.0,0
0.3055,69,0,0.5061,8154.0,10,0,0,0,1.0,0
1.5844,45,0,0.9625,9278.0,8,0,2,0,0.0,0
0.4497,45,0,0.4728,8241.0,11,0,0,0,,0
0.8927,32,0,0.5862,,6,0,0,0,1.0,0
0.4637,87,1,0.4594,7713.0,8,1,0,1,1.0,0
0.0751,44,0,0.3244,,5,0,1,0,2.0,0
0.4164,32,0,0.3896,7045.0,6,0,0,0,1.0,0
0.7302,54,0,0.5416,6374.0,9,0,1,0,,0
0.2983,55,0,0.2808,2264.0,4,0,1,0,0.0,0
6.4166,63,0,0.6562,3091.0,8,0,0,0,1.0,0
0.1017,55,0,0.2856,4764.0,10,0,1,0,2.0,0
0.3728,27,0,0.8546,,9,0,2,0,2.0,0
0.0738,41,0,0.3942,10381.0,7,0,0,0,1.0,0
6.2011,67,0,0.2745,4026.0,11,0,1,0,2.0,0
0.5975,65,0,0.6229,6604.0,12,0,1,0,0.0,0
0.5723,58,0,0.7024,6877.0,15,0,1,0,1.0,0
0.509,73,0,0.1799,14283.0,7,0,1,0,0.0,0
4.6784,49,0,0.7571,16674.0,6,0,0,0,0.0,1
0.438,68,0,0.3944,2653.0,8,0,0,0,0.0,0
2.7413,46,0,0.8674,5365.0,5,0,0,0,1.0,0
0.4148,76,0,0.6708,,9,0,0,0,1.0,0
0.5735,45,0,0.2739,2662.0,9,0,1,0,0.0,0
1.5855,36,0,0.351,5284.0,7,0,0,0,2.0,0
0.1494,35,0,0.4219,3939.0,10,0,1,0,0.0,0
0.0667,71,2,0.2098,5598.0,6,0,0,0,1.0,1
0.1125,73,0,0.3469,4006.0,11,0,0,0,3.0,0
0.3202,39,0,1.0016,5364.0,5,0,0,0,0.0,0
5.6093,42,0,0.2608,6945.0,9,0,1,0,1.0,0
0.3228,21,0,0.1512,4860.0,9,0,0,0,0.0,0
0.9082,35,0,0.5507,,9,0,0,0,,0
0.0704,48,0,0.7897,6011.0,5,0,1,0,0.0,0
0.4894,48,0,0.1143,4497.0,15,0,0,0,0.0,0
0.4342,23,0,0.278,,5,0,2,0,1.0,0
0.1928,31,0,0.0075,,9,0,1,0,0.0,0
0.2698,78,0,0.571,8710.0,10,0,1,0,2.0,0
0.3558,68,0,0.8971,10499.0,13,0,0,0,1.0,0
0.0993,54,0,1.259,,12,0,1,0,1.0,0
0.4058,54,0,0.8434,13118.0,9,0,6,0,1.0,0
0.3714,52,0,0.2961,5136.0,10,0,1,0,2.0,0
0.2962,50,0,0.1785,5953.0,13,0,1,0,0.0,0
0.3104,52,0,0.8322,3734.0,7,0,2,0,0.0,0
0.6944,30,1,0.4591,,10,1,0,1,1.0,0
0.6691,48,0,0.7049,4229.0,5,0,1,0,0.0,1
0.2399,24,0,0.5274,2104.0,7,0,0,0,0.0,0
0.071,49,0,0.606,,9,0,1,0,1.0,0
0.0357,58,0,0.4782,6505.0,5,0,1,0,1.0,0
0.3385,44,0,0.2114,2765.0,7,0,2,0,0.0,0
0.4678,56,0,0.4777,,8,0,1,0,0.0,0
4.9573,50,0,0.6091,6550.0,8,0,1,0,2.0,0
0.433,58,0,1.1206,5731.0,10,0,2,0,1.0,0
0.4059,57,0,0.0646,,6,0,3,0,1.0,0
1.2114,40,0,0.5565,3827.0,5,0,2,0,0.0,0
0.5203,32,0,0.2942,4450.0,8,0,3,0,1.0,0
0.4749,33,0,0.4663,8103.0,5,0,0,0,0.0,0
0.1259,39,0,0.0375,5341.0,10,0,0,0,0.0,0
0.2341,63,0,1.0618,,6,0,1,0,0.0,0
3.9211,62,0,0.2457,3541.0,7,0,2,0,2.0,0
0.3332,45,0,0.6396,3701.0,3,0,1,0,0.0,0
0.1568,48,0,0.7815,5754.0,3,0,0,0,0.0,0
3.1167,33,0,0.9115,5599.0,6,0,0,0,0.0,0
0.4972,34,0,0.1082,1936.0,4,0,1,0,0.0,0
2.2263,58,0,0.6037,2706.0,7,0,1,0,0.0,1
0.0648,46,0,0.1204,3076.0,9,0,2,0,1.0,0
0.3285,47,0,0.1804,7078.0,9,0,1,0,2.0,0
0.1192,61,0,0.4145,14208.0,10,0,0,0,1.0,0
0.4479,58,0,0.7263,3443.0,10,0,2,0,2.0,0
0.7203,49,0,0.5149,13667.0,8,0,3,0,0.0,0
0.0868,69,0,0.3316,22006.0,12,0,1,0,1.0,0
0.1115,45,0,0.4559,5443.0,10,0,1,0,1.0,0
2.6865,39,0,0.7382,,11,0,3,0,1.0,0
0.7228,34,0,0.0563,950.0,10,0,0,0,1.0,0
1.0356,69,0,0.9972,12054.0,6,0,0,0,2.0,0
0.557,43,0,0.8111,7365.0,8,0,0,0,0.0,0
0.1713,52,0,0.512,4929.0,10,0,1,0,0.0,0
0.0663,78,0,0.687,9094.0,11,0,1,0,0.0,0
0.727,41,0,0.4277,6556.0,6,0,2,0,1.0,0
1.5214,54,0,0.4446,8631.0,8,0,1,0,1.0,0
0.6795,54,0,0.1988,9572.0,8,0,0,0,0.0,0
0.3432,53,0,0.9031,4967.0,10,0,0,0,1.0,0
0.181,65,0,0.559,9317.0,11,0,2,0,1.0,0
0.1541,57,0,0.4557,11725.0,4,0,0,0,1.0,0
0.4512,55,0,0.1694,3518.0,8,0,0,0,0.0,0
1.3403,75,0,0.2781,,10,0,0,0,1.0,1
0.0648,31,0,0.3155,1937.0,13,0,1,0,1.0,0
0.1403,35,0,0.2062,573.0,6,0,3,0,0.0,0
0.8,51,0,0.8152,4531.0,6,0,0,0,0.0,0
0.0141,59,2,0.4733,7096.0,10,1,1,0,1.0,0
0.1159,51,0,0.5626,11027.0,9,0,0,0,0.0,0
0.4511,43,0,0.4599,5860.0,13,0,4,0,2.0,0
0.6879,70,0,0.261,8619.0,4,0,1,0,1.0,0
0.0029,63,0,0.6216,4883.0,11,0,0,0,1.0,0
0.2525,44,0,0.759,9289.0,9,0,1,0,0.0,0
0.0967,75,0,0.4021,,13,0,1,0,1.0,0
0.4975,46,0,0.2555,4110.0,7,0,1,0,2.0,0
3.5436,48,0,0.675,,2,0,0,0,0.0,0
0.2483,31,0,1.1423,,14,0,2,0,1.0,0
2.2236,56,0,0.4539,3199.0,7,0,3,0,0.0,0
0.0246,79,0,0.6811,7214.0,1,0,3,0,1.0,0
0.2585,78,0,0.4416,4844.0,9,0,1,0,1.0,0
0.1112,47,0,0.5129,4002.0,6,0,1,0,0.0,0
0.3095,44,0,0.5077,,10,0,2,0,1.0,0
0.5685,52,4,0.3746,3654.0,6,0,1,1,0.0,0
0.0691,72,0,0.4901,3172.0,14,0,2,0,2.0,0
0.4263,55,0,0.519,5785.0,6,0,0,0,3.0,0
0.4769,63,0,0.7663,9635.0,13,0,1,0,0.0,0
2.7311,62,0,0.5955,9479.0,7,0,2,0,1.0,0
0.3038,68,0,0.566,7746.0,9,0,2,0,0.0,0
0.1723,64,0,0.4575,7481.0,3,0,0,0,0.0,0
0.1157,43,0,0.5835,,6,0,0,0,1.0,0
4.6329,54,0,0.63,,8,0,0,0,3.0,1
0.5022,46,0,0.1797,,8,0,0,0,2.0,0
3.4009,65,0,0.0475,3403.0,10,0,1,0,1.0,1
0.5776,59,0,0.302,9968.0,7,0,3,0,2.0,0
0.4468,60,0,0.5833,8630.0,9,0,2,0,1.0,0
1.1161,57,0,0.0491,5735.0,6,0,0,0,0.0,0
1.3073,31,0,0.4593,,13,0,1,0,3.0,0
0.7997,60,0,0.16,,5,0,1,0,1.0,0
0.6149,34,0,0.79,,9,0,1,0,3.0,0
0.7102,38,0,0.4773,5116.0,4,0,0,0,0.0,0
0.5605,68,0,0.7006,1767.0,14,0,0,0,1.0,0
0.2114,47,0,0.2325,8038.0,10,0,0,0,1.0,0
0.5857,33,0,0.7985,8167.0,11,0,0,0,2.0,0
0.3368,43,0,0.1812,2760.0,4,0,0,0,1.0,0
0.0144,62,0,0.2973,9015.0,7,0,3,0,1.0,0
0.2135,45,0,0.2856,11651.0,5,0,2,0,0.0,0
3.7888,68,0,0.6233,,8,0,0,4,0.0,0
0.6621,65,0,1.0964,4971.0,5,0,0,0,0.0,1
0.0156,66,0,1.0437,6179.0,4,0,0,0,0.0,0
0.0003,61,0,0.666,15098.0,7,0,0,0,1.0,0
0.2109,34,0,0.2256,8229.0,8,0,0,0,0.0,0
0.2477,48,0,0.1202,9282.0,8,0,1,0,2.0,0
0.3046,58,0,1.3322,14629.0,8,0,1,0,1.0,0
0.0273,41,0,0.1111,4130.0,4,0,2,0,1.0,0
0.2691,59,0,0.2254,8735.0,9,0,0,0,1.0,0
0.2045,67,0,0.4445,,8,0,1,0,0.0,0
0.1641,36,0,0.3554,11091.0,8,0,1,0,,0
0.6412,27,0,0.1949,5783.0,7,0,1,0,0.0,0
0.5738,53,0,0.3935,4906.0,4,0,0,0,0.0,0
0.3019,86,0,0.2718,,5,0,3,0,2.0,0
0.6437,51,0,0.622,8094.0,10,0,1,0,1.0,0
0.1858,34,0,0.2383,,6,0,1,0,1.0,0
0.4022,60,0,0.2627,2957.0,7,0,0,0,1.0,0
0.1779,57,0,0.3404,,9,0,1,0,1.0,0
0.1173,60,0,0.3225,3468.0,13,0,1,0,0.0,0
0.0039,83,0,0.2856,,9,0,0,0,0.0,0
0.9089,35,0,0.2272,4768.0,7,0,1,0,0.0,0
0.3426,63,0,0.3237,7015.0,8,0,0,0,1.0,0
0.0782,52,0,0.6818,3193.0,7,0,1,0,0.0,0
0.3125,58,0,0.8467,7276.0,11,0,3,0,0.0,0
0.3917,43,0,0.3874,,10,0,2,0,2.0,0
0.0847,32,0,0.1403,,10,0,0,0,0.0,0
0.2625,75,0,0.3095,3966.0,10,0,0,0,0.0,0
1.0927,77,0,0.2345,,12,0,1,0,2.0,0
0.5256,79,0,0.6192,4937.0,8,0,1,0,2.0,0
0.3991,42,0,0.6534,,15,0,1,0,0.0,0
0.3803,50,0,0.7993,1515.0,7,0,0,0,0.0,0
0.3594,69,0,1.1403,19055.0,10,0,1,0,2.0,0
0.0728,50,0,0.9473,3118.0,5,0,2,0,1.0,0
0.1586,42,0,0.4774,8140.0,3,0,2,0,2.0,0
0.2119,58,0,0.6065,8596.0,4,0,0,0,0.0,0
0.1565,35,0,0.8426,3507.0,9,0,1,0,2.0,0
0.0435,27,0,0.6518,9137.0,12,0,0,0,1.0,0
0.4086,85,0,0.4758,3514.0,5,0,2,0,1.0,0
0.4575,48,0,1.3173,7066.0,9,0,0,0,1.0,0
0.7192,64,0,0.4849,3562.0,5,0,1,0,1.0,0
1.2997,48,0,0.0761,13459.0,8,0,0,0,1.0,0
0.0906,55,0,0.1177,8640.0,7,0,1,0,0.0,0
0.5876,53,0,0.7063,5454.0,4,0,1,0,0.0,0
2.783,31,0,0.4649,,12,0,2,0,3.0,0
8.054,44,0,0.4608,7907.0,9,0,1,0,1.0,0
1.7841,62,0,0.1673,7498.0,5,0,2,0,3.0,0
2.2022,57,0,0.4714,5212.0,13,0,1,0,0.0,1
0.0063,52,0,0.6266,2944.0,8,0,1,0,0.0,0
0.6845,23,0,0.4971,5105.0,9,0,1,0,0.0,0
0.1103,59,0,0.5991,3923.0,3,0,0,0,0.0,0
1.3038,46,0,0.1134,8786.0,12,0,0,0,2.0,0
0.5561,43,0,0.8466,8375.0,9,0,1,0,1.0,0
2.5294,40,0,0.708,2174.0,10,0,0,0,,0
0.6379,53,0,0.7981,7052.0,4,0,1,0,1.0,0
0.4755,50,0,0.2117,19776.0,11,0,1,0,0.0,0
0.4175,46,0,1.0479,3522.0,5,0,2,0,1.0,0
0.3968,71,0,0.2181,11693.0,10,0,0,0,0.0,1
0.2757,53,0,0.4707,7696.0,8,0,0,0,0.0,0
0.4828,32,0,0.0915,,5,0,2,0,1.0,0
0.3216,43,0,1.0788,1840.0,11,0,1,0,0.0,0
1.1869,55,0,0.6126,,5,0,1,0,1.0,0
0.0655,61,0,0.253,13595.0,4,0,0,0,2.0,0
8.9532,38,0,0.4023,3833.0,6,0,0,0,0.0,0
0.804,38,0,0.7504,,10,0,0,0,1.0,1
0.7981,59,0,0.4793,4504.0,5,0,1,0,0.0,1
0.1049,53,0,0.8976,8687.0,10,0,0,0,1.0,0
1.3659,57,0,0.388,4140.0,3,0,3,0,0.0,0
0.6024,42,0,0.1706,3907.0,6,0,3,0,2.0,0
0.1927,64,0,0.6441,7387.0,6,0,1,0,2.0,0
0.8574,63,2,0.2683,,9,1,1,0,0.0,0
0.7245,61,0,0.1538,4758.0,6,0,1,0,1.0,0
1.7122,46,3,0.171,4502.0,3,0,1,1,2.0,0
0.2242,45,0,0.4945,,4,0,0,0,0.0,0
0.617,49,0,0.3231,6131.0,6,0,2,0,1.0,0
0.2159,27,0,0.1531,18280.0,6,0,1,0,0.0,0
0.0438,46,0,0.3005,8537.0,8,0,1,0,,0
0.265,64,0,0.6002,6362.0,8,0,3,0,0.0,0
0.3831,40,0,0.5233,,8,0,0,0,1.0,0
0.686,77,0,0.5837,7107.0,4,0,0,0,,0
0.3069,34,0,0.4837,2793.0,13,0,0,0,0.0,0
0.2006,38,0,0.9936,,9,0,2,0,0.0,0
0.3168,42,0,0.1807,,7,0,0,0,,0
0.3457,60,0,0.6264,3011.0,8,0,0,0,3.0,0
0.4943,47,0,0.1656,,5,0,3,0,0.0,0
1.5348,34,1,0.2136,4679.0,15,0,1,0,0.0,0
0.6058,59,0,0.7402,9171.0,9,0,0,0,1.0,0
0.1493,55,0,0.1136,8414.0,7,0,0,0,0.0,0
2.079,41,0,0.2032,,12,0,1,0,0.0,0
0.0079,76,0,0.0486,5879.0,9,0,2,0,0.0,0
0.0539,62,0,0.2062,7619.0,10,0,0,0,1.0,0
0.1701,60,0,0.212,,4,0,2,0,0.0,0
0.4174,43,0,0.4533,,4,0,0,0,1.0,0
0.5251,37,0,0.7832,,2,0,2,0,1.0,0
1.6973,72,0,0.3578,6494.0,8,0,1,0,0.0,0
0.4315,39,0,0.2843,903.0,6,0,0,0,0.0,0
0.1061,59,2,0.1045,2248.0,5,0,1,0,1.0,0
0.0882,65,0,0.7777,5171.0,6,0,0,0,0.0,0
0.3958,32,0,0.4879,4578.0,3,0,2,0,0.0,0
0.7654,49,0,0.7477,3068.0,11,0,0,0,1.0,0
0.0703,38,0,0.5639,4525.0,5,0,0,0,0.0,0
0.726,57,0,1.0352,11483.0,4,0,1,0,0.0,0
0.5609,40,0,0.8741,2947.0,6,0,1,0,3.0,0
0.7312,39,0,0.0905,,11,0,0,0,0.0,0
0.5185,33,0,0.158,5145.0,8,0,1,0,2.0,0
0.3597,51,0,0.6451,10144.0,4,0,0,0,0.0,0
0.4668,28,0,0.8673,,15,0,2,0,2.0,1
0.0383,72,0,0.5863,7464.0,7,0,1,0,0.0,1
0.3469,49,0,0.3516,,5,0,0,0,0.0,0
0.1802,63,0,0.2959,6388.0,9,0,0,0,0.0,0
0.3631,50,0,0.4506,2041.0,9,0,1,0,1.0,0
0.0703,56,0,0.6785,7982.0,9,0,0,0,0.0,0
0.7134,33,0,0.871,,6,0,3,0,0.0,1
1.0877,59,0,0.2513,3436.0,11,0,0,0,0.0,0
0.8197,35,0,1.2231,2958.0,5,0,1,0,0.0,1
0.0884,71,0,0.8209,,14,0,0,0,1.0,0
0.27,44,0,0.2656,,8,0,1,0,2.0,0
0.0657,61,0,0.3347,1053.0,10,0,0,0,4.0,0
0.5248,34,0,0.572,7623.0,8,0,1,0,0.0,0
0.6435,62,0,0.6418,,11,0,1,0,0.0,0
0.0489,28,0,0.6255,4206.0,9,0,2,0,0.0,0
0.8605,29,0,0.631,9719.0,8,0,1,0,1.0,0
5.4625,66,0,0.4946,,5,0,0,0,1.0,0
0.5076,65,0,0.4581,,6,0,1,0,1.0,0
0.3716,45,0,0.3301,6511.0,18,0,1,0,0.0,0
0.633,46,0,1.0021,6090.0,10,0,1,0,1.0,0
0.2644,50,0,0.4423,1878.0,11,0,1,0,0.0,0
0.0453,55,0,0.3636,,6,0,2,0,2.0,0
0.6805,65,0,0.0449,6184.0,4,0,2,0,0.0,0
0.5795,47,0,0.8117,,12,0,0,0,0.0,1
0.0551,30,0,0.3869,5831.0,9,0,0,0,1.0,0
0.0507,50,0,0.55,5690.0,4,0,0,0,2.0,0
0.3466,41,0,0.6492,5833.0,6,0,3,0,1.0,0
0.6847,70,0,0.4775,27612.0,9,0,0,0,0.0,0
1.0678,46,0,0.7393,2617.0,7,0,0,0,1.0,0
0.226,68,0,0.6611,17089.0,17,0,0,0,0.0,0
0.0394,51,0,0.2865,5017.0,9,0,1,0,1.0,0
0.8797,42,0,0.6817,4231.0,6,0,0,0,1.0,0
0.4422,68,0,0.2745,,8,0,1,0,0.0,0
0.207,41,0,0.2348,4647.0,8,0,0,0,1.0,0
0.5036,51,0,0.0708,11636.0,6,0,1,0,0.0,0
0.9398,47,0,0.6937,3691.0,16,0,2,0,2.0,0
0.2834,40,3,0.8345,5282.0,2,1,1,1,1.0,0
0.5845,56,0,0.4611,25750.0,7,0,1,0,0.0,0
0.2325,43,0,0.2247,4580.0,12,0,1,0,2.0,0
1.0389,40,0,0.6603,3598.0,8,0,0,0,1.0,0
0.164,49,0,0.2265,,6,0,0,0,1.0,0
0.2896,43,0,0.7155,5418.0,12,0,2,0,1.0,0
0.1057,46,0,0.1407,9555.0,7,0,1,0,1.0,0
0.5271,49,0,0.1767,2928.0,5,0,0,0,0.0,0
0.99,60,0,0.4075,3956.0,7,0,1,0,1.0,0
0.4846,45,0,0.3508,4838.0,7,0,1,0,1.0,0
0.8884,33,0,0.6412,2414.0,9,0,2,0,0.0,0
0.0067,58,0,0.5565,,10,0,1,0,0.0,0
0.0375,43,0,0.1132,3292.0,8,0,0,0,,0
0.0945,56,0,0.432,4315.0,10,0,3,0,0.0,0
0.3287,67,0,0.6577,,5,0,0,0,0.0,0
2.0419,51,0,0.4967,,8,0,1,0,1.0,0
0.3933,39,0,0.6757,8080.0,9,0,0,0,1.0,0
0.2865,48,5,0.3968,5589.0,6,0,1,0,2.0,0
0.1149,40,1,0.3523,2958.0,6,1,0,2,0.0,0
0.3499,40,0,0.5719,5635.0,7,0,1,0,,0
0.3133,46,0,0.1533,,7,0,0,4,0.0,0
0.5646,34,0,0.2632,2728.0,5,0,0,0,2.0,0
2.0531,36,0,0.2775,2625.0,8,0,1,0,0.0,0
0.2432,61,0,0.2811,5621.0,5,0,1,0,1.0,0
0.5656,53,0,0.9882,5678.0,7,0,3,0,0.0,0
1.4213,55,0,0.4641,3627.0,12,0,3,0,1.0,0
0.2743,61,0,0.6507,5730.0,11,0,1,0,2.0,0
1.0212,25,0,1.1475,6901.0,9,0,2,0,0.0,0
0.108,47,0,0.3692,2794.0,9,0,0,0,1.0,0
0.3945,72,0,0.3806,2423.0,6,0,2,0,,0
0.1713,75,0,0.4885,3589.0,2,0,1,0,3.0,0
0.3288,41,0,0.6234,,8,0,0,0,2.0,0
0.0992,39,1,0.4037,3691.0,9,0,0,0,1.0,0
0.2237,22,0,0.9779,3438.0,7,0,2,0,1.0,0
0.031,45,0,0.1386,,9,0,0,0,1.0,0
1.2682,59,0,0.0485,4360.0,11,0,2,0,0.0,0
1.0059,63,0,0.1745,5509.0,10,0,1,0,1.0,0
1.5494,32,0,0.1916,4876.0,5,0,2,0,1.0,0
0.1974,48,0,1.11,4086.0,10,0,1,0,0.0,0
0.6852,43,1,0.5421,2574.0,3,0,1,0,0.0,1
2.4129,36,0,0.7293,,5,0,2,0,1.0,0
0.2481,42,0,0.1837,7202.0,4,0,0,0,0.0,0
0.5173,62,0,0.6463,2320.0,11,0,0,0,0.0,1
0.6908,57,0,0.2161,,13,0,2,0,0.0,0
0.4331,56,3,0.7965,3163.0,8,0,1,1,1.0,0
3.0846,69,0,0.2729,,5,0,3,0,0.0,0
0.2474,49,0,0.4763,4719.0,8,0,0,0,0.0,0
0.3651,49,0,0.6753,3959.0,6,0,0,0,1.0,0
0.0661,57,0,0.3308,8267.0,3,0,0,0,0.0,0
0.1902,37,0,0.5368,,6,0,1,0,0.0,0
0.6784,62,0,0.0826,4051.0,5,0,1,0,2.0,0
1.0803,59,0,0.8837,3295.0,6,0,0,0,0.0,0
0.3855,56,0,0.6298,4504.0,3,0,1,0,0.0,0
0.5399,41,0,0.574,6328.0,11,0,1,0,2.0,0
0.6119,60,0,0.5712,3605.0,8,0,0,0,0.0,0
0.1795,75,1,0.4059,4772.0,13,3,1,0,1.0,0
0.664,58,0,0.9358,4316.0,4,0,0,0,5.0,0
0.4654,43,0,0.4485,4173.0,12,0,2,0,2.0,0
0.1305,75,0,0.6318,,8,0,2,0,0.0,0
0.4622,57,0,0.1683,4089.0,10,0,3,0,0.0,0
0.247,75,0,0.2388,6869.0,6,0,1,0,0.0,0
0.3486,37,0,0.4276,2076.0,5,0,0,0,0.0,0
0.6785,41,0,0.6033,2674.0,8,0,0,0,1.0,1
0.5379,62,0,0.8253,5831.0,10,0,0,0,1.0,0
0.9175,21,0,0.1799,8876.0,12,0,0,0,1.0,0
5.3441,77,0,0.6269,,8,0,0,0,0.0,1
0.5495,69,0,0.5058,3265.0,15,0,1,0,1.0,1
0.0741,41,0,0.4689,1412.0,10,0,1,0,1.0,0
0.4926,68,0,0.3818,8701.0,8,0,1,0,2.0,0
0.4812,52,0,0.7182,5501.0,11,0,2,0,0.0,0
0.3572,48,0,0.2285,7690.0,4,0,0,0,1.0,0
0.1055,37,0,0.4268,,8,0,2,0,1.0,0
0.1727,65,0,0.5053,8964.0,6,0,1,0,0.0,0
0.0041,61,0,0.1447,,6,0,1,0,1.0,0
0.0378,55,0,0.4253,7239.0,8,0,1,0,0.0,0
0.1903,35,0,0.8288,8123.0,8,0,2,0,1.0,0
0.383,58,0,0.2438,4078.0,4,0,1,0,0.0,0
0.7065,65,0,0.7946,,8,0,1,0,1.0,0
0.6972,76,0,0.8249,,8,0,0,0,1.0,0
0.9061,49,0,0.5158,7629.0,6,0,4,0,0.0,0
0.1098,44,0,0.5478,2091.0,12,0,2,0,1.0,0
1.4165,37,0,0.3477,19988.0,5,0,0,0,2.0,0
0.7181,53,0,0.2224,,3,0,0,0,1.0,0
0.2751,63,0,0.6868,,11,0,0,0,1.0,0
1.0182,79,0,0.1883,3256.0,5,0,1,0,0.0,0
0.5075,59,0,0.7189,,2,0,2,0,0.0,0
0.0193,70,0,1.0922,3547.0,9,0,0,0,0.0,0
3.6801,54,0,0.1363,8816.0,8,0,1,0,1.0,0
0.9163,62,0,0.3571,6241.0,8,0,0,0,,0
0.3722,44,0,0.1817,,7,0,1,0,,0
0.4929,55,0,0.379,6390.0,11,0,0,0,0.0,0
6.5377,38,0,0.3507,3263.0,6,0,1,0,0.0,0
0.4103,67,0,0.1811,11808.0,8,0,1,0,0.0,0
0.727,81,0,0.0745,,8,0,1,0,1.0,0
0.1604,54,0,0.224,18692.0,7,0,1,0,0.0,0
0.1543,46,0,1.0531,9541.0,9,0,3,0,0.0,0
0.77,95,0,0.1782,7669.0,11,0,4,0,2.0,0
0.148,68,0,0.037,27643.0,10,0,2,0,1.0,0
0.381,73,0,0.2867,1130.0,10,0,0,0,1.0,0
0.1839,58,0,0.2385,9778.0,5,0,3,0,1.0,0
0.2277,38,0,0.0581,,9,0,2,0,1.0,0
0.365,49,0,0.3339,7010.0,10,0,2,0,0.0,0
0.4012,53,0,0.6748,,7,0,0,0,0.0,0
0.6008,52,0,0.5536,,7,0,0,0,1.0,0
0.1706,37,0,0.2594,6360.0,11,0,2,0,1.0,0
0.1735,52,0,0.699,5739.0,2,0,1,0,0.0,0
2.316,36,0,0.6367,8708.0,8,0,1,0,1.0,0
0.3207,33,0,0.4773,2925.0,9,0,0,0,0.0,0
0.4094,41,0,0.0844,6641.0,6,0,0,0,1.0,0
0.1782,48,0,0.8367,,6,0,3,0,1.0,0
0.4604,49,0,0.6501,,7,0,0,0,2.0,0
0.0369,50,0,0.695,6578.0,7,0,2,0,1.0,0
0.1223,77,0,0.8391,,8,0,1,0,1.0,0
0.3471,50,0,0.7263,,7,0,2,0,5.0,0
0.9225,26,0,0.6628,,8,0,1,0,1.0,1
0.0969,47,0,1.1392,6756.0,8,0,0,0,0.0,0
0.0049,48,0,0.4106,5407.0,9,0,3,0,1.0,0
1.3303,21,0,0.0315,3288.0,10,0,0,0,1.0,1
0.4944,51,0,0.3427,,9,0,0,0,0.0,0
0.2849,43,0,0.2155,3949.0,10,0,2,0,1.0,0
0.3688,50,0,0.6927,7820.0,9,0,2,0,0.0,0
0.2901,54,0,0.7572,16433.0,9,0,0,0,0.0,0
0.5518,49,0,0.6786,3773.0,12,0,1,0,1.0,0
0.997,49,0,0.4341,10892.0,9,0,1,0,1.0,0
0.2564,43,0,0.9739,6182.0,10,0,2,0,0.0,0
0.1426,59,0,0.1776,5783.0,10,0,0,0,1.0,0
0.6668,45,0,0.2875,4910.0,13,0,3,0,0.0,0
0.251,60,0,0.23,7069.0,3,0,0,0,1.0,0
0.1122,35,0,0.2177,5546.0,7,0,1,0,1.0,0
1.0248,45,1,0.3781,7902.0,6,0,1,0,3.0,0
0.5299,57,0,0.3937,3161.0,8,0,2,0,0.0,0
0.1706,35,0,1.0494,6169.0,11,0,1,0,1.0,0
0.3541,43,0,0.2888,13948.0,7,0,1,0,0.0,0
0.6661,58,0,1.1684,2790.0,3,0,2,0,0.0,1
0.5822,40,0,0.6558,2870.0,11,0,1,0,1.0,0
0.2961,68,0,0.4854,2688.0,7,0,2,0,0.0,0
0.274,51,0,0.1095,6804.0,8,0,0,0,1.0,0
0.1741,46,0,0.7453,7173.0,6,0,4,0,0.0,0
0.783,59,0,0.4774,1377.0,8,0,1,0,0.0,0
0.3211,52,0,0.5463,,7,0,1,0,1.0,0
0.0744,51,0,0.5438,4398.0,7,0,0,0,1.0,0
0.5531,48,0,0.639,6618.0,11,0,0,0,0.0,0
0.0858,49,0,0.3017,5202.0,7,0,0,0,0.0,0
0.0813,36,0,0.7232,6537.0,6,0,0,0,1.0,0
0.4734,60,0,0.734,,8,0,0,0,1.0,0
0.5537,42,0,0.4829,5742.0,6,0,1,0,3.0,0
0.6655,65,0,0.1847,2935.0,3,0,1,0,0.0,0
0.2625,38,0,0.2849,,6,0,0,0,0.0,0
0.1229,67,0,0.2693,,11,0,1,0,0.0,0
0.3118,40,0,0.637,3812.0,13,0,0,0,4.0,0
3.1794,61,3,0.1974,5804.0,12,0,1,1,0.0,0
0.5172,45,0,0.8393,3367.0,5,0,0,0,0.0,0
0.8005,53,0,0.4458,6809.0,8,0,0,0,0.0,0
0.1096,43,0,0.2293,,3,0,1,0,0.0,0
0.1924,40,0,1.0746,,9,0,2,0,,0
0.8042,46,0,0.7574,2110.0,8,0,2,0,0.0,0
0.0773,60,0,0.2868,,9,0,0,0,0.0,0
0.3746,60,0,0.5158,5389.0,3,0,1,0,2.0,0
3.6518,58,0,0.9469,,17,0,3,0,0.0,0
5.8376,54,2,0.4432,7054.0,3,0,0,0,1.0,0
0.9201,80,0,0.3593,3506.0,5,0,2,0,0.0,0
0.1109,39,0,0.057,3062.0,11,0,3,0,2.0,0
0.4334,49,0,0.5456,6339.0,7,0,1,0,0.0,0
0.0077,21,0,0.7899,,11,0,1,0,,0
1.7283,57,0,0.5339,2002.0,5,0,0,0,0.0,0
0.8589,39,2,0.1412,3121.0,10,0,0,0,1.0,0
0.4469,50,0,0.8906,10690.0,7,0,0,0,4.0,0
0.6421,41,0,0.391,7463.0,11,0,0,0,0.0,0
0.4643,49,0,0.3208,,7,0,1,0,0.0,0
3.2829,53,0,0.1546,10981.0,8,0,0,0,1.0,0
0.1665,41,0,1.0694,4464.0,8,0,0,0,0.0,0
0.0941,55,0,0.1941,17754.0,7,0,2,0,0.0,1
0.1278,45,0,1.0376,,11,0,2,0,0.0,0
0.1291,42,0,0.5854,6147.0,6,0,0,0,0.0,0
0.8151,60,1,0.1959,4663.0,9,0,1,1,0.0,0
0.0928,54,0,0.8156,18027.0,4,0,3,0,2.0,0
0.3658,27,0,1.0726,,7,0,0,0,0.0,0
0.6238,46,0,0.213,6130.0,6,0,1,0,0.0,0
1.1025,37,0,0.503,4190.0,8,0,0,0,2.0,0
1.1457,69,0,0.7598,3586.0,11,0,1,0,1.0,1
0.0053,41,0,0.1065,6028.0,6,0,0,0,0.0,0
0.1431,42,0,0.344,5990.0,6,0,2,0,2.0,0
0.9988,51,0,0.1486,4800.0,14,0,3,0,1.0,1
0.8503,58,0,0.2079,1719.0,4,0,0,0,0.0,0
0.1615,41,0,0.4091,9282.0,8,0,2,0,0.0,1
0.835,53,0,0.4505,3952.0,7,0,1,0,2.0,0
0.3591,55,0,0.3393,,2,0,2,0,1.0,0
0.5022,28,0,0.4867,8952.0,5,0,1,0,1.0,0
0.4738,57,0,0.067,,6,0,3,0,1.0,0
0.2426,44,0,0.4291,2863.0,8,0,1,0,3.0,0
1.2698,35,0,0.4828,9021.0,9,0,2,0,2.0,0
0.2516,76,0,0.4204,3451.0,7,0,1,0,1.0,0
0.1522,39,0,0.2503,15442.0,9,0,0,0,0.0,0
3.4325,61,0,0.8631,4806.0,8,0,0,0,1.0,0
0.5909,57,0,0.0518,7452.0,6,0,0,0,1.0,0
0.2768,28,0,0.1652,2700.0,9,0,2,0,2.0,0
0.676,41,0,0.4193,8683.0,4,0,0,0,0.0,0
0.2976,36,0,0.1756,7817.0,9,0,1,0,2.0,0
0.8912,63,0,0.8631,10480.0,4,0,2,0,2.0,0
0.0736,62,1,0.5506,5049.0,5,0,2,0,1.0,0
0.3974,73,0,1.0279,5847.0,10,0,0,0,0.0,0
1.3899,37,0,0.3624,6824.0,8,0,1,0,1.0,0
0.5369,83,0,0.8052,,12,0,4,0,3.0,0
0.0051,64,0,0.3268,1694.0,8,0,1,0,0.0,0
0.0745,74,0,0.5583,,11,2,0,0,1.0,0
0.1214,53,3,0.1897,4096.0,8,0,2,0,,0
1.0564,47,0,0.224,7069.0,14,0,3,0,2.0,0
6.582,39,0,0.9363,6470.0,9,0,1,0,0.0,0
0.0762,68,0,0.4187,5949.0,3,0,1,0,0.0,0
0.1362,49,0,0.467,3878.0,3,0,3,0,0.0,0
0.6995,49,0,0.1168,5733.0,4,0,0,0,0.0,0
0.4691,67,0,0.3008,,10,0,1,0,0.0,0
0.041,62,0,0.2426,,12,0,0,0,0.0,0
0.2991,48,0,0.3384,6747.0,8,0,0,0,3.0,0
0.2835,53,0,0.2452,11154.0,7,0,3,0,1.0,0
0.3905,55,0,0.2174,8981.0,7,0,0,0,0.0,0
0.0867,52,0,0.5622,6147.0,11,0,3,0,1.0,0
0.1359,68,0,0.6313,,4,0,1,0,0.0,0
0.2264,59,0,0.4664,,9,0,2,0,3.0,0
0.1027,47,0,0.3759,17996.0,8,0,0,0,0.0,0
3.7084,69,0,0.7557,3388.0,5,0,1,0,1.0,1
0.6025,43,0,0.2203,3813.0,6,0,2,0,2.0,0
2.6242,50,0,0.1332,5748.0,4,0,2,0,0.0,1
0.8196,48,1,0.1075,5813.0,7,0,1,0,,0
0.3598,46,0,0.1648,4822.0,7,0,0,0,2.0,0
1.3836,47,0,0.4382,10608.0,9,0,1,0,0.0,1
0.5631,65,0,0.4541,,11,0,2,0,0.0,0
0.4693,52,0,0.5141,,2,0,3,0,2.0,0
0.4716,75,4,0.1373,4640.0,9,0,0,0,0.0,0
0.3584,44,0,0.8637,3921.0,12,0,0,0,3.0,0
1.6782,43,1,0.8088,7666.0,7,0,2,1,0.0,0
0.0376,33,0,0.8985,5398.0,7,0,1,0,0.0,0
0.0572,33,0,0.5106,2649.0,8,0,0,0,2.0,0
0.2662,41,0,0.5216,1605.0,6,0,2,0,0.0,0
2.2796,40,0,0.2739,2805.0,7,0,2,0,1.0,0
0.4834,44,0,0.315,3278.0,8,0,0,0,1.0,0
0.6556,54,0,0.9531,6464.0,13,0,2,0,1.0,0
0.7449,40,0,0.23,3419.0,4,0,0,0,,0
3.1735,75,0,0.2141,3315.0,11,0,2,0,1.0,0
0.2044,50,0,0.2146,3460.0,5,0,0,0,0.0,0
0.1091,63,0,0.6715,,10,0,2,0,2.0,0
0.4369,39,0,0.3618,3376.0,12,0,1,0,0.0,0
4.5866,46,3,0.7109,15097.0,16,0,0,0,0.0,0
1.1235,56,0,0.5468,3221.0,3,0,1,0,0.0,0
0.1501,57,0,0.8955,,11,0,2,0,0.0,0
0.5685,64,0,0.4385,4000.0,11,0,2,0,0.0,0
0.757,33,0,0.4646,2102.0,8,0,3,0,,0
0.0343,88,0,0.6479,4837.0,5,0,1,0,0.0,0
0.2772,74,0,0.495,6644.0,13,0,0,0,1.0,0
7.6778,55,0,0.6498,1236.0,6,0,0,0,2.0,0
0.2373,57,0,0.3788,1074.0,7,0,1,0,0.0,0
0.2826,55,0,0.2378,17008.0,6,0,3,0,,0
0.6724,38,0,0.3808,4138.0,10,0,1,0,1.0,0
0.4029,33,0,0.4309,,6,0,2,0,,0
0.1538,36,0,0.0604,3414.0,8,0,1,0,0.0,0
0.5534,34,0,0.3288,4261.0,3,0,0,0,2.0,0
0.2685,75,0,0.4458,,9,0,0,0,2.0,0
0.4866,45,0,0.3905,3352.0,8,0,3,0,1.0,0
0.2571,67,0,0.9868,4981.0,7,0,2,0,1.0,0
1.6207,48,0,0.2522,4759.0,10,0,2,0,0.0,0
0.1888,50,0,0.5977,4534.0,10,0,0,0,0.0,0
0.1221,48,0,0.745,,8,0,0,0,1.0,0
0.421,44,0,0.4971,4860.0,11,0,0,0,1.0,0
1.2189,76,0,0.9674,,3,0,2,0,0.0,0
0.3769,54,0,0.414,6774.0,10,0,3,0,2.0,0
0.3431,71,0,0.3375,3136.0,5,0,1,0,0.0,0
0.7484,55,0,0.3439,4661.0,8,0,0,0,1.0,0
2.3757,72,1,0.6963,5177.0,8,0,1,0,0.0,0
0.4643,53,0,0.6753,7762.0,10,0,1,0,0.0,0
0.4454,48,0,0.1571,4581.0,12,0,0,0,0.0,0
2.2914,31,0,1.1912,,11,0,0,0,0.0,0
1.9059,62,0,0.6676,4816.0,6,0,1,0,0.0,0
2.9368,73,0,0.5014,2345.0,5,0,1,0,4.0,1
0.6534,66,0,0.1991,9038.0,7,0,1,0,1.0,0
0.117,46,0,0.3573,6676.0,5,0,0,0,2.0,0
0.5708,63,0,0.3036,5706.0,9,0,0,0,1.0,0
3.1548,37,0,0.6964,5569.0,5,0,1,0,0.0,0
0.2389,38,0,0.6104,4031.0,14,0,1,0,0.0,0
0.2198,42,0,0.6395,5187.0,9,0,0,0,2.0,0
0.1869,42,0,0.2113,5635.0,7,0,1,0,1.0,0
0.5157,60,0,0.7572,9100.0,4,0,1,0,1.0,0
0.0029,63,0,0.3966,7001.0,7,0,2,0,2.0,0
0.0256,46,0,0.799,4651.0,13,0,2,0,1.0,0
1.7404,74,0,0.8128,10392.0,9,0,1,0,2.0,0
0.1622,45,0,0.6604,7204.0,7,0,1,0,1.0,0
0.6936,68,0,0.3969,,11,0,2,0,0.0,0
0.1145,47,0,0.1908,3934.0,7,0,0,0,3.0,0
0.7314,52,0,0.2856,7401.0,7,0,1,0,,0
0.1137,53,0,0.6071,11353.0,9,0,0,0,0.0,0
0.4602,64,0,0.6961,12473.0,7,0,2,0,0.0,0
0.148,49,0,0.5362,14077.0,5,0,1,0,1.0,0
0.0618,28,0,0.552,6686.0,6,0,2,0,0.0,0
0.2705,63,0,0.6235,1931.0,9,0,0,0,1.0,0
0.6052,52,0,0.8958,8541.0,10,0,0,0,3.0,0
0.3148,76,0,0.0342,7572.0,5,0,0,0,1.0,0
0.0624,34,0,0.7019,1812.0,11,0,0,0,0.0,0
0.778,49,0,0.7126,,9,0,1,0,0.0,0
0.3869,29,0,0.5337,22246.0,4,0,3,0,1.0,0
0.4316,53,1,0.1715,6595.0,5,0,0,0,2.0,0
0.6073,53,0,0.4454,8310.0,10,0,1,0,1.0,0
0.7939,72,0,0.2094,8551.0,8,0,3,0,0.0,0
0.1629,59,0,0.2395,,4,0,0,0,2.0,0
0.0573,45,0,0.0115,4437.0,9,0,1,0,1.0,0
0.0091,53,0,0.4497,2015.0,12,0,0,0,0.0,0
0.2385,66,0,0.0163,6087.0,5,0,0,0,0.0,0
0.58,27,0,0.7228,1487.0,10,0,1,0,1.0,0
0.02,60,0,0.47,2587.0,8,0,0,0,0.0,0
0.3978,42,0,0.2519,2528.0,7,0,1,0,3.0,0
0.5019,47,0,0.2158,5388.0,12,0,0,0,2.0,0
0.0295,52,0,0.7916,,7,0,1,0,1.0,0
3.412,31,0,0.1395,6401.0,4,0,1,0,1.0,0
2.2075,31,0,0.456,,6,0,0,0,0.0,0
0.0666,61,0,0.5913,2161.0,6,0,1,0,1.0,0
0.9918,46,0,0.8055,6435.0,5,0,1,0,3.0,0
0.3409,51,0,0.2289,5265.0,10,0,1,0,1.0,0
4.7406,55,0,0.1619,8166.0,8,0,0,0,0.0,0
0.3606,35,0,0.6083,,13,0,3,0,2.0,0
5.942,42,0,0.9257,5838.0,10,0,2,0,1.0,0
0.4255,39,0,0.6153,14901.0,7,0,0,0,1.0,0
0.5011,21,0,0.3875,4185.0,4,0,1,0,2.0,0
0.297,49,0,0.2531,6667.0,6,0,0,0,1.0,0
0.1819,50,0,0.6915,11096.0,6,0,1,0,0.0,0
0.8464,59,2,1.0809,3920.0,3,0,1,1,1.0,0
0.0917,57,0,0.1007,,5,0,1,0,1.0,0
0.568,28,0,1.4329,3671.0,8,0,2,0,0.0,0
0.268,28,0,0.8763,2558.0,12,0,1,0,0.0,0
0.7458,43,0,0.5624,10425.0,8,0,0,0,3.0,0
0.8433,55,0,0.5018,4103.0,14,0,0,0,2.0,0
0.1573,45,0,0.5369,15364.0,11,0,1,0,1.0,0
0.767,41,0,0.0383,11012.0,8,0,0,0,3.0,0
0.0866,70,0,0.6026,9983.0,5,0,0,0,1.0,0
0.5947,60,0,0.1247,5874.0,5,0,0,0,0.0,0
0.8134,62,0,0.2091,4148.0,6,0,1,0,0.0,0
0.2188,57,0,0.8869,6049.0,5,0,0,0,0.0,0
0.5771,36,0,0.3681,3919.0,6,0,2,0,2.0,0
0.4301,62,0,0.5212,4218.0,8,0,3,0,2.0,0
0.0112,87,0,0.3367,11086.0,7,0,0,0,,0
2.5529,61,1,0.5431,3710.0,7,0,0,0,2.0,1
0.2164,51,0,0.4144,2611.0,4,0,2,0,1.0,0
0.1387,30,0,0.8479,,8,0,2,0,0.0,0
1.2926,41,0,0.5397,12713.0,10,0,1,0,3.0,0
0.8213,62,0,1.1217,7509.0,8,0,1,0,0.0,0
0.0807,61,0,0.4229,3563.0,11,0,0,0,0.0,0
0.1985,38,0,0.4271,31110.0,9,0,2,0,1.0,0
0.4615,59,0,0.2262,1728.0,5,0,1,0,2.0,0
0.0207,38,0,0.9152,,4,0,0,0,1.0,0
0.3429,64,0,0.6881,5592.0,3,0,1,0,0.0,0
1.3286,61,0,0.5781,3048.0,16,0,0,0,1.0,0
0.3409,66,0,0.9701,4078.0,12,0,2,0,0.0,0
1.4369,45,0,0.1115,7161.0,7,0,1,0,1.0,0
0.2928,62,0,0.6435,,6,0,1,0,0.0,0
2.2852,54,0,0.3354,1451.0,9,0,1,0,0.0,0
0.2511,58,0,0.6585,,6,0,1,0,1.0,0
1.1071,53,1,0.0806,1890.0,5,2,0,0,3.0,0
0.0737,40,1,0.367,,8,0,0,0,0.0,0
3.1084,57,0,0.6096,,3,0,5,0,1.0,0
0.1281,58,0,0.6563,5131.0,10,0,2,0,1.0,0
0.3507,37,0,0.4728,3111.0,11,0,1,0,0.0,0
0.4289,60,0,0.2352,13225.0,9,0,2,0,,0
4.0775,59,0,0.3888,5543.0,12,0,0,0,1.0,0
0.7313,43,0,0.5047,8904.0,5,0,0,0,1.0,0
0.144,56,0,0.392,5709.0,12,0,0,0,1.0,0
5.0477,43,0,0.1389,3792.0,6,0,0,0,0.0,0
0.1233,60,0,0.5648,3644.0,5,0,2,0,0.0,0
0.5304,40,0,0.7179,4908.0,9,0,2,0,0.0,0
0.5916,71,0,0.8286,,12,0,0,0,1.0,1
0.2737,70,0,0.8952,2190.0,10,0,1,0,0.0,0
7.1882,63,0,0.2198,3219.0,10,0,1,0,0.0,0
0.1456,79,0,0.4587,5861.0,7,0,0,0,1.0,0
0.9523,72,0,0.1186,5321.0,8,0,1,0,0.0,1
0.5391,65,0,0.8094,1873.0,9,0,3,0,1.0,1
0.6844,74,0,0.2381,,9,0,2,1,1.0,0
0.0111,50,0,0.8212,7132.0,8,0,0,0,0.0,0
0.9187,44,0,0.6941,5288.0,10,0,0,0,0.0,0
0.132,66,0,0.1498,8877.0,7,0,2,0,2.0,0
0.8821,50,0,0.2841,7172.0,11,0,1,0,1.0,0
0.281,65,0,0.4863,3734.0,12,0,2,0,1.0,0
0.2936,41,0,0.6144,2353.0,4,0,1,0,0.0,0
0.1059,43,0,0.2508,4900.0,7,0,2,0,0.0,0
0.2106,32,0,0.3288,,6,0,2,0,0.0,0
2.2562,36,0,0.4936,,7,0,0,0,0.0,0
0.0252,57,0,0.7281,,10,0,0,0,0.0,0
0.4878,32,0,0.323,18624.0,13,0,0,0,1.0,0
0.4074,38,0,0.6351,6684.0,6,0,1,0,0.0,0
0.0227,41,0,0.9221,8395.0,6,0,0,0,1.0,0
0.2442,46,0,0.6567,,9,0,1,0,1.0,0
0.4114,53,0,0.4735,4692.0,8,0,5,0,0.0,0
0.1719,79,0,0.4,3366.0,13,0,0,0,2.0,0
0.2783,63,0,0.2154,5199.0,7,0,0,0,2.0,0
0.216,44,0,0.2148,3420.0,11,0,1,0,0.0,0
0.3908,52,0,0.5545,22489.0,13,0,2,0,1.0,0
0.0173,44,0,0.8527,3293.0,10,0,0,0,2.0,0
3.605,64,0,0.127,3745.0,7,0,1,0,0.0,0
3.2073,60,0,0.6429,2473.0,10,0,1,0,0.0,0
0.5344,44,0,0.2475,,8,0,3,0,2.0,0
0.2454,57,0,0.7549,4660.0,9,0,1,0,0.0,0
1.2606,58,1,0.4094,3756.0,3,0,1,0,2.0,0
0.201,53,0,0.5701,1854.0,7,0,0,0,1.0,0
0.2469,57,0,0.2501,25726.0,15,0,2,0,2.0,0
0.9787,60,0,0.1663,5869.0,7,0,1,0,0.0,0
0.3003,82,0,0.1672,12522.0,11,0,1,0,1.0,0
0.1404,69,0,0.8127,15039.0,10,0,1,0,2.0,0
0.3875,39,0,0.5115,4493.0,5,0,1,0,2.0,0
3.8241,56,0,0.5156,4728.0,11,0,1,0,2.0,1
0.0703,82,0,0.1586,,12,0,0,0,1.0,0
0.131,57,0,0.2666,,8,0,0,0,0.0,0
0.4129,78,0,0.5194,,6,0,3,0,1.0,0
0.1449,89,0,0.3822,5911.0,7,0,2,0,0.0,0
0.5982,39,1,0.1679,1902.0,6,0,1,0,0.0,0
0.4706,51,0,0.6685,,4,0,1,0,3.0,0
0.5023,53,0,0.5018,11944.0,6,0,2,0,0.0,0
0.3773,34,0,0.6314,8263.0,10,0,1,0,3.0,0
0.1765,71,0,0.3387,3152.0,7,0,0,0,0.0,0
0.4156,57,0,0.5798,5256.0,6,0,2,0,1.0,0
0.9192,29,0,0.2215,4684.0,12,0,1,0,1.0,0
2.2915,57,0,0.7422,2878.0,15,0,1,0,2.0,0
0.086,41,0,0.4165,8323.0,14,0,3,0,0.0,0
0.2075,52,0,0.8486,3953.0,4,0,1,0,0.0,0
1.652,21,0,0.5564,3126.0,6,0,0,0,0.0,1
0.0552,49,0,0.5788,1890.0,13,0,0,0,0.0,0
0.4499,64,0,0.1298,5311.0,9,0,2,0,1.0,0
3.2589,46,0,0.9515,10432.0,8,0,2,0,2.0,0
0.0202,27,0,0.4874,5558.0,11,0,3,0,0.0,1
0.5725,51,0,0.2941,6772.0,9,0,1,0,3.0,0
0.3196,49,0,0.2016,7851.0,8,0,3,0,1.0,0
0.0559,74,2,0.6682,3971.0,9,0,0,1,1.0,0
2.1176,58,2,0.5995,3597.0,9,0,1,0,1.0,0
0.8191,49,0,0.0624,,8,0,1,0,1.0,0
0.5951,35,0,0.2221,10899.0,7,0,2,0,1.0,0
0.9621,51,0,0.1011,8949.0,11,0,1,0,0.0,0
0.7788,79,0,0.3884,5132.0,10,0,2,0,1.0,0
0.4285,57,0,0.4058,,9,0,1,0,0.0,0
0.5144,61,0,0.0139,,4,0,3,0,0.0,0
0.9386,21,0,0.3822,10696.0,6,0,0,0,1.0,0
1.2932,65,0,1.0186,2127.0,10,0,3,0,1.0,0
0.292,53,0,0.4218,4108.0,7,0,1,0,1.0,0
0.5274,52,0,0.493,4391.0,8,0,2,0,,0
0.7201,54,0,0.5785,6170.0,12,0,2,0,0.0,0
0.6355,55,0,0.2322,3272.0,11,0,2,0,1.0,0
0.7593,48,0,0.284,7904.0,8,0,1,0,0.0,0
0.3883,45,0,0.3044,9550.0,9,0,0,0,1.0,0
0.5433,32,0,0.6952,3502.0,11,0,2,0,0.0,1
0.6975,47,0,0.418,4907.0,9,0,1,0,,0
2.9267,68,0,0.3422,,5,0,1,0,,0
0.3035,44,0,0.5587,,11,0,0,0,0.0,0
0.2834,63,0,0.6499,3557.0,7,0,2,0,0.0,0
0.1893,37,0,0.7915,,7,0,2,0,0.0,0
0.0805,33,0,0.2764,3049.0,7,0,0,0,0.0,0
0.1768,46,0,0.2569,,3,0,3,0,0.0,0
0.0493,65,0,0.566,,10,0,1,0,1.0,0
0.4857,31,3,0.7443,1704.0,8,0,3,0,1.0,0
0.5968,77,0,0.4093,9151.0,10,0,2,0,0.0,0
0.0454,82,0,0.5319,5559.0,10,0,0,0,0.0,0
0.5133,62,0,0.2774,8110.0,9,0,1,0,0.0,0
0.618,44,0,0.5453,2067.0,5,0,0,0,0.0,0
0.5586,45,0,0.4498,6768.0,12,0,1,0,2.0,0
0.1636,42,0,0.0954,5841.0,14,0,0,0,3.0,0
0.0363,42,0,0.545,6471.0,2,0,1,0,0.0,0
0.5402,49,0,0.3903,3381.0,6,0,0,0,0.0,0
0.7332,26,0,0.4754,2385.0,11,0,2,0,1.0,1
1.5717,57,0,0.9945,,6,0,1,0,0.0,0
0.4934,36,0,0.158,3166.0,8,0,1,0,0.0,0
0.1431,40,0,0.3132,,7,0,2,0,0.0,0
0.183,41,0,0.6127,2724.0,4,0,2,0,1.0,0
0.1254,57,0,0.1574,,8,0,2,0,0.0,0
0.0592,67,0,0.3006,12560.0,5,0,0,0,0.0,0
0.7363,38,0,0.5034,11630.0,4,0,1,0,0.0,0
0.1044,69,0,0.1592,2821.0,4,0,1,0,0.0,0
0.4769,36,0,0.5387,4653.0,10,0,0,0,2.0,1
0.4416,42,3,0.5756,4270.0,5,0,1,2,2.0,0
0.4512,65,0,0.2928,8964.0,7,0,0,0,1.0,0
0.0315,29,0,0.5673,,8,0,2,0,2.0,0
0.2897,44,0,0.6385,5384.0,5,0,1,0,0.0,0
0.0113,39,0,0.2226,10002.0,8,0,1,0,0.0,0
0.2636,46,0,0.3257,,10,0,2,0,0.0,0
0.8656,42,0,0.5699,6475.0,6,0,2,0,1.0,0
0.3205,28,0,0.5691,2884.0,5,0,1,0,2.0,0
1.9807,61,0,0.3519,8030.0,7,0,0,0,0.0,0
2.014,57,0,0.4184,,9,0,0,0,0.0,0
0.3026,65,0,0.3295,5772.0,9,0,0,0,1.0,0
0.2061,46,0,1.4201,1584.0,13,0,0,0,0.0,0
0.4229,51,0,0.3904,6411.0,5,0,3,0,0.0,0
0.2973,64,2,0.406,,5,0,1,1,1.0,0
0.1615,55,3,0.3718,3621.0,12,0,1,0,1.0,0
8.5023,65,0,0.4207,8209.0,11,0,1,0,1.0,0
0.4226,64,0,0.8033,3009.0,8,0,3,0,0.0,1
2.2748,53,0,0.407,8494.0,6,0,0,0,2.0,0
0.5838,53,0,0.5798,5648.0,7,0,1,0,0.0,0
0.2808,51,0,0.9783,,5,0,1,0,0.0,0
0.1685,53,0,0.3648,4658.0,6,0,0,0,1.0,0
0.7066,44,0,0.2739,5471.0,8,0,1,0,0.0,1
0.3052,57,0,0.3269,2538.0,10,0,2,0,1.0,0
0.9421,55,0,0.9019,10589.0,8,0,1,0,0.0,0
1.1264,44,0,0.2993,5329.0,9,0,1,0,2.0,0
2.9083,57,0,0.2577,2834.0,9,0,1,0,1.0,0
0.1593,69,0,0.1981,6209.0,8,0,0,0,2.0,0
0.6844,52,0,0.1261,2886.0,13,0,2,0,,0
3.7624,53,0,0.0773,9209.0,12,0,0,0,2.0,0
0.1037,55,0,0.5188,2860.0,3,0,1,0,1.0,0
0.0446,25,0,0.3676,9123.0,8,0,1,0,0.0,0
0.0068,47,0,0.8483,1785.0,6,0,0,0,1.0,0
1.1969,84,0,1.0931,6932.0,6,0,2,0,2.0,1
0.3436,53,0,0.61,,6,0,1,0,0.0,0
0.6501,39,2,0.6958,7156.0,8,0,2,1,0.0,0
0.8996,51,1,0.4089,6507.0,5,0,0,0,0.0,0
0.7368,44,0,0.1589,6253.0,10,0,0,0,3.0,0
0.2,54,1,0.3777,8230.0,8,2,0,0,1.0,0
0.1836,55,0,0.1436,7921.0,15,0,1,0,1.0,0
7.5766,51,2,0.5001,11467.0,8,0,0,0,0.0,0
0.5976,64,0,0.4467,,8,0,0,0,1.0,0
0.6023,35,0,0.5179,8216.0,7,0,0,0,0.0,0
0.421,57,0,0.3555,9661.0,8,0,0,0,1.0,0
0.3522,67,0,0.2131,7631.0,8,0,1,0,0.0,0
0.6245,48,0,0.3667,4355.0,12,0,1,0,2.0,0
0.6084,63,0,0.2676,5551.0,7,0,3,0,0.0,0
0.0485,49,0,0.8718,,9,0,2,0,3.0,0
0.3154,37,0,0.2211,4246.0,6,0,0,0,0.0,0
2.0455,25,1,0.8324,6553.0,3,0,0,2,0.0,0
0.6973,44,0,0.7332,3738.0,6,0,0,0,0.0,0
0.1039,48,0,0.8779,6033.0,8,0,0,0,1.0,0
0.0985,83,0,0.3404,,13,0,0,0,0.0,0
0.0189,53,0,0.7923,8550.0,8,0,1,0,1.0,0
0.1291,44,2,0.4566,5655.0,8,0,0,1,2.0,0
0.1244,59,0,0.1731,7744.0,8,0,1,0,1.0,0
0.647,47,0,0.3316,6834.0,9,0,1,0,2.0,0
0.2239,66,0,0.8585,,9,0,1,0,3.0,0
0.6132,74,0,1.7047,7796.0,6,0,0,0,1.0,0
0.2777,54,0,0.7623,,8,0,1,0,0.0,0
0.8907,27,1,0.5882,5830.0,4,0,1,1,1.0,0
0.3635,51,0,0.0613,1558.0,8,0,2,0,1.0,0
0.0889,50,0,0.4062,4483.0,7,0,0,0,1.0,0
0.2168,75,2,0.5045,,10,0,1,0,1.0,0
0.1637,58,0,0.179,7553.0,9,0,2,0,1.0,0
0.6958,47,0,0.7202,8033.0,9,0,0,0,0.0,0
0.1959,72,0,0.157,5753.0,8,0,0,0,1.0,0
0.5102,50,0,0.3471,,9,0,0,0,1.0,0
0.75,50,0,0.4599,7983.0,12,0,3,0,1.0,0
0.0727,45,0,0.4566,11246.0,11,0,1,0,1.0,0
0.1093,68,0,0.5696,,8,0,1,0,0.0,0
0.1582,44,0,0.0437,3736.0,2,0,2,0,0.0,0
0.6375,61,0,0.526,4038.0,9,0,0,0,1.0,1
0.4433,58,0,0.1628,15481.0,9,0,1,0,0.0,0
2.2719,53,0,0.2177,,6,0,0,0,2.0,0
0.1304,65,0,0.6107,2910.0,8,0,3,0,1.0,0
0.1245,74,0,0.8186,4106.0,9,0,2,0,1.0,0
0.3375,35,0,0.3688,,6,0,1,0,1.0,0
0.5233,50,0,0.7856,6860.0,7,0,1,0,2.0,0
0.3496,49,0,1.1588,,9,0,3,0,0.0,0
0.5791,53,0,0.2418,3997.0,13,0,0,2,0.0,0
0.6042,44,0,0.4848,4461.0,6,0,2,0,0.0,1
0.416,38,0,0.2036,8453.0,7,0,1,0,1.0,0
0.7114,50,0,0.4748,4853.0,7,0,2,0,0.0,0
0.1575,66,3,0.1342,12331.0,6,0,0,0,0.0,0
0.1926,49,0,0.1815,,5,0,1,0,2.0,0
0.3827,58,0,0.8842,9699.0,8,0,1,0,2.0,0
0.0956,73,0,0.1768,1859.0,12,0,0,0,1.0,0
2.7568,54,0,0.4988,9145.0,8,0,1,0,0.0,0
9.6653,66,0,0.2068,1134.0,10,0,3,0,0.0,0
0.4282,67,0,0.3548,3474.0,7,0,2,0,0.0,0
0.077,69,1,0.3201,7546.0,7,0,0,0,0.0,1
2.0956,81,0,0.5105,,13,0,0,0,1.0,1
1.6024,50,0,1.0621,4810.0,6,0,2,0,0.0,0
0.471,65,0,0.2173,9637.0,6,0,1,0,1.0,0
0.4085,55,0,0.2127,4448.0,11,0,1,0,0.0,0
0.6649,59,0,0.6346,3504.0,8,0,1,0,2.0,0
0.0047,58,0,0.6385,4085.0,4,0,3,0,1.0,0
0.5386,69,0,0.5847,5095.0,8,0,2,0,0.0,0
0.1513,45,0,0.5354,3955.0,7,0,1,0,2.0,0
0.3065,58,0,0.6362,4566.0,6,0,0,0,1.0,0
1.2989,34,0,0.5727,,10,0,0,0,0.0,1
0.0656,41,0,0.4735,7467.0,13,0,1,0,0.0,0
0.3736,44,0,1.0319,,9,0,0,0,0.0,0
0.553,60,0,0.0757,4542.0,4,0,0,0,0.0,0
1.1199,58,0,0.5204,6274.0,5,0,1,0,1.0,0
0.4094,72,0,0.5718,4118.0,13,0,0,0,0.0,0
0.9321,66,1,0.5712,,6,0,0,0,1.0,0
1.9613,52,0,1.3717,15187.0,9,0,0,0,1.0,0
0.97,94,0,0.4029,29666.0,10,0,2,0,1.0,0
5.6109,55,0,0.5201,5396.0,13,0,1,0,1.0,0
0.3934,32,0,0.7042,5525.0,8,0,0,0,0.0,0
0.6574,34,0,0.4139,10075.0,6,0,0,0,0.0,0
0.6316,62,2,0.7122,,5,0,1,1,0.0,0
0.0653,30,0,0.4178,1711.0,9,0,0,0,,0
0.0034,55,0,0.6842,9188.0,6,0,3,0,3.0,0
0.288,47,0,0.3294,12528.0,14,0,0,0,0.0,0
0.1377,79,0,0.7187,,8,0,2,0,1.0,0
6.9062,36,0,0.1418,8051.0,5,0,0,0,1.0,0
0.3245,66,0,0.5744,10164.0,8,0,1,0,2.0,0
1.5662,47,0,0.3844,,4,0,0,0,2.0,0
0.6874,46,0,0.4702,7563.0,11,0,1,0,1.0,0
0.3325,73,0,0.319,11890.0,8,0,0,0,0.0,0
3.9115,45,0,0.5415,12991.0,6,0,1,0,0.0,0
3.1529,39,0,0.2587,4197.0,6,0,1,0,0.0,0
0.0113,45,0,0.4451,6543.0,5,0,1,0,1.0,0
0.6396,38,0,0.2328,6102.0,5,0,0,0,0.0,0
14.2136,31,0,0.1443,2316.0,8,0,2,0,1.0,0
0.3288,41,0,0.0653,2535.0,8,0,2,0,0.0,0
0.509,29,0,0.6802,5803.0,9,0,4,0,1.0,0
0.5391,40,0,0.3677,4862.0,8,0,1,0,1.0,0
0.2812,40,0,0.3328,,3,0,1,0,0.0,0
0.375,55,0,0.5101,,8,0,2,0,1.0,0
0.0023,34,0,0.1148,,9,0,1,0,0.0,0
0.6329,60,0,0.4962,10391.0,7,0,0,0,0.0,0
0.1326,22,0,0.6419,4761.0,6,0,0,0,0.0,0
0.7622,39,0,0.2109,4436.0,8,0,2,0,1.0,0
0.2126,49,0,0.3716,4978.0,12,0,0,0,1.0,0
0.3033,46,0,0.262,2872.0,11,0,1,0,1.0,0
0.1375,53,0,0.4086,8931.0,9,0,0,0,0.0,0
0.3427,33,0,0.1102,5141.0,8,0,1,0,1.0,0
0.4601,79,0,0.1434,4601.0,18,0,2,0,0.0,1
0.2032,75,0,0.122,,7,0,1,0,0.0,0
2.4111,21,0,0.136,2835.0,7,0,1,0,0.0,0
0.3913,60,0,0.8161,17791.0,11,0,1,0,0.0,0
0.4193,47,0,0.7155,,6,0,1,0,1.0,0
0.3829,50,0,0.908,7119.0,15,0,0,0,0.0,0
0.784,51,0,1.0254,8745.0,6,0,2,0,1.0,0
0.3735,41,0,0.4167,6425.0,8,0,2,0,0.0,0
0.3447,50,0,0.555,5606.0,10,0,0,0,0.0,0
6.5094,73,2,0.3545,,3,0,0,0,0.0,0
0.0163,77,0,0.3781,11620.0,1,0,1,0,2.0,0
0.2625,50,0,0.4988,4490.0,9,0,1,0,1.0,0
0.1445,29,0,0.27,10326.0,4,0,1,0,1.0,0
0.274,48,0,0.8255,10693.0,8,0,4,0,1.0,0
0.3819,48,0,0.3292,5681.0,10,0,1,0,2.0,0
0.7704,72,0,0.7602,4662.0,8,0,2,0,0.0,0
0.4191,35,0,0.2864,,10,0,0,0,1.0,0
3.83,26,0,0.2,4086.0,0,0,1,0,0.0,0
0.5482,42,0,0.2839,5633.0,6,0,1,0,0.0,0
0.1321,61,0,0.593,12493.0,9,0,2,0,3.0,0
0.8402,39,0,0.3864,5863.0,10,0,1,0,1.0,0
0.0034,48,0,0.0812,3368.0,4,0,2,0,0.0,0
0.1147,62,0,0.64,,9,0,3,0,1.0,0
0.787,30,0,0.1084,,9,0,0,0,3.0,0
0.3298,50,0,0.7997,5487.0,8,0,0,0,3.0,0
0.9208,55,0,0.7928,5266.0,6,0,1,0,0.0,0
2.7639,61,0,0.2667,4047.0,7,0,3,0,1.0,0
0.5065,46,0,0.4986,2475.0,7,0,2,0,2.0,0
0.3492,73,0,0.2876,4382.0,7,0,1,0,0.0,0
0.7695,45,0,0.3402,15215.0,4,0,1,0,0.0,0
0.0638,63,0,0.2393,9404.0,11,0,1,0,2.0,0
0.5347,67,0,0.5872,,9,0,2,0,1.0,0
0.6165,21,0,0.2608,3667.0,8,0,3,0,2.0,0
0.4833,73,0,0.2598,2821.0,6,0,2,0,2.0,0
0.1633,36,0,0.3393,15116.0,14,0,1,0,0.0,0
0.2947,46,0,0.5462,,10,0,3,0,1.0,0
3.5343,67,0,0.176,5467.0,8,0,1,2,0.0,0
0.7196,46,0,0.8607,9282.0,9,0,3,0,1.0,0
1.4319,51,0,0.3335,4923.0,6,0,4,0,1.0,0
0.2068,65,0,0.0889,1675.0,4,0,3,0,2.0,0
0.8567,54,0,0.5903,3812.0,10,0,0,0,1.0,0
0.3425,38,0,0.5822,2903.0,3,0,0,0,1.0,0
0.5985,68,0,0.8232,,5,0,0,0,1.0,1
2.4483,57,0,0.4694,,6,0,2,0,0.0,0
0.3722,30,0,1.0979,2233.0,9,0,0,0,1.0,0
1.0917,50,0,0.1134,11211.0,6,0,0,0,1.0,0
0.3783,56,0,0.7462,,10,0,0,0,0.0,0
0.026,46,0,0.2835,6549.0,14,0,1,0,1.0,0
0.331,29,0,0.1791,10947.0,7,0,1,0,1.0,0
0.5553,32,0,0.8283,1824.0,8,0,1,0,0.0,0
0.4604,42,2,0.3866,1943.0,6,0,0,0,0.0,0
0.5105,57,0,0.3415,4823.0,1,0,1,0,0.0,0
0.3272,68,0,0.6314,5391.0,4,0,0,0,0.0,0
0.5947,32,0,0.7181,2600.0,6,0,0,0,1.0,0
0.4911,44,0,0.3777,5375.0,2,0,0,0,1.0,0
0.0145,22,0,0.359,4763.0,10,0,3,0,1.0,0
0.1725,51,0,0.4988,3344.0,12,0,1,0,1.0,0
0.0668,73,0,0.7014,3534.0,11,0,1,0,1.0,0
0.5784,66,0,0.6736,9170.0,11,0,1,0,1.0,0
0.676,48,0,0.6849,6241.0,5,0,0,0,0.0,0
1.7268,47,0,0.4014,1173.0,8,0,1,0,0.0,0
0.2892,47,0,0.9114,,3,0,2,0,0.0,0
0.4698,47,0,0.2097,2315.0,10,0,0,0,2.0,0
0.0915,52,0,0.2097,5462.0,6,0,0,0,0.0,0
0.1417,47,0,0.574,,6,0,2,0,1.0,0
0.1263,51,0,0.9378,9824.0,8,0,3,0,3.0,0
0.3892,36,0,1.2062,1394.0,12,0,2,0,0.0,0
1.2793,58,0,0.4089,9839.0,10,0,2,0,1.0,0
0.0202,60,0,1.0302,12292.0,3,0,2,0,0.0,0
1.0196,86,0,0.9637,3973.0,4,0,0,0,0.0,1
0.189,59,0,0.7974,5524.0,11,0,0,0,2.0,0
0.1492,49,0,0.3069,7140.0,6,0,0,0,1.0,0
0.8441,74,0,0.6112,1442.0,7,0,1,0,1.0,0
0.8522,71,0,0.4434,,10,0,1,0,2.0,0
0.4675,42,0,0.808,,6,0,1,0,1.0,1
0.0682,76,0,0.3635,,12,0,0,0,0.0,0
1.9758,56,0,0.6067,6222.0,6,0,0,2,0.0,0
0.366,32,0,0.6751,,8,0,1,0,2.0,0
2.0581,42,0,0.4076,6818.0,9,0,0,0,1.0,0
0.0141,43,0,0.8327,4122.0,10,0,1,0,1.0,0
1.0458,73,0,0.1447,1688.0,13,0,0,0,2.0,0
0.8115,54,0,0.5794,9616.0,5,0,0,0,1.0,0
1.3251,53,0,0.529,,6,0,0,0,1.0,1
0.0225,51,0,0.1638,5378.0,2,0,2,0,0.0,0
0.1605,80,0,0.7539,,6,0,0,0,2.0,0
1.5805,49,1,0.4658,9956.0,7,0,1,0,2.0,0
0.5857,46,0,0.2621,370.0,10,0,1,0,0.0,0
1.8512,69,0,0.8084,3029.0,7,0,0,0,1.0,0
0.4166,54,0,0.5291,3969.0,11,0,0,0,1.0,0
0.0844,72,0,0.6519,6528.0,7,0,2,0,4.0,0
0.8634,46,1,0.5915,6678.0,10,3,4,0,0.0,0
0.5164,54,0,0.3955,5314.0,7,0,0,0,1.0,0
2.0522,77,0,1.0291,3422.0,3,0,0,0,1.0,1
0.3404,45,0,0.4965,5481.0,12,0,0,0,0.0,0
0.8779,66,0,0.9932,12427.0,5,0,0,0,0.0,0
0.0513,30,0,0.4893,1097.0,5,0,2,0,0.0,0
0.6674,62,0,0.0885,1822.0,3,0,1,0,0.0,0
0.059,43,0,0.704,2488.0,12,0,0,0,0.0,0
1.7683,64,0,0.3261,11565.0,8,0,0,0,2.0,0
0.0122,36,0,0.4605,,8,0,0,0,0.0,0
0.3584,66,0,0.4302,3706.0,8,0,2,0,2.0,0
2.0292,51,0,0.5802,13698.0,9,0,1,0,0.0,0
3.7723,58,0,0.4556,9498.0,8,0,1,0,1.0,0
1.0499,54,0,1.2025,6400.0,9,0,0,0,0.0,0
0.3003,50,0,0.3982,5713.0,8,0,0,0,1.0,0
0.3075,43,0,0.185,5291.0,14,0,1,0,0.0,0
0.2376,38,2,0.5216,,11,2,2,0,0.0,0
1.3658,62,0,0.5058,23234.0,10,0,0,0,1.0,0
0.4293,36,0,0.0573,4110.0,6,0,2,0,0.0,0
0.2505,50,0,0.9789,2911.0,4,0,1,0,0.0,0
0.0697,38,0,0.2044,1478.0,7,0,1,0,0.0,0
0.3239,47,0,0.6491,3309.0,6,0,0,0,0.0,0
0.8697,25,0,0.5694,5427.0,10,0,2,0,1.0,0
2.206,68,0,0.2481,4294.0,8,0,1,0,0.0,0
5.6142,62,0,0.6726,4713.0,5,0,0,0,1.0,0
0.6383,51,0,0.2994,13601.0,13,0,1,0,0.0,0
1.2467,54,0,0.9229,4338.0,9,0,1,0,0.0,0
0.0588,68,0,0.5605,4102.0,9,0,2,0,0.0,0
0.2324,44,0,0.4149,,7,0,0,0,1.0,0
0.4632,70,0,0.7958,14241.0,8,0,2,0,2.0,0
3.6863,42,0,0.0996,4152.0,4,0,0,0,0.0,0
0.3278,51,0,0.1513,8347.0,6,0,0,0,2.0,0
0.4247,32,0,0.1702,,6,0,0,0,2.0,0
0.3428,71,0,0.4304,7800.0,4,0,2,0,0.0,0
0.2905,48,0,0.6482,4842.0,6,0,2,0,1.0,0
0.4519,57,2,0.5911,2520.0,13,0,1,0,3.0,0
0.1397,41,0,0.5085,13955.0,9,0,2,0,0.0,0
1.802,49,0,0.1977,5781.0,9,0,0,0,0.0,1
0.0087,38,0,0.7764,5183.0,11,0,1,0,2.0,0
0.3491,40,0,0.3251,3453.0,15,0,1,0,1.0,0
1.1317,29,0,0.0981,,9,0,1,0,2.0,0
0.6698,48,0,0.6305,8522.0,9,0,0,0,2.0,0
0.0028,42,0,0.1816,,5,0,2,0,0.0,0
1.5034,83,0,0.2558,7471.0,8,0,0,0,1.0,0
0.1257,36,0,0.6446,7845.0,11,0,1,0,2.0,0
0.9799,42,0,0.6843,3398.0,7,0,1,0,0.0,0
0.2359,62,0,0.4064,3736.0,12,0,1,0,0.0,0
0.407,37,0,1.0287,3349.0,7,0,0,0,1.0,0
1.5942,49,0,0.6097,6749.0,6,0,3,0,1.0,0
2.1782,61,1,0.5731,,8,0,2,0,0.0,0
0.5648,60,0,0.72,5741.0,10,0,2,0,2.0,0
0.05,52,0,1.1786,8829.0,8,0,1,0,0.0,0
0.2266,50,0,0.4739,8870.0,8,0,2,0,1.0,0
0.1626,65,0,0.1909,7757.0,5,0,0,0,1.0,0
0.3895,68,0,0.5005,4917.0,9,0,0,0,0.0,0
0.3324,52,0,0.2029,13890.0,9,0,2,0,0.0,0
0.2394,58,0,0.1786,13112.0,11,0,0,0,0.0,0
0.4107,44,0,0.4713,3502.0,9,0,3,0,2.0,0
0.5886,67,0,0.6972,5676.0,5,0,2,0,0.0,0
1.0737,62,0,0.1739,4506.0,8,0,1,0,0.0,0
0.5779,46,0,0.1675,6733.0,10,0,0,0,0.0,0
0.8395,44,0,0.6577,5892.0,4,0,0,0,1.0,0
0.0147,76,0,0.9047,8958.0,7,0,0,0,1.0,0
0.6177,44,0,0.7127,2724.0,11,0,3,0,4.0,0
0.7014,48,0,0.6682,1880.0,12,0,1,0,1.0,0
1.928,33,0,0.3565,4024.0,9,0,0,0,1.0,1
0.4504,65,0,0.4783,,8,0,1,0,0.0,0
0.2876,44,0,0.7453,12235.0,5,0,2,0,0.0,0
0.6157,51,0,0.4454,4185.0,5,0,1,0,1.0,0
0.4572,50,0,0.7495,10067.0,4,0,1,0,1.0,0
1.0824,84,0,0.4272,4677.0,3,0,0,0,0.0,0
0.115,76,0,0.3526,,8,0,0,0,0.0,0
0.3484,56,0,0.3379,1707.0,8,0,0,0,0.0,0
1.1063,42,1,0.2936,2875.0,6,1,1,1,1.0,0
0.3587,53,0,0.276,3863.0,13,0,3,0,1.0,0
0.2652,50,0,0.5358,,8,0,2,0,1.0,0
0.4092,73,3,0.6379,3872.0,11,0,1,0,0.0,0
2.2137,87,0,0.37,3221.0,4,0,0,0,0.0,0
0.0627,56,0,0.1343,3785.0,2,0,2,0,0.0,0
5.6247,62,0,0.62,,8,0,1,0,0.0,0
0.117,79,0,0.7641,7715.0,6,0,0,0,2.0,0
2.0855,59,0,0.5798,,4,0,2,0,0.0,0
0.5715,40,0,0.6732,3419.0,6,0,2,0,4.0,1
0.6344,50,0,0.724,9428.0,14,0,0,0,0.0,0
0.5025,51,0,1.0792,11161.0,7,0,0,0,1.0,0
0.4926,41,0,0.2421,,8,0,1,0,1.0,1
0.197,52,0,0.566,6790.0,8,0,0,0,1.0,0
0.7147,30,0,0.0376,9682.0,10,0,1,0,0.0,0
0.2497,24,0,0.6118,4245.0,6,0,1,0,1.0,0
0.6307,51,0,0.0555,6709.0,4,0,1,0,1.0,0
0.3608,48,0,0.7936,,5,0,1,0,1.0,0
0.9021,77,0,0.2009,9247.0,11,0,0,0,1.0,0
0.3975,45,0,0.3456,4604.0,4,0,1,0,1.0,0
0.0873,56,0,0.0612,4808.0,7,0,0,0,0.0,0
0.2263,46,0,0.0506,2482.0,8,0,0,0,1.0,0
3.0759,26,0,0.4758,2637.0,3,0,1,0,0.0,1
0.7944,51,0,0.9492,8988.0,8,0,2,0,1.0,0
0.2926,55,0,0.6786,4206.0,10,0,0,1,3.0,0
0.2795,44,0,0.3817,6928.0,4,0,1,0,1.0,0
0.1515,49,0,0.8433,5014.0,4,0,1,0,0.0,0
0.4978,65,0,0.3595,3064.0,9,0,0,0,1.0,0
0.0436,48,0,0.3248,10273.0,7,0,2,0,0.0,0
0.4781,70,0,0.4094,3151.0,10,0,1,0,1.0,0
0.3797,55,0,0.1984,,15,0,0,0,1.0,0
0.1556,67,0,0.8709,7832.0,4,0,0,0,2.0,0
1.2573,74,0,0.7244,,7,0,1,0,0.0,0
1.0073,39,1,0.3054,3006.0,11,0,5,0,3.0,0
0.0995,67,1,0.1355,16313.0,7,1,1,0,0.0,0
0.0201,70,0,0.5721,3554.0,10,0,4,0,0.0,0
0.3542,67,0,0.3155,,11,0,1,0,2.0,0
0.0084,48,0,0.5636,,8,0,0,0,3.0,0
0.2096,21,0,0.2776,11152.0,10,0,1,0,1.0,0
0.2756,86,0,0.4805,5715.0,11,0,1,0,2.0,0
0.2316,30,0,0.6527,5337.0,7,0,0,0,0.0,0
2.2851,80,0,0.2744,5741.0,11,0,2,0,0.0,0
0.6297,36,0,0.7481,2008.0,5,0,0,0,0.0,0
0.6321,34,0,0.3955,11702.0,5,0,1,0,0.0,0
0.0299,53,0,0.12,10587.0,6,1,3,2,1.0,0
1.6047,51,1,0.3229,3292.0,10,0,2,1,1.0,0
2.9751,83,0,0.9238,10498.0,9,0,1,0,,0
0.376,43,0,0.4392,8404.0,10,0,3,0,0.0,0
0.968,65,0,0.7084,9567.0,9,0,2,0,0.0,0
0.1912,59,0,0.518,10612.0,6,0,0,0,1.0,0
0.3778,40,0,0.0809,2290.0,6,0,0,0,0.0,0
0.1696,60,0,0.5349,4864.0,6,0,1,0,2.0,0
0.4987,51,0,0.7095,5249.0,12,0,1,0,1.0,0
1.244,69,0,0.8612,4330.0,4,0,2,0,1.0,1
0.8237,49,0,0.3425,4677.0,12,0,1,0,0.0,0
0.1437,73,0,0.4637,22656.0,10,0,0,0,1.0,0
1.5101,57,0,0.3443,,9,0,0,0,0.0,0
0.7916,35,2,0.6825,5459.0,9,1,1,2,1.0,0
0.0542,27,0,0.1662,6558.0,12,0,0,0,0.0,1
1.89,78,0,0.4071,,8,0,1,0,1.0,1
0.1756,51,0,0.4868,2229.0,6,0,3,0,0.0,0
0.2763,51,0,0.8629,3369.0,9,0,1,0,2.0,0
0.0475,56,0,0.127,3875.0,10,0,3,0,0.0,0
0.5278,52,0,0.2283,3170.0,16,0,1,0,0.0,0
0.3366,54,0,0.2209,2600.0,10,0,0,0,1.0,0
0.9016,29,0,0.3856,5360.0,9,0,0,0,0.0,0
0.6487,65,0,0.5153,,7,0,0,0,1.0,0
0.6154,55,0,0.7781,,8,0,1,0,0.0,0
0.4418,62,0,0.4269,7421.0,7,0,2,0,1.0,0
0.2256,44,0,0.3392,7985.0,5,0,1,0,0.0,0
0.3467,52,0,0.7088,3424.0,6,0,0,0,0.0,0
4.6786,32,0,0.4956,2658.0,10,0,5,0,1.0,0
0.8903,68,0,0.5681,4347.0,6,0,1,0,0.0,0
0.156,50,0,0.2502,4421.0,8,0,1,0,0.0,0
0.5622,21,0,0.056,5495.0,11,0,1,0,1.0,1
0.1123,47,0,0.5447,15409.0,6,0,0,0,0.0,0
1.3614,57,0,0.1363,6222.0,5,0,2,0,1.0,0
0.2531,73,0,0.068,,10,0,1,0,3.0,0
0.2437,32,0,0.4127,3174.0,11,0,0,0,1.0,0
2.105,70,0,0.9398,15508.0,4,0,1,0,1.0,0
0.7792,62,0,0.2035,5551.0,5,0,3,0,1.0,0
0.4002,46,0,0.4596,6416.0,9,0,2,0,0.0,0
0.4946,65,1,0.1015,5658.0,7,0,2,0,1.0,0
0.173,56,0,0.6656,,3,0,0,0,1.0,0
0.3861,44,0,0.2918,5833.0,7,0,0,0,0.0,0
0.5758,68,0,0.2134,,10,0,1,0,0.0,0
0.3562,72,0,0.6977,5008.0,5,0,0,0,0.0,0
4.7547,32,0,0.0757,2453.0,9,0,1,0,0.0,0
0.3293,57,0,0.9425,7773.0,8,0,1,0,1.0,0
0.1922,50,0,0.0632,,10,0,2,0,1.0,0
0.0082,59,0,0.1864,,4,0,2,0,0.0,0
0.0977,47,0,0.3363,13988.0,6,0,0,0,1.0,0
1.0279,73,0,0.269,2620.0,4,0,0,0,3.0,0
0.7896,26,0,0.4378,,8,0,0,0,1.0,1
0.2558,55,0,0.7048,2855.0,4,0,0,0,1.0,0
0.2778,45,0,0.3408,7914.0,8,0,0,0,1.0,0
0.6661,49,0,0.2291,5297.0,4,0,1,0,1.0,0
0.7657,25,0,0.6669,8551.0,8,0,2,0,2.0,0
1.4719,70,0,0.3211,10743.0,9,0,3,0,1.0,0
0.0852,32,0,0.5831,,2,0,0,0,0.0,0
0.0995,58,0,0.8977,4653.0,4,0,2,0,0.0,0
0.3226,44,0,0.2746,,7,0,1,0,0.0,0
0.2269,48,0,0.8688,1575.0,6,0,0,0,0.0,0
0.4422,60,0,0.4679,6218.0,6,0,1,0,1.0,0
0.3499,69,0,0.2668,14826.0,5,0,1,0,1.0,0
0.3526,33,0,0.4157,7662.0,9,0,2,0,0.0,0
3.2114,46,0,0.0443,2800.0,10,0,0,0,1.0,0
0.2552,56,0,0.2987,,9,0,1,0,1.0,0
0.2419,51,0,0.612,6359.0,7,0,0,0,0.0,0
0.5882,64,0,0.5489,21500.0,6,0,0,0,0.0,0
0.4327,73,0,0.4856,6716.0,8,0,0,0,1.0,0
1.085,43,0,0.2997,5204.0,7,0,1,0,0.0,0
0.8041,40,1,0.7578,,7,0,2,0,1.0,0
0.9813,60,0,0.6557,8691.0,3,0,0,0,,0
6.2552,35,0,0.6156,,11,0,1,0,1.0,0
0.8252,59,0,0.0432,8376.0,7,0,1,0,0.0,0
0.358,51,0,0.7817,,14,0,0,0,1.0,0
0.8831,50,0,0.3215,4709.0,12,0,3,0,2.0,0
0.1697,62,0,0.5395,17778.0,9,0,2,0,1.0,0
0.0352,45,0,0.2796,7353.0,5,0,0,0,1.0,0
0.671,95,0,0.4604,4902.0,5,0,1,0,0.0,0
0.1164,48,0,0.7187,6448.0,9,0,0,0,1.0,0
0.0388,42,0,0.4973,15614.0,9,0,1,0,0.0,0
2.9177,84,0,0.4379,3913.0,12,0,0,0,3.0,0
0.9015,52,0,0.1932,2919.0,9,0,0,0,0.0,0
1.0067,37,0,0.2461,5203.0,11,0,1,0,1.0,1
1.3297,50,0,0.6569,3853.0,7,0,1,0,0.0,0
0.5183,78,0,0.2128,2018.0,10,0,2,0,0.0,0
3.9138,56,0,0.7401,,4,0,0,0,0.0,0
0.9234,39,0,0.5402,,9,0,0,0,1.0,0
0.7029,65,0,0.4798,25683.0,12,0,1,0,0.0,0
0.1626,61,0,0.5497,9344.0,7,0,4,0,2.0,0
0.5481,60,0,0.7108,,10,0,0,0,1.0,0
0.2371,29,0,0.8172,5936.0,6,0,1,0,1.0,0
0.6053,37,0,0.5515,2325.0,11,0,3,0,0.0,0
0.2027,30,0,0.6361,18230.0,6,0,1,0,1.0,0
0.5432,47,0,0.8965,,11,0,1,0,0.0,0
1.055,72,0,0.1616,3213.0,9,0,2,0,1.0,0
0.3492,26,0,0.2328,5838.0,8,0,0,0,0.0,0
0.5067,35,0,0.6567,5198.0,11,0,1,0,0.0,1
1.6173,28,0,0.3095,,5,0,0,0,0.0,0
0.6266,63,0,1.2416,8948.0,7,0,0,0,0.0,0
0.5533,78,0,0.358,4746.0,6,0,1,0,0.0,0
0.5516,56,0,0.321,7760.0,9,0,1,0,0.0,0
1.239,59,0,0.2287,6388.0,4,0,2,0,0.0,0
0.5475,51,0,0.299,,7,0,0,0,1.0,0
0.3732,49,0,0.2343,21129.0,8,0,2,0,1.0,0
0.3328,62,0,0.6698,5001.0,7,0,1,0,2.0,0
0.8765,39,0,0.2214,5620.0,13,0,3,0,0.0,0
3.3199,61,0,0.3243,7160.0,10,0,1,0,1.0,0
0.0196,48,0,0.8364,7397.0,11,0,2,0,2.0,0
0.3965,51,0,0.6365,4543.0,9,0,0,0,0.0,0
0.4248,44,0,0.1888,2367.0,8,0,0,0,,0
0.5118,22,0,0.7631,,7,0,2,0,,1
0.1746,62,0,0.1139,8131.0,9,0,1,0,3.0,0
2.2693,50,0,0.4178,,7,0,1,0,1.0,0
0.1583,51,0,0.4447,3672.0,11,0,1,0,0.0,0
1.1761,78,0,0.4084,10387.0,9,0,0,0,0.0,0
0.463,54,0,0.0462,5753.0,9,0,2,0,2.0,0
0.8427,41,0,0.1782,,4,0,0,0,1.0,0
0.6178,30,0,0.4975,3939.0,3,0,0,0,0.0,0
0.19,47,0,0.0552,3751.0,10,0,0,0,1.0,0
0.5703,58,0,0.6224,1536.0,9,0,0,0,1.0,0
0.5754,32,0,0.957,4788.0,6,0,2,0,0.0,0
0.4988,67,0,0.1176,3639.0,6,0,2,0,2.0,0
0.5929,46,0,0.3961,5517.0,16,0,1,0,0.0,0
0.2911,49,0,0.1451,,6,0,2,0,1.0,0
0.2477,52,0,0.2212,,5,0,1,0,0.0,0
0.4503,32,0,0.7875,3417.0,6,0,0,0,1.0,0
0.1543,44,0,0.382,4231.0,13,0,0,0,,0
0.6506,57,0,0.4398,4693.0,5,0,1,0,3.0,0
0.0539,51,0,0.136,1747.0,10,0,0,0,0.0,0
0.9278,45,0,0.2914,,8,0,3,0,2.0,0
0.4279,47,0,0.2756,3026.0,11,0,0,0,1.0,0
0.0986,59,0,0.7212,,8,0,0,0,2.0,0
0.3401,71,0,0.1646,14784.0,3,0,4,0,,0
0.4661,49,0,0.2076,6271.0,7,0,2,0,1.0,0
0.3624,39,0,0.6304,5765.0,9,0,0,0,1.0,0
0.2757,86,0,0.4135,4548.0,7,0,1,0,2.0,0
1.3689,66,0,0.1289,7456.0,9,0,1,0,2.0,0
0.0366,50,0,0.4437,,7,0,0,0,0.0,0
0.8905,43,0,0.6274,,8,0,0,0,0.0,0
1.7374,76,0,0.4731,2172.0,8,0,1,0,2.0,1
0.1644,40,0,0.1805,3547.0,11,0,2,0,2.0,0
0.9994,52,0,0.354,4562.0,10,0,1,0,2.0,0
0.3699,62,0,0.7162,2304.0,10,0,1,0,1.0,0
0.5317,55,0,1.67,,9,0,0,0,1.0,0
0.1444,39,0,0.2786,6693.0,8,0,0,0,1.0,0
0.4636,46,0,0.796,,9,0,3,0,0.0,0
1.137,52,1,0.6502,14589.0,6,0,2,0,1.0,0
0.0651,35,0,0.6057,11179.0,11,0,1,0,2.0,0
0.4277,49,0,0.1316,5798.0,11,0,1,0,1.0,0
0.2857,72,0,0.2605,,12,0,1,0,,0
0.3467,77,0,0.4234,1069.0,7,0,0,0,1.0,0
0.3427,49,0,0.3957,3282.0,8,0,0,0,0.0,0
1.9808,51,2,0.5172,7366.0,7,0,1,0,0.0,0
0.8133,49,0,0.4685,6109.0,11,0,1,0,0.0,0
0.2719,22,0,0.5834,9352.0,9,0,1,0,0.0,0
0.0985,58,0,0.5784,4728.0,9,0,3,0,1.0,0
0.511,55,0,0.7984,10335.0,8,0,1,0,2.0,0
1.6351,66,0,0.574,,14,0,1,0,0.0,0
0.4826,67,0,0.3178,4299.0,9,0,2,0,1.0,0
0.5357,60,0,0.6821,16490.0,9,0,2,0,1.0,0
2.8232,61,0,0.9449,19983.0,11,0,0,0,1.0,0
0.5172,37,0,0.1372,5978.0,9,0,0,0,1.0,0
0.2694,54,0,0.2331,3376.0,9,0,1,0,0.0,0
0.7751,32,0,0.077,10528.0,5,0,4,0,0.0,0
0.3436,46,0,1.1826,969.0,11,0,2,0,0.0,0
0.2267,75,0,1.1384,,5,0,2,0,1.0,0
0.1576,59,0,0.6387,8769.0,10,0,0,0,1.0,0
0.8366,56,0,0.414,,8,0,1,0,1.0,0
0.178,51,0,0.9935,,9,0,2,0,0.0,0
0.5321,51,0,0.6722,7556.0,4,0,0,0,1.0,0
0.6035,54,0,0.7296,6503.0,7,0,3,0,2.0,0
1.6,53,0,0.4343,,7,0,2,0,2.0,0
0.2458,61,0,0.442,5351.0,9,0,2,0,0.0,0
0.5027,80,0,0.9807,3290.0,9,0,0,0,0.0,0
0.0823,72,0,0.8744,,9,0,3,0,1.0,0
3.6886,46,0,0.2037,,5,0,1,0,0.0,0
0.2582,43,0,0.2762,2842.0,5,0,0,1,2.0,0
0.5098,45,0,0.7488,,11,0,4,0,2.0,0
0.643,43,0,0.448,5305.0,9,0,2,0,,0
0.5199,28,0,0.3955,17341.0,5,0,1,0,0.0,0
0.1433,53,0,0.6758,2591.0,5,0,1,0,0.0,0
0.1614,46,0,0.5979,,10,0,1,0,1.0,0
0.7044,52,0,0.3877,2744.0,6,0,2,0,1.0,0
0.3277,45,0,0.3791,4583.0,9,0,0,0,1.0,0
0.0052,53,0,0.6119,11755.0,10,0,1,0,0.0,0
0.3968,43,0,0.261,3917.0,9,0,0,0,0.0,0
0.3501,43,0,0.0637,1894.0,17,0,0,0,0.0,0
2.5399,80,0,0.2757,1816.0,11,0,2,2,2.0,0
4.5948,35,0,0.5633,3708.0,5,0,1,0,0.0,0
0.4162,95,0,0.2411,9820.0,9,0,1,0,0.0,0
0.7198,33,0,0.9247,5010.0,9,0,1,0,3.0,0
0.6737,40,0,0.3915,,8,0,0,0,0.0,0
1.9469,34,0,0.4657,5678.0,7,0,2,0,0.0,0
0.1624,47,0,0.6156,1935.0,11,0,0,0,0.0,0
0.1046,21,0,1.1978,2588.0,10,0,1,0,1.0,0
1.0229,66,0,0.1551,1364.0,9,0,0,0,0.0,0
0.5405,40,0,0.3475,7042.0,10,0,0,0,1.0,0
0.7914,56,0,0.5298,3947.0,6,0,0,0,0.0,0
0.9537,76,0,0.3469,8862.0,8,0,0,0,0.0,0
3.7256,45,0,0.2844,,11,1,2,2,1.0,0
0.3027,57,0,0.5014,1388.0,11,0,3,0,0.0,0
0.5434,39,0,0.3506,1000.0,7,0,1,0,0.0,0
0.4297,64,0,0.7808,3825.0,14,0,1,0,2.0,0
0.9354,57,0,0.3977,4979.0,6,0,4,0,0.0,0
0.6796,34,0,0.0098,3875.0,8,0,0,0,0.0,0
0.4366,71,0,0.3628,4049.0,12,0,0,0,1.0,0
0.3736,50,0,0.7424,9204.0,8,0,1,0,1.0,0
0.0627,50,0,0.566,5443.0,3,0,1,0,2.0,0
0.1163,62,0,0.5002,,12,0,0,0,0.0,0
0.4343,66,0,0.8714,2884.0,2,0,2,0,1.0,0
1.6592,38,0,0.612,2135.0,9,0,0,0,0.0,0
0.4105,65,0,0.0851,4235.0,5,0,1,0,1.0,0
0.0292,53,0,0.6331,,4,0,2,0,3.0,0
0.2731,49,0,0.2008,8225.0,10,0,1,0,3.0,0
0.1997,43,0,0.3796,13270.0,9,0,0,0,3.0,0
0.299,55,0,0.3149,7528.0,7,0,1,0,3.0,0
2.0011,32,0,0.6363,1261.0,8,0,0,0,1.0,0
0.121,40,0,0.4629,10334.0,10,0,2,0,,0
0.7227,28,0,0.234,3124.0,9,0,1,0,1.0,0
2.5775,64,0,0.3611,17561.0,7,0,3,0,1.0,0
3.605,54,0,0.3503,2377.0,8,0,3,0,0.0,0
0.4799,55,0,0.6678,4760.0,11,0,1,0,0.0,0
0.5784,46,0,0.491,,6,0,0,0,1.0,1
0.0379,49,0,0.4707,11385.0,11,0,0,0,0.0,0
0.3352,49,0,0.2233,10321.0,5,0,4,0,,0
0.4042,57,0,0.7556,3389.0,6,0,0,0,,0
0.4543,31,0,0.4316,,8,0,0,0,0.0,0
0.5561,53,0,0.8003,,12,0,0,0,1.0,1
1.1242,58,2,0.581,9025.0,5,0,0,2,0.0,0
0.2817,59,0,0.8591,1525.0,6,0,1,0,3.0,0
0.397,80,0,0.5716,6245.0,1,0,3,0,0.0,0
0.2454,56,0,0.8304,7810.0,4,0,1,0,1.0,0
1.1489,64,0,0.286,8231.0,5,0,1,0,0.0,0
0.1591,65,2,0.3019,13738.0,7,0,1,1,3.0,0
0.2857,42,0,0.4328,4833.0,14,0,0,0,0.0,0
0.5448,63,0,0.3829,3359.0,7,0,2,0,2.0,0
0.3444,25,0,0.0507,2802.0,8,0,2,0,2.0,0
0.1571,41,0,0.4616,13102.0,4,0,1,0,0.0,0
0.0471,62,0,0.489,8765.0,3,0,1,0,0.0,0
0.4037,36,0,0.3056,2018.0,9,0,0,0,2.0,0
0.6404,67,0,0.8773,11084.0,11,0,1,0,1.0,0
0.2269,67,0,0.3095,9191.0,5,0,2,0,0.0,0
0.5029,58,0,0.2634,,8,0,0,0,2.0,0
1.8979,56,0,0.3947,14713.0,9,0,4,0,0.0,0
0.9313,49,0,0.6656,5152.0,7,0,0,0,2.0,0
0.1198,55,0,0.1687,5918.0,16,0,0,0,1.0,0
0.4377,66,0,0.798,,8,0,0,0,3.0,0
0.3894,68,0,0.8838,7038.0,7,0,1,0,0.0,0
0.5722,54,0,0.3216,,12,0,1,0,3.0,0
0.1825,33,0,0.4964,,8,0,1,0,2.0,0
4.2936,48,0,1.0688,,6,0,2,0,0.0,0
0.6616,56,0,0.2397,5924.0,12,0,0,0,,0
0.6106,63,0,0.1978,2787.0,5,0,0,0,1.0,0
0.5186,58,0,0.5565,6819.0,5,0,0,0,1.0,0
0.0467,70,0,0.5944,3501.0,12,0,2,0,0.0,0
0.3182,43,0,0.3346,,9,0,1,0,0.0,0
0.2483,43,0,0.3346,,7,0,0,0,2.0,0
0.6925,66,0,0.3996,9948.0,12,0,5,0,2.0,1
0.573,39,0,0.4045,3308.0,5,0,2,0,0.0,0
0.1088,38,0,0.6952,,10,0,2,0,2.0,0
0.4218,53,0,0.8848,2441.0,2,0,0,0,1.0,0
0.6102,63,0,0.1813,5193.0,10,0,2,0,0.0,0
0.2497,55,0,0.3768,14151.0,9,0,0,0,3.0,0
0.5045,21,0,0.0334,,8,0,0,0,0.0,1
0.2979,50,0,0.051,8100.0,9,0,2,0,0.0,0
0.162,42,0,0.8021,,12,0,1,0,2.0,0
8.0425,69,0,0.8695,,7,0,1,0,1.0,0
0.223,31,0,0.3495,,6,0,0,0,2.0,0
0.0472,60,0,0.6553,10034.0,7,0,0,0,1.0,0
0.4276,52,0,0.8384,6243.0,7,0,2,0,0.0,0
0.2552,56,0,0.3219,,10,0,0,0,1.0,0
1.4361,63,0,0.3661,6001.0,6,0,1,0,1.0,0
0.4107,49,0,0.3933,2609.0,7,0,2,0,2.0,0
0.7445,53,0,0.5414,,5,0,0,0,0.0,1
0.7199,76,0,0.4635,,10,0,1,0,2.0,0
0.5721,66,0,0.1385,7670.0,5,0,0,0,2.0,0
0.0963,65,0,0.2031,16342.0,9,0,0,0,1.0,0
0.643,65,2,0.3344,2625.0,10,4,1,0,0.0,0
0.5181,79,0,0.4242,13454.0,7,0,1,0,0.0,0
0.1927,60,0,0.4042,3983.0,10,0,0,0,,0
0.0608,54,0,0.6878,5419.0,4,1,1,2,3.0,0
0.1311,61,0,0.7382,,6,0,0,0,1.0,0
3.0577,44,0,1.1261,3601.0,13,0,2,0,3.0,0
0.2476,64,0,0.8891,3038.0,8,0,4,0,0.0,0
0.0549,66,0,0.3461,,10,0,2,0,1.0,0
0.6895,47,0,0.2966,10812.0,3,0,0,0,0.0,0
0.4786,50,1,0.1512,3289.0,16,0,1,1,0.0,0
0.7924,57,0,0.2272,,10,0,0,0,3.0,0
0.0538,43,0,0.2932,3430.0,7,0,2,0,3.0,0
0.4112,38,0,0.1429,2957.0,6,0,0,0,1.0,0
0.415,49,0,0.4757,5622.0,5,0,0,0,0.0,0
0.3488,53,0,0.4385,8687.0,7,0,0,0,0.0,0
0.4506,61,0,0.832,5724.0,7,0,0,0,0.0,0
0.1665,60,0,0.1958,7911.0,7,0,0,0,0.0,0
0.4666,51,0,0.9025,22862.0,9,0,1,0,,0
0.3146,60,0,0.4411,6936.0,14,0,0,0,1.0,0
0.6949,45,0,0.7175,,8,0,0,0,1.0,0
0.0986,31,0,0.1067,6654.0,12,0,3,0,0.0,0
0.5523,49,0,0.2853,1583.0,6,0,0,0,1.0,0
0.1798,56,0,0.2425,4683.0,7,0,1,0,,0
0.6681,44,0,0.3175,5476.0,5,0,2,0,0.0,0
0.588,32,0,0.977,3619.0,6,0,0,0,1.0,0
0.2568,40,0,0.5185,2745.0,3,0,0,0,1.0,0
0.2263,35,0,0.1393,8282.0,9,0,2,0,0.0,0
0.1748,33,1,0.25,3633.0,8,2,0,0,3.0,0
0.7729,53,0,0.2615,5011.0,6,0,2,0,1.0,0
0.5284,69,0,0.4081,,6,0,1,0,1.0,0
3.0774,53,0,0.7111,5973.0,19,0,2,0,0.0,0
0.3514,69,0,0.4131,6879.0,7,0,2,0,2.0,0
0.4618,21,0,0.346,8664.0,9,0,0,0,1.0,0
1.8457,55,0,0.8547,2551.0,4,0,1,0,1.0,0
0.1108,60,0,0.2224,10122.0,7,0,0,0,0.0,0
0.5744,41,0,1.2631,,10,0,3,0,0.0,0
0.5115,40,0,0.7549,4126.0,10,0,0,0,1.0,0
0.2596,47,0,0.3279,,6,0,1,0,1.0,0
0.1035,65,0,0.21,,9,0,3,0,0.0,0
2.1078,36,0,0.379,1203.0,8,0,1,0,0.0,0
0.3157,41,0,0.9245,,14,0,1,0,1.0,0
0.7287,34,0,0.4505,1339.0,5,0,3,0,0.0,0
0.5648,60,0,0.182,5560.0,7,0,1,0,1.0,0
0.3778,42,0,0.5155,7045.0,6,0,1,0,0.0,0
7.0494,51,0,0.4045,,9,0,0,0,0.0,0
0.4197,59,0,0.5093,3528.0,11,0,1,0,0.0,0
1.2232,45,0,0.325,4591.0,7,0,0,0,0.0,0
0.5034,31,0,0.6057,4407.0,8,0,0,0,2.0,0
0.5653,59,0,0.3985,,5,0,0,0,0.0,0
0.5081,60,0,0.4076,18020.0,3,0,1,0,4.0,0
0.446,74,0,0.6159,10595.0,10,0,1,0,0.0,0
2.8219,56,0,1.0102,13079.0,6,0,0,0,1.0,0
0.545,53,0,0.2523,8492.0,6,0,1,0,1.0,0
0.7399,56,0,0.1263,7331.0,6,0,6,0,1.0,0
0.0127,49,0,0.1523,,5,0,2,0,2.0,0
0.1798,52,0,1.063,2077.0,7,0,0,0,1.0,0
0.2438,44,0,0.6127,4068.0,16,0,0,0,1.0,0
0.4106,56,0,0.5159,,11,0,1,0,3.0,0
6.1512,56,0,0.7738,9432.0,8,0,0,0,0.0,0
0.4109,50,0,0.3735,17389.0,7,0,3,0,1.0,0
0.7379,39,1,0.6206,2275.0,7,0,2,0,0.0,0
0.3438,31,0,0.7692,6998.0,8,0,1,0,0.0,0
0.7221,45,0,0.119,2126.0,9,0,1,1,2.0,0
0.4921,43,0,0.1902,4729.0,5,0,1,0,0.0,0
0.2008,46,0,0.367,7412.0,4,0,2,0,1.0,0
0.6234,46,0,0.7974,3841.0,3,0,0,0,1.0,0
0.4878,76,0,0.4578,4365.0,8,0,1,0,1.0,0
0.5416,47,0,0.6216,2932.0,9,0,0,0,0.0,0
0.6821,33,0,0.7655,,11,0,1,0,0.0,1
0.3743,52,1,0.3678,22823.0,9,1,1,0,0.0,0
0.1499,47,0,0.3762,8111.0,9,0,1,0,1.0,0
0.7572,78,0,0.3572,8936.0,10,0,1,0,2.0,0
1.3513,56,0,0.4183,6759.0,11,0,2,0,0.0,0
0.6739,65,0,0.7544,1376.0,7,0,0,0,1.0,0
0.1133,52,0,0.2148,4872.0,13,0,0,0,1.0,0
2.1159,55,0,0.5416,12365.0,11,0,0,0,1.0,0
0.186,45,0,0.0074,2050.0,7,0,1,0,1.0,0
0.4607,51,0,0.3928,5890.0,9,0,1,0,0.0,0
0.1672,39,0,0.354,4566.0,5,0,0,0,3.0,0
0.2865,46,0,0.3451,3991.0,14,0,0,0,2.0,0
0.116,56,0,0.2492,6588.0,15,0,1,0,1.0,0
0.4468,57,0,0.5781,8198.0,8,0,1,0,0.0,0
0.2645,55,0,0.1544,9211.0,8,0,1,0,2.0,0
0.2444,43,0,0.7213,3897.0,5,0,0,0,0.0,0
0.4995,83,0,0.516,7967.0,7,0,1,0,1.0,0
0.4569,51,0,0.9743,,6,0,1,0,2.0,0
0.3098,55,0,0.2527,,8,0,2,0,1.0,0
0.3587,70,0,0.0996,5778.0,2,0,1,0,1.0,0
0.1692,39,0,0.1412,3686.0,9,0,2,0,2.0,0
0.5619,49,0,0.1729,,7,0,0,0,3.0,0
0.1365,78,0,0.8511,5841.0,9,0,0,0,1.0,0
0.0169,58,0,0.8697,2495.0,7,0,0,0,0.0,0
0.1612,63,0,1.0315,4264.0,5,0,0,0,3.0,0
0.4544,47,0,0.3058,12312.0,6,0,0,0,1.0,0
0.0134,46,0,0.6611,3572.0,7,0,2,0,0.0,0
0.5683,37,0,0.4358,8678.0,7,0,1,0,0.0,0
0.6058,80,0,0.6653,13861.0,7,0,1,0,3.0,0
0.4456,46,0,0.6561,4866.0,9,0,0,0,0.0,0
0.4138,33,0,0.7766,7162.0,8,0,1,1,,0
0.4501,68,0,0.8733,6047.0,5,0,0,0,1.0,0
1.5746,43,0,0.0904,5291.0,11,0,3,0,0.0,0
0.7489,62,0,0.5015,5054.0,9,0,0,0,1.0,0
0.0125,61,0,0.6223,,5,0,0,0,1.0,0
0.9123,67,2,0.3454,3401.0,9,0,0,0,0.0,0
2.8847,32,0,0.2086,3937.0,8,0,0,0,0.0,0
1.8566,57,0,0.2592,4869.0,6,0,3,0,1.0,0
0.5423,37,0,0.7489,7785.0,11,0,1,0,1.0,0
0.0894,53,0,0.2115,,11,0,2,0,1.0,0
0.5361,64,0,0.3924,6140.0,6,0,3,0,2.0,0
0.4026,28,0,0.8437,3708.0,6,0,0,0,1.0,0
2.0286,46,2,1.1129,5840.0,8,0,1,0,0.0,0
0.0931,39,0,0.3516,,9,0,1,0,,0
0.4226,54,0,0.2881,7610.0,6,0,1,0,1.0,0
0.7026,36,0,0.7465,2488.0,5,0,1,0,4.0,0
0.3286,62,0,0.3307,8430.0,9,0,2,0,1.0,0
0.3503,49,0,0.6362,4513.0,7,0,2,0,1.0,0
0.1462,51,0,0.4665,8507.0,11,0,1,0,0.0,0
5.4378,55,0,0.3154,4349.0,7,0,0,0,0.0,0
0.261,21,0,0.7194,5835.0,6,0,1,0,1.0,0
0.3005,37,0,0.899,,8,0,2,0,2.0,0
0.5898,72,0,0.4075,5284.0,11,0,0,0,1.0,0
0.8288,35,0,0.5099,4853.0,2,0,4,0,0.0,1
0.6598,37,0,0.5011,4082.0,7,0,0,0,0.0,0
0.6844,47,0,0.1512,3228.0,8,0,0,0,1.0,0
0.2715,63,0,0.0623,7427.0,8,0,0,0,2.0,0
0.3565,33,0,0.6846,7505.0,5,0,0,0,0.0,0
0.2539,48,0,0.9012,,14,0,2,0,1.0,0
0.4313,69,0,0.4725,4996.0,5,0,0,0,,0
0.5915,56,0,0.8821,2242.0,8,0,0,0,1.0,1
0.3015,38,0,0.3137,2918.0,10,0,1,0,0.0,0
1.6225,66,0,0.1188,7793.0,7,0,0,0,0.0,1
6.8359,47,0,0.3075,8847.0,10,0,1,0,0.0,0
1.5234,58,0,0.6068,5076.0,6,0,0,0,,0
0.2484,41,0,0.7136,6334.0,7,0,2,0,0.0,0
0.8918,66,0,0.6017,8833.0,12,0,3,0,1.0,0
0.1547,47,0,0.2289,5608.0,9,0,2,0,0.0,0
0.5891,55,0,0.6512,5547.0,6,0,1,0,2.0,0
0.2008,26,0,0.5482,3372.0,5,0,0,0,1.0,0
12.9269,73,0,0.1447,2649.0,12,0,0,0,0.0,1
0.5254,70,0,0.1917,24594.0,7,0,1,0,0.0,0
0.4279,35,0,0.2505,8826.0,5,0,1,0,1.0,0
0.4545,73,0,0.5052,,6,0,0,0,1.0,0
0.0731,33,0,0.8354,1403.0,6,0,1,0,1.0,0
1.1709,34,0,0.3924,,6,0,0,0,1.0,0
3.5837,49,1,0.543,,10,0,2,0,0.0,0
0.1966,55,0,0.1358,4048.0,6,0,2,0,1.0,0
1.0684,64,0,1.0062,2057.0,10,0,1,0,0.0,0
0.0884,51,0,0.5086,,13,0,0,0,0.0,0
0.336,37,0,1.2674,5452.0,8,0,2,0,2.0,0
0.443,67,0,0.319,2421.0,10,0,0,0,1.0,0
0.7339,50,0,0.2508,,8,0,0,0,0.0,0
0.0617,61,0,0.5821,,4,0,2,0,1.0,0
2.9129,65,0,0.487,,12,0,0,0,0.0,0
0.2225,44,0,0.4317,3287.0,10,0,1,0,1.0,0
0.0114,49,0,0.6862,,10,0,1,0,0.0,0
0.7811,61,0,0.3984,5237.0,6,0,1,0,1.0,0
0.493,66,0,0.7626,,13,0,3,0,0.0,0
0.1114,44,0,0.4806,5158.0,7,0,1,0,2.0,0
0.7324,52,0,0.7955,5712.0,9,0,1,0,1.0,0
0.1072,33,0,0.2484,5330.0,6,0,0,0,1.0,0
1.0144,46,0,0.4325,3646.0,9,0,2,0,1.0,0
0.3746,73,0,0.2693,6725.0,5,0,1,0,0.0,0
0.4454,26,0,1.0085,3417.0,14,0,1,0,1.0,0
0.5181,77,0,0.7585,,8,0,0,0,1.0,0
0.3592,78,0,0.617,3914.0,8,0,2,0,1.0,0
0.2763,35,0,0.3848,11237.0,9,0,1,0,0.0,0
0.4237,37,0,1.0111,,3,0,1,0,3.0,1
0.6705,52,0,0.1882,13516.0,7,0,1,0,1.0,0
0.6153,46,0,0.0364,6144.0,6,0,1,0,0.0,0
0.491,67,0,0.3102,5795.0,5,0,1,0,2.0,0
0.6244,63,0,0.2125,8473.0,12,0,1,0,0.0,0
0.0042,51,0,0.7136,6123.0,11,0,0,0,0.0,0
0.4863,34,0,0.3599,7866.0,3,0,0,0,0.0,0
0.1429,48,0,0.7422,8193.0,7,0,1,0,0.0,0
0.833,88,0,0.5498,6348.0,11,0,1,0,0.0,0
3.1944,55,0,0.6228,8693.0,8,0,0,0,2.0,0
0.7305,72,0,0.5979,,6,0,1,0,0.0,0
0.7464,57,0,0.6752,,7,0,2,0,1.0,0
0.1364,77,0,0.7713,8918.0,9,0,0,0,0.0,0
0.1766,51,0,0.3424,6507.0,8,0,1,0,0.0,0
0.4423,69,0,0.3655,9728.0,11,0,0,0,3.0,0
0.6067,66,0,0.4882,10976.0,9,0,3,0,0.0,0
0.0084,53,0,0.1985,12578.0,4,0,0,0,1.0,0
0.1857,54,0,0.1339,,11,0,1,0,1.0,0
0.2706,32,0,0.3906,5346.0,12,0,0,0,0.0,0
0.2453,47,0,0.1005,,9,0,2,0,0.0,0
0.4273,87,0,1.1044,15181.0,6,0,1,0,0.0,0
0.8148,77,0,0.3682,3889.0,8,0,3,0,1.0,0
2.0353,51,1,0.78,,9,0,2,0,0.0,0
0.7735,40,2,0.4428,10423.0,12,0,0,0,1.0,0
0.1459,70,0,0.3473,3206.0,11,0,0,0,1.0,0
0.0657,56,0,0.2217,5456.0,5,0,2,0,0.0,0
0.0664,59,0,0.7843,14063.0,8,0,0,0,1.0,0
0.349,48,0,0.665,,8,0,2,0,0.0,0
0.0568,73,0,0.2262,,9,0,0,0,0.0,0
0.0147,56,0,0.579,3691.0,8,0,2,0,1.0,0
0.4986,61,0,0.4616,5040.0,5,0,1,0,2.0,1
3.2119,38,0,0.9136,,8,0,0,0,0.0,0
0.5595,41,0,1.0806,1862.0,5,0,0,0,2.0,0
1.1379,36,0,0.2257,3949.0,11,0,0,0,0.0,0
0.5271,59,0,0.6335,6295.0,10,0,0,0,1.0,0
0.679,53,0,0.2429,6752.0,13,0,0,0,1.0,0
0.201,34,0,0.8592,6362.0,8,0,1,0,1.0,0
1.4786,57,0,0.6111,4723.0,8,0,1,0,1.0,0
0.8009,54,0,0.7912,5043.0,8,0,2,0,0.0,0
1.9658,26,0,1.1313,,8,0,2,0,1.0,1
0.4879,42,0,0.3507,8233.0,9,0,2,0,0.0,0
1.2141,56,0,0.3115,,12,0,0,0,0.0,1
0.1581,38,0,0.4917,,3,0,1,0,2.0,0
0.4805,48,0,0.5711,,7,0,0,0,2.0,1
0.5809,42,0,0.9547,7412.0,3,0,0,0,1.0,0
0.6171,30,0,0.5541,4239.0,5,0,0,0,,0
0.0421,22,0,0.1344,3788.0,7,0,0,0,0.0,0
1.6152,35,0,0.5495,6006.0,6,0,0,0,1.0,0
3.012,80,0,0.347,,10,0,1,0,0.0,0
0.8214,35,0,1.2072,5981.0,7,0,1,0,0.0,0
0.4883,50,0,0.5675,,12,0,0,0,1.0,0
0.2728,51,0,0.6618,2093.0,8,0,0,0,3.0,0
0.2619,79,0,0.6773,5584.0,8,0,2,0,2.0,0
0.2655,23,0,0.3461,5642.0,3,0,0,0,2.0,0
0.0341,42,0,0.691,4395.0,8,0,1,0,1.0,0
1.937,56,0,0.3557,,5,0,0,0,0.0,0
0.1847,50,0,0.4103,3049.0,4,0,2,0,0.0,0
0.3402,46,0,0.2563,13106.0,6,0,0,0,1.0,0
0.6403,60,0,0.9131,8416.0,7,0,1,0,0.0,0
0.5396,22,0,0.3721,5287.0,5,0,2,0,0.0,0
0.7551,48,0,0.5374,6353.0,8,0,2,0,4.0,0
0.4513,44,2,0.4265,4533.0,6,0,0,2,2.0,0
0.5347,64,0,0.9043,,4,0,0,0,0.0,0
0.393,22,0,0.5704,9733.0,9,0,1,0,1.0,0
0.3702,48,0,0.3157,,12,0,3,0,1.0,0
0.2882,49,0,0.7063,7212.0,13,0,0,0,2.0,0
0.2836,45,0,0.1145,1702.0,6,0,0,0,0.0,0
0.7916,43,0,0.0831,4692.0,12,0,1,0,1.0,0
0.2692,49,0,0.5402,4265.0,5,0,0,0,0.0,0
0.5902,67,0,0.3016,9472.0,4,0,1,0,1.0,0
0.3873,60,1,0.1765,3572.0,3,0,2,0,1.0,0
0.81,41,0,0.7739,7380.0,8,0,1,0,2.0,0
0.4861,41,0,0.4138,16384.0,10,0,2,0,1.0,0
0.2672,36,0,0.5682,4047.0,12,0,2,0,0.0,0
0.5433,65,0,0.0274,9139.0,9,0,1,0,1.0,0
0.8703,43,0,0.1788,6969.0,13,0,0,0,0.0,0
1.2853,34,2,1.1475,8140.0,10,0,3,0,,0
0.0054,52,0,0.5857,,5,0,0,0,2.0,0
0.3379,55,0,0.821,10446.0,10,0,2,0,2.0,0
0.4715,47,0,0.5265,12958.0,8,0,1,0,1.0,0
0.9785,52,0,0.6232,4138.0,10,0,1,0,0.0,0
0.1225,48,0,0.1299,5722.0,4,0,0,0,0.0,1
0.1329,58,0,0.8618,4492.0,10,0,3,0,1.0,0
5.8256,55,0,0.1848,2841.0,6,0,2,0,2.0,1
1.3047,42,3,0.7286,2569.0,10,0,0,0,1.0,0
1.0238,60,0,0.9135,12049.0,8,0,1,0,0.0,0
0.6214,39,0,0.147,,9,0,1,0,,0
0.1436,36,0,0.5679,1558.0,8,0,0,0,0.0,0
0.0562,53,0,0.8874,8342.0,8,0,0,0,1.0,0
0.2312,56,0,0.8122,7276.0,3,0,1,0,3.0,0
0.704,63,0,0.3265,4528.0,10,0,1,0,0.0,0
1.0279,77,0,0.1925,3366.0,7,0,3,0,1.0,0
0.4112,25,0,0.4816,,6,0,2,0,1.0,0
1.1829,43,0,0.0618,,14,0,1,0,0.0,0
0.0746,53,0,0.1173,23026.0,10,0,1,0,0.0,0
0.0657,74,0,0.3458,3602.0,7,0,1,0,1.0,0
0.3547,45,0,0.3278,,11,0,0,0,0.0,0
0.44,28,0,0.7649,3450.0,10,0,0,0,1.0,0
0.4127,35,0,0.0541,5691.0,8,0,1,0,0.0,0
0.0713,48,0,0.2114,,7,0,0,0,0.0,0
0.2323,56,0,0.1135,4094.0,6,0,0,0,0.0,0
0.1273,82,0,0.8275,5123.0,10,0,2,0,0.0,0
0.1666,42,0,0.67,4613.0,4,0,0,0,1.0,0
4.3327,58,0,0.6674,3035.0,6,0,1,0,,0
0.6252,65,0,0.246,7194.0,5,0,0,0,2.0,0
0.4111,43,0,0.6244,,11,0,1,0,0.0,0
0.6642,74,0,0.3716,7355.0,15,0,0,0,1.0,0
4.684,43,1,0.8506,,14,0,2,0,0.0,0
0.4012,36,0,0.8219,,3,0,3,0,1.0,0
0.4448,72,0,0.2769,,10,0,0,0,0.0,0
0.4427,50,0,0.0775,,10,0,1,0,1.0,0
0.2077,35,0,0.7439,,8,0,5,0,2.0,0
1.0208,44,2,0.068,9949.0,12,1,0,0,1.0,0
0.216,41,0,0.4079,6214.0,11,0,3,0,2.0,0
0.2609,43,0,0.6783,18290.0,9,0,1,0,1.0,0
0.4298,53,0,1.042,7258.0,5,0,1,0,1.0,0
3.948,46,1,1.1681,,4,0,3,0,0.0,0
0.723,79,0,0.3505,4479.0,9,0,0,0,0.0,0
0.4312,46,0,0.2162,3165.0,10,0,1,0,1.0,0
0.5411,48,0,0.4939,2593.0,9,0,2,0,0.0,0
0.7266,71,0,0.7393,4332.0,10,0,0,0,2.0,0
0.0903,68,0,0.3477,,7,0,1,0,2.0,0
0.6731,61,0,0.2922,3919.0,8,0,1,0,2.0,0
0.3581,45,0,0.2532,,10,0,0,0,1.0,0
0.1672,71,0,0.091,,12,0,1,0,2.0,0
3.2557,45,2,0.5864,,9,0,2,0,1.0,0
0.2678,36,0,0.2683,3729.0,11,0,1,0,0.0,0
0.6158,42,0,0.3934,1845.0,12,0,1,0,0.0,0
0.6644,62,0,0.7114,5395.0,7,0,1,0,0.0,1
0.2694,47,0,0.3554,7335.0,9,0,2,0,1.0,0
2.4594,53,0,0.3998,3551.0,4,0,4,0,1.0,0
0.6091,37,0,1.1488,1779.0,8,0,2,0,1.0,0
1.3529,62,0,0.5353,7387.0,4,0,1,0,0.0,0
0.6712,40,0,0.0166,7913.0,12,0,0,0,0.0,0
0.4073,38,0,0.1687,11262.0,7,0,1,0,1.0,0
0.4164,48,0,0.2945,5403.0,9,0,6,0,1.0,0
0.1984,32,0,0.6069,2637.0,6,0,0,0,1.0,0
0.0306,38,0,0.5558,4902.0,6,0,1,0,0.0,0
1.5989,38,0,0.2333,3059.0,7,0,0,0,3.0,0
0.7465,54,0,0.4282,,5,0,2,0,2.0,0
0.4274,41,0,0.3964,,8,0,1,0,0.0,0
0.0364,55,0,0.6413,6490.0,10,0,2,0,0.0,0
0.1613,48,0,0.371,10023.0,5,0,1,0,1.0,0
0.1427,44,0,0.9165,3619.0,4,0,2,0,0.0,0
2.0118,68,0,0.1993,14773.0,9,0,1,0,2.0,0
0.0495,28,0,0.2167,11712.0,3,0,1,0,1.0,0
0.246,59,0,0.7375,,12,0,2,0,2.0,0
3.4172,35,0,1.2242,4753.0,13,0,1,0,2.0,0
0.6624,39,0,0.9836,3770.0,12,0,3,0,0.0,0
0.3999,45,1,0.5348,8129.0,13,0,2,0,3.0,0
0.2351,47,0,0.1288,3920.0,9,0,1,0,1.0,0
0.1462,50,0,0.5489,11506.0,7,0,1,0,0.0,0
1.1802,52,2,0.8369,8539.0,14,0,1,0,0.0,0
0.0688,43,0,0.3975,9344.0,8,0,0,0,0.0,1
0.7609,21,0,0.4485,1050.0,9,0,0,0,0.0,1
1.0956,40,0,0.6653,,10,0,0,0,1.0,0
0.5345,62,0,0.5285,1803.0,3,0,2,0,1.0,0
0.5882,58,0,0.5779,12177.0,3,0,2,0,1.0,0
0.5204,59,0,0.2607,5695.0,11,0,1,0,2.0,0
3.0266,47,0,0.1411,2442.0,13,0,3,0,2.0,0
8.1333,57,0,0.4735,,11,0,0,0,0.0,0
0.0451,44,0,0.815,,6,0,1,0,0.0,0
0.6835,45,0,0.4909,,13,0,0,0,1.0,0
0.5262,42,0,0.7689,2461.0,8,0,1,0,0.0,0
0.171,64,0,0.5581,6802.0,9,0,1,0,0.0,0
0.0413,21,0,0.3551,4193.0,6,0,0,0,2.0,0
0.6886,52,0,0.3057,,9,0,1,0,3.0,0
0.4352,52,0,0.3763,6616.0,12,0,0,0,0.0,0
0.5666,53,0,0.586,,8,0,2,0,1.0,0
0.1935,49,0,0.1985,5989.0,4,0,0,0,1.0,0
2.3612,68,0,0.3377,,8,0,1,0,0.0,0
3.1037,51,0,0.2411,4025.0,8,0,0,0,1.0,0
0.4622,47,4,0.2068,3812.0,7,0,0,0,0.0,0
0.1649,59,0,0.27,2882.0,7,0,0,0,3.0,0
0.1068,28,0,0.874,3519.0,7,0,1,0,1.0,0
6.2767,40,0,0.4027,4720.0,11,0,0,0,2.0,0
5.1912,65,0,1.1071,,6,0,0,0,1.0,0
0.6613,54,0,0.2638,5674.0,12,0,1,0,0.0,0
0.0913,31,0,0.1636,5735.0,7,0,0,0,1.0,0
0.2846,87,0,1.1482,6584.0,12,0,1,0,2.0,0
0.3246,48,0,0.5741,2801.0,16,0,1,0,1.0,0
0.3113,40,0,0.2887,,8,0,1,0,1.0,0
0.8387,30,0,0.6477,,5,0,1,0,0.0,0
2.7078,69,2,0.6218,4520.0,4,2,0,0,0.0,0
0.2791,37,0,0.5137,1470.0,8,0,0,0,0.0,0
0.8028,45,2,0.7864,10889.0,7,0,1,0,0.0,0
0.6355,55,0,0.7151,,6,0,0,0,0.0,0
0.559,22,0,0.5334,,7,0,1,0,1.0,1
0.5048,62,0,1.0839,3985.0,6,0,1,0,1.0,1
0.1661,38,0,0.3875,5586.0,11,0,0,0,1.0,0
3.3875,65,0,0.2011,,5,0,0,0,1.0,0
0.2808,54,0,0.4732,12271.0,4,0,1,0,2.0,0
0.0904,66,0,0.305,6667.0,8,0,1,0,0.0,0
0.2426,53,0,0.1194,4892.0,6,0,1,0,0.0,0
4.1997,65,0,0.2924,3541.0,9,0,1,0,0.0,0
0.7217,57,0,0.4523,6994.0,11,0,0,0,0.0,0
0.3854,49,0,0.5768,2913.0,7,0,1,0,0.0,0
0.1048,55,0,0.7613,3962.0,11,0,3,0,0.0,0
0.1391,21,0,0.5296,6442.0,7,0,3,0,1.0,0
0.7748,43,0,0.316,,6,0,2,0,1.0,0
0.3922,67,0,0.6968,6165.0,7,0,1,0,0.0,0
0.3076,32,0,0.9558,,6,0,0,0,1.0,0
0.2231,42,0,0.5808,5436.0,7,0,1,0,0.0,0
0.0847,29,0,0.8557,2830.0,5,0,1,0,,1
0.4327,26,1,0.1777,5019.0,3,0,0,1,0.0,0
0.4564,45,0,0.1877,4351.0,10,0,2,0,1.0,0
0.5254,56,0,0.485,4756.0,11,0,0,0,0.0,0
0.1404,46,0,0.5373,15896.0,8,0,2,0,1.0,0
0.1641,33,0,0.8551,,5,0,1,0,3.0,0
1.9253,34,0,0.4341,15675.0,8,0,0,0,0.0,0
3.0571,37,0,0.2725,9038.0,4,0,1,0,0.0,0
0.0613,46,0,0.1925,14339.0,4,0,1,0,1.0,0
0.2001,37,0,0.3398,3607.0,6,0,1,0,1.0,0
0.4778,65,0,0.7939,3847.0,8,0,1,0,0.0,0
0.0986,40,0,0.2376,4973.0,5,0,1,0,1.0,0
0.0124,43,0,0.1811,2647.0,4,0,1,0,3.0,0
0.22,57,0,0.5865,7302.0,7,0,1,0,1.0,0
0.0482,22,0,0.1844,8569.0,11,0,1,0,2.0,1
0.6495,71,0,0.2654,18629.0,3,0,1,0,1.0,0
0.1319,62,0,0.5655,5347.0,11,0,3,0,0.0,0
0.9717,61,0,0.6749,,8,0,1,0,0.0,0
0.8764,40,0,0.7279,3854.0,5,0,0,0,3.0,1
0.6882,38,0,0.727,1906.0,6,0,1,0,0.0,0
0.8279,41,0,0.6161,12110.0,9,0,0,0,2.0,0
0.183,45,0,0.8975,6437.0,11,0,2,0,0.0,0
0.0605,68,0,0.3265,8718.0,7,0,0,0,2.0,0
0.5235,23,0,0.3265,,12,0,3,0,1.0,0
0.0392,68,0,0.8395,2189.0,9,0,1,0,2.0,0
0.17,47,0,0.309,8180.0,10,0,2,0,0.0,0
0.7246,65,0,0.6832,16654.0,9,0,1,0,1.0,0
0.1143,55,0,0.5302,5815.0,6,0,1,0,2.0,0
0.1094,59,0,0.6638,3352.0,8,0,1,0,0.0,0
0.0958,63,0,0.3748,3047.0,7,0,2,0,0.0,0
5.0303,48,0,0.4341,8365.0,10,0,0,0,1.0,0
0.6393,37,0,0.2106,2349.0,16,0,0,0,4.0,0
0.4189,37,0,0.5729,6433.0,5,0,1,0,1.0,0
0.1941,64,0,0.1323,1824.0,5,0,0,0,1.0,0
0.1239,72,2,0.1555,4004.0,7,0,3,2,0.0,0
0.3257,40,0,0.4292,9602.0,7,0,1,0,0.0,0
0.4703,66,0,0.1226,5179.0,7,0,0,0,1.0,0
0.1566,64,0,0.7662,3238.0,6,0,1,0,1.0,0
0.1273,29,0,0.7537,8390.0,11,0,1,0,0.0,0
0.2458,63,0,0.9576,4642.0,12,0,1,0,2.0,0
0.2704,42,0,0.7206,4342.0,8,0,3,0,0.0,0
0.2761,71,1,0.519,7131.0,7,1,1,3,0.0,0
0.7796,54,0,0.508,6199.0,12,0,0,0,2.0,0
0.4876,85,0,0.1896,2094.0,10,0,2,0,0.0,0
0.2119,50,0,0.9759,4438.0,7,0,1,0,1.0,0
0.6073,42,0,1.1921,5101.0,8,0,1,0,0.0,0
0.6721,58,1,0.5366,6696.0,5,0,2,0,0.0,0
0.1235,62,1,0.5176,2568.0,10,0,1,0,0.0,0
0.4979,59,0,0.3479,18649.0,5,0,1,0,2.0,0
1.9647,45,0,0.2064,,11,0,1,0,0.0,0
0.2664,62,0,0.6165,6640.0,10,0,1,0,0.0,0
1.73,34,0,0.9326,8622.0,9,0,0,0,2.0,0
0.1107,21,0,0.2761,9943.0,6,0,3,0,2.0,0
0.0974,56,0,0.1259,12271.0,0,0,0,0,0.0,0
6.5008,82,0,0.4764,14225.0,6,0,1,0,0.0,0
1.0494,59,0,0.7503,,11,2,0,0,0.0,0
0.1192,40,0,0.1653,,10,0,1,0,1.0,0
0.053,46,0,0.6935,5889.0,4,0,0,0,0.0,0
0.2371,51,0,0.4603,3414.0,9,0,0,0,0.0,0
0.0599,38,0,0.6513,2074.0,4,0,0,0,0.0,0
0.5217,37,0,0.5298,,11,0,1,0,,0
0.0219,56,0,0.5578,6118.0,6,0,2,0,2.0,0
0.5223,57,0,0.0267,1462.0,9,0,0,0,0.0,0
0.5944,38,0,0.2224,3193.0,4,0,2,0,1.0,0
0.2911,32,0,0.8295,7717.0,7,0,0,0,2.0,0
0.1781,48,0,0.156,5988.0,11,0,0,0,0.0,0
0.4108,45,0,0.1601,2922.0,4,0,1,0,0.0,0
2.054,60,0,0.3525,7793.0,8,0,1,0,0.0,0
1.2823,40,0,0.61,,7,0,3,0,0.0,1
0.8465,55,0,0.2114,3200.0,8,0,3,0,0.0,0
0.3656,56,0,0.7321,,10,0,0,0,3.0,0
1.1384,62,0,1.2952,2320.0,13,0,2,0,0.0,0
0.0346,49,0,0.2862,,15,0,0,0,2.0,0
0.8739,41,0,0.5232,4155.0,7,0,2,0,1.0,0
0.5806,46,0,0.6392,,9,0,2,0,0.0,0
0.2843,48,0,0.4353,5766.0,12,0,3,0,0.0,0
0.224,78,0,1.2979,1632.0,8,0,0,0,1.0,0
0.4611,43,0,0.7695,,8,0,0,0,0.0,0
0.0933,77,0,0.1607,14354.0,11,0,1,0,1.0,0
0.0673,51,0,0.9726,31030.0,7,0,0,0,1.0,0
0.4481,45,0,0.3696,14704.0,7,0,2,0,0.0,0
0.2867,41,0,0.4099,3348.0,9,0,1,0,0.0,0
0.026,35,0,0.7837,4926.0,6,0,0,0,1.0,0
0.0053,48,2,0.4011,4396.0,11,0,4,0,0.0,0
5.4641,49,0,0.492,5934.0,7,0,1,0,1.0,0
0.4494,51,0,0.1093,6166.0,7,0,2,0,0.0,0
0.6305,81,0,0.1988,2882.0,6,0,0,0,1.0,0
1.0964,70,0,0.639,,2,0,1,0,0.0,1
0.1856,52,0,0.2224,4919.0,11,0,2,0,0.0,0
0.2255,45,0,0.4125,12938.0,6,0,3,0,2.0,0
0.9628,31,0,0.5686,,10,0,1,5,4.0,0
0.9997,54,0,0.3438,4834.0,6,0,1,0,0.0,0
0.5784,64,0,0.8863,4162.0,6,0,2,0,0.0,0
0.3147,69,0,0.5801,3472.0,6,0,0,0,1.0,0
0.3099,42,0,0.5926,5798.0,6,0,1,0,0.0,0
0.1768,31,0,0.4398,10903.0,5,0,0,0,1.0,0
0.4531,50,0,0.3087,5335.0,6,0,2,0,0.0,0
1.9065,57,0,1.0527,5410.0,10,0,1,0,0.0,0
0.3883,46,0,1.1531,4095.0,7,0,1,0,1.0,0
0.3904,57,1,0.3839,16862.0,9,0,0,0,,0
1.1409,49,0,0.3608,5662.0,8,0,1,0,2.0,0
0.2077,52,0,0.368,4103.0,7,0,1,0,0.0,0
0.0042,54,0,0.8408,,5,0,1,0,1.0,0
0.9352,49,1,0.4313,9517.0,7,0,1,1,1.0,0
0.4902,32,0,0.174,,9,0,1,0,1.0,0
0.7365,67,0,0.0943,13543.0,7,0,1,0,1.0,0
0.3065,42,0,0.4658,4069.0,10,0,3,0,0.0,0
0.635,21,0,0.6315,,7,0,0,0,0.0,1
1.9225,49,2,0.8756,2480.0,10,0,0,0,0.0,0
0.2563,55,0,0.7588,,8,0,0,0,1.0,0
0.2181,63,2,0.575,1979.0,8,0,3,0,1.0,0
0.3219,53,0,0.5512,21708.0,9,0,2,0,0.0,0
1.4129,51,0,0.4129,1653.0,1,0,0,0,0.0,0
0.4847,52,0,0.4659,8282.0,10,0,1,0,1.0,0
0.7648,40,2,0.9537,5212.0,7,0,0,1,0.0,0
1.1227,45,2,0.2368,6519.0,6,1,1,0,2.0,0
2.5166,62,0,0.7519,17883.0,2,0,3,3,1.0,0
13.5173,43,0,0.3056,3952.0,2,0,3,0,1.0,0
0.7021,52,0,0.5975,13807.0,9,0,0,0,,0
0.812,44,0,0.304,,14,0,0,1,0.0,0
0.2838,41,0,0.0865,,10,0,1,0,0.0,0
0.049,47,0,0.2651,5691.0,9,0,1,0,0.0,0
1.2803,48,0,0.7112,4409.0,9,0,1,0,,0
1.9628,48,0,0.8981,2935.0,10,0,0,0,,0
0.2783,54,0,0.9844,,10,0,0,0,0.0,0
0.3163,23,0,0.2022,,12,0,2,0,2.0,0
0.2786,44,0,0.4825,3700.0,10,0,0,0,1.0,0
0.0188,58,0,0.0428,,6,0,0,0,0.0,0
0.7491,70,0,0.1652,,5,0,1,0,,0
0.8714,33,0,0.3748,,8,0,0,0,0.0,0
0.6443,35,0,0.5683,22673.0,4,0,0,0,2.0,0
0.0669,53,0,0.0649,4526.0,9,0,1,0,1.0,0
0.0331,64,0,0.2486,7641.0,9,0,1,0,2.0,0
1.2071,39,0,0.9896,7129.0,10,0,2,0,2.0,0
0.1702,25,0,0.812,1995.0,8,0,0,0,1.0,0
3.0752,53,1,1.0989,1918.0,11,0,1,0,1.0,0
0.2429,38,0,0.2935,7961.0,7,0,1,0,0.0,0
0.0743,72,0,0.681,6816.0,3,0,2,0,0.0,0
0.3675,48,0,0.3678,7398.0,8,0,3,0,0.0,0
0.4183,34,0,0.1295,11851.0,11,0,0,0,0.0,0
1.4982,37,0,0.7811,11561.0,5,0,2,0,1.0,0
0.5191,52,0,0.4379,11946.0,9,0,3,0,0.0,0
0.1252,45,0,0.1467,6538.0,7,0,0,0,1.0,0
0.9108,51,0,0.5472,5776.0,10,0,2,0,2.0,0
0.3956,91,0,0.843,9478.0,8,0,1,0,0.0,0
1.1225,35,0,0.3628,9660.0,8,0,1,0,0.0,1
0.2765,60,0,0.2194,18513.0,5,0,2,0,1.0,0
0.3902,68,0,0.7181,,11,0,0,0,0.0,0
2.7533,67,0,0.6833,,7,1,2,3,2.0,0
0.8798,36,0,0.3486,5752.0,9,0,1,0,1.0,0
0.4752,51,0,0.1956,,9,0,0,0,1.0,0
0.9756,30,0,0.1354,7167.0,9,0,1,0,0.0,0
0.1858,61,0,0.6259,12327.0,6,0,2,0,0.0,0
0.7397,43,0,0.3792,4612.0,8,0,0,0,3.0,0
0.2059,54,0,0.9624,2347.0,6,0,1,0,1.0,0
0.4859,69,0,0.5812,,10,0,0,0,1.0,1
3.0262,53,0,0.2556,3534.0,7,0,0,1,1.0,0
0.1197,53,0,0.814,,5,0,2,0,0.0,0
0.0757,47,0,0.9463,,9,0,0,0,1.0,0
0.305,67,0,0.2794,9937.0,11,0,0,0,2.0,0
1.2386,42,0,0.6986,,5,0,0,0,0.0,0
2.2775,56,0,0.5426,,10,0,1,0,0.0,0
0.3779,58,1,0.4967,3687.0,9,0,0,0,2.0,0
0.5422,61,0,0.5331,,2,0,1,0,0.0,0
0.1366,54,0,0.7728,8347.0,6,0,1,0,0.0,0
0.1624,36,0,0.4946,4490.0,7,0,0,0,,0
0.3797,50,0,0.3668,2753.0,7,0,1,0,0.0,0
0.3553,27,0,0.3508,3103.0,7,0,1,0,1.0,0
0.371,47,0,0.6194,11736.0,11,0,0,0,2.0,0
0.0564,59,0,0.841,5671.0,8,0,2,0,2.0,0
0.4115,64,0,0.6205,5174.0,12,0,1,0,3.0,0
2.3764,41,0,0.1706,9109.0,10,0,2,0,1.0,0
0.4293,79,2,0.4699,6265.0,7,0,0,0,0.0,0
0.3414,29,0,0.5082,11356.0,3,0,3,0,0.0,0
0.1382,57,0,0.5613,5307.0,4,0,4,0,1.0,0
0.2734,58,0,0.1311,,4,0,2,0,1.0,0
0.5339,58,0,0.3438,5168.0,11,0,3,0,1.0,0
0.0286,56,0,0.3131,3142.0,4,1,1,0,1.0,0
0.2178,52,0,0.6247,4731.0,10,0,2,0,0.0,0
0.2047,74,0,0.071,,8,0,0,0,1.0,0
0.1635,36,1,0.9474,3109.0,9,0,0,0,1.0,0
0.8289,46,0,0.8386,11684.0,8,0,0,0,0.0,0
0.3291,52,0,0.4499,6625.0,3,0,0,0,0.0,0
0.286,49,0,0.9323,,6,0,2,0,0.0,0
0.8021,38,0,0.2523,,9,0,0,0,1.0,0
0.7105,59,0,1.2027,4116.0,8,0,1,0,3.0,0
0.3169,54,0,0.6353,5019.0,9,0,2,0,1.0,0
0.3303,74,0,0.5355,8120.0,12,0,1,0,1.0,0
1.4227,62,0,0.7954,,5,0,2,0,1.0,0
0.1373,66,0,0.4757,19314.0,4,0,0,0,1.0,0
1.0143,65,0,0.6573,11046.0,8,0,2,0,0.0,0
0.3024,37,0,0.3748,,6,0,1,0,1.0,0
0.3359,46,0,0.6643,,7,0,2,0,0.0,0
0.3027,47,0,0.097,17525.0,8,0,0,0,0.0,0
0.1864,67,0,0.3752,,7,0,2,0,2.0,0
0.2657,53,0,0.9625,7725.0,7,0,0,0,1.0,0
0.3222,52,0,0.4731,3608.0,7,0,1,0,1.0,0
0.0731,51,0,0.7128,5188.0,7,0,0,0,0.0,0
0.1058,67,2,0.6561,4997.0,12,0,3,1,0.0,0
0.2022,38,0,0.9992,1220.0,15,0,0,0,2.0,0
0.4439,52,0,0.3004,5677.0,7,0,1,0,0.0,0
0.3444,72,0,0.249,2478.0,8,0,0,0,1.0,0
0.7751,59,2,0.6054,5577.0,6,0,2,0,0.0,0
0.5565,46,0,0.5076,,8,0,1,0,1.0,0
0.1736,56,0,0.599,7744.0,12,0,0,0,0.0,0
0.3863,31,0,0.4151,,8,0,2,0,0.0,0
0.0394,42,0,0.8112,7002.0,11,0,0,0,0.0,0
0.7402,47,0,0.4028,8716.0,5,0,0,0,1.0,0
0.2932,36,0,0.5333,6502.0,11,0,1,0,2.0,0
0.0803,61,0,0.666,5022.0,10,0,1,0,2.0,0
0.7026,35,0,0.6133,12168.0,8,0,1,0,0.0,0
0.713,68,0,0.4394,5296.0,7,0,1,0,0.0,0
0.0538,59,0,0.643,10987.0,7,0,0,0,2.0,0
0.7814,43,0,0.4152,,1,0,0,0,2.0,0
0.0064,45,0,0.2283,4901.0,8,0,2,0,2.0,0
0.0503,52,0,1.0142,1838.0,11,0,0,0,2.0,0
0.1509,64,0,0.1454,4307.0,6,0,1,0,0.0,0
0.1212,51,0,0.1635,2279.0,7,0,1,0,0.0,0
0.3764,66,0,0.122,40676.0,8,0,0,0,0.0,0
0.0217,52,0,0.2042,,7,0,1,0,0.0,0
0.3481,61,0,0.8555,,10,0,0,0,0.0,0
0.4952,72,1,0.3979,4622.0,9,1,2,0,1.0,0
0.9616,55,0,0.3571,14031.0,8,0,1,0,0.0,0
0.0307,37,1,0.5464,10925.0,10,0,1,1,0.0,0
0.91,49,0,0.6292,3003.0,11,0,0,0,1.0,0
0.2091,79,0,0.6096,8444.0,8,0,0,0,2.0,0
0.1608,45,0,0.0886,3775.0,6,0,1,0,1.0,0
1.1049,26,0,0.3039,10703.0,11,0,1,0,0.0,0
0.511,38,0,0.0869,7876.0,6,0,1,0,0.0,1
0.8951,48,0,0.1512,2272.0,9,0,2,0,0.0,0
0.2949,58,0,0.5423,7254.0,8,0,1,0,0.0,0
0.4421,68,0,0.375,,11,0,0,0,2.0,0
0.1754,40,0,0.1105,,12,0,0,0,0.0,0
0.2508,70,0,0.3664,,10,0,1,0,2.0,0
0.1651,62,0,0.9753,11790.0,6,0,2,0,0.0,0
0.646,66,0,0.4875,7513.0,9,0,3,0,0.0,0
0.0962,65,2,2.0377,13597.0,12,0,1,1,1.0,0
0.1414,46,0,0.3239,7565.0,7,0,1,0,1.0,0
0.834,77,0,0.2878,11463.0,10,0,1,3,2.0,0
3.6483,70,0,0.5257,1375.0,6,0,0,0,1.0,1
0.1663,53,0,0.4643,,9,0,0,0,1.0,0
0.5921,71,0,0.4436,,11,0,2,0,1.0,0
0.0111,89,0,0.5884,10270.0,5,0,0,0,1.0,0
2.1279,66,0,0.5032,7306.0,5,0,1,0,0.0,0
0.2548,25,0,0.2132,5132.0,12,0,1,0,2.0,0
0.9106,29,0,0.4283,5669.0,7,0,3,0,1.0,0
0.3782,56,0,0.6483,8502.0,12,0,0,0,0.0,0
0.8412,39,0,0.9975,5687.0,6,0,0,0,2.0,0
0.0422,42,2,0.6023,,8,0,1,0,1.0,0
0.5977,55,0,0.2664,6748.0,12,0,1,0,1.0,0
1.5427,47,0,0.3732,,9,0,1,0,1.0,0
11.7968,64,0,0.5728,5535.0,8,0,1,0,2.0,0
0.2952,66,0,0.4637,,4,0,0,0,1.0,0
0.9738,38,2,0.797,7941.0,6,0,0,0,1.0,0
0.0629,56,0,0.4167,8596.0,7,0,0,0,2.0,0
0.9137,45,0,0.4692,2956.0,6,0,0,0,1.0,0
5.0787,62,0,0.4025,8547.0,8,0,1,0,0.0,0
0.7457,49,0,0.1452,4339.0,9,0,2,0,1.0,0
0.3253,65,0,0.1777,4433.0,10,0,0,0,1.0,0
0.3451,51,0,0.4857,,10,0,0,0,1.0,0
0.2732,74,0,0.4656,8603.0,8,0,1,0,3.0,0
0.6016,56,0,0.5602,,9,0,1,0,0.0,0
0.7178,31,0,0.5301,1733.0,12,0,1,0,0.0,1
0.8379,60,0,0.7887,,9,0,1,0,1.0,0
0.1134,48,0,0.3163,2490.0,10,0,1,0,0.0,0
0.3121,24,0,0.143,6481.0,8,0,0,0,0.0,0
0.2242,47,0,0.1679,7900.0,7,0,0,0,2.0,0
2.1349,60,0,0.1083,12892.0,9,0,0,0,1.0,0
0.1277,63,0,0.1608,4878.0,9,0,0,0,2.0,0
0.0114,61,0,0.0746,19018.0,9,0,1,0,0.0,0
0.2435,52,0,0.1131,8196.0,8,0,1,0,0.0,0
0.8677,47,0,0.4406,,9,0,2,0,0.0,0
0.5538,39,0,0.3372,1452.0,5,0,0,0,2.0,0
0.1012,64,0,0.021,11439.0,7,0,0,0,1.0,0
0.1507,62,0,0.0555,3264.0,8,0,0,0,4.0,0
0.743,44,0,0.4012,,7,0,1,0,0.0,0
0.311,73,0,0.9561,,5,0,2,0,0.0,0
0.1424,65,0,0.4121,,8,0,0,0,1.0,0
3.7816,65,1,0.7794,6561.0,7,0,1,0,2.0,0
0.6697,52,0,0.1207,3879.0,5,0,3,0,2.0,0
0.0371,80,0,0.4377,13232.0,10,0,1,0,0.0,0
1.6279,41,0,0.403,2284.0,12,0,0,0,0.0,0
1.6991,22,0,0.2586,3518.0,7,0,1,0,0.0,0
2.7932,65,0,0.5562,5032.0,9,0,1,0,1.0,0
0.9278,66,0,0.763,,9,0,2,0,1.0,0
0.4052,64,0,0.7084,7231.0,5,0,2,0,0.0,0
1.2081,69,1,0.3563,7447.0,3,0,3,0,0.0,0
0.4828,68,0,0.3021,6700.0,6,0,1,0,0.0,0
0.1883,69,0,0.5755,3994.0,10,0,0,0,3.0,0
0.0819,58,0,0.3937,5194.0,10,0,0,0,1.0,0
0.2775,58,0,0.9625,5497.0,5,0,1,0,1.0,0
0.5783,54,0,0.1549,14230.0,7,0,0,0,1.0,0
0.0892,67,0,0.2545,6507.0,8,0,1,0,0.0,0
0.5227,42,0,0.3383,2522.0,7,0,2,0,1.0,0
0.2236,50,0,0.6003,14919.0,5,0,1,0,2.0,0
0.6937,37,0,0.0793,,6,0,0,0,0.0,0
0.1202,61,0,0.1837,5783.0,15,0,1,0,0.0,0
0.6619,75,0,0.3312,14942.0,11,0,1,0,0.0,0
0.4396,41,0,0.5,3991.0,9,0,3,0,1.0,0
0.899,29,0,0.1664,12566.0,6,0,2,0,0.0,0
0.6327,51,1,0.2528,6329.0,11,0,1,0,1.0,0
0.5749,56,0,0.6128,5901.0,9,0,1,0,1.0,0
0.3677,50,0,0.3128,3701.0,12,0,1,0,0.0,0
2.0981,35,0,0.3521,10690.0,5,0,0,0,1.0,0
0.2713,67,0,0.8101,14506.0,5,0,1,0,1.0,0
0.3835,57,0,1.0347,,11,0,0,0,0.0,0
0.5496,77,0,0.4063,,13,0,1,0,0.0,0
0.0666,66,0,0.4392,6898.0,9,0,0,0,0.0,0
1.0223,40,1,0.5836,7207.0,7,1,3,1,0.0,0
0.3541,59,0,0.4811,,5,0,0,0,1.0,0
0.1341,60,0,0.275,5026.0,10,0,1,0,2.0,0
1.0748,75,0,0.6267,2359.0,4,0,2,0,1.0,0
0.1948,44,0,0.4156,1656.0,6,0,2,0,1.0,0
0.579,35,0,0.362,,5,0,4,0,2.0,0
0.2294,53,1,0.2337,4980.0,6,0,2,1,1.0,0
0.6846,49,0,0.3088,1270.0,5,0,1,0,0.0,0
0.2642,49,0,0.4427,3044.0,7,0,3,0,2.0,0
3.7385,57,0,0.3147,,12,0,1,0,1.0,0
0.657,21,0,0.415,11500.0,11,0,2,0,1.0,0
1.7446,36,0,0.2953,3782.0,5,0,0,0,0.0,0
0.3255,54,0,0.296,7639.0,10,0,2,0,2.0,0
0.3867,51,0,0.4036,8905.0,9,0,2,0,2.0,0
8.3923,80,0,0.301,2150.0,10,0,3,0,0.0,0
0.1141,52,0,0.4922,13221.0,7,0,1,0,1.0,0
0.4101,33,0,0.4191,1974.0,7,0,0,0,1.0,0
0.1614,42,0,0.6887,,7,0,2,0,0.0,0
0.1905,66,0,0.8156,,5,0,1,0,0.0,0
0.2444,48,0,0.8533,10278.0,5,0,3,0,0.0,0
0.3776,24,0,0.3315,2975.0,1,0,1,0,1.0,0
0.4803,61,0,0.4555,3229.0,7,0,1,0,0.0,0
0.2449,68,0,0.8163,9373.0,11,0,1,0,1.0,0
4.7552,51,0,0.3393,4146.0,6,0,1,0,3.0,0
0.5686,44,0,0.5105,5013.0,1,0,0,0,1.0,0
1.5001,64,0,0.3337,12887.0,12,0,1,0,0.0,0
0.2128,24,0,0.5012,2486.0,10,0,0,0,0.0,0
0.5122,63,0,0.6747,,9,0,1,0,0.0,0
0.0466,53,0,0.324,3925.0,5,0,3,0,1.0,0
0.1507,64,0,0.1721,,8,0,0,0,1.0,0
2.9576,36,0,0.7454,2311.0,9,0,3,0,1.0,0
2.3691,51,0,0.4869,17307.0,9,0,0,0,2.0,0
3.2288,66,0,1.3027,,10,0,1,0,1.0,0
0.3826,60,0,0.6481,3525.0,8,0,2,0,0.0,0
0.1107,21,0,0.6611,6380.0,12,0,1,0,0.0,0
0.9422,64,0,0.6529,7458.0,11,0,3,0,0.0,0
0.1852,67,0,0.4462,13712.0,7,0,1,0,1.0,0
0.9493,58,0,0.3769,3660.0,7,0,0,0,0.0,0
0.6415,53,0,0.1714,,6,0,0,0,0.0,0
0.5747,66,0,0.6273,,6,0,1,0,0.0,0
0.2774,54,0,0.5365,1555.0,7,0,3,0,0.0,0
0.1362,27,0,0.1978,,5,0,0,0,0.0,0
0.2393,42,0,0.5527,,14,0,0,0,1.0,0
1.7179,74,0,0.7851,4102.0,10,0,1,0,1.0,0
0.5029,49,0,0.4246,3230.0,10,0,1,0,0.0,0
0.0864,55,0,0.3173,,9,0,1,0,1.0,0
0.3887,29,0,0.732,3337.0,9,0,0,0,0.0,0
0.3617,60,0,0.3945,5885.0,10,0,3,0,2.0,0
0.0606,60,0,0.9313,4811.0,8,0,1,0,0.0,0
1.7215,84,0,0.5723,3384.0,2,0,0,0,2.0,1
3.1429,63,0,1.1217,1341.0,7,0,2,0,3.0,0
2.5831,66,0,0.6766,,6,0,1,0,0.0,0
1.9501,27,0,1.2051,,4,0,2,0,0.0,0
0.1863,44,0,0.2147,2577.0,8,0,0,0,1.0,0
0.3271,82,0,0.3702,4876.0,6,0,2,0,1.0,0
0.4226,65,0,0.4475,,8,0,1,0,1.0,0
0.428,59,0,0.6413,5111.0,8,0,1,0,3.0,0
0.27,78,0,0.9309,3804.0,15,0,2,0,0.0,0
0.3498,40,0,0.5099,8203.0,10,0,0,0,0.0,0
0.6117,57,0,0.4523,17822.0,13,0,0,0,2.0,0
0.1189,59,0,0.1676,7730.0,9,0,2,0,0.0,0
0.5617,50,0,0.37,7084.0,7,0,0,0,1.0,0
0.161,32,0,0.5995,2619.0,7,0,1,0,,0
6.0178,73,1,0.8711,,11,0,1,2,1.0,0
0.3085,53,0,0.7366,15123.0,14,0,0,0,1.0,0
0.661,58,0,0.2341,7381.0,7,0,3,0,1.0,0
0.3671,42,0,0.8177,,14,0,1,0,0.0,0
0.5275,42,0,0.3206,10410.0,11,0,1,0,0.0,0
1.0606,47,0,0.2463,3693.0,7,0,1,0,1.0,0
0.3167,49,0,0.1406,,5,0,3,0,2.0,0
0.7474,68,3,0.199,15361.0,2,1,1,1,3.0,0
0.0705,57,0,0.4455,2587.0,7,0,0,0,0.0,0
0.5015,38,0,0.2985,5855.0,4,0,0,0,1.0,0
0.2215,31,0,0.102,6483.0,15,0,2,0,3.0,0
0.392,65,0,0.5957,3372.0,7,0,2,0,2.0,0
0.5573,67,0,0.556,3761.0,9,0,1,0,0.0,0
0.9111,48,0,0.4948,3848.0,6,0,0,0,1.0,0
0.4935,43,0,0.5091,5487.0,12,0,0,0,0.0,0
8.2,53,0,0.325,2399.0,10,0,2,0,0.0,0
0.5106,53,2,0.7482,6462.0,8,0,0,0,1.0,0
0.1999,56,0,0.6146,6734.0,5,0,3,0,1.0,0
0.4766,67,0,0.6526,4881.0,9,0,4,0,4.0,1
0.0858,66,0,0.3396,2106.0,2,0,0,0,1.0,0
1.3029,64,0,0.4076,10986.0,10,0,1,0,2.0,0
0.3458,38,0,0.3066,13766.0,16,0,3,0,2.0,0
0.2453,59,0,0.7225,5814.0,6,1,4,0,0.0,0
2.0365,57,0,1.0095,,7,0,0,0,1.0,0
0.0018,34,0,0.5617,4059.0,6,0,1,0,2.0,0
0.6315,47,0,0.7366,,6,0,0,0,0.0,1
0.0739,59,0,0.1653,4910.0,9,0,1,0,1.0,0
2.5499,32,0,0.5051,3866.0,8,0,1,0,0.0,0
0.598,44,0,0.2982,,10,0,0,0,1.0,0
0.7498,53,0,0.1242,4161.0,6,0,0,0,0.0,0
0.1679,46,0,0.3329,7082.0,10,0,1,0,2.0,1
0.5169,67,0,0.2831,2378.0,6,0,1,0,2.0,0
0.2905,62,0,0.1819,,7,0,0,0,1.0,0
0.1076,34,0,0.3116,4663.0,8,0,2,0,0.0,0
0.4829,40,1,0.1319,3832.0,6,3,2,0,1.0,0
0.1731,68,0,0.6068,5484.0,9,0,0,0,2.0,0
0.0223,60,0,0.9608,5573.0,8,0,1,0,1.0,0
3.1477,21,0,0.3921,,10,0,1,0,0.0,0
1.4819,72,1,0.3862,,8,0,1,0,1.0,0
0.0457,52,0,0.0779,3017.0,7,0,0,0,0.0,0
0.0565,51,0,0.6085,,14,0,0,0,1.0,0
0.596,40,0,0.2141,2754.0,10,0,1,0,1.0,0
0.8687,70,0,0.2175,,5,0,0,0,2.0,0
3.237,59,0,0.709,16132.0,11,0,2,0,1.0,0
0.0249,50,0,0.5662,2176.0,10,0,1,0,2.0,0
0.8647,21,0,0.4509,3342.0,10,0,0,0,2.0,0
0.2519,45,0,0.2844,3306.0,5,0,0,0,1.0,0
0.3472,37,0,1.3183,8741.0,7,0,2,0,3.0,0
0.3742,47,0,0.6152,4463.0,5,0,3,0,1.0,0
8.9811,40,0,0.6891,2234.0,3,0,2,0,1.0,1
0.2884,63,0,0.5508,3747.0,7,0,0,0,0.0,0
0.4923,74,0,0.7137,4391.0,17,0,0,0,1.0,0
0.2435,51,0,0.5016,4109.0,7,0,1,0,2.0,0
0.2115,36,0,0.1886,,11,0,1,0,0.0,0
0.1117,47,0,0.9424,10363.0,11,0,2,0,0.0,0
0.69,46,0,0.576,11466.0,7,0,1,0,1.0,0
0.3432,74,0,0.4628,,11,0,0,0,0.0,0
4.8383,53,0,0.1421,3412.0,7,0,0,0,0.0,0
0.0894,72,0,0.0709,,8,0,1,0,1.0,0
0.3218,32,0,0.1156,5098.0,5,0,0,0,1.0,0
3.0344,52,0,0.3146,,14,0,1,0,0.0,0
0.3563,37,0,0.7845,,16,0,0,0,0.0,0
1.169,50,4,0.2353,4487.0,5,0,0,4,0.0,0
0.4005,59,0,0.4378,11693.0,11,0,0,0,1.0,0
0.0596,31,0,0.5716,5753.0,10,0,1,0,0.0,0
0.067,44,0,0.2245,,10,0,4,0,3.0,0
5.5682,49,0,0.7965,3271.0,11,0,0,0,0.0,0
0.2317,55,0,0.2563,,7,0,0,0,1.0,0
4.0779,30,0,0.24,8321.0,11,0,4,0,0.0,0
0.1898,58,0,0.1194,3363.0,12,0,0,0,0.0,0
0.8258,58,0,0.8332,2722.0,4,0,0,0,1.0,0
0.8891,66,0,0.241,,7,0,1,0,0.0,0
0.1112,30,0,0.8033,1660.0,11,0,2,0,0.0,0
0.0266,48,0,0.382,7001.0,9,0,0,0,0.0,0
0.3663,52,0,0.5324,2310.0,9,0,1,0,0.0,0
0.0848,55,0,0.5523,7611.0,9,0,1,0,0.0,0
2.0193,53,0,0.4853,4647.0,5,0,0,0,1.0,0
0.5399,44,0,0.9315,,13,0,2,0,0.0,0
0.1182,53,0,0.31,6781.0,11,0,1,0,0.0,0
0.2613,92,0,0.532,11293.0,5,0,1,0,1.0,0
0.2586,60,0,0.6633,4156.0,8,0,0,0,2.0,0
0.6214,30,0,1.1673,1850.0,7,0,1,0,0.0,0
0.2357,73,0,0.4024,3711.0,12,0,3,0,0.0,0
1.0192,75,0,0.2686,9095.0,6,0,1,0,0.0,0
14.4346,64,0,0.7936,,5,0,1,0,1.0,0
0.8027,70,0,1.0063,,5,0,0,0,1.0,1
0.3707,85,0,0.5779,6132.0,6,0,1,0,1.0,0
0.121,56,0,0.3654,3503.0,8,0,2,0,0.0,0
0.6582,67,0,0.4031,12205.0,7,0,2,0,1.0,0
3.7635,73,0,0.6208,,8,0,2,0,,0
0.7854,41,0,0.7051,4944.0,4,0,3,0,0.0,0
0.2778,73,0,0.2761,10256.0,8,0,0,0,2.0,1
0.3965,55,0,1.0576,3963.0,7,0,1,0,0.0,0
0.6038,66,0,0.2201,,9,0,0,0,1.0,0
1.929,65,1,0.2378,7945.0,9,0,1,0,1.0,0
0.5258,43,0,0.3529,,5,0,0,0,1.0,0
0.6595,71,0,0.1993,4498.0,9,0,1,0,2.0,0
0.0703,46,0,0.3424,5197.0,9,0,2,0,0.0,0
0.2755,56,0,0.3117,13004.0,12,0,2,0,1.0,0
0.8516,64,0,0.7278,7208.0,9,0,0,0,0.0,0
0.3564,60,0,0.8118,,6,0,2,0,0.0,0
0.0565,44,0,0.4541,12208.0,14,0,2,0,0.0,0
0.7924,34,0,0.3865,6597.0,6,0,1,0,1.0,0
0.1671,40,0,0.5281,13658.0,14,0,0,0,1.0,0
0.3646,62,0,0.6648,5564.0,10,0,1,0,1.0,0
0.3366,60,0,0.2568,10722.0,6,0,1,0,1.0,0
2.1209,49,0,0.2845,8279.0,8,0,0,0,3.0,0
0.8028,49,0,0.8021,3414.0,9,0,1,0,1.0,0
0.4155,48,0,0.2261,6751.0,8,0,2,0,0.0,0
0.8457,37,0,0.3577,6353.0,13,0,3,0,1.0,0
0.2098,65,0,0.2507,6192.0,6,0,1,0,1.0,0
0.6144,37,0,0.5574,6031.0,2,0,4,0,2.0,0
0.8151,54,1,0.2527,5541.0,8,0,0,0,1.0,0
0.2541,70,0,0.106,2683.0,9,0,3,0,1.0,0
0.3394,51,0,0.1942,,8,0,1,0,2.0,0
0.2793,74,0,0.9332,10812.0,9,0,2,0,3.0,1
0.2521,37,0,0.0787,2660.0,12,0,0,0,0.0,0
0.622,33,0,0.7796,6237.0,6,0,1,0,1.0,0
2.6326,21,0,0.2287,6186.0,5,0,0,0,0.0,0
1.0633,63,0,0.684,3654.0,6,0,1,0,1.0,0
0.3574,24,0,0.9078,9311.0,7,0,2,0,1.0,0
0.841,74,0,0.6156,,5,0,1,0,0.0,0
1.7654,76,0,0.3204,,10,0,2,0,3.0,1
0.3773,56,0,0.1994,4363.0,11,0,0,0,0.0,0
0.0128,41,0,0.4213,11335.0,5,0,0,0,3.0,0
0.3185,26,0,0.8851,1850.0,9,0,0,0,,0
4.255,58,0,0.2153,5692.0,11,0,0,0,0.0,0
0.1456,52,0,0.0826,5693.0,9,0,1,0,1.0,0
0.2428,55,0,0.4404,2858.0,12,0,0,0,1.0,0
0.7592,60,0,0.5603,3517.0,11,0,3,0,1.0,1
0.6219,37,0,0.1372,6531.0,1,0,1,0,1.0,0
0.3022,49,0,0.6545,3692.0,13,0,1,0,0.0,0
0.5616,54,0,0.6718,2849.0,9,0,2,0,2.0,0
0.2936,84,0,0.2258,7837.0,10,0,0,0,0.0,0
0.4162,63,0,0.9308,4892.0,8,0,0,0,1.0,0
0.0668,54,0,0.4867,12546.0,3,0,0,0,0.0,0
0.969,38,0,0.817,3391.0,5,0,2,0,1.0,0
0.6543,70,0,0.4258,8147.0,8,0,1,0,0.0,0
0.1161,76,0,0.0947,15127.0,14,0,1,0,0.0,0
0.0547,31,0,0.1332,,12,0,0,0,4.0,0
0.4552,26,0,0.6975,,7,0,1,0,2.0,0
0.2938,53,0,0.1026,3716.0,5,0,0,0,0.0,0
0.1864,49,0,0.2203,6255.0,8,0,0,0,1.0,0
0.4348,72,0,0.3281,3790.0,6,0,4,0,0.0,1
0.7097,36,0,0.2849,4463.0,9,0,3,0,1.0,0
0.5106,39,0,0.1536,,8,0,2,0,1.0,0
0.26,31,0,0.5421,2518.0,7,0,0,0,0.0,0
0.2633,38,0,0.1225,2406.0,7,0,0,0,2.0,0
0.9022,54,0,0.6386,,7,0,1,0,1.0,0
0.2522,31,0,0.352,4480.0,14,0,0,0,1.0,0
0.0986,95,0,0.2061,,10,0,0,0,1.0,0
0.7193,21,0,0.6172,3299.0,10,0,0,0,0.0,0
0.4047,44,0,0.136,,5,0,2,0,0.0,0
0.6544,55,0,0.7117,,10,0,3,0,2.0,0
0.257,70,0,0.3287,4590.0,11,0,1,0,2.0,0
0.0193,38,0,0.147,10390.0,4,0,2,0,0.0,0
0.4639,26,0,0.9716,5702.0,12,0,1,0,0.0,0
0.1395,38,0,0.208,8421.0,11,0,1,0,0.0,0
1.2914,78,0,0.1265,3591.0,12,0,2,0,0.0,0
0.7904,23,0,0.2376,1431.0,6,0,1,0,0.0,0
0.4789,67,0,0.7133,2238.0,9,0,0,0,,0
0.1751,56,0,0.6824,,10,0,2,0,0.0,0
0.0465,58,0,0.246,3646.0,14,0,0,0,0.0,0
0.0177,69,0,0.3659,6326.0,10,0,0,0,1.0,0
1.3883,42,0,0.457,5389.0,9,0,0,0,0.0,0
0.4558,66,0,0.3815,,13,0,0,0,1.0,0
0.2384,54,0,0.6538,6900.0,10,0,4,0,0.0,0
1.5015,34,0,0.0393,2482.0,5,0,1,0,3.0,0
2.6434,51,0,0.0731,2207.0,7,0,0,0,0.0,0
0.5954,51,0,0.6316,14674.0,6,0,2,0,0.0,0
0.0313,21,0,0.999,2145.0,8,0,0,0,1.0,0
2.7208,38,0,0.29,2644.0,13,0,0,0,0.0,0
0.3339,59,0,0.3086,4775.0,9,0,2,0,2.0,0
0.3208,54,0,0.5098,2553.0,12,0,1,2,0.0,0
0.4462,67,0,0.2623,,10,0,2,0,0.0,0
0.0337,70,0,0.5704,2791.0,11,0,0,0,0.0,0
0.4759,39,0,0.2648,,8,0,2,0,0.0,0
1.5293,42,0,0.6372,5516.0,15,0,0,0,0.0,0
0.8565,30,0,0.9023,2974.0,7,0,0,0,0.0,1
2.1491,59,0,0.3098,3919.0,5,0,2,0,1.0,0
0.7014,44,0,0.6388,2675.0,7,0,2,0,2.0,0
0.1104,68,0,0.3273,,18,0,3,0,1.0,0
0.5771,67,0,0.1754,1215.0,8,0,0,0,,0
0.2222,59,3,0.7775,4330.0,7,0,1,0,0.0,0
0.5962,46,0,0.6117,3147.0,5,0,0,0,1.0,0
0.203,67,0,0.1638,,9,0,1,0,0.0,0
0.3448,52,0,0.5815,1813.0,7,0,3,0,0.0,0
0.4414,55,0,0.2782,6616.0,11,0,0,0,0.0,0
0.1675,25,0,0.2717,4948.0,7,0,2,0,1.0,0
0.2813,57,0,0.0538,20228.0,6,0,0,0,0.0,0
0.5903,53,0,0.1772,,6,0,2,0,0.0,0
0.9619,50,0,0.1681,4085.0,8,0,1,0,1.0,0
0.6657,44,0,0.2264,3784.0,8,0,0,0,3.0,0
0.2936,30,0,0.3421,,6,0,0,0,0.0,0
2.2339,51,0,0.4989,3331.0,9,0,1,0,0.0,0
0.6116,22,0,0.3708,2411.0,4,0,0,0,0.0,0
0.2169,49,0,0.3304,5563.0,6,0,1,0,0.0,0
0.08,44,0,0.1522,5770.0,3,0,0,0,0.0,0
0.1913,70,0,0.7931,,11,0,2,0,1.0,0
0.2313,78,0,0.7701,,9,0,0,0,2.0,0
1.4025,31,0,0.3679,5648.0,9,0,0,0,0.0,0
0.6694,63,0,0.2146,3213.0,10,0,1,0,0.0,1
0.1335,43,0,0.4954,7147.0,6,0,1,0,1.0,0
0.46,45,0,0.4855,1161.0,10,0,3,0,1.0,0
0.8983,45,0,0.1496,2567.0,5,0,0,0,1.0,0
0.2128,70,0,0.3002,11391.0,6,0,1,0,0.0,0
0.3674,50,0,0.3953,11781.0,2,2,3,0,4.0,0
0.3863,58,0,0.223,4380.0,4,0,1,0,1.0,0
0.5276,29,0,0.9725,,7,0,0,0,0.0,0
3.8717,36,1,0.2858,,9,0,0,0,0.0,0
1.5334,44,0,0.5569,6121.0,8,0,2,0,1.0,0
0.5641,52,0,0.56,7984.0,6,0,0,0,1.0,0
0.6174,61,0,0.1269,1948.0,4,0,1,0,1.0,0
2.6703,44,0,0.6002,6347.0,3,0,0,0,1.0,0
0.2713,72,0,0.7814,3407.0,9,0,0,0,0.0,0
0.1062,48,0,0.5216,10761.0,7,0,0,0,1.0,0
0.3377,42,0,1.162,11498.0,9,0,0,0,0.0,0
0.2813,64,0,0.6574,8209.0,14,0,1,0,2.0,0
2.3271,62,0,0.0903,9218.0,8,0,1,0,0.0,1
0.5391,27,0,0.0797,7277.0,8,0,0,0,3.0,0
0.0144,74,0,0.3401,1926.0,6,0,1,0,0.0,0
0.2762,44,2,0.3778,5291.0,12,0,0,1,0.0,0
0.7576,49,0,0.4818,,8,0,1,0,1.0,0
1.1655,40,0,0.0367,9275.0,8,0,2,0,0.0,0
0.2959,46,0,0.2748,4288.0,9,0,0,0,0.0,0
0.3369,28,0,0.5436,8042.0,10,0,0,0,1.0,0
0.6062,56,0,0.1789,5450.0,12,0,0,0,1.0,0
0.3863,43,0,0.4162,8231.0,8,0,0,0,1.0,0
0.1315,47,0,0.3745,9051.0,7,0,1,0,0.0,0
0.9383,66,0,0.8933,5433.0,9,0,0,0,1.0,0
0.16,58,0,0.6302,5445.0,10,0,2,0,1.0,0
0.8655,52,0,0.6245,6165.0,3,0,2,0,3.0,0
0.7806,79,0,0.1567,5295.0,8,0,3,0,1.0,0
0.0649,35,0,0.3594,7739.0,11,0,2,0,1.0,0
1.1018,53,3,0.2536,7567.0,11,0,1,1,2.0,0
0.096,70,0,0.6075,3595.0,6,0,0,0,0.0,0
0.213,73,0,0.6232,3109.0,5,0,1,2,0.0,0
0.1636,31,0,0.3899,3375.0,7,0,1,0,,0
0.2803,41,0,0.8439,,12,0,0,0,2.0,0
0.5504,68,0,0.7246,,7,0,2,0,2.0,0
0.127,45,0,0.56,2820.0,9,0,1,0,1.0,0
0.6952,53,0,0.6526,2183.0,14,0,2,0,0.0,0
0.089,45,0,1.1915,4712.0,4,0,2,0,0.0,0
0.038,52,0,0.395,20637.0,12,0,2,0,1.0,0
1.0268,21,0,0.7576,6427.0,7,0,1,0,0.0,0
0.6521,46,0,0.1348,10051.0,8,0,1,0,0.0,0
0.5177,51,0,0.7664,5966.0,5,0,2,0,0.0,0
0.4546,46,0,0.4754,7518.0,3,0,0,0,2.0,0
0.234,54,0,0.0799,2512.0,5,0,0,0,2.0,0
0.3227,33,0,0.3565,17956.0,11,0,0,0,0.0,0
0.1394,56,0,0.6741,2499.0,6,0,0,0,1.0,0
0.3287,75,0,0.371,4503.0,5,0,0,0,0.0,0
0.4624,70,0,0.74,,9,0,1,0,0.0,0
0.4089,62,0,0.534,9966.0,8,0,0,0,1.0,0
0.7118,56,0,0.3235,9819.0,5,0,1,0,0.0,0
0.2292,42,0,0.7251,6942.0,9,0,1,0,1.0,0
3.5058,45,0,0.9599,8714.0,5,0,1,0,1.0,0
0.1236,64,0,0.3664,11323.0,11,0,0,0,0.0,0
0.3559,50,0,0.3344,7581.0,6,0,0,0,0.0,0
3.8939,82,0,0.2041,,7,0,0,0,1.0,1
0.8377,28,0,0.562,5342.0,10,0,0,0,0.0,0
0.3568,49,0,0.2707,3215.0,10,0,0,0,2.0,0
0.0071,44,0,0.8029,7630.0,10,0,2,0,1.0,0
1.2049,63,0,0.3332,16421.0,10,0,0,0,2.0,0
1.1145,66,0,0.3956,7030.0,6,0,1,0,2.0,0
0.7422,34,0,0.5791,,8,0,2,0,2.0,0
0.5148,33,0,1.1085,5938.0,12,0,1,0,0.0,0
0.2382,41,0,0.6639,4934.0,8,0,1,0,2.0,0
0.4064,60,0,0.5084,2645.0,10,0,2,0,0.0,0
0.3254,58,0,0.0631,,9,0,2,0,1.0,0
0.4332,29,0,0.4043,5232.0,7,0,2,0,1.0,0
0.0736,56,0,0.6729,2300.0,7,0,0,0,2.0,0
0.8901,54,0,0.2018,7426.0,8,0,2,0,0.0,0
0.8938,51,0,0.6295,1169.0,7,0,2,0,0.0,0
0.4182,60,0,0.3889,9916.0,9,0,1,0,0.0,0
0.6325,55,0,0.2473,1512.0,10,0,1,0,0.0,0
0.5962,53,0,0.4436,5375.0,6,0,2,0,0.0,0
0.4413,68,0,0.5076,11292.0,9,0,2,0,2.0,0
4.2402,73,0,0.1874,7089.0,9,0,3,0,0.0,0
0.5095,46,0,0.651,,11,0,1,0,0.0,0
0.4102,51,0,0.1931,5391.0,5,0,0,0,0.0,0
1.0817,61,1,0.5533,,12,0,1,0,2.0,0
0.1041,49,0,0.2465,9566.0,6,0,2,0,0.0,0
0.5353,62,0,0.0825,3108.0,10,0,0,0,,0
0.3784,54,0,0.1029,,11,0,0,0,1.0,0
1.1554,63,0,0.1311,2609.0,4,0,1,0,4.0,0
0.099,61,0,0.4517,8380.0,10,0,0,0,0.0,0
0.2995,51,0,0.3943,8853.0,16,0,2,0,0.0,0
0.5313,65,0,0.5306,5124.0,6,0,1,0,0.0,0
0.4739,62,0,0.6662,,7,0,3,0,0.0,0
0.1142,84,0,0.2412,4152.0,3,0,1,0,0.0,0
0.5384,26,1,0.3865,,7,0,0,2,0.0,0
0.0002,61,0,0.204,9968.0,10,0,0,0,1.0,0
1.5359,67,0,0.4803,6694.0,8,0,1,0,1.0,0
1.8947,83,0,0.5827,6206.0,8,0,1,0,0.0,0
0.8445,45,0,0.6534,15356.0,5,0,0,0,1.0,0
0.3955,54,0,0.2673,4599.0,6,0,0,0,0.0,0
0.3872,46,0,1.0696,,11,0,0,0,0.0,0
0.0503,77,0,0.2149,5050.0,8,0,0,0,0.0,0
0.2334,41,0,0.555,5468.0,8,0,1,0,0.0,0
0.0789,45,0,0.6821,3897.0,6,0,1,0,3.0,0
0.3205,32,0,0.2638,6588.0,10,0,0,0,2.0,0
0.5322,21,0,0.2642,5144.0,5,0,0,0,3.0,1
1.063,52,0,1.0002,5721.0,8,0,1,0,,0
0.5363,51,0,0.0877,5071.0,7,0,1,0,0.0,0
0.6128,49,0,0.0754,3671.0,10,0,1,0,0.0,0
0.6956,61,0,0.4029,9030.0,3,0,0,0,0.0,0
0.095,63,0,0.7818,,11,0,0,0,1.0,0
0.4263,42,0,0.254,2348.0,2,0,2,0,0.0,0
0.1038,53,0,0.3095,16762.0,10,0,1,0,0.0,0
0.1537,50,1,0.5832,5641.0,9,1,2,2,0.0,0
2.3131,52,0,0.3641,3774.0,11,0,3,0,1.0,0
0.3928,73,0,0.3417,7082.0,13,0,1,0,2.0,0
0.2396,58,0,0.1493,5348.0,12,0,1,0,1.0,0
0.183,67,0,0.3307,,9,0,1,0,0.0,0
2.0559,49,0,0.7581,10198.0,2,0,2,0,1.0,0
0.3546,36,0,0.4911,,11,0,0,0,1.0,0
0.5391,67,0,0.3325,4883.0,9,0,1,0,0.0,0
0.4587,62,0,0.6801,11372.0,13,0,2,0,1.0,0
0.2195,45,0,0.1887,,12,0,0,0,1.0,0
1.3235,49,0,0.1664,,10,0,0,0,0.0,0
0.4066,60,0,0.1522,5499.0,2,0,3,0,1.0,0
0.4117,57,0,0.2751,7748.0,11,0,1,0,2.0,0
0.1491,50,0,0.2995,3891.0,11,0,0,0,0.0,0
0.4431,37,0,0.1259,,11,0,2,0,0.0,1
0.6807,79,0,0.105,4146.0,13,0,0,0,2.0,0
0.3379,52,0,0.1174,,8,0,2,0,2.0,0
2.136,68,0,0.5778,3392.0,5,0,3,0,,0
0.6251,21,0,0.1739,,6,0,0,0,1.0,0
0.0563,35,0,0.178,,4,0,1,0,1.0,0
0.0918,67,0,0.7763,6405.0,4,0,1,0,0.0,0
0.0988,49,0,0.4696,4773.0,13,0,3,0,0.0,0
0.8478,67,0,0.6941,9198.0,10,0,1,0,1.0,0
0.3851,44,0,0.2941,5252.0,9,0,1,0,3.0,0
0.013,50,0,0.0929,864.0,13,0,0,0,0.0,0
0.4792,41,0,0.1255,,10,0,2,0,0.0,0
0.0528,66,0,0.781,,6,0,2,0,1.0,0
1.0116,47,0,0.2225,4944.0,9,0,1,0,2.0,0
0.0252,64,0,0.6799,16464.0,10,0,2,0,2.0,0
0.6171,73,0,0.5391,6821.0,10,0,0,0,0.0,0
0.6462,49,0,0.4708,,12,0,1,0,4.0,0
0.2601,51,0,0.5344,4178.0,13,0,1,0,2.0,0
0.6066,45,0,0.4541,4607.0,9,0,0,0,1.0,0
3.2472,80,0,0.6409,7158.0,4,0,0,0,1.0,0
0.269,50,1,0.3207,6093.0,15,0,2,0,0.0,0
0.1764,49,0,0.6311,,6,0,1,0,3.0,0
0.0507,36,0,0.7683,3270.0,9,0,2,0,1.0,0
0.3022,44,0,0.4821,4010.0,4,0,0,0,1.0,0
0.9531,46,0,0.9756,8218.0,4,0,0,0,1.0,0
0.9844,67,0,0.3846,7559.0,10,0,1,0,0.0,0
0.7617,48,0,0.3531,19821.0,11,0,3,0,0.0,0
0.363,47,0,0.3301,2522.0,6,0,2,0,1.0,0
0.2164,63,0,0.5602,5080.0,10,0,1,0,1.0,0
1.9849,52,0,0.6748,1895.0,6,0,0,0,2.0,0
0.395,37,0,0.6978,1809.0,6,0,1,0,1.0,0
0.5993,74,0,0.6785,,3,0,3,0,1.0,1
0.1548,44,0,0.4817,7622.0,3,0,2,0,1.0,0
0.3215,56,0,0.531,9965.0,5,0,1,0,0.0,0
0.0403,58,0,0.2861,5869.0,7,0,1,0,1.0,0
0.3024,21,0,0.6142,3735.0,8,0,0,0,0.0,0
2.3695,47,0,0.4685,,9,0,1,0,0.0,0
0.115,44,0,0.5964,4569.0,10,0,0,0,1.0,0
1.2114,35,0,0.8111,6626.0,4,0,0,0,0.0,0
3.964,50,0,0.3485,3425.0,7,0,1,0,0.0,0
4.2826,54,0,1.2418,12266.0,6,0,0,0,2.0,0
1.7449,60,0,0.9072,4542.0,9,0,1,0,2.0,0
0.3724,54,0,0.4051,,12,0,0,0,0.0,0
0.5623,51,0,0.3388,,6,0,1,0,1.0,0
0.4076,74,0,0.4274,,6,0,1,0,1.0,0
6.6802,47,2,1.3196,3481.0,8,0,0,1,0.0,0
0.0618,28,0,0.9332,7871.0,6,0,1,0,0.0,0
1.8979,41,0,0.15,6285.0,5,0,1,0,1.0,0
0.4551,68,0,0.8904,,6,0,1,0,1.0,0
0.0013,49,0,0.807,2364.0,7,0,2,0,3.0,0
0.1461,40,0,0.2119,7399.0,6,0,0,0,2.0,0
0.3812,62,0,0.4601,9000.0,8,0,2,0,1.0,0
0.3487,74,1,0.164,6254.0,8,0,1,1,0.0,0
0.2908,49,0,0.9191,6149.0,8,0,1,0,1.0,0
4.2838,61,0,0.5353,3059.0,7,0,0,0,2.0,1
1.0344,73,0,0.225,4487.0,10,0,0,0,2.0,0
0.7021,81,0,0.0368,,5,0,0,0,1.0,1
0.528,60,0,0.6102,5777.0,7,0,1,0,0.0,0
0.5265,51,0,0.3393,7042.0,8,0,1,0,0.0,0
0.3958,51,0,0.3332,,8,0,0,0,2.0,0
0.737,22,0,0.351,1419.0,5,0,0,0,2.0,0
0.5681,34,0,0.5789,,4,0,1,0,1.0,1
0.6218,59,0,0.7464,6429.0,11,0,0,0,1.0,0
0.2256,89,0,0.4458,15660.0,4,0,4,0,0.0,0
0.4574,44,0,0.7889,,9,0,0,0,0.0,1
0.461,49,0,0.2898,5643.0,10,0,1,1,1.0,0
0.5409,58,0,0.9919,4584.0,4,0,0,0,1.0,0
0.1078,74,0,0.7228,,6,0,3,0,1.0,0
0.096,40,0,0.6093,5566.0,10,0,1,0,1.0,0
0.1704,46,0,0.2984,7077.0,12,0,0,0,1.0,0
0.0158,52,0,0.3686,2178.0,9,0,2,0,1.0,0
0.2199,54,0,0.2188,3717.0,7,0,2,0,1.0,0
0.2946,55,0,0.611,4862.0,5,0,0,0,1.0,0
0.2731,58,0,0.3639,7354.0,8,0,1,0,1.0,0
0.0491,61,0,0.4854,,8,0,0,0,0.0,0
1.4188,57,0,0.2291,7592.0,10,0,2,0,1.0,0
1.8766,53,0,0.4005,2320.0,7,0,1,0,1.0,0
0.1496,33,0,0.287,7191.0,2,0,0,0,0.0,0
0.8577,34,2,0.0422,10253.0,8,0,2,1,0.0,0
0.3546,42,1,0.3434,4608.0,8,0,0,2,1.0,0
0.0237,68,0,0.2245,8232.0,8,0,0,0,1.0,0
0.0455,73,0,0.1493,,9,0,2,0,1.0,0
9.4291,34,0,0.7046,3509.0,6,0,0,0,0.0,1
0.1556,66,0,0.259,10541.0,11,0,1,0,1.0,0
0.2144,31,0,0.8469,6465.0,8,0,1,0,3.0,0
0.0375,61,0,0.3047,5752.0,15,0,0,0,1.0,0
0.0391,46,0,0.2198,9191.0,10,0,2,0,1.0,0
0.2971,23,0,0.3634,4401.0,6,0,1,0,1.0,0
0.2853,39,0,0.8568,4795.0,8,0,2,0,0.0,0
0.1786,44,0,0.3614,,8,0,2,0,4.0,0
0.9584,59,3,0.7671,15844.0,11,0,0,0,1.0,0
0.6038,52,0,1.0464,,5,0,0,0,,1
0.4345,51,0,0.2568,,13,0,1,0,,0
0.7745,49,0,0.0917,7490.0,6,0,1,0,0.0,0
0.073,67,0,0.7956,3704.0,6,0,0,0,1.0,0
0.3199,39,0,1.2001,9458.0,10,0,1,0,1.0,0
0.4486,60,0,1.0422,9080.0,10,0,2,0,0.0,0
0.0068,86,0,0.5102,12657.0,9,0,1,0,0.0,0
0.2446,60,0,0.6007,11843.0,10,0,0,0,2.0,0
0.3352,60,0,0.4466,5928.0,10,0,1,0,0.0,0
2.7062,43,3,0.3784,5313.0,7,0,0,2,1.0,0
0.5214,81,0,0.502,4569.0,9,0,0,0,,0
0.0544,42,0,0.5561,2572.0,9,0,2,0,0.0,0
0.118,51,0,0.4705,5422.0,5,0,0,0,1.0,0
0.4426,22,0,0.742,3763.0,13,0,2,0,2.0,1
0.453,43,0,0.4218,10265.0,8,0,0,0,3.0,0
0.2932,63,0,0.387,5028.0,10,0,0,0,2.0,0
0.6428,51,0,0.5584,7443.0,9,0,1,0,2.0,0
0.4377,67,0,0.4731,3933.0,5,0,1,0,0.0,0
1.175,55,0,0.4283,37210.0,6,0,0,0,1.0,0
0.2471,59,1,0.666,12472.0,5,0,1,0,1.0,0
3.8374,66,1,0.1025,,9,2,1,0,0.0,0
2.5149,30,0,0.3329,3923.0,7,0,0,0,1.0,0
1.2162,64,0,0.7405,,4,0,1,0,0.0,0
0.5313,47,0,0.8254,19639.0,6,0,2,0,1.0,0
0.235,46,0,0.5378,4234.0,10,0,0,0,0.0,0
1.0987,37,0,0.4492,,7,0,0,0,2.0,0
0.1839,59,0,0.2256,10707.0,8,0,0,0,0.0,0
0.7777,54,0,0.4785,2848.0,6,0,1,0,1.0,0
0.8335,64,0,0.5618,3479.0,8,0,1,0,0.0,0
0.1486,31,0,0.2395,4349.0,7,0,0,0,0.0,0
0.2261,67,0,0.7244,10265.0,6,0,1,0,2.0,0
0.072,59,0,0.7623,21385.0,6,0,1,0,0.0,0
0.2807,40,0,0.336,,4,0,3,0,1.0,0
0.7346,66,0,0.2578,22693.0,7,0,0,0,1.0,0
0.0936,58,0,0.7005,11064.0,8,0,0,0,2.0,0
0.0109,34,0,0.5695,6703.0,5,0,3,0,3.0,0
0.1364,55,0,0.4157,9528.0,9,0,0,0,2.0,0
2.647,21,0,0.1581,,4,0,2,0,0.0,0
0.7489,62,0,0.2341,2959.0,7,0,0,0,2.0,0
0.0094,43,2,0.556,10334.0,7,0,1,0,2.0,0
1.1378,29,0,0.2694,14240.0,8,0,1,0,2.0,1
0.8696,21,4,0.2489,3896.0,9,0,1,1,0.0,0
0.1145,56,0,0.6067,6351.0,7,0,1,0,0.0,0
0.0388,50,0,0.7051,7539.0,7,0,1,0,1.0,0
0.4264,47,0,0.2033,5581.0,7,0,0,0,1.0,0
0.3921,56,0,0.0637,4085.0,4,0,1,0,2.0,0
0.0741,52,0,0.975,,7,0,4,0,0.0,0
1.9191,62,0,0.4387,11066.0,10,0,0,0,0.0,0
4.7029,52,0,0.5397,12517.0,10,0,0,0,1.0,0
0.8216,45,0,0.7005,3699.0,5,0,0,0,2.0,0
7.9534,46,0,0.6894,3445.0,8,0,2,0,0.0,0
0.3105,55,0,0.7447,7077.0,11,0,0,0,1.0,0
0.049,58,0,0.4515,3454.0,9,0,0,0,3.0,0
0.0691,44,0,1.0532,4380.0,5,0,0,0,2.0,0
0.3184,45,0,0.5425,5566.0,12,0,1,0,2.0,0
0.336,56,0,0.6547,2272.0,7,0,0,0,0.0,0
0.732,57,0,0.2204,,9,0,0,0,0.0,0
1.5847,39,2,1.1539,1702.0,10,1,1,0,0.0,0
1.3937,34,0,0.817,4606.0,9,0,1,0,0.0,1
0.0876,53,0,0.0572,13926.0,13,0,0,0,3.0,0
2.1142,59,0,0.6262,,7,0,0,0,0.0,0
1.9259,56,0,0.329,,13,0,1,0,0.0,0
0.1726,32,0,0.4475,3729.0,12,0,2,0,0.0,0
0.031,57,0,0.257,,8,0,1,0,,0
0.5884,64,0,0.4096,4962.0,6,0,0,0,1.0,0
0.0944,46,0,0.7812,,4,0,3,0,2.0,0
0.5908,43,0,0.9778,5280.0,7,0,0,0,0.0,0
0.1719,68,0,0.7066,7439.0,9,0,1,0,0.0,0
0.282,67,0,0.7825,6592.0,9,0,1,0,1.0,0
0.1615,39,0,0.2475,13946.0,7,0,1,0,0.0,0
0.401,55,0,0.3627,6073.0,8,0,2,0,0.0,0
1.0661,37,0,0.9147,7472.0,7,0,1,0,0.0,0
0.0713,58,0,0.3955,7554.0,8,0,2,0,0.0,0
1.4471,45,0,1.1018,2946.0,10,0,0,0,0.0,1
0.2179,38,0,0.1692,4335.0,8,0,2,0,0.0,0
1.3961,32,0,1.1373,,10,0,1,0,1.0,1
0.0311,69,0,0.3823,6075.0,8,0,1,0,1.0,0
0.8012,45,0,0.5374,7169.0,9,0,0,0,2.0,0
2.9304,95,0,0.2057,9718.0,10,0,1,0,1.0,0
0.0257,72,0,0.8124,4316.0,8,0,0,0,2.0,0
0.4899,70,0,1.1077,,7,0,0,0,1.0,1
0.6741,23,0,0.5064,2551.0,7,0,2,0,0.0,1
0.0378,50,3,0.5299,,6,0,0,3,1.0,0
0.7182,23,0,1.1609,10681.0,8,0,0,0,3.0,0
0.2692,59,0,0.2493,7979.0,4,0,0,0,3.0,0
0.6773,51,0,0.3532,3181.0,3,0,1,0,1.0,0
0.6312,73,0,0.3694,9043.0,8,0,0,0,1.0,0
0.1393,37,0,0.2009,7010.0,7,0,0,0,1.0,0
0.1149,59,0,0.5161,3175.0,12,0,0,0,0.0,0
1.2822,53,0,0.5744,,6,0,0,0,2.0,0
1.6662,52,0,1.3628,9117.0,7,0,2,0,1.0,0
0.7045,63,0,0.6965,2769.0,6,0,0,0,1.0,0
0.4338,59,0,0.7303,6092.0,9,0,3,0,0.0,0
0.138,64,0,0.0928,5467.0,10,0,0,0,0.0,0
0.4425,60,0,0.1989,1427.0,5,0,0,0,0.0,0
0.2842,57,0,0.6372,10256.0,4,0,2,0,1.0,0
0.0194,42,0,0.4995,8536.0,7,0,2,0,0.0,0
0.4597,48,0,0.7095,,9,0,0,0,0.0,0
0.1858,37,0,0.5456,,6,0,1,0,0.0,0
0.4708,48,0,0.3224,13183.0,9,0,0,0,1.0,0
0.4742,58,0,0.2425,9784.0,8,0,0,0,2.0,0
0.9634,32,0,0.0969,6357.0,7,0,0,0,1.0,0
0.163,63,0,0.3098,3258.0,10,0,0,0,1.0,0
0.047,48,0,0.2222,13586.0,9,0,0,0,0.0,0
2.2797,50,0,0.8548,11646.0,13,0,0,0,1.0,0
0.3063,52,0,0.4788,,14,0,2,0,0.0,0
0.2425,54,0,0.3447,8802.0,6,0,0,0,0.0,0
2.9625,21,0,0.428,5443.0,7,0,3,0,0.0,0
2.1972,51,0,0.868,3901.0,8,0,0,0,0.0,0
0.3754,42,0,0.426,,8,0,1,0,3.0,0
0.4738,48,0,0.476,9275.0,8,0,2,0,0.0,0
0.1547,63,0,0.2163,5609.0,8,0,0,0,0.0,0
3.3855,45,0,0.5251,,2,0,2,0,2.0,0
0.3353,41,0,0.7843,,3,0,1,0,,0
0.7393,56,0,0.4957,5660.0,9,0,1,0,1.0,0
0.4757,35,0,0.6099,6720.0,7,0,1,0,0.0,0
0.2263,69,0,0.7472,11677.0,4,0,2,0,0.0,0
2.2014,79,0,0.6058,2813.0,10,0,3,0,0.0,0
0.5287,33,0,0.3999,8217.0,2,0,1,0,0.0,0
0.1224,61,0,0.469,4317.0,13,0,0,0,1.0,0
0.6949,73,0,0.8694,12980.0,8,0,1,0,0.0,0
0.0587,45,0,0.4874,1997.0,6,0,1,0,1.0,0
1.7038,44,0,0.4896,9133.0,9,0,1,0,0.0,0
0.0495,44,0,1.4436,3116.0,4,0,1,0,0.0,0
0.238,69,0,0.8754,2578.0,9,0,0,0,1.0,0
0.8177,71,0,0.8119,5238.0,8,0,0,0,1.0,0
0.6142,48,0,0.1699,7145.0,7,0,2,0,1.0,0
0.2962,73,0,0.4896,10518.0,8,0,0,0,0.0,0
0.1017,35,0,0.1649,2754.0,7,0,2,0,1.0,0
0.6695,59,0,0.3174,3855.0,6,0,2,0,0.0,0
0.4298,40,0,0.3127,,9,0,1,0,0.0,0
0.2116,54,0,0.744,5424.0,8,0,0,0,0.0,0
1.9173,47,0,0.9564,2035.0,7,0,2,0,3.0,0
0.1103,37,0,0.3386,15010.0,11,0,0,0,0.0,0
1.4763,57,0,0.5197,8749.0,6,0,1,0,1.0,0
0.192,35,0,0.3964,,15,0,2,0,0.0,0
0.2162,62,0,0.1459,10966.0,7,0,0,0,1.0,0
1.2352,62,0,0.1346,4491.0,6,0,1,0,1.0,0
0.5634,54,0,0.6752,,9,0,0,0,1.0,0
0.064,48,0,0.6175,1752.0,9,0,2,0,1.0,0
0.3119,62,0,0.2196,7820.0,8,0,0,0,1.0,0
0.7009,63,0,0.3846,,11,0,2,0,1.0,0
0.0596,45,3,0.5289,,9,0,1,0,0.0,0
0.7444,54,0,0.3902,3254.0,6,0,0,0,1.0,0
0.0326,46,0,1.1299,,11,0,0,0,0.0,0
0.5859,58,0,0.4552,8211.0,9,0,2,0,2.0,0
0.6333,42,0,0.3364,7119.0,10,0,2,0,1.0,0
0.2442,55,0,0.3934,7406.0,9,0,0,0,0.0,0
0.1926,51,0,0.5758,7204.0,7,0,0,0,0.0,0
0.6315,64,0,0.8109,4201.0,8,0,0,0,2.0,0
0.3392,44,1,0.2583,5162.0,11,0,0,0,1.0,0
0.3327,56,0,0.7239,4862.0,4,0,1,0,0.0,0
1.3614,46,0,0.2997,6238.0,10,0,1,0,0.0,0
0.5323,31,0,0.4699,21808.0,7,0,1,0,2.0,0
0.1603,48,0,0.4475,4134.0,7,0,0,0,2.0,0
0.1155,61,0,0.7789,2476.0,15,0,3,0,,0
5.0038,61,0,0.0969,4084.0,6,0,2,0,0.0,0
2.5968,43,0,0.2634,4552.0,8,0,1,0,0.0,0
1.2211,66,0,0.2261,8963.0,10,0,0,0,1.0,0
0.3553,70,0,0.3785,2659.0,11,0,2,0,0.0,0
0.1259,39,0,0.6554,4144.0,11,0,1,0,0.0,0
0.1429,54,0,0.2503,3673.0,11,0,3,0,0.0,0
0.1279,67,0,0.4822,2002.0,8,0,0,0,2.0,0
0.0725,70,0,0.5054,1449.0,7,0,1,0,0.0,0
0.109,55,0,0.4533,5677.0,12,0,0,0,1.0,0
0.1659,68,0,0.9105,,6,0,1,0,0.0,0
0.055,70,0,0.2227,5168.0,11,0,1,0,1.0,0
0.176,60,0,0.6105,4180.0,4,0,0,0,1.0,0
0.143,48,0,0.2262,3575.0,6,0,3,0,0.0,0
0.3784,57,0,0.9037,,4,0,1,0,0.0,0
0.3916,43,0,0.5089,5857.0,9,0,2,0,4.0,0
0.0744,43,0,0.0635,2405.0,7,0,0,0,1.0,0
0.284,30,0,1.2391,,10,0,2,0,0.0,0
0.2217,64,0,0.1974,,7,0,2,0,2.0,0
0.2379,67,0,0.0763,5852.0,11,0,0,0,0.0,0
0.4165,26,0,0.4153,2652.0,5,0,1,0,0.0,0
3.0336,45,0,0.7351,,10,0,2,0,0.0,0
1.8018,43,0,0.8178,2309.0,8,0,1,0,0.0,0
1.2149,59,0,0.1819,2864.0,9,0,1,0,0.0,0
0.623,52,0,0.3046,8387.0,10,0,0,0,0.0,0
0.2164,61,0,0.419,11674.0,8,0,1,0,0.0,0
0.2106,52,0,0.7489,,8,0,1,0,1.0,0
0.229,56,0,0.0216,10958.0,10,0,1,0,0.0,1
1.13,53,0,0.2622,7398.0,3,0,1,0,0.0,0
0.4486,68,0,0.1452,5213.0,8,0,2,0,0.0,0
0.367,38,0,0.6464,,8,0,1,0,2.0,0
0.7648,41,0,0.2426,1692.0,6,0,1,0,1.0,0
0.3616,40,0,0.6452,8188.0,8,0,0,0,2.0,0
0.1504,58,0,0.0716,4263.0,7,0,0,0,2.0,0
2.8405,29,0,0.3193,4575.0,13,0,0,0,0.0,0
3.0771,25,0,0.5146,5199.0,8,0,0,0,0.0,1
1.1468,62,2,0.6828,3201.0,10,0,2,0,3.0,0
0.2236,33,0,0.1913,3113.0,4,0,1,0,0.0,0
0.4047,39,0,0.3004,6424.0,7,0,2,0,0.0,0
0.6016,33,0,0.4306,9816.0,8,0,1,0,1.0,0
0.2919,42,0,0.6325,10769.0,7,0,1,0,0.0,0
8.6342,93,0,0.6075,5220.0,13,0,0,0,2.0,0
0.4192,47,0,0.121,3948.0,7,0,3,0,1.0,0
0.108,52,0,0.5738,4765.0,12,0,1,0,0.0,0
0.5673,38,0,0.6667,9344.0,7,0,2,0,1.0,0
0.1024,50,0,0.5606,3309.0,8,0,0,0,2.0,0
0.6171,66,0,0.1529,,10,0,1,0,1.0,0
0.0814,53,0,0.1616,5128.0,8,0,3,0,0.0,0
0.1909,80,0,0.5528,4176.0,7,0,1,0,0.0,0
2.7596,41,1,0.4027,4404.0,8,0,1,0,1.0,0
0.9642,22,0,0.4874,5327.0,10,0,3,0,2.0,0
0.419,58,4,0.2401,7470.0,7,0,2,1,1.0,0
0.5291,58,0,0.6254,,3,0,1,0,1.0,1
0.2987,53,0,0.2565,8079.0,8,0,2,0,1.0,0
0.2237,33,0,0.2018,,5,0,2,0,0.0,0
0.679,44,0,0.3531,9920.0,7,0,0,0,0.0,0
0.0431,55,0,0.4336,4254.0,12,0,3,0,0.0,0
1.0385,55,0,0.6059,4223.0,7,0,1,0,0.0,0
0.7961,61,0,0.4231,3686.0,6,0,0,0,2.0,0
0.6237,38,1,0.2177,2078.0,9,2,2,0,0.0,0
0.1019,25,0,0.1734,,8,0,0,0,1.0,0
0.0881,49,0,0.3364,,11,0,1,0,1.0,0
0.6029,61,0,0.555,8987.0,8,0,3,0,1.0,0
0.18,33,0,0.3965,1877.0,8,0,0,0,2.0,0
0.2363,74,0,0.0561,4620.0,4,0,0,0,2.0,0
0.4664,47,0,0.1114,2781.0,10,0,1,0,0.0,0
1.0631,68,0,0.5118,4801.0,9,0,0,0,,0
0.7174,77,0,0.462,2867.0,6,0,0,0,0.0,1
0.1707,29,0,0.3842,5857.0,9,0,1,0,1.0,0
0.4607,59,0,0.2364,11425.0,12,0,1,0,0.0,0
0.6237,77,0,0.4246,7595.0,9,0,2,0,1.0,0
1.3905,46,0,0.1792,2387.0,7,0,0,0,0.0,0
0.0345,79,0,0.4031,6512.0,11,0,0,0,1.0,0
0.3792,66,0,0.8089,,5,0,1,0,2.0,0
0.726,47,0,0.0846,4078.0,7,0,1,0,0.0,0
1.3503,51,0,0.4343,6411.0,9,0,0,0,1.0,0
0.8397,30,0,0.6266,,6,0,0,0,0.0,1
0.0176,42,0,0.728,7302.0,9,0,2,0,0.0,0
0.5213,61,0,0.8679,7373.0,6,0,1,0,1.0,0
0.1047,48,0,0.5557,3782.0,10,0,3,0,0.0,0
0.1286,57,0,0.5371,24828.0,7,0,0,0,2.0,0
0.1313,68,0,0.5501,5645.0,7,0,0,0,1.0,0
0.1996,68,0,0.0934,6481.0,2,0,4,0,1.0,0
1.2181,58,2,0.3086,11138.0,3,0,0,0,0.0,0
2.1382,44,0,0.1309,19791.0,4,0,1,0,,0
1.7069,55,0,0.1393,6401.0,8,0,1,0,0.0,0
0.3726,55,0,0.3902,,11,0,0,0,3.0,0
0.6106,43,0,0.3445,5476.0,9,0,0,0,0.0,0
0.0973,57,0,0.3864,2538.0,9,0,0,0,0.0,0
0.293,41,0,0.7251,10124.0,9,0,2,0,0.0,0
0.8969,52,0,0.4496,,8,0,1,0,3.0,0
0.4332,44,0,0.5393,4542.0,6,0,0,0,2.0,0
0.0698,45,0,0.2779,3486.0,14,0,1,0,1.0,0
0.7187,65,1,0.3801,3768.0,12,1,2,0,0.0,0
1.0614,65,1,0.3624,5729.0,9,0,2,0,1.0,0
0.2526,50,0,0.5947,5021.0,8,0,1,0,0.0,0
0.2058,70,1,0.0601,,6,0,0,0,0.0,0
6.4494,62,0,0.1843,6364.0,4,0,3,0,1.0,0
1.6433,60,0,0.6297,6649.0,10,0,2,0,,0
0.5237,51,0,0.3274,,14,0,2,0,0.0,0
2.1136,61,0,0.4629,7997.0,5,0,1,0,2.0,0
0.025,46,0,0.2369,6546.0,10,0,0,0,0.0,0
0.1439,55,0,0.7707,9467.0,13,0,3,0,1.0,0
1.4367,69,0,0.7534,4593.0,3,0,0,0,0.0,0
0.3884,65,0,0.2189,7653.0,7,0,0,0,1.0,0
0.4122,44,0,0.3853,7117.0,8,0,1,0,0.0,0
0.6302,67,0,0.8679,14308.0,14,0,0,0,1.0,0
0.273,35,0,0.2187,10820.0,4,0,0,0,0.0,0
0.4834,52,0,0.7194,,6,0,1,0,2.0,1
0.2434,68,0,0.3727,2629.0,7,0,1,0,0.0,0
0.848,41,0,0.5198,,6,0,0,0,2.0,0
0.0799,57,0,0.5917,5088.0,8,0,1,0,0.0,0
0.6332,59,1,0.267,6352.0,12,0,1,0,0.0,0
0.1319,70,0,0.3885,3604.0,3,0,0,0,0.0,0
0.1937,45,0,0.0236,,6,0,0,0,0.0,0
2.7338,64,0,0.5878,5934.0,8,0,1,0,1.0,0
0.0715,42,0,0.794,3771.0,8,0,0,0,1.0,0
0.8235,47,0,0.7088,2676.0,6,0,2,0,0.0,0
0.1214,52,0,0.0838,,8,0,1,0,2.0,0
0.3419,50,0,0.5396,,7,0,1,0,0.0,0
0.107,66,0,0.6851,14722.0,11,0,1,0,0.0,0
0.5662,86,0,0.5816,2357.0,5,0,1,0,0.0,1
0.036,52,0,0.4023,4476.0,8,0,1,0,1.0,0
0.0308,53,0,0.3172,3681.0,4,0,0,0,1.0,0
0.3533,76,0,0.7036,,7,0,1,0,0.0,0
0.5769,86,0,0.378,1611.0,7,0,1,0,4.0,1
0.2467,50,0,0.2171,,5,0,0,0,1.0,0
0.3339,57,0,0.3792,3077.0,8,0,2,0,1.0,0
0.4915,33,0,0.1796,7766.0,17,0,0,0,1.0,0
2.3618,41,0,0.2301,4818.0,13,0,0,0,1.0,0
0.3241,29,0,0.4008,6792.0,8,0,0,0,4.0,0
0.0864,48,0,0.495,5658.0,9,0,0,0,0.0,0
0.2408,76,0,0.5724,,10,0,0,0,0.0,0
0.068,40,0,0.2476,7146.0,9,0,0,0,2.0,0
4.9292,43,0,0.403,9893.0,6,0,0,0,1.0,0
0.1198,59,0,0.4014,7338.0,1,0,2,0,0.0,0
0.5608,30,0,0.268,6422.0,7,0,1,0,0.0,1
2.2322,57,0,0.6269,7660.0,9,0,1,0,0.0,0
7.3285,21,0,0.7272,,6,0,1,0,2.0,0
0.2384,48,0,0.0594,4729.0,4,0,1,0,1.0,0
1.8625,30,0,1.018,6469.0,6,0,1,0,0.0,0
0.3151,42,0,0.0586,6132.0,11,0,2,0,1.0,0
0.1598,50,0,0.6748,,5,0,1,0,0.0,0
0.4234,51,0,0.0067,12851.0,15,0,2,0,0.0,0
0.6217,49,0,0.2854,5269.0,10,0,1,0,0.0,0
0.1657,84,0,0.5192,5609.0,14,0,1,0,1.0,0
1.8347,62,0,0.5371,2750.0,8,0,0,0,1.0,1
4.9216,29,0,0.4668,4805.0,6,0,1,0,0.0,1
0.6689,33,4,0.5996,1022.0,5,1,0,1,0.0,0
4.3783,71,0,0.3364,2411.0,6,0,1,0,0.0,0
0.3685,52,0,0.2488,1740.0,7,0,1,0,0.0,0
0.3016,70,0,0.223,2290.0,6,0,1,0,0.0,0
1.5803,67,0,0.3755,4329.0,9,0,0,0,1.0,0
0.8527,48,0,0.5011,2122.0,5,0,2,0,2.0,0
0.6781,54,0,0.3787,3464.0,11,0,1,0,0.0,0
0.0082,44,0,0.4794,9350.0,9,0,2,0,1.0,0
0.9596,65,0,0.4628,6580.0,15,0,0,0,0.0,0
0.1649,54,0,1.1226,30502.0,9,0,1,0,1.0,0
0.2542,69,0,0.5298,2035.0,9,0,0,0,0.0,0
0.7105,43,0,0.5944,8494.0,11,0,2,0,1.0,0
0.1755,48,0,0.3248,2812.0,11,0,1,0,1.0,0
0.1465,44,1,1.014,15132.0,7,0,1,0,0.0,0
0.3952,73,0,0.5348,9959.0,3,0,2,0,0.0,0
0.6389,52,0,0.4659,3156.0,9,0,2,0,2.0,0
0.2394,51,0,0.2192,,13,0,0,0,3.0,0
0.5725,49,0,1.0196,2873.0,8,0,3,0,1.0,0
8.9461,68,0,0.1854,9552.0,9,0,0,0,,0
0.38,94,0,0.332,6846.0,8,0,0,0,1.0,0
1.0334,87,0,0.3606,,10,0,0,0,1.0,0
0.3102,62,0,0.6883,17006.0,6,0,0,0,0.0,0
0.7259,39,0,0.1276,7726.0,9,0,2,0,0.0,0
0.6128,44,0,0.3301,9166.0,10,0,2,0,3.0,0
0.8095,56,2,0.2,7335.0,17,0,1,0,0.0,0
0.255,21,0,0.4631,5215.0,6,0,1,0,1.0,0
0.0394,43,0,0.9568,4381.0,5,0,2,0,1.0,0
0.1432,64,0,0.4187,6964.0,6,0,1,0,1.0,0
0.286,30,0,0.4015,3746.0,5,0,0,0,3.0,0
0.1766,59,0,0.8086,5983.0,6,0,1,0,1.0,0
0.3896,44,0,0.5395,4346.0,6,0,0,0,0.0,0
0.0698,43,0,0.6877,4339.0,9,0,0,0,1.0,0
0.0725,60,0,0.4722,13450.0,5,0,1,0,2.0,0
0.9075,74,0,0.1014,4925.0,5,0,0,0,0.0,1
0.9109,51,0,0.8315,3620.0,7,0,0,0,0.0,0
0.278,71,0,0.498,,10,0,1,0,1.0,0
0.3094,57,0,0.7207,,3,0,0,0,0.0,0
0.3361,36,0,0.7496,5766.0,10,0,0,0,1.0,0
0.0573,67,0,0.2978,4613.0,10,0,1,0,1.0,0
0.0972,70,0,0.5414,6215.0,6,0,0,0,0.0,0
0.9202,58,0,0.1642,2880.0,9,0,1,0,0.0,0
1.1707,34,0,1.0808,2114.0,5,0,0,0,0.0,0
0.4843,31,0,0.1899,3086.0,13,0,1,0,0.0,0
4.6575,59,0,0.2167,3729.0,6,0,1,0,0.0,0
0.8874,59,0,1.2608,6000.0,6,0,0,0,3.0,0
0.3384,62,0,0.3348,22545.0,7,0,2,2,1.0,1
0.5952,21,0,0.4528,,7,0,1,0,0.0,0
1.2496,40,0,0.8571,4424.0,11,0,0,0,1.0,0
0.1291,44,0,0.4713,,8,0,1,0,2.0,0
0.2428,67,0,0.3291,3169.0,10,0,0,0,1.0,0
0.2021,52,0,0.2951,,7,0,3,0,0.0,0
0.7089,68,0,0.4133,,8,0,2,0,0.0,0
0.3677,38,0,0.7052,4610.0,10,0,0,0,0.0,0
0.3999,26,0,0.399,2143.0,5,0,0,0,0.0,0
6.1421,64,0,0.373,,7,0,1,0,1.0,0
0.5659,49,0,0.4311,10385.0,8,0,0,0,,0
0.2114,53,0,0.7615,5503.0,7,0,1,0,3.0,0
0.3008,35,0,0.6106,7601.0,3,0,1,0,2.0,0
0.2168,54,0,0.2122,9769.0,10,0,1,0,0.0,0
0.5169,55,0,0.2008,5106.0,8,0,1,0,0.0,0
1.0721,52,0,0.4859,9533.0,7,0,1,0,1.0,0
0.3635,61,0,0.4596,5307.0,9,0,1,0,0.0,0
0.4965,63,0,0.2241,8300.0,13,0,2,0,0.0,0
0.3541,70,0,0.6315,,13,0,1,0,1.0,0
0.3578,53,0,0.9585,,12,0,2,0,2.0,0
0.5212,76,0,0.5746,,14,0,3,0,1.0,0
0.034,34,0,0.3346,5264.0,7,0,0,0,1.0,0
0.3332,65,0,1.0451,3417.0,12,0,0,0,0.0,0
0.1084,53,0,0.6029,4527.0,7,0,2,0,2.0,0
3.6076,51,0,0.7463,3427.0,11,0,0,0,0.0,0
0.4732,46,4,0.6331,,6,0,0,2,0.0,0
0.0496,60,1,0.2882,4084.0,16,0,1,1,0.0,0
2.3215,78,0,0.7538,8559.0,11,0,0,0,1.0,0
0.0623,71,0,0.7107,5889.0,8,0,0,0,2.0,0
0.3988,65,0,1.1883,11378.0,11,0,1,0,0.0,0
0.0854,50,0,0.5258,6367.0,7,0,2,0,0.0,0
0.6551,75,0,0.2155,7177.0,9,0,0,0,0.0,0
5.4797,58,0,0.2841,3059.0,3,0,1,0,2.0,0
5.053,37,0,0.4147,6672.0,3,0,0,0,3.0,0
0.1489,41,0,0.3287,6206.0,11,0,0,0,0.0,0
1.7167,75,0,0.8031,4936.0,4,0,1,0,2.0,0
6.8631,68,0,1.1335,,5,0,2,0,0.0,1
4.4332,70,0,0.3823,4718.0,3,0,0,0,1.0,0
0.0567,54,0,0.7296,3087.0,7,0,2,0,2.0,0
0.9653,40,0,0.6753,2180.0,7,0,1,0,1.0,0
0.549,27,0,1.0531,3124.0,8,0,0,0,2.0,1
0.4176,40,1,0.4515,4866.0,9,0,3,0,0.0,0
0.2839,31,0,0.4929,,7,0,1,0,1.0,0
0.1713,85,0,0.1907,4994.0,8,0,1,0,1.0,0
0.1665,44,0,0.8962,5890.0,10,0,1,0,2.0,0
1.708,44,0,0.3331,7479.0,7,0,1,0,1.0,0
0.558,44,0,0.549,3795.0,9,0,3,0,2.0,0
0.226,28,0,0.4277,,3,0,1,0,0.0,0
0.8397,26,0,0.6762,2936.0,7,0,1,2,,0
0.7996,75,0,0.5339,2267.0,4,0,5,0,4.0,0
0.0008,77,0,0.648,2431.0,7,0,0,0,0.0,0
0.7769,69,0,0.2956,10478.0,3,0,1,0,3.0,0
0.6424,59,0,0.3447,4996.0,11,0,3,0,0.0,0
0.5072,35,0,0.7931,3219.0,2,0,1,0,1.0,1
0.1717,70,0,0.732,2025.0,9,0,0,0,0.0,0
0.4294,52,0,0.4,13324.0,6,0,0,0,1.0,0
1.1807,60,0,0.1515,7148.0,9,0,0,0,1.0,0
0.129,56,0,0.4949,8082.0,10,0,1,0,2.0,0
0.6308,63,0,0.4778,3039.0,10,0,2,0,0.0,1
0.2487,66,0,0.511,5650.0,10,0,1,0,0.0,0
0.0528,50,0,0.5946,,8,0,1,0,1.0,0
0.345,67,0,0.6953,3602.0,6,0,1,0,0.0,0
6.5367,48,0,0.8357,4141.0,10,0,1,0,1.0,0
0.4208,66,0,0.8196,3025.0,11,0,0,0,0.0,0
0.4203,67,0,0.3558,,3,0,0,0,0.0,0
0.5401,28,0,0.7067,5535.0,8,0,3,0,0.0,0
0.5074,53,1,0.5406,,9,0,1,0,0.0,0
0.2165,22,0,0.9142,,6,0,0,0,1.0,0
0.1174,31,0,0.2889,3606.0,6,0,0,0,0.0,0
0.0407,53,0,0.5734,7244.0,6,0,3,0,2.0,0
1.4589,50,0,0.5898,1338.0,6,0,3,0,2.0,0
0.082,48,1,0.4984,6234.0,10,0,0,0,0.0,0
0.5627,61,0,0.316,9859.0,3,0,2,0,1.0,0
0.8896,47,0,0.466,,13,0,0,0,0.0,0
2.1354,36,0,0.4242,4762.0,7,0,0,0,0.0,0
0.4902,31,0,0.559,748.0,8,0,0,0,1.0,0
0.3193,29,0,0.4255,2663.0,7,0,1,0,1.0,0
0.2199,40,0,0.3251,9074.0,8,0,1,0,0.0,0
0.1525,42,0,0.4471,5018.0,9,0,1,0,0.0,0
0.9806,72,0,0.2858,4127.0,10,0,2,0,1.0,1
0.0288,54,0,0.5025,,12,0,0,0,0.0,0
1.6035,38,0,0.9451,,6,0,1,0,0.0,1
0.4375,64,0,0.5053,10715.0,11,0,0,0,0.0,0
1.2409,63,0,0.7295,4199.0,10,0,2,0,0.0,1
0.1825,46,0,0.4395,9075.0,9,0,1,0,1.0,0
0.4323,70,0,0.0842,9101.0,15,0,1,0,1.0,0
0.3954,67,0,0.8993,4034.0,8,0,0,0,1.0,0
0.5797,48,0,1.0033,5059.0,5,0,0,0,1.0,0
0.0138,51,0,0.6757,,4,0,1,0,1.0,0
4.5442,47,0,0.4015,,10,0,0,0,0.0,0
0.4612,60,0,0.2206,9357.0,7,0,0,0,1.0,0
0.2122,21,0,0.219,,12,0,1,0,1.0,0
1.8562,65,0,1.0766,4264.0,9,0,0,0,0.0,0
5.7286,32,0,0.386,8320.0,7,0,1,0,3.0,0
0.9245,43,0,0.2691,6755.0,13,0,1,0,1.0,0
0.0936,82,0,0.1897,8696.0,9,0,3,0,1.0,0
0.5437,48,0,0.383,1334.0,10,0,2,0,0.0,0
0.2158,57,0,0.0957,,9,0,0,0,3.0,0
0.6614,58,0,0.6602,3114.0,8,0,2,0,1.0,0
0.5105,58,0,0.3606,,16,0,0,0,0.0,1
2.7548,47,0,0.2375,15895.0,6,0,0,0,1.0,0
0.153,59,0,0.7454,10898.0,9,0,3,0,0.0,0
0.2668,52,0,0.812,4210.0,7,0,2,0,0.0,0
2.2451,28,0,0.1069,3387.0,8,0,2,0,1.0,0
0.3133,36,0,0.3285,,6,0,0,0,1.0,0
0.2887,50,0,0.2802,5405.0,13,0,1,0,1.0,0
1.1234,60,0,0.1735,3865.0,8,0,1,0,1.0,0
0.1457,60,0,0.0598,,8,0,3,0,1.0,0
0.1854,55,0,0.8416,4963.0,7,0,2,0,0.0,0
0.1245,53,0,0.6581,,13,0,0,0,0.0,0
0.3996,51,0,0.131,2683.0,11,0,1,0,3.0,0
0.6765,57,2,1.1245,10236.0,6,0,0,1,0.0,0
0.0738,39,0,0.3811,7615.0,6,0,2,0,1.0,0
1.0567,53,0,0.4128,,8,0,0,0,2.0,0
0.7103,65,0,0.2624,10592.0,4,0,0,0,1.0,0
0.195,54,0,0.4988,6402.0,9,0,2,0,0.0,0
0.6526,39,0,0.7694,3156.0,10,0,0,0,2.0,0
1.5404,38,0,0.7659,4768.0,5,0,0,0,0.0,0
1.1187,70,0,0.3307,6010.0,10,0,0,0,,0
0.5278,50,0,0.5849,4965.0,6,0,3,0,0.0,0
1.1579,32,0,0.3647,3077.0,13,0,0,0,0.0,0
0.5443,38,0,0.8313,5378.0,9,0,1,0,0.0,0
0.2214,29,0,0.1196,9885.0,12,0,3,0,0.0,1
7.5007,29,0,1.0738,3217.0,11,0,1,0,3.0,1
0.4221,56,0,0.7954,,14,0,2,0,0.0,0
0.6024,44,0,0.4207,4610.0,9,0,1,0,1.0,0
0.9653,35,0,0.1389,2947.0,8,0,1,0,0.0,0
0.1735,69,0,0.4078,,6,0,2,0,1.0,0
0.45,48,0,1.0024,6042.0,7,0,1,0,2.0,0
0.1298,52,0,0.2927,4793.0,7,0,0,0,2.0,0
0.3914,62,0,0.4006,10251.0,6,0,0,0,1.0,1
0.2301,31,0,0.3892,9079.0,3,0,2,0,1.0,0
0.3441,34,3,0.1256,5177.0,8,0,0,1,2.0,0
0.2487,52,0,0.432,25838.0,9,0,2,0,0.0,0
0.3389,21,0,0.2396,9282.0,0,0,0,0,3.0,0
0.1795,80,0,0.0966,6575.0,9,0,1,0,0.0,0
0.22,57,0,0.3499,5321.0,11,0,0,0,2.0,0
0.3249,50,0,0.1752,,6,0,2,0,0.0,0
0.1626,59,0,0.2858,10173.0,11,0,0,0,5.0,0
0.1935,61,0,0.9756,4942.0,10,0,1,0,0.0,0
0.1264,57,0,0.8296,,9,0,2,0,1.0,0
0.1458,63,0,0.4449,3046.0,6,0,1,0,1.0,0
0.6013,68,0,0.6162,2878.0,12,0,0,0,,0
0.8478,76,0,0.8126,9662.0,7,0,1,0,1.0,0
0.3345,40,0,0.2281,10291.0,8,0,3,0,2.0,0
0.1623,34,0,0.4729,,10,0,1,0,1.0,0
0.2678,34,0,1.6267,9925.0,6,0,2,0,0.0,0
0.1022,55,0,0.4505,8332.0,14,0,0,0,1.0,0
0.1508,26,0,0.9945,2420.0,10,0,1,0,,0
0.5726,32,0,0.7991,1860.0,10,0,0,0,0.0,0
0.1997,59,0,0.2885,5098.0,13,0,1,0,1.0,0
0.0227,45,0,0.1438,1518.0,6,0,4,0,2.0,0
0.9697,50,0,0.2776,,10,0,0,0,,0
0.1214,74,0,0.3444,6991.0,5,0,0,0,2.0,0
0.2801,66,0,0.4913,,10,0,0,0,1.0,0
1.1293,55,0,0.5456,,7,0,1,0,1.0,0
0.3837,37,0,0.8233,7854.0,5,0,1,0,1.0,0
5.3036,49,0,0.2142,2228.0,10,0,0,0,3.0,0
0.1097,40,0,0.1758,,9,0,1,0,0.0,0
0.9868,48,0,0.2774,,11,0,0,0,0.0,0
0.283,39,0,0.7923,10606.0,9,0,0,0,0.0,0
2.2673,53,0,0.8883,,10,0,0,0,1.0,1
2.3902,47,0,0.4335,3341.0,5,0,1,0,2.0,0
0.4536,39,0,0.3499,9283.0,6,0,0,0,1.0,0
0.1544,34,1,0.1424,1684.0,6,0,1,1,2.0,0
2.2874,74,0,0.6093,7604.0,9,0,2,0,1.0,0
0.2037,41,0,0.5254,5193.0,8,0,0,0,0.0,0
0.0405,66,1,0.1375,7232.0,7,1,1,0,1.0,0
0.6826,50,0,0.3509,7554.0,9,0,2,0,1.0,0
1.3012,53,0,0.2512,1124.0,8,0,1,0,0.0,0
0.7552,53,0,0.3617,1527.0,7,0,1,0,2.0,0
0.5141,47,0,0.4695,,19,0,2,0,1.0,1
0.2502,51,0,0.4124,9913.0,7,0,2,0,0.0,0
0.0642,59,0,0.2247,1715.0,12,0,3,0,2.0,0
0.8976,33,0,0.2134,4931.0,14,0,0,0,0.0,0
0.5783,49,0,0.8911,,11,0,1,0,1.0,0
0.1429,52,0,0.6162,,8,0,0,0,0.0,0
0.2212,61,0,0.8011,3188.0,7,0,0,0,0.0,0
0.4561,46,0,0.2503,5588.0,5,0,0,0,1.0,0
0.2596,48,0,0.7223,4348.0,7,0,1,0,,0
7.2859,62,0,0.3002,1658.0,5,0,1,0,1.0,0
0.2127,29,0,0.1478,,11,0,0,0,0.0,0
0.5349,67,0,0.3278,3133.0,11,0,1,0,0.0,0
1.2769,39,0,0.2975,7141.0,4,0,1,0,2.0,0
0.4121,66,0,0.8453,11362.0,11,0,1,0,0.0,0
0.5234,69,0,0.5304,5624.0,8,0,1,0,0.0,0
0.7671,46,0,0.3495,2577.0,12,0,1,0,0.0,0
0.3764,65,0,0.0812,,6,0,0,0,2.0,0
1.0855,46,0,0.6503,3711.0,11,0,1,0,0.0,0
0.3974,41,0,0.2363,3121.0,11,0,1,0,0.0,0
0.2607,57,0,1.1432,9440.0,4,0,0,0,0.0,0
0.3807,64,0,0.3564,6866.0,7,0,0,0,1.0,0
0.0885,38,0,0.5427,4668.0,14,0,1,0,0.0,0
0.8655,27,0,0.7783,1963.0,8,0,0,0,1.0,0
0.5915,54,0,0.3634,,7,0,0,0,1.0,0
0.4347,74,0,0.6378,8804.0,11,0,0,0,2.0,0
0.5512,51,0,0.4306,13030.0,7,0,2,0,0.0,0
1.4336,70,0,0.2247,,7,0,0,0,1.0,0
0.0079,67,0,0.4397,,5,0,3,0,0.0,0
0.4346,64,0,0.8396,9017.0,8,0,1,0,0.0,0
0.7744,49,0,0.2699,5295.0,10,0,2,0,,1
0.0386,42,1,0.4888,2562.0,8,0,1,0,3.0,0
0.3037,54,0,0.1785,1298.0,7,0,1,0,0.0,0
0.4165,35,0,0.1625,6522.0,6,0,2,0,0.0,0
0.6549,63,0,0.592,2233.0,14,0,0,0,0.0,0
0.4256,46,0,0.57,,10,0,1,0,1.0,0
0.5908,50,0,0.4022,,10,0,0,0,0.0,0
0.7041,49,0,0.4388,4833.0,2,0,1,0,0.0,0
0.7333,41,0,0.6179,3492.0,7,0,1,0,2.0,0
0.4982,44,0,0.3182,11177.0,6,0,1,0,0.0,0
5.0853,57,0,0.7774,8740.0,5,1,0,2,,0
0.6317,36,0,0.2325,4956.0,5,0,0,0,1.0,0
0.3446,36,0,0.727,2487.0,10,0,2,0,1.0,0
0.757,40,0,0.0161,2474.0,8,0,1,0,0.0,0
0.7787,53,0,0.5584,5547.0,5,0,1,0,0.0,0
0.229,29,1,0.2889,1697.0,8,0,1,0,1.0,0
1.0824,42,0,0.5566,,4,0,2,0,0.0,0
0.6076,21,0,0.7699,5670.0,11,0,1,0,1.0,0
5.8532,29,0,0.254,6476.0,11,0,2,0,1.0,0
0.6761,46,0,0.8741,8715.0,12,0,1,0,,0
0.7626,56,0,0.6997,2154.0,10,0,3,0,0.0,0
0.0569,53,0,0.2974,3610.0,6,0,0,0,1.0,0
0.1062,51,0,0.5009,,5,0,1,0,0.0,0
0.3347,44,0,0.4487,6147.0,10,0,0,0,1.0,0
2.0044,68,1,0.046,7236.0,13,2,1,0,1.0,0
5.5308,45,0,0.8331,15664.0,9,0,1,0,2.0,0
0.0114,31,0,0.1818,6670.0,7,0,0,0,2.0,0
0.5916,71,0,1.0195,8557.0,12,0,1,0,2.0,0
0.044,39,0,0.1836,1659.0,7,0,1,0,2.0,0
0.6103,48,0,0.2578,2768.0,6,0,0,0,1.0,0
0.7508,65,0,0.2243,3288.0,6,0,2,0,1.0,0
0.9426,43,0,0.7931,8202.0,16,0,0,0,0.0,0
0.3693,67,0,0.5151,12306.0,3,0,1,0,0.0,0
0.0115,53,0,0.1409,4512.0,5,0,0,0,,0
0.8324,59,0,0.6979,11277.0,7,0,0,0,0.0,0
0.3638,55,0,0.3265,5018.0,8,0,0,0,1.0,0
1.1704,48,0,0.3101,4709.0,6,0,1,0,0.0,0
0.2044,74,0,0.6469,11892.0,6,0,3,0,0.0,0
0.4103,62,0,0.8611,15232.0,7,0,1,0,1.0,0
0.8346,27,1,0.3372,,8,1,0,0,5.0,0
0.6002,45,0,0.0678,7223.0,7,0,2,0,1.0,0
0.3852,63,0,0.1538,4181.0,6,0,0,0,0.0,0
0.2888,21,0,0.5634,3756.0,6,0,1,0,,0
0.6373,40,0,0.2979,5132.0,2,0,2,0,0.0,0
0.4669,67,0,0.8307,,7,0,0,0,,0
0.3858,56,0,1.1594,9536.0,10,0,1,0,0.0,0
0.1678,44,0,0.7038,2936.0,7,0,0,0,1.0,0
7.3387,62,0,0.775,,10,0,0,0,1.0,0
1.3796,82,0,0.4326,,10,0,2,0,0.0,0
0.266,39,0,0.4121,5321.0,5,0,2,0,0.0,0
0.4883,35,0,0.4202,14575.0,7,0,0,0,0.0,0
4.0119,76,0,0.6364,4442.0,7,0,2,0,1.0,1
0.6614,66,0,0.8651,,7,0,2,0,2.0,0
0.1686,48,0,0.721,1232.0,9,0,1,0,3.0,0
0.5195,53,0,0.162,3020.0,10,0,1,0,1.0,0
0.5463,64,0,0.3488,5960.0,7,0,0,0,4.0,0
0.6478,64,0,0.8021,7895.0,6,0,0,0,1.0,0
0.9854,65,0,0.7375,,9,0,1,0,0.0,0
0.7569,41,0,0.7342,2359.0,8,0,0,0,0.0,0
0.3128,48,0,0.6393,,10,0,1,0,4.0,0
0.2996,79,0,0.3344,21909.0,9,0,0,0,0.0,0
0.6079,61,0,0.3134,4853.0,17,0,0,0,1.0,0
0.4582,75,2,0.119,,12,0,1,0,0.0,0
0.0081,55,0,0.3942,6784.0,7,0,0,0,1.0,0
0.3856,45,2,1.2313,2658.0,10,0,1,2,3.0,0
0.4533,39,0,0.4571,,8,0,0,0,0.0,0
1.9254,46,0,0.6002,7377.0,9,0,0,0,0.0,0
3.8262,69,0,0.5233,,8,0,1,0,2.0,1
0.3592,54,0,0.536,4641.0,9,0,1,0,0.0,0
0.5441,32,0,1.1726,2894.0,10,0,3,0,0.0,1
0.9617,38,0,0.3249,5448.0,7,0,0,0,0.0,0
0.6022,85,0,0.101,,6,0,1,0,1.0,1
0.2537,40,0,0.5256,,9,0,2,0,0.0,0
0.4688,56,0,0.5437,3672.0,8,0,0,0,1.0,0
0.5014,65,0,0.8565,5768.0,8,0,0,0,0.0,0
0.0266,48,0,0.4867,7718.0,12,0,0,0,2.0,0
0.1878,21,0,0.2942,8524.0,8,0,1,0,2.0,0
0.2204,35,0,0.6597,7600.0,2,0,0,0,1.0,0
0.0827,39,0,0.2024,1424.0,8,0,1,0,1.0,0
0.061,32,1,0.1356,6888.0,8,0,0,0,2.0,0
0.7712,72,0,0.4731,2645.0,7,0,0,0,1.0,0
0.184,63,0,0.3919,2174.0,6,0,1,0,0.0,0
0.6877,69,0,0.5295,2818.0,8,0,0,0,0.0,1
1.1944,39,0,0.7485,1365.0,12,0,0,0,1.0,0
0.2741,49,0,0.7498,2344.0,9,0,1,0,0.0,0
0.2165,66,0,0.4961,9055.0,12,0,2,0,2.0,0
2.7956,27,2,0.6594,,11,0,1,1,1.0,0
0.5226,78,0,0.2374,2545.0,5,0,3,0,1.0,0
0.379,68,0,0.7415,8097.0,7,0,1,0,1.0,0
0.7201,58,0,0.954,16353.0,5,0,2,0,0.0,0
0.5365,43,0,0.8755,3521.0,7,0,1,0,0.0,0
0.2058,33,0,0.1221,2253.0,11,0,1,0,0.0,0
0.2074,61,0,0.0404,4843.0,6,0,2,0,1.0,0
0.7204,73,0,0.5603,2331.0,12,0,1,0,0.0,0
0.594,57,1,1.0928,4552.0,6,1,2,2,0.0,0
0.6672,61,0,0.9486,3043.0,5,0,1,0,1.0,0
0.1962,61,0,0.576,5257.0,4,0,0,0,0.0,0
0.4984,54,0,0.6505,14918.0,7,0,3,0,0.0,0
0.2024,59,0,0.308,5765.0,5,0,1,0,2.0,0
0.6864,73,0,0.609,3225.0,6,0,1,0,1.0,1
0.3463,60,0,0.1483,1537.0,4,0,3,0,1.0,0
0.4977,54,0,0.3656,5367.0,13,0,0,0,4.0,0
0.7734,41,0,0.7725,6085.0,9,0,1,0,0.0,0
0.5356,64,0,0.0104,9261.0,8,0,2,0,2.0,0
0.4665,53,0,0.1846,6481.0,5,0,2,0,0.0,0
0.5669,53,0,0.36,15135.0,10,0,1,0,0.0,0
0.1019,60,0,0.7721,3573.0,5,0,0,0,2.0,0
0.3095,52,0,0.4124,3343.0,4,0,1,0,0.0,0
0.3045,57,0,0.0639,1156.0,9,0,1,0,0.0,0
0.0088,55,0,0.6044,6451.0,8,0,1,0,0.0,0
0.1964,47,0,0.8124,4988.0,12,0,1,0,0.0,0
0.6922,64,0,0.8118,4171.0,4,0,1,0,0.0,0
2.9265,21,0,0.0719,3559.0,8,0,1,0,1.0,0
0.4113,60,0,0.4909,2583.0,6,0,0,0,0.0,0
0.8523,38,0,0.9566,,9,0,1,0,0.0,0
0.6773,68,0,0.3228,,10,0,1,0,1.0,1
4.7562,26,0,0.2011,,6,0,2,0,0.0,0
0.1747,45,0,0.7455,2587.0,10,0,2,0,0.0,0
0.4173,58,0,0.3882,1467.0,7,0,1,0,1.0,0
0.7429,50,0,0.1811,3294.0,7,0,1,0,1.0,0
0.4887,42,0,0.1929,4219.0,7,0,2,0,0.0,0
0.3563,67,0,0.0971,5898.0,12,0,0,0,0.0,0
0.8452,34,0,0.163,4617.0,8,0,1,0,2.0,0
0.0829,53,0,0.4554,1901.0,3,0,0,0,2.0,0
0.4944,43,0,0.5802,3282.0,6,0,1,0,3.0,0
1.1801,63,0,0.8247,14379.0,5,0,4,0,0.0,0
0.2623,44,0,0.5266,7366.0,9,0,0,0,0.0,0
0.1803,52,0,0.3182,4024.0,7,0,1,0,0.0,0
1.2145,48,1,0.2651,2098.0,7,0,2,0,0.0,0
0.1026,51,0,0.1365,,11,0,1,1,2.0,0
0.4131,54,0,0.1226,12290.0,6,0,0,0,1.0,0
0.1813,53,0,0.5149,2690.0,5,0,0,0,0.0,0
0.0239,51,0,0.8072,12698.0,9,0,0,0,1.0,0
0.0252,42,0,0.1495,3105.0,4,0,2,0,0.0,0
0.6877,55,0,0.7897,,10,0,1,0,1.0,1
0.0216,36,0,0.5796,,9,0,1,0,3.0,0
1.6994,57,0,0.3263,10398.0,7,0,0,0,2.0,0
1.1833,52,0,0.2711,14127.0,10,0,0,0,0.0,0
2.2653,21,0,0.6211,8684.0,6,0,0,0,0.0,0
0.7765,55,0,0.1703,12996.0,7,0,3,0,1.0,0
0.0201,76,0,0.2552,10014.0,6,0,2,0,1.0,0
0.2219,51,0,0.6946,9764.0,7,0,2,0,0.0,0
0.6824,55,0,0.6431,,11,0,1,0,0.0,0
0.0946,42,0,0.2437,12408.0,6,0,2,0,0.0,0
0.2679,85,0,0.2497,7153.0,12,0,2,0,1.0,0
0.6828,83,0,0.2076,8530.0,9,0,3,0,1.0,0
0.3584,76,0,0.2431,4710.0,6,0,0,0,0.0,0
0.019,81,0,0.8218,5190.0,10,0,1,0,0.0,0
0.4412,40,0,0.7023,6174.0,9,0,3,0,2.0,0
0.6611,34,0,0.5354,4184.0,13,0,2,0,,1
0.1721,92,0,0.7733,3795.0,8,0,0,0,1.0,0
0.7353,50,3,0.451,,7,0,1,0,1.0,0
1.1087,40,1,0.4125,,7,0,2,1,1.0,0
0.4145,58,0,0.9337,1791.0,7,0,2,0,2.0,0
0.2667,36,0,0.1322,2713.0,8,0,0,0,3.0,0
0.1938,56,0,0.6318,,7,0,0,0,0.0,0
2.9931,40,0,0.4248,8901.0,8,0,0,0,2.0,0
1.0826,65,2,0.6666,,8,0,2,1,0.0,0
0.0208,40,0,0.2692,,5,0,0,0,0.0,0
0.1555,35,2,0.3999,8233.0,5,1,1,0,1.0,1
0.6146,39,0,0.5299,4094.0,3,0,2,0,0.0,0
0.2864,57,0,0.4635,6582.0,7,0,1,0,1.0,0
0.6725,43,0,0.8276,10512.0,8,0,0,0,,0
0.8852,64,1,0.1781,,9,0,2,1,0.0,0
0.2395,52,0,0.4167,2693.0,8,0,0,0,0.0,0
1.0243,61,0,0.5087,5482.0,8,0,2,0,1.0,0
0.0299,39,0,0.7143,1808.0,8,0,1,0,1.0,0
0.049,50,0,1.0184,7515.0,8,0,1,0,0.0,0
0.3955,52,0,0.3591,1591.0,6,0,1,0,2.0,0
0.2957,41,0,0.4835,6464.0,11,0,0,0,0.0,0
0.315,45,0,0.6794,7006.0,4,0,1,0,2.0,0
0.6516,58,0,0.2881,2137.0,9,0,1,0,1.0,0
0.3053,28,0,0.3564,7403.0,6,0,0,0,0.0,0
0.7065,46,0,0.1916,6666.0,3,0,0,0,0.0,0
0.1912,50,0,0.5491,,7,0,0,0,0.0,0
0.3805,34,0,0.8967,,5,0,0,0,2.0,0
0.3477,23,0,0.4095,2973.0,12,0,0,0,1.0,0
0.6273,51,0,0.1599,3187.0,6,0,1,0,0.0,0
0.0971,38,0,0.5768,,4,0,2,0,2.0,0
0.1838,28,0,0.2726,8204.0,7,0,2,0,0.0,0
0.0831,40,0,0.5833,6889.0,9,0,0,0,3.0,0
0.2513,55,0,0.5191,3327.0,6,0,1,0,1.0,0
0.2764,57,0,0.5098,4804.0,11,0,1,0,1.0,0
0.009,49,0,0.4996,6178.0,3,0,1,0,1.0,0
0.3838,68,0,0.6892,3651.0,7,0,0,0,1.0,0
0.1972,61,0,0.4874,2386.0,6,0,0,0,0.0,0
0.5126,35,0,0.2854,2299.0,3,0,1,0,1.0,0
0.7705,44,0,0.7323,,11,0,1,0,0.0,0
0.681,22,0,1.2081,,10,0,1,0,1.0,0
0.5905,71,0,0.7988,4403.0,7,0,0,0,0.0,1
0.295,45,0,0.7568,2079.0,7,0,1,0,1.0,0
0.0652,82,0,0.1515,,8,0,0,0,0.0,0
0.3504,46,0,1.0397,9546.0,8,0,0,0,1.0,0
0.0492,49,0,0.286,2910.0,6,0,1,0,0.0,0
0.075,60,0,0.2969,7449.0,8,0,1,0,0.0,0
0.4624,77,0,0.5833,1142.0,11,0,0,0,0.0,1
0.8131,79,2,0.6646,4338.0,9,0,1,0,1.0,0
0.9508,52,0,0.0582,4279.0,9,0,1,0,0.0,0
0.1273,51,0,0.5267,7280.0,10,0,0,0,0.0,0
0.8658,44,1,0.7084,1404.0,11,0,2,0,0.0,0
0.0259,78,0,0.1476,,9,0,2,0,0.0,0
2.9575,61,0,0.4095,3464.0,6,0,1,0,2.0,0
0.0659,43,0,0.3125,10442.0,10,0,2,0,1.0,0
0.3212,65,0,0.4556,2359.0,10,0,2,0,3.0,0
9.0311,61,0,0.7253,,7,0,1,0,0.0,0
0.4358,42,0,0.1625,3960.0,9,0,1,0,0.0,0
0.0151,45,0,0.1629,10307.0,11,0,2,0,0.0,0
0.355,36,0,0.3203,,6,0,2,0,1.0,0
0.3593,68,0,0.0191,5546.0,12,0,1,0,0.0,0
0.1109,44,0,0.5212,,9,0,1,0,1.0,0
3.7089,35,0,0.9648,4150.0,9,0,1,0,2.0,1
0.3712,73,0,0.8756,7383.0,15,0,3,0,1.0,0
0.8365,56,0,0.2174,3474.0,4,0,1,0,0.0,0
3.2176,22,0,0.3924,3289.0,12,0,0,0,0.0,0
0.3172,62,0,0.6601,,4,0,1,0,1.0,0
0.4583,25,0,0.6159,7188.0,8,0,0,0,0.0,0
0.5912,40,0,0.3265,3016.0,6,0,2,0,0.0,0
0.0433,58,0,0.4353,8362.0,12,0,2,0,2.0,0
0.2854,58,0,0.2779,7613.0,7,0,1,0,0.0,0
0.2911,41,0,0.723,1988.0,13,0,1,0,0.0,0
0.1702,33,0,0.4729,10140.0,8,0,1,0,2.0,0
3.6538,77,0,1.0544,4178.0,5,0,1,0,0.0,0
0.6536,73,0,0.7433,12104.0,8,0,2,0,2.0,0
0.7297,48,0,0.6325,6850.0,9,0,1,0,2.0,0
0.249,51,0,0.9258,3202.0,6,0,2,0,0.0,0
4.9474,41,0,0.3474,4229.0,9,0,2,0,0.0,0
0.5319,48,0,1.146,17929.0,4,0,0,0,1.0,0
0.1559,52,0,0.6839,2932.0,8,0,1,0,2.0,0
0.3477,62,0,0.5536,3493.0,10,0,1,0,1.0,0
0.7266,28,0,0.9616,7940.0,6,0,1,0,1.0,0
0.2395,57,0,1.0107,5411.0,7,0,2,0,0.0,0
0.2136,73,0,0.9317,13797.0,6,0,4,0,2.0,0
2.0705,47,0,0.2591,5942.0,5,0,1,0,1.0,0
0.5828,38,0,0.6119,5900.0,13,0,0,0,0.0,0
0.1121,67,0,0.3247,3445.0,7,0,1,0,3.0,0
0.2999,36,0,0.3977,3306.0,8,0,1,0,0.0,0
0.1335,33,0,0.4936,7009.0,8,0,3,0,0.0,0
0.3515,26,0,0.0941,7034.0,8,0,2,0,1.0,0
0.4168,58,0,0.238,4745.0,4,0,3,0,0.0,0
0.2915,34,0,0.7306,5526.0,3,0,1,0,1.0,0
0.7256,28,0,0.606,3855.0,7,0,1,0,2.0,1
0.5632,53,0,0.2242,10891.0,7,0,1,0,2.0,0
0.4805,36,0,0.1054,2966.0,2,0,1,0,1.0,0
0.1844,60,0,0.2377,1421.0,5,0,0,0,2.0,0
0.9865,59,0,0.1677,,13,0,1,0,0.0,0
1.3501,52,0,0.2169,,7,0,1,0,,0
0.1591,40,0,0.0321,,10,0,2,0,1.0,0
0.3154,63,0,0.4326,5787.0,16,0,0,0,0.0,0
0.1199,31,0,0.3873,3997.0,9,0,0,0,1.0,0
0.1388,67,0,0.2313,4127.0,9,0,2,0,3.0,0
0.0397,48,0,0.8439,,4,0,2,0,2.0,0
0.7361,50,0,1.0722,,12,0,1,0,1.0,0
0.4406,57,0,0.2476,8699.0,17,0,2,0,1.0,0
1.8181,69,2,0.3297,5931.0,4,0,0,0,0.0,0
1.906,56,0,0.4934,,7,0,0,0,0.0,1
0.4369,45,0,0.1733,5950.0,9,0,2,0,0.0,0
0.3077,60,0,0.5618,5283.0,5,0,0,0,1.0,0
0.2217,67,0,0.7218,7154.0,12,0,3,0,4.0,0
0.4331,66,0,0.3695,4850.0,12,0,1,0,0.0,0
0.8497,54,0,0.0491,7791.0,6,0,0,0,1.0,0
0.004,55,0,0.4953,7290.0,7,0,0,0,1.0,0
0.3211,57,0,0.3768,13060.0,4,0,1,0,1.0,0
0.2764,63,0,0.8114,8522.0,9,0,1,0,0.0,0
0.4208,50,0,0.8822,14135.0,9,0,0,0,0.0,0
0.6157,54,0,0.262,3690.0,8,0,0,0,1.0,0
1.2589,54,0,0.9881,9073.0,11,0,1,0,0.0,0
4.1376,32,2,0.4984,3624.0,6,2,2,0,1.0,0
0.1125,43,0,0.7105,,8,0,1,0,1.0,0
0.3589,66,0,0.7224,10899.0,4,0,3,0,1.0,0
2.2729,79,0,0.7799,14616.0,8,0,0,0,1.0,0
0.0295,53,1,0.0793,,10,0,2,0,0.0,0
0.4983,50,0,0.6532,3681.0,5,0,0,0,3.0,0
0.5438,44,0,0.7605,3779.0,6,0,3,0,1.0,1
0.6391,21,0,0.4986,,10,0,1,0,2.0,0
2.6141,74,0,0.7791,4935.0,9,0,0,0,0.0,0
0.1292,41,0,0.4637,4172.0,6,0,1,0,2.0,0
2.3868,29,0,0.518,,7,0,1,0,2.0,0
1.3253,56,0,0.8571,1921.0,10,0,2,0,1.0,0
0.3251,52,0,0.4289,5071.0,6,0,1,0,1.0,0
1.193,82,0,0.8906,7788.0,8,0,3,0,0.0,0
0.5146,59,0,0.8715,7894.0,8,0,1,0,0.0,0
0.0723,74,0,0.4448,5219.0,4,0,3,0,0.0,0
0.4478,62,0,1.1377,7222.0,8,0,1,0,0.0,0
0.5708,44,0,0.5385,4262.0,5,0,0,0,0.0,0
1.0051,87,0,0.3196,,10,0,0,0,0.0,0
0.2413,75,0,0.5301,10516.0,10,0,2,0,0.0,0
2.1151,60,0,0.8552,,14,0,1,0,0.0,0
0.3652,68,0,0.4607,3870.0,7,0,1,0,0.0,0
0.2888,57,0,0.5261,,7,0,0,0,0.0,0
0.5329,55,0,0.3389,3051.0,6,0,0,0,,0
0.3149,59,0,0.4525,6467.0,8,0,1,0,1.0,0
0.2204,82,0,0.2409,5765.0,9,0,1,0,0.0,0
0.2536,69,0,0.2641,3126.0,10,0,0,0,1.0,0
0.3816,52,0,1.1812,,5,0,0,0,1.0,0
1.1076,55,0,0.5552,6241.0,7,0,0,0,0.0,0
0.7303,30,0,0.1247,3168.0,14,0,1,0,2.0,0
0.1331,54,1,0.0896,,11,0,0,0,2.0,0
0.3891,61,0,0.772,7586.0,9,0,1,0,0.0,0
0.9905,58,0,0.7693,11028.0,11,0,0,0,0.0,0
0.4601,55,0,0.5247,10415.0,10,0,0,0,2.0,0
0.0061,43,0,0.424,3466.0,6,0,0,0,2.0,0
0.391,65,0,0.1373,7809.0,10,0,0,0,0.0,0
1.1626,66,0,0.2389,7408.0,8,0,1,0,0.0,0
6.4526,53,3,0.6863,5542.0,13,0,3,0,0.0,0
0.1118,53,0,0.0857,,4,0,2,0,0.0,0
0.1089,52,0,0.5372,6406.0,9,0,0,0,0.0,0
0.1078,56,0,0.3549,,7,0,1,0,,0
0.2185,59,0,0.564,10210.0,10,0,1,0,0.0,0
5.356,29,0,0.2635,6616.0,11,0,0,0,0.0,0
0.4837,45,0,0.4139,10863.0,9,0,1,0,1.0,0
0.0309,34,0,0.3727,5286.0,13,0,0,0,0.0,0
1.7733,44,0,1.0035,,8,0,1,0,1.0,1
1.0815,69,2,0.7119,2690.0,8,0,0,1,0.0,0
0.5031,38,0,0.5824,4117.0,9,0,2,0,0.0,0
0.8757,30,0,0.1531,3615.0,6,0,2,0,0.0,0
0.317,33,0,0.609,10433.0,7,0,1,0,3.0,0
0.6249,56,0,0.4418,5440.0,8,0,0,0,3.0,0
0.471,62,0,0.118,13088.0,9,0,2,0,1.0,0
0.7366,52,0,0.4244,15609.0,7,0,0,0,1.0,0
0.5154,23,0,0.3704,2646.0,6,0,0,0,1.0,0
0.983,42,0,0.3678,,8,0,2,0,0.0,0
0.6526,75,0,0.2917,4366.0,8,0,1,0,0.0,0
0.3982,53,0,0.5268,5019.0,9,0,0,0,1.0,0
0.2479,23,0,1.1844,,7,0,3,0,0.0,0
0.2154,40,0,0.7399,5226.0,10,0,1,0,0.0,0
0.3666,23,0,0.3282,4149.0,10,0,0,0,1.0,0
0.2481,45,0,0.9001,5251.0,6,0,1,0,0.0,0
3.0366,54,0,0.9861,12683.0,11,0,1,0,0.0,0
0.5263,50,0,0.7446,8893.0,7,0,1,0,1.0,0
0.7914,46,0,0.4668,6307.0,9,0,2,0,1.0,0
0.9692,81,0,0.1526,2244.0,11,0,0,0,0.0,0
0.9124,55,0,0.6766,8223.0,13,0,1,0,,0
0.1218,47,0,0.2966,,13,0,1,0,0.0,0
0.3504,63,0,0.2882,9420.0,12,0,1,0,3.0,0
3.7633,63,3,0.2957,,11,0,2,0,0.0,0
0.5192,58,0,0.2088,8841.0,15,0,0,0,0.0,0
0.5774,90,0,0.573,11413.0,8,0,0,0,1.0,0
0.0184,42,0,0.2572,4844.0,11,0,0,0,0.0,0
0.4273,70,0,0.1213,,7,0,0,0,1.0,0
0.7611,68,0,0.4185,4409.0,8,0,0,0,0.0,0
0.2177,32,0,0.0792,5632.0,9,0,1,0,0.0,0
0.2017,60,0,0.1729,3519.0,6,0,0,0,1.0,0
0.8577,39,0,0.1416,3788.0,5,0,2,0,1.0,0
0.5019,53,0,0.2578,,5,0,0,0,,0
0.3691,69,0,0.3707,1294.0,8,0,1,0,2.0,0
0.1952,54,0,0.227,4050.0,6,0,0,0,1.0,0
0.3383,21,0,0.7394,,6,0,0,0,2.0,0
0.2109,63,0,0.6172,7069.0,9,0,2,0,2.0,0
0.5261,30,0,0.7071,3956.0,13,0,1,0,1.0,0
0.4875,45,0,0.4621,3012.0,7,0,1,0,0.0,0
6.5866,69,0,0.1893,5525.0,10,0,2,0,2.0,1
0.9238,36,0,0.163,6866.0,8,0,0,0,1.0,0
0.412,59,0,0.4219,,9,0,1,0,0.0,0
0.5041,42,0,1.1437,4658.0,11,0,2,0,0.0,0
0.2726,21,0,0.5692,5768.0,9,0,0,0,1.0,0
0.7079,42,0,0.1272,4901.0,3,0,1,0,0.0,0
0.662,43,0,0.1684,6658.0,8,0,2,0,0.0,0
0.3582,34,2,1.2195,3423.0,7,0,0,0,4.0,0
0.0004,52,0,0.759,,10,0,1,0,1.0,0
0.3019,53,0,0.3913,8891.0,5,0,0,0,1.0,0
0.6578,46,0,0.3818,9382.0,9,0,0,0,0.0,0
0.0278,46,0,0.5528,1762.0,8,0,0,0,1.0,0
0.0199,61,0,0.2688,8540.0,12,0,0,0,0.0,0
1.6221,33,0,1.0058,11885.0,9,0,1,0,2.0,0
0.4691,69,0,0.6798,3648.0,8,0,2,0,0.0,0
0.1911,43,3,0.3804,4805.0,12,0,1,0,,0
0.6235,47,0,0.4997,20228.0,7,0,0,0,1.0,0
0.4715,39,0,0.1091,9202.0,9,0,1,0,1.0,0
0.4447,35,0,0.4026,5481.0,12,0,0,0,1.0,0
0.1395,66,0,0.0413,5858.0,11,0,2,0,0.0,0
0.6466,40,0,0.3784,4093.0,5,0,0,0,0.0,0
0.9875,59,0,0.2319,3306.0,6,0,1,0,0.0,0
0.2523,58,0,0.49,4503.0,5,0,1,0,3.0,0
0.52,48,0,0.1371,14876.0,4,0,0,0,3.0,0
0.4888,68,0,0.3653,,9,0,0,0,1.0,0
0.1616,53,0,0.7141,2770.0,8,0,3,0,1.0,0
3.8504,21,0,0.9802,,11,0,1,0,0.0,0
8.5582,43,0,0.3626,1642.0,13,0,1,0,0.0,0
0.1765,91,0,0.5146,6084.0,8,0,1,0,0.0,0
0.114,53,0,0.4994,3071.0,9,0,2,0,1.0,0
2.4183,51,0,0.8549,,7,0,2,0,0.0,0
0.5382,66,0,0.4284,3940.0,10,0,0,0,2.0,0
0.5438,72,0,0.903,,9,0,3,0,1.0,1
1.7981,39,0,0.2402,1504.0,6,0,0,0,0.0,0
0.1144,52,0,0.231,19338.0,4,0,1,0,0.0,0
0.7615,52,5,0.9475,,8,0,3,0,0.0,0
0.2477,31,0,0.8974,,8,0,2,0,1.0,0
0.3249,49,0,1.0195,2093.0,7,0,0,0,0.0,0
0.6495,55,0,0.7014,6385.0,9,0,0,0,1.0,0
0.5376,49,0,0.5568,,11,0,3,0,1.0,1
3.4005,81,0,0.4506,24226.0,4,0,0,0,1.0,0
0.1534,63,0,0.9097,11034.0,6,0,0,0,0.0,0
0.334,57,0,0.2455,4859.0,9,0,0,0,1.0,0
0.2601,52,0,0.6867,4249.0,12,0,0,0,0.0,0
0.8682,63,0,0.6034,2164.0,5,0,0,0,1.0,1
0.8745,49,0,1.078,6435.0,8,0,4,0,0.0,0
0.2651,30,1,0.7664,6091.0,9,0,2,0,2.0,0
5.1267,35,0,0.2761,,10,0,0,0,0.0,0
0.0442,56,0,0.7215,4501.0,9,0,0,0,0.0,0
0.7209,70,0,0.2079,14595.0,6,0,1,0,2.0,0
1.1324,46,0,0.4247,6970.0,3,0,0,0,0.0,0
0.3179,65,1,0.3087,3036.0,12,0,2,0,1.0,0
0.0995,58,0,0.3398,,7,0,1,0,0.0,0
0.0772,69,0,0.6004,,10,0,0,0,2.0,0
0.4595,36,0,0.544,3618.0,10,0,1,0,0.0,0
0.7405,36,0,0.4889,3728.0,4,0,0,0,1.0,0
0.2534,77,0,0.1863,22042.0,5,0,2,0,0.0,0
0.9562,27,0,0.8877,5916.0,3,0,2,0,2.0,0
0.5399,57,0,0.3814,5800.0,14,0,3,0,0.0,0
0.0994,75,0,0.3832,4023.0,7,0,1,0,1.0,0
4.285,58,0,0.3562,2447.0,5,0,0,0,0.0,0
0.6464,72,0,0.5764,17453.0,10,0,1,0,0.0,0
0.0691,71,0,0.1221,3898.0,7,0,0,0,1.0,0
0.0105,64,1,0.3598,2943.0,4,0,1,0,0.0,0
0.1933,57,0,0.4653,2743.0,6,0,2,0,0.0,0
0.7834,36,0,0.3954,4377.0,9,0,0,0,0.0,0
0.2515,32,0,0.4972,6103.0,9,0,0,0,1.0,0
0.7709,49,1,0.3564,11448.0,13,0,1,0,0.0,0
2.2908,26,0,0.7731,5207.0,10,0,1,0,0.0,0
0.3233,60,0,0.5212,4618.0,9,0,0,0,1.0,0
0.8074,86,0,0.428,5153.0,4,0,1,0,3.0,0
0.1979,53,0,0.5103,4117.0,7,0,1,0,,0
0.8196,57,0,0.518,5633.0,6,0,0,0,0.0,0
0.2297,35,0,0.4761,,5,0,0,0,2.0,0
0.5003,50,0,0.4731,,14,0,2,0,1.0,0
0.1095,53,0,0.1282,12328.0,7,0,3,0,1.0,0
0.1964,49,0,0.0123,4720.0,12,0,0,0,0.0,0
1.3147,58,0,0.6398,,8,0,0,0,1.0,0
0.1297,43,0,0.5269,,7,0,0,1,0.0,0
0.5705,54,1,0.5497,,8,0,0,0,1.0,0
0.0795,59,0,0.494,8163.0,4,0,2,0,1.0,0
0.2971,72,0,0.5742,5245.0,7,0,1,0,0.0,0
0.7792,53,0,0.4045,3121.0,9,0,1,0,0.0,0
0.2936,43,0,0.6317,2129.0,11,0,0,0,0.0,0
0.3752,50,0,0.5102,1848.0,14,0,0,0,0.0,0
0.1265,59,0,0.8347,5063.0,6,0,0,0,2.0,0
0.338,39,0,0.3934,,13,0,1,0,1.0,0
0.3105,42,0,0.5643,10557.0,7,0,0,0,1.0,0
0.197,54,0,0.6038,9923.0,10,0,2,0,0.0,0
2.8281,23,0,0.0913,4864.0,5,0,1,0,0.0,0
0.6553,50,0,0.5813,15437.0,4,0,0,0,0.0,0
0.2734,46,0,0.6445,2942.0,3,0,2,0,0.0,0
0.0528,60,0,0.0955,8943.0,5,0,0,0,3.0,0
0.0309,39,0,0.4795,5174.0,7,0,1,0,0.0,0
0.3637,46,0,0.9775,,5,0,1,0,1.0,0
1.2981,51,0,0.4898,7756.0,17,0,1,0,0.0,0
0.3566,42,0,0.3149,11972.0,11,0,0,0,1.0,0
0.1363,38,0,0.3905,2108.0,8,0,0,0,0.0,0
0.2546,43,0,0.4553,10487.0,9,0,0,0,2.0,0
0.9484,22,0,0.2563,2785.0,6,0,0,0,3.0,0
0.6815,38,0,0.6412,1722.0,9,0,0,0,1.0,0
0.1884,60,0,0.1604,19045.0,6,0,0,0,0.0,0
0.3966,30,0,0.0202,1974.0,5,0,0,0,1.0,0
0.2329,36,0,0.1095,,7,0,0,0,1.0,0
0.2572,48,0,0.6753,5510.0,9,0,3,0,0.0,1
0.0987,62,0,1.2574,11473.0,6,0,0,0,0.0,0
0.1526,34,0,0.0593,8048.0,6,0,1,0,0.0,0
0.2632,42,0,0.529,4181.0,8,1,1,3,0.0,1
0.3498,71,0,0.5161,5104.0,4,0,0,0,0.0,0
0.1132,54,0,0.4195,6177.0,5,0,2,0,1.0,0
0.5315,61,0,0.2468,4001.0,10,1,2,0,0.0,0
0.8196,37,0,0.6559,3418.0,7,0,3,0,,0
0.4075,43,0,0.6928,4962.0,12,0,0,0,0.0,0
0.64,66,0,0.8344,4144.0,7,0,2,0,2.0,0
0.218,57,0,0.5538,11615.0,6,0,1,0,0.0,0
0.5933,60,0,0.0897,4995.0,7,0,0,0,2.0,0
1.2998,61,2,0.5866,5438.0,6,0,1,3,1.0,0
0.6272,64,0,0.8038,8185.0,7,0,0,0,0.0,0
0.4828,46,0,0.3341,,10,0,3,0,0.0,0
0.9402,36,0,0.5765,17116.0,8,0,0,0,0.0,0
5.805,42,1,0.0855,3390.0,5,0,0,0,0.0,0
4.521,46,0,0.4443,,10,0,1,0,1.0,0
0.1895,21,0,0.3796,6335.0,6,0,1,0,1.0,0
0.3931,58,0,0.4787,,8,0,0,0,0.0,0
0.4152,64,0,0.1268,,5,0,1,0,0.0,0
0.4338,53,0,0.2031,9536.0,6,0,2,0,0.0,0
0.4073,42,0,0.7649,4499.0,4,0,2,0,3.0,0
0.206,53,0,0.6821,8418.0,10,0,2,0,0.0,0
0.2236,28,0,0.2849,5756.0,6,0,2,0,0.0,0
1.3068,27,0,0.3215,11469.0,5,0,1,0,0.0,0
0.2471,75,0,0.738,,4,0,1,0,1.0,0
0.7981,23,0,0.0547,6227.0,13,0,0,0,1.0,0
0.4518,63,0,0.1289,2679.0,6,0,1,0,0.0,0
0.034,71,0,0.2974,,12,0,1,0,2.0,0
0.6103,51,1,0.6793,1704.0,4,0,0,0,1.0,0
0.4952,51,0,0.9979,3619.0,3,0,1,0,0.0,0
0.0618,54,0,0.2649,5626.0,5,0,2,0,1.0,0
0.4239,21,0,0.3184,6105.0,8,0,0,0,1.0,0
0.3862,43,0,0.2043,,12,0,0,0,2.0,0
2.0428,71,0,0.3303,9074.0,11,0,0,0,0.0,0
0.1838,53,0,1.1291,5481.0,7,0,0,0,1.0,0
0.0401,49,0,0.8067,5126.0,5,0,1,0,0.0,0
0.2924,53,0,0.2488,4011.0,8,0,0,0,1.0,0
0.128,42,0,0.622,4059.0,5,0,2,0,1.0,0
0.0082,34,0,0.5671,,8,0,1,0,1.0,0
0.7405,65,0,1.2018,,5,0,1,0,1.0,0
0.2306,38,0,0.8346,,5,0,0,0,0.0,0
0.0951,83,0,0.4923,9623.0,6,0,0,0,1.0,0
0.635,47,0,0.3804,,9,0,1,0,1.0,0
0.2712,57,0,0.2114,4562.0,12,0,2,0,1.0,0
2.3915,75,0,0.1116,2978.0,12,0,0,0,2.0,1
0.0003,58,0,1.0172,2400.0,8,0,1,0,2.0,0
0.0356,32,0,0.4559,17007.0,7,0,1,0,0.0,0
0.322,43,0,0.6877,12796.0,9,0,2,0,1.0,0
0.1312,27,0,0.2986,3795.0,9,0,1,0,0.0,0
0.4565,49,0,0.8508,4687.0,5,0,2,1,0.0,0
4.4676,37,0,0.5663,5871.0,11,0,1,0,0.0,0
0.1954,48,0,0.3486,4258.0,8,0,3,0,0.0,0
0.4454,71,0,0.6088,7897.0,6,0,1,0,2.0,0
0.6219,75,0,0.4952,4063.0,3,0,0,0,0.0,1
0.4026,27,0,0.7046,6696.0,7,0,1,0,0.0,0
0.4175,27,0,0.5574,2792.0,5,0,5,0,0.0,0
1.0368,52,0,0.1107,,9,0,0,0,0.0,0
0.5719,48,0,1.0942,7249.0,12,1,3,0,0.0,0
0.0148,32,0,0.6073,4794.0,10,0,2,0,1.0,0
0.6204,48,0,0.6627,3458.0,3,0,2,0,1.0,0
0.1084,51,0,0.4156,2232.0,10,0,1,0,3.0,0
0.5941,46,0,0.4393,6108.0,5,0,0,0,1.0,0
0.2602,68,0,0.0889,2112.0,8,0,1,0,0.0,0
0.7221,66,0,0.6982,5535.0,5,0,2,0,1.0,0
0.188,49,0,0.6427,4864.0,8,0,1,0,1.0,0
0.5783,69,0,0.3347,,10,0,1,0,1.0,0
0.3413,64,0,0.4075,7472.0,6,0,0,0,0.0,0
0.1116,53,0,0.5482,2720.0,6,0,3,0,1.0,0
0.0129,21,0,0.7306,11948.0,9,0,3,0,1.0,0
0.033,31,0,0.7922,4985.0,9,0,0,0,0.0,0
4.3032,45,0,0.3549,,3,0,1,0,0.0,0
0.4969,58,0,0.516,3213.0,8,0,0,0,0.0,0
0.6272,32,0,0.3251,6482.0,9,0,0,0,1.0,0
0.497,66,0,0.6904,4608.0,12,0,3,0,,1
0.2363,71,0,0.3022,,8,0,0,0,0.0,0
0.1653,57,0,0.3685,9681.0,7,0,0,0,2.0,0
0.1513,58,0,0.2238,,11,0,1,0,1.0,0
0.0267,61,0,0.6464,1881.0,11,0,3,0,,0
0.6837,57,4,0.6,5933.0,5,0,0,0,0.0,0
0.6949,52,0,0.8857,4009.0,8,0,3,0,1.0,0
0.4204,49,0,0.1484,5610.0,6,0,1,0,1.0,0
0.4095,64,0,1.2353,6034.0,4,0,1,0,2.0,0
0.4366,64,0,0.7428,4021.0,8,0,1,0,1.0,0
4.1073,31,0,0.7453,,6,0,1,0,0.0,0
0.1123,51,0,1.1253,,8,0,2,0,1.0,0
0.5841,58,0,0.5961,5321.0,11,0,0,0,2.0,0
0.3683,30,0,0.408,2824.0,8,0,2,0,0.0,0
0.0159,60,0,0.6275,1710.0,3,0,1,0,0.0,0
0.0231,49,0,0.437,3504.0,6,0,1,0,1.0,0
0.5963,79,0,0.5699,12620.0,7,0,0,0,1.0,0
0.3095,61,0,0.5396,3330.0,8,0,1,0,0.0,0
0.691,53,0,0.5689,5243.0,8,0,0,0,0.0,0
0.0393,58,0,0.1714,1751.0,9,0,0,0,0.0,0
0.4959,53,0,0.4476,5339.0,10,0,1,0,0.0,0
0.5063,29,0,0.2665,,3,0,1,0,1.0,0
0.7183,50,0,0.2376,5658.0,8,0,0,0,3.0,0
0.3265,28,0,1.0581,5764.0,9,0,1,0,2.0,0
0.0157,47,0,0.2619,2977.0,7,0,0,0,0.0,0
0.0335,53,0,0.2986,4664.0,10,0,2,0,2.0,0
0.4859,34,0,0.9343,4800.0,9,0,2,0,1.0,0
0.0955,50,0,0.576,5797.0,10,0,1,0,1.0,0
0.4435,72,0,0.3494,6077.0,10,0,0,0,1.0,1
0.1178,44,1,0.7613,2089.0,10,0,1,2,1.0,0
0.0746,38,0,1.0127,4642.0,5,0,4,0,2.0,0
0.3447,67,0,0.0705,4032.0,5,0,3,0,0.0,0
0.6959,54,0,0.634,10885.0,9,0,0,0,1.0,0
0.9401,51,0,0.4436,,7,0,0,0,1.0,0
0.2561,59,0,0.753,5217.0,9,0,1,0,0.0,0
0.2804,54,0,0.1038,2196.0,6,0,0,0,2.0,0
0.4569,41,0,0.3939,,10,0,0,0,1.0,0
0.0534,35,0,0.1101,2632.0,6,0,4,0,0.0,0
0.5083,76,0,0.3131,2996.0,10,0,2,0,0.0,0
0.2427,58,0,0.3821,2406.0,6,0,1,0,2.0,0
0.6424,73,0,0.1797,4554.0,8,0,0,0,2.0,0
2.8473,48,0,0.2681,2345.0,9,0,0,0,0.0,0
0.0826,69,0,0.4186,1608.0,11,0,0,0,2.0,0
0.3281,40,0,0.4747,6372.0,10,0,2,0,3.0,0
0.2094,29,0,0.4125,4533.0,4,0,0,0,1.0,0
0.0311,58,0,0.518,,10,0,1,0,2.0,0
0.6132,65,0,0.716,3273.0,6,0,3,0,0.0,1
0.8636,66,0,0.2936,,8,0,1,0,0.0,0
0.187,57,0,0.869,,10,0,1,0,0.0,0
0.2123,42,0,0.048,2333.0,7,0,0,0,0.0,0
0.4337,57,0,0.5456,6265.0,8,0,1,0,0.0,0
0.4709,57,0,0.8444,4941.0,5,0,1,0,0.0,1
0.6542,50,0,0.6184,2527.0,8,0,1,0,0.0,1
0.291,45,0,0.7756,4101.0,7,0,2,0,0.0,0
0.0482,36,0,0.5837,3319.0,8,0,0,0,2.0,0
0.2148,54,0,0.3273,,16,0,0,0,0.0,0
2.4431,55,0,0.5046,8806.0,10,0,1,0,0.0,0
0.1187,31,0,0.3466,2287.0,14,0,2,0,0.0,0
0.6795,79,0,0.5904,13476.0,9,0,1,0,2.0,0
0.4296,31,0,0.7605,3731.0,7,0,1,0,2.0,0
3.0656,42,0,0.3815,,14,0,0,0,0.0,0
0.6468,55,0,0.4079,3739.0,5,0,0,0,0.0,0
0.1544,57,0,0.1754,4256.0,8,0,3,0,0.0,0
0.2213,40,0,0.5746,2022.0,12,0,2,0,0.0,0
0.2529,38,0,0.9394,,12,0,2,0,1.0,0
0.5939,50,0,0.1714,12950.0,10,0,1,0,0.0,0
0.0183,51,0,0.8248,6119.0,7,0,0,0,0.0,0
0.01,71,1,0.1841,,6,1,0,0,3.0,0
0.4214,36,0,0.2611,2677.0,11,0,0,0,0.0,0
0.3894,52,0,0.9145,2786.0,10,0,1,0,1.0,0
0.777,49,0,0.5034,2229.0,10,0,1,0,0.0,0
3.3402,57,0,0.914,4905.0,5,0,0,0,1.0,0
0.8768,47,0,1.2302,3195.0,3,0,0,0,,0
4.0932,66,0,0.5178,,10,0,4,0,0.0,1
0.423,61,0,0.2829,18931.0,7,0,1,0,0.0,0
0.7219,70,0,0.7699,,9,0,3,0,0.0,1
1.2614,53,0,0.2189,,4,0,3,0,1.0,0
2.797,51,0,0.1815,2271.0,3,0,0,0,0.0,0
0.8962,46,0,0.3579,3199.0,9,0,2,0,1.0,0
0.4394,31,0,0.456,2227.0,8,0,3,0,1.0,0
0.0316,57,0,1.099,4483.0,3,0,2,0,4.0,0
0.4936,58,0,0.5343,3852.0,10,0,1,0,1.0,1
0.5439,59,0,0.2279,3783.0,12,0,0,0,2.0,1
1.1502,46,0,0.1294,10562.0,6,0,0,0,1.0,0
0.3676,35,0,0.8392,2863.0,11,0,3,0,2.0,0
0.4623,40,0,0.6937,9610.0,8,0,1,0,0.0,0
0.8338,54,1,0.4557,4261.0,7,0,1,0,0.0,0
1.5408,67,0,0.19,6481.0,4,0,0,0,2.0,0
0.2002,29,0,1.0214,6066.0,9,0,0,0,0.0,0
0.4901,74,0,0.6596,5828.0,8,0,1,0,0.0,0
0.161,22,0,0.3676,4344.0,5,0,0,0,1.0,0
0.1442,77,0,0.2744,11842.0,11,0,1,0,2.0,0
1.9129,37,0,0.63,3868.0,8,0,0,0,0.0,1
0.063,72,0,0.5024,5324.0,7,0,0,0,0.0,0
0.9028,45,0,0.0894,5537.0,14,0,0,0,0.0,0
0.3609,71,0,0.2668,21262.0,4,0,0,0,0.0,0
8.6808,21,0,0.5402,,7,0,0,0,0.0,1
0.2285,60,0,0.3439,7728.0,2,0,0,0,0.0,0
0.7207,66,0,0.4191,3758.0,14,0,1,0,0.0,0
0.7634,56,0,0.3177,3086.0,10,0,1,0,1.0,1
0.1786,60,0,0.7636,4983.0,5,0,1,0,1.0,0
1.2121,66,0,1.1412,14191.0,9,0,4,0,1.0,0
0.3087,54,0,0.0368,3932.0,9,0,2,0,4.0,0
0.5803,45,0,0.1916,17774.0,5,0,1,0,1.0,0
0.633,33,0,0.0402,5725.0,10,0,4,0,3.0,0
0.3555,65,0,0.1589,3118.0,7,0,1,0,4.0,0
0.1892,67,0,0.5515,,4,0,1,0,1.0,0
1.0376,61,0,0.4235,33788.0,8,0,0,0,1.0,0
0.5445,62,0,0.6984,4611.0,5,0,1,0,1.0,0
0.7724,55,0,0.2953,5815.0,7,0,1,0,1.0,0
0.5574,45,0,0.6292,,8,0,2,0,0.0,1
0.3117,68,0,0.6268,3885.0,10,0,1,0,2.0,0
0.4424,45,0,0.3748,8833.0,10,0,2,0,0.0,0
0.9099,53,0,0.4969,4372.0,9,0,2,0,0.0,0
0.0941,60,0,0.6215,13292.0,8,0,1,0,1.0,0
0.1527,71,0,0.8332,12989.0,7,0,1,0,0.0,0
6.6664,21,0,0.5255,2161.0,12,0,0,0,1.0,1
0.6736,64,0,0.5991,7503.0,8,0,0,0,,0
0.1897,46,0,0.252,,4,0,0,0,1.0,0
0.2959,59,0,0.0716,8921.0,5,0,0,0,1.0,0
1.0338,26,0,0.1842,,9,0,0,0,0.0,0
0.4182,41,0,0.0641,3097.0,11,0,2,0,,0
0.3079,68,0,0.7521,2330.0,11,0,0,0,1.0,0
0.2844,68,0,0.054,5505.0,8,0,0,0,1.0,0
0.3515,49,0,0.3571,4057.0,16,0,0,0,1.0,0
0.0546,76,0,0.8683,11942.0,8,0,0,0,0.0,0
0.5615,52,0,0.4399,9662.0,3,0,2,0,0.0,0
0.0115,56,0,0.7811,6058.0,12,0,1,0,2.0,0
0.351,40,0,0.5428,,6,0,1,0,0.0,0
0.9695,45,0,0.6009,2754.0,6,0,1,0,0.0,0
0.3708,58,0,0.4181,4176.0,9,0,1,0,0.0,0
0.4098,21,0,0.1554,5245.0,8,0,0,0,1.0,0
0.5608,53,0,0.5876,3931.0,11,0,0,0,1.0,0
0.4978,58,0,0.2451,4029.0,10,0,1,0,1.0,0
1.028,52,0,0.109,,12,0,2,0,2.0,0
0.0922,72,0,0.4015,,5,0,2,0,0.0,0
0.081,45,0,0.969,,8,1,2,1,1.0,0
0.2994,49,0,0.2283,4299.0,14,0,0,0,0.0,0
0.3253,46,0,0.3012,12096.0,11,0,1,0,0.0,0
0.3632,48,0,0.6188,,8,0,0,0,2.0,0
0.543,50,0,0.7564,1504.0,9,0,0,0,2.0,1
2.5687,44,0,0.4151,10255.0,6,0,1,0,2.0,0
0.0737,68,0,0.3087,13112.0,7,0,0,0,0.0,0
0.3749,71,1,0.7804,10547.0,6,0,0,2,0.0,0
0.6505,68,0,0.8094,4713.0,9,0,3,0,0.0,0
0.1927,62,0,0.1916,12234.0,7,0,0,0,2.0,0
0.1847,38,0,0.6682,4953.0,6,0,1,0,0.0,0
0.3464,51,0,0.6733,3355.0,3,0,1,0,0.0,0
0.1633,81,1,0.4169,,4,0,2,0,1.0,0
0.7689,49,0,0.4635,,11,0,0,0,0.0,0
0.753,57,0,0.3278,3355.0,6,0,2,0,0.0,0
0.138,31,0,0.0654,4761.0,2,0,0,0,1.0,0
0.3389,59,0,1.106,,3,0,0,0,0.0,0
0.3804,42,0,0.7623,7977.0,12,0,2,0,1.0,0
0.5431,48,0,0.385,8686.0,10,0,1,0,1.0,0
0.1982,21,0,0.494,3043.0,11,0,2,0,1.0,0
0.918,51,1,0.2324,12611.0,6,0,0,0,1.0,0
0.375,64,0,0.974,,7,0,0,0,0.0,0
0.5002,65,0,0.3062,12310.0,7,0,1,0,0.0,0
0.6521,46,0,0.129,4214.0,7,0,2,0,2.0,0
0.5049,63,0,0.1137,,7,0,1,0,0.0,0
0.2185,65,0,0.3195,8006.0,3,0,4,0,1.0,0
0.3776,41,0,0.4446,12054.0,5,0,0,0,1.0,0
0.7429,65,0,0.5097,15762.0,6,0,1,0,3.0,0
0.1179,47,0,0.0529,,8,0,2,0,1.0,0
0.1405,33,0,0.1474,11604.0,9,0,0,0,1.0,0
0.593,42,0,0.5228,3483.0,10,0,2,0,1.0,0
0.1568,55,0,0.7605,2982.0,1,0,1,0,0.0,0
4.5428,31,0,0.2832,,12,0,1,0,1.0,0
0.1322,23,3,0.6576,1745.0,3,0,0,0,0.0,1
0.8376,57,0,0.287,6671.0,3,0,0,0,0.0,0
0.5855,57,0,0.2107,13729.0,6,0,2,0,0.0,0
0.3021,48,0,0.7442,1128.0,6,0,2,0,1.0,0
0.8028,53,0,0.1101,,7,0,2,0,2.0,0
0.4831,61,0,0.4445,,3,0,2,0,0.0,0
0.977,28,0,0.2858,5669.0,9,0,0,0,0.0,0
0.1231,21,0,0.7333,5014.0,5,0,1,0,0.0,0
0.4128,63,0,0.4929,12786.0,9,0,2,0,1.0,0
0.5375,57,0,0.4113,14848.0,6,0,0,0,2.0,0
0.2351,59,0,0.6843,,14,0,1,0,0.0,0
0.1323,40,5,0.5694,,9,0,1,0,0.0,0
5.1908,54,0,0.8713,13027.0,5,0,1,2,0.0,0
5.435,67,1,0.8454,,8,0,1,0,1.0,0
0.571,55,0,0.336,4024.0,4,0,1,0,2.0,0
0.3828,45,0,0.4277,2971.0,3,0,0,0,2.0,0
1.689,55,0,0.538,9280.0,7,0,2,0,1.0,0
0.5209,71,0,0.4512,9728.0,5,0,2,0,2.0,1
1.873,54,0,0.6817,6972.0,8,0,1,0,1.0,0
0.2886,36,0,0.4725,4143.0,7,0,4,0,0.0,0
0.2238,76,0,1.0474,7382.0,12,0,2,0,2.0,0
0.5055,48,0,0.1866,9542.0,9,0,1,0,0.0,0
3.2301,42,0,0.7748,7367.0,7,0,1,0,4.0,0
0.9833,43,0,0.3763,4841.0,3,0,2,0,4.0,0
1.073,59,1,0.665,6067.0,6,1,1,0,1.0,0
3.2317,43,0,0.6164,7862.0,7,0,0,0,0.0,0
0.2285,29,0,0.1334,3833.0,11,0,1,0,0.0,0
0.1241,58,0,0.4939,7660.0,6,0,2,0,1.0,0
5.2653,55,0,0.6813,7550.0,12,0,1,0,0.0,0
0.5598,53,0,0.0458,3692.0,10,0,1,0,3.0,0
3.1594,37,4,0.9318,,7,0,1,3,1.0,0
0.1688,46,0,0.592,15221.0,6,0,1,0,0.0,0
0.07,58,0,0.2092,2853.0,7,0,0,0,0.0,0
1.8639,53,0,0.1876,7843.0,10,0,0,0,2.0,0
0.2917,56,0,0.2261,3515.0,10,0,1,0,0.0,0
0.0494,73,0,0.7263,18828.0,8,0,0,0,0.0,0
0.4655,55,0,1.1231,5419.0,12,0,1,0,1.0,0
0.1975,59,0,0.5565,1675.0,5,0,0,0,0.0,0
0.2231,39,0,0.5921,4482.0,10,0,1,0,3.0,0
5.0058,36,0,0.5135,5741.0,5,0,0,0,0.0,0
0.2228,61,0,0.2081,4571.0,11,0,0,0,0.0,0
0.1697,45,0,0.1139,18788.0,9,0,0,0,,0
0.2297,27,0,1.0142,4136.0,9,0,1,0,0.0,0
0.0088,59,0,0.0376,,12,0,0,0,0.0,0
0.3975,66,0,0.5736,,9,0,1,0,4.0,0
0.9171,37,0,0.7186,6219.0,7,0,0,0,0.0,0
0.0694,28,0,0.7731,11957.0,5,0,1,0,0.0,0
0.8096,72,0,0.4838,17140.0,8,0,2,0,1.0,0
0.1559,70,0,0.3569,4432.0,5,0,0,0,1.0,0
0.2929,66,0,0.3176,4207.0,7,0,0,0,2.0,0
0.2162,40,0,0.3461,,9,0,3,0,1.0,0
0.6771,48,0,0.6228,4406.0,10,0,0,0,0.0,0
0.7375,58,0,0.0636,2840.0,9,0,0,0,1.0,0
0.4354,64,0,0.4469,5722.0,8,0,2,0,1.0,0
0.4758,50,0,0.123,,7,0,0,0,1.0,0
2.0222,89,0,0.468,5837.0,9,0,4,0,1.0,0
0.2003,60,0,0.4628,4350.0,6,0,0,0,3.0,0
0.1926,54,0,0.2291,3773.0,9,0,0,0,2.0,0
0.2178,50,0,0.5328,11926.0,7,0,4,0,0.0,0
0.0771,55,0,0.085,5628.0,9,0,0,0,1.0,0
3.2954,57,0,1.0163,2362.0,6,0,2,0,1.0,0
0.2958,36,0,0.0648,3404.0,10,0,0,0,1.0,0
0.0836,35,0,0.0798,15536.0,3,0,0,0,0.0,0
1.988,42,0,0.3067,4486.0,10,0,0,0,1.0,0
0.2686,48,0,0.3452,,9,0,0,0,1.0,0
0.4528,54,0,1.1295,5709.0,9,0,0,0,1.0,0
0.1916,46,0,0.2769,13279.0,8,0,1,0,1.0,0
0.8312,52,0,0.1836,3515.0,8,0,1,0,1.0,0
0.3631,32,0,0.1274,3179.0,9,0,1,0,2.0,0
0.2429,69,0,0.1128,3793.0,6,0,1,0,,0
0.5249,33,0,0.8167,8218.0,11,0,2,0,0.0,0
0.6226,56,0,0.4748,5175.0,10,0,2,0,1.0,1
0.4348,38,0,0.8162,5902.0,5,0,1,0,1.0,0
0.5593,58,0,0.8328,1784.0,9,0,0,0,1.0,0
0.3183,74,0,0.6239,3359.0,5,0,1,0,1.0,0
0.6411,63,0,0.631,14553.0,8,0,1,0,1.0,0
0.9748,40,0,0.4289,4352.0,8,0,2,0,0.0,0
0.0838,55,0,0.3216,4742.0,4,0,2,0,0.0,0
0.4973,47,0,0.7134,9279.0,7,0,0,0,1.0,0
0.1032,34,1,0.838,3760.0,8,0,2,0,2.0,0
0.0511,66,0,0.3391,,5,0,1,0,3.0,0
0.0572,85,0,0.8636,9701.0,8,0,0,0,1.0,0
0.4669,70,0,0.1833,22260.0,12,0,2,0,1.0,0
0.3721,35,0,0.3313,2483.0,10,0,1,0,1.0,0
0.3206,81,0,0.9275,,6,0,1,0,0.0,0
0.8374,43,0,0.1672,,6,0,1,0,0.0,0
0.6953,46,0,0.7861,7268.0,8,0,0,0,0.0,0
5.7137,42,0,0.3829,5941.0,9,0,2,0,1.0,0
0.7645,54,0,0.5518,4216.0,10,0,2,0,0.0,0
0.0857,23,0,0.7091,9849.0,9,0,2,0,1.0,0
0.2613,38,0,0.5335,4911.0,13,0,1,0,2.0,0
0.4353,68,0,0.2863,10763.0,6,0,1,0,1.0,0
0.2945,88,0,0.9526,,7,0,0,0,1.0,0
3.026,21,0,0.3241,8365.0,6,0,3,0,0.0,1
1.0152,67,0,0.6551,4167.0,7,0,3,0,1.0,0
0.7302,35,0,0.1669,5482.0,5,0,2,0,0.0,0
0.1198,46,0,0.8025,3014.0,8,0,0,0,1.0,0
0.1372,34,0,0.9154,,8,0,0,0,0.0,0
0.1323,66,0,1.0251,4150.0,6,0,1,0,1.0,0
0.3026,60,0,0.3678,5483.0,10,0,0,0,0.0,0
0.1956,54,0,0.8951,4522.0,5,0,1,0,,0
0.4226,63,0,0.1387,7170.0,10,0,1,0,0.0,0
1.0761,61,0,0.4858,9905.0,13,0,1,0,2.0,0
0.1167,36,0,0.2303,3420.0,11,0,1,0,2.0,0
0.6422,57,0,0.4335,13955.0,3,0,0,0,2.0,0
0.7795,43,0,0.4422,,8,0,1,0,1.0,0
0.6714,41,0,0.0474,9804.0,9,0,4,0,0.0,0
0.7078,59,0,0.603,16392.0,8,0,1,0,0.0,0
2.7723,71,0,0.9424,11177.0,10,0,0,0,1.0,0
0.8898,51,0,1.0589,3191.0,13,0,0,0,0.0,0
2.1145,75,0,1.3084,6492.0,9,0,0,0,0.0,0
0.7905,47,0,0.1853,3917.0,21,0,3,0,0.0,0
0.5446,28,0,0.4411,,8,0,0,0,2.0,0
0.2854,33,0,0.1592,6358.0,7,0,2,0,0.0,0
1.2092,30,0,0.7469,,7,0,0,0,0.0,1
1.0116,58,2,0.2157,11119.0,9,1,2,0,0.0,0
0.2305,79,0,0.9364,3391.0,5,0,1,0,2.0,0
0.6145,68,0,0.6713,,5,0,0,0,0.0,0
0.7027,65,0,0.189,4111.0,11,0,0,0,0.0,0
2.0074,75,0,0.8138,3635.0,6,0,2,0,0.0,0
0.9385,62,0,0.4356,4985.0,7,0,1,0,0.0,0
0.8427,68,0,0.3464,9424.0,14,0,2,0,,0
0.2625,54,2,0.6462,3275.0,11,0,1,2,0.0,0
0.1195,40,0,0.147,,7,0,1,0,0.0,0
2.3263,35,0,0.5906,2179.0,9,0,1,0,2.0,0
0.5851,47,0,0.6566,4354.0,8,0,0,0,2.0,0
0.493,28,0,0.8742,3474.0,9,0,0,0,0.0,1
0.514,47,0,0.4269,8793.0,5,0,3,0,2.0,0
0.0104,47,0,0.7708,7161.0,10,0,0,0,,0
0.1493,64,0,0.8384,9423.0,6,0,0,0,0.0,0
0.0282,50,0,0.2929,2986.0,3,0,1,0,0.0,0
0.131,70,0,0.4001,6421.0,5,0,0,0,0.0,0
2.0862,46,3,0.5119,18303.0,4,0,1,0,1.0,0
0.4831,38,0,0.4693,4134.0,4,0,1,0,0.0,1
0.316,77,0,0.4476,9359.0,8,0,1,0,1.0,0
0.5309,68,0,0.3273,9233.0,11,0,1,0,1.0,0
0.7349,54,0,0.9231,8534.0,8,0,2,0,0.0,0
0.2107,44,0,0.1054,,3,0,1,0,1.0,0
0.1594,84,0,0.3868,6537.0,5,0,0,0,,0
0.4873,53,1,0.9567,10790.0,11,1,2,0,1.0,0
3.2709,64,1,0.2384,5028.0,9,0,0,0,1.0,0
0.4673,73,0,0.8043,6847.0,6,0,2,0,1.0,0
0.6259,58,3,0.6908,9729.0,7,0,1,0,1.0,0
2.3656,36,0,0.2038,15986.0,5,0,2,0,3.0,0
0.0216,50,0,0.2881,,3,0,2,0,0.0,0
0.9461,45,0,0.5206,2886.0,7,0,1,0,2.0,0
7.2862,52,0,0.5312,2338.0,8,0,0,0,1.0,0
1.0759,57,0,0.2694,2885.0,8,0,0,0,2.0,0
0.0186,47,0,0.4514,11139.0,12,0,2,0,2.0,0
1.7673,47,0,0.508,5829.0,6,0,0,0,0.0,0
0.525,54,0,0.4355,,8,0,1,0,1.0,0
0.3779,31,0,0.4799,,9,0,3,0,0.0,0
0.8924,47,1,0.9024,11925.0,8,0,2,0,0.0,0
0.6258,56,0,0.2478,,9,0,2,0,0.0,0
0.3488,55,0,0.7402,,6,0,0,0,2.0,0
1.0133,41,0,0.5343,2544.0,9,0,1,0,2.0,0
0.9914,45,0,0.2153,7319.0,7,0,1,0,0.0,0
3.3717,31,0,1.126,6068.0,5,0,2,0,1.0,0
0.6267,41,0,0.3997,6214.0,7,0,0,0,1.0,0
0.2923,26,0,0.3706,557.0,9,0,1,0,0.0,0
0.0197,49,0,0.6573,7959.0,12,0,1,0,1.0,0
4.1164,58,0,0.9554,3143.0,7,0,0,0,2.0,0
0.3702,42,0,0.1988,1484.0,8,0,1,0,0.0,0
0.2146,21,0,0.1677,,11,0,2,0,0.0,0
0.1784,64,0,0.3402,,11,0,0,0,1.0,0
0.558,55,0,0.1477,3716.0,9,0,1,0,0.0,0
3.3626,40,0,0.5239,,6,0,2,0,0.0,1
0.4138,39,0,0.8712,3193.0,3,0,1,0,1.0,0
1.0722,65,0,0.2048,7072.0,9,0,2,0,1.0,0
0.1469,58,0,0.6019,7083.0,8,0,0,0,2.0,0
0.3611,62,0,0.5539,9474.0,7,0,1,0,0.0,0
0.3807,31,0,0.3648,9962.0,11,0,0,0,0.0,0
0.5041,60,0,0.5788,22088.0,10,0,0,0,0.0,0
0.3619,37,0,0.3577,3867.0,7,0,0,0,2.0,0
0.3702,32,0,0.399,1837.0,7,0,2,0,0.0,0
0.6834,52,0,0.5955,5782.0,9,0,1,0,1.0,0
0.4733,59,0,0.4597,9161.0,8,0,1,0,3.0,0
1.099,52,0,0.8768,8894.0,6,0,2,0,1.0,0
0.2183,53,0,0.3427,,13,0,2,0,2.0,0
2.4569,36,0,0.0789,2818.0,3,0,1,0,1.0,0
0.4565,24,0,0.268,2115.0,3,0,0,0,2.0,0
0.6126,58,0,0.1246,1735.0,11,0,1,0,0.0,0
0.654,55,0,0.5273,5426.0,3,0,0,0,0.0,0
0.4075,45,0,0.59,2815.0,2,0,1,0,1.0,0
0.7312,46,0,0.4719,2733.0,4,0,2,0,0.0,0
0.2196,53,0,0.5588,10776.0,10,0,1,0,,0
0.7545,46,0,0.3682,8140.0,7,0,3,0,0.0,0
0.2167,62,0,0.2298,18839.0,8,0,2,0,1.0,0
0.2362,62,0,0.054,2670.0,1,0,0,0,0.0,0
4.2796,51,0,0.1579,6131.0,10,0,1,0,1.0,0
0.0624,49,0,0.7572,3088.0,12,0,1,0,0.0,0
0.3053,56,0,0.7307,14406.0,10,0,2,0,4.0,0
0.4268,21,0,1.0197,2555.0,13,0,1,0,0.0,1
0.0604,51,0,0.7191,8268.0,3,0,0,0,1.0,0
0.0552,29,0,0.3653,2152.0,13,0,1,0,2.0,0
0.6023,58,0,0.9389,18389.0,6,0,0,0,0.0,0
0.4777,65,0,0.5408,,10,0,2,0,0.0,0
0.6222,21,0,0.7784,4541.0,3,0,0,0,0.0,1
0.39,61,0,0.8676,6922.0,5,0,0,0,1.0,0
0.6999,51,0,0.3198,11081.0,6,0,1,0,0.0,0
0.1512,59,0,0.6872,2887.0,5,0,0,0,4.0,0
2.4603,66,0,0.5727,7617.0,4,0,1,0,,0
0.2195,55,0,0.5446,4338.0,13,0,4,0,0.0,0
0.6208,54,0,0.358,5287.0,9,0,2,0,1.0,0
0.2043,36,0,0.0819,,12,0,0,0,0.0,0
1.0612,40,0,0.1959,,12,0,1,0,0.0,0
0.1964,80,0,0.2989,10835.0,7,0,2,0,3.0,0
1.4439,66,0,0.8888,4505.0,8,0,1,0,0.0,0
0.361,58,0,0.5044,12665.0,5,0,0,0,4.0,0
0.4017,39,0,0.8441,3258.0,6,0,3,0,1.0,0
0.2426,57,1,0.3796,3294.0,10,0,2,0,0.0,0
1.1685,46,0,0.65,4759.0,7,0,1,0,0.0,0
0.2752,83,0,0.0746,7187.0,6,0,1,0,1.0,0
0.3189,71,0,0.4674,5257.0,12,0,0,0,1.0,0
0.3953,40,0,0.9548,3660.0,9,0,1,0,0.0,0
0.3966,42,2,0.4854,5093.0,4,0,0,0,1.0,0
0.971,49,0,0.6264,6070.0,9,0,1,0,0.0,0
1.2298,70,0,0.3985,9398.0,8,0,2,0,2.0,0
0.2478,67,0,0.1832,,8,0,5,0,1.0,0
0.9763,21,0,0.4354,3981.0,7,0,0,0,0.0,0
0.1464,58,0,0.1492,4874.0,10,0,0,0,1.0,0
0.5083,68,0,0.1797,,10,0,0,0,,0
0.6387,49,0,0.6113,,5,0,2,0,2.0,0
0.2633,60,0,0.4723,9231.0,11,0,0,0,1.0,0
0.449,79,0,0.3901,,5,0,1,0,1.0,0
0.4649,72,0,0.2468,4171.0,4,0,1,0,2.0,1
0.9506,59,0,0.1203,4316.0,6,0,1,0,0.0,1
0.6132,57,0,0.1788,4003.0,8,0,1,0,1.0,0
0.6259,52,0,0.7589,21851.0,8,0,0,0,1.0,0
0.3283,60,0,0.2727,,10,0,2,0,2.0,0
0.1096,49,0,0.3713,,8,0,0,0,1.0,0
0.2184,67,0,0.738,5654.0,4,0,2,0,,0
0.0039,38,0,0.3659,,11,0,1,0,1.0,0
0.5952,43,0,0.2303,3718.0,10,0,0,0,1.0,0
0.6905,46,0,0.3866,,6,0,1,0,0.0,0
0.411,69,0,0.3621,,4,0,2,0,0.0,0
0.02,63,0,0.034,3015.0,6,0,0,0,0.0,0
0.6832,56,0,0.3273,39793.0,4,0,0,0,0.0,0
0.5003,57,0,0.7289,7046.0,6,0,1,0,1.0,0
3.011,24,0,0.5948,3214.0,6,0,3,0,0.0,1
0.0309,61,0,0.7121,5452.0,11,0,3,0,,0
0.6596,37,0,0.2773,11624.0,7,0,1,0,3.0,0
0.6238,42,0,0.7343,3200.0,7,0,2,0,0.0,1
0.6543,95,0,0.2321,6473.0,12,0,1,0,1.0,0
0.0391,59,0,0.1896,,3,0,0,0,1.0,0
0.2998,54,0,0.4403,2836.0,7,0,0,0,0.0,0
0.0556,49,0,0.3045,2138.0,10,0,0,0,1.0,0
0.6733,69,0,0.2202,5587.0,10,0,1,0,0.0,0
0.1677,36,0,1.1262,6105.0,7,0,1,0,1.0,0
0.3169,44,0,0.6861,12287.0,6,0,0,0,1.0,0
0.2432,68,0,0.4714,5294.0,10,0,2,0,1.0,0
0.3063,52,0,0.9544,7436.0,4,0,0,0,2.0,0
0.1542,57,0,0.4704,,9,0,1,0,1.0,0
0.6443,43,0,1.1733,9115.0,11,0,1,0,0.0,0
0.4695,60,0,0.4884,14720.0,7,0,0,0,2.0,0
0.3084,44,0,0.6273,,6,0,0,0,1.0,0
0.5573,29,0,0.1914,2186.0,10,0,3,0,0.0,0
0.0836,65,0,0.3688,,3,0,2,0,2.0,0
0.9683,39,0,0.195,4723.0,10,0,0,0,0.0,0
3.0027,34,0,0.7973,4731.0,7,0,2,0,1.0,0
0.8036,38,0,0.728,2047.0,6,0,0,0,1.0,0
3.249,52,0,0.5226,5979.0,17,0,2,0,0.0,0
0.2078,41,0,0.9492,3116.0,10,0,1,0,0.0,0
0.6169,78,0,0.3278,5265.0,9,0,1,0,0.0,0
0.7301,67,2,0.2547,7374.0,8,0,2,1,1.0,0
0.1593,53,0,0.8151,5161.0,16,0,0,0,1.0,0
0.2624,39,0,0.8194,1620.0,4,0,1,0,1.0,0
0.3135,65,0,0.3195,5329.0,5,0,0,0,2.0,0
0.0348,56,0,0.4495,7608.0,8,0,1,0,0.0,0
2.3281,42,0,0.1485,2754.0,7,0,0,0,,0
0.032,55,0,0.6081,3289.0,7,0,1,0,0.0,0
0.6323,55,0,0.4782,,4,0,2,0,2.0,1
0.0336,41,0,0.3308,5340.0,7,0,0,0,0.0,0
0.1567,32,0,0.0838,5973.0,6,0,0,0,0.0,0
0.7247,69,0,1.1139,13450.0,5,0,3,0,0.0,0
0.5396,62,0,1.1613,5167.0,4,0,0,0,,0
1.3867,50,0,0.1091,9743.0,12,0,0,0,1.0,0
0.7217,59,0,0.0947,,3,0,3,0,0.0,0
0.2965,64,0,0.1514,7635.0,7,0,0,0,1.0,0
0.2633,46,0,0.3933,,10,0,0,0,0.0,0
0.0224,47,2,0.5486,5630.0,6,0,0,0,2.0,0
0.0801,76,0,0.768,8253.0,10,0,0,0,1.0,0
0.4256,43,0,0.6456,4212.0,8,0,3,0,1.0,1
0.4509,78,0,0.5043,7125.0,6,0,1,0,1.0,0
0.7397,95,0,0.454,4201.0,7,0,1,0,1.0,1
0.8689,56,0,0.6778,18873.0,4,0,0,0,1.0,0
0.653,28,0,0.4612,3539.0,6,0,2,0,1.0,0
0.0259,51,0,0.5468,4865.0,7,0,1,0,2.0,0
1.4441,53,0,0.4263,1918.0,9,0,0,0,2.0,0
0.3391,51,0,0.13,4824.0,9,0,0,0,0.0,0
0.1796,70,3,0.8326,1811.0,7,0,0,0,0.0,1
2.9652,45,0,0.0242,23013.0,7,0,0,0,,0
0.0023,58,0,0.6493,2625.0,7,0,2,0,2.0,0
0.5575,58,0,0.5826,3866.0,6,0,0,0,1.0,0
0.1768,58,0,0.1131,6168.0,7,0,1,0,0.0,0
0.1716,39,0,0.1572,9643.0,11,0,0,0,1.0,0
0.6406,65,0,1.0471,7237.0,7,0,1,0,1.0,0
0.4487,38,0,0.154,,8,0,2,0,1.0,0
2.0449,58,0,0.4094,6818.0,10,0,2,0,0.0,0
0.47,59,0,0.2902,5681.0,6,0,2,0,1.0,0
2.0287,38,0,0.5259,13414.0,3,0,2,0,1.0,0
0.4161,37,0,0.5961,9769.0,6,0,2,0,,0
0.344,47,0,0.2121,8018.0,6,0,1,0,1.0,0
0.5126,68,0,0.8631,5126.0,10,0,2,0,0.0,0
0.3312,58,0,0.6252,13093.0,8,0,0,0,1.0,0
0.0139,67,0,0.1572,1996.0,9,0,0,0,2.0,0
0.0412,68,0,0.7908,8585.0,7,0,1,0,2.0,0
0.0503,62,0,0.7964,5193.0,4,0,1,0,1.0,0
0.316,51,0,0.3141,12768.0,8,0,0,0,1.0,0
0.2225,21,0,0.3469,4099.0,11,0,0,0,0.0,0
0.2598,62,0,0.6374,10420.0,8,0,1,0,1.0,0
0.6951,85,0,0.3957,12368.0,9,0,1,0,1.0,1
4.2343,42,0,0.2716,7387.0,9,0,1,0,0.0,0
0.0128,51,0,0.7049,,4,0,1,0,0.0,0
0.6728,77,0,0.6303,,13,0,1,0,0.0,1
0.4019,59,0,0.8163,13977.0,12,0,1,0,,0
0.1816,59,0,0.1007,,9,0,1,0,0.0,0
0.8244,46,0,0.5066,4659.0,1,0,0,0,2.0,0
0.6087,56,0,0.2893,8375.0,10,0,2,0,2.0,0
0.8492,55,0,0.7012,3753.0,7,0,1,0,1.0,0
0.8308,58,0,0.2051,7817.0,14,0,1,0,0.0,0
0.3768,36,0,1.0595,3146.0,7,0,0,0,2.0,0
0.3937,86,0,1.0479,2310.0,9,0,0,0,0.0,0
1.2338,52,0,0.8914,12195.0,15,0,1,0,5.0,0
0.8117,38,0,0.4035,7387.0,12,0,0,0,0.0,0
0.6305,42,0,0.5615,8515.0,9,0,2,0,0.0,0
0.5875,37,0,0.3387,10808.0,6,0,1,0,0.0,0
0.3727,48,0,0.3497,5861.0,5,0,0,0,0.0,0
0.5552,47,0,0.5028,4362.0,11,0,2,0,0.0,0
0.667,66,0,1.025,13206.0,7,0,0,0,1.0,0
0.0929,34,0,0.4559,5058.0,8,0,1,0,0.0,0
0.0364,33,0,0.8355,10285.0,5,0,0,0,0.0,0
0.9341,24,0,0.5398,2724.0,8,0,2,0,1.0,0
0.9653,57,0,0.2685,,14,0,1,0,1.0,0
0.3258,61,0,0.9607,4028.0,9,0,0,0,3.0,0
0.668,21,0,0.4494,5926.0,4,0,1,0,0.0,0
2.3246,58,0,0.9017,10155.0,11,0,0,0,3.0,0
0.5642,42,0,0.7513,7517.0,7,0,0,0,1.0,0
0.0917,67,0,0.1041,4884.0,8,0,3,0,2.0,0
2.7166,79,0,0.3859,2884.0,5,0,2,0,3.0,0
0.5483,28,0,0.4733,2543.0,6,0,0,0,1.0,1
0.0311,44,1,0.3909,20480.0,9,1,1,0,1.0,0
0.1795,66,0,0.9152,11495.0,13,0,1,0,0.0,0
0.0908,67,0,0.5403,,12,0,2,0,0.0,0
0.2245,50,0,0.2605,6513.0,8,0,1,0,1.0,0
0.3597,65,0,0.5184,2012.0,10,0,1,0,0.0,0
0.1936,59,0,0.6138,4745.0,9,0,0,0,1.0,0
0.7357,66,0,0.3132,19281.0,5,0,2,0,0.0,0
0.0277,67,0,0.2354,5215.0,14,0,1,0,2.0,0
4.7497,50,2,0.9741,2156.0,4,0,0,2,0.0,0
0.1431,64,0,0.3176,,4,0,0,0,0.0,0
5.5743,50,0,0.8829,3871.0,8,0,0,0,0.0,0
0.122,64,0,0.4106,15791.0,10,0,0,0,1.0,0
0.4079,42,0,0.7369,8391.0,13,0,2,0,0.0,0
3.1392,58,0,0.557,10622.0,5,0,2,0,0.0,0
0.0148,58,0,0.7752,5379.0,7,0,1,0,2.0,0
0.0087,65,0,0.1951,3748.0,2,0,0,0,1.0,0
0.3326,50,0,0.547,6653.0,7,0,0,0,0.0,0
0.107,39,0,0.4903,3138.0,7,0,0,0,,0
0.2305,51,0,0.6879,,5,0,0,0,1.0,0
0.4019,32,0,0.1645,13794.0,10,0,0,0,0.0,0
2.1782,46,0,0.3594,2070.0,7,0,1,0,0.0,0
0.332,30,1,0.3894,4076.0,7,0,2,0,0.0,0
0.1217,53,0,0.3578,7003.0,9,0,3,0,2.0,0
0.0348,67,0,0.0706,3508.0,13,0,0,0,0.0,0
2.2165,65,0,0.9155,3021.0,6,0,1,0,0.0,0
0.1662,28,0,0.4089,2486.0,15,0,1,0,1.0,0
0.4163,56,0,0.5254,2263.0,12,0,0,0,0.0,0
0.2609,87,0,0.4092,3136.0,8,0,4,0,0.0,0
1.294,44,0,0.4424,3506.0,7,0,0,0,1.0,0
0.2191,59,0,0.2976,6268.0,21,0,0,0,1.0,0
0.3633,69,0,0.7567,5276.0,9,0,0,0,0.0,0
6.0406,31,0,0.3405,8235.0,7,0,1,0,0.0,0
0.6888,57,0,0.416,9785.0,9,0,0,0,2.0,0
0.7707,65,0,0.2797,8741.0,7,0,0,0,1.0,0
0.3093,47,0,0.5807,3868.0,15,0,1,0,0.0,0
0.1989,31,0,0.2515,,11,0,1,0,0.0,0
0.5547,70,0,0.499,4918.0,7,0,0,0,1.0,0
0.3442,27,0,0.4158,3987.0,4,0,0,0,0.0,0
0.0874,21,0,0.3262,,9,0,1,0,2.0,0
8.4392,32,0,0.2093,10064.0,2,0,0,0,0.0,0
0.0625,46,0,0.6487,4740.0,9,0,0,0,3.0,0
0.3344,30,0,0.6482,,9,0,3,0,1.0,0
0.9798,35,0,0.244,,8,0,1,0,1.0,0
5.8344,42,0,0.7817,,11,0,0,0,0.0,1
0.4424,71,1,0.2987,2652.0,13,0,0,0,0.0,0
7.9384,58,0,0.3762,6147.0,8,0,1,0,1.0,0
0.8907,55,0,0.5007,2847.0,4,0,1,0,2.0,0
0.2734,75,0,0.5937,9330.0,4,0,0,0,0.0,0
0.4114,76,0,0.457,6394.0,10,0,2,0,1.0,1
0.0172,39,0,0.4061,6351.0,7,0,1,0,1.0,0
2.3948,38,0,0.2342,4148.0,7,0,1,0,,0
0.7361,43,0,1.3885,4201.0,11,0,1,0,1.0,1
0.0824,56,0,0.4568,3350.0,7,0,2,0,2.0,0
1.447,72,0,0.1784,,13,0,0,0,0.0,0
0.1088,37,0,0.4448,,9,0,1,0,1.0,0
0.6133,51,0,0.5745,,11,0,0,0,1.0,0
0.326,50,1,0.0402,9299.0,5,0,1,0,1.0,0
0.7122,73,0,0.1324,8376.0,10,0,0,0,0.0,0
0.2699,65,0,0.7637,4505.0,8,0,0,0,1.0,0
0.757,37,0,0.5645,8523.0,8,0,1,0,1.0,0
0.2249,64,0,0.3933,10162.0,8,0,2,0,1.0,0
2.5156,48,0,0.5095,2301.0,5,0,0,0,0.0,0
1.9824,56,0,0.2985,,13,0,0,0,1.0,0
0.1618,34,0,0.1431,5154.0,10,0,1,0,0.0,0
0.5179,23,0,0.2227,3422.0,3,0,0,0,0.0,0
0.1314,48,0,0.1828,6021.0,6,0,2,0,0.0,0
0.1315,38,0,0.4365,15089.0,8,0,1,0,1.0,0
0.6133,49,0,0.2493,2807.0,8,0,1,0,0.0,0
0.6818,42,0,0.64,3411.0,3,0,1,0,,1
3.8604,53,0,0.6,8583.0,9,0,0,0,1.0,0
0.2715,55,0,0.1728,,6,0,0,0,1.0,0
0.1609,62,0,0.3226,,12,0,0,0,1.0,0
1.6202,62,0,0.3434,8785.0,6,0,2,0,0.0,0
0.073,71,2,0.114,2331.0,5,0,2,0,0.0,0
1.9098,53,0,0.2883,3047.0,8,0,1,0,1.0,0
0.6715,34,0,0.5296,,8,0,0,0,1.0,0
0.4078,66,0,0.3785,2207.0,9,0,1,0,2.0,0
0.0053,56,0,0.3579,4743.0,7,0,2,0,1.0,0
1.0028,63,0,0.2447,3871.0,4,0,0,0,0.0,0
0.8189,64,1,0.142,7625.0,7,0,1,0,0.0,0
0.3631,48,0,0.3787,29994.0,12,0,0,0,0.0,0
0.7219,48,0,0.4816,2634.0,14,0,1,0,2.0,0
0.2138,81,0,0.5211,7588.0,11,0,1,0,0.0,0
0.0231,33,0,0.3365,2352.0,7,0,1,0,2.0,0
0.164,45,0,0.2774,7232.0,10,0,0,0,1.0,0
0.0577,64,0,0.2973,9782.0,8,0,0,0,0.0,0
2.8369,49,1,0.2859,6984.0,6,0,1,1,0.0,0
0.5553,44,0,0.3866,3410.0,3,0,1,0,3.0,0
3.6865,63,0,0.6108,8236.0,2,0,1,0,0.0,0
0.246,71,0,0.2429,,8,0,1,0,0.0,0
0.0253,55,0,0.6039,3600.0,8,0,1,0,0.0,0
0.2737,30,0,0.1519,9259.0,5,0,2,0,2.0,0
1.7666,54,0,0.0833,5380.0,9,0,2,0,2.0,0
3.1935,58,0,0.3818,6418.0,8,0,2,0,0.0,0
0.5689,37,0,0.5371,,2,0,1,0,0.0,0
0.427,74,0,0.852,,5,0,2,0,2.0,0
0.4542,60,0,0.0881,3041.0,9,0,3,0,1.0,1
3.1414,38,0,0.6019,5414.0,6,0,1,0,0.0,0
0.5721,60,0,0.6209,8882.0,6,0,0,0,1.0,0
0.484,60,0,0.8652,5152.0,14,0,1,0,0.0,0
0.7329,43,0,0.6924,4981.0,8,0,1,0,1.0,0
0.3409,34,0,0.1721,6321.0,8,0,2,0,0.0,0
0.8796,48,0,0.8707,3880.0,5,0,1,0,2.0,0
1.1912,43,0,1.1504,2726.0,6,0,0,0,1.0,0
0.2475,56,0,0.2216,,9,0,0,0,1.0,0
0.0086,48,0,0.2907,,8,0,1,0,0.0,0
5.5401,59,0,0.8706,4586.0,13,0,1,0,1.0,0
0.0538,55,0,0.3242,3773.0,6,0,0,0,0.0,0
0.1102,63,0,0.6397,4673.0,4,0,0,0,0.0,0
0.1629,60,0,0.4193,15492.0,7,0,2,0,1.0,0
0.1064,66,0,0.3517,6257.0,13,0,4,0,0.0,0
0.4882,40,0,0.687,7707.0,5,0,1,0,0.0,0
0.125,67,0,0.6709,7509.0,5,0,0,0,2.0,0
0.535,80,0,0.1018,16575.0,3,0,0,0,0.0,0
0.16,70,0,0.4674,2910.0,11,0,3,0,0.0,0
0.1104,31,0,0.6086,3763.0,5,0,3,0,2.0,0
0.6304,76,0,0.5675,,7,0,2,0,0.0,1
0.1116,63,0,0.1452,5691.0,13,0,1,0,0.0,0
1.835,67,0,0.7325,4836.0,3,0,1,0,0.0,0
0.2997,41,0,0.4014,7110.0,6,0,1,0,0.0,0
0.1626,31,0,0.2472,12294.0,6,0,1,0,0.0,0
0.3987,73,0,0.3255,7458.0,9,0,1,0,1.0,0
0.1608,45,0,0.0661,1678.0,4,0,2,0,0.0,0
1.1988,40,0,0.1407,4461.0,8,0,2,0,1.0,0
0.1478,30,0,0.4042,,6,0,0,0,0.0,0
0.6182,27,0,0.543,4923.0,6,0,1,0,1.0,0
0.2456,52,0,0.1047,,10,0,0,0,0.0,0
0.0854,65,0,0.5029,2262.0,9,0,1,0,0.0,0
0.3691,56,0,0.1889,5416.0,4,0,2,0,0.0,0
0.8327,50,0,0.7172,2762.0,10,0,2,0,0.0,1
0.0156,71,0,0.3157,,4,0,0,0,0.0,0
0.4826,73,0,0.9798,8647.0,9,0,3,0,0.0,1
0.1729,39,0,0.9568,2631.0,12,0,2,0,2.0,0
0.0237,55,0,0.3395,1849.0,11,0,1,0,0.0,0
0.473,54,0,0.6912,,6,0,1,0,1.0,1
0.6422,48,0,0.446,,6,0,2,0,1.0,0
2.76,59,0,0.5284,,11,0,0,0,1.0,1
0.5708,73,0,0.4977,4753.0,5,0,1,0,1.0,1
0.0135,24,0,0.4402,,3,0,1,0,,0
0.6024,55,0,0.3945,6320.0,7,0,1,0,0.0,0
0.3077,54,0,0.2926,5706.0,4,0,1,0,,0
0.6129,49,0,0.2998,13844.0,7,0,0,0,0.0,0
0.676,63,0,0.3394,2834.0,6,0,0,0,0.0,0
0.3992,48,0,0.1988,8272.0,7,0,1,0,3.0,0
0.0053,42,0,0.4104,,5,0,0,0,0.0,0
1.4927,63,0,0.5817,,6,0,0,0,1.0,0
0.0945,34,0,0.339,3926.0,7,0,1,0,0.0,0
0.3322,42,0,0.7208,2630.0,7,0,0,0,1.0,0
0.1792,40,0,0.6815,,4,0,0,0,4.0,0
0.167,76,0,0.4925,10398.0,3,0,0,0,0.0,1
0.4287,54,0,0.6359,4582.0,4,0,0,0,0.0,0
0.2927,33,0,0.5559,10497.0,6,0,0,0,2.0,0
0.3291,56,0,0.0374,2961.0,8,0,1,0,0.0,0
0.7832,36,0,0.9194,,9,0,0,0,0.0,0
0.2345,56,0,0.3105,,4,0,1,0,0.0,0
0.061,33,0,0.0692,4431.0,9,0,1,0,1.0,0
0.0281,31,0,0.4966,,8,0,1,0,0.0,0
3.2059,62,0,0.2921,6852.0,8,0,0,0,0.0,0
0.2642,43,0,0.6442,7763.0,5,0,1,0,0.0,0
0.107,70,0,0.1843,10241.0,7,0,2,0,0.0,0
0.5793,21,0,0.8557,3743.0,4,0,2,0,2.0,0
0.5569,60,0,0.3748,5671.0,6,0,0,0,0.0,0
0.2077,45,0,0.7843,5189.0,9,0,0,0,,0
0.5003,62,0,0.2419,,4,0,0,0,2.0,0
0.0261,46,0,0.2697,2258.0,10,0,2,0,0.0,0
0.7281,61,0,0.6484,,10,0,3,0,1.0,1
0.7619,48,0,0.3838,5739.0,7,0,0,0,2.0,0
0.1098,53,0,0.0263,5740.0,10,0,1,0,0.0,0
0.0129,70,0,0.5248,,11,0,1,0,1.0,0
0.4104,53,0,0.6701,10539.0,8,0,2,0,1.0,0
0.2033,43,0,0.6875,6793.0,5,0,1,0,1.0,0
0.2744,39,0,0.353,6722.0,10,0,1,0,0.0,0
0.0961,59,0,0.8551,7305.0,11,0,0,0,0.0,0
0.4301,68,0,0.0579,3974.0,6,0,2,0,0.0,0
0.5293,61,0,0.3255,4277.0,8,0,1,0,0.0,0
0.1439,76,0,0.2246,10166.0,7,0,1,0,1.0,0
0.6051,56,0,0.2214,8799.0,7,0,0,0,2.0,0
0.044,44,0,0.9327,11937.0,7,0,0,0,2.0,0
0.2362,71,0,0.9065,,10,0,1,0,0.0,0
0.2449,33,0,0.5177,23741.0,8,0,0,0,1.0,0
0.3688,41,0,0.4192,8367.0,8,0,1,0,0.0,0
0.3545,53,0,0.4784,5612.0,8,0,2,0,0.0,0
0.6005,38,0,0.6876,7008.0,11,0,1,0,0.0,0
0.3069,60,0,0.3114,5901.0,6,0,0,0,0.0,0
0.35,46,0,0.0501,11794.0,12,0,0,0,2.0,0
0.2407,67,0,0.7751,6106.0,7,0,3,0,2.0,0
0.8827,59,0,0.5841,4104.0,9,0,1,0,1.0,0
0.56,79,0,1.0507,,7,0,1,0,0.0,1
0.7315,27,0,0.4044,,8,0,0,0,0.0,0
0.5302,59,0,0.6154,,6,0,0,0,0.0,0
1.7082,54,0,0.9036,6077.0,10,0,0,0,0.0,0
0.0855,54,0,0.2478,8892.0,11,0,3,0,0.0,0
0.6374,46,0,0.6039,7288.0,5,0,1,0,1.0,0
4.7243,57,0,0.9425,4218.0,3,0,0,0,0.0,0
0.5408,24,0,0.3085,2832.0,11,0,1,0,1.0,0
0.9791,24,0,0.6446,7421.0,8,0,1,0,0.0,0
0.487,40,0,0.1933,,6,0,0,0,0.0,0
0.8829,24,0,0.4213,,9,0,1,0,1.0,0
0.2388,57,0,0.5511,4348.0,10,0,0,0,2.0,0
2.9636,38,0,0.3021,21131.0,11,0,1,0,0.0,0
0.1348,51,0,0.6382,,11,0,2,0,1.0,0
0.2808,56,1,0.7352,3050.0,6,1,0,0,2.0,0
4.6601,50,1,0.3811,3214.0,5,0,1,1,0.0,0
3.8962,61,0,0.3193,,6,0,1,0,0.0,0
0.3807,45,0,0.2903,9594.0,9,0,1,0,0.0,0
1.8686,51,1,0.3406,4303.0,6,0,0,0,0.0,0
0.6133,45,0,0.4307,4368.0,4,0,2,0,3.0,0
0.0826,65,0,0.4075,4572.0,8,0,2,0,2.0,0
0.5822,33,0,0.7045,,9,0,2,0,2.0,0
0.1665,57,0,0.1395,12407.0,13,0,0,0,2.0,0
0.623,73,0,0.5644,,7,0,1,0,0.0,0
0.3544,58,0,0.4226,,5,0,1,0,1.0,0
0.175,43,0,0.2499,,7,0,1,0,0.0,0
0.7887,56,0,0.6246,3735.0,13,0,0,0,2.0,0
0.5918,42,0,0.6561,,13,0,2,0,0.0,0
0.7452,67,0,0.514,4338.0,2,0,0,0,1.0,1
0.3989,58,0,0.3384,2242.0,6,0,1,0,1.0,0
0.5026,54,0,0.7778,5712.0,4,0,0,0,2.0,0
0.7103,71,0,0.2346,11277.0,9,0,0,0,1.0,0
0.4858,53,0,0.312,3295.0,3,0,1,0,0.0,0
1.4412,31,0,0.4961,9394.0,12,0,1,0,3.0,0
0.8431,52,0,0.804,,2,0,1,0,1.0,1
0.3405,48,0,0.0444,,7,0,0,0,0.0,0
0.0296,51,0,0.6961,24239.0,8,0,0,0,1.0,0
0.2339,59,0,0.7924,,12,0,1,0,1.0,0
0.4439,61,0,0.1517,4582.0,2,0,1,0,3.0,0
0.7062,36,0,0.6893,2538.0,2,0,1,0,1.0,0
1.1203,52,0,0.2355,2818.0,10,0,1,0,0.0,0
0.2771,49,0,0.843,,10,0,2,0,2.0,0
0.0515,55,0,0.2552,8272.0,4,0,0,0,3.0,0
0.7398,57,0,0.455,1739.0,11,0,2,0,0.0,0
0.8102,51,0,0.3685,4070.0,5,0,2,0,0.0,0
0.746,35,0,0.4661,3572.0,8,0,1,0,1.0,0
0.1457,50,0,0.1017,4763.0,8,0,1,0,0.0,0
0.8202,68,0,0.362,3596.0,7,0,2,0,1.0,0
2.1131,36,0,0.3789,2114.0,5,0,2,0,,0
2.7392,71,0,0.2559,8856.0,8,0,2,0,0.0,0
0.078,28,0,0.113,1839.0,11,0,1,0,0.0,0
0.3305,54,0,0.712,7083.0,10,0,2,0,1.0,0
0.508,43,0,0.6308,2707.0,14,0,3,0,1.0,0
3.9196,51,0,0.7851,,6,0,1,0,1.0,1
0.7065,62,0,0.0734,10111.0,8,0,2,0,0.0,0
0.4957,65,0,0.8978,7635.0,9,0,1,0,2.0,0
0.1384,69,0,0.7501,5686.0,14,0,1,0,0.0,0
0.2947,30,1,0.6035,,5,0,2,0,1.0,1
2.6896,39,0,0.402,4872.0,6,0,0,0,1.0,0
0.3148,43,0,0.5512,9803.0,9,0,2,0,1.0,0
2.7092,41,0,1.0997,10253.0,12,0,0,0,0.0,0
0.6123,57,0,0.414,9950.0,10,0,2,0,0.0,0
0.1669,63,0,0.4548,,9,0,0,0,2.0,0
1.1309,25,0,0.4071,10017.0,8,0,0,0,1.0,0
0.6857,36,0,0.6308,3790.0,12,0,4,0,1.0,0
0.125,49,0,1.0561,,10,0,1,0,0.0,0
8.4793,51,0,0.473,,7,0,0,0,1.0,1
0.2763,74,0,0.2528,,10,0,1,0,3.0,0
0.7358,34,0,0.369,2000.0,5,0,0,0,0.0,0
0.3909,44,0,0.3038,3172.0,12,0,1,0,0.0,0
0.1143,70,0,0.0183,10220.0,10,0,0,0,0.0,1
0.3565,44,0,0.181,3693.0,4,0,1,0,1.0,0
0.1354,62,0,0.4945,4388.0,11,0,0,0,0.0,0
0.264,45,0,0.0569,3278.0,8,0,1,0,0.0,0
0.8562,48,0,0.3153,7071.0,9,0,1,0,2.0,0
0.3064,59,0,0.4943,4677.0,7,0,3,0,2.0,0
0.1145,47,0,0.306,2563.0,8,0,4,0,1.0,0
0.1848,41,0,0.3729,3747.0,7,0,2,0,1.0,0
0.0199,61,0,1.1388,5724.0,8,0,1,0,2.0,0
0.3627,39,0,0.5724,3375.0,12,0,2,0,2.0,0
0.771,62,0,0.1977,3882.0,10,0,2,0,,0
0.1657,46,0,0.8816,4579.0,4,0,3,0,0.0,0
0.265,38,4,0.5922,7530.0,7,0,2,0,0.0,0
0.512,63,0,0.4082,3647.0,9,2,1,0,0.0,0
0.306,45,0,0.2027,3446.0,8,0,0,0,0.0,0
0.0423,49,0,0.3402,8246.0,12,0,0,0,1.0,0
0.6109,24,0,1.1945,4942.0,14,0,2,0,0.0,0
1.1794,35,0,0.2529,8405.0,13,0,0,0,1.0,0
1.09,67,0,0.5568,,8,0,0,0,3.0,0
2.4839,54,0,0.1228,5824.0,6,0,2,0,0.0,0
0.4561,67,0,0.6964,5632.0,8,0,2,0,0.0,0
0.4114,50,0,0.147,11556.0,7,0,1,0,0.0,0
0.154,52,0,0.2976,,8,0,2,0,1.0,0
0.8647,75,0,0.4283,,9,0,2,0,1.0,0
0.5079,57,0,0.3086,11662.0,8,0,2,0,0.0,0
0.8431,74,0,0.4443,5079.0,13,0,0,0,1.0,0
0.3483,45,0,0.0898,4966.0,6,0,0,0,1.0,0
0.4227,48,0,0.2801,8158.0,11,0,2,0,1.0,0
0.4163,41,0,1.2083,6678.0,8,0,1,0,0.0,0
0.6845,59,0,0.3527,5882.0,8,0,0,0,1.0,0
0.337,39,0,0.5994,3885.0,6,0,0,0,0.0,0
0.5826,75,0,0.5728,6487.0,9,0,0,0,1.0,0
0.2845,29,0,0.1417,,6,0,1,0,0.0,0
0.3853,51,0,1.1769,,11,0,1,0,1.0,0
0.3219,43,0,0.9426,4922.0,9,0,1,0,0.0,0
0.427,55,0,0.3285,4940.0,5,0,2,0,0.0,0
0.809,41,2,0.5229,3028.0,7,0,0,0,1.0,0
0.3546,55,1,0.2896,2288.0,4,0,0,0,2.0,0
0.8028,57,0,0.8097,,7,0,1,0,1.0,0
0.3339,59,0,1.1989,7145.0,5,0,1,0,0.0,0
0.5215,76,0,0.712,,7,0,3,0,0.0,0
0.6014,51,0,0.0047,2239.0,9,0,2,0,0.0,1
0.1727,48,0,0.4092,,11,0,1,0,1.0,0
0.7365,49,1,0.1039,4851.0,9,1,0,0,1.0,0
0.4996,31,0,0.8244,6990.0,3,0,3,0,0.0,0
0.831,65,0,0.5564,13212.0,3,0,2,0,0.0,0
0.1206,38,0,0.1437,4549.0,5,0,1,0,1.0,0
0.1235,66,0,0.8572,3376.0,10,0,1,0,1.0,0
0.2599,39,0,0.3941,2691.0,10,0,0,0,0.0,0
0.1825,28,0,0.1363,,6,0,0,0,0.0,0
0.2933,21,0,0.2857,,9,0,1,0,4.0,0
0.1679,64,0,0.2,6848.0,13,0,1,0,1.0,0
0.1859,70,0,0.4822,6739.0,8,0,2,0,1.0,0
0.3354,57,0,0.662,3874.0,14,0,1,0,1.0,0
0.2683,37,0,0.3275,1850.0,9,0,1,0,1.0,0
0.1962,35,0,0.6488,7721.0,8,0,0,0,1.0,0
0.4554,45,2,0.2433,,7,1,0,1,0.0,0
0.4111,64,0,0.0345,6653.0,12,0,0,0,0.0,0
0.5734,48,0,0.5359,7430.0,9,0,0,0,1.0,0
0.633,31,0,0.6239,6026.0,11,0,0,0,0.0,0
0.0275,39,0,0.2249,3125.0,12,0,0,0,3.0,0
2.7755,54,1,0.0519,9421.0,7,1,0,0,1.0,0
0.5558,69,0,0.6488,4520.0,8,0,3,0,1.0,1
0.8495,61,0,0.9126,13000.0,6,0,1,0,0.0,0
0.2235,40,0,0.9408,4361.0,7,0,1,0,0.0,0
0.0698,51,0,0.1729,8560.0,8,0,2,0,0.0,0
1.325,66,2,0.6634,16079.0,5,0,0,0,0.0,0
0.6549,51,0,0.9801,2593.0,4,0,1,0,2.0,0
5.1561,29,0,0.2283,,3,0,0,0,1.0,0
0.2941,42,0,0.2536,3833.0,7,0,3,0,0.0,0
3.767,21,0,0.589,7820.0,7,0,1,0,0.0,0
7.3142,56,0,0.439,10620.0,9,0,2,0,2.0,0
1.3836,70,0,0.2771,13978.0,10,0,0,0,0.0,0
0.2604,72,0,0.7084,2678.0,6,0,1,0,0.0,0
0.176,51,0,0.1025,9936.0,7,0,2,0,1.0,1
3.663,39,0,0.7604,,5,0,1,0,0.0,0
0.7807,49,0,0.8539,16546.0,5,0,3,0,,0
0.0545,54,0,0.7414,6643.0,11,0,2,0,1.0,0
0.3413,69,0,0.6342,13637.0,10,0,2,0,2.0,0
0.3774,57,0,0.9182,2320.0,9,0,1,0,2.0,0
0.4034,28,0,0.4417,4870.0,11,0,2,0,0.0,0
2.7502,63,0,0.4603,,4,0,0,0,1.0,0
0.3443,25,0,0.9589,,9,0,0,0,0.0,0
0.1169,55,0,0.4472,4992.0,11,0,2,0,0.0,0
0.2023,75,0,0.4599,10062.0,6,0,1,0,0.0,0
0.5202,29,0,0.6943,5512.0,6,0,1,0,1.0,0
0.5072,50,0,0.6712,8842.0,14,0,1,0,0.0,0
0.4716,51,0,0.8396,7066.0,6,0,0,0,0.0,0
0.0153,52,0,0.4305,,5,0,1,0,2.0,0
0.0139,63,0,0.0535,22967.0,12,0,0,0,0.0,0
0.1753,42,0,0.8318,5337.0,5,0,0,0,2.0,0
0.3377,61,0,0.3945,,8,0,2,0,1.0,0
0.1666,48,0,0.2881,25357.0,12,0,1,0,0.0,0
0.0829,54,0,0.2603,1817.0,5,0,1,0,0.0,0
0.5313,32,0,0.227,3767.0,12,0,2,0,0.0,0
1.4627,67,0,0.3647,4793.0,12,0,0,0,1.0,0
0.0109,54,0,0.168,2536.0,13,0,1,0,1.0,0
2.85,60,0,0.5034,,8,0,1,0,1.0,0
0.135,68,0,0.4248,2219.0,6,0,2,0,0.0,0
4.317,48,0,0.395,5376.0,8,0,1,0,1.0,0
0.3235,48,0,0.6065,5929.0,5,0,2,0,0.0,0
0.2499,27,0,0.6178,,8,0,1,0,0.0,0
0.3764,54,2,0.6729,5242.0,8,2,1,0,0.0,0
0.0635,71,0,0.083,3022.0,12,0,1,0,1.0,0
0.0419,51,0,0.8679,2742.0,6,0,1,0,1.0,0
0.7862,40,0,0.2902,6219.0,6,0,2,0,1.0,0
3.9716,64,0,0.2835,5691.0,11,0,0,0,0.0,0
3.4213,32,0,0.2234,,9,0,1,0,1.0,0
0.7685,43,0,0.3399,3426.0,12,0,1,0,0.0,0
0.4168,43,0,0.3622,2139.0,8,0,0,0,1.0,0
0.3387,64,0,0.373,7008.0,7,0,2,0,1.0,0
1.3095,55,0,0.104,6437.0,6,0,0,0,0.0,0
0.4786,44,0,0.6612,7454.0,13,0,1,0,1.0,0
0.1122,45,0,0.7199,2750.0,14,0,4,0,1.0,0
0.2327,54,0,0.5528,6792.0,9,0,0,0,1.0,0
0.784,55,0,0.4845,5331.0,7,0,0,0,1.0,0
0.5442,54,0,0.8347,,7,0,0,0,2.0,0
0.3857,43,0,0.665,5886.0,11,0,2,0,0.0,0
0.7046,67,0,0.1622,6273.0,8,0,1,0,1.0,0
0.6328,74,0,0.4996,3839.0,9,0,2,0,0.0,0
0.4721,72,0,0.3051,4610.0,3,0,0,0,4.0,0
0.4419,69,0,0.3176,16304.0,9,0,2,0,1.0,0
0.2209,85,0,0.5707,6171.0,5,0,1,0,2.0,0
0.1551,42,0,0.2411,3790.0,5,0,0,0,0.0,0
0.6585,43,0,0.914,9215.0,6,0,1,0,0.0,0
1.7749,33,0,0.3415,,16,0,1,0,0.0,0
0.8027,49,0,1.0404,5411.0,6,0,1,0,1.0,0
0.2797,35,0,0.5549,,9,0,0,0,0.0,0
0.0238,71,0,0.5235,7247.0,4,0,1,0,1.0,0
0.0368,55,0,0.2278,5560.0,9,0,4,0,0.0,0
0.7984,47,0,0.3917,5447.0,13,0,2,0,1.0,0
0.2116,37,0,0.1097,9689.0,4,0,1,0,1.0,0
0.4044,34,0,0.6374,19800.0,6,0,2,0,1.0,0
0.2716,45,0,0.5284,10051.0,9,0,1,0,0.0,0
0.2866,75,1,0.3706,6737.0,4,0,1,0,1.0,0
0.3429,68,0,0.3007,6586.0,3,0,1,0,0.0,0
2.8231,63,0,0.7706,4633.0,6,0,0,0,0.0,1
0.1187,22,0,0.2818,4823.0,2,0,0,0,0.0,0
0.669,51,0,0.4619,,12,0,2,0,2.0,1
3.9468,49,0,0.0469,5985.0,12,0,1,0,0.0,0
1.0019,42,0,0.5887,11933.0,6,0,3,0,2.0,0
0.0129,53,0,0.1679,,9,0,0,0,0.0,0
0.122,39,0,1.1455,5892.0,10,0,0,0,0.0,0
0.3363,45,0,1.1781,,6,0,1,0,1.0,0
0.666,40,0,1.2228,9322.0,12,0,0,0,1.0,0
0.5874,43,0,0.6878,,4,0,2,0,1.0,0
0.3675,21,1,0.6912,,5,0,0,0,2.0,0
2.6423,53,0,0.4495,2425.0,12,0,0,0,0.0,0
0.1488,61,0,0.585,5360.0,8,0,1,0,0.0,0
0.4296,41,0,0.4305,3348.0,9,0,0,0,0.0,0
0.608,68,0,0.3404,4823.0,11,0,1,0,1.0,0
0.6109,40,0,0.2852,5993.0,5,0,2,0,1.0,0
0.0197,35,0,0.2912,4266.0,8,0,0,0,2.0,0
0.7589,67,0,0.1835,9505.0,6,0,0,0,1.0,0
0.7678,45,0,0.2224,,9,0,1,0,1.0,0
0.9128,55,0,0.5576,,8,0,0,0,1.0,1
0.2501,32,0,0.5463,,10,0,1,0,1.0,0
0.4,50,0,0.1622,,8,0,1,0,0.0,0
0.7073,48,0,0.4819,,12,0,2,0,3.0,0
0.904,47,0,0.6022,,6,0,1,0,0.0,0
0.4507,47,0,0.6462,8043.0,9,0,3,0,0.0,0
0.1911,55,0,0.6223,10668.0,9,0,1,0,2.0,0
0.1355,54,0,0.4481,5024.0,5,0,0,0,1.0,0
3.5076,59,0,0.5569,4488.0,11,0,1,0,0.0,0
3.4454,24,0,0.5805,,4,0,1,0,1.0,1
0.4245,73,0,0.3696,6415.0,10,0,0,0,0.0,0
0.5146,49,0,0.2134,5733.0,4,0,2,0,0.0,0
0.2048,45,0,0.4345,7663.0,9,0,1,0,1.0,0
0.3524,57,0,0.4999,14378.0,4,0,1,0,0.0,0
1.3459,49,0,0.4518,,8,0,3,0,1.0,0
0.131,54,0,0.4649,18071.0,8,0,1,0,0.0,0
0.5468,47,0,0.3857,,9,0,0,0,0.0,0
0.524,60,0,0.4486,13947.0,10,0,0,0,2.0,0
1.0262,29,1,0.2118,5300.0,5,0,1,0,0.0,0
0.6869,55,0,0.4347,3829.0,13,0,0,0,0.0,0
2.2872,45,0,0.4372,2855.0,9,0,0,0,0.0,0
0.4518,27,0,0.8472,13716.0,2,0,2,0,0.0,0
0.7772,67,0,0.4587,2391.0,8,0,1,0,1.0,1
4.0779,47,1,0.8374,6267.0,11,1,1,2,,0
0.0102,66,0,0.5328,,5,0,0,0,0.0,0
0.0798,62,0,1.3702,7130.0,12,0,2,0,0.0,0
0.538,42,0,0.5329,1474.0,9,0,0,0,1.0,0
2.8658,68,2,0.1774,6844.0,8,0,1,0,1.0,0
2.8317,49,0,0.8898,7782.0,14,0,3,0,1.0,0
0.3103,43,0,0.3941,5585.0,8,0,2,0,1.0,1
0.2959,38,0,0.23,,10,0,2,0,1.0,0
0.253,41,0,0.5696,,9,0,1,0,0.0,0
0.1731,57,0,0.1201,15104.0,5,0,0,0,1.0,0
0.6626,42,0,0.5141,2607.0,13,0,0,0,0.0,1
0.5122,58,0,0.404,5525.0,12,0,1,0,2.0,0
0.2854,45,0,0.566,,4,0,0,0,1.0,0
0.4961,65,0,0.0737,3925.0,6,0,2,0,2.0,0
0.3057,47,3,0.4542,4383.0,12,0,0,0,1.0,0
0.7046,49,0,0.9715,,8,0,2,0,0.0,0
0.2489,50,0,0.1481,16615.0,6,0,0,0,0.0,0
0.5053,55,0,0.59,9803.0,10,0,0,0,2.0,0
0.1336,53,0,0.7755,4551.0,8,0,1,0,0.0,0
0.2374,39,0,0.4282,1298.0,14,0,0,0,3.0,0
0.2471,79,0,0.7147,,5,0,0,0,0.0,0
0.3994,61,0,0.6351,9980.0,6,0,1,0,2.0,0
1.5359,65,0,1.0867,9210.0,6,0,1,0,0.0,0
0.2301,68,0,0.693,5245.0,9,0,2,0,3.0,0
0.0182,49,0,0.5896,4035.0,13,0,2,0,0.0,0
1.063,64,0,0.2128,4078.0,10,0,0,0,1.0,0
0.3866,71,1,0.1369,,9,1,2,0,0.0,0
0.2557,72,0,0.7392,6099.0,16,0,0,0,1.0,0
0.9579,65,1,0.3474,5458.0,4,0,2,1,2.0,0
0.1321,49,0,0.5535,5919.0,7,0,0,0,2.0,0
2.8438,71,0,0.0869,3960.0,10,0,0,0,1.0,1
0.2868,34,0,0.4525,6674.0,5,0,1,0,0.0,0
0.1742,43,0,0.2965,6985.0,12,0,2,0,0.0,0
0.4875,21,0,0.5032,,12,0,2,2,1.0,0
0.9847,49,0,0.2753,7774.0,7,0,1,0,1.0,0
0.0625,46,0,0.3893,13593.0,6,0,2,0,0.0,0
0.1879,45,0,0.4773,1759.0,6,0,1,0,0.0,0
0.2149,49,0,0.5,5612.0,15,0,1,0,0.0,0
0.1457,37,0,0.8536,2893.0,9,0,2,0,0.0,0
0.2938,61,0,0.2446,8695.0,7,0,2,0,0.0,0
0.5116,49,0,0.5447,9911.0,8,0,1,0,,0
0.6632,47,0,0.8052,7479.0,9,0,1,0,1.0,0
0.1849,33,0,0.9065,7759.0,5,0,0,0,0.0,0
0.1653,38,0,0.8361,8390.0,8,0,3,0,0.0,0
0.2464,39,0,0.3089,6330.0,4,0,2,0,0.0,1
0.4982,59,0,0.0487,5222.0,9,0,1,0,0.0,0
0.1272,91,0,0.2763,19332.0,10,0,2,0,1.0,0
0.6841,55,1,0.6791,,9,0,1,0,0.0,0
0.1205,63,0,0.4378,12389.0,5,0,0,0,0.0,0
0.6931,64,0,0.5638,3357.0,5,0,2,0,1.0,1
0.7311,29,0,0.9738,7337.0,9,0,0,0,1.0,0
0.5458,68,0,0.1131,2968.0,7,0,1,0,1.0,0
0.0534,56,0,1.0457,3815.0,10,0,1,0,1.0,0
0.2741,67,0,0.7726,13418.0,7,0,1,0,0.0,0
5.5906,38,0,0.3586,2365.0,16,0,2,0,3.0,0
1.3787,56,0,0.4757,11336.0,10,0,1,0,1.0,0
1.0698,62,0,0.3855,4073.0,5,0,1,0,0.0,0
0.4729,51,0,0.6928,13165.0,5,0,6,0,0.0,0
0.4247,36,0,0.7,12215.0,9,0,1,0,1.0,0
0.904,28,0,0.1533,851.0,6,0,2,0,0.0,0
0.9185,62,0,0.0994,5225.0,8,0,0,0,0.0,0
0.4557,60,0,0.0059,4993.0,6,0,2,0,0.0,0
0.6079,42,0,0.6898,5651.0,7,0,0,0,0.0,0
0.1935,63,0,0.4162,,8,0,0,0,0.0,0
2.2314,44,0,0.2013,,10,0,0,0,1.0,0
0.3585,38,0,0.3025,7217.0,10,0,1,0,0.0,0
0.4659,58,0,0.8712,5849.0,9,0,1,0,0.0,0
0.9212,28,0,0.0468,2970.0,14,0,1,0,0.0,0
0.4383,55,0,0.3619,6979.0,5,0,2,0,1.0,0
0.6205,28,0,0.3692,7349.0,7,0,1,0,0.0,0
0.1122,36,0,0.5936,8656.0,11,0,1,0,1.0,0
0.3953,47,0,0.9959,2410.0,3,0,0,0,0.0,0
0.3709,62,0,0.4498,,7,0,0,0,3.0,0
1.2872,23,0,0.1468,4378.0,9,0,1,0,1.0,1
0.2009,62,0,0.3741,1115.0,11,0,0,0,1.0,0
0.1211,69,0,0.9898,,12,0,3,0,0.0,0
0.0353,55,0,0.492,5227.0,9,0,1,0,0.0,0
0.3382,49,0,0.5946,2512.0,8,0,1,0,1.0,0
0.2466,52,1,0.4078,3072.0,6,0,1,1,1.0,0
0.7036,32,0,0.421,4660.0,12,0,0,0,3.0,0
0.5568,51,0,0.1173,6074.0,5,0,2,0,0.0,0
6.0193,56,0,0.0509,,6,0,0,0,1.0,0
0.6009,95,0,0.4086,4556.0,9,0,0,0,2.0,0
0.1141,70,0,0.814,,7,0,1,0,0.0,0
0.0203,50,0,0.5253,8949.0,10,0,0,0,2.0,0
0.0432,38,0,0.3763,,6,0,1,0,0.0,0
0.1897,57,0,0.166,4398.0,8,0,1,0,0.0,0
0.4969,51,0,0.0846,5493.0,6,0,0,0,1.0,0
3.019,57,2,0.2575,7563.0,5,2,0,0,3.0,0
0.2868,37,0,1.1384,2766.0,10,0,1,0,0.0,0
0.6986,29,0,0.5912,3138.0,11,0,1,0,2.0,0
0.2979,57,0,0.0565,9814.0,8,0,0,0,2.0,0
5.3593,45,0,0.2132,,6,0,0,0,0.0,0
0.3658,52,0,0.3914,12157.0,7,0,0,0,1.0,0
0.2596,37,0,0.8215,,14,0,1,0,,0
0.3532,67,0,0.3831,4634.0,5,0,3,0,,0
0.2168,34,0,0.2666,3800.0,6,0,1,0,1.0,0
0.1254,64,0,0.7043,6622.0,9,0,3,0,1.0,0
0.4132,51,0,0.2799,7845.0,7,0,0,0,1.0,0
0.4285,49,0,0.3128,,7,0,2,0,2.0,0
0.5508,54,0,0.5044,3979.0,4,0,2,0,0.0,0
0.4011,49,0,0.9739,3373.0,4,0,1,0,0.0,0
0.3983,48,2,0.5194,3978.0,11,0,2,0,3.0,1
0.5337,51,0,0.0881,4208.0,7,0,0,0,0.0,0
0.8801,45,0,0.8508,7221.0,10,0,0,0,2.0,0
0.2697,56,0,0.4167,7258.0,8,0,1,0,0.0,0
0.3767,70,0,0.3154,,9,0,0,0,0.0,0
0.683,87,0,0.438,9838.0,8,0,0,0,0.0,0
1.0328,66,0,0.6274,,11,0,1,0,3.0,1
0.2791,61,0,0.4767,4549.0,5,0,1,0,0.0,0
0.1786,23,0,0.611,2064.0,7,0,2,0,0.0,0
0.9119,50,0,0.0574,,9,0,1,0,0.0,0
0.1458,42,0,0.3622,7739.0,12,0,1,0,0.0,0
0.0896,31,0,0.9662,1445.0,13,0,1,0,0.0,0
1.1345,66,0,0.2546,4749.0,6,0,0,0,2.0,0
0.4358,29,0,0.5726,3702.0,9,0,2,0,0.0,0
2.9131,40,0,0.4646,,10,0,3,0,1.0,0
0.0641,28,0,0.7186,8696.0,6,0,3,0,0.0,0
0.0244,50,0,0.2739,5969.0,8,0,2,0,0.0,0
0.5473,68,0,0.2701,9556.0,7,0,2,0,2.0,0
0.4069,35,0,0.7719,,4,0,2,0,1.0,0
0.3252,45,0,0.3094,,11,0,0,0,0.0,0
0.4841,63,0,0.1217,,8,0,2,0,0.0,1
0.0459,70,0,1.0134,2573.0,12,0,2,0,0.0,0
0.4114,52,0,0.3714,13002.0,8,0,1,0,2.0,0
0.2853,35,0,0.313,22373.0,8,0,1,0,1.0,0
1.0556,48,1,0.7494,4576.0,8,0,1,0,1.0,0
0.007,46,0,0.6877,1039.0,10,0,1,0,1.0,0
0.382,44,1,0.1943,,10,0,1,0,0.0,0
0.6475,34,0,0.796,13022.0,9,0,2,0,2.0,0
0.6191,62,0,0.6808,,8,0,0,0,0.0,0
2.1092,47,0,0.6945,4272.0,3,0,1,0,0.0,0
0.1539,26,0,0.0901,7978.0,7,0,0,0,0.0,0
0.6393,60,0,0.5521,4019.0,3,0,2,0,1.0,0
0.7186,75,1,0.4311,6408.0,7,0,1,1,2.0,0
1.2495,56,3,0.9164,8013.0,4,1,0,0,1.0,0
0.1687,38,0,1.0952,6225.0,10,0,1,0,0.0,0
0.3465,82,0,0.6915,6714.0,12,0,1,0,1.0,0
0.8748,52,0,0.787,3239.0,4,0,1,0,1.0,0
1.6846,63,0,0.4189,5937.0,7,0,1,0,1.0,0
0.7632,47,1,0.5264,6694.0,1,0,0,0,1.0,0
0.1036,43,0,0.3828,2095.0,11,0,0,0,1.0,0
2.3975,62,0,0.4051,3877.0,3,0,1,0,1.0,0
0.3519,38,0,0.2477,,4,0,0,0,0.0,0
0.4111,46,0,0.5079,7942.0,6,0,1,0,2.0,0
0.146,50,0,0.1767,3988.0,6,0,1,0,0.0,0
0.3938,70,0,0.744,5122.0,2,0,1,0,2.0,0
0.2081,32,0,0.8907,,7,0,0,0,1.0,0
0.3242,67,0,0.2106,2809.0,9,0,2,0,0.0,0
0.1473,63,0,0.259,18449.0,6,0,2,0,2.0,0
6.7547,60,0,0.6294,,6,0,1,0,1.0,0
0.3347,62,0,0.6006,3228.0,3,0,0,0,1.0,0
1.8596,36,0,0.4781,30721.0,12,0,1,0,0.0,0
0.7581,32,0,0.7822,3624.0,3,0,1,0,,0
0.5272,27,0,0.5425,14292.0,8,0,0,0,0.0,0
0.2495,46,0,0.7304,,6,0,0,0,0.0,0
0.0862,56,0,0.2258,11980.0,3,0,0,0,1.0,0
5.7783,38,0,0.3401,9318.0,9,0,1,0,4.0,0
1.1963,60,0,0.4854,,7,0,0,0,4.0,1
2.3687,50,0,0.625,,15,0,1,0,0.0,0
1.0682,52,4,0.4824,3356.0,5,0,1,0,0.0,0
2.0265,60,0,0.9336,8061.0,9,0,1,0,1.0,0
0.1144,52,0,0.5632,9217.0,8,0,0,0,0.0,0
0.5965,35,0,0.5329,5072.0,9,0,1,0,2.0,0
0.3526,74,0,0.2595,,7,0,1,0,1.0,0
0.2194,59,0,0.3535,4095.0,10,0,1,0,0.0,0
0.5373,36,0,0.6588,7043.0,3,0,1,0,1.0,0
0.9231,49,0,0.4627,,8,0,1,0,0.0,1
3.389,54,0,0.2415,3830.0,8,0,0,0,0.0,0
0.5068,35,0,0.211,10654.0,5,0,1,0,1.0,0
0.996,63,0,0.59,6442.0,15,0,1,0,0.0,0
1.962,36,1,1.0022,3272.0,9,1,1,0,0.0,0
5.0123,76,0,1.1706,3833.0,9,0,1,0,1.0,1
0.2269,65,0,0.3555,10607.0,6,0,0,0,0.0,0
0.4187,42,0,0.6491,5067.0,11,0,1,0,0.0,0
9.1324,37,0,0.4809,2223.0,7,0,1,0,0.0,0
1.8244,54,0,0.3453,6508.0,9,0,1,0,1.0,0
0.1132,32,0,0.2216,2480.0,7,0,0,0,2.0,0
1.5184,49,0,0.6293,8026.0,10,0,1,0,0.0,0
0.2592,52,0,0.2258,11661.0,16,0,2,0,0.0,0
0.4989,57,0,0.1436,7822.0,6,0,3,0,2.0,0
1.8178,66,0,0.1603,14638.0,2,0,1,0,1.0,0
0.0768,64,0,0.75,1384.0,13,0,0,0,0.0,0
0.3682,65,0,0.7843,4665.0,3,0,3,0,0.0,0
0.1163,57,0,0.3158,5156.0,9,0,2,0,0.0,0
0.9578,54,0,0.5655,3710.0,7,0,1,0,2.0,0
0.3963,43,0,0.4391,7008.0,9,0,1,0,0.0,0
0.7909,24,0,0.6613,10736.0,4,0,3,0,0.0,0
0.7967,54,0,0.2125,4469.0,10,0,3,0,0.0,0
0.9983,35,0,0.3985,4627.0,10,0,0,0,1.0,0
0.2957,53,0,0.3564,3541.0,9,0,0,0,1.0,0
0.5113,21,0,0.2956,3451.0,10,0,0,0,1.0,0
0.4636,35,0,0.768,3376.0,6,0,1,0,1.0,1
0.3275,41,0,0.8823,4198.0,8,0,1,0,3.0,0
0.1341,95,0,0.7021,5554.0,7,0,2,0,1.0,0
2.2814,41,0,0.1046,2207.0,9,0,2,0,,0
0.5852,46,0,0.3196,4289.0,10,0,2,0,1.0,0
0.4634,53,0,0.4158,14762.0,3,0,1,0,,0
0.5712,63,0,0.6605,3266.0,11,0,1,0,0.0,0
0.0645,42,0,0.4932,4759.0,14,0,1,0,0.0,0
0.402,25,0,0.2206,12934.0,5,0,0,0,2.0,0
1.8343,30,0,0.5559,,9,0,1,0,1.0,0
0.4057,47,0,0.3642,4926.0,10,0,1,0,0.0,0
0.3312,73,0,0.1502,,6,0,0,0,2.0,0
0.2894,38,0,0.4581,1900.0,14,0,1,0,0.0,0
0.2697,63,0,0.4651,13265.0,11,0,2,0,0.0,0
0.9306,45,0,0.5354,6092.0,11,0,2,0,0.0,0
4.0296,49,0,0.2717,2953.0,3,0,3,0,2.0,0
0.1901,36,0,0.7548,,9,0,1,0,0.0,0
0.3398,57,0,0.6353,1311.0,4,0,2,0,1.0,0
1.5042,60,0,0.7571,5455.0,7,0,1,0,1.0,0
0.6755,28,0,1.3014,2150.0,14,0,3,0,1.0,1
0.6846,40,0,0.7877,7247.0,9,0,1,0,1.0,0
0.2186,50,0,0.9814,,11,0,0,0,0.0,0
0.2345,59,0,0.102,5616.0,9,0,0,0,3.0,0
0.0087,85,0,0.5784,3758.0,10,0,0,0,1.0,0
0.0694,43,0,0.9116,5777.0,8,0,2,0,0.0,0
0.897,21,0,0.5374,4830.0,8,0,1,0,2.0,0
0.491,44,0,0.0885,3674.0,10,0,1,0,0.0,0
0.0693,57,0,0.4505,,5,0,2,0,4.0,0
0.1306,59,0,0.3856,,7,0,1,0,2.0,0
0.3393,49,0,0.752,5938.0,11,0,0,0,0.0,0
0.6643,37,0,0.3675,3730.0,9,0,1,0,1.0,0
0.0912,57,0,0.8031,10712.0,7,0,0,0,0.0,0
0.0807,53,0,0.0473,,8,0,0,0,3.0,0
0.3134,55,0,0.5638,9163.0,9,0,0,0,0.0,0
0.2381,42,0,1.1245,,6,1,0,0,0.0,0
2.1012,64,0,0.9209,,8,0,1,0,1.0,0
0.1184,55,0,0.5442,6794.0,7,0,0,0,1.0,0
0.5388,50,0,0.4337,3425.0,10,0,4,0,0.0,0
0.3943,67,0,0.5757,3785.0,8,0,1,0,0.0,0
0.4537,47,0,0.7423,3013.0,9,0,0,0,1.0,0
0.3789,64,0,0.7178,5287.0,6,0,0,0,2.0,0
0.1793,44,0,0.2626,3367.0,5,0,1,0,0.0,0
0.6447,36,0,0.7104,8757.0,2,0,1,0,1.0,0
0.4857,52,1,0.627,,5,0,0,0,1.0,0
0.1794,23,0,0.2548,,7,0,2,0,,0
6.5013,57,0,0.4021,5659.0,9,0,1,0,3.0,0
0.0392,66,0,0.6993,14841.0,5,0,0,0,2.0,0
0.0411,86,0,0.8813,2009.0,5,0,0,0,1.0,0
0.3104,66,0,0.238,8118.0,10,0,1,0,0.0,0
0.8252,77,0,0.2684,,8,0,1,0,0.0,0
0.6536,56,0,0.0905,5810.0,8,0,0,0,0.0,0
0.1186,72,0,0.6767,2474.0,7,0,1,0,0.0,0
0.2013,55,0,0.3979,10741.0,4,0,1,0,0.0,0
0.3658,72,0,0.5757,4748.0,5,0,0,0,1.0,0
0.9213,22,0,0.6297,4331.0,7,0,2,0,1.0,0
0.6758,36,0,0.2706,13613.0,7,0,0,0,0.0,0
0.0811,47,0,0.3766,10820.0,7,0,0,0,2.0,0
0.5025,64,0,0.6033,4954.0,10,0,0,0,0.0,0
0.2293,62,0,0.2586,8762.0,7,0,1,0,3.0,0
0.515,39,0,0.6059,,11,0,1,0,1.0,0
0.6992,32,0,0.2456,,11,0,4,0,1.0,0
0.4374,50,0,0.2484,,9,0,1,0,1.0,0
1.4802,45,0,0.3815,8000.0,11,0,1,0,0.0,0
0.219,46,0,0.34,5362.0,8,0,1,0,0.0,0
0.5267,48,0,0.9331,3022.0,8,0,0,0,0.0,0
0.1226,49,0,0.2469,4224.0,11,0,2,0,0.0,0
0.7525,66,0,0.1851,,9,0,0,0,1.0,1
0.7422,65,0,0.3324,2592.0,8,0,0,0,1.0,0
11.7308,46,0,0.5741,16034.0,9,0,2,0,0.0,0
0.2218,47,0,0.6901,,10,0,0,0,1.0,0
0.2718,63,1,0.1777,6734.0,10,0,2,0,2.0,0
0.1685,56,0,0.2692,26032.0,8,0,1,0,0.0,0
0.335,65,0,0.8501,6388.0,8,0,1,0,0.0,0
0.315,59,0,0.5749,9094.0,6,0,0,0,2.0,0
0.1276,52,0,0.3654,7433.0,9,0,2,0,0.0,0
1.276,55,2,0.6001,6004.0,11,0,0,1,1.0,0
0.2709,25,0,0.0419,11918.0,10,0,3,0,1.0,0
0.4865,43,0,0.1778,,10,0,1,0,2.0,0
0.0995,73,0,0.6314,,6,0,3,0,1.0,0
0.6397,67,0,0.2034,,7,0,2,0,0.0,0
0.7147,48,0,0.146,7551.0,7,0,0,0,0.0,0
0.3755,36,0,0.1727,6307.0,12,0,2,0,2.0,0
0.6055,61,0,0.1816,4902.0,7,0,0,0,0.0,0
0.2925,25,0,0.7899,8125.0,10,0,0,0,1.0,0
0.3967,59,0,0.27,3743.0,6,0,1,0,1.0,0
0.8231,53,1,0.6577,5586.0,10,0,3,1,1.0,0
0.259,48,0,0.7355,2688.0,7,0,0,0,0.0,0
0.2791,67,0,1.0622,8085.0,9,0,0,0,1.0,0
0.3103,65,0,1.115,11032.0,10,0,1,0,2.0,0
0.7469,63,0,0.1127,7033.0,5,0,1,0,1.0,1
0.2381,74,0,0.9063,720.0,10,0,2,0,0.0,0
3.7737,44,0,0.815,13069.0,7,0,3,0,2.0,0
0.5077,45,0,0.1147,2694.0,10,0,3,0,0.0,0
0.3348,53,0,0.1522,4205.0,9,0,1,0,3.0,0
2.099,77,3,0.5208,3942.0,6,1,1,0,1.0,0
0.6261,29,0,0.966,8933.0,8,0,3,0,0.0,0
0.449,45,0,0.4004,9384.0,17,1,1,0,1.0,0
0.606,43,0,0.062,,15,0,2,0,0.0,0
0.0124,59,0,0.324,7935.0,8,0,0,0,0.0,0
0.0301,36,0,0.2921,3331.0,11,0,0,0,1.0,0
0.9167,53,0,0.1593,6098.0,5,0,0,0,0.0,0
0.0152,76,0,0.4625,8528.0,7,0,0,0,4.0,0
0.6721,35,0,0.2458,3983.0,6,0,1,0,,0
0.1991,40,0,0.8221,2580.0,2,0,3,0,1.0,0
0.3656,54,0,0.6615,8558.0,6,0,0,0,2.0,0
0.2429,65,0,0.8086,13097.0,13,0,0,0,1.0,0
0.42,55,0,0.8011,,7,0,1,0,1.0,0
1.0291,65,0,0.5735,3911.0,8,0,3,0,0.0,0
0.0976,65,0,0.1197,,8,0,2,0,0.0,0
0.0358,36,0,0.084,2276.0,11,0,2,0,0.0,0
0.3575,50,0,0.7711,2831.0,10,0,1,0,0.0,0
0.5325,24,0,0.5393,1423.0,7,0,1,0,1.0,0
0.1661,59,0,0.757,9075.0,6,0,0,0,0.0,0
0.1833,82,0,0.6939,,5,0,0,0,1.0,0
1.8736,44,0,0.3789,5520.0,8,0,2,0,1.0,0
0.0598,48,0,0.6355,11197.0,8,0,0,0,0.0,0
0.5042,42,0,0.8052,,9,0,1,0,0.0,1
0.2295,73,0,0.9425,,9,0,0,0,1.0,0
3.7443,61,0,0.0679,6905.0,7,0,0,0,1.0,0
0.2202,48,0,0.6792,,9,0,0,0,0.0,0
0.4839,33,0,0.3983,2365.0,3,0,1,0,1.0,0
0.93,48,0,0.627,8654.0,9,0,0,0,3.0,0
9.3826,37,0,0.2566,,6,0,0,0,1.0,0
0.1409,51,0,0.6381,4460.0,8,0,1,0,1.0,0
0.5349,54,0,0.5352,7713.0,5,0,0,0,1.0,0
0.3005,40,0,0.6826,1476.0,7,0,2,0,1.0,0
0.056,47,0,0.1968,2891.0,7,0,1,0,2.0,0
5.4328,66,0,0.8226,5851.0,7,0,0,0,2.0,0
0.3621,43,0,0.3696,12861.0,10,0,4,0,1.0,0
0.382,74,0,1.1698,,9,0,1,0,0.0,0
0.0646,59,0,0.0133,10469.0,5,0,1,0,0.0,0
3.2426,57,0,0.1802,2679.0,16,0,2,0,0.0,0
0.3488,59,0,0.34,7372.0,19,0,1,0,0.0,0
0.5112,21,0,0.7598,6945.0,8,0,2,0,0.0,0
1.2808,65,0,0.6196,,6,0,1,0,,0
0.3053,68,0,0.7789,,5,0,1,0,2.0,0
0.0538,60,0,0.1079,6241.0,7,0,2,0,0.0,0
0.1452,33,1,0.769,12476.0,7,0,2,0,0.0,0
0.019,58,0,0.3821,5708.0,8,0,1,0,0.0,0
0.373,38,2,0.0663,5798.0,5,0,1,0,1.0,0
0.2237,62,0,0.1009,18464.0,8,0,0,0,2.0,0
0.8178,61,0,1.142,3448.0,5,0,0,0,1.0,0
0.0231,47,0,0.4363,,9,0,1,0,0.0,0
0.2259,56,0,0.5509,28714.0,12,0,2,0,0.0,0
0.0709,56,0,0.368,6530.0,4,0,0,0,1.0,0
0.8174,70,0,0.7363,10134.0,14,0,2,0,2.0,0
0.8191,59,0,0.331,8300.0,2,0,0,0,3.0,0
0.5673,38,0,0.7026,3211.0,12,0,0,0,2.0,0
0.4395,27,0,0.2296,5480.0,12,0,3,0,2.0,0
2.0637,71,0,0.598,8643.0,3,0,2,0,,0
0.5098,34,2,0.2385,1697.0,8,0,2,0,0.0,0
2.4852,36,0,0.2659,3211.0,4,0,0,0,,0
0.7875,46,0,0.1285,,14,0,1,0,0.0,0
1.2711,46,0,0.5639,6626.0,5,0,0,1,0.0,0
0.583,30,0,0.3735,5629.0,9,0,1,0,,0
0.269,53,0,0.5315,3652.0,10,0,0,0,,0
0.9109,35,0,0.576,,10,0,0,0,4.0,0
0.1707,58,0,0.0737,6113.0,9,0,0,0,1.0,0
0.387,59,1,0.0615,3750.0,11,0,1,0,1.0,0
0.4533,67,0,0.4707,,3,0,0,0,1.0,0
0.1568,58,0,0.4229,,6,0,0,0,0.0,0
0.3105,61,0,0.1784,5057.0,6,0,2,0,1.0,0
8.2477,31,0,0.1398,,11,0,0,0,0.0,0
0.3017,40,0,0.3222,,8,0,2,0,,0
0.514,50,0,0.378,5060.0,11,0,1,0,2.0,0
11.0214,64,0,0.4935,2088.0,4,0,0,0,0.0,0
0.3874,51,0,0.9978,10212.0,7,0,1,0,0.0,0
0.1172,48,1,0.4419,3832.0,6,0,0,2,1.0,0
0.3909,60,0,1.0439,4382.0,11,0,1,0,0.0,0
0.5501,25,0,0.3824,1800.0,7,0,0,0,2.0,0
1.0515,38,0,0.3186,,6,0,2,0,1.0,1
0.1414,54,0,0.5118,19380.0,7,0,0,0,0.0,0
0.1718,52,0,0.4067,,9,0,0,0,0.0,0
4.8801,59,0,0.2168,,7,0,1,0,1.0,0
0.8428,56,0,0.5186,1895.0,16,0,1,0,1.0,0
0.016,58,0,0.2561,2942.0,4,0,0,0,0.0,0
0.1881,44,0,0.1828,2409.0,4,0,1,0,1.0,0
0.1157,71,0,0.4391,8326.0,17,0,0,0,4.0,0
0.0334,37,0,0.8683,5629.0,8,0,0,0,0.0,0
0.593,49,0,0.5452,5818.0,10,0,0,0,0.0,0
0.0244,52,0,0.712,,9,0,5,0,0.0,0
0.7649,61,0,0.3258,7501.0,9,0,0,0,0.0,0
0.0676,39,0,0.3386,3951.0,8,0,1,0,1.0,0
0.4191,51,0,1.0765,4939.0,11,0,2,0,0.0,0
0.1245,67,0,0.6602,5285.0,10,0,0,0,0.0,0
0.7548,52,0,0.0219,2877.0,8,0,3,0,1.0,1
0.4278,54,1,0.4199,10157.0,6,0,1,1,0.0,0
0.3012,47,0,0.6636,,7,0,0,0,0.0,0
0.2358,52,1,0.5766,,11,0,1,0,,0
0.2056,52,0,0.0989,2820.0,5,0,1,0,0.0,0
0.304,58,0,0.6466,4470.0,8,0,2,0,0.0,0
5.2172,35,0,0.7296,3789.0,14,0,0,0,1.0,0
0.2015,50,0,0.6593,,9,0,1,0,2.0,0
0.3843,54,0,0.4036,,6,0,0,0,2.0,0
5.5471,63,0,0.4398,,6,0,1,0,1.0,0
0.1669,61,0,0.2809,2672.0,9,0,3,0,2.0,0
0.1926,72,0,0.6571,1205.0,10,0,2,0,3.0,0
0.513,52,0,0.6671,11692.0,7,0,2,0,0.0,0
0.9347,34,0,0.4046,,9,0,1,0,1.0,0
0.3402,51,0,0.8391,4430.0,10,0,1,0,1.0,0
0.5579,29,0,0.6951,5449.0,9,0,1,0,2.0,0
0.1157,29,0,0.4287,7992.0,7,0,3,0,0.0,0
0.1555,43,0,0.6569,1865.0,6,0,2,0,0.0,0
0.7693,55,0,1.0295,8670.0,7,0,1,0,1.0,0
0.1251,37,0,0.5168,7585.0,8,0,1,0,0.0,0
0.3376,71,0,0.741,5969.0,8,0,0,0,0.0,0
0.3205,55,0,0.7727,,9,0,3,0,1.0,0
0.6881,69,0,0.4106,10130.0,6,2,6,0,0.0,0
0.1661,76,0,0.5112,10066.0,6,0,0,0,2.0,0
1.2864,66,3,0.1884,5266.0,9,0,0,0,1.0,0
1.3243,45,0,0.3471,3491.0,7,0,1,0,0.0,0
2.4492,37,0,0.2855,5581.0,6,0,1,0,1.0,0
0.5127,39,0,0.1736,7625.0,11,0,1,0,0.0,0
0.3811,54,0,0.5805,,10,0,0,0,0.0,0
0.0564,46,0,0.0601,20012.0,9,0,1,0,,0
0.2097,37,0,0.4513,7478.0,4,0,0,0,1.0,0
0.3642,60,0,0.6086,7916.0,6,0,0,0,,0
0.4276,59,0,0.0982,6105.0,10,0,1,0,0.0,0
0.7364,39,0,0.2404,7133.0,7,0,2,0,1.0,0
2.0496,44,0,0.5819,5920.0,11,0,0,0,2.0,0
4.6506,31,0,0.0579,3710.0,9,0,0,0,0.0,0
0.3846,53,0,0.2888,4877.0,9,0,1,0,2.0,0
0.2131,46,0,0.1617,7120.0,10,0,0,0,0.0,0
2.2218,66,0,0.1444,,9,0,0,0,1.0,0
0.2787,52,0,1.1933,3793.0,13,0,1,0,0.0,0
0.4383,41,0,0.3208,6647.0,12,0,1,0,2.0,0
0.5966,52,0,0.5446,3321.0,7,0,0,0,1.0,0
4.2676,48,0,0.5401,5042.0,6,0,1,0,0.0,0
0.5632,41,0,0.3557,,3,0,2,0,1.0,0
0.191,50,0,0.1711,6818.0,9,0,1,0,1.0,0
2.1901,33,0,0.3178,8151.0,9,0,1,0,0.0,0
0.0015,54,0,0.9161,5496.0,7,0,3,0,2.0,0
0.5968,55,1,0.5305,7233.0,9,0,2,1,1.0,0
0.153,67,0,0.3081,4278.0,11,0,1,0,0.0,0
0.612,54,0,0.8716,5460.0,10,0,1,0,0.0,0
0.3337,38,0,0.6006,5226.0,8,0,0,0,2.0,0
0.4548,21,2,0.4854,2879.0,4,0,3,1,0.0,0
1.3162,36,0,0.1409,6932.0,7,0,1,0,0.0,0
0.0764,56,0,0.94,3820.0,9,0,0,0,1.0,0
0.2443,69,0,0.2226,5263.0,17,0,1,0,4.0,0
0.3195,53,0,0.4675,3365.0,6,0,1,0,1.0,0
0.6819,40,0,0.4799,7057.0,8,0,1,0,0.0,0
1.0533,55,0,0.8418,3933.0,6,0,1,0,0.0,0
0.8361,21,0,0.5824,11408.0,8,0,0,0,0.0,0
0.6337,52,0,0.3204,,7,0,2,0,1.0,0
0.0121,60,1,0.7986,,5,0,3,0,1.0,0
5.1132,41,0,0.5178,9584.0,9,0,0,0,1.0,0
0.8134,66,2,0.5905,,10,0,2,0,1.0,0
0.0739,72,0,0.7452,5474.0,5,0,0,0,3.0,0
1.2793,60,0,0.6351,12682.0,4,0,0,0,0.0,0
0.0533,57,0,0.7052,6818.0,7,0,2,0,3.0,0
0.4416,21,0,0.1397,,11,0,1,0,2.0,0
0.468,56,0,0.6241,2677.0,13,0,2,0,1.0,0
1.1408,65,0,0.3511,,12,0,0,0,1.0,0
0.4147,50,0,0.0867,4377.0,9,0,0,0,,0
0.61,63,1,0.0613,12641.0,8,0,2,0,0.0,0
0.2803,54,0,0.9145,2868.0,18,0,3,0,1.0,0
0.1823,53,0,0.357,6320.0,3,0,0,0,0.0,0
0.3718,59,0,0.2515,5624.0,9,0,1,0,1.0,0
0.3601,49,0,0.7261,6582.0,10,0,2,0,0.0,0
0.7411,41,0,0.8833,6857.0,10,0,2,0,0.0,0
0.0343,48,0,0.7417,2428.0,6,0,2,0,0.0,0
0.235,47,0,0.8256,9044.0,12,0,1,0,0.0,0
0.8761,57,0,0.6972,3634.0,4,0,1,0,0.0,0
0.5455,39,0,0.1213,4453.0,5,0,3,0,1.0,0
0.3714,68,0,0.2107,8309.0,9,0,2,0,0.0,0
5.5498,57,0,0.7183,3034.0,8,0,0,0,0.0,0
0.1532,69,0,0.5711,4448.0,10,0,3,0,1.0,0
0.147,48,0,0.0851,8799.0,14,0,2,0,3.0,0
0.5398,33,0,0.5176,3880.0,7,0,2,0,3.0,0
0.2045,35,0,0.4201,15833.0,8,0,1,0,0.0,0
0.0988,43,0,0.4277,5879.0,5,0,0,0,0.0,0
5.5897,37,0,0.4654,,2,0,1,0,2.0,0
0.3606,30,0,0.4809,,10,0,0,0,1.0,0
0.4652,55,0,0.6061,,8,0,2,0,0.0,0
1.8894,57,0,0.4145,,3,0,0,0,1.0,0
1.4649,49,0,0.7252,1935.0,13,0,2,0,0.0,0
1.16,72,0,0.7143,8059.0,12,0,3,0,0.0,0
0.0028,52,0,0.276,,5,0,1,0,2.0,0
0.4972,47,0,0.4416,,9,0,1,0,1.0,0
0.5317,48,0,0.6183,,9,0,1,0,0.0,0
0.4679,62,0,0.6461,,4,0,1,0,0.0,0
0.1715,33,0,0.3016,3272.0,13,0,2,0,0.0,0
0.0622,26,0,0.1931,,12,0,1,0,1.0,0
0.0431,55,0,0.5257,9705.0,7,0,2,0,0.0,0
0.7366,55,0,0.1472,6425.0,15,0,1,0,0.0,0
3.0306,60,0,0.1631,13758.0,9,0,1,0,0.0,0
0.1274,52,0,0.4201,7834.0,10,0,0,0,1.0,0
0.2831,77,0,0.5306,,9,0,2,0,0.0,0
0.5048,64,0,0.2313,3098.0,12,0,0,0,2.0,0
0.347,21,0,0.4557,7804.0,12,0,1,0,0.0,0
1.2875,33,0,0.6549,1093.0,8,0,1,1,1.0,0
1.3892,26,0,0.3426,5567.0,7,0,1,0,,0
2.5864,53,0,0.7814,8668.0,2,0,3,0,1.0,0
1.1887,55,0,0.4467,8680.0,13,0,5,0,2.0,0
0.0046,76,0,0.6265,4244.0,11,0,2,0,0.0,0
0.7829,42,0,0.9052,4656.0,6,0,0,0,2.0,1
0.1636,39,0,0.2454,8174.0,5,0,1,0,1.0,0
0.0694,56,0,0.4618,1964.0,8,0,3,0,3.0,0
5.0756,38,0,0.9744,4132.0,6,0,0,0,0.0,0
0.3385,48,0,0.8409,,6,0,0,0,3.0,0
0.0283,65,0,0.2893,7348.0,11,0,2,0,1.0,0
0.5635,63,0,0.3351,2931.0,4,0,1,0,1.0,0
0.1552,67,0,0.5756,4470.0,8,0,2,0,1.0,0
0.581,34,0,0.5309,7363.0,6,0,2,0,0.0,1
0.179,60,0,0.6914,4305.0,4,0,2,0,0.0,0
0.1149,52,0,0.0885,5520.0,6,0,1,0,1.0,0
0.0602,85,0,1.0836,8503.0,4,0,1,0,2.0,0
1.883,62,0,0.7871,4586.0,5,0,1,0,0.0,0
0.199,52,0,0.3387,2497.0,5,0,0,0,2.0,0
0.4632,66,0,0.7409,7307.0,5,0,2,0,1.0,0
0.2743,60,0,0.3152,4236.0,6,0,1,0,3.0,0
0.4748,63,0,0.5554,2551.0,10,0,0,0,2.0,0
2.0416,59,0,0.4973,,8,0,1,0,4.0,1
0.2975,47,0,0.2362,3722.0,12,0,0,0,1.0,0
0.6461,47,0,0.6306,9525.0,5,0,0,0,1.0,0
0.4925,62,0,0.2625,1319.0,9,0,0,0,0.0,0
0.801,43,0,0.5346,2233.0,12,0,0,0,1.0,0
0.7115,55,0,0.6302,12723.0,3,0,0,0,0.0,0
0.431,59,0,0.059,21405.0,5,0,0,0,0.0,0
0.0712,44,0,0.5548,4513.0,4,0,1,0,0.0,0
0.4228,58,0,0.7228,2310.0,10,0,1,0,1.0,0
3.5843,53,0,0.5777,5646.0,10,0,2,0,0.0,0
0.1416,47,0,0.5498,10004.0,7,0,1,0,1.0,0
0.6817,63,0,0.9012,4112.0,4,0,0,0,1.0,0
0.6311,35,0,1.0378,5162.0,8,0,2,0,1.0,0
0.2803,34,0,0.5978,4149.0,5,0,0,0,2.0,0
0.3682,53,0,0.2653,3226.0,8,0,0,0,1.0,0
0.5345,36,0,0.5117,,5,0,1,0,1.0,0
0.0216,70,0,0.3446,5152.0,8,0,0,0,4.0,0
0.207,47,0,0.3088,8267.0,7,0,2,0,4.0,0
4.679,33,1,0.3904,7803.0,11,0,3,0,0.0,0
0.1476,50,0,0.6273,9623.0,5,0,1,0,1.0,0
2.057,77,0,0.5589,3725.0,12,0,1,0,1.0,1
0.4145,40,0,0.4356,4734.0,7,0,3,0,1.0,0
0.7191,43,0,0.3817,5380.0,5,0,1,0,1.0,0
0.5147,60,0,0.1585,5575.0,7,0,0,0,0.0,0
0.0415,72,0,1.0397,,7,0,0,0,0.0,0
0.7385,38,0,0.1868,4810.0,8,0,1,0,0.0,0
0.1306,42,0,0.2802,5061.0,11,0,1,0,0.0,0
0.2281,30,0,0.3785,3681.0,6,0,3,0,0.0,0
0.3063,52,0,0.4916,6194.0,10,0,0,0,0.0,0
0.5179,56,0,0.5717,13775.0,6,0,1,0,0.0,0
1.2587,65,0,0.4136,2687.0,7,0,1,0,2.0,0
0.6079,58,0,1.0485,9703.0,8,0,0,0,1.0,0
1.0556,54,0,0.5597,2068.0,12,0,1,0,,0
0.0394,56,0,0.7079,5860.0,7,0,1,0,0.0,0
1.2378,60,0,0.1816,5898.0,7,0,0,0,0.0,0
0.045,36,0,0.0554,,6,0,2,0,0.0,0
0.052,56,0,0.204,4433.0,7,0,1,0,0.0,0
0.4181,29,0,0.2957,,6,0,0,0,1.0,0
0.4811,68,0,0.3098,5399.0,11,0,2,0,0.0,0
0.1609,77,0,0.9099,2029.0,10,0,1,0,0.0,0
0.0046,44,0,0.3897,3929.0,9,0,0,0,1.0,0
0.2675,57,0,0.4213,4732.0,8,0,0,0,3.0,0
0.4327,63,0,0.0668,8236.0,5,0,2,0,1.0,0
0.2961,74,0,0.7021,1428.0,15,0,1,0,2.0,0
0.0431,50,0,0.2251,,7,0,1,0,0.0,0
0.236,42,0,0.4626,4823.0,5,0,2,0,2.0,0
0.4771,59,0,0.164,,3,0,0,0,3.0,0
0.2585,71,0,1.024,5370.0,11,0,2,0,1.0,0
0.3176,53,0,0.4617,2365.0,4,0,5,0,0.0,0
0.0909,71,0,0.2174,14627.0,16,0,1,0,1.0,0
0.2231,66,0,0.2164,2988.0,9,0,2,0,0.0,0
0.2163,62,0,0.0477,7342.0,8,0,2,0,0.0,0
0.3684,52,1,0.4494,6421.0,7,0,2,0,0.0,0
1.3676,49,0,0.5169,2277.0,11,0,2,0,0.0,0
0.1571,76,0,0.4497,,7,0,1,0,0.0,0
0.9096,40,1,0.404,5604.0,9,0,0,0,1.0,0
0.3749,59,0,0.6237,4015.0,6,0,3,0,3.0,0
0.6207,58,0,0.3441,2910.0,10,0,0,0,0.0,0
0.2272,57,0,0.7189,14683.0,5,0,1,0,0.0,0
0.3169,37,0,0.5884,3162.0,10,0,0,0,0.0,0
3.4134,53,0,0.8999,4394.0,12,0,3,0,1.0,0
0.369,45,1,0.4269,7994.0,7,0,3,2,1.0,0
0.5646,65,0,0.3058,7265.0,9,0,2,0,0.0,0
2.0424,56,0,0.7294,2597.0,7,0,0,0,1.0,0
0.2301,73,0,0.8202,5776.0,6,0,1,0,0.0,0
0.5702,72,0,0.5913,5330.0,6,0,0,0,0.0,1
0.094,46,0,0.127,7000.0,5,0,0,0,0.0,1
0.5445,72,0,0.887,6695.0,8,0,0,0,0.0,0
0.6326,43,0,0.1933,3069.0,5,0,2,0,2.0,0
0.6496,71,0,0.6026,7271.0,6,0,0,0,0.0,0
0.9856,36,0,0.0942,9904.0,9,0,0,0,1.0,0
0.3785,73,0,0.3806,7093.0,11,0,1,0,0.0,0
3.3676,42,0,0.8016,5860.0,4,0,1,0,1.0,0
0.4458,47,0,0.4556,6126.0,8,0,1,0,1.0,0
0.6977,50,0,0.4144,10769.0,8,0,1,0,0.0,0
0.0439,44,0,0.0502,8650.0,5,0,0,0,4.0,0
0.7192,71,1,0.1153,5612.0,8,0,1,0,0.0,0
0.9198,28,0,0.8399,1386.0,11,0,1,0,0.0,1
0.3553,59,0,0.4933,11052.0,3,0,1,0,0.0,0
0.4993,60,0,0.4009,5790.0,9,0,0,0,0.0,0
0.1999,37,0,0.3303,6128.0,6,0,0,0,0.0,0
2.1922,46,0,0.2921,,9,0,2,0,1.0,0
1.8878,38,0,0.3638,2699.0,10,0,1,0,0.0,0
0.4258,48,0,0.136,4575.0,8,0,3,0,2.0,0
0.7598,65,0,0.2604,11106.0,6,0,3,0,0.0,0
0.6798,47,0,0.1416,4237.0,9,0,0,0,0.0,0
0.4477,56,0,0.6393,5877.0,12,0,1,0,1.0,0
2.8921,51,0,0.1736,3656.0,6,0,5,0,1.0,0
0.5104,80,0,0.252,,7,0,1,0,1.0,0
0.1654,54,0,0.5653,,9,0,1,0,0.0,0
0.6334,40,0,1.1787,16661.0,3,0,0,0,0.0,0
0.2532,55,0,0.4685,5455.0,5,0,1,0,1.0,0
1.69,62,0,0.7289,4120.0,9,0,0,0,2.0,0
0.1187,44,0,0.0955,2888.0,11,0,1,0,0.0,0
0.195,70,0,0.6225,2863.0,8,0,3,0,3.0,0
0.1309,29,1,0.3201,6497.0,6,0,2,0,,1
0.3325,46,0,0.563,7263.0,4,0,0,0,0.0,0
0.2558,52,0,0.4696,1899.0,7,0,0,0,0.0,0
0.0957,66,0,0.6769,,7,0,0,0,0.0,0
0.4055,72,0,0.3128,,8,0,3,0,2.0,0
0.2912,71,0,0.2921,,4,0,0,0,0.0,0
0.0964,54,0,0.4717,4653.0,8,0,1,0,3.0,0
0.3374,68,0,0.6179,4361.0,9,0,2,0,0.0,0
0.4811,61,0,0.6681,7697.0,2,0,2,0,2.0,0
0.1725,54,0,0.5501,8997.0,6,0,2,0,2.0,0
0.2355,45,0,0.5794,12021.0,8,0,1,0,0.0,0
0.356,55,0,0.5714,,8,0,0,0,0.0,0
0.3486,70,0,0.1982,968.0,6,0,3,0,0.0,0
0.2716,53,2,0.3853,,7,0,2,0,2.0,0
0.6402,47,0,0.4779,8366.0,15,0,1,0,1.0,0
0.2408,68,0,0.4044,16653.0,8,0,1,0,0.0,0
4.0527,46,0,0.5795,5294.0,9,0,0,0,0.0,0
0.3825,60,0,0.5334,,11,0,1,0,2.0,0
0.8956,57,0,1.284,,7,0,0,0,1.0,0
0.4277,65,0,0.9135,5267.0,13,0,0,0,1.0,0
0.1803,63,0,0.7477,,15,0,0,0,3.0,0
14.536,61,0,0.2243,7175.0,1,0,1,0,0.0,0
0.0789,47,0,0.3808,11126.0,8,0,0,0,1.0,0
1.0738,45,0,0.7545,1198.0,11,0,0,0,1.0,0
0.2378,57,0,0.5526,7664.0,8,0,1,0,1.0,0
0.1574,55,0,0.8539,15554.0,8,0,2,0,1.0,0
0.6088,87,0,0.3696,12990.0,9,0,4,0,1.0,0
0.5206,57,0,0.7478,2606.0,6,0,0,0,0.0,1
0.0383,53,0,0.28,,10,0,1,0,2.0,0
0.0588,44,0,0.3819,4243.0,9,0,1,0,0.0,0
0.3286,38,0,0.1359,9837.0,9,0,2,0,2.0,0
0.0332,31,0,0.3794,,10,0,0,0,0.0,0
0.7513,37,0,0.3376,3941.0,8,0,1,0,0.0,0
0.3471,48,0,0.1817,,6,0,1,0,0.0,0
0.0251,66,0,0.6312,7758.0,8,0,1,0,1.0,0
0.2143,58,0,0.5092,5202.0,7,0,2,0,0.0,0
0.6355,38,0,0.7261,,8,0,1,0,0.0,0
2.3382,44,2,0.5176,3169.0,10,0,2,0,0.0,0
1.3465,51,1,0.5501,4744.0,13,0,0,0,1.0,0
0.1048,47,0,0.8627,5558.0,6,0,0,0,0.0,0
0.5554,40,0,0.5383,6140.0,5,0,0,0,1.0,0
0.6293,21,0,0.8353,4063.0,14,0,3,0,1.0,0
0.128,37,0,0.9954,,9,0,1,0,0.0,0
0.4421,38,0,0.6281,2687.0,8,0,0,0,1.0,0
0.4733,68,0,0.5447,2612.0,6,0,3,0,0.0,1
0.6155,72,0,0.3749,3398.0,7,0,2,0,3.0,0
0.5156,26,0,0.6608,14445.0,5,0,2,0,2.0,0
0.5572,63,0,0.3067,,7,0,0,0,1.0,0
0.1234,69,0,0.7809,13609.0,4,0,0,0,0.0,0
0.5275,41,0,0.5214,10194.0,3,0,0,0,3.0,0
0.2352,29,0,0.1429,2469.0,8,0,1,0,2.0,0
0.4649,75,0,1.0542,,7,0,1,0,1.0,0
0.0094,49,0,0.3276,4438.0,4,0,0,0,2.0,0
0.567,70,0,0.0289,,7,0,1,0,1.0,1
0.2375,53,0,0.8485,,5,0,2,0,1.0,0
2.5772,73,0,0.5299,6041.0,8,0,1,0,0.0,0
0.0251,58,0,0.7906,,5,0,0,0,2.0,0
0.1297,47,0,0.2912,3693.0,7,0,0,0,0.0,0
0.0026,45,0,0.4555,3773.0,9,0,2,0,0.0,0
0.1374,44,0,0.9721,4953.0,9,0,2,0,0.0,0
2.6602,49,0,0.4983,,5,0,2,0,1.0,0
0.5596,51,0,0.484,8851.0,3,0,3,0,1.0,0
0.5179,57,0,0.245,4108.0,7,0,0,0,1.0,0
0.0489,46,0,0.2297,4388.0,3,0,1,0,0.0,0
0.0333,77,0,0.9926,8974.0,7,0,0,0,0.0,0
0.5698,75,0,0.6896,,8,0,0,0,0.0,0
0.4667,56,0,0.5527,5327.0,9,0,1,0,3.0,0
0.5917,78,0,0.601,,12,0,3,0,2.0,0
0.4398,72,0,0.8654,11556.0,7,0,1,0,1.0,0
0.6863,48,0,1.0279,4709.0,8,0,0,0,3.0,0
0.7214,59,0,0.2411,3867.0,9,0,1,0,0.0,0
1.5224,51,1,0.8687,5895.0,8,0,0,3,1.0,0
0.2663,72,0,0.4764,1934.0,9,0,1,0,1.0,0
0.2947,40,0,0.1263,,8,0,2,0,1.0,0
0.6279,32,0,0.8099,6123.0,6,0,0,0,0.0,0
0.1875,52,0,0.3111,8789.0,6,0,0,0,1.0,0
0.0754,40,0,0.4252,1849.0,10,0,1,0,0.0,0
4.6059,41,0,0.6148,,13,0,1,0,0.0,0
0.253,50,0,0.8925,6292.0,6,0,2,0,2.0,0
0.1236,46,0,0.1489,7017.0,14,0,1,0,0.0,0
0.5506,48,0,0.5116,5706.0,8,0,0,0,1.0,0
5.1462,49,0,0.8432,4043.0,4,0,2,0,1.0,0
0.7681,56,0,0.7962,,7,0,0,0,0.0,0
0.5954,43,0,0.5303,1758.0,7,0,0,0,1.0,0
2.1748,44,0,0.9409,8000.0,10,0,2,0,1.0,0
0.5311,64,0,0.1913,12391.0,9,0,0,0,2.0,0
0.661,69,2,0.1129,12260.0,12,0,2,0,2.0,0
1.3633,77,0,0.5417,8425.0,9,0,1,0,2.0,0
0.0923,53,0,0.5045,13850.0,6,0,1,0,0.0,0
0.586,68,0,0.3171,3563.0,6,0,0,0,0.0,0
0.4774,48,0,0.3522,9204.0,8,0,2,0,0.0,0
0.508,59,0,0.8054,7399.0,5,0,1,0,0.0,0
0.6521,54,0,0.6794,14351.0,7,0,0,0,0.0,0
1.1116,77,0,0.3541,9805.0,9,0,1,0,0.0,0
3.2734,43,0,0.4822,5362.0,11,0,2,0,1.0,1
0.8426,41,0,0.6895,16839.0,6,0,1,0,1.0,0
0.1088,53,0,0.1955,4086.0,6,0,1,0,0.0,0
0.4347,25,0,0.1937,4143.0,8,0,1,0,0.0,0
0.1886,53,0,0.9526,,5,0,0,0,3.0,0
0.5717,21,0,0.3941,10977.0,7,0,1,0,0.0,0
0.512,40,0,1.2783,4834.0,10,0,0,0,1.0,0
0.3953,52,0,0.0535,5563.0,5,0,1,0,1.0,0
0.0927,29,0,0.4691,2734.0,9,0,1,0,0.0,0
3.0743,56,0,0.7672,5855.0,5,0,1,0,0.0,0
2.4318,21,0,0.8672,2922.0,8,0,1,0,1.0,0
0.1601,51,0,0.4283,20307.0,5,0,2,0,1.0,0
0.1223,62,0,0.6093,,9,0,0,0,3.0,0
0.5383,68,0,0.5801,2865.0,6,0,1,0,0.0,0
0.2994,73,0,0.9277,,10,0,1,0,0.0,0
0.5033,40,0,0.9336,,11,0,1,0,0.0,0
4.8269,46,0,0.2859,5356.0,6,0,0,0,,0
0.1999,42,0,0.2414,6259.0,4,0,1,0,0.0,0
0.0083,64,0,0.2412,10870.0,10,0,2,0,1.0,0
0.3911,55,0,0.2024,2924.0,4,0,0,0,0.0,0
0.6881,52,4,0.3311,3601.0,10,0,0,0,0.0,0
1.1822,51,0,0.2771,5316.0,7,0,3,0,1.0,0
0.1837,60,0,0.7402,8881.0,7,0,4,0,1.0,0
0.4116,40,0,0.5242,2437.0,10,0,1,0,1.0,0
0.1746,63,1,0.3803,,7,0,3,0,0.0,0
0.4002,57,0,0.5963,4861.0,9,0,0,0,,0
0.247,67,0,0.3457,2735.0,8,0,0,0,1.0,0
0.6478,47,0,0.2118,6095.0,5,0,1,0,0.0,0
0.1522,53,1,0.8044,3058.0,6,0,0,1,1.0,0
0.2354,67,0,0.2248,8822.0,14,0,1,0,,0
0.2812,36,2,0.4788,3575.0,8,0,0,0,0.0,0
0.1478,69,0,0.7416,3983.0,11,0,0,0,2.0,0
1.014,48,0,0.4913,4776.0,5,0,1,0,1.0,0
0.6692,63,0,0.6124,3574.0,9,0,1,0,1.0,0
1.8914,63,1,0.7363,7407.0,7,0,1,0,0.0,0
0.417,50,0,0.6483,4664.0,7,0,2,0,0.0,0
0.497,52,0,0.3738,6638.0,11,0,0,0,0.0,0
0.4697,33,0,0.4764,2343.0,4,0,2,0,1.0,0
0.403,27,0,0.5262,1020.0,6,0,1,0,1.0,0
1.4921,53,0,0.6745,5260.0,4,0,0,0,0.0,0
0.1844,68,0,0.1971,,8,0,0,0,1.0,0
4.108,50,0,0.2445,4621.0,11,0,0,0,0.0,0
0.4736,23,0,0.292,2307.0,8,0,0,0,1.0,0
0.2187,45,0,0.7561,7268.0,8,0,1,0,1.0,0
0.2167,45,0,0.684,9989.0,5,0,3,0,1.0,0
2.5508,47,0,0.5107,13452.0,12,0,3,0,1.0,0
0.1383,38,1,0.1711,4803.0,15,0,1,0,2.0,0
0.8075,42,0,0.0835,7118.0,10,0,1,0,2.0,0
0.3049,31,0,0.8324,9287.0,10,0,0,0,1.0,0
0.0698,81,0,1.0135,1840.0,7,0,0,0,4.0,0
1.6206,75,0,0.6202,3129.0,9,0,0,0,1.0,0
0.7809,39,0,0.1411,,11,0,0,0,1.0,0
0.3309,53,0,0.2734,,11,0,2,0,0.0,0
0.3751,44,0,0.1709,4329.0,5,0,2,0,1.0,0
0.1698,50,0,0.2137,10265.0,8,0,2,0,0.0,0
0.5783,58,0,0.293,6563.0,9,0,0,0,1.0,0
0.6564,55,0,0.4749,5696.0,5,0,0,0,2.0,0
2.5523,66,2,0.364,3812.0,11,0,2,0,2.0,0
0.4243,45,0,0.4724,5851.0,7,0,2,0,2.0,0
0.1741,52,0,0.3583,2020.0,9,0,3,0,0.0,0
0.267,21,0,0.3255,8407.0,6,0,1,0,2.0,0
3.6409,54,0,0.9399,3128.0,9,0,1,0,0.0,0
0.3043,23,0,0.8583,8538.0,5,0,0,0,0.0,0
0.2797,34,0,0.817,3351.0,10,0,2,0,0.0,0
0.4431,70,0,0.0582,,9,0,1,0,0.0,1
0.1046,70,0,0.5278,,8,0,0,0,,0
0.2325,38,0,0.3073,11038.0,8,0,1,0,1.0,0
0.4544,76,0,0.3647,5246.0,5,0,0,0,0.0,0
0.406,62,0,0.8047,6023.0,8,0,0,0,3.0,0
0.5085,59,0,0.1811,2985.0,8,0,2,0,2.0,0
0.4101,36,0,0.2454,,10,0,1,0,1.0,0
0.1355,77,0,0.6973,7016.0,8,0,1,0,1.0,0
0.6206,62,0,0.0659,3189.0,10,0,4,0,1.0,0
0.8066,41,0,0.2611,5327.0,6,0,1,0,1.0,0
0.5166,21,0,0.3724,7168.0,7,0,1,0,1.0,0
0.3045,36,0,0.1139,8981.0,4,0,1,0,0.0,0
0.5954,54,0,0.5716,,6,0,0,0,1.0,1
0.7403,49,0,0.2264,,8,0,0,0,1.0,0
0.2018,73,0,0.4886,3486.0,10,0,0,0,1.0,0
0.8694,37,0,0.4687,5095.0,5,0,2,0,1.0,0
0.4961,56,0,0.7323,,4,0,1,0,0.0,0
0.0213,67,0,0.3599,,9,0,0,0,0.0,0
3.7451,34,0,0.1745,2960.0,11,0,0,0,0.0,0
0.2611,61,0,1.0007,,14,0,1,0,0.0,0
0.5631,52,0,0.7546,,8,0,0,0,0.0,0
0.0876,44,0,0.3194,11367.0,8,0,1,0,1.0,0
0.9889,21,0,0.2718,6573.0,13,0,2,0,0.0,0
0.7333,58,0,0.4507,17935.0,7,0,2,0,1.0,0
0.296,43,0,0.3128,3355.0,4,0,2,0,0.0,0
4.5305,47,0,0.3685,2800.0,13,0,0,0,0.0,0
0.5984,72,0,0.7954,1207.0,5,0,1,0,1.0,0
0.1831,52,0,0.2576,20953.0,8,0,1,0,2.0,0
0.0425,55,0,0.3203,9974.0,8,0,0,0,2.0,0
0.4788,79,0,0.3384,3784.0,7,0,1,0,3.0,0
0.3791,54,0,1.1588,5154.0,3,0,1,0,2.0,0
0.7905,41,0,0.6581,5576.0,4,0,1,0,0.0,0
1.8387,70,0,0.3843,1453.0,12,0,1,0,0.0,0
0.2096,53,0,0.1093,6136.0,6,0,4,0,1.0,0
0.3827,45,0,0.0649,4778.0,14,0,1,0,2.0,0
0.3381,39,0,0.2178,,6,0,0,0,3.0,0
1.1311,48,0,0.6915,15956.0,9,0,2,0,1.0,1
0.4022,65,0,0.5659,3369.0,3,0,4,0,0.0,0
0.1151,44,0,0.4,5993.0,7,0,2,0,0.0,0
1.1893,54,0,0.5523,,8,0,1,0,1.0,1
0.0322,40,0,0.1556,6637.0,10,0,0,0,2.0,1
0.0459,72,2,0.3211,13136.0,6,1,0,0,1.0,0
0.3386,33,0,0.0904,,11,0,2,0,1.0,0
0.5687,38,0,0.606,5620.0,10,0,0,0,1.0,0
0.2737,43,0,0.14,,6,0,1,0,1.0,0
0.6325,33,0,0.5586,4827.0,10,0,0,0,0.0,0
0.2646,59,0,0.4296,,10,0,1,0,0.0,0
0.2418,62,0,0.9978,5951.0,5,0,0,0,1.0,0
0.3831,61,0,0.6889,6721.0,6,0,1,3,0.0,0
0.0393,62,0,0.0911,4868.0,6,0,3,0,0.0,0
0.1887,31,0,1.0156,5994.0,14,0,1,0,3.0,0
0.5141,56,0,0.6146,4323.0,13,0,0,0,2.0,1
0.197,71,0,0.9882,,6,0,2,0,2.0,0
0.0479,47,1,1.2293,6294.0,11,1,0,0,1.0,0
0.0495,67,0,0.6583,4063.0,7,0,1,0,1.0,0
0.1864,50,0,0.9479,,12,0,0,0,3.0,0
0.2453,50,0,0.2043,4101.0,9,0,1,0,1.0,0
0.3428,35,0,0.774,6852.0,8,0,0,0,0.0,0
0.4529,45,0,0.5586,,10,0,2,0,2.0,0
0.783,70,0,0.3579,12059.0,5,0,1,0,0.0,0
0.4201,43,0,0.3743,1382.0,4,0,0,0,1.0,0
0.3151,79,0,0.0779,14871.0,10,0,0,0,1.0,0
0.2827,50,0,0.2099,9404.0,9,0,1,0,1.0,0
0.1765,71,1,0.5035,,9,0,2,0,0.0,0
0.8125,52,0,0.0469,4355.0,9,0,0,0,0.0,0
0.131,21,0,1.3208,17305.0,9,0,2,0,0.0,0
0.4099,42,0,0.1902,6402.0,9,0,2,0,0.0,0
0.4313,42,0,0.7616,3279.0,6,0,1,0,0.0,0
0.1538,42,0,0.2252,11928.0,6,0,0,0,0.0,0
0.1601,34,0,0.6103,3550.0,8,0,2,0,0.0,0
0.1194,38,0,0.2331,8518.0,11,0,0,0,3.0,0
0.5346,61,0,0.2066,,7,0,1,0,0.0,0
0.0269,89,0,0.2583,,2,0,2,0,0.0,0
5.2728,55,0,0.3929,3554.0,8,0,0,0,1.0,0
0.2568,47,0,0.7485,4890.0,8,0,1,0,1.0,0
0.3153,21,0,0.461,,6,0,1,0,0.0,0
0.3766,80,0,0.3766,11115.0,3,1,0,0,1.0,0
0.5375,67,0,1.1902,2613.0,2,0,1,0,0.0,1
0.7804,46,0,0.7649,3423.0,8,0,1,0,0.0,0
0.1321,56,0,0.2615,6672.0,7,0,1,0,0.0,0
0.8619,45,0,0.3286,10479.0,6,0,1,0,0.0,0
0.6863,36,0,0.4208,,8,0,1,0,,0
0.292,46,0,0.4236,9542.0,11,0,0,0,1.0,0
0.381,64,0,0.302,,7,0,2,0,1.0,0
0.2082,57,0,0.6484,2615.0,5,0,2,0,2.0,0
0.0779,49,0,0.5002,7484.0,10,0,1,0,0.0,0
0.3996,61,0,0.4333,2151.0,6,0,0,0,0.0,0
0.0204,47,0,0.8582,14693.0,9,0,0,0,0.0,0
0.2388,69,0,0.9295,3931.0,8,0,0,0,2.0,0
0.9594,37,0,0.2793,5520.0,5,0,0,0,0.0,0
0.1912,47,0,0.1277,8574.0,8,0,1,0,0.0,0
1.3429,63,0,0.1162,4484.0,4,0,1,0,1.0,0
0.1279,62,0,0.7102,16802.0,8,0,0,0,1.0,0
0.0786,43,0,0.6042,6517.0,12,0,3,0,2.0,0
0.0348,40,0,0.7149,18521.0,11,0,0,0,0.0,0
0.5979,59,0,0.2649,,2,0,2,0,0.0,0
0.3251,72,0,0.5751,5872.0,12,0,1,0,1.0,0
0.5242,65,0,0.639,2702.0,7,0,3,0,0.0,0
0.4293,35,0,0.0688,8912.0,9,0,3,0,1.0,0
0.5129,43,0,0.4676,5961.0,10,0,2,0,3.0,0
0.5404,37,0,1.0729,2833.0,3,0,0,0,0.0,1
0.007,72,0,0.4765,6769.0,7,0,0,0,0.0,0
3.2555,51,0,0.2929,3971.0,8,0,2,0,0.0,0
0.3653,48,0,0.3749,8807.0,11,0,0,0,2.0,0
1.2006,56,0,0.646,2443.0,7,0,1,0,2.0,0
0.2922,59,0,0.5858,1684.0,10,0,1,0,1.0,0
7.2654,46,0,0.625,11333.0,8,0,3,0,0.0,0
0.2018,56,0,0.6739,8522.0,9,0,0,0,,0
0.4942,53,0,0.3127,5852.0,7,0,3,0,3.0,0
1.0721,75,0,0.5628,,4,0,0,0,0.0,1
0.6407,52,0,0.1898,4464.0,12,0,2,0,0.0,0
0.0574,58,0,0.1203,,7,0,2,0,0.0,0
0.8923,43,0,0.6727,4598.0,13,0,0,0,1.0,0
0.5385,43,0,0.5358,3479.0,7,0,2,0,0.0,0
1.4773,58,0,0.5594,5232.0,6,0,4,0,1.0,0
0.5282,39,0,0.5508,2320.0,11,0,0,0,1.0,0
0.3305,57,0,0.1137,2839.0,9,0,0,0,0.0,0
0.051,49,0,0.9341,,10,0,0,0,1.0,0
0.2224,61,0,0.7567,6559.0,10,0,0,0,1.0,0
0.4288,25,0,0.6541,1733.0,11,0,2,0,0.0,1
0.4828,72,0,0.2981,7528.0,5,0,0,0,1.0,0
0.054,29,1,0.8143,2988.0,10,0,1,0,2.0,1
0.0095,77,0,0.2881,7707.0,10,0,1,0,0.0,0
0.1304,53,0,0.2238,5176.0,8,0,3,0,2.0,0
0.5407,59,0,1.0502,3475.0,7,0,3,0,0.0,0
0.3926,51,0,0.2075,11092.0,8,0,2,0,0.0,0
0.3936,53,0,0.827,4911.0,11,0,0,0,2.0,0
1.102,39,0,0.334,2758.0,2,0,1,0,0.0,0
5.4219,61,0,0.1187,,10,0,1,0,1.0,1
0.2457,58,0,0.7451,3994.0,7,0,0,0,1.0,0
0.6242,58,0,0.6802,4281.0,8,0,0,0,1.0,0
0.5884,73,0,0.0675,10098.0,14,0,1,0,0.0,0
0.7184,32,0,0.2716,8169.0,11,0,1,0,2.0,0
0.007,53,0,0.3546,,6,0,1,0,1.0,0
0.6568,31,0,0.1826,12627.0,8,0,1,0,0.0,0
0.2352,68,0,0.4577,4480.0,7,0,1,0,1.0,0
0.8143,62,0,0.7343,7276.0,6,0,2,0,0.0,0
0.2331,49,0,0.4927,3799.0,14,0,2,0,1.0,0
0.5674,64,0,0.6947,11018.0,9,0,3,0,1.0,0
0.9198,59,0,0.7003,4948.0,11,0,0,0,0.0,0
0.1054,31,0,0.3832,13161.0,9,0,0,0,1.0,0
0.4026,61,0,0.117,7935.0,11,0,0,0,1.0,0
1.7929,40,0,0.2618,9640.0,8,0,0,0,2.0,0
0.655,54,0,0.2152,7022.0,3,0,0,0,1.0,0
0.4406,65,0,0.5663,20633.0,8,0,0,0,0.0,0
0.0854,53,0,0.7028,9567.0,6,0,2,0,2.0,0
0.7431,51,0,0.4394,7336.0,6,0,1,0,0.0,0
0.2781,72,0,0.5674,3641.0,14,0,1,0,1.0,0
0.5249,54,0,0.528,5951.0,8,0,2,0,3.0,0
0.4293,48,0,0.2286,867.0,4,0,5,0,0.0,0
0.7408,30,0,0.5274,16716.0,9,0,2,0,1.0,0
0.3733,52,0,0.4529,1994.0,9,0,2,0,1.0,0
4.296,62,0,0.1143,10652.0,2,0,0,0,1.0,0
1.4572,73,0,0.0545,8824.0,12,0,3,0,1.0,1
0.707,30,0,0.2279,5546.0,7,0,0,0,1.0,0
0.0339,58,0,0.2506,5740.0,6,0,0,0,2.0,0
0.1614,62,0,0.1823,3872.0,12,0,1,0,2.0,0
0.5584,46,0,0.8835,7231.0,5,0,3,0,0.0,0
0.8736,75,0,0.4633,13342.0,9,0,1,0,0.0,0
0.4791,40,0,0.6368,7875.0,3,0,1,0,1.0,0
8.0753,78,0,0.4332,3327.0,9,0,0,0,1.0,0
0.4257,54,0,0.7448,,11,0,1,0,0.0,0
3.3619,63,0,0.4258,,11,0,1,0,3.0,0
0.863,46,1,0.6471,10138.0,8,0,1,0,0.0,0
2.8953,31,0,0.0713,5121.0,8,0,3,0,1.0,0
1.2796,51,0,0.5721,3366.0,8,0,0,0,1.0,0
0.4683,61,0,0.3957,7334.0,6,0,0,0,1.0,0
0.5382,44,0,0.2773,,8,0,0,0,2.0,0
0.1236,48,0,0.4198,10531.0,8,0,2,0,2.0,0
0.2531,53,0,0.7929,7421.0,10,0,0,0,0.0,0
0.5524,31,0,0.6163,6971.0,7,0,2,0,2.0,0
0.7274,48,0,0.2545,4491.0,9,0,3,0,0.0,0
0.1016,55,0,0.383,5049.0,8,0,0,0,1.0,0
0.8749,45,0,0.4074,3928.0,5,0,2,0,1.0,0
0.1609,69,0,0.1055,2717.0,10,0,2,0,1.0,0
0.4046,55,0,0.1818,5906.0,7,0,1,0,1.0,0
0.3189,22,1,0.8296,,6,0,0,0,0.0,0
1.958,45,0,0.4678,3440.0,7,0,2,1,1.0,0
1.5469,42,0,0.4028,4938.0,8,0,0,0,0.0,0
5.1846,40,0,0.7641,3428.0,6,0,2,0,0.0,0
0.0622,74,0,1.0168,10250.0,5,0,0,0,2.0,0
0.8164,61,0,0.5677,2225.0,8,0,0,0,1.0,0
5.3021,47,1,0.6657,10353.0,17,1,1,0,0.0,0
0.1546,45,0,0.4669,3015.0,9,0,2,0,1.0,0
0.2414,48,4,0.3505,5954.0,10,0,2,0,,0
0.2431,44,0,0.4334,7608.0,11,0,3,0,0.0,0
0.1722,42,0,0.9371,11814.0,9,0,1,0,1.0,0
0.4149,59,0,0.3421,8849.0,1,0,1,0,0.0,0
0.0584,23,0,0.3158,4927.0,10,0,3,0,1.0,0
0.6393,59,0,0.6421,3345.0,12,0,0,0,0.0,0
3.348,31,0,0.7595,,6,0,1,0,1.0,0
0.3186,59,0,0.3718,5959.0,5,0,1,0,0.0,0
0.781,67,0,0.6338,,6,0,2,0,0.0,0
0.158,37,0,0.2475,1297.0,7,0,0,0,0.0,0
0.4184,42,0,0.7138,4291.0,6,0,1,0,0.0,0
3.7104,66,0,0.1056,43083.0,11,0,4,2,1.0,0
0.4786,48,0,0.9607,10029.0,12,0,1,0,1.0,0
0.2141,41,0,0.7439,5787.0,7,0,1,0,1.0,0
0.1482,42,0,0.1727,3030.0,10,0,0,0,1.0,0
0.0657,86,0,0.2351,9891.0,12,0,0,0,0.0,0
7.3254,45,1,0.2971,15701.0,8,0,0,0,2.0,0
1.6277,59,0,0.331,5126.0,8,0,0,0,0.0,0
0.0585,61,0,0.0737,,12,0,1,0,2.0,0
1.6515,74,0,0.1162,2707.0,7,0,3,0,0.0,0
0.535,79,0,0.1575,6928.0,6,0,2,0,0.0,0
1.515,26,1,0.5635,2999.0,7,0,0,1,1.0,0
1.3168,72,2,0.3659,4653.0,4,0,0,2,1.0,0
0.6172,54,0,0.0959,10823.0,9,0,1,0,0.0,0
0.3194,38,0,0.1846,7332.0,7,0,2,0,0.0,0
0.751,66,0,0.1726,4964.0,7,0,1,0,0.0,0
0.5819,39,0,0.771,,7,0,2,0,0.0,0
0.1889,70,0,0.406,,6,0,0,0,1.0,0
0.6511,47,0,0.6503,,5,0,1,0,0.0,0
2.6502,67,0,0.3821,20159.0,10,0,2,0,1.0,0
0.6217,62,0,0.4359,8880.0,6,0,0,0,0.0,0
0.6615,35,0,0.2045,,6,0,0,0,1.0,0
0.1883,32,0,0.811,,4,0,1,0,1.0,0
1.1365,54,0,0.4087,,8,0,0,0,0.0,0
0.6223,45,0,0.3272,9526.0,8,0,1,0,0.0,0
0.3278,61,0,0.2171,5108.0,5,0,1,0,1.0,0
0.0697,49,0,0.1237,5699.0,5,0,2,0,0.0,0
0.0244,40,0,0.6575,1940.0,17,0,3,0,2.0,0
0.324,57,0,0.7179,,5,0,1,0,1.0,0
0.4221,23,0,0.9856,,6,0,0,0,0.0,0
0.0084,33,0,0.6946,7516.0,7,0,1,0,2.0,0
0.0199,37,0,0.6155,4642.0,13,0,2,0,1.0,0
0.7601,21,0,0.544,,13,0,2,0,0.0,0
0.1715,57,0,0.2591,,12,0,0,0,0.0,0
0.1451,40,0,0.866,3032.0,9,0,1,0,2.0,0
0.7436,55,0,0.3491,,12,0,3,0,1.0,0
1.1543,62,0,0.4651,1760.0,4,0,1,0,4.0,1
0.8089,70,0,0.4719,5305.0,6,0,2,0,0.0,0
0.7664,63,0,0.8397,,9,0,0,0,,0
0.5406,30,0,0.58,1913.0,7,0,0,0,0.0,0
0.1213,39,0,0.0844,,5,0,0,0,1.0,0
3.0727,28,0,0.0581,4172.0,7,0,2,0,1.0,1
0.2252,39,0,0.7912,,10,0,1,0,1.0,0
0.0449,73,0,0.9655,8847.0,10,0,2,0,1.0,0
0.608,56,0,1.0466,7526.0,14,0,2,0,0.0,0
0.8233,66,0,0.4727,3309.0,7,0,0,0,0.0,0
9.3568,33,0,0.7047,12937.0,10,0,2,0,2.0,0
0.7657,49,0,0.338,7555.0,9,0,0,0,0.0,0
0.4993,60,0,0.5229,4333.0,3,0,0,0,2.0,0
0.0227,38,0,0.4998,7305.0,4,0,2,0,0.0,0
1.9584,49,0,0.724,8330.0,9,0,0,0,1.0,0
0.6294,65,0,0.6223,6504.0,10,0,2,0,1.0,0
0.717,66,2,0.4859,5906.0,6,0,0,0,2.0,0
0.1689,59,0,1.2963,10413.0,8,0,0,0,0.0,0
0.73,51,0,0.3679,10134.0,10,0,1,0,1.0,0
0.4328,54,0,0.23,3182.0,10,0,3,0,1.0,0
1.7953,36,2,0.4729,3916.0,9,0,1,1,0.0,0
0.3568,78,0,0.4772,5741.0,7,0,1,0,1.0,0
0.6896,34,0,0.2911,4294.0,8,0,0,0,0.0,0
0.0408,70,0,0.3889,4106.0,7,0,2,0,0.0,0
0.2307,25,0,0.3734,7419.0,5,0,1,0,0.0,0
0.4811,48,0,0.29,2349.0,9,0,0,0,0.0,0
0.5353,57,0,0.2408,7920.0,8,0,1,0,0.0,0
2.0373,42,0,0.6238,3728.0,5,0,2,0,0.0,0
0.4949,31,0,0.2365,2664.0,7,0,0,0,2.0,0
0.1015,40,0,0.2847,4787.0,2,0,1,0,1.0,0
0.023,48,0,0.1472,,4,0,1,0,0.0,0
0.3809,54,0,0.7036,2806.0,8,0,1,0,0.0,0
0.0762,50,0,0.4263,7148.0,5,0,1,0,1.0,0
0.1501,54,0,0.2236,6982.0,7,0,1,0,2.0,0
0.6585,57,0,0.8563,3218.0,9,0,0,0,1.0,0
0.0445,61,0,0.9898,7942.0,11,0,2,0,0.0,0
4.4143,46,0,0.3258,4546.0,8,0,1,0,,0
0.264,57,0,0.2636,,7,0,0,0,1.0,0
0.3024,36,0,0.5335,8578.0,8,0,1,0,,0
0.4765,29,0,0.2027,2278.0,4,0,1,0,2.0,0
0.5592,45,0,0.3313,,7,0,0,0,0.0,0
6.8179,95,0,0.4333,,5,0,1,0,2.0,0
0.5654,52,0,0.5455,6301.0,7,0,0,0,0.0,0
0.8971,64,0,0.6834,,13,0,1,0,0.0,1
0.7123,69,0,0.5289,3261.0,10,0,2,0,0.0,1
0.593,48,0,0.3583,4911.0,7,0,3,0,0.0,0
0.829,73,0,0.5433,,7,0,1,0,,1
1.1143,59,0,0.9875,7861.0,7,0,1,0,3.0,0
0.3214,67,0,0.5887,8163.0,9,0,1,0,3.0,0
0.5481,55,0,0.7575,32416.0,14,0,1,0,1.0,0
0.3882,56,2,0.1704,5213.0,14,0,1,0,1.0,0
0.18,72,0,0.913,,10,0,0,0,1.0,0
0.2436,45,0,0.5427,3831.0,5,0,1,0,0.0,0
0.3174,57,0,0.6001,1422.0,3,0,1,0,0.0,0
0.0503,53,0,0.7949,3389.0,7,0,1,0,,0
0.7043,54,0,0.7231,1674.0,10,0,0,0,1.0,0
0.1723,62,1,1.3166,6794.0,10,2,3,1,1.0,0
0.26,57,0,1.0272,,4,0,0,0,2.0,0
0.7039,51,3,0.1094,,6,0,3,0,2.0,0
0.6535,76,0,0.263,14216.0,7,0,1,0,0.0,0
0.5467,58,0,0.0505,7916.0,10,0,1,0,,0
0.0786,43,0,0.4447,3039.0,8,0,1,0,2.0,0
0.6955,52,0,0.7431,4107.0,7,0,0,0,1.0,1
0.0361,52,0,0.7867,10066.0,10,0,0,0,0.0,0
0.6379,45,0,0.6907,3978.0,6,0,1,0,0.0,0
0.0712,46,0,0.2012,5280.0,9,0,0,0,2.0,0
0.218,51,0,0.1556,6369.0,13,0,1,0,1.0,0
0.3443,59,0,0.4516,6707.0,6,0,0,0,1.0,0
3.8104,36,0,0.7551,8777.0,9,0,1,0,1.0,0
1.6031,60,3,0.9004,7051.0,8,0,1,0,0.0,0
0.5292,49,0,0.9667,,9,0,3,0,0.0,0
0.5689,37,0,0.0264,2572.0,11,0,0,0,1.0,0
0.396,59,0,0.1888,6980.0,9,0,2,0,2.0,0
0.5258,57,0,0.3153,,13,0,1,0,3.0,0
0.0005,60,0,0.5168,6202.0,7,0,1,0,2.0,0
0.228,68,0,0.3628,5979.0,4,0,0,0,2.0,0
0.1104,78,0,0.2399,6330.0,7,0,0,0,1.0,0
0.2464,53,0,0.3289,5084.0,10,0,0,1,2.0,0
0.0808,48,0,0.0357,4688.0,9,0,2,0,2.0,0
1.5145,51,0,0.1164,8558.0,12,0,0,0,2.0,0
0.6403,47,0,0.3979,,10,0,0,0,0.0,0
1.6858,45,0,0.321,10898.0,6,0,0,0,0.0,0
0.6597,52,0,0.4493,,7,0,0,0,0.0,0
0.8118,31,0,0.477,4614.0,4,0,1,0,1.0,0
0.1199,64,0,0.1679,7562.0,7,0,0,0,1.0,0
5.4195,57,0,0.1857,6751.0,5,0,0,0,0.0,0
0.0429,74,0,0.542,14260.0,13,0,1,0,0.0,0
0.7364,40,0,0.2038,2176.0,2,0,0,0,3.0,0
0.8822,72,0,0.4626,2830.0,8,0,2,0,1.0,0
0.6001,66,0,0.2796,,5,0,1,0,1.0,0
0.0458,39,0,0.3041,4151.0,5,0,0,0,0.0,0
1.6534,37,0,0.7041,5971.0,7,0,2,0,1.0,0
0.6141,57,0,0.2793,5553.0,10,0,1,0,0.0,0
0.1634,60,0,0.6195,11250.0,10,0,0,0,0.0,0
0.2253,63,0,0.5526,3266.0,12,0,2,0,1.0,0
0.3116,43,0,0.6151,6382.0,7,0,1,0,2.0,0
1.1253,86,0,0.5684,7477.0,4,0,2,0,1.0,0
0.5827,37,0,0.6087,,9,0,2,0,2.0,0
0.2245,69,0,0.1575,,7,0,2,0,0.0,0
6.7631,28,0,0.3324,3781.0,12,0,0,0,0.0,0
1.5445,41,0,0.7065,,8,0,0,0,1.0,1
0.503,65,0,0.8054,4985.0,9,0,0,0,0.0,0
0.2162,77,0,0.0368,28366.0,7,0,1,0,0.0,0
0.0951,68,0,0.6056,4523.0,7,0,0,0,2.0,0
6.2139,50,0,0.5574,4394.0,6,0,0,0,0.0,0
2.06,36,0,0.2705,9326.0,7,0,2,0,0.0,0
0.481,70,0,0.4801,2818.0,4,0,0,0,0.0,0
0.1017,50,0,0.1136,4417.0,6,0,1,0,0.0,0
0.1303,73,0,0.1671,3656.0,6,0,1,0,0.0,0
0.3839,68,0,0.5216,,7,0,1,0,2.0,0
0.3919,60,0,0.6505,,7,0,0,0,1.0,0
0.3266,41,0,0.393,7912.0,6,0,0,0,1.0,0
2.7337,42,0,0.34,5819.0,13,0,1,0,0.0,0
0.2936,61,0,0.3563,1934.0,15,0,2,0,0.0,0
0.398,55,1,0.8311,,6,0,0,0,0.0,0
0.2192,79,0,0.3913,5453.0,4,0,0,0,1.0,0
0.262,61,0,1.0769,,7,0,2,0,2.0,0
0.2342,60,0,0.8741,5661.0,5,0,1,0,1.0,0
0.1781,74,0,0.0892,,7,0,2,0,2.0,0
0.1471,44,0,0.6428,4669.0,8,0,0,0,0.0,0
0.8051,60,0,0.7283,7817.0,4,0,2,1,2.0,0
1.4307,41,0,0.6535,3594.0,10,0,1,0,1.0,0
0.4251,65,0,0.6084,9619.0,9,0,0,0,0.0,0
0.4977,75,0,1.0188,,5,0,0,0,1.0,1
0.7595,55,0,0.425,3694.0,4,0,0,0,0.0,0
0.1797,29,0,0.3104,13924.0,9,0,1,0,2.0,1
0.0061,67,0,0.4738,4109.0,10,0,1,0,1.0,0
0.3204,74,0,0.1569,3530.0,6,0,2,0,1.0,0
0.0152,42,0,0.3316,4767.0,11,0,1,0,3.0,0
0.8302,43,0,0.4188,10274.0,7,0,1,0,0.0,0
0.9394,66,0,0.2932,,13,0,0,0,0.0,0
0.5054,40,0,0.8748,,10,0,1,0,0.0,0
1.2758,37,2,0.4856,,9,0,1,2,2.0,0
8.5744,40,0,0.2926,14109.0,10,0,1,0,2.0,0
0.7894,47,0,0.4417,8391.0,9,0,0,0,2.0,0
0.4245,63,0,0.5008,5197.0,4,0,0,0,0.0,0
0.2553,55,0,0.5525,,8,0,1,0,0.0,0
0.2507,66,0,0.6011,6977.0,3,0,1,0,1.0,0
0.4368,61,0,0.272,16764.0,7,0,0,0,1.0,0
8.8373,72,0,0.4533,8431.0,11,0,3,0,0.0,0
0.5865,68,0,0.3673,10690.0,6,0,1,0,,0
0.989,37,0,0.9043,16615.0,6,0,1,0,2.0,1
0.7157,48,0,0.3445,4768.0,11,0,0,0,3.0,0
1.8542,71,0,0.4894,8930.0,5,0,0,0,,0
0.0646,58,0,0.59,,9,0,0,0,0.0,0
0.1967,45,0,0.5704,8914.0,12,0,2,0,0.0,0
2.874,48,0,0.5584,,8,0,0,0,3.0,0
0.9059,65,0,0.5509,,11,0,0,0,2.0,0
0.4219,48,0,0.0814,6620.0,7,0,1,0,2.0,0
0.3903,69,0,0.2707,,5,0,0,0,1.0,0
0.2049,50,0,0.2244,5288.0,7,0,0,0,1.0,0
0.0539,74,0,0.3971,10382.0,5,0,1,0,0.0,0
0.2393,69,0,0.7159,,11,0,1,0,2.0,0
0.1894,45,0,0.5873,5416.0,6,0,1,0,0.0,0
1.5496,63,0,0.6999,,5,0,0,0,1.0,0
0.4395,33,0,0.641,,3,0,2,0,0.0,0
0.614,53,0,0.2724,1126.0,12,0,0,0,1.0,0
0.6,52,0,0.9283,5372.0,7,0,2,0,0.0,0
0.3675,29,0,1.0997,6511.0,6,0,0,0,0.0,0
0.3097,28,0,0.3606,7282.0,9,0,0,0,0.0,0
0.1764,69,0,0.4042,3668.0,8,0,1,0,,0
0.0026,52,0,0.7039,,8,0,4,0,1.0,0
0.3496,54,0,0.3049,10207.0,4,0,1,0,1.0,0
2.3558,48,0,0.4506,7917.0,9,0,1,0,0.0,0
0.3292,70,0,0.7815,,10,0,1,0,1.0,0
0.1535,31,0,0.6451,,8,0,0,0,2.0,0
0.4933,64,0,0.7191,6637.0,6,0,2,0,0.0,0
0.5462,80,0,0.4654,12873.0,6,0,1,0,1.0,0
0.2777,41,0,0.4148,,7,0,0,0,0.0,0
0.5581,38,0,1.175,6016.0,11,0,1,0,0.0,0
0.8322,57,0,0.4985,1998.0,7,0,2,0,2.0,0
0.4197,61,0,0.1909,10415.0,7,0,1,0,,0
0.4658,34,0,0.7891,3166.0,6,0,1,0,0.0,1
0.3699,47,0,0.5949,,5,0,0,0,1.0,0
0.1684,73,0,0.5639,4529.0,11,0,2,0,1.0,0
0.857,79,0,0.8071,15629.0,10,0,2,0,1.0,0
4.7969,50,0,0.5117,3562.0,5,0,2,0,0.0,1
0.8568,54,0,0.5954,,9,0,2,0,2.0,0
2.8046,56,0,0.4704,5091.0,5,0,1,0,1.0,0
0.2247,21,0,0.4968,,10,0,2,0,0.0,0
5.0847,41,1,0.6831,13575.0,10,0,3,0,0.0,0
0.0188,51,0,0.5966,,6,0,1,0,2.0,0
0.6242,85,0,0.5349,2979.0,10,0,1,0,0.0,1
0.3337,58,0,0.4836,,9,0,1,0,1.0,0
0.6077,72,0,0.2088,3375.0,7,0,2,0,1.0,0
0.9564,49,0,0.5417,,10,0,3,0,1.0,0
0.6421,58,0,0.3744,2933.0,8,0,1,0,1.0,0
0.7285,39,0,0.3236,5168.0,9,0,1,0,1.0,0
1.0262,31,0,0.3617,3407.0,14,0,1,0,0.0,0
0.4167,36,0,0.234,6982.0,11,0,4,0,1.0,0
0.1686,46,0,0.4482,4059.0,9,0,0,0,3.0,0
0.3515,51,0,0.753,3488.0,9,0,2,0,0.0,0
1.4262,43,1,0.2357,6060.0,8,0,0,0,1.0,0
3.7708,21,0,0.1449,3971.0,8,0,1,0,0.0,0
0.2744,61,0,0.4063,16947.0,5,0,0,0,1.0,0
0.5792,39,0,0.6962,,9,0,1,0,1.0,0
6.9925,51,0,0.6015,3360.0,13,0,1,0,0.0,1
0.588,40,0,0.4611,9241.0,11,0,0,0,1.0,0
2.0652,65,0,0.65,,6,0,3,0,0.0,0
0.4701,26,0,0.4185,,9,0,2,0,0.0,0
0.1572,63,0,0.8605,4075.0,11,0,1,0,1.0,0
0.3694,44,0,0.6531,5573.0,7,0,1,0,1.0,0
0.7852,46,0,0.6086,2659.0,7,0,2,0,1.0,0
0.4646,51,0,0.2453,4965.0,7,0,2,0,1.0,0
0.2553,49,0,0.5065,,8,0,0,0,0.0,0
0.8618,70,0,0.3767,14679.0,8,0,1,0,0.0,0
0.1769,59,0,0.9386,4610.0,9,0,2,0,1.0,0
0.0487,69,0,0.7664,,14,0,1,0,2.0,0
0.0639,57,0,0.1339,3497.0,5,0,0,0,1.0,0
0.0618,48,0,0.6026,4196.0,8,0,0,0,0.0,0
0.0521,48,0,0.7014,,8,0,0,0,1.0,0
5.4971,28,0,0.7974,4279.0,8,0,2,0,0.0,1
0.2889,77,0,0.8313,6884.0,4,0,1,0,2.0,0
0.4726,48,0,0.0847,6526.0,7,0,0,0,1.0,0
0.432,25,0,0.3109,4469.0,4,0,1,0,2.0,0
0.6826,36,0,0.147,2563.0,9,0,0,0,0.0,0
0.3434,28,0,0.4568,,9,0,1,0,2.0,0
0.0008,40,0,0.9054,7096.0,11,0,1,0,,0
0.1515,58,0,1.1004,,5,0,3,0,0.0,0
0.4744,21,0,0.6094,,19,0,0,0,0.0,1
2.2453,68,0,0.6174,2641.0,4,0,0,0,0.0,0
0.4984,41,0,0.9817,1861.0,9,0,0,0,1.0,0
0.2779,47,0,0.3796,,7,0,1,0,2.0,0
0.1817,49,0,0.302,5326.0,8,0,1,0,1.0,0
0.2105,35,0,1.3664,9485.0,8,0,1,0,0.0,0
5.1245,60,0,0.6768,10551.0,5,0,1,0,0.0,0
2.8035,30,0,0.4522,8145.0,9,0,4,0,2.0,0
7.0537,72,0,0.4432,,9,0,1,0,0.0,0
0.4514,35,0,0.5461,14072.0,8,0,3,0,0.0,0
0.0118,49,0,0.6142,15909.0,6,0,2,0,0.0,0
0.6047,40,1,0.2819,4414.0,7,1,0,1,1.0,0
0.3708,65,0,0.6233,2484.0,7,0,0,0,0.0,0
0.3853,34,0,0.8878,3221.0,6,0,1,0,1.0,0
0.4369,70,0,0.1846,2292.0,3,0,0,0,2.0,0
0.3528,80,0,0.1033,8695.0,4,0,1,0,3.0,1
1.0095,31,0,0.4152,2711.0,3,0,3,0,1.0,0
0.5695,24,0,0.7574,1620.0,6,0,0,0,0.0,0
0.0227,46,0,0.2472,2192.0,5,0,0,0,0.0,0
0.1122,52,0,0.4553,,12,0,2,0,0.0,0
0.0879,47,0,0.0774,13382.0,5,0,0,0,0.0,0
0.7008,46,0,0.7542,2684.0,9,0,0,0,1.0,0
2.7681,60,0,0.1769,5960.0,9,0,0,0,1.0,0
0.0079,55,0,0.4882,8507.0,13,0,1,0,0.0,0
0.3047,28,0,0.7745,5654.0,6,0,0,0,0.0,0
0.4341,40,0,0.2676,,11,0,0,0,1.0,0
0.5284,69,0,0.4586,2871.0,6,0,2,0,0.0,1
0.4052,52,0,0.1843,6385.0,3,0,0,0,0.0,0
0.0425,50,0,0.1089,,10,0,0,0,0.0,0
0.0596,33,0,0.4472,728.0,11,0,0,0,4.0,0
0.0163,61,0,0.1746,,9,0,0,0,2.0,0
0.2384,50,0,0.5697,,9,0,0,0,1.0,0
0.2916,50,0,0.1566,6053.0,11,0,0,0,1.0,0
0.2444,64,0,0.0803,9175.0,7,0,2,0,1.0,0
0.2751,36,0,0.5378,1383.0,6,0,1,0,1.0,0
0.5937,67,0,0.5589,11004.0,10,0,2,0,2.0,0
0.5975,55,0,0.4821,5767.0,11,0,1,0,0.0,0
0.1438,67,0,0.0307,6687.0,6,0,4,0,0.0,0
0.0746,47,0,0.7056,3488.0,8,0,3,0,1.0,0
2.2125,68,0,0.0756,,7,0,0,0,2.0,0
0.2869,21,0,0.4772,2245.0,10,0,1,0,1.0,0
0.3948,31,0,0.1203,7967.0,13,0,1,0,2.0,0
0.3874,38,0,0.6096,,7,0,2,0,2.0,0
0.3544,40,0,0.2701,3442.0,10,0,1,0,3.0,0
0.5813,66,0,1.0814,1734.0,5,0,1,0,1.0,1
0.1557,23,0,0.3944,3988.0,9,0,1,0,0.0,0
0.2561,63,0,0.6896,,7,0,3,0,1.0,0
0.1716,50,0,0.0999,18364.0,5,0,2,0,0.0,0
0.0865,35,0,0.3214,,11,0,1,0,0.0,0
0.3579,75,0,0.8792,8026.0,10,0,2,0,0.0,0
0.1934,32,0,0.2103,7357.0,9,0,1,0,1.0,0
0.4958,63,0,0.815,2704.0,6,0,1,0,1.0,0
0.0419,69,0,0.5434,18010.0,2,0,1,0,2.0,0
0.7329,24,0,0.1125,2222.0,6,0,0,0,1.0,0
0.1179,36,0,0.6775,,9,0,3,0,1.0,0
0.8409,69,0,0.4325,10216.0,7,0,1,0,0.0,0
0.7136,53,0,0.9406,5719.0,7,0,1,0,0.0,0
7.2402,60,0,1.2854,,6,0,5,0,0.0,1
3.8271,52,0,0.7376,9372.0,8,0,0,0,2.0,0
0.3291,62,0,0.4745,,12,0,1,0,0.0,0
0.1465,34,0,0.5393,4757.0,5,0,0,0,3.0,0
0.5575,61,1,1.0806,,5,0,2,0,2.0,0
0.0395,48,0,0.4186,6591.0,9,0,2,0,1.0,0
0.3633,48,0,0.4847,,10,0,0,0,0.0,0
0.7356,32,0,0.5533,12480.0,11,0,0,0,1.0,0
0.327,29,0,0.8105,2652.0,3,0,1,0,0.0,0
0.6409,49,3,0.3269,6856.0,11,0,0,0,0.0,0
0.0459,68,0,0.2675,,12,0,1,0,2.0,0
0.1966,53,0,0.5001,4102.0,7,0,2,0,1.0,0
0.3215,37,2,0.3486,6946.0,5,0,3,0,1.0,0
4.5171,48,0,1.031,,4,0,1,0,2.0,0
0.3281,47,0,0.8669,8335.0,7,0,1,0,0.0,0
1.3199,39,0,0.4741,3863.0,6,0,0,0,0.0,0
1.5512,57,0,0.9061,2928.0,6,0,0,0,2.0,0
0.085,37,0,0.1766,3423.0,19,0,1,0,0.0,0
0.0806,41,0,0.555,3936.0,6,0,0,0,1.0,0
0.0348,35,0,0.1872,5369.0,13,0,0,0,1.0,0
3.1116,40,1,0.9826,7522.0,8,0,3,0,1.0,0
0.1805,72,0,0.8854,,6,0,1,0,1.0,0
0.388,41,0,0.819,1897.0,12,0,0,0,0.0,0
0.4697,44,0,0.9306,,3,0,1,0,1.0,0
0.3144,62,0,0.8551,,5,0,1,0,1.0,0
0.5946,65,0,0.5047,5757.0,7,0,2,0,1.0,0
0.0379,44,0,0.2085,,8,0,0,0,1.0,0
0.3693,68,0,0.2956,,12,0,5,0,2.0,0
0.3976,37,0,0.2985,,13,0,2,0,0.0,0
0.6559,60,0,0.3293,,9,0,0,0,1.0,0
0.1152,50,0,0.3123,,12,0,2,0,0.0,0
0.4696,57,0,0.1229,3198.0,5,0,0,0,1.0,0
0.0956,59,0,0.8179,,6,0,0,0,1.0,0
0.8287,50,1,0.8319,,16,0,0,0,1.0,0
0.8059,58,0,0.8067,5213.0,11,0,1,0,1.0,0
0.5803,62,0,0.8566,7775.0,10,0,1,0,,0
0.5231,28,0,0.557,19107.0,8,0,2,0,2.0,0
0.3178,39,0,0.6311,3144.0,11,0,2,0,1.0,0
0.5454,64,0,0.3743,4497.0,7,0,1,0,0.0,0
2.7829,24,0,0.4273,2626.0,12,0,0,0,1.0,0
0.1916,35,0,0.3847,3526.0,7,0,2,0,2.0,0
0.7571,73,0,0.5257,,12,0,2,0,2.0,0
0.5163,46,0,0.6626,6345.0,10,0,0,0,3.0,0
0.3558,54,0,0.3998,5592.0,8,0,2,0,1.0,0
0.3562,57,0,0.6397,,6,0,1,0,2.0,0
0.1076,57,0,0.9692,11034.0,9,0,1,0,0.0,0
3.742,44,0,0.2409,7040.0,9,0,0,0,0.0,0
0.4763,46,0,0.6063,2606.0,7,0,1,0,0.0,0
0.6261,81,0,0.4102,,9,0,0,0,0.0,0
4.0532,32,0,0.6106,5916.0,10,0,0,0,0.0,0
0.381,41,0,0.5407,6213.0,7,0,1,0,0.0,0
0.4111,35,0,0.7427,,9,0,1,0,0.0,0
0.1279,48,0,0.6671,,8,0,1,0,0.0,0
0.6754,38,0,0.4545,,10,0,2,0,0.0,0
0.0075,69,0,0.4449,4096.0,8,0,2,0,0.0,0
0.542,73,0,0.6202,,6,0,0,0,1.0,1
0.3863,50,0,0.6918,10708.0,10,0,0,0,0.0,0
0.2509,37,0,0.5655,17048.0,8,0,2,0,1.0,0
0.7436,76,0,0.3845,8088.0,12,0,0,0,0.0,0
0.2883,40,0,1.0749,5814.0,6,0,2,0,0.0,0
0.1115,54,0,0.2749,3935.0,10,0,1,0,3.0,0
0.076,56,0,0.259,3650.0,15,0,1,0,2.0,0
0.2842,37,0,0.3419,9609.0,11,0,2,0,2.0,0
0.4073,45,1,0.6683,5110.0,9,0,1,0,2.0,0
0.6587,77,1,0.49,,8,0,0,0,3.0,0
0.6732,55,0,0.526,1504.0,12,0,0,0,2.0,0
0.7492,58,0,0.1778,15154.0,6,0,0,0,1.0,0
0.2792,62,0,0.8678,3838.0,8,0,3,0,1.0,0
2.3481,57,0,0.7276,11132.0,10,0,3,0,0.0,0
0.0312,65,0,0.3225,6619.0,9,0,0,0,0.0,0
0.2171,59,0,0.0695,,10,0,0,0,3.0,0
0.1723,49,0,0.6659,2928.0,7,0,1,0,1.0,0
0.4445,95,0,0.3909,,6,0,1,0,1.0,0
0.0285,43,0,0.2212,9202.0,5,0,0,0,2.0,0
5.4012,46,0,0.1678,2748.0,7,0,1,0,0.0,0
0.0911,70,0,0.3661,1844.0,14,0,3,0,0.0,0
0.6973,62,0,0.6041,4082.0,9,0,2,0,1.0,0
0.0632,45,3,0.1042,1903.0,9,0,0,1,1.0,0
0.5415,44,0,0.5626,,4,0,0,0,0.0,0
2.0166,51,0,0.9856,2098.0,9,0,2,0,2.0,0
0.7163,56,0,0.1206,19473.0,7,0,1,0,1.0,0
0.0466,51,0,0.5991,2764.0,6,0,0,0,1.0,0
0.0107,44,0,0.5479,7032.0,9,0,0,0,0.0,0
0.3462,61,0,0.758,14447.0,6,0,2,0,0.0,0
0.4205,52,0,0.8646,7333.0,11,0,1,0,0.0,0
0.3471,64,0,0.7449,6898.0,4,0,0,0,3.0,0
0.0799,53,0,0.3693,4139.0,8,0,1,0,2.0,0
0.3279,30,0,0.6823,3624.0,12,0,0,0,0.0,0
0.5154,58,0,0.504,5666.0,6,0,2,0,0.0,0
0.4887,65,0,0.9944,4506.0,6,0,2,0,1.0,0
0.3674,57,3,0.4319,9924.0,8,0,3,0,3.0,0
0.8349,29,0,0.0687,7651.0,8,0,1,0,0.0,0
0.1078,56,0,0.7877,,4,0,2,0,1.0,0
0.484,45,0,0.7864,4843.0,10,0,0,0,1.0,1
0.0205,52,0,0.9905,4552.0,10,0,0,0,0.0,0
0.6228,59,0,0.4876,11210.0,8,0,0,0,0.0,0
1.995,48,2,0.2774,10616.0,7,0,1,0,0.0,0
0.7321,61,0,0.5,,13,0,1,0,0.0,0
0.6685,58,0,0.3564,6755.0,12,0,1,0,0.0,0
0.3543,57,0,0.1955,6729.0,8,0,0,0,1.0,0
0.3916,47,0,0.6539,3849.0,10,0,0,0,2.0,0
0.0126,66,2,0.9045,6258.0,9,0,2,0,1.0,0
0.6898,72,0,0.4245,8645.0,13,0,1,0,1.0,0
0.4654,52,1,0.1472,5627.0,6,0,1,0,1.0,0
1.0301,45,0,0.3994,3016.0,8,0,1,0,0.0,0
1.1101,46,0,0.3375,26015.0,9,0,0,0,2.0,0
0.9558,63,0,1.3544,14001.0,8,0,0,0,0.0,0
0.4108,53,0,0.3084,,6,0,0,0,2.0,0
0.3624,49,0,0.0377,12564.0,8,0,1,0,0.0,0
0.977,42,0,0.3924,6472.0,5,0,1,0,0.0,0
0.1661,57,0,0.1102,4255.0,4,0,0,0,0.0,0
0.2634,61,0,0.7714,,10,0,0,0,2.0,0
1.4523,51,0,0.4988,8193.0,7,0,1,0,0.0,0
0.3152,56,1,0.4559,,7,0,1,3,1.0,0
3.5067,59,0,0.7439,4216.0,6,0,1,0,2.0,1
0.3721,65,0,0.3888,2523.0,8,0,2,0,0.0,0
0.3503,40,0,0.6187,3269.0,16,0,1,0,2.0,0
0.7162,42,0,0.2144,5083.0,4,0,0,0,0.0,0
0.0348,46,0,0.1063,3364.0,6,0,0,0,1.0,0
0.443,52,0,0.8204,,8,0,0,0,0.0,0
0.4185,45,4,0.5921,2150.0,5,1,1,0,,0
0.7002,48,0,0.1567,5520.0,6,0,2,0,1.0,0
0.2992,62,0,0.5324,2364.0,16,0,0,0,1.0,0
0.0059,32,0,0.5092,3686.0,5,0,0,0,1.0,0
0.8209,41,0,0.8149,4432.0,3,0,1,0,2.0,0
0.3341,42,0,0.2166,4441.0,13,0,0,0,1.0,0
0.348,69,0,0.5435,9701.0,9,0,0,0,1.0,0
2.8747,53,1,0.4219,2183.0,9,0,2,0,1.0,0
0.6952,55,0,0.8113,6693.0,8,0,2,0,1.0,0
1.0837,40,3,0.4093,7490.0,8,0,2,1,1.0,0
0.0296,45,0,0.5757,1736.0,11,0,0,0,1.0,0
0.6928,21,0,0.032,3048.0,8,0,2,0,1.0,1
0.0046,53,0,0.1215,6568.0,8,0,0,0,1.0,0
0.1907,42,0,0.3912,,12,0,1,0,2.0,0
1.0575,29,0,0.3086,6165.0,3,0,3,0,0.0,0
0.1582,56,0,0.7036,8289.0,8,0,2,0,0.0,0
2.0343,39,0,0.1512,8253.0,10,0,1,0,0.0,0
4.4253,53,0,0.0751,6765.0,11,1,0,1,1.0,0
0.8906,56,0,0.4838,4670.0,4,0,2,0,1.0,0
0.3577,91,0,0.6089,5919.0,6,0,1,0,2.0,0
0.0108,46,0,0.388,2920.0,9,0,0,0,0.0,0
0.4487,54,0,0.5719,14210.0,13,0,0,0,2.0,0
0.1027,51,0,0.4532,2158.0,6,0,0,0,0.0,0
0.3942,41,0,0.5791,3083.0,6,0,1,0,1.0,0
0.2221,55,0,0.4339,4238.0,4,0,0,0,1.0,0
0.1163,62,0,0.7433,6638.0,7,0,1,0,0.0,0
0.362,59,0,0.5193,6713.0,9,0,3,0,1.0,0
0.4527,61,0,0.4179,4791.0,11,0,0,0,2.0,0
0.7126,41,0,0.3873,,5,0,0,0,0.0,0
0.4647,53,0,0.7341,11138.0,6,0,2,0,1.0,0
0.286,29,0,0.2194,2052.0,13,0,1,0,0.0,0
0.0177,28,0,0.791,4449.0,6,0,1,0,0.0,0
0.539,75,0,0.4643,5264.0,9,0,0,0,0.0,0
0.2427,53,0,0.7209,,6,0,4,0,0.0,0
5.6623,61,0,0.1294,,15,0,0,0,2.0,0
0.5794,61,0,0.6394,2417.0,6,0,1,0,1.0,0
0.1725,51,0,0.2746,7167.0,10,0,0,0,1.0,0
0.4271,70,0,0.488,8396.0,3,0,0,0,0.0,0
0.5008,50,0,0.282,,8,0,0,0,0.0,0
0.5171,22,0,0.3482,8768.0,7,0,0,0,0.0,0
1.0731,54,0,0.1834,1271.0,10,0,1,0,2.0,0
0.3959,65,0,0.3498,5359.0,11,0,0,0,1.0,0
2.0164,32,0,0.1705,,9,0,1,0,0.0,0
0.2088,48,0,0.6729,1113.0,6,0,0,0,1.0,0
0.2576,67,0,0.3006,3189.0,11,0,1,0,1.0,0
0.2648,64,0,0.6016,1684.0,8,0,0,0,1.0,0
0.2061,50,0,0.6455,2743.0,5,0,0,0,1.0,0
0.3214,41,0,0.2129,3374.0,10,0,0,0,1.0,0
0.2797,52,0,0.8056,1600.0,8,0,1,0,0.0,0
0.5139,55,0,0.8169,5768.0,7,0,0,0,1.0,0
0.0813,62,0,0.3621,1270.0,10,0,0,0,0.0,0
0.5646,50,0,0.9487,5835.0,8,0,3,0,1.0,0
0.8982,73,0,0.1328,4980.0,6,0,0,0,1.0,0
0.4331,55,0,0.3449,6045.0,8,0,2,0,0.0,0
1.9679,47,0,0.2982,3299.0,10,0,1,0,1.0,0
0.3403,44,0,0.7793,7342.0,10,0,2,0,0.0,0
2.1433,40,0,0.7224,5545.0,8,0,0,0,0.0,0
0.0092,66,0,0.5339,13036.0,5,0,2,0,0.0,0
0.6363,49,0,1.2882,9666.0,7,0,0,0,0.0,0
0.1197,21,0,0.5788,3610.0,1,0,0,0,3.0,0
0.4167,46,0,0.2778,13666.0,6,0,3,0,1.0,0
5.761,69,0,0.7072,7693.0,4,0,2,0,1.0,0
0.0651,45,0,0.3605,,9,0,1,0,1.0,0
0.1485,33,0,0.5724,3625.0,3,0,2,0,0.0,0
0.4379,45,0,0.1008,5703.0,8,0,1,0,2.0,0
1.1326,60,0,0.4244,,8,0,0,0,2.0,0
0.4825,48,0,0.5279,2209.0,9,0,0,0,0.0,0
0.4749,39,0,0.5546,2144.0,11,0,1,0,2.0,0
2.3302,60,0,0.919,5068.0,7,0,1,0,1.0,0
3.3534,68,0,0.9991,3460.0,8,0,3,0,0.0,0
0.432,72,0,0.2616,3838.0,11,0,1,0,1.0,0
0.6952,54,0,0.6443,4220.0,10,0,2,0,1.0,0
0.1589,49,0,0.1919,9188.0,7,0,2,0,1.0,0
0.386,58,0,0.5464,4630.0,10,0,0,0,0.0,0
2.2219,69,0,0.4373,2848.0,10,0,2,0,1.0,0
0.1914,66,0,0.19,1213.0,11,0,1,0,3.0,0
0.0468,51,0,1.1551,6843.0,8,0,1,0,0.0,0
3.3722,38,2,0.0964,6598.0,9,0,0,0,1.0,0
2.1659,55,0,0.2114,16138.0,11,0,0,0,1.0,0
0.0674,51,0,1.3649,7917.0,7,0,1,0,1.0,0
0.5819,58,0,0.1922,16911.0,5,0,0,0,0.0,0
0.4657,36,0,0.526,947.0,9,0,1,0,1.0,0
0.2093,42,0,0.3801,5297.0,7,0,0,0,1.0,0
1.278,64,1,1.0019,10062.0,10,0,0,0,0.0,0
0.3229,54,0,0.2083,7613.0,4,0,0,0,0.0,0
0.4431,35,0,0.4064,6880.0,9,0,0,0,3.0,0
0.1725,70,0,0.3417,2982.0,8,0,0,0,0.0,0
0.217,48,0,0.4879,10033.0,9,0,4,0,0.0,0
0.6041,57,0,0.3029,,11,0,0,0,1.0,0
0.4567,45,0,0.1794,,6,0,1,0,4.0,0
0.5309,55,1,0.4566,4514.0,9,0,3,0,0.0,0
0.1984,70,0,0.7015,,10,0,0,0,0.0,0
0.3284,70,0,0.9377,3750.0,5,0,0,0,0.0,0
1.1291,73,0,0.393,,10,0,1,0,1.0,1
0.2692,45,0,0.0742,3964.0,11,0,0,0,0.0,0
0.4627,61,0,0.195,7476.0,10,0,2,0,0.0,0
0.2568,28,0,0.6802,16865.0,5,0,0,0,2.0,0
0.5029,56,0,0.6322,10673.0,6,0,0,0,3.0,0
0.8916,78,0,0.6633,,7,0,0,0,1.0,0
0.2661,35,0,0.1445,2777.0,13,0,1,0,2.0,0
0.6989,40,0,0.6559,7039.0,6,0,2,0,1.0,0
0.0974,50,0,0.3367,6905.0,10,0,0,0,1.0,0
0.3599,48,0,0.2463,,9,0,3,0,1.0,0
0.4485,63,0,0.1257,,6,0,2,0,1.0,1
0.2303,62,0,0.3863,,14,0,1,0,0.0,1
0.3899,23,0,0.729,5539.0,7,0,1,0,3.0,0
1.1942,37,0,0.2072,2533.0,9,0,1,0,1.0,0
0.3971,50,0,0.7283,3027.0,3,0,1,0,0.0,0
0.1435,44,0,0.5713,5873.0,6,0,1,0,1.0,0
1.0014,57,0,0.8263,,4,0,1,0,0.0,0
0.2972,58,0,0.2152,7093.0,10,0,1,0,3.0,0
0.9082,21,0,0.635,7793.0,9,0,4,0,3.0,0
0.022,47,0,0.1114,9314.0,5,0,0,0,1.0,0
0.9155,40,0,0.6729,,7,0,2,0,1.0,0
0.0956,54,0,0.37,5484.0,8,0,2,0,3.0,0
0.2584,61,0,0.2766,,4,0,1,0,0.0,0
0.7846,49,0,0.3677,5792.0,8,0,0,0,1.0,0
0.8024,34,0,0.3426,6108.0,8,0,1,0,0.0,0
1.2536,70,0,0.5463,3594.0,5,0,1,0,1.0,0
0.7684,41,0,0.3463,4889.0,8,0,1,0,0.0,0
0.0786,45,0,0.408,1803.0,10,0,1,0,1.0,0
0.6662,25,0,0.2124,4141.0,8,0,2,0,1.0,0
0.0421,59,0,0.1521,7171.0,12,0,0,0,0.0,0
0.1467,52,0,1.033,3529.0,10,0,2,0,2.0,0
0.5198,59,0,0.7072,4774.0,6,0,3,0,0.0,1
0.3236,41,0,0.3304,,10,0,2,0,2.0,0
0.5987,61,0,0.2927,10521.0,5,0,0,0,1.0,0
1.3406,72,0,0.5447,5244.0,9,0,2,0,1.0,0
0.3051,21,0,0.4127,3868.0,8,0,0,0,2.0,0
0.0597,58,0,0.5206,2640.0,7,0,2,0,0.0,0
0.7059,32,0,0.2284,5270.0,7,0,0,0,0.0,0
0.1269,58,0,0.6274,,4,0,2,0,0.0,0
0.6592,67,0,0.3594,3106.0,7,0,1,0,0.0,0
0.637,38,0,0.3032,3146.0,4,0,1,0,1.0,0
0.391,41,0,0.6556,2197.0,7,0,1,0,0.0,0
0.2621,54,0,0.2502,12251.0,4,0,1,0,3.0,0
0.129,52,0,0.9889,7793.0,7,0,0,0,0.0,0
0.3265,33,0,0.6892,9635.0,5,0,1,0,0.0,0
4.3735,44,0,0.177,,8,0,2,0,3.0,0
0.0062,41,0,0.7518,5183.0,11,0,1,0,2.0,0
0.8139,49,0,0.4044,2462.0,8,0,0,0,1.0,0
1.1348,77,0,0.175,3031.0,13,0,1,0,2.0,0
0.0786,54,0,1.0445,,6,0,0,0,1.0,0
0.5776,37,0,0.5618,1618.0,6,0,0,0,0.0,0
0.2515,56,0,0.1341,6078.0,9,0,1,0,3.0,1
0.6171,48,0,0.5555,3274.0,4,0,1,0,1.0,0
0.7198,72,0,0.3024,5262.0,10,0,1,0,,0
0.7231,46,0,0.3099,8468.0,7,0,1,0,2.0,0
0.0262,48,0,0.5523,9333.0,4,0,1,0,1.0,0
0.5023,68,0,0.2011,11860.0,5,0,0,0,0.0,0
0.0831,40,0,0.3486,3463.0,12,0,0,0,1.0,0
0.0623,35,0,0.5925,7888.0,8,0,2,0,0.0,0
0.2582,56,0,0.4328,,10,0,4,0,1.0,0
0.367,54,0,0.115,4996.0,7,0,0,0,0.0,0
0.0358,33,0,0.1422,8058.0,11,0,0,0,2.0,0
0.1082,24,0,0.374,2955.0,9,0,2,0,1.0,0
0.5342,56,0,0.7136,9497.0,9,0,0,0,0.0,0
0.2876,56,0,0.6986,4503.0,4,0,0,0,1.0,0
0.3589,60,0,0.4125,2632.0,5,0,0,0,2.0,0
0.5403,66,0,0.5841,5416.0,3,0,2,0,0.0,0
0.4628,53,0,0.1958,6464.0,5,0,1,0,2.0,0
7.8172,50,0,0.3485,13080.0,6,0,0,0,,0
0.5076,62,0,0.2966,2715.0,5,0,2,0,1.0,0
0.3143,53,0,1.0635,5734.0,11,0,1,0,0.0,0
0.0548,31,0,0.2395,,9,0,0,0,1.0,0
3.6221,55,0,0.466,6305.0,10,0,0,0,0.0,0
0.7193,61,0,0.5727,5297.0,9,0,1,0,0.0,0
0.122,39,0,0.6487,4839.0,11,0,1,0,1.0,0
0.9794,76,0,0.1665,3466.0,5,0,1,0,3.0,0
0.1405,48,0,0.2939,1860.0,5,0,0,0,1.0,0
0.3794,67,0,0.3304,7484.0,1,0,1,0,0.0,0
0.7509,38,0,1.2278,5126.0,8,0,1,0,1.0,1
0.3949,64,0,0.1513,8877.0,6,0,1,0,2.0,0
0.0836,71,0,0.1647,2918.0,11,0,0,0,2.0,0
0.2219,41,0,0.502,6983.0,5,0,1,0,1.0,0
0.4192,56,0,0.7037,,6,0,1,0,0.0,0
0.2526,49,0,0.111,1925.0,7,0,2,0,0.0,0
0.8797,38,0,0.8311,1145.0,4,0,1,0,0.0,0
0.6273,54,0,0.227,7714.0,8,0,0,0,1.0,0
0.2126,47,0,0.7118,10052.0,10,0,2,0,2.0,0
0.3097,48,0,0.5398,13265.0,10,0,1,0,0.0,0
0.2239,36,0,0.1692,7259.0,6,0,4,0,0.0,0
1.1262,64,0,0.606,7889.0,7,0,0,0,3.0,0
0.1084,46,0,0.8696,4147.0,4,0,0,0,1.0,0
3.938,48,0,0.4238,6926.0,6,0,0,0,1.0,0
1.0205,37,0,0.249,6873.0,5,0,2,0,2.0,0
0.9404,67,0,0.7513,5639.0,9,0,2,0,2.0,0
0.2931,34,0,0.1347,9104.0,5,0,1,0,0.0,0
1.4175,30,0,0.2566,,6,0,0,0,1.0,0
0.6964,54,0,0.3566,8019.0,9,0,1,0,,0
0.1383,45,0,0.1765,6919.0,6,0,0,0,0.0,0
0.3888,61,0,0.5006,3566.0,7,0,1,0,0.0,0
0.6356,74,0,1.0768,7102.0,6,0,1,0,1.0,0
0.0448,70,0,0.7019,2097.0,6,0,0,0,1.0,0
0.5239,65,0,0.3771,,13,0,0,0,1.0,0
0.407,39,0,0.4492,5775.0,7,0,1,0,0.0,0
0.4497,67,0,0.3753,2075.0,6,0,0,0,0.0,0
0.5004,46,0,0.0501,,9,0,0,0,2.0,0
0.5566,36,0,0.2332,811.0,7,0,1,0,1.0,0
0.2413,60,0,0.1916,,12,0,0,0,0.0,0
3.7973,46,0,0.2481,1775.0,7,0,0,0,0.0,0
0.3485,50,0,0.8329,4423.0,9,0,5,0,2.0,0
0.2045,61,0,0.4211,5112.0,8,0,1,0,1.0,0
0.902,63,0,0.5977,,7,0,0,0,,0
0.583,48,0,0.3137,4303.0,10,0,1,0,,0
0.2456,54,0,0.0762,2977.0,6,0,3,0,0.0,0
0.0796,65,0,0.4323,5718.0,7,0,0,0,1.0,1
0.1707,42,0,0.4381,3761.0,5,0,1,0,0.0,0
0.9052,30,0,0.1196,4400.0,8,0,0,0,0.0,0
0.9579,45,0,0.1975,7226.0,11,0,0,0,0.0,0
0.3649,47,0,0.3917,,13,0,1,0,,0
0.5314,50,0,0.8501,11789.0,10,0,0,0,0.0,0
0.173,84,2,0.4203,,11,0,2,1,0.0,0
0.1214,42,0,0.5557,4233.0,4,0,3,0,2.0,0
0.2422,50,0,0.6995,10461.0,7,0,1,0,,0
1.1879,40,0,0.4715,,6,0,1,0,1.0,0
0.5709,55,0,0.6543,11164.0,3,0,1,0,1.0,0
3.137,59,0,0.5485,2082.0,12,0,1,0,0.0,0
1.4597,62,0,0.32,4716.0,11,0,2,0,1.0,0
0.7741,56,0,0.5091,4684.0,5,0,2,0,1.0,1
0.0514,53,0,0.0757,,6,0,1,0,0.0,0
0.0462,21,0,0.5415,1957.0,9,0,0,0,2.0,0
0.4765,62,0,0.5806,6661.0,8,0,1,0,2.0,0
3.4309,71,0,0.7489,14301.0,8,0,0,0,0.0,0
0.6633,41,0,1.0997,,4,0,0,0,1.0,0
7.6059,40,3,0.2022,,6,1,0,0,0.0,0
0.2861,37,0,0.2124,14223.0,3,0,0,0,1.0,0
0.5685,61,0,0.7331,,4,0,0,0,0.0,0
0.3809,36,1,0.695,5091.0,12,0,2,1,1.0,0
5.4196,50,0,0.2797,4932.0,6,0,0,0,0.0,0
0.2547,31,0,0.7337,2377.0,12,0,1,0,0.0,0
0.4829,58,0,0.5339,8667.0,6,0,1,0,1.0,0
0.1197,46,0,0.4695,5510.0,10,0,1,0,0.0,0
0.9407,55,0,0.3233,8397.0,10,0,0,0,0.0,0
0.4222,40,0,0.7276,7335.0,4,0,0,0,1.0,0
0.5534,42,0,0.7667,3754.0,2,0,1,0,1.0,0
0.019,44,0,0.3006,6802.0,10,0,2,0,1.0,0
0.3722,40,0,0.4623,9866.0,10,0,3,0,1.0,0
0.9244,39,0,1.2739,5759.0,8,0,1,0,0.0,0
0.0321,34,0,0.895,5340.0,8,0,2,0,1.0,0
0.4551,59,0,0.6646,8056.0,3,0,0,0,1.0,0
0.6099,56,0,0.9218,15356.0,6,0,0,0,1.0,0
0.3635,46,0,0.7445,12580.0,10,0,0,0,0.0,0
0.48,63,0,0.6121,2644.0,9,0,0,0,0.0,0
0.4245,73,0,0.0692,5196.0,9,0,2,0,0.0,0
1.3547,42,0,0.5191,,8,0,3,0,0.0,0
4.365,55,0,0.1956,3318.0,11,0,0,0,0.0,0
0.3687,55,0,1.5293,2888.0,7,0,4,0,1.0,0
0.04,43,0,0.4229,9055.0,4,0,1,0,3.0,0
0.1131,34,0,1.0762,,11,0,4,0,1.0,0
0.7503,86,0,0.3978,14537.0,9,0,1,0,4.0,0
0.5208,57,0,0.4191,11088.0,6,0,1,0,0.0,0
0.0334,52,0,0.2574,4373.0,5,0,1,0,1.0,0
3.5044,57,0,0.2418,6274.0,6,0,1,0,0.0,0
0.2166,86,0,0.3997,6769.0,6,0,2,0,1.0,0
0.8018,49,0,0.1172,1017.0,14,0,1,0,0.0,0
0.144,53,0,0.1293,2206.0,8,0,4,0,1.0,0
0.1501,53,0,0.5572,2826.0,4,0,1,0,2.0,0
0.387,67,0,0.4369,,6,0,0,0,0.0,0
0.3982,56,0,0.5467,3959.0,12,0,0,0,0.0,0
0.1485,30,0,0.1261,,6,0,1,0,1.0,0
0.1327,27,0,0.6435,,6,0,1,0,2.0,0
0.2307,66,0,0.1814,,8,0,3,0,1.0,0
0.5055,55,0,0.2758,2152.0,12,0,0,0,2.0,0
0.6504,47,0,0.7703,1309.0,12,0,0,0,0.0,1
0.1312,41,0,0.5464,8368.0,4,0,2,0,0.0,0
0.569,76,0,0.6678,,6,0,0,0,0.0,1
0.4446,55,0,0.2653,6202.0,12,0,1,0,0.0,0
0.6075,59,0,0.6112,5520.0,7,0,0,0,2.0,0
0.0613,63,0,0.9342,2612.0,3,0,2,0,0.0,1
0.1116,58,0,0.511,1539.0,9,0,0,0,1.0,0
0.518,46,0,0.4358,16700.0,2,0,3,0,0.0,0
0.4476,49,0,0.6675,5051.0,11,0,0,0,3.0,0
0.4367,61,0,0.1313,9063.0,4,0,0,0,0.0,0
0.2102,64,0,0.3662,11255.0,8,0,2,0,0.0,0
0.169,67,0,0.2403,,12,0,0,0,1.0,0
0.0628,41,0,0.2749,1972.0,16,0,1,0,0.0,0
1.3541,55,0,0.5178,9358.0,3,0,1,0,0.0,0
0.0878,41,0,0.3609,4774.0,6,0,1,0,2.0,0
0.3903,50,0,0.3521,6412.0,10,0,2,1,0.0,0
0.5678,48,0,0.5353,,11,0,1,0,2.0,0
0.4267,52,0,0.5431,4193.0,12,0,0,0,1.0,1
0.2967,65,0,0.3891,2123.0,9,0,1,0,0.0,0
0.3132,40,0,0.7739,1882.0,10,0,1,0,1.0,0
0.49,79,0,0.6413,9989.0,6,0,0,0,0.0,0
0.2133,69,0,0.7926,3210.0,14,0,0,0,2.0,0
0.485,29,0,0.3077,,9,0,1,0,1.0,0
0.0776,56,0,0.9413,8452.0,8,0,1,0,0.0,0
0.4164,36,1,0.2736,11152.0,8,0,1,0,0.0,0
4.9317,57,0,0.6232,3482.0,8,0,1,0,2.0,0
1.0712,32,0,0.3732,2958.0,8,0,0,0,1.0,0
0.215,68,0,1.3173,4680.0,6,0,2,0,1.0,0
2.8116,69,0,0.1482,10695.0,4,0,1,0,4.0,0
0.9556,45,0,0.4292,,6,0,1,0,0.0,0
0.3982,54,0,0.2754,,10,0,0,0,1.0,0
0.1172,34,0,0.5273,3505.0,7,0,2,0,0.0,0
0.0745,44,0,0.7673,15858.0,6,0,1,0,2.0,0
2.3199,49,0,0.9515,,8,0,1,0,0.0,0
0.4383,30,0,0.3856,,10,0,2,0,1.0,0
0.5899,75,0,0.6883,3394.0,7,0,1,0,1.0,1
0.3883,54,1,0.2425,,9,1,0,0,1.0,0
0.0653,69,0,0.3553,,13,0,0,0,0.0,0
1.417,49,1,0.9125,,8,0,0,0,0.0,0
1.0767,42,0,0.4795,2642.0,6,0,1,0,1.0,1
0.0235,53,0,0.5232,10090.0,9,0,1,0,3.0,0
0.8386,65,0,0.375,7268.0,8,0,1,0,0.0,0
2.1419,42,0,0.4917,2980.0,11,0,0,0,0.0,0
0.6324,55,0,0.4516,4130.0,13,0,1,0,1.0,0
0.1409,43,0,1.0265,6911.0,12,0,0,0,0.0,0
1.4187,22,0,0.7515,4362.0,5,0,4,0,0.0,1
0.1199,47,0,0.3889,6993.0,7,0,0,0,0.0,0
0.84,53,0,0.9615,8215.0,6,0,0,0,0.0,0
0.5822,52,2,0.1461,2936.0,5,0,1,0,1.0,0
1.0155,48,0,0.4522,,5,0,0,0,2.0,0
0.0548,53,0,0.218,11270.0,3,0,0,0,1.0,0
0.1394,43,0,0.597,1304.0,8,0,1,0,0.0,0
0.9293,59,0,0.7427,6836.0,7,0,0,0,0.0,0
0.2743,45,0,0.5359,5362.0,6,0,0,0,1.0,0
0.4429,63,0,1.2185,,7,0,3,0,2.0,0
1.3102,32,0,0.254,3907.0,9,0,0,0,1.0,0
4.4383,53,0,0.2449,3836.0,10,0,1,0,0.0,0
0.0889,58,0,0.3674,8303.0,9,0,1,0,0.0,0
0.3018,69,0,0.3936,8335.0,12,0,0,0,1.0,0
0.3862,44,0,0.1579,,10,0,2,0,0.0,0
0.0327,68,0,0.5071,5008.0,5,0,0,0,0.0,0
0.4549,58,0,0.8516,1594.0,8,0,1,0,2.0,0
0.206,76,0,0.5622,3449.0,8,0,0,0,0.0,0
0.0073,31,0,0.8005,,6,0,2,0,0.0,0
0.7445,55,0,0.4328,15517.0,8,0,0,0,1.0,0
0.1117,51,0,0.4409,,9,0,2,0,0.0,0
0.548,54,0,0.7149,3497.0,4,0,1,0,0.0,0
0.9676,64,0,0.5156,,11,0,0,0,0.0,0
3.729,71,1,1.0473,,8,0,1,0,4.0,0
0.1908,56,0,0.2531,4082.0,10,0,0,0,0.0,0
0.3609,29,0,0.7406,4418.0,10,0,1,0,,0
9.5429,46,0,0.4931,,8,0,0,0,0.0,0
0.9308,95,0,0.7116,6434.0,8,0,0,0,2.0,0
8.266,38,0,0.5421,3263.0,5,0,0,0,1.0,0
0.5294,54,0,0.8325,3968.0,4,0,0,0,1.0,0
0.1858,62,0,0.4161,,10,0,2,0,1.0,0
0.7853,65,0,0.3571,6058.0,3,0,0,0,0.0,0
0.497,43,0,0.3144,4171.0,6,0,0,0,0.0,0
0.8392,72,0,0.6624,3616.0,5,0,1,0,1.0,0
0.0,69,0,0.623,2385.0,5,0,2,0,1.0,0
1.8136,58,1,0.5685,6666.0,7,0,1,1,0.0,0
1.1856,39,0,0.5981,846.0,9,0,0,0,0.0,0
0.1117,44,0,0.356,4337.0,8,0,0,0,3.0,0
0.1852,42,0,0.2812,,11,0,3,0,0.0,0
1.2971,48,0,0.1514,3805.0,8,0,0,0,0.0,0
0.2085,71,0,0.0216,,6,0,1,0,0.0,0
0.1944,55,1,0.3575,5996.0,7,0,2,0,0.0,0
0.3279,60,0,0.2696,3762.0,7,0,2,0,1.0,0
0.776,54,0,0.7346,5010.0,9,0,1,0,0.0,0
0.1278,73,0,0.2544,8605.0,12,0,1,0,1.0,0
0.0436,29,0,0.1373,13466.0,5,0,1,0,3.0,1
0.2226,21,2,0.3572,1304.0,9,1,0,0,2.0,0
0.1294,51,0,0.71,2332.0,5,0,3,0,0.0,0
0.1428,51,0,0.1932,10124.0,9,0,1,0,2.0,0
0.3839,51,0,0.2659,12803.0,4,0,2,0,0.0,0
0.2324,41,0,0.1079,10280.0,6,0,0,0,1.0,0
0.3569,33,0,0.1649,1732.0,11,0,3,0,0.0,0
0.1384,50,0,0.4857,,8,0,2,0,2.0,0
0.2069,46,0,0.7022,9541.0,14,0,0,0,0.0,0
0.6061,54,0,0.6005,,8,0,0,0,0.0,0
0.156,61,0,0.3556,8750.0,13,0,2,0,,0
0.4603,68,0,1.0206,5035.0,8,0,1,0,0.0,0
1.5048,63,2,0.1486,5609.0,5,0,0,2,1.0,0
1.5262,51,1,1.0561,,7,0,1,0,0.0,0
0.0287,58,0,0.675,13983.0,5,0,0,2,2.0,0
0.3272,35,0,0.0172,2977.0,8,0,0,0,0.0,0
0.0309,39,0,0.1495,,9,0,0,0,0.0,0
1.7475,75,0,0.5788,1659.0,9,0,1,0,3.0,0
0.202,66,0,0.1635,2159.0,4,0,1,0,1.0,0
3.7851,31,0,0.9909,2660.0,9,0,0,0,2.0,0
0.0128,42,0,0.7219,3760.0,8,0,0,0,1.0,0
0.0876,77,1,1.2999,6564.0,12,0,0,1,2.0,0
0.5097,41,0,0.5011,4436.0,7,0,1,0,0.0,1
0.1712,25,0,0.2433,9548.0,11,0,1,0,0.0,0
0.3381,44,0,0.4205,4721.0,8,0,0,0,1.0,0
0.995,45,0,0.1931,,7,0,0,0,0.0,0
0.5061,67,0,0.2131,13303.0,12,0,1,0,1.0,0
0.3035,64,0,0.2735,1146.0,7,0,0,0,1.0,0
5.8901,45,0,0.2655,3009.0,5,0,0,0,0.0,0
0.4091,51,0,0.7148,7416.0,3,0,1,0,1.0,0
0.895,56,0,0.3746,4981.0,7,0,3,0,1.0,0
0.3762,62,0,0.917,2370.0,9,0,1,0,1.0,0
3.6899,47,0,0.7922,,3,0,2,0,0.0,0
0.8713,56,0,0.4845,6133.0,9,0,0,0,0.0,0
1.4316,72,0,0.9846,,9,0,2,0,0.0,0
0.745,50,0,0.2889,5883.0,9,0,1,0,1.0,0
0.6836,54,0,0.2937,6490.0,2,0,0,0,2.0,0
0.7647,61,0,0.4821,,4,0,0,0,1.0,0
0.3698,44,0,0.349,3511.0,5,0,1,0,1.0,0
0.7666,40,0,0.578,14816.0,5,0,0,0,1.0,0
0.8199,58,0,0.5185,2076.0,8,0,0,0,0.0,0
0.8354,60,2,0.0855,9147.0,9,0,2,0,1.0,0
1.4363,51,1,0.5607,1887.0,12,0,1,0,0.0,0
0.6995,43,0,0.2306,8041.0,10,0,0,0,3.0,0
0.8753,45,0,0.6427,1334.0,8,0,2,0,1.0,0
2.4339,56,0,0.4415,,7,0,0,0,1.0,0
0.9625,36,0,0.3184,5298.0,3,0,0,0,0.0,0
0.0491,67,0,0.4338,10391.0,12,0,1,0,0.0,0
9.9892,74,0,0.3283,7845.0,3,0,1,0,0.0,0
0.3949,31,0,0.0229,,3,0,2,0,0.0,0
0.0323,60,0,0.2803,8542.0,7,0,0,0,,0
1.7018,63,0,0.1159,11554.0,5,0,2,0,,0
1.4951,64,0,0.271,6522.0,9,0,1,0,0.0,0
1.5697,29,1,0.7267,3577.0,3,1,0,0,2.0,1
0.9908,47,0,0.1614,12736.0,9,0,2,0,0.0,0
0.257,44,0,0.0952,,6,0,1,0,2.0,0
0.1703,49,0,0.2431,,2,0,0,0,1.0,0
0.7804,35,0,0.9028,6235.0,5,0,0,0,0.0,0
0.1415,76,0,0.7229,5381.0,6,0,1,0,0.0,0
0.1438,58,0,0.6281,6111.0,9,0,2,0,0.0,0
0.544,38,0,0.6877,4419.0,5,0,0,0,2.0,1
0.217,44,0,0.1273,10970.0,6,0,1,0,0.0,0
0.7312,72,0,0.2851,3994.0,11,0,0,0,0.0,0
0.5475,51,0,0.2338,11644.0,9,0,1,0,0.0,0
0.4256,70,0,0.683,6700.0,5,0,2,0,2.0,0
0.4043,61,0,0.1896,9644.0,13,0,0,0,0.0,0
3.5686,33,0,0.7839,4315.0,9,0,1,0,0.0,0
0.2996,38,0,0.9307,8400.0,8,0,0,0,,0
0.3783,36,0,0.1816,,6,0,1,0,2.0,0
0.3327,59,0,0.5018,6984.0,10,0,1,0,0.0,0
0.2315,79,0,0.1169,6266.0,12,0,1,0,0.0,0
0.6272,54,1,0.8843,3550.0,9,0,1,1,1.0,0
0.2581,50,0,0.338,7804.0,6,0,0,0,0.0,0
0.9458,60,1,0.343,6731.0,9,0,0,0,2.0,0
0.7138,51,0,0.2716,4937.0,9,0,1,0,0.0,0
0.1021,47,0,0.1547,2876.0,6,0,3,0,1.0,0
0.5942,55,0,0.7353,5131.0,7,0,2,0,0.0,0
0.8082,63,0,0.341,1571.0,7,0,0,0,0.0,0
0.1727,45,0,0.1525,5539.0,5,0,0,0,0.0,0
0.2417,38,0,0.8015,4966.0,11,0,0,0,1.0,0
7.4949,65,0,0.6566,2033.0,4,0,2,0,1.0,0
0.2463,21,0,0.663,1874.0,5,0,2,0,1.0,0
0.575,33,0,0.4861,5629.0,12,0,0,0,0.0,0
0.3477,52,0,0.4915,,12,0,2,0,0.0,0
0.4626,64,0,0.4693,3239.0,7,0,2,0,2.0,0
0.3878,55,0,0.3043,6883.0,9,0,0,0,0.0,0
0.4022,44,0,0.5361,3489.0,9,0,1,0,1.0,0
0.0071,63,0,0.5339,6950.0,5,0,3,0,1.0,0
0.3544,41,0,0.1218,1792.0,11,0,0,0,2.0,0
0.7546,61,0,0.6567,9698.0,7,0,1,0,1.0,0
0.6059,46,0,0.2413,2296.0,6,0,1,0,2.0,0
0.2943,35,0,0.0951,7619.0,5,0,2,0,0.0,0
1.8385,62,0,0.1086,3276.0,8,0,0,0,0.0,0
0.0288,74,0,0.699,3001.0,8,0,0,0,2.0,0
0.4478,46,0,0.1661,11382.0,10,0,2,0,1.0,0
0.1575,66,0,0.1833,4822.0,5,0,1,0,0.0,0
0.0449,24,0,0.5989,3356.0,10,0,0,0,1.0,0
5.2552,33,3,0.1978,3086.0,7,0,2,1,0.0,0
0.4503,38,0,0.5052,4809.0,7,0,1,0,2.0,0
0.5798,50,1,0.0212,1702.0,8,0,1,0,0.0,0
0.1235,58,0,0.4927,,4,0,2,0,3.0,0
0.2424,35,0,0.2575,,15,0,0,0,1.0,0
0.8867,39,0,0.2484,3553.0,6,0,1,0,0.0,0
0.1707,63,0,0.6451,14113.0,5,0,0,0,1.0,0
0.1634,40,0,0.2705,6277.0,9,0,2,0,0.0,0
0.2039,71,0,0.3563,9734.0,7,0,0,0,0.0,0
0.5042,41,0,0.6909,,8,0,1,0,2.0,0
0.0523,68,0,0.4117,,7,0,1,0,1.0,0
0.4308,63,0,0.3652,3270.0,4,0,1,0,2.0,0
0.0569,53,0,0.469,,10,0,0,0,1.0,0
0.8951,55,0,0.2519,11115.0,7,0,1,0,1.0,0
0.2712,53,0,0.1123,21827.0,11,0,2,0,1.0,0
0.34,67,0,0.1796,12474.0,3,0,0,0,0.0,0
0.1827,21,0,0.6417,,15,0,1,0,0.0,0
1.4281,47,0,0.2283,3463.0,9,0,0,0,0.0,0
0.1974,54,0,0.2242,2239.0,9,0,0,0,0.0,0
0.0455,68,0,0.4632,11865.0,7,0,1,0,1.0,0
0.4761,44,0,0.2208,12718.0,13,0,2,0,0.0,0
1.0014,22,0,0.6195,,5,0,2,0,1.0,1
0.4313,21,0,0.9345,8602.0,8,0,2,0,,0
0.1038,53,0,0.7568,5022.0,10,0,2,0,0.0,0
2.3707,33,0,0.2651,3491.0,5,0,1,0,1.0,0
0.1063,48,0,0.1866,5521.0,5,0,0,0,1.0,0
0.3553,34,1,0.917,7009.0,6,0,1,0,0.0,0
3.5632,47,0,0.8182,,4,0,2,0,0.0,1
0.3174,79,0,0.5405,8408.0,9,0,1,0,0.0,0
0.6998,69,0,0.6209,,4,0,0,0,0.0,1
3.9855,51,3,0.58,17281.0,10,0,0,3,,0
0.0917,48,0,0.4091,6736.0,10,0,2,0,0.0,0
0.5416,39,0,0.4635,8230.0,9,0,2,0,0.0,0
0.6857,59,0,0.2625,7482.0,7,0,1,0,2.0,0
0.34,47,0,0.2953,7829.0,6,0,0,0,1.0,0
0.5188,70,0,0.5755,6468.0,13,0,0,0,1.0,0
0.3565,53,0,1.0737,5815.0,7,0,2,0,1.0,0
5.2029,54,0,0.3304,,9,0,1,0,2.0,0
0.8306,28,0,0.8041,4039.0,6,0,1,0,0.0,0
0.648,44,0,0.6743,,12,0,1,0,3.0,0
0.2598,78,0,0.8261,,3,0,0,0,1.0,0
2.0214,30,0,0.0379,10190.0,4,0,0,0,0.0,0
0.0333,48,0,0.7264,2764.0,6,0,1,0,0.0,0
0.8297,48,3,0.6097,3177.0,7,0,1,0,1.0,0
0.0001,55,0,0.4615,10354.0,10,0,2,0,1.0,0
1.1495,57,0,0.7004,3861.0,12,0,0,0,1.0,0
0.6417,44,0,0.2469,,6,0,1,0,0.0,0
0.3525,64,0,0.3622,3217.0,7,0,0,0,0.0,0
1.6,43,0,0.8029,6997.0,4,0,1,0,1.0,0
1.1347,59,0,1.0824,4095.0,10,0,1,0,0.0,0
0.4376,30,0,0.4741,16313.0,10,0,1,0,1.0,0
1.1896,40,0,0.5894,,9,0,2,0,0.0,0
1.953,30,0,0.9192,7035.0,8,0,1,0,2.0,0
0.3417,55,0,0.7535,6647.0,5,0,1,0,1.0,0
0.5322,56,0,0.6679,8435.0,11,0,0,0,1.0,0
0.3814,46,0,0.0522,3788.0,5,0,1,0,2.0,0
0.0679,55,0,0.1447,,9,0,0,0,3.0,0
0.5301,35,0,0.5362,5024.0,10,0,2,0,1.0,0
0.2476,68,0,0.2518,2645.0,9,0,1,0,2.0,0
0.4359,64,0,0.6133,2160.0,10,0,0,0,1.0,0
3.0352,38,0,0.3131,3597.0,3,0,0,0,0.0,0
0.2447,34,0,0.3171,3877.0,8,0,1,0,2.0,0
0.1077,44,0,0.4445,6316.0,7,0,2,0,0.0,0
0.5328,54,0,0.3099,4790.0,7,0,1,0,1.0,0
0.0793,53,0,0.0857,2875.0,8,0,2,0,0.0,0
0.1201,36,0,0.4026,,10,0,0,0,1.0,0
1.867,45,0,0.9238,4179.0,14,0,1,0,0.0,1
0.5574,56,2,0.2026,4922.0,9,0,3,0,0.0,1
3.2715,46,0,1.2932,2875.0,6,0,2,0,0.0,0
0.8026,53,0,0.1734,4666.0,7,0,1,2,1.0,0
0.5649,65,1,0.5687,,9,0,1,0,1.0,0
0.8548,43,1,0.3289,6327.0,10,2,0,0,0.0,0
0.7693,64,0,0.2058,14836.0,5,0,0,0,0.0,0
0.7411,51,0,0.9526,4847.0,6,0,0,0,1.0,0
0.3433,50,0,0.2766,,12,0,0,0,1.0,0
0.0978,32,0,0.9316,3422.0,4,0,0,0,0.0,0
0.7527,62,0,0.4644,6125.0,9,0,1,0,1.0,0
0.5544,79,0,0.4298,3284.0,5,0,2,0,0.0,0
9.2179,37,0,0.7953,7582.0,8,0,1,0,2.0,0
0.1329,39,0,0.6997,1461.0,6,0,2,0,0.0,0
2.9402,73,0,0.4098,13696.0,7,0,2,0,0.0,0
0.8214,61,0,0.0496,8302.0,4,0,0,0,0.0,0
0.2874,42,0,0.6711,8177.0,14,0,1,0,0.0,0
0.1652,75,0,0.776,4391.0,6,0,3,0,0.0,0
0.1938,46,0,0.3435,12603.0,12,0,0,0,,0
0.3253,52,0,0.4034,,9,0,0,0,1.0,0
1.031,57,0,0.451,11150.0,12,0,2,0,1.0,0
0.1609,63,0,0.2745,13213.0,9,0,1,0,0.0,0
1.2038,58,0,0.4417,21508.0,11,0,1,0,1.0,0
1.1597,81,0,0.5304,,6,0,0,0,2.0,1
0.5559,71,0,0.1804,,9,0,3,0,1.0,0
0.542,74,0,0.1501,9322.0,8,0,2,0,0.0,0
5.0531,43,0,0.6063,9371.0,8,0,1,0,1.0,0
0.3962,57,0,0.1493,5477.0,4,0,1,0,0.0,0
1.3907,76,0,0.2792,4134.0,7,0,1,0,0.0,0
0.0141,46,0,1.1739,5783.0,6,0,2,0,0.0,0
0.9993,47,0,0.4203,1521.0,4,0,0,0,0.0,0
0.0257,65,0,0.3606,4699.0,9,0,0,0,0.0,0
0.0244,59,0,0.2136,6636.0,9,0,1,0,2.0,0
0.5192,52,0,0.5746,,7,0,0,0,0.0,0
0.2324,56,0,0.5513,11713.0,9,0,0,0,1.0,0
0.3491,27,0,1.0434,1806.0,8,0,0,0,1.0,0
0.417,47,0,0.4539,,9,0,0,0,2.0,0
4.3786,40,0,0.4974,,5,0,0,0,2.0,0
0.1458,74,0,0.319,6947.0,8,0,2,0,0.0,0
1.0527,50,0,0.7678,,6,0,0,0,1.0,0
0.8101,53,0,0.4302,,5,0,0,0,1.0,0
0.0015,67,0,0.9713,6525.0,9,0,1,0,2.0,0
1.8967,74,1,0.2273,23911.0,12,0,1,0,1.0,0
0.2242,56,0,0.6566,,6,0,1,0,0.0,0
0.3477,40,0,0.491,2215.0,14,0,1,0,1.0,0
0.1805,44,0,0.2004,20313.0,16,0,0,0,1.0,0
4.2155,56,0,0.3766,4266.0,9,0,2,0,1.0,0
0.1423,57,0,0.8626,2072.0,6,0,0,0,1.0,0
1.9523,41,0,0.2546,4204.0,8,0,2,0,1.0,0
0.0783,23,0,0.4375,5368.0,12,0,1,0,2.0,0
0.3272,29,0,0.0169,9625.0,15,0,0,0,1.0,0
0.2076,35,0,0.4176,,9,0,1,0,0.0,0
0.0783,49,0,0.0616,,5,0,0,0,0.0,0
0.2076,48,0,0.487,,2,0,0,0,1.0,0
1.0328,29,0,0.7436,7684.0,11,0,4,0,0.0,0
0.106,49,0,0.572,1521.0,8,0,0,0,1.0,0
4.1549,75,0,1.0296,,8,0,1,0,0.0,0
0.5473,57,0,1.1578,,8,0,1,0,0.0,1
0.1178,80,0,0.5457,,11,0,1,0,1.0,0
0.9355,52,0,0.7429,2480.0,4,0,3,0,2.0,0
0.6381,52,0,0.2025,8198.0,8,0,3,0,0.0,0
0.8145,56,0,0.3311,8415.0,9,0,0,0,0.0,0
0.8564,77,0,0.3028,6347.0,6,0,0,0,1.0,1
0.0397,74,0,0.7385,,9,0,3,0,0.0,0
0.3773,63,0,0.5579,7355.0,7,0,4,0,1.0,0
0.6554,58,0,0.2026,7177.0,9,0,0,0,2.0,0
0.4664,40,0,0.6134,8721.0,12,0,1,0,1.0,0
0.3738,33,0,0.5776,2641.0,6,0,0,0,,0
0.7314,46,0,0.5589,1900.0,11,0,0,0,1.0,0
0.4164,73,0,0.7678,8182.0,3,0,1,0,1.0,0
0.451,77,0,0.7968,7484.0,8,0,0,0,0.0,0
0.0218,29,0,0.9232,5721.0,13,0,2,0,0.0,0
0.0904,71,0,0.3815,,8,0,2,0,1.0,0
0.8271,78,0,0.2278,4293.0,9,0,1,0,0.0,0
0.0053,69,0,0.2732,2916.0,7,0,2,0,1.0,0
0.2478,46,0,0.665,5414.0,6,0,0,0,1.0,0
0.7017,63,0,0.1414,5796.0,5,0,0,0,1.0,0
0.338,30,0,0.3568,,12,0,1,0,1.0,0
1.207,32,1,0.8119,2312.0,5,0,2,0,,0
0.4948,87,0,0.1532,,7,0,3,0,0.0,0
1.7529,46,0,0.4957,2739.0,9,0,1,0,0.0,0
0.4599,36,0,0.5687,3903.0,6,0,0,0,2.0,0
1.7572,47,2,0.4196,,7,0,0,3,0.0,0
0.1421,78,0,0.2153,3299.0,3,0,0,0,1.0,0
0.325,68,1,0.2857,4855.0,9,1,1,3,2.0,0
0.4234,43,0,0.4904,1268.0,6,0,1,0,0.0,0
0.5991,51,0,0.9327,4990.0,8,0,2,0,0.0,0
0.4317,59,0,0.2456,13388.0,8,0,0,0,0.0,0
0.5316,62,0,0.5208,9353.0,12,0,1,0,2.0,0
1.126,59,0,0.6804,2641.0,11,0,2,0,2.0,0
0.5841,39,0,0.3971,7988.0,4,0,0,0,1.0,0
0.4537,49,0,0.7651,9994.0,7,0,0,0,0.0,0
0.6221,37,0,0.8589,9604.0,4,0,1,0,3.0,0
0.7906,66,0,0.1065,,10,0,3,0,2.0,0
0.1959,51,0,0.4828,5781.0,8,0,1,0,1.0,0
0.4189,57,0,0.2923,1986.0,8,0,3,0,3.0,0
0.5789,43,0,0.5249,,9,0,0,0,0.0,0
0.0096,61,0,0.2589,6602.0,5,0,1,0,0.0,0
0.1121,62,0,0.8191,7935.0,7,0,0,0,0.0,0
0.7176,32,0,1.2694,,7,0,1,0,0.0,0
5.0382,63,0,0.3954,9869.0,5,0,0,0,0.0,0
0.0441,36,0,0.599,,12,0,2,0,2.0,0
0.1815,43,1,0.406,7130.0,9,0,0,1,0.0,0
0.6694,65,0,0.473,3448.0,7,0,1,0,1.0,0
1.425,43,0,0.6993,,9,0,0,0,,1
0.1893,54,0,0.5894,2687.0,10,0,3,0,0.0,0
0.5638,51,0,0.4041,,7,0,1,0,2.0,0
0.4109,32,0,0.8591,2502.0,6,0,2,0,3.0,0
0.6223,72,0,0.3372,15125.0,7,0,0,0,1.0,0
0.2087,72,0,0.3182,4868.0,9,0,0,0,2.0,0
0.0794,59,2,0.6582,9214.0,5,0,0,0,2.0,0
0.0882,48,0,0.5342,6687.0,8,0,1,0,1.0,0
2.6895,54,2,0.9048,11513.0,4,0,0,0,0.0,0
0.243,71,0,0.5131,2976.0,8,0,1,0,1.0,0
0.7777,45,0,0.2054,,5,0,1,0,0.0,0
0.1553,46,0,0.357,5243.0,6,0,0,0,0.0,0
0.2784,49,0,0.3314,13880.0,9,0,1,0,1.0,0
0.1202,22,0,0.2802,14201.0,5,0,0,0,0.0,1
0.2262,62,0,0.7479,4254.0,11,0,1,0,0.0,0
0.6182,55,0,0.1881,4813.0,7,0,1,0,1.0,0
0.4824,64,0,0.1869,,11,0,2,0,0.0,0
0.5243,46,0,0.4274,4068.0,9,0,1,0,2.0,0
1.524,32,2,0.1497,8584.0,13,0,3,0,0.0,0
0.5606,54,0,0.58,4287.0,8,0,1,0,0.0,0
0.038,36,0,0.4364,2394.0,13,0,1,0,0.0,0
0.0077,60,0,0.3217,,10,0,1,0,0.0,0
0.3337,62,0,0.3676,,10,0,1,0,1.0,0
0.413,82,0,0.3342,,8,0,2,0,0.0,0
0.0454,72,0,0.4888,4077.0,7,0,2,0,1.0,0
0.1928,56,0,0.3374,1919.0,7,0,0,0,1.0,0
0.1034,49,0,0.3844,5976.0,11,0,0,0,,0
0.2484,65,0,0.7568,,6,0,0,0,0.0,0
0.9471,57,0,0.109,16216.0,9,0,1,0,0.0,0
0.332,46,0,0.7007,3220.0,2,0,1,0,0.0,0
0.2192,24,0,0.6919,2311.0,8,0,1,0,0.0,0
0.0718,85,0,0.7348,3201.0,8,0,0,0,2.0,0
0.0154,67,0,0.403,,9,0,0,0,2.0,0
0.1463,62,0,0.3264,11333.0,10,0,2,0,0.0,0
0.066,53,0,0.1005,3895.0,11,0,1,0,1.0,0
0.5427,79,0,0.3161,6341.0,3,0,1,0,1.0,0
0.3331,65,0,0.656,,10,0,0,0,2.0,0
0.4399,33,1,0.0739,1209.0,8,0,2,1,0.0,0
0.4146,49,0,0.3768,5096.0,4,0,1,0,0.0,0
0.1788,63,0,0.0417,3584.0,10,0,0,0,0.0,0
1.0025,69,0,0.3123,12622.0,8,0,0,0,1.0,0
0.0121,48,0,0.377,14372.0,7,0,1,0,0.0,0
6.5075,74,0,0.6915,2420.0,5,0,1,0,1.0,1
0.5013,34,0,0.6088,4855.0,6,0,0,0,2.0,1
0.0292,49,0,0.729,,3,0,0,0,0.0,0
0.5653,49,0,0.2205,3190.0,13,0,0,0,2.0,0
0.1337,66,0,0.6628,,6,0,0,0,0.0,0
0.0254,71,0,0.0772,,11,0,1,0,2.0,0
0.3,70,0,0.2908,6832.0,7,0,1,2,0.0,0
0.2034,33,0,0.628,6023.0,6,0,0,0,0.0,0
0.2104,54,0,0.6547,7850.0,5,0,1,0,0.0,0
0.1268,31,0,0.4649,3882.0,9,0,0,0,2.0,0
0.6884,53,0,0.2362,,6,0,0,0,0.0,0
0.4968,76,0,0.5993,5737.0,5,0,1,0,0.0,0
0.1877,81,0,0.5588,,6,0,1,0,3.0,0
0.5829,59,0,0.6942,5369.0,6,0,2,0,3.0,0
0.434,57,0,0.6832,,9,0,2,0,0.0,0
0.3197,50,0,0.4967,3054.0,8,0,0,0,0.0,0
0.6311,52,0,0.2945,,7,0,2,0,1.0,0
0.0559,73,0,0.1881,2110.0,13,0,1,0,0.0,0
0.6239,40,1,0.1866,3863.0,6,0,1,1,0.0,0
0.906,49,0,0.5838,666.0,8,0,0,0,0.0,1
1.0845,53,0,0.2927,,12,0,0,0,2.0,0
0.0663,42,0,0.6438,3544.0,6,0,1,0,0.0,0
0.3859,59,0,0.109,6964.0,4,0,0,0,0.0,0
0.7208,74,0,0.2106,21033.0,3,0,0,0,1.0,0
0.5491,61,0,0.6409,2078.0,19,0,2,0,1.0,0
3.8916,42,0,0.4013,,3,0,1,0,0.0,0
0.327,42,0,0.5371,5274.0,6,0,1,0,1.0,0
1.0263,34,0,0.4326,,13,0,2,0,1.0,0
0.5031,51,0,0.3923,4088.0,6,0,3,0,2.0,0
0.6164,40,0,0.389,7521.0,10,0,3,0,0.0,0
0.0195,55,0,0.2001,5890.0,12,0,1,0,1.0,0
0.6143,42,0,0.1756,,8,0,4,0,1.0,0
0.7335,32,0,0.1464,7334.0,7,0,3,0,2.0,0
0.6654,25,0,1.02,5271.0,6,0,4,0,1.0,1
0.2961,61,0,0.3951,1453.0,1,0,3,0,0.0,0
0.2044,33,0,0.9017,4197.0,11,0,0,0,1.0,0
0.2342,59,0,1.1686,3098.0,9,0,2,0,2.0,0
3.3283,43,0,0.868,7227.0,9,0,3,0,0.0,0
0.0004,56,0,0.2988,7415.0,5,0,1,0,1.0,0
0.104,51,0,0.9362,972.0,5,0,1,0,2.0,0
0.4033,54,0,0.6683,12449.0,4,0,1,0,,0
0.1426,65,0,0.1914,4874.0,7,0,4,0,,0
0.2319,42,0,0.1772,4437.0,6,0,0,0,0.0,0
0.9208,73,0,0.3538,9834.0,9,0,2,0,0.0,0
0.6176,63,0,0.2105,8252.0,10,0,2,0,1.0,0
0.1411,47,0,0.1295,17311.0,5,0,2,0,0.0,0
1.7741,49,0,0.6555,2961.0,5,0,0,0,3.0,0
0.4135,54,0,1.0177,6800.0,4,0,1,0,0.0,0
0.742,46,0,0.5462,2328.0,4,0,0,0,1.0,0
0.1867,28,0,0.6713,,9,0,1,0,0.0,0
0.8791,38,6,0.5214,,10,0,0,0,1.0,0
0.2026,38,0,0.1484,4828.0,13,0,0,0,0.0,0
2.1129,49,1,0.6479,5032.0,12,0,2,0,1.0,0
0.1924,35,3,0.9252,1695.0,9,0,1,0,2.0,0
0.2741,64,0,0.3271,12513.0,7,0,0,0,0.0,0
0.5787,54,0,0.9978,3215.0,4,0,2,0,0.0,0
0.5375,46,0,0.3027,4087.0,5,0,0,0,0.0,0
0.3841,40,0,0.3271,25074.0,6,0,1,0,2.0,0
0.6954,52,0,0.2843,8203.0,12,0,1,0,0.0,0
0.0775,65,0,0.7097,5806.0,11,0,1,0,0.0,0
0.4426,26,0,0.7442,10381.0,6,0,1,0,2.0,0
0.4305,31,0,0.3881,,9,0,2,0,0.0,0
1.3509,38,0,0.3426,9176.0,7,0,0,0,0.0,0
0.9488,34,2,0.4134,1723.0,3,0,1,0,0.0,0
0.3461,32,0,0.4447,4245.0,5,0,0,0,3.0,0
0.0105,52,0,0.2878,6381.0,7,0,1,0,0.0,0
0.5564,51,0,0.3785,,7,0,0,0,1.0,0
0.5827,47,0,0.5405,,4,0,2,0,3.0,0
1.0696,55,0,0.7043,3244.0,10,0,1,0,2.0,0
0.2769,51,0,0.4897,,5,0,2,0,1.0,0
0.8791,41,0,0.4004,9684.0,6,0,1,0,0.0,0
0.261,46,0,0.095,2334.0,5,0,0,0,0.0,0
0.384,55,0,0.0827,3179.0,3,0,1,0,0.0,0
0.4139,35,0,0.0315,4913.0,5,0,1,0,1.0,0
0.8138,56,0,0.9848,5896.0,6,0,3,0,0.0,0
0.1138,21,0,0.2811,,10,0,1,0,1.0,0
0.4282,52,0,0.4485,,4,0,1,0,1.0,0
0.2581,56,0,0.4738,10149.0,9,0,0,0,0.0,0
0.2113,38,0,0.3325,6669.0,11,0,1,0,3.0,0
0.0945,67,0,0.2061,,5,0,0,0,1.0,0
0.6186,68,1,0.7007,12750.0,3,0,4,0,1.0,0
0.4307,55,0,0.7165,6321.0,9,0,1,0,2.0,0
0.6799,75,0,0.3253,6070.0,12,0,1,0,0.0,0
1.0547,41,0,0.5427,4502.0,8,0,0,0,0.0,0
0.0455,64,0,0.3302,3672.0,10,0,0,0,0.0,0
0.2331,72,0,0.1562,3322.0,10,0,1,0,2.0,0
0.5541,36,0,0.6231,2720.0,15,0,0,0,0.0,0
1.2807,53,0,0.2129,,11,0,2,0,0.0,0
0.013,31,0,0.8133,4351.0,7,0,1,0,1.0,0
0.2072,64,0,0.0595,10230.0,7,0,2,0,1.0,0
3.1301,75,0,0.4129,7981.0,5,0,2,0,1.0,1
0.0347,44,1,0.4564,4964.0,5,1,1,1,0.0,0
0.7797,52,0,1.0041,4085.0,10,0,1,0,2.0,0
0.1299,45,0,0.3353,4803.0,3,0,0,0,0.0,0
0.3423,87,0,0.1663,8138.0,8,0,3,0,1.0,0
0.093,39,0,0.7495,3782.0,9,0,3,0,1.0,0
0.4386,39,0,0.5576,,7,0,1,0,2.0,0
0.7234,60,0,0.6898,3194.0,9,0,3,0,1.0,0
0.2915,51,0,0.5897,2984.0,8,0,0,0,0.0,0
0.3521,87,0,0.2478,23035.0,7,0,1,1,0.0,1
0.435,80,0,0.1092,,11,0,2,0,0.0,0
0.1489,61,0,0.7845,2548.0,6,0,1,0,2.0,0
5.8537,65,0,0.3789,7646.0,7,0,0,0,0.0,0
0.234,62,0,0.3688,8346.0,5,0,2,0,,0
0.7591,67,0,0.6883,4729.0,5,0,1,0,1.0,0
1.2807,59,0,0.8534,7404.0,9,0,1,0,1.0,0
0.1676,38,0,0.4677,1381.0,8,0,3,0,1.0,0
0.2012,40,0,0.6312,,8,0,1,0,0.0,0
0.5931,66,0,0.7504,2853.0,7,0,1,0,0.0,0
0.4696,45,0,0.8244,12925.0,11,0,1,0,1.0,0
6.5088,71,0,0.6975,6709.0,8,0,0,0,0.0,0
0.8302,62,0,1.0834,,13,0,0,0,0.0,0
0.3833,35,0,0.6825,5494.0,6,0,4,0,3.0,0
0.3105,36,0,0.3784,,11,0,2,0,3.0,0
4.3781,34,0,0.471,5941.0,7,0,0,0,1.0,0
0.2194,63,0,0.434,3118.0,7,0,0,0,2.0,0
0.4965,68,0,0.4878,,12,0,0,0,0.0,0
0.2398,47,0,0.7097,,5,0,1,0,0.0,0
0.0845,52,0,0.1116,6077.0,11,0,4,0,0.0,0
0.3533,56,0,0.7525,5979.0,14,0,1,0,0.0,0
0.8722,64,0,0.3723,3952.0,10,0,0,0,0.0,0
0.5887,47,0,0.5792,6737.0,5,0,0,0,0.0,0
0.7939,58,0,0.0236,11546.0,10,0,0,0,0.0,0
0.2359,51,0,0.3211,5175.0,8,0,1,0,0.0,0
0.4422,30,0,0.5714,4968.0,7,0,3,0,0.0,0
0.0894,71,0,0.054,3276.0,11,0,0,0,0.0,0
0.4921,56,0,0.1589,,9,0,0,0,2.0,0
0.4247,49,0,0.7509,16815.0,4,0,2,0,1.0,0
0.6001,41,0,0.9615,3671.0,8,0,0,0,1.0,0
1.1305,42,0,0.4467,1383.0,12,0,0,0,1.0,0
0.2035,32,0,0.2632,5061.0,5,0,2,0,0.0,0
0.4892,36,2,0.618,,8,0,0,0,3.0,0
2.8862,39,0,0.2219,1736.0,7,0,1,0,0.0,0
0.0702,44,0,0.7139,4429.0,7,0,0,0,2.0,0
0.3671,71,0,0.2431,3757.0,7,0,1,0,1.0,0
2.442,60,0,0.7372,8228.0,6,0,0,0,0.0,0
0.8816,39,0,0.0946,9307.0,9,0,2,0,1.0,0
0.3937,30,0,0.0576,6251.0,10,0,1,0,3.0,0
0.9921,39,0,0.9532,6900.0,5,0,3,0,0.0,0
0.3549,72,0,0.9054,19747.0,6,0,1,0,0.0,0
0.6556,61,0,0.5058,,6,0,2,0,0.0,0
0.3236,49,0,0.5384,,9,0,1,0,0.0,0
0.2327,52,0,0.5309,4640.0,7,0,0,0,0.0,0
0.0768,68,0,0.2764,,9,0,0,0,1.0,0
0.5616,52,0,0.8653,13530.0,11,0,1,0,0.0,0
0.4056,84,0,0.3563,5168.0,9,0,1,0,1.0,0
6.5551,53,0,0.3656,11068.0,7,0,0,0,1.0,0
1.6634,39,0,0.205,9288.0,8,0,4,0,0.0,0
0.0358,24,1,0.3944,,7,0,1,0,0.0,0
0.0913,58,0,0.7369,6395.0,5,0,0,0,0.0,0
0.4582,49,0,1.0389,4903.0,6,0,2,0,3.0,0
1.2428,39,0,0.2124,5511.0,6,0,1,0,0.0,0
0.0491,62,0,0.5316,2567.0,6,0,2,0,3.0,0
0.4055,56,0,1.3248,7067.0,4,0,1,0,0.0,0
0.6238,46,0,0.8993,5354.0,12,0,2,0,1.0,1
0.123,56,0,0.6023,12967.0,7,0,0,0,1.0,0
1.1866,50,0,0.3339,7058.0,10,0,1,0,0.0,0
0.4052,65,0,0.4694,6252.0,4,0,2,0,1.0,0
0.2913,53,0,0.1046,10164.0,7,0,1,0,1.0,0
0.9421,47,0,0.5881,8501.0,7,1,1,0,0.0,0
0.1113,69,0,0.0291,,9,0,2,0,1.0,0
0.1784,37,0,0.2592,2449.0,12,0,1,0,1.0,0
0.4076,32,0,1.168,7474.0,6,0,1,0,0.0,0
3.4742,44,0,0.7886,2390.0,14,0,0,0,1.0,0
3.8597,27,0,0.2407,9314.0,7,0,2,0,0.0,0
1.3252,30,0,0.7649,,3,0,1,0,0.0,0
0.4124,49,0,0.6389,,9,0,0,0,2.0,0
0.4533,53,0,0.3355,4169.0,5,0,1,0,0.0,0
0.5718,48,0,0.3151,,8,0,2,0,0.0,0
0.7133,59,0,0.306,12895.0,5,0,1,0,0.0,0
0.2562,45,0,0.3311,1533.0,6,0,0,0,0.0,0
0.4899,25,0,0.4615,3175.0,12,0,2,0,0.0,0
0.2092,62,0,0.5568,2579.0,5,0,3,0,1.0,0
0.0593,51,0,0.2797,1998.0,9,0,0,0,0.0,0
0.525,62,0,0.0768,3130.0,9,0,1,0,0.0,0
0.6025,61,0,0.4131,,8,0,0,0,2.0,0
0.2738,67,0,0.5511,2873.0,14,0,0,0,2.0,0
0.3452,40,0,0.1067,5485.0,8,0,1,0,1.0,0
0.1005,35,0,0.4597,2297.0,6,0,1,0,1.0,0
0.1443,51,0,0.4353,9781.0,5,0,0,0,1.0,1
0.4204,50,2,0.5449,7948.0,6,0,2,2,1.0,0
3.77,69,0,0.5109,6232.0,12,0,1,0,0.0,0
0.2423,59,0,0.5959,3271.0,5,0,1,0,2.0,0
0.4489,54,0,0.5302,7826.0,6,0,0,0,3.0,0
0.371,35,0,0.8643,2881.0,12,0,2,0,1.0,0
0.2735,42,0,0.8412,9342.0,10,0,2,0,1.0,0
0.4916,29,0,0.3747,5854.0,11,0,0,0,1.0,0
0.1465,41,0,0.8289,12724.0,7,0,1,0,1.0,0
0.1464,55,0,0.5035,,9,0,1,0,0.0,0
0.2618,58,0,0.1632,9023.0,12,0,2,0,0.0,0
0.3421,61,0,0.3588,16525.0,6,0,0,0,1.0,0
0.6801,63,0,1.3868,3568.0,10,0,1,0,2.0,1
0.5463,60,0,0.3511,3717.0,7,0,2,0,2.0,0
0.4709,44,1,0.0926,2177.0,10,2,2,0,0.0,0
2.0277,41,1,0.4469,,4,1,0,1,0.0,0
0.5412,70,0,0.2552,3475.0,6,0,0,0,0.0,0
2.9369,47,0,0.5376,6072.0,6,0,3,0,1.0,0
2.6867,47,0,0.9402,6543.0,6,0,0,0,0.0,0
0.7907,50,0,0.572,11326.0,8,0,1,0,2.0,0
0.0145,31,0,0.2483,,5,0,1,0,2.0,0
0.126,49,0,0.3413,1193.0,15,0,2,0,0.0,0
1.0447,30,0,0.5268,5755.0,7,0,1,1,0.0,0
0.7832,61,0,0.2422,9555.0,13,0,1,0,0.0,0
0.4604,46,0,0.2073,5350.0,8,0,3,0,1.0,0
0.2547,44,0,1.0771,3336.0,12,0,0,0,,0
0.0858,25,0,0.3855,,10,0,2,0,2.0,0
0.5402,56,0,0.3845,11231.0,10,0,0,0,0.0,0
1.3663,86,1,0.8087,11139.0,9,0,0,1,1.0,0
2.3177,44,0,0.4421,2173.0,10,0,0,0,1.0,0
0.2884,51,0,0.256,3677.0,10,0,1,0,2.0,0
0.336,74,0,0.1289,3336.0,5,0,3,0,2.0,0
0.5989,85,0,0.3979,,4,0,0,0,1.0,0
0.132,35,0,0.4927,5673.0,14,0,1,0,1.0,0
2.0211,69,0,0.4052,9520.0,13,0,1,0,0.0,0
1.0167,21,0,0.1883,3560.0,6,0,2,0,1.0,0
0.1722,21,1,0.8472,2887.0,0,0,1,0,0.0,1
0.5195,27,0,0.5541,5836.0,7,0,2,0,1.0,0
1.7362,47,0,0.4468,,12,0,1,0,3.0,0
4.4524,24,2,0.9392,2931.0,3,0,2,0,1.0,0
0.8121,70,0,0.3469,8552.0,4,0,2,0,0.0,0
0.3835,53,0,0.441,3689.0,10,0,1,0,2.0,0
0.5822,61,0,0.6521,4665.0,9,0,1,0,2.0,0
0.1716,47,0,0.1885,,12,0,0,0,,0
0.3615,44,0,0.1165,,11,0,2,0,,0
0.3074,51,0,0.5106,3165.0,9,0,0,0,0.0,0
0.1509,79,0,0.2,3810.0,11,0,0,0,3.0,0
0.2944,55,0,0.6184,5504.0,9,0,1,0,0.0,0
0.0876,54,0,0.2493,,6,0,2,0,0.0,0
0.3842,37,0,0.6175,,9,0,0,0,1.0,0
2.3285,38,0,0.5908,7255.0,2,1,1,0,0.0,0
0.022,43,0,0.5371,2773.0,8,0,2,0,0.0,0
2.5512,61,0,0.9386,,12,0,1,0,2.0,1
0.8504,57,0,0.2547,2479.0,13,0,0,0,2.0,0
0.7641,24,0,0.0986,4344.0,12,0,1,0,2.0,0
0.1416,58,0,0.886,27541.0,5,0,1,0,2.0,0
0.3777,62,0,0.3207,4418.0,7,0,3,0,0.0,0
0.5408,60,2,0.6768,7946.0,6,0,3,2,1.0,0
0.0595,60,0,0.1887,10242.0,6,0,0,0,0.0,0
0.289,60,0,0.4346,1590.0,14,0,0,0,1.0,0
0.2482,57,0,0.2684,,7,0,2,0,2.0,0
0.3398,33,0,0.491,,8,0,0,0,0.0,0
0.2011,66,0,0.1284,3521.0,7,0,1,0,1.0,0
0.1524,76,0,0.6481,15480.0,9,0,0,0,1.0,0
2.399,70,1,0.1463,4686.0,9,0,0,0,1.0,0
0.195,56,0,0.0196,13644.0,11,0,0,0,1.0,0
0.0831,51,0,0.1555,8333.0,11,0,1,0,1.0,0
0.5376,43,0,0.0964,5910.0,9,0,0,0,1.0,0
3.9901,26,0,0.2787,,4,0,0,0,1.0,0
0.4546,66,0,0.6344,3457.0,9,0,2,0,1.0,0
0.5808,31,0,0.2449,11846.0,8,0,1,0,0.0,0
0.5312,47,2,1.0331,4100.0,8,0,2,1,1.0,0
0.1232,47,0,0.6018,5784.0,5,0,0,0,2.0,0
0.6959,70,0,0.9161,22058.0,8,0,3,0,1.0,0
0.612,61,0,0.7202,3894.0,9,0,0,0,0.0,0
0.8569,43,0,0.3116,,6,0,1,0,2.0,0
0.19,50,0,0.781,4059.0,5,0,0,0,1.0,0
0.1657,49,0,1.0412,3728.0,7,0,2,0,1.0,0
0.4555,61,0,0.8289,,9,0,1,0,2.0,0
0.0969,38,0,0.8416,5390.0,14,0,0,0,1.0,0
0.5908,56,0,0.1969,,5,0,1,0,1.0,0
0.1242,49,0,0.3965,12687.0,10,0,1,0,2.0,0
4.1568,86,0,0.2851,4392.0,13,0,0,0,0.0,1
0.1162,41,0,0.3741,13652.0,6,0,1,0,0.0,0
0.362,69,0,0.5505,12755.0,7,0,3,0,3.0,0
0.0026,46,0,0.6879,,9,0,2,0,1.0,0
0.6105,51,0,0.588,,9,0,3,0,1.0,1
2.4507,71,0,0.4515,11632.0,5,0,1,0,1.0,0
0.1487,60,0,0.899,,5,0,0,0,1.0,0
0.4448,50,0,0.3632,,8,0,1,0,0.0,0
2.196,47,0,0.2146,6579.0,6,0,0,0,1.0,0
0.3229,72,0,0.3662,17268.0,7,0,0,0,0.0,0
0.4375,47,1,0.8744,4095.0,12,0,0,0,0.0,0
0.3812,47,0,0.5614,6576.0,11,0,0,0,0.0,0
0.3094,43,0,0.4499,3409.0,8,0,0,0,1.0,0
0.4419,77,0,0.4183,3310.0,6,0,1,0,1.0,0
0.0974,34,0,0.1596,4271.0,2,0,0,0,0.0,0
0.1267,56,1,0.508,10887.0,7,0,0,1,0.0,0
0.8312,57,0,0.5121,,14,0,1,0,2.0,0
0.5616,35,0,0.1941,5381.0,8,0,0,0,0.0,0
0.4843,48,0,0.3702,6613.0,9,0,0,0,2.0,0
0.4395,47,0,0.9692,5154.0,12,0,1,0,0.0,1
0.431,44,0,0.2873,2357.0,7,0,0,0,1.0,0
0.3681,53,0,0.1598,,7,0,0,0,0.0,0
1.5137,56,0,1.0032,5771.0,11,0,0,0,1.0,0
0.2671,48,0,0.2015,3701.0,13,0,0,0,0.0,0
0.192,80,0,0.5432,8778.0,6,0,0,0,0.0,0
0.8813,43,0,0.3623,33126.0,3,0,3,0,0.0,0
0.1793,56,0,0.7878,,9,0,2,0,0.0,0
0.7206,54,0,0.5251,5969.0,12,0,0,0,2.0,0
0.8147,61,0,0.9944,5918.0,9,0,2,0,2.0,0
0.0619,55,0,0.4155,7416.0,11,0,2,0,0.0,0
0.187,40,0,0.1627,2058.0,6,0,1,0,0.0,0
1.6912,61,0,1.1506,7251.0,6,0,1,0,0.0,0
0.2767,52,0,0.554,3649.0,7,0,1,0,1.0,0
0.6355,66,0,0.09,6172.0,10,0,1,0,0.0,0
0.3578,63,0,0.0991,6701.0,5,0,0,0,1.0,0
0.5424,60,0,0.9217,3757.0,9,0,0,0,1.0,1
2.2583,65,0,0.373,7045.0,8,0,0,0,0.0,0
0.4765,44,0,0.2406,21971.0,9,0,1,0,1.0,0
0.327,53,0,0.6157,,10,0,2,0,2.0,0
0.6897,68,0,0.8244,4564.0,8,0,0,0,0.0,0
0.6631,55,0,1.0595,2657.0,8,0,1,0,1.0,0
2.1035,41,0,0.1747,6089.0,7,0,1,0,1.0,0
0.0409,38,0,0.1432,10115.0,8,0,1,0,1.0,0
0.0338,63,0,0.627,2384.0,6,0,0,0,1.0,0
4.5156,44,1,0.8692,6141.0,6,0,0,0,1.0,0
0.4375,51,0,0.3487,5883.0,6,0,1,0,1.0,0
0.1458,72,0,0.5847,9129.0,6,0,0,0,,0
0.1173,40,0,0.0501,3567.0,10,0,2,0,2.0,0
0.0881,69,0,0.8834,6066.0,9,0,1,0,1.0,0
5.9858,38,0,0.487,1940.0,9,0,1,0,0.0,0
0.1257,69,0,0.4871,15743.0,7,0,1,0,1.0,0
0.4991,54,0,0.7199,2952.0,7,0,1,0,0.0,0
0.3742,28,0,0.1057,,13,0,1,0,0.0,0
0.6009,35,0,0.8806,4845.0,6,0,1,0,0.0,0
0.3447,40,0,0.0675,2947.0,8,0,0,0,1.0,0
0.2951,54,0,0.462,3363.0,7,0,0,0,0.0,0
0.6777,68,0,0.5245,16472.0,8,0,1,0,1.0,0
0.178,57,0,0.8433,,3,0,0,0,1.0,0
0.144,40,1,0.6262,6878.0,3,0,2,1,0.0,0
0.5893,72,0,0.0614,,7,2,1,0,1.0,0
0.5157,51,2,0.8572,9250.0,11,0,1,0,0.0,0
5.506,39,0,0.978,9364.0,9,0,1,0,0.0,0
0.1194,50,0,0.2489,,5,0,2,0,2.0,0
0.2351,52,0,0.2755,8466.0,5,0,1,0,0.0,0
0.0527,40,0,0.7265,4041.0,5,0,1,0,2.0,0
0.6663,65,0,0.2284,,13,0,0,0,2.0,0
0.0822,47,0,0.2362,3393.0,7,0,1,0,4.0,0
0.1204,40,0,0.1888,3423.0,11,0,0,0,0.0,0
0.1001,61,0,0.3955,1848.0,10,0,0,0,0.0,0
0.1467,58,0,0.5974,,6,0,1,0,1.0,0
3.3766,63,0,0.0739,5182.0,10,0,1,0,1.0,0
0.1868,63,0,0.3814,5746.0,6,0,3,0,0.0,0
3.8476,43,0,0.4027,5822.0,6,0,0,0,0.0,0
0.3977,50,0,0.4043,7513.0,8,0,1,0,1.0,0
0.1721,21,0,0.5314,4281.0,8,0,0,0,0.0,0
0.3543,54,0,0.5054,4192.0,8,0,0,0,2.0,0
0.5033,55,0,0.565,12440.0,7,0,2,0,1.0,0
0.2774,49,0,0.3547,9209.0,5,0,1,0,3.0,0
0.3217,39,0,0.6631,1117.0,11,0,1,0,,0
0.5292,67,0,0.5858,5640.0,4,0,3,0,1.0,0
0.0242,35,0,0.2686,,4,0,2,0,1.0,0
0.111,73,0,0.2065,4414.0,5,0,1,0,0.0,0
0.3366,31,0,0.2518,4287.0,14,0,1,0,0.0,0
0.4653,48,0,0.7074,6942.0,6,0,1,0,1.0,0
0.2131,21,0,0.5762,5903.0,13,0,1,0,2.0,0
0.5241,41,0,0.3098,2397.0,5,0,0,0,1.0,0
0.1112,55,1,0.4361,10156.0,9,0,0,0,1.0,0
0.1559,56,0,0.6063,20652.0,7,0,2,0,2.0,0
0.396,49,0,0.6845,1740.0,6,0,0,0,0.0,0
0.2194,45,0,0.1347,8890.0,8,0,1,0,0.0,0
0.1555,85,0,0.4945,,5,0,0,0,0.0,0
1.0274,51,0,0.2227,4241.0,6,0,1,0,0.0,0
0.2765,92,0,0.6713,3468.0,11,0,0,0,0.0,0
1.1094,73,0,0.2716,13889.0,16,0,1,0,1.0,1
0.0337,43,0,0.8026,5217.0,10,0,3,0,1.0,0
0.886,45,0,0.5062,4573.0,7,0,0,0,1.0,0
0.6268,75,0,0.2424,4944.0,8,0,1,0,2.0,0
0.3121,33,0,0.3005,3911.0,8,0,0,0,1.0,0
0.1381,72,0,0.4023,10473.0,8,0,2,0,1.0,0
0.1617,50,0,0.5374,10926.0,8,0,0,0,0.0,0
1.2879,21,0,0.7149,2221.0,14,0,1,0,0.0,0
0.6863,36,0,0.7147,2463.0,8,0,0,0,0.0,0
1.7798,49,0,0.4442,3510.0,6,0,2,0,0.0,0
0.696,45,0,0.7713,5768.0,6,0,1,0,1.0,0
0.6953,42,0,0.2602,,6,0,2,0,1.0,0
0.3711,31,0,0.0992,7214.0,10,0,0,0,2.0,0
0.6148,52,0,0.6523,6560.0,10,0,2,0,1.0,0
0.5843,73,0,0.2037,7595.0,12,0,0,0,1.0,0
0.1815,73,0,0.6308,1880.0,9,0,2,0,0.0,0
1.1257,69,0,0.4414,18532.0,9,0,0,0,3.0,1
0.64,50,0,0.1811,,5,0,3,0,2.0,0
0.3115,69,0,0.3479,,12,0,0,0,1.0,0
0.3259,30,0,0.2869,2859.0,3,0,2,0,,0
0.042,61,0,0.7537,13882.0,3,0,0,0,0.0,0
0.3651,74,0,0.338,,4,0,0,0,2.0,0
0.2,62,2,0.096,10796.0,7,0,1,0,1.0,1
0.3191,29,0,0.2088,17475.0,7,0,1,0,1.0,0
0.2905,39,0,0.3122,6248.0,9,0,1,0,1.0,0
0.0827,43,0,0.724,5445.0,8,0,2,0,0.0,0
0.8176,37,2,0.6016,,10,0,1,0,2.0,0
0.3787,47,0,1.2306,5851.0,6,0,2,0,0.0,0
0.267,51,0,0.3259,3880.0,10,0,1,0,1.0,0
0.7155,49,0,0.3196,9055.0,7,0,3,0,0.0,0
0.2263,39,0,0.7069,7330.0,7,0,1,0,0.0,0
0.2074,67,0,0.4389,,7,0,0,0,3.0,0
0.0691,49,0,0.023,6920.0,6,0,1,0,0.0,0
0.2371,32,0,0.317,3498.0,15,0,0,0,1.0,0
1.9977,46,0,0.3197,4933.0,4,0,0,0,0.0,0
0.4802,44,0,0.6543,4604.0,9,0,0,0,2.0,0
0.4088,26,0,0.5068,,9,0,0,0,2.0,0
0.0689,47,0,0.2938,,8,0,3,0,0.0,0
0.272,70,0,0.6978,23512.0,6,0,2,0,0.0,0
0.4254,48,0,0.6199,,15,0,1,0,1.0,0
0.4132,49,0,0.3897,15343.0,7,0,0,0,1.0,0
0.1573,60,0,0.4985,,10,0,1,0,2.0,0
0.5072,44,0,0.8032,8146.0,7,0,1,0,2.0,0
1.5392,37,2,0.6771,1379.0,8,0,2,0,1.0,0
1.1367,62,0,0.1718,5402.0,6,0,3,0,,0
1.3516,52,0,0.5024,2975.0,2,0,1,0,0.0,0
2.4855,28,0,0.1683,3446.0,12,0,1,0,1.0,0
2.0032,58,0,0.3204,6005.0,10,0,2,0,0.0,1
1.9876,56,0,0.3043,6071.0,7,0,0,0,5.0,0
0.2707,27,0,0.3315,,6,0,1,0,0.0,0
0.2353,21,0,0.754,19479.0,7,0,0,0,1.0,0
0.309,43,0,0.5265,3909.0,5,0,1,0,2.0,0
0.2047,88,0,0.7512,10081.0,9,0,1,0,1.0,0
0.3737,85,0,0.4837,3080.0,3,0,1,0,2.0,0
0.4545,73,0,0.3676,7320.0,12,0,2,0,0.0,0
0.4213,41,0,0.3636,6279.0,7,0,2,0,0.0,0
0.0302,40,0,0.1868,1745.0,11,0,0,0,,0
0.915,34,0,0.7656,,16,0,2,0,1.0,0
0.7009,35,0,0.973,4514.0,6,0,1,0,0.0,0
0.5966,61,0,0.8338,5686.0,8,0,0,0,1.0,0
0.4426,76,0,0.5482,3351.0,13,0,1,1,1.0,0
0.77,48,0,0.622,4495.0,8,0,0,0,3.0,0
0.2183,44,0,0.8954,7617.0,10,0,1,0,1.0,0
0.4195,39,0,0.3987,4348.0,8,0,0,0,1.0,0
0.4324,49,0,1.0064,8344.0,9,0,0,0,1.0,0
0.3644,40,0,0.674,,9,0,1,0,1.0,0
0.1194,32,0,0.5965,3754.0,17,0,2,0,0.0,0
0.0141,55,0,0.9304,8469.0,8,0,2,0,0.0,0
0.0777,41,0,0.149,3606.0,8,0,0,0,0.0,0
0.4496,45,0,0.1783,6452.0,11,0,1,0,0.0,0
1.8235,52,0,0.5327,2723.0,7,0,1,0,0.0,0
0.5414,23,0,0.1048,4907.0,6,0,0,0,2.0,0
2.8887,31,0,0.7365,4399.0,4,0,0,0,0.0,0
0.2398,54,0,0.8148,9377.0,11,0,2,0,0.0,0
0.3135,36,0,0.7203,,7,0,0,0,1.0,0
0.566,53,0,1.2873,10166.0,11,0,2,0,1.0,0
0.2165,42,0,0.7266,1734.0,13,0,0,0,0.0,0
0.035,56,0,0.4415,2951.0,8,0,0,0,0.0,0
0.1914,30,0,0.4861,,10,0,0,0,2.0,0
0.4676,40,0,0.4785,3740.0,10,0,4,0,0.0,0
0.2706,74,1,0.2879,9599.0,10,0,1,0,0.0,0
0.0568,57,0,0.4658,,6,0,0,0,1.0,0
0.7821,65,0,0.1805,6568.0,9,0,1,0,3.0,0
0.216,52,0,0.2079,6757.0,9,0,0,0,1.0,0
0.3202,34,1,0.5184,,11,0,1,0,2.0,0
0.4321,42,0,1.2183,8508.0,7,0,2,0,0.0,0
0.7643,43,0,0.6721,1484.0,4,0,1,0,0.0,0
1.5762,43,0,0.5426,,10,0,2,0,1.0,0
0.5564,70,0,0.4052,3378.0,9,0,0,0,0.0,0
0.2832,49,0,0.9779,17994.0,12,0,0,0,1.0,0
0.518,33,0,0.7834,1016.0,5,0,0,0,1.0,0
0.5176,42,0,0.6357,3751.0,6,0,0,0,1.0,1
0.6656,58,0,0.7648,14894.0,5,0,0,0,0.0,0
0.2537,31,0,0.9805,7374.0,8,0,0,0,2.0,0
0.4606,67,0,0.6364,3173.0,8,0,1,0,0.0,0
0.2056,72,0,1.0834,11402.0,8,0,1,0,1.0,0
0.3213,40,0,0.7103,1420.0,11,0,0,0,0.0,0
0.3938,59,0,0.5458,11167.0,6,0,0,0,3.0,0
0.7083,65,1,0.5112,3590.0,8,0,0,0,1.0,1
0.1149,38,0,0.4932,14037.0,6,0,1,0,3.0,0
0.0693,46,0,0.3262,19152.0,11,0,4,0,,0
5.4873,48,0,1.0965,11577.0,7,0,1,0,,0
0.0752,57,0,0.1694,6112.0,12,0,0,0,0.0,0
0.4122,72,0,0.2171,,7,0,1,0,1.0,0
0.2473,48,0,0.1066,3940.0,10,0,2,0,0.0,0
0.4914,31,0,0.7307,5371.0,13,0,1,0,0.0,0
0.3959,27,0,0.4832,6143.0,8,0,1,0,1.0,0
0.0662,41,0,0.4526,6216.0,8,0,0,0,1.0,0
0.0743,48,0,0.2677,6653.0,2,0,0,0,0.0,0
0.5652,69,3,0.6164,11438.0,7,0,1,0,1.0,0
0.5123,27,0,0.313,8926.0,10,0,0,0,2.0,0
5.4409,49,1,0.6184,6508.0,9,0,1,0,1.0,0
0.2298,72,0,0.4344,2931.0,6,0,3,0,1.0,0
7.5738,57,0,0.4832,4442.0,7,0,2,0,2.0,1
0.2509,34,0,0.2484,,5,0,1,0,0.0,0
0.2108,54,1,0.289,3773.0,5,0,1,0,1.0,0
0.1664,51,1,1.1853,5354.0,9,0,2,0,1.0,0
0.7899,69,0,0.5725,,11,0,1,0,0.0,1
0.1961,62,0,0.4262,8204.0,10,0,4,0,2.0,0
0.4214,55,0,0.4686,,5,0,1,0,2.0,0
1.476,59,2,0.5239,5387.0,7,1,1,0,0.0,0
1.1249,52,0,0.4392,9061.0,8,0,1,0,0.0,0
0.1486,41,0,0.235,3555.0,10,0,0,0,0.0,0
0.547,61,0,0.0742,7367.0,9,0,0,0,1.0,0
0.5653,42,0,0.7143,5947.0,11,0,0,0,1.0,0
0.3282,56,0,0.1146,6953.0,10,0,0,0,0.0,0
0.679,61,0,0.3742,5561.0,10,0,0,0,0.0,0
0.0301,34,0,0.7883,7183.0,8,0,1,0,3.0,0
0.5291,48,0,0.9718,,7,0,3,0,2.0,1
0.0402,73,0,0.4787,6234.0,4,0,0,0,,0
0.4776,70,0,0.845,,6,0,1,0,0.0,0
0.2399,57,0,0.2432,2515.0,8,0,0,0,0.0,0
0.0281,49,0,0.4729,13510.0,7,0,0,0,1.0,0
0.1482,47,0,0.9075,5027.0,8,0,0,0,2.0,0
0.1147,42,0,0.5536,6266.0,7,0,1,0,0.0,0
0.2149,50,0,0.2469,,9,0,0,0,0.0,0
0.095,69,0,0.5951,9273.0,11,0,1,0,0.0,0
0.3959,42,0,0.7473,2508.0,14,0,0,0,0.0,0
0.2322,33,0,0.3758,2888.0,14,0,2,0,0.0,0
5.7916,65,0,0.5979,10552.0,8,0,1,0,1.0,0
0.2943,46,0,0.4538,8065.0,9,0,0,0,0.0,0
3.7258,37,0,0.1439,3363.0,3,0,0,0,0.0,0
0.1004,52,0,0.2007,5317.0,8,0,1,0,0.0,0
0.7878,46,0,0.3812,8732.0,5,0,2,0,1.0,0
0.1413,52,0,0.6904,3793.0,10,0,0,0,0.0,0
3.0279,58,2,0.4251,6027.0,10,1,2,0,0.0,0
0.4206,56,0,0.1971,5772.0,10,0,1,0,1.0,0
1.5483,57,0,0.5807,3952.0,8,0,1,0,1.0,0
0.2389,53,0,0.2598,6903.0,10,1,2,1,0.0,0
0.1225,26,0,0.9823,,5,0,1,0,1.0,0
0.7117,52,0,0.7688,5141.0,7,0,3,0,0.0,0
0.3832,33,0,0.2182,5104.0,11,0,0,0,1.0,0
0.0615,41,0,0.3115,5376.0,8,0,1,0,2.0,0
0.0082,41,0,0.1213,7790.0,6,0,2,0,2.0,1
0.0402,59,0,0.6874,6186.0,9,0,2,0,1.0,0
0.0036,26,0,0.4337,14445.0,9,0,0,0,1.0,0
0.4072,48,0,1.0655,,7,0,1,0,0.0,0
0.0598,49,0,0.5924,9186.0,5,0,1,0,0.0,0
5.3132,62,0,1.0558,,12,0,0,0,0.0,0
0.2253,52,0,0.242,2891.0,9,0,1,0,0.0,0
2.2947,58,0,0.3869,1637.0,10,0,1,0,0.0,0
1.8355,52,0,0.8348,11875.0,6,0,0,0,1.0,0
0.0174,75,0,0.4594,6648.0,8,0,0,0,0.0,1
0.504,45,0,0.395,,10,0,0,0,0.0,0
0.7017,83,0,0.9093,7442.0,12,0,0,0,1.0,0
0.3095,43,0,0.5167,7557.0,9,0,0,0,1.0,0
1.1907,62,1,0.3815,2637.0,13,0,1,2,0.0,0
0.3291,72,0,0.3556,6148.0,10,0,0,0,3.0,1
0.4741,48,0,0.049,7635.0,5,0,1,0,2.0,0
0.5746,50,0,0.8488,5463.0,8,0,1,0,1.0,0
1.3668,32,0,0.4867,4040.0,8,0,0,0,0.0,0
0.9588,95,0,0.0713,4008.0,7,0,3,0,1.0,0
0.6098,48,0,0.2231,3496.0,3,0,2,0,0.0,0
0.0456,71,0,0.5676,5524.0,11,0,0,0,0.0,0
0.0563,41,0,0.3563,,6,0,1,0,0.0,0
0.5754,32,0,0.4706,,8,0,2,0,0.0,0
0.1544,42,0,0.3773,6101.0,7,0,1,0,0.0,0
7.32,54,0,0.4565,18930.0,5,0,0,0,0.0,0
0.0655,53,0,0.4587,,9,0,1,0,1.0,0
0.8163,42,0,0.1854,2677.0,12,0,1,0,0.0,0
0.2683,45,0,0.6207,,7,0,1,0,0.0,0
0.419,53,1,0.2199,,4,0,1,0,,0
0.196,40,0,0.5748,3545.0,9,0,0,0,1.0,0
0.1318,45,0,0.1994,2866.0,6,0,1,0,0.0,0
0.6736,36,1,0.8693,11989.0,5,0,1,0,1.0,0
0.465,63,0,0.2328,1976.0,4,0,0,0,1.0,0
0.2154,33,0,0.1298,,11,2,3,1,0.0,0
0.4485,47,0,0.6633,11080.0,5,0,0,0,1.0,0
0.0503,59,0,0.214,,7,0,0,0,0.0,0
0.4601,60,0,0.644,4640.0,11,0,1,0,0.0,0
0.1638,36,0,0.3325,3810.0,11,0,1,0,1.0,0
0.2258,63,0,0.6619,4239.0,6,0,1,0,1.0,0
0.7634,58,0,0.7185,4213.0,8,0,2,0,0.0,0
0.3238,61,0,0.6378,1271.0,5,0,0,0,2.0,0
0.0254,50,0,0.5456,4544.0,8,0,0,0,0.0,0
0.9182,58,0,1.0484,,7,0,0,0,0.0,0
0.3304,60,0,0.7841,1541.0,6,0,0,0,2.0,0
2.7454,87,0,0.1834,1908.0,12,0,1,0,,0
0.1678,28,0,0.6559,17147.0,7,0,2,0,0.0,0
0.256,58,2,0.4342,4122.0,10,0,0,0,1.0,0
0.6759,62,0,1.093,3813.0,8,0,2,0,0.0,0
0.4101,56,0,0.4349,,8,0,1,0,2.0,0
0.713,66,0,0.067,3531.0,7,0,1,0,2.0,1
0.3431,65,0,0.9147,,14,0,0,0,3.0,0
0.0145,57,0,0.7311,8942.0,1,0,0,0,2.0,0
0.2673,51,0,0.454,5037.0,4,0,0,0,2.0,0
0.2817,23,0,0.5551,4124.0,8,0,1,0,1.0,0
0.2797,82,0,0.9316,6381.0,6,0,0,0,1.0,0
0.5624,21,0,0.2784,3833.0,5,0,1,0,2.0,0
0.0171,61,0,0.6151,4475.0,7,0,1,0,2.0,0
0.2594,58,0,0.4714,,4,0,0,0,1.0,0
0.7383,34,0,0.4888,12143.0,5,0,0,0,0.0,0
0.3591,84,0,0.3335,,7,0,1,0,1.0,0
0.8034,65,2,0.4812,8636.0,8,0,0,0,,0
0.6346,57,0,0.2151,,5,0,1,0,,0
0.5266,35,0,0.2704,10437.0,10,0,0,0,,0
0.5423,74,0,0.3,3714.0,7,0,0,0,0.0,0
0.6758,75,0,0.444,5709.0,9,0,1,0,0.0,1
0.283,55,0,0.3815,2211.0,9,0,1,0,0.0,0
1.257,79,0,0.1691,3155.0,5,0,2,0,2.0,0
0.9282,56,0,0.1628,,5,0,2,0,2.0,0
0.5403,58,0,0.8409,7276.0,6,0,0,0,2.0,0
0.3758,52,0,0.56,5013.0,12,0,3,0,1.0,0
0.8719,63,0,0.238,3264.0,7,0,0,0,0.0,0
0.0007,61,0,0.1503,6036.0,10,0,2,0,2.0,0
0.4306,45,0,0.3627,4962.0,4,0,1,0,1.0,0
0.1136,37,0,0.3828,12624.0,6,0,1,0,0.0,0
0.3384,50,0,0.207,13700.0,9,0,2,0,0.0,0
0.9127,63,0,0.4354,2937.0,5,0,1,0,1.0,1
1.364,50,2,0.4138,6493.0,9,0,0,0,2.0,0
0.2289,39,0,0.3875,11536.0,10,0,1,0,1.0,0
4.2824,51,0,0.7778,,14,0,2,0,0.0,1
0.2167,36,0,0.7891,2489.0,11,0,4,0,3.0,0
0.5279,45,0,0.9869,1837.0,10,0,1,0,2.0,0
0.5761,27,0,0.2796,6712.0,9,0,2,0,2.0,0
0.1869,54,0,0.4713,3668.0,9,0,1,0,0.0,0
0.6537,63,0,0.0638,2625.0,5,0,2,0,0.0,1
1.9239,53,0,0.5504,,9,0,1,0,,1
0.3774,58,0,0.2721,,11,0,2,0,0.0,0
0.0135,54,0,0.3003,8290.0,8,0,0,0,1.0,0
0.5121,59,0,0.2216,,6,0,1,0,0.0,0
0.4448,61,0,0.0739,5780.0,9,0,1,0,3.0,0
0.0108,61,0,0.6059,17274.0,10,0,1,0,0.0,0
0.476,68,0,0.4568,,7,0,1,0,0.0,0
0.2559,30,0,0.2227,8244.0,6,0,2,0,2.0,0
0.9061,63,1,0.1513,7045.0,6,2,1,0,0.0,0
0.4035,49,0,0.1206,6460.0,4,0,1,0,0.0,0
0.1551,45,0,0.2055,2560.0,9,0,3,0,0.0,0
0.6166,25,0,0.2466,14885.0,9,0,1,0,0.0,0
0.4895,30,0,0.8744,3229.0,11,0,0,0,3.0,0
3.8574,45,0,0.1867,4485.0,11,0,0,0,1.0,0
0.069,40,0,0.0587,2382.0,5,0,1,0,1.0,0
1.1643,66,0,0.6329,5307.0,6,0,1,0,0.0,0
0.3265,62,0,0.352,2657.0,6,0,2,0,2.0,0
0.0595,73,0,0.2152,5641.0,4,0,1,0,0.0,0
0.1314,50,0,0.1101,,8,0,0,0,2.0,0
0.5149,61,0,0.2814,2700.0,7,0,0,0,2.0,0
0.0664,30,0,0.511,6724.0,5,0,0,0,0.0,0
1.0829,85,0,0.3164,3304.0,10,0,1,0,2.0,0
0.0555,77,0,0.2843,4635.0,7,0,0,0,0.0,0
0.3823,40,0,0.5336,3966.0,7,0,1,0,1.0,0
0.5089,74,0,0.2958,,11,0,0,0,1.0,0
0.2043,36,0,0.8262,,11,0,1,0,,0
0.088,43,0,0.7146,6822.0,9,0,1,0,0.0,0
0.2621,52,0,0.1377,11256.0,9,0,2,0,0.0,0
0.5828,40,0,0.4245,,4,0,0,0,0.0,0
0.3378,60,0,0.5962,3590.0,5,0,1,0,1.0,0
0.3656,68,0,0.4302,8966.0,9,0,0,0,0.0,0
0.576,32,0,1.0325,4486.0,9,0,1,0,0.0,0
0.8151,54,0,0.5327,4560.0,11,0,1,0,0.0,0
0.0077,38,0,0.4801,,14,0,3,0,3.0,0
1.1478,56,0,0.8728,3878.0,10,0,2,0,2.0,0
0.7156,56,0,0.3183,8153.0,6,0,0,0,1.0,0
0.2654,43,0,0.2128,4315.0,9,0,2,0,1.0,0
0.4168,50,0,0.3819,5533.0,7,0,1,0,1.0,0
0.0504,53,0,0.4696,3603.0,7,0,0,0,1.0,0
0.2137,42,0,0.6685,8178.0,11,0,1,0,1.0,0
3.0398,29,0,0.1225,1483.0,12,0,2,0,2.0,1
0.311,63,0,0.3958,7808.0,8,0,0,0,0.0,0
0.6366,63,0,0.5829,1992.0,7,0,1,0,0.0,0
0.3641,62,0,0.535,3699.0,9,0,1,0,0.0,0
0.346,38,0,0.7049,12900.0,9,0,0,0,2.0,0
0.8006,49,0,0.6221,10662.0,6,0,0,0,1.0,0
0.2665,29,0,0.6118,7593.0,10,0,2,0,0.0,0
0.4968,81,0,0.6935,8429.0,8,0,1,0,2.0,0
0.2254,33,0,0.4872,,12,0,3,0,1.0,0
0.4609,70,0,0.8173,,11,0,1,0,0.0,1
0.1097,41,0,0.8166,8558.0,10,0,1,0,0.0,0
0.3708,56,0,0.332,5272.0,23,0,0,0,1.0,0
0.9618,48,0,0.8817,1768.0,5,0,0,0,,0
3.8095,47,0,0.5328,10007.0,11,0,0,0,3.0,0
0.1939,58,0,0.2353,4293.0,10,0,0,0,0.0,0
0.0526,44,0,0.9491,4570.0,13,0,1,0,0.0,0
5.1046,29,0,0.1689,4758.0,7,0,3,0,0.0,0
0.1122,50,0,0.1511,3833.0,6,0,3,0,2.0,0
0.3927,68,0,0.1598,3463.0,5,0,0,0,1.0,0
0.1508,52,0,0.3767,10239.0,6,0,1,0,1.0,0
1.6465,39,0,1.0929,10803.0,6,0,1,1,0.0,0
0.4267,91,0,0.4225,,6,0,3,0,2.0,0
0.1643,52,0,0.438,2785.0,10,0,1,0,0.0,0
1.9467,40,0,0.4163,11760.0,12,0,2,0,2.0,0
3.4403,82,0,0.4963,4535.0,7,0,1,0,0.0,1
0.2236,28,0,0.6072,6361.0,7,0,1,0,0.0,0
0.0372,39,0,0.2122,5558.0,12,0,2,0,0.0,0
0.0703,66,0,0.2231,,5,0,0,0,1.0,0
0.3187,39,0,1.055,2752.0,11,0,1,0,0.0,0
0.3135,62,0,0.4524,9092.0,3,0,0,0,1.0,0
0.0339,64,0,0.5262,7148.0,5,0,1,0,0.0,0
0.063,81,0,0.9806,3752.0,10,0,0,0,0.0,0
0.3715,67,0,0.0733,6087.0,7,0,0,0,1.0,0
0.4181,46,0,0.2882,,8,0,3,0,1.0,0
0.1972,42,0,0.4601,10879.0,4,0,3,0,1.0,0
0.3796,37,0,0.462,6699.0,13,0,0,0,1.0,0
0.4418,36,0,0.4893,6723.0,8,0,2,0,1.0,0
0.0576,58,0,0.6123,16018.0,7,0,2,0,1.0,0
0.5688,27,0,0.2288,,20,0,0,0,0.0,0
7.0174,54,0,0.6027,9778.0,8,0,0,0,0.0,0
0.1194,25,0,0.687,10517.0,6,0,1,0,2.0,0
0.1452,56,0,0.046,5340.0,5,0,0,0,1.0,0
0.4256,44,0,0.5701,2050.0,12,0,1,0,0.0,0
0.0923,61,0,0.4369,,10,0,2,0,0.0,0
0.849,21,0,0.2039,4260.0,9,0,1,0,0.0,0
0.7996,65,0,0.3688,9393.0,6,0,0,0,0.0,0
0.1086,52,0,0.3993,6206.0,11,0,0,0,2.0,0
0.9091,45,0,0.2313,6574.0,8,0,2,0,1.0,0
0.1317,59,0,0.5363,9479.0,9,0,1,0,0.0,0
4.7757,58,0,0.6143,6763.0,6,0,1,0,1.0,0
0.0701,33,0,0.3102,4089.0,8,0,0,0,2.0,0
0.2581,54,0,0.2619,3879.0,5,0,3,0,0.0,0
4.9801,62,0,0.7215,10250.0,6,0,1,0,,0
0.5162,30,0,0.4558,,10,0,3,0,0.0,0
0.5577,55,0,1.2976,,10,0,2,0,1.0,0
0.6244,69,0,0.4218,,12,0,1,0,0.0,0
0.635,54,0,0.6905,3195.0,8,0,1,0,3.0,0
0.5549,45,0,0.1353,7244.0,8,0,1,0,1.0,0
0.2732,33,0,0.1829,,8,0,0,0,1.0,0
0.0242,37,0,0.5573,5670.0,11,0,1,0,,0
2.4337,46,0,0.4154,4791.0,5,0,2,0,0.0,0
0.5411,63,0,0.2803,1728.0,6,0,1,0,0.0,0
0.9427,60,0,0.4196,12097.0,12,0,0,0,0.0,0
5.7688,46,0,0.4609,3517.0,9,0,3,0,0.0,1
0.0626,40,0,0.232,7030.0,7,0,2,0,1.0,0
0.2277,43,0,0.7513,4654.0,8,0,1,0,1.0,0
1.5491,68,0,0.3019,8137.0,8,0,0,0,0.0,0
0.201,31,0,0.1952,14096.0,7,0,2,0,2.0,1
0.5902,52,0,0.3325,,9,0,0,0,1.0,0
0.2273,44,0,0.404,7331.0,5,0,0,0,1.0,1
0.0579,61,0,0.7601,5869.0,5,0,1,0,1.0,0
0.0456,49,0,0.6728,5952.0,10,0,1,0,0.0,0
3.2359,34,0,0.7082,9644.0,9,0,2,0,4.0,0
0.3233,74,0,0.9859,2375.0,12,0,0,0,1.0,0
0.3948,54,0,0.1473,,13,0,0,0,0.0,0
0.3109,54,0,0.725,6140.0,10,0,0,0,1.0,0
1.6252,32,0,0.5182,6245.0,5,0,0,0,0.0,0
0.0464,47,0,0.8993,5683.0,7,0,1,0,2.0,0
2.4002,41,0,0.7483,4718.0,9,0,2,0,3.0,0
0.1101,50,0,0.6036,,9,0,0,0,0.0,0
0.0552,25,0,0.4836,,6,0,0,0,0.0,0
0.7988,53,0,0.6642,6551.0,4,0,1,0,1.0,0
0.4579,63,0,0.7375,4474.0,7,0,1,0,0.0,0
0.1683,44,0,0.2508,8390.0,11,0,0,0,0.0,0
0.2547,55,0,0.3561,7386.0,5,0,1,0,1.0,0
0.4172,37,3,0.2537,,8,0,0,0,2.0,0
0.3775,75,0,0.7674,4358.0,8,0,0,0,0.0,0
3.0446,37,3,0.4292,4559.0,10,0,2,1,,0
5.443,49,0,0.3481,7153.0,9,0,0,0,1.0,0
0.7664,40,0,0.4411,2053.0,9,0,1,0,1.0,0
0.1276,38,0,0.1428,9832.0,10,0,0,0,2.0,0
0.229,74,0,0.5253,30618.0,10,0,0,0,1.0,0
1.3443,72,0,0.9628,2253.0,10,0,1,0,2.0,0
0.6443,44,0,0.7777,5839.0,4,0,4,0,0.0,0
0.4318,95,0,0.1067,10738.0,11,0,0,0,0.0,0
0.0044,67,0,0.4101,2596.0,5,0,1,0,0.0,0
2.6781,66,0,0.8557,6326.0,14,0,2,0,2.0,0
0.2846,52,0,0.3427,11544.0,9,0,1,0,1.0,0
0.782,68,0,0.2334,4353.0,6,0,2,0,1.0,0
0.6872,53,0,0.6782,,5,0,3,0,1.0,0
2.8468,38,3,0.475,10302.0,15,0,0,0,0.0,0
0.6304,51,0,0.3287,7243.0,11,0,2,0,1.0,0
0.0064,46,0,0.1849,,4,0,2,0,0.0,0
0.4107,34,0,0.7217,,2,0,0,0,1.0,0
0.2258,66,2,0.2326,6979.0,8,0,0,1,1.0,0
0.0789,54,0,0.7839,3641.0,7,0,2,0,1.0,0
0.9113,51,0,0.9027,2448.0,6,0,2,0,1.0,0
0.478,76,0,0.2012,,4,0,1,0,0.0,0
0.2999,54,0,0.5831,2761.0,8,0,1,0,0.0,0
0.043,69,0,0.4549,1120.0,7,0,1,0,0.0,0
0.0358,37,0,0.3383,,7,0,1,0,0.0,0
0.0406,41,0,0.512,6049.0,8,0,0,0,0.0,0
0.6556,52,0,0.9348,10697.0,4,0,0,0,0.0,0
0.8981,53,0,0.1696,5222.0,4,0,1,0,1.0,0
3.1501,56,0,0.2706,4103.0,7,0,0,0,2.0,0
0.6055,66,0,0.1913,3002.0,8,0,0,0,3.0,0
0.6059,95,0,0.6106,7933.0,8,0,0,0,0.0,0
0.5508,29,0,0.2255,,7,0,1,0,0.0,1
0.7919,43,0,0.7033,11054.0,7,0,1,0,0.0,0
0.2725,58,0,0.0604,5066.0,9,0,1,0,2.0,0
0.9617,79,0,0.1958,8024.0,8,0,0,0,0.0,0
0.6779,49,0,0.8363,2247.0,6,0,2,0,0.0,1
1.2402,52,0,0.2838,4692.0,8,0,1,0,0.0,0
0.5507,46,0,1.0288,3080.0,3,0,1,0,0.0,0
1.1421,59,0,0.2645,,8,0,1,0,0.0,0
0.6988,52,0,0.3781,5195.0,12,0,1,0,2.0,0
2.2916,63,0,0.2317,8081.0,10,0,0,0,1.0,0
0.4141,69,0,0.8307,,9,0,4,0,0.0,0
1.5764,47,0,0.5651,5446.0,7,0,1,0,0.0,0
0.6092,65,0,0.6261,,7,0,1,0,3.0,1
1.9978,41,0,0.46,6856.0,7,0,1,0,0.0,0
0.0641,55,0,0.0353,6157.0,10,0,1,0,1.0,0
0.2024,43,0,0.3631,,9,0,0,0,1.0,0
0.0644,29,0,0.1598,5981.0,5,0,1,0,1.0,0
2.475,65,0,0.8088,5235.0,6,0,0,0,1.0,0
0.7148,38,0,0.3105,3360.0,13,0,0,0,3.0,0
0.1221,42,0,1.0358,12907.0,7,0,0,0,1.0,0
0.5803,47,0,0.4573,,3,0,1,0,0.0,1
0.446,79,0,0.19,6724.0,3,0,1,0,2.0,0
1.7818,75,0,0.5171,9918.0,5,0,0,0,0.0,0
3.4113,28,0,1.1073,8418.0,9,0,0,0,2.0,0
0.6201,35,0,0.3244,,8,0,0,0,0.0,0
0.6592,78,0,0.4386,13730.0,6,0,2,0,2.0,0
0.2495,83,0,0.668,,7,0,1,0,0.0,0
0.6094,59,0,0.5969,,16,0,2,0,1.0,0
0.2047,54,0,0.2558,8769.0,9,0,0,2,,0
6.4669,51,0,0.107,2331.0,7,0,3,0,1.0,0
0.0641,49,0,0.5944,,9,0,2,0,2.0,0
0.1621,35,0,0.4417,3809.0,8,0,2,0,0.0,0
0.1424,64,0,0.5888,9375.0,9,0,1,0,2.0,0
0.3871,39,0,0.2928,,13,0,0,0,1.0,0
1.0685,61,0,0.7894,8966.0,10,0,1,0,1.0,0
4.6667,52,0,0.3788,5770.0,14,0,1,0,1.0,0
0.4694,67,0,0.5775,2579.0,10,0,0,0,1.0,1
0.2805,42,0,0.3775,6965.0,5,0,1,0,1.0,0
0.3158,34,0,0.6716,,8,0,1,0,1.0,0
0.8462,38,0,1.1146,2867.0,9,0,0,0,1.0,1
3.4855,52,1,0.3076,3883.0,9,0,0,0,0.0,0
0.835,50,1,0.5644,,7,0,3,1,0.0,0
3.4962,34,0,0.5084,2975.0,10,0,2,0,0.0,1
7.8014,45,0,0.1542,3184.0,7,0,1,0,1.0,0
0.7665,53,0,0.5598,13941.0,5,0,1,0,1.0,0
0.6835,62,0,0.47,3597.0,8,0,1,0,0.0,0
0.4883,52,0,0.2073,14139.0,7,0,2,0,0.0,0
0.4983,62,0,0.6057,,15,0,2,0,0.0,0
0.6554,53,0,0.2785,,7,0,1,0,0.0,0
0.7882,53,0,0.2111,2204.0,9,0,0,0,1.0,0
0.1051,59,0,0.0703,3813.0,6,0,2,0,0.0,0
0.5843,35,0,0.5632,16735.0,10,0,1,0,1.0,0
0.1942,78,0,0.5966,5639.0,7,0,1,0,1.0,0
0.746,53,0,0.6751,,6,0,1,0,1.0,1
1.349,51,0,0.313,1925.0,3,0,3,0,2.0,0
4.0803,55,0,0.3316,3283.0,4,0,2,0,0.0,0
0.2841,68,0,0.9334,5964.0,6,0,2,0,2.0,0
0.3168,58,0,0.9717,4595.0,7,0,0,0,1.0,0
0.0837,61,0,0.2556,,10,0,0,0,0.0,0
0.2097,53,0,0.3949,7151.0,8,0,2,0,2.0,0
0.0937,37,0,0.4864,11396.0,6,0,1,0,1.0,0
0.581,21,0,0.1673,4850.0,8,0,1,0,,0
0.9519,64,0,0.3007,3072.0,10,0,0,0,1.0,0
0.8582,66,0,0.1991,2669.0,7,0,0,0,1.0,0
0.6214,35,0,0.2581,11026.0,7,0,1,0,0.0,0
0.1854,34,0,0.4946,3638.0,6,0,0,0,1.0,0
0.4991,36,0,0.6368,18579.0,6,0,0,0,3.0,0
0.1882,43,0,0.2979,5541.0,4,0,0,0,1.0,0
2.1479,39,0,0.7432,,6,0,1,0,0.0,0
1.2739,53,0,0.5987,1595.0,9,1,0,0,,0
0.1368,54,0,0.6503,5162.0,2,0,1,0,1.0,0
0.751,52,0,0.5431,8606.0,7,0,0,0,0.0,0
0.0777,44,0,0.1784,6557.0,5,0,3,0,1.0,0
0.0136,38,0,0.8089,3374.0,9,0,3,0,1.0,0
1.6361,30,0,0.2531,2127.0,5,0,2,0,1.0,0
0.0412,43,0,0.531,10787.0,5,0,2,0,0.0,0
0.3814,60,1,0.8616,7170.0,12,0,1,0,1.0,0
3.6918,28,1,0.2651,3541.0,14,0,1,0,1.0,0
0.6065,50,0,0.0889,8293.0,9,0,2,0,1.0,0
0.3474,36,0,0.0664,4370.0,11,0,0,0,0.0,0
0.1687,33,0,0.5186,10403.0,9,0,0,0,0.0,0
0.3616,64,0,0.3326,,8,0,1,0,1.0,0
6.5326,68,0,0.4647,,11,0,0,0,1.0,0
0.3544,58,0,0.3665,2036.0,3,0,1,0,0.0,0
0.2219,34,0,0.754,,4,0,1,0,1.0,0
0.1783,63,0,0.4924,1145.0,5,0,1,0,0.0,0
4.1053,61,0,0.6021,9891.0,13,0,1,0,0.0,0
0.4635,79,0,0.3883,4006.0,13,0,1,0,,0
0.3746,43,0,0.7239,4437.0,3,0,0,0,0.0,0
0.7934,56,0,0.8708,1595.0,12,0,0,0,1.0,0
0.3844,39,0,0.1706,5430.0,3,0,0,0,1.0,0
0.0373,24,1,0.5271,5567.0,9,1,0,0,2.0,0
0.3545,25,0,0.1723,6816.0,6,0,0,0,1.0,0
0.0612,52,0,0.5185,,9,0,0,0,2.0,0
0.7259,41,0,0.1027,2011.0,9,0,1,0,0.0,0
0.1182,58,0,0.8082,6714.0,8,0,2,0,1.0,0
0.2714,60,0,0.5663,4730.0,8,0,2,0,0.0,0
0.1763,51,0,0.607,2835.0,7,0,0,0,0.0,0
0.1601,29,0,0.4995,14303.0,6,0,1,0,1.0,0
0.4836,37,1,0.453,7844.0,14,2,0,1,1.0,0
2.5209,54,0,1.0459,,4,0,1,0,1.0,0
1.2946,56,0,0.2763,10731.0,7,0,0,0,0.0,0
0.105,56,0,0.2707,,6,0,2,0,1.0,0
0.9384,63,0,1.0943,3905.0,8,0,2,0,1.0,0
0.6816,48,0,0.333,,9,0,0,0,2.0,0
0.044,54,0,0.6321,9392.0,10,0,1,0,1.0,0
0.1002,59,2,0.656,4344.0,9,0,0,0,1.0,0
0.3976,65,0,0.8311,5941.0,5,0,1,0,0.0,0
0.1718,51,0,0.7038,7638.0,10,0,1,0,0.0,0
0.0329,50,0,0.4759,4376.0,11,0,0,0,0.0,0
2.1194,55,0,0.544,6135.0,4,0,1,0,0.0,0
0.4729,52,0,1.1108,,4,0,0,0,0.0,0
0.3379,47,0,0.0292,9627.0,11,0,2,0,1.0,0
6.1995,42,4,1.0403,,7,0,0,0,0.0,0
0.3217,27,0,0.3393,2237.0,11,0,0,0,1.0,0
0.2347,59,0,0.5552,4019.0,8,0,2,0,1.0,0
0.1099,58,0,0.1066,4080.0,8,0,0,0,2.0,0
0.0979,55,0,0.1877,4659.0,9,0,0,0,0.0,0
0.0692,57,0,0.3853,18966.0,11,0,1,0,0.0,0
0.19,49,0,0.3693,10639.0,9,0,1,0,1.0,0
0.0786,77,0,0.7073,1975.0,16,0,1,0,1.0,0
0.5149,64,0,0.4064,6873.0,5,0,0,0,1.0,0
1.1525,78,0,0.5845,2531.0,5,0,2,0,1.0,1
0.4418,42,0,0.5729,9162.0,6,0,1,0,,0
2.955,50,0,0.3907,2471.0,4,0,0,0,2.0,0
0.2348,50,0,0.5826,9430.0,11,0,1,0,0.0,0
0.5112,71,0,0.0294,10083.0,6,0,1,0,3.0,0
0.1603,22,0,0.3214,4079.0,9,0,0,0,1.0,0
0.2106,60,0,0.4747,7693.0,8,0,4,0,1.0,0
0.1896,54,0,0.7463,13548.0,6,0,0,0,1.0,0
0.919,67,0,0.2782,,6,0,0,0,1.0,0
0.0185,44,0,0.1836,,3,0,2,0,0.0,0
0.7825,28,0,0.9006,4781.0,8,0,1,0,2.0,1
0.1792,79,0,0.6748,,4,0,0,0,0.0,0
0.2612,52,0,0.6497,1479.0,8,0,1,0,1.0,0
0.1524,65,0,0.5869,2862.0,8,0,2,0,1.0,0
0.1717,48,0,0.4353,23233.0,4,0,1,0,2.0,0
0.723,68,0,0.3061,1940.0,11,0,2,0,1.0,0
0.4714,63,0,0.0958,7270.0,9,0,0,0,1.0,0
0.4395,69,0,0.2061,5224.0,14,0,1,0,1.0,0
0.4804,47,0,0.6834,2768.0,8,0,0,0,0.0,0
0.1791,71,0,0.3046,2293.0,8,0,2,0,1.0,0
0.8973,59,0,0.8577,3754.0,8,0,0,0,1.0,1
0.2973,27,0,0.5833,7181.0,8,0,2,0,2.0,0
0.0695,71,0,0.27,7237.0,10,0,1,0,0.0,0
0.5302,60,0,0.8174,,5,0,0,0,2.0,0
0.2569,48,0,0.3769,4515.0,10,0,2,0,2.0,0
3.0094,50,0,0.1515,8033.0,7,0,1,0,0.0,0
0.4964,38,0,0.4731,2698.0,8,0,0,0,0.0,1
0.0485,54,0,0.3983,10500.0,15,0,2,0,1.0,0
0.4348,60,0,0.3459,6505.0,7,0,1,0,1.0,0
0.5745,54,0,0.4038,,6,0,1,0,0.0,0
0.179,55,0,0.1389,6187.0,12,0,2,0,1.0,0
0.452,44,0,0.8264,4863.0,10,0,2,0,0.0,0
0.2672,39,0,0.5762,1099.0,10,0,2,0,1.0,0
1.0659,53,0,0.3257,4413.0,7,0,2,0,0.0,0
0.0526,56,0,0.4519,5335.0,13,0,0,0,0.0,0
0.1813,46,0,0.4052,4451.0,6,0,3,0,1.0,0
0.2024,59,0,0.2766,3047.0,10,0,1,0,0.0,0
0.2392,64,0,0.5583,11593.0,4,0,2,0,1.0,0
0.0703,66,0,0.5972,7491.0,6,0,1,0,,0
0.2598,45,0,0.5698,,5,0,0,0,1.0,0
0.0319,29,0,0.2149,,9,0,1,0,0.0,0
0.4296,58,0,0.3914,10513.0,7,0,1,2,1.0,0
0.627,48,2,0.6226,3875.0,7,0,1,0,0.0,0
0.2063,52,0,0.8221,6551.0,11,0,1,0,0.0,0
0.2817,45,0,0.9142,3466.0,14,0,0,0,1.0,0
0.876,75,0,0.3562,5339.0,9,0,2,0,0.0,0
0.1547,46,0,0.6024,,7,0,2,0,0.0,0
3.0227,78,1,0.6269,,9,0,0,0,2.0,0
0.3969,63,0,0.1613,1622.0,8,0,0,0,0.0,0
0.0556,67,0,0.5013,20389.0,10,0,0,0,0.0,0
0.166,50,0,0.6196,4902.0,6,0,1,0,1.0,0
1.8896,40,0,0.8407,4982.0,10,0,1,0,0.0,0
0.8436,62,0,0.6554,10484.0,13,0,3,0,0.0,0
0.4795,57,0,0.7384,5318.0,6,0,1,0,0.0,0
1.4901,45,0,0.6939,9746.0,7,0,1,0,0.0,0
0.01,62,0,0.8225,7009.0,10,0,2,0,1.0,0
0.1497,60,0,0.5243,14111.0,7,0,1,0,1.0,0
0.4453,28,0,0.7005,,3,0,0,0,1.0,1
0.7476,61,0,0.056,19846.0,12,0,2,0,0.0,0
0.0906,66,0,0.4637,1572.0,9,0,2,0,0.0,0
0.2642,31,0,0.0912,3872.0,7,0,0,0,1.0,0
1.2481,79,0,0.8955,4560.0,10,0,1,0,0.0,0
0.2349,72,0,0.9437,9179.0,5,0,0,0,0.0,0
0.3078,28,0,0.5932,8492.0,4,0,1,0,0.0,0
0.8443,47,0,0.6416,4109.0,13,0,0,0,2.0,1
1.2659,40,0,0.6149,,11,0,1,0,0.0,0
0.5429,35,0,0.8297,,6,0,2,0,1.0,0
0.4489,56,0,0.7729,4489.0,6,0,0,0,3.0,0
0.1308,54,0,0.1687,,12,0,1,0,1.0,0
1.9025,39,1,0.836,7348.0,13,0,1,0,,0
0.2661,41,0,0.3902,8854.0,8,0,2,0,3.0,0
0.4903,52,0,0.272,1658.0,10,0,2,0,2.0,1
0.6041,58,0,0.2663,6182.0,9,0,1,0,0.0,0
0.3494,40,0,0.4543,7428.0,13,0,2,0,0.0,0
0.0976,53,0,1.2595,6906.0,7,0,0,0,1.0,0
0.192,60,0,0.3776,5807.0,10,0,1,0,0.0,1
1.6121,65,0,0.5725,10227.0,12,0,1,0,1.0,0
0.3202,56,0,0.6115,1759.0,6,0,0,0,0.0,0
0.2344,54,0,0.7023,14506.0,9,0,0,0,0.0,0
0.2891,49,0,0.0524,,13,0,1,0,1.0,0
0.4314,46,0,0.2797,,8,0,2,0,2.0,0
0.3785,55,0,0.7994,7271.0,9,0,1,0,0.0,0
1.0243,53,0,0.9497,13233.0,9,0,0,0,0.0,0
0.2254,58,0,0.5822,6193.0,12,0,1,0,1.0,0
0.7132,41,0,0.4453,1704.0,14,0,0,0,2.0,0
0.1002,61,0,0.3047,5585.0,5,0,0,0,2.0,1
0.8872,31,0,0.5301,3852.0,10,0,1,0,0.0,0
0.7891,62,0,0.2077,3226.0,8,0,2,0,0.0,1
1.1298,49,0,0.2885,4245.0,6,0,2,0,0.0,0
0.6265,36,0,0.513,3300.0,7,0,0,0,1.0,0
0.4474,36,0,0.8431,3880.0,8,0,0,0,3.0,0
0.5812,60,0,0.3191,12279.0,4,0,0,0,2.0,0
0.1115,54,0,0.0757,3121.0,7,0,0,0,1.0,0
0.5557,55,0,0.4696,6631.0,4,0,1,0,0.0,0
0.2745,49,0,0.2539,,8,0,1,0,1.0,0
0.5929,46,0,0.1791,4363.0,11,0,2,0,2.0,0
0.662,54,0,0.3772,1864.0,6,0,1,0,0.0,0
0.5288,52,0,0.296,5645.0,8,0,1,0,0.0,0
0.2497,41,0,0.4779,7775.0,10,0,3,0,1.0,0
0.9156,29,0,0.1817,10497.0,5,0,0,0,0.0,1
0.7659,42,0,0.1963,2099.0,7,0,2,0,0.0,0
0.6233,54,0,0.3698,5236.0,11,0,1,0,1.0,0
0.8069,64,0,0.1552,3762.0,6,0,1,0,1.0,0
0.4453,24,0,0.4083,,6,0,0,0,0.0,0
0.2343,45,0,0.2912,2235.0,8,0,2,0,1.0,0
0.3521,55,0,0.3873,5962.0,9,0,2,0,0.0,0
0.3354,54,0,0.7151,,9,0,0,0,3.0,0
5.2966,53,0,0.2933,6119.0,11,0,1,0,1.0,0
2.8873,45,0,0.8525,2873.0,10,0,1,0,0.0,0
0.2667,41,0,0.5393,1769.0,8,0,1,0,1.0,0
0.5789,58,0,0.3805,2437.0,7,0,2,0,1.0,0
3.0573,55,0,0.7726,23331.0,10,0,4,0,0.0,0
0.2726,51,0,0.48,,6,0,1,0,0.0,0
0.3286,80,0,0.5668,11085.0,9,0,1,0,1.0,0
0.2334,69,0,0.6173,8960.0,10,0,1,0,1.0,0
0.4414,59,0,0.5019,7658.0,6,0,0,0,0.0,0
0.1573,65,0,0.254,5383.0,7,0,3,0,1.0,0
3.1718,61,0,0.2542,8465.0,10,0,1,0,1.0,0
0.4893,48,0,0.402,11914.0,9,0,1,0,0.0,0
0.1139,36,0,0.2354,4167.0,11,0,0,0,0.0,0
0.0981,65,0,0.4389,8891.0,5,0,1,0,0.0,0
0.2671,52,0,0.5686,7724.0,2,0,0,0,0.0,0
0.2457,65,0,1.0772,2866.0,4,0,1,0,0.0,0
0.2693,63,0,0.4167,20382.0,10,0,0,0,1.0,0
0.5616,31,0,0.0901,,5,0,1,0,0.0,0
0.4094,61,0,0.4044,4426.0,6,0,0,0,1.0,0
0.3265,76,0,0.1916,12157.0,5,0,0,0,1.0,0
0.5422,50,0,0.8041,5891.0,6,0,0,0,1.0,0
1.8364,57,0,0.4581,3386.0,12,0,3,0,1.0,0
0.0712,67,0,0.8407,8829.0,9,0,0,0,0.0,0
0.1831,32,0,1.1645,,9,0,1,0,2.0,0
2.4663,24,0,0.1162,,11,0,0,0,0.0,0
0.0051,50,0,1.0926,2760.0,5,0,1,0,0.0,0
0.9976,30,0,0.1831,,4,0,1,0,0.0,0
0.6419,71,0,1.093,3773.0,6,0,1,0,0.0,1
0.5332,64,0,0.6907,,8,0,1,0,1.0,0
0.1365,70,0,0.1609,6432.0,8,0,1,0,1.0,0
0.191,51,0,1.3025,4643.0,6,0,1,0,1.0,0
0.1681,68,0,0.1872,,10,0,1,0,1.0,0
0.3103,53,0,0.4371,4097.0,13,0,1,0,0.0,0
0.6351,58,0,0.3879,8168.0,8,0,2,0,0.0,0
1.8603,82,0,0.301,3122.0,5,0,2,0,0.0,0
1.2797,34,0,0.3105,2897.0,5,0,1,0,1.0,0
0.3054,76,0,0.6689,9190.0,6,0,0,0,1.0,0
0.1345,26,0,0.8148,2884.0,6,0,1,0,0.0,0
0.7758,52,0,0.7236,3709.0,5,0,2,0,2.0,0
1.6675,60,0,0.1415,5008.0,13,0,1,0,0.0,0
0.9015,45,0,0.099,7929.0,10,0,1,0,0.0,1
0.6392,56,0,1.2343,10996.0,8,0,2,0,0.0,0
0.5375,57,0,0.6842,,10,0,1,0,1.0,0
2.322,61,0,0.9186,3452.0,5,0,1,0,0.0,0
1.9545,49,2,0.6288,3614.0,9,1,0,0,1.0,0
0.7084,43,0,0.7017,3057.0,3,0,3,0,0.0,0
0.3372,55,0,0.6195,4035.0,7,0,0,0,2.0,0
0.2043,48,0,0.0884,8745.0,3,0,0,0,0.0,0
0.4888,52,0,0.0807,,7,0,1,0,0.0,0
0.2262,48,0,0.9574,2407.0,9,0,0,0,3.0,0
0.2976,55,0,0.9186,6034.0,6,0,2,0,1.0,0
0.8802,44,0,0.4106,8132.0,8,0,0,0,0.0,0
0.24,45,0,0.6055,2217.0,13,0,3,0,2.0,0
0.4843,36,0,0.9767,5420.0,7,0,0,0,0.0,0
0.2975,54,0,0.4927,3856.0,8,0,0,0,0.0,0
0.5791,39,0,0.2489,,4,0,0,0,1.0,0
0.8169,56,0,0.6046,3358.0,4,0,1,0,2.0,0
0.0635,66,0,0.2438,5237.0,8,0,1,0,0.0,0
0.5048,74,0,0.4709,2150.0,9,0,1,0,0.0,0
0.0294,50,0,0.5432,4056.0,8,0,1,0,1.0,0
0.5995,91,0,0.0759,2283.0,6,0,1,0,1.0,1
0.3206,61,0,0.4153,4955.0,5,0,2,0,0.0,0
0.0392,54,0,0.8656,4390.0,6,0,0,0,2.0,0
1.6013,79,3,0.4949,9606.0,5,0,2,0,0.0,0
0.1724,40,0,0.5357,4679.0,11,0,2,0,0.0,0
0.1269,52,0,0.2942,4500.0,6,0,0,0,0.0,0
0.2914,48,0,0.3612,,10,0,2,0,1.0,0
0.0514,34,0,0.2451,9905.0,13,0,2,0,0.0,0
0.2699,66,0,0.5086,9794.0,7,0,2,0,1.0,0
1.7533,56,0,0.617,8886.0,12,0,4,0,0.0,0
0.0649,61,0,0.372,10928.0,7,0,1,0,0.0,0
0.0704,61,0,0.5976,26253.0,10,0,0,0,1.0,0
4.269,28,0,0.9263,11192.0,5,0,1,0,2.0,0
0.6297,69,0,0.5491,,10,0,1,0,3.0,0
0.7951,42,0,0.2168,,17,0,0,0,3.0,0
0.6605,66,0,0.1581,10617.0,12,0,1,0,0.0,0
0.2374,35,0,0.1694,7492.0,7,0,0,0,1.0,0
3.0795,57,0,0.3071,32800.0,10,0,2,0,2.0,0
0.7067,43,0,0.3898,6521.0,9,0,1,0,5.0,0
0.0588,55,2,0.4085,9872.0,10,0,0,0,1.0,0
0.1289,50,0,0.1095,1447.0,11,0,2,0,0.0,0
0.2066,56,0,0.993,,9,0,0,0,0.0,0
1.0479,49,2,0.7979,15414.0,9,0,1,2,1.0,0
0.2096,45,0,0.771,,11,0,0,0,2.0,0
0.4217,70,0,0.7124,5148.0,7,0,0,0,0.0,1
0.9143,70,1,0.4415,11530.0,5,0,1,0,3.0,0
0.6628,79,1,0.8368,,9,2,1,0,0.0,0
0.1052,53,0,0.2231,8095.0,10,0,1,0,2.0,0
0.5836,51,0,0.5155,6857.0,5,0,3,0,0.0,0
0.2598,54,0,0.1597,5149.0,9,0,1,0,1.0,0
0.2219,43,0,0.3085,6164.0,12,0,0,0,0.0,1
0.6561,35,0,0.4261,5915.0,11,0,2,0,2.0,0
0.1104,45,0,0.424,5372.0,5,0,1,0,0.0,0
0.5647,42,0,0.5532,8174.0,10,0,1,0,1.0,0
5.4714,60,0,0.354,7030.0,9,0,1,0,3.0,0
0.3104,64,0,0.1879,9211.0,6,0,5,0,1.0,0
0.4229,25,0,0.9376,2761.0,9,0,1,0,1.0,1
0.3381,42,0,0.2649,11742.0,11,0,1,0,0.0,0
0.5064,58,0,0.4333,4302.0,6,0,1,0,1.0,1
0.9029,55,0,0.5167,11462.0,14,0,0,0,1.0,0
0.585,50,0,0.3955,3207.0,5,0,0,0,1.0,0
0.601,49,0,0.3873,5815.0,10,0,2,0,1.0,0
0.8315,57,0,0.5655,6276.0,7,0,1,0,0.0,0
3.788,58,0,0.276,14744.0,9,0,0,0,1.0,0
0.1985,34,0,0.543,5032.0,7,0,1,0,1.0,0
0.1049,28,0,0.8574,14471.0,7,0,0,0,0.0,0
1.0007,51,0,0.268,3183.0,9,0,1,0,1.0,0
0.1461,63,0,0.2174,2163.0,9,0,2,0,2.0,0
0.4733,46,0,0.4258,9789.0,11,0,1,0,2.0,0
0.0595,83,0,0.6231,16233.0,5,0,1,0,1.0,0
0.1112,64,0,0.8072,8455.0,4,0,0,0,4.0,0
0.6396,46,0,0.3716,3381.0,9,0,2,0,0.0,0
0.2905,28,0,0.2304,5248.0,9,0,0,0,1.0,0
0.0811,63,0,0.6615,,10,0,2,0,0.0,0
3.9274,41,0,0.4398,2278.0,8,0,2,0,1.0,0
0.433,45,0,0.426,6093.0,9,0,1,0,0.0,0
4.1538,42,0,0.527,4411.0,13,0,3,0,1.0,0
0.4849,35,0,0.3416,2336.0,5,0,2,0,2.0,0
0.1891,45,0,0.494,1699.0,6,0,1,0,0.0,0
2.8136,45,0,0.9716,4855.0,8,0,1,0,0.0,0
0.3194,41,0,0.7936,1945.0,17,0,1,0,1.0,0
0.4743,43,0,0.2183,,9,0,2,0,0.0,0
0.6408,77,2,0.3864,10256.0,9,0,4,1,0.0,0
1.8809,62,1,0.0236,2749.0,8,0,0,0,0.0,0
5.517,50,0,0.2972,,6,0,5,0,3.0,0
0.7256,28,0,0.7403,6275.0,8,0,0,0,0.0,0
1.0136,60,0,0.0662,3272.0,9,0,2,0,0.0,0
0.4729,78,0,0.6885,2676.0,8,0,0,0,0.0,1
0.6398,76,0,0.6357,6867.0,8,0,0,0,0.0,0
0.5123,50,0,0.1306,2542.0,5,0,1,0,1.0,0
3.3117,57,0,0.4615,5907.0,7,0,0,0,1.0,0
0.2762,37,0,0.6399,9411.0,8,0,1,0,0.0,0
2.0872,56,0,0.3889,6351.0,14,0,1,0,2.0,0
0.6475,62,0,1.2985,5604.0,8,0,0,0,1.0,0
0.4129,59,0,0.9252,5121.0,5,0,2,0,2.0,0
0.9278,68,4,0.777,12105.0,9,0,0,2,0.0,0
0.7529,61,0,0.4658,3361.0,10,0,0,0,0.0,0
0.0431,29,0,0.5658,5373.0,4,0,2,0,0.0,0
1.077,47,0,0.5755,2449.0,13,0,2,0,0.0,0
1.3011,66,0,0.3145,10094.0,5,0,3,0,2.0,0
1.5782,29,0,0.2256,6845.0,5,0,1,0,2.0,0
0.1377,53,0,0.3651,1472.0,6,0,0,0,0.0,0
0.025,46,0,0.5426,4467.0,7,0,0,0,2.0,0
0.2618,35,0,0.6818,,11,0,0,0,0.0,0
1.3195,65,0,1.0215,,10,0,1,0,1.0,0
0.3771,41,0,0.4383,3943.0,8,0,3,0,1.0,0
0.1488,82,0,0.4756,4370.0,5,0,1,0,0.0,0
0.5412,49,0,0.8701,,11,0,0,0,2.0,0
0.6359,67,0,1.0174,13163.0,8,0,2,0,1.0,0
0.3535,75,0,0.8607,4003.0,6,0,1,0,,0
0.3461,57,0,0.547,7325.0,8,0,2,0,0.0,0
0.0345,53,0,0.8542,2856.0,8,0,3,0,1.0,0
0.2194,63,0,0.513,3867.0,11,0,1,0,2.0,0
0.6425,75,0,0.2237,27981.0,10,0,1,0,1.0,0
0.7464,57,0,0.5757,7222.0,7,0,0,0,1.0,0
0.1727,42,0,0.2643,9853.0,5,0,1,0,0.0,0
0.3256,32,3,0.6099,4477.0,9,1,0,1,1.0,0
0.0721,57,0,0.184,17296.0,14,0,2,0,1.0,0
0.4222,38,0,0.2454,7258.0,6,0,0,0,0.0,0
0.1829,65,0,0.3613,7544.0,7,0,2,0,3.0,0
0.4193,70,0,0.1655,10137.0,8,0,1,0,2.0,0
0.7251,60,0,0.9479,,11,0,0,0,1.0,0
0.2318,51,0,1.2613,,6,0,0,0,1.0,0
0.213,61,0,0.5883,7837.0,6,0,0,0,0.0,0
0.2036,52,0,0.8047,11206.0,7,0,1,0,2.0,0
0.4357,48,0,0.5141,11462.0,3,0,1,0,0.0,0
5.8211,46,0,0.3979,2777.0,3,0,1,0,1.0,0
0.335,54,0,1.2273,,5,0,0,0,0.0,0
0.228,52,0,1.1206,7775.0,14,0,2,0,0.0,0
0.0218,69,0,0.52,9868.0,8,0,2,0,0.0,1
0.2783,60,0,0.4842,5446.0,12,0,2,0,1.0,0
0.0321,33,0,0.2353,,7,0,1,0,,0
0.5388,59,0,0.4614,13443.0,11,0,2,0,1.0,0
0.2976,53,0,0.1576,4598.0,5,0,0,0,0.0,0
0.0442,56,0,0.3865,8127.0,3,0,1,0,0.0,0
0.0078,49,0,0.7813,3109.0,8,0,0,0,0.0,0
0.7587,53,0,0.4542,10810.0,9,0,1,0,1.0,0
0.4753,75,0,0.3866,3649.0,10,0,0,0,1.0,1
0.6798,47,0,0.0975,3723.0,6,0,3,0,0.0,0
0.1231,43,0,0.6726,3132.0,7,0,1,0,0.0,0
0.0623,42,0,0.053,6247.0,6,0,3,0,0.0,0
0.5791,37,0,0.3076,4973.0,8,0,1,0,0.0,0
0.4529,60,0,0.5041,3706.0,2,0,0,0,1.0,0
0.4471,69,0,0.765,7253.0,11,0,0,0,1.0,0
2.1666,44,0,0.6883,5527.0,6,0,0,0,2.0,0
0.4808,59,0,0.6819,5851.0,15,0,2,0,2.0,0
0.2125,67,0,0.7536,7275.0,6,0,0,0,1.0,0
0.296,55,0,0.2547,,12,0,1,0,1.0,0
0.6979,52,0,0.0964,5840.0,11,0,1,0,1.0,0
0.0884,43,0,0.3123,,14,0,1,0,1.0,0
0.1927,61,0,0.5469,5331.0,11,0,1,0,0.0,0
0.1003,49,0,0.1924,,4,0,1,0,1.0,0
0.5704,60,0,0.1785,,8,0,2,0,1.0,0
0.3436,45,0,0.2039,3944.0,11,0,1,0,0.0,0
0.4248,57,0,0.0995,5457.0,11,0,0,0,0.0,0
0.1678,67,0,0.5369,4723.0,6,0,4,0,,0
0.4159,59,0,0.4204,10808.0,12,0,0,0,0.0,0
0.1909,43,0,0.2041,1436.0,9,0,2,0,2.0,0
0.7106,37,0,0.6808,,11,0,0,0,0.0,0
0.0734,53,0,0.2851,6135.0,5,0,0,0,0.0,0
0.4376,71,0,0.6014,,8,0,0,0,0.0,1
0.3695,63,0,0.4192,,8,0,0,0,0.0,0
0.5348,80,0,0.3037,6174.0,12,0,1,0,1.0,0
0.1519,90,0,0.9792,1054.0,10,0,1,0,3.0,0
0.1093,51,0,0.5217,4862.0,7,0,0,0,0.0,0
0.4196,61,0,0.6052,23587.0,7,0,2,0,2.0,1
0.2213,52,0,0.674,1447.0,3,0,0,0,0.0,0
2.862,44,0,0.1182,2365.0,4,0,0,0,1.0,0
0.2896,58,0,0.6476,7115.0,8,0,0,0,0.0,0
1.7415,56,0,0.2533,10459.0,8,0,1,0,0.0,1
0.0263,51,0,0.9297,3092.0,15,0,1,0,1.0,0
0.0398,47,0,0.369,7236.0,5,0,2,0,2.0,0
0.0075,54,0,0.4701,,9,0,2,0,1.0,0
1.4171,47,0,0.2084,2407.0,11,0,2,0,2.0,0
0.0014,50,0,0.7292,6681.0,12,0,2,0,1.0,0
0.0575,37,0,0.6416,4709.0,8,0,1,0,0.0,0
0.165,41,0,0.6766,3178.0,8,0,0,0,1.0,0
0.3885,44,0,0.7898,2369.0,9,0,1,0,2.0,0
1.5364,55,0,1.4147,3242.0,10,0,1,0,1.0,1
0.7147,53,0,0.4574,,5,0,2,0,0.0,0
0.5125,44,0,0.0423,,9,0,0,0,2.0,0
3.0139,45,0,0.1442,4636.0,5,0,0,0,1.0,0
0.3527,55,0,0.9626,5698.0,12,0,0,0,0.0,0
4.205,45,0,1.2822,2981.0,9,0,0,0,1.0,0
0.4095,39,0,1.0136,13704.0,8,0,0,0,1.0,0
0.7801,62,0,0.1178,1479.0,7,0,2,0,1.0,0
8.0725,33,0,0.4974,,6,0,1,0,2.0,1
0.3537,37,0,0.5621,9363.0,7,0,0,0,0.0,0
0.7229,68,0,0.6288,13962.0,6,0,0,0,1.0,0
0.1169,36,0,0.3752,6402.0,8,0,1,0,1.0,0
0.0376,73,0,0.7731,,12,0,2,0,0.0,0
0.1607,36,0,0.4173,6976.0,6,0,1,0,1.0,1
0.3325,39,0,0.1664,9352.0,3,0,0,0,2.0,0
0.5115,37,0,0.5985,8448.0,6,0,1,0,0.0,0
0.4302,34,0,0.7564,5763.0,7,0,0,0,0.0,0
0.4777,72,0,0.5649,,7,0,2,0,1.0,0
1.1231,69,0,0.6207,4696.0,2,0,0,0,1.0,1
0.3722,33,0,0.8219,,9,0,0,0,2.0,0
0.9238,74,0,0.2877,3304.0,6,0,1,0,1.0,0
0.3348,35,0,0.3487,3844.0,6,0,2,0,0.0,0
0.4378,94,0,0.5117,2163.0,9,0,0,0,0.0,0
0.5011,50,0,0.2368,5422.0,7,0,1,0,0.0,0
0.6914,44,0,0.6256,,13,0,2,0,2.0,0
0.6695,59,0,0.6649,5181.0,7,0,2,0,1.0,0
0.7753,40,0,0.1421,9390.0,8,0,1,0,1.0,1
0.0205,32,0,0.4664,21217.0,5,0,1,0,1.0,0
0.0456,46,0,0.647,5702.0,9,0,1,0,0.0,0
0.0797,53,0,0.5523,11232.0,6,0,0,0,1.0,0
0.3526,22,0,0.1241,2979.0,10,0,1,0,0.0,0
0.027,39,0,0.4117,3316.0,11,0,0,0,0.0,0
1.7517,79,2,1.3048,3873.0,8,0,0,1,1.0,0
2.8417,52,0,0.369,9528.0,4,0,0,0,0.0,0
0.5714,21,0,0.0769,4368.0,8,0,0,0,,1
0.3417,52,0,0.5624,6236.0,5,0,0,0,1.0,0
0.6227,57,0,0.4735,3013.0,11,0,1,0,1.0,0
0.0877,52,0,0.1108,,9,0,2,0,0.0,0
0.7981,63,0,0.7276,5460.0,13,0,0,0,0.0,0
0.4997,48,0,0.8493,3512.0,7,0,0,0,,1
0.7249,66,0,0.8343,9724.0,6,0,1,0,1.0,0
0.102,52,0,0.2709,2616.0,7,0,0,0,0.0,0
0.5639,54,0,0.7797,3792.0,9,0,1,0,2.0,0
1.8572,57,0,0.1777,4195.0,8,0,1,0,2.0,0
3.4486,62,0,0.5222,5368.0,8,0,1,0,0.0,0
0.4469,57,0,0.4312,4861.0,8,0,1,0,1.0,0
0.1932,42,0,0.7841,,5,0,2,0,2.0,0
0.3222,74,0,0.8126,,6,0,0,0,0.0,0
0.2718,41,0,0.6396,2706.0,7,0,2,0,0.0,0
0.0461,40,0,0.333,8530.0,12,0,0,0,1.0,0
0.1003,25,3,0.3508,15077.0,6,0,0,0,4.0,0
0.5135,48,0,0.6937,3482.0,6,0,2,0,2.0,0
0.2306,45,0,0.2567,,11,0,0,0,0.0,0
0.6781,53,0,0.1024,9684.0,14,0,0,0,1.0,0
0.3221,40,0,0.0422,3079.0,8,0,3,0,3.0,0
0.2746,75,0,0.8769,8540.0,6,0,2,0,1.0,0
2.4473,44,0,0.5146,2885.0,7,0,2,0,0.0,0
0.8662,44,0,0.6818,11811.0,16,0,0,0,0.0,0
0.2786,51,0,0.3195,2032.0,3,0,0,0,0.0,0
0.1863,57,0,0.3021,3012.0,9,0,1,0,0.0,0
0.0886,69,0,0.2171,4707.0,6,0,1,0,0.0,0
2.3872,59,0,1.1513,4169.0,5,0,1,0,1.0,0
0.5647,59,0,0.1483,,10,0,1,0,0.0,0
0.376,54,0,0.357,5191.0,11,0,0,0,1.0,0
0.5927,41,0,0.4047,6426.0,15,0,1,0,1.0,0
0.625,43,0,0.1209,4887.0,8,0,1,0,2.0,0
0.272,21,0,0.2392,8878.0,5,0,0,0,2.0,0
0.5679,48,0,0.0895,,5,0,1,0,2.0,1
0.7047,61,0,0.3762,8725.0,6,0,0,0,0.0,0
0.3955,48,0,0.9382,25469.0,10,0,0,0,0.0,0
0.5288,58,0,0.3785,,4,0,0,0,3.0,0
0.3215,79,0,0.497,3304.0,13,0,0,0,1.0,0
0.711,53,0,0.455,,7,0,1,0,0.0,0
0.2863,60,0,0.6531,7001.0,9,0,0,0,1.0,0
2.0646,54,0,0.1382,5559.0,4,0,2,0,0.0,0
0.3593,41,0,0.4148,8300.0,8,0,1,0,0.0,0
0.7489,49,0,0.8082,,6,0,0,0,0.0,1
0.0746,37,0,0.7128,4264.0,12,0,2,0,1.0,0
0.7538,64,0,0.8312,,8,0,1,0,1.0,0
0.1581,65,0,0.1088,4555.0,6,0,1,0,0.0,0
0.7261,51,0,0.2485,3422.0,6,0,0,0,0.0,0
0.5612,77,0,0.6236,,4,0,1,0,0.0,1
0.8202,49,0,0.0027,6226.0,10,0,0,0,1.0,0
0.404,64,0,0.1684,8395.0,11,0,1,0,3.0,0
6.5069,49,0,0.312,9070.0,7,0,2,0,2.0,0
0.661,58,0,0.4235,7047.0,8,0,1,0,0.0,0
0.7648,32,0,0.2201,3807.0,8,0,1,0,0.0,0
0.5866,45,0,0.4244,7107.0,5,0,2,0,1.0,0
0.3069,53,0,0.5706,3637.0,9,0,2,0,0.0,0
0.5161,64,0,0.8298,4834.0,5,0,1,0,2.0,1
0.3557,53,0,0.3796,,11,1,0,0,0.0,0
0.0046,71,0,0.3593,6906.0,11,0,2,0,0.0,0
0.4496,47,2,0.5318,2521.0,11,0,0,1,0.0,0
0.6069,39,0,0.3539,4641.0,5,0,0,0,0.0,0
0.7294,78,0,0.1594,5317.0,6,0,0,0,0.0,0
0.1613,31,0,0.5792,1386.0,3,0,2,0,0.0,0
0.6315,42,0,0.3109,3581.0,6,0,2,0,1.0,0
0.309,52,0,0.7247,1336.0,10,0,0,0,0.0,0
0.3178,48,0,0.1179,1655.0,4,0,0,0,0.0,0
0.3208,54,0,0.5637,2251.0,7,0,2,0,1.0,0
0.7105,53,0,0.1703,5157.0,10,0,2,0,0.0,0
1.4466,83,0,0.0782,,7,0,0,0,0.0,0
0.8811,49,0,0.3025,3689.0,11,0,1,0,2.0,0
0.62,57,0,0.1997,5421.0,9,0,3,0,0.0,0
0.1486,53,0,0.2592,7372.0,11,0,0,0,4.0,0
0.1443,21,0,0.7256,2550.0,7,0,1,0,,0
0.326,35,1,0.2278,,9,1,0,1,0.0,0
0.5346,21,0,0.5375,,11,0,2,0,2.0,1
2.0431,36,0,0.6988,,15,0,1,0,,0
0.5927,49,0,0.5948,3874.0,15,0,1,0,0.0,0
0.0993,64,0,0.4435,12923.0,7,0,1,0,1.0,0
0.4046,70,0,0.1813,5088.0,9,0,0,0,2.0,0
4.5649,87,0,0.6235,7146.0,8,0,2,0,0.0,0
0.732,53,0,0.4007,4677.0,12,0,1,0,2.0,0
0.1744,52,0,0.2277,7536.0,7,0,1,0,1.0,0
0.515,31,1,0.1697,1932.0,11,1,0,0,1.0,0
0.2731,38,0,0.8642,2029.0,8,0,1,0,2.0,0
0.2244,63,0,0.6828,7167.0,8,0,0,0,2.0,0
0.1336,79,0,0.6366,4776.0,3,0,0,0,2.0,0
0.4134,71,0,0.9957,,4,0,0,1,0.0,0
0.3034,43,0,0.2343,9558.0,11,0,1,0,1.0,0
0.0273,35,0,0.3327,,6,0,2,0,2.0,0
0.095,26,0,0.4927,1927.0,5,0,2,0,1.0,0
0.3894,50,0,0.4561,17778.0,13,0,1,0,0.0,1
0.1116,79,0,1.0632,9833.0,4,0,1,0,2.0,0
0.0905,44,0,0.6182,1733.0,7,0,0,0,1.0,0
1.1737,43,0,0.4195,13752.0,7,0,0,0,1.0,0
0.0473,48,0,0.3281,5294.0,11,0,0,0,2.0,0
0.4174,48,0,0.2266,5683.0,13,0,1,0,0.0,0
0.9619,53,0,0.3085,,5,0,1,0,0.0,0
2.4302,21,0,0.2279,6708.0,12,0,2,0,3.0,0
0.1313,38,0,0.3789,7945.0,7,0,0,0,3.0,0
0.067,46,0,0.4719,,7,0,1,0,1.0,0
1.4196,55,0,0.8934,7375.0,13,0,0,0,0.0,0
0.4791,43,0,0.2292,16425.0,10,2,0,1,1.0,0
0.8105,54,0,0.2964,,5,0,1,0,2.0,0
0.5871,43,0,0.0925,6147.0,5,0,1,0,3.0,0
0.6166,63,0,0.2139,8718.0,13,0,0,0,1.0,0
0.5388,56,0,0.5849,4982.0,12,0,0,0,1.0,0
0.5041,54,2,0.711,3726.0,2,0,2,0,1.0,0
0.4123,63,0,0.5629,6904.0,3,0,1,0,2.0,0
0.6778,60,0,0.5343,1863.0,8,0,1,0,2.0,0
2.696,44,0,0.2958,5205.0,6,0,0,0,1.0,0
0.3387,40,0,0.1301,14490.0,5,0,2,0,0.0,0
0.4473,70,0,0.4909,16082.0,5,0,0,0,1.0,0
0.0659,79,0,0.8965,15231.0,7,0,2,0,1.0,0
0.1304,68,0,0.3558,3073.0,9,0,0,0,1.0,0
0.3057,68,0,0.2425,,8,0,0,0,3.0,0
0.2807,37,0,0.8024,,11,0,0,0,0.0,0
1.0546,50,2,0.3656,18418.0,6,1,2,1,0.0,0
0.6925,48,1,0.1264,,10,0,0,0,2.0,0
0.1437,47,0,0.6531,12334.0,4,0,0,0,0.0,0
0.7082,41,0,0.5143,6878.0,9,0,1,0,0.0,0
0.867,57,1,0.3792,4657.0,9,0,1,2,0.0,0
0.7843,57,0,0.2705,5669.0,12,0,0,0,2.0,0
0.0753,39,0,0.63,2330.0,6,0,1,0,1.0,0
0.4634,42,0,0.1469,4132.0,10,0,2,0,0.0,0
4.3522,55,0,0.4821,1963.0,5,0,3,0,2.0,0
0.0664,51,0,0.1899,6895.0,6,0,0,0,0.0,0
0.8507,43,0,0.5845,4207.0,12,0,0,0,1.0,1
1.252,49,0,0.6557,4244.0,8,0,0,0,0.0,1
0.2649,34,0,0.3691,7995.0,7,0,0,0,0.0,0
0.8473,61,0,0.023,6224.0,7,0,1,0,0.0,0
0.9839,46,0,0.3822,1542.0,6,0,0,0,2.0,0
1.1507,46,0,0.4526,25535.0,7,0,1,0,0.0,0
0.3072,59,0,0.5951,3666.0,7,0,4,0,1.0,0
0.5568,67,0,0.9917,5861.0,6,0,0,0,0.0,0
0.0101,52,0,0.4432,5861.0,5,0,3,0,1.0,0
0.3995,43,0,0.2344,7453.0,5,0,1,0,,0
0.6443,58,0,0.3922,5269.0,12,0,1,0,1.0,1
0.2883,53,0,0.4789,2599.0,2,0,2,0,1.0,0
0.3726,56,0,0.6145,6791.0,10,0,0,0,0.0,0
0.6176,63,0,0.281,7494.0,9,0,0,0,1.0,0
0.7904,50,0,0.0534,6077.0,6,0,3,1,1.0,0
0.5461,66,0,0.1765,6478.0,11,0,0,0,2.0,0
0.5676,44,1,0.3497,,8,0,0,0,0.0,0
0.6067,42,0,0.3292,2629.0,7,0,2,0,0.0,0
0.4119,65,0,0.1305,,6,0,0,0,3.0,0
0.1626,58,0,0.0961,,7,0,0,0,0.0,0
0.2574,50,0,0.2867,3222.0,8,0,0,0,0.0,0
0.1868,52,0,0.2485,9457.0,4,0,3,0,2.0,0
0.3842,48,0,0.3618,3791.0,15,0,1,0,2.0,0
1.8414,49,0,0.7135,2899.0,12,0,1,0,0.0,0
1.0756,35,0,0.446,2334.0,11,0,1,0,1.0,0
3.7145,41,0,0.8626,5762.0,4,0,2,0,1.0,0
0.2717,50,0,0.12,6344.0,2,0,0,0,2.0,0
0.5589,30,0,1.0074,3668.0,9,0,0,0,0.0,0
0.1469,22,0,1.0854,5198.0,8,0,1,0,0.0,0
0.1233,29,0,0.2995,,4,0,0,0,0.0,0
0.3548,68,0,0.0111,4776.0,9,0,0,0,1.0,0
0.3485,79,0,0.7288,6386.0,4,0,0,0,0.0,0
0.1183,56,0,0.2546,5450.0,15,0,3,0,0.0,0
0.0149,50,0,0.1482,11060.0,4,0,1,0,1.0,0
0.1901,68,0,0.5625,10306.0,11,0,0,0,0.0,0
1.5031,37,0,0.5824,7326.0,12,0,1,0,0.0,0
0.3994,56,0,0.4754,3918.0,10,0,2,0,0.0,0
4.7567,56,0,0.8666,4151.0,6,0,0,0,0.0,0
0.7757,48,0,0.9143,5535.0,7,0,3,0,0.0,0
0.3499,26,0,0.5316,2008.0,7,0,0,0,0.0,0
0.1515,68,0,0.1073,1017.0,12,0,1,0,0.0,0
0.3628,44,0,1.5046,7143.0,9,0,0,0,1.0,0
0.623,42,0,0.525,,6,0,3,0,0.0,0
0.8973,31,0,0.3389,5710.0,8,0,1,0,1.0,0
1.0626,60,0,0.148,5208.0,9,0,1,0,0.0,0
4.5485,57,0,0.5201,1972.0,6,0,0,0,0.0,0
0.0581,60,0,0.498,4972.0,5,0,1,0,0.0,0
0.0075,46,0,0.6012,12096.0,6,0,1,0,0.0,0
0.8502,48,0,0.6861,7225.0,4,0,0,0,1.0,0
0.2581,42,0,0.1187,3353.0,8,0,2,0,1.0,0
0.3751,55,0,0.3598,7585.0,8,0,3,0,0.0,0
2.2033,52,0,0.5402,,7,0,0,0,3.0,0
0.875,48,1,0.4418,7016.0,10,0,0,0,,0
0.2021,35,0,0.3336,2821.0,9,0,1,0,0.0,0
0.3659,47,0,0.8108,8042.0,5,0,1,0,1.0,0
0.5555,31,0,0.1121,1890.0,10,0,1,0,1.0,0
0.6363,43,0,0.4537,6659.0,6,0,2,0,0.0,0
0.7155,40,0,0.5007,2476.0,10,0,1,0,3.0,0
0.1722,49,0,0.3433,3434.0,6,0,0,0,1.0,0
0.1675,56,0,0.3602,,8,0,0,0,0.0,0
0.1589,50,0,0.1497,1485.0,10,0,1,0,3.0,0
1.0153,44,0,0.4747,6051.0,6,0,0,0,1.0,0
0.2548,48,0,0.3707,4800.0,10,0,1,0,1.0,0
0.0752,54,0,0.4699,,9,0,3,0,0.0,0
0.1085,58,0,0.4677,,9,0,1,0,2.0,0
0.442,71,0,0.5483,12812.0,4,0,2,0,1.0,0
0.276,85,0,0.6524,4411.0,8,0,0,0,1.0,0
0.0837,72,0,0.3524,8747.0,12,0,1,0,0.0,0
0.4986,52,0,0.3691,2370.0,10,0,1,0,0.0,0
0.4151,39,0,0.4252,7078.0,8,0,1,0,0.0,0
4.1384,47,0,0.1236,5567.0,8,0,1,0,0.0,0
0.4478,55,0,0.7343,1588.0,7,0,1,0,2.0,0
0.5195,46,1,0.3524,7349.0,13,0,0,0,0.0,0
0.3933,47,0,0.7871,7857.0,7,0,0,0,0.0,0
0.0616,61,0,0.4949,10172.0,5,0,2,0,1.0,0
0.0029,49,0,0.522,5296.0,7,0,0,0,1.0,0
0.1769,56,0,0.1804,3914.0,4,0,1,0,1.0,0
0.2243,49,0,0.4571,3767.0,6,0,1,0,0.0,0
0.0556,24,0,0.8259,3386.0,7,0,1,0,0.0,0
0.5479,24,0,0.8369,3861.0,5,0,0,0,0.0,0
0.4759,57,0,0.0803,6459.0,10,0,1,0,0.0,0
0.2971,51,0,0.2491,10082.0,12,0,1,0,1.0,0
0.3277,54,0,0.2556,5688.0,9,0,1,0,1.0,0
0.3728,56,0,0.3452,5675.0,9,0,1,0,0.0,0
2.2359,55,0,0.4898,8706.0,8,0,3,0,1.0,0
0.4805,51,0,0.4315,5413.0,7,0,0,0,0.0,0
0.3601,70,0,0.5781,6560.0,9,0,1,0,1.0,0
0.9744,55,0,0.2801,13373.0,5,0,2,0,1.0,0
0.4449,55,0,0.332,3777.0,6,0,0,0,2.0,0
0.7526,45,0,0.2943,2821.0,7,0,0,0,0.0,0
0.678,36,0,0.4286,12258.0,7,0,0,0,0.0,0
2.0975,82,0,0.4116,6100.0,9,0,3,0,1.0,0
0.1742,63,0,0.2485,2123.0,5,0,3,0,2.0,0
0.2089,55,0,0.1843,5356.0,9,0,3,0,1.0,0
0.1468,49,0,0.1733,,4,0,0,0,0.0,0
1.7042,61,0,0.5047,2174.0,9,0,1,0,2.0,0
0.2073,45,0,0.6384,14204.0,5,0,0,0,0.0,0
0.7884,62,0,1.0684,4400.0,9,0,2,0,2.0,0
0.3307,73,0,0.5687,7666.0,4,0,1,0,1.0,0
0.3728,51,0,0.9043,,7,0,0,0,1.0,0
0.2105,74,0,0.1866,8310.0,10,0,1,0,0.0,0
0.8171,48,0,0.768,,4,0,0,0,0.0,1
2.6593,27,0,0.3967,5909.0,6,0,0,0,1.0,0
0.3743,64,0,0.1715,1901.0,10,0,1,0,0.0,0
0.1768,51,0,0.4437,5569.0,10,0,1,0,1.0,0
0.4857,64,0,0.0675,3512.0,10,0,1,0,2.0,0
0.848,36,0,0.153,3990.0,9,0,3,0,1.0,0
0.2715,45,0,0.7073,2499.0,3,0,1,0,1.0,0
0.4907,71,0,0.32,2302.0,10,0,2,0,0.0,0
0.3718,56,0,0.3356,7469.0,7,0,0,0,3.0,0
0.3083,73,0,0.1262,4862.0,2,0,1,0,1.0,0
0.2238,43,0,0.3116,7291.0,8,0,3,0,1.0,0
0.4462,85,0,0.3731,,10,0,0,0,,0
0.3687,84,0,0.6639,13541.0,11,0,1,0,0.0,0
0.3436,63,0,0.4948,,8,0,0,0,0.0,0
0.1173,54,2,0.5851,5997.0,5,0,0,0,0.0,0
1.9864,58,0,0.8438,8287.0,9,0,2,0,2.0,0
4.2567,67,0,0.1942,7695.0,15,0,3,0,0.0,0
0.6481,56,0,0.2032,7061.0,10,0,1,0,3.0,0
0.6456,47,0,0.552,,8,0,1,0,0.0,0
0.4785,38,1,1.2239,,5,0,2,2,1.0,0
0.0935,22,0,0.5199,,9,0,1,0,1.0,0
0.7519,48,0,0.8265,7693.0,6,0,1,0,0.0,0
0.1125,23,0,1.1296,2354.0,8,0,2,0,2.0,0
0.3041,50,0,0.7546,4365.0,4,0,2,0,0.0,0
0.235,74,0,0.5089,8666.0,4,0,0,0,0.0,0
0.5324,51,0,0.8075,2137.0,6,0,4,0,0.0,0
0.6115,39,0,0.8945,,9,0,2,0,0.0,1
0.3907,45,0,0.3824,23118.0,7,0,3,0,1.0,0
0.0207,41,0,0.4576,4417.0,11,0,1,0,2.0,0
0.4152,76,0,0.3941,10393.0,7,0,1,0,1.0,0
4.5209,43,0,0.7335,3259.0,2,0,2,0,0.0,0
0.5971,27,0,0.1262,5080.0,6,0,1,0,0.0,0
0.217,88,0,0.5568,20703.0,6,0,1,0,0.0,0
0.2092,49,0,1.1867,6790.0,5,0,0,0,0.0,0
0.137,40,0,0.4149,8592.0,8,0,1,0,0.0,0
0.2895,52,0,0.5332,4059.0,10,0,3,0,2.0,0
0.1957,49,0,0.7067,,8,0,2,0,0.0,0
0.4406,59,0,0.2451,,11,0,1,0,1.0,0
0.2028,50,0,0.3992,8802.0,7,0,0,0,0.0,0
0.0163,22,0,0.4347,16093.0,13,0,1,0,3.0,0
0.0896,49,0,0.1197,1737.0,7,0,3,0,1.0,0
0.3257,64,0,0.6566,11235.0,9,0,2,0,1.0,0
0.2824,44,1,0.0236,7521.0,4,0,1,0,,1
0.7211,62,0,0.2957,5225.0,8,0,0,0,2.0,0
0.9462,65,0,0.6182,5349.0,7,0,2,0,2.0,0
0.2706,69,0,0.5026,12056.0,12,0,0,0,3.0,0
0.232,37,0,0.9703,12456.0,5,0,1,0,0.0,0
0.7776,39,0,0.0713,5576.0,15,0,0,0,1.0,0
0.2331,52,0,0.3374,6261.0,9,0,0,0,1.0,0
0.662,27,0,0.9159,,9,0,2,0,2.0,1
0.5099,37,0,0.83,,7,0,0,0,3.0,0
0.2122,56,0,0.4371,8211.0,6,0,1,0,0.0,0
0.4968,23,0,0.4875,,10,0,1,0,1.0,0
0.3977,27,0,0.2674,2315.0,10,0,0,0,0.0,0
1.7758,59,0,0.5572,2258.0,10,0,1,0,0.0,0
0.1255,29,0,0.4435,15593.0,4,0,2,0,1.0,0
0.5512,90,0,0.7149,14115.0,7,0,3,0,0.0,0
0.4285,38,0,0.896,12987.0,9,0,1,0,1.0,0
0.9485,37,0,0.1058,2891.0,7,0,1,0,0.0,1
0.5379,32,0,0.4169,9624.0,6,0,0,0,3.0,0
0.0863,51,0,0.3899,10132.0,12,0,3,0,0.0,0
0.6025,49,0,0.2974,5276.0,6,0,2,0,1.0,0
0.0234,57,0,0.3925,,13,0,0,0,0.0,0
0.1786,48,0,0.3077,5433.0,5,0,0,0,1.0,0
1.0886,65,0,0.1546,1255.0,7,0,0,0,1.0,0
0.2878,48,0,0.4655,4915.0,7,0,1,0,0.0,0
1.0508,46,0,0.6469,,3,0,1,0,2.0,0
0.5335,55,0,0.4547,,2,0,0,0,0.0,0
0.0218,24,0,0.8807,,6,0,1,0,0.0,0
0.1147,36,0,0.3108,6660.0,7,0,2,0,3.0,0
0.5405,76,0,0.2882,7037.0,7,2,0,0,2.0,0
0.0991,27,0,0.7662,,8,0,0,0,2.0,0
0.2658,64,1,0.6226,2019.0,12,0,3,0,0.0,0
0.8862,21,0,0.1105,1855.0,5,0,1,0,0.0,0
0.287,29,0,0.2203,3198.0,7,0,3,0,0.0,0
0.3145,41,0,0.1377,,6,0,1,0,0.0,0
0.3766,58,0,0.3655,5380.0,17,0,2,0,0.0,0
0.1202,50,0,0.3167,,7,0,0,0,1.0,0
0.454,57,0,0.4359,11488.0,10,0,0,0,0.0,0
1.9225,44,0,0.3227,3071.0,5,0,1,0,2.0,0
0.7726,49,0,0.3773,7690.0,7,0,2,0,0.0,0
0.0881,52,0,0.3223,4874.0,7,0,3,0,0.0,0
1.2064,65,0,0.1026,3372.0,5,0,1,0,1.0,0
0.8787,76,0,0.1848,7560.0,10,0,3,0,0.0,0
0.37,36,0,0.639,,9,0,2,0,0.0,0
0.4994,49,0,0.2132,19210.0,4,0,1,0,0.0,0
0.3433,46,0,0.7584,1835.0,15,0,1,0,1.0,0
0.4852,56,0,0.2693,6095.0,9,0,1,0,,0
3.7148,71,0,0.9807,6345.0,15,0,1,0,0.0,1
0.3542,53,0,0.1663,,6,0,1,0,0.0,0
0.546,44,0,0.3611,5614.0,6,0,0,0,2.0,0
1.7968,66,0,0.1353,5471.0,4,0,4,0,1.0,0
0.5632,48,0,0.2183,,11,0,0,0,0.0,0
0.4501,50,0,0.7127,2076.0,7,0,0,0,0.0,0
0.2682,60,0,0.8084,5130.0,5,0,1,0,1.0,0
0.3038,33,1,0.6465,2395.0,10,0,1,0,2.0,0
0.178,32,0,0.7172,3112.0,5,0,0,0,2.0,0
0.5173,38,0,0.3874,3558.0,4,0,0,0,0.0,0
0.5098,48,0,0.0865,4643.0,11,0,1,0,0.0,0
0.2132,66,0,0.605,5042.0,6,0,1,0,0.0,0
0.0823,42,2,0.6631,3541.0,6,0,3,0,0.0,0
0.2556,45,0,0.3792,1787.0,9,0,1,0,1.0,0
0.0762,54,0,0.7877,,8,0,1,0,1.0,0
0.3724,39,0,0.6884,13063.0,15,0,1,0,0.0,0
0.509,45,0,0.359,,7,0,0,0,0.0,0
0.8836,51,0,0.1391,3964.0,8,0,1,0,1.0,0
1.8456,60,0,0.1405,1946.0,5,0,1,0,0.0,0
0.1661,65,0,0.8943,,8,0,2,0,1.0,0
0.0069,50,0,0.0616,10114.0,14,0,2,0,1.0,0
0.0136,48,0,0.519,8471.0,7,0,1,0,2.0,0
0.5172,49,0,0.5087,3189.0,10,0,0,0,0.0,0
0.2452,55,0,0.4813,4284.0,4,0,3,0,1.0,0
0.4467,73,0,0.1168,7659.0,6,0,1,0,3.0,1
0.0975,82,0,0.323,13560.0,10,0,2,0,0.0,0
0.5493,78,1,0.7339,4571.0,7,1,2,0,1.0,0
0.6084,67,0,0.2282,1705.0,4,0,2,0,0.0,0
0.9533,38,0,0.1613,2889.0,10,0,0,0,2.0,0
0.3693,55,0,0.5814,3462.0,7,0,0,0,,0
8.1066,47,0,0.5102,4132.0,15,0,2,0,1.0,0
0.2737,50,0,0.725,5891.0,5,0,2,0,1.0,0
0.3089,76,0,0.3014,,10,0,0,0,2.0,0
0.3058,71,0,0.857,8220.0,9,0,0,0,1.0,0
0.4471,64,0,0.6576,6049.0,8,0,0,0,2.0,0
0.2575,89,0,0.4273,,11,0,2,0,3.0,0
0.6413,64,0,1.3048,,8,0,1,0,0.0,1
0.3341,73,0,0.9915,12128.0,6,0,0,0,0.0,0
0.204,60,0,0.7499,4938.0,5,0,1,0,0.0,0
0.1946,55,0,0.2334,1641.0,7,0,0,0,1.0,0
0.5886,80,3,0.5939,,4,0,0,1,0.0,0
0.2808,41,0,0.529,2159.0,10,0,1,0,1.0,0
0.3511,29,0,0.156,9776.0,6,0,3,0,0.0,1
0.3393,39,0,0.7251,,9,0,1,0,1.0,0
2.3881,46,0,0.4217,3944.0,13,0,1,0,1.0,0
0.2249,65,0,0.4358,,6,0,0,0,1.0,0
2.667,70,0,0.2108,6245.0,12,0,1,0,0.0,0
0.5233,41,0,1.1056,14331.0,5,0,1,0,0.0,0
0.3233,43,0,0.4202,6375.0,10,0,0,0,0.0,0
0.2101,46,0,0.2319,9709.0,5,0,1,0,0.0,0
0.0357,53,0,0.3752,2600.0,7,0,1,0,0.0,0
4.8228,52,0,0.7666,9352.0,9,0,1,0,0.0,0
0.1304,57,0,0.311,13801.0,5,0,0,0,0.0,0
0.2289,39,0,0.6164,5411.0,8,0,3,0,0.0,0
0.4049,37,0,0.2308,1820.0,12,0,3,0,0.0,0
1.0809,40,0,1.0553,5213.0,8,0,1,0,3.0,0
0.5047,53,0,0.338,4957.0,7,0,1,0,0.0,0
0.8773,35,0,0.3464,8357.0,4,0,1,0,1.0,0
0.2904,39,0,0.7464,4451.0,13,0,1,0,0.0,0
0.0526,59,0,0.1434,6400.0,6,0,0,0,1.0,0
0.8043,73,0,0.2079,5686.0,7,0,3,0,3.0,1
0.7569,57,0,0.7969,11277.0,7,0,2,0,1.0,0
0.487,37,0,0.893,4477.0,14,0,3,0,0.0,0
0.0547,62,0,0.3989,,10,0,0,0,0.0,0
0.5086,44,0,0.1003,3142.0,8,0,1,0,0.0,0
0.4445,72,0,0.6082,2968.0,6,0,2,0,0.0,0
0.1693,58,1,0.0583,4806.0,10,1,0,0,2.0,0
0.0109,40,0,0.2331,2856.0,12,0,1,0,1.0,0
0.356,54,0,0.7696,6774.0,12,0,0,0,0.0,0
0.2698,32,0,0.6961,,8,0,0,0,2.0,0
0.5338,54,0,0.3334,21440.0,8,0,1,0,0.0,0
0.7697,48,0,0.2377,,5,0,1,0,0.0,0
2.4417,81,0,0.5092,9759.0,7,0,1,0,0.0,0
0.2004,55,0,0.8646,7669.0,8,0,2,0,1.0,0
0.369,53,0,0.2327,2775.0,7,0,0,0,0.0,0
0.1143,21,0,0.4288,2612.0,7,0,1,0,2.0,0
0.3582,61,0,1.1125,8702.0,7,0,2,0,0.0,0
0.6215,68,0,0.2792,3108.0,7,0,2,0,1.0,0
1.552,68,0,0.5376,4224.0,10,0,1,0,1.0,0
2.5731,50,0,0.5136,6905.0,12,0,0,0,2.0,0
1.5878,43,1,0.6848,4099.0,6,1,0,0,0.0,0
1.0158,69,0,0.5407,15666.0,13,0,1,0,1.0,0
1.0071,51,0,0.1375,6087.0,12,0,2,0,0.0,0
0.1,51,0,0.7213,8292.0,5,0,1,0,0.0,0
0.7479,47,0,0.1606,8547.0,5,0,3,0,2.0,0
0.0198,21,0,0.305,2129.0,8,0,1,0,0.0,0
0.0785,41,0,0.3852,6052.0,9,0,1,0,0.0,0
0.6307,53,0,0.7059,7175.0,8,0,1,0,1.0,0
0.6973,60,0,0.2098,1384.0,11,0,2,0,1.0,0
0.2477,52,0,0.4724,6707.0,11,0,1,0,2.0,0
0.4753,60,0,0.4695,5548.0,9,0,1,0,1.0,0
0.1825,28,0,0.7971,,5,0,1,0,0.0,0
1.6828,39,1,0.5212,4545.0,7,0,0,1,0.0,0
0.5782,84,0,0.1682,4636.0,5,0,0,0,0.0,0
0.5801,62,0,0.4929,2597.0,6,0,0,0,0.0,0
0.4645,71,0,0.7239,6945.0,7,0,0,0,2.0,0
4.5801,48,0,0.3886,2923.0,6,0,2,0,2.0,0
4.9122,66,0,0.1744,6760.0,8,0,0,0,0.0,0
0.5634,66,0,0.5894,7506.0,4,0,4,0,0.0,0
0.4151,82,0,0.4354,7836.0,13,0,3,0,2.0,0
0.2664,58,0,0.5186,,12,0,1,0,0.0,0
0.7831,37,0,0.3234,8874.0,9,0,0,0,0.0,0
0.7243,41,0,0.325,2249.0,8,0,1,0,1.0,0
0.2727,56,0,0.6068,8939.0,6,0,0,0,0.0,0
0.1783,21,1,0.2036,14012.0,12,0,2,1,0.0,0
0.5359,58,0,0.2493,4574.0,7,0,1,0,0.0,0
0.0864,60,0,0.4193,1890.0,4,0,0,0,1.0,0
0.4598,73,0,0.6526,4318.0,11,0,1,0,0.0,1
0.1502,27,1,0.0861,7283.0,10,2,0,3,1.0,0
0.1607,36,0,0.1071,8368.0,5,0,1,0,2.0,0
0.3382,54,0,0.2534,4904.0,6,0,0,0,1.0,0
0.3017,51,1,0.8536,5370.0,9,0,1,3,0.0,0
0.1554,52,0,0.6779,10325.0,8,0,2,0,2.0,0
0.4896,66,0,0.4661,11161.0,7,0,1,0,0.0,0
0.7677,57,0,1.1586,3379.0,5,0,0,0,1.0,0
0.04,73,0,0.0588,,8,0,2,0,0.0,0
0.1044,69,0,0.9827,1586.0,10,0,0,0,0.0,0
0.1539,43,0,0.6076,3963.0,7,0,1,0,0.0,0
0.1341,56,0,0.7652,2340.0,10,0,0,0,1.0,0
1.0173,60,0,0.5274,5044.0,10,0,0,0,0.0,0
0.4256,79,0,0.3294,14051.0,11,0,0,0,0.0,0
0.8323,55,0,0.8336,3464.0,11,0,2,0,,0
0.0009,60,0,0.3561,12355.0,6,0,0,0,0.0,0
0.1317,46,0,0.4357,,9,0,2,0,2.0,0
0.8173,60,0,1.15,4885.0,10,0,0,0,0.0,0
0.328,37,0,0.4719,11032.0,3,0,0,0,1.0,0
2.7201,43,0,0.5642,5147.0,7,0,0,0,,1
0.4781,70,0,0.124,5026.0,4,0,0,0,1.0,0
0.4887,64,0,0.2148,,10,0,2,0,1.0,0
0.2334,71,0,0.5006,10030.0,9,0,1,0,3.0,0
0.6589,84,0,0.8213,11625.0,6,0,0,0,0.0,0
0.4092,65,0,0.3712,3630.0,12,0,1,0,3.0,0
1.0203,56,0,0.3612,7821.0,4,0,0,0,0.0,0
0.3895,44,0,0.3089,,12,0,1,0,0.0,0
0.3708,45,0,0.2239,5768.0,5,0,1,0,1.0,0
1.5407,52,1,0.3102,5355.0,9,0,1,0,1.0,0
4.4904,51,1,0.2768,8986.0,4,0,0,0,2.0,0
0.6001,64,0,0.4418,6600.0,11,0,1,0,0.0,0
0.7707,40,0,0.3735,2760.0,11,0,0,0,2.0,0
0.2762,44,0,0.7024,4589.0,8,0,1,0,1.0,0
0.2221,57,0,0.2201,2439.0,7,0,1,0,0.0,0
0.5193,31,0,0.3386,7999.0,6,0,1,0,1.0,0
0.093,73,0,0.6271,5969.0,9,0,0,0,0.0,0
0.0601,64,0,0.3389,6989.0,9,0,0,0,0.0,0
0.6387,55,0,1.1083,3264.0,7,0,1,0,0.0,0
0.7104,38,0,0.5817,6093.0,7,0,1,0,0.0,0
1.0013,50,0,0.4942,7512.0,10,0,3,0,1.0,0
0.4191,62,0,0.3347,7461.0,11,0,2,0,0.0,0
1.4669,43,1,0.2514,2223.0,9,0,0,0,0.0,0
0.8268,29,0,0.6064,5355.0,12,0,1,0,1.0,1
0.1443,59,0,0.3994,922.0,5,0,1,0,1.0,0
0.2374,56,3,0.8964,4518.0,4,0,0,0,1.0,0
0.1832,45,0,0.2614,,5,0,1,0,,0
0.9724,85,0,0.1448,,10,0,1,0,0.0,0
1.0818,41,0,0.2694,7611.0,7,0,0,0,2.0,0
0.9329,72,3,0.3804,9640.0,9,0,1,1,0.0,0
8.8544,61,0,0.2607,6403.0,9,0,1,0,1.0,0
0.4392,57,0,0.493,14498.0,13,0,1,0,,0
0.1978,85,0,0.7932,,7,0,0,0,1.0,0
1.0243,68,0,0.248,,10,0,2,0,4.0,0
0.2992,43,0,0.9736,10711.0,4,0,4,0,4.0,0
0.1627,44,0,0.4009,4514.0,8,0,0,0,1.0,0
0.4757,41,0,0.4516,8054.0,10,0,2,0,0.0,0
0.8978,56,0,0.3436,11987.0,7,0,2,0,1.0,0
0.0873,42,0,0.2518,4400.0,4,0,0,0,2.0,0
1.394,23,2,0.3857,12029.0,8,0,1,0,1.0,0
1.2666,45,0,0.9363,2770.0,7,0,1,0,1.0,0
1.0302,65,0,0.5067,6662.0,11,0,0,0,0.0,0
0.6769,71,0,0.5094,8952.0,11,0,0,0,1.0,0
1.1385,64,0,0.3552,6816.0,7,0,1,0,1.0,0
1.3668,51,0,0.8131,,8,0,2,0,1.0,0
0.0287,67,0,0.0479,2118.0,9,0,1,0,0.0,0
0.0818,80,0,0.2048,,7,0,1,0,1.0,0
0.2982,60,0,0.6009,6735.0,8,0,2,0,0.0,0
0.8718,53,0,0.3329,2243.0,5,0,0,0,1.0,0
0.6787,77,0,0.1392,34905.0,7,0,2,0,3.0,1
0.5955,43,0,0.5474,4026.0,9,0,1,0,1.0,0
0.5716,63,0,0.3753,,12,0,2,0,0.0,0
0.8472,21,0,0.3631,6853.0,10,0,2,0,0.0,0
2.4932,47,3,0.7213,5343.0,4,0,1,0,1.0,0
0.3258,21,0,0.5921,6740.0,5,0,2,0,1.0,0
0.3307,63,0,0.9267,9776.0,12,0,0,0,0.0,0
0.339,41,0,0.246,5420.0,10,0,4,0,4.0,0
0.6225,62,0,0.8078,5886.0,9,0,1,0,0.0,0
0.3566,44,1,0.6074,3837.0,9,0,1,2,1.0,0
0.5565,45,0,0.2947,3523.0,11,0,1,0,2.0,0
0.0678,43,0,0.0775,10972.0,8,0,0,0,1.0,0
0.0183,60,0,0.6534,,9,0,1,0,0.0,0
0.2793,57,0,0.5848,2048.0,6,0,0,0,0.0,0
2.8528,40,2,0.7658,,5,1,2,0,0.0,0
0.0234,51,0,0.9569,3330.0,5,0,1,0,1.0,0
0.3133,43,0,0.4728,11940.0,13,0,2,0,0.0,0
0.9263,46,1,0.5546,4100.0,9,2,2,1,0.0,0
0.5583,46,0,0.2459,7235.0,8,0,1,0,0.0,0
1.2947,45,0,0.3507,6721.0,9,0,2,0,0.0,0
0.377,62,1,0.1087,,9,0,1,1,0.0,0
0.2925,62,0,0.9261,7837.0,7,0,1,0,0.0,0
0.698,30,0,0.4713,1856.0,10,0,1,0,,0
0.6493,49,0,0.4001,7671.0,13,0,0,0,0.0,0
0.4592,89,0,0.1964,,6,0,0,0,0.0,0
0.35,71,0,0.3305,5444.0,8,0,3,0,1.0,0
1.5788,83,0,0.369,,6,0,3,0,2.0,0
1.1145,39,1,0.3825,,8,0,1,0,3.0,0
0.4953,47,0,0.0351,4717.0,7,0,1,0,0.0,0
0.0738,41,0,0.755,3535.0,5,0,0,0,0.0,0
0.7718,53,0,0.401,15410.0,5,0,2,0,4.0,0
0.4522,56,0,0.5851,4860.0,10,0,0,0,0.0,0
0.6223,60,0,0.2256,10699.0,12,0,4,0,2.0,0
0.3352,46,0,0.4483,5324.0,8,0,0,0,1.0,0
0.373,43,0,0.3427,5660.0,10,0,0,0,0.0,0
0.5613,40,0,0.2982,,6,0,0,0,2.0,0
0.7814,50,0,0.1845,8402.0,10,0,0,0,1.0,0
0.4004,61,0,1.0594,4651.0,5,0,0,0,0.0,0
0.1276,63,0,0.3209,4890.0,10,0,1,0,0.0,0
0.267,70,0,0.6221,,6,0,0,0,1.0,0
0.4501,58,0,0.1886,5162.0,9,0,0,0,0.0,0
0.6991,64,2,0.3191,16287.0,8,2,2,0,0.0,0
0.3332,33,0,0.3884,,4,0,2,0,2.0,0
0.1299,67,0,0.549,,5,0,1,0,2.0,0
0.2596,68,0,0.3818,3646.0,12,0,2,0,1.0,0
0.5515,77,0,0.2655,4155.0,9,0,0,0,2.0,0
4.3191,82,0,0.5184,4646.0,10,0,1,0,0.0,1
0.6943,36,0,0.6667,,8,0,1,0,0.0,1
1.0663,66,0,0.4379,13973.0,10,0,1,0,0.0,0
0.2866,48,0,0.5079,,8,0,1,0,1.0,0
0.0049,46,0,0.1852,2994.0,8,0,1,0,0.0,0
0.1752,48,0,0.3426,,5,0,0,0,1.0,0
0.2028,46,0,0.2829,5415.0,12,0,1,0,,0
0.6632,51,0,0.7671,4780.0,8,0,1,0,0.0,0
5.6679,47,0,0.6769,4827.0,7,0,1,0,2.0,0
0.5875,59,0,0.4053,4748.0,7,0,2,0,0.0,0
1.0466,63,0,0.3072,11977.0,9,0,1,0,1.0,0
0.1527,69,0,0.4997,3145.0,6,0,0,0,0.0,0
0.6735,60,0,0.6584,9096.0,16,0,2,0,0.0,0
0.2099,52,0,0.2805,9976.0,5,0,0,0,1.0,0
0.0825,63,0,0.293,13659.0,5,0,5,0,0.0,0
0.2723,67,0,0.7555,2856.0,9,0,1,0,1.0,0
0.3182,61,0,0.7953,2352.0,7,0,2,0,2.0,0
0.0241,60,0,0.099,10685.0,5,0,2,0,0.0,0
0.5568,91,0,0.2511,5131.0,10,0,0,0,1.0,0
0.4387,45,0,0.6988,,7,0,4,0,1.0,0
0.5625,66,0,0.0577,8990.0,4,0,1,0,2.0,0
3.3049,55,0,0.0603,4027.0,11,0,1,0,0.0,0
1.0072,30,0,0.6219,5238.0,11,0,0,0,0.0,0
0.0649,29,0,0.1014,7487.0,5,0,1,0,2.0,0
0.1912,27,0,0.6983,2974.0,13,0,1,0,1.0,0
0.3086,53,0,0.357,8974.0,6,0,0,0,0.0,0
0.2221,30,0,0.7701,6104.0,4,1,0,3,1.0,0
1.7656,52,0,0.2534,1727.0,4,0,1,0,0.0,0
0.2712,55,0,0.5187,8588.0,6,0,0,0,0.0,0
0.0355,46,0,0.2991,,10,0,0,0,2.0,0
0.278,49,0,0.962,,6,0,3,0,0.0,0
2.3889,66,0,0.2198,14691.0,6,0,1,0,0.0,0
0.4057,40,0,0.2974,6743.0,9,0,1,0,1.0,0
0.2879,54,0,0.7466,4942.0,5,0,0,0,2.0,0
0.5216,21,0,0.2504,5186.0,9,0,1,0,0.0,0
0.7973,56,0,0.6624,3317.0,10,0,1,0,0.0,1
0.8774,71,1,0.3942,11478.0,13,0,0,0,0.0,0
0.4137,64,0,0.354,2994.0,6,0,0,0,1.0,0
0.5075,49,0,0.7828,10635.0,8,0,1,0,1.0,0
0.1266,47,0,0.7099,4061.0,7,0,1,0,1.0,0
0.5512,76,0,0.2292,11740.0,6,0,0,0,3.0,0
0.5617,62,5,0.8534,9794.0,12,0,0,2,3.0,0
0.02,54,0,0.0931,,9,0,1,0,1.0,0
0.6588,62,0,0.6458,,16,0,0,0,1.0,0
0.2815,45,0,0.5352,5359.0,3,0,2,0,0.0,0
0.1486,51,0,1.0066,,7,0,2,0,3.0,0
0.2839,43,0,0.5107,2604.0,5,0,2,0,0.0,0
0.3946,65,0,0.2708,5429.0,8,0,1,0,1.0,0
0.1015,40,0,0.282,8015.0,9,0,0,0,0.0,1
0.6179,46,0,1.044,4865.0,3,0,1,0,3.0,0
6.2317,58,0,0.2032,3485.0,10,0,1,0,0.0,0
0.161,21,0,0.1843,3000.0,13,0,0,0,1.0,0
0.4233,41,0,0.3535,5163.0,5,0,1,0,0.0,0
0.2143,40,0,0.5607,,2,0,0,0,1.0,0
0.1404,55,1,0.5966,5108.0,4,0,2,1,2.0,0
0.3096,55,0,0.3076,10951.0,6,0,0,0,1.0,0
0.0318,80,0,0.5638,5627.0,9,0,2,0,1.0,0
0.4293,39,0,0.6588,4280.0,9,0,1,0,1.0,0
0.0841,31,0,0.4607,,6,0,0,0,0.0,0
1.8157,69,0,0.5489,,15,0,1,0,0.0,0
0.3895,43,0,0.7292,14151.0,8,0,3,0,0.0,0
0.5015,54,0,0.6439,4774.0,4,0,0,0,0.0,1
1.9353,45,0,0.2244,3460.0,3,0,1,0,0.0,0
2.8538,61,0,1.0702,,5,0,1,0,1.0,0
0.4801,57,0,0.304,8903.0,10,0,2,0,1.0,0
0.622,47,0,0.8296,3129.0,10,0,1,0,2.0,0
0.4259,52,0,0.2676,2557.0,6,0,0,0,1.0,1
1.6974,45,0,1.05,,9,0,1,0,3.0,1
0.7275,53,0,0.6168,6988.0,6,0,0,0,1.0,0
0.2277,46,0,0.7429,7834.0,7,0,1,0,2.0,0
0.3912,72,0,0.3379,11684.0,6,0,1,1,0.0,0
0.2786,48,0,0.6625,7875.0,7,0,0,0,3.0,0
0.2105,46,0,0.1138,8470.0,9,0,1,0,1.0,0
5.6603,27,0,0.2439,4316.0,11,0,1,0,0.0,0
0.699,37,0,0.6102,12888.0,7,0,0,0,,0
0.0606,60,0,0.4496,1213.0,8,0,0,0,1.0,0
0.6635,50,0,0.36,9788.0,11,0,0,0,1.0,0
1.0018,47,0,0.0513,6331.0,2,0,0,0,0.0,0
0.181,62,0,0.3536,3147.0,9,0,1,0,0.0,0
0.0837,70,0,0.5223,11549.0,6,0,1,0,0.0,0
0.78,40,0,0.7159,2785.0,5,0,3,0,0.0,0
1.4151,49,0,0.046,4916.0,5,0,2,0,0.0,0
0.4083,23,0,0.3052,7047.0,4,0,0,0,0.0,1
0.659,65,0,0.9073,9655.0,14,0,2,0,1.0,0
0.1085,92,0,0.4643,3637.0,8,0,1,0,0.0,0
0.7031,47,0,0.2224,1989.0,6,0,2,0,1.0,0
0.3737,47,0,0.6913,6260.0,5,0,1,0,0.0,0
0.5717,51,0,0.548,,11,0,0,0,1.0,1
0.2802,55,0,0.1994,,2,0,1,0,0.0,0
0.5845,56,0,0.0366,28281.0,8,0,1,0,0.0,0
1.0273,56,0,0.4107,1257.0,10,0,1,0,0.0,0
0.5677,33,0,0.2531,2312.0,10,0,1,0,2.0,0
0.5342,51,0,0.7919,2993.0,9,0,0,0,2.0,1
7.4237,61,0,1.2923,7415.0,9,0,0,0,2.0,0
0.1859,35,0,0.2965,4433.0,7,0,1,0,0.0,0
0.6676,33,0,0.7673,5828.0,9,0,3,0,,0
0.2041,44,0,1.0162,11414.0,5,0,1,0,1.0,0
0.1959,54,0,0.3428,3581.0,5,0,1,0,2.0,0
0.313,61,0,0.2539,,10,0,0,0,2.0,0
0.4272,63,0,0.8452,4979.0,9,0,2,0,0.0,0
0.1481,40,0,0.377,8816.0,8,0,0,0,1.0,0
0.0035,26,0,0.6099,2453.0,6,0,1,0,1.0,0
0.9194,74,0,0.3428,7123.0,9,0,3,0,0.0,0
0.1963,69,0,0.2073,4376.0,7,0,0,0,0.0,0
0.5511,46,0,0.4108,,7,0,0,0,0.0,0
1.7377,63,0,0.4869,4292.0,7,0,1,0,0.0,0
0.2772,56,0,0.6206,8214.0,11,0,2,0,2.0,0
0.6582,49,0,0.4763,3288.0,9,0,0,0,4.0,0
0.5909,77,0,0.7155,6192.0,11,0,3,0,0.0,0
1.6811,43,0,0.6203,3709.0,7,0,1,0,1.0,0
0.0747,32,0,0.5597,,10,0,0,0,0.0,0
0.162,54,0,0.4317,4214.0,8,0,0,0,0.0,0
0.0004,44,0,0.925,5982.0,10,0,0,0,4.0,0
0.318,54,0,0.5397,,15,0,0,0,1.0,0
0.0491,48,0,0.34,3780.0,5,0,2,0,2.0,0
0.2155,42,0,0.796,5999.0,11,0,2,0,0.0,0
0.1072,49,0,0.7554,10535.0,11,0,1,0,0.0,0
5.6774,31,0,0.2814,3546.0,8,0,1,0,1.0,0
0.8738,31,0,0.99,4655.0,8,0,0,0,2.0,0
0.4749,48,0,0.974,2702.0,10,0,1,0,2.0,0
0.5742,57,0,0.2851,,9,0,1,0,0.0,0
0.1413,29,0,0.6276,4493.0,14,0,2,0,1.0,0
0.5779,58,0,0.089,7212.0,7,0,1,0,2.0,0
0.1927,45,0,0.5682,13107.0,2,0,0,0,1.0,0
0.4624,57,0,0.7261,4175.0,4,0,1,0,0.0,0
1.1342,55,0,0.443,7640.0,13,0,1,0,1.0,0
0.4987,66,0,0.1821,6786.0,7,0,0,0,1.0,0
0.4505,50,0,0.2547,6928.0,5,0,1,0,1.0,0
0.4906,29,0,0.3451,,7,0,2,0,0.0,0
0.2816,81,0,0.488,4695.0,13,0,1,0,1.0,0
0.2829,53,0,0.9459,8166.0,6,0,4,0,1.0,0
0.3139,54,0,0.6332,4678.0,6,0,1,0,0.0,0
0.265,50,0,0.2442,,10,0,0,0,2.0,0
0.0269,72,0,0.69,2517.0,8,0,1,0,2.0,0
0.6569,35,0,0.9493,3498.0,7,0,0,0,1.0,0
0.7565,33,0,0.5946,,11,0,1,0,0.0,0
0.6704,42,0,0.3508,13997.0,6,0,1,0,1.0,0
0.1433,57,0,0.1888,,5,0,0,0,1.0,0
0.0598,42,0,1.1085,2696.0,8,0,0,0,1.0,0
0.157,41,0,0.4214,5832.0,11,0,2,0,0.0,0
0.4771,36,0,0.1548,,11,0,3,0,2.0,0
0.7364,64,0,0.6354,3209.0,3,0,2,0,0.0,0
0.5979,57,0,0.405,4162.0,5,0,0,0,1.0,0
11.6557,63,0,1.1481,,8,0,0,0,1.0,0
0.4507,44,0,0.5211,24364.0,8,0,0,0,1.0,0
0.206,51,0,0.7181,5304.0,7,0,1,0,3.0,0
0.0029,63,0,0.8921,,9,0,0,0,,0
0.9654,41,0,0.5931,9725.0,7,0,2,0,1.0,0
0.0771,66,0,0.6635,6870.0,5,0,0,0,0.0,0
0.5187,58,0,0.6164,5423.0,8,0,1,0,2.0,0
0.4551,70,0,0.6671,,5,0,0,0,0.0,1
0.4654,65,0,0.2158,,4,0,0,0,0.0,0
0.5196,29,0,0.2873,6950.0,7,0,0,0,2.0,1
0.6465,44,0,0.8413,3342.0,9,0,0,0,,0
0.0078,21,0,0.4491,2490.0,16,0,2,0,2.0,0
0.3764,25,0,0.5198,5354.0,10,0,0,0,0.0,0
1.7591,38,0,0.1255,,3,0,1,0,0.0,0
0.2379,71,0,0.3475,3014.0,8,0,1,0,1.0,0
0.6481,52,0,0.1497,3573.0,6,0,0,0,0.0,0
0.5116,58,0,0.5083,6788.0,17,0,1,0,1.0,0
0.0449,45,2,0.4807,10933.0,9,0,0,1,3.0,0
0.0269,47,0,0.4901,5792.0,7,0,1,0,1.0,0
0.2316,61,0,0.2608,9805.0,16,0,0,0,0.0,0
0.028,50,0,0.3374,6681.0,7,0,2,0,1.0,0
7.2425,49,0,0.4052,4239.0,13,0,0,0,0.0,0
0.1424,59,0,0.065,,13,0,0,0,0.0,0
4.6681,37,2,0.5967,2688.0,10,0,4,0,0.0,0
0.4038,55,0,0.2589,5663.0,9,0,1,0,2.0,0
0.406,55,0,0.3483,5096.0,5,0,0,0,0.0,0
5.3606,27,0,0.2525,3895.0,10,0,0,0,1.0,0
0.0629,36,0,0.3799,8270.0,13,0,2,0,0.0,0
0.0272,43,0,0.6895,8150.0,5,0,2,0,1.0,0
1.2512,45,0,0.7411,4664.0,4,0,2,0,2.0,0
0.133,59,0,0.6497,9686.0,12,0,0,0,0.0,0
1.3525,39,0,0.289,1434.0,12,0,1,0,1.0,0
0.1844,39,0,0.4764,2166.0,7,0,0,0,0.0,0
0.016,61,0,0.2348,5776.0,6,0,0,0,1.0,0
1.0821,65,0,0.6372,13653.0,7,0,0,0,0.0,0
0.0963,66,0,0.1,,8,0,1,0,0.0,0
0.7266,36,0,0.8411,1991.0,4,0,1,0,0.0,0
0.7921,39,0,0.1016,3205.0,7,0,4,0,3.0,0
0.7809,28,0,0.2866,8220.0,10,0,1,0,0.0,0
0.0636,21,0,0.5841,2992.0,8,0,0,0,0.0,0
0.2669,34,0,0.8764,7159.0,10,0,0,0,0.0,0
0.4565,43,0,0.5015,3945.0,4,0,0,0,0.0,0
1.2699,55,0,0.283,5208.0,12,0,1,0,1.0,0
0.3062,64,0,0.1373,10460.0,13,0,2,0,1.0,0
0.5579,50,0,0.3922,6698.0,10,0,4,0,1.0,0
0.0964,72,0,0.1743,,9,0,1,0,0.0,0
0.471,39,0,0.1544,4230.0,8,0,1,0,0.0,0
0.6038,71,0,0.018,10581.0,9,0,0,0,0.0,0
0.4708,40,2,0.3142,,3,2,2,2,2.0,0
0.5215,59,0,0.8082,,12,0,1,0,,0
2.3988,55,0,0.3319,2771.0,9,0,2,0,1.0,0
0.5972,68,0,0.9692,4649.0,8,0,1,0,2.0,1
0.0578,73,0,0.2799,5317.0,4,0,1,0,0.0,0
0.1692,38,0,0.8286,10229.0,11,0,2,0,0.0,0
5.1532,21,0,0.1084,8426.0,8,0,0,0,2.0,0
0.1671,49,0,0.246,16672.0,8,0,1,0,0.0,0
0.3111,57,1,0.3282,8218.0,9,0,1,0,0.0,0
0.5799,52,0,0.2384,9932.0,7,0,2,0,1.0,0
4.185,93,0,0.6788,7706.0,8,0,1,0,0.0,0
0.3154,60,0,1.206,7021.0,9,0,1,0,1.0,0
0.615,60,0,0.1046,2729.0,9,0,0,0,0.0,0
0.457,34,0,0.3671,4807.0,11,0,2,0,2.0,0
1.0282,44,0,0.6642,4272.0,7,0,0,0,1.0,0
7.8725,59,0,0.3003,6960.0,11,0,0,0,2.0,0
0.0154,56,0,0.2394,5714.0,15,0,1,0,1.0,0
1.8136,53,0,0.1932,3527.0,9,0,2,0,1.0,0
0.3561,70,0,0.3981,8146.0,9,0,0,0,0.0,0
0.2492,43,0,0.2871,,7,0,1,0,0.0,0
0.363,58,0,0.3388,9281.0,10,0,2,0,0.0,0
1.0823,43,0,0.5457,3620.0,9,0,2,0,0.0,1
2.6786,92,0,0.4536,,6,0,1,0,1.0,0
2.1851,41,1,0.8168,3685.0,7,0,1,2,1.0,0
0.0265,81,0,0.491,15239.0,9,0,0,0,3.0,0
0.2472,49,0,0.2651,12022.0,10,0,1,0,,0
0.452,43,0,0.6212,6367.0,6,0,1,0,3.0,0
1.8818,52,0,1.144,3629.0,7,0,1,0,,1
0.5685,36,0,0.7077,1787.0,5,0,1,0,1.0,0
0.9323,39,0,0.5503,2989.0,8,0,0,0,1.0,0
9.1627,75,0,0.777,3237.0,8,0,3,0,0.0,1
0.0243,58,0,0.8988,2317.0,6,0,4,0,0.0,0
0.2523,65,0,0.4025,4893.0,11,0,2,0,1.0,0
0.0721,46,0,1.1175,5818.0,4,0,3,0,1.0,0
0.1358,62,0,0.6076,3098.0,10,0,3,0,0.0,0
0.9879,54,0,0.8113,,4,0,2,0,1.0,0
0.104,42,0,0.4677,6886.0,2,0,1,0,,0
0.6765,95,0,1.2129,4226.0,8,0,1,0,1.0,0
0.1222,33,0,0.3519,7237.0,2,0,1,0,0.0,0
0.3371,53,0,0.2751,6399.0,11,0,0,0,1.0,0
1.0512,60,0,0.7447,,5,0,1,0,,0
0.1743,56,0,0.4346,9530.0,7,0,1,0,1.0,0
0.0781,46,0,0.375,7516.0,4,0,0,0,0.0,0
1.0722,43,0,0.3342,7284.0,9,0,1,0,0.0,0
0.898,57,1,0.4896,,4,0,1,2,1.0,0
0.0001,42,0,0.44,12849.0,8,0,2,0,0.0,0
0.0836,68,0,0.2046,4011.0,11,0,1,0,0.0,0
0.393,55,0,0.2984,,13,0,0,0,0.0,0
0.4719,50,0,0.7493,1373.0,10,0,3,0,1.0,0
0.2187,54,0,0.7259,,7,0,1,0,1.0,0
8.2543,59,0,0.5738,6226.0,11,0,2,0,0.0,0
0.1315,71,0,1.3012,,7,0,4,0,0.0,0
1.0443,58,3,0.823,5834.0,3,0,0,0,2.0,0
0.5389,55,0,0.595,5173.0,8,0,1,0,,1
1.8924,65,0,0.5205,4664.0,9,0,2,0,0.0,0
0.4056,32,0,0.5173,,10,0,3,0,1.0,0
0.1299,44,0,0.4916,3178.0,12,0,0,0,1.0,0
0.8382,50,0,0.513,9038.0,11,2,1,2,1.0,0
0.4253,40,0,0.3955,10305.0,9,0,1,0,2.0,0
0.0498,62,0,0.4369,5030.0,11,0,1,0,1.0,0
0.1395,52,0,0.3037,5109.0,13,0,1,0,0.0,0
0.1461,36,0,0.9578,3991.0,12,0,0,0,1.0,0
0.4904,35,0,0.312,12775.0,2,0,1,0,0.0,0
0.3612,52,0,0.5928,2271.0,13,0,1,0,3.0,0
0.3636,61,0,0.4749,,16,0,1,0,1.0,0
0.6762,53,0,0.2567,,3,0,1,0,0.0,0
0.4936,88,0,0.9747,3247.0,6,0,3,0,1.0,0
1.003,49,0,0.0884,7992.0,12,0,1,0,0.0,0
0.3801,44,0,0.2688,,7,0,1,0,0.0,0
0.5418,70,0,0.5166,,8,0,2,0,,0
2.1036,57,0,0.893,,11,0,3,0,3.0,0
0.4428,71,0,0.4142,6435.0,7,0,2,0,1.0,0
3.2485,72,0,0.3081,2556.0,5,0,1,0,1.0,0
1.1391,47,0,0.7587,1409.0,3,0,0,0,0.0,0
0.6822,44,0,0.6563,18902.0,4,0,0,0,0.0,0
0.6899,62,0,0.3365,5451.0,7,0,0,0,0.0,0
0.1937,41,0,0.7776,,12,0,0,0,0.0,0
0.4726,45,0,0.6099,,9,0,1,0,1.0,0
0.0292,25,0,0.6616,13644.0,5,0,1,0,1.0,0
0.4108,50,0,0.5827,11068.0,12,0,1,0,0.0,0
0.0595,73,0,1.1588,7447.0,9,0,0,0,,0
0.1022,52,0,0.2959,6495.0,8,1,0,0,2.0,1
0.085,29,0,0.6701,15418.0,6,0,2,0,2.0,0
0.4755,81,0,0.9944,,6,0,0,0,1.0,1
0.4694,43,0,0.476,5817.0,9,0,2,0,2.0,0
0.8241,53,0,1.004,5305.0,7,0,2,0,0.0,0
1.0545,57,0,0.2896,2422.0,8,0,0,0,1.0,0
0.6955,64,0,0.4694,,7,0,0,0,0.0,0
1.0642,59,0,0.3762,3912.0,7,0,0,0,0.0,0
0.5092,50,0,0.2897,12578.0,7,0,0,0,3.0,0
0.4485,52,0,0.176,9583.0,8,0,1,0,0.0,0
0.5156,42,0,0.6613,,5,0,0,0,1.0,0
1.5719,37,4,0.7269,3239.0,8,0,3,2,1.0,0
0.7662,48,0,1.6835,3726.0,9,0,0,0,0.0,0
0.4587,74,0,0.1398,,2,0,2,0,1.0,0
0.0436,37,0,0.6271,,7,0,0,0,2.0,0
0.3186,33,0,0.2776,4251.0,7,0,3,0,0.0,0
0.0376,55,0,0.6465,9714.0,3,0,2,0,2.0,0
0.4111,66,0,0.1715,5258.0,7,0,0,0,0.0,0
0.0499,43,0,0.4723,4337.0,6,0,1,0,0.0,0
0.4433,38,0,0.3664,7563.0,8,0,1,0,3.0,0
0.903,57,0,0.2494,8387.0,7,0,0,0,0.0,0
0.4587,54,3,0.2501,5162.0,12,0,2,0,1.0,0
0.3799,73,0,0.6372,,10,0,1,0,0.0,0
6.5582,69,2,0.61,12083.0,11,0,1,0,1.0,0
0.3533,34,0,0.5691,7206.0,9,0,3,0,1.0,0
0.6412,38,0,0.4906,4726.0,9,0,0,0,0.0,0
0.6126,21,0,0.5916,4633.0,7,0,2,0,1.0,0
0.7233,55,0,0.2367,8524.0,10,0,0,0,,0
0.6107,41,0,0.1982,5524.0,10,0,3,0,1.0,0
0.3544,80,0,0.1696,3412.0,8,0,1,0,0.0,0
0.0921,45,0,0.8161,7497.0,6,0,1,0,2.0,0
0.6102,47,0,1.005,5980.0,9,0,0,0,0.0,0
0.3267,42,0,0.7762,5930.0,12,0,3,0,1.0,0
0.0705,53,1,0.4939,4316.0,6,1,0,1,0.0,0
0.4228,71,0,0.6942,4779.0,9,0,1,0,2.0,0
0.4122,22,0,0.4431,4299.0,8,0,0,0,0.0,0
0.0631,68,0,0.1389,2936.0,8,0,1,0,1.0,0
0.4946,25,0,0.852,4623.0,6,0,1,0,1.0,0
0.334,48,0,0.531,4976.0,9,0,4,0,1.0,0
0.2213,37,0,0.5185,,9,0,1,0,0.0,0
0.2598,38,0,0.3872,,5,0,0,0,1.0,0
0.2661,33,4,0.5093,4915.0,6,0,0,0,0.0,0
0.2833,57,0,0.1651,4256.0,11,0,1,0,1.0,0
5.5891,46,1,0.3171,7990.0,12,1,2,0,0.0,0
0.8961,59,2,0.8453,3266.0,13,0,0,0,3.0,0
0.0744,61,0,0.7901,7306.0,8,0,1,0,2.0,0
0.3572,48,3,0.136,7993.0,10,0,1,0,1.0,0
0.3311,61,0,0.3917,,4,0,2,0,2.0,0
0.4398,53,0,0.8386,4312.0,8,0,0,0,1.0,0
0.4537,45,0,0.604,3285.0,8,0,0,0,1.0,0
0.2505,65,0,0.7711,9538.0,4,0,2,0,0.0,0
0.749,73,0,0.4774,7045.0,9,0,2,0,2.0,0
0.195,70,1,0.7785,6070.0,4,0,0,0,1.0,0
0.3135,28,0,0.0774,,9,0,0,0,1.0,0
0.4271,53,0,0.6134,11955.0,11,0,1,0,1.0,0
0.3483,70,0,0.5059,3332.0,9,0,0,0,0.0,0
0.3875,35,0,0.7444,3618.0,12,0,1,0,0.0,0
0.0535,51,0,0.6859,11998.0,7,0,0,0,0.0,0
0.6455,41,0,0.3537,4208.0,3,0,1,0,0.0,0
0.4529,56,0,0.3182,9670.0,9,0,0,0,2.0,0
0.5003,93,0,0.4427,14396.0,11,0,2,0,0.0,0
0.8773,52,0,0.6068,3571.0,7,0,0,0,2.0,0
0.8495,50,2,0.2571,20638.0,9,0,0,0,0.0,0
0.1476,83,0,0.5959,9176.0,11,0,2,0,0.0,0
0.1486,55,0,0.6288,16888.0,7,0,1,0,0.0,0
0.1697,43,0,0.7321,7530.0,10,0,2,0,0.0,0
0.3216,29,0,0.6267,4953.0,5,0,3,0,0.0,0
0.3093,67,0,0.3001,4368.0,4,0,2,0,2.0,0
0.5358,35,2,0.2567,3311.0,7,0,1,0,0.0,0
0.6088,49,0,1.0179,7211.0,5,0,1,0,0.0,1
0.2956,58,0,0.858,7258.0,11,0,0,0,0.0,0
0.5446,61,0,0.8514,22611.0,12,0,3,0,2.0,0
0.1507,29,0,0.4579,5871.0,9,0,0,0,1.0,0
0.6011,37,0,0.6025,,7,0,0,0,1.0,0
2.527,55,0,0.2474,6047.0,11,0,1,0,1.0,0
0.3506,30,0,0.4902,11166.0,12,0,0,0,2.0,0
0.5375,62,0,1.3489,8662.0,10,0,1,0,1.0,0
1.1384,33,0,0.8601,,15,0,2,0,0.0,1
0.5483,48,0,0.1268,,10,0,1,0,3.0,0
3.3113,45,0,0.434,2395.0,11,0,0,0,2.0,0
0.6189,63,0,0.745,7417.0,8,0,2,0,2.0,0
3.7255,45,0,0.5048,4793.0,5,0,2,0,1.0,0
0.4901,62,0,0.2013,33437.0,7,0,2,0,0.0,0
0.2072,68,0,0.0379,,12,0,0,0,1.0,0
0.326,51,0,0.4451,,9,0,2,0,1.0,0
0.1484,55,0,0.5988,,10,0,1,0,0.0,0
0.2535,42,0,0.9918,2913.0,9,0,2,0,1.0,0
0.0091,36,0,0.4283,2045.0,9,0,1,0,1.0,0
0.4298,34,0,0.0141,,11,0,0,0,0.0,0
0.9601,53,0,0.9606,,5,0,0,0,0.0,0
0.4783,44,0,0.6162,,10,0,3,0,1.0,0
0.1671,58,0,0.4021,12971.0,5,0,1,0,0.0,0
7.7801,48,0,0.6174,3226.0,6,0,2,0,0.0,0
3.2732,45,0,0.9599,3460.0,11,0,1,0,0.0,0
0.3509,49,0,0.7941,4116.0,7,0,1,0,1.0,0
0.2442,22,0,0.5645,2756.0,6,0,1,0,0.0,0
1.0877,65,0,0.6588,14737.0,8,0,0,0,0.0,0
0.0173,47,0,0.2705,2237.0,8,0,1,0,1.0,0
0.0574,46,0,0.2478,8071.0,4,0,2,0,0.0,0
0.5673,74,0,0.5607,,9,0,1,0,0.0,0
0.0156,47,0,0.5726,6759.0,10,0,3,0,1.0,0
0.3689,60,0,0.3566,7771.0,13,0,3,0,0.0,0
0.5834,24,0,0.3451,,8,0,0,0,0.0,0
0.3554,43,0,0.7138,3282.0,7,0,1,0,1.0,0
0.0067,68,0,0.9411,7704.0,6,0,1,0,0.0,0
0.2251,64,0,0.3401,5559.0,7,0,0,0,0.0,0
0.3611,61,0,0.303,10504.0,6,0,1,0,0.0,0
0.5995,41,0,1.1765,7768.0,7,0,2,0,0.0,0
0.4166,55,0,0.3441,7189.0,7,0,2,0,1.0,0
2.3931,46,0,0.7382,,5,0,1,0,2.0,0
0.6585,57,0,0.503,2060.0,11,0,0,0,0.0,0
0.0774,64,0,0.8283,6177.0,3,0,1,0,2.0,0
0.6302,55,0,0.6245,10928.0,7,0,1,0,1.0,0
0.8508,67,0,0.8428,7741.0,2,0,1,0,1.0,0
0.2793,68,0,0.2858,3661.0,10,0,0,0,0.0,0
1.0016,35,2,0.3703,10407.0,5,2,0,0,0.0,0
0.2847,25,0,0.4611,6061.0,7,0,0,0,1.0,0
0.5951,66,0,0.5404,9002.0,8,0,1,0,1.0,0
0.0838,53,0,0.3645,6241.0,8,0,2,0,2.0,0
1.077,72,0,0.0642,10752.0,8,0,1,0,2.0,0
0.9567,57,0,0.4422,,10,0,0,0,0.0,0
0.8989,74,0,0.2312,4655.0,4,0,1,0,1.0,1
0.9966,63,0,1.0048,11905.0,8,0,1,0,2.0,0
0.0228,57,2,0.8975,2465.0,7,0,1,0,1.0,0
0.3744,46,1,0.5465,6302.0,5,0,1,0,2.0,0
0.854,45,0,0.2719,,3,0,0,0,0.0,0
2.865,27,0,0.9659,13381.0,10,0,3,0,2.0,0
0.9415,61,0,0.783,6876.0,8,0,0,0,0.0,0
0.1047,40,0,0.1189,4212.0,7,0,0,0,2.0,0
0.7219,48,0,0.4521,,7,0,0,0,0.0,0
0.6084,51,0,0.3024,,4,0,0,0,0.0,0
0.2014,44,0,0.5428,8424.0,13,0,0,0,0.0,0
0.7429,55,0,0.4531,8645.0,6,0,1,0,1.0,0
0.2865,21,0,0.3026,2830.0,10,0,2,0,0.0,0
0.3874,52,0,0.2355,7953.0,8,0,4,0,0.0,0
0.0853,61,0,0.5918,2279.0,14,0,0,0,2.0,0
0.463,27,0,0.6567,6368.0,5,0,3,0,1.0,0
0.3879,42,3,0.8354,12274.0,9,0,2,0,1.0,0
0.3678,72,0,0.2893,2547.0,8,0,1,0,1.0,0
0.3314,51,0,0.1949,1207.0,10,0,1,0,0.0,0
0.2387,42,0,0.3784,11214.0,2,0,1,0,0.0,0
0.0601,63,0,0.1713,3265.0,8,0,2,0,3.0,0
0.5368,36,0,0.5574,4757.0,10,0,3,0,2.0,0
0.265,37,0,0.2805,2721.0,8,0,1,0,1.0,0
0.6699,38,0,0.4183,,4,0,0,0,0.0,0
0.7615,72,0,0.3384,5595.0,9,0,3,0,1.0,0
1.2193,37,0,0.3927,7258.0,6,0,0,0,,0
0.2683,51,0,0.2219,3950.0,10,0,1,0,0.0,0
0.0524,68,0,0.4989,5055.0,8,0,1,0,0.0,0
0.1222,37,0,0.6062,,15,0,1,0,0.0,0
0.4497,27,0,0.3967,,8,0,1,0,0.0,0
0.561,82,0,0.2016,10567.0,6,0,2,0,0.0,0
0.8425,54,0,1.0103,4551.0,14,0,0,0,1.0,1
0.3225,43,0,0.4046,12037.0,6,0,0,0,1.0,0
1.6424,50,0,0.1365,2337.0,7,0,1,0,0.0,0
0.0309,63,0,0.6106,,8,0,0,0,0.0,0
0.5162,30,0,0.2429,,5,0,1,0,,0
0.0175,45,0,0.3473,20539.0,12,0,2,0,0.0,0
0.9186,63,0,0.2268,5540.0,6,0,0,0,1.0,0
1.3304,73,3,1.083,3423.0,7,0,1,0,1.0,0
1.9688,73,0,0.1227,,9,0,0,0,0.0,0
0.0868,54,0,0.2786,23057.0,8,0,1,0,2.0,0
0.4292,74,0,0.2139,2593.0,6,0,0,0,0.0,1
0.0831,28,0,0.9645,7174.0,10,0,1,0,1.0,0
0.1763,54,0,0.4421,,10,0,0,0,1.0,0
5.4073,21,0,0.2596,9149.0,5,0,0,0,0.0,0
0.0913,72,0,0.3577,9436.0,9,0,0,0,0.0,0
1.0231,58,6,1.0832,10901.0,10,0,0,0,0.0,0
0.11,77,0,0.498,7127.0,6,0,2,0,1.0,0
0.5053,43,0,0.0549,3947.0,5,0,2,0,0.0,0
0.301,33,0,0.3184,5370.0,4,0,1,0,2.0,0
2.3661,63,0,0.5753,5393.0,7,0,1,0,1.0,1
0.0359,50,0,0.3506,3689.0,5,0,1,0,0.0,0
0.0466,68,0,0.1054,,7,0,0,0,2.0,0
1.6186,63,0,0.3865,9299.0,5,0,3,0,0.0,0
0.2869,48,0,0.5213,,5,0,0,0,2.0,0
0.1243,52,0,0.5865,,8,0,0,0,0.0,0
0.3378,49,0,0.2552,7605.0,10,0,0,0,0.0,0
2.2586,52,3,0.224,3707.0,5,0,1,3,1.0,0
3.4168,45,0,0.4994,6889.0,5,0,1,0,0.0,0
0.2039,61,0,0.2943,8701.0,5,0,0,0,0.0,0
0.8855,28,0,0.4923,3296.0,10,0,2,0,2.0,1
0.6024,25,0,0.3216,,5,0,3,0,1.0,0
0.231,46,0,0.0773,,19,0,3,0,0.0,0
0.24,43,0,0.6982,,4,0,0,0,1.0,0
0.0465,45,0,0.565,6526.0,8,0,1,0,0.0,0
0.8823,69,0,0.6384,12571.0,7,0,0,0,0.0,0
0.1098,54,0,0.7757,9070.0,5,0,0,0,1.0,0
1.943,63,0,1.2187,,11,0,0,0,1.0,0
0.576,59,0,0.2829,3484.0,10,0,2,0,1.0,0
0.0316,73,0,0.7566,,7,0,1,0,4.0,0
0.7069,43,0,0.4616,4223.0,4,0,1,0,0.0,0
2.4092,60,0,0.2412,4778.0,10,0,0,0,1.0,0
0.3456,49,0,0.2773,5649.0,10,0,4,2,1.0,0
0.3678,36,0,0.551,2565.0,7,0,0,0,1.0,0
0.2243,35,0,0.807,,5,0,3,0,2.0,0
0.194,49,0,0.7183,3713.0,3,0,1,0,1.0,0
1.1077,67,1,0.2884,12467.0,11,0,1,0,0.0,0
0.4084,44,0,0.3687,8849.0,8,0,1,0,0.0,0
0.3737,45,0,0.2917,,8,0,1,0,,0
0.2768,42,0,0.4961,,4,0,0,0,0.0,0
0.3376,35,0,0.9545,1523.0,13,0,0,0,0.0,0
2.3593,45,0,0.2546,6039.0,8,0,0,0,2.0,0
6.4662,68,0,0.5169,3603.0,10,0,0,0,0.0,0
0.8073,56,0,0.5717,5509.0,6,0,1,0,1.0,0
0.2121,44,0,0.9547,,6,0,1,0,1.0,0
1.1651,47,0,0.6681,2212.0,8,0,1,0,0.0,1
0.2534,57,0,0.1086,4041.0,10,0,0,0,1.0,0
0.2697,44,0,0.7243,4042.0,5,0,1,0,0.0,0
0.3504,64,0,0.2733,2749.0,9,0,1,0,1.0,0
0.8983,69,0,0.6139,2852.0,8,0,2,0,2.0,0
0.0974,36,2,0.8891,,7,1,2,0,0.0,0
0.1454,48,0,0.4927,,7,0,2,0,0.0,0
0.2945,58,0,0.2445,,7,0,1,0,0.0,0
0.1506,70,0,1.0004,,7,0,0,0,1.0,0
0.7444,21,0,0.1864,4282.0,9,0,2,0,0.0,1
0.2848,43,1,0.5922,6525.0,4,0,0,1,0.0,0
0.1385,21,0,0.5905,6750.0,9,0,0,0,2.0,0
0.2496,63,0,0.5448,21214.0,7,0,0,0,0.0,0
4.8859,52,0,0.7173,,8,0,1,0,0.0,0
0.1368,66,0,0.3155,,6,0,2,0,1.0,0
0.3074,49,0,0.4258,8125.0,8,0,1,0,2.0,0
0.3294,49,0,0.4159,5674.0,8,0,0,0,0.0,0
0.1978,57,0,0.1415,8912.0,8,0,1,0,0.0,0
0.0515,53,0,0.0548,5739.0,12,0,0,0,0.0,0
0.6017,45,0,0.4917,8691.0,6,0,0,0,0.0,0
2.7582,64,0,0.5151,5359.0,6,1,1,0,1.0,0
0.7225,68,0,1.1771,2070.0,3,0,0,0,1.0,0
0.5818,56,0,0.8231,1625.0,7,0,1,0,0.0,0
0.1452,71,0,0.7943,6662.0,11,0,0,0,1.0,0
1.2888,73,0,0.498,,8,0,0,0,0.0,0
0.135,44,0,0.7842,6208.0,12,0,3,0,0.0,0
0.0394,52,0,0.4184,4625.0,8,0,1,0,5.0,0
0.4275,57,0,0.3969,8622.0,10,0,1,0,2.0,0
1.5651,30,0,0.3449,10729.0,14,0,1,1,1.0,0
0.1827,53,0,0.1094,4197.0,9,0,2,0,0.0,0
0.2758,50,0,0.4076,4831.0,10,0,0,0,0.0,0
0.6289,42,0,0.3737,1831.0,10,0,0,0,1.0,0
0.5585,55,0,0.4498,11211.0,10,0,1,0,0.0,0
0.2766,39,0,0.6565,6181.0,9,0,0,0,3.0,0
0.4551,30,1,0.4619,4424.0,3,0,0,1,2.0,0
0.6988,21,0,0.2623,7493.0,13,0,2,0,0.0,0
0.2512,28,0,0.5154,9369.0,8,0,0,0,1.0,0
0.053,35,0,0.7702,2833.0,11,0,0,0,0.0,0
0.3866,52,0,0.1012,7428.0,11,0,1,0,1.0,0
0.5316,56,0,0.42,7802.0,7,0,4,0,2.0,0
0.4295,43,0,0.6802,,6,0,1,0,0.0,0
0.3028,60,0,0.3988,8056.0,5,0,0,0,1.0,0
5.0796,56,0,0.2548,7008.0,16,0,1,0,0.0,0
0.3144,39,0,0.4867,3965.0,15,0,0,0,1.0,0
3.0447,38,0,0.405,8054.0,4,0,1,0,1.0,0
1.7086,69,3,0.6707,,8,0,4,0,1.0,0
0.3478,44,0,0.684,5906.0,6,0,0,0,1.0,0
0.2655,76,0,1.1349,7834.0,8,0,0,0,1.0,0
0.5041,34,0,0.0332,2155.0,7,0,2,0,4.0,0
0.1277,48,0,0.9439,6019.0,10,0,1,0,1.0,0
0.4925,30,0,0.5439,,5,0,2,0,2.0,0
0.4897,24,0,0.543,,5,0,0,0,0.0,1
0.5912,42,0,0.8524,4648.0,16,0,1,0,1.0,0
0.2405,62,0,0.2383,,12,0,1,0,1.0,0
0.3687,43,0,0.051,3630.0,8,0,2,0,1.0,0
0.5785,60,0,0.3675,6767.0,3,0,1,0,0.0,0
1.1535,39,0,0.4029,2870.0,8,0,1,0,1.0,0
0.393,70,0,0.1823,,11,0,0,0,1.0,0
0.4875,40,0,0.0467,,5,0,0,0,0.0,0
0.469,72,0,0.8109,16883.0,9,0,1,0,1.0,0
0.5029,52,0,0.2585,2321.0,11,0,1,0,1.0,1
0.7347,37,0,0.2657,4552.0,5,0,2,0,1.0,0
0.8672,39,0,0.784,3382.0,4,0,2,0,0.0,0
4.3079,57,0,0.2053,11303.0,10,0,1,0,0.0,0
0.2436,36,2,0.817,,6,0,1,0,1.0,0
0.0608,55,0,0.0556,3399.0,2,0,1,0,0.0,0
2.4304,41,0,0.6208,4526.0,6,0,0,0,0.0,1
1.2417,36,0,0.0846,11945.0,3,0,1,0,0.0,0
0.568,40,0,0.7746,,4,0,1,0,0.0,0
0.1921,29,0,0.0796,9809.0,3,0,1,0,0.0,0
0.6609,53,1,1.3379,6285.0,14,0,1,0,1.0,0
8.2064,54,0,0.1865,1255.0,5,0,2,0,1.0,0
0.8009,41,0,0.1443,13986.0,8,0,2,0,2.0,0
0.013,40,0,1.4701,4026.0,7,0,2,0,,0
0.0125,30,0,0.5407,2454.0,11,0,2,0,0.0,0
2.3713,42,0,0.5103,,8,0,1,0,1.0,0
0.1259,57,0,0.6514,5620.0,6,0,0,0,1.0,0
0.5123,41,0,0.5292,,10,0,1,0,2.0,1
0.4141,54,0,0.0734,3923.0,8,0,3,0,0.0,0
0.7753,59,0,0.3403,4124.0,6,0,1,0,1.0,0
0.5294,34,0,0.2762,,6,0,1,0,1.0,0
0.5675,82,0,0.2329,,11,0,3,0,0.0,0
0.232,64,0,0.7441,4591.0,4,0,1,0,0.0,0
0.412,46,0,0.8858,2140.0,7,0,3,0,1.0,0
0.3085,26,0,0.163,3485.0,13,0,1,0,1.0,0
0.189,37,0,0.6301,5166.0,11,0,3,0,0.0,0
0.5283,78,0,0.1242,,8,0,0,0,1.0,1
0.387,57,0,0.2301,6276.0,4,0,2,0,1.0,0
0.5252,43,0,1.4126,7490.0,10,0,0,0,0.0,0
0.2098,45,0,0.5018,6039.0,6,0,2,0,1.0,0
0.3013,71,0,0.2834,12062.0,7,0,2,0,1.0,0
0.5276,57,0,0.352,14548.0,3,0,0,0,0.0,0
0.1104,46,0,0.7284,8791.0,8,0,2,0,1.0,0
0.5136,28,0,0.2693,2208.0,5,0,0,0,2.0,0
0.1951,48,0,0.6895,5572.0,4,0,0,0,1.0,0
0.8078,59,0,0.3818,3003.0,7,0,0,0,0.0,0
0.0653,58,0,0.6289,13074.0,4,0,1,0,1.0,0
0.5514,37,0,0.5722,3548.0,8,0,3,0,0.0,0
0.4361,51,0,0.1156,6450.0,9,0,1,0,0.0,0
0.5376,59,0,0.1147,6201.0,10,0,0,0,0.0,0
0.743,71,0,0.5425,6405.0,15,0,1,0,0.0,0
0.5752,46,0,0.133,6189.0,4,0,1,0,0.0,0
0.4096,76,0,0.4404,6040.0,8,0,0,0,0.0,0
0.9701,58,0,0.9016,,7,0,1,0,0.0,1
0.2261,43,0,0.3644,,7,0,2,0,1.0,0
1.3115,37,0,0.4779,,13,0,0,0,0.0,0
0.0774,21,0,1.0069,1091.0,2,0,1,0,0.0,0
0.8869,37,0,0.3536,7422.0,9,0,0,0,0.0,0
0.7805,72,0,0.5304,6673.0,7,0,1,0,0.0,0
0.1508,45,0,0.0815,6855.0,9,0,0,0,1.0,0
2.11,29,2,0.7885,2573.0,11,0,1,2,0.0,0
0.0445,40,0,0.1582,11901.0,7,0,4,0,2.0,0
0.0729,52,1,0.2556,3015.0,8,0,3,0,4.0,0
1.1265,47,0,0.1028,5717.0,8,0,1,0,1.0,0
2.0364,57,0,0.6392,11481.0,5,0,1,0,2.0,0
0.0694,47,0,0.5667,4084.0,5,0,2,0,1.0,0
1.1562,43,0,0.0973,2731.0,7,0,1,0,1.0,0
0.4648,50,0,0.3372,4133.0,15,0,2,0,1.0,0
2.8154,35,0,0.1642,3877.0,9,0,1,0,0.0,0
0.2792,54,0,0.4912,,9,0,1,0,1.0,0
0.4492,37,0,0.6659,7657.0,6,0,0,0,1.0,0
0.1571,49,0,0.2066,5937.0,4,0,0,0,4.0,0
0.1411,56,0,0.4916,5138.0,9,0,2,0,0.0,0
0.628,46,0,0.8738,5243.0,9,0,1,0,0.0,0
0.5667,51,0,0.5957,13348.0,11,0,1,0,2.0,0
0.5832,61,0,0.6248,9059.0,11,0,0,0,2.0,0
0.7077,41,0,0.2507,4863.0,10,0,1,0,1.0,0
0.7441,75,0,0.9837,8897.0,2,0,0,0,2.0,0
0.0042,34,0,0.3387,6476.0,11,0,0,0,1.0,0
0.4188,69,0,0.6419,1416.0,8,0,0,0,0.0,1
0.1427,57,0,0.5212,,5,0,0,0,1.0,0
0.3845,58,0,0.3552,12989.0,13,0,0,0,0.0,0
0.7105,65,0,0.9372,4855.0,11,0,1,0,1.0,0
1.2163,52,0,0.4759,5610.0,4,0,0,0,1.0,0
0.0996,54,0,1.079,4134.0,6,0,2,0,0.0,0
0.0047,53,0,0.8051,7451.0,7,0,4,0,1.0,0
0.6171,63,0,0.2025,8547.0,5,0,2,0,2.0,0
0.6631,66,0,0.7284,2343.0,5,0,1,0,3.0,0
0.7043,52,0,0.5072,5118.0,8,0,1,0,0.0,1
5.1953,47,0,0.4362,,4,0,1,0,0.0,0
0.6416,37,0,0.197,5220.0,11,0,1,0,0.0,0
0.0395,54,0,0.3938,8382.0,7,0,0,0,1.0,0
1.6437,45,0,0.2789,3665.0,5,0,1,0,1.0,0
0.4658,27,0,0.8345,5595.0,16,0,1,0,0.0,0
2.5347,50,0,0.8973,4305.0,7,0,2,0,1.0,0
0.479,52,0,1.0128,4196.0,7,0,0,0,0.0,0
0.2499,63,0,0.7446,19998.0,8,0,1,0,0.0,0
2.5746,51,0,0.4368,8328.0,14,0,0,0,0.0,1
5.226,37,0,0.7037,17426.0,3,0,1,0,1.0,0
0.1983,66,0,0.7902,5654.0,14,0,1,0,0.0,0
0.4464,22,0,0.4043,5398.0,8,0,2,0,1.0,0
0.9552,30,0,0.3789,,2,0,2,0,0.0,0
3.2921,48,0,0.4075,4579.0,5,0,0,0,1.0,1
1.4382,47,0,0.2439,3412.0,9,0,1,0,1.0,0
0.235,48,0,0.9456,4483.0,11,0,2,0,0.0,0
0.3492,40,0,0.7384,2627.0,6,0,1,0,0.0,0
0.7771,64,0,0.3227,,9,0,1,0,0.0,0
0.6177,48,0,0.6998,4488.0,7,0,3,0,1.0,0
0.2405,32,0,0.7804,,9,0,1,0,4.0,0
0.5951,56,0,0.9109,8898.0,11,0,0,0,2.0,0
1.0423,40,0,0.4599,,10,0,1,0,2.0,0
0.0313,38,0,0.5046,4405.0,12,0,2,0,1.0,0
4.7103,50,0,0.5415,2475.0,9,0,0,0,0.0,0
0.3878,73,0,1.0107,,9,0,1,0,0.0,0
0.2611,21,0,0.3328,,10,0,1,0,0.0,0
0.968,28,0,0.2767,2971.0,5,0,1,0,2.0,1
9.7492,38,0,0.3264,,4,0,1,0,0.0,0
0.5171,74,0,0.2132,5202.0,2,0,1,0,2.0,0
0.3346,35,0,0.8232,,6,0,1,0,1.0,0
0.0389,65,2,1.3301,2274.0,6,0,2,0,1.0,1
0.4721,62,3,0.3576,4496.0,10,0,1,0,0.0,0
0.0709,66,0,0.6995,6438.0,8,0,1,0,1.0,0
0.8422,38,0,0.1466,4805.0,10,0,1,0,1.0,0
0.132,52,0,0.641,,8,0,1,0,1.0,0
0.2107,60,0,0.3944,6045.0,4,0,2,0,1.0,0
0.821,56,0,1.0162,10709.0,6,0,2,0,0.0,0
0.7683,90,0,0.6289,3175.0,4,0,2,0,1.0,1
0.497,77,0,0.7512,3085.0,2,0,1,0,1.0,0
0.1629,67,0,0.9939,3861.0,6,0,5,0,1.0,0
0.4086,61,0,0.576,5528.0,9,0,2,0,0.0,0
0.0612,62,0,0.6904,5181.0,7,0,1,0,1.0,0
0.8014,66,0,0.3728,6082.0,10,0,0,0,0.0,0
0.6715,76,0,0.3032,,11,0,1,0,0.0,0
0.6486,40,0,0.7787,4029.0,12,0,2,1,1.0,0
0.8303,68,1,0.5307,4593.0,6,0,4,0,0.0,0
0.0055,55,0,0.5421,2620.0,6,0,2,0,0.0,0
0.071,66,2,0.408,5550.0,5,0,1,0,0.0,0
0.3739,53,0,0.2484,5240.0,8,0,0,0,2.0,0
1.939,45,0,0.2282,3703.0,10,0,0,0,2.0,0
0.2733,45,0,0.2591,3243.0,11,0,0,0,,0
0.5881,53,0,0.2183,10238.0,6,0,2,0,0.0,0
0.5095,59,0,0.5874,8696.0,7,0,1,0,0.0,0
7.6419,46,0,0.6573,12010.0,6,0,1,0,0.0,0
0.5027,31,0,0.4709,6337.0,16,0,1,0,2.0,0
1.8478,61,0,0.99,8881.0,6,0,1,0,2.0,0
0.6798,50,0,0.2892,7970.0,8,0,2,0,1.0,0
5.666,22,0,0.4506,,13,0,2,0,4.0,0
0.0097,29,0,0.5442,13293.0,9,0,2,0,0.0,0
0.3421,56,0,1.074,,10,0,2,0,1.0,0
0.412,61,0,0.2399,6560.0,11,0,0,0,0.0,0
0.0664,67,0,0.3845,5488.0,7,0,0,0,0.0,0
0.4833,44,0,0.3226,3683.0,8,0,2,0,0.0,0
0.2986,43,0,0.7935,12137.0,14,0,3,0,1.0,0
1.214,59,0,0.583,8105.0,6,0,2,0,0.0,0
0.073,40,0,0.0947,5803.0,13,0,1,0,0.0,0
1.6487,40,0,0.5974,,8,1,0,0,3.0,0
0.169,54,0,0.8702,9657.0,4,0,2,0,1.0,0
2.1953,55,0,0.2498,2234.0,8,0,0,0,0.0,0
0.3845,59,0,0.5195,3765.0,6,2,1,0,1.0,0
0.2872,53,0,0.5464,1411.0,11,0,1,0,1.0,0
0.3277,38,0,0.2325,3676.0,5,0,2,0,1.0,0
0.2908,47,0,0.5373,,11,0,2,0,0.0,0
0.0632,53,0,0.5635,5463.0,11,0,0,0,4.0,0
0.1212,69,0,0.2939,13878.0,10,0,1,0,2.0,0
2.2272,61,1,0.352,4837.0,6,2,2,0,0.0,0
0.602,54,0,0.5748,,6,0,5,0,0.0,0
0.9835,61,0,0.1007,,9,0,0,0,1.0,0
4.8443,70,0,0.2228,,9,0,2,0,0.0,0
0.0969,34,0,0.2801,3143.0,13,0,2,0,3.0,0
0.0428,52,0,0.4265,5485.0,7,0,1,0,1.0,0
0.2638,29,0,0.1024,9465.0,13,0,1,0,0.0,0
0.2087,52,0,0.3606,4095.0,7,0,2,0,2.0,0
4.563,45,0,0.2246,5327.0,6,0,1,0,0.0,0
0.108,71,0,0.7028,7419.0,6,0,0,0,1.0,0
0.6793,68,0,0.6533,9457.0,15,0,3,0,1.0,0
0.4976,80,0,1.0787,17631.0,7,0,1,0,1.0,0
0.2479,48,0,0.4724,,11,0,1,0,1.0,0
0.4758,55,0,0.7401,3198.0,11,0,2,0,,0
0.6142,51,0,0.4536,4575.0,10,0,2,0,0.0,0
0.5601,70,0,0.5231,,6,0,1,0,2.0,1
0.597,52,0,0.2098,6358.0,6,0,1,0,1.0,0
4.4178,39,0,0.221,5903.0,5,0,0,0,1.0,0
0.5331,28,0,0.3229,5544.0,4,0,0,0,0.0,0
0.6392,70,0,1.1627,2502.0,8,0,0,0,0.0,0
0.4327,57,0,0.2507,,3,0,0,0,0.0,0
0.6467,55,0,0.1077,8677.0,10,0,0,0,0.0,0
0.0793,74,1,0.1113,,6,0,0,0,1.0,0
0.238,54,0,0.3102,,10,0,1,0,2.0,0
0.6379,31,0,0.642,13577.0,7,0,1,0,1.0,0
0.2452,34,0,0.5393,2365.0,10,0,0,0,0.0,0
0.3411,60,0,0.7682,13360.0,5,0,0,0,1.0,0
0.3803,62,0,0.5772,,7,0,2,0,2.0,0
0.0932,83,0,0.5923,7873.0,7,0,2,0,2.0,0
2.9516,53,1,0.5079,6102.0,9,0,0,0,1.0,0
0.0665,79,0,0.6142,,6,0,1,0,0.0,0
6.5996,37,0,0.3911,5510.0,12,0,0,0,1.0,0
0.3135,42,0,0.4512,3915.0,8,0,0,0,0.0,0
0.2642,37,0,0.1508,,7,0,1,0,0.0,0
0.0102,56,0,0.373,4176.0,9,0,1,0,0.0,0
0.6007,70,0,0.6102,7032.0,10,0,0,0,1.0,0
0.2463,50,0,0.285,5775.0,7,0,2,0,2.0,0
0.2306,40,0,0.6032,,5,0,0,0,0.0,0
0.7471,62,0,0.4469,1158.0,9,0,3,0,0.0,0
0.0253,51,0,1.0048,13861.0,5,0,1,0,1.0,0
0.6079,62,1,0.7493,4381.0,7,0,1,0,1.0,0
0.8026,52,0,0.5485,10036.0,10,0,1,0,0.0,0
0.2214,52,0,0.238,1654.0,13,0,0,0,0.0,0
0.4674,81,0,0.0406,2608.0,9,0,1,0,2.0,0
0.4022,38,0,0.4944,10875.0,6,0,0,0,0.0,0
0.1612,59,0,0.1424,,2,0,3,0,4.0,0
1.1124,63,0,0.4185,5501.0,10,0,0,0,0.0,0
0.1003,68,0,0.5169,3050.0,7,0,0,0,0.0,0
0.0994,38,0,0.2461,1933.0,7,0,0,0,0.0,0
7.186,58,0,0.7351,4844.0,10,0,1,0,0.0,0
0.0052,46,0,0.3256,10264.0,8,0,0,0,1.0,0
0.3518,52,0,0.553,18530.0,4,0,0,0,1.0,0
2.7576,47,0,0.6169,,8,0,2,0,1.0,0
0.0931,45,0,1.1044,2955.0,6,0,0,0,2.0,0
0.2382,74,0,0.108,4202.0,12,0,1,0,1.0,0
0.0106,67,0,0.2729,9332.0,6,0,1,0,1.0,0
0.2878,33,0,0.3577,,6,0,1,0,1.0,0
0.2981,49,0,0.1496,7505.0,4,0,0,0,1.0,0
0.0921,51,0,0.3931,9709.0,7,0,0,0,1.0,0
0.4513,72,0,0.581,7373.0,3,0,0,0,3.0,0
0.6643,36,0,0.244,6084.0,10,0,0,0,0.0,0
0.08,43,0,0.5299,,10,0,2,0,0.0,0
0.2522,42,0,0.3443,,8,0,2,0,0.0,0
0.4963,25,0,0.5213,,6,0,2,0,1.0,1
0.1274,25,0,0.4146,5552.0,5,0,1,0,0.0,0
0.857,56,0,0.5576,5975.0,6,0,0,0,0.0,0
0.0486,42,0,0.1348,,7,0,1,0,0.0,0
0.7589,55,0,0.0575,,5,0,4,0,0.0,1
0.3039,30,2,0.5792,5811.0,6,0,0,0,2.0,0
0.2094,36,0,0.8449,3238.0,3,0,3,0,0.0,0
0.4863,46,0,0.7368,5658.0,3,0,0,0,2.0,0
0.537,31,0,0.9001,5640.0,5,0,0,0,0.0,0
0.0169,48,0,0.2899,,12,0,1,0,0.0,0
0.4289,48,0,0.5871,8744.0,6,0,1,0,0.0,0
0.0227,46,0,0.1501,2770.0,12,0,0,0,2.0,0
0.7923,33,0,0.3243,4044.0,8,0,1,0,1.0,0
0.4897,68,0,0.4086,6285.0,7,0,1,0,4.0,0
4.1419,35,0,0.8457,17764.0,9,0,1,0,0.0,0
1.9288,49,0,0.4933,1417.0,9,0,1,0,2.0,0
0.1857,50,0,0.4879,5688.0,7,0,3,0,0.0,0
0.1707,52,0,0.5496,,7,0,1,0,0.0,0
0.0668,33,0,0.4851,18437.0,3,0,0,0,0.0,0
0.0148,56,0,0.4495,11053.0,7,0,1,0,0.0,0
0.3579,42,0,0.5336,3848.0,4,0,0,0,1.0,0
0.6455,59,0,0.3382,13194.0,4,0,0,0,0.0,0
0.0522,65,0,0.798,,10,0,0,0,1.0,0
1.0046,53,0,0.2825,4980.0,3,0,2,0,1.0,0
0.2627,44,0,0.5472,7814.0,14,0,1,0,0.0,0
0.0279,74,0,0.8559,4242.0,7,0,3,0,,0
0.1738,58,2,0.7822,10457.0,7,0,1,0,1.0,0
9.5116,41,0,0.0665,1990.0,6,0,1,0,0.0,0
0.2478,36,0,0.6803,6605.0,12,0,0,0,0.0,0
0.0004,57,0,0.5967,6342.0,9,0,1,0,0.0,0
0.4272,47,0,0.4248,,13,0,1,0,1.0,0
4.3893,36,2,0.1698,5875.0,8,0,2,0,1.0,0
0.6398,53,2,0.414,10688.0,7,0,0,1,,0
0.4283,34,0,0.5507,3788.0,7,0,0,0,1.0,0
1.5925,53,0,0.9367,7187.0,9,0,0,0,0.0,0
0.2437,56,0,0.7104,10508.0,7,0,1,0,0.0,0
0.4087,40,0,0.0554,9576.0,10,0,1,0,0.0,0
2.8543,57,0,1.0849,,11,0,1,0,0.0,0
0.2696,41,0,0.3106,5425.0,4,0,2,0,3.0,0
2.4224,51,1,0.999,30881.0,10,0,2,0,0.0,0
0.7786,30,0,0.1696,1839.0,10,0,2,0,0.0,0
0.0415,53,0,0.5823,5457.0,5,0,0,0,0.0,0
0.2803,67,0,0.5498,,8,0,2,0,0.0,0
0.0214,31,0,0.2154,4952.0,6,0,2,0,1.0,0
0.1088,62,0,0.2602,3815.0,6,0,0,0,1.0,0
0.2676,44,0,0.3664,8240.0,12,0,1,0,1.0,0
0.4096,64,0,0.4886,2465.0,10,0,2,0,1.0,0
1.3956,76,0,0.4318,6327.0,3,0,2,0,3.0,0
0.1941,53,0,0.3559,8141.0,10,0,0,0,0.0,0
0.321,59,0,0.3502,998.0,8,0,2,0,0.0,0
0.0041,57,0,1.0951,13143.0,8,0,0,0,1.0,0
0.0313,65,0,0.2391,6984.0,10,0,0,0,1.0,0
0.2747,49,0,0.3165,4628.0,10,0,0,0,1.0,0
0.2141,61,0,0.7907,5290.0,12,0,0,0,0.0,0
0.3261,42,0,0.5765,,11,0,0,0,0.0,0
0.2401,68,1,0.6258,8616.0,12,1,2,0,2.0,0
0.5575,37,0,0.1586,3178.0,9,0,0,0,1.0,0
0.8521,45,2,0.1562,,1,2,5,2,0.0,0
0.1324,43,0,0.7409,8415.0,7,0,1,0,1.0,0
0.7532,57,0,0.2785,10561.0,7,0,2,0,0.0,0
0.4228,63,0,0.2046,23237.0,5,0,3,0,1.0,0
0.0281,59,0,0.387,2602.0,6,0,1,0,0.0,0
0.2406,45,0,0.6671,4825.0,8,0,3,0,0.0,0
0.0626,72,0,0.9042,8627.0,9,0,0,0,2.0,0
0.651,68,0,0.3671,3556.0,7,0,2,0,1.0,0
0.5838,56,0,0.0522,3178.0,7,0,0,0,0.0,0
3.1818,43,0,0.5971,12081.0,5,0,0,0,1.0,0
0.2019,33,0,0.3563,1169.0,8,0,2,0,1.0,0
0.0533,62,0,0.3886,9650.0,4,0,2,0,1.0,0
0.0298,48,0,0.7179,1161.0,6,0,2,0,0.0,0
0.2127,65,0,0.3897,4492.0,9,0,1,0,1.0,0
0.4697,66,0,1.1184,17730.0,11,0,2,0,0.0,0
0.9797,46,0,0.6987,2673.0,8,0,1,0,0.0,0
0.7528,52,0,0.5775,9432.0,7,0,3,0,0.0,0
0.9212,52,0,0.3889,,9,0,0,0,1.0,0
1.1377,72,0,0.5291,6352.0,8,0,1,0,2.0,0
0.3293,47,0,0.2995,2827.0,14,0,1,0,1.0,0
1.4371,61,0,0.5942,2984.0,8,0,0,0,0.0,0
0.2952,53,0,1.0402,9091.0,12,0,8,0,1.0,0
0.0455,74,0,0.3427,7163.0,2,0,1,0,0.0,1
0.5297,43,2,0.7259,8690.0,9,0,0,3,0.0,0
0.5056,37,0,0.5413,3210.0,7,0,4,0,0.0,1
3.1671,26,0,0.2392,1805.0,10,0,0,0,0.0,0
1.1941,54,1,0.007,,4,0,1,0,0.0,0
0.4525,55,0,0.3752,5461.0,14,0,0,0,0.0,0
0.6888,49,0,0.5484,5723.0,8,0,1,0,2.0,0
0.0797,65,0,0.3858,7431.0,10,0,0,0,2.0,0
1.8444,73,0,0.4542,7867.0,8,0,0,0,,0
0.7479,41,0,0.7779,,9,0,0,0,0.0,0
0.0838,49,0,0.1022,1075.0,4,0,1,0,1.0,0
0.1544,28,0,0.1047,1993.0,6,0,1,0,1.0,0
0.1475,53,0,0.339,1837.0,7,0,1,0,0.0,0
0.7892,43,0,0.0804,3416.0,4,0,0,0,0.0,0
0.2333,46,0,0.683,1516.0,11,0,2,0,0.0,0
0.3678,50,0,0.6516,2826.0,11,0,2,0,2.0,0
0.8219,59,0,0.1302,4895.0,10,0,2,0,1.0,0
0.0262,48,0,0.4225,2573.0,12,0,1,0,0.0,0
0.2533,79,0,0.9719,,8,0,1,0,0.0,0
0.1913,50,0,0.052,8323.0,6,0,2,0,1.0,0
0.823,32,0,0.4841,5956.0,11,0,1,0,5.0,0
0.0473,41,0,0.3505,8582.0,12,0,2,0,0.0,0
0.6442,60,0,0.7789,4763.0,5,0,1,0,2.0,0
0.6204,61,0,0.699,6175.0,9,0,0,0,1.0,0
0.4092,51,0,0.5991,4479.0,5,0,0,0,2.0,0
0.5908,51,0,0.1535,,3,0,0,0,1.0,0
0.0051,54,0,0.678,3742.0,11,0,0,0,3.0,0
4.3257,61,2,0.7947,9454.0,7,0,1,0,1.0,0
0.3082,51,0,0.6404,2738.0,10,0,1,0,0.0,0
0.1418,34,0,0.736,2061.0,2,0,0,0,0.0,0
1.1398,41,0,0.0716,,6,0,0,0,1.0,0
0.4229,43,0,0.9688,6155.0,10,0,1,0,1.0,0
0.0495,35,0,0.8604,6885.0,10,0,2,0,0.0,0
1.4466,34,0,0.5642,,9,0,1,0,0.0,1
0.7719,56,0,0.7791,4483.0,10,0,3,0,0.0,0
0.4558,50,0,0.6131,3068.0,7,0,0,0,0.0,0
0.1685,61,2,0.542,4113.0,7,0,0,0,0.0,0
0.1812,75,0,0.4423,3293.0,11,0,0,0,0.0,0
0.282,62,0,0.4709,10636.0,6,0,2,0,1.0,0
0.3765,60,0,0.169,17177.0,3,0,2,0,0.0,0
0.404,30,0,0.3846,9374.0,10,0,0,0,0.0,0
0.4443,59,0,0.4895,12775.0,8,0,1,0,0.0,0
0.2974,50,0,0.5066,8401.0,12,0,0,0,2.0,0
3.2257,67,0,0.2445,4954.0,5,0,0,0,3.0,0
0.2281,33,0,0.2584,25621.0,8,0,1,0,1.0,0
0.597,63,0,0.4464,10214.0,7,0,0,0,1.0,0
0.3524,43,0,0.4376,12883.0,8,0,1,0,4.0,0
4.3244,37,0,0.4202,6612.0,5,0,1,0,0.0,0
1.7131,79,0,0.2817,,8,0,1,0,1.0,1
1.4431,52,0,0.7831,8455.0,6,0,2,0,1.0,0
0.121,50,0,0.1783,3875.0,8,0,1,0,1.0,0
4.3113,44,0,0.7143,3406.0,9,0,1,0,1.0,0
0.1896,47,0,0.3428,14180.0,10,0,0,0,1.0,0
2.0959,45,1,1.0323,2279.0,10,0,1,1,0.0,0
0.3799,48,0,0.4271,4659.0,9,0,0,0,0.0,0
0.86,49,1,0.0954,3534.0,7,0,1,0,0.0,0
0.0341,47,0,1.5098,7827.0,5,0,1,0,1.0,0
0.3535,36,0,0.6575,,5,0,1,2,0.0,0
1.9664,51,0,0.9581,3292.0,5,0,2,0,0.0,0
1.9254,55,0,0.6382,5386.0,8,0,1,0,1.0,0
0.4481,62,0,0.5101,14638.0,9,0,0,0,0.0,0
1.5949,66,0,0.4562,3261.0,10,0,3,0,0.0,0
0.2172,47,0,0.207,3822.0,9,0,2,0,3.0,0
0.3333,56,0,0.6491,6089.0,7,0,1,0,,0
0.2825,61,0,0.2672,3137.0,4,0,0,0,3.0,0
0.2009,43,0,0.3307,,8,0,2,0,1.0,0
0.0948,54,0,0.3487,28626.0,6,0,0,0,0.0,0
0.8831,56,0,0.4488,22600.0,9,0,4,0,1.0,0
7.1677,26,0,1.0959,5621.0,8,0,1,0,0.0,0
0.0235,51,0,0.161,4385.0,2,0,3,0,0.0,0
0.0259,53,0,0.5097,5545.0,9,0,1,0,0.0,0
0.6986,41,0,0.5549,4401.0,8,0,0,0,1.0,1
0.5682,64,0,0.3007,,8,0,0,0,0.0,0
0.3276,75,0,0.3379,3121.0,15,0,1,0,2.0,0
0.0087,56,0,0.3573,15576.0,9,0,2,0,0.0,0
0.3139,35,0,0.7378,5315.0,9,0,2,0,1.0,0
0.757,48,0,0.8824,8279.0,9,0,1,0,0.0,0
0.3062,39,0,0.8745,5926.0,9,0,2,0,0.0,0
0.0419,80,0,0.9447,6551.0,9,0,0,0,2.0,0
1.0537,44,0,0.2632,2167.0,6,0,2,0,2.0,0
0.3272,54,0,0.8844,1888.0,11,0,1,0,2.0,0
0.7666,67,0,0.0804,6880.0,6,0,0,0,,0
0.6656,40,0,0.5846,,9,0,1,0,2.0,0
0.012,41,0,0.4878,2053.0,11,0,0,0,0.0,0
0.2691,69,0,0.8433,16683.0,7,0,0,0,1.0,0
0.1154,68,0,0.4789,,11,0,2,0,1.0,0
0.2884,38,0,0.5449,4770.0,11,0,2,0,2.0,0
0.043,37,0,0.6044,4743.0,11,0,0,0,1.0,0
0.4762,60,0,0.2423,8003.0,7,0,0,0,3.0,0
0.107,59,0,0.5506,12946.0,12,0,1,0,1.0,0
0.0542,44,0,0.967,9207.0,12,0,0,0,0.0,0
2.3577,55,1,0.4403,,4,0,0,0,0.0,0
0.3134,36,0,0.2266,10351.0,11,0,1,0,1.0,0
0.7938,59,0,0.0524,3320.0,8,0,0,0,3.0,0
0.9304,55,0,0.1718,4315.0,14,0,1,0,2.0,0
0.0337,28,0,0.2085,9153.0,7,0,0,0,0.0,0
1.1492,46,0,0.3669,7327.0,7,0,3,0,1.0,0
0.5851,47,0,0.5873,3301.0,6,0,0,0,0.0,0
0.2493,60,0,0.5205,,12,0,1,0,1.0,0
2.4406,37,0,0.6898,1358.0,10,0,1,0,1.0,0
0.013,67,0,0.6659,4699.0,8,0,1,0,0.0,0
0.2934,52,0,0.225,18705.0,13,0,1,0,0.0,0
0.3694,66,0,0.237,2194.0,8,0,1,0,0.0,0
0.1041,32,0,0.249,16288.0,5,0,3,0,0.0,0
0.3499,55,0,0.1217,6831.0,12,0,0,0,1.0,1
0.0926,54,0,0.2172,1833.0,10,0,4,0,,0
0.2666,54,1,0.5931,,7,0,0,1,1.0,0
0.9553,56,0,0.8582,,8,0,1,0,0.0,0
0.371,55,0,0.501,,11,0,1,0,0.0,0
0.5014,21,0,0.6451,4035.0,11,0,1,0,3.0,0
0.2356,75,0,0.1354,11597.0,6,0,2,0,0.0,0
0.2349,43,0,0.3274,6606.0,6,0,0,0,0.0,0
0.2558,44,0,0.4347,11826.0,5,0,2,0,0.0,0
1.1924,53,0,0.2426,12179.0,2,0,2,0,1.0,0
0.1332,59,0,0.5248,4538.0,7,0,0,0,0.0,0
1.6456,33,0,0.3129,,8,0,1,1,2.0,0
0.8015,31,0,0.6607,10716.0,8,0,1,0,2.0,0
0.129,73,0,0.4262,4780.0,10,0,0,0,1.0,0
0.0198,47,0,0.1068,6862.0,9,0,1,0,0.0,0
0.4012,56,0,0.6266,2591.0,8,0,1,0,1.0,0
0.2028,38,0,0.4906,10033.0,9,0,0,0,1.0,0
0.0507,75,0,0.18,3970.0,8,0,1,0,1.0,0
0.501,64,0,0.1976,11941.0,10,0,1,0,2.0,0
4.4678,44,0,0.5518,,3,0,1,0,0.0,0
0.1811,73,0,0.9511,,12,0,3,0,0.0,0
0.6198,61,0,0.611,3186.0,3,0,0,0,0.0,1
0.1571,63,0,0.3102,,9,0,1,0,1.0,0
2.4442,64,0,0.5379,,9,0,1,0,0.0,1
0.0569,47,0,0.645,3842.0,13,0,0,0,0.0,0
0.5871,77,0,1.1256,3948.0,14,0,0,0,0.0,1
0.7283,77,0,0.8133,6951.0,13,0,0,0,0.0,0
0.3166,77,0,0.7,7504.0,11,0,0,0,0.0,0
0.722,21,0,0.2906,4603.0,12,0,3,0,2.0,0
0.3243,53,0,0.2661,3093.0,6,0,2,0,0.0,0
0.1245,57,0,0.6511,3329.0,9,0,1,0,1.0,0
1.5408,48,0,0.8561,9134.0,14,0,2,0,1.0,0
0.3217,52,0,1.6848,,6,0,1,0,,0
0.4535,52,0,0.3308,4805.0,8,0,0,0,1.0,0
0.3015,71,0,0.0964,5052.0,7,0,0,0,0.0,0
0.6636,69,0,0.5562,5872.0,10,0,0,0,1.0,1
2.5064,57,0,0.3203,4556.0,7,0,0,0,0.0,0
1.5814,58,0,0.9467,5968.0,10,0,0,0,0.0,0
0.0325,52,0,0.4866,13918.0,5,0,1,0,0.0,0
0.4348,80,0,1.0011,3472.0,12,0,3,0,2.0,1
0.0538,57,2,0.5279,5629.0,8,0,2,1,0.0,0
0.0079,77,0,0.5968,4843.0,8,0,0,0,1.0,0
2.3161,66,0,0.2105,2704.0,4,0,2,0,3.0,0
0.7553,60,0,0.6114,,11,0,2,0,0.0,0
0.0279,31,0,0.5508,6608.0,13,0,0,0,1.0,0
0.3143,69,0,0.6658,6998.0,5,0,0,0,1.0,0
0.1189,28,0,0.185,4265.0,14,0,0,0,0.0,0
2.6082,49,0,0.1144,6795.0,9,0,2,0,1.0,0
0.4227,33,0,0.69,,10,0,0,0,0.0,0
0.3997,66,0,0.7933,9209.0,6,0,0,0,0.0,0
0.1655,46,0,0.3382,,8,0,0,0,0.0,0
0.2308,61,2,0.5719,12002.0,10,0,1,0,1.0,0
0.2738,23,1,0.7687,3350.0,7,0,2,0,0.0,0
1.0423,65,0,0.4609,7160.0,8,0,0,0,0.0,0
0.9808,64,0,0.5146,7147.0,10,0,1,0,2.0,0
1.241,38,0,0.214,1598.0,8,0,1,0,0.0,0
0.6061,44,0,0.1973,5625.0,13,0,0,0,0.0,0
0.7469,71,0,0.7965,25265.0,6,0,0,0,,0
0.054,56,0,0.0948,6104.0,2,0,0,0,1.0,0
0.3966,64,0,0.5473,15436.0,9,0,0,0,2.0,0
0.7652,27,0,0.3428,884.0,9,0,0,0,0.0,0
0.2604,50,0,0.5886,4290.0,10,0,3,0,0.0,0
0.3131,67,0,0.784,3797.0,10,0,1,0,2.0,0
0.7133,42,0,0.1143,2647.0,9,0,1,0,0.0,0
0.2043,43,0,0.7656,2735.0,10,0,1,0,0.0,0
3.9397,52,0,0.8883,,14,0,0,0,1.0,1
0.1041,41,0,0.6141,1962.0,4,0,1,0,0.0,0
1.3458,72,0,0.4272,7517.0,7,0,1,0,1.0,0
0.8913,62,0,0.5293,,6,0,4,0,2.0,0
0.4591,52,0,0.4522,9488.0,7,0,1,0,1.0,0
0.2009,82,0,0.5477,6680.0,7,0,0,0,2.0,0
0.4465,51,0,0.0883,5199.0,10,0,0,0,2.0,0
1.6843,59,0,0.1595,1917.0,5,0,1,0,2.0,0
0.4612,39,0,0.5991,4434.0,11,0,1,0,0.0,0
0.5161,52,0,0.7891,,7,0,1,0,1.0,1
0.3032,62,0,0.3612,5465.0,13,0,0,0,0.0,0
0.0935,62,0,0.1503,1415.0,9,0,2,0,,0
0.1208,40,0,0.7951,6276.0,9,0,0,0,1.0,0
0.3576,34,0,0.0699,,9,0,0,0,2.0,0
0.301,53,0,0.4534,15552.0,6,0,1,0,0.0,0
0.1583,58,0,0.0177,9905.0,18,0,2,0,1.0,0
0.1684,25,0,0.5872,4859.0,10,0,0,0,1.0,0
2.8231,82,0,0.7705,7267.0,9,0,1,0,2.0,0
0.3527,57,0,0.6692,5681.0,10,0,1,0,0.0,0
0.7036,24,0,0.3137,1963.0,3,0,0,0,,1
0.6581,58,0,0.1983,1466.0,10,0,1,0,1.0,0
0.311,30,0,0.3781,3208.0,10,0,0,0,1.0,0
0.7439,38,0,0.0563,3969.0,7,0,3,0,0.0,0
0.3124,59,0,0.3702,,12,0,0,0,0.0,0
0.5879,35,0,0.8129,7477.0,5,0,0,0,2.0,0
3.5904,39,0,0.2789,4795.0,7,0,2,0,1.0,0
0.7576,64,0,0.1275,10585.0,5,0,0,0,1.0,0
0.2679,51,0,1.1633,2405.0,8,0,0,0,2.0,0
0.628,46,0,0.2105,9215.0,9,0,1,0,,0
0.2256,50,0,0.1224,11263.0,11,0,1,0,0.0,0
0.2424,76,0,0.1364,,7,0,2,0,0.0,0
0.2153,64,1,0.5027,6031.0,13,0,0,0,0.0,0
0.4947,33,0,0.1677,6774.0,6,0,0,0,1.0,0
0.1797,73,0,0.0396,13702.0,12,0,1,0,2.0,0
0.6806,46,0,0.1285,4825.0,10,0,0,0,1.0,0
0.7615,51,0,0.4155,3899.0,6,0,0,0,1.0,0
0.7596,39,0,0.1013,1715.0,9,0,1,0,1.0,0
1.9054,46,0,0.0655,,9,0,1,0,0.0,0
0.1207,55,0,0.7377,15264.0,5,0,0,0,0.0,0
0.4522,53,0,0.092,3166.0,9,0,1,0,0.0,1
0.3945,76,0,0.3944,5670.0,12,0,0,0,0.0,0
6.2494,36,0,0.184,,11,0,2,0,0.0,0
0.4177,50,0,0.7185,3758.0,7,0,3,0,1.0,0
0.005,23,0,0.5931,1952.0,7,0,0,0,0.0,0
0.2247,44,0,0.7176,5798.0,12,0,0,0,1.0,0
0.6942,67,0,0.4114,4535.0,6,0,0,0,2.0,0
2.856,73,0,0.591,,9,0,0,0,0.0,0
0.6553,74,0,0.2653,6518.0,7,0,1,0,1.0,0
0.4399,47,0,0.2426,8193.0,12,0,0,0,0.0,0
0.6648,48,0,0.7133,8382.0,5,0,2,0,2.0,0
0.017,38,0,0.3897,7270.0,11,0,0,0,0.0,0
4.5262,49,0,0.069,13058.0,1,0,2,0,0.0,0
0.5078,69,0,0.6783,4257.0,6,0,1,0,0.0,0
1.5989,64,0,0.4035,11700.0,6,0,1,0,0.0,1
0.7594,45,0,0.6498,,6,0,0,0,0.0,0
0.4688,47,0,0.2466,5340.0,6,0,0,0,0.0,0
0.0476,48,0,0.5495,4415.0,12,0,1,0,1.0,0
0.7315,44,0,0.4829,22648.0,13,0,3,0,0.0,0
6.0042,55,0,0.2968,8650.0,4,0,1,0,0.0,0
0.0574,62,0,0.3874,8904.0,3,0,1,0,0.0,0
0.2453,84,0,0.6901,3013.0,4,0,0,0,0.0,0
0.6192,52,0,0.1983,13233.0,7,0,2,0,3.0,0
0.421,62,0,0.3724,,5,0,3,0,1.0,0
0.1921,38,0,0.4748,5331.0,8,0,0,0,0.0,0
1.8803,53,0,0.4107,,8,0,3,0,1.0,0
0.4372,50,0,0.7387,,9,0,0,0,1.0,0
0.1503,61,0,0.4078,3301.0,7,0,0,0,2.0,0
0.7642,59,0,0.6066,4252.0,16,0,1,0,0.0,1
0.8567,62,0,0.3057,15695.0,12,0,3,0,0.0,0
2.1948,50,0,0.9238,3724.0,16,0,1,0,4.0,0
6.7434,47,0,0.5137,,10,0,2,0,0.0,0
0.4647,35,0,0.3513,8658.0,11,0,0,0,1.0,0
0.078,55,3,0.5045,5655.0,8,0,1,0,0.0,0
0.2124,51,0,0.3326,2458.0,6,0,0,0,0.0,0
0.1032,71,0,0.2698,6353.0,6,0,3,0,1.0,0
0.9732,50,0,0.3614,5250.0,7,0,0,0,1.0,0
0.572,44,0,1.047,10434.0,7,0,2,0,0.0,0
0.2,60,0,0.0301,13586.0,10,0,2,0,1.0,1
0.4944,33,0,0.1201,2427.0,11,0,3,0,1.0,0
0.7989,56,0,1.131,4824.0,6,0,0,0,3.0,0
1.1358,43,0,0.7982,8510.0,11,0,1,0,2.0,0
0.6918,35,0,0.6651,3778.0,9,0,2,0,0.0,0
1.0515,54,0,0.5573,3441.0,9,0,1,0,1.0,0
0.0252,21,0,0.3323,,8,0,0,0,0.0,0
0.4087,60,0,0.9611,,6,0,0,0,1.0,0
2.2591,53,2,0.5622,6155.0,7,0,1,0,0.0,0
0.2577,44,0,0.3186,1944.0,3,0,1,0,0.0,0
0.9591,65,0,0.2134,7271.0,2,0,1,0,0.0,1
0.6793,59,0,0.7426,5331.0,9,0,1,0,0.0,0
0.6968,34,0,0.6268,4688.0,6,0,2,0,0.0,0
0.0592,60,0,0.0392,,6,0,0,0,,0
0.2988,59,0,0.1856,11921.0,10,0,1,0,1.0,0
0.4614,46,0,0.292,,8,0,1,0,0.0,0
0.9369,49,0,0.0457,,8,0,1,0,0.0,0
0.3828,75,0,0.5331,2590.0,15,0,0,0,0.0,0
0.3666,58,0,0.4423,,13,0,1,0,0.0,0
0.5175,35,0,0.4773,9613.0,8,0,1,0,1.0,0
9.292,54,0,0.9545,5091.0,9,0,1,0,0.0,0
0.5746,31,0,0.8243,8215.0,9,0,0,0,0.0,0
0.5632,59,0,0.2082,17635.0,7,0,0,0,0.0,0
0.7118,44,0,0.5436,,13,0,1,0,1.0,0
0.7159,46,0,0.8179,5137.0,9,0,3,0,2.0,0
0.3978,39,0,0.4862,3515.0,7,0,2,0,0.0,0
0.4294,47,0,0.9508,5070.0,14,0,1,0,1.0,0
4.7879,55,0,0.0423,5568.0,7,0,0,0,0.0,0
0.3334,43,0,1.0926,5728.0,2,0,0,0,3.0,0
0.3216,41,0,0.1174,3608.0,7,0,3,0,1.0,0
0.6579,53,0,0.7869,7977.0,8,0,0,0,1.0,0
0.516,48,0,0.1831,5177.0,10,0,2,0,1.0,0
1.2227,49,0,0.5383,10463.0,10,0,1,0,0.0,0
0.1882,42,0,0.5709,2926.0,3,0,1,0,0.0,0
0.6914,39,0,0.0485,10572.0,6,0,2,0,3.0,0
0.5438,50,0,1.1528,3455.0,9,0,2,0,1.0,0
0.3172,62,0,0.3876,11841.0,7,0,2,0,1.0,0
0.177,51,0,0.247,,9,0,0,0,0.0,0
0.2362,48,0,0.1073,11106.0,9,0,0,0,1.0,0
0.4546,32,0,0.9536,,10,0,1,0,0.0,1
0.6403,45,0,0.064,,7,0,2,0,1.0,0
0.1195,44,0,0.1522,,11,0,3,0,0.0,0
0.3431,53,0,0.3894,2481.0,6,0,3,0,0.0,0
0.3402,53,0,0.5025,11699.0,9,0,0,0,0.0,0
0.3596,85,0,1.1864,5262.0,12,0,2,0,1.0,0
0.4219,47,0,0.2367,4987.0,8,0,0,0,1.0,0
0.0806,63,0,0.8437,3949.0,7,0,0,0,0.0,0
0.3577,64,0,0.2315,4463.0,3,0,0,0,0.0,0
0.1251,61,0,0.6247,6965.0,4,0,0,0,0.0,0
0.6506,52,0,0.5226,7416.0,7,0,1,0,1.0,0
0.1048,87,0,0.5773,2928.0,7,0,2,0,0.0,0
0.9689,40,0,0.2811,8271.0,8,0,2,0,0.0,0
1.4584,59,0,0.5616,7866.0,9,0,4,0,1.0,0
0.5012,62,0,0.3206,17509.0,9,0,0,0,0.0,0
0.766,29,0,0.2485,,10,0,2,0,1.0,0
1.4273,32,3,0.3882,,8,0,1,0,0.0,0
0.2759,69,0,0.2975,2002.0,8,0,3,0,0.0,0
1.7383,56,0,0.3864,,9,0,3,0,1.0,0
0.4699,36,0,0.6466,15158.0,10,0,0,0,1.0,0
0.9663,69,0,0.8227,3828.0,8,0,1,0,1.0,0
0.2048,50,0,0.6987,6833.0,8,0,1,0,2.0,0
0.6705,65,0,0.1484,12568.0,10,0,0,0,1.0,0
3.8929,76,1,0.5871,,10,1,3,0,,0
0.378,49,0,0.3154,2546.0,12,0,1,0,0.0,0
1.5456,25,0,0.6543,3905.0,13,0,2,0,0.0,0
0.1853,41,0,0.0343,,10,0,1,0,1.0,0
0.6911,24,0,0.9012,4378.0,8,0,1,0,2.0,0
0.6767,39,0,0.8234,3169.0,9,0,2,0,0.0,0
0.9954,71,1,0.2224,2922.0,10,0,1,0,0.0,0
0.6052,42,0,0.4629,14867.0,11,0,0,0,0.0,0
1.453,36,1,1.3176,1947.0,9,1,1,0,1.0,0
0.1909,74,0,0.9186,5234.0,7,0,2,0,0.0,0
0.0124,49,0,0.0368,,10,0,3,0,0.0,0
1.0116,55,0,0.3188,13680.0,12,0,1,0,0.0,0
0.2198,37,0,0.5069,,8,0,1,0,0.0,0
0.4243,69,0,0.3632,,4,0,0,0,1.0,0
0.869,52,0,0.0733,5869.0,4,0,1,0,1.0,0
0.4208,63,1,0.5572,7500.0,9,0,1,2,0.0,0
0.5608,32,0,0.4895,,3,0,4,0,,1
5.3527,70,0,0.3406,8510.0,5,0,0,0,3.0,0
0.05,56,0,0.2234,1830.0,12,0,2,0,0.0,0
0.4988,42,0,0.4113,2614.0,13,0,1,0,0.0,0
0.6989,46,0,0.2337,9310.0,9,0,0,0,0.0,0
0.2792,44,0,0.7294,1734.0,6,0,2,0,0.0,0
0.7126,55,0,0.1317,1818.0,4,0,0,0,0.0,0
15.5873,54,0,0.0287,7766.0,6,0,4,0,0.0,0
2.4371,74,0,0.604,30840.0,9,0,1,0,,0
0.583,23,0,0.313,4451.0,9,0,0,0,0.0,0
2.9163,60,0,0.9022,4581.0,10,0,3,0,0.0,0
0.1288,29,0,0.2595,9354.0,11,0,0,0,1.0,0
0.1769,87,0,0.1206,,6,0,1,0,0.0,0
0.7121,73,0,0.0676,3364.0,4,0,0,0,2.0,1
0.0484,51,0,0.6856,,10,0,2,0,1.0,0
0.6904,58,0,0.1877,8986.0,10,0,1,0,2.0,0
0.1694,53,0,0.3507,,4,0,4,0,1.0,0
2.45,43,0,0.7564,4567.0,6,0,3,0,1.0,0
0.1031,42,1,0.1901,3697.0,5,0,2,4,2.0,0
1.3189,51,0,0.3422,4010.0,13,0,3,0,0.0,0
0.5201,21,0,0.3524,2765.0,7,0,1,0,1.0,0
1.5045,70,0,0.4775,5607.0,7,0,0,0,2.0,0
0.5004,76,0,0.4776,22528.0,5,0,1,0,,0
0.0019,48,0,0.8746,4927.0,6,0,1,0,2.0,0
0.0203,72,0,0.4021,,7,0,1,0,1.0,0
0.2906,45,2,0.6297,2096.0,10,0,0,0,0.0,0
0.812,44,0,0.2587,2328.0,13,0,1,0,2.0,0
0.9464,55,0,0.4021,14476.0,7,0,1,0,1.0,0
0.1863,59,0,0.7274,1989.0,4,0,1,0,0.0,0
0.6065,40,0,0.4206,3323.0,10,0,1,0,2.0,0
1.479,57,0,0.6623,3776.0,5,0,1,0,1.0,0
0.008,56,0,0.199,2674.0,6,0,1,0,1.0,0
2.3345,21,0,0.1305,,5,0,2,0,0.0,0
0.5421,48,0,0.2709,3016.0,3,0,1,0,0.0,0
0.5443,49,0,0.3162,9946.0,10,0,2,0,1.0,0
0.7925,43,0,0.4375,4783.0,14,0,0,0,1.0,0
0.7411,43,0,0.0812,1779.0,5,0,1,1,0.0,0
0.516,59,0,0.3832,10423.0,10,0,0,0,1.0,0
0.0417,30,0,0.1469,8575.0,11,0,0,0,1.0,0
0.3046,67,0,0.9031,,10,0,1,0,1.0,0
0.7397,50,0,0.9003,6630.0,9,0,2,0,1.0,0
0.1409,69,0,0.2143,6722.0,7,0,1,0,0.0,1
0.8216,43,0,0.3812,6589.0,14,0,1,0,1.0,0
0.4536,66,0,0.4732,9400.0,9,0,0,0,1.0,0
1.7464,60,0,1.3299,7267.0,7,0,0,0,0.0,0
0.3219,27,0,1.0113,8993.0,9,0,0,0,1.0,0
0.2323,49,0,0.9626,7943.0,7,0,0,0,1.0,0
0.1337,87,0,1.0617,4352.0,6,0,1,0,0.0,0
1.6504,64,0,0.0961,3600.0,7,0,0,0,0.0,0
1.553,37,0,0.7493,3790.0,10,0,1,0,2.0,0
0.3582,45,0,0.2731,,9,0,2,0,0.0,0
0.3754,64,0,0.5643,2744.0,6,0,1,0,1.0,0
0.1441,57,0,0.4731,,8,0,1,0,2.0,0
0.2191,31,2,0.8225,10784.0,5,0,1,2,2.0,0
0.5636,27,0,0.5127,6874.0,9,0,1,0,0.0,0
0.2235,62,4,0.3799,9177.0,9,0,2,0,1.0,0
0.8763,48,0,0.2691,4590.0,8,0,1,0,1.0,0
0.1823,67,0,0.3268,,6,0,1,0,2.0,0
0.1071,57,0,0.5307,7904.0,5,0,1,0,0.0,0
5.2131,41,0,0.237,,11,0,1,0,1.0,0
0.4154,51,0,0.5557,8963.0,10,0,1,0,1.0,0
0.3363,46,0,0.3801,4744.0,9,0,2,0,0.0,0
0.8396,56,0,0.2003,8585.0,5,0,1,0,1.0,0
0.2873,39,0,0.9699,,7,0,0,0,0.0,0
0.0982,31,0,0.5565,4454.0,7,0,1,0,1.0,0
0.2739,50,0,0.3854,3197.0,8,0,1,0,2.0,0
0.1243,40,0,0.6885,1534.0,5,0,1,0,2.0,0
0.5358,65,0,0.5945,12062.0,11,0,1,0,0.0,0
0.3126,49,0,0.3989,4983.0,4,0,2,0,0.0,0
2.0406,56,0,0.8365,6689.0,7,0,2,0,1.0,0
0.6532,47,0,0.6404,4761.0,9,0,0,0,0.0,0
0.2794,54,0,0.3889,6306.0,8,0,0,0,1.0,0
0.8663,60,0,0.1611,6230.0,2,0,1,0,0.0,0
0.8215,55,0,0.2181,7800.0,5,0,1,0,2.0,0
3.6119,29,0,0.5341,3619.0,6,0,1,0,,1
0.1194,46,0,0.5195,6450.0,10,0,0,0,2.0,0
0.4637,81,0,0.3719,,5,0,0,0,1.0,0
0.5813,57,0,0.4978,10225.0,5,0,1,0,0.0,0
0.6333,46,0,0.4983,,7,0,1,0,1.0,0
0.5337,45,0,0.5826,1958.0,8,0,0,0,0.0,0
0.6021,72,0,0.7637,4137.0,8,0,0,0,0.0,0
0.2822,59,0,0.6464,2621.0,8,0,1,0,2.0,0
0.8556,34,2,0.2248,2215.0,8,0,1,2,1.0,0
0.3495,80,0,0.6469,9127.0,9,0,2,0,2.0,0
0.4127,56,0,0.3135,1818.0,11,0,1,0,2.0,0
0.2914,56,0,0.6153,1927.0,1,0,0,0,1.0,0
0.4329,73,0,0.3623,,5,0,1,0,1.0,1
0.3988,54,0,0.0854,6144.0,10,0,2,0,0.0,0
1.6459,58,0,0.2063,2734.0,9,0,1,0,2.0,0
0.0058,31,0,0.416,3379.0,8,0,0,0,1.0,0
0.239,51,0,0.5388,5252.0,10,0,3,0,1.0,0
0.3621,34,0,0.5368,4015.0,6,0,0,0,4.0,0
0.3963,45,0,0.5955,5439.0,11,0,1,0,3.0,0
0.6426,55,0,0.1068,8329.0,5,0,3,0,0.0,0
1.3049,21,0,0.2107,,3,0,1,0,0.0,0
0.0104,57,0,0.8633,6979.0,5,0,0,0,0.0,0
3.2365,64,0,0.5147,2931.0,16,0,0,0,0.0,0
0.2563,26,0,0.1527,2532.0,7,0,0,0,1.0,0
0.036,42,0,0.5131,12853.0,8,0,1,0,0.0,0
0.1301,31,0,1.0926,4670.0,6,0,2,2,1.0,0
0.1591,59,0,0.4889,11781.0,10,0,1,0,1.0,0
0.0237,45,0,1.1269,,9,0,1,0,1.0,0
0.631,68,0,0.6505,6319.0,10,0,0,0,1.0,0
0.2888,34,0,0.4399,7178.0,9,0,0,0,1.0,0
2.9416,55,0,0.5632,1990.0,8,0,1,0,0.0,1
0.1867,40,0,0.2039,4906.0,11,0,0,0,0.0,0
0.0135,52,0,0.3955,5678.0,11,0,1,0,0.0,0
0.319,47,0,0.7329,5643.0,5,0,1,0,1.0,0
0.4155,62,0,0.0771,12740.0,5,0,1,0,2.0,0
3.4257,56,0,0.6151,7965.0,5,0,0,1,1.0,0
1.891,68,0,0.6622,7696.0,4,0,1,0,1.0,0
0.4516,51,0,0.4829,2785.0,6,0,1,0,2.0,0
0.3207,39,0,0.3267,4012.0,3,0,0,0,0.0,0
0.7454,61,0,0.2995,,10,0,0,0,2.0,0
2.3544,51,0,0.9538,1795.0,12,0,0,0,3.0,0
0.2422,48,0,0.2687,6322.0,6,0,0,0,2.0,0
0.3065,57,0,0.2543,19909.0,5,0,0,0,0.0,0
1.6798,41,0,0.5422,6060.0,7,0,0,0,1.0,0
0.4165,77,1,0.5714,,9,1,1,0,2.0,0
1.2775,67,0,0.3824,23630.0,9,0,1,0,0.0,0
1.1492,57,0,0.1742,4456.0,8,0,2,0,,0
3.2122,56,0,0.8588,,9,0,0,0,0.0,0
0.1933,53,0,0.3157,9789.0,5,0,1,0,0.0,0
0.2041,45,0,0.4627,,5,0,2,0,1.0,0
0.3016,59,0,0.1018,1652.0,10,0,0,0,0.0,0
7.8523,46,0,0.5582,,8,0,1,0,1.0,0
1.4412,75,0,0.5268,18040.0,7,0,0,0,2.0,0
1.0481,72,0,0.9877,14150.0,8,0,5,0,0.0,0
0.0059,55,0,0.5291,5312.0,13,0,0,0,1.0,0
0.6494,65,0,0.2185,,13,0,1,0,1.0,0
0.7529,31,0,0.6611,5174.0,6,0,0,0,2.0,0
0.6765,54,0,0.412,10096.0,9,0,0,0,1.0,0
0.1508,27,0,0.7054,2899.0,7,0,2,0,0.0,0
0.2759,53,0,0.3235,,9,0,0,0,1.0,0
0.1495,41,0,0.752,5255.0,2,0,1,0,2.0,0
1.3214,65,0,0.4208,8877.0,9,0,1,0,1.0,0
2.2837,53,0,0.1181,9786.0,8,0,2,0,6.0,0
0.7393,47,0,0.5585,,11,0,0,0,1.0,0
0.8392,47,0,0.6765,2751.0,8,0,0,0,1.0,0
0.1568,21,0,1.077,2522.0,8,0,4,0,1.0,0
0.5295,64,0,0.2118,6729.0,6,0,3,0,1.0,0
0.1402,71,1,0.0987,1808.0,7,0,0,0,1.0,0
0.2637,63,0,0.4553,2851.0,8,0,2,0,1.0,0
3.9431,45,0,0.2061,4586.0,14,0,0,0,1.0,0
0.4182,40,0,0.134,12967.0,3,0,0,0,1.0,0
2.5219,29,0,0.7742,9190.0,13,0,3,0,0.0,0
0.799,47,0,1.0373,10736.0,8,0,2,0,,0
0.096,21,0,0.4286,5421.0,8,0,1,0,0.0,0
0.7091,22,0,0.2659,5020.0,6,0,2,0,2.0,0
0.3928,66,0,0.4396,8395.0,11,0,0,0,0.0,0
0.1866,74,0,0.4726,9484.0,6,0,2,0,0.0,0
0.8286,43,0,0.7276,3312.0,7,0,3,0,0.0,0
1.7718,59,0,0.5216,,16,0,3,0,2.0,0
0.9629,45,0,0.6142,2907.0,9,0,2,0,0.0,0
0.0199,68,3,0.5456,3398.0,5,0,2,0,0.0,0
0.2785,55,0,0.5713,,14,0,0,0,2.0,0
0.3631,61,0,0.4028,6270.0,14,0,2,0,3.0,0
3.4479,27,0,0.3489,,8,0,0,0,1.0,0
0.604,51,0,0.647,5029.0,6,0,1,0,0.0,0
0.2664,45,0,0.0918,10783.0,9,0,2,0,1.0,0
0.0081,71,1,0.5547,,7,0,1,0,1.0,0
0.0387,44,0,0.7168,5029.0,11,0,0,0,0.0,0
0.4391,49,4,0.4101,,10,0,0,2,0.0,0
0.0143,26,0,0.8255,4945.0,3,0,2,0,0.0,0
0.156,54,0,0.3871,5532.0,9,0,1,0,0.0,0
0.1633,53,0,0.3585,2744.0,3,0,1,0,0.0,0
0.0961,48,0,0.7436,7675.0,10,0,1,0,0.0,0
0.2181,70,0,0.5265,3847.0,5,0,1,0,0.0,0
1.407,52,0,0.424,7874.0,4,0,0,0,0.0,0
0.1809,43,0,0.5902,12137.0,5,0,3,0,3.0,0
0.045,41,0,0.3822,8108.0,2,0,3,0,0.0,0
0.6462,62,0,0.2392,3060.0,8,0,2,0,1.0,0
0.4571,29,0,1.291,3863.0,8,0,0,0,0.0,1
0.5544,43,0,0.4242,3955.0,7,0,3,0,1.0,1
0.1551,50,0,1.3799,7987.0,8,0,1,0,0.0,0
0.8487,46,0,0.5847,8492.0,6,0,1,0,0.0,0
0.0195,51,0,0.6292,6335.0,6,0,1,0,1.0,0
0.2655,68,0,0.6544,,10,0,2,0,1.0,0
2.6466,48,0,0.6627,,6,0,1,0,0.0,0
0.6161,38,0,0.2163,2293.0,6,0,3,0,0.0,0
0.9388,74,0,0.4324,4563.0,9,0,1,0,2.0,0
0.0341,48,0,0.3962,2391.0,10,0,0,0,0.0,0
0.3697,58,0,0.6074,,7,0,1,0,0.0,0
0.2353,73,0,0.5985,18334.0,7,0,2,0,1.0,0
0.4723,42,1,0.6653,,5,0,0,0,0.0,0
3.7498,77,1,0.5528,3165.0,7,0,0,0,2.0,1
0.1999,77,0,0.3894,5581.0,7,0,1,0,1.0,1
0.1185,42,0,0.4411,4322.0,10,0,4,0,0.0,0
0.1348,44,0,0.025,,10,0,2,0,1.0,0
7.2704,62,1,0.5853,4809.0,12,0,2,0,2.0,0
0.1788,72,0,0.492,2456.0,7,0,2,0,1.0,0
0.3963,64,0,0.8527,3201.0,8,0,2,0,0.0,0
0.8171,51,0,0.5104,5395.0,5,0,2,0,1.0,0
0.5469,59,0,0.3265,,13,0,1,0,2.0,0
0.2323,62,0,0.5847,6964.0,6,0,0,0,0.0,0
0.07,56,0,0.4518,5881.0,6,0,1,0,2.0,0
1.905,46,0,0.809,2141.0,11,0,0,0,1.0,0
2.1464,63,0,0.2266,2369.0,5,0,0,0,0.0,0
0.6635,48,0,0.3675,7387.0,9,0,3,0,0.0,0
0.7656,26,0,0.1785,8826.0,10,0,2,0,1.0,0
3.8883,33,0,0.0626,2248.0,10,0,0,0,0.0,0
0.3393,70,0,0.7801,2000.0,9,0,1,0,2.0,0
0.1296,37,0,0.4918,3777.0,6,0,2,0,,0
0.8145,54,0,0.5025,3683.0,10,0,0,0,1.0,0
0.0823,70,0,0.7969,3311.0,10,0,1,0,2.0,0
0.1336,55,0,0.7287,,8,0,1,0,1.0,0
0.9679,84,0,0.3466,8064.0,4,0,3,0,1.0,0
0.2763,51,0,0.3319,,10,0,1,0,0.0,0
0.4326,41,0,0.7545,,3,0,0,0,,1
1.4073,32,0,0.3151,,10,0,2,0,2.0,0
0.7212,26,0,0.5902,2802.0,14,0,0,0,1.0,0
0.1627,74,1,0.1266,3990.0,18,0,0,2,1.0,0
0.2365,36,0,0.5529,4261.0,10,0,3,0,4.0,0
0.3878,29,0,1.3211,2241.0,13,0,3,0,2.0,0
0.3552,47,0,0.751,4867.0,9,0,1,0,1.0,0
0.3439,44,0,0.5464,4490.0,18,0,1,0,0.0,0
0.009,43,0,0.2963,2388.0,17,0,0,0,2.0,0
0.6629,70,0,0.5417,6212.0,6,0,2,0,2.0,0
0.0627,55,0,0.0636,,8,0,1,0,0.0,0
0.0179,64,0,0.642,5569.0,12,0,3,0,1.0,0
0.075,84,0,0.4654,3521.0,8,0,1,0,0.0,0
0.0395,41,0,0.3141,1872.0,6,0,1,0,0.0,0
0.3972,55,0,0.0472,,8,0,3,0,0.0,0
0.1417,33,0,0.5921,7656.0,7,0,0,0,1.0,0
0.188,74,0,0.8135,3814.0,12,0,0,0,1.0,0
0.106,49,0,0.907,3082.0,5,0,2,0,0.0,0
0.0465,21,0,0.4364,,7,2,2,0,0.0,0
0.2331,33,0,0.1496,3087.0,11,0,0,0,2.0,0
0.2424,73,0,0.8918,,6,0,1,0,1.0,0
0.8356,26,0,0.5474,,12,0,0,0,0.0,1
0.5795,51,0,0.8072,2582.0,10,1,0,0,1.0,0
0.3134,59,0,0.2847,3795.0,10,0,0,0,0.0,0
0.4365,60,0,0.1156,,9,0,1,0,1.0,1
3.3337,88,0,0.2062,,9,0,0,0,2.0,0
0.3812,51,0,0.3006,3832.0,8,0,1,0,2.0,0
0.7421,39,0,0.4058,3785.0,4,0,1,0,0.0,0
0.2695,40,0,0.4808,6078.0,10,0,1,0,2.0,0
0.2709,68,0,0.2082,3384.0,6,0,4,0,1.0,0
0.1039,21,0,0.4066,2724.0,11,0,0,0,1.0,0
2.4391,55,0,0.8279,3347.0,7,0,1,0,2.0,0
0.6529,75,0,0.7071,,10,0,0,0,0.0,0
0.2478,53,0,0.6769,3174.0,4,0,1,0,0.0,0
4.4408,70,0,0.4794,7476.0,9,0,0,0,4.0,0
0.0197,22,0,0.6118,7609.0,7,0,0,0,0.0,0
0.4549,70,0,0.0712,10815.0,11,0,1,0,0.0,1
0.13,55,0,0.24,6789.0,6,0,1,0,,0
0.245,44,0,0.3418,,10,0,0,0,0.0,0
0.0061,45,0,0.2131,4354.0,6,0,2,1,1.0,0
0.8426,76,0,0.8076,5942.0,8,0,0,0,0.0,0
0.2091,40,0,0.3329,4093.0,9,0,1,0,0.0,0
0.2746,41,0,0.1065,6218.0,11,0,1,0,1.0,0
0.3133,75,0,0.8533,12231.0,11,0,0,0,0.0,0
0.2366,56,0,0.5473,2127.0,6,0,1,0,0.0,0
0.206,59,0,0.5359,11111.0,10,0,0,2,1.0,0
1.1316,38,1,0.2146,,6,0,0,0,0.0,0
0.2402,37,0,0.5707,12378.0,8,0,3,0,0.0,0
0.2088,77,0,0.6168,9705.0,7,0,0,0,1.0,0
0.0609,57,0,0.122,3949.0,3,0,1,0,0.0,0
0.4779,52,0,0.4151,15780.0,8,0,2,0,1.0,0
0.647,47,0,0.4325,5112.0,7,0,0,0,2.0,0
0.5066,50,0,0.1764,3595.0,4,0,3,0,1.0,0
0.5353,41,0,0.2823,,8,0,1,0,1.0,0
0.4193,57,0,0.2653,,6,0,0,0,1.0,0
0.0763,43,0,0.5318,3344.0,9,0,1,0,2.0,0
0.1267,46,0,0.1523,6142.0,9,0,0,0,0.0,0
0.0511,58,0,0.692,4588.0,6,0,1,0,2.0,0
0.1744,72,0,0.9906,3251.0,11,0,0,0,1.0,0
0.1097,69,0,0.2344,3014.0,6,0,0,0,1.0,0
0.1358,43,0,0.258,1781.0,8,0,1,0,0.0,0
1.4983,49,0,0.4116,3234.0,0,0,0,0,0.0,0
0.2949,28,0,0.7256,,9,0,2,0,0.0,0
0.4922,61,0,0.4059,,10,0,2,0,1.0,0
1.8812,62,0,0.2218,5844.0,7,0,1,0,0.0,1
0.772,52,0,0.8371,4298.0,11,0,0,0,1.0,1
0.4772,69,0,0.8788,9150.0,7,0,1,0,1.0,0
0.1741,43,1,0.7067,,9,0,0,0,0.0,0
0.4779,53,1,0.1226,10380.0,8,0,1,0,2.0,0
0.6393,35,0,0.8026,3085.0,13,0,2,0,2.0,0
0.1762,50,0,0.4473,7229.0,6,0,1,0,0.0,0
0.1931,45,0,0.167,2547.0,5,0,0,0,1.0,0
0.2602,60,0,0.6843,17310.0,2,0,1,0,,0
0.0108,46,0,0.7799,5435.0,11,0,1,0,0.0,0
0.4196,68,0,0.2179,3249.0,7,0,1,0,0.0,0
3.8238,28,0,0.6559,3495.0,5,0,0,0,1.0,0
0.4877,60,0,0.5685,6236.0,6,0,1,0,0.0,0
7.1739,21,0,0.5055,14196.0,5,0,2,0,,0
0.3259,50,0,0.0389,8990.0,7,0,0,0,0.0,0
0.1128,68,0,0.5257,,10,0,0,0,0.0,0
0.1891,50,0,0.1923,3693.0,10,0,1,0,1.0,0
1.4931,69,0,0.5598,10600.0,8,0,0,0,2.0,0
0.3275,38,0,0.19,,7,0,2,0,1.0,0
0.1307,54,0,0.5527,2530.0,10,0,1,0,1.0,0
0.9285,40,0,0.8348,2654.0,12,0,0,0,0.0,0
0.7277,72,0,0.1437,7071.0,1,0,1,0,3.0,0
0.1848,40,0,1.0691,4463.0,6,0,1,0,2.0,0
0.574,38,2,0.6332,,6,0,1,0,0.0,0
0.4588,69,0,0.3185,8200.0,7,0,1,0,0.0,0
2.8967,34,0,0.8016,2277.0,6,0,0,0,0.0,0
0.4208,40,0,0.5418,5877.0,4,0,1,0,0.0,0
0.6469,59,0,0.8798,3036.0,8,0,1,0,2.0,0
0.8012,55,0,0.067,10822.0,13,0,0,0,,0
0.8938,42,0,0.635,3115.0,11,0,1,0,0.0,0
0.2672,50,0,0.3765,,6,0,1,0,1.0,0
0.7425,77,0,0.2857,,5,0,1,0,,0
0.3832,37,0,0.4065,5321.0,8,0,0,0,1.0,0
1.0499,52,0,0.2517,8196.0,11,0,1,0,0.0,0
1.732,48,0,0.4856,5005.0,10,0,0,0,0.0,1
5.042,66,0,0.3227,,7,0,1,0,1.0,0
1.8741,34,0,0.4438,,12,0,0,0,2.0,0
1.0358,42,0,0.6102,6762.0,11,0,3,0,2.0,0
0.2107,47,0,0.343,15984.0,10,0,0,0,0.0,0
0.2741,42,0,0.3005,,5,0,1,0,0.0,0
0.2176,58,0,0.48,6632.0,11,0,1,0,,0
0.4616,61,0,0.2402,4778.0,11,0,1,0,0.0,0
0.0414,57,0,0.4578,13213.0,9,0,0,0,1.0,0
0.0536,27,0,0.1751,,8,0,2,0,0.0,0
1.0926,47,3,0.1719,8296.0,5,0,1,0,0.0,0
0.4967,48,0,0.548,1758.0,11,0,2,0,1.0,1
0.5786,36,0,0.2049,7775.0,10,0,3,0,2.0,0
0.5382,39,0,0.1777,3440.0,6,0,1,0,0.0,0
0.1856,76,0,0.4566,4708.0,7,0,1,0,0.0,0
1.8885,63,0,0.5579,6133.0,8,0,2,0,1.0,0
0.0666,35,0,0.5033,1369.0,6,0,1,0,0.0,0
0.5429,61,0,0.262,3492.0,13,0,2,0,0.0,0
5.9019,60,0,0.1536,7639.0,7,0,3,0,0.0,1
0.1571,41,0,0.564,,6,0,0,0,0.0,0
0.502,58,0,0.5813,,10,0,0,0,1.0,0
0.1446,45,2,0.3105,2333.0,6,0,2,0,2.0,0
4.7949,26,0,0.0653,,12,0,2,0,1.0,1
0.1775,45,0,0.6103,22079.0,7,0,2,0,1.0,0
0.0503,36,0,0.4996,7778.0,5,0,1,0,3.0,0
3.2301,43,0,0.1525,,5,0,3,0,0.0,0
2.5568,59,0,0.6836,8746.0,5,0,1,0,1.0,0
3.3924,59,1,0.3538,4727.0,8,0,2,0,0.0,0
0.6524,57,0,0.2443,2367.0,9,0,0,0,1.0,0
0.489,56,0,0.3111,,5,0,1,0,1.0,1
0.3874,37,0,0.8058,5882.0,8,0,1,0,,0
4.9655,41,0,0.5876,8481.0,6,0,0,0,1.0,0
0.3245,68,0,0.9564,17441.0,7,0,1,0,1.0,0
0.221,77,0,0.4878,7836.0,7,0,2,0,1.0,0
0.2346,52,0,0.4746,,8,0,1,0,0.0,0
0.1874,56,0,0.3661,33257.0,5,0,2,0,0.0,0
0.083,82,0,0.6526,9442.0,5,0,2,0,1.0,0
0.6653,46,0,0.1429,6761.0,6,0,1,0,0.0,0
0.0056,54,0,0.1503,,11,0,1,0,0.0,0
0.4106,43,0,0.46,,7,0,1,0,0.0,0
0.6836,22,2,1.1361,8511.0,16,1,1,0,1.0,0
0.5302,44,0,0.3266,8413.0,10,0,1,0,2.0,0
2.3452,57,0,0.5512,16029.0,6,0,0,0,1.0,0
0.4024,30,0,0.2466,2705.0,6,0,1,0,1.0,0
0.0373,59,0,1.1996,3149.0,8,0,0,0,0.0,0
0.8668,34,0,0.5963,3560.0,9,0,2,0,1.0,0
0.249,43,0,0.8996,10595.0,12,0,4,0,0.0,0
0.7148,49,0,0.643,10876.0,9,0,1,0,,0
0.3195,39,0,0.2045,1397.0,12,0,3,0,1.0,0
1.246,52,0,0.393,,10,0,0,0,0.0,0
1.0451,50,0,0.1053,6210.0,10,0,0,0,1.0,0
8.0755,53,1,0.2219,8523.0,9,0,0,1,1.0,0
1.0612,73,0,0.2851,7064.0,10,0,2,0,0.0,0
0.0634,40,0,0.1765,4879.0,8,0,0,0,0.0,0
0.1374,59,0,0.2665,4742.0,6,0,0,0,0.0,0
0.1309,41,0,0.1973,,10,0,0,0,0.0,0
0.4494,52,0,0.1304,,7,0,1,0,,0
2.6495,65,0,0.283,9122.0,5,0,2,0,0.0,0
0.6946,66,0,0.2895,5839.0,8,0,1,0,0.0,0
0.2103,46,0,0.6433,,12,0,1,0,0.0,0
0.5669,65,0,1.0108,6149.0,11,0,0,0,1.0,0
0.3685,56,0,0.4687,2128.0,6,0,3,0,0.0,0
0.3882,54,0,0.8709,2808.0,5,0,1,0,4.0,0
0.0215,56,0,0.4158,2101.0,17,0,1,0,2.0,0
0.8475,52,0,0.6226,9514.0,3,0,1,0,0.0,0
1.1428,40,0,0.8229,,5,0,2,0,0.0,0
0.2423,50,0,0.4199,4951.0,3,0,1,0,1.0,0
2.2351,72,1,0.5595,,6,3,1,0,1.0,0
0.5542,43,0,0.7357,6384.0,7,0,1,0,0.0,0
1.061,95,0,0.6887,3949.0,6,0,1,0,2.0,0
3.4394,41,0,0.3952,4495.0,8,0,2,0,1.0,0
0.0072,64,0,0.5944,2313.0,6,0,1,0,1.0,0
0.6739,32,0,0.2621,3819.0,8,0,0,0,0.0,0
0.2203,58,0,1.0912,5778.0,4,0,1,0,0.0,0
1.7334,29,1,0.7042,4000.0,6,0,1,1,0.0,0
1.7489,64,0,0.466,4375.0,7,0,0,0,0.0,0
0.0519,52,0,0.5108,9763.0,7,0,0,0,0.0,0
0.1661,66,0,0.0888,10974.0,13,0,1,0,5.0,1
0.117,35,0,0.2233,,6,0,0,0,0.0,0
0.5879,55,0,0.3756,6225.0,7,0,1,0,0.0,0
0.1998,61,0,0.8548,3923.0,8,0,2,0,1.0,0
0.2368,60,0,0.2851,4318.0,11,0,0,0,0.0,0
0.1169,40,0,0.4884,5120.0,5,0,2,0,2.0,0
0.4391,54,0,0.1041,7867.0,7,0,3,0,0.0,0
0.7522,45,0,0.8465,8496.0,11,0,1,0,1.0,0
0.4248,55,0,0.238,,8,0,2,0,1.0,1
1.6867,29,0,0.254,10680.0,7,0,1,0,,1
0.3181,73,0,0.1617,6544.0,6,0,0,0,1.0,0
0.3547,44,0,0.2028,2791.0,3,0,0,0,1.0,0
0.2406,59,0,0.3228,15930.0,5,0,2,0,2.0,0
0.1835,36,0,0.7768,2996.0,9,0,1,0,2.0,0
0.08,29,0,0.132,7746.0,5,0,0,0,0.0,0
0.2871,61,0,0.3875,3806.0,9,0,1,0,2.0,0
0.0313,61,0,0.3197,5125.0,12,0,0,0,1.0,0
0.1818,64,0,0.5449,4535.0,6,0,1,0,2.0,0
1.1674,57,4,0.4309,2947.0,4,0,0,0,2.0,0
0.3305,69,0,0.3525,,9,0,1,0,1.0,0
0.4932,57,0,0.0213,3065.0,6,0,0,0,3.0,0
0.4112,39,0,0.4892,,12,0,1,0,0.0,0
0.0903,86,0,0.2492,4485.0,9,0,2,0,1.0,0
0.089,40,0,0.2703,2260.0,9,0,1,1,0.0,0
0.2253,64,2,0.124,9388.0,8,0,1,0,0.0,1
0.8424,59,0,0.1566,,8,0,2,0,2.0,0
1.3102,67,0,0.3539,6658.0,6,0,2,0,0.0,0
0.7159,51,0,0.2855,5423.0,7,0,0,0,0.0,0
1.7157,57,2,0.3847,4290.0,7,0,2,0,0.0,0
0.0616,43,0,0.1973,,6,0,1,0,0.0,0
0.2507,60,0,0.8297,,7,0,0,0,0.0,0
0.6831,34,0,0.1433,,5,0,1,0,0.0,0
0.752,70,0,0.5351,6931.0,8,0,0,0,1.0,0
1.1125,85,1,0.181,8542.0,10,0,2,0,2.0,0
0.1955,67,0,0.4939,3632.0,6,0,0,0,0.0,0
0.176,23,0,0.8097,,6,0,1,0,1.0,0
0.4319,45,0,0.7153,3138.0,9,0,2,0,0.0,0
0.2991,66,0,0.5471,1451.0,11,0,2,0,0.0,0
0.8401,36,0,0.6451,7813.0,4,0,1,0,0.0,0
0.2762,33,0,0.8331,8482.0,8,0,2,0,1.0,0
0.1025,54,0,0.1255,21546.0,5,0,2,0,1.0,0
1.1648,45,0,1.0412,5850.0,7,0,0,0,2.0,0
2.2519,45,0,0.1975,13248.0,9,0,1,0,1.0,0
0.3715,32,0,0.4597,3153.0,6,0,3,0,0.0,0
0.2361,76,0,0.385,5946.0,6,0,1,0,1.0,1
0.1555,38,0,0.0189,,9,0,0,0,0.0,0
0.0481,46,0,0.9153,4795.0,4,0,1,0,0.0,0
0.2468,58,0,0.6041,6522.0,12,0,1,0,1.0,0
0.6731,49,0,0.1961,5551.0,14,0,4,0,3.0,0
0.1005,45,0,0.8197,3010.0,13,0,1,0,4.0,0
0.7487,65,0,0.3048,5228.0,10,0,0,0,0.0,1
0.4291,57,0,0.0424,7916.0,10,0,1,0,2.0,0
0.445,57,0,0.2998,2778.0,8,0,0,0,1.0,0
1.641,46,1,0.3988,5271.0,10,0,1,0,0.0,0
0.5656,34,0,0.0886,6575.0,8,0,1,0,2.0,0
0.2614,68,0,1.0158,10214.0,11,0,0,0,0.0,0
0.3805,42,2,0.1796,9171.0,10,0,0,0,0.0,0
0.0108,33,0,0.4437,8522.0,9,0,2,0,0.0,0
0.691,47,0,0.6366,4075.0,13,0,1,0,0.0,0
0.8784,51,0,0.5051,3273.0,8,0,3,0,1.0,0
0.2934,32,0,0.7298,4038.0,7,0,1,0,0.0,0
0.6449,46,0,0.6539,,7,0,1,0,1.0,0
0.9024,52,0,0.6544,3214.0,8,0,1,0,3.0,0
0.947,34,0,0.1607,5461.0,8,0,1,0,0.0,0
0.6645,68,0,0.9544,5959.0,9,0,1,0,1.0,0
0.6503,34,0,1.0781,,7,0,0,0,1.0,0
0.9024,61,0,0.6259,,7,0,2,0,1.0,0
0.5058,54,0,0.1782,2550.0,3,0,0,0,0.0,0
0.3304,88,0,0.7833,3345.0,7,0,1,0,2.0,0
0.3015,53,0,0.3053,9532.0,13,0,0,0,1.0,0
0.5051,32,0,0.4752,5458.0,9,0,0,0,1.0,0
0.6748,34,0,0.233,7505.0,11,0,0,0,0.0,0
0.2687,48,0,0.4499,,3,0,0,0,0.0,0
0.2111,21,0,0.5227,,8,0,1,0,0.0,1
0.1953,33,0,0.6651,15653.0,7,0,1,0,1.0,0
0.4865,61,0,0.3686,8839.0,6,0,1,0,2.0,0
0.5647,82,0,0.5206,,11,0,0,0,2.0,0
0.4348,51,0,0.3188,7360.0,9,0,1,0,0.0,0
0.8234,37,0,0.6024,4732.0,5,0,0,0,1.0,1
5.2911,66,0,0.9228,2577.0,6,0,0,0,0.0,1
0.1739,70,0,0.4496,,9,0,0,0,1.0,0
2.1817,46,0,0.3474,3702.0,10,0,1,0,1.0,0
1.1359,61,0,0.8284,,5,0,1,0,1.0,0
0.0225,70,0,0.5134,4435.0,11,0,2,0,1.0,0
0.0131,57,0,0.08,,9,0,0,0,0.0,0
0.4837,42,0,0.7439,,6,0,0,0,0.0,0
0.5208,45,0,0.2878,,8,0,1,1,1.0,0
0.2598,35,0,0.9697,5334.0,10,0,0,0,1.0,0
2.2737,41,0,0.6516,9614.0,7,0,1,0,0.0,0
5.091,61,0,0.0886,4389.0,5,0,0,0,2.0,0
0.4875,49,0,0.5486,,9,0,1,0,1.0,0
0.0743,31,0,0.8163,,13,0,1,0,0.0,0
1.3408,57,0,0.2501,4282.0,8,0,1,0,0.0,0
3.0728,67,0,0.4116,,5,0,2,0,1.0,0
0.6761,50,0,0.3093,3647.0,7,0,0,0,0.0,0
0.3897,51,1,0.3385,7203.0,12,0,1,0,3.0,0
0.6056,73,0,0.158,,5,0,0,0,0.0,0
0.5274,68,0,0.4533,5418.0,5,0,0,0,0.0,0
1.938,60,0,0.0641,,12,0,3,0,0.0,1
0.4781,72,0,0.669,2912.0,9,0,3,0,4.0,0
0.3727,68,0,0.3191,13188.0,6,0,2,0,1.0,0
0.7597,50,0,0.3906,,9,0,1,0,0.0,1
2.7896,57,1,0.892,3600.0,8,1,1,1,0.0,0
0.8172,54,0,0.2235,10228.0,7,0,1,0,0.0,0
0.3773,80,0,0.2237,5258.0,6,0,0,0,1.0,0
1.8639,58,0,0.6443,,7,0,3,0,1.0,0
9.1274,57,0,0.4077,3823.0,15,0,1,0,0.0,0
0.025,78,0,0.6686,3192.0,7,0,1,0,0.0,0
0.939,54,2,0.1365,,10,0,0,0,1.0,0
0.1585,47,0,0.667,6538.0,7,0,3,0,0.0,0
1.4768,22,0,0.6949,9442.0,8,1,1,0,0.0,0
5.5666,46,0,0.3337,8173.0,10,0,1,0,1.0,0
0.5997,55,0,0.3959,10021.0,9,0,3,0,1.0,0
0.0241,66,0,0.8546,2925.0,3,0,0,0,1.0,0
0.0023,52,0,0.2829,8152.0,3,0,3,0,0.0,0
0.2727,40,0,0.0235,11480.0,8,0,1,0,,0
0.0428,58,0,0.224,6035.0,11,0,0,0,2.0,0
1.6647,27,0,0.5722,,5,0,2,0,0.0,1
0.964,70,0,1.1944,8519.0,4,0,0,0,1.0,0
0.0052,72,0,0.3128,9058.0,6,0,2,4,0.0,0
0.5387,27,0,0.4128,4042.0,8,0,0,0,3.0,0
0.2313,40,0,0.6338,,7,0,0,0,1.0,0
0.1339,57,0,1.1375,5813.0,11,0,2,0,0.0,0
3.127,77,0,0.8263,3444.0,11,0,0,0,2.0,0
0.0823,51,0,0.0716,2264.0,14,0,0,0,2.0,0
0.448,57,0,0.6516,,11,0,0,0,1.0,0
0.6812,56,0,0.2571,5972.0,11,0,0,0,3.0,0
0.0276,30,0,0.1458,3518.0,10,0,3,0,2.0,0
0.0877,47,0,0.3935,16143.0,4,0,1,0,0.0,0
0.1476,41,0,0.2692,2401.0,7,0,0,0,3.0,0
0.5424,55,0,0.8086,,6,0,1,0,4.0,0
0.3318,42,0,0.34,14271.0,10,0,1,0,3.0,0
0.1182,52,0,0.4113,18223.0,5,0,1,0,0.0,0
0.3836,51,0,0.7463,,11,0,1,0,1.0,0
0.4875,52,0,0.6054,3890.0,5,0,1,0,0.0,0
0.0757,67,3,0.46,,8,1,0,2,0.0,0
0.353,57,0,0.7166,9980.0,7,0,1,0,0.0,0
0.3433,49,0,0.4109,2294.0,12,0,0,0,,0
8.7782,59,0,0.0526,9541.0,7,0,1,0,1.0,0
0.495,44,0,0.3541,,6,0,1,0,1.0,0
0.4871,37,0,1.0663,12319.0,5,0,2,0,1.0,0
0.0959,67,0,0.0561,1654.0,3,0,1,0,0.0,0
1.3424,43,0,0.8602,8705.0,3,0,1,0,1.0,0
0.5019,38,0,0.7794,6561.0,11,0,0,0,1.0,0
6.0504,73,0,0.595,6780.0,11,0,0,0,1.0,0
0.6496,64,0,0.3278,22500.0,7,0,2,0,1.0,0
0.6171,49,0,0.385,16617.0,6,0,0,0,0.0,0
0.4889,64,0,0.2581,5378.0,8,0,0,0,1.0,0
0.612,45,0,0.1361,4451.0,7,0,1,0,2.0,1
0.9971,59,1,0.3383,2106.0,9,0,3,0,2.0,0
0.7711,53,0,0.3142,13024.0,11,0,5,0,2.0,0
0.7798,47,0,0.4129,5722.0,10,0,0,0,1.0,0
0.1118,56,0,0.6492,,8,0,1,0,1.0,0
0.2846,36,0,0.3634,2272.0,10,0,0,0,0.0,0
0.1608,44,0,0.3188,4017.0,3,0,1,0,1.0,0
0.4789,23,0,0.4261,7105.0,6,0,3,0,1.0,0
5.6973,47,0,0.3754,4283.0,4,0,1,0,0.0,0
0.3475,56,0,0.3488,13896.0,5,0,0,0,2.0,0
0.1174,32,0,0.775,2079.0,11,0,0,0,1.0,0
4.5758,57,2,0.8162,6634.0,9,0,1,0,1.0,0
0.6134,21,0,0.438,,3,0,0,0,0.0,0
4.8944,44,0,0.0615,13489.0,8,0,1,0,0.0,0
0.6434,51,0,0.2135,4844.0,9,0,2,0,0.0,0
0.3626,52,0,0.4373,4771.0,6,0,2,0,,0
0.3845,55,0,0.5432,,8,0,0,0,1.0,0
2.9986,29,0,0.509,3627.0,4,0,2,0,1.0,0
0.3554,54,0,0.3981,,6,0,0,0,1.0,0
0.4401,62,0,0.8611,8972.0,9,0,2,0,,0
0.0294,46,0,0.729,3484.0,10,0,1,0,0.0,0
0.3336,49,0,0.5644,9500.0,14,0,1,0,2.0,0
0.3298,32,0,0.4168,7113.0,10,0,1,0,0.0,0
0.237,64,0,0.4661,,8,0,1,0,0.0,0
0.3789,34,0,0.2253,10574.0,9,0,0,0,0.0,0
0.1301,67,0,0.1893,,7,0,1,0,0.0,0
0.2071,83,0,0.5365,5637.0,10,0,1,0,2.0,0
0.2345,45,0,0.6004,7546.0,5,0,1,0,0.0,0
0.5457,41,2,0.9053,2855.0,7,0,1,0,0.0,0
0.1073,49,0,0.4348,4089.0,3,0,1,0,0.0,0
0.6403,66,0,0.5421,10800.0,5,0,0,0,,0
0.295,39,0,0.1563,15132.0,17,0,0,0,1.0,0
0.0608,22,0,0.6824,4448.0,9,0,2,0,1.0,0
0.4914,68,0,0.4698,12520.0,4,0,2,0,1.0,0
0.3168,52,0,0.6318,,9,0,2,0,1.0,0
0.5647,49,0,0.5382,7777.0,5,0,1,0,,0
0.7351,53,0,0.4526,,15,0,0,0,0.0,0
0.4467,40,0,0.4131,3115.0,8,0,1,0,1.0,0
3.4384,49,0,0.3724,1368.0,6,0,0,0,0.0,0
1.3625,56,0,0.1277,2083.0,7,0,3,0,0.0,0
0.2899,59,0,1.1803,6352.0,10,0,0,0,2.0,0
0.1326,52,0,0.6934,13536.0,3,0,0,0,0.0,0
0.1586,21,0,0.0969,,7,0,0,0,0.0,0
11.4944,47,0,0.2983,,6,0,0,0,2.0,0
0.5294,53,0,0.837,7877.0,6,0,0,0,1.0,0
0.0963,54,0,0.2439,3861.0,6,0,0,0,0.0,0
0.1514,46,0,0.371,1685.0,10,0,1,0,0.0,0
1.4029,79,0,0.555,12815.0,7,0,0,0,0.0,0
0.561,46,0,0.6811,4089.0,9,0,0,0,0.0,1
0.0496,58,0,0.4666,6584.0,7,0,1,0,2.0,0
0.6611,45,0,0.1684,3085.0,3,0,2,0,2.0,0
0.7734,58,0,1.0228,3480.0,11,0,1,0,0.0,0
0.8179,31,0,0.2345,2427.0,7,0,0,0,1.0,0
0.857,73,0,0.8103,2608.0,10,0,2,0,2.0,1
0.0629,56,0,0.8146,,12,0,0,0,0.0,0
1.2377,44,0,0.2789,1574.0,8,0,2,0,1.0,0
5.7499,46,0,0.7281,,9,0,1,0,0.0,0
0.415,41,0,0.7194,5005.0,5,0,2,0,1.0,0
0.4896,47,0,0.5703,4728.0,10,0,4,0,1.0,0
0.4068,52,0,0.3497,6332.0,9,0,3,0,0.0,0
0.0352,44,0,0.1788,3295.0,5,0,0,0,1.0,0
0.6388,62,0,0.6937,33565.0,10,0,1,0,0.0,0
0.2065,83,0,0.7171,6079.0,9,0,1,0,0.0,0
0.4421,49,0,0.4246,9244.0,8,0,2,0,1.0,0
0.4901,21,0,0.3454,7479.0,10,0,2,0,2.0,0
0.1226,47,0,0.525,4737.0,10,0,0,0,1.0,0
0.4621,50,0,0.5064,4198.0,7,0,0,0,1.0,0
0.0331,62,0,0.8896,3719.0,6,0,1,0,1.0,0
0.6095,42,0,0.1517,,8,0,0,0,1.0,0
0.0425,42,0,0.9523,2209.0,11,0,0,0,0.0,0
0.495,42,0,0.3686,4736.0,6,0,1,0,2.0,0
1.4343,34,0,0.6731,5593.0,7,0,0,0,0.0,0
0.5638,27,0,0.415,10944.0,3,0,1,0,2.0,0
0.5815,53,0,0.3272,,9,0,2,0,1.0,0
0.1795,32,0,0.4215,10686.0,4,0,1,0,2.0,0
0.5928,48,0,0.2782,4757.0,10,0,1,0,0.0,0
0.2349,61,0,0.2118,7650.0,8,0,0,0,0.0,0
3.176,39,0,0.3094,1452.0,8,0,0,0,0.0,0
1.2392,68,0,0.6057,5896.0,7,0,3,0,2.0,0
0.6447,42,1,0.5743,9429.0,9,0,1,0,2.0,0
0.3486,30,0,0.6548,5583.0,8,0,0,0,0.0,0
2.2447,46,0,1.1834,,11,0,1,0,,0
1.1435,57,0,0.3296,5184.0,6,0,1,0,3.0,0
0.0164,63,0,0.3428,5353.0,14,0,0,0,0.0,0
0.0295,57,0,0.6514,4786.0,9,0,2,0,1.0,0
0.3726,77,0,0.3028,5886.0,12,0,1,0,1.0,0
0.0008,55,0,0.6447,2590.0,6,0,0,0,0.0,0
0.2499,44,0,1.2345,,8,0,2,0,1.0,0
0.0541,51,0,0.8932,,8,0,3,0,0.0,0
0.8687,34,0,0.6886,19362.0,7,0,3,0,1.0,0
0.3302,64,0,0.3043,,7,0,1,0,0.0,0
0.497,32,0,0.9009,3516.0,10,0,2,0,1.0,0
0.002,37,0,0.2765,,4,0,2,0,0.0,0
2.7378,50,0,0.3545,6187.0,12,0,0,0,0.0,0
0.415,39,0,0.1807,3804.0,5,0,1,0,1.0,0
2.8042,57,0,0.5943,6030.0,11,0,2,0,0.0,0
0.4474,56,0,0.702,12975.0,13,0,0,0,0.0,0
0.0459,62,0,0.8036,3391.0,8,0,3,0,3.0,0
0.1744,60,0,0.4149,12417.0,12,0,1,0,0.0,0
0.5946,55,0,0.5544,,9,0,0,0,1.0,0
0.1317,51,0,0.3175,10814.0,16,0,0,0,0.0,0
0.7022,62,0,0.5489,1458.0,5,0,0,0,1.0,0
0.113,52,0,0.2589,2076.0,7,0,1,0,0.0,0
0.1936,72,1,0.2494,7583.0,7,0,0,0,1.0,0
0.6046,64,0,0.4126,,4,0,0,0,0.0,0
0.7852,48,0,0.8603,,8,0,0,0,1.0,0
0.8496,69,0,0.6844,3746.0,5,0,1,0,1.0,0
0.3453,73,0,0.538,5806.0,5,0,0,0,1.0,0
0.1482,82,0,0.3293,,5,0,0,0,0.0,0
4.9803,68,0,0.2778,5930.0,9,0,1,0,2.0,0
0.6969,37,0,0.7337,12023.0,10,0,0,0,0.0,0
0.3841,39,0,0.3545,,7,0,2,0,2.0,0
0.2817,37,0,0.7163,3678.0,9,0,1,0,1.0,0
0.6574,66,0,0.4662,7599.0,7,0,2,0,0.0,0
0.0342,88,0,0.2221,5148.0,7,0,1,0,0.0,0
1.9097,57,0,0.4722,,5,0,0,0,0.0,0
1.1706,53,0,0.1002,,6,0,1,0,1.0,0
0.3796,59,0,0.1819,3545.0,10,0,1,0,0.0,0
0.0557,60,0,0.6117,4197.0,6,0,2,0,1.0,0
0.8104,70,0,0.4617,10558.0,3,0,0,0,2.0,0
3.2933,44,0,0.236,,6,0,1,0,0.0,0
0.0882,58,0,0.4052,3184.0,8,0,1,0,0.0,0
0.2511,63,0,0.7933,11545.0,8,0,1,0,0.0,0
5.5436,56,0,0.6027,3646.0,8,0,1,0,1.0,0
0.0029,30,0,0.4181,1900.0,9,0,0,0,0.0,0
0.7846,26,0,0.1595,3999.0,8,0,1,0,1.0,0
0.1501,33,0,0.6519,5980.0,5,0,0,0,1.0,0
2.0759,68,0,0.303,6713.0,10,0,0,0,0.0,0
0.7821,74,1,0.5934,2959.0,8,0,0,0,5.0,0
0.9314,37,0,0.2231,3820.0,8,0,2,0,1.0,0
0.7646,63,0,0.4965,,7,0,0,0,1.0,0
0.6647,23,0,0.3277,3269.0,11,0,2,0,1.0,0
0.42,43,0,0.1616,,9,0,1,0,1.0,0
0.7098,57,0,0.6586,7695.0,13,0,3,0,0.0,0
0.2657,64,0,0.2216,5808.0,16,0,0,0,0.0,0
0.2129,43,0,0.0848,5758.0,8,0,1,0,0.0,0
0.6658,51,0,0.5017,4078.0,11,0,0,0,3.0,0
0.245,51,0,0.4352,4123.0,11,0,2,0,1.0,0
0.2586,33,0,0.1393,3106.0,7,0,0,0,0.0,0
0.4518,67,0,0.4347,3492.0,9,0,0,0,0.0,0
0.4004,55,0,0.5988,3190.0,7,0,0,0,1.0,0
0.5216,41,0,0.7235,,4,0,0,0,3.0,0
0.1202,51,0,0.2954,5400.0,8,0,0,0,0.0,0
0.1892,67,0,0.4626,12818.0,7,0,1,0,1.0,0
0.5048,41,0,0.4817,6334.0,11,0,0,0,0.0,0
0.4718,36,0,0.6487,5372.0,8,0,0,0,0.0,1
0.7367,37,0,0.5219,10657.0,9,0,1,0,1.0,0
1.5913,86,0,0.4703,7335.0,3,0,0,0,1.0,0
0.3566,64,1,0.4876,2623.0,6,0,1,1,2.0,0
0.0127,38,0,1.1833,,9,0,1,0,0.0,0
0.1333,54,0,0.407,4183.0,9,0,1,0,1.0,0
1.4945,56,0,0.3171,6218.0,10,0,0,0,1.0,0
2.4755,53,0,0.6155,5680.0,8,0,2,0,1.0,0
0.7145,44,0,0.8733,5078.0,12,0,0,0,1.0,0
0.2059,32,0,0.3899,3898.0,11,0,2,0,0.0,0
0.0508,42,0,0.5275,3894.0,4,0,0,0,3.0,0
0.2432,45,0,0.7485,5152.0,8,0,0,0,0.0,0
0.3306,64,0,0.2549,3582.0,14,0,1,0,0.0,0
0.5511,54,0,1.1658,4302.0,10,0,0,0,0.0,0
0.4016,60,0,0.2208,4303.0,5,0,1,0,1.0,0
0.4806,36,0,0.2731,2876.0,8,0,1,0,0.0,0
1.6656,48,0,0.1862,4790.0,6,0,0,0,,0
1.0052,67,0,1.119,9853.0,9,0,3,0,,0
0.3328,34,0,0.0658,3903.0,10,0,0,0,1.0,0
0.7546,76,0,0.3971,2645.0,13,0,2,0,1.0,0
0.921,54,0,0.9142,14414.0,2,0,0,0,0.0,0
0.089,61,0,0.7367,8049.0,7,0,3,0,0.0,0
0.3243,25,0,0.0847,12345.0,5,0,0,0,1.0,0
0.3147,62,0,0.3682,4534.0,9,0,0,0,1.0,0
0.2969,40,0,0.7054,3769.0,5,0,1,0,1.0,0
1.3458,53,0,0.2484,11751.0,13,0,0,0,3.0,0
0.5499,35,0,0.3663,4180.0,12,0,2,0,2.0,0
0.0893,66,0,0.5891,6509.0,9,0,1,0,1.0,0
0.5579,37,0,0.4025,3342.0,5,0,0,0,1.0,0
0.0132,59,0,0.1405,8857.0,7,0,3,0,0.0,1
2.1104,57,0,0.7267,3656.0,10,0,1,0,0.0,1
0.1141,56,0,0.5401,,5,0,1,0,2.0,0
0.3928,49,0,0.3887,10744.0,3,0,4,0,0.0,0
0.0697,60,0,0.3765,,11,0,1,0,2.0,0
2.1633,51,0,0.3719,4493.0,4,0,1,0,0.0,0
0.5728,48,0,0.5608,3006.0,3,0,3,0,,0
0.2234,62,0,0.2236,6170.0,9,0,3,0,0.0,0
0.1081,81,0,0.4963,,7,0,0,0,0.0,0
0.6489,52,0,0.7791,,8,0,1,0,1.0,1
0.3283,33,0,1.1954,,6,0,2,0,3.0,0
0.1158,48,0,0.7041,8324.0,5,0,0,0,1.0,0
0.3259,61,0,0.3557,5877.0,7,0,1,0,1.0,0
0.0254,47,0,0.797,2106.0,11,0,0,0,,0
0.0529,32,0,1.3154,8047.0,7,0,0,0,1.0,0
2.9393,56,0,0.4501,6609.0,11,0,1,0,0.0,0
1.155,49,0,0.5129,,8,0,0,0,0.0,0
1.108,43,0,0.4052,9096.0,5,0,0,0,0.0,0
0.834,56,0,0.2467,15949.0,8,0,2,0,1.0,0
0.5037,65,0,0.3276,11364.0,7,0,2,0,0.0,0
0.1045,46,0,0.8877,2378.0,5,0,1,0,0.0,0
0.3395,63,0,0.3757,6770.0,4,0,0,0,0.0,0
0.432,54,0,0.7797,4441.0,6,0,1,0,0.0,0
0.0257,38,0,0.5797,4897.0,8,0,2,0,0.0,0
0.3331,25,0,0.4951,11087.0,10,0,2,0,2.0,0
9.0776,55,2,0.8996,9182.0,2,1,1,1,1.0,0
0.3921,51,0,0.7738,7677.0,8,0,1,0,3.0,0
0.567,42,0,0.5561,7196.0,12,0,1,0,2.0,0
0.2118,44,0,0.8181,7010.0,7,0,1,0,0.0,0
0.5824,36,0,0.6692,,9,0,2,0,2.0,0
0.8223,56,2,0.4339,2807.0,10,0,2,1,2.0,0
1.0266,37,0,0.1456,2207.0,11,0,0,0,,0
0.9174,48,0,0.6006,2834.0,10,0,0,0,0.0,0
0.7842,45,0,0.8043,13978.0,10,0,0,0,0.0,0
0.0997,31,0,0.528,5100.0,5,0,0,0,0.0,0
0.1194,61,0,0.359,14076.0,9,0,2,0,1.0,0
2.8799,50,0,0.3051,8744.0,7,0,0,0,0.0,0
0.531,85,0,0.1496,,6,0,0,0,1.0,1
0.1044,40,0,0.4075,,6,0,1,0,1.0,0
0.3618,77,0,0.4108,4185.0,12,0,1,0,3.0,0
0.7428,53,0,0.246,5725.0,11,0,1,0,1.0,0
0.1812,45,2,1.1722,3320.0,7,0,1,2,1.0,0
4.4672,38,0,1.1791,13431.0,6,0,0,0,0.0,0
0.4709,33,0,0.4782,8403.0,10,0,2,0,2.0,0
0.249,43,0,0.0822,7965.0,2,0,3,0,2.0,0
0.3998,42,0,0.7334,18522.0,11,0,1,0,1.0,0
0.1216,46,0,0.4311,2563.0,8,0,2,0,0.0,0
1.9084,42,1,0.6871,4946.0,13,0,0,0,0.0,0
0.1358,65,0,0.1393,3889.0,6,0,1,0,0.0,0
0.0418,37,0,0.9445,4627.0,9,0,3,0,1.0,0
0.1644,42,0,0.7063,4782.0,9,0,1,0,0.0,0
0.3408,48,0,0.6154,6675.0,2,0,0,0,0.0,0
0.7775,40,0,0.1933,2285.0,7,0,0,0,1.0,0
4.3491,65,1,0.6474,,9,0,0,3,2.0,0
0.3256,39,0,0.5397,11994.0,12,0,1,0,0.0,0
0.9479,47,0,0.4128,7129.0,11,0,0,0,1.0,0
0.8285,46,0,0.5156,6987.0,6,0,2,2,1.0,0
0.1075,46,0,0.9046,,10,0,1,0,2.0,0
0.562,82,0,0.279,7512.0,8,0,0,0,1.0,0
0.4562,69,0,0.1501,4649.0,11,0,0,0,0.0,1
0.0375,59,0,0.4526,3346.0,12,0,3,0,0.0,0
0.3983,56,0,1.0002,3305.0,4,0,2,0,0.0,0
0.4055,77,0,0.2919,17337.0,10,0,4,0,2.0,0
0.7689,49,0,0.2596,3720.0,6,0,1,0,,0
0.6173,47,0,0.9381,2712.0,8,0,1,0,1.0,0
0.4588,50,0,0.1442,2100.0,5,0,2,0,1.0,1
0.8794,50,0,0.5094,,15,0,2,0,0.0,1
4.8251,56,0,1.221,6708.0,6,0,1,0,2.0,0
1.8735,52,0,0.9506,,9,0,1,0,1.0,0
1.5213,21,0,0.4514,5470.0,9,0,1,0,3.0,0
0.183,55,0,0.4489,11562.0,6,0,2,0,0.0,0
0.3153,58,0,0.7846,4192.0,8,0,1,0,1.0,0
1.1062,58,0,0.3882,,6,0,0,0,0.0,0
1.2263,42,0,1.0529,9561.0,7,0,0,0,1.0,0
0.0231,32,0,0.1707,6450.0,10,0,0,0,0.0,0
0.5819,67,0,0.1295,1127.0,7,0,1,0,0.0,0
0.1859,47,0,0.5313,1613.0,5,0,0,0,1.0,0
0.3598,45,0,0.2452,,7,0,2,0,0.0,0
2.5914,43,1,0.1768,9419.0,7,0,1,1,2.0,0
0.6211,59,0,0.4401,7635.0,11,0,2,0,1.0,0
0.3981,64,0,0.6211,8608.0,3,0,2,0,0.0,0
0.2436,57,0,0.2889,2814.0,12,0,0,0,1.0,0
2.1971,57,0,0.5961,,8,0,1,0,1.0,0
0.9694,46,0,0.6726,23063.0,7,0,3,0,1.0,0
0.4304,45,0,0.4852,3823.0,8,0,0,0,,0
3.157,46,0,0.488,21238.0,10,0,2,0,1.0,0
0.0287,57,0,0.7177,4522.0,8,0,1,0,0.0,0
0.8938,44,0,0.1977,3769.0,10,0,1,0,0.0,0
0.8811,59,0,0.5126,5813.0,5,0,1,0,1.0,0
0.4279,60,0,1.0666,3483.0,2,0,0,0,1.0,0
0.8355,61,0,0.2861,,6,0,4,0,1.0,0
0.064,46,0,0.321,2426.0,10,0,0,0,2.0,0
0.3494,40,0,0.7077,2648.0,5,0,0,0,1.0,0
0.4328,52,0,0.3109,2797.0,7,0,1,0,2.0,0
0.5583,45,0,1.2618,5784.0,6,0,0,0,0.0,0
0.3324,43,0,0.5948,5068.0,5,0,1,0,2.0,0
0.3547,48,0,0.4856,5861.0,9,0,0,0,1.0,0
4.5663,60,0,0.827,,7,0,2,0,0.0,0
0.8921,40,0,0.691,2105.0,7,0,1,0,0.0,0
6.8119,75,0,0.1196,5359.0,8,0,0,0,1.0,0
0.4557,59,0,0.1167,,13,0,1,0,0.0,0
0.0621,45,0,0.2094,2115.0,10,0,1,0,0.0,0
0.3144,62,0,0.3351,1769.0,7,0,1,0,2.0,0
4.7002,40,0,0.3663,9498.0,4,0,2,0,,0
0.0777,54,0,1.0746,9121.0,10,0,1,0,0.0,0
0.3995,58,0,0.7124,3621.0,4,0,1,0,1.0,0
0.6083,61,0,0.1814,4651.0,9,0,2,0,1.0,0
1.9544,50,2,0.3422,,1,0,1,0,1.0,0
0.4135,37,0,0.2245,6849.0,9,0,1,0,0.0,0
0.3931,52,0,0.8179,,7,0,2,0,0.0,0
1.4057,69,0,0.1867,3708.0,6,0,1,0,2.0,0
0.1349,43,0,0.711,,6,0,1,0,1.0,0
0.021,42,0,0.9018,,11,0,4,0,2.0,0
0.4819,49,0,0.5795,3188.0,9,0,1,0,0.0,0
0.2434,60,0,0.3362,1827.0,15,0,1,0,1.0,0
0.2404,37,0,0.4299,5537.0,5,0,1,0,0.0,0
1.1016,43,0,0.2712,5080.0,4,0,1,0,1.0,0
0.5199,38,0,0.1873,6408.0,12,0,1,0,,0
1.1178,71,0,0.8027,,8,0,1,0,0.0,0
0.0789,39,0,1.005,3178.0,4,0,0,0,1.0,0
0.0005,54,0,0.0506,6500.0,6,0,1,0,0.0,0
0.2115,43,0,0.528,,7,0,0,0,1.0,0
2.724,57,0,0.3773,2371.0,5,0,0,0,2.0,0
0.5273,65,0,0.2782,,7,0,1,0,0.0,0
0.546,50,0,0.4239,4056.0,4,0,1,0,0.0,0
0.0639,63,0,1.1487,6429.0,11,0,2,0,0.0,0
0.0507,60,0,0.3531,5538.0,7,0,0,0,2.0,0
0.4164,55,0,0.5058,,11,0,1,0,1.0,0
0.2584,64,0,0.4839,16063.0,10,0,1,0,1.0,0
0.0899,83,1,0.6242,3554.0,8,0,0,0,1.0,0
0.1923,69,0,0.3797,7524.0,8,0,3,0,0.0,0
0.4925,30,0,0.3511,,6,0,1,0,0.0,0
1.6161,33,0,0.9814,13564.0,4,0,2,0,0.0,0
1.3565,51,0,0.1508,2047.0,8,0,1,0,1.0,0
0.3738,24,0,0.1838,9325.0,9,0,2,0,0.0,0
0.2086,50,0,0.3356,4938.0,13,0,2,0,0.0,0
4.9957,31,0,0.3292,2416.0,8,0,1,0,1.0,0
0.2325,54,0,0.0717,,12,0,3,0,0.0,0
0.6244,57,0,0.5635,9071.0,10,0,3,0,0.0,0
0.2391,50,0,0.7604,3388.0,14,0,1,0,1.0,0
0.1421,47,0,0.0839,,13,0,0,0,0.0,0
0.6535,42,0,0.6989,4875.0,5,0,2,0,0.0,0
0.1774,53,0,0.1698,3425.0,5,0,3,0,0.0,0
0.8633,35,0,0.504,,4,0,3,0,0.0,1
0.2279,39,0,0.5946,6258.0,9,0,0,0,0.0,0
3.2064,58,0,0.841,10046.0,9,0,0,0,1.0,0
0.3226,47,0,0.7823,2970.0,8,0,2,0,0.0,0
0.842,45,0,0.2341,1655.0,5,0,0,0,0.0,0
0.7513,65,0,0.6015,3094.0,5,0,2,0,0.0,0
0.4141,51,0,0.7237,1472.0,8,0,2,0,1.0,0
0.1321,45,0,0.7601,4346.0,10,0,1,0,0.0,0
0.0551,61,0,0.3958,,8,0,1,0,0.0,0
0.2835,39,0,0.9123,4661.0,9,0,0,0,1.0,0
0.1432,21,0,0.2193,2100.0,8,0,1,0,1.0,0
0.6977,71,0,0.7555,8077.0,8,0,0,0,0.0,0
0.0443,35,0,0.3398,6015.0,8,0,3,0,2.0,0
0.5233,75,0,1.1978,13176.0,9,0,0,0,1.0,0
0.0618,44,0,0.4669,4156.0,9,0,1,0,1.0,0
0.8341,26,0,0.412,,5,0,0,0,2.0,0
5.5726,39,0,0.3282,9730.0,10,0,1,0,2.0,0
0.1781,57,0,0.3812,,15,0,2,0,0.0,0
0.2744,74,0,0.3065,6529.0,9,0,1,0,0.0,1
0.2935,64,0,0.671,5647.0,10,0,1,0,0.0,0
0.2673,66,0,0.3168,6171.0,7,0,1,0,3.0,0
0.2978,34,0,0.4784,4286.0,9,0,0,0,0.0,0
1.4766,63,0,0.6503,7343.0,12,0,1,0,0.0,0
0.5624,49,0,0.9651,3993.0,8,0,2,0,1.0,0
0.4471,76,0,0.1716,,10,0,2,0,2.0,0
1.0999,58,0,0.635,,11,0,0,0,1.0,0
0.2162,57,0,0.3414,3873.0,13,0,0,0,0.0,0
0.3076,33,0,0.3816,,9,0,0,0,1.0,0
0.6576,61,0,0.7858,2695.0,12,0,0,0,0.0,0
0.1915,43,0,0.7643,6475.0,6,0,0,0,0.0,0
0.7189,61,0,1.0912,2732.0,7,0,1,0,2.0,0
0.1325,49,0,0.5409,9426.0,13,0,1,0,,0
0.0545,45,0,0.8746,3882.0,9,0,1,0,1.0,0
0.202,59,0,0.5064,1569.0,7,0,1,0,1.0,0
0.5667,54,0,0.8751,3196.0,10,0,2,0,1.0,0
0.0458,34,0,0.6619,,11,0,1,0,1.0,0
0.3603,73,0,0.2657,9679.0,13,0,0,0,1.0,0
0.0027,49,0,0.4692,7536.0,4,0,0,0,1.0,0
0.5702,64,0,0.3557,7770.0,8,0,1,0,1.0,0
0.8519,50,0,0.476,4143.0,10,0,0,0,1.0,0
0.9992,40,0,0.5567,3483.0,5,0,1,0,0.0,0
0.5776,49,0,0.3297,2647.0,5,0,2,0,0.0,0
0.6498,60,0,0.3602,,8,0,1,0,0.0,0
0.1795,86,0,0.5042,4362.0,6,0,1,0,2.0,0
0.0628,66,0,0.2724,,2,0,2,0,1.0,0
0.2618,44,0,0.7482,,10,0,2,0,1.0,0
0.7285,31,0,0.4012,4764.0,11,0,1,0,1.0,0
0.162,52,0,0.3766,5285.0,8,0,3,0,0.0,0
0.3429,53,0,0.206,,5,0,1,0,1.0,0
0.583,66,0,0.7864,25538.0,8,0,1,0,3.0,0
0.0839,70,0,0.2118,,7,0,1,0,1.0,0
0.1075,61,0,0.5758,6838.0,5,0,3,0,3.0,0
0.2433,65,0,0.1887,,5,0,0,0,1.0,0
0.3864,49,0,0.8959,,6,0,0,0,0.0,0
0.241,64,0,0.5314,6954.0,10,0,4,0,0.0,0
0.0852,56,2,0.2384,9966.0,8,0,2,1,0.0,0
0.5359,80,0,0.4319,1759.0,5,0,2,0,0.0,0
0.0325,55,0,0.4266,12999.0,8,0,1,0,0.0,0
0.4682,49,0,0.2301,1322.0,14,0,1,0,1.0,0
1.1627,63,0,0.5561,7943.0,0,0,2,0,2.0,0
0.5426,73,0,0.7568,7790.0,10,0,2,0,2.0,0
0.1897,63,2,0.3888,11739.0,8,3,1,1,0.0,0
0.8228,58,0,0.1183,7512.0,3,0,2,0,0.0,0
0.011,51,0,0.5407,,11,0,2,0,1.0,0
0.0997,40,0,0.5887,3900.0,4,0,0,0,2.0,0
0.8729,69,0,0.7121,9295.0,7,0,1,0,1.0,0
0.0951,69,0,0.6409,2426.0,7,0,3,0,0.0,0
0.3652,23,0,0.7423,4566.0,9,0,2,0,0.0,0
3.8466,40,0,0.0797,3344.0,9,0,0,0,1.0,0
0.042,62,0,0.6765,4708.0,7,0,1,0,2.0,0
3.4796,45,0,0.1712,5674.0,10,0,1,0,0.0,0
0.7811,60,0,0.603,,5,0,1,0,0.0,0
0.1981,38,0,0.0742,3185.0,3,0,1,0,2.0,0
0.7428,40,0,0.1156,678.0,8,0,1,0,2.0,0
2.0549,36,0,0.7748,6666.0,7,0,0,0,1.0,0
0.2655,50,0,0.5634,12918.0,10,0,0,0,3.0,0
0.6416,52,0,0.2413,1760.0,10,0,2,0,0.0,0
0.3674,35,0,0.8094,8096.0,4,0,2,0,0.0,0
0.6779,38,0,0.2523,4159.0,10,0,2,0,1.0,0
0.8705,46,0,0.483,4874.0,6,0,2,1,1.0,0
0.5831,47,2,0.099,,10,0,0,0,0.0,0
0.1417,41,0,0.3875,4625.0,9,0,0,0,0.0,0
3.5801,60,0,0.4848,3416.0,8,0,1,0,1.0,0
0.2682,46,0,0.1685,4230.0,8,0,1,0,3.0,0
3.5368,54,1,0.1761,,7,0,0,1,0.0,0
0.5094,58,0,0.1566,,7,0,4,0,0.0,0
0.1616,39,0,0.3094,6536.0,6,0,2,0,1.0,0
2.0588,59,0,0.43,4110.0,9,0,0,0,0.0,0
1.047,54,0,0.2124,6568.0,11,0,3,0,1.0,0
0.0861,53,0,0.3744,8686.0,10,0,3,0,0.0,0
0.2209,40,0,0.7157,3372.0,9,0,2,0,1.0,0
0.5588,65,0,0.3458,1608.0,7,0,2,0,0.0,0
0.3169,29,0,0.2375,5509.0,7,0,0,0,1.0,0
0.262,50,0,0.3959,1814.0,6,0,3,0,2.0,0
0.2356,40,0,0.762,3007.0,7,0,2,0,0.0,0
0.0799,46,0,0.1555,3881.0,4,0,2,0,0.0,0
1.1007,32,1,0.4934,6097.0,9,0,1,0,2.0,0
0.0478,42,0,0.5121,6167.0,12,0,0,0,2.0,0
0.6224,36,0,0.7127,5239.0,4,0,0,0,2.0,0
0.6266,31,0,0.6205,5199.0,6,0,0,0,1.0,0
0.2959,59,0,1.1304,14791.0,7,0,1,0,1.0,0
0.2596,42,0,0.1211,11365.0,9,0,2,0,3.0,0
0.0113,49,0,0.1565,5672.0,5,0,3,0,1.0,0
0.4687,57,0,0.5601,5121.0,10,0,1,0,2.0,0
1.1553,56,0,0.7738,,7,0,2,0,2.0,0
0.0433,50,0,1.2061,4878.0,9,0,1,0,,0
0.1617,42,0,0.652,5207.0,8,0,0,0,1.0,0
0.0509,46,0,0.0691,3591.0,10,0,1,0,3.0,0
0.4795,54,0,1.012,2601.0,7,0,0,0,1.0,1
0.1065,66,0,0.4601,19487.0,9,0,2,0,1.0,0
0.4463,21,0,0.3787,9175.0,9,0,0,0,0.0,0
0.1868,57,0,0.5369,7894.0,7,0,1,0,0.0,0
1.0643,35,0,0.3676,,3,0,2,0,0.0,0
2.1741,45,2,0.0331,1676.0,1,0,2,0,0.0,0
0.918,49,0,0.2812,2094.0,3,0,0,0,1.0,0
0.0679,50,0,0.0739,,10,0,0,0,1.0,0
0.1523,43,0,1.2946,15354.0,13,0,2,0,2.0,0
0.4591,68,0,0.9028,,8,0,2,0,2.0,0
0.5092,60,0,0.3625,6483.0,11,0,1,0,0.0,0
0.4839,45,0,0.5584,3639.0,12,0,0,0,0.0,1
0.7757,74,2,0.6503,4145.0,10,1,0,0,0.0,0
0.3007,42,0,0.671,,7,0,3,0,1.0,0
0.3819,41,0,0.5738,5189.0,5,0,2,0,0.0,0
0.412,53,0,0.6696,,7,0,1,0,0.0,0
0.4239,44,0,0.4493,14882.0,6,0,0,0,1.0,0
3.4391,57,0,0.4528,,7,0,2,0,1.0,0
0.2342,47,0,0.2828,,12,0,0,0,1.0,0
0.3719,56,0,0.466,,14,0,0,0,1.0,0
4.2811,39,0,0.7111,,8,0,3,0,2.0,1
0.0287,77,0,0.3302,,9,0,1,0,0.0,0
0.4708,45,0,0.8983,,14,0,2,0,1.0,0
0.0616,72,0,0.6588,4850.0,6,0,1,0,0.0,0
0.7175,33,0,0.5704,4105.0,6,0,0,0,1.0,0
0.412,77,0,0.2757,8669.0,13,0,0,0,1.0,0
1.2814,50,0,0.3512,5438.0,9,0,0,0,0.0,0
0.6129,48,2,0.4839,5162.0,3,0,0,0,1.0,0
3.5355,21,2,0.8274,5006.0,9,3,0,0,1.0,0
0.3935,33,0,0.3613,,11,0,2,0,0.0,0
2.3407,38,0,0.5795,6905.0,8,0,0,0,2.0,0
0.3749,36,0,0.7966,,9,0,0,0,2.0,0
0.9251,60,0,0.5436,,8,0,1,0,1.0,0
0.4146,45,0,0.6737,2414.0,10,0,0,0,0.0,0
0.6453,51,0,0.5126,3545.0,6,0,0,0,3.0,0
0.4978,54,0,0.4882,,7,0,0,0,1.0,0
0.0402,21,0,0.1406,3723.0,9,0,0,0,0.0,0
0.0716,47,0,0.5643,21554.0,11,0,1,0,0.0,0
0.6972,80,0,0.0876,11386.0,8,0,1,0,1.0,0
0.0613,66,0,0.0822,8048.0,9,0,2,0,0.0,0
2.5008,58,0,0.3219,4774.0,11,0,1,0,1.0,0
0.1797,53,0,0.5314,1732.0,6,0,1,0,1.0,0
0.3496,71,0,0.9774,11716.0,10,0,2,0,1.0,0
8.518,60,0,0.694,2731.0,13,0,0,0,0.0,0
0.1649,49,0,1.1159,3219.0,8,0,1,0,0.0,0
2.3778,56,0,1.1878,5197.0,6,0,0,0,2.0,1
0.3324,63,0,1.0049,7787.0,17,1,0,0,1.0,0
0.4723,69,0,1.6719,8538.0,7,0,1,0,3.0,0
0.1345,32,0,0.7806,,8,0,0,0,0.0,0
0.6782,53,2,0.5279,7638.0,8,0,1,0,0.0,0
1.214,65,0,0.4199,7470.0,6,0,1,0,0.0,0
1.7049,43,0,0.8282,2569.0,12,0,1,0,1.0,0
0.489,49,0,0.5827,14571.0,7,0,0,0,2.0,0
0.1354,74,0,0.2649,5109.0,5,0,0,0,1.0,0
1.3869,55,0,0.1297,7507.0,7,0,2,0,4.0,0
0.3797,41,0,0.4118,,6,0,0,0,,0
5.5034,31,0,0.1675,4307.0,8,0,1,0,2.0,0
0.2215,50,0,0.6843,3833.0,3,0,1,0,1.0,0
0.1238,43,0,0.7277,7099.0,5,0,1,0,1.0,0
0.1719,69,0,0.4895,2463.0,8,0,1,0,0.0,0
0.1521,41,0,0.6494,,6,0,0,0,1.0,0
0.3092,64,0,0.242,4343.0,8,0,1,0,2.0,0
0.2675,51,0,0.5773,3429.0,6,0,0,0,0.0,0
0.8206,45,0,0.9063,4662.0,10,0,1,0,0.0,0
0.779,47,0,0.8192,3579.0,4,0,0,0,1.0,0
4.9513,69,0,0.5651,7654.0,7,0,3,0,2.0,0
2.3275,63,0,0.8336,5015.0,8,0,1,0,0.0,0
0.567,55,0,0.6652,,7,0,1,0,1.0,0
0.2718,43,0,0.412,13876.0,8,0,0,0,3.0,0
0.2144,62,0,0.1215,,6,0,1,0,1.0,0
0.2841,53,0,0.1775,8408.0,10,0,2,0,0.0,0
1.82,46,0,0.6108,,10,0,3,0,1.0,0
0.3318,39,0,0.2754,5838.0,14,0,1,0,3.0,0
0.413,44,0,1.0111,5342.0,5,0,0,0,3.0,0
0.132,37,0,1.0022,8921.0,5,0,1,0,3.0,0
1.3593,40,0,0.5268,4080.0,4,0,2,0,0.0,0
0.6401,89,0,0.4306,4015.0,7,0,1,0,0.0,0
0.5891,26,0,0.6111,9619.0,9,0,0,0,0.0,0
2.183,64,0,0.6081,2960.0,4,0,2,0,0.0,1
1.29,59,0,0.3775,,9,0,2,0,0.0,0
0.8474,30,0,0.7323,4259.0,10,0,3,0,1.0,0
1.8043,63,0,0.3858,13146.0,7,0,0,0,2.0,0
0.0992,81,0,0.0985,10818.0,7,0,1,0,1.0,0
0.1323,52,0,0.4449,2120.0,5,0,1,0,0.0,0
1.6301,65,0,0.059,,12,0,0,0,0.0,0
0.0663,50,0,0.1107,3803.0,7,0,3,0,0.0,0
0.6931,58,0,0.2975,,5,0,1,0,0.0,0
8.0552,26,0,0.5991,7380.0,9,0,2,0,0.0,0
1.1804,52,0,0.4723,11273.0,8,0,3,0,0.0,0
0.5786,52,0,0.1768,5104.0,8,0,3,0,2.0,0
0.1166,46,0,0.4834,18035.0,8,0,1,0,1.0,0
0.4746,72,0,0.4717,,10,0,3,0,1.0,1
0.0985,51,0,0.7478,4633.0,9,0,1,0,0.0,0
0.619,50,0,0.2453,,9,0,0,0,0.0,0
0.0271,47,0,0.3119,15863.0,4,0,1,0,0.0,0
0.3876,46,0,0.6799,2933.0,1,0,2,0,1.0,0
0.1586,50,0,0.587,,8,0,0,0,1.0,0
0.0087,48,0,0.7443,2384.0,6,0,4,0,0.0,0
0.4463,58,0,0.6542,8469.0,4,0,0,0,0.0,0
0.2185,60,0,0.4727,,12,0,2,0,0.0,0
0.1056,72,0,0.7323,10542.0,8,0,1,0,2.0,0
0.3355,46,0,0.5292,2817.0,5,0,1,0,3.0,0
0.1395,38,0,0.9485,,12,0,0,0,0.0,0
0.5016,54,0,0.9221,8773.0,10,0,1,0,0.0,0
0.2511,55,0,0.22,3732.0,5,0,1,0,1.0,0
0.0766,65,0,0.3864,5609.0,4,0,2,0,0.0,0
0.0582,33,0,0.0773,2396.0,10,0,1,0,1.0,0
0.555,51,0,1.0661,4388.0,9,0,0,0,1.0,0
0.1247,68,0,0.2651,3859.0,3,0,1,0,1.0,0
0.3972,64,0,0.304,4789.0,11,0,1,0,0.0,0
0.3548,68,0,0.6501,4598.0,6,0,1,0,,0
0.2196,47,0,0.3161,,4,0,2,0,0.0,0
0.6588,21,0,0.7085,8681.0,12,0,1,0,1.0,0
1.3925,55,0,0.3615,5484.0,9,0,0,0,1.0,0
0.8041,59,0,0.6635,14065.0,4,0,0,0,2.0,0
0.4667,43,0,0.6537,4024.0,6,0,0,0,0.0,0
0.28,57,0,0.4805,15644.0,13,0,0,0,0.0,0
0.5246,54,0,0.2165,3525.0,4,0,1,0,1.0,0
0.2107,31,0,0.3174,6629.0,6,0,0,0,2.0,0
0.4671,66,0,1.0519,5839.0,8,0,0,0,0.0,0
1.3655,31,0,1.1111,,13,0,1,0,2.0,0
0.5318,62,0,0.0976,10275.0,7,0,0,0,0.0,0
0.4232,39,0,0.1285,3193.0,9,0,0,0,0.0,0
0.2862,54,0,0.3543,12994.0,7,0,0,0,0.0,0
0.0543,53,0,0.6603,3927.0,8,0,1,0,0.0,0
0.5226,53,0,0.5538,8688.0,4,0,2,0,1.0,0
1.4126,67,0,0.6925,,4,0,0,0,1.0,0
0.1707,64,0,0.5042,2553.0,9,0,1,0,2.0,0
2.6716,41,0,0.4891,3177.0,8,0,1,0,1.0,0
1.2721,53,0,0.5607,,8,0,1,0,0.0,0
0.8825,60,0,0.5694,7152.0,11,0,1,0,1.0,0
1.476,60,0,0.3437,8945.0,8,0,1,0,0.0,0
0.2446,60,0,0.3901,6919.0,7,0,0,0,1.0,0
0.1304,53,0,0.37,2568.0,5,0,2,0,1.0,0
0.2837,64,0,0.4958,9143.0,8,0,1,0,1.0,0
0.2221,63,0,0.8361,17070.0,7,0,2,0,1.0,0
0.4162,57,0,0.4005,6274.0,11,0,0,0,1.0,0
0.2523,49,0,0.2808,14253.0,8,0,2,0,0.0,0
0.0482,75,0,0.2116,9960.0,5,0,1,0,1.0,1
0.0461,48,0,0.5845,10321.0,6,0,1,0,1.0,0
0.3008,40,0,0.8423,2773.0,6,0,1,0,1.0,0
0.3269,48,0,0.3367,1780.0,11,0,0,0,,0
0.4074,54,0,0.7715,5768.0,8,0,1,0,0.0,0
0.0655,48,0,0.7656,3652.0,6,0,0,0,0.0,0
0.3063,40,0,0.1482,2357.0,12,0,1,0,1.0,0
0.3364,50,0,0.3279,3605.0,8,0,1,0,2.0,0
0.4492,68,0,0.3013,,11,0,1,0,0.0,0
2.3563,33,0,0.5317,5550.0,8,0,0,0,1.0,0
0.6982,54,0,0.8523,9428.0,3,0,1,0,0.0,0
0.3746,36,0,0.3928,9379.0,10,0,1,0,0.0,0
0.1793,37,0,0.4775,2110.0,5,0,1,0,0.0,0
0.7781,29,0,1.1165,7782.0,9,0,0,0,0.0,0
0.5798,52,0,0.4584,3592.0,6,0,1,0,2.0,0
0.2194,27,0,0.3215,,5,0,1,0,1.0,0
0.4388,54,0,0.3028,8378.0,9,0,0,0,1.0,0
0.6771,50,0,0.7989,3801.0,4,0,1,0,0.0,0
0.032,58,0,0.258,6351.0,9,0,3,0,1.0,0
0.5704,22,0,0.3993,1823.0,14,0,0,0,1.0,0
0.6063,28,0,0.3126,2157.0,9,0,0,0,0.0,0
0.1042,46,0,1.079,9697.0,3,0,2,0,3.0,0
0.648,52,0,0.494,,7,0,0,0,1.0,1
0.5831,66,0,0.1926,4292.0,10,0,0,0,2.0,0
0.1672,50,0,0.3834,,5,0,2,0,0.0,0
0.1796,40,2,0.5904,4302.0,8,0,2,0,1.0,0
0.0319,68,0,0.3749,6662.0,12,0,0,0,0.0,0
0.0428,43,0,0.5342,3752.0,11,0,0,0,2.0,0
0.549,31,0,0.9533,3263.0,12,0,1,0,1.0,0
0.104,57,0,0.5738,3132.0,8,0,0,0,1.0,0
0.5467,52,0,0.3946,15703.0,11,0,1,0,1.0,0
1.329,64,0,0.6401,,6,0,3,0,1.0,0
0.587,37,0,0.3875,1633.0,7,0,2,0,0.0,0
0.0184,53,2,0.6824,13600.0,4,0,2,0,0.0,0
2.3165,42,0,0.2287,4613.0,9,0,3,0,0.0,0
0.2583,55,0,0.6267,,9,0,2,0,0.0,0
0.1582,42,0,0.1716,,4,0,0,0,1.0,0
0.7865,52,0,0.6394,8166.0,8,0,3,0,2.0,0
0.4115,68,0,0.286,3318.0,12,0,1,0,0.0,0
0.8454,53,0,0.5679,,5,0,0,0,2.0,0
2.2121,47,0,0.4265,,6,0,2,0,0.0,0
1.2449,72,0,0.7644,6787.0,14,0,2,0,1.0,0
0.1582,50,0,0.4469,18867.0,6,0,0,0,1.0,0
0.0078,55,0,0.4072,13837.0,5,0,0,0,1.0,0
0.3231,64,0,0.2362,3315.0,8,0,0,0,2.0,0
0.3878,49,0,0.3274,5399.0,17,0,1,0,0.0,0
0.8934,50,0,0.1837,10125.0,10,0,1,0,1.0,0
0.2768,50,0,0.1896,15557.0,5,0,0,0,2.0,0
0.2061,56,0,0.7996,8114.0,8,0,0,0,0.0,0
0.4718,86,0,0.6449,4277.0,5,0,1,0,1.0,0
0.386,68,0,0.4995,6103.0,5,0,0,0,0.0,0
0.1647,66,0,0.4093,8703.0,6,0,1,0,1.0,0
0.762,39,0,0.5535,3401.0,8,0,2,0,3.0,0
0.3417,46,0,0.2289,6135.0,3,0,2,0,0.0,0
0.3118,60,0,0.4317,2386.0,7,0,3,0,0.0,0
0.1756,26,0,0.2409,3139.0,10,0,2,0,,0
0.4993,41,0,0.612,2979.0,8,0,2,0,0.0,0
0.3303,69,0,0.0783,9509.0,7,0,2,0,2.0,0
0.4766,67,0,0.3866,11711.0,6,0,0,0,1.0,0
1.7175,56,0,0.5122,3373.0,9,0,0,0,0.0,0
0.1297,62,0,0.3472,3069.0,10,0,1,0,2.0,0
0.7011,83,0,0.6033,9214.0,2,0,1,0,0.0,0
0.0244,48,0,0.7656,4476.0,4,0,0,0,0.0,0
0.3204,82,0,0.1771,6251.0,16,0,0,0,0.0,0
0.2745,59,1,0.1817,7569.0,10,0,1,1,1.0,0
0.0577,49,0,0.7682,19698.0,6,0,0,0,1.0,0
0.9203,72,0,0.3447,4819.0,10,0,1,0,1.0,0
2.7085,41,0,0.4651,3975.0,12,0,2,0,1.0,0
0.5973,53,0,0.2103,9538.0,11,0,1,0,,0
0.6191,49,0,0.3196,6815.0,12,0,1,0,1.0,0
0.03,74,0,0.3458,,8,0,0,0,0.0,0
0.1773,47,0,0.338,3485.0,6,0,2,0,2.0,0
0.3675,49,0,0.4671,1480.0,9,0,1,0,0.0,0
4.7274,51,0,0.5945,12402.0,6,0,0,0,0.0,0
0.2564,26,0,0.4712,8338.0,11,0,0,0,0.0,0
0.4833,70,0,0.3531,5201.0,6,0,0,0,1.0,0
0.6176,52,0,0.6608,5948.0,9,0,2,0,0.0,0
0.9917,46,0,0.1315,2285.0,6,0,1,0,0.0,0
0.4272,64,0,0.7832,,10,0,2,0,0.0,0
0.777,49,0,0.2858,7024.0,6,0,2,0,0.0,0
0.2683,57,0,0.0617,6273.0,7,0,0,0,1.0,0
0.4937,40,0,0.2588,15506.0,6,0,1,0,0.0,1
0.7621,43,0,0.432,2796.0,12,0,0,0,3.0,0
3.1414,56,0,0.701,2051.0,4,0,1,0,4.0,1
0.3431,44,0,1.0588,7003.0,7,0,0,0,0.0,0
0.3288,30,0,0.3006,8240.0,10,0,0,0,0.0,0
1.0293,72,0,0.3525,2459.0,13,0,0,0,0.0,0
0.0523,32,0,0.3267,6502.0,11,0,0,0,1.0,0
0.0982,64,0,0.5479,13210.0,8,0,0,0,0.0,0
1.7663,49,0,0.2731,6781.0,12,0,0,0,1.0,0
0.1621,68,0,0.2095,4847.0,5,0,1,0,0.0,0
1.0297,53,0,0.0352,4238.0,8,0,3,0,0.0,0
1.7376,50,0,0.5314,3093.0,6,0,1,0,0.0,0
2.5933,59,0,0.4865,,5,0,1,0,1.0,0
0.9533,53,0,0.5837,,11,0,2,0,0.0,1
0.0488,55,2,0.5628,1635.0,10,0,0,0,0.0,0
0.0867,51,0,0.7404,3996.0,8,0,0,0,1.0,0
0.0674,64,0,0.7326,3048.0,6,0,3,0,1.0,0
0.4117,43,0,0.4664,2663.0,8,0,1,0,0.0,0
0.2958,72,0,0.3154,,7,0,1,0,0.0,0
0.3942,57,0,0.431,14361.0,6,0,1,0,1.0,0
0.3837,67,2,0.2214,23068.0,8,0,1,2,1.0,0
0.2018,43,0,1.2054,,8,0,0,0,2.0,0
0.3557,80,0,0.3488,,16,0,1,0,0.0,0
0.7541,61,0,0.0749,4377.0,5,0,0,0,2.0,0
0.021,79,0,0.5167,8038.0,8,0,2,0,0.0,0
1.5469,47,0,1.0164,4016.0,5,0,1,0,0.0,0
0.8598,37,0,0.386,6133.0,5,3,1,1,0.0,0
2.8915,50,0,0.9039,2555.0,10,0,1,0,,0
0.3432,63,0,0.2461,10460.0,10,0,1,0,1.0,0
0.3745,70,0,0.7042,2266.0,6,0,1,0,1.0,0
1.0166,44,0,0.8124,6193.0,10,0,1,0,2.0,0
1.2966,68,0,0.1009,3125.0,7,0,0,0,0.0,0
0.2502,57,0,0.4915,3272.0,11,0,1,0,2.0,0
0.4662,66,0,0.9076,3528.0,13,0,2,0,0.0,0
0.9657,37,0,0.7957,2827.0,13,0,0,1,1.0,0
0.6721,42,0,0.3554,7788.0,10,0,0,0,1.0,0
0.5688,34,0,0.7501,9961.0,9,0,1,0,0.0,0
0.2104,52,0,0.2207,1995.0,7,0,0,0,3.0,0
0.4172,66,0,0.9613,,8,0,1,0,,0
1.6365,70,0,0.7538,,11,0,1,0,0.0,0
0.3634,43,0,0.7607,1432.0,7,0,2,0,0.0,0
1.0621,58,0,0.7647,6598.0,5,0,0,0,2.0,0
0.2098,58,0,0.1396,7293.0,9,0,1,0,0.0,0
1.0336,28,0,0.1955,5305.0,6,0,1,0,0.0,0
0.8708,56,0,1.1279,2936.0,10,0,0,0,1.0,0
1.386,26,0,0.0899,8151.0,8,0,0,0,0.0,0
0.1206,51,0,0.6604,,12,0,4,0,1.0,0
0.7773,43,0,0.5529,2637.0,5,0,1,0,2.0,0
0.5711,60,0,0.7775,,7,0,0,0,0.0,1
0.6607,62,0,0.2653,10832.0,5,0,0,0,1.0,0
0.2541,71,0,0.6161,3652.0,10,0,2,0,1.0,0
0.2991,53,0,0.752,1199.0,7,0,3,0,0.0,0
0.3141,57,0,0.8195,3603.0,10,0,4,0,3.0,0
1.7544,40,0,0.4197,9855.0,8,0,1,0,1.0,0
0.9974,44,0,0.4083,7727.0,8,0,0,0,0.0,0
0.3605,45,0,0.141,9894.0,8,0,0,0,2.0,0
0.306,50,0,0.8449,6238.0,10,0,1,0,2.0,0
0.8246,80,0,0.4914,3297.0,6,0,2,0,0.0,0
1.6838,54,0,0.208,27194.0,6,0,1,0,2.0,0
0.5166,71,0,0.6645,,6,0,1,0,1.0,1
0.0936,60,0,1.174,5009.0,9,0,2,0,0.0,0
0.2456,63,0,0.6373,6357.0,13,0,0,0,0.0,0
0.7632,55,0,0.231,12316.0,7,0,0,0,,0
0.8749,50,1,0.6268,11910.0,5,0,0,0,1.0,0
0.2606,54,0,0.5625,,4,0,1,0,1.0,0
2.6763,41,0,0.7571,7881.0,7,0,1,0,1.0,0
0.1435,44,0,0.3018,,12,0,3,0,5.0,0
0.1935,52,0,0.688,5251.0,4,0,2,0,0.0,0
0.6273,54,0,0.3567,1826.0,9,0,2,0,0.0,0
1.4134,24,0,0.3808,4923.0,8,0,1,0,0.0,0
0.0161,38,0,0.8421,8364.0,11,0,0,0,3.0,0
0.6285,60,0,0.5684,7440.0,6,0,1,0,0.0,0
0.034,62,0,0.991,6953.0,10,0,1,0,1.0,0
0.6081,29,1,0.3398,2281.0,7,0,0,3,2.0,0
1.0242,54,0,0.6177,,11,0,0,0,3.0,0
0.1863,95,0,0.5009,8937.0,8,0,1,0,1.0,0
0.1244,68,0,0.6831,,12,0,1,0,2.0,0
2.5376,36,0,0.6327,3521.0,6,0,0,0,1.0,1
0.3247,54,0,0.5044,4399.0,8,0,0,0,1.0,0
0.1769,55,0,0.4142,11608.0,5,0,2,0,0.0,0
0.3449,49,0,0.5372,11771.0,10,0,1,0,0.0,0
0.9298,66,0,0.5592,13623.0,7,0,1,0,,0
0.6187,68,0,0.3993,3595.0,6,0,0,0,0.0,0
0.7554,44,0,0.4408,6364.0,7,0,0,0,0.0,0
0.0654,61,0,0.5041,3986.0,13,0,0,0,0.0,0
0.1519,42,0,1.0372,10330.0,11,0,1,0,1.0,0
0.187,50,0,0.5166,4282.0,6,0,0,0,,0
0.1766,74,0,0.3417,,10,0,0,0,0.0,0
0.4416,39,0,0.0787,,8,0,2,0,0.0,0
0.2091,64,0,1.0725,2761.0,9,0,1,0,0.0,0
0.6355,34,0,0.8719,4046.0,8,0,1,0,1.0,0
0.3144,44,0,0.5724,,13,0,0,0,2.0,0
0.0572,43,0,0.332,3747.0,6,0,1,0,2.0,0
0.713,40,0,0.3754,8011.0,2,0,2,0,1.0,0
0.0722,32,0,0.3446,2178.0,4,0,2,0,,0
0.1544,34,0,0.6125,,6,0,1,0,3.0,0
1.2081,26,0,0.4103,6366.0,7,0,1,0,0.0,0
0.0988,40,0,0.0929,8212.0,3,0,1,0,0.0,0
0.1512,39,0,1.0985,3299.0,7,0,1,0,2.0,0
0.1629,51,0,0.0564,2385.0,8,0,1,0,0.0,0
0.6127,71,0,0.4588,13691.0,9,0,0,0,0.0,0
0.4894,59,0,0.0937,4584.0,8,0,2,0,0.0,0
0.5399,56,0,0.599,9052.0,7,0,3,0,0.0,0
0.1875,42,0,0.6641,3969.0,10,0,2,0,1.0,0
0.1774,58,0,0.1324,3509.0,9,0,1,0,0.0,0
1.3116,60,4,0.4609,8307.0,8,0,0,2,1.0,0
0.0048,43,0,0.1731,2496.0,10,0,0,0,2.0,0
0.1297,67,0,0.6763,8807.0,9,0,0,0,0.0,0
0.842,47,0,0.9749,8147.0,7,0,1,0,0.0,0
0.4165,47,1,0.6097,10793.0,6,0,0,0,0.0,0
0.3012,57,0,0.2056,,10,0,2,0,2.0,0
0.1764,34,0,0.0817,,9,0,0,0,0.0,0
1.589,44,0,0.272,5600.0,10,0,2,0,1.0,0
2.3382,50,2,0.5977,6755.0,7,0,2,0,0.0,0
0.0608,43,0,0.3339,6511.0,9,0,1,0,0.0,0
0.2704,59,0,0.8428,2290.0,12,0,1,0,2.0,0
0.5091,41,0,0.2755,2768.0,9,0,0,0,2.0,0
11.214,43,0,0.5746,6969.0,5,1,0,0,0.0,0
0.0122,64,0,0.3579,6586.0,8,0,0,0,,0
0.4212,51,0,0.6221,11442.0,10,0,4,0,0.0,0
0.2851,62,0,0.4766,15650.0,5,0,1,0,0.0,0
0.4546,59,0,0.2636,,10,0,0,0,0.0,0
1.0291,76,3,0.6763,5811.0,12,0,2,0,,0
0.0004,45,0,0.5489,12373.0,4,0,2,0,1.0,0
3.4574,34,0,0.2399,,12,0,2,0,0.0,0
0.0324,29,0,0.8938,,6,0,1,0,1.0,0
0.9298,43,2,0.6416,2818.0,4,1,1,0,0.0,0
0.3778,66,0,0.44,,7,0,0,0,2.0,0
0.1087,61,0,1.0186,4099.0,10,0,0,0,0.0,0
0.329,49,0,0.365,4525.0,6,0,0,0,0.0,0
0.0083,82,0,1.0584,13789.0,9,0,2,0,0.0,0
0.3486,34,0,0.3827,,9,0,2,0,1.0,0
0.8194,66,0,0.2804,4370.0,9,0,0,0,0.0,0
0.2368,44,0,0.5563,2865.0,10,0,1,0,0.0,0
0.2708,76,0,0.5025,10121.0,12,0,1,0,1.0,0
0.508,46,0,0.0642,9071.0,11,0,1,0,2.0,0
0.6902,67,0,0.3561,2330.0,5,0,1,0,1.0,0
0.4734,49,0,0.5232,5094.0,8,0,0,0,1.0,0
0.5313,87,0,0.441,,10,0,0,0,0.0,1
0.3251,55,0,0.7509,5362.0,9,0,2,0,0.0,0
0.2824,52,0,0.1729,5529.0,9,0,1,0,0.0,0
0.3393,57,0,0.3597,12431.0,5,0,1,0,0.0,0
0.4076,62,0,0.2152,29355.0,6,0,2,0,2.0,0
0.544,74,0,0.7881,8805.0,7,0,2,0,1.0,0
0.1202,73,0,0.7309,6441.0,11,0,2,0,1.0,0
1.2567,24,0,1.103,6041.0,9,0,1,0,1.0,0
0.6021,48,0,0.5004,18583.0,6,0,0,0,,0
0.3704,43,0,0.4048,8247.0,5,0,1,0,0.0,0
2.0643,63,0,0.7268,5300.0,5,0,1,0,4.0,1
0.4494,44,0,0.7311,2178.0,10,0,0,0,0.0,0
0.2089,80,0,0.4475,,10,0,2,0,0.0,0
0.3985,40,0,0.0999,,13,0,1,0,1.0,0
0.4934,31,0,0.6334,,8,0,2,0,3.0,0
0.3836,55,0,0.6482,6879.0,8,0,2,0,0.0,0
0.113,63,0,0.0961,7837.0,9,0,2,0,1.0,0
0.8486,38,2,0.3759,10373.0,4,0,1,0,1.0,0
0.8209,70,0,0.2025,6111.0,5,0,0,0,0.0,0
0.1922,43,0,0.1699,5969.0,14,0,0,0,3.0,0
5.8006,47,0,0.2026,2306.0,10,0,1,0,2.0,0
1.4013,54,0,0.3787,3815.0,5,0,1,0,0.0,0
0.8637,44,1,0.4152,,5,0,2,2,2.0,0
0.0312,79,0,0.5345,,5,0,2,0,0.0,0
0.9342,34,0,0.3153,4054.0,5,0,0,0,0.0,0
0.1547,31,0,0.3095,5203.0,13,0,2,0,2.0,0
0.5049,42,0,0.678,6227.0,10,0,1,0,1.0,0
0.4669,36,0,0.5201,2138.0,8,0,1,0,1.0,0
3.1616,30,0,0.2816,,3,0,0,0,0.0,0
1.5551,56,0,0.4066,5563.0,4,0,0,0,0.0,0
0.5829,35,0,0.3135,,11,0,1,0,1.0,0
0.2622,50,0,0.7305,4415.0,6,0,1,0,0.0,0
0.1888,45,0,0.1155,3848.0,7,0,0,0,0.0,0
0.0556,71,0,0.4129,5779.0,9,0,0,0,1.0,0
0.2997,34,0,0.627,3769.0,6,0,0,0,1.0,0
0.0519,58,0,0.1939,,8,0,1,0,1.0,0
0.4186,51,0,0.4953,,6,0,1,0,2.0,0
0.1636,42,0,0.7654,24546.0,11,0,1,0,0.0,0
0.4912,51,0,0.4233,4792.0,5,0,2,0,1.0,0
0.2667,58,0,0.199,,9,0,1,0,1.0,0
0.1851,31,0,0.5617,7982.0,5,0,0,0,2.0,0
0.2676,54,0,0.0419,8959.0,6,0,0,0,1.0,0
3.8419,52,0,0.748,3813.0,12,0,1,0,,0
1.343,63,0,0.2884,5559.0,15,0,2,0,0.0,0
0.3743,58,0,0.3633,5492.0,10,0,0,0,,0
1.6816,75,0,0.5768,4582.0,8,0,3,0,3.0,0
0.2506,68,0,0.7757,7540.0,6,0,0,0,0.0,0
0.5303,49,0,0.3438,9888.0,10,0,1,0,1.0,0
0.6004,72,0,0.4379,5668.0,6,0,0,0,1.0,0
0.1536,55,0,0.2588,5360.0,6,0,0,0,0.0,0
1.1021,67,0,1.0938,9493.0,11,0,0,0,1.0,0
0.1217,51,1,0.4111,2083.0,13,1,0,0,0.0,0
0.1203,57,0,0.5512,3771.0,7,0,2,0,2.0,0
0.4569,27,0,0.6138,,8,0,3,0,2.0,1
0.2042,55,0,0.6975,,7,0,0,0,2.0,0
1.0257,60,1,0.7,5611.0,11,0,3,0,2.0,0
0.348,60,0,0.3565,6508.0,10,0,1,0,0.0,0
0.4922,28,0,1.049,9641.0,11,0,3,0,1.0,0
0.3299,47,0,0.545,2580.0,7,0,1,0,2.0,0
0.6964,41,0,0.3435,3636.0,11,0,0,0,2.0,0
0.411,51,0,0.2708,3416.0,10,0,0,0,1.0,0
0.058,22,0,0.5816,4957.0,6,0,4,0,1.0,0
0.2458,42,0,0.1434,,7,0,0,0,0.0,0
0.7859,53,0,0.8255,4452.0,7,0,0,0,0.0,0
0.9966,45,0,0.6017,1478.0,8,0,2,0,0.0,1
2.0903,76,0,0.5365,2566.0,14,0,1,0,2.0,1
0.7877,47,0,0.544,3510.0,2,0,1,0,0.0,0
2.434,51,0,0.2622,14614.0,16,0,2,0,1.0,0
0.8904,28,0,0.1939,1910.0,9,0,2,0,0.0,0
0.4843,38,0,0.5838,1697.0,6,0,2,0,1.0,0
0.9522,64,0,0.2733,7857.0,11,0,2,0,2.0,1
0.2472,44,0,0.3763,,9,0,0,0,2.0,0
0.1941,50,0,0.3004,21099.0,8,0,1,0,1.0,0
2.4566,44,0,0.4149,11467.0,8,0,0,0,3.0,0
0.3731,62,0,0.2795,7314.0,10,0,0,0,1.0,0
0.0589,35,0,0.4269,6000.0,2,0,1,0,1.0,0
0.5713,44,0,0.2758,10035.0,11,0,2,0,0.0,0
0.0518,58,0,0.6687,6226.0,6,0,3,0,1.0,0
0.2285,47,0,0.3171,3449.0,11,0,0,0,0.0,0
0.1891,25,0,0.0721,10822.0,8,0,1,0,1.0,1
3.6742,51,0,0.412,,11,0,0,0,0.0,0
2.6757,28,0,0.3741,1855.0,7,0,1,0,3.0,1
0.4589,51,0,0.5326,,8,0,2,0,0.0,0
0.4427,64,0,0.3461,7039.0,2,0,3,0,2.0,1
0.0089,43,0,0.5307,14022.0,10,0,0,0,0.0,0
0.4279,66,0,0.6716,8569.0,7,0,0,0,1.0,0
1.6146,61,0,0.5693,,13,0,0,0,0.0,0
0.1825,63,0,0.9129,8259.0,11,0,1,0,0.0,0
0.6472,28,2,0.1357,,6,0,2,0,1.0,0
2.1062,48,0,0.5559,12418.0,8,0,1,0,0.0,0
0.2536,61,0,0.878,7598.0,9,0,0,0,,0
0.8597,44,0,0.719,3804.0,11,0,0,0,0.0,0
5.9273,27,0,0.8134,6122.0,9,0,2,0,1.0,0
0.2846,66,0,0.6307,5839.0,11,0,2,0,0.0,0
0.3673,64,0,0.3654,2444.0,9,0,2,0,0.0,0
0.669,70,0,0.3132,9145.0,8,0,0,0,2.0,0
0.9864,25,0,0.4615,,5,0,1,0,1.0,0
0.981,49,0,0.4289,13143.0,10,0,1,0,1.0,0
0.5069,45,0,0.5167,7266.0,8,0,1,0,0.0,0
0.0003,37,0,0.3167,4641.0,8,0,0,0,0.0,0
0.2269,54,0,0.3249,,5,0,4,0,,0
0.1941,56,0,0.4827,,11,0,2,0,3.0,0
0.2372,47,1,0.6377,6672.0,5,0,0,1,1.0,0
0.1631,74,0,0.5448,10121.0,10,0,2,0,0.0,0
0.8392,23,0,0.0911,20705.0,7,0,0,0,1.0,1
0.4448,57,0,0.4998,3969.0,8,0,0,0,1.0,0
0.384,33,0,0.5345,9678.0,5,0,0,0,1.0,0
0.4066,53,0,0.5984,2428.0,6,0,1,0,1.0,0
0.1896,58,0,0.186,3158.0,7,0,0,0,1.0,0
0.1473,70,0,0.1826,11544.0,9,0,1,0,1.0,0
0.1218,47,0,0.7866,,8,0,1,0,1.0,0
0.4874,54,0,0.3531,6487.0,10,0,3,0,0.0,0
2.1992,21,0,0.0643,6069.0,15,0,1,0,0.0,0
0.9462,68,0,0.1283,,4,0,2,0,1.0,0
0.4039,60,0,0.2179,7231.0,6,0,0,0,0.0,0
0.764,54,0,1.2857,8148.0,7,0,0,0,1.0,0
0.0052,54,0,0.4491,,10,0,1,0,1.0,0
0.3023,42,0,0.4904,1383.0,3,0,1,0,0.0,0
0.0591,45,0,0.3801,6724.0,6,0,3,0,1.0,0
0.3274,41,0,0.1854,,9,0,1,0,1.0,0
1.0217,39,0,0.5997,10602.0,10,0,1,0,0.0,0
0.562,54,0,0.547,4238.0,12,0,0,0,1.0,0
0.1586,72,0,0.3205,11818.0,8,0,0,0,2.0,0
0.0295,45,0,0.4798,5161.0,6,0,0,0,1.0,0
0.1701,54,0,0.6275,19372.0,8,0,1,0,0.0,0
0.5583,49,0,0.3905,2602.0,10,0,2,0,2.0,0
0.3328,49,0,0.9193,9640.0,9,0,3,0,3.0,0
0.4961,48,0,0.816,,7,0,2,0,3.0,1
0.3497,74,0,0.7051,12117.0,10,0,3,0,1.0,0
0.2356,50,0,0.3224,6099.0,6,0,0,0,0.0,0
0.3682,65,0,0.229,,12,0,1,0,0.0,0
1.0118,51,0,0.4683,,9,0,2,0,0.0,0
1.5578,76,0,0.6109,15358.0,9,0,2,0,1.0,0
0.5398,70,0,0.3723,4163.0,9,0,2,0,0.0,1
0.4643,63,0,0.6245,7115.0,4,0,1,0,1.0,0
0.2277,62,0,0.2481,11741.0,9,0,0,0,0.0,0
0.1757,61,0,0.4478,3489.0,6,0,1,0,0.0,0
1.398,45,0,0.1465,4283.0,8,0,2,0,1.0,0
0.0944,55,0,0.7856,4206.0,9,0,0,0,1.0,0
0.4024,85,1,0.604,4536.0,11,0,1,0,0.0,0
0.1976,58,0,0.1614,,12,0,0,0,2.0,0
0.3659,44,0,0.491,18791.0,12,0,0,0,0.0,0
0.2889,32,0,0.2469,4899.0,9,0,2,0,1.0,0
0.5454,45,0,0.4165,2942.0,8,0,0,0,0.0,0
0.0563,36,0,0.6371,5390.0,2,0,2,0,0.0,0
0.2253,57,0,0.4719,,5,0,1,0,1.0,0
0.4288,33,0,0.1076,2871.0,5,0,1,0,0.0,0
0.5418,31,0,0.589,7848.0,8,0,1,0,0.0,0
0.9608,55,0,1.0305,8503.0,6,0,2,0,1.0,0
0.7555,31,0,0.2269,13911.0,18,0,2,0,,0
0.3008,55,0,0.6362,6771.0,13,0,2,0,1.0,0
0.0939,74,0,0.0397,4686.0,8,0,2,0,0.0,0
0.2402,58,2,0.6036,17024.0,6,0,1,0,0.0,0
0.5649,62,0,0.038,4761.0,10,0,0,0,3.0,0
0.2,60,0,0.4649,2983.0,7,0,0,0,1.0,0
0.4881,25,0,0.0428,6290.0,6,0,0,0,0.0,0
1.1006,21,0,0.1806,7004.0,12,0,3,0,0.0,0
1.1519,58,0,0.6003,9457.0,13,0,2,0,2.0,0
0.3082,61,0,0.4592,,9,0,0,0,0.0,0
0.7622,58,0,0.3735,1896.0,11,0,0,0,1.0,0
0.2274,56,0,0.1458,13839.0,5,0,0,0,2.0,0
0.1776,42,0,0.2036,3414.0,10,0,1,0,0.0,0
0.467,57,0,0.179,4850.0,5,0,0,0,0.0,0
0.5646,64,0,0.1234,5132.0,6,0,2,0,0.0,0
0.4754,45,0,0.6513,3819.0,11,0,2,0,1.0,1
0.0867,41,0,0.3933,3996.0,11,0,1,0,3.0,0
3.1295,33,0,0.4147,6627.0,9,0,2,0,2.0,0
0.2751,34,0,0.2459,1060.0,2,0,1,0,0.0,0
0.3231,46,1,0.7942,6084.0,8,0,1,0,3.0,0
0.0287,54,0,0.213,4399.0,6,0,1,0,1.0,0
0.1847,72,0,0.5764,15040.0,9,0,0,0,1.0,0
0.1364,44,0,0.3572,,10,0,0,0,1.0,0
0.032,35,0,0.5592,6935.0,11,0,1,0,3.0,0
0.1468,56,0,0.405,5771.0,6,0,0,0,0.0,0
0.071,44,0,0.7737,2417.0,10,0,0,0,1.0,0
0.9517,69,1,0.2327,8319.0,12,0,2,0,0.0,0
0.638,62,0,1.0228,5609.0,9,0,0,0,0.0,0
0.0107,60,0,0.4594,8012.0,7,0,0,0,0.0,0
2.7048,32,0,0.7789,4023.0,16,0,2,0,1.0,0
0.1801,43,0,0.1075,3257.0,7,0,1,0,1.0,0
0.2081,66,0,0.8735,5219.0,8,0,0,0,0.0,0
0.6409,49,0,0.797,3930.0,3,0,2,0,1.0,0
0.3044,21,0,0.6459,2854.0,4,0,1,0,0.0,0
0.5132,75,0,0.1884,5571.0,9,0,0,0,2.0,0
0.601,48,0,0.8028,9531.0,5,0,1,0,1.0,0
0.6816,56,0,0.2967,,10,0,2,0,0.0,0
0.2413,58,0,0.6725,5496.0,8,0,0,0,2.0,0
0.7075,50,0,0.4369,,8,0,4,0,2.0,0
0.5215,69,0,0.3566,,10,0,0,0,0.0,0
0.6463,50,0,0.2286,7008.0,7,0,2,0,2.0,0
4.3616,47,0,0.8368,,6,0,2,0,0.0,0
0.1044,86,0,0.9698,3150.0,9,0,1,0,0.0,0
0.272,29,0,0.6185,3532.0,9,0,1,0,0.0,0
0.2545,54,0,0.5702,,5,0,1,0,0.0,0
0.4084,57,0,0.798,,7,0,1,0,1.0,0
0.1334,61,0,0.8125,3204.0,10,0,0,0,0.0,0
0.5839,79,0,0.2639,11426.0,7,0,0,0,0.0,0
0.7805,54,0,0.2497,5202.0,9,0,2,0,0.0,0
0.8848,37,0,0.2133,3091.0,8,0,1,0,1.0,0
2.3028,55,0,0.4453,,7,0,1,0,2.0,0
0.2536,51,0,0.2982,8875.0,12,0,0,0,0.0,0
0.3502,68,0,0.5181,3631.0,8,0,0,0,0.0,0
0.3995,62,0,0.4763,2078.0,9,0,1,0,1.0,0
1.0639,49,0,0.5653,1614.0,11,0,0,0,1.0,0
2.4984,45,0,0.1423,3154.0,11,0,2,0,1.0,0
0.1163,58,0,0.3952,2741.0,11,0,0,0,1.0,0
0.5562,56,0,0.2629,8516.0,4,0,1,0,1.0,0
1.3319,30,0,0.1961,5480.0,6,0,1,0,1.0,0
0.9004,32,0,0.1951,4365.0,10,0,1,0,1.0,0
1.6755,59,0,0.2718,2498.0,8,0,1,0,0.0,0
0.0449,38,0,0.085,,9,0,2,0,1.0,0
0.4085,33,0,0.6077,6518.0,5,0,0,0,0.0,0
0.367,56,0,0.0248,5104.0,7,0,0,0,0.0,0
0.7093,35,0,0.5662,3036.0,9,0,2,0,1.0,1
0.2536,48,0,0.6346,5051.0,10,0,1,0,2.0,0
0.6804,62,0,0.3056,13026.0,4,0,1,0,0.0,0
0.0588,36,0,0.1121,4267.0,8,0,0,0,1.0,0
0.1272,59,0,0.6659,3761.0,14,0,1,0,1.0,0
1.5939,63,0,0.1068,,5,0,2,0,0.0,0
0.5855,38,0,0.016,2829.0,10,0,1,0,,0
0.135,73,0,0.2112,,13,0,1,0,1.0,0
0.1862,41,0,0.1404,5028.0,5,0,0,0,0.0,0
0.86,56,0,0.2915,5052.0,11,0,1,0,0.0,0
0.2763,37,0,0.3418,12420.0,13,0,2,0,1.0,0
0.387,40,0,0.7123,4549.0,7,0,1,0,0.0,0
0.5454,72,0,0.5099,10754.0,10,0,1,0,0.0,0
0.0226,76,0,0.2826,6569.0,10,0,1,0,0.0,0
0.3899,65,0,1.0811,,9,0,2,0,4.0,0
0.0594,45,0,0.9008,5414.0,6,0,1,0,1.0,0
0.4465,37,0,0.3282,4858.0,6,0,0,0,1.0,0
0.2313,26,0,0.4689,4033.0,3,0,2,0,1.0,0
0.3005,55,0,0.5564,3479.0,8,0,0,0,0.0,0
2.0978,27,0,0.3746,5650.0,11,0,3,0,1.0,0
0.4227,47,0,0.275,8517.0,6,0,2,0,0.0,0
0.6794,59,0,0.5016,3826.0,6,0,1,0,2.0,0
0.5062,38,0,0.0778,,9,0,3,0,0.0,0
1.5638,50,0,0.3418,2906.0,7,0,0,0,0.0,0
0.7825,45,0,1.078,,7,0,0,0,1.0,0
0.2583,58,0,0.1992,19755.0,7,0,2,0,1.0,0
0.2651,52,0,0.2171,3574.0,6,0,1,0,0.0,0
0.3058,42,0,0.0314,6515.0,5,0,1,0,0.0,1
0.8915,32,0,0.5729,,5,0,0,0,2.0,0
0.1616,79,0,0.4342,3467.0,10,0,1,0,1.0,0
5.541,43,0,0.5408,3781.0,12,0,0,0,0.0,0
0.2324,39,0,0.8352,11875.0,6,0,0,0,3.0,0
0.4702,68,2,0.0744,10262.0,7,0,0,0,0.0,0
0.4362,50,0,0.9032,6577.0,11,0,0,0,0.0,0
4.3279,65,0,0.3873,4377.0,5,0,3,0,1.0,0
1.7717,52,0,0.614,8139.0,9,0,2,0,0.0,0
0.5989,55,0,0.5667,1829.0,5,0,1,0,0.0,0
0.053,59,0,0.5063,,5,0,0,0,1.0,0
0.5166,51,0,1.1199,8034.0,11,0,2,0,0.0,1
0.6333,38,0,0.2216,,8,0,0,0,1.0,0
1.5184,45,0,0.6948,18805.0,11,0,3,0,0.0,0
0.2448,21,0,0.5941,5536.0,3,0,0,0,0.0,0
0.0914,61,0,0.2854,,16,0,3,0,0.0,0
5.7631,41,0,0.5913,7777.0,10,0,3,0,0.0,0
0.316,34,0,0.3912,6712.0,10,1,0,0,0.0,0
0.813,61,0,0.845,15591.0,11,0,2,0,0.0,0
0.4691,52,0,0.9478,,8,0,0,0,0.0,1
1.0153,68,0,0.3707,,9,0,2,0,0.0,0
3.1891,22,0,0.165,6261.0,9,0,0,0,3.0,1
0.1723,47,0,0.2758,7671.0,14,0,1,0,1.0,0
0.0233,44,0,0.4913,3032.0,6,0,2,0,0.0,0
0.0677,63,0,0.1759,4073.0,8,0,0,0,0.0,0
0.0834,54,0,0.9378,12119.0,9,0,2,0,1.0,0
0.0481,75,0,0.2991,9917.0,7,0,1,0,1.0,0
0.8132,76,0,0.6475,10649.0,17,2,0,1,1.0,0
0.2237,62,0,0.7913,11698.0,7,0,1,0,1.0,0
0.181,56,0,0.1115,,10,0,1,0,2.0,0
0.1227,32,0,0.0479,,12,0,0,0,1.0,0
0.6198,60,0,0.2165,16811.0,7,0,1,0,1.0,1
0.4464,82,0,0.6739,13092.0,10,0,2,0,0.0,0
0.1774,70,0,0.6218,,3,0,4,0,3.0,0
0.3873,44,0,0.5091,2818.0,13,0,0,0,1.0,0
1.7376,48,0,0.0046,8556.0,7,0,0,0,1.0,0
0.56,77,0,0.3849,2048.0,5,0,0,0,0.0,0
0.6408,36,0,0.2362,,11,0,0,0,1.0,0
7.9217,56,0,0.4938,10558.0,7,0,1,0,0.0,0
0.2534,43,0,0.3154,5398.0,10,0,0,0,2.0,0
0.5224,45,0,0.2889,14181.0,10,0,0,0,0.0,0
0.2284,58,1,0.3135,7294.0,4,0,2,1,1.0,1
0.5214,60,2,0.4275,4938.0,12,0,2,0,2.0,0
0.3585,45,0,0.5637,5001.0,9,0,0,0,0.0,0
0.3459,64,0,0.0166,4152.0,9,0,1,0,0.0,0
0.1042,62,0,0.4106,9213.0,8,0,0,0,1.0,0
0.3151,63,0,0.9067,8494.0,6,0,0,0,2.0,0
0.5894,55,0,0.7073,6678.0,15,0,2,0,3.0,0
0.3716,73,0,0.2163,,12,0,1,0,1.0,0
1.7564,38,0,0.7031,,5,0,0,0,1.0,1
0.0865,54,0,1.2451,8855.0,5,0,1,0,0.0,0
0.8833,47,0,1.5135,,9,0,5,0,1.0,0
0.0897,57,0,0.3099,7524.0,5,0,0,0,1.0,0
0.2928,68,0,0.6249,3550.0,14,0,0,0,1.0,0
0.5499,34,0,0.1316,,10,0,3,2,1.0,0
0.5757,52,0,0.7835,6155.0,9,0,0,0,,0
0.9873,44,0,0.5528,2159.0,7,0,1,0,1.0,0
0.032,69,0,1.0076,4156.0,2,0,1,0,1.0,0
3.266,74,0,0.4312,17235.0,5,0,1,0,0.0,0
1.8017,36,0,0.8162,,9,0,0,0,2.0,0
0.5655,60,0,0.6345,8240.0,6,0,0,0,1.0,0
0.3949,95,0,0.5229,10128.0,6,0,0,0,0.0,0
0.3623,55,0,0.6012,6738.0,13,0,2,0,0.0,0
0.758,52,0,0.4452,3039.0,8,0,0,0,1.0,1
0.083,58,0,0.4809,1953.0,6,0,0,0,1.0,0
0.1473,65,0,0.926,3849.0,10,0,1,0,1.0,0
0.116,72,0,0.2922,9021.0,7,0,2,0,0.0,0
0.6131,74,0,0.7636,4957.0,6,0,3,0,1.0,0
0.4828,38,0,0.7059,,13,0,1,0,0.0,0
0.4143,69,0,0.0361,,8,0,2,0,0.0,0
0.1623,51,0,0.8318,11656.0,9,0,2,0,0.0,0
0.4471,50,0,0.2245,,6,0,1,0,1.0,0
0.2673,48,0,0.4303,8162.0,11,0,0,0,0.0,0
0.4731,62,0,0.9759,6897.0,7,0,0,0,1.0,0
1.0755,45,0,0.4178,1647.0,5,0,2,0,1.0,0
0.2467,71,0,0.9709,2780.0,5,0,0,0,0.0,0
0.385,50,0,0.5407,1822.0,8,0,0,0,0.0,0
1.2595,63,0,0.3942,5890.0,9,0,1,0,1.0,0
0.3604,60,0,0.3394,14102.0,14,0,0,0,0.0,0
0.3302,38,0,0.3228,,2,0,2,0,1.0,0
0.3581,39,0,0.5903,3396.0,6,0,0,0,1.0,0
2.4948,61,0,0.1897,,8,0,0,0,2.0,0
0.9214,33,0,0.1834,4644.0,7,0,0,0,2.0,0
0.2286,54,0,0.3149,26035.0,4,0,1,0,1.0,0
1.0471,45,0,0.6907,3859.0,6,0,2,0,1.0,0
0.1848,46,0,0.5688,1299.0,4,0,1,0,0.0,0
0.6121,57,0,0.1478,6046.0,11,0,0,0,2.0,0
3.6904,70,0,0.4184,6312.0,8,0,3,0,0.0,0
0.1208,60,0,0.9166,4801.0,8,0,1,0,1.0,0
0.7827,33,0,0.1318,5954.0,6,0,2,0,0.0,0
0.3,53,0,0.5887,,10,0,1,0,1.0,0
0.3052,64,0,0.5704,5495.0,8,0,4,0,0.0,0
0.8032,47,0,0.4142,3568.0,7,0,0,0,1.0,0
0.2015,51,0,0.7674,7548.0,10,0,1,0,0.0,0
0.421,44,0,0.2772,,8,0,0,0,0.0,0
0.6303,68,0,0.4113,3197.0,5,0,1,0,1.0,0
0.5576,38,0,1.0366,1672.0,6,0,2,0,1.0,0
0.4791,46,0,0.0984,12342.0,5,0,2,0,1.0,0
0.6797,37,0,0.7756,13710.0,5,0,2,0,1.0,0
1.3232,63,0,0.2318,,4,0,1,0,1.0,1
0.4924,38,0,0.4022,9445.0,14,0,0,0,1.0,0
0.2272,42,0,0.0978,,5,0,0,0,1.0,0
0.2912,48,0,0.512,2469.0,12,0,0,0,1.0,0
0.4821,54,0,1.098,4288.0,8,2,1,0,0.0,0
2.7175,47,0,0.4625,,4,0,1,0,3.0,1
0.3502,52,0,0.9123,6091.0,12,0,1,0,0.0,0
1.6048,25,1,0.0337,4235.0,6,0,1,0,,0
0.3041,61,0,0.6647,16091.0,9,0,3,0,0.0,0
0.487,56,0,0.5488,13752.0,7,0,2,0,0.0,0
0.2808,53,0,0.3161,6143.0,10,0,4,0,0.0,0
12.389,21,0,1.0353,10027.0,4,0,1,0,0.0,0
0.7983,52,0,0.2268,2395.0,15,0,0,0,0.0,0
0.2689,42,0,0.5305,4340.0,12,0,2,0,0.0,0
0.326,43,0,0.5006,7835.0,12,0,1,0,0.0,0
0.2019,52,0,0.2671,9799.0,11,0,0,0,0.0,0
0.555,69,0,0.2858,8399.0,6,0,0,0,2.0,1
0.471,78,0,0.4379,2338.0,10,0,4,0,1.0,0
0.1537,69,2,0.2972,2715.0,10,0,3,0,1.0,0
3.0483,50,0,0.4255,4381.0,6,0,0,0,0.0,0
0.2879,75,0,0.2449,,8,0,2,0,3.0,0
0.401,73,0,1.0186,5312.0,8,0,1,0,1.0,0
0.5542,53,0,0.5668,6022.0,5,0,0,0,2.0,0
0.7644,26,0,0.441,5013.0,6,0,0,0,0.0,0
0.5804,40,0,0.5325,,10,0,3,0,1.0,0
0.1233,22,0,0.8951,4969.0,8,0,2,0,2.0,0
3.8843,45,0,0.3686,8082.0,9,0,0,0,3.0,0
0.7738,53,0,0.6331,7822.0,5,0,1,0,1.0,0
3.3831,28,0,0.2806,4930.0,3,0,1,0,1.0,0
0.2326,64,0,0.391,4600.0,6,0,0,0,1.0,0
0.1484,55,0,0.128,,3,0,1,0,0.0,0
0.2348,26,0,0.8621,2624.0,6,0,6,0,1.0,0
0.3885,55,0,0.2282,4331.0,7,0,0,0,1.0,0
0.4465,27,0,0.4695,,13,0,1,0,0.0,0
0.155,81,0,0.0965,15236.0,6,0,1,0,0.0,0
0.8536,34,2,0.4962,6075.0,4,2,1,0,2.0,0
0.4975,39,0,0.5628,4238.0,7,0,1,0,1.0,0
0.3874,46,0,0.3303,4182.0,9,0,1,0,2.0,0
0.6142,54,0,0.3467,11619.0,5,0,1,0,1.0,0
0.0115,46,0,0.7555,12830.0,8,0,0,0,0.0,0
1.522,30,0,0.4015,7105.0,14,0,1,0,0.0,0
0.0253,53,0,0.6018,,12,0,0,0,0.0,0
0.0615,44,0,0.329,1619.0,4,0,3,0,0.0,0
0.5164,43,0,0.6628,5500.0,4,0,0,0,0.0,0
0.5617,74,0,0.0734,8276.0,6,0,0,0,2.0,0
0.4793,46,0,0.4085,5486.0,4,0,1,0,0.0,0
0.2409,47,0,1.0356,24039.0,2,0,1,0,0.0,0
0.2899,54,0,0.7902,11575.0,9,0,1,0,0.0,0
0.0707,59,0,0.2308,2634.0,9,0,0,0,1.0,0
0.1035,56,0,0.3027,9126.0,8,0,2,0,0.0,0
0.2739,21,0,0.7082,2561.0,8,0,2,0,2.0,0
0.8546,48,0,0.4397,2701.0,8,0,1,0,0.0,0
0.1205,46,0,0.1082,5680.0,9,0,2,0,0.0,0
0.3508,35,0,0.0894,1567.0,5,0,0,0,,0
0.7151,34,0,0.2063,4421.0,8,0,2,0,0.0,0
2.8347,67,0,0.4369,,8,0,1,0,0.0,0
0.2963,54,0,0.0863,8224.0,5,0,0,0,0.0,0
0.4141,44,0,0.7028,6890.0,7,0,0,0,2.0,0
0.2431,57,0,0.9705,6770.0,11,0,1,0,1.0,0
0.2947,69,0,0.5588,,8,0,1,0,1.0,0
1.0506,59,0,0.6123,7010.0,8,0,0,0,0.0,0
0.0381,71,0,0.203,16307.0,8,0,0,0,2.0,0
0.7163,56,1,0.2684,3843.0,5,2,0,1,3.0,0
0.3191,62,0,0.6318,2466.0,10,0,0,0,1.0,0
0.3892,49,0,0.7844,3691.0,5,0,2,0,1.0,0
0.9205,69,0,0.4328,15811.0,5,0,0,0,0.0,0
0.6301,76,0,0.2033,3885.0,10,0,0,0,4.0,0
2.9878,55,0,0.1712,2030.0,9,0,1,0,1.0,0
0.4988,34,0,0.0713,2426.0,10,0,2,0,2.0,0
0.3328,54,0,0.6218,,8,0,1,0,,0
2.2905,51,0,0.8027,2498.0,8,0,0,0,0.0,0
0.3235,61,0,0.3474,,6,0,0,0,0.0,0
1.0467,47,0,0.8214,3029.0,6,0,0,0,1.0,0
0.1604,53,0,0.4399,6911.0,7,0,0,0,1.0,0
0.1828,60,0,0.9487,,13,0,2,0,2.0,0
0.7375,43,0,0.4369,5949.0,11,0,0,0,0.0,0
0.3247,56,0,0.3708,,7,0,0,0,0.0,0
0.7155,55,0,0.572,,9,0,0,0,1.0,0
0.5347,21,0,0.7824,7262.0,9,0,2,0,0.0,0
0.2682,50,0,0.3835,9857.0,10,1,1,2,0.0,0
0.5892,31,0,1.0782,,16,0,0,0,0.0,1
0.3962,71,3,1.0353,12538.0,9,0,0,0,0.0,0
0.4863,44,0,0.6499,5489.0,8,0,1,0,0.0,0
0.1356,46,2,0.1518,,7,0,0,0,0.0,0
0.2131,63,0,0.3868,4079.0,10,0,1,0,0.0,0
0.2353,21,0,0.1935,,8,0,1,0,1.0,0
0.1578,35,0,0.6841,3130.0,7,0,2,0,0.0,0
0.3405,70,0,0.5008,4561.0,6,0,2,0,0.0,0
0.5678,51,1,0.2352,9074.0,7,0,1,0,3.0,0
0.1365,31,0,0.1989,,5,0,2,0,0.0,0
0.3454,41,0,0.4316,10796.0,9,0,0,0,1.0,0
0.5092,33,0,0.4702,3323.0,7,0,1,0,1.0,0
0.2745,43,0,0.2144,8799.0,4,0,0,0,0.0,0
0.4043,47,2,0.1426,14294.0,6,0,0,2,1.0,0
1.8108,76,0,0.2359,8800.0,7,0,2,0,1.0,0
0.0139,37,0,1.7857,4264.0,10,0,2,0,1.0,0
0.2438,32,0,0.4838,16811.0,11,0,1,0,,0
0.3103,48,0,0.5795,3410.0,2,0,0,0,0.0,0
0.5688,52,0,0.1178,,5,0,1,0,2.0,0
0.4831,47,1,0.5605,4131.0,6,0,0,0,1.0,0
0.122,51,0,0.6519,3807.0,6,0,2,0,1.0,0
0.1302,75,0,0.3858,,7,0,1,0,1.0,0
0.0456,36,0,0.87,7764.0,3,0,2,0,0.0,0
0.1501,49,0,0.7181,4104.0,6,0,2,0,,0
0.3725,72,0,0.6669,7770.0,10,0,0,0,0.0,0
0.7438,76,0,0.7654,22835.0,11,0,0,0,4.0,0
0.7328,57,0,0.6507,2738.0,7,0,0,0,0.0,0
0.9154,27,0,0.5952,2536.0,11,0,1,0,3.0,0
0.3475,63,0,0.1629,7989.0,7,0,1,0,0.0,0
0.4604,64,0,1.0636,4975.0,6,0,0,0,0.0,0
0.0429,57,0,0.5238,9690.0,3,0,0,0,0.0,0
9.3367,46,0,0.2242,2427.0,13,0,0,0,2.0,0
0.2438,42,0,0.6522,8331.0,6,0,1,0,0.0,0
0.845,65,1,0.2029,9364.0,11,1,1,0,0.0,0
2.2807,58,0,1.1275,3754.0,8,0,1,0,1.0,1
0.04,68,0,0.2318,3785.0,11,0,2,0,0.0,0
3.6424,48,2,0.558,,9,0,1,0,,0
0.2012,59,0,0.7629,,5,0,0,0,0.0,0
0.4282,37,0,0.5383,5136.0,7,0,2,0,1.0,0
0.1346,74,0,0.1309,2089.0,6,0,0,0,0.0,0
0.1717,77,0,0.7611,12242.0,9,0,1,0,1.0,0
0.5707,52,0,0.5712,4724.0,3,0,0,0,0.0,0
2.3614,27,0,0.6453,8345.0,6,0,1,0,2.0,0
0.8793,69,0,0.576,6814.0,2,0,0,0,0.0,0
0.1501,81,0,0.346,,10,0,1,0,3.0,0
0.3437,47,0,0.1627,11690.0,8,0,0,0,2.0,0
0.2556,47,0,0.7179,,9,0,0,0,0.0,0
2.9139,47,0,0.6415,1511.0,11,0,1,0,2.0,0
0.2796,48,0,0.6714,,4,0,0,0,0.0,0
2.0337,68,0,0.8501,1721.0,8,0,1,0,0.0,1
0.2127,59,0,0.3654,,7,0,0,0,1.0,0
0.0008,37,0,0.3238,,16,0,2,0,0.0,0
0.3179,48,0,0.1489,3996.0,7,0,0,0,1.0,0
0.3433,56,0,0.5137,3136.0,3,0,0,0,3.0,0
0.0071,43,0,0.4311,1609.0,12,0,1,0,0.0,0
0.6987,58,0,0.7209,4646.0,5,0,1,0,0.0,0
0.5717,54,2,0.6824,8963.0,15,0,0,0,,0
0.3311,68,0,0.1741,8857.0,12,0,0,0,1.0,0
3.1291,63,0,0.1468,9742.0,2,0,2,0,2.0,0
0.7082,46,0,0.8733,12691.0,6,0,1,0,0.0,0
0.2085,53,0,0.6033,,9,0,0,0,0.0,0
0.7534,41,0,0.4701,5339.0,10,0,1,0,0.0,1
0.0967,81,0,0.6731,,10,0,0,0,0.0,0
0.2631,62,0,0.2286,6780.0,7,0,1,0,1.0,0
0.3544,32,0,0.7893,3906.0,11,0,2,0,1.0,0
0.8772,49,0,0.9208,3002.0,14,0,2,0,0.0,0
0.1926,29,0,0.3217,4461.0,10,0,1,0,0.0,0
0.3393,46,1,0.5123,3689.0,8,0,0,2,1.0,0
0.5608,53,0,0.5572,5583.0,2,0,1,0,0.0,0
0.6471,64,0,0.7407,1444.0,12,0,2,0,1.0,0
0.4633,66,0,0.2734,17765.0,5,0,1,0,1.0,0
1.1215,33,0,0.4111,3893.0,9,0,1,0,2.0,0
0.6161,54,0,0.8934,1366.0,4,0,2,0,0.0,1
0.0948,56,0,0.1247,3571.0,5,0,0,0,3.0,0
0.5774,53,0,0.4595,,5,0,1,0,,0
4.0931,31,0,0.2129,16182.0,12,0,0,0,1.0,0
1.197,41,0,1.1873,3376.0,6,0,1,0,0.0,1
0.7983,49,0,0.7504,,9,0,1,0,0.0,0
0.8035,63,0,0.4082,,5,0,1,0,1.0,0
0.1919,39,0,0.2905,3800.0,5,0,1,0,1.0,0
0.3101,44,0,0.2751,6806.0,7,0,3,0,1.0,0
0.8616,48,0,0.3962,3207.0,8,0,0,0,1.0,0
0.7863,29,0,0.8842,2686.0,6,0,2,0,1.0,0
0.3906,46,0,0.6294,,11,0,0,0,1.0,0
0.4014,57,0,0.2094,3833.0,8,0,0,0,1.0,0
0.1096,38,0,0.3702,5483.0,6,0,1,0,0.0,0
0.9967,45,0,0.9607,3199.0,5,0,1,0,1.0,0
0.8906,44,0,0.8413,,8,0,1,0,1.0,0
7.0678,61,0,0.5486,2281.0,8,0,1,0,0.0,0
9.4109,29,0,0.4434,5625.0,17,0,0,0,0.0,0
0.2087,44,0,0.6112,2927.0,10,0,0,0,0.0,0
1.1329,73,0,0.5321,4713.0,9,0,1,0,0.0,1
1.1831,68,0,0.3052,5196.0,7,0,1,0,0.0,0
1.3616,67,0,0.5494,13478.0,11,0,0,0,0.0,0
0.096,71,0,0.2541,5759.0,8,0,1,0,1.0,0
0.5004,38,0,1.1756,,10,0,0,0,2.0,1
1.6516,70,2,0.2831,20459.0,8,0,0,2,0.0,0
0.2082,23,0,0.7422,4165.0,6,0,0,0,3.0,0
0.05,44,0,0.3328,,5,0,1,0,1.0,0
1.2258,61,0,0.2858,,7,0,2,0,1.0,0
1.5805,55,1,0.4831,4306.0,10,0,0,0,0.0,0
0.4268,55,0,0.4792,4854.0,11,0,2,0,0.0,0
0.5063,38,0,0.2194,7618.0,5,0,0,0,2.0,0
1.8995,21,1,0.265,5640.0,7,0,2,1,1.0,0
0.6015,57,1,0.2837,4447.0,11,0,1,0,1.0,0
0.3719,66,0,0.7873,9415.0,7,0,1,0,0.0,0
0.723,53,0,0.6871,,4,0,0,0,1.0,0
0.5054,55,0,0.1442,8022.0,9,0,0,0,0.0,0
0.4692,57,1,0.3359,7504.0,10,0,0,1,1.0,0
0.4125,40,0,0.3243,1584.0,8,0,1,0,2.0,0
0.9237,50,0,0.1666,2785.0,13,0,2,0,1.0,0
1.3728,35,0,0.5222,5315.0,11,0,1,0,1.0,0
0.697,66,0,0.5544,4290.0,8,0,1,0,3.0,0
4.7373,21,0,0.7001,2015.0,15,0,1,0,0.0,1
0.1658,48,0,0.2042,7902.0,6,0,0,0,0.0,0
0.1477,76,0,0.2695,23390.0,10,0,1,0,0.0,0
0.4783,58,0,0.1966,13436.0,13,0,2,0,1.0,0
0.4453,36,0,0.0842,11350.0,9,0,1,0,0.0,0
0.4871,58,0,0.635,5062.0,7,0,2,0,1.0,0
0.1691,63,0,0.8003,3787.0,4,0,1,0,1.0,0
0.4134,54,0,0.19,7736.0,8,0,0,0,1.0,0
0.1747,60,0,0.6996,,7,0,2,0,0.0,0
0.0333,35,0,0.6528,,9,0,0,0,1.0,0
0.3239,42,0,0.4589,3030.0,8,0,1,0,0.0,0
0.0639,57,0,0.378,9554.0,8,0,1,0,1.0,1
0.4872,47,0,0.9913,1555.0,9,0,1,0,1.0,0
0.2558,46,0,0.368,4645.0,8,0,0,0,0.0,0
0.0575,38,0,0.3713,10253.0,7,0,1,0,0.0,0
0.5788,71,0,0.1908,3874.0,4,0,1,0,1.0,0
0.4204,53,0,0.3955,3446.0,8,0,1,0,0.0,1
0.0246,66,0,0.3795,,7,0,1,0,0.0,0
0.3664,21,2,0.5225,6066.0,4,0,0,0,,0
0.0328,65,0,0.3156,18772.0,12,0,1,0,2.0,0
0.2899,36,0,0.4345,20693.0,7,0,1,0,0.0,0
0.2024,48,0,0.5829,5547.0,13,0,1,0,1.0,0
0.821,55,0,0.3832,4280.0,10,0,1,0,1.0,0
0.1323,80,0,0.4364,3075.0,6,0,0,0,1.0,0
0.7955,77,0,0.4749,4087.0,9,0,2,0,1.0,1
0.199,51,0,0.4807,3067.0,5,0,2,0,1.0,0
0.36,58,0,0.4473,5043.0,3,0,1,0,3.0,0
0.4234,44,0,0.6989,3281.0,6,0,1,0,1.0,0
0.0055,53,0,0.8939,8089.0,9,0,0,0,2.0,0
0.5306,52,0,0.128,2338.0,8,0,0,0,1.0,0
0.1333,57,0,0.4966,4172.0,5,0,1,0,,0
0.0378,44,0,0.6875,2767.0,4,0,2,0,0.0,0
0.0316,59,0,0.6144,,9,0,0,0,1.0,0
0.2154,57,0,0.398,,4,0,1,0,,0
0.3538,37,0,0.5986,883.0,8,0,0,0,0.0,0
1.0106,50,2,0.6458,2815.0,4,0,0,1,0.0,0
0.7459,45,0,0.1229,,6,0,0,0,1.0,1
6.4052,81,0,0.5406,4760.0,8,0,2,0,0.0,1
0.5083,70,0,0.5824,8640.0,8,0,1,0,0.0,0
0.0122,66,0,0.7342,4736.0,7,0,1,0,2.0,0
0.7108,45,0,0.3787,,13,0,1,0,1.0,0
0.0155,78,0,0.2008,7424.0,9,0,0,0,0.0,0
0.2835,47,0,0.5653,4385.0,7,0,0,0,0.0,0
0.2365,42,0,0.7384,6834.0,9,0,2,0,1.0,0
2.271,84,0,0.6318,7572.0,4,0,2,0,2.0,0
0.1118,61,0,0.2698,,12,0,0,0,0.0,0
0.1587,41,0,0.5239,21276.0,3,0,1,0,2.0,0
0.4688,47,0,0.6735,11423.0,7,0,1,0,0.0,0
0.3756,63,0,0.3288,10600.0,5,0,1,0,0.0,0
0.182,48,0,0.7454,8013.0,7,0,0,0,0.0,0
0.3012,51,0,0.5692,5020.0,9,0,3,0,1.0,0
0.1857,76,0,0.5812,20876.0,10,0,3,0,0.0,0
0.3197,43,0,0.3527,2826.0,6,0,1,0,1.0,0
0.2062,45,0,0.7223,,5,0,3,0,0.0,0
0.464,91,0,0.5652,,9,0,1,0,,0
0.3087,59,0,0.23,4707.0,9,0,2,0,0.0,0
0.4962,59,0,0.7652,5873.0,6,0,0,0,1.0,0
0.6188,74,0,0.1953,4237.0,10,0,0,0,1.0,0
0.0088,60,0,0.863,,7,0,1,0,2.0,0
0.0734,71,0,1.3519,3711.0,7,0,0,0,1.0,0
0.1674,32,0,0.8849,7615.0,14,0,0,0,0.0,0
0.5284,59,0,0.5299,2159.0,9,0,1,0,1.0,1
0.2451,50,0,0.4908,4007.0,6,0,2,0,1.0,0
2.0359,59,0,0.3367,6917.0,7,0,1,0,2.0,0
0.1964,21,0,0.5016,2001.0,6,0,0,0,0.0,0
0.1568,32,2,0.1461,,11,0,0,0,,0
0.6894,51,0,0.1942,6815.0,9,0,0,0,2.0,0
0.8892,63,0,0.0246,,7,0,0,0,1.0,0
0.5528,34,0,1.1669,,11,0,1,0,1.0,1
0.3123,44,0,0.2929,,4,0,0,0,0.0,0
0.3982,57,0,0.5871,4310.0,5,0,2,0,0.0,0
0.0266,51,0,0.8616,3282.0,7,0,0,0,3.0,0
0.495,67,0,0.5866,7012.0,9,0,1,0,1.0,0
0.2415,68,1,0.6664,6862.0,7,2,1,2,0.0,0
2.6305,37,0,0.9787,4122.0,8,0,1,0,0.0,0
2.031,51,0,0.5263,,12,0,0,0,1.0,1
0.8548,45,0,0.2141,4244.0,4,0,1,0,1.0,0
0.04,70,0,1.0164,,9,0,0,0,2.0,0
0.2954,65,2,0.2932,4847.0,9,0,0,1,0.0,0
0.1169,39,0,0.4249,4152.0,8,0,0,0,0.0,0
0.6094,71,0,0.5045,5093.0,6,0,0,0,0.0,0
0.3471,34,0,0.2938,,7,0,1,0,0.0,0
1.3312,46,0,0.4631,7628.0,11,0,0,0,0.0,0
0.4202,37,0,0.1553,5198.0,8,0,1,0,,0
0.4251,46,0,0.5262,,5,0,3,0,0.0,0
0.5196,21,0,0.1671,6081.0,3,0,0,0,0.0,0
0.1754,52,0,0.3523,,11,0,0,0,4.0,0
0.0631,28,0,0.7388,7920.0,7,0,0,0,2.0,0
0.5715,45,0,0.6013,,9,0,3,0,1.0,0
0.1388,68,0,0.456,19280.0,7,0,0,0,1.0,0
0.6821,54,0,0.2335,2903.0,7,0,0,0,0.0,0
0.4645,83,0,1.0301,5375.0,9,0,1,0,1.0,1
0.1053,67,0,0.6792,3600.0,6,0,3,0,1.0,0
3.2874,67,0,0.4577,,10,0,0,0,0.0,0
0.7378,44,0,0.3134,3967.0,11,0,2,0,0.0,0
0.2776,48,0,0.2272,4887.0,4,0,0,0,2.0,0
0.2333,59,0,0.5018,5416.0,6,0,3,0,0.0,0
0.9888,45,0,0.5655,3447.0,8,0,2,0,0.0,0
0.2583,52,0,0.1797,10819.0,8,0,0,0,0.0,0
5.834,68,0,0.5651,,8,0,0,0,2.0,0
0.5692,54,0,0.073,5207.0,5,0,0,0,1.0,0
0.3452,32,0,0.5464,4574.0,9,0,4,0,0.0,0
0.3274,62,0,0.2584,23102.0,13,0,2,0,3.0,0
0.2206,46,1,0.5343,5219.0,3,2,0,1,2.0,0
0.9872,45,0,0.859,4836.0,8,0,1,0,0.0,0
0.2268,86,0,0.411,,6,0,0,0,1.0,0
0.2821,54,0,1.1325,7273.0,7,0,1,2,0.0,0
3.4784,81,0,0.9094,10030.0,8,0,3,0,1.0,0
0.0465,42,0,0.7394,,4,0,1,0,2.0,0
0.2564,43,0,0.3467,6147.0,4,0,0,0,1.0,0
0.7064,45,0,1.3458,3655.0,8,0,1,0,0.0,0
0.4231,51,0,0.5621,9807.0,7,0,1,0,1.0,0
0.7428,48,0,0.485,2703.0,5,0,1,0,2.0,1
0.2458,38,5,1.0777,4194.0,5,0,1,0,0.0,0
0.6462,65,0,0.1686,3510.0,8,0,3,0,,0
0.1953,53,0,0.4029,5269.0,14,0,0,0,1.0,0
0.3998,64,1,0.3606,,7,0,2,0,2.0,0
7.2955,57,0,0.0561,8988.0,7,0,1,0,2.0,0
0.0904,88,0,0.3267,4305.0,8,0,0,0,0.0,0
0.5286,54,0,0.6737,9485.0,12,0,1,0,0.0,0
0.023,66,0,0.0479,1665.0,13,0,0,0,0.0,0
0.1329,70,0,0.3469,2304.0,8,0,1,0,1.0,0
0.3325,36,0,0.8671,5611.0,8,0,2,0,1.0,0
0.4983,37,0,0.3626,,10,0,0,0,0.0,0
3.6341,38,0,0.4523,2350.0,11,0,1,0,0.0,0
0.366,47,0,0.3937,,12,0,1,0,0.0,0
0.3074,48,0,0.3954,19049.0,8,0,0,0,2.0,0
0.0157,55,0,0.8792,5192.0,9,0,0,0,2.0,0
6.9573,74,0,0.868,10893.0,3,0,0,0,1.0,0
0.1684,30,0,0.1265,,5,0,1,0,2.0,0
0.1148,31,0,0.4285,13759.0,6,0,1,0,1.0,0
0.102,44,0,0.5165,4036.0,15,0,0,0,0.0,0
0.3109,38,0,0.4011,5649.0,7,0,1,0,1.0,0
0.0533,31,0,0.7074,,14,0,0,0,1.0,0
1.586,47,0,0.1262,1622.0,6,0,0,0,1.0,0
0.2531,55,0,0.3978,,10,0,0,0,2.0,0
0.5558,51,0,0.358,,8,0,0,0,0.0,0
0.0364,44,0,0.6027,6147.0,10,0,0,0,2.0,0
0.1498,52,0,0.4848,2553.0,6,0,3,0,1.0,0
0.4433,28,0,0.3253,10117.0,5,0,0,0,2.0,0
0.1299,62,0,0.2697,,11,0,0,0,0.0,0
1.5876,52,0,0.175,9423.0,11,0,0,0,2.0,0
2.3771,57,0,0.1161,2226.0,11,0,0,0,1.0,0
0.2628,53,2,0.1403,3119.0,8,0,1,0,0.0,0
10.2792,30,0,0.6179,9136.0,7,0,2,0,0.0,0
0.667,46,0,0.6519,6896.0,3,0,2,0,2.0,0
0.0109,71,0,0.8875,4649.0,7,0,1,0,0.0,0
0.7592,61,0,0.6778,9564.0,9,0,2,0,0.0,0
0.2419,49,0,0.32,3367.0,12,0,0,0,0.0,0
0.7227,64,0,0.2726,4460.0,6,0,0,0,1.0,0
0.3197,66,0,0.2835,,5,0,0,0,0.0,0
1.0378,72,0,0.4143,8250.0,12,0,1,0,1.0,0
0.4288,63,0,0.808,1701.0,6,0,1,0,1.0,1
0.1673,73,0,0.3449,2879.0,7,0,1,0,0.0,0
0.1646,53,0,0.2518,4936.0,13,0,1,0,0.0,0
0.5857,65,0,1.0868,2119.0,9,0,1,0,0.0,1
3.901,38,3,0.7442,6049.0,10,2,1,0,3.0,0
0.658,63,2,0.4439,1284.0,8,0,0,2,0.0,0
0.1324,55,0,0.5033,,10,0,1,0,,0
0.6025,61,0,0.3662,5667.0,14,0,1,0,0.0,0
0.1623,70,0,0.1848,6992.0,5,0,0,0,2.0,1
0.9855,39,0,0.6288,4051.0,7,0,0,0,2.0,0
0.3044,72,0,0.7879,7024.0,10,0,1,0,1.0,0
0.3502,62,0,0.6447,8115.0,13,0,1,0,1.0,0
0.0338,56,1,0.6307,8274.0,6,0,0,0,2.0,0
0.2076,35,0,0.6718,,6,0,0,0,3.0,0
0.1665,44,0,0.3167,2449.0,11,0,1,0,2.0,0
0.6698,65,0,0.2078,4737.0,10,0,2,0,0.0,0
0.053,52,0,0.3087,7423.0,11,0,0,0,1.0,0
1.9806,69,0,0.4921,4551.0,10,0,1,0,0.0,1
3.9837,64,0,0.5427,5857.0,10,0,1,0,1.0,0
0.8311,42,0,0.4129,4856.0,7,0,0,0,1.0,0
0.3369,52,0,1.1976,3109.0,7,0,0,0,0.0,0
0.2128,51,0,0.1793,2910.0,8,0,1,0,0.0,0
0.1403,65,0,0.1619,,7,0,1,0,1.0,0
0.4518,53,0,0.3321,2348.0,10,0,0,0,1.0,0
0.5827,51,0,0.5512,6908.0,15,0,1,0,1.0,0
3.6897,59,0,0.7891,3094.0,10,0,0,0,0.0,1
0.2129,49,1,0.4629,4432.0,8,0,1,0,1.0,0
0.9525,64,2,0.1293,17619.0,8,0,2,0,0.0,0
0.6585,55,0,0.729,,9,0,2,0,0.0,1
0.0185,70,0,0.8191,,12,0,0,0,0.0,0
0.0615,63,0,0.4315,3928.0,8,0,4,0,0.0,0
0.4445,55,0,0.6016,4256.0,13,0,0,0,2.0,1
0.2894,73,0,0.5121,3747.0,7,0,2,0,0.0,0
6.8207,44,0,0.3532,6885.0,9,0,2,0,5.0,0
0.6475,55,0,0.6044,8001.0,8,0,3,0,1.0,0
0.6553,54,0,0.8241,2618.0,3,0,1,0,1.0,0
0.7459,58,0,0.46,6265.0,7,0,2,0,1.0,0
0.1588,45,0,0.1179,,10,0,0,0,0.0,0
0.1047,54,0,0.0861,1524.0,11,0,0,0,1.0,0
0.6251,44,0,0.2537,7455.0,9,0,2,0,1.0,0
0.2881,33,0,0.3328,,7,0,2,0,0.0,0
0.7696,50,0,0.7254,4957.0,9,0,0,0,2.0,0
0.8293,56,0,0.5049,2483.0,4,0,3,0,2.0,0
0.2398,38,0,0.1134,4151.0,6,0,2,0,1.0,0
0.3516,47,0,0.9681,5943.0,7,0,1,0,0.0,0
2.3525,60,0,0.2596,3587.0,9,0,0,0,1.0,0
0.4833,62,0,0.6135,9517.0,9,0,1,0,1.0,0
0.122,63,0,0.2635,5632.0,8,0,1,0,1.0,0
0.0004,38,0,0.1046,9497.0,10,0,1,0,0.0,0
0.5212,84,0,0.5299,,5,0,1,0,,0
0.3798,31,3,0.5752,4497.0,16,2,0,0,1.0,0
1.0241,50,0,0.3211,10092.0,7,0,1,0,3.0,0
0.2971,21,0,0.6588,4397.0,13,0,1,0,2.0,0
0.2508,38,0,0.3368,20194.0,6,0,1,0,1.0,0
2.7481,40,1,0.3802,4347.0,5,0,1,1,2.0,0
0.6917,70,0,0.6854,4105.0,10,0,1,0,0.0,0
0.1409,76,0,0.4172,4212.0,9,0,1,0,1.0,0
0.8232,55,2,0.6644,5465.0,9,0,1,0,1.0,0
0.2336,45,3,0.2066,2280.0,7,0,0,0,2.0,0
1.116,21,0,0.6411,10348.0,3,0,1,0,2.0,0
0.0315,41,0,0.4328,,8,0,3,0,1.0,0
0.1045,26,0,0.346,4278.0,9,0,0,0,0.0,0
2.8587,43,0,0.4963,4536.0,12,0,1,0,1.0,1
0.0852,48,0,0.1881,5173.0,8,0,1,0,0.0,0
3.6977,55,0,0.7646,8431.0,9,0,2,0,0.0,0
0.6308,49,0,1.1965,12091.0,4,0,0,0,0.0,0
1.2551,46,0,0.7516,7808.0,13,0,0,0,1.0,0
0.2969,45,0,0.8185,7336.0,14,0,1,0,1.0,0
0.1949,50,0,0.4778,4143.0,3,0,0,0,1.0,0
2.0131,67,0,0.2941,2538.0,8,0,5,0,0.0,0
0.1014,62,0,0.4126,7934.0,7,0,0,0,0.0,0
0.6284,43,0,0.7432,7651.0,11,0,0,0,1.0,0
0.4825,47,0,0.4805,7189.0,5,0,0,0,0.0,0
0.1348,79,0,0.3256,9385.0,9,0,1,0,2.0,0
0.4224,44,0,0.2886,9028.0,11,0,1,0,2.0,0
0.3356,61,0,0.1538,,12,0,0,0,1.0,0
0.0391,66,0,0.2573,3877.0,12,0,1,0,1.0,0
0.1787,52,0,0.3923,,2,0,3,0,,0
3.3483,43,0,0.6558,5585.0,10,0,2,0,0.0,0
0.019,26,0,0.1832,5612.0,7,0,0,0,0.0,0
0.0414,60,0,0.1898,,4,0,2,0,0.0,0
3.4907,55,0,0.5085,6075.0,9,0,2,0,1.0,0
0.0514,42,0,0.9115,3170.0,8,0,0,0,0.0,0
0.6401,60,0,0.7658,5726.0,5,0,0,0,0.0,0
0.1103,54,0,0.4854,10664.0,7,0,1,0,2.0,0
0.7994,41,0,0.9818,9172.0,4,0,1,0,0.0,0
1.4354,32,0,0.7344,1605.0,11,0,0,0,0.0,0
0.7037,46,0,0.3988,4231.0,3,0,0,0,2.0,0
6.9838,72,0,0.8056,,9,0,0,0,,1
0.5693,61,0,0.303,2725.0,13,0,1,0,1.0,0
0.8473,57,0,0.3585,9791.0,13,0,2,0,1.0,0
0.3206,58,0,0.3428,10598.0,5,0,1,0,1.0,0
0.3597,40,0,0.4538,1235.0,15,0,0,0,1.0,0
0.0711,45,0,0.4605,,8,0,1,0,1.0,0
0.467,53,0,0.736,8301.0,5,0,0,0,1.0,0
0.276,51,0,1.301,,4,0,2,0,0.0,0
0.4163,37,0,0.5117,1163.0,8,0,0,0,1.0,0
0.1186,36,0,0.5881,7469.0,6,0,2,0,1.0,0
0.7119,51,0,0.627,3714.0,5,0,3,0,0.0,0
0.1397,45,0,0.8404,3300.0,6,0,1,0,0.0,0
0.1375,48,0,0.252,,8,0,3,0,0.0,0
3.6104,49,0,0.3368,,10,0,0,0,3.0,0
0.0701,72,0,0.995,11398.0,10,0,3,0,0.0,0
0.0865,46,0,0.0817,2846.0,12,0,0,0,,0
0.4388,59,1,0.6148,12113.0,13,0,1,1,0.0,0
0.5379,37,0,0.1941,5292.0,6,0,2,0,0.0,0
4.9937,71,0,0.2623,,8,0,1,0,1.0,0
0.1725,77,0,0.5249,6736.0,10,0,1,0,1.0,0
1.2634,47,0,0.4172,17890.0,7,0,1,0,0.0,0
0.0119,34,0,0.9708,5255.0,6,0,1,0,0.0,0
0.4177,28,0,0.4861,,11,0,0,0,0.0,1
0.8496,55,0,0.4369,4999.0,8,0,3,0,0.0,0
0.9668,48,2,0.8338,,5,0,2,1,1.0,0
0.4182,72,0,0.4324,19408.0,12,0,0,0,1.0,0
0.6055,56,0,0.5075,11248.0,10,0,1,0,0.0,0
1.1182,42,5,1.1175,5484.0,10,0,1,0,1.0,0
0.3016,65,0,0.5039,6742.0,8,0,0,0,1.0,0
0.392,23,0,0.3606,1803.0,5,0,1,0,1.0,0
0.2208,52,0,0.8748,5705.0,5,0,1,0,0.0,0
0.6916,53,1,0.7698,10801.0,7,0,2,0,0.0,0
0.1557,59,0,0.0585,9092.0,7,0,0,0,0.0,1
0.3296,44,0,0.6997,6121.0,10,0,0,0,1.0,0
0.394,50,3,0.5525,3580.0,5,0,1,0,1.0,0
6.6612,45,0,0.4968,2179.0,10,0,0,0,1.0,0
2.0153,59,0,0.6648,7271.0,15,0,2,0,1.0,0
0.2343,62,0,0.1289,,10,0,0,0,4.0,0
4.9661,40,0,0.2393,,3,0,0,0,1.0,0
0.0662,62,0,0.7197,1933.0,7,0,2,0,1.0,0
0.1134,35,0,0.4164,,8,0,2,0,1.0,0
0.1581,48,0,1.205,,4,0,0,0,1.0,0
1.8587,64,0,0.0806,5971.0,9,0,3,0,1.0,0
0.0665,45,0,1.0159,8305.0,8,0,0,0,2.0,0
0.2178,45,2,0.5593,15343.0,7,0,2,0,0.0,0
0.3711,55,0,0.5668,5819.0,7,0,1,0,0.0,0
0.0371,21,3,0.433,3611.0,4,0,0,3,,0
0.3035,42,1,0.3088,4959.0,13,1,2,0,0.0,0
0.2427,47,0,0.5156,3073.0,10,0,1,0,1.0,0
0.4161,49,0,0.2199,,7,0,1,0,1.0,0
0.0314,55,0,0.7258,6534.0,8,0,0,0,0.0,0
0.6778,51,0,0.6295,5603.0,8,0,0,0,0.0,0
0.2014,69,0,0.6091,7681.0,7,0,1,0,1.0,0
0.2774,76,0,0.6946,6251.0,11,0,0,0,0.0,0
0.6782,51,0,0.0939,13876.0,11,0,0,0,1.0,0
0.8319,43,0,0.6477,,6,0,2,0,0.0,0
0.5074,69,0,0.0546,5363.0,7,0,1,0,1.0,1
0.4937,48,0,0.4381,,5,0,0,0,1.0,0
0.2321,43,0,0.0725,12932.0,14,0,0,0,2.0,0
0.3372,63,0,0.6925,2534.0,8,0,1,0,0.0,0
0.4769,52,0,0.3506,,8,0,4,0,0.0,0
0.6668,64,0,0.3197,4164.0,8,0,1,0,0.0,0
0.1101,42,0,0.7256,,5,0,2,0,1.0,0
0.1973,48,0,0.2283,,12,0,1,0,0.0,0
0.5678,64,0,0.3258,,8,0,0,0,0.0,0
0.3161,21,0,0.4413,2012.0,9,0,0,0,0.0,0
0.2219,45,0,0.7588,15396.0,7,0,2,0,2.0,0
0.7852,66,1,0.65,5283.0,2,0,1,0,1.0,0
0.3657,48,0,0.1745,2723.0,7,0,1,0,0.0,0
0.442,67,0,0.2348,,10,0,2,0,0.0,0
0.4645,42,0,0.1383,,8,0,0,0,0.0,0
1.6799,55,0,0.2371,16251.0,7,0,0,0,1.0,0
0.4334,48,0,0.4365,9993.0,12,0,0,0,2.0,0
0.2888,29,0,0.0941,2462.0,5,0,2,0,1.0,1
0.053,47,0,0.4921,11421.0,9,0,0,0,2.0,0
2.9927,46,2,0.6649,9748.0,10,0,4,1,1.0,0
0.0307,43,0,0.2861,,6,0,1,0,1.0,0
0.4216,40,0,1.0835,15302.0,8,0,3,0,1.0,0
1.0148,72,0,0.5277,7116.0,6,0,1,0,2.0,0
0.5324,42,0,0.2934,14838.0,6,0,0,0,0.0,0
0.5246,57,0,0.4928,3525.0,4,0,1,0,0.0,0
0.1544,50,0,0.4121,5789.0,3,0,1,0,3.0,0
1.2987,64,1,0.0477,,8,0,4,0,0.0,0
0.0748,76,0,0.0655,11914.0,9,0,0,0,0.0,0
1.0697,74,0,0.2039,5963.0,7,0,1,0,0.0,0
0.033,45,0,0.6006,6367.0,8,0,1,0,1.0,0
5.6688,60,0,0.9528,,12,0,0,0,2.0,0
0.3299,69,0,0.4759,15296.0,11,0,0,0,3.0,0
1.5739,48,1,0.2893,7014.0,9,0,1,0,0.0,0
0.2176,66,0,1.1748,,7,0,1,0,2.0,0
0.7821,52,0,0.8232,13691.0,6,0,1,0,1.0,0
0.777,34,0,0.4487,2483.0,7,0,0,0,0.0,0
1.0019,80,0,0.2418,9271.0,1,0,3,0,0.0,0
0.6869,28,0,0.0712,3773.0,9,0,0,0,0.0,0
0.919,33,0,0.9736,7155.0,7,0,3,0,2.0,0
0.3842,45,0,0.2426,3937.0,11,0,2,0,2.0,0
0.9374,65,0,0.0702,,7,0,1,0,0.0,0
0.8166,60,0,0.4403,,7,0,0,0,0.0,0
0.5315,79,0,0.5978,9933.0,8,0,2,0,0.0,0
0.3896,66,0,0.2997,5800.0,5,0,0,0,0.0,0
0.1677,54,0,0.4246,6923.0,5,0,2,0,1.0,0
0.8197,69,0,1.0297,7626.0,11,0,0,0,1.0,0
0.2982,48,0,0.5821,,9,0,1,0,1.0,0
0.292,54,1,0.5468,,7,1,0,0,1.0,0
0.3564,45,0,0.6105,4324.0,6,0,1,0,0.0,0
0.2849,67,0,0.7235,,6,0,1,0,0.0,0
0.2782,47,0,0.269,2599.0,5,0,1,0,0.0,0
0.1756,33,1,0.6248,5148.0,8,0,1,0,1.0,0
0.2386,33,0,0.2414,,11,0,1,0,1.0,0
0.1355,36,0,0.4694,3657.0,8,0,0,0,0.0,0
0.0723,59,0,0.3791,6800.0,12,0,0,0,0.0,0
0.0926,50,0,0.6801,,5,0,0,0,1.0,0
1.8501,52,1,0.9869,,5,0,1,0,0.0,0
1.5085,57,0,0.542,3643.0,8,0,0,0,,1
0.4579,59,0,0.1038,4864.0,5,0,0,0,1.0,0
0.7016,47,0,1.1642,6411.0,8,0,1,0,0.0,0
4.0545,51,0,0.8746,,8,0,0,0,3.0,0
0.0273,45,0,0.2485,9376.0,9,0,2,1,2.0,1
0.9873,57,0,0.8404,2991.0,7,0,0,0,0.0,0
0.3709,50,0,0.1244,5900.0,11,0,1,0,0.0,0
0.1132,40,0,0.2408,3881.0,10,0,2,0,0.0,0
0.8948,53,0,0.7686,8530.0,5,0,0,0,1.0,0
0.6133,61,0,1.08,5951.0,6,0,1,0,1.0,0
0.1613,77,0,0.4799,,7,0,0,0,0.0,0
0.1323,35,0,1.3332,5854.0,10,0,1,0,0.0,0
1.8456,34,0,0.9967,1792.0,8,0,0,0,0.0,0
0.1408,32,0,0.2284,10244.0,10,0,0,0,0.0,0
0.3431,43,0,0.6152,2316.0,8,0,1,0,0.0,0
0.0068,49,0,0.2309,4044.0,10,0,2,0,3.0,0
0.0547,46,0,0.1135,,4,0,1,0,,0
0.1682,32,0,0.2828,2935.0,10,0,2,0,1.0,0
9.0214,72,0,0.2891,12961.0,8,0,0,0,0.0,0
0.1251,26,0,0.3505,3759.0,10,0,2,0,1.0,0
0.2358,77,1,0.319,2949.0,6,0,0,1,1.0,0
0.3478,60,0,0.7214,2866.0,11,0,0,0,1.0,0
0.0622,72,0,0.6475,8857.0,4,0,1,0,0.0,0
5.5722,38,0,0.6066,3614.0,11,0,1,0,0.0,0
0.0622,47,0,1.0525,9648.0,8,0,1,0,0.0,0
0.7949,49,0,0.4839,,5,0,3,0,1.0,0
0.1809,46,0,0.2972,,7,0,2,0,0.0,0
1.0343,55,0,0.4757,6723.0,9,0,0,0,1.0,0
0.0089,56,0,0.2074,2629.0,7,0,1,0,1.0,0
0.3118,40,0,1.2487,4878.0,7,2,1,0,0.0,0
0.6679,79,3,0.7602,5604.0,8,0,2,0,0.0,0
0.3017,36,0,0.0101,5479.0,8,0,0,0,0.0,0
0.2776,59,0,0.8059,6296.0,6,0,0,0,0.0,0
0.2117,55,0,0.2785,,10,0,2,0,2.0,0
0.3364,56,0,0.5472,11580.0,6,0,2,0,1.0,0
0.479,21,0,0.6536,,10,0,1,0,0.0,0
0.0896,49,0,0.2644,4878.0,7,0,0,0,0.0,0
0.1798,49,0,0.6344,,11,0,2,0,0.0,0
0.7135,57,0,0.3055,2202.0,11,0,0,0,2.0,0
0.4117,33,0,0.3436,3330.0,11,0,0,0,0.0,0
0.1146,57,0,0.2313,2416.0,6,0,0,0,0.0,0
1.4386,63,0,0.9139,17710.0,11,0,3,0,1.0,0
0.573,61,0,0.1352,2936.0,6,0,1,0,0.0,0
0.1275,53,0,0.3661,8429.0,13,0,4,0,1.0,0
0.6696,69,0,0.2214,1264.0,6,0,1,0,0.0,1
0.6281,65,0,0.878,5699.0,5,0,2,0,2.0,0
0.1885,42,0,0.414,,9,0,0,0,1.0,0
0.1844,55,0,0.3114,,7,0,1,0,0.0,0
0.4102,66,0,0.2608,,5,0,3,0,2.0,0
3.9896,75,0,0.6686,1206.0,10,0,1,0,0.0,0
0.5473,43,0,0.7411,3255.0,4,0,2,0,1.0,0
0.6121,40,0,0.384,1203.0,7,0,0,0,0.0,0
0.4772,38,0,0.3698,2034.0,4,0,2,0,0.0,0
1.0586,34,0,0.4515,6788.0,9,0,1,0,1.0,0
0.3725,52,0,0.5635,2899.0,11,0,0,0,1.0,0
4.0774,43,0,0.1346,,10,0,1,0,0.0,0
0.0736,60,0,0.8968,6744.0,5,0,0,0,2.0,0
0.108,44,0,0.6111,7624.0,6,0,0,0,0.0,0
4.3881,36,0,0.4366,9313.0,11,0,1,0,2.0,0
1.078,66,0,0.9605,6684.0,12,0,0,0,0.0,0
0.0951,52,0,0.436,6987.0,10,0,2,0,1.0,0
0.2527,64,0,0.6556,6978.0,8,0,0,0,1.0,0
0.4294,45,0,0.1169,15641.0,8,0,0,0,0.0,0
0.6218,76,0,0.2426,3587.0,11,0,0,0,1.0,0
3.9674,57,0,0.1137,10681.0,8,0,1,0,0.0,0
0.5435,37,0,0.3087,1703.0,8,0,3,0,1.0,0
0.3905,29,0,0.3233,2279.0,6,0,2,0,1.0,0
0.2689,56,0,0.5369,,8,0,1,0,0.0,0
1.3532,58,0,0.4048,,7,0,1,0,0.0,0
0.3351,62,0,0.1873,7929.0,7,0,0,0,1.0,0
0.0908,27,0,0.4859,,8,0,0,0,1.0,0
0.2313,27,0,0.2305,5668.0,5,0,0,0,0.0,1
0.2087,27,0,0.183,3623.0,7,0,1,0,0.0,0
0.323,39,0,0.8061,2180.0,8,0,3,0,1.0,0
0.3057,61,0,0.3412,,6,0,2,0,0.0,0
0.3879,52,0,0.4123,5091.0,4,0,4,0,0.0,0
10.1453,28,0,0.2751,,3,0,0,0,1.0,0
0.6448,31,0,1.0749,2104.0,10,0,1,0,1.0,0
5.227,57,1,0.2814,5203.0,11,0,1,0,1.0,0
0.8022,68,0,0.3483,9434.0,7,0,0,0,1.0,0
4.5832,59,0,0.2047,10046.0,9,0,0,0,0.0,0
0.268,74,0,0.9894,10578.0,7,0,0,0,0.0,0
0.1977,58,0,0.4092,,10,0,1,0,1.0,0
0.9362,74,0,0.9222,,9,0,4,0,1.0,0
0.5262,86,0,0.4741,,10,0,3,0,0.0,1
0.2476,49,0,0.5853,6177.0,10,0,1,0,0.0,0
0.2165,62,0,0.2934,5844.0,8,0,0,0,1.0,0
1.0607,22,0,0.4578,,7,0,1,1,0.0,0
2.4694,62,0,0.6643,6919.0,7,0,0,0,0.0,0
0.8999,37,0,0.6792,4089.0,8,0,0,0,0.0,0
0.4271,61,0,0.4322,5323.0,9,0,0,0,2.0,0
0.3964,46,3,0.1432,,8,0,2,0,1.0,0
0.1868,58,0,0.0692,,6,0,3,0,2.0,0
0.0681,36,0,0.2511,2474.0,9,0,3,0,0.0,0
0.8071,47,0,0.6827,3816.0,6,0,3,0,0.0,1
0.201,63,0,0.2415,2383.0,10,0,0,0,0.0,0
0.6323,57,0,0.6365,3097.0,5,0,2,0,0.0,1
0.0421,25,0,0.2668,12363.0,8,0,0,0,2.0,0
1.4829,50,0,0.5264,3679.0,8,0,2,0,1.0,0
0.0282,43,0,0.242,,5,0,1,0,1.0,0
0.048,38,0,0.1533,7855.0,5,0,0,0,0.0,0
0.7305,42,0,0.9673,,12,0,2,0,0.0,0
0.6018,63,0,0.0696,6275.0,7,0,0,0,2.0,0
0.0493,74,0,0.7659,11555.0,11,0,1,0,0.0,0
5.3343,61,0,0.866,1581.0,1,0,1,4,0.0,1
1.8613,43,0,0.179,2049.0,4,0,0,0,1.0,0
0.7878,53,0,1.0382,5701.0,8,0,2,0,1.0,0
0.051,53,0,0.4754,3674.0,9,0,0,0,1.0,0
0.6925,65,0,0.5732,8082.0,8,0,2,0,0.0,0
0.6238,52,0,0.8577,,7,0,0,0,0.0,0
0.8923,61,0,0.0227,11007.0,12,0,1,0,1.0,0
0.7055,53,0,0.5614,6045.0,5,0,0,0,0.0,0
0.0365,60,0,0.8605,,4,0,1,0,1.0,0
0.3173,65,0,0.4543,,3,0,0,0,0.0,0
0.0377,37,0,0.2829,6668.0,7,0,1,0,0.0,0
0.4151,50,0,0.5472,,9,0,2,0,0.0,0
0.0865,49,0,0.2395,,8,0,0,0,1.0,0
0.5038,63,2,0.1115,4841.0,11,0,0,0,0.0,0
0.8561,52,0,0.5915,5578.0,9,0,1,0,0.0,0
0.0532,42,0,1.067,11003.0,7,0,0,0,1.0,0
0.4069,46,0,0.1935,7989.0,9,0,0,0,,0
0.1098,54,0,0.3728,,9,0,2,0,2.0,0
1.1808,60,0,0.4808,4826.0,11,0,0,0,1.0,0
0.6014,42,0,0.323,5141.0,7,0,2,0,3.0,0
0.1251,44,0,0.8594,5496.0,7,0,1,0,1.0,0
0.723,44,0,0.1647,6524.0,7,0,0,0,2.0,0
0.6761,44,0,0.274,11316.0,7,0,3,0,3.0,0
0.3388,46,0,0.661,11328.0,8,0,1,0,0.0,0
1.2374,57,0,0.3759,3658.0,7,0,0,0,1.0,0
0.1142,65,0,0.2494,16553.0,8,0,1,0,3.0,0
0.101,44,0,0.4737,4163.0,8,0,1,0,2.0,0
0.5036,28,1,0.6137,2618.0,13,0,2,0,,0
0.6306,56,0,0.315,,7,0,1,0,0.0,0
0.5727,30,0,0.0973,1059.0,3,0,2,0,0.0,0
0.7872,71,0,0.4504,3513.0,4,0,2,0,0.0,0
0.1258,51,0,0.4434,3113.0,4,0,2,0,1.0,0
0.3614,55,0,1.1963,6724.0,8,0,2,0,1.0,0
0.5325,66,0,0.072,5761.0,9,0,1,0,3.0,1
0.0723,48,0,0.4496,3431.0,8,0,2,0,0.0,0
1.6669,57,0,0.5061,5277.0,8,0,1,0,0.0,0
3.3471,57,0,0.6168,,7,0,1,0,0.0,0
0.2908,76,0,0.4537,8344.0,6,0,0,0,0.0,0
0.0958,81,0,0.7775,1696.0,10,0,1,0,0.0,0
0.372,51,0,0.2843,2817.0,4,0,1,0,0.0,0
0.1508,73,0,0.211,5678.0,12,0,0,0,0.0,0
0.6547,23,0,0.6936,6222.0,7,0,1,0,1.0,0
0.2606,48,0,0.6386,2487.0,5,0,0,0,1.0,0
0.0937,61,0,1.3019,2648.0,4,0,0,0,0.0,0
5.0995,32,0,0.5539,5973.0,7,0,0,0,2.0,0
0.086,82,0,0.4524,8270.0,6,0,2,0,2.0,0
0.4974,73,0,0.6397,4579.0,5,0,1,0,3.0,1
0.3784,47,0,0.2285,4133.0,12,0,1,0,1.0,0
0.1551,82,0,0.4085,12586.0,9,0,2,0,1.0,0
0.4309,63,0,0.2659,7411.0,9,0,0,0,1.0,0
0.0315,55,0,0.2251,4147.0,3,0,1,0,,0
0.626,58,0,0.5605,4200.0,10,0,1,0,2.0,0
0.244,41,0,0.4462,5707.0,10,0,1,0,1.0,0
0.2976,54,0,0.2818,4283.0,12,0,0,0,2.0,0
0.1829,41,0,0.369,6984.0,4,0,1,0,0.0,0
3.9446,52,0,0.7847,,8,0,1,0,1.0,0
5.1345,53,0,0.4566,4657.0,8,0,2,0,0.0,0
2.1666,55,0,0.3514,9303.0,10,0,1,0,3.0,0
0.0772,52,0,0.121,4016.0,11,0,0,0,1.0,0
0.2214,85,0,0.1211,,7,0,0,0,0.0,0
0.2846,29,0,0.2292,8541.0,10,0,0,0,0.0,0
0.3459,27,0,0.5004,19013.0,9,0,1,0,2.0,0
0.2865,40,0,0.2198,5469.0,5,0,0,0,0.0,0
0.6308,52,0,0.8301,,10,0,0,0,0.0,0
0.6855,46,0,0.7133,3533.0,9,0,1,0,1.0,0
0.6558,32,0,1.1859,,8,0,2,0,1.0,0
0.235,79,0,0.5294,8887.0,4,0,1,0,0.0,0
1.1181,60,0,0.3708,,5,0,2,0,0.0,0
3.4438,47,1,0.6421,4609.0,9,0,0,0,2.0,0
0.2951,39,0,0.9134,5845.0,15,0,1,0,1.0,0
0.2489,48,0,0.3235,5829.0,7,0,1,0,0.0,0
2.1916,45,0,0.4965,6105.0,5,0,1,0,1.0,0
0.7459,57,0,1.105,3670.0,4,0,2,0,3.0,0
0.8958,34,2,0.1265,,4,0,1,0,2.0,0
0.1702,41,0,0.6701,5898.0,9,0,3,0,0.0,0
5.0977,64,0,0.735,3871.0,7,0,0,0,0.0,1
0.5189,44,0,0.5316,8054.0,10,0,1,0,1.0,0
0.6708,61,0,0.7083,4056.0,9,0,0,0,2.0,0
0.0819,51,0,0.4198,3863.0,3,0,0,0,0.0,0
0.3315,48,0,0.4279,,4,0,2,0,2.0,0
0.1093,42,0,0.4991,,9,0,0,0,0.0,0
0.323,53,0,0.8253,4192.0,6,0,2,0,0.0,0
0.4449,49,0,0.4364,6491.0,8,0,2,0,0.0,1
0.3251,21,0,0.3832,9544.0,5,0,0,0,0.0,1
0.3427,68,0,0.7252,13106.0,10,0,4,0,2.0,0
0.2494,57,0,0.6073,4407.0,10,0,2,0,0.0,0
0.3958,32,0,0.5074,3158.0,4,0,0,0,1.0,0
0.0829,49,0,0.5489,5500.0,9,0,2,0,1.0,0
0.4361,47,0,0.5906,2615.0,9,0,2,0,0.0,0
0.7397,39,0,0.1042,11174.0,8,0,2,0,2.0,0
0.9933,61,0,0.3305,,8,0,0,0,0.0,0
0.8717,72,0,0.2642,6254.0,3,0,2,0,1.0,0
3.9252,46,1,0.8405,,5,0,3,0,2.0,0
0.1451,46,0,0.8748,2405.0,7,0,0,0,1.0,0
0.0418,39,0,1.0823,16541.0,6,0,0,0,0.0,0
0.8424,21,0,0.7244,4623.0,6,0,2,0,1.0,1
0.3602,58,0,0.4262,8045.0,3,0,1,0,1.0,0
2.5037,79,0,0.332,1586.0,7,0,0,0,3.0,0
0.0383,50,0,0.676,11806.0,9,0,1,0,2.0,0
0.2921,49,0,0.798,5484.0,8,0,0,0,1.0,0
0.3103,51,0,0.3075,16356.0,2,0,2,0,3.0,0
0.3703,45,0,0.0524,4002.0,6,0,0,0,1.0,0
2.6149,36,1,0.5053,4857.0,13,1,1,2,1.0,0
4.2214,88,0,0.4275,12359.0,9,0,2,0,0.0,0
9.0797,59,0,0.4492,8452.0,11,0,1,0,0.0,0
0.9412,60,1,0.4508,,9,0,1,0,0.0,0
0.6107,84,1,0.1271,,8,0,1,1,0.0,1
0.9403,55,0,0.4733,4477.0,5,0,0,0,1.0,0
2.6157,40,0,0.0856,4738.0,10,0,1,0,1.0,0
0.5528,37,0,0.3236,13538.0,7,0,1,0,2.0,0
0.5869,79,0,0.7896,15182.0,6,0,0,0,0.0,0
0.5212,63,0,0.4514,5091.0,10,0,1,0,0.0,0
5.7192,51,0,0.5209,1916.0,6,0,1,0,1.0,0
0.4639,44,0,0.1656,2942.0,8,0,1,0,1.0,0
4.1162,48,0,0.6747,9515.0,5,0,0,0,1.0,0
1.3835,58,0,0.6721,2835.0,8,0,0,0,3.0,0
0.1963,78,0,0.9234,4299.0,7,0,2,0,1.0,0
0.1522,51,0,0.911,4542.0,11,0,1,0,1.0,0
0.8485,40,0,0.4521,7496.0,6,0,0,0,1.0,0
0.364,34,0,0.2293,5193.0,5,0,0,0,1.0,0
0.4568,61,0,0.5471,9977.0,6,0,1,0,2.0,0
1.1081,67,0,0.0781,,9,0,0,0,0.0,0
2.2812,78,1,0.4362,7524.0,6,0,1,0,0.0,0
0.2624,90,0,0.2398,8898.0,9,0,0,0,1.0,0
0.189,31,0,0.5482,5202.0,7,0,4,0,1.0,0
0.2639,52,0,0.4259,4567.0,14,0,1,0,0.0,0
0.0206,47,0,0.7794,,2,0,1,0,1.0,0
0.1032,49,0,0.2527,,9,0,2,0,0.0,0
0.1811,40,0,0.5275,2309.0,8,0,2,0,1.0,0
2.4489,57,0,0.4427,,7,0,2,0,1.0,0
0.5005,34,0,0.8234,2886.0,12,0,2,0,0.0,1
0.3952,59,0,0.4589,5146.0,10,0,0,0,2.0,0
0.0783,68,0,0.0593,14130.0,5,0,0,0,2.0,0
0.1871,45,0,0.7275,3649.0,17,0,0,0,0.0,0
0.2547,68,0,0.4591,1832.0,7,0,0,0,1.0,0
0.2371,54,0,0.5846,16067.0,7,0,2,0,0.0,0
0.1503,65,1,0.2322,4654.0,5,0,1,0,0.0,0
0.2337,56,0,0.8563,3039.0,10,0,4,0,3.0,0
0.5866,39,0,0.3883,2031.0,2,0,0,0,1.0,0
0.2927,52,0,0.8451,2467.0,6,0,0,0,0.0,0
0.3042,46,0,0.8478,,8,0,0,0,0.0,0
1.3461,64,0,0.5084,8026.0,6,0,2,0,1.0,0
3.8288,49,0,0.4797,,4,0,0,0,0.0,0
0.0775,67,0,0.8066,6233.0,4,0,0,0,1.0,0
0.6084,59,0,0.2632,,7,0,1,0,3.0,0
0.4047,55,2,1.1483,10197.0,4,0,0,0,0.0,0
2.0643,55,0,0.8141,7189.0,7,0,0,0,1.0,0
1.2781,66,0,0.5296,3666.0,6,0,1,0,0.0,0
0.3834,61,0,1.0434,2549.0,5,0,0,0,0.0,0
0.3143,65,0,0.6124,,8,0,2,0,1.0,0
0.4768,38,0,0.7673,,13,0,0,0,0.0,0
0.2441,44,0,0.5025,,15,0,1,0,0.0,0
0.3945,52,0,0.7974,,8,0,1,0,0.0,0
0.1939,48,0,0.2158,4969.0,7,0,1,0,1.0,0
0.1457,39,0,0.5375,,4,0,0,0,1.0,0
0.1595,70,0,0.5474,,10,0,0,0,1.0,0
0.9614,36,0,0.7351,12894.0,7,0,2,0,0.0,0
0.5438,66,0,1.1612,2431.0,5,0,3,0,2.0,0
0.3854,77,0,0.6233,8465.0,8,0,1,0,1.0,0
0.3978,45,3,0.295,3218.0,10,0,0,0,0.0,0
0.1456,21,0,0.1592,2199.0,9,0,2,0,0.0,0
0.5551,45,0,0.6113,19421.0,6,0,0,0,0.0,0
0.8148,41,0,1.1532,13889.0,11,0,0,0,0.0,0
0.6195,32,0,0.5557,,9,0,1,0,1.0,0
0.2115,58,0,0.7164,4610.0,10,0,1,0,0.0,0
0.3144,58,0,0.2983,2678.0,8,0,3,0,2.0,0
0.6916,58,0,0.1806,4275.0,10,0,1,0,0.0,0
4.6765,39,0,0.0299,1039.0,11,0,1,0,0.0,0
0.2975,67,0,0.0377,4520.0,6,0,2,0,0.0,0
0.4574,43,0,0.2152,11139.0,8,0,2,0,4.0,0
0.0108,37,0,0.5879,,10,0,1,0,1.0,0
0.8503,37,0,0.5672,2976.0,7,0,1,0,0.0,1
0.2533,42,0,0.6379,7034.0,6,0,3,0,0.0,0
0.4178,54,0,0.4558,,10,0,0,0,2.0,0
0.7265,37,0,0.397,3275.0,7,0,2,0,0.0,0
0.0718,41,0,0.416,3206.0,11,0,1,0,1.0,0
0.5508,74,0,0.4096,5095.0,9,0,0,0,0.0,0
0.7198,43,0,0.4874,2379.0,9,0,2,0,,0
0.328,64,1,0.5359,4444.0,7,1,3,0,0.0,0
0.1033,53,0,0.5178,1889.0,8,0,1,0,0.0,0
0.2073,65,0,0.824,,8,0,1,0,1.0,0
0.07,55,0,0.3289,4535.0,5,0,1,0,1.0,0
0.3998,52,0,0.4829,12423.0,10,0,2,0,0.0,0
0.867,47,0,0.316,4034.0,9,0,1,0,0.0,0
0.9652,41,0,0.2203,2959.0,11,0,2,0,0.0,0
0.2956,56,0,0.5028,3406.0,12,0,1,0,1.0,0
1.0268,44,0,0.5222,11846.0,14,0,0,0,0.0,0
0.6165,25,0,0.7854,3708.0,10,0,1,0,3.0,1
0.7446,57,0,0.563,11666.0,10,0,2,0,2.0,0
0.9176,51,0,0.589,8066.0,4,0,4,0,1.0,0
0.163,57,0,0.282,8786.0,9,0,1,0,1.0,0
0.1841,52,0,0.7474,6873.0,9,0,2,0,0.0,0
0.0238,63,0,0.286,5134.0,8,0,0,0,1.0,0
3.228,58,0,0.1235,10867.0,5,0,1,0,2.0,0
0.1659,50,0,0.3271,7046.0,5,0,0,0,0.0,0
0.6957,58,0,0.4571,2322.0,5,0,2,0,1.0,0
0.91,71,2,0.1664,3212.0,5,0,1,0,0.0,0
0.7125,40,0,0.1255,6486.0,7,0,0,0,1.0,0
7.1263,24,0,0.3848,9842.0,8,0,2,0,1.0,0
0.2503,65,0,0.8242,,8,0,0,0,1.0,0
0.0162,61,0,0.2315,2690.0,7,0,1,0,0.0,0
0.5596,91,0,0.7211,3163.0,9,0,1,0,1.0,1
0.0389,54,0,0.7073,1843.0,2,0,1,0,3.0,0
0.1152,48,0,0.2552,3845.0,7,0,1,0,0.0,0
0.3759,58,0,0.9067,,5,0,3,0,0.0,0
0.094,64,0,0.6268,4484.0,7,0,2,0,0.0,0
0.2855,61,0,0.2522,7255.0,5,0,2,0,3.0,0
0.2379,49,0,0.4786,1297.0,9,0,1,0,0.0,0
0.8374,70,0,0.3757,4923.0,6,0,1,0,0.0,0
0.544,38,0,0.5387,3185.0,7,0,0,0,0.0,0
0.2162,43,0,1.3582,2593.0,7,0,1,0,0.0,0
0.3663,74,0,0.5971,,9,0,0,0,0.0,0
3.5222,62,0,0.3643,15694.0,7,0,1,0,0.0,0
0.0228,46,0,0.1968,4016.0,4,0,0,0,0.0,0
0.1865,54,0,0.1151,10853.0,6,0,2,0,1.0,0
0.2128,81,0,0.1954,4403.0,7,0,2,0,1.0,0
0.3113,49,0,0.2465,1824.0,7,0,0,0,0.0,0
0.0148,42,0,0.9519,5203.0,8,0,1,0,0.0,0
0.142,53,0,0.6916,3011.0,8,0,1,0,1.0,0
0.9973,65,0,0.3744,5070.0,11,0,2,0,0.0,0
0.1683,57,0,0.3714,,9,0,1,0,0.0,0
1.6927,67,0,0.2672,3229.0,11,0,1,0,2.0,0
0.4394,40,0,0.7994,,4,0,0,0,0.0,0
0.2788,36,0,0.4383,8980.0,10,0,1,0,0.0,0
0.1666,68,0,0.3737,6760.0,8,0,1,0,0.0,0
0.9166,36,0,0.5485,6853.0,8,0,2,0,1.0,0
0.5489,36,0,0.1631,8226.0,8,0,1,0,1.0,0
0.6392,42,0,0.3969,,9,0,2,0,0.0,0
0.394,39,0,0.3336,,7,1,0,0,0.0,0
0.5614,43,0,1.2989,20421.0,8,0,1,0,0.0,0
0.1079,28,0,0.6066,,6,0,1,0,1.0,0
0.9047,72,0,0.319,7683.0,5,0,2,0,1.0,0
0.037,31,0,0.3066,8069.0,10,0,1,0,1.0,0
0.5484,84,0,0.3143,,8,0,2,0,0.0,0
0.423,64,0,0.167,3886.0,4,0,0,0,1.0,0
0.1068,90,0,0.3783,5961.0,6,0,0,0,2.0,0
0.6067,42,0,0.3939,7390.0,10,0,1,0,2.0,0
0.0251,46,0,0.7188,,7,0,2,0,1.0,0
0.1561,71,0,0.2199,3914.0,6,0,0,0,0.0,0
1.5412,38,0,0.4367,4044.0,16,0,0,0,0.0,0
0.3958,64,0,0.1684,4863.0,6,0,2,0,0.0,0
0.4352,51,0,0.0329,2725.0,5,0,0,0,0.0,0
0.6378,66,0,0.1418,16222.0,8,0,0,0,2.0,0
1.0348,72,0,0.2512,27394.0,5,0,0,0,0.0,0
0.2636,45,0,0.724,7594.0,12,0,1,0,0.0,0
0.7916,42,0,0.7699,10875.0,9,0,1,0,0.0,0
0.5752,34,0,1.0112,6865.0,6,0,0,0,1.0,0
0.5517,32,0,0.7655,3955.0,6,0,1,0,2.0,0
0.1653,45,0,0.7491,1908.0,6,0,2,0,1.0,0
0.2195,52,0,0.3866,4418.0,9,0,1,0,0.0,0
0.131,45,0,0.9068,,13,0,0,0,1.0,0
0.3811,56,0,1.0748,13535.0,8,0,2,0,1.0,0
0.1087,63,1,0.2076,8427.0,10,1,1,0,0.0,0
5.0263,45,3,0.1872,14489.0,5,1,0,0,0.0,0
0.6375,46,0,0.4324,,12,0,1,0,0.0,0
0.0431,69,0,0.7419,3972.0,10,0,0,0,0.0,0
0.9582,58,0,0.9809,5453.0,10,0,0,0,0.0,0
0.2485,50,0,0.416,3021.0,9,0,0,0,1.0,0
0.2496,43,0,0.1579,3063.0,9,0,1,0,0.0,0
0.1454,65,0,0.2838,12258.0,8,0,2,0,1.0,0
0.6018,49,0,0.5776,4336.0,8,0,1,0,0.0,1
0.1572,25,0,0.5002,3675.0,8,0,1,0,1.0,0
0.1465,24,0,1.1304,,9,0,1,0,0.0,0
0.0219,41,0,0.6372,8414.0,5,0,0,0,1.0,0
0.6822,38,0,0.3019,4192.0,10,0,1,0,2.0,0
0.2,53,0,0.3255,,4,0,4,0,2.0,0
0.5476,26,0,0.9364,4226.0,11,0,3,0,0.0,0
4.3228,53,0,0.6091,5779.0,7,0,3,0,1.0,0
0.3173,39,0,1.2998,3760.0,8,0,0,0,0.0,0
0.2875,67,0,0.8795,4464.0,8,0,1,0,0.0,0
0.1865,42,0,1.0606,5950.0,9,0,0,0,0.0,0
0.1829,65,0,0.7548,2374.0,8,0,4,0,1.0,0
1.0205,51,0,0.4794,4815.0,9,0,1,0,0.0,0
0.1071,45,0,0.962,3494.0,5,0,0,0,2.0,0
0.242,34,0,0.484,8143.0,8,0,0,0,0.0,0
3.4629,41,0,0.5742,1863.0,5,0,0,0,1.0,0
0.1815,71,0,1.078,3708.0,9,0,1,0,1.0,0
0.5742,51,0,0.6634,3344.0,13,0,2,0,0.0,0
0.1765,40,0,0.8886,3497.0,5,0,0,0,2.0,0
0.0656,56,0,0.2618,3524.0,4,0,1,0,0.0,0
0.2947,45,0,0.2308,2903.0,10,0,0,0,1.0,0
0.0802,42,0,1.2981,2937.0,8,0,0,0,0.0,0
0.6569,46,0,0.1828,5974.0,11,0,0,0,4.0,0
0.0494,65,0,0.1502,7098.0,5,0,0,0,1.0,1
0.3016,51,0,0.6065,1507.0,10,0,2,0,3.0,0
0.2589,62,0,0.6375,7098.0,9,0,0,0,0.0,0
0.3607,46,0,0.1254,,10,0,0,0,3.0,0
0.8737,43,0,0.4978,4494.0,8,0,0,0,0.0,0
0.324,72,0,0.568,8843.0,10,0,1,0,0.0,0
0.3184,37,0,0.7647,3415.0,7,0,0,0,0.0,0
0.4325,47,0,0.636,3845.0,10,0,4,0,1.0,0
0.1114,68,0,0.452,5847.0,8,0,0,0,2.0,0
5.7198,45,0,0.4107,6776.0,3,0,2,0,0.0,0
0.928,78,0,0.6648,,9,0,1,0,0.0,0
0.3922,39,0,0.8923,1490.0,6,0,0,0,2.0,0
0.8825,61,0,0.0694,8601.0,7,0,0,0,0.0,0
0.0024,76,0,0.6969,,6,0,0,0,2.0,0
0.5618,55,0,0.8824,2489.0,9,0,2,0,,0
0.1063,58,0,1.0036,5570.0,6,0,2,0,0.0,0
0.7105,64,0,0.6384,7287.0,9,0,0,0,1.0,0
0.3103,21,0,0.7644,5159.0,6,0,1,0,2.0,0
0.7721,72,0,1.237,4102.0,5,0,2,0,0.0,1
0.2607,57,0,0.4929,7632.0,6,0,2,0,1.0,0
2.7195,53,0,0.8042,3011.0,7,0,0,0,0.0,0
0.5084,54,0,0.2047,6308.0,9,0,2,0,2.0,0
0.7661,23,0,0.4373,10931.0,7,0,1,0,0.0,0
4.0797,65,0,0.3328,8248.0,3,0,0,0,1.0,0
0.3207,57,0,0.2173,3828.0,8,0,0,0,1.0,0
0.1993,39,0,0.6214,11723.0,11,0,0,0,0.0,0
0.5036,58,0,0.3673,,8,0,1,0,0.0,0
0.5727,60,0,0.4827,,7,0,0,0,0.0,0
0.4138,44,0,0.4179,9532.0,10,1,1,1,0.0,0
3.7291,70,0,0.4552,6898.0,5,0,0,0,0.0,1
1.1356,50,0,0.8308,,6,0,1,0,1.0,0
2.6164,48,0,0.6152,4569.0,7,0,0,0,1.0,0
0.6424,61,0,0.3589,7692.0,10,0,1,0,1.0,0
0.4586,40,0,0.0198,6310.0,6,0,1,0,0.0,0
0.4728,45,0,0.3016,6085.0,9,0,0,0,0.0,0
0.214,36,0,0.1653,,9,0,1,0,1.0,0
0.9254,50,1,0.6309,8613.0,12,0,1,0,2.0,0
0.1605,47,0,0.8732,10001.0,11,0,3,0,2.0,0
0.6469,54,0,0.6619,10881.0,9,0,0,0,1.0,0
4.0807,66,0,0.0942,3934.0,11,0,1,0,0.0,0
0.7098,62,0,0.4198,15608.0,8,0,3,0,1.0,0
0.1166,54,0,0.5389,3940.0,6,0,0,0,1.0,0
0.4055,70,0,0.6807,4116.0,9,0,2,0,0.0,0
0.1228,43,0,0.0297,,7,0,2,0,1.0,0
0.1924,59,0,0.1388,2765.0,7,0,1,0,1.0,0
1.2518,65,2,0.0105,15654.0,7,0,2,1,2.0,0
12.3402,78,0,0.2202,2872.0,10,0,2,0,0.0,0
0.5074,54,0,0.2899,1474.0,7,0,1,0,0.0,0
0.1889,47,0,1.1248,4169.0,9,0,4,0,0.0,0
1.3934,52,0,0.7699,,10,0,1,0,1.0,0
0.1928,53,0,0.3604,5431.0,14,0,1,0,1.0,0
0.1835,43,0,0.4868,6493.0,9,0,1,0,0.0,0
0.177,52,0,0.3777,1700.0,9,0,2,0,0.0,0
0.6437,77,0,0.4148,11472.0,2,0,2,0,2.0,0
0.4955,29,0,0.5967,1660.0,6,0,1,0,2.0,0
0.6518,21,1,0.1412,4677.0,8,0,0,0,0.0,0
0.6995,31,0,0.4098,18971.0,13,0,0,0,1.0,0
0.2515,39,0,0.5048,7178.0,9,0,2,0,0.0,0
0.0546,35,0,0.3407,3920.0,8,0,0,0,0.0,0
1.0246,41,0,0.4743,5998.0,11,0,1,0,1.0,0
0.6282,38,0,0.3774,,7,0,2,0,0.0,0
4.8045,58,0,0.8221,3791.0,5,0,1,0,3.0,1
4.4994,39,0,0.2943,9015.0,13,0,0,0,0.0,0
0.8007,36,1,0.7424,,11,0,1,0,0.0,0
0.372,25,0,0.7866,4824.0,7,0,0,0,3.0,0
1.1153,66,0,0.4851,6676.0,14,0,2,0,0.0,0
0.7794,71,0,0.4358,8528.0,8,0,1,0,1.0,0
0.0092,56,0,0.2739,13650.0,5,0,0,0,0.0,0
0.1909,54,0,0.7748,,6,0,1,0,0.0,0
0.4886,61,0,0.5928,3308.0,17,0,0,0,0.0,1
0.3716,63,0,0.143,7383.0,7,0,1,0,0.0,0
1.9051,36,0,0.2942,,6,0,3,0,2.0,0
0.6954,49,0,0.2101,5679.0,6,0,0,0,1.0,0
0.0027,66,0,0.0924,16952.0,9,0,3,0,0.0,1
0.1148,44,0,1.404,8885.0,11,0,1,0,2.0,0
0.4933,54,0,0.5593,,5,0,0,0,0.0,0
0.4909,69,0,0.68,9919.0,8,0,2,0,0.0,0
0.6519,85,0,0.2244,,7,0,1,0,0.0,0
0.3365,66,0,0.6968,8027.0,7,0,1,0,0.0,0
0.3986,34,0,0.3554,1860.0,7,0,0,0,0.0,0
0.541,42,0,0.3559,4455.0,11,0,1,0,1.0,0
0.1254,69,0,0.1357,3039.0,9,0,1,0,0.0,0
0.3622,42,0,0.9776,2151.0,10,0,0,0,0.0,0
0.1126,64,0,0.8228,4990.0,8,0,2,0,0.0,0
0.1187,76,0,0.1132,,13,0,1,0,1.0,0
1.6203,67,0,0.3615,5611.0,6,0,0,0,2.0,0
0.0713,77,0,0.4236,,2,0,1,0,1.0,0
0.3121,36,0,0.7947,,13,0,0,0,1.0,0
0.4862,25,0,0.7292,5219.0,6,0,1,0,,1
1.2397,41,1,0.177,,4,0,0,0,2.0,0
0.8654,52,0,0.2146,8398.0,9,0,0,0,0.0,0
0.4364,39,0,0.3828,4029.0,10,0,1,0,,0
0.3918,41,0,0.057,2311.0,8,0,2,0,0.0,0
0.0872,50,0,0.8806,3793.0,7,0,1,0,1.0,0
0.6213,46,0,0.9717,14148.0,9,0,3,0,2.0,0
0.5745,64,0,0.5236,,10,0,0,0,5.0,1
0.2216,52,0,0.792,3917.0,4,0,0,0,2.0,0
0.3669,44,0,0.2922,,8,0,3,0,1.0,0
0.6324,65,0,0.8429,5478.0,12,0,0,0,0.0,0
0.4198,92,0,0.2505,13701.0,7,0,0,0,0.0,0
0.2898,58,0,0.1345,5354.0,6,0,3,0,2.0,0
1.4477,44,0,0.0791,4633.0,8,0,2,0,0.0,0
0.5672,29,0,0.6461,4938.0,8,0,2,0,1.0,1
1.3015,48,0,0.4605,5893.0,5,0,2,0,1.0,0
0.3852,35,0,1.0823,3571.0,9,0,0,0,0.0,0
0.4268,59,0,0.3762,,7,0,1,0,1.0,0
0.0835,75,0,0.1651,3707.0,3,0,0,0,2.0,0
0.2204,40,0,0.6909,6330.0,5,0,0,0,0.0,0
0.4268,44,0,0.2509,4941.0,5,0,0,0,0.0,0
0.4442,62,0,0.559,17149.0,7,0,1,0,1.0,0
1.8058,42,0,0.4273,2423.0,9,1,1,1,0.0,0
0.6135,27,0,0.7359,10711.0,6,0,0,0,2.0,0
0.4629,69,0,0.5197,6984.0,4,0,2,0,1.0,1
0.177,32,0,0.2964,,10,0,1,0,1.0,0
0.5373,51,0,0.6548,4057.0,9,0,2,0,0.0,0
0.3726,50,0,0.2978,3172.0,3,0,0,0,1.0,0
0.0644,46,0,0.3505,3012.0,6,0,0,0,0.0,0
3.7035,60,0,0.6677,1101.0,12,0,2,1,0.0,0
0.1975,30,0,0.3375,,13,0,1,0,1.0,0
0.4563,57,0,0.6596,,10,0,0,0,1.0,0
5.5391,40,0,0.865,7385.0,11,0,1,0,0.0,0
0.3024,52,0,0.0163,8401.0,7,0,0,0,0.0,0
0.5893,40,0,0.4089,4413.0,15,0,1,0,4.0,0
0.0973,53,0,0.2333,8619.0,7,0,2,0,2.0,0
0.2362,63,0,0.6335,12115.0,2,0,0,0,0.0,0
0.2202,49,0,0.3082,5157.0,11,0,1,0,0.0,0
0.0585,47,0,0.2459,9239.0,7,0,0,0,1.0,0
0.271,41,0,0.3682,3889.0,7,0,1,0,0.0,0
0.106,53,0,0.1155,,5,0,1,0,0.0,0
0.7793,66,0,0.564,,6,0,0,0,0.0,1
0.5234,51,0,0.5142,13779.0,10,0,0,0,2.0,0
0.1191,71,0,0.8076,,8,0,0,0,0.0,0
0.2844,48,0,0.1332,8422.0,7,0,0,0,0.0,0
0.1768,79,0,0.1106,,12,0,0,0,1.0,0
0.1362,24,0,1.1619,3661.0,9,0,0,0,1.0,0
0.2196,44,0,1.179,,6,0,0,0,1.0,0
0.5034,40,4,0.8656,2501.0,7,0,1,0,0.0,0
0.582,50,0,0.7703,,5,0,0,0,2.0,0
0.4601,60,2,0.1954,3301.0,17,0,1,3,1.0,0
0.2369,88,0,0.4284,4998.0,3,0,2,0,0.0,0
0.0887,53,0,0.79,,12,0,0,0,1.0,0
0.1271,64,0,0.5275,11228.0,4,0,0,0,,0
0.6119,41,1,0.7388,,9,0,3,0,1.0,0
1.2084,48,0,0.3804,8571.0,6,0,0,0,0.0,0
0.1382,61,0,0.5963,6081.0,5,0,2,0,2.0,0
0.1165,31,1,0.9658,1513.0,13,0,2,0,0.0,0
0.0958,36,0,0.2827,3242.0,7,0,0,0,1.0,0
0.4273,53,0,0.5018,4371.0,4,0,1,0,0.0,1
0.7065,50,0,1.0335,10163.0,8,0,0,0,0.0,0
3.0395,55,0,0.4738,6745.0,4,0,2,0,3.0,0
3.0742,28,0,0.6152,10200.0,7,0,2,0,0.0,0
0.2705,47,0,0.215,3846.0,10,0,0,0,1.0,0
1.1284,48,0,0.4291,1437.0,4,0,0,0,0.0,0
0.159,55,0,0.5771,,5,0,0,0,2.0,0
0.3152,64,0,0.5117,1287.0,5,0,1,0,1.0,0
0.9941,53,0,0.3752,3190.0,8,0,2,0,0.0,0
0.2873,37,0,0.2226,,8,0,2,0,0.0,0
0.2753,57,0,0.1414,10311.0,7,0,0,0,1.0,0
1.7783,27,0,0.4238,6929.0,7,0,1,0,1.0,0
4.2309,53,0,0.4571,4883.0,7,0,1,0,0.0,0
1.1354,59,0,0.9952,5037.0,9,0,0,0,1.0,0
6.9189,51,2,0.7405,3232.0,5,0,1,0,3.0,0
0.2328,61,0,0.2261,2982.0,10,0,1,0,0.0,0
0.3876,33,0,0.3248,3534.0,11,0,0,0,2.0,0
0.4825,84,0,0.3993,2676.0,9,0,2,0,2.0,0
1.2081,39,1,0.6678,4621.0,8,0,2,0,1.0,0
2.9001,21,1,0.9209,,8,2,0,0,2.0,0
3.4898,34,0,0.5271,,6,0,0,0,0.0,0
0.4579,93,0,0.0519,,6,0,1,0,0.0,1
1.0641,67,0,0.48,7860.0,10,0,2,0,1.0,0
0.2171,34,0,0.1567,5361.0,9,0,0,0,0.0,0
0.5702,68,0,0.2665,4230.0,8,0,1,0,1.0,0
0.188,70,0,0.3991,4400.0,10,0,2,0,0.0,0
0.4752,32,0,0.2942,,12,0,0,0,4.0,0
0.5215,69,0,0.5277,3442.0,6,0,0,0,0.0,0
0.3345,46,0,0.2431,6107.0,13,0,0,0,0.0,0
0.1042,62,0,0.2619,12551.0,9,0,1,0,0.0,0
0.7896,65,0,0.598,4695.0,3,0,0,0,2.0,0
3.2862,65,0,0.4554,4931.0,12,0,2,0,2.0,0
1.445,49,0,0.272,3064.0,7,0,0,0,1.0,0
0.1516,40,0,1.3181,,9,0,2,0,0.0,0
0.3437,59,0,0.4906,12992.0,5,0,1,1,0.0,0
0.1515,63,0,0.1037,3945.0,5,0,0,0,0.0,0
0.3853,59,0,1.1279,6300.0,6,0,0,0,0.0,0
0.3586,51,0,0.3827,14097.0,9,0,1,0,1.0,0
0.0618,61,0,0.83,5260.0,10,0,0,0,0.0,0
1.8393,29,0,0.3612,3428.0,10,0,0,0,0.0,0
0.1488,62,0,0.2949,8852.0,8,0,0,0,0.0,0
0.0989,49,0,0.381,2003.0,9,0,0,0,0.0,0
0.3027,68,0,0.4313,,14,0,1,0,0.0,0
0.5307,54,0,0.6976,,9,0,0,0,0.0,0
0.6385,60,0,0.7079,2385.0,7,0,0,0,0.0,1
0.73,60,0,0.4684,4491.0,4,0,1,0,1.0,1
0.2011,47,0,0.291,16602.0,7,0,2,0,2.0,0
0.4255,41,0,0.4239,4755.0,8,0,0,0,4.0,0
1.353,65,0,0.3578,4200.0,6,0,1,0,0.0,0
0.1397,57,0,0.6112,9218.0,11,0,1,0,1.0,0
0.559,56,0,1.3714,4919.0,10,0,1,0,0.0,0
1.3927,65,0,0.5567,,7,0,1,0,0.0,0
0.3262,61,0,0.5723,2812.0,7,0,2,0,0.0,0
0.1289,71,0,0.3911,4777.0,9,0,2,0,0.0,0
0.6651,47,0,0.4671,11391.0,8,0,0,0,1.0,0
0.2673,59,0,0.5158,6236.0,5,0,0,0,0.0,0
1.6114,71,0,0.1535,5246.0,12,0,1,0,0.0,0
0.0074,43,0,0.6275,3090.0,8,0,3,0,3.0,0
0.4903,38,1,0.8291,2830.0,7,0,1,1,1.0,0
0.126,51,0,0.1813,12089.0,4,0,2,0,1.0,0
0.8874,53,0,0.5249,,4,0,1,0,0.0,0
0.8502,55,0,0.1855,3072.0,11,0,1,0,,0
0.0651,63,0,0.5615,2251.0,10,0,1,0,0.0,0
1.035,59,0,0.7148,3634.0,10,0,1,0,1.0,0
2.4019,89,0,0.2907,,6,0,1,0,1.0,0
0.6752,70,0,0.146,,3,0,0,0,0.0,0
0.8053,44,0,0.3341,24525.0,15,0,1,0,0.0,0
2.2404,65,0,0.2022,3667.0,10,0,1,0,0.0,0
0.0689,51,0,1.0128,,11,0,0,0,1.0,0
3.0699,61,0,0.2865,,11,0,2,0,0.0,0
0.3162,57,0,0.6035,4632.0,10,0,0,0,2.0,0
0.5103,27,0,0.6237,,8,0,1,0,2.0,0
0.7193,42,0,0.5406,8959.0,9,0,1,0,,0
0.7604,54,0,0.9099,6007.0,5,0,0,0,2.0,0
0.4255,63,0,0.3139,4113.0,8,0,4,0,0.0,0
0.455,37,0,0.5501,2821.0,9,0,0,0,0.0,0
0.2103,71,0,0.2682,7718.0,6,0,1,0,0.0,0
0.4618,65,0,0.1273,8342.0,13,0,1,0,0.0,1
0.5362,38,0,0.6056,3295.0,14,0,0,0,1.0,0
0.5139,52,0,0.6327,1583.0,3,0,1,0,0.0,0
0.5493,65,0,0.2866,6025.0,10,0,0,0,0.0,0
0.2853,69,0,0.2845,13828.0,3,0,3,0,1.0,0
0.266,33,0,0.4451,14702.0,7,0,1,0,1.0,0
0.2172,43,0,0.6737,5537.0,11,0,1,0,0.0,0
0.3245,67,0,0.3955,,8,0,1,0,1.0,0
0.9935,36,0,0.3551,3921.0,7,0,1,0,1.0,0
0.7406,60,0,0.3459,5104.0,10,0,1,0,1.0,0
1.3121,52,0,0.1878,11872.0,12,0,2,0,0.0,1
0.0645,49,0,0.1203,5405.0,11,0,0,0,3.0,0
3.1412,21,0,0.1499,,13,0,2,0,1.0,0
0.5806,67,0,0.3512,3430.0,13,0,1,0,2.0,0
2.6285,42,0,0.1555,6437.0,8,0,2,0,2.0,0
0.3464,44,0,0.7147,11531.0,4,0,0,0,1.0,0
0.1934,59,0,0.1533,4884.0,4,0,4,0,2.0,0
0.0786,52,0,0.4859,2724.0,13,0,0,0,0.0,0
0.1653,52,0,0.6554,5308.0,10,0,1,0,1.0,0
0.3897,50,0,0.1319,6488.0,10,0,2,0,0.0,0
0.1417,44,0,0.7868,4873.0,7,0,1,0,0.0,0
0.826,43,0,0.2019,4220.0,7,0,0,0,0.0,0
0.7516,60,2,0.8001,6828.0,8,0,3,2,1.0,0
0.6533,39,0,0.3703,6011.0,9,0,0,0,0.0,0
0.1302,43,0,1.1474,4621.0,15,0,2,0,1.0,0
0.5218,53,0,0.4717,8544.0,9,0,0,0,1.0,0
0.3199,61,0,0.5822,4603.0,4,0,2,0,2.0,0
0.7309,41,0,0.4249,,14,0,1,0,2.0,0
0.1301,41,0,0.5424,11022.0,11,0,0,0,0.0,0
0.3556,48,0,0.343,3929.0,9,0,0,0,0.0,0
0.0293,39,0,1.4796,7873.0,7,0,1,0,1.0,0
0.1148,50,0,0.5512,5927.0,4,0,0,0,0.0,0
0.2872,21,0,0.7099,8117.0,10,0,0,0,0.0,0
6.6667,73,0,0.3649,4399.0,15,0,0,0,1.0,0
0.7878,51,0,0.5017,7564.0,9,0,0,0,0.0,0
0.239,27,0,0.8046,5293.0,8,0,0,0,0.0,0
0.4508,44,0,0.311,,8,0,1,0,0.0,0
0.1098,53,0,0.5557,7431.0,10,0,0,0,0.0,0
2.9807,50,0,0.4328,4162.0,10,0,0,0,0.0,0
0.0167,33,0,0.2782,2871.0,6,0,2,0,2.0,0
0.1264,69,0,0.2271,3738.0,8,0,1,0,2.0,0
0.7256,64,0,0.2949,6450.0,6,0,2,0,1.0,0
0.267,34,0,0.2335,2382.0,11,0,1,0,0.0,0
0.5223,56,0,0.471,6319.0,8,0,1,0,0.0,0
0.8696,39,0,0.3732,,11,0,1,0,0.0,0
0.0925,33,0,0.3702,2865.0,16,0,0,0,0.0,0
0.071,39,0,0.6117,,12,0,0,0,1.0,0
0.0964,62,2,0.3722,12517.0,8,0,3,1,3.0,0
0.618,38,0,0.2204,2703.0,11,0,0,0,2.0,0
0.424,55,0,0.5129,2780.0,5,0,2,0,1.0,0
0.0118,32,0,0.4209,2449.0,9,0,3,0,1.0,0
0.1028,61,0,0.3553,6645.0,4,0,1,0,0.0,0
0.6917,47,0,0.9446,,4,0,0,0,1.0,0
0.1261,57,0,0.3597,,7,0,0,0,0.0,0
7.5143,34,0,0.7869,7445.0,11,0,2,0,0.0,0
0.2789,82,0,0.1587,5974.0,8,0,0,0,1.0,0
0.0138,79,0,0.468,11501.0,5,0,2,0,1.0,0
0.0323,21,0,0.3462,,16,0,0,0,1.0,0
0.386,69,0,0.4328,5393.0,3,0,0,2,0.0,0
0.4005,54,0,0.5073,4030.0,5,0,1,0,1.0,0
0.379,58,0,0.2668,5705.0,9,0,0,0,1.0,0
1.6219,58,0,0.7299,26870.0,8,0,1,0,0.0,0
0.6968,65,2,0.4262,,4,0,1,0,0.0,0
1.2574,43,0,0.2051,3409.0,12,0,2,0,0.0,0
0.1177,31,0,0.3902,,10,0,0,0,1.0,0
0.8868,42,0,0.4323,3093.0,7,0,2,0,2.0,0
0.1644,41,0,1.262,4257.0,9,0,1,0,0.0,0
0.8508,52,0,0.5582,7174.0,11,0,1,0,0.0,0
0.0295,52,1,0.5403,,10,0,0,1,2.0,0
0.6803,45,0,0.1553,11096.0,1,0,0,0,1.0,0
2.0246,42,0,0.7849,8752.0,9,0,0,0,0.0,0
5.1655,61,0,1.0696,4593.0,8,0,0,0,1.0,0
0.2626,37,0,0.2882,,5,0,2,0,2.0,0
0.7228,63,1,0.769,4757.0,6,0,1,1,1.0,0
0.4167,51,0,0.1405,5837.0,12,0,1,0,0.0,1
0.0425,44,0,0.9686,28778.0,7,0,0,0,2.0,0
2.8389,38,0,0.0472,8332.0,9,0,1,0,1.0,0
0.6993,71,0,0.5549,4291.0,5,0,0,1,0.0,0
0.2846,28,0,0.4415,3108.0,6,0,1,0,1.0,0
0.9022,58,0,0.1913,2944.0,1,0,1,0,1.0,0
0.7252,50,0,0.3713,10618.0,7,0,2,0,2.0,0
0.2542,48,0,0.6662,,10,0,1,0,2.0,0
0.3718,34,0,0.3904,,5,0,0,0,0.0,0
0.1317,41,0,0.2185,7572.0,7,0,2,0,2.0,0
0.3898,84,0,0.1081,6373.0,12,0,1,0,0.0,0
0.4285,67,0,0.6552,,9,0,1,0,0.0,1
0.478,66,0,0.5091,6728.0,8,0,0,0,0.0,0
0.4583,62,0,0.3942,2826.0,8,0,1,0,,0
0.5992,56,0,0.5564,8637.0,5,0,0,0,0.0,0
0.325,72,0,0.5086,,4,0,3,0,0.0,0
0.1051,55,0,0.9676,4751.0,5,0,2,0,1.0,0
0.7475,85,0,0.4947,14353.0,7,0,1,0,1.0,0
0.5806,70,0,0.7492,,8,0,0,0,1.0,0
0.73,57,0,0.0441,13225.0,7,0,0,0,2.0,0
0.1827,61,0,0.693,9496.0,7,0,0,0,0.0,0
2.2018,51,0,0.1927,4388.0,9,0,3,0,0.0,0
0.5598,77,0,0.3091,7831.0,10,0,0,0,0.0,0
1.0037,44,1,0.1209,,6,0,1,1,1.0,0
0.0264,61,0,0.531,5972.0,3,0,5,0,0.0,0
0.6621,54,0,0.3606,6283.0,5,0,1,0,0.0,0
0.1826,41,0,0.6095,4573.0,10,0,2,0,0.0,0
0.0359,58,0,1.0592,7528.0,6,0,1,0,2.0,0
0.2076,21,0,0.5382,6834.0,8,0,0,0,0.0,0
0.3022,65,0,0.3217,4773.0,10,0,1,0,0.0,0
1.9029,74,2,0.1044,10924.0,5,0,1,0,0.0,0
0.121,45,0,0.471,,10,0,1,0,2.0,0
1.2721,47,0,0.5277,4784.0,3,0,0,0,1.0,0
0.1669,50,0,0.4651,8722.0,16,0,0,0,0.0,0
0.0896,67,1,0.2645,3182.0,14,0,2,0,0.0,0
0.0138,74,0,0.3734,3234.0,5,0,1,0,0.0,0
0.1615,71,0,0.6246,,9,0,2,0,0.0,0
0.1821,69,0,0.6163,7329.0,12,0,0,0,1.0,0
0.099,58,0,0.4359,7296.0,6,0,1,0,0.0,0
0.6381,24,0,0.5466,,11,0,0,0,1.0,1
0.4697,49,0,0.6893,11888.0,14,0,0,0,1.0,0
0.0489,65,0,0.3931,6467.0,8,0,2,0,1.0,0
0.9215,65,0,0.7021,3909.0,6,0,1,0,1.0,0
0.1214,49,0,0.3388,,8,0,0,0,0.0,0
0.052,26,0,0.8875,,7,0,2,0,2.0,0
0.2024,65,0,0.2856,,6,0,0,0,3.0,0
0.7053,40,0,0.4665,6031.0,8,0,0,0,1.0,0
0.7204,40,0,0.0331,2777.0,5,0,1,0,0.0,0
0.5581,67,0,0.4532,4568.0,12,0,1,0,0.0,0
0.4096,54,0,0.0879,7254.0,6,0,0,1,0.0,0
0.0434,65,0,0.3884,8931.0,7,0,1,0,1.0,0
0.1861,33,0,0.2939,,8,0,0,0,2.0,0
4.6056,51,0,0.6342,,8,0,4,0,0.0,0
0.8027,29,0,1.0209,,7,0,2,0,1.0,0
0.5833,66,0,0.3821,11909.0,11,0,2,0,0.0,0
0.6185,64,0,0.1425,17299.0,7,0,0,0,2.0,0
2.981,39,0,0.4449,9864.0,7,0,1,0,1.0,0
1.2239,49,0,0.5177,,7,0,0,0,2.0,0
0.1366,61,0,0.1987,3308.0,11,0,0,0,1.0,0
0.3055,38,0,0.5312,8820.0,10,0,1,0,3.0,0
0.0081,28,0,1.0846,2296.0,10,0,2,0,1.0,0
0.0253,51,0,0.4111,6413.0,9,0,0,0,1.0,0
0.5055,63,0,0.6717,,4,0,0,0,0.0,0
0.1939,38,0,0.8224,2807.0,7,0,0,0,1.0,0
3.8032,71,0,0.3002,15835.0,10,0,3,0,0.0,0
0.0045,58,0,0.5854,5397.0,7,0,1,0,0.0,0
0.0154,70,0,0.3983,4954.0,11,0,2,0,1.0,0
0.9294,37,0,0.1034,12485.0,7,0,1,0,1.0,0
0.6758,38,0,0.1667,4360.0,15,0,0,0,0.0,0
0.1043,43,0,0.6902,3661.0,8,0,0,0,1.0,0
0.8504,72,0,0.9906,8165.0,10,0,2,0,2.0,0
8.9781,53,0,0.9958,,10,0,2,0,1.0,1
0.6336,49,0,0.7609,7478.0,6,0,1,0,1.0,0
0.2298,71,0,0.1773,4272.0,11,0,0,0,1.0,0
0.4733,35,0,0.2103,2428.0,9,0,2,0,1.0,0
0.3776,56,0,0.7829,4110.0,11,0,1,0,2.0,0
0.4929,51,0,1.0637,5338.0,10,0,0,0,2.0,0
0.7488,75,0,0.3994,3282.0,7,0,0,0,1.0,0
0.5049,65,0,0.899,4483.0,8,0,3,0,1.0,0
0.0173,45,0,0.3469,4212.0,10,0,1,0,1.0,0
0.2367,76,0,0.3751,,10,0,0,0,1.0,0
0.5015,55,0,0.1158,3741.0,4,0,1,0,0.0,0
0.2937,60,0,0.5307,8183.0,10,0,0,0,0.0,0
0.5475,58,0,0.3733,1507.0,7,0,0,0,,0
0.7203,76,0,0.2316,1708.0,6,0,2,0,0.0,0
2.2658,21,0,0.9111,2019.0,8,0,1,0,3.0,0
1.128,60,0,0.9452,6047.0,1,0,1,0,1.0,0
0.4347,84,0,0.3852,9711.0,8,0,2,0,1.0,0
0.6682,34,0,0.7445,5156.0,11,0,1,0,0.0,0
3.3277,38,0,0.2559,,4,0,0,0,0.0,0
0.232,55,0,0.8266,4337.0,9,0,2,0,1.0,0
0.0609,70,0,0.2697,3260.0,10,0,1,0,1.0,0
0.1627,57,0,0.2201,3268.0,10,0,1,0,1.0,0
0.0075,49,0,0.2353,,9,0,0,0,0.0,0
0.1305,52,0,0.6329,9845.0,9,0,0,0,1.0,0
0.1716,47,0,0.3789,4637.0,7,0,1,0,0.0,0
2.6407,46,0,0.4406,,6,0,3,0,2.0,0
0.1278,33,0,0.7348,,5,0,1,0,1.0,0
0.3438,82,0,0.5625,,11,0,0,0,0.0,0
0.3792,54,0,0.1385,4029.0,10,0,0,0,0.0,0
3.9699,38,0,0.9179,,7,0,1,0,2.0,1
1.7019,68,0,0.3535,8022.0,13,0,0,0,0.0,0
1.6371,21,0,0.7735,3644.0,13,0,2,0,2.0,1
0.0519,34,0,0.1119,3472.0,5,0,0,0,1.0,0
0.2776,56,0,0.6573,2737.0,8,0,2,0,0.0,0
0.114,51,0,0.0425,,11,0,1,0,1.0,0
1.0808,60,0,0.2534,4567.0,6,0,1,0,1.0,0
4.433,39,0,0.6882,9631.0,9,0,1,0,0.0,0
0.072,46,0,0.0787,5599.0,2,0,2,0,,0
0.2277,49,0,0.2101,10015.0,6,0,0,0,0.0,0
0.4237,41,0,0.286,,10,0,1,0,2.0,0
0.6414,36,0,0.4306,10314.0,15,0,2,0,0.0,0
0.268,74,0,0.4856,6019.0,13,0,1,0,1.0,0
0.9331,37,0,0.1086,15794.0,12,0,1,0,0.0,0
0.3356,48,0,0.2355,,10,0,0,0,0.0,0
0.166,38,0,0.2999,,12,0,1,0,1.0,0
0.4623,43,4,0.1631,5472.0,7,0,2,0,0.0,0
1.4817,32,0,0.6155,3806.0,8,0,1,0,2.0,0
0.3745,34,0,0.1395,2793.0,9,0,0,0,1.0,0
0.2517,47,0,0.1063,3382.0,10,0,0,0,0.0,0
0.1963,47,0,0.1829,2729.0,8,0,1,0,0.0,0
0.426,56,0,0.284,,4,0,0,0,3.0,0
0.4757,81,0,0.5788,9146.0,4,0,1,0,0.0,0
1.6709,55,2,0.6736,,7,0,2,0,2.0,0
0.7209,45,0,0.6658,,6,0,1,0,2.0,0
0.6743,21,0,0.4574,3699.0,5,0,0,0,,0
0.3821,34,1,0.7894,3367.0,11,0,2,2,1.0,0
0.5171,77,0,0.2424,,9,0,1,0,0.0,0
0.3374,62,0,0.2247,4849.0,11,0,1,0,3.0,0
3.2621,56,0,0.3162,,6,0,3,0,1.0,0
0.1123,60,0,0.6691,4622.0,6,0,2,0,0.0,0
0.0823,36,0,0.1315,3731.0,8,0,1,0,1.0,0
0.074,57,0,0.6378,8040.0,8,0,2,0,0.0,0
0.635,49,0,0.6754,14540.0,6,0,0,0,0.0,0
0.3945,68,0,0.5663,16775.0,10,0,0,0,0.0,0
0.2623,50,0,0.3711,5156.0,11,0,2,0,1.0,0
0.1592,41,0,0.3164,,7,0,0,0,1.0,0
0.7272,56,0,1.1865,3530.0,9,0,1,0,2.0,1
6.4789,46,0,0.9608,4471.0,6,0,0,0,0.0,0
0.4937,60,1,0.4125,5795.0,8,0,2,1,0.0,0
2.0377,52,0,0.723,2090.0,10,0,0,0,0.0,0
0.1849,66,0,1.0828,2991.0,9,0,1,0,0.0,0
0.1841,39,0,0.1711,,6,0,1,0,1.0,0
0.0041,74,0,0.3352,4054.0,6,0,0,0,1.0,0
0.2205,57,0,0.5344,2285.0,7,0,2,0,0.0,0
0.2071,52,0,0.4431,1748.0,10,0,0,0,0.0,0
2.3535,66,0,0.1812,4584.0,11,0,0,0,,0
0.4585,62,0,0.4455,,5,0,2,0,0.0,0
0.2996,61,0,0.5677,8894.0,9,0,0,0,0.0,0
3.1992,58,0,0.3462,7967.0,8,0,0,0,2.0,0
0.2896,62,0,0.6707,4611.0,11,0,2,0,1.0,0
0.3781,49,0,0.3097,,7,0,3,0,1.0,0
2.105,60,0,0.195,8398.0,10,0,2,0,0.0,0
0.0262,44,0,0.4529,7691.0,6,0,1,0,,0
0.2253,41,0,0.3944,2571.0,13,0,0,0,0.0,0
0.1049,45,0,0.9426,3393.0,8,0,2,0,0.0,0
3.4157,28,0,0.9786,,4,0,0,0,0.0,1
5.1954,35,0,0.0595,,8,0,1,0,2.0,0
0.0025,47,0,0.6055,,9,0,1,0,2.0,0
0.4774,29,0,0.2814,4576.0,5,0,0,0,1.0,0
0.1896,46,0,0.1886,,12,0,3,0,1.0,0
0.6152,64,0,0.071,2330.0,12,0,1,0,0.0,0
0.3219,47,0,0.4768,,9,0,1,0,1.0,0
0.4775,46,0,0.4489,,13,0,0,0,0.0,0
0.3009,50,0,0.2812,10992.0,11,0,4,0,2.0,0
0.086,21,0,0.4584,6390.0,13,0,1,0,2.0,0
1.6141,53,0,0.1316,,10,0,2,0,0.0,0
0.14,62,0,0.3534,6987.0,9,0,3,0,0.0,0
1.2964,65,0,0.5266,7426.0,8,0,0,0,1.0,0
2.0395,45,0,0.1669,14060.0,11,0,2,0,1.0,0
0.2653,72,0,0.2213,2712.0,6,0,2,0,0.0,0
0.1762,55,0,0.4259,2810.0,10,0,1,0,0.0,0
0.6185,66,0,0.3959,3407.0,6,0,2,0,1.0,0
0.6592,47,0,0.2917,6454.0,11,0,1,0,1.0,0
0.0652,72,0,1.2504,28386.0,12,0,2,0,0.0,0
0.136,45,0,0.549,10335.0,7,0,2,0,,0
0.1068,57,0,0.3738,,7,0,1,0,0.0,0
0.6617,52,0,0.1534,6674.0,13,0,2,0,1.0,0
0.2239,34,0,0.3877,4968.0,7,0,2,0,1.0,0
0.8119,74,0,0.3751,13645.0,11,0,1,0,0.0,0
0.0233,47,0,0.1809,11929.0,8,0,2,0,2.0,0
0.4624,35,0,0.0882,,12,0,2,0,1.0,0
0.5352,40,0,0.8487,4852.0,10,0,0,0,1.0,0
0.9211,63,0,0.2282,3856.0,6,0,1,0,1.0,0
0.4215,75,0,0.3494,,8,0,1,0,0.0,0
0.112,39,0,0.0983,,7,0,1,0,2.0,0
0.4875,58,0,0.1912,8779.0,7,0,0,0,0.0,0
0.1562,45,0,0.3106,4586.0,7,0,3,0,1.0,0
0.5464,21,0,0.7401,4530.0,10,0,0,0,0.0,0
2.5045,62,0,0.7297,,8,0,0,0,1.0,0
0.3324,37,0,0.5076,7321.0,8,0,1,0,0.0,0
0.2493,62,0,0.6041,,9,0,0,0,1.0,0
1.6187,60,0,0.4031,10384.0,8,0,1,0,1.0,0
0.5733,46,0,0.4947,2865.0,15,0,2,0,0.0,0
6.6296,57,0,0.3749,22929.0,8,0,1,0,0.0,0
0.0186,64,0,0.1068,8430.0,7,0,2,0,0.0,0
0.2892,28,0,0.451,5430.0,7,0,0,0,2.0,0
0.0664,56,0,0.1967,3542.0,12,0,1,0,1.0,0
1.955,59,0,0.1262,19878.0,5,0,0,0,2.0,1
0.6497,49,0,0.194,,4,0,0,0,0.0,0
0.9802,74,0,0.1832,13033.0,5,0,0,0,1.0,0
0.1386,55,0,0.0893,4639.0,6,0,1,0,1.0,0
0.4018,83,0,0.4077,,4,0,2,0,0.0,0
0.1908,73,0,0.8337,,7,0,1,0,0.0,0
0.305,78,0,0.8657,4355.0,4,0,0,0,1.0,0
0.3591,63,0,0.066,4801.0,4,0,0,0,1.0,0
0.6752,68,0,0.726,5735.0,13,0,0,0,0.0,0
0.2635,49,0,0.8321,10583.0,5,0,1,0,0.0,0
0.1385,82,0,0.9379,5064.0,11,0,1,0,0.0,0
0.1774,37,0,0.981,18133.0,8,0,2,0,1.0,0
0.8688,78,0,0.7145,,6,0,0,0,2.0,1
0.2197,50,0,0.2042,8198.0,8,0,1,0,1.0,0
0.3771,33,0,0.6971,9760.0,11,0,0,0,1.0,0
1.0914,61,0,0.8237,10304.0,6,0,0,0,0.0,0
0.3145,51,0,1.0634,2326.0,12,0,0,0,0.0,0
0.5895,61,3,0.1779,,9,0,2,0,1.0,0
0.9414,80,0,0.3171,5759.0,8,0,1,0,0.0,0
0.2291,36,0,0.1413,3538.0,7,0,2,0,2.0,0
0.1973,74,0,0.3076,3889.0,6,0,1,0,1.0,0
0.3393,63,0,0.8086,6439.0,9,0,1,0,0.0,0
0.2363,64,0,0.3056,5322.0,8,0,0,0,1.0,0
0.0632,27,0,0.5615,4925.0,7,0,0,0,1.0,0
0.4077,60,0,0.7133,3706.0,10,0,1,0,0.0,0
0.6267,68,0,0.6769,11822.0,7,0,1,0,0.0,0
0.0138,81,0,1.0309,4174.0,8,0,1,0,0.0,0
0.1038,31,0,0.8424,3803.0,15,0,0,0,,0
0.382,48,0,0.6184,4233.0,1,0,1,0,0.0,0
0.7281,91,0,0.2766,16287.0,7,0,0,0,1.0,0
1.0532,23,0,0.0755,6637.0,10,0,0,0,1.0,0
0.3343,69,0,0.3143,3541.0,11,0,0,0,0.0,0
0.2737,57,0,0.2713,7837.0,5,0,1,0,3.0,0
0.0515,43,0,0.7029,,5,0,0,0,0.0,0
5.1286,47,0,0.3092,3195.0,14,0,1,0,0.0,0
0.6916,88,0,0.7938,4566.0,4,0,0,0,0.0,1
0.6325,65,0,0.4391,8410.0,6,0,0,0,0.0,0
0.5827,51,0,0.32,3771.0,8,0,4,0,0.0,0
0.0266,42,0,0.3351,5762.0,6,0,0,0,0.0,0
0.2684,65,0,0.1363,2446.0,5,0,0,0,0.0,0
0.6912,48,0,0.9606,3088.0,12,0,1,0,2.0,0
0.2357,40,0,0.6695,6263.0,6,0,0,0,1.0,0
0.0671,50,0,0.2262,7596.0,9,0,1,0,0.0,0
0.4102,59,0,0.786,16802.0,10,0,1,0,0.0,0
0.398,50,0,0.6892,9868.0,6,0,1,0,1.0,0
0.1273,78,0,0.3402,13888.0,10,0,2,0,0.0,1
0.0003,64,0,0.3463,2616.0,7,0,0,0,0.0,0
0.391,49,0,0.3187,,12,0,1,0,1.0,0
0.3647,64,0,0.8092,7941.0,10,0,0,0,0.0,0
0.1436,48,0,0.5703,3086.0,10,0,2,0,0.0,0
0.0653,50,0,0.5547,11484.0,8,0,0,0,1.0,0
0.1219,53,1,0.3603,4083.0,5,0,1,0,0.0,0
0.1673,46,0,0.5236,3124.0,8,0,2,0,1.0,0
0.7121,68,2,0.3966,14513.0,4,0,0,0,1.0,0
3.5458,67,0,0.1022,5508.0,4,0,0,0,2.0,0
1.945,39,0,0.429,2542.0,9,0,1,0,2.0,0
8.7699,76,0,0.1596,5613.0,8,0,1,0,1.0,0
0.6584,60,0,0.44,3465.0,6,0,0,0,1.0,0
0.2642,23,0,0.3821,,5,0,2,0,1.0,0
0.0416,55,0,0.5047,2183.0,7,0,0,0,0.0,0
1.3463,61,0,0.1598,6397.0,7,0,0,0,3.0,0
0.2913,42,0,0.7775,4670.0,7,0,0,0,1.0,0
0.7419,86,0,0.2988,,11,0,1,0,0.0,0
0.1933,40,0,0.282,7366.0,2,0,1,0,2.0,0
0.2139,60,0,0.7538,4708.0,7,0,1,0,0.0,0
0.6225,42,0,0.4369,5477.0,15,0,0,0,1.0,0
0.1666,43,0,0.2214,,7,0,2,0,1.0,0
0.5744,54,0,0.2849,4370.0,8,0,0,0,1.0,0
0.3488,41,0,0.4399,2030.0,4,0,1,0,2.0,0
0.7816,47,0,0.0466,4057.0,10,0,0,0,1.0,0
1.0054,43,0,0.5713,5908.0,14,0,0,0,0.0,0
0.0307,30,0,0.0289,6710.0,9,0,1,0,0.0,0
0.0125,48,0,0.5563,19935.0,5,0,1,0,1.0,0
0.4501,81,0,0.289,2709.0,9,0,2,0,,0
0.7755,44,0,0.8036,5053.0,6,0,1,0,0.0,0
0.1772,51,0,0.2651,7124.0,6,0,3,0,2.0,0
0.691,53,0,0.6625,,10,0,0,0,0.0,0
0.0498,76,0,0.1667,6584.0,8,0,0,0,0.0,0
6.1952,58,0,0.3215,8539.0,12,0,1,0,0.0,0
0.216,39,0,0.4769,3522.0,9,0,0,0,,0
0.3046,28,0,0.0581,3515.0,3,0,0,0,0.0,0
0.7803,39,0,0.0972,5072.0,7,0,2,0,2.0,0
0.2269,54,0,0.5959,2101.0,5,0,0,0,0.0,0
0.3196,35,0,0.957,3278.0,9,0,0,0,1.0,0
0.7826,71,0,0.2951,,8,0,1,0,0.0,0
0.4191,47,0,0.1065,7219.0,6,0,1,0,0.0,0
0.2334,71,0,0.1067,4465.0,9,0,1,0,1.0,0
0.214,47,0,0.5998,3557.0,11,0,0,0,,0
0.2111,40,0,0.3038,36656.0,7,0,0,0,1.0,0
0.2433,38,0,0.824,3254.0,8,0,1,0,2.0,0
0.6713,59,0,0.4213,,10,0,3,0,0.0,0
0.7026,70,0,0.1464,3526.0,8,0,1,0,0.0,1
0.0634,58,0,0.6512,16147.0,2,0,0,0,0.0,0
0.6208,35,0,0.8037,11860.0,12,0,0,0,2.0,0
0.7316,53,0,1.2211,,9,0,1,0,1.0,0
0.4065,50,0,0.5463,8544.0,5,0,1,0,0.0,0
0.4862,22,0,0.6568,15029.0,9,0,1,0,0.0,0
0.0392,53,0,0.3632,5918.0,4,0,1,0,0.0,0
0.3366,64,0,0.7608,13781.0,7,0,1,0,0.0,0
0.1837,75,0,0.0855,7600.0,1,0,2,0,1.0,1
0.0848,63,0,0.0687,8116.0,6,0,2,0,1.0,0
0.7831,30,0,0.743,7339.0,9,0,1,0,2.0,0
4.4105,40,0,0.433,12538.0,6,0,0,0,1.0,0
0.0919,65,0,0.6602,8890.0,9,0,3,0,0.0,0
0.2784,36,0,1.0019,1902.0,8,0,1,0,1.0,0
0.9763,60,0,0.7437,4073.0,5,0,0,0,0.0,0
0.27,45,0,0.3336,1584.0,10,0,0,0,1.0,0
4.7971,51,0,0.75,1325.0,8,0,1,0,2.0,0
0.6079,36,0,0.1964,4468.0,7,0,0,0,2.0,0
0.2522,57,0,0.6039,7474.0,5,0,5,0,1.0,0
0.0896,46,0,0.8106,11020.0,12,0,2,0,1.0,0
0.6426,77,0,0.6275,,10,0,0,0,0.0,0
0.0985,46,0,0.5314,3503.0,11,0,1,0,0.0,0
0.0966,85,0,0.1868,4099.0,10,0,0,0,0.0,0
0.6391,59,0,1.1354,,10,0,2,0,0.0,0
2.4412,49,0,0.7511,7489.0,8,0,1,0,0.0,0
0.7088,42,0,0.4861,2062.0,8,0,0,0,1.0,1
0.4312,49,0,0.6627,3819.0,4,0,1,0,0.0,0
0.7813,46,1,0.8738,5194.0,7,1,0,0,0.0,0
2.2561,52,0,0.6958,,7,0,0,0,0.0,1
0.2143,49,0,0.5627,3794.0,7,0,1,0,2.0,0
0.0546,74,0,0.5406,,6,0,0,0,1.0,0
0.4779,62,0,0.5427,3757.0,7,0,0,0,2.0,0
0.0473,66,0,0.5624,5527.0,7,0,2,0,3.0,0
0.0092,69,0,0.6266,,5,0,0,0,0.0,0
3.6671,46,0,0.4179,8490.0,8,0,1,0,2.0,0
0.9928,35,0,0.8954,1270.0,6,0,0,0,2.0,0
0.1254,58,0,0.109,4513.0,9,0,2,0,0.0,0
0.5909,52,0,0.6867,4044.0,10,0,2,0,0.0,0
0.2275,50,0,0.4064,2598.0,8,0,0,0,0.0,0
3.8349,85,4,0.113,,7,0,1,1,1.0,0
0.2089,60,0,0.5547,3816.0,9,0,3,0,1.0,0
0.6447,38,0,0.9485,10919.0,6,0,2,0,0.0,0
1.2969,56,0,0.955,8571.0,10,0,0,0,1.0,0
0.201,59,0,0.515,,5,0,1,0,0.0,0
0.6713,42,0,0.6404,,12,0,0,0,0.0,0
0.5898,63,0,0.3438,11994.0,1,0,1,0,0.0,0
0.213,36,0,0.9718,6967.0,8,0,3,0,1.0,0
0.066,41,0,0.6952,3437.0,8,0,1,0,1.0,0
0.3959,48,0,0.2292,5754.0,7,0,1,0,0.0,0
0.2922,46,0,0.5051,5033.0,9,0,0,0,0.0,0
0.2256,54,2,1.1369,7493.0,7,0,0,1,3.0,0
0.06,42,0,0.1377,,11,0,0,0,0.0,0
0.0864,58,1,0.4393,9487.0,5,0,2,0,2.0,0
0.9221,57,3,0.7736,1885.0,11,0,1,0,1.0,0
0.328,21,0,0.2464,7100.0,7,0,0,0,4.0,0
1.3873,71,0,0.2739,,10,0,1,0,0.0,0
0.2289,59,0,0.26,4261.0,9,0,0,0,3.0,0
0.2374,50,0,0.0614,15444.0,12,0,4,0,1.0,0
1.125,40,0,0.6725,8813.0,3,0,0,0,0.0,0
0.7024,62,0,0.2358,13512.0,8,0,1,0,0.0,0
0.413,43,0,0.5307,3793.0,7,0,0,0,0.0,0
0.7821,46,0,0.7545,,9,0,0,0,1.0,0
1.6093,48,0,0.5519,14886.0,7,0,2,0,,0
0.5703,47,0,0.6813,3524.0,8,0,3,0,0.0,0
0.5652,48,0,0.7576,,7,0,4,0,0.0,1
0.6313,29,0,0.2914,6681.0,10,0,0,0,3.0,0
0.5744,58,0,0.7212,16476.0,5,0,0,0,2.0,0
0.0128,40,0,0.246,,6,0,3,0,1.0,0
0.1602,50,0,0.4923,,10,0,0,0,0.0,0
0.2553,45,0,1.0956,,8,0,0,0,0.0,0
0.3096,52,0,0.7022,10362.0,9,0,0,0,0.0,0
0.1879,49,0,0.2303,7628.0,6,0,0,0,1.0,0
0.7485,46,0,0.571,3739.0,6,0,2,0,2.0,0
3.1292,54,0,0.4937,,12,0,1,1,0.0,0
2.0583,64,2,0.1623,5156.0,10,0,0,0,0.0,0
0.0703,56,0,0.8471,7953.0,10,0,1,0,0.0,0
0.3859,67,0,0.5828,3142.0,11,0,1,0,0.0,0
1.5742,69,0,0.3717,23017.0,4,0,1,0,1.0,0
0.5833,46,0,0.6552,2782.0,8,0,1,0,0.0,0
12.2352,75,0,0.1256,3470.0,7,0,0,0,0.0,1
0.3998,46,0,0.9898,17631.0,7,0,0,0,0.0,0
0.2952,34,0,0.0685,13585.0,5,0,0,0,0.0,0
0.0714,55,0,0.4049,6054.0,8,0,0,0,0.0,0
0.9514,60,0,0.5624,,9,0,1,0,2.0,0
0.5761,80,0,0.615,,9,0,0,0,0.0,1
0.4085,64,0,0.4142,5086.0,5,0,2,0,1.0,0
1.0148,70,0,0.4288,7169.0,7,0,2,0,0.0,1
6.5484,70,0,0.513,16163.0,8,0,0,0,0.0,0
0.979,44,0,0.508,25607.0,8,0,1,0,1.0,0
0.0988,59,0,0.3605,4390.0,7,0,1,0,1.0,0
0.5281,43,0,0.4811,,9,0,0,0,1.0,0
0.2731,54,0,0.1775,4343.0,7,0,2,0,3.0,0
0.2693,53,0,0.7901,9660.0,8,0,0,0,1.0,0
0.1698,57,0,0.6776,5828.0,8,0,0,0,0.0,0
0.0169,75,0,0.5446,9042.0,15,0,0,0,0.0,0
0.3586,71,0,0.0857,9394.0,8,0,1,0,1.0,0
0.2771,52,0,0.3016,,4,0,1,0,0.0,0
0.5184,47,0,1.2732,,10,0,1,0,2.0,1
0.3619,69,0,0.3977,7876.0,11,0,1,0,1.0,0
0.7856,55,0,0.5298,14283.0,9,0,2,0,,0
0.1681,71,0,0.3677,1410.0,11,0,1,0,2.0,0
0.7506,21,1,0.6887,3443.0,8,0,0,1,1.0,0
0.7412,53,0,0.2901,,11,0,2,0,0.0,0
0.3635,70,0,0.6791,8611.0,9,0,1,0,0.0,0
0.0628,35,0,0.8314,17470.0,12,0,0,0,1.0,0
0.054,31,0,1.1371,,8,0,0,0,0.0,0
0.5774,32,0,1.114,4693.0,2,0,0,0,1.0,1
0.3307,54,0,0.9629,,8,0,1,0,1.0,0
0.5627,43,0,0.5186,5192.0,9,0,0,0,2.0,0
3.0024,58,0,0.5204,3183.0,4,0,2,0,1.0,0
0.5089,66,0,1.0077,,12,0,0,0,1.0,0
1.5913,43,0,0.3035,4383.0,4,0,1,0,0.0,0
0.3389,59,0,0.3629,17126.0,8,0,1,0,2.0,0
0.7177,53,0,0.5178,,7,0,1,0,1.0,1
0.1845,24,0,0.2321,,12,0,3,0,0.0,0
0.0844,39,0,0.5111,3422.0,6,0,1,0,0.0,0
2.6627,59,0,0.3068,2520.0,10,0,0,0,0.0,0
1.9053,60,0,0.4165,,7,0,1,0,0.0,0
2.5592,32,0,0.411,2432.0,14,0,0,0,1.0,0
0.3628,50,0,0.4973,5301.0,5,0,1,0,0.0,0
0.006,22,0,0.5282,3966.0,4,0,0,0,0.0,0
0.3229,52,0,0.1349,,8,0,1,0,0.0,0
0.5695,60,0,0.7739,4226.0,6,0,1,0,0.0,0
0.4568,30,0,0.3516,6717.0,6,0,2,0,0.0,0
0.716,38,0,0.2793,2759.0,5,0,1,0,1.0,0
1.4122,33,0,0.1857,,16,0,2,0,,0
0.6742,55,0,0.5122,5739.0,10,0,0,0,0.0,0
0.1749,63,0,0.4408,4848.0,3,0,0,0,0.0,0
7.294,75,0,0.4699,3108.0,7,0,0,0,0.0,1
0.4136,31,0,0.3865,2801.0,4,0,1,0,0.0,0
0.5568,51,0,0.3357,2980.0,13,0,1,0,0.0,0
0.4924,66,0,0.4824,5623.0,12,0,2,0,0.0,0
2.9836,56,0,0.3669,,12,0,0,0,,0
0.256,33,0,0.2865,3902.0,11,0,1,0,0.0,0
0.7525,49,0,0.4944,,11,0,2,0,1.0,0
0.5037,66,0,0.1363,4922.0,3,0,0,0,1.0,1
0.2189,52,0,0.1933,4024.0,3,0,0,0,,0
0.7436,62,0,0.1049,,11,0,0,0,3.0,0
0.5683,65,0,0.4347,6477.0,8,0,1,0,1.0,0
0.3925,32,0,0.4264,4931.0,7,0,1,0,2.0,0
0.241,40,0,0.4508,,9,0,0,0,1.0,0
0.1603,42,1,0.1315,4515.0,9,0,1,0,2.0,0
0.9328,50,0,0.1891,2359.0,9,0,0,0,0.0,0
0.4908,51,0,0.3107,881.0,9,0,1,0,3.0,0
0.4339,65,0,0.3041,2382.0,9,0,0,0,2.0,0
0.2491,41,0,0.2205,8230.0,7,0,4,0,1.0,0
0.2424,73,0,0.7038,,10,0,2,0,,0
1.8659,72,0,0.0985,9404.0,6,0,2,0,0.0,0
1.9412,65,0,0.5101,6267.0,4,0,0,0,0.0,0
0.3818,76,0,0.6279,5037.0,10,0,1,0,0.0,0
0.2784,49,0,0.594,3031.0,8,0,0,0,1.0,0
0.6843,31,0,0.4058,8783.0,7,0,1,0,0.0,0
0.5417,34,0,0.1679,4419.0,10,0,0,0,1.0,0
0.9118,55,0,0.7044,9929.0,10,0,0,0,1.0,0
0.3044,47,0,0.791,2872.0,9,0,0,0,2.0,0
0.1304,42,0,0.1866,5174.0,11,0,1,0,0.0,0
0.6705,63,0,0.514,13612.0,8,0,1,0,0.0,0
1.5959,50,1,0.5339,2445.0,6,0,2,0,1.0,0
1.7563,34,0,1.1487,6992.0,8,0,0,0,1.0,0
0.5655,35,0,1.1521,4004.0,7,0,1,0,1.0,1
3.5992,66,0,1.268,5713.0,11,0,2,0,0.0,0
0.4898,32,0,0.24,2867.0,7,0,0,0,1.0,0
0.3718,33,0,0.5812,2541.0,8,0,2,0,0.0,0
0.384,68,0,0.3288,10666.0,9,0,0,0,0.0,0
0.3544,63,0,0.6575,4402.0,5,0,2,0,1.0,0
1.1009,73,0,0.2618,13938.0,9,0,0,0,2.0,0
3.4346,64,0,0.2796,7291.0,8,0,1,0,0.0,0
0.5429,60,0,0.275,2424.0,7,0,0,0,1.0,0
1.0049,56,0,0.1165,3433.0,13,0,1,0,0.0,0
0.4413,56,0,1.0245,9386.0,9,0,0,0,1.0,0
0.3146,67,0,0.4364,,10,0,0,0,0.0,0
0.0272,40,0,0.6382,3048.0,14,0,1,0,1.0,0
0.3054,48,0,0.7117,15485.0,6,0,0,0,1.0,0
0.1173,37,0,0.6569,6261.0,11,0,3,0,0.0,0
0.2664,55,0,0.3917,,6,0,1,0,0.0,0
0.0949,62,0,0.3403,9181.0,9,0,1,0,1.0,0
0.399,59,0,0.3928,4506.0,7,0,1,0,0.0,0
1.3113,38,0,0.0779,5744.0,11,0,0,0,0.0,0
0.4573,68,0,0.5077,1269.0,10,0,2,0,0.0,0
0.0781,43,0,0.8056,6087.0,4,0,1,0,1.0,0
0.9194,48,0,0.2283,,5,0,0,0,0.0,0
0.9594,66,0,0.2711,10368.0,9,0,1,0,1.0,0
0.647,53,0,0.6055,6529.0,12,0,2,0,0.0,0
1.0771,49,0,0.4823,5253.0,9,0,3,0,0.0,0
0.2603,87,0,0.6521,5053.0,6,0,2,0,0.0,0
0.1979,57,0,0.2454,4284.0,10,0,2,0,0.0,0
0.3858,53,0,0.6373,9141.0,5,0,0,0,1.0,0
0.9081,49,4,0.452,2247.0,6,0,1,0,2.0,0
0.4176,47,0,0.4549,3213.0,11,0,0,0,0.0,0
0.4417,53,0,0.1359,11254.0,10,0,2,0,1.0,0
0.2007,41,0,0.1999,2299.0,6,0,0,0,1.0,0
0.2624,41,0,0.5278,,5,0,0,0,2.0,0
0.1821,46,0,0.4271,,6,0,2,0,1.0,0
1.3314,62,0,0.9153,,13,0,0,0,1.0,0
0.0256,66,0,0.4621,4159.0,5,0,2,0,2.0,0
0.2803,27,0,0.2405,,6,0,3,0,0.0,0
0.4403,56,0,0.328,3770.0,6,0,0,0,0.0,0
4.1859,50,0,0.3294,4135.0,7,0,1,0,3.0,0
0.2639,88,0,0.7604,2320.0,10,0,1,0,1.0,0
0.6448,49,0,0.9985,5202.0,12,0,1,0,1.0,0
0.1607,36,0,0.2993,7638.0,9,0,0,0,1.0,0
0.2955,63,0,0.5007,10649.0,7,0,2,0,,0
0.3951,62,0,0.3003,6871.0,7,0,1,0,1.0,0
0.4947,49,0,1.0199,5594.0,3,0,2,0,1.0,0
4.3422,58,0,0.1306,,5,0,1,0,1.0,0
0.0284,68,0,0.3142,2244.0,6,0,1,0,0.0,0
0.6397,70,0,0.7663,6399.0,4,0,1,0,1.0,0
0.4167,60,0,0.5781,4331.0,12,0,0,0,2.0,0
1.8212,43,2,0.0919,,11,0,1,0,2.0,0
0.4492,34,0,0.2256,1753.0,11,0,0,0,0.0,0
0.2464,43,0,0.2036,4314.0,9,0,2,0,,0
0.788,66,0,0.2488,11955.0,11,0,1,0,5.0,0
0.1529,60,0,0.5486,7749.0,10,0,0,0,0.0,0
0.3527,26,0,0.1613,10270.0,5,0,0,0,2.0,0
0.2434,25,0,0.4267,7764.0,9,0,1,0,0.0,0
0.62,21,1,0.4641,1777.0,8,1,0,0,1.0,0
0.1508,59,0,0.2484,6076.0,10,0,1,0,2.0,0
0.4357,47,0,0.52,3797.0,9,0,0,0,0.0,0
0.1068,47,1,0.2268,5705.0,8,1,1,0,2.0,0
0.4001,51,0,0.7607,3463.0,7,0,0,0,1.0,0
0.0146,46,0,0.3912,9739.0,5,0,1,0,1.0,0
9.3125,44,0,0.5187,,13,0,0,0,2.0,0
3.2614,72,0,0.6656,4689.0,8,0,1,0,2.0,1
0.5812,63,0,0.7206,9829.0,7,0,3,0,1.0,0
0.0875,65,0,0.2872,11756.0,7,0,0,0,2.0,0
0.1903,74,0,1.3009,8328.0,9,0,1,0,0.0,0
0.5875,68,0,0.3841,1290.0,8,0,3,0,1.0,0
1.3763,38,0,0.0862,12103.0,5,0,0,0,1.0,0
0.2275,60,0,0.5945,5476.0,8,0,0,0,1.0,0
0.8273,26,0,0.4535,12717.0,9,0,1,0,1.0,0
0.5657,41,0,0.8429,7976.0,3,0,0,0,3.0,0
0.0774,66,0,0.4313,11889.0,14,0,0,0,1.0,0
0.4969,43,0,0.4404,9072.0,11,0,1,0,0.0,0
0.7074,58,0,0.4388,2896.0,4,0,1,0,2.0,0
0.2912,75,0,0.1385,3301.0,3,0,1,0,1.0,0
0.2354,51,0,0.3987,,6,0,0,0,1.0,0
0.7853,48,0,0.0973,3961.0,11,0,2,0,0.0,0
0.3917,48,0,0.0059,8016.0,7,0,0,0,2.0,1
0.1441,47,0,0.2721,3223.0,10,0,0,0,0.0,0
0.3272,46,0,1.0744,,10,0,0,0,0.0,0
0.0978,50,0,0.623,,3,0,1,0,1.0,0
0.2213,57,0,0.1626,13141.0,8,0,0,0,1.0,0
0.7662,48,0,1.1735,2371.0,6,0,2,0,3.0,0
0.362,48,0,0.67,6507.0,5,0,1,0,0.0,0
0.4789,53,0,0.6098,7452.0,14,0,0,0,0.0,0
0.6413,36,0,0.7885,3389.0,14,0,0,0,0.0,0
0.402,49,0,0.7396,3159.0,10,0,0,0,0.0,0
0.7802,61,0,0.7561,,4,0,1,0,4.0,0
0.1032,36,0,0.5747,5645.0,9,0,0,0,0.0,0
0.154,59,0,0.672,5134.0,11,0,0,0,1.0,0
0.2031,62,0,0.3318,,5,0,1,0,1.0,0
8.0112,77,0,0.3638,6551.0,8,0,0,0,0.0,0
0.558,57,0,0.3985,,14,0,0,0,1.0,0
8.8127,42,0,0.5263,,6,0,3,0,2.0,0
0.2415,51,0,0.4859,2286.0,8,0,0,0,1.0,0
0.4413,45,0,0.4239,8037.0,9,0,0,0,2.0,0
0.3209,49,0,0.3618,9269.0,9,0,0,0,0.0,0
1.0893,34,0,0.5094,,9,0,1,0,0.0,0
0.2211,51,0,0.0512,2120.0,7,0,1,0,1.0,0
0.5301,70,0,0.7967,7446.0,5,0,2,0,1.0,0
1.1195,71,0,1.1734,4665.0,12,0,3,0,2.0,0
0.484,61,0,0.2053,10257.0,12,0,0,0,0.0,0
10.7095,41,0,0.2506,4356.0,9,0,2,0,0.0,0
0.2446,59,0,0.3874,12657.0,4,0,1,0,0.0,1
1.3989,49,0,0.472,7160.0,7,0,0,2,0.0,0
1.6375,48,0,0.0165,6033.0,10,0,2,0,1.0,0
0.7492,69,0,0.5462,5567.0,8,0,0,0,0.0,0
0.282,48,0,0.4381,14574.0,9,0,1,0,2.0,0
0.4582,47,0,0.9647,,8,0,0,0,0.0,0
0.3565,59,0,0.6909,11018.0,6,0,1,0,1.0,0
0.6137,33,3,0.6337,3411.0,7,1,0,0,0.0,0
0.17,50,0,0.7468,7125.0,10,0,0,0,0.0,0
0.3958,70,0,0.2434,7456.0,15,0,2,0,3.0,0
0.0678,73,0,0.2002,8612.0,8,0,0,0,3.0,0
8.6895,40,0,0.7832,5229.0,10,0,0,0,1.0,0
3.4697,38,0,0.2568,4021.0,7,0,1,0,1.0,0
0.747,44,0,0.4982,3072.0,9,0,1,0,2.0,0
0.0872,21,0,0.5552,,3,0,0,0,2.0,0
0.5204,76,0,0.6827,7718.0,9,0,2,0,0.0,0
0.7961,62,0,0.6315,2392.0,3,0,1,0,1.0,0
4.2133,37,2,0.3466,8085.0,13,0,1,0,2.0,0
0.0653,33,0,0.4566,2833.0,5,0,0,0,0.0,0
0.2968,52,1,1.1159,3635.0,9,0,0,2,2.0,0
0.9712,57,0,0.4925,6889.0,11,0,0,0,2.0,0
0.0161,81,0,0.2359,2259.0,12,0,2,0,1.0,0
0.0343,45,0,0.9629,8775.0,4,0,4,0,2.0,0
0.81,55,2,0.3624,,5,0,0,0,1.0,0
1.6851,46,0,0.065,,6,0,2,0,1.0,0
0.1613,50,0,0.9173,,6,0,0,0,1.0,0
0.7267,79,0,0.0665,18757.0,6,0,0,0,0.0,0
0.1057,91,0,0.3921,,13,0,3,0,1.0,0
3.749,62,0,0.1368,,13,0,2,0,0.0,0
1.3493,34,0,0.4901,9880.0,14,0,3,0,3.0,0
0.2877,65,0,0.326,4503.0,8,0,2,0,,0
0.0195,53,0,0.4529,,5,0,1,0,0.0,0
0.5468,56,0,0.3456,6849.0,9,0,2,0,4.0,0
0.5834,50,0,0.3896,7336.0,9,0,1,0,1.0,0
0.2121,44,0,0.2902,3550.0,6,0,0,0,1.0,0
0.4665,59,0,0.5017,3224.0,9,0,1,0,1.0,0
0.6944,44,0,0.2229,4318.0,7,0,0,0,0.0,0
0.7289,48,0,0.2846,3032.0,9,0,0,0,0.0,0
0.2033,53,0,0.7354,2491.0,8,0,1,0,1.0,0
0.0958,56,0,0.5241,,8,0,1,0,1.0,0
1.6419,32,0,0.6339,6086.0,9,0,3,0,2.0,0
1.4501,57,0,0.7985,,5,0,0,0,1.0,0
0.3508,46,0,0.3293,,10,0,2,0,1.0,0
1.3233,60,1,0.9312,5268.0,11,0,0,1,1.0,0
0.4257,83,0,0.1421,2672.0,10,0,0,0,0.0,1
0.0257,40,0,0.7529,7072.0,8,0,1,0,0.0,0
0.0708,51,0,0.0906,2055.0,12,0,2,0,0.0,0
0.5868,47,0,0.6529,6702.0,8,0,2,0,0.0,0
0.8335,45,0,0.6168,9730.0,10,0,0,0,2.0,0
0.2105,36,0,0.2222,2339.0,7,0,0,0,1.0,0
0.388,54,0,0.4477,,7,0,0,0,3.0,0
0.1188,39,0,0.1908,10722.0,10,0,1,0,2.0,0
0.4629,75,0,0.7285,9584.0,9,0,0,0,1.0,0
0.3167,57,0,0.3596,2333.0,7,0,0,0,0.0,0
0.2726,35,0,0.4354,7387.0,12,0,2,0,2.0,0
0.3905,57,0,0.0526,,6,0,1,0,2.0,0
4.9227,54,0,0.9856,4788.0,4,0,1,0,1.0,0
0.0748,36,0,0.8488,7336.0,10,0,3,0,2.0,0
0.5537,52,0,0.6184,12726.0,6,0,0,0,1.0,0
0.6806,55,0,0.3597,,8,0,2,0,1.0,0
0.9486,82,0,0.8547,8783.0,5,0,0,0,1.0,0
0.4002,37,0,0.375,,14,0,0,0,0.0,0
0.0232,57,0,0.518,10376.0,5,0,0,0,0.0,0
11.9861,36,1,0.7718,,8,0,1,1,1.0,0
0.5328,47,0,0.2236,3587.0,5,0,3,0,1.0,0
0.3694,38,0,0.2741,4107.0,5,0,2,0,2.0,0
0.2009,72,0,0.3649,20729.0,6,0,2,0,1.0,0
4.3626,70,0,0.5764,7821.0,8,0,0,0,0.0,0
0.6133,68,0,0.357,1311.0,9,0,0,0,1.0,0
0.4676,43,0,0.4974,7022.0,4,0,1,0,0.0,0
0.4548,40,0,0.4996,4268.0,9,0,0,0,0.0,0
0.6407,52,0,0.5911,6651.0,12,0,1,0,1.0,0
0.7805,78,0,0.1529,7493.0,7,0,3,0,,0
0.2899,66,0,0.4862,7084.0,16,0,0,0,0.0,0
0.6291,87,0,0.6914,5006.0,7,0,1,0,1.0,1
0.3024,48,0,0.2272,9665.0,7,0,2,0,1.0,1
0.3441,52,0,0.3761,6046.0,10,0,0,0,1.0,0
1.0977,62,0,0.7188,3973.0,9,1,4,0,1.0,0
0.9798,51,0,0.1537,7033.0,12,0,0,0,1.0,0
0.2892,51,0,0.6363,,10,0,3,0,0.0,0
0.8302,38,0,0.5532,2349.0,5,0,4,0,2.0,0
1.0685,40,0,1.1464,1266.0,7,0,0,0,0.0,1
0.9973,84,0,0.1699,,4,0,0,0,1.0,0
0.2843,44,0,0.3128,,7,0,0,0,0.0,0
0.2788,68,0,0.3258,10804.0,10,0,0,0,0.0,0
0.8688,29,0,0.4629,4902.0,13,0,1,0,1.0,1
0.4648,53,0,0.3418,,6,0,2,0,1.0,0
0.1417,37,0,0.4473,,7,0,1,0,0.0,0
0.8301,49,0,0.5436,,7,0,1,0,1.0,0
0.4208,65,0,1.0725,8459.0,6,0,1,0,1.0,0
0.7874,48,0,0.1074,6861.0,9,0,0,0,1.0,0
0.303,79,1,0.7145,1789.0,10,2,2,0,1.0,0
1.0496,57,0,0.2226,5910.0,8,0,0,0,1.0,0
0.2702,55,0,0.5261,3675.0,12,0,1,0,1.0,0
0.4113,47,0,0.187,3328.0,4,0,0,1,0.0,0
0.1847,40,0,0.5169,5705.0,9,0,0,0,0.0,0
0.3162,42,1,0.2108,5804.0,12,1,1,0,3.0,0
0.1422,59,0,0.2873,,5,0,0,0,0.0,0
0.6186,41,0,0.5063,,6,0,1,0,0.0,0
0.3525,48,0,0.8367,4362.0,7,0,0,0,0.0,0
0.6427,47,0,0.6399,7070.0,8,0,3,0,2.0,0
0.1177,76,0,0.6109,3502.0,9,0,1,0,1.0,0
0.0256,54,0,1.2368,3885.0,11,0,1,0,1.0,0
0.0761,56,0,0.2677,7953.0,6,0,0,0,,0
0.3214,40,0,0.0532,,4,0,0,0,3.0,0
0.2449,40,0,0.5929,5457.0,5,0,1,0,0.0,0
0.0748,38,0,0.1741,15080.0,2,0,1,0,2.0,0
0.1891,50,0,0.9028,1974.0,17,0,0,0,1.0,0
0.0112,29,1,0.3484,,16,0,0,0,2.0,0
0.6403,63,0,0.8128,6309.0,6,0,3,0,3.0,0
0.4258,58,0,1.023,25941.0,15,0,0,0,1.0,0
3.1117,35,1,0.5966,9924.0,7,4,3,1,0.0,0
0.5622,49,0,0.6542,2683.0,8,0,2,0,0.0,0
0.3151,68,0,0.2557,12573.0,10,0,1,0,1.0,0
0.5467,51,0,0.5193,8031.0,9,0,0,0,0.0,0
0.5795,35,0,0.2151,12762.0,6,0,1,0,0.0,0
0.7265,69,0,0.0833,,9,0,0,0,,0
0.1033,66,0,0.3611,7463.0,6,0,0,0,0.0,0
0.0693,69,0,0.6651,4968.0,12,0,0,0,0.0,0
0.8367,38,0,0.1135,2963.0,8,0,0,0,1.0,0
0.0874,95,0,0.4385,18366.0,6,0,2,0,2.0,0
0.8457,57,0,0.2671,,7,0,4,0,0.0,0
0.0544,51,0,0.3966,5966.0,9,0,2,0,0.0,0
3.2621,56,1,0.3795,2625.0,7,0,1,0,0.0,0
0.3614,64,0,0.5952,11004.0,7,0,1,0,0.0,0
0.7332,74,0,0.3998,5248.0,6,0,2,0,0.0,0
2.1779,40,0,0.3078,10246.0,7,0,3,0,1.0,0
0.0659,47,0,0.7085,5263.0,8,0,1,0,1.0,0
0.3031,41,0,0.5863,3675.0,4,0,1,0,0.0,0
0.2348,29,2,0.7693,11213.0,11,0,1,0,1.0,1
0.0816,56,0,0.6835,8436.0,8,0,1,0,1.0,0
0.5179,65,0,0.571,,2,0,0,0,0.0,0
0.6734,41,0,0.3401,7247.0,11,0,1,0,0.0,0
8.3749,43,0,0.4555,4641.0,8,0,0,0,0.0,0
0.1641,43,0,0.8817,2922.0,6,0,0,0,1.0,0
0.1902,66,0,0.8504,2480.0,8,0,1,0,1.0,0
0.6738,45,0,0.7815,3613.0,5,0,1,0,1.0,1
1.0408,21,0,0.4469,4694.0,14,0,0,0,0.0,0
0.0306,53,0,0.2509,10236.0,9,0,1,0,0.0,0
0.2221,46,0,0.362,5096.0,9,0,0,0,0.0,0
0.4447,37,0,0.5469,,5,0,1,0,0.0,0
2.6038,52,0,0.615,7126.0,9,0,2,0,0.0,0
0.8968,55,0,0.2643,3470.0,4,0,1,0,1.0,0
0.1386,48,0,0.3757,,9,0,1,0,0.0,0
0.3193,50,0,0.2073,1839.0,5,0,0,0,0.0,0
0.1658,28,0,0.3705,,6,0,2,0,0.0,0
0.6299,38,0,0.9948,,10,0,0,0,0.0,0
1.2219,56,0,0.7314,26340.0,12,0,3,0,3.0,0
0.2232,62,0,0.1884,7996.0,4,0,0,0,2.0,0
3.0385,41,0,0.7443,8268.0,10,0,1,0,0.0,0
0.8156,78,0,0.6291,12507.0,6,0,4,0,2.0,0
1.0615,49,0,0.5863,4345.0,9,0,0,0,0.0,0
4.6572,42,0,0.2087,10005.0,9,0,2,0,3.0,0
0.687,54,0,0.4328,11006.0,6,0,1,0,0.0,0
7.8992,57,0,0.8475,11323.0,6,0,1,0,1.0,0
1.0189,53,2,0.4718,4551.0,14,0,1,0,0.0,0
0.3125,51,0,0.1979,8011.0,6,0,3,0,1.0,0
3.9736,60,0,0.3207,7081.0,10,0,0,0,3.0,0
0.0126,71,0,0.292,3449.0,11,0,0,0,1.0,0
0.6167,38,1,0.4501,5145.0,13,0,0,0,1.0,0
0.6764,40,0,1.2508,,8,0,0,0,0.0,1
0.3072,53,0,0.197,12247.0,5,0,1,0,3.0,0
0.1123,64,0,0.7329,13582.0,6,0,1,0,1.0,0
0.7792,26,0,0.7558,,12,0,0,0,0.0,0
0.2559,54,0,0.1013,7505.0,9,0,0,0,1.0,0
0.1658,75,0,0.546,4716.0,7,0,2,0,1.0,0
0.0262,56,0,0.5925,6006.0,15,0,1,0,2.0,0
0.2528,60,0,0.7269,5460.0,14,0,1,0,1.0,0
2.2146,53,0,0.2969,5940.0,10,0,2,0,0.0,0
0.1357,56,0,0.4863,10826.0,5,0,2,0,0.0,0
0.6089,62,0,0.4274,3465.0,3,0,2,0,3.0,0
0.4529,41,0,0.1798,,10,0,0,0,0.0,0
4.0446,33,0,0.2334,,12,0,1,0,1.0,0
0.5733,60,1,0.7713,,9,0,1,0,1.0,0
0.7625,53,0,0.4464,5060.0,9,0,0,0,0.0,0
0.0144,78,0,0.5235,2663.0,3,0,4,0,3.0,0
0.2541,32,0,0.1685,2653.0,6,0,2,0,1.0,0
0.3665,65,0,0.9112,,13,0,0,0,0.0,0
0.0885,38,0,0.4562,7485.0,3,0,0,0,1.0,0
0.7613,55,0,0.512,7153.0,8,0,0,0,1.0,0
0.218,61,0,0.7101,7439.0,8,0,0,0,0.0,0
0.1865,52,0,0.3307,6042.0,8,0,3,0,1.0,0
0.2776,53,0,0.3154,9068.0,8,0,1,0,0.0,0
0.7729,50,1,0.5207,4682.0,10,1,1,0,0.0,0
0.3159,53,0,0.4079,10116.0,8,0,0,0,0.0,0
0.6815,35,0,0.399,4255.0,10,0,1,0,0.0,0
0.1208,39,0,0.6846,6311.0,8,0,0,0,0.0,0
1.1776,52,1,0.1818,839.0,4,0,3,0,0.0,0
0.5091,53,0,1.1913,7779.0,7,0,1,0,3.0,0
0.363,51,0,1.1805,3698.0,7,0,2,0,0.0,0
0.8484,37,3,0.3159,,9,0,2,2,0.0,0
0.3289,66,0,0.1426,8481.0,6,0,1,0,1.0,0
0.2324,56,0,0.5272,15304.0,13,1,0,0,0.0,0
0.3148,56,0,0.5857,1223.0,8,0,1,0,2.0,0
0.689,52,0,0.2168,11324.0,13,0,2,0,2.0,0
0.301,37,0,0.6325,9832.0,6,0,2,0,0.0,0
0.4334,29,0,0.3402,3881.0,9,0,1,0,1.0,1
5.8543,53,0,0.3024,,8,0,0,0,2.0,0
0.7487,43,0,0.0934,4284.0,9,0,2,0,1.0,0
0.9984,44,0,0.1372,6037.0,8,0,0,0,0.0,0
0.586,62,0,0.8207,4704.0,9,0,2,0,2.0,0
0.3233,49,0,0.5039,4509.0,5,0,3,0,1.0,0
0.2319,61,0,0.2856,,8,0,0,0,0.0,0
0.0865,43,0,0.3487,10281.0,10,0,2,0,1.0,0
0.302,47,0,1.1116,,6,0,1,0,1.0,0
0.4679,50,0,0.5906,4880.0,3,0,1,0,1.0,0
0.4726,27,0,0.461,2424.0,4,0,1,0,1.0,0
0.1191,41,0,1.1336,2807.0,6,0,0,0,1.0,0
0.1867,71,0,0.1878,6244.0,5,0,1,0,0.0,0
0.1367,43,0,0.3719,10239.0,6,0,1,0,0.0,0
0.1157,54,0,0.5588,2407.0,10,0,1,0,2.0,0
0.3704,42,0,0.4852,2815.0,7,0,1,0,0.0,0
1.086,42,0,0.0826,8869.0,4,0,1,0,0.0,0
3.9555,55,0,0.5054,2828.0,6,0,2,0,2.0,0
0.4837,35,0,0.6538,5912.0,13,0,1,0,4.0,0
0.0374,63,0,0.1476,15529.0,6,0,0,0,0.0,0
0.557,62,0,0.5126,8087.0,7,0,1,0,0.0,0
0.6793,60,0,0.3425,4351.0,8,0,1,0,,0
0.0805,22,0,0.0912,3926.0,9,0,1,0,1.0,0
0.0736,52,0,0.5811,14113.0,7,0,1,0,0.0,0
0.8724,78,0,1.0079,1886.0,4,0,1,0,1.0,0
0.0419,26,0,0.426,1299.0,6,0,1,0,1.0,0
1.0403,74,0,0.0653,9651.0,9,0,2,0,0.0,0
0.507,21,0,0.2491,,6,0,0,0,0.0,1
0.0792,60,0,0.7514,9352.0,9,0,1,0,2.0,0
0.5658,29,0,0.536,11233.0,8,0,2,0,1.0,0
0.0517,55,0,0.2257,,11,0,1,0,0.0,0
0.1486,68,0,0.369,,5,0,3,0,1.0,0
0.186,34,0,0.7082,13002.0,5,0,3,0,0.0,0
0.2141,82,0,0.5039,6449.0,11,0,1,0,1.0,0
0.8725,36,0,0.6004,10940.0,11,0,0,0,0.0,0
0.3724,57,0,0.6343,8387.0,7,0,2,0,0.0,0
0.4832,37,0,0.7812,,8,0,0,0,0.0,0
0.8949,69,1,0.2246,7483.0,12,0,2,0,2.0,0
1.4575,76,0,0.3196,2400.0,9,0,0,0,0.0,1
1.401,46,0,0.7383,6542.0,14,0,1,0,0.0,0
0.1658,74,0,0.7425,5933.0,9,0,1,0,0.0,0
0.4926,56,0,0.9394,8345.0,8,0,0,0,2.0,0
0.8619,48,0,0.8265,6047.0,9,0,0,0,1.0,0
5.1879,37,0,0.829,6885.0,7,0,1,0,2.0,0
0.3631,41,0,0.3204,3466.0,12,0,0,0,1.0,0
0.2441,65,0,0.7377,,5,0,0,0,0.0,0
0.1088,41,0,0.8737,15285.0,10,0,0,0,,0
0.5666,61,1,0.301,4596.0,7,0,2,3,0.0,0
0.3926,47,1,1.2791,10374.0,5,0,1,0,0.0,0
0.9369,74,0,0.529,3131.0,10,0,3,0,0.0,0
0.9707,43,1,0.4174,5807.0,9,0,2,0,1.0,0
0.5613,29,0,0.8584,7198.0,10,0,2,0,0.0,0
0.2842,34,0,0.6328,2066.0,15,0,2,0,0.0,0
0.2116,59,0,0.3847,11130.0,10,0,0,0,0.0,0
0.1661,51,0,0.8595,,8,0,2,0,2.0,0
0.6688,52,0,0.8593,9786.0,7,0,1,0,2.0,0
0.457,61,0,0.5329,5407.0,10,0,1,0,0.0,0
0.572,35,0,0.5304,10909.0,9,0,1,0,1.0,0
0.1832,43,0,0.051,2691.0,6,0,0,0,1.0,0
0.6601,46,0,0.57,4739.0,7,0,2,0,0.0,1
0.7991,54,0,0.6173,9097.0,5,0,2,0,0.0,0
0.4984,40,0,1.0817,,8,0,1,0,2.0,0
0.1762,45,0,0.7259,24091.0,7,0,0,0,0.0,0
0.1686,44,0,0.6695,4835.0,4,0,1,0,0.0,0
0.3133,30,0,0.3208,,10,0,0,0,0.0,0
0.2381,45,0,0.2447,,5,0,3,0,1.0,0
0.7286,58,0,0.7777,5294.0,5,0,3,0,1.0,0
0.9553,36,0,0.5598,5953.0,6,0,2,0,0.0,0
0.8111,31,0,0.8637,3277.0,9,0,1,0,2.0,0
0.0383,47,0,0.5194,7121.0,12,0,0,0,0.0,0
0.4738,42,0,0.3901,6474.0,4,0,1,0,0.0,0
1.9301,25,0,0.3892,,6,0,2,0,0.0,0
0.2134,25,0,0.2272,,9,0,1,0,2.0,0
0.1549,65,0,0.394,,7,0,0,0,2.0,0
0.1098,41,0,0.3285,1557.0,8,0,2,0,0.0,0
0.3451,64,0,0.2732,,10,0,2,0,0.0,0
0.4198,60,0,0.5753,3450.0,6,0,0,0,3.0,0
0.2863,75,0,0.6181,6530.0,11,0,2,0,0.0,0
2.6695,55,0,0.3203,5478.0,19,0,2,0,1.0,0
1.9037,43,0,0.26,,10,0,5,0,0.0,0
0.5174,61,0,0.7416,,6,0,0,0,0.0,0
2.9078,22,0,0.3638,1932.0,7,0,0,0,2.0,0
0.4286,65,0,0.3503,4548.0,6,0,1,0,3.0,0
0.2773,77,0,0.2561,10073.0,7,0,1,0,0.0,0
0.5312,35,0,0.9033,4764.0,8,0,0,0,0.0,0
0.1352,48,0,0.2522,,10,0,0,0,1.0,0
0.2009,53,0,0.912,4887.0,9,0,1,0,1.0,0
0.8294,47,0,0.8282,5796.0,10,0,3,0,0.0,0
0.4685,50,0,0.3948,4323.0,6,0,3,0,2.0,0
0.607,41,0,0.4594,3509.0,6,0,2,0,0.0,0
0.3399,43,0,0.8171,17921.0,13,0,0,0,1.0,0
0.3517,93,1,0.6856,9652.0,8,0,2,1,0.0,0
0.5376,54,0,0.133,,3,0,2,0,1.0,0
0.3834,21,0,0.2717,24721.0,16,0,0,0,1.0,0
0.5811,44,0,0.4854,,13,0,1,0,0.0,0
0.304,46,0,0.7321,16300.0,8,0,0,0,1.0,0
0.1871,75,0,1.1995,5610.0,10,0,0,0,0.0,0
0.3023,72,0,0.5136,1329.0,12,0,0,0,2.0,0
0.2014,53,3,0.9318,5222.0,9,0,0,0,0.0,0
0.2503,36,0,0.6832,3012.0,10,0,0,0,0.0,0
0.3335,55,0,0.038,5084.0,3,0,3,0,2.0,0
0.2674,39,0,0.9673,4501.0,10,0,3,0,2.0,0
0.3605,56,0,0.5991,4157.0,7,0,1,0,1.0,0
0.691,66,0,0.6373,,10,0,0,0,2.0,1
0.5165,44,0,0.3817,4203.0,7,0,1,0,1.0,0
0.539,55,0,0.6963,6929.0,11,0,0,0,0.0,0
0.4763,62,0,0.5256,1540.0,8,0,1,0,0.0,1
0.6029,59,0,0.7251,5080.0,8,0,0,0,1.0,0
0.2048,29,0,0.71,7456.0,7,0,1,0,1.0,0
0.0071,51,0,0.6936,10114.0,9,0,1,0,0.0,0
0.9035,21,0,0.4053,6875.0,9,0,2,0,2.0,0
0.728,56,0,0.1215,7981.0,8,0,2,0,1.0,1
0.0027,64,0,0.2796,7750.0,13,0,2,0,,0
0.5165,58,0,0.8229,4296.0,9,0,1,0,1.0,0
0.8045,56,2,0.2964,10807.0,12,0,0,1,1.0,0
0.5002,56,0,0.5951,4501.0,3,0,0,0,2.0,1
0.0788,60,0,0.8326,3468.0,11,0,0,0,0.0,0
0.1081,39,0,0.2675,2457.0,8,0,1,0,1.0,0
0.7632,43,0,0.3895,6228.0,5,0,0,0,2.0,0
0.7331,54,0,0.7555,,9,0,1,0,2.0,0
1.0036,69,0,0.5994,4060.0,6,0,0,0,0.0,1
1.0927,59,0,0.396,3961.0,5,0,0,0,1.0,0
1.3211,62,0,0.1373,3713.0,7,0,0,0,0.0,0
0.2469,48,0,0.6268,,5,0,1,0,0.0,0
0.0532,53,0,0.2639,5118.0,7,0,0,0,0.0,0
0.2215,51,0,0.3906,11134.0,8,0,0,0,0.0,0
0.1956,34,0,0.5431,1649.0,13,0,2,0,0.0,0
0.2572,56,0,1.0099,4575.0,3,0,2,0,1.0,0
0.4517,50,0,0.3518,,5,0,1,0,1.0,0
0.955,64,0,0.7118,,7,0,0,0,0.0,1
0.1839,31,0,0.1427,21580.0,6,0,0,0,0.0,0
0.2424,45,0,0.2262,,6,0,0,0,6.0,0
0.2858,26,0,0.4557,2256.0,5,0,1,0,0.0,0
0.5845,57,0,0.195,8530.0,5,0,2,0,0.0,0
0.5758,63,0,1.0279,3373.0,14,0,1,0,1.0,0
0.6166,57,3,0.6798,4967.0,9,0,1,1,0.0,0
0.0589,80,0,0.6811,9337.0,10,0,0,0,1.0,0
0.5754,60,0,0.0564,5124.0,7,0,0,0,1.0,0
0.2844,40,0,0.8706,8218.0,10,0,1,0,3.0,0
0.0894,69,2,1.1779,3939.0,7,0,2,1,0.0,0
0.0333,81,0,0.5059,3496.0,10,0,1,0,0.0,0
0.6591,62,0,0.5299,2634.0,6,0,1,0,0.0,0
0.2075,42,0,0.1558,2994.0,8,0,0,0,0.0,0
1.9542,43,0,0.8852,1637.0,10,0,0,0,0.0,0
0.0387,57,0,0.9707,3298.0,7,0,2,0,1.0,0
0.0831,46,2,0.2415,7041.0,8,0,1,0,,0
0.925,67,0,0.1449,,12,0,0,0,1.0,0
0.3105,49,0,0.2477,15922.0,1,0,2,0,1.0,0
0.6668,64,0,0.3021,11947.0,3,0,1,0,1.0,0
0.3173,62,0,0.4056,4460.0,4,0,1,0,0.0,0
5.4689,33,0,0.4407,,7,0,0,0,0.0,0
0.0112,51,0,0.5602,20561.0,3,0,2,0,0.0,0
3.121,67,0,0.0677,1549.0,3,0,1,0,2.0,1
0.1164,50,0,0.8703,3256.0,14,0,2,0,1.0,0
0.4705,57,3,0.8861,5074.0,6,0,0,0,0.0,0
0.3947,54,0,0.1999,4388.0,14,0,0,0,0.0,0
0.2685,40,0,0.3807,5305.0,5,0,2,0,0.0,0
0.3278,76,0,0.2369,4719.0,6,0,1,0,1.0,0
0.3722,41,0,0.2996,,6,0,2,0,,0
0.6917,39,0,0.1566,10558.0,6,0,0,0,2.0,0
0.2364,67,0,0.7687,12723.0,7,0,1,0,1.0,0
0.0595,44,0,0.8751,3376.0,5,0,1,0,1.0,0
0.6951,53,0,0.4409,8438.0,4,0,1,0,1.0,0
0.798,58,0,0.4868,6909.0,12,0,1,0,0.0,0
0.2963,66,0,0.7898,10946.0,7,0,2,0,2.0,0
0.3955,23,0,0.2892,1997.0,9,0,0,0,1.0,0
0.5454,50,0,0.6034,8137.0,12,0,0,0,1.0,0
0.2496,48,0,0.7213,4212.0,7,0,0,0,2.0,0
0.9025,51,0,0.512,1838.0,4,0,0,0,2.0,0
0.4776,63,1,0.2934,6727.0,6,0,1,2,0.0,0
0.1886,73,0,0.0575,,8,0,3,0,1.0,0
0.0053,55,0,0.1064,3406.0,8,0,0,0,0.0,0
0.6173,41,0,0.3364,,7,0,1,0,0.0,0
0.357,55,0,0.1934,6619.0,3,0,0,0,0.0,0
0.0352,60,0,0.5051,7924.0,10,0,0,0,0.0,0
0.2271,56,0,0.4669,,9,0,2,0,4.0,0
0.0276,67,0,0.9068,3083.0,9,0,2,0,1.0,0
0.3535,43,1,0.5063,2271.0,5,0,1,0,0.0,0
0.3203,43,2,0.1655,2720.0,12,0,1,0,1.0,0
0.1525,54,1,0.677,,7,0,3,0,0.0,0
2.7405,68,0,0.5055,3837.0,10,0,0,0,0.0,0
1.5682,76,0,0.4771,5043.0,12,0,0,0,2.0,1
0.3096,60,0,0.4735,2446.0,5,0,0,0,3.0,0
4.299,57,0,0.6927,,12,0,0,0,0.0,0
0.2407,39,0,0.341,5016.0,14,0,2,0,2.0,0
0.4171,62,0,0.3288,6673.0,13,0,1,0,0.0,0
2.8932,36,0,0.8516,,11,0,3,0,2.0,0
0.5193,67,0,0.8444,3983.0,9,0,3,0,0.0,0
0.3448,54,0,0.1074,3790.0,7,0,1,0,1.0,0
1.9203,54,0,0.8508,5915.0,12,0,0,0,2.0,0
0.0486,70,0,0.2508,9591.0,9,0,1,0,1.0,0
0.8244,54,0,0.699,,7,0,0,0,3.0,0
0.5954,47,0,0.3854,6287.0,11,0,1,0,0.0,0
0.0609,56,0,0.1882,4201.0,16,0,2,0,1.0,0
0.4943,40,0,0.6757,6525.0,6,0,0,0,1.0,0
0.3165,55,0,0.5661,3874.0,4,0,0,0,1.0,0
0.7079,50,0,0.4578,2125.0,7,0,0,0,0.0,0
0.1046,43,0,1.1526,8022.0,9,0,1,0,0.0,0
0.5483,86,0,0.6554,3027.0,6,0,0,0,1.0,0
0.361,49,0,0.5612,,5,0,2,0,1.0,0
0.4061,44,0,1.011,2071.0,4,0,1,0,1.0,0
0.6595,28,0,0.4225,4366.0,9,0,1,0,0.0,0
2.9407,42,0,0.2437,9380.0,8,0,2,0,2.0,0
0.1333,63,0,0.647,,5,0,0,0,0.0,0
0.6013,30,0,0.5824,2167.0,11,0,0,0,1.0,0
6.3197,36,0,0.1133,,8,0,3,0,0.0,0
0.5062,66,0,0.6078,6178.0,7,0,1,0,2.0,0
0.5881,47,0,0.2888,9203.0,14,0,2,0,1.0,0
0.2243,45,0,0.3624,9280.0,2,0,2,0,1.0,0
0.5009,53,0,0.5468,,7,0,0,0,0.0,1
0.6596,69,0,0.4916,7038.0,12,0,0,0,2.0,0
0.3633,39,0,0.3923,,10,0,1,0,0.0,0
0.8164,79,0,0.2591,17582.0,14,0,3,0,0.0,0
0.0663,53,0,0.5161,6820.0,9,0,3,0,1.0,0
0.2853,51,0,0.1131,,9,0,2,0,3.0,0
0.2784,61,0,0.0946,,8,0,5,0,1.0,0
0.7552,22,0,0.4539,6672.0,12,0,1,0,0.0,0
0.8015,56,0,0.8248,5511.0,8,0,1,0,3.0,0
0.1825,55,0,0.0376,5732.0,11,0,1,0,3.0,0
0.1388,78,0,0.1659,3296.0,8,0,1,0,1.0,0
0.504,84,0,0.3533,9080.0,7,0,0,0,1.0,0
0.0338,54,0,0.5363,,10,0,0,0,1.0,0
0.5965,54,0,0.1969,6447.0,9,0,0,0,1.0,0
0.8379,50,0,0.6561,,9,0,1,0,0.0,0
0.161,51,0,1.0937,1371.0,11,0,2,0,0.0,0
0.5766,47,0,0.5238,3593.0,6,0,2,0,1.0,0
0.1356,66,0,0.4196,6798.0,12,0,0,0,2.0,0
3.3732,71,0,0.1651,3889.0,8,0,0,0,0.0,0
0.042,69,0,0.4238,6156.0,8,0,0,0,1.0,0
0.5126,70,0,0.3999,7420.0,10,0,2,0,1.0,0
0.1699,59,0,0.4732,,5,0,0,0,0.0,0
0.2589,63,0,0.4381,7780.0,10,0,0,0,0.0,0
0.0193,62,0,0.1886,5592.0,3,0,0,0,1.0,0
0.2936,31,0,0.1934,4306.0,6,0,0,0,2.0,0
0.0028,48,0,0.1699,7246.0,17,0,1,0,2.0,0
0.0977,44,0,0.3144,,8,0,1,0,1.0,0
5.9461,50,0,0.3421,2502.0,4,0,1,0,1.0,0
0.222,50,0,1.1851,2665.0,9,0,0,0,0.0,0
0.0389,61,0,0.421,10760.0,6,0,0,0,1.0,0
0.5446,46,0,0.0723,7739.0,7,0,0,0,2.0,1
1.0455,21,0,0.7673,,13,0,2,0,0.0,0
0.2668,56,0,0.6503,2970.0,7,0,1,0,0.0,0
0.3331,48,0,0.6515,,10,0,3,0,1.0,0
0.7876,59,0,0.4756,10651.0,5,0,0,0,2.0,0
3.3103,36,0,0.1213,4053.0,7,0,3,0,0.0,0
0.0472,58,0,0.5509,5927.0,6,0,0,0,2.0,0
1.2538,40,0,0.6344,,9,0,4,0,0.0,0
0.7802,29,0,0.8817,,8,0,0,0,0.0,1
0.2597,47,0,0.5019,2158.0,5,0,4,0,0.0,0
0.4754,28,0,0.0939,4151.0,10,0,2,0,0.0,0
0.7415,43,0,0.5811,,2,0,0,0,0.0,0
0.2443,53,2,0.3708,13306.0,12,0,1,0,1.0,1
0.3512,33,0,0.1076,5078.0,12,0,2,0,0.0,0
0.4695,56,0,0.8237,,8,0,1,0,1.0,0
0.6417,33,0,0.598,3503.0,9,0,1,0,,0
1.1111,38,0,0.6407,2657.0,8,0,2,0,1.0,0
0.1464,37,0,0.2247,3237.0,11,0,0,0,1.0,0
0.0902,60,0,0.4176,1636.0,6,0,2,0,1.0,0
0.4517,55,0,0.711,4505.0,6,0,2,0,0.0,0
0.0875,45,0,0.7918,8053.0,9,0,0,0,1.0,0
0.162,21,2,0.1118,7235.0,7,0,3,0,1.0,1
0.2627,51,0,0.2735,6383.0,10,0,1,0,2.0,0
0.2635,35,0,0.2811,2673.0,6,0,1,0,1.0,0
0.5914,34,0,0.6822,,6,0,3,0,4.0,0
0.3436,60,0,0.1178,4788.0,12,0,2,0,0.0,0
0.5917,40,0,0.1658,1747.0,7,0,0,0,2.0,0
1.2488,53,1,0.6736,6584.0,3,0,0,0,0.0,0
0.6102,39,0,0.3698,5820.0,7,0,0,0,0.0,0
2.0643,64,0,0.4506,2158.0,7,0,3,0,1.0,0
0.4196,59,0,0.1371,4732.0,8,0,0,0,0.0,0
0.0916,66,0,0.3631,3591.0,7,0,1,0,3.0,0
0.1383,68,0,0.4377,1749.0,5,0,2,0,0.0,0
2.1978,31,0,0.3242,2407.0,6,0,0,0,1.0,0
0.2037,79,0,0.9152,11614.0,13,0,1,0,1.0,0
0.6834,21,0,0.0654,5064.0,10,0,2,0,0.0,0
0.7122,44,0,0.9485,2453.0,10,0,1,0,3.0,0
0.0378,46,0,0.534,5710.0,10,0,1,0,1.0,0
0.6149,27,0,0.5421,6665.0,6,0,2,0,0.0,0
8.0837,45,1,0.2306,,6,0,0,1,0.0,0
2.2285,65,0,0.2335,,6,0,1,0,0.0,0
0.5294,54,0,0.8194,3302.0,7,0,1,0,1.0,0
10.9793,29,2,0.9622,,10,0,0,1,0.0,0
0.6407,47,1,0.5523,,16,1,2,0,0.0,0
0.1765,65,0,0.0902,5017.0,8,0,0,0,0.0,0
0.7884,41,0,1.0819,5478.0,4,0,2,0,0.0,0
0.0175,46,0,0.3196,4465.0,9,0,3,0,3.0,0
0.774,58,0,0.6722,3950.0,11,0,1,0,0.0,0
1.4206,63,0,0.2586,7511.0,11,0,2,0,1.0,1
0.47,61,0,0.9999,13941.0,6,0,1,0,0.0,0
0.7177,47,0,0.1719,5281.0,9,0,1,0,1.0,0
0.0027,29,0,0.5094,3161.0,7,0,1,0,1.0,0
0.5305,56,0,0.4751,3182.0,8,0,2,0,1.0,0
1.7681,31,0,0.1009,4008.0,4,0,1,0,0.0,0
0.5257,50,0,0.6795,2326.0,8,0,0,0,1.0,1
0.1202,40,3,0.4941,,5,0,1,1,0.0,0
0.0762,49,0,0.2386,6710.0,6,0,0,0,0.0,0
0.4898,69,0,0.1857,,6,0,1,0,1.0,1
0.0679,56,0,0.4268,14160.0,9,0,0,0,0.0,1
1.8823,67,0,0.8747,1894.0,5,0,1,0,1.0,0
0.8763,41,0,0.6707,6578.0,7,0,0,0,1.0,0
0.2905,56,0,0.4963,19308.0,5,0,2,0,1.0,0
0.9271,37,0,0.1394,,8,0,1,0,1.0,0
0.491,49,0,0.7956,7688.0,6,0,2,0,0.0,0
0.4541,59,0,0.2958,3625.0,9,0,3,0,0.0,0
0.4801,24,0,0.8567,3359.0,6,0,2,0,,0
0.0775,50,0,0.652,6525.0,2,0,3,0,0.0,0
0.5264,59,0,0.6573,9397.0,8,0,4,0,0.0,0
0.449,45,0,0.2368,4612.0,4,0,4,0,0.0,0
0.21,63,0,0.4127,4829.0,9,0,0,0,2.0,0
7.2506,50,0,0.4603,3961.0,8,0,3,0,1.0,0
0.2039,32,0,0.4752,3903.0,9,0,1,0,1.0,0
0.4334,56,0,0.2946,6001.0,12,0,0,0,0.0,0
0.5283,53,0,0.7976,3960.0,5,0,0,0,1.0,0
0.0068,49,0,0.467,9043.0,8,0,1,0,2.0,0
0.2853,51,0,0.8033,8166.0,9,0,1,0,0.0,0
0.4341,62,0,0.7482,3469.0,8,0,2,0,1.0,0
0.2986,52,2,0.5639,3561.0,9,0,1,0,1.0,0
1.0585,60,0,0.236,3375.0,7,0,1,0,1.0,0
0.124,72,0,0.4833,5172.0,11,0,0,0,1.0,0
3.2177,62,0,0.6824,13359.0,4,0,1,0,1.0,0
0.1515,52,1,0.2509,,12,0,2,0,0.0,0
0.447,51,0,0.3918,3858.0,7,0,2,0,1.0,1
0.3473,48,0,0.3064,,8,0,0,0,1.0,0
0.6654,53,0,0.813,4944.0,11,1,1,0,0.0,0
0.7172,53,0,0.4945,14974.0,8,0,1,0,2.0,0
0.3188,42,0,0.301,2536.0,9,0,4,0,0.0,0
0.349,45,0,1.1749,7173.0,8,0,1,0,1.0,0
0.0832,39,0,0.9268,3789.0,6,0,2,0,1.0,0
0.5488,62,0,0.1695,5813.0,5,0,0,0,1.0,0
0.883,55,0,0.5726,5380.0,14,0,2,0,0.0,0
0.4829,51,0,0.7388,,7,0,2,0,0.0,0
0.9889,43,0,0.5507,7584.0,6,0,2,0,2.0,0
0.412,60,0,0.5178,3439.0,14,0,1,0,0.0,0
3.0016,43,0,0.3954,3202.0,7,0,1,0,0.0,0
0.0301,42,0,0.7485,8511.0,11,0,2,0,0.0,0
0.514,62,0,0.1828,,11,0,1,0,1.0,0
0.4281,46,0,0.0755,8808.0,11,0,1,0,0.0,0
0.6234,56,0,0.3799,,5,0,0,0,0.0,0
0.1295,44,0,0.0306,9183.0,10,0,0,0,2.0,0
0.2282,49,0,0.1658,7680.0,8,0,2,0,1.0,0
0.7724,51,0,1.2803,8538.0,10,0,2,0,0.0,0
1.1556,66,0,0.9765,4344.0,7,0,0,0,0.0,0
1.0165,57,1,0.105,5633.0,6,0,1,0,3.0,0
0.2643,59,0,0.6154,3117.0,9,0,1,0,2.0,0
0.653,59,0,0.2601,1510.0,6,0,2,0,1.0,0
0.5854,66,0,0.0722,4357.0,2,0,1,0,1.0,0
0.2042,75,0,0.2886,11064.0,9,0,0,0,2.0,0
0.8208,59,0,0.4552,9507.0,9,0,0,0,0.0,0
0.3136,39,0,0.3774,3407.0,9,0,0,0,0.0,0
0.125,56,0,0.4427,6540.0,8,0,0,0,,0
0.0762,70,0,0.1978,7488.0,13,0,2,0,1.0,0
0.1178,34,0,0.2365,4956.0,7,0,0,0,0.0,0
0.5543,75,0,0.1226,,8,0,0,0,0.0,1
1.0366,62,0,0.3179,3461.0,7,0,2,0,0.0,0
0.0985,56,0,0.504,6137.0,9,0,0,0,3.0,0
0.4037,48,0,0.363,4936.0,7,0,0,0,0.0,0
0.0995,45,0,0.0532,7826.0,10,0,2,0,0.0,0
3.5882,66,0,0.191,12850.0,15,0,0,0,0.0,0
0.1488,34,0,0.8006,1108.0,7,0,0,0,1.0,0
0.3774,83,0,0.5227,10807.0,3,0,1,0,2.0,0
0.9578,65,0,0.5043,,7,0,3,0,1.0,0
0.3584,60,0,0.2082,6998.0,6,0,0,0,0.0,0
1.2665,57,0,0.684,,4,1,1,0,1.0,0
0.1059,42,0,0.5629,2719.0,18,0,1,0,1.0,0
0.3059,55,0,0.6969,2814.0,9,0,1,0,0.0,0
0.438,32,0,0.5762,,9,0,1,0,1.0,0
0.0618,37,0,0.1506,4850.0,5,0,0,0,0.0,0
0.9893,30,2,0.3549,1622.0,8,0,1,0,2.0,0
0.071,53,0,0.2869,,15,0,0,0,0.0,0
0.2512,46,0,0.1654,3285.0,3,0,0,0,1.0,0
0.4262,49,0,0.8218,2167.0,11,0,0,0,0.0,0
1.3056,55,0,0.6474,,7,0,0,0,2.0,0
1.0119,69,2,0.4677,2937.0,9,1,1,0,0.0,0
0.3381,31,0,0.6876,,12,0,3,0,0.0,0
0.292,72,0,0.3349,,6,0,0,0,0.0,0
0.1976,54,0,0.7643,,9,0,1,0,0.0,0
1.2549,45,0,0.7247,3540.0,8,0,2,0,1.0,0
0.6153,56,0,0.5926,,10,0,0,0,0.0,0
0.3445,58,0,0.066,8778.0,4,0,4,0,2.0,0
0.7311,68,0,0.1094,6714.0,8,0,0,0,2.0,0
0.21,49,0,0.5495,10244.0,8,0,0,0,1.0,0
1.2315,34,0,1.0897,6602.0,8,0,2,0,0.0,0
0.1742,33,0,0.2405,5797.0,7,0,1,0,0.0,0
0.7389,62,0,0.7315,7339.0,7,0,1,0,1.0,0
0.5066,59,0,0.6986,2992.0,4,0,2,0,3.0,0
0.4226,77,0,0.5732,5603.0,7,0,0,0,0.0,0
0.0672,32,0,0.6289,1711.0,4,0,0,0,0.0,0
0.5118,59,0,0.9393,,7,0,1,0,1.0,0
1.0311,64,0,1.1046,6293.0,10,0,1,0,0.0,0
0.7442,56,0,0.3876,8251.0,13,0,2,0,1.0,0
0.5363,50,0,0.7913,7967.0,10,0,1,0,2.0,0
0.5648,48,0,0.4353,27764.0,9,0,2,0,1.0,0
0.0371,48,0,0.1109,3469.0,11,0,1,0,1.0,0
0.2004,56,0,0.5368,9852.0,8,0,1,0,0.0,0
0.0418,69,0,1.1762,4824.0,9,0,1,0,1.0,0
0.3113,34,0,0.1053,3493.0,6,0,2,2,1.0,0
0.839,47,0,0.3422,1615.0,6,0,2,0,0.0,0
0.7703,73,0,0.4243,11992.0,7,0,0,0,2.0,0
0.2631,34,0,1.1431,4211.0,7,0,0,0,0.0,0
0.2156,58,0,0.7314,,9,0,1,0,0.0,0
0.4173,21,0,0.4459,11335.0,7,0,0,0,1.0,0
0.0577,45,0,0.4737,3027.0,7,0,0,0,1.0,0
0.0273,39,0,0.4528,5848.0,7,0,1,0,1.0,0
3.7339,68,3,0.2219,10193.0,7,0,0,0,1.0,0
0.4076,36,1,0.5206,2540.0,6,0,2,0,3.0,0
0.6591,36,0,0.2717,7987.0,9,0,2,0,1.0,0
1.7211,40,0,0.9693,,3,0,1,0,0.0,0
0.575,45,0,0.5665,3515.0,10,0,1,0,0.0,0
4.3944,46,0,0.2763,3036.0,12,0,0,0,2.0,0
0.5985,44,0,0.3644,9224.0,7,0,2,0,2.0,0
0.3743,56,0,0.337,4408.0,9,0,0,0,1.0,0
0.3243,37,0,0.7588,3679.0,12,0,0,0,0.0,0
1.0787,58,0,0.6464,,7,0,2,0,1.0,0
0.201,41,0,0.676,,3,0,2,0,0.0,0
0.7436,23,0,0.9863,4433.0,9,0,0,0,,0
1.2082,50,0,0.2845,,11,0,1,0,2.0,0
0.3459,58,0,0.3999,10673.0,8,0,2,0,1.0,0
0.1491,39,0,0.3407,15765.0,7,0,0,0,0.0,0
4.7029,53,1,0.0633,1877.0,12,1,1,1,1.0,0
0.3613,45,0,0.2826,4014.0,5,0,0,0,1.0,0
0.8476,44,0,0.6412,2551.0,9,0,1,0,1.0,0
0.3279,60,0,0.3459,4510.0,9,0,3,0,3.0,0
0.1392,61,0,0.1471,3458.0,1,0,0,0,2.0,0
0.9871,36,0,0.4265,3723.0,8,0,0,0,1.0,0
0.5399,38,0,0.4005,,10,0,1,0,0.0,0
0.951,62,0,0.2312,6871.0,10,0,1,0,4.0,0
3.4807,37,0,0.3344,6518.0,11,0,1,0,0.0,0
0.3819,39,0,1.3446,4909.0,9,0,1,0,0.0,0
0.5812,48,0,0.4951,3375.0,6,0,0,0,3.0,0
0.2441,43,0,0.7023,8805.0,5,0,0,0,1.0,0
0.1579,45,0,0.4047,2536.0,7,0,1,0,0.0,0
0.7286,48,0,0.2798,5651.0,6,0,1,0,2.0,0
0.0871,49,0,0.6701,,6,0,0,0,,0
0.2567,55,0,0.2452,5066.0,6,0,0,0,3.0,0
0.269,53,0,0.7011,8831.0,12,0,2,0,1.0,0
0.5084,76,0,0.6914,4800.0,9,0,3,0,3.0,1
0.8627,61,0,0.5721,5860.0,8,0,0,0,2.0,0
0.2597,51,0,0.6946,6658.0,11,0,1,0,0.0,0
0.2623,75,0,0.4728,1992.0,11,0,0,0,1.0,0
0.0966,40,0,0.8241,4860.0,15,0,0,0,0.0,0
0.2627,79,0,0.4088,,12,0,0,0,2.0,0
0.2485,88,0,0.2312,3670.0,8,0,1,0,0.0,0
0.1791,64,0,0.1229,2070.0,13,0,3,0,0.0,0
0.297,50,0,0.5549,22913.0,9,0,0,0,3.0,0
0.636,66,0,1.1624,7937.0,10,0,2,0,1.0,1
3.9606,69,0,0.1173,7498.0,9,0,0,0,1.0,0
0.6898,39,0,0.2417,2421.0,6,0,1,0,1.0,0
0.5271,63,0,1.1183,10216.0,5,0,1,0,1.0,0
0.7574,49,0,0.0684,,8,0,2,0,1.0,0
0.7969,41,0,0.5855,4999.0,10,0,0,0,0.0,0
0.0655,57,0,0.3124,,8,0,1,0,0.0,0
0.5472,53,0,0.823,7913.0,7,0,1,0,0.0,0
0.7371,33,0,0.5629,4847.0,9,0,2,0,1.0,0
0.1425,72,0,0.1517,,11,0,2,0,1.0,0
0.901,55,0,0.3327,4945.0,3,0,1,0,0.0,0
0.1681,64,0,0.2034,4321.0,4,0,1,0,0.0,0
0.0034,65,0,0.1131,8938.0,8,0,1,0,2.0,0
0.2406,42,0,1.0809,13077.0,5,0,0,0,2.0,0
0.7872,83,0,0.1955,4583.0,8,0,3,0,0.0,0
0.2726,81,0,0.3732,,11,0,1,0,0.0,0
0.1992,39,2,0.9182,22325.0,5,1,2,0,2.0,0
0.0496,53,2,0.1283,3403.0,9,0,2,1,1.0,0
0.3755,55,0,0.5168,14075.0,5,0,2,0,2.0,0
0.3699,43,0,0.0668,12198.0,10,0,0,0,2.0,0
0.4309,47,0,0.2106,3404.0,12,0,2,0,1.0,0
0.2534,86,0,1.106,4132.0,7,0,4,0,0.0,0
2.1025,45,0,0.2441,,5,0,3,0,1.0,0
0.1608,79,0,1.0297,3959.0,9,0,1,0,0.0,0
0.87,69,0,0.1606,,8,0,0,0,1.0,0
0.698,59,0,0.6689,,6,0,2,0,0.0,0
0.3771,71,0,0.514,6146.0,11,0,0,0,,0
1.1509,65,0,1.4232,3607.0,7,0,1,0,1.0,0
0.5317,61,0,0.2878,2896.0,12,0,0,0,1.0,0
0.2042,67,0,0.4519,4972.0,7,0,0,0,0.0,0
0.3041,46,0,0.3715,,6,0,1,0,2.0,0
0.1311,50,0,0.2115,3487.0,6,0,1,0,0.0,0
1.1015,33,1,0.8314,2919.0,7,1,1,0,0.0,0
0.0683,63,0,0.5793,12432.0,4,0,0,0,1.0,0
1.0108,44,0,0.3891,6918.0,3,0,1,0,1.0,0
0.3179,32,0,0.2517,,5,0,2,0,0.0,0
0.7972,61,0,0.1346,3664.0,6,0,4,0,0.0,0
0.122,49,0,0.273,6517.0,9,0,1,0,0.0,0
0.0173,76,0,0.5751,5235.0,6,0,1,0,0.0,0
2.7386,65,0,0.4045,,8,0,1,0,2.0,0
0.2341,72,2,0.8938,2932.0,8,0,0,0,1.0,0
0.1173,52,0,0.4005,7546.0,7,0,0,0,2.0,0
0.643,57,0,0.126,3283.0,8,0,1,0,0.0,0
0.4787,66,0,0.8203,7506.0,7,0,3,0,0.0,0
0.0044,21,0,0.7221,3657.0,11,0,2,0,0.0,0
0.0716,31,0,0.2468,5097.0,8,0,2,0,0.0,0
0.2983,52,0,0.4524,8966.0,7,0,1,0,0.0,0
0.4353,29,0,0.253,5793.0,5,0,0,0,0.0,0
0.0608,41,0,0.0987,,9,0,1,0,1.0,0
0.5181,61,0,0.1155,,11,0,1,0,2.0,0
0.4049,58,0,0.6235,19259.0,9,0,1,0,0.0,0
0.1419,62,0,0.8601,3970.0,8,0,0,0,2.0,0
0.6586,37,0,0.3521,,5,0,1,0,1.0,0
0.5309,65,0,0.3005,,10,0,2,0,1.0,0
0.4307,41,0,0.3639,4364.0,6,0,1,0,2.0,0
0.4847,61,0,0.6991,6352.0,9,0,0,0,0.0,0
0.0276,63,0,0.8457,6430.0,8,0,0,0,0.0,0
0.6735,82,0,0.3631,,9,0,1,0,1.0,0
0.5972,77,0,0.2562,6571.0,6,0,0,0,0.0,0
0.0224,63,0,0.7031,,10,0,0,0,1.0,0
1.0622,48,0,0.2722,,9,0,0,0,1.0,0
0.5868,55,0,0.5395,3535.0,8,0,0,0,1.0,0
0.0834,58,0,0.1715,9606.0,9,0,0,0,3.0,0
0.2017,44,0,0.087,3575.0,6,0,0,0,0.0,0
0.5301,62,0,0.9403,13345.0,4,0,2,0,1.0,0
0.3298,63,0,0.8813,5417.0,13,0,2,0,2.0,0
0.8099,63,0,0.553,,6,0,0,0,1.0,0
0.0196,37,0,0.4558,,10,0,1,0,0.0,0
0.1298,52,0,0.3863,12647.0,11,0,1,0,0.0,0
0.242,66,0,0.3052,2555.0,6,0,0,0,1.0,0
0.4496,63,0,0.636,,9,0,1,0,0.0,0
0.5767,50,0,0.269,2615.0,11,0,0,0,1.0,0
0.3341,52,0,0.7191,7641.0,13,0,0,0,0.0,0
0.5309,47,0,0.3012,,8,0,2,0,0.0,0
0.3155,61,0,0.623,,10,0,1,0,0.0,0
2.1737,30,0,0.3285,2620.0,12,0,0,0,2.0,0
0.1966,39,0,0.3633,,9,0,1,0,1.0,0
0.1348,44,0,0.1785,8925.0,7,0,0,0,0.0,0
0.1303,60,0,0.5978,4353.0,8,0,0,0,2.0,0
0.0084,73,0,0.4553,3220.0,4,0,0,0,0.0,0
0.4218,58,0,0.1573,3546.0,9,0,0,0,1.0,0
0.163,36,0,0.2333,2696.0,7,0,2,0,1.0,0
4.648,49,0,0.2318,5380.0,13,1,1,2,2.0,0
0.7884,39,0,0.6309,24330.0,7,0,3,0,1.0,0
1.5059,49,0,0.5373,8547.0,6,0,1,0,0.0,0
0.1859,39,0,0.8727,,7,0,2,0,1.0,0
0.5483,47,0,0.6795,2101.0,4,0,3,0,2.0,0
0.3773,41,0,0.2965,12219.0,13,0,1,0,0.0,0
4.1416,81,0,0.9729,8973.0,7,0,0,0,0.0,0
0.3704,58,0,0.5558,6953.0,10,0,0,0,1.0,0
0.694,40,0,0.5782,4500.0,7,0,0,0,0.0,0
0.1421,52,0,0.2273,3636.0,8,0,1,0,0.0,0
1.2161,77,0,0.7033,2989.0,10,0,2,0,1.0,1
0.277,64,3,0.2964,5488.0,5,0,0,0,,0
0.459,50,0,0.5262,6185.0,5,0,1,0,0.0,0
0.6683,44,0,0.7895,5484.0,7,0,4,0,,0
0.0633,57,0,0.7265,3674.0,8,0,1,0,0.0,0
0.2386,45,0,0.3293,8224.0,10,0,2,0,0.0,0
0.3237,68,0,0.2236,3667.0,5,0,2,0,0.0,0
8.5356,88,0,0.9199,11746.0,6,0,0,0,2.0,0
0.1145,55,0,0.5097,8502.0,5,0,0,0,0.0,0
1.7481,54,0,0.0898,,5,0,3,0,0.0,0
2.0995,36,0,0.7007,,17,0,2,0,2.0,0
0.2357,74,0,0.9072,,6,0,0,0,2.0,0
0.0984,60,0,0.7561,11164.0,6,0,2,0,1.0,0
2.7568,28,3,0.2353,,7,0,0,0,1.0,0
2.3343,57,0,0.9591,7995.0,7,0,0,0,0.0,0
0.1324,52,0,0.1293,5876.0,7,0,0,0,2.0,0
0.2125,54,0,0.4778,16026.0,14,0,1,0,0.0,0
0.0983,47,0,0.5527,3471.0,6,0,2,0,2.0,0
0.4763,54,0,0.5496,13424.0,10,0,1,0,0.0,0
0.1973,37,0,0.9729,4172.0,6,0,1,0,2.0,0
0.5639,54,0,0.1542,3016.0,12,0,1,0,1.0,0
6.2114,64,0,0.1471,,11,0,2,0,0.0,0
1.8599,50,0,0.0274,6845.0,11,0,0,0,1.0,0
0.1385,42,0,0.7126,,7,0,2,0,0.0,0
0.4431,72,0,0.3356,12203.0,12,0,0,0,0.0,0
0.504,68,0,0.3806,4539.0,5,0,2,0,1.0,0
0.17,38,0,0.1498,16930.0,9,0,1,0,0.0,0
1.8736,47,0,0.07,7493.0,6,0,1,0,0.0,0
0.777,53,0,1.0671,8322.0,7,0,0,0,1.0,0
0.203,57,0,0.2252,10890.0,9,0,0,0,1.0,0
0.3552,61,0,0.6488,2700.0,8,0,1,0,1.0,0
0.4613,48,0,0.7549,,9,0,3,0,0.0,0
0.5141,39,0,0.3468,5435.0,2,0,1,0,0.0,0
1.4681,56,2,0.7569,3053.0,6,0,2,0,1.0,0
4.7739,42,2,0.3306,6671.0,13,0,3,0,0.0,0
0.0043,61,0,0.3396,6426.0,7,0,3,0,1.0,0
0.5515,60,0,0.4758,12811.0,7,0,2,0,1.0,0
0.5772,77,0,0.7905,2405.0,3,0,0,0,2.0,0
0.4035,71,0,0.5417,15630.0,8,0,1,0,0.0,0
0.3104,62,0,0.4334,6136.0,10,0,0,0,0.0,0
0.3646,47,0,0.2079,4351.0,6,0,0,0,1.0,0
6.775,41,0,0.4222,,5,0,2,0,0.0,0
0.1647,68,0,0.1656,,11,0,0,0,1.0,0
0.3499,58,0,0.5739,,9,0,1,0,0.0,0
0.0719,41,0,0.565,2583.0,8,0,0,0,1.0,0
0.0106,55,0,0.1144,11303.0,16,0,0,0,1.0,0
0.2167,50,0,0.5354,,5,0,2,0,0.0,0
0.4788,48,0,0.6092,8104.0,12,0,0,0,2.0,0
0.2203,54,0,0.9813,,5,0,0,0,0.0,0
0.034,44,0,0.4635,5364.0,8,0,4,0,1.0,0
2.2338,36,0,0.5809,,14,0,2,0,0.0,0
0.7664,79,0,0.7961,4665.0,11,0,0,0,1.0,0
0.431,50,0,0.9281,,5,0,1,0,2.0,1
0.858,61,0,1.0242,9372.0,4,0,0,0,0.0,0
0.2696,31,0,0.1226,,7,0,2,0,0.0,0
0.0029,34,0,0.4759,,14,0,1,0,0.0,0
0.6168,40,0,0.1443,5240.0,5,0,0,0,1.0,0
0.4027,39,0,0.4168,5200.0,7,0,0,0,0.0,0
0.4648,38,0,0.8493,,8,0,0,0,1.0,0
0.8588,39,0,0.5364,,10,0,1,0,0.0,0
0.4924,63,0,0.755,8104.0,5,0,2,0,0.0,0
0.0726,42,0,0.0831,4132.0,13,0,0,0,2.0,0
0.2986,22,0,0.2785,8051.0,9,0,0,0,2.0,0
0.7989,54,0,0.6069,4066.0,7,0,1,0,0.0,0
0.1522,45,0,0.4914,12896.0,9,0,1,0,0.0,0
0.0974,73,0,0.4016,2407.0,7,0,0,0,1.0,0
0.3352,51,0,0.0458,5212.0,10,0,1,0,0.0,0
1.2045,70,0,0.5363,8283.0,8,0,2,0,0.0,1
0.4674,49,0,0.3572,7141.0,13,0,0,0,1.0,0
0.8515,44,0,0.1848,,5,0,2,0,0.0,0
0.9413,60,0,0.3295,7107.0,5,0,3,0,1.0,0
3.2679,35,0,0.4458,13186.0,13,0,1,0,0.0,0
2.4252,68,0,0.2261,8723.0,16,0,1,0,1.0,0
0.1469,47,0,0.1117,5552.0,7,0,2,0,0.0,0
0.4571,30,0,0.2462,,5,0,4,0,1.0,1
0.6672,59,0,0.5428,5786.0,7,0,0,0,0.0,0
0.0848,49,0,0.7669,9190.0,14,0,2,0,0.0,0
0.9147,35,0,0.6427,,11,0,0,0,0.0,0
0.4942,58,0,0.6585,3714.0,6,0,3,0,2.0,0
0.0829,45,0,0.5348,4827.0,7,0,0,0,0.0,0
0.4491,62,0,0.637,5230.0,13,0,1,0,2.0,0
0.1783,50,0,0.7118,8520.0,7,0,0,0,3.0,0
0.8015,58,1,0.1997,1688.0,7,0,0,1,1.0,0
0.2766,48,0,0.5598,7480.0,6,0,1,0,2.0,0
0.2692,31,0,0.4042,,8,0,1,0,1.0,0
0.4716,64,0,0.7425,18836.0,13,0,0,0,0.0,0
0.1087,42,0,0.2502,3344.0,4,0,0,0,0.0,0
0.3553,24,0,0.4712,858.0,11,0,0,0,2.0,0
0.7828,46,0,0.3468,9427.0,7,0,0,0,0.0,0
0.0445,42,0,0.5954,9315.0,10,0,0,0,1.0,0
0.6735,65,0,0.0748,,5,0,0,0,0.0,0
0.0661,43,0,0.5233,7472.0,8,0,1,0,1.0,0
1.1494,50,0,0.5559,5253.0,4,0,1,0,1.0,0
0.3397,60,0,0.2732,8058.0,10,0,2,0,1.0,0
0.1002,53,0,0.14,4053.0,6,0,0,0,0.0,0
0.5647,66,0,0.9228,7549.0,9,0,0,0,1.0,0
0.4787,67,0,0.7777,6746.0,7,0,0,0,0.0,0
0.0982,39,0,0.2064,5760.0,4,0,0,0,0.0,0
0.3701,57,0,0.4591,,8,0,0,0,0.0,0
0.212,75,0,0.8702,9809.0,6,0,0,0,0.0,0
0.1011,40,0,0.5543,6288.0,6,0,1,0,0.0,0
0.0873,36,0,0.4799,5340.0,8,0,1,0,0.0,0
0.1541,62,0,0.5521,6181.0,11,0,0,0,1.0,0
0.213,41,0,1.1008,9845.0,7,0,4,0,0.0,0
0.1782,80,0,0.2292,14924.0,9,0,1,0,0.0,0
9.1517,47,0,0.5105,4791.0,9,0,2,0,1.0,0
0.1636,39,0,0.5871,,11,0,0,0,2.0,0
0.1964,45,0,0.2911,5760.0,7,0,1,0,1.0,0
0.7315,72,0,0.1258,,5,0,0,0,1.0,1
0.4573,34,0,0.3561,6176.0,5,0,0,0,0.0,0
0.7857,47,0,0.1228,4880.0,5,0,2,0,2.0,0
0.1275,48,0,0.5148,30512.0,11,0,1,0,0.0,0
0.2836,21,0,0.5263,4511.0,7,0,1,0,1.0,0
1.5592,45,0,0.9132,4826.0,14,0,2,0,2.0,0
0.137,49,0,0.2514,2466.0,5,0,1,0,0.0,0
2.3803,40,2,1.2444,,7,1,1,0,0.0,0
0.2625,62,0,0.1313,3262.0,9,0,0,0,0.0,0
0.0629,63,0,0.7679,,9,0,2,0,,0
0.0579,54,0,0.4797,4645.0,8,0,0,0,1.0,0
0.0107,36,0,0.0355,2929.0,3,0,1,0,1.0,0
0.1914,39,0,0.6983,13430.0,7,0,0,0,0.0,0
5.5085,67,0,0.5023,,7,0,2,0,1.0,0
0.14,84,0,0.5712,12219.0,9,0,3,0,1.0,0
0.9242,65,0,0.2627,5963.0,6,0,1,0,3.0,0
0.1649,59,0,0.3371,11199.0,9,0,0,0,0.0,1
0.1661,38,0,0.2708,6270.0,5,0,1,0,0.0,0
0.106,53,0,0.4272,10369.0,12,0,1,0,0.0,0
0.3208,34,0,0.4997,7122.0,7,0,1,0,0.0,0
0.4776,60,0,0.5028,2736.0,8,0,0,0,1.0,0
0.4126,47,1,0.88,3683.0,8,0,0,0,2.0,0
2.0959,35,0,0.4626,5358.0,6,0,1,0,2.0,0
0.5827,46,0,1.1442,3339.0,9,0,0,0,0.0,1
0.0788,57,0,0.283,23699.0,8,0,1,0,1.0,0
0.0021,55,0,0.4918,,6,0,1,0,1.0,0
0.2337,53,0,1.1234,953.0,7,0,1,0,1.0,0
5.446,57,2,0.7638,,6,1,2,0,2.0,0
0.47,37,0,0.9068,6543.0,6,0,0,0,2.0,0
3.4583,38,0,0.4108,,7,0,2,0,0.0,0
0.7504,39,0,0.6067,5948.0,10,0,1,0,1.0,0
0.1052,33,0,0.5584,4642.0,12,0,2,0,0.0,0
0.0885,52,0,0.6383,,10,0,0,0,0.0,0
0.3223,31,0,0.296,,11,0,0,0,0.0,0
0.541,55,0,0.3652,6658.0,8,0,0,0,0.0,0
0.5074,30,0,0.2808,11321.0,10,0,2,0,1.0,0
0.9517,62,0,0.3798,6063.0,11,0,0,0,0.0,0
0.4148,55,0,0.4261,7957.0,3,0,1,0,1.0,0
0.6252,31,0,0.1369,3053.0,13,0,1,0,1.0,0
0.2756,58,0,0.2717,2749.0,1,0,1,0,1.0,0
0.3656,50,0,0.4561,2370.0,7,0,0,0,0.0,0
0.3834,68,0,0.5335,6368.0,9,0,0,0,1.0,0
0.1672,50,0,0.7952,1406.0,9,0,0,0,0.0,0
0.5164,28,0,0.2666,,6,0,2,0,1.0,0
0.2826,46,0,0.3897,23641.0,5,0,1,0,0.0,0
0.6857,49,0,0.3513,4503.0,11,0,1,0,2.0,0
0.7578,44,0,0.0895,,6,0,1,0,2.0,0
0.4418,59,0,0.7632,8293.0,6,0,0,0,0.0,0
0.0303,66,0,0.644,12140.0,8,0,0,0,1.0,0
0.4018,59,0,0.3434,4402.0,13,0,1,0,0.0,0
3.4439,38,1,0.8755,1301.0,8,1,1,2,2.0,0
0.0581,57,0,0.4055,9063.0,11,0,2,0,0.0,0
0.503,51,0,0.2576,2003.0,5,0,3,0,1.0,0
0.0244,41,0,0.4996,7096.0,8,0,0,0,0.0,0
0.4487,72,0,0.374,5962.0,4,0,2,0,1.0,0
0.1796,53,0,0.0704,6139.0,6,0,0,0,1.0,0
0.8179,41,0,0.555,2376.0,9,0,0,0,1.0,0
0.5991,50,0,0.7194,4651.0,8,0,0,0,1.0,0
7.4774,55,5,0.6548,,15,0,2,0,1.0,0
0.087,75,0,0.4046,5268.0,7,0,2,0,2.0,0
0.5751,59,0,0.2858,,12,0,0,0,1.0,0
0.029,43,0,0.6567,4800.0,12,0,1,0,2.0,0
0.2397,61,0,0.7976,3178.0,8,0,2,0,1.0,0
0.6076,54,0,0.4972,4421.0,8,0,2,0,,0
0.2462,30,0,0.559,13819.0,11,0,3,0,0.0,0
0.5498,33,0,0.8061,3712.0,10,0,2,0,3.0,0
0.6759,41,0,0.2527,,8,0,1,0,2.0,0
0.4947,38,0,0.9087,,12,0,3,0,1.0,0
0.3945,37,0,0.0213,,6,0,0,0,0.0,0
0.4269,58,0,0.5394,5638.0,11,0,1,0,2.0,0
0.187,65,0,0.6755,,16,0,2,0,0.0,0
0.2622,34,0,0.943,9089.0,6,0,0,0,2.0,0
0.5669,50,0,0.5598,5914.0,5,0,0,0,0.0,0
0.7677,69,0,0.3505,2974.0,11,0,0,0,1.0,0
0.0644,64,0,0.3839,13537.0,3,0,1,0,2.0,0
0.3264,48,0,0.2293,3338.0,14,0,1,0,2.0,0
0.3071,45,1,0.35,,8,0,1,0,0.0,0
0.8678,73,0,0.1142,11157.0,8,0,0,0,3.0,0
1.043,71,0,0.3452,,7,0,0,0,0.0,0
0.1295,73,0,0.2978,12028.0,9,0,0,0,0.0,0
0.008,49,0,0.278,6930.0,6,0,2,0,0.0,0
0.3317,49,0,0.6038,1312.0,9,0,1,0,0.0,0
1.2675,36,0,0.1509,3164.0,4,0,3,0,1.0,0
0.3375,56,0,0.4582,9113.0,4,0,0,0,2.0,0
1.6898,46,0,0.3076,5412.0,13,0,1,0,0.0,0
0.7519,52,0,0.4756,,11,0,0,0,0.0,0
0.4344,21,0,0.5234,3679.0,9,0,2,0,2.0,1
0.0116,46,0,0.2502,,7,0,1,0,0.0,0
0.8176,70,0,0.1737,2282.0,8,0,0,0,1.0,0
0.5507,54,0,0.205,6500.0,9,0,2,0,1.0,0
0.3147,21,0,0.8258,3230.0,8,0,2,2,1.0,0
0.4362,62,0,0.6923,2641.0,6,0,0,0,1.0,0
0.2191,70,0,0.4332,,10,0,1,0,2.0,0
0.4579,31,0,0.6724,5962.0,6,0,0,0,0.0,0
0.2182,55,0,0.5034,1271.0,9,0,1,0,0.0,0
0.7676,48,0,0.7764,4291.0,13,0,2,0,0.0,0
0.0759,59,0,0.4373,,6,0,1,0,0.0,0
0.6967,62,0,0.6352,3947.0,8,0,0,0,1.0,0
0.0198,50,0,0.6987,8832.0,6,0,1,0,1.0,0
2.066,53,0,0.606,4604.0,9,0,0,0,2.0,0
0.4064,77,0,0.2436,,12,0,1,0,0.0,0
0.3653,95,0,0.952,5800.0,5,0,0,0,2.0,0
0.4134,63,0,0.7588,18708.0,9,0,2,0,1.0,0
0.3326,56,1,0.1452,2149.0,9,0,2,0,0.0,0
0.0956,44,0,0.8227,12996.0,8,0,0,0,0.0,0
0.257,51,1,0.1631,13842.0,10,0,2,0,3.0,0
4.9522,53,0,0.4435,1099.0,8,0,1,0,1.0,0
0.2471,55,0,0.2328,9705.0,7,0,1,0,0.0,0
6.3445,22,0,0.8423,,10,0,2,0,0.0,1
0.0786,44,0,0.5466,10594.0,5,0,0,0,1.0,0
0.2161,49,0,0.8987,14941.0,7,0,0,0,0.0,0
0.932,48,0,0.5583,3412.0,6,0,1,0,1.0,1
0.9691,58,1,0.6669,8496.0,13,0,0,0,,0
0.1977,78,0,0.4233,2404.0,9,0,0,0,1.0,0
0.5206,61,0,0.4303,2304.0,3,0,0,0,0.0,0
0.4212,59,0,0.3878,5660.0,10,0,0,0,0.0,0
0.2248,63,0,0.2784,14631.0,9,0,0,0,0.0,0
0.284,72,0,0.1811,8317.0,8,0,2,0,1.0,0
0.0481,93,0,0.2698,10840.0,8,0,1,0,2.0,0
0.2888,57,0,0.8309,4346.0,5,0,0,0,2.0,0
0.6351,56,0,0.4926,2330.0,10,0,0,0,1.0,0
0.0582,58,0,0.6672,8791.0,12,0,2,0,0.0,0
5.4992,58,0,0.8064,2354.0,7,0,1,0,0.0,0
0.3825,43,0,0.1959,11326.0,8,0,0,0,0.0,0
1.0447,54,0,0.0772,4058.0,9,0,2,0,1.0,0
0.9807,43,0,0.9538,9042.0,7,0,1,0,1.0,0
0.6388,67,0,0.8336,8336.0,12,0,0,0,1.0,0
0.0752,95,0,0.1667,,9,0,1,0,0.0,0
0.6405,57,0,0.5491,,8,0,3,0,0.0,0
0.0559,65,0,0.0749,4861.0,8,0,0,0,1.0,0
0.9895,70,0,0.3786,26168.0,6,0,1,0,1.0,0
0.3323,38,0,0.3742,3048.0,10,0,0,0,1.0,0
1.15,64,1,0.7316,5634.0,4,0,2,0,0.0,0
0.0205,59,0,0.7903,9915.0,7,0,1,0,0.0,0
0.416,32,0,0.4358,6816.0,16,0,0,0,0.0,0
0.3069,50,0,0.5432,7581.0,3,0,3,0,1.0,0
0.6025,21,0,0.8701,12710.0,4,0,2,0,0.0,0
0.0985,28,0,0.6025,8445.0,7,0,0,0,0.0,0
0.1001,35,0,0.3668,5281.0,9,0,0,0,0.0,0
0.0735,32,0,0.4237,9979.0,6,0,0,0,1.0,0
2.0525,72,0,0.492,12697.0,16,0,2,0,1.0,0
0.4421,35,0,0.5147,4499.0,8,0,2,0,0.0,1
0.0364,56,0,0.7588,13128.0,8,0,0,0,,0
0.3893,51,0,0.209,,7,0,2,0,0.0,0
1.6906,50,0,0.3026,12251.0,6,0,0,0,1.0,0
0.3101,46,0,0.9885,8774.0,7,0,2,0,0.0,0
0.1919,42,2,0.5638,,5,0,1,1,0.0,0
0.4172,63,0,0.1677,7951.0,9,0,2,0,0.0,0
2.2819,21,0,0.1279,7447.0,3,0,0,0,0.0,0
0.3858,66,0,0.1395,3627.0,6,0,1,0,2.0,0
0.6077,46,0,0.1795,12323.0,11,0,0,0,1.0,0
1.2349,55,2,0.3061,6867.0,4,0,0,1,0.0,0
0.5597,61,0,0.2225,3312.0,5,0,0,0,0.0,0
0.0982,70,0,0.2367,4501.0,11,0,0,0,2.0,0
6.3986,42,0,0.1624,,9,0,2,0,1.0,0
0.242,46,0,0.1838,,12,0,0,0,1.0,0
0.4625,30,0,0.4554,,6,0,2,0,2.0,0
0.0329,57,0,0.1324,3441.0,7,0,1,0,0.0,0
0.0953,81,0,0.4744,,8,0,2,0,2.0,0
0.4284,45,0,0.5684,4982.0,9,0,1,0,1.0,0
0.3474,49,0,0.5676,6639.0,5,0,0,0,0.0,0
0.0179,59,0,0.014,5719.0,7,0,0,0,0.0,0
0.9455,51,0,0.1282,3898.0,9,0,1,0,0.0,0
2.9205,63,0,0.1579,4433.0,9,0,1,0,2.0,0
0.1239,51,0,0.4906,5402.0,5,0,3,0,1.0,0
1.4815,66,0,0.6125,3155.0,9,0,2,0,0.0,1
0.396,46,0,0.8583,5009.0,6,0,2,0,1.0,0
0.7644,53,0,0.4011,,3,0,0,0,1.0,0
0.3865,39,0,0.1827,5065.0,12,0,1,0,0.0,0
0.0909,43,0,1.3947,2802.0,8,0,3,0,0.0,0
0.1856,54,0,0.8927,,9,0,2,0,0.0,0
0.0788,52,1,0.4891,1308.0,13,0,3,0,0.0,0
0.761,66,0,0.9132,18947.0,7,0,3,0,0.0,0
0.1669,57,0,0.6839,5417.0,11,0,0,0,0.0,0
0.4854,50,0,0.6283,3929.0,11,0,0,0,2.0,1
0.3072,45,0,0.6628,,11,0,4,0,3.0,0
0.4806,54,0,0.6694,7075.0,12,0,1,0,1.0,0
0.3206,65,0,0.2649,2605.0,5,0,1,0,0.0,0
0.9328,43,0,0.9571,3612.0,9,0,1,0,0.0,0
0.5516,91,0,0.0271,3781.0,12,0,0,0,0.0,0
0.0381,33,0,0.1001,4311.0,6,0,2,0,2.0,0
0.5167,41,0,0.5699,4294.0,8,0,0,0,1.0,0
0.012,46,0,0.2485,7777.0,13,0,0,0,2.0,0
0.0141,65,0,0.527,4034.0,7,0,0,0,0.0,0
0.2409,72,0,0.8908,6918.0,11,0,1,0,0.0,0
0.3198,47,0,0.7062,3338.0,6,0,0,0,1.0,0
1.3217,40,0,0.6136,,4,0,2,0,3.0,1
1.2711,39,0,0.1703,,10,0,1,0,0.0,0
1.1586,65,0,0.6007,,4,0,1,0,0.0,0
0.2942,35,0,0.7582,3358.0,6,0,1,0,3.0,0
0.4028,56,0,0.6125,4686.0,11,0,0,0,0.0,0
0.7653,57,0,0.4869,6729.0,6,0,0,0,1.0,0
0.324,57,0,0.2339,6851.0,12,0,0,0,1.0,0
0.2351,41,0,0.3775,2670.0,11,0,1,0,0.0,0
0.1508,34,0,0.0224,8951.0,4,0,1,0,0.0,0
0.592,52,0,0.1725,4210.0,8,0,2,0,0.0,0
0.3761,61,0,0.2958,13629.0,6,0,2,0,2.0,0
0.3502,47,0,0.8095,2741.0,9,0,5,0,1.0,0
0.3349,61,0,1.0477,7637.0,4,0,1,0,1.0,0
0.2357,50,0,0.4153,4567.0,11,0,2,0,2.0,0
0.4573,60,0,0.1892,17139.0,6,0,2,0,1.0,0
0.0811,37,0,0.9811,,10,1,0,0,0.0,0
0.3289,49,0,0.3865,6427.0,15,0,0,0,1.0,0
2.0152,76,0,0.5887,,11,0,0,1,1.0,1
0.9021,44,0,0.7037,3482.0,8,0,0,0,1.0,1
0.6182,57,0,0.5614,,9,0,0,0,1.0,0
0.0191,52,0,0.2185,5721.0,9,0,1,0,0.0,0
4.6617,45,0,0.5713,4379.0,9,0,1,0,2.0,0
0.3199,64,0,0.9219,11950.0,5,0,1,0,0.0,0
0.6533,43,0,0.739,5551.0,13,0,1,0,1.0,0
1.0075,67,0,0.4367,8386.0,14,0,0,0,0.0,0
0.8848,62,0,0.6593,7723.0,8,0,0,0,1.0,0
0.1334,33,0,0.3083,4707.0,6,0,0,0,1.0,0
0.5366,63,0,0.5652,13729.0,10,0,1,0,4.0,0
0.0653,53,0,0.1457,12380.0,7,0,1,0,2.0,0
0.5092,37,0,0.0439,,7,0,3,0,,0
0.5805,45,0,0.3916,1209.0,6,0,3,0,1.0,0
0.6442,41,0,1.2754,2159.0,12,0,1,0,0.0,0
0.2105,57,0,0.8657,6602.0,6,0,2,0,1.0,0
0.0306,79,0,0.5153,8591.0,9,0,0,0,0.0,0
0.0248,52,0,0.4489,1732.0,5,0,2,0,0.0,0
0.2608,44,0,0.6229,4071.0,5,0,2,0,2.0,0
0.6313,52,0,0.2956,8800.0,3,0,1,0,0.0,0
0.6005,50,0,0.6995,3167.0,7,0,2,0,0.0,0
0.5903,60,0,0.0059,4919.0,11,0,0,0,0.0,0
0.6426,46,0,0.4905,3972.0,11,0,1,0,1.0,0
0.3871,21,0,0.3357,2083.0,11,0,4,0,4.0,0
0.0026,53,0,0.514,11634.0,3,0,1,0,1.0,0
0.2556,48,0,0.2811,1758.0,7,0,2,0,0.0,0
0.2518,37,0,1.1662,,10,0,0,0,1.0,0
0.3281,48,0,0.8986,9554.0,9,0,1,0,0.0,0
0.6974,69,0,0.4044,3331.0,15,0,1,0,1.0,0
0.3489,40,0,0.5379,11344.0,10,0,0,0,0.0,0
0.826,50,0,0.4915,5032.0,7,0,2,0,2.0,0
0.7684,46,0,0.9811,,5,0,2,0,1.0,1
9.2791,33,0,0.2917,3939.0,8,0,0,0,2.0,0
2.7466,56,0,0.1861,,8,0,3,0,1.0,0
5.9786,51,0,0.243,5086.0,10,0,1,0,0.0,0
0.4562,84,0,0.4428,6282.0,12,0,2,0,0.0,0
0.9247,62,3,0.8634,1774.0,7,1,1,1,1.0,0
0.2513,63,0,0.3804,7452.0,7,0,1,0,0.0,0
0.2042,40,0,0.5912,4349.0,8,0,1,0,2.0,0
0.0205,62,0,0.8751,7780.0,4,0,0,0,0.0,0
0.2894,60,0,0.9306,14371.0,6,0,0,0,2.0,0
0.5453,21,0,0.3932,8858.0,4,0,0,0,2.0,0
2.426,68,1,0.3594,4329.0,9,0,0,0,1.0,0
0.0313,50,0,1.5289,6376.0,7,0,0,0,0.0,0
3.165,39,0,0.4249,10116.0,6,0,1,0,0.0,0
3.0088,51,0,0.655,3758.0,8,0,1,0,1.0,0
0.1667,43,0,0.1673,6674.0,6,0,0,0,2.0,0
1.0778,57,1,0.1839,4858.0,6,0,0,0,2.0,0
0.0255,46,0,0.5915,7242.0,9,0,0,0,0.0,0
0.5063,76,0,0.6204,15650.0,10,0,2,0,0.0,0
0.3903,76,0,0.4101,6135.0,8,0,2,0,0.0,1
0.6903,56,0,0.778,7150.0,6,0,1,0,0.0,0
0.4208,60,1,0.3864,7558.0,6,3,3,0,1.0,0
0.1251,76,0,0.6873,5042.0,8,0,0,0,1.0,0
0.4223,47,0,0.3755,10693.0,8,0,0,0,1.0,0
0.0827,50,0,0.147,7357.0,7,0,0,0,0.0,0
0.251,60,0,0.6098,3387.0,13,0,2,0,0.0,0
0.8435,51,0,0.5327,3585.0,4,0,2,0,0.0,1
0.0182,56,0,0.6056,9807.0,7,0,0,0,0.0,0
0.1011,47,0,0.3078,9509.0,11,0,2,0,1.0,0
0.4745,38,0,0.382,5518.0,12,0,1,0,1.0,0
0.0285,38,0,0.4812,10487.0,13,0,0,0,1.0,0
1.2497,69,1,0.2251,,5,0,0,0,1.0,0
0.4462,58,1,0.5514,5802.0,10,1,1,0,1.0,0
1.1548,65,0,0.8606,5332.0,6,0,1,0,0.0,0
0.3155,39,0,0.5564,6623.0,6,0,2,0,0.0,0
0.3341,59,0,0.496,,5,0,1,0,0.0,0
0.4373,61,0,0.4597,,8,0,0,0,0.0,0
0.2983,43,0,0.6792,6588.0,11,0,0,0,0.0,0
0.1353,45,0,0.4706,14798.0,6,0,0,0,0.0,0
0.4331,73,0,0.5707,4670.0,9,0,1,0,0.0,0
0.0055,49,0,0.1979,2784.0,10,0,1,0,0.0,0
0.1281,62,0,0.229,1628.0,9,0,0,0,1.0,0
2.7262,40,0,0.5623,7883.0,10,0,1,0,2.0,0
0.3565,72,0,0.2652,9425.0,6,0,2,0,0.0,0
0.6243,47,0,0.271,3301.0,7,0,0,0,2.0,0
0.194,50,0,0.5187,4799.0,10,0,0,0,0.0,0
0.0688,59,0,0.127,,3,0,0,0,0.0,0
0.2571,91,0,0.1571,9618.0,8,0,1,0,,0
0.7477,45,0,0.3586,4884.0,7,0,1,0,1.0,0
0.0882,53,0,0.7218,11318.0,7,0,3,0,0.0,0
2.3092,70,0,0.3658,6517.0,13,0,0,0,1.0,1
0.1738,54,0,0.2287,,4,0,1,0,2.0,0
0.3243,54,0,0.4779,5179.0,8,0,0,0,1.0,0
0.0125,82,3,0.4811,6318.0,10,0,1,0,1.0,0
0.1874,71,0,0.5111,6914.0,11,0,0,0,0.0,0
0.4973,83,0,0.6229,2860.0,11,0,1,0,0.0,0
0.6221,44,0,0.8812,4424.0,10,0,1,0,1.0,0
0.0012,65,0,0.3249,,5,0,1,0,2.0,0
0.4432,54,0,0.5817,10507.0,6,0,2,0,1.0,0
0.1878,52,0,0.3407,11573.0,11,0,0,0,,0
0.143,53,0,0.7962,4888.0,10,0,0,0,1.0,0
0.4305,63,2,0.5885,,12,0,2,0,1.0,0
0.2059,54,0,0.5207,5115.0,2,0,1,0,1.0,0
0.1314,41,0,0.3054,9798.0,8,0,0,0,0.0,0
0.2068,42,0,0.662,,9,0,2,0,0.0,0
1.9521,37,0,0.8791,3717.0,11,0,2,0,1.0,0
0.2592,53,0,0.087,8520.0,7,0,0,0,0.0,0
0.2563,62,0,0.5517,,9,0,3,0,2.0,0
0.1861,69,0,0.5171,4876.0,6,0,2,0,1.0,0
0.8971,60,0,0.5003,,9,0,0,0,0.0,1
1.1974,56,0,1.0245,7783.0,7,0,2,0,0.0,0
0.533,69,0,0.2839,6838.0,9,0,1,0,3.0,0
2.4651,33,0,0.308,4996.0,7,0,3,0,0.0,0
0.0827,60,0,0.4115,6820.0,6,0,0,0,1.0,0
0.3515,59,0,0.6194,3756.0,6,0,0,0,2.0,0
0.1648,37,0,0.6244,,9,0,2,0,1.0,0
0.0805,27,0,0.3582,10379.0,11,0,0,0,0.0,0
0.0571,52,0,0.4438,,10,0,1,0,1.0,0
0.0182,62,0,0.751,,5,0,3,0,,0
0.3682,34,1,0.508,,7,0,2,1,1.0,0
0.141,44,0,0.9147,5320.0,9,0,0,0,1.0,0
0.3859,52,0,0.8427,10552.0,10,0,0,0,0.0,0
0.2361,67,0,0.0368,5826.0,5,0,2,0,1.0,0
0.3922,59,0,0.37,4609.0,10,0,1,0,0.0,0
0.137,58,0,0.5711,16261.0,9,0,0,0,2.0,0
0.5046,49,0,0.3004,4335.0,5,0,1,0,0.0,0
2.4544,74,0,0.312,10806.0,7,0,1,0,0.0,0
0.0265,58,0,0.5392,28145.0,12,0,2,0,0.0,0
0.0637,45,1,0.5248,5661.0,8,0,1,2,0.0,0
0.6325,46,0,0.3301,5472.0,9,0,1,0,0.0,0
0.6892,50,0,0.5392,6501.0,9,0,0,0,2.0,0
0.0469,48,0,0.4944,2878.0,8,0,1,0,1.0,0
0.3835,28,0,0.7182,3622.0,9,0,1,0,2.0,0
0.4628,45,0,0.8421,21179.0,11,0,1,0,2.0,0
0.1166,59,0,0.2549,6667.0,7,0,2,0,0.0,0
0.3005,41,0,0.5035,6277.0,12,0,1,0,1.0,0
1.5953,54,0,0.8854,,15,0,2,0,1.0,0
0.2858,37,0,0.5901,19919.0,10,0,2,0,2.0,0
0.596,22,0,0.9531,3217.0,14,0,1,0,1.0,0
0.1334,48,0,0.5165,4255.0,11,0,1,0,0.0,0
0.2495,55,0,0.5305,3217.0,8,0,2,0,,0
0.6719,45,0,0.5498,4913.0,5,0,3,0,2.0,0
0.8135,38,0,0.8111,2861.0,12,0,1,0,2.0,0
0.6727,61,0,0.6927,,5,0,1,0,1.0,0
0.361,52,0,0.1575,13312.0,8,0,1,0,2.0,0
0.5327,61,0,0.0928,6445.0,14,0,0,0,1.0,0
1.3974,79,0,0.4138,25127.0,7,0,1,0,0.0,0
0.2447,59,0,0.2478,,5,0,1,0,1.0,0
0.7315,59,0,1.2356,2483.0,10,0,0,0,2.0,0
0.435,42,0,0.3402,,6,0,0,0,0.0,0
0.1936,52,0,0.4307,10806.0,13,0,0,0,1.0,0
0.6926,35,0,0.3776,2011.0,6,0,2,0,1.0,0
0.7186,38,0,0.475,5294.0,8,0,0,0,0.0,0
0.5675,56,0,0.4659,1408.0,4,0,1,0,2.0,0
0.0744,48,0,0.978,,4,0,1,0,1.0,0
0.1882,44,0,0.3612,9372.0,10,0,1,0,0.0,0
1.4698,54,0,0.2564,9107.0,9,0,1,0,0.0,0
0.5119,44,2,0.624,,7,0,1,0,1.0,1
0.2064,48,0,0.2998,,11,0,1,0,0.0,0
0.262,56,0,0.3037,9201.0,9,0,1,0,,0
1.2684,45,0,0.4143,,6,0,1,0,0.0,0
0.1628,39,0,0.8246,12362.0,5,0,0,0,2.0,0
0.2943,69,0,0.1435,6200.0,10,0,2,0,1.0,0
0.8693,79,0,0.5366,,5,0,0,0,0.0,1
3.6402,52,0,0.316,7417.0,8,0,0,0,1.0,0
0.3072,50,0,0.7002,6261.0,10,0,1,0,1.0,0
0.8937,52,0,0.8812,4161.0,6,0,4,0,3.0,1
0.1671,42,0,0.5667,4322.0,7,0,2,0,0.0,0
0.0712,68,0,0.5798,5874.0,6,0,2,0,0.0,0
0.5028,65,0,0.1672,3973.0,9,0,0,0,0.0,0
0.5929,45,0,0.6534,6337.0,7,0,2,0,0.0,0
0.4399,47,0,0.4845,1643.0,7,0,2,0,1.0,1
0.4426,57,0,0.5138,,10,0,1,0,2.0,0
0.3433,68,0,0.2459,,5,0,0,0,1.0,0
0.1802,58,0,0.6551,5288.0,5,0,1,0,1.0,0
0.0222,60,0,0.8537,3752.0,7,0,2,1,2.0,0
0.3185,58,0,0.3035,4114.0,8,0,2,0,0.0,0
0.2029,55,0,0.6839,,11,0,2,0,1.0,0
0.0999,57,0,0.5563,5990.0,10,0,0,0,0.0,0
0.5423,63,0,0.0644,4142.0,3,0,0,0,1.0,0
0.5153,57,0,0.1911,2390.0,6,0,1,0,0.0,1
4.8668,49,0,0.3615,7782.0,14,0,1,0,1.0,0
0.6103,85,0,0.373,12124.0,7,0,1,0,0.0,0
0.1371,30,0,0.1771,8803.0,9,0,3,0,1.0,0
0.0048,65,0,0.1843,,3,0,1,0,1.0,0
0.2616,45,0,0.3736,,5,0,0,0,0.0,0
0.069,29,0,0.8213,4724.0,19,0,0,0,0.0,0
0.3334,24,0,0.1601,3287.0,9,0,4,0,0.0,0
0.9933,49,0,0.4788,4837.0,13,0,1,0,1.0,0
0.5045,81,0,0.2905,5885.0,3,0,2,0,,0
1.4621,78,0,0.4093,2630.0,11,0,0,0,1.0,0
7.5815,44,0,0.2861,6148.0,9,0,0,0,0.0,0
0.1351,44,0,0.3596,1481.0,3,0,1,0,1.0,0
0.8182,47,0,0.6384,5251.0,13,0,1,0,0.0,0
0.2355,55,0,0.3388,2094.0,10,0,1,0,0.0,0
1.9939,79,0,0.5261,,8,0,0,0,0.0,1
0.0466,66,0,0.6564,1146.0,12,0,0,0,0.0,0
0.22,61,0,0.2605,9820.0,7,0,1,0,0.0,0
0.3315,56,0,0.7063,1548.0,9,0,0,0,0.0,0
0.4097,25,0,0.0624,4910.0,10,0,0,0,1.0,0
0.1776,25,0,0.4229,,14,0,0,0,0.0,0
0.8191,41,0,0.1611,3608.0,11,0,3,0,1.0,0
1.1772,35,0,0.2679,,9,0,1,0,0.0,0
0.5259,29,0,0.4557,9005.0,18,0,0,0,1.0,0
0.1985,66,0,0.2158,8792.0,7,0,0,0,1.0,0
12.5619,49,0,1.0178,5717.0,7,0,0,0,2.0,0
1.532,40,0,0.2543,5110.0,2,0,1,0,2.0,0
0.253,34,0,0.7323,,6,0,3,0,2.0,0
0.4382,62,0,0.3499,,8,0,4,0,0.0,0
0.1036,51,0,0.0698,3789.0,10,0,1,0,1.0,0
0.2248,31,0,0.1255,2668.0,5,0,1,0,1.0,0
0.4346,46,0,0.6113,9997.0,11,0,0,0,0.0,0
6.9373,78,0,0.5863,5575.0,7,0,0,0,1.0,0
0.4612,66,0,0.6656,12438.0,8,0,1,0,0.0,0
0.0725,53,0,0.3337,7093.0,6,0,1,0,1.0,0
0.077,57,0,0.9933,10017.0,9,0,0,0,1.0,0
0.1249,46,0,0.158,5422.0,9,0,1,0,1.0,0
0.1991,48,0,0.3287,5490.0,9,0,4,0,0.0,0
0.0953,36,0,0.4615,4542.0,6,0,1,0,1.0,0
1.0664,42,0,0.6207,3961.0,8,0,1,0,0.0,0
1.1359,59,0,0.6492,5863.0,5,0,0,0,0.0,0
0.1812,72,0,0.1285,2712.0,8,0,1,0,0.0,0
0.5106,57,0,0.816,12437.0,9,0,0,0,0.0,0
0.6028,66,0,0.2897,5458.0,12,0,0,0,0.0,0
0.0131,23,0,0.1072,4791.0,5,0,1,0,2.0,0
1.2093,59,0,0.6005,,9,0,0,0,0.0,0
1.1437,57,0,0.2279,9765.0,10,0,3,0,0.0,0
0.2153,41,0,0.1908,4213.0,6,0,4,0,0.0,0
0.6135,51,0,0.3655,13127.0,6,0,1,0,2.0,0
2.9899,71,0,0.3176,1178.0,17,0,2,0,0.0,0
1.0327,58,0,0.2198,1727.0,5,0,0,0,0.0,0
0.501,47,0,0.8657,,7,0,1,0,2.0,0
0.4704,78,0,0.3878,12979.0,9,0,3,0,0.0,1
1.0187,52,0,0.456,3413.0,7,0,1,0,1.0,0
0.6904,73,0,0.2385,7202.0,8,0,3,0,1.0,0
0.3128,47,0,0.4263,,8,0,2,0,0.0,0
1.135,53,0,0.9797,10816.0,7,0,1,0,1.0,0
0.6115,73,0,0.3388,,11,0,1,0,0.0,0
0.4827,38,0,0.5105,,6,0,2,0,2.0,0
0.2504,85,0,0.059,25243.0,4,0,1,0,,0
0.043,42,0,0.2549,5290.0,13,0,1,0,1.0,0
0.3219,61,0,0.905,12382.0,11,0,2,0,0.0,0
0.9414,60,0,0.693,4046.0,8,0,2,0,0.0,1
0.0006,36,3,0.6777,4518.0,15,0,0,0,1.0,0
0.8822,31,3,0.8093,3845.0,7,0,1,0,3.0,0
0.3303,34,0,0.5206,8170.0,6,0,0,0,0.0,0
0.4637,49,0,0.3793,2675.0,7,0,1,0,1.0,0
0.0885,62,0,0.6917,3517.0,9,0,0,0,0.0,0
1.2955,48,0,0.6048,3042.0,12,0,1,0,1.0,0
0.2509,44,0,0.7268,2453.0,10,0,1,0,2.0,0
4.9941,43,0,0.1459,,7,0,1,0,0.0,0
0.2864,49,0,0.4175,2430.0,9,0,0,0,0.0,0
0.9024,47,0,0.4645,4032.0,9,0,0,0,,0
0.3637,46,0,0.3074,8123.0,8,0,0,0,0.0,0
1.2808,38,0,0.5908,,8,0,2,0,3.0,0
0.1252,40,0,0.8975,,7,0,1,0,0.0,0
0.2857,64,0,0.5695,4827.0,8,0,2,0,0.0,0
1.5373,42,1,0.1543,2876.0,7,0,1,2,0.0,0
0.5629,63,0,0.4793,3282.0,15,0,0,0,0.0,0
0.5927,54,0,0.6991,10136.0,7,0,0,0,0.0,0
0.5616,79,0,0.2423,6758.0,8,0,2,0,0.0,0
0.0516,54,0,0.6797,13239.0,9,0,2,0,0.0,0
0.1832,60,0,0.4642,,8,0,0,0,1.0,0
0.8854,37,0,0.1491,6653.0,6,0,3,0,2.0,0
0.0779,33,0,0.2495,3118.0,10,0,0,0,1.0,0
0.2828,79,0,1.5001,4152.0,10,0,0,0,2.0,1
0.2817,65,0,0.6231,,8,0,1,0,0.0,0
0.2833,34,0,0.3854,14587.0,10,0,2,0,0.0,0
1.97,61,0,0.3254,5614.0,7,0,1,0,0.0,0
7.0187,62,0,0.5412,2425.0,13,0,0,0,0.0,0
0.0513,75,0,0.944,5598.0,10,0,2,0,1.0,0
0.3308,40,0,0.2843,9883.0,11,0,0,0,0.0,0
0.1391,50,0,0.3325,6340.0,10,0,0,0,0.0,0
3.3955,45,0,0.7148,15623.0,13,0,4,0,0.0,0
0.1035,55,0,0.249,2383.0,7,0,2,0,0.0,0
8.4376,46,0,1.0188,2117.0,4,0,0,0,1.0,0
0.0708,62,0,0.1586,7226.0,9,0,0,0,0.0,0
0.769,33,0,0.1386,2929.0,5,0,3,0,0.0,0
0.1538,54,0,0.147,5301.0,11,0,4,0,4.0,0
0.6754,32,0,0.414,5264.0,6,0,2,0,0.0,0
0.1132,68,0,0.6619,1140.0,8,0,0,0,,0
0.2854,48,0,0.3194,6147.0,6,0,1,0,1.0,0
2.5116,50,0,0.6854,3736.0,6,0,1,0,1.0,0
5.9982,64,0,1.204,,10,0,0,0,0.0,0
0.1488,55,0,0.8889,5667.0,9,0,0,0,0.0,0
0.7616,52,0,0.4846,1786.0,18,0,3,0,0.0,0
0.0785,44,0,1.2802,,7,0,0,0,1.0,0
0.4441,49,0,0.6443,6905.0,5,0,2,0,0.0,0
0.4947,38,0,0.7031,2350.0,18,0,1,0,0.0,0
0.1431,38,0,0.4821,7164.0,7,0,1,0,0.0,0
8.5098,57,0,0.3875,4347.0,10,0,1,0,0.0,0
0.2868,33,0,0.8312,13070.0,9,0,1,0,0.0,0
8.1601,49,0,0.6854,,9,0,0,0,0.0,1
0.1663,55,0,0.2732,3893.0,8,0,1,0,1.0,0
0.8754,57,0,0.6892,7651.0,9,0,1,0,1.0,0
0.6576,21,0,0.5714,,3,0,1,0,3.0,1
1.1657,43,0,0.5264,,4,0,1,0,2.0,0
2.6296,63,0,0.3681,4012.0,9,0,0,0,1.0,0
0.2579,60,0,0.1547,4804.0,8,0,1,0,0.0,0
0.3348,53,0,0.269,,12,0,3,0,2.0,0
0.5729,45,0,0.4562,,5,0,2,0,0.0,0
0.1784,49,0,0.3422,7512.0,15,0,2,0,0.0,0
5.5937,57,0,0.2436,14218.0,8,0,1,0,2.0,0
4.3777,47,0,0.2157,3340.0,9,0,1,0,1.0,0
0.3293,59,0,1.0541,5694.0,8,0,1,0,1.0,0
0.058,65,0,0.4957,,9,0,0,0,1.0,0
6.9178,47,0,0.0709,11336.0,13,0,1,0,1.0,0
0.0415,60,0,0.3542,5928.0,10,0,0,0,0.0,0
0.3597,45,0,0.8043,2399.0,7,0,2,0,1.0,0
0.3404,47,1,0.4697,3219.0,4,1,2,0,1.0,0
2.6055,60,0,0.1507,,10,0,0,0,0.0,0
1.733,79,0,0.2185,3615.0,8,0,0,0,0.0,1
0.1487,49,0,0.6456,8815.0,4,0,1,0,1.0,0
0.1838,85,0,0.2969,3495.0,6,0,0,0,0.0,0
0.6114,44,0,0.3832,6784.0,5,0,1,0,1.0,0
3.3197,67,0,0.4669,3027.0,10,0,0,0,0.0,0
0.4152,67,0,0.6052,1714.0,5,0,2,0,1.0,0
0.3502,70,0,0.6498,11899.0,10,0,1,0,0.0,0
0.5826,47,0,0.4355,8720.0,6,0,4,0,1.0,0
0.0647,59,0,0.406,4381.0,15,0,1,0,0.0,0
0.1197,55,0,0.9637,2649.0,5,0,1,0,2.0,0
0.6707,50,0,0.551,6148.0,7,0,1,0,0.0,0
0.6491,51,0,0.3284,13484.0,5,0,2,0,1.0,0
0.8295,33,0,0.5479,4377.0,2,0,2,0,0.0,0
0.1587,51,1,0.5951,2636.0,6,0,0,0,2.0,0
0.3086,46,0,0.6768,6490.0,5,0,2,0,0.0,0
0.4927,49,0,0.023,7219.0,13,0,0,0,0.0,0
1.9306,35,0,0.2554,3429.0,9,0,1,0,0.0,0
0.8249,48,0,0.3767,9450.0,9,0,2,0,2.0,0
0.5101,56,0,0.371,9942.0,9,0,0,0,0.0,0
0.7734,39,0,0.8451,3464.0,4,0,1,0,0.0,0
0.6452,57,0,0.674,7683.0,9,0,1,0,0.0,0
0.0558,54,0,0.1021,7586.0,10,0,1,0,0.0,0
0.3604,47,0,0.434,4759.0,11,0,0,0,0.0,0
0.4168,60,0,0.4308,4173.0,9,0,0,0,1.0,0
0.9734,66,0,0.8933,,7,0,1,0,1.0,0
0.4098,46,0,0.2301,3461.0,5,0,0,0,1.0,0
1.346,42,0,0.2961,4227.0,5,0,0,0,0.0,0
1.4667,61,0,0.929,2331.0,14,0,2,0,0.0,0
1.7615,44,2,0.4076,3492.0,12,0,2,0,1.0,0
0.3187,35,0,0.4229,4114.0,5,0,1,0,2.0,0
0.4259,62,0,0.2904,8938.0,4,0,5,0,1.0,0
0.7272,45,0,0.0141,6884.0,13,0,1,0,1.0,0
0.8802,59,0,0.5437,4302.0,8,0,1,0,1.0,0
0.1287,33,0,0.1284,,5,0,1,0,3.0,0
0.0164,55,0,0.1717,4800.0,7,0,0,0,1.0,0
0.5021,52,0,0.9301,3351.0,12,0,4,0,1.0,1
1.5023,63,0,0.1896,4128.0,7,0,1,0,1.0,0
0.7624,28,0,1.3373,4212.0,8,0,0,0,2.0,0
4.0554,34,0,0.4226,5456.0,10,0,1,0,1.0,0
0.5982,69,0,0.5685,9341.0,11,0,2,0,2.0,0
1.1303,51,0,0.1371,2888.0,9,0,1,0,0.0,0
0.4137,36,0,1.2015,21188.0,8,0,1,0,1.0,0
0.3352,58,0,0.6722,,7,0,0,0,0.0,0
0.6647,45,0,0.3094,3833.0,8,0,1,0,1.0,0
0.4039,42,2,0.1299,3069.0,7,0,0,0,0.0,0
0.8168,75,0,0.2514,3743.0,6,0,1,0,0.0,1
0.9755,46,1,0.4523,,10,0,0,0,0.0,0
1.8901,24,0,0.3321,2833.0,4,0,1,0,1.0,0
0.6748,47,0,0.5597,11820.0,7,0,0,0,0.0,0
0.4566,41,2,0.3226,6385.0,3,0,2,0,0.0,0
1.4775,21,0,1.0483,2050.0,8,0,1,0,2.0,1
0.8197,61,0,0.7402,16158.0,11,0,1,0,0.0,0
0.3873,69,0,0.2291,6813.0,7,0,1,0,0.0,0
4.5693,57,0,0.5839,5057.0,3,0,1,0,2.0,0
0.4516,49,0,0.7298,7410.0,8,0,1,0,0.0,0
0.379,45,0,0.4444,4554.0,3,0,0,0,0.0,0
0.3674,49,0,0.9249,6489.0,5,0,0,0,2.0,0
0.5676,64,0,0.4384,5784.0,6,0,0,0,1.0,0
0.3702,22,0,0.629,12295.0,10,0,2,0,0.0,0
0.1484,51,0,0.6297,9448.0,5,0,0,0,2.0,0
0.1419,66,0,0.8836,3261.0,10,0,2,0,0.0,0
5.3761,33,0,0.7092,1199.0,13,0,1,0,1.0,1
0.7103,65,0,0.7489,4633.0,8,0,2,0,,0
0.0914,74,0,0.6379,4828.0,11,0,1,0,1.0,0
0.2722,44,0,0.4002,,10,0,1,0,0.0,0
0.3829,33,0,0.6821,2922.0,8,0,0,0,0.0,0
5.9866,43,0,0.8001,7303.0,8,0,3,0,2.0,0
0.2032,57,0,0.2404,,13,0,1,0,1.0,0
1.9919,87,0,0.6243,3585.0,7,0,0,0,0.0,1
0.0891,41,0,0.0346,11037.0,10,0,1,0,2.0,0
0.6615,42,0,0.1278,5818.0,8,0,0,0,0.0,0
0.1015,50,0,0.0911,8600.0,9,0,3,0,1.0,0
0.0503,54,0,0.8973,4045.0,12,0,2,0,0.0,0
0.3372,52,0,0.8051,,11,0,0,0,1.0,0
0.2492,29,2,0.3806,3636.0,9,0,2,0,0.0,0
0.1162,35,0,0.3741,1918.0,8,0,2,0,2.0,0
0.3979,63,0,0.5653,,8,0,0,0,2.0,0
0.34,70,0,0.3891,6649.0,12,0,2,0,0.0,0
0.5333,33,0,0.5357,4539.0,10,0,1,0,0.0,0
0.8341,69,0,0.3841,4052.0,9,0,2,0,0.0,0
0.3794,21,0,1.0451,4134.0,12,0,0,0,0.0,0
0.0847,56,0,0.5759,1903.0,9,0,1,0,0.0,0
0.0787,47,0,0.7168,4872.0,7,0,1,0,0.0,0
0.3008,57,0,0.972,4239.0,8,0,0,0,0.0,0
0.9679,33,0,0.0875,10364.0,7,0,3,0,1.0,0
0.0557,63,0,1.2567,,5,0,2,0,0.0,0
0.3386,47,0,0.0931,,9,0,2,0,0.0,0
6.1813,41,0,0.1107,7660.0,6,0,1,0,1.0,1
0.2801,45,0,0.6118,6858.0,9,0,0,0,0.0,0
0.1625,62,0,0.3708,5665.0,9,0,1,0,0.0,0
0.0084,51,0,0.6662,5294.0,9,0,1,0,0.0,0
1.1116,56,0,0.0819,15940.0,10,0,1,0,1.0,0
0.1537,61,0,0.5989,,5,0,1,0,1.0,0
1.077,42,0,0.4914,14636.0,7,0,0,0,1.0,0
0.127,43,0,0.2764,4097.0,8,0,1,0,0.0,0
0.2539,88,0,0.2722,3482.0,18,0,0,0,0.0,0
0.1403,33,0,0.7344,5060.0,2,0,1,0,0.0,0
0.3514,22,0,0.5779,7868.0,6,0,1,0,3.0,0
0.265,41,0,0.5468,,7,0,2,0,1.0,0
0.419,47,0,0.6833,,13,0,0,0,0.0,1
2.0946,62,0,0.2746,6677.0,13,0,0,0,0.0,0
1.0514,42,0,0.6382,3021.0,8,0,4,0,0.0,0
3.0249,63,1,0.735,6780.0,4,0,3,1,0.0,0
0.3387,45,0,0.6832,4322.0,9,0,1,0,2.0,0
0.5953,59,0,1.0087,2061.0,13,0,1,0,1.0,0
0.3779,67,0,0.2726,,10,0,0,0,3.0,0
0.2928,43,0,0.4289,5017.0,8,0,0,0,0.0,0
0.3109,64,0,0.3939,5652.0,5,0,1,0,0.0,0
0.4184,35,0,0.0666,7122.0,12,0,1,0,0.0,0
0.3706,53,0,0.4413,14592.0,4,1,0,1,0.0,0
0.8532,54,0,0.3433,,8,0,0,0,1.0,0
0.0433,54,0,0.1368,,9,0,1,0,2.0,0
0.2385,55,0,0.301,12297.0,10,0,4,0,3.0,0
1.1592,55,0,1.0677,10249.0,13,0,1,0,2.0,0
0.242,21,0,0.3868,4613.0,7,0,1,0,1.0,0
1.0913,54,0,0.5156,5581.0,6,0,2,0,2.0,0
0.54,28,0,0.5926,7412.0,8,0,0,0,1.0,0
0.2556,43,0,0.8899,1834.0,5,0,1,0,1.0,0
0.1063,63,0,1.1059,6307.0,14,0,0,0,1.0,0
0.1432,59,0,0.4015,15447.0,10,0,2,0,,0
5.3816,72,0,0.3496,5272.0,10,0,1,0,1.0,0
2.2954,57,0,0.526,3325.0,6,0,1,0,0.0,0
0.0857,41,0,0.0143,10077.0,9,0,0,0,5.0,0
1.1855,33,0,0.4502,1762.0,8,0,1,0,2.0,0
0.6446,68,0,1.0239,7473.0,4,0,1,0,2.0,0
0.345,36,0,0.6516,3518.0,7,0,2,0,2.0,0
0.1899,35,0,0.509,4614.0,7,0,0,0,2.0,0
0.2579,52,0,0.6997,3571.0,11,0,2,0,0.0,0
2.0202,68,0,0.7052,1436.0,8,0,0,0,0.0,0
0.1166,52,0,0.4848,2805.0,13,0,0,0,0.0,0
0.2687,47,0,0.2417,5427.0,8,0,0,0,0.0,0
0.2718,41,0,0.214,6849.0,10,0,0,0,0.0,0
0.4855,57,0,0.841,10723.0,8,0,1,0,2.0,0
0.1808,26,0,0.985,5500.0,4,0,0,0,2.0,0
0.1324,31,0,0.6049,,7,0,1,0,0.0,0
0.5543,40,0,0.6757,5516.0,6,0,0,0,2.0,0
0.3333,41,0,0.3544,11714.0,13,0,1,0,0.0,0
0.3214,43,0,0.6879,,11,1,1,2,,0
0.1126,65,0,0.3571,2929.0,6,0,0,0,0.0,0
0.2493,70,0,0.6101,11816.0,10,0,1,0,1.0,0
0.3331,38,0,0.0675,3453.0,8,0,0,0,1.0,0
0.3959,48,0,0.8137,,4,0,1,0,0.0,0
0.0685,41,0,0.3334,8789.0,2,0,2,0,2.0,0
0.306,43,0,0.8842,8104.0,11,0,4,0,0.0,0
0.1089,59,0,0.3481,2588.0,5,0,1,0,3.0,0
0.0336,67,0,0.6041,8061.0,6,0,2,0,0.0,0
0.1182,69,0,0.1005,4353.0,9,0,2,0,0.0,0
0.5672,52,0,0.3482,6621.0,7,0,0,0,0.0,0
1.6939,26,0,0.7542,,8,0,3,0,1.0,0
0.0184,32,0,0.5253,6976.0,9,0,1,0,1.0,0
0.1838,27,0,0.3807,5232.0,10,0,2,0,1.0,0
0.7298,66,0,0.0965,4471.0,8,0,0,0,0.0,0
0.2161,43,0,0.3427,5661.0,11,0,0,0,1.0,0
2.9732,53,0,0.6338,,2,0,0,0,2.0,0
8.8701,73,0,0.6929,2839.0,5,0,2,0,2.0,0
0.1544,36,0,0.5402,,8,0,0,0,2.0,0
0.5205,47,0,0.2096,12084.0,6,0,2,0,1.0,0
0.271,53,0,0.1941,4744.0,9,0,1,0,3.0,0
0.621,31,0,0.2004,3895.0,3,0,1,0,0.0,0
0.0342,63,0,0.7108,2643.0,5,0,0,0,2.0,0
0.3407,68,0,0.0763,3980.0,8,0,1,0,2.0,0
0.0288,61,0,0.774,25924.0,10,0,1,0,1.0,0
0.068,61,0,0.8538,3612.0,11,0,1,0,1.0,0
1.038,53,1,0.4399,,10,3,1,0,1.0,0
1.3368,57,0,0.5941,7067.0,11,0,1,0,1.0,0
0.4627,68,0,0.855,4748.0,13,0,1,0,0.0,0
0.5029,67,0,0.7664,3805.0,8,0,0,0,1.0,0
0.5141,57,0,0.7011,8040.0,8,0,3,0,1.0,0
0.1705,40,0,0.0951,13670.0,8,0,2,0,0.0,0
1.1103,21,0,1.0275,8936.0,14,0,1,0,1.0,0
3.1442,70,0,0.3966,7283.0,3,0,0,0,0.0,0
7.4159,75,0,0.1644,2748.0,7,0,1,0,0.0,0
0.5064,43,0,0.3961,,6,0,0,0,0.0,0
0.9449,68,0,0.679,25577.0,9,0,0,0,1.0,0
0.7015,22,0,0.5162,5162.0,8,0,2,0,3.0,0
0.0124,62,0,0.5096,,13,0,0,0,1.0,0
0.4283,57,0,0.1299,6663.0,11,0,2,0,1.0,0
0.2089,43,0,0.1082,,8,0,0,0,1.0,0
1.7435,79,0,0.2888,3355.0,7,0,2,0,2.0,0
0.5536,48,0,0.7333,5425.0,7,0,1,0,0.0,0
0.5752,65,0,0.4001,2463.0,7,0,1,0,2.0,0
0.2381,78,0,0.8606,3905.0,4,0,0,0,2.0,0
0.2445,50,0,0.5936,,2,0,2,0,2.0,0
0.7858,64,0,0.6349,21390.0,4,0,1,0,4.0,0
0.6675,51,0,0.2585,7964.0,9,0,1,0,0.0,0
0.7242,56,4,0.7605,,8,1,1,0,1.0,0
0.5024,38,0,0.0868,3674.0,8,0,2,0,2.0,0
0.9735,54,0,0.5388,4952.0,10,0,1,0,1.0,0
0.1392,54,0,0.7659,3357.0,8,0,1,0,3.0,0
0.6369,54,0,0.3594,9431.0,12,0,1,0,0.0,0
0.2366,68,0,0.6877,9580.0,10,0,0,0,3.0,0
0.5378,56,0,0.1688,2649.0,9,0,0,0,2.0,0
0.2411,38,0,0.743,4582.0,7,0,0,0,0.0,0
0.652,59,0,0.7651,9024.0,7,0,1,0,2.0,0
0.186,44,0,0.5783,21409.0,16,0,2,0,0.0,0
0.5803,55,0,0.7945,,8,0,0,0,0.0,0
0.333,54,0,0.1854,7585.0,9,0,0,0,0.0,0
0.3034,62,0,0.5246,6206.0,6,0,0,0,2.0,0
0.5653,55,0,0.6249,1632.0,3,0,0,0,1.0,0
4.4385,60,0,0.1805,6051.0,8,0,2,0,2.0,0
0.4357,54,0,0.413,11916.0,3,0,2,0,0.0,0
0.4218,84,0,0.2492,,7,0,0,0,0.0,0
0.4019,47,0,0.5849,6376.0,10,0,0,0,0.0,0
0.4037,44,0,0.853,,12,0,1,0,1.0,0
0.2288,61,0,0.1084,3898.0,7,0,3,0,2.0,0
0.1178,46,0,0.3447,4574.0,11,0,1,0,0.0,0
0.1808,63,0,0.9384,7600.0,7,0,1,0,1.0,0
1.0154,35,0,0.734,3498.0,8,0,2,0,0.0,0
0.1049,54,0,0.7238,,10,0,1,0,0.0,0
0.2126,59,0,0.9192,12738.0,6,0,1,0,0.0,0
0.5539,37,0,0.2749,14310.0,8,0,1,0,2.0,0
0.0756,58,0,0.1488,1416.0,5,0,0,0,0.0,0
0.2135,25,0,0.2356,3442.0,11,0,0,0,1.0,0
0.4305,53,0,0.2578,,15,0,1,0,0.0,0
0.383,69,0,0.4314,,11,0,1,0,1.0,0
0.0235,40,0,0.1265,2183.0,2,0,1,1,0.0,0
0.015,51,0,0.4811,7817.0,7,0,1,0,0.0,0
1.6583,40,0,0.1266,8822.0,7,0,2,0,0.0,0
2.6008,62,0,0.6572,,15,0,0,0,0.0,1
0.4261,64,0,0.8557,6452.0,10,0,1,0,2.0,0
0.8441,60,0,0.4027,5504.0,8,0,2,0,2.0,0
0.6739,63,0,0.4218,3458.0,15,0,3,0,0.0,0
0.7357,43,0,0.6452,,8,0,0,0,1.0,0
0.4187,51,0,0.3726,3683.0,10,0,1,0,1.0,0
0.1132,36,0,0.0408,,13,0,0,0,1.0,0
0.3873,39,0,0.2565,6022.0,13,0,1,0,0.0,0
0.8946,49,0,0.5735,11876.0,8,0,0,0,1.0,0
0.7845,69,0,0.107,8243.0,8,0,0,0,1.0,1
0.6699,40,0,0.1558,23945.0,12,0,1,0,3.0,0
0.424,57,0,0.4757,3545.0,9,0,4,0,1.0,0
0.7752,40,0,0.2763,6001.0,9,0,0,0,1.0,0
0.5679,35,0,0.4429,8534.0,4,0,1,0,1.0,0
9.614,71,0,0.6782,7792.0,6,0,0,0,,0
2.9896,68,0,0.4092,9336.0,7,0,1,0,1.0,0
4.1132,41,0,0.7679,18030.0,12,0,2,0,0.0,0
0.1058,47,0,0.3066,9785.0,9,0,1,0,,0
0.0428,55,0,0.424,2569.0,11,0,2,0,0.0,0
6.6732,38,0,0.28,2045.0,5,0,2,0,0.0,0
0.4104,59,0,0.7738,5370.0,4,0,1,0,0.0,0
0.233,30,0,0.6395,7362.0,7,0,0,0,0.0,0
3.3358,45,0,0.404,11619.0,7,0,0,0,1.0,0
0.2413,47,0,0.3812,24403.0,6,0,2,0,1.0,0
0.9675,58,0,0.2518,,7,0,0,0,0.0,0
0.4399,70,0,0.2089,,7,0,0,0,0.0,0
0.0396,37,0,0.317,14762.0,8,0,1,0,0.0,0
0.5434,50,0,0.7211,6848.0,5,0,2,0,0.0,0
0.8478,60,0,0.3106,11407.0,8,0,2,0,0.0,0
0.3841,51,0,0.3239,13790.0,7,0,0,0,0.0,0
0.764,49,0,0.3425,6411.0,8,0,0,0,0.0,0
0.2208,63,0,0.6422,,8,0,0,0,0.0,0
0.8933,26,0,0.3816,7223.0,7,0,0,0,0.0,0
0.3143,49,0,0.2396,2510.0,13,0,2,0,1.0,0
5.9989,52,0,0.3512,6173.0,7,0,0,0,,0
0.7935,51,1,0.3365,5955.0,8,2,2,0,2.0,0
0.3961,41,0,0.7985,4736.0,5,0,0,0,1.0,0
2.9348,64,0,0.9305,6069.0,5,0,0,0,0.0,0
0.33,56,0,0.8597,4618.0,10,0,1,0,1.0,0
1.0395,21,0,0.1433,8661.0,5,0,1,0,1.0,0
0.2641,60,0,0.6019,4455.0,13,0,0,0,0.0,0
0.8506,50,0,0.5234,,2,0,2,0,0.0,0
0.1794,64,0,0.8895,10896.0,13,0,0,0,0.0,0
1.2915,70,0,0.2846,3374.0,8,0,0,0,,1
0.3782,53,0,0.5459,6457.0,5,0,3,0,0.0,0
0.2541,41,0,0.2721,3044.0,8,0,0,0,0.0,0
0.0726,65,0,0.4618,14050.0,6,0,1,0,1.0,0
0.3029,73,0,0.0756,10167.0,7,0,2,0,0.0,0
0.808,57,0,0.3471,16904.0,10,0,2,0,1.0,0
0.8325,51,0,0.5929,9573.0,10,0,0,0,0.0,0
0.4869,65,0,0.8808,5295.0,7,0,0,0,2.0,0
0.6357,40,0,0.5961,2503.0,8,0,3,0,1.0,0
3.6673,53,0,0.1608,,9,0,1,0,1.0,0
0.1336,46,1,0.7098,3182.0,8,0,0,0,1.0,0
0.2424,60,0,0.3466,9495.0,5,0,3,0,0.0,0
3.0332,49,0,0.2043,3422.0,12,0,2,0,1.0,0
0.239,50,0,0.1792,4466.0,7,0,0,0,1.0,0
0.0948,60,0,0.8787,,8,0,1,0,0.0,0
0.4416,71,0,0.3146,4216.0,8,0,0,0,0.0,0
0.0631,61,0,0.2753,6221.0,5,0,0,0,1.0,0
0.9461,63,0,0.5929,2798.0,8,0,0,0,3.0,0
0.4014,67,0,0.881,1973.0,4,0,1,0,0.0,0
0.6616,48,0,0.39,12431.0,9,0,1,0,1.0,0
0.0033,55,0,0.46,5978.0,8,0,0,0,0.0,0
0.0123,51,0,0.5583,,6,0,2,0,1.0,0
0.4744,52,0,0.3936,3023.0,7,0,1,0,0.0,0
0.3875,47,0,0.8037,4324.0,11,0,1,0,1.0,0
0.379,50,0,0.2524,4723.0,3,0,2,0,1.0,0
0.2037,48,0,0.5195,7435.0,10,0,1,0,1.0,0
0.0932,42,0,0.928,4579.0,13,0,1,0,0.0,0
2.2134,21,0,0.8087,6443.0,8,0,0,0,1.0,0
0.2763,52,0,0.485,,8,0,0,0,3.0,0
0.5298,74,0,0.478,6590.0,8,0,0,0,0.0,0
0.2984,59,0,0.7677,2400.0,7,0,2,0,1.0,0
0.2232,50,0,0.1963,1927.0,16,0,0,0,2.0,0
0.4932,33,0,0.2966,6050.0,10,0,0,0,4.0,0
0.3936,40,0,0.169,4172.0,5,0,2,0,0.0,0
7.0581,26,0,0.7857,9113.0,8,0,0,0,2.0,0
0.2331,58,0,0.576,1224.0,12,0,0,0,2.0,0
0.8724,41,3,1.0944,2018.0,3,0,1,1,1.0,0
0.3326,68,2,0.7477,1947.0,6,0,0,0,1.0,0
0.2627,21,0,0.2654,,3,0,2,0,2.0,0
0.7187,44,0,0.8114,5362.0,7,0,1,0,1.0,0
0.0813,66,0,0.7639,6571.0,7,0,1,0,0.0,0
0.302,34,0,1.0281,,8,0,1,0,1.0,0
0.2565,33,0,0.3378,7917.0,12,0,0,0,0.0,0
0.4944,43,0,0.6101,20163.0,4,0,0,0,0.0,0
0.4539,36,1,0.4687,6729.0,6,0,1,0,3.0,0
0.4082,46,0,0.7875,8195.0,5,0,0,0,1.0,0
0.3187,21,0,0.4279,2201.0,6,0,3,0,1.0,0
0.5724,68,0,0.9899,4040.0,6,0,0,0,0.0,0
0.2812,62,0,0.3994,10833.0,7,0,0,0,,0
4.3003,44,0,0.7427,4060.0,8,0,1,0,0.0,0
2.3716,25,0,0.5415,2003.0,5,0,1,0,0.0,0
6.6348,39,0,0.508,,5,0,3,0,0.0,0
0.4991,62,0,0.3883,3304.0,7,0,2,0,0.0,1
0.065,62,0,0.3639,4464.0,8,0,1,0,,0
7.2557,42,0,0.0523,2072.0,9,0,0,0,0.0,0
0.2571,58,1,0.1771,5537.0,7,0,0,1,1.0,0
0.0426,30,0,0.4099,3938.0,11,0,1,0,1.0,0
0.1208,50,0,0.5004,2419.0,13,0,3,0,0.0,0
0.3761,33,0,1.0096,1140.0,7,0,0,0,0.0,0
0.4565,56,0,0.0508,,14,0,2,0,0.0,0
0.6006,45,0,0.9028,4971.0,8,0,1,0,2.0,0
0.0002,47,0,0.4428,3587.0,12,0,0,0,0.0,0
2.7851,51,0,0.2118,3732.0,8,0,1,0,1.0,0
0.0187,26,0,0.7231,4343.0,12,0,0,0,0.0,0
0.264,51,0,0.6512,,9,0,1,0,,0
1.0262,67,0,0.912,6206.0,6,0,0,0,0.0,0
4.2572,53,0,0.3668,4579.0,3,0,1,0,1.0,0
0.0167,66,0,0.631,6956.0,7,0,4,0,0.0,0
0.6019,46,0,0.9303,6477.0,3,0,0,0,1.0,0
0.6994,55,0,0.3577,,7,0,1,0,0.0,0
0.4583,57,0,0.5388,8496.0,6,0,0,0,0.0,0
0.5158,61,0,0.4303,5661.0,10,0,1,0,1.0,0
4.8425,65,0,0.4688,,16,0,1,0,1.0,0
0.1369,32,0,0.757,4970.0,10,0,1,0,0.0,0
0.0842,41,0,0.6436,2150.0,5,0,1,0,1.0,0
0.0027,59,3,1.1295,6077.0,5,0,3,0,0.0,0
0.3079,57,0,0.9245,7237.0,3,0,3,0,0.0,0
0.3374,52,0,0.6152,,9,0,0,0,2.0,0
0.1367,89,0,0.3374,8175.0,11,0,2,0,0.0,0
3.5497,53,0,0.715,11309.0,6,0,1,0,2.0,0
0.2779,56,0,0.2236,,8,0,0,0,0.0,0
0.1959,33,0,0.2897,4919.0,8,0,0,0,0.0,0
0.0293,65,0,0.5232,10940.0,12,0,0,0,1.0,0
0.5982,53,0,0.0966,3269.0,5,0,2,0,0.0,0
0.4612,53,0,0.6641,,9,0,0,0,0.0,0
0.1057,79,0,0.4359,,7,0,0,0,0.0,0
0.7715,50,0,0.4346,5190.0,9,0,1,0,0.0,0
0.4177,68,0,0.455,,8,0,1,0,0.0,0
1.8998,67,0,0.7656,2166.0,12,0,2,0,0.0,0
0.0171,49,0,0.7783,8321.0,7,0,0,0,0.0,0
2.182,32,0,0.5944,1659.0,9,0,1,0,2.0,1
0.5055,43,0,0.6669,2458.0,6,0,1,0,1.0,0
0.5494,68,0,0.0575,5484.0,9,0,1,0,0.0,0
1.6646,47,0,0.211,5415.0,11,0,0,0,1.0,0
0.4074,34,0,0.1251,6749.0,5,0,2,0,0.0,0
0.2066,54,0,0.8154,12230.0,7,0,1,0,0.0,0
0.2754,37,0,0.3837,6504.0,6,0,2,0,0.0,0
0.5456,39,0,0.1833,,4,0,2,0,2.0,0
0.1056,38,0,0.4913,,7,0,0,0,3.0,0
0.0999,66,0,0.5949,,12,0,0,0,0.0,0
0.2625,70,0,0.153,1936.0,8,0,1,0,1.0,0
0.3172,33,0,0.3665,4325.0,8,0,0,0,0.0,0
0.6723,55,0,0.8888,8599.0,12,0,0,0,1.0,0
0.7902,59,0,0.2623,6903.0,11,0,0,0,1.0,0
0.5944,42,0,0.2069,5349.0,14,0,1,0,1.0,0
0.5708,41,0,0.5878,,7,0,0,0,1.0,0
0.4499,75,0,0.7792,5880.0,6,0,2,0,1.0,0
0.2151,34,0,0.7339,4971.0,12,0,2,0,0.0,0
0.2136,60,0,0.6662,10153.0,12,0,0,0,0.0,0
1.0103,58,0,0.5264,3303.0,7,0,1,0,1.0,0
0.2271,85,0,0.0686,3311.0,8,0,0,0,0.0,0
0.3157,68,0,0.9413,,7,0,0,0,0.0,0
0.9624,30,0,0.5838,1649.0,4,0,2,0,0.0,0
4.0607,35,0,0.5152,3266.0,5,0,3,0,0.0,1
2.5499,42,0,0.4582,5371.0,6,2,2,1,0.0,0
0.3101,53,0,0.405,6670.0,7,0,1,0,0.0,0
0.629,28,0,0.2613,,6,0,1,0,1.0,1
1.1508,57,0,0.2947,5739.0,7,0,2,0,0.0,0
3.6072,56,0,0.4142,7337.0,7,0,0,0,1.0,0
0.0152,46,2,0.186,,8,0,1,0,0.0,0
1.2362,68,2,0.465,,8,0,2,0,1.0,0
0.1933,60,0,0.9222,,5,0,1,0,0.0,0
0.1568,69,0,0.5517,5364.0,3,0,2,0,0.0,0
0.0484,89,0,0.6424,13773.0,11,0,1,0,2.0,0
0.0444,39,0,0.3968,5353.0,8,0,0,0,1.0,0
0.027,59,0,0.5219,3209.0,5,0,3,0,1.0,0
0.2042,44,0,0.3879,6505.0,11,0,1,0,1.0,0
0.054,62,0,1.0698,,7,0,2,0,0.0,0
0.4122,46,0,0.1487,5291.0,3,0,0,0,1.0,0
5.3741,47,0,0.2318,9138.0,8,0,0,0,0.0,0
0.2635,37,0,0.4393,,7,0,0,0,2.0,0
0.796,59,0,0.5142,5636.0,14,0,2,0,1.0,0
0.5697,76,0,0.4153,1304.0,7,0,0,0,1.0,1
1.1523,37,0,0.8361,6088.0,3,0,1,0,1.0,0
0.0189,24,0,0.4154,1572.0,9,0,0,0,0.0,0
0.07,62,0,0.2429,4999.0,8,0,1,0,1.0,0
0.527,70,0,0.3066,5905.0,6,0,0,0,0.0,0
0.2988,88,0,0.1468,16255.0,7,0,0,0,0.0,0
0.1387,50,0,0.2406,6161.0,7,0,1,0,,0
0.0571,50,0,0.0602,4400.0,8,0,1,0,0.0,0
0.5463,60,0,0.2711,8838.0,8,0,0,0,0.0,0
0.1332,40,0,0.3643,4369.0,5,0,0,0,0.0,0
0.366,42,0,0.5107,20241.0,7,0,1,0,0.0,0
0.0847,65,0,0.2218,13778.0,3,0,0,0,1.0,0
0.8444,33,0,0.2849,,5,0,2,0,0.0,0
0.1678,38,0,0.3175,2121.0,4,0,1,0,0.0,0
0.2828,31,0,0.5453,11607.0,12,0,0,0,0.0,0
0.6577,42,0,0.5275,11304.0,3,0,1,0,2.0,0
0.7741,47,0,0.3288,2442.0,11,0,0,0,0.0,0
0.2782,48,0,0.8922,3000.0,4,0,0,0,1.0,0
0.4311,49,0,0.0638,24314.0,7,0,1,0,2.0,0
0.0056,63,0,0.864,7409.0,14,0,0,0,1.0,0
0.3407,50,0,0.3598,14883.0,11,0,2,0,0.0,0
0.0033,41,0,0.5376,4294.0,8,0,1,0,1.0,0
0.6821,35,0,0.5248,6882.0,6,0,2,0,,0
4.0325,47,0,0.7954,3612.0,5,0,2,0,3.0,0
0.1186,79,0,0.3066,8046.0,12,0,1,0,2.0,1
0.7013,56,0,0.1472,,6,0,0,0,0.0,0
0.0936,76,0,0.1352,3540.0,10,0,0,0,0.0,0
0.0332,23,0,0.8073,6184.0,3,0,0,0,0.0,0
0.5565,39,0,0.9246,,4,0,0,0,0.0,0
0.5999,26,0,0.223,1770.0,6,0,1,0,2.0,0
0.5687,50,0,0.2712,4182.0,9,0,0,0,2.0,0
0.17,58,0,0.2079,3283.0,10,0,3,0,1.0,0
0.56,65,0,0.4113,4649.0,7,0,0,0,2.0,0
0.2087,62,0,0.8273,2347.0,7,0,0,0,0.0,0
0.6025,65,0,0.9853,5736.0,6,0,0,0,0.0,0
0.9511,49,0,0.7327,15894.0,6,0,4,0,2.0,0
0.1555,44,0,0.4396,4208.0,14,0,0,0,3.0,0
4.7837,39,0,0.2068,3366.0,7,0,3,0,0.0,0
2.7504,74,0,0.0897,4179.0,6,0,1,0,0.0,0
0.2588,63,0,0.2974,8395.0,7,0,2,0,1.0,0
2.6055,47,1,0.9944,9512.0,4,1,0,0,,0
0.4074,53,0,0.1861,9914.0,10,0,1,0,1.0,0
0.5553,66,0,0.4581,,12,0,2,0,0.0,0
7.6304,42,0,0.7775,,9,0,1,0,0.0,0
0.1065,56,0,0.1444,,6,0,2,0,1.0,0
0.1871,49,0,0.0635,9485.0,7,0,2,0,2.0,0
0.2462,70,0,0.642,4010.0,14,0,2,0,1.0,0
0.3874,48,0,0.05,,8,0,0,0,0.0,0
3.2722,62,0,0.2715,4417.0,9,0,3,0,0.0,0
0.1354,38,0,0.3416,5024.0,5,0,0,0,0.0,0
0.0591,37,0,0.8479,5215.0,6,0,0,0,0.0,0
0.3683,35,0,0.38,4938.0,10,0,1,0,0.0,0
0.2837,66,0,0.5636,,4,0,0,0,1.0,0
0.2803,61,0,0.5291,,6,0,0,0,0.0,0
0.5024,71,0,0.3854,16273.0,9,0,0,0,1.0,1
0.2582,61,0,0.2371,4956.0,6,0,3,0,1.0,0
0.2276,54,0,0.5579,12004.0,7,0,0,0,1.0,0
0.4956,48,0,0.3076,5274.0,8,0,1,0,1.0,0
0.0371,66,0,0.174,12818.0,10,0,0,0,4.0,0
0.2547,61,0,0.6769,5303.0,7,0,1,0,2.0,0
0.8723,41,0,0.7106,5800.0,5,0,1,0,,0
0.4057,44,0,0.6059,18012.0,6,0,2,0,0.0,0
0.4297,54,0,0.4382,3313.0,7,0,2,0,0.0,0
0.0065,52,0,0.9939,11060.0,10,0,2,0,1.0,0
0.0873,63,0,0.4694,3064.0,6,0,0,0,0.0,0
0.108,61,0,0.5022,,7,0,4,0,1.0,0
0.6534,41,0,0.2584,2869.0,10,0,2,0,1.0,0
0.4312,37,1,0.3443,2224.0,8,1,0,1,3.0,0
1.1751,29,0,0.4025,8305.0,5,0,1,0,0.0,0
6.8338,52,0,0.608,4139.0,10,0,0,0,0.0,0
0.147,77,0,0.745,,10,0,0,0,0.0,0
0.7152,49,0,0.6263,,8,0,0,0,0.0,0
5.6085,52,0,0.5163,8259.0,12,0,2,0,1.0,0
0.2972,56,0,0.9149,13686.0,11,0,0,0,0.0,0
0.4105,52,0,0.4549,8212.0,10,0,1,0,0.0,0
0.2625,35,0,0.2644,9043.0,7,0,0,0,2.0,0
0.9813,42,0,0.2185,17255.0,12,0,0,0,2.0,0
1.0752,48,2,0.6026,2948.0,14,0,1,0,0.0,0
0.2283,74,0,0.8698,2614.0,7,0,1,0,1.0,0
2.0522,69,0,0.1434,4990.0,11,0,1,0,1.0,1
3.5981,36,0,0.2732,11179.0,6,0,0,0,1.0,0
0.3891,71,0,0.8965,4110.0,9,0,0,0,1.0,0
0.46,76,0,0.74,6552.0,6,0,0,0,0.0,0
2.1972,58,0,0.6692,,6,0,1,0,1.0,0
0.259,44,0,0.506,10301.0,7,0,3,0,0.0,0
0.1957,53,0,0.5161,8100.0,15,0,1,0,0.0,0
0.0659,74,0,0.5367,,10,0,1,0,,0
0.1457,36,0,0.0812,1686.0,10,0,0,0,1.0,0
0.287,46,0,0.264,,10,0,0,0,3.0,0
0.4289,58,0,0.732,20507.0,9,0,2,0,1.0,0
0.5556,47,0,0.2142,6815.0,9,0,0,0,1.0,0
4.5795,28,0,0.6199,,5,0,3,0,1.0,0
0.0918,36,0,0.8032,,6,0,0,0,0.0,0
1.388,33,0,0.5039,4341.0,10,0,0,0,0.0,1
0.1004,46,0,0.4478,2040.0,5,0,0,0,1.0,0
0.7322,77,0,0.5648,7973.0,6,0,2,0,0.0,0
8.5678,71,0,0.778,7875.0,13,0,1,0,2.0,0
0.1057,53,0,0.3649,13624.0,3,0,3,0,1.0,0
0.0947,61,0,0.7177,6849.0,5,0,0,0,1.0,0
0.2818,54,0,0.9706,7327.0,11,0,0,0,0.0,0
3.8299,49,0,0.4517,2147.0,7,0,2,0,0.0,0
0.0506,53,0,0.4288,3495.0,10,0,0,0,2.0,0
9.9969,47,0,0.4307,15237.0,3,0,0,0,0.0,0
0.863,34,1,0.3207,2949.0,9,1,2,0,0.0,0
1.1755,52,0,0.5663,,4,0,1,0,1.0,0
0.1281,41,0,0.4719,,9,0,1,0,,0
0.8739,45,0,0.4022,2214.0,5,0,1,0,2.0,0
0.1373,58,0,1.0014,6826.0,9,0,2,0,1.0,0
0.086,30,0,0.6251,,11,0,0,0,0.0,0
0.6708,36,0,0.1697,2073.0,5,0,0,0,0.0,0
0.0284,52,0,0.075,8673.0,7,0,1,0,0.0,0
0.4758,35,0,0.7154,8899.0,6,0,2,0,2.0,0
1.2683,43,0,0.3508,2589.0,6,0,1,0,3.0,0
0.5972,64,0,0.1922,4581.0,10,0,2,0,0.0,0
0.0828,48,0,0.9486,10061.0,15,0,2,0,0.0,0
0.1092,41,0,0.0295,5757.0,7,0,1,0,0.0,1
0.1006,63,0,1.1194,2566.0,10,0,0,0,0.0,0
0.6493,28,0,0.402,2799.0,4,0,2,0,1.0,0
1.6479,32,1,0.5069,7896.0,13,0,2,0,0.0,0
0.5917,33,0,0.5791,4394.0,6,0,1,0,2.0,0
0.337,42,0,0.8714,2232.0,5,0,0,0,1.0,0
0.5464,30,0,0.4312,5014.0,12,0,0,0,0.0,0
0.0072,78,0,0.7169,7295.0,7,0,1,0,0.0,0
0.1285,21,0,0.4782,8160.0,9,0,0,0,0.0,0
0.1272,58,0,0.3689,4874.0,9,0,1,0,1.0,0
0.3615,46,0,0.2139,10641.0,11,0,0,0,0.0,0
0.1488,53,0,0.5394,3677.0,11,0,1,0,2.0,0
0.0419,44,0,0.2104,2547.0,7,0,1,0,0.0,0
0.1414,49,0,0.6557,6067.0,11,0,0,0,0.0,0
0.1337,38,0,0.6372,2823.0,6,0,1,0,1.0,0
0.603,69,0,0.153,5348.0,9,0,0,0,2.0,0
0.0122,34,0,0.5555,3937.0,10,0,1,0,1.0,0
0.3075,50,0,0.2189,8453.0,8,0,0,0,,0
0.1269,85,0,0.5387,3170.0,7,0,2,0,0.0,0
0.0277,63,0,0.5822,2860.0,9,0,0,0,3.0,0
2.3068,35,0,0.1961,,6,0,1,0,0.0,0
0.1708,70,0,0.6465,3651.0,7,0,0,0,0.0,1
1.2545,56,0,0.7168,2458.0,8,1,1,0,1.0,0
0.3358,46,0,0.2308,6997.0,8,0,2,0,0.0,0
3.3687,63,0,0.6966,5782.0,2,0,0,0,1.0,0
0.5767,70,0,0.1882,13651.0,6,0,0,0,1.0,0
3.5204,42,0,0.2392,10299.0,5,0,1,0,0.0,0
0.2044,45,0,0.9232,6369.0,7,0,2,0,0.0,0
0.4138,45,0,0.356,2998.0,16,0,1,0,1.0,0
0.2411,60,0,0.4812,8989.0,9,0,2,0,2.0,0
0.345,64,1,0.399,,9,0,2,1,0.0,0
0.5313,61,3,0.4211,16245.0,3,0,0,0,1.0,0
0.5785,38,0,0.7015,3366.0,5,0,1,0,0.0,1
0.2063,78,0,0.7737,,14,0,0,0,0.0,0
1.7152,40,0,0.1686,2626.0,9,0,1,0,2.0,0
3.4975,56,0,0.5972,,5,0,1,0,0.0,0
0.2814,49,0,0.2225,2531.0,9,0,1,0,2.0,0
0.0247,37,3,0.127,13449.0,9,0,1,0,0.0,0
0.3044,55,0,0.1424,4957.0,6,0,0,0,0.0,0
1.4804,53,0,0.3288,6257.0,6,0,1,0,0.0,0
0.6822,62,2,0.9331,,6,1,2,0,0.0,0
0.1734,51,0,0.3942,15194.0,11,0,0,0,2.0,0
0.0259,55,0,0.5752,9924.0,11,0,1,0,1.0,0
0.2288,77,0,0.5266,,7,0,3,0,0.0,0
0.6758,49,0,0.0106,,5,0,0,0,0.0,0
0.5595,29,0,0.2749,2788.0,10,0,0,0,1.0,0
0.2608,65,0,0.0264,4567.0,14,0,1,0,0.0,0
0.0647,64,0,0.1685,,11,0,2,0,0.0,0
0.0022,32,0,0.2548,3294.0,6,0,0,0,,0
1.7507,35,2,0.3656,3179.0,9,1,0,2,0.0,0
0.2007,45,0,0.7702,7715.0,7,0,1,0,1.0,0
0.2016,39,0,0.3566,4592.0,3,0,0,0,2.0,0
4.2265,47,0,0.2539,1720.0,5,0,0,0,0.0,0
0.2065,48,0,0.9388,4344.0,9,0,2,0,0.0,0
0.6465,51,0,0.7164,4262.0,12,0,1,0,0.0,0
0.6852,70,0,0.4765,10924.0,6,0,1,0,2.0,0
1.03,81,1,0.852,6629.0,8,0,0,0,3.0,0
0.4804,34,3,1.0066,3864.0,9,0,2,1,2.0,0
0.3916,54,0,0.2715,3277.0,6,0,0,0,1.0,0
0.9696,67,0,0.4511,,9,0,0,0,0.0,0
0.5813,69,0,0.3256,3307.0,7,0,2,0,1.0,0
0.5014,32,0,0.6467,4606.0,8,0,0,0,2.0,0
0.1943,52,0,0.5759,5226.0,5,0,0,0,0.0,0
0.1171,65,0,0.3131,5282.0,8,0,0,0,0.0,0
0.3257,40,0,0.6703,2172.0,18,0,1,0,0.0,0
0.9145,43,0,0.6516,,11,0,1,0,2.0,0
0.1082,65,0,0.7007,4336.0,7,0,4,0,5.0,0
0.7163,45,0,0.4436,5269.0,6,0,2,0,,0
0.3058,60,0,0.4133,,11,0,1,0,,0
0.318,76,0,0.5109,,5,0,0,0,2.0,0
0.6089,55,0,0.4913,6747.0,5,0,1,0,0.0,0
0.1603,47,0,0.3474,,12,0,0,0,0.0,0
0.7742,61,0,0.4432,2895.0,9,0,1,0,1.0,0
0.4159,58,0,0.1046,,7,0,1,0,0.0,0
1.3244,45,0,0.7923,3741.0,9,0,1,0,1.0,0
1.3296,53,0,0.7359,4950.0,14,0,2,0,1.0,0
1.0591,63,0,0.8223,17327.0,5,0,1,0,0.0,0
1.5219,56,2,0.1269,8167.0,11,0,0,0,0.0,0
0.2027,40,0,0.3155,,2,0,0,0,2.0,0
0.1888,63,0,0.8457,3348.0,6,0,1,0,0.0,0
0.9884,49,0,0.4012,2992.0,6,0,1,0,2.0,0
2.9155,48,4,0.1275,1021.0,12,0,2,0,0.0,0
0.265,29,0,0.7199,4292.0,4,0,0,0,0.0,0
0.963,71,0,0.0927,2560.0,10,0,4,0,,0
0.3482,60,0,0.5227,7357.0,14,0,1,0,1.0,0
0.2273,47,0,0.5322,7108.0,5,0,0,0,2.0,0
0.6261,61,0,0.3044,10287.0,6,0,1,0,1.0,0
0.2735,68,0,0.2871,2565.0,8,0,3,0,0.0,0
0.3878,64,0,0.856,,8,0,1,0,1.0,0
0.2921,47,0,0.1106,8237.0,7,0,3,0,1.0,0
0.9009,39,0,0.1576,6871.0,5,0,2,0,1.0,0
1.273,44,0,0.3029,8060.0,7,0,1,0,0.0,0
0.0723,57,2,0.5679,,9,1,2,0,1.0,0
0.1887,34,0,0.7111,4250.0,5,0,0,0,0.0,0
0.6336,77,0,1.0575,8610.0,15,0,3,0,0.0,0
1.7471,57,0,0.8511,,4,0,1,0,0.0,0
0.268,67,2,0.2322,3233.0,11,0,2,0,0.0,0
0.2506,40,0,0.0536,3626.0,7,0,1,0,0.0,0
0.5103,54,0,0.1278,3369.0,8,0,1,0,0.0,0
0.172,44,0,0.3863,4249.0,11,0,0,0,1.0,0
0.1531,27,0,0.2006,1795.0,4,0,3,0,4.0,0
1.4203,60,0,0.4231,6687.0,11,0,2,0,0.0,0
0.2919,70,0,0.201,3943.0,9,0,1,0,0.0,0
0.1634,85,0,0.6622,3703.0,8,0,1,0,1.0,0
0.4332,56,0,0.4677,5252.0,4,0,1,0,3.0,0
0.7917,46,0,0.2366,4938.0,9,0,1,0,0.0,0
0.9301,65,0,0.7816,7199.0,3,0,1,0,0.0,0
4.3906,42,0,0.3498,4679.0,7,0,1,0,1.0,0
0.3617,44,0,0.4355,,4,0,1,0,2.0,0
0.4967,51,0,0.3861,5562.0,6,0,0,0,1.0,0
0.383,39,0,0.4966,8197.0,8,0,2,0,0.0,0
0.7402,40,0,0.2898,10136.0,10,0,2,0,1.0,0
0.1966,73,0,0.4576,,4,0,1,0,2.0,0
0.7505,40,0,0.5027,4391.0,9,0,1,0,1.0,1
0.6231,60,0,0.6868,,6,0,4,0,0.0,0
0.2492,40,0,0.7857,11946.0,8,0,1,0,2.0,0
0.7791,50,0,0.2603,2746.0,5,0,1,0,1.0,0
0.3552,57,0,0.3793,15133.0,11,0,0,0,0.0,0
0.2162,54,0,0.419,8285.0,8,0,0,0,0.0,0
0.5516,40,0,0.4917,2515.0,9,0,0,0,1.0,0
0.4231,65,0,0.5142,5389.0,5,0,3,0,2.0,0
0.0703,54,0,0.207,5290.0,9,0,1,0,1.0,0
0.3756,28,0,0.0331,6626.0,6,0,0,0,1.0,0
0.9585,65,0,0.806,6386.0,9,0,0,0,1.0,0
0.0803,53,0,0.359,9578.0,9,0,2,0,1.0,0
0.1101,50,0,0.3789,,7,0,0,0,1.0,0
0.3126,56,0,0.2103,8128.0,8,0,0,0,0.0,0
0.5626,28,0,0.267,5716.0,6,0,3,0,0.0,0
0.2283,41,0,0.6081,11531.0,12,0,0,0,2.0,0
0.123,54,0,0.4028,13017.0,11,0,1,0,0.0,0
0.3831,38,0,0.8904,8751.0,7,0,1,0,2.0,0
0.0506,62,0,0.743,13384.0,7,0,2,0,2.0,0
0.3507,34,0,0.4193,6917.0,6,0,0,0,1.0,0
0.3242,50,0,0.5714,7048.0,7,0,0,0,0.0,0
0.8434,71,0,0.6386,1835.0,9,0,1,0,1.0,1
0.2011,40,0,0.5302,4988.0,10,0,2,0,0.0,0
1.7599,52,0,0.6039,2320.0,12,0,0,0,3.0,0
0.4504,39,0,1.0713,,6,0,0,0,1.0,0
0.2436,30,0,0.8882,9098.0,12,0,1,0,0.0,0
0.0801,61,0,0.2429,1886.0,12,0,1,0,1.0,0
0.0242,51,0,0.392,5652.0,9,0,4,0,0.0,0
0.8135,53,0,0.6066,21426.0,13,0,2,0,0.0,0
0.4418,56,0,0.8909,6449.0,8,0,2,0,3.0,0
0.1849,40,0,0.717,4305.0,7,0,1,0,0.0,0
0.6127,35,0,0.9854,2763.0,7,0,1,0,1.0,0
0.0222,55,0,0.7618,,6,0,0,0,1.0,0
8.6151,73,0,0.1436,6993.0,7,0,1,0,0.0,0
0.3504,56,0,0.6452,,11,0,2,0,3.0,0
0.021,32,0,0.2184,3289.0,3,0,2,0,1.0,0
0.1472,93,0,0.2986,,9,0,0,0,1.0,0
0.0612,35,0,0.1843,9400.0,7,0,0,0,0.0,0
0.4971,26,0,0.5599,4041.0,4,0,0,0,1.0,1
0.0472,77,0,0.8317,4780.0,7,0,1,0,1.0,0
0.0983,41,0,0.5372,17120.0,11,0,2,0,2.0,0
0.5549,45,0,0.7067,3925.0,8,0,0,0,0.0,0
0.6826,68,0,0.078,2731.0,14,0,2,0,0.0,0
1.1125,75,1,0.6299,5960.0,10,0,1,0,0.0,0
0.2646,49,0,0.2155,9734.0,10,0,3,0,1.0,0
0.2479,62,0,0.2846,5869.0,8,0,1,0,0.0,0
0.0726,77,0,0.6522,,8,0,1,0,2.0,0
1.0183,35,1,0.296,5910.0,6,0,2,0,,0
0.305,56,0,0.1782,3283.0,7,0,1,0,2.0,0
2.5711,47,0,0.1284,2907.0,8,0,1,0,0.0,0
0.474,35,0,0.2423,6644.0,13,0,1,0,1.0,0
0.6087,65,0,0.3696,3075.0,5,0,3,0,0.0,0
0.0614,69,0,0.6853,,6,0,0,0,2.0,0
0.2936,61,0,0.195,4140.0,9,0,1,0,2.0,0
0.0187,60,0,0.5174,7869.0,4,0,2,0,1.0,0
0.0654,48,0,0.8669,6542.0,6,0,1,0,1.0,0
0.5261,56,0,0.4339,,4,0,0,0,2.0,0
0.4363,60,0,0.3964,1706.0,4,0,0,0,0.0,0
0.2507,85,1,0.6026,5554.0,8,0,0,1,2.0,0
0.4079,29,0,0.6215,5361.0,7,0,1,0,2.0,0
0.1016,43,0,0.4502,3274.0,4,0,0,0,1.0,0
0.536,49,0,0.4583,,4,0,0,0,0.0,0
0.1825,59,0,0.0816,9532.0,10,0,2,0,2.0,0
0.3905,73,0,0.541,8137.0,11,0,0,0,1.0,0
0.1891,66,0,0.7182,15229.0,6,0,1,0,1.0,0
0.6309,48,0,0.5033,2502.0,6,0,0,0,0.0,0
0.858,61,0,0.5023,8157.0,5,0,1,0,1.0,0
0.0491,50,0,0.4538,4996.0,5,0,2,0,0.0,0
0.0006,56,0,0.4427,1719.0,10,0,1,0,0.0,0
0.4402,66,0,0.1151,9678.0,13,0,0,0,0.0,0
1.0019,21,0,0.3157,3924.0,10,0,2,0,2.0,0
0.0377,48,0,0.3721,6779.0,9,0,1,0,0.0,0
0.1597,38,0,0.1662,1575.0,11,0,0,0,1.0,0
0.161,40,0,0.2796,1215.0,8,0,0,0,2.0,0
0.5298,43,0,0.2852,,6,0,3,0,2.0,0
0.3368,26,0,0.2918,5348.0,7,0,1,0,1.0,0
0.0372,70,0,0.5073,2017.0,8,0,0,0,1.0,0
0.0164,88,0,0.8085,6967.0,10,0,1,0,2.0,0
0.3174,55,0,0.4132,4699.0,6,0,0,0,0.0,0
0.0617,75,0,0.1823,2926.0,8,0,0,0,0.0,0
0.3575,43,0,0.3114,4782.0,3,1,2,3,2.0,0
0.016,71,0,0.1836,5393.0,7,0,0,0,0.0,0
0.3097,46,0,0.3275,5304.0,8,0,1,0,0.0,0
0.0735,44,0,0.821,8948.0,4,0,1,0,1.0,0
2.5596,54,0,0.1862,1880.0,8,0,0,0,,0
0.8537,77,0,0.7785,,7,0,0,0,0.0,0
0.4518,68,0,0.9858,,9,0,1,0,1.0,0
0.4049,73,0,0.1597,,7,0,0,0,1.0,0
1.3156,32,3,0.623,3387.0,13,0,0,0,0.0,0
0.0683,37,0,0.1544,,13,0,3,0,1.0,0
0.3195,45,0,0.4293,4956.0,12,0,0,0,0.0,0
0.4168,73,0,0.6658,2026.0,9,0,1,0,0.0,0
0.4047,62,0,0.0966,5330.0,11,0,1,0,3.0,0
0.302,27,0,0.5942,18844.0,10,0,1,0,1.0,0
0.1298,48,0,0.9442,7850.0,9,0,1,0,1.0,0
0.2857,43,0,0.3065,7325.0,5,0,0,0,0.0,0
0.028,50,0,0.2731,3678.0,8,0,1,0,1.0,0
0.0428,84,0,0.4083,4641.0,8,0,0,0,0.0,0
0.5768,49,3,0.1994,4804.0,11,0,3,0,1.0,0
0.3079,46,0,0.4156,4244.0,7,0,2,0,1.0,0
0.0822,36,0,0.9581,8369.0,8,0,1,0,1.0,0
0.1388,64,1,0.0566,,6,0,1,0,1.0,0
0.6833,50,0,0.7983,4235.0,12,0,3,0,1.0,0
0.8539,40,0,0.085,19092.0,7,0,1,0,0.0,0
1.4699,61,0,0.3626,9637.0,3,0,0,0,1.0,0
0.5988,47,0,0.9508,13829.0,13,0,1,0,2.0,0
0.0992,49,0,0.3473,15714.0,13,0,0,0,0.0,0
0.1737,38,0,0.2787,9932.0,5,0,1,0,3.0,0
0.0082,25,0,0.9008,4634.0,8,0,2,0,2.0,0
0.2828,63,0,0.1492,9122.0,7,0,0,0,0.0,0
1.5565,58,0,0.8201,6840.0,8,0,1,0,2.0,0
0.5491,56,0,0.6086,11723.0,7,0,1,0,0.0,0
4.246,50,0,0.2009,4069.0,7,0,1,0,0.0,0
0.4516,44,0,0.8526,2890.0,7,0,0,0,0.0,0
0.2618,53,0,0.696,,7,0,0,0,0.0,0
1.7846,61,0,0.6283,8228.0,11,0,1,0,0.0,0
0.4603,57,0,0.1652,4325.0,8,0,1,0,0.0,0
0.3999,42,0,1.1193,,7,0,0,0,0.0,0
1.0481,65,0,0.0273,8111.0,4,0,3,0,1.0,0
0.3529,53,0,0.5107,,9,0,1,0,1.0,0
0.0193,52,0,0.6333,8429.0,2,0,1,0,1.0,0
0.1252,44,0,0.1726,4063.0,7,0,2,0,1.0,0
0.2339,46,0,0.1614,5245.0,6,0,2,0,0.0,0
0.7883,55,0,0.2313,2288.0,6,0,3,0,0.0,0
0.1634,33,0,1.0219,4679.0,6,0,2,0,1.0,0
0.4549,46,0,0.389,3598.0,12,0,0,0,2.0,0
3.753,44,0,0.2452,6504.0,10,0,0,0,0.0,0
0.4682,49,0,0.3538,2416.0,9,0,1,0,0.0,0
4.0641,56,0,0.5876,2388.0,5,0,0,0,1.0,1
0.2059,32,0,0.4487,1212.0,6,0,3,0,1.0,0
0.3407,76,0,0.5539,4996.0,8,0,2,0,0.0,0
8.6773,52,0,0.7562,4164.0,8,0,0,0,2.0,0
1.9837,60,0,0.3209,4119.0,10,0,0,0,2.0,0
0.4574,65,0,0.22,7110.0,9,0,0,0,1.0,0
1.2519,78,0,0.2622,10300.0,8,0,0,0,1.0,0
0.246,54,0,0.0655,2039.0,12,0,0,0,1.0,0
0.4053,39,0,0.6238,,11,0,2,0,1.0,0
0.0734,34,0,0.5996,16001.0,6,0,3,0,1.0,0
0.1376,58,0,0.4617,4779.0,5,0,0,0,0.0,0
2.7841,47,0,0.3103,10979.0,11,0,0,0,0.0,0
0.5481,75,0,0.4836,9604.0,7,0,0,0,2.0,0
0.7157,42,0,0.7206,8420.0,11,0,0,0,0.0,0
0.463,38,0,0.5846,,9,0,1,0,1.0,0
1.109,37,0,0.2621,5675.0,6,0,2,0,1.0,0
4.9465,85,0,0.9415,3425.0,4,0,0,0,0.0,0
1.784,74,0,0.6416,7390.0,5,0,1,0,0.0,0
0.6665,38,0,0.9196,4096.0,15,0,0,0,1.0,0
0.3573,47,0,0.2149,5536.0,9,0,3,0,0.0,0
0.3359,47,0,0.0988,2789.0,11,0,1,0,0.0,0
0.1415,27,0,0.6762,4755.0,9,0,0,0,0.0,0
0.6093,50,0,0.4296,6720.0,9,0,3,0,1.0,0
0.256,61,0,0.2546,,2,0,1,0,0.0,0
0.2117,53,0,1.0243,3051.0,5,0,3,0,0.0,0
0.4261,48,0,0.3174,4944.0,5,0,2,0,1.0,0
0.3739,47,0,0.1641,,10,0,3,0,1.0,0
0.3203,46,0,0.5434,4168.0,7,0,1,0,0.0,0
0.7814,55,0,0.7918,,8,0,3,0,2.0,0
0.3187,72,0,0.4736,7360.0,6,0,1,0,1.0,0
0.4818,47,0,0.6898,4837.0,11,0,1,0,2.0,0
0.1909,41,0,0.4711,,4,0,1,0,0.0,0
0.8599,39,0,0.3661,,8,0,1,0,1.0,0
0.1725,78,0,0.494,3822.0,5,0,2,0,0.0,0
0.5466,78,0,0.4994,,6,0,2,0,0.0,1
0.1593,51,0,0.185,4877.0,5,0,2,0,1.0,0
0.8309,54,0,0.6692,3240.0,4,0,1,0,1.0,1
0.8003,49,0,0.7212,4532.0,9,0,0,0,1.0,1
0.0923,36,0,0.394,2249.0,8,0,2,0,1.0,0
0.1602,52,0,0.598,2531.0,11,0,0,0,0.0,0
5.0944,31,0,0.6171,7276.0,10,0,0,0,0.0,0
0.3954,41,0,0.239,14256.0,3,0,2,0,0.0,0
0.5447,45,0,0.4027,2769.0,5,0,0,0,2.0,0
0.1624,67,0,0.1638,8675.0,11,0,3,0,0.0,0
0.5174,53,0,0.0781,3517.0,11,0,0,0,0.0,0
0.1624,38,0,0.1872,,6,0,0,0,1.0,0
0.0325,67,0,0.6331,5829.0,8,0,1,0,0.0,0
0.5056,50,0,0.601,,7,0,2,0,1.0,0
0.0416,38,0,0.7879,5398.0,6,0,1,0,0.0,0
0.1063,61,0,0.17,,7,0,1,0,1.0,0
0.0412,54,0,0.5273,,7,0,1,0,0.0,0
0.9387,21,0,0.4292,2486.0,3,0,4,0,,0
1.6305,54,0,0.6338,6528.0,8,0,0,0,1.0,0
0.1371,42,0,0.768,3756.0,8,0,1,0,1.0,0
0.2272,40,1,0.3382,2977.0,4,0,0,0,2.0,1
0.4177,48,0,0.8644,,8,0,0,0,1.0,0
0.8398,26,0,0.4966,6577.0,9,0,1,0,,0
0.0893,49,0,0.7151,3060.0,14,0,0,0,1.0,0
0.6221,56,0,0.3567,6009.0,6,0,0,0,0.0,0
0.0448,40,0,0.5426,16859.0,10,0,2,0,0.0,0
5.2112,48,0,0.4672,7293.0,7,0,1,0,1.0,0
0.3737,53,0,0.2696,5300.0,7,0,0,0,1.0,0
0.2685,59,0,0.6582,1829.0,6,0,3,0,2.0,0
0.6371,61,0,0.7554,,9,0,1,0,1.0,0
0.0709,43,0,0.4633,,10,0,1,0,,0
0.5631,48,0,0.6232,4514.0,9,0,1,0,1.0,0
0.6659,30,0,0.0796,2448.0,10,0,0,0,1.0,0
0.2139,43,0,0.169,3283.0,6,0,1,0,3.0,0
0.1985,70,0,0.5406,,5,0,2,0,0.0,0
0.4911,38,0,0.782,3109.0,8,0,1,0,1.0,0
3.7989,68,0,0.3679,,5,0,2,0,2.0,0
0.2757,36,0,0.0388,5683.0,8,0,0,0,1.0,0
0.7791,62,0,0.5645,9769.0,9,0,2,0,1.0,0
0.3328,55,0,0.6989,3108.0,5,0,2,0,1.0,0
0.5962,75,0,0.1834,,8,0,0,0,0.0,0
0.3284,21,0,0.5138,8184.0,9,0,0,0,0.0,0
0.3322,41,0,0.4508,3322.0,6,0,1,0,2.0,0
0.4763,75,0,0.3634,10324.0,9,0,3,0,1.0,0
0.3281,53,0,0.7053,13382.0,5,0,1,0,1.0,0
0.1613,60,0,0.1468,10349.0,4,0,0,0,0.0,0
2.0266,40,0,0.1493,,6,0,0,0,1.0,1
0.1294,37,0,0.657,4308.0,7,0,3,0,0.0,0
0.1021,69,0,0.2731,31964.0,10,0,0,0,0.0,0
0.323,51,0,0.3862,7450.0,15,0,2,0,0.0,0
0.4235,95,0,0.965,12563.0,8,0,0,0,0.0,0
0.1445,54,0,0.3261,15362.0,6,0,0,0,0.0,0
0.4123,63,0,0.4848,5504.0,10,0,1,0,2.0,0
1.8298,67,0,0.2126,,7,0,0,0,0.0,0
0.6321,59,0,0.2274,2504.0,10,0,1,0,2.0,0
1.9692,63,0,0.5916,,5,0,2,0,1.0,0
0.4009,70,0,0.085,1554.0,7,0,1,0,1.0,0
0.4727,52,0,0.7011,6816.0,6,0,1,0,2.0,0
0.7495,44,0,0.1464,1916.0,20,0,2,0,2.0,0
0.2879,66,0,0.3478,3310.0,10,0,2,0,0.0,0
0.5404,75,0,0.5705,,5,0,0,0,1.0,1
0.1387,42,0,0.4659,9736.0,6,0,1,0,1.0,0
0.3754,76,0,0.7028,5218.0,8,0,1,0,1.0,0
0.0151,36,0,0.1305,4467.0,13,0,2,0,0.0,0
0.2063,53,0,1.2269,6120.0,9,0,4,0,2.0,0
0.206,31,0,0.079,10454.0,6,0,1,0,1.0,0
1.0821,26,0,0.7335,6625.0,5,0,1,0,0.0,0
0.2428,49,0,0.5119,3947.0,4,0,3,0,,0
0.428,59,0,0.8843,5164.0,6,0,0,0,0.0,0
0.8968,50,0,0.3942,,4,0,0,0,0.0,0
0.0541,78,2,0.0246,,7,0,0,0,0.0,0
4.4002,35,0,0.7311,11000.0,8,0,1,0,1.0,0
1.8206,52,0,0.0597,9163.0,6,0,1,0,0.0,0
0.0506,42,0,0.0979,9574.0,5,0,1,0,0.0,0
0.3424,46,1,0.9467,7631.0,5,0,0,0,0.0,0
0.2539,43,0,0.6318,1457.0,7,0,1,0,3.0,0
0.7996,46,0,0.5385,,3,0,2,1,0.0,0
4.7037,50,0,0.4472,11373.0,8,0,1,0,0.0,0
0.4857,34,0,0.8766,,7,0,2,0,1.0,1
0.3341,66,0,0.3468,5185.0,4,0,0,0,2.0,0
0.371,69,0,0.1543,4038.0,5,0,0,0,0.0,0
0.7246,54,0,0.9045,2288.0,7,0,0,0,2.0,0
0.2375,49,0,0.4731,9275.0,8,0,0,0,0.0,0
0.1993,48,0,0.1261,12284.0,6,0,0,0,0.0,0
3.9748,65,0,0.7173,16155.0,8,0,0,0,0.0,0
0.3902,38,0,0.3931,9379.0,7,0,0,0,4.0,0
0.7388,60,0,1.0747,10186.0,9,0,3,0,,0
0.6079,47,0,0.5947,1202.0,14,0,0,0,0.0,0
1.4019,46,0,0.3344,,8,0,1,0,1.0,0
0.4133,50,0,0.9048,5019.0,7,0,4,0,1.0,0
0.802,54,0,0.3954,6769.0,10,0,2,0,1.0,0
0.3833,32,0,0.0825,15343.0,4,0,0,0,0.0,0
1.3006,39,0,0.4515,3675.0,6,0,1,0,0.0,0
0.6906,43,0,0.3628,5933.0,8,0,1,0,2.0,0
0.5493,56,0,0.762,5049.0,10,0,1,0,2.0,0
0.262,26,0,0.6978,12262.0,9,0,1,0,4.0,0
2.825,65,0,0.6965,,10,0,1,0,0.0,0
0.2603,73,0,0.4677,3712.0,6,0,1,0,0.0,0
0.1217,41,0,0.3843,,7,0,0,0,0.0,0
0.9476,52,0,0.8244,,8,0,2,0,0.0,0
0.9975,66,0,0.3691,10690.0,8,0,2,0,2.0,0
0.4325,51,0,0.3734,,11,0,1,0,1.0,0
0.0776,48,0,0.7403,2480.0,8,0,1,0,3.0,0
0.4426,65,0,0.3584,4105.0,5,0,1,0,0.0,0
0.0722,69,0,0.256,2087.0,11,0,0,0,1.0,0
0.0911,44,0,0.5148,5308.0,11,0,0,0,2.0,0
0.181,43,0,0.6371,,8,0,1,0,0.0,0
0.443,58,0,0.2277,8905.0,11,0,0,0,0.0,0
0.8541,43,0,0.6322,5291.0,6,0,1,0,1.0,0
0.2415,38,0,0.8496,9407.0,9,0,0,0,0.0,0
0.2898,44,0,0.5265,6208.0,8,0,2,0,0.0,0
0.0716,38,0,0.437,8009.0,6,0,1,0,0.0,0
9.4474,34,0,0.5342,1784.0,5,0,1,0,0.0,0
0.179,74,0,0.5857,9381.0,11,0,0,0,1.0,0
0.3217,34,0,0.6087,,10,0,2,0,0.0,0
3.3305,53,0,0.5268,3855.0,9,0,0,0,1.0,1
2.0229,26,0,0.4319,2349.0,9,0,1,0,1.0,1
0.1735,74,0,0.9043,4937.0,11,0,0,0,0.0,0
0.4481,53,0,0.4336,7837.0,8,0,1,0,1.0,0
0.1673,73,0,0.6616,4025.0,4,0,2,0,1.0,0
3.0718,41,0,0.0775,5488.0,7,0,2,0,0.0,1
0.6604,85,0,0.5087,5340.0,11,0,0,0,2.0,1
0.2844,36,0,0.5989,5192.0,9,0,0,0,1.0,0
0.351,60,0,0.4691,6531.0,5,0,0,0,0.0,0
0.9346,21,0,0.3979,,11,0,2,0,1.0,0
0.4639,46,0,0.2978,2807.0,8,0,0,0,0.0,1
1.9116,51,0,0.5247,2257.0,6,0,0,0,3.0,0
0.4282,52,0,0.3211,4077.0,6,0,1,0,1.0,0
0.5289,45,2,0.7794,3047.0,7,0,1,0,2.0,0
1.5796,58,2,0.4425,5886.0,6,0,1,0,1.0,0
0.3477,45,0,0.8302,,6,0,0,0,0.0,0
1.5419,72,0,0.7995,9210.0,10,0,1,0,0.0,0
0.0031,59,0,0.67,11277.0,5,0,3,0,,0
0.7948,33,0,0.8251,6558.0,8,0,2,0,1.0,0
0.3891,58,0,0.6379,2707.0,7,0,1,0,0.0,0
1.118,51,0,0.2978,4384.0,6,0,0,0,0.0,0
0.9373,21,0,0.1514,,13,0,0,0,1.0,0
0.2605,73,0,0.5894,2214.0,8,0,1,0,3.0,0
0.6457,38,0,0.5828,6493.0,10,0,1,0,1.0,0
0.5602,54,0,0.1661,2497.0,5,0,2,0,1.0,0
0.1287,57,0,0.6984,5821.0,8,0,0,0,0.0,0
0.2415,52,0,0.7715,1242.0,5,0,0,0,0.0,0
0.4929,63,0,0.7965,,11,0,2,0,,0
0.4361,64,0,0.2295,,7,0,0,0,2.0,0
0.3675,55,0,0.1576,3860.0,4,0,1,0,0.0,0
0.1647,39,0,0.3963,10619.0,3,0,0,0,0.0,0
3.6255,53,0,0.1675,1936.0,12,0,1,0,0.0,0
0.4493,68,0,0.6769,,8,0,0,0,1.0,0
0.8621,50,0,0.2538,4529.0,16,0,1,0,1.0,0
0.044,31,0,0.1833,,7,0,1,0,1.0,0
2.8487,68,0,0.3694,,6,0,2,0,1.0,0
1.3861,46,0,0.5681,2875.0,5,0,0,0,,0
0.5233,64,0,0.5909,9217.0,5,0,0,0,2.0,0
0.86,44,0,0.6543,4390.0,13,0,2,0,0.0,0
8.7082,59,0,0.6577,9450.0,8,0,1,0,1.0,0
0.1401,48,0,0.1078,,6,0,0,0,3.0,0
2.6216,43,1,0.3894,,7,0,2,0,2.0,0
0.2204,59,0,0.4006,12353.0,11,0,3,0,0.0,0
1.0864,41,0,0.7658,,8,0,2,0,1.0,0
0.2349,28,0,0.2557,4173.0,5,0,0,0,1.0,0
1.9688,62,0,0.1146,8680.0,11,0,1,0,0.0,0
0.4916,44,0,0.4792,5368.0,6,0,3,0,,0
0.1474,56,0,0.0503,20950.0,9,0,4,0,2.0,0
0.5819,55,0,0.3387,6770.0,9,0,0,0,0.0,0
0.45,62,0,0.9117,3752.0,9,0,0,0,0.0,0
0.0763,65,1,0.6572,5055.0,10,0,0,0,0.0,0
0.1289,59,0,0.3209,,8,0,1,0,0.0,0
0.1327,61,0,0.3362,6534.0,9,0,1,0,0.0,0
0.1757,65,0,0.8304,6003.0,15,0,1,0,0.0,0
6.2045,44,0,0.8327,8451.0,5,0,0,0,1.0,0
0.1218,43,0,0.0944,6064.0,8,0,1,0,0.0,1
0.1774,60,0,0.2282,,6,0,1,0,2.0,0
0.1208,28,0,0.4185,3208.0,4,0,0,0,2.0,0
0.1979,34,0,0.5316,,5,0,1,0,0.0,0
0.193,29,0,0.4925,5427.0,9,0,1,0,1.0,0
1.0934,67,0,0.0502,3893.0,7,0,0,0,2.0,0
0.4778,67,0,0.2347,6346.0,10,0,0,0,0.0,0
0.1472,64,0,0.5713,6760.0,6,0,1,0,0.0,0
0.685,53,0,0.1858,11060.0,9,0,2,0,1.0,0
0.2742,46,0,0.145,,6,0,1,0,2.0,0
0.0118,49,0,0.3978,1490.0,10,0,0,0,0.0,0
2.1903,57,0,0.3865,,9,0,3,0,3.0,0
0.8723,62,0,0.8076,5965.0,7,0,1,0,0.0,0
0.3397,36,0,0.7865,2307.0,9,0,0,0,0.0,0
0.25,62,0,0.303,,6,0,0,0,0.0,0
0.0608,67,0,0.8169,6031.0,6,0,0,0,1.0,0
0.2422,63,0,0.7832,12775.0,9,0,2,0,1.0,0
0.4373,31,0,0.427,3540.0,4,0,1,0,0.0,0
0.6957,62,0,0.116,,8,0,0,0,0.0,1
0.9804,51,0,0.368,,4,0,3,0,2.0,0
0.3079,74,0,0.1908,,10,0,1,0,1.0,0
0.3241,50,0,0.3438,9677.0,8,0,0,0,1.0,0
2.2982,67,0,0.4956,4488.0,19,0,1,0,1.0,1
0.9911,72,0,0.7408,1977.0,14,0,2,0,1.0,0
0.2329,63,1,0.3302,3645.0,4,0,1,0,0.0,0
0.1968,44,0,0.3618,20153.0,10,0,0,0,0.0,0
0.5386,59,0,0.3909,5279.0,9,0,1,0,1.0,0
0.2063,41,0,0.4189,6358.0,7,0,2,0,1.0,0
0.2991,44,0,0.7283,,7,0,2,0,1.0,0
0.1406,68,3,0.5822,8835.0,10,0,0,0,2.0,0
0.4067,53,0,0.051,3548.0,10,0,1,0,1.0,0
0.2098,50,1,0.456,2738.0,6,0,0,1,0.0,0
0.0928,75,0,0.3487,5444.0,12,0,0,0,1.0,1
0.0372,72,0,1.9246,,7,0,0,0,0.0,0
0.2706,37,0,0.2592,3552.0,7,0,0,0,1.0,0
0.2597,54,0,0.3094,4930.0,7,0,0,0,0.0,0
0.2895,47,0,0.5198,,6,0,1,0,0.0,0
0.2757,49,0,0.2189,14866.0,4,0,3,0,2.0,0
0.0409,67,0,0.2805,11387.0,8,0,1,0,1.0,0
0.1003,62,0,0.3007,6104.0,10,0,0,0,3.0,0
0.0483,30,0,0.8063,8614.0,8,0,1,0,0.0,0
0.0335,68,0,0.1617,1167.0,3,0,0,0,0.0,0
0.0649,46,0,0.3275,,5,0,0,0,0.0,0
0.7978,58,0,0.2634,4001.0,9,0,1,0,0.0,0
0.1052,62,0,0.332,2373.0,10,0,0,0,,0
0.199,63,0,0.7912,7294.0,3,0,1,0,0.0,0
0.3278,44,0,0.2351,4240.0,3,0,2,0,2.0,0
0.1576,58,0,0.0894,8363.0,8,0,1,0,0.0,0
1.1936,64,0,0.2465,,7,0,0,0,0.0,0
2.9599,50,0,0.1402,,10,0,0,0,0.0,0
0.6704,46,0,0.4519,6948.0,5,0,0,0,3.0,0
0.2512,38,0,0.5795,4313.0,5,0,0,0,0.0,0
1.4103,77,1,0.4367,4763.0,8,0,1,0,1.0,0
0.3442,35,0,0.1873,,10,0,2,0,0.0,0
0.0111,39,0,0.1751,13515.0,5,0,2,0,0.0,0
0.4092,55,0,0.3935,2555.0,4,0,1,0,0.0,0
0.6004,38,0,0.5222,4693.0,2,0,2,0,2.0,0
0.3223,77,0,0.7106,8922.0,3,0,2,0,0.0,0
0.5904,35,0,0.6056,11756.0,7,0,0,0,0.0,0
0.4485,55,0,0.7056,,5,0,2,0,1.0,1
0.2649,65,0,0.0694,,6,0,1,0,,0
3.6673,35,0,0.5088,9127.0,9,0,0,0,1.0,0
0.7946,41,0,0.7775,3923.0,7,0,2,0,1.0,0
1.0475,54,0,0.8063,4577.0,6,0,2,0,0.0,1
4.2618,43,0,0.6606,9554.0,8,0,1,0,0.0,0
0.4843,58,0,0.326,6901.0,8,0,0,0,1.0,0
0.5737,49,0,0.8863,5414.0,9,0,0,0,0.0,0
0.2719,54,0,0.0223,,10,0,2,0,0.0,0
0.1205,62,0,0.2293,9228.0,3,0,0,0,0.0,0
3.1911,40,0,0.2345,,13,0,0,0,0.0,0
0.0811,52,0,0.3902,3895.0,13,0,2,0,0.0,0
2.6287,49,0,0.1313,15765.0,9,0,1,0,0.0,0
0.9212,39,1,0.1758,22909.0,10,0,1,0,0.0,0
0.0636,63,0,0.1198,,6,0,1,0,2.0,0
0.1355,29,0,0.3423,4408.0,9,0,0,0,0.0,0
0.308,33,0,0.5003,2388.0,7,0,1,0,0.0,0
0.9125,62,0,0.2907,3709.0,8,0,0,0,0.0,0
0.4181,32,0,0.1833,1640.0,9,0,0,0,2.0,0
5.0164,76,0,0.8621,7646.0,6,0,2,0,,0
0.351,31,0,1.0746,,6,0,0,0,1.0,0
0.2064,73,0,0.5573,7155.0,7,0,0,0,1.0,0
0.518,65,0,0.8487,18715.0,5,0,1,0,0.0,0
0.6343,30,0,0.5348,7540.0,7,0,3,0,2.0,0
0.2924,52,0,0.317,4421.0,7,0,2,0,0.0,0
0.3162,32,0,0.8228,6758.0,15,0,2,0,0.0,0
6.3996,40,0,0.768,8168.0,9,0,0,0,1.0,0
0.0535,45,0,0.6659,8335.0,9,0,1,0,0.0,0
0.8374,23,0,0.5928,3899.0,9,0,0,0,2.0,0
0.4974,42,0,0.3849,2029.0,6,0,1,0,1.0,0
0.0868,49,0,0.2807,8044.0,8,1,4,2,1.0,0
1.9933,49,0,0.1667,6013.0,11,0,1,0,3.0,0
0.5116,32,0,0.6739,7212.0,4,0,1,0,1.0,0
1.4653,45,0,0.7703,,5,0,0,0,1.0,0
0.5481,54,0,0.673,,11,0,0,0,1.0,0
0.2868,62,2,0.447,,7,0,2,2,0.0,0
0.3577,87,0,0.2285,4732.0,14,0,1,0,2.0,0
0.1685,68,0,0.2521,4484.0,3,0,2,0,0.0,0
2.7443,39,0,0.4212,2802.0,8,0,2,0,0.0,0
0.7131,44,0,0.8217,7967.0,4,0,0,0,0.0,0
0.2232,57,0,0.5698,,13,0,1,0,1.0,0
0.5543,70,0,0.2139,,10,0,0,0,,0
0.2744,76,0,0.6595,,10,0,2,0,1.0,0
5.4436,28,0,0.3944,2299.0,6,0,0,0,1.0,0
0.3353,66,0,0.3865,10891.0,6,0,2,0,2.0,0
0.1463,34,0,0.0705,4495.0,8,0,1,0,0.0,0
0.0089,48,0,0.3628,4027.0,14,0,0,0,0.0,0
0.1252,66,0,0.7445,7017.0,6,0,1,0,0.0,0
0.2325,40,0,0.692,,15,0,2,0,0.0,0
0.012,45,0,0.599,1464.0,8,0,3,0,2.0,0
0.8516,79,0,0.4954,,12,0,2,0,0.0,1
0.9077,75,0,0.1906,3485.0,12,0,0,0,1.0,0
0.9323,58,0,0.1588,5354.0,11,0,1,0,1.0,1
0.4762,26,0,0.5341,9655.0,6,0,2,0,4.0,0
0.2659,29,0,0.5819,2010.0,7,0,2,0,2.0,0
0.3371,54,0,0.3976,2036.0,12,0,1,0,0.0,0
1.4065,59,0,0.7061,10801.0,4,0,1,0,1.0,0
0.2041,56,0,0.5107,2998.0,3,0,1,0,1.0,0
0.0482,38,0,0.4977,3896.0,13,0,3,0,0.0,0
0.5118,51,0,0.4024,4808.0,6,0,2,0,0.0,0
0.0206,66,0,1.2666,5140.0,4,0,0,0,1.0,0
0.0513,50,0,0.0711,,9,0,0,0,0.0,0
0.1791,39,0,0.5477,2297.0,8,0,1,0,0.0,0
2.0286,53,0,0.4691,5561.0,8,0,2,0,0.0,0
0.4588,59,0,0.4259,3111.0,8,0,3,0,0.0,0
0.4328,47,0,0.8117,,5,0,2,0,2.0,1
0.0973,56,0,0.2665,,10,0,0,0,3.0,0
0.0709,49,0,0.5509,5918.0,9,0,1,0,1.0,0
0.3412,32,0,0.363,,7,0,0,0,2.0,0
0.736,47,0,0.3929,1601.0,10,0,0,0,1.0,0
0.356,66,0,0.2526,10409.0,11,0,0,0,1.0,0
0.0812,47,0,0.4966,,11,0,2,0,0.0,0
0.267,80,0,0.2648,6005.0,6,0,1,0,2.0,0
0.441,26,0,0.2645,,10,0,1,0,0.0,0
0.0019,58,0,0.6312,,8,0,1,0,3.0,0
0.714,60,0,0.2523,1837.0,10,0,2,0,3.0,1
0.2155,36,0,0.5366,8614.0,8,0,0,0,1.0,0
0.6281,51,0,0.507,5271.0,5,0,0,0,0.0,0
0.0346,21,0,0.4264,1739.0,8,0,0,0,0.0,0
0.505,53,0,0.2248,5388.0,13,0,0,0,2.0,0
0.4277,46,0,1.0912,4251.0,6,0,1,0,0.0,0
0.1449,57,0,0.4579,1469.0,8,0,4,0,2.0,0
3.0054,60,0,0.7646,4873.0,4,0,1,0,,0
0.1625,49,0,0.6357,10851.0,7,0,1,0,0.0,0
0.0093,36,0,0.9322,2097.0,3,0,2,0,2.0,0
0.3783,33,0,0.2829,2962.0,3,0,2,0,0.0,0
0.1423,36,0,0.1997,6747.0,11,0,2,0,1.0,0
0.5284,56,0,0.7145,,3,0,2,0,,0
0.5781,56,0,0.4991,4891.0,10,0,0,0,1.0,0
10.0004,21,0,0.2935,5959.0,8,0,1,0,1.0,0
0.0342,77,0,0.8598,8095.0,4,0,0,0,0.0,0
0.2593,56,0,0.5221,4910.0,11,0,1,0,1.0,0
0.6164,45,0,0.2951,5959.0,9,0,0,0,2.0,0
3.5859,41,0,0.6224,5329.0,5,0,0,0,1.0,0
0.5801,46,0,0.7054,7808.0,5,0,1,0,1.0,0
1.043,69,0,0.135,6229.0,3,0,0,0,0.0,0
0.3182,63,0,0.267,12075.0,5,0,1,0,0.0,0
1.0701,51,0,0.174,2228.0,8,0,0,0,0.0,0
0.0302,66,1,0.6884,5392.0,14,0,0,0,1.0,0
1.4819,63,0,0.4365,3270.0,8,0,0,0,1.0,0
0.1097,49,0,0.5544,2718.0,4,0,1,0,0.0,0
1.4322,67,0,0.617,3131.0,4,0,2,0,2.0,0
0.2493,70,0,0.4614,3799.0,7,0,4,0,0.0,0
0.4943,68,0,0.5857,10656.0,5,0,3,0,0.0,0
0.0317,60,0,0.3404,2098.0,7,0,0,0,1.0,0
0.982,59,0,0.4305,12640.0,11,0,0,0,0.0,0
2.7394,40,0,0.3742,1766.0,9,0,0,0,1.0,0
0.1889,25,0,0.3463,2382.0,10,0,0,0,,0
1.0723,56,0,1.1147,6417.0,5,0,0,0,0.0,0
0.4945,49,0,0.4248,13882.0,7,0,1,0,0.0,1
0.2488,47,0,0.5369,4348.0,9,0,0,0,1.0,0
0.2165,32,3,0.0755,2008.0,11,0,1,2,1.0,0
0.6408,62,0,0.4465,3730.0,5,0,1,0,0.0,0
0.045,49,0,0.1812,,13,0,2,0,0.0,0
0.0427,38,0,0.2011,9715.0,3,0,1,0,0.0,0
0.1554,42,0,0.8638,,8,0,1,0,0.0,0
0.0419,37,0,0.4116,4019.0,5,0,1,0,0.0,0
0.1544,48,0,0.3648,4914.0,7,0,0,0,,0
0.5019,52,0,0.42,6704.0,4,0,0,0,3.0,0
0.1449,59,1,0.4878,,10,0,1,1,2.0,0
3.1074,26,0,0.1114,,11,0,1,0,1.0,1
0.5367,54,0,0.3152,4690.0,15,0,1,0,0.0,0
0.1977,30,0,0.309,6498.0,8,0,0,0,1.0,0
1.2555,46,0,0.3773,,10,0,2,0,,0
0.3784,58,1,0.2439,4736.0,3,0,0,0,1.0,0
0.2207,49,0,0.8728,9803.0,7,0,0,0,0.0,0
0.5028,23,0,0.1803,7685.0,3,0,0,0,1.0,0
1.046,45,0,0.6109,4674.0,4,0,0,0,2.0,1
0.532,74,0,0.3302,2741.0,10,0,1,0,1.0,0
4.1697,66,0,0.3134,1622.0,8,0,1,0,1.0,0
0.1455,86,0,0.9443,4653.0,9,0,3,0,1.0,0
0.6357,53,0,0.7196,5385.0,8,0,1,0,1.0,0
0.354,42,0,0.0951,,9,0,0,0,0.0,0
0.1591,46,0,1.088,6698.0,12,0,1,0,0.0,0
0.4627,54,0,0.7228,11652.0,7,0,1,0,2.0,0
0.2325,48,0,0.2098,2321.0,9,0,1,0,0.0,0
0.3628,62,0,0.561,3045.0,6,0,1,0,1.0,0
0.2914,60,0,0.847,,6,0,0,0,0.0,0
0.0023,32,0,0.2119,3935.0,6,0,3,0,1.0,0
0.0987,64,0,0.5843,11066.0,8,0,2,0,1.0,0
0.5349,54,0,0.0807,2553.0,8,0,0,0,0.0,0
0.898,74,0,0.2937,5725.0,8,0,1,0,0.0,0
0.674,66,0,0.2076,1877.0,14,0,2,0,0.0,0
0.4211,68,0,0.1819,4406.0,8,0,0,0,1.0,0
6.7067,51,0,0.5803,2322.0,10,0,2,0,0.0,0
0.2705,34,0,0.6844,,11,0,1,0,1.0,0
0.1681,70,0,0.6862,10859.0,12,0,0,0,0.0,0
0.1277,63,0,0.5765,5444.0,11,0,1,0,0.0,0
0.2812,76,0,0.3873,,7,0,1,0,0.0,0
0.0179,45,0,0.3835,,13,0,0,0,0.0,0
0.3562,57,0,0.3442,,3,0,2,0,0.0,0
0.2755,53,0,0.6529,3969.0,5,0,0,0,1.0,0
1.0936,43,0,0.2135,1590.0,7,0,1,0,,0
0.5895,29,0,0.3472,11819.0,11,0,2,0,3.0,1
0.3126,47,0,0.3303,1596.0,9,0,3,0,3.0,0
0.1949,41,0,0.3811,2736.0,7,0,0,0,0.0,0
0.104,70,0,0.6229,3835.0,6,0,1,0,0.0,0
0.9393,57,0,0.1262,,4,0,0,0,0.0,0
0.5245,45,0,0.3289,18675.0,10,0,1,0,0.0,0
0.4345,69,0,0.4633,8150.0,7,0,2,0,0.0,0
1.5024,65,0,0.1812,7335.0,10,0,2,0,0.0,0
0.1553,54,0,0.5181,4599.0,10,0,2,0,3.0,0
0.1572,52,0,0.9004,3514.0,7,0,0,0,0.0,0
0.4946,39,0,1.0619,,7,0,1,0,1.0,0
0.0973,55,0,0.6445,3277.0,6,0,3,2,0.0,0
0.232,50,2,0.0778,1869.0,5,0,0,0,0.0,0
0.2948,69,0,0.3483,9380.0,11,0,0,0,0.0,0
0.1203,59,0,0.3165,6745.0,13,0,1,0,2.0,0
1.1796,48,0,0.2312,9764.0,0,0,1,0,0.0,0
4.1723,71,0,0.7939,7290.0,8,0,1,0,2.0,0
0.7523,44,0,0.5441,9559.0,8,0,2,0,0.0,0
0.646,46,0,0.6354,6241.0,7,0,1,0,3.0,0
0.3918,54,0,0.2241,6216.0,7,0,0,0,0.0,1
0.3567,61,0,0.4246,3242.0,1,0,0,0,1.0,0
0.1599,58,0,0.2942,5888.0,10,0,0,0,1.0,0
0.1768,78,0,0.471,13756.0,10,0,2,0,1.0,0
2.3567,61,0,0.6303,2059.0,11,0,1,0,1.0,0
0.7591,27,0,0.7326,4475.0,13,0,2,0,0.0,1
0.4639,56,0,0.5534,14594.0,11,0,1,0,0.0,0
0.0476,54,0,0.6323,5320.0,10,0,1,0,3.0,0
0.0728,40,0,0.3854,,12,0,1,0,0.0,0
0.2346,50,0,0.5132,1991.0,7,0,1,0,2.0,0
0.1302,34,0,0.6704,5335.0,12,0,2,0,0.0,0
0.0396,57,0,0.7059,19918.0,8,0,1,0,2.0,0
0.181,51,0,0.4234,3783.0,7,0,0,0,1.0,0
1.5672,39,0,0.3546,3119.0,7,0,3,0,0.0,0
0.4307,46,0,0.5607,1469.0,12,0,1,0,0.0,0
0.2288,69,0,0.306,,12,0,1,0,0.0,0
0.5821,54,0,0.332,7051.0,5,0,2,0,0.0,0
0.1682,48,2,0.2414,6753.0,6,0,0,1,0.0,0
0.2803,42,0,0.9108,8994.0,6,0,1,0,1.0,0
0.3062,61,0,1.113,13813.0,12,0,4,0,3.0,0
1.5156,64,0,0.2937,6507.0,7,0,0,0,1.0,0
0.6865,63,0,1.153,7107.0,13,0,1,0,1.0,0
0.248,61,0,0.0678,9416.0,3,0,5,0,0.0,0
0.1889,67,0,0.0832,14564.0,9,0,1,0,0.0,0
0.093,48,0,0.2297,5138.0,9,0,0,0,3.0,0
0.4166,42,0,0.3729,5465.0,8,0,1,0,1.0,0
0.9999,57,0,0.4894,28259.0,12,0,1,0,1.0,0
0.0307,54,0,0.1927,3213.0,4,0,1,0,1.0,0
0.1323,49,0,0.816,9805.0,11,0,0,0,0.0,0
1.4925,53,0,0.1361,1733.0,10,0,4,0,0.0,0
0.4245,80,0,0.1763,4124.0,4,0,1,0,0.0,1
1.9208,57,0,0.2803,,5,0,1,0,1.0,0
0.5898,63,0,0.2392,,5,0,2,0,0.0,0
0.0433,32,0,0.8508,4502.0,7,0,2,0,1.0,0
0.8319,69,0,0.169,2811.0,2,0,0,0,1.0,0
0.6064,53,0,0.8812,,3,0,1,0,1.0,0
0.3865,54,0,0.3646,4204.0,7,0,0,0,1.0,0
0.2441,49,0,0.5126,11624.0,6,0,1,0,2.0,0
0.1601,36,3,0.4611,2399.0,12,3,0,0,2.0,0
0.119,31,0,0.274,2899.0,7,0,1,0,0.0,0
0.0474,41,0,0.405,1122.0,6,0,2,0,0.0,0
0.1772,95,0,0.3225,4343.0,8,0,1,0,0.0,0
0.5298,74,0,0.4984,,6,0,0,0,0.0,1
0.0273,54,0,0.1498,4550.0,6,0,0,0,0.0,0
0.0906,58,0,0.5506,2526.0,8,0,1,0,0.0,0
0.059,73,0,0.562,3151.0,8,0,1,0,1.0,0
0.5158,55,0,0.7468,6794.0,10,0,1,0,1.0,0
0.1875,26,0,0.4762,3822.0,4,0,2,0,0.0,0
0.1138,70,0,0.2647,8124.0,9,0,1,0,3.0,0
1.4642,53,0,0.801,7725.0,2,0,0,0,0.0,0
0.4728,55,0,0.234,7477.0,6,0,2,0,0.0,0
1.1168,52,0,0.7717,,7,0,0,0,1.0,0
4.2524,49,0,0.1549,2366.0,4,0,2,0,0.0,0
0.0555,63,0,0.5247,2912.0,7,0,3,0,0.0,0
0.2581,54,0,0.9086,2216.0,12,0,1,0,0.0,0
0.1336,55,0,0.2538,4350.0,9,0,1,0,1.0,0
0.4751,40,0,0.7041,3299.0,8,0,0,0,1.0,0
0.8138,85,0,0.4372,5822.0,9,0,1,0,0.0,0
0.5996,71,1,0.8785,,8,0,0,0,2.0,1
0.1447,66,0,0.249,8084.0,8,0,2,0,0.0,0
0.3668,75,0,0.2079,,8,0,3,0,0.0,0
0.1914,54,0,0.1219,,2,0,4,0,1.0,0
0.03,67,0,0.0194,5392.0,9,0,0,0,0.0,0
0.0013,64,0,0.6199,2871.0,7,0,1,0,0.0,0
0.5237,54,0,0.7644,6333.0,5,0,2,0,0.0,0
0.4591,51,0,0.7072,4306.0,8,0,1,0,0.0,0
0.6691,52,0,0.4747,3113.0,11,0,0,0,0.0,0
0.3158,55,0,0.8092,6163.0,6,0,2,0,1.0,0
0.4125,34,0,0.933,6838.0,7,0,3,0,0.0,0
0.4642,61,0,0.3811,6043.0,10,0,2,0,1.0,0
0.1679,69,0,0.6314,5001.0,6,0,2,0,0.0,0
0.1026,44,0,0.8293,,9,0,3,0,0.0,0
0.2592,45,0,0.2773,,12,0,0,0,1.0,0
3.0209,43,0,0.1626,3253.0,6,0,1,0,1.0,0
0.1487,47,0,0.4533,2332.0,10,0,1,0,1.0,0
0.0297,36,0,0.3847,3474.0,6,0,2,0,0.0,0
0.0153,46,0,0.5224,,10,0,1,0,0.0,0
1.3372,67,0,0.1776,,5,0,1,0,0.0,0
0.5645,37,0,0.0863,6903.0,5,0,0,0,0.0,0
0.7804,49,0,0.7349,1143.0,4,0,1,0,1.0,0
0.066,63,0,0.3522,3769.0,9,0,2,0,1.0,0
0.059,58,0,0.5441,4063.0,9,0,0,0,0.0,0
0.0153,60,0,0.4479,3440.0,7,0,2,0,1.0,0
0.1783,60,0,0.2579,,7,0,2,0,1.0,0
0.0573,55,0,0.2976,8658.0,6,0,2,0,1.0,0
0.3067,36,0,0.6006,10247.0,12,0,1,0,1.0,0
0.3216,53,1,0.4969,11586.0,10,0,2,2,0.0,0
0.512,43,0,0.4448,7389.0,7,0,1,0,1.0,0
0.1906,64,0,0.588,4206.0,2,0,0,0,0.0,0
0.8357,43,0,0.3987,4857.0,10,0,0,0,0.0,0
0.318,66,0,0.53,8221.0,14,0,0,0,1.0,0
0.3218,54,0,0.5935,4832.0,4,0,0,0,0.0,0
0.1214,59,0,0.587,8490.0,7,0,1,0,1.0,0
0.2745,61,0,0.2274,10330.0,11,0,1,0,1.0,0
0.036,72,0,0.3618,5008.0,9,0,1,0,3.0,0
0.5066,65,0,0.6266,4681.0,6,0,1,0,1.0,0
1.8134,47,0,0.0975,15342.0,10,0,0,0,1.0,0
0.0729,63,0,0.1528,2507.0,9,0,0,0,1.0,0
0.1863,59,0,0.4311,9136.0,6,0,3,0,1.0,0
0.8129,66,0,0.2225,8359.0,3,0,3,0,0.0,0
0.4228,55,0,0.855,,5,0,3,0,0.0,0
0.3552,74,0,0.0579,3730.0,10,0,0,0,0.0,0
0.1502,56,0,0.8026,1754.0,7,0,2,0,2.0,0
0.3825,32,0,0.0971,6990.0,10,0,1,0,0.0,0
3.3046,55,0,0.5771,10283.0,5,0,1,0,0.0,0
0.3087,42,0,0.2755,,14,0,2,0,0.0,0
0.9451,48,0,0.5614,5483.0,8,0,1,0,0.0,0
0.2975,52,0,0.5141,7756.0,5,0,0,0,0.0,0
2.5043,60,0,0.101,4391.0,11,0,1,0,2.0,0
0.3802,48,0,0.3538,5740.0,7,0,1,0,0.0,0
0.6694,75,0,0.5607,12691.0,9,0,0,0,0.0,0
1.1877,55,0,0.4835,9846.0,7,0,1,0,,0
0.5079,50,0,0.3855,8532.0,8,0,1,0,0.0,0
0.0731,67,0,0.4086,3642.0,6,0,0,0,1.0,0
0.6438,58,0,0.1621,4059.0,9,0,0,0,1.0,0
0.0455,33,0,0.212,5764.0,10,0,4,0,2.0,0
0.0301,38,0,0.5278,6888.0,12,0,0,0,0.0,0
0.1566,78,0,0.0834,2580.0,4,0,0,0,,0
1.1363,53,0,0.0685,,7,0,3,0,1.0,0
0.019,53,0,0.209,3967.0,7,0,2,0,0.0,0
0.4534,71,0,0.3138,8035.0,14,0,1,0,2.0,0
0.648,53,0,0.2523,,7,0,2,0,0.0,0
0.5775,48,0,0.2004,5115.0,11,0,0,0,0.0,0
3.0133,54,0,0.4584,5783.0,6,0,0,0,2.0,0
2.6264,49,0,0.5142,7794.0,6,0,2,0,0.0,0
2.2907,52,0,0.1384,3823.0,7,0,1,0,0.0,1
0.2528,55,0,0.5206,4254.0,9,0,1,0,,0
0.5054,59,0,0.9035,7848.0,5,0,1,0,1.0,0
3.4349,50,2,0.7228,3423.0,9,0,2,0,1.0,0
1.0706,53,0,0.9064,4955.0,13,0,2,0,1.0,0
0.3156,54,0,0.1041,7770.0,9,0,0,0,2.0,0
0.8709,87,1,0.5361,6853.0,4,0,3,1,1.0,0
0.0552,60,0,0.5735,17549.0,7,0,1,0,0.0,0
0.1111,21,0,0.3896,5466.0,11,0,1,0,1.0,0
0.2703,51,0,0.4455,,10,0,1,0,0.0,0
0.0097,35,0,0.6591,2044.0,5,0,2,0,0.0,0
0.1024,48,0,0.9454,4153.0,10,0,0,0,0.0,0
0.2978,49,0,0.0605,4162.0,9,0,0,0,0.0,0
0.2476,31,0,1.0593,6496.0,8,0,0,0,1.0,0
0.0606,78,0,0.2943,5692.0,9,0,1,0,0.0,0
0.1979,55,0,0.6394,6910.0,11,0,1,0,2.0,0
0.386,67,0,0.6566,4544.0,8,0,0,0,0.0,0
0.2913,43,0,0.544,4113.0,4,0,0,0,1.0,0
0.863,52,0,0.6049,1740.0,11,0,0,0,0.0,0
0.3644,63,1,0.6363,19171.0,6,0,1,1,0.0,0
0.5187,35,0,0.3029,12353.0,7,0,1,0,2.0,0
0.0967,89,0,0.9916,8743.0,8,0,2,0,0.0,0
0.1921,70,0,0.3793,9303.0,5,0,0,0,0.0,0
0.7018,55,0,0.3412,8093.0,10,0,0,0,1.0,0
0.0782,44,0,0.2067,4574.0,8,0,0,0,0.0,0
0.1591,55,0,0.8544,,5,0,3,0,3.0,0
0.077,22,0,1.0091,6397.0,10,0,0,0,2.0,0
0.4181,58,0,0.1803,6466.0,9,0,1,0,0.0,0
0.2607,73,0,0.3703,2686.0,5,0,0,0,1.0,0
0.5083,32,0,0.1479,5173.0,8,0,0,0,0.0,0
0.1051,44,0,0.6267,5307.0,4,0,2,0,0.0,0
0.0075,40,0,0.2686,10521.0,9,0,5,0,3.0,0
0.4068,68,0,0.5565,,3,0,2,0,1.0,0
0.5904,60,0,0.6701,15234.0,10,0,1,0,0.0,0
0.1981,44,0,0.0714,6256.0,7,0,0,0,0.0,0
0.2599,52,0,0.707,,7,0,1,0,0.0,0
0.2314,55,0,1.4623,6420.0,6,0,1,0,1.0,0
0.6029,36,0,0.5094,,10,0,1,0,0.0,1
0.9829,37,0,0.0983,11430.0,11,0,0,0,0.0,0
0.2858,46,0,0.1192,4330.0,12,0,0,0,0.0,0
0.4818,40,0,0.8198,2453.0,8,0,1,0,1.0,0
0.0122,51,0,0.3508,,16,0,3,0,0.0,0
5.2601,41,0,0.1057,3316.0,11,0,3,0,1.0,0
7.1383,54,0,0.0156,1276.0,9,0,1,0,1.0,0
0.5357,51,0,0.1431,2965.0,5,0,1,0,0.0,0
0.3439,61,0,0.2337,9064.0,4,0,2,0,0.0,0
0.0472,56,0,0.7687,7554.0,4,0,0,0,1.0,0
0.3505,26,0,0.2297,,8,0,0,0,1.0,0
0.7896,46,0,0.1395,4103.0,8,0,1,0,2.0,0
0.5046,59,0,0.6188,5092.0,7,0,1,0,,0
0.5765,70,0,0.7653,,10,0,1,0,1.0,1
1.0284,69,0,0.4921,2633.0,6,0,0,0,1.0,1
0.1857,70,0,0.8562,7508.0,6,0,2,0,0.0,0
0.0904,54,0,0.1901,,6,0,2,0,0.0,0
0.3512,68,0,0.5245,4628.0,6,0,4,0,1.0,0
0.007,79,0,0.3477,4545.0,11,0,3,0,0.0,0
0.1406,64,0,0.2979,2334.0,10,0,1,0,1.0,0
0.1701,57,0,0.4666,3647.0,6,0,2,0,0.0,0
1.0242,60,0,0.8181,,8,0,2,0,0.0,0
0.0629,26,0,0.3157,4213.0,13,0,1,0,0.0,0
6.4808,46,0,0.2994,9441.0,8,0,1,0,0.0,0
0.6664,21,0,0.3449,3845.0,8,0,0,0,1.0,0
0.1323,51,0,0.4347,7801.0,8,0,1,0,0.0,0
0.6429,40,0,0.7222,12752.0,4,0,2,0,2.0,0
0.0289,30,0,0.3942,3822.0,10,0,0,0,1.0,0
0.6662,59,0,0.4346,2874.0,6,0,0,0,2.0,0
1.9437,42,0,0.4334,1907.0,13,0,3,0,0.0,0
0.4936,50,0,0.7501,2860.0,6,0,0,0,4.0,0
0.5588,58,0,0.9287,3076.0,8,0,0,0,1.0,1
0.8678,31,0,0.8088,,5,0,0,0,0.0,0
0.1226,62,0,0.811,14097.0,12,0,0,0,2.0,0
0.3205,53,0,0.3451,10441.0,9,0,1,0,2.0,0
0.0783,59,0,0.7203,6156.0,6,0,0,0,2.0,0
2.7297,41,0,0.221,9397.0,9,0,1,0,0.0,0
0.0906,67,0,0.206,6027.0,11,0,2,0,1.0,0
0.4888,52,0,0.6637,6305.0,7,0,0,0,1.0,0
0.6857,55,0,0.9236,8638.0,5,0,0,0,1.0,0
0.091,46,0,0.3539,,7,0,2,0,1.0,0
0.7816,32,0,0.6929,12169.0,10,0,0,0,0.0,0
4.327,53,0,0.2583,10120.0,10,0,0,0,0.0,0
0.5256,61,0,0.7894,4619.0,9,0,0,0,0.0,1
2.5609,50,0,0.597,10922.0,5,0,1,0,1.0,0
0.1898,39,0,0.435,1786.0,5,0,0,0,0.0,0
0.4203,46,0,0.6462,8568.0,14,0,1,0,0.0,0
0.3973,60,0,0.8524,4275.0,5,0,1,0,1.0,0
0.2649,64,0,0.5961,3893.0,6,0,0,0,1.0,0
0.3397,65,0,0.1345,3317.0,10,0,3,0,2.0,0
0.5764,66,0,0.4723,6624.0,5,0,2,0,2.0,0
0.5454,37,0,1.1704,11306.0,8,0,0,0,0.0,0
0.5729,58,0,0.2046,3586.0,8,0,0,0,0.0,0
2.7994,55,0,0.5118,4845.0,6,0,1,0,0.0,0
0.0052,47,0,0.7036,2530.0,6,0,1,0,2.0,0
0.3289,27,0,0.1358,3626.0,11,0,1,0,1.0,0
0.4631,46,0,0.2335,3015.0,6,0,0,0,0.0,0
0.6836,77,0,0.1544,5734.0,9,0,1,0,0.0,0
0.4577,57,0,0.1079,8808.0,11,0,1,0,2.0,0
6.1433,49,0,0.2574,3873.0,8,0,3,0,0.0,0
0.3913,40,0,0.3638,9511.0,7,0,0,0,1.0,0
0.1371,61,0,0.3765,8116.0,14,0,0,0,1.0,0
0.4336,75,0,0.4646,2438.0,8,0,1,0,1.0,0
0.1847,60,0,0.8733,,9,0,2,0,0.0,0
0.223,35,0,0.4662,3981.0,5,0,2,0,2.0,0
0.5603,39,0,0.2402,6503.0,7,0,1,0,0.0,0
0.0203,36,0,0.5643,4547.0,9,0,1,0,0.0,0
0.3161,82,0,0.921,8265.0,9,0,1,0,0.0,0
3.1578,56,0,0.4729,5292.0,8,0,4,0,3.0,0
0.1584,62,0,0.3464,,6,0,0,0,0.0,0
0.9627,57,1,0.4355,3394.0,11,0,1,1,0.0,0
0.0606,58,2,0.351,10706.0,4,1,0,0,1.0,0
4.1555,42,0,0.4427,2387.0,4,0,1,0,1.0,0
0.0198,38,0,0.6468,5586.0,9,0,0,0,2.0,0
2.4066,36,0,0.333,,9,0,1,0,0.0,0
0.198,52,0,0.2405,11050.0,9,0,1,0,2.0,0
3.7086,45,0,0.513,6906.0,7,0,2,0,0.0,0
0.3843,45,0,0.8306,6943.0,7,0,0,0,0.0,0
0.9857,53,0,0.3909,1636.0,8,0,0,0,1.0,1
0.6331,29,0,0.9072,4759.0,9,0,1,0,,0
0.5008,35,0,0.4432,7119.0,12,0,1,0,0.0,0
3.6254,68,1,0.6125,5422.0,6,1,0,0,1.0,0
0.1102,71,0,0.4926,7263.0,9,0,0,0,0.0,0
4.9829,74,0,0.7835,20939.0,12,0,1,0,2.0,0
0.168,48,0,0.3301,4384.0,6,0,3,0,1.0,0
0.0056,51,0,0.2412,5623.0,8,0,1,0,1.0,0
0.6441,68,0,0.2516,9400.0,12,0,3,0,1.0,0
0.2289,30,0,0.3025,4124.0,8,0,0,0,1.0,0
0.4785,49,0,0.4562,5531.0,7,0,1,0,0.0,0
0.725,58,0,0.5435,5875.0,9,0,1,0,0.0,0
0.6707,48,0,0.2535,7381.0,7,0,2,0,2.0,0
0.0498,67,0,0.3319,5721.0,8,0,1,0,2.0,0
0.6752,53,0,0.593,8631.0,7,0,1,0,0.0,0
0.4291,35,0,0.5218,3406.0,10,0,1,0,0.0,1
0.3002,46,0,0.3435,5721.0,8,0,0,0,2.0,0
0.011,39,0,0.7288,5637.0,14,0,1,0,1.0,0
0.4994,67,0,1.1388,25075.0,5,0,0,0,0.0,0
1.0116,63,0,0.1915,,4,0,1,0,0.0,0
0.4658,63,0,0.4103,4176.0,3,0,1,0,1.0,0
0.6492,62,0,0.3759,7291.0,10,0,2,0,1.0,0
0.3853,65,0,0.2308,20509.0,7,0,1,0,2.0,0
0.1673,85,0,0.2454,,8,0,1,0,1.0,0
0.2305,49,0,0.6623,3213.0,4,0,2,0,0.0,0
0.048,52,0,0.2217,7108.0,8,0,2,0,1.0,0
0.1146,52,0,0.5646,11651.0,6,0,2,0,1.0,0
0.1581,56,0,0.3443,1817.0,5,0,0,0,0.0,0
0.1766,57,0,0.484,5993.0,12,0,1,0,2.0,0
0.1774,74,0,0.5847,7610.0,10,0,4,0,1.0,0
0.5183,74,0,0.4443,15316.0,10,0,1,0,3.0,0
0.6744,56,0,0.4927,4485.0,6,0,4,0,0.0,0
0.488,65,0,0.4967,,16,0,0,0,1.0,1
0.3519,31,0,0.7351,2555.0,5,0,0,0,0.0,0
0.2246,61,0,0.7473,5072.0,10,0,1,0,1.0,0
0.0482,79,0,0.3814,10571.0,6,0,0,0,1.0,0
0.0407,21,0,0.783,2564.0,9,0,3,0,1.0,0
0.1214,64,0,0.5647,4598.0,12,0,0,0,0.0,0
0.3336,66,0,0.6881,6066.0,3,0,0,0,1.0,0
0.5725,51,0,0.3676,3942.0,13,0,2,0,4.0,0
1.465,63,0,0.4988,,10,0,1,0,1.0,0
0.1459,47,0,0.4816,,5,0,1,0,3.0,0
0.5708,78,0,0.2306,4382.0,7,0,0,0,0.0,0
0.2209,67,0,0.4053,4168.0,5,0,0,0,1.0,0
0.5948,58,0,0.6292,2775.0,6,0,2,0,2.0,1
0.6101,34,0,0.0135,5888.0,7,0,2,0,1.0,0
0.4257,43,0,0.2894,4486.0,5,0,1,0,1.0,0
0.0605,22,0,0.1828,8841.0,12,0,0,0,1.0,0
0.0132,52,0,0.7639,5389.0,6,0,2,0,0.0,0
0.1839,57,0,0.8588,6018.0,8,0,0,0,1.0,0
0.4101,49,0,0.4015,3982.0,5,0,0,0,0.0,0
0.3524,49,0,0.8976,,11,0,1,0,1.0,0
1.4791,47,0,0.4771,2505.0,12,0,1,0,1.0,0
0.5429,41,0,0.1567,3755.0,8,0,2,0,0.0,0
0.6369,49,0,0.6155,7802.0,7,0,2,0,0.0,0
0.1812,56,0,0.6425,3511.0,6,0,2,0,1.0,0
0.0271,29,0,0.25,3063.0,3,0,1,0,0.0,0
0.9311,74,0,0.3245,3220.0,10,0,0,0,1.0,1
0.0167,47,0,0.4569,1040.0,6,0,2,0,1.0,0
0.3214,43,0,0.7325,2207.0,9,0,1,0,0.0,0
0.1617,65,0,0.1739,2249.0,14,0,2,0,0.0,0
0.7649,69,0,0.3503,1651.0,11,0,0,0,2.0,0
0.0141,78,0,0.7117,5973.0,13,0,0,0,0.0,0
0.0204,72,0,0.9946,7950.0,4,0,0,0,0.0,0
0.5271,34,0,0.6121,,6,0,4,0,1.0,1
0.2001,58,0,0.6844,3813.0,9,0,4,0,1.0,0
0.2964,66,0,0.1206,7673.0,8,0,2,0,0.0,0
0.6142,64,0,0.3868,4741.0,12,0,0,0,0.0,0
0.1778,32,0,0.2041,3341.0,5,0,2,0,1.0,0
0.0157,42,0,0.3805,5462.0,10,0,2,0,2.0,0
0.1028,43,0,0.1977,,6,0,2,0,0.0,0
0.3192,64,0,0.2111,5724.0,7,0,3,0,1.0,0
0.2508,46,0,0.6382,7974.0,11,0,0,0,0.0,0
1.2486,61,0,0.2616,5884.0,5,0,2,0,1.0,0
0.1044,50,0,0.4096,7875.0,11,0,2,0,3.0,0
0.0616,64,0,0.2469,3276.0,7,0,0,0,2.0,0
0.4584,56,1,0.465,,5,0,1,1,2.0,0
0.7302,58,0,0.4254,,5,0,2,0,0.0,0
0.7907,27,0,0.2889,9312.0,4,0,0,0,0.0,1
0.0266,41,0,0.6055,3539.0,7,0,1,0,0.0,0
3.0241,63,0,0.5213,2016.0,8,0,0,0,2.0,0
0.1676,49,0,0.1902,8419.0,2,0,0,0,0.0,0
0.401,38,0,0.6216,11401.0,9,0,0,0,0.0,0
0.8721,33,0,0.3794,12879.0,10,0,1,0,1.0,0
0.055,29,0,0.4169,,7,0,3,0,0.0,0
0.6005,59,0,0.415,6325.0,7,0,2,0,0.0,0
2.0693,81,0,0.5977,13262.0,13,0,1,0,1.0,0
1.3272,29,0,0.6021,5412.0,9,0,0,0,1.0,0
0.4752,59,0,0.3321,,14,0,0,0,0.0,0
6.6278,49,0,0.2676,7359.0,6,0,2,0,1.0,0
0.1147,51,0,0.6138,4823.0,4,0,1,0,1.0,0
3.2926,56,1,0.1947,7692.0,6,2,0,1,0.0,0
0.3093,32,0,0.1092,6473.0,6,0,1,0,4.0,0
0.0197,54,0,0.5708,7172.0,5,0,1,0,1.0,0
0.2208,78,0,0.5641,9948.0,9,0,0,0,0.0,0
3.5009,57,0,0.4524,14303.0,8,0,3,0,1.0,0
0.1931,55,0,0.2299,,7,0,1,0,0.0,0
0.2447,55,0,0.5025,5614.0,8,0,2,0,1.0,0
0.1857,51,0,0.3604,5765.0,12,0,1,0,2.0,0
0.4882,64,0,0.289,7326.0,7,0,0,0,4.0,0
0.6387,70,0,0.4467,1873.0,12,0,0,0,0.0,0
0.2734,49,0,0.6917,18199.0,5,0,1,0,0.0,0
0.0406,33,0,0.3785,5304.0,10,0,0,0,1.0,0
0.561,67,0,0.1555,4696.0,7,0,3,0,1.0,0
0.2204,51,0,0.7449,1903.0,7,0,1,0,1.0,0
0.8295,50,0,0.892,9756.0,8,0,2,0,1.0,0
0.1583,66,0,0.5101,,8,0,1,0,0.0,0
1.5128,50,0,0.4269,4317.0,5,0,1,0,1.0,0
2.5724,69,2,0.7985,4394.0,12,0,1,0,2.0,0
1.2453,71,0,0.2507,13198.0,10,0,0,0,0.0,0
0.6206,69,0,0.0651,4121.0,5,0,2,0,0.0,0
0.5056,59,0,0.325,11840.0,9,0,2,0,1.0,0
0.357,53,3,0.4352,6050.0,6,0,2,0,0.0,0
2.9322,47,0,0.2689,11718.0,11,0,0,0,1.0,0
0.7137,39,0,0.4992,6439.0,3,0,1,0,0.0,0
0.2515,71,0,0.7427,2017.0,10,0,3,0,0.0,0
0.425,54,0,0.2498,10794.0,9,0,1,0,1.0,0
0.7382,46,0,0.1951,6164.0,12,0,0,0,0.0,0
3.1275,61,0,0.8892,,9,0,0,0,0.0,0
0.1936,73,0,0.2376,3517.0,10,0,0,0,1.0,0
0.1236,55,0,0.1978,,6,0,1,0,0.0,0
0.354,67,0,0.4482,10602.0,17,0,2,0,0.0,0
0.5688,69,0,0.425,,6,0,0,0,2.0,0
0.1614,54,0,0.3868,,12,0,2,0,2.0,0
4.0847,49,0,0.8617,7762.0,5,0,1,0,0.0,0
0.2533,66,0,0.4269,7485.0,12,0,1,0,0.0,0
0.0633,57,0,0.8572,5735.0,4,0,1,0,0.0,0
0.4693,57,0,1.0614,3689.0,10,0,0,0,1.0,0
0.883,52,2,0.2211,7390.0,9,0,2,0,1.0,0
0.4306,56,0,0.6234,2695.0,14,0,0,0,0.0,0
0.4031,46,0,0.5862,6820.0,12,0,1,0,1.0,0
0.2848,46,0,0.2025,,2,0,2,0,0.0,0
0.4319,83,0,0.2949,4839.0,6,0,0,0,0.0,0
0.6319,52,0,0.3135,5758.0,6,0,1,0,0.0,0
0.0689,63,0,0.5413,2574.0,6,0,1,0,1.0,0
0.0615,48,3,0.6827,5624.0,15,1,0,0,1.0,0
0.5275,72,0,0.3356,9109.0,7,0,2,0,1.0,0
0.7736,58,0,0.4797,5119.0,7,0,1,0,0.0,1
2.5026,51,0,0.2985,2114.0,8,0,1,0,0.0,0
3.554,26,0,0.3245,13035.0,6,0,2,0,0.0,1
0.2617,44,0,0.8638,8579.0,15,0,0,0,1.0,0
2.0406,64,0,0.324,3797.0,13,0,2,0,0.0,0
1.2862,22,1,0.7886,10044.0,2,0,0,1,0.0,0
0.8315,40,0,0.1112,7366.0,6,0,1,0,1.0,0
0.2456,21,0,0.1909,8189.0,11,0,0,0,1.0,0
0.8454,21,0,0.6534,5281.0,6,0,1,0,3.0,1
0.181,56,0,0.1251,,6,0,1,0,,0
0.48,34,0,0.6794,5556.0,10,0,1,0,0.0,0
0.1193,57,0,0.654,,10,0,2,0,1.0,0
0.299,68,0,0.6575,12372.0,10,0,2,0,0.0,0
0.6202,48,0,0.3429,2308.0,4,0,0,0,0.0,0
3.6243,52,0,0.8763,2816.0,7,0,0,0,0.0,0
0.5398,43,0,0.066,6015.0,8,0,1,0,,0
0.5246,56,0,0.8571,1955.0,5,0,0,0,2.0,0
2.0526,52,0,0.8892,10136.0,10,0,1,0,0.0,0
0.2012,35,0,0.6774,13144.0,9,0,0,0,0.0,0
0.0453,46,0,0.5339,,9,0,0,0,0.0,0
0.6186,71,0,0.4217,4279.0,6,0,0,0,0.0,0
0.0188,71,0,0.9316,9837.0,5,0,0,0,2.0,0
0.1651,54,0,0.3514,4462.0,4,0,0,0,1.0,0
0.2106,21,1,0.6454,1640.0,6,2,1,0,0.0,0
0.0995,65,0,0.193,9692.0,10,0,1,0,0.0,0
0.1978,34,0,0.5362,7878.0,11,0,0,0,2.0,0
0.8339,44,2,0.7493,,3,0,2,2,0.0,0
0.5676,53,0,0.2464,1229.0,11,0,1,0,0.0,0
0.3905,73,0,0.0941,7770.0,9,2,1,0,0.0,1
0.4715,49,0,0.3354,3487.0,6,0,0,0,0.0,0
0.1958,61,0,0.9287,6601.0,7,0,1,0,1.0,0
1.1624,28,0,0.0677,2071.0,6,0,0,0,0.0,0
0.2652,55,0,0.6495,,5,0,1,0,0.0,0
0.1047,66,0,0.5285,3535.0,4,0,2,0,1.0,0
0.3004,47,0,0.7259,,10,0,0,0,0.0,0
0.0066,50,0,0.5141,7873.0,8,0,1,0,1.0,0
0.211,73,0,0.2219,10173.0,5,0,1,0,2.0,0
0.0531,47,1,0.9715,8097.0,9,0,1,0,1.0,0
1.8921,58,0,0.7334,6846.0,13,0,0,0,0.0,0
0.3262,41,0,0.1057,3394.0,8,0,0,0,1.0,0
0.305,51,1,0.5114,6512.0,6,0,3,0,1.0,0
0.9271,37,0,0.3812,,9,0,1,0,1.0,0
0.1749,30,0,0.2741,,5,0,2,0,0.0,0
1.4089,45,0,0.1955,4013.0,8,0,1,0,2.0,0
0.5355,69,0,0.9082,6427.0,8,0,0,0,0.0,0
0.7941,56,0,0.461,16142.0,10,0,0,0,2.0,0
0.3471,63,0,0.4862,2558.0,6,0,1,0,0.0,0
0.0071,36,0,0.9175,5233.0,10,0,3,0,1.0,0
0.262,82,0,0.4778,5371.0,6,0,0,0,2.0,0
0.1869,65,0,0.8638,2508.0,3,0,0,0,0.0,0
0.5515,38,0,0.6525,5625.0,7,0,1,0,2.0,0
0.4569,46,0,0.8448,9231.0,8,0,2,0,1.0,0
0.4134,31,0,0.6103,5795.0,8,0,1,0,1.0,0
6.324,29,0,0.8771,,9,0,2,0,1.0,0
0.379,58,0,0.2941,7563.0,9,0,2,0,1.0,0
0.5807,21,0,0.5378,8384.0,10,0,2,0,0.0,0
0.3078,54,2,0.4762,2798.0,5,0,1,0,0.0,0
0.332,42,0,0.9455,8088.0,7,0,1,0,0.0,0
0.1948,60,0,0.2507,,10,0,2,0,3.0,0
0.3876,54,0,0.2165,2153.0,8,0,3,0,0.0,0
0.0055,32,0,0.1412,1809.0,11,0,1,0,2.0,0
0.3246,48,0,0.2614,4712.0,11,0,0,0,1.0,0
2.5625,54,0,0.6537,11310.0,16,0,1,0,0.0,0
0.684,53,0,0.9619,2628.0,6,0,1,0,1.0,0
0.4646,51,0,1.1924,9578.0,7,0,3,0,0.0,0
0.6006,69,0,0.2332,4833.0,9,0,2,0,0.0,0
0.2633,67,0,0.2872,,7,0,3,0,1.0,0
0.299,36,0,0.5585,1666.0,11,0,0,0,2.0,0
0.1379,32,0,0.4138,4233.0,5,0,0,0,1.0,0
0.2946,34,0,0.2815,4601.0,8,0,0,0,0.0,0
0.3381,49,0,0.722,3889.0,10,0,1,0,1.0,0
0.3121,55,0,0.6874,,10,0,1,0,1.0,0
0.782,77,0,0.6683,6753.0,7,0,1,0,0.0,0
0.8349,39,4,0.1568,4560.0,5,0,1,1,2.0,0
0.5436,52,0,0.723,3005.0,8,0,2,0,0.0,0
0.2756,49,0,0.5078,6773.0,13,0,2,0,2.0,0
2.2795,58,0,0.2441,16771.0,9,0,1,0,0.0,0
0.3443,51,0,0.1253,14549.0,6,0,1,0,0.0,0
0.1504,40,0,0.2905,3031.0,8,0,2,0,1.0,0
0.1315,54,0,0.5469,5350.0,14,0,2,0,1.0,0
0.0121,76,0,0.3264,7578.0,3,0,1,0,3.0,0
0.2346,51,0,0.4438,930.0,10,0,2,0,1.0,0
0.2943,75,1,0.4152,5788.0,9,0,1,1,1.0,0
0.1276,50,0,0.1014,3154.0,10,0,1,0,0.0,0
0.1656,69,1,0.5587,6417.0,5,0,2,2,1.0,0
0.2709,44,2,0.6228,,9,1,1,0,0.0,0
0.1518,59,0,0.7611,12295.0,11,0,2,0,0.0,0
1.7548,68,1,0.5051,,7,0,1,1,,0
0.2248,64,0,0.0283,2692.0,8,0,1,0,0.0,0
0.4546,77,0,0.3386,,7,0,1,0,1.0,0
0.1091,91,0,0.0881,,8,0,0,0,1.0,0
0.6745,31,0,0.4556,2998.0,12,0,1,0,1.0,0
0.551,36,0,0.4573,5418.0,14,0,2,0,2.0,0
0.6384,32,0,0.7409,9710.0,7,0,3,0,0.0,0
0.1447,79,0,0.3765,5326.0,8,0,1,0,0.0,0
0.3134,43,0,0.4126,5824.0,10,0,2,0,1.0,0
0.5178,47,0,0.3895,7594.0,6,0,3,0,0.0,0
2.0659,59,0,0.7496,3494.0,8,0,1,0,1.0,0
4.9525,51,0,0.5626,15110.0,6,0,1,0,1.0,0
0.2634,57,0,0.265,5072.0,12,0,2,0,0.0,0
0.3402,44,0,0.6674,9191.0,8,0,1,0,0.0,0
0.0448,72,0,0.1303,7353.0,7,0,0,0,1.0,1
0.0462,37,0,0.2043,2907.0,12,0,2,0,1.0,0
0.509,51,0,0.3066,3832.0,12,0,1,0,2.0,0
0.1323,56,0,0.2856,3804.0,10,0,1,0,0.0,0
2.986,61,3,0.2041,4816.0,5,1,0,0,1.0,0
0.817,57,0,0.6263,3683.0,9,0,0,0,1.0,0
3.55,48,2,0.1618,9652.0,5,1,1,0,,0
0.2801,42,0,0.1405,13254.0,2,0,3,0,1.0,0
0.1287,76,0,0.4579,,10,0,0,0,0.0,0
0.1754,34,0,0.3898,3730.0,3,0,1,0,,0
1.7081,64,0,0.9286,11087.0,10,0,2,0,0.0,0
0.4463,35,0,0.0501,6029.0,14,0,2,0,2.0,0
0.0072,58,0,0.1796,6776.0,8,0,0,0,1.0,0
0.5819,65,0,0.4795,3975.0,6,0,0,0,1.0,0
0.5989,33,0,0.4204,,6,0,1,0,1.0,0
0.4454,61,0,0.5363,6112.0,5,0,1,0,0.0,0
0.688,43,0,0.8028,11132.0,10,0,1,0,1.0,0
0.1019,21,0,0.5689,3826.0,6,0,1,0,0.0,0
0.1343,63,0,0.5399,,3,0,1,0,3.0,0
0.589,37,0,0.979,,6,0,2,0,0.0,0
0.0855,42,0,0.6036,,9,0,0,0,1.0,0
0.2266,31,0,0.4675,,5,1,0,0,0.0,0
0.265,42,0,0.4081,4127.0,6,0,1,0,0.0,0
0.0438,72,0,0.4508,,4,0,0,0,1.0,0
0.6651,77,0,0.1402,,7,0,0,0,1.0,0
0.6215,40,0,0.1052,9581.0,9,0,2,0,2.0,0
0.0817,49,0,0.4746,5034.0,9,0,1,0,4.0,0
2.2969,56,0,0.2285,4214.0,4,0,0,0,2.0,0
0.0894,37,0,0.3338,8862.0,8,0,0,0,1.0,0
0.468,61,0,0.0841,7666.0,12,0,0,0,2.0,0
0.4918,72,0,0.4104,9564.0,6,0,0,0,0.0,1
0.7975,35,0,0.5573,,12,0,2,0,1.0,0
0.1208,71,0,1.207,3865.0,12,0,3,0,0.0,0
0.4628,35,0,0.5949,3072.0,7,0,2,0,0.0,0
0.2407,48,0,0.5497,4447.0,8,0,0,0,0.0,0
0.241,87,0,0.2122,8405.0,9,0,0,0,2.0,0
0.3343,78,0,0.3498,2156.0,4,0,2,0,2.0,0
0.1935,33,0,0.4266,4817.0,4,0,2,0,0.0,0
0.2711,64,0,1.0545,4027.0,5,0,0,0,1.0,0
2.8116,33,0,0.1921,403.0,11,0,0,0,2.0,0
0.2149,59,0,0.6192,4416.0,10,0,0,0,3.0,0
0.5886,46,0,0.5758,,10,0,1,0,0.0,1
0.4229,61,0,0.7199,25898.0,4,0,1,0,0.0,0
0.0382,57,0,0.9325,2438.0,14,0,0,0,2.0,0
0.6168,55,0,0.1026,8031.0,9,0,0,0,1.0,0
1.2473,49,0,0.644,5908.0,10,0,2,0,3.0,0
0.2422,83,1,0.84,,7,0,2,2,0.0,0
0.3335,45,0,0.4996,5173.0,7,0,0,0,0.0,0
0.3864,43,0,0.325,2163.0,14,0,1,0,0.0,0
0.2263,74,0,0.6816,7537.0,7,0,2,0,1.0,0
0.785,37,0,0.453,4013.0,9,0,0,0,2.0,0
0.1158,66,0,0.6847,,11,0,0,0,0.0,0
0.14,48,0,0.747,3049.0,11,0,3,0,2.0,0
0.7926,40,0,0.6522,,9,0,1,0,0.0,0
0.3127,68,0,0.3496,8032.0,10,0,1,0,0.0,0
1.5972,56,0,0.2273,7435.0,7,0,5,0,1.0,1
0.1327,53,0,0.4362,9397.0,4,0,0,0,0.0,0
0.5073,55,0,0.1365,,4,0,2,0,0.0,1
0.0432,62,0,0.2461,8969.0,7,0,0,0,0.0,0
0.9198,32,0,0.3241,3952.0,11,0,0,0,1.0,0
0.5891,67,0,0.3294,2408.0,6,0,1,0,0.0,0
0.3985,28,0,0.8096,,7,0,1,0,0.0,0
0.5238,37,0,1.3735,4796.0,9,0,0,0,2.0,0
2.7326,63,0,0.3508,16441.0,7,0,2,0,0.0,0
3.0938,66,0,0.3587,4525.0,9,0,1,0,0.0,0
0.3217,44,0,0.4594,14929.0,6,0,0,0,1.0,0
5.0228,64,1,0.5535,5419.0,5,0,1,2,2.0,0
0.5255,47,0,0.7151,18633.0,8,0,1,0,0.0,0
0.8584,29,0,0.3385,6263.0,15,0,1,0,0.0,0
0.1073,43,1,0.1787,2469.0,7,0,1,0,1.0,0
0.5017,32,0,0.2698,,6,0,0,0,0.0,0
1.0679,52,0,0.7781,3562.0,6,0,0,0,0.0,0
0.0806,56,0,0.6006,,9,0,0,0,2.0,0
1.4927,58,0,0.2337,4660.0,9,0,0,0,0.0,0
2.3,33,0,0.9366,,6,0,1,0,0.0,0
0.0742,58,0,0.5869,9674.0,13,0,1,0,1.0,0
0.0578,60,0,0.4356,14156.0,15,0,1,0,0.0,0
0.5331,71,0,0.5499,5818.0,6,0,0,0,0.0,0
0.1598,44,0,0.3205,3801.0,6,0,2,0,,0
1.4677,37,0,0.3093,,6,0,1,0,1.0,0
2.0142,41,0,0.2205,,12,0,0,0,1.0,0
0.7473,55,0,0.1369,5067.0,6,0,0,0,2.0,0
2.2804,51,0,0.1265,5908.0,8,0,0,0,1.0,0
0.5831,49,0,0.292,,4,0,1,0,0.0,0
7.7132,44,0,0.7248,6743.0,9,0,2,0,0.0,0
2.3127,60,0,0.2384,5413.0,15,0,0,0,1.0,0
0.0125,59,0,0.5548,3690.0,7,0,0,0,0.0,0
2.8936,48,0,0.4582,3588.0,9,0,1,0,0.0,0
0.2139,85,0,0.4395,3266.0,10,0,0,0,1.0,0
0.3206,33,0,0.9934,4009.0,10,0,1,0,1.0,0
0.6006,45,0,0.7171,2962.0,6,0,2,0,0.0,0
0.1644,38,0,0.6933,9674.0,4,0,1,0,1.0,0
0.051,41,0,0.6265,6221.0,5,0,0,0,1.0,0
0.5909,48,0,0.7344,3867.0,8,0,0,0,2.0,0
0.6309,56,2,0.1648,8121.0,5,0,1,0,2.0,0
1.0067,52,0,0.2213,3989.0,14,0,0,0,0.0,0
0.3117,91,0,0.3804,7196.0,11,0,1,0,0.0,1
0.4448,29,0,0.5621,3890.0,4,0,0,0,1.0,0
2.3896,47,0,0.4689,6412.0,10,0,1,0,0.0,0
0.4972,61,0,0.1264,5689.0,7,0,1,0,0.0,0
1.0482,21,0,0.2588,5958.0,9,0,1,0,1.0,1
0.3853,62,0,0.1924,5359.0,12,0,1,0,0.0,0
2.3813,72,0,0.9359,3585.0,6,0,1,0,1.0,1
0.3364,47,0,0.2699,,12,0,0,0,1.0,0
0.8127,42,0,0.4611,6334.0,8,0,1,0,0.0,0
0.1306,45,0,0.5162,3710.0,6,0,2,0,1.0,0
0.5431,57,0,0.5695,7262.0,9,0,2,0,0.0,0
0.0452,54,0,0.2008,2419.0,6,0,2,0,0.0,0
0.4338,60,0,0.4308,6252.0,11,0,3,0,1.0,0
0.2718,40,0,0.4925,1716.0,12,0,2,0,0.0,0
0.2634,65,0,0.0658,6096.0,5,0,0,0,2.0,0
0.2561,50,0,0.5114,,6,0,1,0,2.0,0
2.5775,88,0,0.2566,4293.0,6,0,0,0,0.0,0
0.317,38,0,0.1955,,6,0,0,0,0.0,0
0.4725,72,0,0.5311,19802.0,8,0,0,0,2.0,0
0.0184,42,0,0.0844,10322.0,7,0,0,0,0.0,0
0.8481,34,0,0.4463,4473.0,7,0,4,0,0.0,0
0.2591,52,0,0.8653,1342.0,14,0,2,0,1.0,0
0.466,35,0,0.3982,7626.0,5,0,0,0,0.0,0
0.0407,57,0,0.2334,,10,0,1,0,0.0,0
0.5951,66,0,0.241,3139.0,12,0,2,0,2.0,1
0.0581,45,0,1.0527,9791.0,4,0,1,0,2.0,0
9.824,40,0,0.734,2031.0,10,0,1,0,0.0,0
0.5498,66,0,0.3179,2130.0,10,0,1,0,4.0,0
0.0918,38,0,0.7344,6696.0,12,0,2,0,1.0,0
0.2233,30,0,0.2873,3742.0,6,0,1,0,0.0,0
0.3032,64,0,1.1385,2354.0,6,0,0,0,1.0,0
0.2212,55,0,0.254,4036.0,16,0,0,0,2.0,0
0.014,51,0,0.8224,5045.0,4,0,0,0,1.0,0
0.4719,39,0,0.195,2179.0,8,0,3,0,1.0,0
0.4183,61,0,0.3871,4423.0,9,0,2,0,0.0,0
0.3704,63,0,0.0208,3429.0,11,0,0,0,1.0,0
0.9291,25,0,0.4464,7409.0,12,0,1,0,1.0,0
0.2506,93,0,0.1559,5028.0,7,0,4,0,1.0,0
0.4997,32,0,0.9182,10346.0,5,0,0,0,1.0,0
0.2964,43,0,0.761,6368.0,3,0,2,0,1.0,0
0.191,45,0,0.8852,8057.0,8,0,2,0,0.0,0
0.5053,24,0,0.1312,8727.0,7,0,0,0,2.0,1
0.1626,38,0,0.339,,10,0,0,0,1.0,0
0.2756,43,0,0.377,,3,0,1,0,,0
5.4251,47,1,0.7926,15350.0,9,0,2,0,0.0,0
0.3733,41,0,0.6175,6237.0,10,0,3,0,0.0,0
0.1783,68,0,0.0129,3832.0,10,0,2,0,1.0,0
0.2259,56,0,0.36,5858.0,5,0,0,0,1.0,0
0.2705,65,0,0.9186,8162.0,8,0,1,0,1.0,0
0.8554,47,0,0.1577,9781.0,7,0,3,0,2.0,1
0.1914,61,0,0.1772,9847.0,8,0,0,0,0.0,0
0.8242,55,0,0.924,6992.0,9,0,0,0,0.0,0
0.7187,63,0,0.468,,10,0,1,0,0.0,0
2.5651,37,0,0.1371,3927.0,13,0,1,0,1.0,0
0.8388,69,0,1.0061,,7,0,1,0,0.0,0
0.6279,55,0,0.459,,8,0,1,0,0.0,0
0.4309,52,0,0.4104,,11,0,1,0,0.0,0
0.2672,71,0,0.6398,9184.0,12,0,1,0,0.0,0
0.5321,48,0,0.2188,5867.0,8,0,1,0,2.0,0
0.016,47,0,0.355,3833.0,12,0,1,0,0.0,0
0.2846,70,0,0.4511,,7,0,2,0,1.0,0
2.2375,47,0,0.5189,14515.0,8,0,1,0,2.0,0
2.1601,49,0,0.6441,7504.0,6,0,0,0,0.0,0
0.109,31,0,0.6286,5987.0,13,0,1,0,1.0,0
0.4042,39,0,0.4312,,6,0,0,0,2.0,0
0.4061,66,0,1.0605,7933.0,8,0,3,0,0.0,0
0.7502,55,0,0.4821,12951.0,10,0,4,0,0.0,0
0.6078,37,1,0.1779,10754.0,12,1,0,2,0.0,0
0.4596,44,0,0.3952,4332.0,9,0,0,0,0.0,0
0.4323,39,0,0.0834,4903.0,4,0,0,0,0.0,0
0.7262,57,0,0.0824,5695.0,14,0,3,0,0.0,1
0.2628,58,0,0.5617,4411.0,9,0,1,0,0.0,0
0.41,43,0,0.6999,5087.0,9,0,3,0,2.0,0
0.703,37,0,0.2511,,12,0,2,0,,0
0.3091,29,0,0.6169,5156.0,6,0,0,0,3.0,0
0.2985,72,0,0.4869,10500.0,12,0,3,0,1.0,0
0.9629,48,0,0.1427,9959.0,14,1,0,0,0.0,0
0.2282,60,0,0.0898,5060.0,7,0,1,0,1.0,0
0.007,37,0,0.9561,2556.0,9,0,0,0,1.0,0
0.7142,47,0,0.1494,9334.0,8,0,2,0,1.0,0
0.5087,36,0,0.7496,6524.0,7,0,2,0,1.0,0
0.12,61,0,0.4353,4717.0,11,0,2,0,1.0,0
0.3815,63,0,0.0542,15150.0,8,0,0,0,0.0,0
0.1108,63,0,0.1064,6637.0,9,0,3,0,2.0,0
6.0045,41,0,0.3019,5920.0,4,1,0,0,1.0,0
0.3162,53,0,0.5206,2902.0,8,0,0,0,1.0,0
0.1087,35,0,0.4459,2205.0,7,0,0,0,0.0,0
0.573,54,0,0.3388,2146.0,5,0,0,0,1.0,0
0.8343,63,0,0.4096,,10,0,0,0,1.0,0
1.4347,46,0,0.0395,,9,0,1,0,0.0,0
0.7565,50,0,0.6757,4364.0,9,0,0,0,1.0,0
0.1023,39,0,0.4617,3363.0,14,0,1,0,0.0,0
0.6265,40,0,0.9736,,8,0,3,0,0.0,0
0.062,41,0,0.442,1923.0,6,0,1,0,1.0,0
0.5034,42,0,0.5089,1466.0,9,0,1,0,0.0,0
1.4595,65,0,0.1222,4423.0,8,0,3,0,0.0,0
0.7966,42,0,0.7269,4474.0,9,0,2,0,0.0,0
0.3865,52,0,0.2955,2155.0,6,0,1,0,1.0,0
0.0806,63,0,0.5877,7048.0,7,0,4,0,0.0,0
0.244,56,0,0.3475,2076.0,12,0,1,0,3.0,0
1.7981,88,0,0.7317,16135.0,11,0,0,0,1.0,0
0.0246,61,0,0.5093,4752.0,10,0,0,0,0.0,0
0.7219,48,0,0.4099,2309.0,15,0,0,0,1.0,0
0.0187,32,0,0.4847,5448.0,11,0,1,0,0.0,0
0.3435,69,0,0.2479,,7,0,0,0,1.0,0
0.2592,46,0,1.1336,,11,0,0,0,1.0,0
0.4659,41,0,0.6542,11368.0,8,0,0,0,1.0,0
0.1216,39,0,0.9371,2939.0,5,0,2,0,0.0,0
0.3948,36,0,0.485,,8,0,2,0,3.0,0
3.7529,49,0,0.1173,7726.0,5,0,0,0,2.0,0
0.3607,45,0,0.6869,4122.0,11,0,1,0,0.0,0
4.0335,55,0,0.6318,2706.0,15,0,1,0,1.0,0
0.7971,83,0,0.8679,14786.0,4,0,1,0,1.0,0
0.0097,53,0,0.2542,,11,0,0,0,0.0,0
0.2882,76,0,0.3803,7791.0,12,0,0,0,1.0,1
0.1916,47,0,0.304,8248.0,8,0,0,0,1.0,0
0.4684,49,0,0.6344,6666.0,6,0,1,0,0.0,0
0.2011,21,0,0.9157,,13,0,0,0,1.0,0
0.2711,69,0,0.3787,23308.0,8,0,0,0,0.0,0
0.0135,40,0,0.4922,,5,0,0,0,0.0,0
0.3699,63,0,0.1067,4822.0,2,0,2,0,0.0,0
0.3708,21,0,0.4387,8852.0,6,0,1,0,1.0,0
0.5338,42,0,0.8433,6162.0,7,0,0,0,0.0,0
2.7895,54,0,0.1802,8891.0,10,0,1,0,1.0,0
0.1521,49,0,0.2176,14111.0,5,0,0,0,0.0,0
2.6288,40,0,0.5727,,13,0,2,0,1.0,0
0.3637,55,0,0.5153,2525.0,3,0,0,0,2.0,0
0.8189,62,0,1.2423,,9,0,1,0,1.0,1
0.2857,32,0,0.5669,4680.0,8,0,2,0,0.0,0
0.7421,59,0,0.402,1974.0,7,0,0,0,4.0,0
0.0384,67,0,0.3149,14285.0,8,0,0,0,,0
0.1409,66,0,0.8521,54220.0,9,0,1,0,1.0,0
0.3683,52,2,1.1715,3660.0,14,0,2,0,0.0,0
0.5361,48,0,0.4785,1815.0,8,0,4,0,2.0,1
0.7261,61,0,0.8261,2947.0,12,0,1,0,1.0,0
0.5209,50,0,0.284,7311.0,11,0,0,0,1.0,0
3.2103,69,0,0.477,6967.0,14,0,0,0,0.0,0
0.1656,84,0,0.4233,6203.0,7,0,0,0,0.0,0
0.0777,35,0,0.2766,9056.0,6,0,1,0,2.0,0
4.6981,57,0,0.3538,8103.0,8,0,0,0,1.0,0
0.3626,51,0,0.3324,4531.0,5,0,0,0,1.0,0
0.2193,24,0,0.7924,,12,0,1,0,1.0,0
0.1138,57,0,0.4128,12260.0,6,0,1,0,,0
0.1721,50,0,0.3984,7860.0,10,0,1,0,1.0,0
0.5425,64,0,0.0456,,7,0,2,0,0.0,0
0.3305,65,0,0.2878,5324.0,11,0,1,0,1.0,0
9.04,54,1,0.3292,12049.0,5,0,1,0,1.0,0
0.5546,65,0,0.4117,6698.0,10,0,0,0,0.0,0
1.0024,35,0,0.0649,,6,0,1,0,2.0,0
0.394,51,0,0.8193,7421.0,10,0,2,0,1.0,0
0.583,68,0,0.9116,2076.0,7,0,1,0,0.0,0
0.0071,64,0,0.4901,4336.0,9,0,0,0,0.0,0
0.2488,50,0,0.3399,,6,0,0,0,0.0,0
0.0236,58,0,1.2981,5223.0,9,0,1,0,0.0,0
0.4597,41,0,0.4303,12842.0,10,0,2,0,0.0,0
1.9038,74,0,0.3015,2891.0,12,0,2,0,0.0,0
0.4696,65,0,0.2905,,7,0,1,0,0.0,0
0.4891,54,0,0.1821,11795.0,6,0,0,0,1.0,0
0.539,57,0,0.5334,1314.0,9,0,0,0,1.0,1
1.2077,59,0,0.5642,9013.0,9,0,0,0,0.0,0
0.187,61,0,0.3043,5154.0,7,0,1,0,0.0,0
0.7432,48,0,0.2682,7460.0,9,0,1,0,0.0,0
0.5584,62,0,0.8374,3684.0,5,0,0,0,0.0,1
1.6164,80,0,0.5631,3457.0,7,0,0,0,0.0,0
0.5993,64,0,0.5082,8093.0,10,0,1,0,1.0,0
0.6204,47,0,1.0206,12206.0,8,0,0,0,1.0,0
0.0171,47,0,0.8583,3804.0,13,0,1,0,,0
0.6194,55,0,0.8791,5856.0,8,0,2,0,2.0,0
0.3747,73,0,0.3028,,10,0,2,0,1.0,0
0.7434,58,0,0.3694,14413.0,12,0,1,0,2.0,0
0.5586,27,0,0.3452,7398.0,6,0,1,0,1.0,0
1.1356,38,0,0.561,6474.0,14,0,3,0,1.0,0
0.6568,38,0,0.6172,,10,0,0,0,0.0,1
0.2488,61,0,0.4499,3109.0,6,0,3,0,1.0,0
0.2224,34,0,0.3795,,14,0,4,0,1.0,0
0.2111,67,0,0.6787,,7,0,1,0,3.0,0
0.1243,76,0,0.3518,4189.0,8,0,1,0,1.0,0
0.2259,64,0,0.588,3462.0,7,0,2,0,3.0,0
3.1808,23,0,0.5231,,5,0,1,0,2.0,1
0.033,40,0,0.1641,8363.0,7,0,0,0,0.0,0
1.0167,48,0,0.7275,10335.0,8,0,1,0,1.0,0
0.1538,44,0,0.0542,5626.0,5,0,1,0,0.0,0
0.8822,39,0,0.5437,3116.0,10,0,2,0,1.0,0
0.2044,41,0,0.9272,9127.0,10,0,1,0,3.0,0
0.1893,53,0,0.1621,5392.0,7,0,2,0,0.0,0
0.2274,45,0,0.2578,22774.0,16,0,0,0,2.0,0
0.3727,48,0,0.4744,,15,0,0,0,2.0,0
0.3844,62,0,0.1126,4686.0,8,0,2,0,2.0,0
0.4688,21,0,0.3817,15288.0,8,0,2,0,2.0,0
0.5791,29,0,0.4692,5196.0,3,0,0,0,0.0,0
1.9237,45,0,0.5637,8091.0,12,0,2,0,1.0,0
3.3915,46,1,0.5018,,7,0,2,2,2.0,0
0.2296,43,0,0.7558,6703.0,11,0,0,0,2.0,0
0.3651,52,0,0.3095,,8,0,0,0,2.0,0
0.4103,47,0,1.0065,,10,0,1,0,0.0,0
0.9751,73,0,0.5586,8670.0,5,0,3,0,1.0,0
0.2728,38,0,0.5381,2113.0,9,0,0,0,1.0,0
2.5491,53,0,0.3554,9209.0,10,0,1,0,0.0,0
0.3975,48,0,0.8454,10656.0,8,0,2,0,0.0,0
0.32,51,0,0.5642,6094.0,7,0,1,0,2.0,0
0.4724,47,0,0.7107,4179.0,11,0,2,0,1.0,0
0.8867,64,0,0.2972,9201.0,10,0,1,0,1.0,0
0.6741,57,0,0.6818,5037.0,8,0,1,0,0.0,0
0.7829,36,0,0.4073,3056.0,8,1,0,0,0.0,0
0.7254,69,0,0.0843,4881.0,10,0,1,0,2.0,0
0.3464,59,0,0.0813,,4,0,2,0,2.0,0
0.6934,47,0,0.1855,,5,0,1,0,0.0,0
0.2496,63,0,0.3085,6834.0,6,0,2,0,2.0,0
0.6496,43,0,0.2641,9878.0,4,0,1,0,0.0,0
0.8508,55,2,0.0789,15250.0,12,0,3,0,1.0,0
0.0515,36,0,0.4847,4425.0,3,0,1,0,0.0,0
3.2793,63,3,0.3402,7301.0,8,0,0,0,0.0,0
0.1385,57,0,0.4289,2006.0,5,0,2,0,0.0,0
0.4741,52,0,0.1066,4607.0,7,0,1,0,0.0,0
0.5154,59,0,0.4929,,10,0,1,0,1.0,0
0.057,30,0,0.7557,7298.0,5,0,3,0,2.0,0
0.5399,63,0,0.3908,2347.0,8,0,0,0,1.0,0
0.5064,41,0,0.9164,,9,0,1,0,2.0,0
0.3875,76,0,0.3433,,15,0,2,0,0.0,0
0.1769,51,0,1.1877,,8,0,0,0,0.0,0
0.2053,34,0,1.0407,,9,0,1,0,0.0,0
0.1658,84,0,0.3293,12155.0,7,0,1,0,0.0,0
0.1604,62,0,0.1935,2486.0,5,0,0,0,1.0,0
1.0442,37,0,0.9098,8912.0,14,0,1,0,2.0,0
0.3664,56,0,0.452,5580.0,7,0,1,0,2.0,0
0.7755,66,0,0.0623,,6,0,1,0,2.0,0
0.0511,21,0,0.7598,6917.0,6,0,1,0,0.0,0
0.3732,54,0,0.4137,11475.0,7,0,1,0,0.0,0
1.0111,52,0,0.7698,14902.0,11,0,1,0,1.0,0
4.7954,53,0,0.3747,1641.0,16,0,1,0,0.0,0
0.3477,30,0,0.6775,2093.0,6,0,0,0,0.0,0
0.3237,48,0,0.5196,6653.0,9,0,1,0,,0
0.2036,31,0,0.3029,5535.0,12,0,0,0,,1
1.4016,57,2,0.3515,3671.0,6,0,1,0,1.0,0
0.2268,44,0,0.018,8057.0,9,0,2,0,1.0,0
0.4987,55,0,0.6495,4597.0,14,0,1,0,0.0,1
0.59,52,0,0.6639,3804.0,14,0,0,0,0.0,0
0.8197,55,0,0.2738,,9,0,1,0,0.0,0
0.2453,45,0,0.5679,8654.0,6,0,1,0,0.0,0
0.0564,52,0,0.0746,2691.0,9,0,2,0,0.0,0
0.3183,54,0,0.6494,5476.0,10,0,2,0,1.0,0
0.5306,71,0,0.3237,9486.0,8,0,1,0,3.0,0
0.3156,56,0,0.3391,3442.0,8,0,2,0,2.0,0
3.4191,62,0,0.3199,,5,0,1,0,4.0,0
0.3442,62,0,0.806,8344.0,11,0,2,0,0.0,0
1.3319,52,0,0.2346,7926.0,6,0,0,0,0.0,0
0.8219,61,0,0.2482,,8,0,1,0,0.0,0
0.5172,58,0,0.2584,,4,0,2,0,0.0,0
0.3873,28,0,0.6121,,8,0,0,0,0.0,0
0.7007,61,0,0.3637,7181.0,6,0,0,0,1.0,0
0.1901,67,0,0.145,10490.0,11,0,0,0,2.0,0
0.0199,58,0,0.485,17478.0,9,0,3,0,1.0,0
0.0691,38,0,0.696,,4,0,0,0,1.0,0
0.0943,40,0,0.5581,5866.0,11,0,1,0,2.0,0
0.0372,41,0,1.0451,5675.0,13,0,1,0,,0
2.8391,56,0,1.089,6698.0,9,0,0,0,1.0,0
0.1092,63,0,0.7014,3509.0,14,0,0,0,1.0,0
1.4307,23,0,0.186,2921.0,7,0,2,0,1.0,0
2.0247,46,0,0.6078,3513.0,8,0,2,0,1.0,0
2.8193,52,0,0.0653,7717.0,8,0,1,0,3.0,1
0.7051,55,0,0.7532,9052.0,7,0,3,0,2.0,0
0.4456,40,0,0.2347,5202.0,12,0,1,0,1.0,0
0.9289,51,3,0.5948,3894.0,13,0,2,3,0.0,0
0.2236,54,0,0.5209,1509.0,6,0,2,0,1.0,0
5.4794,50,0,0.6384,6799.0,8,0,0,0,1.0,0
0.9156,56,0,1.2355,4494.0,9,0,1,0,1.0,0
0.0739,50,0,0.5062,,10,0,0,0,1.0,0
0.0725,55,0,0.4279,6011.0,11,0,1,0,1.0,0
0.4516,41,0,0.4182,3408.0,3,0,1,0,0.0,0
1.7295,51,2,0.4687,2417.0,10,0,0,0,1.0,0
1.2334,45,0,0.2996,3037.0,7,0,0,0,2.0,0
0.0806,53,0,0.202,1967.0,5,0,1,0,1.0,0
0.2866,52,0,0.8506,2047.0,10,0,2,0,2.0,0
1.005,44,0,0.2681,6553.0,9,0,3,0,1.0,0
0.1678,47,0,1.2206,8786.0,10,0,1,0,1.0,0
0.1893,48,0,0.3672,2979.0,10,0,0,0,1.0,0
0.5457,48,0,0.361,2458.0,8,0,1,0,0.0,0
0.8008,24,0,0.4101,1338.0,12,0,3,0,1.0,1
0.9502,70,0,0.7968,4170.0,10,0,1,0,0.0,0
1.0245,48,2,0.6319,2185.0,11,0,2,0,1.0,0
0.0583,60,0,0.1442,5251.0,6,0,1,0,3.0,0
1.6401,28,0,0.6346,2844.0,11,0,0,0,0.0,0
0.5836,54,0,0.69,5890.0,5,0,0,0,0.0,0
6.5328,49,0,0.2295,4942.0,9,0,0,0,0.0,0
0.6926,29,0,0.7547,5351.0,8,0,1,0,0.0,0
0.5613,74,0,0.5119,14987.0,9,0,1,0,3.0,0
0.02,71,0,0.5105,8671.0,8,0,1,0,1.0,0
0.0805,58,0,0.1169,,8,0,2,0,3.0,0
0.5243,64,0,0.4674,,10,0,0,0,0.0,0
0.8125,58,0,0.1944,3971.0,5,0,1,0,1.0,0
0.51,46,0,0.2864,4191.0,7,0,2,0,2.0,0
0.9253,27,0,0.4244,,7,0,1,0,0.0,0
0.1615,37,0,0.7149,1541.0,11,0,1,0,0.0,0
0.7745,44,0,0.0754,4723.0,4,0,1,0,1.0,0
0.5706,81,0,0.7093,,6,0,3,0,1.0,1
0.049,39,0,0.267,,7,0,1,0,2.0,0
0.7708,47,0,0.3718,4249.0,5,0,1,0,0.0,0
0.3817,53,0,0.3192,1807.0,5,0,2,0,0.0,0
0.8606,59,0,0.7121,,11,0,1,0,1.0,0
0.524,49,0,0.5566,1654.0,7,0,1,0,1.0,0
0.8632,46,0,0.1257,14922.0,7,0,1,0,2.0,0
2.0977,87,0,0.28,5410.0,8,0,5,0,1.0,1
0.5545,45,0,0.2564,,10,0,0,0,0.0,0
0.0804,86,0,0.2737,2963.0,11,0,0,0,1.0,0
0.4828,46,0,0.5146,4001.0,11,0,2,0,0.0,1
0.8978,53,2,0.6205,5142.0,9,0,1,1,1.0,0
0.2326,63,0,0.5516,7704.0,4,0,0,0,0.0,0
0.1134,47,0,0.1385,2442.0,5,0,2,0,2.0,0
0.1232,33,0,0.6853,6928.0,6,0,1,0,0.0,0
0.2731,56,0,0.1829,,9,0,2,0,1.0,0
0.2739,34,0,0.2754,8435.0,5,0,0,0,0.0,0
0.4503,21,0,0.2746,1859.0,8,0,2,0,0.0,0
0.0851,58,0,0.6226,7335.0,7,0,1,0,1.0,0
0.2257,37,0,0.1194,8658.0,7,0,0,0,2.0,0
0.2828,64,0,0.2492,3692.0,10,0,2,0,0.0,0
0.5745,55,0,0.6449,2973.0,8,0,0,0,0.0,0
0.0683,62,0,0.4137,4420.0,16,0,0,0,0.0,0
0.4004,71,0,0.3159,4612.0,6,0,1,0,2.0,0
0.5965,62,0,0.295,3922.0,9,0,1,0,2.0,0
2.6507,67,0,0.5783,4110.0,7,0,0,0,0.0,0
0.23,43,0,0.3526,,7,0,1,0,0.0,0
0.135,68,0,0.6147,,6,0,2,0,2.0,0
0.1547,60,0,0.7731,10520.0,9,0,0,0,3.0,0
0.2468,59,0,0.4678,1183.0,12,0,1,0,0.0,0
0.3314,66,0,0.1505,,13,0,1,0,0.0,0
0.2204,67,0,0.3719,11312.0,4,0,1,0,0.0,0
0.1963,56,0,0.5851,3028.0,8,0,0,0,1.0,0
1.1987,26,0,1.0674,9532.0,10,0,1,0,0.0,0
0.0528,71,0,0.6888,2886.0,7,0,1,0,3.0,0
0.2302,45,0,0.6309,9095.0,8,0,2,0,2.0,0
0.0154,57,0,0.2746,,5,0,1,0,4.0,0
0.8275,61,0,0.4249,6497.0,10,0,1,0,0.0,0
0.6406,23,0,0.1473,4893.0,7,0,2,0,1.0,0
0.6042,47,0,0.1059,1753.0,10,0,3,0,1.0,0
0.4407,54,0,0.3758,,4,0,2,0,0.0,0
0.6889,94,0,0.2828,36509.0,6,0,1,0,1.0,0
1.5078,65,0,0.5492,4103.0,6,0,2,0,2.0,0
0.2695,39,0,0.6796,3673.0,5,0,2,0,0.0,0
2.911,69,0,0.3739,,7,0,3,0,1.0,0
0.0918,73,0,0.441,11790.0,8,0,1,0,0.0,0
0.6291,49,0,0.5445,5994.0,4,0,0,0,0.0,0
0.2034,53,0,0.4527,3905.0,8,0,0,0,0.0,0
0.1827,59,0,0.5346,4078.0,8,0,1,0,1.0,0
0.5691,59,0,0.946,8978.0,6,0,0,0,2.0,0
0.5747,52,0,0.3051,4302.0,7,0,2,0,0.0,0
0.0361,37,0,0.1332,,10,0,1,0,4.0,0
0.4115,29,0,0.1125,7299.0,7,0,2,0,1.0,0
0.6081,39,0,0.6086,4244.0,6,0,0,0,1.0,0
0.2743,44,0,0.6943,4806.0,7,0,2,0,,0
0.5534,50,0,0.7337,3232.0,3,0,0,0,0.0,1
0.0416,62,0,0.3053,7578.0,13,0,1,0,0.0,0
0.2434,40,0,0.3037,15628.0,10,0,2,0,0.0,0
1.3211,39,0,0.5142,823.0,11,0,1,0,0.0,0
0.2067,59,0,0.3013,19101.0,12,0,0,0,1.0,0
0.0472,41,0,0.5909,,4,0,0,0,2.0,0
0.54,43,0,0.4893,4349.0,7,0,2,0,0.0,0
0.2119,50,0,0.2538,2590.0,5,0,1,0,,0
0.8479,49,0,0.4553,6875.0,5,0,1,0,1.0,1
3.5469,36,0,0.3281,,9,0,0,0,0.0,0
0.3912,62,0,0.7826,2787.0,8,0,0,0,0.0,0
0.4184,68,0,0.5783,3122.0,5,0,1,0,3.0,0
0.0047,46,0,0.5299,10963.0,5,0,2,0,0.0,0
0.423,83,0,0.1805,7195.0,12,0,0,0,1.0,0
0.2648,42,0,0.1957,,5,0,1,0,1.0,0
0.2484,52,0,0.3274,6599.0,5,0,0,0,1.0,0
0.2503,34,0,1.0118,11195.0,13,0,0,0,0.0,0
0.0367,45,0,0.9594,10142.0,7,0,1,0,0.0,0
0.7469,78,0,0.8169,8607.0,8,0,1,0,0.0,0
0.1177,57,0,0.8637,5645.0,8,0,0,0,0.0,0
0.2474,53,0,0.2158,,11,0,2,0,2.0,0
0.1547,40,0,0.3324,7280.0,5,0,2,0,2.0,0
1.8553,32,0,0.2145,,14,0,1,0,1.0,0
1.1643,69,0,0.8723,5711.0,10,0,0,0,0.0,0
0.0238,58,0,0.2328,13865.0,4,0,2,0,2.0,0
0.5576,40,0,0.8155,8273.0,11,0,2,0,0.0,0
3.8138,39,2,0.7617,1572.0,8,0,0,0,1.0,0
0.1196,60,0,0.4708,9179.0,3,0,2,0,0.0,0
0.2386,66,1,0.64,6183.0,6,0,1,0,0.0,0
0.8847,32,0,0.9293,6251.0,11,0,2,0,2.0,0
0.045,51,0,0.2743,8784.0,5,0,0,0,0.0,0
0.6427,55,0,0.4721,11502.0,13,0,3,0,0.0,0
0.2735,54,0,0.4116,5668.0,5,0,1,0,2.0,0
0.4578,50,0,0.1367,,4,0,2,0,1.0,0
1.8032,32,0,0.0881,3435.0,8,0,1,0,0.0,0
0.6939,53,0,0.7274,2232.0,7,0,0,0,0.0,0
0.3626,63,0,0.955,,7,0,0,0,1.0,0
0.814,32,0,0.2711,4449.0,9,0,1,0,3.0,0
0.3381,54,1,0.4692,1581.0,10,0,2,0,1.0,0
0.3108,58,0,0.5704,16444.0,7,0,1,0,0.0,0
0.1349,36,0,0.5266,5078.0,9,0,1,0,,0
0.5799,43,0,0.5534,4749.0,9,0,1,0,1.0,0
0.2409,40,0,0.3156,6973.0,5,0,0,0,1.0,0
0.4808,53,0,0.3348,16526.0,12,0,2,0,0.0,0
0.2984,37,0,0.3716,3342.0,6,0,1,0,2.0,0
0.7207,28,0,0.4335,12446.0,9,0,2,0,1.0,0
0.1988,58,0,0.7868,6000.0,6,0,2,0,1.0,0
0.1924,67,0,1.0543,2192.0,15,0,0,0,3.0,0
0.537,48,0,0.5755,2813.0,8,0,3,0,0.0,0
0.6102,25,0,0.1858,3191.0,6,0,2,0,3.0,1
10.0202,36,0,0.4279,6023.0,6,0,0,0,,0
0.1938,45,0,0.3636,,9,0,1,0,0.0,0
0.4725,55,0,0.4239,4379.0,4,0,1,0,1.0,0
0.5498,41,0,0.4687,2026.0,9,0,1,0,1.0,1
0.2708,55,0,0.6933,,17,0,4,0,0.0,0
0.1358,40,0,0.6196,,5,0,0,0,0.0,0
0.0993,68,0,0.7537,4743.0,7,0,1,0,0.0,0
0.2019,31,0,0.7718,2360.0,9,0,2,0,1.0,0
0.4964,49,0,1.1003,2547.0,6,0,1,0,0.0,0
0.355,44,0,0.6218,11330.0,9,0,1,0,2.0,0
0.8423,54,0,0.2514,3210.0,6,0,1,0,1.0,0
0.4226,33,0,0.4897,3985.0,9,0,2,0,1.0,0
1.8077,54,0,0.3814,2795.0,8,0,1,0,1.0,0
0.0978,44,0,0.4233,5450.0,12,0,0,0,1.0,0
0.4836,55,0,0.4045,6569.0,9,0,1,0,1.0,0
2.6806,44,0,0.3796,13930.0,7,0,0,0,0.0,0
0.0818,68,0,0.3663,,5,0,4,0,2.0,0
0.4725,52,0,0.7134,11630.0,7,0,1,0,1.0,0
0.1646,47,0,0.9739,7104.0,7,0,2,0,1.0,0
2.1813,48,0,0.8001,5224.0,2,0,3,0,3.0,0
0.3803,48,0,0.3861,7244.0,4,0,1,0,3.0,0
0.3045,61,0,0.4671,5652.0,10,0,1,0,2.0,0
3.2492,53,0,0.6995,21924.0,10,0,0,0,1.0,0
0.6006,48,0,0.3035,6416.0,9,0,2,0,1.0,0
3.3259,62,0,0.7761,9571.0,8,0,2,0,1.0,0
0.0702,81,0,0.0767,4901.0,2,0,1,0,1.0,0
0.0665,42,0,0.8625,1751.0,3,0,1,0,0.0,0
0.4909,55,0,1.0976,,5,0,2,0,1.0,0
3.3618,41,0,0.9066,,8,0,2,0,0.0,1
0.1356,59,0,0.4505,8577.0,9,0,2,0,0.0,0
0.1784,70,0,0.3216,3272.0,8,0,2,0,3.0,1
0.4842,33,0,0.1421,,9,1,1,0,,0
0.0223,57,0,0.1621,,8,0,0,0,1.0,0
0.8641,29,0,0.1371,5433.0,15,0,2,0,2.0,0
0.6054,44,0,0.2888,2685.0,8,0,1,0,2.0,0
0.3623,51,0,0.1878,6351.0,12,0,1,0,1.0,0
0.6363,60,0,0.3073,4024.0,8,0,2,0,3.0,0
0.2841,37,0,0.2816,11922.0,7,0,2,0,0.0,0
1.7518,35,0,0.446,311.0,9,0,1,0,2.0,0
1.343,41,0,0.2416,7334.0,6,0,2,0,2.0,0
1.1319,54,0,0.5039,5836.0,3,0,0,0,1.0,0
0.5117,31,0,0.369,4852.0,5,0,0,0,4.0,0
0.1744,86,0,0.4852,,7,0,1,0,1.0,0
0.1563,42,0,0.5118,8256.0,4,0,1,0,0.0,0
0.5691,40,0,0.259,5389.0,9,0,0,0,1.0,0
0.1693,33,0,0.5329,,6,0,0,0,0.0,0
1.4665,59,0,0.4018,1472.0,7,0,0,0,0.0,0
0.5276,44,0,0.2853,4023.0,6,0,0,0,1.0,0
1.0356,60,0,0.5763,4516.0,7,0,0,0,,0
0.3778,57,0,0.4647,11785.0,9,0,1,0,0.0,0
0.0279,78,0,0.2018,4693.0,7,0,0,0,1.0,0
0.5045,35,0,0.3827,4227.0,9,0,0,0,2.0,0
0.3507,51,0,0.6863,4333.0,4,0,1,0,1.0,0
0.5533,48,0,0.6865,7128.0,9,0,2,0,1.0,0
0.0231,23,0,0.4869,12355.0,9,0,1,0,1.0,0
0.1631,58,0,0.085,,7,0,1,0,0.0,0
0.5284,48,0,0.4538,3932.0,7,0,1,0,0.0,0
0.0532,62,0,0.7661,,10,0,0,0,0.0,0
0.4886,54,0,0.2078,,11,0,0,2,1.0,0
0.1327,51,0,0.4155,4686.0,12,0,2,0,2.0,0
0.4066,70,0,0.8152,,8,0,0,0,4.0,0
0.0251,42,0,0.579,2352.0,9,0,2,0,2.0,0
0.6862,63,0,1.151,2714.0,15,0,2,0,1.0,0
6.827,57,0,0.3304,8873.0,6,0,1,0,1.0,0
0.1075,75,0,0.2395,3124.0,15,0,1,0,0.0,0
2.333,49,0,0.2747,2981.0,12,0,0,0,0.0,0
0.5528,83,0,0.3255,7269.0,5,0,1,0,0.0,0
4.1417,46,0,0.8755,5949.0,4,0,3,0,1.0,0
1.9555,58,7,1.2396,5230.0,7,3,0,0,3.0,0
0.1696,43,0,0.7317,4348.0,10,0,2,0,0.0,0
0.0216,64,0,0.0089,3032.0,7,0,0,0,1.0,0
0.3375,44,0,0.4904,5290.0,10,0,2,0,,0
0.4438,89,0,1.0364,4089.0,6,0,4,0,1.0,0
0.2271,55,0,0.3774,,8,0,2,0,1.0,0
0.568,51,0,0.5247,4724.0,5,0,0,0,0.0,0
0.4744,39,0,0.6829,,6,0,1,0,1.0,0
0.1854,24,0,0.7058,4349.0,7,0,1,0,2.0,0
0.4284,57,0,0.1841,5403.0,9,0,0,0,0.0,0
0.325,37,0,0.8553,,6,0,1,0,1.0,0
0.4997,62,0,0.474,,3,0,2,0,2.0,0
0.2534,21,0,0.774,1818.0,13,0,0,0,1.0,0
0.1109,37,0,0.5444,5232.0,5,0,1,0,0.0,0
0.3189,53,0,0.8223,6372.0,7,0,2,0,1.0,0
0.0904,71,0,0.037,6664.0,6,0,1,0,3.0,1
0.3079,51,0,0.2909,,12,0,0,0,3.0,0
1.4672,54,0,0.0746,9543.0,14,0,2,0,0.0,0
0.5187,36,0,0.1613,3984.0,5,0,1,0,0.0,0
0.2911,52,0,0.2303,4508.0,6,0,0,0,4.0,0
4.8211,46,0,0.3745,3046.0,4,0,0,0,0.0,0
1.0822,75,0,0.0151,,6,0,1,0,0.0,1
0.3943,23,0,0.6559,,7,0,0,0,0.0,0
0.3953,62,0,0.2161,,8,0,0,0,2.0,0
0.8911,42,0,0.6184,4767.0,17,0,0,0,0.0,0
0.8479,49,0,0.4482,,11,0,1,0,1.0,0
0.0219,49,0,0.3697,5280.0,9,0,1,0,1.0,0
1.0639,45,0,0.2869,8635.0,7,0,2,0,0.0,0
0.6186,37,0,0.5165,,11,0,0,0,1.0,1
0.3654,30,0,0.383,,12,0,0,0,,0
2.3263,87,0,0.2083,10904.0,8,0,3,0,0.0,0
0.1464,50,0,0.2722,,11,0,0,0,0.0,0
0.1355,37,0,0.3105,16471.0,11,0,1,0,1.0,0
0.5755,62,0,0.6617,,7,0,2,0,0.0,0
0.3333,64,0,0.8852,,7,0,2,0,0.0,0
0.5165,52,0,0.5042,3560.0,5,0,0,0,1.0,0
0.4127,38,0,0.7164,3690.0,6,0,2,0,2.0,0
0.3508,65,0,0.2914,3363.0,4,0,1,0,1.0,0
0.1721,40,0,0.4507,,7,0,1,0,1.0,0
0.327,39,0,0.6367,6594.0,3,0,0,0,2.0,0
11.2257,37,0,0.4757,4859.0,8,0,0,0,1.0,0
0.9995,37,0,0.6666,5559.0,8,0,0,0,2.0,0
1.593,62,0,0.441,7612.0,11,0,0,0,0.0,0
0.0321,44,0,0.455,6923.0,8,0,2,0,2.0,0
0.2564,86,0,0.2932,7287.0,5,0,1,0,3.0,0
2.952,56,0,0.099,,6,0,1,0,0.0,0
0.0312,54,0,0.111,4821.0,9,0,1,0,2.0,0
0.0643,55,7,0.1814,4118.0,10,0,0,1,3.0,0
0.3993,44,0,0.2815,1928.0,5,0,1,0,2.0,0
3.5172,64,0,0.7416,5284.0,10,0,1,0,0.0,1
0.2619,40,0,0.1352,5817.0,9,0,2,0,1.0,0
0.56,45,0,1.0201,2624.0,10,0,1,0,2.0,0
0.165,64,0,0.3433,2621.0,6,0,0,0,0.0,0
4.6157,71,0,0.4923,2679.0,12,0,1,0,0.0,0
0.2125,81,0,0.5008,8784.0,7,0,0,0,0.0,0
0.2574,46,0,0.7917,,2,0,0,0,0.0,0
0.0612,60,0,0.943,6314.0,9,0,1,0,1.0,0
0.2913,27,6,0.5052,,5,0,2,1,1.0,0
0.0474,74,0,0.079,,8,0,2,0,1.0,0
0.239,50,0,0.8583,4610.0,14,0,0,0,1.0,0
0.5556,62,0,0.6278,,3,0,1,0,0.0,0
3.0269,61,0,0.2035,,11,0,2,0,0.0,0
0.2528,59,0,1.0881,3746.0,5,0,0,0,0.0,0
1.2198,43,0,0.3814,10174.0,8,0,0,0,0.0,0
0.0255,42,0,0.4443,,10,0,0,0,0.0,0
0.1895,65,0,0.7376,3017.0,5,0,0,0,0.0,0
0.2759,45,0,0.2355,10563.0,14,0,1,0,0.0,0
0.2624,42,0,0.362,,4,0,1,0,0.0,0
1.3165,50,2,0.5543,4511.0,4,0,1,1,0.0,0
0.549,50,0,0.3601,4514.0,11,0,1,0,2.0,0
2.9798,46,0,0.1758,9273.0,5,0,2,0,0.0,0
1.5417,50,0,0.3814,3505.0,6,0,3,0,1.0,1
0.4808,56,0,0.5409,,6,0,2,0,1.0,1
0.633,38,0,0.3237,,9,0,0,0,2.0,0
0.155,36,0,0.1548,1709.0,12,0,3,0,1.0,0
0.8253,60,0,0.3953,7920.0,4,0,0,0,1.0,0
0.0979,58,0,0.1389,,9,0,1,0,0.0,0
0.0887,47,0,0.2004,4822.0,6,1,1,2,1.0,0
0.0946,44,0,0.2054,4926.0,7,0,0,0,1.0,0
0.8603,63,0,0.7173,,8,0,0,0,1.0,0
0.3245,36,0,0.8243,3787.0,6,0,0,0,3.0,0
0.3409,36,0,0.5251,4968.0,7,0,2,0,0.0,0
0.8811,41,0,0.776,6921.0,3,0,3,0,3.0,0
0.4326,21,0,0.0911,,8,0,1,0,0.0,0
0.164,80,0,0.2074,4507.0,5,0,1,0,0.0,0
4.3032,34,0,0.6044,8154.0,7,0,1,2,2.0,0
0.048,66,0,0.1555,5939.0,6,0,2,0,2.0,0
0.5913,56,0,0.2451,5443.0,11,0,0,0,0.0,1
2.5495,57,0,0.1325,3665.0,10,0,0,0,0.0,0
4.3746,75,0,0.1928,6761.0,4,0,0,0,2.0,0
0.3149,58,0,0.3956,5602.0,8,0,2,0,0.0,0
0.2226,51,0,0.869,5865.0,7,0,1,0,0.0,0
0.3706,73,0,0.253,8416.0,9,0,1,0,2.0,0
0.5558,22,0,0.318,1099.0,11,0,0,0,0.0,0
0.8458,70,0,0.3254,8400.0,5,0,1,0,0.0,1
0.2904,53,0,0.6679,5813.0,12,0,1,0,0.0,0
0.6547,51,0,0.6311,,8,0,2,0,1.0,0
0.2312,49,0,0.0575,,10,0,0,0,2.0,0
0.2119,57,0,0.401,,6,0,1,0,0.0,0
0.0321,45,0,0.0563,,12,0,2,0,0.0,0
0.6033,39,0,0.3632,3072.0,8,0,0,0,2.0,0
0.4738,53,0,0.2289,17383.0,9,0,0,0,0.0,0
2.3066,62,0,0.3385,11413.0,9,0,2,0,3.0,0
0.2056,50,0,0.5806,7034.0,5,0,2,0,0.0,0
0.6501,59,0,0.3312,4290.0,8,0,1,0,1.0,0
0.6493,62,0,0.0849,4297.0,3,0,1,0,0.0,0
0.0647,61,0,0.5648,,9,0,2,0,0.0,0
0.1835,60,0,1.0198,6115.0,5,0,1,0,1.0,0
0.8705,61,0,0.3919,17504.0,13,0,3,0,1.0,0
1.0225,56,0,0.8892,6185.0,7,0,0,0,0.0,0
0.0296,22,0,0.4893,6534.0,10,0,1,0,1.0,0
0.0566,42,0,0.1503,,4,0,1,0,2.0,0
8.556,48,1,0.5645,,6,0,1,1,0.0,0
0.0183,64,0,0.5761,4709.0,3,0,0,0,1.0,0
0.0018,45,0,0.4592,9092.0,8,0,1,0,2.0,0
0.0392,66,0,0.582,2925.0,8,0,0,0,,0
0.7597,72,0,0.1643,4590.0,4,0,0,0,1.0,0
0.5084,83,0,0.3003,,9,0,0,0,1.0,0
0.6883,61,0,0.3232,4354.0,5,0,1,0,0.0,0
0.4449,43,0,0.5843,3353.0,11,0,2,0,0.0,0
1.1079,57,2,0.093,5444.0,6,1,1,0,0.0,0
0.0785,64,0,0.2354,1847.0,6,0,3,0,1.0,0
0.1976,31,0,0.1684,12380.0,8,0,1,0,0.0,0
0.1287,69,0,0.6926,4623.0,5,0,3,0,2.0,0
0.2988,45,0,0.3969,,8,0,3,0,1.0,0
0.1601,55,0,0.3084,13914.0,13,0,0,0,0.0,0
0.0311,38,0,0.0694,7558.0,12,0,1,0,1.0,0
0.1242,67,0,0.2922,5943.0,8,0,1,0,3.0,0
0.2293,26,0,0.6049,,12,0,0,0,,0
0.5254,51,0,0.6087,16196.0,12,0,1,0,1.0,0
1.5439,45,0,0.1784,2244.0,11,0,2,0,2.0,0
0.0948,63,0,0.1102,2363.0,6,0,0,0,0.0,0
0.1582,46,0,0.119,6149.0,7,0,2,0,0.0,0
0.4132,69,0,0.8629,4203.0,8,0,1,0,1.0,0
0.1033,48,0,0.4974,,10,0,2,0,0.0,0
0.0485,61,0,0.9027,7156.0,9,0,1,0,2.0,0
4.091,62,0,0.327,3167.0,6,0,0,0,4.0,0
0.9814,57,0,0.1645,6138.0,9,0,1,0,0.0,0
0.1195,60,0,0.34,2029.0,6,0,2,0,1.0,0
0.2394,30,0,0.3193,5680.0,9,0,1,0,0.0,0
0.3552,44,1,1.0157,4439.0,8,0,2,2,2.0,0
0.5903,45,0,0.291,5663.0,11,0,1,0,1.0,0
2.0421,61,0,0.5852,,6,0,0,0,0.0,1
0.4647,68,0,0.3752,2870.0,6,0,0,0,2.0,0
0.1095,56,0,0.3101,9132.0,2,0,1,0,0.0,0
0.1264,48,0,0.5586,2453.0,7,0,3,0,1.0,0
1.6905,52,0,0.4653,2765.0,10,0,4,0,1.0,0
0.7629,56,0,0.4724,3195.0,11,0,0,0,1.0,1
0.7985,51,0,0.5041,4929.0,8,0,3,0,1.0,0
0.6431,43,0,0.7482,15240.0,10,0,3,0,1.0,0
0.5538,36,0,0.8567,,7,0,1,0,2.0,0
0.6813,38,0,0.6511,4943.0,8,0,2,0,0.0,0
1.1011,36,0,0.5828,4133.0,5,0,4,0,0.0,1
1.3457,54,0,0.8815,9416.0,8,0,0,0,0.0,0
0.1734,43,0,0.5118,13690.0,6,0,2,0,0.0,0
0.1862,61,0,0.1753,5261.0,12,0,0,0,1.0,0
0.3031,21,0,0.6612,,7,0,1,0,1.0,0
0.4327,41,0,0.5068,,5,0,2,0,0.0,1
0.1504,50,0,0.8133,9696.0,8,0,1,0,2.0,0
4.3014,54,0,0.2782,4539.0,7,0,2,0,2.0,0
0.2388,53,0,0.8322,7718.0,7,0,0,0,1.0,0
0.1803,66,0,1.3403,3975.0,5,0,1,0,3.0,0
0.475,73,0,0.1596,19504.0,12,0,0,0,1.0,0
0.0609,58,0,1.0551,4218.0,11,0,2,0,0.0,0
5.8395,54,2,0.3894,7296.0,6,0,1,0,0.0,0
0.2565,60,0,0.4415,2828.0,11,0,1,0,0.0,0
4.5865,51,0,0.6105,,4,1,5,0,0.0,0
0.1219,69,0,0.2808,,14,0,0,0,1.0,0
0.2421,51,0,0.422,1099.0,6,0,1,0,1.0,0
0.4249,49,0,0.1437,3024.0,9,0,1,0,2.0,1
4.1556,59,0,0.191,4567.0,9,0,1,0,1.0,0
0.6036,43,0,0.1815,4141.0,5,0,0,0,0.0,0
0.025,74,0,0.7169,5149.0,9,0,0,0,3.0,0
0.1221,31,0,0.2787,,10,0,1,0,0.0,0
0.2246,38,0,0.3078,6584.0,5,0,1,0,2.0,0
0.0735,67,0,0.7458,8534.0,11,0,1,0,1.0,0
0.7751,75,0,0.8386,9384.0,6,0,2,0,0.0,0
0.5941,80,0,0.8292,3966.0,8,0,0,0,0.0,0
0.4775,44,0,0.7922,5320.0,4,0,0,0,0.0,0
0.6844,51,0,0.4956,1356.0,5,0,0,0,0.0,0
0.1937,57,0,1.2719,,7,0,0,0,0.0,0
0.175,58,0,0.6113,3496.0,10,0,0,0,1.0,0
0.1586,67,0,0.5737,11563.0,12,0,1,0,0.0,0
0.0714,58,0,0.824,4189.0,9,0,1,0,0.0,0
0.3282,88,1,0.653,13171.0,4,0,0,0,0.0,0
0.131,68,1,0.1371,4236.0,10,0,1,1,0.0,0
0.1145,69,0,0.4325,,8,0,2,0,1.0,0
0.5617,40,0,0.8153,3874.0,9,0,2,0,1.0,0
0.3512,65,0,0.7486,7397.0,6,0,0,0,1.0,0
0.2083,68,0,0.1052,5023.0,7,0,1,0,0.0,0
0.2406,65,0,0.2753,,9,0,2,0,0.0,0
0.5279,29,0,0.5602,,8,0,1,0,2.0,0
0.7171,42,0,0.6708,4746.0,10,0,1,0,1.0,0
0.2477,42,0,0.4045,6947.0,6,0,2,0,1.0,0
0.275,50,0,0.3399,,4,0,0,0,0.0,0
0.4814,48,0,0.6757,5996.0,13,0,0,0,2.0,0
0.6367,95,0,0.1398,3043.0,12,0,1,0,0.0,1
0.4157,46,0,0.3814,,8,0,1,0,0.0,0
0.4257,53,0,0.8336,5781.0,9,0,1,0,0.0,0
0.2509,61,0,0.3904,10630.0,7,0,1,0,1.0,0
0.4665,54,0,0.1586,3296.0,13,0,2,0,0.0,0
0.4929,80,0,0.6977,3753.0,9,0,1,0,0.0,0
0.3136,60,0,0.5566,,10,0,0,0,1.0,0
0.4626,49,0,0.5193,,6,0,0,0,0.0,0
0.0792,49,0,0.1941,,5,0,0,0,0.0,0
0.7853,66,0,0.5889,3721.0,9,0,1,0,0.0,0
0.4031,71,0,0.6751,2586.0,8,0,2,0,0.0,0
0.5402,61,0,0.431,3779.0,6,0,1,0,1.0,0
0.3018,46,0,0.4989,5113.0,12,0,0,0,1.0,0
0.2514,45,0,0.3131,4522.0,13,0,0,0,2.0,0
0.2381,61,0,0.1963,1486.0,10,0,0,0,1.0,0
0.4218,76,0,0.4154,5735.0,10,0,2,2,1.0,0
0.3348,64,0,1.1787,12149.0,6,0,0,0,0.0,0
0.5957,48,0,0.5285,3383.0,10,0,1,0,2.0,0
1.1092,51,0,0.4176,8748.0,12,0,1,0,0.0,0
0.4569,25,0,0.1998,8904.0,10,0,0,0,1.0,0
0.39,69,0,0.3169,9129.0,17,0,0,0,3.0,0
0.231,37,0,0.27,5803.0,5,0,0,0,0.0,0
0.4238,69,0,0.5916,1417.0,5,0,1,0,0.0,0
4.7175,54,0,0.547,,12,0,1,0,2.0,0
0.5184,82,0,0.5149,7392.0,8,0,1,0,2.0,0
6.183,68,0,0.9357,5864.0,10,0,0,0,0.0,0
0.2923,58,0,0.8272,6728.0,19,0,2,0,0.0,0
0.0143,53,0,0.1754,10468.0,11,0,0,0,0.0,0
0.5683,44,0,0.2089,7612.0,10,0,0,0,0.0,0
0.5361,54,0,0.2243,,6,0,0,0,0.0,0
0.3435,51,0,1.1658,5564.0,5,0,1,0,0.0,0
0.3981,32,0,0.2292,2710.0,4,0,4,0,1.0,0
0.1748,71,0,0.1021,4783.0,8,0,1,0,0.0,0
1.3538,49,2,0.0465,5512.0,3,0,0,0,3.0,0
0.7046,49,0,0.7465,4378.0,9,0,2,0,0.0,0
0.3621,28,0,1.4527,2833.0,4,0,0,0,0.0,0
0.0703,47,0,0.6933,,3,0,4,0,0.0,0
1.3358,63,0,0.7388,,7,0,0,0,0.0,0
0.6819,42,0,0.4617,2127.0,13,0,2,0,0.0,0
0.2808,39,0,0.1766,8529.0,10,0,0,0,1.0,0
0.0874,49,0,0.7016,4389.0,10,0,0,0,2.0,0
0.3094,54,0,0.7992,6987.0,13,0,1,0,0.0,0
3.5563,67,0,0.2174,,4,0,1,0,1.0,0
0.3219,70,0,0.2705,3971.0,2,0,2,0,2.0,0
0.1487,51,0,0.5409,3935.0,4,0,3,0,0.0,0
0.1311,34,0,0.5103,5266.0,6,0,1,0,0.0,0
0.0294,44,0,0.9256,,9,0,1,0,2.0,0
0.1054,66,0,0.0627,,6,0,0,0,2.0,0
0.5856,37,0,0.8241,,11,0,2,0,0.0,0
0.0153,61,0,0.3842,,10,0,2,0,1.0,0
0.4326,85,0,0.7282,2164.0,7,0,3,0,0.0,1
0.6965,66,0,0.4831,3293.0,8,0,1,0,3.0,1
0.6111,57,0,0.0581,7833.0,5,0,2,0,1.0,0
0.0956,71,0,0.0326,,11,0,0,0,0.0,0
0.6802,58,0,0.2015,,12,0,3,0,0.0,0
0.3041,47,0,0.8355,,5,0,2,0,1.0,0
0.3713,55,0,0.6014,,4,0,1,0,0.0,0
0.7287,37,0,0.0333,5710.0,10,0,1,0,0.0,0
0.0603,34,0,0.1781,,9,0,1,0,0.0,0
0.4478,50,0,0.4029,4456.0,10,0,3,0,2.0,0
0.1657,42,0,0.4991,11033.0,10,0,2,0,1.0,0
0.2056,42,0,0.4072,4769.0,6,0,1,0,0.0,0
0.5233,37,0,0.4338,4603.0,11,0,1,0,2.0,0
3.4029,48,0,0.6246,2122.0,5,0,0,0,2.0,0
0.1057,42,0,0.5536,,7,0,0,0,0.0,0
0.3848,52,0,0.5258,3875.0,7,0,1,0,2.0,0
0.7707,43,0,0.4789,21478.0,7,0,1,0,0.0,0
0.4469,42,0,0.8896,4482.0,8,0,1,0,0.0,0
2.2923,49,0,0.3671,6797.0,5,0,2,0,0.0,0
0.7532,29,0,0.7204,4994.0,10,0,2,0,0.0,1
1.8443,40,0,0.0601,3800.0,10,0,0,0,1.0,1
0.0055,69,0,0.259,17612.0,13,0,0,0,1.0,0
0.4235,62,0,0.3719,5706.0,5,0,0,0,0.0,0
0.1945,52,0,0.4243,11561.0,5,0,0,0,0.0,0
0.164,31,0,0.8377,5383.0,9,0,1,0,1.0,0
0.378,37,0,0.0569,7605.0,11,0,2,0,1.0,0
0.5091,48,0,0.3168,5791.0,9,0,2,0,4.0,0
1.0723,57,1,0.7962,3867.0,11,0,0,0,2.0,0
0.6863,43,0,0.3494,4167.0,9,0,2,0,,0
0.1308,60,0,0.0907,3136.0,4,0,0,0,1.0,0
0.1888,50,0,0.8041,10702.0,13,0,0,0,0.0,0
0.3325,64,0,0.4553,2346.0,12,0,0,0,1.0,0
0.6163,58,0,0.4708,,8,0,2,0,1.0,1
0.2087,64,0,0.9345,6184.0,8,0,1,0,0.0,0
2.2453,52,0,0.806,,8,0,3,0,0.0,0
2.0495,45,0,0.7322,3944.0,9,0,1,0,0.0,1
1.0094,64,0,0.4029,,7,0,1,0,,0
0.4499,54,0,0.3318,2161.0,6,0,1,0,0.0,0
0.3585,55,0,0.4085,12292.0,9,0,1,0,0.0,0
3.374,59,0,0.357,6153.0,5,0,2,0,2.0,0
0.2014,68,0,0.1854,4499.0,8,0,1,0,0.0,0
0.7316,58,0,0.0615,5447.0,7,0,0,0,1.0,0
0.4081,67,0,0.5855,9888.0,10,0,2,0,1.0,0
0.3401,21,0,0.4625,1778.0,4,0,0,0,1.0,0
0.4403,59,2,0.3054,6166.0,12,0,1,0,0.0,0
0.3191,72,0,0.2495,3444.0,10,0,0,0,0.0,0
0.2407,67,0,0.044,,6,0,0,0,1.0,0
0.4846,38,0,0.1077,3817.0,12,0,3,0,1.0,0
0.6259,43,0,0.5457,17325.0,4,0,3,0,0.0,0
0.7254,76,0,0.3276,13969.0,9,0,1,0,1.0,0
0.3173,86,0,0.6928,8145.0,6,0,0,0,0.0,0
1.0124,59,2,0.6579,4850.0,8,1,0,0,2.0,0
0.036,95,0,0.1524,23205.0,10,0,0,0,2.0,0
1.6541,49,0,0.7034,6820.0,7,0,2,0,1.0,0
1.4179,70,1,0.3369,,10,0,0,1,0.0,0
2.2296,40,0,0.445,2357.0,9,0,1,0,0.0,0
2.4369,59,0,0.5863,10703.0,5,0,0,0,0.0,0
0.9411,35,0,1.0108,3727.0,4,0,3,0,,0
0.3854,61,0,0.3907,,9,0,2,0,0.0,0
0.7696,44,0,0.534,27628.0,6,0,1,0,2.0,0
0.1114,39,0,0.2322,7636.0,6,0,0,0,0.0,0
0.5405,73,0,0.1026,,6,0,0,0,1.0,1
5.4103,60,0,0.6367,2001.0,8,0,1,0,1.0,0
0.0093,41,0,0.9629,3484.0,5,0,2,0,0.0,0
0.4952,43,0,0.2255,4229.0,5,0,0,0,0.0,0
0.2513,31,0,0.8836,4716.0,8,0,0,0,2.0,0
7.0047,43,0,1.0014,2986.0,9,0,2,0,0.0,0
0.0239,43,0,0.6886,3955.0,8,0,2,0,1.0,0
0.1909,58,0,0.3575,7828.0,7,0,1,0,0.0,0
0.5104,55,0,0.2818,5256.0,8,0,0,0,0.0,0
0.1396,39,0,0.1244,2624.0,7,0,1,0,1.0,0
0.8317,38,0,0.2316,10278.0,12,0,0,0,0.0,0
10.8477,77,2,0.4936,8901.0,10,1,0,0,3.0,0
0.0913,64,0,0.1019,9465.0,10,0,1,0,1.0,0
0.0352,65,0,0.5727,,9,0,1,0,1.0,0
0.3833,52,0,0.756,,8,0,2,0,0.0,0
0.2568,36,0,0.2093,15161.0,5,0,0,0,0.0,0
0.7811,57,0,0.4358,8641.0,7,0,0,0,1.0,0
0.2513,43,0,0.2834,,5,0,2,0,1.0,0
1.4736,90,0,0.3213,5735.0,9,0,2,0,1.0,0
0.4946,41,0,0.2613,22248.0,9,0,1,0,4.0,0
0.1244,72,0,0.3902,7987.0,15,0,0,0,1.0,0
0.6088,48,0,0.4527,4211.0,9,0,0,1,2.0,0
0.0452,52,2,1.0048,19425.0,8,0,1,0,1.0,0
11.0466,72,0,0.2372,10673.0,6,0,0,0,1.0,0
0.1981,37,0,0.3501,3047.0,12,0,0,0,0.0,0
1.1462,70,0,0.9119,9836.0,12,0,2,0,3.0,0
0.4964,46,0,0.6068,5642.0,10,0,2,0,1.0,0
0.183,61,0,0.9174,2755.0,8,0,1,0,0.0,0
0.2328,66,0,0.0569,2467.0,5,0,1,0,0.0,0
2.6338,63,0,0.4618,3324.0,8,0,1,0,0.0,0
0.1177,35,0,0.623,7659.0,9,0,0,0,1.0,0
2.1538,45,0,0.1287,5372.0,9,0,3,0,1.0,0
0.0065,54,0,0.2676,5397.0,13,0,3,0,0.0,0
0.839,38,1,0.3327,,9,0,3,0,0.0,0
0.2098,57,0,0.1871,9582.0,10,0,0,0,2.0,0
0.5315,67,0,0.8969,2796.0,11,0,1,0,0.0,0
1.5957,45,0,0.3089,4083.0,6,0,0,0,0.0,0
0.3916,65,0,0.2888,2094.0,10,0,0,0,0.0,0
0.6859,52,0,0.6059,9078.0,11,0,0,0,1.0,0
0.1951,56,0,0.0291,,5,0,0,0,3.0,0
0.083,62,0,0.775,4741.0,7,0,0,0,2.0,0
1.2751,69,0,0.1684,11377.0,8,0,1,0,0.0,0
0.0483,38,0,0.6178,2710.0,8,0,0,0,1.0,0
0.5028,65,1,0.0975,1750.0,12,0,0,1,1.0,0
3.9753,65,3,0.1747,21385.0,11,0,3,0,0.0,0
0.8736,54,0,0.2843,7643.0,8,0,0,0,0.0,0
0.1717,37,0,0.812,3264.0,9,0,0,0,1.0,0
0.2513,59,0,0.4423,8699.0,5,0,1,0,1.0,1
0.2926,58,0,0.4493,8387.0,14,0,2,0,,0
2.8237,49,0,0.3859,,7,0,3,0,0.0,0
12.9419,63,0,0.4961,9306.0,5,0,0,0,0.0,0
0.4916,43,0,0.6002,3770.0,5,0,2,0,1.0,0
0.0649,61,0,0.4873,,4,0,1,0,0.0,0
0.1746,53,0,0.7154,4390.0,6,0,2,0,0.0,0
0.4647,63,0,0.4963,3710.0,8,0,0,0,3.0,0
0.9309,34,0,0.6816,12545.0,13,0,1,0,1.0,0
1.2523,21,0,0.6794,10960.0,7,0,2,0,1.0,0
0.5651,34,0,0.8787,3831.0,7,0,1,0,3.0,0
0.4295,53,0,0.4948,,6,0,0,0,0.0,0
0.2281,80,0,0.917,3861.0,8,0,1,0,0.0,0
5.4923,57,0,0.3901,5829.0,7,0,0,0,0.0,0
0.0395,73,0,0.0825,7831.0,9,0,2,0,0.0,1
0.3198,63,0,0.2973,3270.0,8,0,1,0,,0
0.1058,24,0,0.1112,4481.0,10,0,1,0,0.0,0
0.0608,54,0,0.3481,4657.0,5,0,1,0,1.0,0
0.9462,43,0,0.6805,2038.0,5,0,1,0,2.0,1
0.6192,39,0,0.4354,12684.0,7,3,0,0,0.0,0
0.1181,53,0,0.2505,4160.0,7,0,0,0,1.0,0
0.5337,57,0,0.6794,,5,0,0,0,1.0,0
0.5633,28,0,0.5918,,6,0,3,0,1.0,1
0.8829,40,0,0.2772,,12,0,0,0,1.0,0
0.5909,44,0,0.2582,7769.0,7,0,1,0,0.0,0
0.3307,50,0,0.884,6103.0,8,0,1,0,2.0,0
0.8894,62,0,0.4583,12868.0,5,0,2,0,1.0,0
0.2086,42,0,0.3853,16137.0,7,0,1,0,0.0,0
0.9232,59,0,0.2497,7314.0,5,0,2,0,0.0,0
0.6014,81,0,0.2716,10815.0,12,0,2,0,1.0,0
0.1378,52,0,0.4236,,12,0,0,0,1.0,0
0.2431,57,0,0.5048,4465.0,6,0,1,0,4.0,0
0.0312,49,0,0.6461,4417.0,8,0,0,0,0.0,0
0.6038,42,0,0.5522,7448.0,7,0,2,0,2.0,0
0.0593,45,0,0.8495,3739.0,8,0,1,0,2.0,0
0.3135,63,0,0.342,2059.0,15,0,3,0,0.0,0
0.2156,37,0,0.6274,,2,0,0,0,1.0,0
0.2062,43,0,0.2144,5883.0,3,0,0,0,2.0,0
0.5183,43,0,0.2045,1098.0,13,0,2,0,1.0,0
0.0682,59,0,0.1741,12709.0,6,0,4,0,2.0,0
0.2081,48,0,0.5111,4290.0,8,0,1,0,1.0,0
0.4034,47,0,0.7211,,10,0,0,0,0.0,0
0.1788,47,0,0.2456,4684.0,9,0,2,0,0.0,0
0.1313,55,0,0.5353,7491.0,8,0,0,0,2.0,0
4.7011,70,0,0.7301,,4,0,3,0,0.0,0
1.0455,72,0,0.1152,1921.0,10,0,0,0,0.0,0
0.4327,36,0,0.4982,2630.0,7,0,1,0,0.0,1
0.4699,54,0,0.5586,5289.0,9,0,1,0,0.0,0
0.3687,63,0,0.3689,2249.0,2,0,2,0,2.0,0
0.0937,78,0,0.3267,7456.0,3,0,0,0,0.0,0
0.4114,36,0,0.8272,6434.0,17,0,2,0,0.0,0
0.1928,55,0,0.4886,5328.0,7,0,3,0,0.0,0
0.3081,65,0,0.2545,3910.0,5,0,2,0,,0
1.0356,44,0,0.6121,6707.0,4,0,0,0,0.0,0
0.0123,45,0,1.0347,1513.0,11,0,1,0,0.0,0
0.1661,46,0,0.3149,8409.0,11,0,0,0,,0
0.018,57,0,0.6681,6577.0,15,0,1,0,1.0,0
0.4577,48,0,0.3597,2310.0,8,0,2,0,0.0,0
1.014,59,0,0.3995,9974.0,9,0,1,0,0.0,0
0.0721,44,0,0.4694,3445.0,6,0,1,0,0.0,0
0.2495,69,0,0.3615,3627.0,10,0,2,0,2.0,0
0.6647,59,0,0.3873,1628.0,6,0,1,0,0.0,0
0.4789,27,0,0.9666,,5,0,0,0,0.0,0
0.5963,61,0,0.2395,,8,0,0,0,1.0,0
0.1552,31,0,0.5236,11816.0,13,0,1,0,1.0,0
0.2119,44,0,0.313,1127.0,8,0,3,0,0.0,0
0.3722,51,0,0.3831,13070.0,7,0,3,0,0.0,0
0.1572,45,0,0.3359,4094.0,6,0,0,0,0.0,0
0.3792,62,0,0.2573,3672.0,13,0,0,0,0.0,0
0.5678,80,0,0.1442,9251.0,7,0,0,0,0.0,0
0.7023,23,0,0.4133,3426.0,11,0,1,0,0.0,0
0.3985,44,0,0.8257,6507.0,4,0,0,0,0.0,0
0.6071,55,0,0.3858,2930.0,6,0,3,0,0.0,0
0.1168,50,0,0.2981,7283.0,10,0,2,0,0.0,0
0.7255,25,0,0.1759,3544.0,6,0,0,0,1.0,0
0.6126,69,0,0.5126,8782.0,7,0,1,0,3.0,0
0.3623,54,0,0.7935,5561.0,8,0,2,0,3.0,0
0.4182,63,0,0.178,13334.0,12,0,2,0,2.0,0
0.3055,60,0,0.1681,4917.0,3,0,0,0,0.0,0
0.0762,48,0,0.6017,4040.0,10,0,1,0,0.0,0
0.2463,34,0,0.7092,8086.0,10,0,0,0,0.0,0
0.2595,53,0,0.0824,,2,0,0,0,0.0,0
1.1496,33,0,0.8626,,11,0,0,0,1.0,0
0.2796,67,0,0.0364,,8,0,0,0,1.0,0
0.5071,69,0,0.0385,5176.0,4,0,0,0,0.0,0
0.2166,58,0,0.9046,13312.0,9,0,0,0,0.0,0
0.8484,50,0,0.3887,5443.0,8,0,0,0,0.0,0
0.2306,67,0,0.6417,7456.0,11,0,0,0,1.0,0
0.35,70,0,0.2158,6316.0,9,0,0,0,1.0,1
0.0708,60,0,0.3871,,3,0,0,0,1.0,0
0.4365,70,0,0.339,4720.0,10,0,1,0,0.0,0
0.1109,71,0,0.7277,1743.0,9,0,1,0,1.0,0
0.3148,74,0,0.2939,3581.0,13,0,1,0,0.0,0
0.2419,70,0,0.649,7100.0,8,0,2,0,0.0,0
0.0948,21,0,0.0929,26747.0,11,0,2,0,1.0,0
0.212,59,0,1.091,5102.0,10,0,0,0,0.0,0
0.6315,54,0,0.9033,1542.0,8,0,1,0,1.0,0
0.4756,63,0,0.3682,,4,0,1,0,1.0,0
0.556,31,0,0.1614,,6,0,1,0,0.0,0
0.3518,36,0,0.3194,1498.0,12,0,2,0,0.0,0
2.5714,78,0,1.1466,,3,0,1,0,2.0,1
0.1573,61,0,0.1059,14112.0,8,0,1,0,0.0,0
0.2397,57,0,0.5893,3663.0,7,0,0,0,2.0,0
0.2147,44,0,0.5548,6145.0,11,0,0,0,1.0,0
0.3134,38,0,0.2954,,7,0,1,0,1.0,0
0.2232,42,0,0.5363,8015.0,6,0,1,0,1.0,0
0.1588,42,0,0.6584,4254.0,5,0,4,0,1.0,0
0.2259,62,0,0.4567,11421.0,9,0,0,0,1.0,0
2.9137,57,0,0.8242,13623.0,5,0,1,0,1.0,0
0.0925,40,0,0.5162,,8,0,1,0,1.0,0
0.1534,65,0,0.894,4267.0,8,0,0,0,0.0,0
0.709,21,0,0.3738,,7,0,2,0,0.0,0
2.8711,21,0,0.2264,4516.0,7,0,1,0,0.0,0
0.0762,63,0,0.82,2736.0,7,0,0,0,0.0,0
0.3486,76,0,0.3291,39130.0,10,0,2,0,0.0,0
1.1654,21,0,0.3963,9931.0,12,0,1,0,0.0,1
0.6519,45,0,1.279,16313.0,10,0,0,0,1.0,0
0.5749,77,0,0.6747,,8,0,3,0,1.0,1
0.3968,30,0,0.2645,,6,0,1,0,1.0,0
1.9416,65,0,0.2192,,5,0,1,0,3.0,0
1.2324,47,0,0.5101,2993.0,4,0,0,0,0.0,0
0.7397,66,0,0.9173,19523.0,9,0,0,0,0.0,1
2.6069,69,0,0.5009,3902.0,8,0,2,0,2.0,1
0.2202,57,0,0.3145,,5,0,0,0,,0
0.7014,40,0,0.0992,,8,0,1,0,0.0,0
0.7944,38,0,0.3888,1887.0,9,0,1,0,1.0,0
3.3951,45,0,0.2655,2290.0,7,0,0,0,0.0,0
0.6733,29,0,0.1619,3331.0,7,0,1,0,0.0,0
0.3876,62,0,0.7787,5630.0,10,0,1,0,1.0,0
0.5292,25,0,0.3752,1785.0,11,0,0,0,1.0,0
0.3759,73,0,0.0533,4362.0,6,0,2,0,1.0,0
0.354,41,0,0.7611,3133.0,8,0,2,0,0.0,0
0.3094,48,0,0.4693,,5,0,2,0,0.0,0
0.9271,44,0,0.3158,,12,0,1,0,1.0,0
0.0197,76,0,0.8551,,8,0,0,0,1.0,0
1.02,59,0,0.4385,5049.0,4,0,2,0,1.0,0
1.0571,67,0,0.6515,4884.0,7,0,0,0,0.0,0
0.2681,45,0,0.3323,,7,0,3,0,1.0,0
0.2275,62,0,0.2588,2099.0,8,0,2,0,0.0,0
0.1849,63,0,0.5687,6490.0,12,0,0,0,0.0,0
0.2003,53,0,0.9216,2304.0,10,0,1,0,1.0,0
0.7163,55,0,0.5083,4184.0,4,0,2,0,0.0,0
0.71,56,0,0.4508,3430.0,6,0,0,0,1.0,0
8.1531,56,0,0.4727,,12,0,0,0,1.0,1
11.0392,63,1,0.4952,10855.0,9,0,0,1,1.0,0
0.5592,40,0,0.465,9112.0,6,0,0,0,1.0,0
0.9352,21,3,0.2471,6302.0,6,0,1,0,0.0,0
4.6383,42,0,0.7311,6775.0,10,0,1,0,0.0,0
0.3768,43,0,0.113,8728.0,8,0,1,0,1.0,0
0.4009,55,0,0.1788,5817.0,14,0,1,0,1.0,0
0.0587,53,0,0.4906,4565.0,5,0,0,0,0.0,0
0.112,44,0,0.8606,15818.0,11,0,1,0,0.0,0
3.1233,25,0,0.3249,11756.0,7,0,1,0,0.0,0
0.0697,43,0,0.3031,7747.0,5,0,3,0,,0
0.8694,57,0,0.3079,,12,0,2,0,2.0,0
0.2373,69,0,0.395,6898.0,8,0,0,0,0.0,0
0.4218,42,0,0.7411,8429.0,8,0,0,0,0.0,0
0.2327,51,1,0.306,1966.0,7,1,2,0,1.0,0
0.2067,48,0,0.4342,4594.0,14,0,0,0,0.0,0
0.7955,37,0,0.2085,7496.0,9,0,1,0,2.0,0
0.2472,63,0,0.8729,4919.0,6,0,1,0,0.0,0
4.9974,57,1,0.1033,2651.0,9,0,0,0,2.0,0
0.2088,88,1,0.3724,8372.0,8,0,2,0,0.0,0
0.5498,35,0,0.1945,5262.0,10,0,2,0,0.0,0
0.1832,50,0,0.1682,15185.0,7,0,3,0,1.0,0
0.2088,53,1,0.5386,9172.0,12,0,0,0,2.0,0
0.7202,41,0,0.2651,6232.0,10,0,1,0,3.0,0
0.4223,68,0,0.4623,3813.0,12,0,1,0,1.0,0
0.5744,47,0,0.2694,1510.0,7,0,1,0,0.0,0
0.587,42,0,0.6133,2115.0,7,0,1,0,2.0,0
0.4834,64,0,0.2309,3066.0,12,0,1,0,,0
0.6658,38,0,0.2422,5196.0,9,0,1,0,0.0,0
0.1551,56,0,0.8232,18156.0,1,0,1,0,,0
0.2488,40,0,0.5879,3363.0,8,0,1,0,0.0,0
0.5885,47,0,0.5661,9835.0,4,0,0,0,,0
0.5049,52,0,0.3734,12171.0,11,0,1,0,1.0,0
0.3356,60,0,0.6975,11786.0,7,0,1,0,2.0,0
0.1651,52,0,0.2063,4182.0,11,0,0,0,1.0,0
0.3117,44,0,0.8922,14541.0,8,0,5,0,1.0,0
0.0518,57,0,0.7329,4389.0,12,0,0,0,1.0,0
0.0106,39,0,0.3119,6019.0,7,0,0,0,1.0,0
0.1902,67,0,0.6031,5861.0,8,0,0,0,1.0,0
0.3551,92,0,0.3874,6430.0,7,0,2,0,4.0,1
0.3408,53,0,0.3687,6677.0,9,0,1,0,0.0,0
0.7129,59,0,0.8618,10621.0,13,0,1,0,2.0,0
0.3433,35,4,0.0606,,7,0,1,0,1.0,0
0.3597,51,2,0.499,2543.0,8,1,1,1,1.0,0
0.3525,61,0,1.2067,,7,0,2,0,2.0,0
0.4114,58,0,0.9878,5680.0,9,0,0,0,0.0,0
0.0854,42,0,0.3385,,15,0,0,0,0.0,0
0.5858,45,3,0.4992,3755.0,19,0,0,0,0.0,0
0.3161,48,1,0.5761,,5,2,2,0,1.0,0
0.6143,48,0,0.4172,5243.0,5,0,0,0,0.0,0
4.3911,41,1,0.3868,4521.0,9,0,1,3,0.0,0
0.5082,68,0,0.1043,6780.0,8,0,2,0,1.0,0
3.2827,65,0,0.1369,5146.0,2,0,2,0,1.0,0
0.1033,34,0,0.5417,11250.0,12,0,1,0,0.0,0
0.2261,81,0,0.4033,12320.0,6,0,3,0,2.0,0
0.4007,63,0,0.0638,3323.0,7,0,3,0,0.0,0
0.5103,44,0,0.2685,4605.0,6,0,1,0,0.0,0
2.0277,49,0,0.3309,3656.0,8,0,1,0,0.0,0
0.3166,50,0,0.348,3375.0,8,0,1,0,1.0,0
1.0449,36,0,0.4282,6561.0,6,0,0,0,1.0,0
0.3287,28,0,1.0788,3242.0,7,0,1,0,2.0,0
0.1272,43,0,0.8016,3198.0,8,0,1,0,1.0,0
0.4634,65,0,0.725,1225.0,8,0,1,0,0.0,0
0.4454,29,0,0.4253,,9,0,0,0,1.0,0
0.5088,50,0,1.0875,3352.0,4,0,1,0,1.0,0
0.2166,47,0,0.9242,5269.0,11,0,1,0,1.0,0
0.6605,45,0,0.905,2404.0,11,0,0,0,1.0,1
0.0872,47,0,0.9017,,13,0,1,0,1.0,0
0.2635,62,0,1.0595,12957.0,9,0,0,0,0.0,0
0.5059,40,0,0.1708,5822.0,9,0,0,0,0.0,0
0.1056,46,0,0.4862,7996.0,6,0,1,0,2.0,0
0.2033,58,0,0.327,5505.0,9,0,1,0,1.0,0
0.2336,40,0,0.1392,3405.0,4,0,1,0,1.0,0
0.2618,62,0,0.1141,11432.0,5,0,1,0,1.0,0
0.0388,70,0,0.4105,,9,0,0,0,0.0,0
0.1437,44,0,0.6783,7792.0,8,0,1,0,0.0,0
1.5637,68,0,1.0965,5673.0,8,0,0,0,0.0,0
3.4423,41,0,0.4567,1333.0,7,0,0,0,1.0,0
0.2013,30,0,0.7958,4236.0,9,0,0,0,2.0,0
0.6783,75,2,0.6544,3895.0,7,0,0,0,1.0,0
2.2019,52,0,0.2389,2477.0,13,0,1,0,,0
1.2496,55,1,0.384,3857.0,5,2,1,0,0.0,0
0.042,44,1,0.7567,2770.0,10,1,0,0,1.0,0
0.3348,39,0,0.671,4084.0,7,0,2,0,2.0,0
0.4768,52,0,0.9016,7155.0,4,0,2,0,0.0,0
0.639,82,0,0.0744,6839.0,9,0,0,0,1.0,0
0.1329,46,0,0.1739,11300.0,5,0,0,0,1.0,0
0.3956,67,0,0.2087,,6,0,3,0,1.0,0
0.1071,81,0,0.4882,11902.0,12,0,2,0,0.0,0
0.3721,50,0,0.7413,5554.0,7,0,0,0,0.0,0
0.2294,53,0,0.2029,9250.0,10,0,0,0,2.0,0
1.7803,48,0,0.4257,3468.0,10,0,1,0,1.0,0
0.3736,44,0,0.7155,8447.0,7,0,1,0,0.0,0
2.488,44,0,0.428,12015.0,8,0,3,0,1.0,0
0.902,21,0,0.3934,2649.0,1,0,1,0,1.0,0
0.7925,46,0,0.7949,,6,0,1,0,2.0,0
0.58,41,0,0.4923,,12,0,0,0,1.0,0
0.5847,53,0,0.5626,,8,0,2,0,0.0,1
0.7355,86,0,0.4319,,7,0,0,0,0.0,1
0.8397,58,0,0.3687,11815.0,7,0,3,0,2.0,0
0.0336,56,0,0.3447,12357.0,10,0,0,0,1.0,0
1.001,46,0,0.1659,6675.0,4,0,0,0,0.0,0
0.4361,61,0,0.2091,1764.0,3,0,1,0,0.0,1
0.3117,52,0,0.5131,6967.0,8,0,0,0,2.0,0
0.3591,40,0,0.0734,4538.0,7,0,2,0,0.0,0
1.2697,58,0,0.5288,869.0,12,0,3,0,2.0,0
0.5921,39,0,0.1529,,7,0,0,0,0.0,0
0.4698,47,0,0.2563,3042.0,4,0,1,0,1.0,0
0.3482,49,0,0.6237,6878.0,4,0,0,0,1.0,0
0.3454,48,1,0.3735,,3,0,0,0,0.0,0
0.2415,75,0,1.0125,5987.0,10,0,0,0,1.0,0
4.4971,66,0,0.8495,9243.0,5,0,1,0,0.0,0
0.5528,36,0,0.3284,7968.0,10,0,0,0,,0
1.2737,39,0,0.5286,10904.0,9,0,0,0,1.0,0
0.6424,55,0,1.109,4333.0,8,0,2,0,0.0,0
0.915,72,0,0.2725,,6,0,3,0,1.0,0
0.1008,47,0,0.9665,3672.0,9,0,0,0,1.0,0
0.6999,33,0,0.5338,5683.0,6,0,1,0,1.0,0
0.2949,55,0,0.7546,7954.0,9,0,2,0,0.0,0
0.4126,48,0,1.2306,9990.0,9,0,0,0,2.0,0
0.1734,80,0,0.2346,10087.0,8,0,1,0,0.0,0
0.8778,40,2,0.6863,,6,0,1,2,1.0,0
0.5218,38,0,1.0735,19628.0,4,0,0,0,1.0,0
0.3624,46,0,0.6528,,10,0,0,0,1.0,0
0.3074,38,0,0.4531,,7,0,1,0,0.0,0
0.221,57,0,0.4199,,8,0,0,0,1.0,0
0.5857,48,0,0.5061,4766.0,9,0,0,0,0.0,1
0.0873,66,0,0.5544,3514.0,8,0,0,0,3.0,0
0.4572,88,1,0.4505,5413.0,8,0,0,0,0.0,0
0.8496,48,0,0.473,,13,0,3,0,1.0,0
0.505,33,5,0.411,5173.0,6,0,2,0,1.0,0
0.5486,45,0,0.696,4019.0,8,0,2,0,1.0,0
0.255,41,0,0.5179,7696.0,10,0,1,0,1.0,0
1.3439,62,0,0.7934,15885.0,10,0,0,0,1.0,0
5.1978,60,0,0.104,9646.0,8,0,0,0,0.0,0
0.7968,60,0,0.4831,9554.0,7,0,3,0,1.0,0
0.4816,51,0,0.358,7223.0,4,0,1,0,2.0,0
0.3044,48,0,0.2585,7636.0,12,0,0,0,0.0,0
0.1492,65,0,0.3882,1731.0,7,0,0,0,1.0,0
0.3993,68,0,0.6013,,4,0,1,0,1.0,0
0.0239,78,0,0.4549,3753.0,6,0,2,0,0.0,0
0.037,67,0,0.6203,4052.0,5,0,1,0,0.0,0
0.1255,55,0,0.7673,22467.0,11,0,3,0,3.0,0
8.0271,40,0,0.4903,1727.0,11,0,0,0,0.0,0
0.0589,66,0,0.1482,7727.0,11,0,3,0,0.0,0
1.5603,52,0,0.3356,3407.0,8,0,1,0,2.0,0
0.8804,56,0,0.4123,16919.0,8,0,0,0,0.0,0
0.4406,52,0,0.2016,3154.0,7,0,1,0,0.0,0
0.8872,22,0,0.6951,4667.0,5,0,1,0,3.0,0
0.8619,65,0,0.2655,4806.0,10,0,1,0,2.0,0
0.4106,43,0,0.3136,,5,0,2,0,1.0,0
0.2913,57,0,0.9739,5320.0,11,0,0,0,1.0,0
0.2241,58,0,0.2312,2737.0,7,0,3,0,0.0,0
0.96,46,0,1.2154,6067.0,7,0,0,0,0.0,0
0.2358,65,0,0.3025,2586.0,6,0,1,0,0.0,0
0.1231,80,0,0.3162,,10,0,1,0,0.0,0
0.4996,49,0,0.8983,3296.0,15,0,1,0,0.0,0
0.5489,47,0,0.3056,4128.0,10,0,1,0,0.0,0
0.1507,52,0,0.1397,3839.0,10,0,2,0,1.0,0
0.8952,60,0,0.6019,5198.0,9,0,1,0,3.0,0
0.2133,43,0,0.9917,4621.0,7,0,0,0,1.0,0
0.3743,45,0,0.9742,5435.0,7,0,1,0,3.0,0
0.2902,51,0,0.4143,9244.0,7,0,1,0,1.0,0
0.6438,42,0,0.935,2432.0,4,0,0,0,1.0,0
0.8843,43,0,0.0437,3479.0,6,0,1,0,1.0,1
0.2674,59,0,0.0748,2781.0,7,0,2,0,1.0,0
0.0422,42,0,0.1576,,12,0,4,0,2.0,0
1.0223,56,0,0.565,,15,0,2,0,,0
0.3735,38,0,0.362,5312.0,9,0,0,0,0.0,0
0.9543,54,0,0.1636,4193.0,11,0,1,0,0.0,0
0.2296,41,0,0.0905,5254.0,9,0,2,0,0.0,0
0.0667,51,0,0.5213,9085.0,2,0,2,0,0.0,0
0.2818,71,0,0.0978,14713.0,4,0,0,0,0.0,1
0.7375,41,0,0.7521,1687.0,10,0,1,0,0.0,1
0.4344,39,0,0.7476,,5,0,2,0,1.0,1
0.3681,56,0,0.1399,7590.0,11,0,0,0,0.0,0
0.5861,48,0,0.1849,6874.0,5,0,2,0,1.0,0
0.543,93,0,0.9056,4718.0,7,0,0,0,1.0,1
3.1563,30,0,0.3178,4905.0,12,0,0,0,1.0,0
0.1003,52,0,0.2129,5141.0,8,0,2,0,2.0,0
0.5815,88,0,0.4595,,6,0,1,0,0.0,0
0.4149,56,0,0.2041,3166.0,10,0,1,0,0.0,0
0.9896,56,0,0.7588,6224.0,10,0,1,0,3.0,0
0.6478,30,0,0.6563,,7,0,0,0,2.0,0
0.4142,47,0,0.4875,8655.0,5,0,3,0,0.0,0
0.2119,53,0,0.2162,3315.0,8,0,1,0,,0
0.2045,23,0,0.7878,,9,0,0,0,0.0,0
0.1109,65,0,0.4064,11395.0,12,0,3,0,0.0,0
0.0874,38,0,0.2387,4370.0,9,0,0,0,1.0,0
0.4651,69,0,0.5845,3197.0,9,0,1,0,1.0,0
0.0962,25,0,0.3837,7621.0,11,0,1,0,4.0,0
0.682,60,0,1.1522,,6,0,0,0,1.0,1
0.1995,65,0,0.9888,3339.0,11,0,0,0,,0
0.1464,36,0,0.5723,19735.0,10,0,1,0,0.0,0
0.1061,64,1,0.6618,11234.0,12,0,4,0,0.0,0
0.8947,49,0,0.5656,4079.0,6,0,0,0,2.0,0
0.5916,36,0,0.5778,4374.0,4,0,1,0,1.0,0
0.5174,37,0,0.1295,3999.0,8,0,1,0,0.0,0
0.2048,50,0,0.9964,8342.0,7,0,1,0,0.0,0
2.1615,54,0,0.1793,4280.0,5,0,1,0,1.0,0
0.5233,61,0,0.4777,,7,0,1,0,1.0,0
0.5595,50,0,0.838,1030.0,8,0,2,0,3.0,0
0.0656,62,0,0.7295,13021.0,7,0,1,0,0.0,0
0.4848,55,0,0.6976,4418.0,6,0,0,0,1.0,0
2.9177,52,0,0.0797,,7,1,0,1,2.0,0
0.1866,34,0,0.3636,3592.0,8,0,0,0,1.0,0
0.1677,38,0,1.2299,2696.0,8,0,2,0,1.0,0
0.3052,53,0,0.0608,,11,0,1,0,3.0,0
0.2525,60,0,0.8962,45268.0,6,0,0,0,0.0,0
1.1845,69,0,0.1625,1579.0,11,0,2,0,0.0,0
0.4406,60,0,0.0852,,8,0,1,0,2.0,0
0.669,62,0,0.5164,10718.0,4,0,0,0,0.0,0
0.5411,66,0,0.63,,11,0,0,0,1.0,0
0.1127,49,0,0.1717,,7,0,1,0,0.0,0
3.5965,66,0,0.6664,6108.0,5,0,1,0,0.0,0
0.0611,62,0,0.0652,8410.0,10,0,1,0,0.0,0
0.0552,63,0,0.4945,6507.0,11,0,0,0,0.0,0
2.3566,55,0,0.6245,4432.0,8,0,1,0,3.0,0
0.1595,59,0,0.3155,,6,0,2,0,1.0,0
0.3165,55,0,0.1085,4268.0,7,0,0,0,0.0,0
0.5063,31,0,0.5006,7673.0,5,0,1,0,0.0,0
0.4302,72,0,0.4684,4193.0,7,0,2,0,1.0,1
1.0245,66,0,0.539,2180.0,4,0,1,0,,0
0.0742,55,0,1.012,,11,0,1,0,1.0,0
5.3538,63,0,0.2224,9146.0,10,0,1,0,1.0,0
0.7638,45,0,0.5068,10561.0,7,0,0,0,0.0,0
0.1182,42,0,0.6286,,15,0,1,0,0.0,0
0.5259,47,0,0.5856,,6,0,0,0,2.0,0
0.5179,50,0,0.4943,1956.0,5,0,0,0,1.0,0
0.5773,53,0,0.6586,7740.0,8,0,4,0,0.0,0
0.1463,33,0,0.5434,5509.0,6,0,2,0,0.0,0
0.4958,25,0,0.676,,9,0,0,0,0.0,0
3.6622,34,2,0.6389,4589.0,7,0,1,0,1.0,0
2.5511,41,0,1.1174,3240.0,3,0,2,0,1.0,0
1.0746,70,0,0.2005,7741.0,10,0,0,0,1.0,0
2.0753,25,0,0.9123,6988.0,12,0,0,0,1.0,0
0.0898,62,0,0.2047,14188.0,8,0,2,0,0.0,0
0.5657,38,0,1.0461,2955.0,10,0,0,0,0.0,1
0.2004,47,0,0.1124,,6,0,0,0,0.0,0
0.7889,55,0,0.3086,2471.0,6,0,1,0,1.0,0
1.2309,53,4,0.9671,8314.0,6,0,2,0,1.0,0
0.6649,61,0,0.301,27220.0,9,0,0,0,0.0,0
0.1201,21,0,0.6377,3701.0,7,0,1,0,0.0,0
0.2419,80,0,0.5174,10776.0,6,0,1,0,2.0,0
0.0075,65,0,0.0338,10285.0,5,0,1,0,2.0,0
1.3023,42,0,0.4367,7799.0,4,0,3,0,1.0,0
0.5934,62,0,0.5665,13028.0,8,0,0,0,3.0,0
4.2948,70,0,0.5387,3162.0,6,0,1,0,1.0,1
3.1921,95,0,0.4147,,11,0,3,0,1.0,0
0.2444,64,0,0.7182,,11,0,1,0,1.0,0
0.2274,50,0,0.0533,11528.0,8,0,0,0,0.0,0
0.5485,49,0,0.6896,4288.0,5,0,1,0,2.0,0
0.4848,36,0,0.5462,,7,0,1,0,0.0,0
0.8798,68,0,0.7339,,8,0,2,0,1.0,0
0.7606,59,0,0.2793,5349.0,8,0,2,0,1.0,0
0.1912,61,0,0.5476,1704.0,12,0,1,0,0.0,0
2.539,57,0,0.5259,,10,0,1,0,0.0,0
0.7266,21,0,0.5759,4633.0,11,0,1,0,0.0,0
0.1359,38,0,0.4172,,6,0,1,0,2.0,0
0.3284,21,0,0.6041,5666.0,7,0,3,0,0.0,0
2.1535,58,0,0.3202,6034.0,10,0,1,1,2.0,0
0.1659,42,0,0.5042,1470.0,4,0,0,0,0.0,0
0.219,51,0,0.8252,8149.0,7,0,1,0,1.0,0
3.2389,49,0,0.4004,2050.0,7,0,2,0,1.0,0
0.3678,78,0,0.3204,5607.0,13,0,1,0,1.0,0
0.4436,44,0,0.434,4652.0,8,0,1,0,0.0,0
0.251,46,0,0.5782,5322.0,5,0,1,0,3.0,0
0.572,38,0,0.3325,20996.0,7,0,2,0,0.0,0
0.2282,38,0,0.1929,7636.0,12,0,2,0,0.0,0
0.1409,47,2,0.258,,5,0,2,0,2.0,0
0.3327,45,0,0.4824,3688.0,8,0,1,0,1.0,0
0.3903,56,0,0.1005,4321.0,6,0,0,0,1.0,0
0.5775,29,0,0.6025,3565.0,10,0,1,0,1.0,0
0.1735,35,0,0.3071,17635.0,9,0,0,0,0.0,0
0.6484,56,0,0.5304,5229.0,5,0,0,0,0.0,0
0.6335,34,0,1.2345,7387.0,13,0,1,0,0.0,0
0.4386,50,0,0.5925,,11,0,0,0,0.0,0
0.3782,55,0,0.9395,2628.0,7,0,1,0,0.0,0
0.6535,49,0,0.8002,4937.0,14,0,0,0,1.0,0
0.0324,48,0,0.2194,4088.0,14,0,1,0,0.0,0
0.3381,54,0,0.4942,4736.0,11,0,0,0,1.0,0
2.0199,40,0,0.5481,2597.0,4,0,0,0,1.0,0
0.6118,78,0,0.2787,6923.0,8,0,1,0,1.0,0
0.3974,42,0,0.1,10693.0,6,0,4,0,0.0,0
6.2129,65,0,0.2033,3377.0,5,0,1,0,1.0,0
0.0147,62,0,0.3609,4280.0,8,0,1,0,0.0,0
0.6768,23,0,0.0833,,12,0,0,0,0.0,0
0.0907,35,0,0.4189,3811.0,7,0,1,0,1.0,0
0.4075,57,0,1.0114,11693.0,10,0,2,0,2.0,0
0.3538,82,0,0.2969,2013.0,10,0,1,0,1.0,0
0.1302,63,0,0.1445,11606.0,7,0,1,0,1.0,0
0.0707,70,0,0.6429,6016.0,7,0,1,0,2.0,0
0.1712,48,0,0.6623,6012.0,9,0,2,0,0.0,0
0.705,74,3,0.1611,,15,0,1,0,1.0,0
0.4971,69,0,0.2852,5454.0,12,0,1,0,3.0,0
0.0182,21,0,0.4416,5323.0,12,0,2,0,0.0,0
0.5395,46,0,0.5428,,7,0,3,0,0.0,1
0.2218,43,0,0.3173,2165.0,11,0,2,0,0.0,0
0.3252,37,0,0.2788,,9,0,0,0,1.0,0
0.5674,55,0,0.1412,3347.0,8,0,0,0,1.0,0
0.6545,74,0,0.2693,3801.0,11,0,0,0,2.0,0
0.394,50,0,0.1252,5037.0,7,0,0,0,1.0,0
2.4474,42,0,0.8131,5866.0,6,0,1,0,1.0,0
0.1026,56,0,0.2328,,3,0,0,0,0.0,0
0.8209,58,0,0.3439,5377.0,3,0,0,0,3.0,0
0.6214,57,0,0.5864,,4,0,1,0,0.0,0
2.0523,34,0,0.8874,3792.0,12,0,1,0,,0
0.8623,70,0,0.8626,12570.0,6,0,1,0,,1
0.1877,30,0,0.6177,2217.0,8,0,1,0,0.0,0
0.4729,37,0,0.5998,11331.0,7,0,0,0,1.0,0
1.445,63,0,0.282,3756.0,7,0,1,0,0.0,0
3.3103,70,0,0.772,,9,0,0,0,1.0,0
0.3801,45,0,0.3388,4424.0,4,0,1,0,0.0,0
0.029,43,0,0.8572,2239.0,10,0,2,0,0.0,0
9.7504,43,0,0.626,13450.0,13,0,0,0,0.0,0
0.5721,36,0,0.1325,,10,0,3,0,,1
0.4617,44,0,0.3392,3500.0,8,0,0,0,0.0,0
0.796,39,0,0.9994,3470.0,6,0,1,0,0.0,0
4.0881,39,0,0.5289,3418.0,8,0,1,0,2.0,1
0.7553,47,0,0.3479,5188.0,10,0,2,0,2.0,0
0.2325,53,0,0.4182,,11,0,0,0,0.0,0
0.5581,62,0,0.4529,,6,0,0,0,0.0,0
0.2176,51,0,0.7188,,7,0,0,0,1.0,0
0.8486,52,0,0.3851,1696.0,10,0,2,0,1.0,0
0.4077,48,0,0.5915,4404.0,4,0,0,0,1.0,0
0.1231,39,0,0.7347,8981.0,3,0,0,0,0.0,0
0.0738,50,2,0.3704,11647.0,6,0,2,0,1.0,0
0.1587,59,0,0.677,13722.0,9,0,1,0,1.0,0
0.3723,59,0,0.5027,,11,0,1,0,1.0,0
1.2734,42,2,0.7,2399.0,6,0,1,0,0.0,1
0.0956,50,0,0.5146,,14,0,0,0,1.0,0
0.4233,63,0,0.5383,,12,0,0,0,1.0,0
0.6094,56,0,0.5336,8837.0,5,0,2,0,1.0,0
0.7183,42,0,0.1589,,4,0,1,0,2.0,0
0.1907,34,0,0.8342,3420.0,9,0,0,0,0.0,0
0.2992,21,0,0.5796,5035.0,9,0,1,0,1.0,0
0.5592,70,1,0.4648,,6,0,1,0,0.0,0
0.2034,84,0,0.3787,3355.0,10,0,1,0,,0
0.2295,62,0,0.6179,6492.0,7,0,3,0,0.0,0
0.7046,40,0,0.5845,,7,0,1,0,0.0,0
0.7817,48,0,0.373,4787.0,8,0,0,0,1.0,0
0.2343,43,0,0.3065,5029.0,5,0,1,0,0.0,0
0.7438,48,0,0.265,3915.0,8,0,1,0,0.0,0
0.2195,56,0,0.0736,,7,0,0,0,0.0,0
0.0505,58,0,0.4737,,8,0,2,0,0.0,0
0.105,39,0,0.4026,5078.0,9,0,1,0,0.0,0
5.7115,57,0,0.9362,3816.0,10,0,2,0,3.0,0
0.2601,21,0,0.4524,5602.0,7,0,0,0,0.0,0
0.555,72,0,0.1459,1829.0,11,0,1,0,0.0,0
0.707,33,0,0.3011,3186.0,9,0,3,0,2.0,0
0.4381,53,2,0.3481,9071.0,15,0,3,0,0.0,0
1.2849,59,0,0.039,4725.0,11,0,1,0,1.0,0
0.6098,55,0,0.2289,9640.0,9,0,0,0,0.0,0
0.0234,59,0,0.3407,,7,0,0,0,,0
2.2622,70,0,0.9569,1369.0,13,0,0,0,,0
0.174,43,0,0.8796,1244.0,8,0,0,0,1.0,0
1.0108,55,0,0.1354,,9,0,1,0,1.0,0
0.1032,43,0,0.9256,4344.0,7,0,0,0,0.0,0
0.4736,68,0,0.6952,4974.0,12,0,1,0,2.0,0
0.2606,50,0,0.8604,11408.0,11,0,2,0,0.0,0
0.1316,50,0,0.5611,5501.0,9,0,0,0,0.0,0
0.4262,49,0,0.6369,7367.0,5,0,0,0,0.0,0
0.4481,57,0,0.9032,1766.0,10,0,1,0,0.0,0
0.5867,51,0,0.0233,2388.0,15,0,1,0,1.0,0
0.2744,51,0,1.1057,5627.0,12,0,0,0,1.0,0
1.1938,47,0,0.4402,7827.0,9,0,0,0,3.0,0
0.5214,48,1,0.0687,10779.0,7,0,1,0,2.0,0
0.6962,53,0,0.293,4275.0,12,0,0,0,1.0,0
0.77,66,0,0.5661,9747.0,10,0,2,0,0.0,0
0.716,57,0,1.02,6666.0,3,0,1,0,0.0,0
0.8475,45,0,0.4172,5410.0,12,0,0,0,,0
0.2064,46,0,0.2609,3757.0,7,0,0,0,1.0,0
0.0239,74,0,0.1676,5862.0,10,0,1,0,,0
0.2251,30,0,0.6215,6008.0,10,0,1,0,1.0,0
0.2088,33,0,0.5935,12489.0,8,0,0,0,2.0,0
0.5603,41,0,0.2061,,5,0,1,0,0.0,0
0.0286,61,0,0.4983,3531.0,14,0,0,0,1.0,0
0.1325,40,0,0.2077,5184.0,15,0,0,0,2.0,0
0.4438,39,1,0.1406,,11,0,1,1,2.0,0
1.2019,65,0,0.5584,2780.0,3,0,2,0,1.0,0
2.8014,32,0,0.4296,6081.0,6,0,2,0,1.0,0
0.0183,62,0,0.8888,5760.0,8,0,0,0,0.0,0
0.3802,69,0,0.4486,,7,0,1,0,0.0,0
0.9282,62,0,0.0839,,7,0,1,0,1.0,0
0.2003,55,0,0.1402,2570.0,8,0,0,0,,0
0.2612,62,0,0.3963,6505.0,6,0,0,0,0.0,0
0.3117,89,0,0.222,4916.0,7,0,1,0,1.0,0
0.2759,53,1,0.4327,11996.0,6,0,0,0,0.0,0
0.4561,53,0,0.6878,2587.0,4,0,1,0,0.0,0
0.5604,82,0,0.1798,8748.0,5,0,3,0,0.0,0
1.4334,44,0,0.4716,2044.0,9,0,3,0,0.0,0
0.2822,48,0,0.056,5788.0,4,0,2,0,0.0,0
0.8094,78,0,0.4925,7782.0,11,0,1,0,0.0,0
0.1754,65,0,0.5302,,8,0,0,0,1.0,0
1.5916,35,0,0.2868,,12,0,1,0,2.0,0
1.6732,54,0,0.393,6027.0,4,0,0,0,1.0,0
0.2126,62,0,0.2406,8933.0,5,0,0,0,,0
0.8992,51,0,0.1266,5273.0,12,0,1,0,0.0,0
0.8511,50,0,0.4061,4436.0,11,0,3,0,0.0,0
0.3936,34,0,0.2212,4206.0,12,0,0,0,,0
0.288,61,0,0.2719,14302.0,10,0,0,0,1.0,0
0.7783,81,0,0.2056,4236.0,10,0,0,0,1.0,0
1.3687,58,0,1.0171,4811.0,10,0,2,0,3.0,0
0.6524,66,0,0.5972,,8,0,1,0,1.0,0
0.4359,40,0,0.4744,9686.0,10,0,0,0,2.0,0
0.1385,37,0,0.7517,,12,0,0,0,2.0,0
7.073,41,0,0.9205,8192.0,8,0,0,0,2.0,0
0.9377,56,0,0.2677,4276.0,4,0,0,0,1.0,0
0.2267,54,0,1.3263,7048.0,8,0,0,0,0.0,0
0.8354,29,0,0.3758,5549.0,5,0,2,0,0.0,1
0.7654,47,0,0.4161,4157.0,8,0,2,0,1.0,0
0.3251,53,0,0.4095,7262.0,10,0,0,0,0.0,0
0.1686,57,0,0.3045,,3,0,0,0,0.0,0
2.7492,53,0,0.6902,4802.0,5,0,2,0,1.0,0
2.7758,64,1,0.6843,1642.0,6,0,0,0,2.0,0
0.1374,33,1,0.5933,4300.0,11,0,0,0,2.0,0
0.1849,78,0,0.8601,3277.0,7,0,1,0,0.0,0
0.4518,24,0,0.0611,4633.0,7,0,1,0,1.0,0
0.0096,67,0,0.272,,4,0,2,0,1.0,0
1.4989,71,0,0.7365,,9,0,0,0,0.0,0
0.9314,38,0,0.3133,2506.0,5,0,1,0,1.0,0
0.1852,79,0,0.5455,4173.0,7,0,1,0,0.0,0
0.0403,50,0,0.0349,3254.0,10,0,2,0,0.0,0
0.3344,50,0,1.0531,,9,0,1,0,1.0,0
0.1363,65,0,0.4238,2729.0,11,0,1,0,3.0,0
0.2239,54,1,0.3227,4390.0,9,0,2,0,0.0,0
0.2266,45,0,0.3994,5206.0,12,0,0,0,0.0,0
0.2628,47,0,0.5045,2585.0,10,0,1,0,1.0,0
0.3782,55,0,0.3531,13373.0,8,0,2,0,0.0,0
0.8104,44,0,0.0215,3360.0,6,0,2,0,1.0,0
1.8985,60,0,0.6598,,8,0,5,0,2.0,0
1.2538,45,0,0.6122,2977.0,11,0,1,0,0.0,0
0.5613,46,0,0.4638,3526.0,6,0,0,0,2.0,0
0.533,46,0,0.6133,8003.0,9,0,1,0,1.0,0
5.7752,24,0,0.5163,,11,0,1,0,1.0,0
0.3768,48,0,0.2757,5375.0,7,0,3,0,2.0,0
0.8718,58,0,0.2777,6552.0,6,0,1,0,0.0,0
0.1617,75,0,0.2208,5140.0,6,0,1,0,,0
0.223,73,0,0.1148,6760.0,12,0,0,0,0.0,0
0.3612,52,0,0.4813,5490.0,9,0,3,0,0.0,0
0.2116,52,0,0.2178,4498.0,8,0,0,0,0.0,0
0.0168,42,0,0.4582,5055.0,10,0,0,0,0.0,0
4.0126,63,0,0.3073,25550.0,10,1,0,1,0.0,0
1.3996,34,0,0.692,4114.0,7,0,1,0,1.0,1
0.1309,40,0,0.2837,,12,0,2,0,0.0,0
0.8702,31,0,0.1205,6711.0,7,0,1,0,1.0,0
0.6169,50,0,0.3481,,5,0,1,0,0.0,0
0.3051,55,0,0.3079,5341.0,7,0,2,0,,0
0.3122,36,0,1.3888,7711.0,12,0,1,0,0.0,0
0.3874,39,0,0.2504,7517.0,8,0,1,0,0.0,0
3.4882,60,0,0.5489,12130.0,7,0,0,0,0.0,0
0.0288,49,0,0.3947,6258.0,8,0,3,0,0.0,0
0.6504,39,0,0.322,3824.0,7,0,3,0,0.0,0
0.0214,43,1,0.3993,5811.0,7,0,0,1,1.0,0
0.104,62,0,0.3088,7706.0,3,0,2,0,0.0,0
0.1852,60,0,0.1222,3317.0,9,0,0,0,0.0,0
0.2091,50,0,0.8151,1338.0,8,0,0,0,0.0,0
0.9039,37,0,0.8779,3704.0,10,0,1,0,1.0,0
0.0423,34,0,0.7667,7556.0,7,0,1,0,0.0,0
0.1554,27,0,0.3678,9712.0,7,0,2,0,0.0,0
0.1505,39,0,1.0551,4635.0,16,0,1,0,1.0,0
0.5104,61,0,0.4858,8829.0,6,0,0,0,0.0,0
0.8299,41,0,0.4506,6403.0,8,0,0,0,0.0,0
0.1273,38,0,0.2884,,8,0,1,0,1.0,0
0.6154,39,0,0.9036,13887.0,12,0,1,0,1.0,0
0.3407,46,0,0.3194,5210.0,7,0,0,0,2.0,0
1.2913,67,0,0.1578,5091.0,8,0,1,0,2.0,0
0.0043,39,0,0.8727,13536.0,9,0,1,0,0.0,0
0.0849,44,0,0.4229,9577.0,9,0,0,0,3.0,0
0.9282,35,0,0.4731,14664.0,7,0,0,0,1.0,0
0.7825,65,3,0.7304,,9,1,1,0,2.0,0
0.3475,51,0,0.7145,,5,0,1,0,1.0,0
0.6464,32,0,0.3922,2200.0,11,0,1,0,0.0,0
0.5973,37,0,0.4328,6256.0,3,0,0,0,0.0,0
0.7294,58,0,0.6936,14890.0,7,0,1,0,4.0,0
0.5807,67,0,0.5795,3364.0,9,0,1,0,2.0,0
0.2487,43,0,0.2375,5658.0,9,0,3,0,1.0,0
0.2871,61,0,0.2319,2130.0,7,0,1,0,0.0,0
0.3093,57,2,0.1486,11738.0,7,0,0,0,4.0,1
0.5425,78,0,0.259,,7,0,1,0,1.0,0
0.0275,38,0,0.763,4269.0,5,0,0,0,0.0,0
0.41,77,0,0.3336,7547.0,13,0,1,0,0.0,0
0.0517,63,0,0.5331,4131.0,7,0,1,0,1.0,0
0.9127,39,0,0.9818,,10,0,2,0,0.0,0
0.4416,61,0,0.6083,6887.0,7,0,1,0,0.0,0
0.3867,41,0,0.3027,1797.0,7,0,0,0,0.0,0
0.4028,55,0,0.0872,2751.0,10,0,0,0,2.0,0
0.3932,60,0,0.5018,5286.0,4,0,2,0,0.0,0
0.3518,43,0,0.6482,21790.0,9,0,2,0,1.0,0
0.067,77,0,0.5588,4119.0,12,0,0,0,1.0,0
0.1978,52,0,0.2096,6913.0,8,0,1,0,1.0,0
0.4404,53,0,1.5431,,9,0,0,0,0.0,0
0.5498,63,0,0.2085,,14,0,0,0,1.0,0
0.0918,62,0,0.4682,3106.0,10,0,1,0,1.0,0
0.0392,64,0,0.8279,,9,0,3,0,1.0,0
0.3706,62,0,0.324,,10,0,1,0,0.0,0
0.238,82,0,0.7809,,11,0,0,0,0.0,0
0.2058,55,1,0.31,12760.0,10,0,1,2,2.0,0
0.2321,55,0,0.2296,,12,0,1,0,0.0,0
0.2328,71,2,0.3626,9800.0,8,1,2,1,,1
1.0469,52,0,1.3233,7438.0,13,0,0,0,1.0,0
2.2905,36,0,0.3276,6726.0,11,0,0,0,0.0,0
0.0622,45,0,0.5988,13932.0,6,0,0,0,0.0,0
0.1597,45,0,0.2515,,3,0,2,0,1.0,0
0.0897,76,0,0.4243,4962.0,9,0,0,0,2.0,0
1.0824,41,0,0.6672,5665.0,11,0,1,0,3.0,0
0.0298,35,0,0.5432,6706.0,7,0,0,0,0.0,0
0.0932,64,0,1.0624,11978.0,13,0,2,0,1.0,0
0.6416,81,0,0.1896,12188.0,7,0,2,0,1.0,0
0.5516,32,0,0.167,6938.0,4,0,1,0,0.0,0
2.0117,81,0,0.5373,3074.0,12,0,0,0,1.0,1
0.098,39,0,0.7039,2893.0,5,0,0,0,0.0,0
0.5702,26,0,0.4852,9081.0,7,0,0,0,2.0,0
0.5155,31,0,0.1999,6984.0,7,0,1,0,1.0,0
0.8673,53,0,0.0762,11625.0,7,0,1,0,1.0,0
2.0446,46,0,0.1581,10451.0,4,0,0,0,0.0,0
0.1075,51,0,0.5978,8651.0,2,0,0,0,,0
0.3751,44,2,0.4337,2279.0,4,0,0,0,1.0,0
2.1237,33,0,0.3606,8223.0,5,0,1,0,0.0,0
0.264,61,0,0.0566,5410.0,8,0,0,0,1.0,0
2.8461,44,1,0.6755,,5,0,1,0,0.0,0
0.6304,68,0,0.342,8453.0,5,0,2,0,0.0,0
0.0547,61,0,0.253,,10,0,0,0,3.0,0
0.0443,47,0,1.083,,10,0,1,0,,0
0.8581,45,0,0.9643,,6,0,0,0,0.0,0
0.6076,22,0,0.2095,5279.0,5,0,0,0,2.0,0
0.1909,64,0,0.3361,2383.0,4,0,1,0,2.0,0
0.0826,55,0,0.1146,4483.0,7,0,0,0,0.0,0
0.2497,59,0,0.707,2512.0,6,0,0,0,0.0,0
4.3884,39,0,0.2368,,11,0,2,0,2.0,0
0.1396,52,0,1.0013,2565.0,10,0,1,0,0.0,0
0.0665,35,0,0.5639,11352.0,14,0,1,0,1.0,0
0.8962,37,0,0.4283,,8,0,0,0,0.0,0
0.3022,70,0,0.5933,4586.0,5,0,1,0,1.0,0
3.9342,47,0,0.281,3246.0,4,0,1,0,1.0,0
0.4306,50,0,0.2135,5627.0,5,0,1,0,2.0,0
0.0668,31,0,0.8854,7421.0,4,0,0,0,1.0,0
0.4335,38,0,0.6665,4371.0,7,0,0,0,0.0,1
0.6878,36,0,0.258,6656.0,7,0,0,0,0.0,0
0.2915,48,0,1.028,6683.0,8,0,2,0,4.0,0
0.0064,43,0,0.4377,2629.0,7,0,1,0,0.0,0
0.5099,47,0,0.0177,3774.0,8,0,3,0,1.0,0
0.4984,59,0,0.0249,9278.0,7,0,3,0,2.0,0
0.5198,72,0,0.6179,11575.0,10,0,1,0,0.0,0
0.6604,58,0,0.8496,3318.0,10,0,2,0,2.0,0
0.3766,37,0,0.7537,3427.0,7,0,1,0,0.0,0
0.1422,34,0,0.0359,10210.0,9,0,1,0,1.0,0
0.1145,38,0,0.8613,,8,0,1,0,1.0,0
0.7147,54,0,0.0459,4455.0,8,0,0,0,1.0,0
0.4982,66,0,0.4044,5182.0,4,0,3,0,1.0,0
0.2956,65,0,0.2194,4335.0,11,0,2,0,2.0,0
3.3265,81,0,0.6216,,8,0,1,0,0.0,0
0.3018,50,0,0.5267,14563.0,5,0,0,0,1.0,0
0.0439,44,0,0.5439,4186.0,8,0,1,0,1.0,0
0.8035,51,0,0.2108,4282.0,10,0,0,0,0.0,0
0.2005,26,0,0.1362,4811.0,8,0,0,0,1.0,0
0.1606,52,0,0.8891,5134.0,11,0,5,0,0.0,0
0.2896,47,0,0.6837,4870.0,7,0,0,0,0.0,0
0.7185,35,0,0.4878,7287.0,6,0,1,0,0.0,0
0.5751,70,0,0.4762,4860.0,9,0,2,0,1.0,1
0.4134,42,0,0.395,6987.0,10,0,0,0,0.0,0
0.1512,45,0,0.876,8811.0,13,0,0,0,0.0,0
0.3528,30,0,0.197,2591.0,8,0,0,0,1.0,0
1.2267,54,0,0.1656,4107.0,10,0,2,0,1.0,0
0.5391,79,0,0.0879,8899.0,4,0,1,0,2.0,0
3.4589,55,0,0.2894,5126.0,6,0,2,0,0.0,1
0.2915,67,0,0.3408,12367.0,7,0,0,0,2.0,0
0.4007,43,2,0.1893,2536.0,13,0,0,0,2.0,0
0.8815,61,0,0.418,7339.0,6,0,1,2,0.0,0
0.3469,41,0,0.2015,10989.0,10,0,1,0,1.0,0
0.287,37,0,0.3872,8740.0,6,0,2,0,0.0,0
0.2868,58,0,0.5744,6522.0,5,0,1,0,0.0,0
0.4496,72,0,0.332,8912.0,7,0,0,0,1.0,0
0.4969,40,1,0.4055,3458.0,5,1,2,0,1.0,0
0.9279,56,0,0.2355,7284.0,9,0,2,0,0.0,0
0.4286,24,0,0.4317,,8,0,0,0,0.0,0
0.4138,37,0,0.1652,6393.0,7,0,0,0,1.0,0
0.4932,88,0,0.7406,,9,0,1,0,0.0,0
0.1858,45,0,0.7431,8990.0,9,0,1,0,0.0,0
0.4431,43,0,0.5183,5926.0,14,0,0,0,0.0,0
1.2803,61,0,0.8057,8142.0,6,0,1,0,0.0,0
0.746,37,0,0.3974,,13,0,1,0,0.0,0
0.8707,61,1,0.5583,5568.0,9,0,1,0,1.0,0
0.175,61,0,0.5954,3671.0,5,0,1,0,0.0,0
0.3342,47,0,0.5978,10080.0,5,0,0,0,0.0,0
1.0481,72,3,0.392,4797.0,5,0,1,0,0.0,0
0.5109,30,0,0.6892,2028.0,6,0,2,0,2.0,0
0.6462,47,0,0.5273,,7,0,0,0,0.0,1
0.172,70,0,0.4031,,8,0,1,0,1.0,0
0.388,65,0,0.3991,3267.0,8,0,2,0,1.0,0
0.2365,45,0,0.844,,9,0,1,0,0.0,0
0.8221,43,0,0.2855,6499.0,11,0,2,0,2.0,0
0.7012,55,0,0.4481,3824.0,6,0,0,0,0.0,0
0.3461,24,0,0.2868,4613.0,4,0,4,0,3.0,0
0.0849,52,2,0.4059,3789.0,10,0,0,0,1.0,0
0.2831,56,0,0.9382,,5,0,4,0,2.0,0
0.235,41,0,0.4013,3818.0,7,0,0,0,0.0,0
0.2144,52,0,0.5375,3275.0,10,0,1,0,3.0,0
0.7097,52,0,0.4439,5209.0,13,0,0,0,0.0,0
0.3041,31,0,0.2345,,7,0,1,0,0.0,0
3.2182,51,0,0.5377,1857.0,9,0,0,0,0.0,0
0.2068,32,0,0.3445,3664.0,8,0,1,0,0.0,0
2.0666,43,0,0.2084,5321.0,11,0,0,0,1.0,0
0.1572,45,0,0.3493,1238.0,4,0,2,0,0.0,0
0.562,73,0,0.4023,7728.0,5,0,1,0,0.0,0
0.5029,64,0,0.3483,5154.0,12,0,1,0,0.0,0
1.9527,73,0,0.2294,2063.0,6,0,3,0,0.0,0
0.1198,44,0,0.0416,9438.0,13,0,1,0,1.0,0
1.0416,48,0,0.3756,,12,0,1,0,1.0,0
0.7306,56,0,0.5794,6898.0,8,0,1,0,1.0,0
0.7825,53,0,0.2405,2985.0,15,0,1,0,0.0,0
0.3388,68,0,0.3146,3846.0,4,0,2,0,0.0,0
0.9303,61,1,0.7896,3469.0,4,0,0,0,1.0,0
0.6556,65,0,0.4244,9892.0,8,0,1,0,0.0,0
0.6877,48,0,0.0379,2518.0,3,0,0,0,2.0,1
0.2546,63,0,0.1379,3149.0,5,0,1,0,,0
0.5204,45,0,1.0986,,8,0,1,0,0.0,0
1.1431,86,0,0.1509,,9,0,0,0,0.0,1
0.3573,48,0,0.6624,17087.0,11,0,0,0,1.0,0
0.0901,54,0,0.2761,4569.0,6,0,0,0,0.0,0
0.1576,63,0,0.9683,8511.0,6,0,0,0,1.0,0
0.6645,86,0,0.145,5983.0,9,0,2,0,0.0,0
0.2018,67,0,0.3223,6463.0,9,0,0,0,1.0,0
0.8861,40,2,0.9082,17973.0,8,0,2,0,0.0,0
0.1792,67,0,0.708,,14,0,2,0,1.0,0
0.0181,30,0,0.1883,3307.0,10,0,0,0,0.0,0
0.2358,45,0,0.4286,3730.0,10,0,1,0,0.0,0
0.801,41,1,0.3766,1790.0,6,0,0,1,1.0,0
0.2766,46,0,0.6898,,3,0,1,0,0.0,0
0.2792,63,0,0.4815,6286.0,6,0,2,0,0.0,0
0.4028,67,0,0.8672,3292.0,10,0,0,0,1.0,0
1.0522,70,0,0.3083,4742.0,7,0,3,0,1.0,0
0.1335,45,0,0.7693,6109.0,6,0,3,0,1.0,0
0.6057,32,0,0.5686,5728.0,8,0,1,0,1.0,0
0.0045,59,0,0.6019,11279.0,10,0,1,0,0.0,0
1.0034,55,0,0.2809,2717.0,7,0,1,0,1.0,0
3.1647,27,0,1.0394,8039.0,5,0,0,0,1.0,0
0.3458,47,0,0.2433,,7,0,0,0,0.0,0
0.1548,38,0,0.2371,,13,0,1,0,1.0,0
0.5489,22,0,0.1889,3766.0,8,0,0,0,0.0,0
0.0846,54,0,0.1501,7360.0,12,0,3,0,0.0,0
0.3993,43,0,1.1603,,5,0,4,0,1.0,0
0.1976,43,0,0.5201,6583.0,12,0,0,0,0.0,0
0.0092,53,0,0.318,4941.0,7,0,3,0,1.0,0
0.2779,25,0,0.4807,7595.0,7,0,0,0,1.0,0
0.2964,36,0,0.4347,3124.0,10,0,3,0,0.0,0
0.4879,55,0,0.4733,5541.0,10,0,2,0,1.0,0
0.3799,60,0,0.6354,1286.0,6,0,0,0,2.0,0
1.0098,71,0,0.5644,1647.0,9,0,1,0,0.0,1
0.1907,55,0,0.3997,3994.0,6,0,0,0,1.0,0
0.1886,60,2,0.0763,3015.0,7,1,2,0,,1
0.4005,53,0,0.7416,4517.0,11,0,0,0,2.0,0
0.4288,64,0,0.4103,,4,0,0,0,0.0,0
3.9308,36,0,0.1146,4715.0,4,0,1,0,1.0,0
0.2234,42,0,0.3274,13433.0,9,0,2,0,0.0,0
0.0416,50,0,0.6831,8092.0,12,0,2,0,0.0,0
1.1581,52,0,0.5102,,4,0,0,0,1.0,0
3.4528,35,0,0.9881,4343.0,3,0,1,0,1.0,0
0.2223,30,0,0.1699,1326.0,9,0,0,0,0.0,0
4.8369,39,0,0.9101,7945.0,7,0,0,0,1.0,0
0.4057,42,4,0.0586,4902.0,6,0,0,1,1.0,0
0.5571,57,0,0.998,4978.0,4,0,0,0,0.0,0
0.4201,23,0,0.4167,,17,0,2,0,0.0,0
4.5894,84,0,0.5373,2834.0,5,0,1,0,1.0,1
0.1851,40,0,0.6136,2347.0,5,0,1,0,0.0,0
0.9664,29,0,0.3956,2562.0,5,0,1,0,2.0,0
0.1256,33,0,0.4936,5828.0,5,0,0,0,0.0,0
0.3489,50,0,0.6144,3749.0,5,0,1,0,3.0,0
0.2213,39,0,0.3271,,15,0,1,0,2.0,0
0.1081,49,0,0.3977,3934.0,7,0,0,0,0.0,0
0.139,46,0,0.5516,4011.0,5,0,1,0,,0
0.3281,53,0,0.3874,,10,0,2,0,2.0,0
0.8923,50,0,0.7061,10126.0,13,0,0,0,0.0,0
0.2216,58,0,0.3491,1645.0,9,0,1,0,0.0,0
0.3632,75,0,0.5075,10760.0,7,0,1,0,1.0,0
1.4659,46,0,0.2968,6299.0,4,0,0,0,1.0,0
0.243,37,0,0.2371,4336.0,3,0,0,0,,0
0.4712,65,0,0.5833,2290.0,3,0,2,0,0.0,0
0.0416,57,0,1.0998,15971.0,5,0,1,0,1.0,0
0.2469,50,0,0.1855,4408.0,6,0,1,0,1.0,0
0.1762,54,0,0.2952,,7,0,3,0,0.0,0
0.6968,44,0,0.8634,3522.0,9,0,0,0,2.0,0
0.2266,71,0,0.4605,6939.0,8,0,2,0,0.0,0
0.2814,65,0,0.2268,3328.0,6,1,0,0,,0
0.8529,55,0,0.1445,9437.0,10,0,0,0,1.0,0
0.0863,47,0,0.4203,5001.0,2,0,0,0,0.0,0
3.0556,27,1,0.1728,2670.0,7,0,0,0,1.0,0
0.6034,63,0,0.6469,3150.0,6,0,0,0,1.0,0
1.33,53,1,0.4398,6266.0,7,0,2,1,0.0,0
0.1787,66,0,0.2955,5659.0,11,0,0,0,2.0,0
0.2386,32,0,0.9246,4313.0,5,0,0,0,0.0,0
0.1745,50,0,0.7016,10052.0,10,0,1,0,0.0,0
0.2689,49,0,0.1648,3673.0,9,0,1,0,1.0,0
0.2915,26,0,0.284,6316.0,7,0,2,0,,0
0.1419,31,0,0.5081,,10,0,0,0,0.0,0
0.2609,56,0,0.6671,3423.0,9,0,1,0,2.0,0
0.4606,88,1,0.2244,9816.0,4,0,2,0,1.0,0
0.9243,70,0,0.2017,4378.0,7,0,1,0,1.0,0
4.8024,26,0,0.1924,9495.0,9,0,1,0,0.0,0
0.6546,55,0,0.2448,,11,0,2,0,0.0,0
0.057,42,0,0.5191,5248.0,9,0,2,0,1.0,0
0.4897,61,0,0.4945,2429.0,6,0,1,0,0.0,0
1.6769,54,0,0.6737,,4,0,0,0,0.0,0
0.0374,43,0,0.6992,,5,0,0,0,0.0,0
0.2868,64,0,0.0877,5147.0,11,0,1,0,0.0,0
0.1526,53,0,0.6982,3251.0,9,0,1,0,0.0,0
0.703,55,0,0.2352,8430.0,4,0,2,0,0.0,0
0.5912,52,0,0.333,18180.0,7,0,1,0,3.0,0
0.5669,52,0,0.5386,2541.0,10,0,0,0,0.0,0
0.5448,53,0,0.28,5459.0,11,0,0,0,1.0,0
2.0479,70,0,0.3225,2758.0,13,0,0,0,0.0,1
0.859,64,0,0.2137,,9,0,2,0,1.0,0
0.2028,68,0,0.0814,2249.0,7,0,1,0,0.0,0
0.512,24,0,0.58,9777.0,9,0,0,0,0.0,0
2.8103,58,0,0.6098,6925.0,11,0,0,0,1.0,0
0.3692,37,1,0.3223,5400.0,10,0,0,1,1.0,0
0.1127,55,0,0.3819,7326.0,7,0,1,0,0.0,0
0.9822,69,0,0.4255,2507.0,14,0,0,0,2.0,0
4.2305,37,0,0.8372,6092.0,5,0,2,0,0.0,0
0.2642,55,0,0.3785,16173.0,5,0,1,0,0.0,0
0.6012,44,0,0.2008,2487.0,11,0,3,0,0.0,0
0.6384,66,0,0.8358,,3,0,0,0,1.0,0
2.1885,55,0,1.1142,2353.0,11,0,1,0,1.0,0
0.5154,48,0,0.6633,3048.0,7,0,1,0,1.0,0
0.4324,49,0,0.3531,3912.0,9,0,2,0,1.0,0
0.5571,56,0,0.4479,4581.0,7,0,0,0,1.0,0
0.1165,76,0,0.173,5285.0,8,0,0,0,0.0,0
9.466,56,0,0.0549,7795.0,7,0,1,0,2.0,0
0.6933,59,0,0.6999,,8,0,1,0,0.0,0
0.2788,66,0,0.2678,,11,0,0,0,0.0,0
0.3656,50,0,0.114,2992.0,7,0,0,0,0.0,0
0.3025,38,0,0.7248,3800.0,10,0,2,0,1.0,0
0.6161,54,0,0.4554,11832.0,7,0,0,0,1.0,0
0.1177,65,0,0.4438,17402.0,7,0,1,0,2.0,0
4.3679,51,0,0.0628,4088.0,5,0,0,0,0.0,0
0.2543,37,0,0.5219,2323.0,10,0,2,0,1.0,0
0.7411,61,0,0.4179,3631.0,13,0,0,0,1.0,0
0.4812,77,0,0.5317,4640.0,4,0,0,0,0.0,0
0.1234,53,0,0.659,5727.0,5,0,0,0,1.0,0
0.347,41,0,0.8978,,9,0,1,0,0.0,0
0.2162,67,0,0.1514,,7,0,0,0,0.0,0
0.2217,65,0,0.6933,,13,0,1,0,0.0,0
0.1339,60,0,0.0902,,9,0,1,0,3.0,0
0.539,55,0,0.3127,2269.0,8,0,1,0,1.0,0
0.4946,55,0,0.4288,11508.0,7,0,2,0,3.0,0
0.2936,74,0,0.5691,,8,0,0,0,0.0,0
0.0047,62,0,0.5501,15601.0,8,0,1,0,0.0,0
0.2364,51,0,0.5175,6721.0,7,0,1,0,0.0,0
0.4959,58,0,0.3605,8060.0,10,0,2,0,2.0,0
0.1427,50,0,0.2553,8720.0,13,0,2,0,1.0,0
0.2641,49,0,0.7934,3564.0,12,0,2,0,1.0,0
0.233,49,0,1.0579,7883.0,8,0,2,0,1.0,0
0.0521,62,0,0.2288,,8,0,2,0,0.0,0
1.7809,49,0,0.1563,,8,0,0,0,1.0,0
0.9725,51,0,0.7172,6415.0,12,0,0,0,0.0,0
0.7268,55,0,0.0868,4641.0,7,0,1,0,0.0,0
0.2258,63,0,0.5363,4195.0,7,0,2,0,1.0,0
0.6233,70,0,0.1021,4885.0,10,0,0,0,1.0,0
0.538,43,0,0.4059,,20,0,0,0,0.0,0
0.1776,60,0,0.6485,2769.0,9,0,1,0,2.0,0
0.2146,60,0,1.0418,5731.0,11,0,0,0,2.0,0
0.9871,55,0,0.2377,2578.0,11,0,1,0,1.0,0
0.7713,28,0,0.7937,4059.0,9,0,0,0,0.0,1
0.7466,52,0,0.103,,7,0,3,0,0.0,0
0.8324,55,0,0.4947,6127.0,6,0,1,0,1.0,0
0.1199,70,0,0.4501,5361.0,7,0,1,0,1.0,0
0.7531,69,0,0.4292,2193.0,7,0,0,0,1.0,0
0.441,61,0,0.5155,5893.0,9,0,1,0,0.0,0
0.0001,86,0,0.0634,3764.0,3,0,1,0,2.0,0
2.4518,60,0,0.818,,11,0,1,0,0.0,1
0.2866,45,0,0.502,1690.0,8,0,1,0,0.0,0
0.2011,65,0,0.4526,5324.0,7,0,1,0,1.0,0
1.0358,50,0,0.9222,3111.0,9,0,1,0,1.0,0
0.9394,58,3,0.3141,8463.0,12,0,1,0,0.0,0
0.5873,39,0,0.0598,10022.0,8,0,0,0,1.0,0
0.8633,45,0,0.8577,2708.0,10,0,1,0,2.0,0
0.0118,31,0,0.3751,5054.0,10,0,0,0,1.0,0
1.9533,52,0,0.9269,3592.0,8,0,1,0,1.0,0
0.4952,43,0,1.0322,4348.0,7,0,1,0,1.0,0
4.5093,84,0,0.1878,6829.0,8,0,2,0,0.0,0
0.7539,69,0,0.7096,4321.0,12,0,1,0,0.0,1
0.2982,46,0,0.3632,2372.0,9,0,1,0,0.0,0
0.4418,42,0,0.8343,6046.0,7,0,1,0,1.0,0
1.1254,42,0,1.0122,3179.0,11,0,1,0,0.0,0
0.1049,41,0,0.6975,5316.0,7,0,0,0,0.0,0
0.2191,39,0,0.3428,10382.0,6,0,3,0,0.0,0
0.7332,51,0,0.7897,5441.0,14,0,1,0,1.0,0
0.4469,43,0,0.4577,3137.0,10,0,0,0,0.0,0
0.3647,37,0,0.7044,3975.0,9,0,0,0,1.0,0
1.3206,70,0,0.5784,11146.0,9,0,0,0,2.0,0
0.1308,44,0,0.3696,12205.0,8,0,1,0,1.0,0
0.3054,44,0,0.5357,,4,0,0,0,0.0,0
0.3869,75,0,0.8138,9964.0,11,0,2,0,2.0,0
0.0308,78,0,0.6094,7974.0,8,0,4,0,1.0,0
0.3778,65,0,0.2211,4468.0,9,0,2,0,0.0,0
0.431,55,0,0.1318,2266.0,7,0,0,0,0.0,1
4.8497,42,0,0.0447,9393.0,3,0,1,0,1.0,0
0.34,67,0,0.0854,6168.0,6,0,1,0,1.0,1
0.1775,45,0,0.4564,,7,0,1,0,,0
0.5122,32,0,0.6379,4839.0,10,0,0,0,2.0,0
0.0785,46,0,0.6585,6516.0,5,0,3,0,0.0,0
0.09,36,0,0.7011,5177.0,8,0,0,0,1.0,0
0.4001,41,0,0.732,3790.0,9,0,1,0,2.0,0
0.434,72,0,0.114,7170.0,8,0,1,0,0.0,0
1.1547,72,0,0.4465,,4,0,2,0,1.0,0
0.1765,42,0,0.7629,1517.0,11,0,1,0,0.0,0
0.8193,43,0,0.7137,5762.0,7,0,0,0,0.0,0
0.2934,40,0,0.2457,1527.0,13,0,0,0,,0
0.3616,77,0,0.2936,4341.0,9,0,2,0,0.0,0
0.6673,74,0,0.3895,,10,0,1,0,2.0,0
0.8604,43,0,0.3805,,6,0,2,0,1.0,0
0.3381,67,0,0.1131,,14,0,3,0,1.0,0
0.1647,56,0,0.1033,,13,0,2,0,0.0,0
2.9262,58,0,0.3372,5137.0,10,0,2,0,3.0,0
0.0308,61,0,0.4746,4661.0,12,0,2,0,1.0,0
0.178,49,0,0.096,3183.0,10,0,3,0,,0
0.1771,48,0,0.2115,3102.0,13,0,2,0,0.0,0
7.29,75,0,0.564,3294.0,5,0,0,0,,1
0.0742,52,0,1.1082,,12,0,2,0,2.0,0
0.5621,58,0,0.4304,3772.0,7,0,4,0,,0
0.0764,78,0,0.7553,6368.0,5,0,0,0,2.0,0
0.8228,60,0,0.0285,14824.0,11,0,1,0,0.0,0
0.2238,53,0,0.0545,5639.0,6,0,1,0,0.0,0
0.6715,47,0,0.5676,,7,0,2,0,1.0,0
0.5434,42,0,0.4054,7333.0,11,0,3,0,2.0,0
1.2838,56,2,0.1742,3028.0,11,0,2,0,0.0,0
0.0891,44,0,0.4821,,8,0,1,0,1.0,0
0.4935,48,0,0.0842,3776.0,6,0,0,0,1.0,0
0.9577,27,0,0.428,1564.0,9,0,2,0,0.0,0
0.4327,58,0,0.8244,,8,0,1,0,0.0,0
0.2129,41,0,0.1861,,4,0,1,0,0.0,0
0.4728,80,1,0.4337,7498.0,11,0,5,2,1.0,0
4.7798,41,0,0.1958,3926.0,12,0,1,0,0.0,0
0.1453,47,0,1.0754,2245.0,8,0,0,0,1.0,0
1.0327,52,0,0.2955,13555.0,12,0,2,0,0.0,0
0.9494,47,0,0.2918,6400.0,6,0,2,0,1.0,0
0.0781,27,0,0.0461,1936.0,9,0,4,0,1.0,0
1.0199,53,0,0.6331,8266.0,7,0,0,0,1.0,0
0.2129,59,0,0.4079,6728.0,9,0,0,0,2.0,0
5.5599,48,0,0.5027,2457.0,9,0,1,0,0.0,0
1.0438,49,0,0.1539,2233.0,9,0,6,0,0.0,0
1.4041,48,0,0.588,4209.0,5,0,0,0,0.0,0
5.9079,41,0,0.4056,16889.0,8,0,1,0,0.0,0
3.3172,44,0,0.3663,,7,0,1,0,,0
3.3372,74,1,0.647,3729.0,11,0,2,0,0.0,0
0.3347,59,0,0.5425,6777.0,10,0,1,0,1.0,0
0.2735,64,0,0.3594,6177.0,7,0,0,0,0.0,0
2.363,45,0,0.8015,1495.0,12,0,1,0,1.0,0
0.5355,66,0,0.6253,1928.0,16,0,1,0,1.0,0
1.3082,69,0,0.3718,8702.0,10,0,0,0,2.0,0
0.1503,47,0,0.69,,9,0,1,0,1.0,0
0.6168,88,0,0.6493,12838.0,7,0,1,0,1.0,0
0.1381,39,0,0.0887,2731.0,8,0,1,0,0.0,0
0.2205,36,0,0.8003,7519.0,13,0,0,0,,0
0.0275,41,0,0.3741,3268.0,8,0,1,0,0.0,1
0.6698,46,0,0.3097,5229.0,7,0,1,0,,0
0.1208,63,0,1.0983,3256.0,6,0,0,0,1.0,0
0.4649,43,0,0.4936,5124.0,8,0,2,0,3.0,1
0.1913,25,0,0.3654,,9,0,1,0,0.0,0
2.2705,45,0,0.5506,3214.0,4,0,0,0,0.0,0
0.7023,48,0,1.2832,15697.0,7,0,0,0,2.0,0
0.3543,58,0,1.0076,13559.0,6,0,1,0,1.0,0
0.4585,21,0,0.1976,,6,0,0,0,0.0,0
0.1258,48,0,0.5471,5199.0,8,0,2,0,0.0,0
2.6683,51,1,0.45,12739.0,8,0,2,2,1.0,0
0.1901,53,0,0.288,3673.0,7,0,0,0,1.0,0
0.3368,62,0,0.5038,5220.0,10,0,2,0,0.0,0
0.2529,39,0,0.9437,,6,0,1,0,0.0,0
0.3882,50,0,0.8556,2354.0,6,0,0,0,0.0,0
0.4131,53,0,0.6385,2895.0,5,0,1,0,1.0,0
1.1461,48,0,0.568,5254.0,7,0,1,0,1.0,1
0.5289,58,0,0.4745,10258.0,10,0,1,0,1.0,0
0.7161,39,0,0.3867,4224.0,8,0,0,0,5.0,0
0.57,59,0,0.6175,3194.0,9,0,0,0,1.0,0
0.1773,49,0,0.3029,10646.0,3,0,1,0,0.0,0
1.2915,63,0,0.4768,6150.0,5,0,0,0,1.0,0
0.0213,68,1,0.201,,8,0,1,0,0.0,0
0.3406,64,0,0.2038,13968.0,7,0,0,0,0.0,0
0.2369,34,0,0.7144,11385.0,4,0,2,0,0.0,0
0.4394,43,0,0.4212,2198.0,7,0,0,0,0.0,0
0.0548,55,0,0.5282,3531.0,10,0,2,0,1.0,0
0.5907,47,0,0.7917,,10,0,3,0,0.0,0
0.355,43,0,0.1023,3512.0,7,0,1,0,1.0,0
0.2162,64,0,0.1241,3712.0,8,0,1,0,0.0,0
0.5115,37,0,0.0973,14552.0,6,0,0,0,1.0,0
0.8358,29,0,0.9812,2195.0,6,0,4,0,0.0,0
0.6343,38,0,0.3051,6374.0,8,0,0,0,,0
0.2825,57,0,0.6539,8613.0,11,0,2,0,0.0,1
0.3757,72,0,0.4809,8863.0,9,0,0,0,1.0,0
0.7672,78,0,1.1753,7428.0,9,0,0,0,0.0,0
0.2463,48,0,0.6848,3180.0,11,0,0,0,0.0,0
0.0127,39,0,0.4881,2041.0,5,0,1,0,0.0,0
0.013,52,1,0.3331,3361.0,6,1,0,0,0.0,0
0.2414,54,0,0.5486,15256.0,8,0,0,0,2.0,0
0.1531,28,0,0.2166,13140.0,7,0,2,0,1.0,0
1.0512,26,0,0.1311,2096.0,8,0,1,0,0.0,0
0.1397,34,0,0.5998,,6,0,0,0,1.0,0
3.2505,69,0,0.4967,17072.0,7,0,0,0,0.0,0
0.5913,48,0,0.4513,15482.0,13,0,1,0,1.0,0
0.6491,44,0,0.2758,,5,0,0,0,0.0,0
2.7291,59,0,0.3985,,6,0,0,0,1.0,0
0.5413,67,0,0.1176,11570.0,7,0,1,2,2.0,0
0.1219,42,0,0.6714,2606.0,10,0,1,2,0.0,0
0.5844,54,0,0.9035,,6,0,1,0,1.0,1
0.0085,55,0,0.3875,4572.0,9,0,1,1,1.0,0
1.541,64,0,0.492,3665.0,5,0,0,0,,0
3.3351,52,1,0.7578,5649.0,11,0,1,0,0.0,0
0.2506,32,0,0.8872,8582.0,7,0,1,0,,0
5.028,52,1,0.4043,5908.0,5,0,2,0,1.0,0
1.2733,57,0,0.8808,2261.0,12,0,5,0,1.0,0
0.3258,50,0,0.2363,1537.0,8,0,0,0,0.0,0
0.1971,43,0,0.0745,3587.0,14,0,2,0,1.0,0
0.2232,34,0,0.2673,6454.0,6,0,1,0,0.0,0
0.2915,68,0,1.0481,11744.0,6,0,0,0,0.0,0
0.0877,62,0,1.0573,10514.0,7,0,1,0,2.0,0
0.0779,52,0,0.5689,6596.0,0,0,1,0,0.0,0
0.7553,38,0,0.7598,,10,0,2,0,1.0,0
0.2609,62,0,0.3539,14552.0,15,0,3,0,1.0,0
0.0497,44,0,0.339,3592.0,13,0,0,0,1.0,0
0.3133,27,0,0.2744,3144.0,6,0,0,0,1.0,0
2.2556,65,0,0.5193,11358.0,3,0,2,0,2.0,0
0.273,23,0,0.4658,1803.0,8,0,0,0,0.0,0
0.1606,49,0,0.6692,,9,0,0,0,2.0,0
0.3514,63,0,0.1999,7992.0,14,0,0,0,0.0,0
0.4113,54,0,0.6476,3446.0,6,0,0,0,1.0,0
0.6372,62,0,0.689,6488.0,13,0,2,0,1.0,0
0.4194,67,0,0.5834,2228.0,10,0,0,0,0.0,0
0.298,39,0,0.6671,9527.0,8,0,1,0,2.0,0
2.6113,52,0,0.0647,2260.0,10,0,0,0,2.0,0
0.3961,51,0,0.6007,2081.0,9,0,1,0,0.0,0
4.7708,51,0,0.3958,21770.0,7,0,1,0,1.0,0
0.517,61,0,0.3019,4292.0,8,0,1,0,0.0,0
0.3273,61,0,0.1966,17763.0,6,0,1,0,2.0,0
7.9891,66,0,0.4963,13493.0,8,0,0,0,0.0,0
0.6446,38,0,0.9329,5815.0,6,0,2,0,0.0,0
0.2354,56,0,0.3894,4340.0,6,0,2,0,1.0,0
0.3004,37,0,0.501,6411.0,8,0,0,0,0.0,0
0.6124,58,0,0.671,,7,0,0,0,2.0,0
0.2454,75,0,0.5036,2169.0,8,0,1,0,0.0,0
0.4531,73,0,0.4838,,10,0,0,0,,0
0.3438,34,0,0.7116,10746.0,6,0,2,0,1.0,0
1.7761,36,0,0.1547,4685.0,11,0,0,0,2.0,0
0.3575,58,0,0.8423,5711.0,8,0,0,0,0.0,0
0.6854,44,0,0.2333,7616.0,7,0,1,0,0.0,0
0.5609,70,0,0.118,4016.0,6,0,2,0,1.0,0
0.9615,63,0,0.7392,,7,0,1,0,1.0,0
0.0902,59,0,0.3183,,5,0,2,0,0.0,0
0.0969,37,0,0.4889,13705.0,14,0,1,0,3.0,0
0.3777,63,0,0.3396,5308.0,7,0,0,0,2.0,0
0.1111,60,0,0.4133,8257.0,8,0,0,0,0.0,0
1.7628,51,0,0.4382,3711.0,9,0,0,0,0.0,0
0.4328,31,0,0.2557,9503.0,11,0,1,0,1.0,0
0.6745,73,0,0.1424,6288.0,10,0,3,0,1.0,0
0.365,36,0,0.1526,10056.0,9,0,3,0,2.0,0
0.1284,31,0,0.3883,,9,0,0,0,0.0,0
0.0269,59,0,1.1298,3560.0,8,0,0,0,1.0,0
1.5704,66,0,0.2702,,13,0,1,0,0.0,0
0.1815,42,0,0.8447,5520.0,10,0,0,0,2.0,0
0.6646,39,0,0.2005,6972.0,8,0,0,0,2.0,0
0.2261,57,0,1.2496,6391.0,5,0,2,0,1.0,0
0.0397,78,0,0.3628,9920.0,7,0,0,0,1.0,1
0.3147,76,0,0.5518,2767.0,11,0,0,0,,0
0.2024,65,0,0.931,1954.0,7,0,2,0,0.0,0
0.9936,56,0,0.5083,4437.0,8,0,0,0,0.0,0
0.4328,49,0,0.421,4084.0,3,0,0,0,1.0,1
0.4645,48,0,0.5566,10783.0,14,0,1,0,0.0,0
0.6144,48,0,0.3097,3994.0,7,0,1,0,1.0,0
0.2897,54,0,0.6044,8820.0,5,0,1,0,3.0,0
0.6734,45,0,0.5216,17081.0,7,0,1,0,1.0,0
0.3976,48,0,0.4842,6621.0,8,0,1,0,,0
0.3337,43,0,0.5019,3453.0,7,0,2,0,1.0,0
0.545,50,0,1.2144,4507.0,4,0,0,0,0.0,0
3.5209,51,0,0.1918,6655.0,5,0,0,0,1.0,0
0.1744,55,0,0.5977,8194.0,8,0,1,0,2.0,0
0.0628,60,0,0.7997,2070.0,4,0,1,0,,0
0.6042,93,0,0.5118,17872.0,6,0,1,0,2.0,0
0.848,69,0,0.2579,,7,0,3,0,3.0,0
0.5,68,0,0.3234,6093.0,5,0,2,0,0.0,0
0.2263,70,0,0.9931,11560.0,4,0,1,0,1.0,0
0.8098,59,0,0.7096,6432.0,4,0,1,0,0.0,0
0.0516,30,0,0.1938,1716.0,9,0,0,0,3.0,0
0.4683,59,0,0.7054,2472.0,9,0,3,0,1.0,0
0.3152,48,0,0.3234,5972.0,4,0,0,0,0.0,0
0.5722,44,0,0.7765,3199.0,13,0,1,0,1.0,1
0.1603,31,0,0.1397,5810.0,4,0,1,0,3.0,1
0.8574,32,0,0.1998,7711.0,5,0,2,0,0.0,0
0.4122,49,0,0.615,4192.0,7,0,0,0,0.0,0
0.3148,56,0,0.5612,6296.0,7,0,0,0,1.0,0
0.1763,52,0,0.6548,6802.0,6,0,0,0,1.0,0
0.5943,46,0,0.7532,5947.0,12,0,0,0,,0
0.1728,59,0,0.3509,2042.0,7,0,1,0,0.0,0
0.6553,62,1,0.7397,5053.0,10,0,0,1,0.0,0
0.2667,60,0,0.8677,2339.0,7,0,0,0,1.0,0
0.8832,60,0,0.1122,,10,0,1,0,2.0,0
0.2511,63,0,0.3488,1242.0,6,0,3,0,0.0,0
1.07,27,1,0.3788,2997.0,7,0,0,0,1.0,0
2.9548,57,0,0.7768,6747.0,10,0,3,0,2.0,0
0.1158,44,0,0.4692,7778.0,12,0,0,0,2.0,0
0.6449,78,0,0.4088,13734.0,9,0,0,0,3.0,0
0.4972,68,0,0.6388,3457.0,6,0,1,0,1.0,0
0.2493,56,0,0.3266,6601.0,12,0,1,0,0.0,0
0.8133,49,0,0.1689,2428.0,7,0,1,0,,0
0.605,22,1,0.4533,7393.0,6,0,1,0,0.0,0
1.8785,36,2,0.6913,3723.0,5,0,0,2,0.0,0
0.2091,45,0,0.0932,4372.0,9,0,1,0,1.0,0
0.0066,57,0,1.0288,,8,0,0,0,2.0,0
1.0894,47,0,0.4967,,8,0,1,0,1.0,1
3.4181,73,0,0.5399,,8,0,1,0,0.0,1
0.4744,44,0,0.0693,5418.0,6,0,1,0,1.0,0
0.8913,84,0,0.5204,1854.0,12,0,0,0,0.0,0
0.6151,35,0,0.5527,10320.0,7,0,2,0,1.0,0
0.6345,62,0,0.4173,,10,0,2,0,1.0,0
0.172,50,0,0.3531,4633.0,8,0,1,0,0.0,0
0.182,48,0,0.3495,,12,0,2,0,1.0,0
0.4458,51,0,0.2259,4359.0,16,0,4,0,0.0,0
0.0099,41,0,0.3572,,8,0,0,0,0.0,0
1.8635,56,1,0.7183,10445.0,5,1,1,0,0.0,0
0.2824,41,0,0.2594,5399.0,8,0,1,0,0.0,0
0.174,55,0,0.2054,5857.0,11,0,0,0,0.0,0
0.1593,58,0,0.5562,,7,0,1,0,2.0,0
1.6976,54,0,0.8042,8166.0,15,0,1,0,0.0,0
3.4654,45,0,0.7787,7580.0,6,0,2,0,2.0,0
0.7605,71,0,0.4265,3387.0,7,0,1,0,0.0,0
0.4869,28,0,0.4179,2892.0,9,0,0,0,0.0,0
0.9444,59,0,0.5454,,5,0,2,0,2.0,0
0.1108,76,0,0.5677,5952.0,8,0,2,0,0.0,0
0.2371,67,0,0.94,5735.0,4,0,1,0,1.0,0
0.6013,36,0,0.8373,2662.0,2,0,2,0,0.0,0
0.2151,42,0,0.0683,3405.0,5,0,0,0,1.0,0
0.3802,51,0,0.279,6333.0,11,0,1,0,1.0,0
0.4769,36,0,0.1578,3437.0,5,0,2,0,2.0,0
0.3496,42,1,0.9655,4045.0,8,0,1,0,0.0,0
0.1507,31,0,0.6058,,9,0,0,0,1.0,0
0.2425,61,0,0.3457,3449.0,14,0,1,0,2.0,0
1.284,67,0,0.6285,5638.0,7,0,0,0,1.0,0
0.3371,42,0,0.7963,,9,0,2,0,1.0,0
0.5671,47,0,0.2028,7832.0,12,0,2,0,0.0,0
1.4677,38,0,0.8491,,9,0,0,0,1.0,1
4.2506,60,0,0.1821,25084.0,2,0,0,0,0.0,0
0.0448,42,0,0.8708,9285.0,8,0,1,0,0.0,0
0.6384,39,2,0.7225,16148.0,11,0,2,0,2.0,0
0.6514,62,0,0.0939,,8,0,1,0,0.0,0
0.0721,69,0,0.2521,,9,0,1,0,1.0,0
0.5942,54,0,0.4835,3061.0,10,0,1,0,1.0,1
0.3919,28,0,0.1955,6875.0,10,0,1,0,1.0,0
1.3936,68,0,0.3773,3568.0,7,0,1,0,3.0,0
0.0705,29,0,0.1288,6745.0,6,0,0,0,1.0,0
0.2066,34,0,0.1109,7044.0,8,0,0,0,0.0,0
0.1251,46,0,0.3389,9224.0,12,0,3,0,0.0,0
1.095,56,0,0.6688,11928.0,8,0,0,0,0.0,0
1.2185,46,0,0.7023,9402.0,10,0,3,0,1.0,0
0.3561,70,0,0.5041,15703.0,5,0,1,0,2.0,0
0.3081,55,0,0.7355,3199.0,10,0,2,0,1.0,0
0.4213,53,0,0.3725,4602.0,13,0,0,0,0.0,0
0.3169,33,0,0.896,,12,0,0,0,0.0,0
0.4486,71,0,0.406,,12,0,2,0,1.0,1
1.3889,50,1,0.3726,,8,0,2,0,0.0,0
0.384,38,0,0.3832,2587.0,7,0,0,0,0.0,0
0.4705,43,0,0.1858,2593.0,9,0,0,0,1.0,0
0.5627,71,3,0.7715,5544.0,9,0,0,0,1.0,0
0.1892,55,0,0.6715,4118.0,10,0,1,0,0.0,0
0.023,49,0,0.3263,8119.0,9,0,0,0,0.0,0
0.0549,44,0,0.9205,2644.0,10,0,1,0,1.0,0
0.3788,59,0,0.2291,10590.0,6,0,1,0,1.0,0
0.1646,32,0,0.3766,2233.0,10,0,1,0,0.0,0
0.0805,54,0,0.4962,3671.0,6,0,0,0,0.0,0
0.076,45,0,0.677,2109.0,9,0,1,0,0.0,0
0.4123,32,0,0.4126,6490.0,7,0,0,0,1.0,0
0.3349,47,0,0.9939,18283.0,7,0,0,0,0.0,0
0.2344,31,0,0.6452,1799.0,7,0,1,0,2.0,0
0.9271,44,0,0.2994,3834.0,16,0,2,0,0.0,0
1.1602,21,3,0.3003,7140.0,8,0,1,0,0.0,0
0.0521,43,3,0.3672,8193.0,13,0,1,0,0.0,0
0.434,35,0,0.8762,4803.0,6,0,2,0,0.0,1
0.9271,51,0,0.3678,3051.0,11,0,2,0,2.0,0
0.2755,49,0,0.5028,2864.0,6,0,1,0,0.0,0
0.2641,56,0,0.2161,4204.0,15,0,0,0,0.0,0
0.1515,69,0,0.0915,,6,0,0,0,1.0,0
0.1356,69,0,0.5584,,12,0,1,0,1.0,0
0.0888,47,0,0.5033,16130.0,5,0,3,0,0.0,0
0.5512,52,0,0.2598,5345.0,14,0,0,0,1.0,0
0.2163,38,0,0.3578,9286.0,9,0,1,0,,0
0.3517,49,0,0.8774,,7,0,2,0,0.0,0
0.4339,71,0,0.1667,,6,0,1,0,0.0,0
5.9845,39,0,0.3387,4804.0,5,0,1,0,0.0,0
0.978,79,0,0.3567,,9,0,0,0,1.0,0
1.2904,24,0,0.5857,,11,0,1,0,0.0,1
0.431,54,0,0.3665,7094.0,7,0,1,0,0.0,0
0.8152,40,0,0.34,16896.0,8,0,1,0,1.0,0
0.2546,21,0,0.4033,2147.0,7,0,1,0,0.0,0
0.2419,65,0,0.8095,,4,0,1,0,2.0,0
0.18,53,0,0.7796,5130.0,6,0,0,0,0.0,0
1.2268,58,0,0.55,3273.0,6,0,0,0,0.0,0
0.5979,41,0,0.632,12943.0,7,0,2,0,0.0,0
0.4035,63,0,0.2167,7749.0,5,0,2,0,2.0,0
0.1087,46,2,0.3168,2074.0,12,0,1,0,2.0,0
2.1847,65,0,0.3896,4296.0,9,0,2,0,1.0,0
0.6004,45,0,0.3898,6532.0,13,0,3,0,1.0,1
0.1894,65,1,1.1749,5536.0,9,0,1,0,0.0,0
0.3118,58,0,0.2698,,3,0,0,0,0.0,0
1.1717,73,0,0.8563,,11,0,1,0,0.0,0
4.6484,58,0,0.7488,5879.0,6,0,2,0,1.0,0
0.0583,68,0,0.0735,7285.0,8,0,2,0,,0
0.3736,57,0,0.9197,13037.0,6,0,0,0,2.0,0
1.3294,65,0,0.2066,17102.0,5,0,1,0,1.0,0
0.0443,53,0,0.5254,3172.0,9,0,0,0,1.0,0
0.0955,53,0,0.2024,5772.0,8,0,0,0,0.0,0
2.5595,70,0,0.8624,7926.0,8,0,0,0,0.0,0
2.9054,53,0,0.6799,,15,0,1,0,1.0,0
0.1774,30,0,0.4105,9911.0,13,0,1,0,0.0,0
0.3022,57,0,0.3905,,6,0,3,0,2.0,0
0.3831,71,0,0.1112,3535.0,6,0,0,0,1.0,0
0.2456,53,0,0.3201,,6,0,1,0,2.0,0
0.2132,52,0,0.7983,8934.0,15,0,0,0,1.0,0
0.3611,45,0,0.1019,6928.0,5,0,2,0,1.0,0
1.1971,44,0,0.1995,8990.0,9,0,0,0,1.0,0
0.7656,40,0,0.4009,3459.0,7,0,3,0,0.0,0
0.0264,49,0,0.8369,4016.0,9,0,1,0,1.0,0
0.8024,33,0,0.2763,6993.0,10,0,1,0,0.0,0
0.0466,24,0,0.1086,7134.0,6,0,2,0,0.0,0
4.0933,51,0,0.4787,,9,0,0,0,0.0,0
0.0451,63,0,0.8541,4398.0,7,0,2,0,2.0,0
0.051,30,0,0.399,,5,0,1,0,1.0,0
0.0725,83,0,0.3185,7409.0,10,0,1,0,0.0,1
0.0537,65,0,0.4637,,10,0,0,0,0.0,0
5.1306,55,0,0.7201,,10,0,0,0,1.0,1
0.3828,74,2,0.4042,2390.0,10,0,1,0,1.0,0
0.4629,46,0,0.4561,6102.0,4,0,1,0,1.0,0
0.5131,52,0,0.6305,4185.0,9,0,1,0,2.0,0
0.2809,30,2,1.0664,,7,0,1,0,0.0,0
0.8583,54,0,0.3296,5756.0,5,0,0,0,1.0,0
0.5316,60,0,0.1301,,12,0,0,0,0.0,0
0.8678,48,0,0.1884,4113.0,8,0,1,1,1.0,0
0.8684,49,2,1.0694,,14,0,0,0,2.0,0
0.9314,36,0,0.0845,,5,0,0,0,0.0,0
0.0656,73,0,0.2013,4811.0,9,0,0,0,1.0,0
0.0041,27,0,0.5654,9598.0,8,0,0,0,1.0,0
0.6997,76,0,0.6261,18703.0,3,0,0,0,0.0,0
0.1495,41,0,0.8415,4501.0,7,0,3,0,3.0,0
0.1829,28,0,0.1242,,7,0,1,2,1.0,0
0.3801,49,0,0.1519,6482.0,4,0,1,0,1.0,0
0.3019,49,0,0.308,3373.0,9,0,1,0,0.0,0
0.5867,53,0,0.6455,9900.0,6,0,1,0,0.0,0
0.4108,43,0,0.1984,5230.0,11,0,1,0,1.0,0
0.0739,74,0,0.3527,2597.0,7,0,0,0,1.0,0
0.5654,61,0,0.8718,4253.0,9,0,1,0,2.0,0
0.1668,53,0,0.6124,3341.0,6,0,1,0,0.0,0
0.6316,48,0,0.1278,5301.0,12,0,1,0,2.0,0
0.1228,88,0,0.284,,6,0,1,0,3.0,0
0.637,48,0,0.5093,17791.0,10,0,2,0,0.0,0
0.3419,51,0,0.1232,4119.0,5,0,1,0,0.0,0
0.0684,46,0,0.7828,,7,0,2,0,1.0,0
0.3086,69,0,0.6051,2896.0,10,0,0,0,0.0,0
0.2037,53,4,0.7546,,8,1,1,0,0.0,0
0.1309,39,0,0.1138,6235.0,6,0,1,0,1.0,0
0.5899,59,0,0.2532,9338.0,4,0,0,0,0.0,0
0.1937,61,0,0.1626,3882.0,7,0,0,0,1.0,0
0.0848,43,0,0.2194,1517.0,6,0,5,0,0.0,0
0.0732,60,0,0.2363,2292.0,5,0,4,0,2.0,0
0.1629,82,0,0.4767,,1,0,1,0,1.0,0
0.3806,74,0,0.6075,,10,0,2,0,0.0,0
0.7494,69,0,0.4439,4485.0,8,0,0,0,1.0,0
1.3594,54,0,0.6163,4090.0,6,0,0,0,0.0,1
0.1775,53,0,0.3604,2992.0,8,0,0,0,2.0,0
0.1895,68,0,0.1349,4556.0,8,0,4,0,1.0,0
0.7681,27,0,0.2953,6676.0,9,0,1,0,1.0,0
0.7006,50,0,0.3583,,12,0,1,0,0.0,1
0.0126,42,0,0.4482,,10,0,0,0,1.0,0
2.1146,43,0,0.4173,3107.0,10,0,2,0,2.0,0
9.0816,57,0,0.8537,3837.0,9,0,1,0,2.0,0
0.0374,60,0,0.4775,,12,0,0,0,0.0,0
6.0695,41,0,0.1634,,2,0,1,0,,0
0.5264,29,0,0.6331,3987.0,12,0,0,0,0.0,0
0.3905,67,0,0.1765,6613.0,7,0,1,0,3.0,0
0.1016,56,0,0.3736,4481.0,14,0,1,0,0.0,0
0.2903,49,0,0.4156,5948.0,15,0,3,0,1.0,1
0.252,38,0,1.1018,8147.0,5,0,2,0,0.0,0
0.1839,57,0,0.5563,6748.0,6,0,0,0,1.0,0
0.6925,40,0,0.2927,,13,0,0,0,1.0,0
0.3261,45,0,0.5829,3771.0,10,0,3,0,,0
0.3584,64,0,0.3537,3136.0,12,0,1,0,1.0,0
0.4042,60,0,0.7986,1436.0,10,0,0,0,0.0,0
0.1629,58,0,0.7327,14955.0,8,0,2,0,1.0,0
0.0534,66,0,0.717,6328.0,8,0,3,0,2.0,0
0.0699,36,0,0.2658,5641.0,7,0,1,0,1.0,0
3.2627,65,1,0.1371,5583.0,7,0,0,0,1.0,0
0.3397,65,0,0.1459,8251.0,5,0,2,0,0.0,0
0.2528,69,0,0.6501,7020.0,7,0,1,0,0.0,0
0.784,57,0,0.5109,6820.0,5,0,3,0,2.0,0
0.3023,53,0,0.1561,,7,0,1,0,0.0,0
0.1578,60,0,0.1732,4370.0,8,0,1,0,0.0,0
0.6222,68,0,0.197,8148.0,5,0,1,0,0.0,0
0.0276,53,0,0.3448,2904.0,10,0,0,0,0.0,0
1.1843,65,0,0.4245,9153.0,7,0,0,0,1.0,0
0.5008,21,2,0.393,7927.0,12,1,3,0,0.0,0
0.1652,28,0,0.5047,,8,0,1,0,1.0,0
0.3065,66,0,1.1153,,6,0,3,0,0.0,0
0.0604,57,0,0.5344,3886.0,16,0,0,0,0.0,0
2.3865,58,0,1.0466,13939.0,9,0,2,0,,0
0.2329,46,0,0.4635,3491.0,5,0,2,0,1.0,0
0.2493,28,0,0.208,3664.0,11,0,0,0,1.0,0
0.5011,69,0,1.0133,5300.0,8,0,2,0,0.0,0
0.2299,62,0,0.9794,11232.0,8,0,2,0,1.0,0
0.0339,70,2,0.169,,7,0,1,1,0.0,0
0.3483,23,0,0.9016,1750.0,6,0,0,0,1.0,0
0.0633,67,0,0.7479,2613.0,6,0,0,0,0.0,0
0.2526,65,0,0.5277,12312.0,12,0,1,0,1.0,0
0.0616,60,0,0.8207,2643.0,7,0,3,0,3.0,0
0.8173,53,0,0.1903,,7,0,0,0,1.0,0
0.0906,43,0,0.4673,3153.0,8,0,1,0,1.0,0
0.4359,60,0,0.121,3424.0,6,0,1,0,0.0,0
0.3533,46,0,0.823,2625.0,7,0,2,0,0.0,0
1.5922,62,0,0.1115,5382.0,7,0,1,0,2.0,0
0.2931,46,0,0.6159,3200.0,10,0,1,0,2.0,0
0.6008,48,0,0.652,5884.0,6,0,2,0,0.0,0
2.3406,40,0,0.2963,9692.0,13,0,1,0,0.0,0
0.1575,52,0,0.8543,4857.0,6,0,1,0,1.0,0
3.4593,53,0,0.3213,1363.0,8,0,3,0,,0
2.4425,70,1,0.3485,3471.0,7,0,0,1,0.0,0
0.067,54,0,0.4358,4907.0,11,0,1,0,0.0,0
0.5526,21,0,0.4695,5742.0,8,0,0,0,0.0,0
2.8481,87,0,0.9184,2877.0,14,0,1,0,1.0,1
0.1011,44,0,0.5909,7552.0,11,0,0,0,,0
0.7395,29,0,0.1192,3633.0,8,0,0,0,2.0,0
0.0597,67,0,0.4234,12925.0,7,0,1,0,1.0,0
0.8482,64,0,0.4545,8586.0,3,0,1,0,1.0,0
0.0083,47,1,0.5988,5551.0,9,0,1,0,0.0,0
1.2599,35,0,0.5733,4437.0,6,0,0,0,1.0,0
0.4723,56,0,0.2886,6174.0,8,0,2,0,0.0,0
0.6895,46,0,0.8152,6958.0,9,0,1,0,1.0,0
0.6421,53,0,0.4756,,16,0,1,0,3.0,1
0.051,53,0,0.0267,4325.0,6,0,3,0,0.0,0
0.1287,25,0,0.5269,6934.0,6,0,0,0,2.0,0
0.2487,44,0,0.2532,7031.0,8,0,1,0,1.0,0
0.8491,46,1,0.1592,5791.0,7,0,2,2,1.0,0
0.8699,51,2,0.276,18947.0,4,0,0,0,1.0,0
0.7954,52,0,0.4718,,9,0,0,0,0.0,0
0.11,29,0,0.9825,,10,0,0,0,0.0,0
0.2142,43,0,0.803,6470.0,14,0,1,0,1.0,0
0.1654,48,0,0.1279,3821.0,4,0,0,0,0.0,0
0.1478,49,0,0.1069,3937.0,8,0,1,0,0.0,0
0.8167,67,2,0.4574,9809.0,7,0,1,0,2.0,0
0.0224,62,0,0.3147,5096.0,7,0,3,0,0.0,0
0.0629,91,0,0.1502,3380.0,10,0,2,0,0.0,0
0.4039,37,0,1.0016,3369.0,6,0,0,0,2.0,0
4.8268,65,1,0.2488,11521.0,9,0,1,1,0.0,0
1.0812,57,0,0.493,1395.0,11,0,0,0,,0
2.4366,48,0,0.5826,,6,0,1,0,0.0,0
0.5171,57,0,0.4384,4822.0,5,0,0,0,0.0,0
0.5612,69,0,0.4569,21186.0,6,0,1,0,2.0,0
0.3387,48,0,0.1102,3400.0,8,0,2,0,2.0,0
3.3895,66,0,0.9038,,5,0,0,0,2.0,0
0.0107,56,0,0.4543,3715.0,13,0,1,0,1.0,0
0.8977,53,0,0.4915,5123.0,6,0,1,0,0.0,0
0.2739,85,0,0.4475,3593.0,13,0,0,0,1.0,0
0.1041,39,0,0.2524,4856.0,6,0,1,0,0.0,0
0.5932,62,0,0.3237,7229.0,15,0,0,0,2.0,1
0.1313,68,0,0.2706,,6,0,0,0,0.0,0
0.3907,58,0,0.5707,3293.0,8,0,1,0,1.0,0
2.9441,48,0,0.1577,1898.0,3,0,0,0,0.0,0
0.0985,55,0,0.3908,3808.0,2,0,1,0,1.0,0
0.6293,33,0,0.396,2825.0,5,0,3,0,3.0,0
0.1725,40,0,0.1383,,9,0,0,0,1.0,0
0.7217,64,0,0.2368,4938.0,17,0,1,0,1.0,0
0.1602,44,0,0.1615,3115.0,9,0,0,0,1.0,0
0.4561,37,0,0.4749,7970.0,4,0,0,0,0.0,0
0.4959,57,0,0.2901,5290.0,5,0,1,0,1.0,0
1.8545,45,0,0.4485,4296.0,9,0,2,0,0.0,0
0.0822,59,0,0.1168,7317.0,5,0,0,0,0.0,0
0.1412,78,0,0.3855,6847.0,2,0,2,0,2.0,1
0.5001,50,0,0.3173,1936.0,8,0,0,0,0.0,0
0.5232,46,0,1.0204,5151.0,9,0,0,0,3.0,0
1.2771,37,3,0.635,,4,1,3,0,1.0,0
0.2096,41,0,0.368,4947.0,13,0,0,0,0.0,0
0.0277,46,0,0.5571,7348.0,8,0,1,0,2.0,0
0.2375,31,0,0.7343,2035.0,11,0,0,0,3.0,0
1.116,66,0,0.8745,,11,0,1,0,0.0,0
0.6315,48,0,0.1457,4454.0,8,0,0,0,0.0,0
0.4315,60,0,0.6417,,7,0,1,0,0.0,0
3.4569,58,0,0.3795,3314.0,5,0,0,0,3.0,0
0.522,59,1,0.193,2283.0,6,0,1,0,0.0,0
0.2933,49,0,0.2776,,1,0,0,0,0.0,0
0.705,64,0,0.4766,4798.0,5,0,1,0,0.0,0
0.1718,66,0,1.0677,4933.0,6,0,1,0,1.0,0
0.3124,55,0,0.7372,13807.0,7,0,1,0,1.0,0
0.1574,35,2,0.3776,4134.0,4,1,1,0,1.0,0
1.2788,70,0,0.4269,5056.0,4,0,1,0,0.0,0
0.5571,44,1,0.6978,,7,0,1,0,1.0,0
0.1748,66,0,0.5427,7567.0,12,0,0,0,0.0,0
3.5521,58,0,0.5119,3544.0,15,0,0,0,0.0,0
0.4153,39,0,0.2739,1842.0,6,0,1,0,2.0,0
0.7169,57,0,0.2025,13868.0,7,0,1,0,0.0,0
0.3964,45,0,0.2364,4765.0,15,0,1,0,0.0,0
0.2341,45,0,0.6994,2944.0,9,0,1,0,0.0,0
0.1947,71,0,0.2556,3330.0,5,0,3,0,0.0,0
0.6877,35,0,0.5557,,9,0,3,0,1.0,0
0.2613,54,0,1.0112,,4,0,0,0,1.0,0
0.1037,66,0,0.5697,4251.0,10,0,1,0,0.0,0
0.5232,53,0,0.5073,3627.0,7,0,0,0,1.0,0
0.238,40,0,0.2493,,8,0,0,0,2.0,0
0.5007,60,0,0.6053,6943.0,8,0,0,0,3.0,0
9.0082,45,0,0.3082,8987.0,6,0,0,0,2.0,0
0.2612,47,0,0.9164,5260.0,5,0,0,0,0.0,0
0.0005,23,0,0.1864,6113.0,10,0,1,0,,0
0.024,66,0,0.5004,14353.0,8,0,0,0,0.0,0
1.7427,61,0,0.1629,3326.0,6,0,0,0,1.0,0
0.2178,61,0,0.7028,6532.0,6,0,3,0,2.0,0
1.562,39,0,0.8973,4354.0,8,0,2,0,0.0,0
0.1596,36,0,0.1612,741.0,7,0,2,0,1.0,0
0.9068,59,0,0.0228,7234.0,11,0,4,0,1.0,0
0.1911,55,0,0.8773,6188.0,10,0,0,0,1.0,0
0.5879,79,0,0.4512,3134.0,9,0,2,0,1.0,0
3.4118,61,0,0.0709,,5,0,2,0,0.0,1
0.5846,40,0,0.4076,6540.0,5,0,1,0,0.0,0
1.3035,39,0,0.7882,,11,0,0,0,1.0,0
0.1914,56,0,0.5386,2697.0,5,0,2,0,0.0,0
0.6961,62,0,0.8162,9283.0,10,0,2,0,2.0,0
0.8533,68,0,0.4873,,7,0,0,0,1.0,0
0.1304,57,0,0.2263,7310.0,8,0,2,0,1.0,0
0.9823,43,0,0.5025,3985.0,6,0,1,0,,0
0.5023,46,0,0.8962,3031.0,7,0,1,0,0.0,0
0.6256,35,0,0.6451,,11,0,3,0,0.0,0
0.1179,69,0,0.3679,10269.0,11,0,0,0,0.0,0
0.0531,53,0,0.5819,8913.0,10,0,1,0,1.0,0
0.116,21,0,0.5481,6090.0,8,0,2,0,0.0,0
0.4381,60,0,0.5401,1569.0,6,0,2,0,0.0,0
0.4203,51,0,0.2521,16211.0,6,0,2,0,1.0,0
0.1367,45,0,0.4916,5180.0,6,0,1,0,2.0,0
1.336,56,0,0.4976,1986.0,12,0,2,0,1.0,1
0.5268,55,0,1.1354,2789.0,4,0,0,0,1.0,0
2.6293,62,0,0.3805,5345.0,8,0,0,0,0.0,0
0.1124,58,0,0.1796,,10,0,0,0,0.0,0
0.5529,57,0,0.0823,,9,0,1,0,,0
0.5697,46,0,0.2501,5867.0,10,0,3,0,1.0,0
0.4622,65,0,0.3511,5683.0,6,0,0,0,2.0,0
0.3512,24,0,0.5942,3166.0,12,0,2,0,1.0,0
1.7785,56,1,0.679,,5,0,3,0,0.0,0
0.0657,36,0,0.3786,6274.0,9,0,1,0,0.0,0
0.0417,49,0,0.1799,8099.0,6,0,0,0,1.0,0
0.8811,60,0,0.2188,8151.0,7,0,1,0,0.0,0
0.2949,47,0,0.235,,3,0,0,0,2.0,0
0.0812,49,0,0.2752,2785.0,10,0,0,0,0.0,0
0.8,64,0,0.0265,,13,0,1,0,0.0,0
0.7783,34,0,0.3431,,9,0,1,0,1.0,0
3.037,63,0,0.6869,3229.0,10,0,1,0,1.0,0
0.2224,49,0,0.4709,5779.0,8,0,0,0,0.0,0
2.0308,71,0,0.4884,5858.0,10,0,0,0,0.0,0
0.6075,41,0,0.4114,8239.0,7,0,0,0,1.0,0
0.0408,60,0,0.2126,3248.0,9,0,0,0,1.0,0
0.1471,58,0,0.0135,,11,0,0,0,3.0,0
0.2698,26,0,0.656,1108.0,10,0,3,0,1.0,0
0.2185,56,0,0.3869,6486.0,5,0,1,0,0.0,0
0.2807,61,0,0.718,3187.0,17,0,2,0,1.0,0
0.0098,45,0,0.4495,,9,0,2,0,1.0,0
0.9572,71,0,0.3989,5504.0,7,0,1,0,1.0,1
0.2695,34,0,0.2034,7665.0,8,0,0,0,0.0,0
0.6291,35,0,0.9237,8592.0,3,0,1,0,0.0,0
0.4392,43,0,0.4682,5928.0,13,0,1,0,0.0,0
0.3192,40,0,0.8212,4171.0,12,0,1,0,3.0,0
0.1515,56,0,0.5938,,10,0,0,0,1.0,0
0.2703,62,0,0.6063,,9,0,2,0,1.0,0
0.2201,35,0,0.8052,,9,0,1,0,1.0,0
0.7879,45,0,0.4427,9298.0,8,0,0,0,1.0,0
4.437,47,0,0.6713,,5,0,2,1,2.0,0
0.7352,58,0,0.8185,,5,0,0,0,1.0,0
0.3312,35,0,0.3634,6069.0,7,0,1,0,1.0,0
0.6682,34,0,0.4215,5503.0,4,0,2,0,0.0,0
0.3013,52,0,0.6417,6888.0,11,0,1,0,1.0,0
0.6071,55,0,0.4744,,8,0,1,0,0.0,0
0.2721,64,0,0.6684,4496.0,11,0,0,0,0.0,0
2.6909,86,1,0.5787,2211.0,6,0,1,1,0.0,0
0.8549,43,0,0.1925,,9,0,1,0,1.0,0
0.5356,41,0,0.3562,10665.0,8,0,2,0,0.0,0
0.0633,58,0,0.5308,3264.0,12,0,0,0,3.0,0
0.337,54,0,0.9814,7906.0,6,0,0,0,,0
0.3113,66,0,0.0544,4762.0,11,0,1,0,0.0,0
0.2459,46,0,0.5192,2018.0,8,0,1,0,0.0,0
0.2454,40,0,0.8507,8626.0,9,0,0,0,3.0,0
0.3804,63,0,0.5205,10034.0,11,0,2,0,0.0,0
0.0435,53,0,0.7367,7128.0,6,0,2,0,0.0,0
0.0077,67,0,0.2438,1468.0,6,0,2,0,1.0,0
0.5086,53,0,0.3181,12230.0,6,0,0,0,2.0,0
0.4015,54,0,0.8702,2924.0,4,0,1,0,0.0,0
0.2973,29,0,0.6817,17969.0,4,0,3,0,2.0,0
1.1292,41,0,0.6018,4413.0,5,0,3,0,0.0,0
0.3462,64,0,0.4467,3531.0,4,0,3,0,0.0,0
0.7206,82,0,0.153,8047.0,4,0,3,0,1.0,0
0.3046,73,0,0.1652,,8,0,0,0,2.0,0
0.122,76,0,0.6286,9680.0,11,0,1,0,1.0,0
0.1999,50,0,0.4495,3334.0,9,0,1,0,2.0,0
0.1023,58,0,0.1497,,12,0,2,0,0.0,0
0.2141,57,0,0.1098,1828.0,15,0,0,0,4.0,0
0.65,45,0,0.198,14139.0,12,0,2,0,0.0,0
3.6501,53,0,0.3377,3920.0,7,0,2,0,0.0,0
0.9551,56,2,0.0262,2660.0,6,0,2,0,1.0,0
0.0666,40,0,0.3055,10078.0,9,0,1,0,0.0,1
0.6993,58,0,1.0926,3156.0,10,0,0,0,0.0,0
0.7347,59,0,0.363,10132.0,8,0,1,0,0.0,0
0.0783,41,0,0.795,8202.0,6,0,1,0,2.0,0
0.1343,40,0,0.3269,6076.0,5,0,3,0,0.0,0
0.1867,51,0,0.461,5265.0,6,0,1,0,0.0,0
0.3586,55,0,0.1191,11676.0,11,0,2,0,0.0,0
1.7592,43,0,0.4718,11377.0,7,0,0,0,1.0,0
1.0325,72,0,0.4681,9692.0,6,0,4,0,0.0,0
0.7577,91,0,0.1844,16289.0,11,0,2,0,1.0,0
0.9404,95,0,0.2911,6040.0,4,0,0,0,1.0,0
0.4952,46,0,0.2338,,10,0,1,0,0.0,0
0.4803,45,0,0.2727,13292.0,8,0,1,0,1.0,0
0.3115,41,0,0.3793,4138.0,4,0,3,0,2.0,0
6.9573,65,1,0.6465,,5,1,1,0,0.0,0
0.3175,40,0,0.3046,2977.0,6,0,3,0,1.0,0
0.6128,60,0,0.4708,,4,0,1,0,0.0,0
2.0521,60,0,0.8539,3232.0,5,0,3,0,1.0,0
2.1618,68,0,1.1139,,7,0,1,0,0.0,0
0.1623,65,0,0.8404,1881.0,8,0,0,0,0.0,0
0.8222,57,0,0.4995,3557.0,11,0,2,0,0.0,0
0.8492,48,0,0.4261,7775.0,8,0,1,0,0.0,0
0.7053,64,0,0.4506,3859.0,11,0,1,0,0.0,0
0.0918,73,0,1.1002,5169.0,4,0,1,0,0.0,0
1.1182,55,0,0.4212,7438.0,9,0,2,0,1.0,0
0.3144,56,0,0.6934,5430.0,9,0,0,0,0.0,0
7.3338,33,0,0.9787,3795.0,12,0,2,0,0.0,0
0.0776,42,0,0.2773,,8,0,1,0,2.0,0
0.0594,43,0,0.6748,14303.0,13,0,1,0,2.0,0
0.3101,45,0,0.3258,,9,0,1,0,1.0,0
1.5757,76,0,1.0773,8671.0,5,0,1,0,0.0,0
0.5931,46,0,1.2396,2234.0,7,0,2,0,1.0,1
0.4366,55,0,0.6114,,9,0,1,0,0.0,0
0.6754,51,0,0.3976,10732.0,13,0,1,0,1.0,0
0.7712,61,0,0.3683,7765.0,9,0,0,0,0.0,0
0.0881,45,0,0.5465,5005.0,12,0,1,0,0.0,0
0.7203,32,0,0.1846,2245.0,9,0,0,0,1.0,0
0.4313,67,0,0.3584,10375.0,7,0,1,0,3.0,0
0.0732,57,0,0.5683,10453.0,8,0,2,0,0.0,0
0.2779,66,0,0.5484,6056.0,11,0,2,0,1.0,0
0.0554,68,0,0.4677,5685.0,7,0,3,0,0.0,0
0.5048,41,0,0.0832,3014.0,5,0,0,0,1.0,0
0.0398,56,0,0.7639,5366.0,10,0,1,0,2.0,0
0.3195,42,0,0.3669,,7,0,2,0,1.0,0
0.3082,21,0,0.6815,13429.0,7,0,1,0,0.0,0
0.6764,44,0,0.6782,8884.0,6,0,2,0,0.0,0
0.0126,42,0,0.471,8082.0,5,0,0,0,1.0,0
0.3315,63,0,0.4158,4719.0,7,0,2,0,2.0,0
0.7151,49,0,0.2399,7206.0,16,0,3,0,0.0,0
0.5099,61,0,0.1031,2148.0,10,0,2,0,0.0,0
1.0303,61,0,0.4647,4756.0,4,0,0,0,2.0,1
0.9059,36,0,0.4727,5992.0,7,0,0,0,1.0,0
0.4222,37,0,0.1128,4875.0,9,0,1,0,0.0,0
0.3648,58,0,0.1058,4314.0,5,0,1,0,1.0,0
0.8287,34,0,0.6132,9601.0,10,0,1,0,0.0,0
0.3947,41,0,0.447,9197.0,10,0,3,0,0.0,0
0.4342,68,0,0.391,,8,0,0,0,1.0,0
0.2073,50,0,0.7768,7108.0,8,0,2,0,2.0,0
0.7244,24,0,0.7898,,7,0,5,0,1.0,0
0.6931,32,0,0.3579,10751.0,12,0,2,0,0.0,0
2.9528,69,0,1.1276,6986.0,8,0,0,0,0.0,0
0.0388,61,0,0.6706,3634.0,11,0,0,0,2.0,0
0.251,45,0,0.4914,12202.0,12,0,2,0,0.0,0
1.9375,55,0,0.6465,,14,0,0,0,0.0,0
0.2157,65,0,0.5124,12894.0,5,0,2,0,1.0,0
0.0175,39,0,0.3914,6193.0,10,0,0,0,0.0,0
1.1668,59,0,0.391,42279.0,10,0,2,0,1.0,0
0.0694,40,0,0.0811,3646.0,10,0,0,0,2.0,0
1.5699,58,0,1.0346,4610.0,8,0,1,0,0.0,0
0.2362,67,0,0.7284,,9,0,0,0,1.0,0
0.5339,69,0,0.7446,13213.0,7,0,0,0,1.0,0
0.9583,49,0,0.3298,6273.0,5,0,1,0,1.0,0
0.4709,62,0,1.0541,9406.0,14,0,1,0,0.0,0
0.7843,59,0,0.635,8029.0,9,0,0,0,,0
1.0997,44,0,0.2953,5483.0,9,0,1,0,2.0,0
0.7422,34,0,0.6202,,11,0,0,0,1.0,1
1.1979,70,0,0.6377,2598.0,11,0,0,0,0.0,0
0.5244,52,0,0.3647,13821.0,8,0,0,0,1.0,0
0.4589,49,0,0.555,,9,0,0,0,1.0,0
0.1805,59,3,0.3585,5839.0,8,2,2,0,0.0,0
0.4293,82,0,0.7761,12378.0,5,0,1,0,1.0,0
0.1339,23,0,0.698,,7,0,0,0,1.0,0
0.2755,79,0,0.2216,,10,0,1,0,0.0,0
0.9323,50,0,0.6294,4314.0,9,0,1,0,2.0,1
3.6134,53,0,0.9367,10877.0,6,0,1,0,0.0,0
0.3766,38,0,0.1323,18345.0,11,0,2,0,2.0,0
2.2749,30,0,0.6957,2332.0,6,0,1,0,1.0,0
0.8552,58,0,1.2151,,7,0,1,0,1.0,1
0.6211,47,0,0.3575,,8,0,2,0,1.0,1
0.2342,44,0,0.148,,13,0,0,0,0.0,0
2.1444,40,1,0.2195,5125.0,10,1,1,0,0.0,0
0.0461,26,0,0.4836,5157.0,7,0,1,0,0.0,0
0.0858,50,0,0.3058,,6,0,2,0,0.0,0
0.195,54,0,0.0599,8639.0,5,0,1,0,2.0,0
0.6837,62,0,0.8067,4378.0,11,0,0,0,0.0,0
0.7687,55,0,1.3164,2893.0,12,0,0,0,0.0,1
0.1884,53,0,0.4094,4818.0,2,0,0,0,0.0,0
1.4652,37,0,0.7338,2734.0,9,0,0,0,2.0,0
0.2816,65,0,0.261,6243.0,10,0,4,0,0.0,0
0.0358,47,0,0.798,1484.0,8,0,0,0,1.0,0
2.0824,55,1,0.7731,6146.0,7,0,0,2,2.0,0
1.1078,42,0,0.6788,23590.0,10,0,0,0,1.0,0
0.2339,64,0,0.7358,7083.0,6,0,0,0,0.0,0
0.7596,69,0,0.7634,9464.0,8,0,0,0,1.0,0
0.1595,44,0,0.6855,6727.0,9,0,1,0,1.0,0
0.4892,75,0,0.5681,,4,0,1,0,0.0,1
1.423,66,0,0.8248,,5,0,2,0,3.0,0
0.9826,81,3,0.2875,3765.0,10,0,3,0,0.0,0
0.4375,71,0,0.5155,4016.0,8,0,1,0,1.0,1
0.4329,52,0,0.6932,6193.0,6,0,0,0,0.0,0
0.6292,35,0,0.448,2021.0,9,0,2,0,0.0,0
0.6666,58,0,0.5544,2649.0,9,0,1,0,1.0,0
0.4065,30,0,0.2996,,8,0,2,0,0.0,0
2.361,66,0,0.9098,1529.0,6,0,2,0,1.0,0
0.3396,56,0,0.5617,5328.0,9,0,1,0,1.0,0
0.5154,45,0,0.7612,6161.0,7,0,0,0,2.0,0
0.328,49,0,0.1769,3804.0,7,0,1,0,0.0,0
0.107,71,0,0.3218,,7,0,1,0,0.0,0
0.6515,58,0,1.3297,,6,0,1,0,0.0,0
0.046,52,0,0.5144,6934.0,6,0,4,0,1.0,0
1.0958,47,0,0.2781,3737.0,12,0,0,0,0.0,0
0.1908,55,0,0.4373,1050.0,7,0,1,0,1.0,0
0.0451,64,1,0.2643,,9,0,0,0,0.0,0
0.3363,60,0,0.7733,13771.0,5,0,2,0,1.0,0
2.7309,38,3,0.4166,2492.0,5,0,1,0,0.0,0
0.6332,60,0,0.6458,7679.0,10,0,2,0,0.0,0
0.3523,40,0,0.4867,2589.0,7,0,0,0,0.0,0
0.085,53,0,0.1673,4426.0,9,0,1,0,0.0,0
0.9649,25,0,0.2108,10787.0,7,0,3,0,0.0,1
3.91,48,0,0.9882,4292.0,5,0,2,0,0.0,0
0.7194,44,0,0.1691,6253.0,6,0,2,0,1.0,0
0.0058,36,0,0.3925,3624.0,15,0,1,0,0.0,0
0.2152,47,0,0.2717,3729.0,7,0,1,0,1.0,0
0.0317,65,0,0.311,,7,0,3,0,0.0,0
0.1723,42,0,0.4378,3014.0,5,0,0,0,1.0,0
0.3409,33,0,0.5731,9406.0,12,0,0,0,0.0,0
0.276,74,0,0.4159,11845.0,6,0,1,0,0.0,0
0.7677,47,0,0.4007,,8,0,2,0,0.0,0
0.3336,70,0,0.4603,17951.0,10,0,2,0,1.0,0
0.8382,39,0,0.1208,3693.0,5,0,0,0,0.0,0
0.5875,67,0,0.1763,16980.0,4,0,3,0,0.0,0
0.6659,64,0,0.5364,,8,0,1,0,0.0,0
0.8736,64,0,0.556,5206.0,13,0,0,0,0.0,0
0.0352,61,0,0.522,2358.0,6,0,2,0,0.0,0
0.2662,67,0,0.6798,8823.0,6,0,1,0,2.0,0
3.0608,51,0,0.3595,2382.0,4,0,0,0,3.0,0
0.3146,50,0,0.4577,,8,0,1,0,1.0,0
0.2819,63,0,0.4538,5562.0,4,0,1,0,0.0,0
0.9281,77,0,0.6348,,11,0,1,0,0.0,0
1.129,94,0,0.6284,3076.0,3,0,1,0,3.0,0
0.7072,55,0,0.8053,9552.0,5,0,1,0,1.0,0
0.8618,42,0,0.5502,7968.0,8,0,1,0,0.0,0
0.3975,51,0,0.8285,6403.0,8,0,0,0,0.0,0
5.442,42,0,0.6696,,7,0,3,0,0.0,0
5.6568,52,0,0.1865,2666.0,10,0,2,0,3.0,0
0.3559,52,0,0.1259,,7,0,0,0,0.0,0
0.3135,57,0,0.5249,3788.0,6,0,0,0,0.0,0
4.1463,58,3,1.1565,,6,0,1,1,0.0,0
0.0166,57,0,0.4792,2997.0,7,0,2,0,1.0,0
0.2072,33,0,0.4902,4852.0,10,0,2,0,0.0,0
1.2822,42,0,0.4644,3355.0,6,0,0,0,0.0,0
0.0508,38,0,0.8545,,7,0,0,0,0.0,0
0.5151,62,0,0.7447,6245.0,14,0,2,0,1.0,0
0.1138,26,0,0.6037,1260.0,6,0,1,0,0.0,0
0.3245,70,0,0.3589,5406.0,11,0,2,0,1.0,0
0.0241,61,0,0.6985,4650.0,5,0,1,0,1.0,0
0.2345,56,0,0.5086,3542.0,6,0,2,0,1.0,0
8.3258,37,0,1.0734,11071.0,6,0,2,0,2.0,0
1.4262,52,0,0.0152,3593.0,10,0,0,0,3.0,0
0.2011,31,0,0.2321,2309.0,3,0,2,0,1.0,0
0.3654,65,0,0.3974,10589.0,15,0,2,0,0.0,0
0.4335,53,0,0.5243,5805.0,14,0,1,0,0.0,0
0.1956,75,0,0.1647,10719.0,5,0,2,0,1.0,0
0.2022,73,0,0.6461,4709.0,10,0,1,0,0.0,0
0.4204,56,0,0.2858,3435.0,8,0,1,0,0.0,0
0.2709,64,0,0.22,16772.0,9,0,0,0,1.0,0
0.0304,76,0,0.3782,1860.0,10,0,2,0,0.0,0
0.441,32,0,0.2277,5686.0,5,0,0,0,2.0,0
0.295,49,0,0.9201,9584.0,5,0,1,0,0.0,0
0.0868,51,0,0.2273,,11,0,0,0,1.0,0
0.4339,64,0,0.5725,5019.0,10,0,2,0,0.0,0
0.5619,56,0,0.5762,3605.0,8,0,1,0,1.0,0
0.0782,55,0,1.4805,2611.0,5,0,0,0,1.0,0
0.7597,34,0,0.7957,10556.0,6,0,1,0,3.0,0
0.34,42,0,0.1685,7221.0,9,0,1,0,1.0,0
0.1361,62,1,0.5596,10306.0,9,0,0,0,1.0,0
0.5686,52,0,0.809,6243.0,4,0,2,0,1.0,0
0.0705,47,0,0.5082,6686.0,5,0,1,0,1.0,0
0.3991,49,0,0.896,,7,0,0,0,1.0,0
0.4365,65,0,0.1128,4552.0,4,0,1,0,0.0,1
0.1971,59,0,0.772,4793.0,12,0,0,0,1.0,0
0.6236,44,0,0.7756,10241.0,7,0,1,0,0.0,0
0.7183,80,0,0.3665,,11,0,0,0,1.0,0
1.1544,53,0,0.3673,2774.0,6,0,1,0,0.0,0
0.2907,43,0,0.3873,3094.0,8,0,2,0,1.0,0
0.195,42,0,0.3582,,7,0,1,0,1.0,0
0.2075,60,0,0.324,8195.0,12,0,0,0,1.0,0
0.8381,66,1,0.6676,4724.0,12,0,0,0,2.0,0
0.1806,71,0,0.1924,6499.0,4,0,1,0,0.0,0
0.0841,64,0,0.6609,1610.0,12,0,0,0,1.0,0
0.7935,58,1,0.3016,7897.0,9,0,3,0,1.0,0
0.8485,38,0,0.0872,7369.0,9,0,4,0,1.0,0
0.1123,66,0,0.2172,6937.0,6,0,1,0,0.0,0
0.62,56,0,0.6419,8584.0,8,0,4,0,0.0,0
0.5582,64,0,0.4154,,9,0,1,0,0.0,0
0.1601,56,0,0.0583,10985.0,9,0,0,0,0.0,0
0.4254,50,0,0.3458,8800.0,6,0,2,0,0.0,0
1.3643,51,0,0.922,7152.0,10,0,1,0,1.0,0
0.1673,57,0,0.7844,3268.0,10,0,0,0,1.0,0
0.0934,51,0,0.0796,4743.0,10,0,0,0,0.0,0
0.1039,32,0,0.6495,4339.0,7,0,0,0,0.0,0
0.0546,80,2,0.4719,6170.0,4,0,0,0,0.0,0
0.8797,40,2,0.5795,1298.0,4,0,1,1,0.0,0
0.3981,27,0,0.7794,3243.0,8,0,0,0,2.0,0
0.4762,45,0,0.2413,10778.0,13,0,2,0,1.0,0
0.4488,37,0,0.7796,15823.0,11,0,0,0,1.0,0
0.6372,93,0,0.5741,25848.0,8,0,0,0,0.0,0
0.4113,50,0,0.8372,,5,0,2,0,2.0,0
0.478,65,0,0.7181,14185.0,10,0,1,0,0.0,0
0.6387,54,0,0.4123,3517.0,10,0,1,0,1.0,0
1.1124,21,0,0.2475,2430.0,8,0,3,0,1.0,0
0.145,67,0,0.1899,4413.0,12,0,1,0,1.0,0
0.2844,36,0,0.2774,1268.0,8,0,1,0,2.0,0
0.404,59,0,0.4019,3461.0,9,0,1,0,0.0,0
0.1121,31,0,0.9744,5119.0,5,0,0,0,1.0,0
0.5315,55,0,0.7008,,8,0,0,0,0.0,0
0.4288,50,0,0.1421,6798.0,10,0,3,0,1.0,0
0.728,49,1,0.3329,5542.0,10,0,0,0,0.0,0
0.5887,52,0,0.1214,13453.0,7,0,0,0,0.0,0
0.245,44,0,0.6058,2622.0,8,0,5,0,0.0,0
0.0826,21,0,0.5716,6348.0,7,0,1,0,2.0,0
0.7065,63,0,0.1735,6020.0,10,0,0,0,1.0,0
1.117,68,0,0.4491,4678.0,10,0,0,0,2.0,0
5.2678,56,0,0.4079,,14,0,0,0,0.0,0
0.1207,31,0,0.1657,2524.0,9,0,1,0,0.0,0
0.1751,46,0,0.1504,3284.0,4,0,2,0,1.0,0
0.0455,55,0,0.7747,,10,0,3,0,1.0,0
0.2046,38,0,1.046,,12,0,4,0,0.0,0
0.1051,60,0,0.1433,1613.0,12,0,0,0,1.0,0
0.0562,65,0,0.1298,3062.0,6,0,1,0,0.0,0
0.262,42,0,0.8063,13586.0,6,0,1,0,1.0,0
0.0502,69,0,0.3513,12707.0,11,0,0,0,1.0,0
0.0962,44,0,1.0315,9194.0,5,0,0,0,0.0,0
1.5831,50,0,0.4921,2874.0,10,1,2,0,3.0,0
0.4455,52,0,0.3608,5250.0,5,0,0,0,1.0,0
0.4212,68,0,0.2833,3484.0,7,0,2,0,1.0,0
0.235,49,0,0.2984,3445.0,6,0,1,0,0.0,0
0.4252,71,0,0.948,5236.0,16,0,0,0,0.0,1
1.962,40,2,0.2325,6166.0,11,1,1,0,1.0,0
0.428,84,0,0.18,5343.0,7,0,2,0,0.0,0
0.0761,33,0,0.5855,1240.0,8,0,0,0,0.0,0
0.5419,60,0,0.2154,4129.0,5,0,3,0,,0
0.8739,46,0,0.3989,17423.0,11,0,0,0,2.0,0
0.0109,21,0,0.5643,,9,0,0,0,,0
2.371,58,0,0.4609,1972.0,5,0,0,0,0.0,0
3.5725,60,0,0.1873,5666.0,11,0,1,0,1.0,0
0.3067,66,0,0.3434,6484.0,8,0,0,0,2.0,0
0.2798,45,0,0.4274,5657.0,11,0,1,0,3.0,0
0.0946,54,1,0.1506,1069.0,8,0,0,0,1.0,0
0.5143,63,0,0.7565,5586.0,9,0,0,0,1.0,0
0.6483,49,0,0.9642,6127.0,2,0,2,0,0.0,0
0.8736,45,0,0.1521,1445.0,10,0,1,0,1.0,0
0.1681,55,0,0.3259,2693.0,7,0,0,0,0.0,0
0.4098,74,0,0.2391,6891.0,4,0,0,0,1.0,0
0.1371,44,0,0.4142,2678.0,8,0,0,0,1.0,0
0.4499,49,0,0.1086,10661.0,8,0,0,0,1.0,0
0.2991,38,0,0.7565,6764.0,6,0,2,0,0.0,0
0.4902,54,1,0.5208,8022.0,13,0,2,0,3.0,0
0.3412,66,0,0.6132,3212.0,13,0,3,0,4.0,0
0.0571,30,0,0.3589,6805.0,9,0,1,0,0.0,0
0.1203,48,0,0.3482,,11,0,1,0,1.0,0
1.4246,66,0,0.7026,6353.0,4,0,1,0,0.0,0
0.3644,45,0,0.7775,13932.0,6,0,2,0,2.0,0
0.5075,43,0,0.6921,2398.0,8,0,0,0,0.0,0
0.8569,44,2,0.7367,4796.0,8,0,0,0,2.0,0
0.2024,61,1,1.0712,2854.0,7,0,0,0,2.0,0
0.1851,54,0,0.0792,,4,0,0,0,3.0,0
0.4577,68,0,0.1047,14369.0,9,0,0,0,2.0,0
0.297,46,0,0.2131,3182.0,8,0,0,0,1.0,0
2.5593,53,0,0.4258,6214.0,13,0,3,0,2.0,0
0.9622,51,0,0.532,6511.0,9,0,2,0,,0
0.098,58,0,0.6739,,10,0,0,0,1.0,0
0.0026,30,0,0.1301,10867.0,7,0,0,0,1.0,0
0.7864,53,0,0.7762,2535.0,6,0,0,0,2.0,0
0.1708,58,0,0.6103,5025.0,9,0,1,0,,0
0.2973,21,0,0.0994,6510.0,11,0,1,0,0.0,0
0.3776,44,0,0.9276,3101.0,8,0,0,0,1.0,0
0.1175,52,1,0.6313,4185.0,11,1,0,0,0.0,0
0.0059,59,0,0.2323,8329.0,7,0,1,0,0.0,0
0.2421,71,0,0.9756,,8,0,1,0,0.0,0
0.1399,84,0,0.14,4593.0,6,0,0,0,0.0,0
0.1804,55,0,0.1834,2512.0,10,0,3,0,2.0,0
0.6648,61,0,0.5464,9552.0,5,0,0,0,0.0,0
0.1434,49,0,1.0851,4103.0,8,0,2,0,0.0,0
0.1944,63,0,0.7817,4637.0,4,0,1,0,1.0,0
0.2246,51,0,0.2323,8066.0,6,0,1,0,1.0,0
0.0295,80,0,0.3465,,11,0,1,0,1.0,0
0.7349,73,0,0.3634,,9,0,1,0,0.0,0
2.0048,55,0,0.7634,6556.0,5,0,2,0,0.0,0
0.2272,47,0,0.9719,6587.0,6,0,2,0,2.0,0
0.2107,55,0,1.0777,9870.0,7,0,1,0,1.0,0
0.3754,46,0,0.337,6678.0,7,0,1,0,0.0,0
0.3667,55,0,0.9142,7325.0,16,0,3,0,0.0,0
0.1785,36,0,0.2544,7251.0,10,0,2,0,0.0,0
1.1578,72,0,0.4334,3841.0,3,0,1,0,0.0,1
0.1696,44,0,1.2274,,11,0,0,0,1.0,0
0.0419,62,0,0.5934,2273.0,6,0,1,0,1.0,0
1.9682,21,1,0.1672,3770.0,15,1,1,0,1.0,0
0.2708,41,0,0.711,3539.0,8,0,1,0,0.0,0
0.3444,77,0,0.3705,4748.0,10,0,1,0,0.0,0
3.8758,58,0,0.6849,,14,0,1,0,1.0,0
0.3046,76,0,0.4139,17545.0,9,0,0,0,0.0,0
0.1004,52,0,0.6806,,7,0,1,0,2.0,0
0.7966,48,0,0.5009,2201.0,8,0,1,0,3.0,0
0.0254,66,0,0.6406,15686.0,9,0,0,0,0.0,0
0.5216,55,0,0.5508,2387.0,8,0,1,0,0.0,0
0.4548,51,0,0.1431,4936.0,3,0,2,0,0.0,0
0.6762,77,0,0.2738,14642.0,3,0,0,0,1.0,0
0.0607,76,0,0.6486,10440.0,11,0,2,0,,0
0.3977,73,0,0.3959,7278.0,10,0,1,0,0.0,0
6.0737,46,0,0.3517,7493.0,6,0,1,0,0.0,0
0.3581,21,0,0.695,3519.0,6,0,1,0,0.0,0
0.4577,43,0,0.3414,2424.0,9,0,2,0,0.0,0
0.3476,50,0,0.3775,4778.0,9,0,0,0,1.0,0
0.0673,41,0,0.7055,,4,0,2,0,0.0,0
0.4201,45,0,0.8013,14287.0,4,0,0,0,1.0,0
0.5021,63,0,0.2185,3649.0,6,0,1,0,3.0,0
0.2312,35,0,0.1912,5509.0,8,0,1,0,0.0,0
0.4709,38,2,0.0906,6429.0,12,0,2,0,1.0,0
0.2305,47,0,0.5276,4757.0,10,0,1,0,1.0,0
0.3891,52,0,0.1537,3860.0,6,0,1,0,1.0,0
0.2238,79,0,0.6397,2347.0,8,0,0,0,0.0,0
3.6231,46,0,0.7489,,11,0,0,0,1.0,0
0.1952,72,0,0.4174,3996.0,5,0,2,0,2.0,0
0.6949,52,0,0.5078,4555.0,8,0,0,0,0.0,0
0.7892,60,0,0.5583,2399.0,8,0,0,0,1.0,0
0.276,65,0,0.1896,7568.0,11,0,0,0,0.0,0
0.515,86,0,0.1093,5343.0,16,0,0,0,1.0,0
2.0587,41,0,0.7166,1561.0,8,0,0,0,0.0,0
0.2506,58,0,0.2246,4783.0,9,0,1,0,1.0,0
0.0725,63,0,0.5414,8046.0,7,0,2,0,1.0,0
0.1748,34,0,0.1945,6979.0,9,0,1,0,1.0,0
0.1292,30,2,0.3603,2532.0,4,0,0,0,,0
0.1041,28,0,1.1028,3519.0,9,0,1,0,1.0,0
0.4592,24,0,0.5613,2137.0,7,0,1,0,1.0,0
0.5701,42,0,0.5674,7033.0,5,0,2,0,1.0,0
2.9808,62,0,0.3742,4101.0,10,0,2,0,2.0,0
0.6811,44,0,0.6267,4250.0,9,0,1,0,3.0,0
0.0399,49,0,0.7355,12850.0,12,0,1,0,1.0,0
1.637,46,0,0.4228,2843.0,7,0,1,0,0.0,0
0.58,64,0,0.58,4661.0,6,0,1,0,0.0,0
0.3874,62,0,0.7633,4550.0,9,0,0,0,,0
8.0738,57,0,0.5707,6658.0,7,0,1,0,2.0,0
0.5683,73,0,0.451,10559.0,5,0,0,0,2.0,0
0.0829,49,0,0.7637,,11,0,1,0,0.0,0
0.6851,60,0,0.4473,2856.0,5,0,0,0,0.0,0
0.4032,46,0,0.5001,2709.0,6,0,1,0,1.0,0
0.2673,36,0,0.4624,,9,0,1,0,0.0,0
2.4076,59,0,0.4832,,6,0,1,0,0.0,0
0.7863,52,0,0.9326,5401.0,5,0,1,0,3.0,0
0.7439,49,0,0.3273,5515.0,11,0,2,0,0.0,0
0.2669,56,0,0.4069,6791.0,7,0,0,0,4.0,0
0.0863,55,0,0.5821,5106.0,8,0,1,0,1.0,0
0.0539,50,0,0.7726,,8,0,0,0,1.0,0
0.6626,25,0,0.3421,2934.0,10,0,1,0,1.0,0
4.1243,41,0,0.7732,9991.0,6,0,0,0,0.0,0
0.7423,50,0,0.1642,9207.0,5,0,2,0,3.0,1
0.2469,55,0,0.1481,,6,0,0,0,0.0,0
0.2487,55,0,0.071,,6,0,1,0,0.0,0
0.1597,38,0,0.2688,6050.0,6,0,2,0,1.0,0
1.3723,48,0,0.1973,,8,0,0,0,0.0,0
0.5418,21,0,0.1762,10817.0,7,0,1,0,1.0,0
0.2048,57,0,0.4752,4785.0,5,0,3,0,1.0,0
0.5213,65,0,0.2666,8991.0,5,0,0,0,1.0,0
1.6148,70,0,0.2625,13797.0,8,0,0,0,1.0,0
0.2014,36,0,0.9832,5230.0,6,0,0,0,0.0,0
0.2881,37,0,0.5,2907.0,9,0,0,0,0.0,0
0.7378,66,0,0.9255,5991.0,4,0,1,0,2.0,0
0.5907,69,0,0.6875,2412.0,9,0,2,0,1.0,0
3.1677,48,0,0.1134,,10,0,1,0,1.0,0
0.5375,54,0,0.3295,2386.0,6,0,2,0,0.0,0
0.7583,60,0,0.8374,2795.0,7,0,0,0,0.0,0
0.6148,34,0,0.6771,6589.0,8,0,0,0,0.0,0
1.1027,60,0,0.3534,6194.0,5,0,2,0,1.0,0
0.472,66,0,0.1294,7092.0,14,0,1,0,0.0,0
6.6649,49,0,0.3197,5718.0,12,0,1,0,1.0,0
1.6318,76,0,0.7304,8619.0,9,0,1,0,0.0,0
0.18,48,0,0.7839,,10,0,1,0,0.0,0
0.044,28,0,0.1688,,15,0,2,0,2.0,0
0.1114,51,0,0.5948,4864.0,5,0,2,0,2.0,0
0.3847,33,0,0.307,,8,0,1,0,,0
0.6928,58,2,0.45,4391.0,7,0,2,0,0.0,0
1.5989,67,0,0.3299,11844.0,4,0,0,0,2.0,0
0.1514,36,0,0.7348,8267.0,10,0,2,0,2.0,0
0.2451,63,0,0.7634,,9,0,1,0,,0
0.7993,61,0,0.5549,,7,0,1,0,2.0,0
4.9155,42,0,0.1744,1743.0,7,0,1,0,0.0,0
0.6317,49,0,0.7708,,5,0,1,0,1.0,1
0.5664,54,0,0.7592,2455.0,8,0,0,0,1.0,0
0.4089,54,0,0.5567,,7,0,1,0,0.0,0
1.1634,47,0,0.7017,3465.0,8,0,1,0,1.0,0
0.8417,43,0,0.2829,7336.0,8,0,1,0,0.0,0
0.2464,35,0,0.5559,,9,0,2,0,3.0,0
0.1958,39,0,0.4451,7083.0,8,0,1,0,,0
1.905,44,0,0.4291,17340.0,7,0,0,0,0.0,0
0.6764,64,0,0.9606,,7,0,0,0,1.0,1
2.1012,27,0,0.5003,5724.0,5,0,2,0,1.0,1
0.514,51,0,0.1927,3666.0,7,0,1,0,1.0,0
2.4522,72,0,0.3642,13136.0,13,0,2,0,2.0,0
0.197,21,0,0.11,6217.0,8,0,2,0,1.0,0
0.6956,56,0,0.3637,9564.0,11,0,1,0,1.0,0
0.3933,46,0,0.4138,2128.0,12,0,0,0,1.0,0
0.1313,52,0,0.2392,,5,0,1,0,0.0,0
0.353,51,0,0.6307,11373.0,10,0,1,0,0.0,0
0.3662,69,0,0.2518,7611.0,10,0,4,0,0.0,0
0.0264,46,0,0.5546,11010.0,5,0,1,0,0.0,0
0.2333,48,0,0.1728,8628.0,8,0,0,0,2.0,0
6.1553,46,2,0.3912,2204.0,4,0,2,0,0.0,0
0.4018,59,0,0.147,,12,0,2,0,0.0,0
0.2412,47,0,0.2265,11274.0,6,0,2,0,1.0,0
0.4063,55,0,0.6141,3963.0,6,0,0,0,1.0,0
0.4982,63,0,0.3426,10269.0,5,0,1,0,1.0,0
0.7727,50,0,0.1653,1566.0,6,0,2,0,0.0,0
0.0643,40,3,0.4914,,11,0,1,1,1.0,0
0.118,21,0,0.4492,4401.0,11,0,1,0,0.0,0
0.7258,70,0,0.0554,5305.0,7,0,3,0,0.0,1
0.9381,61,0,0.7586,8438.0,6,0,0,0,0.0,0
0.4172,38,0,0.5754,2851.0,9,0,0,0,0.0,0
0.8479,49,0,1.4092,15604.0,8,0,2,0,0.0,0
2.361,79,0,0.1795,3082.0,6,0,1,0,1.0,0
3.9667,40,0,0.4873,2707.0,10,0,2,0,0.0,0
1.6257,66,0,0.3484,6006.0,5,0,1,0,0.0,0
0.5935,75,0,0.7947,,8,0,1,0,1.0,1
0.7845,47,0,0.2249,,6,0,3,0,1.0,0
2.0859,37,0,0.7769,12987.0,9,0,1,0,0.0,0
0.2862,55,0,0.2321,10055.0,10,0,0,0,1.0,1
0.5553,48,0,0.6057,4627.0,5,0,2,0,1.0,0
0.2671,56,0,0.3517,1188.0,5,0,0,0,1.0,0
0.051,44,0,0.2063,,5,0,0,0,0.0,0
0.0746,44,0,0.3462,4740.0,11,0,0,0,3.0,0
0.1298,60,1,0.5968,3280.0,8,0,0,0,1.0,0
0.0062,24,0,0.5058,3725.0,10,0,2,0,0.0,0
0.213,56,0,0.0758,8485.0,11,0,1,0,0.0,0
0.3087,43,0,0.1159,1131.0,6,0,0,0,1.0,0
0.2392,53,0,0.2919,,12,0,1,0,1.0,0
0.6834,29,0,0.294,9056.0,9,0,1,0,0.0,0
0.1036,79,0,0.6747,13043.0,6,0,1,0,0.0,0
0.53,55,0,0.5144,7719.0,5,0,2,0,0.0,0
0.6407,66,0,0.5964,,9,0,0,0,0.0,0
0.0081,37,0,0.1642,9595.0,9,0,1,0,3.0,0
0.442,43,0,0.0861,,6,0,0,0,0.0,0
0.0245,53,0,0.874,,7,0,1,0,2.0,0
0.1568,52,1,0.3451,5896.0,9,0,0,0,3.0,0
0.7598,57,0,0.4076,2815.0,9,0,0,0,3.0,0
0.4534,51,0,0.6549,3845.0,2,0,2,0,2.0,0
0.3765,51,0,0.8895,1353.0,9,0,1,0,1.0,0
0.0356,53,0,0.6402,3349.0,10,0,1,0,0.0,0
0.3079,50,0,0.2345,4757.0,5,0,2,0,,0
0.6031,47,0,0.5577,11142.0,11,0,2,0,3.0,0
0.3824,44,0,1.2164,1399.0,12,0,0,0,3.0,1
1.64,65,0,0.4112,7026.0,2,0,1,0,0.0,0
0.4281,39,0,0.3013,7413.0,9,0,2,0,2.0,0
0.2144,35,0,0.5871,3102.0,8,0,0,0,0.0,0
0.4481,52,0,0.5756,6178.0,5,0,0,0,1.0,0
0.0626,59,0,0.2364,13541.0,8,0,2,0,2.0,0
0.4005,95,0,1.0277,,4,0,0,0,1.0,0
0.3961,43,0,0.2302,8504.0,7,0,2,0,0.0,0
0.0106,54,0,0.0101,8309.0,13,0,2,0,0.0,0
0.9225,46,0,0.2096,4595.0,7,0,0,0,0.0,0
0.5397,53,0,0.6262,7277.0,9,0,2,0,0.0,0
0.0583,61,0,0.4192,6711.0,9,0,1,0,1.0,0
0.1218,41,0,0.1356,10497.0,7,0,1,0,1.0,0
0.0024,57,0,0.2622,2459.0,7,0,0,0,1.0,0
2.7857,41,1,0.3623,,7,0,0,1,0.0,0
0.4075,46,0,0.7091,,9,0,1,0,0.0,0
0.4283,64,0,0.3938,,9,0,1,0,1.0,0
0.8591,47,0,0.1903,5281.0,9,0,0,0,1.0,0
0.042,50,0,0.9938,4795.0,4,0,0,0,0.0,0
6.0605,67,2,0.4046,4898.0,7,0,3,0,1.0,0
0.6019,82,0,0.5029,9688.0,14,0,0,0,1.0,0
0.2061,67,0,0.1815,20978.0,11,0,0,0,2.0,0
1.2197,52,1,0.356,2360.0,9,0,2,0,0.0,0
0.3017,41,0,0.4484,,7,0,0,0,5.0,0
0.2982,41,0,0.3275,8570.0,5,0,0,0,1.0,0
0.328,37,0,0.2653,6206.0,7,0,1,0,1.0,0
0.1575,42,0,0.5031,15042.0,6,0,0,0,2.0,0
0.5166,51,0,0.8173,8456.0,9,0,2,0,2.0,0
0.3824,49,0,0.2495,13945.0,11,0,1,0,1.0,0
0.2176,48,0,0.8878,,3,0,0,0,2.0,0
0.0258,58,0,0.5176,2703.0,7,0,1,0,0.0,0
0.3599,59,0,0.13,,8,0,1,0,1.0,0
0.5836,55,0,0.4403,4737.0,12,0,0,0,0.0,0
0.2259,60,0,0.3713,,14,0,0,0,0.0,0
0.4681,93,0,0.1497,,9,0,1,0,0.0,0
0.5076,60,0,0.4535,,14,0,1,0,1.0,0
7.1486,67,0,0.5065,6512.0,7,0,1,0,1.0,0
0.1562,63,0,0.7056,1972.0,8,0,1,0,1.0,0
0.0759,48,3,0.0668,12579.0,11,1,1,1,0.0,0
0.5989,65,0,0.6937,3694.0,13,0,2,0,0.0,1
0.3814,43,0,0.8453,15906.0,7,0,1,0,1.0,0
0.0021,36,0,0.454,3715.0,8,0,1,0,1.0,0
3.3847,67,1,0.0803,13079.0,8,2,0,2,1.0,0
0.2645,82,0,0.6671,5631.0,9,0,2,0,1.0,0
0.7083,46,0,0.3711,6373.0,11,0,0,0,1.0,0
4.3379,61,0,0.3857,7727.0,7,0,1,0,2.0,0
0.021,33,0,0.9557,6834.0,12,0,1,0,0.0,0
0.3961,78,0,0.1215,7283.0,6,0,0,0,0.0,0
0.6748,48,0,0.6949,6837.0,6,0,2,0,1.0,0
0.2227,56,0,0.0585,5573.0,10,0,0,0,1.0,0
0.7425,49,0,0.1981,,5,0,1,0,0.0,0
0.398,51,0,0.5617,3928.0,6,0,2,0,1.0,0
0.8034,31,0,0.2725,5573.0,14,0,0,0,2.0,0
0.2783,40,0,0.702,,10,0,2,0,1.0,0
0.7776,52,0,0.9924,6235.0,9,0,0,0,1.0,0
0.3127,57,0,0.1693,6486.0,8,0,2,0,,0
0.5624,67,0,0.8679,5334.0,12,0,0,0,0.0,0
2.8313,53,0,0.8288,6046.0,8,0,2,0,2.0,0
1.0317,85,0,0.9715,,11,0,4,0,1.0,1
3.6389,60,0,0.1961,4101.0,3,0,0,0,0.0,0
0.1486,62,0,0.2639,4820.0,7,0,0,0,0.0,0
3.4231,42,0,0.4894,1862.0,12,0,0,0,1.0,0
0.2378,67,0,0.2848,7348.0,11,0,2,0,1.0,0
0.753,60,0,0.4625,3697.0,4,0,1,0,0.0,0
0.1373,73,0,0.9076,6711.0,8,0,2,0,0.0,0
0.2118,33,0,0.5129,6170.0,7,0,1,0,1.0,0
0.1061,21,0,0.4611,7262.0,8,0,1,0,0.0,0
3.5039,53,0,0.7199,3363.0,6,0,0,0,1.0,1
0.2329,62,0,0.907,3731.0,5,0,0,0,1.0,0
1.1963,65,0,0.1641,2157.0,10,0,0,0,4.0,0
0.8067,53,0,0.4155,4884.0,12,0,0,0,2.0,0
1.6558,83,0,0.2629,7162.0,10,0,3,0,0.0,0
0.0884,50,0,0.6374,6588.0,9,0,0,0,0.0,0
0.0485,52,0,0.2671,,9,0,0,0,0.0,0
0.7305,57,1,0.6564,,6,0,0,0,2.0,0
0.319,38,0,0.5481,,7,0,1,0,0.0,0
0.1439,52,0,0.1192,,10,0,1,0,2.0,0
0.0193,44,0,0.2889,,5,0,1,0,0.0,0
0.3991,61,0,0.4035,10094.0,8,0,3,0,0.0,0
0.2297,49,0,0.7066,6915.0,6,0,1,0,0.0,0
4.6747,50,0,0.6846,2033.0,9,0,0,0,1.0,0
0.4411,48,0,0.3597,,7,0,2,0,1.0,0
0.4188,58,0,0.0864,5456.0,11,0,1,0,2.0,0
0.0117,71,0,0.5284,5100.0,7,0,2,0,1.0,0
0.1887,41,0,0.0249,,9,0,0,0,0.0,0
0.4723,53,0,0.1393,12527.0,12,0,0,0,0.0,0
0.1613,63,0,0.1616,,1,0,5,0,2.0,0
0.0618,58,0,0.3303,,5,0,0,0,0.0,0
4.0215,73,0,0.9811,,9,0,1,0,0.0,1
0.1776,24,0,0.7438,6074.0,9,0,3,0,2.0,0
0.7383,43,0,0.767,,9,0,1,0,2.0,0
0.2243,51,0,0.3731,11602.0,8,0,1,0,0.0,0
0.0513,59,0,0.0579,,11,0,1,0,2.0,0
0.2544,49,0,0.2943,4583.0,7,0,2,0,0.0,0
0.0429,48,0,0.8238,,6,0,1,0,1.0,0
0.0115,50,1,0.3693,3990.0,7,0,1,1,2.0,0
0.9017,48,0,0.3977,9130.0,8,0,1,0,0.0,0
0.131,70,0,0.2597,,9,0,0,0,3.0,0
0.0413,57,0,0.2187,2662.0,5,0,1,0,0.0,0
0.4418,50,0,0.5637,2093.0,5,0,2,0,1.0,1
0.0955,57,0,0.2658,3957.0,5,0,0,0,0.0,0
0.3712,34,0,0.516,8745.0,7,0,1,0,2.0,0
0.355,44,0,0.2516,,4,0,1,0,0.0,0
0.2413,45,0,0.709,1531.0,2,0,2,0,0.0,0
0.5326,68,0,0.898,11293.0,7,0,0,0,0.0,0
4.6047,72,2,0.1341,4843.0,2,1,0,0,0.0,0
0.4321,43,0,0.7233,7928.0,3,0,1,0,1.0,0
0.5572,69,0,0.1926,4188.0,6,0,0,0,0.0,0
0.5348,55,0,0.3841,7439.0,9,0,4,0,1.0,0
1.3646,49,0,0.6603,,4,0,1,0,0.0,0
0.1379,45,0,0.2926,,6,0,1,0,,0
0.0096,49,0,0.2295,7170.0,6,0,0,0,0.0,0
2.3492,50,1,0.3932,2416.0,9,0,2,0,2.0,0
0.3916,33,0,0.1796,4077.0,9,0,0,0,2.0,0
0.118,49,0,0.257,,12,0,1,0,1.0,0
0.0944,53,0,0.2721,,5,0,1,0,0.0,0
5.446,34,0,0.6865,,14,0,1,0,1.0,1
0.6616,45,0,0.7185,1407.0,10,0,0,0,1.0,0
0.7713,46,0,0.3702,6340.0,11,0,0,0,0.0,0
0.1775,33,0,0.3796,5050.0,6,0,0,0,0.0,0
0.3618,69,0,0.405,,10,0,0,0,0.0,0
0.1503,52,0,0.8408,3499.0,9,0,0,0,1.0,0
1.8611,29,0,0.6961,4804.0,13,0,4,0,,0
0.3753,61,0,0.7504,4040.0,5,0,2,0,1.0,0
0.753,42,1,0.2056,3808.0,4,0,2,0,0.0,0
0.1205,33,0,0.6275,1300.0,14,0,1,0,1.0,0
0.3644,51,0,0.6831,8957.0,14,0,0,0,0.0,0
0.5959,76,0,0.3101,1880.0,8,0,2,0,2.0,0
1.411,52,0,0.0213,5707.0,9,0,1,0,1.0,0
1.2474,43,0,0.1152,6127.0,7,0,1,0,,0
0.1641,62,0,0.704,3939.0,12,0,1,0,2.0,0
0.6812,41,0,0.2029,4687.0,9,0,3,0,2.0,0
1.7091,74,0,0.4465,,8,0,0,0,0.0,0
0.2742,51,0,0.2205,6499.0,3,0,1,0,0.0,0
0.1171,61,0,0.8803,7350.0,7,0,1,0,1.0,0
0.8498,28,0,0.1565,2577.0,10,0,0,0,0.0,0
1.7264,52,0,0.1429,,9,0,1,0,0.0,0
0.0375,37,0,0.1638,9380.0,9,0,0,0,0.0,0
0.6113,48,0,0.1683,3770.0,12,0,2,0,1.0,0
0.1299,55,0,0.8895,5318.0,11,0,0,0,1.0,0
0.4261,46,1,0.3132,6237.0,8,1,0,0,0.0,0
0.5815,45,0,0.7884,3866.0,8,0,0,0,0.0,0
0.8033,72,0,0.2557,3995.0,8,0,0,0,0.0,0
1.5635,21,0,0.6768,,6,0,1,0,0.0,1
0.8115,63,0,0.4291,13506.0,8,0,1,0,1.0,0
0.2469,49,0,0.2339,3605.0,6,0,0,0,2.0,0
0.1427,43,0,0.1945,3983.0,6,0,0,0,0.0,0
0.7746,44,0,1.0279,1857.0,7,0,2,0,,1
0.4344,56,0,0.2181,2135.0,8,0,0,0,0.0,0
0.4468,59,0,0.537,4554.0,6,0,1,0,0.0,0
0.5304,43,0,0.4367,9298.0,9,0,2,0,0.0,0
0.4266,56,1,0.6391,2799.0,8,0,2,0,2.0,0
0.4532,24,0,0.5953,,3,0,1,0,1.0,0
0.313,65,0,1.0821,4558.0,8,0,1,0,0.0,0
0.4155,55,0,0.9646,7306.0,9,0,3,0,0.0,0
0.5231,32,0,0.9251,4398.0,8,0,0,0,1.0,0
0.036,68,0,0.4687,,6,0,0,0,0.0,0
0.9074,57,0,0.5199,4772.0,9,0,0,0,1.0,0
0.1944,55,0,0.7874,17789.0,9,0,3,0,0.0,0
0.1001,40,0,0.8822,,12,0,2,0,0.0,0
0.0147,35,0,0.7652,,8,0,1,0,1.0,0
0.5536,41,0,0.1605,5776.0,10,0,0,0,0.0,0
0.4302,91,0,0.3493,5841.0,5,0,1,0,1.0,0
0.4331,47,0,0.5293,,11,0,0,0,0.0,1
0.2743,61,0,0.1668,7225.0,11,0,0,0,3.0,0
0.0873,63,0,0.2451,7020.0,7,0,1,0,0.0,0
0.5849,77,0,0.4426,1552.0,7,0,1,0,0.0,0
4.6729,59,0,0.6344,,6,0,1,0,0.0,0
0.2102,35,0,0.2453,20646.0,9,0,0,0,1.0,0
0.2432,46,0,0.1614,,8,0,2,0,2.0,0
0.1067,41,0,0.5765,,8,0,1,0,,0
0.3765,58,0,0.7247,,7,0,1,0,0.0,0
0.1031,63,0,0.492,,13,0,2,0,1.0,0
0.2547,63,0,0.5673,8002.0,13,0,0,0,,0
0.6213,64,0,0.5026,35599.0,9,0,2,0,0.0,0
0.1572,83,0,0.4449,4421.0,8,0,1,0,0.0,0
0.5961,66,0,0.2802,5319.0,5,0,2,0,2.0,0
0.1622,32,0,0.4869,12061.0,7,0,0,0,2.0,0
0.0113,43,0,0.1222,,9,0,0,0,0.0,0
0.4325,76,0,0.3848,12524.0,8,0,1,0,1.0,0
0.1648,46,1,0.0667,4110.0,7,0,2,2,0.0,0
0.5818,56,0,0.3295,,11,0,1,0,2.0,0
0.1269,44,0,0.3766,7303.0,7,0,2,0,4.0,0
0.2069,34,0,0.4533,,3,0,3,0,1.0,0
0.8523,57,0,0.7851,,8,0,0,0,1.0,0
0.6373,69,0,0.4523,7633.0,9,0,1,0,1.0,0
0.1294,49,0,0.5727,5541.0,10,0,2,0,1.0,0
0.498,21,0,0.0379,4045.0,9,0,0,0,0.0,0
0.4563,50,0,0.4334,7811.0,8,0,0,0,4.0,0
0.9571,49,0,0.705,10576.0,7,0,0,0,0.0,0
1.7558,52,0,0.3672,6626.0,7,0,2,0,0.0,0
0.439,44,0,0.2248,7498.0,7,0,2,0,1.0,0
0.5144,30,0,0.4764,1737.0,5,0,2,0,0.0,0
5.557,41,1,0.0919,8719.0,15,0,1,2,1.0,0
2.7701,39,0,0.9346,4456.0,8,0,1,0,2.0,0
0.8787,63,0,0.5529,21220.0,9,0,0,0,1.0,0
0.8719,52,1,0.4432,,9,0,0,0,2.0,0
4.8999,62,0,0.6657,,5,0,1,0,1.0,0
0.137,47,0,0.3145,6953.0,7,0,1,0,0.0,0
0.551,44,0,0.2507,3316.0,11,0,3,0,1.0,0
0.4752,47,0,0.422,5979.0,9,0,0,0,3.0,0
0.0982,41,0,0.2319,4256.0,3,0,0,0,0.0,0
0.8037,60,0,0.6146,,6,0,3,0,0.0,0
0.2324,26,0,0.118,2456.0,10,0,0,0,3.0,0
0.199,48,0,0.3255,,10,0,2,0,1.0,0
0.4594,47,0,0.7461,6758.0,7,0,2,0,0.0,0
0.1966,48,0,0.0851,3305.0,9,0,0,0,3.0,0
0.1465,58,0,0.0955,,7,0,1,0,1.0,0
0.0308,28,0,0.7078,5032.0,12,0,1,0,2.0,0
0.3466,58,0,0.7651,5135.0,6,0,0,0,0.0,0
0.4768,54,0,0.19,,5,0,3,0,1.0,0
0.4025,58,0,0.6103,,7,0,0,0,4.0,0
2.2068,59,0,0.5724,7824.0,11,0,1,0,0.0,0
0.7076,49,0,0.7381,7023.0,8,0,2,0,0.0,0
0.2959,54,0,0.4122,,5,0,0,0,1.0,0
0.6342,71,0,0.8394,10904.0,5,0,3,0,2.0,0
0.4915,28,0,0.7255,2825.0,8,0,1,0,,1
0.4526,72,0,0.4941,8925.0,9,0,1,0,1.0,0
4.4041,83,0,0.4421,4778.0,9,0,0,0,0.0,0
0.2382,64,0,0.9352,,7,0,1,0,1.0,0
0.3234,49,0,0.5661,5753.0,6,0,1,0,3.0,0
0.3379,52,0,0.5545,,7,0,0,0,1.0,0
0.6351,67,0,0.3149,9047.0,8,0,1,1,0.0,0
3.0565,63,0,0.1951,10109.0,13,0,2,0,1.0,0
0.2136,57,0,0.6307,1886.0,7,0,2,0,0.0,0
0.139,38,0,0.0313,3879.0,12,0,1,0,1.0,0
0.1414,73,0,0.5571,4665.0,7,0,1,0,1.0,0
1.1505,61,0,0.5051,5205.0,9,0,3,0,1.0,0
0.7195,59,1,0.6526,5599.0,9,0,1,0,1.0,0
0.1283,67,0,0.2981,9240.0,7,0,2,0,0.0,0
0.6486,51,0,0.9234,5048.0,6,0,1,0,1.0,0
0.2018,57,0,0.1496,4974.0,10,0,3,0,3.0,0
0.5214,45,0,0.3906,,7,0,0,0,1.0,0
3.3755,49,0,0.463,,8,0,1,0,0.0,1
0.6456,61,0,0.8225,8469.0,8,0,2,0,0.0,0
10.8758,53,0,0.8624,1983.0,6,0,2,0,3.0,0
1.1051,55,0,0.1671,8245.0,7,0,1,0,0.0,0
0.7192,49,0,0.5452,2903.0,6,0,1,0,1.0,0
0.0697,27,0,0.2692,,14,0,0,0,1.0,0
0.5821,70,0,0.6264,8543.0,11,0,0,0,0.0,0
0.1344,41,0,0.4167,3314.0,10,0,1,0,0.0,0
0.2944,65,0,0.0996,4209.0,7,0,1,0,0.0,0
0.4137,52,0,0.3417,,8,0,3,0,1.0,0
0.2394,58,0,0.6413,,11,0,1,0,1.0,0
0.1867,49,0,0.9149,8692.0,6,0,0,0,0.0,0
0.6088,47,0,0.5614,2204.0,9,0,1,0,1.0,0
0.9076,39,0,0.7735,3855.0,6,0,0,0,1.0,0
1.0684,70,0,0.8819,,8,0,1,0,0.0,0
0.6277,63,0,0.4335,8121.0,7,0,0,0,1.0,0
0.0229,59,0,0.2205,1459.0,7,0,0,0,1.0,0
1.5328,63,0,0.5545,12765.0,4,0,2,0,0.0,0
0.938,58,0,0.434,9397.0,9,0,1,0,2.0,0
0.9204,36,0,0.4635,10047.0,6,0,1,0,1.0,0
0.7924,61,0,0.4008,5083.0,8,0,1,0,1.0,0
0.0621,46,0,0.6472,,6,0,1,0,0.0,0
0.225,59,0,0.1464,3781.0,9,0,2,0,1.0,0
0.5662,43,0,0.3833,11512.0,8,0,0,0,0.0,0
0.5166,23,0,0.5385,10242.0,8,0,3,0,1.0,0
0.4601,46,0,0.9126,,7,0,0,0,0.0,0
0.1103,45,0,0.4406,6091.0,5,0,4,0,1.0,0
0.2136,72,0,0.4696,14281.0,8,0,1,0,0.0,0
2.8051,63,0,0.4535,11942.0,5,0,0,0,1.0,0
0.4085,94,0,0.4104,4890.0,8,0,0,0,2.0,0
0.8256,53,0,0.238,4927.0,7,0,1,0,2.0,0
0.1349,51,0,0.1719,,12,0,1,0,1.0,0
0.7349,50,0,0.8732,3262.0,10,0,3,0,3.0,1
0.3517,52,0,0.6723,3436.0,10,0,1,0,1.0,0
3.2238,54,0,0.232,3661.0,3,0,0,0,0.0,0
0.4813,43,0,0.4144,2757.0,10,0,2,0,0.0,0
0.0964,49,0,0.3777,3924.0,10,0,2,0,0.0,0
0.1177,44,0,0.3691,,3,0,1,0,0.0,0
0.6389,53,0,0.3227,2165.0,7,0,2,0,0.0,0
0.0722,76,0,0.7304,8288.0,12,0,2,0,0.0,0
0.0418,69,0,0.5146,3495.0,8,0,0,0,3.0,0
0.0382,95,0,0.087,2365.0,8,0,0,0,0.0,0
0.5891,55,0,0.1396,5725.0,9,0,1,0,1.0,0
0.4973,71,0,0.448,17392.0,11,0,2,0,1.0,0
0.4644,49,0,0.3071,3209.0,5,0,2,0,1.0,0
0.2876,60,0,0.2327,9769.0,6,0,2,0,1.0,0
1.1342,50,0,0.5554,,6,0,0,0,1.0,0
0.6158,84,0,0.3637,,9,0,3,0,2.0,0
0.119,52,0,0.7102,5421.0,8,0,1,0,0.0,0
0.0844,44,0,0.6325,,9,0,0,0,1.0,0
3.456,57,0,0.3841,2496.0,8,0,3,0,1.0,0
0.3428,46,0,0.4726,,8,0,0,0,1.0,0
0.4559,82,0,0.5824,5308.0,6,0,1,0,2.0,1
0.3717,58,0,0.2525,9076.0,4,0,1,0,1.0,0
4.2882,82,0,0.1935,17596.0,10,0,2,0,2.0,0
4.1389,56,0,0.3132,4087.0,6,0,1,0,0.0,0
1.4812,56,0,0.3071,4524.0,2,0,1,0,2.0,0
0.1967,57,0,0.645,5059.0,2,0,2,0,0.0,0
0.671,57,0,0.5915,1492.0,10,0,0,0,3.0,1
0.84,62,0,0.8861,7776.0,5,0,0,0,0.0,0
0.4355,60,0,1.2383,,11,0,1,0,1.0,0
0.2272,43,0,0.3316,3166.0,9,0,0,0,1.0,0
2.6261,54,0,0.6485,6299.0,9,0,0,0,0.0,0
0.1109,49,0,0.4374,6918.0,8,0,3,0,1.0,0
0.6709,46,0,0.7659,2672.0,5,0,1,0,2.0,0
1.7372,31,0,0.5696,,10,0,3,0,2.0,0
0.7475,34,0,0.3587,17704.0,9,0,0,0,1.0,0
0.2449,48,0,0.2579,4561.0,8,0,3,0,0.0,0
0.1139,49,0,0.5324,6913.0,3,0,2,0,0.0,0
0.1779,73,0,0.7762,3150.0,8,0,1,0,,0
0.0861,45,0,0.0925,12236.0,11,0,1,0,2.0,0
0.9252,32,0,0.9751,5858.0,7,0,2,0,0.0,0
0.0118,35,0,0.1406,3415.0,12,0,3,0,0.0,0
0.5395,51,1,0.8024,4690.0,3,0,0,2,1.0,0
2.4762,64,0,0.0941,8666.0,11,0,2,0,3.0,0
0.4738,66,1,0.3998,4691.0,6,0,3,3,0.0,0
0.7738,50,0,0.3502,4287.0,9,0,3,0,2.0,1
0.3214,80,0,0.4656,5035.0,9,0,2,0,0.0,0
0.1012,45,0,0.5953,6513.0,6,0,1,0,0.0,0
0.3547,36,0,0.4205,2194.0,11,0,0,0,0.0,0
0.216,47,0,0.3691,8771.0,7,0,0,0,0.0,0
0.0675,36,0,0.0396,5732.0,8,0,1,0,1.0,0
0.285,47,0,0.3563,4973.0,11,0,3,0,,0
0.4884,49,0,0.3809,12008.0,13,0,4,0,0.0,0
0.181,75,0,0.4134,4137.0,7,0,2,0,1.0,0
0.259,38,0,0.3655,2577.0,6,0,1,0,1.0,0
0.7163,81,0,0.8462,9377.0,4,0,1,0,2.0,0
6.2011,57,0,0.6598,,13,0,0,0,0.0,0
1.3339,79,0,1.0341,5942.0,4,0,1,0,0.0,0
0.4568,65,0,0.2553,6169.0,7,0,0,0,0.0,0
0.0745,45,0,0.1482,2242.0,15,0,2,0,1.0,1
0.1604,48,0,0.4642,12829.0,6,0,2,0,2.0,0
0.0854,50,0,0.5379,,6,0,0,0,0.0,0
0.158,47,0,1.162,18677.0,7,0,0,0,1.0,0
0.239,75,0,0.1449,1701.0,6,0,2,0,1.0,0
0.7347,47,0,0.4984,3748.0,7,0,0,0,0.0,0
0.5417,26,0,0.6367,4406.0,3,0,2,0,0.0,0
0.1702,49,0,0.248,,10,0,0,0,3.0,0
0.0981,49,0,0.2588,5232.0,12,0,0,0,0.0,0
0.1722,49,0,0.2253,3743.0,11,0,2,0,0.0,0
0.0838,53,1,0.2373,,6,0,2,0,0.0,0
0.1727,56,0,0.752,6426.0,9,0,5,0,1.0,0
7.3084,74,0,0.5105,,9,0,0,0,1.0,0
0.0651,60,0,0.1683,6711.0,6,0,1,0,0.0,0
0.2673,22,1,0.4985,7601.0,7,0,1,1,2.0,0
0.482,36,0,0.5446,25247.0,4,0,1,0,3.0,0
0.2591,47,0,0.7389,,9,0,4,0,0.0,0
0.0632,62,0,0.2623,7387.0,11,0,2,0,0.0,0
0.2177,57,0,0.8057,,5,0,0,0,1.0,0
0.3471,37,0,0.3567,,4,0,1,0,1.0,0
0.1985,61,0,0.7291,7318.0,7,0,0,0,0.0,0
0.3001,61,0,0.4612,7342.0,8,0,1,0,1.0,0
1.5967,67,0,0.4083,,9,0,0,0,0.0,0
0.3899,45,0,0.8746,3744.0,9,0,2,0,1.0,0
2.0982,62,3,0.6189,4446.0,11,0,0,1,1.0,0
1.1877,56,0,0.2995,3081.0,6,0,1,0,1.0,0
0.2251,31,0,0.1647,4350.0,12,0,1,0,2.0,0
0.1369,64,0,0.6434,2531.0,6,0,2,0,0.0,0
0.835,53,0,0.1639,,4,0,1,0,1.0,0
0.4325,61,0,0.8323,12363.0,3,0,1,0,0.0,0
3.5686,21,0,0.1694,3624.0,14,0,0,0,3.0,0
1.8015,50,0,0.8237,,9,0,1,0,2.0,0
0.3362,43,0,0.1525,4779.0,9,0,0,0,0.0,0
0.0364,69,0,0.3292,7782.0,10,0,0,0,0.0,0
0.3604,48,0,0.2146,8085.0,10,0,1,0,4.0,0
1.3548,53,0,0.8487,14449.0,9,0,0,0,0.0,0
0.3808,49,0,0.3018,,11,0,0,0,0.0,0
3.1993,57,0,0.3365,4015.0,15,0,3,0,1.0,0
0.6063,52,0,0.6626,6545.0,12,0,1,0,2.0,0
0.0908,44,0,0.6089,4805.0,6,0,0,0,0.0,0
0.1735,59,0,1.229,3237.0,10,0,0,0,1.0,0
0.071,52,0,0.0439,,8,0,0,0,4.0,0
3.2542,46,0,0.4126,3944.0,4,0,0,0,0.0,0
0.3731,47,0,0.5294,6025.0,11,0,0,0,0.0,0
0.3189,64,0,0.1619,6969.0,12,0,0,0,0.0,0
1.0709,57,0,0.8941,2549.0,9,0,2,0,1.0,0
0.5302,33,0,0.6993,,16,0,1,0,1.0,0
0.04,52,0,0.7843,7617.0,7,0,0,0,2.0,0
0.003,74,0,0.4319,4787.0,3,0,1,0,0.0,0
0.4603,43,0,0.4912,8885.0,6,0,1,0,0.0,0
0.1724,54,0,0.6339,8115.0,15,0,0,0,2.0,0
1.0592,39,0,0.9504,,8,0,3,0,0.0,0
3.0879,47,1,0.5147,6013.0,10,0,0,0,1.0,0
0.0885,49,0,0.2878,4674.0,9,0,0,0,1.0,0
0.1641,61,0,0.7827,6671.0,6,0,2,0,1.0,0
0.6435,45,0,0.4252,,11,0,1,0,0.0,0
0.8336,74,0,0.5194,,13,0,2,0,1.0,1
0.1735,38,0,0.3198,3188.0,9,0,1,0,0.0,0
0.3537,56,0,0.762,19181.0,6,0,3,0,0.0,0
6.0509,31,0,0.2299,2285.0,8,0,0,0,2.0,0
0.3851,54,0,0.96,,9,0,0,0,1.0,0
4.8484,67,0,0.3312,6781.0,9,0,1,0,2.0,0
0.1554,57,0,0.3956,15594.0,7,0,1,0,0.0,0
0.3262,35,0,0.3679,5755.0,14,0,0,0,1.0,0
0.2167,80,0,0.5177,3542.0,7,0,1,0,0.0,0
1.9066,67,0,0.065,8182.0,8,0,0,0,2.0,0
0.0188,47,0,0.282,2938.0,3,0,1,0,2.0,0
4.8427,54,0,0.1933,2475.0,11,0,1,0,1.0,0
4.5931,54,0,0.8087,,7,0,2,0,0.0,0
0.4136,30,0,0.3838,15227.0,10,0,0,0,1.0,0
0.5921,42,0,0.6735,4402.0,6,0,1,0,0.0,0
0.034,52,0,0.5175,,9,0,0,0,0.0,0
0.5556,72,0,1.1576,5881.0,13,0,2,0,0.0,0
0.5021,43,0,0.5041,9017.0,6,0,0,0,0.0,0
0.7298,49,0,0.4787,8046.0,7,0,1,0,1.0,0
0.2442,65,0,1.041,,8,0,2,0,2.0,0
0.266,61,0,0.2282,6059.0,9,0,2,0,1.0,0
0.2683,72,0,0.3342,2420.0,8,0,0,0,0.0,0
0.8822,62,0,0.2268,6218.0,10,0,1,0,1.0,0
2.1539,57,0,0.442,,10,0,1,0,2.0,0
0.007,57,0,0.2018,2809.0,7,0,2,0,0.0,0
1.9244,70,0,0.2605,16757.0,6,0,1,0,1.0,0
0.5629,43,0,0.2816,,6,0,4,0,,0
0.3726,63,0,0.4769,6154.0,6,0,2,0,0.0,0
0.5118,46,0,0.0926,23398.0,12,0,0,0,1.0,0
0.3406,47,0,0.6414,6731.0,8,0,1,0,1.0,0
0.2245,55,0,0.4465,13737.0,5,0,0,0,0.0,0
0.6443,52,0,0.1949,9404.0,10,0,0,0,2.0,0
0.0551,44,0,0.3333,,6,0,0,0,1.0,0
1.314,50,0,0.3678,5779.0,7,0,0,0,0.0,0
0.1879,51,0,0.5954,2549.0,8,0,0,0,1.0,0
0.1226,60,1,0.8611,16189.0,9,1,1,0,0.0,0
0.1988,52,0,0.3312,,8,0,2,0,1.0,0
4.6168,58,0,0.2014,23438.0,6,0,4,0,0.0,0
3.2027,57,0,0.4573,12587.0,3,0,1,0,0.0,0
2.7144,44,0,0.3252,11299.0,6,0,1,0,,0
0.2622,57,0,1.0655,5081.0,11,0,2,0,1.0,0
0.432,21,0,0.6929,10233.0,9,0,2,0,0.0,0
0.1125,79,0,0.3539,,3,0,0,0,1.0,0
0.3449,82,0,0.1885,,5,0,1,0,2.0,0
0.2061,55,0,0.5853,13507.0,4,0,0,0,1.0,0
0.7679,43,0,0.8201,2500.0,4,0,4,0,0.0,0
0.6386,59,0,0.3022,9368.0,12,0,1,0,1.0,0
0.3477,34,0,0.5105,9085.0,13,0,1,0,3.0,0
0.721,71,0,0.0403,6780.0,5,0,4,0,0.0,0
2.1731,59,0,0.6288,,10,0,1,0,2.0,0
0.9747,42,0,0.3505,7103.0,10,0,2,0,2.0,0
0.4423,35,0,0.2397,2602.0,5,0,0,0,1.0,0
0.3545,21,0,0.4021,15034.0,11,0,2,0,1.0,0
0.8066,58,0,0.436,11721.0,4,0,1,0,0.0,0
0.5184,30,0,0.7061,2285.0,8,0,4,0,0.0,0
0.9424,46,0,0.3865,1374.0,10,0,0,0,1.0,0
1.7267,51,0,0.7134,3622.0,8,0,1,0,1.0,0
0.6378,45,0,0.577,3126.0,6,0,0,0,0.0,1
0.7342,33,0,0.4599,2607.0,10,0,0,0,1.0,0
0.3298,53,0,0.3069,4454.0,9,0,0,0,1.0,0
0.2281,52,0,0.2283,5630.0,9,0,1,0,1.0,0
0.1939,50,0,0.7211,10224.0,10,0,2,0,3.0,0
0.4873,76,0,0.5346,6276.0,10,0,0,0,0.0,1
0.3698,79,0,0.5884,6982.0,7,0,0,0,3.0,0
0.0391,50,0,0.1546,13380.0,4,0,0,0,3.0,0
0.277,64,0,0.3602,3932.0,12,0,0,0,2.0,0
0.1927,45,0,0.6568,4145.0,8,0,1,0,4.0,0
2.7223,31,0,0.2374,19454.0,8,0,2,0,1.0,0
0.5104,57,0,0.4299,,8,0,1,0,1.0,0
0.1488,32,0,0.3941,3748.0,4,0,0,0,0.0,0
4.1793,67,0,0.3617,6503.0,8,0,1,0,0.0,0
0.0262,51,0,0.5116,8246.0,7,0,0,0,0.0,0
0.3122,48,0,0.1695,8626.0,5,0,0,0,1.0,0
0.737,38,0,0.4971,,10,0,1,0,1.0,0
0.1309,52,0,0.456,3351.0,7,0,0,0,2.0,0
0.7845,47,0,0.5338,4950.0,5,0,2,0,2.0,0
0.5369,30,0,0.7387,,3,0,2,0,3.0,0
1.2226,49,0,1.2142,4060.0,5,0,1,0,1.0,1
0.5579,52,0,0.4855,4224.0,4,0,1,0,0.0,0
1.0169,59,0,0.2028,,2,0,0,0,0.0,0
0.4041,45,0,0.3267,9812.0,9,0,1,0,1.0,0
0.2093,50,0,0.4818,3375.0,9,0,0,0,1.0,0
0.2711,46,0,0.7855,7930.0,12,0,0,0,0.0,0
0.0422,45,0,0.5487,,7,0,0,0,1.0,0
0.0141,47,0,0.2019,7124.0,9,0,0,0,2.0,0
0.4056,56,0,1.208,5073.0,7,0,1,0,2.0,0
0.0118,47,0,0.5272,2535.0,7,0,0,0,2.0,0
1.7441,47,0,0.1236,14643.0,2,0,1,0,0.0,0
0.1101,66,0,0.1599,5376.0,7,0,0,0,0.0,0
0.1055,52,0,1.0245,,7,0,2,0,0.0,0
0.4906,64,0,0.1531,,9,0,0,0,0.0,0
0.2799,30,0,0.1332,,6,0,0,0,1.0,0
0.5759,75,0,0.7659,4402.0,13,0,0,0,0.0,1
0.5961,56,0,0.3226,5549.0,6,0,0,0,1.0,0
0.1085,50,0,0.2452,,6,0,1,0,0.0,0
0.9322,62,0,0.3412,4840.0,8,0,3,0,0.0,0
0.3333,74,0,0.3545,7103.0,8,0,1,0,3.0,0
0.4197,40,0,0.7289,7560.0,9,0,0,0,1.0,0
0.1826,24,0,0.5813,11919.0,8,0,2,0,1.0,1
0.7071,55,0,0.4774,7654.0,6,0,0,0,2.0,0
7.3372,30,0,0.4892,7954.0,13,0,1,0,1.0,0
0.674,38,0,0.6523,2517.0,11,0,4,0,0.0,0
3.8913,81,0,0.5022,12133.0,5,0,1,0,0.0,0
0.2979,36,0,0.5605,4397.0,8,0,1,0,0.0,0
0.0309,33,0,0.7221,4557.0,9,0,0,0,2.0,0
0.7571,62,0,0.5168,4343.0,7,0,0,0,0.0,1
0.1097,62,0,0.5648,3394.0,3,0,1,0,3.0,0
0.6098,71,0,0.4814,3002.0,4,0,0,0,1.0,0
0.2714,31,0,0.4464,3103.0,8,0,2,0,0.0,0
0.5452,47,0,0.5519,,7,0,1,0,1.0,1
0.1011,61,0,0.2767,4325.0,8,1,1,0,0.0,0
0.4857,46,0,0.4512,9435.0,13,0,0,0,0.0,0
0.2054,71,0,0.5931,10785.0,4,0,0,0,1.0,0
0.5025,45,0,0.4861,5107.0,8,0,0,0,1.0,0
0.1241,48,0,0.3039,,12,0,0,0,0.0,0
0.2982,47,0,0.6805,7386.0,8,0,1,0,0.0,0
0.2612,68,0,0.1426,6463.0,6,0,1,0,3.0,0
0.4358,57,0,1.0657,3677.0,5,0,0,0,0.0,0
1.1417,47,0,0.192,7249.0,7,0,0,0,1.0,0
0.4841,41,0,0.5358,2511.0,12,0,0,0,2.0,0
0.3424,54,0,0.9187,7836.0,11,0,0,0,1.0,0
1.8109,57,0,0.4133,2959.0,3,0,0,0,0.0,0
0.1901,55,0,0.2982,4194.0,5,0,1,0,0.0,0
1.9858,52,1,0.1409,8345.0,11,0,0,2,0.0,0
0.4419,56,0,1.2305,1267.0,8,0,3,0,0.0,0
1.0376,43,0,0.1353,,7,0,1,0,1.0,0
0.4591,54,0,0.6396,,5,0,1,0,1.0,0
0.4639,50,0,0.5886,,8,0,1,0,0.0,0
0.6052,37,0,0.9781,9196.0,8,0,1,0,1.0,0
1.1542,53,0,0.3202,2171.0,5,0,1,1,2.0,0
0.1263,52,0,0.4499,4169.0,6,0,0,0,3.0,0
0.2515,34,0,0.355,10063.0,7,0,1,0,0.0,0
0.1001,65,0,0.3474,2813.0,7,0,0,0,1.0,0
0.2541,46,0,0.603,4140.0,12,0,0,0,1.0,0
0.8041,53,0,0.5019,11423.0,7,0,4,0,1.0,0
0.2304,41,0,1.3799,,8,0,1,0,0.0,0
3.3359,50,0,0.5037,,2,0,0,0,0.0,0
3.4656,82,0,0.5145,4222.0,4,0,2,0,2.0,0
0.0018,59,0,0.4114,9439.0,8,0,1,0,0.0,0
0.6117,49,0,0.5165,6220.0,9,0,0,0,0.0,0
0.2243,35,0,0.6566,,12,0,1,0,2.0,0
0.8471,47,0,1.2079,3674.0,6,0,1,0,1.0,1
0.0314,45,0,0.5994,6356.0,9,0,0,0,1.0,0
1.5144,58,0,0.1685,6434.0,7,0,0,0,1.0,0
0.0666,43,0,0.4814,3664.0,4,0,0,0,2.0,0
0.5634,62,0,0.361,10333.0,8,0,0,0,1.0,0
0.3813,49,0,0.8792,5471.0,8,0,0,0,2.0,0
0.1526,32,0,0.5069,5623.0,5,0,1,0,1.0,0
0.4525,67,0,0.5629,,11,0,1,0,0.0,0
0.7301,47,0,0.2762,,7,0,3,0,1.0,0
0.0257,41,0,0.4011,6619.0,14,0,1,0,1.0,0
0.6959,51,0,0.5464,3069.0,14,0,2,0,1.0,0
7.5807,57,0,0.2478,,5,0,3,0,0.0,0
0.3509,45,0,0.1812,9764.0,7,0,3,0,1.0,0
0.0119,61,0,0.3984,2683.0,9,0,1,0,0.0,0
0.1509,39,0,0.655,3900.0,12,0,0,0,2.0,0
0.9112,68,0,0.6419,6634.0,7,0,2,0,2.0,0
6.0113,30,0,0.219,3856.0,7,0,2,0,1.0,0
0.2647,44,0,0.4991,4992.0,17,0,0,0,2.0,0
0.6582,67,0,0.7338,5821.0,4,0,7,0,2.0,0
0.6158,44,0,0.9202,12463.0,4,0,1,0,0.0,0
0.0691,46,0,0.1144,,13,0,2,0,0.0,0
0.1124,30,0,0.8626,5741.0,7,0,2,0,1.0,0
0.4464,65,0,0.3636,,5,0,0,0,0.0,0
0.0339,51,0,0.6746,,5,0,2,0,4.0,0
1.0115,62,0,0.6339,6212.0,4,0,0,0,0.0,0
0.1611,57,0,0.5409,8289.0,7,0,1,0,0.0,0
0.6489,27,0,1.4403,2764.0,7,0,0,0,1.0,1
0.9496,26,0,0.3328,3565.0,11,0,1,0,0.0,0
0.4957,43,0,0.8115,11191.0,10,0,0,0,1.0,0
0.2489,77,0,0.7831,5938.0,15,0,0,0,0.0,0
0.5055,47,0,0.5085,6832.0,16,0,2,0,4.0,0
0.1771,76,0,0.4345,,10,0,1,0,1.0,0
0.7275,32,0,0.58,10287.0,10,0,2,0,0.0,0
0.6591,61,0,0.4991,3630.0,7,0,2,0,2.0,0
0.4675,61,0,0.6767,5995.0,12,0,0,0,1.0,0
0.6834,33,0,0.3703,4352.0,8,0,0,0,1.0,0
1.209,26,0,0.3396,3550.0,6,0,2,0,0.0,0
0.1851,72,0,0.4879,,9,0,1,0,0.0,0
0.7454,39,0,0.2212,1752.0,12,0,1,0,1.0,0
2.7717,69,0,0.4297,,9,0,1,0,1.0,1
0.1153,42,0,0.2523,,7,0,2,0,0.0,0
0.6726,67,0,0.3271,16767.0,12,0,1,0,1.0,0
0.6227,50,0,0.3065,4993.0,7,0,1,0,0.0,0
0.4324,64,0,0.2904,3226.0,8,0,0,0,0.0,0
0.6505,62,0,0.5239,6340.0,10,0,1,0,1.0,0
0.8351,72,0,0.0266,9903.0,10,0,2,0,1.0,0
0.9069,72,0,0.6195,2211.0,6,0,0,0,0.0,0
0.7564,62,0,0.6729,4146.0,11,0,0,0,2.0,0
0.7359,48,0,0.2923,2484.0,10,0,1,0,1.0,0
0.0408,27,0,0.2541,,10,0,0,0,1.0,0
0.1489,50,0,0.6234,5527.0,3,0,3,0,1.0,0
0.4842,48,0,0.2968,5991.0,8,0,1,0,0.0,0
0.4051,73,0,0.7238,3858.0,1,0,2,0,0.0,0
0.7699,71,0,0.6365,10896.0,8,0,0,0,3.0,0
0.3365,54,0,0.2977,5908.0,6,0,1,0,2.0,0
0.6821,60,0,0.5244,7057.0,7,0,1,0,0.0,0
0.1006,77,2,0.54,,7,0,2,0,1.0,0
0.4197,42,0,0.8429,6721.0,6,0,1,0,2.0,0
0.3153,56,0,0.2063,9940.0,3,0,1,0,3.0,0
0.516,42,0,0.6279,7674.0,7,0,1,0,0.0,0
0.626,62,0,0.6672,,8,0,1,0,0.0,0
0.4696,45,0,0.1509,2621.0,11,0,2,0,0.0,0
0.0326,27,0,0.1489,3661.0,12,0,0,0,0.0,0
0.4023,69,0,0.7619,2428.0,8,0,0,0,1.0,0
0.1153,51,0,0.423,7064.0,10,0,1,0,0.0,0
0.5947,72,0,0.7094,1421.0,13,0,0,0,0.0,0
0.5321,70,0,0.0715,7266.0,7,0,0,0,0.0,0
0.3909,57,2,1.6756,2169.0,7,0,2,0,0.0,0
0.5884,32,0,0.0718,2715.0,11,0,2,0,1.0,0
0.5892,58,0,0.3206,6767.0,7,0,1,0,0.0,0
0.4969,47,0,0.4158,9460.0,13,0,0,0,0.0,0
2.8159,84,0,0.3605,8067.0,5,0,1,0,1.0,0
0.5205,60,0,0.1525,3488.0,6,0,2,0,1.0,0
0.1891,73,0,0.3132,6624.0,10,0,0,0,0.0,0
0.0471,56,0,0.2076,4385.0,13,0,0,0,1.0,0
0.7587,72,0,0.3198,2431.0,7,0,2,0,0.0,0
0.648,62,0,0.5258,4281.0,8,0,0,0,0.0,1
0.5612,48,0,0.9422,7436.0,10,0,2,0,1.0,0
0.4525,69,0,1.4627,9892.0,9,0,2,0,0.0,0
0.274,30,0,0.7077,7114.0,3,0,1,0,2.0,0
0.0279,73,0,0.235,4871.0,6,0,0,0,0.0,0
0.4127,74,0,0.2861,6755.0,7,0,1,0,0.0,0
0.3359,60,0,0.1423,8004.0,5,0,0,0,0.0,0
0.2993,45,0,1.0038,2743.0,9,0,0,0,0.0,0
0.3545,37,0,0.1943,21444.0,6,0,2,0,0.0,0
0.4282,64,0,0.4787,8159.0,8,0,0,0,1.0,0
0.6177,61,0,0.5741,,9,0,0,0,2.0,0
0.2739,25,0,0.6231,5993.0,6,0,4,0,1.0,0
0.4467,46,0,0.5435,,10,0,1,0,,0
0.3892,30,0,0.9846,2420.0,8,0,1,0,0.0,0
0.5731,51,0,0.561,12872.0,7,0,0,0,0.0,0
0.5582,44,0,0.6686,4311.0,6,0,0,0,1.0,0
0.4187,53,0,1.4341,,14,0,0,0,1.0,1
0.9726,37,0,0.6952,6184.0,15,0,3,0,0.0,0
0.4663,71,0,0.1449,13199.0,8,0,2,0,0.0,0
0.1229,28,0,0.2992,,6,0,2,0,1.0,0
0.4912,65,0,0.5734,2867.0,8,0,1,0,0.0,1
0.8603,68,0,0.6551,4796.0,10,0,2,0,0.0,0
0.8227,34,0,1.2377,1871.0,5,0,0,0,1.0,1
1.1429,46,0,0.2582,2850.0,12,1,4,0,1.0,0
0.565,53,0,0.417,3574.0,4,0,0,0,,1
0.5778,27,0,0.2385,7119.0,9,0,2,0,0.0,0
1.0936,49,0,0.34,,5,0,1,2,0.0,0
0.2506,31,0,0.6616,,4,0,3,0,1.0,0
0.3204,49,0,0.4911,14401.0,4,0,2,0,1.0,0
1.2331,43,0,0.0992,4944.0,7,0,1,0,2.0,0
0.7264,55,0,0.6131,5574.0,4,0,2,0,1.0,0
0.4428,46,0,0.5574,7116.0,9,0,1,0,0.0,0
0.2401,57,0,0.6251,,9,0,0,0,0.0,0
0.1466,42,0,0.7485,5149.0,5,0,0,0,1.0,0
0.3189,21,0,0.38,10044.0,10,0,2,0,1.0,0
0.4306,48,0,0.6153,5052.0,8,0,1,0,1.0,0
0.0962,32,0,0.5437,2334.0,7,0,1,0,0.0,0
0.3172,65,0,0.1519,5073.0,9,0,0,0,1.0,0
0.0908,35,0,0.9359,3866.0,8,0,0,0,2.0,0
1.1479,67,3,0.9493,,7,1,1,0,,0
0.5029,60,0,0.4358,5926.0,10,0,0,0,0.0,0
0.7746,54,0,0.3158,5117.0,5,0,0,0,0.0,0
0.2525,69,0,0.7239,2191.0,11,0,2,0,0.0,0
0.3255,21,0,1.2376,,9,0,0,1,0.0,0
0.1582,50,4,0.8123,10431.0,9,0,1,1,,0
0.0992,51,0,0.1829,,10,0,0,0,0.0,0
0.0269,46,0,0.4582,,9,0,1,0,3.0,0
0.6848,52,0,0.0946,,6,0,0,0,0.0,0
0.3208,49,0,0.3488,6072.0,8,0,2,0,2.0,1
0.5957,32,0,0.8063,4943.0,7,0,0,0,0.0,0
0.131,59,0,0.2539,6377.0,16,0,2,0,0.0,0
0.1188,45,0,0.7231,4900.0,8,0,1,0,1.0,0
0.8175,56,0,0.634,,8,0,2,0,0.0,0
0.6385,53,0,0.1057,10971.0,5,0,0,0,0.0,0
0.3517,65,0,0.4145,13725.0,9,0,4,0,3.0,0
0.4052,77,0,0.6432,3955.0,7,0,0,0,1.0,0
0.6633,27,0,0.7537,3596.0,7,0,2,0,,0
0.9264,67,0,0.5903,5869.0,11,0,0,0,2.0,0
0.1918,61,0,0.5591,4843.0,5,0,0,0,2.0,0
0.4072,57,0,0.0793,4312.0,6,0,0,0,0.0,0
0.9517,65,0,0.4399,7619.0,5,0,0,0,0.0,0
0.26,77,0,0.3296,,12,0,2,0,0.0,0
0.062,44,0,0.2589,5074.0,10,0,0,0,1.0,0
0.2341,95,0,0.3341,4871.0,5,0,2,0,0.0,0
0.1011,34,1,0.6727,11867.0,8,0,0,0,1.0,0
0.4554,48,0,0.1718,16351.0,8,0,0,0,1.0,0
0.0185,61,0,0.0912,632.0,5,0,0,0,0.0,0
0.2589,45,0,0.1405,5651.0,7,0,1,0,0.0,1
0.6228,51,0,0.9842,,6,0,0,0,0.0,1
0.6676,60,0,0.5883,,7,0,0,0,2.0,0
1.0368,55,0,0.0765,,15,0,2,0,0.0,0
0.0088,76,0,0.2452,6548.0,10,0,1,0,0.0,0
0.4627,71,0,0.3679,3886.0,5,0,0,0,1.0,0
0.6544,45,0,0.2136,9732.0,8,0,0,0,0.0,0
0.9073,57,0,0.9125,3093.0,6,0,0,0,1.0,0
2.3933,65,0,0.5447,5254.0,6,0,0,0,0.0,0
1.6798,23,0,0.3808,,7,0,2,0,0.0,0
0.7797,55,0,0.31,5433.0,5,0,1,0,0.0,0
0.7749,47,0,0.5457,,10,0,4,0,0.0,0
0.5777,51,0,0.4186,10013.0,3,0,1,0,0.0,0
0.2205,79,0,0.695,15918.0,7,0,0,0,1.0,0
0.0661,64,0,0.2082,7778.0,6,0,3,0,0.0,0
0.7099,59,0,0.4587,6663.0,8,0,1,0,3.0,0
0.084,42,0,0.7768,,9,0,1,0,0.0,0
0.4789,69,0,0.132,12571.0,7,0,2,0,0.0,0
0.0982,37,0,0.2671,2530.0,6,0,0,0,2.0,0
0.1053,50,0,0.0342,1981.0,10,0,1,0,2.0,0
0.2035,58,0,0.1767,,4,0,3,0,0.0,0
0.4358,56,0,0.5196,5078.0,7,0,1,0,0.0,1
0.3017,47,0,0.3899,11529.0,7,0,0,0,1.0,0
3.8964,42,0,0.3682,12038.0,7,0,0,0,1.0,0
0.0179,77,0,0.0573,4620.0,8,0,0,0,0.0,0
0.5956,35,0,0.3181,5258.0,6,0,2,0,1.0,0
0.7763,65,0,0.7481,8850.0,8,0,1,0,0.0,0
4.28,49,0,0.1964,9831.0,5,0,1,0,1.0,0
0.0674,39,0,0.0482,4528.0,4,0,2,0,1.0,0
0.0105,48,0,0.2468,5921.0,11,0,0,0,0.0,0
0.587,49,4,1.0739,3989.0,9,0,0,3,1.0,0
0.0266,36,1,0.6888,11322.0,6,0,0,0,1.0,0
0.2553,72,0,0.3373,,5,0,1,0,0.0,0
0.1704,56,0,0.5472,11810.0,10,0,1,0,,0
1.9568,38,2,0.8237,2589.0,6,0,0,0,2.0,0
0.411,42,0,0.2931,4396.0,6,0,0,0,2.0,0
2.0976,26,0,0.2699,11580.0,12,0,1,0,2.0,0
0.4426,56,0,0.7417,11559.0,6,0,1,0,1.0,0
1.1554,47,0,0.3113,2120.0,8,0,1,0,2.0,0
0.5944,31,0,0.7886,,5,0,1,0,1.0,0
0.2573,38,0,0.5504,3122.0,10,0,0,0,0.0,0
0.4559,43,0,0.3134,,7,0,1,0,1.0,0
0.1514,40,0,0.8485,3019.0,7,0,0,0,4.0,0
1.1391,88,0,0.2081,4061.0,7,0,0,0,2.0,0
0.3925,66,0,0.8804,,6,0,0,0,2.0,0
1.9587,34,0,0.8068,,5,0,1,0,0.0,0
2.1981,61,0,0.4593,1617.0,10,0,3,0,1.0,0
0.4094,49,0,0.6788,10980.0,9,0,0,0,0.0,0
3.8707,55,0,0.496,,8,0,4,0,0.0,1
0.1113,47,0,0.0535,,10,0,0,0,2.0,0
0.219,61,0,0.5562,5449.0,3,0,0,0,0.0,0
0.4531,71,0,0.4298,4423.0,9,0,0,0,0.0,0
0.0034,54,6,1.0831,3154.0,7,0,1,0,1.0,0
0.1488,39,2,0.2405,4551.0,4,0,0,0,1.0,0
0.0167,53,0,0.5341,13606.0,8,0,2,0,1.0,0
0.254,63,0,0.1651,6904.0,4,0,3,0,1.0,0
0.6668,65,0,0.1507,13754.0,6,0,4,0,0.0,0
0.0089,48,0,1.1387,2237.0,9,0,0,0,0.0,0
0.2073,32,0,0.6113,7506.0,12,0,1,0,0.0,0
0.6003,68,0,0.5347,1832.0,10,0,1,0,1.0,0
0.5148,50,0,0.6456,14086.0,9,0,1,0,2.0,0
1.0361,58,0,0.1288,4591.0,9,0,0,0,0.0,0
0.6101,80,0,0.522,2137.0,13,0,0,0,1.0,0
0.1296,60,0,0.578,7091.0,8,0,1,0,1.0,0
0.5047,62,0,0.5387,9093.0,9,0,2,0,1.0,0
0.2246,50,1,0.2079,6289.0,6,0,2,0,3.0,0
3.0809,62,0,0.4715,3556.0,12,0,0,0,3.0,0
1.0202,22,0,0.5776,,4,0,1,0,0.0,0
0.5313,21,0,0.647,13808.0,9,0,3,0,0.0,0
0.2765,55,0,0.1121,11312.0,6,0,0,0,0.0,0
0.7798,30,0,0.3061,6478.0,6,0,1,0,1.0,0
0.4481,76,0,0.5955,1832.0,6,0,0,0,1.0,0
0.1973,67,0,0.6274,6899.0,4,0,0,0,1.0,0
0.6566,75,0,0.2811,1864.0,7,0,3,0,1.0,1
0.2408,47,0,1.0067,2047.0,8,0,0,0,0.0,0
0.4626,56,0,0.9093,5092.0,9,0,1,0,2.0,0
1.4387,51,0,0.7149,8767.0,11,0,2,0,1.0,0
0.2704,48,0,0.1313,3964.0,5,0,0,0,0.0,0
0.817,38,0,0.4363,8737.0,9,0,0,0,0.0,0
0.2315,48,0,0.297,5805.0,12,0,1,0,1.0,0
0.0422,41,0,0.2156,,6,0,1,0,2.0,0
0.3566,59,0,0.742,6086.0,8,0,0,0,0.0,0
0.0457,44,0,0.1405,,4,0,0,0,2.0,0
0.495,70,0,0.0494,5419.0,9,0,1,0,0.0,0
0.2752,40,0,0.438,6772.0,6,0,3,0,0.0,0
0.1331,48,0,0.8224,4934.0,4,0,1,0,1.0,0
0.3841,57,0,0.9956,,2,0,0,0,1.0,0
0.5363,51,0,0.7385,9281.0,9,0,0,0,0.0,0
3.9589,44,0,0.604,3726.0,9,0,2,0,1.0,1
0.4066,63,0,0.2688,,8,0,1,0,0.0,0
0.6863,47,0,0.4149,5377.0,9,0,1,0,1.0,0
0.0952,67,0,0.6415,7681.0,4,0,2,0,0.0,0
0.8663,51,1,0.192,5550.0,4,1,3,1,1.0,0
0.5933,61,0,0.9149,3000.0,10,0,1,0,1.0,1
1.0603,58,0,0.5485,,8,0,0,0,1.0,0
0.2442,29,0,0.1288,6248.0,10,0,0,0,1.0,1
0.7431,78,0,0.1677,,8,0,2,0,2.0,0
0.2928,30,0,0.4392,4774.0,9,0,0,0,1.0,0
0.5483,67,0,0.538,8503.0,10,0,1,0,1.0,0
0.2391,46,0,0.7475,,7,0,4,0,0.0,0
0.2173,52,0,0.154,18521.0,5,0,1,0,0.0,0
3.3198,43,0,0.36,3068.0,10,0,0,0,1.0,0
0.5352,66,0,0.3652,6840.0,7,0,2,0,1.0,0
0.6354,41,0,0.5851,2262.0,6,0,2,0,0.0,1
5.3349,36,1,0.3015,,6,0,0,0,2.0,0
0.6915,71,0,0.0983,10738.0,8,0,1,0,0.0,0
0.3992,71,0,0.3228,7217.0,4,0,0,0,1.0,0
0.3844,51,0,0.1691,,10,0,1,0,1.0,0
0.0485,35,0,0.0788,1338.0,5,0,0,0,0.0,0
0.3425,46,0,0.4153,7462.0,6,0,2,0,0.0,0
0.1016,46,0,0.4304,7615.0,7,0,0,0,0.0,0
5.3101,66,0,0.4172,8642.0,12,0,0,0,2.0,0
1.4631,75,0,1.3596,6631.0,4,0,1,0,0.0,0
0.1144,60,0,0.0929,,10,0,1,0,1.0,0
0.1957,49,0,0.1439,2870.0,9,0,0,0,1.0,0
0.2614,37,0,0.6189,5220.0,7,0,2,0,0.0,0
0.7554,60,0,0.5622,3776.0,8,0,0,0,1.0,0
0.738,62,0,0.3842,7036.0,4,0,1,0,1.0,0
0.3344,33,0,0.274,,9,0,2,0,2.0,0
0.175,50,0,1.1052,8580.0,13,0,4,0,0.0,0
4.1675,62,3,0.6395,6525.0,11,0,2,0,0.0,0
0.3792,47,0,0.5221,2419.0,7,0,2,0,0.0,0
0.3495,53,0,0.7854,,6,0,1,0,2.0,0
0.6638,65,0,0.6684,5602.0,9,0,1,0,1.0,0
3.2101,53,0,0.2821,6275.0,9,0,1,0,0.0,0
0.6528,21,0,0.5233,5000.0,3,0,1,0,4.0,1
0.205,68,0,0.3545,,11,0,0,0,1.0,0
0.0161,58,0,0.1246,3097.0,10,0,2,0,0.0,0
1.8026,30,0,0.3428,1042.0,11,0,2,0,0.0,0
0.6046,65,0,0.0459,5482.0,6,0,1,0,0.0,0
1.1064,40,0,0.3572,6348.0,6,0,0,0,0.0,0
0.3859,64,0,0.9864,3683.0,10,0,1,0,0.0,0
0.1094,33,0,0.4107,9003.0,7,0,0,0,1.0,0
0.2842,60,0,0.0641,,6,0,1,0,0.0,0
0.4025,55,0,0.3409,1611.0,7,0,1,0,0.0,0
0.256,38,1,0.3919,6017.0,11,0,2,1,1.0,0
1.0376,53,0,0.7477,6643.0,12,0,3,0,0.0,0
0.0451,74,0,0.2055,4836.0,4,0,1,0,1.0,0
0.2714,79,0,0.4567,3551.0,4,0,1,0,0.0,0
0.0722,48,0,0.1374,2898.0,8,0,2,0,0.0,0
0.3439,66,0,0.2999,1841.0,9,0,1,0,1.0,0
0.6208,30,0,0.7067,4077.0,8,0,0,0,3.0,0
0.8087,71,0,0.0246,,14,0,0,0,0.0,0
0.3895,66,1,0.2135,2043.0,9,0,0,0,2.0,0
1.9901,76,0,0.5728,,6,0,1,0,0.0,1
0.4501,45,0,0.2379,13480.0,5,0,0,0,1.0,0
0.5809,45,0,0.8561,1348.0,10,0,0,0,0.0,0
0.6827,68,0,0.3726,3479.0,8,0,0,0,0.0,0
0.2281,57,2,0.7193,2205.0,10,0,3,0,1.0,0
0.7342,52,0,1.1517,2833.0,4,0,1,0,1.0,0
0.3218,64,0,0.6753,4898.0,7,0,0,0,0.0,0
1.8146,62,0,0.3379,3261.0,12,0,0,0,0.0,0
0.8022,53,0,0.5402,19570.0,7,0,0,0,0.0,0
0.265,66,0,0.1498,,7,0,3,0,2.0,0
0.0545,59,0,0.1844,3711.0,14,0,2,0,0.0,0
0.4471,52,0,0.4325,13507.0,10,0,2,0,0.0,0
0.2375,32,2,0.3621,1899.0,4,0,0,0,2.0,0
0.5303,46,0,0.7482,5676.0,6,0,0,0,2.0,0
0.215,56,1,0.3453,6494.0,4,1,1,0,0.0,0
0.5904,32,0,0.1084,2462.0,12,0,3,0,1.0,0
0.0674,34,0,1.0377,3491.0,6,0,0,0,2.0,0
5.4326,32,0,0.7247,3747.0,7,0,0,0,0.0,0
0.4398,51,0,0.8065,6573.0,10,0,1,0,0.0,0
0.3687,51,0,0.0308,4940.0,6,0,0,0,0.0,0
2.0884,33,0,0.2891,2576.0,7,0,0,0,,1
0.1018,38,0,0.6927,7348.0,10,0,1,0,1.0,0
0.0523,69,0,0.4011,3837.0,10,0,1,0,0.0,0
2.0492,60,0,0.2047,7128.0,12,0,1,0,0.0,0
0.3099,60,0,0.5211,12847.0,7,0,0,0,1.0,0
0.1817,34,0,0.4773,7616.0,10,0,3,0,0.0,0
0.4091,59,0,0.1998,4045.0,8,0,5,0,0.0,0
0.6265,46,0,0.1558,,9,0,2,0,3.0,0
0.0965,31,0,1.0842,,14,0,0,0,1.0,0
1.3767,34,0,0.345,4310.0,7,0,0,0,0.0,1
0.3842,66,0,0.2661,11649.0,10,0,4,0,0.0,0
7.4391,28,0,0.3235,,4,0,1,0,1.0,0
0.2567,88,0,0.3128,3278.0,4,0,2,0,,0
0.027,25,0,0.1823,8692.0,7,0,1,0,0.0,0
0.8577,67,2,0.3324,3713.0,11,0,1,0,2.0,0
0.4477,56,0,1.1619,7076.0,6,0,1,0,0.0,0
0.4835,63,0,0.2709,3546.0,3,0,0,0,1.0,0
0.1456,61,0,0.8318,3284.0,6,0,2,0,0.0,0
0.1627,66,0,0.1997,1725.0,5,0,1,0,2.0,0
0.6544,51,0,0.6578,8981.0,8,0,2,0,1.0,0
0.7299,57,0,0.2152,,13,0,1,0,3.0,0
7.385,57,0,0.6432,,8,0,1,0,1.0,0
3.3697,60,0,0.1942,6386.0,9,1,0,1,2.0,0
0.5521,54,0,0.6838,6103.0,7,0,2,0,2.0,0
0.3077,67,0,0.4745,2710.0,8,0,1,0,0.0,0
0.4826,35,0,0.4799,5397.0,9,0,0,0,1.0,0
0.4347,61,0,0.2872,6708.0,10,0,1,0,1.0,0
0.3462,45,0,0.924,11656.0,8,0,0,0,1.0,0
0.9548,53,0,0.4812,,11,0,1,0,1.0,0
0.0962,84,0,0.3481,5066.0,11,0,0,0,1.0,0
2.5772,70,0,0.4719,1511.0,9,0,3,0,1.0,1
5.5365,29,0,0.1255,8040.0,5,0,1,0,0.0,0
0.2035,46,0,0.2395,9183.0,10,0,0,0,0.0,0
0.8093,42,0,0.4139,,9,0,0,0,0.0,0
3.4012,61,0,0.6575,,9,0,0,0,1.0,0
0.2408,69,0,0.692,3561.0,13,0,1,0,1.0,0
1.6539,38,0,0.0969,,9,0,1,0,2.0,0
0.2128,49,0,0.1557,6118.0,14,0,1,0,1.0,0
0.2825,54,0,0.2887,,5,0,1,0,0.0,0
0.2605,44,0,0.8209,1785.0,7,0,1,0,,0
0.2943,54,0,0.1384,10515.0,13,0,1,0,2.0,1
0.124,63,0,0.4461,,13,0,1,0,,0
0.5433,59,0,0.4382,6678.0,3,0,3,0,,0
0.5105,45,0,0.2845,4024.0,6,0,1,0,1.0,0
0.6684,74,0,0.5135,5510.0,7,0,1,0,0.0,0
0.6216,21,0,0.6684,8976.0,7,0,1,0,1.0,0
5.2704,22,0,0.2522,5739.0,3,0,0,0,0.0,0
0.0508,45,0,0.2022,4760.0,12,0,2,0,1.0,0
0.0756,57,0,0.695,26513.0,9,0,0,0,1.0,0
0.3952,37,0,0.4404,,11,0,3,0,0.0,0
0.1585,86,0,0.2828,4361.0,8,0,0,0,1.0,0
0.0923,54,0,0.1296,,13,0,0,0,1.0,0
0.2297,50,0,0.5068,27675.0,9,0,1,0,0.0,0
5.0613,66,0,0.2457,7621.0,10,0,2,0,1.0,0
1.3943,30,0,0.5213,12746.0,10,0,1,0,0.0,0
0.3524,72,0,0.1041,4155.0,8,0,1,0,0.0,0
0.4935,35,0,0.6139,,9,0,1,0,0.0,0
0.22,34,0,0.5015,5324.0,6,0,0,0,0.0,0
0.0955,54,0,0.2413,7496.0,13,0,1,0,0.0,0
0.697,44,0,0.4446,10788.0,7,0,0,0,0.0,0
9.2538,63,0,1.0209,5466.0,7,0,1,0,0.0,0
0.3077,46,0,0.5445,5741.0,6,0,0,0,0.0,0
4.6465,64,0,0.1722,,14,0,0,0,1.0,0
0.6357,61,0,0.8814,16048.0,2,0,2,0,0.0,0
0.3769,57,0,1.0241,15570.0,11,0,0,0,1.0,0
0.7475,52,0,0.6951,3286.0,13,0,0,0,0.0,0
0.1505,46,0,0.3393,7667.0,17,0,0,0,1.0,0
0.0841,49,0,0.3665,2046.0,6,0,0,0,1.0,0
0.8635,53,0,0.2929,3693.0,7,0,0,0,2.0,0
0.1192,64,0,0.1206,2582.0,11,0,1,0,1.0,0
0.1257,54,0,0.0966,,5,0,0,0,0.0,0
0.324,43,0,0.3515,,9,0,2,0,2.0,0
0.4185,62,0,0.5678,4406.0,8,0,0,0,1.0,0
0.0201,45,0,0.2976,8237.0,7,0,2,0,1.0,0
3.7947,72,0,0.473,9770.0,14,0,1,0,0.0,0
0.2458,59,0,0.3422,6717.0,11,0,2,0,0.0,0
0.451,71,0,0.6567,4660.0,10,0,1,0,0.0,0
1.1588,52,0,0.1689,15676.0,6,0,0,0,0.0,0
0.3592,61,0,0.8977,6515.0,9,0,0,0,1.0,0
0.8405,51,0,0.4963,5839.0,7,0,5,0,0.0,0
0.1499,44,0,0.5925,3567.0,10,0,2,0,0.0,0
0.2468,62,0,0.8197,,9,0,0,0,0.0,0
0.6379,44,0,0.7235,11537.0,14,0,1,0,1.0,0
0.2259,44,0,0.3029,20439.0,10,0,0,0,0.0,0
0.0295,28,0,0.2226,4638.0,3,0,1,0,1.0,0
0.7856,71,0,0.663,6240.0,8,0,0,0,1.0,0
0.3438,47,0,0.8152,2406.0,5,0,1,0,1.0,0
0.1737,46,0,0.3951,5762.0,9,0,0,0,1.0,1
0.3532,44,0,1.5016,4229.0,8,0,0,0,0.0,0
4.3571,47,2,0.7836,4309.0,10,1,0,1,0.0,0
0.1938,42,0,0.2502,1169.0,6,0,1,0,0.0,0
0.0256,36,0,0.9123,6192.0,0,0,0,0,2.0,0
0.4439,61,0,0.5359,6549.0,7,0,0,0,2.0,0
0.6489,43,0,0.6901,17463.0,4,0,0,0,1.0,0
0.6605,66,0,0.7792,3096.0,7,0,3,0,0.0,0
1.0455,53,0,0.1419,6648.0,8,0,1,0,1.0,0
0.3721,23,0,0.4935,2828.0,11,0,0,0,1.0,0
0.3702,61,0,0.7038,7657.0,11,0,2,0,1.0,0
0.5107,52,0,0.6543,3164.0,16,0,2,0,1.0,0
0.2472,53,2,0.2966,,5,0,1,0,0.0,0
0.2604,62,0,0.4087,5223.0,9,0,0,0,0.0,0
0.3496,40,0,0.8838,2097.0,9,0,0,0,0.0,0
0.2489,70,0,0.2397,6358.0,9,0,0,0,1.0,0
0.2349,47,0,0.6507,6329.0,6,0,1,0,1.0,0
0.1959,75,0,0.6181,14130.0,6,0,1,0,0.0,0
1.1318,35,0,1.2223,3312.0,7,0,2,0,1.0,1
0.2526,38,0,0.6113,3311.0,8,0,0,0,0.0,0
0.0435,55,0,0.4114,5549.0,9,0,1,0,,0
0.2555,57,0,0.2347,2950.0,5,0,2,0,0.0,0
0.3951,51,0,0.9632,3583.0,8,0,1,0,1.0,0
0.6608,54,0,0.1304,3139.0,12,0,0,0,0.0,1
0.7559,65,0,0.3398,7609.0,11,0,3,0,2.0,0
0.2945,48,0,0.1468,2944.0,12,0,0,0,0.0,0
0.3786,37,0,0.7071,10524.0,11,0,1,0,0.0,0
0.6386,71,0,0.2509,,7,0,2,0,0.0,0
0.1309,68,0,0.4592,2981.0,10,0,1,0,5.0,0
0.5089,66,0,0.6213,,10,0,1,0,0.0,0
0.219,35,0,0.7953,3369.0,7,0,1,0,1.0,0
0.6159,40,0,0.2265,11044.0,12,0,4,0,,0
1.0339,59,0,0.7491,7764.0,12,0,3,0,0.0,0
0.5122,77,0,0.5871,2713.0,4,0,0,0,1.0,1
0.6242,73,0,0.3244,4844.0,6,0,1,0,1.0,0
0.1197,50,0,0.2227,10151.0,7,0,1,0,2.0,0
0.2218,40,0,0.7109,8147.0,8,0,2,0,0.0,0
2.2919,37,0,0.0631,,5,0,2,0,,0
0.0766,48,0,0.3751,8039.0,11,0,1,0,0.0,0
0.1632,91,0,0.0918,6288.0,8,0,0,0,1.0,0
0.1739,38,0,0.3292,,3,0,0,0,1.0,0
0.324,52,0,0.4547,,4,0,0,0,1.0,0
1.387,41,0,0.1978,7907.0,10,0,2,0,1.0,0
0.4455,56,0,0.9661,,11,0,4,0,2.0,0
9.0027,26,0,0.6255,3427.0,8,0,1,0,1.0,0
0.5919,36,0,0.2927,5915.0,8,0,2,0,0.0,0
0.0708,38,0,0.3243,,9,0,0,0,1.0,0
0.5073,35,0,0.5793,3481.0,8,0,1,0,3.0,0
0.3982,40,0,0.1953,2378.0,10,0,1,0,0.0,0
0.5654,52,0,0.6271,4921.0,8,0,0,0,0.0,0
0.2148,71,0,0.1699,3737.0,3,0,3,0,0.0,0
0.3098,49,0,0.173,,8,0,2,0,0.0,0
0.2951,41,0,0.4086,,11,0,1,0,2.0,0
0.4734,59,0,1.2003,9188.0,9,0,1,0,1.0,0
0.7319,66,0,0.058,2863.0,8,0,0,0,1.0,0
0.042,35,0,0.3285,5025.0,8,0,1,0,0.0,0
0.2214,40,0,0.7059,3975.0,9,0,0,0,0.0,0
0.2132,42,0,0.891,1382.0,8,0,2,0,1.0,0
3.4407,48,0,0.0726,16075.0,5,0,1,0,1.0,0
0.012,49,0,0.2074,,15,0,0,0,0.0,0
0.199,54,0,0.4801,4999.0,6,0,2,0,0.0,0
0.9898,47,0,1.1134,2661.0,8,0,2,0,1.0,0
0.3417,60,0,0.2575,,7,0,2,0,1.0,0
0.4358,47,0,0.218,2879.0,6,0,1,0,0.0,0
0.7493,30,0,1.2537,9658.0,13,0,0,0,0.0,0
0.1369,60,0,0.3415,3451.0,7,0,0,0,0.0,0
0.7189,40,0,0.7059,8973.0,10,0,0,0,3.0,0
0.7377,45,0,0.539,3965.0,8,0,0,0,0.0,0
0.2956,63,0,0.2106,14152.0,7,0,1,0,1.0,0
2.3237,57,0,0.266,,5,0,1,0,0.0,0
0.4237,44,0,0.4191,6730.0,8,0,0,0,3.0,0
0.4182,68,0,0.6755,,7,0,0,0,0.0,1
3.3836,67,4,0.5339,,8,0,0,0,0.0,0
0.101,33,0,0.6045,8760.0,5,0,1,0,2.0,0
0.7752,21,0,0.8442,2391.0,5,0,0,0,0.0,0
0.1563,51,0,1.1795,,6,0,1,0,2.0,0
0.2815,49,0,0.4653,4599.0,7,0,1,0,1.0,0
0.1331,64,0,0.042,4981.0,7,0,0,0,1.0,0
0.3743,72,0,0.2361,8408.0,3,0,3,0,0.0,0
0.3407,74,0,0.166,10540.0,2,0,2,0,2.0,0
0.006,80,0,0.4551,4345.0,13,0,0,0,1.0,0
1.1451,37,0,0.5602,1958.0,12,0,1,0,0.0,0
0.7739,72,0,1.0679,4511.0,4,0,4,0,0.0,1
0.2661,29,0,0.6757,,5,0,0,0,0.0,0
0.5445,21,0,1.299,3943.0,9,0,2,0,0.0,1
0.1529,34,0,0.8483,3739.0,9,0,0,0,0.0,0
0.1306,53,0,0.4201,2241.0,9,0,0,0,1.0,0
0.9682,58,0,0.4207,,9,0,3,0,1.0,0
1.6683,46,0,0.0761,6942.0,11,0,4,0,0.0,0
0.3897,51,0,0.3809,5828.0,4,0,1,0,0.0,0
0.1514,54,0,0.8586,11039.0,3,0,1,0,1.0,0
3.6011,52,0,0.1667,4872.0,10,0,0,0,4.0,0
0.1581,36,0,0.2676,8226.0,6,0,0,0,1.0,0
0.51,54,0,0.4907,,5,0,1,0,2.0,0
0.6757,73,0,0.5581,,13,0,0,0,1.0,1
0.6238,49,0,0.4488,14722.0,12,0,1,0,0.0,0
0.0274,33,0,0.687,6252.0,8,0,1,0,0.0,0
0.1321,76,0,1.0884,4825.0,11,0,0,0,0.0,0
0.9895,53,0,0.2502,,10,0,0,0,0.0,0
0.4164,48,0,0.552,7458.0,11,0,1,0,1.0,0
0.5306,74,0,1.1267,5705.0,10,0,0,0,0.0,0
0.4197,41,0,0.6821,2028.0,8,0,1,0,1.0,0
0.4125,56,0,0.6185,5708.0,8,0,2,0,2.0,0
3.8308,28,0,0.3932,,5,0,1,0,0.0,0
0.7624,42,0,0.105,4364.0,13,0,1,0,0.0,0
2.5376,31,0,0.2763,,7,0,4,0,2.0,0
0.2714,50,0,0.5038,,8,0,1,0,1.0,0
3.1332,59,0,0.3804,,9,0,0,0,0.0,0
0.0541,49,0,0.1449,3091.0,6,0,2,0,3.0,0
0.1593,60,0,0.7429,11211.0,11,0,2,0,1.0,0
2.8223,52,0,0.5898,2946.0,4,0,1,0,1.0,0
0.4319,38,0,0.2787,2317.0,6,0,0,0,2.0,0
0.0706,65,0,0.4057,5305.0,9,0,2,0,0.0,0
0.0422,61,0,0.2338,7792.0,7,0,1,0,3.0,0
0.2306,61,0,0.2652,5045.0,9,0,2,0,1.0,0
4.7847,43,0,0.2358,4364.0,4,0,1,0,0.0,0
0.0731,30,0,1.5319,4896.0,8,0,1,0,2.0,0
0.7547,52,0,0.6124,,9,0,1,0,,0
0.8043,65,0,0.4405,2793.0,13,0,2,0,3.0,0
0.0112,46,0,0.7277,5673.0,8,0,0,0,2.0,0
0.6927,43,0,0.4159,,5,0,1,0,0.0,0
0.1114,57,0,0.571,3143.0,3,0,2,0,0.0,0
0.1234,28,0,0.9766,,6,0,2,0,1.0,0
0.3496,25,0,0.1627,6362.0,10,0,0,0,1.0,0
0.2266,62,0,0.6023,2028.0,10,0,1,0,0.0,0
0.1895,54,0,0.4217,4557.0,14,0,1,0,0.0,0
0.1665,58,0,0.3421,6271.0,5,0,3,0,1.0,0
0.1467,54,0,0.2663,,8,0,0,0,1.0,0
0.0202,32,0,0.8475,5718.0,8,0,1,0,2.0,0
0.6084,42,0,1.4729,6573.0,8,0,0,0,1.0,0
0.8697,47,1,0.1584,3489.0,7,0,2,0,0.0,0
0.8821,59,0,0.6821,3478.0,7,0,1,0,0.0,0
0.6322,45,0,0.9637,5216.0,8,0,1,0,1.0,0
0.2756,58,0,0.5824,13926.0,7,0,0,0,0.0,0
0.3376,41,0,0.7739,1896.0,9,0,1,0,0.0,0
0.557,73,0,0.5893,,4,0,1,0,0.0,0
0.8199,54,0,0.8459,2505.0,10,0,0,0,1.0,1
0.0768,57,0,0.3825,3220.0,5,0,1,0,1.0,0
1.3202,59,0,0.5059,2349.0,11,0,1,0,0.0,0
0.5863,21,0,0.2267,1699.0,13,0,1,0,0.0,0
0.3244,57,0,0.8394,,9,0,0,0,0.0,0
1.0098,50,0,0.7219,5837.0,8,0,0,0,1.0,0
0.2163,47,0,0.7566,4827.0,4,0,0,0,0.0,0
0.116,57,0,0.1362,5059.0,10,0,0,0,0.0,0
0.0774,45,0,0.7937,5442.0,8,0,0,0,1.0,0
0.1073,70,0,0.2433,42547.0,16,0,1,0,0.0,0
0.1789,77,0,0.7088,6341.0,10,0,1,0,1.0,0
0.2711,54,0,0.0739,10962.0,11,0,1,0,2.0,0
3.8156,63,0,0.4834,5973.0,12,0,1,0,1.0,0
0.1031,47,0,0.6458,2737.0,8,0,2,0,2.0,0
0.487,36,0,0.5843,2850.0,9,0,1,0,0.0,0
0.4002,57,0,0.103,5440.0,7,0,1,0,1.0,0
0.2425,37,0,1.2024,7722.0,4,0,2,0,0.0,0
0.0956,42,0,0.3428,3791.0,19,0,0,0,2.0,0
0.2761,52,1,0.7121,2342.0,6,2,2,2,0.0,0
2.0732,50,0,0.6279,7997.0,10,0,0,0,,0
0.1036,51,0,0.2758,16765.0,8,0,0,0,0.0,0
0.0531,67,0,0.2041,2713.0,10,0,2,0,4.0,0
0.0353,66,0,0.2702,2909.0,10,0,2,0,1.0,0
0.0385,66,0,0.3291,,9,0,1,0,2.0,0
0.8288,55,0,0.6791,6628.0,5,0,0,0,0.0,0
0.1109,34,0,0.6426,6483.0,9,0,2,0,0.0,0
0.2735,47,0,0.2492,2711.0,3,0,1,0,0.0,0
0.7704,43,0,0.518,,3,0,1,0,0.0,0
0.4337,54,0,0.3514,8186.0,9,0,2,0,1.0,0
0.3006,68,0,0.3168,4483.0,10,0,1,0,0.0,0
0.0051,57,0,0.4936,9175.0,6,0,1,0,3.0,0
0.1649,50,0,0.5579,,9,0,1,0,1.0,0
0.4264,62,0,0.4309,5306.0,8,0,0,0,1.0,0
0.2438,51,0,0.1792,12698.0,6,0,0,0,2.0,0
0.3341,50,3,0.5149,3634.0,8,0,0,0,0.0,0
0.7359,62,0,0.1256,6684.0,10,0,1,0,0.0,0
0.2334,58,0,0.0999,,7,0,1,0,3.0,0
0.0082,43,0,0.3506,6071.0,8,0,0,0,1.0,0
0.9335,32,0,1.2303,5120.0,6,0,1,0,1.0,0
0.272,54,0,1.0445,,6,0,2,0,0.0,0
0.6089,47,0,0.5518,6402.0,8,0,0,0,0.0,0
0.1104,46,0,0.2013,21976.0,7,0,1,0,0.0,0
1.48,45,0,0.5231,3663.0,2,0,0,0,1.0,0
0.3675,50,0,0.0486,5911.0,8,0,2,0,0.0,0
0.5815,53,0,0.5065,2469.0,5,0,0,0,1.0,0
0.4417,44,0,0.9729,15196.0,9,0,2,0,0.0,0
0.1933,40,0,0.1572,1510.0,6,0,1,0,1.0,0
6.5668,28,0,0.3285,12708.0,9,0,0,0,0.0,1
0.4692,52,0,0.1715,4219.0,8,0,2,0,0.0,0
0.0788,62,0,0.4777,12848.0,8,0,0,0,3.0,0
1.2043,54,0,0.0612,9476.0,5,0,1,0,3.0,0
0.4018,32,0,0.7789,,7,0,3,0,1.0,0
0.1329,40,0,0.1771,6497.0,18,0,2,0,1.0,0
0.3954,37,0,0.4404,7926.0,6,0,0,0,1.0,0
0.3923,39,0,0.434,4274.0,7,0,0,0,2.0,0
0.3249,42,0,0.2531,3464.0,4,0,1,0,0.0,0
0.0171,43,0,0.3124,15211.0,10,0,1,3,0.0,0
0.3739,84,0,0.7738,7128.0,10,0,2,0,,0
1.4085,44,0,0.246,,10,0,1,0,2.0,0
0.2281,24,0,0.5083,,6,0,1,0,2.0,0
0.462,66,0,0.6357,7481.0,7,0,0,0,2.0,0
0.3261,54,0,0.5307,3786.0,5,0,0,0,3.0,0
0.4987,64,0,0.2046,6179.0,2,0,0,0,0.0,0
0.1308,51,0,1.0368,4752.0,5,0,2,0,0.0,0
0.3255,71,0,0.1009,,7,0,0,0,0.0,0
2.0298,54,1,0.3882,,8,0,2,0,0.0,0
0.1172,65,0,1.0864,6983.0,1,0,1,0,1.0,0
0.157,65,0,0.611,1684.0,6,0,1,0,2.0,0
0.0295,47,0,0.0656,6478.0,6,0,0,0,2.0,0
0.4984,55,0,0.5307,4578.0,6,0,2,0,0.0,0
1.505,68,0,0.5441,,9,0,0,0,0.0,1
0.94,59,0,0.3935,,12,0,1,0,0.0,1
1.8166,66,0,0.4401,8090.0,7,0,1,0,0.0,0
0.3819,86,0,0.0714,6810.0,8,0,1,0,0.0,0
0.0712,45,0,0.131,3928.0,5,0,0,0,0.0,0
0.5715,47,0,0.3274,6423.0,6,0,0,0,1.0,0
0.2607,30,0,0.3885,,5,0,0,0,0.0,0
0.2137,37,0,0.6461,,12,0,1,0,4.0,0
0.2171,42,0,0.0941,,10,0,1,0,0.0,0
4.1014,57,0,0.5824,9560.0,5,0,2,0,0.0,0
0.5034,49,0,0.1445,,6,0,0,0,3.0,0
0.6467,44,0,0.0598,4135.0,8,0,0,0,0.0,0
0.3206,49,0,0.3762,5166.0,6,0,0,0,0.0,0
1.108,44,0,0.1756,2432.0,5,0,0,0,1.0,0
0.3405,48,0,0.2726,,9,0,1,0,1.0,0
0.571,31,0,0.3505,9466.0,7,0,1,0,2.0,0
0.042,71,0,0.4374,6560.0,7,0,4,0,0.0,0
0.1749,48,0,0.5608,5463.0,8,0,1,0,2.0,0
0.3426,44,0,0.1681,12936.0,5,0,1,0,1.0,0
0.1979,48,0,0.6458,,9,0,0,0,0.0,0
1.2278,40,0,0.684,3584.0,7,0,0,0,1.0,0
0.0289,68,0,0.6761,5378.0,5,0,0,0,2.0,0
0.3207,32,0,0.3288,,13,0,0,0,0.0,0
1.5347,53,0,0.3866,6111.0,7,0,0,0,1.0,0
0.3156,75,0,0.3886,8290.0,13,0,0,0,0.0,0
0.5645,41,0,0.645,2841.0,3,0,2,0,1.0,0
0.5556,22,0,0.2377,,7,0,0,0,1.0,0
0.1082,50,0,0.6899,3705.0,8,0,1,0,0.0,0
0.5408,49,0,0.8096,4236.0,8,0,2,0,2.0,0
2.8278,50,0,0.3939,2270.0,4,0,1,0,2.0,1
3.4428,43,0,0.5214,3400.0,14,0,3,0,4.0,0
0.5434,55,0,0.24,14824.0,11,0,1,0,0.0,0
1.7761,64,0,0.1109,11695.0,4,0,1,0,0.0,0
0.274,44,0,0.7285,3401.0,8,0,1,0,1.0,0
0.5134,55,0,0.0683,3875.0,9,0,0,0,1.0,0
0.1069,42,3,0.3856,5529.0,10,2,3,0,0.0,0
0.1487,81,0,0.151,6449.0,11,0,2,0,0.0,1
0.4935,67,0,0.1257,17762.0,6,0,1,0,0.0,0
0.174,79,0,0.7735,8064.0,3,0,2,0,1.0,0
0.8193,64,0,0.4056,6200.0,4,0,2,0,3.0,0
0.2174,34,0,0.4492,2772.0,12,0,1,0,3.0,0
0.214,42,0,0.2531,5342.0,11,0,1,0,0.0,0
0.7891,61,0,0.317,7779.0,4,0,0,0,0.0,0
0.5867,47,0,0.2858,10071.0,7,0,1,0,1.0,0
0.8241,61,0,0.5878,,9,0,2,0,0.0,0
0.2462,49,0,0.6841,,8,0,0,0,0.0,0
3.4092,63,0,0.542,10319.0,5,0,2,0,1.0,0
0.4539,79,0,0.2643,3137.0,5,0,0,0,0.0,0
0.0873,33,0,0.7563,6196.0,8,0,1,0,0.0,0
0.5875,29,0,1.263,1115.0,12,0,0,0,1.0,1
0.2903,48,3,1.3543,5002.0,6,0,1,0,1.0,0
0.82,51,0,0.2255,,6,0,2,0,1.0,0
0.3486,45,0,0.1804,6219.0,7,0,0,0,0.0,0
0.4382,57,0,0.5069,5712.0,5,0,0,0,0.0,0
0.4934,47,0,0.545,8482.0,9,0,3,0,0.0,0
0.3018,41,0,0.1855,3532.0,8,0,0,0,1.0,0
0.1768,56,0,1.1303,14805.0,4,0,0,0,1.0,0
0.5459,63,0,1.1357,,9,0,1,0,1.0,1
2.8566,55,0,0.5153,,9,0,1,0,0.0,1
0.5585,79,0,1.1068,3226.0,7,0,0,0,1.0,1
0.2785,47,0,0.0199,8587.0,4,0,3,0,1.0,0
0.6304,39,0,0.2792,5588.0,5,0,0,0,1.0,0
0.0004,56,0,0.5064,3318.0,5,0,2,0,1.0,0
0.1677,27,0,0.9372,5893.0,6,0,1,0,0.0,0
0.1886,80,0,0.581,5497.0,8,0,3,0,0.0,0
0.2967,75,0,0.1306,14332.0,12,0,2,0,1.0,0
1.1821,71,0,0.8048,7357.0,15,0,1,0,1.0,0
0.672,21,0,0.3465,2514.0,11,0,1,0,0.0,1
0.3278,46,0,0.4981,,5,0,1,0,2.0,0
0.0733,52,0,0.6578,,10,0,0,0,2.0,0
0.1704,53,0,0.3488,2841.0,5,0,1,0,2.0,0
0.6246,61,0,0.3005,6758.0,7,0,0,0,0.0,0
0.1564,67,0,0.3113,,3,0,0,0,0.0,0
0.1232,75,0,0.937,5137.0,7,0,0,0,0.0,0
0.8569,63,0,0.6515,,8,1,0,1,2.0,0
1.4976,50,0,0.3535,9563.0,11,0,3,0,1.0,0
3.2707,51,0,0.1351,,7,0,2,0,2.0,0
1.2523,62,1,1.0332,10213.0,7,0,1,0,1.0,0
1.9707,35,0,0.496,7184.0,10,0,2,0,0.0,0
0.4752,50,0,0.5265,1090.0,4,0,0,0,1.0,0
0.5283,75,0,0.6855,5659.0,8,0,2,0,0.0,0
0.3851,61,0,0.7302,16328.0,7,0,2,0,3.0,0
1.0685,67,0,0.1557,5069.0,9,0,1,0,2.0,0
0.6197,56,0,0.4467,2450.0,7,0,1,0,1.0,1
0.4916,66,0,0.2742,6314.0,11,0,1,0,1.0,0
0.8301,59,0,0.9211,3721.0,12,0,1,0,3.0,0
0.1238,78,0,1.1197,17032.0,5,0,0,0,1.0,0
0.1087,46,0,0.1839,15904.0,9,0,0,0,0.0,0
1.0155,42,2,0.8938,,6,0,1,1,1.0,0
0.0018,28,0,0.0157,4723.0,6,0,2,0,0.0,0
2.4021,52,0,0.4602,5006.0,6,0,3,0,0.0,0
0.2264,65,0,0.775,5531.0,10,0,0,0,2.0,0
0.4934,70,0,0.528,,8,0,1,0,0.0,0
0.145,53,0,0.5146,4652.0,8,0,0,0,2.0,0
0.5107,71,0,0.7418,1913.0,5,0,1,0,0.0,1
0.3042,56,2,0.7883,7922.0,10,0,0,0,0.0,0
0.3162,36,0,0.4988,9458.0,3,0,2,0,1.0,0
1.173,65,0,0.3185,4358.0,4,0,0,0,1.0,0
0.5487,44,0,0.651,3508.0,20,0,1,0,1.0,0
0.3524,46,0,0.1782,16931.0,9,0,0,0,1.0,0
3.4942,70,0,0.3707,,5,0,1,0,1.0,0
0.0421,70,0,0.4391,20550.0,5,0,1,0,0.0,0
0.1023,58,0,0.8566,2915.0,9,0,0,0,0.0,0
0.0919,42,0,0.4386,11773.0,9,0,1,0,0.0,0
0.0812,37,0,0.4809,3293.0,8,0,1,0,2.0,0
0.1549,59,0,0.5835,5530.0,9,0,0,0,0.0,0
0.4552,56,0,0.2039,,8,0,1,0,0.0,0
0.2943,47,0,0.7227,2529.0,7,0,2,0,,0
0.0189,59,0,0.9484,8350.0,18,0,2,0,1.0,0
0.6752,54,0,0.4047,,4,0,0,0,1.0,0
0.009,45,0,0.3577,8426.0,7,0,0,0,0.0,0
1.0261,37,0,0.2622,6882.0,8,0,0,0,1.0,0
0.2039,51,0,0.5355,6917.0,9,0,1,0,2.0,0
0.0038,47,0,0.4992,3435.0,5,0,3,0,2.0,0
0.4334,47,0,0.7208,2166.0,7,0,2,0,0.0,0
1.8306,51,0,0.4628,5098.0,11,0,0,0,,0
0.3359,52,0,1.0032,,7,0,1,0,0.0,0
0.1829,45,0,0.3844,2075.0,9,0,0,0,1.0,0
1.0691,61,0,0.9923,,7,0,1,0,0.0,0
0.5117,47,0,0.4738,2431.0,2,0,0,0,1.0,0
0.2678,57,0,0.6997,5228.0,6,0,2,0,1.0,0
1.0324,40,0,0.3037,3652.0,18,0,0,0,3.0,0
0.6072,45,0,0.6641,13524.0,6,0,1,0,0.0,0
0.5711,60,1,0.4628,,7,0,1,0,0.0,0
0.2091,33,0,0.8789,4845.0,12,0,1,0,2.0,0
0.9346,70,0,0.3299,,7,0,0,0,1.0,0
0.2454,60,0,0.8831,,7,0,3,0,0.0,0
0.9472,53,0,0.5401,5285.0,9,0,0,0,1.0,0
0.4161,59,0,0.5699,7801.0,9,0,3,0,1.0,0
4.6418,35,0,0.7093,2891.0,6,0,1,0,0.0,0
0.2528,57,0,0.1476,,6,0,0,0,1.0,0
0.0291,28,0,0.5413,,8,0,1,0,2.0,0
0.5693,65,0,0.3674,5420.0,8,0,1,0,0.0,0
0.1008,39,0,0.5656,5436.0,7,0,1,0,1.0,0
0.496,63,0,0.3971,3998.0,7,0,0,0,2.0,0
0.8353,38,0,0.9759,6695.0,5,0,0,0,3.0,0
0.8506,53,0,0.5576,3548.0,3,0,2,0,1.0,0
0.2408,53,0,0.4327,4568.0,3,0,0,0,1.0,0
1.0304,53,0,1.0043,6659.0,5,0,2,0,2.0,0
0.2375,60,0,0.9398,13095.0,7,0,0,0,1.0,0
0.3645,37,0,1.0787,3629.0,5,0,4,0,0.0,0
1.4353,26,0,0.7841,4678.0,4,0,0,0,1.0,1
0.3299,42,0,0.6883,4924.0,5,0,1,0,0.0,0
0.1611,67,0,0.5336,4300.0,5,0,1,0,0.0,0
0.1302,47,0,0.5975,1808.0,9,0,0,0,0.0,0
0.4525,43,0,0.7475,4466.0,12,0,2,0,0.0,0
0.1893,77,0,0.1538,,14,0,1,0,0.0,0
2.4897,37,0,0.3802,2916.0,11,0,1,0,,0
0.7146,65,0,0.7579,,4,0,2,0,0.0,1
0.3241,38,0,0.1257,5146.0,11,0,4,0,0.0,0
0.7205,37,0,0.2996,4390.0,11,0,1,0,0.0,0
0.7318,64,0,0.3678,,10,0,2,0,0.0,0
0.6607,61,0,0.7777,,8,0,2,0,0.0,0
0.1097,40,0,0.3053,2365.0,13,0,3,0,2.0,0
0.5454,23,0,0.2812,,11,0,1,0,1.0,0
0.7756,50,0,0.3757,1604.0,8,0,0,0,,0
0.1106,50,0,0.5003,,6,0,1,0,2.0,0
0.4527,79,0,0.649,12151.0,6,0,1,0,3.0,0
0.0636,35,0,0.7242,4707.0,9,0,1,0,1.0,0
0.2151,49,0,0.1114,7378.0,4,0,1,0,0.0,0
0.7824,50,3,0.8574,,13,0,0,2,1.0,0
0.2743,51,0,0.3037,2473.0,4,0,1,0,1.0,0
0.3288,43,0,0.6925,,7,0,0,0,1.0,0
0.4558,45,0,0.5114,,5,0,2,0,1.0,0
1.6346,50,1,0.6979,,9,0,0,1,1.0,0
3.988,56,0,0.0809,7327.0,11,0,2,0,0.0,0
0.4945,64,0,0.5671,1507.0,4,0,0,0,0.0,0
0.4134,56,0,0.7316,8245.0,10,0,0,0,1.0,0
0.2662,44,0,0.1984,14471.0,8,0,1,0,1.0,0
0.5611,68,0,0.3587,2246.0,5,0,1,0,1.0,0
0.0931,56,0,0.0822,15962.0,9,0,1,0,0.0,0
0.1288,56,0,0.6875,5800.0,10,0,2,0,0.0,0
1.0508,41,0,0.8605,5840.0,11,0,4,0,0.0,0
0.045,69,0,1.2129,9387.0,2,0,1,0,0.0,0
0.6164,53,0,0.6364,8685.0,11,0,1,0,1.0,0
0.173,64,0,0.5546,3612.0,8,0,1,0,0.0,0
0.6217,46,0,0.2336,1909.0,4,0,0,0,2.0,0
0.2153,41,0,0.5552,17101.0,4,0,0,0,1.0,0
1.0463,31,0,0.4223,4617.0,11,0,2,0,0.0,0
0.2756,53,0,0.2995,,8,0,3,0,0.0,0
0.1609,38,0,1.0484,23972.0,9,0,0,0,0.0,0
0.0622,38,0,0.4003,3538.0,11,0,1,0,0.0,0
1.8798,64,2,0.5609,10432.0,5,0,2,0,3.0,0
0.0747,59,0,0.6654,12453.0,8,0,2,0,2.0,0
2.7876,40,0,1.0296,6769.0,5,0,1,0,2.0,0
0.8537,21,0,0.5177,6217.0,3,0,1,0,1.0,0
0.3519,35,0,0.0741,16525.0,6,0,1,0,0.0,0
0.2708,82,0,0.9366,5741.0,3,0,0,0,0.0,0
0.0895,54,0,0.8532,3300.0,4,0,0,0,0.0,0
0.3947,42,0,0.5432,,15,0,1,0,0.0,0
0.9513,63,0,0.2585,7348.0,8,0,2,0,0.0,0
0.1664,42,0,0.4522,4196.0,10,0,0,0,2.0,0
2.3915,38,0,0.1915,2518.0,9,0,1,0,0.0,0
0.9513,55,0,0.5715,15931.0,6,0,0,0,1.0,0
0.4119,53,0,0.2404,2867.0,11,0,1,0,0.0,0
0.3692,33,0,0.0582,,7,0,0,0,0.0,0
0.2136,47,0,1.0343,7148.0,6,0,1,0,0.0,0
0.4732,37,0,0.9214,4082.0,17,0,0,0,1.0,0
0.0856,56,0,0.6622,,7,0,0,0,0.0,0
5.3078,50,0,0.7038,17824.0,7,0,0,0,0.0,0
0.1837,67,0,0.6064,,3,0,0,0,1.0,0
0.6044,35,0,0.2621,3102.0,4,0,0,0,3.0,0
0.445,56,0,0.5777,4610.0,8,0,2,0,1.0,0
2.3448,43,0,0.7043,,12,0,2,0,2.0,1
0.3187,62,0,0.2378,12430.0,8,0,0,0,0.0,0
0.8387,21,0,0.1949,4504.0,11,0,0,0,1.0,0
0.3147,69,1,0.6418,,12,0,0,0,1.0,0
0.0692,64,0,0.4583,,11,0,0,0,0.0,0
0.2657,54,0,0.3064,2871.0,6,0,0,0,0.0,0
0.4422,74,2,0.2414,5681.0,9,0,5,0,0.0,0
0.4196,45,0,0.6524,5622.0,9,0,1,0,1.0,0
0.3406,72,0,0.1375,2080.0,14,0,0,0,2.0,0
0.0169,62,0,0.7382,4642.0,9,0,1,0,0.0,0
0.4779,49,0,0.9013,,10,0,0,0,1.0,0
0.588,74,0,0.62,5352.0,8,0,1,0,0.0,1
0.2559,57,0,0.1381,5083.0,4,0,0,0,0.0,0
0.2503,48,0,0.2877,,5,0,0,0,3.0,0
0.3876,64,0,0.8222,13212.0,4,0,1,0,2.0,0
0.1423,47,0,0.3122,7454.0,12,0,0,0,0.0,0
1.228,37,0,0.0313,6945.0,10,0,1,0,0.0,0
0.1256,57,0,0.6534,7584.0,2,0,1,0,2.0,0
0.6033,56,0,0.3396,5606.0,10,0,1,0,0.0,0
0.3727,53,0,0.2996,7834.0,8,0,1,0,1.0,0
0.1321,52,0,0.3028,6973.0,5,0,2,0,1.0,0
1.5842,45,0,0.9384,7047.0,13,0,0,0,,0
2.821,41,0,0.6393,,8,0,1,0,0.0,0
0.1863,67,0,0.1935,9454.0,4,0,3,0,1.0,0
0.1739,54,0,0.4843,7676.0,11,0,1,0,0.0,0
3.8078,53,0,0.0924,,9,0,0,0,2.0,0
0.5328,32,1,0.2207,5465.0,7,0,1,0,0.0,0
0.7965,63,0,0.8431,,6,0,0,0,0.0,0
0.5045,43,0,0.6518,6668.0,5,0,0,0,0.0,0
0.0888,45,0,0.2338,,10,0,1,0,0.0,0
0.3127,60,0,0.5178,4960.0,6,0,0,0,2.0,0
1.0352,42,0,0.3497,3491.0,7,0,0,0,1.0,1
0.1085,52,0,0.2795,7294.0,6,0,2,0,1.0,0
0.3167,54,0,0.8442,7512.0,3,0,3,0,0.0,0
0.0558,55,0,0.4962,5787.0,12,0,0,0,2.0,0
0.5927,54,0,0.5378,3475.0,7,0,0,0,0.0,0
0.461,56,0,0.3728,2149.0,12,0,1,0,0.0,0
0.0041,65,0,0.289,10335.0,13,0,0,0,1.0,0
1.0512,56,0,0.9228,,5,0,4,0,2.0,0
0.0298,73,0,0.6537,1285.0,6,0,1,0,,0
0.0913,49,0,0.1821,4161.0,7,0,0,0,1.0,0
0.4516,52,0,0.3462,5317.0,5,0,2,0,2.0,0
0.5307,84,0,0.2486,,5,0,3,0,1.0,1
5.6849,42,0,0.0435,6429.0,11,0,1,0,0.0,0
7.0052,44,0,0.2826,9848.0,7,0,0,0,4.0,0
0.4354,47,0,0.9977,9269.0,11,0,0,0,1.0,0
0.6149,75,0,1.0295,9999.0,5,0,2,0,2.0,0
1.0228,60,0,0.3383,,6,0,0,0,1.0,0
3.9701,64,0,0.1381,4429.0,3,0,0,0,2.0,0
0.6816,48,0,0.4271,4102.0,6,0,2,0,2.0,0
0.441,40,0,0.4847,4859.0,9,0,2,0,0.0,0
1.68,39,0,0.6088,,6,0,0,0,0.0,0
0.766,48,0,0.6034,1621.0,7,0,1,0,1.0,1
0.1865,67,0,0.0838,8183.0,9,0,1,0,0.0,0
0.3136,50,0,0.7403,4564.0,9,0,1,0,2.0,0
0.043,58,0,0.2285,7142.0,12,0,3,0,1.0,0
2.3286,24,1,0.1432,,6,0,0,0,1.0,0
0.9513,47,0,0.7605,7114.0,7,0,0,0,0.0,0
0.0175,43,0,0.2123,1707.0,4,0,1,0,0.0,0
4.4179,55,1,0.33,11548.0,6,0,0,0,3.0,0
0.2934,76,0,0.5912,6003.0,8,0,0,0,0.0,0
0.4976,66,0,0.4042,,4,0,0,0,0.0,0
0.4969,45,0,0.2057,3562.0,4,0,1,0,1.0,0
1.1725,34,0,0.6633,4363.0,6,0,1,1,0.0,0
0.45,58,0,0.4389,1798.0,6,0,3,0,0.0,0
0.4306,54,0,0.7192,6398.0,6,0,1,0,2.0,0
0.1463,55,0,0.5689,8410.0,12,0,1,0,1.0,0
0.7106,45,0,0.5207,2878.0,8,0,1,0,1.0,0
3.5813,62,0,0.5613,5192.0,3,0,1,0,0.0,0
0.355,49,0,0.0862,2939.0,6,0,0,0,1.0,0
0.1082,34,0,0.8646,,7,0,1,0,1.0,0
0.0533,71,0,0.2513,3758.0,6,0,0,0,2.0,0
0.0453,56,0,0.7421,6392.0,6,0,0,0,0.0,0
0.0973,69,0,0.9046,4406.0,9,0,0,0,3.0,0
0.8841,63,0,0.7182,3280.0,10,0,0,0,0.0,0
1.0401,63,0,0.8913,10869.0,9,0,1,0,,0
0.9559,84,0,0.1028,,6,0,0,0,0.0,1
0.3235,63,0,0.5961,12128.0,4,0,1,0,2.0,0
0.8156,34,0,0.3283,2660.0,5,0,1,0,0.0,0
0.1158,38,0,0.4532,2565.0,11,0,0,0,0.0,0
0.2155,48,0,0.7135,,10,0,1,0,1.0,0
0.9446,32,0,0.187,5954.0,5,0,0,0,0.0,0
0.2124,35,0,0.4128,,4,0,2,0,0.0,0
0.4501,70,0,0.1397,7979.0,8,0,0,0,0.0,0
0.7679,64,0,0.66,3460.0,4,0,2,0,0.0,1
0.5406,63,0,0.6418,,6,0,1,0,1.0,0
0.3546,43,0,0.8004,4450.0,8,0,0,0,2.0,0
0.5842,39,0,0.4124,6883.0,6,0,5,0,1.0,0
0.0908,48,0,0.7058,,9,0,0,0,1.0,0
0.3827,66,2,0.1587,7767.0,11,1,1,2,2.0,0
0.1588,50,0,0.0213,2705.0,7,0,0,0,,0
0.841,63,0,0.6345,4845.0,9,0,1,0,0.0,0
1.2039,75,0,0.4084,7026.0,11,0,2,1,1.0,0
1.9269,48,1,0.711,4644.0,5,0,0,0,0.0,0
0.0763,36,0,0.7225,7232.0,8,0,0,0,2.0,0
0.907,77,5,0.7775,7329.0,10,0,0,0,0.0,0
0.576,59,0,0.2307,,4,0,0,0,1.0,0
0.375,39,0,0.8323,12494.0,7,0,0,0,2.0,0
0.1434,41,0,0.3774,7036.0,6,0,0,0,1.0,0
0.4782,67,0,0.4606,,8,0,1,0,1.0,1
0.2312,49,0,0.0606,6515.0,6,0,2,0,1.0,0
0.4232,37,0,0.4545,10182.0,8,0,2,0,0.0,0
0.3841,36,0,0.4848,5362.0,9,0,1,0,2.0,0
2.2224,62,0,0.5238,12443.0,5,0,0,0,1.0,0
0.9785,60,0,0.5833,3960.0,5,0,2,0,1.0,0
0.4056,75,0,0.4948,3068.0,5,0,2,0,0.0,0
0.5784,21,0,0.9057,7125.0,5,0,2,0,0.0,0
0.0803,53,0,0.4853,,6,0,1,0,0.0,0
5.7611,40,0,0.2309,9207.0,8,0,0,0,3.0,0
0.2099,32,0,0.1681,2852.0,9,0,0,0,0.0,0
4.4086,50,0,0.6685,3135.0,11,0,0,0,1.0,0
0.4275,57,0,0.3912,,7,0,3,0,0.0,0
0.332,66,0,0.7139,6716.0,6,0,0,0,1.0,0
1.6612,77,0,0.317,10380.0,4,0,0,0,0.0,0
0.1032,38,0,0.9623,4592.0,7,0,0,0,0.0,0
4.3027,56,0,0.0232,2690.0,12,0,1,0,1.0,0
0.2836,45,0,0.7863,,6,0,0,0,0.0,0
0.2174,34,0,0.1431,3588.0,13,0,2,0,0.0,0
1.0582,69,0,0.8406,,9,0,0,0,2.0,1
0.2154,66,0,0.3929,13128.0,7,0,0,0,0.0,0
0.5247,57,0,1.1205,4662.0,8,0,1,0,0.0,1
0.7806,59,0,0.5987,15149.0,11,0,2,0,0.0,0
3.6997,47,0,0.8925,11448.0,7,0,1,0,0.0,0
0.0955,57,0,0.8611,2367.0,9,0,0,0,1.0,0
0.6423,54,0,0.4436,4007.0,7,0,1,0,1.0,0
0.4859,49,0,0.69,,5,0,0,0,1.0,0
0.2612,63,0,0.3552,10734.0,9,0,4,0,0.0,1
0.0446,44,0,0.5331,8948.0,8,0,1,0,1.0,0
0.6745,67,0,0.9243,4713.0,8,0,3,0,0.0,0
0.7855,70,0,0.4257,2293.0,3,0,0,0,1.0,0
0.0952,60,0,0.4115,,1,0,1,0,0.0,0
1.5796,54,0,0.5445,,10,0,1,0,0.0,0
0.1253,49,0,0.2145,4019.0,8,0,0,0,1.0,0
0.901,46,0,0.513,2148.0,11,0,2,0,1.0,0
0.6188,57,0,0.3459,,8,0,3,0,0.0,0
0.4033,40,0,0.4866,12096.0,7,0,1,0,0.0,0
0.1419,38,1,0.0868,4065.0,6,1,3,0,1.0,0
0.1967,39,0,0.5716,,14,0,1,0,2.0,0
0.8702,47,0,0.1091,,8,0,0,0,0.0,0
4.5237,39,0,0.8443,,10,0,2,0,0.0,0
0.3859,36,1,0.7932,12925.0,7,0,2,1,,0
0.4344,42,0,0.712,,6,0,0,0,2.0,0
0.7288,51,0,0.5645,3480.0,6,0,1,0,1.0,0
1.547,48,0,0.8667,5472.0,4,0,1,0,0.0,0
0.6083,55,0,0.6885,5065.0,10,0,0,0,0.0,0
0.2795,66,0,0.2642,5169.0,5,0,2,0,0.0,0
0.0012,56,0,0.3398,1691.0,6,0,2,0,0.0,0
0.0469,37,0,0.6139,6417.0,9,0,0,0,0.0,0
0.5227,66,0,0.8711,2888.0,8,0,0,0,2.0,0
0.3224,50,0,0.4489,7657.0,6,0,1,0,0.0,0
4.916,56,0,0.3737,7355.0,8,0,0,0,0.0,0
0.297,57,0,0.9299,,9,0,0,0,1.0,0
1.1759,55,0,0.8987,6655.0,2,0,0,0,1.0,0
0.1565,77,0,0.7104,,6,0,1,0,1.0,0
0.8459,50,0,0.268,3010.0,5,0,0,0,0.0,0
0.6213,66,0,0.5986,17448.0,11,0,1,0,0.0,0
0.2388,52,0,0.2143,3520.0,6,0,0,0,1.0,0
0.71,53,0,0.2427,9163.0,10,0,1,0,1.0,0
0.6641,48,0,0.3891,,11,0,2,0,1.0,0
0.5949,31,0,0.8152,7555.0,4,0,0,0,0.0,0
0.8543,60,0,0.8976,7887.0,9,0,0,0,2.0,0
0.8426,62,0,0.61,8371.0,6,0,0,0,2.0,0
0.0228,21,0,0.1327,5620.0,11,0,0,0,1.0,1
0.3002,51,0,0.4601,9498.0,6,0,2,0,0.0,0
0.1388,53,0,0.3246,2923.0,8,0,1,0,0.0,0
0.2408,52,0,0.2159,5453.0,5,0,2,0,2.0,0
0.37,58,0,0.6674,20432.0,10,0,1,0,0.0,0
0.1149,46,0,0.612,,13,0,0,0,0.0,0
0.1059,55,0,0.43,,5,0,6,0,1.0,0
1.9866,76,0,1.0021,11805.0,6,0,2,0,,0
0.306,29,0,0.7697,,4,0,2,0,2.0,0
0.1801,59,0,0.4356,,8,0,2,0,0.0,0
0.6357,47,0,0.2518,5436.0,11,0,1,0,0.0,0
0.1749,45,0,0.8745,,7,0,0,0,2.0,0
0.2166,70,0,0.5075,3272.0,10,0,1,0,1.0,0
0.8519,53,0,0.1296,7885.0,5,0,1,0,2.0,0
0.3759,49,0,0.4297,6864.0,8,0,0,0,,0
0.2069,54,0,0.1284,1718.0,4,0,0,0,0.0,0
0.7735,36,0,0.4991,5904.0,10,0,2,0,1.0,0
0.4702,70,0,0.2036,3998.0,9,0,0,0,1.0,0
0.2107,60,0,0.8991,9709.0,7,0,0,0,3.0,0
0.0917,43,0,0.3815,1350.0,6,0,1,0,1.0,0
0.141,45,0,0.9142,4369.0,11,0,1,0,1.0,0
0.0094,53,0,0.6393,7524.0,2,0,1,0,0.0,0
0.3488,64,0,0.6514,8275.0,6,0,0,0,2.0,0
0.8203,39,0,0.5642,4825.0,8,0,2,0,0.0,0
2.6833,41,0,0.4053,13869.0,9,0,0,0,1.0,0
0.268,60,0,0.3767,4209.0,9,0,0,0,2.0,0
0.0751,44,0,0.448,5939.0,12,0,0,0,1.0,0
0.7528,47,0,0.1789,,8,0,1,0,0.0,0
0.3293,57,0,0.1407,,6,0,1,0,0.0,0
0.0843,30,0,0.2356,7665.0,6,0,0,0,2.0,0
0.9525,64,0,0.5077,1832.0,12,0,1,0,,0
3.5513,43,0,0.5818,1992.0,6,0,2,0,1.0,0
0.4954,79,0,0.2937,5584.0,14,0,1,0,0.0,0
0.2863,78,0,0.2384,2558.0,8,0,2,0,0.0,0
0.06,72,0,0.4806,4635.0,8,0,0,0,0.0,0
0.0781,41,0,0.7168,,6,0,1,0,0.0,0
2.231,37,0,0.3322,4746.0,8,0,3,0,0.0,0
0.3074,49,0,0.1283,10953.0,10,0,0,0,1.0,0
0.5122,64,0,0.5494,3535.0,7,0,2,0,0.0,0
6.8439,63,0,0.3866,1957.0,7,0,0,0,1.0,0
0.3724,50,0,0.4598,13540.0,6,0,2,0,1.0,0
0.3384,21,0,0.1999,,4,0,0,0,1.0,0
0.8626,54,0,0.0282,2419.0,3,0,1,0,1.0,0
0.461,30,1,0.1249,2638.0,4,0,3,0,1.0,0
1.7055,56,0,0.3924,7486.0,11,0,0,0,1.0,0
0.4466,52,0,0.1833,7847.0,6,0,1,0,1.0,0
0.1767,38,0,0.6757,4963.0,8,0,1,0,1.0,0
0.367,77,0,0.341,,7,0,0,0,,0
0.5711,53,0,1.0732,3491.0,4,0,2,0,0.0,0
4.5229,62,0,0.536,5227.0,6,0,1,0,0.0,0
0.3997,67,0,0.2428,6990.0,8,0,4,0,2.0,0
1.8425,41,0,0.6079,3924.0,9,0,2,0,,0
0.3546,56,0,0.3222,1771.0,10,0,0,0,4.0,0
0.6713,32,0,0.072,4296.0,9,0,0,0,0.0,0
0.5917,50,0,0.1703,,7,0,0,0,0.0,0
0.2135,42,0,0.5586,3613.0,9,0,0,0,0.0,0
0.4567,51,0,0.9917,,9,0,2,0,2.0,0
0.7457,50,1,0.2518,8799.0,7,2,0,2,0.0,0
0.5141,41,0,0.1547,4882.0,5,0,0,0,0.0,0
0.2899,65,0,0.6493,,7,0,0,0,1.0,0
0.3092,59,0,0.0882,6701.0,9,0,0,0,2.0,0
1.0887,50,0,0.3841,10462.0,6,0,1,0,0.0,0
0.4677,88,0,0.0969,,9,0,1,0,,1
0.5257,36,0,0.312,9504.0,2,0,4,0,3.0,0
0.6324,34,0,0.1177,3971.0,12,0,1,0,0.0,0
0.449,72,1,0.1401,3150.0,9,0,1,0,0.0,1
0.4354,65,0,1.2962,7862.0,5,0,1,0,1.0,0
0.4348,68,0,0.1774,4489.0,11,0,1,0,0.0,0
0.009,72,0,0.1727,3871.0,9,0,1,0,1.0,0
0.4752,72,0,1.0327,1800.0,8,0,0,0,2.0,0
0.4442,41,0,0.5793,3133.0,7,0,2,0,,0
0.5686,50,0,0.8897,2932.0,13,0,2,0,0.0,0
0.9673,62,0,0.3685,5643.0,2,0,2,0,0.0,0
1.8906,33,0,0.199,1302.0,0,0,1,0,2.0,0
0.0794,42,0,0.5775,3387.0,15,0,0,0,1.0,0
0.2264,77,0,0.7867,4272.0,9,0,2,0,0.0,0
0.2647,36,0,0.6875,,8,0,0,0,2.0,0
0.18,59,0,0.6151,4419.0,5,0,1,0,0.0,0
0.5642,53,0,0.5405,8583.0,8,0,2,0,2.0,0
0.2548,59,1,0.4063,,6,0,0,2,2.0,0
0.093,35,0,0.659,6423.0,6,0,0,0,1.0,0
0.6727,59,0,0.2142,,7,0,1,0,1.0,0
0.2346,28,0,0.6562,,10,0,2,0,2.0,0
0.9049,47,0,0.255,,11,0,1,0,0.0,0
0.0532,50,0,0.4173,14567.0,7,0,1,0,3.0,0
0.6508,55,0,0.5857,10902.0,10,0,1,0,0.0,0
0.5118,69,1,0.1045,8539.0,6,0,1,0,1.0,0
0.0108,40,0,0.2689,5463.0,11,0,1,0,0.0,0
3.5463,65,0,0.5022,6743.0,11,0,4,0,0.0,0
0.5742,72,0,1.2869,2721.0,5,0,1,0,2.0,1
0.5962,42,0,0.092,2229.0,5,0,0,0,0.0,0
0.3942,29,1,0.5841,,4,0,0,0,,0
0.1608,47,0,0.0699,6009.0,3,0,0,0,1.0,0
0.2278,68,0,0.4179,5682.0,5,0,3,0,1.0,0
0.7292,70,0,0.2347,,7,0,0,0,1.0,0
0.1247,42,0,0.5341,8432.0,4,0,1,0,0.0,0
0.4102,54,0,0.6527,3711.0,10,0,3,0,2.0,0
0.3859,62,0,0.6416,2789.0,6,0,2,0,,0
0.2475,66,0,0.1001,6283.0,6,0,2,0,0.0,0
0.6919,62,0,1.2919,4599.0,6,0,2,0,1.0,0
0.3965,72,0,0.7898,2833.0,7,0,0,0,2.0,0
0.3015,63,0,0.8381,,4,0,1,0,0.0,0
1.5373,52,0,0.3867,,11,0,2,0,0.0,0
0.0333,56,0,0.4502,2852.0,12,0,0,0,2.0,0
0.4968,55,0,0.3674,7108.0,8,0,0,0,0.0,0
1.0905,62,0,0.7317,11731.0,4,0,0,0,0.0,0
0.0315,32,0,0.0863,4024.0,5,0,0,0,0.0,0
0.6584,44,1,1.1109,4657.0,6,0,0,0,0.0,0
0.2629,57,0,0.0756,8924.0,12,0,1,0,3.0,0
0.699,64,0,0.4709,3759.0,9,0,1,0,1.0,0
2.4351,65,1,0.7144,4934.0,9,0,2,0,0.0,0
0.0837,21,0,0.4287,,8,0,2,0,0.0,0
0.1996,69,0,0.5937,,6,0,1,0,0.0,0
0.1709,54,0,0.5619,11696.0,9,0,1,0,0.0,0
0.6757,31,0,0.1541,11611.0,3,0,1,0,0.0,0
0.265,43,0,0.8827,,7,0,0,0,3.0,0
0.1953,30,0,0.4795,6332.0,12,0,1,0,1.0,0
0.1873,57,0,0.6728,6554.0,3,0,0,0,0.0,0
0.2481,47,0,0.4269,3395.0,10,0,3,0,0.0,0
2.2391,45,0,0.6864,,9,0,0,0,0.0,0
0.1461,84,0,0.3419,,10,0,0,0,1.0,0
0.364,60,0,0.3381,5474.0,7,0,0,0,1.0,0
4.0026,66,0,0.4946,4451.0,7,0,0,0,0.0,0
0.0145,49,0,0.2938,2711.0,10,0,0,0,3.0,0
0.3399,53,0,1.0344,1673.0,8,0,0,0,0.0,0
1.7558,51,0,0.6562,4719.0,10,0,1,0,1.0,0
0.2956,66,0,1.0627,4126.0,8,0,1,0,1.0,0
0.9187,65,0,0.385,6161.0,12,0,1,0,0.0,0
0.6785,54,0,0.2683,4551.0,8,0,0,0,0.0,0
0.1883,40,0,0.839,846.0,5,0,2,0,0.0,0
0.0427,71,0,0.5328,2673.0,9,0,1,0,0.0,0
0.1196,54,0,0.1706,9223.0,7,0,1,0,0.0,0
1.8466,27,0,0.6402,2685.0,9,0,0,0,0.0,0
0.3505,87,0,0.2328,7483.0,13,0,1,0,0.0,0
0.3107,57,0,0.3321,13851.0,10,0,1,0,1.0,0
0.0695,53,0,0.879,3339.0,5,0,0,0,0.0,0
0.1886,26,0,0.5543,2277.0,8,0,1,0,0.0,0
0.0625,64,0,0.8391,5096.0,10,0,1,0,2.0,0
0.1884,33,0,0.5329,5380.0,8,0,1,0,,0
0.1127,77,0,0.2893,3956.0,11,0,3,0,0.0,0
0.2743,21,0,0.4967,4986.0,7,0,1,0,0.0,0
0.7789,64,0,0.7162,,8,0,0,0,0.0,1
0.933,73,0,0.6404,38088.0,11,0,1,0,0.0,0
0.1155,56,0,0.4062,,9,0,1,0,2.0,0
0.0424,54,0,0.3085,2818.0,8,0,1,0,0.0,0
0.566,56,0,0.2707,9974.0,3,0,2,0,2.0,0
0.0626,27,0,1.1019,3965.0,6,0,3,0,0.0,0
0.0053,44,0,0.4711,7601.0,7,0,0,0,0.0,0
0.4931,56,0,0.5944,5381.0,7,0,0,0,0.0,0
0.3197,64,0,0.5551,9584.0,7,0,1,0,2.0,0
0.6007,64,0,0.5695,18473.0,7,0,0,0,0.0,0
0.39,38,0,0.6132,1138.0,7,0,1,0,2.0,0
0.7476,63,0,0.9364,3471.0,4,0,3,0,0.0,0
0.2769,62,0,0.1643,11197.0,4,0,0,0,1.0,0
0.9368,23,0,0.3432,7203.0,14,0,0,0,0.0,0
0.6678,31,0,0.2695,,4,0,2,0,0.0,0
0.7152,65,0,0.1232,5233.0,5,0,0,0,2.0,0
2.4242,52,1,0.6572,2788.0,12,0,1,0,2.0,0
1.3513,68,2,0.8763,2615.0,11,0,2,1,0.0,0
0.0515,80,0,0.2384,2952.0,13,0,1,0,0.0,0
0.6873,70,0,0.2175,8136.0,8,0,2,0,1.0,0
0.4437,45,0,0.4311,4877.0,8,0,0,0,0.0,0
0.302,46,0,0.2538,6281.0,14,0,2,0,0.0,0
0.1385,51,0,0.0565,6275.0,7,0,1,0,0.0,0
1.1096,60,0,0.2227,5095.0,10,0,1,0,0.0,0
0.7169,69,0,0.2158,6112.0,5,0,0,0,0.0,1
0.2453,28,0,0.743,5718.0,11,0,0,0,2.0,0
2.1994,54,0,0.2269,5230.0,8,0,1,0,1.0,0
0.5779,65,0,0.7722,16010.0,8,0,1,0,2.0,0
0.6272,70,1,0.4746,4261.0,11,0,3,0,1.0,0
0.1936,70,0,0.4627,8396.0,10,0,3,0,0.0,0
0.3548,28,0,0.1708,5823.0,8,0,1,0,0.0,0
0.2476,28,0,0.0341,3155.0,7,0,0,0,1.0,0
0.486,59,0,0.6676,3770.0,6,0,1,0,0.0,0
0.6527,77,0,0.2928,5776.0,10,0,1,0,2.0,0
0.3655,56,0,0.7047,,5,0,1,0,0.0,0
0.5103,52,0,0.6795,5966.0,5,0,1,0,0.0,0
0.0031,36,0,1.1438,5394.0,7,0,0,0,2.0,0
0.2194,42,0,0.7575,8319.0,10,0,0,0,2.0,0
0.306,39,0,0.8891,6318.0,12,0,0,0,1.0,0
0.7603,49,0,0.2191,6610.0,10,0,2,0,0.0,0
0.3327,43,0,0.2718,,6,0,1,0,0.0,0
0.0438,61,0,0.693,2712.0,13,0,1,0,0.0,0
0.4898,70,0,0.7907,9677.0,9,0,1,0,1.0,0
0.0828,48,0,0.1698,3537.0,9,0,0,0,1.0,0
2.2269,45,0,0.2374,,7,0,2,0,1.0,0
2.4757,44,2,0.6884,4428.0,7,0,1,2,1.0,0
0.107,77,0,1.1211,,9,0,0,0,1.0,0
0.4284,37,0,0.3673,3922.0,6,0,1,0,2.0,0
6.5883,54,0,0.8857,,8,0,0,0,1.0,0
0.1942,36,3,0.6037,7103.0,14,0,2,0,0.0,0
0.2318,25,0,0.4052,15388.0,4,0,0,0,4.0,0
0.7208,46,0,0.5051,3173.0,12,0,2,0,0.0,0
0.229,53,0,0.1885,10944.0,9,0,0,0,0.0,0
0.4009,39,0,0.192,6068.0,13,0,3,0,1.0,0
0.1325,38,0,0.6388,9260.0,5,0,1,0,,0
0.2581,35,0,0.4196,5284.0,6,0,1,0,2.0,0
0.6026,48,0,0.4391,6484.0,9,0,3,0,0.0,0
0.5047,49,0,0.7407,4945.0,8,0,3,0,0.0,0
0.4795,72,0,0.6224,2679.0,11,0,0,0,1.0,1
2.8224,64,0,0.5944,2714.0,6,0,3,0,1.0,0
0.4712,51,0,0.5219,,5,0,3,0,2.0,1
0.4783,34,0,0.5663,8599.0,5,0,0,0,1.0,0
0.8551,35,0,0.2982,3700.0,6,0,1,0,2.0,0
0.4723,59,0,0.1065,11333.0,11,0,2,0,1.0,0
0.1577,84,0,0.4247,11469.0,9,0,3,0,3.0,0
0.7539,49,0,0.6584,,7,0,0,0,0.0,1
0.1173,28,0,0.0912,3448.0,6,0,0,0,1.0,0
0.1339,62,0,0.1505,6369.0,8,0,2,0,0.0,0
0.8641,68,0,0.6594,,6,0,0,0,2.0,0
0.3928,57,0,0.1768,3169.0,11,0,1,0,0.0,0
0.4995,51,0,0.4152,7424.0,4,0,1,0,2.0,0
0.2015,41,0,0.6452,1990.0,7,0,1,0,1.0,0
3.5554,39,0,0.0255,5507.0,6,1,2,1,1.0,0
4.1042,58,0,0.2036,6219.0,2,0,2,0,1.0,0
0.706,39,0,0.3879,4051.0,8,0,1,0,1.0,0
0.4229,57,0,0.17,,8,0,1,0,1.0,0
0.1728,41,0,0.5506,,7,0,2,0,0.0,0
0.4604,65,0,0.626,7941.0,7,0,1,0,1.0,0
0.1822,46,0,0.2127,17528.0,10,0,1,0,0.0,0
0.2646,50,0,0.1878,16436.0,7,0,0,0,2.0,0
0.1048,58,2,0.2709,,5,0,3,0,0.0,0
0.5916,69,0,0.8098,6759.0,8,0,0,0,1.0,0
0.0333,63,0,0.9482,,9,0,1,0,0.0,0
0.2182,53,0,0.8915,3736.0,8,0,1,0,1.0,0
0.0712,53,0,0.9019,6953.0,6,0,2,0,1.0,0
0.9288,36,0,0.9464,4186.0,9,0,1,0,0.0,0
0.6076,48,0,0.1116,7396.0,10,0,1,0,2.0,0
0.5916,72,0,0.6244,4446.0,8,0,0,0,0.0,0
1.4951,54,0,0.3279,3094.0,4,0,1,0,2.0,0
3.8419,42,0,0.2732,8347.0,9,0,1,0,0.0,0
0.6179,63,0,0.2288,4451.0,8,0,1,0,1.0,0
0.097,55,0,0.1066,4688.0,8,0,0,0,0.0,0
0.1835,25,0,0.0376,2896.0,8,0,1,0,1.0,0
0.9101,40,0,0.4184,4059.0,6,0,0,0,0.0,0
1.0554,35,0,0.5126,,6,0,2,0,2.0,0
0.2094,38,1,0.6231,,8,1,0,0,1.0,0
0.7292,43,0,0.1143,7378.0,10,0,0,0,0.0,0
0.2227,61,0,1.0739,2839.0,6,0,1,0,1.0,0
0.1783,39,0,0.0321,8730.0,6,0,3,0,0.0,0
0.184,33,0,0.4543,3764.0,8,0,1,0,0.0,0
0.3902,62,0,0.7824,,6,0,3,0,0.0,0
0.2571,50,0,0.3007,3720.0,7,0,3,0,1.0,0
1.5456,64,0,0.6019,6525.0,10,0,0,0,2.0,0
0.1119,54,0,0.4383,19022.0,8,0,2,0,1.0,0
0.4328,95,0,0.6555,4363.0,6,0,1,0,0.0,1
0.5042,50,0,0.4615,3801.0,8,0,2,0,2.0,0
0.2128,40,0,0.3205,,8,0,1,0,2.0,0
0.1268,55,0,0.3043,11939.0,4,0,2,0,0.0,0
3.1418,47,0,0.8815,3013.0,8,0,1,0,0.0,0
0.3304,57,0,0.2818,3916.0,7,0,1,0,1.0,0
0.1675,48,0,0.1134,15967.0,10,0,0,0,2.0,0
1.5784,69,0,0.2096,6367.0,10,0,0,0,3.0,0
1.6048,70,0,0.2428,16240.0,6,0,1,0,0.0,0
0.6553,44,0,0.3285,3569.0,12,0,1,0,4.0,0
0.426,62,0,1.1435,6359.0,6,0,1,0,2.0,0
0.6352,64,0,0.4677,,7,0,1,0,0.0,0
0.2972,67,0,0.2407,8433.0,8,0,1,0,0.0,0
0.0633,33,0,0.4271,5425.0,7,0,1,0,1.0,0
0.6184,58,0,0.7427,,8,0,0,0,0.0,0
0.0822,37,0,0.3202,8459.0,9,0,1,0,0.0,0
0.5336,45,0,0.6247,,9,0,4,0,2.0,0
0.1771,53,0,0.2756,989.0,8,0,2,0,0.0,0
0.342,43,0,0.4276,,7,0,1,0,0.0,0
3.2569,52,2,0.1378,2073.0,7,0,1,0,0.0,0
11.3453,64,3,1.2786,,6,0,2,0,0.0,0
0.5557,56,0,0.309,5277.0,15,0,3,0,0.0,0
0.8087,45,0,0.1649,,5,0,1,0,2.0,0
0.4982,55,0,0.2804,3917.0,9,0,3,0,0.0,0
0.3874,55,0,0.2491,3177.0,13,0,0,0,1.0,0
0.5586,60,0,0.6035,4207.0,9,0,0,0,1.0,0
0.133,39,0,0.4274,6935.0,8,0,0,0,0.0,0
0.0856,48,0,0.3563,12410.0,6,0,0,0,0.0,0
0.7841,52,0,0.1882,10577.0,7,0,1,0,0.0,0
0.6722,74,2,0.2087,2294.0,7,0,0,2,0.0,0
0.2866,41,0,0.7938,3408.0,9,0,3,0,0.0,0
0.3147,56,0,0.3483,2574.0,8,0,0,0,1.0,0
0.247,45,0,0.8865,8409.0,7,0,1,0,1.0,0
1.6971,38,0,0.1583,,8,0,3,0,0.0,0
0.4982,58,0,0.4189,4868.0,4,0,1,0,1.0,0
0.3376,44,0,0.458,1964.0,7,0,2,0,1.0,0
0.3022,66,0,0.4441,7290.0,10,0,0,0,2.0,0
0.2925,41,0,0.5063,2611.0,12,0,0,0,2.0,0
0.712,51,0,0.6518,4415.0,6,0,1,0,2.0,0
5.3533,56,0,0.7732,,7,0,1,0,3.0,0
0.7061,52,0,0.3371,3295.0,9,0,1,0,0.0,0
0.7867,32,0,0.084,9476.0,9,0,1,0,1.0,0
0.5774,33,0,0.6001,4829.0,6,0,4,0,2.0,0
0.8866,59,0,0.8099,9120.0,7,0,0,0,1.0,0
0.1766,70,0,0.7698,3767.0,11,0,0,0,1.0,0
0.4549,34,0,0.2486,8851.0,10,0,1,0,1.0,0
0.7162,21,0,1.188,7675.0,12,0,1,0,2.0,0
0.0863,58,0,0.743,7192.0,6,0,1,0,0.0,0
6.9775,60,0,0.8465,5114.0,5,0,0,0,1.0,0
0.4641,64,0,0.6377,5724.0,7,0,0,0,1.0,0
0.4559,58,0,0.1709,7927.0,11,0,1,0,4.0,0
5.4668,62,0,0.0726,5028.0,6,0,0,0,1.0,0
0.2933,79,0,0.3794,12137.0,9,0,2,0,1.0,0
0.026,43,0,0.422,4263.0,6,0,1,0,0.0,0
4.2329,68,2,0.5766,,20,1,2,1,0.0,0
0.6609,78,0,0.6424,5286.0,16,0,1,0,1.0,1
0.0677,53,0,0.3393,14355.0,4,0,2,0,1.0,0
0.7938,49,0,0.6295,3796.0,5,0,0,0,0.0,0
0.1411,44,0,0.5499,2271.0,5,0,3,0,1.0,0
0.4442,33,0,0.9285,9027.0,11,0,0,0,2.0,0
0.4274,21,0,0.5054,2432.0,8,0,0,0,1.0,1
0.0223,68,0,0.3576,3336.0,6,0,1,0,0.0,0
0.5438,46,0,0.7402,,8,0,0,0,0.0,0
1.3703,50,0,1.208,7375.0,11,0,1,0,0.0,0
0.1609,38,0,0.2816,4470.0,9,0,0,0,0.0,0
0.4883,50,0,0.536,,9,0,2,0,1.0,0
0.3373,67,0,0.6767,8244.0,4,0,2,0,0.0,0
0.9726,43,3,0.9283,7671.0,7,0,0,0,0.0,0
0.7747,78,0,0.3499,6948.0,8,0,3,0,0.0,1
0.4608,49,0,0.35,,11,1,1,0,2.0,0
0.0267,54,0,0.3279,5634.0,12,0,1,0,0.0,0
0.0356,66,0,0.7128,8542.0,9,0,1,0,2.0,0
0.4115,64,0,0.3984,,7,0,2,0,1.0,0
0.1877,65,0,0.427,5072.0,11,0,0,0,1.0,0
0.0015,88,0,0.5576,2310.0,13,0,1,0,,1
1.4094,64,0,0.7048,4353.0,8,0,0,0,0.0,0
0.4969,54,0,0.1727,6235.0,13,0,0,0,1.0,0
0.4715,64,0,0.4587,,6,0,1,0,1.0,0
0.1581,41,0,0.2895,8735.0,6,0,1,0,0.0,0
0.5409,55,0,0.756,3075.0,7,0,2,0,1.0,0
0.2206,83,0,0.4977,4131.0,12,0,1,0,1.0,0
0.7754,47,0,0.034,5977.0,3,0,1,0,1.0,0
0.2513,63,0,0.8269,3504.0,3,0,0,0,,0
0.3804,44,0,0.6473,3636.0,5,0,0,0,0.0,0
0.6284,40,0,0.5762,2576.0,5,0,1,0,1.0,0
0.0045,45,0,0.5962,,5,0,2,0,1.0,0
0.3384,76,0,0.3025,8367.0,7,0,1,0,1.0,0
0.2805,58,0,0.5496,3430.0,10,0,2,0,0.0,0
0.1459,48,0,0.5232,,3,0,0,0,0.0,0
0.4764,48,0,0.3087,3449.0,5,0,0,0,1.0,0
0.2331,49,0,0.7692,4459.0,7,0,0,0,1.0,0
0.1372,54,0,0.2924,3474.0,4,0,2,0,0.0,0
0.5326,40,0,1.0142,15936.0,5,0,0,0,1.0,0
0.3001,59,0,0.4193,4792.0,9,0,0,0,0.0,0
0.1442,67,0,0.2492,3489.0,8,0,1,0,1.0,0
0.7052,51,0,0.4092,2819.0,10,0,1,0,2.0,0
0.5241,34,0,0.5685,2299.0,7,0,3,0,3.0,0
0.7705,56,0,0.4617,,10,0,1,0,1.0,1
0.4865,35,0,0.5484,,10,0,0,0,1.0,1
0.8691,32,0,0.1812,3324.0,5,0,1,0,0.0,0
0.2106,62,0,0.3,2219.0,11,0,1,0,0.0,0
0.4464,21,0,0.483,2696.0,4,0,3,0,0.0,1
0.1265,54,0,0.4366,,14,0,0,0,0.0,0
0.1418,64,0,0.3733,4022.0,3,0,2,0,0.0,0
0.1624,82,0,0.6035,,7,0,0,0,1.0,0
0.0723,28,0,0.6046,2150.0,7,0,2,0,0.0,0
0.3699,47,0,0.5997,1750.0,8,0,5,0,1.0,0
0.3358,41,0,0.2273,6059.0,6,0,1,0,1.0,0
0.9761,59,0,0.6412,10699.0,11,0,0,0,0.0,0
0.1425,38,0,0.802,8055.0,9,0,4,0,0.0,0
0.0963,83,0,0.7584,9460.0,9,0,0,0,1.0,0
0.063,38,0,0.7599,3514.0,6,0,1,0,0.0,0
0.2841,53,0,0.1987,20094.0,3,0,0,0,0.0,0
0.5261,61,0,0.3222,4074.0,5,0,1,0,1.0,0
7.3424,60,0,0.3928,3379.0,6,0,0,0,1.0,0
0.0016,49,0,0.5467,2417.0,11,0,1,0,0.0,0
0.6674,29,0,0.9946,11934.0,6,0,0,0,0.0,0
1.9487,48,0,0.5741,8115.0,7,0,1,0,3.0,0
0.8365,30,0,0.4083,11284.0,8,0,1,0,0.0,0
0.0978,51,0,0.3829,,7,0,1,0,0.0,0
0.2213,56,0,0.7078,,7,0,3,0,1.0,0
0.3959,45,0,0.2705,7172.0,4,0,3,0,4.0,0
0.4595,46,0,0.8485,,8,0,3,0,0.0,0
0.7445,36,0,0.7108,,10,0,1,0,2.0,0
0.5445,89,0,0.7473,11821.0,10,0,0,0,1.0,0
0.3652,60,0,0.7557,5762.0,9,0,0,0,0.0,0
0.3076,35,0,0.2634,12315.0,9,0,1,0,2.0,0
0.3592,37,0,0.8579,5558.0,9,0,3,0,0.0,0
2.3824,58,0,0.552,3650.0,10,0,2,0,0.0,0
0.7701,25,0,0.8617,6679.0,11,0,0,0,3.0,0
0.2714,41,0,0.1794,4768.0,11,0,2,0,1.0,0
0.2482,64,0,0.3175,7969.0,9,0,2,0,0.0,0
0.3476,66,0,0.7403,,14,0,1,0,2.0,0
1.8819,56,0,0.4214,6793.0,8,0,2,0,0.0,0
2.3174,52,0,0.7878,,7,0,1,0,0.0,1
0.7019,74,0,0.0964,8125.0,10,0,0,0,0.0,0
0.3281,36,0,0.377,,5,0,1,0,0.0,0
0.1846,42,0,0.7536,6865.0,11,0,0,0,0.0,0
0.3231,76,0,0.6496,9313.0,8,0,0,0,1.0,0
0.2537,51,0,0.2864,5308.0,9,0,3,0,0.0,0
0.3106,59,0,0.7185,4032.0,8,0,0,0,2.0,0
1.1146,54,0,0.1846,,7,0,1,0,0.0,0
0.4624,91,2,0.2295,4967.0,5,0,0,1,0.0,0
2.8517,45,0,0.7045,,5,0,0,0,1.0,0
0.8004,66,0,0.7265,2478.0,4,0,3,0,1.0,0
0.1906,27,0,0.6452,3753.0,4,0,0,0,0.0,0
0.898,56,2,0.1413,3056.0,2,0,0,2,0.0,0
1.1149,68,1,0.1648,4568.0,11,2,1,0,3.0,0
0.5127,65,0,0.2802,4291.0,12,0,0,0,1.0,0
0.0184,60,0,0.2757,4455.0,8,0,1,0,1.0,0
0.5455,63,0,0.6896,6773.0,5,0,1,0,1.0,0
0.6067,43,0,0.5766,,7,0,1,0,0.0,0
0.9557,63,0,0.3899,,12,0,0,0,1.0,0
0.4346,80,0,0.5104,,8,0,0,0,2.0,0
1.8781,43,0,0.1267,3531.0,2,0,1,1,0.0,0
0.0369,75,0,0.3986,4624.0,10,0,0,0,0.0,0
0.2926,54,0,0.675,17411.0,6,0,0,0,0.0,0
0.1228,58,0,0.7512,8364.0,7,0,1,0,0.0,0
0.0465,21,0,0.8105,1979.0,6,0,0,0,,0
0.6536,35,0,0.4624,8158.0,5,0,1,0,1.0,0
0.85,51,0,0.4815,4627.0,7,0,0,0,0.0,0
4.3158,68,0,0.6032,,11,0,0,0,0.0,0
0.6302,45,0,0.2895,6808.0,9,0,4,0,2.0,0
0.0464,42,0,0.8995,3345.0,8,0,4,0,0.0,0
0.5466,45,0,0.4654,8941.0,7,0,0,0,0.0,0
0.8188,81,0,0.272,6064.0,11,0,1,0,1.0,0
0.1047,66,0,0.4076,6705.0,11,0,1,0,0.0,0
4.551,49,0,0.3556,7546.0,4,0,1,0,1.0,0
0.3761,52,0,0.3392,4001.0,13,0,1,0,0.0,0
1.2392,22,0,0.3703,4274.0,8,0,2,0,1.0,0
0.3678,38,0,0.7526,2635.0,7,0,2,0,0.0,0
2.0706,38,1,0.404,4157.0,16,0,2,0,4.0,0
0.1746,49,0,0.1699,6930.0,7,0,0,0,0.0,0
0.1903,70,0,0.2645,,5,0,0,0,0.0,0
0.1504,48,0,0.5313,14114.0,13,0,1,0,0.0,0
0.4384,36,0,0.5066,4794.0,8,0,0,0,2.0,0
0.1797,46,0,0.4846,3266.0,5,0,1,0,1.0,0
0.8585,48,0,0.5419,6985.0,7,0,1,0,0.0,0
0.2769,49,3,0.3704,6672.0,4,0,0,0,0.0,0
2.3939,51,0,0.0186,7234.0,15,0,2,0,0.0,0
0.0596,59,0,0.4862,,8,0,2,0,2.0,0
0.0672,38,1,0.8749,6456.0,5,1,0,0,3.0,0
0.3352,72,0,0.2494,7255.0,4,0,2,0,0.0,0
0.9665,40,0,0.8458,785.0,11,0,1,0,0.0,0
0.6827,58,0,0.7474,,3,0,1,0,1.0,0
0.8502,37,0,0.4269,3004.0,9,0,1,0,2.0,0
0.4366,38,0,0.4073,,7,0,2,0,0.0,0
0.1229,68,0,0.1996,,13,0,3,0,0.0,0
0.2735,63,0,0.4338,3995.0,7,0,0,0,1.0,0
1.004,69,0,0.151,3147.0,7,0,2,0,1.0,0
0.3917,67,0,0.5666,6579.0,7,0,2,0,0.0,0
1.023,25,0,0.243,,6,0,1,0,3.0,0
2.6855,60,0,0.8323,9843.0,5,0,0,0,,0
0.2078,54,0,0.433,4028.0,8,0,0,0,0.0,0
0.0797,37,0,0.2,,7,0,0,0,0.0,0
0.7773,42,0,0.8697,3497.0,8,0,1,0,1.0,0
0.3852,37,0,0.819,1450.0,5,0,1,0,1.0,0
0.2564,59,0,0.2891,8766.0,11,0,1,0,2.0,0
0.7513,66,0,0.8506,4315.0,8,0,0,0,0.0,0
0.4187,52,0,0.8068,,8,0,0,0,0.0,0
0.1135,26,0,0.3362,3294.0,8,0,1,0,,0
0.19,49,0,0.1868,,11,0,2,0,0.0,0
0.3221,30,0,0.1656,,12,0,1,0,2.0,0
0.0254,84,0,0.0742,2371.0,12,0,1,0,1.0,0
0.5603,67,0,0.333,5790.0,10,0,0,0,1.0,0
0.579,65,0,0.2451,5878.0,9,0,0,0,0.0,0
0.4992,31,0,0.0416,2845.0,9,0,1,0,1.0,0
0.6211,66,0,0.5998,6283.0,9,0,0,0,2.0,0
0.3688,55,2,0.5789,,3,0,1,1,0.0,0
0.4851,49,0,0.8965,,8,0,4,0,0.0,0
0.0628,58,0,0.7545,8285.0,10,0,1,0,5.0,0
0.3377,21,0,0.7922,5762.0,8,0,2,0,0.0,0
0.328,54,0,0.7703,7999.0,7,0,1,0,1.0,0
9.5483,47,0,0.5189,7242.0,8,0,1,0,2.0,0
0.5065,43,0,0.2513,6797.0,6,0,0,0,1.0,0
0.9118,39,0,0.953,7387.0,5,0,2,0,0.0,0
2.1949,45,0,0.2149,4783.0,5,0,1,0,0.0,0
0.7208,47,0,0.7674,6528.0,12,0,0,0,2.0,0
0.5522,58,0,0.6336,6898.0,9,0,1,0,0.0,0
0.5902,47,0,0.3896,,7,0,0,0,1.0,0
0.481,21,0,0.3229,1957.0,5,0,1,0,3.0,0
0.9298,44,0,0.4215,9542.0,5,0,2,0,0.0,0
0.3446,50,0,0.3281,10623.0,9,0,1,0,2.0,0
0.5046,51,0,0.5402,3757.0,11,0,0,0,0.0,0
0.743,77,0,0.2772,6516.0,5,0,3,0,0.0,0
0.3444,39,0,0.458,3789.0,11,0,2,0,0.0,0
0.717,32,2,0.1917,10336.0,8,1,0,3,,0
1.4001,64,0,0.4851,,6,0,1,0,0.0,0
0.5138,54,0,0.5632,4229.0,6,0,0,0,0.0,1
0.5037,65,0,0.4666,2717.0,9,0,0,0,0.0,1
2.2177,21,0,0.3218,4006.0,3,0,0,0,3.0,0
2.1828,43,0,0.8677,3057.0,2,0,0,0,0.0,0
0.3396,60,0,0.619,5369.0,7,0,0,0,1.0,0
0.3786,43,1,0.6746,2375.0,10,0,1,1,1.0,0
0.3447,71,2,0.088,5243.0,7,0,2,0,4.0,0
0.5118,37,0,0.4925,8981.0,7,0,1,0,0.0,0
0.3657,78,0,0.2298,13192.0,6,0,0,0,1.0,0
0.518,46,0,0.8265,7196.0,9,0,0,0,1.0,0
0.1597,58,0,0.5665,,10,0,0,0,1.0,0
0.1186,39,0,0.4186,,11,0,2,0,0.0,0
4.2688,47,0,0.8712,,6,0,0,0,0.0,0
0.2974,76,0,0.7607,11350.0,10,0,1,0,0.0,0
0.1276,42,0,0.2136,3226.0,7,0,0,0,0.0,0
0.2317,51,0,0.6058,5237.0,12,0,2,0,0.0,0
0.2273,71,0,1.2631,4925.0,9,0,2,0,0.0,0
0.1027,40,0,0.0621,2877.0,11,0,2,0,2.0,0
3.1781,64,0,0.5096,1412.0,11,0,2,0,0.0,1
0.2937,48,0,0.2305,4900.0,9,0,1,0,2.0,0
1.8606,30,1,0.0897,4026.0,7,0,2,0,1.0,0
0.9398,65,0,0.8286,10947.0,10,0,1,0,0.0,0
0.2627,87,0,0.4885,21055.0,8,0,0,0,0.0,0
0.4424,69,0,0.5591,,5,0,0,0,1.0,1
0.7674,57,0,0.2638,6128.0,11,0,2,0,1.0,0
0.7775,44,0,0.5483,5861.0,10,0,2,0,0.0,0
0.1295,56,0,0.8206,10395.0,19,0,1,0,1.0,0
0.4417,64,0,0.4753,,11,0,1,0,0.0,0
2.2129,35,3,0.7512,6144.0,7,0,0,0,1.0,0
0.5791,21,0,0.7745,5968.0,10,0,1,0,2.0,0
0.3546,30,0,0.8585,3394.0,5,0,1,0,2.0,0
0.711,41,0,0.6615,,6,0,0,0,1.0,0
0.5243,47,0,0.1718,9182.0,6,0,0,0,1.0,1
0.2377,45,0,0.4422,1987.0,8,0,0,0,1.0,0
0.1187,51,0,0.3675,11063.0,12,0,3,0,0.0,0
0.2614,38,0,0.124,1883.0,7,0,1,0,0.0,0
2.1661,54,0,0.5814,3728.0,5,0,1,0,0.0,0
0.1058,47,0,0.2089,9276.0,4,0,2,0,1.0,0
0.4178,44,0,0.277,4440.0,3,0,1,0,0.0,0
0.1576,52,0,0.8019,8731.0,8,0,0,0,2.0,0
1.5272,43,0,0.3745,17561.0,7,0,0,0,0.0,0
0.8695,72,1,0.3713,1715.0,9,0,1,0,0.0,0
0.0167,45,0,0.9902,3718.0,8,0,1,0,0.0,0
2.8832,50,0,0.4889,4981.0,7,0,0,0,0.0,0
0.1488,74,0,0.4583,,10,0,2,0,0.0,0
0.2737,42,0,0.532,,7,0,0,0,1.0,0
2.4205,65,2,0.5795,2388.0,5,0,1,0,0.0,0
0.236,45,0,0.9378,7475.0,10,0,1,0,0.0,0
2.6344,81,3,0.8822,22410.0,10,0,1,1,0.0,0
0.4757,45,0,0.6427,10454.0,7,0,1,0,0.0,0
1.0559,36,0,0.6177,9810.0,12,0,1,0,1.0,0
0.2425,68,0,0.3023,12840.0,6,0,2,0,1.0,0
0.3677,83,0,0.6902,3952.0,8,0,0,0,1.0,0
0.0558,60,0,0.6414,,11,0,1,0,0.0,0
0.9658,47,0,0.3643,5197.0,4,0,1,0,0.0,0
0.7137,33,0,0.9517,,6,0,0,0,0.0,0
0.28,56,0,0.5818,16841.0,10,0,0,0,0.0,0
0.2538,76,0,1.1932,2905.0,5,0,0,0,1.0,0
0.7503,62,0,0.1472,4829.0,11,0,3,0,2.0,0
0.0295,47,0,0.4089,6681.0,7,0,0,0,1.0,0
0.6113,46,0,0.0299,1539.0,5,0,0,0,0.0,0
0.0895,56,0,1.1378,16193.0,6,0,2,0,1.0,0
0.1178,38,0,1.2078,730.0,5,0,0,0,0.0,0
1.2953,56,0,0.3069,7140.0,9,0,1,0,0.0,0
0.085,67,0,0.329,5082.0,10,0,0,0,0.0,0
0.3211,59,0,0.4051,3798.0,9,0,1,0,3.0,0
0.1445,54,0,0.2994,,8,0,1,0,1.0,0
0.366,37,0,0.174,3730.0,9,0,2,0,1.0,0
5.1756,58,0,0.6127,,8,0,2,0,1.0,0
0.5513,39,0,0.5714,7070.0,6,0,3,0,0.0,0
0.3632,63,0,0.7113,,9,0,2,0,3.0,0
0.0528,63,0,0.5896,2489.0,5,0,0,0,0.0,0
1.4677,32,0,0.1828,2335.0,9,0,1,0,2.0,0
0.6949,40,0,0.5693,3535.0,7,0,3,0,0.0,1
0.2732,49,0,0.5866,2820.0,3,0,1,0,1.0,0
3.3439,43,0,0.5103,3632.0,7,0,1,0,0.0,1
0.5747,44,0,0.1253,2440.0,8,0,1,0,0.0,0
0.3878,63,0,0.5682,5721.0,9,0,0,0,2.0,0
0.7941,61,0,0.2417,,14,0,0,0,2.0,0
0.3873,62,4,0.5416,3094.0,6,0,1,0,0.0,0
0.4901,61,0,0.0363,5120.0,4,0,2,0,0.0,0
0.319,77,0,0.4017,4785.0,9,0,0,0,0.0,0
0.0415,49,0,0.2594,,4,0,0,0,0.0,0
0.0467,61,0,0.7283,,8,0,1,0,1.0,0
0.2954,21,0,0.2082,,10,0,1,0,0.0,0
0.0566,33,0,0.3996,11563.0,8,0,0,0,2.0,0
0.2333,61,0,0.2224,4251.0,5,0,3,0,2.0,0
0.2332,53,0,0.3949,4827.0,6,0,0,0,2.0,0
0.7833,52,0,0.4068,6790.0,7,0,0,0,1.0,0
2.0412,50,0,0.9225,2233.0,9,0,1,0,2.0,0
0.696,23,0,0.0983,3470.0,7,0,0,0,0.0,0
1.1485,38,0,0.3334,6315.0,7,0,2,0,2.0,0
0.1078,51,0,0.8406,,13,0,0,0,0.0,0
0.4427,70,0,0.1319,7672.0,4,0,1,0,3.0,0
1.2698,55,0,0.2079,,5,0,3,0,2.0,0
0.3766,50,0,0.8631,3661.0,11,0,1,0,1.0,0
0.2349,51,0,0.0445,2949.0,8,0,0,0,0.0,0
0.2538,42,0,0.427,9202.0,12,0,0,0,0.0,0
1.4202,73,1,0.3633,4894.0,8,0,1,0,0.0,0
0.4881,48,0,0.19,3023.0,9,0,3,0,0.0,0
0.1799,75,0,0.5048,8995.0,5,0,0,0,0.0,0
1.0749,48,0,0.8055,,8,0,1,0,0.0,0
1.2128,51,0,0.911,7297.0,6,0,1,1,0.0,0
0.4162,50,0,1.1925,,9,0,0,0,2.0,0
0.643,56,3,0.2681,,10,0,1,0,1.0,0
1.0787,32,0,0.3314,3390.0,7,0,3,0,2.0,0
0.8046,52,0,0.6643,1739.0,11,0,1,0,0.0,0
0.4683,43,0,0.8658,,9,0,0,0,0.0,1
0.4455,51,0,0.1858,8269.0,5,0,0,0,0.0,0
0.3507,47,0,0.3196,3950.0,9,0,1,0,0.0,0
0.4513,28,0,0.5844,5429.0,7,0,1,0,1.0,0
0.3095,47,0,0.5295,,9,0,0,0,0.0,0
1.3971,65,0,0.6016,5808.0,2,0,0,0,1.0,0
0.1004,49,0,0.4618,15965.0,3,0,1,0,,0
0.0492,44,0,0.8483,5617.0,7,0,1,0,1.0,0
0.2747,22,0,0.3085,3553.0,7,0,0,0,2.0,0
0.33,46,0,0.9667,1828.0,15,0,0,0,1.0,0
0.0658,56,0,0.1834,3146.0,7,0,0,0,1.0,0
0.1619,70,0,0.949,2238.0,10,0,0,0,1.0,0
0.0199,21,0,0.386,7609.0,13,0,2,0,0.0,0
0.3864,70,0,1.0874,,5,0,1,0,1.0,0
0.6826,60,0,0.2775,3675.0,6,0,1,0,1.0,0
0.565,50,0,0.4524,1597.0,4,0,1,0,0.0,0
0.0233,41,0,0.8317,,13,0,0,0,0.0,0
0.2485,65,0,0.5227,8942.0,11,0,2,0,0.0,0
0.0199,54,0,0.5422,2031.0,7,0,0,0,2.0,0
0.0769,31,0,0.9012,4865.0,8,0,1,0,0.0,0
0.2977,64,0,0.7752,2543.0,6,0,0,0,0.0,0
1.1591,57,0,0.339,9283.0,10,0,0,0,2.0,0
0.1377,72,0,0.1792,12433.0,8,0,1,0,1.0,0
0.5796,57,0,0.2293,3754.0,10,0,1,0,0.0,0
0.214,76,0,0.3294,,6,0,0,0,1.0,0
3.9485,73,0,0.4644,,8,0,0,0,0.0,0
2.2869,46,0,0.3142,5267.0,4,0,2,0,0.0,0
0.4029,72,0,0.2569,7405.0,9,0,2,0,0.0,0
0.2726,39,0,0.2736,,11,0,1,0,0.0,0
0.1813,30,0,1.0747,4583.0,12,0,1,0,1.0,0
1.2462,46,0,0.1402,13638.0,9,0,5,0,2.0,0
0.0101,73,0,0.7413,6593.0,9,0,1,0,2.0,0
0.1103,58,0,0.4073,4066.0,10,0,2,0,0.0,0
0.2614,55,0,0.5154,2790.0,10,0,1,0,3.0,0
0.1012,64,0,0.1078,3817.0,6,0,2,0,1.0,0
2.4142,38,0,0.2244,3693.0,5,0,2,0,1.0,0
0.0821,47,0,0.5498,9591.0,10,0,2,0,0.0,0
0.0983,55,0,0.4951,,5,0,1,0,1.0,0
0.4954,55,0,0.193,,9,0,1,0,1.0,0
0.2058,52,0,0.5699,,7,0,0,0,0.0,0
0.0938,29,0,0.7459,,7,0,0,0,2.0,0
0.5288,42,0,0.1944,28717.0,8,0,1,0,1.0,0
0.8763,48,0,0.5674,2858.0,4,0,2,0,0.0,0
2.9487,36,0,0.7272,6989.0,7,0,0,0,2.0,0
0.8741,36,0,0.7444,14526.0,13,0,0,0,0.0,0
0.539,58,0,0.4737,4417.0,9,0,1,0,1.0,0
0.3227,30,0,0.6841,7386.0,9,0,1,0,1.0,0
0.2922,33,0,0.3116,,14,0,0,0,0.0,0
0.0426,42,0,0.4785,2283.0,6,0,0,0,2.0,0
0.0267,73,2,0.6981,5131.0,5,0,3,3,0.0,0
1.9045,69,0,0.3895,7202.0,11,0,0,0,,0
0.5209,28,0,0.1906,2458.0,5,0,1,0,0.0,0
3.9216,45,0,0.5301,6777.0,8,0,2,0,0.0,0
0.2825,64,0,0.5347,10135.0,9,0,1,0,1.0,0
0.7952,74,0,0.7046,5649.0,8,0,0,0,2.0,0
10.7379,40,0,0.6656,10982.0,6,0,2,0,0.0,0
0.6048,57,0,0.7501,11765.0,8,0,0,0,,0
0.1899,39,0,0.7443,6899.0,12,0,2,0,,0
0.2818,66,0,0.2794,9803.0,8,0,2,0,1.0,0
0.0181,46,0,0.1782,3730.0,17,0,2,0,3.0,0
0.5392,49,0,0.6985,3857.0,7,0,1,0,2.0,0
0.1964,32,0,0.2957,,8,0,1,0,0.0,0
4.625,64,1,0.9695,,6,0,3,2,0.0,0
0.4735,57,0,0.7041,7587.0,10,0,2,0,2.0,0
0.3668,55,0,0.2584,17092.0,6,0,0,0,0.0,0
0.6516,46,0,0.7058,,6,0,0,0,1.0,0
0.2005,45,1,0.2884,1534.0,3,0,2,0,0.0,0
5.0922,60,0,0.4841,1100.0,9,0,0,0,0.0,0
3.6855,43,0,0.4224,10907.0,15,0,2,0,2.0,0
0.4415,64,3,0.4809,9383.0,5,0,1,0,0.0,0
0.0699,69,0,0.3301,4788.0,7,0,2,0,2.0,0
1.1527,46,0,0.5114,9947.0,6,0,0,0,0.0,0
0.2984,52,0,0.5291,3306.0,6,0,2,0,1.0,0
0.349,26,0,0.2854,,13,0,3,0,1.0,0
0.6306,49,0,0.4325,6488.0,5,0,0,0,0.0,0
0.0587,50,0,0.4066,2073.0,7,0,0,0,0.0,0
2.1825,56,0,0.9244,13863.0,7,0,0,0,1.0,0
0.1836,62,0,0.3037,,13,0,2,0,0.0,0
0.4717,57,0,0.8644,5158.0,7,0,1,0,2.0,1
0.2226,67,0,0.5185,3065.0,12,0,2,0,0.0,0
0.7535,52,0,0.4947,2933.0,9,0,0,0,0.0,0
0.2824,38,3,0.057,1809.0,8,3,1,0,1.0,0
0.3634,69,0,0.6272,9305.0,7,1,0,0,0.0,0
0.5238,36,0,0.6042,4441.0,7,0,2,0,0.0,0
0.6107,39,0,0.5432,3141.0,8,0,2,0,2.0,0
0.2693,51,0,0.5854,8144.0,7,0,0,0,0.0,0
4.4527,36,0,0.4938,10023.0,9,0,0,0,1.0,0
0.1027,47,0,0.4222,4150.0,9,0,0,0,,0
0.1755,30,0,0.3891,7367.0,8,0,1,0,0.0,0
3.2747,44,3,0.1757,5203.0,3,0,1,0,2.0,0
3.2267,31,2,0.4138,3958.0,8,0,2,0,1.0,0
0.6188,59,0,0.1909,3529.0,10,0,2,0,1.0,0
0.2396,54,0,0.7178,,5,0,0,0,1.0,0
0.6051,36,0,0.7892,,7,0,0,0,1.0,0
0.393,34,0,0.7479,2975.0,5,0,2,0,1.0,0
0.0934,44,0,0.4137,,7,0,2,0,0.0,0
0.1689,47,0,0.7106,3900.0,7,0,0,0,0.0,0
0.0549,63,0,0.1229,4829.0,7,0,2,0,0.0,0
3.3405,32,0,0.7825,,9,0,2,0,1.0,0
0.8423,65,4,0.374,3833.0,5,1,2,0,2.0,0
0.127,45,0,0.878,,3,0,0,0,0.0,0
0.991,45,0,0.7095,3839.0,7,0,0,0,0.0,0
0.6433,34,0,1.2011,22388.0,8,0,1,0,0.0,0
0.7236,47,0,0.2883,3363.0,6,0,1,0,0.0,0
0.4406,34,0,0.7712,6028.0,9,0,0,0,0.0,0
7.2364,53,0,0.2545,6112.0,7,0,1,0,0.0,0
0.0129,67,0,0.0638,,3,0,0,0,,0
0.3933,82,0,0.4575,6972.0,11,0,0,0,0.0,0
0.2053,51,0,0.5144,,10,0,0,0,1.0,0
0.2167,55,0,0.1792,3956.0,6,0,0,0,3.0,0
0.0474,55,0,0.3369,2636.0,12,0,0,0,0.0,0
0.3106,76,0,0.1013,12395.0,4,0,0,0,0.0,0
0.1664,52,0,0.3353,5884.0,5,0,0,0,2.0,0
0.408,40,0,0.673,5715.0,5,0,0,0,0.0,0
1.8552,49,0,0.8988,1861.0,8,0,0,0,1.0,0
0.2435,34,0,0.5129,2266.0,5,0,2,0,0.0,0
0.3915,76,0,0.8361,8390.0,4,0,0,0,0.0,0
0.855,58,0,0.3822,13119.0,12,0,1,0,0.0,0
0.2666,66,0,0.1267,,4,0,2,0,0.0,0
1.402,42,0,0.3435,3947.0,14,3,2,0,2.0,0
0.3376,59,0,0.624,3657.0,9,0,3,0,0.0,0
0.4452,50,0,0.5208,10273.0,4,0,0,0,3.0,0
0.9279,26,0,0.1023,9512.0,10,0,2,0,0.0,0
0.0073,35,0,0.2111,2781.0,6,0,2,0,1.0,0
0.1884,56,0,0.4858,10956.0,5,0,1,0,1.0,0
0.7636,85,0,0.1626,16484.0,6,0,0,0,4.0,0
0.1414,65,0,0.2411,5774.0,9,0,0,0,2.0,0
0.8844,61,0,0.4037,7055.0,9,0,1,0,1.0,0
1.279,73,0,0.5222,4996.0,12,0,1,0,3.0,1
0.2613,44,1,0.1546,4477.0,10,1,1,3,0.0,0
0.1283,60,0,0.4894,,5,0,2,0,0.0,0
0.1432,36,0,0.7552,,17,0,2,0,0.0,0
0.7888,52,0,0.7705,8141.0,11,0,0,0,1.0,0
0.1118,42,0,0.6544,2943.0,10,0,2,0,0.0,0
0.2094,64,0,0.1107,2174.0,9,0,1,0,1.0,0
0.658,23,0,0.1426,2463.0,11,0,1,0,1.0,0
0.0292,38,0,0.1447,4462.0,9,0,0,0,0.0,0
0.2174,73,0,0.4951,3629.0,11,0,1,0,1.0,0
0.7852,66,0,0.4391,3348.0,4,0,1,0,1.0,0
11.5436,53,1,0.8087,24404.0,6,1,0,0,0.0,0
0.381,59,0,0.4223,2583.0,6,0,1,0,0.0,0
3.5993,56,0,0.4921,,9,0,5,0,2.0,0
0.5626,85,0,0.4022,4876.0,8,0,3,0,1.0,0
2.257,56,0,0.8799,5403.0,8,0,1,0,1.0,0
0.1926,58,0,0.5751,4882.0,8,0,1,0,1.0,0
0.4902,45,0,0.6865,15092.0,5,0,1,0,2.0,0
1.044,53,0,0.4185,3035.0,4,0,2,0,0.0,0
0.5343,33,0,0.9126,3261.0,6,0,1,0,1.0,0
0.2597,55,0,0.5444,2041.0,9,0,0,0,2.0,0
0.7638,59,0,0.6577,1570.0,9,0,2,0,0.0,0
1.6658,56,0,0.8342,,8,0,0,0,3.0,0
0.3378,70,0,0.2831,5805.0,6,0,1,2,0.0,1
0.2159,71,0,0.234,7350.0,7,0,0,0,0.0,0
0.944,72,0,0.5228,1961.0,6,0,1,0,1.0,0
0.0928,36,0,1.157,,13,0,2,0,0.0,0
0.1104,64,0,0.5507,2613.0,7,0,0,0,0.0,0
2.2049,60,2,0.8818,6433.0,8,0,0,0,2.0,0
0.4749,65,0,0.7243,5795.0,10,0,2,0,0.0,0
0.723,49,0,0.3662,16367.0,10,0,2,0,1.0,0
0.552,53,0,0.4098,11209.0,11,0,1,0,2.0,0
0.5219,42,0,0.3721,4022.0,7,0,1,0,0.0,0
0.2292,71,0,0.6336,4860.0,9,0,2,0,1.0,0
0.491,53,0,0.0279,5442.0,7,0,0,0,4.0,1
0.208,76,0,0.3837,8136.0,10,0,3,0,1.0,0
0.6534,36,0,0.1271,,3,0,0,0,1.0,0
0.6658,54,0,0.012,4579.0,8,0,2,0,1.0,0
0.7936,53,0,0.8015,2814.0,13,0,1,0,0.0,0
3.4165,28,0,0.0774,3380.0,7,0,1,0,1.0,0
0.2666,62,0,0.9415,10065.0,7,0,2,0,1.0,0
0.4053,68,0,0.5023,6182.0,6,0,1,0,0.0,0
0.1677,42,0,0.4765,12579.0,10,0,1,0,1.0,0
0.1558,52,0,0.3791,2911.0,13,0,1,0,0.0,0
0.5147,41,0,0.1444,9693.0,12,0,0,0,3.0,0
0.8121,71,0,0.1261,1483.0,5,0,1,0,0.0,1
0.4455,28,0,0.1908,7297.0,10,0,0,0,3.0,0
0.6693,24,0,0.4528,,4,0,2,0,1.0,0
0.4125,63,0,0.3276,3979.0,7,0,1,0,1.0,0
0.8558,59,0,0.4133,6196.0,11,0,2,0,0.0,0
0.337,61,0,0.4841,3987.0,3,0,4,0,1.0,0
0.1399,56,0,0.2973,2630.0,12,0,0,0,1.0,0
0.0943,66,0,0.3937,29348.0,9,0,0,0,1.0,0
0.5173,53,0,1.4295,4097.0,10,0,0,0,0.0,0
0.0314,47,0,0.4586,6337.0,15,0,1,0,1.0,0
0.1571,79,0,0.8924,2280.0,9,0,0,0,1.0,0
0.4337,58,1,0.1984,2439.0,6,0,0,0,1.0,0
0.2862,47,1,0.3151,,12,0,1,0,0.0,0
0.0087,50,0,0.4804,2845.0,7,0,1,0,4.0,0
0.7201,37,0,0.2448,2681.0,7,0,0,0,0.0,0
0.0412,72,0,0.1185,,9,0,0,0,0.0,0
0.657,38,0,0.622,,10,0,0,0,0.0,0
0.3437,52,0,0.3573,,9,0,0,0,0.0,0
0.1527,58,0,0.1472,2371.0,7,0,1,0,0.0,0
0.6389,26,0,0.496,,7,0,1,0,1.0,0
0.1426,48,0,0.88,9918.0,8,0,1,0,0.0,0
0.3206,53,0,0.6037,7819.0,12,0,2,0,0.0,0
1.0505,42,0,0.2111,9174.0,6,0,2,0,1.0,0
0.6473,47,0,0.5255,3761.0,7,0,1,0,1.0,0
0.3483,61,0,0.7972,5437.0,5,0,1,0,0.0,0
2.4463,68,0,0.2731,6401.0,8,0,1,0,1.0,0
0.2417,56,0,0.7749,,8,0,1,0,0.0,0
0.2655,30,0,0.1016,10378.0,6,0,0,0,3.0,0
4.1972,44,0,0.2648,,13,0,3,0,0.0,0
3.1262,43,0,0.8986,11162.0,12,0,0,0,0.0,0
2.8857,35,4,0.2623,,7,1,1,0,1.0,0
0.286,32,0,0.0987,3990.0,10,0,4,0,0.0,0
0.4908,55,0,0.429,,9,0,3,0,1.0,0
0.229,43,0,0.0996,9112.0,7,0,1,0,0.0,0
0.3813,62,0,0.7241,,11,0,2,0,2.0,0
0.4211,68,0,0.5007,8199.0,12,0,1,0,2.0,0
0.325,21,0,0.5128,6651.0,9,0,0,0,1.0,0
0.2787,78,0,0.3916,,11,0,0,0,2.0,0
0.2549,60,0,0.5327,2155.0,8,0,0,0,0.0,0
0.8646,60,0,0.4766,13713.0,10,0,1,0,1.0,0
0.0348,60,0,0.4821,6494.0,6,0,0,0,1.0,0
0.4884,50,0,0.3749,5990.0,9,0,2,0,1.0,0
0.0023,34,0,0.5128,6516.0,6,0,2,0,1.0,0
0.0586,50,0,0.2566,3168.0,7,0,3,0,1.0,0
0.1525,21,0,1.1644,3173.0,6,0,2,0,1.0,0
0.4668,76,0,0.5543,6680.0,7,0,0,0,1.0,0
0.4005,42,0,0.3081,10584.0,5,0,4,0,2.0,0
0.2987,55,0,0.1357,6658.0,8,0,1,0,0.0,0
0.7878,33,0,0.5047,2335.0,5,0,1,0,2.0,0
0.2435,69,0,0.3597,3336.0,8,0,0,0,1.0,0
0.5237,52,1,1.527,7319.0,8,1,1,0,1.0,0
0.5141,68,0,0.2807,2768.0,16,0,2,0,0.0,0
1.3055,68,2,0.6548,,10,0,0,4,2.0,0
0.7399,28,0,0.2385,4792.0,11,0,2,0,0.0,0
2.9217,49,0,0.3542,15001.0,9,0,0,0,2.0,0
0.4749,46,0,0.3309,7806.0,5,0,0,0,0.0,0
0.5545,39,0,0.445,3826.0,5,0,2,0,1.0,1
0.2376,63,0,0.4868,2319.0,6,0,3,0,0.0,0
0.1538,51,0,0.9535,17282.0,7,0,2,0,2.0,0
0.8797,55,0,0.4917,5232.0,5,0,1,0,1.0,0
0.1199,49,0,0.6454,4262.0,4,0,1,0,3.0,0
0.0354,54,0,0.226,7667.0,14,0,0,0,1.0,0
3.9656,45,1,0.3061,2192.0,10,1,1,0,1.0,0
0.4105,68,0,0.7414,7392.0,8,0,0,0,3.0,0
0.2772,57,0,0.9407,5094.0,5,0,0,0,0.0,0
0.0162,31,0,0.3011,1413.0,3,0,0,0,0.0,0
1.8681,55,0,0.1814,5848.0,11,0,3,0,1.0,0
0.671,50,0,0.2836,952.0,10,0,0,0,1.0,0
0.4864,59,0,0.9001,3935.0,6,0,1,0,0.0,0
0.1237,51,0,0.1577,2060.0,12,0,2,0,0.0,0
0.2711,55,0,0.5062,3065.0,12,0,1,0,0.0,0
1.1559,60,0,0.0589,12545.0,7,0,0,0,0.0,0
0.4175,69,0,0.2801,5601.0,4,0,0,0,1.0,0
0.1902,53,0,0.7561,15981.0,7,0,1,0,1.0,0
0.1213,55,0,0.2984,7682.0,5,0,2,0,1.0,0
0.0213,76,0,0.5346,15427.0,10,0,1,0,0.0,0
5.2009,60,0,0.5192,12265.0,10,0,1,0,0.0,0
0.1553,21,0,0.6789,2965.0,9,0,0,0,1.0,0
0.0052,37,0,0.3804,,9,0,0,0,1.0,0
1.2061,51,0,1.0107,,7,0,2,0,1.0,0
0.2193,62,0,0.9334,7537.0,12,0,0,0,2.0,0
0.1835,71,0,0.6584,8141.0,7,0,1,0,1.0,0
0.5751,28,0,0.1028,8292.0,6,0,0,0,1.0,0
0.9402,41,2,0.1217,2347.0,7,0,0,1,0.0,0
1.0132,56,0,0.3871,10513.0,6,0,0,0,0.0,0
0.3209,47,0,0.7796,6453.0,8,0,1,0,0.0,0
0.4834,52,0,0.1971,7219.0,6,0,0,0,0.0,0
2.6978,48,0,0.3089,3536.0,11,0,1,0,2.0,0
0.2391,57,0,0.1279,3660.0,15,0,2,0,1.0,0
0.261,75,0,0.1657,7355.0,10,0,1,0,2.0,0
1.0173,48,0,0.4199,19742.0,10,0,3,0,0.0,0
0.5089,47,0,0.1645,2224.0,9,0,1,0,1.0,0
0.4982,56,1,0.5482,8188.0,6,0,3,1,2.0,0
0.4688,53,0,0.2212,3797.0,6,0,2,0,0.0,0
0.7532,86,0,0.1182,,9,0,0,0,2.0,0
0.5605,48,0,0.6468,6167.0,3,0,0,0,1.0,0
1.1856,61,0,0.4747,1873.0,9,0,0,0,0.0,0
0.0918,44,0,0.1892,,4,0,1,0,0.0,0
0.5976,47,0,0.3908,12882.0,5,0,1,0,0.0,0
0.6658,38,0,0.3796,2147.0,12,0,0,0,1.0,0
0.7777,56,0,0.1947,1653.0,9,0,0,0,0.0,0
0.4078,34,0,0.5285,,5,0,0,0,1.0,0
0.5469,53,0,0.6808,,7,0,0,0,0.0,0
3.6134,68,0,0.5345,6842.0,10,2,1,0,0.0,0
0.1083,61,0,0.0924,9496.0,9,0,1,0,1.0,0
0.3571,50,0,0.5072,10337.0,7,0,1,0,0.0,0
0.0203,79,0,0.2521,2756.0,6,0,0,0,1.0,0
0.3122,41,0,0.1167,8764.0,12,0,2,0,1.0,0
0.5388,74,0,0.3327,10477.0,7,0,1,0,0.0,0
0.3434,42,0,0.5651,12651.0,9,0,0,0,2.0,0
0.2077,59,0,0.4136,9637.0,3,0,2,0,3.0,0
0.244,41,0,0.5055,17465.0,10,0,0,0,1.0,0
0.0265,57,0,0.4335,7464.0,7,0,0,0,0.0,0
0.3616,70,2,0.4187,12329.0,11,0,2,0,2.0,1
0.2473,45,0,0.4953,3768.0,10,0,0,0,1.0,0
4.0942,73,0,0.3702,8130.0,8,0,0,0,0.0,0
0.3096,50,0,0.7402,,10,0,1,0,0.0,0
0.2397,42,0,0.7163,5170.0,6,0,0,0,1.0,0
0.076,73,0,0.4619,20089.0,11,0,0,0,1.0,0
0.9266,42,3,0.1894,2376.0,7,0,1,0,0.0,0
0.1059,25,0,0.5459,25211.0,14,0,1,0,0.0,0
0.5823,28,0,0.7118,6900.0,13,0,0,0,0.0,0
0.4658,60,0,0.0722,8865.0,4,0,1,0,1.0,1
0.326,39,0,0.4803,4517.0,6,0,0,0,2.0,0
2.4175,48,2,0.6724,9309.0,13,0,2,1,0.0,0
0.7375,47,0,0.6967,6733.0,9,0,4,0,0.0,0
0.1163,70,0,0.6598,8930.0,5,0,1,0,1.0,0
1.1858,61,0,0.1372,9322.0,5,0,2,0,1.0,0
0.3614,61,0,1.2058,4170.0,10,0,1,0,0.0,0
0.5978,59,0,0.8454,7110.0,4,0,1,0,,0
2.2711,47,0,0.1118,3407.0,6,0,3,0,,0
0.4502,39,0,0.0354,8585.0,6,0,0,0,1.0,0
0.7018,36,0,0.4508,5057.0,7,0,1,0,1.0,0
0.9465,57,0,0.7014,6797.0,7,0,0,0,3.0,0
0.6547,46,0,0.7855,4004.0,4,0,3,0,2.0,1
0.6877,64,0,0.0315,9495.0,10,0,2,0,0.0,0
0.5977,49,0,0.26,5033.0,6,0,0,0,0.0,0
2.7092,60,0,0.6818,4666.0,7,0,0,0,1.0,1
0.4675,75,0,0.5153,4082.0,6,0,0,0,0.0,0
0.5407,81,0,0.5438,,4,0,1,0,1.0,0
0.0011,50,0,0.1847,5755.0,10,0,1,0,1.0,0
1.2163,61,1,0.4272,7409.0,10,0,1,0,1.0,0
0.8555,28,0,0.3773,7393.0,8,0,1,0,1.0,0
0.6972,37,0,0.4265,15932.0,7,0,1,0,0.0,0
0.4065,53,0,0.4647,1985.0,6,0,4,0,0.0,0
0.0207,63,0,1.1962,13445.0,9,0,0,0,0.0,0
0.0256,44,0,0.3022,8523.0,12,0,2,0,0.0,0
1.0937,40,0,0.8112,2864.0,3,0,2,0,0.0,1
0.5004,41,0,0.3592,,8,0,3,0,0.0,0
0.2448,63,0,0.6113,1680.0,9,0,0,0,0.0,0
3.0877,54,0,0.2419,12672.0,5,0,0,0,1.0,1
0.6474,57,0,0.602,,7,0,2,0,0.0,0
0.0906,56,0,0.1079,4268.0,8,0,1,0,2.0,0
0.2849,60,0,0.2761,3123.0,8,0,0,0,0.0,0
0.6816,52,0,0.6178,,10,0,1,0,2.0,0
0.0188,57,0,0.1392,5353.0,3,0,1,0,0.0,0
0.3127,57,0,0.4901,2305.0,8,0,0,0,0.0,0
2.4722,26,0,0.5165,,11,0,0,0,0.0,1
2.781,60,0,1.0219,2178.0,10,0,2,0,0.0,1
0.2901,55,0,0.4852,6832.0,9,0,1,0,1.0,0
0.1507,53,1,0.2255,24403.0,9,2,0,1,1.0,0
0.645,38,0,0.541,6746.0,4,0,0,0,2.0,0
0.7325,47,0,0.5001,4548.0,6,0,0,0,0.0,1
1.9946,50,0,0.279,2064.0,9,0,0,0,0.0,0
0.3957,21,0,0.6614,4685.0,7,0,0,0,0.0,0
0.2476,51,0,0.4933,12320.0,12,0,2,0,0.0,0
0.4496,50,0,1.3451,3694.0,7,0,1,0,2.0,0
0.2185,58,0,0.3677,5348.0,6,0,6,0,1.0,0
0.2515,48,1,0.4215,3873.0,7,0,2,0,,0
0.0306,48,0,0.307,3453.0,7,0,1,0,0.0,0
0.0025,51,0,0.4278,5684.0,10,0,2,1,0.0,1
0.5071,27,0,0.3593,3777.0,4,0,0,0,0.0,0
0.1797,42,1,0.324,3002.0,6,0,0,2,0.0,0
0.4217,54,0,0.9089,4961.0,6,0,1,0,1.0,0
0.3321,32,0,0.3773,,8,0,0,0,2.0,0
0.1027,50,0,0.2114,7026.0,16,0,0,0,0.0,0
0.9903,41,0,0.9534,5782.0,6,0,1,0,0.0,0
0.1546,40,0,0.4116,5737.0,10,0,1,0,0.0,0
0.0588,60,0,0.3489,8020.0,12,0,0,0,1.0,0
0.2781,33,0,0.6404,1213.0,7,0,1,0,3.0,0
0.0795,44,0,0.4793,6712.0,10,0,2,0,1.0,0
0.2537,28,0,0.5843,4229.0,7,0,1,0,1.0,0
0.6522,45,0,0.4259,15618.0,11,0,0,0,1.0,0
0.2938,24,0,0.3895,3536.0,6,0,0,0,1.0,0
0.0925,53,0,0.5945,,7,0,0,0,1.0,0
1.3896,66,0,0.7181,19074.0,10,0,0,0,0.0,0
0.2142,48,0,0.4047,2729.0,9,0,1,0,2.0,0
0.1929,54,0,0.2085,2546.0,5,0,1,0,0.0,0
0.2228,40,0,0.7101,4887.0,5,0,0,0,1.0,0
0.3319,43,0,0.3434,3238.0,12,0,1,0,1.0,0
0.9544,58,0,0.6664,2959.0,6,0,1,0,0.0,0
0.3787,39,0,0.2632,,8,0,0,0,0.0,0
1.1377,38,0,0.5954,5288.0,9,0,2,0,1.0,0
4.3848,22,2,0.6143,2975.0,8,0,3,0,2.0,0
0.5142,36,0,0.5517,,10,0,1,0,1.0,0
0.0251,43,0,0.543,9267.0,8,0,1,0,3.0,0
0.6829,29,0,0.7073,4626.0,8,0,0,0,1.0,1
0.0209,49,0,0.1901,5567.0,9,0,2,0,2.0,0
1.5596,55,1,0.6797,7064.0,8,0,0,2,0.0,0
0.1823,40,0,0.3058,,5,0,1,0,1.0,0
0.3465,51,0,0.2767,,8,0,0,0,0.0,0
0.0248,44,0,0.2586,3320.0,6,0,2,0,1.0,0
1.239,72,0,0.0163,11803.0,8,0,2,0,1.0,0
6.5121,28,0,0.5672,8253.0,8,0,1,0,,0
0.5079,63,0,0.2835,,8,0,3,0,0.0,0
0.5653,56,0,0.6996,6095.0,8,0,0,0,1.0,0
0.9776,36,0,0.4038,1509.0,6,0,0,0,0.0,0
0.1132,50,0,0.3414,680.0,8,0,1,0,1.0,0
0.4135,54,0,0.1419,,3,0,0,0,0.0,0
0.0851,67,0,0.7461,1603.0,8,0,2,0,1.0,0
0.1499,55,0,0.7275,2417.0,8,0,1,0,1.0,0
0.7567,27,0,0.2678,,17,0,1,0,0.0,0
0.6648,52,0,0.3901,3950.0,4,0,0,0,1.0,0
0.653,61,0,0.4304,7865.0,2,0,1,0,1.0,0
0.3041,79,0,0.4107,2462.0,7,0,1,0,1.0,0
0.1389,40,0,0.4264,12303.0,7,0,0,0,0.0,0
0.1022,75,0,0.4304,5765.0,10,0,2,0,1.0,0
0.472,53,0,0.2546,10085.0,10,0,0,0,1.0,0
1.3528,27,0,0.3636,1804.0,4,0,0,0,0.0,0
0.4459,74,0,0.5445,666.0,9,0,3,0,1.0,0
0.9098,40,0,0.4883,14565.0,8,0,0,0,1.0,0
2.1969,63,0,0.7549,,7,0,0,0,0.0,1
0.7564,37,0,0.5301,2015.0,11,0,0,0,1.0,0
0.8001,67,0,0.7715,5800.0,8,0,2,0,0.0,0
2.273,55,0,0.7322,4872.0,16,0,2,0,2.0,0
0.1514,43,0,0.2135,7154.0,11,0,0,0,0.0,0
0.5348,39,0,0.1832,6490.0,6,0,0,0,2.0,0
0.7078,42,0,0.6199,,11,0,2,0,1.0,0
0.2214,41,0,0.7621,37813.0,9,0,2,0,0.0,0
0.0884,29,0,0.154,6074.0,12,0,2,0,0.0,1
0.1507,35,0,0.3064,2743.0,6,0,1,0,0.0,0
2.4512,80,0,0.4646,,8,0,1,0,0.0,0
0.1335,46,0,0.2806,2539.0,10,0,2,0,3.0,0
0.2747,55,0,0.4927,12904.0,10,0,1,0,3.0,0
3.3253,43,0,0.4506,5088.0,12,0,2,0,1.0,0
0.0136,67,0,0.821,2828.0,6,0,0,0,0.0,0
0.7479,63,0,0.6042,3210.0,7,0,2,0,0.0,0
0.364,44,0,0.2803,2674.0,8,0,1,0,,0
5.1453,40,0,0.3249,1964.0,7,0,2,0,1.0,0
0.2439,35,0,0.3214,4355.0,9,0,0,0,0.0,0
0.3955,40,0,0.3405,2967.0,9,0,0,0,1.0,0
0.3851,59,0,0.7171,3844.0,4,0,2,0,0.0,0
0.6694,46,0,0.385,5607.0,6,0,1,0,0.0,0
4.5115,40,0,0.699,4962.0,10,0,1,0,0.0,1
0.5898,42,0,0.238,3154.0,5,0,0,0,2.0,0
1.4409,69,0,0.9253,,8,0,1,0,0.0,0
0.0693,45,0,0.4649,11486.0,9,0,3,0,0.0,0
0.165,59,0,0.4107,3479.0,6,0,1,0,1.0,0
0.0842,56,0,0.7223,3553.0,5,0,0,0,1.0,0
2.4453,53,0,0.3022,,7,0,1,0,,0
0.263,44,0,0.1337,2094.0,4,0,3,0,0.0,0
0.2536,70,0,0.229,4841.0,6,0,0,0,0.0,0
0.0273,58,0,0.4825,5125.0,7,0,2,0,1.0,0
0.5052,49,0,0.7189,8901.0,7,0,1,0,1.0,1
1.0987,41,0,0.5677,7834.0,10,0,1,0,2.0,0
0.2832,40,0,0.4242,7694.0,5,0,0,0,1.0,0
0.2435,68,0,0.3221,5454.0,4,0,1,0,0.0,0
0.147,63,4,0.4821,8143.0,7,0,0,0,1.0,0
0.1193,78,0,0.1728,6768.0,5,0,3,0,,0
0.554,55,0,0.8568,5237.0,7,0,3,0,2.0,0
0.5328,59,0,0.6215,,5,0,0,0,0.0,0
0.1359,21,0,0.7502,2248.0,14,0,2,0,1.0,0
0.1327,60,0,1.0611,7691.0,9,0,2,0,0.0,0
0.0935,65,0,0.4492,4413.0,5,0,2,0,1.0,0
0.494,72,0,0.7731,676.0,7,0,0,0,2.0,0
0.5157,21,0,0.2478,2180.0,7,0,0,0,0.0,1
0.8632,28,0,0.4901,5897.0,11,0,2,0,0.0,0
3.7955,60,0,0.2176,10759.0,8,0,1,0,1.0,0
0.1005,55,0,0.9022,3271.0,8,0,0,0,0.0,0
0.6353,31,0,0.1882,,6,0,2,0,3.0,0
1.7824,58,0,0.9246,23652.0,11,0,0,0,1.0,0
0.0937,48,0,0.5686,,14,0,0,0,2.0,0
0.7704,40,0,0.4227,,5,0,2,0,0.0,0
0.8479,38,0,0.3495,27429.0,13,0,1,0,1.0,0
0.0218,40,0,0.2495,,9,0,0,0,1.0,0
0.2902,40,0,0.199,,8,0,1,0,1.0,0
0.9332,29,0,0.5498,9536.0,4,0,0,0,1.0,0
0.5152,76,0,1.2379,5104.0,6,0,1,0,0.0,1
0.4308,73,0,0.3855,12661.0,2,0,2,0,0.0,0
0.2704,67,0,0.2831,11929.0,9,0,1,0,0.0,0
0.1538,50,0,0.7652,5436.0,15,0,1,0,0.0,0
0.2354,40,0,0.1621,7299.0,7,0,0,0,0.0,0
0.2673,27,0,0.4001,,6,0,0,0,1.0,0
0.532,61,0,0.5833,,7,0,1,0,0.0,0
0.7608,47,0,0.1491,,10,0,2,0,2.0,0
0.1361,76,0,0.4443,3003.0,9,0,1,0,0.0,0
0.2604,53,0,0.573,,5,0,2,0,1.0,0
0.5623,52,0,0.4905,3421.0,6,0,2,0,2.0,0
0.7885,39,0,0.5331,16328.0,12,0,3,0,0.0,0
0.2808,77,0,0.0791,12490.0,9,0,4,0,0.0,0
0.3005,21,0,0.1947,16236.0,1,0,2,0,0.0,0
0.3655,52,0,0.4165,6266.0,7,0,1,0,1.0,0
0.1926,41,0,0.2732,,12,0,3,0,3.0,0
0.1665,64,0,0.4938,6296.0,5,0,0,0,1.0,0
2.4622,52,2,0.2911,,7,0,2,0,0.0,0
0.1583,40,0,0.1303,,6,0,0,0,0.0,0
0.5379,55,0,0.4814,3263.0,5,0,1,0,2.0,0
0.0519,69,0,0.2701,3562.0,8,0,0,0,1.0,0
0.0716,56,0,0.3247,4166.0,8,0,0,0,3.0,0
0.4304,61,0,0.4033,,7,0,0,0,0.0,0
0.2239,66,0,1.1103,6525.0,7,0,1,0,3.0,0
0.0789,47,0,0.5643,,4,0,0,0,2.0,0
0.6986,75,0,0.5089,7415.0,3,0,1,0,1.0,0
0.255,51,0,0.625,4894.0,7,0,1,0,0.0,0
2.4468,51,0,0.433,7228.0,7,0,1,0,0.0,0
0.3132,79,0,0.19,2522.0,6,0,1,0,0.0,0
0.5562,49,0,0.0751,11801.0,11,0,3,0,1.0,0
0.5567,61,0,0.2489,,4,0,1,0,0.0,0
0.0951,27,0,0.2049,8935.0,10,0,0,0,1.0,0
1.9156,32,0,0.3535,3659.0,9,0,0,0,0.0,0
1.3863,66,0,1.1105,,4,0,1,0,0.0,1
0.3261,43,0,0.6913,,10,0,0,0,0.0,0
0.6211,62,0,0.2362,3677.0,5,0,3,0,0.0,0
0.1119,71,0,0.3213,8295.0,8,0,0,0,1.0,1
3.2655,36,0,0.4703,,10,0,2,0,2.0,0
0.3888,86,0,0.5804,,7,0,3,0,1.0,0
0.4521,39,0,0.0717,4756.0,6,0,0,0,0.0,0
0.0785,57,0,0.3378,3011.0,6,0,0,0,0.0,0
0.4133,68,0,0.7457,3616.0,6,0,0,0,2.0,0
0.0236,57,0,0.2845,5246.0,9,0,2,0,3.0,0
0.4481,62,0,0.3068,1387.0,11,0,1,0,0.0,0
1.9812,43,0,0.5739,10880.0,13,0,0,0,0.0,0
0.335,47,0,0.6926,11187.0,6,0,0,0,2.0,0
1.4658,57,0,0.661,2562.0,14,0,0,0,0.0,1
0.2976,62,0,0.6204,2223.0,11,0,1,0,0.0,0
0.7726,34,0,0.1325,4560.0,7,0,1,0,2.0,0
2.048,59,0,0.3155,4786.0,6,0,0,0,1.0,0
0.4766,45,0,0.487,7874.0,10,0,0,0,1.0,0
0.4937,42,0,0.1349,4197.0,8,0,1,0,2.0,0
0.0642,70,0,0.2088,2395.0,9,0,0,0,0.0,0
0.4549,49,0,0.1116,,9,0,2,0,2.0,0
1.2625,52,0,0.6861,6648.0,5,0,0,0,2.0,0
2.3161,59,0,0.391,,6,0,2,0,0.0,0
0.1437,60,0,0.5663,4328.0,13,0,1,0,2.0,0
0.7219,52,3,0.4012,3558.0,7,0,0,0,0.0,0
8.5051,52,2,0.643,4858.0,14,0,1,2,,0
0.1899,41,0,0.0584,1676.0,14,0,4,0,1.0,0
0.0813,55,0,0.0806,,6,0,0,0,1.0,0
0.1527,56,0,0.1577,12182.0,11,0,1,0,1.0,0
0.5032,66,0,0.3002,6616.0,6,0,0,0,0.0,0
1.4074,68,0,0.2724,4852.0,14,0,1,0,0.0,0
0.0283,43,1,0.8714,7564.0,5,0,2,0,2.0,0
0.4156,67,0,0.2542,7955.0,3,0,1,0,0.0,0
0.231,37,0,0.2506,4293.0,8,0,2,0,2.0,0
0.4185,56,0,0.569,,8,0,0,0,1.0,0
1.8406,69,2,0.6078,5988.0,14,0,1,0,0.0,0
0.3508,70,0,0.8707,7196.0,5,0,1,0,1.0,0
4.8837,60,0,0.2103,,8,0,1,0,0.0,0
0.6939,68,0,0.8582,3786.0,12,0,0,0,0.0,0
0.9337,58,0,0.4911,5976.0,8,0,0,0,2.0,0
0.3684,45,0,0.8108,,6,0,3,0,0.0,0
0.2676,69,0,0.5461,,11,0,1,0,0.0,0
0.4999,21,0,0.5308,,7,0,1,0,0.0,0
0.0015,60,0,0.2899,8253.0,9,0,3,0,1.0,0
8.8958,46,0,0.1683,9801.0,12,0,1,0,0.0,0
0.501,52,0,0.3381,1692.0,9,0,0,0,0.0,0
0.2723,85,0,0.8782,28299.0,7,0,1,0,2.0,0
0.2753,61,0,0.6393,9456.0,9,0,0,0,1.0,0
0.3579,44,0,0.182,9099.0,10,0,1,0,1.0,0
0.3908,27,0,0.4612,3664.0,12,0,5,0,1.0,0
0.2836,41,0,0.3777,8913.0,10,0,1,0,1.0,0
0.4461,65,0,1.5904,2901.0,4,0,3,0,2.0,0
0.109,45,0,0.6174,3907.0,4,0,0,0,0.0,0
0.2488,50,0,0.3997,7007.0,5,0,1,0,0.0,0
0.2551,48,0,0.1931,35991.0,7,0,0,0,1.0,0
0.0206,39,0,0.5707,,4,0,1,0,0.0,0
0.0463,77,0,0.5062,19425.0,5,0,1,0,1.0,0
7.0824,55,0,0.3827,,11,0,0,0,0.0,0
0.4575,58,0,0.7886,,9,0,1,0,0.0,0
0.6617,78,0,0.0933,,8,0,1,0,1.0,0
0.1051,50,0,0.4501,7110.0,7,0,0,0,0.0,0
1.9446,46,0,0.2387,,10,0,1,0,0.0,0
0.1174,53,0,0.4964,,6,0,3,0,0.0,0
0.4944,33,0,0.6174,5988.0,4,0,1,0,0.0,0
0.4872,55,0,0.2398,4169.0,15,0,1,0,0.0,0
0.0171,51,0,0.8558,,7,0,2,0,1.0,0
0.0178,49,0,0.5491,1833.0,5,0,2,0,2.0,0
0.186,67,0,0.4122,2997.0,6,0,1,0,0.0,0
0.2004,55,0,0.1767,7980.0,12,0,1,0,0.0,0
0.28,56,0,0.1257,30276.0,3,0,1,0,1.0,1
0.1981,57,0,0.0784,5370.0,1,0,1,0,1.0,0
0.5033,58,0,0.0395,4865.0,7,0,2,0,0.0,0
0.4647,49,0,0.1957,2941.0,8,0,1,0,0.0,0
0.4433,30,0,0.4051,,15,0,4,0,1.0,0
0.2674,40,0,0.0152,7305.0,14,0,4,0,1.0,0
0.8057,48,0,0.7204,,7,0,2,0,0.0,0
0.8947,61,0,0.8108,6293.0,12,0,3,0,0.0,0
1.3064,58,0,0.7975,2088.0,9,0,2,0,0.0,1
3.7699,71,0,0.5526,5961.0,9,0,1,0,1.0,0
0.2268,53,0,0.433,8860.0,15,0,0,0,1.0,0
0.1414,89,0,0.8599,7077.0,5,0,1,0,1.0,0
1.004,69,0,0.3934,6642.0,4,0,2,0,0.0,0
0.12,42,0,0.3004,5602.0,7,0,0,0,1.0,0
1.182,50,0,0.3468,16023.0,8,0,0,0,0.0,1
1.0567,45,0,0.4991,2659.0,9,0,1,0,1.0,0
0.4301,61,0,0.4506,6307.0,8,0,1,0,1.0,0
0.8633,60,0,1.0085,,6,0,0,0,1.0,0
0.1445,62,0,0.5485,5279.0,12,0,0,0,0.0,0
0.1049,24,2,0.3171,4806.0,7,0,1,1,0.0,0
0.5552,41,0,0.4587,,11,0,2,0,2.0,0
0.4474,38,0,0.9813,8124.0,10,0,0,0,0.0,0
0.3717,53,0,0.2047,8555.0,8,0,0,0,0.0,0
0.3026,38,0,0.1242,10823.0,9,0,0,0,0.0,0
0.8064,43,0,0.746,8031.0,5,0,0,0,0.0,0
0.0252,34,0,0.5544,4753.0,6,0,0,0,0.0,0
0.4392,54,0,0.505,,7,0,3,0,1.0,1
0.3953,77,0,0.2347,2069.0,14,0,0,0,0.0,0
0.0664,63,0,0.7804,10272.0,6,0,0,0,1.0,0
0.2113,66,0,0.563,,8,0,1,0,1.0,0
0.1687,80,0,0.2284,9646.0,8,0,1,0,2.0,0
0.7661,63,0,0.135,,6,0,1,0,1.0,0
0.1878,59,0,0.2995,3625.0,3,0,2,0,1.0,0
0.1991,27,0,0.5121,2662.0,6,0,0,0,1.0,0
0.4194,66,0,0.9444,2065.0,13,0,4,0,1.0,0
0.0448,45,0,0.1259,2142.0,4,0,1,0,3.0,0
0.7174,58,3,0.2951,11551.0,11,0,0,1,1.0,0
0.9211,63,2,1.2794,3812.0,6,0,6,1,0.0,0
0.1779,49,0,0.6431,4941.0,7,0,0,0,2.0,0
0.3376,53,0,0.7433,,9,0,0,0,0.0,0
0.0341,30,0,0.8688,8452.0,9,0,2,0,0.0,0
0.5221,36,0,0.5104,,9,0,1,0,3.0,0
2.2771,52,0,0.4491,6755.0,6,0,3,0,0.0,0
0.6757,24,0,0.3649,3687.0,9,0,2,0,0.0,0
1.7426,75,0,0.0903,6004.0,13,0,1,0,0.0,0
0.2699,50,0,0.1866,12397.0,5,0,1,0,1.0,0
0.7079,57,0,0.7385,14229.0,6,0,0,0,2.0,0
0.0343,31,0,0.1827,7998.0,12,0,1,0,0.0,0
0.0095,42,0,0.2107,1857.0,7,0,2,0,0.0,0
2.3604,47,0,0.2981,4471.0,6,0,1,0,0.0,0
0.2101,24,0,0.3828,3698.0,8,0,0,0,0.0,0
0.1264,57,2,0.2919,,8,0,0,1,0.0,0
0.5767,69,0,0.9327,8603.0,6,0,1,0,1.0,0
0.1294,52,0,0.346,,6,0,1,0,0.0,0
0.2936,53,0,0.0996,4160.0,8,0,0,0,1.0,0
0.8045,49,0,0.6711,8915.0,11,0,0,0,1.0,0
0.4987,40,0,0.2569,2974.0,5,0,1,0,1.0,1
0.0445,52,0,0.5529,,6,0,2,0,0.0,0
0.2121,53,0,0.2143,,8,0,0,0,1.0,0
1.5309,60,0,0.1568,2208.0,8,0,1,0,0.0,0
0.0546,40,0,1.1373,3384.0,3,0,0,0,,0
0.0296,52,0,0.2193,,8,0,0,0,1.0,0
0.0426,44,0,0.64,,8,0,0,0,0.0,0
0.1229,47,0,0.7039,7590.0,2,0,0,0,3.0,0
0.0922,56,0,0.1709,,11,0,0,0,0.0,0
0.1081,21,0,0.689,6324.0,8,0,1,0,0.0,0
5.1631,66,0,0.3444,3518.0,4,0,0,0,1.0,0
0.3454,56,0,0.2258,1844.0,6,0,1,0,1.0,0
2.6883,70,0,0.6497,2900.0,12,0,0,0,0.0,0
1.5879,21,0,0.1396,8581.0,6,0,1,0,0.0,1
0.0331,64,0,0.7198,2762.0,7,0,1,0,0.0,0
0.0667,38,0,0.7215,4880.0,8,0,2,0,1.0,0
1.0062,64,0,0.5037,,3,0,1,0,1.0,0
0.3583,63,0,0.6732,2585.0,6,0,0,0,1.0,0
0.339,77,0,0.0872,,5,0,2,0,2.0,0
0.2297,57,1,0.3149,5655.0,6,0,0,0,0.0,1
0.6717,23,0,0.8751,20985.0,6,0,1,0,2.0,0
2.6431,45,0,0.7684,5981.0,12,0,3,0,2.0,0
0.5505,58,0,0.3347,5975.0,13,0,2,0,1.0,0
0.955,53,0,0.636,,7,0,0,0,1.0,0
3.9011,37,0,0.218,5550.0,12,0,5,0,0.0,0
0.4544,62,0,0.6245,3224.0,6,0,4,0,0.0,0
0.6636,88,0,0.704,3636.0,14,0,3,0,0.0,0
0.0013,53,0,0.9128,4900.0,5,0,1,0,0.0,0
0.2726,67,0,0.2795,3673.0,3,0,1,0,0.0,0
0.8596,56,1,0.8242,,4,0,0,0,3.0,0
0.7008,40,0,0.6991,9280.0,10,0,2,0,1.0,0
0.2546,33,0,0.3268,4234.0,8,0,1,0,0.0,0
0.2927,55,0,0.069,7624.0,10,0,2,0,1.0,0
0.6432,55,0,0.7477,4772.0,5,0,3,0,0.0,0
0.3707,47,0,0.8912,1337.0,8,0,0,0,1.0,0
0.5166,52,0,0.4037,,5,0,1,0,2.0,0
0.6777,37,0,0.199,13460.0,9,0,1,0,0.0,0
0.1307,51,0,0.1894,2398.0,14,0,3,0,0.0,0
0.7406,52,0,0.1874,,6,0,2,0,3.0,0
0.55,42,0,0.0764,1223.0,8,0,0,0,2.0,0
0.2977,36,0,0.7505,,9,0,2,0,0.0,0
0.9874,34,0,0.7558,3533.0,7,0,0,0,3.0,0
0.4306,81,0,0.4185,11328.0,3,0,1,0,0.0,0
0.0089,36,0,0.735,,10,0,1,0,1.0,0
0.0573,54,0,0.1175,1446.0,11,0,1,0,5.0,0
0.7573,63,1,0.5147,4473.0,5,0,3,0,0.0,0
0.8904,68,0,0.5202,1416.0,6,0,0,0,1.0,0
0.3854,81,0,0.8219,,9,2,0,0,4.0,0
0.1361,33,0,0.3874,,7,0,3,0,0.0,0
0.1611,51,0,0.2226,4768.0,11,0,1,0,1.0,0
0.3008,38,0,0.4453,2130.0,5,0,0,0,0.0,0
0.3297,55,0,0.1741,5083.0,9,0,1,0,0.0,0
0.1922,40,0,0.2879,4279.0,12,0,2,0,0.0,0
0.6018,53,0,0.6807,,10,0,1,0,0.0,1
0.5977,38,0,0.7712,,8,0,0,0,1.0,0
0.7474,35,0,0.5486,,10,0,2,0,0.0,0
0.0472,38,0,0.3326,4911.0,7,0,0,0,1.0,0
0.1812,35,0,0.3089,,7,0,2,0,0.0,0
0.4617,57,0,0.4277,,9,0,2,0,0.0,0
0.0024,47,0,0.6135,4839.0,8,0,2,0,0.0,0
0.1047,54,0,0.0663,3329.0,4,0,1,1,2.0,0
0.4742,30,2,0.5512,5621.0,8,0,1,0,0.0,0
0.4593,54,0,0.4396,7423.0,4,0,0,0,0.0,0
0.8471,46,0,0.3773,6871.0,6,0,1,0,0.0,0
0.0448,70,0,0.5326,7302.0,6,0,0,0,0.0,0
0.0768,80,0,0.5633,4560.0,10,0,1,0,0.0,0
0.0858,58,0,0.5198,50869.0,13,0,2,0,2.0,0
0.2602,62,0,0.2747,10728.0,5,0,0,0,0.0,0
0.0223,48,0,0.4569,7752.0,5,0,2,0,1.0,0
0.9002,56,0,0.3369,4344.0,7,0,0,0,0.0,0
0.3567,47,0,0.066,7655.0,10,0,0,0,0.0,0
0.4276,53,0,0.659,2229.0,4,0,0,0,2.0,0
0.1062,47,0,0.7015,9421.0,7,0,0,0,0.0,0
0.2559,56,0,0.45,6591.0,10,0,2,0,0.0,0
0.2682,58,0,0.6466,,3,0,0,0,1.0,0
0.1463,53,0,0.7766,1362.0,5,0,0,0,1.0,0
0.6858,55,0,0.7154,15761.0,11,0,2,0,2.0,0
0.5617,76,0,0.4315,2131.0,9,0,1,0,0.0,0
0.6153,51,0,0.5887,,9,0,0,0,0.0,1
0.5809,63,0,0.4885,,10,0,1,0,0.0,1
4.8857,49,0,0.4266,7988.0,3,0,2,0,0.0,0
0.3323,63,0,0.5024,,7,0,2,0,2.0,0
0.1774,65,0,0.5752,7852.0,6,0,2,0,1.0,0
0.3712,66,0,0.6834,6150.0,9,0,3,0,0.0,0
0.1693,64,0,0.578,5880.0,4,0,0,0,2.0,0
0.1055,69,0,0.2458,3045.0,7,0,1,0,1.0,0
0.1629,39,0,0.9589,1483.0,7,0,0,0,0.0,0
4.1853,38,0,0.3752,3598.0,6,0,0,0,0.0,0
0.2477,70,0,0.563,5312.0,10,0,1,0,,0
0.6408,39,0,1.2658,8864.0,10,0,1,0,1.0,0
0.4095,55,0,0.4795,,7,0,2,0,1.0,0
0.3985,69,0,0.7333,3724.0,6,0,1,0,0.0,0
0.7131,49,0,0.2205,,6,0,0,0,1.0,0
2.6633,45,0,0.6738,,5,0,2,0,1.0,0
0.6067,36,0,0.5453,3229.0,7,0,0,0,1.0,0
0.5836,57,0,0.2906,,9,0,1,0,2.0,0
0.3597,54,0,0.387,5456.0,10,0,0,0,0.0,0
0.3355,75,0,0.843,6917.0,12,0,4,0,1.0,0
0.0691,58,0,0.4973,22697.0,5,0,1,0,2.0,0
0.1631,73,0,0.3896,11332.0,9,0,3,0,1.0,0
0.3957,68,0,0.2755,11011.0,17,0,0,0,0.0,0
0.5649,64,0,0.9996,3350.0,10,0,0,0,1.0,0
0.7409,40,0,0.418,,7,0,0,0,1.0,0
0.1257,73,0,0.3761,6567.0,8,0,0,0,,0
0.7664,42,0,0.2682,3539.0,10,0,0,0,0.0,0
0.999,48,0,0.2731,,10,0,0,0,1.0,0
0.6661,43,0,0.8436,,5,0,2,0,1.0,0
4.669,56,1,0.5968,,6,0,0,1,0.0,0
1.1913,42,0,0.8915,8553.0,13,0,0,0,2.0,0
0.4431,30,0,0.4203,1446.0,2,0,0,0,2.0,0
1.3934,93,0,0.8998,8570.0,4,0,1,0,0.0,0
1.7655,34,0,0.7236,,8,0,1,0,1.0,0
0.0965,71,0,0.556,4145.0,6,0,0,0,1.0,0
3.4747,67,0,0.4379,4560.0,9,0,1,0,0.0,0
0.1293,61,0,0.0289,,6,0,0,0,2.0,0
0.1986,50,0,0.4577,6348.0,17,0,1,0,1.0,0
0.9842,34,0,0.6299,2844.0,12,0,3,0,0.0,0
0.9406,56,0,0.1694,,12,0,0,0,0.0,0
0.7602,70,0,0.0405,3203.0,6,0,3,0,1.0,0
7.4671,62,0,0.5387,10051.0,5,0,0,1,0.0,0
0.2736,54,0,0.8031,4203.0,8,0,2,0,0.0,0
0.0239,76,0,0.8352,5531.0,6,0,0,0,1.0,0
0.1826,64,0,0.4999,5398.0,7,0,0,0,0.0,0
3.0764,50,0,0.1721,4905.0,9,0,0,0,0.0,0
0.2461,63,0,0.1346,10505.0,9,0,2,0,1.0,0
0.5279,52,0,0.3201,16542.0,13,0,1,0,0.0,0
0.0508,33,0,0.4663,3176.0,6,0,3,0,0.0,0
0.1827,85,0,0.1403,1906.0,5,0,2,0,1.0,0
1.7738,61,0,0.377,,6,0,0,0,2.0,0
0.6785,21,0,0.6471,7424.0,7,0,1,0,1.0,0
0.0418,66,0,0.3032,4602.0,13,0,0,0,0.0,0
0.3293,72,0,0.3552,4991.0,14,0,0,0,1.0,0
4.1008,65,0,0.2989,5964.0,13,0,1,0,2.0,0
0.5782,72,0,0.6583,3122.0,6,0,0,0,0.0,0
1.4998,61,0,0.7559,6467.0,7,0,1,0,0.0,0
1.6659,43,0,0.2298,,6,0,0,0,0.0,0
0.0596,59,0,0.7063,13262.0,8,0,0,0,0.0,0
0.7239,74,0,0.0848,6549.0,1,0,2,0,1.0,0
0.784,71,0,0.328,,6,0,0,0,2.0,1
0.3756,38,0,0.4494,2884.0,7,0,2,0,2.0,0
0.6507,73,0,0.2815,,3,0,1,0,1.0,0
0.0293,47,0,0.4519,6918.0,5,0,0,0,0.0,0
0.5987,51,0,0.3787,6083.0,5,0,1,0,1.0,0
3.2421,54,0,1.0066,2877.0,12,0,1,0,1.0,1
0.7715,81,0,0.6733,3954.0,7,0,0,0,0.0,1
0.1638,33,0,0.36,4625.0,10,0,0,0,1.0,0
5.2248,48,0,0.3523,15506.0,6,0,0,0,2.0,0
0.3111,62,0,0.292,,3,0,1,0,1.0,0
4.6959,55,0,0.5876,,5,0,1,0,1.0,0
6.6091,54,0,0.3331,16682.0,9,0,1,0,2.0,0
0.1164,69,0,0.2819,15382.0,7,0,1,0,2.0,0
0.624,34,0,0.5007,7813.0,13,0,0,0,0.0,0
3.9512,46,0,0.0734,5711.0,9,0,1,0,0.0,0
4.1973,93,0,0.5754,,8,0,0,0,0.0,0
0.7334,41,0,0.7751,1895.0,3,0,0,0,1.0,0
0.3091,57,0,0.8762,3865.0,13,0,0,0,0.0,0
1.2356,49,0,0.2777,8285.0,4,0,4,0,0.0,0
0.1811,28,0,0.6551,5170.0,9,0,2,0,0.0,0
0.2808,40,0,0.0079,6562.0,3,0,0,0,1.0,0
0.2934,40,0,0.488,,10,0,1,0,0.0,0
0.0724,68,0,1.1371,,10,0,1,0,2.0,0
0.0215,42,0,0.3805,10333.0,15,0,0,0,1.0,0
0.0988,71,0,0.9203,6361.0,7,0,0,0,0.0,0
0.2233,44,0,0.4,4692.0,6,0,0,0,0.0,0
0.8423,61,0,0.3213,3283.0,9,0,0,0,0.0,0
1.605,59,0,0.4225,6408.0,4,0,0,0,,0
0.1601,54,0,0.1842,5229.0,3,0,1,0,0.0,0
0.1979,66,0,0.4887,5349.0,5,0,2,0,1.0,0
0.0033,56,0,0.4223,3468.0,13,0,0,0,1.0,0
0.6192,64,0,0.8559,3048.0,8,0,1,0,0.0,0
0.4767,32,0,0.0409,5228.0,10,0,0,0,1.0,0
2.4926,36,0,0.6232,3363.0,7,0,2,0,1.0,0
0.2485,45,0,0.8027,5589.0,9,0,1,0,0.0,0
0.1108,37,0,0.2275,,9,0,0,0,0.0,0
0.3997,58,0,0.4258,,7,0,2,0,0.0,0
0.2212,54,0,0.6781,,10,0,3,0,1.0,0
0.4987,76,0,0.8831,4117.0,8,0,2,0,0.0,0
0.5079,64,0,0.4953,1587.0,6,0,1,0,1.0,0
0.3479,45,0,0.2094,7948.0,4,0,2,0,1.0,0
0.3751,56,0,1.227,5539.0,3,0,4,0,0.0,0
0.3372,66,0,0.318,6297.0,11,0,0,0,0.0,0
0.5395,63,0,0.4875,,2,0,1,0,0.0,1
0.0893,56,0,0.0568,,6,0,1,0,0.0,0
0.0512,41,0,0.7104,,8,0,0,0,0.0,0
2.9089,54,0,0.6243,7195.0,8,2,0,0,1.0,0
0.8602,39,0,0.7795,,6,0,0,0,3.0,0
1.2076,64,0,0.2101,2123.0,8,0,0,0,1.0,0
0.1444,65,0,0.2578,,5,0,3,0,1.0,0
0.0238,45,0,0.3254,5430.0,5,0,1,0,0.0,0
0.0125,56,0,0.3279,5442.0,8,0,0,0,1.0,0
0.4182,57,0,0.1261,2942.0,5,0,0,0,0.0,0
1.7339,55,0,0.2503,3061.0,6,0,0,0,0.0,0
0.6541,42,0,0.2345,7027.0,5,0,0,0,2.0,0
0.517,43,0,0.4934,11722.0,3,0,0,0,2.0,0
1.2597,63,0,0.1348,,5,0,1,0,1.0,0
2.6549,59,0,0.5344,11159.0,5,0,1,0,1.0,0
0.5576,63,0,0.9917,8527.0,8,0,2,0,2.0,0
0.1195,55,0,0.3289,,5,0,0,0,0.0,0
2.5669,33,0,0.7841,,1,0,1,0,1.0,0
0.1831,55,0,0.2119,,13,0,0,0,3.0,0
0.1395,52,0,0.0704,4038.0,6,0,0,0,1.0,0
0.1872,44,0,0.7812,,3,0,2,0,0.0,0
0.6246,27,0,0.1963,7282.0,6,0,1,0,1.0,0
0.5424,33,0,0.5426,7752.0,11,0,1,0,,0
0.7623,41,0,0.6799,3686.0,7,0,0,0,0.0,0
0.2705,52,0,0.7312,8036.0,9,0,2,0,1.0,0
0.1303,64,0,0.7351,6444.0,6,0,0,0,1.0,0
1.2032,73,0,0.4694,2991.0,12,0,0,0,0.0,1
0.2614,46,0,0.6631,,7,0,0,0,1.0,0
0.7604,61,0,0.3277,5557.0,12,0,0,0,2.0,0
0.1385,57,0,0.6441,3461.0,12,0,3,0,0.0,0
0.7944,69,1,0.5428,,8,1,1,0,2.0,0
1.5162,73,0,0.271,11635.0,9,0,1,0,1.0,0
1.585,71,0,0.4237,5219.0,10,0,0,0,0.0,0
0.2711,64,0,0.434,12925.0,7,0,1,0,1.0,0
0.5595,52,0,0.3556,6341.0,8,0,1,0,0.0,0
0.433,54,0,0.3905,11459.0,9,0,0,0,0.0,0
0.747,54,0,0.3559,,7,0,1,0,1.0,0
3.7228,48,0,1.1955,5265.0,8,0,2,0,0.0,1
0.0174,37,0,0.7934,27360.0,9,0,2,0,0.0,0
0.2402,24,0,1.0932,3836.0,4,0,2,0,2.0,0
0.5306,30,0,0.3906,,4,0,2,0,0.0,0
0.2543,49,0,0.435,6897.0,4,0,1,0,1.0,0
0.5613,52,0,0.6522,7447.0,7,0,2,0,1.0,0
0.3817,58,0,0.191,19178.0,9,2,1,0,2.0,1
0.6888,54,0,0.1605,5266.0,10,0,2,0,0.0,0
0.3154,63,0,0.4825,10560.0,9,0,0,0,0.0,0
3.0698,50,0,0.219,,9,0,1,0,1.0,0
2.8421,66,0,0.734,6183.0,18,0,0,0,0.0,0
0.4389,61,0,0.4874,3401.0,3,0,1,0,0.0,0
0.8616,43,0,0.6457,9866.0,4,0,0,0,1.0,0
5.5738,70,0,0.0505,18597.0,9,0,0,0,2.0,0
0.2538,48,0,0.0905,3854.0,5,0,1,0,1.0,0
0.5126,51,0,0.257,3415.0,8,0,2,0,0.0,0
0.4689,52,0,0.0425,7059.0,5,0,0,0,0.0,0
0.0319,61,0,0.4767,7638.0,10,0,1,0,0.0,0
0.7045,77,0,0.1308,3591.0,5,0,5,0,0.0,0
0.7009,41,0,0.1531,13710.0,4,0,0,0,0.0,0
0.3004,67,0,0.4257,10978.0,7,0,2,0,0.0,0
2.9882,76,0,0.8281,15333.0,11,0,1,0,1.0,0
0.4868,71,0,1.0696,15441.0,9,0,0,0,0.0,0
0.1986,43,0,0.1515,8894.0,4,0,1,0,0.0,0
2.5392,69,0,0.0667,935.0,6,0,0,0,0.0,1
0.1161,56,0,0.4564,3337.0,8,0,1,0,2.0,0
0.1642,35,0,0.6744,7761.0,7,0,1,0,1.0,0
1.3378,37,0,0.4381,8355.0,4,0,2,0,1.0,0
0.2603,33,0,0.2149,3565.0,8,0,1,0,0.0,0
0.4932,54,0,0.2727,2767.0,5,0,1,0,1.0,0
0.6289,56,0,0.9773,1068.0,6,0,1,0,3.0,0
0.8058,54,0,0.8685,3042.0,7,0,0,0,0.0,0
3.4316,39,0,0.141,2506.0,7,0,0,0,1.0,0
0.5889,37,0,0.5899,6210.0,9,0,1,0,1.0,0
0.3491,57,0,0.2331,,9,0,3,0,0.0,0
0.2626,62,0,0.4614,5942.0,11,0,3,0,0.0,0
0.4876,53,0,0.3705,15380.0,11,0,1,0,0.0,0
0.0961,40,0,0.1807,2755.0,14,0,2,0,1.0,0
0.8054,45,0,0.45,,12,0,0,0,0.0,0
0.1174,61,0,0.8105,,6,0,0,0,0.0,0
0.3838,41,0,0.8418,15889.0,8,0,3,0,1.0,0
0.2257,60,0,1.1106,3687.0,14,0,1,0,2.0,0
0.2333,48,0,0.1747,3796.0,7,0,2,0,0.0,0
0.1548,49,0,0.6601,2867.0,5,0,4,0,0.0,0
0.7314,68,0,0.1203,2660.0,10,0,1,0,1.0,0
0.3487,53,0,0.1547,,9,0,3,0,0.0,0
0.071,42,0,0.5148,,14,0,0,0,2.0,0
0.3379,33,0,0.5505,6468.0,10,0,0,0,0.0,0
0.0853,25,0,0.1819,4557.0,11,0,1,0,0.0,0
0.1323,54,0,0.294,8407.0,3,0,1,0,1.0,0
0.3435,51,0,0.3922,,10,0,2,0,1.0,0
0.278,75,0,0.2468,7081.0,11,0,2,0,1.0,0
5.0748,58,0,0.4975,4036.0,11,0,1,0,0.0,0
0.1603,60,1,0.4176,6479.0,12,0,1,0,1.0,0
0.815,45,0,0.4743,27705.0,2,0,1,0,0.0,0
0.1893,42,0,1.1578,1940.0,9,0,4,0,1.0,0
0.325,63,0,0.8911,2418.0,10,0,1,0,1.0,0
0.38,48,0,0.3188,5937.0,10,0,0,0,2.0,0
0.5475,40,0,0.5322,6674.0,6,0,1,0,0.0,0
0.0081,71,0,0.2675,,6,0,2,0,1.0,0
0.2322,48,0,0.4772,4623.0,8,0,3,0,3.0,0
0.4003,40,0,0.1876,,10,0,1,0,1.0,0
2.1034,80,0,0.8057,3308.0,10,0,1,0,0.0,0
1.3256,43,0,0.3131,7657.0,6,0,1,0,0.0,0
0.1937,46,0,0.8281,7990.0,11,0,0,0,0.0,0
0.5987,71,0,0.2272,3685.0,14,0,0,0,0.0,0
0.3364,80,1,0.2533,6022.0,6,0,1,0,0.0,0
0.19,54,0,0.6211,4567.0,9,0,0,0,0.0,0
0.4391,76,0,0.6355,2764.0,8,0,1,0,0.0,0
0.1496,50,0,0.0986,4041.0,7,0,1,0,1.0,0
6.2228,40,0,0.3865,5714.0,11,0,1,0,0.0,0
0.5668,37,2,0.7473,4648.0,3,0,2,0,1.0,0
0.5803,72,0,0.6151,1510.0,6,0,2,0,0.0,0
0.1668,60,0,0.1714,3915.0,4,0,0,0,1.0,0
4.7579,57,0,0.4409,5641.0,11,0,0,0,1.0,0
0.2183,42,0,0.5601,5277.0,10,0,0,0,3.0,0
2.6639,47,0,0.2722,15948.0,5,0,1,0,2.0,0
0.3761,58,3,0.1093,1753.0,10,0,0,0,2.0,0
0.3725,38,0,0.4333,3434.0,12,0,3,0,1.0,0
0.1665,35,0,0.4537,3564.0,7,0,3,0,0.0,0
0.6168,46,0,0.2017,15357.0,9,0,2,0,0.0,0
0.1176,53,2,0.5033,,6,0,2,2,0.0,0
0.6375,49,0,0.5142,8633.0,10,0,0,0,1.0,0
6.0529,75,2,0.7515,14962.0,9,0,2,2,0.0,0
0.9289,75,0,0.8021,3103.0,11,0,2,0,0.0,0
1.4788,56,0,0.2359,,11,0,0,0,0.0,0
0.8876,39,0,0.3169,4445.0,9,0,1,0,1.0,0
0.155,58,0,0.4095,2242.0,6,0,2,0,0.0,0
0.6988,46,0,0.28,6949.0,7,0,3,0,0.0,0
0.0512,21,0,0.472,3799.0,7,0,1,0,1.0,0
0.55,77,0,1.0078,10984.0,5,0,1,0,0.0,1
0.6988,36,0,0.6256,2800.0,10,0,1,0,0.0,0
1.0431,80,0,0.1674,8639.0,8,0,1,0,2.0,0
1.0346,52,0,0.2601,6503.0,7,0,0,0,0.0,0
0.043,70,0,0.4813,,7,0,4,0,1.0,0
0.2308,74,0,0.529,6437.0,13,0,1,0,0.0,0
0.0097,65,0,0.8411,5378.0,9,0,0,0,0.0,0
0.3011,57,0,0.7904,4287.0,9,0,2,0,3.0,0
0.372,54,0,0.2846,1717.0,8,0,1,0,1.0,0
0.1318,55,0,0.0993,2677.0,7,0,1,0,1.0,0
0.2503,34,0,0.3786,9779.0,14,0,0,0,0.0,0
0.4338,43,0,0.0623,1805.0,13,0,3,0,0.0,0
0.748,25,0,0.3174,,7,0,2,0,1.0,0
0.4464,46,0,0.689,1755.0,9,0,1,0,0.0,0
0.4849,32,0,0.8401,,10,0,0,0,2.0,0
0.1398,61,0,0.6892,,6,0,1,0,0.0,0
0.1195,21,0,0.4563,,5,0,2,0,0.0,0
0.4717,48,0,0.2591,2647.0,7,0,3,0,1.0,0
0.9651,55,0,0.888,,5,0,1,0,2.0,0
0.8514,56,0,0.4448,6134.0,6,0,0,0,2.0,0
0.1002,30,0,0.8105,3886.0,6,0,1,0,0.0,0
1.9109,71,0,0.2621,2379.0,6,0,0,0,1.0,0
2.0387,52,0,0.5263,2780.0,11,0,2,0,0.0,0
0.528,45,0,0.166,5427.0,11,0,0,0,0.0,0
0.5198,36,0,0.4039,3160.0,9,0,0,0,0.0,0
5.1622,50,0,0.4523,,7,0,1,0,2.0,0
0.5878,30,0,0.6462,8252.0,4,0,2,0,2.0,0
0.5895,53,0,0.3599,,4,0,1,0,2.0,0
0.3996,27,0,0.3155,1017.0,12,0,1,0,0.0,0
0.2132,44,0,0.3174,,8,0,2,0,0.0,0
0.1391,47,0,0.3434,6591.0,13,0,0,0,0.0,0
0.5289,41,3,0.2741,4172.0,3,0,0,0,0.0,0
0.5161,44,0,0.3065,5717.0,3,0,1,0,0.0,0
0.3532,44,0,0.6639,4355.0,7,0,1,0,0.0,0
0.3877,52,0,0.6613,2460.0,11,0,0,0,0.0,0
0.8369,66,0,0.5126,5945.0,12,0,1,0,1.0,0
0.0002,72,0,0.0893,13011.0,7,0,0,0,1.0,0
0.3089,66,2,0.584,3084.0,12,0,2,0,2.0,0
0.2663,71,0,0.8415,,9,0,4,0,2.0,0
1.1208,67,0,0.8804,6137.0,5,0,2,0,1.0,0
1.1933,51,0,0.0865,,9,0,0,2,1.0,0
0.2255,48,0,0.723,2741.0,8,0,1,0,1.0,0
1.1023,77,1,0.3451,6018.0,10,0,2,0,0.0,0
0.4036,52,0,0.5843,2868.0,11,0,0,0,0.0,0
1.1065,36,0,1.0327,5383.0,8,0,0,0,2.0,0
0.9414,60,0,1.1597,,8,0,2,0,2.0,1
0.5835,75,0,0.3581,5966.0,5,0,0,0,0.0,0
0.607,64,0,0.5401,6456.0,12,0,2,0,1.0,0
0.3619,49,0,0.6075,3816.0,6,0,0,0,1.0,0
0.1143,68,0,0.8418,7754.0,12,0,1,0,0.0,0
0.3492,37,0,0.1208,5620.0,7,0,3,0,2.0,0
0.6933,58,0,0.316,,8,0,0,0,2.0,0
0.077,48,0,0.2919,4467.0,7,0,0,0,1.0,0
4.1011,43,0,0.2044,10297.0,6,1,1,0,0.0,0
0.2363,41,0,0.77,,8,0,0,0,0.0,0
1.0979,55,0,0.042,7800.0,11,0,1,0,,0
0.6335,52,0,1.0967,,12,0,1,0,0.0,0
0.5279,66,2,0.5436,4138.0,4,0,3,0,0.0,0
1.3286,38,0,0.7881,,5,0,0,0,2.0,0
0.4794,91,0,0.9655,3895.0,6,0,0,0,2.0,0
0.5393,56,0,0.4272,17190.0,12,0,1,0,0.0,0
0.4334,57,0,0.8357,,8,0,1,0,0.0,0
6.6356,63,0,0.6377,4850.0,8,0,0,0,2.0,1
0.1286,31,0,0.7164,11413.0,6,0,2,0,1.0,0
0.6386,81,0,0.8584,3431.0,6,0,0,0,0.0,0
0.146,43,0,0.676,2316.0,9,0,1,0,0.0,0
0.6666,66,0,0.7456,,7,0,2,0,1.0,1
2.5555,59,0,0.4757,4046.0,9,0,0,1,3.0,0
0.0034,47,0,0.4678,18257.0,8,0,1,0,0.0,0
0.2175,63,0,0.9563,6043.0,7,0,0,0,0.0,0
0.9569,50,0,0.8197,,7,0,0,0,1.0,0
0.0949,58,0,0.9018,,9,0,0,0,0.0,0
0.2895,62,0,0.2014,4464.0,7,0,3,0,,0
0.143,53,0,0.3758,2176.0,8,0,1,0,2.0,0
0.3445,56,0,0.6971,2861.0,4,0,0,0,2.0,0
0.7894,44,0,0.7457,,10,0,1,0,2.0,1
0.0641,40,0,0.4414,14656.0,12,0,1,0,2.0,0
0.3985,65,0,0.2765,,11,0,2,0,1.0,0
0.1241,41,0,0.9152,4057.0,6,0,0,0,,0
0.2674,73,0,0.867,9993.0,2,0,1,0,1.0,0
0.1916,39,0,0.3081,4769.0,7,0,2,0,1.0,0
0.3173,52,0,0.6394,2841.0,8,0,1,0,2.0,0
0.6556,61,0,0.5249,6079.0,7,0,0,0,2.0,0
1.8293,68,0,0.5113,9841.0,9,0,1,0,0.0,0
0.5525,55,0,0.5256,2770.0,10,0,0,0,0.0,0
0.4845,81,0,0.4377,,6,0,0,0,1.0,0
8.6185,29,0,0.4225,,6,0,0,0,0.0,0
1.4643,22,0,0.4132,,8,0,1,0,0.0,0
0.1944,31,0,0.732,9449.0,10,0,0,0,0.0,0
0.0374,30,0,0.2111,4081.0,9,0,1,0,0.0,0
5.5811,34,1,0.9416,3174.0,9,0,0,0,1.0,0
1.6539,44,0,0.1801,3476.0,10,0,1,0,1.0,0
0.1151,45,0,0.8367,7551.0,6,0,0,0,2.0,0
0.1023,46,0,0.4183,3849.0,6,0,0,0,0.0,0
0.5585,35,0,0.2469,,11,0,2,0,1.0,0
0.4757,52,0,0.4823,4706.0,7,0,2,0,1.0,0
0.35,63,0,0.5202,2655.0,7,0,2,0,0.0,0
0.8419,45,0,0.4964,5327.0,5,0,0,1,0.0,0
0.5029,48,0,0.433,23518.0,13,0,1,0,1.0,0
0.773,66,0,0.8459,4848.0,10,0,0,0,0.0,0
0.0314,63,0,0.5076,8551.0,8,0,1,0,0.0,0
0.2122,45,0,0.4846,,5,0,1,0,2.0,0
0.8576,69,0,0.534,3047.0,10,0,1,0,1.0,0
0.3309,48,0,0.5332,6149.0,14,0,0,0,1.0,0
1.5832,61,0,0.254,4007.0,10,0,0,0,,0
0.158,35,0,0.2659,,8,0,2,0,0.0,0
0.2197,41,0,0.787,7439.0,4,0,0,0,1.0,0
0.6658,35,0,0.435,4268.0,12,0,2,0,1.0,0
0.5579,51,0,0.4174,7555.0,9,0,1,0,1.0,0
4.7704,45,0,0.3216,1694.0,8,0,0,0,1.0,0
0.0378,41,0,0.4317,2545.0,7,0,1,0,0.0,0
0.3299,55,0,0.6446,2279.0,2,0,1,0,1.0,0
0.0629,65,0,0.0673,5900.0,8,0,2,0,0.0,0
0.7266,50,0,0.0851,7630.0,11,0,0,0,1.0,0
0.344,55,0,0.6049,,8,0,0,0,1.0,0
0.0053,51,0,0.4992,8970.0,11,0,3,0,1.0,0
0.2903,38,0,0.2476,,11,0,1,0,1.0,0
0.0429,45,0,0.5781,,9,0,0,0,0.0,0
0.0102,71,0,0.5918,12498.0,8,0,0,0,0.0,0
0.3405,47,0,0.8766,5278.0,11,0,0,0,0.0,0
0.4168,80,0,0.4277,6377.0,3,0,1,0,1.0,0
0.1089,45,0,0.2775,,4,0,1,0,1.0,0
0.2472,42,0,0.2293,3883.0,8,0,1,0,0.0,0
0.7471,81,1,0.4081,8868.0,10,0,1,1,2.0,0
0.4855,71,0,0.3076,5829.0,5,0,1,0,1.0,0
0.3158,44,0,0.3086,3500.0,8,0,0,0,0.0,0
0.003,50,0,0.2607,2010.0,9,0,1,0,0.0,0
0.4603,22,0,0.513,,8,0,1,0,0.0,0
0.7899,61,0,0.9877,15762.0,15,0,1,0,1.0,0
0.7602,44,0,0.1475,3255.0,7,0,0,0,0.0,0
7.9847,50,0,0.3414,4066.0,12,0,0,0,0.0,0
0.4476,35,0,1.1977,,7,0,2,0,1.0,1
0.2118,69,0,0.3568,,10,0,0,0,1.0,0
0.1986,42,0,0.1057,,7,0,0,0,0.0,0
0.4537,57,0,0.5723,10276.0,11,0,1,0,0.0,0
0.9361,50,0,0.1428,6255.0,7,0,1,0,0.0,1
0.3742,73,0,0.2887,,6,0,1,0,1.0,0
0.1239,63,0,0.0755,,8,0,1,0,1.0,0
0.6182,53,0,0.5056,,6,0,0,0,0.0,1
0.1515,49,0,0.2871,6123.0,7,0,0,0,1.0,0
0.0039,37,0,0.1799,,7,0,3,0,0.0,0
0.2705,28,0,0.6324,4675.0,9,0,1,0,0.0,0
1.4134,33,0,0.4824,,9,0,0,0,0.0,0
2.9338,56,0,0.5505,3453.0,3,0,0,0,0.0,0
0.1854,63,0,0.1261,,10,0,1,0,0.0,0
0.6686,68,0,1.0209,9319.0,5,0,1,0,0.0,0
0.2106,51,0,0.2036,3175.0,2,0,1,0,1.0,0
0.7193,53,0,1.3549,16914.0,6,0,1,0,0.0,0
0.3102,45,0,0.5062,11152.0,7,0,0,0,2.0,0
0.702,47,1,0.5317,,5,0,1,0,1.0,0
0.0148,61,0,0.0821,,7,0,1,0,1.0,0
0.7376,42,0,0.2282,4610.0,8,0,3,0,1.0,0
0.0176,55,0,0.2126,,7,0,0,0,0.0,0
0.4101,54,0,0.5175,5337.0,9,0,1,0,1.0,0
1.031,51,0,1.2712,20726.0,5,0,0,0,0.0,0
1.0012,51,2,0.5613,6525.0,11,0,1,0,,0
0.4252,68,0,0.3193,4850.0,9,0,2,0,1.0,0
1.2474,59,0,0.6179,2976.0,11,0,1,0,1.0,0
4.6135,57,0,0.6564,3579.0,7,0,0,0,0.0,0
0.8566,62,0,0.4132,,8,0,3,0,1.0,0
1.2117,46,0,0.3554,6877.0,4,0,1,0,0.0,0
0.5678,67,0,0.6823,,9,0,1,0,1.0,0
0.6015,67,0,0.6912,15846.0,6,0,0,0,0.0,0
0.2005,45,0,0.3301,2827.0,5,0,0,0,2.0,0
0.7297,53,0,0.3675,12602.0,13,0,0,0,1.0,0
0.3492,49,0,0.5203,5129.0,8,0,2,0,1.0,0
0.0799,62,0,0.318,2896.0,12,0,0,0,0.0,0
0.2457,57,0,0.8486,5529.0,6,0,1,0,0.0,0
0.0161,38,0,0.2826,10615.0,6,0,0,0,2.0,0
1.9293,50,0,0.3731,4201.0,11,0,1,0,0.0,0
0.6465,71,0,0.1383,1195.0,6,0,1,0,0.0,0
0.529,48,0,0.2125,,5,0,1,0,0.0,0
0.1627,66,2,0.7167,4160.0,6,0,1,0,2.0,0
0.8425,75,0,0.536,,5,0,0,0,1.0,0
0.3402,52,0,0.1961,,8,0,0,0,1.0,0
0.3159,71,0,0.2075,13376.0,8,0,1,0,2.0,0
0.0045,37,0,0.0787,3761.0,3,0,1,0,0.0,0
0.1955,55,0,0.221,10220.0,10,0,2,0,2.0,0
0.4938,58,0,0.5997,2312.0,9,0,2,0,1.0,0
0.2379,45,0,0.6314,3966.0,15,0,0,0,0.0,0
0.1624,46,0,0.1306,2468.0,4,0,0,0,1.0,0
0.3634,60,0,0.5837,10028.0,11,0,1,0,3.0,0
0.6008,54,0,0.7713,6451.0,5,0,2,0,0.0,0
0.1537,59,0,0.6408,,9,0,2,0,0.0,0
3.081,91,0,0.1514,3133.0,5,0,2,0,2.0,0
0.1984,50,0,0.2616,6041.0,7,0,3,0,0.0,0
0.0363,34,0,0.2493,4078.0,8,0,2,0,0.0,0
0.5114,41,0,0.8788,8300.0,7,0,0,0,2.0,0
0.2976,51,1,0.1887,3688.0,10,0,2,2,0.0,0
0.359,32,0,0.6128,,9,0,1,0,0.0,0
0.0684,55,3,0.5143,7547.0,11,1,0,0,1.0,1
0.1827,72,0,0.4252,10492.0,7,0,0,0,0.0,0
0.3338,75,0,0.0774,7339.0,5,0,1,0,0.0,0
0.0098,52,0,0.9893,18591.0,11,0,0,0,2.0,0
0.4839,60,0,0.3579,,3,0,0,0,2.0,0
1.4242,65,0,0.9274,1626.0,5,0,0,0,4.0,0
0.778,91,0,0.8359,3224.0,15,0,0,0,,0
0.1467,53,0,0.3333,2022.0,11,0,0,1,2.0,0
0.5397,40,0,0.504,6791.0,11,0,0,0,0.0,0
0.6102,47,0,0.2884,,8,0,0,0,0.0,0
2.38,41,0,0.3796,,6,0,2,0,0.0,0
0.8733,57,2,0.2612,8451.0,12,2,2,0,1.0,0
0.8057,63,0,0.126,15857.0,12,0,1,0,0.0,0
0.2323,53,0,0.2787,10267.0,10,0,0,0,3.0,0
0.0085,41,0,1.0697,5069.0,10,0,0,0,0.0,0
0.0573,43,0,0.4117,3614.0,14,0,1,0,0.0,0
0.5693,65,0,0.438,5265.0,8,0,2,0,0.0,0
0.0042,45,0,0.1751,6627.0,3,0,2,0,2.0,0
0.7541,88,0,0.5802,8357.0,8,0,0,0,1.0,0
0.3429,38,0,0.1497,3263.0,7,0,3,0,2.0,0
0.5648,38,0,0.241,4437.0,11,0,1,0,0.0,1
2.0454,39,0,0.2833,5347.0,7,0,1,0,0.0,0
0.2129,69,2,0.408,4353.0,7,0,1,0,1.0,0
0.0827,48,0,0.338,10400.0,7,0,3,0,0.0,0
1.8854,47,0,0.6065,,10,0,0,0,0.0,1
0.3666,78,0,0.606,,6,0,2,0,0.0,0
0.2326,21,0,0.6393,5369.0,7,0,0,0,1.0,0
0.4403,56,0,0.3782,3756.0,8,0,0,0,0.0,0
0.0988,48,0,0.5295,,8,0,1,0,2.0,0
0.6999,87,0,0.7826,5454.0,8,0,2,0,1.0,0
0.5132,45,3,0.2099,8047.0,7,0,2,0,0.0,0
0.1552,41,0,0.4704,,6,0,0,0,1.0,0
0.0541,62,0,0.6346,10860.0,7,0,1,0,0.0,0
0.0234,57,0,0.3326,5013.0,7,0,1,0,0.0,0
0.5446,60,0,0.3807,,6,0,1,0,1.0,0
0.0026,46,0,0.5015,,7,0,2,0,0.0,0
9.5232,44,1,0.125,9921.0,8,0,1,0,1.0,0
0.1104,39,0,0.2999,9182.0,6,0,1,0,2.0,0
0.2222,56,0,0.5822,3220.0,10,0,1,0,2.0,0
0.3452,55,0,0.5686,6512.0,5,0,4,0,2.0,0
0.4389,57,0,0.5951,7987.0,9,0,0,0,0.0,0
0.1504,86,0,0.362,28602.0,7,0,0,0,0.0,0
0.1069,74,0,0.1034,4004.0,8,0,0,0,2.0,0
1.7951,51,0,0.5273,19295.0,7,0,0,0,1.0,0
0.2792,46,0,0.621,10283.0,6,0,1,0,0.0,0
0.024,69,0,0.607,8185.0,4,0,1,0,1.0,0
0.1136,63,1,0.6635,,11,0,2,0,,0
0.5026,57,0,0.192,2813.0,5,0,1,0,1.0,0
0.148,62,0,0.2675,5736.0,7,0,1,0,0.0,0
0.9391,38,0,0.6345,5735.0,4,0,2,0,1.0,0
0.0411,64,0,0.616,2333.0,10,0,2,0,0.0,0
0.4474,45,0,0.1642,3506.0,5,0,0,0,1.0,0
0.369,50,0,0.9879,9915.0,5,0,3,0,0.0,0
1.6966,63,0,0.6366,1641.0,8,0,1,0,0.0,0
0.3183,65,0,0.5199,5484.0,5,0,3,0,2.0,0
0.1021,23,0,0.1348,3329.0,7,0,0,0,2.0,0
0.1998,75,0,0.0426,,15,0,2,0,0.0,0
0.7375,65,0,0.4717,,11,0,1,0,2.0,0
0.6273,41,0,0.4201,3990.0,13,0,0,0,0.0,0
0.3809,47,0,0.3613,,10,1,2,0,2.0,0
0.7626,55,0,0.3594,14518.0,6,0,1,0,2.0,0
0.2185,47,0,0.6035,6057.0,13,0,2,0,1.0,0
1.5477,34,0,0.6194,,7,0,1,0,1.0,0
1.0235,40,0,0.7596,,6,0,0,0,0.0,0
1.1765,62,0,0.0264,,9,0,0,0,1.0,0
2.4687,38,0,0.7943,,6,0,1,0,0.0,0
0.8995,51,2,0.3764,5892.0,15,1,1,0,0.0,0
0.4008,59,0,0.153,5422.0,6,0,1,0,1.0,0
4.4782,56,0,0.1261,1511.0,10,0,1,0,0.0,0
0.4576,47,0,0.2587,15666.0,5,0,0,0,2.0,0
0.209,44,0,0.4891,,18,0,1,0,1.0,0
0.2565,37,0,1.018,6742.0,12,0,0,0,0.0,0
0.3873,57,0,0.6044,3484.0,15,0,2,0,2.0,0
0.0771,40,0,0.929,4597.0,7,0,2,0,0.0,0
0.4449,81,0,0.1138,,8,0,1,0,1.0,0
0.0149,49,2,0.52,3941.0,13,0,1,0,1.0,0
0.1793,56,0,0.8345,4075.0,12,0,0,0,0.0,0
0.2813,43,0,0.3302,,7,0,2,0,1.0,0
0.1471,61,0,0.2484,5208.0,7,0,0,0,2.0,0
0.2066,25,0,0.2508,1984.0,7,0,0,0,1.0,0
0.6772,58,0,0.4603,8669.0,11,0,2,0,2.0,0
0.3442,49,0,0.4163,,6,0,3,0,0.0,0
0.2482,91,0,0.9507,19954.0,11,0,0,0,0.0,0
0.0214,51,0,0.2639,1584.0,5,0,3,0,0.0,0
0.5935,41,0,0.6051,1687.0,13,0,2,0,0.0,0
0.3987,65,0,0.0819,2514.0,12,0,3,0,0.0,0
0.313,55,0,0.2807,12126.0,5,0,3,0,1.0,0
0.595,32,1,0.3002,1905.0,10,0,1,0,1.0,0
0.0187,76,0,0.5352,7609.0,7,0,2,0,0.0,1
0.2265,35,0,0.1727,2991.0,8,0,2,0,1.0,0
1.9575,46,0,0.6249,4510.0,9,0,0,0,2.0,0
0.1537,57,0,0.3496,5609.0,10,0,1,0,1.0,0
0.5451,54,0,0.1302,,9,0,1,0,2.0,0
0.3771,64,0,0.0294,8540.0,12,0,0,0,0.0,0
0.5567,34,0,0.1853,3833.0,8,0,1,0,1.0,0
0.68,49,0,0.3834,11023.0,6,0,2,0,1.0,0
0.6597,40,0,0.3227,2026.0,12,0,0,0,1.0,0
0.3462,61,0,0.2154,3611.0,8,0,0,0,0.0,0
1.0721,65,0,0.2774,4456.0,2,0,1,0,1.0,0
0.2801,48,0,0.8557,2737.0,4,0,1,0,0.0,0
0.4747,50,0,0.5994,4636.0,11,0,2,0,0.0,0
0.0114,45,0,0.3939,6881.0,6,0,2,0,1.0,0
2.3577,37,0,0.9946,,7,0,1,0,0.0,0
0.7069,61,0,0.6971,8682.0,9,0,2,0,1.0,0
0.5858,39,0,0.4511,1477.0,10,0,0,0,1.0,0
0.9751,52,0,0.5812,10775.0,10,0,1,0,1.0,0
0.9254,61,0,0.4149,8316.0,8,0,0,0,0.0,0
2.2121,31,0,0.4404,2016.0,6,0,2,0,0.0,0
0.4603,54,0,0.7299,5396.0,6,0,0,0,1.0,0
2.4242,37,0,0.2901,3434.0,11,0,1,0,0.0,0
0.1579,57,0,0.448,,6,0,2,0,0.0,0
0.6196,53,0,0.6611,12749.0,9,0,1,0,1.0,0
3.7934,42,0,0.608,,10,0,0,0,1.0,0
0.3168,56,0,0.3401,3905.0,7,0,1,0,1.0,0
2.6193,59,0,1.063,5395.0,9,0,1,0,0.0,0
0.2969,35,0,0.8559,15338.0,8,0,0,0,3.0,0
0.4651,54,0,0.9332,,9,0,2,0,2.0,0
0.0376,42,0,0.125,4846.0,3,0,0,0,2.0,0
0.1635,62,0,0.7483,,6,0,1,0,0.0,0
0.1207,21,0,0.5738,4700.0,12,0,2,0,2.0,0
0.2792,58,0,0.1189,5372.0,7,0,2,0,0.0,0
0.0758,34,0,0.0087,26980.0,13,0,1,0,1.0,0
8.5892,46,0,0.1645,2575.0,6,0,1,0,1.0,0
0.3698,71,0,1.2272,4994.0,10,0,2,0,1.0,0
1.6308,31,0,0.3109,2582.0,8,0,2,0,1.0,0
0.6299,55,0,0.6041,5313.0,8,0,3,0,1.0,0
0.9632,37,1,0.7441,2149.0,5,0,2,0,0.0,0
3.22,71,0,0.5396,5285.0,7,0,1,0,1.0,0
0.4779,57,0,0.3209,,4,0,1,0,1.0,0
0.0512,89,2,0.2369,7444.0,7,0,2,0,0.0,1
0.04,54,0,0.4114,6669.0,7,0,1,0,0.0,0
0.7343,64,0,1.0399,3925.0,14,0,3,0,2.0,0
0.4561,50,0,1.1514,6409.0,4,0,0,0,0.0,0
3.6627,79,0,0.7439,8559.0,11,0,3,0,0.0,0
3.6181,53,1,0.6538,7652.0,7,0,2,0,1.0,0
0.7508,71,1,0.479,9456.0,7,0,0,0,0.0,0
0.1928,27,0,0.7882,7296.0,9,0,3,0,1.0,0
0.4698,53,0,0.6035,11783.0,8,0,0,0,0.0,0
0.155,46,0,0.5851,19186.0,9,0,1,0,1.0,0
9.4036,62,0,0.3092,3147.0,5,0,4,0,2.0,0
0.0564,69,0,0.406,,13,0,0,0,0.0,0
0.2644,79,0,0.2339,3114.0,10,0,1,0,,0
0.9336,36,0,0.5303,4537.0,11,0,1,0,1.0,0
1.2322,69,1,0.3699,2302.0,5,1,1,0,1.0,0
0.2099,48,0,0.6134,3803.0,4,0,1,0,0.0,0
2.4034,70,0,0.292,9386.0,14,0,0,1,1.0,0
3.238,53,0,0.7158,,10,0,1,1,0.0,0
0.2267,74,0,0.0952,8540.0,8,0,0,0,,1
0.3398,43,0,0.1083,,7,0,1,0,1.0,0
0.7476,66,0,0.7761,,5,0,0,0,2.0,0
0.5792,35,0,0.2684,8880.0,5,0,0,0,1.0,0
0.8907,34,0,0.0537,3007.0,2,0,0,0,1.0,1
1.2626,35,0,0.6648,3990.0,16,0,0,0,1.0,1
0.2856,50,0,0.1762,12780.0,6,0,2,0,3.0,0
0.9521,49,0,0.5119,8612.0,9,0,2,0,1.0,0
0.4878,59,0,0.3828,2634.0,12,0,1,0,1.0,0
0.127,56,0,0.1032,,6,0,0,0,1.0,0
0.2948,50,0,0.6241,4450.0,9,0,0,0,,0
0.0366,57,0,0.3931,7721.0,7,0,0,0,0.0,0
0.2286,48,0,0.7671,10051.0,5,0,0,0,2.0,0
0.7439,60,0,0.572,8438.0,7,0,0,0,0.0,0
0.2068,39,0,0.5295,6887.0,7,0,1,0,0.0,0
0.1338,59,0,0.1878,3268.0,9,0,0,0,3.0,0
0.7983,29,0,0.0542,11620.0,11,0,0,0,0.0,0
0.177,74,0,0.6396,,7,0,2,0,0.0,0
0.3515,37,3,0.6118,7896.0,8,1,2,0,1.0,0
4.7316,36,0,0.3422,7217.0,8,0,0,2,1.0,0
0.0879,73,0,0.0918,7215.0,6,0,0,0,2.0,0
2.6478,45,0,0.4376,1890.0,11,0,4,0,0.0,0
0.101,71,0,0.8271,6285.0,8,0,1,0,1.0,0
0.657,53,0,0.4952,3290.0,4,0,0,0,1.0,0
0.5136,29,1,0.5223,,5,0,3,0,0.0,1
0.3069,49,0,0.5544,,7,0,3,0,0.0,0
1.9233,21,0,0.6662,2135.0,3,0,0,0,3.0,0
0.9942,58,0,0.2488,4544.0,4,0,0,0,0.0,0
0.0144,64,0,0.1029,5818.0,7,0,2,0,0.0,0
1.0467,60,2,0.8628,,3,1,0,1,0.0,0
0.7881,42,0,0.7607,6717.0,4,0,2,0,0.0,0
0.7114,55,0,0.4937,,9,0,0,0,1.0,0
0.4581,33,0,0.1395,3509.0,4,0,1,0,1.0,0
0.274,59,0,0.4204,2926.0,10,0,1,0,0.0,0
0.2531,60,0,0.6239,,8,0,1,0,1.0,0
3.1561,43,0,0.2692,8065.0,12,0,1,0,1.0,1
0.5109,41,0,0.5653,9666.0,6,0,3,0,1.0,0
2.4556,38,0,0.0661,,6,0,0,0,3.0,1
0.6906,74,0,0.7546,7755.0,7,1,2,0,1.0,0
0.1752,42,0,0.5929,7053.0,8,0,1,0,1.0,0
0.1934,69,0,0.4687,4035.0,12,0,1,0,1.0,0
0.0941,50,0,0.7111,,6,0,1,0,0.0,0
1.3248,32,0,0.6045,2268.0,5,0,0,0,0.0,0
0.5067,42,0,0.3503,2158.0,6,0,1,0,1.0,0
0.289,49,0,0.3794,3278.0,5,0,0,0,,0
0.462,43,0,0.351,3094.0,6,0,1,0,2.0,0
3.2683,62,0,0.3747,13291.0,7,0,3,0,1.0,0
0.0988,45,0,1.1277,3731.0,5,0,3,0,1.0,0
0.3976,53,0,0.4484,5597.0,7,0,0,0,1.0,0
0.0181,48,0,0.3206,9706.0,10,0,1,0,1.0,0
0.6385,47,0,0.542,4090.0,7,0,1,0,0.0,1
1.4373,44,0,0.6826,5343.0,9,0,1,0,,1
0.4046,47,0,0.6436,1842.0,8,0,2,0,1.0,0
0.2906,70,2,0.6077,4652.0,7,0,6,0,4.0,0
3.5538,50,0,0.2467,7593.0,12,0,3,0,0.0,0
1.1882,59,0,0.9288,7390.0,9,0,1,0,1.0,0
0.4238,61,0,0.1645,4395.0,11,0,2,0,1.0,0
0.5949,38,0,0.397,2804.0,6,0,1,0,0.0,0
0.0714,36,0,0.4769,6184.0,7,0,2,0,1.0,0
0.4808,31,0,0.1111,12447.0,9,0,1,0,1.0,0
0.74,40,0,0.1345,,5,0,1,0,1.0,1
0.2954,61,0,0.419,,6,0,1,0,1.0,0
0.4384,27,0,0.328,7887.0,7,0,0,0,0.0,0
1.1984,57,0,1.0865,5275.0,3,0,1,0,2.0,0
0.5567,39,0,0.3167,8433.0,11,0,0,0,1.0,0
0.4445,59,0,0.3118,,7,0,0,0,0.0,0
0.5179,44,0,0.1566,7313.0,9,0,2,0,0.0,0
0.6398,58,0,0.3207,,8,0,1,0,0.0,0
0.46,61,0,0.2594,2050.0,5,0,0,0,0.0,0
0.0029,41,0,0.288,10569.0,13,0,1,0,1.0,0
0.7232,46,0,0.8365,8452.0,4,0,0,0,0.0,0
0.7811,43,0,0.4978,5807.0,9,0,1,0,0.0,0
0.8531,49,0,0.3116,4401.0,14,0,2,0,1.0,0
5.1237,50,0,0.8265,6620.0,6,0,1,2,3.0,0
0.1821,59,0,0.6939,2870.0,8,0,1,0,1.0,0
0.8671,84,4,0.1966,3901.0,6,0,2,0,0.0,0
0.3199,70,0,0.9899,4740.0,15,0,1,0,,0
0.2992,32,0,0.066,3771.0,6,0,0,0,2.0,0
0.3758,36,0,1.1267,4201.0,6,0,1,0,0.0,0
0.0845,59,0,0.6585,3237.0,6,0,0,0,0.0,0
0.449,40,0,0.6297,6085.0,7,0,0,0,0.0,0
0.6962,42,0,0.5086,,11,0,1,0,1.0,0
0.1118,36,0,0.7603,,8,0,0,0,0.0,0
0.1466,49,0,0.4515,4598.0,9,0,0,0,0.0,0
0.0064,33,0,0.3121,5575.0,10,0,2,0,4.0,0
0.5036,67,0,0.7231,4131.0,14,0,1,0,2.0,0
0.6015,63,0,0.8999,,11,0,1,0,0.0,0
0.1545,29,0,0.6885,9411.0,2,0,2,0,0.0,0
0.2506,60,0,0.2743,3549.0,8,0,1,0,3.0,0
2.7829,59,0,0.3451,9936.0,8,0,1,0,0.0,0
0.2655,58,2,0.2319,8711.0,7,0,2,0,3.0,0
0.3923,54,0,0.5691,5706.0,4,0,1,0,0.0,0
0.6288,52,0,0.5703,2628.0,5,0,0,0,0.0,1
1.9984,57,0,0.5346,5958.0,10,0,0,0,0.0,0
0.7837,37,0,0.6345,3742.0,8,0,1,0,0.0,0
0.4578,45,0,0.316,5768.0,3,0,1,0,2.0,0
0.2915,72,0,0.3077,,8,0,1,0,1.0,0
0.2097,52,0,0.2924,6317.0,5,0,3,0,1.0,0
3.2278,56,0,0.5675,5505.0,11,0,0,0,0.0,0
4.2433,75,1,0.7321,,8,0,1,0,0.0,0
0.303,63,0,0.6359,7989.0,8,0,2,0,1.0,0
0.1863,82,0,0.5231,3863.0,12,0,1,0,1.0,0
0.1318,49,1,0.0788,7156.0,7,0,3,0,1.0,0
1.5343,47,0,0.1909,2551.0,13,0,1,0,,0
0.7618,49,0,0.4028,10910.0,2,0,1,0,0.0,0
0.7702,58,0,0.155,,7,0,0,0,0.0,0
0.5158,65,0,0.0674,11473.0,6,0,0,0,0.0,0
0.2088,59,0,0.3369,7457.0,9,0,1,0,2.0,0
0.3159,63,0,0.5012,2702.0,11,0,0,0,0.0,0
1.5527,39,2,0.7327,10889.0,5,0,1,1,0.0,0
0.1901,50,0,0.5149,,7,0,2,0,0.0,0
0.0537,66,0,0.2495,8375.0,10,0,1,0,0.0,0
1.1984,50,0,0.3781,7322.0,14,0,1,0,0.0,0
0.6594,34,0,0.019,1021.0,10,0,1,0,0.0,0
0.1978,69,0,0.4776,8061.0,9,0,0,0,0.0,0
0.6955,40,0,0.5546,2260.0,9,0,1,0,0.0,0
0.1448,50,0,0.8089,4409.0,11,0,0,0,1.0,0
0.2528,53,0,0.6525,4363.0,9,0,2,0,0.0,0
0.3575,27,0,0.5293,4582.0,4,0,0,0,4.0,0
0.0631,38,0,0.2208,,7,0,1,0,2.0,0
0.1615,45,0,0.1204,2044.0,16,0,0,0,0.0,0
7.1213,65,0,0.3146,,9,0,1,0,0.0,0
0.7237,55,0,0.3874,2711.0,9,0,1,0,1.0,0
2.657,89,0,0.7013,6115.0,9,0,2,0,1.0,0
4.9447,79,0,0.1803,5514.0,7,0,0,0,0.0,0
0.6374,49,0,0.7517,,8,0,1,0,1.0,0
0.1227,55,0,0.5902,,5,0,0,0,,0
0.6476,39,0,0.2202,2482.0,8,0,1,0,0.0,0
2.9124,41,0,0.229,3677.0,8,0,0,0,4.0,0
0.3475,40,0,0.0941,,9,0,0,0,1.0,0
0.1938,27,0,1.0231,2470.0,8,0,2,0,0.0,0
0.1718,37,0,0.7803,1213.0,11,0,0,0,1.0,0
0.8792,73,0,0.2425,4372.0,5,0,1,0,,0
0.2714,60,0,0.2862,,6,0,1,0,1.0,0
0.4851,24,0,0.5991,9118.0,7,0,2,0,0.0,0
0.4942,45,1,0.3888,,6,0,0,0,2.0,0
0.0753,63,0,0.671,6816.0,10,0,2,0,1.0,0
0.3644,42,0,0.465,8484.0,5,0,0,0,2.0,0
0.8519,56,0,0.854,,11,0,1,0,0.0,0
0.1712,21,0,0.6179,,4,0,0,0,1.0,0
0.31,28,0,0.4922,4468.0,7,0,0,0,1.0,0
0.5954,43,0,0.9883,,4,0,0,0,1.0,1
0.6856,53,0,0.4439,2802.0,9,0,3,0,2.0,1
0.2971,56,0,1.2654,3896.0,8,0,0,0,0.0,0
0.2841,25,0,0.5205,3162.0,17,0,1,0,3.0,0
0.1042,51,0,0.0349,9213.0,7,0,3,0,1.0,0
0.1245,65,0,0.7793,11463.0,12,0,1,0,0.0,0
2.0053,34,0,0.5672,7258.0,7,0,1,0,1.0,0
0.4887,51,0,0.5297,5359.0,9,0,1,0,0.0,0
0.5515,54,0,0.6706,5245.0,6,0,0,0,,0
7.9302,62,0,0.9124,12563.0,4,0,2,0,2.0,0
0.1719,56,0,0.6115,1789.0,12,0,0,0,0.0,0
0.1775,51,4,0.6271,4358.0,12,0,4,1,3.0,0
0.6268,47,0,0.565,2928.0,9,0,0,0,0.0,0
0.3469,51,0,0.5927,5987.0,13,0,1,0,1.0,0
0.2198,77,0,0.2181,6799.0,4,0,2,0,0.0,1
0.2886,35,0,0.7407,3662.0,15,0,1,0,0.0,0
0.114,37,0,0.5945,4928.0,9,0,2,0,2.0,0
0.4782,55,0,0.3441,9055.0,8,0,1,0,0.0,0
0.1715,33,0,0.6019,3965.0,9,0,2,0,1.0,0
1.1284,32,0,0.6818,18349.0,6,0,1,0,0.0,0
0.199,86,0,0.5962,,7,0,0,0,0.0,0
0.4867,54,0,0.2663,5980.0,8,0,2,0,1.0,0
1.1889,59,0,0.2134,7219.0,10,0,3,0,1.0,0
1.4498,50,0,0.2999,4175.0,9,0,1,0,0.0,0
0.7778,64,0,0.3666,8554.0,7,0,1,0,0.0,0
0.4985,56,0,0.1743,6044.0,8,0,0,0,1.0,0
0.6627,38,0,0.9245,3538.0,3,0,1,2,1.0,0
0.2453,58,0,0.8624,,6,0,1,0,0.0,0
0.4979,43,0,0.6995,3685.0,7,0,1,0,0.0,0
0.5602,47,0,0.2665,1813.0,8,0,2,0,1.0,0
0.3387,43,0,0.5648,5039.0,8,0,2,0,3.0,0
1.281,30,1,0.7601,3978.0,11,0,1,0,0.0,1
0.4864,62,0,0.1386,3215.0,13,0,0,0,2.0,0
0.5023,32,0,0.1646,1781.0,7,0,2,0,0.0,0
0.326,52,0,0.3092,1835.0,6,0,0,0,4.0,0
0.3067,21,0,0.3851,8354.0,5,0,1,0,2.0,0
0.4067,66,0,0.3921,5852.0,6,0,1,0,1.0,0
0.2963,53,0,0.6897,7811.0,10,0,0,0,0.0,0
0.1731,49,0,0.7553,13811.0,12,0,0,0,2.0,0
0.4241,51,1,0.996,9700.0,4,0,2,2,1.0,0
0.1109,56,0,0.6507,6112.0,7,0,0,0,1.0,0
0.1447,59,0,0.5308,23816.0,12,0,2,0,1.0,0
0.5876,63,0,0.5193,,12,0,0,0,0.0,0
0.5176,68,0,0.0698,7330.0,9,0,2,0,1.0,0
0.0499,79,0,0.6276,5324.0,9,0,0,0,1.0,0
0.3767,55,0,0.0343,4057.0,8,0,0,0,1.0,0
0.6569,42,0,0.8313,9469.0,9,0,1,0,0.0,0
0.1271,53,0,0.4865,2399.0,9,0,0,0,1.0,0
0.2221,21,0,0.0545,5559.0,6,0,1,0,0.0,0
0.5428,34,0,1.0908,,13,0,2,0,4.0,0
0.3834,55,0,0.1236,,12,0,1,0,3.0,0
0.0054,44,3,0.4138,12953.0,6,0,0,0,0.0,1
0.1807,60,0,0.2991,5380.0,8,0,3,0,1.0,0
0.8342,50,0,0.2663,3164.0,7,0,1,0,0.0,0
0.0616,54,0,0.7125,,6,0,1,0,0.0,0
0.4022,47,0,0.3598,,4,0,0,0,2.0,0
0.0875,58,0,0.5549,4194.0,8,0,2,0,0.0,0
0.1959,44,0,0.2352,4553.0,9,0,2,0,1.0,0
0.3074,33,0,0.3091,5151.0,6,0,3,0,0.0,0
0.0811,66,0,0.4828,4159.0,7,0,0,0,1.0,0
2.1657,59,0,0.1098,26874.0,2,0,3,0,0.0,0
5.5872,60,0,0.4247,1928.0,9,0,2,0,2.0,0
0.414,77,0,0.623,2617.0,16,0,1,0,,0
0.4697,36,0,0.3216,,6,0,0,0,1.0,0
0.3108,65,0,0.7318,4501.0,13,0,0,0,0.0,0
0.246,55,0,0.3844,10180.0,8,0,2,0,1.0,0
0.4969,30,0,0.2098,5924.0,16,0,0,0,0.0,0
0.7269,55,0,0.4256,6601.0,6,0,0,0,0.0,0
4.1301,61,0,0.2846,9953.0,15,0,4,0,1.0,0
0.2019,37,0,0.739,5423.0,8,0,0,0,0.0,0
0.1224,44,0,0.4993,3298.0,7,0,0,0,1.0,0
0.2911,46,0,0.6077,9837.0,11,0,1,0,2.0,0
0.6909,38,0,0.4108,5293.0,7,0,2,0,1.0,0
0.6112,64,0,0.6425,6442.0,10,0,0,0,1.0,0
0.1723,74,0,0.286,5752.0,3,0,1,0,1.0,0
0.8109,45,0,0.3203,9055.0,9,0,0,0,0.0,0
0.2673,50,0,0.5261,,7,0,1,0,1.0,0
2.5369,56,0,0.4152,14067.0,8,0,0,0,3.0,0
0.1843,67,0,0.4408,6379.0,8,0,0,0,0.0,1
0.8784,31,0,0.5388,,11,0,1,0,0.0,0
0.4589,55,0,0.2531,2638.0,5,0,3,0,1.0,0
0.6315,42,0,0.2317,5045.0,5,0,0,0,1.0,1
2.3353,52,0,0.9182,1626.0,10,0,0,0,3.0,1
0.399,50,3,0.4189,4175.0,12,1,0,1,0.0,0
0.2162,62,0,0.0728,9549.0,11,0,0,0,,0
0.5686,56,0,0.8312,,9,0,0,0,1.0,0
0.0943,45,0,0.4815,8051.0,14,0,2,0,1.0,0
0.078,48,0,0.9474,6348.0,12,0,0,0,2.0,0
0.3884,58,0,0.6383,14184.0,5,0,1,0,1.0,0
0.3742,38,0,0.3647,,5,0,2,0,1.0,0
0.188,63,0,0.8099,3534.0,8,0,2,0,0.0,0
0.1892,29,0,0.2828,3571.0,7,0,1,0,0.0,0
0.1956,85,0,0.4074,9056.0,8,0,1,0,2.0,0
1.1023,72,0,0.4465,,11,1,0,0,1.0,0
0.4218,53,0,0.0762,4327.0,9,0,1,0,,0
0.1404,59,0,0.0617,11622.0,12,0,0,0,0.0,0
0.1708,47,0,0.0565,10349.0,5,0,1,0,2.0,0
0.5285,50,0,0.2162,,14,0,1,0,1.0,0
0.4041,58,0,0.2907,1895.0,4,0,0,0,0.0,0
0.0985,50,0,0.656,,5,0,2,0,0.0,0
4.0775,46,0,0.8813,,4,0,0,0,0.0,1
0.2773,63,0,0.7207,,14,0,1,0,0.0,0
0.3642,48,0,0.2929,,5,0,0,0,1.0,0
0.1321,53,0,0.4322,,10,0,1,0,1.0,0
0.7785,49,0,0.0411,5142.0,11,0,1,0,,0
2.6577,53,0,0.0126,9337.0,6,0,0,0,0.0,0
0.3226,52,0,0.4164,8805.0,6,0,1,0,0.0,0
0.9462,36,1,0.7098,7939.0,12,0,1,1,1.0,0
1.9357,21,0,0.8448,2769.0,3,0,0,0,3.0,0
0.8974,46,0,0.4545,4393.0,7,0,0,0,3.0,0
0.4636,62,0,0.3143,7976.0,10,0,0,0,0.0,0
0.7645,63,0,0.3758,2741.0,6,0,0,0,0.0,0
0.2035,53,0,0.1871,,7,0,0,0,0.0,0
2.3616,38,0,0.8327,7035.0,9,0,0,0,1.0,0
0.3957,29,0,0.0571,2598.0,12,0,2,0,4.0,0
2.3523,58,0,0.6616,11832.0,10,0,0,0,2.0,0
1.7201,70,0,0.375,6548.0,10,0,1,0,1.0,0
1.1543,53,0,0.1437,3688.0,4,0,0,0,0.0,0
5.9921,75,0,0.6176,7000.0,11,0,2,0,1.0,0
0.3944,62,0,0.0681,17318.0,4,0,0,0,0.0,0
0.452,49,0,0.6691,4202.0,8,0,2,0,2.0,0
0.5137,35,0,0.2361,4757.0,3,0,1,0,0.0,0
0.2864,43,0,0.3572,10559.0,7,0,1,0,1.0,0
0.4612,21,0,0.4191,,11,0,2,0,1.0,0
2.0782,57,0,0.5235,10614.0,5,0,2,0,2.0,0
1.125,56,0,0.3925,2519.0,5,0,1,0,1.0,0
0.1146,64,0,0.1855,3660.0,9,0,0,0,1.0,0
0.844,49,0,0.3173,,6,0,3,0,0.0,0
0.5156,43,2,0.5075,9316.0,5,0,2,0,1.0,0
0.7783,53,0,0.2316,1860.0,5,0,3,0,1.0,0
0.2279,47,0,0.5636,4476.0,10,0,1,0,0.0,0
0.1516,63,0,0.0319,8930.0,9,0,0,0,0.0,0
0.5223,71,0,0.5207,6886.0,4,0,1,0,1.0,0
0.2024,44,0,0.6558,7203.0,12,0,0,0,1.0,0
0.172,72,0,0.4997,,6,0,1,0,0.0,0
0.1761,69,0,0.8284,10122.0,2,0,1,0,0.0,0
0.0738,47,0,0.3079,,10,0,0,0,1.0,0
0.0334,55,0,0.6536,29168.0,9,0,0,0,0.0,0
0.606,46,0,0.5278,,6,0,0,0,2.0,0
0.9594,48,2,0.0752,3549.0,12,0,0,1,0.0,0
0.4827,39,0,0.8996,1910.0,10,0,0,0,0.0,0
0.7485,38,0,0.8349,,6,0,3,0,1.0,0
0.9338,55,0,0.2797,3375.0,6,0,0,0,0.0,0
0.119,39,0,0.4182,9375.0,13,0,0,0,0.0,0
0.0555,39,0,0.4914,,9,0,1,0,3.0,0
1.6992,66,0,0.2324,14602.0,4,0,2,0,3.0,0
0.009,65,0,0.2413,3534.0,9,0,1,0,0.0,0
0.3863,54,0,0.0578,5874.0,8,0,3,0,0.0,0
0.0641,46,0,0.7279,2424.0,9,0,0,0,1.0,0
0.0727,71,0,0.4832,4330.0,9,0,2,0,1.0,0
0.3538,36,0,0.1256,7091.0,10,0,1,0,1.0,0
2.4422,55,0,0.0358,5740.0,10,0,3,0,0.0,0
0.9823,31,0,0.2235,14820.0,10,0,0,0,1.0,0
1.5941,42,0,0.9274,16687.0,13,0,5,0,1.0,0
0.7739,43,0,0.1087,8434.0,7,0,0,2,2.0,0
3.7298,60,0,0.853,3475.0,6,0,1,0,0.0,1
0.1972,43,0,0.2725,3762.0,4,0,2,0,0.0,0
0.3808,47,0,0.2155,8099.0,10,0,1,0,1.0,0
0.1073,45,0,0.8556,6179.0,7,0,0,0,2.0,0
0.7333,50,0,0.8287,4492.0,8,0,3,0,0.0,0
0.2348,54,0,0.832,2528.0,7,0,1,0,0.0,0
0.2904,48,0,0.6726,5468.0,3,0,0,0,0.0,0
0.663,60,0,0.121,5876.0,9,0,0,0,0.0,0
0.6368,75,0,0.2829,5586.0,10,0,0,0,0.0,0
0.1766,70,0,0.7462,,5,0,0,0,1.0,0
0.6193,79,3,0.057,6183.0,4,0,1,1,1.0,0
1.2172,45,0,0.6951,17064.0,10,0,1,0,0.0,0
0.0699,60,0,0.4158,4508.0,8,0,0,0,1.0,0
0.3776,53,0,0.2814,5446.0,15,0,2,0,0.0,0
1.432,79,0,0.2393,8365.0,4,0,1,0,0.0,0
0.1984,61,0,0.4746,,3,0,0,0,0.0,0
0.6338,60,0,0.037,,12,0,1,0,1.0,0
0.3235,56,0,0.4401,5077.0,6,0,1,0,1.0,0
0.4352,49,0,0.3653,5273.0,10,0,0,0,2.0,0
0.6321,84,0,0.4794,,6,0,4,0,2.0,0
0.7531,35,0,0.6699,5396.0,5,0,5,0,2.0,0
0.1916,50,0,0.4327,7958.0,11,0,2,0,1.0,0
2.8779,65,0,0.1816,3854.0,8,0,0,0,0.0,0
2.7325,43,0,0.9207,,8,0,2,0,0.0,0
0.0959,48,0,0.1903,5369.0,9,0,1,0,1.0,0
0.4929,66,0,0.3962,4653.0,9,0,0,0,0.0,0
0.005,49,0,0.2918,2846.0,11,0,2,0,0.0,0
0.8685,36,0,0.4998,1489.0,6,0,1,0,0.0,0
0.1438,77,0,0.2887,,9,0,2,0,2.0,0
0.2867,52,0,0.1387,,9,0,1,0,1.0,0
2.1866,47,0,0.0837,5408.0,9,0,2,0,5.0,0
0.5678,69,0,0.8971,6251.0,9,0,0,0,0.0,0
3.6612,39,2,0.3323,6130.0,6,0,3,2,1.0,0
0.1559,33,0,0.8809,6107.0,7,0,2,0,0.0,0
0.2581,49,0,0.3316,15000.0,8,0,0,0,0.0,0
0.8154,55,0,0.0419,5467.0,4,0,0,0,0.0,0
0.2218,30,0,0.8247,12076.0,6,0,0,0,1.0,0
0.6228,45,0,0.4039,4435.0,9,0,0,0,2.0,0
0.2522,54,0,0.3205,,9,0,1,0,1.0,0
0.7394,46,0,0.3109,9557.0,8,0,0,0,2.0,0
0.9813,41,0,1.3248,2509.0,7,0,1,0,0.0,1
0.2041,39,0,0.7657,,8,0,3,0,1.0,0
0.8531,50,0,0.2577,2976.0,11,0,1,0,0.0,0
0.3412,58,0,0.362,6126.0,12,0,2,0,1.0,0
0.2995,49,0,0.112,,8,0,1,0,0.0,0
0.9054,34,0,0.1135,6710.0,5,0,3,0,0.0,0
0.0394,44,0,1.0195,6849.0,11,0,0,0,,0
0.8364,60,0,0.9183,3183.0,6,0,2,0,,0
1.1147,52,0,0.8437,1813.0,9,0,1,0,1.0,0
0.3197,30,0,0.4032,2138.0,10,0,1,0,0.0,0
0.1675,80,0,0.1002,,6,0,0,0,1.0,0
0.1669,62,0,0.6173,3112.0,13,0,1,0,1.0,0
0.6114,63,0,0.5141,,6,0,0,0,0.0,0
0.2514,45,0,0.5998,1611.0,7,0,2,0,0.0,0
0.506,54,0,0.0577,4743.0,6,0,1,0,0.0,0
0.636,45,0,0.3363,6641.0,10,0,2,0,0.0,0
0.5725,60,0,0.1116,13967.0,6,0,2,0,1.0,0
0.3537,59,0,1.2586,5382.0,9,0,1,0,0.0,0
0.7926,25,0,0.0995,,10,0,2,0,0.0,0
0.3209,70,0,0.1973,19035.0,8,0,1,0,0.0,0
0.9949,62,0,0.5303,4560.0,6,0,0,0,1.0,0
4.5182,62,0,0.5854,4206.0,7,0,2,0,2.0,0
3.7542,42,0,0.2097,14198.0,10,0,2,0,3.0,0
1.0173,57,0,0.1111,6926.0,13,0,2,0,0.0,0
0.9507,27,0,0.6358,9665.0,9,0,3,0,0.0,0
0.1943,60,0,0.4672,5963.0,5,0,1,0,0.0,0
0.415,50,0,0.0134,2836.0,10,0,0,0,0.0,0
0.0776,61,0,0.2524,5596.0,9,0,0,0,1.0,0
4.0059,34,1,0.5303,4087.0,7,0,0,0,2.0,0
0.4851,42,0,0.6453,,6,0,1,0,1.0,0
0.5812,47,0,0.3689,5430.0,8,0,4,0,2.0,0
4.0833,54,0,0.579,13875.0,3,0,1,0,0.0,0
0.6101,57,0,0.0258,6899.0,12,0,0,0,0.0,0
1.9937,73,0,0.334,5469.0,6,0,1,0,2.0,0
2.6235,47,0,0.3617,4776.0,11,0,0,0,2.0,0
0.8299,44,0,0.3572,,11,0,1,0,2.0,0
4.8514,71,0,1.0027,6889.0,5,0,2,0,0.0,0
0.9835,44,0,0.3008,22805.0,7,0,1,0,0.0,0
2.6845,61,4,0.1645,10648.0,7,0,4,0,2.0,0
0.3505,38,0,1.1668,6915.0,7,0,2,0,0.0,0
0.2103,42,0,0.785,3779.0,13,0,3,0,0.0,0
0.5472,75,0,0.2204,2648.0,8,0,1,0,0.0,0
0.8125,64,0,0.1221,3233.0,4,0,3,0,0.0,0
0.2247,59,0,0.1962,5316.0,5,0,2,0,0.0,0
0.0183,68,0,0.4376,3808.0,8,0,2,0,0.0,0
3.4362,56,0,1.1385,3451.0,11,0,3,0,0.0,0
0.588,47,0,0.172,21961.0,9,0,0,0,1.0,0
0.1846,46,0,0.2312,2993.0,6,0,1,0,1.0,0
0.0075,58,0,0.3619,,7,0,1,0,0.0,0
0.5414,50,0,0.4725,4505.0,7,0,1,0,,0
0.4572,47,0,0.9464,,11,0,0,0,,0
0.1742,76,0,0.8295,,6,0,2,0,0.0,1
0.676,61,0,0.4941,3593.0,6,0,0,0,0.0,0
0.2259,40,0,0.087,,8,0,1,0,1.0,0
0.2486,74,0,0.5815,6946.0,2,0,3,0,0.0,0
6.6717,42,0,0.1919,13370.0,5,0,1,0,1.0,0
0.2336,50,0,0.8561,2483.0,8,0,1,0,0.0,0
0.6021,52,0,0.9206,10660.0,8,0,1,0,0.0,0
1.4311,64,0,0.3671,3333.0,9,0,2,0,0.0,0
0.1828,64,0,0.1898,2738.0,13,0,1,0,3.0,0
0.372,36,0,0.2768,,8,0,0,0,2.0,0
0.2347,61,0,0.0356,3979.0,5,0,0,0,1.0,0
0.0086,42,0,0.4435,,8,0,1,0,1.0,0
0.1466,56,0,0.5684,5407.0,6,0,1,0,0.0,0
0.0453,35,0,0.9374,8171.0,8,0,0,0,2.0,0
0.085,63,0,0.7663,4848.0,7,0,3,0,0.0,0
0.0821,41,0,0.5256,1414.0,4,0,0,0,0.0,0
0.3242,60,0,0.843,4562.0,13,0,0,0,1.0,0
2.2679,51,0,0.7306,12190.0,9,0,1,4,0.0,0
0.386,64,0,0.7461,4156.0,4,0,1,0,0.0,0
5.1966,54,0,0.3041,6109.0,10,0,2,0,1.0,0
0.6578,56,0,0.5373,4020.0,12,0,0,0,0.0,0
3.9728,43,0,0.2997,15060.0,6,0,0,0,0.0,0
0.1669,54,0,0.4328,11868.0,13,0,2,0,0.0,0
0.0334,27,0,0.1661,,7,0,1,0,2.0,0
0.063,63,0,0.5187,,9,0,1,0,0.0,0
1.1677,82,0,0.1708,,15,0,1,0,0.0,1
0.6804,54,0,1.3761,10366.0,10,0,2,0,0.0,0
0.2495,66,0,0.3368,,7,0,1,0,1.0,0
1.2025,41,0,0.5366,,10,0,2,0,1.0,0
0.5433,62,0,0.3125,12965.0,10,0,3,0,0.0,0
0.6192,58,0,0.7619,5920.0,3,0,1,0,0.0,0
0.4896,60,0,0.1207,3577.0,6,0,1,0,0.0,0
0.4235,58,0,0.3371,2892.0,6,0,2,0,1.0,0
0.2342,52,0,0.1661,,4,0,4,0,2.0,0
0.5122,49,0,0.2082,,12,0,0,0,1.0,0
0.1187,45,0,0.488,3426.0,5,0,1,0,1.0,0
3.3343,74,0,0.2825,5652.0,7,0,0,0,0.0,0
1.4961,55,0,0.3605,4453.0,9,0,0,0,2.0,0
0.555,49,0,0.6659,15432.0,6,0,3,0,0.0,0
0.234,70,0,1.0204,1171.0,12,0,2,0,1.0,0
0.1158,61,0,0.9552,8819.0,7,0,1,0,1.0,0
0.3134,62,0,0.5159,6309.0,10,0,2,0,1.0,0
0.2313,56,0,0.2203,9774.0,7,0,2,0,3.0,0
0.276,74,0,0.8406,2402.0,6,0,1,0,3.0,0
0.2138,46,0,0.0435,5679.0,8,0,2,0,1.0,0
0.3482,44,0,0.9252,7763.0,6,0,0,0,0.0,0
2.5048,40,0,0.7984,5057.0,10,0,0,0,1.0,0
0.454,55,0,0.8887,,10,0,1,0,1.0,0
0.9779,60,1,0.7485,4995.0,10,0,0,1,1.0,0
0.5501,40,0,0.1929,3706.0,8,0,1,0,2.0,0
0.4669,62,0,0.1525,,10,0,1,0,1.0,0
6.4598,57,0,0.4287,9947.0,8,0,0,0,1.0,0
0.1906,71,0,1.2025,5824.0,8,0,1,0,1.0,0
2.7328,76,0,0.4086,2593.0,6,0,1,0,1.0,0
0.4803,43,0,1.0223,5987.0,13,0,1,0,1.0,0
0.3081,45,0,0.413,7148.0,7,0,0,0,0.0,0
0.3918,36,0,0.7313,7537.0,5,0,2,0,1.0,0
0.7086,49,0,0.3207,8331.0,10,0,2,0,1.0,0
0.1412,24,0,0.39,,7,0,2,0,1.0,0
0.6352,37,0,0.3845,4186.0,5,0,0,0,1.0,0
0.3172,64,0,0.2605,1904.0,11,0,0,0,0.0,0
0.2804,62,0,0.2169,6339.0,6,0,3,0,0.0,0
0.4279,64,0,0.9086,1914.0,11,0,3,0,1.0,0
0.1875,56,0,0.3887,2601.0,12,0,1,0,0.0,0
0.4412,59,0,0.7228,40870.0,11,0,0,0,0.0,0
3.3268,65,0,0.5784,4210.0,10,0,0,0,1.0,0
0.5445,46,0,0.5867,1158.0,9,0,0,0,0.0,0
0.7056,60,0,0.3932,,5,0,1,0,0.0,0
0.4174,65,0,0.3231,3762.0,11,0,2,0,0.0,0
0.3677,57,0,0.5683,,6,0,2,0,0.0,0
6.6264,51,0,0.3914,,4,0,2,0,,0
0.9236,67,0,0.3083,,6,0,0,0,0.0,0
0.551,21,0,0.2136,2344.0,12,0,3,0,0.0,0
0.1668,21,0,0.3059,,9,0,4,0,1.0,0
0.1536,48,3,0.6735,8935.0,10,0,0,0,2.0,0
0.5813,30,0,0.4063,5694.0,13,0,2,0,0.0,0
0.0795,77,0,0.1872,6813.0,6,0,0,0,1.0,0
0.0456,78,0,0.4417,,7,0,0,0,3.0,0
0.0541,55,0,0.8974,13699.0,6,0,1,0,1.0,0
2.1316,26,0,0.8045,3415.0,6,0,0,0,1.0,1
0.93,36,0,0.93,6149.0,13,0,0,0,0.0,0
0.0598,40,0,0.5301,,10,0,1,0,2.0,0
0.2525,49,0,0.3063,6497.0,8,0,0,0,0.0,0
0.3437,23,0,0.7977,1737.0,6,0,5,0,,0
0.5338,73,0,0.1235,4887.0,10,0,2,0,2.0,1
0.1889,48,0,0.5433,6401.0,4,0,0,0,1.0,0
0.5965,46,2,0.7609,2115.0,7,1,0,2,0.0,0
0.1014,58,0,0.4211,10963.0,9,0,0,0,0.0,0
0.1863,49,0,0.1612,,15,0,0,0,0.0,0
0.0123,31,0,0.2168,2391.0,9,0,1,0,0.0,0
0.1359,71,0,0.3811,7141.0,9,0,3,0,2.0,0
0.0581,42,0,0.2679,7945.0,9,0,2,0,1.0,0
0.1019,46,0,0.0833,8641.0,11,0,1,0,0.0,0
0.3571,68,0,0.5354,8710.0,5,0,0,0,0.0,0
0.4728,32,0,0.0975,,8,0,1,0,0.0,0
1.6123,45,0,0.5985,3538.0,8,0,1,0,1.0,0
0.2518,69,0,0.3194,25394.0,7,0,0,0,0.0,0
7.0637,53,1,0.8814,,8,0,1,1,0.0,0
0.3412,37,0,0.3222,3583.0,4,0,3,0,2.0,0
0.9874,46,0,0.6237,,5,0,1,0,1.0,1
0.1987,42,0,0.4515,6616.0,11,0,1,0,1.0,0
0.0109,29,0,0.2391,5818.0,6,0,0,0,1.0,0
0.1453,30,0,0.1551,4621.0,8,0,3,0,0.0,0
0.1543,49,0,0.1438,4405.0,5,0,2,0,1.0,0
0.3498,23,0,0.2093,2221.0,5,0,1,0,1.0,0
0.2031,39,0,0.61,6267.0,7,0,1,0,0.0,0
0.5555,32,0,0.2445,8437.0,2,0,0,0,0.0,0
0.378,47,0,0.5782,9600.0,1,0,2,0,1.0,0
0.0485,58,0,0.5617,2201.0,9,0,2,0,1.0,0
0.0715,44,0,0.1738,,5,0,0,0,0.0,0
0.2798,50,0,0.471,11103.0,8,0,1,0,1.0,0
0.0706,65,0,0.1922,,9,0,0,0,2.0,0
3.4022,37,1,0.774,2777.0,6,0,1,0,1.0,0
0.307,51,0,0.7604,2535.0,4,0,0,0,1.0,0
0.0989,68,0,0.6633,,4,0,1,0,0.0,0
0.2821,74,0,0.4024,,11,0,0,0,1.0,0
0.3002,68,0,0.3889,10801.0,10,0,2,0,1.0,0
0.5357,40,0,0.0766,5339.0,6,0,2,0,0.0,0
0.3503,41,0,0.0364,11375.0,7,0,0,0,0.0,0
0.7119,61,0,0.2602,5631.0,6,0,1,0,2.0,0
0.3739,64,0,0.3949,8995.0,5,0,0,0,0.0,0
0.4528,64,0,0.5328,3329.0,4,0,0,0,1.0,0
0.3463,23,0,0.8802,,4,0,1,0,1.0,0
0.0309,29,0,0.8496,5341.0,4,0,3,0,0.0,0
1.585,68,0,0.3795,,12,0,1,0,1.0,0
0.599,56,0,0.3956,10963.0,8,0,1,0,1.0,0
0.3372,54,0,0.3185,3975.0,12,0,1,0,1.0,0
0.0896,46,0,0.3827,8377.0,9,0,2,0,0.0,0
1.0036,39,0,0.2026,4630.0,10,0,1,0,0.0,0
0.395,50,0,0.2255,6781.0,5,0,0,0,3.0,0
0.4917,41,0,0.454,,9,0,1,0,2.0,0
0.0804,48,0,0.6861,5004.0,7,0,1,0,1.0,0
0.2803,83,0,0.3418,8679.0,6,0,2,0,0.0,0
0.4944,55,0,0.2743,11695.0,6,0,2,0,1.0,0
0.1505,42,1,0.238,,7,0,1,0,3.0,0
0.1434,43,0,0.2706,9957.0,12,0,2,0,1.0,0
0.581,50,0,0.435,2461.0,6,0,0,0,0.0,0
0.4267,26,0,0.778,9434.0,12,0,1,0,0.0,0
0.5978,60,0,0.6718,2365.0,5,0,0,0,1.0,1
0.5511,76,3,0.3709,,9,0,1,0,1.0,0
0.0846,59,0,0.0959,,15,0,2,0,1.0,0
0.0621,43,0,0.1464,6817.0,6,0,0,0,0.0,0
1.326,43,0,0.5535,8189.0,4,0,0,0,0.0,0
0.2951,49,0,0.4491,3228.0,6,0,0,0,3.0,0
0.3463,53,0,0.1106,4465.0,6,0,1,0,1.0,0
0.0243,51,0,0.2695,6319.0,13,0,2,0,0.0,0
0.1148,56,0,0.5518,2150.0,6,0,1,0,2.0,0
0.3715,48,0,1.4211,8164.0,7,0,2,0,0.0,0
0.5482,66,0,0.3507,,8,0,0,0,3.0,0
9.0664,24,0,0.3624,6911.0,14,0,1,0,3.0,1
0.0883,35,0,0.4752,2087.0,13,0,1,0,0.0,0
1.6578,66,0,0.1224,14919.0,6,0,1,1,0.0,0
0.4348,46,0,1.0469,,13,0,1,0,2.0,0
4.5074,52,0,0.3206,6246.0,8,0,2,0,1.0,0
3.3456,45,0,0.4107,6411.0,10,0,0,0,0.0,0
0.8244,32,0,0.2588,5935.0,5,0,0,0,0.0,0
5.3885,56,0,0.7272,3536.0,7,0,3,0,0.0,0
1.1933,53,0,0.1272,4185.0,5,0,3,0,0.0,0
0.2923,91,0,0.8494,5255.0,8,0,1,0,1.0,0
0.0083,53,0,0.5507,3371.0,7,0,2,0,0.0,0
1.2507,70,0,0.2583,10055.0,9,0,2,0,0.0,0
1.1157,51,0,0.7248,3816.0,8,0,1,0,0.0,0
0.3147,71,0,0.4713,4276.0,6,0,2,0,2.0,0
0.1581,42,0,0.3674,,7,0,0,0,0.0,0
0.3492,36,0,0.1125,6200.0,13,0,0,0,1.0,1
0.2047,34,0,0.2349,4834.0,9,0,2,0,1.0,0
1.1824,43,0,0.4641,3417.0,6,0,2,0,0.0,0
0.2944,46,0,0.3054,9029.0,11,0,2,0,0.0,0
0.0761,36,0,1.0409,11654.0,5,0,2,0,1.0,0
0.2171,64,0,0.7018,7430.0,2,0,0,0,0.0,0
0.658,21,0,0.5364,3738.0,12,0,1,0,1.0,0
0.0766,60,0,0.5669,3694.0,7,0,2,0,0.0,0
2.2176,48,0,0.4971,2668.0,12,0,1,0,2.0,0
0.6018,74,0,0.8955,4131.0,7,0,1,0,0.0,1
1.6015,50,0,0.3509,16619.0,13,0,0,0,2.0,0
0.0802,50,0,0.6724,17837.0,5,0,1,0,1.0,0
0.2517,67,0,1.1463,6657.0,6,0,0,0,0.0,0
2.0338,37,0,0.5764,2223.0,9,0,0,0,0.0,0
0.5037,51,0,0.1815,2269.0,10,0,1,0,0.0,0
1.2518,64,0,0.1238,2920.0,5,0,1,1,1.0,0
0.3949,54,0,0.6035,6182.0,12,0,0,0,0.0,0
0.4024,68,1,0.4922,3828.0,10,0,0,3,0.0,0
0.1993,43,0,0.4566,,4,0,0,0,0.0,0
0.1368,43,0,0.7133,4035.0,7,0,1,0,0.0,0
0.3565,62,0,0.5705,,13,0,1,0,0.0,0
0.7482,40,0,0.3921,,6,0,1,0,0.0,0
0.7008,42,0,0.9551,8252.0,6,0,0,0,0.0,0
0.9327,52,0,0.575,2810.0,9,0,0,0,,0
4.3985,58,0,0.4732,10183.0,11,0,0,0,1.0,0
7.4503,65,0,0.962,,10,0,1,0,,0
0.5523,51,0,0.8293,5490.0,7,0,0,0,0.0,0
0.0217,60,0,0.4582,6435.0,4,0,1,0,0.0,0
0.6752,73,0,0.1153,3859.0,8,0,1,0,0.0,0
3.1829,65,0,0.4365,4664.0,5,0,0,0,0.0,0
0.2982,49,0,0.7142,13421.0,14,0,2,0,0.0,0
0.0494,58,0,0.2402,1108.0,11,0,1,0,0.0,0
6.2057,78,0,0.6114,5304.0,6,0,1,0,1.0,0
0.5292,62,0,0.9779,,9,0,1,0,3.0,0
0.0837,50,0,0.1019,7194.0,7,0,2,0,3.0,0
0.4888,81,0,0.5545,3883.0,13,0,1,0,1.0,0
0.4107,71,0,0.3076,7400.0,10,0,2,0,0.0,0
0.1776,69,0,0.1803,2637.0,2,0,1,0,1.0,0
0.6383,47,0,0.1709,,8,0,1,0,0.0,0
0.3098,41,0,0.1431,10816.0,5,0,0,0,0.0,0
0.1269,69,0,0.3253,12652.0,6,0,0,0,0.0,0
3.0743,41,0,0.2658,3366.0,3,0,1,0,0.0,0
2.1925,30,0,0.7513,21475.0,13,0,2,0,1.0,0
3.132,61,0,0.1958,6095.0,9,0,3,0,0.0,0
6.4079,75,0,0.6381,5044.0,4,0,1,0,1.0,0
6.9316,32,0,0.4397,,7,0,0,0,2.0,0
0.4667,75,0,0.1752,2737.0,11,0,1,0,0.0,1
0.1513,42,0,0.4956,4468.0,12,0,1,0,1.0,0
0.3198,58,0,0.2199,16305.0,6,0,0,0,0.0,0
0.0648,69,0,0.2259,7222.0,7,0,0,0,0.0,0
0.365,51,0,0.4479,10488.0,8,0,2,0,0.0,0
0.5157,62,0,0.5339,,4,0,0,0,1.0,0
0.022,48,0,0.0389,4459.0,11,0,0,0,2.0,0
0.1453,66,3,0.6971,10459.0,11,0,1,1,0.0,1
1.0623,73,0,0.208,7764.0,5,0,1,0,1.0,0
0.3463,49,0,0.9035,3391.0,9,0,1,0,0.0,0
0.1681,44,0,0.3871,17285.0,4,0,1,0,1.0,0
0.0641,45,0,0.4,,10,0,1,0,0.0,0
5.3325,59,0,0.7235,,9,0,0,0,2.0,0
0.3613,36,0,0.4825,,9,0,2,0,2.0,0
0.3825,60,0,0.2016,18788.0,5,0,0,0,0.0,0
1.1109,54,0,0.2494,11611.0,7,0,3,1,2.0,0
0.4161,58,0,0.5048,3912.0,9,0,1,0,0.0,0
0.1872,52,0,0.8131,5155.0,10,0,0,0,0.0,0
0.5083,62,0,0.1221,11538.0,12,0,0,0,3.0,0
0.2818,40,0,0.4648,,10,0,0,0,0.0,0
5.3935,21,0,0.3493,10771.0,7,0,1,0,1.0,0
0.1435,62,0,0.7801,,9,0,0,0,1.0,0
0.1078,34,0,1.0127,,12,0,0,0,2.0,0
0.6174,55,0,0.2635,3520.0,1,0,1,0,2.0,0
0.8273,37,1,0.8437,3564.0,8,0,1,0,0.0,0
2.071,65,1,0.1672,12160.0,12,0,2,1,1.0,0
0.058,42,0,0.4443,,9,0,0,0,0.0,0
0.1488,42,0,0.5309,5101.0,8,0,2,0,0.0,0
0.2785,63,0,0.4746,5078.0,6,0,1,0,0.0,0
1.3568,60,0,0.9481,,6,0,1,0,2.0,0
0.1767,62,0,0.2665,9207.0,6,0,3,0,1.0,0
0.6947,38,0,0.3779,6705.0,10,0,2,0,3.0,0
0.2279,37,0,0.5264,9498.0,11,0,2,0,1.0,0
0.8825,61,0,0.6638,3957.0,10,0,2,0,1.0,0
0.2397,48,0,0.1652,8726.0,7,0,1,0,,0
2.7944,35,0,0.5953,3685.0,4,0,2,0,1.0,0
0.4596,54,0,0.4445,7305.0,4,0,2,0,1.0,0
1.3686,86,0,0.3936,,12,0,2,0,0.0,0
0.2763,46,0,0.324,10475.0,6,0,1,0,1.0,0
0.0607,40,0,0.5396,11964.0,4,0,2,0,0.0,0
1.0768,45,0,0.284,2252.0,7,0,2,0,2.0,0
0.1546,41,0,0.5886,,6,0,2,0,4.0,0
0.0793,67,0,1.0221,4848.0,13,0,1,0,0.0,0
0.2558,76,0,0.3636,8130.0,9,0,0,0,1.0,0
0.1231,59,0,0.8161,,6,0,0,0,2.0,0
0.4892,57,0,0.4456,5700.0,5,0,0,0,1.0,0
0.8912,52,0,0.5843,,9,0,1,0,0.0,0
0.0214,78,0,0.9837,5368.0,11,0,1,0,0.0,0
0.0114,66,0,0.7274,2934.0,10,0,0,0,,0
0.185,75,0,0.8192,5816.0,7,0,1,0,1.0,0
5.2572,31,0,0.2126,3735.0,7,0,1,0,1.0,0
0.3894,72,0,0.6802,5993.0,5,0,0,0,4.0,0
0.1033,62,0,0.5055,5387.0,9,0,1,0,0.0,0
0.0332,70,0,0.1541,12077.0,6,0,1,0,2.0,0
0.6808,76,0,0.5006,,8,0,3,0,0.0,0
0.6055,40,0,0.4274,,10,0,0,0,0.0,0
0.2572,57,0,0.7364,6113.0,10,0,0,0,1.0,0
0.5271,37,3,0.4747,,6,0,1,0,0.0,0
0.7841,74,0,0.6305,3937.0,8,0,2,0,0.0,0
0.1333,39,0,0.5489,4574.0,6,0,0,0,0.0,0
0.0673,28,0,0.5954,4437.0,10,0,0,0,0.0,0
0.3857,38,0,0.632,2405.0,6,0,1,0,4.0,0
3.2667,43,0,0.0405,7661.0,7,0,2,0,0.0,1
0.0917,40,0,0.4445,,8,0,1,0,0.0,0
0.2336,54,0,0.5632,5009.0,6,0,2,0,1.0,0
0.1139,64,0,0.2274,1145.0,8,0,1,0,0.0,0
0.8112,34,0,0.7144,4223.0,9,0,1,0,0.0,0
3.0091,69,0,0.4631,10259.0,7,0,1,0,1.0,0
0.1395,57,0,0.6498,6541.0,13,0,0,0,2.0,0
0.2282,69,0,0.2024,1888.0,5,0,1,0,1.0,0
0.2708,55,0,0.4075,12347.0,8,0,2,0,4.0,0
0.0592,68,0,0.6668,,17,0,2,0,1.0,0
0.6051,36,0,0.6909,3383.0,7,0,3,0,2.0,0
4.9117,53,0,0.9013,3325.0,7,0,0,0,0.0,1
6.9094,42,0,0.5821,8021.0,7,0,1,0,0.0,0
0.4262,61,0,0.3855,27082.0,3,0,0,0,0.0,0
0.1947,60,0,0.488,19382.0,3,0,1,0,0.0,0
0.4228,64,0,0.8988,4091.0,6,0,0,0,0.0,0
0.6387,62,0,1.104,9912.0,9,0,0,0,0.0,0
0.2159,64,0,0.1499,5176.0,9,0,0,0,1.0,0
2.1308,56,0,0.4541,5092.0,14,0,0,0,2.0,1
0.5391,46,0,0.2591,8373.0,8,0,1,0,1.0,0
0.0543,67,0,0.298,2999.0,10,0,1,0,0.0,0
0.0379,41,0,0.2462,1687.0,9,0,1,0,0.0,0
0.0667,46,0,0.3706,4956.0,4,0,2,0,1.0,0
0.5759,62,0,0.6822,9401.0,5,0,0,0,0.0,0
0.2597,50,0,0.6178,17279.0,10,0,1,0,3.0,0
1.2294,47,2,0.9394,9022.0,9,0,1,0,0.0,0
0.4129,71,0,0.7346,10702.0,11,0,0,0,2.0,0
0.1086,21,0,0.9149,,10,0,0,0,0.0,0
0.2944,64,0,1.0127,8174.0,14,0,1,0,0.0,0
0.9348,22,0,0.8722,1043.0,11,0,0,0,2.0,0
2.9736,52,0,0.0929,5122.0,8,0,2,0,0.0,1
2.0358,65,0,0.4217,,13,0,1,0,1.0,0
0.2145,60,0,0.3995,2501.0,7,0,0,0,0.0,0
0.1469,43,0,0.1885,2801.0,3,0,1,0,3.0,0
1.5628,59,0,0.5823,3100.0,7,0,0,0,0.0,0
0.4588,41,0,0.4366,4337.0,8,0,1,0,,0
0.3113,34,0,0.3815,8169.0,8,0,0,0,1.0,0
0.3544,39,0,0.2142,2000.0,9,0,1,0,1.0,0
0.2529,39,0,0.553,4110.0,5,0,2,0,0.0,0
0.6575,61,0,0.4855,8456.0,9,0,1,0,,0
0.5517,90,0,0.3356,9945.0,9,0,1,0,1.0,0
0.9201,57,0,0.8224,4896.0,7,0,1,0,0.0,0
1.4304,45,0,0.2056,5529.0,10,0,5,0,0.0,0
0.4361,34,0,0.6672,2088.0,5,0,2,1,1.0,0
0.8466,43,0,0.4924,3678.0,4,0,1,0,2.0,0
3.8271,36,0,0.4362,5618.0,13,0,2,0,1.0,0
0.0413,37,0,0.6285,2723.0,8,0,0,0,2.0,0
0.6099,43,0,0.3362,3854.0,9,0,0,0,1.0,0
0.2757,50,0,0.3514,3405.0,5,0,0,0,0.0,0
2.7928,39,0,0.1413,5250.0,8,0,1,0,0.0,0
0.433,68,0,0.142,18997.0,8,0,1,0,1.0,0
0.7168,70,0,1.2263,,6,0,2,0,0.0,1
0.0642,51,0,1.1276,12957.0,8,0,1,0,1.0,0
0.1574,24,0,0.4648,6439.0,5,0,2,0,1.0,0
0.323,56,0,0.8971,,7,0,1,0,0.0,0
0.4711,62,0,0.3068,,5,0,1,0,1.0,0
0.0549,38,0,0.2051,4597.0,6,0,2,0,0.0,0
0.3544,33,0,0.4193,,11,0,1,0,2.0,0
0.2699,74,0,0.4778,,9,0,2,0,0.0,0
0.27,41,0,0.2614,,10,0,1,0,0.0,0
0.1936,43,0,0.348,3591.0,11,0,0,0,0.0,0
0.4107,40,0,0.3712,4895.0,11,0,0,0,0.0,0
0.2929,42,0,0.1896,16621.0,2,0,0,0,1.0,0
0.0045,45,0,0.5633,5362.0,6,0,2,0,2.0,0
0.8507,50,0,0.8351,9257.0,7,0,1,0,2.0,0
0.1111,35,0,1.2366,,6,0,1,0,0.0,0
0.6424,21,0,0.6264,6649.0,6,0,1,0,0.0,0
0.0461,56,0,0.0787,11201.0,9,0,0,0,0.0,0
0.3102,43,0,0.0841,,9,0,0,0,3.0,0
0.3314,33,0,0.1535,9493.0,10,0,1,0,3.0,0
0.178,52,0,0.4045,9793.0,10,0,1,0,0.0,0
0.3583,51,0,0.8414,6420.0,5,0,2,0,0.0,0
5.8111,66,2,1.4938,4927.0,6,2,0,0,3.0,0
0.0389,21,0,0.057,,4,0,1,0,1.0,0
0.3005,50,0,0.4625,2456.0,6,0,3,0,0.0,0
5.9394,45,0,0.3639,,7,0,3,0,0.0,0
0.0364,37,0,0.8828,8678.0,16,0,3,0,1.0,0
0.6762,63,0,0.5008,,6,0,0,0,0.0,0
0.9279,55,0,0.4934,2364.0,1,0,0,0,2.0,0
1.3348,51,2,0.319,5229.0,9,0,0,0,1.0,0
0.1227,40,0,0.7564,2389.0,8,0,0,0,1.0,0
0.9482,64,0,0.5304,3494.0,10,0,1,0,2.0,0
0.2006,26,0,0.1233,2414.0,7,0,0,0,1.0,0
0.0805,66,0,0.9591,,8,0,0,0,1.0,0
0.3337,40,0,0.4015,1432.0,19,0,1,0,0.0,0
0.4774,47,0,0.3634,3746.0,7,0,0,0,4.0,0
0.7608,70,0,0.756,,9,0,1,0,1.0,0
0.4639,70,0,0.0783,,8,0,2,0,0.0,0
0.4654,56,0,0.2297,2568.0,5,0,2,0,0.0,0
1.3627,56,0,0.2291,6722.0,9,0,2,0,1.0,0
0.1112,48,0,0.6657,,14,0,0,0,0.0,0
0.4629,65,0,0.3168,15170.0,9,0,2,0,0.0,0
0.0582,59,0,0.739,,6,0,2,0,0.0,0
0.5328,61,0,0.0916,2592.0,7,0,0,0,2.0,0
0.0309,38,0,0.4108,5820.0,9,0,1,0,1.0,0
2.3129,54,0,0.5277,5398.0,9,0,2,0,0.0,0
0.6048,50,0,0.2325,,8,0,1,0,0.0,0
0.7492,41,0,0.855,2139.0,9,0,2,0,0.0,0
0.098,52,0,0.7041,8903.0,9,0,0,0,0.0,0
0.0291,72,0,0.8041,,12,0,1,0,1.0,0
0.0792,59,0,0.9055,2757.0,6,0,0,0,0.0,0
0.5579,50,0,0.4639,7215.0,7,0,1,0,1.0,0
0.5886,46,0,0.3954,4205.0,4,0,3,0,0.0,0
0.3608,46,0,0.1441,5656.0,4,0,2,0,1.0,0
0.0172,54,0,0.2631,6150.0,7,0,1,0,1.0,0
0.5274,51,1,0.5666,9520.0,9,0,3,1,2.0,0
0.8696,67,0,0.0803,,11,0,0,0,1.0,0
0.4429,46,0,1.088,4202.0,8,0,0,0,0.0,0
1.2885,66,0,0.562,,8,0,0,0,0.0,0
0.7592,45,0,0.2881,3226.0,9,0,1,0,0.0,0
0.2892,67,0,0.1591,,6,0,1,0,1.0,0
1.2668,83,0,0.4174,7561.0,13,0,0,0,0.0,0
0.4147,84,0,0.3737,3786.0,9,0,2,0,0.0,0
0.2508,69,0,0.8772,7641.0,9,0,1,0,1.0,0
0.0852,82,0,0.32,13550.0,10,0,2,0,0.0,0
0.3295,39,0,0.2421,8356.0,12,0,0,0,2.0,0
0.0817,39,0,0.1256,4050.0,8,0,2,0,0.0,0
0.8748,54,0,0.8027,3473.0,9,0,0,0,1.0,0
0.9324,61,0,0.3208,,8,0,2,0,0.0,0
0.9025,51,0,0.7123,11498.0,10,0,0,0,1.0,0
0.4016,54,0,0.2794,4575.0,8,0,2,0,0.0,0
0.2761,65,0,0.1997,4559.0,7,0,2,0,2.0,0
0.2328,50,0,0.1125,,9,0,0,0,0.0,0
0.3738,44,0,0.3069,,9,0,2,0,0.0,0
1.0243,59,0,0.1194,7225.0,6,0,0,0,2.0,0
3.7399,57,0,0.1413,6470.0,8,0,0,0,0.0,0
4.1246,46,1,0.5358,4339.0,9,0,0,0,0.0,0
1.1076,46,0,0.4496,,9,0,0,0,1.0,0
0.7598,61,0,0.8005,,6,0,1,0,0.0,0
0.8165,43,0,0.5083,5862.0,11,0,3,0,0.0,0
0.9385,32,0,0.76,6901.0,10,0,2,0,1.0,0
0.1432,33,0,0.2417,,10,0,1,0,0.0,0
0.5536,35,0,0.6752,2982.0,8,0,0,0,2.0,0
0.0728,35,0,0.5658,5113.0,19,0,0,0,0.0,0
0.2788,58,0,0.3826,17712.0,10,0,2,0,2.0,0
0.0555,47,0,0.3095,2288.0,3,0,1,0,0.0,0
0.0238,61,0,0.1654,11290.0,6,0,0,0,0.0,0
0.0562,54,0,0.5902,3629.0,15,0,0,0,0.0,0
0.3218,51,1,1.0109,,8,0,1,0,1.0,0
0.5962,55,0,0.2965,4122.0,13,0,2,0,0.0,0
0.2031,62,0,0.4262,13783.0,9,0,1,0,0.0,0
0.141,42,0,0.8404,5400.0,11,0,1,0,0.0,0
1.1088,59,0,0.8796,2822.0,10,0,1,0,,0
1.3251,57,0,0.2028,,7,0,1,0,2.0,0
0.5157,66,0,0.2922,6915.0,14,0,2,0,0.0,0
0.253,24,0,0.4265,4620.0,6,0,2,0,0.0,0
0.5692,61,0,0.2237,8114.0,8,0,0,0,0.0,0
0.3011,59,0,0.5892,4675.0,8,2,3,0,0.0,0
2.425,42,2,0.8935,2209.0,7,1,0,0,1.0,0
1.7422,45,1,0.4142,2962.0,8,1,0,0,0.0,0
0.5087,42,0,0.2827,2808.0,10,0,3,0,0.0,0
2.4383,47,2,0.2068,8284.0,9,0,1,0,2.0,0
0.3773,62,0,0.8251,,9,0,0,0,1.0,0
0.0538,45,0,0.312,12372.0,10,0,2,0,0.0,0
0.1299,74,0,0.7009,7568.0,5,0,1,0,1.0,0
0.7171,38,0,0.3613,4761.0,5,0,1,0,0.0,0
0.0688,25,0,0.0607,6197.0,7,0,3,0,1.0,0
4.7168,37,0,0.531,8197.0,6,0,2,0,1.0,0
0.1771,49,0,0.5161,,9,0,0,0,0.0,0
0.171,55,2,0.1697,2364.0,9,2,1,2,2.0,0
0.1887,57,0,0.3778,4491.0,7,0,2,0,0.0,0
0.7585,36,0,0.5449,5481.0,5,0,1,0,0.0,0
0.9146,51,1,0.6629,15516.0,7,0,0,0,2.0,0
0.4253,47,0,0.2916,,17,0,1,0,0.0,0
0.4256,70,0,0.403,5466.0,6,0,1,0,1.0,0
0.701,45,0,1.5437,5667.0,11,0,3,0,0.0,0
0.6445,58,0,0.6976,2897.0,3,0,2,0,1.0,0
0.0725,55,0,0.8586,,14,0,1,0,3.0,0
0.1232,71,0,0.3374,,2,0,0,0,0.0,0
0.5142,59,0,0.1618,7316.0,9,0,1,0,0.0,0
0.2848,37,0,0.6247,7202.0,11,0,2,0,0.0,0
0.3259,81,0,0.3039,11522.0,11,0,0,0,4.0,0
4.4035,55,0,0.0809,4935.0,8,0,1,0,1.0,0
0.0314,72,0,0.0206,3350.0,15,0,0,0,1.0,0
0.4498,57,0,0.8095,1972.0,6,0,0,0,0.0,0
1.1446,53,0,0.0376,11262.0,5,0,0,0,0.0,0
0.2947,55,0,0.4089,8111.0,5,0,1,0,0.0,0
1.9922,26,0,0.448,4807.0,7,0,0,0,2.0,0
0.3352,37,0,0.5248,4458.0,10,0,0,0,1.0,0
0.7803,57,0,0.8775,7723.0,7,0,2,0,0.0,0
0.7374,76,0,0.586,,8,0,3,0,0.0,0
0.1741,38,0,0.708,4697.0,7,0,2,0,2.0,0
0.4002,61,1,0.7017,8834.0,7,0,1,0,0.0,0
1.2134,66,0,1.0083,1864.0,9,0,1,0,0.0,0
0.3111,60,0,0.7868,,6,0,1,0,1.0,0
0.4634,45,0,0.3221,8104.0,4,0,1,0,0.0,0
0.4165,56,0,0.2577,15498.0,9,0,1,0,1.0,0
0.0923,26,0,0.3433,1993.0,6,2,2,1,1.0,0
2.5483,81,0,0.7045,7661.0,9,0,0,0,1.0,0
0.1837,84,0,0.3831,4129.0,7,0,2,0,0.0,0
0.1792,55,0,0.6591,3673.0,8,0,2,0,0.0,0
0.6587,50,0,0.5945,6569.0,10,0,1,0,2.0,0
0.069,57,0,0.8346,4355.0,7,0,0,0,1.0,0
0.626,74,0,0.5789,10700.0,12,0,0,0,0.0,0
0.3904,54,0,0.6989,7017.0,8,0,0,0,1.0,0
0.059,42,0,0.3968,,6,0,0,0,0.0,0
0.2214,60,0,0.7882,15210.0,8,0,0,0,0.0,0
0.0172,55,0,0.8855,,9,0,0,0,0.0,0
2.1165,54,0,0.9633,7695.0,5,0,1,0,4.0,0
0.5619,58,0,0.1096,,9,0,2,0,0.0,0
2.0412,42,0,0.4197,5691.0,6,0,1,0,0.0,0
0.4315,42,0,0.6049,,7,0,4,0,0.0,0
0.8126,25,0,0.6267,,8,0,0,0,2.0,0
0.5697,47,0,0.4477,3297.0,6,0,0,0,3.0,0
0.1469,46,1,0.3161,5750.0,11,0,0,0,0.0,0
1.1425,44,0,0.9906,6162.0,9,0,2,0,2.0,0
0.6601,65,0,0.0971,19156.0,9,0,1,0,1.0,0
0.2932,76,0,0.1664,4790.0,11,0,3,0,0.0,0
0.5294,34,0,0.7238,3259.0,4,0,0,0,0.0,0
0.4501,68,0,0.3695,7359.0,8,0,1,0,0.0,0
0.7291,43,0,0.6315,2153.0,7,0,0,0,0.0,0
0.4039,49,0,0.537,3661.0,6,0,0,0,1.0,0
5.6635,43,0,0.4936,4722.0,6,0,2,0,0.0,0
0.0187,41,0,0.0853,3946.0,9,0,0,0,0.0,0
1.5978,70,0,0.4992,4258.0,7,0,0,0,1.0,1
0.5584,41,0,0.1848,,7,0,0,0,0.0,0
0.508,71,0,0.3455,6236.0,5,0,1,0,1.0,0
2.1214,60,0,0.5755,5551.0,3,0,1,0,0.0,0
0.2419,59,0,0.4479,,7,0,2,0,2.0,0
0.2497,41,0,0.5034,7050.0,11,0,2,0,1.0,0
0.0547,83,0,0.2287,4964.0,11,0,0,0,1.0,0
0.3656,52,0,0.234,14370.0,12,0,0,0,1.0,0
0.2301,40,2,0.1204,2479.0,7,0,1,0,2.0,0
0.7492,48,0,0.5794,6912.0,9,0,3,0,1.0,0
1.936,48,0,0.3394,5091.0,11,0,1,0,0.0,0
0.6444,50,0,0.0179,,8,0,1,0,1.0,0
0.0781,55,0,0.2387,,8,0,4,0,0.0,0
0.3184,48,0,0.183,5077.0,8,0,1,0,0.0,0
0.1508,37,0,0.5503,2826.0,8,0,0,0,1.0,0
0.4753,35,0,0.6482,,11,0,1,0,1.0,0
0.2682,53,0,0.4247,3194.0,6,0,2,0,1.0,0
1.1481,21,0,0.2291,2502.0,7,0,1,0,1.0,0
0.0095,78,0,1.0313,6299.0,3,0,1,0,1.0,0
0.9874,48,1,0.7165,4794.0,7,0,0,0,0.0,0
0.0046,63,0,0.4223,14289.0,6,0,1,0,1.0,0
0.5911,49,0,0.6513,,4,0,1,0,2.0,0
0.1686,71,0,1.0761,5179.0,6,0,0,0,1.0,0
0.2599,41,0,0.6046,10940.0,9,0,1,0,0.0,0
0.1137,80,0,1.1917,2472.0,7,0,0,0,1.0,0
0.4623,52,0,0.5782,4741.0,12,0,0,0,0.0,0
7.7371,31,0,0.3913,7797.0,6,0,0,0,1.0,0
4.4602,42,0,0.6354,16001.0,14,0,0,0,1.0,0
0.4504,55,0,0.8065,,5,0,1,0,0.0,0
0.6122,45,0,1.1332,,11,0,0,0,0.0,0
0.7944,68,0,0.4613,7910.0,11,0,0,0,0.0,0
0.8017,36,0,1.0112,3838.0,11,0,2,0,2.0,0
1.0102,38,1,0.7276,4410.0,4,0,1,1,0.0,0
0.2215,39,0,0.3537,,6,0,1,0,2.0,0
3.1775,54,0,0.9051,,9,0,3,0,2.0,0
1.2412,59,0,0.1164,12282.0,7,0,3,0,1.0,0
0.666,35,0,0.3046,4796.0,11,0,1,0,0.0,0
0.3178,62,0,0.5564,,6,0,1,0,1.0,0
0.6758,62,0,0.184,8592.0,12,0,0,0,1.0,0
0.9244,52,0,0.091,4085.0,10,0,0,0,1.0,0
0.056,39,2,0.6849,,7,0,1,0,2.0,0
2.757,56,2,0.1874,3983.0,11,0,0,0,0.0,0
0.3072,42,0,0.3072,3432.0,10,0,0,0,1.0,0
1.5212,57,0,0.4066,,6,0,1,0,3.0,0
0.4993,42,1,1.2124,2120.0,5,0,2,0,0.0,0
0.0326,43,0,0.0714,4294.0,5,0,1,0,1.0,0
0.3244,33,0,0.5693,6451.0,7,0,0,0,1.0,0
0.3866,57,0,0.184,9055.0,6,0,1,0,0.0,0
1.2094,49,0,0.0486,6713.0,6,0,0,0,1.0,0
4.2229,63,0,0.7935,4895.0,10,0,0,0,0.0,0
0.2221,74,0,0.3665,4548.0,8,0,4,0,1.0,0
0.1523,44,0,0.3954,1822.0,10,0,1,0,0.0,0
1.2048,34,0,0.5198,5363.0,7,0,0,0,0.0,0
0.4013,58,0,0.5413,2743.0,7,0,1,0,0.0,0
1.5822,71,0,0.7752,9924.0,6,0,3,0,1.0,0
0.9666,39,0,1.1336,5417.0,7,0,0,0,1.0,0
0.7871,40,0,0.7729,,7,0,1,0,0.0,0
0.8517,47,0,0.9683,4015.0,6,0,2,0,2.0,0
0.0816,74,0,0.2213,5974.0,7,0,1,0,1.0,0
0.4035,42,0,0.5586,9702.0,12,0,1,0,0.0,0
0.0898,60,0,0.5717,2302.0,4,0,1,0,0.0,0
0.7535,50,0,1.1302,1129.0,8,0,0,0,0.0,1
1.3532,70,0,0.8525,3505.0,7,0,1,0,1.0,0
0.523,57,0,0.6748,6691.0,11,0,1,0,1.0,0
1.0928,62,0,0.241,16364.0,6,0,0,0,1.0,0
0.2291,49,0,0.7746,1159.0,10,0,1,0,1.0,0
2.0674,39,0,0.348,3835.0,3,0,0,0,1.0,0
0.3223,60,0,0.1324,6509.0,13,0,4,0,0.0,0
0.8009,61,0,0.1178,3143.0,2,0,1,0,1.0,0
0.0388,43,0,0.1133,5112.0,6,0,0,0,0.0,0
0.3098,49,0,0.475,20675.0,8,0,1,0,2.0,0
0.9883,59,2,0.9456,12681.0,4,0,1,0,,0
0.0967,27,0,0.0604,5717.0,9,0,0,0,3.0,0
0.3724,46,0,0.4164,5039.0,9,1,2,0,0.0,0
0.36,53,0,0.2235,7077.0,9,0,1,0,2.0,0
0.6218,50,0,0.9431,5980.0,12,0,1,0,1.0,0
0.2686,59,0,0.3852,5109.0,18,0,1,0,0.0,0
0.3336,24,0,0.1039,6957.0,8,0,2,0,1.0,0
0.3384,52,2,0.5445,12803.0,9,0,0,0,1.0,0
2.5515,31,0,0.561,2172.0,10,0,0,0,0.0,0
0.4446,63,0,0.0692,4093.0,5,0,0,0,,0
0.1827,48,0,0.8278,6432.0,6,0,1,0,1.0,0
0.2488,38,0,0.9098,4112.0,7,0,0,0,2.0,0
0.0396,34,0,0.2823,,8,0,1,0,0.0,0
0.0008,60,0,1.4975,,9,0,0,0,0.0,0
0.6321,52,0,0.2764,3545.0,7,0,1,0,0.0,0
2.8902,60,0,0.7588,4538.0,4,0,1,0,1.0,1
0.3391,48,0,0.1291,9260.0,9,0,1,0,0.0,0
0.5192,25,0,0.3733,,8,0,0,0,1.0,0
0.9712,71,0,0.6725,5342.0,10,0,1,1,1.0,1
0.6796,59,0,0.4995,8657.0,10,0,0,0,0.0,0
0.2726,65,0,0.7709,7383.0,8,0,0,0,0.0,0
0.386,30,0,0.6598,3828.0,9,0,1,0,1.0,0
0.1213,90,0,0.4252,4283.0,10,0,1,0,1.0,0
0.1028,63,0,0.8095,,9,0,1,0,1.0,0
0.1514,86,1,0.1284,,8,0,1,0,2.0,0
0.0537,53,0,0.6794,2875.0,10,0,2,0,0.0,0
0.7428,57,0,0.1432,3895.0,6,0,0,0,0.0,0
0.2457,58,0,0.4332,3721.0,8,0,1,0,2.0,0
0.25,34,0,0.0221,3573.0,10,0,1,0,0.0,0
0.3046,58,0,0.3147,4739.0,11,0,2,0,0.0,0
0.2823,55,0,0.6012,4867.0,4,0,0,0,1.0,0
0.0874,53,0,0.586,8642.0,5,0,3,0,1.0,0
6.3445,50,0,0.6288,3889.0,3,0,0,0,1.0,0
0.1522,51,0,0.2877,3988.0,17,0,1,0,1.0,0
0.9944,74,0,0.4205,,12,0,1,0,0.0,0
0.9175,46,0,0.5668,,7,0,1,0,0.0,0
0.1676,49,0,0.2608,,5,0,0,0,1.0,0
0.8776,61,0,0.5238,2228.0,4,0,1,0,1.0,0
0.0213,58,0,0.0888,6782.0,2,0,0,0,1.0,0
5.1221,57,0,0.7595,3401.0,11,0,0,0,0.0,0
1.83,51,0,0.4758,6575.0,0,0,2,0,0.0,0
0.2886,36,0,0.6557,4285.0,8,0,1,0,3.0,0
0.2316,35,0,0.5182,2561.0,8,0,2,0,0.0,0
0.3299,56,0,0.182,10425.0,8,0,3,0,3.0,0
0.1552,44,0,0.3601,4647.0,7,0,1,0,3.0,0
0.0874,56,0,0.4911,,8,0,1,0,0.0,0
0.7223,53,0,0.6534,4375.0,8,0,0,0,0.0,0
0.2373,73,0,0.3138,7112.0,9,0,4,0,1.0,0
0.4044,47,0,0.0587,1445.0,6,0,0,0,0.0,0
4.0756,61,0,0.3736,24898.0,10,0,2,0,1.0,1
0.6554,35,0,0.9394,5002.0,6,0,0,0,3.0,1
0.4256,60,0,0.6369,5592.0,9,0,2,0,0.0,0
0.2219,63,0,0.0596,,7,0,2,0,2.0,0
0.0826,67,0,0.7115,8290.0,11,0,3,0,1.0,0
0.0018,46,0,0.5862,,9,0,1,0,2.0,0
0.9554,64,0,0.2349,1386.0,5,0,0,0,0.0,0
0.8489,73,0,0.2465,7192.0,11,0,0,0,1.0,0
2.9452,46,0,0.0648,3082.0,4,0,0,0,1.0,0
0.2088,55,0,0.4066,1044.0,6,0,2,0,0.0,0
0.1824,59,0,0.7405,17241.0,7,0,0,0,3.0,0
2.087,45,0,0.252,14081.0,7,0,0,0,1.0,0
3.2226,48,0,0.2696,3629.0,6,0,2,0,2.0,0
0.041,45,0,0.3782,1868.0,7,0,1,0,0.0,0
0.6903,55,0,0.3212,8549.0,6,0,0,0,0.0,0
0.2778,43,0,0.1845,1866.0,9,0,0,0,1.0,0
1.7562,38,0,0.1844,,10,0,0,0,2.0,0
0.1935,79,0,0.2074,,9,0,2,0,2.0,0
0.7415,59,0,0.2853,4591.0,11,0,1,0,0.0,0
0.4211,37,0,1.0847,3891.0,3,0,0,0,0.0,0
0.6111,35,0,0.1401,,3,0,0,0,0.0,0
0.1705,21,0,0.6973,,8,0,2,0,1.0,0
2.1562,38,2,0.1138,8242.0,8,1,1,0,0.0,0
0.2955,34,0,0.4193,,8,0,0,0,0.0,0
0.3046,52,0,0.1263,4317.0,4,0,1,0,1.0,0
0.267,49,0,0.2194,7450.0,11,0,0,0,1.0,0
0.5726,33,0,0.1477,5406.0,10,0,1,0,2.0,0
0.268,63,0,0.3803,10848.0,6,0,0,0,1.0,0
0.3171,33,2,0.6528,,13,1,3,0,0.0,0
0.3291,63,0,0.0553,5072.0,10,0,0,0,0.0,0
0.5945,39,0,0.3655,,8,0,0,0,0.0,0
0.2739,65,0,0.2867,2957.0,8,0,2,0,2.0,0
0.4306,42,0,0.5612,3539.0,5,0,1,0,0.0,1
2.9481,42,0,0.4677,2883.0,3,0,1,0,0.0,0
0.1494,70,0,0.1859,5132.0,15,0,1,0,2.0,0
1.1921,36,0,0.1837,,10,0,0,0,0.0,1
0.256,68,1,0.2789,3712.0,11,2,1,0,1.0,0
0.2029,47,0,0.3884,8734.0,14,0,2,0,0.0,0
0.0912,40,0,0.3527,5367.0,6,0,1,0,0.0,0
0.16,54,0,1.0583,7227.0,11,0,2,0,1.0,0
1.1151,58,1,0.3995,7857.0,13,1,4,0,0.0,0
0.4569,36,2,0.4954,7385.0,12,1,0,1,0.0,0
0.3839,51,0,0.8492,14812.0,5,0,1,0,0.0,0
0.3262,56,3,0.0997,,7,0,1,0,1.0,0
0.0586,37,0,0.9709,5600.0,11,0,1,0,,0
0.077,63,0,0.6364,5304.0,4,0,1,0,1.0,0
0.0959,62,0,0.5412,12133.0,9,0,1,0,1.0,0
0.0242,56,0,0.4001,4095.0,4,0,2,0,0.0,0
0.6793,56,0,0.7902,7934.0,7,0,0,0,0.0,0
0.3638,54,0,0.5487,5641.0,6,0,3,0,0.0,0
0.2689,43,0,0.6615,,10,0,0,0,1.0,0
0.9431,54,1,0.4791,4226.0,10,0,0,0,1.0,0
0.37,75,0,0.4967,3627.0,7,0,2,0,0.0,0
7.023,21,0,0.5057,13407.0,7,0,0,0,1.0,0
0.139,38,0,0.3006,4467.0,12,0,1,0,1.0,0
3.023,41,0,0.0885,8793.0,5,0,3,0,0.0,0
0.5983,38,0,1.0985,2471.0,9,0,1,0,0.0,1
0.6734,36,0,0.1605,,7,0,1,0,0.0,0
0.189,54,0,0.0833,11088.0,8,0,1,0,3.0,0
1.2132,69,0,0.4423,6220.0,4,0,0,0,0.0,0
0.3103,47,0,0.3856,7958.0,11,0,3,0,4.0,0
0.5724,74,0,0.1616,,6,0,5,0,0.0,1
0.1085,78,0,1.2105,8934.0,5,0,3,0,1.0,0
0.6554,64,0,0.2185,7170.0,5,0,1,0,0.0,0
0.0484,46,0,0.3541,,8,0,0,0,0.0,0
3.6988,33,0,0.4851,4119.0,11,0,0,0,2.0,0
0.2877,55,0,0.909,2997.0,6,0,2,0,3.0,0
0.3905,62,0,0.5836,3426.0,6,0,1,0,1.0,0
0.0899,58,0,0.472,,8,0,1,0,0.0,0
0.8675,75,3,0.6125,6278.0,4,0,0,0,0.0,0
0.5471,85,0,0.4059,6156.0,9,0,0,0,1.0,0
0.097,67,0,0.4697,7393.0,5,0,1,0,0.0,0
0.1373,53,0,0.8411,3640.0,6,0,0,0,0.0,0
0.1636,43,0,0.818,6191.0,4,0,0,0,1.0,0
0.5422,40,0,0.4714,12359.0,14,0,2,0,3.0,0
0.395,68,0,0.2601,11479.0,10,0,3,0,1.0,0
5.2342,45,0,1.2435,4518.0,8,0,1,0,1.0,1
0.5223,45,0,0.1535,5309.0,7,0,0,0,1.0,0
2.5352,45,0,0.3935,,6,0,2,0,0.0,0
0.2475,57,1,0.5687,9168.0,6,0,0,0,2.0,0
0.1092,43,1,0.5482,5148.0,10,0,1,2,1.0,0
0.2399,73,0,0.4979,7933.0,11,0,2,0,0.0,1
0.4682,34,0,0.3091,1719.0,9,0,3,0,0.0,0
1.4997,72,0,0.3232,8796.0,8,0,0,0,2.0,0
1.0757,40,0,0.3678,,6,0,0,0,1.0,0
0.4062,34,0,0.533,4374.0,4,0,0,0,0.0,0
0.4332,57,0,0.3893,,9,0,1,0,,0
0.2318,61,0,0.3984,,9,0,0,0,0.0,0
0.1868,55,0,0.2438,7007.0,11,0,0,0,2.0,0
0.3645,55,0,0.2393,4919.0,11,0,0,0,1.0,0
0.1972,58,0,0.8786,6596.0,9,0,0,0,0.0,0
0.5502,51,0,0.7911,,7,0,0,0,1.0,0
10.3345,41,0,0.6531,13640.0,6,0,3,0,1.0,0
0.0033,37,0,0.3261,7013.0,6,0,2,0,0.0,0
0.2098,57,0,0.4615,,8,0,2,0,0.0,0
1.1995,59,0,1.0905,9407.0,1,0,1,0,1.0,0
0.0966,64,0,0.5399,2082.0,6,0,1,0,,0
0.2488,43,0,0.429,2615.0,4,0,0,0,1.0,0
0.5614,67,0,0.6089,,10,0,1,0,0.0,0
0.5894,78,0,0.1465,,12,0,0,0,0.0,1
0.3017,51,0,0.0513,4643.0,4,0,0,0,,0
0.3793,31,0,0.401,3089.0,7,0,0,0,2.0,0
0.1551,36,0,0.6311,5837.0,9,0,0,0,3.0,0
0.2936,44,0,0.8759,2521.0,10,0,3,0,1.0,0
0.0222,24,0,0.6315,6821.0,13,0,1,0,1.0,0
0.676,53,0,0.1776,10695.0,5,0,0,0,1.0,0
1.0632,58,0,0.7712,,10,0,1,0,1.0,0
0.5878,57,0,0.2753,9979.0,20,0,0,0,1.0,0
0.6446,32,0,0.2117,1775.0,7,0,2,0,0.0,0
0.9112,25,0,1.2029,2340.0,9,0,3,0,0.0,1
0.0796,62,0,0.4819,3789.0,7,0,2,0,0.0,0
0.0061,82,0,1.016,6395.0,7,0,1,0,,0
0.5819,72,0,0.3802,23112.0,4,0,1,0,0.0,0
0.0547,52,0,0.1357,3050.0,10,0,0,0,3.0,0
0.5759,40,0,0.4602,6680.0,10,0,0,0,0.0,0
0.2758,44,0,0.1029,3577.0,6,0,0,0,1.0,0
0.4442,59,0,0.1765,,8,0,0,0,1.0,0
0.2142,44,0,0.0967,3646.0,6,0,2,0,1.0,0
0.623,47,0,0.0481,8353.0,4,0,2,0,0.0,0
0.6911,51,0,0.3061,5739.0,7,0,2,0,0.0,0
4.929,68,1,0.4349,3278.0,11,0,0,0,1.0,0
4.9766,70,0,0.6728,,4,0,2,0,1.0,1
3.0465,72,0,0.824,4273.0,8,0,1,0,0.0,1
0.0897,34,0,0.5229,2274.0,6,0,2,0,1.0,0
0.3836,48,0,0.2063,6095.0,14,0,4,0,3.0,0
0.9399,58,0,0.3617,6786.0,7,0,1,0,1.0,0
0.2186,44,0,0.2494,3794.0,9,0,1,0,1.0,0
0.5591,44,0,0.7657,,10,0,3,0,1.0,0
0.1746,74,0,0.5962,19441.0,9,0,0,0,1.0,0
0.6611,85,0,0.7114,,8,0,1,0,0.0,1
3.5535,39,0,0.2768,8278.0,9,0,1,0,1.0,0
1.992,40,0,0.4195,9056.0,5,0,0,0,3.0,0
0.6958,36,0,0.169,,9,0,0,0,0.0,0
0.8781,48,0,0.6344,7781.0,7,0,2,0,0.0,0
3.5668,76,0,0.2489,6957.0,11,0,2,0,2.0,0
0.571,42,0,0.4541,4196.0,8,0,1,0,2.0,0
0.0585,55,0,0.1021,1561.0,5,0,1,0,1.0,0
0.0157,86,0,0.0335,,7,0,2,0,2.0,0
0.0079,58,0,0.4813,3413.0,3,0,0,0,,0
1.3749,65,0,0.4296,3690.0,13,0,0,0,2.0,0
0.1304,44,0,0.8756,,12,0,1,0,1.0,0
0.18,48,0,0.6911,5499.0,6,0,3,0,0.0,0
0.0368,61,0,0.1991,,10,0,4,0,1.0,0
0.0933,67,0,0.4861,5326.0,4,0,2,0,1.0,0
0.616,31,0,0.1589,,14,0,1,0,0.0,0
0.3183,56,0,0.3134,,7,0,1,0,2.0,0
0.7407,47,0,0.2544,4521.0,9,0,0,0,0.0,0
0.4543,29,0,0.864,,9,0,0,0,0.0,1
0.0728,45,0,0.2195,7503.0,8,0,2,0,0.0,0
0.6763,58,0,0.4437,6959.0,13,0,0,0,0.0,0
0.8622,54,0,0.3136,2897.0,8,0,0,0,0.0,0
0.639,66,0,0.2507,4346.0,8,0,0,0,1.0,0
1.7312,60,0,0.1635,2742.0,11,0,1,0,0.0,0
0.6277,39,0,0.5189,5746.0,7,0,3,0,1.0,0
0.2992,42,3,0.4021,7632.0,15,0,0,0,2.0,0
0.4224,66,0,0.0988,3292.0,7,0,1,0,2.0,0
1.1551,62,0,0.09,8760.0,4,0,0,0,0.0,0
0.5284,64,0,0.626,8792.0,5,0,1,0,1.0,0
0.5485,48,0,0.9137,2784.0,11,0,0,0,1.0,0
0.5067,75,0,0.7665,6871.0,6,0,0,0,2.0,0
0.5784,52,0,0.6765,,9,0,2,0,0.0,0
0.3009,90,0,0.3088,15527.0,12,0,0,0,0.0,0
0.1819,54,0,0.4658,6153.0,6,0,0,0,1.0,0
0.2129,57,0,0.3758,27448.0,6,0,0,0,0.0,0
0.7943,72,0,0.2018,,9,0,0,0,3.0,0
1.0531,40,0,0.7948,7910.0,5,0,0,0,0.0,0
0.7485,53,0,0.4886,4262.0,6,0,1,0,0.0,0
1.0258,40,0,0.4668,6663.0,8,0,1,0,0.0,0
0.3501,54,0,0.9211,3762.0,6,0,0,0,0.0,0
0.2713,32,0,0.1199,5872.0,12,0,0,0,0.0,0
0.6481,71,0,0.3299,,5,0,0,0,1.0,1
0.3307,64,0,0.1845,3844.0,8,0,1,0,1.0,0
0.6028,48,0,0.6632,7930.0,4,0,0,0,0.0,0
4.2835,60,0,0.2763,10252.0,5,0,0,0,1.0,0
0.1805,59,0,0.4137,13898.0,6,0,0,0,1.0,0
0.2014,62,0,0.3009,,5,0,1,0,0.0,0
0.3535,39,0,0.2028,2858.0,6,0,1,0,0.0,0
0.8223,60,2,0.7447,7321.0,11,0,2,0,1.0,0
0.1691,39,0,0.1966,2799.0,7,0,0,0,1.0,0
0.5527,67,0,0.8798,,6,0,4,0,3.0,0
0.2415,59,0,0.9563,,11,0,2,0,4.0,0
3.7298,45,0,0.2754,11344.0,8,0,1,0,3.0,0
0.3115,72,0,0.3883,5481.0,5,3,0,0,1.0,0
0.5436,72,0,0.9773,6984.0,12,0,0,0,2.0,0
0.965,43,1,0.383,8838.0,6,0,0,0,1.0,0
0.0204,38,0,0.5611,7775.0,6,0,0,0,1.0,0
0.404,39,0,0.4824,3215.0,6,0,2,0,0.0,0
0.1515,54,0,0.2972,9714.0,14,0,1,0,0.0,0
0.004,44,0,0.343,,13,0,2,0,1.0,0
0.0316,55,0,0.2743,4259.0,6,0,2,0,0.0,0
1.0377,67,0,0.3151,9498.0,1,0,1,0,0.0,0
0.8457,77,0,0.7172,13793.0,5,0,1,0,1.0,0
0.3103,31,0,0.2763,9800.0,5,0,0,0,1.0,0
0.8187,21,1,0.5717,,8,0,1,0,1.0,0
0.6417,48,0,0.2324,15831.0,2,0,0,0,0.0,0
0.2151,35,0,0.4792,12572.0,8,0,1,0,1.0,0
0.6039,43,0,0.311,11913.0,8,0,0,0,3.0,0
0.3811,50,0,0.2577,3765.0,6,0,1,0,0.0,0
1.1827,63,0,0.2675,3979.0,4,0,0,0,0.0,0
0.0379,53,0,0.3374,7669.0,10,0,1,0,,0
0.5967,44,0,0.5956,2269.0,8,0,0,0,0.0,1
0.1475,55,0,1.0549,14472.0,11,0,0,0,1.0,0
0.5081,51,0,1.0106,,9,0,3,0,2.0,1
0.1389,47,0,0.5855,4636.0,6,0,0,0,3.0,0
0.0796,38,0,0.4863,2928.0,8,0,1,0,1.0,0
0.8525,46,0,0.8878,,4,0,1,0,0.0,0
0.5227,60,0,0.7002,10095.0,5,0,1,0,1.0,0
0.0552,60,0,0.984,,14,0,0,0,0.0,0
0.6314,37,0,0.2107,6128.0,9,0,0,0,0.0,0
0.531,47,0,1.008,3260.0,4,0,1,0,0.0,0
0.314,39,0,0.6242,3990.0,4,0,3,0,1.0,0
3.3612,64,0,0.4113,12435.0,10,0,0,0,,0
0.5885,53,0,0.5374,,8,0,1,0,1.0,1
0.3002,40,0,0.2525,,10,0,1,0,1.0,0
0.8271,46,0,0.8903,9344.0,9,0,1,0,2.0,0
1.1557,21,0,0.3779,5077.0,7,0,1,0,1.0,1
0.1162,46,0,0.6245,6771.0,7,0,2,0,0.0,0
0.0729,58,0,0.334,6473.0,9,0,0,0,4.0,0
1.0478,58,0,0.5314,9543.0,5,0,1,0,0.0,0
0.4005,44,0,0.3524,3075.0,8,0,0,0,0.0,0
0.2655,51,0,0.3641,,13,0,3,0,1.0,0
0.0253,59,0,0.2501,4375.0,11,0,2,0,1.0,0
0.2367,65,4,0.5228,4313.0,9,0,0,0,0.0,0
0.0774,49,0,0.7278,,12,0,1,0,0.0,0
0.1446,62,0,0.5813,2331.0,12,0,2,0,0.0,0
0.4253,38,0,0.519,1357.0,9,0,0,0,1.0,0
0.0055,59,0,0.3844,6955.0,6,0,1,0,0.0,0
1.4629,56,0,0.6796,4513.0,8,0,2,0,1.0,0
4.9987,27,0,0.1112,2135.0,9,0,1,0,1.0,1
0.4933,50,0,1.0331,,9,0,0,0,0.0,1
0.8486,70,0,0.2593,6734.0,10,0,0,0,1.0,0
6.2211,36,2,0.1092,,8,0,0,2,,0
0.3132,56,0,0.5621,3170.0,6,0,0,0,1.0,0
0.4489,62,0,0.8133,1166.0,6,0,0,0,3.0,0
0.2117,65,0,0.7709,1981.0,7,0,2,0,1.0,0
0.7045,56,0,0.7465,,9,0,0,0,1.0,0
0.2513,46,0,0.0529,5361.0,6,0,1,0,2.0,0
0.7356,64,1,0.798,8794.0,5,0,4,0,1.0,0
0.5012,51,0,0.3563,6074.0,13,0,2,0,2.0,0
0.235,35,0,0.7873,,6,0,1,0,3.0,0
0.283,50,0,0.4047,7274.0,5,0,1,0,1.0,0
0.1693,27,0,0.5406,5337.0,8,0,0,0,0.0,0
0.1397,54,0,0.4298,2999.0,8,0,1,0,1.0,0
0.9117,51,0,0.7855,,6,0,2,0,,0
0.199,36,0,0.5203,2240.0,7,0,0,0,0.0,0
0.624,85,0,0.1678,,11,0,0,0,0.0,0
0.146,36,0,0.1518,3756.0,6,0,1,0,2.0,0
0.4168,57,0,1.3153,8712.0,4,0,1,0,3.0,0
0.3457,51,0,0.963,5805.0,11,0,1,0,0.0,0
5.0639,44,0,0.5817,6365.0,7,0,2,0,4.0,0
0.4265,47,0,0.6899,3812.0,8,0,1,0,0.0,1
0.6446,42,0,0.969,3206.0,4,0,0,0,0.0,0
3.4376,57,0,0.4124,17944.0,10,0,1,0,0.0,0
0.0424,74,0,0.3928,15855.0,8,0,1,0,0.0,0
0.5419,78,0,1.1771,2847.0,5,0,0,0,3.0,1
0.2284,61,0,0.2628,11669.0,12,0,0,0,1.0,0
1.4837,42,0,0.7327,9162.0,15,0,0,0,1.0,0
0.7632,58,0,0.4556,6501.0,8,0,1,0,1.0,1
0.5389,54,0,0.8334,,9,0,2,0,2.0,0
0.1932,58,0,0.4522,12856.0,6,0,0,0,0.0,0
0.2943,33,0,0.1102,1897.0,6,0,2,0,1.0,0
0.0923,29,0,0.5776,3977.0,10,0,1,0,1.0,0
0.5462,69,0,0.6051,3109.0,6,0,1,0,1.0,0
0.5074,51,0,0.6415,5032.0,9,0,2,0,0.0,1
0.0377,47,0,1.3594,,10,0,0,0,0.0,0
0.0549,55,0,0.5482,20510.0,6,0,0,0,1.0,0
1.1609,32,0,0.1798,3125.0,9,0,2,0,0.0,0
0.8452,74,0,0.2445,6363.0,10,0,0,0,,0
0.2697,34,0,0.0231,,10,0,0,0,0.0,0
0.3956,29,0,0.2191,6520.0,11,0,0,0,3.0,0
1.3552,70,0,0.3021,6160.0,7,0,2,0,0.0,0
0.1121,92,0,1.1241,,9,0,0,0,1.0,0
0.7909,37,0,0.8966,4219.0,5,0,0,0,1.0,0
0.3735,58,0,0.3219,10771.0,7,0,2,0,0.0,0
1.2077,95,2,0.251,7522.0,7,1,0,0,0.0,0
0.7751,28,0,0.066,12943.0,7,0,1,0,2.0,0
0.1573,54,0,0.3139,3545.0,7,0,0,0,0.0,0
0.0499,67,0,0.3574,12175.0,7,0,1,0,2.0,0
0.3166,45,0,0.5388,,5,0,0,0,2.0,0
0.8183,71,0,0.6515,3793.0,14,0,1,0,0.0,1
11.7405,61,0,0.2286,18477.0,6,0,0,0,1.0,0
0.496,37,0,0.1426,9463.0,5,0,0,0,2.0,0
0.797,34,0,0.2074,6947.0,6,0,3,0,1.0,0
0.3103,43,0,0.7962,1728.0,3,0,0,0,1.0,0
1.5833,45,0,0.7285,5067.0,8,0,1,0,0.0,0
0.6934,53,0,0.7791,10321.0,5,0,1,0,1.0,0
0.4189,79,0,0.9124,12963.0,3,0,1,0,2.0,0
0.0787,44,0,0.3377,2836.0,6,0,0,0,2.0,0
1.3484,54,0,0.3476,10458.0,9,0,2,0,3.0,0
0.4574,77,0,0.7298,9040.0,3,0,1,0,0.0,0
0.418,66,0,0.2726,4793.0,12,0,3,0,1.0,0
0.1472,53,0,0.1208,7859.0,9,0,2,0,1.0,0
0.4637,49,0,0.7158,4859.0,5,0,1,0,0.0,0
0.1374,30,0,0.3688,,7,0,0,0,1.0,0
0.3166,49,0,0.6688,9711.0,8,0,0,0,2.0,0
1.0226,84,3,0.5337,1867.0,6,2,0,0,1.0,0
1.2805,42,0,0.1651,6953.0,6,0,1,0,1.0,0
0.6366,67,0,0.2822,1990.0,6,0,0,0,0.0,0
0.1514,42,2,1.2134,4869.0,15,0,2,0,1.0,0
0.5507,64,0,0.6121,,6,0,3,0,3.0,0
0.5774,66,0,1.1349,5368.0,8,0,0,0,0.0,1
0.7248,45,0,0.2954,,4,0,2,0,3.0,0
0.7572,43,0,0.1694,5063.0,2,0,3,0,1.0,0
0.2822,61,0,0.656,,14,0,1,0,2.0,0
0.3795,62,0,0.4784,2514.0,12,0,2,0,1.0,0
0.5856,64,0,0.477,6171.0,4,0,0,0,0.0,0
0.6882,52,0,0.5788,7110.0,11,0,1,0,0.0,0
0.3316,37,0,0.9684,7754.0,9,0,3,0,1.0,0
0.6226,51,0,0.2649,,10,0,2,0,1.0,0
0.4425,37,0,0.3503,3821.0,6,0,0,0,1.0,0
3.5452,60,0,0.6479,2734.0,8,0,0,0,2.0,0
0.7087,37,0,0.5684,15471.0,10,0,2,0,0.0,0
0.1201,41,0,0.1519,2876.0,7,0,1,0,1.0,0
0.2024,50,0,0.2579,8372.0,7,0,2,0,1.0,0
0.6166,71,0,0.3731,,11,0,1,0,0.0,0
0.4485,35,0,1.1487,,4,0,0,4,0.0,0
1.2187,42,0,0.8986,5967.0,5,0,3,0,1.0,0
0.5291,45,0,0.42,4818.0,6,0,0,0,1.0,0
0.4567,58,0,0.2583,16001.0,8,0,0,0,0.0,0
0.6102,39,0,0.3327,1843.0,12,0,1,0,2.0,0
0.0173,35,0,0.3442,7191.0,5,0,1,0,0.0,0
0.3081,41,0,0.3228,4173.0,5,0,0,0,2.0,0
0.093,57,0,0.2426,3417.0,12,0,0,0,1.0,0
0.3819,29,0,0.9933,3871.0,8,0,0,0,0.0,0
0.1629,67,0,0.2917,10446.0,4,0,2,0,1.0,0
0.3117,62,0,0.5992,8038.0,6,0,0,0,1.0,0
0.2911,61,0,0.1398,4159.0,3,0,0,0,1.0,0
0.3437,58,0,0.6741,7454.0,10,0,1,0,0.0,0
0.0446,53,0,0.185,,12,0,1,0,1.0,0
0.1809,41,0,0.0965,3111.0,5,0,1,0,2.0,0
0.2896,46,0,0.3476,7330.0,5,0,2,0,0.0,0
0.4231,45,0,0.7026,5842.0,10,0,1,0,0.0,0
2.5672,31,0,0.0662,9138.0,6,0,3,0,0.0,0
0.1763,72,0,0.8688,41886.0,10,0,0,0,3.0,0
0.9318,35,0,0.3493,3387.0,8,0,1,0,0.0,0
0.7497,45,0,0.5603,3462.0,6,0,0,0,0.0,0
0.4683,47,0,0.79,3446.0,9,0,2,0,0.0,0
0.3177,56,0,0.6219,5994.0,7,0,0,0,3.0,0
0.1036,46,0,1.1127,4131.0,10,0,1,0,1.0,0
0.9045,42,0,0.1379,8166.0,6,0,1,0,1.0,0
0.9884,65,0,0.2587,6733.0,5,0,1,0,3.0,0
0.099,95,0,0.2565,19615.0,9,0,1,0,0.0,0
0.0575,82,0,0.6786,3138.0,6,0,3,0,1.0,0
0.6181,53,1,0.5084,8923.0,10,2,1,0,0.0,0
0.1718,28,0,0.2759,,9,0,0,0,0.0,0
0.2971,28,0,0.869,5296.0,4,0,0,0,1.0,0
0.2123,65,0,0.5897,,4,0,2,0,0.0,0
0.3783,53,0,0.503,,12,0,1,0,0.0,0
0.0133,54,0,0.175,4158.0,8,0,0,0,1.0,0
0.1419,56,0,0.9891,5013.0,7,0,2,0,1.0,0
0.1481,42,1,0.3178,4345.0,9,2,1,0,1.0,0
0.1662,52,0,1.1584,,11,0,1,0,1.0,0
0.5486,59,0,1.0882,,9,0,1,0,1.0,0
0.1849,75,0,0.4133,6631.0,10,0,0,0,1.0,0
0.1971,75,0,0.6642,5047.0,10,0,3,0,1.0,1
0.5887,62,0,0.0355,13617.0,8,0,2,0,0.0,0
0.2455,45,0,0.3885,,10,0,2,0,2.0,0
0.9235,55,0,0.8363,2161.0,5,0,2,0,2.0,0
0.0161,69,0,0.0933,,9,0,0,0,,0
4.8446,78,0,0.6651,14147.0,6,0,1,0,1.0,0
0.4028,70,0,0.3505,4588.0,7,0,0,0,2.0,0
4.4605,45,0,0.325,,15,0,1,0,,0
0.4269,68,0,0.366,5484.0,7,0,0,0,0.0,0
0.5851,44,0,0.6266,4793.0,7,0,1,0,0.0,0
0.518,67,0,0.6375,9673.0,6,0,0,0,0.0,0
0.308,70,0,1.0012,5042.0,3,0,0,0,0.0,0
0.4286,64,0,0.2931,4392.0,10,0,2,0,1.0,0
1.3354,44,0,0.1486,,5,0,2,0,5.0,0
1.6923,37,1,0.3987,5363.0,9,1,1,1,1.0,0
0.3155,48,1,0.281,3703.0,12,1,1,0,5.0,0
0.2082,60,0,0.1963,3198.0,11,0,2,0,0.0,0
0.1364,41,0,0.3238,10228.0,6,0,3,0,1.0,0
0.5991,27,0,0.5097,,5,0,1,0,1.0,0
2.1318,72,0,0.9091,6958.0,9,0,3,0,2.0,0
0.7689,34,0,0.8111,,13,0,0,0,1.0,0
0.0154,55,0,1.0075,,12,0,1,0,1.0,0
0.3438,57,0,0.2937,8230.0,7,0,2,0,1.0,0
0.1691,41,0,0.3997,2951.0,5,0,1,2,0.0,0
0.1142,50,0,0.1486,2588.0,7,0,4,0,0.0,0
0.2159,74,0,0.1077,,7,0,0,0,0.0,0
0.4499,28,0,0.2226,2255.0,7,0,0,0,0.0,0
0.6977,67,0,0.455,4273.0,5,0,2,0,,0
0.6393,53,0,0.1109,6952.0,8,0,0,0,1.0,0
0.0644,41,0,0.3345,4580.0,7,0,1,0,0.0,0
0.1138,57,0,0.4682,8060.0,12,0,2,0,,0
0.0494,46,0,0.1586,1492.0,7,0,2,0,2.0,0
0.3217,54,0,0.5524,3456.0,9,0,0,0,,0
0.9053,63,0,0.5375,11017.0,7,0,0,0,0.0,0
0.8714,64,0,0.3123,2759.0,5,0,1,0,0.0,0
1.1101,46,1,1.1026,3482.0,9,1,1,0,0.0,0
0.0383,63,0,0.3189,,9,0,0,0,1.0,0
0.4817,80,0,0.8152,,4,0,1,0,1.0,0
0.1709,35,0,0.6409,3254.0,6,0,1,0,0.0,0
1.5137,41,0,0.2721,,6,1,1,0,0.0,0
0.4403,31,0,0.8963,,5,0,0,0,1.0,1
0.021,77,0,0.1659,7505.0,10,0,0,0,0.0,0
0.5329,52,0,0.9146,6940.0,8,0,1,0,0.0,0
0.3419,49,0,0.2447,,4,0,1,0,1.0,0
0.1358,60,0,0.342,,8,0,1,0,1.0,0
0.1301,65,0,0.3505,,9,0,2,0,1.0,0
0.3116,55,0,0.7494,5704.0,5,0,1,0,1.0,0
0.3622,71,0,0.4185,14785.0,9,0,2,0,0.0,0
0.5024,50,0,0.5283,,10,0,3,0,0.0,0
0.4607,35,0,0.1058,2542.0,7,0,1,0,2.0,0
0.3007,73,0,0.5707,21858.0,8,0,0,0,1.0,0
0.1309,49,0,0.0609,18759.0,8,0,1,0,,0
1.7888,29,0,0.1677,3466.0,8,0,0,0,2.0,0
0.1415,21,0,0.2451,,6,0,2,0,2.0,0
1.7394,31,0,0.2804,2496.0,7,0,0,0,0.0,0
0.3693,43,0,0.5181,4681.0,6,0,0,0,1.0,0
0.3393,52,0,0.2153,,10,0,1,0,0.0,0
0.7336,56,0,0.536,1522.0,8,0,1,0,1.0,1
0.3494,31,0,0.7809,4580.0,9,0,1,0,0.0,0
0.6767,47,0,0.7308,3030.0,9,0,0,0,2.0,0
0.271,43,0,0.4352,,6,0,2,0,0.0,0
1.0482,57,0,0.9808,,5,0,1,0,2.0,0
0.2532,63,0,0.7757,5737.0,13,0,2,0,2.0,0
0.7836,74,0,0.119,8760.0,8,0,2,0,1.0,0
1.5206,71,0,0.7074,,8,0,0,0,2.0,1
0.0817,33,0,0.1222,,11,0,0,0,2.0,0
0.002,54,0,0.4127,,5,0,1,0,0.0,0
0.1977,48,0,0.3003,,7,0,1,2,0.0,0
0.8046,50,0,0.2423,2880.0,7,0,2,0,2.0,0
0.3412,51,0,0.225,,8,0,0,0,1.0,0
0.458,74,0,0.2914,5804.0,6,0,1,0,1.0,0
0.1766,62,0,0.5077,3571.0,9,0,1,0,0.0,0
0.2586,53,0,0.3171,13784.0,4,0,2,0,0.0,0
0.048,54,1,0.3377,6269.0,6,0,0,0,0.0,0
0.5673,35,0,0.2957,4089.0,7,0,2,0,0.0,0
0.7808,61,0,0.5644,18020.0,7,0,1,0,0.0,0
0.4355,48,0,1.0273,,9,0,1,0,0.0,0
3.6016,41,0,0.6544,3479.0,10,0,1,0,1.0,0
6.4356,34,0,1.0897,3519.0,10,0,1,0,0.0,0
0.5769,79,0,0.5445,,7,0,0,0,1.0,0
2.1763,45,0,0.7212,,11,0,2,0,1.0,0
0.0978,64,0,0.3466,7400.0,7,0,2,0,2.0,0
0.0028,57,0,0.6,14507.0,7,0,0,0,0.0,0
0.1887,69,0,0.1886,10581.0,9,0,0,0,2.0,0
0.6005,29,0,0.1979,8115.0,11,0,1,0,0.0,0
4.6108,70,0,0.2581,5301.0,8,0,1,0,0.0,0
0.6851,73,1,0.3199,6925.0,10,0,0,0,0.0,0
0.7964,38,0,0.7035,5136.0,6,0,1,0,3.0,0
0.5602,63,0,0.2466,17626.0,5,0,1,0,2.0,0
0.2654,39,0,0.4115,5008.0,6,0,1,0,0.0,0
7.4459,47,0,0.7127,13625.0,8,0,0,0,0.0,0
0.4477,38,0,0.5293,7878.0,10,0,0,0,0.0,0
0.2078,59,0,0.6076,7659.0,11,0,0,0,1.0,0
0.3627,47,1,0.3985,2911.0,12,0,1,0,,0
0.8423,52,0,0.0585,,9,0,0,0,0.0,0
0.3679,38,0,0.6126,,10,0,1,0,2.0,0
1.6955,65,0,0.4205,6612.0,6,0,0,0,1.0,0
0.4177,48,0,0.4562,2579.0,8,0,0,0,0.0,0
0.8333,53,0,0.4001,4019.0,7,0,1,0,1.0,0
0.3075,44,0,0.44,7033.0,9,0,2,0,0.0,0
0.273,28,4,0.8418,2073.0,11,2,1,0,0.0,0
0.8977,39,0,0.6507,9186.0,9,0,1,0,0.0,0
0.5636,49,0,0.9376,1906.0,8,0,0,0,1.0,1
0.4819,49,0,0.7974,3891.0,8,0,2,0,0.0,0
0.492,73,0,0.1934,17537.0,5,0,0,0,1.0,0
0.3756,74,0,0.3001,,5,0,2,0,1.0,0
0.2109,61,0,0.3504,6875.0,7,0,0,0,0.0,0
0.91,80,0,0.4704,15373.0,7,0,2,0,1.0,0
1.0714,45,0,1.4595,7872.0,5,0,1,0,0.0,0
0.6221,61,0,0.0662,2953.0,12,0,1,0,1.0,0
2.3008,57,0,0.0288,,10,0,0,0,1.0,0
0.2317,58,0,0.94,,6,0,2,0,2.0,0
0.5147,39,0,0.2794,8317.0,9,0,1,0,1.0,0
0.6807,53,0,0.2682,4756.0,8,0,1,0,0.0,0
0.5074,46,0,0.32,,8,0,3,0,1.0,0
0.3989,37,0,0.3291,6299.0,5,0,0,0,0.0,0
0.6365,59,0,0.1798,5508.0,12,0,1,0,1.0,1
4.0493,28,0,0.493,2515.0,5,0,2,0,2.0,1
0.0253,69,0,0.3642,2749.0,7,0,1,0,1.0,0
1.7764,53,0,0.8222,2416.0,9,0,1,0,3.0,0
0.1826,36,0,0.6566,6365.0,7,0,0,0,0.0,0
0.508,47,0,0.5606,3995.0,6,0,0,0,2.0,0
0.318,52,0,0.7067,1741.0,10,0,1,0,2.0,0
0.4938,67,2,0.5211,7591.0,10,0,0,0,0.0,0
0.3581,71,0,0.9609,,14,0,0,0,0.0,0
0.2221,49,0,0.3154,7702.0,6,0,3,0,0.0,0
0.2678,51,0,0.1576,3417.0,4,0,1,0,0.0,0
0.6106,78,0,0.2181,,11,0,2,0,3.0,0
0.2722,30,0,0.495,,5,0,1,0,1.0,0
0.5413,32,0,0.6977,,6,0,1,0,2.0,0
3.468,72,0,0.6118,,6,0,0,0,0.0,1
0.7159,49,0,0.7095,,11,0,1,0,0.0,0
0.4724,61,0,0.5173,11334.0,9,0,1,0,1.0,0
0.2135,72,0,0.5862,,6,0,2,0,0.0,0
0.0274,25,0,0.4624,11259.0,13,0,1,0,0.0,0
0.4046,70,0,0.3348,4425.0,9,0,1,0,0.0,0
0.6578,63,0,0.5794,3293.0,8,0,1,0,1.0,0
0.0298,31,0,0.5807,,9,0,1,0,2.0,0
0.3107,45,0,0.0746,6591.0,4,0,1,0,0.0,0
0.6014,53,0,0.4002,3886.0,10,0,3,0,2.0,0
0.1845,61,0,0.648,3139.0,6,0,1,0,0.0,0
0.1099,38,0,0.2533,,10,0,2,0,0.0,0
0.3123,63,0,0.2733,,9,0,1,0,3.0,0
1.3197,53,1,0.4072,5639.0,9,1,1,0,1.0,0
0.6886,40,0,0.1692,3589.0,6,0,2,0,0.0,0
0.0296,45,0,0.5742,,10,0,1,0,1.0,0
0.0199,59,0,0.0229,,4,0,1,0,1.0,0
0.1004,43,0,0.1516,16337.0,11,0,1,0,1.0,0
0.6124,47,0,0.3894,19378.0,10,0,1,0,0.0,1
0.8305,47,0,0.1483,,6,0,2,0,1.0,0
0.4906,29,0,0.988,3586.0,10,0,0,0,0.0,1
0.7766,45,0,0.1463,17199.0,12,0,0,0,1.0,0
0.265,49,0,0.7483,3920.0,8,0,0,0,1.0,0
3.3327,52,0,0.5599,8358.0,7,0,0,0,1.0,0
0.005,62,0,0.0728,5395.0,9,0,0,0,0.0,0
0.5483,39,0,0.4829,3363.0,2,0,1,0,0.0,0
0.6722,65,0,0.6576,4662.0,11,0,2,0,1.0,0
0.7544,47,0,0.5437,,8,0,2,0,0.0,0
0.7495,51,0,0.1091,7826.0,7,0,0,0,0.0,0
0.17,29,0,0.7965,6269.0,7,0,0,0,1.0,0
0.8824,37,0,0.668,,9,0,1,0,2.0,0
0.7125,65,0,0.6057,13638.0,7,0,0,0,1.0,0
1.1942,39,2,0.973,3002.0,10,0,3,0,,0
3.0764,38,0,0.299,3270.0,5,0,1,0,1.0,0
0.9916,53,0,0.7031,3091.0,8,0,3,0,0.0,1
1.8859,61,2,0.2071,17833.0,8,0,1,1,,0
2.2696,50,0,1.059,3533.0,9,0,1,0,0.0,0
0.1479,25,0,0.6198,8404.0,11,0,2,0,2.0,0
0.4775,33,0,0.5835,,13,0,0,0,0.0,0
0.1664,71,0,0.5711,19504.0,4,0,2,0,0.0,0
0.4481,61,2,0.4504,7384.0,5,0,1,0,0.0,0
0.2378,29,0,0.2098,6199.0,7,0,0,0,0.0,0
0.8692,48,0,0.2812,20049.0,10,0,2,0,4.0,0
0.2107,77,0,0.3989,3652.0,9,0,0,0,1.0,0
0.3746,52,0,0.3653,12122.0,5,0,1,0,2.0,0
0.6579,42,0,0.3165,3332.0,10,0,0,0,3.0,0
0.5086,32,0,0.1254,,5,0,1,0,1.0,0
0.5704,46,0,0.5195,5026.0,7,0,1,0,0.0,0
0.5645,63,0,0.2668,2738.0,6,0,0,1,0.0,0
0.176,81,0,0.6158,9237.0,9,0,0,0,2.0,0
0.2158,70,0,0.5791,,7,0,2,0,,0
2.7763,58,0,0.3041,,4,0,3,0,0.0,0
1.0528,51,0,0.4012,9488.0,7,0,0,0,1.0,0
0.6107,36,0,0.2453,5275.0,8,0,1,0,,0
0.1983,49,0,0.6754,1628.0,12,0,1,0,2.0,0
2.3782,27,0,0.3993,4688.0,6,0,0,0,1.0,0
4.8717,64,0,0.3869,,4,0,0,0,1.0,0
1.6812,55,0,0.3772,7532.0,9,0,1,0,2.0,0
0.306,50,0,0.6586,4953.0,8,0,1,0,0.0,0
0.1981,32,0,0.2818,,9,0,1,0,3.0,0
2.2904,57,0,0.1211,2704.0,13,0,0,0,1.0,0
0.2846,48,0,0.3373,,7,0,0,0,0.0,0
0.8709,58,0,0.1504,,8,0,1,0,0.0,0
0.02,51,0,0.6379,7653.0,9,0,2,0,0.0,0
4.1733,66,0,0.5089,4621.0,5,0,1,0,1.0,0
1.4009,21,0,0.8112,2028.0,8,0,0,0,1.0,0
2.8328,55,0,0.2763,5948.0,5,0,1,0,,0
0.5148,64,0,0.2767,,13,0,2,0,0.0,0
2.0765,55,0,0.2238,2888.0,6,0,1,0,1.0,0
0.5255,52,0,0.3339,3922.0,9,0,0,0,0.0,0
0.6949,71,0,0.3036,6237.0,9,0,0,0,0.0,0
0.5978,35,0,0.7355,6272.0,5,0,1,0,2.0,0
0.3398,35,0,0.4663,4300.0,4,0,2,0,1.0,0
0.0533,52,0,0.8066,,10,0,1,0,2.0,0
1.4241,63,0,0.2455,1957.0,11,0,0,0,0.0,0
0.5657,56,0,0.3368,4630.0,6,0,1,0,2.0,0
0.1289,69,0,0.5854,7999.0,4,0,1,0,0.0,0
0.2698,75,0,0.4743,,5,0,1,0,1.0,0
0.004,46,0,0.3497,,9,0,1,0,0.0,0
0.5565,61,0,0.492,2716.0,6,0,3,0,1.0,1
0.1972,62,3,0.4193,13040.0,12,0,1,1,1.0,0
0.019,61,0,0.9385,4374.0,6,0,1,0,1.0,0
0.0999,45,0,0.0872,,10,0,2,0,,0
3.5508,45,0,0.6989,,6,0,3,0,2.0,0
1.0469,51,0,0.2041,,8,0,1,0,0.0,0
0.1879,66,0,0.3766,9463.0,5,0,2,0,2.0,0
0.2344,29,0,0.3871,6913.0,9,0,1,0,0.0,0
0.254,60,0,0.7357,4364.0,12,0,0,0,0.0,0
0.0325,39,0,0.5677,8968.0,7,0,0,0,1.0,0
0.6754,61,0,0.2821,1785.0,4,0,3,0,1.0,0
3.4658,47,0,0.2522,8882.0,14,0,0,0,1.0,0
2.9181,61,0,0.5445,10886.0,6,0,1,0,2.0,0
0.6117,67,0,0.7575,5898.0,7,0,0,0,0.0,0
0.8969,21,2,0.1218,4220.0,7,0,1,0,0.0,0
0.0176,41,0,0.1236,,6,0,0,0,3.0,0
0.5053,52,0,0.3585,2326.0,8,0,2,0,2.0,0
0.4404,45,0,0.1282,1725.0,7,0,2,0,0.0,0
0.0599,28,0,0.5784,6857.0,14,0,2,0,1.0,0
0.1726,53,0,1.2893,1346.0,9,0,0,0,1.0,0
0.2452,33,0,0.3867,1252.0,8,0,1,0,1.0,0
0.1708,70,0,0.5278,,8,0,0,0,0.0,0
0.8049,45,0,0.5083,,4,0,1,0,1.0,0
0.1541,45,0,0.0524,4699.0,8,0,0,0,2.0,0
0.8863,68,0,0.2145,5390.0,7,0,0,0,0.0,0
0.4024,34,0,0.7097,1934.0,6,0,1,0,1.0,0
0.682,35,0,0.1057,4973.0,7,0,0,0,0.0,0
1.2927,51,0,0.1626,,4,0,0,0,2.0,0
0.0375,58,0,0.342,2200.0,5,0,1,0,1.0,0
0.5906,41,0,0.2472,12017.0,4,0,0,0,0.0,0
1.8365,26,0,0.1095,11446.0,4,0,2,1,1.0,0
0.4295,50,0,0.529,52847.0,7,0,1,0,1.0,0
0.112,50,0,0.5949,,5,0,0,0,1.0,0
0.2034,46,0,0.4914,4477.0,10,0,0,0,1.0,0
0.2929,52,0,0.633,3865.0,7,0,1,0,0.0,0
0.7193,65,0,0.7163,1998.0,6,0,0,0,1.0,1
0.2808,51,0,0.366,1983.0,9,0,2,0,0.0,0
2.5231,57,0,0.4266,3457.0,12,0,0,0,1.0,0
0.03,57,0,0.2423,11542.0,4,0,1,0,1.0,0
1.9735,55,2,0.0481,9662.0,7,0,2,0,3.0,0
0.7482,46,0,0.3885,6571.0,6,0,0,0,1.0,0
0.1126,55,0,0.6364,6238.0,9,0,0,0,1.0,0
0.6532,67,0,0.2182,13567.0,11,0,1,0,1.0,0
0.18,42,0,0.6651,6650.0,9,0,1,0,3.0,0
0.9288,32,0,0.144,6036.0,5,0,2,0,1.0,0
0.0538,61,0,1.2865,,5,0,0,0,0.0,0
0.4795,42,0,0.1149,17748.0,8,0,0,0,,0
0.0214,60,0,0.6004,3891.0,6,0,0,0,1.0,0
0.5661,30,0,0.3634,5023.0,4,1,0,0,2.0,0
0.668,42,0,0.2347,,10,0,1,0,1.0,0
0.3766,56,0,0.4725,2961.0,11,0,0,0,1.0,0
0.6408,47,0,0.6167,5844.0,7,0,0,0,1.0,0
0.2172,58,0,0.5859,16693.0,8,0,1,0,1.0,0
0.4054,62,0,0.9212,1696.0,13,0,2,0,0.0,0
0.379,49,0,0.7951,1944.0,6,0,2,0,1.0,0
3.1022,49,1,0.7672,,8,1,1,0,0.0,0
0.2217,47,0,0.6099,4715.0,7,0,1,0,0.0,0
0.388,47,0,0.3523,,6,0,2,0,1.0,0
0.8804,64,0,0.6215,7114.0,16,0,1,0,2.0,0
0.0852,58,0,0.5884,11270.0,6,0,0,0,2.0,0
0.2485,44,0,0.3402,,8,0,2,0,3.0,0
0.2719,71,0,0.918,3584.0,13,0,0,0,4.0,0
0.0327,74,0,0.1681,12734.0,6,0,0,0,0.0,0
0.3188,52,1,0.0869,4541.0,8,0,0,0,1.0,0
0.0783,36,0,0.5988,,12,0,0,0,2.0,0
0.113,44,0,0.3169,7440.0,6,0,0,0,0.0,0
0.4348,49,0,0.5045,11780.0,7,0,2,0,1.0,0
0.208,55,0,0.0423,,12,0,1,0,0.0,0
0.5683,74,0,0.6142,4137.0,5,0,0,0,0.0,0
0.932,73,0,0.3857,6970.0,5,0,3,0,1.0,1
0.0714,56,0,0.7526,4126.0,4,0,1,0,1.0,0
0.3147,21,0,0.7878,7686.0,6,0,0,0,1.0,0
0.1956,34,0,0.7377,4147.0,8,0,0,0,1.0,0
0.0947,33,1,0.1222,11932.0,11,1,1,0,0.0,0
0.2739,69,0,0.5469,,12,0,0,0,1.0,0
0.7445,36,0,0.1929,7374.0,10,0,0,0,2.0,0
2.6307,26,0,0.3224,10565.0,5,0,0,0,0.0,0
0.5995,77,0,0.4303,13994.0,8,0,0,0,1.0,0
0.1785,45,0,0.133,,8,0,1,0,,0
0.4835,54,0,0.6772,3224.0,10,0,3,0,0.0,0
0.2495,56,0,0.6473,1499.0,11,0,0,0,0.0,0
2.5064,61,0,0.294,,13,0,0,0,2.0,0
0.3003,29,0,0.228,9441.0,8,0,1,0,1.0,0
0.2926,33,0,0.9011,4691.0,9,0,1,0,0.0,0
0.3019,72,0,0.2195,5924.0,11,0,0,0,1.0,1
1.2055,37,0,0.3381,1334.0,3,0,0,0,1.0,0
4.5264,50,0,0.2937,8990.0,16,0,1,0,0.0,0
0.2706,76,0,0.3808,1676.0,7,0,0,0,0.0,0
0.6288,75,0,0.5629,,5,0,1,0,1.0,1
1.1324,59,0,0.5767,8324.0,8,0,0,0,1.0,0
0.7436,44,0,0.1441,5803.0,13,0,2,0,0.0,0
0.9127,57,0,0.6935,4872.0,8,0,0,0,0.0,0
0.5063,37,0,0.5331,8997.0,10,0,1,0,0.0,0
0.7255,61,0,0.1738,3102.0,9,0,1,0,0.0,0
0.4599,61,0,1.1315,,15,0,2,0,1.0,1
0.9857,34,0,0.4716,5088.0,9,0,1,0,2.0,0
0.0968,93,0,0.8166,,6,0,1,0,0.0,0
0.108,61,1,0.1898,,4,1,0,1,1.0,0
0.9842,43,0,0.7252,12022.0,5,2,0,0,2.0,0
3.1952,73,0,0.7971,3335.0,10,0,1,0,2.0,0
0.4287,53,0,0.3848,6890.0,15,0,1,0,0.0,0
0.5882,51,0,0.563,2418.0,8,0,1,0,0.0,0
0.4584,43,0,0.6334,1415.0,9,0,0,0,1.0,0
0.9194,65,0,1.007,4385.0,8,0,1,0,2.0,0
0.2195,73,0,0.3834,8663.0,12,0,4,0,1.0,0
0.6122,50,0,0.5643,5025.0,12,0,0,0,0.0,0
0.1923,54,0,0.6679,,14,0,2,0,0.0,0
0.6853,41,0,1.0433,7813.0,6,0,1,0,1.0,0
1.4395,48,0,0.3887,,4,0,0,0,0.0,0
0.2934,61,0,0.224,5714.0,9,0,1,0,0.0,0
6.5154,66,0,0.5999,6386.0,9,0,1,0,0.0,0
0.6222,50,0,0.3379,5268.0,8,0,3,0,0.0,0
0.9187,49,0,0.49,,9,0,1,0,0.0,1
1.4401,52,0,0.2529,2590.0,4,0,1,0,0.0,0
0.7819,44,0,0.0252,4926.0,7,0,2,0,2.0,0
0.1801,63,0,0.3421,2737.0,4,0,2,0,0.0,0
0.0618,56,0,0.435,5453.0,10,0,1,0,3.0,0
4.1995,59,0,0.4978,2333.0,11,0,2,0,1.0,0
0.0389,37,0,0.2852,5924.0,12,0,0,0,0.0,0
1.0536,66,0,0.5597,10034.0,13,0,0,0,0.0,0
0.3954,42,0,0.5504,7120.0,5,0,0,0,,0
0.0666,47,0,0.6958,,9,0,2,0,2.0,0
0.6934,40,0,0.8088,,4,0,3,0,0.0,0
0.564,44,0,0.0267,3146.0,9,0,2,0,0.0,0
0.2785,50,0,0.7577,,3,0,0,0,3.0,0
1.1831,48,0,0.9424,,6,0,1,0,0.0,0
0.753,44,0,0.5541,9169.0,10,0,2,0,0.0,0
2.0855,72,1,0.7994,,10,0,1,0,0.0,0
0.7061,64,0,1.0727,,9,0,1,0,1.0,0
0.224,60,0,0.6385,5463.0,8,0,2,0,0.0,0
0.1539,68,0,0.7238,3078.0,8,0,0,0,2.0,0
0.1647,46,0,0.1896,4725.0,7,0,1,0,2.0,0
0.534,56,0,0.1585,3572.0,10,0,1,0,0.0,0
0.8462,52,0,0.3627,5210.0,11,0,0,0,0.0,0
2.5151,25,0,0.108,7736.0,7,0,1,0,3.0,1
0.2474,62,0,0.5385,2732.0,10,0,0,0,0.0,0
0.4019,47,0,1.0228,2012.0,11,0,1,0,0.0,0
0.3321,54,0,0.5649,,13,0,1,0,1.0,0
0.583,43,0,0.8804,,9,0,2,0,1.0,0
0.2969,51,0,0.1608,6427.0,8,0,1,0,3.0,0
1.9209,87,0,0.6144,8640.0,7,0,1,0,1.0,0
1.0911,21,0,0.0766,3628.0,4,0,4,0,0.0,1
0.0678,65,0,0.5095,3778.0,7,0,1,0,0.0,0
0.0945,81,0,0.4969,9234.0,2,0,4,0,1.0,0
1.5023,25,0,0.2458,4335.0,7,0,0,0,0.0,0
0.4892,43,0,0.6351,11255.0,11,0,1,0,0.0,0
0.3395,60,3,0.3698,5015.0,4,1,0,0,2.0,0
0.1086,46,0,0.6331,1669.0,10,0,1,0,2.0,0
1.8882,43,0,0.6259,11839.0,6,0,0,0,,0
0.558,62,0,0.0735,4406.0,11,0,0,0,1.0,0
0.4294,21,0,0.0221,9100.0,9,0,1,0,2.0,1
1.0191,63,0,0.2684,16983.0,4,0,0,0,4.0,0
0.7772,63,0,0.7469,,6,0,2,0,0.0,1
0.5628,68,0,0.2909,1935.0,11,0,0,0,0.0,0
0.3855,59,0,0.1675,3314.0,8,0,1,0,0.0,0
0.635,64,0,0.4666,13649.0,3,0,1,0,1.0,0
1.4473,52,0,0.8308,3584.0,7,0,1,0,1.0,0
0.9057,27,0,0.4043,,5,0,0,0,0.0,0
4.9878,45,0,0.5473,,10,0,0,0,1.0,0
2.6445,49,0,0.0412,,8,0,1,2,1.0,0
2.8593,48,0,0.7652,6655.0,11,0,1,0,1.0,0
0.0371,42,0,0.6379,4651.0,11,0,0,0,,0
0.1469,45,0,0.4452,6585.0,8,0,0,0,0.0,0
0.5665,61,0,0.2682,10163.0,10,0,0,0,2.0,0
0.8317,56,0,0.4535,4893.0,12,0,2,0,1.0,0
2.3963,40,0,0.4462,,6,0,0,0,1.0,0
0.2479,61,0,0.2422,13153.0,6,0,1,0,2.0,0
0.2439,54,0,0.1395,,10,0,0,0,1.0,0
3.9058,31,0,1.0351,5941.0,7,0,2,0,1.0,0
0.3527,54,0,0.5814,5804.0,7,0,1,0,,0
4.4716,60,0,0.5588,5398.0,10,0,1,0,0.0,1
0.8515,40,0,0.2052,,9,0,0,0,0.0,0
0.1,54,0,0.8244,12989.0,7,0,1,0,0.0,0
0.1744,38,0,0.6869,11479.0,10,0,0,0,0.0,0
0.2035,42,0,0.8816,8251.0,11,0,2,0,1.0,0
0.1848,56,0,0.5851,4792.0,9,0,2,0,0.0,0
0.2842,72,0,0.5523,13308.0,10,0,3,0,0.0,0
1.428,59,0,1.0707,,6,0,2,0,0.0,0
0.0772,41,0,0.8271,18860.0,6,0,1,0,2.0,0
0.1512,60,0,1.1428,,7,0,1,0,0.0,0
3.7264,50,0,0.5603,2047.0,7,0,1,0,2.0,0
0.0758,67,0,0.2907,7762.0,9,0,0,0,3.0,0
0.0777,55,0,0.4939,11220.0,6,0,1,0,3.0,0
0.0241,36,0,0.9975,3763.0,7,0,2,0,0.0,0
0.3717,52,1,0.4451,11759.0,14,0,3,0,1.0,0
0.4901,51,0,0.7469,5526.0,5,0,3,0,,0
0.0893,26,0,0.499,1462.0,7,0,2,0,0.0,0
0.606,57,0,0.148,,10,0,2,0,,0
0.4599,85,0,0.098,2888.0,10,0,1,0,,1
0.7304,44,0,0.1091,3873.0,10,0,0,0,0.0,0
1.3861,21,0,0.8187,,6,0,2,0,0.0,1
0.6576,45,0,0.0382,5899.0,8,0,1,0,2.0,0
0.5501,85,0,0.499,,11,0,4,0,1.0,0
0.84,37,0,0.3331,3960.0,8,0,1,0,1.0,0
0.2912,69,0,0.094,,11,0,1,0,0.0,0
0.7773,42,0,0.7037,,10,0,0,0,1.0,1
0.288,56,0,0.5037,13881.0,7,0,0,0,0.0,0
0.7757,51,0,0.2852,4916.0,8,0,2,0,1.0,0
0.4292,39,0,0.1739,11362.0,8,0,1,0,0.0,0
1.9837,38,0,0.3347,6013.0,10,0,2,0,3.0,0
0.4169,68,0,0.4677,6018.0,4,0,1,0,0.0,0
0.2789,71,0,0.4132,,3,0,0,0,0.0,0
0.6026,57,0,0.528,,6,0,1,0,1.0,0
0.3512,40,0,0.5753,,4,0,0,0,0.0,0
0.455,51,0,0.5605,4113.0,7,0,0,0,0.0,0
0.7912,49,0,0.1333,4333.0,8,0,4,0,0.0,0
1.6972,58,0,0.0928,4151.0,9,0,1,0,0.0,1
0.4685,51,0,0.7638,,5,0,5,0,,0
0.3436,45,1,0.813,5754.0,7,0,1,2,1.0,0
0.046,45,1,0.1015,3599.0,7,0,1,0,1.0,0
0.4987,50,0,0.3704,11195.0,8,0,1,0,1.0,0
0.9474,73,0,0.0476,13865.0,7,0,0,0,0.0,1
0.666,77,0,0.3246,,4,0,1,0,1.0,0
0.9669,59,0,0.4216,,9,0,1,0,0.0,0
1.7045,56,0,0.8703,,12,0,0,0,1.0,0
0.1435,41,0,0.3862,,8,0,0,0,,0
1.3057,48,0,0.7019,4728.0,8,0,0,0,0.0,0
0.0544,52,0,0.3565,3038.0,9,0,1,0,1.0,0
0.3878,66,0,0.2189,17259.0,7,0,1,0,0.0,0
0.5339,49,0,0.402,12688.0,10,0,1,0,1.0,0
0.4902,42,0,0.792,,11,0,2,0,1.0,1
0.4017,50,3,0.3509,6395.0,12,0,0,0,0.0,0
1.0455,66,0,0.1845,7899.0,4,0,0,0,1.0,0
1.216,62,3,0.5227,5998.0,10,1,0,1,0.0,0
0.5779,57,0,0.72,,14,0,0,0,1.0,0
0.1565,52,0,0.745,4072.0,6,0,1,0,2.0,0
0.0932,43,0,0.3504,3288.0,8,0,0,0,1.0,0
2.26,49,0,0.1794,5460.0,8,0,0,0,0.0,0
0.227,45,0,0.1315,5782.0,12,0,1,0,1.0,0
0.0056,41,0,0.3202,3660.0,9,0,0,0,1.0,0
0.3716,43,0,0.1539,4903.0,6,0,0,0,,0
0.034,50,0,0.3227,6095.0,4,0,1,0,0.0,0
0.8272,59,0,0.1201,,10,0,1,0,0.0,0
2.1131,53,0,0.5414,,8,0,0,0,1.0,0
0.5476,50,0,0.1492,7877.0,7,0,0,0,2.0,0
0.3096,57,1,0.8612,,5,0,3,0,0.0,0
0.5662,36,0,0.5558,5529.0,9,0,2,0,1.0,0
0.3092,24,0,0.4322,2369.0,7,0,0,0,0.0,0
0.3072,32,0,0.6485,4346.0,4,0,2,0,0.0,0
0.5938,60,0,0.5605,3190.0,10,0,3,0,0.0,0
1.1539,76,0,0.4935,10431.0,10,0,1,0,0.0,0
0.9388,48,0,0.5599,2859.0,14,0,1,0,1.0,0
0.1792,60,0,0.4571,5303.0,9,0,1,0,1.0,0
0.1785,31,3,0.3352,,8,0,2,0,0.0,0
0.1065,32,0,0.7312,2470.0,7,0,0,0,0.0,0
0.2103,52,0,0.386,9587.0,8,0,0,0,1.0,0
0.2925,73,0,0.1288,4945.0,10,0,0,0,2.0,0
0.2203,53,0,0.3074,5635.0,10,0,1,0,0.0,0
0.9512,30,0,0.5387,5842.0,10,0,1,0,0.0,0
0.2431,45,0,0.2233,,12,0,3,0,1.0,0
0.6196,34,0,0.4099,5279.0,5,0,0,0,1.0,0
1.5012,57,0,0.3226,6706.0,7,0,1,0,1.0,0
1.9365,39,0,0.6494,5600.0,11,0,0,0,1.0,0
0.3934,67,0,0.616,7483.0,10,0,2,0,1.0,0
0.2957,38,0,0.0944,3474.0,9,0,1,0,1.0,0
0.4637,39,0,0.1638,8737.0,6,0,0,0,1.0,0
0.0147,75,0,0.2598,1592.0,7,0,1,0,2.0,0
0.1288,32,0,0.2668,1666.0,6,0,3,0,0.0,0
1.1006,69,0,0.8334,5362.0,8,0,0,0,0.0,1
0.1872,39,0,0.4714,19541.0,5,0,1,0,0.0,0
0.0772,38,0,0.1976,2481.0,5,0,0,0,2.0,0
0.3807,64,0,1.137,3697.0,6,0,1,0,3.0,0
0.6055,52,0,0.8042,,8,0,0,0,0.0,0
0.2977,37,0,0.0684,12912.0,4,0,0,0,3.0,0
0.871,44,0,0.6584,8924.0,13,0,0,0,0.0,0
0.7626,30,0,0.5087,,12,0,1,0,0.0,0
0.6769,31,0,0.5287,4212.0,10,0,2,0,2.0,0
0.0757,56,0,0.4863,9617.0,8,0,1,0,4.0,0
0.3661,41,0,0.7877,11560.0,9,0,1,0,0.0,0
1.4184,71,0,0.739,3408.0,8,0,0,0,0.0,1
0.1456,41,0,0.3645,,5,0,0,0,2.0,0
0.4212,36,0,0.4889,,7,0,2,0,0.0,0
0.2059,49,0,0.1687,4389.0,8,0,1,0,0.0,0
0.4181,44,0,0.3238,3006.0,10,0,1,0,1.0,0
0.1812,45,0,0.2706,24376.0,4,0,1,0,0.0,0
0.2739,38,0,0.2859,3841.0,10,0,3,0,3.0,0
0.9923,54,0,0.0499,2314.0,4,0,0,0,2.0,0
2.2423,48,0,0.0726,4550.0,9,1,0,0,1.0,0
0.1285,67,0,0.3914,6302.0,11,0,0,0,0.0,0
0.0881,81,0,0.5308,,12,0,1,0,1.0,0
0.2704,43,0,0.3474,12764.0,8,0,2,0,1.0,0
0.9669,50,0,0.6029,2487.0,11,0,0,0,0.0,0
0.0181,86,0,0.3775,4035.0,4,0,1,0,2.0,0
0.901,28,0,0.9136,4033.0,6,0,0,0,0.0,1
3.5315,73,0,0.8677,3172.0,7,0,1,0,1.0,1
0.2674,62,0,0.2287,,9,0,1,0,2.0,0
0.2578,27,0,0.6647,8485.0,10,0,0,0,0.0,0
2.4659,44,0,0.0737,3203.0,11,0,0,0,0.0,0
2.7662,79,0,0.1783,1835.0,6,0,0,0,0.0,1
0.4369,58,0,0.6815,8119.0,8,0,1,0,0.0,0
0.1773,43,0,0.3951,,6,0,1,0,,0
0.7758,37,0,1.032,4790.0,9,0,3,0,1.0,0
1.9258,28,0,0.2897,7903.0,5,0,2,0,2.0,0
0.5755,56,0,0.5173,9929.0,8,0,1,0,0.0,0
0.1086,68,0,0.5047,,6,0,1,0,3.0,0
0.3895,60,0,0.5955,12061.0,10,0,1,0,0.0,0
0.1976,51,0,0.415,,11,0,1,0,1.0,0
0.3319,57,0,0.2841,2486.0,10,0,2,0,1.0,0
0.4738,48,0,0.6434,7451.0,9,0,1,0,2.0,0
0.4056,60,0,0.1669,2186.0,10,0,0,0,0.0,0
0.3481,29,0,0.1212,1824.0,8,0,1,0,0.0,0
0.1015,34,0,0.3791,,11,0,2,0,2.0,0
0.0919,42,0,0.2596,6651.0,8,0,1,0,1.0,0
0.6094,31,0,0.6384,2079.0,14,0,0,0,2.0,1
0.173,74,0,0.2595,4493.0,9,0,1,0,0.0,0
5.1752,46,2,0.4806,,10,0,1,2,0.0,0
3.995,51,0,0.8669,2801.0,4,0,0,0,0.0,0
0.0407,64,0,0.8019,,9,0,1,0,1.0,0
0.9636,42,0,0.5081,4819.0,9,0,1,0,0.0,0
0.9433,30,0,0.7424,2709.0,6,0,2,0,2.0,1
0.1336,40,0,0.1114,3835.0,7,0,0,0,2.0,0
0.0715,44,0,0.6885,3060.0,7,0,1,0,2.0,0
3.9935,55,0,0.5611,5542.0,12,0,0,0,1.0,0
0.1567,38,0,0.2104,3912.0,5,0,1,0,0.0,0
0.2471,50,0,0.1355,6176.0,6,0,0,0,0.0,0
0.3788,53,0,0.5543,10936.0,9,0,1,0,3.0,0
0.2887,48,0,0.3441,8967.0,11,0,0,0,,0
1.44,74,0,0.186,10858.0,6,2,0,1,1.0,0
1.8921,57,0,0.3316,6879.0,10,0,1,0,0.0,0
0.5936,54,0,0.275,,8,0,1,0,0.0,0
1.8133,68,0,0.7337,,8,0,0,0,1.0,1
1.0978,58,0,0.5013,7355.0,4,0,1,0,1.0,0
0.3824,21,0,0.8836,,5,0,0,0,,0
3.2997,70,0,0.1976,7275.0,3,0,0,0,3.0,0
0.113,37,0,0.2648,3478.0,6,0,1,0,1.0,0
1.2799,53,0,0.3759,2918.0,13,0,1,0,0.0,0
0.6262,38,0,0.5236,,5,0,0,0,2.0,0
1.1065,56,0,0.6031,,11,0,0,0,0.0,1
1.7516,38,0,0.4626,4982.0,3,0,0,0,0.0,0
0.3603,52,2,0.3884,,8,0,0,1,2.0,0
0.4085,64,0,0.8051,7005.0,8,0,0,0,0.0,0
0.6213,35,0,0.7767,2762.0,8,0,0,0,2.0,0
0.128,38,0,1.0974,,11,0,0,0,0.0,0
0.7022,31,0,0.1989,5996.0,9,0,0,0,1.0,0
0.4928,73,0,0.3111,5248.0,6,0,1,0,1.0,0
0.3895,49,0,0.5725,2413.0,7,0,1,0,0.0,0
0.9744,48,2,0.2747,8884.0,9,3,0,0,0.0,0
0.3087,38,0,0.7713,2167.0,5,0,1,0,1.0,0
0.2527,42,0,0.4654,2481.0,9,0,3,0,0.0,0
0.5537,24,0,0.7881,3037.0,10,0,0,0,0.0,0
0.7635,59,5,0.1873,5862.0,6,0,1,0,2.0,0
1.393,38,0,1.1324,3044.0,8,0,0,0,0.0,0
0.5072,52,0,0.379,5842.0,3,0,0,0,0.0,0
4.9318,57,3,0.2715,2678.0,13,0,0,1,1.0,0
0.3115,83,0,0.3597,1503.0,4,0,2,0,0.0,0
0.2134,33,0,0.3891,6106.0,10,0,0,0,1.0,0
0.2887,53,0,1.0546,4100.0,10,0,0,0,0.0,0
0.5761,46,0,0.5842,7744.0,8,0,0,0,1.0,0
0.0848,23,0,0.2042,4901.0,12,0,0,0,1.0,0
1.1963,87,0,0.1769,5741.0,11,0,1,0,0.0,0
0.1995,37,0,0.1685,7820.0,7,0,0,0,0.0,0
0.3746,53,0,0.3922,5984.0,4,0,2,0,1.0,0
0.6395,51,0,0.6403,11806.0,5,0,0,0,1.0,0
0.0651,56,0,0.2634,,6,0,0,0,1.0,0
0.9903,95,0,0.3066,,9,0,2,0,0.0,0
0.7312,55,0,0.1078,2717.0,9,0,1,0,2.0,0
0.1272,48,0,0.8142,6254.0,14,0,0,0,2.0,0
0.1657,57,0,0.6823,1233.0,14,0,0,0,1.0,0
0.1331,53,0,0.6883,4534.0,8,0,0,0,0.0,0
0.5102,66,0,0.5036,13893.0,11,0,0,0,1.0,0
0.1923,67,0,0.885,13849.0,8,0,0,0,2.0,0
0.4871,52,0,1.1207,,8,0,2,0,1.0,0
0.132,60,0,0.1588,,6,0,0,0,2.0,0
0.5165,72,0,0.0969,23852.0,8,0,0,0,2.0,0
0.6822,52,0,0.5039,5335.0,5,0,1,0,1.0,0
0.1149,65,0,1.1785,11728.0,5,0,0,0,0.0,0
0.3081,47,0,0.2308,1765.0,7,0,1,0,1.0,0
0.1529,58,0,0.0701,7744.0,6,0,2,0,2.0,0
5.3599,35,0,0.8559,,6,0,2,0,1.0,0
0.0186,38,0,0.2166,,8,0,5,0,2.0,0
0.337,73,3,0.3438,7810.0,6,0,0,0,1.0,0
0.5955,54,0,0.649,6300.0,4,0,0,0,0.0,0
0.0655,50,0,0.7047,6093.0,5,0,2,0,2.0,0
0.8014,70,0,0.651,3212.0,12,0,0,0,0.0,0
0.0696,61,0,0.9432,4949.0,11,0,1,0,0.0,0
0.1228,50,0,0.658,5199.0,8,0,1,0,0.0,0
0.6313,46,0,0.7109,11905.0,6,0,4,0,2.0,0
0.3683,60,0,0.5091,19098.0,10,0,1,0,0.0,0
0.3787,60,0,0.6243,3751.0,8,0,0,0,1.0,0
0.6642,56,0,0.4273,30386.0,10,0,0,0,1.0,0
0.0689,82,0,0.7733,8969.0,9,0,0,0,1.0,0
0.16,41,0,0.5937,,9,0,1,0,1.0,0
0.4531,57,0,0.4535,5008.0,11,0,3,0,2.0,0
0.53,48,0,0.4579,7773.0,4,0,1,0,0.0,0
0.1804,44,0,0.5607,5977.0,5,0,0,0,0.0,0
1.5319,47,3,0.5593,1729.0,5,0,0,0,1.0,0
0.0892,56,0,0.6579,3860.0,7,0,1,0,0.0,0
0.3573,41,0,1.0475,2769.0,7,0,3,0,0.0,0
0.13,41,0,0.7363,,10,0,1,0,3.0,0
2.2358,22,1,0.2273,,8,0,0,0,0.0,0
1.1666,67,1,0.2264,13948.0,10,0,3,2,0.0,0
0.0494,57,0,0.0824,,14,0,1,0,0.0,0
0.0526,63,0,0.6156,4893.0,9,0,1,0,1.0,0
0.42,37,0,0.5564,,7,0,0,0,1.0,1
0.0352,56,2,0.9462,9241.0,9,0,1,0,0.0,0
0.4307,55,0,0.6566,520.0,7,0,2,0,3.0,0
0.1016,55,0,0.9136,,4,0,0,0,0.0,0
0.4662,46,0,0.2245,4185.0,9,0,1,0,0.0,0
0.6141,40,0,0.5458,9362.0,5,0,1,0,0.0,0
0.918,58,0,0.2652,1972.0,12,0,0,0,0.0,0
0.1075,49,0,0.5009,4238.0,11,0,1,0,0.0,0
0.6637,49,0,0.8974,,8,0,0,0,0.0,0
4.3483,39,1,0.1541,8260.0,5,0,1,2,,0
0.4644,48,0,0.7103,3547.0,8,0,0,0,0.0,0
0.1643,69,0,0.7928,,12,0,1,0,1.0,0
0.3192,63,0,0.4527,1771.0,6,0,1,0,1.0,0
0.1015,54,0,0.5634,4483.0,9,0,2,0,1.0,0
0.8918,58,0,0.4792,7914.0,4,0,0,0,1.0,0
0.1615,31,0,0.6266,5137.0,2,0,2,0,0.0,0
0.3821,79,0,0.7902,,8,0,2,0,2.0,0
0.8555,82,0,0.3687,10369.0,6,0,0,0,0.0,0
0.6156,37,0,0.9621,10282.0,10,0,2,0,0.0,0
0.9258,48,0,0.7627,9401.0,17,0,0,0,0.0,0
1.7993,57,0,0.3259,6082.0,7,0,0,0,2.0,0
0.0572,58,0,0.5,8160.0,9,0,1,0,,0
0.2744,44,0,0.8297,,12,0,2,0,1.0,0
1.7094,54,0,0.722,5033.0,10,0,2,0,3.0,0
0.0746,59,0,0.6584,,9,0,3,0,0.0,0
0.9936,37,1,0.2318,5500.0,14,0,0,0,2.0,0
0.2874,48,0,0.4682,10193.0,9,0,3,0,0.0,0
1.0414,65,2,0.1778,,4,0,1,0,1.0,0
1.2499,69,0,0.7615,9257.0,8,0,1,0,0.0,0
0.6132,61,0,0.3992,,6,0,2,0,0.0,0
0.6642,62,0,0.733,10623.0,10,0,1,0,0.0,0
0.4703,49,0,0.6254,1382.0,10,0,2,0,0.0,0
0.3656,49,0,0.3287,5561.0,15,0,1,0,0.0,0
0.3032,54,0,0.646,7777.0,4,0,0,0,1.0,0
0.6029,41,0,0.3248,5904.0,6,0,0,0,2.0,0
0.0418,49,0,0.2394,,8,0,0,0,1.0,0
0.485,53,0,0.5079,4311.0,15,0,0,0,2.0,0
0.2949,73,0,0.5573,,3,0,0,0,0.0,0
0.5297,80,0,0.4023,7354.0,9,0,1,0,2.0,0
0.5671,79,0,0.5664,1806.0,5,0,0,0,2.0,1
0.8388,36,0,0.7236,2582.0,7,0,0,0,2.0,0
0.2868,72,0,0.6317,,11,0,2,0,,0
0.4915,55,0,0.2534,3388.0,4,0,0,0,2.0,0
1.7903,44,0,0.8581,6209.0,11,0,0,0,0.0,0
0.5694,48,0,0.4163,,9,0,3,0,0.0,0
0.3824,33,0,0.2461,1463.0,7,0,1,0,2.0,0
0.752,52,0,0.1874,,10,0,1,0,0.0,0
1.3301,63,0,0.5621,,9,0,1,0,2.0,0
0.4758,36,0,0.7815,5064.0,11,0,0,0,4.0,0
0.1285,40,0,1.0007,4064.0,3,0,1,0,0.0,0
0.196,48,0,0.4707,4125.0,5,0,3,0,0.0,0
0.4309,74,0,0.4851,3341.0,8,0,0,0,2.0,0
0.241,21,0,0.8382,,6,0,1,0,0.0,0
1.1739,60,0,0.2156,7044.0,7,0,0,0,1.0,0
0.2514,57,0,0.4417,4750.0,11,0,0,0,0.0,0
0.3524,59,0,0.5891,9322.0,7,0,0,0,2.0,0
0.391,22,0,0.3393,6163.0,9,0,0,0,1.0,0
0.2772,41,0,0.3168,5821.0,10,0,1,0,2.0,0
0.9053,44,3,0.8521,5480.0,6,0,0,2,1.0,0
0.0197,30,0,0.5051,10230.0,7,0,1,0,0.0,0
1.0243,78,1,0.27,15221.0,9,0,1,0,2.0,0
0.2602,61,0,0.8452,,6,0,1,0,1.0,0
0.1037,65,0,0.4902,4009.0,9,0,3,0,0.0,0
1.0816,62,0,0.2298,4413.0,7,0,1,0,0.0,0
0.0296,30,0,0.2986,6715.0,5,0,1,0,2.0,0
0.4282,29,0,0.2945,4179.0,15,4,2,0,1.0,0
1.8199,67,1,0.2902,1511.0,3,0,0,0,0.0,0
0.199,36,0,0.6313,3115.0,12,0,1,0,1.0,0
0.2589,57,0,0.2205,5342.0,10,0,0,0,2.0,0
0.6066,37,0,0.5038,,6,0,1,0,1.0,1
0.543,40,0,0.4869,5815.0,9,0,2,0,1.0,0
0.3852,50,0,0.3083,,5,0,1,0,2.0,0
0.705,35,0,0.2682,3354.0,4,0,1,0,0.0,0
0.5781,21,0,0.5832,2892.0,5,0,3,0,1.0,0
0.0377,53,0,0.743,5970.0,9,0,1,0,4.0,0
0.6474,86,0,0.6657,,5,0,0,0,0.0,0
0.0227,62,0,0.5071,17326.0,6,0,2,0,0.0,0
0.1891,35,0,0.4862,4095.0,9,0,2,0,1.0,0
0.48,43,0,0.357,7317.0,4,0,3,0,0.0,0
0.3436,49,0,0.4013,7874.0,13,0,2,0,1.0,0
0.8491,52,0,0.5275,3469.0,4,0,0,0,3.0,0
1.2991,39,0,0.3902,4459.0,10,0,2,0,1.0,0
0.2481,69,0,0.4892,13576.0,11,1,0,0,0.0,0
0.4215,43,0,0.572,4155.0,8,0,3,0,1.0,0
0.1777,53,0,0.6903,2207.0,12,0,1,0,0.0,0
0.7457,76,0,0.2282,11069.0,9,0,3,0,0.0,0
1.2688,49,0,0.5651,7048.0,6,0,0,0,1.0,0
0.1801,82,0,0.3179,2237.0,8,0,2,0,0.0,0
2.7315,58,0,0.4574,3501.0,8,0,1,0,2.0,0
0.4764,44,0,0.2064,3511.0,10,0,2,0,2.0,1
0.0211,48,0,0.7619,2983.0,7,0,2,0,2.0,0
0.2839,43,1,0.2747,11582.0,11,1,1,2,0.0,0
1.7579,30,0,0.8246,,10,0,0,0,0.0,0
0.5564,21,0,0.787,,6,0,1,0,0.0,1
0.227,39,0,0.4628,8492.0,12,0,0,0,1.0,0
0.0023,22,0,0.2041,,5,0,1,0,1.0,0
1.2235,37,0,0.2349,1501.0,5,0,2,0,0.0,0
0.096,68,0,0.9639,1705.0,10,0,2,0,3.0,0
0.5277,45,1,0.08,3853.0,8,0,1,0,0.0,0
0.5162,75,0,0.3707,,3,0,0,0,1.0,0
0.3372,44,0,0.3603,5961.0,9,0,1,0,0.0,0
0.1943,64,0,0.5725,8727.0,7,0,0,0,,0
0.2558,50,0,1.1823,4220.0,8,0,0,0,3.0,0
0.3197,46,0,0.1324,,11,0,1,0,0.0,0
0.1919,72,0,0.3107,5475.0,8,0,2,0,1.0,0
0.4639,83,0,0.567,3512.0,6,0,1,0,0.0,1
1.355,46,1,0.683,4491.0,5,1,1,0,0.0,0
0.292,36,0,0.0913,3392.0,9,0,0,0,2.0,0
0.6314,51,0,0.9987,3063.0,8,0,2,0,0.0,0
0.8129,57,0,0.7941,6457.0,10,0,1,0,1.0,0
0.3107,60,0,0.2718,4425.0,8,0,2,0,1.0,0
0.335,54,0,0.9964,11365.0,8,0,1,0,2.0,0
0.4025,40,0,0.5519,1031.0,7,0,1,0,1.0,0
0.7898,80,0,0.3675,3628.0,0,0,0,0,0.0,0
0.0363,40,0,0.1715,2462.0,13,0,1,0,1.0,0
0.0971,49,0,0.4074,,5,0,2,0,1.0,0
0.2901,68,0,0.2796,,8,0,0,0,0.0,0
0.0651,37,0,0.2684,4625.0,5,0,1,0,1.0,0
0.2933,52,0,0.663,7563.0,9,0,2,0,0.0,0
0.4715,60,0,0.305,6497.0,8,0,0,0,1.0,0
0.693,55,0,0.0364,3611.0,8,0,2,0,0.0,0
0.1805,59,0,0.9604,3134.0,6,0,2,0,1.0,0
1.284,48,0,0.9902,,10,0,1,0,0.0,1
0.7872,56,0,0.0378,3161.0,5,0,4,0,2.0,0
1.1278,42,0,0.3612,2455.0,2,0,1,0,1.0,0
1.16,28,0,0.6329,2884.0,6,0,2,0,1.0,0
0.5024,42,0,0.5703,,7,0,1,0,0.0,1
4.533,52,0,0.1867,4137.0,12,0,1,0,0.0,0
0.0884,60,1,1.0683,6566.0,7,1,0,0,0.0,0
0.2004,69,0,0.6272,16507.0,10,0,0,0,0.0,0
0.6821,74,0,1.0261,8348.0,7,0,1,0,1.0,0
0.5793,31,0,0.7066,3151.0,8,0,3,0,0.0,0
0.4168,38,0,0.4997,3839.0,6,0,0,0,1.0,0
0.5983,45,0,0.0925,4191.0,9,0,1,0,1.0,0
0.4747,56,0,0.7843,7893.0,6,0,1,0,0.0,0
3.3002,51,0,0.5612,7451.0,11,0,1,0,2.0,0
0.4514,62,0,0.5016,,10,0,0,0,4.0,0
0.0622,57,0,0.2602,7994.0,7,0,0,0,2.0,0
0.525,62,0,0.4077,6120.0,5,0,2,0,1.0,0
3.7228,32,1,0.627,5900.0,8,1,3,0,0.0,0
0.6066,53,0,0.3996,4324.0,2,0,1,0,0.0,0
0.1587,55,0,0.5801,2671.0,12,0,1,0,0.0,0
0.5083,55,0,0.0866,5252.0,7,0,1,0,0.0,0
9.5093,51,0,0.2214,,11,0,1,0,0.0,0
0.8889,75,0,0.3202,,13,0,1,0,0.0,0
0.3459,52,0,0.8657,7676.0,4,0,1,0,0.0,0
0.1113,36,0,0.3945,1884.0,9,0,0,0,0.0,0
2.2156,36,1,0.2386,3768.0,6,0,1,0,1.0,0
0.6061,44,0,1.2111,6724.0,7,0,1,0,1.0,0
0.3858,36,0,0.4859,9179.0,6,0,0,0,0.0,0
0.1834,76,0,0.3733,15994.0,8,0,2,0,1.0,0
0.0255,73,0,0.4057,8735.0,4,0,1,0,1.0,0
0.2224,44,0,0.0068,4368.0,3,0,0,0,1.0,0
0.1501,58,0,0.5926,2266.0,4,0,0,0,0.0,0
0.3961,47,0,0.1345,4555.0,8,0,1,0,0.0,0
0.6708,49,0,0.3989,1676.0,6,0,2,0,0.0,0
0.1046,43,1,0.062,1556.0,7,0,0,0,0.0,0
0.4145,60,0,0.3825,5653.0,8,0,0,0,1.0,0
0.5637,50,0,0.4379,4772.0,7,0,0,0,0.0,0
0.0571,47,0,0.2807,23325.0,5,0,0,0,0.0,0
0.271,46,0,0.6121,1905.0,12,0,2,0,0.0,0
0.0751,67,0,0.1227,8342.0,7,0,2,0,1.0,0
0.945,40,0,0.2697,3910.0,7,0,1,0,1.0,0
0.1451,44,0,0.7747,4459.0,13,0,2,0,1.0,0
0.2952,43,0,0.2593,3058.0,13,0,1,0,1.0,0
3.5562,62,0,0.8273,7391.0,8,0,1,0,0.0,0
0.3302,75,0,0.0417,4655.0,7,0,1,0,1.0,0
0.0433,42,0,0.3745,8678.0,5,0,1,0,0.0,0
0.1154,72,0,0.8156,6966.0,7,0,0,0,2.0,0
3.0219,68,0,0.7833,,3,0,0,0,2.0,0
0.6724,38,0,0.7193,14793.0,7,0,0,0,1.0,0
0.4293,55,0,0.5201,8701.0,11,0,1,0,2.0,0
0.5319,36,0,0.7442,2840.0,6,0,3,0,2.0,0
0.1694,47,0,0.4313,4006.0,13,0,3,0,3.0,0
0.1995,32,0,0.6785,,15,0,0,0,1.0,0
0.259,46,0,0.2051,3649.0,8,0,1,0,1.0,0
0.3625,48,0,0.7688,1751.0,12,0,3,0,1.0,0
0.2659,38,0,1.037,2805.0,12,0,1,0,0.0,0
0.0016,58,0,0.6199,5650.0,5,0,1,0,4.0,0
0.173,68,0,0.6311,6363.0,8,0,1,0,1.0,0
0.2788,59,0,0.8747,,9,0,1,0,1.0,0
0.5582,34,0,0.6371,4595.0,9,0,0,0,0.0,0
0.0228,69,0,0.6656,10873.0,6,0,1,0,0.0,0
0.6072,55,1,0.5951,5352.0,4,0,0,0,1.0,0
0.3473,40,0,0.0879,10781.0,8,0,2,0,0.0,0
0.3912,49,0,0.3493,3335.0,4,0,0,0,,0
0.247,70,0,0.9264,8241.0,10,0,1,0,0.0,0
0.0202,52,0,0.2746,4645.0,7,0,0,0,0.0,0
0.8473,44,0,0.3036,8674.0,3,0,1,0,1.0,0
0.5982,50,0,0.9971,5713.0,7,0,2,0,1.0,0
0.5945,33,0,0.0779,3512.0,4,0,2,0,0.0,0
0.2768,40,0,0.584,,8,0,1,0,1.0,0
0.3355,61,0,0.4404,2654.0,13,0,2,0,0.0,0
0.5121,50,0,0.4414,12455.0,1,0,0,0,1.0,0
1.157,47,0,0.3104,2314.0,12,0,1,0,0.0,0
0.3718,51,1,0.0856,6626.0,6,0,3,1,2.0,0
0.2199,62,0,0.2594,14332.0,7,0,1,0,,0
0.2978,89,0,0.7505,4707.0,8,0,2,0,0.0,0
0.1143,21,0,0.6139,,1,0,0,0,0.0,0
0.2346,51,0,0.3564,,5,0,2,0,1.0,0
0.109,47,0,0.5747,18680.0,8,0,1,0,0.0,0
0.4831,69,0,0.5449,13552.0,9,0,0,0,0.0,0
1.3757,50,0,0.8074,8787.0,10,0,2,0,0.0,0
0.3345,45,0,0.4053,,9,0,2,0,2.0,0
0.5059,48,0,0.1375,4312.0,4,0,2,0,0.0,0
0.6678,72,0,0.1604,4616.0,7,0,1,0,1.0,0
0.1897,27,2,0.1208,2833.0,9,1,1,1,1.0,0
0.2915,55,0,0.2681,11846.0,9,0,0,0,1.0,0
0.2461,57,0,0.2153,4049.0,8,0,1,0,1.0,0
0.1429,75,0,0.6095,6513.0,7,0,1,0,1.0,0
0.1756,34,0,0.3489,7272.0,9,0,0,0,1.0,0
0.6675,44,0,0.3675,1874.0,6,0,0,0,1.0,0
0.3099,58,0,0.3497,4338.0,10,0,1,0,4.0,0
0.0271,46,0,0.2988,,6,0,2,0,0.0,0
0.0068,29,0,0.578,8303.0,6,0,2,0,1.0,0
0.2133,65,0,0.1008,2540.0,3,0,3,0,0.0,0
0.2534,52,0,0.5926,13973.0,8,0,2,0,2.0,0
0.1514,40,0,0.4511,3196.0,10,0,0,0,1.0,0
1.6545,37,0,0.7502,5311.0,11,0,1,0,1.0,1
0.7548,56,0,0.5376,2962.0,8,0,0,0,3.0,0
0.1932,34,0,0.1514,15708.0,8,0,1,0,1.0,0
0.2008,57,0,0.8687,3545.0,5,0,1,0,2.0,0
0.4199,94,0,0.3987,18583.0,5,0,1,0,0.0,0
1.9378,35,1,0.1606,,6,2,2,1,0.0,0
0.0217,76,0,0.3475,3948.0,7,0,0,0,4.0,0
4.2789,69,0,0.1856,4162.0,13,0,1,0,1.0,0
0.1915,44,0,0.4215,5567.0,13,0,0,0,1.0,0
0.1835,47,0,0.6537,,9,0,0,0,0.0,0
0.9349,45,0,0.5552,7216.0,3,0,2,0,0.0,0
0.4798,57,0,0.5483,7387.0,8,0,4,0,1.0,0
0.966,53,0,0.5747,10562.0,11,0,2,0,1.0,0
0.4838,47,0,0.1992,6435.0,5,0,2,0,0.0,0
0.5287,42,0,0.9175,11015.0,10,0,2,0,,0
0.1551,42,0,0.3278,6174.0,4,0,1,0,0.0,0
0.0914,64,0,0.4724,5813.0,11,0,1,0,0.0,0
0.2262,38,0,0.2247,4825.0,4,0,1,0,0.0,0
0.2612,43,0,0.2144,16440.0,15,0,0,0,2.0,0
0.2263,63,0,0.882,9182.0,9,0,3,0,0.0,0
0.6296,46,0,0.3301,9881.0,6,0,1,0,2.0,0
0.5073,42,0,0.4935,,10,0,2,0,,1
2.7582,46,0,0.2633,5170.0,9,0,0,0,2.0,0
2.9678,78,0,0.2137,17242.0,11,0,1,0,0.0,0
0.1516,38,0,0.4961,,6,0,0,0,0.0,0
0.1909,69,0,0.4096,,8,0,0,1,2.0,0
2.4195,43,0,0.2072,2987.0,8,0,0,0,1.0,0
1.19,57,1,0.2381,4771.0,14,2,2,0,1.0,0
0.259,44,0,0.124,15893.0,9,0,2,0,1.0,0
0.2736,64,0,0.2939,,5,0,1,0,0.0,0
0.0689,33,0,0.9159,6252.0,6,0,0,0,1.0,0
1.6642,40,0,0.5686,2488.0,10,0,0,0,1.0,1
0.127,43,0,0.4341,,8,0,1,0,1.0,0
0.1805,56,0,0.0717,,10,0,1,0,2.0,0
1.769,52,0,0.2318,2747.0,6,0,0,0,2.0,0
5.3865,28,0,0.3415,5055.0,6,0,0,0,1.0,0
0.3767,37,0,0.1658,10834.0,12,0,2,0,0.0,0
0.2461,76,0,0.581,14056.0,7,0,3,0,0.0,0
0.0474,52,0,0.6272,3660.0,10,0,2,0,0.0,0
0.0486,23,0,0.5165,5238.0,8,0,0,0,2.0,0
0.9568,60,0,0.612,4364.0,9,0,2,0,0.0,0
0.4922,53,0,0.8062,,8,0,0,0,0.0,0
0.1113,57,1,0.5315,4123.0,12,2,4,0,1.0,0
0.6444,59,0,0.9152,3357.0,9,0,1,0,0.0,0
0.4428,38,0,0.1785,,7,0,2,0,2.0,0
0.6644,58,0,1.1652,,11,0,3,0,2.0,0
0.9531,64,0,0.0973,2852.0,9,0,0,0,0.0,0
0.3161,48,0,0.2462,1498.0,8,0,4,0,0.0,0
0.1377,69,0,0.3352,,5,0,2,0,1.0,0
1.098,28,0,0.1898,4951.0,6,0,1,0,2.0,0
2.0157,61,0,0.7312,9397.0,7,0,2,0,,0
0.6756,37,0,0.8527,5365.0,9,0,0,0,0.0,0
0.5131,21,0,0.1187,5262.0,6,0,0,0,2.0,1
0.6213,34,0,0.322,7335.0,12,0,0,0,2.0,0
1.0748,26,2,0.3112,5426.0,10,0,3,0,0.0,0
0.1162,72,0,0.7526,3188.0,6,0,2,0,1.0,0
1.3082,41,0,0.4638,,4,0,0,0,1.0,0
0.3704,58,0,0.4019,5442.0,7,0,0,0,0.0,0
0.2361,44,0,0.6543,,8,0,2,0,1.0,0
0.8691,75,0,0.0626,,11,0,0,0,1.0,0
0.2343,44,0,0.2246,,7,0,1,0,0.0,0
0.3028,56,0,0.4277,,10,0,1,0,0.0,0
0.1201,41,0,0.5661,14714.0,12,0,1,0,1.0,0
0.48,62,0,0.5695,,4,0,0,0,0.0,0
14.1447,49,0,0.4092,1020.0,7,0,1,0,2.0,0
0.243,60,0,0.3291,9864.0,13,0,2,0,0.0,1
0.341,30,0,0.6501,3917.0,8,0,1,0,1.0,0
0.0172,58,0,0.4616,3567.0,4,0,2,0,0.0,0
0.0071,53,0,0.5587,15814.0,14,0,1,0,0.0,0
0.0895,29,0,0.7603,11429.0,8,0,3,0,0.0,0
4.718,23,0,0.2223,,7,0,3,0,0.0,0
0.5485,71,0,0.8603,3699.0,11,0,3,0,1.0,0
0.3903,59,0,1.2618,4448.0,3,0,1,0,0.0,0
0.7471,59,0,0.4302,,11,0,1,0,0.0,0
0.1822,74,0,0.7641,3344.0,8,0,0,0,2.0,0
0.6959,64,0,0.6724,7959.0,10,0,1,0,2.0,0
0.521,71,0,0.2796,7120.0,11,0,0,0,0.0,0
0.3695,36,0,0.733,4403.0,8,0,1,0,1.0,0
0.1211,52,0,0.7439,7494.0,8,0,2,0,0.0,0
0.7678,89,0,0.8337,7963.0,8,0,2,0,0.0,0
3.4783,61,0,0.6267,8003.0,10,0,1,0,1.0,0
0.5601,21,0,0.3489,,11,0,1,0,0.0,0
0.4883,55,1,0.293,6369.0,5,0,2,0,3.0,0
5.9477,44,0,1.2584,,14,0,1,0,0.0,1
0.0432,39,0,0.5608,,4,0,0,0,1.0,0
1.2127,68,3,0.981,,6,0,1,0,0.0,0
0.0202,45,0,0.7923,22875.0,7,0,1,0,0.0,0
4.0147,56,0,0.563,7113.0,7,0,0,0,1.0,0
0.3514,42,0,0.621,3149.0,10,0,2,0,1.0,0
0.2866,56,2,0.0356,11923.0,8,0,1,0,1.0,1
0.2895,61,0,0.891,,15,0,0,0,1.0,0
1.103,56,0,0.1824,7625.0,10,0,1,0,3.0,0
2.0938,47,0,0.7303,3992.0,11,0,0,0,0.0,0
0.0633,56,0,0.3445,,3,0,2,0,1.0,0
1.1335,80,0,0.0887,3064.0,3,0,0,0,0.0,0
0.4115,65,0,0.508,7353.0,8,0,0,0,1.0,0
0.0348,48,0,0.8117,,9,0,1,0,0.0,0
0.5925,37,0,0.3343,,7,0,0,0,1.0,0
0.5119,27,0,0.3555,2428.0,12,0,1,0,1.0,0
0.0312,29,0,0.61,2145.0,8,0,0,0,1.0,0
0.0411,28,0,0.7863,3114.0,6,0,1,0,1.0,0
0.5329,29,0,1.1731,6977.0,7,0,2,0,0.0,0
0.5899,58,0,0.2167,4776.0,8,0,0,0,0.0,0
0.2699,66,0,0.1345,5107.0,10,0,1,0,1.0,0
0.1346,45,0,0.5684,9279.0,5,0,0,0,3.0,0
0.029,53,0,0.3201,4778.0,15,0,0,0,1.0,0
1.0905,62,0,0.8224,22910.0,6,0,1,0,2.0,0
0.1993,60,0,0.5267,11794.0,13,0,3,0,1.0,0
0.7534,58,2,0.3468,6708.0,5,0,1,0,1.0,0
0.6325,67,0,0.3226,10326.0,9,0,2,0,1.0,0
0.3748,60,0,0.3538,6127.0,5,0,0,0,0.0,0
0.731,40,0,0.561,,3,0,2,0,2.0,0
1.0421,56,0,0.6065,12132.0,5,0,2,0,2.0,0
1.9939,78,0,0.1748,5582.0,6,0,2,0,1.0,0
1.5588,49,1,0.024,10070.0,3,0,2,0,0.0,0
0.2194,62,0,0.2356,5003.0,3,0,2,0,0.0,0
0.0923,79,0,1.2193,17909.0,3,0,0,0,0.0,0
1.155,45,0,0.2794,6907.0,14,0,1,0,0.0,0
0.412,34,0,0.2611,3597.0,6,0,0,0,0.0,0
0.2477,52,0,0.2444,4883.0,9,0,2,0,2.0,0
0.6157,44,0,0.5585,6007.0,8,0,1,0,1.0,0
0.3452,53,0,0.3279,,8,0,1,0,1.0,0
0.3789,35,0,0.1202,5541.0,9,0,0,0,0.0,0
0.2549,36,0,0.3146,5606.0,3,0,1,0,0.0,0
0.4348,50,1,0.4701,10028.0,9,1,1,0,0.0,0
0.4045,45,1,0.1087,3279.0,11,1,2,0,1.0,0
0.3801,74,0,0.6323,,6,0,3,0,3.0,0
0.1277,42,0,0.3149,2453.0,9,0,0,0,0.0,0
0.7478,46,0,0.3308,,7,0,0,0,1.0,0
0.5216,59,0,0.7029,,8,0,1,0,0.0,0
0.409,89,0,0.2694,12414.0,13,0,0,0,1.0,0
0.4635,49,0,0.5711,3365.0,11,0,2,0,1.0,0
0.1057,66,0,0.5849,,8,0,0,0,0.0,0
0.3901,46,0,0.6587,5107.0,4,0,1,0,0.0,0
0.317,34,0,0.4662,2033.0,10,0,0,0,2.0,0
0.4102,41,0,0.0923,10238.0,6,0,1,0,0.0,0
0.3156,48,0,0.4,,12,0,1,0,2.0,0
0.4707,76,0,0.5936,9798.0,10,0,1,0,0.0,0
0.5941,64,0,0.2102,,6,0,3,0,1.0,0
0.5642,63,0,0.7085,,7,0,1,0,0.0,0
0.1935,46,0,0.1641,9416.0,9,0,1,0,1.0,0
0.5834,44,0,0.8429,7058.0,9,0,1,0,0.0,0
0.2112,39,0,0.102,8118.0,7,0,0,0,0.0,1
0.413,63,0,0.261,1560.0,4,0,0,0,0.0,0
0.3364,66,0,0.225,,3,0,0,0,1.0,0
0.5353,65,0,0.4589,,8,0,2,1,2.0,0
1.1089,34,0,0.7851,,11,0,1,0,2.0,0
0.1732,40,0,0.642,,3,0,0,0,1.0,0
0.0209,81,0,0.176,1601.0,11,0,0,0,3.0,0
0.778,62,0,0.3155,9036.0,9,0,1,0,0.0,0
0.3346,67,0,0.7513,2162.0,12,0,1,0,1.0,0
0.1969,50,0,0.7324,2914.0,7,0,1,0,0.0,0
0.1251,64,0,0.6585,4968.0,12,0,1,0,4.0,0
0.4305,46,0,0.6954,2786.0,6,0,1,0,,0
0.1194,61,0,0.4353,10266.0,11,0,3,0,2.0,0
0.418,51,0,0.541,6435.0,9,0,3,0,1.0,0
0.4899,51,0,0.332,,10,0,2,0,1.0,0
0.4223,52,0,0.9407,2624.0,9,0,2,0,1.0,0
0.4414,21,0,0.6258,,8,0,0,0,0.0,1
0.0777,35,0,0.3856,17189.0,8,0,1,0,,0
0.1635,68,0,0.4353,31396.0,6,0,1,0,1.0,0
0.2124,61,0,0.4712,1918.0,6,0,1,0,1.0,0
0.5343,60,0,0.579,12927.0,9,0,1,0,0.0,0
0.543,33,0,0.449,13433.0,8,0,1,0,0.0,0
0.0576,45,0,0.4346,6257.0,11,0,0,0,1.0,0
0.6083,68,1,0.9417,8601.0,11,0,3,0,1.0,0
1.1274,32,0,0.6051,6130.0,11,0,2,0,,0
0.0467,42,2,0.5398,7841.0,6,0,1,1,0.0,0
0.0058,31,0,0.5301,7442.0,5,0,1,0,,0
0.8118,60,0,0.5549,8514.0,10,0,1,0,1.0,0
0.2391,42,0,0.2804,,6,0,0,0,1.0,0
0.5202,69,0,0.5639,13234.0,9,0,0,0,0.0,0
0.382,54,0,0.1051,3207.0,13,0,3,0,0.0,0
0.4879,57,0,0.2619,6382.0,8,0,1,0,1.0,0
0.0336,59,0,0.2507,6420.0,11,0,0,0,0.0,0
0.391,73,0,1.0294,6828.0,4,0,2,0,1.0,0
0.2268,61,0,0.6128,3790.0,6,0,1,0,1.0,0
0.2036,68,0,0.8061,3147.0,4,0,2,0,3.0,0
6.4538,43,0,0.1358,9611.0,10,0,0,0,0.0,0
0.274,42,0,0.9198,3641.0,13,0,1,0,0.0,0
1.7304,31,0,0.3782,4747.0,4,0,1,0,2.0,0
0.0026,59,0,0.7356,2838.0,10,0,2,0,1.0,0
0.1964,46,0,0.5434,4111.0,4,0,2,0,1.0,0
0.2279,50,0,0.3206,921.0,8,0,1,0,1.0,0
0.0318,52,0,0.7921,2916.0,7,0,1,0,1.0,0
0.6943,59,0,0.107,1772.0,9,0,3,0,2.0,0
0.0195,44,0,0.3336,3218.0,10,0,3,0,0.0,0
3.4294,57,0,1.275,,8,0,1,0,1.0,0
0.3524,35,0,0.4028,2482.0,15,0,0,0,0.0,0
2.1686,69,0,0.7283,,4,0,2,0,1.0,1
0.0069,21,0,0.3149,6170.0,10,0,3,0,1.0,0
0.6602,37,0,0.6382,3650.0,6,0,0,0,0.0,0
1.9115,61,0,0.6443,8078.0,8,0,1,0,4.0,0
0.022,60,0,0.2174,,6,0,0,0,0.0,0
0.303,61,0,0.2031,4665.0,6,0,1,0,0.0,0
0.1586,34,2,0.2828,1719.0,5,0,0,0,1.0,0
0.3255,21,0,0.1365,10001.0,5,0,1,0,0.0,1
0.3247,71,0,0.539,11991.0,9,0,1,0,,0
0.5014,52,0,0.1213,6043.0,8,0,1,0,1.0,0
0.0969,60,0,0.8483,4881.0,9,0,0,0,0.0,0
0.4514,40,0,1.1375,5018.0,7,0,1,0,1.0,0
0.4478,52,0,0.1733,,10,0,1,0,0.0,0
0.2956,29,0,0.7867,3364.0,13,0,1,0,1.0,0
0.0306,48,0,0.7352,2564.0,7,0,0,0,0.0,0
1.2307,64,0,0.3863,9389.0,10,0,3,0,0.0,0
0.2005,22,0,0.2847,3029.0,5,0,1,0,2.0,0
0.4347,83,0,0.627,8363.0,6,0,1,0,2.0,0
0.108,33,0,0.2763,3437.0,9,0,1,0,1.0,0
4.679,43,0,0.0278,9007.0,13,0,3,0,2.0,0
0.7814,47,0,0.3062,,9,0,1,0,0.0,0
0.1336,82,0,0.2567,3586.0,14,0,0,0,1.0,0
0.2145,49,0,0.4308,1430.0,5,0,1,0,2.0,0
0.3162,60,0,0.1972,10718.0,9,0,2,0,2.0,0
0.0817,36,0,0.6257,7424.0,7,0,1,0,1.0,0
0.4775,44,0,0.1792,15576.0,9,0,2,0,1.0,1
4.5206,53,0,0.1685,5867.0,6,0,0,0,1.0,0
0.14,26,0,0.125,5283.0,11,0,2,0,1.0,0
0.0421,35,0,0.5166,5028.0,13,0,1,0,1.0,0
0.4722,44,0,0.5554,,9,0,0,0,,0
0.3382,59,0,0.5604,4953.0,6,0,1,0,1.0,0
0.1643,51,0,0.3992,2935.0,9,0,3,0,0.0,0
0.2681,62,0,0.7182,2741.0,7,0,0,0,0.0,0
1.2678,40,0,0.5032,2210.0,12,0,0,0,1.0,0
0.2326,70,0,0.0741,2259.0,4,0,0,0,3.0,0
0.335,61,0,0.7197,1237.0,6,0,1,0,2.0,0
0.3897,47,0,0.1685,6441.0,9,0,1,0,1.0,0
0.152,45,0,0.5408,4959.0,4,0,1,0,1.0,0
0.7867,45,0,0.1722,3996.0,9,0,0,0,0.0,0
0.3654,39,0,0.5968,5548.0,7,0,0,0,1.0,0
0.2294,45,0,0.1653,2250.0,13,0,1,0,1.0,0
0.988,51,2,0.9042,1437.0,7,0,1,2,0.0,0
0.4985,55,0,0.3075,5257.0,8,0,0,0,1.0,0
2.2916,64,0,0.3865,3332.0,6,0,1,0,0.0,0
0.2949,55,0,0.1769,3836.0,6,0,2,0,0.0,0
0.1322,33,0,0.0314,1670.0,10,0,2,0,2.0,0
0.0756,50,0,0.2772,6323.0,9,0,1,0,0.0,0
1.6232,62,0,0.3436,,6,0,1,0,0.0,0
0.227,78,0,0.838,4594.0,9,0,2,0,2.0,0
0.7286,51,0,0.4565,2317.0,7,0,2,0,0.0,0
7.4849,51,0,0.747,12895.0,7,0,0,0,1.0,0
0.0642,50,0,0.3957,15195.0,6,0,0,0,0.0,0
2.4228,55,0,0.3947,,3,0,0,0,0.0,0
0.1347,41,0,0.639,1430.0,9,0,1,0,1.0,0
0.1466,65,0,0.0621,9730.0,9,0,0,0,1.0,0
2.4494,55,0,0.8378,9944.0,9,0,0,0,1.0,0
0.7975,84,0,0.1787,18240.0,10,0,2,0,2.0,1
0.7679,51,0,0.8372,,10,0,0,0,0.0,0
0.6413,63,0,0.7921,7964.0,9,0,1,0,1.0,0
0.4975,46,0,0.2846,1247.0,11,0,1,0,0.0,0
0.7341,56,0,1.0603,8513.0,10,0,1,0,0.0,0
0.8153,60,0,0.2387,12806.0,11,0,1,0,0.0,0
0.1514,78,0,0.6439,6071.0,7,0,0,0,0.0,0
0.147,47,0,0.5524,10257.0,9,0,1,0,2.0,0
0.377,46,0,0.6543,,8,0,1,0,1.0,0
0.2483,52,0,0.5333,4195.0,7,0,0,0,0.0,0
0.0882,28,0,0.7077,5804.0,11,0,0,0,4.0,0
0.0631,64,0,0.5004,4236.0,8,0,2,0,0.0,0
0.3702,51,0,0.8604,7206.0,6,0,0,0,1.0,0
0.2515,58,0,1.1481,,7,0,0,0,0.0,0
0.1384,45,0,0.5423,3158.0,9,0,2,0,1.0,0
0.2337,51,0,0.2237,,6,0,1,0,1.0,0
0.3176,61,0,0.487,3065.0,6,0,0,0,3.0,0
0.2806,59,0,0.0748,4215.0,8,0,1,0,0.0,0
0.3766,38,0,0.4208,11660.0,12,0,1,0,2.0,0
1.9665,64,0,0.9931,5527.0,7,0,0,0,2.0,0
0.0127,55,0,0.4569,8117.0,2,0,1,0,,0
0.056,48,0,0.5616,3007.0,5,0,0,0,1.0,0
3.5656,46,0,0.5152,,13,0,0,0,1.0,1
0.2507,60,0,0.164,10715.0,9,0,1,0,2.0,0
0.1394,37,0,0.4426,,8,0,0,0,0.0,0
0.0455,36,0,0.0459,4659.0,7,0,1,0,1.0,0
0.3763,67,0,0.4062,7588.0,6,0,1,0,0.0,0
7.5861,56,0,0.9125,5421.0,8,0,3,0,1.0,0
1.072,59,0,0.3579,13718.0,6,0,1,0,1.0,0
0.3456,49,0,0.8383,2875.0,5,0,0,0,0.0,0
0.3383,60,0,0.4415,4225.0,11,0,1,0,1.0,0
0.0354,42,0,0.3769,,6,0,2,0,1.0,0
0.9347,58,0,0.3639,,11,0,0,0,0.0,0
0.0468,37,0,0.8161,4386.0,8,0,1,0,,0
0.0661,67,0,0.0965,3263.0,10,0,0,0,0.0,0
0.162,65,0,0.3619,8890.0,6,0,1,0,0.0,0
0.7076,48,0,0.5468,,5,0,1,0,1.0,0
0.6096,45,0,0.1402,4104.0,4,0,1,0,2.0,0
0.4397,60,0,0.599,10326.0,7,0,1,0,1.0,0
0.2885,38,0,0.8042,,11,0,3,0,0.0,0
0.627,43,0,0.1144,,8,0,1,0,,0
5.7196,68,0,0.5558,8212.0,9,0,4,0,0.0,0
0.5281,48,0,0.1805,5648.0,12,0,1,0,2.0,0
0.5645,56,0,0.617,13505.0,11,0,0,0,,0
0.2664,33,0,0.413,3673.0,6,0,0,0,2.0,0
0.5557,59,0,0.0668,4690.0,6,0,1,0,0.0,0
0.7276,73,0,0.2918,13717.0,10,0,0,0,0.0,0
0.101,56,1,0.6032,2623.0,10,2,1,0,1.0,0
0.7302,70,0,0.8639,,9,0,1,0,2.0,1
0.3423,43,0,0.0982,,13,0,3,0,1.0,0
0.239,83,0,0.9125,,5,0,0,0,1.0,0
0.4623,51,0,0.0564,,12,0,0,0,4.0,0
2.4466,39,0,0.2408,6809.0,10,0,1,0,2.0,0
0.3974,29,0,0.3239,9300.0,8,0,1,0,0.0,0
0.0826,62,0,0.2744,2759.0,6,0,0,0,0.0,0
0.4417,68,0,0.0624,3702.0,6,0,2,0,,0
0.1242,27,0,1.0102,4730.0,6,0,0,0,0.0,0
0.3844,60,0,0.263,6435.0,4,0,1,0,0.0,0
0.2585,49,0,0.8448,17333.0,13,0,0,0,1.0,0
0.0019,67,0,0.6447,3847.0,6,0,1,0,0.0,0
0.7993,42,0,0.6046,10384.0,7,0,2,0,0.0,0
0.2873,62,0,0.9258,2464.0,13,0,0,0,0.0,0
0.0225,79,0,0.427,9060.0,7,0,1,0,0.0,0
0.1202,44,0,0.4813,,13,0,0,0,1.0,0
0.6173,40,0,0.3964,,8,0,3,0,1.0,0
0.3921,79,0,0.8873,6978.0,9,0,1,0,0.0,0
0.0511,53,0,0.0703,,6,0,2,0,0.0,0
0.8153,50,0,0.316,9760.0,10,0,1,0,2.0,1
0.2648,43,0,0.8149,14562.0,9,0,0,0,2.0,0
0.1788,69,0,0.1005,6931.0,8,0,1,0,0.0,0
0.1917,49,0,0.3483,2518.0,13,0,1,0,0.0,0
0.7074,50,2,0.3001,5262.0,10,0,0,0,2.0,0
0.0596,45,0,0.7229,,7,0,0,0,0.0,0
0.1105,53,0,0.2463,9067.0,2,0,0,0,0.0,0
4.8839,57,0,0.2951,7470.0,14,0,1,0,1.0,0
0.3411,69,0,0.5793,9947.0,11,0,3,0,0.0,0
0.5279,36,0,0.3941,3026.0,8,0,1,0,0.0,0
0.2933,46,0,0.5026,2571.0,9,0,3,0,1.0,0
0.1583,77,0,0.6027,6622.0,10,0,0,0,0.0,0
5.7515,54,0,0.0864,8409.0,8,0,1,0,0.0,0
0.63,61,0,0.3706,9414.0,7,0,2,0,1.0,0
0.1358,48,0,0.2772,6544.0,3,0,1,0,0.0,0
0.3201,48,0,0.6037,7243.0,11,0,1,0,1.0,0
0.1822,64,0,0.5067,2004.0,5,0,3,0,0.0,0
0.1185,48,0,0.3868,10889.0,9,0,3,0,0.0,0
0.3864,62,0,0.7654,4363.0,8,0,1,0,2.0,0
0.245,67,0,0.3803,35247.0,11,0,0,0,0.0,0
1.1619,31,0,0.8131,13440.0,8,0,0,0,2.0,0
0.0397,53,0,0.2451,6311.0,9,0,1,0,3.0,0
0.0564,51,0,0.6436,,5,0,2,0,0.0,0
0.8215,60,0,0.3253,3870.0,13,0,0,0,1.0,0
0.3654,69,0,0.0428,7389.0,2,0,2,0,2.0,0
0.2609,46,0,0.1589,4697.0,11,0,1,0,0.0,0
0.4708,65,0,0.3574,2896.0,5,0,0,0,0.0,1
1.9049,65,2,1.2058,14388.0,4,0,1,0,1.0,0
0.0093,54,0,0.6262,12916.0,5,0,0,0,1.0,0
1.1233,56,0,0.3257,6316.0,5,0,1,0,3.0,0
0.6411,49,0,0.7354,3469.0,7,0,4,0,1.0,0
0.315,41,0,0.4575,13693.0,7,0,0,0,0.0,0
0.2112,62,0,0.6346,,5,0,0,0,3.0,0
0.1723,56,0,0.1831,5602.0,8,0,1,0,0.0,0
0.43,56,0,0.2355,30801.0,8,0,3,0,0.0,0
7.1757,70,0,0.3334,4080.0,15,0,0,0,2.0,1
0.6169,43,0,0.6705,4972.0,5,0,0,0,1.0,0
2.7988,48,0,0.7425,,12,0,0,0,0.0,0
2.0465,21,0,0.5027,6924.0,10,0,0,0,2.0,0
2.126,59,0,0.0738,,11,0,0,0,1.0,0
1.0308,38,0,0.7586,9755.0,8,0,0,0,1.0,0
0.9325,54,0,0.2941,2949.0,6,0,0,0,1.0,0
0.4031,30,0,0.5146,,7,0,2,0,1.0,0
0.3697,54,0,0.2289,6192.0,9,0,1,0,0.0,0
0.3959,55,0,0.2357,8202.0,13,0,0,0,0.0,0
2.1842,50,0,0.3596,8248.0,7,0,1,1,2.0,0
0.4766,49,0,0.3895,5895.0,5,0,1,0,0.0,0
0.2859,43,1,0.5538,,9,1,1,1,0.0,0
0.1845,72,1,0.3442,,7,0,0,0,1.0,0
0.5379,38,3,0.417,8292.0,18,0,0,0,0.0,0
0.356,76,0,0.4089,7979.0,10,0,3,0,0.0,0
0.4744,48,0,0.6139,3477.0,7,0,3,0,1.0,0
0.678,73,0,0.5658,2402.0,10,0,1,0,1.0,0
3.0104,53,2,0.2558,5926.0,4,0,1,0,0.0,0
0.4393,64,0,0.4639,5246.0,10,0,0,0,0.0,0
0.9881,36,0,0.5585,3637.0,14,0,2,0,2.0,0
1.2354,28,0,0.1478,,7,0,1,0,1.0,0
3.8062,71,0,0.0862,4317.0,11,0,2,0,1.0,0
0.0502,73,0,1.6861,13649.0,10,0,0,0,1.0,0
1.3641,41,0,0.029,,12,0,0,0,0.0,0
0.027,77,0,0.1625,18814.0,6,0,1,0,1.0,0
0.5818,25,0,0.5784,10990.0,12,0,2,0,2.0,0
0.9444,52,0,0.106,4750.0,7,0,1,0,0.0,0
0.8396,44,0,0.2978,1598.0,4,0,0,0,0.0,0
0.0244,50,0,0.6219,16582.0,7,0,0,0,0.0,0
0.1935,70,0,0.9514,,5,0,1,0,1.0,0
0.3481,28,0,0.0789,,10,0,2,0,0.0,0
3.8465,55,0,0.379,7454.0,8,0,1,0,1.0,0
0.5309,30,0,0.3384,5692.0,7,0,2,0,0.0,0
0.4728,40,0,0.2811,,14,0,1,0,0.0,0
0.1655,58,0,0.6616,2529.0,8,0,3,0,1.0,0
0.6133,52,0,0.3579,9160.0,4,0,1,0,1.0,0
0.7045,54,2,0.598,3669.0,4,2,0,0,0.0,0
0.2627,33,0,0.0336,3957.0,6,0,0,0,1.0,0
3.0794,69,0,0.3502,7728.0,7,0,1,0,1.0,0
0.6408,41,0,0.5379,9515.0,6,0,0,0,0.0,0
0.434,65,0,0.1976,18499.0,7,0,0,0,1.0,0
9.925,50,0,0.5589,5033.0,10,0,2,0,4.0,0
0.1161,65,0,0.6557,20106.0,9,0,3,0,1.0,0
0.0896,77,0,0.2812,15285.0,13,0,1,0,1.0,0
0.6615,50,0,0.1084,2568.0,4,0,0,0,0.0,0
0.5896,79,0,0.6068,10658.0,5,0,3,0,1.0,0
0.5312,61,0,0.104,6468.0,9,0,1,0,0.0,0
0.1884,56,0,0.098,4580.0,5,0,1,0,0.0,0
0.5183,36,0,0.9774,,13,0,0,0,3.0,0
0.406,45,0,0.2882,2182.0,10,0,1,0,2.0,0
0.7356,57,0,0.3996,4331.0,5,0,0,0,1.0,0
0.2206,48,0,0.5077,3934.0,7,0,0,0,0.0,0
0.0731,58,0,0.5978,4279.0,5,0,1,0,1.0,0
0.3119,57,0,0.4784,,12,0,3,0,,0
0.4148,37,0,0.6763,4853.0,14,0,3,0,1.0,0
3.7255,45,0,0.2453,5126.0,7,0,2,0,2.0,0
0.476,71,0,0.4716,10080.0,9,0,2,0,1.0,0
0.1968,45,0,0.6808,3163.0,14,0,0,0,0.0,0
0.6487,34,0,0.57,2225.0,9,0,0,0,1.0,0
0.5098,40,0,0.4526,,5,0,2,0,1.0,0
0.2568,63,0,0.6054,3703.0,10,0,2,0,1.0,0
0.1845,45,0,1.0553,,14,0,0,0,3.0,0
0.1403,33,0,0.644,6172.0,9,0,0,0,0.0,0
0.5654,47,0,1.2568,8143.0,12,0,0,0,0.0,0
0.4793,60,0,0.3682,,12,0,1,0,0.0,0
1.1841,41,0,0.6837,4812.0,4,0,1,0,1.0,0
0.7716,59,0,0.3281,5211.0,10,0,2,0,0.0,0
0.3446,57,0,0.2235,8108.0,8,0,0,0,1.0,0
0.4492,55,0,0.5659,4379.0,6,0,1,0,2.0,0
0.558,39,0,0.3652,,8,0,0,0,1.0,0
0.0555,36,0,0.4166,7736.0,5,0,2,0,0.0,0
0.2683,68,0,0.479,8871.0,7,0,2,0,2.0,0
0.7762,61,0,0.4867,22171.0,6,0,0,0,2.0,0
0.2679,57,0,0.0368,7791.0,7,0,1,0,1.0,0
0.4347,57,0,0.1133,4260.0,10,0,0,0,1.0,0
0.0953,62,0,0.2886,3760.0,6,0,1,0,0.0,0
0.0684,44,0,0.5038,13099.0,10,0,1,0,1.0,0
2.8665,66,0,0.3831,4211.0,3,0,3,0,1.0,0
0.6729,48,0,0.5989,5397.0,10,0,2,0,1.0,1
0.7978,49,0,0.2989,6429.0,9,0,2,0,2.0,0
0.106,74,0,0.4752,3588.0,15,0,1,0,1.0,0
1.9801,61,0,0.3338,5397.0,8,0,0,0,1.0,0
0.0622,43,0,0.139,12328.0,6,0,0,0,1.0,0
5.5054,59,1,0.3119,6411.0,8,2,1,0,2.0,0
0.3199,47,0,0.1454,,11,0,0,0,0.0,0
0.639,52,0,0.2498,3171.0,7,0,2,0,0.0,0
0.0733,56,0,0.2579,6261.0,7,0,1,0,1.0,0
0.0192,29,0,0.5478,5416.0,5,0,0,0,1.0,0
0.2198,46,0,0.5118,,8,0,1,0,3.0,0
0.1959,47,0,0.1161,4811.0,8,0,0,0,0.0,0
0.0585,54,0,0.2311,8869.0,5,0,0,0,0.0,0
1.9463,33,0,0.1764,,7,0,0,0,2.0,1
0.4661,30,0,0.4286,6550.0,5,0,0,0,3.0,0
0.7957,54,0,0.3876,5849.0,3,0,0,0,2.0,0
4.8152,68,0,0.6439,,5,0,0,0,0.0,0
0.4539,56,0,0.2622,,8,0,0,0,0.0,0
1.6367,88,0,0.5046,6235.0,5,0,0,0,0.0,0
0.053,50,0,0.9177,8458.0,11,0,1,0,1.0,0
0.4502,51,0,0.5717,5086.0,7,0,1,0,0.0,0
0.2851,41,0,0.0401,1993.0,10,0,1,0,2.0,0
0.2185,72,0,0.4286,10035.0,12,0,1,0,0.0,0
0.2384,42,2,0.2404,5876.0,9,0,0,0,0.0,0
0.0543,53,0,0.205,,5,0,1,0,1.0,0
0.1746,21,1,0.9404,1160.0,6,0,2,0,0.0,0
3.4633,71,0,0.9484,12042.0,11,0,1,0,0.0,0
0.12,63,0,0.4034,5707.0,9,0,0,0,0.0,0
6.1712,49,0,0.1107,10951.0,7,0,1,0,0.0,0
0.3613,50,0,0.4514,5248.0,9,0,2,0,0.0,0
0.3869,56,0,0.781,,5,0,1,0,1.0,0
7.2612,81,0,0.6489,6097.0,7,0,0,0,1.0,0
1.0146,46,2,0.5785,6091.0,2,0,2,0,0.0,0
9.2168,57,0,0.8006,1083.0,14,0,3,0,1.0,0
0.2408,34,0,0.1901,3069.0,11,0,1,0,0.0,0
0.3481,66,0,0.5917,11231.0,5,0,0,0,1.0,0
0.4752,69,0,0.8011,2700.0,8,0,2,0,1.0,1
0.1638,40,0,0.2587,6888.0,6,0,1,0,2.0,0
0.6941,48,0,0.7507,,6,0,2,0,1.0,0
0.5387,70,0,0.3748,,8,0,0,0,0.0,0
3.2816,55,0,0.2564,10332.0,12,0,1,0,0.0,0
0.2603,31,0,0.2711,3820.0,8,0,0,0,0.0,0
0.5728,67,0,0.5197,8701.0,6,0,2,0,0.0,0
0.6477,47,0,0.4627,2189.0,11,0,2,0,2.0,0
0.2709,37,0,0.1551,4241.0,4,0,0,0,0.0,0
0.9214,62,1,0.1832,11566.0,7,1,1,3,1.0,0
0.1859,84,0,0.545,6754.0,2,0,0,0,1.0,1
0.7148,54,0,0.9303,,9,0,0,0,0.0,1
0.8619,49,0,0.39,7252.0,6,0,1,0,1.0,0
0.6317,29,0,0.3665,3129.0,10,0,2,0,0.0,0
0.4452,33,0,0.3872,2506.0,8,0,1,0,2.0,0
0.6518,22,0,0.4427,4257.0,6,0,1,0,0.0,0
0.1031,40,0,0.853,4120.0,6,0,0,0,1.0,0
0.5074,41,0,0.5009,21821.0,4,0,1,0,0.0,0
0.6126,40,0,0.387,9980.0,7,0,0,0,1.0,0
1.392,48,0,0.8921,5438.0,7,0,1,0,1.0,0
0.2541,51,0,0.1885,6768.0,11,0,2,0,1.0,0
0.3233,37,0,0.0714,5676.0,5,0,1,0,2.0,0
0.0097,50,0,0.541,2688.0,12,0,2,0,0.0,0
0.3093,61,0,0.4027,1822.0,5,0,1,0,0.0,0
0.2578,66,0,0.2919,17972.0,7,0,5,0,0.0,0
0.4136,58,0,1.0579,20987.0,9,0,1,0,1.0,0
0.9631,71,0,0.6782,4474.0,8,0,1,0,0.0,1
0.4995,31,0,0.5145,4075.0,6,0,0,0,1.0,0
0.3928,21,0,0.8555,5125.0,6,0,0,0,2.0,0
1.5002,59,0,0.6901,3803.0,6,0,1,0,1.0,0
0.2225,74,0,0.4587,15703.0,5,0,1,0,1.0,0
2.6359,31,0,0.3807,3198.0,5,0,1,0,1.0,0
1.0512,48,0,0.4502,4798.0,10,0,2,0,0.0,0
0.4116,46,0,0.8491,30765.0,12,0,2,0,2.0,0
1.9925,76,0,0.1535,5344.0,6,0,1,0,0.0,0
3.6386,59,0,1.0835,,9,0,1,0,1.0,1
0.6743,50,0,0.864,7182.0,8,0,0,0,2.0,0
0.0237,68,0,0.0909,5234.0,9,0,2,0,0.0,0
0.3563,54,0,0.6083,763.0,10,0,0,0,0.0,0
0.6434,41,0,0.686,5539.0,10,0,1,0,1.0,0
0.0814,68,0,0.2277,,5,0,0,0,0.0,0
1.2792,30,0,0.288,3886.0,15,0,0,0,1.0,0
0.1181,48,0,0.5123,7895.0,10,0,1,0,0.0,0
0.4161,47,0,0.591,2545.0,6,0,0,0,1.0,0
0.0941,86,0,0.4161,2525.0,10,0,3,0,1.0,0
0.138,30,0,0.1949,2819.0,7,0,0,0,0.0,0
0.6183,37,0,0.3676,2081.0,9,0,0,0,2.0,0
0.2383,64,0,0.0289,,6,0,0,0,0.0,0
0.507,41,0,0.2112,5282.0,9,0,3,0,2.0,0
0.4325,56,0,0.8463,,7,0,1,0,0.0,1
0.0342,48,0,0.5937,,8,0,0,0,1.0,0
0.7793,42,0,0.2784,2366.0,11,0,0,0,0.0,0
0.5611,54,0,0.7819,3787.0,9,0,1,0,1.0,0
0.2203,60,0,0.5793,,6,0,1,0,0.0,0
0.0276,40,0,0.3032,,8,0,0,0,3.0,0
0.8481,35,0,0.6408,20984.0,10,0,0,0,1.0,0
2.2074,48,0,0.1886,,8,0,1,1,1.0,0
0.5792,44,0,0.635,2174.0,4,0,2,0,0.0,0
0.0274,60,0,0.234,,7,0,0,0,0.0,0
0.4103,54,0,0.0559,,10,0,0,0,1.0,0
4.5575,57,0,0.3373,5162.0,7,0,2,0,0.0,0
0.3297,51,0,0.1292,2878.0,9,0,1,0,0.0,0
2.3313,44,0,0.3278,10595.0,6,0,2,0,0.0,0
0.8985,73,3,1.08,9676.0,11,0,2,0,3.0,0
0.2466,56,0,0.4104,9751.0,6,0,1,0,,0
0.0396,29,0,0.9584,,9,0,0,0,2.0,1
4.0467,58,0,0.3345,,12,0,0,0,0.0,0
0.2846,32,0,0.768,,4,0,0,0,1.0,0
1.0065,57,0,1.0664,1932.0,7,0,0,0,1.0,1
0.9984,71,0,0.8333,14044.0,11,0,2,0,1.0,0
1.3562,54,0,0.6023,,12,0,0,0,0.0,0
0.5038,82,0,1.0772,3522.0,7,0,3,0,0.0,1
0.2719,33,0,0.6692,4444.0,4,0,2,0,0.0,0
0.0269,64,0,0.8349,,11,0,1,0,0.0,0
0.3321,48,0,0.4518,2970.0,12,0,0,0,1.0,0
0.5362,37,0,0.7661,8288.0,10,0,2,0,0.0,0
0.5804,74,0,0.3587,,11,0,1,0,1.0,1
3.5609,49,0,0.9797,4306.0,7,0,1,0,0.0,0
0.7647,52,0,0.7592,5360.0,7,0,4,0,2.0,0
2.7613,51,0,0.1952,13529.0,6,0,0,0,0.0,0
4.8248,88,0,0.6591,7417.0,14,0,0,0,0.0,0
1.3662,62,0,0.1757,,5,0,1,0,0.0,0
0.4226,68,0,0.5307,,6,0,0,0,0.0,0
0.8096,40,0,0.9499,,8,0,1,0,0.0,0
0.0916,39,0,0.2497,3319.0,4,0,0,0,0.0,0
0.594,42,0,1.1356,7157.0,6,0,0,0,1.0,0
0.49,46,0,0.591,5686.0,9,0,1,0,1.0,0
0.0397,37,0,0.1836,3243.0,9,0,1,0,0.0,0
0.2061,48,0,0.8725,,6,0,0,0,0.0,0
0.2243,70,0,0.6091,8426.0,5,0,1,0,0.0,0
0.5419,53,3,0.207,10086.0,8,0,1,0,0.0,0
0.0659,25,0,0.498,2636.0,5,0,0,0,1.0,0
0.0095,72,0,0.2818,,4,0,0,0,1.0,0
4.6929,30,0,0.1115,3151.0,12,0,3,0,0.0,1
0.511,69,0,0.0132,3887.0,10,0,0,0,0.0,1
0.1783,51,0,0.5815,,5,0,2,0,1.0,0
2.4186,89,0,0.4229,9372.0,9,0,2,0,0.0,1
0.738,76,0,0.4258,10893.0,8,0,0,0,1.0,0
0.267,61,0,0.5453,,5,0,1,0,,0
0.5169,51,0,0.7564,17521.0,8,0,1,0,1.0,0
0.1191,73,0,0.5142,4717.0,9,0,0,0,2.0,0
0.2753,54,0,0.1483,5010.0,12,0,1,0,1.0,0
0.6355,60,0,1.1783,,3,0,3,0,2.0,0
3.577,55,0,0.4524,14801.0,9,0,0,0,2.0,0
0.0567,42,1,0.1163,10145.0,6,0,0,0,0.0,0
0.0569,57,0,0.3604,4319.0,2,0,0,0,0.0,0
0.643,41,0,0.3612,,12,0,2,0,0.0,0
0.4727,63,0,0.4821,,7,0,2,0,1.0,0
0.1052,52,0,0.2648,6808.0,12,0,1,0,0.0,0
1.2233,44,0,0.7245,3646.0,4,0,1,0,2.0,0
0.5187,42,0,0.5784,8228.0,10,0,2,0,1.0,0
0.4152,76,0,0.1134,,12,0,0,0,1.0,0
0.0627,37,0,0.5671,2622.0,9,0,0,0,0.0,0
3.156,56,0,0.4626,2803.0,9,0,0,0,2.0,0
2.2165,36,0,0.5886,4690.0,11,0,2,0,1.0,0
0.5205,58,0,0.5013,3561.0,10,0,0,0,0.0,0
0.6294,47,0,0.4451,,9,0,2,0,0.0,0
0.0625,53,0,0.356,3716.0,8,0,0,0,0.0,0
0.5495,46,0,0.1342,4037.0,9,0,3,0,2.0,0
0.5006,23,0,0.3429,1590.0,6,0,5,0,0.0,0
0.3404,57,1,0.7758,2232.0,9,1,2,0,1.0,0
0.1715,56,0,0.1335,,8,0,1,0,2.0,0
1.0638,37,1,0.3048,6847.0,8,0,2,1,0.0,0
0.3313,53,0,0.9432,5044.0,9,0,2,0,0.0,0
6.4468,56,0,0.3715,3046.0,4,0,4,0,1.0,0
0.7319,57,0,1.0785,10740.0,9,0,1,0,0.0,0
1.4078,53,0,0.4,3822.0,7,0,3,0,2.0,0
0.132,42,0,0.2434,3202.0,5,0,1,0,1.0,0
0.4081,63,0,0.4229,,11,0,1,0,0.0,0
0.2584,57,0,0.5422,13268.0,3,0,1,0,1.0,0
0.2182,25,0,1.0828,7357.0,10,0,1,0,0.0,0
0.4879,46,0,0.6567,2035.0,5,0,1,0,1.0,0
0.0379,61,0,0.7109,3667.0,7,0,1,0,1.0,0
1.1148,76,0,0.2937,13182.0,7,0,0,0,2.0,0
0.3275,55,0,0.3252,8117.0,6,0,1,0,0.0,0
0.3144,34,0,0.4525,2064.0,7,0,1,0,1.0,0
0.8366,28,0,0.5958,5788.0,6,0,0,0,0.0,0
3.0457,53,0,0.7753,4276.0,10,0,1,0,0.0,0
0.4837,50,0,0.2906,,8,0,0,0,0.0,0
0.262,57,0,0.3155,4175.0,5,0,0,0,3.0,0
2.1978,36,0,0.534,13505.0,5,0,0,0,0.0,0
0.0444,55,0,0.7054,13808.0,8,0,2,0,1.0,0
0.0397,51,0,0.1196,6321.0,9,0,1,0,1.0,0
0.2184,39,0,1.3601,4486.0,4,0,1,0,0.0,0
0.7093,74,0,0.591,7943.0,8,0,0,0,0.0,0
0.294,64,0,0.3824,,8,0,2,0,1.0,0
0.6876,50,0,0.5539,13609.0,9,0,3,0,1.0,0
0.4675,33,0,0.4581,15878.0,12,0,3,0,3.0,0
0.3108,59,0,0.7324,5616.0,11,0,1,0,1.0,0
0.0171,42,0,1.0473,6570.0,9,0,1,0,0.0,0
0.7909,61,0,0.5482,6358.0,9,0,3,0,1.0,0
0.0108,58,0,0.2144,2458.0,9,0,1,0,2.0,0
0.1874,38,0,0.3618,2741.0,4,0,0,0,2.0,0
0.3286,52,0,0.7724,8019.0,6,0,1,0,0.0,0
0.4659,66,0,0.3417,5601.0,9,0,0,0,1.0,0
1.1032,30,0,0.1085,10755.0,5,0,2,0,0.0,0
1.0344,57,0,0.7215,7293.0,5,0,2,0,0.0,0
0.5153,75,0,0.3257,6172.0,13,0,1,0,3.0,1
0.0967,37,0,0.5281,5215.0,6,0,0,0,1.0,0
0.0916,28,0,0.5733,2952.0,5,0,1,0,1.0,0
0.6263,90,0,0.0469,,5,0,0,0,1.0,0
0.1913,21,0,0.4672,2465.0,10,0,4,0,3.0,0
0.5136,51,0,0.607,5620.0,11,0,0,0,0.0,0
0.1925,69,0,0.278,7240.0,8,0,1,0,1.0,0
0.3128,71,0,0.8187,10277.0,9,0,2,0,2.0,0
0.6041,56,0,0.5074,12699.0,13,0,1,0,,0
0.7827,73,0,0.4599,3846.0,8,0,0,0,0.0,1
0.0438,49,0,0.5703,,8,0,1,0,2.0,0
0.1217,45,0,0.7654,8414.0,9,0,1,0,0.0,0
0.2364,54,0,0.7387,7195.0,12,0,1,0,0.0,0
0.4357,58,0,0.1681,3250.0,7,0,0,0,0.0,0
0.4148,58,0,0.6635,16369.0,8,0,2,0,0.0,0
0.6431,39,0,0.1239,14492.0,7,0,0,0,1.0,0
0.3427,53,0,0.8853,,7,0,0,0,0.0,0
0.4608,37,0,0.2334,7716.0,10,0,1,0,0.0,0
0.3386,50,0,0.1934,4137.0,7,0,2,0,0.0,0
0.4925,60,0,0.1633,3161.0,13,0,1,0,0.0,0
0.9386,60,1,0.1634,3617.0,8,0,2,0,1.0,0
0.7086,79,0,0.6394,5702.0,7,0,0,0,1.0,0
0.8419,45,0,0.3298,4666.0,7,0,1,0,0.0,0
0.2635,67,1,0.931,12259.0,11,0,0,0,0.0,0
0.2557,80,0,0.5653,11641.0,9,0,2,0,0.0,0
0.3716,84,0,0.5763,1885.0,3,0,2,0,1.0,0
0.7281,67,0,0.5555,2613.0,4,0,0,0,0.0,0
0.3471,32,0,0.6785,8822.0,5,0,2,0,1.0,0
0.286,38,0,0.0077,6780.0,7,0,1,0,0.0,0
1.0852,40,0,0.1814,2624.0,6,0,0,0,1.0,0
0.5259,54,0,0.4322,10970.0,9,0,2,0,2.0,0
0.6918,79,0,0.8357,,5,0,1,0,0.0,0
0.6316,50,0,0.534,6096.0,11,0,0,0,2.0,0
2.511,41,0,0.5127,,7,0,1,0,1.0,0
0.0391,69,0,0.8464,5063.0,7,0,1,0,2.0,0
0.4733,45,0,0.4316,1315.0,10,0,0,0,0.0,0
0.1047,66,0,0.1448,10078.0,8,0,2,0,0.0,0
0.6088,47,0,0.3869,,11,0,0,0,0.0,0
0.6363,65,0,0.4607,5581.0,11,0,1,0,1.0,0
1.1015,56,0,0.2513,3137.0,9,0,0,0,0.0,0
0.1649,48,0,0.7744,3004.0,6,0,0,0,1.0,0
0.0282,32,0,0.4934,,8,0,0,0,1.0,0
0.3942,53,0,0.5782,7019.0,9,0,1,0,1.0,0
0.5268,34,0,0.1358,33261.0,5,0,0,0,1.0,0
10.7095,57,0,0.2814,10816.0,11,0,2,0,0.0,0
0.0924,65,0,0.641,2820.0,9,0,1,0,0.0,0
0.1148,60,0,0.7184,12623.0,6,0,3,0,0.0,0
0.9345,51,0,0.4089,,8,0,0,0,0.0,1
0.2596,51,0,0.2196,3503.0,4,0,1,0,0.0,0
0.6018,62,0,0.6098,5885.0,14,0,1,0,1.0,0
0.5214,43,0,0.3124,3960.0,9,0,0,0,,0
0.1117,55,0,0.2179,2969.0,8,0,1,0,1.0,0
0.1744,33,0,0.0315,6044.0,9,0,1,0,0.0,0
0.4673,42,0,0.7847,2052.0,8,0,1,0,0.0,0
0.1807,56,0,0.5899,7165.0,7,0,2,0,0.0,0
0.643,33,0,0.9229,6880.0,6,0,1,0,0.0,0
2.2512,55,0,0.3008,,11,0,1,0,0.0,0
0.4888,61,0,0.7838,3176.0,5,0,1,0,1.0,0
0.198,42,0,0.2315,3597.0,8,0,1,0,1.0,0
0.6759,57,0,0.216,,4,0,0,0,0.0,0
0.6145,33,0,0.6141,,8,0,1,0,0.0,0
0.4495,58,0,0.1131,3878.0,9,0,0,0,2.0,1
0.3495,46,0,0.2892,11904.0,2,0,1,0,2.0,0
0.2252,38,0,0.3574,5409.0,8,0,2,0,1.0,0
0.0754,47,0,0.6882,11551.0,6,0,0,0,0.0,0
0.1899,35,0,0.1964,13241.0,3,0,1,0,1.0,0
0.0643,63,0,0.1832,8222.0,9,0,2,0,0.0,0
0.1756,54,0,0.4308,3561.0,9,0,0,0,0.0,0
0.888,67,0,0.6396,,8,0,1,0,1.0,0
0.2754,27,0,1.0337,3546.0,11,0,0,0,0.0,0
3.034,65,0,0.4978,14574.0,6,0,3,0,1.0,0
0.0747,29,0,1.0662,,6,0,3,0,0.0,0
1.7995,51,0,0.3944,,7,0,1,0,2.0,0
0.5999,86,0,0.3909,2109.0,5,0,1,0,0.0,0
0.0948,30,0,0.1901,1852.0,7,0,0,0,1.0,0
0.1469,52,0,0.4274,9275.0,11,0,0,0,1.0,0
0.3379,37,0,0.3055,2482.0,9,0,0,0,1.0,0
0.5775,44,0,0.0794,1830.0,5,0,1,0,0.0,0
0.4412,38,0,0.5093,,6,0,0,0,0.0,0
0.0881,21,0,0.6622,5996.0,7,0,2,0,2.0,0
0.3264,59,0,0.0403,6151.0,9,0,1,0,0.0,0
0.9426,52,0,0.9321,3767.0,19,0,0,0,0.0,0
0.0991,39,0,0.4654,1858.0,9,0,0,0,2.0,0
0.2976,69,0,0.3829,2327.0,6,0,1,0,1.0,0
0.7914,59,0,0.4762,5349.0,13,0,2,0,1.0,0
1.132,52,1,0.5087,4184.0,13,0,2,0,1.0,0
0.238,59,0,0.6619,2301.0,10,0,1,0,0.0,0
0.0724,60,0,0.5313,,10,0,0,0,0.0,0
0.067,51,0,0.7904,3279.0,6,0,0,0,0.0,0
0.6627,58,0,0.6417,,9,0,0,0,0.0,0
0.7327,55,0,0.8154,3189.0,15,0,1,0,0.0,0
0.1028,47,0,1.2138,,9,0,0,0,2.0,0
0.0106,42,0,0.6517,2358.0,11,0,0,0,0.0,0
0.4867,42,0,0.1276,7851.0,9,0,0,0,0.0,0
0.5111,39,0,0.5829,3603.0,6,0,0,0,2.0,0
1.187,50,0,0.4356,,12,0,0,0,1.0,0
0.6635,59,0,0.7944,10231.0,8,0,0,0,0.0,0
0.6474,65,0,0.8929,4609.0,7,0,0,0,0.0,0
0.3641,55,0,0.2567,6757.0,5,0,3,0,0.0,0
0.0945,67,0,0.215,6560.0,5,0,1,0,0.0,0
0.2505,36,0,0.5039,3894.0,12,0,1,0,2.0,0
0.9322,67,0,0.2785,3422.0,5,0,0,0,0.0,0
0.2223,66,0,0.1026,3417.0,7,0,1,0,1.0,0
3.0865,32,0,0.3611,10403.0,9,0,1,0,0.0,0
0.4995,36,0,0.2229,8996.0,11,0,1,0,0.0,0
0.8989,43,0,1.1089,,6,0,0,0,0.0,1
1.1726,59,0,0.2937,7186.0,12,0,0,0,1.0,0
0.1126,21,0,0.445,,8,0,2,0,1.0,0
0.133,56,0,0.9704,1577.0,7,0,3,0,4.0,0
0.7511,60,0,0.2212,9693.0,8,0,0,0,,0
0.5972,78,0,0.737,3636.0,13,0,0,0,1.0,1
0.0371,73,0,0.7428,5877.0,7,0,1,0,0.0,0
0.4218,46,0,0.5628,3313.0,5,0,1,0,1.0,0
0.5483,43,0,0.5565,7641.0,11,0,0,0,0.0,0
9.4366,68,0,0.6761,6356.0,8,0,0,0,0.0,0
0.2852,70,0,0.158,5447.0,7,0,1,0,2.0,0
3.372,59,0,0.3599,5264.0,9,0,1,0,2.0,0
0.056,35,0,0.8436,,2,0,0,0,0.0,0
0.7246,51,0,0.7005,6217.0,8,0,1,0,0.0,0
0.0167,44,0,0.4736,7360.0,8,0,1,0,0.0,0
1.2902,35,0,0.3741,7793.0,6,0,1,0,0.0,0
0.1526,56,0,0.515,2763.0,2,0,1,0,0.0,0
0.4437,39,0,0.4411,,8,0,0,0,0.0,0
0.182,84,0,0.5407,5679.0,8,0,0,0,,0
0.0904,37,0,0.7278,7901.0,11,0,0,0,1.0,0
2.0295,21,2,0.9254,,14,0,0,0,1.0,0
1.0036,55,0,0.2653,3940.0,9,0,1,0,0.0,0
0.7231,73,0,0.2159,7204.0,4,0,2,0,1.0,0
0.764,54,0,0.4633,3488.0,2,0,2,0,0.0,0
0.4199,45,0,0.3833,3823.0,6,0,0,0,1.0,0
0.4847,37,0,0.2836,,7,0,0,0,,0
3.2836,32,0,0.8171,462.0,6,0,2,0,1.0,1
0.5779,44,0,0.4672,,4,0,2,0,1.0,0
0.0321,38,0,0.6842,,16,0,2,0,0.0,0
0.4149,55,0,0.5233,2283.0,4,0,1,0,1.0,0
0.1217,50,0,0.9809,,9,0,2,0,2.0,0
0.8672,53,0,0.3225,10759.0,7,0,0,0,1.0,0
0.1708,39,0,0.6068,,10,0,2,0,0.0,0
0.3329,49,0,0.6393,5246.0,9,0,3,0,2.0,0
0.3771,65,0,0.7342,4187.0,7,0,1,0,1.0,0
3.0047,27,2,0.6709,,4,1,0,0,2.0,0
0.457,40,0,0.7284,4142.0,6,0,2,0,2.0,0
0.1411,48,0,0.2001,4043.0,5,0,1,0,2.0,0
0.085,46,0,0.4782,,7,0,0,0,0.0,0
0.1296,73,0,0.5424,3839.0,13,0,0,0,0.0,0
0.0097,29,0,0.6739,3898.0,5,0,1,0,0.0,0
0.4685,21,0,0.6555,9352.0,7,0,0,0,0.0,0
0.6849,68,0,0.3364,,7,0,1,0,1.0,0
0.437,31,0,0.1346,9612.0,6,0,0,0,0.0,0
0.0101,41,0,0.009,,11,0,2,0,3.0,0
0.0231,56,0,0.4963,11295.0,7,0,1,0,0.0,0
0.3858,70,0,0.3306,5215.0,13,0,1,0,0.0,0
0.0065,42,0,0.5938,2946.0,4,0,0,0,0.0,0
0.5718,43,0,0.9912,3654.0,7,0,1,0,0.0,0
0.1952,35,0,0.5282,9091.0,7,0,2,0,0.0,0
0.7625,52,0,0.1395,,13,0,0,0,0.0,0
1.2774,73,0,0.6858,4578.0,7,0,1,0,0.0,1
0.2141,43,0,0.52,2543.0,10,0,1,0,0.0,0
0.7772,39,0,0.533,2582.0,10,0,3,0,1.0,0
0.1315,50,0,0.2255,,10,0,2,0,0.0,0
0.2039,60,0,0.1398,4999.0,3,0,1,0,1.0,0
0.1464,63,0,0.1781,5305.0,13,0,1,0,1.0,0
0.2326,49,0,0.0961,4859.0,7,0,2,0,1.0,0
0.4262,74,0,0.7852,7888.0,6,0,1,0,0.0,0
0.5357,61,0,0.2667,7088.0,6,0,0,0,0.0,0
0.6741,52,0,0.3311,5390.0,10,0,1,0,2.0,0
0.0359,52,0,0.1134,5000.0,5,0,0,0,0.0,0
1.0042,22,0,0.3509,,8,0,2,0,0.0,0
0.6605,43,0,0.4474,5449.0,6,0,0,0,0.0,0
0.3908,37,0,0.4508,6792.0,8,0,1,0,2.0,0
0.423,48,0,0.1679,5544.0,10,0,0,0,0.0,0
0.1858,40,0,0.7271,3180.0,10,0,1,0,1.0,0
0.1326,32,0,0.3976,5293.0,12,0,2,0,0.0,0
1.0384,64,0,0.3299,9913.0,10,0,1,0,0.0,0
0.3268,28,0,0.1393,,6,0,4,0,0.0,0
0.3278,86,0,0.4295,5701.0,10,0,3,0,0.0,0
0.5281,37,0,0.8533,3526.0,2,0,1,0,1.0,0
0.1073,51,1,0.5333,825.0,7,1,0,0,3.0,0
0.0198,32,0,0.3463,8177.0,4,0,0,0,0.0,0
0.1387,38,0,0.3533,6862.0,4,0,0,0,0.0,0
0.7008,63,0,0.1134,9812.0,10,0,1,0,0.0,0
0.4415,41,0,0.4109,10016.0,9,0,1,0,2.0,0
0.1938,43,0,0.4751,8046.0,4,0,1,0,1.0,0
0.1636,66,0,0.5733,2106.0,9,0,0,0,0.0,0
0.537,79,0,0.4563,7728.0,11,0,0,0,0.0,0
0.3679,46,0,0.8766,,6,0,0,0,0.0,0
0.4083,25,0,0.4951,5301.0,7,0,0,0,0.0,0
7.5944,47,0,0.5134,,9,0,0,0,0.0,0
0.6069,48,0,1.4276,3607.0,3,0,0,0,0.0,0
0.501,51,0,0.4858,8602.0,15,0,1,0,3.0,0
0.0598,61,0,0.6961,5538.0,3,0,0,0,0.0,0
0.0376,63,0,0.1588,17923.0,9,0,1,0,1.0,0
7.5686,40,0,0.1369,1663.0,7,0,2,0,0.0,0
0.5042,53,0,0.9709,2842.0,8,0,1,0,1.0,0
0.2975,54,0,0.5719,1562.0,5,0,1,0,1.0,0
0.7256,77,0,0.6317,2587.0,8,0,0,0,,0
0.6172,64,0,1.0847,,6,0,0,0,1.0,0
0.2866,43,0,0.5789,2937.0,14,0,1,0,0.0,0
0.3799,35,0,0.0092,4599.0,6,0,3,0,,0
0.4081,45,0,0.3369,9093.0,10,0,1,0,0.0,0
0.5948,53,0,1.3351,17942.0,6,0,1,0,0.0,0
0.1072,48,0,0.331,9181.0,6,0,0,0,0.0,0
0.5005,39,0,0.3987,5059.0,7,0,0,0,0.0,0
0.8012,40,2,0.8291,5950.0,9,0,0,0,1.0,0
1.8295,65,0,0.6763,4974.0,12,0,2,0,0.0,0
0.3506,26,0,0.2298,3158.0,9,0,3,0,3.0,0
0.3386,69,0,0.241,,9,0,1,0,0.0,0
0.3422,52,0,0.4326,11701.0,7,0,3,0,1.0,0
1.113,40,0,0.5401,5739.0,7,0,1,0,1.0,0
0.0717,52,0,0.9728,3667.0,9,0,4,0,1.0,0
0.5803,65,0,1.0746,3354.0,8,0,0,0,0.0,0
0.0487,56,1,0.7641,6067.0,9,0,1,0,0.0,0
0.2907,44,0,0.4495,6233.0,4,0,1,0,0.0,0
2.6916,45,0,0.4612,3053.0,9,0,0,0,0.0,0
0.1414,49,0,0.4629,3763.0,8,0,2,0,0.0,0
0.1896,58,0,0.585,10196.0,6,0,1,0,4.0,0
0.2822,29,0,0.1653,,6,0,1,0,0.0,0
0.327,44,0,0.3282,6937.0,5,0,1,0,0.0,0
0.6238,51,0,0.3901,4461.0,10,0,0,0,0.0,0
0.1243,52,0,0.6883,3018.0,8,0,1,0,1.0,0
0.0106,46,0,1.0001,4995.0,7,0,0,0,0.0,0
0.4646,53,0,0.3834,4113.0,8,0,0,0,0.0,0
0.0411,24,0,0.53,3746.0,7,0,1,0,2.0,0
0.6381,27,0,0.7108,2261.0,8,0,0,0,0.0,0
0.4008,72,0,0.292,4929.0,11,0,1,0,1.0,0
0.5394,51,0,0.0347,2815.0,3,0,2,0,1.0,0
0.6248,50,0,0.5538,8240.0,11,0,1,0,,0
2.3384,27,0,0.3867,8963.0,8,0,0,0,2.0,0
0.2553,23,0,0.3332,2119.0,5,0,0,0,0.0,0
0.5106,57,0,0.4745,3249.0,8,0,0,0,0.0,0
0.076,70,0,0.3973,11955.0,6,0,0,0,0.0,1
0.2887,39,0,0.3195,5375.0,9,0,1,0,0.0,0
0.229,56,0,0.3918,9042.0,11,0,1,0,1.0,0
0.4209,67,0,0.5306,,5,0,2,0,2.0,1
0.5311,47,0,0.6653,,9,0,0,0,0.0,0
0.1163,69,0,0.2339,7712.0,9,0,1,0,1.0,0
0.1119,47,0,0.7642,,10,0,0,0,1.0,0
0.2887,56,0,0.1717,5944.0,4,0,1,0,1.0,0
0.0328,77,0,0.5107,6406.0,7,0,2,0,2.0,0
0.0953,62,0,0.9994,1817.0,12,0,0,0,0.0,0
0.3412,50,0,0.4169,5839.0,11,0,0,0,1.0,0
0.3141,43,0,0.234,3303.0,3,0,0,0,2.0,0
0.4816,67,0,0.5478,,13,0,2,0,2.0,0
0.5048,60,0,0.1417,3580.0,9,0,1,0,0.0,0
0.7468,61,0,0.5555,6197.0,8,0,0,0,,0
4.2121,54,0,0.5825,4557.0,7,0,0,0,2.0,0
0.45,64,0,0.2934,5807.0,9,0,1,0,1.0,0
0.145,39,0,0.6037,,8,0,3,0,0.0,0
0.5416,42,0,0.3665,,8,0,1,0,0.0,0
0.0961,39,0,0.1735,5183.0,9,0,2,0,2.0,0
0.2292,61,0,0.1555,,6,0,0,0,1.0,0
0.7362,43,0,0.1305,3364.0,4,0,4,0,0.0,0
0.8066,41,0,0.4894,4049.0,5,0,2,0,2.0,0
5.8156,54,0,0.7503,10462.0,8,0,1,0,2.0,0
0.7285,38,0,0.6652,4615.0,10,0,1,0,1.0,1
0.1414,59,0,0.645,18445.0,9,0,1,0,0.0,0
0.8495,44,0,0.4744,,5,0,0,0,0.0,0
0.3573,72,0,0.4547,18003.0,5,0,3,0,2.0,0
0.6759,71,0,0.4869,6237.0,8,0,1,0,0.0,0
0.2294,75,0,0.7466,,10,0,0,0,0.0,0
0.8109,36,0,0.8513,5137.0,6,0,0,0,2.0,0
0.3607,48,0,0.6403,3037.0,5,0,2,0,1.0,0
0.4288,67,0,0.4411,4087.0,8,0,0,0,1.0,0
0.4471,76,0,0.1793,1402.0,13,0,0,0,1.0,0
0.6725,30,0,0.1501,5177.0,8,0,1,0,0.0,0
0.4102,61,0,0.3661,2901.0,3,0,1,0,0.0,0
0.7007,55,0,0.4707,6325.0,11,0,0,0,1.0,0
0.3996,56,0,0.5541,5516.0,12,0,1,0,,0
0.3394,37,0,0.2164,9409.0,12,0,4,0,2.0,0
0.3202,46,0,0.0726,3944.0,9,0,1,0,1.0,0
0.2693,66,0,0.5251,3252.0,6,0,0,0,2.0,0
6.6402,66,0,0.0953,,9,0,3,0,2.0,0
0.1639,55,0,0.0774,,7,0,2,0,0.0,0
0.0378,70,0,0.5414,3538.0,7,0,2,0,0.0,0
0.235,65,0,0.6152,,6,0,0,0,2.0,0
0.2468,75,0,0.7038,5485.0,6,0,0,0,1.0,0
0.4846,61,0,0.3993,2560.0,10,0,0,0,1.0,0
0.2229,92,0,0.5362,5961.0,9,0,1,0,0.0,0
0.3506,48,0,0.1847,,7,0,0,0,2.0,0
0.3175,81,0,0.4743,3674.0,7,0,1,0,1.0,0
0.1474,38,0,0.1565,1835.0,10,0,2,0,0.0,0
0.3626,51,1,0.6562,,3,0,1,0,0.0,0
0.3656,62,0,0.3498,,8,0,0,0,0.0,0
0.238,21,0,0.6953,6862.0,9,0,0,0,0.0,0
0.3692,44,0,1.2633,4295.0,10,0,1,0,1.0,0
0.7794,83,0,0.2049,,9,0,2,0,0.0,0
0.0667,73,0,0.8147,7591.0,7,0,2,0,,0
0.5331,31,0,0.4904,4341.0,3,0,3,0,5.0,0
0.8998,30,0,0.1431,5472.0,8,0,1,0,1.0,0
0.1585,31,0,0.275,,12,0,2,0,1.0,0
0.4646,40,0,0.743,12664.0,2,0,1,0,1.0,0
0.7617,52,0,1.0292,1793.0,6,0,2,0,0.0,0
0.0915,64,0,0.4676,4018.0,10,0,1,0,0.0,0
0.0922,67,0,0.5959,8841.0,9,0,0,0,2.0,0
0.3941,78,0,1.3328,4759.0,10,0,1,0,0.0,0
6.3474,71,3,0.125,4024.0,4,0,0,0,0.0,0
0.094,21,0,0.1314,11215.0,4,0,2,0,1.0,1
0.2943,45,0,0.4058,4207.0,9,0,2,0,0.0,0
1.9496,33,0,0.2263,3668.0,11,0,0,0,0.0,0
2.0431,85,0,0.9901,,9,0,1,0,0.0,1
0.4143,47,0,0.3793,7685.0,7,0,1,0,0.0,0
0.5579,42,0,0.2725,4055.0,5,0,0,0,2.0,0
0.656,63,0,0.571,9437.0,9,0,1,0,1.0,0
0.2051,49,0,0.4258,2779.0,8,0,1,0,0.0,0
0.293,68,0,0.6554,8033.0,15,0,2,0,0.0,0
0.113,44,0,0.4167,4271.0,7,0,0,0,2.0,0
0.2495,66,0,0.0723,16677.0,6,0,4,0,3.0,0
0.2849,21,0,0.8411,5284.0,5,0,2,0,1.0,0
0.1915,88,0,0.4589,2765.0,9,0,1,0,2.0,0
0.2122,63,0,0.6458,9864.0,3,0,2,0,0.0,0
8.1002,57,0,0.1918,,10,0,1,0,0.0,0
0.191,45,0,0.265,9811.0,6,0,3,0,2.0,0
0.6563,52,0,1.0005,2573.0,6,0,0,0,0.0,0
3.2241,51,1,0.7433,6380.0,7,0,1,0,1.0,0
0.7333,49,0,0.3785,8226.0,11,0,1,0,0.0,0
0.4942,56,0,0.7344,5746.0,11,0,1,0,1.0,0
0.1412,50,0,0.1234,,11,0,2,0,2.0,0
0.2005,51,0,0.7079,5091.0,9,0,2,0,2.0,0
0.6948,47,0,0.3317,6523.0,4,0,1,0,2.0,0
2.04,50,0,0.3481,3648.0,6,1,1,1,1.0,0
0.9405,56,2,0.2886,11193.0,10,1,0,0,0.0,0
0.0626,54,0,0.3128,9194.0,11,0,1,0,4.0,0
0.2948,51,0,0.2955,2780.0,7,0,1,0,0.0,0
0.6383,48,0,0.5243,1307.0,6,0,2,0,1.0,0
0.3034,60,0,0.1577,,11,0,1,0,0.0,0
0.6355,43,0,0.3768,7836.0,11,0,0,0,0.0,0
0.2213,28,0,0.9609,,7,0,1,0,0.0,0
0.3766,51,0,0.3378,2860.0,14,0,0,0,2.0,0
0.2065,65,0,0.0311,11795.0,8,0,2,0,0.0,0
0.4328,59,0,0.2475,3299.0,7,0,0,0,1.0,0
1.279,64,0,0.7849,,10,0,1,0,2.0,0
0.0726,47,0,0.1414,4976.0,10,0,0,0,0.0,0
0.2471,58,0,0.277,5634.0,12,0,2,0,1.0,0
0.0259,81,0,0.6777,2351.0,6,0,0,0,1.0,0
0.2659,36,0,0.1753,7097.0,7,0,1,0,1.0,0
0.4319,59,0,0.3359,5337.0,5,0,2,0,1.0,0
0.6606,47,0,0.5708,2871.0,6,0,2,0,3.0,0
1.575,70,0,0.7801,,12,0,0,0,1.0,0
0.7108,52,0,0.1648,4079.0,8,0,1,0,0.0,0
0.0346,48,0,0.6265,,6,0,1,0,0.0,0
0.4243,33,0,0.9497,7006.0,4,0,1,0,3.0,0
0.3339,39,0,0.2664,3317.0,9,0,1,0,0.0,0
0.0741,47,0,0.1133,5162.0,11,0,0,0,1.0,0
2.9853,65,0,0.6364,,8,0,0,0,0.0,0
0.0387,74,0,0.5103,3196.0,7,0,0,0,0.0,0
0.5055,50,0,0.0744,4208.0,6,0,3,0,0.0,1
0.2007,47,0,0.7486,12310.0,13,0,1,0,0.0,0
0.0625,57,0,1.057,5976.0,11,0,0,0,0.0,0
0.4882,55,0,0.084,4153.0,18,0,1,0,,0
0.0329,50,0,0.8112,,3,0,0,0,0.0,0
3.1557,52,0,0.06,1207.0,11,0,0,0,1.0,0
0.2381,56,0,0.8206,,9,0,3,0,1.0,0
0.2686,69,0,0.039,3116.0,8,0,1,0,1.0,0
0.1543,42,0,0.2971,,14,0,1,0,0.0,0
0.2258,34,0,0.3988,2358.0,10,0,2,0,1.0,0
0.5934,55,0,0.6245,,12,0,0,0,1.0,1
0.0566,39,0,0.3907,12241.0,7,0,2,0,1.0,0
3.3877,72,0,0.8047,17602.0,8,0,1,0,0.0,0
0.0463,57,0,0.5066,8004.0,6,0,1,0,,0
0.0094,50,0,0.1307,6382.0,7,0,0,0,0.0,0
0.1248,52,0,0.3199,,4,0,1,0,0.0,0
0.5152,58,0,0.3619,,8,0,1,0,0.0,0
0.4942,61,0,0.7102,3330.0,11,0,0,0,1.0,0
0.0959,87,0,0.737,9795.0,3,0,1,0,1.0,0
0.2023,37,0,0.2302,8839.0,2,0,0,0,0.0,0
0.1737,66,0,0.6142,17346.0,5,0,0,0,1.0,0
0.0687,84,0,0.1381,,5,0,0,0,1.0,0
0.4991,58,0,0.1253,,7,0,0,0,2.0,0
0.1981,53,0,0.5026,,8,0,0,0,1.0,0
0.9964,47,0,0.4787,2885.0,9,0,4,0,2.0,0
0.3627,51,0,0.5454,9178.0,6,0,0,0,2.0,0
0.2129,52,0,0.3139,6537.0,6,0,3,0,0.0,0
0.3473,69,0,0.9427,5698.0,11,0,0,0,3.0,0
0.4689,70,0,0.212,4471.0,5,0,1,0,1.0,0
2.3943,45,0,0.7921,5757.0,10,0,1,0,,0
0.4925,70,1,0.7033,5154.0,4,0,0,0,3.0,0
0.7686,55,0,0.3942,5442.0,10,0,1,0,0.0,0
0.1421,56,0,0.2761,5912.0,12,0,0,0,1.0,0
0.826,65,0,0.6102,7201.0,6,0,1,0,1.0,0
0.388,49,0,0.4538,,6,0,2,0,1.0,0
0.3516,54,0,0.4404,6165.0,8,0,0,0,0.0,0
0.0845,57,0,0.4176,3115.0,9,0,2,0,1.0,0
0.1241,73,0,0.4586,3260.0,8,0,2,0,1.0,0
0.5087,26,0,0.2263,5364.0,10,0,1,0,0.0,0
0.7404,55,0,0.1955,,5,0,0,0,1.0,0
0.5434,38,0,0.2434,6979.0,5,0,0,0,1.0,0
0.6853,70,0,0.1153,,12,0,1,0,1.0,0
0.382,36,0,0.041,3206.0,7,0,0,0,0.0,0
0.7198,68,0,0.2488,,5,0,0,0,0.0,0
2.5675,45,0,0.7542,4444.0,11,0,2,0,1.0,0
0.7435,81,0,0.0959,4714.0,11,0,0,0,0.0,0
0.0071,39,0,0.8183,,6,0,0,0,1.0,0
0.0876,55,0,0.3171,3024.0,11,0,4,0,4.0,0
0.5657,59,0,0.4453,,8,0,0,0,0.0,0
0.2549,50,0,0.0527,15165.0,7,0,3,0,1.0,0
0.7106,33,0,0.146,11869.0,7,0,1,0,1.0,1
2.2347,57,0,0.7816,9161.0,7,0,1,0,0.0,0
0.5646,27,0,0.1012,3183.0,12,0,2,0,2.0,0
0.0722,57,0,0.3249,,10,0,2,0,1.0,0
0.6825,55,0,0.148,1174.0,7,0,2,0,0.0,0
2.1064,45,0,0.6288,4359.0,12,0,0,0,0.0,0
0.1982,21,0,0.1252,8377.0,8,0,2,0,,0
0.9048,22,0,0.4505,,5,0,1,0,1.0,0
1.1428,39,0,0.4854,1932.0,8,0,0,0,0.0,0
0.0925,49,0,0.2272,1815.0,5,0,0,0,0.0,0
0.3578,58,0,0.2365,3521.0,8,0,0,0,1.0,0
3.063,54,0,0.3578,6076.0,9,0,1,0,1.0,0
0.4649,33,0,0.2536,2745.0,9,0,1,0,1.0,0
0.6097,73,0,0.5918,8359.0,4,0,0,0,2.0,0
0.0801,68,0,0.3802,6800.0,9,0,1,0,0.0,0
0.2378,50,0,0.4962,2412.0,4,0,2,0,0.0,0
0.0127,65,0,0.6569,3603.0,4,0,2,0,1.0,0
0.4032,40,0,0.0455,5121.0,4,0,2,0,1.0,0
0.8115,48,0,0.4712,7220.0,4,0,2,0,0.0,0
0.0622,24,0,0.3765,4318.0,4,0,2,0,2.0,0
0.2336,42,0,0.2168,2077.0,7,0,1,0,,0
0.1019,47,1,0.4843,3132.0,8,0,1,1,2.0,0
0.0145,63,0,0.825,3906.0,10,0,1,0,1.0,0
0.5492,64,0,0.454,3061.0,6,0,0,0,2.0,0
0.0674,36,0,0.2806,7212.0,3,0,1,0,0.0,0
0.1382,39,0,0.2145,7179.0,9,0,0,0,1.0,0
0.1316,47,0,0.5953,6206.0,8,0,1,0,0.0,0
0.1388,71,0,0.4695,19054.0,5,0,2,0,0.0,1
0.2257,65,0,0.4104,3621.0,6,0,2,0,1.0,0
5.89,57,0,0.4303,6717.0,8,0,0,0,0.0,0
0.515,58,0,0.3958,2281.0,12,0,1,0,2.0,0
0.9073,54,0,0.4697,9053.0,6,0,0,0,1.0,0
2.8423,58,0,0.1426,3299.0,11,0,3,0,1.0,0
0.5225,40,0,0.2274,2628.0,6,0,1,0,0.0,0
0.4672,44,0,0.1852,2075.0,10,0,0,0,2.0,0
0.3151,40,0,0.7277,12053.0,6,0,1,0,0.0,0
0.2468,68,0,0.2586,2814.0,8,0,0,0,,0
0.2988,76,0,0.6432,7274.0,9,0,0,0,0.0,0
0.4975,52,0,0.9407,15385.0,8,0,0,0,0.0,0
0.7413,74,0,0.4097,3341.0,3,0,1,0,0.0,0
1.8602,62,2,0.6512,5425.0,12,1,1,1,3.0,0
0.3699,51,0,0.2263,7833.0,10,0,1,0,1.0,0
0.8216,25,0,0.413,3323.0,8,0,0,0,1.0,0
0.2444,84,0,0.9698,,5,0,0,0,0.0,0
2.1438,66,0,0.5687,,11,0,1,0,1.0,0
0.0046,51,0,0.1658,,7,0,1,0,,0
0.047,53,0,0.3285,8474.0,9,0,2,0,3.0,0
1.8323,73,0,0.7611,,11,0,0,0,0.0,0
4.5622,48,0,1.0158,4880.0,8,0,0,0,0.0,0
0.3643,32,0,0.1569,,4,0,3,0,2.0,0
0.0971,72,0,0.5174,,12,0,2,0,1.0,1
0.0956,44,0,0.2579,,13,0,2,0,0.0,0
0.4659,46,0,0.4456,3595.0,16,0,1,0,1.0,0
0.9874,28,0,0.9048,17988.0,3,0,2,0,0.0,0
4.4215,72,1,0.3233,10472.0,14,0,0,0,1.0,0
0.8284,65,0,0.4977,3462.0,9,0,1,0,,0
0.1624,27,0,0.4584,,13,0,1,0,1.0,0
0.1729,65,0,0.4493,3539.0,6,0,1,0,4.0,0
0.4837,62,0,0.4326,3903.0,5,0,1,0,0.0,0
0.4574,70,0,0.0857,,7,0,1,0,1.0,0
0.3538,44,0,0.8653,3987.0,7,0,2,0,2.0,0
0.2813,27,0,0.8502,5419.0,12,0,2,0,0.0,0
0.9645,44,0,1.613,9724.0,5,0,3,0,1.0,0
0.1859,31,0,0.5182,6410.0,6,0,0,0,2.0,0
0.7622,68,0,0.4028,4785.0,5,0,0,0,,0
0.3213,21,0,0.6063,,10,0,2,0,2.0,0
0.4703,48,0,0.2387,,12,0,1,0,0.0,0
0.2407,38,0,0.4352,2722.0,3,0,1,0,2.0,0
0.534,43,0,0.7126,,6,0,3,0,0.0,0
2.4028,48,0,0.6163,8303.0,17,0,1,0,0.0,0
0.8211,58,2,0.0953,,9,1,1,0,1.0,0
0.5286,52,0,0.2575,5128.0,8,0,0,0,1.0,0
0.0581,51,0,0.3684,3347.0,6,0,0,0,1.0,0
0.1454,48,0,0.2652,8912.0,8,0,0,0,0.0,0
0.3528,70,0,0.6586,1192.0,11,0,1,0,1.0,0
0.0776,62,0,0.7257,4185.0,8,0,3,0,2.0,0
0.4517,43,0,0.4818,,6,0,1,0,2.0,0
0.6508,32,0,0.4985,6701.0,5,0,2,0,2.0,0
0.4972,54,0,0.113,7411.0,9,0,1,0,0.0,0
0.0395,54,0,0.6082,,5,0,0,0,1.0,0
0.2413,41,0,1.5895,9070.0,6,0,0,0,0.0,0
0.0087,42,0,0.5125,2031.0,13,0,0,0,2.0,0
0.1272,58,0,0.8201,8889.0,12,0,2,0,,0
0.3895,83,0,0.1657,2635.0,11,0,0,0,2.0,0
0.0848,71,0,0.0537,,6,0,1,0,0.0,0
1.1415,41,0,0.6496,2643.0,6,0,3,0,0.0,0
1.8982,53,0,0.4742,2870.0,6,0,3,0,1.0,0
0.42,57,0,0.1148,6907.0,8,0,1,0,1.0,0
0.1937,60,0,0.1222,5408.0,11,0,0,0,0.0,0
0.4157,76,0,0.7894,6569.0,6,0,1,0,0.0,0
0.4176,48,0,0.7845,4103.0,10,0,2,0,0.0,0
0.4084,40,0,0.6432,7687.0,5,0,2,0,2.0,0
0.6206,54,0,0.2232,,6,0,1,0,0.0,0
0.1527,40,0,0.4963,11887.0,5,0,2,0,1.0,0
0.8559,53,0,0.1861,2651.0,3,0,1,0,0.0,0
0.3299,43,0,0.1845,,5,0,1,0,1.0,0
0.8626,62,1,0.7182,3639.0,7,0,0,1,0.0,0
0.7618,71,0,0.9029,8595.0,9,0,1,0,2.0,1
0.0077,36,0,0.3232,6496.0,10,0,0,0,3.0,0
0.6295,38,0,0.2998,6490.0,9,0,3,0,2.0,0
0.9778,38,0,0.2504,9381.0,4,0,0,0,2.0,0
0.2421,48,0,0.0632,7308.0,7,0,1,0,1.0,0
0.2577,65,0,0.4569,1330.0,8,0,1,0,0.0,0
0.0673,31,0,0.6356,,13,0,0,0,1.0,0
0.4555,56,0,0.1894,7829.0,9,0,0,0,0.0,0
0.3869,75,0,0.5312,6089.0,5,0,3,0,1.0,0
1.2175,39,0,0.1453,,8,0,0,0,0.0,0
0.4172,43,0,0.2071,12445.0,7,0,3,0,1.0,0
0.4015,43,0,0.0469,2066.0,12,0,1,0,2.0,0
0.1463,72,0,0.3063,7043.0,7,0,1,0,1.0,0
0.0916,54,0,0.7456,9620.0,9,0,1,0,1.0,0
0.3414,64,0,0.4764,5317.0,10,0,0,0,0.0,0
0.6256,44,0,0.4366,,12,0,2,0,1.0,0
0.5836,65,0,0.3549,4518.0,11,0,3,0,3.0,0
0.2841,50,0,0.3202,,8,0,2,0,2.0,0
0.1729,76,0,0.8326,6121.0,10,0,1,0,1.0,0
1.6549,64,1,1.0263,,9,0,1,0,1.0,0
0.731,75,2,0.1642,,15,0,1,0,1.0,0
0.5169,67,0,0.7217,4509.0,9,0,0,0,1.0,1
0.5166,40,0,0.201,5394.0,12,0,1,0,1.0,0
1.1673,75,1,0.1506,13315.0,5,0,1,0,1.0,0
0.1595,75,0,0.6479,2762.0,14,0,2,0,1.0,0
0.1644,33,0,0.1009,7167.0,6,0,1,0,0.0,0
2.6254,51,0,0.12,4826.0,11,0,0,0,2.0,0
0.2193,41,0,0.1297,2389.0,9,0,0,0,0.0,0
0.733,57,0,0.9392,14914.0,7,0,1,0,1.0,0
0.8359,55,0,0.1709,6504.0,5,0,1,0,,0
0.6831,59,0,0.1,9619.0,5,0,0,0,1.0,0
0.0942,43,0,0.4501,,6,0,0,0,3.0,0
0.0978,31,0,0.7616,3304.0,10,0,0,0,0.0,0
0.3739,36,0,0.2321,2540.0,7,0,0,0,0.0,0
0.1474,62,0,0.4865,,9,0,4,0,0.0,0
0.509,40,0,0.1997,6545.0,8,0,0,0,1.0,0
0.03,31,0,0.5541,3964.0,8,0,0,0,0.0,0
0.4545,40,0,0.6167,,11,0,1,0,0.0,0
0.2825,64,0,0.7969,2183.0,9,0,2,0,1.0,0
0.2703,39,0,0.4867,3944.0,6,0,0,0,0.0,0
0.2838,58,0,0.295,3724.0,9,0,2,0,1.0,0
0.0225,52,0,0.5242,4360.0,10,0,1,0,2.0,0
0.8586,54,3,0.3266,,14,0,1,0,1.0,0
0.8845,57,0,0.2051,,12,0,1,0,3.0,1
0.9576,31,0,0.0969,,8,0,1,0,0.0,0
0.4767,56,0,0.5218,9600.0,5,0,2,0,4.0,0
0.096,46,0,0.2904,,9,0,2,0,2.0,0
1.8024,47,0,0.5745,11083.0,9,0,1,0,0.0,0
0.3524,45,0,0.8263,3390.0,13,1,1,0,0.0,0
0.4516,48,0,0.6271,12237.0,5,0,2,0,0.0,0
0.4905,57,0,0.3843,,10,0,0,0,0.0,0
0.5149,62,0,0.5005,3879.0,7,0,0,0,,0
0.5125,64,0,0.2958,12342.0,6,0,1,0,1.0,0
0.008,95,0,0.8626,8147.0,12,0,0,0,3.0,0
0.1118,53,0,0.3106,,5,0,0,0,0.0,0
0.6038,69,0,0.6747,7788.0,12,0,1,0,2.0,0
0.5739,44,0,0.4486,2917.0,8,0,1,0,0.0,0
0.0813,39,4,0.3243,3164.0,9,0,0,0,0.0,0
0.5461,45,0,0.2109,1586.0,4,0,3,0,,0
0.1249,40,0,0.1326,4630.0,7,0,0,0,1.0,0
0.2404,68,0,0.6535,4872.0,11,0,3,0,0.0,0
0.247,77,0,0.4643,4467.0,11,0,0,0,1.0,0
0.3278,61,0,0.6482,7147.0,7,0,1,0,0.0,0
0.1115,52,0,0.6723,3773.0,9,0,1,0,0.0,0
0.0862,53,0,0.6417,7865.0,9,0,1,0,0.0,0
0.3478,57,0,0.899,3857.0,8,0,1,0,1.0,0
0.1359,77,2,0.6463,4026.0,11,0,0,0,1.0,0
0.5852,66,0,0.5006,9441.0,6,0,2,0,0.0,0
0.7454,78,0,0.4301,3984.0,10,0,1,0,,1
0.2464,49,0,0.669,,7,0,3,0,1.0,0
0.3179,50,0,0.5289,4168.0,14,0,1,0,1.0,0
0.3092,57,0,1.1195,3225.0,5,0,2,0,1.0,0
0.6322,40,0,0.3262,6948.0,11,0,3,0,1.0,0
0.4514,65,0,0.1651,5117.0,16,0,0,0,0.0,0
0.8264,44,0,0.9012,3892.0,2,0,0,0,1.0,0
0.2624,34,0,0.3903,,11,0,3,0,0.0,0
0.1534,84,0,0.9135,,9,0,3,0,0.0,0
0.3923,71,0,0.1381,,6,2,1,0,3.0,0
0.3299,60,0,0.7533,,7,0,1,0,0.0,0
2.5538,65,0,1.3406,10076.0,4,0,0,0,0.0,0
0.3398,63,0,0.6855,3528.0,8,0,0,0,1.0,0
0.1665,50,0,0.5046,7705.0,4,0,1,0,0.0,0
0.4067,76,0,0.5155,,6,0,1,0,0.0,0
0.4514,72,0,0.5408,,11,0,1,0,1.0,1
0.5353,64,0,0.8445,3960.0,8,0,0,0,0.0,0
2.3343,32,0,0.344,6540.0,7,0,1,1,2.0,0
2.6554,33,0,0.2796,10121.0,5,0,0,0,0.0,0
0.8264,60,0,0.7383,2669.0,15,0,0,0,1.0,0
0.2602,71,0,0.2593,4818.0,10,0,2,0,1.0,0
2.0576,37,0,0.2922,3120.0,12,0,1,0,0.0,0
5.2999,68,0,0.4695,5235.0,12,0,2,0,0.0,0
0.3136,44,0,0.6417,16207.0,4,0,1,0,1.0,0
0.3629,58,0,1.08,2753.0,11,0,0,0,0.0,0
0.3255,50,0,0.9814,1817.0,8,0,1,0,0.0,0
0.6341,47,0,0.3257,,2,0,0,0,0.0,0
0.4884,50,0,0.6286,,8,0,0,0,0.0,0
0.6903,60,0,0.3489,11367.0,7,0,1,0,0.0,0
0.0168,72,0,0.1507,,7,0,0,0,1.0,0
0.6672,44,0,0.1489,3124.0,7,0,1,0,0.0,0
0.4463,47,0,0.2423,4706.0,11,0,3,0,1.0,0
0.8376,60,0,0.1902,6259.0,8,0,0,0,1.0,0
0.4242,60,0,0.6915,,7,0,1,0,3.0,0
1.7318,39,0,0.3525,7063.0,12,0,0,2,1.0,0
0.0349,21,0,0.7933,,11,0,2,0,1.0,0
0.5733,35,0,0.2876,9093.0,7,0,0,0,0.0,0
3.3264,44,0,0.5903,8862.0,6,0,2,0,1.0,0
0.1225,51,0,0.2721,5412.0,10,0,1,0,0.0,0
0.2949,64,0,0.716,7949.0,14,0,1,0,1.0,0
0.8725,32,0,0.2788,3324.0,3,0,1,0,0.0,0
0.4879,49,0,0.5336,6726.0,13,0,2,0,0.0,0
0.699,73,0,0.5111,7876.0,8,0,1,0,0.0,0
0.1074,44,0,0.21,5923.0,10,0,3,0,0.0,0
0.5502,68,4,0.6874,10872.0,11,2,1,0,,0
0.1586,64,0,0.6132,,9,0,1,0,1.0,0
0.7365,71,0,0.5426,13547.0,6,0,1,0,0.0,0
4.0109,43,0,0.8492,4658.0,5,0,1,0,1.0,0
1.1984,52,0,0.5191,8572.0,12,0,1,0,0.0,0
0.4934,46,0,0.2452,11024.0,6,0,0,0,0.0,0
0.5542,70,1,0.516,12905.0,8,0,1,0,0.0,0
0.6519,52,0,0.7348,,6,0,0,0,0.0,0
0.1351,52,0,0.2299,,7,0,2,0,1.0,0
0.1224,21,0,0.2325,5344.0,8,0,2,0,2.0,0
14.7731,30,0,0.403,,7,0,0,0,1.0,0
0.0088,67,0,0.371,7611.0,5,0,0,0,1.0,0
0.1006,65,0,0.139,3171.0,9,0,2,0,0.0,0
0.1341,55,0,1.0334,3864.0,9,0,0,0,0.0,0
6.541,91,0,0.4628,5590.0,9,0,1,0,0.0,0
0.1727,48,0,0.3245,,6,0,3,0,1.0,0
0.7869,62,0,0.3394,4045.0,5,0,0,0,1.0,0
0.0116,60,0,0.9694,15458.0,11,0,0,0,1.0,0
2.122,67,0,0.4292,1503.0,13,0,0,0,0.0,0
0.2086,63,0,0.2653,11388.0,15,0,0,0,0.0,0
3.2945,36,0,0.3959,,7,0,0,0,0.0,0
0.1683,37,0,0.5496,9363.0,10,0,1,0,2.0,0
0.1036,51,0,0.2742,11472.0,4,0,1,0,0.0,0
0.0869,62,3,0.465,4183.0,10,0,1,1,0.0,0
0.598,79,0,0.361,5155.0,5,0,0,0,1.0,0
0.0493,62,0,0.5084,,6,0,1,0,,0
2.1277,47,0,0.036,,3,0,0,0,0.0,0
0.0817,50,0,0.4615,14194.0,14,0,1,0,0.0,0
0.2886,64,0,0.1061,,7,0,0,0,0.0,0
0.6604,48,0,0.0396,5721.0,6,0,1,0,0.0,0
0.1548,62,0,0.8589,,7,0,0,0,2.0,0
0.0794,25,0,0.5778,6962.0,6,0,1,0,0.0,0
0.4088,36,0,0.9217,2034.0,4,0,1,0,3.0,0
2.306,59,0,0.642,6082.0,8,0,2,0,0.0,0
0.4379,82,0,0.9757,13067.0,7,0,2,0,3.0,0
0.4117,44,0,0.4753,,4,0,1,0,1.0,0
0.3579,60,0,0.2708,16175.0,9,0,1,0,2.0,0
0.2618,72,0,0.2326,4778.0,6,0,0,0,0.0,0
1.1708,59,0,0.2471,4204.0,15,0,2,0,1.0,0
0.1796,52,0,0.1281,7959.0,4,0,0,0,2.0,0
0.0901,72,0,0.3513,9791.0,8,0,1,0,1.0,0
0.5849,35,0,0.4244,5530.0,6,0,1,0,1.0,0
0.2853,23,0,0.9754,8619.0,7,0,1,0,1.0,0
0.5745,33,0,0.422,8080.0,12,0,0,0,0.0,0
0.1176,28,0,0.0872,,7,0,1,0,1.0,0
0.1345,40,2,0.5611,3365.0,6,0,3,0,1.0,0
0.2546,50,0,1.0927,4156.0,10,0,0,0,0.0,0
0.6628,44,0,0.614,2587.0,12,0,2,0,0.0,0
0.572,21,0,0.333,3311.0,9,0,1,0,0.0,0
0.0977,48,0,0.5403,12313.0,7,0,0,0,1.0,0
0.6479,51,0,0.2011,4442.0,12,0,1,0,1.0,0
0.5609,62,0,0.0782,8461.0,6,0,0,0,2.0,0
0.7723,68,0,0.2097,6741.0,12,0,2,0,1.0,0
0.6909,61,0,0.5358,9053.0,5,0,0,0,0.0,0
5.4281,21,1,0.5463,4855.0,10,0,0,0,1.0,0
0.4954,42,0,0.2285,2439.0,10,0,4,0,2.0,0
0.6094,45,0,0.4544,,6,0,0,0,0.0,0
0.3189,36,0,0.9052,5675.0,6,0,1,0,2.0,0
0.0915,74,0,0.7644,28860.0,12,0,1,0,0.0,0
0.3337,46,0,0.2965,3498.0,8,0,4,0,0.0,0
0.7646,38,0,0.7539,10096.0,10,0,1,0,0.0,0
0.9911,59,0,0.1062,,7,0,2,0,3.0,0
0.5181,30,0,0.4829,4427.0,9,0,0,0,2.0,0
0.7468,38,0,0.9291,2747.0,9,0,1,0,0.0,0
0.5428,57,0,0.4264,10436.0,6,0,0,0,1.0,0
0.2986,38,0,0.4348,,6,0,0,0,1.0,0
0.384,76,0,0.5469,12859.0,9,0,0,0,1.0,0
0.2219,60,4,0.9648,3999.0,7,0,0,1,2.0,1
0.6639,53,0,0.152,5172.0,9,0,1,0,2.0,0
0.5338,56,0,0.2801,2377.0,6,0,0,0,2.0,0
0.0839,32,0,0.1522,4985.0,8,0,1,0,1.0,0
0.3526,51,0,0.7612,6731.0,9,0,1,0,0.0,0
0.2688,35,0,0.5577,2649.0,10,0,0,0,2.0,0
0.2135,69,0,0.0397,4711.0,7,0,1,0,1.0,0
0.2147,81,0,0.4033,7448.0,6,0,2,0,0.0,0
1.0936,34,0,1.1463,4831.0,8,0,1,0,0.0,1
0.3457,45,0,1.0457,8617.0,8,0,1,0,0.0,0
0.5589,55,0,0.4987,,7,0,0,0,1.0,0
0.07,69,0,1.0474,3698.0,11,0,3,0,,0
0.3049,80,0,1.1973,8085.0,11,0,1,0,1.0,0
0.1619,52,0,0.1923,4887.0,11,0,1,0,0.0,0
0.5422,73,0,0.4775,8133.0,7,0,2,0,,0
0.2089,54,0,0.978,2822.0,7,0,1,0,0.0,0
0.3228,47,0,0.3822,,7,0,3,0,2.0,0
0.6476,31,0,0.6768,,14,0,3,0,0.0,0
0.0988,42,1,0.811,6761.0,10,0,3,2,1.0,0
0.1986,52,0,0.0974,8337.0,5,0,0,0,2.0,0
0.1929,46,0,0.4233,,8,0,0,0,0.0,0
0.0648,90,0,0.3255,,8,0,3,0,1.0,0
0.2791,56,0,0.8398,2931.0,12,0,1,0,1.0,0
0.1593,49,0,0.5225,,14,0,1,0,0.0,0
0.5373,31,0,0.9416,3695.0,6,0,3,0,0.0,0
0.2054,47,0,0.5272,2288.0,6,0,0,0,0.0,0
0.1326,44,0,0.4436,4823.0,9,0,1,0,0.0,0
0.107,51,0,0.3861,7639.0,7,0,1,0,0.0,0
0.0047,79,0,0.1314,8718.0,7,0,0,0,0.0,1
0.7271,61,0,0.2566,,6,0,3,0,4.0,0
0.0245,57,0,0.5618,3255.0,7,0,1,0,1.0,0
0.8086,48,0,0.1798,2381.0,1,0,0,0,3.0,0
0.5167,47,0,0.1521,,7,0,1,0,0.0,0
0.1155,56,0,0.4706,7006.0,8,0,2,0,1.0,0
0.2748,60,0,0.1796,6619.0,8,0,0,0,1.0,0
0.2367,61,0,0.3136,20597.0,5,0,0,0,2.0,0
0.0171,64,0,0.3047,4719.0,8,0,2,0,0.0,0
6.6991,65,0,0.7047,3481.0,3,0,2,0,2.0,0
0.0646,33,0,0.4335,2560.0,6,0,1,0,0.0,0
3.9738,56,0,0.3189,7120.0,4,0,0,0,0.0,0
0.4505,69,0,0.67,6199.0,9,0,1,0,3.0,0
1.5101,45,0,1.3878,,6,0,1,0,1.0,1
2.5038,40,0,0.6281,6386.0,6,0,2,0,2.0,0
0.2176,27,0,0.1766,2421.0,7,0,0,0,1.0,0
0.1376,39,0,0.2903,2346.0,10,0,0,0,0.0,0
0.1457,49,0,0.7229,2412.0,6,0,2,0,1.0,0
0.4259,68,0,0.0964,3631.0,8,0,0,0,1.0,0
1.1386,32,0,0.4216,,10,0,2,0,0.0,0
0.0388,68,0,0.302,5501.0,7,0,1,0,1.0,0
0.5922,53,0,0.1294,4935.0,8,0,1,0,0.0,0
0.3401,31,0,0.2504,2490.0,10,0,0,0,1.0,0
0.5288,61,0,0.7265,2757.0,4,0,0,0,0.0,0
0.326,61,0,1.0719,3080.0,7,0,0,0,2.0,0
0.3785,55,0,0.3488,5508.0,5,0,2,0,0.0,0
0.0138,58,0,0.3586,9500.0,8,0,1,0,0.0,0
0.2441,62,0,0.6426,20432.0,12,0,0,0,2.0,0
0.212,54,0,0.4187,5091.0,6,0,5,0,1.0,0
0.1863,65,0,0.4512,1243.0,3,0,0,0,0.0,0
0.1112,35,0,0.1787,9326.0,11,0,0,0,1.0,0
0.3073,57,0,0.2076,6024.0,8,0,3,0,2.0,0
0.02,57,0,0.3535,,5,0,2,0,1.0,0
0.0335,67,0,0.1289,6661.0,16,0,0,0,0.0,0
0.021,62,0,0.2965,3174.0,9,0,2,0,0.0,0
0.247,46,0,0.1785,7006.0,10,0,0,0,1.0,0
0.0385,60,0,0.584,10315.0,8,0,3,0,2.0,0
0.0191,40,0,0.8352,17659.0,4,0,1,0,0.0,0
2.3209,39,0,0.3536,9065.0,6,0,1,0,0.0,0
1.0055,51,3,0.4891,,10,0,1,0,0.0,0
0.2313,38,0,0.4384,4924.0,9,0,1,0,1.0,0
0.0035,49,0,0.2763,7713.0,13,0,0,0,1.0,0
0.1689,61,0,0.8346,11299.0,11,0,1,0,2.0,0
0.147,65,0,0.76,,5,0,1,0,1.0,0
0.0235,37,0,0.4202,1389.0,11,0,2,0,0.0,0
0.9716,23,0,0.6516,748.0,10,0,1,0,1.0,1
0.7395,39,0,0.6042,10041.0,8,0,2,0,,0
4.4978,47,0,0.9993,6116.0,12,0,0,0,0.0,0
0.1334,84,0,0.8317,,8,0,0,0,0.0,0
0.5815,42,0,0.9511,2456.0,7,0,0,0,0.0,0
0.4522,76,0,0.1303,4937.0,7,0,2,0,3.0,0
0.4698,62,0,0.4154,3007.0,8,0,0,0,0.0,0
0.3884,51,1,0.1042,2428.0,7,0,1,0,0.0,0
2.3163,50,0,0.5989,2816.0,4,0,1,0,1.0,0
0.709,69,0,0.3079,4830.0,11,0,2,0,,0
0.0404,44,0,0.6291,5118.0,7,0,0,0,0.0,0
0.1919,79,0,0.0145,6234.0,8,0,0,0,0.0,0
0.1616,60,0,0.7071,,12,0,1,0,0.0,0
0.2743,48,0,0.3702,3615.0,4,0,2,0,1.0,0
0.3896,54,0,0.6104,,5,0,0,0,1.0,0
2.5321,68,0,0.6486,4367.0,6,0,2,0,1.0,0
0.6538,77,0,0.3897,13559.0,8,0,0,0,0.0,0
0.5983,58,0,0.2608,12357.0,8,0,3,0,1.0,0
0.5383,46,0,0.495,2361.0,5,0,0,0,0.0,0
2.3962,56,0,0.6583,3112.0,7,0,1,0,0.0,0
0.0866,37,0,0.5826,,3,0,0,0,0.0,0
0.3861,63,0,0.8936,12062.0,4,0,2,0,0.0,0
0.7871,43,0,0.7896,10111.0,7,0,0,0,0.0,0
0.5948,46,0,0.7102,4666.0,9,0,1,0,1.0,0
0.165,65,0,0.905,9432.0,9,0,0,0,1.0,0
0.3842,65,0,0.5103,6849.0,5,0,0,0,2.0,0
1.1463,40,0,0.0821,3931.0,6,0,0,0,0.0,0
0.183,56,0,0.3886,4694.0,10,0,1,0,2.0,0
0.4373,54,0,0.865,7394.0,9,0,1,0,0.0,0
0.7342,43,0,0.6294,5631.0,13,0,0,0,0.0,0
0.1103,55,0,0.6241,3386.0,9,0,1,0,0.0,0
0.9352,52,0,0.2088,,9,0,0,0,1.0,0
0.347,49,0,0.2594,9046.0,13,0,1,0,0.0,0
1.6411,65,0,0.8569,2866.0,9,0,1,0,0.0,1
0.6959,34,0,0.6758,,7,0,1,0,2.0,0
0.0193,47,0,0.6272,14627.0,3,2,1,2,1.0,0
0.6489,44,0,0.3142,2909.0,8,0,2,0,2.0,0
0.0782,34,0,0.6581,2744.0,7,0,1,0,2.0,0
0.4985,55,0,0.3186,4037.0,8,0,0,0,0.0,0
0.01,40,0,0.1006,5622.0,5,0,0,0,2.0,0
0.3845,44,0,0.4921,12291.0,8,0,1,0,1.0,0
0.2707,61,0,0.6992,3460.0,13,0,0,0,1.0,0
0.578,30,2,0.4833,,9,0,0,3,1.0,0
1.8718,60,0,0.0188,7046.0,4,0,0,0,0.0,0
2.8876,72,0,0.4112,2969.0,10,0,0,0,3.0,0
0.4785,56,0,0.477,3355.0,6,0,2,0,1.0,0
1.9565,63,0,0.4849,,12,0,2,0,1.0,0
0.8867,89,0,0.2642,6252.0,7,0,2,0,0.0,0
0.4258,56,0,0.3861,5231.0,5,0,1,0,3.0,1
0.1832,58,0,0.7758,9884.0,15,0,1,0,0.0,0
0.3266,67,0,0.4895,7479.0,9,0,0,0,1.0,0
0.6985,45,0,0.6401,7461.0,9,0,0,0,0.0,0
0.1402,42,0,0.8748,1736.0,6,0,1,0,1.0,0
0.6204,52,0,0.2708,11616.0,2,0,2,0,1.0,0
0.5464,48,0,0.0871,7997.0,5,0,3,0,0.0,0
0.583,35,0,0.4843,14662.0,9,0,1,0,0.0,0
0.1012,34,0,0.17,4500.0,9,0,1,0,1.0,0
0.7367,33,0,0.3958,3140.0,7,0,1,0,1.0,0
2.8676,45,0,0.2948,13682.0,6,0,2,0,0.0,0
0.7391,37,0,0.6753,6064.0,5,0,0,0,0.0,0
1.3331,60,0,0.3802,11578.0,9,0,1,0,0.0,0
0.2183,72,0,0.7651,3174.0,8,0,0,0,0.0,0
6.0625,59,0,0.5674,2386.0,13,0,3,0,0.0,0
0.337,42,0,0.0268,2952.0,15,0,0,0,0.0,0
0.9439,82,1,0.4746,,2,0,0,1,2.0,0
6.8955,44,0,0.2074,6479.0,4,0,1,0,1.0,0
2.5587,46,2,0.2676,3283.0,6,1,2,0,0.0,0
0.3604,48,0,0.1353,3242.0,13,0,1,0,0.0,0
0.0237,65,0,0.4963,4571.0,6,0,0,0,0.0,0
0.6657,41,0,1.573,4368.0,12,0,1,0,2.0,0
0.2684,76,0,0.177,7299.0,10,0,1,0,0.0,0
0.138,26,5,0.4844,3738.0,9,0,1,0,1.0,1
0.1918,42,0,0.1268,8973.0,3,0,1,0,0.0,1
0.0013,65,0,0.2025,8794.0,6,0,1,0,0.0,0
0.3233,86,0,0.4684,9087.0,3,0,2,0,1.0,0
0.2773,74,0,0.6131,2524.0,8,0,1,0,1.0,0
0.165,61,0,0.7283,3012.0,8,0,0,0,1.0,0
0.6294,41,0,0.0581,,10,0,0,0,1.0,1
0.1515,44,0,0.9883,,9,0,2,0,2.0,0
1.3988,63,0,0.5037,2837.0,7,0,0,0,0.0,0
0.0869,63,0,1.1638,7333.0,10,0,1,0,1.0,0
0.1095,47,0,0.626,7660.0,14,0,2,0,0.0,0
0.4839,47,0,0.4141,4021.0,10,0,3,0,0.0,0
0.1881,68,0,0.9083,8328.0,9,0,3,0,0.0,0
0.6353,63,0,0.4148,4819.0,6,0,1,0,2.0,0
0.275,58,0,0.32,,9,0,0,0,0.0,0
0.5652,42,0,0.3944,4531.0,11,0,4,0,0.0,0
0.1,58,0,0.1502,,7,0,0,0,,0
3.3205,46,0,1.153,15348.0,14,0,0,0,4.0,0
0.1969,52,0,0.3059,5705.0,12,0,1,0,1.0,0
0.5667,55,0,0.472,12883.0,9,0,0,0,0.0,0
0.3995,60,0,0.3367,10598.0,5,0,1,0,0.0,0
0.5385,25,0,0.1603,,4,0,0,0,2.0,0
0.5779,67,0,0.0618,3582.0,5,0,0,0,3.0,0
1.8623,66,0,0.1276,1212.0,6,0,0,0,1.0,0
0.2996,63,0,0.524,3334.0,8,0,1,0,0.0,0
3.2809,58,0,0.4896,1756.0,6,0,0,0,2.0,0
0.2676,34,0,0.5293,16222.0,10,0,0,0,,0
1.7685,66,0,1.3162,5469.0,5,0,2,0,1.0,0
0.0774,45,0,0.4445,,8,0,2,0,2.0,0
0.3151,43,0,0.3813,4213.0,10,0,0,0,,0
0.2697,80,0,0.5611,6741.0,6,0,3,0,0.0,0
0.4358,56,0,0.4261,,7,0,0,0,0.0,0
0.4632,49,0,0.7122,,9,0,0,0,0.0,0
0.6964,46,0,0.2912,7012.0,10,1,0,1,2.0,0
0.3588,55,0,0.528,,7,0,1,0,0.0,0
0.1125,42,0,0.2301,2413.0,11,0,0,0,0.0,0
0.6861,21,0,0.8606,6399.0,7,0,0,0,4.0,0
0.3435,36,0,0.6679,4001.0,8,0,0,0,1.0,0
0.5361,52,0,0.699,3670.0,6,0,2,0,1.0,0
0.6037,63,0,0.8089,11278.0,10,0,1,0,2.0,0
2.1977,61,0,0.633,6629.0,11,0,1,0,0.0,0
0.3326,61,0,0.35,5006.0,10,0,0,0,1.0,0
0.2146,40,0,0.6489,13366.0,9,0,1,0,1.0,0
0.3099,55,0,0.084,2892.0,6,0,2,0,2.0,0
0.0708,62,0,0.8411,7333.0,9,0,1,0,0.0,0
0.2783,62,0,0.6921,,12,0,0,0,0.0,0
0.8529,44,0,0.4542,,8,0,0,0,0.0,0
0.1548,61,0,0.3977,9178.0,6,0,0,0,0.0,1
0.2108,54,0,0.7368,6662.0,13,0,1,0,,0
0.8118,47,0,0.2077,,10,0,1,0,1.0,0
0.3938,37,0,0.2989,7756.0,8,0,2,0,1.0,0
0.1844,49,0,0.1719,3450.0,11,0,1,0,0.0,0
1.7862,43,0,0.1135,4531.0,9,0,4,0,1.0,1
0.029,38,0,0.2014,14919.0,10,0,0,0,1.0,0
0.3508,47,0,0.2576,3081.0,7,0,1,0,,0
0.8588,46,2,0.5579,1951.0,7,0,1,1,0.0,0
0.3039,83,0,0.7002,,12,0,0,0,0.0,0
0.2145,65,0,0.4519,6656.0,10,0,1,0,1.0,0
0.1147,43,0,0.1961,4036.0,7,0,0,0,,0
0.0514,68,0,0.8045,,9,0,2,0,2.0,0
0.4127,58,0,0.5077,6227.0,5,0,1,0,1.0,0
0.19,33,0,0.7003,4198.0,8,0,1,0,0.0,0
0.1868,53,0,0.4648,9434.0,6,0,2,0,1.0,0
0.7758,55,0,0.4077,,10,0,0,0,1.0,0
0.3735,48,0,0.2973,3244.0,7,0,1,0,3.0,0
0.2251,27,0,0.2516,,10,0,1,0,1.0,0
0.9892,22,0,0.1793,,6,0,0,0,0.0,1
0.2247,62,0,0.9679,18126.0,9,0,0,0,1.0,0
0.1005,53,0,0.5984,2530.0,2,0,2,0,1.0,0
0.4572,42,0,0.3325,3869.0,12,0,3,0,0.0,0
0.8588,67,0,0.2299,9766.0,6,0,0,0,0.0,0
0.2583,53,0,0.5298,,7,0,1,0,0.0,0
0.0959,35,0,0.2152,2154.0,7,0,1,0,2.0,0
0.0488,54,0,0.5764,6818.0,11,0,1,0,1.0,0
1.5217,64,0,0.639,10193.0,8,0,0,0,0.0,0
3.7608,21,0,0.2645,,8,0,0,0,0.0,0
0.4371,67,0,0.6688,3214.0,10,0,0,0,1.0,0
0.4426,68,0,0.692,11706.0,17,0,0,0,0.0,0
0.3222,60,0,0.6815,12414.0,6,0,0,0,0.0,0
0.0357,51,0,0.7955,2069.0,14,0,0,0,1.0,0
0.2412,56,0,0.9053,,6,0,3,0,3.0,0
0.0268,39,0,0.2399,4694.0,7,0,0,0,1.0,0
0.7181,40,0,0.1795,4505.0,11,0,0,0,0.0,0
0.1463,72,0,0.169,4805.0,4,0,2,0,0.0,0
0.2157,44,0,0.0961,,10,0,1,0,1.0,0
0.0609,46,0,0.5493,8563.0,8,0,1,0,3.0,0
0.3227,62,0,0.4867,,3,0,1,0,0.0,0
0.4554,24,0,0.6759,1689.0,5,0,1,0,2.0,0
0.3977,44,0,0.4636,,10,0,0,0,0.0,0
0.0296,45,0,0.7929,9501.0,9,0,0,0,0.0,0
0.4167,52,1,0.4325,,4,0,2,0,0.0,0
0.6034,60,0,0.8854,3560.0,7,0,0,0,0.0,0
0.0962,51,0,0.7356,,6,0,2,0,1.0,0
1.3484,52,0,0.637,3838.0,2,0,1,0,0.0,0
0.638,32,0,0.2973,3537.0,4,0,1,0,4.0,0
0.3914,21,0,0.2991,,5,0,0,0,1.0,0
0.1523,48,0,0.3493,19098.0,11,0,2,0,0.0,0
0.1205,40,0,0.6103,4371.0,9,0,0,0,0.0,0
0.2939,48,0,0.4501,18713.0,8,0,4,0,0.0,0
6.9236,58,0,0.4569,5514.0,9,0,2,0,0.0,0
9.6036,33,0,0.4964,3441.0,9,0,1,0,0.0,0
0.8588,71,0,0.1075,,8,0,2,0,1.0,0
0.4535,60,0,0.6044,4841.0,10,0,1,0,1.0,0
0.5289,50,0,0.2517,2785.0,10,0,1,0,0.0,0
1.0714,57,0,0.268,4107.0,10,0,1,0,0.0,0
0.398,44,0,0.7294,3963.0,4,0,0,0,0.0,0
0.6055,43,0,0.8105,1926.0,7,1,0,0,1.0,1
0.5349,25,0,0.535,1903.0,10,0,0,0,0.0,1
0.8357,21,0,0.4962,2591.0,9,0,2,0,1.0,1
0.3866,51,0,0.9651,3723.0,4,0,2,0,2.0,0
0.1548,28,0,0.5632,3926.0,8,0,4,0,1.0,0
0.1814,62,0,0.371,11087.0,9,0,3,0,1.0,0
0.6536,48,0,0.1726,7108.0,7,0,1,0,0.0,0
0.4516,44,0,0.7288,2238.0,12,0,0,0,1.0,0
0.1911,42,0,0.9018,10401.0,3,0,3,0,0.0,0
0.2414,22,0,0.4576,,5,0,0,0,0.0,0
0.2092,59,0,0.8011,,9,0,1,0,1.0,0
0.0965,59,0,0.7742,,8,0,0,0,1.0,0
0.1137,35,0,0.3817,6250.0,15,0,0,0,0.0,0
0.5482,59,0,0.2337,9265.0,7,0,1,0,1.0,0
2.2278,33,0,0.2407,2814.0,5,0,0,0,0.0,0
2.6717,30,0,0.9789,,11,0,2,0,1.0,0
0.7825,70,0,0.6998,10500.0,4,0,3,0,1.0,0
0.0339,27,0,0.3796,3350.0,10,0,0,0,3.0,0
0.0537,26,0,0.5127,2693.0,9,0,0,0,2.0,0
0.0106,40,0,0.4775,7945.0,8,0,0,0,1.0,0
0.5224,59,0,0.4045,5417.0,6,0,0,0,1.0,0
2.1678,46,1,0.9739,11426.0,9,0,0,0,,0
0.1671,66,0,1.0304,,8,0,2,0,3.0,0
0.5941,69,0,0.4615,,10,0,0,0,0.0,0
0.133,51,0,0.6431,15005.0,8,0,3,0,0.0,0
1.5951,45,0,0.417,,8,0,1,0,1.0,1
2.4307,64,0,0.7104,,10,0,0,0,1.0,0
0.3528,67,0,0.3577,,5,0,3,0,1.0,0
0.6077,35,0,0.5877,,6,0,3,0,0.0,0
1.9069,65,0,0.6903,4249.0,6,0,2,0,2.0,1
1.9473,45,0,0.075,7000.0,4,0,1,0,1.0,0
0.2084,50,0,0.5871,4397.0,3,0,2,0,0.0,0
0.2692,65,0,0.1632,4268.0,5,0,0,0,0.0,0
0.4177,41,0,0.6912,5587.0,7,0,2,0,1.0,0
0.556,67,0,0.4976,,6,0,2,0,1.0,0
0.7114,35,0,0.3505,2053.0,8,0,2,0,,0
0.6877,53,0,0.3155,4071.0,11,0,0,0,0.0,0
0.0298,31,0,0.5716,4474.0,6,0,2,0,0.0,0
0.2031,46,0,0.0996,,9,0,0,0,0.0,0
0.3291,66,0,0.1935,5549.0,9,0,0,0,1.0,0
0.1891,26,0,0.5927,6576.0,7,0,2,0,,1
0.4745,29,0,0.6658,7720.0,5,0,1,0,0.0,0
0.0637,66,0,0.2356,4526.0,10,0,1,0,2.0,0
0.4286,45,0,0.278,,6,0,0,0,0.0,0
0.1599,48,0,1.2803,,7,0,0,0,2.0,0
0.2619,62,0,0.7311,,8,0,0,0,2.0,0
0.6743,61,0,0.5409,7608.0,7,0,3,0,1.0,0
4.1182,34,0,0.8337,6868.0,4,0,2,0,0.0,0
0.5008,51,0,0.1456,10142.0,14,0,0,0,1.0,0
0.2548,53,0,0.1391,9618.0,11,0,1,0,0.0,0
0.4408,50,0,0.3764,10094.0,12,0,0,0,1.0,0
0.725,42,0,0.7588,8518.0,5,0,3,0,1.0,0
0.3456,57,0,0.1956,,13,0,1,0,1.0,0
0.0526,44,0,0.6035,5703.0,7,0,4,0,0.0,0
0.2277,54,0,0.6298,5206.0,5,0,0,0,1.0,0
1.5911,51,0,0.5488,5813.0,4,0,0,0,0.0,0
0.0053,58,0,0.8111,17332.0,10,0,0,0,1.0,0
1.8342,28,0,0.2094,,12,0,0,0,1.0,0
0.5077,54,1,0.3308,8478.0,6,0,2,1,0.0,0
0.4094,73,0,0.431,6716.0,13,0,0,0,,0
0.067,68,0,0.9621,3225.0,9,0,1,0,0.0,0
0.7352,43,0,0.4354,2256.0,7,0,2,0,1.0,0
0.7289,57,0,0.3846,,6,0,1,0,,0
0.5983,45,0,0.5468,3795.0,9,0,2,0,0.0,1
0.3736,42,0,0.068,4407.0,5,0,0,0,1.0,0
0.1318,55,0,0.4636,,15,0,0,0,1.0,0
0.5138,49,0,0.4767,4287.0,5,0,0,0,1.0,0
0.4967,24,0,0.4519,2174.0,5,0,1,0,1.0,0
1.1605,65,0,0.506,5527.0,13,0,3,0,1.0,0
0.6221,58,0,0.693,2068.0,10,0,1,0,1.0,0
0.9535,64,0,0.6067,13393.0,7,0,0,0,1.0,0
0.8555,60,0,0.4906,4277.0,8,0,0,0,1.0,0
2.8765,68,0,0.101,5491.0,4,0,0,0,1.0,0
6.9008,59,0,0.3677,15426.0,7,0,2,0,0.0,0
0.4881,36,0,0.0605,6590.0,9,0,2,0,0.0,0
0.1908,36,0,0.7882,,6,0,0,0,0.0,0
0.6169,46,0,0.5828,,8,0,1,0,0.0,0
0.4392,40,0,0.5125,4845.0,5,0,0,0,0.0,0
0.9016,21,0,0.0795,4607.0,8,0,1,0,1.0,0
0.3045,37,0,0.4425,23061.0,3,0,0,0,2.0,1
0.7616,68,0,0.865,11653.0,7,0,0,0,0.0,0
0.1448,37,0,0.3241,3896.0,9,0,0,0,0.0,0
0.2567,55,0,0.0415,2348.0,7,0,2,0,0.0,0
3.0646,40,0,0.0979,4924.0,1,0,0,0,0.0,1
0.6299,52,0,0.3926,7228.0,9,0,1,0,3.0,0
1.2316,47,0,1.2064,3186.0,9,0,0,0,,1
0.5549,41,0,0.8623,6065.0,6,0,1,0,0.0,0
0.2637,57,0,0.1756,11819.0,15,0,1,0,0.0,0
0.0329,45,0,0.2795,9256.0,5,0,2,0,0.0,0
0.4626,35,0,0.8375,8124.0,7,0,0,0,1.0,0
0.9582,50,3,0.4649,5893.0,6,1,0,1,1.0,0
0.5189,73,0,0.8758,2785.0,3,0,0,0,0.0,1
0.2662,42,0,0.2635,,16,0,0,0,0.0,0
0.7168,51,0,0.9545,3178.0,6,0,0,0,0.0,0
3.8104,62,0,0.8175,3408.0,8,0,0,0,3.0,0
9.8901,52,0,0.355,2841.0,10,0,1,0,4.0,0
2.232,31,3,0.2583,,10,0,1,2,0.0,0
0.7046,35,0,0.7148,6503.0,9,0,2,0,1.0,0
0.5224,25,0,0.2365,1568.0,9,0,0,0,0.0,0
0.0205,49,0,0.3319,4457.0,0,0,0,0,0.0,0
0.022,33,0,0.0575,,6,0,0,0,1.0,0
0.1071,41,0,0.3792,10103.0,8,0,2,0,2.0,0
1.0378,55,0,0.3468,5685.0,8,0,1,0,0.0,0
0.0632,49,0,0.2507,3374.0,14,0,0,0,0.0,0
3.9264,28,0,0.2854,6205.0,10,0,1,0,2.0,1
0.4984,49,0,0.6162,2610.0,6,0,2,0,2.0,0
0.4711,50,0,0.1075,3483.0,6,0,0,0,1.0,1
2.0904,72,0,1.0366,,7,0,0,0,0.0,0
0.5956,54,2,0.5177,7653.0,8,0,1,0,0.0,0
1.1474,64,0,0.5387,6615.0,11,0,2,0,0.0,0
0.2666,78,0,0.6853,2942.0,11,0,0,0,1.0,0
0.4532,69,0,0.1272,11302.0,8,0,2,0,2.0,0
0.0964,36,0,0.9767,6942.0,10,0,1,0,,0
4.9532,49,0,0.4572,7576.0,6,0,0,0,0.0,0
4.7066,92,0,0.6346,,7,0,0,0,0.0,0
0.1248,40,0,0.6063,,9,0,1,0,1.0,0
0.2891,51,0,0.0499,11415.0,7,0,2,0,1.0,0
4.0509,65,0,0.5266,3470.0,12,0,2,0,2.0,0
0.6448,57,0,0.8052,6745.0,5,0,0,0,0.0,0
0.5538,45,0,0.4821,3278.0,8,0,0,0,2.0,0
0.5828,65,0,0.2709,7720.0,10,0,0,0,0.0,0
0.2784,33,0,0.7403,2345.0,13,0,1,0,0.0,0
0.4877,46,0,0.3568,4581.0,7,0,0,0,0.0,0
0.1932,58,0,0.395,3764.0,7,0,0,0,3.0,0
0.8,37,0,0.3225,,9,0,1,0,1.0,0
0.4657,70,0,0.1912,7406.0,7,0,1,0,3.0,0
0.3674,61,0,0.0872,,9,0,3,1,1.0,0
0.0826,70,0,0.284,4810.0,11,0,2,0,1.0,0
0.9697,79,2,0.2925,5066.0,13,0,0,3,1.0,0
0.2163,56,0,0.4163,,12,0,0,0,0.0,0
0.2729,33,0,0.8461,8745.0,13,0,1,0,0.0,0
0.7512,57,0,0.6575,,5,0,0,0,1.0,0
0.1283,56,0,0.384,,7,0,1,0,0.0,0
0.7935,68,0,0.9716,4041.0,15,0,3,0,2.0,0
0.7276,41,0,0.2715,,10,0,3,0,1.0,0
0.9752,34,0,0.8495,2854.0,10,0,0,0,3.0,0
0.7116,47,0,0.5357,1589.0,9,0,1,0,0.0,0
0.4272,72,0,0.499,5627.0,5,0,0,0,0.0,0
0.0992,56,0,0.1935,2957.0,7,0,1,0,0.0,0
0.768,49,0,0.6002,2222.0,6,0,0,0,0.0,0
0.0425,51,0,0.482,6017.0,10,0,2,0,3.0,0
0.9254,52,0,0.5922,3434.0,6,0,0,0,0.0,0
0.7518,68,0,0.8685,11340.0,8,0,2,0,1.0,0
0.5725,55,0,0.3293,4844.0,11,0,0,0,2.0,0
0.28,78,0,0.0514,,11,0,0,0,1.0,0
0.7858,52,0,0.1785,2700.0,8,0,1,0,1.0,0
0.0629,51,0,0.4707,7753.0,4,0,2,0,2.0,0
5.2273,65,0,0.5189,8857.0,7,0,0,0,2.0,0
0.0457,53,0,1.006,4825.0,6,0,2,0,0.0,0
0.6167,88,0,0.3039,,6,0,0,0,0.0,0
0.3722,43,0,0.6855,,6,0,0,0,3.0,0
0.1701,48,0,0.3967,1547.0,5,0,0,1,0.0,0
0.363,28,0,0.4512,5311.0,7,0,0,0,0.0,0
0.2545,70,0,0.4693,7667.0,9,0,0,0,0.0,0
0.0163,78,0,0.3235,6755.0,12,0,0,0,1.0,0
0.9441,57,0,0.8314,2009.0,9,0,0,0,1.0,0
1.9895,73,0,0.2236,11180.0,9,0,0,0,1.0,0
0.1508,32,0,0.4365,11791.0,10,0,0,0,1.0,0
0.379,64,0,0.7054,6157.0,7,0,1,0,1.0,0
0.2826,60,0,0.4379,6001.0,8,0,1,0,3.0,0
0.2285,80,0,0.7041,3839.0,9,0,0,0,1.0,0
0.9545,61,0,0.9692,,10,0,0,0,0.0,1
0.3456,61,0,0.8751,9212.0,5,0,0,0,0.0,0
0.3227,48,0,0.7898,,5,0,2,0,1.0,0
0.3162,66,0,0.469,8160.0,4,0,2,0,0.0,0
0.0822,34,0,0.3425,4501.0,11,0,0,0,1.0,0
3.1662,47,0,0.8607,3357.0,10,0,0,0,1.0,0
0.0233,49,0,0.3691,2104.0,6,0,2,0,0.0,0
0.5272,25,0,0.5947,3650.0,5,0,1,0,1.0,0
4.8351,61,0,0.2601,4253.0,7,0,2,0,0.0,0
0.1221,31,0,1.1873,5945.0,9,0,0,0,0.0,0
0.0235,68,0,0.6703,3103.0,6,0,3,0,1.0,0
0.2407,38,0,0.7777,5828.0,6,0,2,0,1.0,0
0.1741,51,0,0.0462,4331.0,12,0,1,0,1.0,0
0.3747,64,0,0.2317,3114.0,7,0,0,0,3.0,0
0.1613,83,0,0.4485,3219.0,4,0,0,0,1.0,0
0.1078,45,0,0.7355,6464.0,8,0,1,0,0.0,0
0.3331,43,0,0.5685,3548.0,6,0,0,0,1.0,0
0.5074,68,0,0.2891,8464.0,7,0,1,0,0.0,0
0.1623,56,0,0.6206,,8,0,2,0,0.0,0
0.0789,61,0,0.5039,12639.0,11,0,1,0,0.0,0
1.2759,58,0,0.7337,,8,0,0,0,0.0,0
0.6839,52,0,0.6588,2314.0,8,0,2,0,2.0,0
2.6574,49,0,1.046,4187.0,10,0,1,1,1.0,0
0.0051,76,0,0.6299,4373.0,9,0,1,0,3.0,0
0.1202,34,0,0.1813,,6,0,1,0,1.0,0
0.2323,32,0,0.6982,3792.0,11,0,1,0,0.0,0
0.36,39,0,0.4222,7811.0,10,0,0,0,1.0,0
0.6787,77,0,0.4631,13793.0,9,0,2,0,0.0,0
0.9162,81,0,0.7785,13658.0,9,0,1,0,1.0,0
0.1283,65,0,0.0292,7425.0,12,0,3,0,2.0,0
0.4489,26,0,0.4317,5374.0,8,0,1,0,0.0,0
0.2462,62,0,0.4119,5751.0,9,0,1,0,1.0,0
0.2843,51,0,0.47,7675.0,2,0,0,0,1.0,0
0.0345,39,1,0.6728,,9,0,0,0,0.0,0
0.6825,73,0,0.5654,14723.0,9,0,1,0,1.0,0
0.9627,72,0,0.7293,5390.0,10,0,0,0,0.0,1
0.2515,44,0,0.3534,8027.0,3,0,1,0,1.0,0
0.5757,67,0,0.2023,5830.0,6,0,2,0,3.0,0
0.8934,44,0,0.021,,9,0,1,0,2.0,0
0.2272,54,0,0.5805,,9,0,1,0,0.0,0
0.2552,34,0,0.6858,6570.0,7,0,0,0,0.0,0
0.2808,42,0,0.343,4923.0,6,0,1,0,,0
0.7721,33,0,0.657,7620.0,6,0,0,0,2.0,0
0.3387,46,0,0.7471,2910.0,7,0,1,0,0.0,0
0.2443,28,0,0.0986,10642.0,8,0,0,0,0.0,0
0.3151,90,0,0.6319,5504.0,8,0,1,0,0.0,0
0.1354,44,0,0.12,4272.0,5,0,0,0,2.0,0
0.0183,57,0,0.9574,5715.0,9,0,1,0,0.0,0
0.1351,60,0,0.4879,7255.0,6,0,1,0,2.0,0
0.0838,30,0,0.8784,4959.0,6,0,0,0,1.0,0
0.7666,60,0,0.1935,6647.0,5,0,1,0,0.0,0
0.547,42,0,0.1692,4043.0,8,0,0,0,0.0,0
0.3603,56,0,0.4047,4154.0,9,0,1,0,0.0,0
0.1999,52,0,0.461,1941.0,7,0,0,0,1.0,0
0.0304,48,0,0.5374,6019.0,5,0,0,0,1.0,0
9.0749,42,0,0.5696,,9,0,0,0,1.0,0
0.7418,70,0,0.818,2449.0,3,0,1,0,0.0,1
5.472,73,3,0.5613,9018.0,5,0,1,0,0.0,0
0.0635,61,0,0.4607,3544.0,8,0,1,0,0.0,0
0.3194,58,0,0.4152,2079.0,8,0,1,0,1.0,0
0.8788,39,0,1.0161,7914.0,6,0,0,0,3.0,0
0.5734,59,0,0.7622,2437.0,6,0,0,0,2.0,0
0.3316,47,0,1.0221,7858.0,7,0,2,0,2.0,0
0.2349,27,0,0.7515,,3,0,0,1,2.0,0
1.9922,45,0,0.297,8954.0,12,0,1,0,0.0,0
0.1435,50,0,0.4445,5791.0,7,0,2,0,1.0,0
0.2363,66,1,0.5431,15211.0,11,0,0,0,1.0,0
0.0245,55,0,0.367,1771.0,9,0,2,0,1.0,0
2.336,50,0,0.4351,2694.0,9,0,0,0,0.0,0
0.4528,51,0,0.4677,11880.0,4,0,0,0,0.0,0
0.2957,65,0,0.4052,,7,0,0,0,1.0,0
0.7141,38,0,0.3896,,11,0,1,0,1.0,0
0.3385,54,0,0.3979,7196.0,8,0,0,0,2.0,0
0.5949,68,0,0.9501,6245.0,10,0,1,0,0.0,0
3.4828,54,0,0.5273,3031.0,9,0,1,0,1.0,0
0.1207,50,0,0.404,9604.0,7,0,0,0,2.0,0
0.2992,50,0,0.661,3733.0,4,0,3,0,0.0,0
0.7655,26,0,0.0601,4380.0,8,0,1,0,1.0,0
1.2311,55,0,0.2899,4357.0,10,0,2,0,2.0,0
1.2578,35,0,0.4792,3784.0,5,0,1,0,1.0,0
0.329,53,0,0.3244,5188.0,13,0,0,0,1.0,0
0.2046,44,0,0.5672,11966.0,13,0,1,0,0.0,0
3.8184,80,0,0.06,16243.0,4,0,0,0,1.0,1
0.4051,48,0,0.6197,2937.0,7,0,4,0,1.0,0
0.3597,21,0,0.8116,7945.0,9,0,0,0,0.0,0
0.2573,51,0,0.5801,4546.0,5,0,1,0,0.0,0
0.1235,32,0,0.2472,2726.0,10,0,0,0,0.0,0
0.3335,58,0,0.7122,,10,0,3,0,1.0,0
0.0755,65,0,0.4756,1885.0,7,0,1,0,0.0,0
0.5145,39,0,0.1439,4617.0,8,0,3,0,1.0,0
0.2836,57,0,0.2505,3001.0,8,0,0,0,2.0,0
0.6231,55,0,0.361,6355.0,2,0,1,0,1.0,0
0.3471,37,0,0.6737,11210.0,8,0,2,0,2.0,0
1.3937,45,0,0.5655,2889.0,5,0,0,0,3.0,0
3.9829,72,0,0.6855,11152.0,4,0,1,0,1.0,0
0.5841,50,0,0.8553,6437.0,8,0,1,0,0.0,0
3.2822,47,0,0.8608,4707.0,13,0,2,0,0.0,0
0.6294,54,0,0.8645,3057.0,7,0,0,0,,0
3.8754,48,0,0.4779,,9,0,0,0,0.0,1
0.8837,50,0,0.5642,5681.0,7,0,2,0,1.0,0
0.3863,59,0,0.2111,6279.0,6,0,0,0,0.0,0
0.783,54,0,0.3081,2467.0,9,0,0,0,0.0,0
1.7429,89,0,0.0402,8544.0,13,0,0,0,1.0,1
0.0619,75,0,0.22,3937.0,8,0,0,0,2.0,0
0.4206,53,0,1.3401,2726.0,7,0,1,0,0.0,1
0.1922,56,0,0.8876,2765.0,11,0,0,0,0.0,0
0.0418,37,0,0.2642,2435.0,7,0,2,0,1.0,0
1.3582,44,0,0.96,5453.0,10,0,1,0,1.0,0
0.2305,52,0,0.1628,7184.0,14,0,2,0,1.0,0
0.8243,67,0,0.2872,4834.0,9,0,1,0,1.0,0
0.2309,57,0,0.0279,2210.0,6,0,1,0,1.0,0
0.109,56,0,0.6757,2797.0,9,0,1,0,0.0,0
0.1699,47,0,0.4589,4357.0,12,0,1,0,0.0,0
0.459,35,0,0.7055,,10,0,1,0,1.0,0
0.5828,42,0,0.521,3169.0,3,0,1,0,1.0,0
1.0681,44,0,0.5005,6422.0,5,0,3,0,0.0,0
0.0825,60,0,0.5166,3806.0,11,0,0,0,3.0,0
0.0008,74,0,0.7914,4118.0,8,0,0,0,,0
0.1111,40,0,0.7314,11861.0,10,0,2,0,0.0,0
0.7231,54,0,0.696,,6,0,3,0,0.0,0
0.5077,77,0,0.9387,4052.0,4,0,1,0,2.0,1
0.4062,50,0,0.7164,10800.0,6,0,1,0,0.0,0
0.3317,64,0,0.0977,4330.0,5,0,0,0,0.0,0
1.0091,34,0,0.2493,1689.0,7,0,1,0,1.0,0
0.0755,81,0,0.3185,16071.0,7,0,0,0,0.0,1
0.5101,43,0,0.3583,2951.0,2,0,1,0,0.0,0
2.624,41,0,0.1346,13880.0,4,0,0,0,0.0,0
0.1767,77,0,0.0538,,11,0,0,0,1.0,0
0.452,65,0,0.2895,2724.0,3,0,0,0,0.0,0
0.0985,41,0,1.2288,4647.0,13,0,2,0,0.0,0
0.1207,58,0,0.1328,,7,0,0,0,0.0,0
0.1064,60,0,0.3922,2128.0,4,0,2,0,1.0,0
0.0163,35,0,1.0135,,7,0,0,0,2.0,0
0.8293,37,0,0.4251,2676.0,4,0,1,0,2.0,0
2.1522,65,1,0.2138,3752.0,5,0,1,0,1.0,0
0.8973,61,0,0.6485,8362.0,7,0,2,0,1.0,0
2.0799,36,0,0.5673,6216.0,5,0,1,0,0.0,0
0.4696,51,0,0.3286,5034.0,8,0,0,0,1.0,0
0.0948,62,0,0.5673,,5,0,1,0,0.0,0
0.2329,54,0,0.0792,,9,0,1,0,2.0,0
2.3202,48,0,0.4694,,5,0,1,0,0.0,0
0.1383,41,0,0.3978,,7,0,0,0,0.0,0
0.3939,59,0,0.7449,3585.0,6,0,0,0,0.0,0
2.6226,51,0,0.3107,,8,0,0,0,0.0,0
0.2143,50,0,0.653,4924.0,5,0,1,0,0.0,0
0.6131,54,0,0.1749,7712.0,10,0,1,0,0.0,0
0.351,65,0,0.1322,3143.0,9,0,3,0,1.0,0
0.1527,24,0,0.4802,4097.0,8,0,3,0,1.0,0
0.5146,45,0,0.3622,1649.0,7,0,1,0,,0
0.447,57,0,0.1301,,4,0,0,0,0.0,0
0.6149,55,0,0.7652,1548.0,7,0,0,0,2.0,0
0.6198,79,0,0.0426,9760.0,12,0,1,0,0.0,0
0.2089,57,0,1.2243,5960.0,10,0,0,0,0.0,0
0.369,70,0,0.1005,9075.0,9,0,0,0,2.0,1
0.3938,64,0,0.7027,,9,0,1,0,3.0,0
1.9797,68,0,0.0824,13344.0,7,0,1,0,2.0,0
0.2029,49,0,0.3077,9499.0,11,0,0,0,1.0,0
0.4729,36,0,0.3594,1530.0,8,0,1,0,0.0,0
0.0242,79,0,0.4145,4768.0,14,0,2,0,0.0,0
1.0248,53,0,0.0632,3880.0,5,1,0,0,0.0,0
0.2517,50,0,0.8617,13975.0,9,0,1,0,2.0,0
0.4701,37,0,0.4853,3981.0,10,0,3,0,1.0,0
0.6763,61,0,0.5214,3367.0,10,0,1,0,1.0,0
0.0288,21,0,0.2323,4475.0,12,0,1,0,0.0,0
0.3276,30,0,0.4999,8281.0,6,0,2,0,2.0,0
0.0238,28,0,0.2813,5033.0,8,0,1,0,3.0,0
0.1775,35,0,0.5711,3246.0,7,0,0,0,2.0,0
0.7052,47,0,0.3244,29779.0,9,0,1,0,2.0,0
0.8362,62,0,0.8216,5238.0,14,0,0,0,1.0,0
0.5505,49,0,0.4995,6353.0,5,0,0,0,1.0,0
0.4692,65,0,0.2711,1496.0,8,0,0,0,0.0,0
0.1769,83,0,0.4258,3377.0,9,0,1,0,2.0,0
0.2855,56,0,0.8711,6473.0,8,0,0,0,0.0,0
0.1282,67,0,0.2555,,6,0,1,0,0.0,0
2.5921,63,0,0.3046,6965.0,12,0,2,0,0.0,0
0.1517,58,0,0.483,5006.0,5,0,2,0,3.0,0
0.6638,34,0,0.5921,,7,0,0,0,1.0,0
0.8421,52,0,0.2861,1955.0,5,0,1,0,0.0,0
4.4873,40,6,0.3426,5447.0,9,0,0,0,0.0,0
0.289,58,0,0.6359,6017.0,9,0,1,0,0.0,0
1.0932,57,0,0.3833,5601.0,7,0,0,0,1.0,0
0.6105,46,0,0.7394,4387.0,7,0,2,0,1.0,0
3.0722,62,0,0.1248,4910.0,10,2,1,1,0.0,0
0.2508,47,0,0.4751,,12,0,2,0,0.0,0
0.0451,57,0,0.665,8858.0,5,0,0,0,1.0,0
1.0649,36,0,0.3334,3499.0,5,0,2,0,1.0,0
0.0035,30,0,0.4445,13438.0,8,0,0,0,0.0,0
0.0282,73,0,0.6518,,11,0,2,0,0.0,0
0.0806,67,0,0.4665,6890.0,7,0,2,0,0.0,0
0.0136,59,0,0.1599,4317.0,5,0,3,0,2.0,0
0.0953,40,0,0.9343,18103.0,10,0,1,0,0.0,0
3.8388,39,0,0.1353,7285.0,7,0,1,0,1.0,0
0.5655,34,0,0.2445,3470.0,6,0,0,0,0.0,0
0.7002,50,0,0.3257,6446.0,10,0,1,0,1.0,0
0.3917,58,0,0.0742,10347.0,11,0,0,0,1.0,0
0.5941,46,0,0.7319,8336.0,11,0,0,0,1.0,0
0.2261,73,0,0.3809,8321.0,8,0,2,0,2.0,0
0.0395,21,0,0.2295,2519.0,6,0,1,0,0.0,0
0.4445,63,0,0.344,2359.0,7,0,1,0,0.0,0
0.5896,50,0,0.665,1283.0,10,0,1,0,1.0,0
0.5045,53,0,0.4791,2303.0,8,0,2,0,0.0,0
0.014,21,0,0.2745,12406.0,6,0,0,0,1.0,0
0.2086,42,0,0.9281,3982.0,8,0,1,0,0.0,0
1.5878,35,0,0.1244,5345.0,10,0,2,0,0.0,0
0.2193,70,2,0.2614,2517.0,12,0,3,0,1.0,0
0.1281,43,0,0.3976,17995.0,5,0,1,0,,0
0.3941,25,0,0.4803,7829.0,5,1,1,0,1.0,0
0.5024,56,0,0.6224,5137.0,10,0,0,0,0.0,0
0.063,66,0,0.0828,3168.0,0,0,0,0,0.0,0
0.373,61,0,0.5025,3083.0,8,0,1,0,1.0,0
0.4708,51,2,0.4811,3480.0,10,0,2,0,3.0,0
0.9172,63,0,0.47,12497.0,7,0,0,0,1.0,0
0.6766,38,0,0.0719,3997.0,10,0,0,0,0.0,0
0.9767,56,0,0.7759,,6,0,1,0,3.0,1
0.3236,58,0,0.3978,7053.0,8,0,1,0,1.0,0
0.447,52,0,0.4308,2792.0,10,0,0,0,0.0,0
0.806,46,0,0.7908,4808.0,12,0,0,0,3.0,0
0.4398,39,0,1.0813,4626.0,5,0,0,0,1.0,0
0.5816,43,0,0.6424,7741.0,6,0,0,0,1.0,0
0.9529,67,0,0.3098,4414.0,10,0,2,0,1.0,0
0.1257,42,0,0.179,7509.0,7,0,1,0,,0
0.7508,47,0,0.5928,23993.0,4,0,0,0,0.0,0
0.0925,61,0,0.407,4066.0,9,0,0,0,0.0,0
2.2451,33,1,0.2539,5258.0,11,0,2,1,1.0,0
0.9377,40,0,0.2014,3014.0,5,0,0,0,0.0,0
0.1857,26,0,0.6902,5273.0,8,0,3,0,0.0,0
0.5914,81,0,0.2231,2856.0,9,0,1,0,1.0,0
0.0707,47,0,0.2831,,8,0,3,0,1.0,0
0.6037,60,0,0.3177,7014.0,10,0,1,0,1.0,1
0.2711,83,0,0.857,,10,0,0,0,1.0,0
0.297,33,0,0.7198,2912.0,9,0,1,0,1.0,0
0.6078,50,0,0.3237,1655.0,13,0,0,0,,0
0.2459,44,0,0.3406,,6,0,2,0,0.0,0
1.0281,47,0,0.6213,3945.0,3,0,0,0,2.0,0
0.6994,53,0,0.4286,2375.0,7,0,0,0,0.0,0
0.0767,72,0,0.8848,18857.0,7,0,1,0,0.0,0
0.0749,60,0,0.2144,4471.0,9,0,1,0,0.0,0
0.4179,75,0,0.2773,5049.0,7,0,1,0,0.0,0
0.2402,53,0,0.7214,6761.0,10,0,1,0,0.0,0
0.6033,44,0,0.0822,5437.0,10,0,1,0,1.0,0
1.0891,68,0,0.3513,6551.0,5,0,1,0,0.0,0
0.048,44,0,0.9415,6316.0,9,0,0,0,0.0,0
1.1992,53,0,0.919,2706.0,7,0,1,0,,0
0.4162,60,0,0.3588,10920.0,6,0,2,0,1.0,0
6.906,64,0,0.4836,17913.0,6,0,0,0,0.0,0
0.0156,51,0,0.5154,3225.0,8,0,1,0,0.0,0
0.3645,62,0,0.55,4600.0,8,0,0,0,1.0,0
0.4923,43,0,0.6489,7197.0,11,0,0,0,,0
0.7605,47,0,0.7644,9311.0,9,0,1,0,1.0,0
0.6696,59,0,0.8038,9949.0,10,0,2,0,0.0,0
1.0859,52,0,0.3859,5094.0,12,0,2,0,2.0,0
0.033,42,0,0.8506,2365.0,7,0,0,0,1.0,0
0.7277,64,0,0.0141,,5,0,1,0,1.0,0
0.0678,55,2,0.5775,,12,2,0,0,0.0,0
0.0485,31,0,0.8879,9274.0,7,0,0,0,1.0,0
0.5539,58,0,0.5382,1372.0,8,0,1,0,0.0,0
1.9886,59,1,0.5675,,10,0,2,2,1.0,0
0.9303,51,0,0.6076,4738.0,7,0,0,0,1.0,0
0.3976,56,0,0.42,5429.0,11,0,0,0,0.0,0
0.4682,69,0,0.2912,6403.0,10,0,1,0,2.0,0
0.1217,28,0,0.1858,5823.0,4,0,0,0,1.0,0
0.5545,64,0,0.2324,4075.0,11,0,0,0,1.0,0
0.0724,21,0,0.5043,7642.0,9,0,0,0,1.0,0
0.9862,42,1,0.4228,5443.0,11,0,0,0,3.0,0
0.3442,27,0,0.5549,9703.0,7,0,2,0,0.0,0
0.6134,72,0,0.3381,5162.0,11,0,2,0,,0
0.0965,48,0,0.52,3516.0,7,0,3,0,0.0,0
0.1287,52,0,0.9644,17988.0,12,0,0,0,,0
4.6435,48,0,0.3833,13281.0,9,0,1,0,0.0,0
0.2787,50,0,0.2569,11932.0,7,0,0,0,0.0,0
0.2564,50,0,0.4931,5274.0,10,0,1,0,4.0,0
0.5664,64,0,0.8128,4100.0,6,0,2,0,2.0,0
0.002,56,0,0.5317,,7,0,0,0,1.0,0
0.7025,41,0,0.5376,3109.0,10,0,2,0,1.0,0
0.5627,28,0,0.7465,4712.0,7,0,0,0,2.0,1
0.0925,69,1,0.7749,4070.0,13,0,0,4,2.0,0
0.5458,59,0,0.6305,3725.0,4,0,1,0,1.0,0
0.9539,48,0,0.5299,1778.0,10,0,1,0,1.0,1
0.963,66,0,0.3642,4593.0,8,0,0,0,0.0,0
0.2458,83,0,0.4064,4157.0,4,0,2,0,0.0,0
0.3024,53,0,0.3894,6367.0,3,0,0,0,,0
0.3325,71,0,0.0182,2284.0,4,0,3,0,0.0,0
0.0786,53,0,0.7646,7944.0,12,0,0,0,1.0,0
0.1873,77,0,0.668,6580.0,11,0,0,0,1.0,0
1.5713,54,0,0.0602,,5,0,0,0,0.0,0
0.3865,46,0,0.1911,18138.0,7,0,1,0,0.0,0
0.136,71,0,0.5427,2438.0,5,0,1,0,1.0,0
4.4301,54,0,0.2168,12318.0,13,0,1,0,0.0,0
0.7271,53,0,0.7461,6993.0,5,0,2,0,1.0,0
0.6792,64,0,0.5368,2253.0,8,0,3,0,,0
0.0354,51,0,0.1072,11040.0,5,0,0,0,1.0,0
0.6505,28,0,0.4512,4467.0,10,0,2,0,1.0,0
0.695,47,0,0.3647,10026.0,4,0,1,0,2.0,0
0.0198,43,0,0.1924,2714.0,13,0,3,0,1.0,0
0.0472,40,0,0.1697,,9,0,1,0,1.0,0
0.5215,67,0,0.2865,4761.0,4,0,1,0,0.0,0
0.0324,45,0,1.3181,7579.0,13,0,1,0,0.0,0
0.2703,45,0,0.1019,8563.0,6,0,1,0,2.0,1
0.269,51,0,0.382,5949.0,10,0,0,0,0.0,0
1.6973,57,0,0.5627,3566.0,9,0,2,0,0.0,0
0.5602,59,0,0.3222,,8,0,0,0,1.0,0
1.0536,54,2,0.4586,,8,0,0,0,2.0,0
0.0545,54,0,0.6712,,9,0,2,0,1.0,0
0.2089,36,0,0.4993,,7,0,1,0,0.0,0
0.2095,59,0,0.6603,3426.0,8,0,0,0,,0
0.7896,38,0,0.1932,1782.0,6,0,0,0,0.0,0
0.1323,68,0,0.2511,3748.0,12,0,0,0,1.0,0
0.0582,48,0,0.0081,7662.0,4,0,1,0,1.0,0
0.9041,34,0,0.2086,8424.0,6,0,1,0,1.0,0
0.9219,55,0,0.1796,14479.0,6,0,2,0,0.0,0
0.0017,63,0,0.7361,6163.0,9,0,0,0,0.0,0
0.2779,47,0,0.3206,6741.0,7,0,0,0,1.0,0
0.3759,61,0,0.2616,7984.0,7,0,1,0,1.0,0
2.014,72,0,0.703,2973.0,7,0,3,0,2.0,1
0.1161,57,0,0.3746,11676.0,7,0,1,0,1.0,0
0.1885,34,0,0.6174,5564.0,11,0,0,0,1.0,0
0.3335,52,0,0.7324,10508.0,7,0,1,0,0.0,0
1.4848,45,0,0.4091,12704.0,7,0,1,0,,0
0.586,25,0,0.7083,6601.0,9,0,0,0,1.0,0
0.1076,33,0,0.5776,7266.0,7,0,1,0,0.0,0
0.3738,77,0,0.9425,,8,0,1,0,0.0,0
6.9548,47,0,0.2537,,9,0,1,0,1.0,1
0.6233,49,0,0.5748,,6,0,0,0,0.0,0
0.6145,35,0,0.4198,,11,0,1,0,0.0,0
4.043,80,0,0.4842,,6,0,0,0,0.0,0
0.1437,58,0,0.5062,3509.0,9,0,1,0,0.0,0
1.356,47,0,0.0838,3363.0,4,0,2,0,1.0,0
1.3795,63,0,0.6873,,8,0,0,0,1.0,0
0.3661,70,0,0.1711,6853.0,5,0,0,0,1.0,0
0.5213,23,0,0.7656,2793.0,7,0,2,0,2.0,0
0.2849,69,0,0.2655,17101.0,10,0,2,0,1.0,0
0.3348,40,0,0.1518,8184.0,3,0,0,0,1.0,0
0.2281,29,0,0.389,,10,0,2,0,1.0,0
0.2074,81,0,0.7933,6555.0,7,0,2,0,2.0,0
0.08,57,0,0.7115,,13,0,1,0,1.0,0
0.2258,43,0,0.4488,10597.0,11,0,0,0,1.0,1
1.3702,78,0,0.3929,,11,0,0,0,0.0,0
0.4499,45,0,0.7026,27532.0,5,0,5,0,1.0,0
0.1212,38,0,0.4956,8835.0,7,0,1,0,0.0,0
0.0643,64,0,0.0774,3359.0,9,0,2,0,0.0,0
0.2439,30,0,0.1066,12423.0,9,0,0,2,2.0,0
0.7379,53,0,0.6644,5785.0,8,0,2,0,1.0,0
1.4805,32,0,0.3595,2699.0,6,0,1,0,,0
0.4863,36,0,1.1055,3160.0,5,0,0,0,0.0,0
0.0534,60,0,0.3099,3545.0,10,0,1,0,0.0,0
0.102,38,0,0.5434,10221.0,7,0,1,0,1.0,0
0.4854,63,0,0.4955,10823.0,10,0,3,0,1.0,0
0.4537,22,0,0.2904,9759.0,6,0,0,0,1.0,0
0.1122,49,0,0.7833,2278.0,8,0,1,0,0.0,0
0.1084,44,0,0.1337,16793.0,7,0,2,0,2.0,0
1.204,49,0,0.289,7950.0,8,0,3,0,0.0,0
0.7295,46,0,0.0224,12971.0,10,0,1,0,0.0,0
0.0223,57,0,0.3778,10928.0,6,0,0,0,0.0,0
0.1091,58,0,0.2292,17147.0,5,0,0,0,3.0,0
0.5829,46,0,0.6797,6086.0,8,0,1,0,1.0,0
0.3032,45,0,0.9611,9335.0,6,0,0,0,,0
0.1784,58,0,0.0788,12860.0,11,0,2,0,1.0,0
0.619,59,0,0.7173,15271.0,15,0,0,0,1.0,0
0.9329,21,0,0.7031,,7,0,1,0,3.0,0
0.3959,33,0,0.545,3517.0,7,0,1,0,0.0,0
0.0058,34,0,0.9355,5561.0,5,0,1,0,1.0,0
0.3566,45,0,0.1225,5837.0,7,0,0,0,1.0,0
0.8379,24,1,0.4896,3817.0,7,0,2,1,1.0,0
0.0359,58,0,1.0078,20196.0,9,0,2,0,0.0,0
0.816,38,0,0.6171,5365.0,4,0,1,0,1.0,0
0.0489,62,0,0.2591,2005.0,6,0,2,0,,0
0.8961,42,0,0.3378,7428.0,5,0,1,0,1.0,1
4.3618,64,0,0.3564,10934.0,7,0,2,0,0.0,0
0.0465,47,0,0.3553,16353.0,15,0,0,0,1.0,0
0.3187,49,0,0.4687,,5,0,2,0,2.0,0
0.1879,61,0,0.3841,2286.0,7,0,2,0,1.0,0
0.8075,45,0,0.3013,781.0,7,0,1,0,0.0,0
0.2683,28,0,0.442,,5,0,1,0,2.0,0
8.3645,29,0,0.3684,5647.0,7,0,0,0,3.0,0
0.9876,65,1,0.5243,5112.0,7,0,1,0,0.0,0
1.1569,34,0,0.4164,1828.0,10,0,2,0,0.0,0
0.0585,46,0,0.7015,6624.0,3,0,2,0,3.0,0
0.0909,71,0,0.2479,13840.0,9,0,0,0,0.0,0
0.6413,43,1,0.0863,,9,0,3,1,0.0,0
0.639,41,0,0.4459,8162.0,6,0,1,0,1.0,0
0.5257,55,0,0.7373,6328.0,13,0,0,0,0.0,0
0.6814,70,0,0.2017,,6,0,0,0,0.0,0
0.4204,75,0,0.4123,1786.0,10,0,0,0,0.0,0
0.1203,41,0,0.5821,5900.0,16,0,0,0,0.0,0
0.1824,59,0,0.5835,4552.0,7,0,1,0,0.0,0
0.588,50,0,0.298,26942.0,11,0,1,0,2.0,0
1.0545,51,0,0.1706,5328.0,11,3,2,0,0.0,0
0.867,58,1,0.6762,6607.0,13,0,2,1,0.0,0
0.0532,56,0,0.8423,,9,0,0,0,2.0,0
0.7275,37,0,0.4688,5128.0,13,0,0,0,0.0,0
0.2548,37,2,0.6544,6437.0,4,0,2,2,1.0,0
0.0989,74,0,0.9608,2750.0,4,0,1,0,2.0,0
2.1584,44,0,0.2672,5790.0,7,0,3,0,0.0,0
0.4766,60,0,0.6014,4259.0,9,0,2,0,,0
0.0947,73,0,0.5211,2823.0,4,0,1,0,2.0,0
0.4287,49,0,0.1961,6730.0,3,0,0,0,0.0,0
7.8366,71,0,0.3188,6330.0,7,0,1,0,0.0,0
0.6395,42,0,1.0315,3024.0,10,0,1,0,3.0,0
0.1004,66,0,0.3425,2804.0,11,0,0,0,2.0,0
0.2661,53,0,0.7573,3775.0,9,0,1,0,0.0,0
1.4259,48,1,0.3888,5949.0,5,0,0,0,0.0,0
0.505,63,0,0.5488,4837.0,12,0,2,0,1.0,0
0.6986,49,0,0.6241,6308.0,9,0,0,0,0.0,0
0.0622,42,0,0.6988,643.0,9,0,0,0,1.0,0
1.1697,28,1,0.1975,,9,0,2,0,1.0,0
0.4118,60,0,0.7322,5765.0,4,0,1,0,0.0,0
0.4055,61,0,0.7914,1750.0,14,0,3,0,0.0,0
0.1799,77,0,0.1426,10469.0,4,0,0,0,2.0,0
0.3146,58,0,0.4048,4756.0,11,0,0,0,0.0,0
0.5873,40,0,0.2447,7090.0,6,0,0,0,1.0,0
0.5276,53,0,0.1539,,14,0,1,0,1.0,0
0.2285,50,0,0.6093,3241.0,9,0,0,0,0.0,0
0.525,68,0,0.5088,3673.0,15,0,0,0,2.0,1
5.3169,68,0,1.115,5264.0,9,0,0,0,1.0,1
0.2416,85,0,0.54,18880.0,3,2,1,0,1.0,0
0.0547,50,2,0.3623,,4,0,1,0,2.0,0
0.4192,69,0,0.0316,2497.0,11,0,1,0,0.0,1
3.9289,73,0,0.2531,5916.0,10,0,1,0,1.0,0
0.7836,63,0,0.3116,13410.0,6,0,2,0,0.0,0
0.1899,45,0,0.1665,2534.0,9,0,3,0,1.0,0
0.7399,47,0,0.4078,4798.0,7,0,2,0,2.0,0
1.5042,63,0,0.0431,2925.0,4,0,1,0,0.0,0
2.5411,60,0,0.5569,7570.0,11,0,1,0,1.0,0
0.164,35,0,0.2918,8115.0,6,0,1,0,0.0,0
0.2608,37,0,0.183,6735.0,11,0,2,0,,0
0.0491,59,0,0.1526,5016.0,8,0,1,0,0.0,0
0.0957,21,0,0.719,,5,0,0,0,,0
0.141,55,0,0.1028,6433.0,6,0,0,0,2.0,0
1.5675,43,0,0.4328,5190.0,7,0,1,0,0.0,0
0.279,39,0,0.6377,10905.0,7,0,2,0,1.0,0
0.157,45,0,0.2568,2466.0,10,0,1,0,0.0,0
0.2146,55,0,0.3711,5219.0,10,0,1,0,1.0,0
0.4243,51,0,0.5466,3361.0,8,0,2,0,0.0,0
0.1471,34,0,0.9644,12999.0,4,0,2,0,1.0,0
0.449,27,0,1.2055,9260.0,6,0,0,0,1.0,0
0.1913,54,0,0.6994,9974.0,11,0,6,0,1.0,0
0.8083,58,0,0.5073,1506.0,4,0,1,0,1.0,0
0.3967,62,0,0.4496,7235.0,9,0,0,0,0.0,0
0.8686,28,0,0.2662,3040.0,6,0,0,0,0.0,0
0.4589,55,0,0.4956,5464.0,13,0,0,0,0.0,0
0.5532,60,0,0.322,2239.0,4,0,1,0,0.0,0
0.1698,44,0,0.2383,8086.0,9,0,1,0,2.0,0
0.6881,46,0,0.2901,7999.0,5,0,2,0,0.0,0
0.7036,45,0,0.736,,6,0,2,0,1.0,0
0.4567,43,0,0.5976,,11,0,1,0,1.0,0
0.5411,69,0,0.4555,5931.0,5,0,0,0,3.0,0
0.5192,43,0,0.2467,,4,0,1,0,0.0,0
0.129,41,0,0.326,,6,0,1,0,0.0,0
0.6761,21,0,0.1376,5213.0,7,0,1,0,2.0,0
0.0607,60,0,0.8423,7056.0,13,0,1,0,1.0,0
0.9405,40,0,0.6592,7483.0,9,0,2,0,1.0,0
0.344,40,0,0.4287,6925.0,9,0,0,0,1.0,0
0.0208,73,0,0.6938,1172.0,5,0,0,0,0.0,0
0.0088,34,0,1.0749,6301.0,9,0,0,0,1.0,0
0.4816,30,0,0.9753,9184.0,6,0,1,0,0.0,0
0.2798,30,0,0.2612,5875.0,11,0,3,0,0.0,0
0.496,30,0,0.6459,10755.0,11,0,1,0,1.0,0
0.0484,41,0,0.4254,4080.0,8,0,0,0,2.0,0
0.0101,50,0,0.5716,5797.0,13,0,2,0,2.0,0
0.8031,46,1,0.5115,22591.0,10,1,0,0,1.0,0
1.5083,63,0,0.6387,2663.0,6,0,1,0,0.0,0
0.6709,57,0,0.0879,1898.0,7,0,0,0,2.0,0
0.0963,54,0,0.8391,,6,0,4,0,0.0,0
0.2395,56,0,0.8685,8356.0,7,0,1,0,1.0,0
0.2061,59,0,0.436,,6,0,1,0,0.0,0
0.1616,49,0,0.1509,,12,0,0,0,1.0,0
0.0718,73,0,0.5838,,7,0,1,0,0.0,0
0.601,42,0,0.6008,8506.0,11,0,2,0,0.0,0
0.8276,43,2,1.1077,10992.0,8,0,2,1,1.0,0
0.1449,39,0,0.2366,4545.0,6,0,0,0,0.0,0
0.3754,39,0,0.5938,2815.0,10,0,2,0,0.0,0
0.2324,34,0,0.5858,8496.0,10,0,2,0,1.0,0
0.0276,35,0,0.6063,4991.0,6,0,0,0,1.0,0
1.4961,48,0,0.5805,5085.0,4,0,1,0,0.0,0
0.7666,48,0,0.5469,5148.0,9,0,0,0,0.0,0
0.3286,44,0,0.4346,3982.0,7,0,1,0,0.0,0
1.5695,39,0,0.0773,2817.0,6,0,2,0,0.0,0
0.1736,69,0,0.4821,6027.0,14,0,1,0,2.0,0
1.4328,72,0,0.2916,,4,0,2,0,,0
1.1559,61,0,1.0126,8130.0,8,0,3,0,2.0,0
0.1685,55,0,0.495,8072.0,9,0,1,0,,0
0.4986,72,0,0.6597,3711.0,9,0,1,0,2.0,0
0.6701,55,0,0.3563,,8,0,3,0,,0
1.0663,32,0,0.6233,9553.0,5,0,2,0,2.0,0
2.9964,37,0,0.7928,3930.0,9,0,4,0,0.0,0
0.3226,52,0,0.4177,4499.0,10,0,0,0,2.0,0
0.2946,60,0,0.4505,5406.0,5,0,0,0,0.0,0
0.1564,70,0,0.4368,14516.0,7,0,1,0,0.0,0
0.3021,69,0,0.6627,,9,0,4,0,3.0,0
0.4606,64,0,0.5124,2939.0,8,0,1,0,3.0,0
3.3838,66,0,0.5991,,5,0,3,0,1.0,0
0.5401,47,0,0.1786,7116.0,13,0,1,0,,0
0.1772,46,0,0.3196,6625.0,7,0,1,0,0.0,0
0.143,45,0,0.4281,6747.0,12,0,1,0,3.0,0
0.3191,53,0,0.8846,,6,0,2,0,0.0,0
0.0834,63,0,0.4872,9608.0,8,0,1,0,2.0,0
0.2136,95,0,0.6766,2502.0,7,0,1,0,0.0,0
0.1168,46,0,0.3464,2267.0,3,0,2,0,1.0,0
0.3422,43,2,0.6931,5674.0,13,0,0,1,0.0,0
0.1701,61,0,0.6862,,6,0,3,0,1.0,0
3.0202,46,0,0.3519,5440.0,7,0,1,0,0.0,0
0.422,70,0,0.4504,5385.0,7,0,0,0,2.0,0
0.8906,72,0,0.1615,4425.0,8,0,0,0,0.0,0
0.0921,79,0,0.1572,4767.0,9,0,0,0,0.0,0
3.4106,59,0,0.5504,5911.0,10,0,1,0,0.0,0
0.0733,74,0,0.6286,4392.0,11,0,0,0,2.0,0
0.2802,34,0,0.4366,4774.0,8,0,0,0,0.0,0
0.4424,71,0,0.5813,5021.0,9,0,1,0,0.0,0
0.9001,64,0,0.4158,6499.0,9,0,1,0,0.0,0
0.0365,56,0,0.7718,4371.0,3,0,0,0,0.0,0
0.6451,50,0,0.4023,3086.0,14,0,1,0,2.0,0
4.1698,21,0,0.7287,1870.0,6,0,0,0,1.0,1
0.8316,62,0,0.3388,23332.0,6,0,0,0,1.0,0
0.9046,45,0,0.4454,13279.0,6,0,1,0,1.0,0
0.3752,48,0,1.2058,,9,0,1,0,1.0,0
1.5285,56,0,1.0827,8213.0,12,0,1,0,0.0,0
0.304,57,0,0.2677,4437.0,6,0,1,0,0.0,0
1.0096,41,0,0.5,10342.0,6,0,0,0,1.0,0
0.7662,41,0,0.528,4938.0,5,0,1,0,1.0,0
0.8956,39,0,0.597,15247.0,6,0,2,0,1.0,0
0.4625,53,0,0.1223,3827.0,7,0,2,0,0.0,0
0.6478,69,0,0.6679,,9,0,1,0,1.0,0
0.9971,55,0,0.4862,3952.0,7,0,2,0,2.0,0
0.7094,57,0,0.3573,22355.0,7,0,1,0,0.0,0
0.4287,49,0,0.685,9260.0,11,0,1,0,4.0,0
0.0517,46,0,0.6615,,5,0,1,0,0.0,0
0.4108,43,0,0.3979,7553.0,10,0,2,0,0.0,0
3.9273,47,0,1.3176,,7,0,0,0,0.0,1
2.339,32,0,1.134,2726.0,8,0,0,0,1.0,0
0.2468,71,0,0.4306,2043.0,8,0,1,0,1.0,0
0.2783,56,0,0.1499,3813.0,11,0,4,0,0.0,0
6.8814,55,0,0.1768,3082.0,5,0,2,0,0.0,0
0.0015,57,0,0.5126,4548.0,6,0,1,0,0.0,0
0.39,46,0,0.7873,3185.0,9,0,0,0,1.0,0
0.0223,57,0,0.5098,6280.0,7,0,2,0,0.0,0
0.924,43,0,0.4536,7832.0,13,0,1,0,0.0,0
0.9096,45,0,0.8475,5839.0,4,0,1,0,1.0,0
0.0939,52,0,0.0231,,10,0,2,0,1.0,0
0.9879,53,0,0.8642,6195.0,12,0,2,0,1.0,0
0.3979,73,0,0.325,14653.0,4,0,0,0,2.0,0
4.4887,39,0,0.9299,,4,0,0,0,0.0,0
0.7437,39,0,0.2196,3771.0,5,0,3,0,0.0,0
1.8359,46,0,0.9154,9360.0,7,0,1,0,0.0,0
0.4595,67,0,0.7096,13735.0,6,0,0,0,0.0,0
1.4432,56,1,0.4433,,6,1,1,0,1.0,0
0.0084,84,0,0.32,9266.0,11,0,2,0,0.0,0
0.028,51,0,0.2726,7648.0,11,0,2,0,1.0,0
0.0169,57,0,0.1556,,8,0,0,0,0.0,0
0.0174,53,0,0.2939,1597.0,8,0,1,0,1.0,0
0.5474,56,0,0.1729,4874.0,13,0,0,0,1.0,0
0.2963,41,0,0.5785,27250.0,10,0,0,0,0.0,0
0.5412,53,0,0.5916,,5,0,1,0,2.0,0
0.3373,36,0,0.6223,2455.0,6,0,2,0,0.0,0
3.6193,57,0,0.4829,,11,0,3,0,0.0,0
2.2075,58,0,0.2861,4072.0,3,0,1,0,2.0,0
0.423,49,0,0.6937,9229.0,7,0,1,0,0.0,0
0.0772,43,0,0.6457,2392.0,9,0,0,0,1.0,0
0.4338,42,0,0.2597,2352.0,9,0,0,0,3.0,0
0.4686,39,0,0.6322,6713.0,4,0,0,0,0.0,0
0.566,42,0,0.7947,12648.0,7,0,2,0,0.0,0
0.2579,87,0,0.1873,7944.0,12,0,2,0,0.0,0
0.3743,56,0,0.704,2770.0,6,0,1,0,1.0,0
0.0721,49,0,0.5448,6631.0,10,0,0,0,0.0,0
0.511,42,0,0.614,,14,0,0,0,1.0,0
0.293,50,0,0.6838,8780.0,10,0,0,0,0.0,0
0.3006,60,0,0.257,2977.0,8,0,1,0,1.0,0
0.0377,59,0,1.0991,6070.0,5,0,1,0,0.0,0
0.3139,66,0,0.4509,5078.0,9,0,1,0,0.0,0
0.515,66,0,1.1297,14927.0,8,0,0,0,0.0,0
0.0033,52,0,0.5742,2753.0,9,0,1,0,0.0,0
0.1225,42,0,0.3137,9341.0,6,0,1,0,1.0,0
0.5601,49,0,0.2507,5178.0,5,0,2,0,0.0,0
0.4249,63,0,0.792,9129.0,4,0,2,0,0.0,0
0.3569,43,0,0.3406,4777.0,12,0,2,0,1.0,0
0.179,81,0,0.3032,24056.0,7,0,2,0,1.0,0
0.424,42,0,0.5037,9650.0,8,0,1,0,1.0,0
3.0877,59,0,0.7541,,11,0,3,0,0.0,1
0.2674,56,0,0.4685,3901.0,5,0,0,0,2.0,0
0.5215,63,0,0.3803,,9,0,1,0,2.0,0
0.7881,23,0,0.433,,5,0,1,0,0.0,0
5.0859,65,0,0.4891,9595.0,10,0,2,0,0.0,0
1.5282,47,0,0.8733,8986.0,10,0,1,0,2.0,0
0.0835,40,0,0.2096,2966.0,10,0,1,0,0.0,0
0.3519,66,0,0.3288,3337.0,9,0,2,0,2.0,0
0.6997,27,0,0.1741,2849.0,8,0,2,0,1.0,0
0.3213,79,0,0.1854,4697.0,4,0,1,0,1.0,0
0.3279,55,0,0.3625,10519.0,11,0,2,0,0.0,0
0.2942,50,0,0.355,,5,0,0,0,1.0,0
0.3815,34,0,0.0547,,9,0,0,0,0.0,0
0.492,48,0,0.5345,8442.0,8,0,2,0,0.0,0
2.5684,68,2,1.1657,13122.0,8,0,1,1,1.0,0
0.3369,56,0,0.9053,4262.0,11,0,0,0,1.0,0
1.3253,60,0,0.6697,5181.0,10,0,0,0,0.0,0
0.1233,66,0,0.2141,,9,0,1,0,1.0,0
4.9301,40,0,0.4913,2711.0,5,0,0,0,1.0,0
0.5007,29,0,0.5917,6829.0,4,0,5,0,2.0,0
1.0544,38,0,0.5417,6789.0,11,0,1,0,3.0,0
0.1983,52,0,0.9583,2523.0,8,0,0,0,1.0,0
0.3769,49,0,0.8542,1927.0,11,0,2,0,0.0,0
0.0577,48,0,0.1088,10214.0,9,0,1,0,2.0,0
0.5941,59,0,0.6512,4103.0,7,0,0,0,1.0,0
0.0983,46,0,0.5044,4817.0,9,0,1,0,1.0,0
0.309,37,0,0.4256,5683.0,9,0,0,0,2.0,0
1.362,38,0,0.443,,7,0,0,0,1.0,0
0.3329,61,0,0.4235,7499.0,9,0,1,0,,0
1.0641,67,0,0.6065,2170.0,3,0,2,0,1.0,0
0.375,72,0,0.5785,5367.0,9,0,4,0,0.0,0
1.4656,45,0,0.5609,1862.0,7,0,0,0,0.0,0
1.5403,54,0,0.7833,6887.0,5,0,0,0,1.0,0
0.2852,59,0,0.5031,3354.0,10,0,2,0,1.0,0
0.1078,56,0,0.5686,1773.0,12,0,2,0,2.0,0
0.6976,60,0,0.435,2684.0,9,0,0,0,1.0,0
0.2763,62,0,0.5623,1821.0,15,0,2,0,0.0,0
0.5857,41,0,0.1238,6458.0,8,0,1,0,0.0,0
0.6683,43,0,0.4598,5452.0,7,0,0,0,1.0,0
0.7452,58,0,0.6974,6089.0,5,0,1,0,1.0,0
0.3057,38,0,0.4033,4466.0,7,0,2,0,0.0,0
0.1074,43,0,0.6428,,12,0,1,0,1.0,0
0.0704,54,0,0.6884,19518.0,6,0,3,0,1.0,0
0.2821,45,0,0.4266,2569.0,9,0,0,0,1.0,0
4.9763,57,0,0.5069,9626.0,7,0,1,0,0.0,0
0.2555,42,0,0.7397,8733.0,6,0,3,0,1.0,0
0.4695,21,0,0.4915,,9,0,3,0,0.0,1
0.7342,56,0,0.8992,5725.0,6,0,0,0,2.0,0
0.8054,51,0,0.6997,,9,0,0,0,1.0,1
0.4858,70,0,0.3925,3260.0,10,0,1,0,2.0,0
0.1114,47,0,0.3685,7589.0,13,0,0,0,1.0,0
0.2257,53,0,0.6822,,7,0,2,0,1.0,0
0.0551,46,0,0.2232,,11,0,0,0,2.0,0
0.4782,42,0,0.1074,8330.0,11,0,4,0,0.0,0
0.0229,45,0,0.7453,9734.0,6,0,0,0,1.0,0
0.3291,38,0,0.1774,3851.0,8,0,0,0,1.0,0
0.0096,54,0,0.514,4626.0,11,0,0,0,0.0,0
0.2894,53,0,0.3905,2811.0,5,0,3,0,1.0,0
0.7984,38,0,0.6381,5985.0,9,0,1,0,1.0,0
0.4106,64,0,0.0795,,7,0,1,0,1.0,0
0.4089,42,1,0.5057,3585.0,10,0,1,0,1.0,0
0.4671,52,0,0.2329,,5,0,2,0,0.0,0
4.5634,64,0,0.6949,9887.0,6,0,2,0,0.0,0
0.1792,70,0,0.1969,6544.0,8,0,0,0,0.0,0
0.3831,21,4,0.5427,8408.0,5,0,0,1,1.0,0
1.3873,64,0,0.869,,11,0,0,0,0.0,0
0.6054,55,0,0.6574,3274.0,6,0,1,0,1.0,1
0.1945,59,0,0.7959,14221.0,10,0,1,0,1.0,0
0.8889,45,0,1.0726,2792.0,4,0,1,0,2.0,0
0.1184,62,0,0.6088,6980.0,5,0,0,0,0.0,0
0.3277,67,0,0.5518,23577.0,9,0,1,0,1.0,0
0.0372,60,0,0.0329,6676.0,8,0,0,0,1.0,0
0.3864,64,0,0.4812,5893.0,8,0,0,0,2.0,0
0.4093,78,0,0.4935,3816.0,6,0,1,0,0.0,0
0.6309,71,0,0.1545,,6,0,1,0,1.0,0
0.1106,43,0,0.5038,6649.0,7,0,0,0,0.0,0
2.8942,62,0,0.211,6045.0,9,0,0,0,1.0,0
1.1039,67,0,0.296,5152.0,6,0,0,0,1.0,0
3.1391,56,0,0.1749,,7,0,2,0,0.0,0
0.1365,61,0,0.4862,10704.0,6,0,2,0,1.0,0
0.1624,30,0,0.8789,8009.0,9,0,2,0,2.0,0
0.4313,51,0,0.0894,,7,0,0,0,0.0,0
0.9983,48,0,0.5393,2538.0,9,0,1,0,3.0,0
1.4156,38,0,0.7586,2259.0,8,0,3,0,3.0,0
1.4092,65,0,0.2212,12173.0,9,0,1,1,2.0,0
3.1219,35,0,0.5405,3543.0,9,0,1,0,1.0,0
0.4611,65,0,1.0072,20959.0,12,0,0,0,0.0,0
0.861,50,0,0.466,,12,0,1,0,0.0,0
5.3978,68,3,0.8052,,10,0,0,0,2.0,0
0.4447,57,0,0.3254,,3,0,1,0,0.0,0
0.6088,54,0,0.3367,,8,0,2,0,1.0,0
5.3816,51,0,0.5412,6346.0,10,0,2,0,0.0,0
0.1774,45,0,0.3567,5368.0,6,0,1,0,1.0,0
0.1162,55,0,0.4275,10455.0,10,0,0,0,1.0,0
1.2581,23,2,0.2225,4867.0,10,0,0,2,0.0,0
0.517,48,0,0.2545,4752.0,7,0,4,0,0.0,0
0.4306,61,0,0.3612,,7,0,2,0,,0
0.2851,51,0,0.4012,,9,0,1,0,1.0,0
0.1031,64,0,0.3765,15490.0,6,0,1,0,0.0,0
0.9171,41,1,0.6775,,4,0,0,1,1.0,0
1.2122,38,0,0.1122,3755.0,6,0,2,0,1.0,1
4.6555,54,1,0.2468,10023.0,6,0,2,0,0.0,0
0.0789,43,0,0.6447,5847.0,8,0,1,0,0.0,0
0.6746,60,0,0.8936,,3,0,1,0,1.0,1
0.1235,45,2,0.5541,7356.0,7,0,3,0,,0
0.0064,55,0,0.6619,4016.0,12,0,0,0,4.0,0
0.3504,21,0,0.3433,3612.0,12,0,0,0,1.0,0
0.5462,48,0,0.2847,8528.0,7,0,2,0,2.0,0
0.8208,48,0,0.7373,3450.0,14,0,0,0,2.0,0
0.5007,28,0,0.4013,1572.0,0,0,1,0,0.0,0
0.1093,55,0,0.4303,,3,0,1,0,1.0,0
0.8482,50,0,0.6053,7242.0,4,0,0,0,0.0,0
0.3904,40,2,0.4311,1855.0,8,0,0,1,0.0,0
0.4348,70,0,0.7687,14269.0,4,0,0,0,1.0,0
0.4285,38,0,0.3294,3590.0,5,0,2,0,0.0,0
0.2045,65,0,0.5019,16704.0,7,0,2,0,0.0,0
0.4452,50,0,0.2407,2457.0,10,0,1,0,0.0,0
2.8054,65,0,0.1314,9443.0,7,0,2,0,0.0,0
0.4944,60,0,0.2237,,5,0,0,0,0.0,0
0.1948,25,0,0.7444,21860.0,6,0,2,0,0.0,0
4.4972,38,0,0.388,5493.0,8,0,2,0,0.0,0
0.7146,40,0,0.2714,4477.0,5,0,0,0,0.0,0
0.6255,85,0,0.742,3955.0,5,0,3,0,0.0,1
0.4297,66,0,0.1124,5115.0,7,0,1,0,1.0,0
0.3063,73,0,0.2474,2397.0,3,0,3,0,1.0,0
0.0498,36,0,0.3558,3779.0,6,0,1,0,1.0,0
0.218,55,0,0.2073,9604.0,8,0,0,0,0.0,0
7.6172,42,0,0.9277,7793.0,9,0,0,0,0.0,0
0.0352,74,0,0.0823,1925.0,12,0,2,0,0.0,0
0.1361,59,0,0.8117,8856.0,12,0,2,0,0.0,0
0.3644,49,0,0.0901,2410.0,9,0,0,0,3.0,0
0.6519,43,0,0.3072,,10,0,1,0,1.0,0
0.1837,61,0,0.3702,9010.0,4,0,1,0,3.0,0
0.396,57,0,0.4987,,7,0,3,0,0.0,0
0.4329,47,0,0.4162,5691.0,8,0,1,0,0.0,0
0.3689,41,0,0.8959,5797.0,8,0,2,0,0.0,0
0.3403,61,0,0.1437,1957.0,7,0,1,0,0.0,0
0.386,51,0,0.2592,5744.0,10,0,0,0,2.0,0
0.2412,43,0,0.2398,4201.0,11,0,1,0,4.0,0
0.412,55,0,0.4905,11324.0,9,0,0,0,2.0,0
0.425,62,0,0.9506,,11,0,1,0,1.0,0
0.6874,52,0,0.638,7490.0,17,0,0,0,0.0,0
0.7064,61,0,0.1957,,4,0,0,0,1.0,0
0.378,40,0,0.7676,8464.0,9,0,0,0,0.0,0
0.227,73,0,0.1441,11104.0,10,0,0,0,2.0,0
0.0322,40,0,0.3306,4033.0,6,0,0,0,1.0,0
0.8085,60,0,0.0484,,5,0,2,2,0.0,0
0.5093,50,0,0.1671,,13,0,2,0,1.0,0
0.6591,39,0,0.4706,5044.0,8,0,2,0,0.0,0
0.2362,47,0,0.6636,7289.0,8,0,1,0,0.0,0
3.7559,77,0,0.5487,4507.0,4,0,0,0,0.0,1
8.2517,38,0,0.4818,7560.0,8,0,2,0,2.0,0
0.0766,39,0,0.9771,1990.0,7,0,0,0,0.0,0
2.709,40,0,0.0339,9240.0,11,0,0,0,0.0,0
0.0749,66,0,0.4188,5231.0,13,0,0,0,1.0,0
0.1706,55,0,0.9347,6881.0,9,0,2,0,0.0,0
4.4172,46,0,0.4196,6258.0,10,0,1,0,0.0,0
0.0383,48,0,0.9305,7021.0,8,0,0,0,2.0,0
0.284,46,0,0.6323,16178.0,4,0,1,0,1.0,0
0.1055,49,0,0.4955,2063.0,9,0,1,0,0.0,0
0.0959,37,0,0.2674,13885.0,8,0,0,0,0.0,0
0.1328,33,0,0.4811,19257.0,7,0,1,0,1.0,0
1.7083,55,0,0.7064,3988.0,11,0,1,0,0.0,0
0.7008,43,0,0.817,3875.0,9,0,0,0,2.0,0
0.1273,58,0,0.3451,10848.0,10,0,1,0,1.0,0
3.8276,54,0,0.2615,3000.0,13,0,1,0,0.0,0
0.0423,68,0,0.1936,14927.0,11,0,2,0,2.0,0
0.2009,54,0,0.9695,,10,0,0,0,0.0,0
0.0506,60,0,0.7617,8964.0,5,0,2,0,2.0,0
0.3229,44,0,0.9194,14240.0,6,0,3,0,2.0,0
1.5774,28,0,0.2306,,6,0,0,0,0.0,1
0.1572,48,0,1.0107,15621.0,5,0,0,0,0.0,0
0.4384,45,1,0.0274,3521.0,5,1,1,0,2.0,0
0.8814,38,0,0.1974,2362.0,9,0,1,0,0.0,0
0.4367,64,0,0.6003,3041.0,6,0,2,0,0.0,0
0.032,47,0,0.8339,11619.0,6,0,1,0,2.0,0
0.2491,57,0,0.2203,3296.0,6,0,0,0,2.0,0
0.1815,36,0,0.6288,4996.0,15,0,0,0,1.0,0
0.2966,55,0,0.7615,,7,0,1,0,2.0,0
0.0385,65,0,0.3186,5900.0,7,0,0,0,0.0,0
0.042,80,0,0.2529,4526.0,11,0,1,0,0.0,0
0.2538,33,0,0.5515,2450.0,10,0,1,0,1.0,0
0.0142,56,0,1.1004,5964.0,7,0,1,0,0.0,0
1.447,32,0,0.1513,,8,0,1,0,0.0,0
0.0643,35,0,0.4512,,6,0,1,0,3.0,0
0.6817,56,0,0.3583,2512.0,8,0,0,0,1.0,0
0.4535,58,0,0.5645,3697.0,7,0,0,0,0.0,0
0.1186,63,2,0.8359,,4,0,0,1,1.0,0
1.908,50,0,0.8025,4348.0,9,0,0,0,2.0,1
0.9878,69,0,0.9776,11494.0,7,0,1,0,0.0,0
0.4283,63,0,0.7483,3841.0,9,0,2,0,0.0,0
0.7755,51,0,0.2639,2379.0,12,0,2,0,1.0,0
0.4792,62,0,0.6312,8569.0,2,0,2,0,2.0,0
0.4069,47,0,0.7306,5293.0,9,0,2,0,1.0,0
0.1098,67,0,0.5364,,11,0,2,0,3.0,0
0.1598,56,0,0.2689,1689.0,7,0,0,0,1.0,0
0.1601,49,0,1.1176,4295.0,12,0,0,0,0.0,0
3.7406,42,0,0.4427,4657.0,8,0,1,0,1.0,0
3.7098,49,0,1.056,5122.0,5,0,1,0,0.0,0
0.8672,56,0,0.4456,4007.0,5,0,0,0,0.0,0
0.2745,52,0,0.6076,,6,0,1,0,0.0,0
0.6456,62,0,0.458,,9,0,2,0,1.0,0
0.7634,48,0,0.3856,7800.0,5,0,0,0,0.0,0
0.2915,60,0,0.6999,9043.0,6,0,0,0,1.0,0
0.3105,21,0,0.7801,12505.0,10,0,0,0,1.0,0
0.9928,48,0,0.0361,,11,0,1,0,1.0,0
0.1373,47,0,0.8239,6999.0,3,0,2,0,2.0,0
0.6215,24,0,0.1792,4043.0,6,0,0,0,0.0,0
0.3812,66,0,0.1022,2743.0,10,0,1,0,0.0,0
0.4062,52,0,0.2954,,8,0,3,0,0.0,0
0.2929,59,0,0.5131,4016.0,5,0,1,0,1.0,0
0.0266,46,0,0.1688,4594.0,7,0,0,0,2.0,0
1.294,63,1,0.8612,17853.0,10,0,1,0,,0
0.4583,53,0,0.1572,3769.0,8,0,1,0,,0
0.0417,61,0,0.2267,,8,0,0,0,2.0,0
0.4306,54,0,0.8024,,14,0,1,0,0.0,0
0.2282,59,0,0.7372,20004.0,11,0,1,0,,0
0.4299,53,0,0.3357,1795.0,9,0,1,0,0.0,0
0.0271,57,0,0.2299,5760.0,8,0,0,0,0.0,0
0.376,53,0,0.0526,4433.0,11,0,1,0,0.0,0
0.0882,30,0,0.0976,,11,0,2,0,2.0,0
0.1881,32,1,0.8107,5161.0,7,0,1,0,0.0,0
0.2133,45,0,0.5455,4954.0,12,0,1,0,0.0,0
0.0579,67,0,0.9516,1887.0,9,0,2,0,0.0,0
0.7158,52,0,0.2035,3789.0,12,0,0,0,0.0,0
0.5657,33,0,0.3105,3849.0,8,0,1,0,0.0,0
5.8963,48,0,0.7762,6632.0,12,0,0,0,0.0,0
0.5649,46,0,0.6018,2105.0,4,0,0,0,1.0,0
0.6037,49,1,0.19,9206.0,4,0,0,0,0.0,0
1.9654,62,0,0.7257,,8,0,0,0,2.0,0
0.2796,59,0,0.1493,12540.0,9,0,1,0,1.0,0
1.3189,66,0,0.3851,,7,0,0,0,0.0,0
0.3681,48,0,0.5982,6039.0,7,0,0,0,,0
0.4635,57,0,0.3709,12989.0,12,0,1,0,0.0,0
0.526,66,0,0.26,4339.0,4,0,0,0,0.0,0
1.0079,51,0,0.5745,3303.0,7,0,2,0,0.0,0
2.4864,24,0,0.46,7185.0,7,0,1,0,1.0,0
0.0946,47,0,0.0371,5882.0,5,0,0,0,0.0,0
0.0608,76,0,0.3777,7268.0,6,0,1,0,0.0,0
0.5515,56,0,0.1247,6943.0,10,0,2,0,2.0,0
0.47,53,0,0.6788,,7,0,1,0,0.0,0
0.3379,44,0,0.1761,4534.0,11,0,1,0,2.0,0
0.99,45,0,0.4879,9141.0,5,0,1,0,1.0,0
0.0482,54,0,0.243,6989.0,4,0,0,0,0.0,0
0.4251,63,0,0.5695,6509.0,12,0,2,0,0.0,0
0.2343,32,0,0.0923,5408.0,7,0,2,0,1.0,0
0.4431,37,0,0.4768,,9,0,2,0,0.0,0
0.5977,56,0,0.4454,4559.0,9,0,0,0,0.0,1
0.2689,53,2,0.4501,6279.0,9,0,2,0,1.0,0
0.5031,26,0,0.5339,,12,0,2,0,1.0,1
0.4702,46,3,0.5005,3886.0,9,2,0,1,2.0,0
0.4959,70,0,0.6326,4235.0,9,0,1,0,0.0,0
1.843,51,0,0.4295,5340.0,7,0,1,0,1.0,0
0.0217,40,2,0.3063,,8,1,1,0,0.0,0
0.8457,50,0,0.619,,6,0,1,0,1.0,1
1.0181,70,0,0.5741,5929.0,8,0,1,0,0.0,0
0.0104,59,0,0.4554,3252.0,11,0,2,0,2.0,0
0.4663,42,0,0.9767,12063.0,4,0,1,0,0.0,0
0.5626,59,0,0.4757,3263.0,6,0,2,0,1.0,0
0.1609,47,0,0.4705,3777.0,14,0,1,0,0.0,0
1.2383,35,0,0.0963,3114.0,5,0,1,0,1.0,0
0.2392,65,1,0.507,,6,1,0,0,1.0,0
4.6586,59,0,0.4223,,6,0,3,0,1.0,0
0.0446,39,0,0.8487,2635.0,8,0,1,0,0.0,0
4.8661,65,0,0.4728,,4,0,0,0,1.0,0
0.0461,21,1,0.2352,3680.0,17,0,0,1,1.0,0
5.949,52,0,0.6567,,7,0,0,0,1.0,0
0.1591,83,0,0.3127,4830.0,12,0,4,0,0.0,0
1.0635,80,0,0.3275,5797.0,12,0,0,0,1.0,0
0.6249,48,0,0.3508,6494.0,10,0,1,0,2.0,0
0.6856,89,0,0.5626,7085.0,8,0,1,0,1.0,0
0.5031,60,0,1.2114,,5,0,1,0,0.0,0
0.4765,49,0,0.4314,,8,0,2,0,0.0,0
0.2014,55,0,0.122,2381.0,6,0,0,0,1.0,0
0.7682,46,0,0.7111,3476.0,13,0,2,0,0.0,0
1.262,63,0,0.4455,18267.0,5,0,0,0,1.0,0
0.3651,48,0,0.0466,1255.0,5,0,2,0,0.0,0
0.159,56,0,0.442,3697.0,5,0,1,0,0.0,0
0.4865,49,0,0.6738,9209.0,15,0,1,0,1.0,0
0.5583,29,0,0.2661,3609.0,5,0,2,0,1.0,0
5.8986,44,0,0.3653,4665.0,9,0,0,0,2.0,0
9.5607,51,0,0.6109,11347.0,9,0,1,0,0.0,0
0.2666,51,0,0.7604,4618.0,7,0,0,0,0.0,0
0.1623,64,0,0.3611,19454.0,5,0,2,0,0.0,0
0.2487,60,0,0.4186,1364.0,10,0,1,0,2.0,0
0.2276,47,0,0.1885,2754.0,4,0,1,0,0.0,0
0.0269,46,0,0.2196,5934.0,10,0,0,0,1.0,0
0.4387,55,0,0.2585,6081.0,4,0,0,0,0.0,0
1.0726,48,0,0.3968,3344.0,9,0,0,0,0.0,0
1.0219,46,0,0.1403,8547.0,7,0,2,0,0.0,0
0.2088,41,0,0.1118,,8,0,0,0,1.0,0
0.3985,47,0,0.22,3385.0,8,0,1,0,0.0,0
0.029,60,0,0.5919,1849.0,6,0,1,0,1.0,0
2.1246,38,0,0.6037,7623.0,7,0,3,0,1.0,0
0.0765,59,0,0.3614,5020.0,10,0,1,0,1.0,0
0.5949,90,0,0.6345,7330.0,8,0,2,0,1.0,0
0.6093,45,0,0.6351,3138.0,6,0,0,0,1.0,0
0.1397,49,0,0.3057,,4,0,0,0,2.0,0
1.0823,46,0,0.6029,3216.0,4,0,1,0,0.0,0
0.0039,57,0,1.0005,17931.0,10,0,3,0,1.0,0
0.0926,48,0,0.5828,5886.0,11,0,1,0,2.0,0
0.026,49,0,0.5516,3383.0,4,0,1,0,1.0,0
0.0662,31,2,0.357,4137.0,10,1,2,0,1.0,0
0.1548,49,0,0.4952,1926.0,11,0,0,0,1.0,0
0.4417,36,0,0.5102,6280.0,6,0,1,0,0.0,0
0.9697,42,0,0.6871,9845.0,10,0,2,0,1.0,0
3.9782,69,0,0.2214,8409.0,8,0,0,0,1.0,0
0.3142,40,0,0.4239,3767.0,7,0,1,0,2.0,0
0.0128,47,0,0.7667,4695.0,9,0,1,0,0.0,0
0.3908,60,0,0.2214,,8,0,3,0,1.0,0
1.0524,48,0,0.582,,8,0,1,0,2.0,1
0.3602,60,0,0.1817,3436.0,11,0,5,0,1.0,0
0.1083,76,0,0.5481,,5,0,1,0,0.0,0
0.0009,58,0,0.4128,4064.0,4,0,3,0,0.0,0
0.1212,35,0,0.6315,9759.0,7,0,2,0,1.0,0
0.7167,66,0,0.4132,7073.0,8,0,0,0,0.0,0
0.465,47,0,0.467,5720.0,5,0,1,0,0.0,0
0.1658,26,0,0.3863,7994.0,2,0,0,0,0.0,0
0.6674,36,0,0.56,2257.0,3,0,1,0,0.0,0
0.0596,49,0,0.5157,13708.0,10,0,2,0,1.0,0
0.2441,61,0,0.59,4618.0,6,0,0,0,0.0,0
0.4067,47,0,1.1121,4347.0,8,0,0,0,2.0,0
0.4251,56,0,0.5511,2386.0,8,0,1,0,1.0,0
0.1158,46,0,0.2984,8513.0,8,0,1,0,2.0,0
0.6355,78,0,0.602,10000.0,9,0,0,0,1.0,0
0.458,42,0,0.2418,6063.0,13,0,0,0,1.0,0
0.6894,71,0,0.4906,4448.0,9,0,0,0,,1
1.1245,52,0,0.659,6242.0,6,0,1,0,0.0,0
0.6358,58,0,0.4183,,7,0,0,0,0.0,0
0.6758,21,0,0.7838,4490.0,7,0,0,0,1.0,0
0.0655,74,0,0.1112,,6,0,1,0,0.0,0
3.2568,38,0,0.5114,2568.0,7,0,0,0,2.0,0
0.0113,62,1,0.0772,2128.0,12,0,2,0,1.0,0
0.1383,43,0,0.075,4545.0,11,0,4,0,1.0,0
0.2501,33,0,0.17,2994.0,11,0,2,0,2.0,0
0.7874,65,0,0.1909,9793.0,5,0,0,0,2.0,0
0.2868,44,0,0.8658,3308.0,10,0,1,0,2.0,0
0.4249,50,0,0.3069,4561.0,10,0,0,0,0.0,0
0.2826,48,0,0.3744,5415.0,7,0,0,0,,0
0.3894,26,0,0.6621,5258.0,9,0,0,0,1.0,0
0.7464,35,0,0.2956,4361.0,10,0,0,0,0.0,0
0.4284,23,0,0.3737,1586.0,7,0,1,0,0.0,0
0.0052,39,0,0.8788,,6,0,0,0,0.0,0
0.2508,74,0,0.1957,,9,0,0,0,1.0,0
0.1755,69,0,0.9923,5946.0,7,0,1,0,0.0,0
0.251,79,0,0.0212,3680.0,7,0,1,0,2.0,0
0.2635,66,0,0.6114,3127.0,7,0,0,0,0.0,0
2.1656,56,2,0.1584,,15,0,0,0,1.0,0
0.0825,73,0,0.1967,7156.0,10,0,3,0,1.0,0
0.1327,45,0,0.3918,2773.0,6,0,1,0,2.0,0
0.7857,73,0,1.0302,7903.0,8,0,0,0,1.0,0
0.4434,53,0,0.3622,11976.0,12,0,0,0,1.0,0
0.7655,52,0,0.736,2451.0,10,0,3,0,2.0,0
0.1636,53,0,0.478,2998.0,12,0,2,0,0.0,0
0.3631,71,0,1.0023,3947.0,12,0,0,0,0.0,0
0.0575,81,0,0.4985,2888.0,6,0,1,0,0.0,0
2.1181,34,0,0.3448,1075.0,3,0,1,0,1.0,0
1.0013,66,0,0.6016,,8,0,1,0,1.0,0
0.0742,48,1,0.281,11077.0,8,0,0,0,0.0,0
0.1376,52,0,0.437,3403.0,8,0,1,0,1.0,0
0.0227,53,0,0.8797,1362.0,5,0,1,0,0.0,0
0.5277,66,0,0.3784,7340.0,7,0,1,0,1.0,0
0.1008,33,0,0.2357,3655.0,6,0,1,0,0.0,0
0.0537,33,0,0.2005,28777.0,8,0,0,0,1.0,0
0.8388,53,0,0.5839,1855.0,8,0,0,0,1.0,1
0.5482,32,0,1.0159,,10,0,1,0,0.0,0
0.2689,55,0,0.2915,6978.0,9,0,0,0,2.0,0
0.4042,66,0,1.1668,,9,0,0,0,1.0,0
0.2159,58,0,0.1306,8527.0,11,0,0,0,1.0,0
0.2577,57,0,0.3823,8328.0,9,0,0,0,1.0,0
0.5301,40,0,0.865,,7,0,0,0,1.0,0
0.5589,75,0,0.5231,10902.0,10,0,0,0,0.0,0
0.2938,70,0,0.4153,5212.0,15,0,1,0,0.0,0
0.5439,71,0,0.2126,3733.0,15,0,0,0,1.0,0
0.1486,60,0,0.5022,3202.0,6,0,0,0,2.0,0
3.5828,38,3,0.6084,9273.0,8,0,0,0,2.0,0
3.3193,34,0,1.0321,7690.0,8,0,1,0,1.0,0
0.7211,69,0,0.109,16008.0,11,0,4,0,2.0,0
0.7168,45,0,0.1644,3038.0,7,0,1,0,3.0,0
0.535,32,0,0.6322,3888.0,10,0,0,0,0.0,0
0.6145,21,0,0.1124,5106.0,9,0,2,0,1.0,0
0.6897,67,0,0.2359,,11,0,0,0,2.0,0
0.1432,68,0,0.3907,4315.0,8,0,1,0,1.0,0
0.0235,83,0,0.6682,19299.0,4,0,1,0,1.0,0
1.033,55,0,0.1368,3563.0,4,0,1,0,0.0,0
0.1383,53,0,0.0702,,14,0,1,0,2.0,0
1.4568,24,0,0.5288,20607.0,9,0,0,0,0.0,0
0.527,67,0,0.3788,11805.0,9,0,0,0,1.0,0
0.8801,49,0,0.6761,6775.0,10,0,0,0,0.0,0
0.2191,51,0,0.9801,7354.0,8,0,0,0,2.0,0
4.4421,41,0,0.5116,6269.0,11,0,2,0,0.0,0
0.3404,51,1,0.1351,1447.0,4,0,2,0,0.0,0
0.3348,57,0,1.026,8758.0,7,0,0,0,1.0,0
0.2378,47,0,0.3932,5461.0,12,0,0,0,1.0,0
0.4079,32,0,0.9089,9100.0,10,0,1,0,1.0,0
0.659,64,0,1.1283,,7,0,0,0,2.0,0
1.8036,59,0,0.6241,16037.0,6,0,1,0,1.0,0
0.4783,48,0,0.13,6428.0,4,0,0,0,3.0,0
0.6632,72,0,0.3809,11629.0,5,0,3,0,1.0,0
0.5014,49,0,0.1016,5520.0,8,0,1,0,0.0,0
0.1651,55,0,0.3039,4051.0,3,0,2,0,1.0,0
0.3567,21,0,0.3451,3978.0,10,0,2,0,0.0,0
0.4836,41,0,0.0882,2244.0,3,0,2,0,1.0,1
0.1837,58,0,0.8328,6482.0,5,0,2,0,3.0,0
0.0961,48,0,0.1821,10585.0,7,0,0,0,0.0,0
3.2043,60,0,0.2385,6203.0,12,0,1,0,4.0,0
0.318,22,0,0.6843,3614.0,9,0,0,0,1.0,0
0.5859,61,0,0.3336,2237.0,8,0,0,0,0.0,0
0.15,50,0,0.2634,6959.0,10,0,0,0,0.0,0
0.63,71,0,0.7157,2678.0,12,0,2,0,0.0,0
1.1493,50,0,0.1473,,10,2,3,0,0.0,0
0.0534,60,0,0.8536,4463.0,6,0,4,0,2.0,0
0.1744,60,0,0.3685,,9,0,0,0,2.0,0
0.317,65,0,0.7109,14277.0,8,0,1,0,1.0,0
0.1991,57,0,0.5847,,8,0,1,0,0.0,0
0.4585,52,0,0.83,4886.0,9,0,1,0,1.0,0
3.5867,49,0,0.5241,3129.0,8,0,3,0,1.0,0
0.1078,67,0,0.1731,1399.0,7,0,2,0,0.0,0
0.183,48,1,0.1999,,12,0,1,0,0.0,0
3.085,44,0,0.1602,4218.0,9,0,5,0,0.0,0
0.1726,63,0,0.2712,,13,0,1,0,0.0,0
2.694,68,0,0.5045,,8,0,0,0,1.0,0
0.3366,74,0,0.1607,4593.0,7,0,2,0,1.0,0
0.5881,75,0,0.2954,,6,0,0,0,5.0,1
0.2421,55,0,0.2034,5037.0,4,0,2,0,0.0,0
4.2363,61,0,0.6748,5614.0,8,0,2,0,0.0,0
0.5168,82,0,0.0947,11404.0,9,0,0,0,0.0,0
0.692,67,0,0.4544,9915.0,11,0,2,0,0.0,0
0.7544,75,0,0.836,7272.0,9,0,2,0,0.0,0
0.9878,66,0,0.2475,8123.0,7,0,0,0,1.0,0
0.6295,41,0,0.5371,10218.0,8,0,1,0,0.0,0
0.4144,49,0,0.4137,,14,0,1,0,0.0,0
0.1817,30,0,0.5558,3530.0,14,0,3,0,0.0,0
0.083,49,0,0.3368,6088.0,6,0,0,0,0.0,0
0.2855,44,0,0.7525,3710.0,10,0,1,0,1.0,0
12.2244,43,0,1.505,4844.0,7,0,1,0,2.0,0
0.0476,49,0,0.4773,2975.0,8,0,1,0,1.0,0
0.4622,40,0,0.7033,3125.0,13,0,0,0,0.0,0
0.8773,35,0,0.3995,,4,0,0,0,0.0,0
0.342,66,0,0.4481,,10,0,2,0,0.0,0
0.047,44,0,0.5634,6537.0,4,0,2,0,1.0,0
0.1511,48,0,0.1703,,17,0,0,0,2.0,0
0.1693,69,0,0.2917,3443.0,5,0,1,0,0.0,0
0.2332,41,0,0.2034,,7,0,0,0,2.0,0
1.132,63,0,0.3185,7044.0,8,0,1,0,2.0,0
1.0948,34,0,0.3234,5299.0,13,0,1,0,0.0,0
0.0355,54,0,0.2471,19589.0,10,0,0,0,0.0,0
0.1631,61,0,0.1379,5681.0,4,0,0,0,0.0,0
0.3954,44,0,0.5615,6016.0,6,0,0,0,0.0,0
0.7171,67,0,0.2364,3012.0,10,0,1,0,0.0,0
0.2237,59,0,1.2957,5661.0,8,0,1,0,0.0,0
0.1239,57,3,0.2463,4046.0,3,0,0,2,1.0,0
3.066,68,0,0.3653,6101.0,12,0,1,0,3.0,0
0.3528,64,0,0.5949,6965.0,5,0,2,0,2.0,0
0.2971,52,0,0.333,2105.0,8,0,0,0,2.0,0
0.922,31,0,0.3227,7650.0,5,0,1,0,0.0,0
0.4201,79,0,0.6576,2804.0,10,0,2,0,0.0,0
0.1358,45,0,0.6539,3212.0,6,0,3,0,1.0,0
0.6606,21,0,0.2529,5801.0,10,0,1,0,0.0,0
0.3176,75,0,0.3464,1710.0,7,0,3,0,1.0,0
0.3516,61,0,0.718,2517.0,11,0,3,0,2.0,0
0.6617,53,0,0.3452,4557.0,6,0,1,0,0.0,0
2.6117,51,0,0.8752,6944.0,12,0,2,0,0.0,0
0.0934,65,0,0.1993,15066.0,10,0,0,0,0.0,0
3.652,83,1,0.4527,1904.0,8,1,0,0,0.0,0
0.6381,47,0,0.367,14183.0,5,0,2,0,0.0,0
0.1301,41,0,0.9059,4416.0,4,0,1,0,0.0,0
0.2928,49,0,0.5196,2658.0,9,0,1,0,0.0,0
1.5218,33,0,0.3858,2430.0,6,0,0,0,1.0,0
0.1146,50,0,0.487,9296.0,16,0,0,0,0.0,0
0.1376,70,0,0.5625,4421.0,8,0,1,0,3.0,0
0.5862,55,0,0.5975,11446.0,6,0,2,0,0.0,0
0.8802,58,0,0.1875,16533.0,7,0,2,0,2.0,0
0.8443,66,0,0.1102,2253.0,9,0,0,0,1.0,0
0.7986,48,0,0.4627,,8,0,0,0,0.0,0
0.6942,36,0,0.6771,3169.0,6,0,2,0,1.0,0
1.6042,50,0,0.2872,13150.0,5,0,1,0,0.0,0
0.7459,50,0,0.5499,3572.0,9,0,0,0,0.0,0
0.6048,63,0,0.3003,3175.0,14,0,0,0,1.0,0
0.905,63,0,0.787,9977.0,5,0,0,0,0.0,0
3.1262,23,0,0.3472,,4,0,0,0,1.0,0
0.2753,30,0,0.4935,2528.0,9,0,2,0,0.0,0
0.5764,68,0,0.5223,,13,0,1,0,0.0,0
2.3415,36,0,0.3324,2688.0,8,0,2,0,2.0,0
1.8002,66,0,1.1848,,6,0,1,0,1.0,1
0.4162,21,0,0.2683,3833.0,4,0,1,0,0.0,0
0.2202,77,0,0.9507,8667.0,6,0,1,0,3.0,0
9.835,53,0,0.7479,22158.0,10,0,2,0,0.0,0
0.0171,68,0,0.3003,8012.0,10,0,1,0,0.0,0
0.3891,55,0,0.4927,,10,0,1,0,2.0,0
0.3919,74,0,0.3429,2426.0,8,0,1,0,0.0,0
0.3318,73,0,0.8407,5937.0,12,0,0,0,1.0,0
1.0923,51,1,0.8625,6653.0,11,1,1,0,1.0,0
0.4224,32,0,0.4559,6095.0,9,0,1,0,1.0,0
3.0269,28,1,0.4319,6473.0,11,0,0,0,2.0,0
0.5254,39,0,0.606,,5,0,0,0,1.0,0
0.1604,40,0,1.0409,1889.0,6,0,2,0,1.0,0
0.6556,74,0,1.0132,5867.0,6,0,3,0,0.0,0
0.0009,45,0,0.4842,6585.0,9,0,0,0,1.0,0
0.1173,57,0,0.5166,2480.0,3,0,0,0,2.0,0
0.8276,31,0,0.6183,,12,0,1,0,0.0,0
0.1816,48,0,0.9132,,8,0,0,0,2.0,0
0.5125,53,0,0.3043,20491.0,15,0,2,0,2.0,0
0.5226,52,0,0.3861,23822.0,11,0,0,0,1.0,0
0.1684,34,3,0.6964,5028.0,10,0,1,0,0.0,0
10.0817,61,0,1.0287,5295.0,5,0,1,0,2.0,0
0.8591,64,4,0.52,7414.0,3,0,0,0,0.0,0
0.6957,48,0,0.7085,,11,0,2,0,0.0,0
0.0441,22,0,0.3559,11803.0,9,0,1,0,2.0,0
0.4643,61,0,0.3473,4223.0,2,0,3,0,0.0,0
0.1687,56,0,0.1001,3923.0,8,0,3,0,0.0,0
0.1407,71,0,0.3011,4467.0,8,0,1,0,0.0,0
0.4214,37,0,0.4849,9637.0,9,0,1,0,0.0,0
0.3531,77,0,0.6746,4947.0,9,0,0,0,1.0,0
1.9763,45,0,0.1945,4244.0,7,0,0,0,1.0,0
0.866,83,0,0.5603,,12,0,0,0,1.0,0
0.1656,42,0,0.8273,11045.0,9,0,1,0,2.0,0
0.259,58,0,0.5511,2035.0,9,0,2,0,2.0,0
0.3678,27,1,0.4501,2779.0,3,0,0,0,1.0,0
1.319,49,0,0.1564,10365.0,9,0,0,0,3.0,0
3.0858,50,0,0.2355,25122.0,5,0,1,0,0.0,0
0.2006,58,0,0.701,3844.0,4,0,0,0,2.0,0
0.0775,47,0,0.1637,7792.0,9,0,1,0,0.0,0
0.4837,49,0,0.3452,5166.0,5,0,0,0,0.0,0
0.0163,68,0,0.3225,2876.0,13,0,1,0,1.0,0
1.2239,42,0,0.3975,2385.0,9,0,1,0,0.0,0
1.0611,46,0,0.123,2493.0,12,0,1,0,1.0,0
0.1234,58,0,1.1419,5615.0,9,0,0,0,2.0,0
0.6771,53,0,0.7745,4060.0,5,0,3,0,0.0,0
2.0511,50,0,0.3559,16984.0,6,0,2,0,0.0,0
0.4005,53,0,0.5271,3195.0,3,0,0,0,0.0,0
0.4643,33,0,0.0684,3794.0,10,0,1,0,1.0,0
0.3589,79,0,0.3252,711.0,7,0,1,0,1.0,0
1.4042,45,0,0.2341,,5,0,1,0,0.0,0
4.0044,39,0,0.373,,11,0,0,0,0.0,0
0.2261,55,0,0.5318,3459.0,4,0,0,0,1.0,0
0.3003,36,0,0.5778,7457.0,8,0,4,0,1.0,0
0.3821,47,0,0.8475,2784.0,11,0,0,0,1.0,0
1.8088,69,0,0.8788,2429.0,8,0,1,0,1.0,0
2.5953,52,0,0.8187,13989.0,7,0,0,0,1.0,0
3.088,42,0,0.8291,5351.0,12,0,0,0,0.0,0
0.2401,36,0,0.8871,4906.0,9,0,0,0,0.0,0
0.336,57,0,0.6091,,7,0,0,0,0.0,0
2.5484,39,0,0.5212,11370.0,4,0,1,0,1.0,0
0.3584,39,0,0.1622,11197.0,13,0,0,0,1.0,0
0.6445,57,0,0.4366,1793.0,11,0,2,0,1.0,0
0.4796,64,0,0.5367,,8,0,4,0,1.0,0
0.1281,42,0,0.5646,2548.0,4,0,2,0,2.0,0
0.5573,30,0,0.8285,2004.0,5,0,1,0,0.0,0
0.3072,47,0,0.3744,15071.0,5,0,2,0,1.0,0
0.0793,61,0,0.5694,2646.0,5,0,0,0,2.0,0
0.3318,57,0,0.3868,3642.0,6,0,0,0,0.0,0
0.4656,42,0,0.4665,6721.0,5,0,1,0,0.0,0
0.1712,57,0,0.5552,4705.0,4,0,1,0,1.0,0
0.6568,42,0,0.1744,5260.0,7,0,2,0,1.0,0
0.2625,37,0,0.8194,4939.0,11,0,2,0,1.0,0
0.293,72,0,0.2846,4214.0,4,0,2,0,0.0,0
0.084,68,0,0.332,3374.0,12,0,0,0,1.0,0
0.1075,39,0,1.2253,2432.0,8,0,1,0,2.0,0
5.8221,59,0,0.1122,2479.0,10,0,2,0,0.0,0
0.1252,33,0,0.2139,2407.0,2,0,2,0,1.0,0
0.4025,72,0,0.5651,9583.0,2,0,0,0,1.0,0
4.9222,61,0,0.394,2757.0,7,0,0,0,,0
0.4841,55,0,0.4741,20201.0,2,0,0,0,0.0,0
0.4394,33,0,0.5263,,4,0,3,0,1.0,0
0.4071,67,0,0.3231,3670.0,10,0,2,0,1.0,0
0.0356,57,0,0.2539,5045.0,8,0,1,0,2.0,0
0.2276,59,0,0.4405,2474.0,3,0,0,0,1.0,0
1.1299,68,1,0.279,13620.0,6,0,2,0,0.0,0
0.0287,60,0,0.7111,8736.0,8,0,1,0,1.0,0
0.2779,35,0,0.6191,12195.0,5,0,4,0,0.0,0
0.1027,68,0,0.954,4300.0,6,0,0,0,2.0,0
2.0973,41,0,0.4918,6162.0,5,0,0,0,0.0,0
0.3103,48,0,0.762,5784.0,12,0,4,0,0.0,0
1.0492,47,0,1.0632,,5,0,1,0,0.0,0
1.1795,33,0,0.7564,3575.0,8,0,2,0,0.0,0
0.1638,41,0,0.3258,7376.0,11,0,3,0,0.0,0
0.134,37,0,0.3308,2407.0,8,0,1,0,0.0,0
6.0248,37,0,0.445,3928.0,5,0,1,0,0.0,0
0.7542,50,0,0.46,,7,0,0,0,1.0,0
0.0883,63,0,0.4448,,6,0,2,0,1.0,0
0.2029,78,0,0.781,8411.0,7,0,3,0,,0
0.4079,60,0,0.7202,,10,0,1,0,3.0,0
0.0127,76,0,0.4193,9638.0,11,0,2,0,0.0,0
0.0412,35,1,0.7707,2267.0,8,0,1,2,2.0,0
0.448,77,0,0.7304,4619.0,7,0,0,0,0.0,0
0.1466,48,1,0.5217,2452.0,6,0,0,0,0.0,0
0.3969,83,0,0.5494,9845.0,17,0,3,0,2.0,0
0.388,38,1,0.2922,1870.0,11,0,0,1,0.0,0
0.3447,67,0,0.5242,11043.0,4,0,3,0,0.0,0
0.3439,35,0,0.058,7934.0,9,0,1,0,0.0,0
3.8887,36,0,0.4021,4347.0,12,0,1,0,1.0,0
0.9061,83,0,0.5309,10807.0,7,0,2,0,0.0,0
0.0058,40,0,0.316,4130.0,13,0,1,1,0.0,0
0.9647,55,0,0.5377,14280.0,7,0,2,0,1.0,0
0.4407,36,0,0.3981,,6,0,0,0,1.0,0
0.3148,52,0,0.4994,5751.0,10,0,2,0,0.0,0
0.3045,80,0,0.4133,9669.0,8,0,1,0,0.0,0
1.0611,56,0,0.2894,8333.0,15,0,1,0,0.0,0
0.9044,45,0,0.659,7081.0,11,0,0,0,1.0,0
0.1419,46,0,0.5431,,5,0,0,0,0.0,0
0.0755,50,0,0.26,2840.0,9,0,0,0,1.0,0
0.5107,53,0,0.7434,,9,0,3,0,0.0,0
0.011,58,0,0.0866,817.0,6,0,0,0,0.0,0
0.5967,63,0,0.5002,6487.0,6,0,2,0,,0
0.698,43,0,0.6947,,5,0,1,0,1.0,0
0.057,60,0,0.5367,,8,0,1,0,0.0,0
0.0313,29,0,0.4531,6284.0,9,0,1,0,1.0,0
0.1812,55,0,0.3313,10323.0,8,0,0,0,0.0,0
1.147,41,0,0.6065,,8,0,1,0,3.0,0
0.4318,50,0,0.3456,,10,0,0,0,0.0,0
0.589,59,0,0.7379,8479.0,8,0,0,0,1.0,0
0.1347,71,0,0.615,3260.0,9,0,1,0,1.0,0
0.5079,48,0,0.4257,4902.0,11,0,0,0,3.0,0
1.5241,57,0,0.873,10049.0,7,0,1,0,,0
0.1121,55,0,0.9006,3863.0,5,0,0,0,2.0,0
0.3459,27,0,0.8284,,8,0,1,0,1.0,0
0.2567,56,0,0.6125,6556.0,8,0,2,0,1.0,0
0.4127,81,0,0.4263,,15,0,0,0,0.0,0
0.7345,65,0,0.5951,5988.0,14,0,1,0,1.0,0
0.2419,46,0,0.0903,7710.0,7,0,2,0,0.0,0
0.4053,46,0,0.3306,1063.0,12,0,1,0,2.0,0
0.1684,44,0,0.7612,4806.0,7,0,2,0,0.0,0
0.8512,61,0,0.1087,8678.0,10,0,0,0,2.0,0
0.5091,53,0,0.2428,5453.0,1,0,1,0,2.0,0
0.4199,31,0,0.0479,6722.0,7,0,2,0,1.0,0
0.9015,62,0,0.7331,5974.0,10,0,1,0,3.0,0
0.7494,60,0,0.0777,2975.0,4,0,1,0,,0
2.6919,52,0,0.7176,,5,0,2,0,0.0,0
0.8527,55,0,0.9679,6512.0,7,0,3,0,1.0,0
0.3142,40,0,0.51,,7,0,1,0,0.0,0
0.013,73,1,0.3894,3051.0,8,0,1,0,3.0,0
2.4747,32,0,0.5966,3598.0,6,0,1,0,2.0,0
2.4971,51,1,0.5797,1469.0,6,0,2,0,1.0,0
0.3296,52,0,0.7846,,12,0,0,0,1.0,0
0.0735,47,0,0.5244,,6,0,0,0,1.0,0
0.1384,53,0,0.6151,4205.0,5,0,0,0,0.0,0
2.0092,38,3,0.1418,8490.0,5,0,3,0,0.0,0
0.5625,44,0,0.9567,5195.0,9,0,2,0,1.0,0
0.0403,38,0,0.3487,6534.0,11,0,1,0,0.0,0
1.3625,49,0,0.6752,2775.0,12,0,2,0,1.0,0
5.0201,72,0,0.322,9994.0,6,0,2,0,1.0,0
0.075,59,0,0.658,1777.0,11,0,0,0,1.0,0
1.9145,34,0,0.4666,4755.0,6,0,0,0,3.0,1
0.0879,48,0,0.0271,7118.0,6,0,1,0,1.0,0
0.2322,52,0,1.0083,7214.0,9,0,1,0,0.0,0
0.3573,43,0,0.2052,3639.0,8,0,1,0,2.0,0
0.2825,46,0,0.5514,6306.0,8,0,0,0,1.0,0
0.2174,70,0,0.4876,4172.0,9,0,0,0,2.0,0
0.1455,28,0,0.2084,2331.0,6,0,2,0,0.0,0
0.3675,58,0,0.0818,13104.0,7,0,1,1,0.0,1
0.1866,27,0,0.4984,,6,0,0,0,1.0,0
0.325,56,0,0.6991,1239.0,7,0,0,0,0.0,0
0.5638,40,0,0.5751,9680.0,9,0,1,0,0.0,0
4.2397,61,3,0.1458,3933.0,10,0,2,0,2.0,0
0.1357,79,0,0.8185,4324.0,6,0,3,0,2.0,0
0.6428,51,0,0.2262,8485.0,8,0,2,0,1.0,0
1.5061,71,0,0.4061,9746.0,9,0,3,0,1.0,0
1.6447,62,0,0.3833,6459.0,13,0,1,0,2.0,0
1.1609,58,0,0.3489,6089.0,11,0,2,0,0.0,0
0.2127,37,0,0.4035,4910.0,10,0,0,0,0.0,0
0.761,68,0,0.7,11637.0,3,0,1,0,1.0,0
0.8482,58,0,0.2981,,6,0,1,0,1.0,0
4.9842,37,3,0.5518,3654.0,11,0,1,0,2.0,0
1.4969,39,0,0.0985,9439.0,10,0,1,0,1.0,0
0.4051,44,0,0.4319,5281.0,7,0,0,0,1.0,0
2.1507,40,0,0.4739,,7,0,1,0,,0
0.2295,50,0,0.1055,3765.0,11,0,2,0,0.0,0
0.5861,60,0,0.4053,8983.0,11,0,1,0,0.0,0
0.1767,49,0,0.3378,8496.0,7,0,0,0,2.0,0
0.2565,55,0,1.1282,4077.0,6,0,1,0,1.0,0
1.0167,35,0,0.1072,3680.0,13,0,1,0,1.0,0
0.7022,67,0,0.3627,3755.0,9,0,2,0,1.0,0
1.3937,64,0,0.1749,3718.0,11,0,2,0,2.0,0
0.2834,81,0,0.3235,10595.0,13,0,0,0,0.0,1
0.0864,37,0,0.1994,7375.0,10,0,1,0,5.0,0
0.0336,36,0,0.6292,,10,0,1,0,1.0,1
1.0214,34,0,0.1999,,9,0,1,0,0.0,0
0.1902,69,0,0.5196,,8,0,0,0,0.0,0
0.3128,32,0,0.6364,12453.0,9,0,1,0,0.0,0
3.8457,46,0,0.2391,5324.0,9,0,1,0,1.0,0
0.6058,30,0,0.1213,7943.0,8,0,0,0,0.0,0
0.6801,53,0,0.1969,,11,0,0,0,1.0,0
0.4661,55,0,0.368,1327.0,10,0,0,0,1.0,0
0.036,59,0,0.686,5845.0,10,0,1,0,2.0,0
0.5974,51,0,0.6399,6661.0,11,0,0,0,2.0,0
0.2411,36,0,0.483,4998.0,9,0,0,0,2.0,0
0.6775,59,0,0.8774,16498.0,9,0,0,0,1.0,0
0.1525,53,2,0.2191,6488.0,5,2,0,0,,0
0.6244,53,0,0.5297,5049.0,7,0,1,0,2.0,0
0.8423,40,0,0.4398,22588.0,2,0,0,0,,0
0.2715,58,0,0.5495,6583.0,4,0,0,0,0.0,0
2.7334,64,0,0.8029,6305.0,4,0,1,0,1.0,0
0.5374,40,0,0.753,,7,0,0,0,1.0,0
0.1857,33,0,0.1409,2960.0,14,0,2,0,2.0,0
0.1371,62,0,0.3689,5159.0,9,0,1,0,1.0,0
0.0681,27,0,0.5504,3267.0,7,0,2,0,0.0,0
0.6003,38,0,0.1725,,8,0,1,0,0.0,0
1.9279,41,0,0.688,6974.0,12,0,1,0,1.0,0
0.2891,40,0,1.1382,5677.0,4,0,2,0,0.0,0
0.6424,62,0,0.9202,7179.0,11,0,1,0,0.0,0
0.0185,68,0,0.4334,8439.0,6,0,1,0,2.0,0
5.1622,66,0,1.0161,4771.0,7,0,2,0,3.0,0
2.6372,39,0,0.3602,3087.0,8,0,0,0,0.0,0
0.6174,73,0,0.0987,,9,0,1,0,2.0,0
0.2919,34,0,0.9034,6563.0,7,0,2,0,0.0,0
0.3416,55,0,0.523,5649.0,7,0,0,0,2.0,0
0.426,55,0,0.5499,7420.0,6,0,1,0,1.0,0
0.0294,73,0,0.5168,7275.0,7,0,1,0,0.0,0
0.0516,59,0,0.3913,6168.0,9,0,0,0,1.0,0
2.4199,76,0,0.1361,,8,0,0,0,2.0,0
0.0869,40,0,0.0667,3637.0,14,0,1,0,0.0,0
0.7314,64,0,0.6436,4386.0,6,0,2,0,0.0,0
0.4321,68,0,0.0654,4167.0,10,0,1,0,0.0,0
0.1277,60,0,0.2649,9669.0,4,0,1,0,0.0,0
1.0169,40,0,0.7648,5370.0,5,0,1,0,0.0,0
0.2384,48,0,0.2982,6826.0,6,0,1,0,1.0,0
0.0894,61,2,0.8531,21366.0,12,0,2,0,,0
0.3375,63,0,0.3277,10189.0,3,0,3,0,0.0,0
0.3677,39,2,0.6066,2615.0,8,0,2,0,0.0,0
0.7355,36,0,0.5795,2064.0,12,0,0,0,1.0,0
4.5907,70,0,0.6592,5402.0,12,0,0,0,0.0,1
0.6289,66,0,0.1551,24202.0,8,0,0,0,0.0,0
1.5413,70,0,0.1287,,13,0,0,0,0.0,1
0.8257,78,0,0.2544,25801.0,5,0,1,0,0.0,0
0.0916,54,0,0.8972,6153.0,6,0,0,0,2.0,0
1.9283,30,0,0.0272,7567.0,10,0,0,0,1.0,0
0.5747,72,0,0.5469,4609.0,7,0,0,0,1.0,0
0.4514,50,0,0.3628,10392.0,7,0,1,0,1.0,0
0.3087,76,0,0.014,,8,0,1,0,2.0,0
0.4129,40,0,0.2964,3315.0,9,0,0,0,2.0,0
0.2814,66,0,1.1912,,7,0,1,0,2.0,0
0.0963,37,0,0.5139,2165.0,6,0,1,0,0.0,0
0.2753,73,0,0.3101,13479.0,10,0,1,0,0.0,1
0.136,30,0,0.5128,4054.0,7,0,2,0,,0
0.1111,53,0,0.3491,4072.0,12,0,1,0,3.0,0
0.8441,51,3,0.065,7260.0,9,1,1,0,0.0,0
1.2152,43,0,0.7936,,9,0,1,0,0.0,0
1.7744,52,0,0.263,2171.0,9,0,1,0,1.0,0
3.8786,42,0,0.6796,,10,0,1,0,0.0,1
0.0697,48,0,0.4213,6776.0,9,0,0,0,0.0,0
0.2394,54,0,1.1906,9737.0,4,0,1,0,0.0,0
0.6954,40,0,0.3455,3524.0,5,0,1,0,1.0,0
0.726,51,0,0.8065,10259.0,6,0,1,0,1.0,0
0.0467,62,0,0.856,2047.0,5,0,3,0,0.0,0
1.2052,40,0,0.3003,4174.0,7,0,0,0,1.0,0
3.8627,53,0,0.6586,3536.0,6,0,2,0,0.0,0
0.2077,37,0,0.8289,3897.0,14,0,2,0,0.0,0
0.4332,75,0,0.6588,8714.0,7,0,2,0,1.0,0
0.7246,58,0,0.085,4469.0,7,0,0,0,1.0,0
0.2064,33,0,0.269,,12,0,0,0,1.0,0
0.0024,78,0,0.669,,4,0,0,0,0.0,0
0.2536,57,0,0.515,,12,0,4,0,0.0,0
0.1209,40,1,0.2813,,12,0,1,0,0.0,0
0.2082,86,0,0.509,,8,0,0,0,1.0,0
0.5159,50,0,0.0103,5275.0,7,0,0,0,3.0,0
0.3413,29,0,0.6614,3367.0,13,0,1,0,1.0,0
0.32,69,0,0.4221,3021.0,9,0,0,0,0.0,0
1.2072,56,0,1.0378,,6,0,1,0,2.0,0
0.6461,71,0,0.8323,8590.0,7,0,0,0,1.0,0
11.9114,54,1,0.6913,7310.0,5,0,1,0,1.0,0
0.7093,42,0,0.4256,3910.0,10,0,1,0,,0
1.3616,35,1,0.6409,4104.0,10,0,1,1,2.0,0
0.8356,41,0,0.4819,1515.0,5,0,0,0,0.0,0
0.4932,42,0,0.2287,4401.0,4,0,4,0,,0
0.3374,29,0,0.1978,,14,0,0,0,1.0,0
0.2836,41,0,0.5851,3772.0,11,0,2,0,0.0,0
4.1018,49,1,0.6597,2499.0,8,3,0,2,0.0,0
0.4492,48,0,0.3375,,7,0,0,0,2.0,0
1.0168,21,0,0.5249,2723.0,9,0,2,0,1.0,1
0.4786,36,0,0.4261,9666.0,9,0,3,0,1.0,0
0.6808,50,0,0.7064,2715.0,11,0,1,0,1.0,0
4.345,42,0,0.8983,14964.0,4,0,2,0,1.0,0
0.4975,59,0,0.2854,14200.0,8,0,2,0,0.0,0
2.5525,44,0,0.2004,5151.0,9,0,2,0,1.0,0
0.0406,50,0,0.8658,15518.0,6,0,2,0,0.0,0
0.3066,57,0,0.0357,11592.0,11,0,1,0,1.0,0
0.7811,66,0,0.8885,2087.0,5,0,2,0,1.0,0
0.0854,53,0,0.0497,4219.0,5,0,0,0,0.0,0
0.4642,28,0,0.1886,,10,0,0,0,1.0,0
0.0867,71,0,0.2491,6423.0,9,0,1,0,0.0,0
0.1034,66,0,0.6653,,8,0,4,0,0.0,0
0.1852,38,0,0.6065,9864.0,2,0,0,0,2.0,0
1.2116,56,0,0.0565,,9,0,0,0,,0
0.9519,39,0,0.6379,8095.0,9,0,1,0,1.0,0
0.419,45,0,0.3302,3203.0,11,0,1,0,0.0,0
0.2108,62,0,0.4944,2544.0,8,0,0,0,2.0,0
0.5824,55,0,0.5589,2200.0,12,0,1,0,3.0,0
0.4739,57,0,0.3255,2610.0,10,0,1,0,0.0,1
0.3072,58,0,0.1843,3097.0,7,0,1,0,0.0,0
0.2006,72,0,0.2991,,11,0,1,0,,0
0.0079,61,0,0.5275,7734.0,12,0,1,0,1.0,0
0.1287,52,0,0.8168,,10,0,2,0,0.0,0
0.1879,47,0,0.8356,7854.0,6,0,0,0,1.0,0
0.0867,50,0,0.3279,4863.0,5,0,2,0,0.0,0
0.7454,47,0,0.1397,3654.0,9,0,0,0,1.0,0
0.9069,53,0,0.393,,11,0,1,0,0.0,0
1.9303,34,0,0.1229,4911.0,9,0,1,0,1.0,0
0.8399,52,1,0.8059,6998.0,10,0,0,1,1.0,0
0.5398,69,0,0.3249,3246.0,8,0,0,0,2.0,1
0.6519,52,0,0.2788,,11,0,1,0,2.0,0
0.7069,51,0,0.7181,6466.0,7,0,1,0,1.0,0
0.0945,28,0,0.3584,2610.0,8,0,0,0,2.0,0
0.5956,32,0,0.8772,10864.0,10,0,0,0,1.0,0
0.7771,34,0,0.3003,3068.0,9,0,0,0,0.0,0
0.6505,47,0,0.7666,12222.0,7,0,0,0,0.0,0
0.001,46,0,0.7818,8250.0,5,0,1,0,0.0,0
0.2964,45,0,0.1784,5365.0,5,0,2,0,1.0,0
1.2952,53,0,0.377,3411.0,11,0,0,0,2.0,0
0.6808,68,0,0.4344,15105.0,10,0,1,0,0.0,0
0.6888,61,0,0.0783,6377.0,7,0,2,0,0.0,0
0.5897,75,0,0.8803,3165.0,11,0,0,0,0.0,1
0.4594,29,0,0.7211,2870.0,9,0,2,0,0.0,0
0.2606,55,0,0.5492,6282.0,10,0,1,0,0.0,0
0.6543,48,0,0.7412,7537.0,8,0,1,0,1.0,0
0.0747,61,0,0.1015,8377.0,5,0,2,0,2.0,0
0.4987,42,0,0.4555,11118.0,8,0,1,0,1.0,0
0.4618,54,0,0.4992,2333.0,14,0,0,0,0.0,0
0.1423,45,0,0.3448,2373.0,9,0,0,0,1.0,0
0.6517,58,0,0.6461,4924.0,4,0,0,0,0.0,0
0.2977,69,0,0.7008,1379.0,14,0,0,0,,0
0.2332,24,1,0.207,6359.0,6,0,1,0,0.0,0
0.4518,46,0,0.095,3455.0,7,0,0,0,0.0,0
0.4405,76,0,0.4758,6231.0,7,0,2,0,0.0,0
0.1586,66,0,0.3109,,7,0,1,0,1.0,0
6.047,60,0,0.7081,,4,0,1,0,,0
0.5444,40,0,0.5536,9017.0,6,0,2,0,1.0,0
0.2152,42,0,0.5928,3196.0,10,0,0,0,1.0,0
1.1715,54,0,0.5142,2385.0,9,0,1,0,1.0,0
0.4028,50,0,0.7977,3758.0,4,0,1,0,0.0,0
3.8545,36,0,0.1609,4082.0,10,0,0,0,0.0,0
0.1006,45,0,0.5124,12949.0,9,0,1,0,,0
0.7514,86,2,0.4856,10504.0,11,0,3,0,0.0,0
0.2088,58,0,0.254,,11,0,1,0,2.0,0
0.009,30,0,0.2766,10673.0,6,0,1,0,0.0,0
0.5032,76,0,0.1858,6197.0,9,0,2,0,0.0,0
0.1669,44,0,0.4503,7884.0,10,0,0,0,0.0,0
0.3935,78,0,0.2778,6722.0,10,0,0,0,1.0,0
4.0557,65,0,0.2718,10598.0,5,0,0,0,1.0,0
0.4693,21,0,0.969,6149.0,12,0,0,0,1.0,0
0.3139,23,2,0.6773,4404.0,9,0,2,1,,0
2.015,52,0,0.4147,2023.0,11,0,1,0,1.0,0
0.5235,58,0,0.4766,4853.0,4,0,3,0,0.0,0
0.5467,61,0,0.3119,6318.0,6,0,0,0,0.0,0
0.2547,66,0,0.2287,8334.0,7,0,1,0,0.0,0
0.5442,49,0,0.2263,7384.0,6,0,1,0,1.0,0
0.367,31,0,0.2893,2490.0,11,0,0,0,1.0,0
0.2054,47,0,0.2728,7158.0,7,0,0,0,1.0,0
0.3521,25,0,0.1833,7756.0,11,0,2,0,0.0,0
0.3433,47,0,0.8618,4679.0,7,0,0,0,,0
0.1282,69,0,0.1628,,4,0,1,0,0.0,0
0.0636,73,0,0.4926,7371.0,11,0,2,0,1.0,0
0.8332,45,0,0.9621,2462.0,13,0,0,0,0.0,0
0.6796,58,0,0.46,8950.0,6,0,0,0,0.0,0
0.523,33,0,0.3619,8950.0,7,0,1,0,0.0,0
0.4935,65,0,0.729,7438.0,6,0,1,0,1.0,0
0.6892,41,0,0.7091,4697.0,9,0,2,0,2.0,0
0.1374,46,0,0.0855,7792.0,10,0,2,0,1.0,1
0.331,61,0,0.7758,,8,0,2,0,0.0,0
0.4291,46,0,0.9389,6623.0,8,0,0,0,1.0,0
2.1204,59,0,0.1993,9323.0,7,0,0,0,0.0,0
1.1969,47,0,1.0034,2674.0,6,0,2,0,0.0,0
0.1415,58,0,0.2179,3120.0,6,0,1,0,0.0,0
0.0207,52,0,0.6153,9910.0,12,0,1,0,0.0,0
0.923,68,0,1.0948,6983.0,10,0,2,0,0.0,0
0.2692,41,0,0.1719,2974.0,8,0,1,0,2.0,0
9.4634,62,0,1.2237,8114.0,5,0,0,0,1.0,0
0.1779,52,0,0.0551,,11,0,1,0,1.0,0
0.1777,58,0,0.1921,7739.0,11,0,2,0,0.0,0
0.2332,42,0,0.5396,2088.0,11,0,2,0,1.0,0
0.045,74,1,0.2504,11835.0,12,0,0,0,1.0,1
0.3044,59,2,0.2104,9188.0,9,0,2,2,1.0,0
0.1068,34,0,0.7272,,8,0,2,0,0.0,0
0.0259,65,0,0.8747,,7,0,2,0,0.0,0
1.1105,79,1,0.0339,5201.0,14,2,1,0,0.0,0
1.0574,38,0,0.8754,,12,0,1,0,1.0,1
0.1883,39,0,0.8169,5431.0,7,0,4,0,2.0,0
0.9745,72,0,0.7928,,4,0,0,0,1.0,1
0.6868,43,0,0.04,,2,0,0,0,1.0,0
0.2345,65,0,0.669,12259.0,11,0,0,0,0.0,0
0.2677,55,0,0.3035,3818.0,8,0,1,0,2.0,0
0.2153,46,0,0.0992,1425.0,6,0,1,0,0.0,0
0.5929,53,0,0.3131,5669.0,9,0,0,0,0.0,0
0.7239,68,0,0.3967,1791.0,3,0,0,0,1.0,0
0.8341,58,0,0.9119,6055.0,6,0,1,0,0.0,0
0.0728,38,0,0.649,2382.0,7,0,1,0,0.0,0
3.0291,47,0,0.6983,10622.0,8,0,1,0,1.0,0
5.548,66,0,0.6324,2680.0,7,0,2,0,1.0,1
0.0635,77,0,0.8287,,7,0,1,0,0.0,0
0.5555,62,0,0.4992,4169.0,8,0,2,0,0.0,1
1.1191,86,0,0.6188,5379.0,2,0,1,0,1.0,0
2.1534,49,0,0.3997,4865.0,11,0,1,0,0.0,0
0.1117,62,0,0.2391,6327.0,6,0,1,0,1.0,0
0.151,56,0,0.0216,5587.0,8,0,1,0,1.0,0
0.1351,79,0,0.2339,6889.0,4,0,0,0,0.0,0
0.5013,53,0,0.8461,4176.0,14,0,2,4,0.0,0
0.943,68,1,0.2631,5263.0,11,0,1,1,0.0,0
0.4765,51,0,0.4388,8160.0,9,0,2,0,0.0,0
0.7968,42,0,0.1038,1995.0,5,0,0,0,0.0,0
0.7526,77,0,0.3127,,8,0,1,0,1.0,0
0.8284,50,0,0.1191,4237.0,9,0,1,0,1.0,0
0.139,55,0,0.5892,4590.0,7,0,0,0,0.0,0
0.2381,39,0,0.4038,,6,0,0,0,0.0,0
0.4007,65,0,0.6643,10303.0,6,0,0,0,2.0,0
0.5141,34,0,0.761,,10,0,0,0,2.0,0
0.5909,35,0,0.9304,3133.0,6,0,1,0,2.0,0
0.4111,69,0,0.2784,3995.0,8,0,2,0,0.0,0
0.231,53,0,0.6996,8684.0,6,0,0,0,0.0,0
0.4549,47,0,0.3882,5169.0,12,0,0,0,1.0,0
1.3755,36,0,0.6501,7671.0,8,0,1,0,1.0,0
0.2966,60,0,0.2718,10380.0,8,0,1,0,0.0,0
0.3007,65,0,0.5466,7988.0,7,0,3,0,0.0,0
0.3282,58,0,0.4777,,6,0,0,0,0.0,0
1.1468,28,0,0.1626,5868.0,7,0,0,0,0.0,0
0.0815,68,0,0.2755,12845.0,10,0,1,0,0.0,1
0.0653,57,0,0.3273,4293.0,12,0,1,0,0.0,0
0.251,46,0,0.131,1927.0,8,0,1,0,1.0,0
0.5028,54,0,0.3879,1505.0,12,0,1,0,0.0,0
0.5107,37,0,0.0725,4915.0,11,0,1,0,0.0,0
3.2292,61,0,0.209,,7,0,1,0,1.0,0
0.7705,49,0,0.5411,5505.0,3,0,1,0,1.0,0
0.1422,64,0,0.3064,9733.0,13,0,0,0,2.0,0
0.1075,58,0,0.0536,9201.0,8,0,0,0,0.0,0
0.5452,56,0,0.0598,3718.0,6,0,2,0,1.0,1
0.6499,60,0,0.5356,3785.0,8,0,1,0,2.0,0
0.6568,64,0,0.3182,7782.0,5,0,3,0,0.0,0
0.8616,35,0,0.0647,3646.0,8,0,2,0,0.0,0
0.476,66,0,0.1891,6212.0,9,0,2,0,2.0,0
0.9365,27,0,0.3874,3953.0,7,0,3,0,1.0,0
1.6942,50,0,0.5069,10472.0,15,0,3,0,2.0,0
0.1598,72,1,0.8965,8283.0,13,0,0,0,0.0,0
0.3082,55,0,0.1556,18765.0,5,0,0,0,0.0,0
1.3217,49,0,1.1144,,8,0,0,0,0.0,0
0.1919,45,0,0.3053,8647.0,12,0,1,0,0.0,0
0.4911,37,0,0.3587,,5,0,1,0,0.0,0
0.0468,77,0,0.4926,,6,0,1,0,1.0,0
0.3056,31,0,0.5358,1442.0,5,0,1,0,0.0,0
0.384,36,0,0.6364,,10,0,0,0,0.0,0
0.1257,28,0,0.7852,5662.0,6,0,0,0,1.0,0
0.185,74,0,0.4283,6100.0,7,0,2,0,0.0,0
0.8856,48,0,0.5568,3139.0,12,0,1,0,0.0,0
0.0351,61,0,0.9973,5191.0,11,0,1,0,1.0,0
0.2099,61,0,0.3932,9411.0,9,0,1,0,1.0,0
0.1504,60,0,0.3066,7974.0,5,0,0,0,2.0,0
0.3162,54,0,0.7252,10021.0,7,0,1,0,1.0,0
0.4007,55,0,1.0065,3707.0,10,0,2,0,1.0,0
0.5392,70,0,0.4138,8213.0,7,0,3,0,2.0,0
0.2887,53,0,0.4088,10851.0,5,0,1,0,0.0,0
0.427,43,0,0.6375,5873.0,9,0,0,0,0.0,0
0.7473,70,0,0.7308,9444.0,11,0,4,0,1.0,0
0.3241,59,0,0.3809,3713.0,5,0,2,0,0.0,0
0.6441,21,0,0.3423,7242.0,11,0,1,0,1.0,0
0.3721,46,0,0.5916,1737.0,8,0,1,0,1.0,0
0.2709,49,0,0.4406,6787.0,16,0,1,0,0.0,0
0.9563,72,0,0.0188,,12,0,0,0,1.0,0
0.6009,53,0,0.2785,4979.0,4,0,0,0,1.0,0
0.2732,42,0,0.2895,,9,0,1,0,,0
0.6375,37,1,0.3368,,2,1,1,0,0.0,0
0.9541,52,3,0.2596,,5,0,1,0,2.0,0
0.3609,66,0,0.8638,3054.0,9,0,1,0,0.0,0
1.1249,77,0,0.6445,3973.0,9,0,1,0,1.0,1
0.1715,33,1,1.0099,11165.0,10,0,3,1,0.0,0
0.153,55,0,0.6228,8350.0,9,0,1,0,0.0,0
0.3078,46,0,0.1998,7944.0,7,0,0,0,0.0,0
1.2444,51,0,0.403,2439.0,8,0,0,0,2.0,0
0.0282,42,0,0.1482,4064.0,9,0,2,0,0.0,0
0.6434,32,0,0.5018,8261.0,6,0,3,0,0.0,0
4.5853,57,0,0.3327,3786.0,4,0,1,0,1.0,0
0.0669,47,0,0.7675,4214.0,6,0,0,0,1.0,0
0.8785,63,0,0.6056,5546.0,11,0,0,0,2.0,0
0.3127,54,0,0.7492,,3,0,2,0,0.0,0
1.9675,75,0,0.271,5781.0,10,0,2,0,0.0,0
1.3724,70,1,0.5752,,12,0,3,1,1.0,0
1.1794,81,0,0.7313,4750.0,2,0,0,0,,0
0.2561,40,0,0.1919,1513.0,10,0,1,0,1.0,0
0.3696,70,0,0.18,4432.0,7,0,0,0,2.0,0
0.6773,54,0,0.6891,11933.0,7,0,2,0,1.0,0
0.4817,60,0,0.5408,5040.0,9,0,1,0,1.0,0
0.4613,52,0,0.2067,,9,0,0,0,1.0,0
0.3496,55,0,0.8546,,5,0,2,0,1.0,0
0.8267,47,2,0.1394,,6,0,2,0,1.0,0
0.1615,70,0,1.0998,5611.0,16,0,1,0,0.0,0
0.247,41,0,0.6031,2697.0,7,0,0,0,0.0,0
1.121,53,0,0.1321,5925.0,7,0,0,0,1.0,0
4.7936,62,0,0.3611,6827.0,6,0,1,0,0.0,0
0.6169,48,0,0.5896,,10,0,0,0,,0
0.6045,66,0,0.6021,7621.0,9,0,2,0,2.0,0
0.3062,48,0,0.274,,6,0,3,0,0.0,0
0.2157,50,0,0.1315,3487.0,8,0,2,0,1.0,0
0.7682,70,0,0.5691,4474.0,9,0,0,0,1.0,0
0.6036,46,0,0.0932,21812.0,6,0,0,0,0.0,0
0.1783,67,0,0.2316,7050.0,11,0,4,0,,0
1.7859,62,0,0.9892,16701.0,9,0,2,0,0.0,0
3.4485,81,0,0.3771,,6,0,0,0,1.0,0
0.5143,45,0,0.5473,16252.0,9,0,1,0,2.0,0
0.0262,48,0,0.4785,,5,0,3,0,0.0,0
0.4791,56,0,0.5485,4230.0,8,0,0,0,0.0,0
0.1564,48,0,0.5602,12005.0,11,0,1,0,0.0,0
0.3811,59,0,0.3078,11413.0,8,0,0,0,2.0,0
0.3707,55,0,0.3945,,9,0,0,0,0.0,0
0.3112,36,0,0.402,,3,0,1,0,0.0,0
0.6483,42,0,0.2075,4705.0,7,0,0,0,0.0,0
0.1824,77,0,0.2272,7684.0,12,0,0,0,0.0,0
0.6446,47,0,0.1594,6731.0,6,0,0,0,0.0,0
0.6326,58,0,0.5336,,13,0,2,0,0.0,1
0.3063,44,0,0.3531,4262.0,9,0,1,0,2.0,0
1.3505,42,0,0.6325,5691.0,9,0,1,0,1.0,0
0.3991,68,0,0.604,6235.0,7,0,1,0,3.0,0
1.1025,56,0,0.1803,4871.0,10,0,0,0,3.0,0
1.0958,39,0,0.4557,2474.0,13,0,0,0,1.0,0
0.0617,55,0,0.1025,3704.0,6,0,1,0,0.0,0
0.6909,58,0,0.4693,,8,0,2,0,1.0,1
0.3798,76,0,0.1253,3535.0,5,0,1,0,2.0,0
0.2838,24,0,1.089,,7,0,2,0,0.0,0
0.0113,68,0,0.9753,,10,0,0,0,0.0,0
1.3073,47,0,0.9398,,11,0,2,0,1.0,1
0.0927,80,0,0.4874,11122.0,13,0,1,0,0.0,0
0.8232,75,0,0.4565,,8,0,0,0,1.0,1
0.0253,78,0,0.3004,2721.0,5,0,0,0,0.0,0
1.0039,47,0,0.4343,5506.0,9,0,0,0,1.0,0
0.4232,35,0,0.7658,7911.0,11,0,2,0,0.0,0
0.0546,53,0,0.6079,16052.0,14,0,0,0,1.0,0
0.8348,40,0,0.4243,6536.0,8,0,1,0,1.0,0
1.992,52,0,0.2142,5837.0,10,0,0,0,1.0,0
0.4645,34,1,0.1551,,8,0,0,1,3.0,0
0.2289,47,0,0.4706,7011.0,12,0,0,0,4.0,0
9.4955,72,0,0.4102,5667.0,6,0,0,0,0.0,0
0.0045,56,0,0.0446,15409.0,11,0,1,0,3.0,0
2.5943,37,0,0.3315,3204.0,10,0,1,0,2.0,0
0.573,61,0,0.9533,4250.0,11,0,1,0,0.0,0
0.4582,43,0,0.2315,2362.0,6,0,0,0,1.0,0
0.2379,69,0,0.7645,12825.0,11,0,3,0,2.0,0
0.4291,66,0,0.4832,3840.0,6,0,1,0,0.0,0
0.4984,61,0,0.3997,10421.0,15,0,1,0,1.0,0
0.0936,77,0,0.5569,5887.0,10,0,0,0,1.0,0
0.0215,49,0,0.5357,4479.0,13,0,1,0,,0
0.0013,80,0,0.7031,5272.0,9,0,2,0,1.0,0
0.3923,59,0,0.579,4543.0,13,0,0,0,0.0,0
0.2749,63,0,0.3863,,9,0,0,0,2.0,0
0.5428,22,0,0.465,2904.0,8,0,0,0,0.0,1
4.7801,50,0,0.6555,2945.0,10,0,0,0,1.0,0
0.3267,49,0,0.2603,6860.0,10,0,1,0,0.0,0
0.0398,36,0,0.486,3703.0,10,0,1,0,1.0,0
0.3241,39,0,0.5237,4645.0,7,0,0,0,2.0,0
0.2403,69,0,0.4332,,11,0,3,0,2.0,0
0.4875,61,0,0.5086,1865.0,10,0,1,0,0.0,0
4.5811,62,0,0.459,8306.0,11,0,1,0,1.0,0
0.4865,82,0,0.4104,7397.0,8,0,1,0,0.0,0
0.0453,59,0,0.7122,11000.0,5,0,0,0,2.0,0
0.2492,72,0,0.7844,5899.0,5,0,3,0,0.0,0
1.0148,57,0,0.5063,9514.0,8,0,0,0,0.0,0
0.3219,44,0,0.2176,,7,0,2,0,0.0,0
0.8258,52,0,0.4745,,7,0,2,1,0.0,0
0.2067,62,0,0.8898,,11,0,0,0,1.0,0
0.2801,30,0,0.7489,4980.0,5,0,1,0,2.0,0
0.3076,56,0,0.0986,2078.0,5,0,2,0,0.0,0
2.5566,59,0,0.0757,6127.0,8,0,2,0,3.0,0
0.1925,42,0,0.4739,2385.0,8,0,2,0,0.0,0
0.0196,33,0,0.3145,3075.0,5,0,1,0,0.0,0
0.1899,60,0,0.4164,7919.0,7,0,3,0,5.0,0
2.0363,54,0,0.3651,6267.0,12,0,0,0,1.0,1
0.7709,69,0,0.2912,4506.0,2,0,0,0,0.0,0
0.2148,54,0,0.7588,4670.0,7,0,1,0,1.0,0
0.5309,22,0,0.3063,6091.0,6,0,1,0,2.0,0
0.4806,52,0,0.1986,9132.0,3,0,1,0,1.0,0
1.4105,63,2,0.6342,8079.0,7,0,0,1,1.0,0
5.0204,34,2,0.4955,2912.0,9,1,3,0,3.0,0
0.6938,30,2,0.7073,6619.0,6,0,0,0,,0
0.0118,62,0,0.5546,,9,0,0,0,0.0,0
0.483,68,0,0.4211,8050.0,3,0,2,0,,0
0.4369,49,0,0.8879,5321.0,8,0,3,0,0.0,1
1.1495,57,0,0.5703,,7,0,0,0,1.0,0
0.778,39,0,0.1515,,13,0,0,0,0.0,0
0.4812,44,0,0.2256,3539.0,6,0,0,0,0.0,0
0.5687,59,0,0.7367,6308.0,8,0,1,0,1.0,0
0.179,55,0,0.5077,10428.0,3,0,2,0,,0
0.1241,57,0,0.682,5387.0,8,0,1,0,1.0,0
0.413,59,0,0.1662,3312.0,5,0,0,0,0.0,0
0.3961,85,0,0.4364,,5,0,2,0,1.0,0
0.1277,21,0,0.853,4868.0,6,0,4,0,2.0,0
0.0038,61,0,0.3526,5895.0,7,0,0,0,0.0,0
4.1296,44,0,0.6012,5173.0,11,0,0,0,2.0,0
0.9165,41,0,0.7694,,9,0,0,0,0.0,0
0.7186,58,0,1.4678,9999.0,9,0,0,0,0.0,0
1.2954,56,0,0.1805,,11,0,1,0,0.0,0
0.0062,63,0,0.3757,3699.0,6,0,0,0,0.0,0
0.6373,54,0,0.7845,17577.0,10,0,0,0,2.0,0
0.3951,40,1,0.1676,10316.0,13,1,0,0,2.0,0
0.4269,35,0,1.0481,7156.0,9,0,1,0,0.0,0
0.1828,44,0,0.6916,5721.0,7,0,2,0,2.0,0
0.1084,62,0,0.6438,5989.0,4,0,0,0,1.0,0
0.0947,66,0,0.0951,5031.0,5,0,1,0,2.0,0
0.3445,28,0,0.2875,6072.0,8,0,2,0,0.0,0
1.0499,48,2,0.0072,6584.0,11,0,0,0,1.0,0
0.2655,48,0,0.3105,,7,0,0,0,0.0,0
0.8859,56,0,0.5875,,9,0,2,0,0.0,0
0.8876,42,0,0.4446,10452.0,9,0,2,0,0.0,0
0.0015,31,0,0.4124,,8,0,0,0,1.0,0
0.091,47,0,0.5504,3894.0,8,0,2,0,0.0,0
0.5812,69,0,0.1095,6423.0,11,0,0,0,0.0,1
0.445,22,0,0.9826,2447.0,11,0,0,0,1.0,1
0.2135,35,0,0.5051,3060.0,12,0,0,0,1.0,0
0.0664,50,1,0.0277,,8,0,2,0,1.0,0
0.5581,44,0,0.4702,11093.0,6,0,1,0,0.0,0
0.4334,36,0,0.2767,,5,0,0,0,0.0,0
5.2162,42,0,0.063,5707.0,11,0,0,0,1.0,0
0.4118,56,0,0.5555,7529.0,8,0,0,0,1.0,0
0.1728,55,0,0.2524,,7,0,1,0,1.0,0
1.1621,64,0,0.6735,5766.0,9,0,4,0,,0
0.6285,61,0,0.9315,4111.0,10,0,0,0,0.0,0
0.5237,33,0,0.3758,6815.0,7,0,1,0,1.0,0
0.7957,60,0,0.6295,2407.0,12,0,0,0,1.0,0
0.8555,61,0,0.61,4329.0,4,0,1,0,2.0,0
1.0023,45,0,0.6705,,6,0,0,0,0.0,0
0.5925,69,0,0.4671,6279.0,5,0,1,0,0.0,0
0.0489,43,0,0.2547,1914.0,4,0,1,0,1.0,0
0.7291,67,0,0.5426,2100.0,9,0,0,0,0.0,0
0.3572,60,0,0.0789,5168.0,8,0,1,0,1.0,0
0.444,50,0,0.1734,5420.0,7,0,0,0,0.0,0
0.2399,38,0,0.1126,3472.0,6,0,2,0,0.0,0
5.9593,44,0,0.5054,2099.0,9,0,1,0,1.0,0
0.1263,43,0,0.4636,19782.0,8,0,3,0,0.0,0
0.0104,77,0,1.088,9711.0,7,0,0,0,2.0,0
0.4492,67,0,0.2154,4080.0,12,0,3,0,1.0,0
0.3301,66,0,0.7615,14855.0,8,0,0,0,0.0,0
0.916,57,0,0.3896,13702.0,9,0,1,0,0.0,0
0.1738,45,0,0.3057,5214.0,4,0,0,0,0.0,0
0.3969,62,0,0.7002,2398.0,11,0,3,0,1.0,0
0.276,39,0,0.7212,4622.0,14,0,2,0,1.0,0
0.3327,73,1,0.7221,,12,0,4,0,2.0,1
0.59,31,0,0.3142,5787.0,6,0,1,0,4.0,0
1.2926,37,0,0.1809,3387.0,8,0,4,0,1.0,0
1.578,61,0,0.715,4247.0,8,0,0,0,0.0,0
0.1776,48,0,0.3863,,7,0,0,0,0.0,0
0.6972,69,0,0.9704,6851.0,6,0,1,0,0.0,0
0.3646,69,0,0.7408,2359.0,11,0,1,0,1.0,0
0.1821,21,0,0.6013,,9,0,0,0,1.0,0
0.4717,40,0,0.4833,14901.0,10,0,1,0,,0
1.7303,40,0,0.5885,,5,0,2,0,0.0,0
0.2182,64,0,1.0401,9408.0,8,0,1,0,0.0,0
0.2982,32,0,1.3917,,10,0,1,0,1.0,0
0.1158,21,0,0.4358,4461.0,8,0,1,0,0.0,0
0.2108,38,0,0.3738,7913.0,6,0,0,0,1.0,0
0.0643,60,0,0.4184,6011.0,5,0,2,0,0.0,0
0.2007,79,0,0.2085,5569.0,8,0,0,0,3.0,0
1.1653,29,0,0.2911,5183.0,9,0,1,0,3.0,0
0.257,40,0,0.767,10812.0,5,0,1,0,1.0,0
0.0645,54,0,0.1901,,8,0,2,0,0.0,0
0.0304,67,0,0.4449,3681.0,3,0,0,0,2.0,0
0.0154,81,0,0.2795,7600.0,7,0,0,0,1.0,0
2.6628,57,1,0.0718,,10,0,1,0,0.0,0
0.0959,62,0,0.2474,,14,0,1,0,2.0,0
0.8996,53,0,0.5353,,8,0,0,0,1.0,0
0.8776,72,0,0.6262,10960.0,8,0,0,0,0.0,0
0.4113,44,1,0.9687,6362.0,7,1,1,2,0.0,0
0.5732,52,0,0.094,,10,0,1,0,1.0,0
0.1452,21,0,0.7937,4571.0,11,0,1,0,1.0,0
0.3134,62,0,0.0608,,4,0,0,0,0.0,0
2.3366,74,0,0.1378,,13,0,0,0,2.0,0
0.3936,61,0,0.0844,6884.0,10,0,0,0,1.0,0
4.7052,41,0,0.3468,2639.0,8,0,0,0,0.0,0
0.5142,32,0,0.4022,,14,0,2,0,1.0,0
2.715,76,0,0.8749,8144.0,11,0,0,0,2.0,0
0.509,38,0,0.1742,18839.0,9,0,1,0,0.0,0
0.4226,47,0,0.2819,,8,0,0,0,,0
0.2584,32,0,0.3174,4825.0,5,0,0,0,,0
1.0978,58,1,0.1851,7106.0,8,0,0,0,1.0,0
0.1208,77,0,0.0714,7404.0,7,0,2,0,1.0,1
0.2452,54,0,0.5093,3744.0,8,0,3,0,0.0,0
3.2346,71,0,0.6978,,9,0,2,0,2.0,0
0.249,39,0,0.8909,6078.0,13,0,1,0,1.0,0
0.4015,51,0,0.1249,5445.0,10,0,3,0,,0
0.7275,55,0,0.9184,4055.0,14,0,3,0,0.0,0
0.9915,41,0,0.5352,11988.0,9,0,1,0,0.0,0
0.3606,39,0,0.1875,13478.0,7,0,2,0,0.0,0
0.6735,43,0,0.4562,3520.0,6,0,1,0,0.0,0
0.3404,48,0,0.6535,10552.0,7,0,0,0,1.0,0
0.3373,45,0,0.5179,,14,0,1,0,2.0,0
1.0301,70,2,0.9614,6457.0,9,0,1,0,1.0,0
0.306,22,0,0.521,2772.0,7,0,0,2,2.0,1
0.3316,53,0,0.2184,,7,0,1,0,0.0,0
0.1302,30,0,0.4873,6214.0,11,0,1,0,1.0,0
0.8215,66,1,0.8688,2807.0,2,0,0,0,1.0,0
0.3013,41,0,0.8187,5208.0,7,0,2,0,0.0,0
0.3935,51,0,0.1336,4160.0,10,0,2,0,3.0,0
0.108,71,1,1.1312,4940.0,10,1,0,0,0.0,0
0.1186,29,0,0.2794,8157.0,6,0,0,0,0.0,0
2.7082,71,0,0.0399,7509.0,4,0,3,0,1.0,1
0.2817,59,0,0.0326,5442.0,10,0,0,0,0.0,0
0.7637,46,0,0.4769,2938.0,7,0,0,0,3.0,0
0.1774,21,0,0.4614,3641.0,9,0,2,0,1.0,0
0.8668,78,0,0.2853,,6,0,1,0,0.0,0
2.0514,47,0,0.5566,,7,0,2,0,0.0,0
0.7106,61,0,0.2117,7527.0,5,0,0,0,1.0,0
0.7625,54,0,0.4562,16033.0,10,0,1,0,1.0,0
0.9932,81,0,0.6037,5485.0,6,0,0,0,0.0,0
0.0731,37,0,0.5812,6371.0,13,0,2,0,0.0,0
0.2666,67,1,0.7234,5458.0,3,0,2,0,0.0,0
0.4065,78,0,0.5994,8114.0,15,0,0,0,1.0,0
0.2449,35,0,0.3393,4961.0,11,0,4,0,0.0,0
0.9927,49,1,0.9632,3815.0,7,0,2,2,0.0,1
0.2554,57,2,0.453,,7,0,2,0,0.0,0
0.3595,62,0,0.6457,13041.0,7,0,0,0,1.0,0
0.7585,60,0,0.3567,,4,0,1,0,1.0,0
0.8711,67,1,0.7174,,11,0,0,0,1.0,0
0.302,52,0,0.3313,2822.0,6,0,0,0,0.0,0
0.6319,58,0,0.5752,9339.0,7,0,2,0,1.0,0
0.8193,35,2,0.2919,6853.0,7,0,3,0,1.0,0
0.0181,38,0,0.5883,18646.0,8,0,3,0,0.0,0
0.7827,51,0,0.6707,5699.0,4,0,0,0,1.0,0
0.115,47,1,0.4288,12473.0,13,0,0,0,0.0,0
3.0385,61,0,0.3682,9176.0,7,0,0,0,0.0,0
0.7015,26,5,0.303,9070.0,9,0,1,1,0.0,0
0.7505,59,0,0.5604,23026.0,6,0,1,0,0.0,0
5.8383,63,0,0.5557,6349.0,9,0,2,0,0.0,0
1.1085,21,1,0.2235,7984.0,8,0,0,0,2.0,0
3.1513,75,0,0.5588,16480.0,6,0,0,0,1.0,0
0.2791,79,0,0.2387,,5,0,2,0,1.0,0
0.4388,67,0,0.3213,3880.0,7,0,1,0,1.0,0
0.11,49,0,1.1006,2790.0,10,0,2,0,0.0,0
0.521,48,0,0.1696,8472.0,17,0,3,0,3.0,0
0.073,44,0,0.9753,6628.0,5,0,0,0,0.0,0
1.209,52,0,0.7189,7679.0,2,0,0,0,,0
0.1002,46,0,0.4923,11372.0,7,0,0,0,0.0,0
0.85,57,0,0.9518,,11,0,2,0,0.0,0
0.2903,52,0,0.7297,4647.0,11,0,0,0,0.0,0
0.5295,60,0,0.13,13417.0,10,0,0,0,1.0,0
0.4029,47,0,0.4272,9752.0,7,0,0,0,0.0,0
1.267,38,0,0.5581,2557.0,5,0,0,0,0.0,0
0.0214,69,0,0.382,5621.0,6,0,1,0,1.0,0
0.1775,38,0,0.6075,5708.0,8,0,1,0,0.0,0
0.1286,50,0,1.0682,4680.0,10,0,0,0,0.0,0
0.2502,50,0,0.5435,3341.0,3,0,1,0,0.0,0
0.6995,53,0,0.4469,4290.0,7,0,2,0,0.0,0
0.7353,50,0,0.7725,5705.0,17,0,6,0,3.0,0
0.2165,47,0,0.2664,4945.0,9,0,2,0,0.0,0
0.6786,55,0,0.3497,2482.0,6,0,4,0,1.0,0
2.6266,39,0,0.6492,1074.0,14,0,1,0,0.0,1
0.3758,49,0,0.1964,4515.0,5,0,2,0,1.0,0
1.2267,53,0,0.1826,6253.0,8,0,2,0,0.0,0
0.0014,27,0,0.1881,,14,0,1,1,1.0,0
0.6636,70,0,0.2504,8921.0,10,0,0,0,3.0,0
0.7282,81,1,0.451,5083.0,8,0,0,0,0.0,0
0.1635,61,0,0.1287,,12,0,2,0,2.0,0
0.7527,47,0,0.8877,8364.0,6,0,3,0,0.0,0
0.3712,47,0,0.1051,,7,0,0,0,1.0,0
0.0762,37,0,0.1218,,6,0,4,0,,0
0.344,74,0,0.6486,4644.0,8,0,1,0,1.0,0
0.4914,33,0,0.6482,8102.0,8,0,0,0,1.0,0
0.2052,65,0,0.4857,3036.0,4,0,1,0,1.0,0
0.7254,45,0,0.1419,4176.0,6,0,2,0,0.0,0
0.3507,71,1,0.3129,5767.0,14,0,1,1,1.0,0
0.7708,61,0,0.5014,7886.0,7,0,3,0,0.0,0
0.468,64,0,0.4013,4154.0,10,0,2,0,4.0,0
0.4729,54,0,1.0234,,8,0,2,0,0.0,0
0.0964,75,0,0.1522,5928.0,10,0,2,0,0.0,0
4.4797,29,0,0.4085,4125.0,8,0,0,0,0.0,0
0.139,28,0,0.6801,,11,0,1,0,0.0,0
0.6456,30,0,0.4722,2110.0,9,0,0,0,0.0,0
0.433,45,0,0.1633,4254.0,6,0,1,0,3.0,0
0.6224,42,0,0.6425,5195.0,9,0,2,0,1.0,0
0.4614,44,0,0.6618,6970.0,6,0,1,0,1.0,0
0.9636,75,0,0.6567,6793.0,7,0,1,0,1.0,0
0.6062,43,0,0.303,4710.0,5,0,1,0,2.0,0
4.3528,65,0,0.5006,5501.0,5,0,1,0,3.0,0
0.3278,53,0,0.3627,7600.0,8,0,1,0,0.0,0
1.366,67,0,0.5086,3453.0,8,0,0,0,0.0,0
0.4974,57,0,1.141,5768.0,7,0,0,0,1.0,0
1.0708,57,0,0.3006,5030.0,13,0,2,0,0.0,0
0.7912,48,0,0.7074,,3,0,1,0,1.0,0
0.6935,39,0,0.2113,4195.0,4,0,0,0,1.0,0
0.2063,30,0,1.1632,6526.0,5,0,4,0,2.0,0
0.328,61,0,0.5436,9486.0,10,0,2,0,0.0,0
0.7197,78,0,0.3516,18318.0,8,0,1,0,1.0,1
0.7965,44,0,0.8487,5371.0,6,0,2,0,0.0,0
0.5126,52,0,0.1358,22057.0,9,0,0,0,0.0,0
0.5645,38,0,0.4022,7915.0,8,0,1,0,0.0,0
0.7684,50,0,0.4218,7195.0,4,0,2,0,0.0,0
0.1836,47,0,0.4455,26622.0,11,0,1,0,0.0,1
0.7429,43,0,0.3475,,9,0,0,0,1.0,0
2.8388,38,1,0.2964,5785.0,9,1,0,0,2.0,0
3.52,66,0,0.17,6226.0,9,0,2,0,0.0,0
0.1599,66,0,0.303,12855.0,6,0,3,0,0.0,0
0.9552,72,0,0.4637,,9,0,0,0,0.0,0
0.8799,64,0,0.7021,3766.0,8,0,2,0,2.0,0
0.8335,39,0,0.2442,3931.0,6,0,0,0,0.0,0
0.3491,43,0,0.5771,5518.0,8,0,1,0,2.0,0
0.5099,57,0,0.7846,14955.0,8,0,1,0,2.0,0
0.3224,41,0,1.4106,4949.0,5,0,0,0,0.0,0
3.2009,73,0,0.3019,6707.0,10,0,0,0,3.0,0
0.5699,52,0,0.2341,1936.0,7,0,0,0,0.0,0
0.3459,39,0,0.7921,11368.0,10,0,0,0,0.0,0
0.2239,61,0,0.9487,3883.0,6,0,1,0,1.0,0
0.0898,63,0,0.1694,4286.0,6,0,0,0,1.0,0
0.7631,58,0,0.4443,,10,0,2,0,2.0,0
0.6077,64,0,1.0041,10045.0,13,0,1,0,0.0,0
0.1941,57,0,0.7559,12888.0,6,0,2,0,0.0,0
0.1778,74,0,1.263,16999.0,12,0,2,0,0.0,0
0.3278,67,0,0.2707,6846.0,7,0,1,0,1.0,0
0.3037,43,0,1.0028,5141.0,3,0,1,0,1.0,0
0.849,42,0,0.1187,4825.0,6,0,2,0,0.0,1
0.0614,50,0,1.0054,2453.0,5,0,2,0,1.0,0
0.2337,52,0,0.7059,2040.0,7,0,0,0,0.0,0
0.7396,42,0,0.8375,19147.0,7,0,2,0,0.0,0
3.5592,38,0,0.604,3286.0,6,0,4,0,1.0,0
0.0861,49,0,0.5559,3909.0,12,0,1,0,1.0,0
0.9858,43,0,0.9857,4795.0,7,0,2,0,2.0,1
0.6579,53,0,0.2777,4861.0,8,0,2,0,0.0,1
0.7024,21,0,0.8244,1782.0,9,0,1,0,,0
0.0006,67,0,0.4892,7814.0,9,0,0,0,1.0,0
0.0832,47,1,0.3862,5636.0,6,1,0,2,,0
0.9429,56,0,0.7288,9187.0,7,0,3,0,0.0,0
0.4961,21,0,0.1453,4300.0,6,0,1,0,0.0,0
0.9723,53,0,0.6835,2369.0,10,0,2,0,2.0,0
0.0469,50,0,0.3664,1696.0,7,0,0,0,0.0,0
0.268,51,0,0.5639,9187.0,12,0,1,0,0.0,0
0.2902,55,0,0.3248,7572.0,10,0,0,0,1.0,0
0.6929,44,0,0.1952,11136.0,5,0,1,0,1.0,0
0.6954,57,0,0.8936,4689.0,8,0,0,0,1.0,0
0.5905,21,0,0.5381,6782.0,11,0,2,0,1.0,0
0.03,56,0,0.2386,2033.0,10,0,0,0,2.0,0
0.2167,55,0,0.9128,11368.0,6,0,1,0,3.0,0
0.3744,74,0,0.0217,,2,0,2,0,0.0,0
0.8254,56,0,0.2266,3624.0,10,0,2,0,2.0,0
0.7296,21,0,0.4252,7764.0,4,0,6,0,3.0,0
1.0583,45,0,0.2238,4982.0,9,0,2,0,1.0,0
0.035,46,0,0.6691,5902.0,2,0,3,0,2.0,0
0.2014,51,0,0.2148,4965.0,10,0,3,0,0.0,0
0.6271,47,1,0.0811,,6,0,0,0,2.0,0
0.4118,53,0,0.5315,,4,0,0,0,0.0,0
0.0269,39,1,0.7631,6753.0,6,0,1,1,0.0,0
0.0496,74,0,0.4517,,6,0,1,0,0.0,0
0.4296,50,0,0.6182,,9,0,1,0,0.0,0
0.0973,82,0,0.3902,6870.0,7,0,1,0,0.0,0
0.5938,33,0,0.2374,9010.0,7,0,1,0,3.0,0
0.8378,46,0,0.8863,8145.0,10,0,1,0,0.0,0
0.481,62,0,0.2909,5507.0,6,0,0,0,1.0,0
0.0411,31,0,0.4131,2124.0,10,0,0,0,0.0,0
0.2707,69,0,0.9102,6623.0,5,0,0,0,0.0,0
0.7092,54,1,0.4634,7699.0,5,0,1,0,0.0,0
0.0919,54,0,0.2299,,3,0,0,0,1.0,0
0.1271,70,0,0.6418,14035.0,10,0,3,0,1.0,0
0.7644,46,0,0.6161,6169.0,4,0,1,0,1.0,0
0.1303,44,0,0.1686,10268.0,13,0,2,0,2.0,0
0.4676,46,0,0.8502,,6,0,1,0,1.0,0
0.7806,48,0,0.2339,11419.0,8,0,1,0,0.0,0
0.3216,34,0,0.251,,8,0,2,0,1.0,0
1.8725,57,0,0.3877,37583.0,6,0,0,0,2.0,0
0.183,47,0,0.3351,9274.0,4,0,1,0,0.0,0
0.0446,49,0,0.584,13658.0,9,0,0,0,3.0,0
1.0785,50,0,0.4195,,7,0,2,0,0.0,0
0.3139,63,0,0.5546,,4,0,0,0,1.0,0
2.4726,56,0,0.4022,4841.0,7,0,1,0,0.0,0
0.0625,59,0,0.1148,5489.0,7,0,1,0,1.0,0
0.9829,50,0,0.3155,3299.0,8,0,0,0,2.0,0
0.8715,59,0,0.7745,10229.0,7,0,1,0,0.0,0
3.8009,80,2,0.2469,18238.0,11,0,3,1,2.0,0
0.2583,68,0,0.6836,10158.0,10,0,1,0,1.0,0
2.5467,39,0,0.2159,2043.0,4,0,2,0,1.0,1
0.4683,68,0,0.9521,,8,0,0,0,0.0,0
0.0534,58,0,1.2307,26438.0,11,0,5,0,0.0,0
0.004,52,0,1.3852,8913.0,8,0,3,0,1.0,0
0.1436,63,0,0.4814,5676.0,5,0,0,0,0.0,0
0.2697,61,0,0.708,3377.0,11,0,1,0,1.0,0
0.1012,55,0,0.6905,3867.0,7,0,0,0,0.0,0
0.2322,47,0,0.5183,5151.0,5,0,1,0,0.0,0
0.9316,42,0,0.0897,3321.0,8,0,2,0,1.0,0
0.5556,64,0,0.5565,3811.0,4,0,0,0,4.0,0
1.3181,57,0,0.6754,3682.0,11,0,1,0,0.0,1
0.1301,48,0,0.5754,3303.0,7,0,2,0,4.0,0
0.9168,52,0,0.3589,7194.0,7,0,1,2,,0
2.5224,47,0,0.1663,7405.0,3,0,0,0,2.0,0
0.1242,38,2,0.3588,25877.0,5,0,0,0,2.0,0
0.482,69,0,1.0533,5004.0,2,0,3,0,0.0,0
0.2064,54,0,0.6793,4817.0,10,0,1,0,2.0,0
0.9532,26,0,0.7798,7015.0,7,0,0,0,0.0,0
0.4009,63,0,0.5235,5702.0,8,0,1,0,1.0,0
0.3348,56,0,0.7986,6853.0,7,0,1,0,0.0,0
5.6733,60,0,0.5188,2742.0,7,0,0,0,0.0,0
0.1208,67,0,0.2785,,10,0,0,0,1.0,0
0.7975,50,0,0.7567,,5,0,1,0,0.0,1
0.2111,54,0,0.957,4237.0,4,0,2,0,0.0,0
0.0815,34,0,0.1815,12483.0,10,0,2,0,2.0,0
0.7411,45,0,0.7171,15692.0,2,0,0,0,1.0,0
0.1669,65,0,0.174,,7,0,1,0,0.0,0
0.0085,52,0,0.4724,2227.0,3,0,0,0,0.0,0
0.7636,47,0,0.67,9088.0,5,0,1,0,0.0,0
5.5363,56,1,0.5747,2763.0,15,0,3,0,1.0,0
0.0511,39,0,0.4768,2729.0,5,0,1,0,0.0,0
0.2259,44,0,0.5393,,8,0,1,0,0.0,0
0.8272,63,0,0.5774,2680.0,7,0,0,0,2.0,0
0.2912,28,0,0.0365,5697.0,2,0,2,0,0.0,0
0.3339,45,0,0.2537,3178.0,14,0,0,0,1.0,0
0.5081,54,0,0.8918,6380.0,5,0,0,0,2.0,0
0.4644,58,1,0.5162,8788.0,7,0,0,1,1.0,0
1.6788,40,0,0.469,4634.0,9,0,1,0,1.0,0
2.1178,59,0,0.1265,4910.0,12,0,2,0,0.0,0
1.3027,53,0,0.713,3230.0,6,0,2,0,1.0,0
0.718,69,0,0.5165,20937.0,6,0,1,0,1.0,0
8.0602,61,0,0.1573,8351.0,5,0,3,0,1.0,0
0.6275,49,0,0.0279,1090.0,7,0,1,0,2.0,0
0.3981,67,0,0.088,5356.0,7,0,0,0,2.0,0
0.3357,53,0,0.2988,7540.0,5,0,1,0,0.0,0
0.0224,58,0,0.6004,,13,0,1,0,1.0,0
0.5589,44,0,0.0341,1184.0,7,0,1,0,0.0,0
0.2103,39,0,0.8008,7919.0,5,0,0,0,1.0,0
0.4064,31,0,0.401,4290.0,8,0,1,0,1.0,0
0.5621,44,1,0.9212,6237.0,6,0,1,0,,0
0.4021,52,0,0.5654,10758.0,10,0,1,0,1.0,0
1.0226,44,0,0.502,,7,0,1,0,1.0,0
0.812,56,0,0.5475,8861.0,8,0,3,0,3.0,0
0.1261,49,0,0.7563,7308.0,9,0,2,0,2.0,0
0.3001,52,0,1.138,,7,0,0,0,0.0,0
0.4783,69,0,0.7437,9916.0,10,0,1,0,0.0,0
0.5655,72,0,0.5286,12957.0,7,0,3,0,3.0,0
0.0627,31,0,0.3237,,5,0,1,0,3.0,0
0.1213,36,0,0.6255,2030.0,10,0,1,0,2.0,0
0.5889,54,0,0.2617,,5,0,2,0,1.0,0
0.5023,47,0,0.0326,4131.0,12,0,0,0,1.0,0
0.7564,31,0,0.5469,1848.0,5,0,2,0,0.0,0
1.1187,57,0,0.1015,7232.0,7,0,0,0,0.0,0
0.4108,37,0,0.6833,7285.0,7,0,2,0,2.0,0
0.0141,61,0,0.6899,,6,0,4,0,0.0,0
0.603,66,0,0.2892,,12,0,0,0,0.0,0
0.8566,68,0,0.8916,10942.0,5,0,1,0,0.0,0
1.6492,42,2,0.3901,6731.0,5,0,0,0,4.0,0
0.7865,52,0,0.4237,11571.0,9,0,0,0,1.0,0
0.6356,68,0,0.2794,19654.0,5,0,1,0,0.0,0
0.4577,23,0,0.6478,3481.0,6,0,0,0,2.0,0
0.9153,36,0,0.697,5684.0,6,0,2,0,1.0,0
1.5522,59,1,0.6028,4972.0,9,0,3,0,0.0,0
0.4119,73,0,0.4551,7345.0,6,0,1,0,1.0,0
0.1391,21,0,0.4064,6938.0,6,0,4,0,0.0,0
1.0831,36,1,0.3034,,6,1,2,0,2.0,0
0.3586,47,0,0.4475,2049.0,6,0,2,0,1.0,0
3.0918,54,0,0.4514,6714.0,4,0,0,0,0.0,0
4.7164,79,1,0.2297,16013.0,8,0,1,0,1.0,0
0.6271,66,0,0.4533,,7,0,0,0,1.0,0
0.1501,58,0,0.1039,4385.0,6,0,0,0,1.0,0
0.9017,32,0,0.2975,6925.0,6,0,0,0,1.0,0
0.2292,52,0,0.3686,9188.0,14,0,2,0,1.0,0
0.3671,64,0,0.0801,10754.0,8,0,2,0,2.0,0
0.1143,36,0,0.4314,4964.0,5,0,0,0,0.0,0
1.9126,46,0,0.2836,7662.0,10,1,0,0,0.0,0
0.1726,50,0,0.6316,,12,0,0,0,0.0,0
0.0292,43,0,0.2198,6622.0,14,0,0,0,0.0,0
0.9143,62,0,0.335,8319.0,12,0,2,0,2.0,0
2.9372,64,0,0.5713,2546.0,6,0,0,0,0.0,0
0.405,40,0,0.3755,6246.0,13,0,0,0,2.0,0
0.131,37,0,0.1941,3239.0,4,0,1,0,0.0,0
0.4548,51,0,0.2357,4166.0,5,0,1,0,1.0,0
0.3149,57,0,0.4422,,8,0,0,0,1.0,0
0.3216,78,0,0.4175,,6,0,3,0,,0
0.2464,52,0,0.0331,8722.0,6,0,2,0,2.0,0
0.8439,47,0,0.3117,4445.0,9,0,1,0,1.0,0
0.2509,41,0,0.5272,6815.0,7,0,2,0,0.0,0
0.9609,54,0,0.2624,7158.0,8,0,3,0,0.0,0
1.0442,48,0,0.2299,10442.0,11,0,0,0,1.0,0
0.6148,63,0,0.0267,13274.0,6,0,1,0,1.0,0
0.414,55,0,0.4744,5702.0,11,0,0,0,0.0,0
0.195,51,0,0.1784,,10,0,1,0,1.0,0
0.1957,39,0,0.1514,7427.0,10,0,2,0,2.0,0
0.745,58,0,0.4988,3077.0,10,0,0,0,1.0,1
0.1582,50,0,0.1898,,11,0,0,0,0.0,0
0.3409,62,0,0.6594,9292.0,5,0,1,0,2.0,0
1.6682,32,0,0.1391,7251.0,5,0,3,0,0.0,0
0.0541,56,0,0.3756,5298.0,3,0,2,0,1.0,0
0.2967,63,0,0.3908,3597.0,7,0,0,0,2.0,0
0.3212,53,0,0.6,6997.0,6,0,1,0,2.0,0
0.3752,64,0,0.0554,,12,0,1,0,0.0,0
0.3632,58,0,0.3204,1455.0,3,0,3,0,1.0,0
0.1852,43,0,0.5305,,5,0,3,0,0.0,0
0.0933,36,0,1.0383,2843.0,12,0,0,0,0.0,0
8.1913,66,0,0.4509,11409.0,3,0,1,0,1.0,0
0.3394,44,0,0.5982,,6,0,0,0,1.0,0
0.2488,50,0,0.6457,5533.0,8,0,0,0,0.0,0
0.9764,45,2,0.4065,5655.0,5,0,2,2,1.0,0
3.958,67,0,0.9284,20361.0,5,0,1,0,0.0,0
0.4247,21,0,0.1957,,9,0,0,0,2.0,0
0.2294,64,0,0.4009,9501.0,12,0,0,0,3.0,0
0.662,44,0,0.5344,7391.0,10,0,2,0,,0
0.3555,82,0,0.3178,,10,0,1,0,3.0,0
0.0189,65,0,0.7723,7719.0,12,0,0,0,1.0,0
0.6511,41,0,0.1261,,9,0,2,0,2.0,0
0.5025,74,0,0.5675,,7,0,1,0,1.0,1
0.5612,43,0,0.3278,13352.0,13,0,0,0,0.0,0
0.0624,60,0,0.1856,1752.0,9,0,0,0,3.0,0
0.6174,58,0,0.4795,4988.0,6,0,1,0,1.0,0
0.6977,83,0,0.4597,6427.0,7,0,1,0,0.0,0
4.879,39,0,0.3664,11605.0,3,0,1,0,2.0,1
0.777,21,0,0.1712,3625.0,6,0,0,0,0.0,0
1.3103,36,0,0.3791,,8,0,2,0,0.0,0
0.3783,52,0,0.638,6124.0,12,0,1,0,0.0,0
0.797,37,0,0.5668,1707.0,8,0,2,0,3.0,1
0.0494,32,0,0.4321,3091.0,7,0,0,0,0.0,0
0.4207,47,0,0.3866,14842.0,11,0,1,0,1.0,0
0.7264,65,0,0.5592,,8,0,0,0,0.0,0
0.0669,21,0,0.6931,5317.0,5,0,0,0,2.0,0
0.1819,54,0,0.3821,4522.0,8,0,0,0,0.0,0
6.1037,54,5,0.323,,7,1,1,0,1.0,0
0.7568,63,0,0.1005,7731.0,7,0,3,0,0.0,0
0.1356,37,0,0.428,3599.0,6,0,1,0,0.0,0
0.2743,76,0,0.1678,2570.0,6,0,2,0,1.0,0
0.4566,55,0,0.8492,1598.0,9,0,1,0,0.0,0
0.0657,58,0,0.627,,4,0,0,0,0.0,0
0.8242,45,2,0.6535,4634.0,14,0,2,0,0.0,0
0.4186,68,0,0.6138,6613.0,13,0,1,0,2.0,0
0.4553,86,0,0.1062,,5,0,3,0,1.0,0
0.4354,48,0,0.5194,8188.0,13,0,0,0,1.0,0
1.7487,56,0,0.7282,7984.0,12,0,2,0,1.0,0
0.4078,61,0,0.4396,,5,0,1,0,0.0,0
0.3001,72,0,0.2241,13059.0,5,0,1,0,1.0,0
3.2228,66,2,0.774,7965.0,11,0,0,1,2.0,0
0.8567,59,0,0.3766,6221.0,9,0,1,0,0.0,0
0.4422,60,0,0.4601,2379.0,8,0,1,0,2.0,1
0.2978,64,0,0.3377,6685.0,10,0,3,0,0.0,0
0.7907,66,0,0.1093,2815.0,10,0,1,0,1.0,0
0.4798,67,0,0.2909,4571.0,6,0,0,0,,0
0.4081,44,0,0.0898,1497.0,8,0,0,0,0.0,0
0.2684,91,0,0.6123,4564.0,10,0,2,0,1.0,0
3.7356,57,0,0.3453,9317.0,7,0,0,0,0.0,0
0.5309,60,0,0.4805,1479.0,10,0,1,0,0.0,0
0.2781,66,0,0.3924,2773.0,13,0,1,0,3.0,0
0.1638,60,0,0.124,,10,0,0,0,0.0,0
0.1861,65,0,0.273,,12,0,0,0,1.0,0
0.2385,44,0,0.2995,5922.0,7,0,2,0,2.0,0
0.3347,53,2,0.0797,6291.0,5,0,2,1,0.0,0
0.138,52,0,0.5579,,9,0,0,0,1.0,0
2.4763,66,0,0.8847,1088.0,6,0,1,0,1.0,0
3.0297,54,0,0.4288,5808.0,12,0,2,0,0.0,0
0.7056,55,0,0.8743,4171.0,9,0,1,0,1.0,0
0.0889,56,0,0.4853,1753.0,8,0,1,0,0.0,0
0.0199,72,0,0.132,10797.0,7,0,1,2,0.0,0
0.0641,21,0,0.2545,5941.0,17,0,3,0,1.0,0
0.957,58,0,0.386,4691.0,9,0,1,0,0.0,0
0.5075,47,0,0.4391,4903.0,8,0,2,0,1.0,0
0.0075,27,0,0.1531,4865.0,6,0,0,0,2.0,0
0.0118,37,0,0.3808,2780.0,6,0,2,0,1.0,0
0.8197,37,0,0.4982,10065.0,5,0,1,0,0.0,0
4.9816,46,0,0.7114,,8,0,3,0,0.0,0
0.3951,40,0,0.5934,,8,0,1,0,,0
0.1291,53,0,0.5211,3658.0,10,0,0,0,0.0,0
0.1926,63,0,0.229,3903.0,9,0,0,0,1.0,0
0.2354,54,0,0.2353,8988.0,11,0,1,0,0.0,0
0.2328,42,0,0.2538,8362.0,11,0,1,1,0.0,0
0.4303,55,0,0.1237,4195.0,8,0,1,0,0.0,0
0.1007,61,0,0.6279,5931.0,12,0,2,0,0.0,1
3.1598,69,0,0.6957,9083.0,9,0,2,0,1.0,0
0.061,41,0,0.4768,5819.0,7,0,3,0,1.0,0
1.3826,76,0,0.6028,9431.0,9,0,1,0,1.0,0
0.4332,54,0,0.2443,7346.0,7,0,1,0,0.0,0
0.2794,54,0,0.5395,5979.0,9,0,2,0,0.0,0
0.2601,42,0,0.7054,2666.0,8,0,0,0,2.0,0
0.15,33,0,0.2101,3230.0,3,0,0,0,1.0,0
0.9235,32,0,0.1641,5158.0,5,0,0,0,2.0,0
0.119,77,0,0.6421,,7,1,1,0,0.0,0
7.0137,72,0,0.1654,3730.0,7,0,3,0,0.0,0
0.8246,61,0,0.5234,,9,0,2,0,0.0,0
0.4452,37,0,0.3127,2919.0,14,0,2,0,1.0,0
0.2864,51,0,0.1998,4170.0,5,0,0,0,2.0,0
0.6238,31,0,0.7453,8509.0,5,0,2,0,0.0,0
0.1169,44,0,0.475,2184.0,11,0,0,0,1.0,0
0.22,30,0,0.3691,3549.0,9,0,2,0,0.0,0
0.2635,46,0,0.2507,6855.0,6,0,2,0,1.0,0
0.0134,47,0,0.4364,,15,0,2,0,0.0,0
0.4228,43,0,0.5491,2509.0,7,0,0,0,0.0,0
0.0385,39,0,0.4108,,8,0,1,0,0.0,0
0.4907,50,0,0.5726,6601.0,13,0,2,0,1.0,0
0.2604,59,0,0.3172,3555.0,8,0,0,0,0.0,0
0.0511,70,0,0.3723,2172.0,7,0,0,0,0.0,0
0.3243,42,0,0.4038,,9,0,2,0,1.0,0
0.1586,60,0,0.3692,3912.0,8,0,1,0,4.0,0
0.3532,60,0,0.8109,10083.0,2,0,0,0,1.0,0
0.2766,57,0,1.2901,4359.0,13,0,1,0,0.0,0
0.1866,64,0,0.9929,6763.0,11,0,1,0,1.0,0
0.4144,54,2,0.0763,3625.0,12,0,1,0,0.0,0
1.037,52,0,0.797,3075.0,14,0,3,0,1.0,0
0.165,60,0,0.1589,2794.0,4,0,1,0,0.0,0
0.837,78,0,0.8971,,6,0,4,0,0.0,1
1.3545,30,0,0.3793,6803.0,9,0,2,0,1.0,0
0.8746,54,2,0.284,,5,0,0,0,1.0,0
0.0308,46,0,0.5567,6417.0,5,0,1,0,0.0,0
0.326,37,0,0.6369,4717.0,2,0,1,0,0.0,0
0.9897,59,0,0.3133,,11,0,1,0,1.0,0
1.817,47,0,0.3944,13920.0,10,0,2,0,0.0,0
0.0078,45,0,0.6681,10278.0,11,0,0,0,1.0,0
0.1311,57,0,0.2348,4738.0,3,0,0,0,4.0,0
0.2495,63,0,0.3812,5487.0,4,0,1,0,0.0,0
0.2915,37,0,0.2134,4514.0,11,0,2,0,1.0,0
0.4961,55,0,0.8701,2459.0,6,0,0,0,1.0,0
0.8147,72,0,0.5968,12648.0,10,0,0,0,2.0,0
0.5086,54,0,0.588,5218.0,8,0,2,0,0.0,0
0.4591,50,0,0.5679,8845.0,10,0,2,0,0.0,0
1.4194,49,0,0.4943,4396.0,7,0,2,0,0.0,1
0.3123,24,0,0.2567,6659.0,4,0,1,0,0.0,0
0.3424,26,0,0.5373,6195.0,8,0,0,0,0.0,0
0.6876,65,0,0.525,,9,0,4,0,2.0,1
2.3974,80,0,0.7237,12024.0,7,0,2,0,1.0,0
0.3035,74,0,0.4636,4236.0,2,0,2,0,3.0,0
0.0893,79,0,0.817,,6,0,2,0,0.0,0
0.0394,48,0,0.5728,8081.0,7,0,1,0,0.0,0
0.5126,50,0,0.3725,6804.0,11,0,1,0,3.0,0
0.0614,35,0,0.7774,,6,0,1,0,1.0,0
0.0986,37,0,0.2137,,7,0,0,0,1.0,0
0.0831,63,0,0.5543,6071.0,7,0,0,0,0.0,0
4.3974,42,0,0.3066,,11,0,2,0,2.0,0
0.5376,44,0,0.1516,6637.0,4,0,1,0,0.0,0
0.5839,48,0,0.5981,4885.0,11,0,0,0,1.0,0
0.763,65,0,0.5871,,5,0,1,0,0.0,0
0.4069,52,0,0.8298,4070.0,10,0,0,0,0.0,0
0.9045,44,0,0.6455,,8,0,0,0,0.0,0
3.0566,52,0,0.3319,3241.0,6,0,0,0,1.0,0
0.5192,65,0,0.3238,,9,0,2,0,2.0,0
3.338,44,1,0.2316,8169.0,2,1,1,0,0.0,0
0.6736,38,0,0.5026,1941.0,11,0,1,0,1.0,0
0.3661,39,0,0.2326,14984.0,7,0,0,0,1.0,0
0.437,80,0,0.3801,4673.0,8,0,1,0,1.0,0
0.3816,41,0,0.5607,,8,0,1,0,1.0,0
0.1264,52,0,0.4211,6303.0,6,0,1,0,0.0,0
0.8682,26,0,0.1209,2544.0,3,0,0,0,0.0,1
0.8474,84,0,0.7312,12319.0,17,0,1,0,1.0,0
1.1068,44,0,0.3711,5665.0,7,0,0,0,0.0,0
0.0101,59,0,0.1003,5773.0,11,0,0,0,1.0,0
0.6016,51,0,0.2641,14370.0,9,0,1,0,2.0,0
0.5647,42,0,0.9207,6415.0,10,0,2,0,0.0,0
0.1966,62,0,0.1431,,8,0,1,0,1.0,0
2.1888,44,0,0.6515,957.0,8,0,0,0,0.0,0
0.3636,65,0,0.2086,13710.0,8,0,1,0,0.0,0
0.1207,89,0,0.0459,5765.0,8,0,0,0,1.0,0
0.0097,64,0,0.8994,,7,0,0,0,1.0,0
0.7101,40,0,0.6152,4841.0,12,0,0,0,1.0,0
0.1555,49,0,0.4079,,10,0,1,0,0.0,0
0.0825,29,0,0.5109,3242.0,7,0,0,0,1.0,0
0.0394,21,0,0.0634,14489.0,5,0,0,0,0.0,0
3.5924,34,1,0.0529,4388.0,9,1,3,0,1.0,0
0.3211,53,3,0.0962,13953.0,8,0,1,0,0.0,0
0.1294,57,0,0.6178,14673.0,6,0,0,0,2.0,0
1.2975,56,0,0.1089,,5,0,2,0,1.0,0
1.0034,59,0,0.2451,6931.0,7,0,0,0,0.0,0
0.3495,54,0,0.7471,24091.0,4,0,2,0,0.0,0
0.0982,63,0,0.1753,7538.0,11,0,1,0,0.0,0
0.3589,55,0,0.8296,10382.0,7,0,2,0,3.0,0
0.2892,41,0,0.2564,2288.0,5,0,0,0,1.0,0
0.2562,64,0,0.2873,9970.0,7,0,1,0,2.0,0
4.874,36,0,0.3587,4425.0,4,0,1,0,1.0,0
0.2698,39,0,0.2798,,6,0,1,0,1.0,0
0.4199,81,0,0.7699,,6,0,1,0,0.0,0
2.4253,38,0,0.4878,4085.0,4,0,5,0,1.0,0
0.4033,64,0,0.2072,15149.0,8,0,2,0,1.0,0
0.6208,60,0,0.6675,6497.0,9,0,0,0,0.0,0
0.4382,36,0,0.5085,4030.0,3,0,0,0,1.0,1
1.4352,90,0,0.5765,10904.0,9,0,2,0,0.0,0
0.3498,48,0,0.426,5656.0,12,0,0,0,2.0,0
0.3067,47,0,0.5056,8176.0,8,0,1,0,2.0,0
0.0006,47,0,0.3222,7289.0,9,0,0,0,1.0,0
0.4711,58,0,0.1287,6745.0,8,0,1,0,0.0,0
8.2029,42,0,0.298,,5,0,1,0,1.0,0
0.6217,32,0,0.2213,8956.0,7,0,3,0,,0
0.1365,61,0,0.7152,9936.0,10,0,1,0,1.0,0
3.004,34,0,0.1288,1914.0,10,0,1,0,0.0,0
0.3759,32,0,0.634,10701.0,21,0,0,0,0.0,0
0.23,43,0,0.1536,,11,0,4,0,2.0,0
1.808,85,0,0.4451,2888.0,6,0,0,0,2.0,0
0.0016,46,0,0.9103,4960.0,6,0,2,0,0.0,0
0.9404,75,0,0.5185,,10,0,0,0,0.0,1
0.2862,50,0,0.5474,4007.0,6,0,1,0,1.0,0
0.3986,53,0,0.7188,2767.0,5,0,1,0,0.0,0
0.2241,55,0,0.2499,2346.0,6,0,0,0,1.0,0
0.9167,43,0,0.4287,4149.0,3,0,3,0,0.0,0
0.1425,52,0,0.5281,4567.0,5,0,1,0,0.0,0
0.6735,60,0,0.3008,,3,0,1,0,0.0,0
0.2989,55,0,0.6476,,8,0,0,0,0.0,0
0.0739,43,0,0.4278,3017.0,9,0,2,0,0.0,0
0.7153,65,3,0.3242,4031.0,7,1,2,0,1.0,0
0.2832,25,0,0.6021,7337.0,7,0,1,0,1.0,0
0.0767,61,0,0.649,9401.0,4,0,0,0,3.0,0
2.8376,58,0,0.3033,5037.0,10,0,3,0,0.0,0
0.5309,53,0,0.4809,,11,0,0,0,0.0,0
0.3256,68,0,0.5993,1526.0,4,0,2,0,0.0,0
0.1211,57,0,0.4612,,9,0,1,0,1.0,0
0.7518,21,0,0.0823,3213.0,5,0,1,0,0.0,0
0.5912,63,0,0.453,5085.0,17,0,0,0,1.0,0
0.5496,52,0,0.5556,10472.0,11,0,1,0,1.0,0
0.3044,54,3,0.975,2372.0,11,0,4,2,2.0,0
0.1687,55,0,0.2558,2242.0,9,0,0,0,1.0,0
0.0615,53,0,0.3924,4204.0,7,0,4,0,2.0,0
0.1756,36,0,0.1213,,2,0,1,0,2.0,0
0.4681,44,0,0.6069,,9,0,0,0,1.0,0
0.5581,64,0,0.0524,1848.0,12,0,1,0,0.0,0
0.429,52,0,0.084,,9,0,1,0,1.0,0
0.8591,54,0,0.4043,2764.0,9,0,1,0,0.0,0
0.1385,61,0,0.3275,,5,0,1,0,1.0,0
0.1308,49,0,0.3257,4078.0,10,0,0,0,,0
0.7064,67,0,0.5071,4571.0,10,0,2,0,3.0,0
2.9056,55,0,0.3047,4326.0,12,0,1,0,2.0,0
0.719,36,0,0.1081,2818.0,9,0,0,0,0.0,0
0.0612,47,0,0.1317,,4,0,1,0,1.0,0
0.6067,46,0,0.2309,3828.0,6,0,1,0,2.0,0
1.054,53,2,0.8641,,11,0,1,1,0.0,0
0.5234,37,0,0.2671,3221.0,9,0,4,0,0.0,0
0.4567,77,0,0.4229,12216.0,7,0,1,0,1.0,0
0.3984,64,0,0.7024,6043.0,10,0,0,0,0.0,0
0.6603,55,0,0.3461,4947.0,7,0,1,0,0.0,0
0.6082,53,0,0.9256,2632.0,6,0,2,0,0.0,0
0.8168,66,0,0.2007,1489.0,11,0,1,0,2.0,0
0.9812,31,0,0.5442,7091.0,7,0,0,0,1.0,0
0.296,56,0,0.7995,973.0,6,0,0,0,,0
0.3193,35,0,0.6459,,5,0,0,0,1.0,0
0.0939,65,0,0.814,7668.0,12,0,0,0,1.0,0
0.8921,40,0,0.9986,,15,0,1,0,2.0,0
0.0377,56,3,0.8105,9951.0,9,0,1,0,,0
0.4306,79,0,0.7682,5824.0,10,0,1,0,1.0,0
2.0294,68,0,0.5883,1671.0,5,0,1,0,2.0,0
0.0396,38,0,0.2819,1218.0,12,0,0,0,0.0,0
0.783,55,0,0.6863,2794.0,7,0,1,0,1.0,0
0.7098,53,0,0.6952,4825.0,5,0,3,0,3.0,0
0.6659,51,0,0.2642,3246.0,12,0,1,0,1.0,0
0.0267,75,0,0.6869,3878.0,9,0,0,0,0.0,0
0.6442,51,0,0.2944,2230.0,10,0,1,0,2.0,0
0.0927,84,0,0.6661,2641.0,6,0,2,0,0.0,0
0.0176,43,0,0.5198,4790.0,11,0,1,0,0.0,0
10.9503,53,0,0.6469,6319.0,8,0,0,0,0.0,0
0.0523,52,0,0.3362,8544.0,6,0,0,0,0.0,0
12.3578,56,0,0.4536,4099.0,6,0,0,0,0.0,0
0.0326,63,0,0.6359,4780.0,9,0,2,0,0.0,0
0.4777,70,0,0.4196,4398.0,4,0,5,0,3.0,0
0.4571,51,0,0.6763,,8,0,1,0,0.0,0
4.3753,49,0,0.5046,12924.0,12,0,0,0,0.0,0
0.2119,51,0,0.3405,7661.0,9,0,0,0,0.0,0
0.0501,65,0,0.6382,6798.0,8,0,0,0,1.0,0
0.1989,35,0,0.6857,5691.0,6,0,2,0,0.0,0
0.9164,46,6,0.1631,10755.0,9,0,4,2,0.0,0
0.6581,77,0,0.1751,15794.0,5,0,0,0,0.0,0
0.1331,23,0,0.3991,8296.0,5,0,0,0,1.0,0
0.2894,65,0,0.3924,,6,0,0,0,1.0,0
0.2129,69,0,0.348,6139.0,5,0,0,0,0.0,0
0.0993,65,0,0.0613,7687.0,3,0,0,0,0.0,0
0.5863,45,0,0.8501,,6,0,0,0,1.0,0
0.6135,66,0,0.2714,,4,0,1,0,0.0,0
0.1414,61,0,0.1877,5243.0,9,0,0,0,2.0,0
0.6064,60,0,0.4305,4880.0,5,0,0,0,2.0,0
1.2048,37,0,0.123,16370.0,7,0,0,0,2.0,0
1.3397,48,0,0.8303,4903.0,7,0,2,0,1.0,0
0.3888,53,0,0.8155,2486.0,11,0,2,0,0.0,0
4.4922,88,0,0.3147,7555.0,4,0,1,0,0.0,0
0.5258,35,0,1.1104,5055.0,7,0,0,0,0.0,1
2.4135,51,2,0.746,6132.0,8,0,0,0,2.0,0
0.5147,58,0,0.2583,9986.0,5,0,3,0,0.0,0
0.4843,52,0,0.4141,1749.0,14,0,1,0,1.0,0
1.4484,54,0,0.0568,6637.0,8,0,0,0,1.0,0
0.2802,29,2,0.6018,4840.0,4,0,0,1,0.0,0
0.4901,56,0,0.1662,6076.0,8,0,2,0,0.0,0
0.4578,37,0,0.8147,4191.0,10,0,1,0,1.0,0
0.9567,51,0,0.6152,4992.0,7,1,1,1,2.0,0
0.9023,51,0,0.9505,6647.0,11,0,2,0,2.0,0
0.2446,71,0,0.9448,23770.0,5,0,1,0,1.0,0
0.6827,21,0,0.4094,10327.0,6,0,2,0,1.0,0
1.3192,23,0,0.8929,4674.0,6,0,0,0,1.0,1
0.9432,43,0,0.1272,3647.0,7,0,2,0,2.0,0
0.9641,65,0,0.4472,15926.0,6,0,1,0,1.0,0
0.1829,56,0,0.5569,,7,0,3,0,1.0,0
0.4127,52,0,1.0684,6816.0,7,0,1,0,3.0,0
0.4106,71,0,0.1914,,4,0,1,0,1.0,0
0.284,41,0,0.5157,2860.0,11,0,1,0,2.0,0
0.5452,44,0,0.6788,,4,0,0,0,1.0,0
1.2457,60,0,0.1783,5516.0,7,0,0,0,0.0,0
0.1709,57,0,0.2682,3342.0,11,0,2,0,1.0,0
0.127,42,0,0.7346,5517.0,7,0,0,0,2.0,0
1.0881,44,0,0.6738,3104.0,11,0,0,0,0.0,0
1.8421,41,0,0.2981,1758.0,9,0,1,0,1.0,0
0.2459,34,0,0.5975,3659.0,8,0,1,0,1.0,0
0.2231,44,0,0.8275,,14,0,1,0,2.0,0
0.7073,24,0,0.5169,4412.0,7,0,1,0,0.0,0
0.5158,50,0,0.1934,4446.0,6,0,3,0,1.0,0
3.9093,49,0,0.6514,14178.0,10,0,2,0,0.0,0
0.1514,53,0,0.3857,,13,0,0,0,0.0,0
0.5859,70,1,0.3567,4292.0,6,0,1,0,0.0,0
2.1064,50,0,1.013,4168.0,9,0,1,0,1.0,0
0.8588,40,0,0.9473,,13,0,0,0,0.0,0
0.6633,48,0,0.5066,16004.0,10,0,0,0,,0
0.5258,38,0,0.8073,7890.0,7,0,1,0,0.0,0
0.3888,59,0,0.8384,7361.0,4,0,1,0,0.0,0
0.0843,63,0,0.1991,4330.0,11,0,1,0,0.0,0
0.0715,64,0,0.2325,5547.0,8,0,3,0,1.0,0
0.424,70,0,0.1033,12283.0,8,0,1,0,0.0,0
0.7042,30,0,0.2177,5311.0,10,0,1,0,0.0,0
6.4025,45,0,0.7367,16515.0,8,0,2,0,0.0,0
0.8305,89,0,0.7466,,13,0,1,0,0.0,0
0.027,66,3,0.3459,6599.0,7,0,1,2,1.0,1
0.0128,59,0,0.5511,4260.0,9,0,0,0,1.0,0
0.3555,50,0,0.5897,,8,0,1,0,1.0,0
0.6655,69,3,0.2776,11272.0,5,0,1,0,1.0,0
0.0561,48,0,0.4358,9321.0,7,0,1,0,0.0,0
0.0698,44,3,0.4003,,9,0,0,2,0.0,0
0.4669,56,0,0.4147,8730.0,9,0,2,0,0.0,0
0.0629,51,0,0.225,10367.0,3,0,0,0,1.0,0
1.7061,42,0,0.4229,4459.0,3,0,0,0,0.0,0
0.9651,44,1,0.748,,3,0,0,0,0.0,0
0.4024,66,0,0.3014,2333.0,6,0,3,0,3.0,0
0.9131,74,0,0.3972,2758.0,5,0,0,0,0.0,1
0.5213,59,0,0.339,5637.0,7,0,0,0,0.0,0
0.24,44,0,0.5389,7455.0,6,0,1,0,0.0,0
0.3457,50,0,0.1136,,10,0,3,0,3.0,0
0.23,38,4,0.3359,10787.0,4,2,1,1,0.0,0
0.3339,35,0,0.1473,,5,0,3,0,1.0,0
0.2715,55,0,0.449,,3,0,0,0,2.0,0
0.0465,50,0,0.6569,13649.0,8,0,0,0,0.0,0
0.3146,69,0,0.3733,3814.0,9,0,0,0,2.0,0
0.0201,63,0,0.2608,9339.0,7,0,2,0,0.0,0
0.4179,27,0,0.1398,,7,0,1,0,2.0,0
0.0187,73,0,0.461,4919.0,10,0,1,0,1.0,0
0.3774,46,0,0.6646,6753.0,8,0,0,0,0.0,0
0.199,45,0,0.0874,4403.0,9,0,1,0,0.0,0
0.4112,49,0,0.3439,24546.0,10,0,1,0,2.0,0
0.948,51,0,0.4969,8472.0,7,0,0,0,1.0,0
0.0676,32,0,0.5385,4398.0,11,0,2,0,1.0,0
0.1693,60,0,0.2277,2076.0,3,0,2,0,0.0,0
0.0671,45,0,0.4908,6505.0,10,0,2,0,0.0,0
0.1697,36,0,0.2807,,13,0,0,0,0.0,0
0.8152,66,5,0.438,,5,0,2,0,0.0,0
0.4942,36,0,1.0237,2601.0,3,0,1,0,0.0,0
0.6269,57,0,0.0401,,11,0,0,0,1.0,0
0.1636,46,0,0.7164,2181.0,7,0,1,0,0.0,0
0.4597,70,0,0.6522,2287.0,11,0,1,0,0.0,0
0.1854,61,0,0.7345,3937.0,7,0,1,0,2.0,0
0.731,66,0,0.1764,5006.0,13,0,1,0,0.0,0
0.5141,24,0,0.3477,5082.0,5,0,1,0,1.0,0
0.243,44,0,0.3661,6468.0,8,0,0,0,0.0,0
0.3104,49,0,0.6109,12981.0,9,0,0,0,1.0,0
0.2751,57,0,0.3581,10524.0,7,0,1,0,0.0,0
0.2823,69,0,0.5162,6353.0,7,0,1,0,1.0,0
2.466,28,0,0.3818,17434.0,3,0,1,0,1.0,0
0.5178,56,0,0.7887,,8,0,1,0,0.0,1
11.8531,40,0,0.7771,,7,0,1,0,1.0,1
0.4389,48,0,0.6767,,7,0,0,0,0.0,0
0.005,37,0,0.4438,2807.0,2,0,4,0,1.0,0
0.5446,90,0,0.4814,7448.0,11,0,0,0,3.0,0
0.4323,62,0,0.8712,,8,0,0,0,0.0,0
0.4735,49,0,0.2459,8730.0,4,0,0,0,1.0,0
0.2134,43,0,0.4993,,9,0,0,0,0.0,0
0.2068,62,0,0.1281,,5,0,2,0,0.0,0
0.1149,49,0,0.524,4387.0,7,0,1,0,0.0,0
0.2273,57,0,0.8601,10982.0,10,0,0,0,2.0,0
0.65,56,0,0.5204,5752.0,8,0,0,0,0.0,0
0.2699,45,0,0.1854,6255.0,4,0,3,0,2.0,0
0.8105,61,0,0.1316,5452.0,8,0,1,0,0.0,0
0.3002,43,0,0.4152,5919.0,11,0,2,0,1.0,0
0.1517,36,0,0.7567,4046.0,12,0,2,0,1.0,0
0.3677,55,0,1.1004,10627.0,3,0,0,0,1.0,0
6.478,66,0,0.2556,7095.0,5,0,0,0,2.0,0
0.2316,34,0,0.5428,,8,0,1,0,0.0,0
0.2002,84,0,0.4963,,12,0,1,0,2.0,0
0.251,37,0,0.2855,4213.0,12,0,2,0,0.0,0
0.0815,56,0,0.5453,7458.0,6,0,0,0,1.0,0
0.2816,85,0,0.2958,3024.0,7,0,1,0,4.0,0
0.4402,33,0,0.5817,1584.0,7,0,1,0,1.0,0
0.2332,36,0,0.2524,11803.0,9,0,1,0,0.0,0
0.0099,71,0,0.3276,6528.0,5,0,2,0,0.0,0
0.1615,74,0,0.7681,5638.0,9,0,0,0,0.0,0
0.1396,28,0,0.3469,5088.0,10,0,2,0,0.0,0
0.2253,42,0,0.4684,3566.0,7,0,0,0,0.0,0
0.0297,45,0,0.1786,4758.0,6,0,1,0,1.0,0
0.5125,44,0,0.5139,3391.0,4,0,1,0,0.0,0
0.3225,57,0,0.8347,,5,0,1,0,1.0,0
3.0598,54,0,0.7764,2829.0,7,0,1,0,1.0,0
0.1038,31,0,0.7211,,10,0,1,0,2.0,0
0.7121,72,0,0.3787,5176.0,9,0,1,0,1.0,0
0.0834,33,0,0.1347,5144.0,8,0,1,0,0.0,0
0.4665,60,0,0.3242,2612.0,6,0,1,0,0.0,0
0.2798,21,0,0.5996,8779.0,8,0,2,0,1.0,0
0.7653,38,0,0.2933,3248.0,6,0,1,0,1.0,0
0.0059,37,0,0.3962,13938.0,9,0,0,0,2.0,0
0.2973,82,0,0.6387,5350.0,8,0,3,0,2.0,0
0.8185,43,0,0.1626,,9,0,1,0,0.0,0
0.5628,58,0,0.6822,,8,0,2,0,1.0,0
0.5681,63,0,0.0739,2285.0,6,0,2,0,1.0,1
0.4977,61,0,0.4052,7024.0,11,0,2,4,1.0,0
0.3039,45,0,0.1269,17221.0,7,0,1,0,0.0,1
0.2876,47,0,0.1234,3924.0,17,0,1,0,1.0,0
0.1255,61,0,0.5226,3144.0,9,0,2,0,1.0,0
0.0413,55,0,0.3777,17407.0,7,0,0,0,2.0,0
0.5486,75,0,0.9092,,7,0,1,1,2.0,0
0.4193,21,0,0.1532,,11,0,2,0,2.0,0
0.4368,68,0,0.8203,7252.0,11,0,1,0,0.0,0
0.6273,56,0,0.9093,,16,0,1,0,1.0,0
0.3348,77,0,1.1055,3546.0,5,0,0,0,0.0,0
0.5032,85,0,0.9009,12475.0,9,0,1,0,1.0,0
0.8273,51,0,0.2964,,8,0,1,0,0.0,0
0.2547,58,0,0.891,3152.0,10,0,1,0,0.0,0
0.3234,47,0,0.5633,1609.0,10,0,2,0,1.0,0
2.4326,67,0,0.2287,,4,0,1,0,0.0,0
0.2685,67,0,0.5332,19869.0,8,0,2,0,1.0,0
0.5784,48,0,0.8042,3755.0,10,0,1,0,1.0,0
0.2558,63,0,0.085,6353.0,9,0,0,0,0.0,0
0.5339,51,0,0.609,6143.0,4,0,2,0,2.0,0
0.5248,40,0,0.3219,3993.0,6,0,2,0,1.0,1
0.9331,56,1,0.5217,8961.0,6,0,1,1,0.0,0
0.6355,60,0,0.9804,6410.0,5,0,3,0,0.0,0
0.0925,61,0,0.5878,12186.0,12,0,2,0,1.0,0
3.4722,40,0,0.9905,1964.0,10,0,1,0,2.0,0
0.3069,49,0,0.4912,6539.0,6,0,0,0,1.0,0
1.2532,30,0,0.8895,4960.0,4,0,0,0,0.0,0
0.3152,54,0,0.621,6717.0,4,0,1,0,1.0,0
0.9344,53,0,0.6933,4168.0,4,0,1,0,2.0,0
0.5265,32,0,0.4499,3540.0,8,0,4,0,1.0,0
0.3263,32,0,0.171,,15,0,2,0,1.0,0
0.4089,60,0,0.2471,,7,0,1,0,2.0,0
0.5336,70,0,0.8051,7671.0,4,0,0,0,1.0,0
2.0798,40,1,0.5159,12434.0,8,0,0,2,1.0,0
1.0073,50,0,0.2531,3571.0,6,0,1,0,0.0,0
0.1303,31,0,0.3872,,11,0,2,0,1.0,0
4.0121,65,0,0.1951,6006.0,11,0,2,0,0.0,0
0.1278,73,0,0.3636,2990.0,11,0,1,0,0.0,0
4.6423,36,0,0.1417,4189.0,6,0,0,0,2.0,0
0.0799,32,0,0.1694,5612.0,9,0,1,0,1.0,1
2.994,49,2,0.5531,4747.0,7,0,4,1,,0
0.3201,55,0,0.0951,8095.0,7,0,0,0,2.0,0
0.0429,34,0,0.4763,4188.0,11,0,0,0,1.0,0
0.2351,35,0,0.3672,9280.0,6,0,1,0,2.0,0
2.8651,67,0,0.4046,18585.0,8,0,2,0,2.0,0
0.7077,29,0,0.326,3367.0,13,0,0,0,0.0,0
0.2264,31,0,0.1666,12706.0,5,0,0,0,1.0,0
0.5858,50,1,0.7461,,9,0,0,0,0.0,0
0.4014,78,0,0.192,2780.0,8,0,4,0,1.0,0
0.1575,45,0,0.4416,4889.0,10,0,1,0,1.0,0
0.1869,35,0,0.3116,9179.0,9,0,2,0,1.0,0
0.2499,59,0,0.262,2204.0,8,0,0,0,0.0,0
0.047,68,0,0.431,5718.0,11,0,1,0,3.0,0
0.5262,71,0,0.3297,8491.0,3,0,2,0,0.0,0
0.5234,57,0,0.4849,2114.0,6,0,0,0,0.0,0
0.5078,60,1,0.5063,3291.0,11,0,1,1,0.0,0
0.3077,61,0,0.6491,2937.0,9,0,1,0,0.0,0
2.4105,55,1,0.6445,6426.0,11,0,1,0,3.0,0
0.5096,78,0,0.7475,6509.0,10,0,3,0,1.0,0
0.4867,53,1,0.1262,,14,0,0,0,0.0,0
0.7475,51,0,0.7214,5803.0,6,0,0,0,0.0,0
3.0568,64,0,0.4896,9985.0,6,0,0,0,2.0,0
0.5933,55,0,0.4504,,7,0,0,0,2.0,0
0.0936,79,1,0.6569,3530.0,10,1,0,0,0.0,0
0.4737,80,0,0.2163,1724.0,5,0,2,0,0.0,0
0.0606,39,0,0.3278,8699.0,8,0,1,0,0.0,0
7.3691,63,0,0.8563,10126.0,8,0,2,0,1.0,0
0.6676,53,0,0.3166,10552.0,11,0,3,0,0.0,0
1.1507,57,0,0.4507,2104.0,8,0,1,0,0.0,0
0.3184,68,0,0.4083,,5,0,1,0,3.0,0
0.1074,48,0,0.29,,8,0,2,0,0.0,0
0.3164,41,0,0.6579,4661.0,14,0,2,0,2.0,0
0.2096,44,0,0.9229,6050.0,5,0,2,0,1.0,0
0.863,50,2,0.5505,2376.0,10,0,0,3,0.0,0
0.6082,24,0,0.9899,1957.0,9,0,0,0,1.0,0
1.8058,47,0,0.5598,,8,0,2,0,1.0,0
0.1168,52,0,0.2153,8263.0,8,0,1,0,0.0,0
0.1669,65,0,0.3785,4366.0,6,0,2,0,1.0,0
0.751,43,0,0.8281,2006.0,8,0,1,0,0.0,0
0.2658,58,0,0.5938,10209.0,8,0,2,0,1.0,0
0.3456,53,0,0.2103,3565.0,6,0,0,0,0.0,0
3.9111,64,0,0.5541,6773.0,10,0,2,0,0.0,0
0.5375,68,0,0.2217,3164.0,5,0,2,0,2.0,0
0.1513,46,0,0.7834,2355.0,9,0,0,0,0.0,0
0.2448,68,0,0.1246,2381.0,11,0,0,0,0.0,0
1.2859,66,0,0.5624,11302.0,11,0,0,0,3.0,0
1.9619,47,0,0.0667,13253.0,6,0,2,0,0.0,0
0.0787,67,0,0.0798,3948.0,13,0,0,0,0.0,0
0.2126,56,0,0.3392,3271.0,10,0,1,0,1.0,0
0.4553,62,0,0.6347,5430.0,5,0,2,0,1.0,0
0.1436,60,0,0.3105,9655.0,12,0,0,0,0.0,0
0.5276,45,0,0.926,1879.0,9,0,0,0,0.0,0
0.0459,43,0,0.1838,15386.0,8,0,1,0,0.0,0
0.3245,70,0,0.6879,17009.0,5,0,1,0,1.0,0
0.324,46,0,0.6167,17806.0,9,0,1,0,1.0,0
0.3394,24,0,1.0464,5370.0,10,0,0,0,0.0,0
0.3193,42,0,0.667,10655.0,5,0,0,0,2.0,0
0.2313,69,0,0.1613,7335.0,6,0,1,0,0.0,1
0.2519,72,0,0.7522,3079.0,6,0,0,0,1.0,0
0.0149,68,0,0.0172,7362.0,11,0,1,0,0.0,0
0.1032,47,0,0.8489,7280.0,9,0,0,0,0.0,0
0.296,47,0,0.1628,3784.0,13,0,0,0,1.0,0
3.9187,57,1,1.1497,29050.0,13,0,0,0,1.0,0
1.116,60,2,0.2382,2703.0,7,0,1,0,0.0,0
0.5652,24,0,0.412,21867.0,11,0,2,0,1.0,0
0.4226,39,0,0.3045,4302.0,8,0,0,0,2.0,0
1.8741,54,0,0.1564,17575.0,6,0,1,0,0.0,0
0.1543,48,0,0.8101,2578.0,6,0,1,0,0.0,0
0.0987,41,0,0.5763,,11,0,2,0,0.0,0
0.7219,58,0,0.4013,4065.0,5,0,1,0,3.0,0
0.2776,44,0,0.1271,1612.0,7,0,2,0,0.0,0
0.0565,26,0,0.872,,2,0,1,0,1.0,0
0.0701,66,0,0.4681,1316.0,10,0,1,0,2.0,0
0.9322,51,0,0.3695,10900.0,10,0,1,0,2.0,0
0.484,57,0,0.5719,6568.0,7,0,1,0,1.0,0
0.0159,37,0,0.3662,9034.0,13,0,1,0,0.0,0
0.7457,38,0,0.6961,6827.0,12,0,0,0,2.0,0
0.2478,28,0,0.5069,5373.0,6,0,0,0,0.0,0
0.9485,57,0,0.9054,3912.0,8,0,0,0,0.0,1
0.7058,49,0,0.3003,,6,0,0,0,0.0,0
0.4367,69,0,0.4563,6598.0,8,0,1,0,0.0,0
0.3314,43,0,0.0291,5372.0,5,0,1,0,0.0,0
0.1281,38,0,0.0488,4423.0,6,0,1,0,1.0,0
0.3961,38,0,1.1384,2900.0,10,0,0,0,1.0,0
0.4333,63,0,0.5066,9957.0,7,0,1,0,4.0,0
0.469,84,0,0.4509,4823.0,6,0,1,0,1.0,0
0.685,47,0,0.2244,3385.0,8,0,4,0,4.0,0
0.3806,60,0,0.2766,5086.0,9,0,1,0,0.0,0
0.3491,45,0,0.5231,6620.0,12,0,0,0,2.0,0
0.4679,46,0,0.5387,2957.0,8,0,1,0,0.0,0
0.1157,36,0,0.5183,12317.0,10,0,0,0,0.0,0
0.7411,54,0,0.2572,7369.0,7,0,2,0,1.0,0
0.072,43,0,0.3202,,13,0,0,0,0.0,0
0.6627,39,1,0.3047,,8,0,1,0,1.0,0
0.0491,68,0,0.2823,,5,0,0,0,0.0,0
0.3502,64,0,0.2103,4976.0,6,0,2,0,2.0,0
0.4911,69,0,0.4571,3407.0,12,0,1,0,1.0,0
0.7367,55,0,0.5225,2307.0,7,0,1,0,1.0,0
0.4932,41,0,0.3697,9548.0,5,0,0,0,0.0,0
0.1304,57,0,0.167,2957.0,12,0,0,0,0.0,0
1.1079,56,0,0.8668,,3,0,1,0,2.0,0
0.4691,40,0,0.164,8499.0,7,0,0,0,1.0,0
0.6721,78,0,0.1555,8137.0,1,0,1,0,0.0,0
0.3143,52,0,0.5459,7864.0,6,0,1,0,3.0,0
0.2123,54,0,0.359,3404.0,12,0,1,0,1.0,0
0.4604,54,0,0.4475,1903.0,7,0,1,0,1.0,0
0.6216,59,0,0.2714,3162.0,2,0,0,0,1.0,0
0.6919,48,0,0.5576,9391.0,10,0,1,0,2.0,0
0.0878,70,0,0.674,2695.0,4,0,0,0,0.0,0
0.3026,72,0,0.3528,6221.0,9,0,0,0,0.0,0
0.1144,25,0,0.6954,,12,0,2,0,0.0,0
0.473,49,0,0.6071,8150.0,6,0,0,0,0.0,0
0.188,68,0,0.0924,7449.0,8,0,0,0,2.0,0
0.4614,58,2,0.053,1555.0,7,2,3,0,0.0,0
0.2109,37,0,0.6264,17202.0,5,0,2,0,0.0,0
0.2129,47,0,0.7702,6738.0,8,0,2,0,0.0,0
0.0122,73,0,0.3644,7190.0,13,0,0,0,0.0,0
0.548,30,0,0.5142,3421.0,7,0,1,0,2.0,0
0.93,54,0,0.3176,2361.0,5,0,1,0,0.0,0
0.9234,51,0,0.9785,2919.0,9,0,0,0,0.0,0
0.141,47,0,0.7001,2333.0,10,0,1,3,0.0,0
0.8448,48,0,0.5856,,12,0,2,0,1.0,0
1.744,61,2,0.6638,,11,0,2,0,0.0,0
0.3914,62,0,0.4217,,6,0,0,0,3.0,0
7.4098,56,0,0.2039,3925.0,9,0,2,0,2.0,0
0.2851,61,1,0.3016,13027.0,10,0,2,0,2.0,0
0.3135,50,0,0.1348,13137.0,8,0,1,0,1.0,0
2.2514,71,0,0.1946,11301.0,8,0,0,0,0.0,1
0.3557,62,0,0.3543,4564.0,5,0,0,0,0.0,0
0.4464,44,0,0.0983,,5,0,1,0,2.0,1
1.5332,59,0,0.3533,8301.0,8,0,1,0,1.0,0
0.6585,67,0,0.8123,8741.0,4,0,1,0,2.0,0
0.2429,55,0,0.1388,,8,0,0,0,1.0,0
0.308,39,0,0.1217,23139.0,6,0,1,0,1.0,1
0.7238,27,0,0.6139,1781.0,14,0,1,0,1.0,0
0.0006,61,0,0.68,6964.0,8,0,0,0,0.0,0
0.4696,37,0,0.1901,5639.0,6,0,2,0,0.0,0
4.0701,40,2,0.6092,14828.0,6,0,0,1,1.0,0
0.0307,41,0,0.9098,6827.0,11,0,1,0,0.0,0
0.0306,38,0,1.2677,,12,0,2,0,2.0,0
0.8574,47,0,0.6544,6607.0,6,0,0,0,1.0,0
0.5508,53,0,0.8,3469.0,12,0,1,0,1.0,1
0.2969,42,0,0.4101,5069.0,6,0,0,0,1.0,0
0.3622,40,0,0.3849,4524.0,6,0,1,0,1.0,0
0.2293,47,0,0.5027,21138.0,5,0,1,0,1.0,0
0.3557,49,0,0.9941,4111.0,6,0,2,0,0.0,0
0.2954,56,0,0.2938,2912.0,7,0,0,0,0.0,0
0.7891,55,0,0.6931,,6,0,0,0,0.0,0
0.0249,35,0,0.8646,5063.0,12,0,1,0,1.0,0
0.1253,64,0,1.0661,4489.0,6,0,1,0,2.0,0
0.1519,33,0,0.3086,4458.0,9,0,0,0,1.0,0
0.3272,55,0,0.7232,12217.0,10,0,0,0,1.0,0
0.045,50,0,0.9573,1439.0,11,0,1,0,1.0,0
0.6296,76,0,0.7819,8029.0,9,0,0,0,3.0,0
0.0592,46,0,0.5538,12198.0,7,0,0,0,2.0,0
0.0839,53,0,0.2303,8740.0,3,0,1,0,0.0,0
0.259,53,0,0.4377,,7,0,1,0,1.0,0
0.0805,60,0,0.5464,8020.0,3,0,2,0,0.0,0
0.0291,69,0,1.009,,9,0,0,0,2.0,0
0.4575,56,0,1.089,,10,0,1,0,0.0,0
0.2415,84,0,0.3597,8102.0,9,0,1,0,0.0,0
0.9483,48,1,0.6063,,5,0,1,0,2.0,0
0.9435,69,0,0.0971,4904.0,9,0,1,0,0.0,0
0.7052,55,0,0.1437,5469.0,6,0,0,0,2.0,0
0.5799,54,0,0.3004,6003.0,7,0,1,0,0.0,0
0.4119,35,0,0.5523,5603.0,13,0,3,0,2.0,0
0.4389,60,0,0.1609,7142.0,4,0,1,0,1.0,0
0.6476,49,0,0.2736,13154.0,8,0,0,0,0.0,0
0.4501,52,0,0.4067,5612.0,14,0,1,0,0.0,0
0.1731,52,2,0.8776,3104.0,4,0,2,0,0.0,0
0.9941,60,0,0.3898,6016.0,12,0,1,0,3.0,0
0.1932,68,0,0.8008,8011.0,10,0,0,0,2.0,0
0.3088,49,0,0.0881,1605.0,10,0,0,0,1.0,0
0.5726,47,0,1.5375,1979.0,12,0,0,0,0.0,0
0.6429,55,0,0.4431,10003.0,8,0,0,0,1.0,0
0.3129,37,0,0.5818,3867.0,14,0,0,0,2.0,0
0.672,40,0,0.7928,4093.0,1,0,1,0,3.0,1
1.4587,59,0,0.3925,,7,0,0,0,1.0,0
0.0298,44,0,0.5635,7390.0,3,0,0,0,0.0,0
0.2828,63,0,0.4961,,7,0,1,0,1.0,0
4.2335,51,0,0.3099,3764.0,5,0,2,0,1.0,0
0.5423,47,0,0.8043,2352.0,7,0,0,0,1.0,0
0.083,68,0,0.6136,4576.0,7,0,0,0,2.0,0
0.4694,43,0,0.7343,3257.0,5,0,1,0,0.0,0
0.9756,52,0,0.1612,1830.0,6,0,2,0,0.0,0
0.6137,43,0,0.7367,3386.0,14,0,2,0,0.0,0
0.5314,52,0,0.3305,10521.0,6,0,0,0,1.0,0
0.2947,61,0,0.2037,3597.0,7,0,0,0,2.0,0
0.1576,54,0,0.7858,7631.0,4,0,2,0,0.0,0
0.2453,51,0,1.276,9303.0,4,0,1,0,0.0,0
0.5827,50,0,0.1716,7071.0,5,0,0,0,0.0,0
0.1394,56,0,0.8661,,5,0,1,1,1.0,0
0.6951,58,1,0.819,5930.0,3,0,4,0,2.0,0
0.5018,58,0,0.5344,,9,0,1,0,2.0,1
0.3044,54,0,0.2428,5567.0,5,0,0,0,1.0,0
0.6049,44,1,0.7961,18076.0,8,0,2,0,1.0,0
0.2672,50,0,0.7205,2012.0,12,0,1,0,0.0,0
1.3676,46,0,0.4058,4673.0,5,0,2,0,1.0,0
0.3596,57,0,0.2101,4456.0,5,0,0,0,1.0,0
0.7581,48,0,0.6937,,9,0,1,0,2.0,0
0.373,49,0,0.2693,7395.0,7,0,1,0,0.0,0
0.5263,72,0,0.5919,7029.0,3,0,1,0,1.0,0
0.0601,51,0,0.8664,7158.0,8,0,0,0,0.0,0
0.2622,27,0,0.3777,6256.0,3,0,2,0,0.0,0
0.0609,75,0,0.6881,4430.0,4,0,1,0,1.0,0
0.1543,52,0,0.2324,3067.0,7,0,0,0,0.0,0
1.7264,48,0,0.5577,5440.0,5,0,1,0,1.0,0
0.1062,48,0,0.4368,808.0,6,0,0,0,0.0,0
0.2397,47,0,0.1069,3532.0,6,0,0,0,0.0,0
0.0518,69,0,0.4946,7549.0,8,0,1,0,3.0,0
0.1676,44,0,0.1992,4821.0,9,0,1,0,1.0,0
0.7664,44,0,0.1656,3344.0,14,0,2,0,0.0,0
0.7097,50,0,0.5882,,6,0,1,0,0.0,0
0.3903,30,0,0.8275,,6,0,1,0,1.0,0
0.218,46,0,0.5615,,12,0,1,0,1.0,0
0.4512,66,0,0.9679,5160.0,6,0,0,0,0.0,0
0.6082,56,0,0.2179,3806.0,11,0,2,0,0.0,0
0.154,60,0,0.1039,7705.0,7,0,1,0,2.0,0
3.5197,44,0,0.4303,,11,0,0,0,3.0,1
0.3316,30,0,0.5568,2987.0,5,0,0,0,1.0,0
0.9517,61,0,0.0922,5908.0,4,0,1,0,0.0,0
0.5413,38,0,1.0397,3477.0,11,0,0,0,0.0,0
0.6217,31,0,0.1442,5799.0,6,0,1,0,0.0,0
0.2803,41,0,0.9811,5864.0,9,0,1,0,1.0,0
0.7176,43,0,0.4668,16258.0,7,0,1,0,0.0,0
0.453,37,0,0.868,,9,0,1,0,0.0,0
0.3026,52,0,0.6397,7312.0,8,0,0,0,3.0,0
0.0318,82,0,0.7649,11130.0,5,0,1,0,0.0,0
0.3088,51,0,0.3003,2493.0,10,0,1,0,0.0,0
0.8015,43,0,0.6124,1730.0,5,0,4,0,2.0,0
0.3582,53,0,0.4072,11178.0,10,0,3,0,0.0,0
0.5176,65,0,0.241,2913.0,12,0,0,0,3.0,0
1.0776,22,0,0.3729,15091.0,6,0,0,0,1.0,0
0.0858,46,0,0.266,6724.0,9,0,2,0,0.0,0
1.1561,56,0,0.077,6030.0,9,0,2,0,1.0,0
2.1994,57,0,0.2666,1590.0,6,0,2,0,0.0,0
0.1647,45,0,0.5086,6166.0,8,0,0,0,1.0,0
0.239,34,0,0.7521,2978.0,14,0,0,0,2.0,0
0.8067,55,0,0.3791,7984.0,10,0,0,0,0.0,0
1.1556,41,0,0.9769,1710.0,5,0,1,0,1.0,0
0.2343,21,0,0.4572,2447.0,6,0,2,0,2.0,0
0.9466,54,0,1.0444,4521.0,3,0,0,0,1.0,1
0.3543,55,0,0.2526,,13,0,1,0,3.0,0
0.2396,49,0,0.8021,6244.0,9,0,0,0,0.0,0
0.9684,75,0,0.6169,2667.0,6,0,1,0,1.0,0
0.3741,58,0,0.0143,3644.0,9,0,3,0,0.0,0
0.4677,54,0,0.5456,7585.0,9,0,2,0,1.0,0
0.8112,73,0,0.1969,,13,0,0,0,2.0,0
0.6831,78,0,0.7376,4959.0,4,0,1,0,0.0,0
0.609,64,0,0.6768,4676.0,9,0,5,0,3.0,1
3.6511,46,0,0.5425,3835.0,7,0,1,0,1.0,0
0.2139,58,0,0.1372,14332.0,10,0,0,0,1.0,0
0.5053,63,0,0.3322,,4,0,1,0,4.0,0
0.0768,21,0,0.2189,1961.0,5,0,0,0,0.0,0
0.6173,35,0,1.0011,3755.0,5,0,2,0,2.0,0
0.8448,60,0,0.4728,8472.0,9,0,1,0,0.0,0
0.3582,51,0,0.4528,12129.0,9,0,1,0,1.0,0
0.7082,59,0,0.3863,,7,0,0,0,0.0,0
0.5166,61,0,0.0903,3544.0,9,0,2,0,0.0,0
0.5124,39,0,0.7195,7661.0,8,0,2,0,1.0,0
0.4374,49,0,0.1759,,11,0,2,0,1.0,0
0.5581,54,0,0.6351,3267.0,12,0,0,0,1.0,0
0.1319,64,0,0.7839,,5,0,0,0,1.0,0
0.5474,64,0,0.6676,3184.0,11,0,2,0,0.0,0
0.4519,29,0,0.4617,4026.0,4,0,1,0,1.0,1
0.178,22,0,0.0648,3478.0,9,0,1,0,1.0,0
0.8881,44,3,0.6388,,7,0,3,1,0.0,0
1.1193,68,0,0.2906,4858.0,6,0,1,0,1.0,0
0.1965,44,0,0.7338,2788.0,11,0,0,0,1.0,0
0.603,82,0,0.3053,3712.0,6,0,2,0,,1
0.2052,34,0,0.5161,6822.0,4,0,0,0,1.0,0
0.3324,38,0,0.0423,4891.0,10,0,0,0,0.0,0
0.1511,43,0,0.297,3137.0,9,0,0,0,0.0,0
0.338,38,3,0.9101,4045.0,3,0,0,1,1.0,0
0.2302,40,0,0.8507,2862.0,8,0,1,0,1.0,0
0.065,55,1,0.818,2918.0,8,1,1,3,0.0,0
0.2399,52,0,0.3474,2805.0,11,0,3,0,1.0,0
0.167,38,3,0.0581,10111.0,9,0,0,0,0.0,0
2.1151,53,0,0.347,,5,0,0,0,1.0,0
5.3348,43,0,0.2139,4572.0,11,0,2,0,1.0,0
0.6488,62,0,0.6801,7174.0,4,0,0,0,0.0,0
0.0985,56,0,0.4647,4045.0,10,0,0,0,0.0,0
0.5639,59,0,0.3921,3506.0,9,0,1,0,,0
0.6958,53,0,0.5425,4660.0,5,0,2,0,0.0,1
0.2107,50,0,0.0966,2499.0,4,0,0,0,2.0,0
1.0681,55,0,0.4223,4519.0,15,0,2,0,0.0,0
6.5664,89,0,0.2767,,5,0,1,0,3.0,0
2.4501,45,0,0.3343,2661.0,6,0,1,0,0.0,0
0.5033,61,0,0.7394,5903.0,6,0,1,0,0.0,0
3.0858,61,0,0.1476,5465.0,8,0,2,0,1.0,0
0.2908,85,0,0.1632,9540.0,12,0,0,0,0.0,1
0.6967,69,0,0.349,14202.0,11,0,4,0,1.0,0
0.252,27,0,1.072,9291.0,7,0,0,0,2.0,0
0.9065,47,0,1.0698,8349.0,9,0,2,0,1.0,0
0.2509,22,0,0.6963,,5,0,0,0,0.0,0
1.1822,57,0,0.4098,3084.0,9,0,0,0,1.0,0
0.612,56,0,0.1785,6746.0,6,0,0,0,0.0,0
0.4476,48,0,0.172,4130.0,4,0,2,0,0.0,0
2.1456,56,0,1.0681,4875.0,5,0,0,0,1.0,0
0.3431,62,0,0.6693,,14,0,0,0,2.0,0
0.3384,44,0,0.8283,10947.0,9,0,0,0,2.0,0
0.3478,38,0,0.9798,3198.0,9,0,1,0,2.0,0
1.8116,44,0,0.3792,2372.0,9,0,0,0,2.0,0
0.8164,59,2,0.095,16951.0,7,0,1,2,0.0,0
0.5693,52,0,0.5467,,6,0,1,0,1.0,0
0.2758,64,0,0.6044,,6,0,1,0,1.0,0
0.3732,34,0,0.5485,3383.0,8,0,0,0,0.0,0
0.1014,64,0,0.3755,5283.0,7,0,1,0,2.0,0
0.2743,70,0,0.5621,6677.0,7,0,0,0,0.0,0
0.6482,79,0,0.1748,10163.0,9,0,0,0,3.0,0
2.253,56,0,0.423,2831.0,3,0,2,0,1.0,0
0.5834,54,0,0.1755,6205.0,10,0,0,0,1.0,0
0.4864,63,0,0.2143,5430.0,11,0,0,0,1.0,0
0.7107,51,0,0.0623,5250.0,11,0,1,0,0.0,0
0.0417,40,0,0.5955,2878.0,4,0,2,0,1.0,0
2.2351,32,0,0.793,4755.0,4,0,3,0,0.0,1
0.0897,42,1,0.2595,,9,0,2,0,0.0,0
0.1964,72,0,0.1473,5876.0,14,0,0,0,0.0,0
0.8488,56,0,1.3333,2917.0,10,0,4,0,1.0,0
0.502,32,0,0.4776,8760.0,8,0,0,0,0.0,0
0.276,53,0,0.4183,4719.0,6,0,2,0,0.0,0
0.1802,59,0,0.6597,9159.0,10,0,1,0,2.0,0
1.3264,65,1,0.3188,13561.0,3,0,1,0,1.0,0
0.1521,41,0,0.6364,3022.0,6,0,2,0,1.0,0
0.3185,50,0,0.1359,5462.0,9,0,1,0,0.0,0
0.1556,29,0,0.4349,,7,0,2,0,1.0,0
0.1384,59,0,0.4162,4200.0,9,0,1,0,0.0,0
0.0738,21,0,0.3926,4986.0,9,0,0,0,3.0,1
0.5733,48,0,0.3563,,10,0,2,0,1.0,0
0.0459,44,0,0.5254,,9,0,2,0,3.0,0
0.1019,76,0,0.2735,13938.0,8,0,1,0,0.0,0
0.0863,71,0,0.372,1200.0,8,0,1,0,1.0,0
0.5483,39,0,0.6007,,7,0,1,0,0.0,0
0.6738,48,0,0.115,3563.0,9,0,2,0,0.0,0
0.5375,24,0,0.4373,,6,0,2,0,0.0,1
1.0808,38,0,0.4911,1881.0,4,0,1,0,0.0,0
1.1627,37,0,0.3278,,12,0,0,0,1.0,0
0.8888,57,0,0.5532,24180.0,8,0,0,0,0.0,0
1.8141,60,1,0.8739,3005.0,9,1,0,1,0.0,1
0.216,37,0,1.0863,3680.0,8,0,1,0,0.0,0
0.4237,70,0,0.4959,6554.0,5,0,1,0,,0
0.4425,79,0,0.6689,4537.0,7,0,1,0,3.0,1
0.7821,43,0,0.469,3845.0,11,0,1,0,0.0,0
0.4497,42,0,0.4791,11652.0,8,0,0,0,1.0,0
0.2559,65,0,0.1974,12653.0,6,0,0,0,1.0,0
0.0676,50,0,0.6207,,8,0,2,0,1.0,0
0.4496,52,0,1.0805,7189.0,6,0,1,0,0.0,0
0.2856,54,0,0.3964,11358.0,8,0,0,0,1.0,0
0.407,58,0,0.0983,3402.0,6,0,3,0,2.0,0
0.0612,87,0,0.281,,8,0,1,0,0.0,0
1.262,47,0,0.6698,12881.0,11,0,0,0,1.0,0
0.0539,59,0,0.608,2633.0,8,0,1,0,1.0,0
0.1897,34,0,0.5034,4358.0,2,0,0,0,0.0,0
0.0785,25,0,0.9086,12042.0,15,0,1,0,1.0,1
0.1374,67,0,0.5323,7823.0,10,0,0,0,0.0,0
1.1229,45,0,0.4956,7358.0,8,0,3,0,0.0,0
0.2514,61,0,0.0118,1571.0,5,0,1,0,1.0,0
0.0377,59,0,0.2903,6674.0,13,0,1,0,1.0,0
0.0732,62,0,0.8701,15468.0,5,0,1,0,0.0,0
0.1802,45,0,0.4436,3076.0,2,0,0,0,0.0,0
0.4496,60,0,0.356,,7,0,1,0,1.0,0
0.4633,76,0,0.3721,6890.0,8,0,1,0,1.0,1
5.5565,54,0,0.0551,3713.0,11,0,2,0,0.0,0
0.176,67,0,0.1171,5301.0,4,0,0,0,0.0,0
0.2685,47,0,0.045,,11,0,1,0,0.0,0
0.0338,49,0,0.8984,4683.0,9,0,1,0,2.0,0
0.0918,70,0,0.3944,,7,0,0,0,3.0,0
0.9686,45,0,0.1114,8345.0,7,0,3,0,1.0,1
0.324,46,0,0.2036,2456.0,8,0,1,0,1.0,0
0.0533,45,0,0.384,2107.0,5,0,2,0,0.0,0
0.2794,40,0,0.3104,6090.0,10,0,1,0,0.0,0
0.4982,60,0,0.3626,7623.0,7,0,3,0,0.0,0
0.7824,50,0,1.3517,,7,0,1,0,1.0,1
0.1467,57,0,0.5348,,9,0,0,0,0.0,0
0.6029,39,0,0.2047,1750.0,3,0,1,0,0.0,0
0.3381,44,0,0.6029,9174.0,7,0,3,0,0.0,0
0.5052,61,0,0.8374,,6,0,0,0,0.0,1
1.2855,45,0,0.2038,,7,0,4,0,0.0,0
0.4401,62,4,0.275,11199.0,4,0,0,2,1.0,0
5.1534,51,0,0.4283,,7,0,1,0,0.0,0
0.0166,56,0,0.4663,4224.0,8,0,3,0,0.0,0
1.49,83,0,0.1286,12614.0,12,0,0,0,1.0,1
0.5855,64,0,0.8871,,8,0,2,0,,1
0.2595,71,0,0.368,,10,0,3,0,0.0,0
0.4251,38,0,1.0337,8996.0,1,0,0,0,1.0,0
0.2338,58,0,0.4045,4699.0,7,0,0,0,0.0,0
0.3396,73,0,0.524,2180.0,6,0,0,0,1.0,0
8.0905,60,0,0.2159,9626.0,6,0,2,0,1.0,0
0.8879,50,0,0.3363,3288.0,5,0,0,0,1.0,0
1.1802,49,0,0.4172,3877.0,7,0,1,0,2.0,0
1.3986,40,0,0.271,6371.0,10,0,0,0,0.0,0
0.867,47,0,1.2571,12691.0,10,0,0,0,1.0,0
2.7076,43,0,0.4451,5206.0,8,0,1,0,1.0,0
0.9295,42,0,0.6287,4893.0,7,0,1,0,0.0,0
1.0566,60,0,0.7749,2181.0,6,0,2,0,1.0,0
4.1637,46,0,0.7039,6254.0,11,0,1,0,1.0,0
0.6644,60,0,0.3525,13369.0,12,0,4,0,1.0,0
0.4571,53,2,0.6239,,11,2,0,1,0.0,0
0.1749,82,1,0.7598,16700.0,7,0,1,0,0.0,0
0.019,49,0,0.4484,7108.0,7,0,0,0,1.0,0
0.3959,61,0,1.2397,15484.0,9,0,1,0,0.0,0
0.5554,43,0,0.642,,6,0,1,0,1.0,0
0.3612,47,0,0.2922,9215.0,11,0,3,0,0.0,0
1.7894,51,0,0.6442,4838.0,9,0,1,0,1.0,1
0.6371,55,4,0.0459,1728.0,13,0,0,0,1.0,0
0.4967,51,0,0.3429,1551.0,10,0,4,0,1.0,0
0.2603,41,0,1.0076,2976.0,4,0,1,0,0.0,0
0.8155,64,0,0.2875,6050.0,6,0,0,0,1.0,0
1.1195,59,0,0.5764,5875.0,12,0,0,0,0.0,0
7.7972,66,0,0.3493,12182.0,12,0,0,0,3.0,0
0.3412,52,0,0.5997,4568.0,8,0,1,0,0.0,0
0.6268,71,0,0.8633,7692.0,7,0,0,0,1.0,0
0.3546,50,0,0.0463,15272.0,11,0,2,0,1.0,0
0.1652,31,0,0.3553,5086.0,8,0,1,0,1.0,0
0.6544,54,0,0.7492,,4,0,0,2,1.0,0
0.0544,21,0,0.0316,4191.0,9,0,5,1,0.0,0
0.3048,55,0,0.3851,6249.0,9,0,1,0,0.0,0
1.2761,56,0,0.455,6164.0,4,0,0,0,2.0,0
0.4222,23,0,0.2284,7139.0,3,0,2,0,2.0,1
0.5417,25,0,0.9105,9089.0,13,0,0,0,0.0,0
0.0498,38,0,0.0009,4657.0,11,0,2,0,2.0,0
0.5583,51,0,0.5098,3664.0,8,0,1,0,,0
0.5013,34,0,0.2346,,8,0,2,0,0.0,0
0.2827,70,0,0.3257,16104.0,8,0,0,0,2.0,0
0.657,36,0,0.4558,6810.0,7,0,1,0,1.0,0
0.3091,64,0,1.0509,1631.0,8,0,2,0,1.0,0
0.7287,23,0,1.215,1762.0,4,0,0,0,1.0,0
0.0255,71,0,0.9648,,13,0,1,0,2.0,0
0.4565,63,0,0.6137,1777.0,6,0,0,0,2.0,1
0.0523,29,0,0.3305,,11,0,1,0,0.0,0
0.8377,53,0,0.2803,4510.0,5,0,0,0,0.0,0
0.2181,60,0,0.0953,5592.0,8,0,0,0,1.0,0
0.2733,73,0,0.5776,9107.0,8,0,0,0,0.0,0
0.2875,31,0,0.3105,13668.0,9,0,0,0,0.0,0
1.0394,76,0,0.335,11622.0,8,0,1,0,0.0,0
3.3712,49,0,0.1142,5075.0,6,0,1,0,0.0,0
0.6694,84,0,0.4696,6055.0,2,0,2,0,1.0,0
2.4879,75,0,0.9954,23079.0,9,0,3,0,0.0,0
0.2369,21,0,0.631,7915.0,12,0,2,0,2.0,0
0.3019,61,0,0.5133,15058.0,11,0,2,0,0.0,1
0.3282,49,0,0.7293,4572.0,11,0,4,0,1.0,0
0.6953,65,0,0.7234,2139.0,8,0,1,0,1.0,0
0.2642,60,0,0.2905,5599.0,14,0,1,0,2.0,0
0.5593,56,0,1.0136,5051.0,9,0,0,0,0.0,0
0.6141,62,0,0.3186,3531.0,4,0,2,0,0.0,0
0.8754,38,0,0.7287,3979.0,8,0,0,0,0.0,0
0.2263,26,0,0.6453,3108.0,11,0,2,0,0.0,0
0.3984,61,0,0.67,,8,0,3,0,0.0,0
0.2003,56,0,0.4363,6896.0,6,0,0,0,0.0,0
0.057,69,0,0.1789,15522.0,8,0,1,0,1.0,0
0.0372,60,0,0.2485,15802.0,7,0,0,0,1.0,0
0.4616,46,0,0.1077,,8,0,2,0,0.0,0
0.4423,56,0,0.1591,6070.0,4,0,0,0,0.0,0
0.2749,71,0,0.3908,,7,0,1,0,0.0,0
0.1694,55,0,0.4597,5267.0,11,0,2,0,0.0,0
5.2331,23,0,0.805,,7,0,1,0,3.0,1
0.0726,72,0,0.1932,6873.0,5,0,4,0,1.0,0
0.1227,37,0,0.4602,17237.0,9,0,0,0,1.0,0
0.0547,44,0,0.0555,5742.0,13,0,1,0,1.0,0
0.3546,37,0,0.3348,15777.0,1,0,1,0,0.0,1
3.9231,55,3,0.698,4530.0,8,0,1,3,0.0,0
0.0428,47,0,0.7056,14524.0,9,0,1,0,,0
0.02,61,0,0.651,7367.0,6,0,1,0,1.0,0
2.5132,64,0,0.3518,4212.0,4,0,1,0,1.0,0
0.0096,30,0,0.2761,2405.0,13,0,2,0,1.0,0
0.5771,21,0,0.8068,2359.0,9,0,1,0,0.0,1
8.5729,43,0,0.2737,,11,0,1,0,0.0,0
0.2297,65,0,0.573,9429.0,10,0,2,0,0.0,0
0.1986,57,0,0.2903,5117.0,8,0,1,0,2.0,0
0.1526,62,0,0.5907,6574.0,8,0,0,0,1.0,0
0.0999,35,0,0.2792,3450.0,10,0,1,0,0.0,0
0.1858,35,0,0.3057,6965.0,9,0,1,0,0.0,0
0.1172,62,0,0.6215,13977.0,9,0,0,0,1.0,0
0.2185,36,0,0.1871,20406.0,5,0,0,0,0.0,0
0.8304,56,0,0.8581,,6,0,0,0,1.0,0
0.2933,30,0,0.8422,1464.0,7,0,1,0,1.0,0
1.2761,49,0,0.4179,,13,0,3,0,0.0,0
0.3912,42,0,0.6327,3171.0,13,0,0,0,2.0,0
0.5213,60,0,0.7176,12231.0,9,0,2,0,3.0,0
0.2311,29,0,0.2867,4888.0,9,0,1,0,0.0,0
0.2257,65,0,0.3281,7725.0,3,0,0,0,1.0,0
0.0098,53,0,0.5731,6556.0,7,0,0,0,0.0,0
0.702,64,0,0.3148,10244.0,13,0,2,0,0.0,0
0.3163,41,0,0.0488,2676.0,13,0,2,0,0.0,0
0.34,63,0,0.87,4791.0,10,0,0,0,0.0,0
0.0632,44,0,0.6824,5826.0,7,0,1,0,0.0,0
1.1679,72,0,0.2774,4955.0,8,0,0,0,2.0,0
0.2378,29,0,0.6912,4076.0,7,0,1,0,0.0,0
0.7781,29,0,0.4911,,8,0,0,0,0.0,0
0.1364,51,0,0.6868,4273.0,8,0,3,0,1.0,0
0.2986,54,0,0.2407,7477.0,13,0,1,0,1.0,0
0.0396,55,0,0.2946,,12,0,1,0,1.0,0
0.9699,60,0,0.3053,14049.0,9,0,1,0,0.0,0
0.3085,32,0,0.5462,7890.0,8,0,1,0,0.0,0
0.0941,76,0,0.279,4176.0,9,0,0,0,1.0,0
0.2726,51,0,0.2631,19547.0,8,0,2,0,1.0,0
0.3143,63,0,0.7389,,8,0,0,0,4.0,0
0.6578,53,0,0.2083,3502.0,6,0,0,0,3.0,0
0.1183,66,0,0.4758,9125.0,12,0,1,0,0.0,0
0.5851,95,0,0.4897,34447.0,3,0,0,0,0.0,0
0.4228,38,0,0.5411,,15,0,4,0,,0
0.0919,53,0,0.3598,,4,0,2,0,0.0,0
0.0307,49,0,0.3141,7223.0,5,0,2,0,1.0,0
0.6599,70,0,0.1299,6458.0,10,0,0,0,0.0,0
0.0062,62,0,0.6822,13109.0,6,0,0,0,0.0,0
0.3364,66,0,0.555,3617.0,8,0,2,0,0.0,0
0.95,46,0,0.2087,10097.0,3,0,2,0,0.0,0
0.2281,63,0,0.5471,5701.0,4,0,2,0,2.0,0
0.0015,40,0,0.3436,3271.0,2,0,3,0,0.0,0
0.587,44,0,0.1812,3696.0,9,0,0,0,0.0,0
0.1331,68,0,0.6031,14154.0,10,0,1,0,,0
0.1779,65,0,0.8912,,11,0,2,0,1.0,0
0.5032,67,0,0.3067,9977.0,6,0,0,0,0.0,0
0.1009,40,0,0.5686,,6,0,2,0,0.0,0
0.0542,62,0,0.5117,4158.0,10,0,1,0,2.0,0
0.8562,38,0,0.5877,8754.0,7,0,0,0,1.0,0
0.5452,53,0,0.2607,7125.0,8,0,0,0,0.0,0
0.7918,63,0,0.2603,5228.0,12,0,1,0,3.0,0
1.9862,57,0,0.3084,5840.0,7,0,2,0,2.0,0
0.2308,69,0,0.5485,9057.0,8,0,2,0,0.0,0
0.1477,30,0,0.3434,,9,0,1,0,0.0,0
0.3841,46,0,0.3346,2638.0,6,0,0,0,2.0,0
0.0328,34,0,0.2206,2903.0,8,0,0,0,0.0,0
0.5709,46,0,0.5388,1309.0,8,0,3,0,0.0,0
0.1382,52,0,0.6533,6286.0,11,0,0,0,1.0,0
0.7135,52,0,1.4447,2976.0,7,0,2,0,0.0,1
0.9894,64,0,0.6532,8199.0,6,0,1,0,1.0,0
1.1752,65,0,0.5187,,7,0,0,0,1.0,0
0.2906,45,0,0.5063,8162.0,9,0,2,0,0.0,0
0.5471,58,0,0.4454,6320.0,6,0,0,0,0.0,0
0.2412,75,0,0.2583,8416.0,16,0,0,0,1.0,0
0.1228,75,0,0.7224,4608.0,5,0,2,0,0.0,0
0.1484,52,0,0.7088,1618.0,4,0,0,0,1.0,0
0.1804,60,0,0.2959,3321.0,8,0,2,0,2.0,0
0.2759,52,0,0.7101,5795.0,9,0,1,0,3.0,0
0.3779,21,0,0.8429,5769.0,5,0,1,0,1.0,0
0.2723,34,0,0.279,13394.0,8,0,0,0,1.0,0
0.1095,45,0,0.6679,4470.0,3,0,0,0,1.0,0
0.5134,46,0,0.5759,7074.0,9,0,0,0,0.0,0
0.0158,47,0,0.4,1781.0,16,0,1,0,0.0,0
0.5663,42,0,0.5513,9803.0,7,0,0,0,0.0,0
0.2888,51,0,0.5892,2234.0,9,0,1,0,0.0,0
0.137,49,0,0.511,,15,0,1,0,1.0,0
0.1385,42,1,0.2224,6264.0,8,2,2,2,0.0,0
0.363,43,0,0.4361,6180.0,8,0,0,0,0.0,0
0.3595,42,0,0.1935,5588.0,9,0,0,0,1.0,0
0.2266,68,0,0.9219,10180.0,8,0,2,0,2.0,0
0.6818,59,0,0.5405,8532.0,18,0,2,0,1.0,0
0.2003,46,0,0.2104,1355.0,9,0,2,0,1.0,0
0.423,62,0,0.9085,3039.0,10,0,0,0,2.0,0
0.5378,45,1,0.4622,,6,0,0,0,0.0,0
0.149,49,0,0.5341,,14,0,1,0,0.0,0
0.0206,48,0,0.6333,,8,0,1,0,1.0,0
0.3536,68,0,0.5084,18562.0,7,0,0,0,0.0,0
2.8825,56,0,0.9544,12640.0,8,0,0,0,3.0,0
0.5427,46,0,0.7391,8916.0,9,0,1,0,1.0,0
1.1494,71,2,0.251,,6,0,1,0,1.0,0
0.1553,49,0,0.1438,7448.0,9,0,1,0,0.0,0
0.1983,37,0,0.3744,3932.0,10,0,3,0,1.0,0
0.2053,43,0,0.4143,5354.0,11,0,0,0,1.0,0
0.141,30,0,0.1759,1128.0,7,0,1,0,1.0,0
0.1779,42,0,0.8959,2743.0,8,0,1,0,2.0,0
0.1258,46,0,0.2666,7924.0,13,0,1,0,1.0,0
1.3896,36,0,0.3446,,10,0,0,0,1.0,0
0.3232,42,0,0.1459,6764.0,5,0,0,0,1.0,0
0.2114,37,0,0.6047,4638.0,7,0,1,0,0.0,0
0.3513,65,0,0.2148,11801.0,10,0,1,0,0.0,0
0.4377,29,0,0.5668,4785.0,6,0,4,0,1.0,1
0.6177,34,0,0.7229,24053.0,7,0,0,0,0.0,0
0.9979,53,0,0.2708,1155.0,9,0,0,0,1.0,0
0.4134,29,0,0.329,3292.0,6,0,1,0,1.0,0
0.8996,54,0,0.2429,3004.0,9,0,2,0,2.0,0
4.2183,36,0,0.648,3381.0,12,0,0,0,1.0,0
0.4155,58,0,0.0507,,8,0,2,0,0.0,0
0.0779,43,0,0.7153,7129.0,7,0,1,0,0.0,0
1.9638,45,1,0.9006,,7,0,3,0,0.0,0
0.3761,62,0,0.3666,12384.0,11,0,1,0,0.0,0
0.2919,52,0,0.5613,3743.0,8,0,0,0,2.0,0
0.8589,28,0,0.8876,,8,0,0,0,2.0,0
0.6696,53,0,0.1212,1591.0,6,0,0,0,0.0,0
0.135,48,0,0.6735,4966.0,8,0,1,0,0.0,0
0.4687,47,0,0.6752,6413.0,7,0,1,0,0.0,0
1.9213,45,0,0.9553,4666.0,14,0,0,0,1.0,0
0.2573,39,0,0.4159,,7,0,2,0,0.0,0
0.0512,55,0,0.6997,,9,0,2,0,1.0,0
0.2707,43,1,0.7547,6592.0,7,0,1,0,0.0,0
0.3563,77,0,0.327,,11,0,4,0,1.0,0
0.1063,76,0,0.4659,,5,0,1,0,0.0,0
3.4348,51,0,0.3187,28371.0,8,0,1,0,1.0,0
0.1575,64,0,0.7387,2496.0,10,0,0,0,4.0,0
7.3044,48,0,0.4122,10223.0,9,0,2,0,0.0,1
0.5901,46,0,0.414,,9,0,2,0,3.0,0
0.4305,52,0,0.2886,20671.0,6,0,1,0,2.0,0
0.9604,39,0,1.0949,9557.0,11,0,0,0,0.0,0
2.1305,40,3,0.32,5173.0,7,1,2,0,2.0,0
0.1936,80,0,0.7022,7688.0,10,0,1,0,0.0,0
2.1704,51,1,0.2129,8042.0,7,2,2,2,0.0,0
3.0395,59,0,0.5369,3741.0,10,0,2,0,0.0,1
0.3578,62,0,0.3855,3593.0,3,0,0,0,0.0,0
0.1539,40,0,0.3397,3240.0,5,0,1,0,1.0,0
0.0792,32,0,0.2912,4067.0,10,0,1,0,2.0,0
0.4229,74,0,0.579,4481.0,8,0,1,0,0.0,0
0.0403,55,0,0.5142,3680.0,8,0,2,0,0.0,0
0.0295,52,0,0.5471,2884.0,11,0,0,0,0.0,0
3.6454,58,2,0.9262,5831.0,8,0,3,0,0.0,0
1.2522,58,0,0.3996,4716.0,7,0,0,0,2.0,0
0.3756,66,0,0.4536,,9,0,0,0,0.0,0
0.0818,64,0,0.217,5579.0,7,0,1,0,1.0,0
1.9379,52,0,0.9326,9995.0,7,0,2,0,1.0,0
0.2751,52,0,0.7853,7333.0,14,0,0,0,2.0,0
0.6868,71,0,0.462,8453.0,12,0,1,0,2.0,0
0.8937,30,0,0.169,3640.0,12,0,0,0,0.0,0
4.5479,53,0,0.0974,5286.0,7,0,0,0,1.0,0
1.0174,36,0,0.9375,3026.0,6,0,2,0,1.0,0
0.6437,29,0,0.8385,7846.0,8,0,1,0,0.0,0
0.4762,42,0,0.5873,6956.0,6,0,3,0,3.0,0
0.1448,36,0,0.1992,8145.0,9,0,1,0,,0
0.9832,60,0,0.2532,7053.0,9,0,0,0,0.0,0
0.4669,25,0,0.1212,4021.0,6,0,0,0,0.0,0
0.123,69,0,0.575,7959.0,9,0,1,0,2.0,0
1.738,47,0,0.2515,,7,0,0,0,1.0,0
0.2646,63,0,0.1179,,11,0,1,0,2.0,0
0.465,43,0,0.6455,3869.0,13,0,0,0,2.0,0
0.2252,42,0,0.5627,,11,0,1,0,1.0,0
0.0451,47,0,0.9681,10451.0,8,0,0,0,1.0,0
0.3991,46,0,0.1681,5481.0,10,0,2,0,3.0,0
0.4461,47,0,0.4225,16712.0,5,0,1,0,0.0,0
0.0694,41,0,0.8019,2722.0,10,0,2,0,0.0,0
0.822,51,0,0.391,10485.0,9,0,0,0,1.0,0
0.0286,55,0,1.3742,,3,0,1,0,,0
0.169,58,0,0.3904,12366.0,8,0,1,0,1.0,0
0.8714,69,0,0.4068,,12,0,0,0,1.0,0
0.3711,54,0,0.5813,11994.0,8,0,0,0,0.0,0
0.92,61,0,0.6428,25610.0,10,1,1,0,1.0,0
0.698,72,0,0.4342,14362.0,7,0,3,0,,0
1.523,41,0,0.4203,6770.0,4,0,2,0,3.0,0
0.4189,61,0,0.32,10252.0,8,0,1,0,0.0,0
0.295,42,0,0.2707,7225.0,8,0,0,0,0.0,0
0.5508,42,0,0.7855,12120.0,9,0,1,0,0.0,0
0.9876,53,0,0.2577,5491.0,6,0,1,0,3.0,0
0.0818,21,0,0.293,9523.0,5,0,1,0,0.0,1
0.2707,48,0,0.2629,5657.0,13,0,1,0,3.0,0
6.02,41,0,0.468,10350.0,7,0,2,0,2.0,0
0.0956,31,0,0.3705,1818.0,11,0,2,0,1.0,0
0.2469,61,0,0.5832,8587.0,9,0,2,0,0.0,0
0.2577,42,0,0.0646,4484.0,8,0,0,0,2.0,0
0.003,59,0,1.105,8103.0,6,0,2,0,1.0,0
0.1227,63,0,0.5229,11440.0,7,0,1,0,0.0,0
0.3209,64,0,0.5985,5125.0,5,0,1,0,0.0,0
0.1873,85,0,0.4205,10161.0,13,0,3,0,0.0,0
0.5315,43,0,0.267,4511.0,9,0,3,0,0.0,0
0.4801,35,0,0.1406,4659.0,12,0,1,0,,0
0.4833,82,0,0.3811,12393.0,7,0,2,0,0.0,0
0.4725,48,0,0.9177,18735.0,3,0,0,0,0.0,0
0.4681,49,0,0.2915,2936.0,7,0,2,0,1.0,0
1.1074,64,0,0.213,6766.0,8,0,1,0,1.0,0
2.9957,51,0,0.3758,4868.0,11,0,1,0,0.0,0
0.0169,49,0,0.6262,10806.0,9,0,1,0,1.0,0
1.1108,65,0,0.8079,5863.0,11,0,1,0,2.0,0
0.0124,34,0,0.6686,3833.0,10,0,1,0,0.0,0
0.8317,36,0,0.5504,6882.0,11,0,1,0,0.0,0
0.3732,52,0,1.0792,,12,0,1,0,0.0,0
0.8043,25,0,0.932,4390.0,9,0,1,0,0.0,0
0.5087,28,0,0.139,3067.0,5,0,1,0,2.0,0
0.134,75,0,0.5395,,9,0,1,0,1.0,0
0.4161,30,0,0.0825,30514.0,4,0,1,0,1.0,0
4.1631,45,0,0.7221,4007.0,3,0,1,0,3.0,0
0.4484,63,2,0.4942,6180.0,9,0,2,0,0.0,0
0.52,65,0,0.4843,3425.0,6,0,1,0,1.0,1
1.0691,58,0,0.2371,8406.0,10,0,4,0,0.0,0
0.7345,45,0,0.4358,,7,0,0,0,0.0,0
1.2107,40,0,0.6818,7279.0,3,0,2,0,0.0,0
6.3843,48,0,0.7579,5895.0,9,0,0,0,0.0,0
0.7677,56,0,0.6594,2194.0,12,0,0,0,0.0,1
1.1502,33,0,0.2688,14619.0,13,0,0,0,0.0,0
0.2317,60,0,1.0936,8495.0,10,0,1,0,0.0,0
0.6749,52,0,0.1278,,7,0,1,0,0.0,1
0.0254,43,0,0.2515,5787.0,4,0,0,0,,0
4.5634,60,3,0.6218,,7,0,0,0,2.0,0
0.1289,71,0,0.7932,,6,0,1,0,0.0,0
0.3259,54,0,0.3503,4007.0,9,0,0,0,1.0,0
3.5836,53,0,0.3894,8755.0,11,0,2,0,0.0,0
0.2767,46,0,0.9372,,10,0,3,0,1.0,0
0.2838,29,0,0.4059,7288.0,8,0,1,0,,0
0.0908,39,0,0.6541,6326.0,7,0,3,0,2.0,0
1.8985,51,0,0.2593,4692.0,7,0,1,0,2.0,0
0.5964,32,0,0.054,4058.0,11,0,3,0,0.0,1
0.2983,43,0,0.5573,8347.0,8,0,0,0,,0
0.1042,36,0,0.504,4368.0,6,0,0,0,0.0,0
0.5061,53,0,0.1232,13285.0,5,0,0,0,1.0,0
1.1238,61,0,0.7463,,12,0,0,0,1.0,0
0.144,61,0,0.2173,3547.0,5,0,1,0,0.0,0
0.6254,72,0,0.8891,4012.0,7,0,1,0,0.0,0
0.1066,35,0,0.3198,,6,0,2,0,2.0,0
0.3698,64,0,0.2176,,14,0,1,0,0.0,0
0.3795,55,0,0.7813,14828.0,5,0,1,0,0.0,0
0.0572,57,0,0.732,6428.0,7,0,2,0,0.0,0
0.146,73,0,0.6194,1776.0,5,0,2,0,1.0,0
0.1679,27,0,0.2594,5377.0,9,0,0,0,2.0,0
0.3808,50,0,0.6594,2509.0,10,0,0,0,0.0,0
0.2236,45,0,0.6003,5894.0,5,0,0,0,0.0,0
0.4706,38,0,0.4631,17102.0,7,0,0,0,0.0,0
1.3843,49,0,0.3624,4360.0,10,0,0,0,0.0,0
3.3226,57,0,0.6914,3221.0,11,0,1,0,2.0,1
0.3209,52,0,0.8456,8908.0,5,0,2,0,2.0,0
0.3912,28,0,0.7768,4005.0,10,0,1,0,0.0,0
0.7511,48,0,0.0717,4659.0,7,0,1,0,0.0,0
0.2549,36,0,0.9674,2266.0,7,0,0,0,1.0,0
0.7531,39,0,0.8062,10140.0,7,0,1,0,1.0,0
0.6982,39,0,0.5473,6115.0,6,0,1,0,0.0,0
0.5266,76,0,0.188,4086.0,8,0,1,0,0.0,0
0.1609,45,0,0.5271,11518.0,7,0,1,0,2.0,0
0.2376,45,0,0.3633,6772.0,6,0,0,0,2.0,0
0.1343,52,0,0.6547,,5,0,2,0,1.0,0
0.2265,43,0,0.2431,21598.0,6,0,0,0,1.0,0
0.8653,66,0,0.2949,,6,0,1,0,0.0,0
0.0648,60,0,0.9985,8563.0,11,0,2,0,2.0,0
1.1691,57,0,0.166,10888.0,7,0,1,0,0.0,0
0.4652,51,0,0.5727,,12,0,1,0,1.0,0
0.307,61,0,0.5126,5443.0,7,0,1,0,0.0,0
0.462,50,0,0.0536,2766.0,9,0,0,0,1.0,0
0.1262,63,0,0.1783,2146.0,4,0,1,0,1.0,0
1.2854,55,0,0.8087,2625.0,4,0,0,0,1.0,1
0.4797,43,0,0.3366,2023.0,9,0,0,0,1.0,0
0.5263,51,0,0.2218,3880.0,8,0,0,0,0.0,0
0.4306,63,0,0.6919,,7,0,2,0,,1
0.5611,54,0,0.3524,,10,0,3,0,1.0,0
0.0175,40,0,0.2231,,7,0,1,0,0.0,0
0.4471,80,1,0.5371,13099.0,10,0,2,0,0.0,0
0.6317,46,0,0.7885,3078.0,9,0,1,0,0.0,0
0.8826,53,0,0.4074,4596.0,11,0,2,0,0.0,0
0.1775,51,0,0.5614,2222.0,9,0,1,0,1.0,0
0.83,81,0,0.8492,2450.0,11,0,0,0,1.0,1
0.5696,50,0,0.9779,4603.0,12,0,0,0,3.0,0
1.2533,64,0,0.5291,,7,0,1,0,1.0,1
0.651,64,0,0.7602,7715.0,9,0,0,0,0.0,0
0.3707,36,0,0.0608,4033.0,9,0,2,0,0.0,0
0.0443,75,0,0.8504,10676.0,8,0,0,0,1.0,0
0.0584,54,0,0.9789,4104.0,6,0,4,0,1.0,0
0.3066,52,0,0.4039,20724.0,3,0,3,0,2.0,0
0.396,57,0,0.7371,,12,0,2,0,0.0,0
0.3604,82,0,0.6394,20103.0,10,0,0,0,0.0,0
0.6447,52,0,0.9067,6050.0,3,0,2,0,0.0,0
5.1064,55,0,0.2086,6200.0,5,0,1,0,0.0,0
1.1846,63,0,0.5524,5172.0,5,0,0,0,0.0,0
0.0855,56,0,0.7187,3655.0,14,0,1,0,1.0,0
0.1978,68,0,0.4986,6840.0,11,0,1,0,2.0,0
4.2378,58,0,0.5936,9510.0,9,0,0,0,1.0,0
0.2707,68,0,0.673,,8,0,0,0,0.0,0
0.0697,61,0,0.1785,,8,0,2,0,1.0,0
4.7536,54,0,0.3322,,9,0,0,0,4.0,0
0.7428,67,0,1.2759,5511.0,7,0,1,0,1.0,0
0.8586,63,0,0.3545,9741.0,14,0,1,0,0.0,0
0.6226,50,0,0.2352,3084.0,8,0,1,0,0.0,0
0.246,42,0,0.7661,,7,0,4,0,0.0,0
0.5592,55,0,0.2472,,8,0,2,0,0.0,1
0.4944,69,0,0.8613,13422.0,9,0,0,0,1.0,0
0.5269,38,0,0.6194,4652.0,8,0,5,0,1.0,1
0.0682,50,0,0.5202,1152.0,13,0,1,0,2.0,0
0.0719,51,0,0.3897,,5,0,2,0,0.0,0
4.9246,67,0,0.6549,,3,0,0,0,0.0,0
4.3318,37,0,0.7611,5067.0,8,0,1,0,1.0,0
0.1556,67,0,0.5129,7996.0,3,0,3,0,0.0,0
0.2455,43,0,0.5072,1306.0,8,0,0,0,0.0,0
0.1714,53,0,0.1645,4408.0,9,0,0,0,0.0,0
10.2343,64,0,0.7075,10338.0,5,0,0,0,,0
0.3392,74,0,0.3308,,18,0,0,0,2.0,0
0.2665,69,0,0.3787,,8,0,2,0,0.0,0
2.3817,44,1,0.5124,2528.0,6,0,1,0,0.0,0
0.2196,39,2,0.087,2761.0,11,0,1,1,0.0,0
0.654,79,0,0.1272,14273.0,13,0,1,0,0.0,0
0.1065,34,0,0.6171,,10,0,4,0,1.0,0
0.5789,76,0,0.7063,3794.0,8,0,3,0,0.0,0
0.7853,66,0,0.2929,,9,0,0,0,1.0,0
0.6245,65,0,0.524,5451.0,16,0,0,0,1.0,0
0.6247,63,0,0.3995,,9,0,1,0,1.0,0
0.6639,40,0,0.623,,10,0,2,0,0.0,1
5.2925,48,0,0.5392,8418.0,14,0,2,0,0.0,0
0.0757,79,0,0.3546,17187.0,7,0,1,0,2.0,0
0.0157,35,1,0.4439,8073.0,4,0,1,0,0.0,0
0.4819,74,0,0.1595,4669.0,6,0,0,0,0.0,1
0.2926,77,0,0.5594,,6,0,0,0,1.0,0
0.532,40,0,0.1866,10901.0,2,0,0,0,1.0,0
0.6645,66,0,0.4843,4055.0,10,0,2,0,0.0,0
0.1429,79,0,0.4437,12094.0,4,0,0,0,1.0,0
0.2675,80,0,0.5748,3191.0,9,0,1,0,2.0,0
0.0128,23,0,0.3226,6214.0,8,0,0,0,1.0,0
0.106,67,0,0.7341,9614.0,3,0,3,0,0.0,0
0.3151,57,0,0.4401,4520.0,6,0,2,0,1.0,0
0.1881,71,0,0.6007,,9,0,2,0,0.0,0
0.0447,59,0,0.4641,4024.0,6,0,1,0,1.0,0
0.3137,54,1,0.469,5505.0,3,0,1,1,0.0,0
0.2888,83,0,0.1134,,8,0,1,0,0.0,0
0.1218,56,0,0.7962,,6,0,0,0,2.0,0
0.4554,80,0,0.2203,9213.0,9,0,1,0,3.0,0
0.1725,63,0,0.6938,,9,0,1,0,1.0,0
0.7235,38,0,0.2265,22829.0,8,0,0,0,0.0,0
0.6332,59,0,0.1864,3538.0,7,0,0,0,0.0,0
5.0705,75,0,0.2875,16913.0,7,0,1,0,1.0,0
3.0166,40,0,1.3759,5946.0,9,0,1,0,0.0,0
0.4318,56,0,0.8479,4434.0,6,0,1,0,1.0,0
0.2975,21,0,0.7528,6161.0,10,0,2,0,0.0,0
0.1278,40,0,0.3897,4838.0,6,0,1,0,0.0,0
0.2396,34,0,0.1417,3708.0,4,0,0,0,2.0,0
0.2284,36,1,0.1963,8135.0,9,0,4,1,1.0,0
0.3018,70,0,1.3567,4542.0,9,0,0,0,1.0,0
0.4689,46,0,0.3751,6369.0,6,0,0,0,0.0,0
3.2145,46,0,0.076,5857.0,11,0,1,0,0.0,0
0.3558,42,0,0.3189,4724.0,11,0,0,0,1.0,0
1.2948,62,0,0.428,,9,0,2,0,1.0,0
0.6494,76,0,1.0023,4719.0,10,0,3,0,1.0,1
0.8178,61,0,0.7693,,6,0,0,0,0.0,1
0.0828,64,0,0.2828,4814.0,9,0,0,0,0.0,0
1.5779,68,0,0.5497,5230.0,2,0,3,0,0.0,0
0.3689,55,0,0.7745,7011.0,9,0,2,0,0.0,0
1.105,28,0,0.8219,,6,0,0,0,0.0,1
0.1028,69,0,0.3467,11508.0,11,0,0,0,1.0,0
0.6034,49,0,0.9545,2326.0,16,0,0,0,0.0,1
0.8539,27,0,0.5815,,8,0,1,0,1.0,1
2.953,60,0,0.8684,,8,0,1,0,,0
0.4385,81,0,0.2534,,8,0,1,0,0.0,0
0.4862,70,0,0.6326,3883.0,9,0,2,0,1.0,0
0.407,31,0,0.8673,3620.0,9,1,2,0,0.0,0
1.9007,51,0,0.3749,6451.0,9,0,0,0,0.0,0
0.2832,43,0,0.4991,,10,0,0,0,0.0,0
0.299,34,0,0.416,2592.0,12,0,1,0,1.0,0
0.1099,50,0,0.5347,2935.0,8,0,0,1,0.0,1
0.0335,50,0,0.9679,3337.0,11,0,0,0,0.0,0
0.9934,36,0,0.4729,8603.0,10,0,0,0,0.0,0
0.295,46,0,0.6724,,7,0,1,0,1.0,0
0.5548,48,0,0.7101,3360.0,6,0,0,0,0.0,1
0.5403,38,0,0.554,5908.0,5,0,0,0,1.0,0
0.0704,27,0,0.3781,12179.0,3,0,0,0,2.0,0
0.2314,41,0,0.4422,1359.0,7,0,0,0,0.0,0
0.1766,29,0,0.0976,3410.0,11,0,0,0,0.0,0
1.6197,56,0,0.191,2446.0,8,0,1,0,0.0,0
0.3038,52,0,0.1946,,7,0,0,0,0.0,0
0.2095,70,0,0.2003,,6,0,1,0,2.0,0
0.8601,21,1,0.0602,7175.0,12,0,0,0,0.0,0
0.3253,70,0,0.6223,5850.0,9,0,0,0,2.0,0
1.5234,35,0,0.7581,4009.0,4,0,0,0,1.0,1
0.0936,51,0,0.6357,3877.0,7,0,0,0,0.0,0
0.2816,47,0,0.8707,,7,0,0,0,3.0,0
4.9099,33,0,0.7048,,12,0,2,0,0.0,0
2.047,56,0,0.8082,3776.0,8,0,1,0,1.0,0
1.6233,53,0,0.3301,5800.0,8,0,0,0,3.0,0
0.2929,79,0,0.3882,,8,0,2,0,1.0,0
0.366,54,0,0.3688,3404.0,9,0,3,0,1.0,0
0.0898,47,0,0.5335,3865.0,6,0,0,0,0.0,0
0.6181,41,0,0.2213,1842.0,8,0,1,0,0.0,0
0.0113,42,0,0.6799,6218.0,8,0,1,0,0.0,0
0.0387,21,0,0.4405,,9,0,0,0,0.0,0
0.943,43,0,0.7065,7928.0,9,0,0,0,0.0,0
2.0967,59,0,0.0811,17280.0,11,0,0,0,1.0,0
0.3253,41,0,0.6486,,10,0,2,0,0.0,0
0.3798,66,0,0.3119,7274.0,9,0,2,0,2.0,0
0.2941,52,0,0.7489,3146.0,13,0,1,0,,0
0.1251,62,0,0.1419,5124.0,8,0,0,0,1.0,0
0.3163,48,0,0.1281,4251.0,7,0,0,0,1.0,0
0.0237,41,3,0.7786,6799.0,8,0,0,0,2.0,0
0.056,70,0,0.147,4568.0,7,0,1,0,1.0,0
0.1896,51,0,0.597,15001.0,7,0,1,0,0.0,0
0.239,68,0,0.5821,6775.0,4,0,0,0,0.0,0
0.6542,46,2,0.7558,5637.0,8,0,0,0,0.0,0
0.8642,21,0,0.5941,6999.0,4,0,0,0,4.0,0
0.1433,76,0,0.4514,7902.0,9,0,1,0,0.0,0
0.5769,39,0,0.4792,2465.0,10,0,0,0,1.0,0
0.5284,33,0,0.5611,5025.0,7,0,1,0,1.0,0
0.2882,63,0,0.5491,10532.0,8,0,0,0,0.0,0
0.4334,26,0,0.0374,9679.0,9,0,0,0,0.0,0
0.5978,66,0,0.6412,5458.0,10,0,0,0,0.0,0
1.9057,53,1,0.2778,4862.0,7,0,1,1,3.0,0
0.0891,56,0,0.6098,,8,0,1,0,1.0,0
0.4073,58,0,0.3761,6762.0,10,0,1,0,0.0,0
0.536,36,0,0.3749,,7,0,3,0,0.0,0
0.3951,37,0,0.2986,2038.0,9,0,1,0,1.0,0
0.6609,65,0,0.8316,3854.0,2,0,1,0,0.0,0
0.8561,43,0,0.3892,8961.0,3,0,1,0,0.0,0
0.5098,48,0,0.9415,7474.0,14,0,3,0,3.0,0
0.5876,54,0,0.8012,6942.0,7,0,0,0,1.0,0
0.3254,62,0,0.656,7099.0,10,0,1,0,3.0,0
6.1519,28,0,0.4214,5289.0,7,0,1,0,0.0,0
1.5742,59,0,0.128,2947.0,6,0,0,0,1.0,0
0.6875,67,0,0.3715,,8,0,0,0,2.0,0
0.6566,58,0,1.1262,8604.0,5,0,1,0,0.0,0
0.6155,71,0,0.0912,,9,0,2,0,0.0,0
0.085,48,0,0.4361,6147.0,10,0,1,0,0.0,0
1.0823,30,0,0.8119,3143.0,7,0,0,0,1.0,0
7.1793,60,0,0.6695,4075.0,6,0,1,0,0.0,0
0.8092,52,2,0.2058,,7,0,1,0,0.0,0
1.5017,78,0,0.502,13697.0,3,0,2,0,2.0,0
0.6386,56,0,0.4161,,8,0,2,0,0.0,0
0.0328,64,0,1.0309,1849.0,3,0,1,0,1.0,0
0.1569,47,0,0.2413,3491.0,12,0,1,0,,0
2.9689,53,0,0.9536,19006.0,7,0,1,1,1.0,0
0.4973,69,0,0.2469,12784.0,5,0,0,0,0.0,0
0.2388,61,0,0.234,9081.0,11,0,0,0,3.0,0
0.597,92,0,0.9253,,9,0,0,0,,1
0.2824,65,0,0.6982,3518.0,2,0,0,0,0.0,0
1.1767,53,0,0.6351,5125.0,10,0,3,0,1.0,1
0.1892,56,0,0.9874,2996.0,9,0,3,0,,0
0.3182,62,0,0.2918,3352.0,13,0,0,0,1.0,0
3.9907,72,1,0.5551,,11,0,0,0,0.0,0
2.1422,50,2,0.2478,,10,0,1,0,1.0,0
0.2218,28,0,0.2632,5313.0,8,0,0,0,0.0,0
0.763,64,0,0.488,14740.0,9,0,2,0,0.0,0
0.598,67,0,0.1284,4585.0,6,0,0,0,,0
0.1582,47,1,0.5392,10388.0,8,0,0,0,0.0,0
0.8607,72,0,0.5058,15028.0,14,0,2,0,0.0,0
0.5167,65,2,0.2224,5448.0,12,0,2,0,1.0,0
0.3018,57,0,0.2729,2450.0,11,0,0,0,0.0,0
0.1586,46,0,0.7339,5537.0,10,0,0,0,2.0,0
0.205,40,0,0.2186,4893.0,6,0,1,0,1.0,0
0.2547,61,0,0.6565,6223.0,7,0,0,0,0.0,0
0.2212,57,0,0.2997,1664.0,6,0,2,0,2.0,0
0.2473,48,0,0.5488,11825.0,9,0,0,0,1.0,0
0.0576,29,0,0.2863,6049.0,4,0,1,0,2.0,0
4.5501,61,3,0.9667,2445.0,8,0,3,2,3.0,0
0.1884,62,0,0.4079,,11,0,0,0,0.0,0
0.6899,56,0,0.2578,,9,0,1,0,1.0,0
0.7098,51,0,0.4719,,5,0,1,0,1.0,0
4.8893,38,0,0.0724,1684.0,4,0,0,0,1.0,0
0.2177,62,0,0.2879,6821.0,8,0,1,0,0.0,0
0.5523,78,0,0.7183,,8,0,0,0,1.0,0
0.2522,40,0,0.5784,4130.0,7,0,1,0,0.0,0
0.2701,41,0,0.7624,5018.0,4,0,3,0,0.0,0
0.2,47,0,0.3316,,7,0,0,0,0.0,0
0.2461,70,0,1.0701,5083.0,10,0,0,0,1.0,0
0.1948,73,0,0.1925,,7,0,2,0,1.0,0
1.1043,51,0,0.4084,8514.0,5,0,2,0,1.0,0
0.2543,52,0,0.6006,,13,0,1,0,1.0,0
0.4452,53,0,0.3356,5896.0,8,0,1,0,1.0,0
0.4129,32,0,0.2734,3783.0,11,0,0,2,0.0,0
0.2485,30,0,0.6191,4689.0,10,0,1,0,0.0,0
0.1988,58,0,0.7624,,14,0,2,0,0.0,0
1.5395,81,0,0.7482,2549.0,21,0,3,0,0.0,0
0.5829,88,0,0.5268,,9,0,2,0,3.0,0
0.2095,49,0,0.2553,11349.0,6,0,1,0,1.0,0
0.5118,41,0,0.5522,,6,0,2,0,0.0,0
1.6706,38,0,0.5759,4790.0,10,0,2,0,0.0,0
0.2562,83,0,0.6169,2439.0,13,0,1,0,1.0,0
0.1073,36,0,0.2559,8340.0,2,0,1,0,2.0,0
0.6004,52,0,0.3331,21132.0,8,0,1,0,,0
8.1642,67,0,1.1882,4184.0,9,0,1,0,0.0,1
0.7534,52,0,0.362,15444.0,7,0,0,0,0.0,0
0.3256,73,0,0.6716,,10,0,0,0,0.0,0
1.0567,33,0,0.165,5570.0,4,0,0,0,2.0,0
0.6663,42,0,0.4227,,9,0,2,0,0.0,0
0.4114,45,0,0.2755,3613.0,7,0,2,0,0.0,0
0.9665,50,0,0.5826,8251.0,6,0,1,0,1.0,0
0.7009,67,0,0.5131,,9,0,0,0,,0
0.3038,22,0,0.3513,4901.0,8,0,1,0,0.0,0
0.7122,50,0,0.6069,3394.0,5,0,4,0,1.0,0
0.7516,58,0,0.8236,4349.0,6,0,2,0,2.0,0
0.7699,65,0,0.6743,5468.0,11,0,0,0,0.0,0
0.2254,44,3,0.5083,8721.0,5,0,0,1,1.0,0
0.1059,51,0,0.3371,1173.0,10,0,4,0,2.0,0
0.3881,55,0,0.1826,3603.0,8,0,0,0,1.0,0
5.2655,61,2,0.7129,1603.0,6,0,3,0,1.0,0
0.2444,75,0,1.1001,,7,0,1,0,0.0,0
0.3513,51,0,0.1725,11812.0,10,0,0,0,0.0,0
0.2048,61,0,0.1072,2459.0,10,0,0,0,0.0,0
1.0606,24,0,0.4713,,6,0,1,0,1.0,1
0.1675,49,0,0.9649,6133.0,5,0,2,0,0.0,0
0.3401,62,0,0.3955,10311.0,8,0,0,0,2.0,0
0.1082,68,0,0.1118,3860.0,5,0,2,0,3.0,0
1.0008,28,0,0.3331,4564.0,8,0,0,0,1.0,0
0.3687,51,0,0.3102,5271.0,9,0,3,0,0.0,0
0.2821,45,0,0.4248,8557.0,7,0,1,0,1.0,0
0.9978,69,0,0.3433,,14,0,0,0,0.0,0
0.173,30,0,0.5327,2537.0,4,0,1,0,1.0,0
1.7132,61,0,0.1089,8876.0,6,0,1,0,0.0,0
0.0115,58,0,0.8988,7311.0,13,0,1,0,1.0,0
0.7059,63,0,0.6029,2518.0,3,0,1,0,0.0,0
0.1832,54,0,0.848,1771.0,7,0,1,0,1.0,0
0.0773,60,0,0.7185,1917.0,7,0,0,0,1.0,0
0.3164,63,0,0.7051,8274.0,8,0,2,0,1.0,0
0.4022,43,0,0.5176,6469.0,6,0,0,0,0.0,0
0.6607,50,0,0.5863,12117.0,12,0,0,0,1.0,0
0.0765,64,0,0.6226,,15,0,1,0,1.0,0
0.6636,55,0,0.3593,6219.0,11,0,3,0,1.0,0
0.1134,24,0,0.0861,1337.0,7,0,1,0,1.0,0
0.1662,31,0,0.5291,2547.0,6,0,0,0,0.0,0
0.0885,72,0,0.8925,9226.0,5,0,3,0,1.0,0
0.0915,46,0,0.2706,5735.0,9,0,0,0,0.0,0
1.213,21,0,0.6792,,10,0,2,0,0.0,0
0.004,45,0,0.5932,,8,0,1,0,0.0,0
0.6291,63,0,1.1504,5615.0,7,0,1,0,1.0,0
0.2115,44,0,0.6057,18665.0,7,0,1,0,1.0,0
1.2231,72,1,0.2252,6702.0,12,1,1,0,0.0,0
0.319,37,0,0.624,5390.0,10,0,0,0,0.0,0
1.0746,59,2,0.0743,2383.0,11,1,1,0,,0
0.3516,64,0,0.5266,,8,0,1,0,0.0,0
2.1675,56,1,0.0301,,13,0,1,0,1.0,0
0.3421,61,0,0.8765,4512.0,6,0,1,0,0.0,0
0.4541,77,0,0.2076,3151.0,12,0,1,0,,0
0.3443,60,0,0.5057,,6,0,0,0,0.0,0
0.1957,26,0,0.5741,2422.0,6,0,2,0,0.0,0
0.0061,51,0,0.6063,6826.0,5,0,1,0,0.0,0
0.5553,59,0,0.2256,,9,0,1,0,0.0,0
0.3493,69,0,0.358,5004.0,4,0,0,0,0.0,0
0.2425,58,0,0.3914,5536.0,6,0,2,0,2.0,0
0.1894,56,0,0.5679,3397.0,7,0,3,0,0.0,0
0.3378,62,0,0.5842,3571.0,10,0,0,0,0.0,0
0.3095,57,0,0.0633,7035.0,6,0,2,0,1.0,0
0.0545,39,0,0.4095,,11,0,1,0,0.0,0
0.038,68,0,0.4451,5211.0,9,0,1,0,0.0,0
0.6064,42,0,0.0959,3056.0,13,0,1,0,0.0,0
0.5789,30,0,0.7999,4840.0,10,0,3,0,0.0,0
0.1245,56,0,0.6991,,14,0,1,0,0.0,0
0.4376,42,0,0.4503,2220.0,8,0,0,0,1.0,0
0.3984,54,0,0.9395,22275.0,9,0,2,0,0.0,0
0.3168,32,0,0.099,4855.0,6,0,2,0,2.0,0
0.2869,54,0,0.0845,6952.0,8,0,2,0,1.0,0
0.5958,47,0,1.0082,3285.0,3,0,0,0,1.0,0
0.1865,50,0,0.7525,8757.0,7,0,1,0,,0
0.9416,54,0,0.1515,,12,0,2,0,0.0,0
0.3764,49,0,1.0713,10720.0,4,0,0,0,0.0,0
0.7276,42,0,0.6686,,5,0,0,0,1.0,0
0.2286,35,0,0.4432,1720.0,10,0,3,0,2.0,0
0.4904,58,0,0.3449,4116.0,10,0,3,0,1.0,0
0.1869,42,0,0.3169,,9,0,0,0,1.0,0
0.538,30,0,0.365,5726.0,3,0,0,0,1.0,0
5.6599,45,1,0.5693,4963.0,8,0,1,0,2.0,0
0.8373,42,4,0.6684,4854.0,8,2,0,0,1.0,0
0.6919,44,0,0.2047,3134.0,12,0,2,2,1.0,0
0.2394,65,0,1.288,2758.0,8,0,1,0,2.0,0
0.2351,39,0,0.2048,4049.0,10,0,0,0,0.0,0
2.9928,76,0,0.4297,9357.0,6,0,1,1,0.0,0
0.3234,52,0,0.3201,,11,0,2,0,1.0,0
1.1725,46,0,0.7564,4297.0,4,0,1,0,0.0,0
0.2127,69,0,0.0352,5822.0,9,0,0,0,0.0,1
5.31,50,0,0.67,5155.0,8,0,0,0,4.0,0
0.2723,45,0,0.6467,,5,0,0,0,0.0,0
0.2284,49,0,0.7145,1656.0,6,0,0,0,1.0,0
1.4187,95,0,0.9119,,8,0,0,0,1.0,0
1.2701,21,0,0.2564,9421.0,5,0,3,0,5.0,0
0.311,52,0,0.5158,17006.0,6,0,2,0,0.0,0
0.4767,68,0,0.8997,2969.0,13,0,0,0,2.0,0
0.2742,58,0,0.2009,6392.0,5,0,2,0,1.0,0
0.413,58,0,0.3614,5654.0,7,0,1,0,1.0,0
0.9599,64,0,0.5771,,4,0,0,0,0.0,1
0.1562,63,0,0.1463,,10,0,0,1,1.0,0
5.0039,49,0,0.2507,8585.0,9,0,1,0,0.0,0
0.5919,63,0,0.0358,3245.0,15,0,0,0,0.0,0
1.4486,53,0,0.1426,9468.0,10,0,0,0,0.0,0
0.8857,56,0,0.2967,2095.0,8,0,1,0,1.0,0
0.1632,39,0,0.4203,,10,0,2,0,0.0,0
0.168,42,0,0.3336,6485.0,8,0,0,0,0.0,0
0.9554,44,0,0.5704,,9,0,0,0,0.0,0
4.2089,40,0,0.2025,3905.0,9,0,0,0,1.0,0
3.7073,36,0,0.3902,6351.0,15,0,0,0,2.0,0
6.0809,64,0,0.1774,9462.0,4,0,1,0,1.0,0
0.3753,42,0,0.4731,,6,0,2,0,0.0,0
0.0119,36,0,0.5832,5546.0,10,0,0,0,3.0,0
0.2897,55,0,0.0288,8116.0,9,0,1,0,0.0,0
0.0398,39,0,0.3484,3814.0,8,0,3,0,1.0,0
0.6413,60,0,0.5705,16999.0,12,0,0,0,0.0,0
0.3989,56,0,0.2397,7947.0,5,0,0,0,2.0,0
0.7683,58,0,0.8788,6666.0,9,0,2,0,2.0,0
0.9548,39,0,0.1846,5335.0,14,0,0,0,1.0,0
0.3611,45,0,0.3786,3083.0,10,0,1,0,0.0,0
0.5167,59,0,0.4782,9731.0,4,0,1,0,3.0,0
0.51,30,0,0.6222,5497.0,4,0,1,0,3.0,0
0.249,57,0,0.5208,11190.0,8,1,1,0,0.0,0
0.4442,52,0,0.2087,3052.0,6,0,0,0,0.0,0
0.0356,70,0,0.5549,1693.0,11,0,0,0,0.0,0
0.6925,30,0,0.4361,4361.0,8,0,1,0,0.0,0
2.9335,45,0,0.2723,6614.0,10,0,0,0,1.0,0
0.4204,54,0,0.199,8059.0,6,0,3,0,0.0,0
2.341,70,0,0.6175,2119.0,10,0,1,0,0.0,0
0.4628,63,0,0.3769,13187.0,8,0,0,0,3.0,0
0.2815,43,0,0.7188,4701.0,3,0,0,0,0.0,0
3.5146,55,0,0.9063,3531.0,12,0,4,0,0.0,0
0.4788,64,0,0.4417,,11,0,1,0,0.0,0
1.187,64,0,0.5406,5327.0,6,0,0,0,1.0,0
0.1872,69,0,0.4991,1808.0,9,0,2,0,1.0,0
0.0192,37,0,0.587,4498.0,7,0,1,0,1.0,0
0.0344,78,0,0.0756,7172.0,9,0,1,0,1.0,0
0.6221,39,0,0.609,,6,0,0,0,0.0,0
1.8825,55,0,0.4612,5657.0,9,0,1,0,1.0,0
0.4759,44,0,0.5305,7570.0,2,0,1,0,0.0,0
0.0452,51,0,0.4073,5393.0,6,0,1,0,2.0,0
2.283,47,0,0.1686,2507.0,8,0,3,0,0.0,0
0.5565,76,0,0.7671,1824.0,15,0,1,0,1.0,0
0.3877,35,0,0.1884,9733.0,11,0,2,0,2.0,0
3.5172,27,0,0.496,20282.0,7,0,0,0,0.0,0
0.5591,38,0,0.8863,15136.0,3,0,0,0,0.0,0
0.3176,38,0,0.483,2178.0,6,0,0,0,0.0,0
0.2997,59,0,0.6004,1976.0,5,0,0,0,2.0,0
0.1185,49,0,0.6885,5132.0,10,0,1,0,0.0,0
0.1527,57,0,0.1717,4491.0,5,0,0,0,0.0,0
0.3412,56,0,0.4997,5888.0,7,0,3,0,2.0,0
0.1783,40,0,0.0867,6061.0,5,0,1,0,2.0,0
0.7018,42,0,0.8909,6603.0,11,0,0,0,0.0,0
3.4616,36,0,0.2507,5229.0,8,0,1,0,0.0,0
0.7102,62,0,0.3874,3587.0,7,0,0,0,1.0,0
0.5306,34,0,1.0649,7385.0,6,0,2,0,0.0,0
0.8733,23,0,0.0408,8880.0,9,0,0,0,0.0,1
0.4613,41,0,0.645,5150.0,12,0,3,0,0.0,0
0.352,72,0,0.197,5557.0,8,0,0,0,2.0,0
0.7164,39,0,0.387,3235.0,4,0,1,0,0.0,0
0.1222,49,0,0.3916,,9,0,2,0,0.0,0
0.3983,36,2,0.3307,5322.0,6,0,1,0,2.0,0
0.4013,31,0,0.5035,,12,0,3,0,0.0,0
0.4729,39,0,0.3367,3838.0,10,0,1,0,1.0,0
0.6227,58,0,0.3593,12645.0,3,0,1,0,1.0,0
0.1884,27,0,0.7127,3795.0,9,0,0,0,1.0,0
0.0383,74,0,0.0982,7047.0,12,0,1,0,0.0,0
0.4168,28,0,0.4159,5826.0,10,0,0,0,1.0,0
0.06,40,0,0.4883,,9,0,0,0,3.0,0
0.3064,36,0,0.6525,,4,0,1,0,0.0,0
0.2304,44,0,0.5451,2822.0,6,0,1,0,1.0,0
0.8726,74,0,0.2701,3630.0,9,0,1,0,3.0,0
0.4651,47,0,0.5716,2586.0,6,0,2,0,0.0,0
0.4711,45,0,1.0625,4064.0,7,0,0,0,2.0,0
0.878,60,0,0.394,,6,0,2,0,1.0,0
4.3402,38,3,0.7424,14984.0,7,0,0,2,1.0,0
0.2866,52,0,0.2432,,15,0,2,0,0.0,0
0.934,72,0,0.703,5548.0,5,0,0,0,3.0,0
0.0432,61,0,0.1781,6204.0,3,0,0,0,2.0,0
0.4936,56,0,0.144,2714.0,2,0,0,0,0.0,1
0.395,56,2,0.7289,7076.0,13,0,1,0,0.0,0
2.14,44,1,0.4484,17633.0,7,0,0,0,0.0,0
0.4033,33,0,0.593,10640.0,10,0,2,0,3.0,0
0.0067,61,0,0.5259,2709.0,5,0,2,0,0.0,0
0.0509,51,0,0.3873,,5,0,2,0,0.0,0
0.241,61,0,0.1722,,3,0,0,0,0.0,0
2.5894,74,2,0.3091,,8,0,1,0,,0
2.9302,72,0,0.6778,2463.0,9,0,0,0,2.0,0
2.0637,52,0,0.5469,5888.0,6,0,1,0,0.0,0
0.3028,55,0,0.5136,12194.0,6,0,1,0,2.0,0
0.0868,37,0,0.3347,3267.0,9,0,4,0,0.0,0
1.0224,42,0,0.563,,4,0,1,0,1.0,0
0.5415,46,0,0.7652,2832.0,7,0,1,0,0.0,0
0.6634,57,0,0.8128,4448.0,10,0,1,0,0.0,0
0.5148,48,0,0.3652,1509.0,5,0,2,0,1.0,0
0.1763,54,0,0.0343,6444.0,6,0,1,0,,0
0.1102,47,0,1.0089,2595.0,13,0,1,0,0.0,0
1.6688,41,0,0.351,5970.0,9,0,1,0,2.0,0
0.5816,60,0,1.0822,,11,0,0,0,1.0,0
0.2737,56,0,0.9725,,11,0,2,0,0.0,0
0.1308,42,0,0.7208,542.0,10,0,0,0,1.0,0
0.5462,57,0,0.8293,5331.0,8,0,0,0,1.0,1
0.562,45,0,0.6984,11822.0,13,0,2,0,1.0,0
0.283,64,0,0.3943,8902.0,10,0,1,0,0.0,0
0.2288,74,0,0.6717,6794.0,6,0,3,0,1.0,0
1.0461,45,0,0.1156,4075.0,4,0,1,0,0.0,0
2.8457,56,0,0.5669,6023.0,8,0,0,0,1.0,0
0.3219,59,0,0.2132,6694.0,7,0,0,0,1.0,1
0.4467,50,0,0.6795,3806.0,9,0,4,0,0.0,0
0.6027,40,0,0.209,3446.0,7,0,0,0,2.0,0
0.0782,53,0,1.1571,8583.0,9,0,0,0,1.0,0
0.0604,61,0,0.3709,,8,0,2,0,0.0,0
0.421,31,0,0.7157,2677.0,5,0,2,0,3.0,0
0.0085,48,0,0.4173,6694.0,6,0,0,0,0.0,0
0.5915,66,0,0.7785,3645.0,10,0,1,0,2.0,0
0.5391,65,1,0.3214,6814.0,4,0,0,1,2.0,0
0.6088,33,0,0.3708,,11,0,2,0,1.0,0
0.0445,30,0,0.6651,,8,0,0,0,0.0,0
0.4279,67,0,0.1423,5228.0,7,0,1,0,0.0,0
0.1241,26,0,1.1042,11708.0,9,0,0,0,0.0,0
0.7135,41,0,0.4496,7778.0,6,0,1,0,0.0,0
0.1242,64,0,0.1784,5029.0,7,0,2,0,0.0,0
0.0095,70,0,0.3706,4578.0,11,0,2,0,1.0,0
0.4382,37,0,1.078,9183.0,12,0,3,0,1.0,0
0.7957,56,0,0.3043,3122.0,3,0,2,0,0.0,0
0.8515,68,0,0.5259,6403.0,10,0,3,0,2.0,0
2.1144,47,0,0.3256,9013.0,8,0,1,0,1.0,1
2.1958,45,0,0.2999,5937.0,5,0,3,0,0.0,0
0.4434,75,0,0.3938,12268.0,6,0,0,0,0.0,0
0.2126,50,0,0.0501,,6,0,0,0,1.0,0
0.4794,21,0,0.2586,3273.0,7,0,1,0,1.0,0
2.6029,54,0,0.5137,,7,0,3,0,1.0,0
0.0787,60,0,0.8092,6553.0,8,0,1,0,0.0,0
0.2659,67,0,0.3905,21828.0,12,0,2,0,1.0,0
0.3214,62,0,0.9065,,9,0,3,0,1.0,0
0.4372,58,0,0.3825,3209.0,9,0,1,0,1.0,0
0.6285,40,0,0.3899,1068.0,6,0,0,0,0.0,0
0.609,74,0,0.8586,,12,0,1,0,0.0,0
0.5828,50,0,0.2534,7177.0,6,0,1,0,1.0,0
0.0169,63,0,0.4319,11812.0,6,0,1,0,1.0,0
0.1735,64,1,0.2129,,9,0,1,2,0.0,0
1.4104,60,0,0.5324,16856.0,6,0,1,1,0.0,0
0.1822,47,0,0.5872,16827.0,5,0,3,0,0.0,0
0.1424,72,0,0.4179,10526.0,11,0,1,0,0.0,1
0.7481,53,0,0.3704,3224.0,8,0,3,0,2.0,0
0.1033,56,0,0.1781,10771.0,17,0,0,0,2.0,0
0.0337,63,0,0.647,5828.0,9,0,0,0,1.0,0
0.1177,51,0,0.2973,4451.0,9,0,0,0,0.0,0
0.1503,67,0,0.615,7723.0,4,0,2,0,0.0,0
0.5258,57,0,0.5334,4058.0,8,0,3,0,1.0,0
0.0613,47,0,0.7429,,9,0,2,0,,0
0.0811,60,0,0.5704,8107.0,8,0,0,0,0.0,0
1.0644,38,3,0.5149,5819.0,11,0,1,0,0.0,0
0.2904,54,0,0.1486,25253.0,4,0,0,0,0.0,0
1.0573,49,1,0.2724,6512.0,7,0,2,0,0.0,0
0.81,62,3,0.0904,8945.0,4,0,1,0,1.0,0
0.2403,63,0,0.4182,9498.0,10,0,3,0,0.0,0
0.1701,44,0,0.4323,1840.0,5,0,2,0,2.0,0
0.2926,41,0,0.1127,6300.0,12,0,4,0,0.0,0
1.8047,71,0,0.4457,7389.0,10,0,1,0,1.0,0
3.078,75,0,0.5636,8348.0,10,0,0,0,1.0,0
0.6942,88,0,0.573,4780.0,2,0,0,0,,0
0.0317,47,0,0.3273,,8,0,1,0,0.0,0
0.7077,44,0,0.7092,2520.0,17,0,1,0,0.0,0
0.6613,38,1,0.1899,6745.0,10,0,0,3,1.0,0
1.045,49,0,0.0898,,9,0,0,0,0.0,0
0.4988,31,2,0.2966,1805.0,5,1,0,2,1.0,0
0.182,46,0,0.5562,4152.0,8,0,3,0,0.0,0
0.3101,54,0,0.1377,12839.0,7,0,1,0,0.0,0
0.2238,29,0,0.9293,8098.0,7,0,1,0,0.0,0
1.8335,54,0,0.2322,2815.0,6,0,1,0,1.0,0
1.1119,67,0,0.2919,3025.0,7,0,2,0,0.0,0
3.0433,57,0,0.3339,4567.0,9,0,0,0,0.0,0
0.37,63,0,0.4117,,7,0,1,0,3.0,0
3.2373,41,0,0.8177,6112.0,5,0,2,0,0.0,0
0.6451,30,0,0.5357,7257.0,13,0,1,0,3.0,0
0.1612,67,0,0.3278,10150.0,8,0,0,0,1.0,0
0.3071,56,0,1.0137,5929.0,11,0,1,0,0.0,0
0.0725,50,0,0.6551,4431.0,5,0,2,0,,0
0.5903,51,0,0.8241,3425.0,7,0,2,0,0.0,0
0.6148,37,0,0.7448,8210.0,8,0,0,0,0.0,0
0.9614,56,0,0.7421,6894.0,14,0,1,0,1.0,0
0.3954,56,0,0.1873,5158.0,6,0,2,0,0.0,0
0.3237,56,0,0.5537,3665.0,9,0,1,0,0.0,0
0.2833,46,0,0.4122,13054.0,10,0,0,0,0.0,0
0.2983,58,0,0.0675,14621.0,2,0,1,0,0.0,0
2.2187,56,0,0.8074,2291.0,3,0,0,0,0.0,0
0.0319,56,0,0.2221,3056.0,4,0,1,0,1.0,0
2.1702,51,0,1.0921,6730.0,8,0,1,0,1.0,0
0.2201,51,0,0.307,6133.0,11,0,1,0,,0
7.6507,48,2,0.6522,7165.0,6,0,0,1,0.0,0
0.317,53,0,0.1624,6960.0,8,0,2,0,2.0,0
0.1249,31,0,0.6906,6648.0,8,0,0,0,0.0,0
0.3292,52,0,0.4523,7386.0,6,0,0,0,1.0,0
0.0572,49,0,0.3376,,9,0,0,0,0.0,0
0.4354,75,0,0.5549,5409.0,11,0,0,0,0.0,0
1.2582,37,0,1.2894,6101.0,5,0,0,0,1.0,0
0.0608,34,0,0.3073,20406.0,10,0,0,0,0.0,0
0.5654,43,0,0.4707,7988.0,8,0,0,0,0.0,0
0.5959,56,0,0.9317,6073.0,12,0,0,0,1.0,0
1.0209,48,0,0.375,3854.0,5,0,0,0,0.0,0
0.4812,28,0,0.5578,2647.0,9,0,3,0,0.0,1
0.1122,34,0,0.6664,5303.0,13,0,0,0,0.0,0
0.7051,68,0,0.9909,,10,0,1,0,1.0,0
0.3122,80,0,0.1583,6673.0,7,0,2,0,0.0,0
0.6496,60,0,0.0823,,6,0,1,0,1.0,1
0.126,50,0,0.5735,3484.0,11,0,1,0,0.0,0
0.9598,55,0,0.7598,7741.0,12,0,1,0,1.0,0
0.3071,41,0,0.2132,,6,0,2,0,1.0,0
0.3769,70,0,0.7059,13946.0,6,0,0,0,1.0,0
0.2984,74,0,0.3194,9101.0,5,0,0,0,0.0,0
1.3196,42,0,0.5158,,9,0,2,0,1.0,0
0.6759,59,0,0.9778,3345.0,9,0,1,0,0.0,0
0.299,46,0,0.3118,1698.0,10,0,0,0,2.0,0
0.2452,60,0,0.6274,12522.0,12,0,0,0,0.0,0
0.3566,48,0,0.2073,14545.0,12,0,2,0,1.0,0
0.2932,41,0,0.6691,6228.0,5,0,1,0,0.0,0
0.144,55,0,0.557,10950.0,10,0,1,0,1.0,0
0.7502,33,0,0.4249,10193.0,5,0,0,0,1.0,0
6.978,52,0,0.3407,4966.0,6,0,0,0,0.0,0
0.5039,49,0,0.4779,3406.0,3,0,0,0,0.0,0
0.0896,61,0,0.3162,,9,0,0,0,1.0,0
1.6377,55,0,0.5074,7432.0,10,0,0,0,0.0,0
0.2411,52,0,0.2244,9921.0,5,0,1,0,0.0,0
0.119,65,0,0.686,3858.0,12,0,0,0,1.0,0
0.5392,63,0,0.2151,5801.0,12,0,3,0,3.0,0
0.2246,64,0,0.2209,4314.0,7,0,1,0,0.0,0
0.404,37,0,0.3927,2628.0,13,0,2,0,1.0,0
9.4764,61,0,0.9801,8096.0,9,0,0,0,1.0,0
0.1191,74,0,1.1776,4428.0,8,0,0,0,1.0,1
0.5014,29,0,0.0038,6625.0,11,0,1,0,1.0,0
0.0976,35,0,1.0059,4085.0,7,0,1,0,2.0,0
0.7361,78,0,0.1355,4198.0,5,0,0,0,0.0,0
0.6616,58,0,0.5307,8121.0,13,0,0,0,2.0,0
0.4883,43,0,0.9867,,9,0,0,0,,0
0.004,35,0,0.3978,3863.0,6,0,3,0,,0
0.0054,43,0,0.3604,,8,0,3,0,1.0,0
1.0224,23,0,0.2378,,14,0,0,0,3.0,0
0.876,57,0,0.7908,4612.0,11,0,2,0,0.0,1
0.7869,65,0,0.3466,4693.0,8,0,1,0,3.0,0
1.4248,71,0,0.412,17278.0,2,0,2,0,4.0,0
0.8495,26,0,0.0827,10137.0,9,0,0,0,0.0,1
0.4644,60,0,0.8419,2497.0,4,0,2,0,0.0,0
1.122,53,0,0.6179,7074.0,11,0,2,0,1.0,0
0.8014,62,0,0.2612,5376.0,8,0,0,0,0.0,0
0.0469,21,0,0.9012,2833.0,12,0,2,0,0.0,0
0.3144,52,0,0.6573,5089.0,8,0,2,0,1.0,0
0.0069,37,3,0.0725,,5,0,1,0,1.0,0
0.0037,37,0,0.5375,3759.0,4,0,4,0,0.0,0
0.1722,77,0,0.2541,18472.0,10,0,0,0,0.0,1
0.2287,75,0,0.9158,11209.0,7,0,0,0,0.0,0
0.3119,55,0,0.6704,862.0,8,0,2,0,0.0,0
0.4317,24,0,0.3149,3892.0,6,0,0,0,0.0,0
0.5031,43,0,0.264,8466.0,9,0,0,0,0.0,0
0.386,77,0,0.4543,8339.0,7,0,0,0,0.0,0
0.1144,49,0,0.3607,,9,0,2,0,2.0,0
0.1921,36,0,0.5903,8317.0,6,0,5,0,1.0,0
0.2884,54,0,0.363,3219.0,8,0,0,0,1.0,0
0.14,51,0,0.5933,4727.0,2,0,0,0,1.0,0
0.574,37,0,0.2952,4766.0,6,0,0,0,2.0,0
0.1999,43,0,0.4702,6201.0,9,0,2,0,2.0,0
3.0484,33,0,0.8301,3122.0,5,1,1,0,1.0,0
0.2021,86,0,0.6311,4363.0,12,0,0,0,0.0,0
0.3329,40,0,0.0867,4030.0,9,0,1,0,1.0,0
0.4866,45,0,0.1291,5873.0,7,0,2,0,1.0,0
0.3763,47,0,1.1853,4106.0,6,0,0,0,0.0,0
0.5479,62,4,0.3003,4399.0,11,0,1,2,2.0,0
0.5194,25,0,0.4919,8066.0,10,0,1,0,1.0,0
1.2767,51,0,0.6698,,7,0,1,0,0.0,1
0.872,54,0,0.7299,3511.0,6,0,2,0,0.0,0
0.334,58,0,0.6434,3098.0,4,0,2,0,0.0,0
0.4322,54,0,0.3575,1832.0,6,0,0,0,0.0,0
1.8496,37,2,0.0631,8028.0,5,1,0,0,0.0,0
0.1092,50,0,0.6878,,5,0,0,0,0.0,0
0.5072,59,0,0.0775,6682.0,9,0,0,0,1.0,0
0.8071,53,0,0.5279,4155.0,10,0,2,0,1.0,0
0.0694,51,0,1.0455,7563.0,11,0,2,0,0.0,0
7.6159,72,0,0.199,,9,0,1,0,0.0,0
0.1548,63,0,0.2557,6800.0,11,0,2,0,0.0,0
0.069,43,0,0.3248,3207.0,9,0,0,0,1.0,0
0.3278,48,0,0.0474,,2,0,1,0,0.0,0
1.2167,58,0,0.5981,6369.0,11,0,1,0,0.0,0
0.3397,36,0,0.9807,4326.0,6,0,0,0,0.0,0
0.0418,52,0,0.9523,4095.0,8,0,0,0,0.0,0
0.5319,58,0,0.6964,,8,0,2,0,,0
0.6002,37,0,0.7221,8429.0,7,0,3,0,0.0,0
0.1121,64,0,0.368,2776.0,9,0,0,0,3.0,0
0.5427,64,0,0.1101,4758.0,8,0,1,0,0.0,0
1.7419,24,0,0.4468,,13,0,0,0,1.0,0
0.6164,59,0,0.6481,,7,0,0,0,0.0,0
0.1166,73,0,0.3248,13556.0,7,0,1,0,0.0,0
0.3941,52,0,0.5874,9108.0,6,0,1,0,1.0,0
1.2033,34,0,0.1343,3928.0,5,0,0,0,2.0,0
0.796,61,0,0.3845,,9,0,2,0,1.0,0
7.5607,45,0,0.2878,3799.0,12,0,1,0,0.0,0
0.1339,60,0,0.4601,4947.0,11,0,2,0,1.0,0
0.3688,61,4,0.2471,6097.0,12,0,0,0,0.0,0
0.4286,35,0,0.118,5180.0,6,0,1,0,1.0,1
0.705,55,0,0.1082,3001.0,4,0,2,0,0.0,0
0.2921,38,0,0.497,,11,0,2,0,1.0,0
0.5895,34,0,0.9296,,8,1,1,0,2.0,0
0.0195,63,0,0.5171,8403.0,10,0,0,0,1.0,0
0.2322,53,0,0.7923,1477.0,8,0,0,0,0.0,0
0.1204,21,0,0.7294,2952.0,13,0,0,0,0.0,0
1.3748,61,0,0.5493,,6,0,0,0,0.0,0
0.469,36,0,0.8161,5935.0,10,0,1,0,1.0,0
0.5632,52,0,0.1295,,5,0,0,0,2.0,0
2.7787,46,0,0.354,8827.0,10,0,2,0,2.0,0
0.6969,65,0,0.5056,5282.0,6,0,1,0,1.0,0
0.4553,59,0,0.3793,,6,0,0,0,,0
0.2469,56,0,0.085,,6,0,1,0,0.0,0
0.3955,60,0,0.1601,1408.0,14,0,0,0,0.0,0
0.6577,50,0,0.2041,4335.0,6,0,2,0,2.0,0
0.082,64,2,0.3048,7477.0,8,0,1,2,0.0,1
2.2433,56,0,0.0096,3362.0,7,0,0,0,0.0,0
0.5468,65,0,0.9087,,9,0,0,0,0.0,1
0.1813,72,0,0.4451,2260.0,10,0,1,0,1.0,0
0.872,67,0,0.2188,9135.0,10,0,0,0,0.0,0
1.137,53,0,0.723,4765.0,4,0,1,0,1.0,1
0.7707,74,0,0.9333,4546.0,8,0,1,0,1.0,1
0.3383,42,0,0.9106,8961.0,4,0,2,0,0.0,0
0.0731,51,0,0.336,7085.0,4,0,1,0,2.0,0
0.0087,59,0,0.0608,,11,0,1,0,3.0,0
0.3953,48,0,0.6527,9556.0,12,0,3,0,0.0,0
0.0806,64,0,0.2336,17000.0,11,0,1,0,0.0,0
1.3742,52,0,0.135,11504.0,10,0,2,0,1.0,0
0.2477,29,3,0.4092,5192.0,10,0,0,0,0.0,0
4.7218,34,0,0.1033,,6,0,1,0,1.0,0
0.3242,65,0,0.3583,5074.0,10,0,0,0,1.0,0
0.173,39,1,1.3716,10403.0,12,0,0,0,1.0,0
0.0331,53,0,0.6355,2393.0,4,0,1,0,0.0,0
4.6805,46,0,0.6995,13739.0,8,0,1,0,1.0,0
0.532,59,0,0.1607,10322.0,7,0,0,0,1.0,0
0.5597,51,0,0.0284,5008.0,7,0,0,0,1.0,0
1.1619,40,0,0.594,6738.0,14,0,1,0,0.0,0
0.0671,31,0,0.6334,,6,0,0,0,0.0,0
0.8476,64,3,0.2494,,7,0,1,0,0.0,0
0.7725,49,0,0.1587,,4,0,2,0,1.0,0
0.452,32,0,0.6262,6614.0,10,0,1,0,0.0,0
0.5907,55,0,0.8269,5630.0,9,0,0,0,0.0,0
0.5681,57,0,0.9383,3237.0,9,0,0,0,1.0,0
0.0233,47,0,0.3591,5282.0,10,0,2,0,0.0,0
0.9746,51,0,1.1872,2993.0,6,0,2,0,0.0,0
0.3384,67,0,0.2116,4466.0,4,0,2,0,1.0,0
0.4768,53,0,0.3778,2742.0,8,0,1,0,0.0,0
0.2874,31,0,0.6017,6023.0,9,0,2,0,0.0,0
0.2283,53,0,0.3433,4091.0,8,0,0,0,0.0,0
0.0732,66,0,0.4604,4418.0,8,0,1,0,0.0,0
0.6047,33,0,0.4082,4387.0,13,0,2,0,1.0,0
0.0969,62,0,0.7995,6552.0,10,0,1,0,2.0,0
0.236,51,0,0.2929,2043.0,5,0,0,0,0.0,0
0.3884,31,0,0.7574,10022.0,13,0,2,0,2.0,0
3.786,65,0,0.7218,7819.0,9,0,2,0,0.0,0
0.0316,41,0,0.5553,3202.0,8,0,0,0,0.0,0
0.6195,52,0,0.5586,,10,0,1,0,1.0,0
0.3375,56,0,0.3299,8340.0,10,0,2,0,,0
0.2776,53,0,0.6612,6254.0,7,0,1,0,1.0,0
0.4462,41,0,0.7036,5919.0,8,0,0,0,0.0,0
0.5565,69,0,0.1402,,10,0,1,0,1.0,0
0.1838,40,0,0.0306,,4,0,1,0,0.0,0
0.3436,47,0,0.7923,4399.0,9,0,2,0,1.0,0
2.0323,64,1,0.7459,,8,0,1,1,2.0,0
0.7327,50,0,0.0575,3101.0,6,0,0,0,0.0,0
0.115,47,0,0.1784,1465.0,10,0,2,0,2.0,0
1.418,47,0,0.3266,10778.0,12,0,0,0,1.0,0
7.1948,26,1,0.3506,6138.0,7,1,0,0,0.0,0
0.2409,65,0,0.3234,5564.0,9,0,2,0,1.0,0
1.3704,35,0,0.2299,4736.0,7,0,2,0,1.0,0
0.3993,51,0,0.3064,8204.0,10,0,3,0,1.0,0
0.7894,21,0,0.7405,4059.0,4,0,1,0,1.0,0
0.3393,53,0,0.8808,4672.0,9,0,0,0,0.0,0
0.0959,33,0,0.7327,8261.0,6,0,0,0,0.0,0
0.2822,27,0,0.848,5869.0,8,0,0,0,2.0,0
0.0915,38,0,0.0779,4262.0,6,0,2,0,0.0,0
0.4008,28,0,0.4344,8853.0,8,0,0,0,0.0,0
6.0697,49,0,0.6147,,5,0,0,0,0.0,0
0.7607,52,0,0.6809,,5,0,1,0,0.0,1
3.7778,49,0,0.2899,9065.0,10,0,1,0,0.0,0
0.5871,41,0,0.6108,3442.0,6,0,1,0,1.0,0
0.5594,63,0,0.1503,,5,0,0,0,0.0,0
1.2576,47,3,0.5418,4346.0,9,1,0,0,2.0,0
2.4584,67,0,0.747,3595.0,6,0,0,0,1.0,0
0.8149,21,0,0.1102,,7,0,0,0,1.0,0
0.0351,54,0,0.3454,9547.0,4,0,0,0,0.0,0
0.0643,54,0,0.2463,,11,0,1,0,0.0,0
0.4884,40,0,0.3725,3411.0,10,0,2,0,1.0,0
0.2718,66,0,0.7974,1408.0,4,0,2,0,1.0,0
0.0947,50,0,0.4466,1877.0,4,0,1,0,0.0,0
0.6825,52,0,0.3225,3816.0,9,0,2,0,1.0,0
0.4023,56,0,1.1231,,9,0,2,0,1.0,0
1.6347,76,0,0.1392,11946.0,9,0,1,0,1.0,0
0.0424,45,0,0.4672,,9,0,1,0,,0
0.302,53,0,0.133,5600.0,6,0,0,0,0.0,0
0.6673,67,0,0.2812,6354.0,9,0,1,0,1.0,0
0.1187,48,0,0.2028,5645.0,10,0,0,0,2.0,0
0.462,65,0,0.8859,3613.0,12,0,0,0,,1
0.0874,50,0,0.5034,2064.0,5,0,0,0,2.0,0
0.1169,55,0,0.2411,4857.0,10,0,3,0,2.0,0
0.8584,48,0,0.8393,,5,0,1,0,1.0,0
0.2495,46,0,0.4392,,10,0,0,0,1.0,0
0.6226,50,0,0.5214,4705.0,10,0,0,0,0.0,0
0.095,39,0,0.7066,6319.0,8,0,3,0,0.0,0
0.4185,39,0,0.574,,6,0,2,0,0.0,0
0.4986,48,0,0.7384,12223.0,5,0,1,0,2.0,0
0.5129,51,0,0.358,8240.0,16,0,1,0,1.0,0
0.7065,59,0,0.0995,6082.0,10,0,1,0,1.0,0
0.4145,45,0,0.3865,6312.0,5,0,1,0,0.0,0
0.8576,71,1,0.4839,4998.0,10,0,0,0,0.0,0
0.4031,34,0,0.9426,3043.0,11,0,0,0,1.0,0
0.3049,38,0,0.8216,2967.0,6,0,1,0,0.0,0
0.4764,56,0,0.2173,9562.0,2,0,1,0,1.0,0
0.0115,69,0,0.7864,2431.0,6,0,1,0,2.0,0
0.4818,40,0,0.4871,3680.0,7,0,1,0,1.0,0
0.6358,72,0,0.3068,17745.0,8,0,2,0,1.0,0
0.4893,61,0,0.1417,3356.0,13,0,1,0,0.0,0
0.0918,57,0,1.2268,15751.0,8,0,1,0,2.0,0
0.0793,57,0,0.5833,13792.0,4,0,1,0,1.0,0
2.978,57,0,0.3792,16618.0,7,0,5,0,0.0,0
0.1778,44,0,1.6757,4345.0,4,0,0,0,2.0,0
0.0974,44,0,0.5248,9070.0,13,0,0,0,1.0,0
3.6536,44,0,0.9279,1987.0,8,0,0,0,0.0,0
1.0552,44,0,0.8034,5611.0,5,0,2,0,0.0,0
0.7113,60,0,0.4963,3195.0,6,0,0,0,1.0,0
0.4867,68,0,0.421,5574.0,6,0,2,0,1.0,0
0.5937,36,0,0.5768,6352.0,11,0,3,0,0.0,0
1.9342,38,0,0.2641,7162.0,9,0,1,0,0.0,0
0.2763,70,0,0.6263,,11,0,1,0,0.0,0
0.2071,50,0,0.5751,2293.0,10,0,1,0,0.0,0
0.7258,60,0,0.3326,9031.0,9,0,0,0,0.0,0
0.6432,45,0,0.6737,8068.0,8,0,1,0,1.0,0
0.3179,77,0,0.4224,9346.0,7,0,1,0,1.0,0
0.4188,52,0,0.3134,,7,0,0,0,3.0,0
0.273,62,0,0.5708,10253.0,6,0,1,0,1.0,0
0.6628,63,0,0.8163,1872.0,10,0,0,1,1.0,0
0.0555,28,0,0.5712,4553.0,3,0,0,0,1.0,0
0.3036,27,0,0.3517,3642.0,4,0,2,0,0.0,0
0.7431,43,0,0.1436,,10,0,0,0,1.0,0
1.5991,51,0,0.3866,7730.0,5,0,0,0,0.0,0
0.5135,51,0,0.396,4098.0,10,0,3,0,1.0,0
0.042,65,2,0.6232,11684.0,4,0,2,0,1.0,0
0.1934,37,0,0.1317,4518.0,5,0,1,0,0.0,0
0.1076,36,0,0.0099,3457.0,5,0,1,0,2.0,0
0.053,38,0,0.611,7452.0,9,0,1,0,2.0,0
8.4845,66,0,0.2952,,10,0,1,0,1.0,0
0.3501,61,0,0.1672,5534.0,6,0,1,0,1.0,0
0.3479,33,0,0.2709,8067.0,9,0,2,0,0.0,0
0.4357,61,0,0.6543,5897.0,3,0,2,0,4.0,0
0.0618,43,0,0.2058,,14,0,0,0,1.0,0
0.3371,31,0,0.3495,7227.0,8,0,0,0,3.0,0
0.2254,50,0,1.1584,5118.0,12,0,1,0,0.0,0
0.1302,49,0,0.7359,15662.0,11,0,1,0,0.0,0
1.6985,62,1,0.2555,7465.0,5,0,1,0,0.0,0
0.1224,49,0,0.32,,5,0,1,0,1.0,0
0.3119,67,0,0.8488,10737.0,8,0,0,0,0.0,0
0.5109,68,0,0.2842,2984.0,2,0,3,0,1.0,0
0.0418,43,0,0.6804,4256.0,6,0,0,0,2.0,0
0.0323,48,0,0.1021,3213.0,8,0,1,0,0.0,0
0.5549,65,0,0.6032,2831.0,9,0,1,0,0.0,0
0.4714,51,0,0.6147,8441.0,10,0,0,0,1.0,0
0.5434,65,1,0.3316,8867.0,8,2,0,0,1.0,0
5.1703,66,1,0.859,6751.0,7,0,1,0,2.0,0
0.0579,28,0,0.7356,6617.0,6,0,2,0,3.0,0
0.2477,59,0,0.4578,,11,0,2,0,1.0,0
0.3272,57,0,0.0544,,9,0,1,0,0.0,0
0.2555,57,0,0.7975,4042.0,11,0,2,0,,0
0.2911,56,0,0.6509,4285.0,6,0,0,0,1.0,0
1.6313,56,0,0.3645,3539.0,6,0,0,0,0.0,0
0.7562,77,1,0.1085,5538.0,8,0,0,0,1.0,0
0.795,57,0,0.2388,4548.0,13,0,1,0,1.0,0
0.1907,45,0,1.1746,5898.0,12,0,1,0,0.0,0
1.8839,46,0,0.9288,7329.0,12,0,1,0,1.0,0
0.6414,48,0,0.7914,4946.0,4,0,0,0,0.0,0
2.4357,69,0,0.806,5879.0,7,0,3,0,1.0,0
0.1496,37,0,0.4304,5246.0,10,0,0,0,1.0,0
0.7825,73,0,0.6817,6691.0,7,0,0,0,0.0,0
0.0983,54,0,0.519,4956.0,11,0,2,0,0.0,0
0.6579,22,0,0.6576,4343.0,6,0,0,0,1.0,1
0.3786,70,0,0.6682,7680.0,8,0,5,0,2.0,0
0.5998,63,0,0.6967,,8,0,0,0,0.0,0
3.9941,47,0,0.5628,8380.0,8,0,0,0,1.0,0
0.1375,55,0,0.3674,7189.0,11,0,1,0,0.0,0
0.3207,65,0,0.6779,,7,0,1,0,1.0,0
0.3466,68,0,0.1523,4558.0,7,0,6,0,1.0,0
0.4491,50,1,0.8097,5715.0,7,2,0,2,1.0,0
0.5347,71,0,0.2112,20445.0,6,0,0,0,1.0,0
0.2229,49,0,0.4514,2692.0,16,0,2,0,3.0,0
0.3266,69,0,0.2965,9514.0,2,0,1,0,0.0,0
0.215,30,0,0.8969,2921.0,4,0,1,0,1.0,0
0.2983,73,0,0.8132,4853.0,6,0,1,0,,0
0.7124,27,0,0.3877,23326.0,9,0,0,0,0.0,0
1.3785,41,0,0.658,6661.0,8,0,0,1,2.0,0
0.812,66,0,0.2067,3113.0,17,0,0,0,2.0,0
4.4989,53,0,1.1059,,6,0,1,0,2.0,0
0.2467,62,0,0.7194,4342.0,5,0,1,0,2.0,0
0.3464,35,0,0.4678,5336.0,9,0,0,0,1.0,0
0.1476,40,0,0.3319,3240.0,9,0,3,0,0.0,0
0.1472,48,0,0.6423,,5,0,1,2,0.0,0
0.5678,30,0,0.4456,,8,0,1,0,1.0,0
0.4033,68,0,0.8058,18142.0,5,0,2,0,1.0,0
0.4327,51,0,0.4402,11679.0,1,0,1,0,0.0,0
2.9759,36,0,0.1827,,9,0,1,0,1.0,0
0.298,51,0,0.8021,10531.0,6,0,1,0,0.0,0
0.2628,52,0,0.0542,,9,0,1,0,0.0,0
0.447,59,0,0.2297,3063.0,7,0,0,0,1.0,0
0.369,50,0,0.4951,6559.0,7,0,1,0,0.0,0
0.5932,41,0,0.2449,6564.0,12,0,1,0,0.0,0
0.3745,49,0,0.7454,2632.0,9,0,1,0,0.0,0
0.1082,81,0,0.6621,13041.0,6,0,1,0,1.0,0
0.0402,57,0,1.1681,7698.0,7,0,1,0,1.0,0
0.1377,38,0,0.4771,3874.0,8,0,1,0,0.0,0
0.0667,66,0,0.7152,9984.0,12,0,3,0,0.0,0
0.4027,85,0,0.9065,3743.0,4,0,0,0,1.0,0
0.9561,59,2,0.4035,11997.0,9,0,0,0,1.0,0
0.2937,51,0,0.0624,4221.0,10,0,0,0,2.0,0
7.1013,31,0,0.4579,2319.0,6,0,2,0,0.0,0
0.4148,51,0,0.1191,5051.0,4,0,0,0,1.0,0
8.8275,35,0,0.739,7078.0,6,0,1,0,0.0,0
0.4426,56,0,0.8888,3102.0,6,0,0,0,1.0,0
0.0958,23,0,0.5383,2583.0,13,0,2,0,3.0,0
0.4589,60,0,0.4421,2395.0,12,0,1,0,0.0,0
0.085,27,0,0.4201,6252.0,4,0,2,0,1.0,0
0.0115,53,0,0.43,6005.0,10,0,1,0,1.0,0
0.621,74,0,0.5442,6058.0,8,0,3,0,0.0,0
0.9479,39,0,0.6117,11784.0,5,0,1,0,0.0,0
2.8559,43,0,0.3258,,7,0,1,0,2.0,0
0.1505,57,0,0.1661,,5,0,0,0,1.0,0
0.367,44,0,0.118,5931.0,10,0,1,0,0.0,0
0.4254,69,0,0.4397,16806.0,8,0,2,0,2.0,0
3.6635,48,0,0.1681,2949.0,7,0,1,0,0.0,0
1.0842,66,0,0.5132,8383.0,5,0,0,0,0.0,0
0.6393,59,0,0.7267,5726.0,12,0,1,0,0.0,0
1.5611,53,0,0.5864,2164.0,13,0,2,0,2.0,0
0.512,54,1,0.0738,2789.0,10,0,0,1,1.0,0
0.0188,57,2,0.9817,5683.0,7,0,0,0,0.0,0
6.3931,47,0,0.1383,,16,0,1,0,1.0,0
0.6696,68,0,0.8586,3361.0,10,0,0,0,0.0,0
0.7621,34,0,0.6889,5295.0,5,0,2,0,0.0,0
0.5024,75,0,0.4645,4985.0,11,0,1,0,2.0,0
0.2923,34,0,0.9623,5645.0,6,0,2,0,1.0,0
0.5217,66,0,0.3968,9367.0,8,0,1,0,0.0,0
7.1714,79,0,0.758,,7,0,0,0,0.0,0
0.7328,76,0,0.5667,2512.0,6,0,1,0,0.0,1
0.1747,23,0,0.749,4149.0,10,0,1,0,0.0,0
1.268,53,0,0.1429,,9,0,3,0,2.0,0
0.1786,52,0,0.2614,5222.0,12,0,1,0,0.0,0
0.3783,75,0,0.4957,9524.0,14,0,0,0,0.0,0
0.2758,33,0,0.5387,3729.0,8,0,3,0,1.0,0
0.1623,52,0,0.0977,,5,0,0,0,0.0,0
3.9978,39,0,0.6443,,11,0,0,0,0.0,0
0.3819,55,0,0.2114,,8,0,0,0,0.0,0
0.9047,44,0,0.466,18331.0,12,0,0,0,1.0,0
0.5399,54,0,0.3428,3882.0,5,0,3,0,1.0,0
0.1312,47,0,0.6966,,9,0,2,0,0.0,0
0.2422,32,1,0.7445,,8,3,3,0,0.0,0
0.6523,66,0,0.293,9908.0,10,0,1,0,1.0,0
0.2363,24,0,0.4652,2171.0,10,0,1,0,0.0,0
0.5896,54,0,0.3833,5556.0,3,0,3,0,0.0,0
0.4774,48,0,1.0472,2822.0,9,0,1,0,0.0,0
0.127,61,0,0.4229,2556.0,12,0,1,0,1.0,0
0.0772,82,0,0.6015,5487.0,11,0,0,0,2.0,0
0.5804,26,0,0.5011,1550.0,10,0,0,0,2.0,0
0.7368,43,0,0.2799,2721.0,4,0,1,0,0.0,0
0.2723,49,0,0.2361,7052.0,13,0,1,0,0.0,0
0.3051,41,0,0.0235,4514.0,9,0,0,0,1.0,0
0.0187,62,0,0.156,2408.0,11,0,1,0,0.0,0
0.043,52,0,0.6151,,13,0,0,0,0.0,0
0.2607,42,0,0.614,20047.0,13,0,0,0,1.0,0
0.1378,38,0,0.86,3260.0,6,0,1,0,1.0,0
0.1147,23,0,0.0981,4419.0,6,0,1,0,0.0,0
4.9407,61,0,0.6408,,7,0,1,0,1.0,1
1.7119,43,0,0.613,2273.0,9,0,1,0,0.0,0
0.5026,78,0,1.3362,20226.0,16,0,1,0,0.0,0
1.0655,69,0,0.3059,6280.0,8,0,1,0,2.0,0
0.8057,48,0,1.0,3028.0,12,0,0,0,0.0,0
0.2548,50,0,0.6942,5403.0,10,0,1,0,1.0,0
0.1421,40,0,0.3959,4836.0,11,0,1,0,0.0,0
0.5918,50,0,0.1277,3552.0,7,0,1,0,2.0,0
0.5952,45,0,0.0244,7356.0,5,0,2,0,1.0,0
3.1893,51,0,0.585,3781.0,8,0,1,0,,0
1.4994,63,0,0.5642,3036.0,8,0,2,0,1.0,0
0.3234,79,0,0.3682,2199.0,6,0,1,0,0.0,0
0.1761,42,0,0.3098,5243.0,7,0,1,0,1.0,0
0.0041,29,0,0.5683,5222.0,7,0,0,0,1.0,0
0.302,48,0,0.1402,7447.0,6,0,2,0,0.0,0
0.3788,53,0,0.2396,3312.0,6,0,0,0,1.0,0
0.2245,59,0,0.4007,,9,0,0,0,0.0,0
0.9859,67,0,0.8329,,14,0,2,0,1.0,1
0.4531,32,0,0.4539,,8,0,1,0,1.0,0
0.2434,56,0,0.6207,2822.0,11,0,0,0,0.0,0
0.2961,78,0,0.1627,5771.0,12,0,0,0,0.0,0
2.3419,57,0,0.9196,,6,0,1,0,1.0,1
0.1748,36,0,0.475,2943.0,9,0,0,0,0.0,0
0.3131,30,0,0.454,4609.0,5,0,0,0,0.0,0
0.2196,49,0,0.3972,4999.0,8,0,1,0,1.0,0
0.3927,74,0,0.3503,7716.0,5,0,2,0,0.0,0
0.249,50,0,0.6063,5906.0,6,0,0,0,0.0,0
0.0548,41,0,0.6097,4390.0,6,0,2,0,1.0,0
0.0743,35,0,0.575,12877.0,11,0,3,0,0.0,0
0.3043,80,0,0.9614,8863.0,5,0,1,0,0.0,0
0.1094,23,0,0.7831,9945.0,6,0,0,0,3.0,0
0.4069,46,0,0.5395,4062.0,11,0,0,0,0.0,0
3.798,36,0,0.1424,15134.0,6,0,0,0,0.0,0
1.4538,50,2,0.1381,7922.0,4,0,1,0,2.0,0
0.3152,50,0,0.2478,,8,0,0,0,1.0,0
0.6606,64,0,0.4318,4710.0,6,0,1,0,1.0,0
0.1235,31,0,0.2789,2786.0,15,0,1,0,0.0,0
0.4712,52,0,0.3463,4566.0,9,0,1,0,1.0,0
0.7995,28,0,0.4253,,15,0,0,0,1.0,0
0.2378,28,0,0.3005,7002.0,10,0,0,0,0.0,0
0.9285,47,0,0.4917,7650.0,8,0,1,0,1.0,0
0.4854,58,0,0.591,4599.0,8,0,2,0,1.0,0
0.0016,62,0,0.0833,9336.0,9,0,1,0,2.0,0
0.9946,59,0,0.4158,8400.0,16,0,0,0,0.0,0
0.3575,51,0,0.3693,12053.0,9,0,0,0,1.0,0
0.632,56,0,0.3032,15255.0,12,0,0,0,1.0,0
0.7731,46,0,0.3959,5908.0,8,0,1,0,1.0,0
0.4621,39,0,0.5886,,8,0,1,0,3.0,0
0.2435,40,1,0.5005,,4,0,0,2,4.0,0
0.4124,49,0,0.1589,7868.0,4,0,0,0,0.0,0
0.6929,41,0,0.9125,2898.0,9,0,2,0,0.0,1
0.6418,75,0,0.4494,4173.0,6,0,0,0,0.0,0
0.4678,43,0,0.6725,9448.0,10,0,1,0,3.0,0
0.1256,25,0,0.5467,7665.0,7,0,1,0,0.0,0
0.4045,62,0,0.5049,10330.0,7,0,1,0,0.0,0
0.3301,62,0,1.0042,,7,0,0,2,0.0,0
0.9418,53,0,0.8597,2409.0,6,0,0,0,3.0,0
0.0421,52,0,0.6232,,9,0,1,0,2.0,0
0.3922,48,0,0.3868,,10,0,3,0,0.0,0
0.1085,48,0,0.1064,,13,0,0,0,3.0,0
0.7824,49,0,0.2827,5273.0,5,0,3,0,0.0,0
0.9051,52,0,0.4968,5370.0,7,0,3,0,1.0,0
0.6507,48,0,0.4579,8654.0,16,0,1,0,0.0,0
0.3976,26,0,0.559,5500.0,4,0,0,0,1.0,0
0.5206,37,0,0.504,6892.0,5,0,0,0,2.0,0
0.0892,54,0,0.6902,,13,0,2,0,0.0,0
1.3418,36,0,0.2916,,9,0,0,0,1.0,0
2.8466,39,0,0.259,6708.0,13,0,2,0,0.0,0
0.211,61,0,0.4312,,11,0,1,0,0.0,0
0.3514,28,1,0.6672,6727.0,8,0,3,1,3.0,0
0.1509,37,0,1.0943,3689.0,6,0,0,0,,0
0.1062,60,0,0.8119,12056.0,7,0,0,0,0.0,0
1.3844,41,1,0.498,4135.0,3,0,1,0,0.0,0
3.5822,50,0,0.3813,4564.0,7,0,1,0,0.0,0
0.5945,21,0,0.0969,20707.0,8,0,2,0,0.0,0
0.0523,65,0,0.3737,3077.0,12,0,0,0,2.0,0
0.3492,65,0,0.5342,6317.0,6,0,1,0,0.0,0
0.5924,51,0,0.1831,3897.0,6,0,0,0,1.0,0
0.6982,36,0,0.4477,3868.0,9,0,1,0,0.0,0
0.5804,73,0,0.4007,4917.0,12,0,2,0,1.0,0
0.2977,83,0,0.1434,,8,0,0,0,0.0,0
0.5941,75,0,0.1274,19271.0,16,0,0,0,0.0,1
0.921,64,0,0.6874,,10,0,0,0,1.0,1
1.417,54,0,0.2947,9844.0,11,0,0,0,2.0,0
0.1491,46,0,0.3132,,10,0,0,0,0.0,0
0.0306,70,0,0.6141,8752.0,8,0,1,0,0.0,0
0.4772,50,0,0.1693,5406.0,3,0,1,0,1.0,0
0.1872,21,0,0.1251,8078.0,10,0,1,0,0.0,0
0.93,52,0,0.5908,3525.0,9,0,0,0,0.0,0
0.4396,49,0,0.4215,2812.0,6,0,3,0,0.0,1
3.701,42,0,0.5719,5161.0,8,0,1,0,0.0,0
0.5478,63,0,0.6355,9837.0,10,0,1,0,0.0,0
2.4764,42,0,0.4563,11194.0,10,0,1,0,1.0,0
0.975,55,0,0.8046,4019.0,5,0,1,0,0.0,0
2.9686,21,0,0.5705,2759.0,2,0,0,0,1.0,1
0.0093,37,0,0.4605,2814.0,4,0,2,0,2.0,0
1.5567,47,2,0.6366,3247.0,6,0,0,0,0.0,0
0.2521,23,0,1.0752,3980.0,12,0,0,0,1.0,0
0.0922,38,0,0.231,,7,0,2,0,1.0,0
0.1709,62,0,0.6201,5028.0,6,0,1,0,0.0,0
0.1381,46,0,0.4117,3631.0,10,0,2,0,0.0,0
0.0081,72,0,0.4593,3594.0,5,0,0,0,1.0,0
0.245,56,0,0.5931,3187.0,8,0,0,0,0.0,0
0.686,34,0,0.5912,6866.0,9,0,0,0,1.0,0
0.3473,70,0,0.6704,5201.0,9,0,0,0,0.0,0
0.1369,61,0,0.9045,7942.0,9,0,2,0,1.0,0
6.9741,56,0,0.1822,7567.0,16,0,1,0,0.0,0
0.1871,66,0,0.4027,6219.0,11,0,0,0,0.0,1
0.132,38,0,0.1925,,8,0,4,0,0.0,0
0.1273,55,0,0.4464,4432.0,13,0,1,0,2.0,0
0.1882,41,0,0.0982,4273.0,10,0,0,0,0.0,0
0.2403,62,0,0.6969,5531.0,7,0,0,0,0.0,0
0.2093,35,0,0.225,,6,0,1,0,0.0,0
0.5652,54,0,0.5029,6584.0,4,0,0,0,1.0,0
2.0967,67,0,1.0076,,14,0,1,0,3.0,0
0.7904,48,0,0.6835,10426.0,6,0,0,0,1.0,0
0.5079,70,0,0.2646,,10,0,3,0,0.0,0
1.1301,43,0,0.3212,3863.0,11,0,4,0,0.0,0
0.1316,35,2,0.2412,3593.0,13,0,2,1,0.0,0
0.0487,56,0,0.5672,5086.0,7,0,0,0,0.0,0
1.3009,50,0,0.5358,8946.0,7,0,1,2,,0
0.7225,68,0,0.0666,17257.0,5,0,2,0,0.0,0
0.139,40,0,0.2124,12905.0,11,0,2,0,2.0,0
0.7246,65,0,0.8528,3629.0,6,0,0,0,1.0,0
0.1788,53,0,0.2445,11799.0,9,0,2,0,1.0,0
0.6331,65,0,0.3302,1842.0,12,0,4,0,0.0,1
0.5456,41,0,0.7959,8037.0,11,0,0,0,1.0,0
0.0694,47,0,0.387,,10,0,1,0,0.0,0
0.3838,53,0,0.8451,8705.0,6,0,1,0,1.0,0
0.1651,68,0,0.798,,15,0,1,0,2.0,0
1.5262,59,0,0.2547,3289.0,7,0,0,0,1.0,0
0.3669,32,0,0.9219,,6,0,1,0,1.0,0
0.0205,40,0,0.675,6146.0,11,0,1,0,2.0,0
0.4261,50,0,0.5021,1445.0,7,0,0,0,0.0,0
0.3732,42,0,0.7515,2477.0,10,0,2,0,0.0,0
1.5573,76,1,0.321,8106.0,12,0,1,1,0.0,0
0.2782,42,0,0.2941,7875.0,10,0,0,0,0.0,0
0.3547,35,0,1.1898,4382.0,11,0,0,0,1.0,0
0.5045,44,2,0.5582,4269.0,6,0,1,1,3.0,0
3.7802,60,0,0.459,,9,0,1,0,1.0,1
0.1538,47,0,0.4418,4706.0,11,0,0,0,0.0,0
3.9459,74,0,0.1103,11838.0,7,0,0,0,1.0,0
0.0545,32,0,0.128,6681.0,8,0,2,0,0.0,0
1.6564,48,0,1.1237,6199.0,5,0,3,0,1.0,0
0.1853,88,0,0.3545,,7,0,0,0,0.0,0
1.0497,60,0,0.2468,7944.0,9,0,3,0,1.0,0
0.3334,42,0,0.0955,2766.0,11,0,0,0,0.0,0
0.7658,29,0,0.3386,3734.0,6,0,0,0,0.0,0
0.4215,39,0,0.4142,8018.0,8,0,1,0,0.0,0
0.2368,52,0,1.0739,9059.0,6,0,0,0,1.0,0
0.2748,68,0,0.3888,8096.0,3,0,0,0,0.0,0
0.2708,36,0,0.6924,5987.0,4,0,0,0,2.0,0
1.5452,36,0,0.656,3735.0,9,0,0,0,4.0,0
0.0262,50,0,0.2656,4306.0,8,0,2,0,0.0,0
0.2472,77,0,0.0791,10480.0,13,0,2,0,0.0,0
1.02,68,0,0.2463,6916.0,5,0,0,0,0.0,0
0.7271,27,0,0.1751,4649.0,10,0,3,0,0.0,0
0.6913,50,0,0.6482,,6,0,0,0,2.0,0
0.1266,58,0,0.4527,2821.0,6,0,1,0,2.0,0
0.2544,51,0,0.1193,,5,0,1,0,,0
0.57,36,0,0.3924,2126.0,7,0,1,0,0.0,0
0.0708,65,0,0.4458,4650.0,12,0,1,0,1.0,0
0.1193,61,0,0.2134,4164.0,13,0,1,0,1.0,0
2.9535,72,0,0.0272,8079.0,4,0,0,0,1.0,1
2.2169,54,0,0.2145,3668.0,4,0,0,0,1.0,0
0.0539,46,0,0.1057,6512.0,11,0,0,0,0.0,0
1.0979,58,0,1.1965,,10,0,0,0,1.0,0
0.1922,41,0,1.0456,5135.0,5,0,2,0,1.0,0
0.6156,64,0,0.888,,3,0,0,0,0.0,0
0.018,76,0,0.34,,6,0,0,0,1.0,0
0.9279,37,0,0.4323,6271.0,7,0,2,0,2.0,0
0.6292,41,0,0.2965,,11,0,1,0,0.0,0
0.3499,74,0,0.7494,3939.0,8,0,0,0,1.0,0
1.422,64,0,0.1515,,10,0,1,0,0.0,0
0.1902,52,0,0.7993,8363.0,11,0,1,0,1.0,0
0.5285,31,0,0.5733,1663.0,7,0,0,0,2.0,0
0.1287,48,0,0.3572,5526.0,9,0,3,0,0.0,0
0.3991,48,0,0.6425,5981.0,11,0,1,0,,0
1.8969,44,0,0.8707,1538.0,9,0,1,0,0.0,0
0.4796,54,0,0.1348,,6,0,3,0,1.0,0
0.4554,26,0,0.6546,4450.0,8,0,2,0,0.0,0
0.0664,54,0,0.0506,2803.0,10,0,0,0,1.0,0
0.6654,56,0,0.8174,3403.0,5,0,1,0,1.0,0
0.058,46,0,0.5017,2535.0,7,0,1,0,2.0,0
0.331,69,0,0.1001,7355.0,10,0,1,0,0.0,0
0.3007,41,0,0.2342,,4,0,1,0,2.0,0
0.2482,59,0,1.1533,2538.0,5,0,0,0,0.0,0
0.1287,71,0,0.6525,6667.0,10,0,1,0,1.0,0
0.1506,61,0,0.3602,7903.0,7,0,1,0,0.0,0
4.6979,33,0,1.1065,2671.0,5,0,1,0,0.0,1
0.8103,77,0,0.5618,8241.0,8,0,0,0,0.0,0
0.3998,51,0,0.6222,2753.0,11,0,1,0,0.0,0
0.3869,65,0,0.462,7552.0,7,0,1,0,0.0,0
0.628,55,0,0.5339,25625.0,12,0,0,0,1.0,0
0.3574,69,0,0.8582,3479.0,7,0,0,0,0.0,0
0.4014,65,0,0.1617,7477.0,11,0,2,0,2.0,0
0.5801,48,0,0.1442,,9,0,1,0,0.0,0
0.4478,47,0,0.6947,5167.0,8,0,1,0,1.0,0
0.2372,60,0,0.1818,5138.0,3,0,0,0,0.0,0
0.2534,47,0,0.2377,9892.0,5,0,0,0,0.0,0
4.6623,65,0,0.4694,3800.0,7,0,0,0,1.0,0
0.2728,73,0,0.7472,1555.0,12,0,1,0,2.0,0
0.4538,58,0,0.4771,21009.0,9,0,1,0,0.0,0
0.1376,47,0,0.667,1178.0,8,0,1,0,1.0,0
0.4732,64,0,0.4655,,11,0,1,0,1.0,0
0.4398,69,0,0.4799,6046.0,6,0,0,0,1.0,0
3.91,48,0,0.187,8552.0,10,0,2,0,1.0,0
0.1891,40,0,0.3105,2454.0,7,0,0,0,0.0,0
0.0909,37,0,0.7105,1897.0,10,0,1,0,0.0,0
0.4352,39,0,0.6462,6305.0,6,0,1,0,,0
0.3145,55,0,1.1477,4953.0,6,0,1,0,1.0,0
1.0573,65,0,0.1192,6849.0,5,0,0,0,0.0,0
0.7526,33,1,0.1557,1682.0,10,1,1,0,2.0,0
0.1093,63,0,0.1224,8620.0,6,0,0,0,1.0,0
0.6392,64,0,1.5426,11325.0,7,0,1,0,2.0,0
1.5597,76,0,0.7792,10020.0,5,0,0,0,2.0,0
0.317,47,0,0.3097,2117.0,8,0,1,0,,0
0.7448,75,0,0.421,3656.0,3,0,0,0,0.0,0
0.0592,55,0,0.1108,2940.0,4,0,0,0,1.0,0
1.0195,47,0,0.2317,,8,0,0,0,0.0,0
2.1069,41,2,0.8643,3476.0,9,0,0,0,1.0,0
0.3865,50,0,0.1619,3169.0,10,0,2,0,0.0,0
2.5325,37,0,0.3492,9369.0,9,0,1,0,0.0,0
0.6763,48,0,1.1267,14961.0,7,0,2,0,1.0,0
0.1485,43,0,0.2044,,10,0,2,0,2.0,0
0.4041,27,0,0.4316,,3,0,2,0,1.0,0
0.4482,58,0,0.6244,,9,0,1,0,2.0,0
0.6212,57,0,0.0214,10544.0,4,0,1,0,1.0,0
0.2438,47,0,1.0008,8240.0,10,0,1,0,0.0,0
0.2446,59,0,0.7732,9874.0,14,0,0,0,1.0,0
0.9978,58,0,0.5958,,3,0,2,0,3.0,0
4.0668,33,0,0.1747,5452.0,5,0,1,0,0.0,0
0.559,57,0,0.0408,9269.0,6,0,0,0,0.0,0
0.5975,56,0,0.4249,15412.0,7,0,0,0,1.0,0
0.1674,48,0,0.7437,3725.0,6,0,0,0,0.0,0
0.1758,27,0,0.4115,6171.0,9,0,0,0,0.0,0
0.0077,95,0,0.5689,3873.0,8,0,0,0,1.0,0
2.1766,46,0,0.2355,,8,0,1,0,,0
0.7611,45,0,0.2016,,9,0,0,0,4.0,0
0.2602,56,0,1.3076,,11,0,0,0,1.0,0
0.2784,46,0,0.1587,13335.0,11,0,2,0,0.0,0
0.0008,41,0,0.8234,7606.0,6,0,2,0,1.0,0
0.1338,68,0,0.7619,4494.0,8,0,0,0,1.0,0
0.589,31,0,0.4023,6396.0,7,0,0,0,,0
0.9549,40,0,0.6153,5925.0,6,0,1,0,0.0,0
0.4587,43,0,0.8706,7112.0,7,0,2,0,2.0,0
0.2348,57,0,0.3996,,5,0,0,0,2.0,0
0.4014,71,0,0.5272,4133.0,4,0,0,0,0.0,0
0.0387,36,0,0.2801,8460.0,6,0,2,0,0.0,0
0.2628,52,0,0.7197,6270.0,13,0,2,0,0.0,0
0.2083,28,0,0.4858,,5,0,0,1,2.0,0
0.2496,40,0,0.2616,,13,0,4,0,3.0,0
0.4011,50,0,0.2499,10512.0,5,0,1,0,1.0,0
1.322,55,0,0.5409,21926.0,8,0,2,0,0.0,0
0.15,21,0,0.1498,1575.0,10,0,1,0,1.0,0
0.6448,33,0,0.4022,4768.0,8,0,1,0,0.0,0
0.2276,60,0,0.1302,,6,0,0,0,2.0,0
0.1809,62,0,0.0731,4082.0,3,0,1,0,0.0,0
0.2237,43,0,0.2484,7363.0,13,0,4,0,1.0,0
1.0191,44,0,0.2842,1334.0,8,0,2,0,,0
0.2473,42,0,0.4658,,11,0,0,0,1.0,0
0.2244,70,0,0.483,10663.0,10,0,2,0,1.0,0
0.7262,62,0,0.1829,2636.0,10,0,2,0,1.0,1
0.9093,74,0,0.342,6129.0,6,0,1,0,1.0,0
0.4168,70,0,0.5203,3748.0,8,0,1,0,1.0,0
0.5568,51,0,0.3665,3763.0,9,0,0,0,1.0,0
0.2628,49,0,0.2598,4629.0,11,0,0,0,2.0,0
0.6378,54,0,0.7449,,10,0,0,0,0.0,0
0.0192,51,0,0.5214,4449.0,4,0,0,0,1.0,0
0.3296,61,0,0.696,3204.0,10,0,1,0,1.0,0
0.4093,58,0,0.1857,6588.0,9,0,0,0,0.0,0
0.3639,68,0,0.8343,,5,0,1,0,0.0,0
0.1895,41,0,0.4448,1771.0,8,0,0,0,0.0,0
0.7396,58,0,0.0876,2035.0,5,0,2,0,2.0,0
0.4532,46,0,0.6782,4482.0,6,0,2,0,1.0,0
0.3507,66,0,0.3128,6067.0,9,0,0,0,3.0,0
0.6681,24,4,1.2533,2897.0,14,0,0,1,1.0,0
0.1229,61,0,0.7715,24017.0,7,0,0,0,2.0,0
0.6119,38,0,0.4707,,10,0,1,0,2.0,0
0.1458,51,0,0.3647,2633.0,11,0,0,0,0.0,0
0.6909,54,0,0.14,6803.0,8,0,1,0,1.0,0
0.2133,41,0,0.3553,4385.0,8,0,0,0,1.0,0
0.0889,45,0,0.9194,,11,0,1,0,1.0,0
0.1916,56,0,0.8987,3775.0,10,0,0,0,0.0,0
0.7249,49,0,0.2256,8220.0,8,0,1,0,1.0,0
3.5501,56,0,0.3701,,7,0,2,0,2.0,0
0.3843,66,0,0.1938,6454.0,8,0,0,0,0.0,0
0.8308,49,0,0.3533,,9,1,1,0,1.0,0
1.1811,65,0,0.6298,3085.0,7,0,2,0,,0
1.7169,38,0,0.5849,1301.0,6,0,0,0,3.0,0
2.0982,81,0,0.4885,5981.0,12,0,1,0,0.0,0
0.6281,34,0,0.9758,5511.0,6,0,0,0,1.0,0
0.0645,42,0,1.1233,8892.0,8,0,1,0,1.0,0
0.5548,68,0,0.6843,4286.0,10,0,3,0,0.0,0
0.0622,61,0,0.0265,8635.0,4,0,0,0,1.0,0
4.7198,58,0,0.1738,3862.0,9,0,1,0,2.0,1
0.2646,51,0,0.0543,2379.0,7,0,0,0,2.0,0
0.6321,41,0,0.4089,,8,0,3,0,0.0,0
2.5186,33,1,1.0343,4066.0,6,0,0,0,0.0,0
0.4018,60,0,0.1969,9372.0,13,0,1,0,1.0,0
0.2392,62,0,0.248,2071.0,9,0,1,0,1.0,0
0.6229,59,0,0.2428,6504.0,10,0,2,0,0.0,0
0.6896,49,0,0.0228,7025.0,11,0,0,0,1.0,0
0.0507,76,0,0.6111,3053.0,5,0,0,0,1.0,0
0.18,59,1,0.4757,2501.0,8,0,1,0,0.0,0
0.0697,54,0,0.3543,9522.0,6,0,1,0,1.0,0
0.4784,57,0,0.993,,8,0,2,0,0.0,1
0.2986,80,0,0.434,2392.0,4,0,1,0,0.0,0
0.1374,41,0,0.5213,1555.0,7,0,1,0,0.0,0
0.0771,42,0,0.5573,,5,0,1,0,0.0,0
0.4531,54,0,0.4243,,6,0,1,0,2.0,0
0.5134,51,0,0.5898,,12,0,1,0,,0
1.0784,63,0,0.0503,,8,0,0,0,1.0,0
0.2311,53,0,0.5264,5986.0,5,0,2,0,0.0,0
0.3086,63,0,0.9065,5409.0,8,0,2,0,0.0,0
0.2974,69,1,0.274,16113.0,12,0,1,0,1.0,0
0.4886,50,0,1.1768,4979.0,8,0,0,0,0.0,1
0.3343,76,0,0.1753,,6,0,0,0,1.0,0
0.07,51,0,0.8628,2994.0,10,0,3,0,5.0,0
0.5523,61,0,0.1169,5688.0,8,0,1,0,0.0,0
6.7587,51,0,0.1923,7428.0,8,0,3,0,0.0,0
0.2514,37,0,0.1097,6331.0,8,0,0,0,0.0,1
0.0739,48,0,0.1701,4551.0,8,0,1,0,0.0,0
0.1036,76,0,0.1729,12929.0,11,0,1,0,0.0,0
2.4088,32,0,0.9525,6106.0,20,0,1,0,2.0,0
5.6207,69,0,0.8331,6159.0,9,0,1,0,0.0,0
0.2012,27,0,0.2813,2815.0,7,0,3,0,0.0,0
0.4489,55,0,1.0723,3419.0,12,0,0,0,0.0,0
0.1568,69,0,0.9651,6780.0,5,0,1,0,1.0,0
0.2256,31,0,0.3377,7847.0,8,0,2,0,2.0,0
0.7196,41,0,0.5164,2437.0,9,0,1,0,0.0,0
0.1311,71,0,1.1284,,3,0,1,0,0.0,0
2.2476,44,0,0.174,,9,0,0,0,0.0,0
0.1903,49,0,0.3989,19766.0,8,0,0,0,1.0,0
4.5013,48,0,0.3052,,9,0,0,0,1.0,0
1.8417,34,0,0.8444,2504.0,4,0,2,0,2.0,0
0.4112,56,0,0.2844,6615.0,13,0,1,0,2.0,0
0.4863,71,0,0.7588,,7,0,1,0,3.0,0
7.4061,55,0,0.256,7534.0,6,0,1,0,1.0,0
1.0593,70,0,0.3683,,9,0,0,0,2.0,1
0.6648,48,0,0.3792,5725.0,8,0,1,0,1.0,0
0.3736,56,0,0.997,5566.0,6,0,2,0,0.0,0
0.4235,66,0,0.7401,3168.0,13,0,1,0,1.0,0
0.5827,55,0,0.2044,3481.0,10,0,0,0,0.0,0
0.0916,37,0,0.521,5400.0,11,0,0,0,1.0,0
0.2241,42,0,0.749,4988.0,8,0,0,0,1.0,0
0.0991,53,0,0.9866,10900.0,7,0,0,0,1.0,0
0.3085,64,0,0.6257,8803.0,4,0,0,0,1.0,0
0.7865,50,2,0.6965,7478.0,9,0,0,0,3.0,0
0.2059,66,0,0.2135,4573.0,4,0,0,0,2.0,0
0.0561,78,0,0.292,6127.0,11,0,3,0,1.0,0
2.159,68,0,0.3607,12357.0,7,0,1,0,1.0,0
0.5085,46,1,0.8004,,2,2,0,0,0.0,0
0.2322,48,0,0.4371,1169.0,9,0,3,0,0.0,0
0.3991,71,0,0.7489,4468.0,9,0,1,0,1.0,0
0.9331,56,0,0.5231,4082.0,5,0,1,0,0.0,0
1.8431,53,0,0.7962,7157.0,10,0,1,0,1.0,0
2.2846,50,0,0.6635,5570.0,5,0,1,0,1.0,0
0.1528,40,0,0.1558,1247.0,7,0,2,0,0.0,0
0.5713,39,0,0.7334,8403.0,7,0,2,0,2.0,0
0.3001,46,0,0.2505,8139.0,7,0,0,0,0.0,0
2.1089,46,0,0.5535,6701.0,9,0,2,0,4.0,0
0.1081,60,0,0.3518,2514.0,11,0,0,0,2.0,0
0.5642,47,0,0.1859,4336.0,4,0,1,0,1.0,0
0.1679,52,0,0.2867,,8,0,0,0,0.0,0
0.1764,46,0,0.9663,2204.0,9,0,0,0,1.0,0
0.0662,47,0,0.8623,13707.0,12,0,0,0,0.0,0
0.2073,56,0,0.5633,4184.0,7,0,2,0,1.0,0
0.3953,21,0,0.5389,2013.0,10,0,1,0,,0
1.0657,71,0,0.4238,,6,0,0,0,1.0,0
0.5451,50,0,0.285,6191.0,7,0,0,0,0.0,0
3.945,38,0,0.295,,11,0,0,0,0.0,0
0.3044,36,0,0.3194,,11,0,2,0,1.0,0
1.4424,53,0,0.1537,,7,1,1,0,1.0,0
0.2331,21,0,0.4539,4133.0,12,0,0,0,1.0,0
0.4729,70,0,0.3717,7885.0,6,0,0,0,1.0,0
1.6027,41,0,0.145,2407.0,11,0,2,0,0.0,0
0.1581,70,0,0.664,8796.0,7,0,1,0,0.0,0
0.1756,60,0,0.394,7715.0,8,0,0,0,0.0,0
0.9581,51,0,0.2826,3683.0,12,0,3,0,2.0,0
1.2083,63,0,0.0834,11967.0,6,0,1,0,0.0,0
1.0031,43,0,0.1453,2599.0,9,0,0,0,1.0,0
0.8592,48,0,0.6619,13915.0,9,0,0,0,0.0,0
1.2214,77,0,0.4214,5556.0,8,0,1,0,1.0,0
0.7079,61,0,0.3071,4408.0,7,0,1,0,0.0,0
0.0324,64,0,0.8296,,6,0,1,0,1.0,0
1.0861,52,0,1.0791,4512.0,10,0,2,0,2.0,0
0.4295,39,0,0.1553,7111.0,9,0,2,0,0.0,0
0.0566,50,0,0.2337,3331.0,11,0,0,0,2.0,0
0.4912,35,0,0.1776,6354.0,9,0,2,0,0.0,0
0.1403,31,0,0.6993,3970.0,10,0,4,0,1.0,0
0.2694,53,0,0.2954,8317.0,10,0,2,0,0.0,0
0.5713,41,0,0.5414,8237.0,12,0,0,0,1.0,0
0.1982,58,0,0.3282,,11,0,0,0,1.0,0
0.1482,43,0,0.2307,,6,0,3,0,0.0,0
0.0566,27,0,0.4376,3316.0,9,0,1,0,1.0,0
0.8975,62,0,0.0494,5561.0,11,0,0,0,0.0,0
0.1608,61,0,0.5512,,7,0,1,0,3.0,0
0.1101,59,0,0.3351,,11,0,2,0,3.0,0
2.7243,46,1,0.0437,4716.0,8,0,2,1,0.0,0
0.4745,68,0,0.2174,3268.0,7,0,2,0,0.0,0
0.403,50,0,0.114,4645.0,8,0,1,0,0.0,0
0.0658,53,0,0.8742,10277.0,9,0,1,0,0.0,0
1.4651,59,0,0.3633,9190.0,8,0,0,0,3.0,0
0.2998,35,0,0.261,14825.0,5,0,1,0,1.0,0
0.0606,52,0,0.374,3934.0,7,0,0,0,0.0,0
0.3661,51,0,0.5184,4714.0,12,0,0,0,1.0,0
6.4305,59,0,0.1193,16984.0,9,0,1,0,3.0,0
5.0454,57,0,0.2014,4077.0,3,0,0,0,1.0,0
0.06,69,0,0.2474,3753.0,5,0,3,0,1.0,0
0.0835,74,0,0.3278,6317.0,9,0,2,0,1.0,0
0.1209,48,0,0.4654,4042.0,11,0,1,0,6.0,0
0.0824,25,0,0.6732,,7,0,0,0,1.0,0
0.4142,23,0,0.5478,2675.0,15,0,0,0,0.0,0
3.2429,67,0,1.1126,5062.0,9,0,2,0,0.0,1
1.6427,38,0,0.6768,10138.0,2,0,0,0,1.0,0
0.5389,47,0,0.8733,,9,0,2,0,0.0,0
0.3382,66,0,0.6711,4599.0,5,0,3,0,1.0,0
0.6065,55,0,0.7526,2980.0,10,0,0,0,,0
0.2761,83,0,0.1526,5112.0,9,0,1,0,2.0,0
0.3717,65,0,0.244,3033.0,6,0,3,0,0.0,0
0.3552,44,0,0.3061,7622.0,8,0,2,0,0.0,0
1.2719,43,3,0.4628,8092.0,5,0,1,0,0.0,0
6.1163,65,0,0.5437,12840.0,7,0,1,0,0.0,0
0.1688,47,0,0.3477,7848.0,5,0,0,0,1.0,0
0.3195,62,0,0.1806,4082.0,7,0,0,0,1.0,0
0.4516,77,0,1.5024,4224.0,9,0,4,0,2.0,1
0.1964,35,0,0.2744,7163.0,6,0,0,0,4.0,0
0.5937,38,0,0.1197,3794.0,10,0,1,0,0.0,0
0.2754,32,3,0.7034,7621.0,8,0,1,0,4.0,0
0.7304,33,0,0.7864,13256.0,8,0,2,0,1.0,0
0.4006,41,0,1.163,9420.0,10,0,1,0,,0
0.0477,48,0,0.624,10231.0,8,0,0,0,2.0,0
0.3746,45,0,0.5351,,9,0,3,0,0.0,0
0.5164,55,0,0.9637,5713.0,16,0,2,0,1.0,0
0.3722,48,0,0.3086,3584.0,5,0,0,0,2.0,0
0.5059,65,0,0.6406,9528.0,9,0,1,0,2.0,0
0.7169,95,0,0.3111,13670.0,8,0,3,0,1.0,0
0.3822,50,0,0.8811,2809.0,9,0,1,0,1.0,0
0.0667,45,0,0.3698,8198.0,7,0,0,0,1.0,0
0.1821,40,0,0.5795,,9,0,3,0,2.0,0
0.3865,29,2,0.1572,4464.0,5,0,0,1,1.0,0
0.4818,43,0,0.0587,9453.0,7,0,0,0,2.0,0
1.0406,54,0,0.9441,,10,0,1,0,1.0,0
0.3193,51,0,0.4787,8023.0,6,0,3,0,1.0,0
0.6886,76,0,0.5845,3866.0,10,0,1,0,2.0,1
0.4053,58,0,0.2072,4029.0,7,0,4,0,0.0,0
0.0168,69,0,0.4751,3675.0,2,0,1,0,2.0,0
0.6655,46,4,0.5563,2953.0,7,0,0,3,0.0,0
0.2734,30,0,0.2909,4390.0,8,0,1,0,2.0,0
6.019,63,0,0.4165,10720.0,9,0,1,0,0.0,0
3.6968,64,2,0.2501,5558.0,11,2,4,1,1.0,0
0.3966,38,0,0.4663,,11,0,1,0,1.0,0
2.1487,25,0,0.148,4587.0,9,0,0,0,1.0,0
0.134,28,0,0.2978,2317.0,7,0,2,0,0.0,0
0.208,66,0,0.5561,12680.0,7,0,1,0,1.0,0
2.9516,54,0,0.6072,14846.0,4,0,1,0,1.0,0
0.0235,50,0,0.3576,,9,0,1,0,1.0,0
0.7708,62,0,0.695,7852.0,7,0,0,0,0.0,0
0.3011,48,0,0.0891,1928.0,9,0,1,0,3.0,0
0.019,28,0,0.7274,5697.0,8,0,2,0,0.0,0
0.5825,44,0,0.3957,2985.0,6,0,0,0,0.0,0
0.854,92,0,0.442,7884.0,8,0,0,0,1.0,0
1.0622,69,0,0.8949,8554.0,4,0,0,0,1.0,0
0.3473,57,0,0.2386,3402.0,9,0,1,0,0.0,0
0.5189,42,0,0.5675,2032.0,7,0,0,0,0.0,1
0.6234,58,0,0.6501,,9,0,1,0,1.0,0
3.2398,67,2,0.7035,6016.0,7,0,0,1,2.0,0
0.0027,58,0,0.9122,9003.0,8,0,0,0,1.0,0
0.9588,52,0,0.4651,6422.0,9,0,1,0,0.0,0
0.5519,47,0,0.8726,,11,0,1,0,0.0,1
0.4894,68,0,0.1333,,6,0,1,0,0.0,0
3.904,52,0,0.6991,7349.0,14,0,1,0,0.0,0
0.0837,49,0,0.143,2294.0,7,0,1,0,0.0,0
0.0452,50,0,0.7809,8353.0,7,0,1,0,0.0,0
0.4037,44,0,0.5734,4081.0,7,0,2,0,0.0,0
0.4134,55,0,0.0862,3966.0,7,0,0,0,3.0,0
0.649,27,0,0.2342,9068.0,2,0,1,0,0.0,0
0.5194,44,0,1.038,7545.0,16,0,2,0,5.0,0
0.3853,41,1,0.1761,3029.0,4,0,1,0,0.0,0
0.8226,62,0,0.1683,,6,0,0,0,0.0,0
0.1811,57,0,0.5961,4314.0,10,0,1,0,0.0,0
1.6036,86,0,0.1429,,8,0,2,0,0.0,1
6.0587,49,0,0.2629,3240.0,4,0,2,0,1.0,0
0.4112,62,0,1.099,5806.0,10,0,1,0,0.0,0
0.9498,24,3,0.4309,3924.0,9,0,1,2,1.0,0
0.1223,52,0,0.8142,3272.0,0,0,1,0,1.0,0
0.411,43,0,0.5195,2343.0,10,0,1,0,0.0,0
10.9161,34,0,0.701,8701.0,9,0,1,0,0.0,0
0.4268,55,0,0.2783,3084.0,4,0,1,0,1.0,0
0.5822,76,0,0.6094,4142.0,10,0,1,0,1.0,0
0.668,57,0,0.5317,,10,0,2,0,0.0,0
0.1227,32,0,0.2121,2467.0,8,0,2,0,0.0,0
0.6036,24,0,0.345,,6,0,0,0,0.0,1
3.3677,55,0,0.0761,5532.0,4,0,1,0,0.0,0
1.1398,44,0,0.2649,4373.0,12,0,0,0,0.0,0
0.755,34,0,0.8992,8787.0,8,0,2,0,0.0,0
0.4652,61,0,0.1257,7473.0,14,0,1,0,1.0,0
0.3587,70,0,0.4905,12275.0,8,0,3,0,0.0,0
0.2405,30,0,0.3228,7700.0,4,0,0,0,0.0,0
0.288,66,0,0.7654,7681.0,9,0,1,0,1.0,0
0.1411,42,0,0.2888,8625.0,17,0,1,0,0.0,0
0.1584,50,0,0.4416,2814.0,6,0,1,0,1.0,0
0.1099,67,0,1.0582,5973.0,12,0,0,0,1.0,0
1.3071,40,0,0.9133,13519.0,11,0,1,0,0.0,0
0.6898,50,0,0.2194,5509.0,8,0,1,0,1.0,0
0.1174,38,0,0.671,4120.0,6,0,3,0,3.0,0
0.4108,57,0,0.6375,,11,0,0,0,0.0,0
0.4148,58,0,0.3294,3256.0,6,0,1,0,,0
1.4125,32,0,0.6424,5929.0,10,0,0,0,0.0,0
1.1445,40,0,1.0132,21335.0,13,0,1,0,1.0,0
0.6986,72,0,0.3408,5243.0,8,0,1,0,2.0,0
0.236,60,0,0.5577,,10,0,1,0,0.0,0
0.3626,55,0,0.3609,,3,0,2,0,2.0,0
2.5973,66,0,0.3676,4361.0,7,0,1,0,1.0,0
0.4624,41,0,0.6298,2752.0,7,0,2,0,1.0,1
0.5498,47,0,0.3556,7376.0,8,0,2,0,2.0,0
0.0492,39,0,0.2892,7396.0,8,0,1,0,0.0,0
0.3499,31,0,0.5508,11341.0,4,0,2,0,1.0,0
0.0433,42,0,0.9714,,7,0,0,0,2.0,0
0.7055,51,0,0.2546,6460.0,7,0,1,0,0.0,0
5.153,60,0,0.1484,5782.0,5,0,1,0,0.0,0
0.1631,69,0,0.3139,16108.0,9,0,1,0,3.0,0
1.0571,53,0,0.6102,2289.0,5,0,0,0,1.0,1
2.638,60,0,0.2108,11938.0,10,0,1,0,0.0,0
1.5074,65,0,0.9672,4185.0,9,0,2,0,0.0,0
0.2168,65,0,0.4435,2701.0,6,0,3,0,1.0,0
0.1278,43,0,0.1873,2536.0,7,0,0,0,0.0,0
0.3748,42,0,0.4661,6027.0,10,0,0,0,1.0,0
0.7641,52,0,0.418,3554.0,9,0,2,0,2.0,0
0.0976,81,0,0.3838,5923.0,11,0,1,0,0.0,0
0.679,65,0,0.2777,2913.0,13,0,1,0,0.0,0
0.0431,46,0,0.3948,4764.0,10,0,0,0,0.0,0
0.6572,52,0,0.1271,1467.0,9,0,1,0,1.0,0
0.6044,56,0,0.3244,1301.0,4,0,0,0,1.0,0
0.26,35,0,0.2464,5598.0,9,0,1,0,0.0,0
0.0366,41,0,0.5093,3395.0,10,0,0,0,2.0,0
0.2253,58,0,0.6269,13206.0,8,0,0,0,0.0,0
0.4337,62,0,0.7717,5590.0,10,0,0,0,0.0,0
4.3648,50,0,0.9625,2439.0,10,0,2,0,1.0,0
0.282,46,0,0.3424,5948.0,4,0,0,0,0.0,0
0.6473,57,0,0.594,4895.0,8,0,1,0,0.0,0
0.6582,38,0,0.9579,2579.0,5,0,0,0,0.0,1
0.8926,39,0,0.0771,900.0,6,0,0,0,0.0,0
0.0066,93,0,0.5709,,7,0,0,0,,0
1.5112,41,0,0.5866,9496.0,5,0,2,0,1.0,0
0.1787,64,0,0.8306,15630.0,11,0,1,0,1.0,0
0.1741,47,0,0.9212,4727.0,9,0,1,0,0.0,0
0.5951,61,0,0.6641,,7,0,3,0,0.0,0
0.2411,65,0,0.5021,,6,0,1,0,0.0,0
0.1423,30,0,0.0621,6495.0,13,0,1,0,2.0,0
0.3041,51,0,0.332,5197.0,7,0,0,0,0.0,0
2.1907,35,0,0.0348,6051.0,12,0,1,0,0.0,0
0.5389,39,0,0.9243,2541.0,7,0,1,0,0.0,0
0.582,71,2,0.4128,,3,1,0,0,1.0,0
1.0957,41,0,0.1748,,9,0,1,0,1.0,0
0.5685,42,0,0.2014,6024.0,5,0,0,0,0.0,0
0.2777,61,0,0.3068,6794.0,8,0,1,0,3.0,0
2.5741,93,0,0.9018,2628.0,6,0,2,0,1.0,0
0.4247,46,0,0.7024,7807.0,11,0,3,0,0.0,0
4.2935,41,0,0.2654,,6,0,2,0,0.0,0
0.5328,50,0,0.2915,7187.0,6,0,1,0,0.0,0
0.3472,62,0,0.2792,4102.0,10,0,0,0,1.0,0
0.1008,66,3,0.7154,5348.0,10,0,1,0,0.0,0
0.2826,34,0,0.1882,6380.0,7,0,1,0,1.0,0
2.6437,77,0,0.4166,4020.0,8,0,1,0,0.0,0
0.4846,60,0,0.2688,8815.0,10,0,1,0,,0
0.4114,41,0,0.7692,7610.0,10,0,0,0,2.0,0
0.7517,49,0,0.243,,11,0,1,0,1.0,0
0.695,59,1,0.4092,6128.0,6,0,3,0,0.0,0
0.2432,52,0,0.3386,,4,0,1,0,2.0,0
0.1444,50,0,0.4061,5462.0,3,0,0,0,1.0,0
0.1001,81,0,0.2678,1968.0,11,0,3,0,0.0,0
3.9152,59,0,0.8148,1915.0,8,0,2,0,2.0,0
0.8332,46,1,0.1597,3840.0,8,0,1,0,0.0,0
0.2713,47,0,0.3599,2842.0,9,0,1,0,0.0,0
0.4503,76,0,0.4196,,5,0,1,0,1.0,0
0.5392,57,0,0.5496,9897.0,9,0,0,0,1.0,0
0.6865,37,0,0.2222,5152.0,13,0,0,0,0.0,0
0.5374,49,0,1.2271,9162.0,8,0,1,0,1.0,0
0.6113,52,0,0.0311,,8,0,2,0,1.0,0
0.0831,38,0,0.5701,,10,0,1,0,3.0,0
0.209,75,0,0.4035,,9,0,2,0,1.0,0
5.6003,34,0,0.7019,28434.0,10,0,1,0,0.0,0
0.2661,75,0,0.4706,3958.0,9,0,3,0,0.0,0
0.5131,36,0,0.5137,5249.0,9,0,0,0,0.0,0
0.6264,56,0,0.4079,9562.0,8,0,1,0,1.0,0
0.7107,69,0,0.436,7448.0,6,0,1,0,1.0,0
0.6946,50,0,0.6885,4237.0,14,0,1,0,0.0,0
0.5507,40,0,0.1062,7401.0,7,0,1,0,0.0,0
0.0801,54,0,0.5199,8539.0,9,0,2,0,0.0,0
2.7832,58,0,0.6722,4988.0,9,0,3,0,0.0,0
0.0734,71,0,0.1935,10057.0,10,0,2,0,1.0,1
0.3632,35,0,0.8663,5006.0,4,0,1,0,2.0,0
1.1315,39,0,0.1729,10435.0,7,0,3,0,1.0,0
0.3702,81,0,0.6553,4791.0,12,0,2,0,0.0,0
4.8859,55,0,0.3723,13659.0,6,0,1,0,1.0,0
2.4489,58,0,0.3001,6545.0,5,0,0,0,0.0,0
2.9725,62,0,0.5166,,5,0,0,0,0.0,0
1.7113,54,0,0.6539,3147.0,17,0,2,0,0.0,0
0.0031,69,0,0.2638,9459.0,4,0,0,0,,0
0.2369,61,0,0.0585,5203.0,10,0,1,0,0.0,0
0.4708,53,0,0.1041,3572.0,14,0,1,0,1.0,0
0.2235,31,0,0.8363,8507.0,14,0,1,0,2.0,0
0.0447,66,0,0.0345,7265.0,7,0,3,0,0.0,0
0.0904,78,0,0.3313,,6,0,2,0,1.0,0
0.5562,69,0,0.6157,3001.0,8,0,1,0,0.0,0
0.4805,21,0,0.0465,2220.0,8,0,1,0,0.0,0
0.135,69,0,0.4512,3511.0,8,0,2,0,1.0,0
0.1436,61,0,0.2123,14103.0,12,0,2,0,0.0,0
1.4174,53,0,0.3929,4811.0,8,0,0,0,0.0,0
0.7332,34,0,0.7235,3049.0,9,0,0,0,0.0,0
0.4495,41,0,0.218,6108.0,3,0,1,0,2.0,0
0.1952,58,0,0.5582,6185.0,6,0,1,0,1.0,0
0.5572,46,0,0.7478,6644.0,10,0,0,0,1.0,0
0.4714,81,0,0.339,17537.0,9,0,0,0,1.0,0
0.6104,30,0,0.6285,,10,0,1,0,0.0,0
0.3544,51,0,0.1035,4011.0,5,0,1,0,0.0,0
0.3664,29,0,0.9929,4074.0,9,0,1,0,0.0,0
0.3935,29,0,0.2125,6357.0,10,0,1,0,2.0,0
0.4306,36,0,0.7569,2489.0,10,0,0,0,1.0,0
0.4419,27,0,0.4244,7537.0,3,0,3,0,1.0,0
0.031,60,0,0.3734,9678.0,7,0,0,0,0.0,0
0.557,41,0,0.9739,9273.0,8,0,1,0,2.0,0
0.3618,37,0,0.1874,4788.0,8,0,2,0,,0
0.3083,52,0,0.2731,6089.0,6,0,2,0,0.0,0
0.4416,49,0,0.2418,4931.0,11,0,2,0,0.0,0
0.8986,48,0,0.8311,5000.0,8,0,1,0,0.0,0
0.7146,46,0,0.2436,9952.0,10,0,0,0,1.0,0
2.4351,57,0,0.1009,6735.0,10,0,0,0,2.0,0
0.4304,61,0,0.1958,4287.0,8,0,2,0,1.0,0
3.2926,38,0,0.1617,4221.0,6,0,2,0,0.0,0
0.1589,75,0,0.1333,5687.0,6,0,0,0,0.0,0
0.9633,52,0,0.917,6875.0,9,0,1,0,0.0,0
2.6212,68,1,0.4583,,12,0,1,0,0.0,0
0.1308,53,0,0.8541,3171.0,9,0,1,0,0.0,0
0.3405,64,0,0.2793,5394.0,7,0,2,0,2.0,0
1.0673,31,0,0.4199,5957.0,7,0,0,0,1.0,0
0.1401,36,0,0.9724,,9,1,0,0,0.0,0
0.0176,43,0,0.5909,5676.0,5,0,0,0,1.0,0
1.1107,34,2,0.2441,,7,1,0,0,0.0,0
0.0573,56,0,0.4598,,4,0,4,0,1.0,0
0.0041,52,0,0.1587,5822.0,6,0,2,0,1.0,0
0.4631,38,0,0.5019,,10,0,3,0,2.0,0
0.9766,59,0,0.3199,1665.0,6,0,2,0,1.0,0
1.6709,63,0,0.1281,5993.0,6,0,0,0,2.0,0
0.1255,23,0,1.1131,6721.0,8,0,1,0,2.0,0
0.8268,66,0,0.6047,2490.0,7,0,2,0,1.0,0
0.2999,61,0,0.4314,16026.0,5,0,0,0,1.0,0
1.5983,30,0,0.4604,6916.0,5,0,0,0,1.0,0
0.8093,42,0,0.4443,,9,0,0,0,0.0,0
0.6523,43,0,0.1722,26131.0,11,0,1,0,0.0,0
0.4011,38,0,0.4342,2329.0,8,0,1,0,0.0,0
0.5736,73,0,0.473,,6,0,2,0,0.0,1
0.5804,45,0,0.3862,7926.0,9,0,0,0,1.0,0
0.0456,21,0,0.4275,9949.0,6,0,1,0,0.0,0
0.4177,48,0,0.5043,3588.0,4,0,0,0,1.0,0
0.2062,43,0,0.9062,6641.0,5,0,1,0,0.0,0
0.5906,42,0,0.4019,8306.0,6,0,1,0,0.0,0
0.0141,56,0,0.395,14175.0,9,0,1,0,0.0,0
0.1054,32,0,0.1212,6908.0,13,0,1,0,0.0,0
0.1119,77,0,0.1417,,9,0,1,0,0.0,0
0.5707,50,0,0.8081,2904.0,8,0,0,0,0.0,0
0.0717,52,0,0.4723,7537.0,11,0,2,0,0.0,0
0.3745,46,0,0.3399,3989.0,8,0,1,0,1.0,0
0.2418,74,0,0.6552,3513.0,11,0,0,0,0.0,0
0.2724,42,0,0.4755,,10,0,0,0,1.0,0
0.1179,55,0,0.6373,5660.0,11,0,0,0,1.0,0
0.0327,57,0,0.2346,13531.0,10,0,0,0,1.0,0
0.4745,49,0,0.2399,,8,0,0,0,0.0,0
0.256,60,0,0.2802,17705.0,7,0,0,0,0.0,0
0.7903,64,0,0.1738,4689.0,7,0,0,0,0.0,0
0.3668,62,0,0.6732,,10,0,1,0,0.0,0
0.3905,51,0,0.2462,6198.0,7,0,1,0,2.0,0
0.8762,48,0,0.5155,8729.0,12,0,1,0,0.0,0
0.1685,54,0,0.6,3683.0,3,0,0,0,2.0,0
0.6708,46,0,0.6326,2551.0,8,0,2,0,0.0,0
0.0684,37,0,0.7455,5360.0,6,0,2,0,0.0,0
4.0776,54,0,0.5826,4179.0,5,0,1,0,1.0,0
0.244,73,0,0.4719,10759.0,6,0,0,0,1.0,0
0.4261,59,0,0.7636,3549.0,11,0,0,0,1.0,0
0.8533,33,0,0.5426,4730.0,11,0,2,0,1.0,0
0.438,53,2,0.0856,4348.0,11,0,2,0,1.0,0
0.0838,65,0,0.9947,8806.0,7,0,0,0,0.0,0
0.5661,50,0,0.345,5047.0,8,0,1,0,1.0,1
0.0625,54,0,0.6479,4648.0,10,0,0,0,0.0,0
0.3265,95,2,0.2361,,13,0,1,0,2.0,0
0.0024,78,0,0.5778,6961.0,4,0,0,0,0.0,0
0.5466,52,0,0.5815,4739.0,5,0,0,0,2.0,0
0.0883,62,0,0.5292,1605.0,11,0,0,0,3.0,0
0.7067,49,0,0.4499,,7,0,0,0,0.0,0
1.2703,48,0,0.3093,,8,0,1,0,1.0,0
0.1409,66,0,0.1378,3239.0,3,0,1,0,1.0,0
1.4414,66,0,0.8658,5312.0,9,0,1,0,2.0,0
0.2895,62,4,0.9147,2212.0,20,0,1,1,0.0,0
1.1611,49,2,0.0321,9422.0,6,0,1,0,1.0,0
0.5683,78,0,0.8785,10805.0,8,0,2,0,2.0,0
0.118,37,0,0.2393,14743.0,4,0,5,0,1.0,0
0.2081,54,3,0.1501,12599.0,5,0,2,0,1.0,0
0.8949,36,0,0.8772,2507.0,5,0,1,0,0.0,0
0.2484,54,0,0.1451,2557.0,10,0,2,0,0.0,0
0.112,48,0,1.2415,,9,0,1,0,0.0,0
3.5274,72,0,0.4811,3449.0,10,0,2,0,1.0,0
0.0022,53,0,0.3745,2214.0,5,0,1,0,0.0,0
0.7794,72,2,0.8714,4466.0,10,0,2,1,1.0,0
0.2829,50,0,0.2157,9104.0,9,0,1,0,0.0,0
0.1569,46,0,0.8323,5303.0,3,0,0,0,1.0,0
1.2343,59,0,1.2052,,13,0,1,0,1.0,1
1.5016,23,0,0.4916,,9,0,1,0,0.0,1
0.5197,48,0,1.0713,5350.0,4,0,2,0,0.0,0
0.4082,56,0,0.6364,5016.0,7,0,0,0,1.0,0
1.5811,84,0,0.3475,9508.0,9,0,1,0,0.0,0
0.0636,62,0,0.1461,6473.0,10,0,2,0,1.0,0
0.2101,27,0,0.9221,,10,0,1,0,0.0,0
0.1258,43,0,0.4349,18706.0,5,0,1,0,0.0,0
0.6236,37,0,0.3785,4997.0,5,0,0,0,0.0,0
0.1627,59,0,0.0962,,7,0,0,0,1.0,0
1.3451,66,0,0.484,2849.0,7,0,0,0,0.0,0
0.4747,32,0,0.5478,6269.0,6,0,1,0,0.0,0
0.2824,69,0,0.4749,3955.0,9,0,1,0,2.0,0
0.2797,40,0,0.5063,1852.0,9,0,2,0,0.0,0
0.2764,40,0,0.3557,,11,0,0,0,0.0,0
0.2893,36,0,1.0195,5054.0,5,0,0,0,2.0,0
0.0316,45,0,0.2113,6195.0,10,0,2,0,2.0,0
0.4104,53,0,0.5959,4690.0,5,0,2,0,1.0,0
0.704,69,0,1.341,,4,0,1,0,3.0,1
0.5162,35,0,0.3576,3007.0,8,0,0,0,0.0,0
0.0792,35,2,0.4536,2584.0,8,0,0,1,0.0,0
2.3426,65,0,0.7893,,6,0,0,0,1.0,0
0.1152,48,0,0.065,22748.0,10,0,1,0,0.0,0
0.011,43,0,0.4566,2416.0,10,0,0,0,2.0,0
0.6652,56,0,0.72,4418.0,3,0,0,0,1.0,0
0.0731,45,0,0.0876,9176.0,12,0,0,0,2.0,0
0.4518,39,0,0.4219,2005.0,8,0,0,0,1.0,0
0.747,48,0,0.7939,,13,0,1,0,3.0,0
0.5761,56,0,0.6623,4391.0,2,0,5,0,0.0,0
0.3029,37,0,0.7207,4111.0,6,0,2,0,1.0,0
0.0915,67,0,0.3643,5874.0,6,0,0,0,0.0,0
0.3249,50,0,0.758,4385.0,5,0,1,0,1.0,0
0.4613,50,0,0.2092,4829.0,10,0,3,0,0.0,0
0.0558,44,0,1.3191,4156.0,6,0,0,0,1.0,0
0.2239,47,0,0.5016,14080.0,12,0,0,0,0.0,0
0.1411,42,0,0.1111,2809.0,5,0,1,0,1.0,0
0.4181,68,0,0.5596,7364.0,4,0,0,0,1.0,0
0.7306,54,0,0.7522,5980.0,4,0,1,0,,0
1.6705,45,0,0.6055,7264.0,5,0,1,0,0.0,0
0.4742,40,0,0.4699,,4,0,2,0,0.0,0
0.3718,46,0,1.1204,1692.0,10,0,0,0,0.0,0
0.3529,59,0,0.0813,6480.0,11,0,1,0,0.0,0
0.3232,47,0,0.8835,3915.0,7,0,1,0,0.0,0
1.229,49,0,0.5728,3451.0,4,0,4,0,1.0,0
0.5303,54,0,0.655,2753.0,7,0,2,0,0.0,0
0.109,44,0,0.4851,5771.0,6,0,1,0,0.0,0
0.3444,51,0,0.8879,12307.0,2,0,2,0,0.0,0
0.5677,81,0,0.0152,4129.0,7,0,2,0,0.0,0
0.3944,55,0,0.3831,4981.0,12,0,0,0,,0
0.2093,55,0,0.1588,,6,0,1,0,0.0,0
0.3173,42,0,0.4694,6962.0,14,0,1,0,0.0,0
0.8769,64,0,0.3579,,9,0,0,0,0.0,0
0.2312,43,0,0.9789,11124.0,6,0,0,0,0.0,0
0.0832,57,0,0.7207,,8,0,2,0,1.0,0
0.1002,23,0,0.4906,3446.0,12,0,0,0,2.0,0
0.5658,41,0,0.1805,9123.0,10,0,2,0,1.0,0
0.7221,44,0,0.401,,4,0,0,0,1.0,1
0.4542,48,0,0.3272,9250.0,3,0,3,0,3.0,0
0.4411,46,0,0.6531,,9,0,0,0,2.0,0
0.3129,69,0,0.8225,4096.0,6,0,2,0,0.0,0
0.8037,51,0,0.5577,,7,0,1,0,1.0,0
0.8743,69,0,0.3544,5019.0,8,0,1,0,1.0,0
0.8745,39,1,0.0729,2831.0,10,0,1,0,0.0,0
0.0151,35,0,0.4676,5722.0,9,0,0,0,0.0,0
0.0337,73,0,0.6708,7089.0,7,0,1,0,2.0,0
1.1424,39,0,0.5242,7476.0,8,0,1,0,1.0,0
0.2931,56,0,0.3054,7006.0,8,0,2,0,2.0,0
0.6674,48,0,0.2337,7054.0,9,0,1,0,1.0,0
0.5469,36,0,0.3233,7062.0,8,0,3,0,0.0,0
0.1387,33,0,0.6692,,10,0,0,0,0.0,0
0.3169,40,0,0.3002,3792.0,8,0,2,0,2.0,0
0.0414,46,0,0.1983,2136.0,6,0,2,0,1.0,0
0.1467,58,0,0.5348,3945.0,8,0,1,0,1.0,0
0.3478,53,0,0.3092,,5,0,1,0,0.0,0
0.4807,47,0,1.4523,11426.0,14,0,0,0,2.0,0
0.2342,66,0,0.6359,8872.0,9,0,0,0,2.0,0
0.108,71,0,0.4089,,11,0,1,0,1.0,0
3.5829,54,0,0.2728,6702.0,8,1,0,0,0.0,0
0.314,45,0,1.1476,8028.0,5,0,2,0,0.0,0
0.1441,52,0,0.5621,1861.0,9,0,0,0,1.0,0
2.6344,56,0,0.3408,2984.0,13,0,0,0,0.0,0
0.4772,32,1,0.5896,,7,0,2,0,2.0,0
0.6607,51,0,1.0354,,4,0,4,0,0.0,0
0.731,52,0,0.4517,8229.0,13,0,1,0,1.0,0
0.7527,38,0,1.0448,,10,0,0,0,0.0,1
0.4811,44,0,0.9417,6802.0,4,0,0,0,0.0,0
0.1152,41,0,0.9734,4238.0,7,0,1,0,,0
1.8868,69,2,0.6723,4632.0,2,0,1,0,0.0,0
0.3791,35,0,1.0545,,5,0,2,0,3.0,0
0.2122,57,0,0.1278,11449.0,7,0,4,0,3.0,0
0.3703,75,0,0.2372,1848.0,9,0,0,0,4.0,0
0.7247,51,0,0.3717,2652.0,10,0,1,0,0.0,0
0.3031,71,0,0.5854,1842.0,4,0,0,0,3.0,0
0.7276,53,0,0.3787,2892.0,4,0,2,0,2.0,0
5.0763,59,0,0.9819,,7,0,2,0,2.0,0
2.4769,33,0,0.6466,24829.0,14,0,0,0,0.0,0
0.5486,70,0,0.4263,3015.0,11,0,1,0,0.0,0
1.0743,48,0,0.8393,7623.0,3,0,3,0,0.0,0
0.5507,51,0,0.5957,4174.0,7,0,0,0,2.0,0
0.0222,47,0,0.4276,4127.0,7,0,0,0,1.0,0
1.0027,41,0,0.3671,2064.0,5,0,0,0,0.0,0
0.3187,63,0,0.6713,3756.0,11,0,0,0,0.0,0
0.3083,47,0,0.2559,2789.0,10,0,2,0,3.0,0
0.2185,41,0,0.5749,5831.0,9,0,0,0,1.0,0
0.1529,42,0,0.6706,3221.0,7,0,0,0,1.0,0
0.4088,39,0,0.8901,5529.0,16,0,2,0,1.0,0
0.3338,73,0,0.8133,3495.0,6,0,1,0,1.0,0
0.6978,54,0,0.5315,15967.0,7,0,2,0,0.0,0
0.1308,41,0,0.5786,6493.0,5,0,3,0,0.0,0
0.3366,41,0,0.2537,6396.0,7,0,1,0,0.0,0
0.5769,66,0,0.4666,2042.0,7,0,0,0,1.0,0
0.1116,56,0,0.119,11261.0,5,0,3,0,0.0,0
2.4962,31,0,0.7566,2217.0,10,0,1,0,0.0,0
2.0409,21,0,0.4059,,10,0,1,0,1.0,0
0.3992,54,0,0.2748,2020.0,13,0,0,0,2.0,0
0.8955,71,0,0.5562,4240.0,9,0,0,0,1.0,1
0.7314,41,0,0.2415,,9,0,2,0,,0
0.1815,61,0,0.6798,,10,0,2,0,0.0,0
1.0012,77,0,0.1111,10870.0,7,0,0,0,1.0,0
0.1102,34,0,0.6905,4006.0,9,0,1,0,0.0,0
0.1667,38,0,0.1481,4415.0,6,0,0,0,0.0,0
0.1392,47,0,0.9083,8208.0,10,0,0,0,0.0,0
0.8648,57,0,0.4661,6359.0,7,0,0,0,1.0,0
0.2771,57,0,0.7203,1986.0,9,0,1,0,3.0,0
0.0961,50,0,0.2094,10998.0,9,0,0,0,1.0,0
0.243,88,0,0.3991,8373.0,11,0,0,0,1.0,0
2.2714,64,0,0.182,6497.0,7,0,1,0,0.0,0
0.0034,47,0,0.5705,8245.0,9,0,2,0,0.0,0
2.8573,49,0,0.3011,5667.0,8,0,3,0,0.0,0
0.297,47,0,0.5004,,10,0,0,0,1.0,0
0.04,70,0,0.6262,8422.0,7,0,1,0,1.0,0
0.0917,31,0,0.1861,4596.0,3,0,0,0,1.0,0
0.4763,49,0,0.6103,3304.0,8,0,3,0,1.0,0
0.0803,26,0,0.922,16007.0,12,0,1,0,0.0,0
0.9211,56,4,0.2484,3033.0,7,0,1,0,0.0,0
0.0074,59,0,0.2436,8064.0,9,0,0,0,0.0,0
0.07,32,0,0.4542,8322.0,12,0,1,0,0.0,0
0.2359,30,0,0.8468,3205.0,12,0,2,0,1.0,0
0.1462,52,0,0.1382,,10,0,0,0,0.0,0
2.5085,57,0,0.5623,25390.0,5,0,2,0,1.0,0
0.1181,32,0,0.4276,7969.0,5,0,1,0,1.0,0
0.0636,48,0,0.3338,13450.0,8,0,1,0,1.0,0
0.0365,61,0,0.3698,7350.0,10,0,2,0,2.0,0
0.5792,59,0,0.6449,12407.0,6,0,1,0,0.0,0
0.5317,46,3,0.4939,4826.0,5,0,1,0,,0
4.0798,42,0,0.3343,3084.0,9,0,0,0,1.0,0
3.936,21,0,0.7618,2719.0,10,0,0,0,1.0,0
0.1202,41,0,0.7897,5264.0,6,0,1,0,1.0,0
0.193,57,0,0.0818,5091.0,6,0,2,0,0.0,0
0.0358,51,0,0.3776,13330.0,7,0,2,0,2.0,0
0.5862,63,0,0.1505,6055.0,11,0,2,0,1.0,0
0.2096,78,0,0.3929,11780.0,7,0,1,0,1.0,0
1.3065,52,0,0.3519,9151.0,7,0,0,0,3.0,0
0.389,23,0,0.9337,13660.0,8,0,1,0,1.0,0
1.6024,45,0,0.2699,,9,0,1,0,0.0,0
0.1985,68,0,0.3864,9545.0,7,0,2,0,4.0,0
0.5432,69,0,0.0948,6961.0,10,0,2,0,2.0,1
0.7185,29,0,0.3699,,2,0,1,1,0.0,0
0.0498,40,0,0.458,8109.0,4,0,1,0,0.0,0
0.4018,49,0,0.2893,12353.0,1,0,1,0,0.0,0
0.2458,65,0,0.2767,2653.0,10,0,1,0,1.0,0
0.3994,39,3,0.3985,1937.0,11,0,0,0,0.0,0
1.3408,60,0,0.591,3084.0,4,0,1,0,0.0,0
0.0044,21,0,0.2927,5480.0,10,0,0,0,1.0,0
0.1134,50,0,0.4297,9552.0,12,0,0,0,4.0,0
0.6449,35,0,0.888,5638.0,6,0,0,0,0.0,0
0.748,48,0,0.1533,3773.0,7,0,1,0,0.0,0
0.6483,30,0,0.1253,3041.0,5,0,0,0,1.0,0
0.2417,52,0,0.8141,,8,0,1,0,0.0,0
1.1998,60,0,0.4681,15125.0,11,0,3,0,0.0,0
1.4545,55,0,1.0207,10905.0,3,0,0,0,0.0,0
1.7745,68,0,0.3079,3019.0,9,0,0,0,4.0,0
0.8945,54,0,0.226,8862.0,9,0,1,0,,0
0.6728,54,0,1.0488,13758.0,7,0,3,0,0.0,0
0.2704,44,0,0.9138,,5,0,0,0,0.0,0
0.3908,58,0,0.1191,2431.0,9,0,1,0,1.0,0
0.6431,45,0,0.8366,6648.0,10,0,0,0,0.0,0
0.3518,47,0,0.0502,3156.0,9,0,1,0,1.0,0
0.451,67,0,1.2503,5778.0,5,0,1,0,1.0,0
2.8671,76,0,0.6686,7587.0,9,0,1,0,2.0,0
2.3436,47,0,0.8302,8413.0,7,0,2,0,1.0,0
0.1805,58,0,0.5568,8229.0,15,0,1,0,2.0,0
0.1411,41,0,0.4631,5499.0,9,0,0,0,0.0,0
0.102,43,0,0.1767,6951.0,11,0,1,0,0.0,0
6.7379,21,0,0.4867,3738.0,9,0,2,0,0.0,0
0.2761,60,0,0.3205,,8,0,0,0,,0
1.094,46,1,1.0003,6321.0,6,0,1,0,0.0,0
0.6807,75,0,0.2419,5328.0,13,0,1,0,1.0,0
2.5028,42,0,0.2729,11650.0,7,0,2,0,3.0,0
0.0613,52,0,0.6349,4467.0,2,0,0,0,0.0,0
0.4111,62,0,0.2117,,6,0,2,0,0.0,0
1.7977,87,0,0.0822,11432.0,7,0,2,0,0.0,0
2.6505,40,0,0.2628,15436.0,15,0,1,0,0.0,0
0.4295,45,0,0.1632,5327.0,5,0,1,0,0.0,0
0.4768,54,0,0.3047,,4,0,2,0,0.0,0
0.8845,48,1,0.3366,6406.0,14,0,2,1,0.0,0
0.7868,62,0,0.8487,17684.0,9,0,2,0,1.0,0
0.1253,54,0,0.4647,,10,0,1,0,,0
0.3425,70,0,0.5619,,3,0,2,0,0.0,0
0.6869,48,0,0.539,6838.0,6,0,1,0,1.0,0
0.0385,64,0,0.5801,1153.0,12,0,4,0,2.0,0
0.067,52,0,0.1705,1418.0,12,0,0,0,2.0,0
0.1158,60,0,0.1104,,7,0,0,0,1.0,0
0.0124,55,0,0.0979,3521.0,6,0,0,0,1.0,0
3.7129,51,0,0.4478,12889.0,7,0,0,0,1.0,0
0.315,42,3,0.1653,10477.0,9,0,2,1,2.0,0
0.4407,64,0,0.6579,4840.0,11,0,2,0,0.0,0
1.3341,37,0,0.2568,7483.0,10,0,1,0,2.0,0
2.2286,61,0,0.4905,9955.0,3,0,3,0,1.0,0
0.1429,61,0,0.3059,4984.0,6,0,2,0,1.0,0
0.3698,83,0,0.9131,,7,0,1,0,0.0,0
0.5038,64,0,0.7429,2041.0,10,0,1,0,0.0,0
0.1229,26,0,0.5499,2545.0,8,0,2,0,1.0,0
0.5334,39,0,0.7302,,7,0,0,0,0.0,0
0.5099,52,2,0.2003,6668.0,2,0,0,1,0.0,0
0.1299,46,0,0.0722,1408.0,10,0,0,0,0.0,0
1.8148,57,0,0.8714,2590.0,5,0,0,0,0.0,1
1.8483,34,0,0.4064,11898.0,5,0,0,0,0.0,0
0.8809,27,0,0.7473,4733.0,8,0,1,0,1.0,1
0.2465,39,1,0.4232,5571.0,2,0,2,0,2.0,0
0.2172,82,0,0.7082,9629.0,7,0,0,0,0.0,0
0.6547,67,0,0.1772,6469.0,8,0,1,0,1.0,0
0.1544,44,0,1.4364,3380.0,10,0,1,0,0.0,0
1.9006,54,0,0.954,,5,0,3,0,0.0,0
0.6997,38,0,0.9519,1662.0,9,0,0,0,1.0,0
0.2885,64,0,0.5783,10219.0,4,0,3,0,0.0,0
0.0222,37,0,0.7265,,10,0,0,0,0.0,0
0.7559,47,0,0.1775,4893.0,7,0,0,0,0.0,0
0.2475,41,0,0.3674,,11,0,1,0,0.0,0
0.2247,49,0,0.756,3868.0,3,0,0,0,2.0,0
0.0818,56,0,0.6885,7512.0,9,0,0,0,0.0,0
2.6003,52,0,0.605,17497.0,8,0,1,0,0.0,0
1.1859,66,1,0.1307,5592.0,11,1,1,0,1.0,0
0.2304,38,0,0.5666,6359.0,7,0,2,0,1.0,0
0.1389,21,0,0.3208,,6,0,0,0,0.0,0
0.6254,54,0,0.5919,,6,0,1,0,1.0,0
0.1638,75,0,0.3013,7599.0,4,0,2,0,0.0,0
0.3383,38,0,0.7396,8897.0,6,0,2,0,1.0,0
0.0802,60,0,0.576,2443.0,12,0,0,0,1.0,0
4.4832,46,0,0.4146,15924.0,10,0,1,0,0.0,0
0.528,41,0,0.5804,4969.0,5,0,1,0,2.0,0
0.47,41,0,0.5224,9080.0,6,0,0,0,0.0,0
1.9754,59,0,0.3141,3260.0,10,0,1,0,0.0,0
0.3942,71,0,0.2735,,1,0,1,0,,0
0.163,69,0,0.6364,,9,0,1,0,1.0,0
0.1884,64,0,0.4148,5280.0,10,0,1,0,0.0,0
0.4415,54,0,0.7743,4460.0,9,0,0,1,1.0,0
0.0867,43,0,0.2779,6184.0,10,0,2,0,1.0,1
0.5251,65,0,0.4053,8933.0,10,0,1,0,1.0,0
0.1702,71,0,1.3188,4439.0,10,0,0,0,1.0,0
0.3385,46,0,0.4436,3561.0,6,0,1,0,2.0,0
0.4349,46,0,0.9676,5509.0,15,0,2,0,3.0,0
0.4328,58,0,0.4992,,8,0,1,0,0.0,0
0.7168,38,0,0.3429,,12,0,0,0,2.0,0
0.9493,55,0,0.1681,12320.0,14,0,0,0,0.0,0
0.3096,24,0,0.2657,6615.0,6,0,1,0,1.0,0
6.3474,66,0,0.416,28363.0,10,0,1,0,1.0,0
0.5732,54,0,0.3195,7700.0,11,0,2,0,2.0,0
0.1647,54,0,0.535,3544.0,6,0,0,0,0.0,0
0.1114,59,0,0.3727,1985.0,10,0,1,0,0.0,0
0.9779,45,0,0.4508,4971.0,12,0,0,0,0.0,0
0.2124,65,0,0.2546,5839.0,6,0,0,0,1.0,0
0.5991,69,0,0.812,5630.0,14,0,1,0,1.0,0
0.4421,62,0,1.0312,,8,0,1,0,0.0,1
0.3609,63,0,0.2394,8889.0,8,0,0,0,0.0,0
0.5432,95,0,0.2361,,15,0,2,0,1.0,0
0.6915,74,0,0.0586,20892.0,7,0,1,0,5.0,0
0.0488,43,0,0.1567,1561.0,5,0,2,0,0.0,0
0.1242,55,0,0.1003,8361.0,10,0,0,0,2.0,0
0.5888,28,0,0.6699,3688.0,5,0,1,0,0.0,0
0.0722,62,0,0.7262,6811.0,7,0,0,0,0.0,0
1.4389,44,0,0.8295,6715.0,7,0,0,0,1.0,0
0.0391,77,0,0.7759,,7,0,0,0,1.0,0
0.251,62,0,0.2428,4906.0,5,0,2,0,0.0,0
0.3035,45,0,0.9399,,4,0,1,0,1.0,0
0.3015,53,0,0.7586,4266.0,9,0,0,0,0.0,0
0.6827,67,0,0.3907,9405.0,6,0,2,0,0.0,0
5.7161,63,0,0.8085,9698.0,6,0,0,0,1.0,0
0.8319,42,0,0.3596,2907.0,5,0,2,0,1.0,0
0.3599,72,0,0.605,18918.0,11,0,3,0,1.0,0
0.2549,21,0,0.2784,3602.0,5,0,1,0,0.0,0
0.2256,33,0,0.4314,,6,0,1,0,0.0,0
1.9524,51,1,0.3762,7308.0,10,0,1,1,0.0,0
0.3853,46,0,0.3762,3782.0,9,0,1,0,2.0,0
0.6328,56,0,0.5787,,11,0,1,0,1.0,0
0.0885,36,0,0.7072,9300.0,10,0,2,0,0.0,0
5.3857,42,0,0.631,18215.0,14,0,1,0,0.0,0
1.9392,37,0,0.0795,,6,0,0,0,1.0,0
2.6706,36,0,0.7035,8147.0,5,0,1,0,1.0,0
0.5624,51,0,0.3039,4882.0,5,0,0,0,0.0,0
0.3175,37,0,0.491,,11,0,1,0,0.0,0
0.6928,45,0,0.7155,7743.0,10,0,3,0,1.0,0
0.1895,46,0,0.2725,4955.0,10,0,1,0,0.0,0
0.3219,52,0,0.3342,4295.0,10,0,1,0,0.0,0
0.4209,28,0,0.905,3045.0,8,0,2,0,0.0,1
0.6926,58,1,0.6335,16619.0,8,3,2,1,0.0,0
0.406,43,0,0.4498,,13,0,1,0,0.0,0
0.3784,56,0,0.533,10331.0,11,0,1,0,0.0,0
0.3864,50,0,0.5069,,7,0,1,0,0.0,0
0.881,56,0,0.7203,2856.0,8,0,2,0,1.0,0
0.3715,55,0,0.101,8467.0,10,0,3,0,2.0,0
0.435,76,0,0.6717,3467.0,9,1,3,1,0.0,0
0.5794,31,0,0.674,3159.0,6,0,1,0,1.0,1
9.8364,76,0,0.142,9019.0,8,0,0,0,1.0,0
0.1687,69,0,0.2016,21689.0,7,0,1,0,1.0,0
0.6096,47,0,0.2569,2514.0,5,0,1,0,1.0,0
2.6792,63,0,0.6442,10127.0,5,0,0,0,1.0,0
0.5646,83,0,0.4576,5430.0,8,0,0,0,0.0,0
0.4157,32,0,0.2504,3859.0,12,0,0,0,0.0,0
0.3192,55,0,0.9983,13164.0,5,0,0,0,1.0,0
0.4035,36,0,0.6867,,10,0,0,0,0.0,0
0.3682,57,0,0.3711,9618.0,8,0,1,0,0.0,0
0.9938,66,0,0.2316,2603.0,11,0,1,0,0.0,0
0.3914,38,0,0.1982,2832.0,9,0,2,0,0.0,0
0.4636,44,0,0.5359,14365.0,10,0,1,0,1.0,0
0.1676,52,0,0.9372,5476.0,10,0,0,0,2.0,0
1.0657,65,0,0.5548,5104.0,10,0,1,0,0.0,0
0.0635,67,0,0.4104,,11,0,3,0,0.0,0
0.2019,59,0,0.52,2181.0,7,0,0,0,4.0,0
2.8869,57,0,0.6724,3304.0,6,0,1,0,1.0,0
0.2029,53,0,0.1409,1981.0,8,0,3,0,0.0,0
0.7816,65,0,0.169,,8,0,0,0,0.0,0
0.2247,60,0,1.097,8756.0,9,0,0,0,0.0,0
1.0544,63,0,0.3265,3451.0,14,0,1,0,1.0,0
0.6204,56,0,1.0225,7826.0,4,0,3,0,0.0,0
0.0567,35,0,0.6421,3418.0,9,0,1,0,0.0,0
0.753,36,0,0.7584,4287.0,10,0,2,0,0.0,0
0.0896,59,0,0.3676,3498.0,4,0,2,0,2.0,0
1.4507,46,0,0.1158,5792.0,4,0,0,0,1.0,0
0.1391,59,0,0.7626,10233.0,5,0,0,0,0.0,0
1.0283,46,0,1.5537,9289.0,11,0,3,0,0.0,0
1.0033,41,0,0.2775,4427.0,7,0,1,0,,0
0.3949,62,0,0.2993,10470.0,10,0,2,0,1.0,0
0.4964,34,0,0.3813,,8,0,0,0,1.0,0
0.158,60,0,0.5398,,5,0,1,0,0.0,0
0.0007,47,0,1.1511,8921.0,10,0,2,0,1.0,0
0.1834,42,0,0.3625,,7,0,2,0,0.0,0
0.3599,47,0,0.0256,6837.0,8,0,0,0,0.0,0
0.101,54,0,0.2172,,13,0,0,0,2.0,0
0.2722,77,0,0.6918,5529.0,11,0,0,0,0.0,0
2.756,59,0,0.5612,8790.0,7,0,2,0,0.0,0
0.0139,68,1,0.297,4872.0,9,0,1,5,0.0,0
0.2261,62,0,0.629,4642.0,5,0,2,0,0.0,0
0.3252,55,0,0.7603,,7,0,2,0,0.0,0
0.3859,46,0,0.6997,4760.0,10,0,1,0,1.0,0
4.7758,46,0,0.111,4615.0,3,0,2,0,2.0,0
0.5854,50,0,0.5801,2204.0,9,0,1,0,2.0,0
0.7942,67,0,0.3999,2695.0,5,0,1,0,0.0,0
0.0502,85,0,0.9392,7689.0,9,0,0,0,0.0,0
0.1041,48,0,0.3021,,6,0,2,0,1.0,0
0.174,55,0,0.1656,5512.0,6,0,0,0,2.0,0
0.5156,53,1,0.1115,7520.0,5,0,0,1,0.0,0
0.8772,46,0,0.6382,,8,0,0,0,1.0,0
1.0127,25,0,0.5067,3629.0,6,0,2,0,1.0,0
1.0764,72,0,0.1291,4241.0,4,0,1,0,1.0,1
0.9531,60,0,0.3166,4570.0,7,0,1,0,1.0,0
0.9962,60,0,0.5424,,11,0,2,0,0.0,0
0.4303,45,0,0.2528,,5,0,0,0,1.0,0
0.6108,61,0,0.7804,2664.0,12,0,0,0,,0
0.4002,36,0,1.0542,6226.0,7,0,0,0,1.0,0
0.0235,57,0,0.2422,,10,0,1,0,1.0,0
0.655,38,0,0.693,9749.0,5,0,3,0,1.0,0
0.0064,39,0,0.4657,2962.0,4,0,1,0,0.0,0
0.0386,51,0,0.4556,6718.0,9,0,2,0,1.0,0
0.5068,48,0,0.3021,2468.0,9,0,1,0,2.0,0
0.1663,75,0,0.5276,2208.0,15,0,0,0,3.0,0
0.4459,28,0,0.742,7253.0,7,0,0,0,1.0,0
0.0102,60,0,0.8624,16362.0,12,0,0,0,3.0,0
0.1261,67,0,0.0802,6504.0,11,0,1,0,2.0,0
0.2473,43,0,0.5604,6533.0,10,0,1,0,,0
0.1074,48,0,0.3764,6221.0,9,0,1,0,0.0,0
0.0036,62,0,0.5735,5127.0,2,0,1,0,1.0,0
0.0046,39,0,0.5835,6437.0,4,0,1,0,1.0,0
0.0352,52,0,0.3743,3534.0,7,0,0,0,0.0,0
3.2849,50,0,1.2008,5659.0,8,0,3,0,0.0,0
0.6441,57,0,0.6365,,7,0,2,0,0.0,0
1.2619,54,0,0.1833,,3,0,0,0,0.0,0
0.1105,51,0,0.309,3699.0,2,0,1,0,3.0,0
0.0155,52,0,0.2594,9984.0,9,0,0,0,0.0,0
2.3328,46,0,0.1281,2277.0,3,0,0,0,0.0,0
1.222,63,0,0.8008,5159.0,7,0,0,0,2.0,0
0.0842,55,0,0.6704,3016.0,10,0,1,0,2.0,0
0.5859,54,0,0.1779,4790.0,7,0,0,0,1.0,0
0.1486,74,0,0.4914,8437.0,17,0,2,0,2.0,0
1.5823,64,0,0.4549,,11,0,2,0,0.0,0
4.7846,45,0,0.6134,4101.0,10,0,1,0,2.0,1
0.2354,83,0,0.8128,,10,0,1,0,0.0,0
0.714,47,0,0.8732,15894.0,9,0,0,0,0.0,0
0.1639,89,0,0.1441,6107.0,11,0,1,0,2.0,1
0.1865,21,0,0.2885,10933.0,7,0,0,0,1.0,0
0.3172,45,1,0.3297,,8,0,0,0,0.0,0
0.1737,51,0,0.4181,3613.0,7,0,0,0,0.0,0
0.3754,50,0,0.3581,40480.0,14,0,1,0,0.0,0
0.0751,48,0,0.5948,,10,0,1,0,1.0,0
0.7789,59,0,0.0934,3775.0,13,0,1,0,0.0,1
1.057,45,0,1.228,2190.0,3,0,3,0,1.0,0
0.5646,53,0,0.2718,10708.0,10,0,1,0,0.0,0
0.5439,57,0,0.2539,5786.0,9,0,2,0,0.0,0
0.2986,95,0,0.2169,2019.0,7,0,1,0,0.0,0
0.0075,74,0,0.6238,3890.0,10,0,0,0,1.0,0
0.4854,61,0,0.0426,,11,0,2,0,0.0,1
1.0443,73,0,0.3626,4663.0,2,0,0,0,1.0,0
0.1413,22,0,0.7686,7089.0,8,0,0,0,0.0,0
0.2691,31,0,0.1373,,6,0,1,0,2.0,0
4.3707,49,0,0.8797,,4,0,2,0,1.0,0
0.3834,37,0,0.2408,7210.0,10,0,1,0,0.0,0
0.2841,60,0,0.6834,6326.0,8,0,3,0,3.0,0
0.0937,65,0,0.1827,5969.0,10,0,1,0,0.0,0
0.4248,49,0,0.1094,3654.0,7,0,0,0,1.0,0
0.0635,41,0,0.4039,3493.0,7,0,0,0,1.0,0
0.1363,71,0,1.0131,3879.0,8,0,0,0,0.0,0
0.5817,26,0,0.7228,6561.0,9,0,2,0,1.0,0
0.3144,48,0,0.6488,5957.0,6,0,3,0,2.0,0
0.1666,38,0,0.4552,4015.0,5,0,1,0,2.0,0
0.1263,51,0,0.6798,7958.0,8,0,1,0,0.0,0
0.2629,47,0,0.8482,6678.0,13,0,0,0,1.0,0
0.3877,49,0,0.2567,,10,0,0,0,1.0,0
0.8137,56,0,0.6683,4235.0,6,0,2,0,1.0,0
0.5375,79,0,0.7276,10528.0,8,0,2,0,1.0,0
1.2887,67,0,0.1303,11108.0,4,0,1,0,1.0,0
0.602,48,0,0.6179,7094.0,10,0,0,0,2.0,0
0.5267,45,0,0.125,1507.0,9,0,0,0,0.0,0
0.126,58,0,0.288,7879.0,6,0,0,0,0.0,0
1.3522,31,0,0.7319,26777.0,6,0,1,0,0.0,0
0.0989,22,0,0.134,,8,0,2,0,,0
0.186,54,0,0.2469,3192.0,5,0,0,0,1.0,0
0.0691,51,0,0.7555,6868.0,10,0,0,0,0.0,0
0.5255,72,0,0.5774,2051.0,6,0,2,0,2.0,1
0.3086,50,0,0.3245,2731.0,11,0,1,0,1.0,0
0.3356,63,0,0.9956,8156.0,8,0,1,0,1.0,0
1.4019,59,0,0.2455,9602.0,10,0,1,0,2.0,0
0.44,52,0,1.0501,23965.0,7,0,1,0,0.0,0
1.5521,36,1,0.2585,5736.0,11,0,0,0,0.0,0
0.2064,51,0,0.4153,7652.0,6,0,1,0,2.0,0
2.5266,36,0,0.7686,2459.0,8,0,3,0,3.0,0
0.3538,42,0,0.1837,12750.0,8,0,0,0,1.0,0
1.2748,34,0,0.824,3179.0,4,0,0,0,1.0,0
0.0702,69,2,0.3997,,7,1,0,2,0.0,0
0.7486,50,1,0.2897,,3,0,3,0,0.0,0
0.4688,38,0,0.2755,2903.0,7,0,1,0,1.0,0
0.2225,35,1,0.1077,9907.0,6,0,0,0,0.0,0
1.0057,66,0,0.3251,,12,0,3,0,0.0,0
0.3031,63,0,0.5835,3706.0,13,0,0,0,0.0,0
0.7619,34,0,0.2475,5576.0,4,0,0,0,0.0,0
1.7273,60,0,0.403,5590.0,14,0,2,0,0.0,0
0.0726,43,0,0.4909,6460.0,7,0,1,0,2.0,0
0.4166,63,0,0.7573,3009.0,6,0,2,0,0.0,0
1.0461,30,0,0.1865,2373.0,13,0,1,0,0.0,0
0.8024,52,0,0.5405,3557.0,7,0,0,0,0.0,0
0.7554,57,0,0.1001,8332.0,5,0,0,0,0.0,0
0.1824,73,0,0.9016,,19,0,1,0,0.0,0
0.3744,42,1,0.6782,5729.0,5,0,0,0,2.0,0
0.0898,38,0,0.7191,6476.0,9,0,2,0,3.0,0
0.234,35,0,0.8098,6108.0,8,0,1,0,3.0,0
0.3724,39,0,0.7817,2521.0,10,0,1,0,0.0,0
2.1402,70,1,0.1223,8120.0,7,0,0,0,0.0,1
0.4706,38,0,0.3192,,5,0,0,0,2.0,0
7.1847,56,0,0.1276,4815.0,6,0,1,0,0.0,0
0.9725,55,0,0.5786,2734.0,11,0,0,0,0.0,1
0.0274,36,0,0.4481,9180.0,9,0,2,0,3.0,0
0.1532,59,0,0.1412,,6,0,1,0,1.0,0
0.3561,65,2,0.3033,4649.0,5,0,0,0,0.0,0
0.7497,44,0,0.3629,4676.0,8,0,4,0,1.0,1
0.2597,49,0,0.7803,2514.0,10,0,0,0,0.0,0
0.1214,46,0,0.1205,1366.0,13,0,0,0,0.0,0
0.742,35,0,0.4613,5705.0,3,0,1,0,0.0,0
0.9797,58,0,0.0465,2782.0,10,0,1,0,0.0,1
0.0201,51,0,0.6481,11960.0,9,0,3,0,2.0,0
0.7332,55,0,0.5551,26724.0,4,0,1,0,0.0,0
0.1076,21,0,0.393,,8,0,3,0,2.0,0
0.4956,57,0,0.3323,2441.0,6,0,2,0,0.0,0
0.1108,70,0,0.4024,7882.0,7,0,2,0,0.0,0
1.4888,43,0,0.4718,5093.0,6,0,1,0,1.0,0
0.6867,39,0,0.5506,3467.0,8,0,0,0,1.0,0
0.5534,62,0,0.423,,7,0,2,0,0.0,0
1.3914,34,0,0.3555,8642.0,11,0,2,0,1.0,0
0.0939,21,0,0.7949,,7,0,1,0,1.0,0
5.3729,54,0,0.448,9460.0,8,0,0,0,1.0,0
0.6709,43,0,0.6477,2712.0,3,0,1,0,0.0,0
0.1124,61,0,0.5439,,9,0,1,0,0.0,0
2.5873,53,0,0.3584,,12,0,2,0,0.0,0
0.9178,61,0,0.5561,4812.0,5,0,2,0,0.0,0
0.3192,54,0,0.6057,,11,0,0,0,1.0,0
0.5571,64,0,0.5941,4030.0,8,0,3,0,0.0,0
0.5106,95,0,0.2418,5721.0,5,0,0,0,1.0,0
0.4192,46,0,0.1884,6826.0,3,0,1,0,0.0,0
0.5117,49,0,0.3632,9787.0,6,0,0,0,0.0,0
0.5477,36,0,0.9273,8627.0,4,0,1,0,2.0,0
0.8516,48,0,0.1919,,5,0,1,0,0.0,0
0.1492,52,0,0.5137,,5,0,3,0,,0
0.2121,46,0,0.2761,5595.0,12,0,0,0,1.0,0
0.9461,53,0,0.3892,,10,0,1,0,,0
3.5447,54,0,0.1192,7695.0,6,0,2,0,0.0,0
0.0508,55,0,0.1259,,4,0,0,0,0.0,0
1.2668,46,0,0.6037,1756.0,13,0,3,0,1.0,0
3.0675,29,0,0.366,2150.0,6,0,0,0,0.0,1
0.1456,61,0,0.9804,5335.0,10,0,1,0,0.0,0
0.4672,47,0,0.5926,2305.0,13,0,1,0,1.0,0
0.2497,63,0,0.2277,1234.0,6,0,0,0,0.0,0
0.5318,47,0,0.2662,6888.0,11,0,1,0,0.0,0
1.4617,32,0,0.384,2349.0,7,0,0,0,2.0,0
0.8197,47,0,0.1278,,6,0,0,0,1.0,0
0.6986,25,0,0.6441,,11,0,0,0,1.0,0
0.8243,38,0,0.6153,17204.0,4,0,0,0,1.0,0
0.5124,48,0,0.2967,3736.0,5,0,0,0,2.0,0
1.8908,35,0,0.7066,,9,0,1,0,1.0,0
0.3255,49,0,0.7179,,8,0,3,0,0.0,0
0.4051,38,0,0.2217,6418.0,6,0,0,0,2.0,0
0.2075,60,0,0.4155,3888.0,6,0,2,0,0.0,0
0.2547,24,0,0.0645,5728.0,12,0,1,0,0.0,1
0.0079,55,0,0.3609,3042.0,9,0,1,0,0.0,0
1.044,50,0,0.9446,,7,0,0,0,0.0,0
0.3512,42,0,0.4396,5574.0,12,0,1,0,0.0,0
0.1991,49,0,0.2895,7280.0,7,0,2,0,3.0,0
0.0654,57,1,0.0895,4950.0,8,0,1,1,0.0,0
1.918,21,1,0.388,3228.0,10,0,4,0,2.0,0
0.7758,60,0,0.3076,2655.0,8,0,1,0,0.0,0
0.3119,74,0,0.6491,8441.0,10,0,0,0,1.0,0
0.1368,33,0,0.4512,,8,0,2,0,0.0,0
0.1446,77,0,0.0444,,5,0,0,0,1.0,0
0.2487,65,0,0.2697,1755.0,9,0,0,0,0.0,0
0.4799,41,0,0.3344,,7,0,0,0,0.0,0
0.2669,53,0,0.1116,,15,0,1,0,0.0,0
0.2148,43,0,0.6101,7249.0,8,0,2,0,0.0,0
0.516,54,0,0.1202,6013.0,7,0,0,0,1.0,0
0.3063,75,0,0.9367,5586.0,8,0,0,0,1.0,0
0.1896,60,0,0.3023,6272.0,7,0,0,0,,0
0.211,48,0,0.3515,5032.0,8,0,2,0,0.0,0
0.7177,57,0,1.2587,2163.0,8,0,2,0,1.0,0
0.4937,32,0,0.6118,9035.0,5,0,1,0,0.0,0
0.2483,74,0,0.658,3830.0,7,0,1,0,3.0,0
0.8973,49,0,0.6205,3789.0,9,0,1,0,1.0,0
1.7522,49,0,0.5002,7174.0,3,0,3,0,2.0,0
0.4245,55,0,0.583,4346.0,13,0,0,0,0.0,0
0.2288,45,0,0.1828,3638.0,8,0,2,0,0.0,0
0.2822,40,0,0.4867,11837.0,4,0,1,0,1.0,0
0.3758,57,0,0.2832,,5,0,0,0,1.0,0
1.6444,47,0,0.6743,4084.0,7,0,2,0,1.0,0
0.7314,36,0,0.9613,4091.0,13,0,2,0,,0
0.2162,66,0,0.3682,,6,0,2,0,0.0,0
0.0933,21,0,0.2041,2834.0,7,0,1,0,2.0,0
0.6758,35,0,0.1631,8248.0,10,0,1,0,1.0,0
3.1302,63,2,0.7483,14294.0,9,0,0,0,1.0,0
0.0629,48,0,0.9419,7071.0,8,0,3,0,0.0,0
0.2091,69,0,0.1377,,6,0,0,0,1.0,0
0.2345,68,0,0.1429,,9,0,0,0,2.0,0
0.1011,65,0,0.8278,2344.0,8,0,1,0,0.0,0
0.6489,73,0,0.9283,4608.0,7,0,3,0,2.0,0
0.3637,48,0,0.5068,3428.0,4,0,1,0,1.0,0
0.7926,50,0,0.2847,4204.0,5,0,2,0,2.0,0
0.7842,53,0,1.0173,2627.0,6,0,1,0,0.0,0
0.0852,66,1,0.4044,10690.0,2,0,0,0,2.0,0
2.9008,44,1,0.5245,,10,0,1,1,0.0,0
0.0097,65,1,0.1434,4994.0,6,0,1,0,2.0,0
0.1641,53,0,0.2282,21663.0,12,0,2,0,0.0,0
0.1977,66,0,0.2402,,11,0,0,0,0.0,0
0.5935,65,0,0.6675,13572.0,8,0,1,0,1.0,0
0.8706,50,0,0.6279,3460.0,8,0,0,0,2.0,1
0.2579,75,0,0.9164,7134.0,6,0,1,0,0.0,0
0.2066,65,0,0.9846,8117.0,8,0,2,0,1.0,0
0.3803,27,0,0.478,,4,0,1,0,1.0,0
0.4087,23,0,0.0746,9169.0,6,0,1,0,0.0,1
0.0795,38,0,0.4797,5054.0,6,0,1,0,0.0,0
0.0334,52,0,0.6111,12429.0,4,0,1,0,1.0,0
2.8914,68,0,0.3512,26718.0,8,1,1,1,0.0,0
0.5027,47,0,0.4784,5897.0,5,0,0,0,,0
0.1076,47,0,0.5241,,12,0,1,0,0.0,0
0.2614,56,0,0.0973,5828.0,7,0,1,0,0.0,0
0.1128,73,0,0.3826,,5,0,2,0,1.0,0
0.5965,57,0,0.3523,7715.0,6,0,0,0,0.0,1
0.7394,49,0,0.1276,,9,0,1,0,1.0,0
0.6342,36,0,0.317,7557.0,6,0,3,0,0.0,0
0.3899,34,0,0.2023,,8,0,1,0,1.0,0
0.3917,31,0,0.3896,3485.0,9,0,0,0,0.0,0
0.0657,59,0,0.8371,2639.0,6,0,2,0,1.0,0
0.4653,57,0,0.2821,2163.0,4,0,1,0,0.0,0
0.221,60,0,0.7023,13292.0,5,0,2,0,1.0,0
0.198,64,0,0.794,,6,0,1,0,0.0,0
0.4287,54,0,0.5374,5716.0,5,0,0,0,1.0,0
0.7175,39,0,0.8161,8897.0,8,0,0,0,1.0,0
0.1649,43,0,0.8054,,7,0,1,0,0.0,0
0.9819,54,0,0.7014,6371.0,5,0,0,0,0.0,0
0.5006,47,0,0.4218,,11,0,1,0,0.0,0
0.3581,26,0,1.0687,5925.0,5,0,2,0,0.0,0
0.1365,42,0,0.0556,4610.0,8,0,0,0,2.0,0
1.0182,72,0,0.102,14448.0,11,0,3,0,0.0,0
0.8402,55,2,0.1569,3521.0,9,0,2,1,0.0,0
7.1474,54,0,0.7743,3458.0,2,0,2,0,0.0,1
0.2949,41,0,0.1056,2964.0,6,0,3,0,0.0,0
0.0563,32,0,0.584,4201.0,8,0,1,0,0.0,0
0.161,53,0,0.7665,7247.0,15,0,0,0,1.0,0
0.6536,57,0,0.3707,,7,0,1,0,1.0,0
0.7279,32,0,0.5549,3032.0,9,0,1,0,2.0,0
4.2977,64,0,0.4514,4509.0,5,0,0,0,0.0,0
0.1292,45,0,0.7501,3096.0,7,0,0,0,0.0,0
0.2358,57,0,0.4635,1855.0,8,0,3,0,0.0,0
0.1348,53,0,0.6653,4055.0,6,0,0,0,0.0,0
1.4688,51,0,0.4339,,8,0,2,0,1.0,0
0.3108,89,0,0.4427,,6,0,2,0,0.0,0
0.3457,60,0,1.074,19395.0,10,0,2,0,0.0,0
0.4531,52,0,0.4727,6463.0,9,0,0,0,0.0,0
3.4016,61,0,0.3628,5966.0,12,0,1,0,1.0,0
0.3883,46,0,0.3265,14759.0,10,0,1,0,1.0,0
0.3297,63,0,0.4643,2204.0,7,0,0,0,0.0,0
0.1904,56,0,0.8165,3025.0,7,0,1,0,2.0,0
1.4304,50,0,0.4324,5328.0,7,0,3,0,1.0,0
0.3096,48,0,0.2969,4310.0,8,0,1,0,0.0,0
0.6039,50,0,0.2469,13979.0,8,0,1,0,1.0,0
0.0532,52,0,0.3219,7193.0,9,0,2,0,1.0,0
0.702,69,0,0.8683,4275.0,7,0,1,0,2.0,1
0.474,58,0,0.2602,3805.0,9,0,3,0,0.0,0
0.1023,23,0,0.3363,3796.0,7,0,0,0,1.0,0
3.9263,75,0,0.2224,13879.0,5,0,2,0,0.0,0
0.4444,60,2,0.3483,4538.0,5,0,1,0,1.0,0
6.6211,87,0,0.7871,5925.0,7,0,1,0,0.0,0
0.6764,51,0,0.2751,5897.0,8,0,1,0,1.0,0
5.8635,68,0,0.4915,2321.0,9,0,2,0,0.0,0
0.3603,63,0,0.4658,2073.0,9,0,0,0,1.0,0
1.8587,55,0,0.4862,2518.0,4,0,0,0,1.0,0
0.063,71,0,0.8695,2007.0,9,0,3,0,0.0,0
0.1698,49,0,0.3929,5651.0,5,0,1,0,0.0,0
0.4444,54,0,0.5013,3910.0,5,0,0,0,2.0,0
0.4762,37,2,0.1826,,6,0,0,0,0.0,0
0.4319,49,0,0.6547,7243.0,7,0,1,0,0.0,0
0.0623,40,0,0.5379,,4,0,1,0,1.0,0
0.2796,53,0,0.242,5083.0,9,0,0,0,2.0,0
0.1451,61,1,0.128,5718.0,10,0,1,0,1.0,0
0.1639,58,0,0.1248,8680.0,9,0,1,0,1.0,0
0.1257,55,0,0.529,2112.0,6,0,0,0,1.0,0
0.6061,62,0,0.0738,5164.0,7,0,1,0,1.0,0
0.3706,86,0,0.536,3490.0,1,0,0,0,0.0,0
0.2161,46,0,0.0637,,4,0,0,0,1.0,0
0.0119,86,1,0.1951,3065.0,7,0,1,0,0.0,0
0.2317,33,0,0.8969,7517.0,6,0,1,0,1.0,0
0.6697,21,0,0.8369,7235.0,8,0,2,0,1.0,0
0.1216,69,0,0.5241,5057.0,12,0,1,0,2.0,0
0.3094,53,0,0.1447,,5,0,2,0,2.0,0
0.61,30,0,0.5437,4026.0,6,0,0,0,1.0,0
0.255,53,0,0.5921,,6,0,0,0,1.0,0
3.6753,46,0,0.3997,,7,0,0,0,0.0,0
0.4132,58,0,0.3502,,7,0,0,0,2.0,0
0.0313,49,0,0.5184,8682.0,8,0,1,0,1.0,0
0.6655,70,0,0.6512,,8,0,3,0,0.0,1
0.8138,54,0,0.5837,9482.0,7,0,0,0,1.0,0
0.5558,56,0,0.135,13534.0,12,0,0,0,0.0,0
0.5485,49,0,0.6953,5907.0,7,0,0,0,0.0,0
2.2536,62,0,0.9742,10591.0,5,0,2,0,0.0,0
0.7474,50,4,0.6809,12293.0,9,0,0,0,0.0,0
0.0908,66,0,0.6838,9856.0,5,0,2,0,0.0,0
0.0896,33,0,0.5911,2705.0,8,0,0,0,2.0,0
0.2581,54,0,0.8147,9641.0,14,0,1,0,1.0,0
0.2342,44,0,0.1542,4219.0,7,0,2,0,0.0,0
0.2335,38,0,0.2295,15858.0,3,0,3,0,3.0,0
0.0589,33,0,0.3578,,10,0,2,0,0.0,0
0.2871,40,0,0.545,6363.0,6,0,2,0,1.0,0
0.0092,57,0,0.2292,3489.0,5,0,0,0,,0
0.1967,58,2,0.0218,17637.0,9,0,0,0,0.0,1
0.2736,63,0,0.3699,6475.0,7,0,1,0,0.0,0
0.5703,46,0,0.1479,,7,0,1,0,0.0,0
0.6436,66,0,0.2546,8065.0,8,0,1,0,0.0,0
0.3608,51,0,0.8961,9099.0,10,0,1,0,1.0,0
1.8519,61,0,1.0642,,7,0,1,0,0.0,0
0.367,54,0,1.0133,8642.0,3,0,1,0,4.0,0
0.2939,42,0,0.5448,14836.0,11,0,0,0,1.0,0
0.0066,32,0,0.3692,2831.0,16,0,1,0,1.0,0
0.5636,35,0,0.1964,2438.0,6,0,3,0,1.0,0
0.3217,39,0,0.6403,4467.0,8,0,2,0,0.0,0
0.6173,45,1,0.23,8944.0,9,0,0,2,1.0,0
0.2583,61,0,0.4236,5170.0,12,0,1,0,1.0,0
0.4567,66,0,0.6409,5359.0,6,0,0,0,0.0,0
0.4017,67,0,0.3048,,3,0,0,0,3.0,0
4.8884,21,0,0.0946,4180.0,6,0,1,0,0.0,0
0.1577,46,1,0.092,4521.0,7,0,3,1,0.0,0
0.3772,48,0,0.6701,6175.0,5,0,1,0,0.0,0
0.0124,46,0,1.227,4701.0,11,0,2,0,0.0,0
0.3795,28,0,0.6127,7035.0,9,0,1,0,1.0,0
0.4437,66,0,0.1257,8910.0,13,0,1,0,1.0,0
0.4504,77,0,0.3926,2604.0,11,0,2,0,1.0,0
0.869,47,0,0.6081,2620.0,7,0,2,0,0.0,0
0.0679,83,0,0.4829,5597.0,9,0,1,0,0.0,0
0.4585,21,0,0.3882,13653.0,6,0,0,0,1.0,0
0.6696,37,0,0.0162,10928.0,4,0,0,0,1.0,0
0.7479,48,0,0.678,4307.0,7,0,3,0,4.0,0
0.3869,61,0,0.9718,13947.0,11,0,0,0,1.0,0
0.1065,53,0,0.4501,,5,0,1,0,0.0,0
0.7712,37,0,0.5728,,9,0,1,0,0.0,0
0.3566,62,0,0.3598,4705.0,6,0,2,0,0.0,0
0.1701,60,0,0.7759,3219.0,9,0,0,0,2.0,0
4.7044,44,0,0.0943,2221.0,7,0,0,0,1.0,0
0.6173,47,0,0.9265,12528.0,6,0,1,0,0.0,0
0.8791,36,0,0.2123,6972.0,16,0,1,0,2.0,0
0.8422,59,0,0.6304,7307.0,3,0,1,0,2.0,0
0.473,35,0,0.4519,2947.0,8,0,0,0,0.0,0
0.1557,34,0,0.95,,9,0,0,0,4.0,0
0.1408,75,0,0.6728,4636.0,8,0,3,0,1.0,0
2.1084,53,0,0.9392,13429.0,7,0,0,0,0.0,0
1.8355,42,0,0.452,,6,0,3,0,0.0,0
1.0422,25,0,0.2062,7400.0,7,0,1,0,1.0,0
0.1323,54,0,0.8313,3988.0,11,0,3,0,1.0,0
0.3229,52,0,0.2913,4576.0,7,0,1,0,2.0,0
0.3028,68,0,0.285,4411.0,11,0,4,0,2.0,0
0.4946,21,0,0.9764,,4,0,1,0,0.0,1
0.5365,41,0,0.6738,2316.0,6,0,2,0,1.0,0
1.0817,60,0,0.4642,2978.0,6,0,0,0,2.0,0
9.3405,50,2,0.9164,8199.0,13,0,1,2,0.0,0
0.3706,62,0,0.4931,10231.0,5,0,0,0,2.0,0
0.1507,56,0,0.8023,3081.0,9,0,2,0,0.0,0
0.578,55,0,0.642,5096.0,9,0,2,0,2.0,0
0.9291,61,0,0.2234,2212.0,9,0,0,0,0.0,0
1.7833,35,0,0.2375,3302.0,11,0,1,0,1.0,0
0.2487,57,0,0.5619,,5,0,0,0,2.0,0
0.1748,57,0,0.7899,7592.0,9,0,3,0,1.0,0
0.3909,81,0,0.3807,,7,0,0,0,2.0,0
1.558,23,0,0.2367,5166.0,6,0,1,0,,1
0.4199,46,0,0.1515,,8,0,3,0,,1
0.0765,60,0,0.0955,13505.0,4,0,3,0,0.0,0
0.0032,64,0,0.2807,,7,0,0,0,,0
0.1817,49,0,0.1928,6193.0,9,0,1,0,0.0,0
0.2687,47,0,0.127,6695.0,16,0,0,0,0.0,0
1.0424,49,0,0.783,6066.0,3,0,1,0,0.0,0
0.2273,72,0,0.4002,,11,0,1,0,1.0,0
0.1092,51,0,0.2236,18330.0,8,0,0,0,1.0,0
0.2522,42,0,0.6659,,11,0,0,0,0.0,0
3.1717,43,1,0.635,,7,1,1,0,2.0,0
0.8556,42,0,0.5754,,10,0,2,0,0.0,0
0.3466,64,0,0.485,,13,0,0,0,0.0,0
0.3103,67,0,0.2141,4067.0,14,0,0,0,0.0,0
0.5894,28,0,0.1988,,4,0,1,0,1.0,0
0.8097,45,0,0.3354,4196.0,4,0,4,0,1.0,0
0.1322,60,0,0.9277,6173.0,6,0,0,0,0.0,0
0.9244,56,0,0.7561,20531.0,9,0,1,0,0.0,0
0.6222,48,0,0.8928,6675.0,6,0,2,0,3.0,0
0.5015,64,0,0.5184,,6,0,3,0,1.0,0
0.0182,72,0,0.2317,6623.0,8,0,0,0,3.0,0
0.5984,42,0,0.1607,3393.0,5,0,2,0,1.0,0
2.5358,30,0,0.2768,2256.0,9,0,0,0,3.0,0
0.258,51,0,0.6697,3517.0,5,0,1,0,0.0,0
0.815,37,0,0.9486,3256.0,6,0,2,0,1.0,0
0.358,62,0,0.7003,6355.0,6,0,0,0,0.0,0
4.4307,38,0,0.2563,2159.0,14,0,3,0,1.0,0
0.497,80,0,0.3031,,5,0,1,0,1.0,0
0.4713,36,0,0.2166,7159.0,12,0,0,0,0.0,0
4.0326,50,0,0.8508,,16,2,0,1,0.0,0
0.063,55,0,0.5111,5392.0,7,0,1,0,0.0,0
0.088,43,0,0.6942,,4,0,0,0,2.0,0
0.1994,50,0,0.8738,4403.0,6,0,2,0,1.0,0
0.2648,55,0,0.5544,,6,0,0,0,2.0,0
0.2288,79,0,0.5143,6242.0,8,0,1,0,1.0,0
0.2224,57,0,0.5448,,16,0,2,0,1.0,0
0.1845,53,0,0.0913,,10,0,1,1,1.0,0
3.8764,70,0,0.5312,7147.0,12,0,1,0,1.0,0
0.2857,62,0,0.6895,2843.0,7,0,1,0,1.0,0
0.4456,69,0,0.0839,6024.0,7,0,1,0,2.0,1
0.617,40,1,0.2465,4993.0,4,0,0,0,2.0,0
0.3364,32,0,0.6646,,4,0,1,0,2.0,0
2.5877,76,0,0.8349,2554.0,6,0,2,0,0.0,0
0.0756,59,0,0.1801,,9,0,2,0,1.0,0
0.1407,44,0,0.4206,7929.0,10,0,3,0,0.0,0
1.5724,37,0,0.5583,6139.0,4,0,1,0,1.0,0
0.4927,46,0,0.814,3796.0,7,0,1,0,1.0,0
0.7999,78,0,0.3961,,6,2,1,2,1.0,0
0.6253,35,0,0.6109,,6,0,0,0,0.0,0
0.1506,78,0,0.9402,4298.0,10,0,1,0,2.0,0
0.4061,44,0,1.0523,2225.0,8,0,1,0,2.0,0
2.8909,52,0,0.8055,,9,0,0,0,1.0,0
0.0869,52,0,0.3018,4086.0,7,0,1,0,0.0,0
0.3667,54,0,0.3516,3240.0,4,0,1,0,1.0,0
0.5001,31,0,0.1942,6034.0,7,0,0,0,0.0,0
0.0923,87,0,0.7143,2564.0,9,0,0,0,2.0,0
0.0146,62,0,0.1071,6176.0,7,0,0,0,2.0,0
0.789,64,0,0.5219,4685.0,9,0,1,0,0.0,1
0.326,54,0,0.2573,4880.0,14,0,1,0,3.0,0
0.5313,56,0,0.3909,,8,0,0,0,3.0,0
0.3556,59,0,0.2216,4299.0,6,0,2,0,2.0,0
4.93,57,0,1.4873,4255.0,6,0,3,0,0.0,0
2.3191,40,0,0.8065,,7,0,0,0,1.0,0
0.1904,43,0,0.1511,10066.0,7,0,2,0,2.0,0
1.2331,66,0,0.5244,,7,0,0,0,0.0,0
1.733,72,0,0.5786,3543.0,10,0,1,0,1.0,0
2.0288,41,1,0.4586,2124.0,13,1,2,1,0.0,0
0.4489,49,0,0.4153,,4,0,2,0,1.0,0
0.7388,48,0,1.0318,6194.0,8,0,0,0,1.0,0
1.0105,65,0,0.7709,4458.0,6,0,0,0,1.0,1
1.0064,50,0,0.5342,10776.0,6,0,1,0,1.0,0
0.1902,48,0,0.5324,3010.0,4,0,1,0,0.0,0
0.3631,41,0,0.8316,,8,0,1,0,1.0,0
0.7918,65,0,0.7357,7439.0,9,0,0,0,0.0,0
0.1733,51,0,0.7451,3184.0,8,0,2,0,0.0,0
0.8076,48,3,0.1471,,6,0,0,0,3.0,0
0.0249,51,0,0.903,4995.0,6,0,2,0,0.0,0
0.2109,75,0,0.0551,3522.0,2,0,0,0,2.0,0
0.5401,56,0,0.8119,,5,0,1,0,0.0,0
1.2506,73,0,0.1098,,6,0,0,0,0.0,0
0.161,39,0,0.1267,8242.0,8,0,0,0,0.0,0
0.1306,54,0,0.7504,5502.0,6,0,1,0,,0
0.7764,51,0,0.987,3792.0,4,0,0,0,1.0,0
0.4005,90,0,0.5611,7053.0,12,0,0,0,0.0,0
0.0187,52,0,0.9012,10559.0,5,0,0,0,1.0,0
0.735,40,0,0.672,4243.0,7,0,0,0,1.0,0
0.377,57,0,0.0639,5863.0,7,0,1,0,0.0,0
0.6781,60,0,0.4709,3327.0,12,0,1,0,0.0,0
0.3827,74,0,0.4501,3746.0,3,0,2,0,1.0,0
0.6758,47,0,1.2074,3867.0,9,0,1,0,2.0,0
0.6139,71,0,0.7399,3898.0,7,0,0,0,0.0,0
0.2985,55,0,0.5929,,4,0,3,0,0.0,0
0.204,60,0,0.3502,12169.0,6,0,0,0,1.0,0
0.193,62,0,0.3188,9417.0,9,0,1,0,0.0,0
2.4884,52,0,0.5224,,7,0,1,0,2.0,0
0.1315,32,0,0.5978,5869.0,7,0,1,0,0.0,0
0.2055,55,0,0.8242,4249.0,8,0,1,0,1.0,0
2.2302,46,0,0.6098,,10,0,4,0,1.0,0
0.2161,36,0,0.2004,8305.0,4,0,0,0,0.0,0
0.5719,55,0,0.3456,4391.0,17,0,2,0,0.0,0
0.3303,39,0,0.5066,4822.0,6,0,1,0,1.0,0
0.3404,55,0,0.2963,4676.0,10,0,1,0,0.0,0
0.9624,53,0,0.3764,6232.0,8,0,1,0,1.0,0
0.0897,50,0,0.846,,6,0,1,0,1.0,0
0.1491,39,0,0.8307,,10,0,1,0,2.0,0
0.6773,33,0,0.3877,,4,0,2,0,1.0,0
5.1812,55,1,0.0997,6893.0,13,1,2,2,1.0,0
0.6007,70,0,0.45,3993.0,6,0,2,0,2.0,0
0.1356,63,0,0.4311,2404.0,8,0,1,0,0.0,0
0.2371,35,0,1.1296,3747.0,6,0,3,0,2.0,0
0.4828,47,0,0.4868,6764.0,9,0,0,0,0.0,0
0.0278,49,0,0.1146,,7,0,1,0,0.0,0
0.8034,35,0,0.8924,,14,0,1,0,1.0,0
0.1421,44,0,0.6308,3072.0,6,0,0,0,1.0,0
0.1571,39,0,0.2728,3687.0,5,0,2,0,1.0,0
0.6975,74,0,0.4958,,5,0,1,0,0.0,1
0.0357,55,0,0.8894,,13,0,0,0,0.0,0
0.3442,73,0,0.8427,11910.0,13,0,1,0,1.0,0
0.2862,56,0,0.0732,9284.0,7,0,1,0,1.0,0
0.2309,72,0,0.2684,,10,0,1,0,1.0,0
2.9906,33,0,0.3193,,10,0,1,0,0.0,0
0.336,70,0,0.8527,28847.0,6,0,2,0,0.0,0
0.1516,51,0,0.9437,,5,0,2,0,1.0,0
0.2014,51,0,0.3247,1435.0,7,1,2,0,0.0,0
0.5544,67,0,0.4437,5949.0,8,0,1,0,1.0,0
0.4455,51,0,0.2669,3859.0,10,0,1,0,1.0,0
0.888,59,0,0.5177,5507.0,7,0,1,0,0.0,0
0.086,40,0,0.0944,11300.0,7,0,2,0,0.0,0
7.5786,79,3,0.1286,,11,0,0,2,0.0,0
0.317,41,0,0.6667,8168.0,8,0,0,0,1.0,0
0.1738,37,0,0.9851,3945.0,4,0,1,0,0.0,0
0.0007,40,0,0.5705,4714.0,3,0,1,0,2.0,0
0.6199,35,0,0.3089,,14,0,0,0,0.0,0
0.3146,27,0,0.1515,,5,0,1,0,1.0,0
2.268,53,0,0.4416,7802.0,6,0,2,0,0.0,0
4.7869,35,0,0.8723,3237.0,4,0,0,0,0.0,0
0.3196,42,0,1.0471,6132.0,7,0,0,0,0.0,0
0.6172,22,0,0.4954,2916.0,10,0,0,0,0.0,0
0.5304,74,0,0.2361,10058.0,6,0,0,0,2.0,0
0.7449,59,0,0.148,2638.0,7,0,4,0,1.0,0
0.2643,23,0,0.1318,,8,0,0,0,2.0,0
0.7557,50,0,0.6839,3208.0,8,0,0,0,1.0,1
0.1942,49,0,0.475,5263.0,10,0,0,0,1.0,0
0.5764,50,0,0.4134,,5,0,1,0,0.0,0
0.2554,57,0,0.3474,1385.0,8,0,1,0,0.0,0
0.8629,31,0,0.1384,4568.0,4,0,0,0,0.0,0
0.6345,38,0,0.3586,8440.0,10,0,0,0,0.0,0
1.0501,45,0,0.6148,11852.0,15,0,0,0,0.0,0
1.6777,59,0,0.1481,,10,0,3,0,1.0,0
0.0231,47,0,0.3878,6519.0,11,0,1,0,1.0,0
2.205,55,0,0.1762,,11,0,1,0,0.0,0
0.6382,34,0,0.4501,,2,0,1,0,1.0,0
0.318,42,0,0.0358,4980.0,10,0,2,0,0.0,0
0.1345,62,0,0.6988,3733.0,10,0,1,0,2.0,0
0.9001,60,0,0.2963,3088.0,7,0,1,0,0.0,1
2.7608,56,0,1.2105,5273.0,5,0,3,0,2.0,1
0.2421,63,0,0.4963,8529.0,7,0,0,0,1.0,0
0.7684,60,0,0.4376,5151.0,6,0,2,0,2.0,0
0.4791,45,0,0.486,,6,0,0,0,1.0,0
0.1091,60,0,0.2648,2292.0,9,0,1,0,2.0,0
0.3453,54,0,1.1229,10415.0,8,0,1,0,0.0,0
4.1904,48,0,0.3191,2428.0,6,0,1,0,0.0,1
0.0972,47,0,0.1623,3060.0,6,0,0,0,2.0,0
0.5004,67,0,0.6374,,10,0,1,0,0.0,0
0.6821,62,0,0.5553,5295.0,7,0,2,0,0.0,0
0.1907,45,0,0.4983,10438.0,11,0,0,0,1.0,0
0.2034,43,0,0.6293,2865.0,10,0,1,0,1.0,0
1.1041,45,0,0.4432,15580.0,3,0,0,0,3.0,0
0.7214,62,2,0.0154,,11,0,4,1,,0
0.306,38,0,0.7431,4515.0,10,0,0,0,1.0,0
0.2221,51,0,0.1417,9173.0,8,0,2,0,0.0,0
4.6346,61,0,0.4389,3784.0,8,0,0,0,1.0,0
4.2731,58,0,0.1309,,9,0,1,0,0.0,0
2.47,59,0,0.8851,3661.0,10,0,0,0,1.0,0
1.0018,31,0,0.2521,6778.0,10,0,0,0,1.0,0
0.3201,58,0,0.5502,2327.0,4,0,0,0,0.0,0
1.9909,42,0,0.1871,,9,0,0,0,1.0,0
0.6233,46,0,0.138,2260.0,7,0,2,0,0.0,0
0.4812,30,0,0.5147,2531.0,18,0,3,0,1.0,0
0.5586,66,0,0.4001,4518.0,13,0,1,0,2.0,0
0.6191,60,0,0.2806,,6,0,4,0,0.0,0
0.4666,43,0,0.7891,5877.0,7,0,0,0,0.0,0
0.0013,58,0,1.0657,4062.0,10,0,1,0,0.0,0
0.4292,63,0,0.4191,17023.0,2,0,1,0,2.0,0
0.217,70,0,0.3388,1579.0,6,0,0,0,0.0,0
0.8822,60,0,0.6277,,4,0,1,0,1.0,0
0.013,45,0,0.5536,5082.0,7,0,1,0,0.0,0
0.3827,37,0,0.648,9059.0,9,0,0,0,0.0,0
1.9817,82,0,0.9766,4759.0,6,0,2,0,0.0,1
0.1739,47,0,0.5441,2731.0,4,0,0,0,0.0,0
0.5088,52,0,0.8707,5379.0,4,0,1,0,1.0,0
0.5762,58,0,0.7627,10901.0,8,0,0,0,1.0,0
3.552,65,0,0.5108,4620.0,7,0,0,0,1.0,0
0.9227,50,0,0.3252,7666.0,7,0,1,0,2.0,0
0.0447,66,0,0.2598,,5,0,1,0,0.0,0
0.3727,88,0,0.5034,2766.0,4,0,1,0,3.0,0
2.1594,49,1,0.5221,6852.0,10,0,1,1,0.0,0
0.36,61,1,0.3189,3713.0,8,2,0,0,0.0,0
0.5377,40,0,0.5697,15434.0,7,0,1,0,0.0,0
0.6324,47,0,0.2777,11324.0,10,0,1,0,0.0,0
0.1464,42,0,0.1165,8230.0,8,0,3,0,0.0,0
1.1547,38,0,0.4782,9137.0,8,0,2,0,2.0,0
0.2716,38,0,0.1075,4058.0,9,0,1,0,0.0,0
0.1329,72,0,0.1324,5572.0,7,0,0,0,0.0,0
0.0581,77,0,0.2821,,7,0,1,0,1.0,0
0.5186,71,0,0.1682,2151.0,9,0,1,0,0.0,0
0.3089,51,0,0.601,8926.0,6,0,1,0,1.0,0
0.2026,64,0,0.7438,8846.0,11,0,0,0,0.0,0
0.1519,33,0,0.2788,4873.0,10,0,2,0,0.0,0
0.4425,21,0,0.3113,,5,0,3,0,1.0,0
0.7196,48,0,0.5013,1641.0,5,0,1,0,2.0,0
0.2382,55,0,0.1398,4802.0,7,0,1,0,0.0,0
0.5617,49,0,0.7434,,10,0,2,0,0.0,0
0.1035,56,0,0.6414,4025.0,12,0,0,0,1.0,0
0.2583,54,0,0.9128,2706.0,6,0,0,0,1.0,0
0.7692,46,0,0.1349,8367.0,8,0,1,0,0.0,0
0.781,46,0,0.4825,9137.0,5,0,2,0,1.0,0
2.5692,58,0,0.3229,1666.0,7,0,1,0,0.0,0
0.0906,78,0,0.4359,,9,0,2,0,1.0,0
0.9626,47,0,0.2666,3186.0,6,0,1,0,1.0,0
0.2801,71,0,0.9147,,8,0,1,0,0.0,0
6.229,43,1,0.1008,4624.0,5,0,0,0,0.0,0
0.802,42,0,0.3914,,10,0,1,0,0.0,0
1.2126,65,0,0.1524,3094.0,10,0,1,0,0.0,0
0.6608,75,0,0.0992,3841.0,8,0,0,0,0.0,0
0.3275,39,0,0.4823,3711.0,12,0,1,0,1.0,0
0.3688,26,0,0.5504,6132.0,5,0,1,0,0.0,0
3.9689,47,0,0.0941,,8,0,0,0,3.0,0
0.2136,70,0,0.1102,5260.0,2,0,3,0,0.0,0
0.2904,58,0,0.3492,7030.0,9,0,0,0,2.0,0
0.0358,29,0,0.4008,8106.0,11,0,2,0,3.0,0
0.4791,44,0,0.1941,1565.0,12,0,1,0,0.0,0
0.0598,56,0,0.7662,,4,0,1,0,0.0,0
2.0004,68,0,0.8969,10388.0,9,0,4,0,2.0,0
0.1695,48,0,1.0618,,9,0,3,0,2.0,0
0.4603,62,0,0.2441,1509.0,6,0,0,0,1.0,0
0.9011,63,0,0.2707,10668.0,13,0,1,0,1.0,0
2.5458,54,0,0.7813,,9,1,1,0,2.0,0
1.3734,49,0,0.0256,,8,0,2,0,1.0,0
0.3398,62,1,0.2382,6891.0,7,0,4,0,1.0,0
0.1416,47,0,0.5216,1643.0,7,0,0,0,0.0,0
0.5975,44,0,0.5069,,12,0,1,0,0.0,0
8.7425,32,0,0.8056,6146.0,7,0,2,0,1.0,0
0.4486,21,0,0.347,,5,0,0,0,0.0,0
0.1464,33,0,0.2389,4929.0,10,0,0,0,2.0,0
2.1864,52,0,0.6844,5534.0,7,0,1,0,1.0,0
0.4825,70,0,0.8262,5659.0,3,0,0,0,3.0,0
0.2479,58,0,0.5567,4627.0,8,0,2,0,1.0,0
0.0486,70,0,1.1513,5181.0,12,0,0,0,2.0,0
0.3261,49,0,0.1724,1771.0,7,0,1,0,0.0,0
0.5087,57,0,0.8595,8909.0,6,0,2,0,1.0,0
0.0257,45,0,0.3607,,6,0,1,0,1.0,0
0.0088,22,0,0.3659,4231.0,5,0,0,0,2.0,0
0.2181,35,0,0.0541,15274.0,9,0,0,0,2.0,0
0.1897,44,0,0.4706,,8,0,0,0,2.0,0
0.4846,56,0,1.0958,,6,0,1,0,1.0,0
0.0927,32,1,0.7663,3839.0,7,0,0,0,3.0,0
0.5677,57,0,0.5657,4413.0,12,0,1,0,0.0,0
1.0766,58,0,0.0973,5372.0,6,0,0,0,0.0,0
1.0336,31,0,0.6744,3782.0,7,0,0,0,,0
0.5509,62,0,0.0816,1480.0,16,0,0,0,0.0,0
0.4248,49,0,0.4263,6556.0,8,0,3,0,3.0,0
0.5055,32,0,0.3419,,3,0,0,0,0.0,0
0.239,52,0,0.4885,11972.0,4,0,2,0,0.0,0
0.8998,35,0,0.5092,,6,0,2,0,0.0,0
0.3258,68,0,0.6972,6723.0,9,0,3,0,1.0,0
0.0729,26,0,1.1462,6032.0,9,0,1,0,0.0,0
0.7801,65,0,0.6011,3733.0,13,0,1,0,2.0,1
0.9465,75,0,0.4929,,4,0,1,0,3.0,1
0.0307,72,0,0.5172,,9,0,1,0,0.0,0
1.9074,69,0,0.2058,8871.0,12,0,1,0,1.0,1
0.2428,46,0,0.7685,13961.0,13,0,2,0,1.0,0
0.0406,51,0,0.0539,5994.0,6,0,0,0,0.0,0
0.2023,54,0,0.5025,3046.0,9,0,2,0,3.0,0
0.9433,34,1,0.0543,4410.0,6,0,1,0,0.0,0
0.2295,63,0,0.2681,5907.0,12,0,3,0,0.0,0
0.0032,61,0,0.4802,7480.0,9,0,1,0,0.0,0
0.0017,57,0,0.63,4849.0,5,0,2,0,1.0,0
0.2077,30,0,0.3252,4419.0,3,0,0,0,0.0,0
2.5562,63,0,0.0372,5906.0,3,0,1,0,0.0,0
1.324,58,0,0.4713,,6,0,1,0,2.0,0
1.3237,40,0,0.6071,3695.0,3,0,1,0,0.0,0
0.2289,53,0,0.26,5015.0,7,0,1,0,1.0,0
6.7594,74,0,0.4527,9700.0,5,1,1,0,1.0,0
0.3853,61,0,0.1926,3656.0,6,0,0,0,0.0,0
0.0805,70,0,0.7212,,8,0,1,0,0.0,0
0.4746,76,0,0.195,6252.0,12,0,2,0,1.0,0
0.4027,48,0,1.1662,15046.0,8,0,0,0,2.0,0
0.0647,47,0,0.4922,,10,0,1,0,1.0,0
0.4748,52,0,0.9266,,6,0,1,0,0.0,0
0.3331,22,0,0.1465,4314.0,6,0,0,0,0.0,0
0.4329,65,0,0.544,5916.0,6,0,0,0,1.0,0
0.6694,58,0,0.0824,5669.0,10,0,1,0,1.0,0
0.7529,41,0,0.5521,4308.0,7,0,2,0,2.0,1
0.76,49,0,0.7361,,9,0,2,0,0.0,0
0.0038,33,0,0.5945,3184.0,4,0,0,0,3.0,0
0.6014,67,0,0.2494,7966.0,5,0,0,0,2.0,0
1.1694,52,0,0.1498,4973.0,7,0,4,0,0.0,0
0.9712,60,0,1.0295,15387.0,7,0,1,0,2.0,0
1.5264,53,0,0.691,12835.0,9,0,0,0,1.0,0
0.4543,76,0,0.4031,3671.0,5,0,0,0,0.0,0
0.1162,37,0,0.446,,12,0,0,0,0.0,0
0.3886,38,0,0.4913,4992.0,5,0,1,0,0.0,0
5.2366,34,1,0.4676,,4,0,0,0,0.0,0
0.3996,64,0,0.4668,7532.0,10,0,2,0,0.0,0
0.5785,24,0,0.4994,,4,0,2,0,0.0,0
0.7338,27,0,0.8253,3027.0,10,0,1,0,1.0,0
0.5955,43,0,0.367,6570.0,7,0,0,0,3.0,0
0.8211,65,1,0.0232,,6,0,0,3,0.0,0
0.9945,63,0,0.3172,4435.0,10,0,2,0,0.0,0
1.6478,36,0,0.8595,3430.0,4,0,2,0,0.0,0
0.1112,25,0,0.6306,2494.0,4,0,0,0,1.0,0
0.0393,76,0,0.3962,7971.0,5,0,1,0,1.0,0
0.1267,45,0,0.3216,1687.0,7,0,1,0,0.0,0
0.1927,64,0,0.4235,,11,0,1,0,0.0,0
1.7647,64,2,0.6041,,11,0,2,1,1.0,0
0.0947,37,0,0.4158,5656.0,12,0,1,0,0.0,0
2.3076,46,0,0.5582,,11,0,0,0,1.0,0
0.1838,64,0,0.7979,5238.0,9,0,2,0,1.0,0
0.0649,49,0,0.1028,3990.0,7,0,2,0,0.0,0
0.4152,32,0,0.1914,2476.0,6,0,0,0,3.0,0
0.7496,51,0,0.906,3796.0,10,0,1,0,2.0,0
0.27,45,0,0.358,3417.0,9,0,2,0,1.0,0
0.9187,65,0,0.4663,3378.0,11,0,0,0,3.0,1
0.1164,62,0,0.2531,6664.0,9,0,1,0,1.0,0
0.5934,38,0,0.5417,3086.0,2,0,1,0,2.0,0
0.8779,54,0,0.7668,3078.0,8,0,1,0,1.0,0
0.2449,27,0,0.5405,3143.0,6,0,2,0,2.0,0
0.5845,39,0,0.9639,5016.0,11,0,4,0,0.0,0
0.488,75,0,0.9628,5318.0,10,0,3,0,1.0,0
0.7937,53,0,0.4042,2467.0,5,0,2,0,3.0,0
0.2188,72,0,0.4572,2214.0,11,0,2,0,2.0,0
0.3398,56,0,0.9345,11597.0,9,0,0,0,0.0,0
0.4623,61,0,0.7796,5042.0,6,0,1,0,2.0,0
0.2825,53,0,0.288,,6,0,0,0,0.0,0
0.1818,24,0,0.4597,7890.0,13,0,2,0,1.0,0
0.7462,58,0,0.7868,2356.0,11,0,1,0,0.0,0
0.5915,70,0,0.2915,6680.0,10,0,2,0,1.0,0
0.5208,63,0,0.5607,3909.0,10,0,0,0,3.0,0
1.3336,24,0,0.5865,2744.0,10,0,0,0,2.0,0
0.5356,64,0,0.4783,4388.0,14,0,1,0,0.0,1
0.8295,50,0,0.3438,2365.0,8,0,0,0,0.0,0
0.1249,46,0,0.6237,6368.0,7,0,0,0,1.0,0
0.4095,47,0,0.1536,4055.0,7,0,1,0,2.0,0
0.3799,53,0,0.2308,,5,0,0,0,0.0,0
0.8191,41,0,0.4049,4058.0,6,0,1,0,3.0,0
0.1316,52,0,0.6295,4486.0,13,0,0,0,2.0,0
0.7993,61,0,0.1797,6787.0,11,0,1,0,0.0,0
0.4216,57,0,0.5373,,6,0,1,0,0.0,0
0.3323,60,1,0.7501,3892.0,5,0,0,0,1.0,0
0.2824,73,1,0.8286,13341.0,9,0,1,0,1.0,0
0.5856,52,0,0.4172,4019.0,9,0,1,0,1.0,0
0.4303,60,0,0.0383,12055.0,10,0,1,0,1.0,0
0.6408,45,0,0.3173,,14,0,0,0,1.0,0
0.3761,57,0,0.3213,11464.0,11,0,0,0,,1
0.3013,57,0,0.498,5155.0,9,0,0,0,1.0,0
0.1691,39,0,0.371,3787.0,9,0,1,0,2.0,0
1.0806,45,0,0.2517,15677.0,4,0,1,0,1.0,0
0.7398,38,0,0.2662,4799.0,8,0,1,0,0.0,0
0.4298,54,0,0.4818,,6,0,0,0,1.0,0
0.5303,51,0,0.396,4457.0,7,0,2,0,3.0,0
0.026,67,0,0.476,18426.0,7,0,3,0,2.0,0
0.5825,62,0,0.3114,4612.0,6,0,0,0,0.0,0
0.3167,56,0,0.6641,1969.0,9,0,0,0,2.0,0
0.4609,63,0,0.7187,,7,0,1,0,0.0,1
0.125,60,0,0.22,3804.0,5,0,0,0,0.0,0
0.6367,66,0,0.5764,,8,0,0,0,1.0,1
0.4076,67,0,0.2667,5126.0,11,0,0,0,1.0,0
1.6544,80,0,0.3905,,9,0,0,0,1.0,0
0.2141,65,0,0.7641,10223.0,10,0,0,0,0.0,0
0.9414,37,0,0.6808,7168.0,9,0,0,0,0.0,0
0.2262,71,0,0.4545,15694.0,4,0,1,0,0.0,0
0.0642,44,0,0.3818,4958.0,9,0,1,0,1.0,0
0.006,79,0,0.0642,,7,0,0,0,1.0,0
0.5483,48,0,0.3852,1231.0,6,0,0,0,0.0,0
0.6577,76,0,0.2145,17027.0,9,0,2,0,2.0,0
0.0334,38,0,0.4747,4081.0,14,0,1,0,1.0,0
0.5242,75,0,0.3944,3151.0,5,0,2,0,2.0,0
1.4271,78,0,0.2118,3277.0,2,0,0,0,0.0,0
0.2714,81,0,0.1444,6190.0,9,0,1,0,2.0,0
0.0839,74,0,0.5863,5604.0,10,0,0,0,0.0,0
0.7012,58,0,0.7727,11198.0,6,0,0,0,0.0,0
0.0321,55,0,0.4799,,11,0,0,0,1.0,0
0.1341,57,0,0.2237,,17,0,1,0,1.0,0
0.7596,39,0,0.12,7711.0,6,0,1,0,0.0,0
0.3319,51,0,1.2378,6053.0,9,0,0,0,0.0,0
1.7941,68,0,0.8091,6879.0,10,0,4,0,1.0,0
0.2265,78,0,0.7028,7203.0,8,0,0,0,0.0,0
0.3013,49,0,0.4821,11007.0,6,0,1,0,1.0,1
0.4704,50,0,0.5612,6360.0,11,0,1,0,0.0,0
0.303,77,0,0.5126,3662.0,9,0,0,0,2.0,0
2.6012,52,0,0.3284,,9,0,3,0,2.0,0
0.5472,43,0,0.3974,2268.0,4,0,0,0,1.0,0
0.0319,71,0,0.6664,6938.0,8,0,0,0,2.0,0
1.405,54,0,0.6911,3898.0,7,0,0,0,0.0,0
0.4391,59,0,0.3929,11077.0,9,0,0,0,1.0,0
0.7541,51,0,0.5436,4018.0,13,0,3,0,2.0,1
0.0711,61,0,0.5095,4455.0,5,0,0,0,2.0,0
0.5343,38,0,0.3784,4100.0,6,0,2,0,,0
0.3321,49,0,0.1613,6722.0,11,0,0,0,1.0,0
0.282,54,0,0.4025,,2,0,2,0,1.0,0
0.1593,46,0,0.3035,3643.0,3,0,0,0,2.0,0
0.1616,63,0,0.815,10453.0,3,0,1,0,0.0,0
0.4383,78,0,0.1266,6163.0,6,0,2,0,1.0,0
1.3728,63,0,0.99,13476.0,8,0,0,0,0.0,0
0.0986,51,0,0.5558,6610.0,12,0,0,0,1.0,0
0.1807,47,1,0.2709,11714.0,10,0,0,0,1.0,0
0.0989,26,0,0.3728,4795.0,6,0,0,0,1.0,0
0.6602,41,0,0.2843,5509.0,7,0,1,0,0.0,0
0.7128,48,0,0.0682,22486.0,8,0,3,0,1.0,0
0.5859,63,0,0.3431,,7,0,1,0,1.0,0
0.2785,42,0,0.6511,,9,0,1,0,1.0,0
0.4379,61,0,0.2656,,11,0,0,0,1.0,0
0.2852,70,0,0.5694,6447.0,10,0,0,0,0.0,0
0.0185,44,0,0.4113,,8,0,1,0,1.0,0
0.7703,57,0,1.2006,,12,0,1,0,0.0,0
0.091,70,0,0.8072,9080.0,9,0,0,0,1.0,0
0.0983,53,0,0.3163,12152.0,11,0,0,0,1.0,0
0.4222,52,0,0.4592,4825.0,7,0,1,0,0.0,1
0.5581,47,0,0.1204,5323.0,8,0,2,0,2.0,0
0.5405,44,0,0.6815,10654.0,9,0,2,0,0.0,0
0.1016,35,0,1.1595,1298.0,6,0,0,0,4.0,0
1.5496,44,0,0.3336,,6,0,1,0,1.0,0
0.1425,50,0,0.1432,,3,0,1,0,1.0,0
0.4334,57,0,0.0624,,15,0,2,0,1.0,0
0.5233,69,0,0.21,3807.0,4,0,2,0,0.0,1
0.2028,34,0,0.1846,8117.0,7,0,2,0,2.0,0
0.5801,36,0,0.5919,3487.0,7,0,2,0,1.0,0
0.334,71,0,0.2072,5165.0,11,0,1,0,0.0,0
0.0998,47,0,0.4483,3026.0,10,0,1,0,0.0,0
0.2097,61,0,0.4956,,15,0,2,0,0.0,0
0.1611,66,0,0.3205,6323.0,7,0,1,0,0.0,0
0.2986,59,0,0.064,4892.0,7,0,2,0,0.0,0
0.0516,52,0,0.7808,,11,0,0,0,1.0,0
0.066,63,0,1.1688,2586.0,18,0,2,0,0.0,0
2.602,55,0,0.3867,4001.0,11,0,1,0,1.0,0
0.7922,46,0,0.6913,2844.0,4,0,2,0,1.0,0
0.4988,52,0,0.6554,,13,0,0,0,1.0,0
0.4891,49,0,0.4057,2923.0,9,0,0,0,1.0,0
0.9055,55,0,0.2245,4156.0,8,0,2,0,0.0,0
0.0321,39,0,0.3216,8817.0,10,0,4,0,0.0,0
0.3019,67,0,0.3273,12566.0,6,0,0,0,1.0,0
0.5085,51,0,0.6736,5391.0,6,0,1,0,2.0,1
0.1701,39,1,0.1534,4343.0,12,0,3,0,2.0,0
0.3625,43,0,0.3719,2084.0,13,0,1,0,3.0,0
0.2811,41,0,0.6457,,8,0,1,0,3.0,0
0.7628,38,0,0.5619,4721.0,10,0,1,0,1.0,0
0.4211,74,0,0.4992,4630.0,6,0,1,0,2.0,0
0.3763,70,0,0.033,,7,0,1,0,1.0,0
0.4507,37,0,0.5387,4330.0,11,0,0,0,0.0,0
3.0162,39,2,0.52,,9,0,0,0,0.0,0
0.1808,39,0,1.1216,1181.0,5,0,2,0,0.0,0
0.0703,59,0,0.7557,15938.0,7,0,0,0,1.0,0
0.3559,55,1,0.2232,2452.0,7,0,2,0,1.0,0
0.1735,58,0,0.612,13038.0,14,0,3,0,0.0,0
0.5612,39,0,0.0951,1559.0,11,0,2,0,0.0,0
0.5076,36,0,0.244,2606.0,8,0,3,0,2.0,0
0.3143,45,0,0.7959,10910.0,6,0,1,0,2.0,0
1.0203,63,0,0.1583,4514.0,8,0,1,0,1.0,0
0.0478,84,0,0.8308,2230.0,11,0,5,0,1.0,0
0.2968,35,0,0.3987,6461.0,6,0,1,0,1.0,0
0.043,69,0,0.6197,1461.0,12,0,3,0,1.0,0
0.5371,61,0,0.3149,4084.0,11,0,0,0,1.0,0
0.3627,40,0,0.0263,13412.0,6,0,0,0,0.0,0
0.0676,59,0,0.5834,4757.0,6,0,1,0,2.0,0
2.7848,55,0,0.4421,3409.0,7,0,1,0,1.0,0
0.0137,55,0,0.5661,13022.0,8,0,0,0,0.0,0
0.3912,62,0,0.73,3624.0,12,0,1,0,1.0,0
0.0783,77,0,0.263,13424.0,2,0,1,0,2.0,0
1.5666,62,0,0.5018,8142.0,7,0,1,0,0.0,0
0.5213,54,0,0.5574,9133.0,4,0,2,0,0.0,0
0.4672,44,0,0.595,,5,0,1,0,0.0,0
0.1174,51,0,0.1207,6982.0,6,0,1,0,0.0,0
0.241,56,0,0.2415,6647.0,16,0,2,0,1.0,0
0.1333,48,0,0.2821,4254.0,10,0,0,0,0.0,0
0.5527,63,0,1.0444,13133.0,12,0,1,0,0.0,0
0.6095,77,0,0.9645,3503.0,12,0,1,0,1.0,1
1.8022,31,0,1.0371,6721.0,7,0,1,0,1.0,0
3.2183,44,0,0.0851,2495.0,7,0,0,0,0.0,0
0.1684,76,3,0.487,8469.0,7,0,1,0,2.0,0
1.1724,54,1,0.6259,8499.0,10,0,2,0,1.0,0
0.2576,69,0,0.0846,,7,0,0,0,0.0,0
0.5303,38,0,0.749,3426.0,2,0,2,0,2.0,1
0.2407,58,0,0.5372,15844.0,17,0,1,0,2.0,0
0.5365,48,0,0.7498,,9,0,1,0,0.0,0
0.5585,52,0,0.4276,4633.0,5,0,1,0,1.0,0
0.767,48,0,0.305,6172.0,10,0,0,0,2.0,0
0.3957,75,0,0.2087,,9,0,0,0,0.0,0
0.4351,45,0,0.625,3689.0,11,0,1,0,3.0,0
0.3364,68,0,0.667,,5,0,0,0,0.0,0
0.3392,53,0,0.547,11350.0,10,0,2,0,0.0,0
1.4264,77,0,0.7249,11586.0,12,0,1,0,0.0,0
0.4888,61,0,0.4531,4771.0,10,0,1,0,0.0,0
0.2549,34,0,0.3588,6701.0,7,0,2,0,2.0,0
0.5548,54,0,0.3197,3202.0,7,0,1,0,1.0,0
0.2009,50,0,0.0881,5143.0,13,0,1,0,0.0,0
0.9875,61,3,0.5558,3063.0,9,1,1,0,0.0,0
0.7841,55,0,0.7599,10755.0,9,0,0,0,0.0,0
0.7486,31,0,0.1908,5650.0,5,0,1,0,1.0,0
3.7726,47,0,0.5716,4868.0,9,0,1,0,1.0,0
1.4625,46,0,0.3506,5699.0,11,0,3,0,0.0,0
0.4396,52,0,0.5448,5342.0,9,0,1,0,1.0,1
0.0955,57,0,0.2811,6001.0,9,0,1,0,3.0,0
0.3272,62,0,0.6396,,7,0,5,0,1.0,0
0.0139,60,0,0.487,1765.0,6,0,1,0,1.0,0
0.3758,21,0,0.7073,7702.0,12,0,3,0,0.0,0
0.0485,60,0,0.9385,8547.0,6,0,2,0,1.0,0
0.3304,71,0,0.2775,4997.0,10,0,2,0,3.0,0
0.2026,54,0,0.5413,,11,0,0,0,1.0,0
0.0035,44,0,0.2549,,6,0,1,0,1.0,0
4.2019,40,0,0.5138,4280.0,6,0,0,0,0.0,1
0.2846,65,0,0.3178,3631.0,10,0,1,0,1.0,0
0.4141,57,0,0.5153,5507.0,6,0,2,0,2.0,0
7.322,44,0,0.4347,,4,0,1,0,1.0,0
0.0477,54,0,0.3513,4780.0,11,0,1,0,0.0,0
0.1479,46,0,0.4562,3320.0,8,0,0,0,0.0,0
0.4821,46,0,0.9301,,5,0,1,0,1.0,0
0.1135,53,0,0.438,5645.0,12,0,2,0,0.0,0
0.3457,55,1,0.0942,3245.0,7,0,2,1,1.0,0
0.1894,42,0,0.5375,10575.0,13,0,2,0,0.0,0
0.1714,47,0,0.2494,2684.0,8,0,1,0,0.0,0
0.7479,76,0,0.6641,15134.0,6,0,0,0,1.0,0
0.5536,39,0,0.3262,2063.0,9,0,0,0,,0
0.8536,55,0,0.2116,9492.0,3,0,0,0,1.0,0
0.6784,60,1,0.0875,,9,0,1,0,1.0,0
0.3266,44,0,0.8919,3983.0,9,0,0,0,0.0,0
0.4756,45,0,0.1778,6102.0,10,0,0,0,0.0,0
0.4913,42,0,0.7915,,13,0,2,0,0.0,0
0.4238,38,0,0.6508,11206.0,5,0,0,0,0.0,0
0.8837,72,0,0.6371,,16,0,1,0,2.0,1
0.7819,46,0,0.283,6393.0,7,0,3,0,3.0,1
0.3053,52,0,0.3171,,7,0,2,0,0.0,0
0.3168,39,0,0.2429,,5,0,1,0,1.0,0
3.6045,57,0,1.0247,3608.0,8,0,1,0,2.0,0
0.4798,44,0,0.4981,,7,0,0,0,0.0,1
3.0935,62,0,0.6104,,3,0,2,0,0.0,0
0.3744,39,0,0.5254,4889.0,11,0,1,0,1.0,0
0.922,75,0,0.5695,,10,0,2,0,2.0,0
1.2286,44,0,0.1872,,12,0,2,0,0.0,0
0.3911,56,1,0.6244,13189.0,4,0,2,0,1.0,0
0.1163,57,0,0.3543,3832.0,8,0,0,0,1.0,0
0.2354,64,0,0.283,6769.0,4,0,1,0,0.0,0
0.6015,32,0,0.6426,4579.0,5,0,3,0,0.0,0
0.3414,39,0,0.1765,17740.0,3,0,0,0,0.0,0
2.0298,47,0,0.307,3363.0,6,0,0,0,1.0,0
0.3223,68,0,0.6272,6913.0,10,0,1,0,0.0,0
0.8196,49,0,0.4326,6667.0,8,0,3,0,3.0,0
0.429,76,0,0.1855,4544.0,9,0,1,0,0.0,0
0.6095,81,0,0.1972,6671.0,6,0,0,0,1.0,0
1.083,52,0,0.2115,20617.0,8,0,1,0,0.0,0
0.334,82,0,0.3203,3137.0,10,0,0,0,1.0,0
0.3691,47,0,0.5502,5696.0,3,0,0,0,0.0,0
0.6805,55,0,0.3327,3345.0,8,0,1,0,1.0,0
0.1364,57,0,0.9708,2340.0,8,0,1,0,1.0,0
0.7803,71,0,0.2601,2059.0,6,0,1,0,1.0,0
0.3104,67,0,1.263,3681.0,10,0,2,0,2.0,0
0.5087,51,0,0.1569,5567.0,8,0,2,0,3.0,0
0.5815,44,0,0.2542,7034.0,10,0,0,0,1.0,0
0.2931,57,0,0.4746,2230.0,8,0,0,0,1.0,0
0.0569,61,0,0.32,7287.0,8,0,0,0,2.0,0
0.416,70,0,0.5687,3747.0,9,0,2,0,1.0,0
0.7486,75,0,0.4191,3556.0,3,0,0,0,1.0,0
0.1145,48,0,0.1316,,5,0,2,0,2.0,0
0.152,45,0,0.0445,15465.0,4,0,0,0,1.0,0
1.0122,59,0,0.148,8825.0,7,0,0,0,1.0,0
0.7698,34,0,0.4234,5999.0,6,0,1,0,0.0,0
0.2867,74,2,0.2132,7993.0,4,0,0,0,0.0,0
0.4843,41,0,0.7755,2787.0,10,0,0,0,1.0,0
0.3192,54,0,0.3011,7067.0,6,0,0,0,2.0,0
0.2605,33,0,0.5035,,8,0,3,0,1.0,0
0.3017,42,0,0.6792,,6,0,2,0,1.0,0
1.7485,61,0,0.1212,3585.0,10,0,0,0,0.0,0
0.3481,39,1,0.4262,,14,0,1,0,0.0,0
2.3499,47,0,0.2278,10063.0,9,0,0,0,0.0,0
2.9805,76,0,0.7211,7075.0,1,0,1,0,0.0,0
0.1672,59,0,0.4942,2403.0,6,0,2,0,0.0,0
0.1481,47,0,0.1046,5996.0,4,0,0,0,1.0,0
0.9077,33,0,0.2724,5893.0,5,0,0,0,1.0,0
2.1146,69,1,0.7464,4518.0,9,0,0,0,0.0,1
0.1695,76,1,0.7114,6181.0,10,0,1,1,2.0,0
0.9146,21,1,0.523,8245.0,17,0,0,0,0.0,0
0.6448,32,0,0.4116,,5,0,0,0,2.0,0
0.6081,64,0,0.0765,2361.0,9,0,4,0,1.0,0
0.1362,43,0,0.4599,5381.0,5,0,0,0,2.0,0
0.4476,65,0,0.5846,,7,0,1,0,2.0,0
2.9821,44,0,0.65,3208.0,11,0,1,0,0.0,1
0.275,71,0,0.7106,3312.0,10,0,0,0,2.0,0
3.0081,33,0,0.7163,4421.0,9,0,1,0,0.0,0
0.5017,48,0,0.7778,3775.0,8,0,1,0,1.0,0
2.6139,48,0,0.6264,8674.0,8,0,2,0,0.0,0
0.5833,62,0,0.5867,3956.0,6,0,2,0,0.0,0
0.2293,52,0,0.1464,6677.0,9,0,2,0,,1
0.0305,48,2,0.379,,7,0,0,1,1.0,0
0.8597,47,1,0.5477,,11,0,2,0,0.0,0
0.3365,25,0,0.2668,16042.0,10,0,3,0,1.0,0
0.7542,46,0,0.8901,3494.0,6,0,4,0,1.0,0
0.4434,41,0,0.6547,,12,0,2,0,0.0,0
0.0342,59,0,0.2737,,12,0,1,0,0.0,0
1.3811,43,0,0.0706,,4,0,0,0,0.0,0
2.6159,62,1,0.6525,3957.0,4,0,0,0,2.0,0
0.0544,45,0,0.5326,6165.0,10,0,0,0,0.0,0
1.6389,50,0,0.3052,,10,0,2,0,0.0,0
1.1862,52,0,0.4487,8524.0,5,0,1,0,1.0,0
0.2182,43,0,0.4185,20496.0,5,0,2,0,1.0,0
0.1685,53,0,0.7187,2547.0,7,0,0,0,1.0,0
0.4065,31,0,0.3811,7452.0,7,0,0,0,0.0,0
0.1485,58,0,0.7592,3653.0,6,0,1,0,1.0,0
0.0982,54,2,0.2286,3875.0,13,1,1,0,0.0,0
0.2844,59,0,1.0193,9767.0,9,0,0,0,1.0,0
10.476,68,0,0.573,5083.0,7,0,3,0,0.0,0
0.6648,79,0,0.6149,5823.0,7,0,0,0,0.0,0
0.2981,48,0,0.8737,,5,0,1,0,0.0,0
0.2209,41,0,0.1341,,11,0,0,0,0.0,0
1.5117,46,0,0.7785,1435.0,6,0,0,0,0.0,0
0.0205,73,0,0.7831,,12,0,0,0,0.0,0
0.0049,38,0,0.774,5529.0,14,0,0,0,1.0,0
0.5791,88,0,0.5015,14720.0,8,0,2,0,1.0,0
0.107,54,0,0.67,2956.0,9,0,0,0,0.0,0
0.1375,57,0,0.3509,9563.0,8,0,3,0,1.0,0
0.0737,74,0,0.6142,8436.0,8,0,0,0,1.0,0
0.1601,47,0,0.4715,3262.0,5,0,1,0,0.0,0
0.6598,58,0,0.7175,,8,0,0,0,1.0,0
0.3559,69,0,0.43,3826.0,7,0,0,0,1.0,0
0.5513,39,0,0.7778,5286.0,10,0,0,0,,0
0.3217,29,0,0.4087,10678.0,6,0,3,0,2.0,0
0.1361,55,0,0.7205,5445.0,8,0,2,0,1.0,0
0.0227,36,0,0.3751,2453.0,8,0,4,0,,0
1.0842,58,0,0.2804,3516.0,6,0,0,0,1.0,0
0.4886,50,0,0.4214,3446.0,9,0,1,0,1.0,0
0.2081,66,0,0.5937,9043.0,10,0,2,0,2.0,0
0.1294,65,0,0.2435,1240.0,9,0,2,0,1.0,0
1.944,30,0,0.5996,3471.0,9,0,0,0,0.0,0
0.0372,46,0,0.2431,7651.0,7,0,3,0,0.0,1
0.6229,36,0,0.3452,,7,0,0,0,0.0,0
0.5623,58,0,0.3247,4687.0,6,0,0,0,0.0,0
0.3134,35,0,0.0242,6696.0,8,0,2,0,0.0,0
0.1579,67,0,0.9347,,4,0,2,0,0.0,0
0.366,29,0,0.2606,6165.0,8,0,0,0,0.0,0
1.4044,51,0,0.4727,7009.0,13,0,2,0,0.0,0
0.2669,41,0,0.5953,4474.0,5,0,0,0,3.0,0
0.3926,46,0,0.1859,7489.0,5,0,2,0,1.0,0
0.8484,45,0,0.1668,,9,0,2,0,1.0,0
0.5888,52,0,0.7392,3603.0,5,0,1,0,0.0,0
0.7583,37,0,0.4697,6036.0,12,0,0,0,1.0,0
0.6553,45,0,0.5959,5559.0,11,0,0,0,1.0,0
0.1576,76,0,0.1903,,4,0,1,0,1.0,0
0.3783,53,0,0.1273,2929.0,7,0,2,0,1.0,0
0.394,74,0,0.6471,7453.0,2,0,2,0,0.0,0
0.5876,51,0,0.2223,5881.0,10,0,0,0,0.0,0
1.1737,45,0,0.5012,13341.0,7,0,4,0,0.0,0
0.027,36,0,0.0861,2935.0,5,0,1,0,0.0,0
1.4387,59,0,0.5668,6963.0,9,0,0,0,2.0,0
0.0194,74,0,0.5864,8888.0,11,0,1,0,0.0,0
0.067,67,0,0.4691,3691.0,3,0,1,0,0.0,0
3.2192,61,0,0.6601,2526.0,8,0,0,0,0.0,0
0.6428,71,0,0.499,6563.0,13,0,1,0,0.0,0
0.2209,63,0,0.5497,,6,0,0,0,1.0,0
0.1617,65,0,0.1786,13958.0,6,0,1,0,,0
0.3355,64,0,0.3377,4577.0,6,0,3,0,0.0,0
0.2259,65,0,0.2937,,11,0,0,0,1.0,0
0.3409,37,0,0.183,4483.0,12,0,0,0,0.0,0
0.1718,44,0,0.3294,5359.0,3,0,0,0,0.0,0
1.3464,78,0,0.6636,4035.0,8,0,1,0,4.0,1
0.8532,44,0,0.1737,9449.0,9,0,0,0,0.0,0
1.0591,37,0,0.2944,4157.0,17,0,0,0,0.0,0
0.0731,60,0,0.4983,3679.0,9,0,2,0,2.0,0
0.7524,50,0,0.5648,7832.0,3,0,1,0,0.0,0
0.3957,74,0,0.6175,,3,0,1,0,1.0,0
0.6072,33,0,0.4982,,4,0,3,0,2.0,1
0.1236,36,0,0.8145,4481.0,10,0,2,0,0.0,0
0.3274,79,0,0.6238,3525.0,3,0,0,0,0.0,0
0.0731,39,0,0.5269,12207.0,5,0,1,0,1.0,0
0.4041,44,3,0.636,7257.0,8,0,0,0,0.0,0
1.1835,48,0,0.8071,4212.0,9,0,2,0,1.0,0
0.2308,21,0,0.3258,2259.0,10,0,2,0,1.0,0
0.6428,59,0,0.2165,4095.0,4,0,2,0,2.0,0
0.1322,33,0,0.141,6660.0,10,0,0,0,1.0,1
0.3132,60,0,0.2973,9206.0,10,0,1,0,0.0,0
0.8257,31,0,0.6857,4460.0,4,0,1,0,0.0,1
0.4869,62,0,0.3463,7184.0,10,0,2,0,1.0,0
0.6012,49,0,1.1532,14098.0,9,0,0,0,1.0,0
0.5684,50,0,0.7136,4960.0,11,0,2,0,0.0,0
0.2084,61,0,0.2262,5572.0,8,0,1,0,0.0,0
0.0489,64,0,0.2941,3713.0,15,0,0,0,1.0,0
0.2091,53,0,0.7716,5264.0,14,0,0,0,0.0,0
1.2422,52,0,0.0671,9101.0,9,0,0,0,0.0,0
0.792,45,0,0.6664,4813.0,7,0,1,0,2.0,0
2.3898,58,0,0.77,3861.0,7,0,1,0,1.0,0
0.1487,72,0,0.3248,4846.0,10,0,1,0,1.0,0
0.1015,59,0,0.4507,3547.0,8,0,0,0,0.0,0
0.5047,36,0,0.4603,4525.0,6,0,0,0,0.0,0
0.0286,52,0,0.2366,1816.0,11,0,0,0,0.0,0
7.74,43,0,0.6135,4892.0,5,0,1,0,0.0,0
0.3389,37,0,0.6077,2681.0,8,0,1,0,0.0,0
0.3858,48,0,0.4758,8198.0,8,0,1,0,2.0,0
0.2341,58,0,0.5426,,15,0,1,0,2.0,0
0.5125,61,2,0.8288,3785.0,5,0,2,1,2.0,0
0.2986,59,0,0.1469,2902.0,7,0,1,0,4.0,0
1.1233,42,0,0.3026,6049.0,10,0,0,0,0.0,0
0.095,39,0,0.5,,4,0,1,0,1.0,0
0.334,34,0,0.2347,5336.0,4,0,2,0,3.0,0
0.022,50,2,0.2807,7580.0,4,0,2,0,2.0,0
0.4523,60,0,0.5937,9128.0,6,0,2,0,0.0,0
0.1537,59,0,0.4322,11718.0,6,0,1,0,1.0,0
1.0,39,0,0.9228,3798.0,10,0,0,0,0.0,0
0.5529,75,0,1.0131,10217.0,10,0,2,0,2.0,0
0.5117,55,0,0.8811,4510.0,10,0,1,0,1.0,0
1.5018,62,1,0.0272,8307.0,7,1,2,0,0.0,0
0.1885,60,0,0.33,2870.0,7,0,0,0,2.0,0
2.8624,32,1,0.1748,,11,2,1,1,0.0,0
4.6262,62,0,0.8262,5298.0,4,0,0,0,0.0,0
0.6979,73,0,0.2541,18505.0,12,0,1,0,1.0,0
4.3772,38,2,0.1573,3049.0,5,1,0,1,2.0,0
0.0692,39,0,0.1996,,3,0,0,0,0.0,0
0.3494,58,0,0.457,,14,0,1,0,0.0,0
0.0031,53,0,0.4059,,9,0,0,0,,0
0.3744,59,0,0.1429,4019.0,6,0,0,0,2.0,0
1.3773,38,0,0.4207,,7,0,0,0,0.0,0
0.0552,62,1,0.1728,5956.0,10,0,0,0,1.0,0
0.1782,30,0,0.2508,5855.0,5,0,1,0,3.0,0
0.1735,47,0,0.3829,6226.0,7,0,0,0,1.0,0
0.4502,56,0,0.2857,1567.0,7,0,0,0,0.0,0
0.7146,42,0,0.5063,,9,0,1,0,1.0,0
0.2608,53,0,0.5449,2936.0,7,0,3,0,1.0,0
1.1928,67,1,0.3922,,3,1,0,3,0.0,0
0.3483,41,0,0.4428,5966.0,6,0,0,0,1.0,0
4.6272,47,1,0.7996,4721.0,10,0,1,0,0.0,0
0.2909,21,0,0.7655,4994.0,5,0,0,0,1.0,0
0.1165,54,0,0.5413,,6,0,1,0,1.0,0
0.1393,70,0,0.7835,9999.0,8,0,2,0,1.0,0
0.4423,38,2,0.4992,14024.0,4,0,1,0,3.0,0
0.841,45,0,0.3271,6281.0,12,0,3,0,0.0,0
0.1929,66,0,0.1874,,7,0,4,0,0.0,0
0.1084,72,0,0.9256,4094.0,6,0,0,0,,0
0.2173,51,0,0.7594,8802.0,8,0,0,0,2.0,0
0.5901,39,0,0.3208,4925.0,6,0,1,0,0.0,0
0.2435,46,0,0.2793,8245.0,10,0,1,0,1.0,0
0.2188,60,0,0.084,7251.0,9,0,4,0,1.0,0
0.0754,43,0,0.872,6886.0,4,0,1,0,2.0,0
0.1855,45,0,0.7037,5636.0,6,0,1,0,0.0,0
4.2576,42,0,0.8253,1888.0,12,0,1,0,0.0,0
0.1186,65,0,1.1393,4626.0,3,0,2,0,1.0,0
0.1575,54,0,0.5881,9270.0,8,0,0,0,1.0,0
0.3129,44,0,0.3357,3540.0,4,1,0,0,0.0,0
0.1552,53,0,0.1533,14063.0,13,0,1,0,1.0,0
1.2434,58,0,0.3605,,4,0,1,0,0.0,0
0.233,29,0,0.7616,11232.0,5,0,2,0,1.0,0
0.1969,58,0,0.7951,2959.0,8,0,2,0,1.0,0
0.1651,70,0,1.1272,6228.0,13,0,1,0,1.0,0
0.434,42,0,0.783,4420.0,9,0,0,0,0.0,0
0.0542,42,0,0.6751,2126.0,8,0,1,0,0.0,0
0.8678,67,0,0.629,5746.0,3,0,0,0,0.0,0
0.4653,26,0,0.3273,6276.0,13,0,2,0,2.0,0
0.2695,84,0,0.8755,3813.0,5,0,1,0,0.0,0
0.4433,37,0,0.497,5641.0,8,0,0,0,0.0,0
0.3379,45,0,0.5118,2979.0,15,0,2,0,0.0,0
1.4873,39,0,0.4275,,11,0,1,0,0.0,0
0.305,35,0,0.898,8613.0,8,0,1,0,0.0,0
0.2864,57,0,0.3306,3176.0,10,0,0,0,1.0,0
0.3466,59,0,0.5731,6516.0,7,0,0,0,,0
0.5848,42,0,0.6096,5613.0,6,0,1,0,3.0,0
0.1051,32,0,0.5841,,4,0,1,0,1.0,0
3.1969,45,0,0.457,5118.0,10,0,2,0,1.0,0
0.4703,59,0,0.2319,6932.0,6,0,0,0,1.0,0
0.6363,52,0,0.7195,,6,0,2,0,1.0,0
1.0192,56,0,0.2658,3096.0,9,0,1,0,1.0,0
0.5511,47,0,0.3144,2859.0,6,0,1,0,1.0,0
0.7163,21,0,0.3743,3318.0,4,0,2,0,1.0,0
0.7539,29,0,0.6724,2860.0,8,0,0,0,1.0,0
0.6852,67,3,0.3499,4991.0,7,0,4,0,3.0,0
0.0488,55,0,0.4089,14676.0,5,0,3,0,0.0,0
0.3085,37,0,0.3228,2402.0,4,0,0,0,1.0,0
3.0647,51,0,0.4991,14449.0,9,0,0,0,0.0,0
0.0403,77,0,0.2961,,11,0,2,0,2.0,0
2.4601,44,0,0.4793,,9,0,1,0,1.0,1
0.1019,52,0,0.8364,6102.0,9,0,0,0,,0
0.3981,61,0,0.8896,3577.0,3,0,0,0,1.0,0
0.1302,43,0,0.6842,2863.0,8,0,0,0,0.0,0
2.3037,88,0,0.4592,,10,0,3,0,0.0,1
0.3251,50,0,0.1785,,9,0,1,0,0.0,0
1.5949,68,0,0.9884,4368.0,4,0,1,0,0.0,0
0.1336,63,0,0.5414,4018.0,5,0,0,0,0.0,0
0.3859,63,0,0.1334,9647.0,3,0,2,0,2.0,0
3.439,62,0,0.4267,2201.0,11,0,1,0,0.0,0
0.3917,30,0,0.2471,,9,0,0,0,1.0,0
0.2794,33,0,0.5997,2545.0,6,0,0,0,0.0,0
0.3512,74,0,0.3252,2372.0,6,0,0,0,0.0,0
0.2847,39,0,0.2564,,7,0,1,0,0.0,0
0.1088,78,0,0.5413,4419.0,10,0,1,0,1.0,0
0.2193,33,0,0.0835,2582.0,8,0,0,0,2.0,0
0.4997,47,0,0.307,,9,0,2,0,0.0,0
0.3406,55,0,0.4737,,9,0,1,0,3.0,0
0.6686,47,0,0.1453,2377.0,6,0,0,0,1.0,0
0.3102,63,0,0.5293,3184.0,8,0,1,0,2.0,0
0.6861,80,0,0.3832,,11,0,2,0,1.0,1
0.2783,42,0,0.2088,5947.0,9,0,2,0,0.0,0
0.4181,38,0,0.0747,6932.0,7,0,0,0,0.0,0
0.4498,58,0,0.1868,7828.0,6,0,0,0,0.0,0
0.1257,59,0,0.8214,7439.0,2,0,1,0,0.0,0
0.4225,38,0,0.3692,2132.0,8,0,1,0,1.0,0
0.5793,76,0,0.6709,,9,0,0,0,0.0,1
0.1028,41,0,0.3064,,4,0,0,0,0.0,0
0.0789,62,0,0.2343,5068.0,9,0,1,0,2.0,0
0.7566,53,0,0.627,,10,0,2,0,0.0,1
0.2189,67,0,0.3895,2916.0,3,0,0,0,1.0,0
0.835,38,0,1.2763,7596.0,11,0,2,0,3.0,0
0.0772,61,0,0.5282,4763.0,5,0,0,0,0.0,0
0.9222,24,0,0.2042,,9,0,0,0,0.0,0
0.6143,50,0,0.5379,3660.0,8,0,0,0,2.0,0
5.3989,43,0,0.1619,4497.0,10,0,1,0,0.0,0
0.0136,58,3,0.2061,3571.0,8,0,1,0,2.0,0
0.2268,78,0,0.6513,,8,0,1,0,0.0,0
0.2304,41,0,0.7182,,11,0,2,0,0.0,0
2.5968,56,0,0.093,,8,0,2,0,1.0,0
0.1258,45,0,0.1778,,14,0,0,0,1.0,0
4.9822,72,1,0.4508,,5,0,2,0,0.0,0
0.6724,58,0,1.0827,7690.0,8,0,0,0,0.0,0
0.6186,47,0,0.9462,7782.0,7,0,0,0,0.0,0
0.8461,63,0,0.4308,15028.0,11,0,1,0,0.0,0
0.4604,37,0,0.3063,9069.0,9,0,1,0,1.0,0
1.2683,56,0,0.0295,3717.0,9,0,1,0,1.0,1
1.045,49,0,1.6229,,9,0,2,0,1.0,0
0.4055,62,0,0.9297,,14,0,1,0,0.0,0
1.0941,25,0,0.3349,2153.0,7,0,1,0,1.0,0
0.6782,41,0,0.621,1337.0,8,0,2,0,0.0,0
3.8227,48,2,0.7384,5408.0,5,0,3,0,1.0,0
0.0709,30,0,0.0648,5688.0,9,0,1,0,1.0,0
0.151,27,0,0.2186,,5,0,0,0,1.0,0
0.2526,68,0,0.9397,5719.0,12,0,0,0,0.0,0
0.1075,50,0,1.2498,2833.0,9,0,1,0,1.0,0
0.2615,71,2,0.2286,8927.0,9,1,1,0,1.0,0
0.4946,52,0,0.9304,6611.0,8,0,1,0,0.0,0
0.6103,69,0,0.7954,4791.0,7,0,1,0,1.0,1
0.5346,36,0,0.2676,4062.0,5,0,0,0,1.0,0
0.3378,61,0,0.4244,9399.0,5,0,0,0,0.0,0
0.4949,32,0,0.343,9016.0,7,0,0,0,0.0,0
0.0355,58,0,0.4264,,10,0,1,0,2.0,0
0.0064,84,0,0.5693,,16,0,1,0,2.0,0
0.2565,47,0,0.4139,13128.0,10,0,0,0,0.0,1
0.487,56,0,0.1708,5693.0,8,0,1,0,1.0,0
0.3611,48,0,0.4438,3050.0,5,0,1,0,0.0,0
1.724,57,0,0.4864,3948.0,10,0,2,0,2.0,1
0.1029,51,0,0.1635,,17,0,1,0,0.0,0
1.1779,85,4,0.8489,4935.0,7,2,0,3,1.0,0
0.4341,57,0,0.8065,3752.0,5,0,2,0,0.0,0
0.0901,40,0,0.1026,3864.0,8,0,1,0,2.0,0
0.4593,43,0,0.2449,5570.0,7,0,0,0,0.0,0
2.4834,71,0,0.1693,9963.0,9,0,0,0,0.0,0
0.1603,48,0,0.142,,13,0,0,0,0.0,0
0.5596,70,0,0.8389,1966.0,12,0,0,0,0.0,0
0.1218,66,0,0.4421,13418.0,7,0,1,0,0.0,0
0.2471,47,0,0.6895,8667.0,6,0,1,0,5.0,0
0.1822,44,0,0.4441,,4,0,1,0,0.0,0
0.8247,59,0,1.1453,,8,0,2,0,1.0,0
0.0882,37,0,0.4366,7879.0,14,0,1,0,1.0,0
0.4249,69,0,0.7023,5522.0,8,0,2,0,0.0,0
1.3764,43,0,0.8628,7632.0,10,0,0,0,0.0,0
0.1236,50,0,0.1005,2446.0,12,0,1,0,0.0,0
0.1754,57,0,1.0349,6815.0,6,0,0,0,1.0,0
0.0675,58,0,0.3059,17259.0,6,0,1,0,1.0,0
0.3698,38,0,0.4695,6374.0,6,0,2,0,1.0,0
0.2948,24,3,0.9329,,7,0,1,0,1.0,0
0.5056,43,0,0.2503,3332.0,6,0,0,0,0.0,0
0.4852,56,0,0.2424,,6,0,0,0,0.0,1
2.8131,66,0,0.7206,2286.0,14,0,1,0,2.0,0
0.876,32,0,0.1723,4075.0,7,0,1,0,0.0,0
5.6041,51,0,0.3908,26581.0,4,0,1,0,0.0,0
6.8033,29,0,0.3048,1421.0,10,0,2,1,0.0,0
0.2993,21,0,0.2954,4162.0,10,0,1,0,1.0,0
0.1401,83,0,0.2593,4504.0,5,0,2,0,1.0,0
0.0422,45,0,0.5374,,12,0,4,0,1.0,0
0.5673,54,0,0.4045,3042.0,8,0,1,0,0.0,0
0.2434,63,0,0.1732,6955.0,4,0,1,0,1.0,0
0.388,77,0,0.7095,,8,0,3,0,0.0,0
0.8138,49,0,0.4722,3109.0,5,0,2,0,2.0,0
1.2239,42,0,0.2127,8131.0,8,0,2,0,1.0,0
0.296,44,2,1.5896,1694.0,7,1,1,2,1.0,0
0.1165,48,0,0.7234,,6,0,0,0,1.0,0
0.416,52,0,1.1039,15869.0,9,0,1,0,0.0,0
0.3475,52,0,1.0577,4548.0,10,0,1,0,1.0,0
0.004,43,0,0.1742,7381.0,9,0,1,0,2.0,0
0.0367,37,0,0.1851,8728.0,9,0,2,0,1.0,0
0.1103,75,0,0.4987,5181.0,5,0,0,0,1.0,0
0.3876,51,0,0.1853,4314.0,5,0,1,0,1.0,0
0.5126,40,0,0.5214,4654.0,5,0,1,0,0.0,1
3.0956,25,0,0.1064,4765.0,5,0,2,0,0.0,0
4.5222,55,1,0.5925,9918.0,7,0,3,1,0.0,0
0.2356,48,2,0.5729,3363.0,9,0,1,1,0.0,0
0.8086,39,0,0.3931,2931.0,7,0,0,0,2.0,0
0.6412,63,0,0.2735,9422.0,5,0,0,0,1.0,0
7.6416,35,0,0.12,7577.0,7,0,0,0,3.0,0
0.5702,53,0,0.5434,,9,0,1,0,2.0,0
0.4958,59,0,0.7902,15819.0,1,0,1,0,1.0,0
0.3065,37,0,0.1582,1923.0,11,0,2,0,1.0,0
0.2124,54,0,0.4541,17323.0,9,0,0,0,0.0,0
0.5019,48,0,0.7091,11173.0,6,0,0,0,0.0,0
0.2249,60,0,0.2277,4447.0,8,0,1,0,0.0,0
0.0762,62,0,0.5697,3433.0,8,0,0,0,2.0,0
5.8831,21,0,0.5241,3036.0,9,0,1,0,0.0,1
2.5418,58,0,0.2815,5304.0,8,0,0,0,1.0,1
2.0119,58,0,0.9646,,3,0,1,0,0.0,0
0.6408,77,0,0.3175,3125.0,8,0,2,0,1.0,0
0.057,62,0,0.1331,2837.0,7,0,2,0,0.0,0
0.0229,55,0,0.3972,6777.0,9,0,0,0,1.0,0
2.4282,46,0,0.0534,5805.0,5,0,0,0,1.0,0
0.2691,36,0,1.1491,7910.0,7,0,1,0,1.0,0
0.62,57,0,0.3152,9044.0,7,0,0,0,1.0,0
0.2501,43,0,0.3927,6407.0,11,0,2,0,1.0,0
0.1052,42,0,0.4318,1669.0,4,0,0,0,0.0,0
0.596,50,0,0.7775,2151.0,3,0,4,0,1.0,0
0.3819,57,0,0.284,10461.0,7,0,1,0,2.0,0
0.0839,66,0,0.6845,12662.0,12,0,2,0,1.0,0
1.8622,55,1,0.3935,,9,0,1,3,0.0,0
1.8161,56,0,0.4982,5609.0,5,0,1,0,1.0,0
0.199,47,0,0.4466,3684.0,8,0,3,0,0.0,0
0.3715,46,0,0.3973,2490.0,11,0,0,0,,0
0.1131,48,0,0.0424,,12,0,0,0,1.0,0
2.345,55,0,0.8573,,9,0,3,0,2.0,0
0.8283,35,1,0.3172,3341.0,7,1,0,0,1.0,0
1.3632,38,0,0.3521,,10,0,1,0,1.0,0
0.1918,66,0,0.4889,,12,0,1,0,0.0,0
0.5922,53,0,0.6985,,5,0,0,0,0.0,0
1.7293,21,0,0.5402,4740.0,6,0,2,0,1.0,1
1.9276,59,0,0.7459,2847.0,1,0,1,0,0.0,0
0.8259,53,0,0.1355,3610.0,8,0,1,0,1.0,0
0.2612,55,0,0.5042,,6,0,4,0,0.0,0
0.7806,52,0,0.3744,5873.0,10,0,2,0,0.0,0
0.4325,76,0,0.7135,6211.0,14,0,0,0,2.0,0
0.4972,52,0,0.4812,14288.0,4,0,1,0,1.0,0
0.2887,21,0,0.4312,4281.0,9,0,2,0,1.0,0
0.1645,72,0,0.5883,3462.0,5,0,1,0,0.0,0
0.8409,66,0,0.2231,5183.0,7,0,0,0,1.0,0
0.1741,43,0,0.1193,,4,0,0,0,2.0,0
3.1319,45,0,0.7769,6399.0,12,0,1,0,0.0,0
0.1234,65,0,0.2797,,4,0,0,0,1.0,0
0.5946,90,0,0.4614,13219.0,7,0,0,0,0.0,0
0.8711,60,0,0.2931,5503.0,7,0,1,0,1.0,0
0.0473,42,0,0.3369,11750.0,8,0,2,0,4.0,0
0.6156,61,0,0.5487,,4,0,2,0,2.0,0
0.0527,42,0,0.0268,4470.0,2,0,1,0,1.0,0
0.4814,41,0,0.4386,3179.0,6,0,0,0,0.0,0
3.2959,49,0,0.8724,3589.0,11,0,3,0,1.0,1
0.3381,63,0,0.3231,6536.0,6,0,0,0,1.0,0
0.9512,66,0,0.2642,7637.0,9,0,2,0,2.0,0
0.0659,33,0,0.5049,3884.0,4,0,3,0,0.0,0
0.3441,43,0,0.4113,3119.0,13,0,2,0,0.0,0
4.1912,29,0,0.4999,6461.0,8,0,0,0,1.0,0
0.6666,67,0,1.16,6907.0,7,0,1,0,2.0,0
0.0991,57,0,0.9899,1670.0,8,0,1,0,0.0,0
0.0446,57,0,0.884,7332.0,9,0,0,0,0.0,0
0.0375,52,0,0.5119,3357.0,5,0,1,0,1.0,0
0.3641,56,0,0.4569,6151.0,6,0,2,0,0.0,0
0.1233,56,0,0.367,2391.0,6,0,1,0,0.0,0
0.3028,57,0,0.7987,14396.0,14,0,0,0,1.0,0
0.0429,40,0,0.3676,7383.0,12,0,2,0,0.0,0
0.5125,64,0,1.0093,11409.0,8,0,1,0,,0
0.1575,69,0,0.1156,7580.0,15,0,1,0,0.0,0
0.1535,55,0,0.5675,4732.0,8,0,0,0,1.0,0
0.0907,49,0,0.5402,3401.0,9,0,0,0,0.0,0
0.8318,79,0,0.7596,7604.0,8,0,0,0,1.0,0
0.0413,62,0,0.8997,6828.0,8,0,0,0,4.0,0
1.6811,29,0,0.3548,6587.0,13,0,0,0,0.0,0
2.0668,61,0,0.2274,2266.0,12,1,0,0,1.0,0
0.3339,68,0,1.0725,3316.0,10,0,1,0,0.0,0
0.3418,50,0,0.6058,5382.0,9,0,0,0,0.0,0
7.9002,34,0,0.1823,5141.0,5,0,1,0,1.0,0
0.4664,69,0,0.5442,,8,0,1,0,,1
0.0588,56,0,0.4204,13091.0,11,0,2,0,0.0,0
2.4678,69,0,0.2801,3093.0,7,0,4,0,0.0,0
0.5222,55,0,0.4076,9956.0,10,0,0,0,2.0,0
0.4959,28,0,0.34,6175.0,7,0,0,0,1.0,0
0.0442,62,0,0.5081,,5,1,1,0,1.0,0
0.6854,62,0,0.6692,10738.0,8,0,0,0,1.0,0
1.1026,39,0,0.2785,5281.0,12,0,1,0,1.0,0
1.3407,88,0,0.687,14961.0,11,0,1,0,0.0,0
0.1331,39,0,1.1589,2336.0,4,0,2,0,2.0,0
0.4137,42,0,0.5161,5547.0,10,0,1,0,1.0,0
0.597,74,0,0.6565,12337.0,8,0,0,0,1.0,0
0.1214,33,0,0.2175,3907.0,8,0,0,0,1.0,0
0.0761,51,0,0.4232,,12,0,0,0,1.0,0
0.2447,42,0,0.4994,2206.0,7,0,0,0,1.0,0
0.2576,52,0,0.2019,,8,0,0,0,2.0,0
0.4632,38,0,0.2609,12773.0,6,0,1,0,1.0,0
0.2276,80,0,0.4766,25346.0,6,0,2,0,0.0,0
0.1642,39,0,0.4029,3361.0,7,0,1,0,2.0,0
0.1477,62,0,0.6126,2437.0,9,0,2,0,0.0,0
0.2622,32,0,0.2806,4116.0,11,0,1,0,1.0,0
0.5629,50,0,1.3845,5751.0,9,0,1,0,0.0,0
0.0297,71,0,0.0778,5653.0,6,0,1,0,0.0,0
1.933,54,0,0.6083,8819.0,5,0,1,0,1.0,0
0.038,71,0,1.0814,6347.0,11,0,0,0,0.0,0
0.0546,49,0,0.3749,2018.0,9,0,0,0,0.0,0
0.2887,61,0,0.2619,9955.0,8,0,0,0,0.0,0
0.1809,55,0,0.697,,14,0,0,0,1.0,0
0.4956,39,0,0.3693,4571.0,5,0,1,0,0.0,0
0.0253,68,0,0.6468,5288.0,11,0,0,0,0.0,0
0.2958,41,0,0.4061,,6,0,0,0,0.0,0
0.9692,59,0,0.7191,3761.0,3,0,0,0,1.0,0
0.114,50,0,0.7086,2765.0,7,0,1,0,1.0,0
0.1787,57,0,0.8906,8527.0,13,0,1,0,0.0,0
0.2528,53,0,0.5628,3286.0,7,0,2,0,0.0,0
1.3248,81,0,0.0612,,9,0,1,0,1.0,0
7.5936,62,0,0.0452,6052.0,5,0,0,0,0.0,0
0.4002,47,0,1.0067,5691.0,11,0,0,0,2.0,0
0.2815,49,0,0.6283,3188.0,2,0,0,0,1.0,0
0.5283,52,0,0.4129,3833.0,14,0,1,0,1.0,0
0.2454,46,0,0.0707,2516.0,11,0,0,0,1.0,0
0.4985,34,0,0.9524,16833.0,7,0,0,0,1.0,0
0.7705,81,0,0.4009,3509.0,3,0,0,0,1.0,0
0.8115,65,0,0.4622,3436.0,15,0,1,0,1.0,0
0.7932,43,0,0.2373,3844.0,3,0,3,0,0.0,0
0.8323,55,0,0.6466,,6,0,1,0,2.0,0
0.3086,70,3,0.7744,4563.0,8,0,1,2,1.0,0
0.3343,46,0,0.1587,3679.0,9,0,1,0,1.0,0
2.3867,27,0,0.8012,5567.0,5,0,2,0,1.0,0
3.3931,40,0,0.1095,,7,0,1,0,0.0,0
2.9126,36,0,0.4857,4178.0,14,0,2,0,1.0,1
4.8615,51,0,0.5049,8367.0,5,0,1,0,3.0,0
0.7722,34,0,0.6924,3578.0,4,0,1,0,1.0,0
0.0036,64,0,0.6943,4697.0,4,0,1,0,2.0,0
0.5517,55,0,0.331,7777.0,10,0,1,0,0.0,0
0.7311,62,0,0.6004,13275.0,14,0,2,0,0.0,0
0.4332,60,0,0.2261,11187.0,9,0,2,0,1.0,0
1.9645,37,0,0.4992,2886.0,7,0,0,0,1.0,0
4.1684,21,0,0.9552,3267.0,3,0,1,0,3.0,0
0.8726,64,3,0.403,8913.0,7,0,1,0,0.0,0
0.4703,42,0,0.279,5293.0,6,0,1,0,1.0,0
0.1241,62,0,0.22,,8,0,2,0,2.0,0
0.3503,50,0,0.9224,,8,0,2,0,3.0,0
1.0257,55,0,0.1986,7014.0,7,0,0,0,1.0,0
0.7108,65,0,0.6662,5828.0,2,0,1,0,0.0,0
0.4713,41,0,0.2162,7956.0,7,0,0,0,0.0,0
2.0146,42,0,0.803,11956.0,12,0,0,0,0.0,0
0.3428,71,0,0.9689,6060.0,7,0,1,0,0.0,0
0.0797,65,0,0.4983,7969.0,8,0,1,0,0.0,0
1.0727,58,0,0.77,5577.0,5,0,0,0,1.0,0
0.7716,33,0,0.83,,7,0,0,0,0.0,0
0.3737,49,0,0.2746,,5,0,0,0,1.0,0
3.2901,37,0,0.2468,3515.0,8,0,0,0,0.0,0
0.4178,43,0,0.8132,5127.0,7,0,1,0,1.0,0
0.3341,41,0,0.858,3243.0,9,0,0,0,0.0,0
0.5238,37,0,1.3549,6104.0,10,0,1,0,2.0,0
3.9041,52,0,0.3211,5355.0,7,0,2,0,1.0,0
1.0353,40,0,0.5486,,11,0,1,0,1.0,0
0.536,45,0,0.4676,5395.0,6,0,0,0,1.0,0
0.6126,40,0,0.3691,5421.0,12,0,0,0,0.0,0
0.6238,70,0,0.433,,8,0,0,0,0.0,0
0.3834,55,0,0.5679,5002.0,13,0,2,0,0.0,0
2.0118,59,0,0.546,8010.0,12,0,0,0,0.0,0
0.5289,50,0,0.3765,,5,0,1,0,2.0,0
0.1728,52,0,0.3892,4658.0,8,0,2,0,,0
0.542,55,0,0.2398,,15,0,2,0,1.0,0
0.3035,73,0,0.6731,9936.0,5,0,0,0,,0
0.2603,67,0,0.4906,17029.0,12,0,2,0,1.0,0
0.6051,53,0,0.3662,13746.0,7,0,1,0,0.0,0
2.7012,39,0,0.3592,6460.0,6,0,1,0,2.0,0
0.2639,61,0,0.1658,4567.0,9,0,3,0,0.0,0
0.6713,45,0,0.3047,5979.0,9,0,1,0,0.0,0
6.0833,46,0,0.7895,1769.0,2,0,1,0,3.0,0
0.724,49,0,0.2473,9590.0,9,0,0,0,0.0,0
0.4545,54,0,0.1433,5394.0,9,0,1,0,2.0,0
0.7351,66,0,0.7113,,5,0,1,0,0.0,0
1.5313,38,0,0.0811,17052.0,3,0,2,0,2.0,0
0.171,60,0,0.8408,4168.0,7,0,1,0,1.0,0
4.9169,48,0,0.3198,8072.0,13,0,1,0,2.0,0
0.031,95,0,0.7533,,7,0,1,0,0.0,0
0.3457,50,0,0.3222,3516.0,8,0,0,0,3.0,0
0.6171,67,0,0.5402,,8,0,2,0,1.0,0
0.1022,76,0,0.5306,5877.0,6,0,1,0,1.0,0
0.1527,38,0,0.1815,8611.0,7,0,1,0,2.0,0
0.215,52,0,0.209,9790.0,11,0,0,0,0.0,0
2.9635,59,0,0.6876,5685.0,10,0,0,0,0.0,0
0.2148,40,2,0.4391,4201.0,8,0,0,0,1.0,0
1.9489,46,0,0.2329,9315.0,8,0,1,0,1.0,0
0.5296,48,0,0.8868,7831.0,8,0,3,0,2.0,0
0.4863,63,1,0.1121,6499.0,12,0,0,0,0.0,0
0.0812,75,0,0.4332,3861.0,3,0,0,0,1.0,0
2.5972,49,0,0.156,,11,0,0,0,0.0,0
0.5173,39,0,0.1841,3987.0,8,0,2,0,1.0,0
0.6202,82,0,0.6098,9450.0,12,0,3,0,1.0,0
0.0767,60,0,0.3576,7372.0,7,0,0,0,0.0,0
0.3637,63,0,0.2223,3150.0,3,0,1,0,1.0,0
1.3649,29,0,0.2379,5446.0,7,0,2,0,2.0,0
0.4643,29,0,0.1053,1999.0,8,0,1,0,1.0,0
0.6564,47,0,0.8684,6975.0,3,0,1,0,1.0,0
7.2637,60,0,0.3189,,13,0,2,0,1.0,0
0.3789,52,0,0.8807,,9,0,1,0,2.0,0
0.8966,43,0,0.491,,7,0,3,0,0.0,0
1.1268,36,0,0.4252,5630.0,5,0,0,0,3.0,0
0.2316,64,0,1.0399,,8,0,1,0,1.0,0
1.0952,59,0,0.7293,,10,0,0,0,1.0,0
0.713,43,0,0.5621,2215.0,5,0,0,0,0.0,0
2.2476,51,0,0.5642,8081.0,7,0,0,0,1.0,0
0.0144,40,0,0.3236,10284.0,11,0,0,0,1.0,0
0.6644,40,0,0.6831,,7,0,1,0,0.0,0
0.2684,55,0,0.024,,8,0,0,0,0.0,0
0.1005,80,0,0.7185,,4,0,0,0,1.0,0
0.4739,56,0,0.422,7574.0,10,0,0,0,2.0,0
3.4231,60,0,0.5301,3642.0,7,0,1,0,,0
0.1333,48,0,0.3959,8925.0,7,0,0,0,1.0,0
0.1517,49,0,0.508,3229.0,6,0,1,0,1.0,0
1.42,60,0,0.4076,13098.0,8,0,1,0,0.0,0
0.0285,55,0,0.5012,5119.0,11,0,2,0,0.0,0
0.3212,60,0,0.2575,16894.0,11,0,0,0,1.0,0
0.4316,36,0,0.0919,,11,1,0,1,0.0,0
0.2417,50,0,0.4119,21235.0,7,0,0,0,0.0,0
0.0258,52,0,0.1574,6895.0,7,0,0,0,,0
0.0447,60,0,0.7774,,7,0,2,0,1.0,0
0.1821,57,0,0.3843,11231.0,9,0,1,0,0.0,0
0.7223,42,0,0.1493,2040.0,7,0,1,0,1.0,0
2.118,68,0,0.4756,3757.0,7,0,1,0,1.0,0
0.1673,71,0,0.2303,3420.0,7,0,1,0,0.0,0
0.3517,44,0,0.747,4057.0,7,0,2,0,0.0,0
0.2976,38,0,0.2644,17070.0,9,0,0,0,1.0,0
0.3338,42,0,0.0842,5062.0,11,0,1,0,0.0,0
0.2769,43,0,0.6165,11071.0,8,0,0,0,0.0,0
2.538,52,0,0.1832,4923.0,10,0,0,0,1.0,0
0.2671,67,0,0.3502,3653.0,6,0,0,0,0.0,0
0.3024,51,0,0.1592,9677.0,11,0,1,0,0.0,0
0.2644,69,0,0.4783,9055.0,9,0,1,0,0.0,0
0.6243,75,0,0.9292,4050.0,12,0,0,0,2.0,1
0.4972,66,0,0.7356,,12,0,0,0,0.0,0
0.2643,66,0,0.4653,,7,0,0,0,2.0,0
0.317,65,0,0.2278,7397.0,12,0,2,0,0.0,0
0.2581,53,0,0.8904,4986.0,7,0,0,0,3.0,0
0.8461,37,0,0.4858,2577.0,5,0,1,0,0.0,1
0.2763,68,0,0.535,10076.0,3,0,1,0,1.0,0
0.6521,64,0,0.2558,9894.0,14,0,1,0,0.0,0
0.1802,32,0,0.4897,2879.0,7,0,2,0,3.0,0
0.3727,49,0,0.2803,,10,0,0,0,2.0,0
0.6826,52,0,0.3202,7012.0,9,0,2,0,1.0,0
0.2792,46,0,0.7798,8005.0,12,0,1,0,1.0,0
0.1101,65,0,0.6126,2420.0,7,0,4,0,2.0,0
0.1456,63,0,0.6555,5747.0,10,0,1,0,0.0,0
0.0191,62,0,0.1184,6817.0,7,0,1,0,1.0,0
0.4284,49,2,0.6303,2396.0,7,0,0,0,,0
7.1659,42,0,0.7366,5802.0,7,0,0,0,1.0,0
0.1711,70,0,0.8102,3653.0,3,0,1,0,1.0,0
0.1893,39,0,1.0018,5378.0,7,0,0,0,,0
1.6104,32,0,0.0692,,8,0,1,0,1.0,0
0.9579,49,1,0.7106,,7,0,1,0,1.0,0
0.2511,50,0,0.2731,4073.0,11,0,0,0,1.0,0
0.3089,55,0,0.4936,4964.0,10,0,0,0,1.0,0
0.112,64,0,0.3987,5294.0,8,0,2,0,0.0,0
1.5266,65,0,0.58,2140.0,6,0,1,0,1.0,0
0.2136,62,0,0.5203,5894.0,7,0,1,0,0.0,0
0.4449,45,0,0.2415,11157.0,7,0,3,0,2.0,0
0.6143,53,0,0.1337,7006.0,12,0,1,0,2.0,0
1.2031,52,0,0.2994,,11,0,0,0,3.0,0
0.3067,74,0,0.6625,,11,0,0,0,0.0,0
0.6685,38,0,0.5058,5290.0,7,0,0,0,1.0,0
0.5742,45,0,0.206,3989.0,7,0,0,0,0.0,0
0.8499,79,0,0.208,3381.0,7,0,1,0,0.0,0
1.0582,71,0,0.5729,3380.0,14,0,0,0,0.0,0
3.0463,53,0,0.8053,15923.0,6,0,1,0,2.0,0
0.4095,49,0,0.9016,,7,0,0,0,0.0,0
0.3102,65,0,1.1,7268.0,6,0,1,2,1.0,0
0.1268,67,0,0.1109,6901.0,9,0,0,0,1.0,0
0.2288,52,0,0.4281,4290.0,3,0,1,0,0.0,0
0.7822,79,0,0.3175,4539.0,14,0,0,0,1.0,0
0.6891,50,0,0.7353,,6,0,0,0,0.0,0
0.1667,55,0,0.4963,13491.0,5,0,0,0,1.0,0
0.3377,73,0,0.8143,3064.0,5,0,0,0,1.0,0
0.6,50,0,0.5826,,8,0,1,0,0.0,0
0.3679,77,0,0.2839,6063.0,11,0,1,0,0.0,0
0.5554,63,0,0.4178,7523.0,5,0,3,0,2.0,0
7.6333,44,0,0.8325,1416.0,7,0,2,0,,0
0.3838,73,0,0.4556,19548.0,7,0,0,0,1.0,0
0.0779,45,0,0.1275,7753.0,9,0,1,0,2.0,1
5.0569,36,0,0.6611,3984.0,10,0,1,0,0.0,0
0.038,52,0,0.1371,3407.0,12,0,0,0,1.0,0
2.6978,44,0,0.1352,,7,0,2,0,0.0,0
0.7027,48,0,0.5466,3804.0,7,0,1,0,0.0,0
0.2878,46,0,0.4644,8700.0,2,0,0,0,1.0,0
0.5462,40,0,0.7967,1609.0,8,0,1,0,0.0,0
0.3231,29,0,0.5432,12368.0,10,0,2,0,0.0,0
0.4338,63,0,0.9682,,12,0,2,0,1.0,0
0.3149,61,0,0.2042,8072.0,12,0,0,0,1.0,0
0.322,61,0,0.2357,2904.0,9,0,1,0,0.0,0
4.1482,56,1,0.518,6799.0,8,0,2,0,2.0,0
0.6333,40,0,0.5006,3401.0,11,0,1,0,0.0,1
0.752,58,0,0.262,,2,0,0,0,1.0,0
0.5779,44,0,0.44,1867.0,8,0,1,0,2.0,0
0.168,42,0,0.323,6561.0,9,0,0,0,0.0,0
0.3379,25,0,0.616,9974.0,8,0,1,0,1.0,0
0.4261,66,0,0.3097,2361.0,7,0,1,0,0.0,0
0.2193,41,0,0.5434,2027.0,12,0,1,0,0.0,0
0.3748,61,0,0.576,8344.0,7,0,0,0,2.0,0
2.4048,33,0,0.5014,8090.0,8,0,0,0,3.0,0
0.899,42,2,0.304,,5,0,0,2,0.0,0
2.2384,68,0,0.9424,,11,0,3,0,0.0,0
0.157,64,0,0.649,3735.0,9,0,1,0,0.0,0
0.118,70,0,0.5022,6973.0,9,0,1,0,0.0,0
0.0825,46,0,1.0042,1994.0,12,0,1,0,1.0,0
1.9866,37,0,0.274,4667.0,3,0,1,0,3.0,0
0.1136,58,0,0.3001,8041.0,7,0,1,0,1.0,0
0.0032,30,0,0.5603,5012.0,5,0,0,0,0.0,0
0.3341,44,0,0.391,8400.0,19,0,0,0,0.0,0
0.1064,41,0,0.4235,3088.0,6,0,0,0,0.0,0
0.2895,73,0,0.434,6308.0,9,0,0,0,0.0,0
0.6314,43,0,0.2151,3544.0,13,0,4,0,0.0,0
0.1121,54,0,0.5169,,8,0,1,0,0.0,0
0.1997,34,0,0.3632,,4,0,1,0,0.0,0
0.2998,67,2,0.2602,6075.0,8,0,0,0,0.0,0
0.5017,62,0,0.8031,5559.0,8,0,1,0,0.0,0
0.072,46,0,0.6051,,8,0,0,0,0.0,0
0.0527,66,0,0.8838,,7,0,0,0,3.0,0
0.1655,72,0,0.3435,5848.0,5,0,0,0,0.0,0
0.0329,46,0,0.862,5128.0,10,0,1,0,,0
1.4749,68,0,1.1044,5688.0,10,0,1,0,0.0,0
0.3748,52,4,0.3581,7224.0,6,0,1,1,2.0,0
0.6865,33,0,0.7253,3437.0,8,0,2,0,0.0,0
0.4626,57,0,0.2174,5601.0,13,0,1,0,1.0,0
1.9886,45,0,0.2609,15431.0,8,0,0,0,0.0,0
0.4547,34,0,0.455,4421.0,11,0,1,0,0.0,0
1.01,55,0,0.1646,1876.0,15,0,1,0,1.0,1
0.4407,57,0,0.8192,2268.0,6,0,0,0,0.0,0
0.6116,80,0,0.4606,,12,0,2,0,0.0,0
1.9468,50,0,0.6757,2496.0,11,0,0,0,2.0,0
0.0514,35,0,0.6637,9087.0,9,0,0,0,0.0,0
0.6589,46,0,0.1771,2322.0,7,0,2,0,1.0,0
0.1274,67,0,0.6655,5970.0,15,0,1,0,0.0,0
0.0012,79,0,0.187,5550.0,6,0,1,0,,0
0.9438,64,0,0.6349,,11,0,3,0,1.0,0
0.2627,58,0,0.665,27136.0,7,0,1,0,,0
0.1506,46,0,1.0879,4536.0,10,0,2,0,2.0,0
0.0654,45,0,0.1851,17352.0,5,0,0,0,0.0,0
2.5905,59,1,0.8029,,7,3,0,0,0.0,0
0.1063,55,0,0.9735,9950.0,8,0,3,0,1.0,0
0.4219,30,0,0.5199,3306.0,12,0,1,0,1.0,0
0.1053,35,0,0.433,5927.0,9,0,2,0,0.0,0
0.886,49,0,0.616,7900.0,7,0,1,0,0.0,0
0.2186,53,0,0.3981,7002.0,7,0,1,0,1.0,0
0.4747,43,0,0.2329,2165.0,8,0,0,0,1.0,0
0.7576,57,0,0.9307,5233.0,13,0,3,0,0.0,1
0.1629,56,0,0.392,5056.0,5,0,2,0,0.0,0
2.1915,58,0,0.4413,,6,0,2,0,1.0,0
0.1049,64,0,0.2397,3134.0,10,0,0,0,0.0,0
0.4877,37,0,0.7885,5363.0,7,0,1,0,0.0,0
0.5027,54,0,0.0827,,14,0,0,0,2.0,0
0.1936,55,0,0.5727,3912.0,8,0,0,0,1.0,0
0.5405,62,0,0.4209,7542.0,10,0,1,0,0.0,0
0.0408,52,0,0.4724,6065.0,9,0,0,0,0.0,0
0.3521,40,0,0.4807,,12,0,1,0,1.0,0
0.4026,51,0,0.0555,8021.0,5,0,0,0,1.0,0
0.3456,52,0,0.1387,,6,0,3,0,0.0,0
7.5367,53,0,0.5855,8430.0,9,0,2,0,1.0,0
0.2688,72,0,0.3709,8720.0,5,0,0,0,0.0,0
0.4662,44,0,0.6061,7523.0,9,0,0,0,,0
1.1487,56,0,0.6411,8740.0,9,0,0,0,0.0,0
0.175,26,0,0.2093,3306.0,6,0,2,0,1.0,0
0.6097,40,0,0.1993,32426.0,10,0,0,0,0.0,0
0.0914,45,0,0.903,,7,0,2,0,0.0,0
0.2875,47,0,0.5577,2687.0,6,0,0,0,1.0,0
0.5547,66,0,0.6106,8806.0,6,0,2,0,0.0,0
0.2474,66,0,0.411,6384.0,10,0,1,0,1.0,0
0.7112,24,0,1.057,7092.0,9,0,1,0,1.0,0
0.2983,49,0,0.7538,,5,0,2,0,1.0,0
0.2867,66,0,0.4057,3181.0,10,0,2,0,0.0,0
0.7678,55,0,0.6343,5008.0,2,0,0,0,2.0,0
0.1741,50,0,1.0418,3320.0,9,0,1,0,0.0,0
2.4502,46,0,0.7187,4505.0,8,0,1,0,2.0,1
1.8534,21,0,0.6654,19596.0,8,0,3,0,2.0,0
0.5732,52,0,0.311,4879.0,6,0,2,0,1.0,0
0.3143,28,0,0.5894,10558.0,11,0,1,0,1.0,0
0.528,49,0,0.5313,,13,0,1,0,0.0,0
0.4098,70,0,0.956,4479.0,10,0,2,0,1.0,0
0.5548,61,0,0.7904,6177.0,17,0,2,0,2.0,0
0.0675,39,0,0.7191,12605.0,16,0,3,0,0.0,0
0.0572,54,0,0.3505,19041.0,13,0,1,0,1.0,0
1.237,70,0,0.3988,,5,0,1,0,0.0,1
0.0996,48,0,0.1495,17570.0,10,0,1,0,1.0,0
1.2523,58,0,0.549,7660.0,11,0,0,0,2.0,0
0.416,58,0,0.6642,9537.0,4,3,1,0,2.0,0
0.6214,54,0,0.0639,5080.0,12,0,0,0,0.0,0
0.863,47,0,0.0502,11030.0,13,0,0,0,0.0,0
0.0459,84,0,0.7677,6857.0,10,0,1,0,1.0,0
0.2009,74,0,0.0947,19162.0,7,0,0,0,1.0,0
0.0462,54,0,0.1468,7517.0,5,0,0,0,2.0,0
7.7863,48,0,0.2115,7820.0,8,0,1,0,0.0,0
1.4701,59,0,0.6355,,12,0,2,0,0.0,0
0.0031,80,0,0.1475,18294.0,8,0,0,0,2.0,1
0.4366,57,0,0.2724,7004.0,7,0,2,0,0.0,0
0.5212,67,1,0.5818,11823.0,12,0,1,0,2.0,0
1.0613,41,0,0.098,10553.0,16,0,2,0,0.0,0
0.4612,59,0,0.4651,2617.0,6,0,1,0,0.0,0
1.1709,74,0,0.4811,16973.0,8,0,1,0,0.0,0
0.7373,67,0,0.2973,3741.0,9,0,1,0,1.0,0
2.2582,71,0,0.2543,5592.0,12,0,1,0,0.0,0
0.3085,50,0,0.2097,18399.0,6,0,0,0,2.0,0
0.9436,45,0,0.6918,12320.0,7,0,1,0,2.0,0
0.3007,67,0,0.8208,4693.0,10,0,1,0,1.0,0
0.0225,42,0,0.6363,9948.0,12,0,2,0,2.0,0
0.4668,73,0,0.0534,6839.0,4,0,4,0,2.0,0
2.3989,66,0,0.4826,11156.0,7,0,0,0,0.0,0
4.2184,79,0,0.7379,12111.0,10,0,3,0,1.0,0
1.2232,46,0,0.6069,3009.0,6,0,0,0,0.0,0
0.042,39,0,0.3651,17405.0,6,0,1,0,0.0,0
13.8094,62,0,0.5815,,11,0,0,0,0.0,0
0.154,56,0,0.1208,3489.0,5,0,1,0,2.0,0
0.1179,39,0,0.9201,1801.0,8,0,0,0,0.0,0
0.385,64,0,0.5237,10686.0,8,0,1,0,0.0,0
0.347,77,0,0.535,11138.0,9,0,1,0,3.0,0
0.6588,77,0,0.3586,4734.0,5,0,0,0,0.0,0
0.7151,51,0,0.2534,4393.0,6,0,0,0,1.0,0
0.4849,35,0,0.7017,8003.0,4,0,0,0,1.0,0
0.5059,43,0,0.7506,,5,0,2,0,0.0,0
0.3327,39,0,0.8508,3954.0,9,0,0,0,4.0,0
0.218,41,0,0.7427,4298.0,7,0,1,0,1.0,1
0.08,55,0,0.6781,,12,0,1,0,1.0,0
0.0587,41,0,0.5412,9806.0,9,0,1,0,0.0,0
0.1144,29,0,0.3065,,6,0,2,0,0.0,0
0.4288,39,0,0.0798,17434.0,12,0,0,0,2.0,0
0.219,73,0,0.8207,,9,0,0,0,0.0,0
1.1479,62,0,0.5804,3955.0,8,0,1,0,0.0,0
0.4097,37,0,1.0444,13945.0,5,0,1,0,0.0,0
0.1443,60,0,0.0129,,5,0,0,0,0.0,0
0.1073,52,0,0.7283,,11,0,1,0,0.0,0
3.846,48,0,0.4026,34155.0,9,0,0,0,2.0,0
0.7536,48,0,0.4194,2403.0,15,0,0,0,0.0,0
0.1254,71,0,0.2642,9207.0,6,0,2,0,1.0,0
2.1179,40,0,0.1735,6994.0,12,0,1,0,1.0,0
0.2303,55,0,0.0945,8009.0,14,0,3,0,0.0,0
0.2441,46,0,0.5144,4959.0,9,0,0,0,1.0,0
0.2914,34,0,0.5902,10221.0,11,0,1,0,,0
0.2631,67,0,0.9024,6653.0,7,0,0,0,2.0,0
0.0961,70,0,1.1115,15482.0,19,0,2,0,0.0,0
0.2279,53,0,0.4366,8748.0,5,0,3,0,0.0,0
2.8353,65,0,0.6241,9107.0,9,0,0,0,2.0,0
0.0677,45,0,0.1778,,7,0,1,0,5.0,0
1.0464,63,0,0.4009,4670.0,5,0,1,0,1.0,0
0.0394,52,0,0.2408,4105.0,5,0,2,0,1.0,0
0.6289,42,0,0.6134,5977.0,11,0,1,0,1.0,0
0.5576,50,0,0.3847,6589.0,7,0,1,0,1.0,0
0.3481,52,0,0.3601,3369.0,3,0,2,0,1.0,0
0.069,59,0,0.5973,,7,0,0,0,1.0,0
0.113,21,2,0.3231,2783.0,4,2,0,0,0.0,0
0.6316,46,0,0.5441,,5,0,2,0,0.0,0
0.2099,69,0,1.0239,7176.0,8,0,0,0,2.0,0
0.3054,51,0,0.8479,,5,0,0,0,2.0,0
0.7565,34,0,0.5222,4950.0,5,0,2,0,1.0,0
1.5774,66,0,0.1351,2422.0,12,0,0,0,2.0,0
0.8107,60,0,0.3166,,10,0,0,0,0.0,0
0.6256,41,0,0.681,3874.0,7,0,1,0,2.0,0
0.3027,33,0,0.182,2363.0,14,0,0,0,1.0,0
0.1733,62,0,1.413,,11,0,0,0,0.0,0
0.2514,47,0,0.4638,6777.0,10,0,1,0,1.0,0
0.5124,21,0,0.7166,2418.0,7,0,1,0,1.0,0
0.4476,35,0,0.4518,,11,0,0,0,0.0,0
0.2657,47,0,0.0395,2555.0,9,0,1,0,1.0,0
0.6083,77,0,0.3767,,6,0,0,0,0.0,1
0.0719,62,0,0.8669,11995.0,11,0,0,0,1.0,0
0.4153,30,0,0.937,1162.0,8,0,0,0,0.0,0
0.1371,42,0,0.4843,,7,0,2,0,1.0,0
0.1146,72,0,0.6601,4833.0,4,0,1,0,0.0,0
0.2075,36,0,0.706,17246.0,2,0,1,0,0.0,0
0.1223,62,0,0.514,10758.0,7,0,3,0,0.0,0
0.4074,40,0,0.4523,15851.0,5,0,0,0,1.0,0
0.0104,47,0,0.2952,,4,0,0,0,0.0,0
0.4513,27,0,0.6512,2603.0,8,0,0,0,,0
0.5691,48,0,0.6684,6277.0,6,0,0,0,0.0,0
0.6009,48,0,0.4133,,6,0,1,0,0.0,0
2.2761,47,0,0.4508,,6,0,0,0,1.0,0
0.7742,80,0,0.1312,7619.0,7,0,2,0,1.0,0
0.4798,64,0,0.2037,11185.0,6,0,0,0,0.0,1
0.6219,40,0,0.2982,7278.0,7,0,1,0,0.0,0
0.124,38,0,0.1852,,11,0,1,0,1.0,0
0.71,64,0,0.5677,3135.0,13,0,0,0,0.0,1
0.7252,37,0,1.0425,5167.0,9,0,0,0,2.0,0
0.0612,46,0,0.3593,3451.0,8,0,0,0,2.0,0
0.0967,66,0,0.0733,5835.0,8,0,3,0,1.0,0
0.2515,46,0,1.0149,,3,0,0,0,0.0,0
0.0579,42,0,0.8175,4815.0,6,0,0,0,1.0,0
0.3455,42,0,0.353,11245.0,12,0,0,0,2.0,0
0.5526,40,0,0.4256,7685.0,10,0,2,0,1.0,0
0.6448,67,0,0.315,22369.0,6,0,1,0,0.0,0
0.1811,55,0,0.6768,4493.0,6,0,1,0,0.0,0
0.112,48,0,0.1926,18092.0,5,0,1,0,1.0,0
0.5236,50,0,0.5159,11704.0,11,0,1,0,0.0,0
0.4116,62,0,0.042,2384.0,11,0,0,0,1.0,0
0.2842,45,0,0.2226,8360.0,7,0,0,0,0.0,0
1.2789,52,0,0.138,4484.0,9,0,0,0,0.0,0
1.2419,39,0,0.1344,3736.0,14,0,1,0,1.0,0
0.0731,74,0,0.2952,17986.0,6,0,2,0,2.0,0
0.3498,58,0,0.5518,,8,0,1,0,0.0,0
0.4748,34,0,0.5079,3790.0,8,0,1,0,1.0,0
2.38,44,0,0.222,7331.0,8,0,1,0,1.0,0
0.0671,43,0,0.9535,10975.0,8,0,1,0,0.0,0
0.5384,49,0,0.2288,,6,0,0,0,0.0,0
0.0399,78,0,0.8944,2644.0,10,0,1,0,1.0,0
0.4776,45,0,0.6033,,5,0,0,0,2.0,0
1.019,49,1,0.0463,3009.0,5,0,2,0,1.0,0
0.1353,42,0,1.0428,7251.0,8,0,1,0,0.0,0
0.473,54,0,0.5151,,8,0,0,0,1.0,0
0.6656,42,0,0.2322,10919.0,9,0,0,0,2.0,0
0.2134,41,0,0.7568,13816.0,7,0,0,0,1.0,0
0.8725,45,0,0.7339,1470.0,7,0,0,0,1.0,0
0.2171,53,0,0.6853,3357.0,8,0,5,0,1.0,0
0.4701,49,0,0.1031,3911.0,8,0,1,0,1.0,0
0.0067,51,0,0.6141,,2,0,0,0,0.0,0
0.4702,64,0,0.1416,7793.0,4,0,1,0,0.0,0
2.2111,34,0,0.4815,4022.0,6,0,1,0,0.0,0
0.4986,54,0,0.3337,,9,0,2,0,1.0,0
0.2736,68,0,0.218,2787.0,9,0,0,0,1.0,0
0.1867,67,0,0.5784,8291.0,14,0,1,0,1.0,0
0.1027,54,0,0.2429,14091.0,9,0,0,0,0.0,0
0.4978,61,0,0.2151,3845.0,10,0,3,0,2.0,0
0.1121,69,0,0.1783,10479.0,2,0,0,0,0.0,1
0.097,41,0,0.9301,4617.0,9,0,1,0,2.0,0
1.8725,46,0,0.2633,1708.0,8,0,2,0,0.0,0
8.5565,44,0,1.0132,17336.0,6,0,3,0,2.0,0
0.516,49,0,0.899,,6,0,1,0,0.0,0
0.6937,40,0,0.9369,5949.0,8,0,0,0,2.0,0
0.5104,46,0,0.2914,3060.0,7,0,1,0,1.0,0
0.0937,59,0,0.295,5375.0,7,0,0,0,2.0,0
0.5596,46,0,0.3926,5403.0,5,0,0,0,0.0,0
0.3781,54,0,0.4434,,3,0,0,0,,0
1.9639,41,0,0.5171,14673.0,8,0,2,0,1.0,0
0.0633,63,0,0.268,14422.0,10,0,0,0,1.0,0
0.2466,30,0,0.8691,4559.0,7,0,0,0,0.0,0
1.3375,49,0,0.3022,4826.0,10,0,2,0,2.0,0
0.2144,65,1,0.4564,2994.0,6,0,1,1,0.0,0
0.6136,47,0,0.3147,6657.0,10,0,1,0,0.0,0
0.7577,40,0,0.4712,,8,0,2,0,0.0,0
0.3076,67,0,0.542,3029.0,6,0,0,0,1.0,0
3.8441,42,0,0.7124,6725.0,6,0,2,0,,0
0.8909,48,0,0.6226,,7,0,1,0,1.0,0
0.4672,47,1,0.3836,6864.0,8,1,0,0,1.0,0
0.4259,45,0,0.5364,8822.0,5,0,1,0,0.0,0
0.5518,68,0,0.3224,8550.0,9,0,0,0,1.0,0
0.2531,31,0,0.5026,3928.0,3,0,2,0,1.0,0
1.0004,42,0,1.1165,1929.0,7,0,0,0,2.0,1
0.462,50,0,0.5906,10848.0,6,0,0,0,0.0,0
0.8559,59,0,0.147,6813.0,10,0,0,0,0.0,0
0.1996,36,0,0.4475,11841.0,7,0,1,0,2.0,0
0.5992,61,0,0.199,1194.0,6,0,1,0,1.0,0
0.8405,58,0,0.2752,,8,0,0,0,2.0,0
0.5082,33,0,0.0893,3356.0,8,0,1,0,,0
0.0615,44,0,0.6246,,8,0,1,0,0.0,0
0.376,48,0,0.6738,4241.0,6,0,2,0,2.0,0
0.6772,68,0,0.1502,2298.0,8,0,0,0,0.0,0
0.7671,70,0,0.7608,3751.0,4,0,0,0,0.0,1
2.023,63,0,0.4892,6170.0,13,0,3,0,1.0,0
0.2926,44,0,0.9414,3553.0,6,0,0,0,0.0,0
0.1222,55,0,1.0196,3868.0,4,0,2,0,0.0,0
0.9098,56,0,0.6152,19880.0,3,0,0,0,0.0,0
0.3863,36,0,0.1961,9051.0,11,0,2,0,0.0,0
0.5173,50,0,0.3225,,5,0,0,0,0.0,0
1.0298,73,0,0.0884,1570.0,11,0,1,0,1.0,1
0.3366,36,0,0.0401,5074.0,2,0,1,0,2.0,0
0.7797,56,0,0.2669,5619.0,5,0,1,0,3.0,0
1.3393,52,0,0.6846,,11,0,2,0,0.0,0
9.0842,39,0,0.3676,,6,0,4,0,0.0,0
0.0282,62,0,0.2549,3269.0,5,0,0,0,0.0,0
0.1581,44,0,0.2198,4268.0,7,0,1,0,0.0,0
0.2706,69,0,0.5046,5706.0,21,0,0,0,0.0,0
0.1138,84,2,0.2276,5764.0,14,0,2,0,2.0,0
0.6339,53,0,1.0332,34820.0,9,0,1,0,0.0,0
0.5109,77,0,0.38,2426.0,9,0,1,0,1.0,0
0.1663,54,2,0.7107,6797.0,10,2,0,0,0.0,1
0.3312,22,0,0.2252,6458.0,12,0,1,0,0.0,0
0.1705,48,1,0.1866,2510.0,7,0,0,0,1.0,0
8.4218,51,0,0.1819,5574.0,10,0,0,0,0.0,0
0.566,77,0,0.6893,20767.0,8,0,0,0,0.0,0
0.441,54,0,0.7584,,6,0,0,0,2.0,0
0.3999,21,0,0.7506,5465.0,9,0,0,0,1.0,0
0.2886,58,2,0.8969,10036.0,8,0,0,1,0.0,0
0.1572,53,0,0.4925,,8,0,1,0,1.0,0
0.1576,49,0,0.2867,9472.0,5,0,2,0,0.0,0
0.2122,52,0,0.2951,3649.0,6,0,0,0,2.0,0
0.252,68,0,0.1689,8346.0,7,0,0,0,0.0,0
0.5392,54,0,0.8761,3118.0,10,0,3,0,0.0,0
0.0281,55,0,0.4287,8802.0,11,0,1,0,0.0,0
0.1876,45,0,0.8869,2892.0,11,0,1,0,2.0,0
0.0232,34,0,0.5503,4882.0,14,0,1,0,0.0,0
0.0799,55,0,0.6929,,11,0,1,0,2.0,0
0.1943,44,0,0.8202,,7,0,1,0,1.0,0
0.5322,54,0,0.7227,8054.0,8,0,3,0,1.0,0
0.1758,24,0,1.108,10321.0,15,0,3,0,4.0,0
1.3148,53,0,0.6837,3759.0,13,0,1,0,1.0,0
0.0126,51,0,1.4639,,10,0,1,0,1.0,0
0.4625,53,0,0.8802,,8,0,1,0,0.0,0
0.0609,55,0,0.383,12185.0,9,0,1,0,0.0,0
0.8011,59,0,0.6493,6417.0,8,0,3,0,0.0,0
1.3759,60,0,0.1977,4535.0,12,0,0,0,1.0,0
0.6963,49,0,1.0794,4089.0,11,0,1,0,3.0,0
1.74,65,0,0.2334,6611.0,10,0,0,0,0.0,0
0.5316,51,0,0.7518,5259.0,12,0,0,0,1.0,0
0.0006,33,0,0.3919,6704.0,5,0,0,0,1.0,0
0.3373,62,0,0.7189,,6,0,0,0,0.0,0
0.2925,49,0,0.3506,3230.0,9,0,2,0,0.0,0
0.317,47,0,0.5788,4845.0,7,0,1,0,2.0,0
0.6099,73,0,0.5182,3421.0,12,0,2,0,0.0,0
0.2512,49,0,1.1844,,8,0,0,0,0.0,0
1.2243,56,0,0.7407,17693.0,8,0,1,0,1.0,0
2.5627,67,0,0.5884,,11,0,0,0,0.0,0
1.7375,45,0,0.7307,3160.0,9,0,1,0,0.0,0
0.5029,62,0,0.4543,12783.0,10,0,0,0,1.0,0
0.4669,54,0,0.0372,3192.0,14,0,0,0,,0
0.067,70,0,0.4608,5323.0,8,0,2,0,,0
0.3556,44,0,0.3847,4191.0,10,0,1,0,0.0,0
1.6977,43,0,0.2758,4888.0,12,0,1,0,1.0,0
0.4225,56,0,0.8294,3640.0,8,0,0,0,1.0,0
5.2426,38,0,0.4867,,7,0,2,0,2.0,0
0.1499,70,0,0.4999,3188.0,9,0,3,0,1.0,0
0.2925,48,0,0.7342,,11,0,0,0,0.0,0
0.6411,76,0,0.5494,8803.0,5,0,6,0,0.0,0
1.0017,38,0,0.2063,8887.0,4,0,1,0,2.0,0
0.4417,67,0,0.6,2744.0,8,0,0,0,1.0,0
0.5815,49,0,0.5945,8477.0,6,0,1,0,2.0,0
1.7494,44,0,0.6145,6083.0,7,0,0,0,0.0,0
1.4274,58,0,0.3352,2326.0,15,0,0,0,1.0,0
0.4138,54,0,0.7976,8073.0,11,0,1,0,1.0,0
0.1476,60,0,0.2029,5524.0,10,0,1,0,,0
0.7615,42,0,0.5186,,6,0,1,0,0.0,0
0.4632,30,0,0.101,841.0,8,0,3,0,2.0,0
0.4933,61,0,0.6869,2748.0,11,0,0,0,1.0,0
0.6411,43,0,0.7847,,5,0,1,0,1.0,0
0.0365,53,0,0.248,3690.0,12,0,2,0,1.0,0
0.6846,61,0,0.5262,,4,0,2,0,2.0,0
0.2278,54,0,0.8865,7399.0,11,0,3,0,0.0,0
1.2615,49,0,0.1697,8112.0,7,0,2,0,0.0,0
0.4805,44,0,0.1454,,12,0,0,0,1.0,0
0.0391,67,0,0.312,4461.0,12,0,0,0,2.0,0
0.3804,63,0,0.5283,10540.0,7,0,1,0,1.0,0
0.0948,68,0,0.527,6589.0,7,0,3,0,2.0,0
0.2144,36,0,0.6689,8023.0,11,0,0,0,0.0,0
0.3693,43,0,0.0917,,8,0,1,0,0.0,0
1.281,47,0,0.6771,4359.0,7,0,1,0,0.0,0
0.3634,57,0,0.4985,4606.0,7,0,1,0,1.0,0
1.0262,76,0,0.7784,1454.0,10,0,0,0,1.0,0
0.2316,53,0,0.3461,4086.0,5,0,1,0,0.0,0
3.4907,46,0,0.0964,12697.0,14,0,1,0,1.0,0
0.7801,55,0,0.8179,,9,0,0,0,0.0,0
0.4942,33,0,0.0657,,9,0,0,0,1.0,0
0.6114,22,0,0.1744,5145.0,10,0,2,0,1.0,1
0.8735,35,0,1.0357,8704.0,6,0,1,0,1.0,0
0.3599,46,0,0.493,,6,0,1,0,0.0,0
0.4974,58,0,0.4903,7540.0,6,0,2,0,,0
0.133,68,0,0.4857,,11,0,2,0,0.0,0
0.4098,71,0,0.8559,2756.0,8,0,0,0,0.0,0
0.4359,65,0,0.0694,,9,0,1,0,1.0,0
0.2203,34,0,0.8592,1431.0,7,0,2,0,2.0,0
0.1826,49,0,0.3505,3936.0,14,0,2,0,0.0,0
0.357,72,0,0.7089,,7,0,2,0,1.0,0
0.4413,32,0,0.581,1660.0,7,0,1,0,0.0,0
4.3478,52,0,0.3021,5505.0,14,0,1,0,0.0,0
0.6996,52,0,0.0764,4976.0,9,0,1,0,0.0,0
0.2865,63,0,0.1878,16175.0,11,0,1,0,0.0,0
0.7065,21,0,0.4859,2557.0,5,0,2,0,0.0,0
1.1421,60,0,0.4254,4330.0,7,0,1,0,0.0,1
0.8349,35,0,0.0861,,8,0,1,0,0.0,0
0.5905,64,0,0.7924,,5,0,1,0,0.0,0
0.2633,34,0,0.9684,8348.0,5,0,2,0,4.0,0
0.1482,54,0,0.3174,,11,0,2,0,1.0,0
0.0437,25,0,0.7985,3776.0,13,0,1,0,0.0,0
0.0414,38,0,0.1205,6227.0,5,0,1,0,1.0,0
0.3009,59,1,0.7867,,4,0,2,0,0.0,0
1.2509,42,2,0.679,4242.0,9,0,3,1,0.0,0
0.7049,60,0,1.0908,10465.0,9,0,1,0,0.0,0
0.4221,56,0,0.203,1720.0,3,0,1,0,,0
4.9609,50,0,0.4549,2350.0,18,0,1,0,1.0,0
6.7374,22,2,0.9459,,6,0,0,0,0.0,0
0.1396,54,0,0.1065,5147.0,8,0,0,0,0.0,0
2.2464,62,0,0.0905,1498.0,9,0,2,0,0.0,0
0.3533,59,0,0.2484,6853.0,6,0,1,0,1.0,0
0.4956,40,0,0.4543,15866.0,6,0,1,0,0.0,0
0.6504,55,0,0.5365,14903.0,8,0,0,0,3.0,0
1.2061,49,0,0.141,,8,0,1,0,1.0,0
0.6446,54,2,0.7101,8634.0,7,0,0,1,0.0,0
0.472,69,0,0.6946,9282.0,12,0,0,0,1.0,0
0.8082,56,0,0.6391,16814.0,4,0,0,0,0.0,0
0.8689,45,0,0.1273,10358.0,11,0,3,0,0.0,0
0.0918,59,0,0.9186,2473.0,8,0,0,0,2.0,0
0.0692,53,0,0.6687,5584.0,7,0,1,0,1.0,0
0.4799,66,0,0.8431,2159.0,8,0,1,0,0.0,0
0.6976,36,0,0.48,6916.0,6,0,2,0,1.0,0
1.0673,35,0,0.7951,,11,0,1,0,0.0,0
0.1948,48,0,0.8857,5171.0,7,0,1,0,3.0,0
0.1148,28,0,0.911,,8,0,0,0,0.0,0
0.1839,46,0,0.6584,8585.0,3,0,0,0,0.0,0
0.4706,55,0,0.4786,6698.0,6,0,1,0,0.0,0
0.3734,67,0,0.701,4670.0,9,0,1,0,0.0,0
0.35,47,0,0.2306,5204.0,6,0,1,0,0.0,0
0.0358,64,0,0.7932,1199.0,6,0,0,0,2.0,0
0.413,55,0,0.2671,2995.0,6,0,0,0,0.0,0
0.5185,50,0,0.706,11929.0,6,0,1,0,0.0,0
0.5845,38,0,0.6062,,13,0,0,0,0.0,0
0.234,44,0,1.4276,5091.0,6,0,2,0,1.0,0
7.8833,44,2,0.1405,9907.0,6,1,1,0,1.0,0
0.3331,47,0,0.1312,,14,0,2,0,0.0,0
0.4235,44,0,0.6477,2828.0,8,0,3,0,0.0,0
1.1312,64,1,0.5463,,8,1,0,0,1.0,0
0.1441,50,0,1.0036,,5,0,1,0,1.0,0
1.4264,75,0,0.3683,,4,0,1,0,0.0,0
0.6054,39,0,0.278,2388.0,7,0,4,0,1.0,0
2.0577,63,0,0.3265,,11,0,3,0,2.0,0
0.5644,36,0,0.3758,6516.0,5,0,1,0,1.0,0
0.0375,48,0,0.846,4959.0,4,0,1,0,1.0,0
0.4903,48,0,0.4906,6469.0,17,0,0,0,3.0,0
0.3526,49,0,1.0685,,10,0,0,0,1.0,0
0.779,67,0,0.3168,8283.0,6,0,1,0,1.0,0
7.1673,53,0,0.4791,2363.0,12,0,0,0,1.0,0
6.708,75,0,0.5606,13333.0,7,0,1,0,1.0,0
0.7422,69,0,0.0306,2046.0,7,0,1,0,0.0,0
0.3187,51,0,0.2803,1994.0,11,0,0,0,0.0,0
0.4573,66,0,0.6208,2804.0,14,0,0,0,2.0,0
0.0193,35,0,0.2107,3098.0,9,0,1,0,1.0,0
0.5334,51,0,0.4487,,8,0,0,0,5.0,0
0.0931,49,0,0.6219,5661.0,11,0,2,0,3.0,0
2.4725,58,0,0.2518,9872.0,1,0,0,0,2.0,0
0.7656,60,0,0.6922,3492.0,9,0,1,0,0.0,0
0.1638,40,0,0.977,2699.0,8,0,1,0,1.0,0
1.1039,57,0,0.3211,4267.0,8,0,2,0,1.0,0
3.5269,69,0,0.1699,8895.0,8,0,1,0,0.0,0
0.1453,61,0,0.9721,7179.0,7,0,1,0,1.0,0
0.4861,57,0,0.4007,7726.0,10,0,1,0,2.0,0
0.5197,64,0,0.6728,2357.0,14,0,2,0,,0
0.6171,21,0,0.893,14246.0,2,0,0,0,3.0,0
4.2916,27,0,0.7399,2022.0,6,0,1,0,0.0,0
0.56,74,0,0.3835,36099.0,8,0,1,0,0.0,0
0.3133,60,0,0.2316,8909.0,7,0,1,0,0.0,0
0.2772,56,0,0.9774,11076.0,9,0,1,0,0.0,0
0.0137,53,0,0.7044,12585.0,4,0,0,0,1.0,0
3.3364,51,0,0.5896,,6,0,0,0,0.0,0
3.6108,57,0,0.8672,6650.0,7,0,1,0,1.0,0
0.4308,55,0,0.5852,,7,0,1,0,1.0,1
0.3963,46,0,0.8796,18532.0,11,0,1,0,1.0,0
0.6995,55,0,0.7035,3716.0,5,0,1,0,0.0,0
0.2302,55,0,0.7658,14005.0,10,0,1,0,1.0,0
0.137,44,0,0.3407,6273.0,11,0,1,0,0.0,0
0.7175,66,0,0.6513,,6,0,1,0,1.0,0
0.2149,44,2,0.1925,,7,1,0,3,0.0,0
0.2116,42,5,0.7681,7388.0,13,0,4,0,1.0,0
0.227,46,0,0.3512,11576.0,13,0,0,0,0.0,0
6.6145,33,0,0.5489,,6,0,1,0,2.0,0
0.0603,50,0,0.2388,5272.0,5,0,3,0,1.0,0
0.4861,46,0,0.6021,7882.0,7,0,1,0,1.0,0
0.6994,60,0,0.8243,4592.0,12,0,1,0,0.0,0
0.7595,50,0,0.2301,8667.0,10,0,1,0,3.0,0
0.7653,30,0,0.1556,,7,0,1,0,0.0,0
0.8897,46,0,0.7478,2859.0,12,0,1,0,1.0,0
0.3223,33,0,0.7823,7118.0,8,0,2,0,0.0,0
0.0955,65,0,0.4559,4753.0,7,0,1,0,0.0,0
0.4239,66,0,0.9211,,2,0,1,0,1.0,0
0.3626,57,0,0.5867,,7,0,0,0,0.0,0
0.6092,61,0,0.6918,,13,0,2,0,2.0,0
0.1937,53,0,0.0786,7140.0,12,0,1,0,2.0,0
0.0699,55,0,0.7795,4462.0,12,0,3,0,0.0,0
0.0842,44,0,0.3532,2063.0,9,0,0,0,2.0,0
0.062,47,0,0.0874,,6,0,2,0,0.0,0
0.2541,62,0,0.3237,3939.0,8,0,0,0,1.0,0
0.116,40,0,0.2957,5535.0,3,0,0,0,1.0,0
0.5474,54,0,0.7824,5965.0,11,0,2,0,1.0,0
0.1351,44,0,0.1809,6150.0,9,0,2,0,2.0,0
1.3934,43,0,0.4787,2922.0,8,0,0,0,1.0,0
0.3622,66,0,0.8627,6514.0,8,0,1,0,0.0,0
0.8944,59,0,0.7847,7109.0,6,0,1,0,1.0,0
0.039,55,0,0.4101,5432.0,7,0,0,0,2.0,0
0.7971,39,0,0.4912,2490.0,10,0,1,0,0.0,0
0.5405,52,0,0.5263,7977.0,10,0,0,0,1.0,0
0.4122,48,0,0.8858,10416.0,8,0,0,0,2.0,0
0.0598,36,0,0.6767,8177.0,11,0,1,0,0.0,0
0.0876,59,0,0.2389,5461.0,6,0,0,0,0.0,0
0.391,58,0,0.3604,,8,0,2,0,0.0,0
0.2459,26,0,0.6008,2936.0,5,0,1,0,0.0,0
0.5806,49,0,0.8483,5955.0,9,0,2,0,0.0,0
0.3949,74,3,0.8126,22774.0,15,0,2,0,0.0,0
1.3564,55,1,0.4586,3780.0,4,0,0,0,2.0,0
0.2621,74,0,0.5156,13418.0,6,0,3,0,0.0,0
2.9723,57,0,0.2726,8119.0,5,0,1,0,2.0,0
1.3718,59,0,0.4882,5450.0,7,0,0,0,2.0,0
1.0668,49,0,0.0927,6398.0,9,0,2,0,0.0,0
0.6224,41,0,0.8278,4894.0,7,0,4,0,1.0,1
0.4243,40,0,0.9591,,10,0,1,0,0.0,0
0.8712,66,0,0.2098,,7,0,1,0,1.0,0
1.101,49,0,0.064,7158.0,9,0,1,0,1.0,0
1.0754,45,0,0.2175,9298.0,6,0,0,0,0.0,0
0.2367,76,0,0.2764,2342.0,7,0,2,0,1.0,0
0.085,79,0,0.4057,,8,0,1,0,1.0,0
0.3607,55,0,0.747,5608.0,9,0,3,0,0.0,0
0.1535,30,0,0.4728,11382.0,8,0,1,0,1.0,0
0.3028,51,0,0.1339,7117.0,7,0,0,0,1.0,0
0.785,39,0,0.5369,,10,0,1,0,0.0,0
0.1482,37,0,0.8334,3589.0,7,0,1,0,0.0,0
0.8444,69,0,0.6755,6977.0,10,0,2,0,,0
2.871,36,0,0.3202,3664.0,7,0,0,0,1.0,0
0.7259,43,0,0.9555,3498.0,10,0,0,0,0.0,0
2.1379,49,0,0.7949,8244.0,8,0,2,0,0.0,0
0.3627,37,0,0.5666,,7,0,3,0,4.0,0
1.6905,44,2,1.0114,4846.0,8,1,2,0,0.0,0
0.1807,38,0,0.5945,4083.0,15,0,0,0,0.0,0
4.447,36,0,0.234,,10,0,1,0,1.0,0
0.1316,50,0,0.8298,,7,0,0,0,1.0,0
0.0609,51,1,0.4043,3668.0,9,0,3,0,1.0,0
0.3683,34,0,0.2291,,6,0,1,0,1.0,0
0.2643,35,0,0.6239,2166.0,8,0,1,0,1.0,0
0.3901,35,0,0.5001,9129.0,6,0,2,0,2.0,0
1.0549,35,0,0.4801,6844.0,7,0,2,0,0.0,0
1.4309,50,0,0.3694,,9,0,0,0,3.0,0
0.3728,55,0,0.1239,8346.0,7,0,0,0,,0
0.1531,46,0,0.592,8635.0,9,0,0,0,0.0,0
1.3831,68,0,0.6432,2590.0,4,0,0,0,3.0,0
0.008,70,0,0.4506,8088.0,10,0,2,0,1.0,1
0.9589,28,0,0.2809,7369.0,6,0,1,0,0.0,0
0.4735,53,0,0.7323,4139.0,6,0,1,0,0.0,1
0.6896,28,0,0.3668,3885.0,6,0,0,0,1.0,0
0.1768,53,0,0.5556,,8,0,0,0,,0
3.9709,65,0,0.4389,5310.0,4,0,2,0,1.0,0
0.6761,56,0,0.5329,1679.0,6,0,2,0,1.0,0
0.3797,41,0,0.1907,4595.0,8,0,0,0,0.0,0
2.4784,67,0,0.6376,,8,0,1,0,,0
0.1727,42,2,0.6765,4028.0,8,0,0,0,1.0,1
1.1944,55,0,0.6802,5887.0,12,0,1,0,1.0,0
0.015,39,0,0.3914,6655.0,6,0,2,0,0.0,0
0.1397,56,0,0.9664,7515.0,9,0,0,0,1.0,0
0.6065,48,0,0.4174,1661.0,11,0,0,0,2.0,0
0.3791,28,0,0.8946,5599.0,4,0,0,0,1.0,0
0.7483,46,0,0.7993,5514.0,8,0,0,0,1.0,0
0.8982,61,0,0.2684,12872.0,6,0,0,0,1.0,0
0.1297,68,0,0.5509,5483.0,6,0,0,0,2.0,0
0.8423,47,0,0.5675,11093.0,7,0,0,0,0.0,0
0.4215,66,0,0.3386,10819.0,5,0,0,0,1.0,0
0.1345,45,0,0.3871,9148.0,8,0,3,0,1.0,0
0.0544,81,0,0.8942,,12,0,3,0,1.0,0
1.1899,42,0,0.4685,2717.0,10,0,2,0,2.0,0
0.1262,53,0,0.6066,24716.0,12,0,1,0,1.0,0
0.1239,35,0,0.1921,5228.0,5,0,0,0,2.0,0
0.1655,49,0,0.9096,,7,0,0,0,2.0,0
0.6163,60,0,1.0056,12442.0,10,0,2,0,1.0,0
0.6807,91,0,0.9645,,6,0,1,0,0.0,1
0.571,43,0,0.5073,7147.0,10,0,1,0,1.0,0
2.2287,22,0,0.3272,4145.0,8,0,0,0,1.0,0
3.6672,68,0,0.5216,13614.0,10,0,4,0,,0
0.6959,53,0,0.2744,1420.0,10,0,0,0,1.0,0
0.0982,71,1,0.235,4816.0,7,0,0,0,1.0,0
0.2911,36,0,0.8401,6674.0,3,0,1,0,0.0,0
1.0139,80,0,0.0699,,6,0,0,0,0.0,1
3.0227,44,0,0.21,7700.0,13,0,1,0,0.0,0
0.9421,49,0,0.2895,,8,0,1,0,2.0,0
0.1193,53,0,0.2694,7458.0,5,0,0,0,2.0,0
0.051,36,0,0.5622,,6,0,2,0,1.0,0
1.0076,47,0,0.6575,6271.0,8,0,3,0,0.0,0
0.5246,28,0,0.4076,,9,0,2,0,0.0,0
0.706,61,0,0.5095,,5,0,0,0,0.0,0
0.6921,46,0,0.4329,5308.0,7,0,0,0,0.0,0
0.3122,21,0,0.4267,1358.0,7,0,1,0,1.0,0
0.5282,47,0,0.3986,3944.0,6,0,4,0,1.0,0
0.5007,56,0,0.5194,,12,0,3,0,0.0,0
0.1104,56,0,1.7161,4886.0,11,0,0,0,0.0,0
0.1907,76,0,0.2747,4641.0,8,0,0,0,2.0,0
0.1657,55,0,0.8927,9901.0,6,0,1,0,1.0,0
0.0831,49,0,0.7942,3846.0,9,0,1,0,0.0,0
0.8463,50,0,0.6935,6288.0,10,0,0,0,1.0,0
0.3523,75,0,0.2254,6788.0,11,0,0,0,3.0,0
0.0459,39,0,0.3964,1317.0,8,0,1,0,0.0,0
1.4522,46,0,0.6477,11974.0,5,0,0,0,0.0,0
0.6293,62,0,0.8913,3763.0,9,0,0,0,0.0,0
0.4006,55,0,0.6265,5115.0,3,0,1,0,2.0,0
0.1751,37,0,0.2071,2648.0,8,0,0,0,2.0,0
0.7991,55,0,0.2372,2694.0,8,0,2,0,0.0,0
0.8427,77,0,1.0831,,8,0,1,0,2.0,0
0.3227,51,0,0.493,3600.0,11,0,0,0,0.0,0
0.5779,46,1,0.1462,10247.0,8,1,0,0,2.0,0
0.8756,52,0,0.5832,,8,0,2,0,1.0,0
0.7514,49,0,0.521,11397.0,8,0,1,0,0.0,0
0.1144,83,0,0.2375,2584.0,4,0,0,0,0.0,0
1.2286,64,0,0.7869,,14,0,2,0,0.0,0
0.5089,23,0,0.4614,8968.0,7,0,0,0,4.0,0
0.1691,71,0,0.2244,2419.0,9,0,1,0,3.0,0
0.0489,45,0,0.5254,4123.0,5,0,2,0,0.0,0
0.0908,55,0,0.9436,8841.0,7,0,2,0,1.0,0
0.2362,65,0,0.3296,6275.0,5,0,2,0,1.0,0
2.7765,72,1,0.3629,7594.0,12,0,0,0,2.0,0
2.3323,58,0,0.4835,8542.0,7,0,1,0,2.0,0
0.1545,53,0,0.586,8919.0,15,0,3,0,1.0,0
1.7352,47,0,0.3824,7335.0,10,0,2,0,0.0,0
0.3994,52,0,0.2443,13596.0,13,0,3,0,0.0,0
0.136,78,0,0.5689,8176.0,6,0,1,0,1.0,0
0.4471,32,0,0.8019,8092.0,6,0,3,0,0.0,0
2.8187,50,2,0.1092,6902.0,14,0,1,0,0.0,0
0.5298,62,0,0.2213,4016.0,5,0,1,0,0.0,0
0.0647,82,0,0.2276,4125.0,13,0,1,0,0.0,0
1.441,79,0,1.0116,,14,0,1,0,1.0,0
0.6977,57,0,1.0231,,13,0,0,0,1.0,0
0.73,63,0,1.0223,5346.0,9,0,0,0,0.0,0
0.3981,66,0,0.2559,4839.0,11,0,0,0,0.0,0
0.1873,48,0,0.3461,6245.0,2,0,0,0,0.0,0
0.5788,65,0,0.8506,2183.0,4,0,3,0,0.0,0
0.0005,46,0,0.6051,10458.0,8,0,1,0,0.0,0
0.3636,35,0,0.3893,3389.0,8,0,1,0,0.0,0
0.1836,62,0,0.8638,6622.0,7,0,1,0,2.0,0
0.0972,53,0,0.064,3916.0,13,0,2,0,1.0,0
0.3277,66,0,0.7127,4364.0,8,0,1,0,0.0,0
1.7584,58,0,0.3532,2327.0,12,0,2,0,0.0,0
0.3695,42,0,0.2045,6724.0,5,0,0,0,2.0,0
0.288,72,0,0.7601,6657.0,5,0,2,0,0.0,0
0.0639,63,0,0.8307,,11,0,2,0,0.0,0
0.4902,64,0,0.4014,10447.0,7,0,0,0,2.0,0
2.1952,37,0,0.0551,14086.0,9,0,0,0,3.0,0
0.2911,44,0,0.1152,2424.0,7,0,0,0,1.0,0
0.6515,46,0,0.3175,5000.0,11,0,2,0,2.0,0
0.0858,53,0,0.4875,5579.0,6,0,0,0,0.0,0
0.426,82,0,0.3603,3537.0,11,0,1,0,0.0,0
0.1253,34,0,0.7286,9221.0,5,0,1,0,0.0,0
0.0016,54,0,0.5497,8204.0,12,0,1,0,1.0,0
2.9584,39,0,0.0344,,5,0,1,0,1.0,0
1.2657,40,0,0.6029,16685.0,12,0,0,0,1.0,0
0.8412,48,0,0.4034,7825.0,10,0,3,0,1.0,0
0.0072,59,0,0.3378,2657.0,10,0,1,0,0.0,0
0.0687,21,0,0.3769,4336.0,9,0,1,0,1.0,0
0.0447,32,0,0.5193,2814.0,12,0,1,0,1.0,0
0.6877,45,0,0.4483,3511.0,7,0,0,0,0.0,0
0.5057,49,0,0.7822,9570.0,11,0,0,0,0.0,0
0.6034,39,0,0.4597,4016.0,12,0,0,0,1.0,0
0.9401,47,0,0.2404,11998.0,3,0,1,0,2.0,0
0.0542,47,0,0.7412,4463.0,5,0,0,0,1.0,0
0.0005,60,0,0.277,4393.0,7,0,1,0,0.0,0
2.1585,56,0,0.5113,11035.0,11,0,0,0,0.0,0
0.4599,51,0,0.4626,5577.0,2,0,3,0,1.0,0
0.8437,69,0,0.1326,9039.0,11,0,2,0,0.0,1
0.0289,64,0,0.4639,11235.0,11,0,2,0,,0
0.508,49,0,0.6347,4729.0,8,0,1,0,1.0,0
0.2668,34,0,0.1277,,5,0,1,0,0.0,0
1.1467,49,0,0.1875,3004.0,5,0,0,0,1.0,0
0.8846,32,0,0.1961,5383.0,8,0,3,0,0.0,0
0.5613,60,0,0.5464,11776.0,6,0,1,0,0.0,0
0.8624,79,0,0.1426,5296.0,7,0,0,0,0.0,0
0.8618,58,0,0.9322,7993.0,13,0,1,0,2.0,0
0.1571,65,0,0.3503,3186.0,4,0,0,0,0.0,0
0.5362,39,0,0.7962,3416.0,10,0,2,0,0.0,0
0.3168,55,0,0.1327,5551.0,5,0,2,0,0.0,0
0.1563,50,0,0.1568,2178.0,6,0,0,0,0.0,0
0.7619,40,0,0.2768,,3,0,0,0,0.0,0
0.5023,50,0,0.4578,,11,0,1,0,2.0,0
0.7164,36,0,0.7586,4304.0,6,0,0,0,0.0,1
0.7553,64,0,0.6747,4336.0,8,0,0,0,1.0,0
0.1384,45,0,0.5818,,8,0,3,0,0.0,0
0.2673,40,0,0.5608,5689.0,7,0,2,0,0.0,0
0.0852,55,0,1.0486,3296.0,9,0,2,0,0.0,0
0.3688,62,0,0.4984,4833.0,8,0,0,0,1.0,0
0.7602,66,0,0.466,,6,0,0,0,0.0,0
0.584,42,0,0.4461,4667.0,11,0,1,0,,0
2.7591,52,0,0.8535,,6,0,0,0,1.0,0
0.508,67,0,0.6015,2886.0,12,0,0,0,1.0,0
1.0257,38,0,0.6774,8655.0,5,0,0,0,0.0,0
0.5073,53,0,0.45,5694.0,6,0,1,0,0.0,0
0.7968,53,0,0.5296,4474.0,7,0,2,0,1.0,0
0.9014,38,2,0.1956,3537.0,4,2,0,3,3.0,0
0.1559,68,0,0.5502,4682.0,8,0,0,0,1.0,0
0.0284,48,0,0.4597,10657.0,10,0,0,0,1.0,0
0.0563,70,0,0.1737,,8,0,0,0,1.0,0
1.5145,37,0,0.1688,5360.0,7,0,2,0,1.0,0
0.066,21,0,0.1892,11438.0,11,0,3,0,1.0,0
5.475,44,0,0.1756,6736.0,5,0,0,0,0.0,0
0.1313,58,0,0.6402,3485.0,12,0,1,0,1.0,0
0.637,45,0,0.2299,3636.0,7,0,1,0,3.0,0
4.5483,53,0,0.6167,5548.0,11,0,1,0,2.0,0
0.9519,52,1,0.7588,,4,0,1,0,1.0,0
0.038,40,0,1.0409,2933.0,7,0,0,0,1.0,0
0.0016,91,0,0.284,4918.0,10,0,1,0,2.0,0
0.414,51,0,0.667,8966.0,8,0,2,0,0.0,0
0.2374,43,0,0.2767,4890.0,8,0,1,0,1.0,0
0.4418,89,0,0.3053,2272.0,10,0,0,0,0.0,0
3.3844,39,0,0.3866,4849.0,11,0,0,0,1.0,0
0.1199,54,0,0.7877,5461.0,10,0,3,0,1.0,0
0.2669,44,0,0.6423,,8,0,0,0,1.0,0
0.4654,35,0,0.3057,3417.0,7,0,1,0,1.0,0
0.0792,65,0,0.5818,6622.0,10,0,0,0,0.0,0
0.8949,53,0,0.3684,27127.0,5,0,0,0,0.0,0
0.4198,35,0,0.8505,5623.0,7,0,2,0,1.0,0
0.3125,80,0,0.4326,4361.0,12,0,4,0,1.0,0
0.5316,53,0,0.0417,6207.0,5,0,1,0,2.0,0
0.417,71,0,0.1556,2266.0,7,0,1,0,1.0,0
0.2161,72,0,0.7875,4012.0,5,0,2,0,0.0,0
0.0597,31,0,0.2882,3543.0,6,0,1,0,0.0,0
0.2099,63,0,0.7047,3155.0,5,0,1,0,3.0,0
1.0136,68,0,0.6198,,3,0,0,0,2.0,0
0.4152,55,0,0.5363,3223.0,9,0,1,0,1.0,0
0.3183,68,4,0.5598,6292.0,10,0,1,0,0.0,0
0.6188,46,0,0.7267,7392.0,10,0,1,0,1.0,0
0.6609,75,0,0.5686,27509.0,7,0,1,0,1.0,0
0.0725,46,0,0.1455,8465.0,8,0,3,0,0.0,0
0.401,75,0,0.5415,7992.0,8,0,0,0,0.0,0
0.4257,60,0,0.1685,1975.0,9,0,1,0,0.0,0
0.4025,59,0,0.2416,5076.0,13,0,2,0,2.0,0
0.7022,35,0,0.4576,,6,0,1,0,0.0,0
0.5009,74,0,0.2995,2368.0,17,0,1,0,0.0,0
0.7031,40,1,0.1611,4713.0,3,0,2,2,1.0,0
0.8314,77,0,0.218,10937.0,4,0,0,0,1.0,0
0.5077,58,0,0.5105,2885.0,9,0,0,0,0.0,0
1.2394,59,0,0.3382,1995.0,10,0,3,0,1.0,0
0.1608,46,0,0.4044,4279.0,10,0,2,0,3.0,0
0.1985,48,0,0.5977,5667.0,4,0,0,0,0.0,0
0.1635,29,0,0.504,10395.0,5,0,2,0,0.0,0
0.1206,65,0,0.2758,6049.0,5,0,0,0,1.0,1
1.827,58,0,1.5184,1619.0,6,0,0,0,1.0,0
0.299,76,0,0.9804,2639.0,9,0,0,0,0.0,0
0.4554,49,0,0.3359,19983.0,13,0,1,0,0.0,1
0.3853,82,0,0.2288,5841.0,12,0,0,0,1.0,0
1.9894,39,0,0.5932,5386.0,6,0,0,0,0.0,0
0.8902,57,0,0.6104,6579.0,4,0,1,0,0.0,0
0.0451,63,0,0.2498,,7,0,2,0,2.0,0
0.0465,60,0,0.8202,2893.0,3,0,0,0,0.0,0
0.7883,48,0,0.3394,12362.0,10,0,2,0,0.0,0
0.2118,34,0,0.5706,,10,0,1,0,0.0,0
2.3242,54,0,0.3821,7935.0,8,0,1,0,2.0,0
0.2192,46,2,0.4635,6736.0,8,0,1,0,0.0,0
1.9735,80,1,0.6161,9674.0,8,2,1,0,0.0,0
0.2116,61,0,0.8027,,8,0,0,0,,0
0.2792,55,0,0.6721,17983.0,10,0,3,0,0.0,0
0.5272,74,0,0.754,13867.0,11,0,1,0,1.0,0
1.7535,64,0,0.9351,5129.0,12,0,0,0,1.0,0
0.6609,27,0,0.1104,13046.0,8,0,0,0,0.0,0
0.5063,67,0,1.1829,8169.0,8,0,2,0,1.0,0
1.312,60,0,0.1905,8948.0,5,0,0,0,0.0,0
0.3005,59,0,0.464,6099.0,10,0,2,0,1.0,0
0.3901,53,0,0.1924,4646.0,13,0,0,0,1.0,0
0.5544,46,3,0.3646,10518.0,3,0,2,2,1.0,0
0.2128,38,0,0.6774,,8,0,1,0,0.0,0
0.2768,65,0,0.4357,8934.0,10,0,0,0,1.0,0
2.2747,46,0,0.4537,9288.0,9,0,1,0,0.0,0
0.3657,44,0,0.1242,4450.0,10,0,0,0,0.0,0
1.9456,95,0,0.5426,13566.0,4,0,0,0,0.0,0
3.1364,46,0,0.5593,8189.0,5,0,1,0,1.0,0
1.7287,44,0,0.7081,,7,0,1,0,0.0,0
0.202,62,0,0.4488,3222.0,5,0,1,0,1.0,0
4.8773,48,0,0.4693,9342.0,11,0,1,0,0.0,0
0.7658,74,0,0.5385,7599.0,9,0,1,0,0.0,0
0.1824,60,0,0.8119,,9,0,1,0,,0
0.6001,55,0,0.4754,,5,0,1,0,1.0,0
0.2911,64,0,0.0402,21466.0,16,0,0,0,1.0,0
0.3214,58,0,0.6932,10110.0,12,0,1,0,0.0,0
0.0189,42,0,0.4703,6933.0,8,0,1,0,1.0,0
2.5189,58,0,0.4983,4190.0,7,0,0,0,,0
0.1444,36,4,0.2573,,5,1,1,0,1.0,0
0.6761,35,0,0.2997,1948.0,11,0,1,0,0.0,0
0.3365,44,0,0.0987,1079.0,6,0,0,0,0.0,0
0.0744,49,0,0.9688,4924.0,9,0,1,0,0.0,0
0.6344,54,0,0.6503,1079.0,12,0,2,0,0.0,0
0.0913,21,0,0.7624,25529.0,10,0,2,0,1.0,0
0.0711,46,0,0.4953,4580.0,11,0,0,0,0.0,0
0.5632,31,0,0.8816,2179.0,4,0,0,0,,0
0.0086,61,0,0.2823,2409.0,12,0,0,0,2.0,0
0.9445,46,0,0.2981,4847.0,8,0,1,0,0.0,0
1.5649,49,0,0.7589,,8,0,0,0,0.0,0
3.4658,37,0,0.6635,9922.0,10,0,1,0,2.0,0
0.1308,60,0,0.7531,5208.0,6,0,2,0,1.0,0
0.2869,32,0,0.8081,6721.0,7,0,2,0,0.0,0
0.2197,48,0,0.9621,3062.0,15,0,2,0,0.0,0
0.6585,45,0,0.1124,,5,0,0,0,0.0,0
0.1802,76,0,0.5532,,10,0,0,0,0.0,0
0.0918,25,0,0.535,5126.0,9,0,3,0,1.0,0
0.1722,74,0,0.8661,4404.0,10,0,4,0,0.0,0
0.1705,48,0,0.3222,,9,0,0,0,1.0,0
0.0758,49,0,0.8341,7924.0,4,0,2,0,1.0,0
3.7165,69,0,0.7528,8856.0,7,0,4,0,1.0,0
0.6139,65,0,0.4601,1519.0,5,0,1,0,1.0,0
0.0562,55,0,0.0574,,6,0,1,0,1.0,0
0.8561,60,0,0.151,4223.0,8,0,2,0,1.0,0
0.6445,27,2,0.3366,4769.0,6,0,1,1,0.0,0
0.0652,37,0,0.4107,8283.0,6,0,1,0,0.0,1
1.6917,60,0,0.1319,3208.0,13,0,2,0,1.0,0
1.1133,38,0,0.4942,3432.0,10,0,1,0,1.0,0
0.0131,53,0,0.7888,9262.0,9,0,0,0,1.0,0
0.0061,47,0,0.2465,,9,0,2,0,0.0,0
0.1165,34,0,0.4976,4007.0,13,0,2,0,0.0,0
0.6348,67,0,0.3363,3770.0,7,0,2,0,0.0,0
0.3552,62,0,0.2824,6171.0,9,0,1,0,1.0,0
2.9991,50,0,0.6287,3837.0,7,0,0,0,0.0,0
3.1758,75,0,0.7985,3059.0,8,0,0,0,1.0,1
3.8143,31,0,1.0304,3097.0,9,0,0,0,3.0,0
0.0988,40,0,1.2591,11315.0,12,0,2,0,1.0,0
1.4423,42,0,0.9615,5525.0,2,0,2,0,0.0,0
0.4565,48,0,0.1557,10114.0,5,0,0,0,1.0,0
0.5896,50,1,0.2193,3730.0,9,0,2,0,1.0,0
0.3716,64,0,1.1707,4091.0,10,0,2,1,1.0,0
0.2656,84,0,0.1433,3124.0,6,0,0,0,1.0,0
0.2305,61,0,0.3352,7410.0,14,0,1,0,0.0,0
0.0014,53,0,0.3119,,13,0,0,0,0.0,0
0.2637,73,0,0.8311,,8,0,2,0,0.0,0
0.2258,55,0,0.3628,5915.0,10,0,2,0,0.0,0
0.1493,53,0,0.5662,4475.0,4,0,0,0,0.0,0
0.1349,57,0,0.555,7915.0,9,0,1,0,1.0,0
0.5683,57,0,0.3433,8756.0,6,0,1,0,1.0,0
0.7653,65,0,0.5928,,8,0,0,0,0.0,0
0.247,23,0,0.7229,8476.0,5,0,1,0,0.0,0
0.1549,60,0,0.2706,7601.0,8,0,1,0,2.0,0
0.4728,55,0,0.856,8627.0,13,0,0,0,0.0,0
0.8099,49,0,0.4423,6328.0,3,0,1,0,0.0,0
0.4507,66,0,0.7626,5332.0,8,0,2,0,1.0,0
0.2939,64,0,0.3006,14469.0,15,0,0,0,1.0,0
0.6476,44,0,0.565,14036.0,7,0,2,0,1.0,0
1.4004,53,0,0.9106,2898.0,5,0,1,0,3.0,0
0.0305,61,0,0.4394,4964.0,3,0,1,0,0.0,0
0.6988,50,0,0.6542,9874.0,4,0,3,0,0.0,0
0.2868,40,0,0.3918,7725.0,5,0,0,0,0.0,0
0.3705,54,0,0.2277,9726.0,7,0,0,0,1.0,0
0.3743,73,0,0.4743,,4,0,2,0,2.0,0
2.8681,49,2,0.4336,4899.0,5,0,1,0,1.0,0
0.6135,60,0,0.3613,2974.0,6,0,0,0,1.0,0
0.535,86,0,0.3173,9168.0,4,0,0,0,2.0,0
0.3355,22,0,0.9073,,7,0,1,0,1.0,0
0.0098,64,0,0.2016,2458.0,11,0,1,0,1.0,0
0.2278,41,0,1.0076,2572.0,8,0,2,0,1.0,0
0.2951,43,0,0.5405,,10,0,2,0,1.0,0
0.7559,48,0,0.4158,1255.0,8,0,3,0,1.0,0
0.1133,42,0,0.4328,,8,0,0,0,1.0,0
0.8557,61,0,0.7855,9840.0,10,0,2,0,1.0,0
0.814,35,0,0.446,3945.0,7,0,0,0,0.0,0
0.3283,63,0,0.4327,5185.0,14,0,1,0,1.0,0
0.3588,67,0,1.1147,1584.0,7,0,0,0,0.0,0
0.2897,30,0,0.1102,3822.0,6,0,1,0,1.0,0
0.2094,31,0,0.2826,6156.0,9,0,2,0,1.0,0
0.901,44,0,0.6608,5779.0,3,0,0,0,1.0,0
0.5289,67,0,0.3023,3478.0,13,0,1,0,1.0,0
0.7355,42,0,0.4728,5890.0,12,0,1,0,2.0,0
0.1422,55,0,0.9771,6359.0,7,0,0,0,0.0,0
0.6566,31,2,0.5312,2795.0,4,0,2,2,0.0,0
0.0702,41,0,0.5928,6408.0,11,0,2,0,1.0,0
0.9143,37,1,0.2525,3664.0,11,0,2,2,1.0,0
0.5433,41,0,0.3153,,3,0,0,0,,0
0.2772,51,0,0.2031,1006.0,9,0,1,0,0.0,0
0.0491,54,0,0.5327,7030.0,15,0,1,0,1.0,0
0.7332,56,0,0.6897,,5,0,4,0,0.0,1
0.3606,35,0,0.5876,,6,0,1,0,0.0,0
1.0017,72,0,0.2356,10726.0,9,0,0,0,1.0,0
0.3733,48,0,0.4905,7142.0,10,0,0,0,0.0,0
0.6188,69,0,0.5443,4442.0,8,0,0,0,,0
1.9468,63,0,0.4419,5440.0,7,0,0,0,0.0,1
0.6643,61,0,0.4113,6638.0,6,0,0,0,1.0,0
0.4377,71,0,0.6689,,14,0,0,0,,1
0.5969,42,0,0.1093,,8,0,0,0,0.0,1
0.2111,60,1,0.1785,11700.0,6,1,1,0,0.0,0
0.1813,21,0,0.5416,17357.0,11,0,1,0,1.0,0
0.2796,56,0,0.2301,,9,0,2,0,0.0,0
0.3154,59,0,0.2879,,11,0,1,0,1.0,0
1.2551,41,0,0.6023,3973.0,22,0,1,0,0.0,0
0.4173,54,0,0.6197,5915.0,2,0,2,0,1.0,0
0.6756,27,0,0.7066,,9,0,3,0,0.0,0
0.4912,37,0,0.5684,,12,0,1,0,1.0,1
0.446,52,0,0.9183,8813.0,7,0,1,0,1.0,0
0.4399,34,0,0.18,1572.0,6,0,2,0,1.0,0
0.228,80,0,0.4033,6738.0,7,0,2,0,2.0,0
0.0954,60,0,0.0759,,7,0,3,0,1.0,0
0.1557,51,0,0.2411,7523.0,13,0,0,0,1.0,0
0.1523,55,0,1.1474,,11,0,3,0,2.0,0
0.2709,58,0,0.1862,6390.0,7,0,1,0,,0
0.5923,36,0,0.2439,11519.0,6,0,2,0,1.0,0
1.7002,59,0,0.8791,,11,0,2,0,1.0,0
0.6122,58,0,0.5864,5244.0,11,0,2,0,0.0,1
0.6871,44,0,0.9454,9274.0,10,0,2,0,0.0,0
0.3552,59,0,0.1465,,4,0,0,0,1.0,0
0.1722,49,0,0.8047,4258.0,8,0,0,0,3.0,0
0.0889,59,0,0.3072,11203.0,9,0,1,0,1.0,0
0.254,69,0,1.0224,4404.0,7,0,1,0,0.0,0
0.545,52,0,0.3112,,8,0,1,0,1.0,0
0.2259,78,0,0.515,2052.0,6,0,2,0,1.0,0
0.4124,46,0,0.8436,6043.0,5,0,0,0,0.0,0
2.9714,37,0,0.2015,,7,0,0,0,1.0,0
1.2813,55,0,0.783,11058.0,9,0,2,0,1.0,0
0.9281,38,0,0.3852,16327.0,8,0,1,0,1.0,0
0.0971,58,0,0.031,6817.0,6,0,1,0,0.0,0
0.9516,36,0,1.0267,,14,0,0,0,0.0,0
0.6769,62,1,0.5754,15376.0,12,0,2,1,1.0,0
0.622,49,0,0.6135,4034.0,8,0,0,0,0.0,0
2.0711,77,0,0.7634,11236.0,6,0,0,0,1.0,0
0.4533,74,0,0.7565,,9,0,0,0,1.0,1
0.4911,67,0,0.2852,5847.0,9,0,2,0,3.0,0
0.1193,38,0,0.5173,3135.0,8,0,0,0,0.0,0
1.6034,40,0,0.2877,5667.0,9,0,0,0,1.0,0
0.1102,54,0,0.769,5223.0,8,0,0,0,3.0,0
0.1174,60,0,0.6592,3023.0,10,0,0,0,1.0,0
0.1103,52,0,0.9847,2094.0,8,0,1,0,4.0,0
0.6539,49,0,0.7859,2753.0,9,0,2,0,0.0,0
0.037,60,0,0.285,,9,0,0,0,2.0,0
0.6111,72,0,0.4231,4313.0,5,0,0,0,0.0,0
0.8904,78,0,0.5211,11134.0,11,0,1,0,2.0,0
0.202,77,0,0.7286,4452.0,11,0,1,0,0.0,0
1.0668,27,0,0.15,6451.0,6,0,0,0,0.0,0
0.5546,21,0,0.2176,6439.0,3,0,2,0,,0
1.0089,61,0,0.3314,7075.0,11,0,0,0,1.0,0
1.0939,67,0,0.2429,5244.0,5,0,2,0,3.0,0
0.3369,66,0,0.7137,4886.0,8,0,2,0,1.0,0
0.2083,66,0,0.6512,27913.0,10,0,0,0,0.0,0
5.5822,67,0,0.6202,4220.0,6,0,3,0,0.0,0
1.1061,52,0,0.7917,3114.0,2,0,1,0,1.0,0
0.0367,58,0,0.8336,12200.0,8,0,2,0,3.0,0
0.602,62,0,0.8661,,7,0,2,0,0.0,0
0.7948,63,0,0.6331,6351.0,7,0,2,0,0.0,0
0.1392,48,0,0.446,5493.0,4,0,2,0,1.0,0
0.7831,38,0,0.5076,8190.0,9,0,2,0,0.0,0
1.6985,31,0,0.9101,2019.0,8,0,1,0,0.0,0
0.2263,47,0,0.1165,6613.0,6,0,3,0,2.0,0
0.0476,35,0,0.0789,7594.0,5,0,0,0,0.0,0
0.9235,52,0,0.2649,2842.0,5,0,0,0,1.0,0
1.9358,64,0,1.0486,11685.0,9,0,1,0,0.0,0
2.8194,57,0,0.122,5056.0,9,0,1,0,0.0,0
0.0086,51,1,0.5283,,3,0,0,0,0.0,0
0.4285,60,0,0.3224,,4,0,0,0,0.0,0
0.6209,39,0,0.646,,6,0,2,0,1.0,0
1.4393,63,0,0.3748,,6,0,1,0,1.0,0
0.7299,55,0,0.6754,6992.0,10,0,0,0,1.0,0
0.0573,44,0,0.5025,7225.0,2,0,2,0,0.0,0
0.0184,64,0,0.5511,2491.0,8,0,1,0,0.0,0
4.2766,21,2,0.4133,24584.0,10,0,0,0,2.0,0
0.0056,53,0,0.3755,2906.0,2,0,0,0,1.0,0
0.6324,46,0,0.1201,1731.0,15,0,1,0,0.0,0
0.0449,42,0,0.3981,10335.0,8,0,1,0,3.0,0
0.7565,45,0,0.7755,9894.0,5,0,0,0,0.0,0
0.1257,60,0,0.596,,11,0,2,0,0.0,0
0.1961,47,0,0.2507,,4,0,1,0,0.0,0
0.6644,70,0,0.7061,5385.0,17,0,1,0,1.0,1
1.4105,33,0,0.7396,10485.0,6,0,1,0,2.0,0
0.0011,54,0,0.5051,3871.0,6,0,0,0,0.0,0
0.3661,38,0,0.6178,,9,0,3,0,1.0,0
1.0598,72,0,0.451,8507.0,6,0,2,0,1.0,0
0.3681,60,0,0.1995,,8,0,1,0,2.0,0
0.3528,37,0,0.843,5123.0,8,0,1,0,2.0,0
0.1499,61,0,0.2225,4519.0,8,0,0,0,0.0,0
0.2742,69,0,0.5086,,6,0,1,0,2.0,0
0.41,50,0,0.6099,8677.0,9,0,0,0,1.0,0
0.4155,52,0,0.7132,10874.0,6,0,0,0,0.0,0
0.3376,57,0,0.6708,3451.0,6,0,0,0,1.0,0
1.7931,52,0,0.5449,4327.0,13,0,0,0,0.0,0
1.3908,69,0,0.4032,12547.0,10,0,0,0,0.0,0
0.8237,56,0,0.6676,,5,0,0,0,3.0,1
0.0483,58,0,0.8453,14595.0,7,0,0,0,2.0,0
0.9252,61,0,0.3776,8643.0,8,0,1,0,2.0,0
0.092,57,0,0.4345,5511.0,7,0,0,0,1.0,0
6.3119,53,0,0.4734,,11,0,1,0,0.0,0
1.0778,48,0,0.7562,1435.0,11,0,0,0,0.0,0
0.4423,57,3,0.6235,9731.0,10,0,0,0,1.0,0
2.5741,58,0,0.8127,,10,0,0,0,0.0,1
0.338,58,0,0.3625,6470.0,6,0,2,0,2.0,0
0.1492,28,0,0.4472,,8,0,1,0,0.0,0
0.1952,60,0,0.5439,9541.0,10,0,1,0,0.0,0
0.2593,57,0,0.7391,6158.0,13,0,3,0,2.0,0
0.3118,61,0,0.1858,3036.0,4,0,1,0,0.0,0
0.5641,34,0,0.41,,8,0,2,0,2.0,0
0.5979,51,0,0.4652,5897.0,7,0,3,0,0.0,0
0.2451,57,0,0.1119,1293.0,7,0,1,0,,0
0.5906,54,0,0.635,2140.0,8,0,0,0,0.0,0
0.0814,62,0,0.8203,5682.0,6,0,0,0,0.0,0
3.2494,51,0,0.4813,,7,0,1,0,0.0,1
0.2345,32,0,0.737,1431.0,9,0,1,0,1.0,0
0.3059,21,0,0.3468,7850.0,10,0,1,0,0.0,0
2.8819,38,0,0.7577,,12,0,1,0,0.0,0
0.389,39,0,0.6125,4685.0,5,0,2,0,2.0,0
0.2003,67,0,0.7997,9830.0,7,0,0,0,1.0,0
0.5134,68,0,0.3627,3614.0,8,0,1,0,0.0,0
0.1774,65,0,0.4146,4272.0,12,0,1,0,2.0,0
0.6769,51,0,0.3319,,11,0,0,0,2.0,0
0.3264,30,0,0.2596,,11,0,3,0,1.0,0
0.4585,45,0,0.5099,,13,0,4,0,0.0,0
0.3673,76,0,1.3172,,9,0,1,0,2.0,0
0.0403,38,0,0.4278,,9,0,0,0,0.0,0
0.3005,60,0,0.2265,,14,0,1,0,0.0,0
0.0588,52,0,0.565,9529.0,5,0,0,0,0.0,0
0.4382,47,0,0.4801,8263.0,4,0,0,0,1.0,0
0.3319,49,0,0.1057,10829.0,6,0,2,0,0.0,0
0.1708,65,0,0.2545,3237.0,7,0,1,0,1.0,0
1.6856,29,0,0.3766,2918.0,7,0,1,0,0.0,0
0.1041,55,0,0.6107,13733.0,11,0,1,0,2.0,0
0.245,23,0,0.6311,3195.0,8,0,1,0,0.0,0
0.0247,48,0,0.3268,7838.0,9,0,4,0,,0
0.8417,61,0,0.3613,11898.0,9,0,2,0,0.0,0
0.8279,62,0,0.3888,8465.0,7,0,1,0,0.0,0
0.2284,58,0,0.3264,4466.0,7,0,0,0,1.0,0
2.0001,49,0,0.8057,8535.0,11,0,2,0,0.0,0
1.0181,60,0,0.3235,7552.0,10,0,1,0,0.0,0
0.6505,77,0,0.2379,,5,0,0,0,1.0,0
0.4076,59,0,0.6289,2230.0,5,0,1,0,2.0,0
0.5616,21,0,0.8197,,4,0,1,0,0.0,0
0.7397,57,0,0.4316,,9,0,2,0,1.0,0
0.4092,67,0,0.1067,2495.0,7,0,2,0,0.0,0
0.0793,54,0,0.2127,9034.0,7,0,2,0,2.0,0
0.6126,42,0,0.1268,7178.0,8,0,0,0,1.0,0
0.0645,69,0,0.759,32571.0,8,0,1,0,0.0,0
0.2054,50,0,0.2156,3516.0,6,0,1,0,1.0,0
0.0793,34,0,1.0298,3089.0,17,0,2,0,0.0,0
3.091,52,0,0.525,4950.0,5,0,1,0,0.0,0
0.6467,65,0,0.3407,4701.0,5,0,0,0,0.0,0
0.8459,52,0,0.5734,,5,0,1,0,0.0,1
0.1848,43,0,0.9287,7345.0,11,0,2,0,1.0,0
0.0737,60,0,0.3894,4082.0,9,0,2,0,1.0,0
0.4694,61,0,0.944,15241.0,7,0,3,0,2.0,0
0.3556,39,0,0.8968,7280.0,8,0,0,0,0.0,0
0.4428,47,0,0.9465,10975.0,5,0,1,0,1.0,0
0.1361,41,0,0.1824,3788.0,7,0,0,0,0.0,0
0.3055,55,0,0.4927,7874.0,6,0,1,0,0.0,0
0.3783,76,0,0.2765,4412.0,6,0,1,0,0.0,0
0.632,72,0,0.9762,13081.0,4,0,0,0,0.0,0
1.5082,53,0,0.1207,4445.0,10,0,0,0,0.0,0
0.5158,30,0,0.8058,,8,0,1,0,0.0,0
0.8812,53,0,0.4216,,9,0,0,0,2.0,0
0.0801,49,0,0.6305,4995.0,11,0,2,0,2.0,0
0.2029,38,0,0.8945,5543.0,6,0,1,0,1.0,0
0.0405,66,0,0.639,4970.0,9,0,1,0,2.0,0
0.3838,65,0,0.6505,6907.0,5,0,3,0,1.0,0
0.3788,53,0,0.2946,,10,0,1,0,1.0,0
0.6295,49,0,0.1718,5941.0,7,0,2,0,0.0,0
0.1531,39,0,0.6291,13861.0,2,0,0,0,0.0,0
0.0311,57,0,0.6419,9888.0,5,0,2,0,0.0,0
0.4039,62,0,0.9427,16537.0,7,0,1,0,0.0,0
0.3911,60,4,0.8131,6400.0,9,0,0,0,1.0,1
0.4169,55,1,0.7811,4475.0,8,0,1,0,0.0,0
0.0394,77,0,0.2677,4335.0,7,0,0,0,0.0,0
0.1778,58,0,0.8144,9312.0,5,1,0,2,0.0,0
0.4567,48,0,0.2759,7105.0,7,0,0,0,1.0,0
0.4339,44,0,0.8349,9647.0,9,0,2,0,1.0,0
0.0291,37,0,0.7264,4976.0,4,0,5,0,0.0,0
0.5123,82,0,0.2699,,5,0,0,0,0.0,0
0.1042,63,0,0.3041,9018.0,5,0,1,0,0.0,0
0.1817,70,3,0.4511,,12,0,1,0,2.0,0
0.2125,54,0,0.499,5773.0,9,0,3,0,1.0,0
0.7796,56,0,0.061,,9,0,1,0,0.0,0
0.2651,40,0,0.6754,,3,0,4,0,1.0,0
2.3121,48,2,0.6172,4081.0,12,0,0,0,,0
0.0135,48,0,0.6794,7877.0,3,0,1,0,0.0,0
0.0897,38,0,0.5658,6712.0,12,0,2,0,1.0,0
0.3823,59,0,0.6619,4919.0,4,0,3,0,1.0,0
2.8629,95,0,0.1796,4926.0,11,0,0,0,1.0,0
0.071,34,0,0.8145,5084.0,7,0,0,0,1.0,0
0.4981,60,0,0.4704,3723.0,11,0,0,0,0.0,0
0.2864,45,0,0.1771,5058.0,7,0,0,0,1.0,0
0.2881,56,0,0.4965,6282.0,8,0,0,0,0.0,0
0.7433,75,0,0.43,5163.0,4,0,0,0,0.0,0
0.0536,28,0,0.1309,7618.0,4,0,1,0,0.0,0
8.5112,36,0,0.4943,5312.0,4,0,0,0,2.0,1
0.4963,48,0,0.3849,8723.0,6,0,0,0,0.0,0
0.1449,52,0,0.7806,6644.0,5,0,0,0,0.0,0
0.7673,43,0,0.6413,4650.0,9,0,1,0,1.0,0
0.3917,48,0,0.4241,,16,0,1,0,3.0,0
0.7438,65,0,0.2882,3775.0,9,0,0,0,1.0,1
0.4521,36,0,0.2601,10391.0,10,0,1,0,0.0,0
0.3101,43,0,0.5664,,4,0,2,0,2.0,0
0.2349,42,0,0.5328,5312.0,5,0,1,0,1.0,0
1.9425,68,0,0.567,5056.0,9,0,1,0,0.0,1
0.3431,47,0,0.1193,10072.0,10,0,2,0,0.0,0
0.3259,44,0,0.961,7654.0,5,0,4,0,2.0,0
0.0142,48,0,0.2926,6462.0,9,0,0,0,0.0,0
0.5833,52,0,0.5158,,9,0,2,0,,0
0.0378,70,1,1.0345,,6,0,1,0,2.0,0
0.4362,58,0,0.1587,,11,0,0,0,0.0,0
0.645,79,0,0.5087,6816.0,12,0,0,0,3.0,0
2.0344,45,0,0.5414,3033.0,13,0,0,0,,0
0.7149,64,0,0.5407,,8,0,1,0,0.0,0
0.378,72,0,0.4804,7164.0,4,0,1,0,1.0,0
0.669,34,0,0.3122,,10,0,1,0,0.0,0
0.3327,32,0,0.5339,,5,0,2,0,1.0,0
0.9282,46,0,0.4658,3082.0,5,0,0,0,1.0,0
0.0316,77,0,0.4869,10533.0,10,0,1,0,1.0,0
0.0606,55,0,0.0787,7127.0,7,0,1,0,1.0,0
0.8491,56,2,0.1642,6060.0,3,0,0,0,1.0,0
0.1897,49,0,0.5314,7737.0,8,0,0,0,0.0,0
3.566,59,0,0.3442,5335.0,8,0,0,0,2.0,0
0.3179,54,0,0.3176,4563.0,5,0,2,0,0.0,0
0.5011,33,0,0.7731,4687.0,6,0,1,0,1.0,0
0.9353,21,0,0.6135,7781.0,6,0,0,0,1.0,0
0.085,70,0,0.8945,2815.0,8,0,0,0,2.0,0
0.0058,21,0,0.0971,4187.0,9,0,0,0,0.0,0
4.001,45,0,0.4148,3670.0,10,0,0,0,0.0,0
0.5543,44,0,0.2893,3523.0,8,0,1,0,0.0,1
7.7512,49,0,0.4262,5459.0,10,0,1,0,0.0,0
0.1921,51,0,0.497,5841.0,9,0,0,0,0.0,0
0.6914,71,0,0.1985,2832.0,12,0,2,0,1.0,0
0.4814,57,0,0.4958,4492.0,8,0,0,0,3.0,1
0.0387,70,0,0.6207,6343.0,17,0,2,0,0.0,0
0.8374,46,0,0.3846,,10,0,1,0,1.0,0
0.8783,50,0,0.4463,8828.0,4,0,2,0,0.0,0
0.6662,35,0,0.0367,8011.0,8,0,1,0,1.0,0
0.0383,46,0,0.2889,2607.0,8,0,0,0,0.0,0
0.179,58,0,0.352,4712.0,6,0,2,0,0.0,0
0.0932,23,0,0.935,6178.0,6,0,0,0,2.0,0
0.5209,57,0,0.8869,2204.0,12,0,0,0,1.0,0
0.3687,34,2,0.5625,4769.0,8,0,1,0,1.0,0
0.481,42,0,0.5611,,8,0,0,0,1.0,0
0.1846,66,0,0.0574,8034.0,9,0,1,0,1.0,0
0.5242,38,0,0.2485,,10,0,0,0,0.0,0
0.8351,40,0,0.6817,3485.0,9,0,1,0,2.0,0
0.3356,63,0,0.5795,6324.0,5,0,0,1,1.0,0
8.1937,54,0,0.4594,8031.0,10,0,0,0,2.0,0
0.0641,29,0,0.1714,11602.0,5,0,0,0,3.0,0
0.6942,47,0,0.33,1478.0,7,0,0,0,2.0,0
0.5119,46,0,0.4291,5284.0,12,0,0,0,1.0,0
6.0555,52,0,0.744,2267.0,8,0,2,0,1.0,0
0.194,54,0,0.866,7312.0,12,0,1,0,3.0,0
0.0903,43,0,0.6417,1868.0,3,0,3,0,0.0,0
0.3229,95,0,0.1859,6662.0,10,0,1,0,2.0,0
0.6884,47,0,0.8515,3935.0,8,0,1,0,0.0,0
0.9762,58,0,0.5524,8005.0,9,0,2,0,0.0,0
0.4454,25,0,0.3972,4845.0,13,0,1,0,1.0,0
0.44,43,0,0.3878,7100.0,8,0,1,0,2.0,0
1.7397,52,0,0.2313,6069.0,12,0,0,0,0.0,0
0.1761,34,0,1.0111,3288.0,12,0,3,0,0.0,0
0.1167,46,0,0.3435,,4,0,2,0,1.0,0
0.0694,55,0,0.7154,6311.0,6,0,2,0,1.0,0
0.692,33,0,0.5271,3391.0,8,0,2,0,0.0,0
0.1355,43,0,0.5084,3051.0,5,0,1,0,0.0,0
2.5267,52,0,0.1099,2564.0,10,0,0,0,2.0,0
6.303,61,2,0.5503,3410.0,13,0,1,0,1.0,0
0.429,61,0,0.474,2056.0,5,0,2,0,0.0,0
3.543,52,0,0.6006,5936.0,7,0,2,0,,0
0.1254,50,0,0.6852,3509.0,8,0,1,0,0.0,0
0.2043,72,0,0.745,10952.0,9,0,1,0,0.0,0
3.2773,76,1,0.461,,7,0,1,0,2.0,1
0.6178,76,0,0.7358,5342.0,10,0,1,0,0.0,0
4.5626,55,0,0.591,6437.0,9,0,2,0,1.0,0
0.1187,49,0,0.7498,4014.0,9,0,2,0,,0
0.2714,53,0,0.1089,14249.0,6,0,1,0,2.0,0
0.4796,37,0,0.3918,,10,0,1,0,0.0,0
0.0831,43,0,0.7934,3512.0,14,0,2,0,1.0,0
0.4403,48,0,0.5602,4419.0,7,0,2,0,0.0,0
0.0828,57,0,0.5508,,6,0,0,0,0.0,0
0.7741,63,0,0.6669,9902.0,5,0,1,0,1.0,0
0.1882,72,0,0.3875,4892.0,8,0,0,0,1.0,0
0.9342,75,0,0.7422,6101.0,9,0,1,0,1.0,0
0.0887,47,0,0.5679,7416.0,6,0,1,0,0.0,0
0.379,54,0,0.1325,7145.0,8,1,0,1,1.0,1
0.7932,70,0,0.8801,8087.0,5,0,1,0,2.0,0
0.7923,54,0,0.1092,,3,0,3,0,0.0,0
0.2502,37,0,0.4893,,11,0,0,0,0.0,0
0.513,66,0,0.6809,3734.0,9,0,0,0,0.0,0
2.4177,45,0,0.1527,,7,0,0,0,1.0,0
0.2187,33,0,0.6596,4611.0,14,0,1,0,3.0,0
0.4545,41,0,0.968,3428.0,6,0,3,0,3.0,0
0.9642,59,0,0.3056,5403.0,10,0,1,2,1.0,0
0.8086,55,0,0.5577,2048.0,7,0,2,0,0.0,0
0.4629,45,0,0.5421,6261.0,6,0,1,0,0.0,0
0.8209,86,0,0.4631,,10,0,1,0,0.0,0
0.0433,36,0,0.3458,3290.0,12,0,1,0,0.0,0
4.003,44,0,0.9136,3673.0,9,0,1,0,0.0,0
0.431,48,0,1.2282,7255.0,9,0,1,0,1.0,0
0.0445,33,0,0.5623,,10,0,0,0,,0
0.2325,47,0,0.9597,,9,0,2,0,2.0,0
0.4515,30,0,0.1338,3001.0,9,0,1,0,0.0,0
0.6275,61,0,0.4203,1802.0,3,0,0,0,0.0,0
0.7426,55,0,1.0537,4579.0,8,0,1,0,1.0,0
2.9374,55,2,0.0355,18076.0,9,0,0,1,0.0,0
1.2255,70,0,0.6019,19105.0,12,0,1,0,1.0,0
0.1989,51,0,0.7207,5740.0,8,0,0,0,2.0,0
0.3898,29,0,0.8086,3689.0,7,0,0,0,0.0,0
0.1748,46,0,0.4998,,11,0,2,0,1.0,0
0.638,63,0,0.2802,,4,0,1,0,1.0,0
5.9194,41,0,0.4309,4673.0,6,0,1,0,1.0,0
1.1725,54,0,0.9424,2917.0,5,0,1,0,1.0,0
1.0318,41,2,0.8234,4550.0,5,0,1,1,1.0,0
0.3511,40,0,0.566,5965.0,3,0,3,0,0.0,0
0.256,53,0,0.657,12142.0,3,0,2,0,1.0,0
0.2671,67,0,0.1249,7644.0,11,0,1,0,2.0,0
1.5609,44,0,0.3227,6728.0,10,0,3,0,1.0,0
0.0746,70,0,0.2455,,5,0,1,0,1.0,0
0.089,50,0,0.7212,13979.0,14,0,1,0,2.0,0
0.565,45,0,0.4538,7134.0,6,0,1,0,0.0,0
0.2967,39,0,0.324,,14,0,1,0,1.0,0
0.1171,53,0,0.5892,5107.0,5,0,0,0,0.0,0
1.6467,53,0,0.4177,2791.0,8,0,1,0,0.0,0
0.4154,46,0,0.7617,7311.0,3,0,1,0,1.0,0
0.1605,38,0,0.6508,2817.0,20,0,1,0,0.0,0
0.1571,21,0,0.1934,5012.0,8,0,1,0,1.0,0
0.1754,47,0,0.3452,5618.0,9,0,0,0,0.0,0
0.6236,52,0,0.308,2920.0,11,0,0,0,0.0,0
0.6023,72,0,0.7479,7998.0,8,0,0,0,1.0,0
0.7177,52,0,0.1579,3703.0,5,0,1,0,0.0,0
0.5334,67,0,0.8287,,6,0,1,0,3.0,1
0.59,43,0,0.5507,6278.0,4,0,1,0,1.0,0
5.7712,39,0,0.4991,,4,0,2,0,,1
0.4475,21,0,1.0015,12040.0,1,0,3,0,1.0,0
0.6547,47,1,0.5517,11706.0,6,0,2,0,1.0,0
0.5168,66,0,0.6766,11856.0,7,0,1,0,1.0,0
0.1213,22,0,0.8704,3547.0,9,0,2,0,0.0,0
0.7576,51,0,0.3594,,8,0,0,0,1.0,0
1.3959,62,1,0.8512,6361.0,7,0,2,0,1.0,0
0.1332,35,1,0.5297,6217.0,10,0,0,0,0.0,0
0.4069,59,0,0.4832,6664.0,10,0,1,0,0.0,0
0.3901,42,0,0.2714,7202.0,9,0,0,0,1.0,0
2.4763,75,1,0.2748,11224.0,9,0,0,1,1.0,0
0.5626,35,0,0.3723,7629.0,11,0,3,0,1.0,0
0.0571,65,0,0.4435,13276.0,5,0,1,0,0.0,0
0.0611,22,0,0.4501,,9,0,3,0,1.0,0
2.7057,64,0,0.0745,,9,0,0,0,0.0,0
0.5532,49,0,0.2438,4791.0,10,0,1,0,1.0,0
0.2243,58,0,0.5078,4810.0,10,0,1,0,1.0,0
0.4912,29,0,0.8533,5882.0,6,0,3,0,0.0,0
0.3098,46,0,0.8659,,13,0,1,0,0.0,0
0.2279,62,0,0.5925,,14,0,1,0,0.0,0
0.525,51,0,0.2465,5605.0,6,0,1,0,2.0,0
0.3173,42,0,0.6914,29665.0,9,0,1,0,1.0,0
0.2352,72,1,0.9005,8822.0,4,0,0,0,2.0,0
1.3143,52,0,0.0862,4718.0,4,0,2,0,1.0,0
0.068,64,0,0.3108,,10,0,1,0,1.0,0
0.1864,31,0,0.4156,2423.0,11,0,1,0,1.0,0
0.2397,48,0,0.966,2895.0,9,0,0,0,0.0,0
0.1825,40,0,0.9761,2202.0,8,0,1,0,1.0,0
2.7962,44,0,0.2262,8315.0,9,0,1,0,0.0,0
0.4269,84,0,0.645,6207.0,7,0,1,0,0.0,0
4.5861,63,3,0.5895,6449.0,5,0,1,0,0.0,0
0.1665,51,0,0.823,3635.0,4,0,1,0,0.0,0
0.5854,47,0,0.355,2865.0,7,0,2,0,2.0,0
0.5113,32,0,0.6459,3254.0,9,0,1,0,2.0,0
0.6006,36,1,0.5074,1565.0,6,0,2,0,1.0,0
0.5384,61,0,0.7118,4685.0,6,0,2,0,0.0,0
1.2245,49,2,0.3743,4025.0,7,0,0,1,1.0,0
0.6158,45,0,0.018,3867.0,13,0,2,0,1.0,0
0.6642,21,0,0.7103,2282.0,11,0,1,0,,0
0.322,49,0,0.1039,2808.0,7,0,0,0,0.0,0
0.8751,89,0,0.5561,,8,0,0,0,0.0,0
6.0941,61,1,0.25,,12,0,0,1,1.0,0
0.2171,45,0,0.6989,,13,0,3,0,1.0,0
0.0507,54,0,0.4827,,9,0,2,0,0.0,0
0.2639,43,0,0.6236,4214.0,9,0,0,0,1.0,0
0.6391,78,0,0.3621,5329.0,10,0,0,0,0.0,0
0.0349,65,0,0.7769,6845.0,5,0,1,0,0.0,0
0.4704,56,0,0.2595,7260.0,9,0,3,0,,0
0.7235,43,0,0.3006,10565.0,7,0,0,0,1.0,0
5.463,62,0,0.1911,,10,0,0,0,1.0,0
0.7393,58,0,0.3756,,8,0,3,0,1.0,0
0.628,60,0,0.664,2202.0,7,0,1,0,0.0,0
0.5813,60,0,0.5661,2023.0,5,0,1,0,2.0,0
0.2178,51,0,0.269,5762.0,8,0,1,0,2.0,0
0.0597,29,0,0.7775,3494.0,6,0,2,0,1.0,0
0.3857,54,0,0.738,7292.0,8,0,1,0,0.0,0
0.4558,45,0,0.9704,5106.0,7,1,0,0,1.0,0
0.2878,33,1,0.7038,5439.0,9,0,1,0,0.0,0
0.15,27,0,0.3775,2853.0,8,0,1,0,0.0,0
0.1559,49,0,0.5605,10561.0,10,0,0,0,3.0,0
0.2867,34,0,0.7765,3677.0,7,0,1,0,0.0,0
0.4045,28,0,0.4233,5282.0,9,0,1,0,0.0,0
0.4793,64,0,0.8797,,11,0,0,0,2.0,1
0.3016,68,0,0.2583,6224.0,8,0,1,0,0.0,0
0.5172,63,0,0.8641,7668.0,10,0,0,0,1.0,0
0.0737,68,0,0.6514,2466.0,6,0,0,0,1.0,0
0.3898,34,0,0.0622,4700.0,9,0,2,0,1.0,0
0.0862,49,0,0.3548,,10,0,2,0,0.0,0
0.3119,52,0,0.089,2746.0,8,0,1,0,2.0,0
0.4173,57,0,0.4612,10368.0,9,0,0,0,1.0,0
0.0229,53,0,0.2655,,11,0,0,0,1.0,0
0.0688,29,0,0.4979,4873.0,6,0,1,0,0.0,0
0.0608,43,0,0.2823,3387.0,9,0,1,0,0.0,0
1.4628,53,0,0.7617,8971.0,8,0,1,0,1.0,0
3.2888,46,0,0.3515,17033.0,7,0,0,0,,0
0.0959,61,0,0.3366,2431.0,9,0,1,0,,0
0.4589,58,0,0.4103,,11,0,0,0,1.0,0
2.2323,76,0,0.1205,13625.0,8,0,1,0,1.0,1
0.91,60,0,0.581,3958.0,7,0,2,0,1.0,0
0.2175,69,0,0.8443,6098.0,4,0,0,0,0.0,0
0.3759,41,0,0.0382,8023.0,11,0,1,0,1.0,0
0.0208,73,0,0.4503,11085.0,13,0,1,0,0.0,0
9.747,70,0,0.4546,8394.0,6,0,1,0,1.0,0
3.4371,49,0,0.2853,3459.0,2,0,0,0,1.0,0
0.7609,46,0,0.0477,3153.0,7,0,2,0,0.0,0
0.3071,48,0,0.3826,,7,0,0,0,0.0,0
0.6091,30,0,0.6039,3248.0,8,1,0,0,2.0,0
0.0036,39,0,0.1796,,7,0,4,0,1.0,0
0.261,59,0,0.4163,14367.0,11,0,1,0,0.0,0
0.3355,69,0,0.2098,9734.0,5,0,1,0,0.0,0
0.6208,64,0,0.2788,6269.0,8,0,1,0,0.0,0
0.3012,38,0,0.4328,,6,0,0,0,0.0,0
0.6423,69,0,0.284,4415.0,6,0,2,0,0.0,0
0.4699,66,0,0.2769,3843.0,5,0,0,0,1.0,0
0.1562,56,0,0.5824,6261.0,6,0,0,0,1.0,0
0.2984,70,0,0.3939,3324.0,10,0,1,0,1.0,0
0.6082,86,0,0.3957,5851.0,8,0,1,0,1.0,0
0.5029,49,0,0.4802,1986.0,10,0,0,0,0.0,0
0.4337,47,0,0.2434,,8,0,0,0,1.0,0
0.7957,44,0,0.8738,18499.0,8,0,0,0,0.0,0
3.2779,47,0,0.5606,,8,0,2,0,1.0,0
0.4288,64,0,0.9788,9099.0,12,0,1,0,1.0,0
2.5642,31,0,0.7203,4008.0,15,0,1,0,2.0,0
3.7268,31,2,0.3248,4082.0,7,0,0,3,1.0,0
0.6497,58,0,0.8224,5064.0,3,0,3,0,1.0,0
0.0247,50,0,0.0079,,6,0,1,0,2.0,0
0.108,67,0,0.3818,4284.0,10,0,1,0,1.0,0
0.3704,33,0,0.4027,5561.0,7,0,0,0,2.0,0
1.8368,46,0,0.6192,3291.0,4,0,2,0,2.0,0
0.1042,49,0,0.2619,3548.0,5,0,2,0,0.0,0
0.2108,62,0,0.5339,10968.0,6,0,0,0,1.0,0
0.333,50,0,0.7435,,9,0,0,0,0.0,0
0.6899,40,0,0.2903,2712.0,8,0,0,0,0.0,0
0.4115,58,0,0.4546,,9,0,1,0,0.0,0
0.4667,52,0,0.6128,,6,0,4,0,1.0,0
8.6637,45,0,0.2624,4924.0,12,0,1,0,0.0,0
0.5523,34,0,0.4517,3904.0,8,0,4,0,3.0,0
1.1885,65,0,1.0773,6086.0,3,0,1,0,1.0,0
0.089,48,0,0.6502,,9,0,0,0,2.0,0
0.0079,52,0,0.6274,3339.0,5,0,2,0,1.0,0
0.2269,60,0,0.5534,5790.0,8,0,0,0,3.0,0
0.7284,38,0,0.1851,3241.0,10,0,0,0,0.0,0
0.9811,61,0,0.5066,,8,0,2,0,0.0,0
4.9313,62,0,0.098,5491.0,8,0,0,0,2.0,0
0.3814,42,0,0.6862,3753.0,8,0,0,0,1.0,0
0.1094,46,1,0.2475,9706.0,5,0,2,0,2.0,1
0.2412,40,0,0.6075,,9,0,0,0,1.0,0
2.2869,48,0,0.1501,3665.0,9,0,1,0,1.0,0
0.0161,60,0,0.2199,4648.0,10,0,1,0,0.0,0
0.5264,34,0,0.2893,5460.0,5,0,1,0,0.0,0
1.9866,52,0,0.555,,8,0,1,0,1.0,0
0.3512,55,0,0.5323,7321.0,11,0,1,0,1.0,0
0.571,59,0,0.381,16166.0,9,0,0,0,2.0,0
0.9338,35,0,0.695,4513.0,1,0,3,0,1.0,0
0.661,44,0,0.2064,4770.0,11,0,0,0,1.0,0
0.1239,51,0,0.6866,2874.0,11,0,2,0,1.0,0
0.5097,41,0,0.0921,,9,0,2,0,1.0,0
2.5377,30,0,0.6349,4800.0,9,0,2,0,0.0,0
0.6809,68,0,0.3979,4027.0,12,0,1,0,2.0,0
0.1,47,0,0.414,14137.0,4,0,1,0,1.0,0
0.1784,48,0,0.0984,8046.0,8,0,1,0,0.0,1
2.3391,52,0,0.171,,6,0,1,0,1.0,0
0.5879,70,0,0.6201,3331.0,5,0,0,0,0.0,1
0.4471,65,0,0.388,,7,0,3,0,3.0,0
0.6704,57,0,0.6713,8241.0,6,0,1,0,0.0,0
0.4506,27,0,0.2961,5670.0,8,0,0,0,1.0,0
0.0368,76,0,0.4471,,6,0,0,0,1.0,0
1.0173,52,0,0.5416,6587.0,6,0,2,0,0.0,0
0.0917,24,0,0.584,2065.0,5,0,1,0,3.0,1
4.9814,64,0,1.178,5341.0,5,0,2,0,1.0,1
0.3801,38,0,0.4744,11901.0,4,0,0,0,0.0,0
0.1058,42,0,0.3547,1960.0,8,0,1,0,0.0,0
0.7366,40,0,0.7869,,10,0,1,0,0.0,0
0.0967,21,0,0.7161,4569.0,9,0,0,0,0.0,0
0.0296,47,0,0.8638,3236.0,9,0,1,0,0.0,0
0.5081,66,0,0.7444,6898.0,7,0,0,0,0.0,0
0.399,51,0,0.4836,6686.0,10,0,1,0,3.0,0
1.3909,44,0,0.5121,8179.0,6,0,4,0,1.0,0
0.0738,43,0,1.0852,,11,0,1,0,0.0,0
0.3834,46,0,0.1951,2523.0,12,0,0,0,1.0,0
0.2865,35,0,0.494,,10,0,0,0,0.0,0
0.1375,58,0,0.1991,1627.0,5,0,1,0,1.0,0
0.4256,63,0,0.2336,6447.0,13,0,1,0,1.0,0
0.9245,64,0,0.1519,5189.0,9,0,3,0,2.0,0
0.8264,62,0,0.3718,21728.0,6,0,0,0,,0
0.3461,59,0,0.6686,,6,0,0,0,1.0,0
0.5755,48,0,0.4832,4574.0,7,0,0,0,0.0,0
0.1004,60,0,0.1514,8395.0,10,0,1,0,1.0,0
0.0815,56,0,0.1058,4868.0,14,0,0,0,1.0,0
1.0312,30,0,0.8711,5293.0,4,0,4,0,2.0,0
1.1007,44,0,0.6637,11432.0,7,0,0,0,0.0,0
0.4822,58,0,0.1404,4105.0,3,0,1,0,0.0,0
0.1011,56,0,0.5777,16200.0,12,0,1,0,2.0,0
0.4282,43,0,0.1335,4266.0,6,0,0,0,1.0,0
0.2084,48,0,0.2325,6477.0,9,0,5,0,0.0,0
0.0782,47,0,0.6273,4814.0,11,0,0,0,1.0,0
0.8296,52,0,0.2791,4732.0,12,0,2,0,0.0,0
0.0113,66,0,0.495,6288.0,6,0,3,0,0.0,0
0.3653,75,0,0.3797,,6,0,1,0,1.0,0
0.4939,58,0,0.1762,11704.0,11,0,2,0,1.0,0
6.6756,22,0,0.3788,8845.0,4,0,2,0,0.0,0
0.4099,38,0,0.6898,15674.0,8,0,0,0,0.0,0
0.4313,51,0,0.4611,9293.0,9,0,1,0,2.0,0
0.7446,70,0,0.215,3618.0,12,0,0,0,0.0,0
2.2183,72,0,0.8118,5027.0,6,0,0,0,1.0,0
0.2799,69,1,0.3141,5783.0,7,0,2,0,2.0,0
0.1473,44,0,0.9394,3319.0,7,0,0,0,1.0,0
4.8111,49,0,0.1907,4237.0,7,0,1,0,0.0,0
2.9369,66,0,0.2682,4038.0,6,0,0,0,0.0,0
0.4695,21,0,0.6466,,10,0,0,0,0.0,0
0.4446,43,0,0.4259,11238.0,8,0,1,0,1.0,0
0.7576,74,0,0.4344,6645.0,1,0,3,0,0.0,0
0.7091,57,0,0.5996,5868.0,8,0,2,0,0.0,0
0.0216,51,0,0.2762,,11,0,0,0,1.0,0
0.5088,55,0,0.8267,4963.0,3,0,2,0,3.0,0
0.4092,81,0,0.505,2104.0,13,0,1,0,3.0,0
0.2655,58,0,0.357,,9,0,2,0,1.0,0
0.5317,65,1,1.0026,,10,0,1,0,2.0,0
0.8655,67,0,0.5795,3756.0,3,0,1,0,0.0,0
0.2196,90,0,0.6507,2546.0,7,0,1,0,0.0,0
0.3938,52,0,0.8764,4641.0,13,0,0,0,1.0,0
1.7485,58,2,1.1057,3162.0,9,0,2,0,0.0,0
0.356,62,0,1.0868,3698.0,11,0,1,0,1.0,0
0.3517,39,0,0.3867,5624.0,12,0,3,0,0.0,0
0.5826,77,0,0.2444,8111.0,8,0,1,0,0.0,0
0.2815,48,0,0.6003,6570.0,4,0,0,0,2.0,0
0.1448,39,0,0.7323,,5,0,0,0,2.0,0
0.2258,56,0,0.6567,13027.0,7,0,0,0,1.0,0
0.6152,34,0,0.3658,,9,0,0,0,0.0,0
0.4986,47,0,0.9197,7437.0,7,0,2,0,1.0,0
0.0123,58,1,0.3413,5154.0,12,0,0,0,1.0,0
0.9084,28,0,0.7014,7238.0,7,0,0,0,1.0,0
0.0765,55,0,0.3745,4838.0,12,0,4,0,2.0,0
4.7918,35,0,0.8917,,10,0,2,0,1.0,0
0.5827,54,0,0.1942,2567.0,7,0,1,0,2.0,0
0.6265,55,0,0.4929,2425.0,9,0,2,0,1.0,1
3.8223,52,0,0.2116,3623.0,7,0,0,0,1.0,0
0.4702,51,0,1.0668,13066.0,7,0,2,0,3.0,0
0.2133,69,0,0.8222,4426.0,6,0,1,0,0.0,0
0.6367,24,0,0.8267,7418.0,8,0,0,0,0.0,0
0.9697,50,0,0.3649,8547.0,8,0,1,0,0.0,0
0.459,60,0,0.6429,,4,0,0,0,2.0,0
2.0064,77,0,0.3671,5658.0,11,0,2,0,0.0,0
1.3037,44,0,0.6444,,8,0,1,0,1.0,0
0.2587,52,0,0.1057,,10,0,1,0,0.0,0
0.8861,72,0,0.307,4969.0,9,0,2,0,0.0,1
0.121,49,0,0.2818,3283.0,9,0,0,0,0.0,0
0.3221,67,0,0.7238,,14,0,1,0,1.0,0
1.1711,64,0,0.6736,7158.0,11,0,2,0,1.0,0
0.0816,71,0,0.83,2606.0,7,0,0,0,1.0,0
2.5207,44,0,1.0778,5815.0,8,0,3,0,0.0,0
6.0777,45,0,0.2731,8817.0,10,0,0,0,2.0,0
0.4535,28,0,0.0302,5312.0,6,0,0,0,0.0,0
0.9708,44,0,0.0502,,5,0,0,0,0.0,0
0.4363,56,0,0.1408,9350.0,9,0,0,0,0.0,0
0.9477,69,0,0.6059,6427.0,7,0,1,0,0.0,0
0.3517,56,1,0.3834,3973.0,13,0,2,0,0.0,0
6.6489,59,1,0.8028,3964.0,8,0,1,0,0.0,0
4.1351,38,0,0.4422,3138.0,9,0,1,0,1.0,0
5.4147,24,0,0.1566,,6,0,0,0,0.0,0
0.1401,70,2,0.29,9397.0,12,0,2,0,0.0,0
0.5315,62,0,0.5269,,8,0,1,0,1.0,0
0.2539,64,0,0.7362,,8,0,1,0,1.0,0
0.4957,30,0,0.1818,2288.0,7,0,1,0,1.0,0
0.3024,42,0,0.2366,,8,0,1,0,1.0,0
0.4533,39,0,0.5413,,14,0,1,0,1.0,0
0.2925,47,0,0.7008,2674.0,7,0,1,0,2.0,0
0.2275,61,0,0.4512,,17,0,0,0,0.0,0
0.7189,64,0,0.3291,,10,0,1,0,0.0,0
0.2422,60,0,0.3611,2031.0,9,0,0,0,3.0,0
0.9985,43,0,0.6521,12096.0,9,0,0,0,1.0,0
4.4892,51,0,0.3066,2128.0,15,0,2,0,1.0,0
0.0045,58,0,1.3206,6610.0,7,0,0,0,2.0,0
0.441,34,2,0.1227,13946.0,10,1,0,0,0.0,0
0.0338,46,0,0.5521,3899.0,9,0,2,0,0.0,0
1.7825,50,0,0.2165,3227.0,9,0,2,0,0.0,0
0.7062,56,0,0.4011,13045.0,4,0,0,0,1.0,0
0.4744,57,0,0.3772,7337.0,6,0,1,0,0.0,0
0.4167,29,0,0.1402,5164.0,7,0,0,0,0.0,0
0.4203,34,0,0.3357,5236.0,5,0,2,0,1.0,0
0.1063,35,0,0.5865,7647.0,7,0,0,0,0.0,0
0.133,62,0,0.5634,4622.0,8,0,0,0,2.0,0
0.3799,39,0,0.5864,6881.0,11,0,1,0,1.0,0
0.3323,43,0,0.5414,10756.0,4,0,3,0,,0
0.2261,28,0,1.0384,6166.0,4,0,0,0,0.0,0
0.1455,62,0,0.9479,2557.0,11,0,0,0,1.0,0
0.5051,51,0,0.0934,4821.0,6,0,2,0,0.0,1
0.1403,78,0,0.0479,14146.0,7,0,1,0,1.0,0
0.2406,21,0,0.435,2644.0,7,0,2,0,1.0,0
0.1677,33,0,0.2166,1396.0,8,0,1,0,1.0,0
1.0496,57,0,0.2492,1845.0,7,0,1,0,0.0,0
0.303,77,0,0.7697,4919.0,9,0,1,0,0.0,0
0.721,34,0,0.5544,9693.0,9,0,0,0,2.0,0
0.3145,23,0,0.2452,10925.0,9,0,2,0,0.0,0
0.2606,51,0,0.3528,9080.0,13,0,3,0,2.0,0
0.0642,42,0,0.9452,3713.0,6,0,2,0,1.0,0
0.516,56,0,0.2264,5753.0,8,0,0,0,0.0,0
0.0247,76,0,0.5065,,6,0,1,0,0.0,0
0.8492,44,0,0.5225,3682.0,7,0,0,0,0.0,1
2.432,48,0,0.6706,3320.0,9,0,1,0,1.0,1
0.0595,48,0,0.7228,9228.0,5,0,4,0,1.0,0
0.1446,60,0,0.6404,2049.0,13,0,1,0,0.0,0
0.0786,50,1,0.5724,4707.0,5,0,2,0,1.0,0
0.0597,39,0,0.2444,2026.0,7,0,0,0,0.0,0
0.4205,67,0,0.4019,,8,0,2,0,1.0,0
5.2336,33,0,0.8575,7376.0,9,0,1,0,0.0,0
0.0033,45,0,0.4952,7793.0,4,0,1,0,3.0,0
0.5655,48,0,0.6167,6891.0,5,0,1,0,0.0,0
0.7164,32,0,0.2033,6492.0,9,0,0,0,0.0,0
0.2212,67,0,0.0702,,7,0,2,0,1.0,0
0.4843,43,0,0.1749,4168.0,8,0,0,0,3.0,0
0.8442,38,0,0.6585,5863.0,9,0,2,0,1.0,0
0.1133,73,0,0.2653,,7,0,1,0,0.0,0
0.0264,55,0,0.7872,,7,0,1,0,0.0,0
0.595,42,0,0.0511,14046.0,10,0,1,0,0.0,0
0.2854,50,0,0.3802,3763.0,9,0,3,0,3.0,0
1.3003,54,0,0.5111,,10,0,2,0,0.0,0
0.3844,53,0,0.9874,,11,0,1,0,,0
0.0797,57,0,0.3709,3724.0,12,0,2,0,2.0,0
0.1809,53,0,0.3735,7896.0,8,0,2,0,0.0,0
0.2937,76,0,0.6641,6620.0,7,0,0,0,0.0,0
0.2253,57,0,0.9546,3683.0,8,0,2,3,0.0,0
0.0156,58,0,0.1138,5810.0,7,0,0,0,1.0,0
1.0474,37,0,0.771,2162.0,10,1,3,0,1.0,0
0.0624,52,0,0.2582,6379.0,13,0,1,0,0.0,0
0.2434,31,0,0.2438,3563.0,4,0,2,0,0.0,0
0.6565,62,0,0.5653,2290.0,7,0,0,0,2.0,0
2.5897,55,0,0.2445,3999.0,6,0,1,0,1.0,0
2.2205,54,2,0.328,3335.0,11,0,2,0,1.0,0
0.0898,65,0,0.4211,,9,0,0,0,1.0,0
4.5063,69,3,0.7372,,6,0,0,0,3.0,0
0.6167,28,0,0.9319,1788.0,5,0,2,0,0.0,0
0.7098,45,0,0.2678,3414.0,11,0,1,0,2.0,0
0.2086,53,0,0.0617,,8,0,3,0,1.0,0
1.9917,36,0,0.4001,,11,0,0,0,0.0,0
0.0329,59,0,0.3003,8620.0,8,0,1,0,0.0,0
0.2607,61,0,0.1405,2782.0,8,0,2,0,0.0,0
0.3584,47,0,0.3711,,7,0,0,0,0.0,0
0.4131,61,0,0.8618,5012.0,3,0,3,0,2.0,0
4.6539,52,0,0.7832,2887.0,6,0,2,0,1.0,1
0.6584,37,0,0.1789,3928.0,11,0,1,0,0.0,0
2.1036,50,1,0.1009,18693.0,10,0,0,2,0.0,0
0.3888,30,0,0.5424,12526.0,9,0,2,0,0.0,0
0.0393,52,0,0.1826,8726.0,6,0,0,0,1.0,0
0.5442,61,0,0.7678,,15,0,0,0,0.0,1
1.9286,61,0,0.2123,2941.0,3,0,1,0,3.0,0
0.4975,48,0,0.3772,2500.0,9,0,0,0,0.0,0
0.5877,48,0,0.3097,,10,0,1,0,1.0,0
0.259,64,0,0.9306,5239.0,7,0,3,0,1.0,0
0.9679,43,0,0.6455,4689.0,10,0,0,0,1.0,0
0.0876,39,0,0.0251,,14,0,3,0,,0
2.4687,75,1,0.0772,22647.0,8,0,3,0,1.0,0
0.0619,43,0,0.3288,5047.0,8,0,1,0,0.0,0
0.1368,36,0,1.1952,2499.0,8,0,1,0,0.0,0
0.1391,58,0,0.4865,,7,0,0,0,2.0,0
3.7974,38,0,0.2876,7883.0,8,0,1,0,1.0,0
0.693,67,0,0.5641,12777.0,7,0,0,0,0.0,0
0.4946,45,0,0.5999,5822.0,6,0,1,0,1.0,0
0.1811,46,0,0.7526,11693.0,8,0,1,0,2.0,0
0.4739,58,3,0.1164,5273.0,6,0,0,0,0.0,0
2.8854,75,0,0.3457,,10,0,0,0,4.0,0
0.1802,57,0,0.6362,1120.0,5,0,0,0,1.0,0
0.0304,56,0,0.3924,5567.0,2,0,2,0,0.0,0
0.6856,52,0,0.8283,9386.0,7,0,1,0,1.0,0
0.1771,79,0,0.728,7349.0,8,0,2,0,0.0,0
4.4917,59,0,0.3061,14172.0,9,0,0,0,1.0,0
0.4715,38,0,0.4377,3489.0,9,0,1,0,1.0,0
0.0014,35,0,1.0304,,7,0,0,0,1.0,0
0.1072,60,0,0.2636,6732.0,6,0,1,0,0.0,0
0.0821,57,0,0.3246,4479.0,9,0,2,0,0.0,0
0.4868,48,3,0.6458,5785.0,5,0,0,0,0.0,0
0.2738,32,1,0.7356,,10,0,0,1,0.0,0
0.0924,56,0,0.6841,5907.0,5,0,2,0,1.0,0
0.2121,43,0,0.5061,3286.0,11,0,2,0,2.0,0
0.3683,40,0,0.2532,,11,0,1,0,0.0,0
0.1231,66,0,0.4294,12544.0,4,0,1,0,0.0,0
0.3737,47,0,0.2322,2721.0,11,0,1,0,0.0,0
0.0454,42,0,1.2481,,5,0,0,0,2.0,0
0.5631,51,0,0.7361,,2,0,0,0,1.0,0
0.2678,49,0,0.783,,10,0,1,0,1.0,0
0.0708,61,1,0.63,,6,0,0,0,1.0,0
0.383,50,0,0.7395,4377.0,10,0,1,0,1.0,0
0.8377,47,0,0.3021,12483.0,2,0,0,0,0.0,0
1.3539,71,1,0.6073,7211.0,5,0,0,0,1.0,0
0.4974,58,0,0.3514,,9,0,1,0,0.0,0
0.9902,64,0,0.5602,8435.0,5,0,3,0,1.0,0
0.131,63,0,0.135,,8,0,1,0,,0
0.5342,47,0,1.1573,2470.0,5,0,1,0,2.0,1
3.2575,51,0,0.5976,4127.0,5,0,2,0,1.0,0
0.0342,53,0,0.6308,4195.0,11,0,1,0,1.0,0
0.8884,76,0,0.5167,,9,0,1,0,0.0,0
0.5098,28,0,0.0132,19551.0,8,0,1,0,3.0,0
0.1262,50,0,0.379,4470.0,10,0,1,0,1.0,0
0.5825,54,0,0.1682,6918.0,8,0,1,0,0.0,0
0.3151,34,0,0.6569,12642.0,12,0,1,0,0.0,0
1.3408,28,0,0.3616,4345.0,14,0,0,0,1.0,0
0.7742,44,0,0.3602,6471.0,10,0,2,0,3.0,0
0.3963,56,0,0.0275,2277.0,9,0,0,0,1.0,0
0.5044,62,0,0.4512,11205.0,5,0,0,0,0.0,0
0.8336,69,0,0.183,15356.0,6,0,0,0,1.0,0
0.03,57,0,0.6767,16080.0,10,0,2,0,0.0,0
0.0543,45,0,0.9363,,11,0,0,0,0.0,0
2.1532,52,0,0.3747,7421.0,5,0,1,0,1.0,0
0.5933,45,0,0.8795,1391.0,6,0,1,0,2.0,0
0.4557,57,0,0.2296,8385.0,7,0,3,0,0.0,0
0.9378,47,0,0.4625,,6,0,1,0,0.0,1
0.081,50,0,0.2092,2568.0,12,0,0,0,2.0,0
0.6638,60,0,0.478,,3,0,2,0,0.0,0
1.5431,41,0,0.6056,3974.0,9,0,1,0,0.0,1
0.3816,67,0,0.3801,3603.0,10,0,0,0,1.0,0
0.4392,35,0,1.2098,3753.0,10,0,1,0,,0
0.0075,56,0,0.4761,8265.0,8,0,2,0,0.0,0
0.2809,41,0,0.0653,8706.0,12,0,3,0,1.0,0
0.3318,69,0,0.6899,8628.0,10,0,0,0,0.0,0
0.5023,49,5,0.3237,,7,0,0,1,0.0,0
0.3392,53,0,0.3708,4329.0,8,0,0,0,1.0,0
0.0999,49,0,0.4939,5021.0,7,0,1,0,1.0,0
0.0981,58,2,0.571,5065.0,6,0,1,1,0.0,0
0.1909,50,0,0.3937,2797.0,7,0,3,0,1.0,0
0.0451,31,0,0.346,4248.0,8,0,2,1,0.0,0
0.3199,49,0,0.2364,,10,0,0,0,,0
0.7264,65,0,0.7095,3080.0,5,0,1,0,1.0,1
0.866,53,0,0.6989,6911.0,12,0,1,0,1.0,0
0.8095,26,0,0.2263,,6,0,1,0,0.0,0
0.3982,54,0,0.4994,,7,0,1,0,0.0,0
0.0717,52,0,1.117,3668.0,13,0,0,0,1.0,0
5.2887,61,0,0.4501,5912.0,4,0,0,0,0.0,0
0.4981,64,0,0.3948,4338.0,9,0,1,0,0.0,0
0.5332,41,0,0.121,3639.0,12,0,0,0,1.0,0
0.5029,49,0,0.6805,7677.0,6,0,1,0,0.0,0
0.521,39,0,0.5051,3529.0,3,0,0,0,0.0,0
0.229,50,0,0.3411,1722.0,4,2,1,0,2.0,0
0.3065,45,0,0.2492,3649.0,9,0,3,0,1.0,0
0.2961,49,0,0.2322,,12,0,0,0,0.0,0
0.5687,46,0,0.352,2420.0,5,0,2,0,1.0,0
0.4365,60,0,0.3548,7650.0,9,0,1,0,0.0,0
1.3566,77,0,0.3784,6221.0,6,0,1,0,1.0,0
0.8479,47,0,0.6123,,10,0,2,0,2.0,1
10.659,61,0,0.5888,5128.0,11,0,0,0,0.0,0
0.3694,44,0,0.8593,3243.0,7,0,0,0,2.0,0
0.5759,21,0,0.4576,,10,0,0,0,0.0,0
2.606,54,0,0.3705,,8,0,0,0,3.0,0
0.4381,55,0,1.1916,,9,0,1,0,1.0,0
12.0506,77,0,0.4801,5284.0,13,0,1,0,2.0,1
0.4223,60,0,0.4985,,10,0,0,0,2.0,0
0.407,47,0,0.191,3990.0,12,0,0,0,0.0,0
0.0225,28,0,0.7266,,5,0,1,0,,0
2.5798,56,0,0.2983,3146.0,10,0,0,0,1.0,0
0.2317,65,0,0.6506,6064.0,8,0,2,0,1.0,0
0.0491,88,0,0.7039,4653.0,7,0,1,0,0.0,0
1.6895,53,0,0.0548,9718.0,8,0,1,0,2.0,0
0.1908,63,0,0.1575,9516.0,7,0,0,0,2.0,0
0.5086,53,0,0.2188,3393.0,6,0,1,0,0.0,0
0.6735,61,0,0.2235,9896.0,9,0,1,0,2.0,0
0.2025,56,0,0.851,2600.0,3,0,1,0,2.0,0
1.6664,34,0,0.381,10627.0,8,0,2,0,1.0,0
0.5097,53,0,0.2962,9542.0,4,0,0,0,0.0,0
0.014,48,0,0.6365,3636.0,4,0,1,0,1.0,0
2.716,54,0,0.2482,3790.0,9,0,2,0,2.0,0
0.4046,64,0,0.486,8265.0,10,0,0,0,1.0,0
5.1866,63,0,0.646,10842.0,8,0,1,1,0.0,0
0.6279,46,0,0.2583,3755.0,7,0,1,0,0.0,0
0.1174,54,0,0.5609,5266.0,12,0,2,0,0.0,0
0.3265,42,0,0.9751,10874.0,7,0,0,0,0.0,0
0.5184,35,0,0.143,6659.0,11,0,0,0,0.0,0
2.8703,43,0,0.3959,4309.0,6,0,0,0,1.0,0
0.2591,49,0,0.839,8554.0,7,0,0,0,0.0,0
0.2937,58,0,1.1034,3698.0,9,0,2,0,1.0,0
0.6112,92,2,0.1204,24950.0,8,1,0,0,,0
0.7907,58,0,0.7409,7503.0,6,0,1,0,0.0,0
0.3226,37,0,0.6112,,11,0,2,0,2.0,0
0.4374,55,0,0.7226,20243.0,12,0,2,0,0.0,0
0.1954,49,0,0.703,1897.0,10,0,1,0,1.0,0
3.19,69,0,0.3748,5103.0,13,0,0,0,0.0,0
0.3571,44,0,0.3117,3011.0,10,0,2,0,0.0,0
0.0115,57,0,0.7429,988.0,13,0,0,0,3.0,0
0.824,67,0,0.3737,8696.0,6,0,1,0,1.0,0
0.8171,51,0,0.7974,5463.0,2,0,2,0,1.0,0
0.337,43,0,0.3443,3984.0,10,0,1,0,0.0,0
3.9705,65,0,0.3894,5948.0,6,0,1,0,,0
0.2228,49,0,0.3673,5392.0,8,0,0,0,3.0,0
0.2733,75,0,0.7132,4794.0,4,0,1,0,1.0,0
0.911,50,0,0.4844,7047.0,8,0,1,0,0.0,0
0.8484,50,0,0.7416,7258.0,3,0,0,0,1.0,0
0.6659,60,0,0.1917,10397.0,6,0,1,0,2.0,0
0.2709,55,0,0.3406,6097.0,8,0,0,0,,0
0.808,36,0,0.676,2255.0,5,0,0,0,0.0,0
3.6101,43,0,0.5567,,9,0,0,0,0.0,0
2.8702,44,0,0.3816,,5,0,0,0,1.0,0
3.9455,33,1,0.4171,,10,0,2,1,1.0,0
0.3964,41,0,0.4351,3810.0,9,0,2,0,4.0,0
0.0233,55,0,0.3462,7272.0,11,0,0,0,1.0,0
1.0376,61,0,0.717,6872.0,5,0,1,0,0.0,0
0.0591,50,0,0.5051,8980.0,3,0,3,0,0.0,0
0.4757,64,0,0.4278,17949.0,9,0,1,1,1.0,0
0.2433,40,0,0.7744,,10,0,1,0,0.0,0
0.0752,78,0,0.6974,5806.0,7,0,3,0,2.0,0
3.0257,70,3,0.5075,,10,0,2,2,1.0,0
0.1998,62,0,0.4104,6145.0,3,0,1,0,0.0,0
0.3017,57,0,0.944,,5,0,3,0,0.0,0
1.1413,28,0,0.6561,2288.0,10,0,1,0,1.0,0
1.1278,73,0,0.2963,6541.0,8,0,0,0,1.0,0
0.5693,42,0,0.5441,3662.0,8,0,2,0,0.0,0
0.6603,50,0,0.2156,,8,0,1,0,3.0,0
0.473,45,0,0.2165,3286.0,9,0,1,0,1.0,0
0.6054,49,0,0.089,3017.0,11,0,2,0,0.0,0
0.2725,52,0,1.203,4212.0,5,0,0,0,0.0,0
3.2609,83,0,0.0914,4327.0,3,0,1,0,0.0,0
0.2917,50,0,1.2304,6409.0,9,0,1,0,1.0,0
1.9504,50,0,0.3105,11130.0,12,0,0,0,1.0,0
0.2215,60,0,0.2619,6613.0,8,0,1,0,2.0,0
2.3164,56,0,0.1502,4380.0,7,0,2,0,1.0,1
0.4281,62,0,0.38,6795.0,6,0,1,0,1.0,0
0.052,73,0,0.6311,8094.0,9,0,2,0,0.0,0
2.8153,47,2,0.5555,12552.0,9,0,1,0,,0
0.3706,71,0,0.5598,,7,0,4,0,1.0,0
1.8922,52,0,0.1735,9535.0,14,0,1,0,2.0,0
0.2961,44,0,0.458,4558.0,10,0,2,0,0.0,0
0.271,41,0,0.3526,3412.0,6,0,0,0,0.0,0
0.5225,60,0,0.5948,3143.0,6,0,2,0,0.0,0
0.0519,58,2,0.457,2564.0,3,0,0,3,0.0,0
0.0586,50,0,0.7609,,6,0,1,0,0.0,0
1.2606,58,0,0.3613,5659.0,11,0,3,0,0.0,1
2.3372,45,0,0.3216,3724.0,9,0,1,0,2.0,0
0.3788,75,0,0.2577,1797.0,12,0,1,0,1.0,0
0.2949,43,0,0.8044,2247.0,7,0,1,0,1.0,0
0.0411,53,0,0.7109,10322.0,11,0,2,0,0.0,0
0.9874,26,0,0.3806,8048.0,8,0,1,0,1.0,0
0.9352,72,0,0.4653,9182.0,4,0,2,0,0.0,0
0.2398,72,0,0.4157,7218.0,9,0,2,0,0.0,0
0.0702,49,0,0.4647,4832.0,11,0,0,0,2.0,0
3.7908,52,1,0.1272,,6,0,0,2,0.0,0
0.0669,34,0,0.272,5084.0,8,0,0,0,1.0,0
0.5566,46,0,0.1734,3312.0,3,0,0,0,1.0,0
0.5949,52,0,0.352,6607.0,9,0,0,0,1.0,0
0.8685,50,1,0.1653,3239.0,8,0,2,0,2.0,0
0.2616,25,0,0.3067,3237.0,6,0,0,0,2.0,0
1.0112,52,0,0.8734,2538.0,10,0,1,0,0.0,0
2.3302,45,0,0.5919,1354.0,6,0,1,0,1.0,0
0.0561,34,0,0.4634,21441.0,12,0,1,0,0.0,0
0.2538,36,0,0.453,4481.0,7,0,1,0,,0
0.2678,35,0,0.5896,7711.0,10,0,0,0,1.0,0
0.0244,61,0,0.5533,4002.0,9,0,0,0,0.0,0
0.0276,78,0,0.7535,,13,0,0,0,0.0,0
1.6603,95,0,0.6241,2814.0,13,0,1,0,1.0,0
0.0322,44,0,0.0957,3298.0,8,0,2,0,1.0,0
0.7139,29,0,0.9315,3037.0,11,0,1,0,2.0,0
0.0975,43,0,0.1768,4044.0,9,0,3,0,2.0,0
0.8388,36,0,0.6773,,9,0,1,0,0.0,0
0.787,21,0,0.3712,6345.0,9,0,2,0,0.0,0
0.3889,59,0,0.6245,3660.0,8,0,0,0,3.0,0
0.2588,43,0,0.2675,3269.0,10,0,3,0,0.0,0
0.0321,51,0,0.0567,4220.0,3,0,0,0,1.0,0
0.3807,50,0,0.2907,4604.0,7,0,1,0,1.0,0
1.6962,43,0,1.2077,2815.0,6,0,1,0,0.0,0
0.1963,21,0,0.7374,3949.0,7,0,4,0,0.0,0
0.2339,37,4,0.9248,2650.0,8,0,0,0,1.0,0
0.4667,33,0,0.493,,12,0,1,0,0.0,0
0.484,38,0,0.867,16331.0,7,0,2,0,1.0,0
0.3053,43,0,0.1146,4184.0,10,0,0,0,0.0,0
0.9395,56,0,0.3576,10873.0,5,0,0,0,1.0,0
0.0657,48,0,0.2968,4473.0,10,0,1,0,0.0,0
0.4575,41,0,0.0479,6961.0,13,0,0,0,1.0,0
0.1059,50,0,0.3504,,4,0,0,0,0.0,0
0.518,50,0,0.597,7500.0,6,0,2,0,1.0,0
0.267,68,0,0.1187,3416.0,10,0,0,0,0.0,0
1.0243,91,0,0.2399,,14,0,1,0,0.0,0
1.1673,27,0,0.5663,18838.0,9,0,2,0,1.0,0
0.0259,60,0,0.2688,7505.0,7,0,2,0,3.0,0
0.5715,27,0,0.7036,11516.0,8,0,0,0,1.0,0
0.3572,59,0,0.4264,6938.0,9,0,1,0,1.0,0
0.1372,25,0,0.7582,9578.0,8,0,1,0,0.0,0
0.1154,46,0,0.2138,8180.0,9,0,0,0,,0
0.0967,37,0,0.0108,,10,0,2,0,1.0,0
0.5701,51,0,0.7237,2453.0,13,0,0,0,0.0,0
0.6158,40,0,0.267,,11,0,2,0,0.0,0
0.5783,50,0,0.3199,3197.0,13,0,1,0,0.0,0
1.1379,47,0,0.1109,5558.0,10,0,0,0,,0
3.7732,62,0,0.3996,2930.0,15,0,0,0,1.0,0
1.0619,48,0,0.36,5322.0,4,0,0,0,0.0,0
0.0161,77,1,0.6698,4614.0,8,0,1,0,0.0,0
0.807,45,0,0.9266,4034.0,11,0,1,0,0.0,0
2.7065,57,0,0.5875,8722.0,9,0,1,0,2.0,0
0.4897,32,0,0.9139,4683.0,6,0,3,0,1.0,0
0.4842,49,0,0.8601,5508.0,6,0,0,0,2.0,0
0.2,42,0,0.0578,1515.0,8,0,0,0,1.0,0
0.2271,62,0,0.4441,12742.0,6,0,1,0,2.0,0
0.5518,57,0,0.1788,1778.0,6,0,2,0,2.0,0
0.091,52,0,0.2714,4904.0,7,0,1,0,0.0,0
0.2934,41,0,0.564,9221.0,5,0,1,0,0.0,0
0.2623,62,0,0.3822,,12,0,0,0,1.0,0
1.7296,57,0,0.5311,4111.0,9,0,1,0,4.0,0
0.6557,72,0,0.2359,11316.0,13,0,1,0,0.0,0
0.3445,21,0,0.3006,,7,0,1,0,2.0,0
3.2632,60,0,0.6732,4365.0,9,0,1,0,2.0,0
0.0795,58,0,1.1552,6231.0,11,0,1,0,1.0,0
0.7064,50,0,0.2014,,8,0,2,0,1.0,0
0.0726,65,0,0.4998,2733.0,3,0,1,0,0.0,0
1.7954,61,0,0.4602,9204.0,14,0,0,0,2.0,0
1.0184,43,0,0.2367,2896.0,9,0,3,0,0.0,0
0.8802,34,0,0.7776,5515.0,5,0,1,0,3.0,0
0.5513,58,0,0.7669,3640.0,9,0,3,0,0.0,1
0.8607,62,0,0.1146,5064.0,14,0,2,0,1.0,0
0.2688,32,0,0.1335,5246.0,6,0,1,0,1.0,0
0.6707,49,0,0.275,17442.0,6,0,1,0,0.0,0
0.1717,38,0,0.822,10722.0,2,0,1,0,0.0,0
0.2047,64,0,0.5265,3959.0,9,0,2,0,,0
0.1345,62,0,0.1755,2891.0,8,0,0,0,2.0,0
0.1487,48,0,0.922,2254.0,6,0,3,0,1.0,0
0.0319,46,0,0.9355,3343.0,4,0,0,0,1.0,0
0.7279,58,0,0.3475,,12,0,1,0,1.0,1
1.3425,52,0,0.7831,8738.0,6,0,0,0,0.0,0
0.3047,46,0,0.4228,,16,0,1,0,1.0,0
0.0934,24,2,0.4376,9392.0,6,1,2,0,1.0,1
0.4538,38,0,0.3562,,9,0,0,0,0.0,1
0.1842,68,0,0.948,8707.0,8,0,1,0,0.0,0
0.715,75,0,1.0705,5023.0,13,0,2,0,1.0,1
0.9967,47,0,0.928,6370.0,7,0,2,0,0.0,0
0.2217,55,0,0.6815,6338.0,12,0,2,0,0.0,0
0.5373,48,0,0.5845,4715.0,7,0,0,0,0.0,0
1.3627,44,3,0.7906,3416.0,9,0,1,0,0.0,0
0.0733,43,0,0.2919,4200.0,14,0,1,0,0.0,0
0.4125,28,1,0.6204,17130.0,6,0,3,0,1.0,0
0.7189,52,0,0.083,,9,0,1,0,1.0,0
0.263,56,0,0.5138,,10,0,0,0,3.0,0
0.0401,47,0,0.3904,15029.0,5,0,3,0,1.0,0
0.0321,67,0,0.3263,6198.0,14,0,5,0,1.0,0
3.0415,38,0,0.462,5086.0,8,0,0,0,1.0,0
0.4379,40,0,0.8585,6025.0,8,0,2,0,1.0,0
0.0079,34,0,0.0933,3323.0,10,0,1,0,0.0,0
1.4354,73,0,0.2652,4770.0,10,0,0,0,0.0,0
0.2164,40,0,0.5185,5781.0,5,0,0,0,3.0,0
0.4394,50,0,0.496,,13,0,1,0,3.0,1
0.0589,39,0,0.4414,5654.0,9,0,2,0,1.0,0
0.2893,63,0,0.2153,4115.0,5,0,2,0,1.0,0
2.4692,62,0,0.0502,,10,1,2,0,,0
0.4305,52,0,0.3798,6109.0,8,0,1,0,3.0,0
0.8743,52,0,0.453,1257.0,3,0,2,0,2.0,0
0.2503,56,0,0.3558,3444.0,9,0,1,0,2.0,0
0.3256,56,0,0.5699,,9,1,1,1,1.0,0
0.2614,63,0,1.0981,7290.0,6,0,2,0,1.0,0
0.1582,37,0,0.3943,7790.0,6,0,0,0,,0
0.2577,64,0,0.2671,7482.0,10,0,0,0,0.0,0
0.5297,39,0,1.1093,,6,0,1,0,2.0,1
0.3237,52,0,0.263,6829.0,5,0,1,0,0.0,0
0.1902,40,0,0.6303,4270.0,10,0,1,0,1.0,0
0.3209,51,0,0.3985,7054.0,13,0,0,0,1.0,0
0.0055,55,0,0.5726,12626.0,7,0,2,0,2.0,0
3.1311,62,0,0.2375,,9,0,0,0,1.0,0
0.6217,70,0,0.8001,9874.0,12,0,1,0,0.0,0
0.4503,55,0,0.5503,2218.0,8,0,0,0,1.0,0
0.4768,36,0,0.6318,,5,0,0,0,0.0,0
0.3347,42,4,0.4899,,8,0,0,0,0.0,0
0.2974,40,0,0.1732,6195.0,12,0,1,0,1.0,0
0.3539,65,0,0.3792,3081.0,7,0,2,0,1.0,0
0.5084,22,0,0.5345,19363.0,5,0,0,0,3.0,0
0.6478,50,0,0.5111,8902.0,3,0,2,0,1.0,0
0.2292,50,0,0.0934,4782.0,6,0,2,0,1.0,0
0.6527,66,0,0.3629,,6,0,0,0,1.0,0
0.7394,47,0,0.3821,7040.0,10,0,3,0,1.0,0
0.5826,45,0,0.3886,10276.0,12,0,0,0,2.0,0
0.1696,62,0,0.7298,,8,0,0,0,2.0,0
0.0818,57,0,0.853,2762.0,10,0,2,0,1.0,0
0.4704,71,0,0.1324,5849.0,7,0,1,0,0.0,0
0.3495,48,0,1.1544,3044.0,10,0,1,0,1.0,0
0.3853,45,0,0.1839,3207.0,3,0,1,0,1.0,0
0.4176,42,0,0.1347,7006.0,10,0,0,0,1.0,0
0.2966,60,0,0.152,12888.0,7,0,0,0,3.0,0
0.917,72,0,0.7089,5993.0,7,0,1,0,0.0,0
0.5302,28,0,0.7224,16239.0,6,0,1,0,3.0,0
0.1813,59,0,0.1695,,5,0,0,0,3.0,0
0.2382,50,0,0.8848,3919.0,11,0,1,0,,0
0.6423,53,0,0.1409,,8,0,0,0,1.0,0
0.3283,70,1,0.8251,6651.0,10,0,0,0,1.0,0
0.329,65,0,0.1867,6270.0,4,0,0,0,2.0,0
4.5552,67,0,0.1543,4466.0,12,0,1,0,1.0,1
0.6425,58,0,0.5466,1700.0,8,0,2,0,3.0,0
2.1396,56,0,0.5101,,9,0,1,0,2.0,1
0.1178,61,0,0.2408,5351.0,7,0,0,0,2.0,0
0.2884,87,2,0.5651,3737.0,10,0,2,0,3.0,0
0.5255,53,0,0.2726,9249.0,11,0,2,0,1.0,0
0.434,56,0,0.3794,2319.0,11,0,0,0,1.0,0
1.485,43,0,0.1539,9852.0,6,0,0,0,1.0,0
0.2136,28,1,0.3645,,6,1,0,1,2.0,0
1.3155,69,0,0.2725,2637.0,7,0,2,0,1.0,0
0.2167,49,0,0.5944,2155.0,10,0,0,0,2.0,0
0.0444,61,0,0.4215,6026.0,6,0,0,0,0.0,0
1.2342,56,0,0.0035,,9,0,1,0,0.0,0
0.3817,72,0,0.1665,3146.0,6,0,0,0,2.0,0
0.1223,48,0,0.9538,,4,0,0,0,0.0,0
0.6361,33,0,0.8922,10366.0,4,0,2,0,0.0,0
0.2263,71,0,0.4878,,13,0,3,0,,0
1.536,56,0,0.2559,2331.0,4,0,2,0,1.0,0
0.341,54,1,0.3811,4151.0,7,0,2,1,0.0,0
0.4873,22,0,0.933,7009.0,9,0,0,0,0.0,0
0.3091,60,0,0.6306,4210.0,8,0,0,0,1.0,0
0.6539,27,0,0.5543,10566.0,7,0,1,0,1.0,0
0.5449,64,0,0.1548,3132.0,6,0,0,0,0.0,0
0.6674,48,0,0.6776,4906.0,5,0,2,0,4.0,0
0.0544,59,0,0.8558,3967.0,8,0,2,0,1.0,0
0.4546,52,0,0.5361,3601.0,5,0,4,0,2.0,0
0.2684,47,0,0.1555,5859.0,10,0,1,0,1.0,0
1.0066,41,0,0.2027,3434.0,5,0,0,0,0.0,0
0.0539,23,0,0.3887,,12,0,0,0,1.0,0
1.0995,49,0,0.3719,7045.0,7,0,1,0,0.0,0
0.3276,56,0,0.4523,,10,0,1,0,0.0,0
0.7779,58,2,0.923,18352.0,12,0,0,0,1.0,0
0.2533,63,0,0.6471,10614.0,13,0,0,0,1.0,0
0.0767,57,0,0.4402,,9,0,0,0,3.0,0
0.7472,80,0,0.2479,7802.0,9,0,1,0,1.0,0
1.8741,45,4,0.5765,,12,0,0,1,3.0,0
0.4892,77,0,0.8929,3830.0,5,0,0,0,0.0,1
0.7677,54,0,0.7415,5804.0,5,0,1,0,1.0,0
0.6819,61,0,0.8662,3827.0,5,0,0,0,3.0,1
2.7439,65,0,0.8856,4518.0,9,0,0,0,1.0,0
0.011,21,0,0.4686,2302.0,8,0,2,0,0.0,0
0.7083,75,0,0.1123,8656.0,10,0,1,0,0.0,0
0.0475,59,0,0.6904,5527.0,9,0,0,0,0.0,0
3.9968,42,0,0.7998,9826.0,13,0,1,0,0.0,0
2.3351,45,1,0.8241,3301.0,12,0,0,2,3.0,0
4.2693,64,0,0.2656,3913.0,8,0,0,0,1.0,0
0.1847,47,0,0.6741,8772.0,4,0,0,0,1.0,0
0.1804,43,0,0.4325,3095.0,10,0,2,0,0.0,0
0.0887,49,0,0.3127,4043.0,11,0,1,0,1.0,0
0.2361,39,0,0.6874,,8,0,2,0,1.0,0
3.0442,34,1,0.1588,13202.0,5,0,2,0,2.0,0
1.0949,51,0,0.6781,7200.0,10,0,0,0,3.0,0
0.182,21,0,0.5476,1628.0,9,0,2,0,2.0,0
0.228,58,0,0.4348,8043.0,8,0,0,0,0.0,0
0.6978,37,0,0.8597,1680.0,12,0,1,0,4.0,0
0.1202,80,0,0.2648,1635.0,8,0,1,0,0.0,0
0.4256,59,0,0.7968,8823.0,6,0,0,0,1.0,0
0.2447,64,0,0.7323,,9,0,2,0,3.0,0
0.5954,31,1,0.5737,4504.0,14,0,1,0,0.0,0
0.6661,66,0,0.3042,6154.0,8,0,0,0,0.0,0
0.0121,28,0,0.1724,5751.0,9,0,1,0,1.0,0
0.4988,47,0,0.5907,5439.0,8,0,1,0,1.0,0
0.4645,28,0,0.382,6571.0,8,0,0,0,1.0,0
0.0795,48,0,0.4198,5766.0,10,0,0,0,1.0,0
0.8632,56,0,0.2363,3336.0,9,0,1,0,0.0,0
0.0193,48,0,0.2485,2126.0,9,0,1,0,0.0,0
1.3308,41,0,0.9928,3080.0,7,0,1,0,2.0,0
0.1569,61,0,0.8551,4960.0,7,0,4,0,0.0,0
0.3301,52,0,0.4249,4689.0,6,0,0,0,1.0,0
0.6176,50,0,0.4119,3479.0,5,0,1,0,0.0,0
0.4671,56,0,0.7145,,5,0,0,0,1.0,0
0.9594,36,0,0.1749,,9,0,1,0,0.0,0
0.293,64,0,0.1228,4218.0,10,0,1,0,0.0,0
0.1993,64,0,0.6131,9119.0,10,0,1,0,1.0,0
4.7902,46,0,0.5121,4473.0,7,0,3,1,0.0,0
1.3693,56,0,0.5782,18140.0,7,0,2,0,0.0,0
0.0973,54,0,0.7696,19978.0,5,0,0,0,1.0,0
0.3293,67,0,0.8172,,8,0,2,0,0.0,0
0.3212,88,0,0.645,,8,0,0,0,1.0,0
0.1209,71,0,0.1166,9544.0,15,0,0,0,0.0,0
0.5647,35,0,0.3267,3014.0,5,0,0,0,1.0,0
0.4705,64,0,0.4625,14758.0,10,0,4,0,0.0,0
0.5518,91,0,0.721,4548.0,5,0,0,0,,1
0.1001,38,0,0.4026,2806.0,9,0,0,0,0.0,0
0.2002,72,0,0.1116,18430.0,4,0,0,0,1.0,0
2.4961,61,2,0.4516,5154.0,8,0,0,0,0.0,0
0.4964,55,0,0.5676,2716.0,14,0,2,0,1.0,1
0.1594,56,0,0.3014,,6,0,0,0,0.0,0
0.0713,47,0,0.5042,4816.0,3,0,0,0,0.0,0
0.264,31,0,0.8298,8196.0,8,0,0,0,0.0,0
0.5762,66,0,0.7645,4687.0,4,0,1,0,1.0,0
0.1596,28,0,1.1601,,5,0,0,0,1.0,0
0.4963,49,0,0.429,,15,0,2,0,0.0,0
0.6651,52,0,0.3941,5312.0,14,0,1,0,1.0,0
0.299,47,0,0.2839,4979.0,9,0,1,0,1.0,0
0.274,55,0,0.5639,,4,0,0,0,1.0,0
0.331,79,0,0.7168,3869.0,10,0,0,0,1.0,0
0.4352,55,0,1.0193,3113.0,7,0,2,0,1.0,0
0.2232,56,0,0.6558,7088.0,3,0,0,0,,0
0.0255,66,0,0.4102,7497.0,8,0,3,0,1.0,0
0.0509,59,0,0.2753,6692.0,9,0,2,0,1.0,0
0.0909,54,0,1.0191,5156.0,3,0,1,0,0.0,0
1.4266,47,1,0.4512,8464.0,11,0,1,1,1.0,0
0.1716,54,0,0.3512,7458.0,3,0,1,0,1.0,0
0.0237,60,0,0.4408,4028.0,9,0,0,0,1.0,0
0.3364,60,0,0.3516,,5,0,0,0,1.0,0
2.6997,38,0,0.6253,4046.0,7,0,0,0,1.0,0
0.3523,32,0,0.3333,4652.0,11,0,1,0,0.0,0
0.4417,59,0,0.2626,7302.0,9,0,0,0,0.0,0
4.4,41,0,0.0431,,9,0,0,0,0.0,0
0.384,53,0,0.4849,4889.0,9,0,0,0,0.0,0
0.4331,49,0,0.4205,11518.0,12,0,0,0,0.0,0
0.4505,45,0,0.3558,2906.0,9,0,1,0,1.0,0
0.8238,60,0,0.3084,11347.0,9,0,1,0,1.0,0
0.122,53,0,0.8722,,9,0,1,0,0.0,0
0.063,69,0,0.2989,5693.0,11,0,1,3,0.0,1
0.7934,63,0,1.4029,,12,0,0,0,0.0,0
0.6308,40,0,0.4766,6307.0,7,0,2,0,2.0,0
6.791,46,0,0.5651,14617.0,8,0,1,0,0.0,0
0.4429,49,0,0.2639,2054.0,8,0,0,0,1.0,0
0.229,43,0,0.2541,,7,0,0,0,1.0,0
0.2018,68,0,1.1941,,11,0,1,0,0.0,0
0.3845,45,0,0.2855,6193.0,7,0,3,0,,0
0.6417,52,0,0.2381,8282.0,4,0,2,0,2.0,0
0.2697,57,0,0.5465,4653.0,9,0,2,0,1.0,0
0.3566,36,0,0.3767,9865.0,4,0,0,0,0.0,0
0.6328,52,0,0.4834,4120.0,10,0,2,0,4.0,0
0.4426,75,0,0.5474,13431.0,8,0,0,0,3.0,0
0.4712,53,0,0.5787,,9,0,0,0,1.0,0
0.1322,47,0,0.1131,9934.0,11,0,2,0,2.0,0
0.4092,63,0,0.0253,9422.0,12,0,1,0,1.0,0
0.2796,63,0,0.5429,9874.0,5,0,0,0,1.0,0
0.3045,21,0,0.6186,4243.0,12,0,2,0,1.0,0
0.4847,50,0,0.2005,7929.0,7,0,0,0,0.0,0
1.3277,57,0,0.3722,9301.0,7,0,1,0,0.0,0
0.2305,64,0,0.2363,7226.0,9,0,1,0,1.0,0
0.8013,68,0,0.4546,2332.0,4,0,3,0,2.0,0
0.8375,48,1,0.6526,5268.0,8,0,2,0,3.0,0
0.203,52,0,0.47,3297.0,6,0,0,0,2.0,0
0.4231,43,0,0.2054,,8,0,0,0,0.0,0
0.5391,69,0,0.65,3410.0,7,0,1,0,0.0,0
2.0139,22,0,0.5734,3704.0,6,0,0,0,2.0,0
0.2606,32,4,0.4606,2004.0,10,0,0,1,0.0,0
0.3908,74,0,0.6831,7748.0,8,0,5,0,2.0,0
2.5123,51,0,0.06,11335.0,9,0,1,0,0.0,0
0.7995,46,0,0.1579,4574.0,11,0,1,0,0.0,0
0.5085,66,0,0.7929,6904.0,7,0,3,0,0.0,0
0.5643,28,0,0.042,2264.0,6,0,0,0,2.0,1
0.0859,55,0,0.3552,7788.0,6,0,0,0,1.0,0
0.6623,62,0,0.1629,4995.0,14,0,1,0,0.0,0
3.4114,53,0,0.6595,,7,0,2,0,1.0,0
0.9285,21,0,0.5964,,7,0,1,0,1.0,0
0.1565,47,0,1.0493,,13,0,0,0,1.0,0
0.2433,38,0,0.3714,3500.0,8,0,1,0,0.0,0
0.3072,77,0,0.6007,2707.0,11,0,1,0,1.0,0
0.0056,67,0,0.6003,7737.0,10,0,0,0,1.0,0
2.3861,48,0,0.4995,2585.0,12,0,0,0,2.0,0
1.2045,27,1,0.9751,7341.0,8,0,1,1,0.0,0
0.6497,52,0,0.4033,1217.0,5,0,2,0,0.0,0
0.3,35,0,0.7691,25491.0,11,0,2,0,0.0,0
0.3109,59,0,0.2111,2343.0,10,0,2,0,1.0,0
0.587,56,0,0.5097,5758.0,9,0,0,0,0.0,0
0.7905,47,0,0.36,7037.0,8,0,1,0,0.0,0
2.4038,57,0,0.1272,6480.0,11,0,0,0,1.0,0
0.0765,88,0,0.4742,,8,0,1,0,0.0,0
0.4877,29,0,1.0679,,9,0,1,0,1.0,1
0.4611,36,0,0.3011,11854.0,5,0,1,0,0.0,0
0.3875,56,0,0.3111,6719.0,12,0,1,0,1.0,0
0.5516,40,0,0.6211,3638.0,9,0,0,0,0.0,0
0.326,57,0,0.4845,2535.0,7,0,0,0,1.0,0
0.221,34,0,0.6255,7706.0,10,0,1,0,1.0,0
0.327,53,3,0.8268,,10,1,1,0,1.0,0
0.3269,52,0,0.5062,2465.0,8,0,0,0,2.0,0
0.0953,61,0,0.8287,,9,0,0,0,0.0,0
0.7534,49,0,0.4172,2379.0,11,0,2,0,0.0,0
0.0823,66,0,1.7322,34885.0,13,0,1,0,1.0,0
0.6435,38,0,0.7576,,9,0,1,0,0.0,1
0.0077,57,0,0.4878,,6,0,0,0,0.0,0
0.5974,27,0,0.35,8069.0,6,0,2,0,0.0,0
0.669,21,0,0.3636,4286.0,10,0,1,0,1.0,0
0.7292,33,0,0.1489,,10,0,0,0,1.0,0
0.4506,81,0,0.4653,,9,0,2,0,1.0,1
0.55,73,0,1.0505,3904.0,6,0,0,0,2.0,0
0.6985,57,0,0.2323,4117.0,5,0,2,0,0.0,0
0.2922,40,0,0.787,,5,0,1,0,0.0,0
0.2556,64,0,0.7218,8291.0,7,0,1,0,3.0,0
0.1147,29,0,0.7159,6409.0,8,0,2,0,0.0,0
0.8685,24,0,0.5963,3095.0,14,0,0,0,2.0,0
0.1018,50,0,0.8882,5171.0,4,0,0,0,0.0,0
0.1786,51,0,0.7176,7331.0,4,0,3,0,0.0,0
0.3944,59,0,0.2867,10530.0,7,0,1,0,1.0,0
0.0929,43,0,0.5063,4284.0,4,0,1,0,1.0,0
0.0354,43,0,0.5694,5294.0,9,0,3,0,0.0,0
0.4284,77,0,0.5964,7062.0,12,0,2,0,0.0,0
0.3285,50,0,0.3057,,6,0,0,0,1.0,0
0.4189,44,0,0.4249,4324.0,7,0,0,0,1.0,0
3.0595,57,0,0.3784,,9,0,1,0,,0
1.034,45,0,0.4007,2510.0,8,0,2,0,2.0,0
1.7075,77,0,0.5432,10607.0,7,0,0,0,0.0,0
0.625,57,0,0.2887,17554.0,5,0,1,0,0.0,0
4.6325,47,0,0.1833,8618.0,11,0,0,0,0.0,0
0.4283,41,0,0.3101,2592.0,8,0,1,0,2.0,0
0.0363,24,0,0.6667,3588.0,16,0,0,0,0.0,0
0.4315,55,0,0.1373,12978.0,8,0,1,0,0.0,0
4.4829,40,0,0.2018,,8,0,1,0,0.0,0
0.2509,27,0,0.2842,,5,0,0,0,1.0,0
0.064,35,0,0.7805,2101.0,8,0,1,0,1.0,0
0.5234,70,0,0.4709,4225.0,10,0,0,0,1.0,1
0.478,49,0,0.1149,6661.0,11,0,1,0,0.0,0
2.1734,55,0,0.9726,5496.0,6,0,2,0,3.0,0
0.8184,55,0,0.8393,21222.0,17,0,3,0,0.0,0
6.5372,78,0,0.0602,30958.0,8,0,1,0,0.0,0
1.2649,42,0,0.5021,,5,0,0,0,1.0,0
0.0471,50,0,0.7741,4647.0,9,0,2,0,1.0,0
0.5469,66,0,0.6803,3983.0,12,0,1,0,0.0,1
3.3918,52,1,0.0381,,11,0,0,0,3.0,0
1.601,56,0,0.2269,10442.0,4,0,3,0,2.0,0
6.7164,50,0,0.2356,2611.0,10,0,2,0,2.0,0
0.2534,41,0,0.3501,,9,0,1,0,0.0,0
0.355,68,0,0.6863,1365.0,9,0,1,0,1.0,0
1.7879,48,0,0.5437,4525.0,6,0,1,0,2.0,0
0.1703,58,0,0.7575,,5,0,0,0,1.0,0
0.2172,56,0,1.172,3622.0,9,0,0,0,0.0,0
0.5295,21,0,0.3823,,8,0,0,0,,0
0.0465,51,0,0.2083,5836.0,5,0,1,0,0.0,0
0.3186,53,0,0.4041,16814.0,7,0,2,0,0.0,0
0.7804,21,0,0.4651,,12,0,2,0,0.0,1
0.4749,33,0,0.5107,9900.0,7,0,1,0,2.0,0
0.5116,48,0,0.3572,4502.0,6,0,2,0,0.0,0
0.1721,45,0,0.5708,3535.0,4,0,0,0,2.0,0
0.3293,65,0,0.0734,12589.0,9,0,1,0,1.0,0
0.6811,73,0,1.0648,3355.0,6,0,3,0,0.0,0
0.2123,43,0,0.3575,7594.0,7,0,1,0,,0
0.784,40,0,0.2326,5152.0,7,0,0,0,1.0,0
0.4491,51,0,0.1436,7775.0,7,0,2,0,0.0,0
0.383,67,0,0.5819,,12,0,2,0,0.0,0
0.8325,52,0,0.3371,,10,0,1,0,0.0,0
0.9692,67,0,0.6042,2752.0,7,0,1,0,0.0,0
0.6414,67,0,0.8234,6338.0,10,0,2,0,1.0,0
0.2613,60,0,0.5636,6928.0,6,0,1,0,0.0,0
0.5508,51,0,0.3837,6003.0,8,0,2,0,1.0,0
1.4958,37,0,1.0669,6728.0,16,0,2,0,1.0,0
0.0602,54,0,0.0618,3880.0,11,0,0,0,1.0,0
0.7256,44,0,0.7317,,17,1,0,0,0.0,0
0.3205,76,0,1.4521,2098.0,4,0,0,0,0.0,0
0.8386,67,0,0.4254,7441.0,10,0,1,0,1.0,0
0.6225,50,0,0.5793,3970.0,8,0,2,0,1.0,0
0.3569,51,0,0.4819,4853.0,5,0,0,0,1.0,0
0.1,32,1,0.7032,5100.0,9,0,2,0,0.0,0
0.042,45,0,0.3876,6257.0,11,0,0,0,2.0,0
0.6164,81,0,0.1804,11084.0,10,0,1,0,0.0,0
0.3,57,0,0.5901,,11,0,0,0,0.0,0
0.5069,50,0,0.4577,8734.0,6,0,2,0,0.0,0
0.2043,58,0,0.3802,,5,0,1,0,2.0,0
0.3486,48,0,1.3456,,2,0,2,0,0.0,0
0.2874,51,0,0.8792,,5,0,2,0,0.0,0
0.8539,52,0,0.8259,4537.0,7,0,0,0,0.0,0
0.2635,76,0,0.1164,,7,0,0,0,0.0,0
0.3792,21,0,0.228,5077.0,9,0,2,0,1.0,0
0.3249,42,0,0.6739,5850.0,7,0,1,0,1.0,0
0.3014,21,0,0.46,,10,0,1,0,2.0,0
0.3435,46,0,0.605,,9,0,1,0,1.0,0
0.6556,50,0,0.6933,,9,0,1,0,1.0,1
0.5683,61,0,0.3902,,6,0,1,0,1.0,0
1.0936,36,0,0.9072,5160.0,7,0,1,0,1.0,0
2.5882,40,0,0.1,10065.0,3,0,1,0,1.0,0
0.0879,61,3,0.2122,,8,0,1,2,1.0,0
0.764,59,0,0.1295,15570.0,10,0,3,0,1.0,0
0.5739,48,0,0.3774,,9,0,1,0,0.0,0
0.4307,21,0,0.1586,,4,0,2,0,0.0,0
2.177,51,0,0.2342,,9,0,2,0,0.0,0
0.0193,55,0,0.1093,3492.0,6,0,1,0,0.0,0
0.3442,54,0,0.5209,15116.0,5,0,1,0,0.0,0
0.3154,29,0,0.4693,4795.0,3,0,0,0,0.0,0
0.41,36,0,0.4317,3691.0,9,0,1,0,2.0,0
0.3244,64,0,1.0381,5288.0,7,0,0,0,2.0,0
4.451,74,0,0.9547,,10,0,1,0,2.0,1
0.3982,64,0,0.2571,12279.0,10,0,5,0,0.0,0
0.0108,45,0,0.6132,3033.0,5,0,1,0,0.0,0
0.2026,47,0,0.9742,8030.0,7,0,0,0,1.0,0
4.1432,38,0,0.473,3141.0,5,0,0,0,1.0,1
0.1014,59,0,0.2737,4483.0,8,0,0,0,0.0,0
0.9466,69,0,0.2253,21813.0,9,0,0,0,1.0,0
0.3459,63,0,0.1859,,4,0,2,0,0.0,0
0.2826,61,0,0.4518,9596.0,10,0,1,0,0.0,0
0.0845,42,0,0.1511,,8,0,0,0,0.0,0
3.5125,48,1,0.3814,10354.0,6,0,0,0,1.0,0
0.2182,45,0,0.6714,4483.0,7,0,1,0,0.0,0
0.3113,63,0,0.4132,7311.0,10,0,3,0,1.0,0
0.5073,52,0,0.9043,15296.0,14,0,5,0,2.0,0
0.5244,66,0,0.6283,3532.0,6,0,0,0,2.0,0
0.5579,58,0,0.6046,3806.0,4,0,0,0,4.0,0
0.9543,40,1,0.23,4861.0,9,1,1,1,2.0,0
0.383,31,0,0.7911,3344.0,8,0,0,0,0.0,0
0.0956,80,0,0.4461,5558.0,15,0,1,0,0.0,0
2.0377,46,1,0.7445,9922.0,7,0,1,0,3.0,0
0.9955,54,0,0.2261,6107.0,12,0,2,0,1.0,0
0.1724,76,0,0.4151,6801.0,12,0,2,0,1.0,0
0.0002,59,0,0.6396,11387.0,7,0,0,0,1.0,0
0.1925,38,0,0.3506,4844.0,8,0,0,0,0.0,0
1.0868,53,0,0.1269,5472.0,9,0,2,0,0.0,1
0.7514,73,0,0.723,4039.0,4,0,0,0,3.0,1
0.7367,57,0,0.3411,4581.0,9,0,0,0,2.0,0
4.3595,95,0,1.1427,6915.0,8,0,3,0,2.0,1
0.485,24,0,0.1069,5415.0,11,0,0,0,1.0,0
0.947,47,0,1.0924,,8,0,0,0,1.0,0
0.4007,33,0,0.4677,,11,0,0,0,0.0,0
0.6728,62,0,0.3529,2955.0,8,0,1,0,1.0,0
0.6626,34,0,0.2604,,6,0,3,0,3.0,0
2.2981,41,0,0.8071,7761.0,10,0,1,0,0.0,0
0.6839,43,0,0.2542,7518.0,10,0,1,0,2.0,0
0.7245,55,0,0.9762,2915.0,5,0,1,0,0.0,0
0.2902,49,0,0.6515,,5,0,1,0,0.0,0
0.2156,66,0,0.3932,10507.0,11,0,0,0,0.0,0
3.4847,37,0,0.8149,,7,0,1,0,0.0,0
0.4779,58,0,0.0888,,6,0,3,0,1.0,0
0.4455,49,0,0.1099,11068.0,7,0,1,0,0.0,0
0.6175,25,0,0.3795,3949.0,9,0,2,0,0.0,0
0.6877,68,0,0.4449,5258.0,15,0,1,0,1.0,0
0.1251,42,0,0.7716,8457.0,7,0,2,0,1.0,0
0.4726,54,0,0.352,3433.0,10,0,0,0,1.0,0
1.3919,39,0,0.7673,9029.0,8,0,1,0,0.0,0
0.5443,91,0,0.2857,7474.0,5,0,1,0,2.0,0
0.8728,75,0,0.2959,4349.0,7,0,1,0,0.0,0
0.0376,45,0,0.3593,5151.0,7,0,2,0,2.0,0
0.1601,56,0,0.4933,,5,0,1,0,0.0,0
0.4932,56,0,0.4745,4223.0,16,0,2,0,1.0,0
0.2524,32,0,0.9014,,6,0,2,0,0.0,0
0.7488,61,0,0.6248,5507.0,6,0,2,0,2.0,0
0.5295,53,0,0.4411,3059.0,7,0,1,0,0.0,0
0.285,67,0,0.2833,13975.0,9,0,1,0,0.0,0
0.0249,50,0,0.7714,7284.0,6,0,1,0,0.0,0
0.3866,36,0,0.8704,,10,0,2,0,2.0,0
0.1411,41,1,0.3582,,9,0,1,0,3.0,0
0.3188,35,0,0.7421,10589.0,5,0,1,0,3.0,0
0.1924,54,0,0.0557,3315.0,10,0,1,0,1.0,0
0.5532,62,0,0.5934,14192.0,9,0,2,0,1.0,0
0.5742,32,0,0.0221,14474.0,13,0,1,0,0.0,0
0.5075,57,0,0.6252,1177.0,4,0,1,0,0.0,0
1.0542,62,0,0.1282,10152.0,8,0,0,0,0.0,0
0.184,58,0,0.5963,14482.0,17,0,2,0,,0
3.5537,33,0,0.2276,6906.0,6,0,0,0,1.0,0
0.3943,76,0,0.6944,9832.0,7,0,0,0,1.0,0
4.7385,57,1,0.3666,8023.0,6,2,0,0,0.0,0
0.3753,30,0,0.6593,,3,0,4,0,1.0,0
0.9637,44,0,0.5517,4129.0,15,0,1,0,2.0,0
0.8682,44,0,0.1777,,12,1,0,1,0.0,0
0.0501,49,0,0.403,5242.0,8,0,0,0,0.0,0
0.6576,72,0,0.9441,18350.0,7,0,0,0,0.0,0
1.1951,55,0,0.7054,4214.0,11,0,0,0,,0
0.2072,50,0,0.429,3150.0,8,0,1,0,1.0,0
0.2636,74,0,0.4038,,9,0,4,0,1.0,0
3.2758,59,0,0.2703,6601.0,7,0,0,0,,0
0.5455,82,0,0.5986,4368.0,7,0,2,0,0.0,0
0.2826,54,0,0.2361,10057.0,4,0,0,0,0.0,0
0.0531,75,0,0.564,,5,0,1,0,0.0,0
4.3867,23,0,0.5103,,7,0,0,0,1.0,1
1.0051,62,0,0.8523,4222.0,3,0,0,0,0.0,0
0.5908,50,0,0.3675,10577.0,7,0,0,0,0.0,0
0.1053,56,0,0.1089,3703.0,5,0,0,0,0.0,0
0.589,58,0,0.1689,10253.0,5,0,0,0,0.0,0
0.1623,61,0,0.5149,,12,0,3,0,0.0,0
5.4386,75,0,0.7449,3464.0,10,0,1,0,,1
3.6141,60,0,0.408,6139.0,9,0,0,0,3.0,0
0.5428,52,0,0.066,11424.0,13,0,1,0,2.0,0
1.1452,59,0,0.4305,,4,0,0,0,2.0,0
0.2792,40,0,0.2425,6401.0,9,0,3,0,1.0,0
0.4487,79,0,1.2312,,6,0,1,0,0.0,0
2.2122,43,0,0.1286,5801.0,8,0,0,0,0.0,0
0.3092,63,0,0.2275,4343.0,5,0,2,0,2.0,0
0.7594,70,0,0.1504,4780.0,8,0,1,0,0.0,1
0.3039,60,0,0.3955,12469.0,13,0,2,0,1.0,0
0.3096,43,0,0.5788,4569.0,9,0,4,0,0.0,0
0.1164,42,0,0.7533,3623.0,5,0,2,0,1.0,0
0.2483,68,0,0.4922,9188.0,6,0,1,0,2.0,0
0.1288,58,0,0.5347,1970.0,15,0,1,0,2.0,0
0.5621,46,0,0.0552,3580.0,8,0,0,0,1.0,0
0.2795,41,0,0.9574,3691.0,2,0,1,0,,0
0.0486,43,0,0.4618,1706.0,6,0,0,0,2.0,0
0.5233,55,0,0.1085,4288.0,11,0,0,0,,0
0.085,86,0,0.2965,,7,0,2,0,0.0,0
0.108,35,0,0.2526,,9,0,0,0,0.0,0
0.0695,21,0,0.6337,,7,0,1,0,0.0,0
0.1094,53,0,0.7033,,11,0,1,0,0.0,0
6.7065,43,0,0.6448,,5,0,1,0,0.0,0
0.1739,47,0,0.4625,7575.0,9,0,0,0,0.0,0
0.3574,36,0,0.5675,,3,0,1,0,1.0,0
1.5237,70,3,0.2256,2627.0,7,0,0,0,1.0,1
0.0182,45,0,0.2327,2252.0,11,0,1,0,0.0,0
0.8293,59,2,0.4478,4434.0,8,0,1,0,1.0,0
0.9505,74,0,0.6186,4598.0,3,0,2,0,1.0,0
0.6612,49,0,0.3198,,13,0,0,0,4.0,0
1.0725,41,0,0.0546,7231.0,7,0,1,0,0.0,0
0.0896,50,0,0.7151,3178.0,14,0,0,0,2.0,0
1.0813,51,0,0.249,,5,0,3,0,0.0,0
1.0662,59,0,0.0077,3690.0,5,0,1,0,0.0,0
0.5535,52,0,0.6942,3246.0,8,0,2,0,1.0,1
0.2616,53,0,0.34,2617.0,17,0,0,0,1.0,0
0.4304,46,0,0.3912,21623.0,9,0,1,0,4.0,0
2.1143,55,0,0.0828,3936.0,6,0,2,0,1.0,0
0.5891,57,0,0.7124,,9,0,0,0,1.0,0
0.3077,60,0,0.9901,4727.0,7,0,2,0,1.0,0
0.4815,29,0,0.0883,,8,0,0,0,2.0,1
0.135,35,0,0.3993,4039.0,3,0,1,0,1.0,0
0.7296,32,0,0.2634,3292.0,9,0,1,0,0.0,0
0.297,65,0,0.7789,,11,0,0,0,0.0,0
0.4031,36,0,0.5844,8154.0,3,0,1,0,1.0,0
0.5655,46,0,0.2578,2812.0,7,0,0,0,0.0,0
2.0612,52,0,0.6527,2301.0,7,0,0,0,1.0,0
0.766,32,0,0.1495,6636.0,8,0,0,0,0.0,0
0.0805,45,0,0.8847,6946.0,7,0,0,0,0.0,0
0.6066,87,0,0.4233,4146.0,10,0,1,0,4.0,0
0.1672,53,1,0.4472,9879.0,7,0,3,2,0.0,0
0.3792,77,0,0.6032,2981.0,4,0,2,0,1.0,0
0.5449,45,0,0.1654,4114.0,5,0,1,0,1.0,0
0.2149,61,0,0.2036,6712.0,8,0,0,0,0.0,0
0.558,46,0,0.3398,9123.0,8,0,2,0,1.0,0
0.0002,55,0,0.3754,2609.0,8,0,1,0,2.0,0
0.0846,63,0,0.8865,7383.0,11,0,1,0,1.0,0
0.3724,46,0,0.6051,6581.0,9,0,1,0,0.0,0
0.7086,59,0,0.5799,6655.0,4,0,0,0,0.0,0
0.1199,48,0,0.6857,2432.0,12,0,0,0,2.0,0
0.6313,56,0,0.4454,1769.0,7,0,0,0,0.0,0
0.153,66,0,0.5955,,8,0,0,0,0.0,0
0.2659,72,0,0.3185,,10,0,3,0,1.0,0
0.7258,67,0,0.6219,3448.0,6,0,0,0,0.0,1
0.4927,52,0,0.608,4516.0,10,0,1,0,1.0,0
0.1875,70,0,0.4729,8838.0,6,0,1,0,0.0,0
0.5654,65,0,0.5934,10753.0,9,0,0,0,0.0,0
0.2181,45,0,0.5141,17266.0,7,0,4,0,1.0,0
0.388,37,0,0.4219,2439.0,6,0,1,0,1.0,0
0.0398,28,0,0.6215,3164.0,3,0,1,0,0.0,0
0.9425,77,0,0.2528,21543.0,11,0,2,0,1.0,0
0.7221,30,0,0.3716,7916.0,6,0,0,0,3.0,0
0.0082,49,2,0.2487,,4,0,2,1,0.0,0
0.2481,57,0,0.6964,,12,0,0,0,1.0,0
0.1693,35,0,0.3135,,10,0,0,0,0.0,0
1.0852,75,0,0.327,,8,0,2,0,2.0,0
0.4657,85,0,0.317,,7,0,1,0,0.0,0
1.2126,54,0,0.333,5906.0,8,0,0,0,1.0,0
0.5389,49,0,0.6057,8829.0,7,0,1,0,0.0,0
0.5863,42,0,0.1476,3697.0,8,0,0,0,1.0,0
0.561,57,0,0.3817,3217.0,14,0,2,0,1.0,1
0.039,23,0,0.4776,5686.0,7,0,1,0,0.0,0
0.2164,53,0,0.1827,2259.0,4,0,0,0,1.0,0
0.0176,62,0,0.6642,6696.0,4,0,1,0,1.0,0
0.0017,43,0,0.1505,3827.0,7,0,0,0,0.0,0
0.8826,55,0,0.3384,,4,0,1,0,2.0,0
0.2177,59,0,0.5675,13466.0,6,0,0,0,1.0,0
0.0769,57,0,0.8241,3345.0,7,0,0,0,2.0,0
1.9872,46,0,0.8016,10156.0,6,0,1,0,1.0,0
1.4954,61,0,0.7489,4316.0,13,0,1,0,0.0,0
0.1326,40,0,0.2947,8469.0,7,0,0,0,0.0,0
0.3766,38,0,0.1237,6110.0,5,0,1,0,0.0,0
1.1205,43,0,0.5739,3967.0,11,0,2,0,0.0,0
0.5797,56,0,0.3111,3502.0,7,0,0,0,0.0,0
0.2231,27,0,0.3566,6557.0,7,0,0,0,0.0,0
0.3504,36,0,0.1694,4704.0,10,0,1,0,0.0,0
2.6797,36,3,0.6626,2573.0,9,0,2,0,1.0,0
0.3493,54,0,0.4862,17948.0,7,0,1,0,1.0,0
0.1749,40,0,0.7326,,13,0,0,0,1.0,0
0.2346,37,0,0.5382,10882.0,6,0,0,0,0.0,0
0.4233,34,0,0.334,,6,0,2,0,2.0,0
0.1023,39,0,0.3307,5809.0,6,0,1,0,2.0,0
0.4324,44,0,0.6809,5009.0,8,0,3,0,2.0,0
0.4742,35,0,0.5195,3127.0,6,0,0,0,0.0,0
0.8775,54,0,0.8985,3279.0,4,0,0,0,0.0,1
0.4753,49,0,0.4019,4431.0,8,0,0,0,2.0,0
0.2002,69,2,0.3983,2950.0,8,0,0,1,0.0,0
0.8855,76,0,0.5469,8522.0,9,0,0,0,0.0,0
0.3356,50,0,0.5981,8980.0,10,0,1,0,0.0,0
0.6922,59,0,0.3428,1734.0,7,0,2,0,0.0,0
0.1533,61,0,0.2735,13919.0,8,0,0,0,2.0,0
0.0646,53,0,0.6713,,5,0,1,0,0.0,0
5.7464,41,0,0.5252,,5,0,1,0,0.0,0
0.7243,57,0,0.5398,,4,0,0,0,2.0,0
0.3272,34,0,0.3498,,6,0,0,0,0.0,0
0.4417,57,0,0.3562,12369.0,15,0,3,0,1.0,0
0.3292,50,0,0.6302,4985.0,6,0,0,0,,0
0.9771,54,0,0.6464,5493.0,12,0,0,0,,0
0.5097,53,0,1.0388,7737.0,11,0,2,0,1.0,0
0.3503,71,0,0.5686,,6,0,0,0,0.0,0
1.0135,41,0,0.3438,3943.0,5,0,2,0,0.0,0
0.0249,64,0,0.8178,3846.0,7,0,4,0,1.0,0
0.274,53,0,0.4807,2773.0,7,0,2,0,0.0,0
0.1638,72,0,1.1207,9832.0,8,0,1,0,0.0,0
0.6072,34,0,0.3363,5477.0,9,0,0,0,0.0,0
0.2237,50,0,0.2384,13909.0,5,0,2,0,1.0,0
0.1793,57,0,0.9524,8613.0,5,0,2,0,1.0,0
0.4362,52,0,0.5636,6103.0,3,0,2,0,2.0,0
0.3292,30,0,0.1651,,13,0,0,0,2.0,0
0.0063,43,0,0.1638,14364.0,12,0,0,0,0.0,0
0.4268,40,0,0.2178,11620.0,5,0,1,0,0.0,0
0.3699,78,0,0.6365,8287.0,14,0,1,0,1.0,0
0.5552,53,0,0.624,27891.0,12,0,3,0,0.0,0
0.014,38,0,0.8153,,9,0,1,0,0.0,0
0.424,63,0,0.3683,6052.0,11,0,2,0,0.0,0
0.084,46,0,0.2601,,5,0,1,0,1.0,0
0.531,70,0,0.5017,13275.0,7,0,0,0,0.0,0
0.6994,41,0,1.1205,9171.0,4,0,1,0,1.0,0
0.3724,37,0,0.4051,1652.0,8,0,2,0,1.0,0
0.3034,44,0,0.4003,4310.0,7,0,1,0,2.0,0
0.3749,59,0,0.7413,,8,0,0,0,0.0,0
2.6678,59,0,0.3764,3148.0,12,0,1,0,1.0,0
0.121,71,0,0.3711,1881.0,7,0,1,0,2.0,0
1.2674,80,0,0.6422,15100.0,4,0,1,0,0.0,0
1.5867,61,2,0.3203,4436.0,12,0,0,0,0.0,0
0.5488,42,0,0.269,4780.0,11,0,1,0,0.0,0
1.2138,65,0,0.5846,4638.0,10,0,0,0,0.0,1
0.4256,53,0,0.4349,4664.0,6,0,1,0,0.0,0
0.3782,52,0,0.3049,5045.0,6,0,2,0,1.0,0
0.5725,51,0,0.4561,5266.0,9,0,3,0,0.0,0
0.0289,38,0,0.4694,7583.0,4,0,1,0,1.0,0
0.5742,41,0,1.1243,1712.0,9,0,0,0,0.0,0
0.1561,35,0,0.2782,7594.0,11,0,0,0,0.0,0
0.0925,27,0,0.1221,9103.0,6,0,0,0,0.0,0
0.1497,55,0,1.4573,8515.0,4,0,2,0,0.0,0
0.033,73,0,0.839,14184.0,6,0,1,0,0.0,0
0.3788,58,0,0.1932,7571.0,8,0,0,0,1.0,0
0.4545,61,0,0.6531,7206.0,7,0,3,0,1.0,0
0.2736,80,0,0.3362,10488.0,6,0,0,0,0.0,0
0.3228,38,0,0.6855,6149.0,9,0,2,0,0.0,0
0.5773,74,0,0.8634,4313.0,9,0,3,0,,1
0.5643,69,0,0.1199,17062.0,12,0,1,0,0.0,0
0.0403,52,0,0.5838,,10,0,1,0,1.0,0
0.2765,36,0,0.3804,7151.0,8,0,1,0,1.0,0
0.2324,59,0,0.6142,4398.0,6,0,1,0,2.0,0
0.2279,86,0,0.3743,6729.0,4,0,1,0,0.0,0
0.6072,66,0,0.1341,,13,0,3,0,2.0,0
0.5735,41,0,0.532,6013.0,7,0,0,0,0.0,0
1.2341,62,1,0.4728,3865.0,6,0,1,0,1.0,0
0.1359,49,0,0.5225,,7,0,2,0,0.0,0
0.4626,61,0,0.2104,,6,0,0,0,0.0,0
0.2975,38,0,0.1502,,9,0,1,0,1.0,0
0.2058,60,0,0.4784,5946.0,7,0,4,0,0.0,0
0.0466,45,0,0.6549,5298.0,4,0,2,0,1.0,0
0.0348,24,1,0.1575,4187.0,5,0,0,3,0.0,0
0.383,52,0,0.3093,4329.0,7,0,3,0,1.0,0
0.2157,41,0,1.2699,,8,0,2,0,1.0,0
0.0588,36,0,0.2049,2308.0,6,0,0,0,1.0,0
0.4977,31,0,0.4126,,9,0,1,0,0.0,0
0.0489,44,0,0.4071,1750.0,12,0,0,0,2.0,0
2.0795,47,0,0.3003,,9,0,2,0,3.0,0
0.7336,54,0,0.4244,3748.0,13,0,0,0,2.0,0
1.6826,43,0,0.5141,,10,0,0,0,1.0,0
0.9276,40,1,0.1816,2210.0,9,0,1,1,0.0,0
0.1266,45,0,0.6088,,9,0,0,0,0.0,0
0.074,53,0,0.1584,4533.0,9,0,1,0,0.0,0
0.2037,50,0,0.5382,4008.0,12,0,1,0,1.0,0
0.0141,53,0,0.9124,3811.0,5,0,1,0,2.0,0
0.9568,37,0,1.0385,4214.0,9,0,0,0,1.0,0
0.3419,33,0,0.4078,7767.0,10,0,1,0,2.0,0
0.2907,59,0,0.5749,3227.0,10,0,1,0,0.0,0
0.0856,57,0,0.5631,6793.0,5,0,0,0,0.0,0
0.5241,24,0,0.9476,6672.0,9,0,1,0,0.0,0
2.8019,54,0,0.6022,6759.0,7,0,1,0,2.0,0
0.4216,49,0,0.755,7186.0,14,0,1,0,0.0,0
3.6856,34,0,0.3253,4574.0,11,0,1,0,1.0,0
0.6113,76,0,0.0952,7312.0,10,0,0,0,1.0,1
0.0954,28,0,0.5812,5896.0,7,0,1,0,1.0,0
0.429,64,0,0.8007,3311.0,4,0,6,0,0.0,0
0.1233,38,0,0.9212,7278.0,8,0,0,0,1.0,0
7.6413,35,0,0.7712,4268.0,9,0,1,0,1.0,1
0.5844,52,0,0.0716,,12,0,2,0,1.0,0
0.21,37,0,0.2518,4734.0,12,0,1,0,0.0,0
0.5352,68,0,0.6041,,4,0,1,0,1.0,0
3.6975,67,0,0.3069,4830.0,7,0,0,0,1.0,0
0.4645,46,0,0.697,,14,0,1,0,0.0,0
0.2701,55,0,0.7783,4272.0,7,0,0,0,1.0,0
0.3771,61,0,0.1473,7425.0,12,0,3,0,0.0,0
0.3973,35,0,0.7708,8563.0,10,0,2,0,1.0,0
0.4357,71,0,0.5871,2912.0,13,0,0,0,1.0,0
0.1888,42,0,0.6663,2092.0,10,0,2,0,1.0,0
0.1293,50,0,0.9063,,6,0,1,0,0.0,0
0.2253,48,0,0.6752,7007.0,8,0,0,0,0.0,0
0.2657,43,0,0.4811,3448.0,3,0,3,0,3.0,0
0.5923,43,0,0.7654,,3,0,0,0,1.0,0
1.8983,57,1,0.3071,,3,0,1,0,0.0,0
0.3861,59,0,0.4396,20390.0,8,0,1,0,4.0,0
0.5768,35,0,0.4799,5432.0,11,0,0,2,0.0,0
0.575,50,0,0.1256,3979.0,5,0,0,0,0.0,0
0.3293,37,0,0.5644,,7,0,1,0,0.0,0
1.6583,37,0,0.6708,,2,0,0,0,1.0,0
0.2623,75,0,0.6389,1698.0,9,0,0,0,0.0,0
0.7692,48,0,0.7578,,10,0,1,0,0.0,0
0.7461,34,0,0.1748,8852.0,13,0,2,0,1.0,0
0.7536,57,0,0.2593,,7,0,3,0,1.0,0
0.509,45,0,0.3111,3730.0,11,0,3,0,2.0,0
0.2018,52,0,1.3744,5739.0,8,0,0,0,1.0,0
0.7988,37,0,0.5199,3507.0,11,0,1,0,1.0,1
0.1147,51,0,0.7295,3267.0,9,0,1,0,0.0,0
0.5557,63,0,0.0914,7232.0,7,0,1,0,0.0,1
0.6778,64,0,0.1951,4164.0,11,0,1,0,0.0,0
0.1896,69,0,0.0604,16310.0,8,0,1,0,0.0,1
0.7794,46,0,0.9391,,7,0,0,0,2.0,0
0.2539,42,0,0.4458,4547.0,8,0,1,0,1.0,0
0.2345,51,0,0.5083,12225.0,2,0,0,0,2.0,0
0.4931,50,0,0.4891,8719.0,8,0,1,0,2.0,0
0.7388,47,0,0.7766,4135.0,4,0,0,0,0.0,0
0.1012,37,0,0.5432,4048.0,13,0,1,0,1.0,0
0.1396,79,0,0.1937,,8,0,2,0,1.0,0
0.2861,55,0,0.2497,4665.0,8,0,1,0,0.0,0
0.1003,27,0,0.6608,3063.0,3,0,0,0,0.0,0
0.6144,51,0,0.6188,4392.0,8,0,0,0,0.0,0
0.6153,64,0,0.2856,,10,0,1,0,1.0,0
2.1684,87,0,0.3629,14673.0,11,0,3,0,0.0,0
0.5381,54,0,0.2301,1192.0,8,0,0,0,1.0,0
4.171,63,0,0.8769,2297.0,5,0,0,0,0.0,1
0.2862,58,0,0.2669,10247.0,8,0,0,0,1.0,0
0.6369,43,0,0.8318,5040.0,4,0,1,0,0.0,0
0.4908,57,0,0.6734,5304.0,2,1,1,0,,0
0.0271,49,0,0.3664,4316.0,12,0,0,0,0.0,0
0.3822,41,0,0.1208,4958.0,10,0,2,0,1.0,0
0.3517,55,0,0.959,14960.0,8,0,1,0,,0
0.7106,55,0,0.6584,1562.0,9,0,1,0,0.0,0
3.9088,62,0,0.6878,5492.0,2,0,3,0,2.0,0
0.1339,65,0,0.4736,,7,0,0,0,0.0,0
0.2883,27,0,0.8406,4453.0,8,0,2,0,,0
3.8455,39,0,0.6308,,7,0,0,0,0.0,0
0.6702,72,0,0.3715,3596.0,6,0,1,0,0.0,0
2.0684,43,0,0.3036,,11,0,0,0,,0
0.1682,37,0,0.0993,17388.0,12,0,0,0,1.0,0
0.1318,26,0,0.5905,9472.0,9,0,2,0,1.0,0
2.924,68,0,0.853,,9,0,2,0,0.0,0
0.1176,48,0,0.5654,1066.0,9,0,1,0,1.0,0
0.3198,35,0,0.2771,5502.0,8,0,3,0,1.0,0
0.4591,40,0,0.6186,1689.0,6,0,4,0,0.0,1
0.7489,39,0,0.596,17301.0,9,0,2,0,0.0,0
5.079,79,0,0.2901,4729.0,11,0,0,0,3.0,0
0.4817,61,0,0.725,2961.0,8,0,2,0,1.0,0
3.7281,58,0,0.4925,,14,0,0,0,0.0,0
0.0442,59,0,0.2112,4151.0,4,0,3,0,2.0,0
0.7908,71,0,0.391,4655.0,8,0,0,0,1.0,0
0.0645,83,0,0.0815,2718.0,9,0,2,0,0.0,0
0.3266,54,0,0.6318,16118.0,8,0,1,0,,0
2.7424,47,0,0.8875,2767.0,5,0,1,0,1.0,0
0.7444,78,0,0.4024,,8,0,2,0,0.0,0
0.8339,44,0,0.3828,8866.0,10,0,1,0,1.0,0
0.2253,67,0,0.4796,1918.0,6,0,0,0,1.0,0
2.6499,37,2,1.6003,5419.0,4,0,2,0,0.0,0
0.0445,56,0,0.6265,2859.0,8,0,0,0,0.0,0
0.5527,52,0,0.3349,3934.0,6,0,2,0,0.0,0
0.5369,48,0,0.3167,3510.0,7,0,0,0,0.0,0
1.3084,55,0,0.6948,,9,0,0,0,0.0,0
0.6411,46,0,0.739,8715.0,8,0,1,0,0.0,0
0.232,26,0,0.6809,6509.0,12,0,0,0,1.0,0
0.4223,64,0,0.7443,7269.0,8,0,2,0,1.0,0
0.1451,47,0,0.4002,3289.0,5,0,0,0,0.0,0
0.0782,50,0,0.4301,,9,0,0,0,0.0,0
0.3165,75,0,0.6627,,7,0,1,0,2.0,0
0.3779,49,0,0.4054,2267.0,11,0,1,0,1.0,0
1.6762,57,0,0.1167,1450.0,11,0,0,0,1.0,0
0.1128,40,0,0.3216,4405.0,8,0,4,0,2.0,0
0.2736,83,0,0.4495,5184.0,6,0,3,0,1.0,0
0.0235,43,0,0.7976,6231.0,10,0,0,0,3.0,0
1.3296,37,3,0.7538,4752.0,9,0,2,0,0.0,0
0.6594,21,0,0.069,7151.0,12,0,2,0,0.0,1
0.4541,61,0,0.0345,6908.0,10,0,0,0,2.0,0
0.5564,59,0,0.9041,,12,0,1,0,0.0,0
0.1792,49,0,0.7629,2807.0,5,0,2,0,1.0,0
0.5524,49,0,0.0424,3947.0,8,0,1,0,0.0,0
0.3948,46,0,0.9347,10479.0,11,0,1,0,3.0,0
0.6101,75,1,0.682,11558.0,12,0,2,0,1.0,0
1.1527,42,0,0.6191,4715.0,8,0,1,0,0.0,0
0.9291,49,0,0.8628,3289.0,8,0,1,0,2.0,0
0.4939,24,0,0.1143,4456.0,12,0,0,0,1.0,0
0.6135,59,0,0.7064,6518.0,9,0,1,0,1.0,0
1.5424,51,0,0.7257,13523.0,4,0,0,0,1.0,0
0.2696,60,0,0.7991,12686.0,6,0,2,0,0.0,0
0.9393,58,0,0.2432,,8,0,1,0,0.0,0
0.6179,56,0,0.4588,6108.0,10,0,1,0,0.0,0
0.1289,42,0,0.9399,5355.0,11,0,3,0,0.0,0
0.1329,43,0,0.6333,,10,0,1,0,0.0,0
4.3111,60,0,0.5744,2945.0,3,0,2,0,0.0,0
8.1228,44,0,0.6238,6733.0,4,0,0,0,0.0,0
8.0865,60,0,0.6355,6582.0,11,0,1,0,0.0,0
0.2233,54,0,0.6521,7356.0,4,0,0,0,3.0,0
16.6752,62,0,0.386,5963.0,7,0,0,0,1.0,0
0.2737,36,0,0.3725,4590.0,6,0,0,0,0.0,0
0.0093,45,0,0.7895,8881.0,5,0,0,0,1.0,0
0.1765,52,0,0.391,15823.0,4,0,2,0,1.0,0
1.2935,41,0,0.2083,1727.0,14,0,0,0,0.0,0
5.4076,46,0,0.9746,,12,0,0,0,0.0,0
0.1544,45,0,0.2557,4983.0,3,0,0,0,1.0,0
0.3167,56,0,0.4355,3608.0,9,0,1,0,1.0,0
0.5253,55,0,0.1314,4163.0,6,0,2,0,0.0,0
0.3974,53,1,0.8004,2506.0,10,4,1,3,1.0,0
0.0715,37,1,0.6133,3110.0,6,0,3,0,3.0,0
0.3918,43,0,0.5639,7619.0,10,0,0,0,0.0,0
0.4289,41,0,0.415,13154.0,6,0,2,0,1.0,0
0.5114,73,0,0.4477,2881.0,10,0,1,0,0.0,0
0.9366,32,0,0.7885,3529.0,6,0,1,0,1.0,1
0.4677,36,0,0.5032,9856.0,11,0,0,0,,0
0.5115,51,0,0.326,5547.0,6,0,2,0,0.0,0
0.0748,37,0,0.6055,4790.0,8,0,2,0,2.0,0
2.9006,43,0,0.2681,4884.0,13,0,0,1,0.0,0
0.174,41,0,0.0923,,13,0,1,0,2.0,0
0.4888,25,0,0.2958,1161.0,6,0,1,0,0.0,1
0.065,52,0,0.4283,5831.0,5,0,1,0,1.0,0
0.0206,30,0,0.2622,4526.0,10,0,1,0,0.0,0
0.8373,81,0,0.0322,8927.0,12,0,0,0,0.0,0
2.8575,44,0,0.2605,7291.0,6,0,1,0,0.0,0
0.3363,46,0,0.4009,2967.0,4,0,0,0,1.0,0
0.3053,39,0,0.4142,6344.0,5,0,1,0,1.0,0
0.3529,52,0,0.6078,11047.0,7,0,0,0,2.0,0
2.7842,56,0,0.7301,4063.0,10,0,1,0,0.0,1
0.0444,27,0,0.3128,1453.0,8,0,0,0,1.0,0
0.0025,56,0,0.7018,5924.0,8,0,0,0,1.0,0
0.7366,56,0,0.6862,,5,0,2,0,0.0,1
0.1062,30,0,0.397,7543.0,8,0,1,0,0.0,0
0.2075,57,0,0.2887,3245.0,2,0,0,0,0.0,0
0.6315,34,0,0.0835,,7,0,2,0,0.0,0
0.4257,44,0,0.184,10676.0,12,0,2,0,2.0,0
0.446,44,0,0.3707,7541.0,8,0,1,0,1.0,0
0.4776,33,0,0.4789,8166.0,7,0,2,0,0.0,0
0.5983,36,0,1.0318,4412.0,12,0,1,0,2.0,0
0.3246,82,0,0.1659,2218.0,9,0,0,0,0.0,0
0.208,27,0,0.979,3080.0,8,0,1,0,3.0,0
0.6841,64,0,0.9182,,12,0,0,0,3.0,0
0.2379,49,0,0.1366,10842.0,9,0,0,0,3.0,0
0.3192,74,0,1.0737,6110.0,9,0,1,0,0.0,0
0.3188,68,0,0.5832,,13,0,2,0,0.0,0
1.3646,34,0,0.7384,1952.0,11,0,0,0,1.0,0
0.4183,42,0,0.4465,1789.0,9,0,1,0,1.0,0
0.0545,64,0,0.3695,4306.0,12,0,3,0,1.0,0
0.7598,51,0,0.4003,3209.0,7,0,0,0,1.0,0
1.2434,38,0,0.2051,,10,0,1,0,0.0,0
0.4819,41,0,0.7324,,13,0,0,0,2.0,0
4.4515,82,0,0.4765,14117.0,8,0,1,0,1.0,0
0.6159,51,0,0.6253,,11,0,0,0,0.0,0
0.3201,52,0,0.2695,10806.0,10,0,1,0,,0
0.5725,61,0,0.1283,2667.0,13,0,0,0,1.0,0
0.596,34,0,0.3727,9682.0,7,0,1,0,0.0,0
2.4127,73,0,1.0552,,6,0,0,0,0.0,0
0.5699,21,2,0.1281,3334.0,7,0,1,1,0.0,0
0.4398,71,0,0.5147,,11,0,1,0,2.0,1
0.3926,59,1,0.3271,7766.0,11,0,1,0,1.0,1
0.2933,63,0,0.6824,21235.0,8,0,2,0,1.0,0
0.221,44,0,0.3978,,9,0,1,0,0.0,0
0.7474,42,0,0.1999,3896.0,7,0,0,0,0.0,0
0.1564,75,3,0.1074,,9,0,1,0,3.0,0
0.4059,91,0,0.6725,8871.0,8,0,2,0,0.0,0
0.0018,55,0,0.8344,6967.0,6,0,2,0,0.0,0
0.0422,70,0,0.8199,,12,0,1,0,1.0,0
0.3218,56,0,0.3859,10173.0,4,0,1,0,2.0,0
1.6184,43,0,0.1427,6366.0,8,0,1,0,1.0,0
0.228,78,0,0.3496,5585.0,10,0,1,0,0.0,0
0.8456,48,2,0.3242,3807.0,12,0,2,1,0.0,0
0.3388,61,0,0.1088,6787.0,11,0,0,0,1.0,0
0.2415,54,0,0.4643,6665.0,6,0,1,0,2.0,0
0.2513,59,0,0.1612,7410.0,16,0,1,0,1.0,0
0.3002,46,0,0.5164,7406.0,2,1,0,1,4.0,0
0.1801,55,0,0.8154,5461.0,5,0,1,0,1.0,0
0.0559,39,0,0.5095,3092.0,5,0,2,0,0.0,0
0.3217,77,1,0.8609,,11,0,0,0,,1
0.2277,57,0,0.4319,2980.0,8,0,1,0,2.0,0
5.5498,51,0,0.0213,4415.0,9,0,2,0,2.0,0
0.7246,60,0,0.1409,3321.0,5,0,0,0,0.0,0
0.158,62,0,0.2557,8635.0,10,0,1,0,1.0,0
0.6519,43,0,0.3305,6934.0,5,0,2,0,3.0,0
0.0247,35,0,0.5614,12130.0,14,0,0,0,2.0,0
0.2484,45,0,0.7162,2975.0,9,0,1,0,0.0,0
4.3472,64,0,0.6009,10873.0,6,0,1,0,2.0,0
0.442,48,0,0.3788,,6,0,2,0,0.0,0
0.2004,36,0,0.5873,3569.0,6,0,3,0,1.0,0
0.2475,54,0,0.3451,9644.0,11,0,2,0,1.0,0
0.4157,76,0,0.374,7983.0,8,0,2,0,2.0,1
0.3539,51,0,0.336,,7,0,1,0,,0
0.0512,29,0,0.4953,8344.0,7,0,2,0,1.0,0
0.5188,40,0,0.2895,,10,0,2,0,3.0,0
0.5652,44,0,0.1967,3443.0,4,0,2,0,1.0,0
0.8514,52,2,0.4843,6400.0,7,1,1,1,0.0,0
0.2023,59,0,0.4514,1851.0,10,0,0,0,1.0,0
0.0002,63,0,0.5706,21572.0,10,0,0,0,2.0,0
0.0354,50,0,0.0672,3237.0,10,0,0,0,2.0,0
0.0907,39,0,0.5382,4533.0,9,0,0,0,1.0,0
0.0273,28,2,0.4672,3638.0,11,1,1,0,2.0,0
0.5249,55,0,0.4342,3180.0,11,0,1,0,0.0,0
1.058,28,0,0.9616,11515.0,7,0,0,0,1.0,0
0.2859,76,0,0.7317,11896.0,15,0,0,0,2.0,0
0.8417,67,2,0.6495,13809.0,6,0,2,0,1.0,0
0.6143,72,0,0.3917,,5,0,0,0,0.0,0
0.4609,49,0,0.176,10661.0,5,0,0,0,1.0,0
0.0261,53,0,1.3378,,12,0,0,0,,0
0.6903,35,0,1.0717,4619.0,8,0,2,0,4.0,0
0.4226,64,0,0.8086,6023.0,9,0,1,0,0.0,0
0.2805,29,0,0.9015,,10,0,1,0,2.0,0
0.4715,48,0,0.378,5433.0,8,0,0,0,0.0,0
0.1829,38,0,0.1914,,11,0,1,0,2.0,0
4.1862,72,0,0.1792,2940.0,8,0,0,0,2.0,0
0.5987,57,0,0.87,3627.0,9,0,0,0,0.0,0
1.1138,56,0,0.3267,2997.0,2,0,0,0,1.0,0
0.8893,47,0,0.3006,5389.0,9,0,1,0,2.0,0
0.172,62,0,0.3824,,10,0,1,0,2.0,0
0.828,73,0,0.5931,,10,0,0,0,0.0,1
1.4924,74,0,0.5943,,6,0,1,0,1.0,0
0.0449,88,0,0.4691,4255.0,3,0,0,0,1.0,0
1.0708,38,0,0.3341,7136.0,6,0,0,0,2.0,0
2.0301,43,0,0.7207,4769.0,5,0,0,0,1.0,1
0.1985,63,0,0.2638,3685.0,3,0,1,0,0.0,0
3.6505,52,0,0.3646,,10,0,0,0,1.0,0
0.123,56,0,0.6784,9612.0,6,0,2,0,2.0,0
0.5916,31,0,0.5042,,13,0,0,0,1.0,0
0.5818,63,0,0.7355,15446.0,7,0,2,0,1.0,0
0.2644,45,0,0.6204,6705.0,8,0,2,0,3.0,0
0.0634,58,0,0.2714,,7,0,3,0,0.0,0
0.1457,49,0,0.7333,4503.0,9,0,2,0,0.0,0
0.0459,37,0,0.9215,4039.0,6,0,0,0,0.0,0
0.2183,76,0,1.1232,3579.0,6,0,2,0,0.0,0
0.7778,60,0,0.6362,9510.0,8,0,1,0,0.0,0
2.6787,52,0,0.4114,2759.0,6,0,0,0,0.0,0
0.4705,38,0,0.3986,9630.0,15,0,1,0,2.0,0
0.6219,62,0,0.3616,,9,0,3,0,1.0,0
0.0611,59,0,0.4468,5356.0,8,0,0,0,1.0,0
0.0841,39,0,0.7325,5033.0,10,0,3,0,0.0,0
0.2763,58,2,0.0507,7807.0,5,0,2,0,1.0,0
0.3079,50,1,0.7906,7143.0,4,0,0,1,0.0,1
0.0963,58,0,0.1291,2749.0,6,0,0,0,2.0,0
0.5008,59,0,0.166,9272.0,11,0,2,0,1.0,0
0.27,43,0,0.601,13716.0,7,0,0,0,1.0,0
0.1802,58,0,0.3482,8404.0,5,0,0,0,0.0,0
0.3937,72,0,0.3378,,8,0,1,0,0.0,0
1.7124,62,0,0.1613,,7,0,2,0,1.0,1
0.0631,52,0,1.1372,9239.0,2,0,0,0,1.0,0
0.2003,53,0,0.8872,4467.0,7,0,1,0,1.0,0
0.519,74,0,0.5682,9961.0,9,0,1,0,0.0,0
0.1594,73,0,0.1265,4719.0,7,0,2,0,1.0,0
0.0343,37,0,0.735,2344.0,9,0,1,0,,0
0.1267,59,0,0.0337,10872.0,10,0,0,0,0.0,0
0.9668,48,0,0.8388,6006.0,7,0,1,0,0.0,0
2.5301,35,0,0.5236,,12,0,1,0,0.0,0
3.2734,64,0,0.0374,6222.0,11,0,0,0,1.0,0
0.3334,60,0,1.1704,8650.0,11,0,1,0,1.0,0
0.1829,44,0,0.5505,6704.0,8,0,1,0,2.0,0
0.4177,48,0,0.1877,5135.0,6,0,1,0,0.0,0
0.7775,68,0,0.0511,,9,0,1,0,0.0,0
0.3736,46,0,0.1041,14990.0,10,0,1,0,1.0,0
0.6528,44,0,0.7869,4097.0,6,0,0,0,1.0,0
0.0252,36,0,1.2101,2381.0,4,0,2,0,0.0,0
0.1197,60,0,0.6351,4766.0,4,0,1,0,1.0,0
1.012,32,0,0.0206,5074.0,12,0,2,0,2.0,0
0.0027,32,0,0.3073,5221.0,6,0,1,0,2.0,0
0.9749,49,0,0.5917,1587.0,4,0,2,0,1.0,0
0.6101,43,1,0.6829,7084.0,9,0,2,0,0.0,0
0.7073,33,0,0.2338,5079.0,7,0,1,0,1.0,0
0.9977,37,0,0.6277,16344.0,10,0,0,0,1.0,0
0.2136,29,2,0.3802,2860.0,9,0,1,1,4.0,0
0.3318,54,0,0.1926,3292.0,7,0,1,0,0.0,0
0.9407,34,0,0.5912,3362.0,7,0,0,0,2.0,0
0.2257,35,0,0.3858,2930.0,6,0,1,0,1.0,0
0.3575,50,0,0.1675,5691.0,10,0,1,0,0.0,0
0.3531,49,0,0.3867,11846.0,6,0,2,0,0.0,0
0.5733,53,0,0.7304,,15,0,0,0,2.0,0
0.737,79,0,0.4115,,9,0,1,0,0.0,0
0.0263,43,0,0.1519,9106.0,14,0,0,0,1.0,0
0.0569,21,0,0.1423,8223.0,9,0,2,0,0.0,0
0.339,64,0,0.7631,,7,0,1,0,0.0,0
0.1055,34,0,0.6828,3969.0,13,0,0,0,1.0,0
0.8351,62,0,0.3806,,8,0,1,0,1.0,0
0.281,39,0,1.0248,3654.0,4,0,0,0,1.0,0
0.7933,52,0,0.457,11640.0,4,0,0,0,1.0,0
0.4694,47,0,0.2257,7198.0,8,0,1,0,0.0,0
0.2719,45,0,0.3933,2076.0,8,0,0,0,2.0,0
1.6078,27,0,0.435,,6,0,2,0,3.0,0
0.0851,44,0,0.3697,5347.0,8,0,0,0,,0
0.3631,36,0,0.2917,4939.0,8,0,1,0,1.0,0
0.2592,56,0,0.159,2970.0,11,0,0,0,2.0,0
0.2058,80,0,0.6273,4299.0,4,0,1,0,1.0,0
0.2449,51,0,0.4775,12685.0,4,0,2,0,0.0,0
0.2557,76,0,0.1508,,4,0,0,0,0.0,0
0.3575,27,0,0.5129,8574.0,5,0,0,0,1.0,0
0.6796,54,0,0.4357,5300.0,6,0,0,0,0.0,0
0.6092,46,0,0.5496,7506.0,4,0,0,0,0.0,0
1.0804,41,0,0.5935,2953.0,4,0,0,0,1.0,0
0.6562,23,0,0.485,6789.0,6,0,3,0,1.0,0
0.1963,58,0,0.1628,3119.0,5,0,4,0,0.0,0
0.8217,64,0,0.4646,5861.0,9,0,2,0,0.0,0
0.0462,53,0,0.2255,7269.0,4,0,0,0,1.0,0
0.5345,30,0,0.3498,3051.0,8,0,0,0,,0
0.1656,38,0,0.7839,3874.0,8,0,2,0,1.0,0
1.1981,45,0,0.4228,1962.0,3,0,0,0,0.0,0
0.2272,68,0,0.661,3327.0,9,0,1,0,0.0,0
0.1232,34,0,0.5898,5107.0,9,0,0,0,1.0,0
0.0918,61,0,0.6647,3287.0,7,0,3,0,1.0,0
0.262,70,0,0.5843,,3,0,1,0,,0
1.0706,50,0,1.1308,,10,0,1,0,0.0,0
0.1914,55,0,0.2252,4565.0,5,0,1,0,0.0,0
0.6055,49,0,0.2426,,9,0,0,0,1.0,0
0.0238,33,0,0.6264,8287.0,2,0,0,0,3.0,0
2.3614,53,0,0.6344,7687.0,7,0,0,0,1.0,0
1.3995,39,0,0.5891,1771.0,8,0,0,0,0.0,0
0.1541,65,0,0.1473,2422.0,9,0,0,0,0.0,0
0.1093,65,0,0.184,,11,0,2,0,0.0,0
0.1221,52,0,0.4154,3988.0,9,0,0,0,0.0,0
0.5142,45,0,0.5444,3285.0,10,0,1,0,0.0,0
0.8998,60,0,0.9437,14962.0,8,0,0,0,0.0,0
0.3186,42,0,0.0069,,13,0,2,0,0.0,0
0.3127,21,0,1.0678,3884.0,14,0,3,0,1.0,0
0.0785,38,0,0.623,11978.0,6,0,0,0,0.0,0
0.2933,45,0,0.1583,3014.0,10,0,0,0,2.0,0
0.9073,36,0,0.3386,5367.0,12,0,1,0,1.0,0
2.7436,70,0,0.2878,1517.0,9,0,1,0,0.0,0
0.7869,30,0,0.4543,6630.0,9,0,1,0,0.0,0
1.2401,57,0,0.1246,2395.0,6,0,2,0,0.0,0
0.218,52,0,0.2112,4489.0,7,0,1,0,0.0,0
0.736,36,0,0.6543,,17,0,1,0,0.0,1
0.2903,51,0,0.2563,2232.0,11,0,0,0,0.0,0
0.0334,36,0,0.1659,8753.0,9,0,1,0,2.0,0
0.0835,53,0,0.6909,15859.0,6,0,0,0,0.0,0
0.1691,52,0,1.0883,2938.0,12,0,0,0,0.0,1
0.0071,26,0,0.3962,4338.0,13,0,2,0,3.0,0
0.5083,25,0,0.4389,,8,0,1,0,0.0,0
0.8379,72,0,0.2369,11645.0,8,0,1,0,0.0,1
0.1675,57,0,1.0587,2872.0,3,0,0,0,0.0,0
0.5183,43,0,0.3681,14314.0,7,0,0,0,0.0,0
0.2318,47,0,0.2433,3829.0,5,0,1,0,1.0,0
0.5733,45,0,0.8565,3126.0,10,0,0,0,1.0,0
0.124,65,0,0.678,,9,0,2,0,0.0,0
0.0787,45,0,0.135,5489.0,7,0,3,0,1.0,0
0.9345,31,0,0.3073,5535.0,6,0,1,0,1.0,0
0.1059,45,0,0.7995,6233.0,7,0,2,0,2.0,0
0.0995,40,0,0.296,15149.0,16,0,0,0,2.0,0
0.5904,49,0,0.1562,4985.0,10,0,2,0,0.0,0
0.4178,71,0,0.315,,8,0,1,0,,0
1.0955,32,0,0.4043,7667.0,8,0,1,0,0.0,0
0.1586,36,0,0.5176,4729.0,9,0,2,0,1.0,0
0.0656,60,0,0.5271,15927.0,7,0,1,0,0.0,0
0.6331,39,0,1.4475,4911.0,4,0,1,0,2.0,0
0.2366,67,0,0.1242,7354.0,4,0,0,0,0.0,0
2.1321,65,0,0.468,2631.0,2,0,1,0,1.0,0
0.1291,61,0,0.5445,6191.0,11,0,0,0,1.0,0
0.5242,68,0,0.4925,6407.0,10,0,1,0,1.0,0
2.675,64,0,0.1654,1342.0,8,0,1,0,0.0,0
0.2355,43,0,0.5195,19451.0,6,0,2,0,1.0,0
0.2748,85,0,0.3859,10121.0,9,0,2,0,0.0,0
0.5356,33,0,1.2328,8832.0,10,0,1,0,2.0,0
0.8793,51,0,0.5493,3651.0,8,0,1,0,1.0,0
0.1545,48,0,0.4843,,9,0,2,0,0.0,0
4.9037,74,0,0.6637,6881.0,8,0,1,0,0.0,0
0.062,61,0,0.0315,6723.0,7,0,1,0,1.0,0
0.224,62,0,0.2818,4258.0,5,0,0,0,0.0,0
7.9705,60,0,0.2233,6640.0,11,0,1,0,0.0,0
0.3195,41,0,0.4174,16251.0,9,0,0,0,1.0,0
0.1568,41,0,0.1853,3874.0,9,0,2,0,,0
1.1899,79,0,0.8849,4405.0,9,0,3,0,0.0,1
0.3533,73,0,0.2006,7585.0,4,0,0,0,0.0,0
0.0404,50,0,0.0765,6845.0,14,0,3,0,0.0,0
0.2343,42,0,0.2913,2542.0,8,0,3,0,0.0,0
0.1451,56,0,0.4203,3861.0,6,0,0,0,0.0,0
0.2523,70,0,0.4311,5593.0,6,0,0,0,0.0,0
0.6627,58,0,0.3859,2775.0,9,0,1,0,2.0,0
0.2453,45,0,0.4315,,5,0,1,0,0.0,0
0.4123,52,0,0.5576,,7,0,1,0,2.0,0
0.3035,53,0,0.1581,,6,0,0,0,0.0,0
0.1099,75,0,0.6641,7095.0,11,0,1,0,0.0,0
0.3038,38,0,0.5219,9476.0,10,0,0,0,0.0,0
0.0118,54,0,0.1848,,7,0,0,0,3.0,0
0.3365,63,0,0.5451,5351.0,6,0,2,0,0.0,1
0.6148,38,0,0.636,4804.0,7,0,1,0,1.0,1
0.4198,45,0,0.208,1712.0,12,0,1,0,1.0,0
0.6678,64,0,0.7716,6748.0,10,0,0,0,1.0,0
0.1733,57,0,0.6059,5134.0,5,0,1,0,0.0,0
0.2234,61,0,0.5442,7883.0,8,0,0,0,,0
0.0569,70,0,0.1489,6491.0,9,0,0,0,1.0,0
0.0491,51,0,0.4974,3441.0,5,0,2,0,0.0,0
0.284,78,0,0.0699,4414.0,8,0,0,0,0.0,0
1.6691,74,0,0.4199,3248.0,7,0,2,0,1.0,0
0.3417,51,0,0.2422,,6,0,0,0,3.0,0
0.1647,61,4,0.3254,3951.0,5,0,2,0,1.0,0
0.0764,56,0,0.1734,12450.0,9,0,0,0,0.0,0
0.3389,30,0,0.1039,8195.0,12,0,0,0,0.0,0
0.7099,74,0,0.2987,1077.0,8,0,0,0,0.0,1
1.5917,38,0,0.6325,3423.0,4,0,3,0,1.0,1
0.4236,64,0,0.7311,4686.0,10,0,0,0,2.0,0
0.4318,51,0,0.3873,5370.0,7,0,1,0,1.0,0
0.0814,35,0,1.0065,5175.0,13,0,1,0,0.0,0
1.3991,67,0,0.358,7120.0,12,0,0,0,0.0,0
0.5809,61,0,0.7936,4695.0,3,0,0,0,1.0,0
3.0767,42,0,0.3661,9664.0,8,0,0,0,2.0,0
0.1925,35,0,0.4425,11373.0,10,0,1,0,0.0,0
1.2539,54,0,1.3221,1519.0,9,0,3,0,0.0,0
0.0203,55,0,0.6713,2664.0,15,0,1,0,1.0,0
0.3347,62,0,0.6326,4716.0,12,0,3,0,2.0,0
0.6698,21,0,0.3664,2938.0,8,0,1,0,2.0,1
0.338,71,0,0.0598,5792.0,8,0,0,0,2.0,0
0.0168,49,0,0.0934,6050.0,9,0,2,0,2.0,0
2.086,60,0,1.0152,3104.0,8,0,1,0,2.0,1
0.0595,50,0,0.673,8006.0,8,0,1,0,1.0,0
0.0728,63,2,1.0114,,10,0,2,1,1.0,0
0.6337,33,0,0.2456,4908.0,6,0,1,0,1.0,0
0.4272,34,0,1.0357,3397.0,6,0,0,0,0.0,0
0.3132,60,0,0.5887,22000.0,7,0,0,0,0.0,0
0.6243,70,0,0.5738,4330.0,14,0,0,0,1.0,0
0.0235,58,0,0.4083,5301.0,11,0,2,0,2.0,0
0.3456,38,0,0.3009,,6,0,1,0,1.0,0
0.1194,70,0,0.4296,9126.0,3,0,2,0,1.0,0
0.3868,53,0,0.6877,6560.0,10,0,1,0,1.0,0
0.5184,47,0,0.5651,2831.0,6,0,1,0,1.0,0
0.7516,58,0,0.4171,3286.0,8,0,3,0,2.0,0
3.5606,52,0,0.5635,6483.0,7,0,1,0,0.0,0
2.3493,39,3,0.0564,2617.0,4,0,0,0,1.0,1
0.6348,57,0,0.6764,4211.0,9,0,1,0,0.0,0
0.9124,39,0,0.3598,24986.0,6,0,0,0,0.0,0
0.2878,63,0,0.0587,7955.0,8,2,1,0,1.0,0
0.2213,51,0,0.1785,10027.0,8,0,1,0,3.0,0
0.531,52,0,0.6107,1102.0,9,0,0,0,1.0,0
2.5784,64,0,0.2629,2744.0,6,0,2,0,0.0,0
0.3266,37,0,0.5351,1963.0,5,0,0,0,0.0,0
2.1682,49,0,0.5704,3972.0,9,0,0,0,1.0,0
0.2366,64,0,0.1906,,6,0,2,0,1.0,0
0.0609,48,0,0.6974,2435.0,11,0,1,0,3.0,0
1.7957,21,0,0.237,3730.0,15,0,1,0,2.0,0
0.1776,54,0,0.1242,7095.0,6,0,3,0,2.0,0
0.9089,62,0,1.1965,9539.0,7,0,2,0,2.0,0
0.0016,59,0,0.295,,20,0,1,0,1.0,0
0.0471,59,0,0.1258,10543.0,5,0,0,0,1.0,0
0.4246,46,0,0.2155,,7,0,2,0,0.0,1
0.2773,41,0,0.4621,3656.0,12,0,4,0,1.0,0
0.1114,60,0,0.908,5605.0,6,0,1,0,0.0,0
0.175,52,0,0.3124,5083.0,8,0,0,0,0.0,0
0.1069,47,0,0.2437,2352.0,10,0,2,0,1.0,0
0.5725,46,0,0.5163,6382.0,7,0,2,0,1.0,0
0.3692,54,0,0.6255,,8,0,2,0,0.0,0
0.5397,56,0,0.9552,2259.0,9,0,0,0,,1
0.0408,43,0,0.6353,,8,0,0,0,2.0,0
0.614,52,0,0.3783,6367.0,16,0,0,0,1.0,0
1.4511,31,2,0.3554,4086.0,7,0,1,0,1.0,0
0.0486,60,0,1.0702,3364.0,8,0,1,0,0.0,0
0.1665,56,0,0.761,,4,0,0,0,1.0,0
0.3086,54,0,0.2341,6188.0,5,0,1,0,0.0,0
0.9622,48,0,0.6877,6400.0,7,0,2,0,2.0,0
0.3887,73,0,0.0572,7216.0,6,0,0,0,2.0,0
0.0033,45,0,0.4694,6627.0,9,0,2,0,1.0,0
0.7372,31,0,0.1374,,9,0,1,0,2.0,0
0.0668,46,0,0.248,6196.0,5,0,3,0,0.0,0
0.3582,35,0,0.5273,3506.0,6,0,1,0,0.0,0
0.4379,21,0,0.4892,,8,0,1,0,1.0,1
0.1575,78,0,0.1078,1015.0,10,0,0,0,2.0,0
0.4738,43,0,0.1647,2803.0,5,0,2,0,0.0,0
0.2571,68,0,0.8487,,11,0,1,0,1.0,0
0.2488,57,0,0.7874,3153.0,8,0,0,0,2.0,0
0.6892,68,0,0.1814,7814.0,9,0,0,0,0.0,0
0.052,39,0,0.3431,6269.0,6,0,0,0,0.0,0
3.5413,81,0,0.527,4556.0,6,0,1,0,0.0,0
2.4842,37,1,0.2107,2593.0,10,0,0,0,0.0,0
0.5283,54,0,0.407,4722.0,5,0,0,0,2.0,0
0.2506,46,0,0.1454,2818.0,13,0,1,0,0.0,0
0.3926,68,0,0.3538,6453.0,10,0,0,0,0.0,0
2.1653,59,0,0.2476,947.0,7,0,2,0,1.0,0
0.5139,24,0,0.1328,3910.0,7,1,1,1,1.0,0
2.2228,48,0,0.6207,8059.0,4,0,1,0,1.0,0
0.2833,71,0,0.32,2065.0,6,0,1,0,0.0,0
0.0712,41,0,0.7981,,5,0,0,0,0.0,0
0.6716,47,0,0.2609,5717.0,9,0,1,0,1.0,0
3.4115,51,0,0.552,,7,0,0,0,0.0,0
0.0983,46,0,0.1854,3160.0,8,0,0,0,1.0,0
0.1594,69,0,0.2878,6172.0,10,0,0,0,2.0,0
0.0931,43,0,0.168,7817.0,3,0,1,0,2.0,0
0.2958,53,0,0.5381,,7,0,2,0,0.0,0
2.3884,63,0,0.4324,3365.0,5,0,0,0,0.0,1
0.1722,56,0,0.6611,3524.0,10,0,1,0,0.0,0
0.569,64,0,0.5944,,12,0,1,0,1.0,1
0.8195,47,0,0.3058,,6,0,1,0,2.0,0
0.3427,45,0,0.5655,4443.0,11,0,4,0,1.0,0
6.8467,54,0,0.503,2893.0,7,0,1,0,0.0,0
0.357,50,0,0.0804,,6,0,1,0,3.0,0
0.1342,53,0,0.296,7832.0,10,0,3,0,2.0,0
0.054,53,0,0.7318,20815.0,4,0,1,0,0.0,0
0.032,57,0,0.5125,7694.0,6,0,0,0,0.0,0
0.8716,54,0,0.8144,4348.0,9,0,0,0,1.0,0
3.612,60,1,0.7434,12870.0,10,1,5,0,1.0,0
0.2241,47,0,0.5288,2770.0,11,0,0,0,2.0,0
0.6162,62,0,0.4405,7886.0,13,0,0,0,1.0,0
0.3633,47,0,0.8348,13182.0,6,0,3,0,1.0,0
0.2552,83,0,0.8069,10446.0,7,0,1,0,1.0,0
1.5351,69,0,0.4361,9874.0,12,0,0,0,1.0,0
0.0008,77,0,0.5356,6590.0,10,0,1,0,1.0,0
0.5828,52,0,0.2479,3212.0,11,0,4,0,2.0,0
0.6647,40,0,1.6407,,10,0,0,0,1.0,0
1.1425,21,0,0.3273,4972.0,9,0,0,0,0.0,0
0.8038,37,0,0.3397,,8,0,1,0,2.0,0
1.1154,53,0,0.7056,13717.0,7,0,1,0,2.0,0
0.8151,72,0,0.4117,3869.0,8,0,2,0,1.0,0
0.1909,44,0,0.472,6342.0,13,0,1,0,1.0,0
0.3228,46,0,0.5232,,6,0,0,0,0.0,0
0.5572,62,0,0.3624,7741.0,8,0,2,0,0.0,0
1.2192,24,3,0.1536,1053.0,5,0,0,0,0.0,0
0.2204,63,0,0.7857,16812.0,4,0,1,0,0.0,0
1.1259,68,0,0.3381,4795.0,8,0,0,0,1.0,0
4.8998,76,1,0.2874,3513.0,7,0,3,2,0.0,0
2.7024,55,0,0.4655,4475.0,7,0,1,0,0.0,0
0.4725,52,0,0.5888,3351.0,9,0,0,0,0.0,0
0.1175,59,0,0.4475,,13,0,1,0,1.0,0
2.1176,65,0,0.8648,,9,0,1,0,0.0,0
3.1674,66,0,0.9623,3639.0,5,0,2,0,2.0,0
0.4726,53,0,0.7828,1811.0,5,0,2,0,1.0,0
0.8625,45,0,0.4061,2910.0,12,0,0,0,0.0,0
0.7017,40,0,0.6763,,12,0,0,0,2.0,0
0.8157,58,0,0.2522,7898.0,14,0,1,0,0.0,0
0.2524,58,0,0.5477,4761.0,7,0,2,0,1.0,0
0.462,43,0,0.2863,,6,0,1,0,1.0,0
0.8862,51,0,0.7211,9821.0,3,0,3,0,0.0,0
0.4608,85,0,0.5734,,12,0,0,0,1.0,1
0.2106,72,0,0.5131,2849.0,11,0,3,0,2.0,0
0.1722,80,0,0.6072,1537.0,5,0,0,0,0.0,0
0.0891,63,0,0.6517,3720.0,4,0,1,0,4.0,0
0.2662,74,0,0.478,3815.0,8,0,1,0,0.0,0
6.7223,43,0,0.5649,4969.0,6,0,0,0,1.0,0
0.2486,68,0,0.2381,4838.0,10,0,0,0,0.0,0
3.3923,59,0,0.5912,4271.0,10,0,0,0,1.0,0
0.8409,67,0,0.485,5643.0,5,0,0,0,0.0,0
4.1622,54,0,0.3216,8144.0,7,0,0,0,1.0,0
0.0581,37,0,0.5946,4793.0,10,0,0,0,1.0,0
0.0027,45,0,0.6452,4399.0,3,0,0,0,0.0,0
0.6202,74,0,0.1747,8209.0,9,0,0,0,0.0,0
0.4676,39,0,0.6347,4171.0,6,0,0,0,1.0,0
0.0154,57,0,0.5062,,5,0,1,0,0.0,0
6.6964,49,0,0.1991,14496.0,8,0,2,0,0.0,0
0.0443,68,0,0.3663,3759.0,4,0,1,0,1.0,0
0.0792,32,0,0.7402,3574.0,11,0,1,0,3.0,0
0.1179,44,0,0.1572,,14,0,1,0,0.0,0
0.5632,31,0,0.3941,,10,0,3,0,0.0,0
0.4509,44,0,0.9727,10827.0,5,0,1,0,0.0,0
0.6558,63,0,0.4913,10323.0,9,0,1,0,0.0,0
4.4602,28,0,0.1198,2701.0,7,0,1,0,2.0,0
0.3212,39,0,0.9209,5783.0,8,0,0,0,0.0,0
0.6315,41,0,0.5673,8266.0,5,0,0,0,1.0,0
0.0434,48,0,0.1586,3145.0,12,0,0,0,0.0,0
0.0785,45,0,0.4663,3383.0,4,0,0,0,0.0,0
0.399,54,0,0.4954,6573.0,5,0,3,0,1.0,0
0.2005,63,0,0.3887,2863.0,4,0,0,0,1.0,0
0.0819,27,0,0.9912,3994.0,14,0,0,0,1.0,0
0.2383,58,0,0.2914,7829.0,6,0,0,0,0.0,0
0.5698,49,0,0.7814,11448.0,12,0,1,0,1.0,0
1.1143,56,0,0.9236,,8,0,0,0,,0
0.5951,47,0,0.4408,1891.0,3,0,1,0,1.0,0
0.473,68,0,0.541,,9,0,3,0,3.0,0
0.2088,48,0,0.3456,12267.0,10,0,1,0,1.0,0
0.7505,72,1,0.2719,,10,0,2,0,1.0,0
4.0707,74,0,0.415,5227.0,5,0,0,0,4.0,0
0.9935,49,0,0.9243,,6,0,1,0,1.0,1
0.4607,58,0,0.5426,6112.0,9,0,4,0,2.0,0
0.8927,55,0,0.5484,,12,0,1,0,0.0,0
0.7332,55,0,0.2087,6285.0,13,0,0,0,0.0,0
0.6836,23,0,0.5691,5318.0,12,0,2,0,1.0,0
0.388,21,0,0.7809,,11,0,0,0,0.0,0
0.0103,54,0,0.4921,5872.0,8,0,0,0,,0
0.4924,66,0,0.6057,6267.0,7,0,2,0,1.0,0
0.5931,58,0,0.7457,6106.0,6,0,2,0,1.0,0
0.0569,60,0,0.2459,,5,0,1,0,1.0,0
0.4002,56,0,0.4462,4448.0,7,0,0,0,1.0,0
0.5822,53,0,0.9928,,8,0,1,0,1.0,0
1.2902,66,0,0.6997,7009.0,5,0,1,0,0.0,0
0.7109,46,0,0.1105,7050.0,9,0,0,0,0.0,0
0.5501,64,0,0.3777,7653.0,7,0,1,0,1.0,0
0.1861,49,0,0.786,8465.0,8,0,3,0,0.0,0
0.2546,52,0,0.5081,8611.0,12,0,2,0,0.0,0
0.0869,71,0,0.2813,2816.0,9,0,0,0,0.0,0
0.3826,54,0,0.7917,,7,0,1,0,0.0,0
0.8606,59,0,0.7282,18826.0,7,0,0,0,1.0,1
4.0859,65,1,0.2497,6630.0,14,0,0,1,1.0,0
0.2891,21,0,0.6196,5205.0,10,0,1,0,0.0,0
0.5845,58,0,0.7153,,10,0,1,0,0.0,0
0.408,54,0,0.8342,,9,0,2,0,2.0,0
0.1149,32,0,0.7612,,9,0,0,0,1.0,0
0.2599,47,0,0.6145,2285.0,7,0,0,0,1.0,0
1.6589,57,0,0.2799,8179.0,9,0,1,0,1.0,0
5.1662,38,0,0.8307,7142.0,9,0,2,0,2.0,0
0.4439,56,0,0.2349,5276.0,9,0,3,0,0.0,0
0.3102,41,0,0.5249,21653.0,8,0,1,0,0.0,0
0.2084,42,0,0.2063,2658.0,11,0,1,0,1.0,0
0.0853,44,0,0.754,3635.0,9,0,2,0,0.0,0
1.8988,63,0,0.3388,,12,0,0,0,0.0,0
0.4163,71,0,0.4505,6522.0,8,0,1,0,1.0,0
0.2878,60,0,0.6424,6772.0,7,0,0,0,0.0,0
0.5958,45,0,0.1985,,9,0,0,0,1.0,0
2.002,59,0,0.938,11457.0,6,0,1,0,1.0,0
0.2912,63,0,1.1294,,11,0,2,0,0.0,0
0.1314,51,0,0.189,3161.0,14,0,0,0,0.0,0
0.4077,39,0,0.4666,3753.0,13,0,1,0,1.0,0
0.6758,77,0,0.946,13680.0,5,0,0,0,2.0,0
0.157,48,0,0.2556,4883.0,5,0,2,0,0.0,0
1.1507,51,0,0.6753,7093.0,8,0,0,0,3.0,0
0.937,44,1,0.519,4118.0,8,0,0,0,5.0,0
0.3581,76,0,1.3306,8465.0,5,0,0,0,0.0,0
0.6581,70,0,0.6869,8429.0,8,0,2,0,1.0,0
0.4812,57,0,0.1485,,10,0,1,0,3.0,0
0.3244,66,0,0.5102,3834.0,11,0,3,0,0.0,0
0.2299,50,0,0.2081,6678.0,10,0,1,0,0.0,0
0.4622,67,0,0.3717,15224.0,10,0,1,0,,0
4.0412,52,0,0.6637,,13,0,1,0,0.0,0
0.238,56,0,0.5558,14489.0,8,0,1,0,1.0,0
1.4909,43,0,0.7661,1667.0,9,0,4,0,1.0,0
0.4417,25,0,0.7841,4462.0,2,0,0,0,0.0,0
3.7152,42,0,0.2929,9801.0,6,0,0,0,0.0,0
1.1476,52,0,0.8585,,8,0,3,0,0.0,0
0.8417,42,0,0.7862,7948.0,12,0,0,0,3.0,0
0.0382,87,3,0.6197,12591.0,2,2,1,0,,0
0.0079,65,0,0.1732,2582.0,7,0,0,0,1.0,0
0.0625,57,0,0.5291,5923.0,9,0,1,0,1.0,0
0.6002,53,0,0.4468,6382.0,9,0,1,0,0.0,0
0.7662,56,3,0.3159,,3,0,1,0,0.0,0
0.8358,68,1,0.1521,3790.0,7,0,0,0,1.0,0
0.2236,52,0,0.3348,12160.0,6,0,0,0,1.0,0
3.4782,44,2,0.096,,7,0,1,0,0.0,0
2.5275,46,0,0.3227,16403.0,7,0,0,0,0.0,0
0.7224,36,0,0.666,2961.0,11,0,1,0,2.0,1
0.9149,40,0,0.6273,,6,0,3,0,1.0,0
0.1771,64,0,1.0047,8158.0,12,0,1,0,0.0,0
1.0133,63,0,0.2693,21213.0,7,0,0,0,0.0,0
0.3497,64,0,0.45,5274.0,10,0,2,0,1.0,0
0.7313,36,0,0.2761,6270.0,6,0,1,0,0.0,0
0.12,67,0,0.3204,9977.0,11,0,0,0,2.0,0
0.7117,47,0,0.5587,2270.0,6,0,0,0,2.0,0
0.2447,47,0,0.0362,13656.0,10,0,0,0,2.0,0
0.0127,39,0,1.011,4500.0,5,0,0,0,0.0,0
0.5013,33,0,0.0453,2943.0,11,0,0,0,2.0,0
0.5382,38,0,0.7064,1654.0,8,0,3,0,0.0,0
0.9355,40,0,0.6894,4320.0,11,0,2,0,0.0,0
0.1722,45,0,0.2496,6327.0,9,0,2,0,1.0,0
0.4729,65,0,0.0421,2766.0,6,0,0,0,,0
0.364,64,0,0.8639,3218.0,10,0,1,0,1.0,0
0.6261,64,0,0.9207,1456.0,14,0,0,0,1.0,0
5.6596,45,0,0.9789,7311.0,9,0,0,0,1.0,0
0.5081,45,0,0.4246,3015.0,6,0,3,0,3.0,0
0.1147,66,0,0.0148,5171.0,6,0,1,0,,0
1.8214,31,0,0.7428,5055.0,7,0,1,0,1.0,1
0.1268,23,4,0.4687,4711.0,8,0,0,0,0.0,0
3.7189,34,0,0.487,4587.0,6,0,0,0,0.0,0
0.1726,56,0,0.6646,6434.0,6,0,0,0,2.0,0
0.1765,51,0,1.0843,4751.0,8,0,1,0,0.0,0
0.224,34,0,0.8016,3906.0,4,0,1,0,0.0,0
0.0335,54,0,0.3135,,7,0,0,0,1.0,0
1.0252,61,0,1.4343,2769.0,9,0,1,0,1.0,1
0.5995,88,0,0.0513,8757.0,11,0,0,0,1.0,0
1.0071,71,0,0.5154,38394.0,8,0,5,0,0.0,0
0.1092,56,0,0.4257,,6,0,1,0,2.0,0
1.0969,65,0,0.564,4900.0,4,0,2,0,0.0,0
0.4285,88,0,0.0465,9116.0,6,0,2,0,1.0,1
0.3712,40,0,0.225,18063.0,5,0,2,0,1.0,0
0.2621,32,0,0.4951,7372.0,10,0,0,0,6.0,0
0.1138,68,0,0.1473,3572.0,4,0,3,0,4.0,0
2.2441,49,2,0.3665,4384.0,3,0,0,0,0.0,0
3.3886,37,0,0.6404,8470.0,5,0,1,0,0.0,0
0.0656,51,0,0.3706,2735.0,7,0,0,0,0.0,0
0.3174,40,0,0.6892,2171.0,6,0,2,0,1.0,0
0.5,37,0,1.0111,,7,0,2,0,0.0,0
0.867,61,0,0.1663,4453.0,9,0,0,0,0.0,0
0.0024,44,0,0.7451,9710.0,8,0,0,0,1.0,0
0.935,31,0,0.5174,22928.0,9,0,2,0,0.0,0
0.0109,53,3,1.3498,2701.0,8,0,4,0,3.0,0
0.6787,47,0,0.4955,5341.0,14,0,2,0,1.0,0
0.0943,58,0,0.5619,6092.0,14,0,0,0,0.0,0
1.0978,49,0,0.2249,,8,0,2,0,1.0,0
1.0785,44,0,0.4911,4500.0,5,0,0,0,0.0,0
0.2183,70,0,0.1711,9097.0,7,0,1,0,0.0,0
0.4514,36,0,0.5946,10508.0,5,0,2,0,0.0,0
0.7696,68,0,0.6216,6132.0,8,0,1,0,1.0,0
0.3861,53,0,0.6804,,5,0,2,0,0.0,0
0.1308,66,0,0.5084,5773.0,9,0,1,0,0.0,0
0.4218,52,0,1.071,3811.0,6,0,3,0,0.0,0
3.3482,57,0,0.5297,22887.0,13,0,1,0,,0
0.0202,57,0,0.7713,5652.0,7,0,1,0,0.0,0
0.5667,72,0,0.269,8192.0,12,0,3,0,1.0,0
0.0101,57,0,0.4657,14251.0,1,0,2,0,1.0,0
0.74,34,0,0.742,4616.0,7,0,0,0,1.0,0
0.0471,55,0,0.4496,2671.0,4,0,0,0,2.0,0
0.4883,67,0,0.7368,,10,0,0,0,,0
0.2368,69,0,0.5538,9405.0,1,0,2,0,0.0,0
0.95,47,0,0.5463,9741.0,7,0,1,0,0.0,0
0.3299,44,0,0.476,2533.0,3,0,1,0,1.0,0
1.9763,36,0,0.4794,8599.0,11,0,1,0,1.0,0
1.1603,64,0,0.4309,4464.0,8,0,0,0,1.0,0
0.6711,63,0,0.3273,7924.0,13,0,0,0,1.0,0
0.9531,73,0,0.4405,2911.0,12,0,1,0,2.0,0
0.3204,43,0,0.8065,,6,0,1,0,0.0,0
0.0348,55,0,0.2643,4642.0,12,0,0,0,0.0,0
0.2965,50,0,0.5277,,4,0,0,0,3.0,0
0.1627,45,0,0.3714,10820.0,10,0,2,0,1.0,1
0.1681,51,0,0.5284,1504.0,2,0,1,0,1.0,0
0.0481,36,0,0.3973,5183.0,12,0,4,0,0.0,0
0.5087,62,0,0.2162,2354.0,3,0,0,0,1.0,0
0.3007,66,0,0.1866,8869.0,2,0,2,0,1.0,0
0.2009,62,0,0.5101,3629.0,9,0,2,0,0.0,0
0.3652,52,0,0.423,3410.0,12,0,0,0,0.0,0
0.4996,64,0,0.1278,6710.0,8,0,1,0,1.0,0
0.2252,47,0,0.0445,7959.0,11,0,0,0,0.0,0
0.3958,33,0,0.297,1289.0,5,0,0,0,3.0,0
0.0973,48,0,0.5324,6641.0,4,0,0,0,0.0,0
0.525,44,0,1.0292,14970.0,3,0,1,0,1.0,0
0.1411,86,0,0.123,29671.0,9,0,1,0,2.0,0
0.2909,63,0,0.5142,1589.0,10,0,0,0,3.0,0
0.2424,52,0,0.3282,4432.0,9,0,2,0,0.0,0
3.4291,68,0,0.2517,,8,0,0,0,0.0,0
7.0135,62,0,0.21,3666.0,11,0,2,0,2.0,0
0.1844,54,0,0.9418,,7,0,1,0,0.0,0
0.6065,50,0,0.0796,1838.0,7,0,0,0,0.0,0
0.2857,41,0,0.0522,4951.0,6,0,2,0,1.0,0
0.3454,58,0,0.4249,15723.0,10,0,0,0,1.0,0
1.041,65,0,1.2872,6680.0,7,0,1,0,0.0,0
5.7407,34,0,0.427,,5,0,1,0,0.0,0
0.1817,59,0,0.2905,6585.0,5,0,1,0,,0
0.0897,58,0,0.5811,7560.0,7,0,1,0,1.0,0
0.3114,41,0,0.1474,3509.0,8,0,3,0,0.0,0
0.2956,52,0,0.654,6570.0,8,0,4,0,1.0,0
0.1973,32,0,0.477,1255.0,8,0,0,0,2.0,0
0.167,55,0,0.8336,5969.0,8,0,0,0,1.0,0
2.5943,59,0,0.4642,4923.0,6,0,0,0,0.0,1
0.2751,62,4,0.1413,,5,2,0,0,0.0,0
0.2765,58,0,0.123,3431.0,6,0,0,0,1.0,0
0.398,67,0,0.0856,4157.0,6,0,0,0,3.0,0
0.6153,43,0,0.1047,5385.0,6,0,0,0,0.0,0
1.5625,62,2,0.5572,,13,0,2,0,0.0,0
0.3923,47,0,0.788,4845.0,5,0,2,0,0.0,0
2.3804,41,0,0.7931,3617.0,5,0,1,0,1.0,0
0.1112,45,0,0.5627,,9,0,0,0,,0
0.4181,36,0,0.212,3561.0,11,0,2,0,0.0,0
0.5824,57,0,0.5601,,6,0,1,0,0.0,0
0.0607,36,0,1.0298,3119.0,7,0,0,0,3.0,0
1.1144,64,0,0.2327,,7,0,0,0,0.0,0
0.1828,57,0,0.841,,11,0,0,0,2.0,0
0.4655,59,0,0.5561,13614.0,12,0,0,0,0.0,0
0.6638,49,0,0.3868,8654.0,13,0,1,0,1.0,0
0.059,23,0,0.5995,4604.0,11,0,0,0,0.0,0
0.68,47,0,0.4516,,7,0,2,0,2.0,0
0.5147,53,0,0.8414,2912.0,8,0,1,0,1.0,0
1.0122,46,0,0.8936,2589.0,8,0,1,2,2.0,0
0.629,64,0,0.4774,11286.0,11,0,4,0,1.0,0
0.5912,48,0,0.2851,3981.0,11,0,1,0,,0
1.2784,60,0,0.3173,8781.0,6,0,1,0,0.0,0
0.0897,42,0,0.9076,12438.0,8,0,0,0,0.0,0
0.0975,65,0,0.3636,11648.0,11,0,0,0,0.0,0
0.5704,69,1,0.4949,17203.0,6,0,0,2,0.0,0
1.2074,43,2,0.4423,5245.0,11,1,1,2,2.0,0
0.3528,65,0,0.6434,9156.0,8,0,2,0,1.0,0
0.3657,56,0,1.1118,,11,0,1,0,1.0,0
0.0273,39,0,0.4732,3936.0,7,0,1,0,0.0,0
0.5827,54,0,0.0462,6164.0,9,0,1,0,1.0,0
0.1317,58,0,0.8815,4440.0,2,0,0,0,1.0,0
0.2135,28,0,0.8375,11335.0,15,0,1,0,1.0,0
0.5778,42,0,0.7242,7772.0,5,0,2,0,0.0,0
0.6895,56,0,0.7902,5874.0,8,0,1,0,0.0,0
0.3016,34,2,0.8624,3880.0,7,0,3,1,1.0,0
0.3936,30,0,0.4425,5101.0,9,0,1,0,0.0,0
0.171,67,0,0.2596,3786.0,8,0,0,0,1.0,0
0.293,80,0,0.964,3846.0,11,0,5,0,0.0,0
0.5787,61,0,0.6296,10381.0,3,0,3,0,1.0,0
0.0657,50,0,0.5135,,8,0,2,0,0.0,0
0.7564,45,0,0.4708,6554.0,6,0,1,0,0.0,0
0.8821,65,0,0.5537,4074.0,4,0,0,0,1.0,0
4.5634,45,0,0.4128,1458.0,9,0,0,0,,0
0.2241,72,0,0.1848,4850.0,9,0,2,0,0.0,0
0.5397,58,0,0.8426,1846.0,7,0,1,0,1.0,0
0.2459,63,0,0.5779,4087.0,7,0,0,0,1.0,0
1.4718,61,0,1.1702,5320.0,7,0,1,0,0.0,0
0.2529,43,0,0.1167,8582.0,10,0,0,0,1.0,0
0.3738,69,0,0.8363,4121.0,10,0,0,0,1.0,0
0.4305,60,0,0.5646,6157.0,9,0,3,0,1.0,0
1.7284,35,0,0.6627,3261.0,13,0,0,0,1.0,0
2.4225,37,0,0.5476,3679.0,7,0,1,0,2.0,1
0.0407,22,0,0.6807,,5,0,0,0,0.0,0
0.2494,51,1,0.7602,4704.0,6,0,0,2,0.0,0
0.4681,50,0,0.6073,10030.0,7,0,2,0,0.0,0
0.3867,65,0,0.3235,8815.0,17,0,0,0,2.0,0
0.8928,76,1,0.7613,8711.0,10,2,1,1,1.0,0
0.0937,60,0,0.6129,6571.0,10,0,0,0,,0
0.2344,27,0,0.458,,8,0,0,0,3.0,0
0.8942,61,2,0.6241,,10,0,0,2,0.0,0
0.1833,45,0,0.2547,,4,0,1,0,1.0,0
0.1009,55,0,0.2972,15228.0,4,0,0,0,1.0,0
0.6348,72,0,0.4125,9383.0,3,0,2,0,3.0,0
0.7719,41,0,0.9262,7427.0,12,0,0,0,1.0,0
0.7983,33,0,0.6036,11158.0,7,0,2,0,1.0,0
0.0624,52,0,0.2065,4959.0,3,0,3,0,2.0,0
1.0718,31,0,0.1376,12101.0,15,0,2,0,0.0,0
0.4433,51,0,0.6471,,7,0,0,0,0.0,0
0.5339,53,0,0.3773,3952.0,8,0,0,0,1.0,0
0.213,28,0,0.6462,4976.0,14,0,0,0,0.0,0
0.3484,43,0,0.6106,9571.0,9,0,1,0,1.0,0
0.6257,66,0,0.7619,8344.0,12,0,0,0,2.0,0
2.3753,72,0,0.1583,5165.0,6,0,0,0,1.0,0
0.1403,70,0,1.1299,4926.0,8,0,0,0,0.0,0
0.6849,68,0,0.303,4320.0,8,0,1,0,0.0,0
0.2149,56,0,1.0482,3545.0,7,0,2,0,1.0,0
0.5785,30,0,0.0328,,7,0,0,0,2.0,0
0.3712,63,0,0.1468,,12,0,1,0,0.0,0
0.5878,49,0,0.5567,4286.0,4,0,0,0,0.0,0
0.5312,21,0,0.8057,5567.0,13,0,1,0,1.0,0
0.5777,57,0,0.5651,,7,0,2,0,2.0,0
0.5784,50,0,0.2065,5570.0,8,0,0,0,0.0,0
0.4572,53,0,0.1398,,6,0,0,0,1.0,0
6.6855,41,0,0.6233,5125.0,7,0,0,0,0.0,0
0.0713,40,0,0.2067,,7,0,3,0,2.0,0
3.6353,55,0,0.7098,,6,0,1,0,0.0,1
0.2854,48,0,0.5567,,7,0,3,0,2.0,0
0.3615,48,0,0.0486,4598.0,6,0,2,0,2.0,0
0.3245,38,0,0.4742,3206.0,5,0,1,0,2.0,0
0.699,35,0,0.2553,4135.0,3,3,2,0,1.0,0
0.6491,42,0,0.388,2550.0,8,0,1,0,0.0,0
0.3053,63,0,0.3939,10765.0,6,0,2,0,2.0,0
0.1496,62,0,0.1049,11137.0,10,0,0,0,4.0,0
0.2013,28,0,0.6172,3600.0,11,0,1,0,0.0,0
0.6388,52,0,0.315,,13,0,1,0,0.0,0
0.8168,44,0,0.674,10763.0,7,0,1,0,0.0,0
0.2124,80,0,0.2171,5595.0,6,0,2,0,1.0,0
1.0031,41,0,0.3337,12343.0,7,0,1,0,5.0,0
0.0118,39,0,0.8336,,10,0,0,0,1.0,0
0.0316,40,0,0.6635,2488.0,8,0,1,0,2.0,0
0.6259,70,0,0.5669,,6,0,1,0,0.0,0
0.8635,27,0,0.368,,10,0,1,0,2.0,0
0.2981,37,0,0.2276,1658.0,5,0,1,0,0.0,0
0.2268,53,0,0.4795,,1,0,0,0,0.0,0
0.4344,59,0,0.7223,5351.0,7,0,1,0,1.0,0
0.2153,60,0,1.2215,26269.0,7,0,0,0,1.0,0
0.2904,21,0,0.1174,,8,0,1,0,1.0,0
0.0363,41,0,0.2826,14019.0,3,0,0,0,2.0,0
0.3573,59,0,0.0908,7412.0,10,0,2,0,1.0,0
0.384,40,0,0.4756,,7,0,2,0,1.0,0
0.0392,35,0,0.6161,8508.0,5,0,1,0,0.0,0
4.1459,62,0,0.5297,,7,0,1,0,0.0,0
0.3293,68,0,0.515,,12,0,2,0,1.0,0
0.7935,44,0,0.7505,1814.0,11,0,0,0,0.0,0
0.0821,48,0,0.249,3744.0,7,0,0,0,0.0,0
0.1113,39,0,0.7576,13091.0,7,0,3,0,1.0,0
0.5764,63,0,0.1457,4883.0,6,0,1,0,1.0,0
0.4719,77,0,0.3303,,12,0,1,0,0.0,0
0.1232,53,0,1.0547,16296.0,8,0,1,0,0.0,0
0.5118,50,0,0.3133,2957.0,9,0,1,0,1.0,0
4.1665,51,0,0.4644,8911.0,9,0,0,0,,0
0.1403,54,0,0.2371,5031.0,7,0,1,0,1.0,0
0.2354,21,0,0.4853,7841.0,5,0,2,0,0.0,0
0.5445,28,0,0.1025,,5,0,2,0,1.0,0
6.9917,71,0,1.0565,,6,0,1,0,0.0,1
0.4642,77,0,0.262,10844.0,7,0,0,0,2.0,0
0.4484,46,1,1.2137,,5,2,0,0,0.0,0
0.2729,41,0,0.0605,,7,0,0,0,0.0,0
0.3363,68,0,0.2273,,7,0,1,0,0.0,0
0.523,65,0,0.8772,9454.0,6,0,0,0,0.0,0
0.4241,65,0,0.3257,4116.0,8,0,1,0,2.0,0
1.0344,35,0,0.3299,5892.0,8,0,2,0,2.0,0
0.0673,30,1,0.4941,2848.0,9,0,2,0,4.0,0
0.4998,31,0,0.1591,,4,0,1,0,2.0,0
0.0279,45,0,0.1477,11526.0,12,0,1,0,0.0,0
0.3348,45,0,0.3057,,4,0,0,0,0.0,0
0.3178,57,0,0.6716,12332.0,10,0,1,0,1.0,0
0.2913,68,0,0.4053,14839.0,8,0,0,0,0.0,0
0.1707,35,0,0.7034,2284.0,7,0,1,0,0.0,0
1.0655,64,0,0.5621,11445.0,8,0,0,0,0.0,0
2.026,68,0,0.2579,6888.0,7,0,1,0,1.0,0
0.309,89,0,0.2752,2665.0,11,0,1,0,0.0,0
0.1917,54,0,0.3977,5986.0,6,0,0,0,1.0,0
3.2217,52,0,0.5462,8232.0,6,0,1,0,0.0,0
0.1415,49,0,0.4583,2464.0,8,0,0,0,0.0,0
0.7216,54,0,0.1647,12169.0,10,0,0,0,2.0,0
0.1344,83,0,0.3927,14987.0,7,0,0,0,0.0,0
0.9614,63,0,0.8028,8760.0,8,0,1,0,0.0,0
0.2319,55,0,0.2587,5495.0,11,0,2,0,1.0,0
0.0106,28,2,0.492,5158.0,9,0,0,0,2.0,0
0.5168,58,0,0.782,8652.0,16,0,2,0,0.0,0
2.6456,37,0,0.129,21732.0,10,0,1,0,0.0,0
0.489,71,0,0.0751,11358.0,5,0,0,0,0.0,0
0.0436,48,0,0.2134,5180.0,6,0,2,0,,0
0.7695,26,0,0.4612,2503.0,9,0,0,0,0.0,1
0.4396,33,1,0.5464,5519.0,12,0,0,1,0.0,0
0.712,42,0,0.5362,1705.0,6,0,1,0,0.0,0
0.309,51,0,0.0984,,14,0,1,0,0.0,0
0.1365,48,0,0.5801,3051.0,7,0,0,0,1.0,0
0.3486,46,0,0.5359,3217.0,8,0,0,0,1.0,0
1.347,76,0,0.2046,4481.0,6,0,0,0,0.0,0
0.0478,44,0,0.3934,8954.0,8,0,1,0,3.0,0
1.4496,42,0,0.6233,5432.0,5,0,0,0,1.0,0
0.6516,52,0,0.2889,6277.0,12,0,1,0,0.0,0
0.3674,46,0,0.194,8793.0,9,0,2,0,1.0,0
0.2178,54,0,1.0,1931.0,13,0,0,0,0.0,0
0.0114,38,0,0.2731,4881.0,9,0,0,0,0.0,0
0.5558,54,0,0.2833,3594.0,11,0,1,0,2.0,0
0.0789,26,0,0.9574,,8,0,1,0,1.0,0
0.3608,39,0,0.2525,15908.0,10,0,0,0,1.0,0
0.2304,46,0,0.8096,,4,0,0,0,2.0,0
0.6549,45,0,0.4126,6654.0,10,0,1,0,0.0,0
5.0802,52,0,0.1669,,6,0,2,0,0.0,0
0.3776,38,0,0.4757,,8,0,3,0,0.0,0
0.1492,51,2,1.3887,6946.0,6,0,3,0,0.0,0
0.8863,57,0,0.7033,8398.0,9,0,4,0,0.0,0
0.678,48,0,0.4374,3898.0,11,0,0,0,1.0,0
0.1632,53,0,0.2753,10571.0,8,0,1,0,1.0,0
0.786,46,0,0.6013,5933.0,8,0,0,0,0.0,0
0.4703,50,0,0.3314,8012.0,6,0,2,0,0.0,0
0.3559,47,0,0.5655,8747.0,7,0,2,0,1.0,0
1.7439,89,0,0.7815,,7,0,1,0,1.0,1
0.4194,52,0,0.401,10307.0,11,0,0,0,0.0,0
0.1193,37,0,0.3878,3034.0,4,0,0,0,0.0,0
2.7608,48,0,0.9825,,9,0,0,0,,1
0.0814,34,0,0.0667,5084.0,9,0,2,0,1.0,0
0.3396,21,0,0.4531,3520.0,6,0,3,0,1.0,0
0.7087,53,0,0.4315,8615.0,6,0,2,0,0.0,0
2.0129,66,0,0.4762,7649.0,9,0,0,0,0.0,0
0.2538,59,0,1.134,3120.0,3,0,0,0,1.0,0
0.3494,53,0,0.3912,,9,0,1,0,3.0,0
0.4579,64,0,0.9387,10309.0,11,0,0,0,2.0,0
0.2895,45,0,0.5473,8144.0,7,0,0,0,1.0,0
0.1628,21,0,0.3833,2796.0,11,0,1,0,0.0,0
1.9566,59,0,0.4938,2800.0,15,0,0,0,0.0,0
0.5687,47,0,0.2625,6151.0,9,0,1,0,0.0,0
0.4085,59,2,0.7873,2218.0,4,0,2,3,1.0,1
4.0327,59,0,0.505,,11,0,1,0,1.0,0
0.8723,52,0,0.8385,2884.0,10,0,1,0,0.0,0
0.8563,54,0,0.3933,,4,0,0,0,0.0,0
2.3752,59,0,0.7873,7003.0,10,0,1,0,1.0,0
0.5269,47,0,0.2417,5259.0,13,0,0,0,1.0,0
0.5132,62,0,0.7365,5608.0,10,1,0,0,3.0,0
0.0573,84,0,0.5667,13280.0,6,0,0,0,0.0,0
0.1996,55,1,0.386,3242.0,8,0,1,0,2.0,0
0.1805,57,0,0.3352,15651.0,10,0,1,0,1.0,0
0.2915,70,0,0.6626,8716.0,11,0,0,0,0.0,0
0.5454,68,0,0.4663,7554.0,10,0,1,0,0.0,0
0.1188,50,0,0.6942,5256.0,6,0,3,2,2.0,0
0.3758,28,2,0.4166,9324.0,9,0,0,0,1.0,0
0.2023,39,0,0.7083,14396.0,12,0,0,0,,0
1.496,55,0,0.6869,4283.0,8,0,2,3,0.0,0
0.2909,46,0,0.4503,6662.0,4,0,1,0,0.0,0
1.7528,41,1,0.6227,,6,0,0,0,,0
0.2767,57,0,0.3466,,11,0,1,0,0.0,0
0.6898,43,0,0.7139,11751.0,6,0,1,0,1.0,0
0.5034,70,0,0.9795,4341.0,7,0,1,0,1.0,0
0.0953,42,0,0.3686,8101.0,12,0,2,0,0.0,0
0.1423,52,0,0.6797,7652.0,4,0,0,0,1.0,0
0.232,47,1,0.4135,2399.0,8,0,2,0,0.0,0
0.6748,46,0,0.5403,9027.0,8,0,1,0,2.0,0
0.2134,56,0,0.4259,4257.0,6,0,3,0,0.0,0
0.2095,21,0,0.7172,,6,0,0,0,1.0,0
0.3321,52,0,0.4034,2630.0,9,0,0,0,0.0,0
0.0453,63,0,0.3745,4487.0,11,0,2,0,0.0,0
0.2584,64,0,0.1879,,8,0,0,0,1.0,0
0.5307,58,0,0.6733,,10,0,1,0,0.0,1
2.8796,59,0,0.2013,4409.0,7,0,3,0,0.0,0
0.5147,59,0,0.2572,3125.0,9,0,1,0,1.0,0
0.7535,71,0,0.0957,4802.0,6,0,0,0,2.0,1
2.1922,56,0,0.4129,,10,0,1,0,1.0,0
0.6157,50,0,0.7083,3615.0,8,0,0,0,2.0,0
0.1065,42,0,0.5911,8888.0,9,0,2,0,0.0,0
0.3726,48,0,0.0842,7771.0,7,0,0,0,1.0,0
0.0705,60,0,0.6112,5973.0,10,0,0,0,0.0,0
1.8279,63,0,0.506,2241.0,10,0,0,0,2.0,0
0.7646,45,0,0.6274,3199.0,7,0,3,0,1.0,0
0.0395,45,0,0.4461,,6,0,2,0,0.0,0
0.1138,59,0,0.4568,3920.0,7,0,0,0,,0
0.584,69,0,0.6269,7503.0,7,0,1,0,0.0,0
0.8992,83,2,0.7803,,10,0,0,0,,0
0.0781,60,0,0.5042,6422.0,9,0,1,0,1.0,0
0.1248,44,0,0.6781,3864.0,14,0,1,0,1.0,0
0.0021,39,0,0.7078,2921.0,9,0,1,0,0.0,0
0.7435,75,0,0.9167,6577.0,9,0,3,0,1.0,0
0.2006,57,0,0.4764,3711.0,8,0,0,0,0.0,0
0.125,48,0,0.1246,5884.0,6,0,2,0,1.0,0
0.7331,44,0,0.7965,6780.0,13,0,2,0,0.0,0
4.5715,73,1,0.2129,13067.0,8,0,4,0,1.0,0
0.5403,48,0,0.7221,,8,0,2,0,1.0,0
0.5847,69,0,0.5688,5708.0,5,0,0,0,1.0,0
1.1173,63,0,0.2522,2761.0,13,0,0,0,0.0,0
0.2622,48,0,0.2782,4065.0,10,0,1,0,1.0,0
0.9145,77,0,0.4756,5282.0,6,0,1,0,0.0,0
0.0714,52,0,0.6672,2143.0,3,0,0,0,0.0,0
0.4469,46,0,0.2856,6724.0,5,0,0,0,0.0,0
0.4003,72,0,0.5445,,3,0,1,0,2.0,0
0.8848,64,0,0.5385,4290.0,7,0,1,0,1.0,0
0.4514,46,0,0.5306,17397.0,10,0,1,0,2.0,0
0.0164,64,0,0.6282,,9,0,3,0,1.0,0
0.0358,68,0,0.4916,2881.0,12,0,2,0,0.0,0
0.0333,62,0,0.2545,4075.0,6,0,0,0,0.0,0
0.3341,45,0,0.2921,5278.0,5,0,1,0,1.0,0
0.5428,57,0,0.296,4327.0,6,0,0,0,0.0,0
0.6694,37,2,0.2048,9918.0,14,2,1,0,0.0,0
0.6678,47,0,0.2623,18503.0,6,0,0,0,0.0,0
0.4562,48,0,0.8161,3586.0,11,0,1,0,1.0,0
0.1168,64,0,0.2204,,11,0,1,0,1.0,0
0.3455,65,0,0.7156,4653.0,8,0,3,0,0.0,0
0.584,33,0,0.5475,10836.0,8,0,1,0,1.0,0
1.2882,58,0,0.3064,7676.0,9,0,0,0,,0
0.1512,51,0,0.6299,13757.0,9,0,2,0,1.0,0
0.2225,57,0,0.6254,,7,0,0,0,1.0,0
3.7985,74,0,0.5637,8272.0,6,0,1,0,2.0,0
0.0541,46,0,0.4545,18953.0,11,0,0,0,,0
0.3774,48,0,0.5356,7953.0,10,0,1,0,1.0,0
0.0962,62,0,0.7213,3946.0,8,0,2,0,1.0,0
0.1405,53,0,0.6425,2788.0,6,0,1,0,0.0,0
0.8084,31,0,0.5571,9038.0,9,0,0,0,0.0,0
0.9718,77,0,0.5266,8346.0,8,0,1,0,1.0,0
3.1488,56,0,0.0504,4847.0,7,0,0,1,0.0,0
0.4102,66,0,0.3076,4027.0,4,0,0,0,2.0,0
2.3891,46,0,0.6492,4658.0,11,0,1,0,2.0,0
0.6869,33,0,0.44,6619.0,2,0,0,0,0.0,0
5.8096,51,0,0.9811,,7,0,0,0,2.0,0
1.0701,56,1,0.4029,,7,0,1,0,0.0,0
2.2644,69,0,1.0579,,7,0,2,0,1.0,0
2.6572,46,0,0.6825,7567.0,16,0,1,0,1.0,0
0.6513,66,0,0.235,,11,0,2,0,0.0,0
0.3711,34,0,0.2503,3794.0,11,0,2,0,2.0,0
0.2714,47,0,0.184,5258.0,9,0,2,0,2.0,0
0.4348,56,0,0.522,,7,0,4,0,0.0,1
0.4861,37,0,0.6554,,8,0,1,0,0.0,0
0.1836,74,0,0.2617,3912.0,8,0,0,0,1.0,0
0.1979,49,0,0.3903,12585.0,4,0,2,0,0.0,1
1.9958,42,0,0.2943,2630.0,7,0,1,0,3.0,0
0.8226,38,0,0.5325,7487.0,11,0,1,0,0.0,0
7.8781,35,0,0.37,4188.0,10,0,1,0,0.0,0
0.2446,63,0,0.3159,5261.0,5,0,3,0,1.0,0
0.5724,41,0,0.3518,,6,0,1,0,1.0,1
3.9661,57,0,0.0999,,11,0,0,0,1.0,0
0.525,47,0,1.1597,5230.0,4,0,2,0,0.0,1
0.2979,65,0,0.2157,3863.0,5,0,0,0,0.0,0
0.3576,58,0,0.7524,4179.0,7,0,0,0,1.0,0
0.0557,62,0,0.9075,3674.0,8,0,1,0,0.0,0
0.4496,88,0,0.306,8548.0,6,0,2,0,1.0,0
0.6245,46,0,0.1635,11175.0,7,0,2,0,1.0,0
2.0558,55,1,0.1795,,6,1,1,0,3.0,0
1.5132,55,0,0.9986,4596.0,10,0,2,0,0.0,0
2.2862,58,0,0.2025,8853.0,9,0,2,0,0.0,0
1.4395,47,0,0.8159,1840.0,6,0,1,0,4.0,1
0.2492,62,0,0.2003,1078.0,9,0,3,0,1.0,0
0.1468,82,0,0.6951,7997.0,6,0,1,0,,0
0.0381,51,0,0.7811,,12,0,1,0,2.0,0
0.1196,52,0,1.0324,2967.0,11,0,1,0,1.0,0
0.7385,39,0,0.2752,7316.0,11,0,0,0,0.0,0
4.1795,30,0,0.172,,4,0,1,0,0.0,0
0.9612,39,0,0.4185,7151.0,5,0,0,0,1.0,0
0.029,34,0,0.2995,9583.0,10,0,1,0,1.0,0
0.0838,36,0,0.8694,10550.0,5,0,1,0,2.0,0
0.2732,43,0,0.5537,,5,0,3,0,2.0,0
0.3295,38,0,0.4645,2368.0,8,0,0,0,0.0,0
0.2878,40,0,1.0561,4662.0,9,0,0,0,3.0,0
0.1216,38,0,0.2129,4543.0,11,0,1,0,0.0,0
0.2341,38,0,1.0012,2916.0,4,0,1,0,0.0,0
0.2957,85,0,0.6742,10037.0,9,0,0,0,1.0,0
1.0296,41,0,0.5629,5617.0,5,0,2,0,0.0,0
8.1333,44,0,0.5696,4917.0,9,0,0,0,1.0,1
0.3692,58,0,0.6381,11031.0,10,0,0,0,0.0,0
0.0354,34,0,0.7144,2197.0,6,0,1,0,1.0,0
0.2976,29,0,0.835,6154.0,8,0,0,0,1.0,0
0.1063,36,0,0.6353,,14,0,4,0,4.0,0
0.2818,50,0,0.2821,,5,0,0,0,0.0,0
0.5443,54,0,0.5672,1935.0,7,0,0,0,0.0,0
0.1819,61,0,0.6339,3346.0,6,0,1,0,0.0,0
0.538,58,0,0.5772,2741.0,5,0,0,0,1.0,0
0.681,75,0,0.9701,,5,0,1,0,1.0,1
0.347,53,0,0.7286,,12,0,1,0,0.0,0
0.7505,52,0,0.8104,1912.0,9,0,0,0,1.0,0
0.3736,39,0,0.4521,5083.0,6,0,0,0,1.0,0
0.3884,52,0,0.5123,12150.0,7,0,1,0,1.0,0
3.0171,41,0,0.3778,2404.0,5,0,2,0,1.0,0
0.3324,35,1,0.3006,,11,0,2,1,1.0,0
0.3195,77,0,0.0958,5814.0,8,0,0,0,3.0,0
0.1738,34,0,0.4129,3276.0,13,0,0,0,0.0,0
0.4206,78,0,0.6921,6332.0,7,0,2,0,2.0,0
0.1041,68,0,0.4496,,14,0,1,0,,0
0.2494,51,0,0.0503,1748.0,7,0,4,0,1.0,0
0.0358,33,0,0.2565,,7,0,2,0,0.0,0
0.0028,50,0,0.5085,7414.0,15,0,1,0,,0
0.3492,38,0,0.7141,8490.0,11,0,0,0,,0
0.6553,75,1,0.1356,6898.0,7,0,1,0,0.0,0
3.7405,61,0,0.3534,,13,0,1,0,1.0,0
0.4571,66,0,0.3352,40035.0,11,0,0,0,1.0,0
0.0426,48,0,0.3884,6115.0,6,0,1,0,0.0,0
0.7583,51,0,0.7547,,3,0,0,0,0.0,0
0.6701,60,0,0.4674,7299.0,8,0,0,0,2.0,0
0.1629,47,0,0.3601,2826.0,9,0,1,0,2.0,0
0.152,73,0,0.2396,,16,0,2,0,0.0,0
0.1021,44,0,0.1405,1691.0,9,0,1,0,1.0,0
0.2844,71,0,0.4314,9394.0,2,0,3,0,1.0,0
0.0138,39,0,0.576,13041.0,12,0,0,0,1.0,0
0.3532,44,0,0.7349,3265.0,7,0,3,0,0.0,0
0.7832,48,0,0.2801,3249.0,7,0,2,0,0.0,0
0.7745,46,1,0.5022,4857.0,14,0,0,0,2.0,0
0.3599,41,3,0.1864,5604.0,5,0,0,1,0.0,0
1.8712,23,0,0.3541,,10,0,0,0,0.0,0
0.0028,54,0,1.0057,2165.0,5,0,3,0,1.0,0
0.3404,42,0,0.3397,2288.0,5,0,0,0,0.0,0
0.0834,46,0,0.3377,4402.0,4,0,2,0,2.0,0
0.0872,61,0,0.1723,10844.0,6,0,1,0,0.0,0
0.2567,42,0,0.4139,7576.0,8,0,2,0,0.0,0
0.4706,51,0,0.5701,7108.0,8,0,1,0,1.0,0
0.624,41,0,0.5953,,7,0,2,0,0.0,0
0.5702,75,0,0.2103,4366.0,8,0,4,0,2.0,0
0.8523,64,0,0.3027,4480.0,7,0,0,0,0.0,0
0.4836,51,0,0.6971,6079.0,7,0,0,0,0.0,0
0.1054,53,0,0.4441,,7,0,2,0,1.0,0
5.9389,28,0,0.173,2554.0,6,0,0,0,0.0,0
5.8649,43,0,0.5302,3110.0,11,0,1,0,0.0,1
0.0849,73,0,0.394,4329.0,7,0,0,0,1.0,0
0.2913,44,0,0.3786,6238.0,9,0,3,0,1.0,0
0.4059,50,0,0.3392,11040.0,8,0,1,0,1.0,0
1.7544,28,0,0.082,3088.0,4,0,1,0,2.0,0
0.4115,59,0,0.1845,4785.0,7,0,0,0,0.0,0
0.0462,50,0,0.756,6388.0,18,0,1,0,0.0,0
0.2972,36,0,0.748,8108.0,7,0,1,0,1.0,0
0.5592,33,0,0.8333,5661.0,6,0,2,0,2.0,0
0.798,80,0,0.3179,6356.0,13,0,0,0,0.0,0
0.255,45,0,0.8567,11854.0,5,0,0,0,1.0,0
0.6494,42,0,0.8734,,10,0,1,0,0.0,0
0.9388,62,0,0.266,5981.0,7,0,1,0,1.0,0
0.0355,23,0,0.5992,,12,0,0,0,0.0,0
0.0143,73,0,0.4588,,7,0,0,0,1.0,0
0.3014,45,0,0.7515,6160.0,12,0,1,0,1.0,0
0.7055,48,0,0.1414,1182.0,6,0,3,0,0.0,0
0.3927,40,0,0.0848,4918.0,6,0,2,0,1.0,0
0.022,52,0,0.0433,19677.0,5,0,2,0,0.0,0
0.8203,42,0,0.6778,7267.0,7,0,0,0,1.0,0
0.3795,49,0,0.4313,2496.0,10,0,0,0,,0
7.3539,37,0,0.7159,,8,0,1,0,0.0,0
0.2773,53,0,0.6957,4119.0,9,0,2,0,0.0,0
0.25,45,0,0.2216,10322.0,8,0,0,0,1.0,0
0.8967,53,2,0.6508,3308.0,6,2,1,0,2.0,0
0.1669,46,1,0.6069,3080.0,12,0,1,1,3.0,0
0.597,74,0,0.581,,7,0,1,0,,1
0.6413,49,0,0.625,,9,0,2,0,1.0,0
0.2725,61,0,0.6231,3543.0,10,0,1,0,0.0,0
0.6571,50,1,0.9409,6061.0,6,0,1,2,0.0,0
0.5419,63,0,0.1684,7314.0,7,0,0,0,1.0,0
0.4148,43,0,0.2537,3033.0,8,0,1,0,0.0,0
0.4017,46,0,0.9497,,11,0,1,0,0.0,0
0.0477,52,0,1.1489,10198.0,8,0,1,0,1.0,0
0.1443,22,0,0.7067,3967.0,8,0,1,0,0.0,0
0.7497,56,0,0.7451,,15,0,2,0,1.0,0
0.1278,41,0,0.5174,5113.0,9,0,2,0,1.0,0
0.8453,46,0,0.8788,6964.0,11,0,1,0,2.0,0
0.0594,63,0,0.2219,2786.0,7,0,0,0,2.0,0
0.0274,51,0,0.1773,,7,0,1,0,1.0,0
0.6282,44,0,0.313,6346.0,12,0,0,0,0.0,0
0.2499,55,0,0.6393,10200.0,8,0,1,0,0.0,0
0.2454,43,0,0.3228,3376.0,9,0,2,0,0.0,0
0.4367,51,0,0.3593,22671.0,8,0,0,0,0.0,0
0.2211,38,0,0.547,1703.0,5,0,1,0,1.0,0
0.5549,65,0,0.2203,5403.0,4,0,0,0,0.0,0
0.2661,35,0,0.3545,,7,0,1,0,1.0,0
0.2632,58,0,0.0898,2300.0,11,0,2,0,1.0,0
0.4754,24,0,0.9641,5090.0,7,0,0,0,0.0,1
0.5436,51,0,0.7276,13031.0,11,0,1,0,0.0,0
0.2215,57,0,0.3277,3604.0,11,0,1,0,0.0,0
0.0986,38,0,0.1786,15012.0,6,0,1,0,1.0,0
0.3738,58,0,1.071,4321.0,9,0,1,0,2.0,0
0.3083,52,0,0.7429,7487.0,10,0,2,0,0.0,0
0.139,46,0,0.262,3673.0,6,0,0,0,1.0,0
0.2758,54,0,0.2527,9187.0,13,0,1,0,,0
0.49,70,0,0.7451,2312.0,5,0,2,0,0.0,0
0.1011,55,0,0.6667,,4,0,1,0,0.0,0
0.2593,36,0,1.1382,3497.0,6,0,0,0,0.0,0
0.1898,39,0,0.3405,7757.0,7,0,2,0,1.0,0
1.0653,39,0,0.717,,12,0,1,0,0.0,0
0.1591,45,0,0.5028,3536.0,4,0,0,0,1.0,0
0.0683,57,1,0.6881,2790.0,6,0,2,0,1.0,0
1.6208,61,0,0.6162,2809.0,8,0,2,0,0.0,0
0.7234,58,0,0.3504,12959.0,6,0,1,0,0.0,0
0.1303,21,0,0.8935,4912.0,10,0,1,0,0.0,0
0.1162,57,0,0.8049,9200.0,7,0,0,0,1.0,0
0.1099,46,0,0.531,7589.0,8,0,2,0,1.0,0
0.1646,60,0,0.4747,17988.0,8,0,2,0,,0
0.0077,67,0,0.6583,4588.0,9,0,1,0,2.0,0
0.4025,30,0,0.4823,2796.0,5,0,1,0,0.0,0
0.9674,49,0,0.016,,8,0,0,0,2.0,0
0.4434,63,0,0.7758,2002.0,8,0,3,0,0.0,0
0.7373,57,0,0.1904,3313.0,11,0,1,0,0.0,0
0.0849,67,0,0.1528,11084.0,9,0,2,0,2.0,0
0.2771,68,0,0.055,5577.0,8,0,1,0,1.0,0
0.5369,48,0,0.116,9984.0,8,0,1,0,1.0,0
0.5608,41,0,0.5232,,9,0,1,0,0.0,0
0.4495,40,0,0.4163,3740.0,8,0,1,0,0.0,0
0.297,64,0,0.8953,6468.0,4,0,0,0,0.0,0
4.4887,61,0,0.0448,7911.0,8,0,1,0,0.0,0
0.4179,56,0,0.4946,5433.0,6,0,3,0,0.0,0
2.0945,51,0,0.1447,,5,0,2,0,0.0,0
0.3239,59,0,0.5679,11711.0,10,0,0,0,1.0,0
0.2798,54,0,0.4985,3046.0,10,0,3,0,0.0,0
0.0785,46,0,0.3727,4324.0,6,0,0,0,1.0,0
0.4641,69,0,0.8562,7324.0,16,0,1,0,1.0,0
0.2708,35,0,0.5159,9359.0,3,0,0,0,0.0,0
0.7102,64,0,0.3965,,10,0,3,0,0.0,1
4.2242,36,0,0.1248,2588.0,9,0,0,0,1.0,1
0.3234,56,0,0.498,3271.0,8,0,0,0,0.0,0
0.1425,68,0,0.9356,4545.0,7,0,2,0,1.0,0
0.612,63,1,0.8621,,8,0,1,0,0.0,0
0.3108,53,0,1.2302,,4,0,0,0,0.0,0
0.6556,27,0,0.1537,,8,0,1,0,1.0,0
0.2216,37,0,0.5409,,5,0,0,0,1.0,0
0.3951,58,1,0.5797,11743.0,7,0,3,0,1.0,0
0.4356,48,2,0.4835,6100.0,9,0,1,0,0.0,0
0.1594,44,0,0.2816,,9,0,2,0,0.0,0
1.6658,21,0,0.0869,5152.0,10,0,1,0,2.0,1
0.2228,47,0,0.4692,3780.0,11,0,3,0,0.0,0
0.3418,52,0,0.4203,6978.0,7,0,0,0,0.0,0
0.6191,44,0,0.6093,2594.0,2,0,0,0,2.0,1
0.1693,52,0,0.1249,,12,0,0,0,1.0,0
0.2475,46,0,0.677,7379.0,11,0,1,0,0.0,0
2.5682,61,0,0.5974,,10,0,0,0,1.0,0
0.2073,49,0,0.2596,8387.0,6,0,1,0,0.0,0
1.1808,48,2,0.6983,9896.0,6,0,2,1,0.0,0
0.3812,50,0,0.1397,10081.0,6,0,0,0,0.0,0
0.4858,44,0,0.9859,12935.0,8,0,2,0,0.0,0
0.4087,65,0,0.3891,5972.0,7,0,0,0,5.0,0
1.6451,43,0,0.8166,13914.0,10,0,0,0,0.0,0
0.1934,61,0,1.071,20971.0,7,0,1,0,0.0,0
0.346,40,0,0.5702,3644.0,13,0,2,0,1.0,0
1.5975,74,0,0.1977,2930.0,9,0,0,0,0.0,0
4.0626,85,0,0.1399,10365.0,2,0,0,0,0.0,1
0.2531,58,0,0.5999,6455.0,12,0,1,0,0.0,0
0.326,59,0,0.5317,7123.0,5,0,1,0,0.0,0
0.0399,51,0,0.2989,1356.0,5,0,0,0,2.0,0
1.2241,53,0,0.5539,2694.0,8,0,1,0,0.0,1
0.2794,41,0,0.3544,2497.0,10,0,1,0,2.0,0
0.1689,38,0,0.411,2255.0,12,0,0,0,1.0,0
0.1518,58,0,0.7903,2379.0,9,0,0,0,0.0,0
0.2404,40,1,0.5757,2170.0,6,0,1,2,1.0,0
0.1386,60,0,1.1012,14582.0,6,0,2,0,3.0,0
0.2843,64,0,0.3991,4103.0,10,0,1,0,1.0,0
0.5316,69,0,0.1983,5704.0,7,0,0,0,1.0,0
0.568,39,0,0.3954,2381.0,6,0,2,0,1.0,0
0.1099,36,0,0.5682,,7,0,1,0,0.0,0
2.4764,61,0,0.5508,,9,0,0,0,1.0,1
0.7733,61,0,0.3854,6882.0,4,0,1,0,1.0,0
0.6604,61,0,0.3335,9740.0,7,0,1,0,0.0,0
0.4544,62,0,0.458,,9,0,3,0,1.0,0
0.2751,39,0,0.3433,4425.0,10,0,1,0,1.0,0
0.6197,51,0,0.7491,6127.0,4,0,0,0,0.0,0
0.5695,48,0,0.0696,3582.0,13,0,1,0,1.0,0
0.5337,62,0,0.8738,1449.0,10,0,0,0,0.0,0
0.1991,59,0,0.4359,8576.0,6,0,2,0,0.0,0
0.5333,59,0,0.5666,5360.0,5,0,2,0,2.0,0
0.3402,55,0,0.4629,14038.0,8,0,3,0,0.0,0
1.345,53,0,0.5795,7399.0,8,0,1,0,0.0,0
0.5512,47,0,0.6152,5678.0,10,0,1,0,0.0,0
0.8818,54,0,0.2549,5741.0,14,0,2,0,0.0,0
0.8111,59,0,0.7326,4514.0,12,0,0,0,0.0,0
0.3975,66,0,0.2081,1987.0,7,0,0,0,1.0,0
0.4116,69,0,0.4364,,17,0,0,0,1.0,0
0.7368,60,0,0.4922,5522.0,8,0,1,0,0.0,0
0.6786,69,0,0.1599,3912.0,11,0,2,0,0.0,0
1.8668,61,0,0.2139,12019.0,6,0,0,0,2.0,0
0.2014,30,0,0.6364,5342.0,5,0,2,0,0.0,0
0.1078,64,0,0.2564,3178.0,5,0,2,0,0.0,0
0.9706,38,2,0.2789,5034.0,5,0,3,2,0.0,0
0.4589,72,0,0.13,2590.0,7,0,1,0,1.0,0
0.2008,24,0,0.6761,3103.0,11,0,0,0,3.0,0
0.0814,23,0,0.0188,13577.0,9,0,0,0,0.0,0
0.072,76,0,0.3485,7431.0,18,0,1,0,2.0,0
0.0244,79,0,0.3741,3479.0,9,0,3,0,0.0,0
0.508,68,0,0.5207,6148.0,14,0,3,0,1.0,0
0.4088,72,2,0.6211,13140.0,8,0,0,2,1.0,0
0.797,34,0,0.1942,1464.0,4,0,0,0,0.0,0
0.3288,67,0,1.1342,2801.0,7,0,1,0,0.0,0
0.095,40,0,0.3135,11671.0,7,0,2,0,0.0,0
5.9088,68,0,0.4327,,8,0,1,0,0.0,0
0.3961,46,0,0.6787,5970.0,8,0,0,0,1.0,0
0.8251,51,0,0.3812,,8,1,2,0,1.0,0
0.622,66,0,0.818,8660.0,12,0,0,0,1.0,0
3.3778,51,0,0.2204,,8,0,0,0,1.0,0
0.73,59,0,0.9193,5433.0,11,0,2,0,0.0,0
0.3205,42,0,0.4462,,9,0,1,0,3.0,0
6.0806,42,0,0.2319,,5,0,0,0,0.0,0
0.2952,48,0,0.2793,9120.0,11,0,1,0,0.0,0
0.5262,37,0,0.1357,3904.0,4,0,0,0,0.0,0
0.1442,61,0,0.4124,5075.0,3,0,2,0,0.0,0
0.1139,57,0,0.4166,3569.0,15,0,1,0,1.0,0
0.2821,33,0,0.1275,10891.0,10,0,1,0,,0
0.1859,72,0,1.0481,6963.0,8,0,0,0,1.0,0
0.5249,73,0,0.7717,,13,0,0,0,0.0,0
2.2174,51,2,0.7538,1897.0,8,0,0,0,1.0,0
0.1527,45,0,0.9478,8341.0,7,0,1,0,0.0,0
0.052,70,0,0.8124,7204.0,5,0,0,0,,0
0.0327,40,0,0.258,3048.0,4,0,1,0,2.0,0
0.2675,74,0,0.3927,,5,0,1,0,0.0,0
0.1781,52,0,0.4285,6489.0,7,0,1,0,0.0,0
0.3398,71,0,0.0549,5023.0,6,0,1,0,0.0,0
0.059,63,0,1.1227,5174.0,14,0,0,0,1.0,0
0.2574,90,0,0.3603,,9,0,1,0,1.0,0
0.4353,63,0,0.0264,2474.0,5,0,0,0,3.0,0
1.5088,79,0,0.5842,,11,0,1,0,0.0,0
2.5318,45,0,0.337,6469.0,7,0,2,0,2.0,0
0.2596,39,0,0.2664,16050.0,7,0,1,0,2.0,0
2.0922,49,0,0.332,,5,0,1,0,2.0,0
0.348,54,0,0.4833,3318.0,7,0,3,0,0.0,0
0.0008,54,0,0.2812,,4,0,0,0,0.0,0
0.7097,52,0,0.8237,10757.0,6,0,0,0,3.0,0
0.1736,57,0,0.5694,6981.0,12,0,1,0,2.0,0
1.0866,63,0,0.2783,1604.0,7,0,0,0,1.0,0
0.5869,34,0,0.516,,11,0,2,0,1.0,0
2.4107,50,0,0.4944,2876.0,3,0,0,0,1.0,1
0.1863,46,0,0.2919,,13,0,1,0,0.0,0
0.5917,55,0,0.3428,9248.0,10,0,0,0,1.0,0
0.4547,51,0,0.4729,3173.0,8,0,0,0,1.0,0
0.4667,71,0,0.7808,8957.0,13,0,4,0,1.0,0
0.2568,59,0,0.6073,2098.0,2,0,1,0,3.0,0
0.5933,67,0,0.5791,12939.0,2,0,1,0,0.0,0
0.3493,49,0,0.4904,3275.0,8,0,1,0,0.0,0
0.6383,65,0,0.2697,1436.0,5,0,0,0,1.0,0
1.1439,45,0,0.1881,,7,0,0,0,0.0,0
0.0054,39,0,0.9786,3112.0,3,0,1,0,1.0,0
0.4531,71,0,0.5744,11681.0,10,0,1,0,1.0,0
0.5392,51,0,0.4521,5710.0,8,0,2,0,0.0,0
0.58,52,0,0.2655,4584.0,5,0,1,0,0.0,0
0.1674,41,0,0.1002,5116.0,11,0,0,0,1.0,0
0.4666,39,0,0.6224,1690.0,7,0,0,0,2.0,0
0.3421,75,0,0.7005,3672.0,7,0,1,0,0.0,0
5.5183,66,1,0.6445,6143.0,6,0,0,0,1.0,0
0.5961,40,0,0.6648,4612.0,11,0,0,0,0.0,0
0.4647,42,0,0.7276,7843.0,10,0,2,0,0.0,0
0.3862,55,0,0.6561,10283.0,9,0,0,0,0.0,0
1.0014,46,0,0.1771,4842.0,7,0,1,0,0.0,0
0.2894,41,0,0.1141,,11,0,1,0,1.0,0
0.0469,42,0,0.5468,18620.0,6,0,2,0,1.0,0
0.231,49,1,0.4821,,14,0,2,0,0.0,0
0.5117,32,0,0.5307,7964.0,2,0,1,0,0.0,0
0.138,41,0,0.4673,,6,0,0,0,0.0,0
0.4974,67,0,0.3054,5894.0,9,0,1,0,0.0,0
2.057,37,0,0.4704,6305.0,8,0,1,0,1.0,0
0.4836,51,0,0.5991,3545.0,5,0,3,0,1.0,0
0.0623,56,0,0.2239,21470.0,7,0,2,0,3.0,0
0.3472,66,0,0.5808,5056.0,10,0,1,0,0.0,0
0.5337,34,0,0.1783,8791.0,5,0,0,0,0.0,0
0.3861,40,0,0.0397,3943.0,12,0,2,0,0.0,0
0.7065,51,0,0.0659,,6,0,1,0,1.0,1
0.1536,66,0,0.5479,7515.0,9,0,0,0,1.0,0
0.3335,61,0,0.5104,,7,0,0,0,1.0,0
0.1871,75,0,0.4602,7453.0,8,0,1,0,0.0,0
0.1738,43,0,0.2679,8607.0,6,0,0,0,0.0,0
0.2778,42,0,0.1879,3082.0,9,0,0,0,1.0,0
0.2244,43,0,1.1852,,8,0,2,0,,0
0.5674,42,0,0.2689,3974.0,11,0,2,0,0.0,0
0.0661,39,0,0.3065,5478.0,6,0,0,0,1.0,0
0.2606,58,0,0.5539,5909.0,11,0,1,0,3.0,0
1.9653,28,0,0.8362,2628.0,11,0,2,0,0.0,0
0.3151,69,0,0.2963,5686.0,5,0,2,0,0.0,0
0.0151,50,0,1.105,9596.0,10,0,1,0,1.0,0
0.1529,58,0,0.4549,11604.0,12,0,1,0,1.0,0
0.3512,33,0,0.0343,1796.0,10,0,4,0,0.0,0
0.4018,41,0,0.3762,6854.0,10,0,5,0,0.0,0
0.3856,43,0,1.0993,5774.0,9,0,1,0,1.0,0
2.9135,45,0,0.5674,3410.0,6,0,1,0,0.0,0
0.4153,44,0,0.5973,2629.0,8,0,0,0,1.0,0
0.3345,52,1,0.3234,9623.0,7,0,1,0,1.0,0
4.4409,44,0,0.2603,2093.0,5,0,0,0,0.0,0
0.0892,61,0,0.7092,,10,0,1,0,2.0,0
0.0621,63,0,0.1882,5880.0,12,0,0,0,0.0,0
0.8066,77,0,0.398,,4,0,0,0,1.0,1
0.9852,55,0,0.3028,,8,0,2,0,1.0,0
1.7738,49,0,0.3639,4905.0,8,0,0,0,0.0,0
1.5894,54,1,1.0424,,6,0,2,0,0.0,0
0.3914,58,0,0.4114,6712.0,5,0,3,0,0.0,0
0.1324,42,0,0.3795,11481.0,15,0,1,0,3.0,0
0.2199,64,0,0.1938,7607.0,11,0,0,0,2.0,1
15.251,62,0,0.776,,5,0,1,0,,0
0.1236,29,0,0.2712,4750.0,4,0,1,0,1.0,0
0.1907,79,0,0.4156,5119.0,7,0,0,0,0.0,0
0.3341,56,0,0.4702,,8,0,1,0,,0
0.6824,39,1,0.1986,8126.0,7,0,1,2,0.0,0
0.0883,39,0,0.393,3810.0,6,0,0,0,0.0,0
0.1665,55,0,0.4922,,8,0,0,0,2.0,0
0.3013,41,0,0.0963,13133.0,11,0,0,0,4.0,0
0.0849,39,0,1.0049,5618.0,8,0,2,0,1.0,0
0.0804,46,0,0.1381,,10,0,1,0,1.0,0
0.1165,59,0,0.0836,4631.0,13,0,1,0,,0
0.0734,47,0,0.3126,2073.0,9,0,0,0,2.0,0
3.4787,40,0,0.4114,821.0,6,0,1,0,0.0,0
0.6236,74,0,0.3534,6253.0,8,0,1,0,1.0,0
0.8291,59,0,0.7497,9203.0,13,0,0,0,1.0,0
0.4803,40,0,0.2436,,8,0,1,0,2.0,0
3.1308,55,0,0.4277,4988.0,5,0,0,0,1.0,0
0.2105,54,0,0.6304,,9,0,1,0,1.0,0
0.3998,52,0,0.531,,8,0,1,0,1.0,0
0.033,53,0,0.9563,8490.0,6,0,1,0,1.0,0
0.0279,50,0,0.4057,5224.0,6,0,0,0,2.0,0
0.5832,59,0,0.8029,,12,0,3,0,1.0,1
0.7293,52,2,0.4161,,11,0,2,0,0.0,0
5.2531,55,0,0.6266,10048.0,13,0,1,0,0.0,0
0.0217,58,0,0.4165,5185.0,10,0,3,0,1.0,0
1.3053,51,0,0.5518,3882.0,10,0,0,0,0.0,1
0.223,62,0,1.3887,,8,0,2,0,1.0,0
0.6736,71,0,0.1853,3474.0,7,0,1,0,,0
0.2791,49,2,1.41,22945.0,14,1,0,0,0.0,0
0.5271,45,0,0.3767,15264.0,7,0,2,0,1.0,0
0.1674,33,0,0.2856,21807.0,10,0,0,0,0.0,0
0.0142,62,2,0.8771,,8,0,1,0,1.0,0
0.2092,50,0,0.7373,4380.0,8,0,2,0,2.0,0
0.6485,36,0,0.6181,6327.0,6,0,1,0,1.0,0
1.1875,45,0,0.9982,,10,0,1,0,1.0,0
1.0491,58,0,0.2895,,8,0,2,0,3.0,0
0.8043,63,0,0.3882,9662.0,7,0,2,0,2.0,0
0.5817,60,0,0.204,2545.0,11,0,2,0,2.0,0
0.355,52,0,0.554,,10,0,1,0,1.0,0
0.7187,62,0,0.446,8357.0,10,0,2,0,0.0,0
0.2018,54,0,0.7719,,9,0,0,0,0.0,0
0.5106,55,0,0.1341,7512.0,4,0,1,0,0.0,0
0.0388,41,0,0.3903,,9,0,2,0,0.0,0
2.34,67,0,0.4416,6697.0,13,0,2,0,3.0,0
0.4329,62,0,1.1068,6566.0,7,0,0,0,2.0,0
0.3016,47,0,0.4561,6423.0,11,0,1,0,0.0,0
0.103,68,0,0.8909,,6,0,2,0,2.0,0
0.1272,35,0,0.5802,3201.0,8,0,1,0,0.0,0
0.121,41,0,0.229,15655.0,6,0,1,0,1.0,0
0.3268,35,0,0.5516,14406.0,16,0,4,0,0.0,0
0.0607,47,0,0.2024,9777.0,4,0,1,0,0.0,0
0.4531,42,0,0.8663,1766.0,8,0,1,0,2.0,0
2.6919,66,0,0.2825,6027.0,8,0,1,0,0.0,0
1.0086,54,1,0.6016,,5,0,2,0,0.0,0
2.4211,48,0,0.171,5859.0,6,0,0,0,1.0,0
1.0218,58,0,0.7811,8615.0,12,0,4,0,1.0,0
0.2636,63,0,0.8709,,10,0,0,0,0.0,0
0.2929,70,0,0.7562,,7,0,3,0,1.0,0
3.2692,51,1,1.1791,4873.0,9,0,0,0,,0
0.2497,52,0,0.7289,,7,0,1,0,0.0,0
0.3451,38,0,0.4139,2663.0,7,0,1,0,0.0,0
0.1097,55,0,0.6489,,11,0,1,0,0.0,0
1.8149,56,2,0.8074,6633.0,8,0,1,0,0.0,0
5.2372,44,0,1.0009,10357.0,5,0,1,0,1.0,0
1.4233,53,0,0.2884,2059.0,6,0,0,0,1.0,0
0.3442,49,0,0.146,3154.0,8,0,1,0,0.0,0
0.0905,57,0,0.6686,6813.0,7,0,1,0,1.0,0
1.8728,49,0,0.5668,7424.0,7,0,2,0,1.0,0
0.33,55,0,1.008,,7,0,0,0,2.0,0
1.2548,45,0,0.2082,3533.0,6,0,2,0,0.0,0
0.1508,63,0,0.1342,3052.0,9,0,0,0,2.0,0
0.2712,59,0,0.6792,6161.0,8,0,1,0,0.0,0
0.2522,67,0,0.2001,10162.0,6,0,1,0,1.0,0
10.2935,54,0,0.0831,6243.0,5,0,3,0,1.0,0
1.0477,51,0,0.4037,5358.0,10,0,1,0,1.0,1
0.2857,32,0,0.8073,5898.0,9,0,2,0,,0
0.5109,64,0,0.6474,4886.0,3,0,1,0,2.0,0
0.8198,53,0,0.5299,,8,0,4,0,1.0,0
0.2351,49,0,0.1885,6028.0,7,0,2,0,0.0,0
1.2814,64,0,0.696,8389.0,7,0,1,0,0.0,0
0.7392,63,0,0.228,3083.0,11,0,0,0,0.0,0
0.4237,47,0,0.7238,2815.0,9,0,1,0,0.0,0
0.287,57,0,0.5726,3345.0,11,0,2,0,0.0,0
0.5598,53,0,0.4469,3267.0,7,0,1,0,0.0,0
0.2743,68,0,0.1031,10187.0,11,0,1,0,0.0,0
0.2433,38,0,0.4395,4680.0,9,0,0,0,1.0,0
3.5022,71,2,0.4738,16139.0,9,0,1,1,0.0,0
0.2454,67,0,0.8225,9743.0,9,0,0,0,0.0,0
1.446,47,0,0.8504,3493.0,4,0,1,0,1.0,0
0.0681,45,0,0.5646,4357.0,10,0,0,0,1.0,0
0.227,58,0,0.0981,,7,0,2,0,0.0,0
0.7146,33,0,0.7895,4605.0,9,0,0,0,2.0,0
4.3503,55,0,0.3263,,8,0,0,0,0.0,0
3.2429,55,0,0.4758,5044.0,6,0,0,0,1.0,0
0.3998,59,0,0.0896,5676.0,15,0,1,0,1.0,0
0.5464,43,0,0.6382,4446.0,13,0,0,0,0.0,0
0.0732,86,0,0.5189,6512.0,6,0,2,0,1.0,0
0.5452,55,0,0.0596,4320.0,7,0,0,0,0.0,0
0.2894,69,0,0.1961,,15,0,0,0,1.0,0
0.0141,58,0,0.7157,4246.0,12,0,1,0,0.0,0
0.0837,64,0,0.7345,7921.0,6,0,0,0,1.0,0
0.1709,36,0,0.2213,11877.0,6,0,1,0,0.0,0
3.0167,77,0,0.8552,17110.0,11,0,0,0,1.0,0
0.2993,59,1,0.1591,8492.0,7,1,3,1,0.0,0
0.3298,58,0,0.4322,3597.0,5,0,1,0,2.0,0
1.6807,60,0,0.3787,7318.0,5,0,1,0,0.0,0
0.5265,59,0,0.4812,7140.0,8,0,2,0,1.0,0
0.1583,55,0,1.0449,7957.0,7,0,0,0,0.0,0
0.2806,49,0,0.3908,8644.0,3,0,0,0,,0
0.6645,37,0,0.2209,5466.0,8,0,3,0,1.0,0
0.2643,76,0,0.676,11423.0,8,0,0,0,0.0,0
0.4885,38,0,0.3065,2236.0,6,0,2,0,0.0,0
1.396,66,0,1.0507,7371.0,9,0,0,0,1.0,0
0.0122,59,0,0.5973,5030.0,11,0,2,0,0.0,0
0.2838,43,0,0.3242,1806.0,8,0,2,0,1.0,0
0.0916,62,0,0.7389,,5,0,2,0,3.0,0
1.0338,46,0,0.3676,7103.0,7,0,0,0,,0
0.4965,78,0,0.6177,5943.0,8,0,1,0,1.0,0
0.7297,51,0,0.1907,3031.0,3,0,1,0,1.0,0
0.3797,64,0,0.3185,,5,0,2,0,0.0,0
0.2953,46,0,0.923,,13,0,3,0,1.0,0
0.1465,40,0,0.1621,5747.0,8,0,0,0,1.0,0
0.1023,51,0,0.6513,4935.0,6,0,1,0,2.0,0
0.6674,74,0,0.4533,2597.0,10,0,0,0,1.0,0
0.3656,31,0,1.0734,,8,0,1,0,0.0,0
0.2838,44,0,0.5917,6586.0,5,0,1,0,0.0,0
0.1321,51,0,0.6446,,9,0,2,0,0.0,0
0.9123,40,0,0.5566,,8,0,2,0,1.0,0
3.08,37,1,0.457,1415.0,6,0,0,1,0.0,0
1.316,65,1,0.573,,12,1,0,0,0.0,0
0.3899,43,0,0.7191,6280.0,7,0,0,0,0.0,0
0.1619,42,2,0.364,2955.0,7,0,2,1,2.0,0
0.3595,44,0,0.7784,7218.0,10,0,0,0,0.0,0
0.2387,50,0,0.131,2837.0,5,0,1,0,0.0,0
0.1086,59,0,0.7628,4083.0,3,0,2,0,0.0,0
0.5197,36,0,0.2586,,3,0,0,0,0.0,0
0.1803,49,2,0.0758,,13,0,3,0,1.0,0
0.2753,44,0,0.2926,,6,0,1,0,0.0,0
0.2179,35,0,0.6075,10368.0,9,0,3,0,1.0,0
0.0466,45,0,0.2167,2744.0,9,0,1,0,0.0,0
0.4041,64,0,0.6659,4525.0,7,0,0,0,1.0,0
0.7755,56,0,0.8461,4175.0,8,0,1,0,2.0,1
0.401,61,0,0.3886,3489.0,6,0,0,0,1.0,0
0.27,21,0,0.1778,,11,0,1,0,0.0,0
0.138,43,0,0.0549,2287.0,10,0,1,0,0.0,0
0.4086,58,0,0.3601,7737.0,7,0,2,0,1.0,0
3.2294,47,0,0.569,1537.0,8,0,0,0,0.0,0
0.0505,53,0,0.3352,12833.0,7,0,0,0,0.0,0
0.1117,53,0,0.7531,8721.0,7,0,1,0,0.0,0
0.1669,32,0,0.4975,2823.0,16,0,1,0,0.0,0
0.1601,46,0,0.1095,6440.0,11,0,1,0,0.0,0
1.0657,40,0,0.1345,6971.0,4,0,3,0,0.0,0
0.0093,56,0,0.4911,12162.0,13,0,1,0,1.0,0
1.2842,47,0,0.3306,,7,0,4,0,0.0,0
0.1138,35,0,0.5304,4407.0,8,0,2,0,0.0,0
0.3406,51,0,0.3021,8669.0,12,0,3,0,0.0,0
0.3298,72,0,0.2298,4102.0,8,0,0,0,0.0,0
3.435,29,2,0.2368,5073.0,5,0,1,1,0.0,0
0.3573,65,0,1.3458,16670.0,10,0,2,0,1.0,0
0.0951,43,0,0.7613,,9,0,1,0,2.0,0
0.6099,52,0,0.3394,4707.0,10,0,0,0,0.0,0
0.495,30,0,0.5592,4299.0,9,0,2,0,0.0,0
0.15,55,0,0.4661,3521.0,7,0,1,0,0.0,0
0.1719,56,0,0.0765,4359.0,13,0,2,0,1.0,0
0.0967,76,0,0.682,12471.0,7,0,0,0,1.0,0
0.1221,58,0,0.5571,6644.0,10,0,1,0,2.0,0
6.805,27,0,0.6087,3093.0,13,0,3,0,1.0,0
2.5817,54,0,0.057,5215.0,9,0,0,0,1.0,0
0.8228,55,0,0.1549,6253.0,6,0,0,0,2.0,0
0.2049,33,0,1.0013,2892.0,6,0,1,0,2.0,0
0.0754,22,0,0.6742,9900.0,6,0,0,0,1.0,0
0.0387,27,0,0.7467,4793.0,6,0,0,0,1.0,0
0.1043,55,0,0.7817,3325.0,6,0,1,0,0.0,0
0.0177,48,0,0.9923,11061.0,6,0,1,0,0.0,0
0.2163,65,0,0.1632,4957.0,5,0,1,0,1.0,0
0.8426,70,0,0.6965,1302.0,7,0,1,0,3.0,0
0.5353,62,0,0.3133,,6,0,0,0,1.0,0
0.0345,63,0,0.7889,6021.0,10,0,2,0,1.0,0
1.537,68,0,0.8557,5437.0,6,0,4,0,1.0,0
0.6653,57,0,0.3787,,11,0,0,0,0.0,0
0.3604,58,0,0.4988,6513.0,8,0,0,0,0.0,0
1.002,24,1,0.8635,8809.0,2,0,1,0,1.0,0
4.429,44,0,0.2304,3343.0,7,0,1,0,1.0,0
3.2213,37,0,0.3652,15725.0,6,0,1,0,1.0,0
1.2784,69,0,0.1201,1874.0,6,0,1,0,2.0,1
0.1776,38,1,0.4057,2788.0,6,0,0,0,1.0,0
0.2793,38,0,0.4542,1374.0,8,0,0,0,0.0,0
0.2045,47,0,0.3518,1475.0,5,0,0,0,0.0,0
1.7288,72,0,0.476,,9,0,1,0,1.0,0
0.2472,76,0,0.779,10024.0,5,0,1,0,1.0,0
0.0909,50,0,0.3555,3825.0,4,0,1,0,1.0,0
0.0569,57,0,0.2763,7202.0,9,0,2,0,0.0,0
0.9498,51,0,0.4255,5719.0,13,0,2,0,0.0,0
0.2735,60,0,0.6314,5111.0,4,0,0,0,,0
0.1095,25,0,0.4802,20929.0,9,0,0,0,0.0,0
1.5912,68,0,0.5514,2780.0,14,0,0,0,0.0,0
0.2166,52,0,0.6265,20424.0,10,0,1,0,1.0,0
3.6926,44,1,0.4448,5420.0,8,0,1,1,0.0,0
0.1818,44,0,0.3095,6884.0,10,0,1,0,1.0,0
0.2421,57,0,0.7471,4977.0,7,0,1,0,3.0,0
0.7625,72,0,0.6485,3912.0,11,0,0,0,0.0,1
1.2272,71,0,1.1054,4576.0,5,0,1,0,0.0,1
0.2438,42,0,0.6596,6989.0,5,0,0,0,2.0,0
0.7948,62,0,0.391,12635.0,7,0,1,0,0.0,0
0.2348,41,0,0.4588,9365.0,6,0,1,0,2.0,0
0.4324,42,1,0.754,3283.0,7,0,3,0,1.0,0
0.8832,50,0,1.086,6057.0,9,0,3,0,1.0,0
0.5385,58,0,0.3508,11426.0,10,0,2,0,2.0,0
3.0179,59,0,0.7589,6680.0,8,0,2,0,0.0,0
0.2292,55,0,0.7932,3609.0,5,0,1,0,0.0,0
0.0199,32,0,0.4293,6157.0,8,0,0,0,0.0,0
0.0428,60,0,0.2438,14157.0,13,0,0,0,1.0,0
0.8092,82,0,0.7677,,9,0,2,0,0.0,0
0.4238,60,0,0.4206,2021.0,10,0,4,0,1.0,0
0.0807,68,0,0.0385,10664.0,10,0,0,0,1.0,0
1.4493,61,0,0.6701,6591.0,7,0,1,0,0.0,0
0.0807,64,0,0.5172,5676.0,4,0,1,0,1.0,0
0.9174,32,0,0.5381,,8,0,1,0,1.0,1
0.3616,41,1,0.4186,8854.0,10,0,1,0,1.0,0
2.646,69,3,0.8549,13521.0,11,0,0,0,1.0,0
2.4422,64,0,0.8869,,5,0,3,0,2.0,0
0.7902,48,0,0.3035,4296.0,7,0,1,0,1.0,0
0.5379,55,0,0.5656,5102.0,12,0,0,0,0.0,0
0.6461,65,0,0.581,12401.0,5,0,2,0,1.0,0
2.9961,57,0,0.1134,10691.0,9,0,0,0,0.0,0
0.7016,66,0,0.63,3176.0,6,0,3,0,2.0,0
0.6782,47,0,0.0136,5383.0,7,0,1,0,0.0,0
0.1178,67,0,0.4088,4574.0,6,0,2,0,0.0,0
0.0144,57,0,0.7859,4416.0,11,0,1,0,2.0,0
1.9085,39,0,0.5276,,8,0,1,0,1.0,0
0.2431,79,0,0.7561,3333.0,8,0,0,0,0.0,0
0.3003,81,0,0.1939,1829.0,5,0,0,0,2.0,0
0.2638,45,0,0.1765,1065.0,4,0,0,0,0.0,0
1.0955,47,0,0.0729,3912.0,10,0,2,0,1.0,0
0.363,62,0,0.2986,7059.0,11,0,0,0,1.0,0
0.1786,50,0,0.9439,,9,0,3,0,0.0,0
0.5422,52,0,0.9565,5579.0,7,0,1,0,0.0,0
0.5413,71,0,0.2974,,8,0,0,0,,0
0.052,35,0,0.4356,,6,0,1,0,0.0,0
0.1978,44,0,0.6573,4144.0,11,0,0,0,1.0,0
3.0144,52,0,0.4466,4116.0,8,0,2,0,0.0,0
0.8939,54,0,0.1679,,7,0,2,0,1.0,0
0.2608,72,0,0.2299,9217.0,9,0,2,0,1.0,0
0.4436,66,0,0.719,3301.0,7,0,2,0,1.0,0
0.1038,43,0,0.0334,2431.0,2,0,1,0,2.0,0
0.5674,58,0,1.1716,4664.0,13,0,2,0,0.0,1
0.3909,44,0,0.6331,3941.0,8,0,0,0,0.0,0
0.1071,72,0,0.689,3745.0,8,0,1,0,0.0,0
0.1639,47,0,0.3382,3475.0,7,0,3,0,0.0,0
0.0058,38,0,0.5894,2327.0,13,0,0,0,0.0,0
0.1352,67,0,0.7615,3181.0,8,0,2,0,1.0,0
0.8776,27,0,0.7624,4937.0,7,0,2,0,0.0,0
0.0973,44,0,0.3663,7877.0,4,0,1,0,0.0,0
1.734,21,0,0.6086,,9,0,1,0,1.0,0
0.1015,59,0,0.1891,5840.0,13,0,3,0,0.0,0
0.0299,39,0,0.5419,2117.0,8,0,1,0,1.0,0
0.0321,70,0,0.2874,5321.0,6,0,0,0,2.0,0
0.5417,68,1,0.4521,2133.0,10,0,0,0,1.0,0
0.5965,44,0,0.3598,13334.0,9,0,1,0,0.0,0
0.1211,83,0,0.7771,,5,0,1,0,2.0,0
0.4529,39,0,0.2311,7069.0,7,0,3,0,5.0,0
0.5897,37,0,0.5487,5691.0,5,0,0,0,1.0,0
0.6039,45,0,0.3561,5525.0,6,0,0,0,2.0,0
0.313,54,0,0.1555,,8,0,0,0,1.0,0
0.2294,62,0,0.8403,,8,0,1,0,,0
0.1908,74,0,0.8706,4897.0,5,0,0,0,0.0,0
11.9832,54,0,0.9618,10864.0,7,0,1,0,0.0,0
0.3747,47,0,0.5261,7351.0,7,0,1,0,2.0,0
0.2584,51,0,0.7125,1636.0,3,0,0,0,0.0,0
0.1469,62,0,0.3618,18530.0,6,0,1,0,1.0,0
0.2934,38,0,0.7427,2318.0,4,0,2,0,0.0,0
0.7215,43,0,0.0667,,4,0,2,0,0.0,0
4.3688,78,0,0.7409,2487.0,7,0,0,0,0.0,1
3.8591,41,0,0.9342,8883.0,5,0,3,0,,0
6.6769,35,0,0.2439,2885.0,9,0,2,0,0.0,0
0.1749,76,0,0.4185,6134.0,8,0,1,0,0.0,0
0.3719,58,0,0.4768,2954.0,9,0,0,0,0.0,0
3.0053,69,0,0.1432,,9,0,0,0,1.0,0
0.6928,30,0,0.7955,3225.0,6,0,0,0,0.0,0
0.0732,73,0,0.468,6555.0,11,0,0,0,1.0,0
0.9584,21,0,0.9103,2391.0,9,0,0,0,0.0,1
0.4181,51,0,0.6569,10217.0,8,0,0,0,1.0,0
0.5902,76,0,0.2595,4136.0,13,0,1,0,0.0,1
0.2114,71,0,0.1849,2804.0,4,0,0,0,0.0,0
0.5882,64,0,1.1967,13264.0,6,0,1,0,0.0,0
0.0847,75,0,0.6965,2670.0,5,0,0,0,2.0,0
0.2488,50,0,1.0913,7885.0,9,0,0,0,1.0,0
0.1558,35,0,0.5489,7520.0,11,0,0,0,0.0,0
0.0794,46,0,1.0555,7342.0,11,0,1,0,0.0,0
0.0586,34,0,0.2916,,8,0,0,0,2.0,0
0.814,49,0,0.7838,10387.0,10,0,1,0,0.0,0
0.6688,32,0,0.6071,,8,0,1,0,0.0,0
0.6261,65,0,0.3793,9973.0,4,0,0,0,0.0,0
0.7797,26,0,0.4244,3430.0,7,0,1,0,2.0,0
0.0774,46,0,0.5149,8840.0,5,0,2,0,0.0,0
1.918,42,0,0.3305,7881.0,10,0,0,0,0.0,0
0.1098,47,0,0.3131,4750.0,10,0,1,0,1.0,0
0.5039,49,0,0.5754,2749.0,8,0,1,0,1.0,0
0.5067,74,0,0.2382,4872.0,6,0,2,0,3.0,0
0.3269,46,0,0.5669,20606.0,1,0,0,0,,0
0.0611,36,1,0.2193,3132.0,7,0,1,0,1.0,0
0.0505,58,0,0.303,11409.0,8,0,0,0,0.0,0
0.2975,51,0,0.4078,5545.0,9,0,1,0,0.0,0
0.2622,50,0,0.2306,5825.0,6,0,1,0,1.0,0
0.3232,47,0,1.1785,,9,0,1,0,2.0,0
1.855,47,0,0.7414,2010.0,8,0,0,0,0.0,0
0.0292,54,0,0.1232,10263.0,7,0,1,0,1.0,0
0.1164,41,0,1.1594,1300.0,8,0,3,0,0.0,0
0.8738,62,0,0.7021,4355.0,9,0,2,0,0.0,1
0.2371,85,0,0.612,3926.0,5,0,0,0,0.0,0
0.6266,43,0,0.9696,9370.0,9,0,2,0,2.0,0
0.0104,50,1,0.5398,4040.0,6,0,1,1,0.0,0
0.6473,59,0,0.4409,,4,0,3,0,1.0,0
0.276,64,0,0.4466,8155.0,7,0,0,0,0.0,0
2.0407,60,2,0.245,1007.0,5,0,3,0,2.0,0
0.6691,39,0,0.7709,1669.0,6,0,1,0,1.0,0
0.7296,28,0,0.549,4408.0,6,0,0,0,0.0,1
0.86,31,0,0.1159,,10,0,1,0,1.0,0
0.566,62,0,0.2735,7272.0,6,0,1,0,2.0,0
0.2002,46,0,0.0254,5198.0,10,0,1,0,2.0,0
2.0867,42,1,0.4822,2891.0,9,0,0,0,0.0,0
0.2863,47,0,0.5954,6713.0,8,0,2,0,2.0,0
0.4196,60,0,0.6939,12123.0,6,0,0,0,0.0,0
0.1241,75,0,0.5291,14443.0,10,0,1,0,,0
6.729,42,0,0.7195,,8,0,0,0,1.0,0
0.1109,37,0,0.4466,5621.0,5,0,0,0,0.0,0
0.726,57,0,0.3057,3169.0,7,0,1,0,0.0,0
0.2865,56,0,0.0361,,9,0,3,1,0.0,0
0.0552,45,0,0.6196,3762.0,6,0,1,0,3.0,0
0.0674,62,0,0.5062,,9,0,1,0,0.0,0
0.2891,57,0,0.3671,3084.0,9,0,1,0,0.0,0
0.346,38,0,0.1317,2257.0,12,0,1,0,0.0,0
0.4177,49,1,0.3025,6710.0,12,0,0,0,1.0,0
0.2072,67,0,0.9783,3722.0,7,0,2,0,1.0,0
0.7546,65,0,0.7136,3091.0,9,0,0,0,0.0,1
0.785,55,0,0.887,,11,0,0,0,1.0,0
0.3332,87,0,0.2687,10303.0,11,0,0,0,0.0,0
0.5021,57,0,0.4348,,11,0,2,0,0.0,0
0.293,57,0,1.1835,5442.0,9,0,1,0,0.0,0
0.1555,48,0,0.1991,6926.0,8,0,1,0,0.0,0
0.5325,49,0,0.5118,3668.0,5,0,0,0,0.0,0
0.5637,59,0,0.9702,9499.0,6,0,1,0,1.0,0
0.2964,44,0,0.3724,,6,0,0,0,2.0,0
0.7369,62,0,0.0299,12965.0,4,0,0,0,2.0,0
0.4923,62,0,0.2243,,8,0,0,0,0.0,0
0.2256,32,0,0.3292,4385.0,9,0,1,0,2.0,0
0.1206,31,0,0.7273,4680.0,10,0,1,0,0.0,0
0.027,48,0,0.4353,4626.0,8,0,0,0,1.0,0
1.1986,77,0,0.2588,1487.0,7,0,1,0,2.0,0
0.3704,78,0,0.2954,6170.0,9,0,0,0,0.0,0
0.2216,21,0,0.7086,5068.0,4,0,2,0,0.0,0
5.585,55,0,0.3911,10474.0,6,0,4,0,2.0,0
0.5973,52,0,0.2997,2833.0,4,0,2,0,0.0,0
1.7217,39,0,0.5213,4963.0,12,0,0,0,3.0,0
0.2225,50,0,1.1457,4427.0,8,0,1,0,3.0,0
1.779,42,0,0.3377,5013.0,6,0,1,0,2.0,0
0.5311,49,0,0.0524,6014.0,7,0,1,0,1.0,0
3.3014,50,0,1.38,,5,0,1,0,0.0,1
0.8102,36,0,0.3223,3096.0,10,0,0,0,2.0,0
0.7608,49,0,0.5349,2298.0,8,0,2,0,0.0,1
0.0259,48,0,0.4648,,12,0,1,0,3.0,0
0.0375,62,0,1.0744,6251.0,6,0,0,0,2.0,0
0.5029,54,0,1.2312,5354.0,5,1,1,0,1.0,0
0.285,63,0,0.842,7707.0,8,0,1,0,0.0,0
0.2369,59,0,0.4331,9873.0,12,0,0,0,0.0,0
1.5725,71,0,0.8372,2095.0,10,0,1,0,0.0,1
0.4084,48,0,0.3729,,12,0,1,0,2.0,0
4.6098,65,2,0.3076,15202.0,7,0,1,0,1.0,0
0.1986,53,0,0.4965,1560.0,11,0,1,0,0.0,0
0.232,73,0,0.5611,6302.0,8,0,1,0,3.0,0
0.2361,57,0,0.3354,,6,0,1,0,1.0,0
0.2205,39,0,0.2389,12566.0,10,0,0,0,1.0,0
0.6194,51,0,0.4475,1543.0,11,0,1,0,0.0,0
0.3233,49,0,0.1508,,7,0,3,0,0.0,0
0.0146,41,0,0.2731,,2,0,1,0,0.0,0
2.4084,45,0,0.9865,3564.0,5,0,1,0,0.0,1
0.3222,23,0,0.1022,,7,0,3,0,1.0,0
0.0716,44,0,0.6609,3314.0,4,0,1,0,0.0,0
0.4126,62,0,0.3897,7633.0,8,0,0,0,1.0,0
0.5425,60,0,0.4576,4338.0,10,0,0,0,1.0,0
0.8339,45,0,0.5166,4585.0,14,0,0,0,1.0,0
0.2784,57,0,0.7956,5104.0,12,0,2,0,1.0,0
0.7874,70,0,0.4281,,15,0,2,0,1.0,1
1.5144,42,0,0.7816,6852.0,5,0,0,0,0.0,0
0.2449,32,0,0.6475,3957.0,6,0,1,0,0.0,0
0.1035,52,0,0.8673,,8,0,1,0,1.0,0
0.024,71,0,0.3997,10060.0,8,0,2,0,2.0,0
0.3967,70,0,0.2038,4381.0,10,0,1,0,2.0,0
0.256,49,0,0.2437,14840.0,3,0,3,0,3.0,0
5.634,62,0,0.691,1745.0,6,0,1,0,1.0,0
0.1368,52,0,0.18,10841.0,11,0,2,0,1.0,0
0.0815,80,0,0.2419,5232.0,8,0,1,0,0.0,0
0.3643,60,0,0.1108,4423.0,6,0,1,0,1.0,0
0.8942,30,0,0.5039,11573.0,7,0,1,0,1.0,0
0.7288,47,0,0.5126,7638.0,8,0,1,0,0.0,0
0.0512,53,0,0.3595,,14,0,2,0,0.0,0
2.702,38,0,0.6696,19985.0,9,0,0,0,1.0,0
0.091,55,0,0.4323,13918.0,11,0,0,0,2.0,0
0.5465,45,0,0.712,14834.0,6,0,2,0,1.0,0
0.6655,61,0,0.2694,1922.0,10,0,0,0,0.0,0
0.0275,38,0,0.5478,4587.0,3,0,1,0,0.0,0
0.2435,48,0,0.2891,15148.0,3,0,2,0,2.0,0
0.4646,69,3,0.7499,7073.0,7,0,1,0,1.0,0
0.5842,53,0,0.8642,3823.0,5,0,2,0,0.0,0
3.8587,55,0,0.3688,8137.0,9,0,0,0,1.0,0
1.8865,39,0,0.3663,3243.0,7,0,0,0,0.0,0
0.0868,48,2,0.3763,4364.0,9,0,3,0,0.0,0
0.0957,45,0,0.652,1312.0,6,0,0,0,3.0,0
1.0373,50,0,0.7775,10619.0,4,0,0,0,1.0,0
0.4665,85,0,0.1818,,13,0,0,0,0.0,0
1.9219,62,0,1.0953,4085.0,4,0,0,0,3.0,0
0.361,56,0,0.594,,4,0,2,0,0.0,0
1.3852,46,0,0.4602,2085.0,12,0,0,0,1.0,0
0.7583,45,0,0.0387,5048.0,3,0,1,0,0.0,0
0.4195,54,0,0.1189,7059.0,7,0,1,0,1.0,0
0.8044,60,0,0.2245,9529.0,8,0,2,0,1.0,0
0.2507,54,0,0.5008,1194.0,6,0,1,0,4.0,0
0.6703,43,0,0.0762,2493.0,13,0,0,0,2.0,1
6.7787,54,0,0.5113,,6,0,1,0,1.0,0
0.113,62,0,0.1569,5716.0,3,0,0,0,0.0,0
0.1343,69,0,0.2462,12121.0,11,0,2,0,0.0,1
0.3291,67,0,0.7393,6804.0,6,0,0,0,3.0,0
0.4014,46,3,0.2014,3715.0,5,1,2,0,2.0,0
0.9328,21,0,0.8782,2310.0,11,0,0,0,1.0,1
0.5144,35,0,0.6686,6361.0,6,0,2,0,2.0,0
1.3042,35,0,0.1161,16319.0,8,0,1,0,0.0,0
2.2042,55,0,0.5709,5800.0,5,0,0,0,1.0,0
0.1075,38,0,0.7643,,7,0,1,0,2.0,0
0.0883,42,0,0.3972,7680.0,6,0,1,0,0.0,0
0.4412,47,0,1.312,5534.0,10,0,2,0,0.0,0
0.5978,95,0,0.0706,20840.0,7,0,0,0,1.0,0
1.1818,74,0,0.2202,19666.0,10,0,0,0,2.0,0
2.2996,47,0,0.8682,10181.0,15,0,1,0,3.0,0
0.0534,78,0,0.1026,3215.0,10,0,1,0,1.0,0
0.2188,54,0,0.6277,,3,0,0,0,0.0,0
0.68,42,0,0.2948,4618.0,5,0,1,0,0.0,0
0.2931,58,0,0.1553,,3,0,1,0,1.0,0
0.193,39,0,0.3921,5855.0,6,0,0,0,0.0,0
0.1917,25,0,0.2184,1708.0,12,0,0,0,0.0,0
0.0872,23,0,0.3361,1593.0,9,0,2,0,1.0,0
0.0354,68,0,0.5127,2345.0,7,0,1,0,1.0,0
0.6351,50,1,1.0751,11847.0,8,0,2,0,1.0,0
0.2782,37,0,0.2323,1200.0,13,0,1,0,1.0,0
0.7967,57,0,0.1308,4792.0,6,0,2,0,0.0,0
0.1336,31,0,0.7174,,11,0,1,0,0.0,0
0.0184,37,0,0.6857,3236.0,9,0,4,0,0.0,0
0.571,58,0,0.7768,,9,0,1,0,0.0,0
5.3583,78,0,0.6189,,8,0,0,0,0.0,1
0.1787,33,0,0.4863,4292.0,3,0,1,0,0.0,0
0.5535,36,0,0.2098,,8,0,3,0,0.0,0
0.6793,49,0,0.3126,,4,0,4,0,2.0,0
0.3597,61,0,0.2583,6358.0,7,0,1,0,2.0,0
1.5006,56,0,0.2847,5395.0,7,0,0,0,2.0,0
2.2735,45,0,0.4722,1470.0,6,0,0,0,3.0,0
6.9097,50,0,0.2297,5189.0,8,0,2,0,1.0,0
0.4538,55,0,0.8361,5487.0,10,0,0,0,0.0,0
0.5404,76,0,0.4379,9914.0,9,0,3,0,0.0,0
0.4963,64,0,0.7609,3715.0,14,0,0,0,1.0,1
0.9133,40,0,0.3004,5990.0,10,0,1,0,0.0,0
4.071,31,0,0.8817,2303.0,2,0,0,0,0.0,0
0.6165,61,0,0.3147,5235.0,10,0,1,0,1.0,0
0.0833,34,0,0.2166,,9,0,1,0,1.0,0
0.1795,58,0,0.4267,4747.0,6,0,1,0,1.0,0
0.2865,62,0,0.6881,2740.0,5,0,4,0,1.0,0
0.8639,66,0,0.0293,5876.0,10,0,1,0,1.0,0
0.541,37,0,0.3159,,8,0,2,0,0.0,0
0.3172,63,0,0.4373,2594.0,12,0,2,0,1.0,0
0.3696,67,0,0.5923,5376.0,8,0,1,0,0.0,0
0.8575,48,0,0.536,7467.0,7,0,0,0,0.0,0
0.0307,39,0,0.1373,1041.0,8,0,0,0,1.0,0
0.2107,52,0,0.7562,,5,0,0,0,0.0,0
0.3365,53,2,0.1994,4769.0,11,0,2,0,1.0,0
0.5778,65,0,0.378,2538.0,11,0,2,0,3.0,0
3.8204,53,0,0.1274,1798.0,4,0,0,0,1.0,0
0.1336,56,0,0.2741,3058.0,6,0,0,0,1.0,0
0.9056,61,0,1.168,7925.0,5,0,0,0,1.0,0
0.3547,50,0,0.6679,1492.0,4,0,0,0,0.0,0
0.2804,54,0,0.6747,,7,0,2,0,0.0,0
0.3645,40,0,0.7022,11281.0,4,0,0,0,0.0,0
5.0432,52,0,0.1537,2179.0,9,0,0,0,1.0,0
11.3696,49,0,0.5471,4978.0,10,0,1,0,1.0,0
0.3053,50,0,1.1946,,4,0,0,0,1.0,0
0.074,36,0,0.2639,4636.0,7,0,3,0,,0
0.5326,51,0,0.6701,2276.0,5,0,0,0,2.0,1
0.2839,42,0,0.5133,4274.0,5,0,3,0,0.0,0
0.5371,51,0,0.0478,6760.0,3,0,0,0,0.0,0
0.0617,53,0,0.5981,10604.0,12,0,2,0,0.0,0
0.2246,76,0,0.8417,4544.0,9,0,2,0,2.0,0
0.2513,44,0,0.2632,5522.0,9,0,1,0,0.0,0
0.5554,41,0,0.8565,2422.0,5,0,1,0,1.0,1
0.2747,49,0,0.6878,,10,0,0,0,0.0,0
0.6959,39,0,0.5242,5928.0,9,0,0,0,0.0,0
0.024,22,0,0.4383,8403.0,9,0,0,0,2.0,0
0.0792,47,0,0.2433,4688.0,6,0,1,0,1.0,0
0.4375,50,0,0.3159,,6,0,2,0,1.0,0
0.9944,54,0,0.0695,15061.0,10,0,0,0,0.0,0
0.3306,48,0,0.2016,9297.0,8,0,1,0,0.0,0
0.0905,41,0,0.1751,4082.0,11,0,3,0,1.0,0
0.1725,56,0,0.4108,,10,0,0,0,0.0,0
1.6403,46,0,0.5066,3473.0,6,0,1,0,1.0,1
0.1395,44,0,0.8407,5519.0,8,0,3,0,1.0,0
0.335,60,0,0.466,5593.0,7,0,1,0,1.0,0
0.0426,50,0,0.517,5948.0,10,0,1,0,1.0,0
3.3995,70,0,0.7531,8328.0,9,0,1,0,3.0,0
4.1619,37,0,0.4551,7428.0,8,0,1,0,0.0,0
0.1364,77,0,0.3313,8451.0,10,0,1,0,0.0,0
0.6773,59,0,0.3008,11194.0,8,0,1,0,0.0,0
1.078,37,2,0.7613,,10,0,1,0,0.0,0
0.7453,49,0,0.7187,,5,0,4,0,2.0,0
0.5657,44,0,0.5047,9113.0,7,0,1,0,1.0,0
1.2695,60,1,0.1929,6556.0,14,0,0,0,0.0,0
0.3635,44,0,0.5202,2583.0,11,0,0,0,1.0,0
3.1067,40,0,0.1419,8696.0,9,0,3,0,2.0,0
0.6183,59,0,0.9234,5535.0,8,0,1,0,,0
0.4883,49,0,0.5104,19630.0,10,0,4,0,0.0,0
0.1165,21,0,0.3386,6333.0,8,0,0,0,0.0,0
0.1955,68,0,0.2965,12261.0,10,0,1,0,0.0,0
0.0063,50,0,0.245,,4,0,2,0,0.0,0
0.7858,50,0,0.2811,4796.0,6,0,0,0,0.0,0
0.2603,66,0,0.553,3765.0,9,0,0,0,0.0,0
0.1757,60,0,1.0586,,8,0,0,0,1.0,0
0.3893,83,0,0.3954,10169.0,8,0,1,0,0.0,0
0.2089,43,0,0.4257,3928.0,4,0,1,0,1.0,0
0.4827,63,0,0.327,,7,1,1,0,0.0,0
0.2538,43,0,0.4143,6757.0,7,0,0,0,1.0,0
0.3023,58,0,0.3982,11338.0,5,0,1,0,1.0,0
0.5025,67,0,0.332,10437.0,13,0,0,0,2.0,0
0.2668,45,1,0.2704,4062.0,17,0,0,0,1.0,0
0.2146,86,2,0.3504,10929.0,9,0,1,0,2.0,1
0.7524,61,0,0.3663,6752.0,12,0,1,0,1.0,0
0.1615,47,1,0.3347,4506.0,6,0,0,0,1.0,0
0.4568,21,0,1.0311,1528.0,10,0,0,0,1.0,1
0.2634,53,0,0.7626,,7,0,3,0,1.0,0
0.6028,73,0,0.5065,2697.0,1,0,1,0,1.0,0
0.6852,57,0,0.6482,,8,0,0,0,0.0,0
0.3718,62,0,0.7443,6093.0,4,0,0,0,2.0,0
0.3908,50,0,0.3675,,7,0,1,0,0.0,0
0.4328,51,3,0.1338,,8,0,3,0,0.0,0
0.1994,52,0,0.4708,14172.0,16,0,1,0,1.0,0
0.1658,46,0,0.4998,,7,0,0,0,1.0,0
0.7231,51,0,0.7474,5986.0,6,0,1,0,1.0,0
0.0261,51,0,0.9328,5555.0,11,0,2,0,1.0,0
4.5691,59,0,0.106,8747.0,10,0,1,0,0.0,0
0.0615,51,0,0.5327,5513.0,12,0,0,0,1.0,0
0.488,66,0,0.7469,6327.0,7,0,0,0,2.0,0
0.1646,82,0,0.5901,10760.0,5,0,1,0,0.0,0
0.7487,46,0,0.368,3093.0,12,0,3,0,0.0,0
0.3552,76,0,0.1107,5659.0,5,0,1,0,0.0,0
0.5395,61,0,0.2681,6379.0,8,0,2,0,1.0,0
9.8519,45,0,0.2826,7878.0,8,0,0,0,1.0,0
0.5548,72,0,0.5688,9536.0,9,0,0,0,1.0,0
2.4225,61,0,0.5798,5910.0,7,0,0,0,0.0,0
0.2143,63,0,0.1525,,4,0,1,0,0.0,0
0.5674,21,0,0.0305,,10,0,1,0,0.0,0
0.052,61,0,0.581,5774.0,7,0,1,0,3.0,0
0.6071,51,0,0.3778,7228.0,8,0,3,0,0.0,0
0.3004,58,0,0.2427,6947.0,6,0,1,0,0.0,0
3.6038,61,3,0.364,3666.0,9,0,0,0,0.0,0
0.105,58,0,0.3992,,3,0,2,0,0.0,0
0.3521,59,0,0.6471,5712.0,10,0,0,0,0.0,0
0.9029,63,0,0.2442,6032.0,7,0,2,0,2.0,1
2.5243,48,0,1.0162,6155.0,13,0,0,0,1.0,0
0.4202,77,0,0.5264,,10,0,0,0,2.0,0
0.3217,61,0,0.7947,4528.0,8,0,1,0,1.0,0
0.1967,42,0,0.6465,2077.0,8,0,1,0,2.0,0
0.5698,57,0,0.1271,2831.0,7,0,3,0,0.0,0
1.0791,38,0,0.1409,8053.0,6,0,2,0,1.0,0
0.5324,63,0,0.2068,6421.0,9,0,3,0,1.0,0
0.3134,38,0,0.2131,2778.0,8,0,4,0,1.0,0
0.2754,50,0,1.1496,6683.0,10,0,2,0,3.0,0
0.3486,48,0,0.7366,2090.0,4,0,0,0,0.0,0
1.1165,64,0,0.4275,16909.0,8,0,0,0,2.0,0
1.0926,41,0,0.6417,,10,0,1,0,0.0,0
0.4837,58,0,1.0697,3625.0,6,0,1,0,2.0,0
0.609,33,0,0.4114,3737.0,7,0,2,0,0.0,0
0.2215,67,0,0.2189,10743.0,18,0,1,0,0.0,0
0.2919,52,0,0.7667,2015.0,6,0,1,0,1.0,0
0.4833,47,0,0.8418,3540.0,5,0,0,0,0.0,1
0.037,55,0,0.3332,,7,0,0,0,0.0,0
0.4968,56,0,0.5797,2603.0,4,0,2,0,0.0,1
0.235,45,0,0.7376,3777.0,3,0,1,0,0.0,0
0.1442,75,0,0.4329,5765.0,7,0,1,0,1.0,0
0.3195,67,0,0.7308,,9,0,0,0,1.0,0
0.69,29,0,0.8547,8652.0,5,0,1,0,2.0,0
2.5047,53,0,0.8652,9050.0,14,0,1,0,0.0,0
0.3294,49,0,0.7072,9126.0,9,0,0,0,1.0,0
0.9652,21,1,0.6672,8955.0,3,0,1,0,0.0,0
0.6714,54,0,0.2786,5620.0,8,0,0,0,0.0,0
0.1795,41,0,0.4523,2701.0,5,0,0,0,0.0,0
0.0639,50,0,0.1052,,10,0,3,0,0.0,0
0.6607,57,0,0.9706,1741.0,6,0,0,0,2.0,0
0.8116,62,0,0.3752,5226.0,8,0,0,0,0.0,0
0.5129,56,0,0.4574,8090.0,17,0,0,0,0.0,0
0.8053,21,0,0.4561,2520.0,8,0,0,0,0.0,0
0.5153,52,0,1.2292,3740.0,7,0,0,0,3.0,0
0.2459,27,0,1.1396,11860.0,6,0,0,0,0.0,0
0.5234,37,0,0.1224,,11,0,2,0,2.0,0
1.0084,79,0,1.1221,,6,0,0,0,0.0,1
0.6524,54,0,0.084,4317.0,7,0,1,0,1.0,0
0.7464,27,0,0.5533,9619.0,7,0,2,0,2.0,0
0.3557,50,0,1.1445,8888.0,11,0,2,0,0.0,0
0.7292,83,0,0.6237,8444.0,6,0,0,0,0.0,0
1.1264,45,0,0.4817,5102.0,8,0,0,0,0.0,0
0.4572,24,0,0.1415,3772.0,6,0,0,0,0.0,1
0.5872,51,0,0.3772,3488.0,4,0,1,0,1.0,0
0.3428,83,0,0.4364,1742.0,7,0,2,0,1.0,0
0.0313,46,1,0.6058,4577.0,7,0,0,1,0.0,0
0.9187,74,0,0.4886,3357.0,7,0,3,0,2.0,0
0.4609,52,0,0.7645,,11,0,3,0,0.0,0
0.1929,86,0,0.7267,6348.0,3,0,2,0,1.0,0
0.5232,50,0,0.9354,8524.0,8,0,2,0,0.0,0
0.589,49,0,0.2223,,5,0,2,0,0.0,0
0.367,61,0,0.5612,,8,0,2,0,0.0,0
0.2196,43,0,0.4294,7571.0,5,0,0,0,0.0,0
2.2301,47,0,1.226,4526.0,11,0,1,0,0.0,1
0.1674,50,0,0.3893,7041.0,7,0,1,0,1.0,0
0.6359,76,0,0.2356,4935.0,9,0,1,0,0.0,0
3.5408,26,0,0.4899,3573.0,5,0,0,0,0.0,0
0.2552,35,0,0.7669,7544.0,9,0,2,0,2.0,0
0.8672,74,0,0.5313,,5,0,2,0,0.0,1
0.3761,53,0,0.3972,3660.0,11,0,2,0,2.0,0
0.9627,37,0,0.0377,4986.0,6,0,1,0,0.0,0
1.8173,59,1,0.9144,2831.0,6,0,2,0,0.0,0
0.3552,51,0,0.6742,7766.0,6,0,2,0,0.0,0
0.4836,44,0,0.7056,6151.0,9,0,2,0,1.0,0
0.3317,39,0,0.0719,4077.0,9,0,0,0,0.0,0
1.3396,47,0,0.0799,7604.0,7,0,0,0,1.0,0
0.0414,21,0,1.0085,2018.0,7,0,1,0,1.0,0
11.6362,44,0,0.9477,,11,0,0,0,2.0,0
0.5565,66,0,0.6511,17099.0,6,1,3,0,0.0,0
0.2087,61,0,0.2657,15147.0,9,0,2,0,2.0,0
0.1304,46,0,0.2058,8545.0,9,0,1,0,0.0,0
0.455,33,0,0.0976,3884.0,6,0,1,0,3.0,1
0.293,44,0,0.2008,2940.0,3,0,2,0,1.0,0
0.126,21,0,0.4208,3646.0,4,0,0,0,1.0,0
0.092,58,0,0.2804,,12,0,1,0,0.0,0
0.3822,59,0,0.406,,3,0,2,0,1.0,0
0.436,62,0,0.2153,3548.0,7,0,0,0,0.0,0
0.1323,66,0,0.6454,,9,0,1,0,3.0,0
5.7815,63,3,0.7179,7980.0,9,0,1,0,3.0,0
1.439,53,0,0.68,,9,0,1,0,3.0,0
0.4323,45,0,0.3085,,7,0,0,0,1.0,0
0.5084,44,0,0.5392,6193.0,10,0,1,0,1.0,0
0.2103,51,0,0.5939,2951.0,9,0,0,0,1.0,0
0.4992,62,0,0.1858,17795.0,12,0,3,0,1.0,0
0.783,38,0,0.1924,2661.0,11,0,2,0,3.0,0
2.2594,55,0,0.1185,,5,0,1,0,1.0,0
0.6193,37,0,0.5461,11421.0,6,0,1,0,1.0,0
3.9009,58,0,0.566,5016.0,7,0,1,0,1.0,0
0.1352,42,0,0.8875,4894.0,11,0,2,0,2.0,0
0.3096,78,0,0.7887,2872.0,3,0,2,0,1.0,0
1.7347,47,0,0.3704,3944.0,7,0,0,0,1.0,0
0.5601,55,0,0.5513,3397.0,11,0,0,0,0.0,0
0.3623,34,0,0.2332,1752.0,7,0,1,0,2.0,0
0.5852,59,0,0.2722,916.0,9,0,1,0,1.0,0
0.2071,66,0,0.6578,9241.0,6,0,1,0,1.0,0
0.2984,40,0,0.63,7001.0,5,0,0,0,1.0,0
0.4479,50,0,0.9198,13634.0,8,0,1,0,1.0,0
0.6197,38,0,0.5748,5407.0,11,0,1,0,2.0,1
0.7412,49,0,0.3934,2871.0,7,0,1,0,2.0,0
0.6704,64,0,0.4294,2781.0,8,0,2,0,0.0,0
0.4958,80,0,0.7536,,5,0,0,0,0.0,1
0.0337,62,0,0.5866,5477.0,6,0,0,0,0.0,0
0.0288,34,0,0.3155,1897.0,12,0,1,0,1.0,0
0.0781,50,0,0.2704,5777.0,7,0,2,0,,0
0.6288,62,0,0.4473,,6,0,1,0,0.0,0
1.7461,21,0,0.5086,6912.0,9,0,1,0,1.0,0
0.1178,56,0,1.0357,2874.0,8,0,2,0,1.0,0
1.4474,54,0,0.4725,7044.0,9,0,0,0,2.0,0
0.8048,82,0,0.407,2193.0,11,0,2,0,0.0,0
0.4854,52,0,0.9713,3587.0,14,0,0,0,1.0,0
0.0963,73,0,0.4101,9435.0,10,0,0,0,1.0,0
1.3998,48,0,0.8248,,9,0,1,0,1.0,0
7.2259,61,0,0.3818,5661.0,3,0,1,0,2.0,0
5.9988,57,0,0.349,9630.0,9,0,0,0,1.0,0
0.0182,76,3,0.302,6815.0,3,0,0,3,1.0,1
0.5644,72,0,0.5214,5549.0,7,0,0,0,1.0,0
0.0396,46,0,0.4594,6130.0,8,0,4,0,0.0,0
0.3965,30,0,1.038,6901.0,8,0,1,0,2.0,0
0.4702,64,0,0.4617,5194.0,9,0,0,0,0.0,0
0.6141,76,0,0.2476,6397.0,11,0,0,0,0.0,0
8.8687,31,0,0.8585,3202.0,7,0,2,0,0.0,0
0.007,77,0,0.3323,,2,0,1,0,0.0,0
0.477,40,0,0.6522,4703.0,7,0,1,0,0.0,0
0.608,71,0,0.9775,6412.0,10,0,3,0,0.0,0
0.6663,51,0,0.8871,7088.0,7,0,2,0,1.0,0
0.5862,70,0,0.5131,4326.0,7,0,0,0,0.0,0
6.4129,58,0,0.2383,,8,0,1,1,3.0,0
0.239,67,0,0.4464,6051.0,6,0,0,0,0.0,0
0.0612,47,0,0.2628,10526.0,7,0,1,0,0.0,0
0.4746,33,0,0.3865,3245.0,7,0,0,0,,0
0.4177,67,0,0.5459,12472.0,2,0,4,0,1.0,0
2.2599,68,0,0.6731,4957.0,8,0,0,0,0.0,1
0.8576,47,2,0.8236,,9,0,1,1,0.0,0
0.2665,58,0,0.2369,,9,0,1,0,0.0,0
0.5544,44,0,0.7051,5055.0,7,0,0,0,2.0,0
0.2539,32,0,0.4332,,13,0,3,0,1.0,0
0.1408,57,0,0.6323,2815.0,12,0,2,0,0.0,0
0.4174,61,0,0.2033,8353.0,5,0,1,0,1.0,0
0.4559,47,0,0.4509,7123.0,10,0,1,0,1.0,0
0.5,70,0,0.7253,14076.0,6,0,3,0,0.0,0
0.24,41,0,0.3652,8673.0,9,0,0,0,2.0,0
0.5647,69,0,0.1809,3843.0,8,0,1,0,1.0,0
0.8982,36,0,0.9626,5101.0,8,0,1,0,2.0,0
0.3604,59,0,0.2084,11002.0,14,0,1,0,,0
1.3154,54,0,0.4587,2487.0,5,0,1,0,1.0,0
0.3708,66,0,0.259,5588.0,5,0,2,0,1.0,0
0.3292,58,0,0.6146,9565.0,5,0,0,0,1.0,0
0.7411,58,0,0.6315,3311.0,7,0,3,0,1.0,0
0.2687,52,0,0.46,52663.0,7,0,0,0,0.0,0
0.389,60,0,0.1626,8471.0,7,0,1,0,0.0,0
0.8043,35,0,0.37,,7,2,1,0,,0
0.8219,21,0,0.6034,,10,0,0,0,1.0,1
0.8905,80,0,0.874,5935.0,7,0,2,0,0.0,0
0.6264,29,0,0.323,,11,0,1,0,,0
0.2489,77,0,0.244,3468.0,8,0,0,0,1.0,0
0.2191,42,0,0.2921,,10,0,3,0,1.0,0
0.2596,73,0,0.3215,6392.0,12,0,0,0,0.0,0
0.4935,72,0,0.1352,10082.0,8,0,0,0,0.0,0
0.9099,50,0,0.2992,7166.0,6,0,3,0,1.0,0
0.1417,51,0,0.6427,11912.0,8,0,0,0,0.0,0
0.1016,43,0,0.2439,5408.0,11,0,2,0,2.0,0
0.1562,53,0,0.2077,4617.0,9,0,3,0,2.0,0
0.2653,57,2,0.3788,,10,0,0,0,0.0,0
0.028,82,0,0.7234,5329.0,6,0,0,0,0.0,0
0.656,27,0,0.9767,1873.0,6,0,0,0,0.0,1
0.2404,50,0,0.9893,8655.0,5,0,3,0,0.0,0
2.02,63,0,0.4448,9175.0,8,0,3,0,0.0,0
0.2644,34,0,0.3743,,4,0,1,0,2.0,0
2.2535,68,0,0.8238,6628.0,9,0,0,0,1.0,0
0.0195,70,0,1.0463,10279.0,8,0,0,0,0.0,0
0.9944,64,0,0.4323,22358.0,7,0,0,0,0.0,0
0.3093,46,0,0.6153,4220.0,13,0,0,0,2.0,0
0.0078,64,0,0.434,5226.0,10,0,0,0,1.0,0
1.9459,50,0,0.4522,9625.0,7,0,0,0,1.0,0
0.1153,47,0,0.6869,2544.0,9,0,0,0,1.0,0
0.7779,63,0,0.3622,5162.0,7,0,0,0,1.0,0
1.0223,45,0,0.1254,3610.0,7,0,0,0,2.0,0
0.2134,65,0,0.356,1530.0,5,0,4,0,2.0,0
0.0437,65,0,0.7151,6429.0,6,0,1,0,2.0,0
0.2597,68,0,0.8049,9838.0,7,0,0,0,0.0,0
0.5504,42,0,0.6809,3570.0,9,0,3,0,0.0,0
0.3285,60,0,0.5268,15327.0,9,0,1,0,0.0,0
2.391,48,0,0.7479,,8,0,1,0,1.0,0
0.1558,82,0,0.4965,5677.0,6,0,1,0,2.0,0
0.5721,34,0,0.5457,,11,0,1,0,0.0,0
0.5094,54,0,0.8668,2645.0,3,0,2,0,1.0,0
0.3481,51,0,1.0495,8545.0,11,0,4,0,0.0,0
3.1511,53,0,0.4575,4538.0,7,0,2,0,0.0,0
0.3876,34,0,0.4866,7221.0,7,0,0,0,2.0,0
0.4942,42,0,0.189,4617.0,5,0,0,0,1.0,0
1.5455,33,0,0.688,3304.0,5,0,1,0,0.0,0
0.3094,32,0,0.46,1585.0,6,0,0,0,1.0,0
0.837,47,0,0.738,,11,0,0,0,2.0,0
0.114,85,0,0.4941,5926.0,15,0,1,0,0.0,0
0.3703,64,0,0.3234,17228.0,4,0,2,0,1.0,0
0.51,43,1,0.5335,3230.0,8,0,0,1,1.0,0
0.2913,50,0,0.3907,4188.0,7,0,2,0,1.0,0
0.1382,36,0,0.7956,4547.0,2,0,6,0,,0
0.4015,21,0,0.7274,5728.0,6,0,0,0,1.0,0
0.3486,53,0,0.0939,4555.0,17,0,0,0,0.0,0
0.3467,49,0,0.616,7285.0,9,0,1,0,0.0,0
0.0073,50,0,0.5912,4731.0,10,0,1,0,2.0,0
0.7062,46,0,0.7744,5726.0,6,0,1,0,1.0,0
0.8498,45,0,0.3124,1703.0,7,0,0,0,2.0,0
0.3459,59,0,0.3517,,5,0,1,0,0.0,0
0.0001,37,0,0.542,7375.0,6,0,1,0,0.0,0
0.4003,53,0,0.4389,11770.0,6,0,0,0,2.0,0
0.4686,28,3,0.5534,2395.0,8,0,1,1,0.0,0
0.8723,79,0,0.4486,3501.0,8,0,1,0,0.0,0
0.0957,63,0,0.4637,,5,0,1,0,0.0,0
0.2787,43,0,0.9283,5829.0,6,0,0,0,0.0,0
0.2455,47,0,0.3536,,5,0,0,0,0.0,0
0.4837,63,0,0.4068,2072.0,11,0,0,0,0.0,0
0.2535,65,0,0.3816,,6,0,0,0,1.0,0
0.4636,44,0,0.4403,10467.0,11,0,1,0,0.0,0
0.1131,44,0,0.1074,5119.0,4,0,3,0,0.0,0
0.0238,44,0,0.63,3931.0,8,0,1,0,1.0,0
0.8362,62,0,0.1705,7743.0,12,0,1,0,,0
0.4454,48,0,0.3038,5432.0,15,0,2,0,0.0,0
0.1967,60,0,0.5923,4352.0,6,0,1,0,0.0,0
0.6322,58,0,0.5945,,9,0,1,0,1.0,0
0.2095,46,0,0.3297,5541.0,10,0,1,0,0.0,0
1.1235,34,0,0.0188,,4,0,1,0,1.0,0
0.1664,67,0,0.8741,4860.0,10,0,0,0,1.0,0
0.254,54,0,0.3738,3846.0,5,0,0,0,2.0,0
0.6634,55,0,0.1103,,10,0,0,0,3.0,0
0.6543,52,0,0.2839,,7,0,0,0,0.0,0
0.0657,35,0,0.407,8786.0,2,0,0,0,0.0,0
0.5476,46,0,0.2888,1795.0,8,0,1,0,0.0,0
0.2153,56,0,0.874,23243.0,6,0,1,0,0.0,0
0.2714,45,0,0.4111,5918.0,6,0,1,0,1.0,0
0.1664,57,0,0.6397,27282.0,8,0,0,0,0.0,0
0.4109,50,0,0.3722,2964.0,12,0,0,0,1.0,0
0.209,33,1,0.3861,7141.0,7,0,0,1,1.0,0
0.29,26,0,0.2049,3349.0,8,0,1,0,1.0,0
0.5916,58,0,0.3357,9647.0,4,0,0,0,1.0,0
0.0789,41,0,0.3493,8449.0,13,0,1,0,0.0,0
0.036,48,0,1.2073,11879.0,9,0,2,0,0.0,0
3.4094,40,0,0.4443,2230.0,6,0,3,0,0.0,0
0.2165,67,0,0.5771,2950.0,6,0,0,0,2.0,0
0.1579,33,0,1.1264,5737.0,5,0,1,0,1.0,0
2.7945,65,0,0.4648,,8,0,1,0,0.0,0
0.6368,32,0,1.1033,3112.0,7,0,1,0,2.0,1
0.6185,60,0,0.1033,,6,0,0,0,0.0,0
6.8694,50,0,0.302,3688.0,7,0,0,0,0.0,0
0.322,53,0,0.8476,,12,0,2,0,1.0,0
0.2357,56,0,0.3541,3469.0,13,0,3,0,0.0,0
6.693,50,0,0.8419,3605.0,4,0,1,0,,1
0.7886,62,0,0.756,2157.0,15,0,0,0,0.0,0
0.3094,46,0,0.786,8099.0,8,0,0,0,1.0,0
0.4582,35,0,0.0898,7465.0,4,0,1,0,0.0,0
0.2229,45,0,0.2034,,3,0,2,0,0.0,0
2.9444,46,0,0.1049,2561.0,10,0,2,0,0.0,1
0.4007,55,0,0.2267,6439.0,5,0,0,0,2.0,0
2.3008,36,0,0.6997,,5,0,2,1,,1
0.4856,65,0,0.4842,8406.0,11,0,0,0,1.0,0
0.0461,71,0,0.8208,5418.0,7,0,0,0,0.0,0
4.3852,48,0,0.7708,1559.0,8,0,2,0,4.0,0
0.3898,60,0,0.5331,7986.0,12,0,0,0,0.0,0
0.0202,81,0,0.2837,7908.0,4,0,1,0,0.0,0
0.2063,54,0,0.62,25826.0,6,0,1,0,0.0,0
0.4355,34,0,0.4394,5553.0,6,0,1,0,0.0,0
0.7043,47,0,0.5244,5938.0,7,0,1,0,0.0,0
0.5205,43,0,0.1821,7482.0,11,0,2,0,0.0,0
0.131,55,0,1.1867,2936.0,6,0,1,0,0.0,0
0.3577,69,0,0.5498,,16,0,2,0,1.0,0
0.0239,27,0,0.4411,3439.0,4,0,1,0,1.0,0
0.517,71,0,0.2615,5344.0,4,0,1,0,0.0,0
0.2845,56,0,0.1804,4563.0,8,0,0,0,2.0,0
0.7953,62,0,1.2941,5742.0,13,0,3,0,1.0,0
4.2081,58,0,0.5962,1431.0,7,0,1,0,0.0,0
0.6651,43,0,0.2796,3277.0,7,0,1,0,0.0,0
0.3687,59,0,0.1554,11878.0,9,0,0,0,2.0,0
0.4526,66,0,0.23,5450.0,11,0,1,0,0.0,0
0.3535,69,0,0.2454,7632.0,11,0,2,0,0.0,0
0.0826,68,0,0.1658,10042.0,6,0,1,0,2.0,1
0.7416,45,0,0.365,5748.0,10,0,0,0,0.0,0
0.2551,71,0,0.4058,1899.0,6,0,2,0,1.0,0
1.476,67,0,0.3303,,6,0,0,0,0.0,0
0.6491,65,0,0.4778,6765.0,8,0,2,0,0.0,0
0.068,35,0,0.5874,13584.0,10,0,2,0,0.0,0
0.2303,45,2,0.438,,10,0,1,1,0.0,0
0.3677,54,0,0.152,10236.0,9,0,1,0,0.0,0
1.2456,64,0,0.5237,5338.0,9,0,2,0,1.0,1
1.3917,32,0,0.2214,,7,0,2,0,2.0,0
0.174,36,0,0.6528,5266.0,9,0,1,0,0.0,0
1.999,54,0,0.4446,,9,0,2,0,1.0,0
0.496,37,2,0.5428,,8,0,1,2,2.0,0
1.108,47,2,0.6057,5591.0,7,0,0,0,0.0,0
0.2295,50,0,0.3566,4217.0,5,0,1,0,0.0,0
0.8455,24,0,0.3821,26325.0,9,0,0,0,1.0,0
0.1785,55,0,0.6494,8517.0,12,0,0,0,1.0,0
0.1672,49,0,1.2715,,8,0,1,0,1.0,0
0.5512,30,0,0.9358,16236.0,11,0,2,0,0.0,0
0.3651,44,0,0.4002,15392.0,8,0,3,0,1.0,0
0.3577,63,0,0.2971,13698.0,7,0,2,0,0.0,0
0.0027,47,0,1.1542,,7,0,0,0,0.0,0
0.4098,52,0,0.993,6722.0,13,0,2,0,1.0,0
0.4274,55,0,0.2876,,10,0,2,0,0.0,0
0.0405,25,0,1.0335,2595.0,6,0,0,0,1.0,0
0.524,72,0,0.762,4098.0,4,0,1,0,1.0,0
0.5371,58,0,0.8123,1906.0,11,0,1,0,1.0,0
0.4475,57,0,0.3664,6071.0,9,0,0,0,2.0,0
0.4855,61,0,0.2267,2389.0,5,0,0,0,3.0,0
0.2222,50,0,0.4559,11920.0,5,0,1,0,0.0,0
0.3728,51,0,0.6833,26027.0,5,0,1,0,0.0,0
1.5015,84,0,0.5958,4996.0,3,0,1,0,0.0,1
0.113,32,0,0.1404,12742.0,4,0,0,0,1.0,0
0.2167,60,0,0.7765,,5,0,1,0,0.0,0
1.0248,37,0,0.4588,6705.0,8,0,2,0,0.0,0
2.968,71,0,0.2431,4031.0,8,0,4,0,1.0,0
0.5324,53,0,0.5837,11032.0,5,0,0,0,0.0,0
0.8821,32,0,0.1531,7078.0,6,0,0,0,1.0,0
0.0959,59,0,0.4257,4083.0,7,0,1,0,2.0,0
2.2195,67,0,0.415,5923.0,10,0,1,0,0.0,0
0.9923,57,0,0.3393,,6,0,2,0,2.0,0
0.2148,64,0,0.8703,6906.0,12,0,0,0,1.0,0
0.3656,72,0,0.6549,10203.0,7,0,1,0,0.0,0
0.0353,63,0,0.1216,4109.0,7,0,2,0,2.0,0
0.1673,46,0,0.4852,3390.0,10,0,0,0,1.0,0
0.1328,71,0,0.7909,7188.0,11,0,1,0,2.0,0
0.3891,58,0,0.3465,2495.0,7,0,1,0,0.0,0
0.687,45,1,0.3356,2706.0,6,0,0,0,0.0,0
1.2331,58,0,0.5881,2590.0,8,0,0,0,0.0,0
0.5878,58,0,0.4925,3372.0,8,0,4,0,1.0,0
1.0467,54,0,0.2162,1960.0,9,0,1,0,0.0,0
0.3928,33,0,1.044,2495.0,9,0,2,0,0.0,0
0.6457,69,0,0.7667,5625.0,11,0,6,0,1.0,0
1.1746,63,0,0.3679,,7,0,1,0,0.0,0
0.4532,44,0,0.2203,8147.0,14,0,0,0,0.0,0
0.3315,59,2,0.3269,4162.0,9,2,1,0,1.0,0
0.0363,57,0,0.521,8680.0,6,0,1,0,0.0,0
0.0777,30,0,0.4256,,8,0,0,0,2.0,0
0.3956,51,0,0.7273,,14,0,1,0,0.0,0
0.3905,57,0,0.6238,,7,0,1,0,3.0,0
0.4669,75,0,0.482,,8,0,0,0,2.0,0
0.5374,53,0,0.6481,6692.0,9,0,2,0,0.0,0
0.1273,76,0,0.5339,24666.0,4,0,0,0,,0
1.1187,48,0,0.3717,12780.0,7,0,0,0,1.0,0
0.4604,49,0,0.5254,5804.0,7,0,0,0,4.0,0
0.1116,29,0,0.4898,5420.0,10,0,0,0,1.0,0
0.2027,51,0,0.2363,2649.0,9,0,0,0,0.0,0
0.0203,47,0,0.4957,5035.0,7,0,2,0,0.0,0
0.5543,44,0,0.764,6397.0,2,0,0,0,1.0,0
0.6757,45,0,0.284,,11,0,1,0,0.0,0
0.5975,39,0,0.3729,2466.0,12,0,1,0,0.0,0
0.2043,39,0,0.8505,3074.0,5,0,0,0,2.0,0
0.4136,52,3,0.1774,3074.0,7,0,0,0,3.0,0
0.5301,61,0,0.3422,4138.0,9,0,4,0,1.0,0
0.1382,71,0,0.0429,,9,0,0,0,2.0,0
0.0812,57,0,0.6409,3020.0,9,0,0,0,2.0,0
0.5258,30,0,0.4642,,9,0,0,0,0.0,0
0.9492,56,0,0.3026,4608.0,10,0,1,0,1.0,0
0.0468,71,0,0.2199,16857.0,7,0,1,0,1.0,0
0.0332,56,0,0.3685,9399.0,10,0,1,0,4.0,0
0.4851,69,0,0.1582,14534.0,5,0,1,0,2.0,0
0.13,47,0,0.1954,11707.0,6,0,0,0,0.0,0
1.9367,44,3,0.5873,2093.0,3,0,1,2,2.0,0
0.0779,45,0,0.674,8906.0,5,0,1,0,1.0,0
0.5158,59,0,0.2122,3527.0,8,0,1,0,1.0,0
0.0912,39,0,0.5696,2194.0,6,0,1,0,2.0,0
0.4161,48,0,0.3131,3169.0,11,0,2,0,0.0,0
0.9232,58,0,0.3417,7605.0,9,0,2,0,2.0,0
0.0668,71,0,0.5002,11318.0,6,0,0,0,,0
1.3595,40,0,0.4086,6303.0,10,0,3,0,1.0,0
0.5831,72,0,0.7623,5534.0,14,0,2,0,1.0,0
0.1953,73,1,0.749,,6,0,0,2,0.0,0
0.2963,37,0,0.7993,10723.0,9,0,4,0,0.0,0
0.4313,45,0,0.2384,11915.0,6,0,0,0,0.0,1
0.3462,44,0,0.8158,,7,0,3,0,0.0,0
0.5693,38,0,0.6403,10628.0,7,0,0,0,,0
0.0496,56,0,0.2137,9318.0,8,0,1,0,1.0,0
0.0208,64,0,0.3438,2542.0,7,0,2,0,2.0,0
0.1903,53,0,0.4573,,9,0,2,0,0.0,0
0.0165,51,0,1.1293,4206.0,9,0,2,0,0.0,0
0.196,75,0,0.2547,,6,0,3,0,0.0,0
0.9627,45,0,0.2885,,8,0,0,0,1.0,0
0.9851,54,0,0.2962,5872.0,9,0,0,0,0.0,0
0.298,51,0,0.2921,,5,0,0,0,1.0,0
1.9578,42,0,0.4479,4792.0,16,0,0,0,1.0,0
0.1747,41,0,0.3433,13548.0,7,0,0,0,0.0,0
2.7554,57,0,0.4791,602.0,8,0,1,0,1.0,0
0.3608,75,0,0.6417,8299.0,5,0,2,0,1.0,0
0.6747,58,0,0.6543,2157.0,7,0,2,0,1.0,0
3.2712,38,1,0.2854,1926.0,11,0,3,2,1.0,0
2.2186,42,0,0.3673,3255.0,15,0,2,0,2.0,0
0.7402,55,0,0.1193,6000.0,7,0,2,0,0.0,0
0.6648,43,0,0.2591,4302.0,6,0,0,0,0.0,0
0.6868,57,0,0.3211,5508.0,13,0,1,0,0.0,0
0.2948,60,0,0.4819,8374.0,7,0,3,0,0.0,0
2.2383,47,0,0.0571,3713.0,10,0,0,0,2.0,0
0.3584,21,0,0.3657,11616.0,12,0,0,0,0.0,0
0.0975,52,0,0.4793,6501.0,8,0,1,0,1.0,0
6.4401,66,0,1.0343,8057.0,14,0,2,0,2.0,0
0.145,58,0,0.4798,,8,0,1,0,1.0,0
1.6647,74,0,0.4722,14886.0,7,0,1,0,1.0,0
0.7273,63,0,0.2403,6984.0,5,0,1,0,,0
0.5803,45,0,0.8769,7143.0,8,0,1,0,1.0,0
0.2524,44,0,0.3385,9621.0,6,0,0,0,0.0,0
0.0064,48,0,0.5663,1547.0,4,0,1,0,2.0,0
1.2718,47,2,0.3828,3419.0,4,0,1,0,2.0,0
0.2895,55,0,0.5261,6099.0,9,0,1,0,,0
0.2502,36,0,0.1099,9917.0,10,0,4,0,0.0,0
0.5719,42,0,0.2742,5128.0,11,0,1,0,0.0,0
1.1678,48,0,0.4225,7271.0,5,0,2,0,1.0,0
3.2193,52,0,0.5734,6996.0,7,0,3,0,0.0,0
0.0579,63,0,0.0677,,7,0,2,0,0.0,0
0.1482,46,0,0.4077,3896.0,10,0,1,0,0.0,0
0.5915,22,0,0.2418,2268.0,2,0,1,0,1.0,0
0.76,66,0,0.5049,,5,0,0,0,0.0,0
0.121,48,0,0.1841,8374.0,8,0,1,0,1.0,0
0.4721,49,0,0.356,,9,0,1,0,1.0,0
0.0402,63,0,0.2992,,7,0,3,0,2.0,0
1.6292,67,0,0.2356,3355.0,9,0,1,0,,0
1.6921,58,0,0.088,8790.0,5,0,1,0,2.0,0
0.2668,52,0,0.0884,,6,0,2,0,1.0,0
0.7651,49,0,0.6151,,13,0,0,0,1.0,0
0.7043,38,0,0.164,3903.0,10,0,0,0,0.0,0
0.406,56,0,0.3676,12233.0,9,0,1,0,3.0,0
0.0067,36,0,0.3988,8504.0,12,0,1,0,0.0,0
0.2864,51,1,0.4584,11619.0,12,1,2,0,2.0,0
0.4032,79,0,0.9719,10071.0,8,0,2,0,0.0,0
3.2637,32,1,0.6154,,6,0,1,1,3.0,0
0.3673,58,0,0.9407,3564.0,6,0,1,0,2.0,0
1.5379,46,0,0.6406,2886.0,8,0,1,0,1.0,0
0.3696,41,0,0.7379,6190.0,9,0,0,0,0.0,0
0.3957,45,0,0.4059,3012.0,7,0,2,0,0.0,0
0.8137,54,0,0.3507,9299.0,6,0,0,0,0.0,0
0.8026,84,0,0.1431,,12,0,3,0,1.0,0
0.397,64,0,0.7049,4672.0,9,0,0,0,0.0,0
0.0845,61,0,0.3109,9929.0,7,0,0,0,1.0,0
0.2742,45,0,0.0073,7044.0,9,0,2,0,1.0,0
2.1565,37,0,0.6738,11470.0,9,0,0,0,0.0,0
0.0113,42,0,0.3842,5123.0,10,0,2,0,,0
0.2856,69,0,0.5508,1607.0,7,0,3,0,3.0,0
0.0733,45,0,0.2597,4739.0,3,0,1,0,0.0,0
0.2503,55,2,1.052,10405.0,10,3,0,0,0.0,0
0.5354,53,0,0.8995,3888.0,12,0,1,0,1.0,0
0.9172,54,2,0.0898,2573.0,9,0,1,0,1.0,0
0.8668,51,0,0.5633,11090.0,11,0,2,0,0.0,0
0.5033,59,0,0.1938,9103.0,4,1,0,1,0.0,0
0.3187,42,0,0.4657,,8,0,0,0,1.0,0
0.4295,61,0,0.5412,4527.0,12,0,1,0,1.0,1
0.4886,80,0,0.7116,,7,0,2,0,1.0,0
0.593,53,0,0.2876,,10,0,0,0,1.0,0
1.8211,48,0,0.9619,5657.0,6,0,2,0,1.0,0
0.8094,50,0,0.7323,,8,0,1,0,1.0,0
0.3123,63,0,0.9564,11491.0,7,0,1,0,1.0,0
0.5634,35,0,0.3743,10625.0,5,0,0,0,0.0,0
0.9354,69,0,0.2657,,11,0,0,0,0.0,1
0.49,54,0,0.799,4308.0,4,0,2,0,1.0,1
0.1941,57,0,0.3566,,5,0,1,0,1.0,0
0.7081,51,0,0.2985,5248.0,10,0,1,0,1.0,0
3.5107,52,0,0.9617,3197.0,11,0,0,0,1.0,0
0.4497,39,0,0.5137,17218.0,15,0,2,0,1.0,0
1.1061,39,0,0.1945,7906.0,9,0,0,0,1.0,0
0.7862,35,0,0.4463,2309.0,10,0,2,0,2.0,0
0.2459,32,0,0.4949,1846.0,11,0,2,0,0.0,0
0.1856,69,4,0.2455,2896.0,5,1,0,2,0.0,0
0.2576,50,0,0.5133,6131.0,7,0,0,0,1.0,0
0.7466,57,0,0.5881,2996.0,9,0,1,0,1.0,0
1.586,58,0,0.2296,5210.0,9,0,1,0,0.0,0
0.5012,54,0,0.7492,9241.0,8,0,0,0,0.0,0
0.2064,62,0,0.7812,4538.0,8,0,1,0,1.0,0
0.171,71,0,0.2654,4886.0,7,0,2,0,1.0,0
0.7029,54,0,0.8992,13475.0,10,0,1,0,0.0,0
0.7953,43,0,0.4758,5837.0,9,0,1,0,0.0,0
0.143,69,0,0.6103,4204.0,10,0,2,0,1.0,0
0.0658,32,0,0.5538,1639.0,7,0,4,0,1.0,0
0.3126,61,0,0.2337,22055.0,11,0,0,0,0.0,0
0.2773,54,2,0.5177,,7,1,1,0,0.0,0
2.1688,61,0,0.4334,20395.0,5,0,0,0,2.0,0
1.2139,37,0,0.5261,6928.0,7,0,0,0,0.0,0
0.096,62,1,0.5019,,9,0,0,0,0.0,0
0.282,48,0,0.0525,5282.0,13,0,1,0,1.0,0
0.1402,44,0,0.3198,3658.0,11,0,1,0,0.0,0
0.8023,74,0,0.7879,2289.0,8,0,0,0,2.0,0
0.752,66,1,0.304,3547.0,8,0,0,0,1.0,0
0.1524,59,0,0.2639,5857.0,8,0,2,0,0.0,0
0.0599,56,0,0.9108,7886.0,8,0,0,0,2.0,0
0.4462,41,0,0.0486,,6,0,1,0,0.0,0
0.6564,42,0,0.5638,,8,0,1,0,0.0,1
0.0455,60,0,0.5042,4487.0,8,0,0,0,2.0,0
0.0857,36,0,0.2283,7279.0,10,0,1,0,1.0,0
0.0159,68,0,0.8603,2545.0,6,0,2,0,1.0,0
0.0919,69,0,0.6585,8270.0,5,0,2,0,0.0,0
0.0754,67,0,0.7391,5076.0,8,0,0,0,,0
0.4126,61,2,0.3773,4200.0,9,1,2,0,1.0,0
0.0437,40,0,0.6943,24224.0,14,0,0,0,1.0,0
1.1644,39,1,0.4568,4803.0,4,0,0,0,0.0,0
0.0896,70,0,1.1675,,8,0,0,0,2.0,0
0.4268,57,0,0.645,7255.0,6,0,2,0,0.0,0
0.0815,62,2,0.2306,3257.0,8,0,1,0,0.0,0
0.2399,70,0,0.4341,2675.0,8,0,1,0,0.0,0
0.3579,81,0,0.3035,,7,0,0,0,0.0,0
0.4903,41,0,0.671,5887.0,9,0,2,0,0.0,0
0.1877,70,0,0.1907,3691.0,6,0,2,0,2.0,0
0.0175,29,0,0.484,4387.0,10,0,1,0,0.0,0
0.1235,48,0,0.2511,4032.0,9,0,1,0,1.0,0
1.7123,35,0,0.6085,8453.0,8,0,3,0,0.0,0
0.1333,59,0,0.5078,3686.0,8,0,3,0,0.0,0
0.1081,77,0,0.4694,7476.0,7,0,0,0,0.0,0
0.4887,42,0,0.2821,3307.0,8,0,0,0,1.0,0
0.2921,28,0,0.672,5740.0,12,0,2,0,1.0,0
0.5916,38,0,0.3502,4931.0,8,0,1,0,0.0,0
0.4206,35,0,0.1725,1125.0,12,0,1,0,2.0,0
1.0639,21,0,0.4432,8374.0,7,0,1,0,,0
0.2711,59,0,0.1632,20920.0,5,0,2,0,0.0,0
0.9331,57,0,1.0238,6102.0,6,0,0,0,1.0,0
0.384,44,0,0.1456,7603.0,8,0,0,0,0.0,0
0.0433,59,0,1.0689,3692.0,10,0,1,0,1.0,0
0.4476,61,0,0.2336,2639.0,4,0,0,0,0.0,0
0.803,74,0,0.3203,2367.0,9,0,2,0,1.0,0
0.3812,56,0,1.3127,7833.0,7,0,2,0,0.0,0
0.029,38,0,0.5148,,10,0,1,0,0.0,0
0.7019,62,0,0.1237,3329.0,6,0,2,0,1.0,0
0.3407,38,0,0.2974,1667.0,10,0,2,0,0.0,0
0.4222,57,0,0.9593,5240.0,2,0,0,0,0.0,0
0.6305,75,0,0.2653,10584.0,8,0,2,0,0.0,0
0.2029,55,0,0.7356,16650.0,9,0,3,0,1.0,0
0.2052,62,0,0.1785,3548.0,13,0,1,0,2.0,0
0.2892,31,0,0.3843,4654.0,10,0,0,0,0.0,0
1.1422,71,0,0.3111,,7,0,1,0,0.0,0
1.0369,21,0,0.8577,3927.0,5,0,1,0,0.0,0
0.7867,76,0,0.236,6909.0,6,0,0,0,2.0,0
0.0417,81,0,1.0105,7264.0,8,0,1,0,0.0,0
0.5984,48,0,0.9062,5014.0,7,0,0,0,0.0,1
0.1107,46,0,0.1975,20278.0,5,0,0,0,0.0,0
0.29,50,0,0.8849,6214.0,10,0,1,0,2.0,0
0.8166,68,0,1.1066,3860.0,9,0,1,0,1.0,0
0.3185,30,0,0.1221,4384.0,7,0,1,0,2.0,0
0.4579,49,0,0.77,7046.0,4,0,2,0,5.0,0
0.4393,57,0,0.0977,2275.0,5,0,0,0,1.0,0
0.3433,74,0,0.5481,2648.0,10,0,0,0,1.0,0
0.6459,38,0,0.3137,3141.0,6,0,1,0,1.0,0
0.3711,60,0,0.6405,,2,0,1,0,0.0,0
0.8945,56,0,0.4568,,5,0,0,0,0.0,0
0.0584,66,0,0.3693,794.0,4,0,4,0,1.0,0
0.1989,65,0,0.4032,,11,0,3,0,1.0,0
0.2264,43,0,0.3901,3734.0,8,0,1,0,2.0,0
1.6178,95,0,0.6425,4684.0,7,0,1,0,1.0,1
0.3402,73,0,0.9924,9612.0,7,0,0,0,2.0,0
0.6543,37,0,0.3136,2255.0,13,0,0,0,,0
0.1918,42,0,0.1595,5163.0,8,0,0,0,1.0,0
0.6468,63,0,0.5527,2727.0,8,0,0,0,2.0,0
0.8233,45,0,0.0587,,11,0,1,0,0.0,0
0.2833,50,0,0.8354,8248.0,9,0,1,0,0.0,0
0.0106,76,0,0.9041,7858.0,9,0,0,0,0.0,0
0.4907,68,0,0.6547,17647.0,10,0,1,0,0.0,0
0.6674,47,0,0.5793,6571.0,11,0,2,0,1.0,0
0.435,49,0,0.6067,7429.0,7,0,2,0,1.0,0
0.6836,23,0,0.4202,,10,0,1,0,1.0,0
0.2152,58,3,0.2784,5873.0,11,0,0,3,0.0,0
0.1849,22,0,0.3921,,8,0,1,0,0.0,0
0.224,38,0,0.5747,,6,0,3,0,1.0,0
0.8584,35,0,0.7884,3639.0,17,0,0,0,0.0,0
1.3413,67,0,0.4281,6249.0,4,0,2,0,1.0,0
0.5549,57,0,0.166,4008.0,9,0,1,0,2.0,0
0.5428,61,0,0.2952,3330.0,7,0,3,0,2.0,0
0.7255,33,0,0.1492,4285.0,6,0,1,0,1.0,0
0.087,70,0,0.7021,,9,0,2,0,0.0,0
0.4206,53,0,0.2369,4454.0,10,0,1,0,3.0,0
0.7118,34,0,0.4567,,9,0,1,0,2.0,0
0.4188,46,0,0.5511,5630.0,11,0,0,0,1.0,0
0.7763,77,0,0.3194,11140.0,9,0,1,0,0.0,0
0.3511,42,0,0.2037,,5,0,1,0,1.0,0
5.8151,57,0,0.256,3500.0,9,0,1,0,0.0,0
1.6887,53,0,0.3271,3874.0,7,0,4,0,0.0,0
0.2205,43,0,0.3123,,10,0,4,0,2.0,0
0.4591,60,0,0.1823,5289.0,9,0,1,0,0.0,0
0.2765,59,0,0.1604,3324.0,7,0,0,0,1.0,0
0.7661,50,0,0.4518,10226.0,6,0,0,0,0.0,0
0.0706,50,0,0.8175,5747.0,6,0,0,0,0.0,0
0.1242,38,0,0.8939,,5,0,0,0,2.0,0
0.0573,30,0,0.03,,6,0,1,0,1.0,0
0.3862,64,0,0.1205,10556.0,8,0,0,0,2.0,0
0.0993,43,0,0.6223,4433.0,6,0,1,0,1.0,0
0.3256,59,0,0.6927,,12,0,1,0,1.0,0
0.9751,57,0,0.7739,15524.0,11,0,0,0,0.0,0
0.4226,54,0,0.7985,4861.0,6,0,1,0,1.0,0
0.5685,80,0,0.5358,11789.0,7,0,0,0,0.0,0
0.2122,33,0,0.4068,5039.0,9,0,1,0,0.0,0
0.3334,48,0,0.0211,3064.0,8,0,0,0,0.0,0
2.2421,52,1,0.5076,13936.0,16,0,1,1,0.0,0
0.1442,60,0,0.3423,9491.0,8,0,0,0,1.0,0
0.3173,50,0,0.0401,9010.0,9,0,1,0,4.0,0
0.0282,41,0,0.5739,1558.0,6,0,2,0,1.0,0
0.2072,32,0,0.7737,11147.0,9,0,2,0,1.0,0
0.1336,48,0,0.264,2246.0,11,0,2,0,1.0,0
0.0413,35,0,0.4692,6318.0,7,0,1,0,0.0,0
0.0144,63,0,0.3428,,7,0,0,0,2.0,0
0.5765,32,0,0.5945,7712.0,12,0,2,0,1.0,0
0.2486,55,0,0.5751,2239.0,8,0,1,0,0.0,0
0.247,74,0,0.5539,5426.0,11,0,4,0,0.0,0
0.732,69,0,0.794,7206.0,9,0,0,0,2.0,0
1.206,56,0,0.1078,2881.0,7,0,0,0,0.0,0
0.0555,50,0,0.0086,10172.0,3,0,2,0,1.0,0
0.776,64,0,0.4572,,8,0,2,0,2.0,0
0.6742,76,0,0.8091,,15,0,2,0,2.0,1
5.9604,38,0,0.4905,6575.0,5,0,1,0,0.0,0
0.8783,32,0,0.8425,3886.0,9,0,0,0,1.0,0
0.1107,37,0,0.6449,4254.0,3,0,2,0,0.0,0
0.5033,45,0,0.4343,5393.0,6,0,1,0,1.0,0
0.6445,49,0,0.3413,,4,0,0,0,1.0,0
0.4729,76,0,0.2558,3589.0,6,0,2,0,1.0,1
2.0008,55,3,0.3658,2273.0,6,0,2,0,,0
1.3473,46,0,0.3166,5770.0,8,0,0,0,2.0,0
0.0333,75,0,0.5006,3158.0,8,0,1,0,0.0,0
0.3042,50,0,0.5313,4478.0,8,0,0,0,1.0,0
0.4321,65,2,0.472,4826.0,11,0,2,0,1.0,0
0.9797,39,0,0.1494,2857.0,12,0,1,0,0.0,0
0.8164,70,0,0.8837,2473.0,12,0,2,0,,0
0.4016,49,0,0.9024,7480.0,9,0,1,0,0.0,0
0.2626,48,0,0.3078,,8,0,0,0,1.0,0
0.2329,26,0,0.3568,18544.0,5,0,3,0,1.0,0
0.1332,44,0,0.2001,,11,0,1,0,3.0,0
0.3296,33,0,0.1514,4795.0,8,0,2,0,2.0,0
0.438,55,0,0.2426,3380.0,7,0,1,0,1.0,0
0.1153,38,0,0.0988,,10,0,1,0,0.0,0
0.7955,28,0,0.3415,,13,0,1,0,3.0,0
1.0115,60,0,0.5132,5811.0,10,0,0,0,1.0,0
1.1712,41,0,0.2614,3605.0,11,0,1,0,0.0,0
0.2556,41,0,0.5752,4319.0,5,0,0,0,0.0,0
0.6101,88,0,0.208,39467.0,5,0,1,0,0.0,0
0.7847,43,0,0.0662,4160.0,5,0,0,0,0.0,0
1.2688,66,1,0.7259,11814.0,8,0,1,0,,0
0.5155,35,0,0.1272,8819.0,6,0,3,0,1.0,0
0.5426,56,0,0.2998,3062.0,9,0,2,0,0.0,0
0.3728,60,0,0.7599,4623.0,1,0,1,0,2.0,0
0.7375,27,0,1.0114,7808.0,11,0,0,0,0.0,0
3.0665,33,0,0.5548,3018.0,5,0,2,0,1.0,0
0.2898,69,0,0.3741,3772.0,6,0,3,0,1.0,0
0.3133,46,0,0.6059,5139.0,11,0,1,0,1.0,0
0.2947,53,0,0.3075,,8,0,0,0,0.0,0
0.0421,67,0,0.1352,7092.0,11,0,0,0,1.0,0
1.0287,70,0,0.5508,,8,0,2,0,0.0,0
0.0073,43,0,0.6489,3483.0,7,0,0,0,1.0,0
0.5271,52,0,0.4377,,6,0,2,0,1.0,0
0.5674,45,0,0.3222,9821.0,2,0,0,0,3.0,0
1.0718,49,0,0.3318,,6,0,2,0,0.0,0
0.2121,43,0,0.3341,6791.0,6,0,1,0,1.0,0
0.34,46,0,0.4213,4962.0,13,0,1,0,1.0,0
0.736,80,0,0.3347,,13,0,1,0,1.0,0
0.0968,45,0,0.2327,6453.0,6,0,0,0,1.0,0
0.3433,21,0,0.1626,9745.0,10,0,0,0,1.0,0
0.5731,48,0,0.2025,8657.0,7,0,1,0,1.0,0
0.5108,27,0,0.7148,4274.0,8,0,2,0,0.0,0
6.3941,57,0,0.4275,5822.0,8,0,1,0,3.0,0
0.6868,49,0,0.2527,4530.0,8,0,0,0,0.0,0
1.2697,81,0,0.7078,7246.0,8,0,3,0,1.0,0
1.2477,66,0,0.4444,3872.0,8,0,0,0,1.0,0
0.8375,22,0,0.7761,3359.0,7,0,1,0,1.0,0
0.3143,33,0,0.0837,9430.0,13,0,3,0,2.0,0
1.0879,47,0,0.3667,,2,0,1,0,2.0,0
0.3598,55,0,0.2275,8791.0,12,0,1,0,4.0,0
0.7826,65,0,0.7805,3559.0,4,0,1,0,0.0,0
0.2168,60,0,0.3609,8060.0,14,0,3,0,0.0,0
0.025,59,0,0.3441,,8,0,0,0,0.0,0
0.4025,45,0,0.2069,2822.0,7,0,0,0,1.0,0
0.0383,47,0,0.1619,7568.0,6,0,1,0,2.0,0
0.2796,56,0,0.3825,,7,0,2,0,2.0,0
1.7217,56,1,0.3685,9204.0,13,0,2,0,,0
0.1098,58,0,0.7425,,7,0,0,0,4.0,0
0.3125,39,0,0.9195,12025.0,7,0,0,0,0.0,0
0.6622,51,0,0.2306,2635.0,8,0,0,0,0.0,0
0.735,65,0,0.5772,4080.0,10,0,1,0,0.0,0
1.2684,43,0,0.4529,6700.0,7,0,2,0,0.0,0
0.2348,59,2,0.5835,4448.0,6,0,1,0,0.0,0
0.0658,39,0,0.9129,6510.0,9,0,0,0,0.0,0
0.5399,51,0,0.5662,2512.0,4,0,0,0,2.0,0
0.5413,61,5,0.7385,5881.0,11,0,2,0,1.0,0
0.4203,63,2,0.2557,2582.0,1,2,1,2,1.0,0
0.2036,40,2,0.5647,4636.0,14,0,1,1,1.0,0
0.1391,21,0,0.4066,4338.0,4,0,2,0,0.0,0
0.7915,71,0,0.2504,2031.0,3,0,1,0,0.0,1
0.5245,70,0,0.1998,15386.0,12,0,0,0,0.0,0
0.2963,25,0,0.212,,7,0,0,0,0.0,0
0.7105,59,0,0.2457,,13,0,1,0,2.0,0
0.3682,53,0,0.658,,6,0,2,0,0.0,0
5.5354,71,0,0.7202,,11,0,1,0,0.0,1
0.6063,70,0,0.51,15053.0,12,0,2,0,1.0,0
1.5054,65,0,0.6215,10317.0,8,0,1,0,2.0,0
0.2633,47,0,0.4051,4827.0,9,0,0,0,0.0,0
0.3298,21,0,0.6388,10211.0,4,0,0,0,2.0,0
0.4582,58,0,1.014,10032.0,13,0,0,0,0.0,0
0.4101,36,0,0.4372,4880.0,7,0,0,0,0.0,0
0.3669,27,0,0.117,2971.0,5,0,1,0,1.0,0
0.5426,93,0,0.1827,6033.0,11,0,0,0,1.0,0
0.4495,42,1,0.514,2240.0,6,0,1,3,0.0,0
2.3574,59,0,0.3812,4063.0,5,0,0,0,2.0,0
0.0458,64,0,0.5739,2651.0,5,0,3,0,0.0,0
0.2242,58,0,0.6359,10883.0,9,0,1,0,2.0,0
1.5901,21,0,0.5556,7469.0,5,0,2,0,3.0,0
0.0316,73,0,0.2934,2082.0,8,0,2,0,2.0,0
0.345,51,0,0.7056,8493.0,8,0,2,0,1.0,0
1.0334,58,0,0.4193,2572.0,9,0,0,0,1.0,0
0.7395,42,0,0.4403,,10,0,0,0,1.0,0
0.9168,39,0,0.7688,6290.0,8,0,4,0,0.0,0
0.1272,40,0,0.2932,7450.0,5,0,1,0,3.0,0
0.3666,41,0,0.3103,1493.0,10,0,1,0,1.0,0
0.4323,43,0,0.6262,3843.0,10,0,1,0,1.0,0
0.9469,69,0,0.5716,3014.0,9,0,1,0,0.0,1
0.0871,46,0,0.5216,11293.0,8,0,0,0,0.0,0
0.6386,60,0,0.8486,4253.0,8,0,2,0,0.0,0
0.2753,44,0,0.4308,6558.0,7,0,0,0,2.0,0
1.0785,58,0,0.7009,3724.0,13,0,0,0,0.0,0
0.6064,51,0,0.2095,14639.0,12,0,1,0,1.0,0
0.574,43,0,0.6116,3332.0,9,0,1,0,2.0,0
0.2494,32,0,0.599,2872.0,3,0,0,0,0.0,0
0.4159,57,0,0.2059,6545.0,9,0,0,0,1.0,0
0.2789,38,0,0.644,10935.0,7,0,1,0,0.0,0
3.0273,59,1,0.4499,2344.0,17,0,0,2,0.0,0
0.9586,30,0,0.4087,8146.0,7,0,0,0,1.0,0
0.5542,42,0,1.0643,6094.0,7,0,0,0,0.0,0
0.4262,21,0,0.3611,6786.0,12,0,2,0,2.0,0
0.7761,38,0,0.5765,4278.0,3,0,2,0,3.0,0
0.1264,45,0,0.4343,5251.0,7,0,0,0,1.0,0
0.7152,70,0,0.7391,4887.0,3,0,0,0,0.0,0
0.2708,72,0,1.0803,7621.0,6,0,0,0,1.0,0
3.93,66,3,0.5361,,7,0,3,0,1.0,0
1.1522,60,0,0.6041,2290.0,9,0,0,0,1.0,0
0.6844,54,1,0.7048,,6,0,0,1,0.0,0
0.2834,43,0,0.0672,,4,0,0,0,,0
1.3043,49,0,0.3051,2771.0,7,0,0,0,0.0,0
0.4322,42,0,0.4742,10473.0,6,0,0,0,1.0,0
0.8341,67,0,0.6089,,4,0,0,0,0.0,1
0.1009,46,1,0.1474,6030.0,5,2,2,0,0.0,0
4.1923,67,0,0.6955,6349.0,16,0,4,0,0.0,0
3.1472,32,0,1.0119,9808.0,7,0,2,0,0.0,0
0.5811,73,0,0.7717,,4,0,1,0,1.0,0
3.1642,41,0,0.0406,6976.0,8,0,2,0,0.0,0
0.0289,46,0,0.1737,5080.0,5,0,0,0,0.0,0
0.0678,56,0,0.6377,5370.0,8,0,1,1,0.0,0
0.698,32,0,0.3383,8100.0,5,0,1,0,2.0,0
2.593,52,0,0.811,6814.0,10,0,0,0,1.0,0
1.8643,45,0,0.2343,4469.0,10,0,2,0,1.0,0
0.5482,69,0,0.613,3208.0,6,0,2,0,0.0,0
0.2742,43,0,0.1638,,5,0,0,0,1.0,0
0.2701,72,0,0.2069,,6,0,3,0,0.0,0
0.1905,54,0,0.6856,3928.0,9,0,1,0,1.0,0
0.3223,41,0,0.3768,,9,0,2,0,0.0,0
4.5625,56,0,0.3979,5122.0,11,0,2,0,,1
0.7371,54,0,0.4752,14954.0,6,0,1,0,1.0,0
0.537,37,0,0.5581,5635.0,6,0,0,0,0.0,0
0.7186,45,0,0.1829,1547.0,11,0,0,0,1.0,0
0.3638,53,0,0.0904,10981.0,7,0,0,0,1.0,0
0.1242,69,0,0.4444,,8,0,1,0,0.0,0
0.0116,71,0,0.5772,,4,0,1,0,0.0,0
0.3531,47,0,0.5811,,9,0,1,0,3.0,0
0.4353,64,0,0.4509,9156.0,8,0,1,0,1.0,0
0.3559,76,0,0.355,3655.0,9,0,0,0,2.0,0
0.847,46,0,1.223,2784.0,10,0,2,0,2.0,1
0.8432,44,0,0.5362,,7,0,0,0,1.0,0
0.2618,50,0,0.493,2021.0,3,0,0,0,0.0,0
0.4005,65,0,0.2928,8050.0,5,0,0,0,3.0,0
1.2469,61,0,0.4757,4670.0,8,0,0,0,2.0,0
0.6733,50,0,0.4956,1794.0,9,0,0,0,0.0,0
0.4762,60,0,0.5603,3494.0,9,0,0,0,,0
0.2869,32,0,0.3183,2404.0,9,0,0,0,2.0,0
0.1704,36,0,0.7679,1613.0,9,0,0,0,0.0,0
0.3994,62,0,0.3018,,9,0,0,0,2.0,0
0.1797,24,0,0.0827,7983.0,8,0,2,0,0.0,0
0.2215,42,0,0.1322,3593.0,7,0,1,0,0.0,0
0.1244,68,0,0.7163,6477.0,9,0,1,0,1.0,0
0.4685,56,0,0.0234,,4,0,1,0,0.0,0
0.1528,64,0,0.5663,13249.0,7,0,1,0,1.0,0
0.9298,51,0,0.2109,7738.0,9,0,0,0,0.0,0
0.3852,87,0,0.4214,9646.0,6,0,2,0,0.0,0
0.1649,77,0,0.6445,,8,0,0,0,1.0,0
0.4537,44,0,0.1016,2672.0,8,0,1,0,1.0,0
2.3286,21,0,0.947,5381.0,10,0,2,0,1.0,1
0.0663,45,0,0.2662,,6,0,2,0,3.0,0
1.0965,90,0,0.9056,7053.0,5,0,2,0,1.0,0
0.4934,53,0,0.6247,2972.0,5,0,2,0,1.0,0
0.02,33,0,0.5629,3817.0,6,0,1,0,0.0,0
0.13,56,0,0.2403,3412.0,7,0,1,0,2.0,0
0.0717,46,0,0.3984,7140.0,8,0,3,0,0.0,0
0.2863,37,0,0.0645,6694.0,10,0,0,0,0.0,0
0.6152,27,0,0.5416,3590.0,10,0,4,0,0.0,0
0.5518,44,0,0.2762,11198.0,3,0,0,0,0.0,0
1.0164,50,0,0.6182,,5,0,1,0,1.0,0
0.178,66,1,0.0333,,14,0,3,1,0.0,0
0.4504,52,0,0.5085,10779.0,9,0,1,0,1.0,0
0.4648,54,0,0.2681,3454.0,2,0,0,0,3.0,0
0.1097,36,0,0.468,,2,0,1,0,1.0,0
0.5591,45,0,0.5772,4733.0,6,0,0,0,0.0,0
0.4045,53,0,0.4644,7915.0,7,0,3,0,2.0,0
0.4761,49,0,0.736,6982.0,10,0,0,0,2.0,0
0.2585,57,0,0.6843,,8,0,2,0,3.0,0
4.426,41,0,0.5003,6870.0,6,0,0,0,0.0,0
0.2631,62,0,0.1115,4170.0,6,0,2,0,0.0,0
0.6108,72,0,0.5242,4677.0,6,0,1,0,1.0,1
0.3886,26,6,0.5001,5727.0,8,0,0,0,0.0,0
0.3809,50,0,0.1825,5147.0,7,0,3,0,0.0,0
0.4367,77,0,0.7094,5451.0,8,0,1,0,0.0,0
0.532,27,0,0.1763,6045.0,3,0,0,0,0.0,0
0.3861,41,0,0.482,6596.0,8,0,1,0,2.0,0
0.0802,67,0,0.9651,,6,0,1,0,1.0,0
5.729,55,0,1.1128,7127.0,6,0,2,0,1.0,0
0.2292,51,0,0.7997,,7,0,3,0,1.0,0
0.753,33,0,0.3212,7624.0,11,0,1,0,0.0,0
0.3926,59,0,0.0817,7116.0,5,0,0,0,2.0,0
0.5083,69,0,0.6228,,7,0,0,0,0.0,0
0.2137,57,0,0.693,5330.0,11,0,1,0,0.0,0
0.0434,44,0,0.1613,4513.0,3,0,0,0,0.0,0
0.7976,50,0,0.0857,6898.0,6,0,1,0,0.0,0
6.8984,39,0,0.3324,8431.0,7,0,1,0,1.0,0
0.0015,47,0,0.3519,2716.0,9,0,0,0,0.0,0
0.3733,30,0,0.3757,6901.0,8,0,0,0,1.0,0
0.3322,45,0,0.3982,6130.0,5,0,1,0,1.0,0
0.2216,63,0,0.6027,4195.0,8,0,1,0,1.0,0
0.2607,53,0,0.3237,4891.0,8,0,1,0,0.0,0
0.6516,49,0,0.2058,3878.0,3,0,2,0,1.0,0
0.1946,40,0,0.7267,8602.0,2,0,2,0,3.0,0
0.1835,54,0,0.2205,14714.0,13,0,2,0,0.0,0
0.9267,57,3,0.7508,11008.0,8,1,1,0,0.0,0
0.0888,41,0,0.8007,6756.0,6,0,1,0,1.0,0
4.8512,45,0,0.6689,,4,0,1,1,0.0,0
0.2486,30,0,0.5188,,2,0,2,0,0.0,0
0.9109,63,0,0.4496,,10,0,1,0,0.0,0
1.3381,75,0,0.2836,3786.0,5,0,2,0,0.0,0
0.3817,45,0,0.5593,6589.0,11,0,0,0,3.0,0
0.0343,61,0,0.6948,,9,0,3,0,0.0,0
0.2492,66,0,0.37,7015.0,7,0,2,0,0.0,0
0.4458,51,3,0.8951,4588.0,5,0,2,1,0.0,0
1.9261,59,0,0.8344,18309.0,5,0,0,0,0.0,0
0.5008,40,0,0.162,8188.0,7,0,1,0,1.0,0
0.5053,63,0,0.5483,8536.0,8,0,2,0,1.0,0
2.4818,44,0,0.0268,3459.0,13,0,2,0,1.0,0
0.3104,56,0,0.4539,7530.0,6,0,0,0,2.0,0
1.5053,60,0,0.0998,11508.0,11,0,0,0,2.0,0
0.77,55,0,0.1194,4617.0,9,0,1,0,1.0,1
2.366,64,0,0.5119,,7,0,0,0,1.0,0
0.4633,35,0,0.6654,6860.0,6,0,3,0,1.0,0
0.1759,59,0,0.7696,,6,0,1,0,,0
5.1004,49,0,0.5622,11234.0,3,0,0,0,2.0,0
0.2093,52,0,0.6031,6737.0,7,0,1,0,,0
0.0276,51,0,0.4585,8109.0,11,0,1,0,0.0,0
0.0573,49,0,0.8245,6190.0,12,0,0,0,1.0,0
0.6845,72,0,0.9873,4089.0,6,0,1,0,0.0,1
5.3928,61,0,0.3446,6184.0,6,0,1,0,1.0,0
1.674,21,0,1.0451,10367.0,13,0,1,0,1.0,0
0.1165,62,1,0.8617,7595.0,12,0,0,0,0.0,0
0.9055,59,0,0.3696,6581.0,4,0,2,0,0.0,0
0.6159,42,0,0.5656,6693.0,8,0,2,0,0.0,0
0.2173,57,0,0.7179,7845.0,11,0,0,0,1.0,0
0.29,52,0,0.1786,5381.0,4,0,0,0,0.0,0
0.7814,55,0,0.2699,4155.0,15,0,0,0,0.0,0
0.6468,41,0,0.0915,,3,0,0,0,2.0,0
0.0426,32,0,0.6787,7076.0,8,0,0,0,2.0,0
0.5433,70,0,0.7818,1907.0,5,0,2,0,1.0,0
0.8669,45,0,0.8061,9137.0,8,0,0,0,,0
0.3955,43,0,0.2114,5656.0,10,0,0,0,2.0,0
0.1337,59,0,0.7031,3528.0,4,0,1,0,0.0,0
0.487,46,0,0.7007,1830.0,7,0,0,0,0.0,0
0.8373,55,0,0.2974,2876.0,7,0,0,0,0.0,0
0.2483,41,0,0.7869,5876.0,6,0,1,0,0.0,0
0.4378,59,0,0.143,,9,0,1,0,1.0,1
0.001,66,0,0.1754,3899.0,8,0,3,0,0.0,0
0.0938,55,0,0.7009,2280.0,7,0,1,0,1.0,0
0.4595,37,0,0.5685,12428.0,9,0,0,0,0.0,0
0.4246,58,0,0.4553,3399.0,9,0,1,0,1.0,0
0.5795,42,0,0.6825,,9,0,1,0,1.0,0
0.5719,55,0,0.7607,,11,0,1,0,0.0,0
0.0796,25,2,0.7794,2851.0,3,3,2,0,0.0,0
0.5831,65,0,0.4915,21756.0,6,0,0,0,0.0,0
1.7724,56,0,0.2266,6076.0,3,0,1,0,1.0,0
4.6292,55,0,0.4892,7195.0,14,0,2,0,1.0,0
0.1399,66,0,0.4036,5297.0,5,0,1,0,3.0,0
0.4871,28,0,0.182,8615.0,11,0,1,0,0.0,0
0.6513,41,0,0.5182,4980.0,17,0,1,0,0.0,0
0.6365,47,0,0.1472,2992.0,8,0,0,0,1.0,0
0.1857,21,0,0.1306,7517.0,4,0,2,0,0.0,0
0.0781,55,0,0.9712,4090.0,10,0,1,0,2.0,0
1.7255,37,0,0.1648,,10,0,3,0,0.0,0
4.2677,69,0,0.2762,1929.0,5,0,3,0,1.0,0
0.0469,40,0,0.271,1306.0,9,0,1,0,0.0,0
0.252,68,0,0.6781,7445.0,6,0,0,0,1.0,0
0.3706,38,0,0.1851,,8,0,0,0,0.0,0
0.9699,68,1,0.616,4452.0,4,0,2,0,1.0,1
5.672,49,0,0.5368,11099.0,6,0,1,0,0.0,0
0.3237,42,0,0.5696,5446.0,7,0,1,0,0.0,0
0.0947,77,0,0.1518,8066.0,15,0,1,0,0.0,0
0.1915,65,0,0.8165,6877.0,9,0,1,0,1.0,0
0.7481,50,0,0.5619,13642.0,7,0,1,0,4.0,0
0.1706,28,0,0.9857,3651.0,4,0,1,0,0.0,0
0.676,38,0,0.8178,10903.0,11,0,1,0,2.0,0
0.3394,54,0,0.7875,,4,0,0,0,0.0,0
0.0476,44,1,0.3379,,8,0,0,0,1.0,0
0.1721,38,0,0.4921,19711.0,6,0,0,0,0.0,0
0.253,50,0,0.6125,,9,0,0,0,1.0,0
0.0552,64,0,0.2529,,8,0,1,0,0.0,0
0.6163,77,0,0.4063,4060.0,12,0,1,0,2.0,0
0.3996,39,0,0.5083,,6,0,4,0,0.0,0
0.5566,43,0,0.7015,7047.0,9,0,1,0,0.0,0
0.6896,67,0,0.3928,2308.0,3,0,0,0,0.0,0
8.0554,37,0,0.4188,5095.0,5,0,3,0,0.0,0
0.1399,45,0,1.0276,,7,0,1,0,2.0,0
0.3686,54,4,0.6348,,11,0,1,0,0.0,0
0.293,68,0,0.321,2696.0,7,0,4,0,2.0,0
0.2647,30,0,0.3746,10282.0,10,0,1,0,1.0,0
0.0504,49,0,0.127,11607.0,5,0,0,0,1.0,0
1.5165,37,0,0.1148,4500.0,6,0,2,0,0.0,0
0.158,68,0,0.9938,4233.0,12,0,1,0,0.0,0
0.9737,57,0,0.0359,3343.0,10,0,1,0,1.0,0
0.3376,49,0,0.7786,6600.0,9,0,1,0,0.0,0
0.1317,49,1,0.918,2864.0,9,0,1,0,0.0,0
0.5555,59,0,0.3135,3327.0,9,0,0,0,2.0,0
0.5147,42,0,0.2166,6489.0,7,0,0,0,0.0,0
0.2794,48,0,0.6394,7952.0,6,0,0,0,2.0,0
1.9963,46,0,0.4746,1098.0,5,0,1,0,2.0,1
0.5503,51,0,0.1883,1873.0,7,0,1,0,0.0,0
3.9118,67,4,0.4251,2433.0,11,0,1,0,0.0,0
2.4661,41,0,0.6204,,4,0,0,0,1.0,0
0.4339,61,0,0.1237,10941.0,6,0,1,0,2.0,0
0.2652,55,0,0.3521,1848.0,10,0,0,0,1.0,0
0.1384,49,0,0.6631,,5,0,4,0,0.0,0
0.7103,62,0,0.2032,,8,0,2,0,2.0,0
0.2303,52,0,0.2925,9081.0,7,0,1,0,0.0,0
0.7637,57,0,0.4418,,5,0,0,0,0.0,0
0.5438,68,0,0.1551,11529.0,13,0,0,0,1.0,0
4.9778,46,0,0.5614,8094.0,12,0,4,0,0.0,0
0.1786,45,0,0.7363,12713.0,4,0,3,0,0.0,0
1.09,59,0,1.1264,2561.0,5,0,0,0,0.0,1
0.49,51,0,0.6251,8095.0,9,0,2,0,0.0,0
0.8773,66,0,0.164,9527.0,4,0,1,0,1.0,0
1.3384,80,0,0.4001,10821.0,13,0,1,0,0.0,0
0.01,73,0,1.0514,,9,0,1,0,0.0,0
3.9888,39,0,0.4635,1701.0,8,0,1,0,0.0,0
0.051,61,0,0.8563,14924.0,8,0,2,0,2.0,0
0.3465,27,0,0.16,7270.0,9,0,1,0,0.0,0
0.022,56,0,0.6708,2732.0,7,0,1,0,0.0,0
2.1645,48,0,0.4608,10194.0,8,0,1,0,1.0,0
2.5666,58,0,0.2018,6423.0,6,0,2,0,1.0,1
0.4564,51,1,0.5752,,8,1,3,0,4.0,0
0.5561,45,0,0.708,4855.0,4,0,2,0,1.0,0
3.292,54,0,0.4631,3839.0,8,0,2,0,,0
0.1275,68,0,0.0805,7323.0,9,0,0,0,4.0,0
0.8362,83,0,0.8448,6729.0,12,0,0,0,2.0,0
0.283,70,0,0.9516,2938.0,9,0,2,0,2.0,0
0.7601,63,0,0.5406,,10,0,0,0,0.0,0
0.1729,64,0,0.4448,4493.0,2,0,1,0,1.0,0
0.2356,50,0,0.8324,6079.0,4,0,0,0,2.0,0
0.7365,51,0,0.4907,3530.0,8,0,1,0,0.0,0
0.045,62,0,0.617,3642.0,10,0,0,0,0.0,0
0.6591,29,0,1.0528,1320.0,10,0,3,0,2.0,0
0.3909,58,0,0.3078,10257.0,8,0,1,0,2.0,0
0.841,50,0,0.0615,,4,0,1,0,1.0,0
0.2883,49,0,0.4182,18091.0,8,0,1,0,0.0,0
0.3269,37,0,0.5285,9289.0,12,0,1,0,2.0,0
0.4864,55,0,0.0389,10262.0,12,0,1,0,2.0,0
2.9608,42,0,0.4705,7339.0,7,0,1,0,2.0,0
0.7878,55,0,0.2825,6497.0,6,0,0,0,0.0,0
1.4867,53,0,0.7251,8849.0,5,0,0,0,0.0,0
0.4511,43,1,0.2542,3222.0,8,1,1,0,1.0,0
0.0831,67,0,0.8423,11953.0,11,0,0,0,1.0,0
0.3508,49,0,0.5962,14722.0,9,0,1,0,1.0,0
0.3253,59,0,0.7385,,7,0,2,0,1.0,0
0.7711,38,0,0.6171,7542.0,5,0,0,0,0.0,0
0.4213,48,0,0.0851,2512.0,10,0,0,0,0.0,0
0.4118,39,0,0.1486,3752.0,10,0,0,0,0.0,0
0.5499,52,0,0.8868,7368.0,8,0,2,0,2.0,0
1.0097,56,0,1.0132,6447.0,10,0,0,1,0.0,0
1.1424,56,0,0.5208,12023.0,13,2,4,0,0.0,0
0.577,75,0,0.5232,,8,0,0,0,2.0,0
0.0886,65,0,0.8159,4988.0,15,0,0,0,0.0,0
0.1541,31,0,0.615,3796.0,2,0,0,0,0.0,0
0.743,63,0,0.9301,,10,0,2,0,2.0,0
2.1128,42,0,0.3763,,1,0,3,0,2.0,0
0.3406,63,0,0.7361,,9,0,0,0,0.0,0
0.3729,28,0,0.5721,8156.0,13,0,1,0,1.0,0
0.7979,49,0,0.6009,6042.0,8,0,1,0,0.0,0
0.1469,57,0,0.9746,3221.0,10,0,1,0,0.0,0
0.1053,39,0,0.4944,5565.0,6,0,0,0,,0
0.0241,70,0,0.7782,,6,0,0,0,0.0,0
0.2125,80,0,1.054,7465.0,5,0,0,0,0.0,0
0.1229,51,0,0.5015,5080.0,11,0,0,0,0.0,0
0.3741,63,0,0.5772,2854.0,10,0,0,0,1.0,0
2.6839,64,0,0.5625,1952.0,5,0,0,0,0.0,0
0.6173,43,0,0.3107,4127.0,9,0,1,0,0.0,0
0.7059,43,0,0.7962,3538.0,5,0,0,0,0.0,0
0.2935,57,0,0.6804,,15,0,3,0,1.0,0
0.2869,73,0,0.258,,10,0,0,0,2.0,0
0.4602,66,0,0.6861,2999.0,10,0,3,0,1.0,0
0.7661,31,0,0.8453,6550.0,5,0,1,0,2.0,0
0.2672,69,0,0.7165,,8,0,1,0,1.0,0
0.1849,68,0,0.2679,12405.0,6,0,1,0,3.0,0
8.7922,21,0,0.1132,,13,0,1,0,0.0,0
0.5997,63,0,0.7948,6494.0,6,0,0,0,1.0,0
3.052,53,0,0.6416,4632.0,9,0,1,0,0.0,1
4.5942,70,1,0.7185,,12,0,1,0,0.0,0
6.0561,66,0,0.7557,5946.0,5,0,0,0,1.0,0
0.2977,60,0,0.5044,5771.0,7,0,0,0,0.0,0
0.1166,55,0,0.6774,,9,0,1,0,0.0,0
0.7171,57,0,0.3593,7808.0,5,0,0,0,1.0,0
0.2821,31,0,0.7209,,10,0,1,0,1.0,0
0.1298,29,0,0.8067,3809.0,6,0,2,0,1.0,0
0.2778,61,0,0.6889,4038.0,7,0,0,0,0.0,0
0.4251,54,0,0.0371,5880.0,8,0,1,0,0.0,0
0.4609,61,0,0.9204,7851.0,11,0,0,0,0.0,0
0.5764,46,0,0.3423,6237.0,2,0,0,0,0.0,0
0.46,42,0,0.4698,11516.0,11,0,2,0,1.0,0
0.9461,45,0,0.4602,2370.0,5,0,1,0,1.0,0
0.5557,41,0,0.4882,4168.0,9,0,1,0,1.0,0
0.4826,67,0,0.2719,1587.0,10,0,0,0,0.0,0
0.0079,62,0,0.6417,6601.0,7,0,2,0,1.0,0
0.1867,60,0,0.6103,,6,0,0,0,1.0,0
0.705,72,0,0.5911,7642.0,5,0,0,0,1.0,0
0.1827,41,0,0.8783,4406.0,9,0,1,0,2.0,0
0.0576,34,0,0.2493,,10,0,2,0,0.0,0
0.5855,49,0,0.1184,8527.0,6,0,1,0,,0
1.1603,58,1,0.5713,5504.0,11,2,4,0,1.0,0
0.1928,42,0,0.2877,6283.0,7,0,2,0,0.0,0
1.7815,37,0,0.2752,6695.0,6,0,1,0,1.0,0
0.6028,40,0,0.6539,6362.0,8,0,0,0,2.0,0
1.667,64,0,0.702,11502.0,7,0,0,0,3.0,0
0.3959,60,0,0.8086,1387.0,13,0,2,0,0.0,0
2.9997,72,0,0.5372,,16,0,0,0,2.0,1
0.2276,72,0,0.3454,3843.0,6,0,0,0,0.0,0
0.0647,56,0,0.5387,,4,0,0,0,0.0,0
0.8414,26,0,0.3364,8208.0,10,0,1,0,1.0,0
1.4496,56,0,0.172,4556.0,5,0,0,0,1.0,0
0.0324,53,0,0.3253,6503.0,10,0,3,0,,0
0.5738,56,0,1.0791,,9,0,4,0,1.0,0
1.254,43,0,0.5705,4590.0,8,0,3,0,0.0,0
0.001,35,0,0.542,,4,0,0,0,3.0,0
0.776,56,0,0.1927,4545.0,8,0,3,0,,0
0.1842,31,0,0.247,12229.0,6,0,1,0,1.0,0
0.0314,66,0,0.0419,3982.0,10,0,0,0,2.0,0
0.2273,32,0,0.5523,8064.0,7,0,2,0,1.0,0
0.1754,24,0,0.7553,2231.0,11,0,0,0,1.0,0
2.7877,58,3,0.1112,14250.0,11,0,2,0,0.0,0
0.5087,47,0,0.5641,6144.0,15,0,2,0,1.0,0
0.7535,25,0,0.9079,4168.0,8,0,2,0,0.0,1
0.6349,42,0,0.5146,8420.0,9,0,1,0,0.0,0
0.4348,61,0,0.6621,4287.0,7,0,1,0,0.0,0
0.6677,55,0,0.5339,5545.0,10,0,3,0,0.0,0
0.4786,46,0,0.2148,4346.0,7,0,2,0,2.0,0
0.3569,52,0,0.5033,3524.0,11,0,0,0,1.0,0
0.4264,49,0,0.4896,,5,0,1,0,1.0,0
0.9214,36,0,0.1615,,8,0,3,0,,0
0.4139,30,0,0.2173,2959.0,6,0,1,0,3.0,0
0.2669,49,0,0.1336,4067.0,8,0,2,0,0.0,0
0.8119,61,1,0.2407,,6,0,3,1,0.0,0
0.2105,47,0,0.1744,2686.0,6,0,1,0,1.0,0
0.4913,56,0,0.7508,6057.0,3,0,1,0,1.0,0
0.9866,67,0,0.287,2436.0,7,0,1,0,2.0,0
0.3198,33,0,0.6078,9100.0,9,0,3,0,2.0,0
0.2162,62,0,0.4346,1456.0,10,0,0,0,1.0,0
0.2346,30,0,0.1194,,10,0,1,0,0.0,0
0.6707,82,0,0.6539,11104.0,3,0,0,0,1.0,0
0.3459,45,0,0.6012,9451.0,7,0,0,0,0.0,0
0.1906,67,0,0.7604,24777.0,6,0,2,0,0.0,0
0.5537,53,0,0.6372,2872.0,5,0,2,0,0.0,0
0.4961,38,0,0.9664,,11,0,0,0,0.0,1
0.3255,23,0,0.4265,8304.0,8,0,1,0,0.0,0
0.3513,56,0,0.1353,5191.0,14,0,2,0,1.0,0
2.3906,53,0,0.1286,9361.0,6,0,0,0,1.0,0
0.125,56,0,0.2717,3336.0,9,0,0,0,1.0,0
1.3613,43,0,0.6979,5629.0,11,0,0,0,0.0,0
0.3543,52,0,0.4436,9132.0,5,0,2,0,2.0,0
0.4957,59,0,0.6041,2024.0,9,0,1,0,1.0,0
0.415,65,0,0.4921,,7,0,0,0,0.0,0
0.0376,52,0,0.5854,5128.0,6,0,2,0,2.0,0
0.8881,26,0,0.5759,20108.0,5,0,3,0,0.0,0
0.4005,50,0,0.309,8185.0,8,0,0,0,1.0,0
0.0943,43,0,0.5456,8808.0,9,0,1,0,0.0,0
0.0361,55,0,0.4997,,13,0,1,0,0.0,0
0.2255,54,0,0.7489,3569.0,4,0,1,0,2.0,0
0.3606,61,0,0.5693,3910.0,7,0,4,0,0.0,0
0.0596,42,0,0.6458,3918.0,7,0,0,0,0.0,0
2.5264,42,0,0.297,,6,0,0,0,0.0,0
0.7069,66,0,0.5923,10098.0,4,0,1,0,0.0,0
0.6855,37,0,0.3247,5049.0,15,0,0,0,1.0,0
0.508,50,0,0.3945,9826.0,3,0,2,0,0.0,0
0.2531,52,0,0.1919,7175.0,7,0,0,0,1.0,0
0.2013,23,0,0.2196,,12,0,0,0,0.0,0
0.6363,52,0,0.4292,5882.0,10,0,1,0,2.0,0
1.2164,52,0,0.3878,4670.0,4,0,1,0,2.0,0
1.4848,53,0,0.4282,7801.0,4,0,2,0,1.0,0
0.1399,39,0,0.147,9490.0,11,0,2,0,0.0,0
0.1575,35,1,0.4039,16370.0,8,0,1,0,5.0,0
0.4195,33,0,0.6634,,5,0,0,0,1.0,0
2.8842,68,0,0.4601,3515.0,9,0,1,0,2.0,0
0.5969,55,0,0.9441,4710.0,5,0,1,0,0.0,0
0.4955,42,0,0.1424,,8,0,0,0,0.0,1
0.1549,35,0,0.8744,12339.0,13,0,0,0,1.0,0
0.6077,34,0,0.2578,3350.0,10,0,2,0,,0
0.098,52,0,0.6787,15554.0,6,0,3,0,0.0,0
0.2259,51,0,0.3996,7334.0,5,0,1,0,2.0,0
0.2075,29,0,0.7985,,11,0,2,0,,0
0.3713,35,0,0.2164,2007.0,6,0,1,0,0.0,0
0.1937,40,0,0.8023,,13,0,2,0,0.0,0
0.2809,63,0,0.7023,,9,0,0,0,1.0,0
0.6995,39,0,0.2437,,9,0,0,0,1.0,0
0.0754,50,0,0.1502,4585.0,8,0,0,0,0.0,0
0.4086,65,0,0.284,,13,0,2,0,1.0,0
0.1198,65,0,0.1987,8329.0,3,0,1,0,1.0,0
0.84,60,0,0.313,7059.0,4,0,1,0,,0
0.2555,72,0,0.2932,14377.0,8,0,3,0,2.0,0
0.3458,55,0,0.5132,,8,0,2,0,1.0,0
4.5213,41,1,0.32,14587.0,5,0,0,0,0.0,0
0.7317,74,0,0.2305,,9,0,1,0,,0
0.0439,59,0,0.2459,6614.0,8,0,0,0,0.0,0
0.528,41,0,0.5781,,8,0,1,0,2.0,0
0.7922,59,1,0.2917,30056.0,9,0,0,0,0.0,0
0.8848,25,0,0.4832,19596.0,6,0,1,0,2.0,0
0.2934,54,0,0.3196,3544.0,7,0,1,0,3.0,0
0.7822,21,0,0.7645,3697.0,8,0,0,0,1.0,0
0.1287,40,0,0.4361,1481.0,6,0,3,0,0.0,0
0.5084,43,0,0.8112,,14,0,4,0,2.0,0
0.0022,35,0,0.2267,2351.0,8,0,0,0,3.0,0
0.2468,51,3,0.7956,5497.0,5,0,0,1,0.0,0
0.3758,40,0,0.3664,3800.0,11,0,2,0,0.0,0
0.0251,52,0,0.458,16765.0,4,0,1,0,1.0,0
1.4579,68,0,0.4858,2431.0,7,0,2,0,0.0,0
0.5009,38,0,0.278,13624.0,7,0,0,0,0.0,0
0.613,61,0,0.6295,11194.0,12,0,1,0,1.0,0
0.0493,83,0,0.4898,4621.0,11,0,2,0,1.0,0
1.5031,52,0,0.2099,4136.0,10,0,1,0,0.0,0
0.3009,29,0,0.6666,2447.0,7,0,0,0,2.0,0
0.1061,57,0,1.2791,2468.0,3,0,1,0,1.0,0
1.755,48,0,0.2635,17282.0,4,0,2,0,1.0,0
1.3509,71,0,0.6205,10565.0,6,0,0,0,0.0,0
0.3353,35,0,0.595,8764.0,7,0,0,0,2.0,0
1.1536,49,0,0.4354,6931.0,14,0,0,0,1.0,0
0.4401,48,0,0.1619,8572.0,8,0,1,0,1.0,0
0.0207,49,0,0.45,6528.0,12,0,1,0,1.0,0
0.4178,43,0,0.3697,1755.0,7,0,2,0,0.0,0
0.7015,51,0,0.2959,,7,0,0,0,2.0,0
0.399,62,0,0.6043,22530.0,11,0,1,0,0.0,0
0.0662,51,0,0.4611,,8,0,0,0,2.0,0
0.3986,60,0,0.3528,6797.0,9,0,3,0,2.0,0
0.358,66,0,0.8328,7199.0,6,0,1,0,0.0,0
4.4191,46,0,0.3174,8181.0,9,0,0,0,1.0,0
1.6769,27,0,1.2983,,5,0,0,0,0.0,1
2.6909,46,0,0.3275,20115.0,3,0,1,0,1.0,1
0.8147,34,0,0.3929,10492.0,11,0,1,0,1.0,0
0.1502,66,0,0.477,6179.0,2,0,1,0,2.0,0
1.1716,52,0,0.3312,,7,0,0,0,1.0,0
0.3591,60,0,0.3088,5621.0,7,0,1,0,0.0,0
0.1147,60,0,0.4129,,8,0,1,0,1.0,0
0.7956,67,0,0.2765,3282.0,7,0,1,0,0.0,0
0.2161,65,0,0.3503,,2,0,2,0,1.0,0
0.1441,36,0,0.6739,5243.0,7,0,2,0,1.0,0
1.172,40,0,0.3062,3568.0,10,0,0,0,,0
0.3833,51,0,0.4107,,10,0,4,0,1.0,0
1.4084,73,0,0.2105,8022.0,8,0,2,0,0.0,1
1.9181,32,0,0.572,20694.0,9,0,1,0,2.0,0
0.5695,52,0,0.6249,4659.0,5,0,0,0,0.0,0
0.2337,61,0,0.4068,9867.0,11,0,0,0,3.0,0
0.3581,47,0,1.0432,6918.0,10,0,3,0,1.0,0
0.8221,76,0,0.931,1837.0,10,0,0,0,0.0,1
0.1712,42,0,0.4657,9269.0,4,0,0,0,1.0,0
0.3006,46,0,0.2768,,11,0,1,0,0.0,0
0.5231,60,0,0.6271,2088.0,9,0,1,0,1.0,0
0.6371,47,0,0.5891,,16,0,1,0,0.0,0
0.6602,59,0,0.1305,3715.0,5,0,1,0,2.0,0
0.4096,71,0,0.6032,,5,0,2,0,0.0,0
0.4329,46,0,0.4691,13047.0,6,0,2,0,0.0,0
0.3393,21,0,0.6816,2326.0,6,0,4,0,1.0,0
0.0305,71,0,0.8109,9437.0,8,0,1,1,1.0,0
0.3695,70,0,0.3395,,5,0,2,0,0.0,0
0.0188,26,0,0.5696,6592.0,7,0,0,0,1.0,0
0.0532,51,0,0.2154,6196.0,5,0,1,0,1.0,0
0.0622,52,0,0.1752,12129.0,6,0,4,0,0.0,0
4.3762,46,0,0.4677,15042.0,8,0,1,0,0.0,0
5.7332,57,0,0.7593,5393.0,6,0,1,0,0.0,0
0.2414,52,0,0.2596,,11,0,1,0,0.0,0
0.9534,50,0,0.7143,,6,0,1,0,0.0,0
1.1549,55,0,1.0976,6226.0,7,0,0,0,0.0,0
0.2323,78,0,0.6251,,12,0,1,0,1.0,0
0.2926,40,0,0.356,2388.0,11,0,0,0,0.0,0
0.9728,41,0,0.1958,3803.0,6,0,0,0,0.0,0
0.5445,64,0,0.2223,4450.0,10,0,1,0,2.0,0
0.8018,62,0,0.5989,2402.0,6,0,1,0,3.0,0
0.3481,36,0,0.054,6765.0,15,0,0,0,0.0,0
0.5733,42,0,0.8316,,8,0,0,0,0.0,0
0.5129,45,0,0.4469,,11,0,2,0,0.0,0
3.2349,43,0,0.2751,,7,0,2,0,2.0,0
0.1505,36,0,0.7722,5737.0,7,0,0,0,0.0,0
0.0624,72,0,0.5633,,8,0,1,0,0.0,0
2.996,42,0,0.2839,2486.0,14,0,2,0,0.0,0
0.6636,56,0,0.2871,,8,0,2,0,3.0,0
0.5135,52,0,0.6353,2682.0,7,0,1,0,,0
0.0318,53,0,0.5868,19633.0,4,0,2,0,0.0,0
6.416,57,0,0.9046,9592.0,10,0,0,0,1.0,0
0.3897,43,0,0.4747,3085.0,7,0,2,0,0.0,0
0.0561,53,0,0.3432,27989.0,11,0,0,0,0.0,0
0.704,21,0,0.2636,10245.0,8,0,0,0,1.0,0
0.3403,34,0,0.4196,4284.0,5,0,2,0,1.0,0
0.2983,54,0,0.1703,7867.0,7,0,1,0,1.0,0
0.5451,48,0,0.3266,5380.0,14,0,0,0,0.0,0
0.312,34,0,0.4297,1546.0,12,0,0,0,0.0,0
0.3711,46,0,0.5096,2649.0,6,0,2,0,2.0,0
0.3143,64,0,1.0746,2002.0,3,0,0,0,0.0,0
0.0501,81,0,0.6842,8202.0,7,0,1,0,0.0,0
0.3604,31,3,0.7385,8761.0,9,1,1,0,1.0,0
0.4976,35,0,0.6425,3088.0,5,0,1,0,0.0,0
0.1848,79,3,0.646,3534.0,11,0,0,2,1.0,0
0.3464,49,0,0.561,10793.0,8,0,2,0,2.0,0
0.1251,60,0,0.618,,1,0,0,0,2.0,0
0.0346,55,0,0.7789,19163.0,6,0,0,0,0.0,0
1.0366,57,0,0.1776,,7,0,1,0,1.0,0
0.0477,38,2,0.0725,6496.0,11,0,1,0,1.0,0
1.0113,52,0,0.1021,,8,0,2,0,1.0,0
0.3932,48,0,0.5605,20342.0,6,0,1,0,0.0,0
0.0977,63,0,0.1424,7265.0,13,0,1,0,3.0,0
0.3454,74,0,0.5843,2184.0,6,0,2,0,3.0,0
0.4739,43,0,0.9405,4169.0,5,0,0,0,0.0,0
0.6075,57,0,0.5092,2960.0,11,0,0,0,1.0,0
0.3989,54,0,0.4945,4802.0,3,0,1,0,1.0,0
0.5498,58,0,0.1433,3238.0,10,0,0,0,,0
0.3416,57,0,0.3033,6337.0,6,0,1,0,0.0,0
0.0484,65,0,0.4728,4677.0,4,0,3,0,3.0,0
0.293,44,0,0.7227,9386.0,6,0,2,0,0.0,0
0.1709,28,0,0.7312,4620.0,7,0,1,0,2.0,0
2.3652,42,0,0.3722,13171.0,8,0,0,0,3.0,0
0.2693,45,0,0.5655,4028.0,9,0,3,0,1.0,0
0.04,68,0,0.1922,,7,0,0,0,0.0,0
1.6514,63,0,0.4538,16639.0,9,0,1,0,0.0,0
0.4641,76,0,0.7053,7283.0,9,0,0,0,1.0,0
0.6346,52,0,0.3186,5679.0,2,0,1,0,1.0,0
0.3374,65,0,0.4137,,5,0,1,0,0.0,0
0.5948,52,0,0.3611,,6,0,1,0,1.0,0
0.1957,39,0,0.537,4184.0,3,0,1,0,0.0,0
0.215,38,0,0.4865,4710.0,6,0,0,0,0.0,0
2.7977,21,0,0.7181,,10,0,0,0,0.0,0
2.7555,59,0,0.582,5345.0,8,0,0,0,0.0,1
1.6664,73,1,0.9254,8121.0,6,0,1,0,0.0,0
0.1284,62,0,0.693,4102.0,7,0,0,0,0.0,0
0.3357,57,0,0.7483,2333.0,11,0,1,0,1.0,0
2.3272,67,0,0.5805,3427.0,9,0,0,0,1.0,0
0.0748,39,0,0.755,14025.0,3,0,0,0,4.0,0
0.5109,54,0,0.9459,6775.0,11,0,1,0,2.0,0
0.2361,48,0,0.45,5330.0,12,0,1,0,1.0,0
0.3361,60,0,0.3715,3394.0,9,0,1,0,0.0,0
0.4605,46,0,0.5953,6649.0,8,0,1,0,0.0,0
0.0499,77,1,0.3151,2779.0,3,0,0,0,2.0,0
0.539,72,0,0.8838,13175.0,8,0,0,0,1.0,0
1.7541,31,0,0.3639,4384.0,10,0,1,0,1.0,0
0.128,82,0,0.254,27521.0,9,0,0,0,0.0,0
0.3202,55,0,1.002,6723.0,7,0,0,0,,0
0.2447,54,0,0.3105,3566.0,10,0,1,0,2.0,0
0.4925,61,0,1.057,3020.0,5,0,2,0,0.0,0
0.2108,64,0,0.4031,12694.0,5,0,1,0,0.0,0
0.885,33,1,0.5759,9000.0,8,0,3,0,2.0,0
0.4745,65,0,0.4172,5042.0,8,0,2,0,0.0,0
0.702,47,0,0.0187,4196.0,9,0,1,0,3.0,0
1.8075,83,0,0.8339,4335.0,6,0,1,0,,1
2.514,21,0,0.1665,1919.0,9,0,0,0,1.0,0
0.6554,49,0,0.2228,2327.0,7,0,0,0,1.0,0
7.5994,42,0,0.162,,8,0,1,0,0.0,0
4.8214,55,0,0.2831,7865.0,4,0,2,0,0.0,0
0.4166,49,0,0.7453,7253.0,12,0,0,0,0.0,0
0.8972,45,0,0.179,2653.0,2,0,1,0,2.0,0
0.0434,28,0,0.148,,11,0,0,0,2.0,0
0.4779,46,3,0.3216,9604.0,12,0,2,0,1.0,0
0.5256,63,1,0.4879,9466.0,8,0,0,0,,0
0.1346,58,0,0.1729,5940.0,6,0,0,0,,0
1.5372,50,0,0.183,5967.0,7,0,0,0,0.0,0
0.6478,42,0,0.1027,,2,0,2,0,1.0,0
0.8108,42,0,0.4467,5954.0,7,1,1,2,0.0,0
0.9455,39,0,0.2143,2679.0,15,0,0,0,1.0,1
0.0259,45,0,0.2976,7548.0,4,0,0,0,2.0,0
0.8564,57,0,0.3395,2861.0,8,0,2,0,1.0,0
0.3235,55,0,0.7899,3903.0,11,0,0,0,0.0,0
0.5523,42,0,0.111,8816.0,5,0,4,0,1.0,0
0.3024,33,0,0.7911,2618.0,5,0,2,0,1.0,0
0.4132,73,0,0.0591,6715.0,10,0,1,0,1.0,0
0.0766,46,1,0.5696,6046.0,8,0,2,0,0.0,0
0.0885,39,0,0.1104,3289.0,3,0,0,0,0.0,0
0.5901,54,1,0.5633,4563.0,3,0,6,0,0.0,0
0.0374,46,0,0.711,,9,0,1,0,1.0,0
0.2766,69,0,0.5067,3624.0,5,0,0,0,3.0,0
3.7984,42,3,0.5136,8968.0,7,0,2,0,0.0,0
0.3089,36,0,0.2288,9072.0,13,0,3,0,2.0,0
0.8777,51,0,0.1643,3276.0,11,0,0,0,1.0,0
0.2518,50,0,0.1686,4346.0,10,0,1,0,1.0,0
0.7433,43,0,0.1598,6057.0,9,0,3,0,0.0,0
0.3293,46,0,1.113,,4,0,1,0,1.0,0
0.3052,59,0,0.488,,7,0,1,0,0.0,0
1.0229,68,0,0.4984,,11,0,0,0,3.0,0
0.6578,34,0,0.0881,,7,0,0,0,1.0,1
1.6975,48,0,0.7394,9762.0,6,0,0,0,1.0,0
0.4339,61,0,0.2019,,5,0,0,0,1.0,0
0.0762,65,0,1.1824,8208.0,5,0,1,0,1.0,0
0.2947,69,0,0.4301,8330.0,5,0,1,0,,0
0.2008,33,0,0.2924,,4,0,2,0,1.0,0
0.5415,49,0,0.2541,,7,0,0,0,0.0,0
0.0323,57,0,0.8544,,3,0,0,1,3.0,0
0.2702,37,0,0.6635,7998.0,13,0,2,0,,0
0.2474,52,0,0.1386,7093.0,5,0,2,0,2.0,0
0.4894,28,0,0.2939,,9,0,3,0,0.0,0
0.1409,38,0,1.0424,3970.0,10,0,2,0,1.0,0
3.4196,28,0,0.6758,4511.0,4,0,1,0,0.0,0
0.6639,42,0,0.7965,,12,0,4,0,0.0,1
0.6352,21,0,0.7224,8724.0,8,0,0,0,0.0,0
2.9901,63,0,0.3786,,7,0,1,0,0.0,0
0.0885,55,0,0.5229,,8,0,1,0,0.0,0
0.0854,50,0,0.1496,4469.0,6,0,0,0,0.0,0
0.8355,37,0,0.7677,,6,0,1,0,0.0,0
1.0348,22,2,0.6681,5295.0,6,0,2,0,0.0,0
0.6225,57,0,0.483,4136.0,14,0,1,0,0.0,0
0.0784,37,0,0.1322,5682.0,9,0,0,0,1.0,0
0.3154,49,0,0.257,7390.0,6,0,1,0,0.0,0
0.1894,62,0,0.0565,1261.0,9,0,0,0,0.0,0
7.1387,27,0,0.8944,3352.0,4,0,1,0,1.0,1
0.5514,53,0,0.3338,7203.0,4,0,0,0,0.0,0
0.5382,52,0,0.4457,4186.0,8,0,2,0,0.0,0
0.8389,95,0,1.2048,8027.0,8,0,1,0,0.0,0
0.5444,44,0,0.2995,,11,0,1,0,1.0,0
0.6727,22,0,0.4956,4508.0,5,0,0,0,0.0,0
0.0373,43,0,0.1638,2827.0,11,0,3,0,0.0,0
0.6296,28,0,1.0954,3160.0,11,0,2,0,0.0,0
1.5338,71,2,0.7076,,9,0,0,0,0.0,0
1.9114,74,0,0.9587,5960.0,6,0,1,0,0.0,0
0.0794,48,3,0.2595,4028.0,12,0,0,0,1.0,0
0.8302,59,0,0.3701,7177.0,10,0,1,0,1.0,0
0.9965,55,1,1.2988,9908.0,8,0,3,1,1.0,0
0.8238,49,0,0.2512,7547.0,11,0,1,0,1.0,0
0.1537,34,0,0.3878,,13,0,1,0,1.0,0
0.2082,61,0,0.2912,5297.0,9,0,0,0,3.0,0
0.647,54,0,0.514,13193.0,8,0,0,0,1.0,0
0.8388,86,0,0.4271,,10,0,1,0,3.0,0
0.6146,51,0,0.2594,3789.0,7,0,0,0,0.0,0
0.6595,58,2,0.3834,,5,3,1,0,1.0,0
1.8772,55,0,0.5935,10194.0,8,0,1,0,0.0,0
0.0774,45,0,0.6782,3023.0,8,0,1,0,2.0,0
0.8525,54,0,0.7679,4156.0,12,0,2,0,1.0,0
0.122,49,0,0.2698,2369.0,5,0,2,0,1.0,0
0.1433,35,0,0.2969,8663.0,6,0,3,0,2.0,0
0.1227,67,0,0.3557,,5,0,0,0,1.0,0
0.2575,44,0,0.4495,5418.0,10,0,1,0,2.0,0
2.1694,63,0,0.5913,1621.0,10,0,0,0,0.0,0
0.3547,52,0,0.1584,11602.0,5,0,0,0,2.0,0
0.1151,57,0,0.7791,8908.0,6,0,2,0,1.0,0
0.1643,54,0,0.5019,,12,0,1,0,1.0,0
1.2892,72,0,1.1062,,9,0,1,0,0.0,1
0.0465,70,0,0.2042,,7,0,1,0,0.0,0
0.231,53,0,0.3528,3545.0,9,0,2,0,0.0,0
5.6585,65,0,0.0716,,10,0,2,0,1.0,0
0.7836,53,0,0.7704,2954.0,15,0,1,0,2.0,1
1.074,57,0,0.8583,,15,0,1,0,0.0,0
1.1528,80,0,0.1746,4576.0,9,0,0,0,0.0,0
1.0115,49,0,0.6093,3901.0,3,0,0,0,0.0,0
0.1209,66,0,0.9159,,6,0,1,0,5.0,0
0.8308,59,0,0.1782,3028.0,7,0,0,0,0.0,0
0.2573,51,0,0.7467,2611.0,6,0,2,0,1.0,0
0.1421,55,0,0.6645,12280.0,12,0,3,0,2.0,0
4.794,55,0,0.2443,4383.0,4,0,1,0,0.0,0
0.5477,56,0,0.1763,,4,0,1,0,,0
4.0382,57,0,0.0831,5571.0,11,0,1,0,0.0,0
0.7104,54,0,0.1727,19256.0,4,0,0,0,3.0,0
0.0244,57,0,0.2523,,13,0,1,0,1.0,0
0.1547,66,0,1.1623,13025.0,12,0,0,0,1.0,0
0.5876,67,0,0.6342,7075.0,5,0,2,0,2.0,0
1.3471,61,0,0.055,5305.0,4,0,0,0,2.0,0
0.8543,76,0,0.8825,2977.0,5,0,2,0,1.0,0
1.763,48,1,0.1048,10035.0,11,0,2,1,0.0,0
0.5517,37,0,0.2079,,5,0,1,0,0.0,0
0.2217,53,0,0.382,9590.0,14,0,2,0,0.0,0
0.4369,43,0,0.6548,,6,0,0,0,0.0,0
0.562,70,1,0.9228,7552.0,7,0,2,1,4.0,0
4.705,21,0,0.3818,,5,0,0,0,0.0,0
0.5589,45,0,0.4409,,9,0,0,0,2.0,0
0.6335,26,0,0.2834,6422.0,8,0,1,0,2.0,0
0.2053,55,0,0.6947,6242.0,8,0,3,0,2.0,0
0.0163,36,0,0.1721,11990.0,4,0,2,0,,0
0.8057,53,0,0.5563,7747.0,6,0,1,0,0.0,0
0.8803,74,0,1.0077,,7,0,2,0,1.0,1
3.8265,51,0,0.8399,2739.0,2,0,1,0,0.0,0
0.1676,67,0,0.7174,12352.0,10,0,2,0,2.0,0
0.0208,67,0,0.0693,2456.0,10,0,0,0,0.0,0
0.4975,65,0,0.3786,3152.0,6,0,0,0,0.0,0
0.0457,28,0,0.5746,,3,0,0,0,1.0,0
0.1215,72,0,0.1635,,7,0,1,0,1.0,0
3.451,48,0,0.1241,4868.0,9,0,0,0,3.0,0
0.1899,61,0,0.5376,10681.0,7,0,0,0,0.0,0
0.5696,55,2,0.2194,22100.0,6,0,2,3,3.0,0
0.4695,41,0,0.5081,7321.0,7,0,1,0,1.0,0
0.4254,39,0,0.2253,3923.0,6,0,1,0,0.0,0
0.0605,84,0,0.3314,7944.0,6,0,1,0,0.0,0
0.2423,37,0,0.4518,,13,0,1,0,0.0,0
2.3655,52,0,0.4665,15061.0,1,0,0,0,1.0,0
0.4442,78,0,0.0623,11544.0,12,0,1,0,3.0,0
1.5213,45,0,0.5461,5244.0,12,0,1,0,1.0,0
0.1514,73,0,0.3111,2899.0,6,0,4,0,2.0,0
0.1,60,0,0.6859,8605.0,9,0,2,0,1.0,0
0.1532,72,0,0.7869,8534.0,3,0,0,0,0.0,0
0.3095,77,0,0.2186,24175.0,15,0,1,0,3.0,0
2.0112,52,1,0.3588,6776.0,12,3,0,0,3.0,0
0.3203,21,0,0.2725,5471.0,2,0,0,0,2.0,0
0.4104,24,1,0.437,5159.0,10,0,0,0,0.0,0
1.1689,54,0,0.1541,5065.0,7,0,1,0,2.0,0
0.4401,43,0,0.6959,,12,0,2,0,1.0,0
0.181,48,0,0.6722,,9,0,0,0,,0
0.4495,64,0,0.5146,2645.0,6,0,1,0,0.0,0
0.2194,29,0,0.2599,,10,0,1,0,1.0,0
0.6188,47,0,0.4599,37701.0,6,0,1,0,1.0,0
0.0556,27,0,0.9635,,14,0,0,0,0.0,0
0.5927,27,0,0.3014,2917.0,9,0,0,0,2.0,0
0.0734,64,0,0.1596,,7,0,2,0,1.0,0
5.1349,57,0,0.5908,,17,0,3,0,1.0,0
0.1488,28,0,0.6189,2915.0,9,0,1,0,1.0,0
0.5405,60,0,0.1965,4603.0,6,0,2,0,0.0,0
0.2889,21,0,0.3659,1232.0,10,0,3,0,0.0,0
0.2339,42,0,0.2644,13038.0,6,0,2,0,0.0,0
0.0116,70,0,0.8628,6270.0,8,0,1,0,1.0,0
0.881,34,0,0.4884,,3,0,2,0,0.0,0
0.082,56,0,0.9701,2725.0,12,0,0,0,2.0,0
0.1527,60,0,0.8381,9583.0,4,0,0,0,0.0,0
0.6837,43,0,0.5142,3821.0,5,0,2,0,0.0,0
0.2217,45,0,0.9691,,11,0,0,0,0.0,0
0.2695,38,0,0.0977,11300.0,9,0,2,0,1.0,0
0.305,64,0,0.4231,8455.0,3,0,2,0,0.0,0
0.3078,41,0,0.1905,9047.0,9,0,2,0,2.0,0
0.4694,42,0,0.1526,7654.0,12,0,1,0,1.0,0
0.4029,38,0,0.5258,9184.0,11,0,0,0,1.0,0
0.3229,89,0,0.1707,,13,0,0,0,1.0,0
0.2374,75,0,0.5971,4452.0,9,0,0,0,0.0,0
0.4453,58,0,0.8,9688.0,5,0,1,0,1.0,0
0.338,55,0,0.1926,11065.0,5,0,0,0,2.0,0
0.6511,72,0,0.566,6246.0,12,0,1,0,,0
0.3379,42,0,0.8612,,9,0,2,0,1.0,0
0.5863,38,0,0.7762,1628.0,8,0,0,0,1.0,0
0.7936,68,0,0.254,8773.0,9,0,0,0,1.0,0
0.0992,79,0,0.5636,12502.0,9,0,0,0,1.0,0
0.4248,43,0,0.651,1462.0,14,0,2,0,1.0,0
0.2752,57,0,1.0035,10378.0,10,0,1,0,1.0,0
0.0684,61,0,0.0744,5381.0,7,0,1,0,1.0,0
0.0797,55,0,0.2234,6617.0,10,0,2,0,1.0,0
0.7641,59,0,0.4869,10129.0,10,0,2,0,2.0,0
0.0126,50,0,0.0416,5391.0,6,0,2,0,1.0,0
0.482,21,0,0.4959,,2,0,1,0,0.0,1
0.6347,51,0,1.4974,,7,0,0,0,0.0,0
0.8648,63,0,0.918,13623.0,8,0,1,0,0.0,0
0.7861,59,0,0.8229,3971.0,6,0,0,0,3.0,0
0.8699,46,0,0.9622,8185.0,12,0,0,0,1.0,0
1.019,66,0,0.8248,3000.0,4,0,1,0,0.0,0
0.8178,52,0,0.5339,4595.0,8,0,0,0,1.0,0
0.575,58,0,0.2219,7288.0,8,0,1,0,2.0,0
1.6589,44,1,0.255,9954.0,13,0,1,0,0.0,0
3.6314,47,1,0.1593,7874.0,5,0,1,1,1.0,0
0.0846,56,0,0.8173,,11,0,2,0,0.0,0
0.0338,53,0,0.6407,,9,0,4,0,0.0,0
0.074,48,0,0.5574,3473.0,7,0,2,0,0.0,0
0.4595,45,0,0.2578,10078.0,7,0,3,0,0.0,0
0.6468,21,0,0.5609,5574.0,4,0,1,0,0.0,0
0.4877,35,0,0.4309,7645.0,6,0,0,0,1.0,0
0.2777,50,0,0.3931,6445.0,10,0,0,0,0.0,0
0.132,50,0,0.4534,3331.0,11,0,1,0,0.0,0
0.1683,57,0,0.2058,4664.0,11,0,1,0,0.0,0
0.4033,70,0,0.4868,5371.0,5,0,1,0,2.0,0
0.2938,45,0,0.2862,12335.0,11,0,0,0,0.0,0
0.3278,35,0,0.1945,4136.0,6,0,3,0,1.0,0
0.1087,73,0,0.5687,7622.0,11,0,1,0,0.0,0
0.0721,58,0,0.3955,21403.0,3,0,0,0,0.0,0
3.9556,44,0,0.5447,2293.0,10,0,0,0,1.0,0
0.2538,27,0,0.2974,2404.0,4,0,1,0,1.0,0
0.2263,85,0,0.0812,3660.0,9,0,2,0,1.0,0
0.6842,49,0,0.0822,,4,0,0,0,1.0,0
0.248,57,0,1.6005,4276.0,10,0,1,0,1.0,0
2.3903,39,0,0.1469,12521.0,8,0,0,1,0.0,0
0.0573,37,1,0.2287,6268.0,11,0,1,0,,0
0.073,69,0,1.0608,,3,0,3,0,,0
0.5429,45,0,0.2721,,7,0,0,0,2.0,0
0.2511,44,0,0.4957,3609.0,8,0,1,0,,0
0.061,53,0,0.6118,5661.0,9,0,0,0,1.0,0
0.8255,53,0,0.4249,,6,0,4,0,,0
0.4674,67,0,0.2222,4613.0,11,0,1,0,1.0,0
0.3133,50,0,0.4905,9213.0,9,0,1,0,0.0,0
0.1499,60,0,0.6358,7493.0,3,0,1,0,0.0,0
0.0845,43,0,0.9312,3746.0,6,0,0,0,1.0,0
0.6155,39,0,0.7976,18841.0,12,0,0,0,1.0,0
0.2157,39,1,1.0946,6342.0,6,0,0,0,4.0,0
1.8542,41,0,0.6032,1959.0,8,0,1,0,1.0,0
0.1808,75,0,0.0838,,10,0,4,0,0.0,0
0.0771,44,0,0.4331,6937.0,7,0,0,0,1.0,0
0.6827,44,0,0.713,7759.0,14,0,2,0,0.0,0
0.7966,62,0,0.3395,6914.0,7,0,1,0,1.0,0
0.0578,62,0,0.0994,4488.0,3,0,1,0,0.0,0
0.0523,37,0,0.6127,4615.0,5,0,1,0,1.0,0
1.4909,49,0,0.0981,8008.0,10,0,1,0,0.0,0
0.1569,21,0,0.2672,4902.0,10,0,3,0,1.0,0
4.3467,59,0,1.0048,2985.0,7,0,2,0,1.0,0
0.4429,61,0,0.9712,6175.0,5,0,0,0,3.0,0
0.1594,61,0,0.3226,8527.0,7,0,0,0,0.0,0
0.1107,80,0,0.509,4263.0,7,0,1,0,0.0,0
1.3246,58,0,0.3513,5677.0,9,0,1,0,0.0,0
0.1484,53,0,0.2475,,5,0,2,0,0.0,0
0.0012,54,2,0.4315,4336.0,7,1,1,0,0.0,0
4.0005,44,0,0.3623,2130.0,6,0,0,0,2.0,0
1.3904,81,0,0.6239,6301.0,7,0,0,0,0.0,0
0.0625,77,0,0.6589,3304.0,7,0,1,0,1.0,0
0.5789,44,0,0.615,,5,0,1,0,1.0,0
0.4059,36,0,0.2363,7245.0,7,0,0,0,0.0,0
0.1553,53,0,0.2505,8000.0,8,0,1,0,2.0,0
0.4765,51,0,0.051,7015.0,13,0,0,0,0.0,0
0.3133,53,0,0.3112,5868.0,11,0,0,0,2.0,0
0.2945,55,0,0.2774,5757.0,6,0,1,0,0.0,0
0.17,28,0,0.8323,6245.0,9,0,0,0,0.0,1
0.6751,49,1,0.1655,3112.0,4,0,1,0,1.0,0
0.2396,54,0,0.6807,5494.0,7,0,1,0,,0
0.3156,38,0,0.098,4265.0,9,0,1,0,0.0,0
0.36,69,0,0.0392,4110.0,9,0,1,0,0.0,0
0.9318,44,0,0.7922,4206.0,5,0,1,0,1.0,1
2.7369,48,0,0.4538,,7,0,1,0,1.0,0
0.1845,76,0,0.3529,5234.0,3,0,1,0,0.0,0
0.4471,29,0,0.3139,8370.0,7,0,1,0,1.0,0
1.9671,51,0,0.2681,17806.0,11,0,0,0,0.0,0
0.3747,38,0,0.4588,11073.0,9,0,2,0,1.0,0
2.2812,57,0,0.563,5978.0,7,0,2,0,3.0,0
0.8077,58,0,0.0855,5492.0,12,0,0,0,1.0,0
1.7341,53,0,0.1691,3960.0,10,0,0,0,0.0,0
0.3236,39,0,0.2545,4822.0,10,0,0,0,0.0,0
0.2468,39,0,0.5878,3996.0,9,0,1,0,0.0,0
0.8311,44,1,0.5493,3461.0,6,0,1,0,2.0,0
0.128,38,0,0.4087,8232.0,3,0,1,0,2.0,0
0.6079,58,0,0.2649,6425.0,5,0,1,0,0.0,0
0.4652,44,0,0.4197,5246.0,8,0,0,0,1.0,0
0.3508,54,0,0.4878,5253.0,10,0,0,0,1.0,0
0.1177,44,0,0.1355,5791.0,9,0,2,0,0.0,0
0.2928,69,0,0.9459,6536.0,7,0,1,0,1.0,0
0.0257,66,0,0.5731,,11,0,0,0,,0
0.4488,51,0,0.6029,2034.0,11,0,1,0,0.0,0
0.5556,59,0,0.555,6577.0,3,0,1,0,0.0,0
0.9575,66,0,0.5963,,8,0,1,0,1.0,0
0.5631,52,0,0.8036,632.0,5,0,0,0,0.0,0
0.1404,42,0,0.8503,10076.0,11,0,0,0,0.0,0
0.098,61,0,0.4908,5284.0,5,0,0,0,0.0,0
0.7251,50,0,0.5411,,10,0,0,0,1.0,0
0.06,29,0,0.0506,8385.0,6,0,1,0,0.0,1
0.114,46,0,0.5986,7445.0,13,0,0,0,0.0,0
0.1888,69,0,0.5302,5888.0,8,0,1,0,1.0,0
0.7962,54,0,0.5065,3745.0,11,0,0,0,2.0,0
0.445,27,0,0.524,,8,0,3,0,0.0,1
0.2899,43,0,0.3717,5385.0,7,0,2,0,0.0,0
0.165,46,0,0.5545,,8,0,1,0,2.0,0
0.3265,37,0,0.8713,5921.0,4,0,1,0,2.0,0
1.0188,32,0,0.3108,,4,0,0,0,1.0,0
0.1884,24,0,0.0948,3445.0,11,0,1,0,1.0,0
0.5573,50,0,0.1325,7415.0,7,0,0,0,0.0,0
0.0368,57,0,0.3286,5743.0,12,0,0,0,3.0,0
0.0323,21,0,0.8283,1948.0,13,0,3,0,0.0,0
0.4789,79,0,0.5686,,7,0,0,0,0.0,0
0.5718,37,0,0.0642,8386.0,10,0,1,0,1.0,0
2.8538,57,0,0.4584,4748.0,9,0,1,0,0.0,0
0.5289,59,0,0.3043,14806.0,8,0,1,0,1.0,0
1.4525,32,0,0.8476,14963.0,3,0,2,0,0.0,0
0.1136,48,0,0.2278,9918.0,4,0,1,0,0.0,0
0.8583,65,0,0.796,7638.0,4,0,1,0,,0
0.623,36,0,0.5737,4727.0,9,0,0,0,2.0,0
0.1822,70,0,0.8463,7345.0,8,0,0,0,1.0,0
0.9141,21,0,0.6975,2397.0,9,0,1,0,0.0,1
0.6512,52,0,0.6275,4420.0,9,0,0,0,0.0,0
0.1158,60,0,0.5941,2977.0,9,0,1,0,1.0,0
0.3217,45,0,0.1315,8211.0,10,0,3,0,2.0,0
0.1586,63,0,0.1769,18871.0,4,0,1,0,0.0,0
0.2267,43,0,0.8088,6786.0,8,0,2,0,0.0,0
0.3951,53,0,0.5088,9912.0,7,0,1,0,3.0,0
0.6526,64,0,0.7907,7280.0,6,0,2,0,0.0,0
1.0369,34,0,0.4852,5843.0,5,0,1,0,1.0,0
0.353,59,0,0.8588,2494.0,10,0,1,0,1.0,0
0.0755,44,0,0.4458,,4,0,0,0,0.0,0
0.1949,61,0,0.4967,3276.0,11,0,1,0,0.0,0
0.1614,39,0,0.8058,,8,0,1,0,0.0,0
0.1844,66,0,0.8114,5087.0,9,0,0,0,1.0,0
0.2405,21,0,0.5334,1749.0,8,0,1,0,1.0,0
0.176,37,0,0.3699,,7,0,1,0,2.0,0
0.2239,80,0,0.1981,4242.0,11,0,1,0,0.0,0
0.2421,60,0,0.4862,3031.0,13,0,1,0,2.0,0
0.7986,38,0,0.2801,,9,0,1,0,0.0,0
0.2972,37,0,0.1199,2442.0,10,0,0,0,1.0,0
0.4068,45,0,0.4278,15437.0,12,0,2,0,1.0,0
0.0196,50,0,0.4013,14730.0,7,0,0,0,0.0,0
0.1405,48,0,0.3206,,8,0,1,0,1.0,0
0.5175,69,0,0.358,6796.0,5,0,1,0,0.0,1
0.4435,81,0,0.7736,,9,0,1,0,0.0,1
5.3653,50,0,0.9247,5284.0,7,0,0,0,0.0,0
0.0114,56,0,0.5955,14885.0,7,0,2,0,1.0,0
0.2261,47,0,0.4081,1764.0,8,0,0,0,1.0,0
0.4054,38,0,0.5621,,6,0,0,0,0.0,0
0.6763,62,0,0.4076,1785.0,9,0,0,0,0.0,0
0.2749,53,0,0.8187,6680.0,4,0,2,0,4.0,0
0.1126,69,0,0.1532,10146.0,5,0,1,0,1.0,0
0.1008,42,0,0.2782,4741.0,6,0,0,0,0.0,0
0.4007,51,0,0.976,3990.0,6,0,1,0,3.0,0
0.3552,31,0,0.0889,,5,0,0,0,0.0,0
1.5786,52,0,0.2632,4770.0,6,0,2,0,0.0,0
1.2992,56,1,0.5454,7954.0,10,0,0,2,0.0,0
0.9819,43,1,0.4276,,9,0,0,0,,0
0.5098,53,0,0.8889,3394.0,9,0,2,0,2.0,0
0.2428,56,0,0.739,7767.0,9,0,1,0,1.0,0
0.5308,27,0,0.5473,7358.0,7,0,0,0,1.0,0
0.23,34,0,0.5835,,7,0,2,0,0.0,0
0.1107,50,0,0.8254,2855.0,3,0,3,0,1.0,0
0.1559,44,0,0.461,4613.0,5,0,2,0,1.0,0
0.2255,66,0,0.6179,10169.0,7,0,0,0,2.0,0
0.065,58,0,0.3609,9811.0,11,0,1,0,0.0,0
0.9344,54,0,0.0615,,4,0,0,0,2.0,0
0.0343,61,0,0.2994,4894.0,9,0,2,0,0.0,0
0.0911,62,0,0.0512,3095.0,6,0,0,0,1.0,0
0.1292,43,0,0.3734,7064.0,7,0,0,0,1.0,0
1.2744,60,0,0.6978,9504.0,4,0,0,0,0.0,0
0.7653,76,0,0.189,15198.0,8,0,1,0,1.0,0
6.3303,63,0,0.3,28033.0,9,0,0,0,2.0,0
2.1414,47,0,0.7715,,3,0,1,0,0.0,0
0.1871,25,0,0.4218,2476.0,8,0,0,0,1.0,0
0.3737,32,0,0.7475,5064.0,8,0,2,0,0.0,0
0.2428,54,0,0.6136,13075.0,10,0,1,0,0.0,0
0.2917,40,0,0.1677,21029.0,8,0,1,0,,0
0.0483,35,0,0.991,,10,0,1,0,1.0,0
0.1423,63,0,0.501,11560.0,15,0,1,0,2.0,0
0.4124,68,0,0.2537,4237.0,2,0,1,0,0.0,0
0.7405,37,0,0.7541,1306.0,5,0,2,0,1.0,0
0.115,73,1,0.3502,1435.0,12,0,2,0,0.0,0
3.0758,44,0,0.0265,3563.0,7,0,0,0,0.0,0
0.3182,55,0,0.4846,2282.0,2,0,0,0,0.0,0
0.3538,28,0,0.3311,1308.0,7,0,0,0,2.0,0
0.3685,64,0,0.2767,13509.0,8,0,2,0,0.0,0
0.2085,30,0,0.5548,4567.0,6,0,1,0,1.0,0
0.9742,30,0,0.2063,,7,0,0,0,0.0,0
0.5398,54,0,0.3421,8504.0,8,0,1,0,1.0,0
1.0051,30,0,0.323,8457.0,4,0,0,0,1.0,0
0.6126,50,0,0.1746,9435.0,9,0,0,0,1.0,1
0.5207,33,0,0.9034,1069.0,11,0,1,0,0.0,0
0.2932,65,0,0.3401,,8,0,3,0,0.0,0
1.93,63,0,1.0198,4902.0,7,0,1,0,2.0,1
1.3246,40,0,0.7061,8968.0,10,0,4,0,1.0,0
0.324,61,0,0.6743,9008.0,6,0,1,0,0.0,0
0.1083,41,0,0.9542,5939.0,4,0,3,0,1.0,0
4.0488,63,0,0.2408,2496.0,9,0,0,0,1.0,0
0.2597,54,0,0.1254,6991.0,9,0,1,0,1.0,0
0.5988,69,0,0.2285,5409.0,11,0,2,0,0.0,0
0.5222,43,0,0.8078,5694.0,7,0,1,0,0.0,0
0.1285,51,0,1.1553,7292.0,8,0,0,0,1.0,0
5.318,58,0,0.0798,3408.0,7,0,1,0,0.0,0
0.7951,74,0,0.207,5098.0,8,0,1,0,,0
0.9361,53,0,0.48,6501.0,4,0,0,0,1.0,0
0.5694,38,0,0.4956,4866.0,18,0,2,0,,0
4.5839,27,0,0.2292,5964.0,14,0,1,0,1.0,0
0.1581,48,0,0.1927,12313.0,11,0,2,0,0.0,0
0.4074,52,0,0.6853,,8,0,1,0,0.0,0
0.6273,22,0,0.339,6536.0,12,0,0,0,0.0,0
3.8694,52,0,0.3798,9035.0,6,0,1,0,1.0,0
0.2636,63,0,0.2422,6422.0,12,0,1,0,1.0,0
0.0487,32,0,0.4132,3130.0,6,0,1,0,1.0,0
2.0367,42,0,0.3908,4021.0,7,0,0,0,2.0,0
0.1684,21,0,0.6862,5089.0,6,0,1,0,1.0,0
0.4292,45,0,0.6328,3050.0,7,0,2,0,1.0,0
0.4495,42,0,0.6131,8017.0,9,0,1,0,,0
0.4414,64,0,0.3588,7198.0,9,0,0,0,0.0,0
0.4088,50,0,0.5144,3520.0,9,0,2,0,1.0,0
0.0547,59,0,0.8322,,10,0,1,0,2.0,0
0.4729,63,0,0.2654,,11,0,1,0,0.0,0
0.0933,83,0,0.6399,2386.0,5,0,2,0,1.0,0
0.354,54,0,0.2997,9894.0,3,0,1,0,0.0,0
2.7529,38,0,0.3336,,12,0,3,0,0.0,1
0.3985,39,0,0.3172,3470.0,7,0,0,0,1.0,0
0.2911,57,0,0.6675,6968.0,6,0,1,0,0.0,0
1.0768,59,0,0.678,9199.0,15,0,0,0,0.0,0
0.0876,56,0,1.1717,2738.0,5,0,3,0,2.0,0
0.2621,42,0,0.2611,6986.0,9,0,0,0,2.0,0
0.4187,72,0,0.454,12793.0,3,0,3,0,0.0,0
0.1456,51,0,0.2468,,6,0,1,0,1.0,0
0.734,39,0,0.8535,4260.0,13,0,0,0,2.0,0
0.1347,70,1,0.0481,6391.0,9,1,1,0,0.0,0
1.9014,78,0,0.7535,,5,0,1,0,1.0,1
0.3901,75,0,0.6462,9656.0,14,0,2,0,1.0,0
1.2647,34,0,0.2731,4998.0,6,0,2,0,1.0,0
0.0716,77,0,0.0925,8202.0,9,0,1,0,1.0,0
0.2651,45,0,0.0351,2253.0,12,0,0,0,0.0,0
0.0594,42,0,0.5116,,14,0,0,0,2.0,0
0.5686,57,0,0.1953,7934.0,12,0,0,0,2.0,0
11.6687,48,0,0.3358,5637.0,8,0,1,0,2.0,0
0.0793,44,0,0.4647,2026.0,6,0,1,0,0.0,0
0.6074,46,0,0.3987,2758.0,9,0,1,0,0.0,0
0.0292,54,0,0.0995,20353.0,6,0,1,0,2.0,0
0.4392,46,0,0.2335,16393.0,6,0,0,0,0.0,0
0.0033,62,0,0.4464,,6,0,2,0,1.0,0
2.1206,49,3,0.7541,14795.0,8,0,1,0,1.0,0
0.3608,40,0,0.209,11116.0,8,0,0,0,0.0,0
0.4855,35,0,0.2141,5944.0,10,0,0,0,0.0,0
0.7139,58,0,0.194,7939.0,9,0,1,0,1.0,0
4.8134,54,0,0.4201,16398.0,7,0,0,0,1.0,0
0.5435,58,0,0.5254,4277.0,9,0,0,0,1.0,0
0.2844,53,0,0.2009,7834.0,11,0,2,0,0.0,0
0.3979,58,0,0.4788,11804.0,12,0,0,0,0.0,0
0.977,42,0,0.3317,4458.0,12,0,1,0,0.0,0
0.0653,49,0,0.892,,4,0,1,0,0.0,0
1.5965,75,0,0.1164,3800.0,11,0,0,0,1.0,0
0.4379,56,0,0.4601,1887.0,8,0,0,0,1.0,0
0.5681,67,0,0.5202,,5,0,1,0,1.0,1
0.6366,34,0,0.112,9712.0,8,0,2,0,0.0,0
1.738,45,0,0.8688,6941.0,14,0,0,0,2.0,0
0.5224,41,1,0.4266,3081.0,11,0,2,0,1.0,0
0.7042,35,0,0.2465,5844.0,9,0,1,0,1.0,0
0.2387,51,0,0.3856,8401.0,8,0,1,0,,0
0.2475,45,0,0.7825,2490.0,12,0,0,0,1.0,0
0.3545,49,0,0.7146,,9,0,2,0,1.0,0
0.7452,53,0,0.309,5115.0,14,0,0,0,0.0,0
0.7871,46,0,0.8384,5688.0,8,0,1,0,0.0,0
0.0845,58,0,0.2233,,12,0,1,0,0.0,0
0.0779,65,0,0.7592,3578.0,11,0,2,0,1.0,0
1.5653,26,0,0.639,3657.0,11,0,0,0,1.0,1
1.806,46,0,0.1571,,12,0,1,0,1.0,0
5.4479,63,0,0.3745,10827.0,13,0,2,0,1.0,0
6.1722,42,0,0.6339,12207.0,7,0,0,0,1.0,0
0.0695,74,2,0.1313,7326.0,10,1,1,0,1.0,1
0.6927,75,0,0.383,3294.0,9,0,0,0,1.0,0
0.3794,38,0,0.6425,12216.0,7,0,2,0,0.0,0
0.3048,46,0,0.5758,5186.0,8,0,1,0,2.0,0
0.0516,57,0,0.3127,1492.0,6,0,2,0,0.0,0
1.5908,74,0,0.1793,,7,1,3,0,2.0,0
0.3127,59,5,0.2,,8,0,1,1,0.0,0
0.8633,56,0,0.4424,,5,0,0,0,0.0,0
0.5152,55,0,0.619,11276.0,8,0,0,0,2.0,0
0.6447,58,0,0.5797,11318.0,10,0,1,0,1.0,0
0.3487,52,0,0.1186,22372.0,8,0,0,0,1.0,0
0.4994,52,0,0.3607,2217.0,10,0,1,0,0.0,0
0.1213,50,0,0.2623,,11,0,1,0,0.0,0
0.1165,51,0,0.4848,5626.0,12,0,0,0,1.0,0
1.7909,49,0,0.7143,,12,0,0,0,2.0,0
0.6343,72,0,0.2588,11429.0,6,0,1,0,1.0,0
0.3979,62,0,0.5852,4479.0,7,0,1,0,1.0,0
0.8262,52,0,0.6835,9023.0,2,0,0,0,1.0,0
0.3945,79,0,0.0908,11354.0,4,0,0,0,2.0,0
0.6088,26,0,0.7327,9064.0,9,0,2,0,0.0,0
0.4123,47,0,0.4981,5906.0,6,0,0,0,0.0,0
2.2702,53,0,0.4697,3350.0,8,0,0,0,0.0,0
0.0815,51,0,0.1703,6448.0,4,0,1,0,0.0,0
1.1994,60,0,0.4126,5861.0,14,0,1,0,0.0,0
0.1989,61,0,0.8432,2843.0,3,0,2,0,2.0,0
0.7066,57,1,0.3034,10920.0,7,0,1,0,0.0,0
0.1891,36,0,0.9302,12006.0,9,0,0,0,0.0,0
0.1669,65,0,0.342,6032.0,1,0,3,0,0.0,0
0.0975,44,0,0.2067,5314.0,11,0,0,0,0.0,0
0.6988,52,0,0.1755,4825.0,2,0,0,0,1.0,0
0.4843,58,0,0.4809,4296.0,15,0,1,1,2.0,0
0.1457,21,0,0.2878,9008.0,11,0,2,0,1.0,0
0.3274,48,1,0.5622,6569.0,9,0,0,0,2.0,0
1.332,23,0,0.195,2024.0,9,0,0,0,3.0,0
0.4409,50,0,0.9245,4506.0,12,0,1,0,0.0,0
1.0052,24,0,0.4174,1832.0,11,0,3,0,1.0,0
0.1476,68,0,0.0642,5363.0,9,0,0,0,0.0,0
0.5669,44,0,0.4214,4302.0,6,0,1,0,0.0,1
3.3041,42,0,0.5206,11679.0,5,0,3,0,0.0,0
0.2766,82,0,0.1026,,9,0,1,0,2.0,0
0.0926,49,0,0.5184,5359.0,10,0,1,0,1.0,0
0.9207,63,1,0.1048,5566.0,5,0,1,0,,0
0.1813,36,0,0.2685,4898.0,6,0,1,0,1.0,0
2.3087,37,0,0.3542,4450.0,8,0,0,0,0.0,0
0.3333,50,0,0.1937,14060.0,9,0,0,0,2.0,0
0.8254,42,0,0.6671,6492.0,11,0,2,0,0.0,0
0.3809,43,0,0.5343,989.0,10,0,1,0,1.0,0
0.4726,49,0,0.1679,3763.0,7,0,1,0,0.0,0
0.2495,41,0,0.5578,7634.0,14,0,1,0,1.0,0
0.332,29,0,0.5837,7981.0,10,0,0,0,0.0,0
4.378,57,1,0.8812,,8,0,3,0,0.0,0
0.3038,50,0,0.2447,,7,0,2,0,0.0,0
0.0473,43,2,0.3055,3971.0,5,0,0,0,1.0,0
2.8769,75,0,0.3694,23154.0,7,0,1,0,0.0,0
0.4044,61,0,0.7547,4525.0,12,0,2,0,1.0,0
0.1179,45,0,0.8825,,5,0,4,0,1.0,0
0.8098,47,0,0.6748,,11,0,0,0,0.0,1
0.3722,21,0,0.4236,4110.0,7,0,0,0,0.0,0
0.114,38,0,0.995,8109.0,6,0,2,0,0.0,0
0.3849,55,0,0.4309,2777.0,8,0,0,0,0.0,0
5.0191,72,0,0.7364,7021.0,7,0,3,0,0.0,0
0.5847,41,0,0.7631,4997.0,7,0,0,0,0.0,0
0.1258,46,0,0.9768,6372.0,4,0,1,0,2.0,0
0.2939,52,0,0.635,14910.0,5,0,1,0,0.0,0
0.0472,55,0,0.8091,5499.0,9,0,0,0,3.0,0
0.4335,36,0,0.4902,,7,0,1,0,1.0,0
5.3957,34,0,0.7473,,6,0,2,0,0.0,0
0.2564,87,0,0.3628,7033.0,7,0,1,0,0.0,0
0.0889,29,0,0.3838,3897.0,6,0,1,0,1.0,0
3.465,70,4,0.0562,4447.0,6,1,1,0,1.0,0
0.0873,57,0,0.099,12978.0,8,0,1,0,1.0,0
3.1052,50,0,0.3964,3076.0,8,0,1,0,1.0,0
0.4797,55,0,1.0123,2519.0,9,0,0,0,0.0,0
0.455,76,0,0.1856,4745.0,4,0,1,0,1.0,0
0.4174,53,0,0.9709,3033.0,3,0,1,0,1.0,0
0.1264,59,0,0.4256,11690.0,14,0,0,0,1.0,0
0.1368,75,0,0.1645,,8,0,1,0,0.0,0
0.5022,65,0,0.4935,4401.0,10,0,1,0,1.0,0
0.598,28,0,0.2523,4866.0,5,0,1,0,0.0,0
0.4292,28,0,0.8339,8132.0,3,0,1,0,1.0,0
1.2947,55,1,0.9583,9761.0,2,0,1,0,1.0,0
0.8975,40,1,0.7641,3391.0,8,0,0,0,0.0,0
3.3359,54,4,0.5703,6461.0,12,0,0,2,2.0,0
1.2335,57,0,0.1552,,6,0,3,0,1.0,0
0.5562,76,0,0.7277,,11,0,1,0,0.0,1
3.5702,47,0,0.1394,6286.0,12,0,0,0,1.0,0
11.8458,49,0,0.0585,2971.0,6,0,1,0,1.0,0
1.8012,36,0,0.631,4154.0,13,0,1,0,0.0,0
0.1512,50,0,0.3089,7742.0,4,0,0,0,1.0,0
0.1279,36,0,0.7823,9884.0,5,0,2,0,1.0,0
0.5303,59,0,0.9026,4124.0,6,0,2,0,0.0,0
0.2835,46,0,0.3604,1649.0,7,0,1,0,2.0,0
6.2176,47,0,0.7033,,9,0,1,0,1.0,0
0.5412,63,0,0.2313,5709.0,5,0,1,0,2.0,0
0.6954,52,0,0.5846,1871.0,6,0,1,0,0.0,0
0.0195,63,0,0.8375,3618.0,7,0,1,0,0.0,0
0.8614,42,0,0.807,6854.0,14,0,1,0,1.0,0
0.3972,63,0,1.1786,2814.0,11,0,0,0,0.0,0
0.096,37,0,0.6114,,11,0,4,0,0.0,0
0.2246,64,0,1.0132,,4,0,0,0,3.0,0
0.2694,42,0,0.5164,5579.0,13,0,0,0,3.0,0
3.0828,36,0,0.2742,5822.0,4,0,0,0,1.0,0
0.1491,54,0,0.6074,16615.0,5,0,0,0,0.0,0
0.0493,74,0,0.3975,2002.0,8,0,1,0,2.0,0
0.1196,52,0,0.4433,5842.0,4,0,0,0,1.0,0
3.0109,52,0,0.224,4042.0,8,0,1,0,1.0,0
0.8292,33,0,0.7056,10120.0,6,0,0,0,0.0,0
3.1656,88,2,0.5303,3365.0,5,0,1,0,1.0,1
0.0837,35,0,0.5132,7796.0,8,0,1,0,0.0,0
0.0929,56,0,0.161,7646.0,7,0,2,0,1.0,0
0.3613,56,3,0.4631,4586.0,8,0,2,0,0.0,0
0.5818,50,0,0.2892,5933.0,7,0,0,0,0.0,0
0.7602,59,0,0.1796,1782.0,9,0,1,0,1.0,0
0.1521,63,0,0.2466,,6,0,0,0,0.0,0
3.5051,26,2,0.04,2044.0,4,0,0,3,0.0,0
0.3871,75,0,0.5661,3634.0,7,0,0,0,1.0,0
0.7205,41,0,0.4269,9530.0,7,0,0,0,1.0,0
0.1315,46,0,0.3397,,5,0,1,0,0.0,0
0.4631,41,0,0.342,2309.0,13,0,0,0,1.0,0
0.0287,36,0,0.0529,2509.0,6,0,0,0,0.0,0
0.095,70,0,1.1081,3432.0,14,0,0,0,1.0,0
0.0199,48,0,0.1097,23504.0,7,0,2,0,1.0,0
3.2329,64,0,0.355,,6,0,0,0,0.0,0
0.3091,64,0,0.5239,2974.0,12,0,3,0,1.0,0
0.5297,73,0,0.6021,6241.0,4,0,1,0,2.0,0
0.3689,34,0,0.432,7851.0,4,0,3,0,0.0,0
0.4902,44,0,0.6997,,6,0,2,0,1.0,0
0.724,58,0,0.4219,3431.0,10,0,0,0,0.0,0
0.4432,66,0,0.6274,5121.0,7,0,3,0,1.0,0
0.2792,39,0,0.6089,6150.0,8,0,0,0,0.0,0
3.9154,36,5,1.1595,4069.0,7,0,1,0,2.0,0
1.1837,61,0,0.1656,6513.0,6,0,0,0,2.0,0
0.1199,53,0,0.9243,2130.0,17,0,2,0,2.0,0
0.4258,42,0,0.4586,4853.0,10,0,1,0,1.0,0
0.8089,32,0,0.0855,20176.0,8,0,2,0,,0
2.0667,37,0,0.4659,14184.0,10,0,0,0,2.0,0
0.0147,60,0,0.3495,8875.0,4,0,0,0,0.0,0
0.4888,67,0,0.1722,2515.0,3,0,2,0,0.0,0
4.7577,67,1,0.7259,1683.0,7,0,1,1,1.0,0
0.6814,38,0,0.2143,,5,0,2,0,,0
0.3375,67,0,0.4116,3245.0,8,0,1,0,1.0,0
0.2893,70,0,0.3963,5133.0,10,0,0,0,0.0,0
0.843,57,0,0.1183,2600.0,7,0,1,0,0.0,0
0.4313,54,0,0.8268,10303.0,11,0,1,0,0.0,0
1.9865,60,0,0.5218,6365.0,14,0,0,0,0.0,0
0.3969,30,0,1.0524,,4,0,1,0,0.0,0
0.9412,27,0,0.3654,,7,0,3,0,1.0,0
0.6663,51,0,0.4658,,8,0,0,0,0.0,0
0.568,50,0,0.7494,,9,0,2,0,0.0,0
0.2185,21,0,0.1651,5559.0,4,0,0,0,1.0,0
0.5519,55,0,0.7436,7922.0,9,0,2,0,0.0,0
0.0056,65,0,0.3942,6688.0,5,0,1,0,1.0,0
0.6549,71,0,0.305,14468.0,14,0,2,0,1.0,0
0.4298,57,0,0.3124,8409.0,7,0,0,0,1.0,0
0.1205,45,0,0.1155,,7,0,2,0,1.0,0
0.1263,69,0,0.539,,4,0,1,0,1.0,0
4.2335,69,0,0.5806,14374.0,8,0,1,0,0.0,0
0.3005,55,0,0.3758,1248.0,9,0,1,0,0.0,0
0.9143,62,0,0.7982,6157.0,8,0,0,0,0.0,0
0.1814,62,0,0.8284,9140.0,8,0,0,0,0.0,0
4.1707,81,0,0.39,2765.0,11,0,2,0,0.0,0
1.1385,21,0,0.4218,1118.0,6,1,0,1,0.0,0
0.1205,64,0,0.4383,5395.0,8,0,1,0,2.0,0
0.4389,49,0,0.8604,6397.0,7,0,2,0,0.0,0
0.1622,53,0,0.2716,2843.0,8,0,0,0,0.0,0
0.6987,63,0,0.2262,5935.0,9,0,0,0,1.0,0
0.6792,52,1,0.268,2231.0,4,0,1,1,2.0,0
0.5216,56,0,0.6622,2573.0,6,0,1,0,0.0,0
2.7514,49,0,0.3809,10910.0,6,0,1,0,1.0,0
0.1669,59,0,0.9285,,5,0,0,0,0.0,0
0.0033,58,0,0.3024,8406.0,8,0,2,0,1.0,0
0.2818,39,0,0.5951,,7,0,0,0,1.0,0
0.8552,59,0,0.2615,4062.0,2,0,2,0,0.0,0
7.7853,62,0,0.502,,2,0,1,0,0.0,0
0.2398,56,0,0.4735,9339.0,14,0,0,0,1.0,0
0.3177,69,0,0.8358,,9,0,3,0,0.0,0
0.7428,50,0,0.9173,2591.0,7,0,2,0,0.0,0
7.3581,38,0,0.5076,5592.0,8,0,0,0,0.0,0
0.521,54,0,0.4699,7111.0,14,0,1,0,0.0,0
0.0902,51,0,0.3298,2950.0,7,0,4,0,1.0,0
0.1722,32,0,0.5787,3595.0,7,0,1,0,0.0,0
4.2868,62,0,0.6274,,11,0,0,0,2.0,0
0.8455,80,0,0.1521,,9,0,3,0,2.0,0
0.6312,51,0,0.1774,10557.0,12,0,0,0,1.0,0
0.5815,43,0,0.6074,,9,0,0,0,1.0,0
0.9931,23,0,0.1712,6198.0,10,0,0,0,0.0,0
0.1285,57,0,0.5561,,7,0,1,0,1.0,0
0.0475,65,1,0.8465,4361.0,9,0,0,0,0.0,0
0.6836,47,0,0.2799,2008.0,4,0,1,0,0.0,0
0.9106,50,1,0.3624,3661.0,6,0,2,0,0.0,0
0.0121,28,0,0.6364,4219.0,4,0,1,0,2.0,0
0.2036,56,0,0.4807,5392.0,8,0,1,0,2.0,0
0.5414,36,0,0.3511,3864.0,11,0,2,0,1.0,0
0.3739,60,0,0.6523,2626.0,8,0,1,0,0.0,0
0.0163,54,0,0.4969,19300.0,11,0,1,0,1.0,0
0.2176,49,0,1.0609,5415.0,14,0,1,0,1.0,0
0.2481,68,0,0.0548,11279.0,14,0,0,0,0.0,0
0.5648,36,2,0.5419,5657.0,13,1,1,2,0.0,0
0.077,77,0,0.6876,8098.0,12,0,1,0,0.0,0
1.562,59,0,0.5149,10000.0,3,0,2,0,1.0,0
0.2273,52,1,0.5651,12844.0,4,0,1,1,0.0,0
0.4663,44,0,0.0273,9045.0,6,0,1,0,0.0,0
0.1129,65,0,0.2459,3810.0,4,0,1,0,2.0,0
0.4835,45,0,0.6791,11992.0,12,0,1,0,3.0,0
0.0478,69,0,0.8948,,9,0,2,0,1.0,0
0.095,71,0,0.6542,3583.0,10,0,1,0,1.0,0
0.1551,40,0,0.2427,3273.0,9,0,0,0,2.0,0
0.3376,59,0,0.9665,4876.0,9,0,1,0,1.0,0
0.2433,31,0,0.1146,4686.0,6,0,3,0,0.0,0
0.2396,67,0,0.1255,3894.0,9,0,0,0,2.0,0
0.2955,58,0,0.4405,3345.0,9,0,0,0,0.0,0
0.074,50,0,0.1181,5877.0,5,0,1,0,1.0,0
0.169,25,0,0.8727,6280.0,9,0,3,0,0.0,0
0.1299,61,0,0.299,11471.0,12,0,0,0,1.0,0
1.1691,52,0,0.6931,11808.0,7,0,2,0,0.0,0
0.7467,37,0,0.9053,2098.0,13,0,2,0,0.0,1
0.427,56,0,0.6829,,10,0,1,0,1.0,1
0.1841,72,0,0.2921,7286.0,7,0,0,0,3.0,0
0.1664,74,0,0.5069,4094.0,9,0,0,0,0.0,0
0.4686,49,0,0.7446,11637.0,6,0,0,0,0.0,0
0.0,35,1,0.2238,5072.0,10,0,0,1,0.0,0
0.0105,66,0,0.6138,,9,0,0,0,1.0,0
0.1669,33,0,0.3369,4172.0,8,0,0,0,0.0,0
0.5926,39,0,0.6048,8772.0,6,0,0,0,1.0,0
0.3712,62,0,0.6481,,8,0,1,0,1.0,0
0.3025,69,0,0.8241,3877.0,10,0,1,0,0.0,0
0.6223,61,0,0.4639,4211.0,10,0,1,0,1.0,0
0.1033,49,0,0.2059,5078.0,5,0,2,0,4.0,0
0.3744,61,0,0.3449,7512.0,9,0,1,0,0.0,0
0.3514,68,0,0.2588,4343.0,9,0,0,0,0.0,0
0.4594,59,0,0.7995,,8,0,1,0,0.0,0
0.2251,23,0,0.492,6712.0,6,0,1,0,2.0,0
0.4609,44,0,0.4851,3153.0,4,0,1,0,,0
1.0077,66,0,0.5093,6618.0,8,0,2,0,4.0,0
0.6926,43,0,0.207,11215.0,11,0,1,0,1.0,0
4.6159,65,1,0.5211,21425.0,10,1,0,0,,0
0.0755,58,0,0.5168,5054.0,5,0,2,0,3.0,0
0.1058,57,0,0.3984,,9,0,2,0,2.0,0
0.237,69,0,0.0741,7990.0,8,0,2,0,,0
0.0909,49,0,0.3586,4184.0,8,0,3,0,0.0,0
0.7099,63,0,0.4338,6153.0,8,0,2,0,0.0,0
0.5315,50,0,0.377,4857.0,5,0,0,0,1.0,0
0.4993,58,1,0.3788,3672.0,5,3,1,0,,0
1.2705,65,0,0.3132,14978.0,7,0,0,0,1.0,0
0.0914,40,0,0.4158,,6,0,1,0,1.0,0
0.4879,55,0,0.243,6694.0,5,0,0,0,0.0,0
0.1016,37,0,0.0694,,11,0,1,0,0.0,0
2.2849,47,0,1.3721,6511.0,11,0,1,0,0.0,0
0.1244,46,0,0.6206,13564.0,9,0,0,0,2.0,0
0.232,43,0,0.639,3326.0,9,0,1,0,0.0,0
0.7688,65,0,0.6145,15580.0,9,0,4,0,1.0,0
0.4491,52,0,0.8986,14062.0,7,0,0,0,0.0,0
0.8974,88,0,0.3302,4877.0,4,0,1,0,1.0,0
0.6781,53,0,0.6563,5427.0,11,0,0,0,2.0,0
0.1709,44,0,0.3355,6547.0,14,0,0,0,0.0,0
0.1928,64,0,0.189,10018.0,7,0,3,0,0.0,0
0.4917,59,0,0.3935,5840.0,10,0,1,0,0.0,0
0.001,66,0,0.6173,,10,0,0,0,1.0,0
6.3608,46,0,0.4569,,7,0,2,0,2.0,0
0.5655,47,0,0.3045,5844.0,7,0,2,0,4.0,0
0.1269,56,0,0.1335,7897.0,8,0,1,0,1.0,0
1.8249,50,0,0.6027,5615.0,8,0,3,0,0.0,0
0.0512,69,0,0.1872,,7,0,2,0,1.0,0
4.0688,36,0,0.4459,4092.0,10,0,1,0,2.0,0
0.5006,65,0,0.1293,,8,0,1,0,1.0,0
0.5176,81,0,0.63,13762.0,3,0,1,0,0.0,0
0.0661,65,0,0.4013,4923.0,13,0,2,0,3.0,0
0.2733,66,0,0.4331,,9,0,0,0,0.0,0
1.6611,53,0,0.4212,3389.0,8,0,0,0,0.0,0
0.5539,37,0,1.196,5399.0,5,0,2,0,2.0,0
0.0103,23,0,0.7862,7440.0,9,0,2,0,1.0,0
0.0233,59,0,0.6389,4413.0,8,0,1,0,,0
0.5482,51,0,0.3351,5111.0,7,0,0,0,2.0,0
0.1155,35,0,0.2747,7478.0,8,0,1,0,0.0,0
0.0825,76,0,0.2874,,9,0,2,0,0.0,0
0.5477,46,0,0.5719,7293.0,3,0,4,0,0.0,0
0.6453,54,0,0.6211,8185.0,6,0,1,0,0.0,0
0.4776,55,0,0.3414,,8,0,1,0,0.0,0
0.1462,63,0,0.3765,7045.0,7,0,1,0,0.0,0
0.2409,59,0,0.5971,6116.0,3,0,2,0,0.0,0
0.3005,39,0,0.0593,15864.0,13,0,0,0,1.0,0
2.8568,32,0,0.3067,,13,0,1,0,1.0,0
0.1999,51,0,0.3708,6936.0,5,0,0,0,1.0,0
0.481,47,0,0.2316,,9,0,1,0,1.0,0
0.2037,63,0,0.4463,6950.0,7,0,1,0,1.0,0
0.2197,42,2,0.5577,2155.0,6,0,2,1,0.0,0
0.6142,56,0,0.4546,4639.0,12,0,1,0,1.0,0
1.9175,66,0,0.4907,4555.0,11,0,1,0,0.0,0
0.0825,32,0,0.7151,13301.0,10,0,0,0,3.0,0
0.7393,58,0,0.7417,,10,0,0,0,1.0,0
0.3152,54,0,0.3218,8056.0,9,0,0,0,1.0,0
0.378,45,0,0.3028,6139.0,11,0,1,0,1.0,0
0.4946,29,0,0.9067,,4,0,1,0,2.0,1
0.4911,21,0,0.6715,4163.0,10,0,2,0,0.0,0
3.2505,47,0,0.0354,4178.0,4,0,0,0,2.0,0
0.4581,55,0,0.8051,4217.0,7,0,1,0,1.0,1
0.8475,58,0,0.2857,4519.0,18,0,2,0,0.0,0
0.8255,44,0,0.6825,13948.0,1,0,0,0,0.0,0
0.6048,69,0,0.6018,6884.0,8,0,1,0,0.0,0
0.126,67,0,0.6382,13389.0,8,0,2,0,0.0,0
3.4771,46,0,0.6012,2614.0,3,0,2,0,0.0,0
0.3564,49,0,0.5669,,9,0,1,0,0.0,0
0.2981,50,0,0.6208,2379.0,8,0,1,0,0.0,0
0.1239,54,0,0.5435,,4,0,2,0,0.0,0
0.7648,58,1,0.2538,2566.0,11,0,1,0,0.0,0
0.5956,75,0,0.5957,3536.0,6,0,1,0,0.0,0
0.3745,38,0,1.2656,4827.0,4,0,0,0,1.0,0
0.058,47,0,0.3504,6626.0,7,0,0,0,0.0,0
0.0637,55,0,0.3235,6209.0,8,0,0,0,0.0,0
0.5148,40,0,0.1683,12798.0,8,0,1,0,0.0,0
0.0683,45,0,0.2761,19183.0,6,0,0,0,0.0,0
0.1825,78,0,0.4215,1836.0,8,0,2,0,0.0,0
0.5408,68,0,0.5852,,11,0,2,0,1.0,0
0.6098,58,0,0.8206,5349.0,3,0,1,0,0.0,0
0.2727,50,0,0.4322,9055.0,7,0,2,0,0.0,0
0.0258,40,0,0.2375,,6,0,0,0,1.0,0
0.6779,63,0,0.4188,4098.0,9,0,1,0,1.0,0
0.6574,64,0,0.6941,10109.0,5,0,0,0,0.0,0
0.1706,42,0,0.7897,4173.0,8,0,0,0,1.0,0
2.2698,60,0,0.4903,6350.0,8,0,2,0,0.0,0
0.5692,31,0,0.6214,4988.0,5,0,0,0,3.0,0
0.1694,65,2,0.2527,6863.0,5,0,3,1,2.0,0
0.2377,37,0,0.8376,4741.0,13,0,2,0,0.0,0
0.6233,65,0,0.9787,5306.0,11,0,1,0,0.0,0
0.3364,65,0,0.1174,2934.0,11,0,0,0,4.0,0
0.295,77,0,0.6412,,10,0,0,0,3.0,0
0.5133,63,0,0.4128,,5,0,1,0,0.0,0
0.3882,79,0,0.5283,3716.0,9,0,0,0,1.0,0
0.2985,40,0,0.2256,5963.0,6,0,0,0,2.0,0
0.5899,36,0,0.1244,8325.0,9,0,0,0,1.0,0
0.0566,54,0,0.5538,3102.0,5,0,0,0,0.0,0
0.5981,32,0,0.2528,2119.0,9,0,0,0,0.0,0
5.0216,89,0,0.5502,7348.0,8,0,0,0,2.0,0
0.163,71,0,0.2322,4785.0,12,0,1,0,0.0,0
1.2588,42,0,0.2469,3873.0,7,0,1,0,2.0,0
3.558,37,0,0.4328,8626.0,9,0,0,0,1.0,0
5.2585,52,0,0.4831,6019.0,9,0,2,0,0.0,0
1.0951,52,1,0.2308,9494.0,4,0,1,0,1.0,0
0.0168,30,0,0.7446,,5,0,0,0,0.0,0
0.3904,54,0,0.5529,9301.0,11,0,0,0,0.0,0
0.4229,55,0,1.2716,,9,0,1,0,0.0,0
1.061,80,0,0.717,9981.0,10,0,0,0,0.0,0
0.0215,58,0,0.5595,3148.0,11,0,0,0,1.0,0
0.3825,67,0,0.1956,,6,0,0,0,1.0,0
0.2765,61,0,0.1583,1918.0,12,0,1,0,1.0,0
0.3506,60,0,0.5945,6496.0,11,0,1,0,1.0,0
0.6322,43,0,0.0579,4116.0,7,0,1,0,2.0,0
0.3612,37,0,0.533,5716.0,5,0,0,0,1.0,0
0.3589,57,0,0.639,10869.0,6,0,2,0,2.0,0
0.3012,46,0,0.2353,3681.0,15,0,0,0,1.0,0
2.3775,39,0,0.4524,2691.0,5,0,2,0,0.0,0
0.3429,55,1,0.3142,,9,1,1,0,0.0,0
1.9968,37,2,0.4115,2725.0,5,2,0,1,2.0,0
0.1353,73,0,0.5445,,7,0,0,0,0.0,0
0.7371,45,0,0.7312,4492.0,5,0,1,0,1.0,0
0.7822,21,0,0.8149,6682.0,9,0,2,0,1.0,0
0.5357,66,0,0.1029,6702.0,10,0,1,0,1.0,0
0.5231,75,0,0.9576,6730.0,3,0,0,0,2.0,0
1.6274,50,0,0.0482,9715.0,9,0,1,0,2.0,0
1.3175,52,0,0.0166,2869.0,10,0,1,0,3.0,1
0.2714,46,0,1.1039,10587.0,9,0,1,0,1.0,0
0.1194,79,0,0.6962,5804.0,8,0,1,0,0.0,0
10.0441,50,0,0.5117,,7,0,1,0,1.0,0
0.014,35,0,0.4594,,7,0,2,0,1.0,0
0.3567,43,0,0.1438,3873.0,11,0,0,0,0.0,0
0.2357,64,0,0.4503,35979.0,11,0,0,0,1.0,0
4.1225,68,0,0.4574,8254.0,6,0,3,0,0.0,0
0.1639,64,0,0.4958,4787.0,14,0,2,0,1.0,0
2.058,47,0,0.1194,5968.0,4,0,0,0,1.0,1
0.3339,57,0,1.0696,10768.0,6,0,0,0,1.0,0
0.21,34,0,0.4243,8380.0,5,0,0,0,0.0,0
2.2304,48,0,0.5706,,6,0,1,0,2.0,0
0.0709,40,0,1.0081,1768.0,3,0,0,0,1.0,0
1.2097,85,0,0.4007,,14,0,1,0,0.0,0
0.4079,44,0,0.4555,,8,0,2,0,0.0,0
6.2577,63,0,0.8348,2635.0,9,0,0,0,2.0,0
2.5019,71,0,0.865,5426.0,8,2,0,0,1.0,0
0.656,65,0,0.5413,5209.0,8,0,1,0,0.0,0
1.582,44,0,0.2951,3036.0,4,0,1,0,1.0,0
0.0478,82,0,0.5958,6795.0,11,0,2,0,0.0,0
0.2404,45,0,0.4523,2654.0,6,0,1,0,1.0,0
0.3565,49,0,0.2132,3687.0,9,0,1,0,2.0,0
0.3535,77,0,0.805,11164.0,9,0,1,0,1.0,0
0.5358,60,0,0.2496,6993.0,5,0,1,0,0.0,0
4.0857,53,0,0.4907,5675.0,15,2,1,0,0.0,0
0.9918,53,0,0.2676,,7,0,0,0,0.0,1
0.2455,27,0,0.2475,,4,0,0,0,1.0,0
0.6792,26,0,0.4234,14419.0,7,0,0,0,1.0,0
0.0032,60,0,0.4074,5029.0,11,0,1,0,0.0,0
0.1063,48,0,0.2656,4214.0,9,0,4,0,0.0,0
1.9003,40,0,0.6359,12725.0,5,0,1,0,0.0,0
0.977,59,0,0.2839,8983.0,10,0,1,0,6.0,0
1.0904,35,0,0.1594,3652.0,12,0,0,0,0.0,0
0.0882,52,0,0.9595,,8,0,0,0,0.0,0
0.555,43,0,1.0086,4716.0,5,0,0,0,0.0,0
0.3824,63,0,0.6792,2022.0,5,0,1,0,0.0,0
0.534,48,0,0.5506,3553.0,5,0,3,0,1.0,0
0.8772,66,0,0.4507,4057.0,14,0,0,0,0.0,0
0.0966,46,0,0.586,3169.0,4,0,1,0,1.0,0
0.5145,38,0,0.4347,,8,0,1,0,0.0,0
0.0921,53,0,0.6429,2670.0,10,0,1,0,2.0,0
0.6068,66,0,0.9208,3793.0,12,0,2,0,1.0,0
0.9212,37,0,0.2689,,11,0,0,0,1.0,0
0.445,37,0,1.1532,,6,0,0,0,1.0,1
0.0848,40,0,0.8943,6141.0,7,0,1,0,0.0,0
0.7695,75,0,0.7526,2115.0,8,0,1,0,0.0,1
0.6103,42,0,0.3964,6438.0,13,0,0,0,0.0,0
0.3441,69,0,0.2109,7237.0,11,0,0,0,0.0,0
0.7612,49,0,0.3168,7258.0,8,0,2,0,1.0,0
0.6343,44,0,0.4164,5033.0,10,0,2,0,0.0,0
0.2787,62,0,0.8531,5296.0,10,0,1,0,0.0,0
1.1357,51,0,0.4852,7178.0,13,0,1,0,0.0,0
0.2221,67,0,0.8406,,13,0,0,0,1.0,0
0.1892,42,0,0.7294,2751.0,10,0,1,0,0.0,0
0.4366,55,0,0.6614,3298.0,10,0,1,0,1.0,0
4.85,36,0,0.2968,9504.0,8,0,2,0,1.0,0
0.2921,30,0,0.5001,4354.0,3,0,0,0,1.0,0
0.2121,44,0,0.9433,3711.0,13,0,2,0,1.0,0
0.0964,49,0,0.1472,,11,0,0,0,1.0,0
0.1342,46,0,0.1713,14939.0,6,0,0,0,0.0,1
0.203,33,0,0.2545,3759.0,9,0,0,0,0.0,0
0.3796,48,0,0.8225,13006.0,5,0,2,0,1.0,0
0.7764,47,0,0.8218,6719.0,10,0,1,0,0.0,0
0.7274,73,0,0.5554,5657.0,8,0,0,0,0.0,0
0.2205,59,0,0.1419,10416.0,5,0,2,0,0.0,0
0.1647,27,0,0.3557,4556.0,11,0,1,0,1.0,0
0.0432,43,0,0.4318,5130.0,6,0,1,0,0.0,0
0.0359,60,0,0.4063,4303.0,12,0,5,0,0.0,0
0.6303,45,0,0.1901,5132.0,14,0,1,0,0.0,0
0.8456,41,0,0.3523,4186.0,8,0,0,0,1.0,0
0.0093,36,0,0.2707,1499.0,6,0,1,0,1.0,0
0.1449,53,1,0.752,3304.0,8,0,1,1,2.0,0
0.463,77,0,0.7572,2562.0,11,0,1,0,1.0,0
0.568,39,0,0.7818,1774.0,9,0,1,0,0.0,0
0.2219,68,0,0.2898,4644.0,4,0,0,0,0.0,0
0.0632,58,0,0.649,6304.0,15,0,1,0,0.0,0
0.4209,44,0,0.3403,5091.0,7,0,1,0,1.0,0
0.2892,59,0,0.962,7268.0,7,0,1,0,1.0,0
0.3196,30,0,0.6731,,9,0,1,0,1.0,0
0.289,61,1,0.1885,13375.0,4,0,1,0,1.0,0
0.6577,49,0,0.8143,6898.0,19,0,1,0,0.0,0
0.2003,51,0,0.8336,5503.0,6,0,1,0,1.0,0
0.4912,53,0,0.9886,1767.0,3,0,1,0,0.0,0
0.0787,65,0,0.2295,,6,0,0,0,1.0,0
0.342,40,0,0.543,,8,0,1,0,1.0,0
1.5877,21,0,0.0502,13568.0,13,0,0,0,2.0,1
0.4189,21,0,0.1888,,6,0,0,0,1.0,0
0.836,47,0,0.045,14057.0,8,0,1,0,0.0,0
0.0858,83,0,0.7783,5615.0,6,0,3,0,2.0,0
0.3969,47,0,0.2897,14943.0,6,0,2,0,0.0,0
1.8018,72,0,1.4635,2694.0,7,0,1,0,1.0,1
0.5276,42,0,0.9509,5409.0,6,0,2,0,1.0,0
0.4807,63,0,0.4543,,9,0,1,0,1.0,0
0.1045,43,0,1.396,8828.0,11,0,2,0,1.0,0
0.4015,33,0,0.6802,,9,0,0,0,2.0,0
0.2916,52,0,0.6929,5184.0,14,0,0,0,1.0,0
0.4921,55,0,0.2968,6939.0,7,0,1,0,1.0,0
0.0552,55,0,0.1818,2607.0,5,0,0,0,0.0,0
0.2191,67,0,0.1163,,7,0,1,0,0.0,0
0.2034,60,0,0.5902,,10,0,1,0,0.0,0
0.0173,70,0,0.0618,11079.0,10,0,1,0,0.0,0
0.6161,70,0,0.7816,,5,0,2,0,1.0,0
1.0526,52,0,0.8513,,13,0,0,0,0.0,0
0.6827,27,0,0.4226,10554.0,8,0,1,0,1.0,0
0.1593,46,0,0.5381,,7,0,4,0,0.0,0
0.1304,59,0,0.3402,14273.0,12,0,0,0,1.0,0
0.5993,54,0,0.8497,,6,0,2,0,3.0,1
0.699,76,0,0.6813,4297.0,12,0,3,0,0.0,0
1.3191,71,0,0.9293,,7,0,1,0,0.0,1
0.1186,61,0,1.186,11100.0,10,0,0,0,1.0,0
4.1196,56,0,0.3265,11795.0,6,0,1,0,2.0,0
0.27,48,0,1.0752,2679.0,9,0,0,0,0.0,0
0.7252,63,0,0.7532,18219.0,7,0,2,0,1.0,0
0.0898,51,0,0.5166,10872.0,10,0,2,0,0.0,0
0.2595,36,0,0.3914,2570.0,6,0,1,0,0.0,0
0.4833,68,0,0.9029,,3,0,3,0,0.0,0
0.229,25,0,1.1407,9032.0,7,0,2,0,0.0,0
0.6354,42,0,0.0962,5213.0,7,0,1,0,2.0,0
0.3411,46,0,0.5718,5042.0,8,0,3,0,1.0,0
0.1985,39,3,0.0203,6459.0,12,0,0,1,0.0,1
0.2416,39,0,0.8096,5177.0,8,0,0,0,0.0,0
0.3706,54,0,0.2874,3358.0,10,0,0,0,0.0,0
0.2338,45,0,1.1124,2778.0,6,0,1,0,1.0,0
0.5709,59,0,0.5356,18715.0,7,0,2,0,1.0,0
0.7558,53,0,0.2576,,5,0,1,0,2.0,0
0.8525,53,0,0.2746,4950.0,7,0,2,0,0.0,0
0.115,61,0,0.2487,,6,0,1,0,1.0,0
0.3844,38,0,0.1433,6052.0,11,0,0,0,3.0,0
0.0741,24,0,0.5336,6720.0,6,0,0,0,1.0,0
0.1082,62,0,0.338,8199.0,11,0,0,0,0.0,0
0.5689,49,0,0.8613,3875.0,5,0,1,0,0.0,0
0.0266,59,0,0.3872,,12,0,1,0,1.0,0
0.6138,21,0,0.3231,6032.0,8,0,2,0,0.0,0
0.1274,44,0,0.709,4790.0,4,0,2,0,0.0,0
0.5708,49,0,0.6425,,7,0,2,0,0.0,0
0.1271,54,0,0.5385,10175.0,5,0,1,0,1.0,0
0.7901,66,0,0.7369,2625.0,6,0,1,0,0.0,0
1.0782,43,0,0.6861,10651.0,11,0,0,0,0.0,0
0.6541,23,0,0.5589,4101.0,5,0,0,0,0.0,1
0.7146,39,0,0.2904,4902.0,5,0,0,0,0.0,0
0.4787,47,0,0.1599,3442.0,10,0,1,0,1.0,0
4.6246,58,0,0.3328,,10,0,0,0,0.0,0
0.7016,57,0,0.2846,,9,0,1,0,0.0,0
0.5352,36,0,0.2895,,12,0,1,0,1.0,0
0.0611,66,0,0.4795,5795.0,8,0,1,0,3.0,0
0.0973,30,0,0.5533,2367.0,7,0,0,0,0.0,0
0.5747,87,0,0.3036,7016.0,7,0,0,0,0.0,0
0.2827,49,0,0.65,4070.0,7,0,0,0,1.0,0
0.1147,35,0,0.5906,4887.0,7,0,3,0,0.0,0
0.2656,46,0,0.6404,,8,0,2,0,3.0,0
1.4467,38,2,0.5131,,10,0,0,0,0.0,0
1.0483,39,2,0.5408,5746.0,3,0,0,0,1.0,0
0.0663,62,0,0.4967,4438.0,10,0,0,0,0.0,0
0.7595,67,0,0.2881,6103.0,13,0,0,0,0.0,0
0.7175,47,0,0.1455,12547.0,7,0,3,0,2.0,0
0.5963,49,0,0.6921,,9,0,0,0,0.0,0
0.2869,35,0,0.8098,3479.0,14,0,1,0,0.0,0
1.3381,67,0,0.3339,7523.0,8,0,2,0,0.0,0
0.5725,44,0,0.3087,6954.0,11,0,2,0,1.0,0
0.6336,65,0,1.0611,5301.0,3,0,3,0,0.0,0
0.1825,55,0,0.5086,5413.0,10,0,1,0,1.0,0
0.954,45,0,0.1208,6312.0,9,0,2,0,1.0,0
0.31,36,0,0.4636,7824.0,6,0,2,0,0.0,0
1.3989,76,0,0.8954,,12,0,2,0,2.0,1
0.7151,59,0,0.2718,9320.0,7,0,0,0,0.0,0
0.5466,51,0,0.6023,3524.0,6,0,1,0,0.0,1
2.0848,67,0,0.6203,15180.0,13,0,0,0,0.0,0
0.163,55,0,0.8187,3844.0,7,0,1,0,0.0,0
0.3363,46,0,1.0769,4425.0,12,0,1,0,0.0,0
0.0107,31,0,0.6395,4501.0,5,0,0,0,1.0,0
0.4451,34,0,0.1862,7529.0,9,0,1,0,1.0,0
0.5304,63,0,0.4047,6041.0,4,0,2,0,0.0,0
0.6512,44,0,1.0951,4149.0,4,0,0,0,0.0,0
0.3316,39,0,0.2494,2667.0,9,0,1,0,0.0,0
1.0379,62,0,0.1381,11483.0,6,0,1,0,0.0,0
1.4527,47,0,0.8044,7626.0,9,0,0,0,1.0,0
7.7743,45,0,0.5957,,11,0,1,1,0.0,0
0.4206,32,0,0.4469,13693.0,8,0,0,0,1.0,0
0.1029,35,0,0.4566,,8,0,0,0,1.0,0
0.4356,52,0,0.0832,29134.0,4,0,2,0,1.0,0
0.3325,50,0,0.3415,3960.0,9,0,1,0,0.0,0
0.0032,46,0,0.4912,2651.0,8,0,2,0,1.0,0
0.4051,74,0,0.6874,,4,0,0,0,1.0,0
0.1863,51,0,0.3482,4406.0,6,0,0,0,0.0,0
0.3084,57,0,0.207,7362.0,8,0,3,0,2.0,0
0.2872,34,0,0.1024,4278.0,11,0,0,0,0.0,0
0.0922,49,0,0.4267,4822.0,8,0,1,0,2.0,0
0.1804,48,0,0.5183,7487.0,9,0,1,0,1.0,0
0.537,44,0,0.4765,,8,0,2,0,1.0,0
0.3881,81,0,0.6471,5983.0,8,0,0,0,0.0,0
3.112,49,0,0.31,7678.0,7,0,1,0,0.0,0
0.1603,55,0,0.7665,7375.0,6,0,1,0,1.0,0
0.6664,60,0,0.4934,4312.0,7,0,1,0,1.0,0
0.3472,49,0,0.9474,5735.0,12,0,0,0,0.0,0
0.1732,51,0,0.4266,,9,0,0,0,1.0,0
0.6201,63,0,0.1565,,7,0,0,0,0.0,0
5.7832,33,0,0.512,4529.0,12,0,0,1,1.0,0
0.5078,73,0,0.4215,8970.0,7,0,0,0,1.0,0
0.8588,57,0,1.1179,5319.0,5,0,1,0,0.0,0
0.4782,73,0,0.6822,3562.0,6,0,2,0,1.0,0
0.8393,61,0,0.6267,3541.0,10,0,2,0,1.0,0
0.2621,27,0,0.2179,,9,0,0,0,0.0,0
0.6191,39,0,0.6673,5232.0,8,0,1,0,0.0,0
0.1346,46,0,0.5894,4799.0,8,0,0,0,0.0,0
0.8819,31,0,0.4532,2549.0,11,0,1,0,1.0,0
0.4912,49,0,0.4487,,4,0,0,0,,0
0.1794,35,0,0.1803,,7,0,1,0,2.0,0
0.3786,47,0,0.3839,4481.0,7,0,4,0,1.0,0
1.3525,39,0,0.1654,6494.0,9,0,1,0,0.0,0
0.227,49,0,1.423,17219.0,10,0,0,0,0.0,0
0.6063,68,0,0.1726,16460.0,8,0,0,0,1.0,0
0.3178,41,0,0.0693,18616.0,6,0,2,0,2.0,0
0.0653,55,0,0.591,6473.0,10,0,0,0,1.0,0
1.1463,39,0,0.1444,2678.0,8,0,0,0,1.0,0
0.0659,59,0,0.1896,5313.0,4,0,1,0,0.0,0
0.7825,42,0,0.2467,9488.0,5,0,1,0,1.0,0
1.3548,57,0,0.5594,2702.0,9,0,0,0,1.0,0
3.6131,25,1,0.4417,2857.0,9,0,1,2,2.0,0
0.1066,33,0,0.3278,7949.0,5,0,1,0,2.0,0
0.3474,59,0,0.7813,,7,0,2,0,0.0,0
2.847,69,0,0.1646,4091.0,11,0,0,0,1.0,1
0.2867,65,1,0.3093,2326.0,6,1,1,0,0.0,0
0.0296,55,0,0.1122,7494.0,9,0,0,0,1.0,0
0.0399,43,0,0.1804,11879.0,7,0,0,0,0.0,0
0.3715,34,0,0.0745,3491.0,4,0,1,0,1.0,0
0.0601,49,0,0.6841,6196.0,10,0,1,0,0.0,0
0.0318,36,0,0.8722,8182.0,4,0,1,0,,0
0.6549,45,0,0.2875,5050.0,4,0,1,0,1.0,0
0.8814,58,0,0.7141,1833.0,14,0,0,0,0.0,1
0.3443,43,0,0.2316,,5,0,1,0,2.0,0
0.1475,45,0,0.2139,4938.0,18,0,2,0,0.0,0
0.649,48,0,0.4348,3132.0,9,0,0,0,1.0,0
0.3467,58,0,0.7034,13128.0,10,0,0,0,2.0,0
3.3625,47,0,0.33,5469.0,10,0,2,0,1.0,0
0.3221,68,0,0.2716,7090.0,10,0,1,0,0.0,0
1.7651,62,0,0.3748,11364.0,11,0,1,0,0.0,0
0.3864,69,2,0.1319,,11,3,2,1,1.0,0
0.6149,57,0,0.6662,5453.0,10,0,0,0,0.0,0
0.0349,73,0,0.4789,1768.0,7,0,0,0,1.0,0
0.1891,54,0,0.7722,13036.0,11,0,1,0,4.0,0
0.4327,59,0,0.5645,2922.0,8,0,1,0,0.0,0
0.3447,29,0,1.0084,,6,0,0,0,1.0,0
0.1028,57,0,0.4117,,10,0,0,0,1.0,0
0.5674,60,0,0.3905,,9,0,1,0,1.0,0
0.2051,57,0,0.6311,6815.0,10,0,0,0,0.0,0
0.4214,64,0,0.7804,5553.0,5,0,1,0,1.0,0
0.0239,56,0,0.7564,5133.0,12,0,2,0,0.0,0
0.8165,50,0,0.2987,4421.0,10,0,1,0,0.0,1
0.0638,70,0,0.2654,,8,0,1,0,1.0,0
0.0217,36,0,0.0719,2128.0,4,0,0,0,0.0,0
0.1052,62,0,0.2097,10922.0,4,0,0,0,0.0,0
0.6822,51,0,0.6806,3623.0,15,0,1,0,1.0,0
0.3136,57,0,0.726,1546.0,10,0,0,0,3.0,0
0.3572,44,0,0.7321,5135.0,7,0,0,0,1.0,0
0.6556,60,0,0.3677,6004.0,10,0,1,0,1.0,0
0.8737,38,0,0.3961,2373.0,9,0,0,0,0.0,0
0.3442,46,0,0.4077,5887.0,10,0,1,0,3.0,0
0.0836,55,0,0.1635,7293.0,15,0,0,0,0.0,0
0.1222,40,0,0.5775,2081.0,9,0,0,1,0.0,0
0.5874,67,0,0.1697,,6,0,1,0,0.0,0
0.3027,66,0,0.5691,2758.0,10,0,0,0,0.0,0
0.1705,43,0,0.3154,2969.0,8,0,2,0,0.0,0
0.0401,61,0,0.4077,7733.0,2,0,0,0,0.0,0
0.2455,44,0,0.8303,3004.0,6,0,0,0,0.0,0
0.2926,73,0,0.5497,4088.0,12,0,1,0,1.0,0
0.4737,21,0,0.0405,3597.0,10,0,2,1,1.0,0
0.0851,63,0,0.771,,7,0,1,0,,0
0.8606,64,0,0.121,3800.0,11,0,1,0,1.0,0
2.3625,43,0,1.0827,4528.0,8,0,2,0,1.0,0
2.6683,58,0,0.1169,10993.0,4,0,1,0,1.0,0
0.436,43,0,0.418,4616.0,6,0,0,0,0.0,0
1.3532,43,0,0.3935,8247.0,13,0,0,0,0.0,0
0.0941,66,0,0.3447,7460.0,9,0,0,0,0.0,0
0.9325,73,0,0.6256,,13,0,2,0,0.0,1
0.3681,40,1,0.4699,17593.0,8,0,0,0,2.0,0
1.1682,66,0,0.4357,,5,0,0,0,0.0,0
0.355,65,0,0.2826,2344.0,4,0,3,0,0.0,0
0.9947,31,0,0.6275,2808.0,5,0,0,0,2.0,0
0.6387,43,0,0.3628,6084.0,12,0,0,0,1.0,0
0.4791,38,0,0.594,2118.0,12,0,0,0,1.0,1
0.153,53,0,0.0419,4490.0,6,0,0,0,2.0,0
2.169,42,0,0.1095,11744.0,9,0,1,0,1.0,0
0.6799,52,0,0.5586,12085.0,10,0,1,0,2.0,0
2.2667,65,0,1.0865,4165.0,3,0,1,0,2.0,1
0.3261,59,0,0.7628,,6,0,1,0,0.0,0
0.778,43,0,0.3495,4200.0,10,0,2,0,1.0,0
0.3595,65,0,1.0145,13547.0,6,0,0,0,1.0,0
0.4104,65,0,0.5375,6684.0,7,0,0,0,1.0,0
0.2449,66,0,0.7189,6250.0,8,0,0,0,0.0,0
0.2544,64,0,0.7731,5313.0,7,0,2,0,2.0,0
0.2127,35,0,0.1756,9597.0,8,0,1,0,0.0,0
1.2741,63,0,0.2421,6240.0,10,0,0,0,1.0,0
0.4241,47,0,0.5424,4660.0,6,0,0,0,1.0,0
0.2314,47,0,0.7755,,10,0,1,0,1.0,0
2.5859,52,0,0.7067,3011.0,14,0,1,0,0.0,1
0.0542,53,0,0.4068,8663.0,10,0,3,0,0.0,0
0.1072,26,1,0.271,,9,0,1,0,1.0,0
2.7331,59,0,0.8399,8540.0,9,0,1,0,,0
0.2659,54,0,0.4428,8256.0,11,0,0,0,2.0,0
0.6804,55,0,0.3134,4042.0,6,0,2,0,1.0,0
0.4486,32,0,1.2544,5462.0,12,0,0,0,2.0,0
0.1996,40,0,1.0849,1826.0,10,0,1,0,1.0,0
0.1755,46,0,0.3282,7710.0,8,0,1,0,,0
2.1714,57,0,0.4366,3409.0,9,0,0,0,0.0,0
3.1217,64,0,0.2375,5133.0,6,0,3,0,0.0,0
0.6784,42,0,0.4678,,8,0,0,0,0.0,0
0.5432,63,0,0.1605,9453.0,7,0,1,0,0.0,0
5.6176,43,0,0.4821,3517.0,5,0,1,0,1.0,1
0.1349,45,0,0.6877,3720.0,8,0,2,0,0.0,0
0.6107,50,0,0.1049,3559.0,7,0,0,0,,0
0.5727,45,0,0.4928,14320.0,6,0,3,0,1.0,0
3.4997,56,0,0.299,12608.0,5,0,0,0,2.0,0
4.0474,42,0,0.0705,3710.0,12,0,1,0,2.0,0
0.3781,59,0,0.4027,3280.0,5,0,1,0,0.0,0
0.1523,53,0,0.6608,3850.0,6,0,0,0,1.0,0
1.6656,34,3,0.4267,,6,0,2,0,1.0,0
0.0174,64,0,0.2443,,8,0,0,0,2.0,0
0.3305,57,0,0.598,1568.0,13,0,2,0,0.0,0
3.005,55,0,0.893,4686.0,3,0,0,0,0.0,0
0.0155,44,0,0.3047,,4,0,1,0,0.0,0
0.347,31,0,0.7006,9276.0,7,0,2,0,0.0,0
0.1469,57,0,0.3065,2677.0,9,0,0,0,0.0,0
0.239,89,0,0.1572,4751.0,9,0,0,0,0.0,0
0.1151,21,0,0.3258,8020.0,4,0,0,0,1.0,0
0.6937,65,0,0.9319,,9,0,1,0,1.0,0
2.9364,37,0,0.4042,,8,0,1,0,0.0,0
3.0863,60,0,0.4132,,6,0,1,0,3.0,0
2.9714,37,1,0.6916,,8,0,1,0,0.0,0
0.4075,61,1,0.1427,9277.0,8,2,2,0,1.0,1
0.8521,69,0,0.2263,4560.0,4,0,1,0,0.0,0
1.9032,53,1,0.433,5896.0,6,0,2,2,0.0,0
0.2559,59,0,0.5549,16107.0,11,0,1,0,1.0,0
0.1936,55,0,0.5684,7880.0,10,0,0,0,1.0,0
0.2261,41,0,0.3209,7883.0,11,0,0,0,0.0,0
0.5513,50,0,0.3929,1705.0,2,0,1,0,1.0,0
0.2653,59,0,1.0687,4689.0,10,0,3,0,1.0,0
0.6564,70,0,0.3124,8352.0,9,0,1,0,0.0,0
0.4201,44,0,0.0784,8157.0,7,0,2,0,1.0,0
0.0126,59,0,0.1215,5001.0,9,0,1,0,0.0,0
0.5742,47,0,0.683,5576.0,6,0,2,0,0.0,0
0.313,61,0,0.3904,,15,0,0,0,0.0,0
0.1827,62,1,0.8247,,8,0,1,0,0.0,0
0.3425,50,0,0.8114,2639.0,4,0,0,0,1.0,0
0.1489,58,0,0.573,4278.0,13,0,1,0,0.0,0
0.0218,31,1,1.1605,7581.0,9,0,1,0,0.0,0
0.6386,60,0,0.5492,4707.0,8,0,2,0,3.0,0
0.5559,57,0,0.5157,5731.0,8,0,0,0,1.0,0
0.2537,67,0,0.4372,5026.0,8,0,0,0,0.0,0
1.7825,26,0,0.5317,3096.0,9,0,2,0,1.0,1
1.4164,51,0,0.1498,,6,0,1,0,1.0,0
0.3617,35,0,0.9557,4831.0,7,0,1,0,0.0,0
0.1188,36,0,0.2625,7784.0,5,0,0,0,2.0,0
0.1447,24,0,0.3562,,6,0,1,0,1.0,0
0.1506,56,0,0.9307,9848.0,10,0,0,0,0.0,0
0.0525,44,0,0.7084,2133.0,6,0,0,0,1.0,0
1.0801,54,0,0.5881,2380.0,6,0,1,0,1.0,1
0.5995,54,0,0.2318,1975.0,8,0,1,0,0.0,0
0.39,58,0,0.5289,9583.0,5,0,1,0,1.0,0
0.7404,61,0,0.8846,26315.0,4,0,0,0,0.0,0
0.1324,70,0,0.194,,9,0,0,0,2.0,0
0.3637,51,0,0.098,17239.0,4,0,1,0,2.0,0
0.2498,47,0,0.5395,,8,0,0,0,1.0,0
2.1953,36,0,0.6329,1719.0,9,0,1,0,0.0,0
0.2587,59,0,0.5299,2155.0,8,0,1,0,1.0,0
0.5647,41,0,0.1972,924.0,9,0,1,0,1.0,0
0.5989,55,0,0.2681,5652.0,7,0,0,0,1.0,0
0.0901,80,0,0.44,5587.0,5,0,0,0,0.0,0
0.2936,31,0,0.6205,,7,0,0,0,0.0,0
0.6603,36,0,0.9067,8265.0,5,0,0,0,0.0,0
0.1807,53,0,0.5482,8122.0,5,0,1,0,,0
0.435,36,0,0.4079,,11,0,0,0,2.0,0
0.7115,69,0,0.2535,,10,0,1,0,1.0,0
0.7224,38,0,0.8087,,6,0,0,0,0.0,1
0.3688,51,0,0.5948,23515.0,8,0,0,0,2.0,0
0.3645,58,0,0.4311,9786.0,6,0,0,0,1.0,0
1.6557,33,0,0.3507,4728.0,6,0,1,0,3.0,0
0.283,53,0,0.9323,7699.0,6,0,0,0,0.0,0
0.4648,71,0,0.9138,,7,0,0,0,1.0,0
0.4651,59,0,0.7974,12070.0,13,0,0,0,0.0,0
1.5036,47,0,0.4354,4846.0,6,0,0,0,1.0,0
0.4167,62,0,0.0746,5023.0,4,0,2,0,3.0,0
1.1897,21,0,0.3164,,5,0,1,0,0.0,0
0.3461,44,0,0.3126,,5,0,0,0,0.0,0
0.2883,31,0,0.503,,6,0,0,0,1.0,0
0.334,55,0,0.5151,4514.0,7,0,0,0,1.0,0
1.5,53,0,0.3591,4136.0,10,0,1,0,0.0,0
0.0441,39,0,0.2763,9671.0,5,0,0,0,1.0,0
0.3504,66,0,0.0612,2386.0,6,0,1,0,1.0,0
0.2657,24,0,0.2581,5343.0,5,0,1,0,1.0,0
0.2804,75,0,0.6829,2570.0,8,0,3,0,0.0,0
0.9733,66,0,0.2618,6960.0,14,0,2,0,1.0,0
0.2079,53,0,0.0513,7891.0,8,0,1,0,2.0,0
0.0206,44,0,0.2563,2919.0,8,0,0,0,1.0,0
0.5681,48,0,0.5423,,4,0,2,0,1.0,0
0.1865,56,0,0.1471,,9,0,1,0,1.0,0
0.1124,43,0,0.2057,27754.0,8,0,0,0,2.0,0
0.3816,50,0,0.3873,3223.0,9,0,0,0,0.0,0
0.2763,56,0,1.1609,5569.0,6,0,1,0,0.0,0
3.0787,60,0,0.4999,2555.0,8,0,2,0,2.0,0
0.4223,71,0,0.4662,,8,0,0,0,0.0,1
1.998,72,0,0.1837,1698.0,5,0,1,0,1.0,1
0.7812,51,0,0.4357,4211.0,10,0,0,0,2.0,0
0.1938,30,0,0.3438,2569.0,10,0,3,0,0.0,0
1.0424,51,0,0.3819,3694.0,11,0,1,0,0.0,0
0.144,70,0,0.2614,6340.0,10,0,0,0,2.0,0
0.1972,50,0,0.5493,4013.0,8,0,1,0,1.0,0
0.2923,74,2,0.8473,8328.0,10,0,1,0,1.0,0
0.4802,35,0,0.2925,4977.0,14,0,2,0,0.0,0
7.3225,58,0,0.626,3905.0,4,0,1,0,0.0,0
3.0274,58,0,0.1827,,6,0,0,0,1.0,0
0.8755,76,0,0.3953,1150.0,9,0,1,0,1.0,0
0.6156,53,0,0.5328,1464.0,7,0,2,0,3.0,0
3.4022,58,0,0.5656,2956.0,9,0,1,0,0.0,0
0.4005,61,0,0.0864,3064.0,6,0,0,0,1.0,0
2.4585,37,0,0.4108,9588.0,7,0,1,0,2.0,0
1.5907,44,0,0.5681,5919.0,6,0,0,0,1.0,0
0.1041,57,0,0.068,5212.0,9,0,0,0,1.0,0
0.552,54,0,0.423,3109.0,8,0,0,0,0.0,0
0.2724,48,0,0.5927,5803.0,8,0,0,0,0.0,0
0.7376,57,0,0.3558,10546.0,5,0,0,0,,0
0.0928,54,0,0.3681,2483.0,11,0,2,0,0.0,0
0.9472,65,0,0.7165,5345.0,8,0,0,1,3.0,0
0.1066,44,0,0.6759,8248.0,11,0,2,0,,0
0.0598,56,0,0.1283,10667.0,14,0,2,0,0.0,0
0.6754,47,0,0.1675,5286.0,4,0,1,0,0.0,0
0.7219,45,0,0.8513,4749.0,5,0,1,0,0.0,0
3.0938,70,0,0.7863,7058.0,8,0,0,0,2.0,0
0.03,65,0,0.5914,3113.0,8,0,0,0,1.0,0
0.7564,53,0,0.3064,8708.0,5,0,2,0,0.0,0
0.0635,44,0,0.4631,3122.0,7,0,2,0,0.0,0
0.9614,70,0,0.5465,3024.0,9,0,0,0,0.0,0
0.0322,77,0,0.4295,4950.0,5,0,0,0,0.0,0
0.2845,32,0,0.2383,7793.0,10,0,0,0,2.0,0
0.0787,43,0,0.0871,5028.0,3,0,0,0,0.0,0
0.2791,44,0,0.6312,4389.0,2,0,1,0,0.0,0
0.4703,49,0,0.6947,4437.0,8,0,3,0,1.0,0
2.7918,46,0,0.3669,6264.0,3,0,0,0,0.0,0
0.6942,50,0,0.9997,3957.0,6,0,1,0,1.0,0
0.0245,61,0,0.0734,7398.0,7,0,1,0,0.0,1
0.1638,48,1,0.1797,,8,0,0,0,2.0,0
2.8772,46,0,0.6881,5054.0,8,0,1,0,0.0,1
0.6577,50,0,0.2461,5935.0,6,0,1,0,1.0,0
0.6017,55,0,1.2288,5061.0,8,0,0,0,1.0,0
0.731,53,0,0.5863,,10,0,0,0,0.0,0
0.3829,56,0,0.1738,1988.0,8,0,2,0,1.0,0
0.028,51,0,0.8909,4395.0,6,0,0,0,1.0,0
0.6142,44,3,0.5387,,8,0,1,2,0.0,0
0.0127,56,0,0.2822,9729.0,8,0,1,0,2.0,0
0.365,30,0,0.6717,,4,0,1,0,1.0,0
0.1138,60,0,0.1048,8979.0,10,0,3,0,0.0,0
1.1188,64,0,0.149,2208.0,5,0,1,0,1.0,1
3.072,37,0,0.7766,5384.0,6,0,1,0,0.0,0
0.1699,65,0,0.0929,,7,0,0,0,,0
0.0664,72,0,0.4744,1986.0,9,0,1,0,0.0,0
0.0019,40,0,0.4241,3015.0,4,0,0,0,0.0,0
0.6417,56,0,0.18,5179.0,12,0,0,0,0.0,0
0.2672,47,0,0.6273,,7,0,0,0,2.0,0
0.2669,50,0,0.4484,6716.0,4,0,1,0,0.0,0
0.8518,45,1,0.7188,8481.0,11,0,0,0,0.0,0
0.4026,35,0,0.0494,6091.0,5,0,1,0,1.0,0
0.5007,72,0,0.3849,3798.0,9,0,1,0,1.0,0
0.5246,51,0,0.1356,7968.0,9,0,2,0,1.0,1
0.7323,54,0,0.5303,,4,0,1,0,1.0,0
1.9937,62,0,0.2852,2447.0,5,0,4,0,0.0,0
0.9656,59,0,0.8308,19482.0,7,0,0,0,0.0,0
0.4974,45,0,1.0638,,5,0,1,0,0.0,1
0.5968,45,0,0.1759,5994.0,8,0,0,0,4.0,0
0.258,48,0,0.3825,7151.0,8,0,1,0,0.0,0
0.2682,67,0,0.2367,,8,0,0,0,2.0,0
0.0565,46,0,0.6647,6923.0,9,0,1,0,1.0,0
0.0052,44,0,0.426,2488.0,8,0,1,0,1.0,0
0.8849,44,0,0.7628,6197.0,13,0,1,0,1.0,0
0.104,53,0,0.546,1535.0,10,0,0,0,0.0,0
0.2395,57,0,0.6472,6964.0,9,0,1,0,2.0,0
0.2414,90,0,0.7774,2301.0,7,0,1,0,2.0,0
0.9774,36,0,0.4752,13951.0,15,0,0,0,1.0,0
0.489,36,0,0.1629,1369.0,6,0,2,0,0.0,0
0.2281,74,0,0.2077,2553.0,6,0,0,0,1.0,0
0.5563,21,0,0.1876,2288.0,9,0,0,0,0.0,0
0.5098,66,0,0.3267,7538.0,5,0,1,0,1.0,0
0.056,42,0,0.5002,,8,0,2,0,0.0,0
0.8078,50,0,0.4567,,9,0,2,0,0.0,0
0.071,50,0,0.4701,3351.0,1,0,1,0,1.0,0
0.5435,73,0,0.1854,,3,0,0,0,0.0,0
0.1765,47,0,0.8422,11251.0,8,0,0,0,0.0,0
0.4113,63,0,0.0443,20603.0,6,0,0,0,0.0,0
0.9458,46,0,0.4312,6516.0,10,0,0,0,1.0,0
0.6923,41,0,0.7327,7140.0,4,0,1,0,1.0,0
0.1677,43,0,1.1947,10131.0,10,0,1,0,1.0,0
0.3798,46,0,0.3328,3797.0,11,0,1,0,0.0,0
0.4343,34,0,0.3791,,7,0,1,0,0.0,0
0.5768,48,0,0.3118,4848.0,6,0,1,0,1.0,0
0.1355,71,0,0.4536,6564.0,12,0,2,0,1.0,0
0.8744,62,0,0.4447,3976.0,7,0,1,0,1.0,0
0.3141,51,0,0.9577,,5,0,0,0,1.0,0
0.0574,58,0,0.3765,15226.0,7,0,2,0,2.0,0
2.9946,47,1,0.5502,5420.0,5,0,1,1,0.0,0
0.7105,53,1,0.5759,,8,0,1,1,1.0,0
0.0124,57,0,0.5673,13581.0,9,0,2,0,0.0,0
9.4164,33,0,0.4408,7112.0,11,0,0,0,1.0,0
0.0429,59,0,0.4079,12556.0,10,0,2,0,0.0,0
0.1771,58,0,0.5539,3102.0,9,0,0,0,1.0,0
0.1798,43,0,0.4192,4073.0,7,0,2,0,1.0,0
7.5287,45,0,0.199,10264.0,8,0,1,0,1.0,0
0.2328,66,0,0.9273,4169.0,6,0,0,0,2.0,0
0.3236,68,0,0.3398,5305.0,5,0,0,0,,0
0.6128,47,0,0.9323,,6,0,0,0,0.0,0
0.3903,61,0,0.6712,9451.0,11,0,0,0,1.0,0
0.0778,73,5,0.4256,3270.0,8,0,2,0,2.0,0
0.2464,55,0,0.4386,3334.0,12,0,1,0,3.0,0
0.0597,34,0,0.3505,12181.0,8,0,2,0,0.0,0
0.3864,45,0,0.7962,3476.0,6,0,1,0,0.0,0
0.0835,32,0,0.2455,1617.0,5,0,1,0,0.0,0
0.0429,70,0,1.0466,,4,0,2,0,1.0,0
2.4717,81,1,0.3671,5321.0,6,0,2,0,1.0,0
0.1219,58,0,0.5384,3945.0,10,0,1,0,0.0,0
0.2254,40,0,0.7609,,9,0,1,0,0.0,0
0.2888,65,0,0.511,14136.0,8,0,1,0,2.0,0
0.5804,40,0,0.5213,3759.0,10,0,1,0,1.0,0
0.0497,79,0,0.3354,,12,0,1,0,2.0,0
0.2284,41,0,0.5042,,11,0,3,0,1.0,0
0.6004,54,0,0.4622,8332.0,6,0,2,0,0.0,0
0.2061,65,0,0.3093,13131.0,10,0,3,0,,0
1.5967,54,0,0.979,2089.0,6,0,2,0,2.0,0
0.0441,27,0,0.3081,2310.0,9,0,0,0,0.0,0
0.1941,59,0,0.4392,7062.0,5,0,2,0,0.0,0
0.5189,41,0,0.1956,2152.0,6,0,1,0,0.0,0
0.2501,55,0,1.1445,,12,0,1,0,1.0,0
0.0007,35,0,0.0525,10722.0,10,0,0,0,1.0,0
2.9391,55,0,0.4272,,6,0,1,0,0.0,0
0.9276,61,0,0.3238,6634.0,11,0,2,0,0.0,0
0.2118,67,0,0.8497,,15,0,2,0,1.0,0
1.5683,64,0,0.3494,8988.0,8,0,2,0,0.0,0
0.3262,73,3,1.0691,6599.0,4,0,1,0,0.0,1
0.121,61,0,0.3132,,4,0,1,0,0.0,0
0.3607,48,0,1.0268,2262.0,10,0,1,0,1.0,0
0.435,54,0,0.5902,8596.0,6,0,0,0,0.0,0
0.1273,62,0,0.329,7188.0,7,0,0,0,0.0,0
1.4609,30,0,0.8066,2515.0,6,0,0,0,3.0,0
0.5553,24,0,0.7099,4403.0,9,1,0,0,0.0,0
0.3617,56,0,0.5868,8361.0,7,0,0,0,1.0,0
0.8258,82,0,0.0671,10956.0,6,0,0,0,0.0,1
0.4483,68,0,0.4593,,6,0,1,0,1.0,0
0.0095,48,0,0.2639,,6,0,0,0,0.0,0
0.3319,66,0,0.2737,4734.0,12,0,3,0,0.0,0
4.7635,48,0,0.6298,2502.0,6,0,0,0,0.0,0
0.3594,41,0,0.7996,15130.0,4,0,0,0,0.0,0
4.2224,34,0,1.0579,1125.0,10,0,3,0,2.0,0
0.5536,50,0,0.765,8900.0,3,0,3,0,1.0,0
0.3845,41,0,0.3016,2829.0,2,0,3,0,1.0,0
0.3191,64,0,0.5989,3248.0,7,0,0,0,1.0,0
0.3462,30,0,0.5255,4774.0,9,0,0,0,1.0,0
0.0935,61,0,0.1324,2428.0,8,0,0,0,0.0,0
0.5807,40,0,0.8615,2926.0,7,0,2,0,0.0,0
0.3458,55,2,0.3834,6766.0,5,1,0,1,0.0,1
0.4131,43,0,0.7155,4735.0,8,0,0,0,2.0,0
0.9307,66,0,0.369,,5,0,0,0,0.0,0
2.1835,48,0,0.1908,7316.0,6,0,0,0,0.0,0
0.5126,63,0,0.173,2592.0,9,0,1,0,0.0,0
0.7782,56,0,0.5465,6418.0,6,0,3,0,0.0,0
0.2866,65,0,0.2959,2843.0,7,0,1,0,0.0,0
1.931,45,0,0.1948,6063.0,11,0,6,0,0.0,0
0.0645,72,0,1.0093,,10,0,1,0,0.0,0
0.3861,45,0,0.2083,,8,0,0,0,1.0,0
0.3121,53,0,0.3875,,6,0,0,0,0.0,0
1.5157,51,0,0.42,1870.0,10,0,0,0,2.0,0
0.0015,63,0,0.8455,12922.0,7,0,1,0,1.0,0
0.1764,73,2,0.5809,3424.0,3,0,0,1,0.0,0
2.7852,51,0,0.5818,,4,0,1,0,2.0,1
0.0661,66,0,0.3781,6901.0,7,0,1,0,3.0,1
0.1856,37,0,0.3772,2030.0,6,0,1,0,1.0,0
0.1117,56,0,0.5982,5730.0,6,0,0,0,2.0,0
0.3173,75,0,0.3897,9569.0,11,0,0,0,0.0,0
3.9967,53,0,0.3011,2922.0,7,0,2,0,0.0,1
0.1347,57,0,0.6352,11925.0,6,0,0,0,1.0,0
3.4759,68,0,0.6102,4993.0,7,0,3,0,1.0,0
0.4131,45,0,0.0959,12018.0,8,0,0,0,3.0,0
0.0454,81,0,0.6898,6643.0,10,0,1,0,0.0,0
0.2505,49,0,0.3161,25467.0,9,0,0,0,0.0,0
8.1803,57,0,0.1566,8978.0,9,0,1,0,1.0,0
0.8226,29,0,1.1502,13170.0,12,0,1,0,2.0,0
0.2222,68,0,0.7142,,12,0,2,0,0.0,0
0.9681,56,0,0.203,2376.0,5,0,2,0,1.0,0
1.2424,50,0,0.4613,2792.0,9,1,2,0,2.0,0
0.168,38,0,0.6892,,8,0,2,0,2.0,0
0.4308,80,0,0.4851,6939.0,10,0,1,0,2.0,0
1.5692,60,0,0.3142,4179.0,9,0,0,0,,0
0.8248,76,0,0.6446,3482.0,6,0,2,0,2.0,0
2.1677,56,3,0.1711,7362.0,8,0,2,0,2.0,0
0.5932,57,0,0.4067,3933.0,8,0,2,0,2.0,1
0.1258,56,0,0.4919,5210.0,14,0,1,0,1.0,0
2.1705,44,0,0.2531,3489.0,3,0,0,0,0.0,0
0.1209,46,0,0.9681,3263.0,10,0,1,0,1.0,0
0.6899,53,0,0.609,5262.0,9,0,1,0,1.0,0
0.3939,77,0,0.6506,5349.0,8,0,2,0,0.0,0
0.2861,21,0,0.6895,4330.0,7,0,1,0,1.0,1
0.4783,70,0,0.7811,5840.0,5,0,0,0,1.0,0
0.3113,39,0,0.7737,4848.0,7,0,0,0,0.0,0
0.2475,51,0,0.3275,5723.0,7,0,1,0,1.0,0
6.9862,45,0,0.9989,,5,0,0,0,3.0,0
0.4007,61,0,0.3598,3505.0,8,0,2,0,2.0,0
0.8799,73,1,0.2411,,6,0,1,0,1.0,0
1.2126,62,0,0.5579,12385.0,2,0,0,0,1.0,0
0.2544,41,0,0.0497,8727.0,9,0,1,0,1.0,0
0.2478,55,0,0.7175,,5,0,1,0,0.0,0
0.1007,64,0,0.0705,,4,0,1,0,0.0,0
0.1266,57,0,0.2149,7880.0,5,0,3,0,0.0,0
1.7318,63,0,0.6402,6244.0,10,0,0,0,2.0,0
0.3815,68,0,0.4408,14443.0,15,0,2,0,1.0,0
2.6389,45,0,0.2587,,6,0,1,0,1.0,0
0.4765,52,0,0.9312,6485.0,11,0,1,0,0.0,0
0.0896,58,0,0.3396,6862.0,10,0,1,0,0.0,0
5.089,63,0,0.3559,14546.0,4,0,1,0,0.0,0
0.2576,54,0,0.524,11147.0,3,0,2,0,0.0,0
0.781,31,0,0.5682,6521.0,6,0,2,0,2.0,0
0.2639,53,0,0.1666,3301.0,15,0,0,0,2.0,0
0.3013,50,0,0.4465,2885.0,10,0,0,0,0.0,0
5.1858,44,0,0.0364,3526.0,12,0,1,0,1.0,0
0.2457,39,0,0.5556,12169.0,4,0,2,0,1.0,0
0.2547,37,0,0.1566,9285.0,10,0,1,0,2.0,0
0.5001,46,0,0.2042,13138.0,3,0,1,0,1.0,0
0.2742,43,0,0.7517,,6,0,0,0,1.0,0
2.7395,48,1,0.3489,5103.0,7,0,1,0,2.0,0
0.1764,48,0,0.749,3198.0,6,0,2,0,2.0,0
0.1355,36,1,0.5603,,6,0,2,0,1.0,0
0.435,21,0,1.2684,,7,0,0,0,0.0,1
0.5888,70,0,0.8991,3150.0,4,0,0,0,0.0,0
0.3492,56,0,0.1778,8723.0,10,0,0,0,0.0,0
0.5952,42,0,0.9392,2615.0,5,0,1,0,0.0,0
5.0219,52,0,0.3924,2742.0,9,0,0,0,0.0,0
0.3586,74,0,0.5132,9209.0,8,0,0,0,2.0,0
0.1328,72,1,0.5879,6196.0,4,0,1,0,1.0,1
0.5652,29,0,0.2733,5367.0,9,0,2,0,0.0,1
0.0241,50,0,0.9678,17198.0,6,0,2,0,1.0,0
0.0,56,0,0.2166,,12,0,0,0,2.0,0
0.1178,72,0,0.1774,,9,0,1,0,1.0,0
0.0572,37,0,0.2426,,5,0,0,0,0.0,0
0.2178,51,0,0.2125,10626.0,6,0,0,0,1.0,0
0.2033,40,0,0.8503,3115.0,9,0,1,0,1.0,0
6.317,47,0,0.4771,4480.0,7,0,1,0,0.0,0
0.5079,53,0,0.2202,13063.0,7,0,0,0,1.0,0
0.7061,40,1,0.6927,5852.0,5,0,1,0,,0
0.2489,47,0,0.1418,3803.0,5,0,2,0,2.0,0
0.0639,53,0,0.5529,3762.0,11,0,2,0,0.0,0
0.4389,64,0,0.2264,5487.0,7,0,3,0,1.0,0
0.1651,41,0,0.5964,9203.0,14,0,3,0,0.0,0
0.27,57,0,0.9162,6561.0,4,0,1,0,2.0,0
0.0234,51,0,0.6895,,14,0,0,0,1.0,0
0.244,63,0,0.9293,7188.0,8,0,0,0,0.0,0
0.5715,30,0,1.1314,6581.0,14,0,0,0,3.0,1
0.1999,38,0,0.6405,11794.0,20,0,0,0,0.0,0
0.7562,42,0,0.5877,4099.0,7,0,0,0,0.0,0
1.9783,34,0,0.6274,8152.0,7,0,1,0,1.0,0
1.0012,54,0,0.4859,,3,0,3,0,3.0,0
1.3577,51,0,0.2936,6615.0,8,0,1,1,4.0,0
0.6253,57,0,0.7081,8515.0,6,0,0,0,0.0,0
0.4236,54,0,0.2195,8746.0,9,0,0,0,1.0,0
0.6434,79,0,0.5007,7210.0,7,0,0,0,0.0,0
1.4059,62,0,1.2763,,9,0,0,0,0.0,0
0.0146,60,0,0.6308,8113.0,6,0,0,0,0.0,0
0.0552,50,0,0.2068,10235.0,6,0,0,0,2.0,0
0.3794,75,0,0.3081,10689.0,7,0,4,0,0.0,0
0.4523,48,0,0.5322,2739.0,8,0,2,0,1.0,0
0.2732,60,0,1.0031,,12,0,1,0,0.0,0
0.207,48,0,0.1955,8328.0,8,0,0,0,1.0,0
0.1522,55,0,0.0985,15405.0,8,0,0,0,1.0,0
0.2149,59,0,0.102,8874.0,6,0,2,0,0.0,0
0.4291,65,0,0.2709,3752.0,4,0,2,0,0.0,0
0.7255,37,0,0.315,,16,0,1,0,1.0,0
0.608,54,0,0.1669,,8,0,0,0,2.0,0
0.4283,39,0,0.404,,7,0,1,0,2.0,0
0.3618,47,0,1.4317,4849.0,12,0,0,0,2.0,0
0.6308,53,0,0.0703,2034.0,11,0,2,0,1.0,0
0.1023,56,0,0.2805,4443.0,7,0,0,0,2.0,0
0.3168,51,1,0.3475,5795.0,7,0,0,0,1.0,0
0.3173,39,0,0.7177,2692.0,10,0,1,0,0.0,0
0.2971,63,0,0.2266,,13,0,0,0,3.0,0
2.5299,29,0,0.9932,3962.0,6,0,1,0,2.0,0
2.3315,56,0,0.7143,10189.0,7,0,1,0,4.0,0
0.3117,54,0,1.1294,13712.0,9,0,3,0,1.0,0
1.1962,53,0,0.0967,3240.0,11,0,1,0,1.0,0
0.0112,71,0,0.6119,,12,0,0,0,1.0,0
0.1993,55,0,0.7415,4724.0,9,0,2,0,1.0,0
1.4605,77,0,0.8414,,11,0,0,0,1.0,0
6.3216,73,0,0.7574,3031.0,2,0,2,0,2.0,1
0.1643,44,0,0.2193,4781.0,5,0,0,0,1.0,0
0.0579,52,0,0.2506,5559.0,13,0,0,0,1.0,0
0.4429,46,0,0.0828,3644.0,8,0,3,0,3.0,0
0.0158,70,0,0.8749,8562.0,8,0,5,0,1.0,0
0.524,60,0,0.1734,6826.0,8,0,0,0,1.0,0
0.2219,37,0,0.7362,4730.0,10,0,1,0,0.0,0
6.2838,64,0,0.4507,,8,0,2,0,0.0,0
13.0274,54,0,0.6897,6320.0,8,0,2,0,0.0,0
0.2473,65,0,0.0989,5630.0,6,0,0,0,1.0,0
0.6248,34,0,0.4698,6346.0,6,0,2,0,1.0,0
0.2274,51,0,0.7875,,10,0,0,0,2.0,0
0.5134,58,1,0.8239,7763.0,4,0,2,0,1.0,0
0.1447,44,0,0.7499,,6,0,0,0,0.0,0
0.0595,59,0,0.4463,12796.0,8,0,2,0,1.0,0
0.1314,45,0,0.7452,7122.0,8,0,0,0,1.0,0
0.0097,55,0,0.6428,3930.0,8,0,3,0,2.0,0
0.0562,63,0,0.3833,2920.0,9,0,1,0,0.0,0
0.6407,57,0,0.245,6233.0,11,0,0,0,0.0,0
2.8952,32,0,0.5707,3238.0,10,0,0,0,1.0,0
0.265,72,0,0.56,6307.0,8,0,0,0,1.0,0
0.0436,64,0,0.1684,6857.0,9,0,1,0,0.0,0
0.609,57,0,0.5235,3004.0,3,0,2,0,0.0,0
1.3577,78,0,0.7441,5413.0,10,0,1,0,0.0,0
0.1057,51,0,0.4176,5486.0,10,0,2,0,0.0,1
0.9362,63,0,0.7905,,11,0,0,0,1.0,0
0.1725,26,0,0.1144,8384.0,6,0,1,0,0.0,1
0.3615,73,0,0.6041,,3,0,1,0,0.0,0
0.5484,63,3,0.1424,,11,0,3,0,0.0,0
0.4345,74,0,0.701,5163.0,9,0,2,0,1.0,1
0.1726,44,0,1.185,7269.0,5,0,3,0,0.0,0
0.268,82,0,0.9712,7099.0,11,0,3,0,3.0,0
0.1407,63,0,0.7518,,10,0,0,0,2.0,0
1.7826,64,0,0.5332,,2,0,1,0,0.0,0
0.2215,40,0,1.213,7836.0,6,0,2,0,0.0,0
0.1747,60,0,0.1815,3026.0,5,0,0,0,1.0,0
7.2673,57,1,0.1926,4747.0,7,0,1,0,2.0,0
0.1039,54,0,0.3561,6609.0,11,0,1,0,1.0,0
0.2419,59,0,0.8875,,7,0,3,0,1.0,0
0.4873,30,0,0.0567,3637.0,6,0,1,0,0.0,0
0.0545,66,0,0.2543,,10,0,0,0,1.0,0
2.2195,41,0,1.0584,4533.0,5,0,1,0,3.0,0
0.1139,52,1,0.4804,14787.0,7,0,0,0,2.0,0
1.7852,49,1,0.3877,3151.0,6,0,2,0,1.0,0
0.3447,52,0,0.2797,8461.0,6,0,1,0,0.0,0
0.0752,33,0,0.0656,3528.0,10,0,0,0,1.0,0
0.7276,31,0,0.3337,5614.0,7,0,5,0,1.0,0
0.5327,47,0,0.8143,3357.0,7,0,1,0,2.0,0
0.4053,29,0,0.4675,848.0,13,0,1,0,1.0,0
0.3281,38,0,0.1885,7217.0,12,0,0,0,1.0,0
0.5782,60,0,0.1281,7560.0,6,0,1,0,1.0,0
0.3504,47,0,0.1277,6739.0,10,0,2,0,0.0,0
0.1486,48,0,0.4785,1862.0,6,0,0,0,2.0,0
0.3905,73,0,1.0891,,5,0,3,0,3.0,0
0.0506,21,0,0.4537,6802.0,7,0,3,0,2.0,0
0.4563,45,0,0.1753,24023.0,3,0,0,0,1.0,0
0.9337,54,0,0.6413,7164.0,6,0,0,0,0.0,0
0.0968,58,0,0.7115,5413.0,10,0,0,0,2.0,0
0.3148,33,0,0.5293,1002.0,4,0,0,0,0.0,0
0.4076,57,0,0.9646,,8,0,1,0,0.0,0
0.0075,46,0,0.3415,6353.0,4,0,2,0,0.0,0
0.6682,71,1,0.6823,,10,0,1,0,0.0,1
0.2762,64,0,0.6862,,7,0,0,0,0.0,0
0.2511,48,0,0.4185,3610.0,8,0,0,0,0.0,0
0.6476,52,0,0.0637,3802.0,5,0,1,0,1.0,0
0.4579,56,0,0.8621,4475.0,15,0,0,0,1.0,0
0.2217,55,0,0.3409,10098.0,9,0,1,0,2.0,0
0.7308,51,0,0.5303,3215.0,12,0,0,0,1.0,0
0.1752,49,0,0.3726,3498.0,9,0,1,0,0.0,0
0.9333,79,0,1.3334,5169.0,9,0,2,0,0.0,1
0.4012,64,0,0.123,5020.0,6,0,0,0,0.0,0
0.8095,56,0,0.0608,23923.0,5,0,1,0,0.0,0
0.1114,60,0,1.1171,2772.0,10,0,1,0,1.0,0
0.1083,42,0,0.3991,6228.0,2,0,2,0,1.0,0
3.9396,49,0,0.3098,,8,0,1,0,0.0,0
0.0905,36,0,0.4395,11691.0,7,0,0,0,1.0,0
0.4097,51,0,0.4475,5357.0,8,0,2,0,1.0,0
0.5806,38,0,0.5302,4749.0,7,0,2,0,1.0,0
0.5255,47,0,0.2443,5427.0,7,0,0,0,0.0,0
6.8671,49,0,0.0998,6678.0,8,0,1,0,0.0,0
0.0239,43,0,0.4147,9554.0,7,0,0,0,2.0,0
0.2473,64,0,0.4813,,6,0,0,0,2.0,0
0.4716,85,1,0.8027,14284.0,6,0,3,0,0.0,0
1.3015,31,1,0.2822,3410.0,8,0,1,0,1.0,0
0.4843,63,0,0.7025,6710.0,7,0,0,0,0.0,0
2.4528,51,0,0.7543,8228.0,4,0,1,0,0.0,0
0.641,36,0,0.3204,4208.0,8,0,2,0,0.0,0
0.8647,41,0,0.1944,3108.0,6,0,0,0,0.0,0
0.3004,54,0,0.4776,3439.0,12,0,1,0,0.0,0
0.167,53,0,0.2691,,4,0,0,0,2.0,0
0.0304,57,0,0.3882,6040.0,9,0,1,0,1.0,0
0.6256,40,0,0.9942,2904.0,9,0,0,0,3.0,0
0.0069,27,0,0.8123,4511.0,6,0,0,0,1.0,0
0.5963,53,0,0.3222,2955.0,10,0,1,0,0.0,0
0.2477,67,0,0.8607,3918.0,3,0,2,0,2.0,0
0.1201,35,0,0.8278,4421.0,10,0,1,0,2.0,0
0.2963,62,0,0.2877,7296.0,4,0,0,0,0.0,0
0.1394,54,0,0.519,3438.0,6,0,6,0,0.0,0
0.9174,71,0,0.5846,8708.0,13,0,2,0,1.0,0
0.4312,59,0,0.2343,6478.0,10,0,1,0,0.0,0
0.9742,78,1,0.5425,13492.0,9,0,3,0,1.0,0
0.5992,69,0,0.7165,1801.0,10,0,0,0,0.0,0
0.2406,26,0,0.0843,5741.0,12,0,1,0,0.0,0
0.5222,44,0,0.7246,7710.0,5,0,2,0,1.0,0
0.3676,28,1,0.864,,6,0,2,0,1.0,0
0.3421,70,0,0.3503,7751.0,6,0,0,1,0.0,0
5.8929,49,0,0.2656,3459.0,5,0,2,0,2.0,0
0.0491,57,0,0.1194,,5,0,0,0,1.0,0
0.2392,27,0,0.5492,6862.0,6,0,1,0,0.0,0
0.6156,29,0,0.4738,8167.0,11,0,0,0,1.0,0
0.7084,46,1,1.1351,8739.0,8,0,0,0,1.0,0
0.1529,50,0,0.0746,4819.0,10,0,0,0,0.0,0
0.6215,40,0,0.7282,7833.0,5,0,3,0,2.0,0
0.0718,49,0,0.641,4758.0,12,0,1,0,0.0,0
3.6875,54,0,0.4613,3524.0,2,0,1,0,1.0,0
1.0329,58,1,0.9495,11131.0,12,3,2,0,3.0,0
0.5614,48,1,0.576,9107.0,3,0,0,0,3.0,0
0.1531,64,0,1.002,6482.0,8,0,0,0,1.0,0
0.3169,63,0,0.334,2026.0,6,0,0,0,1.0,0
0.8418,74,0,0.9528,10021.0,11,0,1,0,0.0,0
1.7426,74,0,0.5615,4552.0,8,0,1,0,1.0,0
0.8356,47,0,0.6907,5286.0,8,0,2,0,0.0,0
0.2325,35,0,0.2758,,9,0,1,0,1.0,0
0.9273,48,0,0.6747,19195.0,10,0,1,0,0.0,0
1.0796,58,0,0.591,6221.0,9,0,0,0,1.0,0
0.5043,48,0,0.5485,9135.0,7,0,1,0,0.0,0
0.9126,49,0,0.2143,,9,0,0,0,0.0,0
0.5974,53,0,0.4834,,8,0,0,0,4.0,0
3.5126,46,0,0.2922,5482.0,16,0,1,0,0.0,0
0.5277,42,0,0.636,8640.0,2,0,2,0,0.0,0
2.9704,38,0,0.1563,,5,0,2,0,1.0,0
0.27,65,0,1.2929,2589.0,9,0,1,0,0.0,0
0.1818,50,0,0.6461,5928.0,6,0,0,0,1.0,0
0.1101,60,0,0.2433,4368.0,3,0,1,0,1.0,0
0.1722,52,0,0.6145,15320.0,10,0,2,0,2.0,0
0.811,42,0,0.3824,3838.0,9,0,0,0,0.0,0
1.628,46,0,0.1151,,2,0,3,0,0.0,0
0.6059,30,0,0.2585,4463.0,4,0,2,0,0.0,0
0.4844,56,0,0.6324,11621.0,7,0,1,0,0.0,0
0.792,77,0,0.7124,4677.0,11,0,2,0,0.0,0
0.4724,55,0,0.7765,3007.0,5,0,0,0,2.0,0
0.804,64,0,0.5643,,5,0,0,0,1.0,0
0.3623,35,0,0.2591,3005.0,3,0,0,0,3.0,0
0.9063,25,0,0.8042,1331.0,9,1,0,0,0.0,0
0.4519,47,0,0.3447,2850.0,3,0,1,0,2.0,0
0.1349,88,0,0.6306,8172.0,9,0,2,0,2.0,0
0.5851,28,0,0.507,14070.0,4,0,0,0,0.0,0
0.747,68,0,0.4862,11378.0,9,0,1,0,2.0,0
0.5458,56,0,0.6061,4895.0,7,0,3,0,0.0,1
0.2008,60,0,0.489,3403.0,8,0,1,0,1.0,0
0.434,55,1,0.8455,3032.0,6,0,2,2,0.0,0
0.5527,44,0,0.8411,7869.0,7,0,1,0,0.0,0
0.4867,47,0,0.4245,7555.0,6,0,1,0,0.0,0
0.3787,63,0,0.2163,,5,0,2,0,0.0,0
1.1586,64,0,0.2084,8574.0,15,0,0,0,0.0,0
2.0266,31,0,0.3396,8666.0,8,0,0,0,0.0,0
0.8717,53,0,1.0057,6052.0,17,0,0,0,1.0,0
0.2506,48,0,0.5969,7086.0,7,0,0,0,2.0,0
0.4434,34,0,0.3197,3159.0,8,0,0,0,1.0,0
1.7482,69,0,0.4796,7699.0,10,0,2,0,0.0,0
0.0443,47,0,0.3583,3843.0,14,0,1,0,1.0,0
1.0667,54,0,0.5906,,13,0,0,0,0.0,0
0.2458,69,0,0.1128,3489.0,10,0,0,0,1.0,0
0.5504,64,0,0.319,,8,0,0,0,0.0,0
0.0182,70,0,0.148,1735.0,5,0,3,0,1.0,0
0.1018,37,0,0.2239,5042.0,6,0,0,0,0.0,0
0.107,74,0,0.5564,2882.0,8,0,0,0,2.0,0
2.1719,44,0,0.6666,,6,0,3,0,3.0,0
0.3248,39,0,0.363,5801.0,4,1,2,0,0.0,0
0.2494,59,0,0.2651,5137.0,8,0,0,0,1.0,0
0.3552,46,0,0.4264,,9,0,0,0,0.0,0
0.5096,63,0,0.6383,,15,0,0,0,1.0,0
0.6565,41,0,0.5027,,14,0,0,0,1.0,0
0.6193,54,0,0.4533,9049.0,2,0,2,0,0.0,0
0.2851,75,0,0.6105,4595.0,8,0,1,0,0.0,0
0.3154,59,0,0.4536,3682.0,5,0,1,0,1.0,0
0.2691,51,0,0.9831,2773.0,9,0,1,0,0.0,0
0.4762,56,0,0.6126,7651.0,9,0,3,0,0.0,0
0.1663,21,0,0.7731,,7,0,0,0,0.0,0
0.5097,49,0,0.5052,3978.0,10,0,2,0,0.0,0
0.7193,35,0,0.8227,4104.0,3,0,0,0,,1
0.3901,48,0,0.2477,9051.0,8,0,1,0,1.0,0
0.3293,36,2,0.7115,7143.0,8,0,0,1,,0
0.0137,56,0,0.4288,,5,0,0,0,1.0,0
0.0164,24,0,0.6523,6738.0,13,0,0,0,2.0,0
0.89,51,1,0.3834,3130.0,3,0,0,0,1.0,0
0.0588,70,0,0.1022,17880.0,9,0,0,0,1.0,0
0.245,65,0,0.6643,10772.0,8,0,0,0,1.0,0
0.0191,51,0,0.167,12895.0,10,0,1,0,0.0,0
0.4111,66,0,0.4866,6900.0,7,0,2,0,0.0,0
0.7942,51,0,0.7325,4359.0,4,0,2,0,0.0,1
0.2749,52,0,0.5046,19517.0,11,0,0,0,1.0,0
0.3257,39,0,0.3347,4035.0,7,0,0,0,1.0,0
0.3019,49,0,0.7943,,11,0,0,0,1.0,0
5.137,66,0,0.1443,8160.0,10,0,0,0,1.0,0
0.3459,61,0,0.5369,,7,0,0,0,1.0,0
0.3646,77,1,0.2241,,8,0,1,0,0.0,0
0.2255,64,0,0.6697,11144.0,8,0,1,0,0.0,0
0.2456,38,0,0.9117,10038.0,6,0,0,0,1.0,0
0.0789,24,0,0.7446,2734.0,7,0,2,0,1.0,0
1.3302,59,0,0.394,3738.0,5,0,1,0,2.0,1
0.5498,61,0,0.4207,3177.0,15,0,0,0,1.0,0
0.1731,52,0,0.4068,6832.0,8,0,2,0,0.0,0
0.2973,74,0,0.1107,4387.0,10,0,0,0,1.0,0
0.1336,55,0,1.428,16891.0,3,0,2,0,1.0,0
1.0692,66,0,0.6868,,11,0,1,0,,0
5.297,56,2,0.3364,5743.0,6,0,3,1,1.0,0
0.0128,55,0,0.5275,6288.0,5,0,1,0,0.0,0
0.2825,69,0,0.3889,6112.0,8,0,0,0,0.0,0
0.0092,82,0,0.4231,24665.0,4,0,4,0,0.0,0
0.3268,51,0,0.4078,3780.0,7,0,4,0,2.0,0
0.453,61,0,0.0192,6625.0,9,0,2,0,1.0,0
1.2904,59,0,0.1281,,6,0,0,0,1.0,0
0.6493,49,0,0.6034,9422.0,9,0,0,0,0.0,0
0.0899,41,0,0.6695,7019.0,8,0,1,0,0.0,0
0.2966,67,0,0.2366,6648.0,8,0,0,0,0.0,0
0.1784,73,0,0.1924,8406.0,5,0,0,0,0.0,0
0.2124,53,0,0.2792,4947.0,6,0,1,0,1.0,0
0.0772,46,0,0.5121,5036.0,14,0,2,0,1.0,0
2.7665,67,0,0.2028,,7,0,0,0,1.0,0
0.4332,40,0,1.3293,2185.0,8,0,2,0,2.0,0
0.4956,58,0,0.6963,7191.0,5,0,2,0,,0
1.3208,58,2,1.0579,,6,0,0,0,1.0,0
0.2635,54,0,0.848,6224.0,7,0,0,0,1.0,0
0.3519,67,0,0.6378,5467.0,12,0,2,0,0.0,0
5.3422,57,0,0.9244,4038.0,6,0,0,0,0.0,0
0.5459,52,0,0.7373,2165.0,11,0,1,0,,0
0.0652,45,0,1.1441,,3,0,1,0,0.0,0
0.4566,50,1,0.1411,2616.0,6,0,3,0,1.0,0
0.4581,47,0,0.5703,6993.0,5,0,2,0,0.0,0
0.2931,49,0,0.2394,,6,0,2,0,1.0,0
2.029,62,0,0.4623,9705.0,9,0,0,0,2.0,0
0.217,43,0,0.2184,2600.0,9,0,3,0,0.0,0
0.3182,63,0,0.5167,6791.0,9,0,0,0,0.0,0
0.5691,66,0,0.4109,3853.0,8,0,0,0,1.0,0
0.4293,74,0,0.3997,7430.0,9,0,2,0,1.0,0
0.1033,61,0,0.2582,3452.0,17,0,0,0,1.0,0
0.435,57,0,0.4329,3907.0,4,0,2,0,1.0,0
0.6272,64,0,0.1518,4500.0,9,0,1,0,0.0,0
0.6675,61,0,0.2382,5051.0,8,0,1,0,0.0,1
0.5095,64,0,0.399,2894.0,5,0,1,0,0.0,0
0.0383,35,0,0.7029,,2,0,2,0,2.0,0
2.7885,39,0,0.6067,3462.0,9,0,3,0,0.0,0
0.7333,42,0,0.3025,3627.0,8,0,1,0,0.0,0
0.5156,73,0,0.644,6301.0,7,0,2,0,1.0,0
0.1849,21,0,0.6569,4301.0,7,0,1,0,1.0,0
0.8525,68,3,0.4862,,10,1,0,0,0.0,0
1.1726,51,0,0.7218,,7,0,3,0,0.0,0
0.409,53,0,0.6202,4428.0,8,0,1,0,0.0,0
0.9529,56,1,0.5079,3583.0,7,0,2,1,1.0,0
0.154,24,0,0.4904,,5,0,1,0,0.0,0
0.2072,44,0,0.6972,2728.0,9,0,0,0,1.0,0
0.3856,59,0,0.6751,10555.0,12,0,1,0,0.0,0
0.1423,64,0,0.7134,14439.0,7,0,1,0,,0
0.2852,64,0,0.5749,8084.0,7,0,2,0,0.0,0
0.1066,53,0,0.959,3690.0,5,0,2,0,1.0,0
1.0484,71,0,0.5488,2279.0,5,0,1,0,,1
0.2113,51,0,0.748,5570.0,10,0,1,0,1.0,0
0.7515,57,0,1.0192,5329.0,8,0,1,0,0.0,0
2.4945,61,1,0.2979,4748.0,7,0,2,0,1.0,0
3.8126,45,0,0.5633,3570.0,10,0,1,0,0.0,1
0.0835,58,2,0.3697,11156.0,14,0,2,0,0.0,0
0.1447,49,0,0.4868,18186.0,8,0,1,0,0.0,0
0.7098,49,0,0.5175,3084.0,9,0,1,0,0.0,1
0.2371,58,0,0.7667,3151.0,2,0,2,0,1.0,0
0.4318,61,0,0.4567,4891.0,8,0,1,0,3.0,0
0.7269,54,0,0.627,4081.0,11,0,2,0,1.0,0
0.7559,52,0,0.6168,1939.0,5,0,0,0,0.0,0
0.7294,59,0,0.1304,7981.0,6,0,0,0,1.0,0
0.6108,55,0,0.9366,,11,0,1,0,0.0,0
0.4242,41,0,0.4914,1790.0,6,0,0,0,,0
0.2653,66,0,0.1594,2194.0,6,0,0,0,2.0,0
2.7207,42,0,0.601,2899.0,10,0,3,0,1.0,0
0.2539,67,0,0.2057,,11,0,2,0,3.0,0
0.0781,61,2,0.4855,13324.0,9,0,1,0,0.0,0
0.8754,60,0,0.4374,8895.0,6,0,2,0,3.0,1
0.2196,69,0,0.1238,3426.0,3,0,1,0,3.0,0
0.4571,58,0,0.6207,4743.0,7,0,0,0,1.0,0
1.295,85,0,0.4015,5355.0,10,0,1,0,1.0,0
0.1724,52,0,0.4103,4540.0,10,0,0,0,1.0,0
0.2134,25,0,1.1732,3812.0,12,0,0,0,1.0,0
0.9671,48,0,0.7478,8117.0,15,0,2,0,0.0,0
0.1478,73,0,0.1822,3287.0,8,0,0,0,0.0,0
0.2086,83,0,0.1288,,7,0,1,0,0.0,0
0.4152,83,0,0.5593,,9,0,0,0,1.0,0
4.5795,74,0,0.6439,6913.0,5,0,2,0,0.0,0
0.2803,54,0,0.4098,3326.0,13,0,1,0,1.0,0
0.1821,50,0,0.6745,3815.0,12,0,0,0,,0
0.8576,81,2,0.1922,,7,3,1,2,1.0,0
0.0306,61,2,0.2745,8445.0,8,0,2,0,3.0,0
0.4223,49,0,0.1708,,7,0,0,0,2.0,0
0.896,66,2,0.0771,2938.0,9,0,2,0,0.0,0
0.556,36,0,0.7435,7584.0,7,0,0,0,1.0,0
0.6137,41,0,0.4634,,12,0,1,0,,0
0.5262,34,0,0.1896,5630.0,8,0,1,0,0.0,0
0.0163,55,0,0.8661,,11,0,1,0,0.0,0
0.9962,65,0,0.2866,,9,0,1,0,1.0,0
0.2918,58,0,0.7114,6084.0,6,0,1,0,0.0,0
0.0347,34,0,0.6488,2873.0,3,0,0,0,0.0,0
0.1129,57,0,1.2352,3119.0,4,0,1,0,0.0,0
0.5331,44,0,0.1819,,12,0,2,0,1.0,0
4.3543,37,0,0.78,3123.0,3,0,0,0,2.0,0
0.0108,37,0,0.3024,4457.0,13,0,0,0,4.0,0
0.1218,68,0,0.1092,18803.0,11,0,1,0,0.0,0
0.3156,57,0,1.1159,6863.0,6,0,0,0,0.0,0
0.2016,66,0,0.5391,23091.0,16,0,0,0,1.0,0
0.535,83,0,0.1649,5723.0,9,0,0,0,1.0,0
0.8298,55,0,0.6944,4519.0,10,0,2,0,1.0,0
0.0157,70,0,0.2879,4070.0,11,0,0,0,1.0,0
0.3602,48,0,0.1747,,10,0,0,0,2.0,0
3.0279,51,0,0.0243,5205.0,5,0,0,0,0.0,1
0.1416,57,0,0.7234,7558.0,7,0,0,0,0.0,0
0.5966,54,0,0.4459,5541.0,12,0,0,0,1.0,0
1.1159,58,0,0.365,,6,0,2,0,0.0,0
0.2133,34,0,0.1347,3778.0,6,0,0,0,1.0,0
0.4758,68,0,0.4717,2434.0,3,0,0,0,,0
1.9572,44,0,0.2985,19124.0,10,0,1,0,1.0,0
0.0183,53,0,0.2954,7467.0,9,0,0,0,1.0,0
0.022,56,0,1.1032,5967.0,6,0,0,0,2.0,0
1.3421,72,1,0.9601,,7,0,0,2,0.0,0
0.55,64,0,1.2,9982.0,5,0,0,0,0.0,0
2.4176,47,1,0.6515,4443.0,4,0,0,0,1.0,0
12.6426,25,0,0.7789,,8,0,0,0,1.0,1
0.6461,62,0,0.5355,4118.0,9,0,0,0,2.0,0
0.4868,71,0,0.8254,7272.0,6,0,1,0,2.0,0
0.0036,41,0,0.8002,,10,0,2,0,0.0,0
0.7828,59,0,0.8337,4075.0,14,0,2,0,3.0,0
0.1197,59,0,0.5419,4089.0,7,0,2,0,1.0,0
0.2381,69,0,0.5835,4444.0,8,0,1,0,0.0,0
0.0484,45,0,0.7645,5147.0,6,0,1,0,2.0,0
0.4676,65,0,0.5932,8864.0,8,0,0,0,0.0,0
0.3413,49,0,0.3586,,11,0,1,0,1.0,0
0.1015,39,0,1.1973,5540.0,13,0,0,0,0.0,0
4.6471,43,0,0.8029,6504.0,9,0,2,0,2.0,0
0.5827,53,0,0.2671,,9,0,0,0,1.0,0
0.162,61,0,0.3447,11526.0,10,0,1,0,1.0,0
1.9346,56,0,0.2964,3229.0,5,2,0,0,0.0,0
0.2049,48,0,1.1034,4034.0,5,0,1,0,2.0,0
0.1394,48,0,0.6339,2136.0,5,0,0,0,1.0,0
0.8384,35,0,0.6533,7173.0,9,0,1,0,,0
0.1879,27,1,0.0848,11750.0,7,0,1,1,0.0,1
4.2309,36,1,0.3824,3106.0,8,0,0,1,0.0,0
1.6644,33,0,0.2538,1832.0,10,0,1,0,0.0,0
0.1879,75,0,0.3721,10530.0,8,0,4,0,0.0,0
0.7179,58,0,0.4487,2789.0,8,0,1,0,1.0,0
0.1889,64,0,0.2639,23530.0,13,0,1,0,2.0,0
0.2298,57,0,0.6782,6802.0,8,0,2,0,2.0,0
0.9573,45,0,0.3598,4586.0,7,0,0,0,0.0,0
0.5421,48,0,0.725,,7,0,0,0,0.0,0
0.4442,26,0,0.729,10865.0,7,0,1,0,0.0,0
1.0343,43,0,0.2696,1639.0,9,0,0,0,0.0,0
0.4276,42,0,0.6719,,10,0,1,0,0.0,0
0.3344,27,0,0.6278,,10,0,3,0,2.0,0
0.0734,61,0,0.3363,4396.0,4,0,2,0,1.0,0
0.2899,49,0,1.216,3557.0,9,0,1,0,1.0,0
0.9939,69,2,0.9607,11313.0,11,0,3,0,1.0,0
0.2343,68,0,0.1807,5303.0,10,0,1,0,0.0,0
0.9237,78,0,0.3765,7814.0,8,0,2,0,1.0,0
0.0475,68,0,0.3338,5443.0,4,0,1,0,0.0,0
0.1739,56,1,0.8565,,7,0,1,0,0.0,0
0.1556,51,0,0.8303,13179.0,8,0,0,0,1.0,0
0.5257,45,2,0.2981,3020.0,7,0,2,0,0.0,0
0.1971,69,0,0.0963,8005.0,10,0,0,0,0.0,0
0.2802,38,0,0.174,2768.0,16,0,4,0,0.0,0
0.1049,52,0,0.649,1852.0,11,0,0,0,0.0,0
0.0548,53,0,0.6662,7623.0,5,0,1,0,1.0,0
0.5643,52,0,0.5603,7979.0,6,0,1,0,0.0,0
3.7913,29,0,0.9322,2183.0,5,0,1,0,1.0,0
0.5236,52,0,0.5364,7243.0,5,0,0,0,0.0,0
0.4646,49,0,0.3819,7758.0,5,0,1,0,2.0,0
0.1445,68,0,0.2144,1414.0,1,0,1,0,0.0,0
0.4235,68,0,0.2395,6224.0,13,0,0,0,1.0,0
2.0652,40,0,0.3625,2213.0,7,0,0,0,0.0,0
0.4197,67,0,0.6013,3299.0,8,0,1,0,1.0,0
0.0787,42,0,0.7666,15131.0,11,0,0,0,0.0,0
0.0919,45,0,0.5656,6485.0,7,0,0,0,0.0,0
0.0899,53,0,0.6291,8595.0,9,0,0,0,1.0,0
0.4153,60,0,0.2682,7142.0,6,0,1,0,0.0,0
0.3527,36,0,0.5647,2382.0,7,0,0,0,5.0,0
0.4306,59,0,0.361,11128.0,14,0,1,0,0.0,0
0.1183,48,0,0.5304,4998.0,7,0,2,0,1.0,0
0.0097,43,0,0.2276,,8,0,2,0,0.0,0
0.0934,36,0,0.4845,4988.0,12,0,1,0,1.0,0
0.9203,57,0,0.3417,4767.0,6,0,0,0,1.0,0
2.4545,64,0,0.8913,7293.0,9,0,0,0,0.0,0
0.2941,32,0,0.2445,,6,0,2,1,0.0,0
3.3994,37,1,0.1612,1176.0,8,0,3,0,0.0,0
0.2188,39,0,0.2223,7386.0,12,0,2,0,0.0,0
0.2937,58,0,0.1957,,10,0,1,0,4.0,0
0.0635,59,0,0.9636,2690.0,6,0,3,0,1.0,0
0.4555,54,0,0.6226,5092.0,10,0,2,0,0.0,0
3.7068,32,0,0.118,9354.0,11,0,1,0,1.0,0
0.3874,50,0,0.6347,7580.0,8,0,2,0,2.0,0
0.8011,27,0,0.5864,16471.0,11,0,0,0,1.0,0
1.0716,55,1,0.7906,,12,0,3,0,0.0,0
0.6874,63,0,0.3033,10308.0,6,0,2,0,1.0,0
0.117,21,0,1.0048,3837.0,12,0,2,0,,0
2.5843,29,0,0.3878,8355.0,5,0,2,0,3.0,0
0.8354,41,0,0.3226,5236.0,7,0,0,0,0.0,0
1.6031,43,0,0.433,3860.0,6,0,1,0,0.0,0
0.4291,52,0,1.0076,2217.0,8,0,0,0,0.0,0
0.5978,74,0,0.6706,3709.0,9,0,1,0,2.0,0
5.948,53,0,0.5232,1124.0,8,0,2,0,0.0,0
0.2589,37,0,0.5485,,5,0,1,0,1.0,0
0.2045,21,0,0.912,4741.0,8,0,1,0,1.0,0
0.4606,68,0,0.6339,,14,0,0,0,0.0,0
4.8884,47,0,1.1502,4301.0,7,0,1,0,1.0,1
0.405,65,0,0.5499,2551.0,8,0,3,0,1.0,0
3.4514,54,0,0.23,,9,0,4,0,2.0,0
0.8355,48,0,1.0221,,8,0,1,0,0.0,0
0.0791,43,0,0.5591,6919.0,9,0,3,0,0.0,0
0.3307,58,0,0.9063,2118.0,5,0,2,0,2.0,0
0.1586,65,0,0.0888,9779.0,3,0,0,0,0.0,0
0.3181,66,0,0.3542,2251.0,11,0,1,0,0.0,0
0.2757,58,0,0.4467,2746.0,7,0,0,0,1.0,0
0.4967,51,0,0.5224,6965.0,9,0,3,0,2.0,0
3.3621,63,0,0.5585,20890.0,6,0,1,0,2.0,0
0.7974,41,0,0.1093,4515.0,6,0,0,0,1.0,0
0.0875,65,0,0.6893,3782.0,5,0,3,0,1.0,0
0.8308,37,3,0.3758,,11,0,1,2,4.0,0
0.7153,62,0,0.1243,5251.0,11,0,1,0,0.0,1
1.7509,65,0,0.2898,5118.0,6,0,1,0,0.0,0
3.0697,54,0,0.1672,6784.0,6,0,0,0,0.0,0
4.7871,55,0,0.8616,5364.0,8,0,1,0,0.0,0
0.7556,55,0,0.4053,,7,0,0,0,0.0,0
0.529,47,0,0.3578,7659.0,6,0,2,0,0.0,0
0.3069,43,0,0.0865,12279.0,10,0,0,0,0.0,0
0.7523,57,0,0.5736,,7,0,1,0,0.0,0
0.7723,52,0,0.4003,4612.0,11,0,0,0,3.0,0
0.3258,55,0,0.679,7487.0,3,0,1,0,0.0,0
0.511,60,0,0.5536,,13,0,3,0,3.0,0
0.0933,65,0,0.5421,,7,0,0,0,,0
0.4904,47,0,0.4717,6910.0,5,0,2,0,0.0,0
0.3459,42,0,0.0359,2850.0,10,0,0,0,0.0,0
0.1436,51,0,0.4296,4099.0,10,0,1,0,0.0,0
0.6826,49,0,0.3676,3479.0,13,0,0,0,2.0,0
0.0208,31,0,0.0624,11465.0,6,0,1,0,0.0,0
0.6264,47,0,0.5598,5942.0,12,0,1,0,0.0,0
2.7816,42,0,0.0532,2517.0,10,0,0,0,2.0,0
0.0681,47,0,0.3147,,9,0,1,0,0.0,0
1.984,56,0,0.3699,4465.0,10,0,4,0,3.0,0
1.9164,21,0,0.0695,,10,0,0,0,0.0,0
1.0995,55,0,0.1222,,3,0,0,0,1.0,0
0.5558,63,0,0.8599,8150.0,12,0,1,0,0.0,0
1.954,58,0,0.6564,3752.0,11,0,3,0,1.0,1
0.4872,41,0,0.433,3124.0,13,2,2,0,,0
0.5641,78,0,0.6183,4403.0,5,0,2,0,1.0,0
0.1246,37,0,0.2148,1556.0,8,0,2,0,0.0,0
0.2924,55,0,0.8922,7466.0,8,0,1,0,0.0,0
3.4854,77,0,0.544,20923.0,4,0,0,0,1.0,0
0.4922,45,0,0.0745,4511.0,8,0,0,0,2.0,0
0.0194,49,0,0.7043,7662.0,8,0,0,0,0.0,0
0.2285,54,0,0.5713,19346.0,7,0,2,0,0.0,0
0.0937,60,0,0.6062,3102.0,10,0,0,0,1.0,0
0.2769,88,0,0.0447,5277.0,6,0,0,0,0.0,0
0.8529,56,2,0.8254,,5,0,2,0,0.0,0
0.7576,52,0,0.5468,6573.0,8,0,3,0,3.0,0
0.0758,58,0,0.9044,3759.0,5,0,0,0,0.0,0
1.0665,26,0,0.1546,3518.0,8,0,0,0,0.0,0
0.0509,69,0,0.1012,5915.0,9,0,1,0,0.0,1
0.0717,83,0,0.9931,8958.0,6,0,0,0,2.0,0
2.8178,85,0,0.9917,4208.0,4,0,1,0,0.0,1
1.3735,57,0,0.6839,10434.0,7,0,1,0,1.0,0
0.2104,40,0,0.6159,,7,0,0,0,0.0,0
0.3978,44,0,0.3021,3463.0,9,0,2,0,1.0,0
0.6486,51,0,0.2643,,11,0,1,0,1.0,0
0.8162,48,0,0.7286,5858.0,9,0,1,0,2.0,0
0.6601,44,0,0.7022,4501.0,7,0,1,0,,0
0.7119,43,0,0.4796,13853.0,12,0,0,0,4.0,0
0.4699,41,0,0.8152,,7,0,2,0,0.0,0
0.1684,33,0,0.177,,7,0,1,0,2.0,0
3.8409,57,0,0.4255,2223.0,5,0,1,0,0.0,1
3.3252,69,0,0.8294,7216.0,7,0,1,0,0.0,0
0.5842,59,0,0.8363,,7,0,1,0,0.0,0
0.2399,75,0,0.3643,,7,0,0,0,2.0,0
0.1936,66,0,0.3166,,7,0,1,0,0.0,0
0.3147,65,0,0.1356,10131.0,6,0,2,0,1.0,0
0.8022,35,0,0.8762,2417.0,8,0,0,0,0.0,1
1.5151,39,0,0.3523,7765.0,8,0,1,0,2.0,0
0.4709,46,0,0.1338,,6,0,2,0,1.0,0
0.9597,48,3,0.6422,,8,1,0,0,1.0,0
0.4863,36,0,0.9858,2096.0,9,0,0,0,1.0,0
0.369,72,0,0.0763,5987.0,8,0,2,0,0.0,0
0.8525,72,0,0.1962,2823.0,9,0,1,0,2.0,0
0.1787,40,0,0.1209,6080.0,6,0,1,0,1.0,0
0.7339,48,0,0.3842,1876.0,14,0,1,0,0.0,0
0.5147,39,0,0.3564,5995.0,8,0,2,0,2.0,1
0.8682,41,0,0.1659,9393.0,11,0,0,0,1.0,0
1.163,68,0,0.4336,3446.0,7,0,1,0,1.0,0
0.2202,39,0,0.6741,9928.0,4,0,0,0,1.0,0
0.237,55,0,0.675,,7,0,1,0,0.0,0
0.6916,21,0,0.4811,7448.0,7,0,2,0,0.0,0
0.2071,76,0,0.2346,4828.0,6,0,0,0,1.0,0
0.0042,53,0,0.6136,4525.0,11,0,2,0,0.0,0
0.1486,64,0,0.2636,5829.0,5,0,2,0,0.0,0
0.4225,56,0,0.5971,11685.0,7,0,0,0,1.0,0
0.9729,56,0,0.2647,17115.0,14,0,0,0,2.0,0
3.0705,41,0,0.3954,6650.0,9,0,0,1,1.0,0
0.6015,37,0,0.5737,,8,0,2,0,1.0,1
0.3488,24,0,0.0992,3376.0,7,0,1,0,0.0,0
0.0805,78,0,0.1247,16754.0,6,0,4,0,1.0,1
0.4616,71,0,0.5669,26236.0,4,0,3,0,1.0,0
1.5331,70,0,0.3736,,8,0,1,0,0.0,0
0.0471,47,0,0.8425,2106.0,6,0,0,0,0.0,0
0.5048,62,0,0.695,,3,0,3,0,1.0,0
0.3532,43,0,0.7062,4094.0,14,0,0,0,2.0,0
0.1486,69,0,0.4791,3022.0,6,0,0,0,2.0,0
1.1143,50,0,0.2728,10393.0,6,0,0,0,1.0,0
0.3055,46,0,0.1316,7125.0,16,0,1,0,1.0,1
0.2796,39,2,0.7477,14596.0,8,0,0,1,1.0,0
9.5755,50,0,1.1977,6766.0,6,0,0,0,1.0,0
1.776,37,0,0.4287,3600.0,11,0,2,0,1.0,0
0.026,30,0,0.7277,,12,0,0,0,0.0,0
0.423,46,0,0.4417,,13,0,1,0,2.0,0
0.2763,57,0,1.1526,3928.0,5,0,2,0,2.0,0
0.1689,47,0,0.7794,,5,0,1,0,0.0,0
0.3677,40,0,0.2424,,7,0,0,0,0.0,0
0.6383,95,0,0.5931,3278.0,8,0,2,0,1.0,0
0.0175,46,1,0.1248,,12,0,1,1,0.0,0
0.7761,70,0,0.4973,2842.0,5,0,2,0,1.0,1
0.3447,24,0,0.5546,5043.0,10,0,1,0,0.0,0
0.1685,21,0,0.1887,10352.0,8,0,2,0,2.0,0
0.2638,73,0,0.205,,5,0,0,0,1.0,0
1.3412,56,0,0.1232,3288.0,8,0,0,0,1.0,0
0.8926,65,3,0.2363,2135.0,7,0,0,0,0.0,0
0.1091,60,0,0.0325,12099.0,7,0,2,0,0.0,0
0.8457,30,0,0.4745,6666.0,9,0,2,0,1.0,0
0.4888,56,0,0.0876,,7,0,0,0,1.0,1
0.3241,67,0,0.3095,6997.0,11,0,0,0,3.0,0
1.3735,27,0,0.5474,,5,0,2,0,0.0,0
0.7141,46,0,0.6533,4665.0,6,0,2,0,0.0,1
0.094,60,0,0.3568,6572.0,10,0,1,0,2.0,0
0.0674,37,3,0.0457,,6,0,1,0,1.0,0
0.3026,66,0,0.4934,5321.0,7,0,1,0,0.0,0
3.2774,40,1,0.3563,2706.0,4,0,2,0,1.0,0
0.0384,22,0,0.0438,4277.0,8,0,1,0,1.0,0
0.3388,57,0,0.5643,5645.0,12,0,2,0,2.0,0
0.2381,67,0,0.8031,2362.0,5,0,1,0,0.0,0
0.3068,72,0,0.2699,10606.0,9,0,1,0,0.0,0
1.324,77,0,1.3424,5664.0,11,0,1,0,0.0,0
0.4006,30,0,0.6759,2989.0,6,0,1,0,1.0,0
0.4994,52,0,0.6525,5439.0,5,0,1,0,0.0,0
0.5014,68,0,0.5874,4791.0,9,0,1,0,0.0,0
0.4473,61,0,0.314,3795.0,3,0,1,0,1.0,0
0.4262,47,0,0.1743,4474.0,10,0,0,0,2.0,0
0.0532,75,0,0.0519,2571.0,7,0,1,0,1.0,0
0.0949,61,0,0.085,2845.0,7,0,4,0,,0
2.2039,69,0,0.5783,6116.0,7,0,1,0,0.0,0
2.553,34,0,0.4554,2330.0,9,0,0,0,1.0,0
0.9293,47,0,1.1882,5341.0,8,0,1,0,0.0,0
0.2319,42,0,0.1284,3642.0,11,0,3,0,0.0,0
0.1404,51,0,0.0959,8171.0,10,0,1,0,1.0,0
0.2444,47,2,0.5166,8214.0,13,0,1,0,,0
0.4767,70,0,0.5938,,15,2,1,0,2.0,0
0.1693,42,0,0.915,2348.0,4,0,2,0,1.0,0
4.4727,49,0,0.1853,3386.0,5,0,1,0,1.0,0
2.9669,63,0,0.2729,8272.0,11,0,2,0,0.0,0
0.145,34,0,0.2695,13842.0,7,0,0,0,1.0,0
0.2178,50,0,0.3277,,10,1,1,0,1.0,0
2.3002,55,0,0.2519,1551.0,4,0,0,0,2.0,0
0.0274,46,0,0.9426,,7,0,1,0,1.0,0
0.3291,45,0,0.225,9362.0,4,0,1,0,1.0,0
0.4598,56,0,0.5958,4274.0,4,0,0,0,1.0,1
4.9631,40,0,0.139,8699.0,10,0,0,0,0.0,0
0.1874,55,0,0.5246,6261.0,6,0,1,0,0.0,0
0.8891,45,0,0.2239,8095.0,4,0,0,0,0.0,0
0.2358,55,0,0.7032,5808.0,7,0,3,0,2.0,0
0.1887,62,0,0.1645,8837.0,5,0,1,0,0.0,0
0.3314,58,0,0.6679,,5,0,0,0,0.0,0
0.1666,48,0,0.4106,,10,0,1,0,0.0,0
0.485,85,0,0.6211,6150.0,9,0,1,0,0.0,1
5.1906,60,0,0.7061,4844.0,6,0,2,0,0.0,0
0.1911,39,0,0.8606,17854.0,5,0,2,0,0.0,0
0.5122,63,0,0.4094,4709.0,6,0,0,0,2.0,0
0.622,47,0,0.4556,7621.0,11,0,0,0,1.0,0
0.3738,60,0,0.6383,6509.0,7,0,1,0,1.0,0
0.2937,57,0,0.0901,7385.0,4,0,0,0,2.0,0
0.1347,55,0,0.343,6555.0,9,0,3,0,0.0,0
0.3106,58,0,0.2227,7749.0,8,0,2,0,1.0,0
0.7339,35,0,0.3246,,7,0,1,0,1.0,0
0.0519,42,0,0.4225,5674.0,9,0,0,0,0.0,0
0.0469,43,0,0.5236,3367.0,2,0,3,0,2.0,0
0.7466,45,0,0.4479,1676.0,7,0,0,0,0.0,0
0.5951,73,0,0.3673,8791.0,9,0,1,0,0.0,0
0.4411,59,0,0.2182,5032.0,8,0,5,0,2.0,0
1.2455,56,0,0.377,,5,0,1,0,0.0,0
3.9445,51,0,0.5076,2581.0,4,0,2,0,0.0,0
0.1619,84,0,0.3695,2551.0,6,0,1,0,0.0,0
0.1115,43,0,0.3739,6266.0,7,0,1,0,0.0,0
0.2913,64,0,0.8351,2908.0,9,0,1,0,0.0,0
0.9332,64,0,0.2375,15625.0,5,0,1,0,1.0,0
0.4529,63,1,0.1291,,8,0,1,0,,0
0.274,47,0,0.3667,3307.0,5,0,1,0,1.0,0
0.1867,38,0,0.058,7008.0,5,0,1,0,1.0,0
1.3025,58,0,0.5873,3258.0,15,0,0,0,0.0,0
0.2892,53,0,0.6174,,9,0,2,0,0.0,0
0.6983,49,0,0.7584,,10,0,0,0,0.0,0
0.1119,46,0,1.0416,6346.0,5,0,0,0,1.0,0
0.1727,64,0,0.1967,,12,0,0,0,3.0,0
0.9633,50,1,0.5335,,8,0,4,0,0.0,0
0.8993,39,0,0.6989,7836.0,10,0,1,0,0.0,0
0.268,88,0,0.4591,4235.0,12,0,1,0,1.0,0
0.8695,72,0,0.9038,10642.0,8,0,1,0,2.0,0
0.2288,46,0,0.0605,6283.0,1,0,0,0,1.0,0
0.248,77,0,0.1137,,6,0,0,0,4.0,0
0.0299,33,0,0.8849,9461.0,6,0,1,0,2.0,0
0.6108,35,0,0.8341,4179.0,8,0,2,0,1.0,0
0.0737,45,0,0.166,5677.0,8,0,1,0,0.0,0
0.5076,71,0,0.0165,3323.0,10,0,2,0,0.0,0
0.0239,43,0,0.4372,10798.0,6,0,3,0,2.0,0
0.3393,64,0,0.3856,,10,0,0,0,1.0,0
0.4745,39,0,0.7445,2628.0,8,0,0,0,0.0,0
0.7935,55,0,0.4554,8059.0,7,0,1,0,0.0,0
0.145,55,0,0.9737,,8,0,0,0,0.0,0
0.0002,43,0,0.2574,7304.0,14,0,0,0,0.0,0
0.1589,59,2,0.2075,2510.0,10,0,3,0,1.0,0
0.4376,40,0,0.3401,,4,0,0,0,1.0,0
0.5947,35,0,0.8143,3557.0,8,0,1,0,0.0,0
0.5925,45,0,0.6042,2104.0,10,0,2,0,0.0,1
0.7347,36,0,0.9161,8981.0,5,0,1,0,0.0,0
0.3301,35,0,0.5215,,12,0,0,0,1.0,0
0.3993,76,0,0.1392,18516.0,5,0,2,0,0.0,0
0.4699,49,0,0.6513,3689.0,6,0,0,0,1.0,0
0.1167,50,0,0.716,7172.0,12,0,1,0,1.0,0
1.2831,48,0,0.1431,8943.0,10,0,0,0,0.0,0
0.4852,45,0,0.4159,,7,0,1,0,1.0,0
0.9444,21,0,0.636,5271.0,10,0,2,0,1.0,0
6.6976,66,0,0.351,6418.0,7,0,1,0,0.0,0
0.1765,81,0,0.7332,3231.0,11,0,1,0,1.0,0
0.2375,45,0,0.6375,,11,0,1,0,0.0,0
1.1275,54,0,0.5872,27377.0,5,0,1,0,0.0,0
0.4181,56,0,0.1574,14387.0,12,0,0,0,1.0,0
0.8938,46,0,0.2309,7444.0,6,0,2,0,1.0,0
0.1321,44,0,0.8369,,6,0,1,0,1.0,0
0.017,57,0,0.5886,6215.0,5,0,0,0,0.0,0
1.0181,33,3,0.5844,2882.0,13,0,0,1,2.0,0
1.3199,64,0,0.491,,7,0,3,0,0.0,0
0.5575,45,0,0.2683,4624.0,8,0,0,0,0.0,0
3.8611,21,0,0.3443,3652.0,15,0,1,0,1.0,0
0.3269,37,0,0.3356,11168.0,5,0,1,0,1.0,0
0.4381,47,0,0.4892,3498.0,6,0,2,0,1.0,0
0.384,64,0,0.636,,8,0,0,0,,0
0.0761,71,0,0.7636,21007.0,5,0,0,0,1.0,0
0.5653,63,2,0.5838,11407.0,6,0,1,0,0.0,0
0.9109,58,0,0.1145,,7,0,0,0,0.0,0
1.3844,63,0,0.4905,6625.0,7,0,0,0,1.0,0
0.2513,43,0,0.6656,,6,0,1,0,0.0,0
0.2859,60,0,0.1739,5301.0,12,0,0,0,2.0,0
0.2201,68,0,0.148,3888.0,11,0,2,0,,0
0.0075,40,0,0.7966,5959.0,3,0,1,0,1.0,0
0.4328,41,0,0.4248,,8,0,1,0,2.0,0
1.2604,45,0,0.4098,3410.0,8,0,3,0,0.0,0
4.8049,31,0,0.2109,6599.0,12,0,2,0,1.0,0
0.5514,70,0,0.7535,1682.0,6,0,2,0,0.0,0
1.1587,45,0,0.1475,6056.0,7,0,0,0,1.0,0
0.4154,29,0,0.6149,5889.0,10,0,1,0,1.0,0
0.4594,21,0,0.0048,,3,0,2,0,0.0,1
0.2977,74,0,0.2945,5393.0,7,0,1,0,1.0,0
0.6167,67,0,0.258,,8,0,1,0,0.0,0
0.5937,41,0,0.398,3155.0,13,0,3,0,0.0,0
0.2317,62,0,0.7272,4012.0,11,0,1,0,2.0,0
0.039,36,0,0.5572,6871.0,8,0,1,0,3.0,0
0.1127,51,3,0.3264,,3,0,3,0,0.0,0
0.5436,41,0,0.8406,9095.0,5,0,0,0,2.0,0
0.053,36,0,0.089,5513.0,10,0,1,0,2.0,0
0.0618,65,0,0.9206,4632.0,4,0,0,0,2.0,0
0.6417,57,0,1.1461,4817.0,10,0,2,0,1.0,0
0.3913,47,0,0.5837,1666.0,10,0,0,0,1.0,0
0.0749,62,0,0.8706,5993.0,4,0,1,0,0.0,0
0.74,54,0,0.9496,4953.0,8,0,0,0,0.0,0
3.4784,41,0,0.5249,7533.0,8,0,1,0,,0
3.0812,39,0,0.1548,8726.0,7,0,0,0,0.0,0
1.055,63,0,0.335,5840.0,7,0,2,0,1.0,0
0.259,54,0,0.2565,5959.0,7,0,2,0,2.0,0
2.4605,48,0,0.5703,7499.0,2,0,0,0,1.0,0
0.6278,49,0,0.9073,,8,0,0,0,0.0,0
0.2475,68,0,0.4795,4117.0,17,0,1,0,1.0,0
0.2734,62,0,0.5291,3297.0,7,0,0,0,3.0,0
0.1388,51,0,0.5883,,9,0,1,0,1.0,0
1.6436,84,0,0.8719,5473.0,8,0,2,0,0.0,0
5.4866,52,0,0.8062,4779.0,6,0,2,3,0.0,0
1.3794,59,3,0.254,2734.0,8,0,1,1,1.0,0
0.2545,63,0,0.499,4233.0,6,0,1,0,3.0,0
3.8385,28,0,0.874,,4,0,0,0,2.0,1
0.1189,49,0,0.2101,7361.0,8,0,1,0,1.0,0
0.1918,50,0,0.343,5001.0,8,0,2,0,1.0,0
0.3575,21,0,0.5319,4149.0,8,0,2,0,2.0,0
0.6571,56,0,0.3949,,6,0,1,0,1.0,0
0.1923,27,0,0.2937,4508.0,9,0,1,0,1.0,0
0.8121,91,0,0.5578,15305.0,4,0,1,0,2.0,0
2.1008,63,0,1.0472,7828.0,5,0,1,0,1.0,0
0.1582,40,0,0.4034,,5,0,4,0,0.0,0
0.5876,84,0,0.9975,5262.0,6,0,0,0,1.0,0
4.662,68,0,0.1965,5349.0,3,0,1,0,3.0,0
0.3339,61,0,0.5331,2035.0,6,0,2,0,1.0,0
0.247,58,0,0.3341,1191.0,18,0,1,0,0.0,0
0.2026,48,0,0.4582,9821.0,12,0,3,0,1.0,0
0.1118,49,0,0.5504,8058.0,5,0,1,0,0.0,0
0.0738,60,0,0.9303,6825.0,9,0,2,0,0.0,0
1.5713,82,0,0.9997,5873.0,4,0,1,0,1.0,0
0.6356,64,2,0.5597,2688.0,7,0,1,0,1.0,0
0.686,76,0,0.4586,16427.0,8,0,0,0,,0
3.5554,55,0,0.2272,22269.0,10,0,0,0,1.0,0
0.383,45,0,0.9102,1895.0,5,0,1,0,1.0,0
0.0363,77,0,0.2421,5768.0,7,0,2,0,1.0,0
0.1838,80,0,0.2712,7022.0,10,0,0,0,2.0,0
0.7563,37,0,0.817,7021.0,4,0,1,0,1.0,0
1.0533,51,0,0.4617,4646.0,11,0,1,0,1.0,1
0.4498,69,0,0.5905,,5,0,0,0,0.0,0
0.3691,45,0,0.2996,8705.0,2,0,1,0,0.0,0
0.2232,50,0,0.5324,7590.0,10,0,0,0,,0
0.6033,71,0,0.244,7367.0,6,0,2,0,0.0,0
1.5809,54,0,0.8064,3780.0,6,0,0,0,1.0,0
0.6201,49,0,0.3259,8258.0,8,0,2,0,1.0,0
0.5905,59,0,0.1368,,10,0,0,0,0.0,0
0.0789,63,0,0.7615,5862.0,6,0,0,0,1.0,0
1.3052,21,0,0.4243,,6,0,3,0,3.0,0
1.0175,83,0,0.1669,,11,0,0,0,0.0,0
0.2736,56,0,0.3044,2951.0,10,0,1,0,0.0,0
0.4496,66,0,0.2124,7612.0,8,0,2,0,0.0,0
0.1974,69,0,1.0317,2318.0,9,0,0,0,1.0,0
0.1652,38,0,0.9184,,6,0,2,0,1.0,0
0.3376,26,0,0.6718,2328.0,6,0,0,0,1.0,0
0.5391,67,0,0.4336,13119.0,12,0,0,0,0.0,0
0.7357,67,0,0.6795,3650.0,9,0,0,0,0.0,1
0.218,42,0,0.7387,6323.0,8,0,4,0,2.0,0
0.2688,73,0,0.7464,3343.0,12,0,1,0,1.0,0
0.2737,40,0,0.5979,3580.0,14,0,0,0,1.0,0
0.1895,46,0,0.0328,15327.0,14,0,0,0,0.0,0
0.2439,51,0,0.9857,31203.0,8,0,2,0,2.0,0
0.4067,36,0,0.2518,3383.0,4,0,1,0,1.0,0
0.1862,46,0,0.4668,2267.0,5,0,1,0,2.0,0
5.092,58,0,0.545,4362.0,10,0,1,0,1.0,0
2.9244,69,0,0.2891,,9,0,0,0,0.0,0
0.964,55,0,0.2419,1673.0,9,0,1,0,1.0,0
0.0804,48,0,0.3241,,8,0,0,0,0.0,0
0.1291,38,0,0.537,,7,0,4,0,,0
0.114,51,0,0.2362,7854.0,9,0,0,0,2.0,0
0.0402,40,0,0.6507,5343.0,9,0,2,0,1.0,0
0.2057,39,0,0.4856,11811.0,12,0,1,0,0.0,0
0.3466,40,0,0.5414,7147.0,6,0,2,0,0.0,0
0.2171,56,0,0.8034,4606.0,7,0,1,0,1.0,0
0.337,58,0,0.8574,6802.0,10,0,1,0,2.0,0
0.167,50,0,0.1522,4272.0,9,0,0,0,0.0,0
0.1735,68,0,0.3168,7876.0,14,0,1,0,0.0,0
1.2196,66,0,0.5515,8576.0,5,0,2,0,0.0,0
1.1418,40,0,0.3237,14234.0,6,1,1,0,2.0,0
0.5386,74,0,0.688,6389.0,13,0,0,0,0.0,0
0.2887,22,0,0.7996,2145.0,7,1,1,1,2.0,0
0.5231,65,2,0.3052,,8,0,1,2,1.0,0
0.0663,55,0,0.6065,8616.0,5,0,0,0,2.0,0
0.4445,47,0,0.7515,8187.0,6,0,1,0,1.0,0
0.6682,47,1,0.4391,7992.0,7,0,1,1,2.0,0
0.5731,57,0,0.4899,10693.0,9,0,1,0,0.0,0
0.2555,46,0,0.6546,7968.0,13,0,1,0,1.0,0
1.1267,62,0,0.6021,6830.0,10,0,2,0,0.0,0
1.6198,22,2,0.5305,3520.0,5,0,0,0,2.0,1
0.1768,46,0,0.5715,5456.0,10,0,0,0,1.0,0
5.7409,58,0,0.5405,8057.0,5,0,0,0,1.0,0
0.2531,52,0,0.1331,,5,0,1,0,0.0,0
0.2891,37,1,0.055,5911.0,9,0,2,0,0.0,0
0.078,52,0,0.5903,3295.0,5,0,0,0,1.0,0
0.9005,59,0,0.6825,6525.0,9,0,1,0,3.0,0
0.704,58,0,0.7858,3576.0,3,0,1,0,1.0,0
0.7138,48,0,0.4922,2701.0,12,0,1,0,0.0,0
0.1931,61,0,0.0371,4207.0,8,0,2,0,0.0,0
0.2754,46,0,0.643,4011.0,8,0,0,0,1.0,0
0.4119,47,0,0.1686,5650.0,8,0,1,0,0.0,0
0.8465,64,0,0.2806,2696.0,4,0,0,0,0.0,0
0.5121,38,0,0.1772,3764.0,10,0,2,0,0.0,0
0.3792,53,0,0.4382,9011.0,5,0,1,0,1.0,0
0.4744,35,0,0.7991,3636.0,7,0,0,0,2.0,0
0.5721,65,0,0.32,10176.0,9,0,0,0,1.0,0
0.5425,56,0,0.503,3120.0,5,0,0,0,0.0,0
0.2388,71,0,0.4244,5645.0,10,0,3,0,2.0,0
1.0069,72,2,0.6546,,4,0,1,0,2.0,0
0.2,53,0,0.2513,,9,0,0,0,0.0,0
0.2243,34,0,0.4826,4797.0,10,0,1,0,0.0,0
0.7963,46,0,0.5519,7231.0,9,0,0,0,0.0,0
0.382,44,0,0.3918,4551.0,12,0,1,0,1.0,0
0.6629,79,0,0.5068,,9,0,1,0,1.0,0
0.0836,58,0,0.9727,1709.0,9,0,2,0,0.0,0
0.1652,63,0,0.9295,6603.0,6,0,2,0,2.0,0
2.3106,74,0,0.1411,2792.0,9,0,0,0,0.0,0
2.219,61,0,0.53,3068.0,12,0,2,0,1.0,0
0.3124,57,2,0.1081,8347.0,13,0,1,0,0.0,0
0.3027,66,0,0.3139,,6,0,1,2,1.0,0
0.6474,26,0,0.1067,,9,0,1,0,0.0,1
0.6102,36,0,0.6803,14432.0,5,0,0,0,0.0,0
1.0456,55,0,0.542,,10,0,0,0,3.0,0
0.8781,66,0,0.4126,,7,0,2,0,0.0,0
0.6992,53,0,0.692,4026.0,6,0,0,0,0.0,0
0.1279,54,0,0.7081,12164.0,9,0,1,0,0.0,0
0.6123,27,0,1.0989,2510.0,9,0,4,0,2.0,0
0.3161,69,0,0.1254,13360.0,9,0,1,0,0.0,0
0.2057,76,0,0.5445,4455.0,7,0,0,0,0.0,0
0.6574,33,0,0.1884,7002.0,10,0,1,0,,0
0.3917,26,1,0.7522,4683.0,5,0,1,0,2.0,0
0.2694,64,0,0.4631,8760.0,6,0,1,0,2.0,0
0.1708,66,0,0.4217,,6,0,2,0,0.0,0
0.0464,21,0,0.6565,6712.0,11,0,0,0,0.0,0
2.5601,59,0,0.4003,,6,0,2,0,0.0,0
0.0503,48,0,0.2777,1457.0,10,0,3,0,0.0,0
0.0897,44,0,0.4422,6279.0,8,0,0,0,1.0,0
0.6268,31,1,0.7156,,5,1,0,0,0.0,0
0.0063,56,0,0.2529,,6,0,1,2,0.0,0
0.3431,43,0,0.2038,3611.0,7,0,0,0,0.0,0
0.6975,48,0,0.5185,2597.0,6,0,0,0,1.0,1
0.4576,81,0,0.1202,6944.0,10,0,0,0,1.0,0
0.6646,78,0,0.5757,12341.0,7,0,1,0,1.0,0
0.2756,67,0,0.0399,6125.0,9,0,1,0,2.0,0
0.4397,41,0,0.264,5704.0,5,0,1,0,1.0,0
0.5995,44,1,0.9314,5444.0,5,0,0,0,2.0,0
0.4757,50,0,0.3203,8330.0,6,0,1,0,2.0,0
0.7132,67,0,0.1751,4907.0,3,0,1,0,0.0,0
2.9616,34,0,0.9426,14885.0,11,0,1,0,0.0,0
0.2571,42,0,0.1748,,6,0,1,0,0.0,0
0.5878,55,0,0.205,3499.0,8,0,1,0,1.0,0
0.6309,48,0,0.1433,20566.0,7,0,0,0,0.0,0
0.2777,40,0,0.5087,4329.0,8,0,0,0,0.0,0
0.7608,55,0,0.4677,13589.0,16,0,2,0,,0
0.1481,35,0,0.5751,6398.0,12,0,1,0,1.0,0
0.1549,49,0,0.4102,5542.0,8,0,1,0,1.0,0
0.6335,31,0,0.1878,5901.0,8,0,1,0,1.0,0
0.2794,62,0,0.4564,3696.0,10,0,2,0,1.0,0
0.5216,27,0,0.5556,,5,0,1,0,2.0,0
0.4146,28,0,1.1921,4488.0,9,0,2,0,,0
0.236,41,0,0.553,2318.0,5,0,0,0,1.0,0
0.4971,30,0,0.6365,3473.0,5,0,0,0,1.0,1
0.6526,48,0,0.1748,6488.0,8,0,0,0,1.0,0
0.4326,45,0,0.1204,1849.0,9,0,0,0,0.0,1
0.4666,57,0,0.5084,4310.0,3,0,1,0,1.0,0
0.3734,46,0,0.0592,,7,0,0,0,0.0,0
0.717,57,0,0.9395,4974.0,9,0,1,0,0.0,0
0.3815,49,0,0.0913,1994.0,6,0,0,0,0.0,0
1.6759,85,0,0.4292,6039.0,12,0,2,0,1.0,0
0.6579,34,0,0.6344,,9,0,2,0,0.0,0
0.3496,30,0,0.2973,2655.0,17,0,1,0,0.0,0
0.6847,52,0,0.5053,4766.0,9,0,1,0,0.0,0
0.5059,35,0,1.0219,5436.0,8,0,2,0,0.0,0
0.4263,49,0,0.3373,,6,0,2,0,0.0,0
4.693,68,3,0.8414,6379.0,11,0,1,0,1.0,0
0.0448,57,1,0.0923,9050.0,14,0,1,0,3.0,1
0.3414,62,0,0.4913,13747.0,10,1,3,0,1.0,0
3.0673,43,0,0.6723,,9,0,1,0,0.0,0
0.2833,42,0,0.7752,4156.0,4,0,1,0,0.0,0
0.2509,64,0,0.7296,,10,0,1,0,4.0,0
0.1627,30,0,0.7218,11267.0,13,0,3,0,0.0,0
0.4553,55,0,0.1812,10074.0,5,0,2,0,1.0,0
0.0728,47,0,0.5915,9545.0,8,0,1,0,0.0,0
3.5311,41,0,0.6347,6306.0,9,0,0,0,0.0,0
1.7981,48,0,0.2204,,5,0,3,0,,0
0.2022,47,0,0.2663,4115.0,13,0,2,0,1.0,0
0.0989,58,0,0.8049,,8,0,1,0,2.0,0
0.5485,54,0,0.2154,8013.0,10,0,0,0,2.0,0
0.4963,38,0,0.5362,9532.0,6,0,2,0,0.0,0
0.3849,69,0,0.7632,4176.0,5,0,0,0,3.0,0
2.2765,72,0,0.5829,,13,0,1,0,1.0,1
0.3641,56,0,0.626,6686.0,6,0,1,0,0.0,0
0.4082,66,0,0.8181,,9,0,1,0,1.0,0
1.9951,51,0,0.1727,3667.0,10,0,0,0,1.0,1
0.2665,39,0,0.1989,13176.0,10,0,0,0,0.0,0
3.7072,61,0,0.4615,7384.0,9,0,0,0,,0
0.2302,51,0,0.3937,8654.0,5,0,1,0,3.0,0
0.39,54,0,0.1714,10974.0,9,0,0,0,2.0,0
0.2088,51,0,0.1499,8463.0,8,0,2,0,1.0,0
0.0427,65,0,0.825,8697.0,5,0,2,0,1.0,0
0.0804,50,0,0.5436,,5,0,0,0,1.0,0
3.2261,52,0,0.1348,16164.0,8,0,3,0,0.0,0
0.8041,63,0,1.0079,4770.0,6,0,0,0,0.0,1
0.0812,79,0,0.1815,6170.0,4,0,0,0,0.0,0
0.232,48,0,0.8926,,9,0,0,0,0.0,0
1.272,81,0,0.2203,4216.0,8,0,0,0,0.0,0
0.638,68,0,1.2303,2785.0,9,0,3,0,0.0,0
0.4888,58,0,0.9497,4127.0,6,0,1,0,1.0,0
0.032,63,0,0.6674,5043.0,4,0,1,0,0.0,0
0.6494,76,0,0.6761,14149.0,7,0,2,0,0.0,0
0.1532,49,0,0.6506,,9,0,3,0,1.0,0
0.554,25,0,0.8181,6681.0,11,0,2,0,1.0,0
0.7647,31,0,0.4974,13187.0,8,0,1,0,1.0,0
0.5988,39,0,0.3316,4695.0,9,0,0,0,0.0,0
0.6659,61,0,0.2442,9616.0,6,0,0,0,2.0,0
0.4515,51,0,0.2189,3895.0,9,0,3,0,2.0,0
0.247,77,0,0.2601,6584.0,2,0,2,0,1.0,0
0.2971,65,0,0.8182,1807.0,6,0,1,0,1.0,0
0.4022,53,0,0.5671,2891.0,4,0,1,0,,0
0.0965,52,0,0.9031,5105.0,4,0,0,0,0.0,0
0.1985,47,0,0.5508,6162.0,6,0,0,0,0.0,0
0.3759,48,0,0.7838,,8,0,2,0,1.0,0
0.3598,53,0,0.3631,3681.0,5,0,1,0,2.0,0
0.2616,33,0,0.1417,2236.0,5,0,0,0,0.0,0
0.0205,30,0,0.2844,6461.0,4,0,0,0,2.0,0
0.4766,50,0,0.9943,3086.0,5,0,0,0,1.0,0
0.4887,54,0,0.317,12922.0,12,0,2,0,1.0,0
0.9341,49,0,0.3981,,12,0,2,0,0.0,0
0.5344,44,0,0.0436,9085.0,8,0,2,0,0.0,0
0.1162,71,0,0.4077,12704.0,9,0,1,0,1.0,0
0.4735,62,0,0.4298,9774.0,6,0,1,0,1.0,0
0.1855,50,0,0.1127,1698.0,10,0,1,0,1.0,0
0.1592,43,0,0.449,,11,0,1,0,0.0,0
0.2964,40,0,0.2124,6431.0,4,0,1,0,1.0,0
0.5897,63,0,0.3806,,13,0,3,0,1.0,0
0.4903,39,0,0.2792,6761.0,9,0,1,0,1.0,0
0.5975,71,0,0.2243,17319.0,10,0,0,0,0.0,1
1.0593,61,0,0.5641,3544.0,7,0,1,0,1.0,0
0.9368,49,0,0.2131,3370.0,9,0,0,0,0.0,0
14.4894,42,0,0.2589,2250.0,7,0,1,0,0.0,0
0.2193,58,0,0.3531,,9,0,1,0,2.0,0
0.6663,48,0,0.8904,,11,0,1,0,0.0,0
0.6929,46,0,0.7794,8585.0,6,0,2,0,0.0,0
0.9707,44,0,0.6996,4902.0,12,0,1,0,1.0,0
2.1186,55,0,0.2926,5538.0,10,0,1,0,0.0,0
0.5012,42,0,0.7901,4886.0,9,0,0,0,1.0,0
0.4722,53,0,0.4341,5232.0,5,0,1,0,1.0,0
0.0252,67,0,0.2051,4929.0,8,0,1,0,1.0,0
0.5603,43,0,0.3494,,9,0,1,0,2.0,0
1.0653,38,0,0.1643,2026.0,9,0,0,0,1.0,0
0.0422,79,0,0.3332,8338.0,5,0,0,0,2.0,0
9.3105,49,0,1.0664,7266.0,7,0,0,0,1.0,0
0.3588,63,0,0.2987,5796.0,7,0,2,0,1.0,0
0.6557,50,0,0.758,8617.0,8,0,1,0,2.0,0
0.6051,47,0,0.8697,,13,0,0,0,0.0,0
0.5789,64,0,0.8952,3668.0,11,0,1,0,1.0,0
3.677,69,0,0.7427,,10,0,2,0,0.0,0
2.0628,36,0,0.4385,,11,0,1,0,1.0,0
0.9159,21,0,0.5925,4490.0,7,0,0,0,1.0,0
0.1996,61,0,0.2358,9032.0,6,0,0,0,1.0,0
0.7166,70,0,0.2008,8703.0,7,0,0,0,0.0,0
0.3916,52,0,0.6004,3687.0,9,0,2,0,0.0,0
4.2761,48,0,0.696,4902.0,6,0,1,0,1.0,0
0.7208,52,0,0.6945,4411.0,10,0,1,0,1.0,0
2.4335,64,0,0.7078,,8,0,0,0,0.0,0
0.2353,60,0,1.0201,3446.0,6,0,1,0,1.0,0
0.5534,39,0,1.0704,3000.0,8,0,1,0,1.0,0
0.3977,34,0,0.0972,8432.0,7,0,2,0,2.0,0
0.4689,29,0,0.2599,,12,0,0,0,2.0,0
4.5541,53,0,0.6226,,16,0,2,0,0.0,1
0.0266,74,0,0.6461,,5,0,1,0,0.0,0
9.6196,21,1,0.6401,5340.0,11,0,2,0,1.0,0
1.1726,39,0,0.2042,7704.0,6,0,3,0,0.0,0
0.1504,65,0,0.1928,7896.0,8,0,0,0,0.0,0
0.7659,40,0,0.3911,12195.0,6,0,0,0,0.0,0
0.9049,61,0,0.5591,1792.0,13,0,2,0,2.0,0
0.6213,42,0,0.4253,4591.0,5,0,1,0,1.0,0
1.5083,37,0,0.9095,13299.0,6,0,0,0,1.0,0
0.1462,59,0,0.4736,3226.0,6,0,2,0,1.0,0
0.9431,34,0,0.4625,2594.0,3,0,2,0,1.0,0
0.1959,50,0,1.044,4012.0,7,0,1,0,1.0,0
0.0613,50,0,0.2917,5075.0,6,0,0,0,5.0,0
7.7152,77,0,0.6134,8571.0,6,0,1,0,1.0,0
0.5677,43,0,0.4536,5033.0,12,0,1,0,1.0,0
0.8164,43,0,0.326,,10,0,0,0,0.0,0
0.5101,61,0,0.4943,4564.0,6,0,5,0,0.0,1
0.7941,57,0,0.0885,10266.0,12,0,0,0,2.0,0
0.2726,41,0,0.4898,4864.0,5,0,0,0,1.0,0
3.8897,43,0,0.1174,1742.0,4,0,3,0,0.0,0
0.7435,39,0,0.5629,2580.0,7,0,1,0,,0
0.6793,48,0,0.3476,3783.0,9,0,0,0,0.0,0
0.0087,58,0,1.0839,2749.0,8,0,0,0,1.0,0
0.0061,40,2,0.3727,,11,1,0,0,1.0,0
0.8321,43,1,0.1429,4156.0,5,0,2,0,2.0,0
0.8218,72,0,1.0056,,10,0,1,0,0.0,1
0.0645,49,0,0.2928,11810.0,10,0,1,0,1.0,0
0.499,63,0,0.2266,5871.0,4,0,1,0,,0
0.2739,55,0,1.1918,7555.0,8,0,2,0,2.0,0
0.4026,51,0,0.9153,7792.0,6,0,1,0,0.0,0
0.0035,65,0,0.7156,6283.0,5,0,1,0,1.0,0
0.0146,47,0,0.5694,7433.0,11,0,2,0,1.0,0
0.0205,54,0,0.1448,,4,0,0,0,1.0,0
0.5107,34,0,0.6359,5344.0,3,0,0,0,1.0,0
0.3018,35,0,0.6737,5299.0,10,0,1,0,0.0,0
0.6315,36,0,0.445,3900.0,13,0,1,0,0.0,0
1.584,34,0,0.9631,10033.0,7,0,1,0,0.0,0
0.092,70,0,0.4668,,7,0,2,0,0.0,0
0.3651,41,0,0.1794,5267.0,7,0,1,0,1.0,0
0.2344,48,0,0.9862,4566.0,9,0,1,0,0.0,0
2.0649,63,0,0.4905,8559.0,9,0,1,0,2.0,0
0.5399,72,0,0.323,,11,0,0,0,1.0,0
0.3584,49,0,0.7028,,4,0,3,0,0.0,0
0.325,49,0,0.9033,,9,0,0,0,0.0,0
2.5336,34,2,0.7486,8377.0,7,0,0,0,1.0,0
1.8844,26,0,0.0404,,10,0,0,0,0.0,1
0.4507,66,0,0.4575,3726.0,10,0,2,0,2.0,0
0.4882,51,0,0.3185,2110.0,5,0,2,0,0.0,0
1.084,60,0,0.2211,12132.0,13,0,2,0,1.0,0
0.2668,57,0,0.755,4420.0,5,0,0,0,0.0,0
0.1238,38,0,0.8239,,6,0,1,0,1.0,0
0.4233,39,3,0.698,4258.0,11,0,0,0,0.0,0
0.027,59,0,0.7738,5233.0,6,0,1,0,0.0,0
0.0458,57,0,0.2803,2588.0,6,0,2,0,2.0,0
0.6499,66,0,0.575,5303.0,7,0,1,0,2.0,0
1.7903,41,0,0.1652,7978.0,9,0,0,0,2.0,0
6.8866,39,0,0.3416,2771.0,11,0,1,0,1.0,0
0.2137,54,0,0.3494,1638.0,9,0,1,0,1.0,0
1.8944,71,0,0.2705,3436.0,7,0,2,0,2.0,0
0.1184,72,0,0.417,3418.0,5,0,1,0,0.0,0
1.0431,37,0,0.1258,10105.0,7,0,1,0,3.0,0
0.6363,53,0,0.1976,4025.0,7,0,3,0,1.0,0
0.2278,70,0,0.3083,5972.0,8,0,0,0,2.0,0
0.4281,61,0,0.4231,4914.0,9,0,2,0,1.0,0
0.1609,30,0,0.277,19477.0,8,0,0,0,0.0,0
6.7682,64,0,0.3838,6995.0,6,0,3,0,1.0,0
0.0169,41,0,0.8227,5463.0,7,0,0,0,1.0,0
0.5358,57,0,0.1596,5582.0,4,0,3,0,0.0,0
0.5697,58,0,0.1944,9374.0,11,0,4,0,1.0,0
0.1543,63,0,0.1865,,16,0,1,0,1.0,0
0.3556,51,0,0.4076,2812.0,6,0,1,0,1.0,0
0.6916,56,0,1.0871,1638.0,13,0,0,0,1.0,0
0.5385,52,0,0.2669,,9,0,0,0,0.0,0
1.4696,54,0,0.8949,6697.0,7,0,1,1,2.0,0
0.0942,71,0,0.6483,7359.0,9,0,0,0,0.0,0
0.3269,57,0,0.9468,11644.0,6,0,1,0,0.0,0
0.2979,39,0,0.439,4853.0,7,0,2,0,1.0,0
0.7674,55,0,0.2558,8269.0,5,0,0,1,0.0,0
0.2937,47,0,0.8458,2546.0,10,0,0,0,0.0,0
0.133,64,0,0.566,11146.0,7,0,2,0,0.0,0
1.6991,62,0,0.3468,7896.0,4,0,2,0,,0
0.0491,59,0,0.0677,,6,0,0,0,1.0,0
0.5271,34,0,0.3883,3933.0,10,0,0,0,1.0,0
0.0812,55,0,0.2891,8979.0,5,0,3,0,2.0,0
0.2843,36,1,0.6317,11069.0,9,0,2,0,0.0,0
0.7247,37,0,0.4352,5962.0,9,0,2,0,0.0,0
0.597,49,0,0.6051,4481.0,10,0,1,0,3.0,0
1.0452,60,2,0.1929,,4,0,0,0,1.0,0
0.7207,56,0,0.444,6716.0,3,0,0,0,0.0,0
0.487,45,0,0.5782,3954.0,8,0,1,0,1.0,0
0.3962,53,0,0.3547,9051.0,11,0,0,0,0.0,0
2.3599,74,0,0.236,5735.0,11,0,0,3,0.0,0
0.3145,43,0,0.4429,3137.0,10,0,2,0,1.0,0
0.5491,26,0,0.49,7472.0,7,0,0,0,1.0,0
6.6265,51,0,0.6763,7869.0,4,0,2,0,2.0,0
0.2479,37,0,0.2558,3790.0,13,0,0,0,1.0,0
0.119,56,0,0.7881,2079.0,10,0,0,0,1.0,0
0.1586,30,0,0.1196,3776.0,3,0,2,0,2.0,0
0.181,23,0,0.6432,3342.0,7,0,0,0,0.0,0
0.6478,42,0,0.6925,,7,0,2,0,0.0,0
0.2108,66,0,1.2056,18607.0,10,0,1,0,3.0,0
2.289,44,0,0.6488,13962.0,5,0,1,0,0.0,0
0.0431,63,0,0.577,2437.0,7,0,3,0,0.0,0
0.5676,52,0,0.0734,1146.0,7,0,0,0,0.0,0
1.7657,28,0,0.4826,10373.0,11,0,0,0,0.0,0
1.8007,52,0,0.1735,,10,0,0,0,0.0,0
0.3418,69,0,0.7328,5529.0,12,0,1,0,2.0,0
4.0893,56,0,0.4265,9126.0,6,0,1,0,0.0,0
0.4446,68,2,0.1099,,13,0,1,0,1.0,0
0.6628,54,0,0.0571,,8,0,0,0,0.0,0
0.8582,69,0,0.074,,10,0,2,0,3.0,0
0.4156,56,1,1.3589,3459.0,4,0,0,0,1.0,0
0.2618,29,0,0.2457,2453.0,11,0,0,0,0.0,0
1.3799,39,1,0.4788,4141.0,11,0,0,0,2.0,0
5.6587,67,0,0.3672,8167.0,7,0,1,0,0.0,0
0.3806,42,0,0.4281,,7,0,3,0,1.0,0
1.2589,52,0,0.5263,2481.0,6,0,2,0,1.0,0
0.633,57,0,0.3716,12031.0,9,0,0,0,0.0,0
0.6186,50,0,0.8132,6582.0,10,0,0,0,1.0,0
0.3273,46,0,0.4754,13277.0,4,0,0,0,0.0,0
0.5786,58,0,0.684,,10,0,0,0,,0
0.3094,51,0,0.3923,7063.0,6,0,2,0,1.0,0
0.3599,64,0,0.3446,4212.0,7,0,1,0,,0
7.0282,37,0,0.2548,4355.0,4,0,1,0,0.0,0
1.6705,45,0,0.495,5614.0,5,0,0,0,0.0,0
0.1858,76,1,1.065,5601.0,17,1,2,0,0.0,0
0.6046,75,0,0.9672,3571.0,4,0,1,0,0.0,0
0.1301,51,0,0.4346,2188.0,9,0,1,0,1.0,0
0.1759,37,0,0.2137,5644.0,7,0,1,0,1.0,0
0.3214,67,0,0.3267,,7,0,0,0,0.0,0
0.0325,84,0,0.3627,,5,0,1,0,0.0,0
0.2504,32,0,0.246,4216.0,11,0,1,0,2.0,0
0.2354,65,0,0.6195,,3,0,0,0,0.0,0
0.08,60,0,0.8216,,6,0,2,0,0.0,0
0.5744,39,0,0.3439,,6,0,1,0,2.0,0
0.2342,66,0,1.0107,4496.0,3,0,0,0,0.0,0
0.7082,38,0,0.0303,2546.0,7,0,0,0,1.0,0
0.4405,46,2,0.4306,,6,0,1,0,3.0,0
0.3684,49,0,0.1919,4494.0,8,0,0,0,1.0,0
0.9709,36,0,0.4558,3449.0,6,0,0,0,1.0,0
0.4382,51,0,0.2748,9004.0,9,0,2,0,1.0,0
2.4703,35,0,0.1227,,9,0,1,0,0.0,0
0.1952,45,0,0.789,3640.0,3,0,1,0,0.0,0
0.2965,71,0,0.2901,14884.0,9,0,1,0,2.0,0
2.8946,63,0,0.7091,10757.0,11,0,0,0,0.0,0
0.1969,61,0,1.0242,9066.0,14,0,0,0,0.0,0
0.4598,66,0,0.1385,,9,0,0,0,2.0,0
0.1606,73,0,0.23,6566.0,11,0,2,0,0.0,0
0.5082,28,0,0.6827,12627.0,11,0,0,0,3.0,0
0.0551,56,0,0.6168,5121.0,10,0,1,0,1.0,0
0.6799,38,0,1.1218,3841.0,6,0,4,0,0.0,1
0.2111,42,0,0.5377,5426.0,10,0,1,0,1.0,0
0.228,35,3,0.4869,8483.0,10,0,1,0,0.0,0
0.3991,82,0,0.063,2763.0,10,0,0,0,0.0,0
0.7792,26,0,0.3919,7262.0,5,0,3,0,0.0,1
0.0678,54,0,0.364,,11,0,1,0,1.0,0
0.3757,76,0,0.3153,,8,0,2,0,2.0,0
0.1662,51,0,0.4749,4102.0,9,0,2,0,0.0,0
0.0636,21,2,0.2574,,8,0,0,1,1.0,0
0.2568,83,0,0.1934,,8,0,0,0,0.0,0
0.0809,80,0,0.2435,5720.0,6,0,2,0,3.0,0
0.208,37,0,0.2817,3163.0,6,0,3,0,1.0,0
1.9408,67,0,0.7941,12109.0,11,0,0,0,1.0,0
0.362,57,0,0.273,2688.0,13,0,0,0,0.0,0
0.3768,33,0,0.4849,,7,0,0,0,2.0,0
0.4618,67,0,0.3124,2404.0,11,0,0,0,0.0,0
0.0963,45,0,0.3016,2754.0,10,0,2,0,1.0,0
0.1114,53,0,0.0856,2255.0,7,0,0,0,2.0,0
0.2734,62,0,0.3791,6367.0,9,0,4,0,2.0,0
1.0134,59,0,0.3404,5535.0,8,0,1,0,1.0,0
0.5131,60,0,0.4641,3634.0,11,0,1,0,0.0,0
1.6409,36,0,0.466,2853.0,7,0,0,0,1.0,0
0.0964,21,0,0.1514,5987.0,2,0,2,0,0.0,0
0.4118,42,0,0.2057,4362.0,11,0,3,0,2.0,0
0.592,64,0,0.3973,5644.0,8,0,0,0,0.0,0
0.0275,35,0,0.2558,3259.0,7,0,1,0,0.0,0
0.134,50,0,0.1336,4420.0,10,0,0,0,0.0,0
0.4632,56,0,0.5648,7396.0,9,0,1,0,1.0,0
0.2712,51,5,0.4147,6258.0,6,0,0,1,3.0,0
0.1387,71,0,0.2215,6257.0,7,0,2,0,0.0,0
0.5412,44,0,0.2892,,6,0,1,0,1.0,0
0.2038,50,0,0.9487,,9,0,1,0,0.0,0
1.2341,55,0,0.073,2374.0,9,0,1,0,0.0,0
0.75,54,0,0.6979,3120.0,16,0,0,0,2.0,0
0.6091,31,0,0.3102,4181.0,13,0,2,0,0.0,0
0.5406,72,0,0.307,5131.0,9,0,0,0,0.0,1
0.1144,66,0,0.8858,6625.0,13,0,2,0,0.0,0
0.2649,40,0,0.303,1352.0,5,0,2,0,0.0,0
0.2688,60,0,0.961,2103.0,8,0,0,0,1.0,0
0.8493,47,0,0.517,1892.0,11,0,0,0,0.0,1
0.4605,64,0,0.9681,,6,0,1,0,2.0,0
0.5075,73,0,0.9617,,10,0,0,0,1.0,1
0.5604,29,0,0.2951,9827.0,9,0,2,0,0.0,0
0.0521,77,0,0.3012,8425.0,8,0,1,0,0.0,0
0.9959,75,0,0.4259,15085.0,4,0,1,0,0.0,0
3.655,38,0,1.5448,15557.0,5,0,0,0,0.0,0
0.6477,21,0,0.2005,21194.0,5,0,0,0,2.0,0
0.6631,53,2,0.6742,3276.0,9,0,1,0,2.0,0
0.1102,57,0,0.6164,,6,0,2,0,0.0,0
0.6332,38,0,0.3576,6734.0,7,0,2,0,2.0,0
3.1866,40,0,0.7759,6803.0,5,0,0,0,0.0,0
0.2539,61,0,0.3676,16581.0,7,0,0,0,0.0,0
0.5555,52,0,0.0953,2384.0,10,0,0,0,1.0,0
0.4351,42,0,0.6205,3792.0,7,0,0,0,0.0,0
0.1517,62,0,1.0687,6522.0,4,0,0,0,,0
0.3967,53,0,0.1366,2112.0,5,0,0,0,2.0,0
0.0593,80,2,0.4272,3284.0,6,0,1,0,1.0,0
1.0575,84,0,0.9311,5438.0,5,0,0,0,0.0,0
0.2771,56,0,0.7129,3073.0,5,0,1,0,1.0,0
0.3856,50,0,0.6143,6578.0,4,0,1,0,,0
1.2481,53,0,0.6675,,9,0,0,0,0.0,0
0.3477,42,0,0.9939,1971.0,10,0,1,0,3.0,0
0.0239,58,0,0.1614,,13,0,2,0,1.0,0
9.0245,40,2,0.9977,2701.0,5,0,0,0,0.0,0
0.6588,55,0,0.4649,2631.0,4,0,3,0,0.0,1
1.7784,42,0,0.5156,6828.0,1,0,1,0,,0
0.9315,41,0,0.086,5305.0,6,0,2,0,1.0,0
0.0024,45,0,0.6038,,6,0,2,0,0.0,0
2.402,46,0,0.4352,5113.0,9,0,0,0,1.0,0
0.1844,57,0,1.1383,10714.0,5,0,0,0,0.0,0
0.3998,58,0,0.7337,20565.0,12,0,3,0,1.0,0
0.7199,53,0,0.5286,5496.0,12,0,0,0,1.0,0
0.3036,55,1,0.3605,9884.0,16,0,0,0,0.0,0
2.0085,59,0,0.3439,9418.0,8,0,2,0,0.0,0
0.8933,40,2,0.5914,17801.0,15,0,1,0,0.0,0
0.7091,53,0,0.8687,5929.0,9,0,0,0,1.0,0
0.019,49,0,0.5332,9360.0,5,0,0,0,3.0,0
0.0878,42,0,0.5689,7335.0,7,0,1,0,1.0,0
0.6464,65,0,0.2679,6420.0,7,0,2,0,1.0,0
0.5143,79,0,0.0109,9164.0,14,0,1,0,0.0,0
0.3267,68,0,0.7087,,6,0,0,0,1.0,0
0.976,64,0,0.9276,,8,0,0,0,0.0,0
0.6647,57,0,1.0975,12141.0,9,0,0,0,,0
0.771,55,0,0.0578,,4,0,1,0,0.0,0
2.6965,57,0,0.5295,10062.0,8,0,0,0,0.0,0
0.8056,59,0,0.1282,8903.0,15,0,1,0,0.0,0
0.3564,68,2,0.1732,9487.0,6,1,0,1,,0
0.0435,48,0,0.4661,3640.0,8,0,0,0,2.0,0
4.0888,54,0,0.1675,2664.0,7,0,1,0,0.0,0
0.5131,68,0,0.7904,,4,0,1,0,0.0,0
4.3309,43,0,0.807,3183.0,11,0,1,0,4.0,0
2.627,45,0,0.8499,9039.0,8,0,1,0,0.0,0
0.0066,44,0,0.0418,5622.0,12,0,0,0,1.0,0
4.4493,47,0,0.2476,17480.0,6,0,0,0,4.0,0
3.2928,66,0,0.5668,3823.0,7,0,1,0,2.0,0
0.158,79,0,0.3039,6019.0,11,0,2,0,0.0,0
0.3474,42,0,0.1208,,11,0,2,0,1.0,0
0.5322,32,0,0.2238,,9,0,0,0,2.0,0
0.526,44,0,0.6901,,7,0,1,0,1.0,0
0.2536,53,0,0.3118,4766.0,12,0,1,0,0.0,0
3.1385,47,0,0.3881,8144.0,7,0,0,0,0.0,0
0.6381,58,0,0.4065,,7,0,2,0,1.0,0
0.3394,50,0,0.9592,5232.0,5,0,0,0,1.0,0
0.3549,66,0,0.3128,7651.0,3,0,0,0,2.0,0
0.36,58,0,0.4039,10619.0,8,0,0,0,0.0,0
0.1522,21,0,0.4403,3988.0,4,0,1,0,1.0,0
0.1548,36,0,0.4316,3822.0,7,0,0,0,1.0,0
0.6933,48,0,0.3716,4573.0,11,0,1,0,1.0,0
0.5715,31,0,0.4786,,10,0,3,0,2.0,0
1.2557,58,0,0.2482,7871.0,6,0,1,0,1.0,0
1.0235,64,0,0.4121,4289.0,11,0,3,0,0.0,0
0.6389,56,0,0.3768,7183.0,4,0,1,0,1.0,0
0.1358,49,0,0.2205,10437.0,4,0,1,0,1.0,0
0.5403,49,0,0.3487,10982.0,8,0,3,0,2.0,0
0.4164,42,0,1.2102,,5,0,0,0,1.0,0
0.0096,51,0,0.2285,,6,0,0,0,0.0,0
0.3996,37,0,0.0442,5333.0,9,0,1,0,0.0,0
0.6274,46,0,0.1448,5322.0,6,0,0,0,0.0,0
0.1701,42,0,0.5447,,6,0,0,0,4.0,0
0.5244,42,0,0.7186,4547.0,8,0,0,0,0.0,1
0.4086,82,0,0.8148,,9,0,0,0,1.0,0
0.4241,48,0,0.412,,10,0,1,0,0.0,0
1.3992,58,0,0.0707,2256.0,5,0,1,0,2.0,0
0.0914,51,0,0.4092,2304.0,10,0,0,0,1.0,0
0.2618,37,3,0.611,7752.0,12,0,1,1,0.0,0
2.3335,56,0,0.2366,2435.0,12,0,1,0,,0
0.2698,33,0,0.1873,3855.0,6,0,3,0,0.0,0
0.1174,55,0,0.4759,5631.0,6,0,2,0,2.0,0
2.34,56,0,0.3841,,9,0,2,0,0.0,0
0.1013,49,0,0.5344,,8,0,2,0,4.0,0
0.8561,37,0,0.2553,,5,0,1,0,0.0,0
0.0399,61,0,0.381,3495.0,8,0,2,0,0.0,0
0.0979,72,0,0.7683,8703.0,11,0,0,0,1.0,0
0.6322,22,0,0.4653,3209.0,3,0,1,0,3.0,0
1.5339,41,0,0.5053,7970.0,7,0,1,0,0.0,0
2.43,37,0,0.572,,4,0,2,0,0.0,0
0.1754,43,0,0.7018,9727.0,14,0,2,0,1.0,0
0.2595,46,0,0.4055,2382.0,4,0,1,0,1.0,0
0.5181,49,0,0.3444,,8,0,2,0,0.0,0
0.5958,77,0,0.1894,3414.0,8,0,0,0,0.0,0
0.1481,47,0,0.7896,,9,0,1,0,0.0,0
0.0825,59,0,0.5411,7097.0,13,0,0,0,1.0,0
0.6701,55,0,0.7558,11329.0,8,0,1,0,1.0,0
4.7764,52,0,0.5888,17906.0,10,0,3,0,0.0,0
3.4391,64,0,0.4459,,3,0,2,0,0.0,1
0.1299,48,0,0.851,7088.0,11,0,2,0,0.0,0
0.0169,64,0,0.0472,12246.0,11,0,2,0,0.0,0
0.0964,76,0,0.5136,13830.0,5,0,1,0,1.0,0
0.2722,39,0,0.8706,5634.0,7,0,2,0,0.0,0
0.3059,65,0,0.5705,2900.0,7,0,0,0,1.0,0
0.8,56,0,0.8907,2533.0,9,0,0,0,0.0,0
0.0502,57,0,0.3295,3700.0,6,0,1,0,1.0,0
1.3937,49,0,0.6057,,9,0,0,0,1.0,0
0.3716,64,0,0.8578,4701.0,6,0,2,0,0.0,0
0.9624,31,0,0.2331,,7,0,3,0,2.0,0
0.5052,50,0,1.1062,,6,0,1,0,2.0,0
0.5694,35,0,0.5217,7236.0,7,0,0,0,0.0,0
0.8247,25,0,0.622,12174.0,10,0,2,0,1.0,0
1.162,67,0,0.1337,12223.0,9,0,1,0,0.0,0
0.4433,32,0,0.8106,13757.0,4,0,1,0,,0
0.071,74,0,0.31,4390.0,14,0,1,0,1.0,0
0.8481,59,0,0.345,10430.0,11,0,0,0,1.0,0
0.5033,54,0,0.4075,,10,0,1,0,2.0,0
0.6326,41,0,0.4881,17368.0,11,0,0,0,1.0,0
0.3954,64,0,0.9059,,8,0,1,0,1.0,0
0.6672,67,0,0.3552,10328.0,16,0,2,0,1.0,0
5.923,53,0,0.4706,5262.0,7,0,0,0,0.0,0
0.277,74,0,0.3243,,6,0,1,0,1.0,0
0.1349,51,0,0.5396,,2,0,1,0,0.0,0
0.3853,47,0,0.1518,9007.0,5,0,0,0,0.0,0
0.6764,55,0,0.1282,6456.0,3,0,0,0,1.0,0
0.7288,75,0,0.1245,1938.0,12,0,3,0,1.0,1
0.6517,41,0,0.3412,6690.0,10,0,1,0,0.0,0
0.2414,67,0,0.4389,3671.0,7,0,2,0,1.0,0
0.0247,60,0,0.2258,2688.0,7,0,3,0,1.0,0
0.747,61,0,0.7143,4574.0,5,0,1,0,0.0,0
0.2027,49,0,0.1773,3460.0,4,0,1,0,0.0,0
0.3507,44,0,0.3028,9740.0,10,0,1,0,0.0,0
0.1166,57,0,0.8919,3673.0,6,0,0,0,0.0,0
0.0341,43,0,0.5874,6019.0,9,0,1,0,1.0,0
0.6403,55,0,0.105,2882.0,9,0,0,0,0.0,0
0.1533,49,0,0.8719,,9,0,0,0,2.0,0
0.5426,60,0,0.8117,7044.0,6,0,1,0,1.0,0
0.1584,62,0,0.3944,13450.0,12,0,1,0,2.0,0
2.412,65,0,0.6273,4983.0,7,0,3,0,1.0,0
0.4388,50,0,0.2953,9877.0,8,0,1,0,3.0,0
0.2897,65,0,0.7747,,8,0,0,0,2.0,0
0.0314,69,0,0.6133,10914.0,8,0,1,0,1.0,0
0.1149,34,0,0.2939,2794.0,8,0,0,0,1.0,0
0.2216,57,0,0.4516,,10,0,1,0,0.0,0
0.1512,31,0,0.3325,5488.0,8,0,0,0,2.0,0
0.1986,68,0,0.5725,5791.0,6,0,0,0,1.0,0
1.6802,84,0,0.3831,,8,0,1,0,1.0,0
0.4669,55,0,0.4948,3322.0,13,0,0,0,0.0,0
0.4571,47,0,0.3934,7721.0,6,0,1,0,1.0,1
0.1096,53,0,0.6223,4428.0,8,0,0,0,0.0,0
0.3667,45,0,0.8067,7001.0,9,0,1,0,0.0,0
0.5694,35,0,0.4793,1995.0,5,0,1,0,1.0,0
0.0894,21,0,0.22,4462.0,6,0,3,0,1.0,0
0.8396,40,0,0.3477,3021.0,8,0,1,0,1.0,0
0.3197,47,0,0.3417,,8,0,1,0,,0
0.5978,44,0,0.3581,7129.0,10,0,1,0,3.0,0
0.4044,51,0,0.079,5365.0,9,0,4,0,0.0,0
0.6513,52,0,0.3209,7033.0,15,0,2,0,0.0,0
1.1404,41,0,0.1842,,7,0,0,0,0.0,0
0.0015,51,0,0.1199,6974.0,10,0,0,0,0.0,0
0.0553,52,0,0.5632,3830.0,13,0,2,0,1.0,0
0.4895,48,0,0.3141,1852.0,9,0,0,0,1.0,0
0.2305,62,0,0.2853,2313.0,11,0,2,0,2.0,0
1.0933,88,0,0.3256,,5,0,0,0,1.0,0
0.6786,63,0,0.5629,5562.0,9,0,0,0,1.0,0
0.0061,49,0,0.622,5836.0,12,0,1,0,1.0,0
0.8738,39,0,0.1102,24675.0,7,0,1,0,0.0,0
0.2974,88,0,0.8425,2024.0,2,0,1,0,2.0,0
1.6413,61,0,1.0659,1035.0,13,0,0,1,0.0,0
0.4753,51,0,0.1451,4473.0,8,0,1,0,1.0,0
0.3958,63,0,0.5243,,3,0,1,0,0.0,0
0.4701,56,0,0.8441,,7,0,0,0,0.0,0
0.3391,63,0,0.7587,5348.0,10,0,2,0,0.0,0
0.1853,54,0,0.1838,5954.0,8,0,4,0,1.0,0
0.2313,39,0,0.3131,2554.0,9,0,1,0,0.0,0
2.7193,49,4,0.9652,2121.0,9,1,0,1,0.0,0
0.3997,34,0,0.6464,4761.0,7,0,0,0,0.0,0
5.7613,60,0,0.6667,28460.0,6,0,2,0,0.0,0
0.2311,60,0,0.3729,6300.0,15,0,1,0,1.0,1
0.3716,63,0,0.6707,8592.0,11,0,0,0,1.0,0
0.187,66,0,0.4074,13129.0,11,0,3,0,0.0,0
0.265,21,0,0.635,,7,0,1,0,1.0,0
0.2635,48,0,0.6591,3622.0,10,0,1,0,1.0,0
1.3859,48,0,0.2788,7053.0,6,0,3,0,2.0,0
0.2218,45,0,0.747,13578.0,4,0,3,0,3.0,0
0.3063,52,1,0.7277,6778.0,10,0,0,0,1.0,0
0.6216,36,0,0.7806,958.0,5,0,0,0,1.0,0
0.1683,69,0,1.0124,3464.0,5,0,0,0,0.0,0
0.6114,26,0,0.378,5122.0,12,0,1,0,1.0,0
0.1645,32,0,0.4679,3968.0,5,0,1,0,0.0,0
0.3298,36,0,0.4862,2597.0,9,0,0,0,2.0,0
0.9784,60,0,0.5722,,6,0,1,0,1.0,0
0.8913,41,0,0.6565,2385.0,5,0,0,0,1.0,0
0.135,67,0,0.9785,2054.0,11,0,2,0,0.0,0
2.2811,35,0,0.7139,12186.0,7,0,1,0,1.0,0
0.0451,50,0,0.5257,,9,0,2,0,1.0,0
0.2108,56,0,0.7099,3550.0,7,0,0,0,,0
0.508,57,0,0.6148,4580.0,12,0,1,0,1.0,0
0.0112,36,0,0.5912,,8,0,1,0,0.0,0
0.3886,53,0,0.4723,9375.0,7,0,2,0,0.0,0
0.0639,22,0,0.346,,6,0,1,0,0.0,0
1.0539,88,0,0.5575,8379.0,8,0,2,0,1.0,0
0.0041,66,0,0.4769,5578.0,13,0,0,0,1.0,0
0.3903,65,0,0.1442,3764.0,11,0,1,0,0.0,0
0.2958,48,0,0.8016,6485.0,12,0,2,0,0.0,0
0.4867,50,0,0.4729,5347.0,9,0,1,0,1.0,0
0.786,61,0,0.8309,6984.0,9,0,0,0,2.0,0
0.6683,48,0,0.6295,4233.0,8,0,1,0,1.0,0
0.3493,60,0,0.2659,,9,0,0,0,1.0,0
2.0993,72,0,0.4699,4811.0,7,0,1,0,0.0,0
0.7499,37,0,1.024,2018.0,11,0,2,0,0.0,0
0.2193,66,0,0.1765,12097.0,12,0,0,0,2.0,0
2.1108,39,0,0.7615,,4,0,0,0,1.0,0
0.3056,39,0,0.295,3455.0,9,0,0,0,1.0,0
0.4138,51,0,0.4593,5912.0,9,0,2,0,0.0,0
0.4562,58,0,0.2837,,3,0,1,0,0.0,0
0.2284,28,0,0.7289,8822.0,9,0,1,0,0.0,0
0.7802,69,0,0.3596,8311.0,4,0,2,0,0.0,0
0.4161,37,0,0.6144,3638.0,4,0,0,0,1.0,0
0.587,21,0,0.6444,,8,0,0,0,2.0,0
0.1218,44,0,0.9702,15746.0,7,0,1,0,1.0,0
2.1281,35,0,0.9259,3001.0,7,0,0,0,0.0,0
0.5597,52,0,0.2941,3019.0,8,0,5,0,1.0,0
2.2957,55,0,0.5971,6047.0,9,0,0,0,1.0,0
0.4587,33,0,0.6408,2552.0,7,0,1,0,0.0,0
0.7883,49,0,0.9211,15876.0,10,0,2,0,0.0,0
4.2289,66,0,0.5899,3133.0,7,0,1,0,0.0,0
4.32,81,0,0.3617,,10,0,2,0,0.0,0
0.512,48,0,0.1374,,7,0,1,0,0.0,0
0.5904,56,0,0.2842,4421.0,7,0,1,0,2.0,0
0.5248,39,0,0.4004,7277.0,6,0,1,0,0.0,1
0.0103,49,0,0.0457,,5,0,1,0,0.0,0
0.0945,68,0,0.4284,2941.0,10,0,2,0,2.0,0
0.2049,46,0,0.5201,,14,0,0,0,1.0,0
1.1074,41,0,0.2697,9370.0,13,0,1,0,0.0,0
0.4339,50,0,0.2651,,6,0,2,0,0.0,0
0.4251,40,0,0.6113,5374.0,9,0,1,0,2.0,0
1.9132,42,0,0.2476,11400.0,13,0,2,0,1.0,0
0.1336,55,0,0.4533,5265.0,9,0,1,0,2.0,0
0.8458,39,0,0.5394,7904.0,10,0,3,0,,0
0.1318,21,0,0.0679,8772.0,8,0,1,0,1.0,0
0.565,44,0,0.5067,6741.0,8,0,1,0,2.0,0
1.0382,43,0,0.0059,7088.0,6,0,2,0,0.0,0
0.1119,52,0,0.3375,3720.0,10,0,0,0,1.0,0
0.0747,59,0,0.4444,,7,0,1,0,1.0,0
0.2102,52,0,0.5324,1707.0,6,0,1,0,1.0,0
0.3208,41,0,0.7819,5045.0,9,0,2,0,1.0,0
0.3537,55,0,0.1316,,9,0,0,0,0.0,0
0.8036,61,0,0.434,2460.0,6,0,2,0,0.0,0
0.4551,42,0,0.5555,5222.0,5,0,2,0,0.0,0
0.0361,48,0,0.2581,,5,0,1,0,1.0,0
0.4241,77,0,0.6362,5851.0,9,0,2,0,2.0,0
0.7341,61,0,0.1262,4599.0,10,0,1,0,0.0,0
1.8969,71,0,0.646,12208.0,3,0,1,0,1.0,0
0.3297,55,0,0.0845,4633.0,8,0,2,0,0.0,0
0.1182,43,0,0.7745,11126.0,4,0,0,0,2.0,0
4.0508,62,0,0.6498,6463.0,11,0,0,1,1.0,0
0.1676,46,0,0.5765,2189.0,6,0,0,0,1.0,0
0.6746,34,0,0.433,,12,0,1,0,1.0,0
0.7073,40,0,0.9399,7427.0,10,0,4,0,1.0,0
0.065,57,0,0.3492,,13,0,1,0,0.0,0
1.2842,51,0,0.4176,1722.0,3,0,2,0,1.0,0
0.85,47,0,0.9627,11305.0,7,0,0,0,0.0,0
0.073,46,0,0.2957,,11,0,2,0,1.0,0
0.3375,51,0,0.3238,4057.0,6,0,2,0,0.0,0
0.3946,69,0,0.5602,,9,0,3,0,1.0,0
1.4124,26,0,0.6999,2503.0,6,0,3,0,1.0,0
0.1537,55,0,0.5031,3224.0,10,0,1,0,0.0,0
0.5029,68,0,0.2253,7763.0,4,0,0,0,1.0,0
0.3315,55,0,1.0067,,8,0,1,0,1.0,0
0.4624,59,0,0.0683,,9,0,1,0,0.0,0
0.4172,67,0,0.2919,5528.0,10,0,2,0,2.0,0
0.3457,40,0,0.3185,5974.0,12,0,1,0,0.0,0
0.3123,54,0,0.2668,,6,0,1,0,0.0,0
0.1119,35,0,0.4141,,8,0,1,0,0.0,0
0.4826,63,0,0.4743,9320.0,12,0,0,0,0.0,0
0.5618,74,0,0.2224,6990.0,5,0,0,0,0.0,1
0.0166,61,0,0.3436,,7,0,1,0,1.0,0
0.534,38,0,0.7585,,9,0,1,0,2.0,0
0.7093,88,0,0.2289,,9,0,1,0,2.0,0
0.2524,67,0,0.2139,4444.0,8,0,1,0,0.0,0
0.4237,41,0,1.3153,4230.0,3,0,0,0,2.0,0
0.6897,54,0,0.2343,,11,0,4,0,1.0,0
0.1629,46,0,0.6947,7665.0,5,0,1,0,1.0,0
0.772,52,0,0.2614,8489.0,5,0,1,0,0.0,0
7.2124,64,4,0.8622,4928.0,14,0,5,0,0.0,0
0.1398,47,0,0.2385,6197.0,2,0,1,0,0.0,0
0.1928,36,0,1.0598,8713.0,6,0,1,0,0.0,0
0.5615,33,0,0.1376,4990.0,5,0,1,0,1.0,0
0.9354,52,0,0.4235,,13,0,1,0,0.0,0
0.8421,63,2,0.0466,,7,0,0,0,1.0,0
0.5454,29,0,0.4822,4166.0,5,0,0,0,2.0,1
0.4879,51,0,0.2647,4845.0,6,0,0,0,1.0,0
0.5202,52,0,0.4958,3233.0,7,0,2,0,3.0,1
0.4348,42,0,0.1459,4584.0,6,0,0,0,0.0,0
0.9766,34,0,0.4863,4360.0,6,0,1,0,1.0,0
0.281,55,0,0.2234,8824.0,13,0,0,0,1.0,0
0.4336,57,0,0.3614,7105.0,12,0,1,0,0.0,0
0.3954,51,0,0.1315,5786.0,6,0,1,0,0.0,0
6.1488,52,0,0.685,6110.0,5,0,4,0,1.0,0
1.2027,47,0,0.4124,3063.0,4,0,0,0,1.0,0
0.2623,49,0,1.1734,3508.0,7,0,1,0,0.0,0
0.009,78,0,0.1369,6687.0,10,0,2,0,3.0,0
0.0627,55,0,0.369,4024.0,11,0,0,0,2.0,0
0.521,63,0,0.2347,2380.0,11,0,2,0,0.0,0
0.1555,40,0,0.3918,2610.0,8,0,1,0,1.0,0
0.7055,40,0,0.3878,4938.0,6,0,1,0,1.0,0
0.024,54,0,0.8515,,9,0,0,0,1.0,0
0.1664,42,0,0.2383,2333.0,11,0,0,0,1.0,0
0.1277,38,0,0.1426,,5,0,2,0,0.0,0
0.1022,41,0,0.2654,10320.0,7,0,0,0,1.0,0
0.5584,45,0,0.785,6750.0,8,0,1,0,1.0,0
0.2705,83,0,1.0161,12609.0,8,0,0,0,2.0,0
1.1888,79,0,0.0733,4091.0,7,0,1,0,0.0,0
0.2526,69,0,0.9762,6711.0,11,0,1,0,0.0,0
0.5997,68,0,0.2212,9340.0,5,0,2,0,0.0,0
0.188,64,0,0.1054,6116.0,10,0,0,0,0.0,0
0.1721,32,0,0.2326,3487.0,3,0,2,0,1.0,0
1.2411,63,0,0.3311,3165.0,8,0,2,0,5.0,0
5.5315,29,0,0.3969,6944.0,8,0,3,0,0.0,0
0.2773,74,0,0.9082,,6,0,0,0,0.0,0
0.1393,59,0,0.2953,3139.0,11,0,0,0,0.0,0
1.7498,41,0,0.4404,2492.0,12,0,2,0,1.0,0
0.31,58,0,0.1788,4227.0,12,0,1,0,0.0,0
0.4549,38,0,0.4209,6938.0,4,0,3,0,0.0,0
0.4816,50,0,0.533,4234.0,5,2,1,0,1.0,0
0.0876,51,0,0.1653,,8,0,2,0,0.0,0
0.3152,47,0,0.2087,,5,0,0,0,0.0,0
0.4487,77,0,0.0983,,9,0,0,0,0.0,0
0.0169,61,0,0.077,4359.0,11,0,0,0,0.0,0
0.2325,60,0,0.7061,3164.0,9,0,2,0,1.0,0
0.6515,45,0,0.5726,4804.0,9,0,0,0,1.0,0
0.4435,48,0,0.8473,3933.0,4,0,0,0,1.0,0
0.7777,66,0,0.7522,4867.0,7,0,2,0,0.0,0
0.1773,45,0,0.809,13736.0,9,0,1,0,2.0,0
0.5452,45,0,0.0736,5490.0,9,0,0,0,1.0,0
0.6379,54,0,0.7088,4646.0,6,0,1,0,1.0,0
1.3776,56,0,0.6648,10300.0,10,0,0,0,2.0,0
0.6384,48,2,0.4901,2998.0,12,0,0,0,0.0,0
4.2218,47,0,0.2232,3468.0,10,0,1,0,1.0,0
0.6967,33,0,0.2008,3625.0,7,0,3,0,2.0,0
0.3723,62,0,0.3362,,8,0,1,1,,0
5.1234,42,0,1.0914,3603.0,6,0,1,0,2.0,0
0.4834,51,0,0.3403,4009.0,8,0,4,0,0.0,1
0.0659,21,2,0.311,3605.0,8,3,1,0,0.0,0
0.2853,62,0,0.366,7789.0,9,0,0,0,2.0,0
0.3639,67,0,0.372,1592.0,8,0,0,0,0.0,0
0.3479,62,0,0.5443,7053.0,8,0,2,0,0.0,0
0.6657,63,0,0.1397,,9,0,1,0,1.0,0
0.2147,48,0,0.7157,,9,0,4,0,1.0,0
0.1029,78,0,0.2364,10318.0,12,0,1,0,1.0,0
2.4258,49,0,0.5665,1953.0,9,0,1,0,0.0,0
2.6274,73,0,0.4266,2951.0,5,0,1,0,1.0,0
0.5218,45,0,0.2376,2558.0,8,0,0,0,0.0,0
0.1136,78,0,0.4697,7203.0,11,0,1,0,0.0,0
0.1486,53,0,0.5164,2612.0,7,0,2,0,0.0,0
0.403,39,0,0.2764,1236.0,6,0,1,0,1.0,0
0.6947,22,0,0.1869,9189.0,7,0,0,0,1.0,0
0.6807,45,0,0.194,4747.0,11,0,0,0,2.0,0
0.0268,65,0,0.585,,8,0,1,0,2.0,0
0.6319,41,0,0.0788,7077.0,3,0,0,0,0.0,0
0.419,30,0,0.6803,,6,0,0,0,1.0,1
0.2967,49,0,0.5352,10351.0,4,0,2,0,0.0,0
0.9218,75,0,0.1704,16478.0,8,0,1,0,0.0,0
0.0278,75,0,0.489,2781.0,5,0,1,0,1.0,0
4.2999,21,0,0.1668,3401.0,11,0,0,0,1.0,0
0.3117,60,0,0.086,,10,0,0,0,0.0,0
0.6412,59,0,0.3502,9720.0,11,0,0,0,0.0,0
0.9785,32,0,0.7024,3591.0,10,0,2,0,1.0,0
0.3065,52,0,0.0638,1618.0,7,0,0,0,2.0,0
0.3442,77,0,0.5886,14587.0,3,0,1,0,0.0,0
0.6868,57,0,1.0931,13326.0,10,0,2,0,1.0,0
0.3592,70,0,0.7092,6090.0,11,0,0,0,0.0,0
0.4328,34,0,0.8212,2698.0,6,0,1,0,1.0,1
0.8029,65,0,0.9677,2086.0,10,0,1,0,0.0,0
0.4872,51,0,0.302,4801.0,12,0,2,0,0.0,0
0.4231,47,0,0.1431,,11,0,1,0,0.0,0
0.4515,40,0,0.875,9489.0,10,0,0,0,1.0,0
0.9733,44,0,0.1351,4027.0,11,0,1,0,1.0,0
0.3987,52,0,0.5216,1990.0,7,0,0,0,0.0,0
0.1377,44,0,0.7123,2506.0,8,0,2,0,1.0,0
3.6096,64,0,0.3942,,10,0,1,0,0.0,0
0.5086,22,0,0.2153,6170.0,9,0,3,0,1.0,0
0.5391,65,0,0.4806,3552.0,6,0,0,0,0.0,0
0.3531,28,0,0.5808,9792.0,13,0,2,0,1.0,0
0.0475,40,0,0.8288,5930.0,8,0,2,0,0.0,0
0.1764,65,0,0.386,5508.0,9,0,0,0,3.0,0
2.0008,65,0,0.5505,,7,0,1,0,1.0,1
0.0821,58,0,0.0415,4438.0,9,0,3,0,0.0,0
1.7903,66,0,0.7677,8503.0,11,0,3,0,0.0,0
0.1288,56,0,0.4459,4037.0,8,0,0,0,2.0,0
0.843,49,0,0.7025,3012.0,9,0,0,0,0.0,0
0.5204,47,0,0.0853,,5,0,1,0,1.0,0
0.158,50,0,0.4148,15603.0,6,0,0,0,3.0,0
0.7616,53,0,0.9315,10288.0,7,0,0,0,1.0,0
0.0633,48,1,0.7321,7730.0,6,0,2,0,1.0,0
0.038,40,0,0.4088,6784.0,8,0,1,0,0.0,0
0.5795,30,0,0.4822,2383.0,8,0,1,0,0.0,0
0.6355,39,0,0.4785,2022.0,3,0,1,0,2.0,0
0.2614,66,0,0.4799,,7,0,0,0,0.0,0
5.0932,49,0,0.0792,,7,0,1,0,,1
0.0762,45,0,1.1339,13107.0,8,0,2,0,0.0,0
0.5333,65,0,1.607,,6,0,2,0,2.0,1
0.3438,51,0,0.6881,3472.0,6,0,0,0,0.0,0
0.3519,58,0,0.2554,3806.0,8,0,2,0,0.0,0
0.8029,47,0,1.0424,,9,0,0,0,2.0,0
0.3993,48,2,0.2299,5591.0,6,0,2,0,1.0,0
3.379,36,0,0.3139,,9,0,0,0,0.0,0
0.8676,52,0,0.4421,7787.0,10,0,2,0,1.0,0
1.2237,41,0,1.1015,9846.0,8,0,0,0,2.0,0
0.07,39,1,0.6258,2787.0,6,0,1,0,0.0,0
0.3883,54,0,0.7513,7875.0,4,0,0,2,0.0,0
0.023,53,0,0.5939,7042.0,12,0,1,0,0.0,0
0.1614,41,0,0.4877,18835.0,11,0,1,0,0.0,0
0.6143,48,0,0.3236,3319.0,9,0,0,0,3.0,0
0.442,50,0,0.2285,,12,0,1,0,0.0,0
0.2214,68,0,0.4524,8424.0,8,0,1,0,0.0,1
0.4666,30,0,0.4079,2336.0,5,0,0,0,1.0,0
0.3272,69,0,0.3786,4490.0,11,0,1,0,0.0,0
0.4194,66,0,0.392,7743.0,5,0,0,0,0.0,0
4.0437,52,0,0.622,2480.0,5,0,3,0,0.0,0
0.0567,58,0,0.6226,3006.0,10,0,0,0,0.0,0
0.9621,59,0,1.001,2304.0,8,0,0,1,1.0,0
0.5118,32,0,0.3263,9908.0,13,0,1,0,0.0,0
5.9379,56,0,0.1852,,8,0,1,0,0.0,0
0.1048,46,0,0.6216,2858.0,6,0,2,0,1.0,0
0.1821,26,0,0.2801,3488.0,8,0,3,0,,0
0.4992,41,0,0.3608,5669.0,6,0,1,0,0.0,0
0.2699,67,0,0.4776,5044.0,8,0,1,0,0.0,0
0.4048,49,0,0.1108,3945.0,5,0,1,0,0.0,0
0.6656,65,0,0.5628,8576.0,6,0,1,0,1.0,0
0.2652,56,0,0.4571,11303.0,8,0,1,0,1.0,0
0.3745,33,0,0.492,6257.0,12,0,2,0,0.0,0
0.6469,63,0,0.6411,16707.0,13,0,2,0,0.0,0
0.46,64,0,0.6332,,8,0,3,0,0.0,1
0.444,45,0,0.5041,2714.0,6,0,2,0,1.0,1
0.3211,31,0,0.2844,,5,0,0,0,0.0,0
0.5613,50,0,1.2962,3998.0,9,0,0,0,1.0,0
0.0736,43,0,0.658,6980.0,9,0,2,0,2.0,0
0.5475,50,0,0.7094,2883.0,7,0,1,0,2.0,0
0.2075,69,0,0.7688,,7,0,1,0,1.0,0
1.2007,67,0,1.3147,18036.0,5,0,1,0,0.0,0
0.0666,63,0,0.2416,3821.0,10,0,1,0,1.0,0
0.998,60,0,0.5752,9402.0,10,0,2,0,1.0,0
0.3378,50,0,0.9128,2700.0,4,0,0,0,0.0,0
5.5959,69,0,0.3118,,10,0,1,0,2.0,0
0.0702,40,0,0.859,6417.0,10,0,1,0,0.0,0
2.9553,43,2,0.6404,1351.0,9,0,1,0,4.0,0
0.0373,59,0,0.4378,,7,0,1,0,1.0,0
0.0284,82,0,0.5297,9366.0,4,0,2,0,2.0,0
0.2313,50,0,0.1624,2587.0,10,0,1,0,1.0,0
0.0886,68,0,0.3842,3578.0,11,0,2,0,2.0,0
1.2571,37,0,0.5015,4722.0,7,0,1,0,2.0,0
0.3001,56,0,0.5823,8082.0,9,0,3,0,1.0,0
0.0478,61,0,0.1188,3782.0,9,0,0,0,0.0,0
0.2472,64,0,0.1618,,10,0,0,0,0.0,0
0.4558,48,0,0.0299,6307.0,7,0,1,0,0.0,0
0.5168,43,0,0.2045,6199.0,9,0,2,0,3.0,0
0.9356,37,1,0.8391,1684.0,9,5,1,0,0.0,0
3.1773,50,0,0.8641,6970.0,6,0,0,0,0.0,0
0.0785,76,0,0.8855,17722.0,7,0,0,0,1.0,0
0.5059,48,0,0.3634,6995.0,11,0,0,0,2.0,0
0.4417,87,0,0.3294,5084.0,6,0,1,0,1.0,0
0.3432,52,0,0.1966,,10,0,2,0,1.0,0
1.126,64,0,0.2945,2469.0,4,0,3,0,1.0,0
0.455,83,0,0.4753,6493.0,9,0,1,0,3.0,0
0.1752,54,0,0.5231,5621.0,14,0,3,0,0.0,0
0.0001,79,0,0.078,1576.0,7,0,2,0,1.0,0
0.3601,53,0,0.7633,,6,0,4,0,2.0,0
0.7008,50,0,0.457,,11,0,0,0,1.0,0
1.2115,54,0,0.0843,3324.0,7,0,1,0,0.0,0
0.6021,31,0,0.2574,2867.0,6,0,1,0,1.0,0
2.2944,40,0,0.6084,5218.0,9,0,1,0,0.0,0
0.4858,37,0,0.3355,,9,0,0,0,1.0,0
0.4745,52,0,0.7314,4259.0,2,0,1,0,2.0,0
1.35,60,0,0.9644,6204.0,5,0,2,0,0.0,0
2.5867,44,0,0.5331,,6,0,1,0,0.0,0
0.1556,87,0,0.5424,5176.0,7,0,1,0,2.0,0
0.5631,30,0,0.2643,5959.0,6,0,2,0,0.0,0
4.0481,35,0,0.5223,7398.0,7,0,1,0,2.0,0
2.9274,62,0,0.4079,6136.0,4,0,0,0,2.0,0
0.6758,47,0,0.5525,3477.0,9,0,1,0,1.0,0
5.0732,24,0,0.5107,2581.0,9,0,2,0,0.0,0
0.3299,59,0,0.5691,10085.0,7,0,1,0,0.0,0
0.0709,57,0,0.1836,12379.0,7,0,1,0,1.0,0
4.538,55,0,0.5054,,7,0,1,0,2.0,1
0.0718,51,0,0.3449,7217.0,11,0,1,0,0.0,0
0.1396,52,0,0.8064,4730.0,6,0,0,0,0.0,0
0.2267,75,0,0.3207,7762.0,4,0,3,0,0.0,0
0.1874,67,0,0.4052,8177.0,9,0,1,0,0.0,0
0.1377,62,0,0.0869,8546.0,8,0,4,0,0.0,0
0.6582,67,0,0.5155,4676.0,8,0,0,0,0.0,0
0.3707,51,0,0.2945,7169.0,7,0,0,0,1.0,0
0.0149,57,0,0.0909,,8,0,2,0,1.0,0
0.2746,21,0,0.3686,,4,0,1,0,1.0,0
0.3701,88,0,0.2192,13947.0,5,0,1,0,0.0,0
0.3407,53,2,0.5734,,1,1,0,0,2.0,0
0.3403,69,0,0.17,5582.0,5,0,0,0,0.0,0
0.2417,65,0,0.5845,7785.0,9,0,2,0,1.0,0
0.1869,63,0,0.0645,4359.0,10,0,1,0,0.0,0
0.1315,48,0,0.4013,3591.0,7,0,3,0,0.0,0
0.0284,71,0,0.3646,11890.0,9,0,1,0,1.0,0
3.2589,64,0,0.2194,,9,0,1,0,3.0,0
0.0948,36,0,0.3534,16719.0,10,0,0,0,1.0,0
0.9613,55,0,0.5409,9933.0,9,0,2,0,0.0,0
0.2716,54,0,0.4451,33375.0,5,0,3,0,0.0,0
0.8251,46,0,0.2943,6911.0,10,0,0,0,2.0,0
0.0412,37,0,0.3255,4907.0,7,0,1,0,0.0,0
0.3282,39,0,0.7203,,6,0,0,0,1.0,0
0.329,61,0,0.3927,6932.0,7,0,3,0,1.0,0
0.4017,47,0,0.6675,9807.0,10,0,2,0,0.0,0
0.7889,59,0,0.0201,3186.0,8,0,0,0,0.0,0
2.055,50,0,0.7523,3779.0,12,0,2,0,1.0,0
0.4141,51,0,0.4886,4316.0,6,0,2,0,1.0,0
0.4999,39,0,0.2825,,7,0,0,0,1.0,0
0.2488,44,0,0.3066,,9,0,2,0,0.0,0
0.2173,51,0,0.3005,11442.0,8,0,0,0,3.0,0
0.2208,29,0,0.7454,6485.0,6,0,2,0,2.0,0
0.1119,55,0,0.4932,4846.0,5,0,2,0,0.0,0
0.5372,51,0,0.2168,12579.0,11,0,1,0,1.0,0
0.2154,31,0,0.2294,,10,0,2,0,0.0,0
4.7912,51,0,1.0881,8004.0,10,0,2,0,1.0,0
0.0998,21,0,1.0824,10577.0,10,0,2,0,1.0,0
0.2197,46,0,0.1609,4252.0,10,0,1,0,,0
0.3153,53,0,0.2718,2114.0,9,0,2,0,0.0,0
2.2779,65,0,0.6795,5690.0,6,0,3,0,0.0,0
0.1449,89,0,0.9316,7022.0,12,0,1,0,1.0,0
0.0185,55,0,1.0255,5181.0,6,0,1,0,0.0,0
0.0422,56,0,0.4409,7186.0,11,0,0,0,1.0,0
0.1712,30,1,0.3223,6460.0,10,1,2,0,1.0,0
0.4982,50,0,0.6793,,10,0,1,0,3.0,0
0.9497,46,1,0.7472,12726.0,13,0,1,0,0.0,0
0.4117,28,0,0.9606,22746.0,4,0,1,0,0.0,0
0.0528,76,0,0.4456,5805.0,8,0,1,0,1.0,0
0.463,58,0,0.8173,4576.0,20,0,2,0,0.0,0
1.1965,60,0,0.5112,2668.0,5,0,3,0,1.0,0
0.3698,75,1,0.2898,3007.0,8,0,1,0,1.0,0
0.7768,32,0,0.3171,,7,0,1,0,0.0,0
0.5221,34,0,0.7981,8838.0,11,0,2,0,,0
0.0114,72,0,0.6167,4560.0,9,0,3,0,3.0,0
0.0667,38,0,0.2973,5354.0,9,0,1,0,0.0,0
0.4431,62,0,0.1644,16282.0,8,0,3,0,1.0,1
0.5159,56,0,0.6515,6142.0,3,0,0,0,1.0,0
0.1364,80,0,0.5927,5426.0,7,0,3,0,0.0,0
0.268,73,0,0.3823,6162.0,8,0,2,0,3.0,0
1.0418,74,0,0.2272,8558.0,10,0,1,0,0.0,0
0.7012,29,0,0.6716,4282.0,6,0,1,0,1.0,0
0.3861,62,0,0.4018,7434.0,14,0,1,0,,0
4.9815,67,0,0.2867,20392.0,11,0,2,0,0.0,0
0.6957,52,0,0.1574,,8,0,0,0,1.0,0
0.6908,44,0,0.9267,5222.0,9,0,0,1,0.0,0
0.1549,50,0,0.1222,5707.0,3,0,2,0,0.0,0
0.2963,64,0,0.1574,8512.0,4,0,2,0,1.0,0
0.0078,34,0,0.881,7669.0,7,0,0,0,0.0,0
0.848,77,0,0.0339,6504.0,9,0,0,0,1.0,1
2.2134,26,0,0.4425,14971.0,7,0,0,0,2.0,0
0.593,43,0,0.5621,2154.0,12,0,2,0,2.0,0
0.3221,35,0,0.3595,2177.0,9,0,1,0,0.0,0
0.1528,52,0,0.9467,,9,0,0,0,0.0,0
0.2488,45,0,0.2434,7743.0,10,0,0,0,1.0,0
0.5723,70,0,0.2988,5262.0,15,0,0,0,3.0,0
0.0177,49,0,0.4117,8455.0,4,0,2,0,2.0,0
0.6787,56,0,0.3499,7504.0,11,0,1,0,2.0,0
4.6297,50,0,0.7597,3441.0,7,0,2,0,0.0,0
0.2748,48,0,0.4179,3155.0,8,0,0,0,1.0,0
0.0072,55,0,0.2785,,10,0,1,0,0.0,0
1.639,34,0,0.4438,,6,0,0,0,1.0,0
0.2732,39,0,0.1035,14345.0,2,0,2,0,1.0,0
0.5745,37,0,0.5051,5377.0,9,0,1,0,0.0,0
0.063,56,0,0.0556,10408.0,11,0,0,0,1.0,0
0.5547,54,0,0.1183,,6,0,2,0,1.0,0
0.1499,55,0,0.443,,15,0,0,0,1.0,0
0.2222,53,0,0.2722,,5,0,2,0,1.0,0
0.4426,58,0,0.6012,13110.0,6,0,2,0,0.0,0
2.5865,46,0,0.4277,,10,0,1,0,2.0,0
0.8121,50,0,1.0029,9407.0,8,0,2,0,0.0,0
0.145,57,0,0.4277,2916.0,10,0,1,0,2.0,0
0.6298,42,0,0.1266,2869.0,8,0,1,0,1.0,0
0.2223,59,0,0.2151,9374.0,17,0,0,0,1.0,0
0.3453,68,0,0.3771,5422.0,6,0,1,0,1.0,0
0.9118,55,0,0.6558,23142.0,8,0,0,0,0.0,0
0.5778,72,0,0.4066,,11,0,1,0,3.0,0
0.1005,51,0,0.7728,,7,0,0,0,0.0,0
0.4461,67,0,0.6946,,9,0,0,0,0.0,0
0.0073,41,0,0.1548,6158.0,9,0,0,0,0.0,0
0.143,57,0,0.3139,,9,0,6,0,1.0,0
0.5298,60,0,0.5358,,12,0,0,0,1.0,1
0.3883,66,0,0.614,3834.0,9,0,0,0,1.0,0
0.4426,59,0,0.6364,6486.0,12,0,1,0,1.0,0
2.3548,74,0,0.2268,7247.0,10,0,0,0,0.0,0
0.8406,63,0,0.3862,3915.0,12,0,2,0,0.0,0
0.6518,53,0,0.2728,6567.0,8,0,1,0,1.0,0
0.0676,54,0,0.4383,8835.0,13,0,1,0,,0
0.1217,43,0,0.3462,8891.0,8,0,1,0,0.0,0
0.2251,49,0,0.1785,6370.0,5,0,0,0,2.0,0
0.5706,50,0,0.3245,6436.0,7,0,2,0,1.0,0
0.5165,55,0,0.2818,4514.0,10,0,1,0,2.0,0
0.7014,50,0,0.2057,4531.0,8,0,2,0,0.0,0
0.5332,33,0,0.1403,7758.0,9,0,1,0,1.0,0
0.4738,69,0,0.3591,7140.0,14,0,0,0,0.0,0
1.0852,22,0,0.5319,2210.0,4,0,1,0,0.0,0
0.1638,40,0,0.5176,2908.0,7,0,0,0,0.0,0
0.5587,70,1,0.6569,10374.0,3,1,2,2,0.0,0
1.0505,41,0,0.1693,3289.0,11,0,0,0,1.0,0
0.408,66,0,0.4363,1959.0,9,0,2,0,0.0,0
0.6212,56,0,0.3217,5497.0,3,0,0,0,0.0,0
1.042,60,0,0.644,3572.0,5,0,1,0,2.0,0
0.4064,46,0,0.6505,5459.0,10,0,2,0,0.0,0
0.2128,48,0,0.3441,2757.0,6,0,0,0,0.0,0
0.1729,61,0,0.3465,,5,0,2,0,1.0,0
0.4903,53,0,0.3553,3137.0,3,0,1,0,1.0,0
0.3733,46,0,0.8368,7116.0,10,0,4,0,0.0,0
0.2139,52,0,0.6523,3759.0,8,0,0,0,1.0,0
1.4947,48,0,0.6199,6387.0,7,0,1,0,1.0,0
0.1354,34,1,0.2649,2436.0,8,1,0,0,0.0,0
0.292,53,0,0.7706,5394.0,7,0,0,0,1.0,0
0.6866,62,0,0.9254,,8,0,2,0,0.0,0
0.4489,52,0,0.4698,4123.0,9,0,1,0,2.0,0
0.0376,50,0,0.3299,8583.0,3,0,2,0,1.0,0
5.8179,57,0,0.1871,10815.0,10,0,0,0,2.0,0
0.1163,38,0,0.3622,4532.0,5,0,0,0,0.0,0
0.2364,24,0,0.2657,,8,0,1,0,0.0,0
0.2586,65,0,0.5439,5693.0,6,0,2,0,0.0,0
0.2253,61,0,0.2613,7770.0,8,0,1,0,0.0,0
0.6753,24,0,0.6681,6804.0,6,0,1,0,0.0,0
0.9825,50,0,0.913,3583.0,8,0,3,0,0.0,0
0.5376,52,0,0.2662,9933.0,11,0,2,0,,0
0.1633,46,0,1.0579,4168.0,9,0,1,0,1.0,0
0.0889,40,0,0.3502,3649.0,12,0,4,0,0.0,0
0.7443,51,0,0.8888,,12,0,2,0,0.0,0
0.3139,41,0,0.5105,,10,0,0,0,0.0,0
0.1978,51,0,0.4032,9561.0,11,0,0,0,2.0,0
0.2976,33,0,0.5182,6562.0,13,0,0,0,0.0,0
0.5475,59,0,0.6312,,10,0,0,0,1.0,0
0.4174,74,0,0.5635,14145.0,6,0,2,0,1.0,0
2.5961,53,2,0.1191,2997.0,11,0,2,0,1.0,0
0.0014,62,0,0.4943,2514.0,8,0,0,0,,0
0.5338,49,0,0.8242,13051.0,9,0,1,0,1.0,0
0.4615,74,0,0.5748,6151.0,8,0,3,0,1.0,0
0.2472,43,0,1.0673,2786.0,10,0,2,0,0.0,0
0.1976,30,0,0.636,9400.0,9,0,1,0,1.0,0
1.2627,32,0,0.4524,3251.0,13,0,1,0,2.0,0
0.6649,40,0,0.4205,3157.0,13,0,1,0,1.0,0
0.123,54,0,0.3152,16611.0,4,0,0,0,1.0,0
0.1509,48,0,0.3715,5548.0,9,0,0,0,0.0,0
0.105,80,0,0.6475,7349.0,7,0,1,0,1.0,0
0.9576,56,0,0.1643,,4,0,1,0,0.0,0
1.4931,53,0,1.0849,9134.0,11,0,1,0,1.0,0
0.289,54,0,0.3895,,5,0,1,0,2.0,0
0.1828,70,0,0.631,,7,0,0,0,3.0,0
0.1812,28,0,0.1499,11039.0,7,0,2,0,0.0,0
0.2829,61,0,0.505,7927.0,7,0,1,0,1.0,0
0.8431,39,0,0.3222,3312.0,6,0,1,0,0.0,0
0.0892,57,0,0.2068,3702.0,6,0,1,0,1.0,0
0.0736,47,0,0.7092,,5,0,1,0,2.0,0
0.0506,53,0,0.4059,2293.0,7,0,0,0,1.0,0
0.2834,59,0,0.7335,11641.0,8,0,0,0,1.0,0
0.3308,65,1,0.3491,7465.0,9,0,1,0,2.0,0
0.1164,59,0,0.8836,5021.0,5,0,2,0,0.0,0
1.0478,54,0,0.7799,5751.0,12,0,1,0,0.0,0
0.2391,59,0,0.6819,2057.0,11,0,1,0,0.0,0
0.8853,51,0,0.0672,6798.0,7,0,1,0,1.0,0
0.7939,60,0,0.0642,7441.0,8,0,1,0,2.0,0
0.1686,68,0,0.658,,12,0,3,0,1.0,0
0.6234,77,0,1.0145,15999.0,6,0,2,0,0.0,0
0.877,68,0,0.5926,9130.0,5,0,1,0,0.0,0
0.6958,72,1,1.0097,7248.0,4,0,3,2,0.0,0
0.196,40,0,0.8456,,6,0,3,0,2.0,0
0.1234,65,0,0.5497,15851.0,7,0,3,0,2.0,0
0.317,55,0,0.0473,7363.0,9,0,1,0,0.0,0
0.1917,41,0,0.6588,,10,0,1,0,0.0,0
0.2918,43,0,0.9419,5113.0,6,0,1,0,1.0,0
0.5061,67,0,1.2709,13425.0,5,0,0,0,2.0,0
0.6369,66,0,0.4082,23571.0,8,0,0,0,0.0,0
3.2032,36,0,0.4391,21531.0,10,0,1,0,0.0,0
0.1044,50,1,0.4151,2705.0,2,0,0,0,2.0,0
0.0165,34,0,0.1391,5365.0,11,0,0,0,1.0,0
0.4285,47,0,0.3547,17072.0,6,0,1,0,1.0,0
0.0584,42,0,0.5553,,8,0,1,0,1.0,0
0.9066,52,0,0.1466,,9,0,1,0,1.0,0
0.13,63,0,0.5004,13394.0,8,0,1,0,0.0,0
5.387,41,0,0.4313,3994.0,8,0,1,0,0.0,0
0.7794,38,0,0.6575,3911.0,9,0,0,0,4.0,0
0.4997,52,0,0.7153,6580.0,6,0,1,0,2.0,0
0.3493,52,0,0.6832,4156.0,10,0,1,0,2.0,0
0.1176,35,0,0.4671,4116.0,10,0,0,0,0.0,0
0.0912,60,0,0.8965,6589.0,10,0,0,0,0.0,0
0.3925,39,0,0.1152,1117.0,10,0,0,0,2.0,0
0.3322,71,0,0.2114,10901.0,5,0,2,0,0.0,0
0.7346,63,0,0.6008,10082.0,9,0,0,0,1.0,0
0.0139,70,0,0.4445,3272.0,7,0,2,0,0.0,0
0.5371,49,0,0.4547,7096.0,7,0,0,0,1.0,0
3.4485,74,0,0.4721,3050.0,9,0,2,0,1.0,0
0.1792,59,0,0.4562,8920.0,7,0,0,1,0.0,0
0.7119,65,0,0.3511,9197.0,13,0,1,0,2.0,0
0.2514,67,0,0.3114,2743.0,12,0,0,0,2.0,0
1.7005,63,0,0.5027,11252.0,5,0,1,0,1.0,0
0.7348,36,0,0.5827,3757.0,6,0,1,0,1.0,1
0.9559,48,3,0.2776,4910.0,5,0,3,1,3.0,0
1.0017,55,0,0.3535,,7,0,0,0,2.0,0
0.1955,41,0,0.0422,2114.0,9,0,0,0,1.0,0
0.0174,58,0,0.3603,6425.0,10,0,1,0,0.0,0
0.0261,41,0,0.2343,,6,0,1,0,3.0,0
0.102,61,0,0.203,2360.0,12,0,2,0,1.0,0
0.6626,68,0,0.4019,8432.0,5,0,0,0,1.0,0
0.4299,82,0,0.431,10428.0,6,0,1,0,0.0,0
0.3978,50,0,0.3453,6579.0,8,0,1,0,1.0,0
0.0849,56,0,0.7119,6679.0,8,0,1,0,,0
1.109,49,2,0.6588,4379.0,8,0,4,0,2.0,0
2.8416,63,0,0.374,5728.0,9,0,1,0,0.0,0
5.9075,52,0,0.2373,7474.0,7,0,1,0,0.0,0
0.4833,47,1,0.1201,5875.0,6,0,1,2,0.0,0
0.6647,81,0,0.0596,14654.0,6,0,1,0,0.0,0
0.4707,65,0,0.284,9833.0,8,0,0,0,0.0,0
0.0189,34,0,0.7745,4092.0,8,0,1,0,0.0,0
0.177,46,0,0.4243,3942.0,6,0,0,0,2.0,0
0.4285,56,0,0.1886,4346.0,7,0,0,0,1.0,0
0.22,57,0,0.6752,5869.0,12,0,1,0,0.0,0
1.2017,28,0,0.2147,8116.0,6,0,4,0,1.0,0
0.1541,49,0,0.2372,2823.0,7,0,2,0,1.0,0
0.492,74,0,0.2973,7757.0,10,0,0,0,0.0,0
0.1593,65,0,0.8885,4848.0,11,0,1,0,2.0,0
0.0748,63,0,0.6674,3692.0,5,0,0,0,1.0,0
0.3247,23,0,0.6266,7796.0,14,0,1,0,0.0,0
0.2784,26,0,0.176,4076.0,9,0,0,0,0.0,0
0.8743,50,0,0.5188,4641.0,9,0,0,0,1.0,0
1.1208,40,0,0.5178,4096.0,8,0,0,0,0.0,0
0.0221,45,0,0.2122,5493.0,11,0,0,0,1.0,0
0.1989,44,0,0.5389,6669.0,8,0,3,0,0.0,0
0.1595,54,0,0.0736,6228.0,9,0,2,0,1.0,0
0.4463,45,0,1.0038,7801.0,13,0,4,0,0.0,0
0.1668,73,0,0.5203,2434.0,10,0,2,0,0.0,0
0.2919,21,0,0.1393,,8,0,2,0,0.0,0
0.0802,59,0,1.1641,,5,0,2,0,1.0,0
0.5647,49,0,0.7606,10032.0,7,0,0,0,,0
0.7027,57,0,0.1572,3871.0,7,0,0,0,0.0,0
0.3239,57,0,0.4299,1779.0,13,0,0,0,2.0,0
0.1309,41,0,0.7087,,7,0,0,0,,0
3.6723,50,0,0.6418,1800.0,10,0,0,0,0.0,0
0.0466,60,0,0.5776,3787.0,7,0,0,0,0.0,0
1.0626,43,0,0.1441,,8,0,1,0,0.0,0
0.081,61,0,0.6995,,15,0,0,0,1.0,0
0.455,65,0,0.6801,7684.0,11,0,2,0,1.0,0
0.9863,32,0,1.0539,1796.0,8,0,0,0,1.0,0
0.3383,39,0,0.4121,1557.0,12,0,0,0,1.0,0
1.0279,21,0,0.2207,4829.0,4,1,1,0,1.0,0
0.2507,70,0,0.5413,1560.0,7,0,1,0,,0
1.0495,42,0,1.1068,5698.0,13,0,1,0,1.0,0
0.1716,78,0,0.3514,,11,0,2,0,1.0,0
0.2274,48,0,0.0984,1032.0,7,0,1,0,1.0,0
0.6393,81,0,0.1949,1792.0,10,0,1,0,0.0,0
0.0564,50,0,1.0553,8758.0,7,0,1,0,0.0,0
0.5641,35,0,0.397,4392.0,7,0,1,0,0.0,0
0.3492,52,0,0.6251,,10,0,1,0,0.0,0
0.3444,45,1,0.0073,3854.0,14,0,2,0,0.0,0
0.4833,48,0,0.4093,,14,0,2,0,1.0,0
0.0502,67,0,0.9359,,10,0,2,0,0.0,0
0.0685,63,0,0.7337,4024.0,11,0,0,0,1.0,0
0.5249,56,0,0.4795,,15,0,1,0,1.0,0
0.0449,47,0,0.3844,,7,0,0,0,2.0,0
0.0376,47,0,0.5566,5082.0,14,0,2,0,1.0,0
0.0212,61,0,0.4257,6551.0,11,0,1,0,0.0,0
0.0878,76,0,0.4055,5775.0,5,0,2,0,1.0,0
1.0833,67,0,0.9874,2731.0,10,0,1,0,1.0,0
1.0087,32,1,0.3845,,6,0,0,0,2.0,0
0.3842,65,0,0.2318,,15,0,0,0,,0
0.4773,45,0,0.5813,12269.0,9,0,0,0,0.0,0
0.1262,50,0,0.7977,2772.0,6,0,0,0,1.0,0
0.1452,66,0,0.0892,9127.0,6,0,2,0,0.0,0
0.245,53,0,0.3961,3441.0,9,0,0,0,1.0,0
0.7995,65,0,0.9301,4471.0,10,0,2,0,0.0,0
0.6057,49,0,0.836,5498.0,10,0,2,0,0.0,0
0.0839,29,0,0.1231,3401.0,9,0,2,0,1.0,0
0.3173,44,0,0.0409,4002.0,10,0,1,0,1.0,0
0.4008,27,0,0.6901,,5,0,0,0,0.0,0
0.0846,58,0,0.1766,,6,0,0,0,0.0,0
0.4998,46,0,0.3122,5850.0,12,0,1,0,0.0,0
0.6691,47,0,0.527,5032.0,9,0,3,0,0.0,1
0.2406,48,0,1.5884,4112.0,5,0,0,0,1.0,0
0.7283,64,0,0.7099,2356.0,0,0,1,0,0.0,0
0.0775,59,0,0.3412,7543.0,6,0,1,0,0.0,0
0.1296,21,0,0.5198,1861.0,4,0,0,0,0.0,0
1.0424,21,0,0.2686,6790.0,12,0,0,0,2.0,0
0.258,66,0,0.8677,8243.0,8,0,4,0,0.0,0
0.4238,56,0,0.3909,11084.0,10,0,0,0,0.0,0
0.2399,49,0,0.1904,,11,0,0,0,1.0,0
2.2524,52,2,0.3289,8962.0,8,0,0,0,1.0,0
0.9917,54,0,0.2678,,7,0,0,0,2.0,0
0.2322,53,0,0.5392,9613.0,6,0,1,0,2.0,0
0.6772,62,0,0.7893,3795.0,9,0,0,0,1.0,0
3.245,37,0,0.4654,6674.0,2,0,3,0,2.0,0
7.9762,47,0,0.793,4771.0,7,0,0,0,0.0,0
0.5458,51,0,0.6582,3226.0,12,0,0,0,3.0,0
0.484,54,0,0.3189,12537.0,6,0,2,0,0.0,0
0.2451,49,0,0.723,6817.0,2,0,0,0,1.0,0
0.8298,50,0,1.4893,,9,0,1,0,0.0,1
0.2913,59,0,0.337,5617.0,6,0,0,0,1.0,0
0.2856,66,1,0.2335,,3,0,1,0,1.0,0
0.7804,55,0,0.2908,12134.0,14,0,0,0,1.0,0
1.0453,34,1,0.2278,3935.0,13,0,0,0,0.0,0
0.2164,46,0,0.4174,3422.0,7,0,1,0,1.0,0
0.5163,29,0,0.4418,2813.0,2,0,2,0,1.0,1
0.0693,60,0,0.6305,15589.0,5,0,1,0,2.0,0
0.003,49,0,0.5359,10786.0,8,0,3,0,0.0,0
0.3785,66,0,0.9272,13112.0,3,0,1,0,3.0,0
0.5984,56,0,0.3702,3917.0,12,0,3,0,1.0,0
0.6378,58,0,0.8207,3603.0,8,0,0,0,0.0,0
0.527,34,0,0.833,9480.0,8,0,0,0,0.0,0
1.397,39,0,0.7646,7203.0,2,0,1,0,2.0,0
0.3712,48,0,0.4511,10402.0,3,0,0,0,0.0,0
0.2019,45,0,0.8878,4204.0,6,0,1,0,1.0,0
1.4282,48,0,0.4878,,8,0,3,0,0.0,1
0.1098,38,0,0.4495,3189.0,4,0,1,0,1.0,0
0.2017,60,0,0.1999,2206.0,13,0,1,0,0.0,0
0.5167,49,0,0.5516,,7,0,2,0,0.0,0
0.6871,66,0,0.425,4281.0,9,0,1,0,1.0,0
0.0341,32,0,0.8964,9146.0,2,0,1,0,0.0,0
0.533,72,0,0.1362,,12,0,0,0,2.0,0
0.0279,50,0,0.1514,2503.0,7,0,2,0,0.0,0
0.459,40,0,0.0582,4497.0,5,0,3,0,0.0,0
0.2021,48,0,0.1662,6007.0,5,0,1,0,0.0,0
0.671,40,0,0.5355,6205.0,10,0,0,0,0.0,0
0.8744,48,0,0.886,,8,0,1,0,0.0,0
0.2683,67,0,0.4042,3692.0,11,0,0,0,0.0,0
0.5176,47,0,0.1655,4904.0,10,0,1,0,1.0,0
0.4758,54,0,0.298,12678.0,9,0,0,0,0.0,0
0.3534,46,0,0.6575,3494.0,8,0,0,0,0.0,0
0.6035,49,0,0.5683,16980.0,10,0,0,0,1.0,0
0.1793,46,0,0.1277,5083.0,9,0,2,0,0.0,0
0.1504,34,0,0.6327,3127.0,9,0,3,0,0.0,0
0.1334,77,0,0.3082,4910.0,7,0,1,1,1.0,0
0.2442,57,0,0.9243,9438.0,12,0,2,0,1.0,0
0.932,77,1,0.0266,,6,1,2,0,1.0,0
0.6267,61,0,0.9879,2024.0,9,0,0,0,1.0,1
0.4506,27,0,0.8592,5735.0,9,0,1,0,1.0,0
0.1033,57,0,0.9738,6529.0,11,0,0,0,1.0,0
0.3161,52,0,0.279,3203.0,8,0,1,0,0.0,0
0.3136,49,0,0.6058,3145.0,11,0,1,0,1.0,0
0.5741,47,0,0.2592,,9,0,1,0,0.0,0
3.4397,70,0,0.5398,,10,0,3,0,2.0,1
0.4677,36,0,0.4652,8438.0,11,0,0,0,0.0,0
0.1301,48,0,0.5882,5613.0,11,0,1,0,0.0,0
0.156,59,0,0.3884,2382.0,8,0,1,0,1.0,0
0.2387,43,0,0.7151,2985.0,9,0,2,0,1.0,0
0.5523,55,0,0.2726,13060.0,8,0,1,0,1.0,0
0.6829,67,0,0.3281,14197.0,9,0,1,0,1.0,0
0.1525,61,0,0.1585,15185.0,9,0,1,0,1.0,0
0.0678,25,0,0.1733,4045.0,10,0,1,0,0.0,0
0.4678,41,0,0.4402,5355.0,10,0,1,0,1.0,0
0.2095,40,0,0.3226,3141.0,7,0,1,0,0.0,0
2.7277,61,0,0.5801,2413.0,8,0,1,0,1.0,0
0.2192,45,0,0.6659,4803.0,6,0,1,0,2.0,0
0.9455,53,0,0.8985,3713.0,5,0,0,0,2.0,0
1.4366,44,0,0.4456,3407.0,7,0,2,0,1.0,0
0.6934,50,0,0.4922,5975.0,9,0,1,0,0.0,0
0.071,77,0,0.7123,,10,0,0,0,1.0,0
0.7457,85,0,0.378,9772.0,7,0,0,0,1.0,0
0.5757,56,0,0.3968,5525.0,7,0,2,0,0.0,0
1.247,38,0,0.835,10384.0,4,0,0,0,0.0,0
0.1595,55,0,0.846,9015.0,7,0,1,0,0.0,0
0.0277,73,0,0.3604,5405.0,10,0,0,0,0.0,0
0.1842,56,0,0.4608,3141.0,9,0,3,0,0.0,0
0.1367,29,0,0.5961,3457.0,8,0,2,0,0.0,0
0.7136,50,0,0.5742,7714.0,7,0,2,0,0.0,0
0.4889,34,0,0.4229,,9,0,0,0,0.0,0
2.833,39,0,0.4883,2998.0,9,0,0,0,2.0,0
0.3164,50,0,0.5521,11062.0,3,0,3,0,3.0,0
0.8214,40,0,0.5416,3098.0,4,0,3,0,1.0,0
0.2411,59,3,0.8557,4735.0,3,0,1,1,1.0,0
0.4475,65,0,0.9728,7812.0,6,0,0,0,0.0,0
0.3219,34,0,0.0023,7352.0,8,0,0,0,0.0,0
0.3099,66,3,0.3088,,10,0,0,0,1.0,0
0.0416,64,0,0.1792,,6,0,1,0,,0
0.0585,53,0,0.8792,2628.0,8,0,0,0,2.0,0
0.0676,57,0,0.4338,5384.0,9,0,0,0,1.0,0
0.0135,61,0,0.3953,13708.0,8,0,4,0,0.0,0
0.2472,67,0,0.2191,4718.0,9,0,2,0,0.0,0
0.1312,28,0,0.4696,7442.0,10,0,0,0,0.0,0
0.6339,65,0,0.4188,3407.0,5,0,0,0,2.0,0
0.5235,68,0,0.2818,,8,0,1,0,2.0,0
0.037,55,0,0.6796,11716.0,7,0,0,0,2.0,0
3.0048,64,0,0.0881,,4,0,1,0,0.0,0
0.2592,24,0,0.6938,9517.0,5,0,0,0,2.0,0
4.1197,64,0,0.2889,6855.0,7,0,2,0,0.0,0
0.1947,35,0,0.1729,5864.0,15,0,1,0,0.0,0
0.3768,66,0,0.2616,,9,0,2,0,1.0,0
0.5196,80,0,0.2142,1931.0,8,0,0,0,0.0,0
1.0099,75,0,0.2845,7329.0,4,0,1,0,0.0,0
0.4536,74,0,0.3825,7565.0,8,0,1,0,0.0,0
0.3488,49,0,0.094,3644.0,5,0,1,0,0.0,0
0.7775,68,0,0.3491,,7,0,0,0,1.0,0
0.0741,49,0,0.5557,8218.0,10,0,1,0,0.0,0
2.8493,72,0,0.141,3481.0,10,0,0,0,0.0,1
0.7048,59,0,0.0848,2401.0,7,0,0,0,0.0,0
0.551,21,0,0.52,1381.0,12,0,0,0,3.0,0
1.1014,64,0,0.2238,,6,0,2,0,1.0,0
0.5191,31,0,0.3935,2161.0,8,0,1,0,1.0,1
0.3456,78,0,0.5071,6716.0,4,0,2,0,0.0,0
0.3327,64,0,0.5837,6591.0,9,0,2,0,0.0,0
0.3049,50,0,0.3841,11240.0,6,0,1,0,0.0,0
0.4757,77,0,0.5726,,11,0,0,0,1.0,0
0.0621,55,0,0.4179,14183.0,11,0,1,0,1.0,0
0.7399,40,0,0.8765,5427.0,8,0,4,0,1.0,0
0.0459,56,0,0.2955,10253.0,10,0,0,0,1.0,0
0.3201,76,0,0.1433,5483.0,9,1,1,0,0.0,0
0.286,59,0,0.6707,5253.0,10,0,2,0,1.0,0
0.5696,25,0,0.6208,,12,0,0,0,0.0,1
0.274,56,0,0.5855,5623.0,9,0,2,0,0.0,0
0.1041,59,2,0.4358,13765.0,7,4,1,0,3.0,0
0.8571,54,1,0.471,3285.0,3,0,2,0,0.0,0
2.4926,21,0,0.3343,6230.0,7,1,0,1,,0
0.4074,41,0,0.7517,1789.0,8,0,0,0,4.0,0
0.2356,59,0,0.51,3535.0,9,0,1,0,1.0,0
0.6043,74,0,0.3005,9903.0,6,0,0,0,0.0,1
0.1744,39,0,0.4627,6211.0,13,0,2,0,0.0,0
0.32,41,0,1.2815,10169.0,9,0,2,0,0.0,0
0.7842,40,0,0.1619,13215.0,7,0,2,0,0.0,0
0.4941,60,0,0.5561,7644.0,12,0,1,0,1.0,0
0.4597,60,0,0.2445,,2,0,1,0,0.0,0
0.5088,60,0,0.5918,2309.0,6,0,1,0,0.0,0
0.2873,46,0,0.3799,,17,0,1,0,0.0,0
0.0245,43,0,0.4605,1943.0,6,0,0,0,1.0,0
0.4742,60,0,0.5747,8127.0,6,0,3,0,1.0,0
0.3264,72,0,0.1546,6728.0,5,0,1,0,0.0,0
0.7558,56,0,0.0452,1798.0,9,0,0,0,2.0,0
0.7358,58,0,0.4253,1846.0,13,0,2,0,1.0,0
0.2857,40,0,0.3704,4996.0,6,0,0,0,0.0,0
9.895,36,0,0.9412,,4,0,1,0,1.0,0
0.7194,60,0,0.5614,11022.0,4,0,4,0,0.0,0
0.9014,46,1,0.9437,6155.0,8,0,3,2,2.0,0
0.1819,52,0,0.598,3068.0,8,0,0,0,1.0,0
0.6146,64,1,0.7893,10676.0,8,0,1,0,3.0,0
0.194,59,0,0.4715,4523.0,10,0,1,0,1.0,0
0.0411,44,0,0.6275,2987.0,11,0,0,0,0.0,0
0.0467,62,0,0.1284,6183.0,10,0,2,0,1.0,0
0.3167,66,0,0.5144,8672.0,6,0,0,0,0.0,0
0.4422,72,0,1.0561,,11,0,0,0,0.0,0
3.1633,48,0,0.3982,7171.0,12,0,1,0,2.0,0
0.203,50,0,1.2049,13840.0,9,0,0,0,0.0,0
1.8106,39,0,0.3762,4747.0,9,0,3,0,0.0,0
0.1057,63,0,0.728,2514.0,5,0,0,0,1.0,0
2.5309,65,0,0.7323,,10,0,3,0,1.0,0
0.3559,54,0,0.4494,4943.0,6,0,1,0,0.0,0
0.1433,75,0,0.0031,922.0,13,0,0,0,0.0,0
0.5543,58,0,0.7527,4989.0,9,0,2,0,0.0,0
1.9804,42,0,0.4326,5192.0,8,0,3,0,,0
0.2013,54,0,0.5367,3982.0,9,0,0,0,0.0,0
0.3144,50,0,0.5113,4854.0,10,0,2,0,1.0,0
0.4056,60,0,0.3185,9818.0,7,0,0,0,2.0,0
0.2043,88,0,0.1411,10114.0,6,0,1,0,0.0,0
0.2043,73,0,0.2647,3083.0,7,0,0,0,1.0,0
0.6547,68,0,0.5189,,13,0,1,0,0.0,0
0.0942,33,0,0.6231,4515.0,6,0,0,0,1.0,0
0.4453,72,0,0.7972,2561.0,10,0,0,0,,0
0.0055,63,0,0.5385,,5,0,3,0,0.0,0
0.602,72,0,0.4908,,9,0,1,0,1.0,1
0.6161,29,0,0.0378,18933.0,6,0,0,0,0.0,0
0.3038,42,0,0.7753,,11,0,2,0,2.0,0
0.6696,62,0,1.0043,8601.0,6,0,1,0,0.0,0
0.3359,30,0,0.4749,13056.0,7,0,2,0,0.0,0
0.6283,74,0,0.6781,2298.0,6,0,0,0,0.0,1
0.2029,61,0,0.5469,2829.0,7,0,0,0,0.0,0
0.4695,55,0,0.7882,6244.0,8,0,2,0,2.0,0
0.1115,40,0,0.6891,2724.0,6,0,0,0,1.0,0
0.2561,43,0,0.2941,7689.0,9,0,1,0,0.0,0
1.0421,37,0,0.5392,3692.0,9,0,1,0,1.0,0
1.5812,49,2,0.4221,5767.0,10,0,3,2,1.0,0
0.4746,65,0,0.754,13865.0,6,0,0,0,0.0,0
0.0555,47,0,0.8556,,14,0,3,0,1.0,0
0.3092,65,0,0.8583,,2,0,0,0,0.0,0
0.3904,33,0,0.23,5973.0,9,0,0,0,0.0,0
0.5243,27,0,0.2803,1901.0,6,0,0,0,1.0,0
0.2467,69,0,0.1692,4201.0,6,0,0,0,,0
0.2461,43,0,0.7818,9852.0,8,0,0,0,0.0,0
0.4943,50,0,0.6731,5384.0,8,0,1,0,0.0,0
1.0144,40,0,0.8461,,3,0,0,0,1.0,1
0.2236,56,0,0.2349,2599.0,7,0,4,0,0.0,0
0.6057,76,0,0.3159,7483.0,12,0,1,0,1.0,0
0.4946,41,0,0.5835,19549.0,4,0,0,0,0.0,0
0.3706,30,0,0.1249,5809.0,13,0,0,0,1.0,0
0.1831,36,0,0.6977,8851.0,11,0,1,0,0.0,0
0.3437,53,0,0.523,8054.0,8,0,0,0,1.0,0
0.2768,35,0,0.5247,8100.0,6,0,1,0,1.0,0
0.4278,40,0,0.6403,10117.0,7,0,0,0,0.0,0
0.5052,23,0,0.564,2021.0,9,0,1,0,0.0,1
1.9063,56,1,0.4383,,10,2,1,0,1.0,0
0.1718,63,0,0.2614,2603.0,8,0,2,0,0.0,0
0.2609,40,0,0.0341,3844.0,9,0,0,0,0.0,0
0.2,42,0,0.4264,7630.0,6,0,1,0,0.0,0
0.0557,55,0,0.5458,2791.0,5,0,0,0,1.0,0
0.753,60,0,0.6551,1439.0,7,0,0,0,1.0,0
1.0774,53,3,0.7858,11207.0,6,2,1,0,0.0,0
0.104,53,0,0.1584,1933.0,6,0,0,0,2.0,0
0.3295,47,0,0.7477,3437.0,5,0,0,0,1.0,0
0.5464,61,0,0.7214,,6,0,1,0,1.0,0
0.2033,58,0,0.0996,7012.0,6,0,2,0,1.0,0
0.0756,40,1,0.5814,,7,0,0,0,2.0,0
0.2086,47,0,0.9667,6582.0,5,0,1,0,0.0,0
0.1856,60,0,0.0635,3406.0,8,0,0,0,1.0,0
0.3904,60,0,0.6629,4731.0,6,0,3,0,1.0,0
4.4385,38,0,0.0295,11088.0,4,0,1,0,1.0,0
0.8563,51,0,0.1502,2700.0,6,0,0,0,0.0,1
0.2265,46,0,0.3054,,6,0,1,0,1.0,0
0.2588,26,2,0.3992,2484.0,9,0,0,0,0.0,0
0.4701,74,0,0.2602,3448.0,6,0,2,0,0.0,0
0.115,47,0,0.0511,2877.0,21,0,0,0,1.0,0
0.3199,41,0,0.2729,1633.0,5,0,0,0,1.0,0
0.092,51,0,0.2798,5943.0,12,0,1,0,0.0,0
0.1251,46,0,0.7205,4252.0,4,0,1,0,0.0,0
0.3813,71,0,0.1289,3785.0,5,0,1,0,2.0,0
0.1996,68,0,0.7343,4292.0,10,0,0,0,1.0,0
0.4195,52,0,0.1648,4753.0,8,0,0,0,0.0,0
0.4895,65,0,0.6675,9843.0,9,0,0,0,0.0,0
0.1775,52,0,0.2936,4776.0,8,0,0,0,0.0,0
0.3806,28,0,0.8604,9617.0,9,0,2,0,,0
0.807,52,1,0.7773,7660.0,1,1,2,0,2.0,0
6.023,44,0,0.1345,5162.0,9,0,2,0,1.0,0
0.0202,42,0,0.8449,,10,0,1,0,1.0,0
0.3434,60,0,0.5793,,4,0,3,0,0.0,0
0.5337,81,0,0.8929,5699.0,8,0,1,0,0.0,0
0.2837,41,0,0.6382,,10,0,4,0,0.0,0
0.3752,55,0,1.0064,2448.0,5,0,1,0,2.0,0
0.6404,53,0,0.3791,5110.0,7,0,3,0,,0
0.5336,79,0,0.3828,4117.0,10,0,0,0,1.0,0
0.8549,46,0,0.2559,10935.0,7,0,0,0,1.0,0
0.3177,76,0,0.557,7138.0,8,0,1,0,2.0,0
0.8364,26,0,0.5091,11067.0,10,0,1,0,0.0,0
0.8347,43,0,0.5596,4400.0,11,0,0,0,0.0,1
0.3695,64,0,0.347,,11,0,0,0,1.0,0
0.3172,22,0,0.4089,,7,0,1,0,2.0,0
4.4811,48,0,0.4364,1873.0,10,0,0,0,0.0,0
0.3664,33,0,0.5001,,8,0,0,0,2.0,0
0.6284,33,0,0.1727,,8,0,1,0,0.0,0
7.9245,76,1,0.2886,,11,0,0,0,0.0,0
0.1747,66,0,0.1996,3524.0,12,0,3,0,1.0,0
4.6929,54,0,0.7548,3951.0,4,0,1,0,2.0,0
0.5609,70,0,0.5048,19174.0,5,0,1,0,,0
0.0534,59,0,0.7889,,6,0,1,0,3.0,0
0.5435,66,0,0.5419,9052.0,13,0,1,0,1.0,0
0.544,56,0,0.0534,4492.0,10,0,1,0,2.0,0
0.0054,46,0,0.7614,3832.0,11,0,0,0,1.0,0
0.4501,42,0,0.6466,18502.0,11,0,1,0,0.0,0
0.3478,49,0,0.7013,22662.0,12,0,1,0,0.0,0
0.6071,29,0,0.877,835.0,14,0,1,0,1.0,0
0.1054,54,0,0.7213,2881.0,8,0,0,0,1.0,0
1.23,73,1,0.1488,4972.0,15,1,1,0,1.0,0
0.3875,40,0,0.3556,7027.0,9,0,1,0,0.0,0
1.6047,50,0,1.0838,,7,0,2,0,0.0,0
0.224,22,0,0.0952,,9,0,0,0,2.0,0
0.2721,53,0,0.5411,,8,0,2,0,1.0,0
0.0818,93,0,0.5923,,8,0,1,0,1.0,0
0.4412,54,0,0.4617,1765.0,5,0,0,0,1.0,0
0.7037,66,0,1.1,6068.0,9,0,0,0,0.0,0
0.5118,45,2,0.4352,,5,0,0,0,0.0,0
1.8754,60,0,0.4443,7077.0,6,0,1,0,0.0,0
0.7357,43,0,0.3848,13085.0,9,0,1,0,0.0,0
2.4032,55,0,0.4644,5393.0,8,0,1,0,0.0,0
0.2005,28,0,0.5584,2919.0,11,0,1,0,0.0,0
0.8146,68,0,0.7095,5800.0,11,0,0,0,0.0,0
0.009,59,0,0.6942,7924.0,5,0,3,0,0.0,0
0.3695,62,0,0.6225,8928.0,6,0,1,0,2.0,0
0.2595,46,2,0.5751,6871.0,10,0,3,0,0.0,0
0.5272,59,0,0.6441,2653.0,7,0,1,0,0.0,0
0.7102,73,0,0.6584,4311.0,9,0,1,0,1.0,0
0.2134,41,0,1.2618,7088.0,3,0,2,0,0.0,0
0.2858,63,0,0.4741,,11,0,2,0,0.0,0
0.4012,52,0,0.0641,6239.0,12,0,2,0,0.0,0
0.584,74,0,0.3726,,10,0,2,0,2.0,0
0.0941,42,0,0.1639,,7,0,1,0,1.0,0
0.4019,45,0,0.4329,6964.0,4,0,0,0,1.0,0
0.6197,66,0,0.0927,15199.0,8,0,0,0,0.0,0
0.6013,50,0,0.3105,2144.0,10,0,0,0,1.0,0
0.302,59,0,0.749,,3,0,0,0,0.0,0
0.5131,63,0,0.7847,5015.0,8,0,0,0,0.0,0
0.274,55,0,0.31,7859.0,9,0,1,0,1.0,0
0.7476,28,0,0.5948,9739.0,7,0,1,0,0.0,0
0.7848,61,0,0.1098,25224.0,8,0,0,0,0.0,0
0.103,43,0,0.4263,9078.0,8,0,1,0,0.0,0
0.0904,31,0,0.3725,4974.0,7,0,1,0,0.0,0
0.4179,76,0,0.23,,9,0,2,0,1.0,0
1.2095,68,1,1.0254,,14,0,2,1,0.0,0
0.1141,35,0,0.223,4376.0,7,0,1,0,1.0,0
0.3962,21,0,0.0741,5180.0,7,0,2,0,1.0,0
0.223,49,0,0.2642,4275.0,9,0,0,0,1.0,0
0.1523,75,0,0.5189,4355.0,4,0,3,0,1.0,0
1.9769,38,0,0.7937,1433.0,14,0,0,0,0.0,0
0.7104,46,0,0.2485,4102.0,12,0,1,0,0.0,0
1.5276,37,1,0.2766,4875.0,5,0,0,0,0.0,0
0.1151,57,0,0.1331,,11,0,0,0,1.0,0
2.4504,51,0,0.8037,7321.0,11,0,1,1,2.0,0
0.6806,41,0,0.7338,3275.0,1,0,2,0,,0
0.8556,31,0,0.181,,3,0,2,0,0.0,0
0.3017,55,0,0.5836,6207.0,14,0,1,0,0.0,0
0.0513,64,0,0.191,5072.0,12,0,0,3,0.0,0
0.4069,44,0,0.6575,8257.0,10,0,0,0,2.0,0
0.5222,61,0,0.5878,8162.0,10,0,1,0,2.0,0
0.3434,51,0,0.5849,3757.0,14,0,0,0,0.0,0
1.1681,80,0,0.2656,13771.0,6,0,1,0,1.0,0
0.6848,71,0,0.9109,2213.0,3,0,1,0,0.0,0
0.6407,58,0,0.3989,7015.0,4,0,1,0,2.0,0
0.53,53,0,0.3739,2483.0,14,0,1,0,3.0,0
1.6272,54,0,1.1076,4330.0,9,0,0,0,1.0,0
0.0476,52,0,0.3414,5279.0,12,0,3,0,0.0,0
0.4395,51,0,0.441,15277.0,15,0,0,0,1.0,0
0.2755,27,0,0.5879,11029.0,11,0,1,0,1.0,0
2.3986,76,0,0.0525,3948.0,6,0,1,0,0.0,0
0.4855,36,2,0.4701,9455.0,8,0,2,1,0.0,0
0.5119,71,0,0.501,4218.0,5,0,1,0,1.0,1
1.2624,36,0,0.6418,2281.0,14,0,0,0,,0
0.2208,46,0,0.2027,5340.0,13,0,0,0,0.0,0
0.1442,53,0,0.0925,6056.0,11,0,2,0,0.0,0
0.3679,53,0,0.7951,5135.0,3,0,0,0,1.0,0
0.3419,31,0,0.4442,,8,0,1,0,1.0,0
0.2323,64,0,0.4306,7952.0,6,0,1,0,0.0,0
0.0418,44,0,1.065,4097.0,7,0,2,0,1.0,0
0.8195,60,3,0.6012,5906.0,10,1,0,1,0.0,0
0.3058,79,1,0.5018,6430.0,7,0,2,2,2.0,0
0.804,52,3,0.248,9003.0,9,1,0,2,0.0,0
2.0785,55,0,0.6211,5638.0,9,0,0,0,0.0,0
0.3434,36,0,1.1177,,8,0,0,0,1.0,0
0.9161,52,0,0.6448,7585.0,5,0,3,0,0.0,0
5.081,35,0,0.3806,7211.0,10,0,0,0,0.0,0
0.0586,49,0,0.3427,,9,0,1,0,2.0,0
0.1635,57,0,0.0123,4081.0,4,0,1,0,0.0,0
0.5844,35,0,0.3396,10531.0,10,0,4,0,0.0,0
0.1806,39,0,0.9207,7385.0,8,0,1,0,0.0,0
0.2032,61,0,0.6307,2749.0,9,0,2,0,2.0,0
0.8266,48,0,0.5471,,5,0,0,0,0.0,0
4.0531,49,0,0.6931,9488.0,9,0,0,0,1.0,0
0.0163,71,0,0.1201,4061.0,15,0,1,0,0.0,0
1.0795,36,0,0.0073,3551.0,6,0,1,0,0.0,0
0.0767,33,0,1.0288,15069.0,7,0,1,0,1.0,0
1.7156,56,0,0.2343,,10,0,0,0,1.0,0
0.1405,82,0,0.2908,,5,0,1,0,0.0,0
1.3139,60,1,0.8228,,9,2,2,1,1.0,0
0.1376,51,0,0.2028,6779.0,8,0,0,0,2.0,0
0.1027,56,0,0.498,21921.0,11,0,2,0,1.0,0
0.42,46,0,0.3572,2728.0,9,0,1,0,1.0,0
0.9439,69,0,0.2015,,10,0,2,0,1.0,0
0.0833,40,0,1.0594,4113.0,10,0,0,0,2.0,0
0.3219,47,0,0.5912,3305.0,10,0,1,0,3.0,0
1.0559,74,0,0.705,12776.0,7,0,0,0,0.0,0
0.5285,54,0,1.1731,3011.0,10,0,0,0,2.0,0
0.2396,62,0,0.725,7262.0,7,0,1,0,1.0,0
0.3758,39,0,0.8322,,6,0,0,0,1.0,0
1.5572,43,2,0.6208,,7,0,0,0,3.0,0
0.1454,52,0,0.9509,3395.0,8,0,3,0,0.0,0
0.3226,54,1,0.8871,4874.0,6,0,2,0,1.0,0
0.5395,47,0,0.4016,8754.0,8,0,1,0,1.0,0
2.4258,32,0,0.5115,4212.0,9,0,5,0,1.0,0
0.8323,57,0,0.131,6858.0,10,0,0,0,0.0,0
0.031,54,0,0.7508,10270.0,7,0,1,0,0.0,0
1.0174,66,0,0.1001,,9,0,0,0,2.0,0
0.1182,28,0,0.8557,3593.0,11,0,2,0,2.0,0
0.423,36,0,0.8281,7168.0,4,0,0,0,0.0,0
0.7993,42,0,0.6847,5641.0,10,0,0,0,2.0,0
0.6124,21,0,0.4895,1165.0,6,0,0,0,1.0,0
0.3015,59,0,0.3136,2349.0,6,0,0,0,1.0,0
0.7191,43,0,0.3308,9547.0,9,0,0,0,0.0,0
0.0903,44,0,0.254,,6,0,2,0,3.0,0
0.4928,52,0,0.249,16416.0,7,0,2,0,1.0,0
0.5466,35,0,0.4082,2387.0,9,0,1,0,0.0,0
0.6075,46,0,0.1609,2730.0,11,0,1,0,1.0,0
0.0775,64,0,0.5337,,8,0,0,0,0.0,0
0.3885,28,0,0.4627,2384.0,8,0,1,0,1.0,0
0.1499,40,0,1.0474,6013.0,11,0,1,0,,0
0.523,57,0,0.7785,4498.0,6,0,3,0,2.0,0
0.2825,77,0,0.5784,21275.0,5,0,0,0,2.0,0
0.4382,64,0,0.9544,,9,0,1,0,0.0,0
0.9233,53,0,0.0917,,9,0,0,0,0.0,0
0.4943,75,0,0.4718,7715.0,13,0,3,0,1.0,0
0.7366,39,0,0.4133,6620.0,10,0,1,0,0.0,0
0.4686,66,0,0.1429,4623.0,9,0,0,0,1.0,0
0.6345,59,0,0.6906,,7,0,0,0,2.0,0
0.0715,65,0,0.3798,6306.0,11,0,0,0,0.0,0
0.0684,81,0,0.1582,,3,0,2,0,0.0,0
0.5644,42,0,0.3477,17027.0,7,0,2,0,0.0,0
0.5527,47,0,0.3249,1707.0,6,0,1,0,,0
0.4322,50,0,0.2015,1005.0,14,0,2,0,1.0,0
0.4792,68,0,0.5597,4970.0,8,0,1,0,0.0,0
0.3025,32,0,0.4059,3834.0,5,0,2,0,0.0,0
0.1464,67,0,0.2948,5913.0,10,0,1,0,1.0,0
0.7582,21,0,0.4072,3650.0,8,0,1,0,0.0,0
0.6383,58,0,0.8262,11695.0,11,0,1,0,0.0,0
0.2704,37,0,0.4425,14158.0,13,0,4,0,,0
0.7072,48,0,0.31,,8,0,2,1,3.0,0
0.7322,46,0,0.6907,5136.0,3,0,2,0,0.0,0
0.9286,55,0,0.2463,10591.0,8,0,1,0,2.0,0
0.5909,54,0,0.1324,16389.0,8,0,1,0,2.0,1
0.1956,71,0,0.1452,2896.0,13,0,1,0,0.0,0
0.4986,34,0,0.4525,2583.0,6,0,1,0,1.0,0
0.2672,53,0,0.6771,2174.0,5,0,0,0,0.0,0
0.141,55,0,0.241,2924.0,13,1,2,0,1.0,0
0.1817,47,0,0.4849,1956.0,7,0,1,0,0.0,0
0.2763,53,0,0.3933,1819.0,5,0,1,0,1.0,0
0.1622,48,0,0.7731,3085.0,12,0,1,0,0.0,0
1.0094,74,0,0.1641,10039.0,8,0,1,0,0.0,0
0.3849,63,0,0.4606,7223.0,14,0,0,0,0.0,0
0.1276,60,0,0.3862,6276.0,3,0,2,0,1.0,0
0.5976,83,0,0.46,3934.0,5,0,2,0,1.0,0
0.6192,49,0,1.3395,,6,0,1,0,2.0,1
0.1465,63,0,0.7695,14979.0,10,0,0,0,1.0,0
0.161,42,0,0.3187,,5,0,2,0,1.0,0
2.4369,51,0,0.2511,5416.0,4,0,1,0,0.0,0
0.885,47,0,0.2449,3061.0,5,0,1,0,0.0,0
0.3114,53,0,0.1676,,6,0,0,0,0.0,0
0.1967,62,0,0.477,4958.0,6,0,1,0,1.0,0
0.3592,51,0,0.6993,9182.0,7,0,2,0,0.0,0
0.6591,57,0,0.5851,,8,0,1,0,1.0,0
0.6487,43,0,0.3757,2979.0,8,0,1,0,1.0,0
2.2054,36,0,0.5579,20257.0,10,0,1,0,1.0,0
0.1457,49,0,0.2265,1905.0,11,0,0,0,1.0,0
0.2724,41,1,0.1307,,8,0,2,1,0.0,0
2.3829,66,0,0.0663,4568.0,13,0,0,0,0.0,0
0.1801,56,0,0.4915,2047.0,5,0,0,0,0.0,0
0.3597,47,0,0.2256,1073.0,4,0,1,0,1.0,0
2.7218,54,0,0.7175,3595.0,3,0,0,0,1.0,0
0.4651,52,0,0.1334,9780.0,10,0,2,0,3.0,1
1.0151,35,2,0.6285,,6,0,0,0,1.0,0
0.3669,48,0,0.7067,,13,0,0,0,0.0,0
0.0244,50,0,0.8646,,8,0,2,0,3.0,0
1.6538,63,0,0.1204,2608.0,10,0,0,0,1.0,0
0.5362,30,0,0.8292,14040.0,7,0,1,0,2.0,0
0.2517,46,0,0.9035,4341.0,7,0,0,0,3.0,0
0.8562,67,0,0.3814,2768.0,6,0,0,0,2.0,0
0.9818,47,0,0.6568,4247.0,5,0,1,0,1.0,0
0.4844,64,0,0.9593,7475.0,5,0,2,0,1.0,0
0.8235,58,1,0.5346,13355.0,6,0,0,0,0.0,0
0.0366,63,0,0.5885,1359.0,6,0,1,0,0.0,0
0.1809,48,0,1.0259,2142.0,10,0,4,0,0.0,0
0.2455,32,0,0.3521,2902.0,9,0,1,0,2.0,0
0.0791,50,0,0.1086,,8,0,2,0,1.0,0
0.033,59,0,0.9431,,4,0,1,0,0.0,0
0.477,68,0,0.7357,6855.0,5,0,2,0,0.0,0
0.1929,40,0,0.2104,2609.0,9,0,1,0,1.0,0
0.4933,47,0,0.6644,4979.0,9,0,0,0,1.0,0
0.2115,47,0,1.1201,5503.0,9,0,1,0,2.0,0
0.3219,75,0,0.422,,3,0,1,0,0.0,0
0.0836,50,0,0.3985,,6,0,0,0,3.0,0
0.7626,56,0,0.4091,7971.0,5,0,1,0,1.0,0
0.6826,55,0,0.4899,5630.0,13,0,0,0,0.0,0
0.2687,21,0,0.056,3757.0,5,0,1,0,1.0,0
1.0071,56,0,0.5691,,13,0,2,0,1.0,1
2.3321,50,0,0.4053,,8,0,1,0,1.0,0
0.3486,37,0,0.4223,6900.0,6,0,0,0,2.0,0
0.0812,82,0,0.6647,3795.0,9,0,2,0,0.0,0
0.8097,73,0,0.4629,6226.0,12,0,1,0,0.0,1
0.6202,56,0,0.648,5643.0,9,0,2,0,1.0,0
0.0754,54,0,0.2691,14455.0,7,0,0,0,1.0,0
0.2031,73,0,0.834,12238.0,7,0,0,0,1.0,0
1.6947,68,0,0.48,,5,0,1,0,0.0,1
0.4606,48,0,0.4656,4506.0,8,0,2,0,1.0,0
0.3406,54,0,0.5567,,8,0,1,0,2.0,0
0.2822,61,0,0.2702,7114.0,11,0,1,0,0.0,0
0.7574,43,1,0.2301,,9,0,1,1,3.0,0
1.143,88,2,0.547,,7,0,0,0,0.0,0
1.2838,64,2,0.9101,,4,0,2,0,,0
0.1811,46,0,0.8434,6801.0,5,0,0,0,0.0,0
0.5215,95,0,0.2965,5788.0,10,0,0,0,0.0,0
0.2934,45,0,1.0682,,11,0,2,0,0.0,0
0.5967,67,0,0.1932,5917.0,4,0,1,0,,0
0.0008,45,0,0.1254,3640.0,13,0,1,0,0.0,0
0.9148,46,0,0.9306,4818.0,6,0,0,0,0.0,0
0.8954,58,0,0.3676,,8,0,0,0,2.0,0
0.7167,54,0,0.4632,9151.0,10,0,3,0,2.0,0
1.2179,53,0,0.4361,2066.0,15,0,1,0,1.0,0
0.8432,55,0,0.7565,2310.0,8,0,2,0,1.0,0
0.1193,65,0,0.3825,7146.0,7,0,3,0,0.0,0
0.1045,70,0,0.4195,5345.0,6,0,1,0,1.0,0
1.9297,95,3,0.9493,4228.0,10,0,1,0,2.0,0
5.0329,69,0,0.5004,21941.0,9,0,1,0,0.0,0
0.412,49,0,0.106,6084.0,1,0,2,0,3.0,0
0.1665,43,0,0.7411,6212.0,6,0,2,0,2.0,0
0.2654,65,0,0.9569,,7,0,0,0,0.0,0
0.3037,49,0,0.3754,8928.0,8,0,0,0,,0
0.2706,41,0,0.3067,2410.0,5,0,0,0,0.0,0
0.7422,34,0,0.3398,,7,0,1,0,1.0,0
0.3093,49,0,0.345,9244.0,6,0,1,0,1.0,0
0.0698,31,0,0.5768,7427.0,7,0,0,0,1.0,0
0.7682,61,0,0.7284,8839.0,11,0,1,0,0.0,0
0.1218,35,0,0.9486,14204.0,9,0,0,0,2.0,0
0.5341,64,0,0.0957,3795.0,8,0,2,0,1.0,0
0.4714,71,0,0.3058,11215.0,10,0,1,0,0.0,0
2.2699,50,0,0.1493,,7,0,0,0,0.0,0
0.5719,24,0,0.7804,6091.0,3,0,0,0,1.0,0
0.4824,78,0,0.5011,2717.0,11,0,3,0,2.0,0
1.628,53,0,0.1434,3817.0,3,0,1,0,,0
0.0335,64,0,0.4864,,11,0,2,0,0.0,0
0.838,34,0,0.3401,12568.0,9,0,1,0,1.0,0
0.504,74,0,0.4556,7014.0,10,0,1,0,1.0,0
0.1372,21,0,0.3372,8925.0,5,0,0,0,0.0,0
1.2169,31,0,0.6234,6864.0,9,0,0,0,0.0,0
0.3874,71,0,0.345,8239.0,5,0,1,0,1.0,0
0.4881,36,0,0.3978,,9,0,2,0,0.0,0
0.6576,65,2,0.4632,,9,0,1,1,3.0,0
0.3275,61,0,0.6469,7577.0,6,0,0,0,0.0,0
0.1947,63,0,0.1571,,5,0,4,0,0.0,0
0.5543,70,0,0.947,5693.0,6,0,1,0,1.0,0
1.2722,37,0,0.957,17236.0,11,0,0,0,0.0,0
1.2164,77,0,0.404,22360.0,5,0,0,0,0.0,0
0.7218,50,0,0.085,4134.0,6,0,2,0,0.0,0
0.3878,63,0,0.41,2901.0,10,0,3,0,0.0,0
0.6017,78,0,0.4997,31945.0,8,0,1,0,2.0,0
0.0848,54,0,0.5696,,6,0,2,0,1.0,0
0.0018,88,0,0.5038,3387.0,8,0,0,0,1.0,0
0.7944,24,0,0.3499,,10,0,2,0,0.0,0
0.0741,78,0,0.6832,2393.0,8,0,0,0,0.0,0
0.3838,46,0,0.2547,4430.0,6,0,3,0,2.0,0
0.4583,35,0,0.7179,9054.0,5,0,3,0,1.0,0
0.3639,92,0,0.7518,1193.0,10,0,3,0,0.0,0
0.2058,34,0,0.728,7516.0,9,0,2,0,1.0,0
0.6736,38,0,0.6718,2366.0,7,0,4,0,0.0,0
0.4108,67,0,0.2455,1326.0,8,0,2,0,0.0,0
2.733,65,0,0.6287,1719.0,4,0,1,0,0.0,0
0.2335,49,0,0.2456,6724.0,6,0,0,0,0.0,0
1.4905,35,0,1.0473,12580.0,9,0,1,0,0.0,0
0.0933,48,0,0.6461,2254.0,9,0,1,0,1.0,0
0.6063,48,0,1.1394,4744.0,12,0,0,0,2.0,0
0.4034,36,1,0.1426,5959.0,6,0,1,0,0.0,1
0.5583,44,0,0.1121,3548.0,11,0,3,0,1.0,0
1.76,70,0,0.427,1745.0,11,0,0,0,1.0,1
0.1333,61,0,0.3604,3806.0,6,0,1,0,0.0,0
0.1361,63,0,0.424,7395.0,10,0,0,0,1.0,0
0.0241,46,0,0.0949,5912.0,9,0,2,0,0.0,0
0.1092,39,0,0.1598,2807.0,8,0,1,0,0.0,0
0.4268,76,0,0.6213,,8,0,1,0,0.0,0
0.1726,43,0,0.7506,9757.0,8,0,3,0,2.0,0
0.4133,35,0,1.0783,6095.0,7,0,0,0,0.0,0
0.9221,57,0,0.267,12092.0,8,0,3,0,0.0,0
0.7512,52,0,0.6855,3185.0,5,0,2,0,1.0,0
0.5499,43,0,0.1984,2414.0,8,0,1,0,0.0,0
0.2867,37,0,0.1484,5491.0,14,0,0,0,0.0,0
0.2348,36,0,0.6092,3325.0,9,0,2,0,2.0,0
0.1261,57,0,1.0082,4713.0,6,0,1,0,0.0,0
0.0445,40,0,0.4226,11133.0,7,0,1,0,1.0,0
1.7504,72,0,0.1221,6108.0,6,0,0,0,,0
0.6595,65,0,0.5615,10447.0,8,0,2,0,1.0,0
0.3216,55,0,0.1758,2912.0,9,0,3,0,1.0,0
0.906,53,1,0.3104,3441.0,13,0,0,0,0.0,0
0.1458,73,2,0.429,11085.0,10,0,0,0,0.0,1
0.3952,72,0,0.0684,,9,0,1,0,0.0,0
0.1452,72,0,0.6291,,10,0,1,0,1.0,0
0.7587,68,2,0.3095,1582.0,11,0,2,0,1.0,0
0.2592,48,1,0.3925,8857.0,17,2,1,0,0.0,0
0.058,80,0,0.6583,,6,0,1,0,1.0,0
0.5109,54,0,0.283,2170.0,9,0,0,0,0.0,0
0.1899,53,0,0.3879,1853.0,9,0,1,0,2.0,0
0.4164,47,0,0.6473,6061.0,14,0,2,0,0.0,0
0.2858,43,0,0.5562,4307.0,4,0,2,0,1.0,0
1.0912,54,0,0.2235,14786.0,8,0,0,2,2.0,0
0.2611,42,0,0.3032,7553.0,6,0,0,0,,0
0.8119,45,0,0.1571,6914.0,8,0,0,0,3.0,0
0.5413,71,0,0.5069,6830.0,7,0,0,0,0.0,0
0.8279,61,0,0.0715,,10,0,2,0,0.0,0
0.1055,60,0,0.2885,5941.0,8,0,0,0,1.0,0
0.4911,32,0,0.0783,9672.0,3,0,1,0,1.0,0
0.9676,86,0,0.4977,6899.0,3,0,1,0,0.0,0
0.5707,42,0,1.082,,12,0,0,0,0.0,0
0.9791,50,4,0.9611,8394.0,9,0,2,0,1.0,0
0.384,53,0,0.1454,1605.0,7,0,4,0,1.0,0
0.6858,57,0,0.3128,10202.0,9,0,1,0,0.0,0
0.0537,54,0,0.0751,,14,0,0,0,2.0,0
0.313,46,0,0.6651,5027.0,11,0,3,0,2.0,0
10.4588,41,0,0.6797,,7,0,4,0,0.0,0
0.7864,45,0,0.5621,13677.0,6,0,0,0,0.0,0
0.8456,21,0,0.4686,1977.0,8,0,0,0,0.0,1
0.2335,74,0,0.4902,3168.0,9,0,0,0,0.0,0
0.1279,87,0,0.23,2914.0,3,0,2,0,0.0,0
1.4133,78,0,0.1197,4860.0,8,0,2,0,1.0,0
0.3171,64,0,0.0838,3709.0,8,0,0,0,1.0,0
0.185,63,0,0.3261,1449.0,5,0,3,0,2.0,0
0.4154,57,0,0.4365,,15,0,2,0,2.0,0
1.8163,56,0,1.2383,3075.0,12,0,0,0,0.0,0
0.598,48,0,0.0448,7833.0,10,0,1,0,0.0,0
0.0229,44,0,0.5521,9707.0,11,0,1,0,4.0,0
0.7705,22,0,0.4343,,7,0,1,0,0.0,1
0.0506,53,0,0.4848,,10,0,1,0,0.0,0
0.0463,50,0,0.5484,3616.0,5,0,0,0,0.0,0
0.4091,54,0,0.4101,,6,0,2,0,1.0,0
0.4053,60,0,0.6451,4877.0,7,0,1,0,0.0,0
0.3772,56,0,0.2679,3794.0,11,0,2,0,2.0,0
1.9414,55,0,0.8095,927.0,6,0,0,0,2.0,1
5.4892,44,0,0.3973,,12,0,0,0,1.0,0
0.2585,53,0,0.6396,10823.0,11,0,2,0,0.0,0
0.1968,57,0,0.1416,,4,0,1,0,0.0,0
0.2845,44,0,0.9684,,8,0,2,0,2.0,0
3.8158,48,0,0.0489,9701.0,6,0,0,0,1.0,0
0.0771,26,0,0.2725,9798.0,10,0,0,0,2.0,0
0.449,81,0,0.1753,4205.0,6,0,3,0,1.0,1
0.6506,35,0,0.76,7230.0,11,0,1,0,0.0,0
0.9711,63,0,0.196,5924.0,6,0,0,0,0.0,0
0.5906,61,0,0.3992,10823.0,11,0,1,0,0.0,0
3.0701,41,0,0.4909,16586.0,10,0,1,0,2.0,0
0.7499,66,0,0.0753,8714.0,8,0,2,0,0.0,0
0.0469,59,0,0.7197,,4,0,2,0,0.0,0
1.6279,36,0,0.5443,1742.0,3,0,1,0,1.0,0
0.5105,47,1,0.5408,5305.0,6,0,3,0,1.0,0
0.0507,46,0,0.7079,6557.0,6,0,3,0,0.0,0
0.1197,60,0,0.4241,,4,0,2,0,1.0,0
0.0295,61,0,0.6231,5427.0,7,0,1,0,0.0,0
4.1867,44,1,0.4548,4741.0,10,0,1,0,1.0,0
0.1999,60,0,0.588,5583.0,6,0,2,0,0.0,0
6.6769,49,0,0.569,3741.0,10,0,2,0,0.0,0
0.5218,56,0,0.2143,,5,0,0,0,2.0,0
0.6648,60,0,0.5112,7241.0,6,0,1,0,0.0,0
0.4488,62,0,0.7945,9313.0,9,0,1,0,1.0,0
0.6674,46,0,0.0461,7954.0,13,0,2,0,2.0,0
0.023,31,0,0.2256,5574.0,6,0,2,0,2.0,0
2.4824,50,0,0.8303,6437.0,8,1,4,0,0.0,0
0.3714,53,0,0.1857,3532.0,10,0,0,0,1.0,0
0.2242,24,0,0.4852,3361.0,5,0,0,0,2.0,0
0.5213,48,0,0.6402,5606.0,9,0,0,0,1.0,0
2.2236,43,1,0.2678,9544.0,8,0,0,0,1.0,0
2.3787,42,0,0.3916,9293.0,8,0,3,0,1.0,0
2.0336,39,0,0.4639,3050.0,7,0,0,0,0.0,0
0.036,60,0,0.3887,1798.0,7,0,0,0,1.0,0
0.7122,34,0,0.8319,6944.0,7,0,0,0,0.0,0
1.1014,60,0,0.6658,5612.0,8,0,0,0,1.0,0
0.3641,66,0,0.7066,7054.0,7,0,0,0,1.0,0
0.6865,70,0,0.4086,4576.0,15,0,2,0,0.0,0
0.0727,55,0,0.6021,5792.0,10,0,2,0,1.0,0
0.8192,70,0,0.6107,,9,0,1,0,2.0,1
0.2995,47,0,0.6709,2291.0,8,0,0,0,0.0,0
0.0551,51,0,0.8177,4116.0,7,0,0,0,0.0,0
0.0844,64,0,0.1282,8776.0,7,0,0,0,0.0,0
0.3129,53,0,0.7161,4124.0,6,0,2,0,,0
0.3141,42,0,0.1551,,7,0,0,0,0.0,0
0.3638,36,0,0.5089,4428.0,1,0,2,0,1.0,0
0.2014,63,0,0.9423,7411.0,6,0,1,0,,0
0.4025,54,0,0.3231,12041.0,8,0,1,0,2.0,0
0.5268,52,0,0.7472,4546.0,9,0,0,0,0.0,0
0.69,60,0,0.585,,8,0,0,0,0.0,0
0.6204,38,0,0.0981,5027.0,8,0,2,0,1.0,0
2.9425,58,1,0.41,8521.0,9,0,1,0,1.0,0
0.0632,51,0,0.3207,7515.0,5,0,2,0,1.0,0
0.4181,37,0,0.1354,11426.0,10,0,0,0,1.0,0
0.1176,45,0,0.6899,1768.0,8,0,0,0,1.0,0
0.1326,70,0,0.3204,3071.0,4,0,0,0,1.0,0
0.8249,44,0,0.0717,2316.0,7,0,0,0,0.0,0
0.5409,55,0,1.0572,8311.0,9,0,0,0,0.0,0
3.8367,63,0,0.2238,3826.0,9,0,2,0,1.0,0
0.7224,45,0,0.4097,,6,0,1,0,1.0,0
0.1256,82,0,0.643,,4,0,0,0,1.0,0
0.6805,65,0,0.395,11315.0,5,0,1,0,0.0,0
0.5007,46,0,0.5699,5748.0,9,0,0,0,2.0,0
0.0175,54,0,0.6436,2965.0,11,0,0,0,0.0,0
0.2175,21,0,0.9219,1717.0,11,0,0,0,0.0,0
0.52,57,0,0.3884,3493.0,8,0,1,0,0.0,0
0.1781,87,0,0.1671,,18,0,3,0,0.0,0
0.656,54,0,0.5511,,7,0,1,0,1.0,0
0.1555,45,0,0.0518,1271.0,14,0,0,0,0.0,0
0.649,58,0,0.1238,6015.0,12,0,1,0,0.0,0
0.0241,28,0,0.6137,5483.0,10,0,2,0,1.0,0
0.3579,70,3,1.0439,,10,0,4,0,1.0,0
0.1756,49,0,0.4329,3886.0,4,0,0,0,2.0,0
2.1515,41,0,0.3032,9051.0,8,0,1,0,0.0,1
2.6468,43,0,0.7324,11037.0,8,0,1,0,1.0,0
0.1074,57,0,0.4082,7322.0,12,0,0,0,2.0,0
0.6374,64,0,0.659,7363.0,10,0,0,0,0.0,0
0.049,51,0,0.2169,8954.0,9,0,3,0,1.0,0
0.0515,62,0,0.2576,3387.0,7,0,0,0,,0
0.3432,58,0,0.6353,3755.0,9,0,0,0,0.0,0
0.3273,35,0,0.6295,2956.0,13,0,4,0,1.0,0
0.1207,63,0,0.4624,,5,0,0,0,1.0,0
0.1717,58,0,0.8861,6081.0,5,0,0,0,,0
0.047,49,0,0.9396,5041.0,5,0,3,0,0.0,0
0.1364,68,0,1.0393,19912.0,5,0,1,0,0.0,0
0.4593,51,0,0.0856,5253.0,12,0,0,0,2.0,0
0.4376,61,0,0.1408,18774.0,11,0,1,0,0.0,0
0.9022,33,0,0.4207,,13,0,0,0,0.0,0
0.0739,71,0,0.5223,11463.0,15,0,0,0,1.0,0
1.1734,73,0,0.4998,6634.0,9,0,1,0,0.0,0
2.7577,35,0,0.0132,3766.0,10,0,2,0,1.0,0
3.7801,36,0,0.3068,,10,0,1,0,1.0,0
0.8527,55,0,0.9442,,10,0,3,0,0.0,0
1.0192,75,0,0.268,4633.0,9,0,1,0,0.0,0
0.1826,67,0,0.7337,3068.0,6,0,1,0,1.0,0
0.0829,52,0,0.4779,6005.0,8,0,2,0,1.0,0
0.181,53,0,0.6806,,11,0,2,0,0.0,0
0.2422,40,0,0.1559,6310.0,10,0,3,0,0.0,0
0.8163,61,0,0.3335,11560.0,9,0,1,0,0.0,0
0.0761,38,0,0.4837,,6,0,2,0,1.0,0
0.3016,72,0,0.1772,2667.0,12,0,1,0,1.0,0
0.5184,58,0,0.6252,,8,0,0,0,0.0,0
1.3826,32,0,0.1712,4810.0,7,0,2,0,0.0,0
0.4203,57,0,0.432,13071.0,5,0,0,0,2.0,0
1.4048,52,0,0.3903,6284.0,7,0,1,0,1.0,0
0.3831,33,0,0.2111,,10,0,1,0,0.0,0
0.9008,46,5,0.7173,2830.0,12,0,0,0,2.0,0
4.3914,63,0,0.66,8835.0,6,0,2,0,1.0,0
0.5162,58,0,0.0964,13612.0,10,0,0,0,1.0,0
0.1684,53,0,0.0749,,8,0,2,0,0.0,0
0.1257,50,0,0.6964,3517.0,12,0,2,0,0.0,0
0.191,37,0,0.4742,2461.0,5,0,1,0,1.0,0
0.0688,49,2,0.4547,4355.0,6,0,1,1,2.0,0
0.1631,58,0,0.3444,,12,0,0,0,2.0,0
0.3974,47,0,0.4449,5132.0,9,0,0,0,1.0,0
0.2361,64,0,0.733,,10,0,0,0,0.0,0
0.3866,38,0,0.4591,,6,0,0,0,1.0,0
0.7735,53,1,0.3664,7539.0,6,0,2,0,0.0,0
0.2797,55,0,0.0922,2705.0,5,0,1,0,1.0,0
0.1487,66,0,0.4282,3763.0,8,0,1,0,0.0,0
0.1049,60,0,0.2531,4297.0,11,0,0,0,2.0,0
0.3611,41,0,0.461,10373.0,5,0,1,0,2.0,0
0.4294,66,1,0.2291,2921.0,7,0,0,1,2.0,0
3.1428,46,0,0.0702,1060.0,8,0,2,0,0.0,0
0.3234,43,0,0.2254,5903.0,13,0,0,0,0.0,0
0.4451,48,0,1.151,2805.0,6,0,1,0,0.0,0
0.6679,53,0,0.3671,5145.0,6,0,0,0,1.0,0
5.1032,69,0,0.5728,4337.0,7,0,1,0,3.0,1
0.7565,59,0,0.4591,10059.0,15,0,0,0,2.0,0
0.5946,68,0,0.2183,11783.0,12,0,1,0,1.0,0
0.0779,63,0,0.2207,12309.0,10,0,2,0,0.0,0
0.4174,68,0,0.566,,7,0,1,0,0.0,0
5.7399,50,0,0.3373,6822.0,12,0,1,0,1.0,0
0.292,21,0,0.2907,15839.0,7,0,0,0,0.0,0
0.4057,75,0,0.6062,5082.0,10,0,1,0,0.0,0
0.5343,58,0,0.144,7326.0,6,0,0,0,1.0,0
0.0691,68,0,0.6111,6951.0,5,0,1,0,0.0,0
6.0953,21,0,0.7107,3214.0,7,0,1,0,0.0,0
0.3647,72,0,0.2635,6396.0,4,0,0,0,0.0,0
1.7177,78,0,0.5277,3422.0,8,0,1,0,1.0,0
0.0843,80,0,0.6215,2589.0,7,0,1,0,1.0,0
0.3684,36,0,0.6173,3074.0,7,0,1,0,1.0,0
0.0552,24,0,0.3329,4324.0,12,0,0,0,,0
0.845,38,0,0.2822,,6,0,0,0,1.0,0
0.1999,53,0,0.3294,3273.0,7,0,2,0,0.0,0
0.0451,61,0,0.3061,4467.0,9,0,0,0,1.0,0
0.0152,45,0,1.0095,9982.0,7,0,0,0,2.0,0
0.1406,63,0,0.5867,6511.0,5,0,1,0,0.0,0
0.0124,47,0,0.7551,,6,0,2,0,1.0,0
2.8047,50,0,0.3763,5140.0,8,0,0,0,0.0,0
0.6896,51,0,0.6801,1986.0,16,0,0,0,0.0,0
3.0693,33,0,0.3268,9319.0,9,0,0,0,0.0,0
1.7433,47,0,0.2215,2584.0,4,0,1,0,3.0,0
0.2527,51,0,0.2026,5411.0,7,0,2,0,1.0,0
0.6796,44,0,0.3141,5676.0,8,0,2,0,,0
0.4425,43,1,1.1697,12793.0,7,0,1,0,1.0,0
0.4478,55,0,0.5396,6517.0,8,0,0,0,1.0,0
0.5657,28,0,0.2635,8049.0,6,0,2,0,1.0,0
1.3932,67,2,0.475,3722.0,11,0,2,0,0.0,0
0.4435,72,0,0.8238,9475.0,7,0,0,0,1.0,0
2.6362,48,0,0.5021,10084.0,6,0,0,0,0.0,0
0.0727,58,0,0.7009,,10,0,0,0,1.0,0
0.6523,62,0,0.5575,5719.0,6,0,2,0,1.0,0
3.1962,67,1,1.0857,,6,0,0,2,3.0,0
0.2573,52,0,0.7825,4874.0,8,0,2,0,2.0,0
2.0725,65,0,0.824,,13,0,3,0,2.0,0
0.0743,61,0,0.3378,15985.0,7,0,1,0,2.0,0
0.4741,44,0,0.3495,5555.0,10,0,1,0,1.0,0
0.0852,39,0,0.6637,4890.0,10,0,2,0,3.0,0
0.1962,37,0,0.2982,3993.0,12,0,1,0,0.0,0
0.3736,31,0,0.5188,4793.0,11,0,1,0,1.0,0
0.5136,47,0,0.656,4854.0,8,0,1,0,3.0,0
0.0388,54,0,0.5701,3822.0,8,0,2,0,3.0,0
4.6256,41,0,0.9925,,7,0,0,0,1.0,1
0.2753,43,0,0.6269,7484.0,7,0,0,0,1.0,0
0.1537,37,0,0.2202,,8,0,2,0,2.0,0
0.2955,64,0,0.8896,13399.0,11,0,1,0,1.0,0
1.014,55,0,0.482,,6,0,2,0,0.0,0
0.7228,59,0,0.3532,3935.0,7,0,2,0,1.0,0
0.0431,47,2,0.3161,2415.0,2,0,1,0,1.0,0
0.4126,47,3,0.6698,3848.0,11,0,0,0,1.0,0
0.1384,52,0,0.5375,3546.0,6,0,2,0,2.0,0
0.0649,33,0,0.5121,6208.0,7,0,1,0,2.0,0
0.1448,52,0,0.4209,7671.0,14,0,1,0,1.0,0
0.5235,48,0,0.1828,3656.0,10,0,2,0,3.0,0
0.9634,33,3,0.3947,4998.0,7,2,0,0,1.0,0
0.5773,45,0,0.8021,,7,0,1,0,0.0,0
0.6975,46,0,0.5215,5607.0,7,0,2,0,0.0,0
2.9745,41,0,0.3731,2764.0,6,0,0,0,0.0,0
0.4681,71,0,0.6973,,4,0,2,0,1.0,0
0.1792,67,0,0.4249,2776.0,10,0,0,0,2.0,0
0.429,49,0,0.2868,10824.0,6,0,0,0,1.0,0
0.5051,57,0,0.4784,13501.0,7,0,1,0,0.0,0
1.2677,47,2,0.4745,8300.0,11,0,1,0,1.0,0
2.2704,51,0,0.4594,7809.0,6,0,2,0,0.0,0
0.1276,62,0,0.093,4873.0,7,0,0,0,1.0,0
0.6981,38,0,0.5186,3397.0,10,0,0,0,0.0,0
0.2639,45,0,0.6203,3585.0,6,0,0,0,0.0,0
1.3005,53,0,0.917,10476.0,8,0,0,0,0.0,0
0.0196,37,0,0.4669,6513.0,9,0,0,0,,0
2.4496,57,0,0.183,,8,0,1,0,2.0,0
0.5473,68,0,0.5565,6283.0,9,0,1,0,1.0,0
0.3919,62,0,0.026,1858.0,8,0,0,0,2.0,0
0.7704,63,0,0.3886,8041.0,8,0,0,0,0.0,0
0.369,41,0,0.4768,8411.0,10,0,1,0,0.0,0
1.623,52,0,0.2566,3818.0,12,0,0,0,1.0,0
0.4797,66,0,0.4243,9023.0,5,0,0,0,0.0,0
0.9288,37,0,0.8559,8384.0,7,0,0,0,2.0,0
0.548,34,0,0.545,3352.0,6,0,1,0,0.0,0
0.133,52,0,0.5764,1753.0,4,0,0,0,1.0,0
0.9509,50,4,0.5655,6651.0,8,0,0,0,1.0,0
0.6848,69,0,0.9154,,7,0,2,0,0.0,0
1.9905,67,2,0.1561,10209.0,7,1,1,1,0.0,0
0.2761,53,0,0.7645,,4,0,2,0,0.0,0
0.2857,49,0,0.1788,3719.0,12,0,0,0,0.0,0
0.5909,48,0,0.4076,13207.0,5,0,1,0,,0
0.1826,37,0,0.384,14809.0,10,0,0,0,0.0,0
0.8985,44,0,0.7561,4179.0,4,0,1,0,1.0,1
0.4366,34,0,0.4553,,9,0,0,0,1.0,0
0.1331,49,0,0.1343,3600.0,5,0,2,0,0.0,0
0.2845,44,0,0.5604,2749.0,11,0,0,0,1.0,0
0.0706,59,0,0.4348,2689.0,8,0,1,0,1.0,0
0.6128,66,0,0.3295,3198.0,6,0,2,0,1.0,0
0.2324,58,0,0.3569,,10,0,2,0,1.0,0
0.2367,58,0,0.4756,3488.0,8,0,2,0,1.0,0
0.2193,64,0,0.0051,,6,0,2,0,1.0,0
0.2388,53,0,0.2289,5529.0,9,0,0,0,0.0,0
0.4281,83,3,0.5784,3445.0,7,0,1,1,1.0,0
0.4231,61,0,0.5176,7421.0,10,0,1,0,2.0,0
0.0335,45,0,0.3353,3616.0,9,0,1,0,1.0,0
0.5188,45,0,0.6071,,9,0,2,0,1.0,1
0.286,41,0,0.1825,11753.0,4,0,1,0,0.0,0
0.158,52,0,0.5473,12562.0,6,0,0,0,0.0,0
0.7546,33,0,0.8574,,8,0,0,0,0.0,0
0.2154,49,0,0.6504,2774.0,4,0,1,0,0.0,0
0.0289,21,0,0.2871,6596.0,12,0,1,0,1.0,0
0.0957,70,0,0.6899,4231.0,3,0,2,0,1.0,0
0.1897,51,0,0.4436,3220.0,6,0,2,0,0.0,0
0.968,87,0,0.028,6157.0,3,0,0,0,0.0,1
0.0998,52,0,0.3986,6621.0,17,0,0,0,2.0,0
0.2601,50,0,0.2639,6750.0,13,0,1,0,1.0,0
0.9303,37,0,0.1507,1868.0,5,0,2,0,1.0,0
0.0896,49,0,0.5988,8264.0,5,0,1,0,0.0,0
2.7844,79,0,0.662,3033.0,7,0,1,0,0.0,1
0.0758,55,0,0.4104,8983.0,9,0,1,0,2.0,0
0.6396,67,0,0.529,7313.0,8,0,2,0,0.0,0
0.4051,53,0,0.5959,2624.0,6,0,1,0,1.0,0
0.2661,73,0,1.2084,,6,0,1,0,0.0,0
0.4054,64,0,0.6211,7311.0,12,0,0,0,0.0,0
2.3089,42,0,0.4541,5317.0,12,0,2,0,1.0,0
0.4462,60,0,0.4825,7734.0,11,0,0,0,2.0,0
0.7852,67,0,0.6688,14155.0,4,0,0,0,2.0,0
0.8885,23,0,0.151,5141.0,3,0,1,0,0.0,0
0.2695,43,0,0.687,3403.0,6,0,0,0,0.0,0
0.3985,29,0,0.1401,,10,0,2,0,0.0,0
0.3761,65,0,0.6454,11262.0,12,0,1,0,1.0,0
0.2422,61,0,0.3604,2407.0,8,0,0,0,2.0,0
0.9158,50,0,0.1751,6298.0,6,0,1,0,0.0,0
0.0637,51,0,0.4276,,8,0,2,0,1.0,0
0.3163,55,0,0.2724,3428.0,11,0,1,0,0.0,0
1.9975,57,3,0.1858,5411.0,7,1,2,0,0.0,0
0.0019,86,0,0.3843,6555.0,8,0,0,0,0.0,0
0.0701,49,0,0.573,15843.0,8,0,2,0,1.0,0
0.6864,54,0,0.1499,6056.0,8,0,2,0,0.0,0
0.6377,61,0,0.3793,5080.0,5,0,0,0,1.0,0
0.4277,65,0,0.2728,,6,0,3,0,1.0,0
4.3304,54,0,0.9135,2987.0,7,0,3,0,0.0,0
6.874,57,0,0.586,4172.0,5,0,1,0,2.0,0
0.5158,52,0,0.9825,7607.0,6,0,2,0,2.0,0
0.9041,48,0,0.1129,3418.0,6,0,0,0,2.0,0
0.1054,93,0,0.1844,,5,0,2,0,0.0,0
1.8265,54,2,0.7915,2148.0,10,1,0,0,2.0,0
0.579,74,0,0.239,8558.0,8,0,1,0,1.0,0
0.586,48,0,0.3405,3118.0,9,0,2,0,1.0,0
1.7114,38,0,1.3227,3307.0,8,0,1,0,1.0,0
4.1247,33,0,0.4349,,6,0,2,0,2.0,0
0.3863,48,0,0.9851,,4,0,0,0,0.0,0
0.1852,24,0,0.2998,2738.0,5,0,1,0,1.0,0
0.3245,71,0,0.5752,,11,0,2,0,1.0,0
1.6057,50,0,0.2302,17395.0,7,0,1,0,1.0,0
0.4916,54,0,0.9378,3103.0,6,0,1,0,0.0,0
0.5929,39,0,0.8078,3797.0,13,0,0,0,1.0,0
0.3938,32,0,0.6062,2203.0,8,0,0,0,2.0,0
0.3499,37,0,0.0467,4362.0,9,0,0,0,0.0,0
0.1078,69,0,0.0988,11332.0,12,0,3,0,1.0,0
0.3439,65,0,0.2135,,8,0,1,0,0.0,0
0.6302,51,3,0.3181,2563.0,9,0,2,0,0.0,0
0.0242,35,0,0.9147,,7,0,1,0,2.0,0
0.5507,53,0,0.5287,3440.0,8,0,0,0,2.0,0
0.0377,69,0,0.8804,3849.0,13,0,3,0,0.0,0
0.4155,79,0,0.0672,,5,0,1,0,0.0,0
0.3809,84,0,0.3415,3778.0,7,0,0,0,1.0,0
0.7613,57,0,0.4856,4801.0,5,0,2,0,0.0,0
0.2507,41,0,0.6197,5603.0,8,0,0,0,0.0,0
0.1046,56,0,0.5821,11984.0,11,0,1,0,1.0,0
0.193,42,0,0.366,6772.0,4,0,0,0,0.0,0
0.7673,69,0,0.2585,3066.0,4,0,0,0,,1
0.1167,72,0,0.0811,,12,0,1,0,2.0,0
0.1482,50,0,0.1897,2929.0,15,0,1,0,0.0,0
0.2749,62,0,0.2981,,6,0,0,0,1.0,0
0.0316,69,0,0.2994,8488.0,5,0,0,0,2.0,1
0.045,36,0,0.4614,7685.0,18,0,1,0,0.0,0
0.7403,68,0,0.0407,2692.0,9,0,0,0,1.0,0
0.4108,55,0,1.0472,6794.0,8,0,1,0,0.0,0
1.0302,45,0,0.7536,5769.0,10,0,1,0,0.0,0
0.1218,33,0,0.8664,4806.0,13,0,1,0,0.0,0
2.2511,57,0,1.0192,5134.0,3,0,1,0,1.0,0
2.61,62,0,0.0979,,4,0,1,0,0.0,0
0.0944,83,0,0.1989,6825.0,6,0,2,0,3.0,0
2.3719,40,0,0.2748,4976.0,4,0,1,0,1.0,1
0.4305,69,0,0.3086,5082.0,8,0,1,0,1.0,0
0.7142,71,0,1.0154,4057.0,8,0,0,0,0.0,1
0.4469,47,0,0.5491,8956.0,6,0,1,0,1.0,0
2.7529,66,0,0.4296,3946.0,12,0,2,0,1.0,0
0.0235,33,0,0.4596,6421.0,8,0,3,0,1.0,0
0.6366,80,0,0.4198,,10,0,0,0,0.0,0
0.5015,50,0,0.7748,2128.0,8,0,1,0,2.0,0
0.5996,41,0,0.6357,1180.0,9,0,1,0,1.0,0
0.5216,51,0,0.34,1869.0,7,0,1,0,1.0,0
0.9694,54,0,0.4896,5344.0,8,0,2,0,2.0,0
0.4772,40,0,0.6697,,10,0,0,0,2.0,0
0.7457,70,0,0.8173,14835.0,7,0,0,0,0.0,0
1.3746,57,0,0.1291,8100.0,13,0,3,0,0.0,0
0.0416,54,0,0.2645,11311.0,6,0,0,0,2.0,0
0.1964,37,0,0.2902,8956.0,11,0,1,0,2.0,0
0.1103,63,0,0.1955,4037.0,9,0,0,0,0.0,0
0.7533,66,0,0.5407,5623.0,8,0,1,0,1.0,0
1.2585,60,0,0.257,16933.0,5,0,1,0,0.0,0
0.5038,51,0,0.5156,,11,0,1,0,1.0,0
0.798,46,0,0.4297,5350.0,7,1,0,0,0.0,0
0.7467,56,0,0.5587,15039.0,12,0,1,0,0.0,0
0.2358,55,0,0.1427,3011.0,12,0,1,0,0.0,0
0.24,65,0,0.7167,5949.0,4,0,2,0,1.0,0
0.0608,58,0,0.4674,15336.0,10,0,1,0,1.0,0
0.0071,28,1,0.683,3635.0,16,2,1,0,1.0,0
0.6738,58,0,0.9947,4640.0,6,0,1,0,1.0,0
5.8726,46,3,0.589,2268.0,6,0,0,0,,0
0.1682,37,0,0.443,5617.0,8,0,1,0,1.0,0
0.6513,33,0,0.2996,,12,0,2,0,2.0,0
0.362,42,0,0.1544,2038.0,9,0,1,0,1.0,0
0.4445,27,0,0.9109,,6,0,1,0,0.0,0
0.1086,48,0,0.256,8139.0,5,0,0,0,1.0,0
0.051,69,0,0.9551,13220.0,9,0,1,0,1.0,0
0.62,52,0,0.3904,16700.0,5,0,1,0,0.0,0
0.6119,33,0,0.6715,9699.0,4,0,1,0,0.0,0
0.26,37,0,0.4265,3372.0,2,0,0,0,1.0,0
0.4679,85,0,0.2369,,6,0,0,0,1.0,0
0.4638,55,0,0.4901,5518.0,7,0,0,0,0.0,0
0.0975,56,0,1.4363,6531.0,4,0,1,0,1.0,0
1.1044,53,0,0.6067,4635.0,9,0,1,0,2.0,0
0.1622,27,0,0.5076,5647.0,12,0,0,0,1.0,0
0.3654,28,0,0.7491,,10,0,0,0,1.0,0
0.3926,37,0,0.9217,,7,0,1,0,0.0,0
0.3198,42,0,0.7168,4444.0,10,0,1,0,0.0,0
0.2608,38,0,0.4073,9006.0,4,0,2,0,0.0,0
0.2807,50,0,0.4766,979.0,5,0,1,0,0.0,0
0.0591,66,0,0.7685,4785.0,5,0,0,0,1.0,0
0.5819,70,0,0.8678,5757.0,5,0,0,0,1.0,0
0.18,45,0,0.5741,4551.0,7,0,1,0,0.0,0
1.1284,49,0,0.7192,8484.0,12,0,0,0,0.0,0
0.3987,57,0,0.1627,10126.0,6,0,1,0,1.0,0
0.1713,55,0,0.0484,,9,0,0,0,2.0,0
0.3669,53,0,0.977,20469.0,7,0,2,0,0.0,0
1.4096,61,0,0.0664,9728.0,12,0,2,0,0.0,0
0.2076,63,0,0.5328,17343.0,3,0,1,0,0.0,0
0.3699,65,0,0.6311,2510.0,5,0,1,0,0.0,0
0.2489,53,0,0.1264,6889.0,6,0,1,0,0.0,0
0.2624,64,0,0.8615,9006.0,6,0,0,0,0.0,0
0.0432,21,0,0.6785,5013.0,6,0,1,0,0.0,0
0.4479,54,0,0.7888,1459.0,16,0,0,1,1.0,0
0.2786,61,0,0.1706,8625.0,15,0,2,0,0.0,0
0.1542,37,0,0.59,3329.0,7,0,2,0,0.0,0
10.2685,68,0,0.1171,2745.0,11,0,1,0,2.0,0
0.357,22,0,0.2365,,1,0,1,0,1.0,0
0.6885,26,0,0.1666,8945.0,8,0,0,0,0.0,0
0.391,53,0,0.1523,8334.0,12,0,0,0,0.0,0
0.1513,21,0,0.6362,4852.0,5,0,2,0,2.0,0
0.6772,53,0,0.54,3224.0,8,0,1,0,0.0,1
0.1322,70,0,0.454,,8,0,4,0,2.0,0
0.1127,52,0,0.4823,,8,0,4,0,0.0,0
0.467,42,2,0.7736,8481.0,18,0,1,0,0.0,0
2.3867,66,0,0.5357,8532.0,4,0,1,0,0.0,0
0.0746,21,0,0.2176,5469.0,7,0,0,0,3.0,0
0.0596,58,0,0.1266,4256.0,8,0,1,0,0.0,0
0.5673,52,0,0.2509,4037.0,10,0,0,0,0.0,0
1.1023,30,0,0.2267,9195.0,6,0,1,0,1.0,0
0.4502,46,2,0.8365,19065.0,4,1,0,0,2.0,0
1.592,52,0,0.2808,,8,0,3,0,1.0,0
0.3901,56,0,0.9369,,8,0,0,0,1.0,0
0.4653,77,0,0.4896,4171.0,10,0,1,0,0.0,1
0.6982,49,0,0.4259,2181.0,9,0,4,0,2.0,0
0.1876,47,0,0.5475,3405.0,5,0,2,0,2.0,0
0.3145,43,0,0.5049,11060.0,9,0,1,0,1.0,0
0.4156,42,0,0.2191,6274.0,14,0,2,0,0.0,0
1.4562,78,1,0.117,,11,0,1,1,1.0,0
0.289,67,0,0.1569,,8,0,2,0,2.0,0
0.9635,31,0,0.1769,,12,0,1,0,0.0,0
0.1155,55,0,0.1429,2082.0,6,0,1,0,,0
0.5606,45,0,0.8274,4790.0,4,0,1,0,0.0,0
0.375,54,0,0.1577,3971.0,8,0,0,0,0.0,0
0.0603,21,0,0.5779,3819.0,7,0,1,0,1.0,0
0.4629,29,0,1.1984,8390.0,7,0,0,0,0.0,0
0.0353,50,0,0.5363,4459.0,7,0,2,0,0.0,0
0.5601,62,0,0.8084,3333.0,14,0,0,0,0.0,1
0.0526,50,0,0.5835,7637.0,9,0,0,0,0.0,0
0.1305,35,0,1.0415,6305.0,7,0,1,0,1.0,0
0.205,59,0,0.1596,3665.0,17,0,0,0,1.0,0
3.8161,48,1,0.5454,,6,0,0,0,0.0,0
0.9417,48,0,0.7798,,7,0,0,0,0.0,0
0.0415,40,0,0.6481,2748.0,11,0,0,0,2.0,0
0.1266,73,0,0.1681,,3,0,1,0,2.0,0
1.3343,48,0,0.4306,14932.0,12,0,0,0,1.0,0
1.7406,67,0,0.11,9691.0,8,0,0,0,0.0,0
0.591,48,0,0.6074,5926.0,7,0,0,0,4.0,0
0.5354,28,0,0.8491,4000.0,3,0,1,0,0.0,1
0.3586,57,0,0.2691,6291.0,2,0,2,0,0.0,0
0.3235,60,0,0.5255,3332.0,13,0,0,0,0.0,0
2.9732,31,0,0.0917,4069.0,10,0,3,0,0.0,0
0.6797,67,0,0.3281,,11,0,0,0,,0
0.5418,46,0,0.723,3215.0,10,0,0,0,1.0,0
0.316,69,0,0.4284,,11,0,0,0,2.0,0
0.2911,55,0,0.7905,15542.0,6,0,1,0,1.0,0
0.0416,42,0,0.0641,7973.0,13,0,0,0,2.0,0
0.297,45,0,0.3566,3649.0,12,0,4,0,1.0,0
0.2075,76,0,0.2942,2003.0,10,0,3,0,1.0,0
0.3625,63,0,0.6489,,10,0,1,0,1.0,0
0.3508,56,2,0.7942,5886.0,6,0,1,0,0.0,0
0.1148,65,1,0.0864,,13,0,3,0,1.0,0
0.0659,65,0,0.7276,7424.0,6,0,0,0,3.0,0
0.0479,68,0,0.4595,5534.0,11,0,1,0,2.0,0
0.3485,75,0,0.5978,6629.0,10,0,0,0,1.0,0
0.7179,71,1,0.6546,8132.0,8,0,1,1,1.0,0
0.3379,81,0,0.1355,5379.0,4,0,2,0,1.0,0
0.1152,46,2,0.6605,8217.0,5,0,0,2,1.0,0
1.8572,44,0,0.3633,,6,0,0,0,1.0,0
0.4863,81,0,0.6439,16135.0,11,0,0,0,2.0,0
0.3908,57,0,1.2431,5331.0,9,0,1,0,0.0,0
0.0241,48,0,1.005,,11,0,2,0,0.0,0
0.3865,45,0,0.2463,4339.0,11,0,1,0,0.0,0
0.3698,59,0,0.5366,5406.0,12,0,3,0,2.0,0
7.1228,43,2,1.1855,4049.0,7,0,1,0,2.0,0
7.5508,40,0,0.4834,,12,0,1,0,0.0,0
0.9079,55,2,0.5523,5124.0,9,0,0,0,0.0,0
0.2797,56,0,0.4161,3022.0,10,0,2,0,2.0,0
0.4709,57,0,0.5252,5593.0,9,0,0,0,2.0,0
0.4039,40,0,0.6954,4510.0,14,0,1,0,2.0,0
0.3309,42,0,1.3119,,8,0,1,0,0.0,0
0.3866,65,0,0.2845,3460.0,8,0,1,0,1.0,0
0.3572,53,0,0.5321,,9,0,1,0,2.0,0
0.8405,77,0,0.3446,4943.0,5,0,1,0,2.0,0
0.2711,54,0,0.4924,30755.0,9,0,1,0,0.0,0
0.3616,49,0,0.3334,3766.0,7,0,1,0,0.0,0
0.782,30,0,0.489,2895.0,7,0,1,0,3.0,0
1.217,39,0,0.6791,7856.0,5,0,0,0,0.0,0
0.5688,39,0,0.2306,4329.0,12,0,1,0,0.0,0
0.0574,55,0,0.3702,5345.0,9,0,1,0,1.0,0
0.1967,31,0,0.3599,,8,0,3,0,1.0,0
0.4998,53,0,0.2829,,8,0,1,0,1.0,0
0.578,55,0,0.3453,2703.0,10,0,0,0,1.0,0
0.454,33,0,0.4437,2697.0,3,0,1,0,1.0,0
2.9284,49,0,0.3779,6716.0,5,0,1,0,1.0,0
0.4467,40,0,0.0766,2819.0,4,0,0,0,2.0,1
0.1895,55,0,0.4864,5754.0,10,0,0,0,0.0,0
0.3934,47,0,0.0788,5019.0,7,0,1,0,,0
0.4694,69,0,0.7098,6134.0,8,0,1,0,2.0,0
0.2786,23,0,0.517,3194.0,7,0,2,0,0.0,0
0.2637,70,0,0.9445,9629.0,9,0,2,0,1.0,0
0.0074,31,0,0.7212,3218.0,8,0,0,0,2.0,0
0.0922,63,1,0.226,5518.0,6,0,2,2,2.0,0
0.3216,33,0,0.4768,3407.0,9,0,1,0,0.0,0
0.3008,58,0,0.4426,4559.0,8,0,1,0,1.0,0
0.1966,65,0,0.3316,,10,0,2,0,1.0,0
0.7066,46,0,0.3783,8555.0,11,0,1,0,0.0,1
0.1021,59,0,0.4961,,12,0,2,0,0.0,0
0.5229,42,0,0.2664,9972.0,12,0,1,0,1.0,0
0.8261,68,0,0.2946,,7,0,1,0,0.0,1
0.1734,39,0,0.1274,,9,0,0,0,0.0,0
0.6411,40,0,0.4955,,9,0,1,0,0.0,0
0.1082,53,0,0.3169,,10,0,3,0,1.0,0
0.2422,63,0,0.6127,3331.0,7,0,3,0,0.0,0
0.4213,42,0,0.4068,5323.0,9,0,2,0,1.0,0
0.1865,49,0,0.2588,7376.0,12,0,1,0,0.0,0
0.1868,47,0,0.3347,6152.0,13,0,0,0,0.0,0
0.0234,67,0,0.7754,3919.0,9,0,2,0,0.0,0
0.2397,65,0,0.0577,4749.0,11,0,1,0,0.0,0
11.8111,39,0,0.4825,8940.0,17,0,1,0,0.0,0
0.1978,21,0,0.4915,12594.0,11,0,2,0,1.0,0
5.9746,28,0,0.8197,,9,0,1,0,1.0,1
0.9967,71,0,0.2065,5232.0,8,0,1,0,2.0,0
0.1374,75,0,0.6639,4749.0,11,0,0,0,2.0,0
0.2389,46,0,0.2615,,6,0,1,0,0.0,0
0.9496,48,0,0.8252,6460.0,8,0,0,0,1.0,0
0.5362,53,0,0.3201,,11,0,0,0,2.0,0
2.9425,52,0,0.4489,8867.0,6,0,0,0,0.0,0
1.0646,69,0,0.3239,3527.0,9,0,1,0,2.0,0
0.0989,69,0,0.5765,,8,0,1,0,2.0,0
0.3913,35,0,0.5042,6483.0,12,0,0,0,1.0,0
0.3119,40,0,0.0849,4156.0,7,0,1,0,2.0,0
0.423,54,0,0.2453,4878.0,15,0,1,0,1.0,0
0.2761,79,0,0.5,,10,0,0,0,1.0,0
0.1271,58,0,0.65,4396.0,9,0,4,0,0.0,0
0.8823,55,0,0.2823,3156.0,10,0,2,0,0.0,0
0.0326,47,0,0.4833,6734.0,12,0,2,0,0.0,0
0.057,38,0,0.2267,2410.0,4,0,1,0,0.0,0
0.6183,40,0,0.8402,4868.0,7,0,0,0,,0
0.6358,41,1,0.42,10888.0,11,0,2,1,0.0,0
2.0606,68,2,0.4151,,11,0,0,1,1.0,0
0.2409,69,0,0.4931,3612.0,5,0,1,0,2.0,0
7.6637,66,2,0.4584,,2,0,2,0,1.0,0
0.0389,44,0,0.1399,9631.0,4,0,0,0,1.0,0
0.167,51,0,0.4797,10237.0,4,0,0,0,4.0,0
0.5373,93,0,0.3318,,6,0,2,0,1.0,0
0.3719,62,0,0.5673,1949.0,6,0,0,0,2.0,0
0.2922,47,0,0.2998,,4,0,2,0,2.0,0
0.2542,37,0,0.0451,5050.0,10,0,0,0,1.0,0
0.005,62,0,0.5886,2714.0,7,0,0,0,0.0,0
0.1311,57,0,0.976,9759.0,11,0,1,0,1.0,0
0.0458,41,0,0.0261,2390.0,10,0,3,0,0.0,0
0.7528,61,3,0.7643,10398.0,12,0,2,0,1.0,0
0.0485,38,0,0.8325,5970.0,5,0,1,0,0.0,0
0.4157,76,0,0.0449,5042.0,6,0,0,0,2.0,0
0.7117,47,0,0.249,3322.0,8,0,1,0,0.0,0
0.5307,63,0,0.3998,5962.0,3,0,2,0,1.0,0
0.3921,71,0,0.7187,3568.0,8,0,1,0,0.0,0
0.147,43,0,0.8182,4909.0,10,0,1,0,1.0,0
0.4441,58,0,0.7886,7956.0,10,0,1,0,0.0,0
0.3341,82,0,0.5002,,9,0,0,0,0.0,0
4.7819,74,0,0.4688,15222.0,4,0,1,0,0.0,0
0.8585,23,0,0.2129,,12,0,0,0,1.0,1
0.644,59,0,0.3148,,5,0,2,0,1.0,0
0.6906,72,0,0.4634,2439.0,3,0,1,0,0.0,0
0.4935,67,0,0.6184,4517.0,11,0,2,0,1.0,1
0.0991,60,0,0.19,5123.0,9,0,0,0,0.0,0
0.394,73,0,0.1078,5222.0,11,0,1,0,1.0,0
0.9086,54,0,0.302,5354.0,8,0,2,0,1.0,0
0.4952,93,0,0.672,10400.0,7,0,2,0,0.0,0
0.2944,40,0,0.0368,,5,0,0,0,,0
0.5691,57,0,0.9289,8075.0,12,0,2,0,1.0,0
0.2999,45,0,0.3825,4177.0,13,0,3,0,2.0,0
0.7465,71,0,0.7172,2420.0,11,0,1,0,0.0,1
0.2182,54,0,0.7317,,4,0,2,0,0.0,0
0.29,27,0,0.1185,,7,0,2,0,2.0,0
0.1424,27,0,0.4747,4084.0,10,0,2,0,1.0,0
0.5416,29,0,0.3512,3636.0,4,0,0,0,0.0,1
0.5111,26,0,0.2862,3902.0,8,0,0,0,1.0,0
0.7632,63,0,0.8126,3971.0,7,0,1,0,2.0,0
0.6318,45,0,0.426,,11,0,1,0,2.0,0
0.6581,55,0,0.3808,,9,0,2,0,0.0,1
0.3659,61,0,0.0643,7748.0,12,0,3,0,0.0,0
0.6854,30,0,0.5237,3055.0,10,0,2,0,,0
0.3904,46,1,0.4403,,10,0,0,0,1.0,0
0.7608,84,0,0.8231,6379.0,10,0,1,0,0.0,0
0.0428,70,0,0.6911,,7,0,0,0,0.0,0
0.2579,61,0,0.3385,10801.0,8,0,0,0,1.0,0
0.3049,59,0,0.8575,16444.0,8,0,0,0,0.0,0
0.5934,52,0,1.3609,6822.0,4,0,0,0,1.0,0
0.5414,38,0,0.0586,1905.0,6,0,2,0,0.0,0
5.6643,77,0,0.6336,7689.0,17,0,0,0,1.0,0
0.5238,27,0,0.9519,3279.0,5,0,2,0,0.0,0
0.4192,31,0,0.3538,2819.0,3,0,1,0,0.0,0
4.3584,54,0,0.5496,3369.0,8,0,4,0,1.0,1
1.011,54,0,0.4576,9881.0,4,0,3,0,1.0,0
3.6322,74,0,0.9268,4117.0,4,0,2,0,0.0,0
0.3823,23,0,0.0386,9645.0,11,0,0,0,0.0,0
0.1864,58,3,1.0058,17856.0,7,0,0,1,0.0,0
4.9538,55,0,0.6744,6709.0,6,0,1,0,2.0,0
0.522,51,0,0.1994,6691.0,8,0,3,0,2.0,0
1.6682,32,1,0.201,,3,0,3,0,0.0,0
0.0161,46,0,0.8091,,7,0,2,0,1.0,0
0.0379,48,0,0.5948,3469.0,6,0,0,0,1.0,0
1.4817,86,0,0.5729,20427.0,9,0,1,1,1.0,0
0.0906,61,0,0.1519,3757.0,9,0,1,0,0.0,0
0.1172,35,0,1.0572,3874.0,10,0,0,0,1.0,0
0.6507,75,0,0.3745,,12,0,0,0,0.0,0
0.2872,63,0,0.4953,5760.0,8,0,0,0,0.0,0
0.084,50,0,0.3761,5822.0,6,0,0,0,1.0,0
0.2239,51,0,0.3341,5799.0,12,0,2,0,1.0,0
4.0183,45,0,0.2181,3758.0,9,0,2,0,1.0,0
0.3885,54,0,0.6724,3281.0,8,0,1,0,3.0,0
4.7841,59,0,0.1618,4899.0,8,0,0,0,0.0,0
3.877,53,0,0.4959,7423.0,6,0,1,0,0.0,0
0.2611,49,0,0.2978,,5,0,2,0,2.0,0
1.3347,56,0,0.5266,4840.0,15,0,2,0,0.0,0
0.1676,61,0,0.8333,5085.0,12,0,0,0,0.0,0
0.5815,57,0,0.2567,4421.0,11,0,0,0,4.0,0
0.8693,62,0,0.4607,11209.0,5,0,1,0,1.0,0
0.0559,40,0,0.1382,,10,0,3,0,1.0,0
0.2253,61,0,0.2988,5520.0,11,0,1,0,1.0,0
0.5078,35,0,0.5973,9700.0,12,0,2,0,0.0,0
0.0775,64,0,0.561,,11,0,2,0,0.0,0
0.8435,30,1,0.1618,,6,0,2,0,,0
0.4296,68,0,0.1484,4282.0,8,0,2,0,2.0,0
0.4847,67,0,0.276,,6,0,2,0,0.0,0
0.1052,57,0,0.5002,1858.0,7,0,0,0,0.0,0
0.5385,42,0,0.4487,2978.0,6,0,2,0,2.0,0
0.3262,51,0,0.5288,2412.0,5,0,3,0,2.0,0
0.0405,65,0,0.571,5872.0,6,0,1,0,1.0,0
3.1724,61,0,0.3331,6457.0,3,0,2,0,1.0,0
0.7111,43,0,0.5415,5463.0,3,0,1,0,0.0,0
1.926,46,0,0.4511,5696.0,8,0,0,0,0.0,0
0.1605,87,0,0.8055,5484.0,11,0,0,0,2.0,0
0.186,34,0,0.6074,5252.0,9,0,0,0,0.0,0
0.1336,21,0,1.1176,2519.0,13,0,4,0,3.0,0
0.2597,23,0,0.3854,19062.0,12,0,1,0,1.0,0
0.1196,52,0,0.1438,2845.0,7,0,1,0,0.0,0
0.7886,42,0,0.5495,17132.0,6,0,0,0,0.0,0
0.3763,50,0,0.0788,,6,0,0,0,2.0,0
0.8376,65,0,0.1047,8246.0,6,0,0,0,1.0,0
0.4897,79,0,1.366,,4,0,1,0,3.0,1
0.0454,54,0,0.5909,11447.0,9,0,2,0,0.0,0
1.0659,54,0,0.4339,6951.0,4,0,0,0,,0
0.4197,77,0,0.2131,7536.0,8,0,1,0,1.0,0
0.1975,61,0,0.6843,5978.0,10,0,4,0,,0
0.3404,59,0,0.0621,3155.0,8,0,1,0,2.0,0
0.3158,71,0,0.0266,3857.0,11,0,2,0,3.0,0
0.2438,50,0,0.5537,17623.0,9,0,1,0,0.0,0
0.2539,31,0,0.935,6481.0,9,0,0,0,1.0,0
0.2608,52,0,0.2749,,8,0,2,0,1.0,0
0.8921,40,0,0.3109,1494.0,9,0,1,0,1.0,0
0.3276,47,0,0.5504,8759.0,11,0,1,0,1.0,0
0.1326,43,0,0.5789,,6,0,0,0,2.0,0
0.1927,52,0,0.881,4215.0,7,0,1,0,1.0,0
0.2589,55,0,0.8557,6336.0,4,0,1,0,3.0,0
0.6025,32,0,0.6935,8825.0,11,0,1,0,0.0,0
0.0515,72,2,0.3266,4234.0,13,0,0,0,1.0,0
2.2902,64,0,0.6798,6911.0,11,0,0,0,0.0,0
0.5649,37,0,0.2085,,2,0,2,0,3.0,0
0.9648,56,0,0.3394,,12,0,2,0,,0
0.1185,86,0,0.5035,6035.0,8,0,1,0,2.0,0
0.7637,54,0,0.2955,12602.0,5,0,0,2,0.0,0
5.0315,52,0,0.528,17804.0,7,0,0,0,3.0,0
0.3298,32,0,0.8807,1254.0,8,0,1,0,0.0,0
0.285,41,0,0.6704,1536.0,11,0,4,0,1.0,0
0.7256,54,0,0.4983,,7,0,0,0,0.0,0
0.939,61,0,0.1881,11358.0,6,0,0,0,1.0,0
0.5401,44,0,0.2903,8453.0,12,0,0,0,0.0,0
0.3141,54,0,0.2137,13193.0,5,0,1,0,0.0,0
0.0525,74,0,0.8851,11555.0,11,0,0,0,0.0,0
0.4503,54,0,0.1457,2571.0,11,0,3,0,2.0,0
0.3157,68,0,0.2091,1767.0,11,0,0,0,1.0,0
1.7243,50,0,0.9725,6649.0,6,0,3,0,0.0,0
0.1237,67,0,0.2548,5177.0,9,0,2,0,0.0,0
0.0123,59,0,0.6669,4083.0,5,0,0,0,2.0,0
0.5183,41,0,0.4042,9015.0,13,0,2,0,0.0,0
0.3564,38,0,0.3867,6476.0,9,0,0,0,1.0,0
0.8366,70,0,0.799,9043.0,11,0,0,0,0.0,0
6.3953,61,0,0.2164,,11,0,3,0,2.0,0
0.2081,38,0,0.4102,,14,0,2,0,0.0,0
0.7412,52,0,0.9384,6129.0,5,0,1,0,0.0,0
0.1919,60,0,0.3639,7476.0,8,0,0,0,0.0,0
0.1851,24,0,0.7089,,11,0,0,0,3.0,0
1.097,55,0,0.6503,14381.0,9,0,2,0,2.0,0
0.1763,62,0,0.351,9385.0,11,0,2,0,0.0,0
0.2902,53,0,1.0065,2638.0,9,0,1,0,1.0,0
0.1168,63,0,0.468,2790.0,7,0,1,0,3.0,0
0.6228,38,0,1.1164,4166.0,8,0,2,0,0.0,0
4.3672,78,0,0.6827,12667.0,11,0,0,0,0.0,0
0.3955,21,0,0.6404,4414.0,6,0,1,0,1.0,0
0.6524,30,0,0.8437,5440.0,6,0,1,0,1.0,0
0.068,63,0,0.3988,6674.0,9,0,0,0,1.0,0
0.0952,55,0,0.6599,4416.0,7,0,1,0,1.0,0
0.5272,28,0,0.2464,11329.0,7,0,2,0,2.0,0
0.5048,68,0,1.0382,6037.0,12,0,2,0,0.0,0
5.5517,36,0,0.3785,2443.0,10,0,1,0,5.0,0
0.3504,61,0,0.7303,1590.0,8,0,2,0,2.0,0
1.7707,21,1,0.4277,2589.0,7,0,0,0,2.0,1
0.5674,30,0,0.3952,3584.0,8,0,0,0,0.0,0
0.2065,65,0,0.4636,6259.0,7,0,0,0,1.0,0
0.9524,79,0,0.1367,4324.0,12,0,0,0,2.0,0
0.1626,54,0,0.4491,11654.0,4,0,2,0,1.0,0
3.3304,54,0,0.4176,3033.0,12,0,1,0,0.0,0
0.6,31,0,0.3155,5124.0,6,0,1,0,1.0,0
0.2375,42,0,0.2136,6544.0,9,0,2,0,2.0,0
0.0701,38,0,0.1508,14697.0,6,0,0,0,2.0,0
0.6126,42,0,0.3855,3768.0,10,0,1,0,1.0,0
1.0286,31,0,0.4915,3652.0,4,0,1,0,0.0,1
0.7205,63,0,0.391,2239.0,10,0,2,0,1.0,0
5.5203,45,0,0.3477,3703.0,11,0,1,0,1.0,0
0.0393,72,0,0.4431,3623.0,9,0,1,0,0.0,0
3.5409,39,0,0.2273,5792.0,12,0,1,1,2.0,0
1.7623,49,0,0.2048,,12,0,1,0,0.0,0
0.6637,54,0,0.3898,25803.0,8,0,0,0,1.0,0
0.2279,45,1,0.5234,2209.0,11,0,1,1,1.0,0
0.1212,31,0,0.5672,1672.0,4,0,2,0,1.0,0
0.2349,56,0,0.4404,3578.0,9,0,1,0,2.0,0
0.6528,63,0,0.2031,,13,0,0,0,1.0,0
0.0949,56,0,0.3347,,5,0,0,0,0.0,0
0.3998,67,0,0.823,4148.0,6,0,0,0,0.0,0
0.3305,41,0,0.6164,6323.0,10,0,2,0,1.0,0
0.1924,83,0,0.8275,,6,0,0,0,4.0,0
4.8272,49,1,0.3994,8295.0,8,0,0,2,1.0,0
0.104,50,0,0.1331,6264.0,14,0,0,0,1.0,0
0.6425,60,0,0.0467,1260.0,4,0,1,0,0.0,0
0.469,79,0,1.2974,3704.0,7,0,0,0,1.0,1
0.4064,48,0,0.6727,2036.0,3,0,1,0,1.0,0
0.029,70,0,0.3596,11389.0,7,0,2,0,1.0,0
0.3849,54,0,0.3038,1749.0,7,0,2,0,2.0,0
0.1915,28,0,0.4565,1665.0,7,0,0,0,3.0,0
0.2742,56,0,0.7369,4728.0,6,0,1,0,2.0,0
2.5764,50,0,0.5846,6909.0,6,0,0,0,,0
0.5433,74,0,0.7385,7262.0,6,0,2,0,1.0,0
0.3436,38,0,0.3984,8485.0,6,0,1,0,0.0,0
6.3622,44,0,0.3435,,6,0,2,0,0.0,0
0.7383,36,0,0.5003,6280.0,16,0,1,0,0.0,0
1.7502,64,0,0.6812,9021.0,8,0,2,0,1.0,0
12.0392,52,0,0.1988,,6,0,3,0,0.0,0
0.2965,58,0,0.8478,7830.0,7,0,0,0,0.0,0
0.1034,59,0,0.6923,13593.0,7,0,1,0,,0
0.2662,21,0,0.4604,4399.0,6,0,2,0,1.0,0
0.4469,21,0,0.3281,1723.0,5,0,1,0,2.0,0
0.0017,68,0,0.5507,9906.0,8,0,1,0,2.0,0
1.653,42,1,0.6094,7339.0,10,0,0,1,1.0,0
2.5547,61,0,0.2576,4666.0,13,0,0,0,1.0,0
0.5,53,0,0.4015,3221.0,10,0,0,0,1.0,0
0.1504,77,0,0.2925,,6,0,3,0,0.0,0
0.4501,50,0,0.2807,8498.0,7,0,0,0,1.0,0
0.6627,64,0,0.3394,21968.0,8,0,2,0,0.0,0
0.4169,53,0,0.7092,2728.0,6,0,1,0,0.0,0
0.4954,55,0,0.7639,8255.0,5,0,2,0,1.0,0
0.0667,47,3,1.0523,13589.0,8,0,1,0,1.0,0
0.6206,54,0,0.1701,,10,0,0,0,0.0,0
0.9466,46,0,0.0109,3482.0,9,0,1,0,1.0,0
0.2467,37,0,0.3401,3766.0,8,0,2,0,1.0,0
2.4462,46,0,0.6123,3005.0,9,0,0,0,0.0,0
0.5437,48,0,0.1003,,7,0,2,0,0.0,0
5.802,59,0,0.5396,3767.0,12,0,1,0,1.0,0
1.1638,34,0,0.1586,,8,0,1,0,1.0,0
0.2185,32,0,0.1105,3175.0,11,0,2,0,2.0,0
0.3318,60,0,0.328,4029.0,9,0,1,0,0.0,0
0.2154,51,0,0.2969,12860.0,6,0,1,0,0.0,0
4.5471,74,0,0.3124,,10,0,1,0,0.0,1
0.3657,32,0,0.2947,11131.0,5,0,2,0,2.0,0
0.1493,45,0,1.1598,1936.0,6,0,1,0,1.0,0
0.2512,73,0,0.5606,2778.0,12,0,3,0,2.0,0
0.8085,28,0,0.122,4861.0,6,0,2,0,0.0,1
0.1555,59,0,0.6445,4060.0,7,0,0,0,2.0,0
0.7665,53,0,0.5555,4682.0,8,0,1,0,1.0,0
0.3641,63,0,0.153,8745.0,11,0,0,0,1.0,0
1.0465,64,0,0.3341,14501.0,6,0,3,0,0.0,0
1.086,38,0,0.7014,8694.0,4,0,1,0,1.0,0
0.3107,73,0,0.6935,4555.0,5,0,0,0,1.0,0
1.529,54,0,0.2712,,7,0,2,2,1.0,0
0.5561,56,0,0.3318,3907.0,12,0,0,0,2.0,0
0.7671,58,0,0.3134,6657.0,6,0,0,0,,0
3.4425,62,0,0.3801,8052.0,11,0,0,0,1.0,0
0.6437,35,0,0.8169,9783.0,4,0,0,0,0.0,0
0.2432,56,0,0.3706,6386.0,7,0,2,0,1.0,0
0.5644,57,0,0.6754,2285.0,6,0,2,0,0.0,0
0.491,42,0,0.5084,5809.0,4,0,2,0,1.0,0
0.2449,58,0,0.6215,3968.0,10,0,1,0,0.0,0
0.1396,54,0,0.6718,,7,0,0,0,2.0,0
0.4256,33,0,0.2862,,4,0,1,0,0.0,0
0.5321,58,0,0.8,,6,0,2,0,1.0,1
0.1192,44,0,0.3117,3838.0,8,0,4,0,0.0,0
0.7814,72,0,0.8094,10792.0,3,0,0,0,0.0,0
0.0069,53,0,0.1554,2416.0,3,0,2,0,0.0,0
0.3251,37,0,0.0782,4091.0,10,0,1,0,2.0,0
0.5795,64,0,0.5039,4653.0,9,0,2,0,0.0,0
0.3762,36,0,0.7117,1504.0,8,0,1,0,0.0,0
0.6791,59,0,0.5566,,8,0,0,0,0.0,0
0.2531,42,0,0.524,3732.0,9,0,1,0,1.0,0
0.2205,57,0,0.3411,9787.0,6,0,0,0,1.0,0
2.6873,26,0,0.7802,4149.0,6,0,2,0,1.0,0
0.1849,28,0,0.4744,,10,0,1,0,2.0,0
0.0389,68,0,0.3451,12847.0,8,0,0,0,0.0,0
0.4026,65,0,0.2301,,3,0,0,0,0.0,0
0.4184,61,0,0.153,3630.0,8,0,1,0,0.0,0
0.2115,67,0,0.1024,12177.0,9,0,1,0,1.0,0
4.0637,45,0,0.2829,9682.0,8,0,1,0,2.0,0
0.8049,41,0,0.5224,2486.0,4,0,0,0,1.0,0
0.2992,42,0,0.4155,4219.0,13,0,0,0,0.0,0
0.1417,46,0,0.5582,4996.0,9,0,1,0,1.0,0
0.1162,69,0,0.1415,7134.0,11,0,2,0,1.0,0
0.497,47,0,0.2729,10194.0,7,0,0,0,1.0,0
0.7209,40,0,0.9106,8532.0,5,0,0,0,1.0,0
0.0855,59,0,0.3957,28645.0,9,0,0,0,1.0,0
0.3845,44,0,0.6318,3072.0,9,0,0,0,1.0,0
0.5132,53,0,0.1625,5306.0,12,1,2,0,0.0,0
0.2431,65,0,0.68,3570.0,4,0,1,0,,0
0.547,51,0,0.9536,,11,0,2,0,0.0,1
6.7701,55,0,0.8183,21493.0,11,0,1,0,1.0,0
0.227,63,0,0.9687,10736.0,6,0,1,0,2.0,0
0.0704,62,0,0.5471,4749.0,14,0,0,0,1.0,0
2.0115,42,0,0.1649,2236.0,11,0,0,0,0.0,0
0.2866,41,0,0.2985,4560.0,5,0,2,0,3.0,0
0.4818,39,0,0.7539,1930.0,6,0,1,0,1.0,0
2.4052,55,0,0.3218,6566.0,12,0,0,0,0.0,0
0.2294,49,0,0.8575,12356.0,4,0,0,0,1.0,0
0.5713,59,0,0.9324,1911.0,6,0,0,0,0.0,0
0.4536,33,0,1.023,,6,0,2,0,1.0,0
0.1133,42,0,0.0248,2688.0,8,0,1,0,0.0,0
0.1067,65,0,0.4333,,15,0,1,0,2.0,0
0.7206,49,0,0.7594,8472.0,9,0,0,0,0.0,0
0.1555,49,0,0.4717,13584.0,6,0,0,0,1.0,0
0.5543,34,0,0.1661,7268.0,7,0,1,0,2.0,0
1.9979,64,0,0.7835,3334.0,9,0,1,0,2.0,0
0.363,64,0,0.4009,2549.0,5,0,2,0,0.0,0
0.4745,56,0,0.521,4569.0,10,0,0,0,3.0,1
0.4468,36,0,0.5655,5291.0,8,0,0,0,1.0,0
0.0569,64,0,0.3659,7145.0,7,0,1,0,1.0,0
0.2886,25,0,0.1028,3268.0,10,0,1,0,0.0,0
0.2305,51,0,0.207,7623.0,8,0,2,0,0.0,0
0.3118,48,0,0.6854,2168.0,7,0,1,0,0.0,0
0.0961,71,0,0.1306,,6,0,0,0,2.0,0
0.4161,66,0,1.0873,10163.0,11,0,2,0,1.0,0
0.1864,83,0,0.0805,,6,0,1,0,1.0,0
0.1904,35,0,0.4654,4724.0,6,0,5,0,0.0,0
0.0059,64,0,0.4914,5130.0,7,0,1,0,2.0,0
0.186,57,0,0.4007,8242.0,5,0,2,0,1.0,0
0.1389,45,0,0.8388,2589.0,8,0,1,0,2.0,0
0.5407,47,0,0.1632,5933.0,6,0,1,0,1.0,0
0.0264,73,0,0.7769,6369.0,7,0,1,0,1.0,0
0.0525,51,0,0.5513,4282.0,6,0,1,0,0.0,0
0.2913,38,0,0.839,3833.0,6,0,0,0,1.0,0
0.5609,68,0,0.0626,4678.0,7,0,0,0,,0
0.0459,63,0,0.169,3728.0,7,0,0,0,0.0,0
0.8563,56,0,0.6119,,5,0,2,0,0.0,0
0.0549,36,0,0.6775,12268.0,7,0,0,0,0.0,0
0.5856,22,0,0.3805,,6,0,1,0,0.0,0
0.4873,84,0,0.4905,,8,0,3,0,2.0,1
0.1945,48,0,0.7435,8222.0,7,0,1,0,1.0,0
0.4379,81,0,0.1733,,5,0,2,0,2.0,0
0.0578,58,0,0.4357,11505.0,8,0,2,0,0.0,0
0.0306,62,0,0.509,,4,0,1,0,2.0,0
0.104,34,0,0.2038,3649.0,8,0,2,0,1.0,0
0.0913,80,0,0.5665,,12,0,1,0,2.0,0
0.9761,51,0,0.3499,17064.0,5,0,1,0,1.0,0
0.591,53,0,0.4583,1703.0,8,0,2,0,1.0,1
0.3365,64,0,0.3446,,8,0,0,0,0.0,0
1.6078,37,0,0.8881,3902.0,10,0,2,0,1.0,0
0.9137,75,0,0.5425,4625.0,8,0,0,0,1.0,0
0.3308,36,0,0.2866,5079.0,9,0,1,0,0.0,0
0.418,56,0,0.4781,3307.0,11,0,1,0,1.0,0
0.8779,54,1,0.5393,5455.0,7,0,0,0,0.0,0
0.0888,72,0,0.5649,2470.0,11,0,1,0,0.0,0
0.0176,30,0,0.8817,9776.0,7,0,1,0,3.0,0
0.4807,37,0,0.6359,3188.0,6,0,2,0,0.0,0
7.0587,56,0,0.5694,5731.0,6,0,3,0,2.0,0
0.1661,24,0,0.972,2248.0,9,0,2,0,4.0,0
0.096,24,0,0.7616,6208.0,6,0,1,0,2.0,0
0.1088,39,0,0.6156,,8,0,0,0,0.0,0
1.7581,51,0,0.065,3382.0,7,0,0,0,1.0,0
0.7198,30,0,0.8078,7151.0,6,0,0,0,3.0,0
1.6498,57,0,0.5905,,10,0,1,0,0.0,0
0.1066,63,0,0.4275,5143.0,12,0,1,0,0.0,0
0.177,29,0,0.0736,,10,0,2,0,3.0,0
1.0381,63,0,0.6786,,7,0,1,0,2.0,0
0.6317,61,0,0.3689,9551.0,9,0,2,0,1.0,0
0.1947,55,0,0.4783,5521.0,6,0,2,0,0.0,0
3.25,72,1,0.4753,,10,0,2,0,0.0,0
0.2957,64,0,0.8293,2701.0,7,0,2,0,0.0,0
0.6585,55,0,0.3214,6490.0,5,0,1,0,0.0,0
0.5383,52,0,0.3084,2556.0,7,0,1,0,0.0,1
0.2763,61,0,0.4664,8975.0,12,0,0,0,0.0,0
3.4152,51,0,0.2074,6744.0,10,0,0,0,1.0,0
4.1687,64,2,0.0205,,7,0,0,0,0.0,0
1.278,68,0,0.5335,9234.0,8,0,0,0,0.0,0
0.1216,57,0,0.4754,15248.0,5,0,2,0,1.0,0
0.0576,48,0,0.6214,2300.0,12,0,0,0,0.0,0
0.1033,40,0,0.7412,12404.0,6,0,0,0,2.0,0
0.0215,58,0,0.3955,,9,0,0,0,3.0,0
0.1106,72,0,1.0215,4726.0,7,0,1,0,0.0,0
0.0555,63,0,0.3275,,6,0,2,0,0.0,0
0.0575,25,0,0.4344,4589.0,6,0,2,0,0.0,0
0.7234,67,0,0.4794,4605.0,5,0,0,0,0.0,0
0.0895,45,0,1.3251,,13,0,0,0,0.0,0
5.7916,57,0,0.3918,6898.0,5,0,2,0,3.0,0
1.0011,40,0,0.2257,2900.0,5,0,0,0,2.0,0
0.3856,49,0,0.8522,2700.0,9,0,0,0,1.0,0
0.4961,21,0,0.6176,13240.0,8,0,1,0,0.0,0
0.1231,47,0,0.2331,2398.0,8,0,0,0,0.0,0
0.358,37,0,0.5442,,9,0,0,0,1.0,0
0.5373,28,0,0.0932,4757.0,5,0,0,0,1.0,0
0.2583,77,0,0.1615,8808.0,13,0,3,0,1.0,0
0.3649,47,0,0.3138,,10,0,0,0,0.0,0
0.0807,77,0,0.6835,8205.0,12,0,1,0,,0
0.3497,49,0,0.4271,7593.0,9,0,0,0,0.0,0
0.6603,57,0,0.1342,1868.0,3,0,0,0,1.0,0
0.2652,56,0,0.1305,12926.0,13,0,0,0,0.0,0
1.9886,43,0,0.4344,3175.0,7,0,0,0,,0
1.119,59,0,0.5882,8103.0,7,0,1,0,0.0,0
1.196,79,0,0.145,,10,0,1,0,1.0,1
0.3519,58,0,0.5518,8616.0,5,0,1,0,1.0,0
0.1815,47,0,0.8353,8206.0,9,0,1,0,0.0,0
0.5024,56,0,0.1613,,4,0,0,0,1.0,0
0.6412,62,0,0.592,3683.0,8,0,0,0,2.0,0
0.0835,47,1,0.8387,5983.0,3,1,1,3,0.0,0
0.0836,48,0,0.5752,4210.0,11,0,3,0,1.0,0
0.3995,47,0,0.8439,2384.0,8,0,3,0,0.0,0
0.0095,57,0,0.5675,3212.0,7,0,0,0,0.0,0
0.5747,69,0,0.4018,6094.0,9,0,1,0,0.0,0
2.1209,54,0,0.1829,4284.0,12,0,3,0,2.0,0
0.7932,60,0,0.9208,7741.0,7,0,0,0,2.0,0
0.2131,58,0,0.9374,5840.0,7,0,1,0,0.0,0
0.1447,21,0,1.2107,4239.0,8,0,3,0,1.0,0
0.5138,48,0,1.0352,4970.0,5,0,3,0,2.0,0
0.0807,22,0,0.8526,1907.0,8,0,0,0,1.0,0
0.3323,38,0,1.3304,3240.0,7,0,3,0,0.0,0
0.12,27,0,0.525,9204.0,9,0,1,0,1.0,0
0.088,50,0,0.0711,4538.0,14,0,2,0,1.0,0
0.04,42,0,1.0045,1819.0,7,0,0,0,1.0,0
0.3,54,0,0.8705,10857.0,9,0,2,0,1.0,0
0.2239,61,0,0.4547,6851.0,5,0,1,0,3.0,0
0.3604,46,0,0.9038,,11,0,1,0,1.0,0
1.8633,43,0,0.9508,,5,0,0,0,1.0,0
0.0178,52,0,0.7217,3582.0,3,0,2,0,1.0,0
0.3241,58,0,0.2862,14183.0,7,0,0,0,1.0,0
0.3236,38,0,0.3798,2627.0,7,0,1,0,2.0,0
0.2984,39,0,0.17,4904.0,5,0,2,0,0.0,0
1.8407,65,3,0.3868,13897.0,8,0,1,0,0.0,0
0.8812,63,0,0.1409,4396.0,7,0,2,0,2.0,0
0.517,66,0,0.1292,6342.0,9,0,0,0,2.0,0
0.5269,60,0,0.4838,,4,0,0,0,1.0,0
0.0754,46,0,0.6834,12774.0,11,0,4,0,2.0,0
0.45,25,0,0.6704,4498.0,5,0,0,0,0.0,0
0.8874,53,0,0.6483,,15,0,0,0,0.0,0
0.6861,75,0,0.4801,,5,0,3,0,1.0,0
0.0078,55,0,0.1016,4160.0,8,0,0,0,1.0,0
0.0053,45,0,0.0852,7601.0,14,0,1,0,0.0,0
0.4826,27,0,0.5861,12506.0,7,0,0,0,2.0,1
1.0576,29,0,0.775,,3,1,2,1,0.0,0
0.8521,47,0,0.2876,3253.0,4,0,0,0,,0
0.3966,50,0,0.5173,6623.0,10,0,2,0,2.0,0
0.4383,42,0,0.4502,,7,0,0,0,1.0,0
0.1085,62,0,0.7585,2597.0,12,0,4,0,2.0,0
3.4888,44,0,0.2186,,6,0,3,0,0.0,0
0.207,36,0,0.3821,9523.0,6,0,0,0,2.0,0
0.6541,66,0,0.8003,,7,0,0,0,0.0,1
1.1018,54,0,0.4202,3161.0,3,0,1,0,0.0,0
0.12,49,0,0.6771,4396.0,6,0,0,0,0.0,0
4.4285,40,1,0.9619,9899.0,7,0,2,0,2.0,0
0.0162,36,0,0.3019,13615.0,8,0,2,0,1.0,0
2.6577,34,0,0.2234,4926.0,7,0,1,0,0.0,0
0.433,53,0,0.8846,3077.0,6,0,2,0,0.0,1
0.776,56,0,0.4677,,9,0,2,0,1.0,0
0.2205,38,0,0.7174,,6,0,2,0,2.0,0
0.0233,43,0,0.3644,5853.0,11,0,3,0,2.0,0
0.2015,46,0,0.2606,7437.0,11,0,1,0,1.0,0
0.166,43,0,0.1067,3397.0,6,0,0,0,1.0,0
0.5899,40,0,1.0952,,5,0,1,0,0.0,0
0.303,57,0,0.5338,13553.0,7,0,1,0,0.0,0
0.4287,43,0,0.591,11131.0,7,0,1,0,0.0,0
0.7909,54,0,0.5969,2478.0,7,0,0,0,0.0,0
1.2319,48,1,0.1935,7745.0,5,0,0,0,1.0,0
0.0059,49,0,0.7286,2722.0,6,0,1,0,2.0,0
0.6555,43,0,0.2823,3473.0,14,0,1,0,0.0,0
0.754,28,0,0.4609,,7,0,2,0,0.0,0
0.0142,44,0,0.581,12261.0,10,0,1,0,0.0,0
0.7285,48,0,0.6884,8863.0,9,0,0,0,0.0,0
0.0263,48,0,0.3911,,7,0,0,0,0.0,0
0.4805,38,0,0.3618,3803.0,9,0,0,0,0.0,0
0.3319,39,0,0.2712,6559.0,8,0,0,0,0.0,0
0.7748,62,0,0.6139,10808.0,7,0,0,0,0.0,0
0.2565,32,0,0.5295,,13,0,2,0,2.0,0
0.3982,64,0,1.09,,6,0,0,0,2.0,0
1.3481,36,0,0.3617,1870.0,13,0,1,0,1.0,0
0.1139,58,0,0.6652,,8,0,1,0,0.0,0
0.1198,53,0,0.5899,5997.0,7,0,1,0,4.0,0
0.6094,21,0,0.0661,3948.0,12,0,1,0,1.0,0
0.5339,80,1,0.6718,5352.0,9,1,1,0,0.0,0
0.7669,74,0,0.2749,8363.0,6,0,1,0,2.0,0
0.2262,30,0,0.2631,,10,0,3,0,0.0,0
0.4453,61,0,0.9782,2477.0,6,0,3,0,1.0,0
0.5021,43,0,0.0696,1424.0,8,0,0,0,0.0,0
0.6914,32,0,0.5393,3592.0,5,0,1,0,0.0,0
0.2411,36,0,0.7408,2409.0,6,0,0,0,1.0,0
4.7399,52,0,0.7392,,10,0,0,0,1.0,0
0.6504,49,0,0.5579,2224.0,6,0,0,0,1.0,0
2.0224,60,0,0.4056,1052.0,13,0,0,0,1.0,0
0.0026,58,0,0.7275,3318.0,3,0,1,0,1.0,0
0.389,59,0,0.4187,3314.0,7,0,0,0,0.0,0
0.3958,68,0,0.161,,11,0,0,0,1.0,0
0.2209,53,0,0.3794,,10,0,0,0,1.0,0
0.358,46,0,0.8022,5323.0,5,0,0,0,1.0,0
0.0076,54,0,0.3792,2622.0,8,0,1,0,1.0,0
0.3923,78,0,0.1969,9302.0,5,0,1,0,1.0,0
0.3641,53,0,0.4061,1848.0,4,0,0,0,3.0,0
4.4896,37,0,0.5998,2887.0,7,0,1,0,1.0,1
0.2324,46,0,0.3618,945.0,9,0,1,0,0.0,0
0.1989,44,0,0.056,6510.0,5,0,2,0,1.0,0
3.5165,64,0,0.7268,7621.0,5,0,1,0,0.0,0
0.292,40,0,0.5814,2506.0,7,0,1,0,,0
0.1285,54,0,0.0296,5045.0,8,0,0,0,0.0,0
1.4441,60,0,0.4068,4820.0,7,0,1,0,3.0,0
0.2765,70,0,0.2996,14548.0,2,0,1,0,1.0,0
0.1621,47,0,0.6591,17040.0,11,0,0,0,0.0,0
0.0872,64,0,0.3625,,9,0,1,0,2.0,0
0.2122,62,0,0.2512,3547.0,5,0,2,0,0.0,0
0.4093,34,0,0.2055,15022.0,8,0,0,0,1.0,0
4.5062,51,0,0.6857,15117.0,4,0,0,0,0.0,0
0.1903,52,0,0.6339,4003.0,8,0,1,0,0.0,0
0.0527,89,0,0.527,8559.0,7,0,4,0,,0
0.1121,65,0,0.3564,6842.0,7,0,0,0,1.0,0
0.245,61,0,0.4571,,12,0,1,0,1.0,0
0.1878,31,0,1.0339,5813.0,8,0,1,0,0.0,0
0.1721,46,0,0.6548,1462.0,5,0,1,0,0.0,0
0.211,24,0,0.844,,3,0,0,0,2.0,0
0.0552,24,0,0.4195,,6,0,1,0,1.0,0
0.117,51,0,0.1888,3184.0,9,0,1,0,0.0,0
0.3465,39,0,0.2627,4060.0,7,0,3,0,0.0,0
0.2473,48,0,0.1667,7012.0,5,0,3,0,1.0,0
0.0433,61,0,0.7596,5270.0,12,0,4,0,0.0,0
0.0599,37,0,0.427,1857.0,5,0,2,0,1.0,0
0.4949,56,0,0.2644,4823.0,11,0,1,0,1.0,0
0.7325,58,0,0.5299,4703.0,10,0,1,0,1.0,0
0.5287,58,0,0.8692,5879.0,8,0,1,0,0.0,0
0.0093,62,0,0.4353,8653.0,2,0,0,0,2.0,0
0.0674,58,0,0.4614,4922.0,6,0,0,0,1.0,0
5.4746,54,0,0.3136,9031.0,7,0,3,0,1.0,0
0.2423,41,0,0.0456,3923.0,8,0,0,0,2.0,0
0.0323,42,0,0.8865,3321.0,10,0,0,0,3.0,0
2.3806,21,0,0.248,,8,0,2,0,1.0,0
3.4872,73,0,0.4391,4637.0,11,0,0,0,2.0,0
0.7365,85,0,0.1633,1557.0,2,0,2,0,0.0,0
0.2144,46,0,0.7972,7386.0,4,0,1,0,3.0,0
0.3272,52,0,0.2557,8096.0,6,1,1,0,2.0,0
0.7203,64,0,0.679,10349.0,6,0,0,0,,0
0.0731,55,0,0.217,2207.0,10,0,2,0,1.0,0
0.209,50,0,0.3367,17668.0,7,0,1,0,1.0,0
3.2813,57,0,0.6245,2662.0,5,0,0,0,0.0,1
0.6084,79,0,0.2277,6694.0,8,0,0,0,0.0,0
0.3792,51,0,0.6692,,4,0,0,0,0.0,0
1.1012,57,0,0.8878,8335.0,14,0,1,0,2.0,0
1.3712,46,0,0.2188,4494.0,4,1,3,0,3.0,0
0.5431,52,0,0.2632,14323.0,13,0,0,0,1.0,0
0.5485,65,0,0.5559,3919.0,11,0,2,0,0.0,1
0.7408,51,0,0.9883,11202.0,9,0,1,0,2.0,0
1.0256,40,0,0.9039,6128.0,9,0,0,0,1.0,0
0.831,29,2,0.2007,,5,0,0,0,0.0,0
0.5004,39,0,0.2886,9261.0,9,0,1,0,0.0,0
1.104,73,0,0.7776,14009.0,10,0,1,0,0.0,0
0.5662,49,0,0.2484,3342.0,7,0,1,0,1.0,0
0.0612,27,0,0.5301,12813.0,8,0,1,0,1.0,0
0.7086,26,0,0.8427,3937.0,8,0,1,0,0.0,0
0.6201,58,0,0.3372,3406.0,9,0,2,0,0.0,0
0.3305,27,0,0.1784,4029.0,15,0,0,0,0.0,0
0.6155,32,0,0.2887,,10,0,3,1,0.0,0
1.8058,57,0,0.4366,6713.0,9,1,2,1,2.0,0
0.3029,71,0,0.802,7227.0,8,0,0,0,0.0,0
1.0591,63,0,0.1992,12334.0,10,0,4,0,1.0,0
0.155,32,0,0.4891,,6,0,1,0,0.0,0
0.0696,61,0,0.3627,8084.0,5,0,0,0,2.0,0
2.9003,69,0,0.8229,6569.0,8,0,0,0,0.0,0
0.4952,38,0,0.6163,,6,0,1,0,1.0,0
3.1642,58,0,0.1644,2965.0,5,0,1,0,1.0,0
0.4576,68,0,0.2435,5920.0,9,0,1,0,0.0,0
0.385,63,0,0.4875,5501.0,5,0,1,0,1.0,0
0.0969,26,0,0.0405,11633.0,10,0,2,0,,0
1.0381,41,0,0.3273,3532.0,8,0,2,0,0.0,0
0.1335,48,0,0.4829,9948.0,10,0,0,0,4.0,0
0.034,49,0,0.9953,9577.0,11,0,0,0,1.0,0
0.4618,48,0,1.0318,2985.0,7,0,1,0,0.0,0
0.5856,33,0,0.3626,,8,0,3,0,0.0,1
0.2869,42,0,0.7079,7195.0,9,0,0,0,0.0,0
0.1657,42,0,0.5596,,6,0,4,0,0.0,0
0.3141,54,0,0.7037,,8,0,1,0,1.0,0
0.3314,45,0,0.2166,7180.0,8,0,0,0,1.0,0
3.5634,49,0,1.1409,,10,0,1,0,1.0,1
3.7371,23,0,0.1569,6323.0,5,0,1,0,1.0,0
0.0994,62,0,0.4976,4683.0,11,0,1,0,1.0,0
0.5208,52,0,0.9066,,9,0,1,0,0.0,0
0.7413,59,0,0.4749,4242.0,7,0,0,0,0.0,1
0.4036,41,0,0.5474,8868.0,3,0,2,0,1.0,0
0.0464,51,0,0.2812,11427.0,7,0,0,0,0.0,0
0.1552,54,0,0.1089,20897.0,9,0,3,0,1.0,0
0.6601,47,0,0.4458,3884.0,8,0,1,0,0.0,0
0.5688,52,0,0.8003,,8,0,1,0,0.0,0
0.3216,63,0,0.5607,12463.0,12,0,0,0,0.0,0
0.2854,51,1,0.6097,,8,1,1,0,0.0,0
0.0673,63,0,0.4793,7438.0,11,0,0,0,0.0,0
0.3272,61,0,1.0161,,13,0,2,0,1.0,0
0.2373,30,2,0.2597,5872.0,6,0,2,0,0.0,0
5.6787,67,0,0.1795,15342.0,6,0,0,0,0.0,0
1.0615,49,0,1.0316,5034.0,9,0,0,0,2.0,1
0.5799,62,0,0.0229,,2,0,0,0,0.0,0
3.3592,54,0,0.5741,4584.0,11,0,1,0,1.0,1
0.8446,40,0,0.2013,5692.0,6,0,1,0,3.0,0
3.0421,21,0,0.6054,2780.0,8,0,2,0,1.0,0
0.218,88,0,0.329,,14,0,2,0,0.0,0
0.0642,41,0,0.4256,5683.0,13,0,2,0,,0
0.2133,47,1,0.3068,3388.0,2,2,1,0,0.0,0
0.4688,33,0,0.5852,7285.0,12,0,1,0,1.0,0
0.4249,37,0,0.4394,4395.0,7,0,1,0,1.0,0
0.1442,49,0,0.0281,7408.0,5,0,1,0,2.0,0
0.6744,39,0,0.2471,,10,0,1,0,0.0,0
0.4667,43,0,0.2124,,6,0,1,0,0.0,0
0.4106,49,0,0.7453,1746.0,6,0,0,0,0.0,0
0.7872,63,0,0.4819,9019.0,8,0,1,0,2.0,0
2.1852,56,0,0.5475,9491.0,6,0,0,0,1.0,0
0.4006,32,0,0.28,5346.0,8,0,0,0,1.0,0
0.0635,68,0,0.7576,2439.0,8,0,0,0,1.0,0
0.0965,41,0,0.8217,3345.0,7,0,1,0,0.0,0
6.3314,28,0,0.8701,1625.0,5,0,1,0,3.0,1
0.158,54,0,0.1486,4078.0,10,0,0,0,2.0,0
0.2417,44,0,0.6399,12822.0,9,0,0,0,0.0,0
0.9239,21,0,0.5531,4401.0,10,0,2,0,0.0,0
0.2324,45,1,0.7463,3890.0,7,0,4,2,4.0,0
2.1396,65,0,0.9143,6010.0,17,0,2,0,0.0,0
0.3986,52,0,0.4766,7246.0,4,0,3,0,0.0,0
0.0129,33,0,0.617,9034.0,7,0,2,0,2.0,0
0.0539,58,0,0.6602,,8,0,1,0,0.0,0
2.0433,60,0,0.3502,4142.0,11,0,1,0,3.0,0
3.2891,54,0,0.7796,5810.0,2,0,1,0,0.0,0
5.38,75,0,0.5958,,11,0,5,0,2.0,0
2.56,70,0,1.0949,6567.0,9,0,1,0,2.0,0
0.7202,62,0,0.5601,4542.0,8,0,0,0,1.0,0
0.1712,36,0,0.2956,6969.0,4,0,1,0,0.0,0
0.6878,58,0,0.7865,11553.0,6,0,1,0,2.0,0
0.7389,52,0,0.82,4210.0,7,0,0,0,,0
0.5081,46,0,0.1236,6854.0,8,0,0,0,1.0,0
0.032,48,0,0.5361,10045.0,8,0,1,0,0.0,0
0.4719,21,0,0.8234,,7,0,3,0,0.0,1
0.6053,54,0,0.5477,6535.0,4,0,1,0,2.0,0
0.0157,49,0,0.4572,,11,0,0,0,0.0,0
0.6248,27,0,0.4384,2384.0,9,0,1,0,2.0,0
0.0309,40,0,0.1448,3465.0,9,0,2,0,,0
0.2269,21,0,0.176,7382.0,9,0,1,0,3.0,0
4.2936,67,0,0.5839,3131.0,5,0,1,0,0.0,0
0.0929,81,0,0.4831,12251.0,9,0,0,0,1.0,1
0.6866,53,0,0.8952,,12,0,0,0,1.0,0
0.5867,52,0,0.3481,1374.0,10,0,1,0,1.0,0
2.2186,33,0,0.3935,6463.0,7,0,3,0,0.0,0
1.1756,63,0,0.3325,5753.0,8,0,0,0,0.0,0
0.721,36,0,0.4183,3211.0,4,0,1,0,0.0,0
1.3024,41,0,0.1856,,7,0,1,0,1.0,0
0.1213,22,0,0.3143,11224.0,11,0,1,0,0.0,0
0.0049,52,0,0.8143,6761.0,4,0,2,0,0.0,0
4.2151,38,0,0.1703,2777.0,3,0,1,0,0.0,0
0.0212,21,3,0.7579,,13,0,0,0,0.0,0
0.1429,32,0,1.1792,7850.0,8,0,2,0,4.0,0
0.4778,77,0,0.645,2789.0,11,0,1,0,2.0,0
0.571,64,0,0.4738,,9,0,1,0,0.0,0
0.0332,63,0,0.8737,6481.0,3,0,2,0,3.0,0
1.7309,22,0,0.2829,2539.0,7,0,0,0,2.0,0
0.2985,55,0,0.6782,7176.0,9,0,3,0,2.0,0
0.1643,60,0,1.048,9986.0,10,0,0,0,1.0,0
0.5102,64,0,0.4082,5716.0,7,0,1,0,2.0,0
0.1668,50,0,0.4093,7690.0,9,0,2,0,0.0,0
0.1217,53,0,0.3467,6139.0,12,0,0,0,1.0,0
0.2743,55,0,0.687,10572.0,5,0,0,0,1.0,0
0.7867,67,0,0.191,4462.0,7,0,3,0,0.0,0
1.6918,43,0,0.4201,4163.0,10,0,0,0,1.0,0
0.0427,54,0,0.0491,6698.0,6,0,2,0,0.0,0
1.5262,80,0,0.2045,,3,0,0,0,0.0,0
0.2284,54,0,0.6277,3659.0,6,0,1,0,3.0,0
1.464,51,0,0.889,11601.0,9,0,0,0,2.0,0
0.4795,78,0,0.233,8167.0,8,0,3,0,1.0,0
0.3805,52,0,0.1979,7645.0,8,0,1,0,0.0,0
0.3512,68,0,0.5077,5494.0,11,0,0,0,0.0,0
0.0083,72,0,0.5289,,4,0,1,0,1.0,0
0.2525,46,0,1.0771,,8,0,0,0,0.0,0
0.4314,58,0,0.2497,7719.0,8,0,0,0,0.0,0
0.491,51,0,0.1078,11835.0,7,0,2,0,0.0,0
0.1856,36,0,0.5846,2878.0,7,0,1,0,0.0,0
0.4525,37,0,0.9439,3848.0,2,0,0,0,0.0,0
0.1734,61,0,0.691,2689.0,9,0,0,0,1.0,0
0.3145,61,0,0.756,,9,0,0,0,0.0,0
2.0583,60,0,0.2298,2391.0,11,0,0,0,2.0,0
0.3409,50,0,0.5638,5121.0,6,0,0,0,,0
0.4023,37,0,0.8086,6132.0,5,0,2,0,0.0,0
0.3516,80,0,0.0749,4036.0,14,0,0,0,0.0,0
0.2459,40,0,0.2671,,9,0,1,0,3.0,0
0.2327,57,0,1.1576,7305.0,6,0,0,0,0.0,0
0.531,42,0,0.5191,1083.0,9,0,1,0,1.0,0
0.1918,45,0,1.1196,,10,0,1,0,,0
0.2963,44,0,0.4773,,8,0,0,0,0.0,0
0.6574,52,0,0.2947,2252.0,13,0,0,0,1.0,0
0.5844,58,0,0.3415,4851.0,6,0,2,0,,0
2.7087,62,2,0.5928,4111.0,4,0,1,1,2.0,0
0.2817,31,0,0.5592,3724.0,5,0,1,0,0.0,0
0.9017,31,0,0.5683,5373.0,10,0,0,0,0.0,0
0.2532,45,0,0.8182,5152.0,9,0,1,0,1.0,0
0.1164,50,0,0.649,6089.0,9,0,2,0,,0
0.361,40,0,0.2388,7743.0,4,0,0,0,3.0,0
0.4168,56,0,0.3354,2445.0,7,0,0,0,3.0,0
0.1521,50,0,0.1666,8653.0,11,0,2,0,2.0,0
0.649,40,0,0.7241,5382.0,8,0,1,0,0.0,0
0.3572,64,0,0.7461,11366.0,11,0,1,0,1.0,0
0.1676,58,0,0.4767,11343.0,11,0,1,0,0.0,0
0.1561,56,0,0.8866,10296.0,9,0,2,0,1.0,0
0.6539,47,0,0.183,,5,0,0,0,0.0,0
0.3575,42,0,0.4614,3834.0,6,0,0,0,1.0,0
1.184,67,1,0.188,4039.0,9,0,1,1,1.0,0
0.3183,52,3,0.2455,5442.0,10,0,0,0,1.0,0
0.0261,34,0,0.524,2680.0,6,0,1,0,0.0,0
0.4789,62,0,0.168,12325.0,4,0,2,0,0.0,0
0.553,81,0,0.1893,3943.0,5,0,0,0,2.0,0
0.3326,41,0,0.3452,,8,0,1,0,0.0,0
0.2243,52,0,1.0363,3830.0,13,0,0,0,0.0,0
0.8081,50,0,0.403,,8,0,0,0,1.0,0
0.555,61,0,0.3916,6780.0,10,0,1,0,1.0,0
0.1448,51,0,0.2231,4599.0,8,0,0,0,0.0,0
0.3395,44,0,0.2038,5741.0,5,0,0,0,1.0,0
0.0587,61,0,0.3427,3813.0,9,0,1,0,,0
1.6401,58,0,0.3119,5541.0,4,0,0,0,1.0,0
0.5549,70,2,0.316,4996.0,9,0,0,0,1.0,0
0.9177,70,0,0.068,,6,0,1,0,1.0,1
6.7105,49,0,0.7977,,4,0,3,0,,1
0.3714,64,0,0.6401,4052.0,6,0,0,0,1.0,0
0.0046,63,0,0.3891,5136.0,6,0,2,0,4.0,0
1.2969,68,0,0.4627,,7,0,2,0,0.0,0
0.5994,54,0,0.5966,2028.0,4,0,1,0,0.0,0
0.18,30,0,0.5253,10305.0,6,0,0,0,1.0,0
0.6268,36,0,0.4664,10489.0,9,0,2,0,0.0,0
0.5127,44,0,0.2965,4303.0,7,0,1,0,,0
0.8518,43,0,0.3273,11424.0,8,0,0,0,1.0,0
0.3532,62,0,0.3683,2545.0,7,0,0,0,2.0,0
0.3874,57,0,0.1127,,8,0,4,0,1.0,0
2.377,55,0,0.3857,5829.0,14,0,1,0,1.0,0
4.7426,54,0,1.1104,,7,0,1,0,0.0,1
0.1608,43,0,0.8405,11269.0,9,0,1,0,2.0,0
0.5298,77,0,0.3425,10258.0,11,0,1,0,0.0,0
0.4896,55,0,0.4294,3571.0,8,0,1,0,0.0,0
0.5874,54,0,0.6636,5233.0,9,0,0,0,0.0,0
0.4545,51,0,0.1606,1279.0,11,0,1,0,1.0,1
0.2027,33,0,0.3806,6556.0,9,0,1,0,1.0,0
0.7682,69,0,0.5135,3586.0,12,0,0,0,0.0,0
0.3465,61,0,0.312,5468.0,7,0,2,0,1.0,0
0.1997,81,0,1.3628,,10,0,0,0,0.0,0
0.1431,62,0,0.5787,15008.0,10,0,2,0,1.0,0
0.2071,62,0,0.674,,12,0,4,0,1.0,0
0.5328,45,0,0.7588,5714.0,9,0,1,0,0.0,0
0.2304,57,1,0.7238,3781.0,9,0,0,0,0.0,0
1.9731,60,0,0.3622,,13,0,2,0,1.0,0
0.2857,25,0,0.5591,,6,0,0,0,3.0,0
4.2191,78,0,0.2657,7270.0,7,0,1,0,1.0,0
0.2338,59,0,0.291,3906.0,8,0,1,0,0.0,0
0.1158,69,0,0.7331,11302.0,14,0,1,0,0.0,0
0.2096,68,0,0.6983,13264.0,5,0,1,0,0.0,0
1.3508,38,0,0.6917,5008.0,9,0,1,0,0.0,0
0.5113,42,0,0.2781,6196.0,5,0,1,0,0.0,0
0.7272,50,0,0.8679,3220.0,7,0,0,0,1.0,0
0.2757,48,0,0.492,4237.0,3,0,0,0,2.0,0
2.26,56,1,1.1782,8996.0,17,0,1,0,0.0,0
0.2646,66,0,0.544,,6,0,1,0,0.0,0
6.2904,28,0,0.2858,5865.0,4,0,2,0,0.0,1
0.7387,48,0,0.8067,6183.0,8,0,0,0,2.0,0
0.0676,65,0,0.1644,2444.0,7,0,0,0,0.0,0
0.6451,30,0,1.3689,,11,0,0,0,1.0,1
0.3068,60,0,0.63,3625.0,7,0,0,1,3.0,0
0.0768,67,0,0.9148,3192.0,6,0,2,0,0.0,0
0.2466,38,0,0.0764,3080.0,7,0,0,0,0.0,0
0.1141,56,0,0.3041,3158.0,4,0,2,0,2.0,0
0.2818,62,0,0.4064,6779.0,8,0,1,0,0.0,0
0.3307,59,0,0.2958,2479.0,6,0,0,0,,0
2.142,63,0,0.7963,3262.0,5,0,0,0,3.0,1
4.0164,57,0,0.5614,3078.0,7,0,1,0,1.0,0
0.4558,56,0,0.3847,10768.0,6,0,0,0,1.0,0
0.021,56,0,0.7491,5145.0,12,0,4,0,0.0,0
0.4306,66,0,0.3519,,8,0,1,0,1.0,0
0.483,44,0,0.0743,11128.0,6,0,1,0,3.0,0
1.8392,63,0,0.8598,,11,0,0,0,1.0,0
0.2781,34,0,0.5877,9670.0,10,0,1,0,0.0,0
0.62,33,0,0.5834,12700.0,12,0,2,0,0.0,0
0.196,21,0,0.3828,2365.0,5,0,0,0,0.0,0
0.1585,44,0,0.6701,,6,0,1,0,1.0,0
0.6058,39,0,0.7519,5952.0,6,0,3,1,1.0,0
0.4004,49,0,0.6055,7024.0,3,0,0,0,0.0,0
0.0484,54,0,0.4864,7899.0,10,0,1,0,0.0,0
0.1718,42,0,1.1929,2714.0,5,0,1,0,2.0,0
0.1538,63,0,0.3183,3172.0,10,1,0,0,1.0,0
0.3324,59,0,1.4466,2335.0,5,0,1,0,3.0,0
0.0241,36,0,0.2549,12038.0,10,0,3,0,1.0,0
1.7742,23,0,0.6742,5022.0,12,0,0,0,0.0,0
0.7486,51,0,0.7006,,10,0,0,0,1.0,0
0.0607,38,0,0.5161,6707.0,9,0,1,0,,0
7.369,66,3,0.239,13448.0,7,0,2,2,0.0,0
0.4473,60,0,0.6571,1597.0,8,0,4,0,0.0,0
4.6166,44,0,0.3773,11714.0,6,0,1,0,0.0,0
0.2326,57,0,0.6865,5330.0,8,0,2,0,1.0,0
0.5978,54,0,0.2716,,6,0,2,0,2.0,0
0.4676,66,0,0.1174,10406.0,10,0,1,0,3.0,0
0.0731,42,0,0.7795,4649.0,4,0,0,0,1.0,0
0.1938,89,0,0.6401,22736.0,11,0,2,0,0.0,0
0.0715,60,0,0.9944,5609.0,7,0,0,0,0.0,0
0.5686,54,0,0.3934,6906.0,10,0,0,0,0.0,0
0.7246,60,0,0.7513,6842.0,10,0,0,0,1.0,0
0.2151,46,0,0.6341,11848.0,11,0,1,0,0.0,0
0.591,50,0,0.2818,3339.0,8,0,1,0,1.0,0
8.6,39,0,0.1908,7402.0,11,0,0,0,1.0,0
0.0714,66,0,0.183,20825.0,9,0,0,0,1.0,0
0.8907,49,0,0.0742,1803.0,12,0,3,0,0.0,0
0.599,51,0,0.5705,7255.0,3,0,0,0,0.0,0
3.3049,48,0,0.6089,7664.0,4,0,1,0,2.0,0
0.3653,49,1,0.5515,,7,0,1,0,1.0,0
0.2216,42,0,0.8372,7386.0,8,0,0,0,1.0,0
0.1306,49,0,0.9312,4573.0,12,0,1,0,1.0,0
0.0983,21,0,0.6302,,5,0,1,0,2.0,0
0.0832,69,0,0.7337,,5,0,0,0,1.0,0
0.0062,48,0,0.6684,8042.0,6,0,0,0,2.0,0
2.1387,44,0,0.3029,,9,0,0,0,1.0,0
3.1208,66,0,0.4892,6015.0,10,0,3,0,0.0,0
0.7533,77,0,0.7849,2579.0,16,0,1,0,0.0,1
0.3285,33,0,1.239,5301.0,4,0,0,0,0.0,0
0.2148,70,0,1.0952,9633.0,6,0,2,0,0.0,0
2.3192,35,0,0.2692,,7,0,1,0,3.0,0
0.7774,54,0,0.2387,,6,0,1,0,2.0,0
0.6122,73,0,0.4369,6384.0,8,0,2,0,0.0,0
1.2091,38,0,0.0894,4821.0,7,0,1,0,2.0,0
0.6008,40,0,0.2724,,11,0,1,0,0.0,0
0.5602,70,0,0.2439,11752.0,6,0,0,0,0.0,0
0.8552,21,0,1.5767,8630.0,11,0,2,0,1.0,0
0.0693,72,0,0.1837,6286.0,13,0,2,0,1.0,0
0.0272,33,0,0.8122,14034.0,9,0,2,0,1.0,0
0.4885,57,0,0.5699,,6,0,0,0,0.0,0
0.262,33,0,0.4868,3648.0,8,0,0,0,0.0,0
0.1635,51,0,0.3118,,4,0,1,0,,0
0.2234,43,0,0.5431,12032.0,7,0,0,0,1.0,0
2.2292,45,0,1.0537,11839.0,6,0,1,0,1.0,0
0.1706,40,2,0.2289,4167.0,9,0,3,0,2.0,0
0.2192,56,0,0.1632,3341.0,8,0,1,0,0.0,0
0.7812,45,0,0.4651,,8,0,0,0,0.0,0
2.5174,60,0,0.4394,7648.0,5,0,2,0,2.0,0
0.3058,56,0,0.3426,8594.0,10,0,0,0,0.0,0
0.396,51,0,0.1385,8822.0,8,0,2,0,3.0,0
0.0274,59,0,0.8373,,8,0,0,0,1.0,0
0.1413,53,0,0.1103,5082.0,8,0,1,0,0.0,0
2.4028,24,0,0.887,1486.0,7,0,1,0,2.0,1
0.6109,57,0,0.748,4275.0,4,0,0,0,0.0,1
0.001,45,0,0.4371,,4,0,1,0,2.0,0
1.8768,38,0,0.9128,4113.0,10,0,2,0,2.0,1
0.6021,35,2,0.1963,7401.0,10,1,1,0,0.0,0
0.5143,40,0,1.0914,3264.0,3,0,1,0,0.0,0
0.2925,60,1,0.2559,,5,0,1,0,1.0,0
0.2638,24,0,0.255,10716.0,10,0,2,0,2.0,0
0.2025,60,0,0.5268,,8,0,0,0,1.0,0
0.136,33,0,0.6705,,5,0,1,0,1.0,0
0.3459,52,0,0.7098,2991.0,6,0,1,0,2.0,0
0.2323,78,0,0.2912,2595.0,6,0,0,0,0.0,0
0.7305,57,0,0.8807,,3,0,1,0,0.0,0
0.3456,44,0,0.3316,10615.0,6,0,0,0,1.0,0
0.4861,28,0,0.3131,6542.0,10,0,0,0,2.0,0
0.9519,56,0,0.6402,,9,0,0,0,1.0,1
0.1816,41,0,0.508,10774.0,11,0,0,0,0.0,0
0.3415,42,0,0.3544,3461.0,12,0,0,0,2.0,0
0.4014,82,0,0.2788,,9,0,1,0,1.0,0
0.5676,51,0,0.6695,5316.0,9,0,2,0,2.0,0
0.0461,38,0,0.3827,6041.0,10,0,0,0,0.0,0
0.2108,48,0,0.5345,4810.0,6,0,1,0,0.0,0
0.7344,39,0,0.0523,2737.0,10,0,0,0,1.0,0
0.0121,48,0,0.3703,8422.0,7,0,3,0,,0
0.7535,44,0,0.4083,4049.0,12,0,1,0,2.0,0
0.0464,55,0,0.7363,,10,0,1,0,1.0,0
0.2742,46,0,0.5524,3390.0,9,0,2,0,2.0,0
1.0026,72,0,1.0662,5618.0,5,0,1,0,0.0,0
0.4019,67,0,1.15,3024.0,7,0,2,0,1.0,0
3.4206,40,0,0.5836,2357.0,9,0,1,0,1.0,0
0.2784,44,0,0.8754,,8,0,0,0,0.0,0
0.2025,39,0,0.1584,7420.0,5,0,0,0,0.0,0
0.4982,53,0,0.5005,4605.0,4,0,0,0,0.0,0
0.3266,63,0,0.3413,2702.0,10,0,1,0,1.0,0
1.0921,49,0,0.887,4739.0,8,0,2,0,0.0,0
2.0189,71,0,0.1747,10330.0,8,0,2,0,1.0,0
0.1634,62,0,0.4262,8590.0,10,0,0,0,3.0,0
0.772,62,0,0.3636,10808.0,10,0,1,0,1.0,0
0.2525,71,0,0.2458,,2,0,1,0,0.0,0
0.2291,55,0,0.095,,5,0,2,0,0.0,0
3.3387,58,0,0.6504,6039.0,7,0,0,0,2.0,0
0.7709,57,0,0.219,13136.0,8,0,1,0,0.0,0
0.2908,51,0,1.1343,12709.0,9,0,1,0,2.0,0
0.1595,42,0,0.3218,7232.0,1,0,1,0,3.0,0
0.3056,66,0,0.3067,9977.0,6,0,1,0,2.0,0
4.6078,44,0,0.3321,2696.0,5,0,1,0,1.0,0
0.0964,50,0,0.3332,6724.0,9,0,3,0,3.0,0
0.1055,68,0,0.2585,2486.0,8,0,4,0,,0
1.4917,78,0,0.9223,6040.0,10,0,0,0,3.0,0
0.9344,77,2,0.5264,4942.0,5,0,1,0,0.0,0
0.6742,62,0,0.7955,1937.0,13,0,0,0,0.0,0
0.3684,56,0,0.9782,1019.0,9,0,0,0,1.0,0
0.4724,66,0,0.7873,11155.0,12,0,2,0,1.0,0
0.2906,43,0,0.3029,3526.0,7,0,1,0,0.0,0
0.4834,52,0,0.4877,,8,0,2,0,2.0,1
7.8905,77,0,0.2986,2094.0,13,0,1,0,3.0,0
0.5507,54,0,0.7034,8185.0,7,0,1,0,0.0,0
0.1956,53,0,0.1034,7487.0,6,0,1,0,4.0,0
0.0686,51,0,0.8677,8855.0,11,0,2,0,0.0,0
0.7886,73,0,0.4363,,7,0,4,0,2.0,0
0.1107,56,0,0.5357,9995.0,7,0,1,0,0.0,0
0.4133,41,0,0.2583,6822.0,9,0,2,0,0.0,0
0.3645,46,0,0.335,10821.0,6,0,1,0,0.0,1
0.5344,54,0,0.7024,5592.0,4,0,1,0,0.0,0
0.6859,36,0,0.1446,2509.0,8,0,2,0,1.0,0
3.7618,51,1,0.0977,3232.0,5,0,1,1,2.0,0
2.0166,44,0,0.3788,4243.0,10,0,3,0,0.0,0
0.0843,33,0,0.9465,9077.0,8,0,0,0,0.0,0
0.0322,56,0,0.6397,3291.0,5,0,0,0,2.0,0
3.2667,63,0,0.2906,6278.0,11,0,0,0,2.0,0
0.3,68,0,1.0473,6905.0,6,0,2,0,3.0,0
0.2164,52,0,1.0795,,13,0,0,0,2.0,0
0.1231,46,0,0.6674,3240.0,6,0,2,0,,0
0.6352,49,0,0.9941,,13,0,2,0,1.0,1
0.3872,76,0,0.2964,2346.0,8,0,0,0,5.0,0
0.3257,39,0,0.4687,13556.0,7,0,0,0,1.0,0
0.6519,51,0,0.2093,7717.0,9,0,1,0,3.0,0
0.3656,42,0,0.2591,2974.0,5,0,1,0,2.0,0
0.8863,65,1,0.2186,3771.0,6,0,0,0,0.0,0
0.8912,45,1,0.8184,,8,0,2,0,1.0,0
0.231,29,0,0.1992,,7,0,0,0,1.0,0
0.3608,46,0,0.1849,,8,0,1,0,4.0,0
0.8455,55,0,0.2471,4754.0,6,0,1,0,1.0,0
0.3364,64,0,0.5064,,10,0,1,0,0.0,0
0.8685,67,0,0.4546,6314.0,8,0,4,0,,0
2.9169,40,0,0.2047,14188.0,6,0,2,0,0.0,0
0.3405,46,0,0.6498,66102.0,7,0,2,0,0.0,0
0.2933,51,0,0.2343,2509.0,10,0,1,0,0.0,0
0.1719,50,0,0.0852,,8,0,1,0,0.0,0
0.4243,29,0,0.2209,3881.0,3,0,2,0,1.0,0
0.4021,50,0,0.651,5231.0,6,0,0,0,1.0,0
0.1835,41,0,0.3989,2198.0,14,0,1,0,,0
0.7427,61,0,0.3692,32173.0,5,0,0,0,0.0,0
0.3161,75,0,0.1497,8721.0,9,0,0,0,0.0,0
0.439,60,0,0.8579,2361.0,5,0,0,0,1.0,0
0.3709,46,0,0.105,8582.0,6,0,1,0,3.0,0
0.6379,50,0,0.5712,1808.0,4,0,0,0,0.0,1
0.2858,74,0,0.6189,,6,0,0,0,0.0,0
2.3901,29,0,0.7825,4481.0,3,0,1,0,1.0,1
0.7141,55,0,0.3585,4963.0,5,0,1,0,0.0,0
0.7069,62,0,0.6632,,8,0,1,0,0.0,0
1.3151,69,0,0.7357,2323.0,14,0,2,0,1.0,0
0.6355,25,0,0.5227,1368.0,7,0,1,0,0.0,1
0.0247,40,0,0.158,1805.0,8,0,1,0,1.0,0
0.8401,46,0,0.5064,3600.0,5,0,0,0,2.0,0
0.0512,49,0,0.8585,6176.0,10,0,0,0,1.0,0
0.3044,44,0,0.4422,6847.0,7,0,1,0,0.0,0
0.3887,47,0,0.2125,12280.0,8,0,0,0,0.0,0
0.0932,49,0,0.4788,3908.0,7,0,0,0,1.0,0
2.3792,50,0,0.3868,8391.0,9,0,1,0,2.0,0
0.0787,49,0,0.0646,7892.0,10,0,2,0,2.0,0
0.0103,59,0,0.0948,,5,0,4,0,1.0,0
2.3571,68,0,0.527,,8,0,0,0,0.0,0
0.0862,75,1,0.4835,2660.0,10,0,4,0,1.0,0
0.1359,49,0,0.8701,,11,0,0,0,2.0,0
0.7661,68,0,0.4268,16205.0,6,0,1,0,2.0,0
1.0656,55,0,0.6111,7512.0,8,0,1,0,1.0,0
0.2047,36,0,0.7836,,7,0,1,0,1.0,0
0.2504,41,0,0.9767,6936.0,10,0,0,0,0.0,0
0.086,66,0,0.461,2361.0,5,0,0,0,0.0,0
0.5951,63,2,0.7865,3220.0,10,2,0,0,1.0,0
0.0881,69,0,0.4778,4375.0,8,0,2,0,0.0,0
0.8841,55,0,0.1205,4610.0,8,0,0,0,0.0,0
0.7878,35,0,0.192,7959.0,5,0,0,0,0.0,1
1.1664,78,1,1.0267,4354.0,6,0,1,0,1.0,0
0.0371,53,0,0.5025,3634.0,6,0,1,0,1.0,0
0.7218,46,0,0.1559,4061.0,8,0,2,0,0.0,0
2.6793,36,0,0.6296,4461.0,10,0,0,0,2.0,0
1.2513,41,0,0.162,8477.0,9,0,1,0,0.0,0
0.1462,61,0,0.6448,11083.0,4,0,1,0,0.0,0
0.0659,51,0,0.1134,4840.0,6,0,3,0,0.0,0
0.3368,26,0,1.0655,5709.0,11,0,0,0,0.0,0
0.5908,43,0,0.6443,1466.0,5,0,2,0,0.0,0
0.475,39,0,0.2438,6640.0,6,0,0,0,0.0,0
0.258,42,0,0.2177,3579.0,8,0,1,0,1.0,0
0.4523,54,0,0.2606,8680.0,12,1,1,0,2.0,0
3.7155,28,0,0.4302,5413.0,7,0,1,0,0.0,0
0.3083,53,0,1.0115,,3,0,1,0,1.0,0
0.2806,85,0,0.4276,3080.0,5,0,1,0,0.0,0
0.5482,41,0,0.2293,13635.0,11,0,1,0,1.0,0
0.5627,70,0,0.1181,11982.0,5,0,1,0,1.0,0
0.2946,44,0,0.2538,,8,0,2,0,1.0,0
0.2675,34,0,0.9209,4814.0,6,0,1,0,1.0,0
0.1389,21,0,0.2934,4366.0,7,0,0,0,1.0,0
0.4379,67,1,0.3261,7787.0,9,0,2,1,0.0,0
0.3201,56,0,0.4434,6800.0,13,0,2,0,1.0,0
5.7367,21,0,0.7546,8305.0,7,0,1,0,1.0,0
0.4998,52,0,0.2639,6490.0,5,0,0,0,5.0,0
1.1308,30,0,0.3028,11126.0,9,0,1,0,1.0,0
4.0786,83,1,0.8136,3540.0,9,0,0,3,0.0,0
0.2302,52,0,0.3857,,4,0,1,0,1.0,0
0.4966,46,0,0.1777,4953.0,8,0,0,0,0.0,0
3.7231,46,1,0.5163,6283.0,9,3,1,1,0.0,0
0.0771,57,0,0.6115,7972.0,10,0,0,0,1.0,0
0.3581,46,0,0.4298,3028.0,10,0,0,0,1.0,0
0.6298,36,2,0.6458,7138.0,9,0,0,2,0.0,0
0.0101,59,0,0.7125,4524.0,5,0,1,0,1.0,0
0.2236,39,0,0.2391,6887.0,5,0,2,0,1.0,0
0.0056,65,0,0.2567,7051.0,10,0,5,0,1.0,0
0.2825,70,1,0.0744,10363.0,8,2,0,0,0.0,1
0.624,47,0,0.7298,5933.0,5,0,2,0,2.0,0
1.2615,28,0,0.1227,6146.0,10,0,0,0,1.0,0
0.0119,48,0,0.2413,17335.0,7,0,0,0,1.0,0
0.4554,51,0,0.3854,617.0,8,0,1,0,0.0,0
0.347,32,0,0.1078,9895.0,11,0,0,0,,0
0.0138,23,0,0.7123,1698.0,15,0,1,0,0.0,0
0.3558,23,0,1.0068,1937.0,5,0,2,0,0.0,0
0.4124,68,0,0.3263,10116.0,6,0,0,0,1.0,0
0.3552,63,0,0.2134,13281.0,13,0,0,0,0.0,0
0.0493,33,0,0.2435,7435.0,3,0,1,0,0.0,0
0.4354,67,0,0.5265,7890.0,12,0,1,0,0.0,0
0.7408,55,0,0.8036,8487.0,1,0,0,0,0.0,0
0.5297,57,0,1.3279,2517.0,8,0,0,0,2.0,1
0.9303,21,0,1.0568,,11,0,0,0,,1
0.0282,41,0,0.7096,3446.0,12,0,1,0,0.0,0
0.2926,67,0,0.1836,,6,0,1,0,1.0,0
0.6548,21,0,0.5795,4040.0,7,0,1,0,0.0,1
0.4438,75,2,0.6987,2785.0,6,0,0,0,0.0,0
0.3068,61,0,0.2582,3067.0,9,0,2,0,2.0,0
0.346,48,0,0.3031,,7,0,2,0,1.0,0
0.4145,37,0,0.5528,5924.0,15,0,2,0,0.0,0
2.6011,63,0,0.8498,7884.0,6,0,0,0,1.0,0
0.2681,56,0,0.0945,7614.0,5,0,1,0,0.0,0
0.0726,47,0,0.4835,2242.0,10,0,0,0,2.0,0
0.1163,59,0,0.1328,2569.0,9,0,0,0,2.0,0
1.0362,36,0,1.0051,11158.0,2,0,0,0,0.0,0
0.4974,43,0,0.3566,,8,0,1,0,0.0,0
0.8644,47,0,0.4587,2552.0,10,0,0,0,1.0,0
3.6086,43,0,0.227,4219.0,7,0,0,0,0.0,0
0.8938,53,0,0.2844,,11,0,0,0,0.0,0
0.4247,49,0,0.4524,1754.0,11,0,1,0,0.0,0
0.1131,60,0,0.7506,3654.0,2,0,0,0,2.0,0
0.9509,57,0,0.4996,2915.0,11,0,0,0,0.0,1
0.0437,67,0,0.351,6394.0,10,0,0,0,1.0,0
0.0095,29,0,0.9612,4585.0,6,0,2,0,1.0,0
1.0723,67,0,0.1169,4334.0,12,0,0,0,2.0,0
0.5873,44,0,0.4259,3428.0,4,0,2,0,0.0,0
0.5238,41,2,0.3843,,6,0,1,0,3.0,0
0.5603,40,0,0.2737,6558.0,4,0,2,0,2.0,0
0.0936,39,0,0.2226,10351.0,12,0,0,0,1.0,0
3.9399,42,0,0.3585,6437.0,7,0,1,0,0.0,0
0.9684,56,0,0.7813,3957.0,10,0,0,0,3.0,0
0.5646,72,0,0.7687,4464.0,11,0,0,0,1.0,0
0.2573,57,0,0.5407,,7,0,1,0,1.0,0
0.5284,40,0,0.8192,2804.0,8,0,0,0,0.0,1
0.033,32,0,0.1892,1679.0,5,0,1,0,0.0,0
0.3423,46,3,0.4026,12971.0,9,0,2,0,0.0,0
0.2493,49,0,0.7261,6821.0,12,0,0,0,0.0,0
0.2063,41,0,0.2805,7102.0,7,0,2,0,0.0,0
2.2278,49,0,0.4992,3925.0,8,0,1,0,0.0,0
2.956,48,1,0.4698,2932.0,8,0,2,0,0.0,0
2.2672,71,0,0.1476,3695.0,6,0,0,0,0.0,1
1.286,29,0,0.8677,3896.0,8,0,1,0,0.0,0
0.0903,52,0,0.6888,9648.0,14,0,1,0,2.0,0
0.0258,49,0,0.504,6850.0,9,0,1,0,0.0,0
0.2432,57,0,0.3277,7448.0,9,0,1,0,2.0,0
0.7442,58,0,0.9026,,12,0,0,0,0.0,0
0.0581,70,0,0.5937,3177.0,8,0,3,0,0.0,0
2.1131,51,0,0.2271,,10,0,3,0,0.0,0
0.5525,46,0,0.4819,12907.0,10,0,1,0,1.0,0
0.7795,57,0,0.476,4422.0,9,0,3,0,1.0,0
0.4181,24,0,0.5503,2748.0,8,0,0,0,1.0,1
0.0778,52,0,0.8084,,7,0,0,0,1.0,0
0.5012,56,0,0.3784,,10,0,0,0,1.0,0
0.489,53,0,0.7714,3866.0,9,0,0,0,0.0,0
0.2469,45,0,0.1681,,3,0,1,0,1.0,0
0.2556,56,0,0.605,16108.0,7,0,0,0,0.0,0
0.0027,55,0,0.2651,5973.0,9,0,2,0,2.0,0
0.2119,60,0,0.4399,4378.0,5,0,0,0,0.0,0
0.9598,59,0,0.1,2798.0,9,0,0,0,0.0,0
0.8041,55,0,0.2807,7945.0,11,0,1,0,1.0,0
0.3962,53,0,0.2787,6048.0,8,0,2,0,0.0,0
1.9455,46,0,0.6208,6153.0,5,0,1,0,1.0,0
0.1851,59,0,1.0569,2765.0,7,0,2,0,1.0,0
1.9248,79,0,0.6231,5272.0,8,0,3,0,0.0,0
0.4705,66,0,0.6119,2245.0,6,0,2,0,2.0,0
0.7537,46,0,0.5727,1216.0,6,0,1,0,,0
0.6863,37,1,0.1127,4589.0,11,1,0,0,0.0,0
0.5711,57,0,0.2373,,10,0,1,0,1.0,0
0.4194,65,0,0.5937,20398.0,6,0,0,0,0.0,0
0.0971,48,0,0.1622,10044.0,8,0,2,0,2.0,0
1.1865,49,0,0.8688,4496.0,11,0,2,0,0.0,1
0.9867,46,0,0.7869,,9,0,0,0,1.0,1
0.5227,81,0,0.933,,10,0,2,0,0.0,1
0.8928,54,0,0.6383,20087.0,4,0,1,0,0.0,0
0.1641,62,0,0.9901,5674.0,8,0,1,0,0.0,0
0.2862,37,0,0.6241,4547.0,10,0,0,0,0.0,0
3.5088,48,0,0.7927,,8,0,1,0,0.0,1
0.444,82,0,0.7597,23648.0,7,0,1,0,1.0,0
0.3838,51,0,0.9762,6012.0,6,0,0,0,0.0,0
0.9072,62,0,0.5513,,3,0,0,0,0.0,0
2.8826,35,0,0.3242,8322.0,6,0,0,0,1.0,0
2.4733,52,0,0.6901,5387.0,8,0,1,0,,0
0.6972,24,0,0.8108,7818.0,6,0,3,0,1.0,0
0.5554,45,1,0.0857,5151.0,6,2,0,1,1.0,0
0.0712,52,0,0.4316,2288.0,5,0,1,0,2.0,0
0.0602,66,0,0.5422,9162.0,7,0,1,0,0.0,0
0.1906,50,0,0.9895,4515.0,7,0,1,0,0.0,0
0.916,51,0,0.6095,4843.0,11,0,2,0,,0
1.5587,39,0,0.2372,7134.0,7,0,3,0,0.0,0
0.4123,50,0,0.4806,6138.0,5,0,3,0,3.0,0
0.7888,62,0,0.1891,9453.0,3,0,2,0,0.0,0
0.5132,21,0,0.0753,,6,0,1,0,0.0,1
0.7383,64,0,0.5065,,9,0,0,0,1.0,0
0.8076,47,0,0.3662,,7,0,2,0,0.0,0
0.3964,49,0,0.4042,,8,0,1,0,0.0,0
0.0196,46,0,0.0904,6501.0,9,0,1,0,1.0,0
0.0545,43,0,0.5211,4315.0,7,0,0,0,1.0,0
0.0432,35,0,0.2713,3036.0,5,0,0,0,0.0,0
0.5038,39,0,0.1637,5990.0,5,0,0,0,2.0,0
0.6444,36,0,0.5013,3981.0,6,0,2,0,0.0,0
1.8294,60,0,0.5841,6524.0,9,0,0,0,1.0,0
0.6338,73,0,0.8249,4493.0,4,0,0,0,2.0,0
0.5923,46,0,0.6151,,10,0,1,0,1.0,0
3.4827,44,0,0.4686,15100.0,7,0,2,0,0.0,0
0.0367,50,0,0.5937,,11,0,0,0,2.0,0
0.4863,36,0,0.8291,5952.0,8,0,1,0,3.0,0
6.3817,57,2,0.5265,,13,1,1,0,3.0,0
0.6853,50,0,0.7636,4784.0,9,0,0,0,1.0,0
0.3769,22,0,0.591,10846.0,5,0,0,0,0.0,0
0.2528,60,0,0.1116,9882.0,4,0,1,0,0.0,0
2.6129,33,0,0.4903,3600.0,7,0,1,0,0.0,0
0.3126,49,0,0.5698,5506.0,5,0,3,0,1.0,0
0.2928,46,0,0.3494,3994.0,11,0,0,0,1.0,0
0.5602,62,0,0.6602,17192.0,11,0,1,0,0.0,0
0.8271,45,0,1.0148,8587.0,9,0,1,0,1.0,0
1.2843,71,2,0.3243,3552.0,6,0,1,0,1.0,0
0.0846,67,0,0.9982,1647.0,3,0,2,0,1.0,0
0.7679,51,0,0.7564,,8,0,1,0,0.0,0
0.0717,81,0,0.5035,8544.0,9,0,1,0,1.0,0
3.389,46,0,0.4771,,7,0,2,0,1.0,0
0.7041,41,0,1.0142,,13,0,0,0,2.0,1
0.7882,77,0,0.3389,4879.0,5,0,1,0,0.0,0
2.263,63,0,0.0667,5325.0,9,0,0,0,1.0,0
0.5759,64,0,0.8154,3829.0,7,0,1,0,0.0,0
0.5228,63,0,0.2488,16740.0,5,0,0,0,0.0,0
1.2121,63,1,0.3078,,6,0,1,0,0.0,0
0.6278,55,0,0.321,5702.0,9,0,2,0,0.0,0
0.2451,41,0,0.4917,12544.0,11,0,0,0,1.0,0
0.017,31,0,0.6002,5510.0,12,0,0,0,0.0,0
0.4424,45,0,0.967,8929.0,9,0,0,0,1.0,0
0.1019,55,0,0.6729,6306.0,5,0,0,0,0.0,0
1.7583,68,0,0.5214,7292.0,10,0,1,0,1.0,0
0.111,46,0,0.806,5721.0,5,0,1,0,0.0,0
0.8208,27,0,0.4303,9804.0,8,0,0,0,0.0,0
1.2922,72,2,0.6417,8578.0,12,0,0,1,3.0,0
0.4988,69,0,0.2194,8219.0,9,0,1,0,0.0,0
0.3936,47,0,0.6067,6554.0,4,0,0,0,1.0,0
0.1732,57,0,0.3088,7743.0,9,0,1,0,0.0,0
0.0608,46,0,0.6015,1306.0,7,0,1,0,0.0,0
1.6015,36,0,0.0819,7128.0,7,0,0,0,0.0,0
0.0138,50,0,0.2239,3780.0,6,0,2,0,1.0,0
0.5088,30,0,0.6066,8072.0,5,0,2,0,0.0,0
0.0207,55,0,0.9011,3869.0,10,0,1,0,0.0,0
0.1595,57,0,0.4394,11283.0,3,0,0,0,0.0,0
0.2723,40,0,0.1892,,5,0,1,0,2.0,0
0.3911,64,0,0.1925,9624.0,7,0,0,0,2.0,0
1.0335,32,0,0.5252,2512.0,15,0,0,0,0.0,0
2.0826,36,0,0.1468,9101.0,12,0,0,0,2.0,0
0.9422,62,0,0.3785,6724.0,11,0,0,0,3.0,0
0.2144,58,0,0.611,9426.0,10,0,0,0,2.0,0
0.0085,44,0,0.3173,,4,0,0,0,1.0,0
0.5664,53,0,0.1618,4826.0,2,0,1,0,0.0,0
1.4939,45,1,0.043,,7,2,0,0,2.0,0
0.3919,44,0,0.3447,3825.0,8,0,0,0,1.0,0
0.552,56,0,0.4746,9036.0,5,0,2,0,0.0,0
0.9033,49,0,0.3483,5244.0,13,0,0,0,2.0,0
0.9542,46,0,0.8617,11290.0,5,0,0,0,0.0,0
9.5165,47,0,0.1104,,6,0,2,0,0.0,0
0.3776,86,0,0.4466,3685.0,11,0,0,0,0.0,0
0.2712,62,0,0.2193,,9,0,1,0,1.0,0
0.5013,44,0,0.5901,3474.0,9,0,3,0,3.0,0
0.3175,38,0,0.5092,,8,0,2,0,0.0,0
0.6264,51,0,0.2333,6903.0,12,0,3,0,0.0,0
2.6483,28,0,0.2096,2810.0,7,0,3,0,0.0,0
0.519,70,0,1.0817,6558.0,16,0,2,0,1.0,0
0.4479,43,0,0.3414,3624.0,9,0,0,0,2.0,0
0.7712,51,0,1.0339,1589.0,9,0,1,0,0.0,0
0.5344,65,0,0.4526,7451.0,3,0,1,0,1.0,1
0.5299,73,0,0.698,18294.0,5,0,1,0,0.0,0
0.186,43,0,0.169,,0,0,0,0,0.0,0
0.4974,61,0,0.8066,2109.0,8,0,0,0,1.0,0
0.5016,80,0,0.6571,,10,0,2,0,0.0,0
3.3676,30,0,0.2272,15274.0,5,0,0,0,0.0,0
0.1071,41,0,0.2221,7148.0,11,0,0,0,0.0,0
0.7963,56,0,0.7432,7392.0,6,0,3,0,0.0,0
0.3247,40,0,0.6811,2686.0,8,0,0,0,1.0,0
2.4502,44,0,0.7907,6205.0,10,0,3,0,1.0,0
0.1696,60,0,0.301,5134.0,11,0,2,0,1.0,0
0.8351,71,0,0.5058,,10,0,2,0,1.0,0
0.8662,70,0,0.5042,3749.0,8,0,1,0,1.0,0
0.77,41,0,0.5039,2829.0,6,0,0,0,,0
0.5637,49,2,0.401,,8,1,1,0,1.0,0
0.0778,37,0,0.1319,17172.0,5,0,0,0,0.0,0
0.5507,75,0,0.8751,2832.0,8,0,2,0,2.0,0
0.6612,58,0,0.2564,,2,0,1,0,0.0,0
0.1632,50,0,1.0376,5044.0,7,0,1,0,2.0,0
2.7803,52,2,0.7177,4286.0,4,0,1,0,0.0,0
1.3785,50,0,0.3811,10159.0,13,0,1,0,1.0,1
0.0378,45,0,0.7663,,8,0,2,0,1.0,0
0.1836,48,0,0.3136,5448.0,6,0,2,0,2.0,0
0.2553,44,0,0.2045,,11,0,0,0,2.0,0
0.4975,59,0,0.136,14777.0,13,0,1,0,1.0,0
0.4471,36,0,0.4111,3358.0,9,0,3,0,0.0,0
0.5204,56,0,0.4449,17838.0,10,0,0,0,0.0,0
0.4613,27,0,0.3045,7545.0,7,0,0,0,1.0,0
0.0221,61,0,0.3063,17380.0,4,0,1,0,2.0,0
0.1877,37,0,0.8195,5767.0,9,0,1,0,0.0,0
2.7984,44,1,0.7816,5476.0,3,0,0,0,2.0,0
0.4539,48,1,0.3541,,6,0,2,0,1.0,0
0.1624,46,0,0.1169,2605.0,8,0,0,0,0.0,0
4.5437,87,0,0.4209,,5,0,1,0,0.0,0
0.1222,40,0,0.3349,1302.0,9,0,1,0,1.0,0
0.4306,49,0,0.6973,3340.0,12,0,0,0,0.0,0
0.5266,34,0,0.0772,,9,0,1,0,0.0,0
0.5061,78,0,0.4172,10624.0,8,0,2,0,,0
0.1864,50,0,0.5322,8645.0,7,0,1,0,0.0,0
1.2405,34,3,0.6128,5118.0,8,1,1,1,0.0,0
1.4257,73,0,0.1377,2788.0,8,0,0,0,0.0,0
0.0033,61,0,0.524,9694.0,6,0,1,0,2.0,0
0.8114,52,0,0.2263,2844.0,10,0,1,0,2.0,0
0.0062,52,0,0.3606,6968.0,12,0,1,0,0.0,0
1.8447,53,0,0.2118,4533.0,9,0,1,0,1.0,0
0.2539,67,0,0.2196,,3,0,0,0,3.0,0
0.2117,70,0,0.1936,9227.0,4,0,5,0,1.0,0
0.0931,21,0,0.1374,,8,0,0,0,0.0,0
0.047,43,0,0.3914,4832.0,10,0,1,0,2.0,0
1.8017,53,0,0.3309,5660.0,6,0,1,0,1.0,0
6.0691,41,1,0.717,5153.0,6,0,0,2,0.0,0
0.1312,40,0,0.5167,,8,0,1,0,1.0,0
0.7921,59,0,0.5337,3301.0,7,0,0,0,0.0,1
0.2344,74,2,0.3235,3345.0,4,1,1,0,0.0,0
0.3733,52,0,0.8213,8047.0,12,0,0,0,2.0,0
0.1348,47,0,0.1419,10689.0,4,0,1,0,0.0,0
0.3715,35,0,0.4178,3755.0,7,0,2,0,0.0,0
0.3232,73,0,0.3585,6042.0,7,0,2,0,1.0,0
1.4207,57,0,0.4175,4571.0,9,0,0,0,1.0,0
0.5062,55,0,0.4875,,9,0,1,0,2.0,0
0.22,55,0,0.2372,6203.0,8,0,0,0,,0
2.8115,66,0,1.2269,3161.0,8,0,1,0,0.0,0
0.4451,47,0,0.3774,,9,0,0,0,2.0,0
0.4137,61,0,0.1573,2313.0,5,0,1,0,2.0,0
1.2029,48,0,0.1293,9942.0,8,0,0,0,1.0,0
0.9367,42,2,0.3613,3421.0,9,0,1,2,1.0,0
0.647,39,0,0.6648,3490.0,10,0,1,0,3.0,0
0.1773,38,0,0.0448,3509.0,11,0,3,0,0.0,0
0.5535,29,0,0.5875,6168.0,2,0,1,0,1.0,0
1.5474,74,0,0.6138,3215.0,12,0,1,0,1.0,0
0.2758,67,0,0.1357,4782.0,7,0,0,0,0.0,0
0.2755,48,0,0.1529,2790.0,9,0,0,0,1.0,0
1.225,52,0,1.2316,1312.0,5,0,3,0,0.0,0
0.0583,53,0,0.2314,,10,0,2,0,3.0,0
0.3442,61,0,0.8241,,3,0,0,0,1.0,0
0.6466,66,0,0.7981,,11,0,0,0,3.0,0
0.9651,60,0,1.064,,9,0,1,0,0.0,0
0.1137,37,0,0.0895,15103.0,8,0,0,0,0.0,0
0.3503,47,0,0.3261,3995.0,6,0,1,0,1.0,0
0.3629,46,0,0.6043,7514.0,8,0,0,0,2.0,0
0.508,21,0,0.5861,,11,0,2,0,2.0,1
0.0002,54,0,0.4518,2560.0,10,0,1,0,0.0,0
1.0579,21,0,0.3294,4821.0,8,0,1,0,2.0,0
0.554,74,0,0.1313,7062.0,7,0,1,1,2.0,0
0.7684,31,0,0.1416,6015.0,12,0,0,0,0.0,0
0.3622,51,0,0.6647,8794.0,7,0,1,0,0.0,0
4.3705,70,0,0.3389,,8,0,1,0,1.0,0
0.6624,38,0,0.4946,3975.0,10,0,0,0,1.0,0
0.8652,56,0,0.2879,5546.0,10,0,0,0,2.0,0
0.0937,37,0,0.9175,5760.0,6,0,1,0,3.0,0
0.9376,48,0,0.065,,7,0,1,0,0.0,0
3.2271,42,0,0.3777,3730.0,9,0,3,0,0.0,0
1.0454,60,0,0.314,3486.0,9,0,1,0,0.0,0
0.3227,56,0,0.8262,3217.0,6,0,1,0,1.0,0
2.2082,58,0,0.0634,7825.0,7,0,1,0,0.0,0
0.308,53,0,0.4277,,13,0,2,0,0.0,0
0.5529,42,0,0.5927,,10,0,1,0,0.0,0
0.7556,60,0,0.7085,5353.0,10,0,0,0,0.0,0
0.0442,56,0,0.3049,9851.0,8,0,0,0,1.0,0
0.126,34,0,0.8377,2482.0,10,0,0,0,2.0,0
0.4068,63,1,0.4099,2529.0,12,0,1,0,1.0,0
0.1682,62,0,0.622,,9,0,0,0,0.0,0
0.146,65,0,0.1535,,7,0,0,0,1.0,0
0.2443,58,0,0.1354,2367.0,8,0,1,0,1.0,0
1.0479,39,0,0.6659,2750.0,10,0,2,0,1.0,0
0.6581,52,0,0.206,8438.0,6,0,0,0,0.0,0
0.5234,33,0,0.5903,,7,0,1,0,0.0,0
5.3583,61,1,0.7879,6129.0,8,0,1,0,0.0,0
0.9116,70,0,0.5003,5024.0,4,0,0,0,0.0,0
0.0242,81,0,0.5815,5624.0,11,0,1,0,0.0,0
0.5025,46,0,0.1494,12707.0,9,0,0,0,1.0,0
0.1531,27,0,0.2217,3041.0,5,0,1,0,1.0,0
0.3903,41,0,0.4366,,4,0,1,0,0.0,0
0.3337,41,0,1.2042,5417.0,8,0,0,0,0.0,0
0.9241,43,0,0.362,,5,0,2,0,3.0,0
1.2742,76,0,0.3624,4793.0,11,0,1,0,1.0,0
0.4726,55,0,0.3099,7815.0,7,0,2,0,2.0,0
0.0677,72,0,0.6556,7065.0,6,0,1,0,1.0,0
0.8612,65,0,0.3496,3177.0,6,0,2,0,0.0,0
0.0871,63,0,0.6389,,11,0,1,0,4.0,0
0.0832,59,0,0.5452,6592.0,5,0,1,0,0.0,0
3.4441,45,0,0.7258,2998.0,7,0,2,0,0.0,1
0.3477,60,0,0.5008,8422.0,8,0,1,0,2.0,0
0.2352,82,0,0.3682,5196.0,10,0,1,0,0.0,0
0.4673,53,0,0.8384,4521.0,5,0,0,0,1.0,0
0.3134,57,0,0.9707,6257.0,7,0,1,0,1.0,0
0.648,40,0,0.6471,1268.0,8,0,0,0,0.0,0
0.1911,48,0,0.7203,5688.0,8,0,0,0,0.0,0
0.2154,46,0,0.5,3151.0,6,0,2,0,2.0,0
0.0955,76,0,0.2683,2510.0,6,0,0,0,1.0,0
0.5998,50,0,0.6795,6610.0,5,0,1,0,0.0,0
0.8619,55,0,0.5954,6609.0,8,0,2,0,0.0,0
0.0713,75,0,0.0745,5901.0,9,0,2,0,0.0,0
0.2813,62,0,0.0346,2821.0,9,0,0,0,1.0,0
0.1544,54,0,0.5825,,9,0,1,0,0.0,0
0.7251,56,0,0.5733,4147.0,7,0,1,0,1.0,0
0.8609,54,0,0.208,6344.0,9,0,1,0,1.0,0
1.4189,68,0,0.5089,5685.0,9,0,2,0,0.0,0
0.53,46,0,0.5004,2716.0,8,0,2,0,1.0,0
0.1997,49,0,0.2713,5372.0,3,0,1,0,0.0,0
0.4516,45,0,0.6813,,4,0,2,0,1.0,0
0.3778,68,0,0.6183,7465.0,8,0,1,0,0.0,0
0.3565,69,2,0.7246,6717.0,5,1,1,0,1.0,0
0.1294,53,0,0.1178,,8,0,2,0,1.0,0
0.356,56,0,1.1113,8218.0,15,0,0,0,1.0,0
4.5012,75,0,0.123,5447.0,7,0,3,0,1.0,0
0.0956,61,0,0.1953,,9,0,1,0,1.0,0
0.447,42,0,1.0349,7197.0,8,0,2,0,1.0,0
0.0509,43,0,0.6361,5216.0,12,0,1,0,4.0,0
0.7184,56,0,0.6147,25935.0,7,0,1,0,0.0,0
0.1158,72,0,0.5396,11771.0,11,0,1,0,1.0,0
0.4034,60,0,1.1059,9074.0,5,0,0,0,0.0,0
0.4481,45,0,0.3369,4925.0,9,0,2,0,3.0,0
0.3048,69,0,0.8797,22468.0,9,0,1,0,0.0,0
0.109,45,0,0.5321,7437.0,4,0,2,0,1.0,0
0.5942,52,0,0.0847,13048.0,6,0,0,2,1.0,0
0.1485,87,0,0.5621,,8,0,1,0,0.0,0
0.1956,46,0,0.9401,,14,0,1,0,0.0,0
0.1805,54,0,0.6227,14929.0,5,0,0,0,0.0,0
0.3153,57,0,0.0473,12514.0,9,0,0,0,2.0,0
0.4098,36,0,0.3828,5287.0,7,0,3,0,0.0,0
0.2284,67,0,0.142,8831.0,11,0,1,0,0.0,0
0.5332,53,0,0.7425,15564.0,6,0,4,0,2.0,0
0.8745,58,0,0.3802,2904.0,15,0,2,0,0.0,0
0.4765,52,0,0.7542,,11,0,1,0,0.0,0
0.2135,37,0,0.5809,,15,0,2,0,2.0,0
0.0522,64,0,0.5279,5941.0,9,0,1,0,2.0,0
0.7647,71,0,0.1555,,5,0,1,0,2.0,0
0.4203,37,0,0.3405,2035.0,10,0,0,0,2.0,0
0.9516,54,0,0.012,4916.0,9,0,1,0,1.0,0
0.0761,67,0,0.7236,,8,0,0,0,2.0,0
0.4438,49,0,0.5437,10273.0,9,0,1,0,0.0,0
0.0081,51,0,0.3081,4799.0,12,0,2,0,0.0,0
0.0246,57,0,0.1568,,3,0,0,0,0.0,0
1.6078,49,0,0.4755,5259.0,9,0,1,0,2.0,0
0.678,58,0,0.8493,3254.0,8,0,1,0,0.0,1
0.8383,44,0,0.1681,10039.0,11,0,1,0,1.0,0
0.2918,56,0,0.3795,6555.0,5,0,3,0,1.0,0
3.4027,49,0,0.8523,,11,0,0,0,0.0,0
0.4787,55,0,0.9751,3920.0,4,0,1,0,,0
0.4096,59,0,0.6421,4838.0,10,0,0,0,0.0,0
0.9859,43,0,0.8803,6114.0,5,0,1,0,3.0,0
0.2384,44,0,0.2286,5706.0,8,0,1,0,0.0,0
2.031,53,0,0.7049,6651.0,5,0,1,0,2.0,0
0.1289,35,0,0.868,4664.0,7,0,0,0,1.0,0
0.6334,45,0,0.3201,,6,0,2,0,0.0,0
0.3571,38,0,0.8221,,14,0,1,0,2.0,0
0.4179,51,0,0.6472,6657.0,7,0,1,0,2.0,0
0.9671,61,2,0.6009,,11,0,1,0,0.0,0
0.797,66,0,0.2306,2864.0,4,0,0,0,1.0,0
0.0039,71,0,0.2037,2693.0,12,0,1,0,2.0,0
0.1539,55,0,0.3587,,3,0,0,0,0.0,0
0.73,36,0,1.0418,,7,0,0,0,0.0,0
0.4397,36,0,0.1819,7975.0,14,0,0,0,2.0,0
0.3631,58,0,0.2312,9111.0,9,0,0,0,1.0,0
2.6351,47,0,0.6906,,9,0,2,0,3.0,0
5.1796,40,0,0.07,2374.0,7,0,2,0,0.0,0
0.3705,65,0,0.2328,7431.0,5,0,4,0,1.0,0
0.7287,74,0,0.5472,5526.0,13,0,0,0,1.0,0
0.3025,59,0,0.3173,,6,0,1,0,,0
0.7069,65,0,0.4674,7088.0,9,0,1,0,0.0,0
0.001,46,0,0.6064,9073.0,12,0,2,0,0.0,0
0.6035,46,0,0.3943,9638.0,6,0,2,0,1.0,0
0.1291,21,0,0.1302,6285.0,9,0,1,0,1.0,0
0.6717,67,0,0.2407,3146.0,7,0,1,0,5.0,0
0.4781,62,0,0.9235,15874.0,11,0,0,0,0.0,0
0.5028,52,0,1.0746,15627.0,9,0,0,0,1.0,0
0.4625,70,0,0.0615,3549.0,10,0,0,0,1.0,0
0.8415,59,2,0.092,2990.0,6,0,2,1,3.0,0
0.9055,53,0,0.3747,,4,0,0,0,1.0,0
0.5061,68,0,0.73,5790.0,7,0,1,0,2.0,0
0.1208,46,0,0.6853,,9,0,0,0,1.0,0
0.4489,46,0,1.0067,,6,0,1,0,1.0,1
0.2382,46,0,0.7071,4183.0,7,0,1,0,1.0,0
4.7518,36,0,0.1259,,7,0,2,0,0.0,0
0.225,78,0,0.5857,,7,0,0,0,0.0,0
0.0329,39,0,1.1358,10727.0,5,0,1,1,0.0,0
0.3922,49,0,0.166,5484.0,8,0,0,0,,0
0.7185,57,0,0.2653,6206.0,8,0,3,0,2.0,0
0.4524,60,0,0.2639,,7,0,1,0,1.0,0
0.0355,61,0,0.7023,2976.0,3,0,0,0,0.0,0
0.8754,31,0,0.4592,,8,0,0,0,3.0,0
1.3474,34,0,0.3609,3917.0,7,0,2,0,1.0,0
0.0899,58,0,0.2488,,9,0,0,1,0.0,0
0.5455,74,0,0.6785,19358.0,3,0,1,0,0.0,0
0.0476,73,0,0.9692,3852.0,5,0,0,0,1.0,0
0.3046,68,0,0.1523,6634.0,11,0,1,0,0.0,0
0.6009,50,0,0.6267,,10,0,2,0,2.0,1
0.6197,46,1,0.3098,4880.0,10,0,0,3,2.0,0
0.5607,36,0,0.4816,5199.0,8,0,3,0,2.0,0
0.3394,60,0,0.5785,6675.0,9,0,0,0,2.0,0
0.3648,64,0,0.7218,7108.0,8,0,2,0,1.0,0
2.2269,56,0,0.7771,5866.0,9,0,2,0,,0
0.3365,68,0,0.4321,21201.0,8,0,1,0,1.0,0
0.0411,62,0,0.6709,4419.0,10,0,0,0,1.0,0
0.0907,59,0,0.5461,9154.0,10,0,0,0,0.0,0
0.3305,52,0,0.317,4395.0,9,0,0,0,2.0,0
10.7069,29,0,0.6976,3408.0,12,0,0,0,1.0,0
0.089,52,0,0.3129,11530.0,4,0,1,0,0.0,0
0.5755,34,0,0.3315,5231.0,7,0,2,0,0.0,0
0.3383,52,0,0.5331,5845.0,7,0,0,0,0.0,1
3.727,21,0,0.8839,18148.0,7,0,0,0,0.0,0
0.713,49,0,0.1511,7195.0,8,0,0,0,0.0,0
0.0867,60,0,0.4063,1106.0,4,0,2,0,1.0,0
1.5437,30,0,0.0357,1314.0,9,0,3,0,0.0,0
0.1916,60,0,0.1857,5420.0,12,0,1,0,2.0,0
0.2337,40,0,0.0968,,9,0,1,0,0.0,0
0.2018,56,0,0.5038,6191.0,5,0,3,0,3.0,0
0.0761,49,0,0.5409,6173.0,11,0,1,0,,0
0.0127,49,0,0.1507,6891.0,10,0,1,0,2.0,0
0.1456,69,0,0.513,2649.0,3,0,0,0,1.0,0
0.8919,62,0,0.4834,6089.0,6,0,2,0,2.0,0
0.7726,26,0,0.2452,,7,0,0,0,1.0,0
5.3521,40,0,0.0581,4136.0,4,0,0,0,1.0,0
0.9595,45,0,0.2453,,5,0,2,0,,0
0.3547,71,0,0.4142,24301.0,5,0,1,0,2.0,0
0.5387,46,0,0.7757,3592.0,11,0,4,0,0.0,0
0.0494,37,0,0.8172,,8,0,0,0,3.0,0
0.4769,47,0,0.6026,4772.0,6,0,0,0,0.0,0
0.0904,44,0,0.1369,11070.0,12,0,1,0,2.0,0
1.0501,44,0,0.3682,4604.0,13,0,1,0,0.0,0
0.2026,53,0,0.1115,5578.0,9,0,0,0,1.0,0
0.5183,62,0,1.0141,10888.0,10,0,0,0,2.0,0
0.1072,60,0,0.1256,5714.0,6,0,1,0,0.0,0
0.2323,74,0,0.5696,3874.0,8,0,0,0,2.0,0
0.2312,58,2,0.2872,3363.0,10,0,0,2,3.0,0
0.5751,60,0,0.4845,,11,0,0,0,0.0,1
0.1098,55,0,0.5015,6331.0,15,0,2,0,0.0,0
0.1116,43,0,0.5378,1504.0,12,0,2,0,1.0,0
0.4355,45,0,0.5128,,9,0,2,0,2.0,1
7.1605,37,0,0.8186,4680.0,14,0,0,0,1.0,1
0.3008,27,0,0.6005,,7,0,1,0,0.0,0
0.2004,60,0,0.7536,3966.0,7,0,2,0,1.0,0
0.1812,56,0,0.355,5032.0,9,0,0,0,0.0,0
0.0376,35,0,0.7735,2330.0,9,0,2,0,1.0,0
0.3097,56,0,0.3477,1227.0,12,0,0,0,1.0,0
0.1081,56,0,0.1622,11924.0,7,0,0,0,1.0,1
0.0868,62,0,0.8557,7377.0,11,0,2,0,0.0,0
3.9443,47,1,0.5742,6424.0,5,0,0,1,3.0,0
0.1681,42,0,0.4666,5359.0,16,0,1,1,,0
1.3718,43,0,0.4161,2893.0,10,0,1,0,2.0,0
0.3072,63,0,0.4115,5142.0,8,0,0,0,1.0,0
0.0472,64,0,0.1068,6184.0,5,0,1,0,1.0,1
0.497,40,0,0.3315,2142.0,9,0,0,0,0.0,0
0.5906,52,0,0.5798,2560.0,10,0,0,0,2.0,0
0.3347,47,0,0.6673,7657.0,8,0,0,0,1.0,0
0.431,44,0,0.1817,6825.0,6,0,0,0,1.0,0
0.1396,58,0,0.3903,,5,0,2,0,0.0,0
0.3575,54,0,0.2433,8002.0,6,0,0,0,2.0,0
0.05,21,0,0.2824,,6,0,0,0,1.0,0
0.2184,55,0,0.2613,1435.0,5,0,1,0,1.0,0
1.8915,72,0,0.1918,6440.0,6,0,1,0,0.0,0
0.2796,52,0,0.8075,6835.0,7,0,0,0,2.0,0
1.1741,72,0,0.9804,8663.0,6,0,2,0,1.0,0
0.0816,56,0,0.7762,,8,0,2,0,1.0,0
0.3404,80,0,0.371,22139.0,7,0,1,0,0.0,0
4.0428,80,0,0.3588,3598.0,7,0,1,0,0.0,0
0.0432,80,0,0.5324,5159.0,7,0,2,0,,0
4.2015,62,0,0.7752,,5,0,0,0,0.0,0
0.5424,55,0,0.8898,4168.0,11,0,1,0,0.0,0
0.3702,35,0,0.5475,1761.0,5,0,0,0,1.0,0
0.0645,33,0,0.9436,7600.0,9,0,0,0,1.0,0
0.1888,72,0,0.5742,12731.0,8,0,1,0,2.0,0
0.3424,40,0,0.4573,20812.0,11,0,0,0,0.0,0
0.7952,73,0,0.7938,2121.0,4,0,0,0,0.0,1
0.3075,42,0,0.7803,4302.0,6,0,0,0,1.0,0
0.393,23,0,0.8169,2034.0,7,0,0,0,1.0,0
0.193,40,0,0.3825,13032.0,7,0,1,0,1.0,0
0.0254,32,0,1.0633,13422.0,3,0,3,0,1.0,0
0.3096,72,0,0.7128,4654.0,8,0,2,0,0.0,0
0.0688,48,0,0.231,2540.0,9,0,1,0,1.0,0
2.0786,48,0,0.6862,,8,0,1,0,2.0,0
0.0784,45,2,0.8032,8898.0,7,0,1,0,0.0,0
0.0162,52,0,0.3056,1543.0,10,0,3,0,2.0,0
0.0054,56,0,0.3293,3266.0,9,0,3,0,0.0,0
0.2372,44,0,0.4872,6101.0,17,0,0,0,3.0,0
5.7143,29,0,0.7086,7655.0,11,0,0,0,4.0,0
3.1647,30,0,0.6414,9148.0,13,0,0,0,0.0,0
0.3373,39,0,0.0743,,7,0,0,0,1.0,0
1.097,31,0,0.4754,4719.0,5,0,0,0,0.0,0
0.8304,70,0,0.2636,,8,0,0,0,0.0,0
1.8476,46,0,0.6234,5708.0,5,0,1,0,0.0,0
1.7882,28,3,0.2461,,9,0,0,1,0.0,0
0.0498,58,0,0.2353,,8,0,2,0,0.0,0
0.1967,41,0,0.2909,2967.0,6,0,0,0,,0
0.2103,66,0,1.2376,4851.0,7,0,1,0,3.0,0
0.0683,42,0,0.2913,3591.0,5,0,0,0,1.0,0
0.2777,46,0,0.8664,,7,0,1,0,,0
0.0706,83,0,0.301,4971.0,8,0,1,0,0.0,0
0.3698,53,0,0.3572,6317.0,8,0,1,0,1.0,0
0.4063,52,0,0.4116,,6,0,1,0,2.0,0
0.9119,54,0,0.0963,3806.0,6,0,0,0,0.0,0
2.603,43,0,0.8758,,6,0,0,0,1.0,0
0.1475,81,0,0.1586,,4,0,0,0,0.0,0
0.4565,40,0,0.256,18803.0,11,0,1,0,0.0,0
0.002,70,0,0.662,5082.0,6,0,3,0,0.0,0
0.8857,47,0,0.4213,5075.0,12,0,1,0,0.0,0
0.5771,46,0,0.2453,13362.0,5,0,0,0,0.0,0
0.2726,43,0,0.7713,1572.0,12,0,3,0,0.0,0
0.5586,24,0,0.0078,6207.0,5,0,1,0,1.0,0
0.1197,46,0,0.6576,5673.0,3,0,0,0,1.0,0
0.2876,64,0,0.3074,,6,0,1,0,2.0,0
1.7437,51,0,0.7844,5621.0,9,0,2,0,2.0,0
0.085,36,0,0.1389,9714.0,9,0,1,0,1.0,0
0.1275,61,1,0.0458,3392.0,5,0,2,0,0.0,0
0.6339,50,0,0.3376,7798.0,12,0,2,0,0.0,0
0.7936,48,0,0.4972,6287.0,15,0,1,0,0.0,0
0.1534,30,0,0.4983,4819.0,11,0,0,0,0.0,0
0.7062,43,0,0.2311,6055.0,4,0,0,0,0.0,0
0.3963,50,0,1.0437,5314.0,9,0,0,0,0.0,0
0.2182,50,0,0.5714,5103.0,11,0,3,0,1.0,0
0.531,64,0,0.0673,7078.0,5,0,0,0,0.0,0
0.6758,25,0,0.3671,8219.0,9,0,1,0,1.0,0
0.1536,40,0,1.0092,5854.0,2,0,3,0,1.0,0
0.0165,47,0,0.7279,4857.0,10,0,0,0,2.0,0
0.0261,58,0,0.1296,9001.0,10,0,0,0,1.0,0
0.1328,53,0,0.2482,1914.0,14,0,0,0,0.0,0
0.5741,49,0,0.3415,4747.0,11,0,0,0,1.0,0
0.088,66,0,0.2632,7223.0,13,0,2,0,1.0,0
5.4376,95,1,0.235,8355.0,6,0,0,0,0.0,0
0.352,49,4,0.4404,4037.0,7,0,0,0,0.0,0
0.3668,72,0,0.5257,,9,0,0,0,0.0,0
0.2519,77,0,0.7731,13067.0,9,0,0,0,2.0,0
0.1794,43,0,0.1708,,7,0,2,0,0.0,0
0.1326,54,0,0.8044,5576.0,8,0,0,0,0.0,0
2.5803,25,3,0.3549,2377.0,7,0,0,0,2.0,0
0.0142,47,0,0.5725,,11,0,4,0,0.0,0
0.6277,61,0,0.9535,,8,0,1,0,2.0,0
0.4442,47,2,0.3874,4910.0,12,0,2,0,0.0,0
2.8969,54,0,0.2678,5216.0,7,0,2,0,1.0,0
0.853,59,0,1.1523,3779.0,8,0,1,0,0.0,1
3.8947,56,0,0.206,2340.0,10,0,1,0,2.0,0
3.2071,56,0,0.574,4615.0,7,0,1,0,0.0,1
0.4608,56,0,0.1606,7877.0,9,0,0,0,0.0,0
2.0767,57,0,0.6246,8106.0,7,0,2,0,0.0,0
0.1208,55,0,0.6675,4616.0,6,0,0,0,1.0,0
0.2494,42,0,0.6927,1911.0,7,0,0,0,0.0,0
0.1078,36,0,0.7594,2772.0,7,0,0,0,0.0,0
1.9351,52,0,0.7282,3522.0,15,0,1,0,1.0,0
0.0585,43,0,0.5296,2147.0,10,0,1,0,1.0,0
0.5764,72,0,0.6183,6764.0,8,0,0,0,1.0,0
0.5574,29,0,0.8541,4996.0,5,0,0,0,,0
1.5616,45,0,0.5446,,6,0,1,0,2.0,0
0.5204,62,0,0.4384,3895.0,10,0,3,0,0.0,0
0.9755,33,0,0.1529,15712.0,9,0,0,0,1.0,0
0.2796,41,0,0.4547,6363.0,4,0,2,0,3.0,0
0.2032,47,0,0.593,8568.0,6,0,1,0,0.0,0
1.8481,77,0,0.2613,4738.0,12,0,1,0,1.0,1
0.4611,46,0,0.1804,9477.0,7,0,0,0,2.0,0
0.4989,58,0,0.6724,,9,0,1,0,3.0,0
0.7292,49,0,0.4533,4724.0,5,0,0,0,2.0,0
0.1196,46,0,0.4979,,9,0,1,0,0.0,0
0.1084,70,0,1.208,8838.0,8,0,0,0,1.0,0
0.6027,37,0,0.1724,1833.0,9,0,0,0,0.0,0
6.5142,53,0,0.7244,3960.0,15,0,1,0,0.0,0
0.7115,54,0,0.6924,3264.0,5,0,2,0,1.0,0
0.3851,70,0,0.0371,7862.0,8,0,3,0,0.0,1
0.4207,49,0,0.3565,2257.0,6,0,1,0,0.0,1
0.6145,32,0,0.7362,4573.0,8,0,0,0,0.0,0
0.164,34,0,0.5392,3341.0,10,0,1,0,0.0,0
0.5888,38,0,0.7282,9948.0,8,0,0,0,1.0,0
0.4127,64,0,0.1293,1479.0,6,0,0,0,1.0,0
0.3096,46,0,0.6123,1856.0,5,0,3,0,2.0,0
1.1907,60,0,0.4586,3169.0,12,0,1,0,1.0,0
0.0195,76,2,0.4961,3621.0,11,0,0,1,0.0,0
2.0818,62,1,0.4232,35553.0,7,0,2,0,2.0,1
0.2782,64,0,0.8608,3894.0,9,0,1,0,1.0,0
1.2758,56,0,0.123,5195.0,3,0,0,0,1.0,0
0.1569,39,0,0.6288,5196.0,9,0,1,0,0.0,0
1.3516,81,0,0.4321,10403.0,8,0,0,0,0.0,0
0.5671,43,0,0.7644,1788.0,5,0,1,0,0.0,0
0.0147,65,0,0.4754,5964.0,6,0,2,0,0.0,0
5.1639,65,0,0.4757,,6,0,0,0,1.0,1
0.3494,33,0,0.7781,5003.0,7,0,2,0,1.0,0
0.4014,31,0,0.4798,8135.0,11,0,1,0,0.0,0
0.1457,60,0,0.4564,5101.0,8,0,0,0,1.0,0
0.4422,38,0,0.294,7181.0,6,0,0,0,1.0,0
0.0892,72,0,0.3716,1500.0,7,0,2,0,0.0,0
0.7692,44,0,0.1906,10526.0,10,0,0,0,,0
3.9334,68,0,0.4719,2679.0,7,0,0,0,1.0,0
0.2165,67,0,0.3072,4864.0,6,0,1,0,0.0,0
0.0074,56,0,0.7437,4053.0,7,0,1,0,0.0,0
0.1191,51,0,0.4966,,9,0,3,0,2.0,0
0.3637,59,0,0.6914,6705.0,9,0,2,0,1.0,0
0.3478,50,0,0.4736,7677.0,3,0,0,0,3.0,0
0.496,48,0,0.7871,7193.0,5,0,1,0,0.0,0
3.1047,34,0,0.6993,7108.0,7,0,1,0,2.0,0
0.2499,64,0,0.5325,6196.0,8,0,3,0,1.0,0
0.673,46,0,0.5621,,5,0,2,0,1.0,0
0.2825,60,0,0.52,6528.0,11,0,0,0,2.0,0
0.2361,59,0,0.6747,5181.0,7,0,0,0,1.0,0
2.8196,33,0,0.4476,2853.0,7,0,1,0,1.0,0
0.8858,58,0,0.372,4669.0,7,0,0,0,1.0,0
0.4027,62,0,0.2769,10902.0,9,0,3,0,2.0,0
0.1258,52,0,0.6511,9838.0,12,0,0,0,1.0,0
0.2526,58,0,0.206,,9,0,4,0,1.0,0
0.0791,57,0,0.4515,10918.0,4,0,1,0,2.0,0
0.2335,76,0,0.8575,,9,0,0,0,0.0,0
0.5078,53,2,0.0765,3364.0,8,0,1,1,1.0,0
0.4094,66,0,0.1725,8343.0,4,0,4,0,1.0,0
0.3466,32,0,0.1216,8833.0,12,0,1,0,0.0,0
0.6336,48,0,0.7836,3599.0,9,0,0,0,3.0,0
0.0976,60,0,0.0496,10326.0,8,0,1,0,0.0,0
3.6164,49,0,0.1657,8692.0,8,0,0,0,0.0,0
2.7685,59,1,0.343,3576.0,6,0,1,0,,0
0.0118,60,0,0.6366,10273.0,8,0,1,0,1.0,0
0.1244,59,0,0.3245,8268.0,4,0,1,0,0.0,0
0.5449,40,0,0.4802,,10,0,1,0,0.0,0
0.659,59,0,0.1168,,6,0,2,0,0.0,0
1.2765,42,1,0.6556,3978.0,6,0,2,0,1.0,0
0.0248,47,0,0.8022,14745.0,8,0,2,0,1.0,0
0.2513,76,0,0.2018,7527.0,8,0,0,0,2.0,0
0.0591,65,0,0.1927,8068.0,6,0,2,0,0.0,0
0.3532,53,0,1.1219,10600.0,6,0,2,0,1.0,0
1.0344,51,0,1.0743,5005.0,5,0,2,0,0.0,1
0.5076,64,0,0.2282,3055.0,7,0,0,0,2.0,0
2.9995,69,0,0.5464,7558.0,14,0,1,0,1.0,0
0.7308,58,0,0.4149,16192.0,7,0,1,0,0.0,0
0.3628,68,0,0.1239,7482.0,10,0,1,0,1.0,0
0.5877,52,0,0.3259,4290.0,5,0,1,0,1.0,0
0.0348,60,0,0.6795,7476.0,6,0,2,0,0.0,0
0.3707,44,0,1.0585,,10,0,1,0,0.0,0
0.0833,53,0,0.3271,2310.0,16,0,1,0,0.0,0
0.7353,29,0,0.0827,4177.0,9,0,0,0,1.0,0
0.6647,43,0,0.0419,4930.0,5,0,1,0,1.0,0
1.0385,45,0,0.5983,8924.0,8,0,1,0,0.0,0
0.331,51,1,0.7326,5160.0,8,0,1,0,2.0,0
0.2563,47,0,0.6684,9822.0,8,0,4,0,0.0,0
0.5653,25,0,0.1898,,12,0,2,0,1.0,0
0.409,68,0,0.2727,,3,0,0,0,,0
0.122,53,0,0.3057,4552.0,6,0,1,0,2.0,0
0.2778,60,0,0.4911,7928.0,6,0,0,0,1.0,0
0.5525,60,0,0.7543,6532.0,5,0,1,0,0.0,0
0.8427,40,0,0.527,12575.0,6,2,0,0,0.0,0
3.1046,48,0,0.2739,8179.0,7,0,1,0,0.0,0
0.2039,56,0,0.3094,14908.0,8,0,0,0,2.0,0
0.3044,58,0,0.1528,3841.0,11,0,3,0,0.0,0
0.2027,68,0,0.9339,9882.0,8,0,1,0,0.0,0
0.2424,70,0,0.3822,36562.0,13,0,1,0,0.0,0
1.2925,73,0,0.287,,4,0,1,0,1.0,1
18.6112,50,0,0.1379,,9,0,2,0,0.0,0
1.3068,28,0,0.3752,4617.0,4,0,1,0,0.0,1
0.0545,65,0,0.0455,4165.0,4,0,2,0,1.0,0
0.3051,57,0,0.2288,4037.0,12,0,1,0,2.0,0
2.0521,37,0,0.2671,9355.0,10,0,0,0,2.0,0
2.654,40,0,0.0369,4498.0,2,0,0,0,2.0,0
0.3129,47,0,1.1414,,8,0,2,0,3.0,0
0.2354,50,0,0.2774,2137.0,8,0,2,0,2.0,0
3.0684,41,0,0.363,2100.0,5,0,0,0,,0
0.397,62,0,0.5357,4436.0,9,0,2,0,1.0,0
0.3524,61,0,0.9126,6702.0,6,0,0,0,0.0,0
0.4906,54,0,0.2628,4763.0,10,0,2,0,0.0,0
0.1106,37,0,0.1911,,9,0,0,0,1.0,0
1.0175,57,0,0.5309,4463.0,5,0,2,0,0.0,0
0.4347,48,0,0.425,12013.0,9,0,0,0,2.0,0
0.7131,26,0,0.899,5557.0,7,0,0,0,0.0,0
0.4914,60,0,0.6189,,10,0,0,0,1.0,0
0.4656,40,0,0.6466,9129.0,8,0,1,0,1.0,0
0.0064,45,0,0.298,8253.0,6,0,0,0,,0
0.0544,49,0,0.4037,3756.0,11,0,3,0,0.0,0
1.4028,29,0,0.7243,5504.0,10,0,1,0,0.0,0
0.0996,58,0,0.7051,,8,0,1,0,1.0,0
0.2235,52,0,0.6228,1703.0,4,0,0,0,3.0,0
0.6007,54,0,0.4139,6044.0,15,0,1,0,0.0,0
0.1036,43,0,0.2552,7459.0,14,0,2,0,1.0,0
0.1652,56,0,0.5334,,4,0,0,0,0.0,0
0.0453,57,0,0.4142,3167.0,7,0,2,0,0.0,0
1.6523,52,0,0.676,7797.0,14,0,1,0,0.0,0
0.4273,60,0,0.3488,2708.0,3,0,0,0,2.0,0
0.3404,51,0,1.0051,10769.0,8,0,0,0,1.0,0
0.9993,29,0,0.1351,3449.0,7,0,0,0,,0
0.6042,45,0,0.7618,4340.0,12,0,4,0,0.0,0
0.0331,46,0,0.2748,4225.0,8,0,1,0,0.0,0
0.2858,57,0,0.4977,1950.0,5,0,1,0,2.0,0
0.4331,45,0,0.1925,7168.0,6,0,0,0,0.0,0
0.0422,48,0,0.3076,7516.0,9,0,1,0,1.0,0
0.5785,59,0,0.3694,,7,0,1,0,0.0,1
0.2201,62,0,0.4852,2628.0,4,0,2,0,2.0,0
0.0595,58,0,0.1703,5534.0,5,0,0,0,2.0,0
0.49,55,0,0.7765,4505.0,10,0,2,0,0.0,0
0.1329,57,0,0.3671,,8,0,1,0,1.0,0
0.286,83,0,0.243,27165.0,3,0,0,0,3.0,0
0.0176,57,0,0.4904,2354.0,3,0,0,0,1.0,0
0.2069,49,0,0.19,,9,0,1,0,1.0,0
0.0625,50,0,0.5993,1560.0,11,0,1,0,1.0,0
0.5156,72,0,0.8233,,9,0,1,0,3.0,0
1.4535,42,0,0.156,4434.0,9,0,0,0,1.0,0
0.9057,52,0,0.4556,5763.0,9,0,1,0,0.0,0
1.3776,61,0,0.7514,,8,0,1,0,0.0,0
0.2698,64,0,0.2846,7770.0,9,0,2,0,2.0,0
0.3647,28,0,0.3045,2845.0,3,0,0,0,0.0,0
0.4885,56,0,0.2114,2815.0,7,0,3,0,0.0,0
0.0875,35,0,0.0264,3909.0,7,0,1,0,0.0,0
6.9428,92,0,0.5861,8000.0,11,0,0,0,0.0,0
0.1569,48,0,0.4374,6872.0,9,0,1,0,1.0,0
0.2114,47,0,0.2133,7054.0,5,0,1,0,1.0,0
0.5969,81,0,0.31,10535.0,12,0,2,0,0.0,0
0.0026,47,0,0.2598,1950.0,8,0,1,0,1.0,0
8.3802,40,0,0.6966,6631.0,9,0,1,0,1.0,0
0.3933,71,0,0.4182,2268.0,8,0,1,0,3.0,0
0.2922,86,0,0.2734,6918.0,10,0,1,0,1.0,0
0.7369,52,0,0.3974,,13,0,1,0,1.0,0
0.1135,52,0,0.1804,18573.0,7,0,1,0,2.0,0
0.0293,36,0,0.3154,,8,0,0,0,1.0,0
0.2736,73,0,1.0431,5716.0,7,0,1,0,,0
0.1669,47,0,0.1646,,9,0,0,0,0.0,0
0.6246,42,0,0.2534,4872.0,9,0,1,0,0.0,0
0.2966,68,0,0.2063,4956.0,9,0,1,0,0.0,0
0.5135,31,0,0.3449,,10,0,1,0,3.0,0
0.1634,60,0,0.9578,6315.0,5,0,1,0,1.0,0
0.0359,23,0,0.268,2939.0,5,0,1,0,0.0,0
0.4252,62,0,0.4378,4675.0,6,0,0,0,0.0,0
1.0349,52,0,0.5304,,10,0,0,0,2.0,0
1.8695,64,0,0.5499,2599.0,16,0,2,0,1.0,0
0.4179,34,0,0.094,2265.0,14,0,2,0,0.0,0
0.5197,50,0,0.089,6416.0,11,0,1,0,1.0,0
0.0675,38,0,0.6938,,6,0,0,0,,0
0.6597,34,0,0.0997,2210.0,10,0,1,0,1.0,0
0.019,59,0,0.6487,15416.0,4,0,0,0,2.0,0
0.3056,65,0,0.3725,11164.0,7,0,1,0,1.0,0
2.2825,21,0,0.9961,6826.0,9,0,1,0,1.0,0
2.0415,68,0,0.2935,5662.0,5,0,2,0,0.0,0
0.961,73,0,0.4748,4011.0,4,0,2,0,0.0,0
0.327,81,0,0.1154,5592.0,10,0,1,0,1.0,1
0.6289,24,0,0.8362,2810.0,9,0,1,0,1.0,1
0.3107,71,0,0.1725,5609.0,5,0,1,0,0.0,0
0.2873,55,0,0.2222,6052.0,9,0,1,0,1.0,0
0.8054,48,0,1.0178,6320.0,5,0,0,0,1.0,0
0.1011,78,0,0.241,6506.0,7,0,2,0,2.0,0
0.452,51,0,0.7207,4523.0,11,0,1,0,0.0,0
0.566,52,0,0.3136,,12,0,1,0,1.0,0
0.2512,28,0,0.0498,2959.0,7,0,1,0,1.0,0
0.7724,26,0,0.791,10119.0,3,0,2,0,0.0,0
0.4015,54,0,0.6163,19943.0,11,0,2,0,1.0,0
2.1433,80,0,0.2973,14689.0,12,0,2,0,2.0,0
0.1328,67,0,0.735,15698.0,9,0,1,0,0.0,0
0.6261,66,0,0.3865,4733.0,5,0,2,0,1.0,0
0.1152,32,0,0.8717,15973.0,4,0,1,0,1.0,0
0.9928,60,0,0.7236,7484.0,12,0,3,0,0.0,0
0.1307,68,0,0.3808,11311.0,9,0,1,0,2.0,0
0.1058,58,0,0.6688,15589.0,7,0,1,0,0.0,0
0.3738,27,0,0.1351,21170.0,9,0,1,0,2.0,0
0.7596,78,0,0.3942,3897.0,3,0,2,0,1.0,0
0.5706,58,0,0.0833,,14,0,0,0,2.0,1
0.0593,33,0,0.8042,6176.0,5,0,1,0,1.0,0
0.0141,76,0,0.7069,8671.0,12,0,2,0,1.0,0
0.2829,49,0,0.4503,17174.0,12,0,0,0,1.0,0
0.418,62,0,0.9933,,6,0,1,0,0.0,0
0.9452,44,0,0.5271,,6,0,0,0,1.0,0
0.5569,40,0,0.7717,4559.0,8,0,0,0,1.0,0
0.1909,64,0,0.7675,,8,0,1,0,2.0,0
0.1204,34,0,0.0541,,8,0,0,0,,0
0.0352,77,0,0.5044,5194.0,9,0,1,0,1.0,0
0.729,51,0,0.6062,11150.0,5,0,0,0,1.0,0
0.1233,52,0,0.1047,2450.0,8,0,0,0,1.0,0
12.8515,52,0,0.1159,2240.0,7,0,1,0,0.0,0
0.2474,59,0,0.8024,17424.0,2,0,2,0,1.0,0
2.1045,40,0,0.2533,,6,0,2,0,1.0,0
0.3659,51,0,0.7665,3713.0,14,0,0,0,1.0,0
0.1442,81,0,0.323,,6,0,3,0,1.0,0
0.1246,63,0,0.533,8849.0,12,0,0,0,,0
4.4176,46,0,0.1712,6057.0,9,0,0,0,1.0,0
0.0838,39,0,0.6624,5492.0,7,0,1,0,1.0,0
0.4961,30,0,0.643,3742.0,8,0,1,0,3.0,0
0.4582,62,0,1.1316,4780.0,3,0,2,0,0.0,0
0.3934,39,0,0.1632,8587.0,8,0,0,0,0.0,0
0.3074,65,0,0.1252,,8,0,1,0,0.0,0
0.0105,53,0,0.1929,9596.0,6,0,0,0,0.0,0
0.0433,55,0,0.5503,9132.0,5,0,1,0,0.0,0
1.2502,48,0,0.3803,6126.0,15,0,1,0,0.0,0
0.0254,43,0,0.3038,,5,0,1,0,0.0,0
0.2014,42,1,0.0241,,8,0,2,2,0.0,0
4.5174,59,0,0.5446,,10,0,1,0,,0
0.2382,39,0,0.9157,,8,0,0,0,1.0,0
0.2791,45,0,0.3499,11911.0,4,0,2,0,,0
0.4526,40,0,0.816,4541.0,11,0,1,0,,0
0.705,74,0,0.849,8668.0,11,0,0,0,0.0,0
1.1802,24,0,0.3805,4530.0,14,0,1,0,0.0,1
0.024,61,0,0.4916,8667.0,10,0,1,0,1.0,0
0.69,82,0,0.6085,1971.0,6,0,2,0,1.0,1
8.3732,23,0,0.1305,8078.0,9,0,0,0,0.0,0
0.425,59,0,0.3215,2330.0,3,0,1,0,,0
0.0363,40,0,0.507,10629.0,3,0,1,0,1.0,0
1.0689,64,0,0.9627,9461.0,10,0,0,0,4.0,0
0.6216,34,0,0.5761,4332.0,6,0,0,0,0.0,1
0.6876,66,0,0.2574,5519.0,10,0,0,0,0.0,0
0.2608,44,0,0.3294,7462.0,7,0,0,0,1.0,0
0.0184,35,0,0.6433,3075.0,13,0,1,0,1.0,0
0.2656,51,0,1.2093,4603.0,12,0,2,0,0.0,0
0.3515,42,0,0.281,2742.0,6,0,2,0,0.0,0
2.7165,21,0,0.7976,4124.0,7,0,1,0,0.0,1
0.0032,34,0,0.3234,3870.0,8,0,2,0,0.0,0
0.2986,71,0,0.2141,9130.0,4,0,1,0,1.0,0
0.3367,49,2,0.5008,2258.0,8,0,1,0,0.0,0
0.6444,61,0,0.3467,2321.0,11,0,1,0,0.0,0
1.0729,39,0,0.5123,7859.0,9,0,3,0,1.0,0
0.2894,60,0,0.566,7398.0,6,0,0,0,1.0,0
0.1379,54,0,0.2859,5221.0,6,0,0,0,1.0,0
0.1093,71,0,1.0516,4338.0,7,0,2,0,0.0,0
0.1283,53,0,0.1971,6079.0,12,0,0,0,0.0,0
0.6471,49,0,0.3619,,8,0,1,0,1.0,0
0.0891,48,0,0.5358,9461.0,10,0,0,0,1.0,0
1.0735,49,0,0.4394,4507.0,8,0,2,0,2.0,0
0.0223,59,0,0.4127,4693.0,7,0,0,0,1.0,0
0.7983,59,0,0.8336,12174.0,10,0,1,0,0.0,0
0.3872,35,0,0.3828,6496.0,7,0,3,0,1.0,0
0.1877,72,0,0.511,,5,0,2,0,3.0,0
0.5932,36,0,0.6577,13653.0,7,0,0,0,0.0,0
0.3787,49,0,0.3888,,8,0,1,0,0.0,0
0.7411,50,0,0.7692,7553.0,9,0,0,0,0.0,0
1.0362,50,0,0.1742,,4,0,1,0,0.0,0
0.7936,53,0,0.6122,1949.0,13,0,1,0,2.0,0
0.3167,39,0,0.4559,,7,0,0,0,,0
0.5357,54,0,0.5154,5760.0,8,0,0,0,2.0,0
2.739,47,0,0.0072,,4,0,1,0,1.0,1
0.0071,72,0,0.2455,4047.0,13,0,1,0,0.0,0
0.7489,48,0,0.1245,2906.0,5,0,0,0,0.0,0
0.3531,74,0,0.1435,,11,0,3,0,0.0,0
2.7432,56,0,1.6139,3653.0,6,0,1,0,1.0,0
0.34,47,0,0.6775,11036.0,10,0,0,0,0.0,0
0.4567,73,0,0.7047,2130.0,10,0,0,0,2.0,0
0.3824,77,0,0.5187,3794.0,7,0,0,0,0.0,0
0.4874,46,0,0.22,8208.0,5,0,4,0,0.0,0
0.0676,55,0,0.9787,9231.0,8,0,0,0,0.0,0
0.3315,62,0,0.417,2793.0,6,0,0,0,4.0,0
0.1639,54,0,0.3329,,9,0,2,0,3.0,0
0.5643,47,1,0.1131,2590.0,11,0,0,1,,0
0.8324,46,2,0.2863,5855.0,11,1,1,0,1.0,0
4.05,73,0,0.3937,20170.0,6,0,1,0,0.0,0
0.6019,72,0,0.0617,3873.0,4,0,1,0,1.0,1
0.1201,46,0,0.2327,5590.0,5,0,0,0,1.0,0
0.5103,49,0,0.0454,6809.0,9,0,0,0,1.0,0
1.9686,44,0,0.2873,8049.0,9,0,1,0,0.0,0
0.3582,74,0,0.4611,4196.0,12,0,0,0,2.0,0
0.7461,48,0,0.538,4909.0,11,0,0,0,0.0,0
0.3949,57,0,0.5723,12958.0,9,0,0,0,2.0,0
0.7454,68,0,0.3003,8222.0,9,0,0,0,2.0,0
0.5028,25,0,0.421,5262.0,6,0,2,0,1.0,0
0.5049,53,0,0.6173,3666.0,9,0,1,0,2.0,0
0.5334,29,0,0.6005,,6,0,1,0,1.0,0
0.0436,74,0,0.3602,6379.0,8,0,2,0,0.0,0
0.1055,28,0,0.8512,5264.0,8,0,0,0,1.0,0
1.0383,23,0,0.5557,4596.0,12,0,2,0,,1
0.2413,77,0,0.4421,11251.0,11,0,0,0,1.0,0
0.0835,43,0,0.5133,,8,0,1,0,0.0,0
0.6809,34,0,0.6786,4447.0,8,0,0,0,1.0,0
0.3184,31,0,0.2843,7043.0,6,0,0,0,,0
0.9439,57,0,0.6302,5401.0,14,0,0,0,2.0,0
1.7297,57,0,0.3842,,9,0,0,0,0.0,0
0.3632,60,0,0.8227,9088.0,8,0,1,0,0.0,0
0.0522,49,0,0.7924,5763.0,4,0,2,0,0.0,0
0.3386,80,0,0.5624,4018.0,11,0,1,0,1.0,0
0.8341,54,0,0.2087,14610.0,10,0,2,0,0.0,0
0.8979,49,0,0.8322,9058.0,11,0,1,0,1.0,0
4.4819,36,0,0.2235,3070.0,6,0,1,0,0.0,0
0.1107,32,0,0.9298,4004.0,6,0,2,0,1.0,0
0.8221,82,0,0.2199,4344.0,11,0,0,0,1.0,0
0.5556,31,0,0.3707,,7,0,1,0,0.0,0
0.7745,36,0,0.3986,4767.0,8,0,4,0,1.0,0
0.2423,52,0,0.3335,4795.0,6,0,0,0,0.0,0
0.5474,74,0,0.4618,,8,0,0,0,0.0,0
0.7997,37,2,0.962,4235.0,5,0,0,1,1.0,0
0.4242,50,0,0.4414,4882.0,7,0,1,0,1.0,0
0.6504,58,0,0.2003,2915.0,6,0,0,0,1.0,1
0.0243,55,0,0.2678,26827.0,12,0,1,0,3.0,0
0.0732,71,0,0.1852,,9,0,1,0,1.0,0
0.2765,59,0,0.22,8653.0,10,0,2,0,0.0,0
0.2727,86,0,0.2415,5120.0,11,0,0,0,0.0,0
0.4615,60,0,0.9529,6825.0,9,0,0,0,2.0,0
0.2562,58,0,0.963,4972.0,4,0,0,0,0.0,0
0.2037,34,0,0.2719,5065.0,15,0,0,0,2.0,0
0.0866,57,0,0.1999,12747.0,5,0,1,0,0.0,0
0.0327,40,0,0.3197,4368.0,2,0,1,0,0.0,0
0.2229,49,0,0.6471,8133.0,6,0,1,0,1.0,0
0.338,57,0,0.4869,9172.0,7,2,0,0,1.0,0
0.7113,60,0,0.6552,4956.0,7,0,2,0,,0
1.0414,54,0,0.747,4646.0,13,0,0,0,2.0,1
0.0157,37,0,0.8768,2441.0,8,0,1,0,1.0,0
0.3834,37,0,0.5312,2979.0,11,0,2,0,2.0,0
0.1986,35,0,0.2872,6189.0,5,0,0,0,0.0,0
0.9228,60,0,1.0108,3526.0,8,0,1,0,0.0,0
0.0472,49,0,0.6809,35556.0,6,0,1,0,0.0,0
6.5942,56,0,0.4341,4644.0,10,0,0,0,3.0,0
0.0491,36,0,0.3325,9637.0,13,0,0,0,0.0,0
0.7251,43,0,0.4405,5136.0,10,0,3,0,2.0,0
0.4123,70,0,0.3015,,13,0,0,0,,0
0.2667,47,0,0.5546,,8,0,1,0,1.0,0
0.3026,75,0,0.3698,3613.0,10,0,1,0,2.0,0
0.107,61,0,0.3468,3244.0,11,0,0,0,0.0,0
0.1585,45,0,0.4906,3493.0,10,0,2,0,1.0,0
0.1629,68,0,0.7527,,6,0,1,0,1.0,0
0.2077,56,0,0.7143,3268.0,12,0,0,0,1.0,0
0.3753,37,0,0.2339,,13,0,1,1,0.0,0
0.7343,53,0,0.4482,,7,0,1,0,1.0,0
0.168,53,0,0.9689,26243.0,13,0,2,0,0.0,0
0.5281,42,0,0.2663,3499.0,7,0,1,0,3.0,0
0.9543,45,0,0.5898,,11,0,1,0,1.0,0
0.9424,26,0,0.3268,4940.0,12,0,1,0,0.0,0
0.1648,54,0,0.6108,4894.0,12,0,0,0,0.0,0
0.1944,46,0,0.4756,4185.0,4,0,0,0,0.0,0
0.2103,45,0,0.634,4439.0,9,0,2,0,0.0,0
0.101,62,0,0.6804,14792.0,10,0,2,0,1.0,0
0.5047,93,0,0.3163,9240.0,9,0,4,0,2.0,0
0.6325,46,0,0.4153,7141.0,10,0,3,0,0.0,0
0.6235,57,0,0.5863,3792.0,3,0,1,0,1.0,0
0.3459,67,0,0.1315,3711.0,11,0,1,0,,0
0.6751,58,0,0.1592,3784.0,5,0,1,0,1.0,0
1.4921,53,0,0.4535,,9,0,3,0,1.0,0
0.8918,58,0,0.095,3518.0,6,0,0,0,3.0,0
0.4659,57,0,0.4268,,4,0,4,0,,0
2.146,45,0,0.5723,3344.0,7,0,1,0,0.0,0
0.3168,62,1,0.1251,,6,2,0,0,2.0,0
0.3579,54,0,0.2048,11427.0,4,0,1,0,0.0,0
0.0635,52,0,0.6814,,7,0,4,0,1.0,0
0.1002,48,0,0.1656,5810.0,13,0,0,0,1.0,0
0.4575,61,0,0.851,6404.0,17,0,0,0,0.0,0
0.2477,50,0,0.9024,1708.0,6,0,1,0,0.0,0
0.0414,72,0,0.7907,4554.0,7,0,1,0,1.0,0
0.0836,41,0,0.5191,7976.0,4,0,3,0,0.0,0
1.6607,55,0,0.7138,7934.0,7,0,2,0,1.0,0
0.1341,83,0,0.4963,,10,0,0,0,2.0,0
0.3707,50,0,0.6078,9575.0,4,0,0,0,0.0,0
0.5018,34,0,0.1568,12352.0,4,0,2,0,1.0,0
0.9413,62,0,0.2363,,7,0,0,0,0.0,0
0.4704,37,0,0.4699,10031.0,2,0,0,0,0.0,0
0.6311,75,0,1.0774,8106.0,4,0,3,0,2.0,0
0.2676,49,0,0.569,,8,0,2,0,1.0,0
0.2084,49,0,0.5462,5152.0,10,0,1,0,0.0,0
0.3051,49,0,0.3301,,5,0,0,0,0.0,0
0.256,46,2,0.6674,3072.0,8,0,0,1,2.0,0
0.9269,49,2,0.3741,,12,2,1,0,3.0,0
0.1738,48,0,0.1571,,7,0,1,0,0.0,0
0.2756,51,0,0.8511,,4,0,0,0,1.0,0
0.2506,58,0,0.377,6060.0,8,0,2,0,0.0,0
0.179,49,0,0.5029,,12,0,0,0,1.0,0
1.5917,94,0,0.1846,6259.0,13,0,0,0,,0
0.427,54,0,0.6621,,4,0,5,0,4.0,0
0.0837,65,0,0.531,,9,0,1,0,1.0,0
0.3032,41,0,0.716,3095.0,9,0,0,0,,0
0.4292,50,0,0.4686,6407.0,6,0,3,0,2.0,0
0.3523,46,0,0.1671,7270.0,6,0,2,0,2.0,0
0.4893,79,0,0.073,,5,0,1,0,1.0,0
0.0385,58,1,0.224,7789.0,5,0,3,0,1.0,0
0.6099,45,0,0.1082,2941.0,6,0,2,0,1.0,0
0.6038,30,0,0.4471,,13,0,2,0,1.0,0
1.5917,61,0,0.198,3945.0,7,0,1,0,1.0,0
0.1083,59,1,0.6855,8044.0,6,0,0,0,1.0,0
0.637,69,0,0.1459,,4,0,0,0,0.0,0
0.0963,48,0,0.6718,8246.0,5,0,1,0,1.0,0
0.4658,57,0,0.5607,1842.0,15,0,2,0,2.0,1
0.2259,63,0,0.8305,,7,0,1,0,1.0,0
1.19,39,1,0.5193,7192.0,6,0,0,1,0.0,0
0.335,69,0,0.7075,3952.0,9,0,3,0,0.0,0
0.6814,29,0,0.6672,,10,0,1,0,,0
0.3325,60,0,0.6863,3744.0,7,0,1,0,0.0,0
0.2978,46,0,0.4217,2538.0,11,0,2,0,0.0,0
1.4423,48,0,0.4617,1820.0,4,0,2,0,1.0,0
6.2749,63,0,0.1336,4359.0,12,0,2,0,1.0,0
0.516,71,0,0.0853,2672.0,6,0,1,0,2.0,0
0.5485,56,0,1.3058,,11,0,0,0,0.0,1
0.0396,49,0,0.4572,11834.0,6,0,2,0,0.0,0
0.3842,43,0,0.6963,3056.0,4,0,0,0,1.0,0
0.2846,33,0,0.4386,14242.0,9,0,1,0,1.0,0
0.8133,44,0,0.1136,7555.0,6,0,0,0,0.0,0
0.1591,60,0,0.5247,3316.0,9,0,1,0,0.0,0
0.831,58,0,0.3124,,15,0,0,0,0.0,0
0.2014,50,0,0.6096,,7,0,2,0,1.0,0
2.3282,49,2,0.5191,8548.0,6,0,1,0,0.0,0
0.8335,68,0,0.339,,4,0,1,0,0.0,0
0.0203,62,0,0.2639,3869.0,5,0,0,0,0.0,0
4.1418,58,0,0.624,4891.0,4,0,1,0,0.0,0
0.5133,35,0,0.6577,2735.0,9,0,1,0,1.0,0
0.6947,49,0,0.3563,1213.0,13,0,2,0,1.0,0
0.3057,73,0,0.816,8757.0,5,0,0,0,1.0,0
0.8523,58,0,0.5445,9533.0,15,0,2,0,0.0,0
0.5871,25,0,0.6418,4185.0,6,0,1,0,0.0,0
0.5583,54,0,0.578,9421.0,10,0,0,0,0.0,0
1.143,64,0,0.3877,4319.0,9,0,2,0,0.0,0
0.964,47,0,0.5336,5017.0,9,0,3,0,1.0,0
0.1573,57,0,0.454,5126.0,9,0,1,0,0.0,0
0.0224,85,0,0.0233,9487.0,10,0,1,0,1.0,1
0.6696,31,0,0.3524,,7,0,0,0,1.0,0
0.4783,34,0,0.6391,,9,0,1,0,0.0,0
0.1126,42,0,0.7239,987.0,10,0,0,0,1.0,0
0.0819,33,0,0.1517,,9,0,1,0,0.0,0
1.1367,58,0,0.8779,12398.0,10,0,1,0,1.0,0
0.7123,57,0,0.3128,8671.0,5,0,1,0,0.0,0
0.5352,51,0,0.3269,2191.0,6,0,0,0,1.0,0
2.2444,50,1,0.7795,5974.0,6,1,1,0,0.0,0
0.6027,53,0,0.0594,2788.0,10,0,1,0,1.0,0
0.0063,53,0,0.2413,2287.0,8,0,2,0,2.0,0
0.6343,41,0,0.2758,3987.0,4,0,3,0,4.0,0
0.1499,54,0,0.5696,3192.0,10,0,1,0,0.0,0
0.5654,69,0,0.9175,6965.0,9,0,1,0,0.0,0
0.7022,58,0,1.0553,,3,0,1,0,1.0,0
0.0209,40,0,0.8008,6197.0,8,0,3,0,0.0,0
10.9888,52,0,1.0077,10414.0,8,0,1,0,0.0,0
0.4903,25,0,0.6538,8411.0,6,0,1,0,,0
0.1059,21,3,0.2208,2072.0,10,0,2,2,0.0,0
0.2175,50,0,0.6043,,9,0,1,0,0.0,0
2.4372,61,0,0.4593,3977.0,6,0,1,0,1.0,0
0.3029,63,0,0.195,5553.0,13,0,0,0,1.0,0
0.868,21,0,0.1716,4766.0,6,0,1,0,0.0,0
0.1717,88,0,0.4534,,6,0,3,0,4.0,0
0.6804,48,0,0.4172,5503.0,6,0,2,0,2.0,0
0.032,53,0,0.4163,4522.0,6,0,2,0,0.0,0
2.207,49,0,1.1653,4523.0,4,0,1,0,2.0,0
0.2685,62,0,0.3986,,9,0,0,0,0.0,0
0.2118,38,1,0.6299,5477.0,9,0,1,0,0.0,0
1.491,30,0,0.0692,5121.0,2,0,2,0,0.0,0
0.0069,84,0,0.9614,8474.0,5,0,1,0,3.0,0
0.6013,55,0,0.7473,3869.0,6,0,2,0,,0
0.932,41,0,0.1949,4656.0,6,0,0,0,0.0,0
0.1127,54,0,0.1481,7356.0,6,0,1,0,0.0,0
0.2763,79,0,0.5103,6388.0,11,0,0,0,0.0,0
0.7357,70,0,0.5444,6283.0,11,0,0,0,0.0,0
0.0836,65,0,0.1672,5442.0,16,0,1,0,2.0,0
0.0252,37,0,1.0748,,8,0,0,0,1.0,0
0.306,42,0,0.7336,5485.0,7,0,1,0,1.0,0
0.2135,55,0,0.0984,8920.0,7,0,0,0,2.0,0
0.2559,60,0,0.6606,4851.0,5,0,0,0,2.0,0
2.0875,78,0,0.2636,4679.0,14,0,1,0,2.0,0
0.195,44,0,0.2698,1319.0,8,0,1,0,1.0,0
0.4299,57,0,0.2628,7838.0,10,0,1,0,0.0,0
0.5736,63,0,0.4291,10337.0,11,0,3,0,0.0,0
0.0802,55,0,0.2039,,8,0,2,0,0.0,0
1.7359,67,0,0.2045,7972.0,7,0,1,0,2.0,0
1.0606,91,2,0.4168,10914.0,11,0,0,0,0.0,0
0.4008,64,0,0.3844,,13,0,0,0,1.0,0
0.4697,26,0,0.7756,2130.0,10,0,2,0,0.0,0
2.5164,64,0,0.3945,5395.0,11,0,0,0,1.0,0
0.6436,67,0,0.6551,3343.0,11,0,1,0,0.0,0
1.1251,42,0,0.4123,8970.0,7,0,0,0,2.0,0
0.1991,55,0,0.3324,13087.0,12,0,0,0,1.0,0
3.1507,39,0,0.1088,9453.0,8,0,2,0,2.0,0
0.1744,74,0,0.5155,6439.0,6,0,2,0,1.0,0
0.8599,70,0,0.4902,5052.0,4,0,2,0,0.0,1
2.5875,48,0,0.6954,4067.0,11,0,0,0,2.0,0
0.4215,60,2,0.3353,2321.0,10,0,1,0,0.0,0
0.8548,40,1,0.4968,3394.0,9,1,1,0,2.0,0
1.0455,28,0,0.337,5638.0,9,0,2,0,1.0,0
0.2651,63,0,0.5,5543.0,13,0,2,0,,0
1.3692,33,0,0.2475,,5,0,0,0,1.0,0
0.1735,36,0,0.5917,3780.0,7,0,1,0,3.0,0
0.6727,50,0,0.0098,2473.0,11,0,3,0,0.0,0
0.0997,45,0,0.7123,6726.0,9,0,2,0,2.0,0
0.9664,21,0,0.4337,5144.0,6,0,1,0,2.0,0
0.596,47,2,0.9939,1731.0,9,0,1,1,0.0,0
0.638,46,0,0.4507,5709.0,8,0,1,0,1.0,0
0.4905,63,0,0.2674,2716.0,6,0,1,0,1.0,0
0.3916,72,0,0.2138,10280.0,12,0,0,0,0.0,0
0.4904,64,0,0.5735,2879.0,9,0,2,0,0.0,0
0.0139,39,0,0.716,,9,0,2,0,1.0,0
0.0583,61,0,0.4723,1650.0,11,0,1,0,1.0,0
0.7464,63,0,0.4833,8107.0,8,0,1,0,0.0,0
0.1068,49,0,0.5999,7099.0,13,0,1,0,1.0,0
0.6338,44,0,0.8815,,9,0,1,0,0.0,1
0.0411,32,0,0.4466,1955.0,5,0,1,0,2.0,0
0.2294,34,0,0.8459,6093.0,8,0,3,0,0.0,0
0.5203,53,0,0.6129,4501.0,8,0,1,0,0.0,0
0.2638,61,0,0.645,6600.0,11,0,0,0,1.0,0
1.2257,55,0,0.6648,5163.0,10,0,1,0,1.0,0
0.2572,65,0,0.3219,2602.0,10,0,0,0,0.0,0
0.7122,44,0,0.5298,4627.0,10,0,0,0,0.0,0
0.2005,40,0,0.2087,5566.0,2,0,2,0,0.0,0
0.0557,54,0,0.5535,,9,0,0,0,1.0,0
1.0512,63,0,0.7391,,8,0,0,0,0.0,0
6.1063,45,0,0.0423,8837.0,9,0,4,0,2.0,0
0.3859,34,0,0.5567,,5,0,1,0,0.0,0
0.06,69,0,0.5799,4113.0,6,0,1,0,0.0,0
0.0281,45,0,0.4965,,15,0,0,0,2.0,0
0.3616,68,0,0.9546,3899.0,10,0,0,0,1.0,0
0.0623,61,0,0.4551,4056.0,6,0,0,0,1.0,0
0.2035,46,0,0.649,11825.0,5,0,1,0,2.0,0
0.8802,43,0,0.694,12215.0,4,0,3,0,0.0,0
0.1861,52,0,0.7444,,9,0,1,0,1.0,0
0.3888,21,0,0.462,2674.0,9,0,1,0,0.0,0
0.1001,76,0,0.6322,2879.0,6,0,0,0,0.0,0
0.0979,55,0,0.894,3810.0,9,0,1,0,3.0,0
0.7009,63,0,0.3345,10413.0,8,0,2,0,1.0,0
0.2151,33,0,0.2269,5986.0,8,0,3,0,0.0,0
1.0489,75,0,0.6009,3935.0,10,0,0,0,0.0,1
0.532,45,0,0.5344,18131.0,8,0,1,0,0.0,0
0.0836,49,0,1.1011,10714.0,7,0,0,0,0.0,0
0.2324,52,0,1.1862,,10,0,2,0,1.0,0
0.1855,39,0,0.1294,,9,0,1,0,0.0,0
1.8369,43,0,0.2038,6990.0,16,0,1,0,0.0,0
3.775,68,1,0.5977,7626.0,13,0,2,2,0.0,0
0.0985,64,0,0.4354,1631.0,5,0,0,0,1.0,0
0.0121,56,0,0.5151,5935.0,4,0,1,0,1.0,0
0.4009,37,0,0.6295,8512.0,10,0,3,0,1.0,0
1.2456,45,0,0.5643,2442.0,9,0,0,0,,0
0.2102,55,0,0.8203,,10,0,2,0,1.0,0
0.2597,56,0,0.1399,4470.0,9,0,1,0,0.0,0
0.4132,63,0,0.5336,8696.0,10,0,0,0,0.0,0
0.9445,35,0,0.3377,5243.0,7,0,2,0,1.0,0
2.3328,54,0,0.0225,,12,0,3,0,1.0,0
0.3247,73,0,0.4922,13469.0,5,0,1,0,0.0,0
0.5172,55,0,0.5483,3577.0,7,1,2,1,0.0,0
1.8768,65,0,0.6565,3855.0,12,0,2,0,0.0,0
0.1852,39,0,0.9702,4517.0,5,0,0,0,1.0,0
0.1092,62,0,0.2436,4350.0,14,0,0,0,1.0,0
0.0795,50,0,0.1381,3235.0,13,0,0,0,1.0,0
0.3493,25,0,0.5523,12899.0,10,0,1,0,1.0,0
0.522,88,0,0.6459,1872.0,11,0,0,0,1.0,1
0.3082,58,0,0.6865,1622.0,10,0,2,0,0.0,0
0.0992,72,0,0.2877,3688.0,6,0,1,0,1.0,0
0.1593,64,0,0.184,8881.0,7,0,1,0,0.0,0
1.1705,35,0,0.4767,2079.0,9,0,1,0,0.0,0
0.3902,45,0,0.2494,,8,0,1,0,2.0,0
0.3674,53,0,0.7203,4744.0,13,0,0,0,1.0,0
0.1051,94,0,0.3398,3408.0,6,0,1,0,0.0,0
0.8792,57,0,0.8644,,7,0,0,0,,0
0.4642,35,0,0.3685,3205.0,5,0,2,0,0.0,0
0.3161,39,0,0.1727,4325.0,8,0,0,0,0.0,0
0.0695,72,0,0.4664,7837.0,12,0,3,0,2.0,0
7.695,47,0,0.5858,,9,0,1,0,0.0,0
0.5031,42,0,0.475,3272.0,6,0,2,0,1.0,0
1.0495,53,0,0.5024,5794.0,5,0,0,0,1.0,0
0.6944,87,0,0.4859,7884.0,6,0,0,0,3.0,0
0.1329,55,0,0.6154,2593.0,6,0,2,0,0.0,0
0.4825,69,0,0.095,10839.0,12,0,3,0,0.0,0
0.2048,60,0,0.3857,8659.0,6,0,0,0,0.0,1
0.0438,44,0,0.6612,4753.0,5,0,0,0,0.0,0
0.7661,48,0,0.4213,12183.0,5,0,0,0,2.0,0
0.3938,62,1,0.628,10484.0,8,0,1,1,1.0,0
0.0695,21,0,0.4099,,10,0,0,0,0.0,0
3.5543,39,0,0.2877,8396.0,6,0,1,0,2.0,0
1.3826,38,0,0.768,3179.0,7,0,2,0,1.0,0
0.1429,60,0,0.1574,12417.0,12,0,0,0,0.0,0
1.2451,43,0,0.4419,12161.0,10,0,1,0,1.0,0
0.0892,45,0,0.4396,3096.0,5,0,0,0,1.0,0
2.8652,55,0,0.6135,7181.0,8,0,0,0,0.0,0
0.1705,25,0,0.5451,3708.0,11,0,2,0,0.0,0
0.2731,27,0,0.638,,6,0,1,0,1.0,0
0.248,64,3,0.6769,9008.0,3,0,1,0,5.0,0
0.6811,44,0,0.2078,6863.0,7,0,2,0,0.0,0
0.522,28,0,0.1924,6208.0,8,0,3,0,2.0,0
0.0763,57,0,0.1932,10529.0,7,0,1,0,1.0,0
0.3999,48,0,0.5334,4256.0,10,0,0,0,3.0,0
1.1049,70,0,0.3033,2309.0,9,0,3,0,1.0,0
0.2241,57,0,0.2298,1736.0,15,0,0,0,0.0,0
0.2275,35,0,0.3472,5033.0,12,0,1,0,0.0,0
0.5268,44,0,0.1197,2948.0,11,0,2,0,1.0,0
0.516,59,0,0.2291,,8,0,0,0,0.0,0
0.1819,61,0,0.3372,2788.0,13,0,0,0,3.0,0
1.4763,65,0,1.0121,6759.0,8,0,1,0,0.0,0
0.1927,42,0,0.4788,5402.0,17,0,2,0,0.0,0
0.302,63,0,0.406,6118.0,9,0,1,0,0.0,0
0.0421,84,0,0.4381,4923.0,12,0,2,0,1.0,0
0.1033,66,0,0.1878,,11,0,0,0,1.0,0
6.5715,61,0,0.9652,9363.0,9,0,0,0,1.0,0
1.6363,47,0,0.4093,,4,0,0,0,,0
0.3427,65,0,0.3516,4234.0,8,0,1,0,0.0,0
0.0418,31,0,0.4512,10226.0,12,0,1,0,1.0,0
0.2619,54,0,0.776,5714.0,7,0,0,0,1.0,0
0.2018,39,0,0.5318,4550.0,6,0,0,0,0.0,0
0.9585,44,0,0.0926,5876.0,7,0,0,0,3.0,0
0.5001,63,0,0.7547,2374.0,8,0,3,0,0.0,0
0.2297,21,0,0.3783,5033.0,10,0,0,0,2.0,0
0.6637,33,0,0.9303,807.0,11,0,2,0,1.0,0
0.2865,43,0,0.704,,8,0,2,0,0.0,0
0.862,21,0,0.3016,5959.0,3,0,0,0,1.0,0
0.3574,54,0,0.6354,12480.0,6,0,1,0,1.0,0
5.1476,44,0,0.4174,5872.0,6,0,1,0,0.0,0
0.3793,62,0,0.1443,6902.0,7,0,0,0,0.0,0
0.0617,55,0,0.5094,,9,0,1,0,0.0,0
0.3353,48,0,0.5701,6378.0,14,0,1,0,1.0,0
0.0696,40,0,0.7647,6878.0,8,0,0,0,2.0,0
0.2281,69,1,0.3109,6168.0,6,0,0,0,1.0,1
0.2282,60,2,0.2037,5491.0,9,1,0,0,0.0,0
2.5333,68,1,0.6824,6599.0,11,1,0,0,0.0,0
0.7992,49,0,0.321,8600.0,17,0,0,0,0.0,0
1.6863,45,0,0.1554,2306.0,7,0,1,0,3.0,0
0.325,45,0,0.2708,,7,0,0,0,1.0,0
0.496,77,0,0.2652,21607.0,5,0,1,0,0.0,0
3.8284,78,0,0.2091,,12,0,4,0,,0
0.6145,56,0,0.2483,6819.0,4,0,2,0,3.0,0
0.7091,31,0,0.5121,2272.0,9,0,1,0,0.0,0
0.2855,55,0,0.4144,8481.0,8,0,0,0,2.0,0
0.2013,57,0,0.7198,4765.0,10,0,1,0,0.0,0
0.4431,66,0,0.9327,5211.0,6,0,0,0,1.0,1
1.1662,36,0,0.2586,15401.0,9,0,1,0,0.0,0
0.3076,58,0,0.7094,,10,0,0,0,0.0,0
0.1225,95,0,0.6183,6034.0,14,0,0,0,1.0,0
0.4863,35,0,0.8572,7559.0,4,0,0,0,0.0,0
0.0646,62,0,0.3281,,4,0,1,0,1.0,0
0.9468,62,0,0.9365,2074.0,5,0,1,0,0.0,0
3.3515,36,0,0.5455,2311.0,8,0,1,0,2.0,1
0.1776,62,0,0.6138,11229.0,8,0,2,0,0.0,0
0.122,52,0,0.6019,7491.0,7,0,0,0,0.0,0
0.799,61,0,0.1769,5308.0,9,0,3,0,1.0,0
1.0061,49,0,0.3052,4130.0,8,0,0,0,0.0,0
2.8402,57,0,0.8742,2668.0,3,0,2,0,2.0,0
0.3108,57,0,0.4892,10442.0,8,0,1,0,4.0,0
0.2285,49,0,0.2421,4895.0,10,0,0,0,0.0,0
0.3926,49,0,0.3867,7889.0,12,0,0,0,0.0,0
0.0126,51,0,0.9205,,5,0,1,0,1.0,0
0.8384,47,0,1.0047,7307.0,4,0,2,0,3.0,0
1.1336,47,0,0.3219,9635.0,10,0,3,1,2.0,0
0.3416,32,0,0.7597,3753.0,4,0,1,0,,0
0.5961,42,0,0.2998,,10,0,1,0,0.0,0
0.0821,30,0,0.7203,5289.0,9,0,0,0,0.0,0
0.0745,67,0,0.1559,4294.0,9,0,1,0,0.0,0
0.5943,59,0,0.1651,3372.0,5,0,1,0,2.0,0
0.1985,59,0,0.4168,10679.0,4,0,2,0,1.0,0
0.4908,45,0,0.6841,4750.0,10,0,3,0,1.0,0
0.6157,39,0,0.4894,4041.0,9,0,3,0,1.0,0
0.7271,45,0,0.4199,,6,0,0,0,0.0,0
0.8917,41,0,0.1357,3151.0,13,0,1,0,0.0,0
1.0186,28,0,0.1743,2190.0,6,0,2,0,1.0,0
5.3595,51,0,0.4323,10092.0,10,0,2,0,0.0,0
0.4449,43,0,0.8159,5846.0,11,0,2,0,1.0,0
0.8578,53,0,0.2373,911.0,8,0,0,0,2.0,0
0.4655,38,0,0.0591,5837.0,16,0,0,0,0.0,0
0.2381,33,0,0.4768,9188.0,13,0,0,0,1.0,0
0.3973,52,0,0.2995,,7,0,1,0,,0
0.6939,23,0,0.3367,9218.0,6,0,1,0,0.0,0
0.7872,67,0,0.4573,,14,0,0,0,2.0,0
0.3762,53,0,0.1636,10775.0,13,0,0,0,1.0,0
0.1223,46,0,0.7455,4649.0,9,0,1,0,1.0,0
0.6222,50,0,0.1682,1142.0,12,0,0,0,0.0,0
0.7216,71,0,0.6578,10666.0,9,0,1,0,1.0,0
0.165,50,0,0.2916,,9,0,0,0,2.0,0
0.5848,53,0,0.7823,,9,0,0,0,2.0,0
0.4824,42,0,0.5289,3718.0,7,0,1,0,0.0,0
0.2223,71,0,1.0442,3806.0,9,0,0,0,3.0,0
1.3308,57,0,0.2632,8216.0,12,0,0,0,4.0,0
0.0606,70,0,0.5021,7613.0,7,0,2,0,1.0,0
2.545,23,0,0.5355,12665.0,8,0,0,0,0.0,0
0.0538,36,0,0.1556,3244.0,10,0,1,0,2.0,0
0.5195,52,0,0.3133,4334.0,7,0,2,0,1.0,0
0.1374,63,0,0.4397,5553.0,12,0,0,0,2.0,0
0.7013,66,0,0.3302,7754.0,9,0,0,0,1.0,0
0.4093,52,0,0.599,2990.0,11,0,2,0,0.0,0
0.6869,40,0,0.5695,6766.0,10,0,0,0,0.0,0
0.7329,40,0,0.0869,,7,0,0,0,0.0,0
0.5662,71,0,0.4376,4011.0,9,0,3,0,2.0,0
0.5256,60,0,0.3377,2655.0,8,0,1,0,0.0,0
0.6894,66,0,0.5606,9023.0,11,0,2,0,0.0,0
0.0771,79,0,0.2141,5916.0,10,0,2,0,0.0,0
0.6455,21,0,0.7369,,9,0,0,0,,0
0.0623,38,0,0.7685,2863.0,7,0,3,0,1.0,0
2.1909,34,2,0.6939,9496.0,12,1,2,1,0.0,0
0.051,22,0,0.9559,3914.0,2,0,2,0,3.0,0
0.9154,58,0,0.3272,4656.0,4,0,1,0,3.0,0
0.3637,36,0,0.6707,9896.0,8,0,0,0,0.0,0
0.4847,42,2,0.4598,6233.0,5,0,2,0,0.0,0
0.5874,52,0,0.3388,8294.0,6,0,1,0,1.0,0
2.6688,52,0,0.372,,10,0,0,0,1.0,0
0.2036,73,0,0.7572,1166.0,9,0,1,0,0.0,0
0.185,58,0,0.3343,,5,0,1,0,2.0,0
0.1942,22,0,0.326,1622.0,6,0,1,0,0.0,0
3.0584,42,1,0.8764,10033.0,6,0,2,2,1.0,0
0.6275,40,0,0.3774,1723.0,9,0,0,0,0.0,0
0.0694,79,0,0.5728,,7,0,1,0,0.0,0
0.6712,72,0,0.5833,6170.0,11,0,2,0,1.0,0
1.7778,51,0,0.4102,,10,0,0,0,1.0,0
0.4893,41,0,0.3513,4713.0,10,0,0,0,1.0,0
0.1962,58,0,0.2674,5629.0,6,0,0,0,0.0,0
0.1151,59,0,0.4414,2786.0,8,0,0,0,1.0,0
0.0757,50,0,0.5276,7021.0,10,0,1,0,2.0,0
0.401,21,0,0.2614,12314.0,10,0,1,0,2.0,1
0.9457,45,0,0.9936,,13,0,0,0,1.0,0
0.4225,44,0,0.4079,6657.0,11,0,1,0,1.0,0
0.3736,42,2,0.4604,3157.0,11,0,0,1,0.0,0
0.5747,28,0,0.7097,3924.0,10,0,2,0,0.0,1
0.3516,64,0,0.3802,5389.0,6,0,0,0,0.0,0
0.4345,52,0,0.6958,3462.0,9,0,1,0,0.0,1
0.0206,42,0,0.3385,,5,0,0,0,2.0,0
0.333,33,1,0.0481,4267.0,6,0,0,0,1.0,0
0.1046,42,0,0.0502,8732.0,8,0,1,0,0.0,0
0.2563,56,0,0.5245,,9,0,0,0,1.0,0
0.2386,68,0,0.1077,6375.0,10,0,2,0,0.0,0
0.0776,68,0,0.4545,3539.0,7,0,1,0,1.0,0
0.1491,39,0,0.3988,,7,0,1,0,1.0,0
0.3336,87,0,0.5611,11910.0,9,0,3,0,0.0,0
0.4863,84,0,0.5219,,10,0,2,0,0.0,0
0.4034,33,0,0.2129,8028.0,4,0,0,0,1.0,0
0.5395,36,0,0.5165,3736.0,5,0,0,0,0.0,1
3.4677,50,0,0.5889,10135.0,13,0,1,0,1.0,0
0.3168,68,0,0.3682,,10,0,2,0,0.0,0
0.9263,71,0,0.1926,9842.0,7,0,2,0,0.0,0
0.1068,58,0,0.1829,3077.0,8,0,0,0,1.0,0
0.3285,62,0,0.3012,1483.0,8,0,1,0,0.0,0
0.4831,54,0,0.6279,12783.0,9,0,2,0,1.0,0
2.4951,57,0,0.8094,3185.0,11,0,1,0,0.0,1
0.6513,58,0,0.6467,7306.0,10,0,4,0,1.0,0
0.7137,43,0,0.6555,4836.0,6,0,1,0,1.0,0
0.2118,83,0,0.6936,4376.0,8,0,1,0,1.0,0
0.5073,68,0,0.8531,,5,0,0,0,0.0,0
0.1535,64,0,0.5461,6765.0,7,0,1,0,1.0,0
5.7124,49,0,0.4265,8855.0,13,0,1,0,0.0,0
0.0201,44,0,0.3712,2888.0,8,0,0,0,0.0,0
0.0757,29,0,0.1479,5377.0,13,0,0,0,1.0,0
0.605,48,0,0.7407,4825.0,6,0,1,0,3.0,0
0.3419,55,0,0.1984,9674.0,4,0,1,0,1.0,0
0.5311,35,0,0.3868,,8,0,0,0,1.0,0
1.1019,46,0,0.8104,7495.0,6,0,2,0,2.0,0
1.8396,47,0,0.1382,12329.0,9,0,0,0,1.0,0
0.0063,63,0,0.3716,,11,0,0,0,1.0,0
0.2137,62,0,0.135,4263.0,8,0,0,0,0.0,0
0.7572,41,0,0.1808,3525.0,8,0,0,0,0.0,0
0.4691,47,0,0.6098,7264.0,8,0,0,0,2.0,0
0.5083,45,0,0.2844,,7,0,0,0,1.0,0
0.1905,38,0,0.2627,2975.0,6,0,2,0,1.0,0
1.3573,45,0,0.3136,5739.0,6,0,3,1,2.0,0
0.2151,55,0,0.3802,2480.0,7,0,2,0,1.0,0
0.431,30,0,0.5764,2018.0,10,0,1,0,,0
0.0191,59,0,0.7174,5871.0,11,0,2,0,0.0,0
0.4204,38,0,1.2862,5486.0,3,0,1,0,4.0,0
0.3136,32,0,0.8035,1879.0,7,0,0,0,0.0,0
0.2888,43,0,0.3687,6969.0,6,0,0,0,1.0,0
0.5686,50,0,0.2299,8475.0,8,0,1,0,0.0,0
0.1987,58,0,0.5709,15878.0,12,0,2,0,2.0,0
0.1448,43,0,0.1865,7419.0,5,0,3,0,1.0,0
2.7493,58,0,0.3594,,7,0,0,0,0.0,0
4.498,54,0,0.2613,4958.0,9,0,2,0,1.0,0
1.5543,68,0,0.3748,5283.0,6,0,3,0,2.0,0
0.759,48,0,0.7724,18152.0,8,0,0,0,1.0,0
0.3604,44,0,0.382,3497.0,5,0,2,0,1.0,0
0.5199,89,0,0.5202,6336.0,8,0,0,0,1.0,0
1.5081,66,0,0.3753,3530.0,9,0,0,0,,0
0.2568,41,0,0.4641,9632.0,10,0,3,0,0.0,0
0.7216,66,0,0.1776,5296.0,8,0,3,0,1.0,0
0.4488,80,0,0.9658,14307.0,9,0,0,0,1.0,0
0.2862,54,1,0.6258,2463.0,7,0,2,2,3.0,0
0.8496,54,0,0.7617,3587.0,8,0,1,0,2.0,0
0.7801,42,0,0.675,,5,0,1,0,0.0,0
6.3854,68,0,0.4598,4036.0,9,0,1,0,1.0,0
0.1487,59,0,0.5522,5614.0,5,0,0,0,1.0,0
0.1357,30,0,0.5279,10220.0,3,0,1,0,1.0,0
1.8441,50,0,0.6163,6375.0,7,0,0,0,0.0,0
2.6993,51,0,0.8104,7272.0,5,0,2,0,0.0,0
0.0616,48,0,0.6813,7988.0,8,0,2,0,0.0,0
0.1426,48,0,0.5276,3832.0,5,0,2,0,,0
4.5094,28,0,0.6048,,10,0,2,0,0.0,1
0.7733,82,0,0.1526,6355.0,7,0,1,0,1.0,0
0.2401,49,0,0.0341,7878.0,12,0,1,0,2.0,0
0.5337,74,0,0.7321,12350.0,8,0,1,0,1.0,0
0.5925,45,0,0.2115,8607.0,15,0,2,0,2.0,0
2.2285,32,0,0.3782,8329.0,7,0,0,0,1.0,0
0.3524,53,0,0.4128,34007.0,7,0,3,0,0.0,0
0.5164,65,0,0.1851,3629.0,6,0,2,0,0.0,0
0.5007,42,0,0.2269,7990.0,7,0,1,0,0.0,0
0.4322,68,0,0.6844,,10,0,1,0,2.0,1
2.0875,45,0,0.6634,,9,0,1,0,0.0,0
0.5886,35,0,0.2214,1707.0,5,0,1,0,0.0,0
0.0304,56,0,0.3435,7842.0,5,0,0,0,0.0,0
1.6898,72,0,0.3495,,10,0,1,0,0.0,0
0.3452,81,0,0.6988,3279.0,10,0,3,0,2.0,0
0.1605,32,0,0.9606,5713.0,8,0,1,0,0.0,0
0.5983,42,0,0.2352,11281.0,10,0,2,0,0.0,0
0.6847,44,0,0.3279,7360.0,13,0,3,0,2.0,0
1.008,46,0,0.3415,5734.0,10,0,1,0,1.0,0
0.5753,54,0,0.7597,,8,0,2,0,0.0,0
0.6211,83,0,0.5256,6267.0,8,0,0,0,0.0,0
1.3207,84,0,0.5847,7171.0,5,0,2,0,0.0,0
0.1597,90,0,0.2679,17537.0,8,0,0,0,1.0,0
0.3699,66,0,0.9988,,7,0,1,0,0.0,0
0.8268,51,0,0.3675,4615.0,10,0,3,0,1.0,0
0.1705,35,0,0.3717,3702.0,7,0,0,0,2.0,0
0.0619,24,0,0.2035,4757.0,3,0,4,0,0.0,0
0.2949,66,0,0.3873,7542.0,11,0,1,0,0.0,0
0.2783,53,0,0.3361,10986.0,7,0,1,0,3.0,0
0.5424,78,0,1.089,14226.0,9,0,2,0,2.0,0
0.068,49,0,0.3546,,8,0,0,0,1.0,0
0.3585,72,0,0.6033,,8,0,1,0,0.0,0
0.1257,68,0,0.1006,,6,0,0,0,1.0,0
0.3185,21,0,0.43,,10,0,1,0,1.0,0
0.0747,56,0,0.3412,6755.0,7,0,1,0,,0
0.1045,50,0,0.3491,7402.0,6,0,4,0,0.0,0
2.2502,33,0,0.1528,7806.0,3,0,0,0,2.0,0
0.0159,81,0,0.5056,,6,0,0,0,1.0,0
0.3385,60,0,0.1209,5749.0,12,0,1,0,1.0,0
0.2063,80,0,0.7402,8426.0,5,0,4,0,3.0,0
1.0193,56,0,1.1093,5614.0,12,0,1,0,1.0,0
0.3827,56,0,0.8339,7157.0,12,0,0,0,1.0,0
0.1069,57,0,0.7005,12301.0,13,0,0,0,5.0,0
0.6193,55,0,0.8034,,8,0,4,0,2.0,0
0.241,67,0,0.6597,10235.0,17,0,0,0,2.0,0
0.0184,55,0,0.3031,5838.0,9,0,3,0,1.0,0
0.303,30,0,0.7844,10210.0,6,0,2,0,1.0,0
3.3322,79,0,0.5251,2030.0,8,0,1,0,0.0,0
3.4775,39,0,0.2369,10952.0,6,0,0,0,1.0,0
0.3998,47,0,0.6802,3163.0,7,0,2,0,0.0,0
0.5312,51,0,0.2252,6439.0,9,0,0,0,1.0,0
0.4031,29,0,0.7124,6620.0,12,0,1,0,0.0,0
0.2993,49,0,0.3418,9323.0,11,0,0,0,3.0,0
0.1219,43,0,0.2395,6997.0,8,0,2,0,0.0,0
0.0504,58,0,0.0099,4916.0,14,0,1,0,0.0,0
0.272,67,0,0.446,6306.0,8,0,1,0,0.0,0
0.1472,31,0,0.9002,3633.0,9,0,1,0,0.0,0
0.653,43,0,0.0749,3339.0,11,0,2,0,1.0,0
0.1685,48,0,0.5804,1651.0,9,0,0,0,0.0,0
0.0241,81,0,0.4781,21758.0,7,0,1,0,0.0,0
0.3424,47,0,1.0093,5064.0,12,0,1,0,1.0,0
1.8955,21,2,0.9864,22318.0,10,0,0,0,1.0,0
0.095,53,0,0.5065,,4,0,0,0,3.0,0
0.6258,63,0,0.5017,1541.0,7,3,2,1,1.0,0
0.3507,39,0,0.6081,,12,0,2,0,2.0,0
0.228,38,0,0.8593,6348.0,10,0,0,0,2.0,0
0.0509,47,0,0.6393,9740.0,8,0,1,0,1.0,0
1.2556,56,0,0.0461,14475.0,9,0,1,0,1.0,0
1.1753,45,0,0.0952,15581.0,6,0,1,0,1.0,0
0.3199,68,0,0.7689,14913.0,8,0,0,0,1.0,0
0.6855,49,0,0.6677,11089.0,10,0,2,0,2.0,0
0.8254,67,0,0.4801,8020.0,8,0,0,0,0.0,0
0.3228,41,0,0.7937,3454.0,9,0,0,0,1.0,0
0.0483,68,0,0.1531,5882.0,10,0,0,0,0.0,0
0.1411,36,0,0.2094,,9,0,1,0,1.0,0
0.3259,60,0,0.3217,,8,0,0,0,4.0,0
0.0426,49,0,0.5932,,13,0,1,0,0.0,0
0.6422,30,0,0.2492,4646.0,6,0,1,0,,0
0.3483,60,0,0.6797,,9,0,2,0,0.0,0
0.611,61,0,0.2497,7329.0,6,0,0,0,1.0,0
0.5277,49,0,0.7546,,9,0,1,0,0.0,1
0.4975,64,0,0.4272,7569.0,13,0,1,0,0.0,0
0.1019,65,0,1.1481,9408.0,5,0,1,0,0.0,0
0.2568,48,0,0.2137,16300.0,5,0,0,0,1.0,0
0.1717,48,0,0.2755,2665.0,8,0,1,0,0.0,0
0.038,69,0,0.8851,10388.0,4,0,2,0,0.0,0
1.4471,42,0,0.3551,4237.0,8,0,1,0,0.0,0
0.283,86,0,0.1046,6872.0,7,0,1,0,1.0,1
0.7767,44,0,0.4797,11073.0,4,0,2,0,1.0,0
0.5133,75,0,0.471,3419.0,8,0,2,0,1.0,1
0.4606,44,0,1.0242,,9,0,0,0,0.0,0
0.1717,38,0,0.7912,,9,0,1,0,0.0,0
0.5465,63,0,0.5035,4882.0,7,0,1,0,0.0,0
0.4251,46,0,0.3579,2627.0,11,0,0,0,0.0,0
0.0478,21,0,0.3784,,7,0,0,0,1.0,0
0.388,66,0,0.544,,5,0,1,0,1.0,0
0.2395,60,0,1.0078,8380.0,5,0,1,0,0.0,0
0.1348,28,0,0.4905,2676.0,11,0,1,0,2.0,0
0.5924,35,0,0.7132,11812.0,2,0,0,0,0.0,0
0.0782,50,0,0.1212,1750.0,8,0,4,0,1.0,0
3.5829,46,0,0.4715,3025.0,9,1,2,1,,0
0.0376,67,0,0.2414,5584.0,9,0,1,0,1.0,0
0.4077,60,0,0.4531,6947.0,11,0,0,0,3.0,0
0.2066,47,0,0.2008,6841.0,7,0,2,0,3.0,0
0.4076,37,0,0.5772,6020.0,5,0,1,0,0.0,0
0.348,32,0,0.4069,19528.0,5,0,1,1,0.0,0
1.5534,64,0,0.7112,7618.0,5,0,0,0,2.0,0
0.4253,36,0,0.2957,6792.0,7,0,0,0,1.0,0
0.11,49,0,0.1795,3298.0,8,0,0,0,1.0,0
1.5616,51,0,0.2823,,10,0,2,0,1.0,0
0.1465,33,0,0.286,3579.0,10,0,2,0,0.0,0
0.104,56,0,0.3035,,7,0,0,0,1.0,0
0.0957,65,0,0.9328,6298.0,8,0,1,0,1.0,0
0.5925,51,0,0.6836,,13,0,0,0,1.0,0
0.3134,34,0,0.4918,8242.0,8,0,3,0,1.0,0
0.6855,63,0,0.076,5420.0,16,0,3,0,1.0,0
0.4682,42,0,0.8016,2743.0,4,0,0,0,0.0,1
0.9887,39,0,0.1939,8180.0,3,0,1,0,3.0,0
0.7406,82,0,0.2862,4136.0,9,0,1,0,,0
1.5761,27,0,0.5827,5010.0,9,0,1,0,1.0,0
1.5437,35,0,0.9933,15063.0,10,0,2,0,0.0,0
2.1751,57,0,0.1701,,5,0,2,0,0.0,0
0.865,50,0,0.5372,2197.0,9,0,1,0,2.0,0
0.0525,55,0,0.2094,,12,0,2,0,0.0,0
3.5483,55,0,0.4974,1817.0,11,0,2,0,3.0,0
0.1877,50,0,0.4484,3962.0,4,0,3,0,0.0,0
0.4539,67,0,0.3191,3447.0,8,0,1,0,0.0,0
0.6517,64,0,0.5332,6208.0,12,0,3,0,0.0,0
0.1357,49,0,0.2763,,8,0,1,0,1.0,0
0.0953,49,3,0.2183,6556.0,4,0,1,0,1.0,0
0.4777,56,0,0.1593,4254.0,8,0,0,0,0.0,0
0.6235,50,0,0.2796,5989.0,9,0,0,0,1.0,0
6.7279,70,0,0.4681,3686.0,11,0,0,0,1.0,0
0.0727,66,0,0.2064,5815.0,8,0,1,0,0.0,0
0.4623,60,0,0.5873,3565.0,6,0,0,0,2.0,0
0.485,71,0,0.3597,8656.0,14,0,0,0,1.0,0
0.6616,60,0,0.3932,9593.0,4,0,1,0,2.0,0
0.0774,54,0,0.4419,3190.0,11,0,1,0,0.0,0
1.3224,52,0,0.375,2426.0,11,0,0,0,0.0,0
0.0607,55,0,0.7712,9236.0,6,0,1,0,1.0,0
0.1466,74,0,0.5377,5553.0,10,0,1,0,0.0,0
0.6606,57,0,0.4634,19961.0,5,0,1,0,0.0,0
0.3028,34,0,0.2866,,6,0,0,0,1.0,0
0.3267,43,0,0.4226,2273.0,7,0,1,0,0.0,0
4.1443,66,0,0.7632,7234.0,6,0,2,0,2.0,0
0.2535,42,0,0.9483,6893.0,6,0,0,0,3.0,0
3.9135,55,0,0.7253,,2,0,1,0,1.0,0
0.1266,61,0,0.4677,11712.0,5,0,2,0,1.0,0
0.7358,55,0,0.2472,4783.0,5,0,0,0,0.0,0
0.659,51,0,0.3487,4594.0,7,0,2,0,1.0,0
0.5945,39,0,0.5178,9067.0,6,0,1,0,0.0,0
0.4272,62,0,0.8387,20399.0,13,0,0,0,0.0,0
0.3692,38,0,0.856,,7,0,0,0,0.0,0
0.0167,59,0,0.2615,2107.0,11,0,0,0,0.0,0
0.3527,24,0,0.5631,3937.0,4,0,1,0,1.0,0
0.4257,41,0,0.217,5763.0,6,0,1,0,1.0,0
0.391,53,0,0.5963,,12,0,0,0,1.0,0
0.5428,51,0,0.9593,3577.0,3,0,1,0,1.0,1
4.7945,62,0,0.2062,,9,0,0,0,1.0,0
1.0384,26,0,0.0109,4840.0,11,0,0,0,3.0,0
0.2791,41,0,0.1612,3820.0,7,0,0,0,1.0,0
0.3603,37,0,0.7776,9846.0,6,0,1,0,0.0,0
0.6967,67,0,0.4442,5811.0,6,0,1,0,1.0,0
0.2769,40,0,0.1867,,11,0,0,0,0.0,0
0.773,49,0,0.189,1114.0,8,0,2,0,1.0,0
0.2555,55,0,0.4935,3032.0,15,0,0,0,0.0,0
0.5703,44,0,0.3537,11463.0,9,0,1,0,0.0,0
0.5042,59,0,0.2031,6250.0,14,0,1,0,0.0,0
0.3874,43,0,0.4235,8001.0,5,0,2,0,0.0,0
0.2999,27,0,0.5451,2954.0,8,0,2,0,1.0,0
2.3725,38,0,0.5028,6489.0,11,0,0,0,1.0,0
0.5229,26,0,0.2826,,7,0,0,0,0.0,0
4.4565,54,0,0.3627,,7,0,3,0,1.0,0
0.3486,50,0,0.6122,2308.0,5,0,1,0,1.0,0
0.4617,48,0,0.8096,4474.0,7,0,1,0,3.0,0
0.3279,59,0,0.5645,3009.0,4,0,1,0,2.0,0
0.6878,60,0,0.5576,17665.0,7,0,1,0,1.0,0
0.1498,38,0,0.4303,9674.0,2,0,0,0,0.0,0
0.0963,56,0,0.2329,4185.0,7,0,2,0,0.0,0
1.2233,37,3,0.633,2526.0,9,0,5,0,2.0,0
0.4364,29,0,0.8525,1971.0,8,0,1,0,1.0,0
0.4177,68,0,0.5422,4347.0,5,0,0,0,0.0,0
0.8824,50,0,0.7141,9529.0,12,0,3,0,0.0,0
0.4889,59,0,0.6454,,5,0,0,0,0.0,0
0.2513,35,0,0.8165,3477.0,9,0,2,0,2.0,0
1.7378,57,0,0.1545,13620.0,12,0,1,0,0.0,0
0.3256,49,0,0.3971,6235.0,5,0,1,0,1.0,0
0.5819,51,0,0.4078,6535.0,8,0,1,0,2.0,0
2.3855,75,0,0.0818,11303.0,5,0,1,0,3.0,0
0.2007,26,0,0.4385,2355.0,5,0,0,0,0.0,0
0.1313,60,0,0.4415,4571.0,7,0,2,0,1.0,0
0.1918,68,0,0.0734,9026.0,7,0,1,0,2.0,0
0.8544,59,0,1.0025,,7,0,1,0,0.0,0
0.0522,67,0,0.8998,10966.0,11,0,1,0,1.0,0
0.2711,41,0,0.5839,5774.0,9,0,0,0,0.0,0
1.7068,52,0,0.3077,12653.0,6,0,0,0,1.0,0
0.2796,64,0,0.2432,6014.0,11,0,1,0,0.0,0
0.2916,44,0,0.9153,2811.0,10,0,1,0,1.0,0
2.0027,31,0,0.1129,9169.0,5,0,1,0,0.0,0
0.1854,85,0,0.3736,3616.0,6,0,0,0,0.0,0
0.6299,61,0,1.1625,8069.0,11,0,1,0,2.0,0
0.418,62,0,0.8258,4892.0,8,0,0,0,0.0,0
0.895,52,1,0.7376,2854.0,9,0,0,1,2.0,1
1.8002,60,0,0.7677,8262.0,6,0,1,0,0.0,0
0.0267,45,0,0.4796,6297.0,9,0,2,0,0.0,0
0.6647,54,0,0.2456,,13,0,0,0,2.0,0
0.1139,55,0,0.2568,4024.0,14,0,1,0,0.0,0
1.0334,58,0,0.4298,3079.0,8,0,0,0,0.0,0
0.1087,46,0,0.2757,2703.0,5,0,0,0,1.0,0
0.6015,48,0,0.3979,4659.0,4,0,0,0,0.0,0
0.5758,61,0,0.4643,,6,0,1,0,1.0,0
0.0419,57,0,0.1205,4681.0,8,0,3,0,2.0,0
0.1121,64,0,0.3808,11311.0,5,0,0,0,0.0,0
0.538,35,0,0.5794,,4,0,0,0,0.0,0
0.6346,61,2,0.5828,3345.0,15,1,2,2,0.0,0
0.5772,38,0,0.2607,,8,0,3,0,0.0,1
0.0622,72,0,0.2396,4482.0,4,0,1,0,,0
0.6039,53,0,0.9302,5528.0,8,0,2,0,0.0,0
5.4204,51,0,0.3834,4479.0,8,0,0,0,1.0,0
0.0499,55,0,0.3663,6266.0,5,0,0,0,2.0,0
0.2184,57,0,0.4838,6718.0,8,0,2,0,0.0,0
2.5101,65,0,0.5794,8149.0,10,0,1,0,1.0,0
0.4212,69,0,1.1602,5927.0,14,0,0,0,1.0,0
0.2411,28,0,0.1168,17797.0,13,0,0,0,1.0,0
0.0232,49,1,0.5884,9004.0,13,0,1,0,1.0,0
0.1169,45,0,0.2888,6292.0,6,0,0,0,1.0,0
4.4752,42,0,0.4184,1808.0,11,0,0,0,,0
0.2637,34,0,0.5442,5819.0,7,0,0,0,0.0,0
0.4428,53,0,0.0486,13782.0,9,0,1,0,0.0,0
0.3112,35,0,0.6431,,6,0,2,0,0.0,0
0.2777,65,0,1.1742,,14,0,1,0,0.0,0
0.4285,42,0,0.2318,4735.0,6,0,2,0,2.0,0
0.0344,58,0,0.2941,4596.0,10,0,0,0,0.0,0
0.0449,41,0,0.4155,,5,0,0,0,1.0,0
0.17,40,0,0.1252,7618.0,4,0,1,0,0.0,0
0.4627,47,0,0.468,22178.0,7,0,1,0,1.0,0
0.5557,38,0,0.4802,9263.0,12,0,3,0,1.0,0
1.1497,67,0,0.1978,4515.0,6,0,1,0,1.0,0
0.3582,56,0,0.3745,,12,0,2,0,1.0,0
1.3873,62,2,0.5865,4736.0,8,1,0,0,0.0,0
0.5377,47,0,0.6606,2657.0,10,0,1,0,1.0,0
0.6825,67,0,0.2929,,12,0,0,0,2.0,0
0.1919,60,0,0.5745,5653.0,9,0,1,0,2.0,0
0.1059,40,1,0.3416,,7,0,2,0,1.0,0
0.493,54,0,0.4996,5912.0,7,0,0,0,0.0,0
0.0475,63,0,0.3684,9151.0,8,0,0,0,0.0,0
0.6284,45,0,0.4463,,11,0,0,0,1.0,0
0.5868,62,0,0.1357,4840.0,13,0,3,0,,0
0.6829,32,0,0.8038,11262.0,6,0,1,0,0.0,0
0.2501,50,0,0.3982,7013.0,9,0,2,0,2.0,0
1.5183,46,0,0.219,3992.0,11,0,1,0,2.0,0
0.2442,72,0,0.2987,5451.0,6,0,1,0,0.0,0
0.2437,39,0,0.2613,,6,0,0,0,0.0,0
0.0948,53,0,0.7008,1721.0,14,0,1,0,1.0,0
1.1892,72,0,0.2518,8975.0,5,0,1,0,2.0,0
0.1296,56,0,0.1959,6220.0,8,0,0,0,0.0,0
0.6237,40,0,0.2452,1976.0,7,0,1,0,1.0,0
0.2647,63,0,0.7058,3668.0,13,0,3,0,0.0,0
0.631,78,0,0.8229,5681.0,5,0,2,0,2.0,0
3.8768,53,0,0.1512,7065.0,8,0,1,0,0.0,0
1.8835,75,0,0.8718,1439.0,8,0,1,0,0.0,0
5.9778,60,0,0.4959,2658.0,6,1,0,0,0.0,0
0.2126,80,0,0.459,7434.0,15,0,0,0,3.0,0
3.2699,60,0,1.2561,2102.0,11,1,1,2,1.0,0
0.2684,82,0,0.6997,2535.0,7,0,0,0,0.0,0
0.1744,47,0,0.4852,,4,0,1,0,1.0,0
0.7174,55,0,0.2206,,8,0,2,0,,0
0.1223,39,0,0.4128,2426.0,8,0,0,0,1.0,0
1.2125,63,0,0.2565,3188.0,11,0,2,0,1.0,0
5.239,55,0,0.3137,5560.0,7,0,1,0,1.0,0
0.2819,62,0,0.197,4911.0,7,0,3,0,1.0,0
0.1912,60,0,0.6948,7930.0,13,0,2,0,0.0,0
0.0351,59,0,0.3712,8181.0,13,0,1,0,0.0,0
1.0449,64,0,0.538,8534.0,10,0,1,0,3.0,0
0.4371,66,0,0.4202,4464.0,11,0,1,0,1.0,0
1.2265,58,0,0.2133,5066.0,5,0,1,0,1.0,0
0.2175,56,0,0.7454,,9,0,1,0,0.0,0
0.0416,41,0,0.6123,6319.0,7,0,1,0,1.0,0
0.2537,67,0,0.2742,8376.0,11,0,1,0,3.0,0
0.2244,40,0,0.1572,8876.0,10,0,3,0,0.0,0
0.3836,50,0,0.2004,2780.0,4,0,0,0,2.0,0
0.4129,53,0,0.3597,,4,0,0,0,0.0,0
0.5255,34,0,0.9777,,5,0,1,0,0.0,0
0.907,35,1,0.1426,10542.0,10,0,1,0,1.0,0
0.0956,42,0,0.7022,,8,0,1,0,1.0,0
1.716,59,0,0.7045,6996.0,2,0,2,0,2.0,0
0.1635,57,0,0.6407,30479.0,7,0,2,0,0.0,0
0.7927,44,0,0.6347,,11,0,0,0,0.0,0
0.0024,71,0,0.2632,4453.0,6,0,1,0,2.0,0
0.5856,47,0,0.6227,,6,0,0,0,1.0,0
0.4565,74,0,0.2734,,14,0,1,0,1.0,0
0.4105,48,0,0.2925,4877.0,12,0,1,0,1.0,0
0.2733,43,0,0.2181,19441.0,13,0,0,0,0.0,0
0.9335,89,0,0.7013,,3,0,0,0,0.0,0
0.28,24,0,0.5517,4886.0,7,0,0,0,0.0,0
0.6494,57,0,0.4375,7157.0,11,0,1,0,0.0,0
0.4711,42,0,0.5098,,7,0,1,0,1.0,0
0.6867,35,0,0.5165,4724.0,8,0,1,0,0.0,0
0.5463,52,0,0.4735,,6,0,1,0,0.0,0
2.6449,75,0,0.1839,6663.0,4,0,2,0,0.0,0
0.3507,60,0,0.1818,3793.0,14,0,1,0,1.0,0
1.8058,30,0,0.6677,6277.0,8,0,2,0,1.0,0
2.4568,36,0,0.418,23769.0,12,0,0,0,1.0,0
0.2809,45,0,0.3451,7070.0,11,0,1,0,0.0,0
0.4695,39,0,0.7181,6745.0,3,0,2,0,1.0,0
0.5828,72,0,0.6889,,12,0,0,0,1.0,0
0.2688,60,0,0.5501,,9,0,1,0,2.0,0
0.2201,46,2,0.9903,5448.0,11,0,1,0,,0
0.3469,51,0,0.775,5112.0,12,0,1,0,1.0,0
0.7865,39,0,0.5323,,7,0,2,0,2.0,0
0.1383,45,0,0.5744,3445.0,9,0,2,0,3.0,0
0.4932,35,0,0.6402,4134.0,10,0,1,0,0.0,0
0.8326,54,0,0.7479,3916.0,8,0,0,0,1.0,0
0.4021,47,0,0.2399,3804.0,6,0,2,0,3.0,0
0.1765,52,0,0.4977,2708.0,5,0,2,0,0.0,0
0.4201,67,0,0.6281,18024.0,6,0,1,0,0.0,0
0.1118,50,1,0.624,1903.0,13,0,0,0,0.0,0
0.4097,21,0,0.5351,23436.0,9,0,2,0,0.0,0
0.8387,77,0,0.3887,5874.0,6,0,2,0,0.0,0
0.1343,55,0,0.7015,3625.0,7,0,0,0,0.0,0
1.9249,35,0,0.9763,2594.0,6,0,0,0,1.0,0
0.876,50,0,0.4017,7012.0,4,0,0,0,1.0,0
0.4992,65,0,0.3388,4713.0,8,0,0,0,1.0,0
0.834,47,0,0.2452,3485.0,7,0,1,1,1.0,0
0.1831,51,0,0.4167,5849.0,6,0,0,0,0.0,0
0.3555,50,0,0.6481,9347.0,9,0,1,0,0.0,0
0.8455,75,0,0.1588,5182.0,11,0,1,0,0.0,0
0.02,86,0,0.3348,5111.0,5,0,3,0,1.0,0
0.1918,66,0,0.3781,8178.0,7,0,2,0,1.0,0
0.3747,76,1,0.0751,6410.0,11,0,1,0,0.0,0
3.9866,31,0,0.7515,,7,0,1,0,0.0,0
0.5483,47,0,1.2201,,7,0,2,0,0.0,1
0.2606,40,0,0.5678,3381.0,6,0,0,0,0.0,0
0.0412,62,0,0.2053,2042.0,8,0,4,0,0.0,0
3.9293,69,0,0.6104,,8,0,2,0,1.0,1
1.0324,49,0,0.1101,4153.0,7,0,2,0,1.0,0
0.287,48,0,0.5527,5254.0,10,0,0,0,0.0,0
0.2895,54,0,0.4474,2896.0,8,0,0,0,0.0,0
0.284,42,0,0.6909,5113.0,5,0,0,0,0.0,0
0.0691,29,0,0.715,6461.0,4,0,0,0,1.0,0
0.3052,66,0,0.3776,,13,0,2,0,2.0,0
0.1837,45,0,0.4932,14106.0,7,0,0,0,0.0,0
0.3835,49,0,0.8173,6126.0,6,0,0,0,2.0,0
0.3428,62,0,0.3743,5444.0,12,0,0,0,1.0,0
0.5086,37,0,0.3256,12442.0,5,0,4,0,1.0,0
0.297,78,0,0.1987,2529.0,3,0,1,0,1.0,0
0.6343,59,0,0.3333,10165.0,11,0,0,0,2.0,0
0.0529,42,0,0.3896,,8,0,1,0,,0
1.0445,68,1,0.6027,1910.0,9,0,1,0,1.0,0
0.7866,75,0,0.4824,2252.0,5,0,0,0,0.0,1
0.52,27,0,0.0465,4786.0,4,0,0,0,2.0,0
0.3733,21,0,0.3556,,11,0,2,0,2.0,0
0.9307,49,0,1.1146,4922.0,7,0,1,0,1.0,0
0.0476,52,0,0.1588,11635.0,15,0,1,0,0.0,0
2.4607,56,0,0.594,,5,0,1,0,1.0,0
0.1266,73,0,0.6055,,5,0,1,0,2.0,0
0.0874,56,0,0.5609,8931.0,7,0,2,0,0.0,0
1.9304,49,0,0.6607,,6,0,2,0,4.0,1
0.5471,64,0,0.3855,1936.0,5,0,0,0,0.0,0
0.4176,73,0,0.1613,15729.0,6,0,3,0,0.0,0
0.3542,28,0,0.5818,3308.0,7,0,0,0,2.0,0
1.9768,70,0,0.1419,5232.0,6,0,0,0,1.0,0
1.105,48,0,0.8594,4236.0,6,0,0,0,3.0,0
0.7054,68,0,0.4971,1746.0,6,0,0,0,0.0,0
0.0287,41,0,0.4624,4317.0,5,0,1,0,0.0,0
0.9529,40,0,0.1669,5641.0,8,0,0,0,1.0,0
0.0767,63,0,0.5627,6481.0,5,0,0,0,1.0,0
0.0699,68,0,0.8619,1941.0,8,0,2,0,,1
0.0151,73,0,0.5841,5272.0,7,0,3,0,1.0,0
3.0705,31,0,0.627,,9,0,0,0,2.0,0
0.6095,58,0,1.2589,7646.0,7,0,1,0,,0
0.8623,64,0,0.1885,3139.0,6,0,1,0,0.0,0
0.4444,30,0,0.5607,5707.0,10,0,1,0,0.0,0
0.0696,30,0,0.522,2224.0,13,0,1,0,,0
0.0191,56,0,0.6251,12065.0,4,0,0,0,2.0,0
0.3103,55,0,0.6283,7848.0,9,0,3,0,1.0,0
0.0627,56,0,0.3627,13633.0,8,0,1,0,1.0,0
0.7971,46,0,0.2838,5178.0,5,0,0,0,2.0,0
0.0842,45,0,0.4424,3049.0,9,0,1,0,0.0,0
0.844,78,1,1.0328,10410.0,11,2,0,0,1.0,0
1.2601,47,0,0.5618,5843.0,3,2,1,0,1.0,0
0.4841,55,0,0.2444,6638.0,7,0,2,3,0.0,0
0.2587,37,0,0.1212,,8,0,2,0,0.0,0
0.5192,66,0,0.7296,11677.0,11,0,1,0,0.0,0
0.2964,52,0,0.3249,5594.0,8,0,2,0,0.0,0
0.1455,60,0,0.4935,10072.0,5,0,2,0,1.0,0
0.3977,73,0,0.6112,11146.0,10,0,2,0,1.0,0
0.5898,52,0,0.8143,4662.0,10,0,0,0,0.0,0
0.3254,88,0,0.2675,4480.0,6,0,0,0,2.0,0
0.2182,73,0,0.4298,,6,0,0,1,0.0,0
4.2702,52,0,0.4391,2579.0,4,0,0,0,0.0,0
0.219,43,0,0.2595,3582.0,9,0,1,0,0.0,0
0.6348,38,0,0.3232,5536.0,2,0,1,0,1.0,0
0.5027,43,0,0.3681,,9,0,1,0,2.0,0
0.4633,32,0,0.4354,4239.0,6,0,2,0,0.0,0
2.618,66,0,0.487,,12,0,0,0,2.0,0
0.1337,62,0,0.1614,,6,0,1,0,0.0,0
1.0464,53,0,0.5458,4783.0,6,0,0,0,1.0,0
0.4824,64,0,0.1001,4674.0,9,0,0,0,1.0,0
0.0531,51,0,0.7845,2157.0,8,0,0,0,,0
0.1958,46,0,0.3768,,5,0,0,0,0.0,0
0.5486,63,0,0.4466,3669.0,2,0,3,0,1.0,0
0.0674,45,3,0.2147,9415.0,3,0,2,0,0.0,0
0.385,68,0,0.2109,4537.0,7,0,1,0,1.0,0
9.399,55,0,0.47,2883.0,11,0,1,0,1.0,1
0.1864,83,0,0.4305,,7,0,0,0,0.0,0
0.7009,57,0,0.198,4567.0,12,0,0,0,1.0,0
0.014,39,0,0.7976,9032.0,8,0,0,0,1.0,0
1.8976,55,0,0.4929,4621.0,9,0,1,0,1.0,0
4.921,57,0,0.2107,2332.0,6,0,1,0,2.0,0
0.4511,51,0,0.6763,,8,0,1,0,0.0,0
0.3369,64,0,0.1244,2172.0,8,0,2,0,2.0,0
1.0069,70,0,0.0991,3102.0,6,0,1,1,0.0,0
0.2918,55,0,0.5458,7660.0,12,0,2,0,0.0,0
3.2231,65,0,0.1385,5615.0,8,0,2,0,0.0,0
3.1689,54,0,0.1293,,7,0,1,0,0.0,0
0.1112,43,0,0.4806,,15,0,1,0,1.0,0
0.4341,26,0,0.3464,4335.0,4,0,1,0,0.0,0
0.1539,76,0,0.4479,9571.0,13,0,0,0,1.0,0
0.8835,75,0,0.6765,5364.0,8,0,2,0,1.0,0
0.2826,39,0,0.069,4780.0,6,0,1,0,0.0,0
0.4858,29,0,0.9861,5329.0,9,0,0,0,2.0,1
0.4094,48,0,0.3719,16743.0,10,0,0,0,0.0,0
0.4213,51,0,0.5507,,4,0,1,0,,0
0.3795,36,0,0.4169,7049.0,5,0,1,0,0.0,0
0.4775,47,0,0.4691,,13,0,0,0,2.0,0
4.694,72,1,1.1053,3397.0,7,0,1,0,2.0,0
0.0077,54,0,0.4867,9798.0,9,0,0,0,2.0,0
0.1553,42,0,0.8534,9670.0,6,0,0,0,2.0,0
0.5956,59,0,0.2451,9732.0,14,0,1,0,1.0,0
0.4559,47,0,0.9738,8857.0,5,0,2,0,0.0,0
2.5532,39,0,0.3704,,9,0,0,0,1.0,0
0.73,30,0,0.6383,,9,0,3,0,2.0,1
0.1486,61,0,0.3417,3061.0,3,0,1,0,1.0,0
0.8393,33,0,0.6347,2367.0,9,0,0,0,0.0,0
0.9831,57,0,0.1394,6528.0,12,0,0,0,1.0,0
0.0159,81,0,0.8015,4178.0,7,0,2,0,2.0,0
4.4531,64,0,0.7176,3711.0,10,0,2,0,1.0,0
2.4693,55,1,0.3931,5576.0,10,1,1,0,0.0,0
0.3634,72,0,0.4857,,14,0,1,0,2.0,0
0.0502,69,0,0.6416,12374.0,10,0,0,0,2.0,0
0.476,78,0,1.3016,4705.0,9,0,0,0,,1
0.1526,44,0,0.6252,4799.0,10,0,0,0,0.0,0
0.4291,39,0,0.3802,2350.0,3,0,1,0,0.0,0
0.2378,32,4,0.5238,2676.0,5,0,1,0,2.0,0
0.1629,65,0,0.7678,,11,0,0,0,1.0,0
0.4559,68,0,0.1866,13434.0,6,0,1,0,1.0,0
0.045,21,0,0.8871,7950.0,10,0,0,0,1.0,0
0.6011,68,0,0.3584,4350.0,3,0,0,0,0.0,0
3.6366,58,0,0.6068,6446.0,4,0,1,0,0.0,0
0.1017,42,0,0.2186,5468.0,12,0,0,1,1.0,0
0.4527,67,0,0.3263,10520.0,6,0,0,0,1.0,0
0.5436,57,2,0.4172,11685.0,11,0,2,0,2.0,0
0.2363,61,0,0.5094,13120.0,9,0,1,0,0.0,0
2.6696,38,0,0.3275,5539.0,5,0,0,0,0.0,0
1.8606,39,0,0.1341,5301.0,6,0,2,0,1.0,0
0.131,52,0,0.4169,7839.0,11,0,2,0,0.0,0
0.2132,49,2,0.3667,3974.0,11,0,2,0,1.0,0
1.1621,49,0,1.0817,6326.0,5,0,2,0,2.0,0
0.6693,72,0,0.6045,7754.0,7,0,1,0,1.0,0
0.489,58,0,0.5454,13960.0,11,0,0,0,1.0,0
0.1928,43,0,0.4134,5565.0,11,0,0,0,2.0,0
2.8326,54,0,0.2605,,9,0,1,0,2.0,0
0.7918,79,0,0.2094,5137.0,8,0,0,0,0.0,0
0.0008,43,0,0.1894,2683.0,9,0,1,0,2.0,0
0.5474,34,0,0.1265,,6,0,2,0,1.0,0
0.2117,50,0,0.6686,9874.0,7,0,1,0,2.0,0
0.2573,43,0,0.8733,4966.0,9,0,1,0,0.0,0
1.0071,56,0,0.7748,6523.0,6,0,1,0,0.0,0
0.3899,51,0,0.2993,,10,0,1,0,1.0,0
0.3293,59,0,0.5137,5230.0,6,0,1,0,2.0,0
0.3666,47,0,0.5196,5877.0,9,0,2,0,0.0,0
0.2307,45,0,0.3284,9227.0,13,0,1,0,1.0,0
0.6608,51,0,0.4859,4776.0,7,0,1,0,0.0,0
0.0054,34,0,0.53,8398.0,4,0,2,0,2.0,0
2.3485,64,0,0.9074,24653.0,7,0,3,0,0.0,0
0.0386,92,2,0.2062,6894.0,7,0,0,0,1.0,1
7.1697,48,0,0.2392,,8,0,1,1,0.0,0
0.7849,73,0,0.4643,11095.0,13,0,2,0,0.0,0
0.9454,70,0,0.07,2611.0,8,0,1,0,2.0,0
1.4073,58,0,0.1394,12265.0,13,0,1,0,2.0,0
5.6232,31,0,0.7511,4169.0,9,0,3,0,,1
0.3921,33,0,1.2011,3078.0,11,0,0,0,2.0,0
0.4372,35,0,0.4976,,11,0,1,0,1.0,0
0.4874,31,0,0.8711,3414.0,6,0,1,0,0.0,0
0.1838,37,0,0.5031,3571.0,5,0,1,0,0.0,0
0.1866,33,0,0.1922,2446.0,7,0,1,0,0.0,0
0.5057,48,0,0.4741,23681.0,13,0,0,0,0.0,0
0.0585,75,0,0.763,3205.0,0,0,1,0,1.0,0
0.5317,35,0,0.4894,,9,0,0,0,1.0,0
0.3456,45,0,0.4663,5295.0,7,0,0,0,2.0,0
0.4261,48,0,1.2645,7117.0,10,0,0,0,0.0,0
1.2669,43,0,0.6102,6164.0,7,0,2,0,0.0,0
0.7217,47,0,0.8195,8450.0,14,0,1,0,1.0,0
0.085,62,0,0.4941,15432.0,8,0,2,0,0.0,0
0.663,42,0,0.3812,6444.0,7,0,1,0,0.0,0
0.25,41,0,0.396,12106.0,8,0,0,0,1.0,0
0.4585,57,0,0.3711,,9,0,0,0,0.0,0
0.5806,60,0,0.664,5276.0,15,0,2,0,1.0,0
0.1554,56,0,0.5669,11052.0,9,0,0,0,1.0,0
7.9533,43,0,0.6922,3758.0,8,0,0,0,1.0,0
0.603,31,0,0.7765,6117.0,12,0,1,0,1.0,0
0.4676,31,0,0.2536,18166.0,4,0,0,0,2.0,0
0.9232,38,0,0.6283,5459.0,5,0,0,0,0.0,0
0.3306,59,0,0.3969,,7,0,1,0,0.0,0
0.1133,61,0,0.5605,,8,0,1,0,1.0,0
0.3097,55,0,0.2118,4828.0,3,0,1,0,0.0,0
0.1907,47,0,0.8102,6487.0,11,0,3,0,1.0,0
0.349,41,0,0.1445,3715.0,3,0,2,0,1.0,0
0.2477,38,0,0.6806,5975.0,5,0,2,0,1.0,0
0.1755,50,0,0.9485,10801.0,9,0,2,0,0.0,0
0.0723,53,0,0.4932,4625.0,10,0,0,0,2.0,0
0.5179,54,0,0.7521,3036.0,13,0,0,0,0.0,0
0.1494,45,0,0.3,5717.0,5,0,1,0,1.0,0
0.3444,48,0,1.0607,6698.0,7,0,0,0,0.0,0
0.6061,54,0,0.2133,8657.0,9,0,1,0,0.0,0
0.6274,53,0,0.3749,11521.0,6,0,0,0,0.0,0
0.4963,46,0,0.7521,11876.0,10,0,0,0,0.0,0
0.2434,52,0,0.3025,4469.0,12,0,1,0,0.0,0
0.2206,77,1,0.8808,10908.0,9,1,0,0,0.0,0
1.9284,32,0,0.0853,6575.0,11,0,1,0,1.0,0
0.5783,64,0,0.8435,8368.0,8,0,1,0,1.0,0
3.9744,54,0,0.0704,6967.0,6,0,4,0,0.0,0
0.1964,48,0,0.2027,9211.0,6,0,1,0,0.0,0
0.1376,51,0,0.6684,7799.0,5,0,1,0,1.0,0
0.1086,32,0,0.3961,12119.0,11,0,1,0,0.0,0
0.1706,34,0,0.5441,7924.0,9,0,0,0,1.0,0
0.7309,51,0,0.7869,,4,0,2,0,0.0,0
0.2749,78,0,0.2761,,4,0,0,0,1.0,0
0.8061,40,0,0.6832,8901.0,10,0,0,0,2.0,0
0.2005,50,0,0.2033,2410.0,7,0,0,0,1.0,0
0.1803,65,1,0.2391,22545.0,9,0,1,1,0.0,0
0.3816,36,0,0.6138,4151.0,11,0,2,0,0.0,0
1.8133,44,0,1.0422,,7,0,1,0,1.0,1
0.2517,51,0,0.3814,2190.0,8,0,0,0,0.0,0
0.2636,48,0,0.7456,,8,0,3,0,0.0,0
0.2739,63,0,0.8096,,10,0,1,0,0.0,0
2.4993,73,2,0.2143,2423.0,10,0,1,1,2.0,0
0.6467,38,0,1.1991,11683.0,7,0,1,0,0.0,0
0.5867,48,0,1.3783,9755.0,11,0,0,0,1.0,0
0.1359,66,0,0.5144,3270.0,7,0,2,0,1.0,0
0.2328,82,0,0.3332,8401.0,7,1,0,0,0.0,0
0.8767,66,0,0.8947,11128.0,4,0,2,0,0.0,0
2.8915,53,0,0.6004,7760.0,9,0,0,0,2.0,0
2.0655,64,0,0.501,,10,0,1,0,0.0,0
0.4392,50,0,0.3541,7050.0,5,0,0,0,0.0,0
0.7322,67,0,0.3513,6542.0,6,0,3,0,0.0,0
0.0839,51,3,0.5044,,7,0,0,0,3.0,0
0.5059,47,0,0.2517,5615.0,13,0,2,0,1.0,0
0.0697,58,0,0.6902,1569.0,3,0,2,0,0.0,0
0.6796,45,0,0.6111,4234.0,19,0,3,0,2.0,0
0.3408,69,0,0.4652,4668.0,5,0,3,0,1.0,0
0.1793,70,0,0.3832,5064.0,7,0,3,0,1.0,0
3.851,56,0,0.4101,4976.0,7,0,0,0,0.0,0
0.4586,61,0,0.858,4733.0,15,0,1,0,2.0,0
0.6176,56,0,0.5072,2774.0,6,0,3,0,0.0,0
0.4859,34,0,0.4017,,15,0,0,0,,0
2.1641,64,0,0.9956,4243.0,3,0,0,0,1.0,0
0.6138,28,0,0.4552,7142.0,8,0,1,0,2.0,0
0.3796,69,0,0.4742,,10,0,0,0,1.0,0
0.0073,49,0,0.309,2595.0,11,0,1,0,2.0,0
0.0193,38,0,0.5622,10084.0,10,0,0,0,1.0,0
9.9712,53,0,0.1273,5556.0,8,0,0,0,2.0,0
3.4364,65,0,0.5167,7208.0,5,0,0,0,1.0,0
0.3542,68,0,1.1679,,3,0,0,0,0.0,0
0.0823,68,0,0.4249,9676.0,13,0,1,0,1.0,0
0.123,42,0,0.4558,,12,0,0,0,0.0,0
0.2526,38,0,0.0552,20690.0,9,0,1,0,1.0,0
0.1625,48,0,0.3949,11368.0,7,0,0,0,1.0,0
5.2535,50,1,0.3451,,6,0,0,3,0.0,0
0.3862,52,0,0.6462,7681.0,5,0,0,0,1.0,0
1.6992,32,0,0.0348,4500.0,5,0,1,0,1.0,0
0.3102,52,0,0.0887,4216.0,15,0,1,0,1.0,0
5.632,61,0,0.1563,5614.0,11,0,2,0,1.0,0
0.2763,46,0,0.7949,8129.0,3,0,0,0,1.0,0
0.509,53,0,0.849,,8,0,1,0,2.0,0
0.6747,68,0,0.7808,4086.0,9,0,1,0,1.0,0
0.5463,34,0,0.4041,11109.0,4,0,1,0,0.0,0
0.1995,57,0,0.3762,6714.0,5,0,2,0,1.0,0
1.6848,27,0,0.0324,7271.0,10,0,1,0,1.0,0
0.3126,35,0,0.8305,6578.0,8,0,3,0,0.0,0
0.5586,76,0,0.2099,5633.0,12,0,1,0,2.0,0
1.8717,42,0,0.3957,4443.0,14,0,0,0,2.0,0
1.9358,55,0,0.7331,10751.0,8,0,1,0,0.0,0
0.0985,31,0,0.2386,4697.0,6,0,1,0,0.0,0
1.6859,48,1,0.5381,2160.0,7,0,0,0,1.0,0
0.3977,58,0,0.6589,2994.0,6,0,1,0,0.0,0
0.4833,62,0,0.6927,4676.0,9,0,1,2,0.0,0
0.3606,60,1,0.2273,4068.0,4,2,3,0,1.0,0
0.7783,49,0,0.8637,5704.0,8,0,1,0,,0
0.1814,63,1,0.3605,,12,0,0,0,0.0,0
0.4613,55,0,0.4336,6021.0,6,0,0,0,,0
0.2201,29,0,0.6108,5655.0,8,0,2,0,0.0,0
0.0975,49,0,0.2251,3639.0,7,0,1,0,2.0,0
13.958,38,0,0.2849,1629.0,11,0,1,0,1.0,0
0.1742,37,0,0.3521,7890.0,8,0,2,0,2.0,0
0.1332,52,0,0.3616,,6,0,1,0,1.0,0
0.6755,39,0,0.1826,6231.0,5,0,0,0,,0
0.6014,59,0,0.2497,5622.0,8,0,3,0,0.0,0
0.3024,61,0,0.5888,3585.0,12,0,2,0,0.0,0
0.241,21,2,0.4304,1765.0,8,0,1,1,0.0,0
0.428,66,0,0.6525,2926.0,11,0,3,0,2.0,0
0.1048,52,0,0.928,,9,0,1,0,0.0,0
0.1246,58,0,0.3613,10966.0,12,0,1,0,1.0,0
1.3185,66,1,0.3734,11010.0,6,0,1,0,4.0,0
0.1334,35,0,0.4603,6682.0,6,0,1,0,0.0,0
0.0611,52,0,0.7303,3814.0,4,0,1,0,0.0,0
0.3291,61,0,0.8355,7265.0,7,0,1,0,0.0,0
0.7766,54,0,0.872,,12,0,2,0,1.0,0
1.1441,75,1,0.3725,9233.0,9,0,2,0,1.0,0
0.6722,40,0,0.1056,2587.0,9,0,0,0,1.0,0
0.2655,52,0,0.4716,,5,0,0,1,1.0,0
0.2298,52,0,0.3626,5404.0,4,0,0,0,1.0,0
0.3293,76,0,0.778,11937.0,7,0,0,0,1.0,0
0.0141,58,0,0.1292,13476.0,6,0,0,0,1.0,0
0.091,52,0,0.5379,3257.0,7,0,1,0,,0
0.3002,82,0,0.3528,9528.0,6,0,1,0,1.0,0
0.6583,64,0,0.2165,,13,0,1,0,0.0,0
0.4019,45,0,0.8161,9521.0,3,0,2,0,1.0,0
0.1826,51,1,0.4649,,9,0,1,0,2.0,0
0.4371,64,0,0.2664,6716.0,9,0,1,0,1.0,0
0.3243,41,0,0.2482,6006.0,12,0,0,0,0.0,0
0.0054,64,0,0.1336,9525.0,10,0,3,0,0.0,0
0.8805,70,0,0.6758,5895.0,6,0,0,0,1.0,0
3.7064,61,0,0.7644,,8,0,2,0,1.0,1
0.7153,44,0,0.1904,6077.0,6,0,0,0,0.0,0
0.0715,48,0,0.927,6592.0,14,0,2,0,1.0,0
0.1468,62,0,0.742,11967.0,6,0,2,0,1.0,0
0.5221,58,0,0.5656,,8,0,0,0,1.0,1
2.9654,86,0,0.3367,5330.0,8,0,0,0,,0
0.0939,41,0,0.1019,5908.0,12,0,1,0,0.0,0
0.4773,61,0,0.4776,8033.0,12,0,0,0,1.0,0
0.0383,49,0,0.5644,2721.0,6,0,0,0,1.0,0
0.5404,21,2,0.6268,4358.0,8,1,0,1,0.0,0
0.8373,70,0,0.2779,6865.0,6,0,1,0,,0
2.0714,49,0,0.8482,8678.0,10,0,1,0,2.0,0
2.0461,71,0,0.2785,4869.0,8,0,0,0,0.0,0
0.2366,64,0,0.2877,8185.0,4,0,0,0,2.0,0
0.3946,64,0,1.0044,2113.0,7,0,2,0,1.0,0
0.9909,48,0,0.1955,10740.0,5,0,0,0,0.0,0
0.4361,45,0,0.16,3434.0,10,0,0,0,1.0,0
1.7484,82,2,0.2269,2118.0,8,0,1,0,0.0,0
0.1294,58,0,0.2347,11274.0,7,0,0,0,0.0,0
1.0951,82,0,0.254,4330.0,12,0,0,0,0.0,0
0.069,53,0,0.3281,3687.0,5,0,0,0,1.0,0
0.2437,59,0,0.4995,4330.0,7,0,1,0,1.0,0
2.5597,62,0,1.1154,1943.0,3,0,0,0,2.0,1
0.4094,69,4,0.7777,3629.0,7,0,1,2,0.0,0
0.1214,21,0,0.479,2196.0,7,0,0,0,1.0,0
0.1386,47,0,0.1488,3955.0,8,0,2,0,2.0,0
0.3447,61,0,0.7554,8851.0,8,0,2,0,0.0,0
0.2398,75,0,0.3258,,8,0,0,0,1.0,0
0.9788,66,0,0.603,8244.0,3,0,0,0,0.0,0
0.4878,48,0,0.4101,3134.0,6,0,1,0,1.0,0
0.8201,60,0,0.4165,1623.0,7,0,0,0,0.0,0
0.6273,91,0,0.7213,11223.0,11,0,1,0,0.0,0
0.4809,57,0,0.7585,3960.0,7,0,0,0,1.0,0
13.7579,50,0,0.6277,3720.0,7,0,1,0,1.0,0
0.1049,64,0,0.3242,7112.0,8,0,0,0,1.0,0
0.1324,51,0,0.7869,,9,0,1,0,0.0,0
0.1391,57,0,0.026,15317.0,11,0,1,0,3.0,1
0.1148,61,0,0.2437,16171.0,6,0,1,0,2.0,0
0.3462,45,0,0.0477,9069.0,5,0,1,0,2.0,0
1.0164,46,0,0.4756,8291.0,7,0,2,0,1.0,0
0.0831,80,0,0.3415,5940.0,3,0,0,0,1.0,0
0.099,38,0,0.7839,,8,0,0,0,1.0,0
0.1739,39,0,0.804,,11,0,0,0,0.0,0
0.0254,55,0,0.2311,,2,0,2,0,1.0,0
0.2944,41,0,0.7736,7104.0,8,0,0,0,0.0,0
1.0098,62,1,0.6601,7509.0,4,0,0,1,3.0,0
0.7102,57,0,0.3768,3160.0,8,0,1,0,1.0,0
5.7042,64,0,1.0473,11167.0,7,0,1,0,2.0,0
1.3139,70,0,0.7512,10114.0,8,0,0,0,3.0,0
2.4838,59,0,0.5601,3957.0,9,0,1,0,2.0,0
6.5477,70,0,0.187,,4,0,2,0,0.0,0
0.2141,28,0,0.0831,,8,0,2,0,1.0,0
0.138,53,0,0.1222,,7,0,0,0,0.0,0
0.3576,28,0,0.6296,3111.0,6,0,5,0,1.0,0
0.8527,58,0,0.4117,20135.0,5,0,1,0,2.0,0
0.0342,72,0,0.4978,8158.0,5,0,2,0,2.0,0
0.0762,35,0,0.1696,7145.0,11,0,0,0,0.0,0
0.3377,26,0,0.9785,2382.0,13,0,1,0,1.0,0
0.0086,43,0,0.5196,5770.0,10,0,0,0,0.0,0
0.8164,65,0,0.464,7050.0,10,0,2,0,0.0,0
0.1239,56,0,0.2679,,5,0,0,0,0.0,0
0.1144,45,0,0.2392,3109.0,5,0,0,0,0.0,0
0.0503,56,0,0.398,6749.0,13,0,4,0,0.0,0
0.6648,32,0,0.3554,2803.0,5,0,0,0,0.0,0
0.0716,56,0,0.7225,13272.0,4,0,0,0,0.0,0
0.1282,43,0,0.9452,3850.0,8,0,1,0,0.0,0
3.6361,64,0,0.5817,,6,0,0,2,0.0,0
0.3882,33,0,0.2302,,8,0,1,0,1.0,0
0.1847,54,0,0.3514,5392.0,9,0,1,0,0.0,0
0.1857,49,0,0.8279,5769.0,7,0,1,0,1.0,0
0.6883,68,0,0.5134,5303.0,4,0,2,0,0.0,1
1.0653,42,0,0.4352,7865.0,7,0,1,0,2.0,0
0.8405,25,0,0.4617,3570.0,8,0,3,0,0.0,0
0.1179,62,0,0.4229,3715.0,9,0,1,0,2.0,0
0.4989,35,2,0.1559,3510.0,4,0,2,2,0.0,0
0.296,51,0,0.4516,6920.0,7,0,0,0,1.0,0
0.442,58,0,0.6437,5086.0,10,0,2,0,1.0,0
0.4594,21,1,0.2458,13994.0,10,0,1,2,0.0,0
0.6384,37,0,0.7757,5683.0,7,0,0,0,2.0,0
0.6062,68,0,0.4772,5184.0,8,0,1,0,0.0,1
0.0138,66,0,0.334,5324.0,12,0,3,0,0.0,0
0.2995,51,0,0.2572,11367.0,4,0,1,0,0.0,0
0.1134,37,0,0.976,7185.0,12,0,0,0,0.0,0
1.0095,89,0,0.1342,6329.0,11,0,0,0,0.0,0
0.2777,57,0,0.5235,4320.0,6,0,0,0,1.0,0
0.5738,65,0,0.1206,4440.0,5,0,0,0,2.0,0
2.1647,44,0,0.2836,,4,0,0,0,1.0,0
4.0969,38,1,0.1265,2550.0,8,0,2,0,0.0,0
0.2035,67,0,0.4426,7106.0,6,0,1,0,1.0,0
0.1084,50,0,0.628,8425.0,8,0,1,0,1.0,0
0.029,56,1,0.1102,7664.0,6,0,2,0,0.0,0
0.3432,50,0,0.2231,2686.0,7,0,1,0,2.0,0
0.7215,73,0,0.2704,18166.0,10,0,1,0,0.0,0
2.4497,50,0,0.747,,9,0,0,0,4.0,0
0.6815,60,0,0.0169,6188.0,5,0,1,0,0.0,0
1.3572,55,0,0.6801,9250.0,9,0,2,0,0.0,0
0.2781,32,0,0.6343,,5,0,0,0,0.0,0
4.1961,41,0,0.2942,2013.0,9,0,0,0,0.0,0
0.9494,56,2,0.5529,,5,1,2,0,0.0,0
0.3516,47,0,0.1688,6087.0,7,0,1,0,1.0,1
0.2536,49,0,0.4949,3179.0,7,0,3,0,1.0,0
0.2635,73,0,0.5335,,13,0,3,0,0.0,0
0.2899,48,0,0.8518,,7,0,0,0,0.0,0
2.9878,83,0,0.1727,12240.0,7,0,2,0,0.0,0
0.7032,49,0,0.2112,5717.0,9,0,3,0,,0
0.0027,44,0,0.6667,6243.0,5,0,1,0,1.0,0
0.8496,74,0,0.489,8893.0,11,0,0,0,1.0,0
0.3287,56,0,0.5079,3145.0,8,0,2,0,1.0,0
1.0724,72,0,0.2546,7246.0,6,0,1,0,2.0,0
0.3178,36,0,0.4471,5908.0,5,0,1,0,0.0,0
1.1279,24,0,0.1075,2966.0,9,0,0,0,0.0,0
0.5791,21,0,0.5957,,8,0,0,0,0.0,1
0.1973,32,0,0.8346,7219.0,7,0,0,0,0.0,0
0.1484,33,0,0.686,5941.0,9,0,0,0,1.0,0
2.7703,60,0,0.595,5784.0,9,0,1,0,0.0,0
0.5126,49,0,0.6151,8158.0,12,0,0,0,0.0,0
1.2312,47,0,0.0186,10286.0,7,0,0,0,1.0,0
0.3343,34,0,0.4687,7388.0,6,0,0,0,1.0,0
2.3455,64,1,0.9922,4159.0,7,0,1,0,,0
0.0869,62,0,0.6355,3774.0,8,0,1,0,0.0,0
0.0126,30,0,0.6023,2814.0,4,0,1,0,1.0,0
0.6267,47,1,0.5569,7264.0,8,0,1,0,1.0,0
0.1357,41,0,0.9002,3509.0,10,0,2,0,1.0,0
0.6403,77,0,0.2639,2482.0,8,0,0,0,3.0,0
0.2366,55,0,0.7422,7595.0,5,0,0,0,1.0,0
1.0239,52,0,0.1231,7139.0,9,0,1,0,1.0,0
0.5695,55,0,0.7827,3113.0,8,0,0,0,2.0,0
0.1134,55,1,1.1558,,6,0,1,3,2.0,0
0.1051,56,0,0.3815,,8,0,2,0,1.0,0
2.3118,22,0,0.3432,6688.0,14,0,0,0,2.0,0
1.2127,52,0,0.5735,3079.0,6,0,1,0,0.0,1
0.3949,93,0,0.3091,2776.0,9,0,2,0,1.0,0
0.2987,39,0,0.7864,3521.0,6,0,0,0,0.0,0
0.48,65,0,0.0357,4665.0,7,0,0,0,1.0,0
0.156,61,0,0.4632,6496.0,6,0,0,0,2.0,0
0.2568,51,0,0.1027,13626.0,6,0,2,0,1.0,0
0.3004,39,0,1.0455,8414.0,7,0,1,0,1.0,0
1.0628,60,0,0.3002,5396.0,8,0,0,0,0.0,0
0.3824,47,0,1.3057,,5,0,5,0,1.0,0
0.7224,51,0,0.9802,15009.0,12,0,0,0,0.0,0
0.5824,58,0,0.8348,4999.0,16,0,0,0,0.0,0
1.8126,39,0,0.1317,6745.0,6,0,0,0,1.0,0
0.3432,47,0,0.4367,8770.0,10,0,0,0,1.0,0
0.4662,62,0,0.1789,7066.0,8,0,2,0,0.0,0
0.005,51,0,0.7145,3521.0,10,0,2,0,1.0,0
0.0237,26,0,0.2572,5224.0,8,0,1,0,0.0,0
0.0407,57,0,0.4279,11193.0,8,0,1,0,1.0,0
0.4751,60,0,0.1944,14126.0,7,0,1,0,0.0,0
0.2035,62,1,0.6185,4737.0,7,0,1,0,0.0,0
0.4564,49,0,0.1738,8156.0,12,0,1,0,1.0,0
0.0455,39,0,1.1689,2199.0,6,0,2,0,0.0,0
0.1344,35,4,0.6989,3774.0,9,0,1,0,4.0,0
2.6334,46,0,0.5038,4272.0,9,0,2,3,2.0,0
0.2224,62,1,0.4166,12589.0,8,0,1,0,1.0,0
0.3714,42,0,0.6837,1541.0,8,0,3,0,1.0,0
1.488,77,0,0.4698,2868.0,7,0,1,0,0.0,0
0.4696,44,0,0.3121,,5,0,2,0,1.0,0
0.1005,72,0,0.8332,13628.0,11,0,1,0,1.0,0
0.5769,58,0,0.2632,3539.0,10,0,0,0,1.0,0
0.2134,45,0,0.476,9181.0,6,0,0,0,0.0,0
0.0474,36,0,0.4931,6617.0,3,0,0,0,0.0,0
0.3893,59,2,0.6056,2409.0,8,0,0,0,0.0,0
0.392,50,0,0.139,2802.0,7,0,1,0,2.0,0
0.2908,42,0,0.5068,28636.0,3,0,0,0,1.0,0
0.4981,53,0,0.5562,,5,0,1,0,0.0,0
0.738,55,0,0.2892,4349.0,8,0,2,0,0.0,0
0.3467,40,0,0.4972,12638.0,10,0,1,0,0.0,0
0.5936,53,0,0.2192,1403.0,8,0,1,0,1.0,0
0.5997,21,0,0.0222,7138.0,12,0,0,0,0.0,0
0.0802,33,0,0.5833,9565.0,10,0,1,0,,0
0.2056,65,0,0.1388,5797.0,10,0,3,0,1.0,0
0.0636,47,0,0.4815,2716.0,7,0,1,0,2.0,0
0.4833,61,0,0.4595,4725.0,6,0,1,0,2.0,0
0.6917,59,0,0.6493,9889.0,7,0,2,0,0.0,0
1.0119,65,0,1.0463,,15,0,1,0,0.0,0
0.1952,61,0,0.2503,5620.0,5,0,1,0,1.0,0
0.3574,64,0,0.7636,11235.0,7,0,1,0,1.0,0
0.0617,31,0,0.4376,9626.0,5,0,0,0,1.0,0
0.2878,75,0,0.4232,3171.0,5,0,0,0,1.0,0
0.7377,60,0,0.6902,5654.0,10,0,1,0,1.0,0
0.466,87,2,0.176,7585.0,5,2,2,0,0.0,0
1.2321,50,3,0.4018,2371.0,5,0,1,1,2.0,0
0.4587,40,0,0.2538,13498.0,12,0,1,0,0.0,0
0.552,68,0,0.1459,15722.0,8,0,0,0,1.0,0
0.4474,64,0,0.6013,10679.0,13,0,2,0,1.0,0
0.0844,28,0,0.5152,3455.0,5,0,2,0,4.0,0
0.6842,51,0,0.5981,23232.0,5,0,2,0,1.0,0
0.0392,43,0,0.5956,4403.0,9,0,0,0,0.0,0
0.5606,45,0,0.5683,10284.0,9,0,2,0,2.0,0
3.3424,53,0,0.2132,24890.0,4,0,3,0,0.0,0
0.685,39,0,0.6512,3216.0,11,0,1,0,0.0,0
0.2958,67,0,0.7469,1579.0,7,0,1,0,1.0,0
0.5864,41,0,0.1982,,4,0,2,0,2.0,0
0.2399,41,0,0.1553,4710.0,6,0,3,0,3.0,0
0.1353,34,0,1.091,4984.0,13,0,1,0,2.0,0
0.1671,56,0,0.3229,6813.0,6,0,0,0,1.0,0
0.665,35,1,0.8242,6013.0,8,0,0,0,,0
0.3185,60,0,0.2608,13040.0,9,0,5,0,1.0,0
0.6454,67,0,0.8788,7401.0,5,0,1,0,0.0,0
0.3994,45,0,0.5851,4888.0,8,0,2,0,0.0,0
0.583,72,0,0.4081,3731.0,8,0,0,0,0.0,0
0.0725,48,0,0.2084,7729.0,11,0,1,0,0.0,0
1.3075,68,0,0.1755,4523.0,12,0,1,0,2.0,0
0.6081,63,0,0.1288,6691.0,7,0,2,0,1.0,0
0.4684,43,0,0.1734,2416.0,12,0,1,0,0.0,0
0.0767,53,0,0.1647,2135.0,3,0,1,0,1.0,0
0.3232,55,0,0.2667,5469.0,6,0,3,0,0.0,0
0.1465,40,0,0.6911,4995.0,5,0,1,0,1.0,0
0.0143,36,0,0.5082,,14,0,1,0,3.0,0
1.1633,44,0,0.7289,2737.0,7,0,3,0,2.0,0
0.3535,42,0,0.7451,1205.0,7,0,1,0,2.0,0
0.0459,21,4,0.445,4633.0,6,0,2,1,1.0,0
0.6666,82,0,0.6363,2924.0,5,0,2,0,1.0,0
0.4242,45,0,0.4311,8372.0,9,0,0,0,1.0,0
0.2407,70,0,0.3957,3749.0,7,0,0,0,1.0,0
0.6194,60,0,0.124,4637.0,4,0,3,0,0.0,0
0.2485,41,0,0.3228,12609.0,5,0,1,0,1.0,0
0.1177,64,0,0.5008,,6,0,2,0,0.0,0
0.4924,40,0,0.5842,12300.0,5,0,1,0,2.0,0
0.1765,79,0,0.6167,4732.0,9,0,0,0,1.0,0
0.2771,43,0,0.3252,7267.0,7,0,0,0,0.0,0
1.5522,41,0,0.1216,5487.0,6,0,1,0,0.0,0
0.7294,69,0,0.8854,5400.0,7,0,1,0,0.0,0
0.3042,51,0,0.723,4499.0,9,0,1,0,0.0,0
0.137,74,0,0.1739,16354.0,5,0,0,0,1.0,0
0.8187,40,0,0.553,7187.0,8,0,0,0,0.0,0
0.2859,81,0,0.1467,,12,0,1,0,1.0,0
0.4734,36,0,0.7212,,6,0,0,0,1.0,0
0.4384,59,0,0.0816,3304.0,7,0,0,0,2.0,0
0.6101,42,0,0.5995,5125.0,9,0,1,0,0.0,0
0.7349,51,0,0.2061,2891.0,4,0,1,0,3.0,0
0.765,70,0,0.965,6203.0,4,0,1,0,0.0,0
0.2755,41,0,0.0788,6952.0,7,0,1,0,1.0,0
0.3209,77,0,0.4804,4918.0,6,0,1,0,1.0,0
0.3525,63,1,0.807,2919.0,9,0,2,1,0.0,0
3.7334,26,0,0.2644,4070.0,4,0,3,0,0.0,0
0.4074,47,0,1.0386,2526.0,5,0,2,0,2.0,0
1.5211,54,0,0.318,4054.0,5,0,1,0,0.0,0
0.0573,55,0,0.7734,5230.0,5,0,1,0,0.0,0
4.8298,38,0,0.3516,1270.0,9,0,3,0,0.0,0
0.3057,43,0,0.3343,11373.0,14,0,1,0,0.0,0
0.3589,35,0,0.0446,2219.0,5,0,3,0,,0
0.1304,74,0,0.2385,2869.0,9,0,0,0,,0
4.4676,27,0,0.4412,4715.0,11,0,0,0,0.0,0
0.5036,28,0,0.4679,,6,0,4,0,0.0,0
0.6469,40,0,0.1541,3728.0,9,0,1,0,0.0,0
0.0316,44,0,0.2661,12224.0,7,0,0,0,1.0,0
0.6362,43,0,0.7969,2730.0,9,0,2,0,0.0,0
0.0058,49,0,0.6404,6522.0,8,0,0,0,0.0,0
0.6238,68,0,0.356,5345.0,7,0,0,0,1.0,0
0.7126,40,0,0.2276,8318.0,8,0,0,0,0.0,0
0.263,44,0,0.1849,5646.0,6,0,0,0,0.0,0
6.5798,62,0,0.3867,4000.0,5,0,0,1,3.0,0
0.0051,74,0,0.4192,20445.0,12,0,0,0,3.0,0
0.5622,63,0,0.7434,2640.0,11,0,1,0,1.0,0
0.036,21,0,0.2182,9014.0,9,0,2,0,2.0,0
0.3872,53,0,0.5699,25219.0,9,0,1,0,0.0,0
0.6947,70,0,0.2673,6663.0,12,0,2,0,0.0,1
0.725,23,0,0.1562,,3,0,2,0,3.0,0
0.4861,52,0,1.1607,6897.0,6,0,1,0,0.0,0
0.1929,48,0,0.7418,1651.0,8,0,0,0,1.0,0
0.5029,81,0,0.6014,9190.0,9,0,0,0,1.0,0
0.6813,57,0,0.1672,6999.0,6,0,0,0,0.0,0
0.1201,60,0,0.2241,2252.0,10,0,0,0,0.0,0
0.6899,68,0,0.3043,7003.0,11,0,1,0,1.0,0
0.1674,21,0,0.544,,7,0,2,0,0.0,0
0.3844,60,0,0.4896,2418.0,6,0,1,0,1.0,0
0.1427,41,0,0.3801,,9,0,0,0,0.0,0
0.1498,36,0,1.4366,7746.0,6,0,1,0,0.0,0
0.7984,46,0,0.9558,3478.0,7,0,1,0,0.0,0
0.7086,49,0,1.0159,21725.0,3,0,1,0,1.0,0
0.4592,57,0,0.7037,2907.0,6,0,3,0,0.0,1
0.5876,64,0,0.5046,4064.0,9,0,2,0,0.0,0
4.1963,73,0,0.1275,2283.0,14,0,2,0,2.0,1
3.6378,41,0,0.3524,,2,0,3,0,0.0,0
0.377,52,3,0.4121,4896.0,8,0,0,0,2.0,0
0.1496,21,0,0.7097,7401.0,9,0,2,0,0.0,0
1.3926,40,0,0.2209,6322.0,9,0,1,0,1.0,0
2.8358,58,2,0.652,,7,0,2,1,1.0,0
2.1633,63,0,0.4954,4777.0,14,2,1,2,1.0,0
0.8812,90,0,0.5396,3438.0,11,0,1,0,1.0,0
0.2097,49,0,0.494,4320.0,8,0,0,0,0.0,0
0.3068,41,0,0.4045,,11,0,0,0,1.0,0
1.1386,50,0,0.3982,2824.0,9,0,1,0,3.0,0
0.0121,49,0,0.6708,2616.0,10,0,1,0,0.0,0
0.3987,37,0,0.2163,5550.0,7,0,0,0,1.0,0
0.0236,59,0,0.1959,10518.0,3,0,0,0,2.0,0
0.8146,33,0,0.7094,8527.0,10,0,2,0,0.0,0
0.3985,59,0,0.3306,3562.0,7,0,1,0,2.0,0
0.5854,54,0,0.3465,2537.0,11,0,2,0,3.0,0
0.0216,56,0,0.5954,15332.0,6,0,1,0,2.0,0
0.477,62,0,0.5722,8776.0,7,0,0,0,1.0,0
0.2895,73,0,0.3062,9967.0,7,0,1,0,1.0,0
0.0747,53,0,0.0807,3657.0,9,0,1,0,1.0,0
0.2471,53,0,0.4283,3046.0,4,0,0,0,0.0,0
0.7143,57,0,0.7166,12558.0,5,0,1,0,2.0,0
1.0297,47,0,1.1782,19195.0,9,0,1,0,0.0,0
0.396,68,0,0.4957,4257.0,10,0,1,0,0.0,0
2.246,33,0,0.3066,5499.0,6,0,1,0,0.0,0
5.2233,58,1,0.3583,5986.0,11,0,2,0,2.0,0
0.3507,48,0,0.132,,7,0,1,0,1.0,0
2.4174,60,2,0.7383,6889.0,9,0,0,1,0.0,0
0.218,41,0,0.6105,3870.0,10,0,0,0,0.0,0
0.0438,83,0,0.7109,5437.0,9,0,1,0,,0
2.5137,61,0,0.7981,2585.0,5,0,0,0,0.0,0
0.125,48,0,0.2146,5447.0,11,0,0,0,1.0,0
0.1779,55,0,0.6613,8132.0,5,0,0,0,0.0,0
0.0937,54,0,0.7658,2599.0,10,0,1,0,0.0,0
0.1459,59,0,0.3647,6533.0,3,0,0,0,1.0,0
0.6121,53,0,0.3312,2564.0,7,0,2,0,1.0,0
0.3293,68,0,0.5653,,16,0,0,0,3.0,0
0.7459,21,0,0.6424,,8,0,3,0,0.0,1
0.4245,43,0,0.1535,9809.0,8,0,1,0,1.0,0
0.0123,53,0,0.1068,6851.0,5,0,1,0,1.0,0
0.0996,32,0,0.4662,3295.0,7,0,2,0,0.0,0
14.6294,58,0,0.6907,7420.0,8,0,2,0,2.0,0
0.1772,65,0,0.499,,12,0,1,0,2.0,0
0.1768,79,0,0.5355,10026.0,11,0,2,0,0.0,0
0.4552,65,0,0.1791,14481.0,10,0,3,0,0.0,0
0.4423,59,0,1.1455,8519.0,5,0,0,0,,0
4.2186,61,1,0.6836,8789.0,8,2,1,3,,0
0.1941,46,0,0.308,4042.0,8,0,2,0,2.0,0
4.5836,44,0,0.478,16402.0,4,0,1,1,2.0,0
1.7192,53,0,0.4699,4707.0,8,0,0,0,1.0,0
0.6602,61,0,0.083,2116.0,11,0,1,0,0.0,0
0.2336,40,0,0.4964,2904.0,2,0,0,0,2.0,0
0.3478,65,0,0.1509,10132.0,4,0,1,0,1.0,0
0.2191,57,0,0.2598,,8,0,0,0,1.0,0
3.7662,57,0,0.1737,7101.0,4,0,0,0,0.0,0
0.0602,42,0,0.1322,7737.0,10,0,0,0,0.0,0
0.6618,56,0,0.8004,6200.0,6,0,1,0,0.0,0
2.2274,72,0,1.028,,3,0,1,0,5.0,1
0.8464,66,0,0.1826,2532.0,12,0,1,0,0.0,0
1.0834,57,0,0.4691,2148.0,14,0,0,0,0.0,0
1.0909,43,0,0.7019,12549.0,3,0,0,0,2.0,0
0.034,47,0,0.3016,6048.0,4,0,3,0,,0
0.1846,52,0,0.6631,,12,0,0,0,1.0,0
0.2968,48,0,0.0778,1712.0,4,0,1,0,0.0,0
0.2225,65,0,0.2439,11308.0,7,0,2,0,0.0,0
0.0877,28,0,0.3079,2370.0,6,0,1,0,1.0,0
0.6056,41,0,0.2608,6044.0,14,0,4,0,0.0,0
0.1791,55,0,0.5832,5337.0,8,0,0,0,1.0,0
0.7871,38,0,0.809,,6,0,1,0,2.0,0
0.0682,38,0,0.7636,,6,0,1,0,1.0,0
0.8199,62,0,0.1477,8737.0,6,0,1,0,1.0,0
0.4438,45,0,0.6674,3472.0,6,0,1,0,0.0,0
0.5396,36,0,0.2205,1702.0,7,0,1,0,4.0,0
0.4005,44,0,0.7423,7435.0,8,0,0,0,1.0,0
0.3134,43,0,0.7894,3546.0,3,0,2,0,1.0,0
5.3172,75,0,0.4371,3739.0,12,0,0,0,0.0,0
0.3537,35,0,0.8958,12698.0,8,0,3,0,0.0,0
0.2001,60,0,0.058,8576.0,5,0,3,0,0.0,0
0.1219,68,0,0.7681,4729.0,11,0,1,0,2.0,0
0.0702,50,0,0.8072,,5,0,0,0,0.0,0
0.1421,34,0,0.4366,,7,0,2,0,0.0,0
0.8214,70,1,0.3103,,6,0,1,0,0.0,0
0.3352,53,0,0.35,9210.0,10,0,1,0,1.0,0
0.5583,54,0,0.4352,3496.0,8,0,1,0,3.0,0
0.1862,38,0,0.2139,8362.0,7,0,2,0,0.0,0
0.5931,52,0,0.6935,3955.0,8,0,0,0,1.0,0
0.472,39,0,0.9134,,7,0,1,0,1.0,1
0.2496,21,0,0.5079,2711.0,9,0,0,0,0.0,0
0.2506,32,0,0.254,2264.0,8,0,1,0,1.0,0
0.138,27,0,0.5551,2388.0,9,0,1,0,0.0,0
0.1774,55,0,0.7116,2122.0,9,0,2,0,2.0,0
0.545,43,0,0.764,4536.0,3,0,1,0,0.0,0
0.6829,72,0,0.8133,5563.0,9,0,3,0,0.0,0
0.2895,60,0,0.6266,4989.0,8,0,3,0,0.0,0
0.0804,56,0,0.7614,8185.0,6,0,0,0,1.0,0
0.4023,76,0,0.3476,,6,0,2,0,1.0,0
6.0674,32,0,1.05,2726.0,5,0,1,0,2.0,0
0.595,82,0,0.1093,,9,0,3,0,0.0,0
0.4913,39,0,0.4072,2189.0,7,0,0,0,,0
0.1471,70,0,0.5922,5698.0,6,0,1,0,0.0,0
0.6764,32,0,0.8684,3454.0,11,0,3,0,2.0,0
0.6289,55,0,0.6416,,10,0,0,0,0.0,0
0.5172,71,0,0.5455,6378.0,7,0,0,0,4.0,0
0.1655,60,0,0.2221,4186.0,8,0,1,0,1.0,0
0.9413,53,0,0.3344,5596.0,9,0,3,0,,0
0.8398,79,0,0.5064,,6,0,2,0,1.0,1
0.2237,35,0,0.6987,4152.0,10,0,1,0,0.0,0
0.2153,53,0,0.1289,5002.0,9,0,2,0,1.0,0
0.6203,35,0,0.807,4202.0,10,0,0,0,2.0,0
0.6501,50,0,0.9594,8616.0,9,0,1,0,2.0,0
0.1487,39,0,0.6225,4768.0,4,0,3,0,0.0,0
0.2768,50,0,0.1681,1096.0,9,0,3,0,1.0,0
0.1276,41,0,0.5185,8388.0,6,0,2,0,0.0,0
0.3289,42,0,0.0873,3361.0,8,0,1,0,1.0,0
0.7664,49,0,0.9634,8901.0,5,0,2,0,1.0,0
0.4868,60,0,1.035,6254.0,8,0,0,0,0.0,0
0.4929,45,0,0.2465,4583.0,6,0,2,0,0.0,0
2.3253,46,0,0.4568,3486.0,7,0,1,0,1.0,0
0.8546,42,0,0.485,,7,0,0,0,0.0,0
0.5884,49,0,1.1053,8108.0,9,0,1,0,2.0,0
0.1551,21,0,0.5341,7030.0,4,0,0,0,1.0,0
0.6451,44,0,0.4414,10667.0,11,0,2,0,0.0,0
0.2754,59,0,0.6677,,5,0,2,0,0.0,0
0.2298,29,0,0.5881,3466.0,12,0,0,0,0.0,1
0.3795,56,0,0.5312,5921.0,11,0,1,0,0.0,0
0.1258,72,0,0.8806,5136.0,9,0,1,0,0.0,0
0.9424,54,0,0.444,10369.0,10,0,0,0,0.0,0
6.116,50,0,0.8947,3848.0,8,0,0,0,0.0,1
0.0798,67,0,0.4329,,5,0,2,0,1.0,0
0.6311,54,0,0.3228,7255.0,8,0,0,0,2.0,0
0.6067,69,0,0.6651,5516.0,9,0,0,0,0.0,0
0.578,45,0,0.4112,2448.0,4,0,1,0,1.0,0
0.323,75,0,0.3355,5117.0,6,0,1,0,0.0,0
0.6171,52,0,0.5512,7217.0,4,0,1,0,0.0,0
0.2185,62,0,0.3145,5977.0,8,0,2,0,1.0,0
1.9339,54,0,0.5688,11069.0,7,0,3,0,2.0,0
0.691,67,0,0.1028,10251.0,6,0,1,0,1.0,0
0.3467,77,0,0.1705,7628.0,9,0,0,0,0.0,0
0.4176,49,0,0.2664,11097.0,10,0,1,0,0.0,0
0.4703,40,0,1.2718,4666.0,8,0,1,0,0.0,0
0.3608,25,0,0.6338,9485.0,10,0,1,0,0.0,0
0.3061,53,0,0.4557,3583.0,11,0,2,0,1.0,0
0.1243,52,0,0.2869,7194.0,7,0,0,0,0.0,0
0.1567,73,0,0.365,6902.0,3,0,1,0,0.0,0
0.1998,58,0,0.676,,8,0,0,0,1.0,0
0.3552,25,0,0.2206,5372.0,5,0,1,0,2.0,0
0.2494,44,0,0.3509,,6,0,1,0,3.0,0
0.8242,47,0,0.508,4226.0,7,0,0,0,3.0,0
0.2514,51,0,0.1567,4098.0,9,0,2,0,1.0,0
0.4975,60,0,0.0166,3957.0,8,0,1,0,1.0,0
8.8606,45,0,0.8999,10105.0,8,0,3,0,2.0,0
0.0308,64,0,0.2891,9643.0,10,0,3,0,1.0,0
0.1432,72,0,0.9044,,11,0,4,0,0.0,0
0.183,39,0,1.0338,6501.0,1,0,1,0,0.0,0
0.2456,87,0,0.5029,16523.0,12,0,1,0,1.0,0
0.139,63,0,1.1498,8685.0,14,0,2,0,1.0,0
0.1894,46,0,0.4526,9458.0,7,0,0,0,0.0,0
0.3824,42,0,0.5752,,6,0,1,0,2.0,0
0.1401,64,0,0.7341,1855.0,11,0,1,0,0.0,0
0.084,72,0,0.879,5714.0,6,0,0,0,0.0,0
0.8033,55,0,0.7065,14289.0,5,0,0,0,0.0,0
0.4905,70,0,1.029,,8,0,3,0,0.0,1
0.0225,76,0,0.2199,5539.0,10,0,2,0,2.0,0
0.3223,72,0,0.3258,4133.0,9,0,2,0,3.0,0
0.4141,72,0,1.3159,2801.0,5,0,1,0,0.0,0
0.0527,50,0,0.6557,8724.0,7,0,0,0,0.0,0
0.1261,47,0,0.6552,6113.0,12,0,1,0,1.0,0
0.4016,47,0,0.2497,6142.0,10,0,2,0,0.0,0
0.4014,46,0,0.684,5661.0,15,0,0,0,1.0,0
0.0675,44,0,0.7359,,11,0,0,0,0.0,0
0.6005,33,0,0.051,9563.0,5,0,2,0,1.0,0
0.1575,81,0,0.3084,9882.0,8,0,0,0,1.0,0
0.4411,43,0,1.204,3907.0,5,0,0,0,0.0,1
1.183,49,0,0.718,,8,0,1,0,1.0,0
0.8614,51,2,0.0906,5311.0,4,0,1,0,1.0,0
0.7343,51,2,0.8245,11163.0,6,0,0,0,2.0,0
0.0349,48,0,0.6718,5670.0,7,0,0,0,2.0,0
0.2066,58,0,0.4214,17665.0,3,0,2,0,0.0,0
0.1887,57,0,0.7276,,10,0,0,0,1.0,0
1.0446,58,0,0.2501,7922.0,5,0,3,0,0.0,0
0.5033,45,0,0.5635,14965.0,8,0,1,0,1.0,0
0.1274,44,0,0.5432,4636.0,12,0,2,0,0.0,0
0.9274,72,0,0.7468,,9,0,0,0,0.0,1
0.0728,60,0,0.8401,7960.0,8,0,0,0,0.0,0
0.784,61,0,0.7507,,6,0,2,0,1.0,0
0.56,54,0,0.122,7198.0,11,0,1,0,1.0,0
1.0063,47,1,0.6109,2933.0,6,0,0,3,1.0,0
0.1378,72,0,0.3324,3886.0,6,0,1,0,0.0,0
0.0657,63,0,0.6941,,7,0,0,0,2.0,0
1.1959,74,0,0.7364,2914.0,6,0,1,0,3.0,0
0.068,43,0,0.5102,7599.0,10,0,0,0,0.0,0
0.0594,56,0,0.1609,7463.0,9,0,1,0,1.0,0
0.0986,56,0,0.7268,,10,0,0,0,2.0,0
0.2587,55,0,0.6876,4506.0,7,0,2,0,3.0,0
0.4574,68,0,0.6968,1348.0,7,0,3,0,0.0,0
0.5858,31,0,0.2858,,7,0,1,0,0.0,0
0.1967,21,0,0.8615,3262.0,6,0,0,0,0.0,0
0.0311,68,0,0.1888,7631.0,6,0,4,0,1.0,0
0.4471,53,2,0.7315,,11,0,2,0,0.0,0
0.1725,67,0,0.6189,,8,0,0,0,1.0,0
1.1176,51,0,0.4283,5976.0,8,0,0,0,3.0,0
0.0442,37,0,0.4035,2981.0,9,0,4,0,0.0,0
0.4358,52,0,0.5963,4205.0,8,0,0,0,,0
0.1349,49,0,0.2258,,8,0,0,0,0.0,0
0.5474,47,0,0.8727,12583.0,8,0,1,0,2.0,0
0.6124,76,0,0.1566,7083.0,9,0,1,0,0.0,0
5.9521,60,0,0.7535,12704.0,9,0,0,0,0.0,0
0.0225,43,0,0.3148,3333.0,13,0,0,0,1.0,0
0.2557,47,0,0.9303,3256.0,10,0,0,0,1.0,0
1.0352,68,0,0.5246,6296.0,10,0,0,0,0.0,0
0.3154,48,0,0.5086,5653.0,9,0,1,0,0.0,0
0.5932,58,0,0.0938,14443.0,8,0,2,0,1.0,0
0.0907,67,0,0.4369,3089.0,6,0,1,0,2.0,0
0.3252,82,0,0.2503,3407.0,11,0,1,0,1.0,0
0.3307,44,0,0.5666,2847.0,11,0,1,0,0.0,0
4.2231,66,0,0.9249,3308.0,10,0,1,0,1.0,0
0.122,53,0,0.6097,,7,0,0,0,0.0,0
0.1175,55,0,0.5719,4466.0,8,0,0,0,1.0,0
0.0821,56,0,0.3719,1724.0,13,0,0,0,0.0,0
0.445,59,0,0.8752,3844.0,9,0,1,0,,0
0.3795,80,0,0.1193,6914.0,2,0,1,0,0.0,0
1.5667,55,0,0.2766,29807.0,13,0,0,0,1.0,0
0.2254,68,0,0.2596,4648.0,4,0,2,0,1.0,0
0.6392,47,0,0.4213,4509.0,11,0,2,0,0.0,0
0.5141,56,0,0.2499,13470.0,4,0,0,0,2.0,0
0.8268,25,0,0.2335,7454.0,9,0,0,0,0.0,0
0.3119,21,1,0.4243,2564.0,8,0,1,1,1.0,0
0.6576,86,0,0.333,2573.0,6,0,0,0,3.0,0
0.4895,68,0,0.2334,8620.0,9,0,3,0,1.0,0
0.3868,42,0,0.4583,3967.0,9,0,0,0,1.0,0
0.3074,59,0,0.2925,,8,0,1,0,0.0,0
0.2373,64,0,1.0099,7664.0,6,0,1,0,0.0,0
0.0209,62,0,0.6148,2427.0,8,0,0,0,0.0,0
0.2052,21,0,0.746,7852.0,10,0,0,0,0.0,0
0.6591,35,0,0.8409,2591.0,8,0,2,0,0.0,1
0.2308,48,0,0.4822,2969.0,8,0,1,0,0.0,0
0.134,40,0,0.3816,4297.0,8,0,0,0,0.0,0
0.4176,46,0,0.4189,,8,0,3,0,2.0,0
0.7174,36,0,0.4021,,12,0,0,0,2.0,0
1.8839,64,0,0.336,,8,0,0,0,0.0,0
2.3545,55,1,0.9151,,3,1,2,0,1.0,0
0.7116,42,0,0.4713,4361.0,6,0,1,0,1.0,0
0.3657,48,0,0.6858,9761.0,10,0,0,0,0.0,0
0.5026,54,2,0.3669,2461.0,5,0,0,0,2.0,0
0.1679,73,0,0.5168,2438.0,3,0,0,0,2.0,0
0.5911,45,0,0.2222,7429.0,14,0,0,0,1.0,0
1.0992,57,0,0.5,3461.0,11,0,0,0,1.0,1
0.139,40,0,0.3557,11077.0,12,0,0,0,1.0,0
0.5864,32,0,1.1664,6345.0,13,0,1,0,1.0,0
0.2608,78,0,0.5635,5308.0,9,0,0,0,1.0,0
0.031,41,0,0.569,,7,0,1,0,1.0,0
0.6461,34,0,0.3479,4716.0,9,0,3,0,1.0,0
0.0304,56,0,0.3905,12225.0,6,0,1,0,0.0,0
0.151,39,0,0.6035,7109.0,7,0,0,0,,0
0.5538,57,0,0.1806,,10,0,1,0,,0
0.0175,35,1,0.7623,,8,0,3,1,0.0,0
3.9079,71,0,0.1663,3340.0,11,0,0,0,0.0,1
0.59,46,0,0.4697,2872.0,4,0,1,0,1.0,0
0.0197,49,0,0.3994,8802.0,11,0,2,0,1.0,0
0.845,67,0,0.6503,2468.0,7,0,1,0,1.0,0
3.0964,64,0,0.1113,4144.0,6,0,0,0,1.0,0
0.7215,57,0,0.2369,4022.0,10,0,2,0,0.0,0
0.8406,77,0,0.0998,,5,0,0,0,1.0,1
0.0727,58,0,0.7303,4946.0,12,0,1,0,0.0,0
1.3914,29,0,0.5081,5355.0,7,0,4,0,0.0,1
0.591,52,0,0.4665,2018.0,9,0,0,0,0.0,1
0.0536,51,0,0.419,2907.0,7,0,1,0,0.0,0
0.2641,34,0,0.2104,2240.0,7,0,0,0,1.0,0
0.0864,61,0,0.8302,4239.0,11,0,0,0,1.0,0
0.5672,33,0,0.2729,,6,0,1,0,0.0,0
5.7726,48,0,0.0805,10279.0,8,0,1,0,2.0,0
0.2742,39,0,0.1113,,6,0,0,0,0.0,0
4.1201,64,0,0.3833,9222.0,13,0,1,0,0.0,0
0.0593,29,0,0.6479,4962.0,15,0,2,0,2.0,0
4.0534,56,0,0.3388,5450.0,11,0,1,0,0.0,0
0.4867,70,0,0.2249,30958.0,11,0,2,0,0.0,0
0.077,37,0,0.2251,2523.0,6,0,1,0,2.0,0
0.2037,55,0,0.7778,,12,0,0,0,0.0,0
2.3261,29,0,0.1673,,7,0,1,0,0.0,0
0.1887,39,0,0.4586,4248.0,8,0,0,0,0.0,0
0.1752,38,0,0.4936,6071.0,8,0,0,0,2.0,0
0.3166,81,2,0.9926,7343.0,5,0,2,3,0.0,0
0.6198,39,0,1.0805,4286.0,4,0,1,0,0.0,0
0.9049,42,0,0.9786,1827.0,9,0,0,0,2.0,1
0.4711,55,0,0.3299,2927.0,15,0,1,0,0.0,0
0.4545,43,0,0.2277,,12,0,0,0,0.0,1
2.2555,67,2,0.112,4716.0,7,0,0,1,3.0,0
0.1534,53,0,0.2411,21235.0,9,0,2,0,0.0,0
0.4138,49,0,0.8978,,6,0,1,0,1.0,0
0.2725,47,0,0.5749,9034.0,13,0,1,0,1.0,0
0.1417,37,0,0.5712,,9,0,0,0,0.0,0
3.4807,69,0,0.6122,1428.0,5,0,1,0,2.0,0
0.526,61,0,0.2328,1829.0,14,0,0,0,2.0,0
0.0929,78,0,0.8621,,4,0,1,0,1.0,0
0.4101,66,0,0.2963,,8,0,0,0,2.0,0
0.5433,45,0,1.1219,,6,0,2,0,0.0,1
0.21,44,0,1.0141,5214.0,7,0,0,0,0.0,0
0.7063,75,0,0.2289,6519.0,4,0,1,0,0.0,0
0.6784,50,0,0.8368,,5,0,2,0,2.0,1
2.9724,52,0,0.4719,,5,0,3,0,,0
0.1237,49,0,0.3834,3006.0,6,0,0,0,0.0,0
0.3182,52,0,0.4809,5613.0,9,0,0,0,1.0,0
0.4133,56,0,0.2728,5741.0,4,0,1,0,4.0,0
1.055,70,0,0.2284,6555.0,5,0,0,0,0.0,0
0.8509,91,0,0.33,5396.0,7,0,1,0,0.0,1
0.1892,50,0,0.4182,9417.0,7,0,0,0,2.0,0
0.0416,50,0,0.1086,10803.0,6,0,2,0,1.0,1
0.0168,52,0,0.8548,7250.0,3,0,2,0,0.0,0
0.3184,61,0,0.3428,4529.0,7,0,1,0,2.0,0
0.259,49,0,0.2067,4837.0,11,0,0,0,4.0,0
0.2247,30,0,0.1635,2825.0,10,0,2,0,1.0,0
0.6141,31,0,0.5029,6173.0,10,0,1,0,0.0,0
0.4669,75,0,0.6017,7015.0,3,0,0,0,2.0,0
0.1614,44,0,0.2055,5154.0,4,0,2,0,2.0,0
0.3674,38,0,0.4306,7690.0,6,0,1,0,1.0,0
1.6419,85,0,0.4538,2283.0,5,0,1,0,2.0,1
5.3444,60,0,1.0704,7820.0,11,0,3,0,0.0,0
0.3497,45,0,0.4803,6090.0,9,0,0,0,1.0,0
0.1911,35,0,0.9115,4523.0,12,0,2,0,1.0,0
0.5833,71,0,1.3485,,4,0,0,0,0.0,0
0.3802,33,0,0.3355,4917.0,7,0,1,0,0.0,0
1.0019,32,2,0.319,2025.0,2,0,3,0,0.0,0
0.7437,58,0,0.4525,7206.0,13,0,2,0,0.0,0
0.7236,35,0,0.933,3373.0,8,0,1,0,1.0,0
2.0559,36,1,0.418,3202.0,6,0,0,0,0.0,0
0.4764,58,0,0.068,9314.0,7,0,2,0,0.0,0
1.4505,57,1,0.4326,3438.0,7,0,1,0,2.0,0
0.2622,30,0,0.2243,5121.0,6,0,0,0,0.0,0
0.1034,60,0,0.0908,7099.0,8,0,1,0,2.0,0
0.2433,27,0,0.8244,5278.0,14,0,1,0,1.0,0
0.0089,54,0,0.688,4031.0,9,0,1,0,0.0,0
0.3175,34,0,0.217,,6,0,3,0,0.0,0
0.1679,58,0,0.3276,1889.0,8,0,2,0,2.0,0
0.5682,53,0,0.8339,,9,0,1,0,0.0,0
2.3896,44,0,0.1287,,8,0,0,0,1.0,0
0.2694,41,0,0.2132,,7,0,0,0,2.0,0
3.7939,53,0,0.4303,,8,0,1,0,1.0,0
0.4338,43,0,0.4939,8868.0,12,1,0,0,0.0,0
0.6127,40,0,0.213,,3,0,2,0,2.0,0
0.4281,48,0,0.057,4517.0,8,0,1,0,1.0,0
0.0572,62,0,0.823,4062.0,8,0,0,0,0.0,0
1.694,32,0,0.6392,2610.0,10,0,1,0,2.0,1
0.4296,43,0,0.2434,20011.0,15,0,0,0,1.0,0
0.191,69,0,0.4582,3449.0,11,0,2,0,0.0,0
0.9393,45,0,0.3125,24448.0,4,0,2,0,0.0,0
0.4544,86,0,0.3653,6183.0,9,0,1,0,1.0,1
0.0513,69,0,0.929,9106.0,9,0,1,0,1.0,0
0.4717,44,0,0.6174,5192.0,7,0,3,0,0.0,1
0.8579,39,0,0.4007,4003.0,6,0,1,0,0.0,0
0.5469,62,0,0.1782,2690.0,9,0,1,0,1.0,0
2.0347,82,0,0.1851,2816.0,7,0,0,0,3.0,0
0.336,38,0,0.4761,4794.0,7,0,0,0,1.0,0
0.7746,74,0,0.5204,4094.0,9,0,1,0,0.0,0
0.256,66,0,0.6534,6187.0,7,0,0,0,0.0,0
0.4174,39,0,0.3342,,8,0,1,0,1.0,0
0.3614,73,0,0.3769,3339.0,8,0,0,0,2.0,0
2.2541,52,0,0.1882,6072.0,7,0,3,0,1.0,0
0.0296,60,0,0.6883,13829.0,7,0,0,0,1.0,0
0.7447,52,0,0.6286,,10,0,1,0,0.0,0
0.0973,28,0,0.3153,5683.0,8,0,1,0,1.0,0
0.2371,40,0,0.3801,10316.0,11,0,1,0,2.0,0
0.365,60,0,0.0951,11262.0,18,0,1,0,1.0,0
0.4935,68,0,0.1768,6489.0,8,0,5,0,0.0,0
2.3227,46,0,0.829,,8,0,1,0,0.0,0
0.5031,44,0,0.3734,3731.0,4,0,0,0,0.0,1
1.9928,70,0,0.394,6695.0,6,0,2,0,2.0,0
2.0334,81,1,0.9243,3337.0,9,1,3,2,1.0,0
0.6103,64,0,0.4824,8461.0,6,0,1,0,1.0,0
0.1912,50,0,0.3459,4680.0,6,0,0,0,2.0,0
0.1491,61,0,0.402,,8,0,1,0,0.0,0
0.299,59,0,0.275,3295.0,8,0,1,0,1.0,0
0.581,61,3,0.8656,4719.0,13,0,0,0,2.0,0
0.3091,66,0,0.1313,4543.0,7,0,3,0,0.0,0
0.6868,60,0,0.5202,,9,0,1,0,0.0,0
0.0473,80,0,0.5355,3189.0,10,0,2,0,1.0,0
0.0287,56,0,1.3263,4321.0,10,0,1,0,0.0,0
0.0288,42,0,0.845,18534.0,9,0,0,0,1.0,0
0.5967,66,0,0.3985,7553.0,5,0,3,0,2.0,0
4.3263,53,1,0.4201,13856.0,8,0,0,0,0.0,0
3.6066,59,0,0.4322,6057.0,7,0,0,0,2.0,0
0.3945,64,0,0.3374,5353.0,9,0,1,0,5.0,0
0.7445,67,0,0.5883,,5,0,1,0,2.0,0
0.1259,28,0,0.5986,4804.0,9,0,0,0,0.0,0
2.0623,60,0,0.3433,7293.0,7,0,2,1,1.0,0
0.6374,44,0,0.5237,21229.0,9,0,2,0,1.0,0
1.0565,52,0,0.3458,4706.0,9,0,2,0,0.0,0
0.384,21,0,0.1701,1313.0,8,0,4,0,,0
0.34,63,0,0.7088,4974.0,6,0,1,0,0.0,0
5.0157,64,0,0.7779,2492.0,10,0,1,0,0.0,0
0.7431,67,0,0.48,2814.0,3,0,0,0,1.0,0
0.4363,55,0,0.303,19758.0,3,0,0,0,0.0,0
0.6307,38,0,0.494,3206.0,7,0,2,0,0.0,0
0.4339,29,0,0.4344,3894.0,7,0,0,0,1.0,0
5.4441,66,0,0.2735,3556.0,6,0,1,0,0.0,0
0.1523,64,0,0.3504,2714.0,11,0,3,0,2.0,0
0.122,53,0,0.3992,13484.0,3,0,2,0,0.0,0
0.2721,51,0,0.244,15871.0,5,0,0,0,1.0,0
0.5002,66,0,0.488,10270.0,10,0,1,0,1.0,0
1.004,35,0,0.1833,,7,0,0,0,1.0,0
0.1793,46,0,0.969,,5,0,0,0,2.0,0
0.3296,71,0,0.7264,3811.0,7,0,1,0,1.0,0
0.6908,31,0,0.7102,11308.0,8,0,0,0,0.0,0
0.5757,63,0,0.0233,,6,0,1,0,0.0,1
0.1448,39,0,0.6706,7797.0,10,0,3,0,2.0,0
0.2114,44,0,0.3275,9521.0,10,0,1,0,2.0,0
1.0225,50,0,0.4617,1994.0,14,0,0,0,0.0,0
0.4188,56,0,0.6565,10306.0,8,0,1,0,1.0,0
0.0089,53,0,0.1666,,11,0,1,0,1.0,0
0.2468,59,0,0.2753,4610.0,6,0,0,0,0.0,0
0.4821,62,0,0.4674,18820.0,7,0,1,0,0.0,0
0.0149,40,0,0.5231,2578.0,3,0,2,0,4.0,0
0.8087,48,0,0.8578,2874.0,4,0,3,0,1.0,0
0.9988,48,0,0.2879,2804.0,8,0,2,0,0.0,0
1.7738,66,0,0.5978,6639.0,12,0,1,0,1.0,0
0.2566,47,0,0.6156,4054.0,13,0,2,0,0.0,0
0.0721,34,0,0.2276,7055.0,5,0,0,0,0.0,0
0.2706,46,0,0.2768,11023.0,5,0,0,0,2.0,0
0.3582,67,0,0.3518,,8,0,3,0,0.0,0
0.6759,57,0,0.8061,3217.0,4,0,2,0,1.0,1
0.4305,59,0,0.5033,9644.0,9,0,2,0,0.0,0
0.8828,37,0,0.2532,3641.0,7,0,1,0,0.0,0
0.1107,72,2,0.7478,4062.0,6,0,2,0,0.0,0
0.4303,60,0,0.4521,8608.0,7,0,1,0,1.0,0
4.7376,58,0,0.3175,2878.0,12,0,2,0,0.0,0
0.3435,47,0,0.5214,2677.0,7,0,3,0,1.0,0
0.0401,73,0,0.788,10930.0,6,0,0,0,2.0,0
3.2982,32,0,0.3272,3620.0,6,0,1,0,0.0,0
0.0536,30,0,0.126,2963.0,6,0,2,0,0.0,0
0.376,43,0,0.2017,,5,0,1,0,0.0,0
0.4518,47,0,0.5178,5617.0,10,0,0,0,1.0,0
0.9591,52,0,0.5197,6261.0,4,0,1,0,2.0,0
0.3605,57,0,0.4144,4840.0,9,0,1,0,0.0,0
0.0581,66,0,0.6932,2694.0,6,0,2,0,0.0,0
0.4367,53,0,0.926,4153.0,4,0,3,0,1.0,0
0.5534,46,0,0.567,17500.0,5,0,1,0,1.0,0
0.7159,49,0,0.4867,6471.0,5,0,2,0,1.0,0
0.3258,63,0,0.5812,3362.0,10,0,0,0,1.0,0
0.0327,45,0,0.2073,3830.0,5,0,1,0,0.0,0
0.1206,51,0,0.2575,14851.0,3,0,0,0,1.0,0
0.4548,45,0,0.6574,4367.0,7,0,2,0,1.0,1
0.286,60,0,0.2585,10372.0,7,0,1,0,1.0,0
0.0168,61,0,0.4173,4408.0,11,0,1,0,1.0,0
0.0359,66,0,0.6658,3726.0,7,0,0,0,2.0,0
0.3161,50,0,0.4266,1865.0,9,0,1,0,0.0,0
0.4869,52,0,0.9991,6403.0,13,0,2,0,0.0,0
0.3861,37,0,0.5041,8332.0,7,0,1,0,0.0,0
0.1658,30,0,0.103,7308.0,6,0,1,0,0.0,0
1.1084,47,0,0.3533,3159.0,5,0,0,0,0.0,0
2.4773,49,0,0.4283,,8,0,2,0,1.0,0
0.2227,50,0,0.4551,3112.0,13,0,0,0,1.0,0
0.1299,66,1,0.7272,2204.0,6,0,0,0,0.0,0
0.0506,34,0,0.2303,8969.0,9,0,2,0,1.0,0
8.0825,30,0,1.0533,10369.0,8,0,1,0,0.0,0
0.3485,28,0,0.2489,,12,0,1,0,0.0,0
0.1233,46,0,0.6951,,7,0,2,0,1.0,0
0.312,74,0,0.4715,2409.0,6,0,1,0,0.0,0
0.1197,69,0,0.4184,4418.0,9,0,2,0,2.0,0
0.5915,67,1,0.2671,12189.0,9,0,0,2,1.0,0
0.2838,44,0,0.5515,7071.0,8,0,3,0,1.0,0
0.2701,36,0,0.4409,6962.0,6,0,3,0,1.0,0
0.5931,58,0,0.5735,13812.0,6,0,0,0,0.0,0
2.2509,76,0,0.3756,8413.0,11,0,1,0,1.0,0
0.1564,49,2,0.1244,26425.0,11,0,0,0,1.0,0
0.1522,40,0,0.3288,,6,0,1,0,0.0,0
1.8057,45,0,0.3446,5802.0,7,0,3,0,1.0,0
0.9501,47,0,0.5371,6667.0,10,0,1,0,1.0,0
0.3417,77,0,0.5367,1460.0,7,0,0,0,3.0,0
0.2459,51,0,0.2169,2611.0,2,0,1,0,1.0,0
0.6915,68,0,1.2033,10068.0,5,0,0,0,1.0,0
0.905,61,0,0.7447,3852.0,6,0,1,0,1.0,0
0.0353,60,0,0.5232,2655.0,4,0,1,0,3.0,0
1.837,69,0,0.6303,2426.0,10,0,3,0,3.0,1
4.0964,70,0,0.0373,5756.0,6,0,0,0,0.0,0
0.5128,49,0,0.8802,3222.0,13,0,0,0,0.0,0
0.7386,36,0,0.8156,31786.0,6,0,0,0,2.0,0
1.4541,49,0,0.2078,4784.0,8,0,2,0,0.0,0
0.7811,46,0,0.3468,6428.0,6,0,3,0,1.0,0
0.143,71,0,0.4592,5170.0,10,0,1,0,3.0,0
0.145,58,0,0.0992,4003.0,6,0,2,0,1.0,0
0.4378,29,0,0.5708,5034.0,5,0,0,0,0.0,1
0.3294,41,0,0.3993,,9,0,1,0,1.0,0
0.6833,45,0,0.0565,3034.0,8,0,1,0,1.0,1
0.0213,64,2,0.3895,5977.0,14,0,1,0,0.0,0
0.2393,45,0,0.2975,,6,0,0,0,1.0,0
0.2827,67,0,0.9418,4239.0,5,0,2,0,1.0,0
0.1973,36,0,0.3532,4527.0,11,0,1,0,1.0,0
0.4534,25,0,0.4341,1109.0,11,0,0,0,1.0,0
1.1648,55,0,0.4339,4356.0,14,0,0,0,2.0,0
0.2581,27,0,0.8394,5083.0,12,0,1,0,0.0,0
3.1503,49,0,0.3729,6872.0,6,0,1,0,0.0,0
0.0913,55,0,0.4373,8164.0,5,0,0,0,0.0,0
0.3629,67,0,0.4998,,8,0,1,0,0.0,0
0.5174,63,0,0.6619,5507.0,7,0,1,0,2.0,0
2.4382,35,0,0.3816,2280.0,7,0,0,0,1.0,0
0.4655,37,0,0.2761,,9,0,3,0,1.0,0
1.1463,34,0,0.3326,9847.0,8,3,0,0,3.0,0
0.3122,44,1,0.5502,2118.0,13,0,0,0,1.0,0
0.3722,71,0,0.7573,10353.0,10,0,1,0,1.0,0
0.6527,93,0,0.5342,4096.0,9,0,3,0,1.0,0
1.0038,56,0,0.3394,2935.0,8,0,0,0,0.0,0
0.1263,50,0,0.3281,8011.0,10,0,2,0,0.0,0
1.0878,47,0,0.2048,11465.0,12,0,3,0,0.0,0
0.6072,42,0,0.8646,12326.0,16,0,1,0,,0
2.0944,25,0,0.9305,3014.0,9,0,2,0,0.0,1
0.65,70,0,0.4916,6572.0,6,0,2,0,1.0,0
0.4071,59,0,0.2357,3336.0,5,0,2,0,1.0,0
0.143,48,0,0.0703,9978.0,11,0,2,0,1.0,0
0.6116,58,0,0.1851,3059.0,7,0,1,0,2.0,0
2.2888,57,0,0.3445,5082.0,7,0,0,0,1.0,0
0.2536,67,1,0.6751,3706.0,5,0,0,2,0.0,0
1.4987,57,0,0.6084,8100.0,8,2,0,0,1.0,0
0.0026,50,0,0.977,8959.0,10,0,1,0,1.0,0
0.5342,53,0,1.1443,4740.0,10,0,1,0,3.0,1
0.5712,41,0,0.6271,3676.0,10,0,0,0,1.0,0
6.7127,38,0,0.8758,4926.0,13,0,1,0,3.0,0
0.692,63,0,0.5531,3460.0,8,0,0,0,3.0,0
0.1248,79,0,0.7484,8490.0,11,0,1,0,1.0,0
0.2236,39,0,0.3887,6290.0,10,0,0,0,1.0,0
0.1097,30,0,0.3648,,8,0,0,0,1.0,0
0.0202,31,0,0.1182,,9,0,2,0,1.0,0
1.4705,44,0,0.2576,3669.0,11,0,2,0,2.0,0
0.93,42,0,0.6452,4386.0,4,0,1,0,1.0,0
0.1332,64,0,0.4913,5410.0,7,0,2,0,0.0,0
0.4932,68,0,0.2975,7713.0,8,0,1,0,3.0,0
0.1426,76,0,0.797,,10,0,1,0,0.0,0
0.0902,71,0,0.4491,5473.0,5,0,0,0,2.0,0
0.7502,60,0,0.4672,6041.0,17,0,0,0,0.0,0
0.5657,37,0,0.5853,7094.0,7,0,0,0,0.0,0
0.1287,56,0,0.1223,10752.0,15,0,2,0,0.0,1
0.2058,42,0,0.2714,8331.0,3,0,0,0,0.0,0
1.2203,21,0,0.4047,,7,0,0,0,1.0,0
0.2219,52,0,0.2433,,13,0,2,0,,0
0.2178,45,0,0.5158,1801.0,4,0,1,0,2.0,0
0.3633,35,0,0.9617,3393.0,2,0,2,0,,0
0.5894,45,0,0.1952,3902.0,7,0,0,0,2.0,0
0.111,79,0,0.4766,17449.0,5,0,1,0,0.0,0
0.3702,66,0,0.1069,5354.0,10,0,2,0,1.0,0
0.4502,78,0,0.4192,8248.0,11,0,3,0,0.0,0
0.8952,54,0,0.5281,3036.0,7,0,2,0,1.0,0
0.5359,29,0,0.2541,4411.0,12,0,2,0,1.0,0
1.8656,27,0,0.4326,3384.0,12,0,0,0,1.0,0
0.4039,34,0,0.4867,5460.0,7,0,0,0,1.0,0
0.3218,84,0,0.385,6629.0,8,0,1,0,1.0,0
0.4502,55,0,1.1184,4505.0,8,0,0,0,1.0,0
1.062,56,0,0.8477,,10,0,0,0,2.0,0
1.1519,52,0,0.4456,11588.0,2,0,0,0,0.0,0
0.2959,58,0,0.2242,4655.0,9,0,1,0,1.0,0
0.1179,36,0,0.3676,3976.0,10,0,1,0,1.0,0
0.1748,47,0,0.7073,4226.0,9,0,0,0,1.0,0
0.9401,25,0,0.5775,7610.0,16,0,0,0,2.0,0
0.7261,57,0,0.339,15407.0,7,0,0,0,0.0,0
0.3821,59,0,0.419,11413.0,8,0,0,0,0.0,0
0.2211,41,0,0.2019,,4,0,0,0,2.0,0
0.3399,23,0,0.6505,9460.0,10,0,1,0,1.0,0
0.4541,47,0,0.7597,,11,0,0,0,1.0,0
0.6219,65,0,0.2,12681.0,14,0,1,0,0.0,0
0.1697,33,0,0.4316,7764.0,10,0,1,0,0.0,0
0.0508,38,0,0.2694,,7,0,0,0,1.0,0
0.0562,51,0,0.5051,8251.0,6,0,0,0,3.0,0
4.6741,53,0,0.322,2073.0,5,0,3,0,1.0,0
0.4858,60,0,0.2415,18116.0,12,0,1,0,1.0,0
0.5856,72,0,0.1974,4005.0,7,0,2,0,,0
0.3043,40,0,1.0658,2484.0,8,0,0,0,0.0,0
1.9241,36,2,0.4767,,8,0,2,0,0.0,0
0.0713,45,0,0.4938,4467.0,7,0,1,0,,0
0.7403,37,0,0.8618,,3,0,0,0,1.0,0
0.2063,39,0,0.4138,5229.0,7,0,0,0,2.0,0
0.7379,50,0,0.8716,11957.0,7,0,0,0,1.0,0
2.15,43,0,0.1752,1956.0,15,0,0,0,2.0,0
0.4447,67,0,0.8451,6089.0,8,0,2,0,1.0,0
0.2119,34,0,0.1546,4936.0,12,0,0,2,1.0,0
0.4309,50,0,0.2898,,4,0,0,0,3.0,1
0.6063,31,0,0.8246,3571.0,2,0,1,0,1.0,0
3.5211,56,0,0.2962,6279.0,12,0,0,0,0.0,0
0.4607,56,0,0.4839,3242.0,7,0,1,0,0.0,0
0.6833,79,0,0.6871,4059.0,7,0,0,0,0.0,0
0.1893,66,0,0.473,,7,2,1,0,1.0,0
0.4907,29,0,0.7659,927.0,10,0,0,0,1.0,0
1.3139,59,0,0.7263,7360.0,8,0,0,0,0.0,0
0.0901,49,0,0.5518,18309.0,7,0,2,0,0.0,0
0.261,60,0,0.2718,7334.0,12,0,0,0,1.0,0
1.3815,41,2,0.8563,,5,0,2,0,,0
0.3168,64,0,0.0797,11627.0,7,0,2,0,0.0,0
0.444,51,0,0.4353,2344.0,6,0,1,0,1.0,0
0.8062,44,0,1.1223,7119.0,7,0,1,0,2.0,0
0.0516,37,0,0.4764,8170.0,8,0,0,0,1.0,0
0.032,34,0,0.4935,4387.0,5,0,0,0,0.0,0
2.8674,40,1,0.4087,2391.0,11,0,0,0,0.0,0
0.1194,46,0,0.3158,7933.0,7,0,0,0,0.0,0
0.2423,65,0,0.4162,11553.0,9,0,1,0,1.0,0
0.7454,70,0,0.4217,2615.0,9,0,1,0,1.0,1
0.4815,36,0,1.0669,7710.0,9,0,1,0,1.0,0
0.0004,45,0,0.3161,8122.0,10,0,1,0,0.0,0
0.6359,39,0,0.3291,8774.0,6,0,2,0,0.0,0
0.5389,32,0,0.1901,7893.0,8,0,1,0,1.0,0
7.9228,54,0,0.2687,6997.0,5,0,2,0,1.0,0
1.6204,67,0,0.0675,7010.0,8,0,0,0,1.0,0
0.8179,63,0,0.1715,4258.0,8,0,0,0,1.0,0
0.4834,54,0,0.6327,21503.0,4,0,2,0,2.0,0
0.0808,55,0,0.4679,4844.0,9,0,1,0,1.0,0
0.3321,45,0,0.1682,11835.0,8,0,1,0,1.0,0
0.2935,53,0,0.1304,2416.0,5,0,1,0,0.0,0
1.9887,38,0,0.0591,3506.0,5,0,3,0,4.0,0
0.4536,75,0,0.24,5026.0,6,0,2,0,2.0,0
0.2736,74,0,0.7551,1961.0,8,0,0,0,0.0,0
0.2409,43,0,0.2041,7803.0,15,0,0,0,2.0,0
0.1733,61,0,0.5258,5028.0,10,0,1,0,3.0,0
0.0328,56,0,0.6152,5863.0,8,0,0,0,1.0,0
0.7883,59,0,0.5413,7346.0,7,0,0,0,1.0,0
0.2228,44,0,0.0702,6464.0,3,0,1,0,1.0,1
1.0189,31,0,0.027,5392.0,7,0,2,0,0.0,0
0.3704,68,0,0.98,7000.0,5,0,1,0,1.0,0
0.5165,68,0,0.6295,6172.0,11,0,0,0,2.0,0
0.1302,48,0,0.7358,6338.0,12,0,0,0,0.0,0
0.2322,26,0,0.8491,,13,0,1,0,3.0,0
0.0784,35,0,0.5448,8003.0,5,0,1,0,1.0,0
0.4134,60,0,0.2148,,6,0,1,0,1.0,0
0.1741,51,1,0.5521,,11,0,2,0,4.0,0
4.5765,42,0,0.5548,8531.0,11,0,0,0,1.0,0
1.2924,49,0,0.1811,3436.0,7,0,1,0,1.0,0
0.6012,44,0,0.303,5691.0,9,0,1,0,0.0,0
0.5768,74,0,0.1252,2935.0,7,0,0,0,0.0,1
0.6464,25,0,0.6511,,9,0,0,0,0.0,1
0.5334,62,0,0.3572,,8,0,0,0,1.0,0
0.7038,48,1,0.6164,,13,0,1,1,1.0,0
0.1822,58,1,0.5694,,3,0,0,0,1.0,0
0.3988,51,0,0.3735,1632.0,8,0,0,0,1.0,0
0.2977,61,0,0.4454,11704.0,8,0,0,0,1.0,0
0.6098,62,0,0.1102,8294.0,4,0,1,0,0.0,0
3.308,33,1,0.3484,4932.0,4,1,1,0,1.0,0
0.5503,55,0,0.1346,,8,0,1,0,0.0,0
0.4146,41,0,0.5942,4383.0,5,0,1,0,,0
0.6889,27,0,0.7038,4271.0,15,0,1,0,1.0,0
0.1812,66,2,0.9234,,3,0,3,0,1.0,0
2.6858,77,0,0.7225,16922.0,5,0,1,0,1.0,0
0.6099,49,0,0.2894,8941.0,13,0,0,0,1.0,0
0.516,36,0,0.1079,2028.0,8,0,1,0,1.0,0
0.1668,66,0,0.1831,,5,0,1,0,1.0,0
0.6488,38,0,0.1157,5852.0,3,0,0,0,2.0,0
0.7905,28,0,0.2908,6276.0,4,0,1,0,0.0,0
0.1941,35,0,0.455,2046.0,6,0,1,0,1.0,0
0.0295,82,0,1.0553,11896.0,6,0,1,0,2.0,0
0.2565,69,0,0.4385,5556.0,5,0,1,0,1.0,0
0.1006,64,0,0.4637,,11,0,2,0,2.0,0
2.8315,46,0,0.3094,,5,0,0,0,0.0,0
0.3364,33,0,0.575,,5,0,3,0,1.0,0
0.3106,44,0,0.9567,3772.0,8,0,0,0,0.0,0
0.246,55,0,0.6275,3518.0,5,0,2,0,1.0,0
0.8522,75,0,0.2566,12020.0,7,0,1,0,1.0,0
0.057,50,0,0.6864,5656.0,8,0,1,0,1.0,0
0.018,53,0,0.6185,4796.0,7,0,0,0,0.0,0
1.4999,36,3,0.5314,2798.0,4,0,0,0,0.0,0
0.0328,35,0,0.8428,4507.0,5,0,2,0,1.0,0
1.7061,28,0,0.0275,,7,0,0,0,1.0,0
0.43,21,0,0.2977,14886.0,9,0,2,0,0.0,0
0.2696,56,0,0.7477,5697.0,10,0,0,0,0.0,0
0.343,88,0,0.3331,,14,0,0,0,1.0,0
0.5405,71,0,0.4386,,10,0,0,0,1.0,0
0.4696,59,0,0.1219,,7,0,1,0,1.0,0
0.8795,65,0,0.4441,,16,0,0,0,5.0,0
0.8074,54,0,0.1471,14057.0,7,0,1,0,0.0,0
0.4112,60,0,0.8242,3528.0,4,0,2,0,3.0,0
0.7728,64,0,0.3941,8401.0,6,0,2,0,0.0,0
6.0311,53,1,0.4574,1652.0,7,0,0,0,3.0,0
0.7687,25,0,0.6385,7469.0,9,0,1,0,0.0,0
0.0017,66,0,0.1806,7090.0,11,0,0,0,0.0,0
0.3357,41,0,0.3561,9486.0,15,0,1,0,1.0,0
0.5105,41,0,0.1912,,7,0,0,0,,0
2.3535,48,0,0.341,2355.0,12,0,1,0,0.0,0
0.4584,53,0,0.8679,2305.0,9,0,2,0,0.0,0
0.2324,65,0,0.5388,5174.0,10,0,2,0,2.0,0
0.5064,71,0,0.4972,7187.0,8,0,0,0,0.0,0
0.5312,57,0,0.56,2641.0,10,0,1,0,2.0,0
0.6045,64,0,0.6007,2965.0,6,0,2,0,0.0,0
0.3187,53,0,0.9485,5184.0,8,0,0,0,0.0,0
0.1535,38,0,0.4617,,8,0,0,0,1.0,0
0.2678,73,0,0.6488,6624.0,9,0,2,0,1.0,0
0.6013,35,0,0.8559,5499.0,7,0,2,0,1.0,0
4.0776,35,0,0.545,,12,0,1,0,1.0,0
0.1456,51,0,0.3909,3291.0,8,0,2,0,0.0,0
0.4868,50,0,0.5107,3457.0,8,0,1,0,1.0,0
0.0773,54,0,0.4167,5840.0,9,0,1,0,0.0,0
0.5241,76,0,0.3875,13590.0,4,0,0,0,2.0,0
0.2347,48,0,0.5807,10395.0,7,0,0,0,0.0,0
0.2043,38,0,0.1006,,6,0,0,0,0.0,0
0.1418,58,0,0.3483,,7,0,1,0,0.0,0
0.4819,77,0,0.6215,1900.0,8,0,2,0,0.0,1
0.5383,65,0,0.3884,2383.0,9,0,1,0,0.0,0
0.0011,54,0,0.2547,8447.0,8,0,0,0,0.0,0
0.363,50,0,0.1881,6154.0,8,0,1,0,1.0,0
0.0268,65,0,0.4437,,11,0,2,0,1.0,0
0.0003,34,0,0.3965,4845.0,8,0,2,0,1.0,0
2.0396,46,0,0.1777,9903.0,6,0,2,0,1.0,0
0.0185,39,0,0.4315,10839.0,8,0,3,0,1.0,0
0.5063,76,0,0.3016,11528.0,13,0,1,0,0.0,0
0.3546,82,0,0.7836,9712.0,10,0,2,0,1.0,1
3.4032,72,0,0.1179,2157.0,9,0,1,0,1.0,0
0.0553,49,0,0.258,4044.0,11,0,0,0,0.0,0
0.7454,29,0,0.7461,5798.0,8,0,1,0,1.0,0
0.3547,54,0,0.084,8297.0,9,0,0,0,0.0,0
0.5129,43,0,0.0469,,8,0,0,0,2.0,0
0.6019,52,0,0.5684,10907.0,4,0,1,0,0.0,0
1.3196,54,0,0.5177,2511.0,2,0,1,0,0.0,1
0.043,72,0,0.7759,,10,0,1,0,0.0,0
0.351,54,0,0.8479,1050.0,13,0,0,0,0.0,0
0.2719,57,0,0.7101,3064.0,7,0,2,0,0.0,0
0.8943,72,0,0.8232,6352.0,8,0,0,0,2.0,0
0.7954,57,0,0.3261,2662.0,5,0,0,0,0.0,0
0.4361,44,0,0.0412,11212.0,8,0,0,0,,0
0.2515,36,0,0.57,3001.0,6,0,1,0,2.0,0
0.8398,58,0,0.2416,7144.0,10,0,3,0,0.0,0
0.0486,63,0,0.6949,13839.0,7,0,0,0,2.0,0
0.4125,58,0,0.5661,9844.0,7,0,0,0,0.0,0
0.9653,59,0,0.1955,3930.0,10,0,0,0,1.0,0
0.1029,78,3,0.1353,4522.0,5,0,0,0,2.0,0
0.1608,55,0,0.3142,4901.0,11,0,0,0,0.0,0
0.2862,50,0,0.911,18380.0,6,0,1,0,1.0,0
0.3052,70,0,0.3288,8867.0,3,0,1,0,0.0,0
0.541,52,2,0.9307,4559.0,11,0,1,0,,0
0.3223,50,0,0.1761,4533.0,10,0,1,0,3.0,0
0.0465,64,0,0.6282,7560.0,6,0,1,0,1.0,0
0.6634,40,0,0.7819,,4,0,1,0,1.0,0
0.0949,29,0,0.5394,7521.0,13,0,1,0,0.0,0
0.5142,64,0,1.0223,5977.0,9,0,2,0,0.0,0
0.6081,79,0,0.4787,6601.0,9,0,1,0,0.0,0
0.2655,80,0,0.7505,2072.0,7,0,0,0,2.0,0
0.2559,43,0,0.7075,2906.0,5,0,1,0,2.0,0
0.1876,50,0,0.4907,25277.0,5,0,3,0,0.0,0
1.0717,26,0,0.7859,10023.0,14,0,1,0,1.0,0
2.1499,49,6,0.5511,11478.0,5,0,2,0,1.0,0
0.7782,95,0,1.1066,15960.0,6,0,1,0,1.0,0
0.225,44,0,0.1812,1323.0,9,0,0,0,0.0,0
0.1062,80,0,0.2683,5727.0,8,0,3,0,1.0,0
0.2042,33,0,0.7616,9276.0,4,0,0,0,2.0,0
0.6561,55,0,0.5875,,5,0,1,0,0.0,0
0.2726,54,0,0.3378,3131.0,10,0,1,0,2.0,0
0.6049,66,0,0.2585,4121.0,9,0,0,0,1.0,0
0.7739,46,0,0.1869,,13,0,1,1,1.0,0
0.0613,26,0,0.2874,4264.0,10,0,1,0,1.0,0
0.4427,74,0,0.656,9067.0,7,0,0,0,1.0,0
0.6214,39,0,0.4677,6387.0,4,0,0,0,0.0,0
0.6511,38,0,0.3038,6191.0,8,0,1,0,0.0,0
0.2632,44,0,0.8015,4554.0,9,0,1,0,0.0,0
0.6128,35,0,0.6784,4110.0,10,0,1,0,1.0,0
0.7087,38,0,0.5712,10071.0,2,0,1,0,0.0,0
0.125,51,0,0.4708,2804.0,7,0,0,0,1.0,0
0.3569,65,0,1.0084,5011.0,6,0,0,0,0.0,0
0.1795,48,0,1.029,5080.0,5,0,2,0,1.0,0
0.9822,34,0,0.1975,7503.0,8,0,0,0,1.0,0
0.1389,31,0,0.151,2817.0,4,0,1,0,1.0,0
0.2687,67,0,0.307,2210.0,8,0,0,0,3.0,0
0.6287,39,0,0.0338,2898.0,8,0,2,0,1.0,1
0.0821,59,0,0.5979,21453.0,7,0,1,0,0.0,0
0.6295,47,0,0.2791,1992.0,5,0,0,0,1.0,0
0.2833,59,0,0.5774,12656.0,11,0,1,0,3.0,0
0.5543,62,0,0.9302,19153.0,8,0,2,0,0.0,0
0.5809,57,0,0.2095,6042.0,5,0,0,0,1.0,0
0.6998,45,0,0.7199,2387.0,10,0,0,0,0.0,0
0.3876,52,0,0.5864,8059.0,9,0,0,0,,0
0.7323,46,0,1.0858,3804.0,12,0,0,0,0.0,0
0.6972,68,0,0.1295,6334.0,9,0,2,0,3.0,0
0.4808,59,0,0.2283,1452.0,8,0,3,0,1.0,0
0.567,29,0,0.1955,2246.0,8,0,0,0,2.0,0
0.265,64,0,0.1807,9105.0,14,0,0,0,2.0,0
0.2991,57,0,0.3353,6703.0,4,0,2,0,1.0,0
0.4584,21,0,0.7483,7116.0,10,0,0,0,0.0,0
0.5511,42,0,0.4739,,11,0,0,0,0.0,1
0.0739,68,0,0.3199,10300.0,5,0,1,0,1.0,0
0.7341,55,0,0.1428,6523.0,7,0,1,0,3.0,0
0.1228,70,0,0.8854,5854.0,5,0,3,0,2.0,0
0.1733,60,0,0.7688,3737.0,7,0,4,0,1.0,0
1.3867,57,0,0.5864,7812.0,10,0,4,0,1.0,0
0.5607,60,0,0.7533,15619.0,8,0,1,0,1.0,0
0.3447,47,0,0.0552,2236.0,10,0,3,0,0.0,0
0.8651,67,1,0.2232,11089.0,2,0,3,2,0.0,0
1.1161,54,0,0.683,3728.0,9,0,2,0,1.0,0
2.8762,55,0,0.2399,2436.0,8,0,1,0,1.0,0
0.459,71,0,0.1121,5472.0,11,0,1,0,1.0,0
0.0001,65,0,0.5858,4441.0,9,0,1,0,0.0,0
0.1983,59,0,0.5936,5808.0,6,0,2,0,1.0,0
0.4929,43,0,0.3774,2581.0,10,0,0,0,0.0,0
0.1432,46,0,0.486,5707.0,9,0,1,0,0.0,0
0.0659,52,0,0.3501,,7,0,2,0,0.0,0
0.9505,28,0,0.7081,4097.0,9,0,0,0,1.0,0
0.0714,61,0,0.9295,8641.0,5,0,2,0,0.0,0
0.498,47,0,0.4639,2326.0,9,0,1,0,1.0,0
0.6521,57,0,0.3465,10676.0,4,0,0,2,2.0,0
0.2407,43,0,0.073,4074.0,6,0,2,0,1.0,0
0.7079,74,0,0.5798,,8,0,5,0,1.0,1
0.883,33,0,0.2354,,9,0,0,0,0.0,0
0.3712,21,0,0.7303,3397.0,11,0,1,0,0.0,0
1.0506,66,0,0.9674,6782.0,7,0,0,0,2.0,0
1.4169,30,0,0.597,,13,0,1,0,1.0,1
4.0916,38,0,0.0479,2279.0,6,0,0,0,2.0,1
0.204,24,0,0.668,,10,0,0,0,0.0,0
0.1483,67,0,0.6199,2976.0,10,0,1,0,0.0,0
0.6474,63,0,0.4094,9860.0,11,0,3,0,0.0,0
1.4288,65,3,0.2242,2370.0,4,0,3,0,0.0,0
0.6967,69,0,0.2454,3488.0,7,0,0,0,,0
6.3285,63,0,0.3823,8073.0,11,0,2,0,0.0,0
0.6147,47,0,0.1932,,8,0,0,0,0.0,0
0.782,55,0,0.2913,6869.0,8,0,0,0,1.0,0
0.2013,63,0,0.4437,7851.0,8,0,1,0,1.0,0
0.2156,58,0,0.6734,8848.0,9,0,0,0,2.0,0
2.426,42,0,0.346,38223.0,9,0,0,0,0.0,0
0.407,53,0,0.8623,10252.0,10,0,0,0,1.0,0
1.9543,54,0,0.6368,9839.0,3,0,0,0,0.0,0
2.7804,65,0,0.0704,3302.0,16,0,1,0,0.0,0
0.5461,56,0,0.9876,17475.0,6,0,3,0,0.0,0
6.6141,56,0,0.2338,11905.0,6,0,3,0,1.0,0
4.3916,41,0,0.4025,13305.0,4,0,0,0,1.0,0
0.3295,58,0,0.2974,9402.0,9,0,1,0,0.0,0
0.9925,47,0,0.3392,,9,0,0,0,0.0,0
0.2528,60,0,0.7396,2636.0,8,0,0,0,0.0,0
0.5824,50,0,0.4857,11094.0,6,0,1,0,,0
0.6684,41,0,0.6389,,7,0,1,0,0.0,0
0.0499,49,0,0.4612,4306.0,8,0,0,0,2.0,0
0.5933,44,0,0.2415,1890.0,7,0,3,0,1.0,0
0.2185,46,0,0.7725,4323.0,8,0,1,0,1.0,0
0.2218,51,0,0.1312,12887.0,10,0,1,0,2.0,1
0.2714,51,0,0.3222,15844.0,8,0,1,0,0.0,0
0.446,31,0,0.5574,7752.0,6,0,1,0,0.0,0
0.3998,70,0,0.6937,5766.0,13,0,0,0,0.0,0
0.1236,45,0,0.7812,7993.0,7,0,0,0,0.0,0
0.5046,74,0,0.6939,12930.0,8,0,1,0,0.0,0
2.037,59,0,0.1687,3906.0,7,0,0,0,1.0,0
0.6321,36,0,0.4208,6635.0,9,0,1,0,0.0,0
0.2096,40,0,0.0201,8350.0,8,0,2,0,0.0,0
0.1704,57,0,0.4224,5168.0,4,0,1,0,2.0,0
0.3276,38,0,0.2122,4934.0,5,0,1,0,3.0,0
0.6457,67,0,0.9028,3873.0,9,0,0,0,1.0,0
7.7993,60,0,0.5998,4674.0,9,0,1,0,2.0,1
0.1016,84,0,0.1802,,6,0,0,0,1.0,0
1.913,59,0,0.585,5684.0,8,0,0,0,1.0,0
0.2591,39,0,0.5907,3035.0,5,0,0,0,,0
0.4334,62,0,0.6584,5446.0,7,0,0,0,0.0,0
0.3447,53,0,0.3258,8267.0,11,0,1,0,1.0,0
0.4861,52,0,0.6761,6107.0,8,0,0,0,0.0,0
0.6766,59,0,0.2222,6422.0,7,0,1,0,0.0,0
0.3282,40,0,0.7493,7922.0,10,0,0,0,0.0,0
0.0556,59,0,0.1665,7581.0,11,0,0,0,0.0,0
0.1868,60,0,1.0137,,11,0,1,0,0.0,0
0.1563,57,0,0.2237,8493.0,8,0,0,0,0.0,0
0.4874,25,0,0.1108,5486.0,8,0,0,0,0.0,1
0.3644,53,0,0.9859,9128.0,2,0,0,0,1.0,0
0.1503,32,0,0.4981,12170.0,8,0,2,0,1.0,0
0.1684,34,0,0.3954,5851.0,5,0,3,0,3.0,0
3.1751,36,0,0.4059,3398.0,6,0,0,0,1.0,0
1.0238,49,1,0.5658,2258.0,10,0,1,0,0.0,0
0.5596,48,0,0.1032,2669.0,7,0,1,0,0.0,0
0.2417,73,0,0.068,2604.0,10,0,1,0,2.0,0
0.849,64,0,0.4564,9068.0,8,0,0,0,1.0,0
0.1987,69,0,0.4182,2599.0,10,0,2,0,0.0,0
2.2786,64,0,0.3935,4198.0,5,0,1,0,1.0,0
1.2472,35,0,0.266,,11,0,0,0,1.0,0
0.6393,42,0,0.6036,13446.0,11,0,0,0,1.0,0
0.107,21,0,0.8579,14240.0,12,0,2,0,2.0,0
0.0216,52,0,0.5274,2691.0,4,0,0,0,0.0,0
0.3764,73,0,0.4834,,7,0,4,0,2.0,0
1.7942,53,0,0.3434,,13,0,0,0,2.0,0
0.6996,36,0,0.6963,,3,0,0,0,2.0,0
0.1203,41,0,0.1038,3316.0,7,0,3,0,1.0,0
0.3614,59,1,0.1717,8291.0,14,0,3,0,0.0,0
0.1915,45,0,0.2425,,7,0,1,0,1.0,0
1.4098,65,0,0.3356,3057.0,5,0,2,0,0.0,0
0.3696,63,0,0.4479,,6,0,1,0,0.0,0
3.7721,49,0,0.084,1894.0,6,0,1,0,2.0,0
0.1351,36,0,0.6001,,5,0,0,0,1.0,1
1.6358,60,0,0.3063,,4,0,2,0,1.0,0
2.0449,43,0,1.0176,7734.0,11,0,1,0,1.0,0
0.0867,59,0,1.1197,4259.0,11,0,3,0,0.0,0
0.8754,61,0,0.487,2296.0,12,0,0,0,0.0,0
0.0128,45,0,0.2492,11483.0,10,0,2,0,0.0,0
0.2401,74,0,0.2138,,8,0,3,0,2.0,0
0.1061,48,0,0.0897,4270.0,14,0,0,0,0.0,0
0.5746,66,0,1.1292,,10,0,2,0,0.0,1
4.0136,63,0,1.0794,,7,0,1,0,1.0,0
0.071,48,0,0.5324,11001.0,9,0,1,0,0.0,0
0.9702,36,0,0.3775,15590.0,3,0,0,0,0.0,0
0.1616,52,0,0.1549,7974.0,4,0,2,0,1.0,0
0.915,63,0,0.3756,9802.0,8,0,1,0,0.0,0
0.7348,49,0,0.7453,,14,0,2,0,1.0,1
0.2271,47,0,0.0265,3173.0,8,0,1,0,0.0,0
0.4887,58,0,0.2173,5537.0,6,0,1,0,2.0,0
0.0368,56,0,0.9923,3946.0,8,0,4,0,0.0,0
0.6395,41,0,0.2158,,10,0,1,0,1.0,0
5.184,32,0,0.0705,2335.0,14,0,0,0,0.0,0
0.4972,60,1,0.3547,7852.0,10,1,1,2,0.0,0
0.1232,41,0,0.517,5334.0,12,0,0,0,0.0,0
1.8257,45,0,0.4103,2169.0,10,0,2,0,0.0,0
1.0549,67,0,0.3231,,8,0,0,0,1.0,0
0.0095,89,0,0.5294,7393.0,9,0,0,0,2.0,0
0.0534,81,0,0.512,4366.0,7,0,1,0,1.0,0
0.3316,52,0,0.4765,9431.0,12,0,0,0,0.0,0
0.1586,73,0,0.482,,9,0,1,0,0.0,0
0.2089,32,0,0.2234,10646.0,5,0,1,0,0.0,0
0.2363,48,0,0.1655,5883.0,6,0,0,0,1.0,0
1.8677,46,0,0.3083,1615.0,9,0,0,0,1.0,0
0.0873,44,0,0.9239,5638.0,8,0,1,0,1.0,0
0.7096,55,0,0.5844,2595.0,11,0,1,0,2.0,0
0.5987,57,0,0.643,4377.0,3,0,4,0,3.0,1
0.1525,47,0,0.4389,3205.0,18,0,2,0,1.0,0
0.6593,54,0,0.142,4041.0,5,0,0,0,0.0,0
0.1188,39,0,0.5138,,9,0,0,0,2.0,0
3.5903,21,0,0.0681,,8,0,3,0,1.0,1
0.4471,54,0,0.4355,3516.0,5,0,1,0,0.0,0
0.0354,58,0,0.5726,6355.0,10,0,0,0,0.0,0
0.2173,65,0,0.7424,,4,0,1,0,0.0,0
0.2587,34,0,0.3623,3804.0,8,0,2,0,2.0,0
0.3684,32,0,0.3056,4989.0,9,0,0,0,0.0,0
0.4513,23,0,0.6734,,10,0,3,0,0.0,1
0.5105,57,0,0.6062,6920.0,10,0,0,0,0.0,0
0.4008,42,0,0.6864,6434.0,7,0,0,0,1.0,0
0.3858,43,0,0.589,2368.0,7,0,1,0,1.0,0
0.1961,60,0,0.5431,5944.0,5,0,0,0,1.0,0
0.0294,72,0,0.9984,,10,0,0,0,0.0,0
0.0819,45,0,0.4864,1323.0,12,0,1,0,1.0,0
1.8995,64,0,0.3409,,6,0,3,0,0.0,0
0.2774,59,0,0.0838,,7,0,2,1,3.0,0
2.5828,73,0,0.4891,3963.0,4,0,1,0,2.0,0
1.1462,57,0,0.5703,3292.0,7,0,1,0,0.0,0
0.4026,43,0,0.1129,5053.0,9,0,2,0,1.0,0
0.388,43,0,0.5365,1734.0,9,0,1,0,0.0,0
0.3672,73,2,0.3608,3017.0,12,0,0,1,0.0,0
0.212,79,0,0.0544,,6,0,2,0,0.0,0
1.1816,39,0,1.1288,4272.0,6,0,0,0,2.0,1
0.4586,27,0,0.2797,3345.0,12,0,1,0,0.0,0
0.1353,58,0,0.8414,3054.0,6,0,1,0,0.0,0
0.4998,35,0,0.1554,3003.0,10,0,1,0,1.0,0
0.7411,34,0,0.2898,3667.0,5,0,2,0,2.0,0
0.5713,40,0,1.0017,3752.0,6,0,1,0,2.0,0
0.1492,44,0,0.5116,6721.0,8,0,0,0,0.0,0
3.6109,29,0,0.6942,5082.0,6,0,1,0,0.0,0
0.4459,63,0,0.7331,10925.0,8,0,0,0,2.0,0
0.2413,49,0,0.7273,4947.0,14,0,1,0,0.0,0
4.8768,58,0,0.1404,3552.0,9,0,0,0,2.0,0
0.0303,43,0,0.3407,3210.0,12,0,2,0,0.0,0
0.1395,54,0,0.4115,,4,0,1,0,1.0,0
0.6343,50,0,0.1316,6424.0,7,0,1,0,1.0,0
0.2563,59,0,0.503,,4,0,0,0,1.0,0
0.4731,36,0,0.9835,6685.0,11,0,1,0,0.0,0
0.3316,64,0,0.1259,6100.0,5,0,1,0,0.0,1
0.2506,51,0,0.6129,11544.0,9,0,2,0,0.0,0
0.0057,42,0,0.8887,6750.0,12,0,0,0,1.0,0
0.4711,55,0,0.3464,9635.0,10,0,0,0,1.0,0
0.4232,68,0,0.5311,,5,0,1,0,2.0,0
0.8139,62,0,1.0066,12481.0,4,0,2,0,,0
0.0048,65,0,1.0903,9169.0,8,0,1,0,0.0,0
0.793,53,0,0.1471,,8,0,2,0,0.0,0
0.112,40,0,0.3308,,6,0,2,0,0.0,0
3.124,49,0,0.9354,4943.0,6,0,0,0,0.0,0
0.2007,53,0,0.7339,9518.0,7,0,2,0,1.0,0
0.5854,67,0,0.4121,9454.0,7,0,0,0,1.0,0
3.2362,41,0,0.7582,,7,0,0,0,1.0,0
0.4228,67,0,0.7084,1823.0,10,0,2,0,1.0,0
5.1182,66,0,0.8284,2576.0,8,0,1,1,0.0,0
0.0635,70,0,0.2456,8730.0,1,0,1,0,1.0,0
0.113,63,0,0.4029,8776.0,12,0,2,0,1.0,0
0.645,52,0,0.266,3276.0,4,0,1,0,0.0,0
1.6213,44,0,0.6157,8153.0,8,0,2,0,0.0,0
0.6141,72,0,0.2175,4227.0,7,0,2,0,0.0,0
0.2523,59,0,0.4315,5569.0,5,0,1,0,0.0,0
2.1169,31,2,0.3693,4348.0,7,0,4,0,0.0,0
0.6037,69,3,0.5571,,5,0,1,0,2.0,0
0.0044,53,0,0.8829,2286.0,10,0,0,0,0.0,0
1.0506,57,0,0.0742,,12,0,2,0,1.0,0
0.2982,78,0,0.2007,,2,0,0,0,1.0,0
0.6505,50,1,1.24,,8,0,1,0,0.0,0
0.2975,25,0,0.5755,4490.0,7,0,1,0,0.0,0
0.6667,55,0,0.4131,5855.0,6,0,0,0,0.0,0
0.1463,45,0,0.3267,6058.0,10,0,2,0,4.0,0
0.228,48,0,0.5997,12152.0,5,0,1,0,1.0,0
0.78,42,0,0.8095,,10,0,3,0,1.0,0
0.3833,29,0,0.9991,4434.0,6,0,0,0,0.0,0
0.5103,61,0,0.229,,8,0,1,0,0.0,0
0.577,73,0,0.2833,,11,0,0,0,0.0,0
0.4535,59,0,0.5441,9855.0,5,0,2,0,0.0,0
0.0593,41,1,0.0852,2145.0,5,0,1,0,0.0,0
0.278,51,0,0.4576,,3,0,1,0,2.0,0
0.0864,88,0,0.126,,6,0,0,0,1.0,0
0.2046,62,0,0.4689,,9,0,0,0,0.0,0
0.7954,53,0,0.5231,9893.0,8,0,1,0,0.0,0
0.5123,35,0,0.01,10688.0,9,0,2,0,0.0,0
0.1393,54,0,0.1749,8916.0,13,0,3,0,2.0,0
3.1483,46,0,0.1325,,4,0,1,0,0.0,0
0.8056,63,0,0.4675,4301.0,12,0,2,0,0.0,0
0.0743,51,0,0.4393,,10,0,1,0,0.0,0
0.1176,70,0,0.7737,,7,0,1,0,2.0,0
2.3531,72,0,0.5369,4410.0,13,0,2,0,3.0,0
0.3628,28,0,0.3039,5669.0,9,0,1,0,0.0,0
0.3349,58,0,0.2029,2999.0,11,0,0,0,1.0,0
2.1398,73,0,0.5083,7456.0,11,0,0,0,0.0,0
3.2612,67,0,0.5985,5175.0,7,0,1,0,1.0,0
0.5317,21,0,0.4196,7030.0,2,0,1,0,1.0,0
0.0335,78,0,1.1268,,6,0,0,0,0.0,0
0.0821,32,0,0.536,6881.0,3,0,2,0,1.0,0
0.0017,27,0,0.5083,,6,0,0,0,0.0,0
0.2508,28,0,0.6416,8148.0,7,0,0,0,1.0,0
0.7215,60,0,0.9725,4067.0,4,0,0,0,1.0,1
0.1521,39,0,0.1401,,7,0,0,0,1.0,0
3.859,41,0,0.0245,5630.0,6,0,2,0,0.0,0
0.6993,44,0,0.8969,6018.0,9,0,0,0,0.0,0
0.2244,69,0,0.5508,13434.0,8,0,0,0,1.0,0
0.3486,62,0,0.3398,4882.0,8,0,0,0,2.0,0
0.5626,34,0,1.0203,4259.0,11,0,0,0,2.0,1
0.1315,41,0,0.1162,8025.0,3,0,1,0,0.0,0
0.0152,30,0,0.5756,5140.0,4,0,0,0,1.0,0
0.9163,42,0,0.3297,5319.0,12,0,2,0,2.0,0
2.5694,58,0,0.1976,,8,0,1,0,0.0,0
1.9227,48,0,0.1341,,5,0,1,0,0.0,1
2.3405,36,0,0.5641,3161.0,9,0,1,0,1.0,1
0.4401,64,0,0.0465,4111.0,7,0,2,0,0.0,0
0.8236,53,0,0.3609,3955.0,9,0,1,0,4.0,0
0.7441,39,0,0.3586,3487.0,6,0,1,0,1.0,0
0.4323,73,0,0.7085,7403.0,6,0,2,0,0.0,0
0.5886,57,0,0.7193,5635.0,10,0,1,0,2.0,0
0.238,51,0,0.2145,6215.0,7,0,1,0,0.0,0
6.178,58,0,0.4515,6223.0,8,0,0,0,1.0,0
10.6829,32,0,0.6251,,8,0,1,0,2.0,0
0.0602,31,0,0.5378,10382.0,2,0,1,0,0.0,0
0.8194,41,0,0.9959,4125.0,4,0,1,0,2.0,0
1.2987,64,0,0.1801,4616.0,9,0,1,0,0.0,0
0.0528,43,0,0.411,3945.0,7,0,1,0,1.0,0
0.4144,46,0,1.06,3778.0,6,0,2,0,0.0,0
1.0645,80,0,0.4383,12155.0,12,0,2,0,1.0,0
0.4692,29,0,0.2709,5991.0,11,0,1,0,1.0,0
0.5345,64,0,0.2933,6124.0,3,0,0,0,0.0,0
0.4425,36,0,0.0977,5371.0,6,0,1,0,0.0,0
6.1916,65,0,0.9161,5610.0,7,0,0,0,1.0,0
0.3515,41,0,0.3025,7449.0,7,0,2,0,1.0,0
1.0318,50,0,0.1391,7779.0,12,0,0,0,0.0,0
0.0462,39,0,0.4156,,12,0,1,0,0.0,0
3.7,32,0,0.1242,3146.0,3,0,1,0,3.0,0
2.9924,36,0,0.6399,3557.0,5,0,1,0,0.0,0
0.2781,50,0,0.5891,8844.0,3,0,1,0,1.0,0
0.8495,44,0,0.7989,5348.0,8,0,3,0,1.0,0
0.8001,35,0,0.2887,,7,0,1,0,4.0,0
0.0782,58,0,0.4709,14985.0,10,0,3,0,2.0,0
0.052,25,0,0.5775,7515.0,7,0,0,0,0.0,0
2.1252,54,0,0.5279,3183.0,10,0,0,0,2.0,0
0.5001,44,0,0.4651,6692.0,7,0,1,0,0.0,0
1.134,59,0,0.5588,9554.0,12,0,2,0,1.0,0
1.7931,71,0,0.542,24538.0,5,0,1,0,2.0,0
0.2163,43,0,0.4625,5783.0,11,0,1,0,1.0,0
0.1498,47,0,0.5731,5686.0,7,0,1,0,2.0,0
0.1486,60,0,0.3728,7170.0,3,0,2,0,3.0,0
0.1233,53,0,0.5837,3454.0,1,0,1,0,0.0,0
0.8657,62,0,0.2638,2894.0,12,0,1,1,1.0,0
0.1184,41,0,0.1499,3618.0,10,0,2,0,2.0,0
0.0769,59,0,0.1543,,7,0,1,0,0.0,0
0.6738,54,0,1.1631,15645.0,4,0,3,0,0.0,0
0.482,56,0,0.4552,6356.0,10,0,2,0,0.0,0
0.9527,45,0,0.2538,1628.0,8,0,2,0,0.0,0
0.7988,47,0,0.6554,1927.0,6,0,0,0,2.0,1
0.0277,38,0,0.6734,14025.0,7,0,0,0,2.0,0
0.8494,59,2,0.7958,,4,1,2,2,0.0,0
1.015,52,0,0.5944,14048.0,12,0,0,0,1.0,0
0.3001,52,0,1.0133,10296.0,8,0,1,0,0.0,0
0.718,39,0,0.4298,771.0,8,0,0,0,1.0,0
1.6435,59,0,0.3316,4968.0,7,0,1,0,0.0,0
0.5898,35,0,0.611,1884.0,8,0,3,0,0.0,0
1.0352,61,0,0.2381,,6,0,1,0,1.0,0
0.3654,29,2,0.3311,13916.0,14,0,1,0,,1
0.1272,78,0,0.6092,4225.0,6,0,1,0,2.0,0
0.1279,91,0,0.4016,13977.0,7,0,3,0,0.0,0
0.0457,64,0,0.7422,10637.0,13,0,1,0,0.0,0
0.3824,51,0,0.3157,11714.0,6,0,1,0,1.0,0
0.7839,41,0,1.1997,5084.0,2,0,2,0,1.0,0
0.6021,39,0,1.1434,4934.0,8,0,1,0,0.0,0
0.8794,48,0,0.6708,14933.0,7,0,0,0,0.0,0
1.0266,61,0,0.6715,,8,0,0,0,1.0,1
3.1441,51,0,0.5427,3204.0,8,0,1,0,0.0,0
0.1644,95,0,0.3321,10078.0,6,0,1,0,1.0,0
0.5247,46,0,0.8482,3988.0,6,0,0,0,0.0,0
0.2628,47,0,0.4969,2394.0,10,0,1,0,2.0,0
0.8384,50,0,0.4164,3857.0,9,0,4,0,0.0,0
0.1806,56,0,0.5303,3233.0,8,0,0,0,0.0,0
0.444,42,0,0.7431,,3,0,0,0,0.0,0
0.0602,64,0,0.8389,5528.0,7,0,0,0,1.0,0
0.4943,29,0,0.0849,5290.0,14,0,1,0,1.0,0
0.1213,71,0,0.8964,4243.0,8,0,3,0,0.0,0
0.5485,55,0,0.7671,12905.0,13,0,0,0,0.0,0
0.5458,46,0,1.214,4312.0,12,0,2,0,1.0,0
0.3663,70,2,0.2483,2059.0,4,0,1,2,0.0,0
0.5425,58,0,0.1863,4371.0,6,0,0,0,0.0,0
1.524,40,0,0.3358,10671.0,9,0,0,0,1.0,0
0.045,44,0,0.7464,12179.0,5,0,0,0,1.0,0
0.3803,44,0,0.3209,9655.0,8,0,1,0,2.0,0
0.1848,59,0,0.2037,,9,0,0,0,0.0,0
0.4977,60,0,0.7462,17852.0,10,0,2,0,,0
0.0317,47,0,0.0564,26925.0,8,0,1,0,0.0,0
0.1521,54,0,0.52,12030.0,14,0,0,0,0.0,0
0.0589,95,0,0.9461,4944.0,10,0,0,0,1.0,0
0.3343,37,0,0.0997,5035.0,8,0,1,0,1.0,0
0.443,48,0,0.6391,2458.0,12,0,2,0,2.0,0
0.6413,60,0,0.5064,3800.0,7,0,1,0,4.0,0
0.0043,71,1,0.6334,13247.0,7,0,1,1,,0
0.2757,51,0,0.6992,8096.0,6,0,0,0,1.0,0
0.8745,27,0,0.8674,11266.0,11,0,0,0,2.0,0
0.2055,73,0,0.0818,,7,0,0,0,1.0,0
0.6992,69,0,0.2166,5018.0,15,0,2,0,2.0,0
0.4387,49,0,0.7306,1098.0,9,0,0,0,2.0,0
1.2523,58,0,0.6682,,5,0,2,0,0.0,0
0.2384,76,0,0.6792,13281.0,9,0,3,0,1.0,0
4.4852,53,1,0.6881,12670.0,7,0,0,0,1.0,0
0.3437,57,0,0.6463,7397.0,8,0,0,0,0.0,0
0.2177,56,0,0.117,,10,0,2,0,1.0,0
0.4146,41,0,0.4844,2815.0,9,0,0,0,0.0,0
0.3606,47,2,0.4382,3727.0,5,0,2,0,0.0,0
0.2321,68,0,0.7071,4719.0,7,0,2,0,1.0,0
0.4411,44,0,0.4655,4326.0,5,0,2,0,0.0,0
0.3549,66,0,0.3846,6958.0,6,0,0,0,0.0,0
0.7142,50,0,0.147,4270.0,10,0,0,0,0.0,0
0.657,47,0,0.5564,1598.0,7,0,0,0,1.0,1
5.1078,77,0,0.3114,8881.0,6,0,0,0,1.0,0
0.5087,53,1,0.4492,,12,0,0,0,0.0,0
0.2608,33,0,0.8094,8314.0,10,0,0,0,1.0,0
0.1866,54,0,0.5981,12676.0,6,0,1,0,0.0,0
0.104,25,0,0.241,9973.0,8,0,2,0,0.0,0
0.6524,67,0,0.498,4358.0,8,0,0,0,1.0,0
0.0305,29,0,0.5621,5006.0,8,0,2,0,1.0,0
0.0689,42,2,0.3759,10514.0,6,0,0,0,1.0,0
0.2005,77,0,0.7165,7435.0,9,0,0,0,0.0,0
1.415,49,0,0.3548,4420.0,2,0,1,0,0.0,0
0.0318,63,0,0.2653,5845.0,9,0,0,0,0.0,0
1.1831,47,0,0.4862,10191.0,10,0,2,0,1.0,0
0.1786,59,0,0.3422,8066.0,10,0,0,0,0.0,0
0.2386,40,0,0.626,5620.0,10,0,1,0,1.0,0
0.1566,49,0,0.2747,5586.0,12,0,2,0,1.0,0
0.1778,33,0,0.187,17037.0,9,0,2,0,0.0,0
0.3151,55,0,0.4476,5807.0,9,0,3,0,1.0,0
0.5371,63,0,0.5979,,7,0,1,0,0.0,0
0.0069,53,0,0.6191,7937.0,5,0,1,0,1.0,0
0.2123,56,0,0.1117,6888.0,7,0,1,0,1.0,0
5.2268,37,0,0.5887,5265.0,5,0,0,0,2.0,0
0.6577,67,0,0.4554,4598.0,7,0,1,0,0.0,0
0.3196,64,0,0.4075,,10,0,1,0,1.0,0
2.9568,61,0,0.8645,4066.0,10,0,1,0,,0
1.0226,35,0,0.0109,5767.0,11,0,1,0,2.0,0
0.1377,66,0,0.4717,4867.0,8,0,0,0,1.0,0
0.369,59,0,0.6382,1918.0,6,0,0,0,,0
0.4663,47,0,0.3804,971.0,12,0,2,0,1.0,0
0.1007,53,0,0.8162,14865.0,8,0,0,0,,0
0.8238,43,0,0.9839,2945.0,8,0,5,0,0.0,0
0.7616,52,0,0.3798,,7,0,0,0,1.0,0
0.769,58,0,0.2491,6493.0,12,0,0,0,3.0,0
0.3135,54,2,0.4934,3029.0,8,1,0,1,0.0,0
0.2006,81,0,0.5914,3407.0,9,0,2,0,2.0,0
0.0613,49,0,0.5551,5696.0,7,0,0,0,2.0,0
2.955,51,0,0.621,4685.0,11,0,3,0,1.0,0
0.37,34,0,0.3773,6287.0,8,0,0,0,0.0,0
1.0736,53,0,0.8039,11262.0,5,0,1,0,0.0,0
0.0249,47,0,0.5708,5752.0,7,2,0,0,0.0,0
0.3772,41,0,0.7441,,10,2,0,0,1.0,0
1.8105,64,0,0.2698,8200.0,9,0,0,0,0.0,0
0.4413,65,0,0.5534,8675.0,10,0,1,0,1.0,0
0.9547,55,0,0.2159,10661.0,3,0,0,0,2.0,0
0.1156,48,0,0.2053,3220.0,8,0,1,0,0.0,0
0.7907,60,0,0.5085,,11,0,1,0,2.0,0
0.2748,71,0,0.0269,,8,0,1,0,1.0,0
0.522,68,0,1.1848,4026.0,4,0,1,0,1.0,0
0.1735,51,0,0.1958,5721.0,10,0,2,0,0.0,0
0.7077,63,0,0.4788,4154.0,10,0,0,0,0.0,0
2.1231,61,0,0.2527,4870.0,8,0,1,0,0.0,0
0.4524,76,0,0.1729,2723.0,6,0,1,0,2.0,0
1.076,78,0,0.1978,4503.0,7,0,0,0,3.0,0
1.3132,48,0,0.7971,5126.0,15,0,0,0,2.0,1
0.4183,63,0,0.3966,4740.0,13,0,2,0,1.0,0
0.4958,38,0,0.4964,8010.0,15,0,0,0,0.0,0
4.5269,56,0,0.1977,5309.0,9,0,1,0,0.0,0
0.3889,56,0,0.5295,728.0,9,0,0,0,1.0,0
0.3716,52,0,1.1703,,6,0,1,0,0.0,0
0.6544,63,0,1.0894,2562.0,11,0,1,0,2.0,0
3.3085,53,0,0.2521,4922.0,7,0,0,0,2.0,0
0.7367,50,0,0.433,2839.0,6,0,1,0,1.0,0
0.0898,36,0,0.4155,12016.0,11,0,1,0,0.0,0
3.1533,42,0,0.7141,6609.0,14,0,0,0,0.0,0
0.9393,63,0,0.5812,10779.0,10,0,1,0,0.0,0
0.2768,43,0,0.5334,16637.0,5,0,0,0,0.0,0
6.2328,58,0,0.8895,24048.0,7,0,1,0,1.0,0
0.434,57,0,0.2542,,4,0,0,0,1.0,0
0.0125,37,0,0.4751,7512.0,4,0,2,0,1.0,0
0.7875,70,0,0.5366,,9,0,0,0,0.0,0
0.1206,59,0,0.1103,5454.0,11,0,1,0,0.0,0
0.4918,52,0,0.4494,,9,0,0,0,0.0,0
0.6258,52,0,0.5726,,14,0,1,0,1.0,1
0.2372,29,0,0.0913,,7,0,0,0,0.0,0
0.2563,28,0,0.446,4287.0,8,0,0,0,1.0,0
0.5647,68,0,0.7181,,14,0,2,0,,1
0.3736,43,0,0.2197,8032.0,2,0,0,0,2.0,0
0.0765,42,0,1.0282,,7,0,1,0,0.0,0
0.0411,28,0,0.6381,6612.0,11,0,0,0,0.0,0
0.3522,63,0,0.1818,3120.0,10,0,1,0,1.0,0
0.3902,53,0,0.7605,3259.0,5,0,0,0,2.0,0
2.7525,55,0,0.7042,8019.0,7,0,1,0,1.0,0
0.705,57,0,0.5131,9127.0,5,0,2,0,2.0,0
0.0391,58,0,0.374,6205.0,5,0,1,0,1.0,0
0.2628,51,0,0.3755,3694.0,8,0,0,0,0.0,0
0.4248,50,0,0.9914,,10,0,2,0,0.0,0
0.6509,47,0,0.7091,1749.0,9,0,0,0,0.0,1
0.0243,30,0,0.6341,4897.0,11,0,1,0,0.0,0
0.5454,33,0,0.6305,3889.0,16,0,2,0,3.0,1
0.1528,77,0,0.4698,,10,0,1,0,1.0,0
0.4296,74,3,0.4233,4539.0,6,0,1,0,1.0,0
0.3938,21,0,0.3591,3469.0,5,0,1,0,2.0,0
1.07,58,0,0.2794,2724.0,9,0,1,0,0.0,0
0.5317,35,0,0.0937,3695.0,3,0,3,0,2.0,0
0.7302,84,0,0.575,5154.0,12,0,2,0,0.0,0
0.0815,37,0,0.8161,6454.0,7,0,1,0,2.0,0
0.2872,59,0,0.1806,,8,0,1,0,0.0,0
0.6079,52,0,0.3496,7787.0,10,0,2,0,1.0,0
0.2892,60,0,0.6577,,9,0,0,0,1.0,0
0.1252,67,0,0.3196,,9,0,0,0,1.0,0
4.6462,37,0,0.1852,6536.0,10,0,1,0,0.0,1
0.3688,73,0,0.0624,3476.0,9,0,0,0,0.0,0
0.4819,42,0,0.4287,3619.0,12,0,0,0,1.0,0
0.199,28,0,0.3754,4043.0,13,0,1,0,0.0,0
0.6556,45,0,0.1934,4508.0,6,1,2,0,1.0,0
0.4706,50,0,0.3151,10169.0,10,0,0,0,2.0,0
2.4514,69,0,0.7553,,8,0,1,0,1.0,0
0.356,61,0,0.0935,3862.0,10,0,2,0,2.0,0
0.2055,59,0,0.7056,3432.0,2,0,2,0,1.0,0
0.0427,42,0,0.5045,3690.0,6,0,0,0,2.0,0
0.2713,68,0,0.7754,2171.0,10,0,0,0,1.0,0
2.6294,58,0,0.1821,6617.0,8,0,3,0,3.0,0
0.6012,59,0,0.8581,6375.0,8,0,0,0,0.0,0
0.7488,71,0,1.0201,,9,0,0,0,0.0,1
0.758,45,0,0.0597,,6,0,0,0,0.0,0
0.768,77,0,0.7176,6181.0,10,0,1,0,2.0,0
0.2709,61,0,0.7103,8683.0,6,0,0,0,0.0,0
1.3295,65,0,0.4845,12202.0,6,0,0,0,0.0,0
0.1099,56,0,0.814,6915.0,12,0,2,0,0.0,0
0.4382,48,0,0.0861,4851.0,4,0,2,0,2.0,0
0.0441,84,0,0.1553,9334.0,8,0,0,0,0.0,0
0.0675,52,0,0.7189,,10,0,0,0,1.0,0
0.448,43,0,0.0426,2708.0,5,0,1,0,2.0,0
0.9714,39,0,0.0384,,14,0,2,0,1.0,0
0.877,78,0,0.3792,8566.0,7,0,1,0,0.0,0
0.5502,62,0,0.9609,6150.0,8,0,2,0,0.0,0
0.3864,35,0,0.4734,3706.0,7,0,1,0,1.0,0
0.213,49,0,0.801,8104.0,11,0,0,0,1.0,0
0.8723,51,0,0.6988,,10,0,2,0,2.0,1
1.1202,42,0,0.4207,11787.0,4,0,2,0,0.0,0
0.299,62,0,0.991,5054.0,10,0,0,0,0.0,0
0.2069,50,0,0.657,,6,0,4,0,1.0,0
0.6497,53,0,1.1295,5117.0,6,0,0,0,2.0,1
0.7712,37,0,0.1909,2140.0,6,0,0,0,3.0,0
0.2562,44,0,0.8716,,14,0,1,0,0.0,0
0.3862,38,0,0.7966,,4,0,1,0,1.0,0
0.5218,90,0,0.4747,10353.0,3,0,3,0,0.0,0
0.2778,21,0,0.7296,7997.0,8,0,0,0,0.0,0
1.0507,43,0,0.5382,3081.0,10,0,1,0,1.0,1
0.0038,52,0,0.173,,6,0,0,0,0.0,0
0.1168,45,0,0.6139,,5,0,1,0,2.0,0
1.037,56,0,0.3803,4073.0,8,0,2,0,2.0,0
0.6583,40,0,0.6495,4047.0,9,0,5,0,0.0,1
0.0895,57,0,0.0413,3394.0,11,0,2,0,0.0,0
0.035,70,0,0.4896,5339.0,8,0,2,0,1.0,0
0.2939,24,0,0.3194,6104.0,10,0,0,0,0.0,0
0.2213,45,0,0.4525,2499.0,13,0,1,0,1.0,0
0.5683,46,0,0.3741,,6,0,1,0,0.0,0
1.1009,74,1,0.6925,3547.0,8,0,0,1,1.0,0
0.1098,56,4,0.5184,3265.0,3,0,0,0,2.0,0
0.1072,40,5,0.565,1954.0,2,0,0,0,1.0,0
1.2801,54,0,0.0089,8561.0,7,0,0,0,2.0,0
0.3274,32,0,0.1183,1945.0,8,0,2,0,0.0,0
0.0345,74,0,0.4419,11549.0,7,0,0,0,0.0,0
0.0879,58,0,0.7174,1986.0,7,0,2,0,0.0,0
0.0345,51,0,1.0283,,10,0,1,0,3.0,0
11.7342,56,0,0.8818,9028.0,8,0,4,0,1.0,0
0.9618,48,0,1.1908,5750.0,6,0,1,0,0.0,0
0.5641,38,0,0.6448,4448.0,7,0,0,0,0.0,0
0.3932,45,0,0.6633,4240.0,10,0,0,0,0.0,0
0.9032,67,0,0.7505,1259.0,14,0,1,0,0.0,0
0.3962,52,0,0.5545,3565.0,10,0,0,0,1.0,0
0.4025,57,0,0.4829,4909.0,3,0,0,0,1.0,0
0.5363,68,0,0.3233,14624.0,15,0,1,0,1.0,0
0.6425,64,0,0.4113,10297.0,9,0,4,0,1.0,0
0.1005,45,0,0.3632,7357.0,11,0,0,0,0.0,0
1.6427,63,0,0.622,12841.0,7,0,1,0,0.0,0
0.4648,54,0,0.5398,3813.0,3,0,2,0,0.0,0
0.2879,40,0,0.5878,3160.0,7,0,0,0,2.0,0
0.4547,62,0,0.2082,1395.0,14,0,1,0,0.0,0
0.5599,65,0,0.531,2490.0,8,0,0,0,0.0,1
0.1379,30,0,0.4399,5767.0,11,0,1,0,2.0,0
0.4601,38,0,0.1019,4598.0,8,0,2,0,1.0,0
1.9429,39,0,0.4029,,6,0,0,0,0.0,0
2.5042,80,0,0.4711,2680.0,8,0,0,0,0.0,0
0.2474,41,0,0.242,6935.0,6,0,1,0,1.0,0
0.5546,26,0,0.4371,,12,0,1,0,1.0,0
0.0268,35,0,0.4311,2850.0,9,0,0,0,0.0,0
0.3952,63,0,0.8209,,5,0,2,0,0.0,0
0.4318,43,0,0.1766,,5,0,0,0,1.0,0
0.2788,40,0,0.8181,3766.0,6,0,1,0,1.0,0
2.0946,28,0,0.2137,3751.0,5,0,0,0,1.0,0
0.4856,64,0,0.5036,,5,0,1,0,0.0,0
0.5672,64,0,0.2718,,11,0,1,0,1.0,0
0.3022,55,0,0.4257,9418.0,12,0,0,0,1.0,0
0.4205,39,0,0.6294,6757.0,7,0,1,0,2.0,0
0.5056,44,0,1.2244,5377.0,14,0,0,0,3.0,1
0.0903,44,0,0.3804,3738.0,10,0,0,0,3.0,0
0.3968,48,2,0.5427,5068.0,7,0,5,2,,0
0.2737,41,0,0.3511,,6,0,3,0,1.0,0
0.7479,38,1,0.9715,2920.0,10,0,1,0,4.0,0
0.0713,52,0,0.7288,,7,0,1,0,0.0,0
0.1234,72,0,0.3558,,5,0,1,0,2.0,0
0.7305,36,0,0.0683,7463.0,8,0,2,0,0.0,0
0.0228,55,0,0.4995,14667.0,5,0,2,0,1.0,0
0.0018,68,0,0.1365,8802.0,9,0,1,0,2.0,0
0.1026,54,0,0.2403,7525.0,6,0,0,0,1.0,0
3.5455,54,0,0.1298,5096.0,3,0,0,0,0.0,0
0.7747,41,0,0.5165,,6,0,0,0,1.0,0
0.6478,63,0,0.7698,,3,0,0,0,1.0,0
0.208,67,0,0.5337,6631.0,7,0,1,0,1.0,0
0.7048,71,0,0.1531,8284.0,10,0,0,0,0.0,0
0.2546,60,0,0.6799,6451.0,5,0,1,0,1.0,0
1.2308,47,0,0.3272,6614.0,4,0,1,0,1.0,0
4.1522,51,0,0.5434,4555.0,11,0,2,0,2.0,0
1.7732,39,0,0.4211,4737.0,9,0,1,0,0.0,0
5.1744,54,0,0.2726,,11,1,1,0,0.0,0
0.447,56,0,0.3807,6256.0,4,0,2,0,0.0,0
0.5845,58,0,0.8923,,2,0,2,0,,0
0.012,71,0,0.0648,12255.0,9,0,0,0,0.0,0
0.1934,53,2,0.2884,7507.0,9,0,2,0,2.0,0
1.2792,42,0,0.2773,14385.0,8,0,1,0,,0
0.0356,50,0,0.5292,4314.0,7,0,0,0,0.0,0
0.7838,56,0,0.6113,,4,0,2,0,0.0,0
0.926,63,0,0.6852,,4,0,0,0,0.0,0
0.3636,47,0,0.1235,3144.0,5,0,1,0,1.0,0
0.3433,46,0,0.3245,1331.0,9,0,1,0,0.0,0
0.6194,61,1,0.2826,,8,0,0,0,1.0,0
5.7335,41,0,0.6994,6026.0,8,0,2,0,0.0,0
0.2991,58,0,0.6997,,10,0,0,0,1.0,0
0.611,64,0,0.4391,3639.0,12,0,0,0,0.0,0
0.7745,52,0,0.4815,7297.0,9,0,0,0,1.0,0
0.4533,61,0,0.3895,,7,0,0,0,1.0,0
0.4048,37,0,0.1469,,7,0,4,0,0.0,0
0.2443,49,0,1.1897,10032.0,9,0,0,0,1.0,0
0.5894,40,0,0.687,4528.0,12,0,2,0,0.0,0
0.0925,59,0,0.6561,10354.0,9,0,0,0,1.0,0
0.4077,21,0,0.8335,1848.0,5,0,1,0,2.0,0
0.3499,63,0,0.5371,8484.0,7,0,2,0,0.0,0
0.714,43,0,0.8351,5474.0,11,0,2,0,1.0,0
2.3366,41,0,0.1645,6961.0,9,0,0,0,2.0,0
0.3897,69,0,0.412,2621.0,8,0,2,0,0.0,0
0.3169,50,0,0.2898,3327.0,7,0,0,0,2.0,0
0.0654,46,0,0.7828,5318.0,6,0,1,0,1.0,0
0.0796,56,0,0.2627,7334.0,4,0,1,0,1.0,0
0.2776,54,0,0.2136,5049.0,3,0,0,0,1.0,0
0.7524,50,0,0.2226,4251.0,13,0,0,0,1.0,0
1.3773,67,0,0.6063,9117.0,7,0,1,0,2.0,0
0.0877,21,0,0.42,,8,0,2,0,1.0,0
1.0828,37,0,0.2661,7405.0,7,0,1,0,0.0,0
0.0443,38,0,1.0193,2547.0,9,0,1,0,3.0,0
0.8387,74,0,0.3264,24639.0,8,0,1,0,0.0,0
0.1537,71,0,0.6142,7118.0,12,0,1,0,0.0,0
0.4669,54,0,0.627,2834.0,7,0,0,0,1.0,0
0.8611,51,0,0.2114,,9,0,0,0,2.0,0
0.3032,47,1,0.8114,8713.0,5,0,1,0,0.0,0
3.9786,66,0,0.6205,6332.0,11,0,3,0,0.0,0
2.1141,35,0,0.6391,16290.0,7,0,1,0,1.0,0
0.2298,64,0,0.8285,7171.0,5,0,1,0,0.0,0
0.4721,75,0,0.2362,,5,0,5,0,0.0,1
1.2956,55,0,0.2769,4702.0,9,0,1,0,0.0,0
1.7968,56,0,0.4817,9032.0,6,0,0,0,,0
0.5272,54,0,0.2204,2316.0,6,0,0,0,0.0,0
1.0221,46,0,0.2717,,10,0,1,0,1.0,0
0.0282,29,0,0.4793,3995.0,9,0,0,0,0.0,0
0.0985,54,0,0.3066,,4,0,2,0,0.0,0
0.2089,43,1,0.464,9789.0,8,2,2,2,3.0,0
0.5653,40,0,0.3594,4991.0,10,0,0,0,1.0,0
0.4673,49,0,0.7033,1760.0,7,0,1,0,1.0,0
0.6173,62,0,0.3933,4405.0,8,0,1,0,1.0,0
0.4102,58,0,0.901,9625.0,5,0,0,0,0.0,0
0.4518,57,0,0.6227,15179.0,9,0,1,0,0.0,0
0.3158,61,0,0.049,5391.0,5,0,3,0,1.0,0
7.1702,58,0,0.3016,3806.0,14,0,1,0,0.0,0
3.0063,64,0,0.6342,,11,0,0,0,0.0,0
0.6818,67,0,0.5018,2654.0,11,0,0,0,2.0,0
0.0603,64,0,0.3795,3796.0,7,0,0,0,1.0,0
0.9336,42,0,0.5332,4096.0,4,0,5,0,2.0,0
2.7165,64,0,0.5884,2720.0,5,0,4,0,2.0,0
0.6687,46,0,0.3807,12786.0,7,0,2,0,1.0,0
2.1272,39,0,0.9194,6858.0,8,0,2,0,0.0,0
0.5981,43,0,0.6293,14011.0,7,0,1,0,1.0,0
0.367,39,1,0.6027,,12,0,0,0,1.0,0
0.0866,64,0,0.4372,33347.0,9,0,0,0,0.0,0
0.8921,56,0,0.2403,4057.0,11,0,0,0,2.0,0
0.4142,67,0,0.672,20264.0,5,0,0,0,0.0,0
1.5369,67,2,0.4473,8320.0,7,0,1,0,4.0,0
0.1068,50,0,0.9018,4560.0,13,0,1,0,0.0,0
0.4405,62,0,0.4337,3988.0,3,0,3,0,0.0,0
0.6658,32,0,0.7435,4637.0,17,0,1,0,0.0,0
0.9798,40,0,0.5327,,4,0,0,0,1.0,0
1.6482,32,0,0.6717,5119.0,7,0,2,0,0.0,0
0.6719,39,0,0.5894,9157.0,8,0,1,0,1.0,0
0.0141,41,0,0.1462,2706.0,9,0,5,0,0.0,0
0.1431,45,0,0.6213,4289.0,6,0,2,0,0.0,0
5.9649,46,0,0.9669,4479.0,9,0,1,0,1.0,0
1.5939,42,0,0.122,5373.0,15,0,0,0,0.0,0
0.0425,37,0,0.6052,,9,0,1,0,0.0,0
0.3547,66,0,0.4284,6312.0,9,0,2,0,2.0,0
0.6061,50,0,0.5925,,8,0,1,0,0.0,0
0.0487,60,0,0.5532,11334.0,8,0,0,0,2.0,0
0.6249,42,0,0.4143,3081.0,10,0,0,0,0.0,0
0.2642,37,0,0.7954,2758.0,8,0,0,0,3.0,0
0.1201,66,0,0.1071,4356.0,15,0,0,0,3.0,0
0.9179,68,0,0.437,3160.0,5,0,2,0,2.0,0
0.7123,55,0,0.5886,3305.0,8,0,0,0,0.0,0
0.7218,51,0,0.3527,9604.0,6,0,0,0,1.0,0
0.3483,74,0,0.4084,9611.0,6,0,1,0,1.0,0
0.0147,67,0,0.3837,,2,0,4,0,2.0,0
0.1598,49,0,0.1252,7966.0,4,0,2,0,0.0,0
0.0345,38,0,0.346,,12,0,1,0,2.0,0
0.5598,72,0,0.28,1852.0,11,0,0,0,1.0,0
0.5426,21,0,0.5331,2799.0,11,0,0,0,2.0,0
0.4721,51,3,0.481,3795.0,4,1,0,0,0.0,0
0.2635,46,0,0.8208,,7,0,3,0,0.0,0
0.6462,42,0,0.8574,7174.0,10,0,1,0,1.0,0
2.2938,41,0,1.1322,2954.0,6,0,0,0,1.0,1
0.9872,50,2,0.0882,4685.0,9,0,1,0,0.0,0
0.5128,67,0,0.3766,7068.0,5,0,2,0,1.0,0
0.4045,40,0,0.6236,11144.0,6,0,1,0,0.0,0
0.3554,73,2,0.3783,12343.0,6,0,0,1,0.0,1
0.6242,48,0,0.894,9062.0,6,0,1,0,0.0,0
0.7915,33,0,0.2453,2667.0,7,0,0,0,3.0,0
0.6184,41,0,0.6274,3358.0,4,0,2,0,0.0,0
2.1921,44,0,0.4761,,5,0,0,0,0.0,0
0.0846,45,0,0.8232,7456.0,4,0,1,0,1.0,0
0.1392,37,0,0.3609,6579.0,12,0,2,0,3.0,0
0.835,61,5,0.5471,6151.0,9,0,0,0,2.0,0
0.393,60,0,0.5215,4629.0,13,0,0,0,0.0,0
1.4299,50,0,0.4281,,10,0,1,0,0.0,0
6.578,36,0,0.4417,3755.0,5,0,1,0,0.0,0
0.2519,43,0,0.1236,2511.0,9,0,2,0,2.0,0
0.6468,52,0,0.6031,2131.0,2,0,3,0,0.0,0
4.6272,33,0,0.1197,3068.0,11,0,2,0,3.0,0
0.7277,34,0,0.881,819.0,6,0,0,0,2.0,0
0.5472,48,0,0.7932,2797.0,10,0,1,0,0.0,0
0.1398,30,0,0.4682,,9,0,0,0,1.0,0
0.1174,61,0,0.2443,10836.0,9,0,2,0,0.0,0
0.5652,54,0,0.3458,7283.0,5,0,3,0,0.0,0
0.1636,70,0,0.4967,5041.0,6,0,0,0,0.0,0
0.3349,34,0,0.3477,6479.0,7,0,1,0,0.0,0
0.1091,42,0,0.6719,4204.0,7,0,1,0,1.0,0
2.4126,63,0,0.445,6492.0,4,0,1,0,0.0,0
0.2516,63,0,0.187,6353.0,8,0,0,0,3.0,0
0.0901,30,0,0.1617,2210.0,5,0,2,0,1.0,0
0.0376,73,0,0.2522,3675.0,7,0,3,0,0.0,0
0.9034,41,0,0.2862,4651.0,9,0,0,0,2.0,0
0.062,71,0,0.1744,7524.0,8,0,1,0,0.0,0
0.6599,48,0,0.5118,6542.0,7,0,1,0,1.0,0
0.0306,64,0,0.6628,4299.0,7,0,1,0,1.0,0
0.5841,22,0,0.4024,4473.0,10,0,0,0,1.0,0
0.1026,95,0,0.6334,6548.0,7,0,0,0,2.0,0
0.4459,52,0,0.1007,,6,0,0,0,1.0,0
0.3578,70,1,0.8176,9087.0,8,0,0,0,0.0,0
0.4482,53,0,0.274,,14,0,1,0,0.0,0
0.473,57,0,0.2772,6282.0,4,0,1,0,1.0,0
1.3057,66,0,1.0223,4069.0,9,0,0,0,,0
0.2206,77,0,0.2807,,13,0,0,0,0.0,0
0.2442,52,0,0.437,5936.0,7,0,2,0,0.0,0
0.7031,74,0,0.3214,3751.0,6,0,1,0,,0
0.8897,52,0,1.3207,3845.0,5,0,1,0,0.0,0
0.8151,61,0,0.5881,6101.0,13,0,2,0,0.0,0
0.0435,55,0,0.5392,4494.0,9,0,1,0,1.0,0
0.1477,55,0,0.1723,6079.0,12,0,0,0,0.0,0
0.0032,49,1,0.6681,8780.0,7,0,3,0,0.0,0
0.6061,48,0,0.8536,4116.0,6,0,0,0,2.0,0
0.3077,50,0,0.8277,,5,0,0,0,1.0,0
2.6803,66,0,0.864,,13,0,1,0,0.0,0
0.3578,69,0,0.5892,6024.0,10,0,0,0,0.0,0
0.0056,24,0,0.6588,,11,0,1,0,0.0,0
0.2913,46,0,0.4527,8618.0,4,0,0,0,1.0,0
0.6449,28,0,0.9117,6585.0,11,0,2,0,0.0,0
0.9204,55,0,0.6916,4012.0,13,0,1,0,1.0,0
0.5402,34,0,0.1258,4090.0,12,0,3,0,0.0,0
0.0786,35,0,0.1838,,7,0,1,0,0.0,0
0.282,47,1,0.0934,,9,0,2,0,0.0,0
0.0512,31,0,0.0558,,7,0,1,0,1.0,0
0.4972,60,0,0.3081,1786.0,14,0,0,0,1.0,0
0.0213,55,0,0.5573,,10,0,1,0,2.0,0
0.8507,42,0,0.0735,3730.0,11,0,1,0,1.0,0
0.3793,59,0,1.301,4825.0,5,0,0,0,1.0,0
0.1359,46,0,0.7107,7365.0,7,0,1,0,2.0,0
0.2377,53,0,0.37,,8,0,1,0,2.0,0
0.5826,89,0,0.1536,6298.0,7,0,1,0,1.0,0
0.2368,48,0,0.5544,9025.0,13,0,3,0,0.0,0
0.3166,53,0,0.2505,5993.0,11,0,0,0,1.0,0
0.2898,62,0,0.8209,14040.0,15,0,1,0,0.0,0
0.1664,92,0,0.1352,2155.0,11,0,0,0,1.0,0
0.6926,43,0,0.9438,10867.0,11,0,2,0,1.0,0
0.3651,46,0,0.2336,9708.0,14,0,1,0,1.0,0
0.8223,60,0,1.1266,4428.0,6,0,1,0,2.0,0
2.7655,46,2,0.3391,7138.0,8,0,0,0,2.0,0
1.2778,55,0,0.9978,10296.0,10,0,0,0,0.0,0
0.4124,79,0,0.0904,2293.0,3,0,0,0,0.0,0
0.8135,48,0,0.3981,,7,0,1,0,2.0,1
0.0156,46,0,0.2183,7008.0,9,0,1,0,1.0,0
0.5431,77,0,0.1291,10279.0,5,0,1,0,2.0,0
0.1046,45,0,0.7942,3758.0,9,0,2,0,1.0,0
0.2729,56,0,0.6026,21684.0,11,0,2,0,1.0,0
1.6272,25,0,0.0968,,8,0,0,0,0.0,1
2.6851,61,0,0.6919,4262.0,6,0,1,0,2.0,0
0.1699,56,0,0.2621,9094.0,7,0,1,0,0.0,0
0.9434,31,0,0.0758,,4,0,2,0,1.0,0
0.6551,51,4,0.5484,8176.0,5,0,1,1,0.0,0
1.4824,65,1,0.1043,7428.0,14,0,0,0,1.0,0
0.743,44,0,0.2344,3681.0,10,0,2,0,0.0,0
0.3275,45,0,0.3302,1374.0,7,0,1,0,1.0,0
0.2014,68,0,0.2135,2770.0,9,0,1,0,1.0,0
0.2586,51,0,0.3524,4443.0,10,0,2,0,0.0,0
0.0055,62,0,0.7818,4111.0,10,0,0,0,0.0,0
0.4415,69,0,0.1723,12481.0,14,0,0,0,0.0,0
0.2061,40,0,0.8642,6865.0,7,0,0,0,0.0,0
0.4335,41,0,0.9486,2062.0,3,0,2,0,2.0,0
2.8887,57,0,0.4867,,5,0,0,0,0.0,1
0.4284,41,0,0.2777,5444.0,6,0,1,0,0.0,0
0.1775,52,0,0.405,4337.0,6,0,0,0,2.0,0
0.5559,57,0,0.6896,6584.0,6,0,2,0,1.0,0
0.6952,63,0,1.0159,3017.0,8,0,1,0,1.0,0
2.1307,48,0,0.462,6049.0,10,0,1,0,0.0,0
0.5721,77,0,0.0568,,7,0,2,0,1.0,1
0.6832,89,0,0.4093,4303.0,14,0,2,0,1.0,1
0.1332,41,0,0.9507,1658.0,4,0,0,0,0.0,0
0.2309,90,0,0.3118,6047.0,7,0,1,0,1.0,0
0.5861,44,0,0.9791,3583.0,11,0,0,0,1.0,0
0.1597,31,0,0.7607,3520.0,13,0,1,0,0.0,0
0.1332,53,1,0.3046,8706.0,10,0,1,0,2.0,0
0.5451,59,0,0.6883,12144.0,11,0,0,0,0.0,0
0.2926,44,0,0.5511,4760.0,9,0,1,0,1.0,0
0.4515,49,2,0.2914,,3,0,1,0,1.0,0
0.54,62,0,0.2441,,12,0,1,0,0.0,0
0.2497,28,0,0.5065,1746.0,8,0,2,0,0.0,0
0.0387,50,0,0.261,4066.0,6,0,1,0,1.0,0
0.4393,35,1,0.5321,,6,0,2,0,0.0,0
0.9359,45,0,0.163,4183.0,10,0,0,0,0.0,0
0.3466,74,0,0.5778,5849.0,7,0,0,0,2.0,0
0.997,56,0,0.7468,4045.0,3,0,3,0,1.0,0
0.1845,85,0,0.4129,4933.0,7,0,0,0,5.0,0
1.0785,45,0,0.6662,2454.0,3,0,2,0,0.0,0
0.2908,69,0,0.084,,6,0,2,0,0.0,0
0.4954,65,1,0.5983,9250.0,12,0,2,4,1.0,0
0.3037,28,0,0.438,5407.0,5,0,0,0,0.0,0
0.4156,44,0,0.413,2833.0,11,0,1,0,1.0,0
0.3455,72,0,0.7487,,8,0,2,0,0.0,0
0.7866,58,0,0.1636,4124.0,6,0,3,0,1.0,0
0.2058,41,0,0.5239,2673.0,4,0,1,0,0.0,0
0.5557,29,0,0.1935,,7,0,1,0,0.0,1
0.3945,25,0,0.6612,7081.0,8,0,2,0,0.0,0
0.4561,64,0,0.1294,3220.0,8,0,0,0,2.0,0
3.8974,36,1,1.1948,16323.0,12,1,1,0,0.0,0
0.1287,75,0,0.4456,19871.0,10,0,0,0,0.0,0
0.3888,66,0,0.4867,7778.0,6,0,1,0,0.0,0
0.2649,21,0,0.5392,3547.0,9,0,1,0,2.0,0
0.0718,59,0,0.7503,6018.0,12,0,1,0,1.0,0
0.3193,42,0,0.1828,,11,0,1,0,1.0,0
0.1312,50,0,0.124,6947.0,9,0,2,0,1.0,0
2.539,53,0,0.5673,10570.0,10,0,2,0,1.0,0
0.2904,49,0,0.177,2591.0,11,0,1,0,0.0,0
0.3206,57,0,0.0508,5785.0,7,0,1,0,0.0,0
0.0991,35,0,0.1253,4424.0,8,0,0,0,0.0,0
0.3238,64,0,0.6367,9382.0,5,0,0,0,2.0,0
0.1767,30,0,1.3212,,4,0,3,0,0.0,0
1.7181,47,0,0.3128,,8,0,1,0,0.0,0
0.1812,48,0,0.3747,5485.0,3,0,1,0,0.0,0
0.9246,73,0,0.8668,7576.0,5,0,3,0,0.0,0
0.2184,36,0,0.1989,8412.0,8,0,0,0,0.0,0
0.0462,57,0,0.5033,4470.0,8,0,1,0,1.0,0
0.6913,62,0,0.2164,,14,0,1,0,1.0,0
0.0458,63,1,1.0047,5667.0,9,0,2,0,2.0,0
0.3785,48,0,0.6506,7079.0,9,0,0,0,0.0,0
0.4769,60,0,0.2465,12525.0,10,0,2,0,0.0,0
0.4059,72,0,0.3414,5657.0,10,0,1,0,0.0,0
3.6463,41,0,0.4437,1768.0,11,0,0,0,0.0,0
0.5005,47,0,0.6968,8535.0,6,0,0,0,1.0,0
0.2915,53,0,0.3752,11296.0,8,0,0,0,1.0,0
1.8457,40,0,0.1217,5138.0,10,0,2,0,1.0,0
0.2886,74,0,0.411,,12,0,0,0,3.0,0
0.2165,48,0,1.4382,7661.0,8,0,0,0,2.0,0
0.6472,49,0,0.5308,13086.0,5,0,0,0,1.0,0
0.0731,38,0,0.1312,,9,0,0,0,2.0,0
0.2532,58,0,0.8515,,7,0,0,0,1.0,0
0.0791,62,0,0.5086,3963.0,6,0,2,0,1.0,0
0.4301,35,0,0.2205,4646.0,6,0,0,0,0.0,0
0.9485,61,0,0.4846,18140.0,8,0,0,0,0.0,0
0.2802,64,0,0.2093,1865.0,11,0,2,0,1.0,0
3.5049,56,0,0.3139,2271.0,9,0,1,0,,0
2.4407,39,0,0.656,13501.0,9,0,1,0,0.0,0
0.6971,48,0,0.3279,1294.0,7,0,1,0,2.0,0
1.3496,30,0,0.5168,11662.0,6,0,2,0,0.0,0
0.3929,32,0,0.2406,,7,0,2,0,1.0,0
0.3766,64,0,0.0207,,13,0,2,0,1.0,0
0.6287,72,0,0.9279,2423.0,9,0,1,0,0.0,0
0.2285,47,0,0.7641,9174.0,6,0,0,0,1.0,1
0.1366,60,0,0.2752,2038.0,7,0,2,0,2.0,0
1.4368,44,0,0.0189,13040.0,5,0,1,0,,0
1.2527,51,0,0.7628,2472.0,4,0,0,0,1.0,0
0.2728,58,0,0.5062,7052.0,7,0,0,0,1.0,0
0.1587,59,0,0.5758,6772.0,3,0,1,0,1.0,0
0.2476,46,0,0.3859,,7,0,0,0,0.0,0
0.6177,63,0,0.4219,5357.0,7,0,2,0,1.0,0
0.3222,35,0,0.9478,6401.0,6,0,0,0,0.0,0
0.0055,73,0,0.3887,9879.0,14,0,1,0,1.0,0
2.3592,40,0,0.4188,10180.0,12,0,1,0,0.0,0
0.8443,60,0,0.7898,5143.0,10,0,0,0,3.0,1
0.2208,31,0,0.3109,3326.0,12,0,0,0,1.0,0
0.9081,35,0,0.1485,3698.0,3,0,0,0,2.0,0
0.1361,28,0,0.5758,5414.0,7,0,0,0,1.0,0
2.8467,33,0,0.5347,15240.0,5,0,1,0,3.0,0
0.3155,69,0,0.4598,,8,0,1,0,2.0,0
0.666,47,0,0.3955,5252.0,14,0,1,0,1.0,0
7.3945,61,0,0.1931,2481.0,9,0,2,0,0.0,0
1.2794,60,0,0.4442,13443.0,9,0,0,0,1.0,0
0.0511,61,0,1.0353,,9,0,1,0,2.0,0
0.7629,69,0,0.7075,3998.0,8,0,0,0,1.0,1
1.3313,49,0,0.6931,5361.0,7,0,1,0,1.0,0
0.4007,46,0,0.209,4393.0,9,0,0,0,2.0,0
0.4391,31,0,0.603,2479.0,10,0,1,0,2.0,0
0.1629,53,0,1.0397,5231.0,13,0,1,0,1.0,0
0.5737,51,0,1.012,,3,0,1,0,2.0,0
0.5454,38,0,0.5536,1901.0,7,0,0,0,1.0,0
0.1883,42,0,0.2222,3106.0,4,0,1,0,1.0,0
0.9987,41,0,0.6733,,8,0,1,0,1.0,1
0.1563,34,3,0.4539,,5,0,1,0,1.0,0
0.1478,73,0,0.3683,5894.0,14,0,2,0,0.0,0
0.2703,60,0,1.1217,4150.0,8,0,0,0,0.0,0
0.0294,74,0,0.3651,11318.0,9,0,0,0,0.0,1
0.2258,65,0,0.8816,3790.0,9,0,1,0,1.0,0
0.0121,68,0,0.5157,8993.0,6,0,2,0,0.0,0
0.0107,28,0,0.3023,10017.0,6,0,1,0,1.0,0
0.0234,43,0,0.4556,1999.0,7,0,2,0,0.0,0
0.5323,68,0,0.7027,,7,0,0,0,2.0,0
0.3167,64,0,0.7554,4038.0,6,0,1,0,0.0,0
0.0786,64,0,0.6408,9763.0,9,0,0,0,0.0,0
0.5269,39,3,0.3971,4804.0,6,0,3,0,0.0,0
0.199,60,0,0.1657,9636.0,8,0,0,0,1.0,0
0.7935,34,0,0.7571,5868.0,6,0,0,0,0.0,0
0.6921,50,0,0.1501,6371.0,8,0,0,0,1.0,0
0.0276,59,0,0.2256,5594.0,10,0,0,0,0.0,0
0.4269,38,0,0.8388,,16,0,1,0,1.0,0
0.4289,53,0,0.1083,5981.0,12,0,1,0,1.0,0
0.5386,48,0,0.7404,3111.0,10,0,1,0,0.0,0
0.1929,48,0,0.4171,7461.0,6,0,1,0,1.0,0
0.0311,46,0,0.8791,2371.0,8,0,0,0,0.0,0
2.206,37,0,0.0897,2671.0,10,0,1,0,1.0,0
0.2478,40,0,0.137,5771.0,12,0,0,0,1.0,0
1.6237,56,0,0.3525,,8,0,0,0,1.0,0
0.0357,34,1,0.5499,1962.0,13,0,0,0,1.0,0
0.0659,44,0,0.6002,2213.0,6,0,0,0,0.0,0
0.52,56,0,0.57,7721.0,7,0,1,0,0.0,0
0.1218,52,0,0.3304,4657.0,6,0,0,0,4.0,0
0.438,41,0,0.0962,,5,0,0,0,0.0,0
0.1982,59,0,0.3829,5766.0,6,0,2,0,1.0,0
0.2419,59,0,0.4568,,14,0,4,0,0.0,0
0.7483,63,0,0.4037,10215.0,10,0,0,0,3.0,0
0.5558,50,0,0.6531,5335.0,8,0,0,0,0.0,0
0.3019,69,0,0.1937,17067.0,2,0,2,0,1.0,0
0.2762,46,0,0.9468,18108.0,7,0,2,0,1.0,0
0.0111,33,0,0.6862,6610.0,9,0,1,0,1.0,0
0.4768,36,0,0.7133,9717.0,5,0,1,0,1.0,0
1.0063,54,0,0.2174,12268.0,7,0,0,0,4.0,0
0.9187,36,0,0.3921,5727.0,3,0,2,0,1.0,0
2.2779,65,0,0.2638,6903.0,7,0,1,0,4.0,0
0.5897,65,0,0.5855,3992.0,7,0,0,0,0.0,0
1.2178,73,0,0.1078,6770.0,2,0,2,0,1.0,0
1.198,59,0,0.1574,,6,0,1,0,0.0,0
0.6585,29,0,0.5544,5035.0,5,0,0,0,1.0,0
0.6275,51,1,0.1867,3436.0,7,0,0,0,1.0,0
2.2624,50,0,0.8318,7944.0,5,0,0,0,0.0,0
0.0337,58,0,0.4907,5206.0,9,0,3,0,,0
0.1331,51,0,0.3672,3873.0,13,0,0,0,1.0,0
0.44,66,0,0.6166,2877.0,8,0,0,0,0.0,0
0.199,48,0,0.2493,6963.0,13,0,1,0,1.0,0
0.0827,54,0,0.7,4094.0,8,0,0,0,1.0,0
0.0811,55,0,0.418,2558.0,9,0,0,0,1.0,0
0.4464,53,0,0.4996,2110.0,7,0,2,0,0.0,0
0.4887,52,0,0.7237,,6,0,3,0,1.0,0
0.0447,47,0,0.7979,,10,0,2,0,0.0,0
0.1327,53,0,0.4864,19232.0,3,0,1,0,1.0,0
0.1984,44,0,0.1501,5633.0,8,0,4,0,0.0,0
0.6034,43,0,0.1794,1817.0,10,0,1,0,1.0,0
0.1186,41,0,0.1337,8363.0,6,0,0,0,2.0,0
0.6355,51,0,0.3033,4196.0,8,0,1,0,1.0,0
2.6825,43,0,0.5107,,10,0,3,0,2.0,1
1.216,29,0,0.1764,2889.0,7,0,1,0,2.0,0
0.3233,72,0,0.2025,,12,0,2,0,1.0,0
0.9501,46,0,0.0534,6934.0,8,0,0,0,1.0,0
0.1151,43,0,0.7644,3075.0,7,0,1,0,1.0,0
0.0382,43,0,0.7751,,4,0,2,0,1.0,0
0.2229,42,0,0.1306,5963.0,8,0,0,0,2.0,0
0.3978,43,0,0.0687,4429.0,6,0,2,0,2.0,0
0.6189,44,1,0.8653,2552.0,11,0,1,0,1.0,0
0.1679,63,0,0.8085,1212.0,5,0,1,0,0.0,0
0.4692,48,0,0.2418,4292.0,6,0,1,0,0.0,0
0.5206,67,0,0.9288,12275.0,6,0,3,0,1.0,0
0.5788,66,0,0.2633,7275.0,9,0,1,0,1.0,0
1.0899,23,0,0.4967,4423.0,4,0,2,0,0.0,1
0.0223,59,0,0.5743,5910.0,7,0,1,0,2.0,0
3.3593,38,0,0.3318,5467.0,7,0,0,0,0.0,0
0.2021,68,0,0.5788,5061.0,5,0,0,0,0.0,0
0.0966,45,0,0.6241,3264.0,13,0,4,0,0.0,0
0.7861,45,0,0.583,4562.0,8,0,1,0,1.0,0
0.2685,51,0,0.4464,10768.0,9,0,1,0,0.0,0
0.0213,60,0,0.0697,10369.0,3,0,0,0,2.0,0
0.2175,33,0,0.5459,,12,0,0,0,,0
0.0175,55,0,0.3598,9082.0,4,0,3,0,2.0,0
0.4157,69,0,0.3738,2854.0,17,0,3,0,0.0,0
0.186,55,0,0.7219,3477.0,13,0,3,0,0.0,0
6.8025,53,0,0.8572,,9,0,1,0,1.0,1
0.1824,39,0,0.4754,5323.0,5,0,1,0,0.0,0
0.1035,54,0,0.4862,4283.0,5,0,1,0,0.0,0
0.0093,61,0,1.1583,5230.0,3,0,4,0,1.0,0
0.0981,54,0,0.6367,2831.0,11,0,2,0,0.0,0
3.962,55,0,0.4723,11362.0,12,0,3,0,1.0,0
0.2762,61,0,0.6158,,13,0,1,0,1.0,0
7.5129,55,0,0.3853,3893.0,9,0,1,0,2.0,0
0.4609,43,0,0.1667,11612.0,7,0,1,0,1.0,0
0.2824,57,0,0.4691,5671.0,9,0,0,0,3.0,0
0.3187,40,0,0.3411,,14,0,2,0,1.0,0
0.1288,55,0,0.6481,6335.0,4,0,0,0,1.0,0
0.75,42,0,0.3136,5258.0,6,0,1,0,0.0,0
0.8033,87,0,0.8706,12366.0,5,0,1,0,2.0,0
0.6031,72,0,0.1079,,4,0,0,0,3.0,0
0.6284,65,0,0.4893,9551.0,3,0,0,0,1.0,0
0.0193,57,0,0.2739,16172.0,9,1,2,1,1.0,1
0.3384,52,0,0.8408,7724.0,4,0,1,0,0.0,0
4.6804,30,0,0.4525,,5,0,2,2,0.0,0
0.1307,58,0,0.4813,5731.0,6,0,2,0,1.0,0
0.4029,38,0,1.013,5086.0,9,0,3,0,1.0,0
0.9546,45,3,0.8959,4650.0,6,0,0,0,1.0,0
0.088,36,0,0.8035,6619.0,9,0,1,0,0.0,0
0.0652,21,0,0.2575,8435.0,5,0,0,0,0.0,0
0.1364,40,0,1.0148,3060.0,10,0,1,0,0.0,0
0.3774,53,0,0.3018,6174.0,8,0,1,0,1.0,0
0.4986,21,0,0.2254,2203.0,12,0,1,0,0.0,1
1.4942,52,0,0.2684,,8,0,0,0,0.0,0
0.3568,78,0,0.715,5019.0,12,0,1,0,3.0,0
2.2636,45,0,0.5022,11209.0,5,0,2,0,1.0,0
0.3569,64,0,0.7688,5724.0,4,0,2,0,3.0,0
0.2438,41,0,0.3207,8882.0,10,0,0,0,2.0,0
4.8628,90,0,0.3183,4886.0,4,0,3,0,1.0,1
0.2167,57,0,0.3597,,8,0,0,0,0.0,0
0.799,51,0,0.6397,5811.0,9,0,1,0,1.0,0
1.1563,39,0,0.3191,2799.0,9,0,2,0,3.0,0
0.2992,49,0,0.7786,,9,0,1,0,0.0,0
0.5981,49,0,0.2926,3185.0,8,0,0,0,0.0,0
0.2765,48,0,0.3378,2880.0,7,1,1,1,0.0,0
0.4357,32,0,0.7203,5914.0,9,0,1,0,0.0,0
2.0474,40,0,0.6436,5541.0,7,0,2,0,0.0,0
1.109,64,0,0.282,,7,0,3,0,,0
0.6653,41,0,0.3105,3523.0,8,0,0,0,1.0,0
0.8051,76,0,0.5425,2082.0,9,0,1,0,1.0,1
0.4202,76,0,0.6109,,8,0,0,0,3.0,0
1.5176,37,0,0.2922,6305.0,5,0,0,0,0.0,0
0.5516,36,0,0.7261,10422.0,6,0,1,0,0.0,0
0.1892,21,0,0.1681,,14,0,0,0,1.0,0
1.6177,88,1,0.4486,13683.0,5,0,1,0,0.0,0
0.8276,50,0,0.3392,4356.0,7,0,2,0,2.0,0
0.8165,48,0,0.7132,,7,0,1,0,1.0,1
1.0013,51,0,0.4176,3790.0,12,0,4,0,0.0,0
0.7044,59,0,0.08,3559.0,5,0,1,0,1.0,0
0.2445,27,0,0.1937,6389.0,8,0,0,0,1.0,0
0.4401,60,0,1.2719,8083.0,6,0,0,0,0.0,0
1.8139,70,0,0.6575,3692.0,7,0,0,0,2.0,1
0.0465,56,0,0.1214,,11,0,0,0,1.0,0
0.2132,55,0,1.0361,6162.0,7,0,2,0,0.0,0
0.5077,37,3,0.4799,5994.0,8,0,2,0,0.0,0
0.2252,71,0,0.4737,13347.0,9,0,0,0,,0
0.5571,58,0,0.2648,5858.0,5,0,2,0,2.0,0
0.1805,40,0,0.3195,,5,0,0,0,0.0,0
0.1798,58,0,0.1518,18941.0,9,0,1,0,0.0,0
0.1645,68,0,0.1913,7428.0,6,0,1,0,,0
0.6964,32,0,0.4469,11729.0,7,0,1,0,2.0,0
2.6912,70,0,0.7682,,7,0,0,0,2.0,0
0.6806,52,0,0.8893,2972.0,5,0,2,4,1.0,0
0.4353,56,0,0.6165,5680.0,10,0,0,0,1.0,0
0.2701,39,0,0.467,4406.0,9,0,2,0,0.0,0
0.6205,23,0,0.2337,7115.0,6,0,1,0,1.0,0
0.2416,57,0,0.453,15419.0,4,0,0,0,3.0,0
0.099,36,0,0.6928,8167.0,17,0,0,0,1.0,0
0.6007,29,0,0.3406,7426.0,13,0,2,0,1.0,0
0.2021,37,0,0.5545,7893.0,9,0,0,0,2.0,1
0.4954,64,0,0.6876,4443.0,6,0,0,0,2.0,0
4.3142,68,0,0.284,7148.0,9,0,2,0,0.0,0
0.4025,72,0,0.5715,6883.0,5,0,1,0,0.0,0
0.4238,69,0,0.4404,9838.0,11,0,1,0,0.0,0
0.4438,41,0,0.6013,18995.0,8,0,0,0,1.0,0
0.0781,37,0,0.4732,3463.0,8,0,3,0,1.0,0
0.0559,61,0,0.9561,5494.0,17,0,1,0,0.0,0
0.1954,59,0,1.2396,,6,0,3,0,0.0,0
0.5718,64,0,1.0339,7877.0,9,0,0,1,0.0,0
0.467,62,0,1.2933,7797.0,10,0,1,0,1.0,0
0.248,53,0,0.5209,3267.0,2,0,1,0,0.0,0
1.9471,67,0,0.8585,9070.0,12,0,1,0,0.0,0
0.3188,54,0,0.0796,,4,0,3,0,0.0,0
0.0551,70,0,0.5513,,12,0,0,0,0.0,0
0.1475,41,0,0.6338,6393.0,5,0,0,0,3.0,0
0.293,30,0,0.4736,6830.0,8,0,0,0,0.0,0
0.4786,49,1,0.8178,2346.0,7,0,0,0,0.0,0
0.4705,50,0,0.1501,,5,0,3,0,0.0,0
1.0345,46,0,0.1365,5080.0,10,0,0,0,0.0,0
0.2172,35,0,0.5684,3114.0,11,0,0,0,0.0,0
0.2946,49,0,0.1215,7456.0,6,0,1,0,1.0,0
0.5813,38,0,0.4247,,9,0,0,0,0.0,0
0.561,39,0,0.472,,7,0,3,0,1.0,1
0.4122,41,0,0.3836,,9,0,1,0,0.0,0
0.4757,25,0,0.2145,4933.0,5,0,0,0,2.0,0
0.0375,49,0,0.1149,1138.0,10,0,0,0,0.0,0
4.6066,59,0,1.0661,16206.0,8,0,0,0,1.0,0
0.1925,37,0,0.9526,6737.0,7,0,1,0,0.0,0
3.6543,69,0,0.3086,5666.0,7,0,0,0,1.0,1
0.0063,40,0,0.3086,,13,0,0,0,0.0,0
1.0398,51,0,0.7202,7004.0,8,0,0,0,1.0,0
0.1387,42,0,0.3248,10549.0,12,0,1,0,3.0,0
0.1833,33,0,0.5675,7209.0,7,0,0,0,2.0,0
0.1387,45,0,0.3482,,8,0,1,0,0.0,0
0.4209,42,0,0.7298,7140.0,9,0,2,0,0.0,0
0.2612,50,0,0.5563,5385.0,7,0,2,0,1.0,0
0.6395,56,0,1.0404,,5,0,0,0,1.0,0
1.8742,80,0,0.2442,2879.0,9,0,0,0,1.0,0
5.277,57,0,0.1975,14056.0,4,0,1,0,1.0,0
0.3758,54,0,0.3575,8784.0,9,0,1,0,1.0,0
1.0687,49,0,0.4604,2149.0,3,0,2,0,0.0,1
0.125,32,0,0.8182,9137.0,7,0,0,0,1.0,0
0.1198,57,0,0.4621,6767.0,9,0,0,0,0.0,0
0.1735,42,0,0.5207,5640.0,13,0,0,0,0.0,0
0.2622,52,0,0.6192,2578.0,8,0,0,0,0.0,0
0.618,47,0,0.3689,,10,0,1,0,2.0,0
0.079,21,0,0.2546,3730.0,10,0,0,0,0.0,0
2.8992,48,1,0.5144,,6,0,0,1,0.0,0
0.2585,47,0,0.6073,3085.0,6,0,1,0,1.0,0
0.4288,61,0,0.4687,3085.0,12,0,2,0,0.0,1
1.9733,64,0,0.9003,2259.0,1,0,2,0,1.0,0
0.2152,59,2,0.7724,5357.0,7,0,1,0,0.0,0
0.3156,46,0,0.4596,6135.0,11,0,1,0,1.0,0
1.3088,58,0,0.3598,9520.0,11,0,1,0,1.0,0
2.2096,46,0,0.6317,2372.0,11,0,1,0,1.0,0
0.787,54,0,0.4141,,5,0,0,0,2.0,0
0.0171,69,0,0.1352,,7,0,1,0,2.0,0
0.0779,56,0,0.6879,20560.0,9,0,0,0,2.0,0
0.2047,81,0,0.2089,6591.0,11,0,0,0,2.0,0
0.1424,66,2,0.3245,7476.0,7,0,1,0,1.0,1
0.7542,40,0,0.4817,3229.0,9,0,0,0,0.0,0
1.084,47,0,0.3042,17120.0,6,0,1,0,1.0,0
0.4353,47,0,0.402,7150.0,10,0,2,0,0.0,0
0.2071,48,0,0.1201,3973.0,5,0,1,0,1.0,0
0.1416,56,0,0.6801,5233.0,10,0,1,0,0.0,0
0.2269,37,0,0.8132,6917.0,7,0,2,0,1.0,0
0.1564,47,0,0.6172,4887.0,8,0,0,0,0.0,0
0.2664,45,0,0.559,,2,0,0,0,0.0,0
3.3507,49,0,0.7358,4621.0,11,0,0,0,0.0,1
0.4073,74,0,0.5199,5144.0,10,0,0,0,1.0,0
0.1464,44,0,0.0967,4767.0,16,0,1,0,1.0,0
0.2149,36,0,0.7001,4533.0,5,0,1,0,0.0,0
0.527,68,0,0.1355,3230.0,11,0,1,0,0.0,0
0.5322,57,0,0.3405,10827.0,11,0,0,0,0.0,0
0.6634,74,0,0.5159,3499.0,9,0,1,0,0.0,0
0.7149,41,0,0.4033,,7,0,3,0,1.0,0
0.0756,52,0,0.0921,5329.0,7,0,1,0,1.0,0
0.4602,55,0,0.2575,4920.0,9,0,0,0,,1
2.5365,61,2,0.1392,5126.0,10,1,0,0,0.0,0
0.3523,68,0,0.5035,,8,0,3,0,2.0,0
0.1944,43,0,0.6025,,9,0,0,0,1.0,0
0.6868,48,0,0.4121,5664.0,6,0,2,0,0.0,0
0.2367,34,0,0.4768,11435.0,10,0,1,0,0.0,0
0.0382,46,0,0.9956,10191.0,10,0,0,0,0.0,0
0.2366,95,0,0.1807,6109.0,9,0,0,0,0.0,1
0.2027,45,0,0.2792,5611.0,7,0,2,0,0.0,0
1.837,46,0,0.3329,3328.0,13,0,2,0,0.0,0
0.1552,69,0,0.7295,5673.0,10,0,3,0,0.0,0
0.4864,64,0,0.985,6986.0,14,0,0,0,2.0,0
0.5009,42,0,0.7842,,11,0,0,0,0.0,0
12.5339,57,0,0.6998,1836.0,7,0,3,0,1.0,0
0.4201,75,0,0.0152,2982.0,9,0,1,0,1.0,0
0.214,80,0,0.23,12681.0,8,0,2,0,0.0,0
0.4833,64,0,0.6052,2369.0,10,0,0,0,1.0,0
0.8718,40,0,0.1267,,10,0,0,0,2.0,1
0.2608,52,0,0.6106,2967.0,5,0,2,0,0.0,0
0.6418,48,0,0.6283,3131.0,8,0,1,0,1.0,0
0.1021,75,0,0.6129,7466.0,7,0,2,0,2.0,0
0.7382,39,0,0.6018,5756.0,4,0,1,0,1.0,0
0.4204,37,0,0.6175,4800.0,10,0,1,0,0.0,0
0.3271,35,0,0.2237,,7,0,0,0,0.0,0
0.9324,32,0,0.6349,,4,0,1,0,0.0,0
0.3842,52,0,0.4399,4855.0,9,0,2,0,0.0,0
0.2794,43,0,0.7805,5182.0,8,0,1,0,2.0,0
0.3232,29,0,0.2115,13362.0,3,0,2,0,1.0,0
0.1564,40,0,0.5985,,5,0,2,0,1.0,0
2.593,54,0,0.5896,,9,0,0,0,1.0,1
0.9644,58,1,0.6616,7665.0,11,0,5,2,1.0,0
2.7269,39,0,0.6565,3093.0,5,0,1,0,0.0,0
0.2165,33,0,0.3225,4151.0,6,0,1,0,0.0,0
0.1052,68,0,0.3079,6868.0,5,0,1,0,0.0,0
0.0822,43,0,0.2448,2536.0,4,0,0,0,0.0,0
0.8374,78,0,0.8456,14611.0,11,0,2,0,0.0,0
0.4185,54,0,0.2,3179.0,6,0,0,0,1.0,0
0.5244,24,0,0.6148,4585.0,5,0,3,0,1.0,1
0.2924,41,0,0.8048,,5,0,0,0,2.0,0
0.0081,51,0,0.4211,10650.0,8,0,1,0,0.0,0
0.5528,61,0,0.2452,4587.0,12,0,0,0,0.0,0
0.3675,35,0,1.194,4903.0,9,0,0,0,1.0,0
0.1154,49,0,0.1534,6283.0,6,0,0,0,1.0,0
0.41,39,0,0.8589,14185.0,7,0,0,0,1.0,0
5.0851,61,0,0.0539,,10,0,0,0,0.0,0
0.8326,33,0,0.4694,2189.0,7,0,0,0,2.0,0
0.5813,51,0,0.8963,2535.0,7,0,1,0,1.0,0
1.3275,45,0,0.2964,8071.0,4,0,1,0,0.0,0
0.0532,54,0,0.5054,6137.0,12,0,1,0,1.0,0
0.3389,46,0,0.5026,5644.0,3,0,0,0,3.0,0
0.1226,35,0,0.3341,5717.0,11,0,1,0,1.0,0
0.209,47,0,0.2962,,7,0,2,0,1.0,0
0.245,32,0,0.6588,6266.0,9,0,1,0,0.0,0
0.2934,36,0,0.0767,2690.0,10,0,1,0,0.0,0
0.1993,49,0,0.9695,17881.0,7,0,1,0,3.0,0
0.3287,24,0,0.349,18897.0,8,0,0,0,0.0,0
0.125,63,0,0.3137,2845.0,11,0,2,0,2.0,0
0.4511,55,0,0.3318,6649.0,18,0,3,0,1.0,0
0.2802,78,0,0.2339,7678.0,14,0,1,0,0.0,1
0.3674,80,0,0.928,4988.0,7,0,1,0,0.0,0
0.549,35,0,0.472,6492.0,11,0,0,0,1.0,0
0.0659,61,0,0.1579,,5,0,1,0,0.0,0
1.0752,53,2,0.5174,5473.0,6,0,1,3,0.0,0
0.8019,66,0,0.4322,5107.0,15,0,0,0,3.0,0
0.4853,46,0,0.492,4435.0,8,0,1,0,2.0,0
0.0988,46,0,0.4958,5428.0,7,0,0,0,,0
0.4721,49,0,0.355,11756.0,12,0,0,0,0.0,0
0.6351,54,0,0.8745,13675.0,7,0,2,0,0.0,0
1.5397,49,0,0.1979,6206.0,5,0,0,0,3.0,0
0.1066,58,0,0.1767,6240.0,10,0,1,0,1.0,0
0.1566,43,0,0.754,,12,0,2,0,3.0,0
0.7417,29,0,0.2177,11488.0,10,0,2,0,2.0,0
0.1125,44,1,0.3343,12438.0,9,2,1,0,1.0,0
0.6198,44,0,0.0309,5984.0,8,0,0,0,1.0,0
0.1551,82,0,0.1163,2372.0,4,0,1,0,1.0,0
0.2893,51,0,0.4693,1672.0,2,0,1,0,0.0,0
0.2196,62,0,0.293,10440.0,3,0,3,0,1.0,0
0.5029,49,1,0.8483,,9,0,1,0,2.0,0
0.7713,35,0,0.4286,5415.0,3,0,1,0,0.0,0
0.7413,37,1,0.909,15915.0,7,0,1,0,1.0,0
0.5882,56,2,0.3039,4652.0,12,0,1,1,0.0,0
0.1111,63,0,0.8561,28905.0,11,0,3,0,0.0,0
0.273,61,0,0.7422,5145.0,8,0,1,0,0.0,0
0.2419,55,0,0.4816,8561.0,3,0,0,0,0.0,0
0.4469,59,0,0.5922,7712.0,8,0,1,0,0.0,0
0.5835,58,0,0.2466,2127.0,6,0,0,0,0.0,0
0.4842,57,0,0.3537,6774.0,10,0,1,0,1.0,0
0.2129,59,0,0.2523,3990.0,3,0,0,0,3.0,0
0.4555,55,0,0.7218,6197.0,8,0,1,0,1.0,0
0.1638,44,0,0.7647,5130.0,8,0,2,0,1.0,0
0.539,52,0,0.4644,,6,0,5,0,1.0,0
0.4644,82,0,0.1865,8282.0,13,0,0,0,0.0,0
0.031,58,0,0.2632,4171.0,6,0,1,0,0.0,0
0.172,68,0,0.7564,,11,0,1,0,0.0,0
0.8184,45,1,0.5062,11190.0,10,0,0,0,1.0,0
1.8058,50,0,0.244,7393.0,11,1,2,0,0.0,0
0.4436,38,0,0.1899,3368.0,7,0,0,0,2.0,0
0.4536,43,0,0.6811,3163.0,4,0,1,0,0.0,0
0.6643,61,0,0.4801,3129.0,2,0,0,0,0.0,1
0.2198,36,0,0.3449,9088.0,8,0,0,0,0.0,0
0.285,77,0,0.263,16180.0,10,0,1,0,1.0,0
1.4258,54,0,0.6099,,13,0,0,0,3.0,0
0.1101,76,0,0.1362,11059.0,2,0,0,0,2.0,0
0.7642,69,0,0.6959,5886.0,10,0,0,0,0.0,0
1.4197,55,0,0.6353,6662.0,17,0,1,0,0.0,0
0.7905,39,0,0.3434,10188.0,4,0,3,0,0.0,0
0.1146,46,0,0.2468,9115.0,8,0,2,0,1.0,0
2.4558,52,0,0.3959,,5,0,1,0,0.0,0
0.6639,50,1,0.2941,4119.0,8,0,1,0,0.0,0
2.9592,55,0,0.5703,5417.0,10,0,1,0,1.0,0
2.5325,79,0,0.077,10089.0,11,0,0,0,0.0,0
0.2157,45,0,0.3519,2627.0,10,0,0,0,1.0,0
0.165,38,3,0.4564,,10,0,1,0,1.0,0
0.1233,59,0,0.1126,5817.0,8,0,0,0,0.0,1
0.1471,56,0,0.1565,6200.0,5,0,0,0,1.0,0
0.4302,38,0,0.5788,,11,0,1,0,0.0,0
0.6352,67,0,0.9086,4226.0,9,0,0,0,1.0,0
0.4376,27,0,0.6303,4311.0,12,0,1,0,0.0,1
1.6808,66,0,0.3576,5174.0,9,0,0,0,0.0,0
0.2715,68,0,0.3556,3657.0,4,0,2,0,0.0,0
0.7188,81,0,0.3661,,6,2,1,0,2.0,1
2.9328,47,0,0.2006,3863.0,11,0,1,0,,0
2.8003,53,0,0.4175,2747.0,8,0,3,0,0.0,0
0.0163,54,0,1.0578,17802.0,14,0,1,0,1.0,0
0.6437,43,0,0.7788,4461.0,9,0,0,0,0.0,0
0.6182,55,0,0.7496,,7,0,0,0,0.0,0
0.1244,57,0,0.6772,3583.0,7,0,0,0,1.0,0
0.2237,57,0,0.0786,,7,0,1,0,1.0,0
1.1257,64,0,0.3381,4671.0,10,0,0,0,1.0,0
0.4612,62,0,0.7844,15388.0,1,0,0,0,0.0,0
0.0744,51,0,0.4712,6404.0,6,0,0,0,1.0,0
0.4241,31,0,0.7216,3072.0,7,0,0,0,2.0,0
0.2363,74,0,0.3612,3610.0,10,0,0,0,0.0,0
0.0335,36,0,0.2279,7081.0,8,0,2,0,0.0,0
0.3391,57,0,0.2995,,8,0,1,0,1.0,0
0.127,32,0,0.4727,6112.0,8,0,0,0,1.0,0
0.2548,45,0,0.2491,7890.0,7,0,1,0,1.0,0
0.631,54,0,0.2408,2350.0,10,0,1,0,0.0,0
0.4374,56,0,0.3314,,12,0,1,0,1.0,0
0.112,37,0,0.6101,,8,0,1,0,1.0,0
0.1633,74,0,0.2011,,14,0,1,0,3.0,0
0.4206,45,0,0.5956,7071.0,10,0,0,0,2.0,0
0.0771,67,0,0.4847,5503.0,10,0,0,0,0.0,0
1.354,46,0,0.1376,4917.0,9,0,2,0,1.0,0
0.4584,48,4,0.7272,2633.0,8,1,1,0,3.0,0
0.9865,82,0,0.9366,3788.0,9,0,0,0,,0
0.3838,54,0,0.6951,3849.0,9,0,1,0,0.0,0
0.3966,26,0,0.2402,10883.0,15,0,0,0,0.0,0
0.9292,53,0,0.3067,6121.0,12,0,1,0,0.0,0
2.441,51,0,0.352,4048.0,11,0,2,0,0.0,0
2.2554,46,0,0.4172,11813.0,7,0,2,0,0.0,0
0.1638,34,0,0.3757,5828.0,10,0,0,0,1.0,0
1.4608,42,0,0.0848,3900.0,5,0,1,0,1.0,0
0.5151,76,0,0.2451,7993.0,6,0,1,0,2.0,0
0.6147,44,0,0.7471,,5,0,1,0,0.0,0
2.8605,56,0,0.2052,4263.0,1,0,2,0,1.0,0
0.5357,44,0,0.5878,6576.0,8,0,2,0,2.0,0
2.179,35,0,0.6957,8336.0,5,0,0,0,0.0,0
0.113,44,0,1.1061,3358.0,14,0,2,0,1.0,0
0.5248,63,0,0.6305,7340.0,12,0,1,0,1.0,0
1.5973,67,0,1.1046,5148.0,3,0,0,0,0.0,1
0.8171,46,0,0.4261,10571.0,8,0,0,0,1.0,0
0.525,46,0,0.7331,4160.0,4,0,1,0,1.0,0
0.7488,84,0,0.9636,9225.0,6,0,3,0,4.0,0
4.0942,59,0,0.3622,7547.0,10,0,2,0,0.0,0
0.0918,67,0,0.6713,8284.0,5,0,3,0,1.0,0
0.4265,61,0,1.1454,10019.0,14,0,1,0,0.0,0
0.4149,73,0,0.7355,,8,0,0,0,1.0,0
0.2266,51,0,0.8408,7171.0,5,0,0,0,0.0,0
2.6127,56,0,1.1686,5190.0,9,0,0,0,0.0,0
0.1238,48,0,0.2132,23082.0,8,0,0,0,1.0,0
0.232,35,2,0.864,3873.0,10,0,0,2,1.0,0
0.4487,46,1,0.3371,6143.0,8,0,2,1,0.0,0
0.3046,23,0,1.112,,3,0,0,0,1.0,0
5.9538,40,0,0.2861,,11,0,0,0,1.0,0
0.5444,58,0,0.2917,2270.0,5,0,1,0,,0
0.1885,71,0,0.1929,18076.0,11,0,1,0,2.0,0
0.0399,36,0,0.9337,,8,0,0,0,0.0,0
0.5097,63,0,0.3238,3174.0,10,0,3,0,0.0,0
0.0636,49,0,0.5281,3285.0,11,0,1,0,1.0,0
0.3018,50,0,0.5585,3675.0,12,0,1,0,1.0,0
0.7835,66,0,0.3029,,9,0,0,0,0.0,0
0.1541,60,0,0.3239,13639.0,4,0,0,0,0.0,0
0.4741,34,0,0.0427,3654.0,10,0,3,0,0.0,0
0.3407,49,0,0.1721,8807.0,9,0,0,0,1.0,0
0.9623,47,0,0.2328,4506.0,5,0,0,0,0.0,0
0.2336,63,0,0.1715,4445.0,5,1,1,0,1.0,0
1.124,66,0,0.1176,,9,0,1,0,2.0,0
0.5035,61,0,0.8268,9495.0,9,0,2,0,0.0,0
0.9148,51,0,0.7021,7857.0,7,0,0,0,1.0,0
0.3026,39,0,0.4928,2350.0,12,0,0,0,1.0,0
0.6912,43,0,0.3402,10992.0,10,0,0,0,1.0,0
0.2236,52,0,0.1585,2694.0,12,0,3,0,1.0,0
0.2549,56,0,0.0778,3502.0,5,0,2,0,1.0,0
0.1118,48,2,0.5741,6639.0,5,0,3,0,4.0,0
0.0616,70,0,0.0714,,6,0,2,0,0.0,0
0.0956,64,0,0.6533,3442.0,6,0,2,0,1.0,0
0.1896,77,0,0.1843,,7,0,0,0,0.0,0
0.4944,36,0,0.5067,3200.0,10,0,0,0,2.0,0
1.3586,64,0,0.7402,,4,0,2,0,0.0,0
0.3562,69,0,0.4366,3383.0,4,0,0,0,1.0,0
0.0698,40,0,0.9494,2567.0,2,0,1,0,0.0,0
0.2484,57,0,0.5325,,9,0,3,0,1.0,0
0.823,53,0,0.1253,6373.0,4,0,0,0,0.0,0
0.408,50,0,0.4198,15867.0,9,0,2,0,1.0,0
0.2273,38,0,0.1906,6267.0,8,0,1,0,0.0,0
9.0974,47,0,0.202,2542.0,12,0,2,0,1.0,0
0.0188,43,0,0.7183,,8,0,0,0,0.0,0
0.5039,65,0,0.0687,3613.0,10,0,1,0,1.0,0
0.0375,73,0,0.2215,,4,0,1,0,1.0,0
0.0078,39,0,0.107,2022.0,8,0,0,0,0.0,0
3.1418,63,0,0.0721,2865.0,5,0,0,0,0.0,0
0.1148,54,0,0.2678,5929.0,10,0,2,0,1.0,0
0.3569,57,0,0.1405,6367.0,12,0,3,0,0.0,0
0.483,47,0,0.1875,3220.0,7,0,1,0,1.0,0
0.2715,42,0,0.403,,7,0,1,0,2.0,0
3.2821,73,0,0.1442,,4,0,0,0,0.0,0
0.1976,45,0,0.0671,3809.0,6,0,1,0,1.0,0
0.0628,64,0,0.344,3205.0,5,0,1,0,2.0,0
0.2374,63,0,1.1805,4520.0,8,0,0,0,1.0,0
0.4797,50,0,0.8882,,7,0,2,0,0.0,0
0.1219,61,0,0.0392,5137.0,10,0,3,0,0.0,0
0.4111,47,0,0.2263,5177.0,8,0,1,0,2.0,0
0.2229,59,0,0.4693,4909.0,5,0,2,0,0.0,0
0.2823,28,0,0.2679,7157.0,11,0,1,0,0.0,0
0.4903,45,0,0.6193,2884.0,9,0,0,0,0.0,0
5.2383,53,0,0.1022,,10,0,1,0,0.0,0
0.4039,31,0,0.4091,2447.0,7,0,2,0,2.0,0
0.4151,36,0,0.4455,,2,0,2,0,2.0,0
3.0174,30,0,0.8242,4965.0,11,0,1,0,1.0,0
0.4299,60,0,1.1813,,8,0,1,0,1.0,1
0.2383,34,0,1.0527,3549.0,14,0,1,0,0.0,0
0.4017,37,0,0.5714,8504.0,5,0,1,0,0.0,0
5.8946,45,0,0.6598,,6,0,1,0,2.0,0
0.2957,63,0,0.0957,5387.0,9,0,1,0,0.0,0
3.8115,21,0,0.698,4394.0,9,0,2,0,0.0,0
2.5195,46,1,0.4386,11125.0,8,0,0,0,1.0,0
0.8636,67,0,0.2121,2445.0,8,0,1,0,0.0,0
3.5418,39,0,0.6239,6733.0,8,0,0,0,0.0,0
0.8288,56,0,0.7641,,7,1,1,1,1.0,0
0.2439,59,0,0.8354,8656.0,9,0,1,0,0.0,1
0.102,30,0,0.5697,8537.0,6,0,2,0,1.0,0
1.1488,47,2,0.4135,7938.0,8,0,0,0,1.0,0
0.3564,43,0,0.3935,1931.0,9,0,1,0,3.0,0
0.9394,54,0,0.2416,2894.0,7,0,1,0,1.0,0
0.8249,59,0,0.7071,6966.0,6,0,1,0,0.0,0
0.7059,56,0,1.2055,3719.0,7,0,3,0,1.0,0
0.3318,60,0,0.2065,4714.0,11,0,0,0,2.0,0
0.7941,40,0,0.102,6948.0,8,0,0,0,1.0,0
5.5269,48,0,0.2459,2607.0,6,1,2,0,1.0,0
0.8966,62,0,0.7175,9112.0,9,0,0,0,0.0,0
3.9167,59,0,0.214,7501.0,4,0,0,0,0.0,0
0.117,29,0,0.7713,8645.0,12,0,1,0,1.0,0
0.0699,56,0,0.6695,5356.0,8,0,1,0,0.0,0
0.1454,33,0,1.1514,,12,0,2,0,1.0,0
0.6,35,0,0.5405,,7,0,2,0,0.0,0
6.2748,66,0,0.7869,7681.0,10,0,1,0,1.0,0
0.1701,63,0,0.7313,,5,0,0,0,0.0,0
0.2994,42,0,0.8844,13365.0,9,0,1,0,0.0,0
4.0945,54,0,0.5761,6154.0,12,0,0,0,3.0,0
0.1114,58,1,0.8824,5277.0,3,0,1,1,2.0,0
0.6103,40,0,0.3898,,8,0,1,0,,0
0.9236,21,0,0.5044,,5,0,1,0,0.0,0
5.0232,56,0,0.0794,9943.0,9,2,3,0,3.0,0
0.2438,73,0,0.0795,10763.0,4,0,2,0,0.0,0
0.6889,43,0,1.0001,5016.0,6,0,1,0,2.0,0
0.9616,51,0,0.3459,3585.0,9,0,3,0,2.0,0
0.3884,67,0,0.2784,,9,0,0,0,1.0,0
0.3975,72,0,0.1483,6908.0,6,0,1,0,1.0,0
0.3083,57,0,0.6528,2911.0,8,0,0,0,3.0,0
0.2767,45,0,1.2359,3046.0,7,0,2,0,1.0,0
0.1565,54,0,0.3487,3404.0,5,0,1,0,0.0,0
0.5351,47,0,0.3729,3907.0,11,0,2,0,1.0,1
0.1435,47,0,0.5407,,5,0,0,0,0.0,0
0.286,60,0,0.2497,,8,0,0,0,,0
0.495,58,0,0.6815,3373.0,7,0,0,0,1.0,0
0.0505,58,0,0.315,,9,0,1,0,0.0,0
0.031,48,0,0.3522,4312.0,7,0,3,0,0.0,0
0.1618,72,0,0.1563,6353.0,7,0,0,0,0.0,0
0.7628,41,0,0.3884,5525.0,13,0,2,0,1.0,0
2.6737,27,1,0.6919,5521.0,3,0,0,0,1.0,0
0.0867,43,0,0.4189,6637.0,5,0,0,0,1.0,0
0.9158,57,0,0.8156,,12,0,0,0,0.0,1
1.0483,49,0,0.3718,3982.0,10,0,0,0,1.0,0
0.2778,37,0,0.7624,,8,0,2,0,,0
1.3941,70,0,0.852,12966.0,5,0,1,0,2.0,0
0.3832,24,0,0.3906,6984.0,4,0,2,0,2.0,0
1.2801,50,0,0.3894,2093.0,2,0,1,0,1.0,0
0.7942,51,0,1.1671,5350.0,14,0,1,0,1.0,0
0.4882,85,0,0.5651,6764.0,10,0,0,0,0.0,0
0.1306,65,0,0.4638,19047.0,7,0,4,0,0.0,0
1.0504,59,0,0.545,,5,0,1,0,1.0,0
8.0177,83,0,0.0327,5255.0,9,0,2,0,1.0,1
0.2972,62,0,0.3729,7755.0,3,0,2,0,1.0,0
0.2207,65,0,0.5566,5972.0,9,0,0,0,0.0,0
0.5743,45,0,0.5766,1464.0,4,0,1,0,1.0,0
0.5155,71,0,0.8531,1450.0,7,1,2,2,1.0,0
0.1399,38,0,0.1782,,8,0,0,0,0.0,0
0.284,43,0,0.8277,12021.0,6,0,2,0,1.0,0
1.0748,75,0,0.3832,3125.0,6,0,0,0,2.0,0
0.1863,51,1,0.4671,3287.0,7,0,4,0,1.0,0
0.2696,55,0,0.614,4715.0,9,0,1,0,0.0,0
0.654,78,0,0.6455,,8,0,0,0,2.0,1
0.1825,43,0,0.1764,4683.0,13,0,4,0,2.0,0
0.2147,53,0,0.3513,4999.0,10,0,1,0,2.0,0
0.7205,32,0,0.563,3367.0,8,0,0,0,0.0,0
0.4238,63,0,0.3716,6220.0,7,0,0,0,1.0,0
1.3228,64,0,0.7576,13845.0,12,0,2,0,2.0,0
1.7206,57,0,0.5487,11873.0,11,0,1,0,2.0,0
0.4693,41,0,0.8962,8051.0,2,0,0,0,0.0,0
0.9372,59,0,0.2544,6389.0,9,0,1,0,0.0,0
0.3817,42,0,0.6896,4260.0,6,0,0,0,0.0,0
0.0707,33,0,0.8458,5236.0,7,0,0,0,3.0,0
0.1108,66,0,1.0968,7333.0,5,0,1,0,1.0,0
0.3754,54,0,0.1588,8846.0,14,0,0,0,1.0,0
0.7241,47,0,0.6912,2627.0,7,0,0,0,0.0,1
0.3448,61,0,0.7793,13249.0,6,0,1,0,0.0,0
0.6197,35,0,0.3195,,5,0,1,0,0.0,0
0.0922,65,0,0.5626,,6,0,1,0,0.0,0
2.9347,61,0,0.7806,,5,0,1,0,1.0,0
0.6082,31,0,1.3989,7453.0,5,0,0,0,0.0,0
0.5778,69,0,0.6242,2628.0,6,0,0,0,0.0,0
0.104,85,0,0.2576,3984.0,5,0,0,0,2.0,0
0.7154,72,0,0.3992,,3,0,2,0,0.0,0
0.1083,70,0,0.8545,5324.0,8,0,1,0,1.0,0
0.4042,51,0,0.6194,4617.0,10,0,0,0,0.0,0
0.3307,26,0,0.9173,7319.0,9,0,1,0,0.0,0
0.2802,50,0,0.0334,3331.0,5,0,2,0,0.0,0
0.0829,50,0,0.8558,6318.0,7,0,2,0,0.0,0
0.0496,49,0,0.3247,23833.0,11,0,0,0,2.0,0
1.8998,45,0,0.1277,,9,0,0,0,0.0,0
0.5164,57,0,0.1952,,8,0,1,0,0.0,0
0.1554,43,0,0.1093,3899.0,5,0,1,0,1.0,0
0.7205,41,0,0.3221,2488.0,6,0,0,0,0.0,0
0.5941,49,0,0.6117,,12,0,0,0,2.0,0
0.0804,51,0,0.6214,8140.0,1,0,0,0,0.0,0
0.2723,45,0,0.558,6524.0,6,0,0,0,1.0,0
0.0918,71,0,0.7351,13423.0,5,0,0,0,2.0,0
0.0156,59,0,0.4959,10670.0,5,0,1,0,2.0,0
2.3172,62,0,0.6527,4201.0,6,0,1,0,1.0,0
0.1377,65,0,0.2211,,4,0,1,0,0.0,0
0.4195,46,0,0.8665,,5,0,2,0,0.0,0
0.442,77,0,1.0201,5686.0,8,0,0,0,0.0,0
0.2039,63,0,0.1594,5217.0,7,0,1,0,0.0,0
0.1142,59,0,0.858,13362.0,12,0,0,0,2.0,0
0.2261,36,0,0.5283,7922.0,7,0,0,0,0.0,0
1.6737,39,0,0.3231,3098.0,8,0,0,0,0.0,0
0.3635,60,0,0.4927,,9,0,0,0,0.0,0
2.7395,37,0,0.6327,2067.0,13,0,1,0,0.0,0
0.4768,45,0,0.3719,3411.0,10,0,1,0,1.0,0
1.7129,54,1,0.4953,9781.0,4,0,1,0,0.0,0
0.1924,47,0,0.7466,1471.0,3,0,0,0,1.0,1
3.5362,63,0,0.234,2611.0,4,0,1,2,0.0,0
0.1452,65,0,0.8107,6852.0,8,0,0,0,0.0,0
0.1973,37,0,0.1291,4498.0,12,0,1,0,2.0,0
0.4879,46,0,0.6533,15914.0,9,0,2,0,0.0,0
2.4659,48,0,0.3431,13346.0,8,0,1,0,1.0,0
0.392,49,0,0.3252,4751.0,12,0,1,0,1.0,0
0.0852,57,0,0.4145,24174.0,8,0,1,0,1.0,0
0.1399,21,0,0.884,3988.0,8,0,0,0,0.0,0
5.2427,52,0,0.2508,,10,0,2,0,1.0,0
0.1052,21,0,0.7015,4111.0,7,0,0,0,2.0,0
0.0866,60,0,0.4233,9877.0,10,0,0,0,0.0,0
0.8031,45,0,0.1796,,9,0,3,0,0.0,1
0.2335,54,0,0.4913,10017.0,7,0,1,0,0.0,0
0.5895,48,0,0.4552,,4,0,1,0,2.0,0
0.5409,65,0,0.2069,8229.0,6,0,0,0,1.0,0
0.0739,42,0,0.347,,9,0,0,0,2.0,0
0.1545,48,0,0.633,7424.0,7,0,1,0,1.0,0
0.0007,60,0,0.1336,8288.0,11,0,0,0,1.0,0
0.2948,81,0,0.731,8229.0,13,0,0,0,0.0,0
0.0561,42,0,1.1568,,9,0,2,0,0.0,0
0.0512,68,0,0.5549,12617.0,11,0,0,0,1.0,0
2.2566,35,0,0.3986,,6,0,1,0,1.0,0
0.3759,41,0,0.6657,2813.0,13,0,0,0,2.0,0
2.9737,75,1,0.59,4507.0,4,0,0,0,0.0,0
0.2575,55,0,0.2943,7810.0,6,0,2,0,2.0,0
0.3962,52,0,0.572,4139.0,8,0,1,0,0.0,0
0.0104,47,0,0.884,,5,0,0,0,0.0,0
0.3076,44,0,0.1765,8285.0,7,0,1,0,2.0,0
0.6627,45,0,0.1698,6315.0,8,0,1,0,1.0,0
0.5707,69,0,0.5443,8844.0,8,0,2,0,0.0,0
0.3591,38,0,0.2938,6613.0,9,0,0,0,1.0,0
0.3279,36,0,0.3849,,10,0,1,0,1.0,0
0.0717,40,0,0.6219,11529.0,7,0,1,0,1.0,0
5.1609,47,0,0.67,5454.0,6,0,0,0,1.0,0
2.4812,24,4,0.4209,2133.0,8,2,2,0,0.0,0
0.5356,37,0,0.3748,15910.0,4,0,1,0,,0
0.3287,56,0,0.2097,4068.0,6,0,1,0,0.0,0
0.0705,57,0,0.2811,,10,0,3,0,3.0,0
0.677,70,0,0.386,11511.0,8,0,0,0,1.0,0
0.2959,56,0,0.4887,,10,0,0,0,0.0,0
0.5744,61,0,0.7309,6875.0,9,0,0,0,1.0,0
10.7491,70,0,0.7413,,7,0,0,0,0.0,1
9.0153,47,0,0.1337,3913.0,4,0,0,0,1.0,0
0.4403,67,0,0.4538,4273.0,6,0,0,0,3.0,1
0.2147,60,0,0.0731,2311.0,2,0,1,0,0.0,0
1.6396,49,0,0.2878,1366.0,11,0,1,0,3.0,0
0.0958,63,0,0.8481,4929.0,6,0,1,0,0.0,0
0.2645,32,0,0.2291,4434.0,6,0,2,0,1.0,0
0.7085,51,0,0.4251,4333.0,3,0,0,0,0.0,0
0.1422,50,0,1.0469,9263.0,11,0,1,0,1.0,0
0.5959,65,0,0.4122,3684.0,9,0,0,0,1.0,0
0.1016,53,0,0.787,4207.0,8,0,0,0,0.0,0
0.7523,58,0,0.1984,4236.0,9,0,1,0,1.0,0
0.281,65,0,0.4571,4548.0,11,0,1,0,0.0,0
0.3541,51,0,0.2012,15585.0,5,0,1,0,0.0,0
0.291,28,0,0.2422,2377.0,10,0,1,0,1.0,0
0.5221,53,0,0.451,13717.0,7,0,1,0,1.0,0
3.1652,37,2,0.3579,19078.0,6,0,1,1,1.0,0
0.1609,54,0,0.492,6465.0,8,0,0,0,0.0,0
0.5436,54,0,0.2135,1040.0,10,0,0,0,0.0,0
0.4432,70,0,0.6222,15756.0,10,0,0,0,,0
0.0679,52,0,0.3113,2846.0,7,0,2,0,0.0,0
0.6224,49,0,0.4656,17496.0,8,0,0,0,0.0,0
0.2951,43,0,0.594,986.0,4,0,0,0,2.0,0
0.1773,55,0,0.0598,2260.0,10,0,2,0,1.0,0
0.923,68,0,0.5332,2360.0,8,0,0,0,2.0,0
0.6433,37,0,0.0937,947.0,6,0,2,0,1.0,0
0.1446,60,0,0.414,1365.0,7,0,0,0,1.0,0
0.0138,46,0,0.12,,7,0,0,0,2.0,0
0.0786,49,0,0.6762,9835.0,6,0,4,0,0.0,0
0.5646,41,0,0.5563,23825.0,8,0,3,0,2.0,0
1.0281,38,0,0.3328,3393.0,6,0,0,0,0.0,0
0.0392,55,0,0.5622,,8,0,3,0,1.0,0
0.0849,54,0,0.384,2252.0,12,0,1,0,0.0,0
0.5361,50,0,0.1652,,11,0,0,0,1.0,0
0.3861,58,1,1.1134,8028.0,8,0,1,0,1.0,0
0.3103,33,0,0.4644,5584.0,4,0,1,0,1.0,0
0.1955,55,0,0.9221,2667.0,14,0,0,0,0.0,0
0.0547,60,0,0.3308,4367.0,8,0,3,0,,0
0.3933,42,0,0.053,2151.0,13,0,0,0,2.0,0
0.816,54,0,0.153,,5,0,1,0,2.0,0
0.5723,63,0,0.6392,,7,0,2,0,0.0,0
0.7778,41,0,0.4486,5066.0,8,0,0,0,4.0,0
0.2944,60,0,0.5101,3171.0,5,0,0,0,2.0,0
0.7049,50,0,0.5122,,15,0,0,0,2.0,1
0.6689,59,0,0.7899,2376.0,9,0,1,0,0.0,0
0.0079,52,0,0.4785,,12,0,1,0,1.0,0
0.1122,36,0,0.3392,11438.0,11,0,1,0,0.0,0
0.1416,46,0,0.8053,1878.0,6,0,1,0,1.0,0
0.4754,51,0,0.2541,3036.0,9,0,2,0,3.0,0
0.3772,31,0,1.1132,8577.0,9,0,0,0,0.0,0
1.1505,83,0,0.8634,6370.0,3,0,1,0,1.0,0
0.3355,48,0,0.4684,6098.0,12,0,1,0,2.0,0
1.012,52,1,0.6673,,4,0,1,1,1.0,0
1.4394,48,0,0.0344,2397.0,7,0,1,0,2.0,0
2.8814,39,0,0.3798,,7,0,0,0,1.0,0
0.6252,56,0,0.8455,,6,0,2,0,2.0,0
0.5342,54,0,0.2209,2479.0,6,0,3,0,1.0,0
0.1573,21,0,0.5291,4537.0,7,0,3,0,1.0,0
0.107,48,1,0.8893,8209.0,9,0,0,0,1.0,0
0.8841,55,0,0.2531,2640.0,9,0,1,0,0.0,0
0.2722,40,0,0.7314,1699.0,8,0,0,0,0.0,0
0.4352,31,0,0.4855,8256.0,5,0,0,0,0.0,0
0.2066,66,0,0.2222,9887.0,6,0,0,0,1.0,0
0.2417,50,0,0.9791,2066.0,10,0,2,0,2.0,0
0.0802,27,0,0.2189,3628.0,7,0,1,0,0.0,0
1.5009,58,1,0.8359,7186.0,12,0,3,0,2.0,0
0.4494,36,0,0.8184,3841.0,7,0,0,0,1.0,0
0.5804,74,0,0.4082,,6,0,0,0,0.0,0
2.261,45,0,0.7547,2353.0,10,0,0,0,0.0,0
0.0723,24,0,0.1952,,10,0,1,0,1.0,0
0.3602,70,0,0.6575,9863.0,11,0,0,0,0.0,0
0.1847,52,0,0.8144,4803.0,12,0,0,0,0.0,0
0.8034,43,0,0.7919,4149.0,7,0,0,0,4.0,0
0.5078,54,0,0.9241,2926.0,9,0,0,0,0.0,0
1.3337,59,3,0.8473,5234.0,7,1,3,2,1.0,0
2.7317,79,0,0.2881,6028.0,4,0,5,0,0.0,1
4.4981,44,0,0.0922,5634.0,10,0,2,0,2.0,0
0.3662,40,0,0.4521,2382.0,6,0,0,0,1.0,0
0.0965,91,0,0.3342,5331.0,7,0,0,0,2.0,0
0.1638,35,0,0.7361,3042.0,5,0,1,0,0.0,0
0.0986,50,0,0.339,6663.0,16,0,2,0,0.0,0
0.6127,43,0,0.5444,,6,0,1,0,1.0,0
1.0925,39,2,0.3034,9535.0,10,2,3,0,2.0,0
0.6049,46,0,0.5455,4595.0,6,0,1,0,1.0,0
0.2206,40,0,0.2982,6051.0,8,0,0,0,2.0,0
0.6662,57,0,0.6761,45715.0,6,0,4,0,0.0,0
8.3125,52,0,0.2963,9598.0,9,0,2,0,0.0,0
6.056,47,0,0.9509,10151.0,10,0,3,0,2.0,0
0.2375,58,0,0.4654,8350.0,8,0,0,1,1.0,0
0.213,25,0,0.4399,4800.0,9,0,2,0,0.0,0
0.4861,52,0,0.3047,9318.0,4,0,1,0,1.0,0
0.4683,47,0,0.5351,5572.0,8,0,2,0,1.0,0
0.9525,51,0,0.4979,7858.0,7,0,3,0,1.0,0
0.3418,58,2,0.5698,6784.0,9,0,0,0,1.0,0
0.6754,55,0,0.0861,3304.0,7,0,1,0,0.0,0
3.7507,68,0,0.2877,11308.0,11,0,1,0,3.0,0
0.022,48,0,0.1557,12919.0,11,0,2,0,0.0,0
0.214,51,0,0.1953,6182.0,13,0,2,0,2.0,0
4.9932,56,0,0.0383,9460.0,5,0,1,0,0.0,0
0.1527,29,0,0.6065,10908.0,6,0,1,0,0.0,0
4.5506,71,0,0.5562,8054.0,10,0,0,0,2.0,1
0.2249,59,0,0.3258,4382.0,5,0,2,0,0.0,0
0.0184,45,0,0.0498,,6,0,2,0,0.0,0
0.1398,48,1,0.7545,2913.0,10,0,1,3,1.0,0
0.2779,65,0,0.4208,2909.0,14,0,2,0,0.0,0
0.2877,43,0,0.6604,8126.0,11,0,1,0,1.0,0
1.653,65,0,0.7314,5589.0,5,0,1,0,3.0,0
0.0062,67,0,1.4922,12797.0,10,0,0,0,0.0,0
0.1989,45,0,0.9764,5500.0,1,0,0,0,0.0,0
0.0911,39,0,0.1868,7584.0,6,0,0,0,1.0,0
0.0074,67,0,0.7824,,13,0,1,0,0.0,0
0.8864,61,0,0.8005,1321.0,15,0,1,0,1.0,0
0.1229,53,0,0.384,,8,0,0,0,0.0,0
0.0,55,1,0.3588,11203.0,7,1,0,0,1.0,0
0.0068,48,0,0.3774,11223.0,10,0,1,0,0.0,0
0.1518,54,0,0.2598,4123.0,11,0,0,0,1.0,0
0.5025,65,0,1.0554,7449.0,7,0,1,0,0.0,0
0.4502,66,0,0.5624,7638.0,14,0,1,0,0.0,0
1.0083,65,0,0.4476,2363.0,7,0,1,0,1.0,0
0.1022,50,0,0.6606,3981.0,9,0,2,0,2.0,0
0.0157,36,0,0.4785,4037.0,9,0,2,0,1.0,0
0.0369,84,0,0.6193,7866.0,9,0,3,0,1.0,0
0.3317,36,0,0.1558,5478.0,8,0,1,0,1.0,0
1.5124,55,0,0.5657,4637.0,10,0,0,0,0.0,0
0.2894,52,0,0.3333,,3,0,1,0,2.0,0
0.5512,78,0,0.4766,,8,0,0,0,1.0,0
0.3942,71,0,0.1578,20425.0,5,0,1,0,1.0,0
0.7776,21,0,0.2349,5121.0,10,0,1,0,0.0,0
0.7746,28,0,0.1577,3472.0,5,0,4,0,0.0,0
0.0049,71,0,0.0868,27517.0,11,0,3,0,2.0,0
0.3652,63,0,0.8493,6589.0,7,0,0,0,0.0,0
0.4555,42,0,0.7481,6336.0,10,0,1,0,0.0,0
0.4729,56,0,0.7559,6327.0,9,0,0,0,0.0,0
1.0649,48,0,0.3345,2050.0,7,0,1,0,0.0,0
0.3383,48,0,0.0892,1503.0,11,0,0,0,0.0,0
0.2443,59,0,0.6505,,8,0,1,0,4.0,0
0.1836,59,0,0.3033,4979.0,9,0,2,0,1.0,0
0.4875,48,0,0.1562,4035.0,6,0,0,0,0.0,0
0.7435,46,0,0.2437,15422.0,11,0,0,0,1.0,0
0.2834,45,0,0.2094,11517.0,8,0,1,0,0.0,0
0.1002,44,0,0.5019,2743.0,6,0,1,0,1.0,0
0.1802,36,0,0.211,4569.0,9,0,1,0,1.0,0
3.2117,66,0,0.3689,,9,0,0,0,1.0,1
0.0897,90,0,0.2156,2327.0,10,0,0,0,2.0,0
0.0437,50,0,0.5016,3916.0,4,0,2,0,1.0,0
0.2745,51,0,0.6791,8782.0,6,0,0,0,1.0,0
0.6647,93,0,0.5812,7384.0,6,0,1,0,0.0,0
0.1053,30,0,0.6686,2778.0,13,0,0,0,2.0,0
0.6547,43,0,0.3076,3183.0,4,0,2,0,1.0,0
0.7194,57,0,0.9932,7579.0,9,0,0,0,0.0,0
0.1203,50,0,0.6481,1830.0,5,0,1,0,1.0,0
0.1422,42,0,0.3566,3994.0,11,0,2,0,0.0,0
0.4586,81,0,0.3664,7185.0,9,0,1,0,0.0,0
0.1395,65,0,0.6102,,11,0,1,0,2.0,0
0.4659,59,0,0.3805,1775.0,12,0,1,0,2.0,0
0.7687,66,0,0.3789,,5,0,2,0,2.0,0
0.3911,57,0,0.7749,,12,0,1,0,1.0,0
0.283,64,0,0.6919,,9,0,3,0,,0
0.9579,63,0,0.422,3372.0,9,0,0,0,0.0,0
0.0366,26,0,0.4718,16967.0,10,0,2,0,3.0,0
0.3738,52,0,0.8043,3664.0,7,0,0,0,2.0,0
0.0055,52,0,0.5448,,10,0,0,0,1.0,0
0.4989,38,0,0.3683,2109.0,7,0,0,0,1.0,0
1.4339,43,0,0.7494,,10,0,0,0,0.0,0
1.0285,49,0,0.7037,7751.0,9,0,1,0,1.0,0
0.321,51,0,0.3241,,3,0,3,0,1.0,0
0.6162,74,0,0.8784,,3,0,1,0,0.0,0
0.3687,66,0,0.5958,5637.0,12,0,0,0,1.0,0
3.065,48,0,0.8628,4724.0,5,0,2,0,0.0,0
0.1578,68,0,0.6149,4146.0,11,0,1,0,1.0,0
0.3161,48,0,0.3982,9200.0,7,0,1,0,0.0,0
0.7736,22,0,1.0037,,9,0,0,0,2.0,0
1.9303,49,0,0.7298,,8,0,0,0,2.0,0
0.0651,69,0,0.4183,9854.0,6,0,0,0,1.0,0
0.0253,77,0,0.4894,12403.0,6,0,1,0,1.0,0
0.167,54,0,0.7245,,10,0,0,0,1.0,0
0.2027,49,0,0.5294,,6,0,1,0,2.0,0
0.3146,51,0,0.6691,5962.0,5,0,0,0,1.0,0
0.4038,45,0,0.6107,19067.0,4,0,0,0,2.0,0
0.1991,50,0,0.3611,2353.0,8,0,0,0,1.0,0
0.0599,38,0,0.5691,4726.0,10,0,2,0,0.0,0
0.4114,34,0,0.8716,,9,2,0,0,1.0,0
0.0484,49,0,0.379,7254.0,11,0,1,0,0.0,0
0.3527,49,0,0.6951,,9,0,0,0,1.0,0
0.3852,36,0,0.2856,2995.0,6,0,1,0,1.0,0
0.4929,53,0,0.8034,3555.0,4,0,1,0,2.0,1
0.3761,56,0,0.5764,8803.0,13,0,2,0,0.0,0
0.4917,62,0,0.2845,,9,0,2,0,0.0,0
0.0691,21,0,0.2588,11682.0,10,0,1,0,2.0,0
0.1213,56,0,0.8606,2404.0,9,0,2,0,,0
0.3814,66,0,0.355,,12,0,1,0,0.0,0
0.2244,61,0,0.3233,6983.0,9,0,1,0,1.0,1
0.0483,60,0,0.4894,6027.0,4,0,2,0,0.0,0
1.2674,49,0,0.6262,,7,0,1,0,0.0,1
0.635,42,0,0.4,11423.0,6,0,1,0,1.0,0
0.3253,53,0,0.4907,,12,0,1,0,0.0,0
0.6207,59,0,0.4435,6703.0,9,0,2,0,1.0,0
0.097,59,0,0.4445,4220.0,11,0,2,0,0.0,0
0.5626,72,0,0.2259,,12,0,2,0,1.0,0
0.0432,44,0,0.3132,5728.0,9,0,0,0,0.0,0
0.3421,52,0,0.9008,3878.0,9,0,1,0,0.0,0
0.0479,53,0,0.4346,20763.0,10,0,3,0,1.0,0
2.656,37,2,0.4592,5305.0,10,0,0,2,1.0,0
0.4291,44,0,0.3506,8161.0,9,0,0,0,1.0,0
0.2842,48,0,1.2425,,5,0,3,0,0.0,0
0.2074,49,2,0.0832,10814.0,11,0,1,0,2.0,0
0.7405,43,0,0.7746,3397.0,7,0,0,0,1.0,0
2.3447,68,0,0.4255,3266.0,10,0,1,0,2.0,0
0.1095,55,0,0.564,8293.0,12,0,0,0,0.0,0
0.6004,61,0,0.6448,10492.0,8,0,3,0,0.0,0
0.8842,46,0,0.2421,,5,0,1,0,2.0,0
0.2104,37,0,0.9767,4151.0,13,0,1,0,1.0,0
0.1702,59,0,0.1989,7700.0,11,0,2,0,0.0,0
0.0627,21,0,0.3863,3219.0,6,0,1,0,1.0,0
0.8701,56,0,0.6412,2895.0,13,0,0,0,1.0,0
0.1216,21,0,0.2308,4526.0,9,0,0,0,2.0,0
0.0838,64,0,0.7891,,8,0,1,0,1.0,0
0.1762,26,0,0.9283,22196.0,13,0,2,0,1.0,0
0.0255,39,0,0.7352,,5,0,0,0,0.0,0
0.0199,63,0,0.0916,3036.0,6,0,0,0,1.0,0
1.0507,33,0,0.2725,4147.0,19,0,1,0,1.0,0
0.7564,52,0,0.1665,,10,0,0,0,3.0,0
0.0257,73,0,0.6475,7391.0,8,0,1,0,1.0,0
0.4071,71,0,0.7975,4791.0,13,0,1,0,0.0,0
2.3434,57,0,0.7656,7605.0,7,0,0,0,1.0,0
0.1269,72,0,0.3346,4202.0,11,0,1,0,1.0,0
0.5172,57,0,0.2471,4466.0,8,0,0,0,0.0,1
1.9886,41,0,0.6838,4810.0,11,1,3,0,1.0,0
0.2549,30,0,1.0247,6011.0,6,0,1,0,1.0,0
3.4725,52,2,1.1122,3613.0,11,0,0,0,4.0,0
0.3777,52,0,0.6473,3227.0,6,0,1,0,0.0,0
0.9954,74,0,0.5024,2503.0,10,0,0,0,3.0,0
1.5572,55,0,0.1574,7066.0,8,0,2,0,0.0,0
0.1685,65,0,0.5497,7141.0,2,0,1,0,0.0,0
0.3804,59,0,1.0735,7848.0,11,0,1,0,1.0,0
0.3494,53,0,0.1336,7491.0,12,0,2,0,0.0,0
0.4239,33,0,0.6055,7709.0,11,0,0,0,0.0,0
6.3602,36,0,0.1511,5218.0,2,0,0,0,1.0,0
1.2864,58,0,0.7834,2906.0,5,0,0,0,2.0,0
0.1956,55,0,0.6244,4118.0,6,0,1,0,2.0,0
0.8523,30,0,0.5475,2510.0,13,0,0,0,0.0,0
0.1954,43,0,0.404,5894.0,7,0,2,0,3.0,1
0.7874,30,0,0.0389,11974.0,8,0,4,0,1.0,0
0.4172,68,1,0.9699,,5,0,1,0,1.0,0
0.147,53,0,0.8696,4390.0,10,0,3,0,0.0,0
0.369,63,0,0.9106,1740.0,9,0,0,0,1.0,0
0.8149,34,0,0.2766,,9,0,0,0,1.0,0
0.5786,47,0,0.2311,7203.0,12,0,1,0,1.0,0
0.7694,44,0,0.6509,3020.0,5,0,1,0,1.0,0
0.159,45,0,0.3914,3439.0,16,0,1,0,0.0,0
0.2123,74,0,0.3101,24837.0,4,0,0,0,1.0,0
0.5767,61,0,0.9403,3208.0,14,0,2,0,5.0,0
0.3686,59,0,0.1456,3983.0,6,0,0,0,0.0,0
0.3879,47,0,0.157,,8,0,1,0,0.0,0
0.4048,46,0,0.788,5485.0,7,0,0,0,1.0,0
0.2858,59,0,0.7037,8093.0,7,0,1,0,1.0,0
0.3949,81,0,0.3802,,7,0,3,0,0.0,0
3.0376,49,0,0.3954,2600.0,8,0,2,0,0.0,0
0.5406,31,0,0.2389,,11,0,1,0,0.0,0
1.203,48,0,0.4296,,7,0,0,0,1.0,0
0.4665,55,0,0.3704,5775.0,5,0,1,0,0.0,0
0.4545,68,0,0.9433,19013.0,3,0,1,0,1.0,0
0.1377,60,0,0.1816,2716.0,10,0,2,0,0.0,0
0.166,56,0,0.0747,6768.0,5,0,1,0,1.0,0
5.0367,42,0,0.0174,5101.0,7,0,1,0,2.0,0
0.4327,56,0,0.6995,,11,0,0,0,1.0,0
1.6673,29,0,0.3044,6035.0,13,0,1,0,0.0,0
0.8661,61,0,0.343,7375.0,8,0,0,0,0.0,0
0.5187,33,0,0.3845,2939.0,12,0,3,0,1.0,0
0.1286,53,0,0.6104,5287.0,10,0,0,0,0.0,1
0.9649,48,0,0.1194,2745.0,7,0,0,0,2.0,0
0.6917,66,0,0.336,5000.0,6,0,1,0,1.0,0
1.4086,41,2,0.5577,3108.0,10,0,1,0,1.0,0
0.2116,26,0,0.7396,,2,0,0,0,0.0,0
0.3775,52,0,0.6406,3576.0,6,0,1,0,0.0,0
3.2861,62,0,0.6148,,9,0,0,0,1.0,0
0.7627,71,0,0.6168,15330.0,5,0,1,0,2.0,0
0.5473,47,0,0.2827,3334.0,5,0,1,0,1.0,0
0.6028,66,0,0.8186,14136.0,6,0,0,0,0.0,0
1.0219,55,0,0.1381,,14,0,1,0,1.0,0
0.2493,59,0,0.2997,7713.0,11,0,1,0,2.0,0
0.2442,57,0,0.1733,3951.0,4,0,1,0,1.0,0
0.0295,29,0,0.5626,4057.0,5,0,2,0,1.0,0
0.9233,34,1,0.2548,4744.0,15,0,2,0,0.0,0
0.4181,38,0,0.6916,8908.0,10,0,1,0,0.0,0
0.5158,44,0,0.0955,3267.0,7,0,1,0,0.0,0
0.5155,43,0,0.804,,8,0,1,0,0.0,1
0.0029,49,0,0.5869,9540.0,9,0,1,0,0.0,0
0.016,50,0,0.1074,,2,0,2,0,0.0,0
0.0146,47,0,0.7723,3055.0,4,0,1,0,2.0,0
0.0938,71,0,0.4355,3734.0,12,0,2,0,1.0,0
0.4092,65,0,0.2779,5769.0,11,0,1,0,2.0,0
12.4856,47,0,0.4375,5494.0,12,0,1,0,0.0,0
0.0288,68,0,0.3289,5159.0,5,0,1,0,0.0,0
0.3064,88,0,1.0032,3958.0,10,0,0,0,1.0,0
0.4217,54,0,0.1558,4827.0,6,0,0,0,0.0,0
0.0543,39,0,1.0737,4073.0,4,0,0,0,2.0,0
3.422,46,3,0.8137,,18,0,2,1,0.0,0
0.8479,62,0,0.8625,4018.0,11,0,0,0,1.0,0
0.7955,42,0,1.0273,4222.0,7,0,1,0,2.0,0
0.2189,41,1,0.9983,2403.0,3,0,0,0,1.0,0
0.112,50,0,0.4159,2538.0,10,0,1,0,0.0,0
0.3057,65,0,0.0759,,6,0,1,0,0.0,0
0.1184,59,0,0.5143,15237.0,7,0,4,0,3.0,0
1.0766,71,0,0.4566,,12,0,0,0,0.0,0
0.1311,34,0,0.751,3809.0,11,0,1,0,1.0,0
0.7847,46,0,0.8603,,7,0,1,0,0.0,0
0.5274,40,0,0.6896,14442.0,8,0,2,0,2.0,0
0.0007,40,0,0.7094,3034.0,9,0,0,0,1.0,0
0.2969,50,1,0.8016,14417.0,2,0,1,0,0.0,0
0.0113,58,0,0.3156,1869.0,7,0,0,0,0.0,0
0.0388,44,0,0.2281,3741.0,4,0,2,0,1.0,0
0.2454,61,0,0.4623,5741.0,9,0,2,0,1.0,0
0.1501,33,0,0.1533,3797.0,10,0,0,0,0.0,0
0.2705,65,0,0.1371,1789.0,9,0,0,0,0.0,0
0.9127,43,0,0.2199,4592.0,7,0,2,0,,0
0.2789,68,0,0.8214,4286.0,4,0,3,0,0.0,0
0.0398,68,2,0.5992,7686.0,7,0,1,0,0.0,0
0.0275,36,0,0.1688,1836.0,7,0,0,0,2.0,0
0.3249,50,0,0.3566,12392.0,9,0,0,0,1.0,0
2.1937,47,0,0.6586,4381.0,10,0,0,0,1.0,1
0.4315,45,0,0.8609,2807.0,6,0,0,0,1.0,0
0.0952,59,0,0.2844,8448.0,6,0,2,0,0.0,0
0.3238,54,0,0.5105,8313.0,6,0,0,0,0.0,0
0.0633,44,0,0.7453,9108.0,4,0,1,0,1.0,0
0.4092,45,0,1.2411,2158.0,11,0,1,0,1.0,0
0.033,67,2,0.2612,4807.0,4,0,4,0,0.0,0
1.204,30,1,0.3315,4841.0,7,0,1,2,1.0,0
0.5589,46,0,0.2727,10063.0,8,0,5,0,0.0,0
0.4542,64,0,0.3172,6882.0,7,0,1,0,0.0,0
5.2836,42,0,0.5849,5308.0,6,0,3,0,1.0,0
0.5176,53,0,0.2477,991.0,7,0,0,0,,0
0.0711,52,0,0.5293,,11,0,2,0,1.0,0
0.1192,50,0,0.3525,4737.0,14,0,0,0,0.0,0
0.0164,50,0,0.2428,6421.0,3,0,3,0,1.0,0
2.4221,31,0,0.3796,2544.0,10,0,3,0,1.0,0
0.0103,44,0,0.3371,3047.0,6,0,0,0,0.0,0
0.5337,47,0,0.229,3782.0,4,0,1,0,0.0,0
0.4384,77,0,0.5848,5957.0,5,0,0,0,3.0,0
0.4263,40,0,0.0822,11700.0,5,0,2,0,0.0,0
0.5639,21,0,0.8196,2515.0,11,0,0,0,0.0,1
0.4354,75,0,1.1936,6880.0,7,0,2,0,0.0,0
0.4098,58,0,0.3418,5027.0,12,0,2,0,1.0,0
2.3619,52,0,0.3012,6046.0,8,0,1,0,0.0,0
0.4298,47,0,0.5365,10297.0,11,0,2,0,1.0,0
0.4832,33,0,0.8035,17111.0,13,0,3,0,3.0,0
0.2716,73,0,0.7908,5189.0,10,0,1,0,0.0,0
0.7954,48,0,0.1714,5924.0,9,0,0,0,1.0,0
0.6157,41,0,0.7751,4475.0,7,0,0,0,1.0,0
0.3603,82,0,0.1111,,6,0,1,0,1.0,0
0.1284,52,0,0.5582,10232.0,7,0,0,0,1.0,0
0.1139,62,0,0.3068,3996.0,9,0,2,0,1.0,0
0.1897,81,0,0.1782,14103.0,7,0,0,0,0.0,0
0.1719,54,0,0.489,,15,0,0,0,0.0,0
0.8314,50,0,1.0394,6457.0,11,0,2,0,0.0,0
0.215,44,0,0.4471,6442.0,11,0,0,0,1.0,0
0.7274,51,0,0.4688,4875.0,5,0,2,0,2.0,0
0.1424,67,0,0.8601,3343.0,12,0,2,0,2.0,0
0.8433,46,0,0.7713,3762.0,4,0,0,0,1.0,0
0.3836,63,0,0.2599,8336.0,5,0,1,0,2.0,0
0.2823,47,0,0.069,2818.0,10,0,2,0,1.0,0
0.5101,60,0,0.4587,5393.0,8,0,3,0,1.0,0
0.6925,67,0,0.7695,5663.0,10,0,0,0,0.0,0
3.3095,48,0,0.4436,4859.0,9,0,0,0,1.0,0
0.2012,78,0,0.6003,3916.0,5,0,0,0,1.0,0
0.6587,69,0,0.3931,4393.0,5,0,0,0,0.0,0
1.9313,50,0,0.4884,,5,0,0,0,1.0,0
1.677,43,3,0.0726,8776.0,14,1,1,0,0.0,0
0.5084,21,0,0.2222,1975.0,8,0,1,0,1.0,0
0.0027,65,0,0.9404,5439.0,25,0,3,0,1.0,0
0.6649,61,0,1.2662,14278.0,9,0,1,0,1.0,0
0.0601,49,0,0.3446,5762.0,11,0,1,0,1.0,0
0.4024,21,0,0.2215,,9,0,0,0,3.0,0
0.3114,29,0,0.4917,2394.0,9,0,2,0,1.0,0
0.1867,31,0,0.6527,16268.0,12,0,0,0,1.0,0
0.5835,57,0,0.4501,7471.0,3,0,3,0,0.0,0
0.1481,48,0,0.646,1241.0,4,0,1,0,0.0,0
2.2187,61,0,0.0622,,10,0,1,0,0.0,0
1.2946,35,0,0.3491,2629.0,7,0,0,0,0.0,0
0.1046,50,1,0.2858,6896.0,7,0,0,0,1.0,0
0.1249,56,0,0.3492,1613.0,6,0,1,0,0.0,0
0.2397,73,0,0.6009,,11,0,1,0,1.0,0
0.1635,49,0,0.3765,,4,0,1,0,1.0,0
7.4459,56,0,0.7321,,9,0,2,0,0.0,0
1.9658,32,0,0.5707,5087.0,9,0,3,0,2.0,0
0.197,38,0,0.2298,7370.0,7,0,0,0,0.0,0
0.0362,54,0,0.7694,6915.0,6,0,1,0,0.0,0
2.1631,68,0,0.2444,,8,0,2,0,0.0,0
0.5992,42,0,0.3385,2352.0,9,0,0,0,1.0,0
0.0673,42,0,0.561,11814.0,10,0,0,0,1.0,0
0.3621,27,0,0.719,5797.0,8,0,2,0,1.0,0
0.3739,25,0,0.4426,,10,0,0,0,3.0,0
0.4715,21,0,0.1583,1690.0,10,0,0,0,0.0,0
0.0952,63,0,0.2942,7241.0,7,0,1,0,1.0,0
0.3099,47,0,0.2997,,6,0,1,0,0.0,0
0.6294,55,0,0.6223,4078.0,9,0,2,0,0.0,1
0.4899,45,0,1.0121,2138.0,4,0,3,0,2.0,0
1.5066,61,0,0.4226,6491.0,5,0,2,0,,0
3.8305,60,0,0.6487,3354.0,10,0,1,0,2.0,0
0.6813,50,0,0.5525,5078.0,14,0,1,0,0.0,1
1.0586,33,0,0.1749,,6,0,0,0,0.0,0
0.3016,71,0,0.7531,1457.0,9,0,2,0,0.0,0
0.5289,33,0,0.7676,7107.0,9,0,0,0,0.0,0
0.377,42,0,1.1958,6632.0,9,0,2,0,,0
0.1872,51,0,0.2999,5402.0,8,0,1,0,1.0,0
0.5919,37,0,0.4671,7711.0,11,0,0,0,2.0,0
1.3417,62,2,0.8308,9773.0,7,1,0,0,2.0,0
0.4345,51,0,0.3371,8970.0,4,0,0,0,0.0,0
0.3087,59,0,0.4825,,4,0,0,0,0.0,0
0.9,34,0,0.3935,4322.0,9,0,0,0,0.0,0
0.4492,67,2,0.8053,3096.0,11,1,1,0,0.0,0
0.8988,53,0,0.0575,3426.0,2,0,0,0,0.0,0
0.0611,62,0,0.2486,17900.0,7,0,1,0,0.0,0
1.3475,61,1,0.4745,7157.0,8,0,0,1,0.0,0
0.2997,43,0,0.8396,3365.0,15,0,2,0,0.0,0
1.1549,70,0,0.4756,,13,0,2,0,1.0,1
0.4926,45,0,0.4516,9274.0,5,0,0,0,1.0,0
5.5705,53,0,1.2397,2995.0,7,0,2,0,3.0,0
0.0262,66,0,0.7293,8448.0,11,0,0,0,2.0,0
1.4389,21,2,0.5785,6004.0,4,0,1,0,0.0,0
0.678,59,3,0.5179,,5,0,2,0,2.0,0
0.6865,63,0,0.0077,3875.0,6,0,0,0,0.0,0
0.17,44,0,0.6818,3234.0,9,0,0,0,3.0,0
0.1632,58,0,0.216,,9,0,1,0,0.0,0
0.0568,79,0,0.4543,10658.0,10,0,0,0,4.0,0
5.1514,47,0,0.5652,8504.0,16,0,1,0,0.0,0
0.0928,57,0,0.9888,7328.0,5,0,0,0,1.0,0
1.3528,34,0,0.3491,4906.0,8,0,1,0,0.0,0
1.9165,62,0,0.9047,3738.0,8,0,0,0,1.0,1
0.0071,60,0,0.3152,1888.0,3,0,0,0,0.0,0
0.1334,67,0,1.0032,5556.0,7,0,2,0,1.0,0
0.94,29,0,0.5277,,8,0,1,0,2.0,1
2.4512,60,0,0.1169,,6,0,0,0,0.0,0
0.1156,69,0,0.4089,,10,0,2,0,0.0,0
3.5911,60,0,0.1443,4033.0,8,0,0,0,1.0,0
5.1205,52,0,0.2183,2824.0,13,0,0,0,0.0,0
0.4591,24,0,0.2564,3828.0,6,0,2,0,2.0,0
0.1094,39,0,0.6838,,5,0,2,0,0.0,0
0.4112,40,0,0.1286,,6,0,1,0,1.0,0
0.4758,68,0,0.5073,5204.0,7,0,2,0,0.0,0
0.1724,29,0,0.4783,3485.0,11,0,1,0,2.0,0
0.052,84,0,0.5382,2106.0,3,0,0,0,2.0,0
0.6408,45,0,0.09,3105.0,5,0,0,0,1.0,1
0.4146,57,0,0.9459,1501.0,5,0,4,0,,0
0.165,57,0,0.5705,,12,0,0,0,0.0,0
0.5484,40,0,0.5956,16916.0,3,0,1,0,1.0,0
1.8957,47,2,0.4999,5261.0,4,1,0,0,2.0,1
0.1187,26,0,1.147,1158.0,4,0,2,0,2.0,0
0.5165,67,0,0.315,12475.0,4,0,0,0,,0
0.4217,62,0,0.646,,6,0,1,0,0.0,0
0.3934,43,0,0.1834,2185.0,12,0,0,0,1.0,0
0.8364,64,0,0.5669,,8,0,1,0,,0
0.4005,52,0,0.7946,,7,0,0,0,3.0,0
0.8515,25,2,0.3616,3495.0,7,1,0,1,0.0,0
0.3773,68,0,0.0773,,8,0,2,0,0.0,0
0.3613,55,0,0.3446,4413.0,17,0,0,0,1.0,0
6.6342,64,0,0.4603,3048.0,6,0,1,0,4.0,0
0.6473,54,0,0.3987,6317.0,10,0,0,0,1.0,0
0.494,47,2,0.5229,7341.0,9,0,1,1,1.0,0
0.5348,50,1,0.5701,4053.0,5,0,0,1,0.0,0
0.279,35,0,0.3271,7485.0,7,0,0,0,2.0,0
0.072,59,0,0.0654,9417.0,15,0,1,0,1.0,0
0.4197,55,0,0.0961,3683.0,9,0,0,0,0.0,0
0.0258,51,0,0.8679,7458.0,9,0,0,0,0.0,0
0.0108,42,0,0.3787,8074.0,5,0,0,0,3.0,0
0.0414,34,0,0.6523,9353.0,13,0,0,0,2.0,0
0.3635,64,0,0.4188,7845.0,12,0,0,0,1.0,0
0.3077,28,0,0.5218,1955.0,6,0,1,0,0.0,0
0.4328,64,0,0.4723,3620.0,6,0,1,0,3.0,0
0.3174,23,0,0.2645,2388.0,8,0,0,0,1.0,0
0.612,44,0,0.8349,,12,0,0,0,0.0,0
0.2864,60,0,0.7743,3099.0,8,0,1,0,2.0,0
0.3971,65,0,0.4393,10029.0,8,0,2,0,3.0,0
2.0717,47,0,0.7935,15105.0,9,0,0,0,2.0,0
0.3252,62,0,0.5236,7966.0,8,0,4,0,1.0,0
0.6329,35,0,1.287,,9,0,1,0,2.0,0
0.1884,40,0,0.4768,6655.0,9,0,0,0,0.0,0
1.4206,58,0,0.4839,,8,0,1,0,0.0,0
0.072,46,0,0.5188,6894.0,7,0,0,0,0.0,0
0.1695,42,0,0.7322,3504.0,10,0,0,0,1.0,0
0.3143,48,0,0.493,5182.0,4,0,0,0,0.0,0
0.0528,47,0,0.8543,,12,0,2,0,1.0,0
0.3638,48,0,0.3429,5993.0,11,0,2,0,1.0,0
0.1426,73,3,0.4363,7178.0,7,0,1,1,0.0,1
0.1663,68,0,0.2171,2032.0,10,0,2,0,2.0,0
0.2953,65,0,0.023,,6,0,0,0,0.0,0
1.1193,52,0,0.8848,2896.0,9,0,0,0,1.0,1
0.6127,56,0,0.8966,4835.0,7,0,3,0,1.0,1
6.7376,38,1,0.0739,3080.0,8,0,1,0,0.0,0
1.0808,79,0,0.0573,12927.0,9,0,0,0,1.0,0
0.0076,41,0,0.4491,1495.0,8,0,1,0,1.0,0
0.2467,72,0,0.5106,3814.0,9,0,1,0,1.0,0
0.5776,50,0,0.6662,2787.0,7,0,1,0,1.0,0
0.1725,70,3,0.3762,23959.0,14,0,1,0,2.0,1
0.0684,45,0,0.5721,7621.0,4,0,0,0,0.0,0
0.8975,62,0,0.4316,23494.0,4,0,2,0,1.0,0
0.5814,72,0,0.7905,4091.0,7,0,0,0,0.0,1
0.0985,72,0,0.3967,,12,0,0,0,1.0,0
0.431,55,0,0.2799,,6,0,1,0,1.0,0
0.0292,52,0,0.8344,2408.0,10,0,1,0,0.0,0
1.6455,59,2,0.3905,2973.0,4,0,2,0,0.0,0
0.0884,68,0,0.2637,4647.0,7,0,2,0,0.0,0
0.2764,63,0,0.7546,4926.0,3,0,0,0,1.0,0
0.2744,57,0,0.4325,5271.0,8,0,1,0,,0
0.333,70,0,0.3608,20105.0,10,0,3,0,3.0,1
0.4444,34,0,0.1327,7588.0,12,0,1,0,1.0,0
0.4784,60,0,0.4815,15447.0,6,0,0,0,0.0,0
0.1387,42,0,0.2948,3881.0,10,0,1,0,0.0,0
2.5087,77,0,0.2166,5722.0,8,0,0,0,2.0,0
0.6769,65,0,0.8332,5518.0,9,0,0,0,0.0,0
0.3767,32,0,0.8346,9092.0,11,0,2,0,1.0,0
0.0597,34,0,0.5011,,11,0,0,0,1.0,0
0.7841,33,0,0.8017,3388.0,8,0,1,0,1.0,0
0.1494,59,0,0.6053,,9,0,3,0,1.0,0
0.4615,64,0,0.8902,36214.0,6,0,2,0,1.0,0
0.244,25,0,0.8393,,13,0,1,0,1.0,0
0.582,44,0,0.2977,1773.0,11,0,2,0,2.0,0
0.4617,46,3,0.4142,10361.0,8,0,2,0,1.0,0
0.2401,56,0,0.1635,,7,0,1,0,1.0,0
0.4616,48,0,0.547,5259.0,9,0,1,0,0.0,0
0.1566,55,0,0.3261,,6,0,1,0,1.0,0
0.0992,36,0,0.2783,,15,0,0,0,1.0,0
0.1423,32,0,0.3191,13199.0,4,0,0,0,0.0,0
0.4242,41,0,0.355,3965.0,6,0,3,0,0.0,0
0.3068,51,0,0.2296,5638.0,8,0,1,0,2.0,0
0.919,53,0,0.108,,14,0,2,0,0.0,0
0.7386,28,0,0.5361,1838.0,6,0,0,0,1.0,0
0.647,40,0,0.5419,2720.0,5,0,0,0,2.0,1
0.6123,57,0,0.2767,11205.0,6,0,1,0,0.0,0
0.4324,71,0,0.4916,13917.0,12,0,4,0,0.0,0
0.8917,38,0,0.4339,6100.0,6,0,0,0,0.0,0
0.7944,64,0,0.0126,5278.0,4,0,2,0,1.0,0
0.0531,35,0,0.2363,3279.0,6,0,0,0,2.0,0
0.3208,75,0,0.6654,3563.0,8,0,0,0,1.0,1
0.0354,31,0,0.6023,2836.0,11,0,1,0,2.0,0
0.1546,26,0,0.6212,13483.0,4,0,3,0,1.0,0
0.3112,49,0,0.955,5128.0,9,0,2,0,3.0,0
0.3687,32,0,0.3961,3979.0,10,0,4,0,1.0,0
1.5593,54,3,0.3012,2806.0,8,2,4,0,,0
1.2352,39,0,0.6323,6191.0,7,0,0,0,1.0,0
0.3261,62,0,0.6469,,9,0,0,0,0.0,0
0.6721,49,0,0.4203,5634.0,6,0,1,0,4.0,0
0.9952,40,0,0.0977,4111.0,9,0,0,0,1.0,0
0.6761,56,0,0.3449,6351.0,8,0,0,0,2.0,0
0.149,39,0,1.0665,12773.0,10,0,0,0,0.0,0
0.1568,51,0,0.7449,16198.0,5,0,1,0,1.0,0
1.9783,43,0,0.0981,5344.0,10,0,1,0,0.0,0
0.1849,62,0,0.0887,13859.0,8,0,1,0,3.0,0
0.6901,34,0,0.4316,2541.0,12,0,1,0,1.0,0
0.3781,29,0,0.783,4565.0,7,0,4,0,0.0,0
0.1035,60,0,0.1393,,10,0,0,0,1.0,0
0.5665,33,0,1.114,,6,0,0,0,1.0,1
0.4084,54,0,0.4921,3619.0,8,0,1,0,2.0,0
0.1509,67,0,1.1273,4193.0,9,0,1,0,2.0,0
0.2949,62,0,0.8856,8699.0,6,0,1,0,1.0,0
2.5442,49,1,0.0279,,7,0,3,0,0.0,0
0.8611,66,1,0.2502,4597.0,7,1,0,0,1.0,0
0.4093,52,0,0.9432,12298.0,8,0,1,0,0.0,0
1.5664,36,0,0.156,,8,0,1,0,0.0,0
0.6968,79,0,0.121,,6,0,3,0,0.0,1
0.5911,42,0,0.6468,8549.0,7,0,0,0,0.0,0
0.3056,56,0,0.4228,5542.0,8,0,1,0,2.0,0
0.0501,53,0,0.6228,2160.0,7,0,0,0,0.0,0
3.7789,33,0,0.3673,7872.0,4,0,0,0,0.0,0
0.1911,65,0,0.1896,4095.0,11,0,2,0,1.0,0
0.1828,47,0,0.6764,3306.0,10,0,1,0,0.0,0
0.2078,64,0,0.6367,4785.0,3,0,0,0,0.0,0
0.0983,38,0,0.6275,,7,0,2,0,2.0,0
0.1846,41,0,0.0214,7042.0,5,0,1,0,1.0,0
0.6798,57,0,0.3833,11588.0,9,0,0,0,0.0,0
0.314,67,0,0.8592,,9,0,2,0,0.0,0
0.3214,61,0,0.0954,7319.0,8,0,0,0,0.0,0
0.2378,27,0,0.2724,2148.0,8,0,0,0,0.0,0
0.0322,64,0,0.0261,2249.0,7,0,2,0,1.0,0
0.2584,45,0,0.5673,7039.0,8,0,0,0,0.0,0
1.1114,34,0,0.7924,2361.0,9,0,2,0,1.0,0
0.3706,67,0,0.2053,2522.0,11,0,1,0,1.0,0
0.0029,44,0,0.1896,3729.0,4,0,1,0,2.0,0
0.332,66,0,0.3394,14177.0,7,0,0,0,1.0,0
0.6164,55,0,0.322,3538.0,5,0,2,0,0.0,0
0.0646,54,0,0.4869,,5,0,1,0,1.0,0
3.6518,66,0,0.7351,6234.0,5,0,1,0,1.0,0
0.4404,39,0,0.7393,1225.0,5,0,1,0,1.0,0
1.2233,68,0,0.266,9156.0,10,0,1,0,1.0,0
0.6489,29,0,0.3458,3172.0,7,0,3,0,1.0,0
0.4955,55,0,0.1474,3992.0,9,0,3,0,0.0,0
0.4433,75,0,0.5261,6526.0,11,0,0,0,1.0,0
0.1358,65,0,0.3774,8190.0,10,0,1,0,,0
0.3306,52,0,0.6051,7714.0,5,0,0,0,0.0,0
0.0401,74,0,0.8813,3765.0,7,0,1,0,0.0,0
0.0654,42,0,0.1625,5243.0,12,0,4,0,0.0,0
0.6246,57,0,0.2753,15733.0,10,0,0,0,3.0,0
1.9396,49,0,0.6601,,5,0,1,0,0.0,0
0.2054,53,0,0.6041,5597.0,12,0,0,0,3.0,0
2.9538,64,0,0.8933,4961.0,10,0,1,0,0.0,0
0.362,54,0,0.7668,3716.0,6,0,2,0,0.0,0
0.1394,41,0,0.9015,2502.0,7,0,1,0,0.0,0
0.5152,21,0,0.1903,6185.0,6,0,1,0,0.0,0
0.4644,69,0,0.1726,4921.0,3,0,1,0,,0
0.9691,63,0,0.5282,8815.0,3,0,0,0,1.0,0
0.5865,60,0,0.4572,,8,0,1,0,1.0,0
0.2362,58,0,0.4474,5255.0,6,0,1,0,0.0,0
0.4044,50,0,0.6293,709.0,8,0,1,0,1.0,0
1.2781,36,0,0.4181,2980.0,10,0,0,0,,0
0.0928,56,0,1.0399,,7,0,2,0,0.0,0
0.1399,52,0,0.9457,,8,0,2,0,0.0,0
0.0139,70,0,0.2059,5827.0,10,0,1,0,0.0,0
0.9812,50,0,0.4962,,7,0,0,0,0.0,1
0.5134,63,0,0.5032,6769.0,6,0,0,0,0.0,0
0.4484,49,0,0.1697,,6,0,1,0,0.0,0
0.1969,56,0,0.3913,,15,0,0,0,0.0,0
0.1995,36,0,0.9948,,4,0,0,0,0.0,0
0.5148,29,0,0.361,4279.0,7,0,1,0,1.0,0
0.4743,48,0,0.5064,4807.0,7,0,2,0,0.0,1
0.6662,63,0,0.4397,1709.0,8,0,0,0,1.0,0
0.3757,54,0,0.6752,15964.0,7,0,0,0,0.0,0
4.6583,46,0,0.2567,3444.0,9,0,0,0,1.0,0
0.4296,42,0,0.1296,6378.0,11,0,1,0,0.0,0
0.0219,28,0,0.1737,4376.0,7,0,5,0,1.0,0
0.3276,59,0,0.4078,1929.0,8,0,1,0,0.0,0
0.6092,43,0,0.4998,2611.0,7,0,2,0,0.0,0
0.2116,21,0,0.3137,,10,0,1,0,0.0,0
0.3998,50,0,0.2764,,8,0,0,0,0.0,0
0.3192,62,0,0.1983,4861.0,10,0,1,0,2.0,0
0.956,87,0,0.5397,6501.0,6,0,4,0,2.0,0
1.6856,70,0,0.35,14540.0,8,0,2,0,1.0,0
7.0111,57,0,0.773,2609.0,4,0,1,0,1.0,0
0.0058,50,0,0.4358,5851.0,7,0,2,0,1.0,0
0.2711,58,0,0.3573,8508.0,17,0,0,0,1.0,0
0.4748,48,0,0.6706,,8,0,0,0,1.0,0
0.0177,40,0,0.18,9806.0,7,0,1,0,2.0,0
0.6803,36,0,0.4103,3622.0,12,0,1,0,2.0,0
0.0765,22,0,0.2472,3833.0,6,0,1,0,1.0,0
0.1716,55,1,0.5592,6230.0,8,1,3,0,0.0,1
0.2428,55,0,0.0842,2436.0,7,0,3,0,0.0,0
0.2255,70,0,1.2715,22050.0,12,0,1,0,0.0,0
0.7988,21,0,0.2418,11863.0,3,0,2,0,2.0,0
0.0924,67,0,0.9202,6488.0,7,0,2,0,1.0,0
0.5617,56,0,0.1424,6545.0,7,0,1,0,0.0,0
4.5012,69,0,0.0845,11978.0,10,0,1,0,1.0,0
0.5526,73,0,0.0706,,5,0,0,0,0.0,1
0.8372,26,0,0.4254,8166.0,9,0,3,0,1.0,0
0.2329,59,0,0.98,5009.0,5,0,3,0,0.0,0
0.1192,55,0,0.2085,3831.0,12,0,0,0,3.0,0
0.4596,62,0,0.4052,4635.0,8,0,3,0,0.0,0
0.9289,75,1,0.0803,14418.0,8,0,0,0,1.0,0
0.3164,50,0,0.1987,,11,0,0,0,0.0,0
0.8733,43,0,0.5914,6890.0,7,0,1,0,1.0,0
0.9335,47,0,0.3121,2267.0,5,0,1,0,0.0,0
0.7811,29,0,0.2778,3535.0,8,0,0,0,0.0,0
0.249,83,0,0.4209,6612.0,8,0,3,0,0.0,0
0.0898,75,0,1.0522,,8,0,1,0,1.0,0
0.2283,49,0,0.495,9584.0,17,0,0,0,0.0,0
0.2356,55,0,0.1409,5157.0,8,0,0,0,2.0,0
0.2567,37,2,0.2816,4546.0,9,0,1,0,0.0,0
0.4617,43,0,0.0382,7803.0,14,0,1,0,1.0,0
0.8609,64,0,0.8722,5885.0,3,0,1,0,1.0,0
2.2553,57,0,0.48,,11,0,1,0,0.0,0
0.0978,57,0,0.5048,9657.0,7,0,2,0,1.0,0
0.5261,50,0,0.2992,,7,0,0,0,2.0,0
0.7542,62,0,0.3002,5035.0,5,0,3,0,1.0,0
0.4386,25,0,0.5554,5899.0,8,0,0,0,0.0,0
0.038,56,0,0.0294,13156.0,12,0,1,0,0.0,0
0.0134,78,0,0.4932,5474.0,12,0,0,0,2.0,0
0.55,64,0,0.4358,2552.0,4,0,0,0,0.0,0
0.0913,31,0,0.1959,4849.0,8,0,2,0,0.0,0
0.5793,57,0,0.4475,9253.0,6,0,2,0,2.0,0
0.4517,46,1,0.4187,8208.0,4,1,1,0,0.0,0
0.9302,73,2,0.2327,2878.0,11,1,0,1,1.0,0
2.0946,53,0,0.7492,5052.0,11,0,3,0,0.0,0
0.5421,82,3,0.4031,1267.0,7,0,2,0,1.0,0
0.3832,82,0,0.7675,9896.0,8,0,1,0,0.0,0
1.4829,59,0,0.6541,5885.0,7,0,4,0,1.0,0
0.6514,54,0,1.1093,5519.0,3,0,0,0,0.0,0
1.0933,71,0,0.5558,6180.0,15,0,3,0,0.0,0
0.4134,42,0,0.9258,3394.0,10,0,1,0,0.0,1
0.4382,57,0,0.6129,4839.0,4,0,1,0,0.0,1
0.9659,48,0,1.35,11334.0,9,0,0,0,0.0,0
0.2709,45,0,0.1304,5442.0,10,0,2,0,1.0,0
3.8835,65,0,0.3445,5027.0,11,0,0,0,0.0,0
3.8277,53,0,0.2674,3963.0,8,0,0,0,0.0,0
0.1398,82,3,0.0509,2335.0,9,0,1,0,1.0,0
0.059,43,0,0.2754,8693.0,6,0,2,0,0.0,0
9.088,38,0,0.3724,14098.0,6,0,1,0,0.0,0
0.0975,52,0,0.4105,12588.0,12,0,1,0,,0
0.5995,59,1,0.7169,,8,0,0,0,,1
0.1898,50,0,0.6935,8124.0,7,0,2,0,0.0,0
0.8003,61,0,0.1585,1333.0,11,0,0,0,5.0,0
0.8148,40,0,0.3006,11814.0,10,0,4,0,0.0,0
1.0883,63,0,0.5842,5340.0,8,0,1,0,0.0,0
0.2478,38,0,0.5276,2586.0,8,0,0,0,1.0,0
1.0215,31,0,0.2657,6547.0,6,0,0,0,1.0,0
0.098,27,0,1.0756,14712.0,1,0,0,0,0.0,0
0.0281,72,0,0.3565,4288.0,12,0,0,0,0.0,0
0.0183,61,0,0.5591,3433.0,7,0,1,0,2.0,0
0.3584,60,0,0.678,8050.0,9,0,2,0,2.0,0
0.5652,47,0,0.3786,,10,0,0,0,,0
1.9105,63,0,0.9173,3946.0,13,0,0,0,0.0,0
0.8222,41,0,0.5296,3349.0,5,0,0,0,0.0,0
0.8013,40,0,0.4219,,9,0,3,0,1.0,0
0.6882,54,0,0.7079,6134.0,8,0,1,0,0.0,0
0.7704,58,0,0.266,2758.0,7,0,4,0,1.0,0
0.3972,41,0,0.7175,11394.0,8,0,1,0,2.0,0
0.3829,67,0,0.4828,6565.0,8,0,1,0,0.0,0
0.219,37,0,0.7428,4585.0,9,0,0,0,0.0,0
1.5541,52,0,0.5532,7005.0,5,0,1,0,1.0,0
0.7995,61,0,0.4793,13374.0,12,0,2,0,0.0,0
0.4275,26,0,0.3667,4610.0,8,0,0,0,,0
2.5584,49,0,0.3488,4630.0,4,0,1,0,0.0,0
2.5594,61,0,0.2631,10004.0,7,0,0,0,1.0,0
0.6211,56,0,0.5021,1181.0,12,0,0,0,0.0,0
1.0971,57,0,0.6069,5990.0,2,0,1,0,0.0,0
0.244,39,0,0.1928,6293.0,4,0,0,0,1.0,0
0.6979,46,0,0.6502,,5,0,2,0,0.0,0
0.4114,65,0,0.519,9716.0,6,0,0,0,1.0,0
0.2637,75,0,0.4741,4586.0,6,0,2,0,1.0,0
0.2142,36,0,0.1853,,9,0,1,0,0.0,0
0.4194,48,0,0.055,5432.0,8,0,1,0,0.0,0
0.4371,28,0,0.475,4284.0,5,0,3,0,0.0,0
3.5112,53,0,0.4569,,7,0,1,0,0.0,0
0.6389,56,0,0.3778,3745.0,11,0,0,0,0.0,0
0.7141,51,0,0.7888,3568.0,10,0,0,0,1.0,0
0.6219,62,0,0.2853,8842.0,4,0,1,0,0.0,0
1.5267,24,0,0.4498,9545.0,4,0,2,0,0.0,0
0.2051,50,0,0.5431,5846.0,9,0,1,0,0.0,0
0.0846,61,2,0.0812,4775.0,5,0,1,1,0.0,0
0.4766,78,0,0.6558,8847.0,7,0,2,0,0.0,0
1.7524,54,1,0.0522,,8,0,4,1,2.0,0
0.1298,59,0,0.5814,9854.0,6,0,2,0,0.0,0
0.0861,29,0,0.7139,2888.0,3,0,0,0,2.0,0
0.479,35,0,0.5278,,12,0,2,0,0.0,0
0.3499,75,0,0.6102,2707.0,12,0,0,0,2.0,0
0.7529,56,0,0.4882,968.0,10,0,1,0,2.0,0
0.015,52,0,0.2112,1540.0,10,0,1,0,0.0,0
0.7782,48,0,0.2976,,10,0,2,0,2.0,0
1.02,56,1,0.4695,4673.0,11,0,1,2,3.0,0
0.492,32,0,0.6894,8575.0,12,0,1,0,2.0,0
0.218,68,0,0.1389,8685.0,6,0,1,0,1.0,0
0.7734,55,0,0.1873,,6,0,0,0,0.0,0
0.3912,28,0,0.1317,,10,0,1,0,0.0,0
0.0298,56,0,0.3659,4499.0,9,0,1,0,1.0,0
0.5826,40,0,0.5814,2164.0,6,0,0,0,3.0,0
0.8468,72,0,0.092,9209.0,8,0,2,0,0.0,0
0.0083,42,0,0.2125,8993.0,8,0,0,0,0.0,0
0.3633,50,0,0.5049,4403.0,6,0,2,0,1.0,0
0.6914,52,0,0.4466,5626.0,8,0,2,0,0.0,0
0.5595,62,0,0.5228,3660.0,6,0,1,0,2.0,0
0.307,76,0,0.2867,6573.0,5,0,0,0,1.0,0
0.0425,54,0,0.0167,4326.0,8,0,2,0,0.0,0
0.027,61,0,0.3815,6493.0,7,0,1,0,1.0,0
0.3421,41,0,0.3315,23352.0,8,0,1,0,3.0,0
0.5024,50,0,0.4158,,6,0,0,0,1.0,0
1.6777,57,0,0.2698,1725.0,11,0,2,0,0.0,0
2.0696,50,0,0.4916,11092.0,14,0,0,0,1.0,0
0.2405,64,0,0.0692,7191.0,10,0,1,0,0.0,0
0.0847,43,1,0.7593,13579.0,15,0,1,2,0.0,0
0.1128,50,0,0.406,8999.0,7,0,1,0,2.0,0
0.7924,39,0,0.2353,8711.0,10,0,0,0,0.0,0
0.4938,64,0,0.8344,4609.0,6,0,1,0,0.0,1
0.3589,57,0,0.2003,7074.0,6,0,1,0,0.0,0
0.0084,68,0,0.5664,5066.0,4,0,0,0,2.0,0
0.1882,45,0,0.6201,8657.0,7,0,0,0,1.0,0
0.7099,90,0,0.3529,6557.0,12,0,0,0,1.0,1
0.1445,56,0,0.2585,,11,0,2,0,0.0,0
1.1455,61,0,0.1703,6724.0,7,0,1,0,2.0,0
0.6646,65,0,0.0207,7721.0,8,0,1,0,2.0,0
0.4209,52,0,0.4055,39940.0,8,0,0,0,2.0,0
0.5478,52,0,0.6827,3738.0,6,0,0,0,0.0,0
0.001,51,0,0.4161,4700.0,9,0,0,0,1.0,0
0.1922,63,0,0.6312,,9,0,0,0,0.0,0
1.3892,47,0,0.8096,,9,0,0,0,1.0,0
0.4786,56,0,0.1983,,12,0,0,0,1.0,0
0.6511,64,0,0.2023,,4,0,0,0,0.0,0
0.0178,61,0,0.5659,5640.0,11,0,0,0,,0
0.7417,21,0,0.6438,13239.0,8,0,4,0,2.0,0
0.275,53,0,0.5484,,12,0,2,0,0.0,0
0.3917,41,0,0.0826,3233.0,6,0,0,0,1.0,0
0.7255,49,0,0.4032,1830.0,8,0,2,0,1.0,0
0.6441,66,0,0.4496,,11,0,0,0,0.0,0
0.235,85,0,0.451,9667.0,6,0,1,0,0.0,0
0.2934,40,0,0.2622,,8,0,1,0,2.0,0
0.0512,42,1,0.2236,,7,0,2,0,1.0,0
0.0891,54,4,0.0548,16929.0,8,0,1,0,1.0,0
0.2,55,0,0.463,6142.0,6,0,3,0,0.0,0
0.5582,39,0,0.5582,2181.0,8,0,4,0,2.0,0
0.2196,62,0,0.4091,1742.0,8,0,1,0,2.0,0
0.1281,40,0,0.2598,2269.0,7,0,1,0,1.0,0
0.0993,31,0,0.6518,11015.0,9,0,3,0,0.0,0
0.7333,37,0,0.6201,,5,0,1,0,0.0,0
0.3803,63,0,0.7408,3316.0,9,0,1,0,0.0,0
0.0837,49,0,0.4964,8407.0,3,0,1,0,2.0,0
0.0229,22,0,0.1448,3487.0,8,0,0,0,0.0,0
0.712,58,0,0.3419,,5,0,1,0,0.0,0
0.4145,54,0,0.7341,2927.0,5,0,0,0,0.0,0
0.8986,68,0,0.5662,1943.0,8,0,0,0,0.0,0
0.0701,54,0,0.1688,8124.0,10,0,2,0,0.0,0
1.9307,55,0,0.1126,,14,0,1,0,0.0,1
0.4503,48,0,0.8019,5216.0,3,0,1,0,2.0,0
0.0553,45,0,0.6581,7826.0,7,0,0,0,0.0,0
0.3249,38,1,0.5325,6164.0,7,0,1,0,0.0,0
0.5735,36,0,0.2438,1200.0,5,0,1,0,1.0,0
0.0541,57,0,0.5082,12730.0,8,0,0,0,1.0,0
3.0651,38,0,0.3222,3424.0,6,0,0,0,1.0,0
1.5221,49,0,0.1957,7883.0,4,0,2,2,0.0,0
1.51,75,2,0.2361,12171.0,8,0,2,0,0.0,0
0.1224,63,0,0.4456,5061.0,8,0,1,0,0.0,0
0.0799,57,0,0.82,3954.0,5,0,0,0,0.0,0
0.5525,58,0,0.5403,,8,0,1,0,1.0,0
0.1032,43,0,0.6868,,9,0,1,0,1.0,0
0.4296,40,0,0.6243,,13,0,2,0,,0
0.2626,64,0,1.0278,8574.0,6,0,2,0,0.0,0
0.0289,63,0,0.728,,3,0,4,0,0.0,0
0.4771,27,0,0.8801,8731.0,6,0,1,0,0.0,0
0.4382,52,0,0.3911,2221.0,10,0,3,0,0.0,0
0.387,42,0,0.1172,,15,0,3,0,0.0,0
0.5394,45,0,0.5276,6608.0,7,0,2,0,1.0,0
1.8163,38,0,0.1778,1442.0,10,0,0,0,1.0,0
2.0418,65,1,0.136,15238.0,6,0,2,0,,0
0.356,34,0,0.0656,8952.0,11,0,0,0,1.0,0
0.9004,26,0,0.4802,2905.0,7,0,2,0,1.0,0
0.2393,44,0,0.5907,,10,0,3,0,2.0,0
0.2298,79,0,0.7564,2730.0,9,0,1,0,0.0,0
2.7172,67,0,0.7627,5072.0,8,0,1,0,0.0,0
0.9599,73,0,0.2116,3550.0,11,0,1,0,1.0,1
0.5349,68,0,0.4115,3954.0,8,0,2,0,1.0,0
3.854,48,0,0.2535,4175.0,9,0,0,0,2.0,0
0.1676,51,0,0.5163,1141.0,6,0,2,0,2.0,0
0.015,48,0,0.3871,3148.0,9,0,2,0,1.0,0
0.1884,34,0,0.1132,6079.0,8,0,0,0,0.0,0
0.1065,37,0,0.4433,12350.0,4,0,0,0,1.0,0
0.7553,62,0,0.1076,,11,0,1,0,1.0,0
0.5665,42,0,0.62,3998.0,16,0,1,0,0.0,1
0.3512,53,0,0.4033,5676.0,9,0,0,0,1.0,0
0.4243,37,0,0.2676,12652.0,9,0,3,0,1.0,0
0.0695,47,0,0.2669,2354.0,9,0,1,0,,0
0.0889,59,0,0.2751,15429.0,8,0,1,0,1.0,0
0.4391,29,0,0.2584,4474.0,11,0,3,0,0.0,0
0.4391,52,0,0.6586,8095.0,9,0,2,0,,0
0.2781,60,0,0.4792,,8,0,1,0,1.0,0
0.76,52,0,0.9004,1879.0,12,0,0,0,2.0,0
0.163,39,0,0.358,,8,0,0,0,0.0,0
0.7752,53,0,0.2113,6243.0,10,0,1,0,0.0,0
0.2905,33,0,0.6038,,6,0,1,0,0.0,0
0.8777,50,2,0.7032,2716.0,13,0,0,2,1.0,0
0.5868,39,0,0.1374,4758.0,11,0,0,0,1.0,0
0.3546,42,0,0.9128,8842.0,6,0,0,0,0.0,0
0.3091,78,0,0.3335,10021.0,10,0,4,0,0.0,0
0.0799,68,0,0.226,5482.0,5,0,2,0,1.0,0
0.1079,58,1,0.6924,,4,0,3,0,0.0,0
0.373,57,0,0.6454,,9,0,0,0,0.0,0
0.3076,58,0,0.1154,4387.0,8,0,1,0,1.0,0
0.249,52,0,0.5651,7149.0,5,0,0,0,3.0,0
0.2206,49,0,0.2483,11891.0,10,0,0,0,0.0,0
0.6575,44,0,0.2424,11977.0,6,0,2,0,1.0,0
0.1557,53,0,0.7684,3157.0,13,0,2,0,0.0,0
0.184,35,0,0.0225,4286.0,10,0,3,0,1.0,0
0.9577,54,0,0.0401,4614.0,9,0,1,0,1.0,0
0.6341,69,0,0.365,1303.0,13,0,0,0,0.0,0
1.3886,61,0,0.7303,,8,0,0,0,0.0,0
0.6471,54,0,0.6233,,6,0,3,0,3.0,0
1.2832,30,0,0.7127,,7,0,1,0,1.0,0
2.359,45,0,0.0286,7587.0,9,0,0,0,1.0,0
0.5773,85,0,0.5265,3268.0,6,0,1,0,2.0,1
1.7104,55,0,0.6419,7104.0,8,0,2,0,1.0,0
0.2145,39,0,0.6434,,12,0,0,0,2.0,0
0.1974,53,0,0.6043,8518.0,4,0,3,0,2.0,0
0.2327,56,0,0.9539,,6,0,0,0,1.0,0
0.6959,52,0,0.6907,26449.0,5,0,0,0,0.0,0
0.0964,55,0,0.9529,4889.0,9,0,1,0,1.0,0
0.6181,41,0,0.4037,,7,0,2,0,1.0,0
0.4691,77,0,0.3383,11776.0,7,0,0,0,2.0,0
0.626,49,0,0.6111,5079.0,11,0,1,0,0.0,1
2.1997,51,0,0.4261,1287.0,9,0,0,0,2.0,0
0.1473,47,0,0.1724,3609.0,8,0,1,0,3.0,0
0.4029,74,0,0.243,6673.0,12,0,1,0,1.0,0
4.1348,47,0,0.7383,1630.0,6,0,0,0,0.0,0
0.3353,41,0,0.7161,6241.0,4,0,0,0,1.0,0
0.0536,62,0,0.5892,6341.0,7,0,0,0,1.0,0
7.3949,39,0,0.4601,2923.0,11,0,0,0,2.0,0
0.0661,32,0,0.2835,8734.0,7,0,1,0,0.0,0
1.9844,48,0,0.7285,12194.0,13,0,2,0,0.0,0
0.1925,49,0,0.2509,6386.0,7,0,4,0,1.0,0
1.2819,71,0,0.0569,,4,0,2,0,1.0,1
0.525,35,0,0.5372,10044.0,9,0,0,0,1.0,0
0.4291,49,0,0.3744,9920.0,10,0,0,0,0.0,0
0.5113,45,0,0.6427,7593.0,4,0,0,0,1.0,0
0.3548,35,0,0.5734,4020.0,11,0,0,0,0.0,0
0.0982,40,0,0.2403,3039.0,9,0,0,0,0.0,0
0.5143,59,0,0.5412,12730.0,9,0,1,0,1.0,0
0.8367,76,0,0.6147,1669.0,7,0,0,0,0.0,0
4.8714,62,0,0.9387,,5,0,2,0,0.0,0
0.4449,72,0,0.2197,5374.0,6,0,2,0,0.0,0
0.0937,21,0,0.973,7566.0,5,0,0,0,0.0,0
0.4872,49,0,0.3855,2574.0,14,0,0,0,2.0,0
0.9631,51,1,0.1367,12285.0,5,0,0,0,1.0,0
0.4364,67,0,1.1149,2447.0,9,0,0,0,3.0,1
0.1319,85,0,0.6561,,9,0,0,0,1.0,0
0.4685,58,0,0.9318,,11,0,0,0,0.0,0
2.8074,48,0,0.4732,,8,0,0,0,0.0,0
0.1164,43,0,0.8113,2627.0,5,0,3,0,1.0,0
0.2359,49,0,0.3169,5656.0,9,0,0,0,1.0,0
0.4426,33,0,0.0635,3546.0,12,0,2,0,,1
1.011,32,0,0.3679,5396.0,4,0,3,0,0.0,0
3.6966,56,1,0.6328,17530.0,8,0,0,1,0.0,0
0.0947,48,0,0.7644,1048.0,10,0,1,0,1.0,0
0.2177,44,0,1.1707,4123.0,8,0,0,0,3.0,0
0.2426,69,0,0.4244,8314.0,7,0,0,0,3.0,0
0.0535,95,0,0.5743,5282.0,6,0,0,0,2.0,0
0.2021,45,0,0.2981,4464.0,11,0,0,0,1.0,0
1.1109,39,0,0.613,,9,0,1,0,1.0,0
0.1212,69,0,0.351,6493.0,12,0,1,0,0.0,0
0.7097,36,0,0.304,3617.0,8,0,1,0,2.0,0
0.409,39,0,0.2436,10769.0,5,0,0,0,0.0,0
0.2212,60,0,0.6378,3222.0,6,0,1,0,1.0,0
0.2791,62,0,0.5716,6370.0,7,0,2,0,1.0,0
0.6316,51,0,0.4159,19197.0,16,0,1,0,0.0,0
0.1826,51,0,0.6327,5666.0,11,0,1,0,0.0,0
0.2337,78,0,0.3057,8791.0,14,0,2,0,0.0,0
0.3518,49,0,0.4158,1906.0,3,0,1,0,1.0,0
0.9758,69,0,0.2153,2982.0,5,0,1,0,0.0,0
0.1319,57,0,0.2782,7321.0,12,0,0,0,2.0,0
0.1955,74,0,0.218,7397.0,14,0,0,0,1.0,0
0.3532,39,0,0.3371,,14,0,1,0,0.0,0
0.3193,50,0,0.5277,3860.0,5,0,2,0,0.0,0
0.131,42,0,0.3586,,5,0,2,0,0.0,0
0.765,36,0,0.4433,5108.0,11,0,1,0,1.0,0
0.7765,73,0,0.5776,,5,0,0,0,1.0,1
0.4112,52,0,0.036,19662.0,10,0,2,0,0.0,0
3.4173,38,0,0.1807,,9,0,0,0,,1
0.6722,49,0,0.3714,,8,0,0,0,0.0,0
2.1794,26,0,0.5706,,12,0,1,0,2.0,0
5.9682,50,1,0.3672,,3,1,2,0,0.0,0
1.6437,62,0,0.4245,3178.0,10,0,0,0,0.0,0
0.4281,74,0,0.293,8178.0,7,0,0,0,1.0,0
0.5609,21,0,0.8231,,13,0,1,0,1.0,1
0.185,44,0,0.3942,4102.0,3,0,4,0,0.0,0
0.1153,59,0,0.968,4079.0,7,0,1,0,1.0,0
0.415,58,0,0.3127,1862.0,6,0,0,0,4.0,0
1.1983,43,0,0.3553,6300.0,4,0,0,0,0.0,0
0.2188,54,0,0.8748,5625.0,5,0,1,0,0.0,0
0.4198,46,0,0.3093,8978.0,10,0,2,0,0.0,0
0.2082,53,0,0.3064,12076.0,9,0,2,0,0.0,0
0.2973,72,0,0.3238,5471.0,6,0,1,0,0.0,0
0.3369,64,0,0.8875,1304.0,7,0,0,0,1.0,0
3.4216,37,0,0.3339,5345.0,7,0,1,0,0.0,0
0.0594,39,0,0.1134,18871.0,9,0,3,0,3.0,0
0.2949,61,0,0.2851,7123.0,10,0,0,0,0.0,0
0.8921,32,0,0.4637,4976.0,8,0,0,0,2.0,0
0.1303,57,0,0.1633,4659.0,6,0,0,0,1.0,0
0.7219,62,0,0.5457,3556.0,7,0,0,0,1.0,0
0.4233,45,0,0.5341,7291.0,10,0,1,0,0.0,0
0.9448,51,0,0.6598,4269.0,8,0,1,0,0.0,0
0.3957,65,0,0.8537,,1,0,1,0,3.0,0
0.1845,88,0,0.2144,6293.0,5,0,0,0,2.0,0
0.1683,61,0,0.5044,3018.0,9,0,0,0,0.0,0
0.8006,54,0,0.6546,3793.0,7,0,0,0,1.0,1
2.8974,34,0,0.3283,9165.0,6,0,0,0,1.0,0
0.8958,22,0,0.343,6577.0,9,0,1,0,2.0,0
1.3535,47,0,0.2891,3669.0,6,0,0,0,0.0,0
0.752,67,0,0.8329,2940.0,5,0,2,0,0.0,1
0.4586,58,0,0.1745,,6,0,0,0,0.0,0
0.4304,63,0,0.7691,2967.0,6,0,0,0,1.0,0
0.5034,57,0,0.526,13217.0,8,0,0,0,0.0,0
0.0373,60,0,0.5775,,4,0,1,0,0.0,0
0.1752,48,0,0.5381,,8,0,1,0,1.0,0
0.0476,65,2,0.6609,13093.0,10,0,1,0,0.0,0
0.3183,68,0,0.22,,10,0,1,0,1.0,0
0.554,57,0,0.1881,6873.0,14,0,0,0,0.0,0
0.6381,53,0,0.8355,9305.0,5,0,0,0,1.0,0
0.5836,23,0,0.3982,8532.0,12,0,3,0,1.0,0
0.0113,50,0,0.2331,845.0,3,0,2,0,1.0,0
0.0014,50,0,0.6375,4260.0,6,0,1,0,3.0,0
0.1818,55,1,0.2834,10008.0,4,0,1,0,0.0,0
1.1743,72,0,0.3659,4282.0,2,0,0,0,2.0,0
7.693,51,0,0.4695,,10,0,0,0,,1
0.8876,90,0,0.4425,2208.0,9,0,0,0,1.0,0
3.5876,52,0,0.2768,4746.0,8,0,0,0,1.0,0
0.535,64,0,0.6688,12552.0,4,0,0,0,0.0,0
0.2604,52,0,0.4494,,8,0,0,0,2.0,0
0.4647,31,0,0.4401,3082.0,1,0,0,0,0.0,0
0.0662,53,0,0.6073,4052.0,8,0,0,0,2.0,0
0.0505,41,0,0.5213,11208.0,3,0,0,0,0.0,0
1.5754,68,0,0.5691,12288.0,11,0,0,0,1.0,0
0.125,49,0,0.5129,4913.0,7,0,0,0,,0
0.2754,37,0,0.6407,12030.0,9,0,0,0,1.0,0
0.2482,68,0,0.6328,,10,0,2,0,1.0,0
0.2911,64,0,0.5354,8616.0,9,0,1,0,1.0,0
5.8404,74,4,0.4195,,10,0,1,0,1.0,0
0.0154,65,0,0.6594,,9,0,1,0,0.0,0
5.276,57,0,0.0614,7396.0,8,0,1,0,0.0,0
0.3376,56,0,0.3333,10420.0,9,0,1,0,1.0,0
0.0804,59,0,0.529,5067.0,12,0,1,0,3.0,0
0.7594,28,0,0.1416,8259.0,12,0,0,0,1.0,0
0.9111,37,0,1.3121,4515.0,8,0,0,0,1.0,0
0.8623,50,0,0.2592,10326.0,7,0,1,0,1.0,0
0.1,49,0,0.2953,3845.0,9,0,1,0,2.0,0
0.655,37,0,0.6401,8010.0,10,0,0,0,2.0,0
0.2406,21,0,0.4662,1592.0,11,0,1,0,0.0,0
0.011,52,0,0.8433,,6,0,0,0,0.0,0
0.2859,48,0,0.2723,,10,0,0,0,1.0,0
0.1239,36,0,0.5997,3274.0,6,0,3,0,0.0,0
0.4451,38,0,0.6174,5264.0,10,0,0,0,,0
0.4468,44,0,0.3021,6490.0,7,0,1,0,2.0,0
0.4647,28,3,0.0869,,2,2,2,0,0.0,0
0.4072,84,0,0.2165,3843.0,9,0,0,0,2.0,0
0.1404,53,0,0.4334,4270.0,11,0,1,0,1.0,0
0.4507,40,0,0.2584,,10,0,1,0,0.0,0
0.2009,76,0,0.1685,5817.0,9,0,2,0,0.0,0
1.0156,54,0,0.1463,6936.0,8,0,2,0,2.0,0
0.5852,32,0,0.7366,7746.0,9,0,1,0,0.0,0
0.2258,29,0,0.9769,2068.0,9,0,0,0,0.0,0
0.464,69,0,0.9787,3523.0,2,0,0,0,0.0,1
1.1084,46,0,0.6057,7054.0,9,0,2,0,2.0,0
0.4282,34,0,0.4216,10278.0,3,0,1,0,0.0,0
0.5573,39,0,0.7902,7971.0,8,0,1,0,0.0,0
1.5324,36,1,0.3088,,10,0,0,0,0.0,0
0.3414,65,0,0.4183,3782.0,9,0,1,0,1.0,0
0.1789,49,0,0.4812,9145.0,11,0,1,0,0.0,0
2.4663,48,0,0.164,3031.0,6,0,1,0,0.0,1
1.1289,65,0,0.319,6178.0,5,0,1,0,1.0,0
0.3419,40,0,0.8876,5475.0,11,0,1,0,0.0,0
3.8759,51,0,0.6786,,8,0,1,0,4.0,0
0.3478,68,0,0.4524,,8,0,0,0,1.0,0
0.8586,47,0,0.3329,,5,0,0,0,0.0,0
0.4024,38,0,0.122,3317.0,3,0,1,0,1.0,0
0.3811,31,0,1.0212,,12,0,1,0,1.0,0
0.0367,47,0,0.7619,7716.0,5,0,1,0,0.0,0
0.4406,71,0,0.3968,9968.0,8,0,0,0,1.0,0
0.1376,32,0,0.6248,3817.0,6,0,2,0,0.0,0
0.6928,51,3,1.1152,,16,0,1,0,0.0,0
0.4348,22,0,0.5652,4475.0,8,0,0,0,2.0,0
0.3602,61,0,0.3064,9333.0,8,0,0,0,2.0,0
0.6459,40,0,1.0216,10455.0,7,0,1,0,1.0,0
0.003,63,0,0.3469,2854.0,12,0,1,0,2.0,0
2.4679,60,0,0.1739,3984.0,8,0,0,0,2.0,1
0.0624,42,0,0.6115,1040.0,7,0,2,0,1.0,0
0.0093,42,0,0.547,,7,0,1,0,0.0,0
0.351,55,0,0.5473,4627.0,4,0,0,0,1.0,0
0.9357,42,0,0.5686,9043.0,7,0,1,0,0.0,0
0.3827,49,0,0.3307,,3,0,1,0,0.0,0
0.8766,83,0,0.6001,6905.0,8,0,1,0,1.0,0
0.0722,35,0,0.3917,,7,0,0,0,1.0,0
0.1847,82,0,0.3642,8666.0,6,0,0,0,1.0,0
0.7034,68,0,0.4431,,17,0,0,0,2.0,0
0.7616,48,0,0.6734,7474.0,9,0,1,0,1.0,0
0.1794,43,0,0.5639,3481.0,8,0,3,0,1.0,0
1.8085,44,0,0.1633,4355.0,15,0,0,0,,0
0.2831,84,0,0.6113,8351.0,7,0,2,0,0.0,0
0.2761,40,2,0.3901,1589.0,9,0,0,0,1.0,0
0.0857,37,0,0.2522,,5,0,0,0,2.0,0
0.0118,45,0,0.3687,6831.0,10,0,1,0,1.0,0
0.5373,38,0,0.5679,6886.0,11,0,0,0,2.0,0
0.1296,51,0,0.8963,7382.0,10,0,1,0,0.0,0
0.5152,48,0,0.451,14083.0,14,0,2,0,0.0,0
3.5926,43,0,0.712,5929.0,8,0,0,0,,0
0.4631,44,0,0.1329,13392.0,15,0,1,0,0.0,0
0.4809,52,0,0.4849,905.0,14,0,0,0,2.0,0
0.1645,68,1,0.5609,5601.0,13,0,0,0,3.0,0
0.0556,37,0,0.5563,,7,0,0,0,1.0,0
0.4524,66,0,0.8197,,6,0,0,0,0.0,0
0.115,70,0,0.6629,11692.0,6,0,0,0,0.0,0
0.4497,61,0,0.216,5860.0,9,0,0,0,,0
0.5186,74,0,0.3525,1998.0,7,0,1,0,2.0,0
0.122,68,0,0.4567,2216.0,14,0,4,0,1.0,0
0.1988,32,0,0.3238,,8,0,0,0,0.0,0
0.2632,27,0,0.576,38963.0,4,0,0,0,1.0,0
0.6996,36,0,0.4584,4672.0,5,0,0,0,1.0,0
0.1277,59,0,0.663,5681.0,12,0,0,0,0.0,0
1.4886,52,0,0.258,,11,0,0,0,1.0,0
0.0141,54,0,0.2536,2370.0,9,0,1,0,1.0,0
0.0588,62,0,0.3803,,8,0,0,0,0.0,0
0.6013,35,0,0.3419,7810.0,6,0,0,0,0.0,0
0.585,40,0,0.5747,5764.0,8,0,2,0,0.0,0
0.1671,25,0,0.2536,2494.0,4,0,0,0,0.0,0
0.1001,78,0,0.3735,2524.0,7,0,0,0,1.0,0
0.8631,56,0,0.4321,3685.0,9,0,1,0,0.0,0
4.0316,63,0,0.1826,,14,0,0,0,3.0,0
0.6757,47,0,0.4289,14250.0,10,0,0,0,2.0,0
0.7535,65,3,0.4386,5907.0,8,1,1,0,0.0,0
0.7767,33,0,0.6485,4217.0,12,0,0,0,0.0,0
1.5017,59,0,0.581,1631.0,10,0,0,0,0.0,0
0.2094,49,1,0.7287,5356.0,6,0,1,1,0.0,0
0.0599,56,0,0.696,3455.0,8,0,4,0,0.0,0
0.3798,51,0,0.7863,2804.0,11,0,2,0,0.0,0
0.5044,57,0,0.8072,2778.0,7,0,1,0,1.0,0
0.2197,25,0,0.2765,15117.0,6,0,1,0,0.0,0
0.0203,41,0,0.129,,9,0,0,0,0.0,0
1.099,61,1,0.6492,2380.0,10,0,0,0,0.0,0
0.5031,77,0,0.4744,9031.0,5,0,0,0,1.0,0
0.2588,41,0,1.0699,10742.0,8,0,1,0,0.0,0
1.2344,61,0,0.8951,9695.0,11,0,1,0,2.0,0
0.6589,60,0,0.274,3743.0,6,0,2,0,2.0,0
0.1314,56,0,0.6429,5783.0,11,0,1,0,1.0,0
0.3352,73,0,0.1298,3028.0,3,0,1,0,0.0,0
0.6325,45,0,0.2615,19200.0,7,0,2,0,0.0,0
0.7704,65,0,0.5937,6077.0,6,0,3,0,1.0,0
5.6504,49,0,0.5594,6825.0,6,0,1,0,0.0,0
0.8564,73,0,0.4513,,6,0,3,0,0.0,0
0.264,43,0,0.3128,9211.0,6,0,1,0,0.0,0
0.3859,55,0,0.5682,3138.0,12,0,2,0,1.0,0
0.5156,33,0,0.3296,,10,0,1,0,0.0,0
0.2137,42,0,0.2837,,13,0,1,0,1.0,0
0.0105,74,0,0.1506,1624.0,9,0,0,0,1.0,0
0.006,46,0,0.129,3375.0,4,0,1,0,1.0,0
0.6655,48,0,0.4245,,9,0,1,2,1.0,0
0.9535,65,0,0.7685,,5,0,1,0,0.0,0
0.2569,41,0,0.4068,,7,0,0,0,0.0,0
0.0588,52,0,0.4972,10103.0,3,0,1,0,2.0,0
0.4426,47,0,0.2756,8193.0,3,0,1,0,0.0,0
1.6232,56,1,0.9806,5226.0,7,0,2,0,1.0,0
0.7127,61,0,0.6557,9332.0,6,0,0,0,2.0,0
0.301,54,0,0.5136,4340.0,5,0,1,0,1.0,0
0.1388,24,0,0.8593,7688.0,3,0,2,0,0.0,0
0.4524,50,4,0.4629,1024.0,9,1,2,0,0.0,0
0.2135,43,0,0.1158,7810.0,12,0,2,0,1.0,0
0.1205,33,0,0.6632,,7,0,1,0,0.0,0
0.0776,21,0,0.0667,5980.0,4,0,0,0,0.0,1
0.2013,40,0,0.3749,5803.0,9,0,1,0,2.0,0
0.509,72,0,0.5345,8672.0,2,0,2,0,1.0,0
0.616,57,0,0.3496,6446.0,10,0,0,0,0.0,0
0.5212,63,0,0.2037,1204.0,8,0,0,0,2.0,1
0.6594,53,0,0.1898,9305.0,9,0,1,0,0.0,0
0.3564,71,0,0.8005,5348.0,5,0,0,0,1.0,0
0.4894,54,0,0.7964,5943.0,7,0,2,0,1.0,0
0.6588,58,0,0.3472,6027.0,9,0,0,0,0.0,0
0.738,49,0,0.3224,3336.0,5,0,0,0,2.0,0
0.2876,52,0,0.2219,2559.0,5,0,3,0,0.0,0
0.3126,49,0,0.3502,14767.0,5,0,2,0,0.0,0
0.0607,63,0,0.5072,4111.0,17,0,2,0,1.0,0
0.4142,65,1,0.1779,8018.0,2,0,3,1,1.0,0
0.1026,56,0,0.7908,1956.0,12,0,1,0,1.0,0
0.409,62,0,0.4557,5829.0,9,0,1,0,1.0,0
0.1724,51,0,0.3141,4309.0,7,0,0,0,0.0,0
0.2303,58,0,0.3629,6521.0,6,0,0,0,1.0,0
0.251,58,0,0.5135,6979.0,9,0,1,0,2.0,0
0.2243,36,1,0.5855,14160.0,8,1,0,1,3.0,0
0.2886,23,0,0.6952,23908.0,10,0,0,0,0.0,0
0.5659,67,0,1.1233,4211.0,8,0,3,0,0.0,1
3.1425,52,0,0.3531,8529.0,12,0,0,0,1.0,0
0.449,50,0,0.405,9910.0,10,0,1,0,0.0,0
0.2826,46,0,0.2413,6681.0,10,0,0,0,1.0,0
0.0785,48,0,0.7445,7610.0,5,0,1,0,1.0,0
0.0009,64,0,0.5921,2794.0,7,0,0,0,0.0,0
0.3,44,0,0.7464,3766.0,6,0,0,0,0.0,0
0.2092,50,0,0.5319,6421.0,8,0,1,0,1.0,0
0.1754,44,0,0.6576,14791.0,11,0,2,0,1.0,0
0.4597,72,0,0.3903,5476.0,14,0,2,0,0.0,1
0.4325,63,0,0.2072,2482.0,4,0,0,0,1.0,0
3.6178,84,0,0.173,6619.0,8,0,1,0,2.0,0
0.8186,52,0,0.1945,2511.0,8,0,0,0,0.0,0
0.8277,51,0,0.315,6787.0,8,0,0,0,0.0,0
0.6445,62,0,0.2572,4213.0,7,0,1,0,0.0,0
0.2116,39,0,0.2533,5707.0,10,0,1,0,0.0,0
0.1871,65,0,1.2185,19799.0,10,0,0,0,1.0,0
0.5778,54,0,0.0384,21295.0,10,0,1,0,0.0,0
0.3932,65,0,0.4879,10754.0,5,0,0,0,1.0,0
0.1468,43,0,0.8233,5642.0,5,0,1,0,2.0,0
0.2954,49,0,0.7179,6034.0,5,0,1,0,0.0,0
0.3653,56,0,0.4327,,5,0,0,0,1.0,0
9.7024,57,0,0.2215,3641.0,3,0,0,0,2.0,0
0.761,47,0,0.6432,1849.0,5,0,0,0,0.0,0
0.9085,66,1,0.7443,14640.0,6,0,0,0,1.0,0
0.1349,56,0,0.2679,,10,0,0,0,0.0,0
0.4699,60,0,0.7679,14532.0,6,0,1,0,1.0,0
0.0544,33,0,0.49,,9,0,0,0,,0
0.1847,29,0,0.524,8078.0,10,0,1,0,1.0,0
0.3562,42,0,0.4463,7291.0,7,0,1,0,0.0,0
0.729,61,0,1.0321,3478.0,8,0,1,0,1.0,0
0.7687,57,0,0.2127,7783.0,12,0,2,0,2.0,0
1.6957,74,0,0.1581,5687.0,12,0,0,0,0.0,0
1.0902,45,0,0.27,3744.0,7,0,1,0,2.0,0
0.2541,55,0,0.5032,2725.0,17,0,0,0,1.0,0
1.2503,38,2,0.4355,4573.0,2,0,0,2,1.0,0
0.7476,68,0,0.4315,2302.0,9,0,1,0,1.0,0
0.2704,45,0,0.3128,9804.0,7,0,0,0,0.0,0
0.4157,64,0,0.691,4352.0,4,0,0,0,1.0,0
0.4373,54,0,0.2634,5423.0,5,0,2,0,0.0,0
0.0871,45,0,0.6236,1714.0,5,0,1,0,0.0,0
0.6332,38,0,0.3851,3941.0,12,0,1,0,1.0,0
0.2117,60,0,0.523,17884.0,7,0,2,0,1.0,0
0.1657,47,2,0.2024,3654.0,6,0,0,0,0.0,0
0.0278,23,0,0.0582,,4,0,1,0,1.0,0
0.0179,82,0,0.5406,,3,0,1,0,0.0,0
0.1282,59,0,0.4035,8412.0,10,0,1,0,3.0,0
0.81,63,0,0.1496,3621.0,6,0,0,0,1.0,0
6.1971,44,0,0.9427,6324.0,2,0,1,0,1.0,0
0.0325,36,0,0.1336,,10,0,0,0,0.0,0
0.43,47,0,0.5674,6947.0,8,0,1,0,0.0,0
4.5973,70,0,0.3288,5458.0,6,0,1,0,1.0,0
0.7521,39,0,0.1024,4256.0,12,0,2,0,0.0,0
0.248,54,0,0.5491,2328.0,8,0,4,0,4.0,0
0.0122,42,0,0.6261,1552.0,11,0,1,0,0.0,0
0.4352,47,0,0.4997,4002.0,10,0,1,0,2.0,0
0.6184,70,0,0.5692,,11,0,1,0,0.0,0
0.9068,64,0,0.3112,,5,0,0,0,0.0,0
1.6136,59,0,0.5739,9268.0,10,0,0,0,1.0,0
0.2614,60,1,1.0161,4925.0,12,0,1,0,1.0,0
1.9397,40,0,0.1083,,5,0,2,0,0.0,0
0.6008,75,0,0.3959,8445.0,7,0,0,0,1.0,0
0.1425,48,0,0.2629,6181.0,6,0,1,0,0.0,0
0.4522,65,0,0.5121,4908.0,6,0,1,0,1.0,0
0.4426,78,0,0.461,3036.0,6,0,4,0,1.0,0
0.3398,42,0,0.0375,3700.0,10,0,0,0,0.0,0
0.6672,35,0,0.0578,,13,0,0,0,1.0,0
0.2161,57,0,0.2697,1735.0,7,0,0,0,1.0,0
0.7555,53,0,0.5107,12266.0,11,0,2,0,1.0,0
0.4294,58,1,0.3447,4428.0,10,0,0,0,0.0,0
0.1199,43,0,0.5142,4732.0,14,0,0,0,0.0,0
0.1699,46,0,0.0585,1393.0,6,0,1,0,0.0,0
0.4771,47,0,0.9768,7816.0,4,0,2,0,,0
0.0525,65,0,0.2294,13478.0,5,0,2,0,1.0,0
0.2295,62,0,0.2368,10099.0,6,0,0,0,0.0,0
0.1235,54,0,0.7474,3310.0,7,0,0,0,1.0,0
0.5437,91,0,0.1061,8457.0,9,0,1,0,1.0,0
0.2589,71,0,0.0384,3848.0,11,0,1,0,1.0,0
0.5278,41,0,0.493,2415.0,9,0,0,0,0.0,0
0.1689,50,0,0.7316,8924.0,12,0,0,0,0.0,0
0.3405,78,0,0.8195,5751.0,6,0,1,0,1.0,0
0.5078,45,0,0.1773,2594.0,15,0,0,0,0.0,1
0.9994,92,0,0.4232,2616.0,6,1,0,0,0.0,0
0.5533,56,0,0.056,4182.0,8,0,1,0,0.0,0
0.5034,63,0,0.3372,5576.0,9,0,0,0,0.0,0
1.1301,53,0,0.7075,2973.0,7,0,2,0,2.0,0
0.387,32,0,0.2498,4857.0,7,0,1,0,2.0,0
2.0361,65,1,0.3394,3039.0,9,0,3,0,1.0,0
0.1639,44,0,1.1039,7760.0,7,0,1,0,0.0,0
0.3693,57,0,0.17,2558.0,6,0,0,0,0.0,0
0.0213,70,0,0.7063,,7,0,0,0,1.0,0
0.2916,57,0,0.5091,2947.0,12,0,0,0,0.0,0
0.9929,36,0,0.3418,,7,0,0,0,1.0,0
0.3258,47,0,0.2763,6938.0,8,0,2,0,1.0,0
0.0288,25,0,0.9283,4563.0,7,0,1,0,1.0,0
0.027,45,0,0.5828,,4,0,2,0,0.0,0
0.1513,54,0,0.6215,,7,0,2,0,,0
0.0313,54,0,0.3239,,5,0,2,0,1.0,0
0.3233,54,0,0.2433,5067.0,6,0,1,0,0.0,0
0.635,50,0,0.1443,16644.0,10,0,2,0,3.0,0
0.1396,55,0,0.4513,4780.0,6,0,5,0,2.0,0
3.2447,40,0,1.0357,16995.0,4,0,0,0,0.0,0
0.1279,42,0,0.3975,,3,0,1,0,2.0,0
0.9493,43,0,0.6453,,8,0,1,0,0.0,0
0.3571,95,0,0.0799,4011.0,9,0,2,1,1.0,0
0.718,64,0,0.2813,2445.0,2,0,0,0,3.0,0
0.3347,82,0,0.6711,2570.0,6,0,1,0,1.0,0
0.5264,43,0,0.1413,,8,0,1,0,0.0,0
0.037,39,0,0.4699,8960.0,12,0,2,0,1.0,0
0.8875,35,0,0.4063,,11,0,0,0,0.0,0
0.8228,42,0,0.2066,,12,0,1,0,1.0,0
0.7516,42,0,0.6299,8057.0,3,0,2,0,0.0,0
0.0825,45,0,0.2272,,9,0,2,0,1.0,0
3.4521,47,0,0.927,,4,0,1,0,1.0,1
0.2128,58,0,0.9177,4823.0,8,0,0,0,0.0,0
0.0689,62,0,0.8965,,7,0,0,0,0.0,0
0.4001,62,0,0.5762,4790.0,10,0,0,0,1.0,0
0.4123,92,0,0.6,5112.0,13,0,0,0,0.0,0
0.4917,49,0,0.8251,,5,0,0,0,4.0,0
0.0827,79,0,0.5054,,7,0,0,0,1.0,0
2.2072,66,0,0.9093,,4,0,0,0,0.0,1
1.0003,67,1,0.408,5724.0,3,0,0,0,1.0,0
4.3713,57,0,0.8968,3427.0,11,0,3,0,0.0,0
0.4124,54,0,0.2755,3579.0,11,0,3,0,1.0,0
0.2116,78,0,0.3632,,11,0,2,0,0.0,0
0.5184,82,0,1.0658,,7,0,3,0,2.0,1
0.7947,55,0,0.6975,,10,0,1,0,1.0,0
0.0109,50,0,0.161,,7,0,1,0,2.0,0
0.4145,48,0,0.1651,1452.0,6,0,1,0,1.0,0
0.0031,57,0,0.4207,,7,0,1,0,0.0,0
0.2069,36,0,0.6406,4026.0,7,0,0,0,2.0,0
0.0652,27,0,0.9755,6350.0,9,0,1,0,3.0,0
0.128,47,0,0.3696,6830.0,8,0,2,0,2.0,0
0.6175,45,0,0.0924,4558.0,7,0,0,0,0.0,0
0.3375,43,0,0.9145,4519.0,9,0,1,0,0.0,0
2.5767,55,0,1.0121,6769.0,11,0,1,0,0.0,0
0.4891,65,0,1.5437,5965.0,6,0,1,0,2.0,0
0.2097,58,0,0.7626,6003.0,7,0,1,0,1.0,0
0.4931,63,0,0.5736,,7,0,0,0,0.0,1
0.3189,50,0,0.7299,,6,0,2,0,2.0,0
3.2516,55,0,0.2523,3309.0,6,0,1,0,1.0,0
0.523,70,0,0.8001,5320.0,9,0,0,0,0.0,0
0.4666,39,0,0.7793,4582.0,12,0,1,0,0.0,0
0.3309,55,0,0.3898,7427.0,9,0,0,0,0.0,0
0.5891,55,0,0.5564,7906.0,6,0,1,0,1.0,0
0.4983,47,0,0.7714,1929.0,14,0,1,0,2.0,0
0.187,54,0,0.4168,,8,0,0,0,3.0,0
0.6306,65,0,0.0369,3853.0,9,0,0,0,2.0,0
0.0419,40,3,0.4521,3801.0,10,0,1,1,0.0,0
0.5835,65,0,0.7164,13091.0,7,0,2,0,1.0,0
0.1822,63,0,0.1373,4540.0,4,0,2,0,1.0,0
0.4001,26,0,0.43,1358.0,8,0,0,0,2.0,0
0.7189,39,0,0.3334,5710.0,8,0,0,0,0.0,0
1.3101,63,0,0.5413,8529.0,9,0,1,0,0.0,0
0.5769,75,0,0.5291,6733.0,5,0,1,0,0.0,0
0.6907,56,0,0.4038,13875.0,7,0,0,0,3.0,0
0.1292,53,0,0.1765,3171.0,5,0,1,0,0.0,0
3.0841,50,0,0.4308,877.0,5,0,1,0,0.0,0
0.2511,63,0,0.2214,6693.0,7,0,0,0,1.0,0
0.3051,41,0,0.502,4013.0,6,0,1,0,0.0,0
0.0506,60,0,0.0653,,9,0,1,0,0.0,0
0.3502,47,0,0.2593,6554.0,7,0,1,0,0.0,0
0.168,30,0,0.4434,2704.0,14,0,2,0,1.0,0
0.0875,42,0,0.1744,1824.0,5,0,0,0,2.0,0
0.8057,46,0,0.3476,6468.0,9,0,0,0,0.0,0
0.7569,39,0,0.5477,,9,0,0,0,0.0,0
0.1126,78,0,0.4776,7889.0,0,0,0,0,0.0,0
0.5524,47,0,0.847,,15,0,1,0,1.0,1
0.6394,36,0,0.601,5682.0,14,0,1,0,1.0,0
0.0692,68,0,0.549,5421.0,3,0,2,0,0.0,0
0.0455,36,0,0.2568,2190.0,10,0,0,0,2.0,0
0.4084,31,0,0.3371,4285.0,10,0,1,0,0.0,0
0.8274,73,0,0.2205,,9,0,0,0,0.0,0
0.7356,44,0,0.349,1485.0,8,0,0,0,0.0,0
0.5328,64,0,0.1434,3180.0,8,0,4,0,1.0,0
0.1889,75,0,0.8455,5004.0,7,0,1,0,1.0,0
3.6015,29,0,0.5388,,13,0,1,0,1.0,0
0.069,40,0,0.3706,4853.0,6,0,0,0,0.0,0
0.0857,51,0,0.9306,5688.0,8,0,0,0,0.0,0
1.5918,69,0,0.5245,5111.0,6,0,1,0,1.0,1
0.6149,61,0,0.9342,7448.0,9,0,1,0,1.0,0
0.0912,55,0,0.7551,,9,0,0,0,1.0,0
0.7846,60,0,0.1619,,8,0,1,0,0.0,0
0.5953,42,0,0.1724,4347.0,7,0,2,0,0.0,0
0.6953,61,0,0.9037,19795.0,7,0,2,0,3.0,0
0.4795,50,0,0.5492,8218.0,5,0,1,0,2.0,0
0.1975,61,0,0.2762,5181.0,7,0,0,0,1.0,0
0.4189,44,0,0.4067,5397.0,7,0,1,0,0.0,0
1.8218,52,3,0.3142,14276.0,7,1,1,2,,0
0.1994,40,0,0.5649,7564.0,1,0,0,0,0.0,0
0.3535,55,0,0.3919,,8,0,1,0,0.0,0
0.2367,48,0,1.0025,2882.0,8,0,2,0,1.0,0
0.2028,46,0,0.3081,2947.0,5,0,0,0,1.0,0
0.3945,53,0,0.7964,3972.0,7,0,1,0,0.0,0
0.4547,27,0,0.6672,8482.0,8,0,1,0,1.0,0
1.986,67,0,0.3832,9378.0,9,0,1,0,0.0,0
0.2149,37,0,0.5087,6169.0,8,0,0,0,1.0,0
0.0918,44,0,0.7819,,6,0,1,0,0.0,0
0.9023,42,0,0.6839,6209.0,12,0,0,0,0.0,0
0.0673,26,0,0.6503,,9,0,1,0,1.0,0
0.3972,64,0,0.5909,,6,0,0,0,0.0,0
0.1428,53,0,0.2109,6118.0,8,0,0,0,0.0,0
0.5144,53,0,0.4284,7243.0,3,0,0,0,0.0,0
0.0209,79,0,0.221,3526.0,7,0,0,0,0.0,0
0.4843,43,0,0.5507,3845.0,6,0,2,0,1.0,0
0.495,27,0,0.762,6511.0,5,0,2,0,0.0,0
0.5055,59,0,0.7166,9329.0,7,0,1,0,3.0,0
0.0435,61,0,1.0502,5575.0,7,0,1,0,2.0,0
0.3508,21,1,0.7675,6401.0,10,0,1,0,0.0,0
1.8559,30,0,0.5946,,5,0,1,0,0.0,0
0.0231,60,0,0.1742,6144.0,7,0,1,0,0.0,0
2.098,50,0,0.4073,,5,0,0,0,0.0,0
0.1721,63,0,0.2436,,12,0,0,0,2.0,0
0.9064,53,2,0.5827,4294.0,12,0,0,1,1.0,0
1.7545,56,0,0.3307,3062.0,9,0,1,0,1.0,0
0.2848,58,0,1.4186,,9,0,0,0,0.0,0
0.4347,53,0,0.4882,3480.0,6,0,1,0,0.0,0
0.0098,48,0,0.7904,2172.0,8,0,2,0,1.0,0
0.0472,42,0,0.6726,,7,0,2,0,2.0,0
0.0391,66,0,1.2061,2521.0,14,0,1,0,3.0,0
0.0649,79,0,0.361,,14,0,0,0,0.0,0
0.2027,64,0,0.1885,2583.0,6,0,0,0,3.0,0
0.2352,42,0,0.7115,,7,0,2,0,0.0,0
0.0435,37,0,0.4088,,9,0,1,0,0.0,0
1.6241,33,0,0.2773,3391.0,12,0,0,0,0.0,0
0.3023,50,0,0.1289,8012.0,9,0,5,0,0.0,0
0.2608,53,0,0.0925,5080.0,2,0,1,0,0.0,0
0.2245,46,0,0.6942,5053.0,5,0,2,0,0.0,0
0.6301,66,0,0.7254,3823.0,6,0,4,0,1.0,0
2.8538,49,0,0.4679,3439.0,4,0,0,0,0.0,0
0.1655,51,0,0.9953,9073.0,4,0,1,0,2.0,0
0.9849,39,1,0.4252,,12,0,1,0,0.0,0
4.2069,62,0,0.7772,5681.0,6,0,2,0,0.0,0
2.9965,46,3,0.4391,4494.0,11,0,1,1,,0
0.2643,21,0,0.3295,3966.0,6,0,3,0,1.0,0
0.7344,66,0,0.6091,6978.0,7,0,0,0,0.0,0
0.6781,34,0,0.8346,5000.0,7,0,1,0,0.0,0
0.2493,34,0,0.6663,5514.0,8,0,2,0,2.0,0
0.475,32,0,0.8234,,7,0,1,0,0.0,0
0.4549,58,0,0.3175,4210.0,6,0,0,0,1.0,1
0.6132,36,0,0.1451,10988.0,5,0,0,0,3.0,0
0.0239,55,0,0.2127,,10,0,1,0,0.0,0
0.2711,49,0,0.1142,,9,0,1,0,0.0,0
0.8608,56,0,0.9863,4156.0,11,0,3,0,0.0,0
0.3288,73,0,0.7532,7357.0,11,0,0,0,0.0,0
0.0363,70,0,0.2851,,9,0,1,0,1.0,0
0.1698,51,0,0.7487,4090.0,10,0,0,0,0.0,0
0.2927,83,0,0.2925,7422.0,8,0,1,0,2.0,1
0.9669,48,2,0.3453,8557.0,3,0,1,0,1.0,0
0.2219,35,0,0.7654,6267.0,9,0,1,0,0.0,0
0.0168,33,0,0.5891,9739.0,6,0,2,0,0.0,0
0.2324,59,2,0.434,13927.0,5,0,1,0,3.0,0
0.2276,35,1,0.4227,4692.0,3,0,2,1,2.0,0
0.535,58,0,0.7973,3163.0,13,0,4,0,1.0,0
0.4494,63,0,0.7909,10826.0,12,0,2,0,0.0,0
0.0824,55,0,0.1973,9191.0,9,0,0,0,0.0,0
0.6814,53,0,0.6117,12812.0,3,0,2,0,1.0,0
0.9818,53,0,0.5162,4786.0,8,0,0,0,0.0,0
0.0696,46,0,0.3998,5023.0,9,0,2,0,1.0,0
0.0613,68,0,1.1031,1377.0,11,0,1,0,2.0,0
0.3865,60,0,0.7813,,7,0,1,0,1.0,0
0.2403,39,0,0.1273,,8,0,2,0,0.0,0
0.6539,21,0,0.6942,,8,0,2,0,0.0,1
4.4184,75,0,0.3916,,10,0,2,0,1.0,0
0.8169,65,0,0.5541,12323.0,8,0,0,0,1.0,0
0.1592,66,0,0.4795,4110.0,11,0,0,0,0.0,0
4.1663,34,3,0.6104,1267.0,12,0,0,0,0.0,0
0.1977,38,0,0.3921,,10,0,0,0,2.0,0
0.4454,61,0,0.5924,4464.0,6,0,0,0,1.0,0
0.258,48,0,0.6437,6877.0,10,0,1,0,1.0,0
0.262,50,0,0.2279,6049.0,9,0,0,0,0.0,0
0.6827,70,0,0.2188,10927.0,6,0,1,0,0.0,0
0.1164,53,0,0.357,6961.0,6,0,0,0,0.0,0
0.6722,55,0,0.7364,6848.0,11,0,0,0,0.0,0
0.9195,65,0,0.6768,5632.0,12,0,2,0,1.0,0
6.3978,38,0,1.1558,3237.0,10,0,2,0,1.0,0
0.6506,56,0,1.0253,3792.0,11,0,0,0,1.0,0
3.4235,79,0,0.326,3218.0,11,0,0,0,0.0,0
0.225,68,0,0.6346,6338.0,5,0,1,0,2.0,0
0.1358,46,1,0.5095,1682.0,7,0,5,0,1.0,0
0.4652,55,0,0.0827,13895.0,9,0,1,0,0.0,0
0.2214,42,0,0.927,3765.0,11,0,0,0,1.0,0
0.2273,50,0,0.4142,8449.0,11,0,0,0,0.0,0
0.2048,45,0,0.7478,,6,0,0,0,0.0,0
0.3278,50,0,0.7492,9620.0,8,0,4,0,0.0,0
0.3599,64,0,0.4902,4124.0,4,0,1,0,1.0,0
0.5257,41,0,0.8433,5900.0,9,0,2,0,2.0,0
0.4011,68,0,0.4151,,10,0,0,0,1.0,0
2.183,76,0,0.28,4662.0,14,0,0,0,,0
0.4832,31,0,0.9809,5290.0,5,0,0,0,0.0,0
1.0235,54,0,0.4981,17554.0,5,0,1,0,0.0,0
0.0557,54,0,0.6312,5070.0,11,0,1,0,1.0,0
0.8003,61,0,0.6181,9793.0,4,0,0,0,1.0,0
0.0962,54,0,0.5276,3324.0,7,0,2,0,2.0,0
0.4282,51,0,0.2032,7707.0,4,0,0,0,0.0,0
0.3067,76,0,0.9183,5568.0,6,0,1,0,,0
0.1869,71,0,0.7652,,9,0,2,0,1.0,0
0.6641,48,0,0.346,3169.0,9,0,0,0,2.0,0
0.1659,54,0,0.1603,26104.0,12,0,1,0,0.0,0
0.3735,60,0,0.5144,11370.0,9,0,0,0,0.0,0
0.1213,34,0,0.4019,,6,0,2,0,3.0,0
0.1619,63,0,0.502,2978.0,6,0,0,0,1.0,0
6.3445,31,1,0.6426,6786.0,6,0,1,0,0.0,0
0.3451,64,0,0.0235,6658.0,3,0,0,0,1.0,0
0.6369,46,0,0.1971,7257.0,8,0,1,0,0.0,0
0.814,38,0,0.134,4140.0,5,0,2,0,1.0,0
0.0698,56,0,0.5018,4397.0,6,0,1,0,1.0,0
0.0478,55,0,0.7872,10685.0,7,0,1,0,1.0,0
0.0106,26,0,0.3294,2941.0,11,0,1,0,0.0,0
0.3203,26,0,0.2327,4726.0,10,0,1,0,1.0,0
5.5061,49,1,0.2932,7444.0,10,0,2,0,2.0,0
0.1671,26,0,0.1188,6038.0,7,0,0,0,0.0,1
0.2176,45,0,0.6705,2993.0,3,0,2,0,0.0,0
0.0822,64,0,0.5599,3888.0,7,0,3,0,2.0,0
0.8757,58,0,0.4703,12572.0,7,0,1,0,0.0,0
0.2663,44,0,0.3801,,9,0,1,0,2.0,0
0.1517,46,0,0.3736,3897.0,6,0,0,0,2.0,0
0.1513,59,0,0.2431,4272.0,7,0,3,0,1.0,0
0.3028,43,0,0.3702,4306.0,10,0,1,0,0.0,0
0.5498,27,0,0.3035,2040.0,6,0,1,0,0.0,0
0.0364,43,0,0.5427,,13,0,2,0,1.0,0
0.3878,58,0,0.8959,6036.0,10,0,1,0,0.0,0
0.4831,33,0,0.221,,15,0,3,0,1.0,0
0.8982,66,0,0.551,,5,0,1,0,1.0,0
0.8595,42,0,0.9511,5809.0,5,0,1,0,1.0,0
0.6677,80,0,0.2881,10705.0,6,0,1,0,1.0,0
0.8987,46,0,0.6348,6738.0,12,0,0,0,1.0,0
1.9799,70,0,0.6679,3601.0,7,0,0,0,0.0,1
0.3082,52,0,0.0869,,6,0,0,0,0.0,0
0.8631,31,0,0.5373,2312.0,8,0,1,0,1.0,0
0.0741,55,0,0.745,,11,0,2,0,1.0,0
0.2602,33,0,0.3413,3144.0,13,0,2,0,1.0,0
0.5651,31,0,0.7699,3438.0,10,0,0,0,1.0,0
0.2937,63,0,0.5503,8363.0,9,0,2,0,6.0,0
0.4165,57,0,0.3159,14688.0,9,0,0,0,0.0,0
0.0336,43,0,0.3659,13458.0,8,0,1,0,0.0,0
0.8407,50,0,0.2674,2232.0,2,0,2,0,1.0,0
0.7821,47,0,0.6277,6096.0,8,0,1,0,1.0,0
0.4597,43,0,0.1628,6342.0,9,0,2,0,1.0,1
0.4157,44,0,0.9062,14063.0,5,0,1,0,1.0,0
0.7042,50,0,0.4415,4029.0,12,0,1,0,1.0,0
0.8215,48,0,0.772,5683.0,1,0,1,0,1.0,0
0.1365,48,0,0.1011,1564.0,6,0,1,0,,0
2.241,55,0,0.6778,,8,0,1,0,2.0,0
0.1513,68,0,0.8024,,7,0,1,0,1.0,0
0.9173,70,0,0.4,13149.0,16,0,1,0,1.0,0
0.1953,62,0,0.9545,4457.0,8,0,0,0,1.0,0
0.0201,60,0,0.4953,,4,0,0,0,1.0,0
0.0539,45,0,0.2335,3206.0,10,0,1,0,0.0,0
0.3654,38,0,0.5554,1504.0,8,0,1,0,3.0,0
0.7583,50,0,0.2129,11959.0,8,0,0,0,1.0,0
0.1917,55,0,0.7746,,13,0,2,0,2.0,0
0.8052,44,0,0.3458,,6,0,2,0,,0
0.6249,30,0,0.8792,11279.0,4,0,0,0,,0
0.1507,69,0,0.0983,15370.0,14,0,2,0,0.0,0
0.4585,50,0,0.3841,2920.0,6,0,0,0,1.0,0
1.3834,68,0,0.2288,2010.0,8,0,1,0,1.0,1
0.4109,50,0,1.0636,3708.0,8,0,0,0,0.0,0
2.2115,66,0,0.5903,9207.0,12,0,0,0,1.0,0
0.612,58,0,0.579,2577.0,8,0,1,0,2.0,0
0.8241,67,0,0.3432,30290.0,8,0,1,0,1.0,0
0.8098,62,0,0.419,,10,0,2,0,1.0,0
0.4489,50,0,0.3508,6500.0,8,0,0,0,0.0,0
0.8872,52,0,0.5141,3862.0,11,0,3,0,0.0,1
0.0716,76,0,0.4087,5476.0,8,0,1,0,1.0,0
0.0263,48,0,0.9343,3103.0,6,0,0,0,0.0,0
0.1461,58,0,0.1352,,9,0,0,0,0.0,0
0.8108,59,0,0.5029,,5,0,0,0,0.0,0
0.2709,62,0,0.2785,4117.0,5,0,0,0,1.0,0
0.0917,49,0,0.4443,13390.0,6,0,0,0,1.0,0
0.21,67,0,0.4103,4005.0,8,0,0,0,1.0,0
0.139,53,0,0.3548,6258.0,5,0,0,0,1.0,0
0.2373,28,0,0.5735,9826.0,11,0,1,0,3.0,0
0.3498,53,0,0.2179,,6,0,2,0,0.0,0
0.275,57,0,0.327,10594.0,2,0,0,0,1.0,0
1.1256,48,0,0.4809,20083.0,11,0,1,0,0.0,0
0.5219,52,0,0.7799,4577.0,6,0,1,0,1.0,0
0.3402,54,3,0.078,,9,0,2,1,2.0,0
0.8056,67,0,0.5789,1975.0,8,0,1,0,0.0,0
0.4755,58,0,0.3148,,8,0,3,0,2.0,0
0.0459,74,0,0.7227,3752.0,8,0,1,0,1.0,0
0.4378,39,0,0.4741,3004.0,11,0,0,0,1.0,1
0.0804,43,0,0.3883,3327.0,9,0,1,0,1.0,0
0.7084,61,0,0.4909,4157.0,12,0,2,0,0.0,1
0.0714,61,0,0.1104,4069.0,10,0,0,0,0.0,0
1.3557,65,2,0.5742,5755.0,10,0,1,2,0.0,0
1.187,48,0,0.8451,7912.0,11,0,1,0,1.0,0
2.585,41,0,1.4978,15162.0,8,0,0,0,1.0,0
0.4686,48,0,0.1636,,10,0,2,0,2.0,0
0.3934,21,0,0.2618,2615.0,7,0,1,0,0.0,0
0.0949,65,0,0.9132,3817.0,12,0,0,0,1.0,0
1.5489,44,0,0.2892,3651.0,6,0,1,0,2.0,1
0.5995,40,0,1.0445,3164.0,5,0,2,0,2.0,0
0.4617,54,0,0.3609,,9,0,0,0,1.0,0
0.2672,71,0,0.1126,3581.0,7,0,2,0,0.0,0
0.1357,60,0,0.4792,6983.0,7,0,0,0,1.0,0
0.4878,48,0,0.7896,,9,0,0,0,0.0,0
0.0724,61,0,1.0565,5017.0,7,0,1,0,2.0,0
0.4819,58,0,0.2539,3421.0,6,0,2,0,0.0,0
2.8201,75,0,1.0041,6217.0,6,0,1,0,0.0,0
0.3211,67,0,0.4424,8363.0,9,0,1,0,3.0,0
0.2608,48,0,0.5256,,5,0,1,0,2.0,0
0.0986,53,0,0.375,3301.0,7,0,1,0,2.0,0
1.1766,55,0,0.2577,3979.0,8,0,1,0,1.0,0
0.3902,25,0,0.5897,10145.0,7,0,2,0,1.0,0
0.0984,21,0,0.3273,,6,0,1,0,,0
0.787,54,1,0.1945,,6,0,0,0,1.0,0
1.8415,63,0,0.6884,5920.0,12,0,2,0,0.0,0
2.1181,91,0,0.4881,7916.0,6,0,2,0,2.0,0
1.6942,50,0,0.955,6553.0,15,0,0,0,1.0,0
0.0082,48,0,0.0606,6214.0,8,0,0,0,0.0,0
0.2825,69,0,0.2911,3604.0,8,0,0,0,0.0,0
0.7964,37,0,1.0517,36677.0,4,0,5,0,0.0,0
0.0521,78,0,0.6453,1182.0,9,0,2,0,2.0,0
0.5021,39,0,0.6089,,4,0,0,0,0.0,1
0.7373,58,0,0.3241,3169.0,8,0,0,0,0.0,0
0.1358,53,0,0.4516,,4,0,0,0,1.0,0
0.6511,33,0,0.492,3550.0,2,0,1,0,1.0,0
0.2048,46,0,0.5472,2212.0,9,0,1,0,1.0,0
0.9051,38,0,0.5302,,11,0,1,0,0.0,0
1.2298,45,2,0.5861,2782.0,6,0,1,0,0.0,0
0.0684,68,0,0.0776,9689.0,4,0,1,0,2.0,0
3.023,26,0,0.0731,4121.0,6,0,2,0,2.0,0
0.1091,24,0,0.8136,,8,0,2,0,0.0,1
1.7509,51,0,0.7349,,9,0,0,0,3.0,1
0.2503,34,0,0.2816,6953.0,9,0,0,0,0.0,0
0.277,62,0,0.2744,8093.0,6,0,1,0,1.0,0
0.1128,52,0,0.7359,5499.0,6,0,0,0,0.0,0
2.9249,65,0,0.0791,6379.0,8,0,1,0,1.0,0
0.1871,27,0,1.2175,3820.0,7,0,0,0,1.0,0
2.1991,55,0,0.463,13737.0,5,0,0,0,0.0,0
0.2592,89,0,0.6257,15189.0,6,0,0,0,0.0,0
0.0208,62,0,0.7191,9275.0,8,0,0,0,0.0,0
0.0477,61,0,0.145,10678.0,4,0,2,0,0.0,0
0.2572,66,0,0.0299,1494.0,9,0,0,0,1.0,0
0.1537,45,0,0.512,6286.0,10,0,2,0,1.0,0
0.0944,45,0,0.9385,4632.0,7,0,1,0,2.0,0
0.1356,35,0,0.4487,3526.0,7,0,2,0,2.0,0
0.2916,55,0,0.2731,,8,0,1,0,0.0,0
0.9489,88,0,0.6445,2974.0,9,0,1,0,1.0,0
0.0145,61,0,0.2425,3958.0,9,0,0,0,2.0,0
0.3476,30,0,0.2253,1318.0,8,0,0,0,2.0,0
0.9963,43,0,1.2076,4320.0,6,0,0,0,0.0,0
0.5155,62,0,0.6711,19784.0,9,0,1,0,1.0,0
0.1863,56,0,0.2098,17740.0,16,0,0,0,0.0,0
1.0707,49,0,0.4069,3409.0,7,0,3,0,,0
0.1588,41,0,0.9905,9089.0,5,0,2,0,0.0,0
0.3192,36,0,0.2944,,14,0,2,0,3.0,0
0.1768,32,0,0.6035,5515.0,9,0,3,0,1.0,0
0.3076,73,0,0.0574,2215.0,10,0,1,0,2.0,0
0.0539,56,0,0.2551,4995.0,13,0,0,0,1.0,0
0.2573,67,1,0.1124,,7,0,0,0,1.0,0
0.0556,54,0,0.5422,6131.0,12,0,1,0,2.0,0
0.6613,55,0,0.5774,3655.0,9,0,0,0,1.0,0
0.5498,50,0,0.903,,5,0,2,0,1.0,0
4.5257,47,1,0.2218,5557.0,12,1,0,1,,0
0.3362,34,0,0.451,7392.0,20,0,1,0,1.0,0
5.349,42,0,0.8319,4005.0,11,0,1,0,1.0,0
0.5273,29,0,0.7154,2186.0,8,0,2,0,1.0,0
0.2353,36,0,0.4052,2800.0,11,0,2,0,1.0,0
0.6084,52,0,0.2018,1756.0,6,0,2,0,0.0,0
0.7805,46,0,0.5533,32378.0,5,0,2,0,1.0,0
0.5341,51,0,0.5683,,9,0,0,0,1.0,0
0.485,69,0,0.4898,,6,0,1,0,0.0,1
0.6314,62,1,0.3633,9566.0,9,0,2,0,1.0,0
0.0489,55,0,0.2273,9445.0,6,0,0,0,0.0,0
4.9047,34,0,0.521,,11,0,0,0,0.0,0
0.1018,36,0,0.4285,22027.0,5,1,1,0,1.0,0
0.5193,43,0,0.8456,1216.0,12,0,1,0,1.0,1
0.3258,41,0,0.3251,2752.0,9,0,0,0,0.0,0
0.201,23,0,0.4557,2951.0,4,0,1,0,0.0,0
0.4762,73,0,0.3425,13845.0,8,0,1,0,0.0,0
0.1368,55,0,0.5959,1739.0,6,0,3,0,1.0,0
0.9338,60,0,0.0802,7725.0,2,0,0,0,1.0,0
0.1296,47,0,0.551,8633.0,13,0,2,0,1.0,0
0.2684,56,0,0.4781,1885.0,8,0,3,0,0.0,0
0.4726,51,0,0.8484,1941.0,4,0,1,0,1.0,0
0.2975,66,0,0.4322,5482.0,7,0,0,0,0.0,0
0.1752,62,0,0.7427,4840.0,17,0,1,0,0.0,0
0.3478,48,1,0.2235,8901.0,14,0,1,0,0.0,0
0.0037,32,0,0.1847,8358.0,7,0,0,0,1.0,0
0.0616,35,0,0.4087,2668.0,8,0,0,0,0.0,0
1.6663,45,0,0.1369,3686.0,4,0,1,0,0.0,0
0.4556,53,0,0.6739,2588.0,7,0,2,0,0.0,0
0.7729,35,0,0.7945,5660.0,8,0,1,0,0.0,0
0.4553,48,0,0.3161,14392.0,9,0,1,0,1.0,0
0.9711,66,0,0.4885,,8,0,4,0,0.0,0
0.2663,64,0,1.0116,5871.0,6,0,1,0,0.0,0
0.0895,47,0,0.9052,3510.0,7,0,1,0,0.0,0
0.4133,52,0,1.0325,3637.0,9,0,2,0,0.0,0
0.0246,69,0,0.1887,,7,0,0,0,0.0,0
0.0903,72,0,0.3816,12601.0,5,0,4,0,0.0,0
1.0989,56,3,0.2161,8583.0,9,0,4,0,2.0,0
0.9329,64,0,0.4531,3564.0,2,0,1,0,2.0,0
0.5392,65,0,0.5158,13237.0,5,0,0,0,1.0,0
0.4793,49,0,0.4261,,4,0,2,0,0.0,0
0.2554,44,0,0.9374,3621.0,4,0,1,0,0.0,0
0.2196,64,0,0.2682,6107.0,2,0,1,0,0.0,0
0.0471,71,0,0.2656,3726.0,6,0,0,0,1.0,0
0.3887,44,0,0.2389,3981.0,5,0,0,0,0.0,0
1.0604,42,0,0.1999,8876.0,5,0,0,0,2.0,0
0.0721,45,0,0.6664,1055.0,5,0,0,0,1.0,0
0.5396,27,0,0.6921,7657.0,5,0,0,0,1.0,0
0.1238,28,0,0.2424,3303.0,8,0,0,0,1.0,0
0.2067,31,0,0.1901,4894.0,5,0,2,0,,0
0.1885,49,0,0.129,6384.0,10,0,0,0,1.0,0
1.1149,44,0,0.2138,3971.0,11,0,3,0,0.0,0
0.3919,43,0,0.5395,3884.0,9,0,0,0,0.0,0
0.0936,48,0,0.5431,8292.0,10,0,1,0,2.0,0
0.4242,71,0,0.6826,8774.0,4,0,1,0,1.0,0
0.1316,55,0,0.394,10337.0,9,0,0,0,1.0,0
0.8597,51,0,0.1101,2892.0,4,0,2,0,1.0,0
0.9139,59,0,0.6981,3792.0,11,0,0,0,1.0,0
0.6793,41,0,0.8995,10497.0,15,0,1,0,0.0,0
0.0704,51,0,0.1873,4914.0,9,0,2,0,1.0,0
2.2252,40,1,0.6035,2774.0,6,0,3,0,1.0,0
0.2782,26,0,0.2596,10090.0,8,0,3,0,0.0,0
0.387,48,1,0.1505,18897.0,9,0,0,0,0.0,0
0.6531,51,0,0.788,9866.0,6,0,0,0,0.0,0
0.3341,45,0,0.7796,2615.0,9,0,0,0,1.0,0
5.4516,68,0,1.0449,1605.0,6,0,0,0,0.0,0
0.4808,53,0,0.6468,,8,0,1,0,2.0,0
0.6578,60,0,0.2674,9995.0,6,0,1,0,0.0,0
1.3161,33,0,0.8612,7132.0,10,0,1,0,1.0,0
0.0113,68,0,0.3314,6807.0,9,0,3,0,1.0,0
0.2335,58,0,0.1809,,7,0,4,0,0.0,0
2.0098,75,0,0.1344,5982.0,12,0,2,0,1.0,0
0.2482,68,0,0.9558,3349.0,7,0,0,0,2.0,0
1.399,25,0,0.1835,4353.0,6,0,1,0,0.0,0
0.4597,36,0,0.3816,,8,0,0,0,0.0,0
0.1547,37,0,0.4671,3285.0,10,0,1,0,0.0,0
0.6744,54,0,0.6927,9427.0,12,0,1,0,0.0,0
0.4391,66,0,0.727,9340.0,5,0,1,0,0.0,0
0.351,48,0,1.1599,,12,0,0,0,1.0,0
1.8281,56,0,0.2815,4156.0,6,0,0,0,0.0,0
0.1516,39,0,0.4631,2754.0,7,0,1,0,0.0,0
0.0129,42,0,0.595,6349.0,13,0,0,0,0.0,0
0.67,58,0,0.4937,9198.0,14,0,0,0,0.0,0
0.9307,65,0,0.336,7250.0,14,0,2,0,0.0,0
0.4512,59,0,0.7085,3174.0,14,0,0,0,1.0,0
1.1306,42,0,0.2853,3595.0,7,0,0,0,0.0,0
0.1378,41,0,0.2648,5470.0,9,0,0,0,1.0,0
0.6813,43,0,0.2577,,7,0,2,0,1.0,0
1.3115,54,0,0.7871,7836.0,7,0,2,0,0.0,0
0.7019,75,0,0.7517,,8,0,0,0,1.0,0
0.9709,49,1,0.5027,,8,0,2,0,,0
0.2983,53,0,0.5997,2433.0,10,0,1,0,0.0,0
0.7872,66,0,0.2446,1090.0,6,0,2,0,2.0,0
5.7707,60,0,0.7961,6077.0,7,0,2,0,1.0,0
0.1215,61,0,0.1011,2750.0,12,0,4,0,0.0,0
0.8927,52,0,0.2793,1361.0,11,0,1,0,4.0,1
0.4243,58,0,0.4346,,8,0,1,0,1.0,0
0.4212,55,0,0.6153,,2,0,2,0,2.0,0
0.0215,31,0,0.5648,10784.0,7,0,1,0,0.0,0
0.1966,38,0,0.4812,17303.0,6,0,2,0,3.0,0
0.2342,46,0,0.093,8005.0,9,0,0,0,1.0,0
0.3296,42,1,0.5625,2330.0,5,0,1,1,1.0,0
0.5107,42,0,0.9378,3602.0,7,0,2,0,2.0,0
0.3001,80,0,0.5123,,4,0,3,0,2.0,0
0.1855,56,0,0.1724,4802.0,9,0,2,0,0.0,0
0.2133,69,0,1.2495,23316.0,4,0,0,0,1.0,0
0.6468,21,0,0.3329,,8,0,0,0,0.0,1
0.2819,76,0,0.7288,8269.0,8,0,0,0,0.0,0
0.0192,37,0,0.5905,2726.0,7,0,0,0,0.0,0
0.4084,74,1,0.4289,6405.0,10,0,0,0,0.0,0
1.052,44,0,0.7041,5706.0,8,0,0,0,2.0,0
1.3998,36,0,0.5876,2693.0,8,0,0,0,0.0,0
0.1119,60,0,0.4062,11302.0,10,0,1,0,1.0,0
0.159,33,0,0.4358,,6,0,1,0,0.0,0
0.364,49,0,0.702,,3,0,2,0,1.0,0
0.0928,31,0,0.1999,6593.0,11,0,1,0,2.0,0
1.1305,86,0,0.4037,5075.0,10,0,0,0,3.0,0
0.3271,39,0,0.3295,,7,0,1,0,0.0,0
1.5012,61,0,0.3728,,5,0,3,0,0.0,0
0.0119,56,0,0.0793,3634.0,13,0,0,0,0.0,0
4.2447,60,2,1.2453,6585.0,6,0,0,0,0.0,0
0.5175,46,0,0.466,9208.0,14,0,3,0,1.0,0
5.1186,57,0,0.1219,15322.0,11,0,3,0,0.0,0
0.4603,81,0,0.3026,6833.0,4,0,2,0,0.0,0
1.9825,51,0,0.4744,1964.0,11,0,2,0,0.0,0
0.62,44,0,0.4746,3907.0,8,0,3,0,1.0,0
0.387,40,0,0.4558,8073.0,10,0,1,0,1.0,0
0.336,55,0,0.2263,,7,0,0,0,2.0,0
0.2713,46,0,0.5043,19985.0,8,0,0,0,0.0,0
0.598,45,0,0.2997,2878.0,4,0,1,0,3.0,0
2.5134,52,0,0.3272,,14,0,2,0,0.0,0
0.1454,41,0,0.7588,,6,0,2,0,0.0,0
1.9467,52,0,0.0626,2537.0,10,0,2,0,0.0,0
0.6956,39,0,0.2961,5681.0,7,0,0,0,,0
0.3549,67,0,0.3395,18174.0,9,0,1,0,0.0,0
0.0398,34,0,1.0026,,9,0,2,0,1.0,0
0.1037,43,0,0.6481,,3,0,1,0,0.0,0
0.6484,77,0,1.1013,3248.0,6,0,1,0,0.0,0
0.1027,43,1,0.2792,6378.0,11,0,1,0,2.0,0
0.619,44,0,0.7511,1407.0,11,0,1,0,1.0,0
0.3218,48,0,0.7788,,8,0,1,0,1.0,0
0.5255,63,0,0.8354,,6,0,1,0,0.0,1
0.6319,30,0,0.27,3757.0,6,0,2,0,0.0,0
0.0764,57,0,0.6363,,11,0,2,0,1.0,0
0.4168,30,0,0.8854,,10,0,0,0,,0
0.0203,75,0,0.4014,3347.0,4,0,2,0,2.0,0
2.7351,45,0,0.4726,4306.0,10,0,3,0,,0
0.1713,21,0,0.547,,9,0,0,0,1.0,0
0.0776,74,0,0.7141,5280.0,4,0,2,0,,0
0.0622,66,0,0.3511,5003.0,7,0,1,0,1.0,0
0.7736,42,0,0.2034,4253.0,7,0,1,0,0.0,1
0.6396,36,0,0.6181,5430.0,9,0,1,0,0.0,0
0.2667,36,0,1.2197,,10,0,0,0,0.0,0
0.3932,38,0,0.3402,8280.0,5,0,3,0,1.0,0
0.3462,58,0,0.3231,,3,0,0,0,1.0,0
0.2111,63,0,0.3567,3974.0,13,0,3,0,0.0,0
0.6417,21,0,0.4496,,4,0,2,0,1.0,0
0.3663,48,0,0.2152,2616.0,6,0,3,0,1.0,0
2.8975,55,0,0.5634,4261.0,6,0,1,0,1.0,0
0.3074,35,1,0.2043,5099.0,13,0,0,0,1.0,0
0.039,64,0,0.2618,5430.0,12,0,0,0,1.0,0
0.6753,22,1,0.6017,10915.0,8,2,1,0,2.0,0
0.2156,43,0,0.3128,10324.0,7,0,0,0,0.0,0
0.7803,63,0,0.4604,,6,0,2,0,0.0,0
0.2828,49,0,0.7319,7165.0,9,0,1,0,1.0,0
0.4288,37,0,0.6013,7368.0,6,0,2,0,1.0,0
0.1544,57,0,1.0993,6020.0,12,0,1,0,0.0,0
0.9476,35,0,0.1953,2402.0,11,0,1,0,2.0,0
0.192,64,0,0.3676,6388.0,10,0,1,0,0.0,0
0.2466,34,0,0.3657,3880.0,8,0,0,0,2.0,0
0.0585,68,0,0.3007,4532.0,8,0,1,0,0.0,0
0.8116,66,0,0.3135,,9,0,1,0,0.0,0
0.6565,81,0,1.0094,11361.0,4,0,2,0,,0
6.5435,44,0,0.6244,30978.0,5,0,0,0,0.0,0
0.4153,55,0,0.0378,15046.0,11,0,1,0,1.0,0
1.0444,34,0,0.447,2516.0,8,0,4,0,1.0,0
0.5937,72,0,1.6453,9487.0,7,0,0,0,0.0,0
1.3956,49,0,0.3653,2397.0,10,0,0,0,3.0,0
0.3822,72,0,0.4742,10071.0,5,0,0,0,2.0,0
0.2458,67,0,0.1637,20388.0,8,0,1,0,2.0,0
0.7542,49,0,0.3334,,10,0,0,0,2.0,0
0.3739,52,0,0.659,4996.0,9,0,1,0,0.0,0
0.0479,51,0,0.3164,3071.0,8,0,0,0,1.0,0
0.9166,52,0,0.3649,8231.0,6,0,3,0,0.0,0
0.1334,52,0,0.6231,7929.0,8,0,2,0,1.0,0
0.2168,37,0,0.9664,,9,0,1,0,1.0,0
0.2994,55,0,0.445,,7,0,0,0,0.0,0
0.4217,57,0,0.6464,10402.0,12,0,1,0,0.0,0
0.0456,31,0,0.4656,3716.0,10,0,0,0,1.0,0
0.5201,73,0,0.3199,6654.0,9,0,2,0,1.0,0
0.1128,22,0,0.3015,1316.0,5,0,1,0,2.0,0
0.266,57,0,0.4401,18491.0,6,0,0,0,1.0,0
0.5777,43,0,0.1738,,10,0,0,0,1.0,1
0.0666,37,0,0.0734,7202.0,6,0,0,0,0.0,0
0.0561,47,0,0.0411,,6,0,0,0,2.0,0
0.5253,42,0,0.3035,6068.0,11,0,1,0,1.0,0
0.733,67,0,1.0244,4637.0,7,0,0,0,2.0,0
3.293,23,0,0.577,,9,0,1,0,0.0,1
0.0935,38,0,0.3288,4551.0,10,0,0,0,0.0,0
1.3544,52,0,0.284,9520.0,7,0,1,0,1.0,0
1.0192,36,0,0.563,5669.0,7,0,1,0,0.0,0
0.1318,49,0,0.5007,2294.0,12,0,1,0,1.0,0
0.2127,58,0,0.5045,5137.0,9,0,0,0,0.0,0
0.0648,36,0,0.0541,,8,0,0,0,0.0,0
0.0462,36,0,0.3129,925.0,4,0,1,0,0.0,0
1.4915,31,0,0.3554,3549.0,11,1,0,1,0.0,0
0.8378,34,0,0.4658,,4,0,0,0,1.0,0
1.2402,61,0,0.4878,8427.0,8,0,0,0,2.0,0
0.8402,48,0,0.2334,15091.0,5,0,1,0,2.0,0
0.0777,40,0,0.4924,2993.0,3,0,0,0,1.0,0
0.6796,30,0,0.4015,10826.0,9,0,1,0,1.0,0
0.1643,42,0,0.3561,1781.0,9,0,0,0,0.0,0
0.442,44,0,0.6451,6516.0,10,0,3,0,1.0,0
0.6874,24,0,0.2856,6183.0,2,0,2,0,1.0,0
0.1697,55,0,0.3153,4460.0,18,0,1,0,2.0,0
0.1352,38,0,0.5614,4586.0,10,0,0,0,2.0,0
0.5169,39,0,0.5896,8058.0,17,0,1,0,1.0,0
6.1186,49,0,1.1421,4251.0,6,0,1,0,0.0,1
0.4509,58,0,0.2364,,7,0,1,0,0.0,0
0.1297,27,0,0.9215,5282.0,5,0,1,0,0.0,0
0.2815,39,0,0.6762,,7,0,0,0,1.0,0
0.897,40,0,0.3565,5290.0,14,0,0,0,0.0,0
0.1467,29,0,0.554,2032.0,8,0,1,0,1.0,0
0.1731,63,0,0.8774,5020.0,4,0,0,0,1.0,0
0.777,60,0,0.3034,5397.0,5,0,3,0,1.0,0
0.4828,45,0,0.5887,3722.0,8,0,1,0,1.0,0
0.0148,46,0,0.6572,5859.0,10,0,1,0,1.0,0
0.1856,71,0,0.2541,4819.0,6,0,1,0,1.0,0
0.3418,37,0,0.7226,12972.0,12,0,1,0,1.0,0
0.2286,35,0,0.9768,12421.0,7,0,1,0,1.0,0
0.4026,58,0,0.2537,,13,0,0,0,1.0,0
0.115,36,0,0.6168,2979.0,5,0,4,0,1.0,0
0.1262,53,0,0.5597,,14,0,1,0,1.0,0
0.8531,40,0,0.4643,,7,0,0,0,0.0,0
0.1163,43,0,0.9974,6831.0,6,0,3,0,2.0,0
2.2878,49,0,0.0821,1810.0,8,0,1,0,1.0,0
0.1037,28,0,0.2124,13279.0,5,0,4,0,0.0,1
0.2454,71,0,0.5653,5062.0,9,0,0,0,0.0,0
0.2122,55,0,0.2024,10410.0,11,0,1,0,2.0,0
0.4653,43,0,0.2529,,12,0,0,0,1.0,0
0.7267,34,0,0.5105,2642.0,5,0,1,0,1.0,0
0.3338,23,0,1.1495,,10,0,3,0,0.0,0
0.2809,63,0,0.7006,,11,0,0,0,0.0,0
4.3191,51,0,0.919,7046.0,6,0,1,0,1.0,0
3.5248,21,0,0.7135,10459.0,6,0,0,0,1.0,0
0.1812,57,0,0.8032,3460.0,6,0,0,0,1.0,0
0.3295,54,0,0.204,5186.0,8,0,1,0,1.0,0
0.6898,77,0,0.2248,,9,0,1,0,0.0,0
0.5795,86,0,0.4132,1827.0,11,0,0,0,4.0,0
0.059,56,0,0.5131,,7,0,1,0,0.0,0
0.1417,74,0,0.1155,3275.0,11,0,1,0,2.0,0
0.4254,59,0,0.0855,4316.0,8,0,2,0,1.0,0
2.3899,54,0,0.3178,3498.0,5,0,1,0,0.0,0
0.5904,39,0,0.5227,2001.0,6,0,1,0,0.0,0
0.125,61,0,0.3445,7741.0,9,0,1,0,0.0,0
0.4989,53,0,0.5469,13728.0,4,0,2,0,3.0,0
0.0086,50,0,0.5168,6067.0,10,0,2,0,1.0,0
0.245,60,0,0.6065,4637.0,9,0,0,0,2.0,0
0.4889,47,0,0.3234,16879.0,13,0,0,0,2.0,0
0.2447,31,0,0.5229,8118.0,9,0,4,0,1.0,0
0.3412,38,0,0.1392,5713.0,9,0,1,0,0.0,0
0.2031,48,0,0.5868,3752.0,16,0,1,0,2.0,0
0.1337,50,0,0.5297,11413.0,10,0,1,0,0.0,0
0.4836,57,0,0.1027,3280.0,5,0,0,0,1.0,0
0.4242,49,0,0.7629,3736.0,13,0,0,0,0.0,0
0.6359,61,0,1.0817,2942.0,10,0,2,0,2.0,0
2.7415,59,0,0.7259,4079.0,11,0,3,0,,0
0.447,64,0,0.7374,5917.0,10,0,2,0,1.0,0
0.4649,21,0,0.6788,1392.0,14,0,3,0,0.0,0
0.3274,57,0,0.0633,,9,0,0,0,0.0,0
0.0779,72,0,0.3012,3964.0,10,0,1,0,,0
0.1345,56,0,0.6765,,6,0,2,0,0.0,0
0.2513,44,0,0.7145,,11,0,0,0,3.0,0
0.3937,64,0,0.4591,4086.0,11,0,1,0,1.0,0
0.348,73,0,0.2907,4330.0,6,0,0,0,1.0,0
2.6996,63,0,0.9183,9112.0,11,0,3,0,1.0,0
0.1021,21,0,0.3943,6544.0,11,0,0,0,1.0,1
0.0092,62,0,0.2609,6592.0,10,0,1,0,0.0,0
0.5626,56,0,0.3995,7145.0,9,0,0,0,2.0,0
0.3802,43,0,0.7764,3037.0,12,0,1,0,1.0,0
0.7584,72,1,0.4174,2149.0,3,0,1,0,0.0,0
0.2743,32,0,0.8432,,7,0,1,0,0.0,0
0.0543,60,0,0.7706,8256.0,11,0,0,0,1.0,0
0.5706,60,0,0.0794,4653.0,8,0,1,0,1.0,0
0.8957,48,2,0.4548,11979.0,13,0,1,0,0.0,0
0.1913,57,0,0.3694,,11,0,1,0,0.0,0
2.7624,79,0,0.3405,7629.0,6,0,0,0,1.0,0
0.5598,52,0,0.6909,14962.0,5,0,0,0,1.0,0
0.1083,50,0,0.5731,6669.0,6,0,0,0,0.0,0
0.1797,49,0,0.355,2330.0,5,0,0,0,1.0,0
0.0559,37,0,0.4016,72413.0,8,0,0,0,0.0,0
0.1677,53,0,0.4393,3670.0,12,0,2,0,0.0,0
0.4232,35,0,0.9271,4103.0,5,0,1,0,0.0,0
0.1909,48,0,0.2503,4511.0,7,0,0,0,0.0,0
0.0847,60,0,0.4401,10173.0,7,0,2,0,0.0,0
0.1168,53,0,0.7116,19111.0,10,0,0,0,1.0,0
0.153,32,0,0.3124,,10,0,0,0,0.0,0
1.0844,49,1,0.7983,8218.0,9,0,0,1,1.0,0
0.2391,62,0,0.4208,,12,0,2,0,3.0,0
0.6765,42,0,0.1482,7620.0,7,0,3,0,4.0,0
5.9947,60,2,0.7124,2032.0,7,0,1,0,2.0,0
0.9416,42,0,1.222,5863.0,8,0,0,0,0.0,0
0.1233,72,0,0.6979,9574.0,14,0,1,0,1.0,0
0.1928,51,0,0.2848,1978.0,7,0,2,0,1.0,0
0.3163,65,0,0.6961,3629.0,10,0,1,0,0.0,0
0.7163,60,0,0.2627,6462.0,8,0,1,0,2.0,0
0.6969,76,0,0.3758,7136.0,3,0,2,0,1.0,0
0.8257,67,0,0.3516,,7,0,2,0,1.0,0
3.04,56,0,0.851,3788.0,11,0,1,0,1.0,0
0.3015,49,0,0.7009,4840.0,11,0,0,0,0.0,0
0.4023,37,0,0.7477,8107.0,7,0,2,0,0.0,0
0.2137,34,0,0.7158,5370.0,11,0,2,0,0.0,0
0.6901,41,0,0.922,8176.0,3,0,1,0,0.0,0
0.3475,33,0,0.1596,6707.0,7,0,0,0,1.0,0
0.4993,43,0,0.4455,3470.0,11,0,1,0,1.0,0
0.0442,42,0,0.2346,2761.0,7,0,1,0,2.0,0
0.5839,63,0,0.0973,1914.0,8,0,0,0,2.0,0
0.2004,64,0,0.2165,12510.0,6,0,1,0,2.0,0
0.6245,34,0,0.3554,2068.0,7,0,1,0,1.0,0
0.3649,28,0,0.6749,6840.0,5,0,2,0,,0
0.1192,43,0,0.5333,2076.0,8,0,1,0,0.0,0
0.5969,56,0,0.5892,,10,0,0,0,2.0,0
0.4312,24,0,0.6107,,11,0,1,0,0.0,0
0.2464,82,0,0.4035,8180.0,9,0,1,0,0.0,0
0.1844,57,0,0.4727,8799.0,6,0,0,0,2.0,0
0.3386,49,0,0.3861,26724.0,8,0,0,0,0.0,0
0.0176,35,0,0.4888,2800.0,8,0,1,0,1.0,0
0.0534,63,2,0.8969,7968.0,5,0,1,4,0.0,0
0.228,44,0,0.3998,,12,0,3,0,1.0,0
0.6615,29,0,0.6657,4922.0,13,0,3,0,0.0,0
0.5007,45,0,1.1193,3867.0,6,0,3,0,1.0,0
0.5353,58,0,0.5306,,12,0,1,0,1.0,0
0.6656,56,0,0.4282,,3,0,0,0,0.0,0
0.4301,69,0,1.0241,,6,0,0,0,1.0,1
0.2982,44,0,0.4142,,7,0,1,0,1.0,0
0.1888,43,0,0.2482,7726.0,13,0,3,0,0.0,0
0.3716,49,0,0.5584,,9,0,0,0,3.0,0
0.3989,43,2,0.4919,13704.0,10,0,1,0,0.0,0
0.2206,57,0,0.1445,4979.0,8,0,1,1,1.0,0
0.6586,41,0,0.0892,3060.0,10,0,2,0,1.0,0
0.0163,40,0,0.2093,3519.0,9,0,2,0,0.0,0
0.3531,52,0,0.9495,3742.0,10,0,2,0,1.0,0
0.4978,56,2,0.2635,,8,1,0,2,1.0,0
0.2955,37,0,0.5826,4615.0,5,0,0,0,2.0,0
0.1295,50,0,0.1138,12073.0,14,0,1,0,,0
0.427,68,0,0.3893,6816.0,9,0,0,0,2.0,0
0.6354,85,0,0.25,2733.0,4,0,2,0,0.0,0
0.2198,67,0,0.3762,5557.0,11,0,0,0,0.0,0
0.3269,49,0,0.4966,5227.0,5,0,2,0,1.0,0
2.4494,48,0,0.0483,6074.0,6,0,2,0,1.0,0
0.2222,62,0,0.9906,2273.0,8,0,3,0,2.0,0
0.0364,57,0,0.7669,10171.0,5,0,2,0,0.0,0
1.8872,51,0,0.2603,4397.0,12,0,1,0,1.0,0
0.1692,29,0,0.9762,,6,0,1,0,0.0,0
0.1096,57,0,0.4351,2874.0,4,0,1,0,1.0,0
0.9281,55,0,0.4291,9300.0,7,0,1,0,0.0,0
0.0899,46,0,0.3942,15925.0,16,0,1,0,0.0,0
0.1312,62,0,0.4846,,6,0,0,0,1.0,0
0.2648,63,0,0.765,7864.0,11,0,0,0,0.0,0
0.634,36,0,0.1764,2479.0,4,0,0,0,0.0,0
0.1885,59,0,0.1952,6910.0,10,0,0,0,0.0,0
0.1749,70,0,0.3205,,8,0,1,0,2.0,0
0.0611,59,1,0.1346,4201.0,11,0,0,0,0.0,0
1.3972,62,0,0.3093,,7,0,0,0,,0
0.673,43,0,0.5068,4392.0,10,0,3,0,0.0,0
2.7811,47,0,0.5039,4871.0,11,0,2,0,0.0,0
0.4855,56,0,0.6048,,10,0,0,0,0.0,0
0.9409,56,0,0.6759,,5,0,0,0,1.0,0
0.573,36,0,0.3972,,8,0,0,0,0.0,0
0.8437,56,0,1.3283,4513.0,7,0,1,0,0.0,0
0.3532,55,0,0.3571,3295.0,8,0,1,0,1.0,0
0.1444,38,0,0.6641,,9,0,1,0,1.0,0
0.2145,60,0,0.1113,,7,0,2,0,0.0,0
0.1945,41,0,0.1007,6116.0,12,0,2,0,0.0,0
1.0747,55,0,0.0537,7253.0,7,0,1,0,1.0,0
0.0802,41,0,0.3829,2546.0,7,0,0,0,2.0,0
0.4435,47,0,0.2258,2346.0,10,0,2,0,0.0,0
0.4947,48,0,0.4053,8858.0,10,0,3,0,2.0,0
0.0162,53,0,0.5602,3830.0,10,0,0,0,0.0,0
0.6326,27,0,0.3245,15544.0,10,0,0,0,2.0,0
0.4415,59,0,0.3093,,5,0,2,0,2.0,0
0.1532,66,0,1.2552,6971.0,7,0,1,0,1.0,0
0.2125,31,0,0.0868,,6,0,0,0,,0
5.4059,70,0,0.3423,7276.0,7,0,0,0,0.0,0
1.2303,75,0,0.4895,5589.0,5,0,1,0,2.0,0
0.0167,21,0,0.2239,10271.0,8,0,1,0,0.0,0
0.0788,30,0,0.6138,,5,0,2,0,3.0,0
0.0241,75,0,0.4672,7925.0,8,0,2,0,2.0,0
0.2276,44,0,0.1405,,7,0,2,0,1.0,0
0.2711,36,0,0.3578,10265.0,8,0,3,0,1.0,1
0.3293,60,0,0.3381,,7,0,2,0,1.0,0
0.2355,38,0,0.7572,5120.0,10,0,2,0,0.0,0
0.5666,55,0,0.4151,2185.0,9,0,2,0,1.0,0
0.5001,74,0,0.6168,8059.0,3,0,1,0,1.0,0
1.4876,28,0,0.7241,12682.0,7,0,0,0,1.0,0
4.2994,54,0,0.3294,4917.0,7,0,1,0,1.0,0
0.5945,36,0,0.4368,14858.0,5,0,1,0,1.0,0
0.1181,67,0,0.672,3571.0,7,0,1,0,1.0,0
0.2405,53,0,0.5762,3500.0,5,0,2,0,1.0,0
0.672,59,0,0.3767,,4,0,2,0,2.0,0
0.0575,47,0,0.4342,2234.0,3,0,1,0,1.0,0
0.3591,70,0,0.1723,5585.0,7,0,0,0,1.0,0
0.37,34,0,0.4513,10151.0,11,0,0,0,0.0,0
0.6682,64,0,0.1358,12143.0,8,0,3,0,1.0,0
0.5273,74,0,0.323,6032.0,6,0,1,0,1.0,0
0.3148,70,0,0.3209,7601.0,5,0,0,0,1.0,0
0.737,71,0,0.5512,3661.0,6,0,1,0,0.0,0
2.2701,44,1,0.4875,4725.0,9,0,0,0,1.0,0
0.0599,57,0,0.3654,7491.0,6,0,1,0,,0
0.8145,81,0,1.062,4328.0,7,0,0,0,0.0,0
1.5856,70,0,1.1218,,6,0,1,0,0.0,1
2.7811,66,0,0.4406,6557.0,10,0,0,0,1.0,0
4.4658,58,0,0.124,2807.0,11,0,0,0,1.0,0
0.8853,31,0,0.8138,2940.0,8,0,3,0,2.0,0
0.9529,23,0,0.7176,745.0,6,0,1,0,3.0,1
0.2127,66,0,0.7339,5340.0,10,0,0,0,0.0,0
1.5114,46,0,0.0247,,9,0,2,0,2.0,0
0.6624,65,0,0.8378,6970.0,8,0,0,0,0.0,0
0.919,48,0,0.8771,2347.0,8,0,0,0,1.0,0
0.5162,48,0,0.5906,10679.0,8,0,1,0,2.0,0
0.0137,37,0,0.4392,2045.0,4,0,0,0,0.0,0
0.3062,32,0,0.7093,6019.0,12,0,3,0,1.0,0
3.3858,86,0,0.6591,,6,0,1,0,0.0,0
0.4398,48,0,0.2109,2496.0,9,0,1,0,1.0,0
0.7311,55,0,0.8589,,4,0,1,0,2.0,0
1.5476,73,0,0.1739,5194.0,4,0,0,0,3.0,0
0.6431,71,1,0.7767,,7,0,2,0,0.0,0
0.8095,46,0,0.8017,4652.0,10,0,3,0,0.0,0
0.5297,50,0,0.7483,,12,0,1,0,0.0,0
0.1502,46,0,0.2625,4852.0,3,0,0,0,0.0,0
0.4035,49,0,0.7883,6576.0,8,0,0,0,1.0,0
0.2492,55,0,0.5552,6794.0,9,0,0,0,1.0,0
0.4338,56,0,0.2997,3245.0,7,0,1,0,1.0,0
0.3769,66,0,0.7956,5203.0,9,0,1,0,0.0,0
0.0174,43,0,0.6401,,4,0,0,0,0.0,0
2.3907,42,0,0.8435,5831.0,8,0,0,0,1.0,0
0.1847,43,0,0.9684,18461.0,8,0,1,0,1.0,0
0.0454,67,0,0.9227,,6,0,1,0,2.0,0
0.759,53,0,0.0185,,11,0,0,0,1.0,0
1.6598,75,0,0.4976,24539.0,6,0,1,0,2.0,0
0.4829,55,0,0.245,1873.0,8,0,0,0,0.0,0
0.6588,67,0,0.8237,4793.0,10,0,3,0,2.0,0
0.3033,68,0,1.1563,6453.0,6,0,0,0,1.0,0
0.4416,50,0,0.6437,7757.0,4,0,3,0,1.0,0
0.6742,54,0,0.4068,8266.0,7,0,1,0,0.0,0
0.1427,43,0,0.6155,5495.0,9,0,0,0,2.0,0
2.1617,43,0,0.3997,2035.0,9,0,1,0,0.0,0
0.0359,50,0,0.6551,5987.0,5,0,2,0,1.0,0
0.288,59,0,0.7747,9829.0,5,0,0,0,1.0,0
0.3548,47,0,0.097,6883.0,8,0,4,0,1.0,0
0.2432,51,0,0.2012,7328.0,7,0,1,0,0.0,0
0.599,39,0,0.3504,,6,0,0,0,0.0,0
0.7847,64,0,0.6982,4945.0,11,0,0,0,1.0,0
0.1468,39,0,0.7276,4256.0,9,0,2,0,3.0,0
0.402,70,0,0.3565,11142.0,6,0,1,0,,0
0.4583,43,0,0.5679,4170.0,7,0,0,0,1.0,1
0.5129,60,0,0.0875,7391.0,8,0,2,0,1.0,0
3.5825,50,0,0.3646,4283.0,9,0,1,0,1.0,0
1.1426,47,0,0.2359,17063.0,15,0,0,0,0.0,0
0.1725,49,1,0.1347,6180.0,7,0,1,0,,1
2.0426,61,0,0.2667,16442.0,8,0,2,0,1.0,0
0.45,39,0,0.7162,1875.0,7,0,1,0,2.0,0
0.5734,46,0,0.7076,5623.0,5,0,3,0,0.0,0
0.2761,83,0,0.3625,2987.0,10,0,1,0,1.0,0
0.1237,81,0,0.7805,,9,0,0,0,0.0,0
3.5296,60,0,0.8542,,8,0,2,0,1.0,0
2.2483,50,0,0.7533,,8,0,0,0,0.0,0
0.3577,65,0,0.2678,5248.0,12,0,3,0,0.0,0
0.6756,43,0,0.4877,4474.0,4,0,1,0,0.0,0
0.3203,76,0,0.3261,15512.0,8,0,2,0,0.0,0
1.5438,79,0,0.2648,,14,0,2,0,0.0,0
0.3265,66,0,0.6708,1978.0,9,0,1,0,0.0,0
0.1875,52,0,0.2608,,10,0,0,0,2.0,0
2.6136,39,0,0.5285,11449.0,6,0,2,0,2.0,0
0.3221,36,0,0.3871,4049.0,13,0,0,0,0.0,0
0.4041,63,0,0.1957,,8,0,0,0,1.0,0
0.9976,57,0,0.5902,7385.0,10,0,1,0,0.0,0
16.9624,66,0,0.496,4288.0,8,0,2,0,2.0,0
4.84,59,0,0.1298,5233.0,5,0,2,0,0.0,0
0.3226,81,0,0.0346,2384.0,8,0,1,0,1.0,0
0.0197,62,0,0.4151,4080.0,8,0,2,0,0.0,0
0.7576,40,0,0.4632,3633.0,7,0,2,0,1.0,0
9.6568,45,0,0.3712,8478.0,7,0,1,0,0.0,0
0.7382,74,0,0.1049,27960.0,7,0,2,0,0.0,0
0.7366,56,0,0.1066,2978.0,4,0,1,0,0.0,0
0.2092,57,0,0.3301,7534.0,5,0,1,0,1.0,0
0.7408,34,0,0.2892,7678.0,10,0,2,0,2.0,0
1.218,44,0,0.634,10648.0,4,0,1,0,1.0,0
0.6489,81,0,0.2809,8915.0,10,0,1,0,2.0,0
0.07,63,0,0.5625,5500.0,4,0,1,0,1.0,0
0.2572,64,0,0.3503,9678.0,8,0,0,0,2.0,0
3.6409,43,0,0.6519,,9,0,3,0,3.0,1
0.3849,39,0,0.5088,11325.0,12,0,0,0,1.0,0
0.3527,49,0,0.6225,8487.0,6,0,1,0,0.0,0
0.0877,58,0,1.3058,2995.0,12,0,2,0,0.0,0
0.4661,42,0,0.19,,12,0,0,0,2.0,0
0.6491,50,0,0.3269,8233.0,9,0,1,0,1.0,0
0.3952,55,0,0.4621,4004.0,9,0,0,0,0.0,0
0.3551,28,0,0.8178,19621.0,9,0,1,0,,0
0.5152,61,0,0.9351,3991.0,8,0,1,0,1.0,0
0.9426,37,0,0.4817,1543.0,10,0,1,0,0.0,0
0.1953,67,0,0.1547,,12,0,2,0,0.0,0
0.3714,43,0,0.2725,3513.0,9,0,0,0,1.0,0
0.1241,33,0,0.3284,4759.0,15,0,0,0,0.0,0
3.115,33,0,0.4825,9384.0,6,0,0,0,2.0,0
0.2128,31,0,0.3184,2779.0,6,0,2,0,1.0,0
3.8425,35,0,0.6939,6924.0,12,0,0,0,1.0,0
0.1375,44,0,0.1209,6369.0,10,0,4,0,0.0,0
1.0207,65,0,0.38,5184.0,6,0,1,0,2.0,0
0.1475,21,0,0.3568,,9,0,0,0,0.0,0
0.3166,38,0,0.2338,,11,0,3,0,1.0,0
0.7253,82,0,1.224,15449.0,8,0,4,0,1.0,0
0.7645,45,0,0.5629,4514.0,7,0,1,0,2.0,0
0.2154,59,3,0.4934,5810.0,8,4,0,0,1.0,1
0.5628,59,0,1.0492,15202.0,7,0,0,0,0.0,0
0.1037,42,0,0.4859,4139.0,7,0,1,0,0.0,0
0.5289,45,0,0.6276,8920.0,4,0,0,0,1.0,0
0.5594,67,2,0.1273,4012.0,14,0,1,1,1.0,0
0.4516,73,0,0.3284,2659.0,8,0,1,0,0.0,0
0.2661,30,0,0.2183,2471.0,7,0,1,0,1.0,0
0.1916,68,0,0.1309,7562.0,16,0,0,0,2.0,0
0.2277,26,0,0.6967,6788.0,7,0,1,0,3.0,0
0.8042,66,0,0.169,,9,0,1,0,0.0,0
0.5178,68,0,0.936,16820.0,4,0,1,0,2.0,0
1.0016,56,0,0.102,,9,0,0,0,2.0,1
0.8608,50,0,0.4522,3013.0,8,0,1,0,1.0,0
0.7949,73,0,0.6728,6394.0,5,0,0,2,1.0,0
0.1165,45,0,0.3678,21121.0,8,0,2,0,1.0,0
0.0824,56,0,0.2565,5602.0,10,0,6,0,3.0,0
1.73,43,0,0.7516,2114.0,6,0,1,0,1.0,0
0.7926,72,0,0.2957,6020.0,11,0,0,0,0.0,1
0.2744,52,0,0.4042,3104.0,6,0,1,0,0.0,0
0.686,61,0,0.0553,,11,0,0,0,0.0,0
0.0698,21,0,0.8833,,9,0,0,0,2.0,0
1.3576,45,0,0.7967,5763.0,10,0,2,0,1.0,0
2.1657,40,0,0.3273,7151.0,9,0,0,0,1.0,0
0.4417,39,0,0.2944,,9,0,1,0,0.0,0
0.6555,63,0,0.9716,12735.0,10,0,1,0,0.0,0
0.508,38,0,0.1282,2644.0,7,0,0,0,0.0,0
0.5104,52,0,0.562,11751.0,7,0,0,0,1.0,0
1.445,82,0,0.9012,5043.0,7,0,2,0,0.0,0
0.1577,51,0,0.4147,5575.0,11,0,2,0,1.0,0
1.9747,32,0,0.1588,815.0,5,0,1,0,4.0,0
2.0943,68,0,0.0273,,8,0,3,0,2.0,0
0.2116,45,0,0.3005,,9,0,1,0,2.0,0
1.0428,50,0,0.6373,9187.0,9,0,0,0,1.0,0
4.8874,33,0,1.1154,6568.0,6,0,1,0,0.0,0
0.2226,72,0,0.6213,10083.0,6,0,0,0,2.0,0
0.659,69,0,0.417,,13,0,2,0,1.0,1
0.5717,63,0,0.2272,,3,0,2,0,1.0,0
0.1254,72,0,0.2112,6625.0,8,0,1,0,0.0,0
0.3437,59,0,0.9183,,9,0,3,0,1.0,0
0.5782,39,0,0.5785,6868.0,5,0,2,0,0.0,0
0.8628,38,0,0.3989,,10,0,1,0,1.0,0
0.1652,52,0,0.8471,11191.0,14,0,0,0,0.0,0
1.6955,53,0,0.7167,,8,0,1,0,0.0,1
0.1262,51,0,0.5813,6793.0,8,0,0,0,1.0,0
3.182,23,0,0.7714,9238.0,6,0,0,0,2.0,0
3.3946,56,0,0.5045,8666.0,9,0,1,0,2.0,0
0.3547,32,0,0.0298,4828.0,9,0,1,0,1.0,0
0.1896,64,0,0.4922,3754.0,9,0,3,0,0.0,0
0.2905,34,0,0.532,,4,0,1,0,0.0,0
2.7778,66,0,0.651,6488.0,7,1,2,0,0.0,0
0.2546,55,0,0.1815,2793.0,7,0,2,0,1.0,0
0.0586,40,0,0.1973,4922.0,9,0,0,0,0.0,0
0.1506,59,2,0.3417,7382.0,8,0,0,0,,0
0.9365,72,0,0.3628,,13,0,0,0,0.0,0
1.0841,56,0,0.2479,,6,0,0,0,1.0,0
0.3225,37,0,0.52,,14,0,0,0,0.0,0
2.0588,46,0,0.752,,8,0,0,0,0.0,1
0.0544,47,0,0.7393,8361.0,12,0,2,0,0.0,0
0.5631,41,0,0.7216,,12,1,1,1,0.0,0
0.0509,28,0,0.2448,5881.0,7,0,1,0,2.0,0
1.449,79,0,0.483,,12,0,0,1,0.0,0
0.9424,42,0,0.6609,,9,0,2,0,0.0,0
0.0759,28,0,0.3993,3842.0,10,0,2,0,1.0,0
0.1568,34,1,0.1209,1952.0,9,1,1,2,1.0,0
8.7125,40,0,0.3007,,12,0,3,0,1.0,0
2.0771,21,0,0.1033,3432.0,10,0,2,0,1.0,1
0.3522,63,0,0.4434,7981.0,4,0,2,0,3.0,0
0.5465,60,0,0.3882,,8,0,0,0,1.0,0
0.0443,55,0,0.5911,7251.0,8,0,1,0,1.0,0
0.387,34,0,0.1528,19191.0,10,0,2,0,1.0,0
0.1854,63,0,0.598,8206.0,9,0,0,0,0.0,0
0.2838,48,0,0.5687,8526.0,7,0,1,0,1.0,0
1.2213,71,0,0.4425,13056.0,7,0,0,0,0.0,0
2.9283,22,0,0.4609,3337.0,5,0,1,0,0.0,1
0.352,39,0,0.8854,3012.0,5,0,1,0,0.0,0
0.5555,37,0,1.1296,,11,0,1,0,1.0,0
0.1125,34,3,0.7512,10572.0,9,0,0,2,1.0,0
0.5565,59,0,0.8444,7349.0,6,0,4,0,0.0,0
0.5453,69,0,1.0785,3749.0,10,0,2,0,0.0,0
0.9142,63,1,0.2793,4871.0,10,0,1,0,1.0,0
0.2665,52,1,0.1231,1422.0,9,0,3,1,0.0,0
0.2564,56,0,0.3178,23568.0,11,0,1,0,1.0,0
0.8874,60,0,0.3884,8333.0,11,0,1,0,3.0,0
0.1945,39,0,0.6411,9773.0,8,0,1,0,,0
0.6727,55,0,0.1142,2884.0,8,0,0,0,1.0,1
0.5516,50,0,0.0946,2755.0,9,0,1,0,0.0,0
0.0164,28,0,0.6208,8491.0,11,0,1,0,2.0,0
0.0881,83,0,0.496,1393.0,5,0,0,0,3.0,0
2.5398,57,0,0.5475,,10,0,0,0,1.0,1
0.1377,38,0,0.1095,,10,0,1,0,1.0,0
0.0596,45,0,0.2678,7367.0,7,0,0,0,1.0,0
0.0426,59,0,0.2429,12333.0,12,0,0,0,1.0,0
0.8151,56,0,0.5582,8366.0,14,0,3,0,,0
0.587,50,0,0.6086,5297.0,5,0,0,0,0.0,0
0.042,73,0,0.5842,5019.0,9,0,1,0,0.0,1
0.9002,47,0,0.862,13989.0,12,0,2,0,0.0,0
1.4952,63,0,0.9425,18875.0,7,0,2,0,0.0,0
0.6527,66,0,0.6172,,7,0,0,0,3.0,1
0.6897,65,0,0.6184,,4,0,0,0,2.0,0
0.3088,47,0,0.8521,3451.0,6,0,2,0,0.0,0
0.0751,34,0,0.2272,12213.0,8,0,1,0,0.0,0
0.4173,21,0,0.3593,5018.0,4,0,0,0,1.0,0
0.3632,52,1,0.4377,6634.0,8,0,0,0,1.0,0
0.4098,55,1,0.7894,5105.0,10,0,0,0,0.0,0
0.3828,41,0,0.519,3493.0,7,0,1,0,3.0,0
0.8777,53,0,0.0697,3964.0,9,0,1,0,0.0,0
1.3281,66,0,1.1198,2008.0,9,0,0,0,1.0,1
0.3956,37,0,0.5138,3517.0,4,0,2,0,0.0,0
3.153,42,0,0.97,3193.0,9,0,1,0,1.0,0
0.9856,29,0,0.6654,3289.0,7,0,1,0,0.0,0
0.4894,45,0,0.4093,,8,0,0,0,0.0,1
0.092,60,0,0.1717,5053.0,7,0,2,0,0.0,0
0.0071,45,0,0.2086,4084.0,6,0,0,0,1.0,0
0.5173,50,0,0.5025,3295.0,8,0,2,0,2.0,0
0.4802,35,0,0.1838,2194.0,10,0,3,0,5.0,0
2.0887,71,0,0.2115,3753.0,10,0,1,0,1.0,0
0.6839,64,0,0.4311,,10,0,0,0,0.0,0
0.201,37,0,0.2536,,5,0,2,0,0.0,0
0.2607,54,0,0.4006,5151.0,8,0,1,0,1.0,0
4.0917,59,0,0.1175,12498.0,9,0,2,0,1.0,0
0.2283,80,0,0.6607,13881.0,7,0,2,0,0.0,0
0.2859,64,0,0.6494,6370.0,7,0,1,0,4.0,0
0.0214,68,0,0.1495,6211.0,6,0,2,0,1.0,0
0.5338,51,0,0.6692,5922.0,11,0,1,0,0.0,0
0.051,52,0,0.5664,,6,0,0,0,0.0,0
7.1867,56,0,0.493,,4,0,3,0,4.0,0
0.2309,46,0,1.058,12278.0,5,0,1,0,1.0,0
0.3319,67,0,0.795,9697.0,4,0,0,0,2.0,0
0.0111,48,0,0.559,4725.0,5,0,0,0,0.0,0
2.9213,58,0,0.4537,,8,0,0,0,0.0,0
0.4283,34,0,0.6588,3286.0,6,0,0,0,1.0,0
0.3773,39,0,0.1661,2329.0,6,0,2,0,0.0,0
6.6981,43,0,0.8365,5765.0,9,0,1,0,0.0,0
0.2778,58,0,0.399,5876.0,7,0,0,0,1.0,0
0.6385,68,0,0.3166,13944.0,10,0,0,0,,0
0.5088,35,0,1.0939,4767.0,8,0,0,0,1.0,0
0.6066,44,0,0.6437,4893.0,3,0,1,0,1.0,0
0.0937,56,0,0.1543,,13,0,1,0,0.0,0
0.3232,56,0,0.548,15197.0,11,0,1,0,2.0,0
0.6915,73,0,0.7178,3175.0,12,0,2,0,2.0,1
0.3217,60,0,0.8583,8903.0,4,0,1,0,1.0,0
0.2292,54,0,0.2784,3911.0,7,0,0,0,1.0,0
0.1441,53,0,0.4196,3659.0,11,0,0,0,0.0,0
0.6204,63,0,0.471,8673.0,7,0,0,0,1.0,0
0.0636,95,0,0.0349,,12,0,2,0,2.0,0
0.3524,63,0,0.4847,3779.0,6,0,1,2,0.0,0
0.102,71,0,0.3023,5253.0,7,0,1,0,1.0,0
0.4504,67,0,0.3635,7644.0,9,0,0,0,0.0,0
0.4396,53,0,0.6134,3331.0,13,0,0,0,0.0,0
0.2005,26,0,0.7744,,7,0,0,0,0.0,0
1.5479,46,0,0.4466,5896.0,5,0,1,0,0.0,0
0.1702,53,0,0.2606,7807.0,5,0,0,0,0.0,0
0.6946,60,0,0.7608,,5,0,2,0,0.0,0
0.2969,63,0,0.4725,,7,0,2,0,1.0,0
0.4978,62,0,0.4343,,10,0,0,0,0.0,0
0.4903,21,0,0.2003,20325.0,7,0,1,0,0.0,0
0.3683,51,0,1.0203,,9,0,1,0,1.0,0
0.468,48,0,0.1737,3871.0,9,0,0,0,0.0,0
0.376,37,0,0.1326,,6,0,2,0,0.0,0
0.4116,56,0,0.2306,,5,0,1,0,2.0,0
0.5292,59,5,0.5774,8435.0,8,0,0,3,2.0,0
0.0862,40,0,0.9595,8994.0,7,0,1,0,2.0,0
0.1098,64,0,0.1325,4429.0,12,0,2,0,0.0,0
0.5044,30,0,0.4609,2742.0,4,0,0,0,1.0,0
0.6624,40,0,0.6143,5548.0,7,0,0,0,2.0,0
0.1192,64,0,0.0932,5022.0,6,0,1,0,0.0,0
0.4632,62,0,0.5063,4678.0,10,0,1,0,1.0,0
0.2894,64,0,0.3078,5890.0,8,0,1,0,2.0,0
0.5804,58,0,0.3343,,7,0,0,0,0.0,0
3.0099,51,0,0.9604,9023.0,10,0,1,0,1.0,0
0.2943,42,0,0.9278,4444.0,10,0,1,0,1.0,0
0.4722,49,0,0.913,10016.0,6,0,1,0,1.0,0
0.3013,77,0,0.8854,5200.0,10,0,0,0,1.0,0
0.418,79,0,0.6915,9147.0,5,0,3,0,2.0,0
0.1267,48,0,0.799,,7,0,1,0,1.0,0
0.8618,77,0,0.705,2762.0,8,0,0,0,1.0,0
0.4101,90,0,0.8189,6301.0,5,0,1,0,1.0,0
0.0704,33,0,0.0371,9177.0,10,0,1,0,0.0,1
0.3676,51,0,0.2332,2959.0,4,0,0,0,2.0,0
0.4308,38,0,0.0877,4409.0,7,0,0,0,0.0,0
0.156,77,0,0.2474,7703.0,7,0,1,0,1.0,0
0.3078,38,0,0.5596,3523.0,9,0,4,0,0.0,0
0.0682,48,0,1.1573,7151.0,10,0,0,0,0.0,0
0.0266,57,0,0.544,3295.0,7,0,2,0,1.0,0
0.4012,51,0,0.1801,2274.0,10,0,0,0,1.0,0
0.0003,37,0,0.5099,7936.0,8,0,0,0,,0
0.4155,41,0,0.8266,11676.0,13,0,3,0,0.0,0
0.5883,43,0,0.7655,7958.0,5,0,2,0,0.0,0
0.1564,35,0,0.0913,7355.0,6,0,1,0,0.0,0
0.1244,61,0,0.2853,,4,0,2,0,0.0,0
0.039,60,0,0.6654,4515.0,7,0,3,0,0.0,0
0.1035,46,0,0.2662,11439.0,3,0,1,0,1.0,0
0.0123,48,0,0.708,7586.0,11,0,0,0,3.0,0
0.0386,45,0,0.2579,,11,0,1,0,1.0,0
0.2989,33,0,0.749,4263.0,9,0,1,0,0.0,0
0.0971,52,0,0.6949,,9,0,1,0,1.0,0
0.759,59,0,0.6839,4617.0,10,0,1,0,2.0,0
0.5832,32,0,0.4025,2142.0,5,0,1,0,2.0,0
5.1037,41,0,0.8083,6737.0,10,0,3,0,1.0,0
0.5851,73,0,0.1836,6430.0,6,0,0,0,0.0,0
1.7978,62,0,0.1817,6188.0,10,0,1,0,0.0,0
0.5424,52,0,0.1743,2930.0,5,0,1,0,0.0,0
0.3825,53,0,0.5225,7548.0,14,0,1,0,0.0,0
0.0655,49,0,0.4139,2740.0,5,0,2,0,0.0,0
0.2045,66,0,0.4596,8066.0,8,0,1,0,2.0,0
0.2369,43,0,0.4278,1343.0,7,0,0,0,0.0,0
0.1899,44,0,0.1653,7381.0,7,0,1,0,0.0,0
0.1262,48,0,0.5481,10495.0,6,0,1,0,2.0,0
0.5663,57,3,0.8592,2895.0,9,0,0,2,0.0,0
0.3948,73,0,0.2324,,8,0,0,0,0.0,0
0.1928,27,0,0.4775,,13,0,0,0,1.0,0
1.1842,51,0,0.2903,5440.0,5,0,0,0,1.0,0
0.2405,38,0,0.3117,,10,0,2,0,1.0,0
0.7147,65,0,0.5226,4413.0,7,0,0,0,2.0,0
0.5247,37,0,0.3515,8607.0,11,0,1,0,2.0,0
0.2255,73,0,0.1957,4206.0,8,0,1,0,2.0,0
1.2801,59,0,0.4447,8356.0,7,0,0,0,1.0,0
0.524,73,0,0.2099,15144.0,12,0,2,0,1.0,0
0.2542,51,0,0.652,,11,0,1,0,0.0,0
4.6803,45,0,0.4496,8013.0,7,0,0,0,0.0,0
0.9951,58,0,0.271,10579.0,16,0,0,0,3.0,0
0.4977,51,0,0.513,6843.0,7,0,1,0,0.0,0
1.8509,52,0,0.5835,4616.0,2,0,0,0,0.0,0
1.3128,71,0,0.4216,17010.0,11,0,0,0,1.0,0
0.8704,38,0,0.5305,,12,0,0,0,0.0,0
0.758,59,0,0.8505,,6,0,1,0,1.0,0
1.6735,68,4,0.8123,3052.0,5,1,3,0,0.0,0
0.5595,47,0,0.1773,4045.0,3,0,3,0,1.0,0
0.3574,78,0,0.373,26359.0,7,0,1,0,0.0,0
0.7052,29,0,0.5985,7892.0,10,0,2,0,0.0,0
0.175,47,0,0.6586,9345.0,10,0,0,0,0.0,0
8.214,41,0,0.5529,5299.0,6,0,1,0,0.0,1
0.4842,25,0,0.1735,,11,0,1,0,1.0,0
0.0828,64,0,0.5751,,8,0,3,0,0.0,0
0.1242,72,0,0.4032,10510.0,8,0,0,0,1.0,0
1.6595,61,0,0.4513,3439.0,4,0,0,0,1.0,0
0.1837,65,2,0.5896,3108.0,9,0,1,0,0.0,0
0.6023,53,0,0.7926,4826.0,12,0,1,0,0.0,0
0.542,31,0,0.885,3289.0,7,0,1,0,1.0,0
0.7772,44,0,0.9878,3263.0,11,0,0,0,0.0,0
0.0765,52,0,0.4542,,10,0,2,0,0.0,0
2.8956,46,0,0.7297,4152.0,6,0,0,0,1.0,0
0.0506,63,0,0.1493,2463.0,11,0,0,0,0.0,0
0.0765,21,0,0.9034,3341.0,3,0,1,0,1.0,0
0.5117,91,0,0.5998,2968.0,6,0,1,0,2.0,0
0.5892,43,2,0.1218,3831.0,10,1,1,0,0.0,0
0.5936,66,0,0.3086,3821.0,9,0,0,0,2.0,0
0.1202,52,0,0.9242,8339.0,8,0,1,0,0.0,0
0.3609,40,1,0.3105,,10,0,0,1,1.0,0
1.5815,50,0,0.8247,1549.0,6,0,0,0,0.0,0
0.1229,55,0,0.3188,5604.0,6,0,0,0,0.0,0
0.1183,89,0,0.7769,3898.0,7,0,2,0,0.0,0
0.4337,42,0,0.5498,3784.0,6,0,5,0,0.0,0
0.033,54,0,0.6347,8108.0,10,0,1,0,1.0,0
0.2093,41,0,0.5777,4855.0,6,0,0,0,0.0,0
0.668,61,0,0.542,8732.0,14,0,2,0,0.0,0
3.5446,39,0,0.2974,,6,0,0,0,0.0,0
0.121,57,0,0.0775,10630.0,6,0,1,0,1.0,0
0.0026,39,0,0.5861,,9,0,1,0,0.0,0
0.0325,54,0,0.8824,6797.0,9,0,0,0,1.0,0
0.7331,40,0,0.5861,3114.0,10,0,3,0,1.0,0
0.0857,55,1,0.6281,6336.0,7,0,1,0,1.0,0
0.282,37,0,0.8007,,6,0,1,0,0.0,0
0.4719,82,0,0.6674,2638.0,10,0,2,0,0.0,0
1.6222,52,0,0.0969,5975.0,10,0,1,0,1.0,0
0.7594,23,2,0.5323,3543.0,5,0,1,1,0.0,0
0.9032,73,0,0.2901,5561.0,13,0,2,0,1.0,0
9.5125,43,0,0.3741,12761.0,11,0,1,0,0.0,0
0.6309,74,0,0.5135,6036.0,5,0,1,0,1.0,0
0.4572,43,0,0.2641,1539.0,12,0,0,0,2.0,0
2.252,31,0,0.0637,3601.0,10,0,0,0,1.0,0
0.5681,46,0,0.7559,4971.0,10,0,1,0,0.0,0
0.6588,54,1,0.6155,11571.0,13,0,0,1,1.0,0
0.324,30,0,0.4028,3898.0,11,0,0,0,0.0,0
4.7142,53,0,0.509,2364.0,6,0,1,0,0.0,0
0.2766,52,0,0.1282,,8,0,1,0,1.0,0
0.4463,36,0,0.7539,10892.0,6,0,0,0,2.0,0
0.0277,30,0,0.897,5069.0,6,0,4,0,2.0,0
0.5291,52,0,0.1359,,9,0,3,0,0.0,0
0.1451,69,0,0.2045,,13,0,1,0,3.0,0
0.0138,47,0,0.457,16233.0,8,0,2,0,2.0,0
2.612,60,0,0.6055,,10,0,1,0,1.0,0
0.4477,49,0,0.2154,,6,0,1,0,0.0,0
0.213,55,1,0.3767,,7,1,1,0,0.0,0
0.2091,71,0,0.2336,18281.0,5,0,0,0,0.0,0
0.4107,52,0,0.5314,6858.0,9,0,2,0,0.0,0
0.1093,58,0,1.0264,11462.0,5,0,0,0,0.0,0
1.027,27,0,0.4975,5313.0,5,0,2,0,0.0,0
4.7503,38,0,0.2769,6502.0,12,0,0,0,2.0,0
0.2428,32,0,0.7127,13641.0,11,0,2,0,1.0,0
0.1667,57,2,0.148,8298.0,9,1,1,0,2.0,0
0.093,41,0,0.3446,4200.0,4,0,0,0,1.0,0
1.0923,61,0,0.54,,10,0,1,0,1.0,1
0.1276,39,0,0.5444,4561.0,5,1,4,0,0.0,0
0.302,43,0,0.7951,8943.0,6,0,3,0,2.0,0
0.7497,63,0,0.6418,4884.0,8,0,3,0,2.0,0
0.1581,53,0,0.8177,,10,0,0,0,1.0,0
0.4742,47,0,0.5209,,6,0,0,0,2.0,0
0.5283,54,4,0.2944,1623.0,6,0,0,0,1.0,0
0.8053,61,0,0.2048,5364.0,14,0,1,2,1.0,0
1.4631,37,0,0.3151,2793.0,9,0,1,0,2.0,0
0.0765,42,0,0.1875,2793.0,7,0,1,0,1.0,0
0.2478,62,0,0.4072,3536.0,17,0,2,0,0.0,0
0.3543,35,1,0.3134,1729.0,11,0,0,2,0.0,0
0.1315,70,0,0.3407,7732.0,9,0,1,0,0.0,0
0.5915,51,0,0.6554,3643.0,10,0,1,0,2.0,1
0.4702,53,0,0.1254,4325.0,8,0,1,0,0.0,0
0.5537,63,0,0.7098,5630.0,9,0,0,0,1.0,0
1.085,53,0,0.3026,,7,0,0,0,1.0,0
0.4226,31,0,0.2375,4401.0,8,0,0,0,2.0,0
0.0617,49,0,0.3701,9766.0,9,0,3,0,0.0,0
0.0022,55,0,0.3053,4874.0,16,0,1,0,1.0,0
0.1237,63,0,0.655,8498.0,4,0,2,0,0.0,0
0.1192,35,0,0.5126,6108.0,7,0,0,0,1.0,0
0.0724,39,0,0.1563,8231.0,6,0,1,0,1.0,0
0.6649,33,0,0.842,2728.0,5,0,0,0,0.0,0
0.7077,50,1,0.381,5469.0,5,2,1,0,0.0,0
0.131,48,0,0.6108,2719.0,7,0,2,0,2.0,0
0.5275,40,0,1.0372,1659.0,4,0,1,0,0.0,0
1.8383,54,0,0.4908,13488.0,9,0,3,0,0.0,0
1.3212,23,0,0.3633,2313.0,7,0,3,0,2.0,0
0.6038,47,0,0.7055,2398.0,9,0,0,0,0.0,0
0.5999,62,0,0.7984,,8,0,1,0,1.0,0
0.356,61,0,1.2415,4754.0,11,0,0,0,0.0,0
0.2501,71,0,0.3777,8177.0,9,0,1,0,4.0,0
0.7581,66,0,0.652,6107.0,10,0,2,0,0.0,0
0.605,55,0,0.7942,6511.0,7,0,1,0,0.0,0
0.0946,34,0,0.5468,3982.0,8,0,1,0,0.0,0
0.7633,45,0,0.3973,,12,1,1,1,1.0,0
0.4131,45,0,0.3271,2129.0,7,0,0,0,2.0,0
0.6512,70,0,0.3167,7931.0,3,0,2,0,0.0,0
0.3347,66,0,0.572,5492.0,9,0,0,0,1.0,0
0.453,38,0,0.1717,10222.0,7,0,1,0,1.0,0
1.2298,84,0,0.7165,6745.0,5,0,3,0,1.0,0
0.8115,50,0,0.7248,4792.0,7,0,0,0,1.0,0
0.5565,43,0,0.2495,,11,0,0,0,2.0,0
0.2563,44,0,0.1452,2307.0,5,0,2,0,0.0,0
0.25,32,0,0.7686,13721.0,12,0,1,0,3.0,0
0.0439,41,0,0.1809,4994.0,5,0,2,0,0.0,0
0.721,77,0,0.6078,10850.0,6,0,1,0,1.0,0
0.1058,67,0,0.6664,6585.0,11,0,0,0,0.0,0
1.3933,55,0,0.7891,4014.0,5,0,0,0,1.0,1
0.1124,69,0,0.3207,,5,0,1,0,0.0,0
0.2647,47,0,0.1413,4024.0,4,0,1,0,0.0,0
0.324,59,0,0.2233,6592.0,3,0,1,0,0.0,0
0.2396,61,0,0.1418,6284.0,9,0,3,0,,0
1.5397,75,0,0.7567,16917.0,5,0,1,0,0.0,0
3.5616,63,0,0.5685,2029.0,10,0,0,0,0.0,0
0.2247,32,0,0.6576,3079.0,4,0,1,0,3.0,0
0.3205,71,0,0.3025,4580.0,6,0,1,0,0.0,0
0.0076,49,0,1.5397,10602.0,9,0,0,0,0.0,0
2.7061,43,0,0.5375,21280.0,7,0,3,0,1.0,0
0.6871,21,0,0.1356,,10,0,0,0,1.0,1
0.0308,28,0,0.6582,1573.0,13,0,3,0,1.0,0
0.1514,57,0,0.2556,10458.0,10,0,1,0,0.0,0
0.5142,43,0,0.3307,2491.0,11,0,0,0,0.0,0
0.2842,37,0,0.6412,3027.0,6,0,0,0,0.0,0
6.9781,56,0,0.9828,5444.0,6,1,2,1,0.0,0
2.0854,52,0,0.3404,1417.0,4,0,0,0,1.0,0
0.1729,47,0,0.4982,2721.0,4,0,0,0,0.0,0
0.2583,23,0,0.6873,3388.0,6,0,2,0,1.0,0
0.3972,44,2,0.3377,4661.0,11,0,1,0,2.0,0
3.1581,34,0,0.5076,7966.0,3,0,1,0,0.0,0
0.2551,57,0,0.2418,4848.0,13,0,0,0,4.0,0
0.7629,43,0,1.0864,4475.0,6,0,3,0,1.0,1
0.1178,41,0,0.5664,,7,0,2,0,0.0,0
0.1096,81,0,0.3282,14791.0,6,0,1,0,0.0,0
2.3109,41,0,0.1034,2907.0,13,0,1,0,2.0,0
0.694,59,0,0.7963,,5,0,0,0,1.0,0
4.2322,25,0,0.745,1429.0,5,0,1,0,1.0,0
0.344,54,0,0.3747,8964.0,8,0,1,0,1.0,0
0.201,59,1,0.447,,10,0,1,3,1.0,0
0.0954,40,0,0.4767,6730.0,12,0,1,0,1.0,0
0.3377,50,0,0.5371,4430.0,6,0,1,0,0.0,0
0.2719,51,0,0.3968,6302.0,10,0,0,0,0.0,0
0.7397,59,0,0.6521,3681.0,8,0,2,0,1.0,0
0.3941,61,0,0.3322,,8,0,2,0,1.0,0
0.5216,58,0,0.2434,5917.0,8,0,0,0,0.0,0
0.5269,54,0,0.8279,6997.0,7,0,0,0,0.0,0
0.4301,41,0,0.6354,,9,0,1,0,0.0,0
1.0062,32,0,0.408,,7,0,1,0,0.0,0
0.6839,81,0,0.3985,15389.0,7,0,1,0,0.0,0
0.7836,57,0,0.5233,,13,0,2,0,2.0,0
0.5124,36,0,0.4582,1041.0,14,0,2,0,1.0,0
0.6668,76,0,0.2464,5404.0,4,0,0,0,0.0,0
2.3394,34,0,0.5987,3807.0,5,0,0,0,0.0,0
4.7482,51,0,1.2209,6162.0,8,0,3,0,1.0,0
0.5594,47,0,0.2266,27120.0,8,0,2,0,0.0,0
0.3087,63,0,0.39,2360.0,11,0,1,0,,0
0.2954,50,0,0.5412,6635.0,9,0,2,0,0.0,0
0.0343,46,0,0.2732,7701.0,11,0,1,0,0.0,0
0.6749,64,0,0.2062,7379.0,1,1,2,0,1.0,0
0.2784,38,0,0.416,3172.0,9,0,1,0,,0
0.6101,42,0,0.7204,4632.0,10,0,1,0,0.0,0
0.8175,46,0,0.9543,,5,0,0,0,2.0,1
0.2763,49,0,0.8378,4269.0,14,0,2,0,0.0,0
0.1134,22,0,0.8668,1376.0,6,0,1,0,1.0,0
0.1188,56,0,0.8769,6921.0,7,0,1,0,0.0,0
0.0406,45,0,0.7784,8981.0,8,0,1,0,0.0,0
0.2786,82,0,1.4161,8274.0,13,0,0,0,0.0,0
0.4392,28,0,0.4168,4188.0,7,0,1,0,1.0,0
1.6736,42,0,1.0421,6368.0,8,0,0,0,2.0,0
0.501,29,0,0.6229,6974.0,8,0,1,0,0.0,0
0.8998,55,0,0.8171,4933.0,8,0,3,0,0.0,0
0.6539,64,0,0.3171,2849.0,6,0,1,0,0.0,0
0.4369,70,0,0.3885,3989.0,6,0,2,0,0.0,0
0.4705,67,0,0.6683,2044.0,15,0,0,0,0.0,1
0.4144,44,0,0.2258,,5,0,1,0,0.0,0
0.2064,53,0,0.6355,6741.0,9,0,0,0,1.0,0
0.0271,38,0,0.1642,9177.0,6,0,2,0,2.0,0
0.4294,71,0,0.415,,6,0,1,0,1.0,0
0.5418,50,0,0.6123,12215.0,7,0,1,0,1.0,0
0.7784,72,0,0.0648,6668.0,9,0,0,0,1.0,1
0.3554,50,0,0.3331,6990.0,9,0,1,0,2.0,0
0.4705,58,0,0.186,,2,0,0,0,0.0,0
0.4857,44,0,0.7888,1918.0,6,0,1,0,1.0,0
0.9206,55,0,0.4047,,10,0,0,0,0.0,0
0.0653,63,0,0.3045,7975.0,12,0,0,0,0.0,0
0.2078,48,0,0.6226,4116.0,8,0,3,0,,0
7.6131,43,2,0.3405,6762.0,9,0,1,0,3.0,0
1.4374,49,0,0.2528,,6,0,2,0,1.0,0
0.163,45,0,0.161,949.0,4,0,2,0,1.0,0
0.81,58,0,0.0681,7398.0,9,0,4,0,0.0,0
3.0644,79,4,0.4647,12945.0,11,0,1,0,1.0,0
0.2341,26,0,0.7816,2630.0,7,0,1,0,3.0,0
1.6197,33,0,1.045,7836.0,6,0,1,0,1.0,0
0.3076,52,0,0.7162,10187.0,4,0,2,0,1.0,0
0.7436,59,0,0.7213,19872.0,7,0,3,0,0.0,0
0.8378,33,0,0.5307,10757.0,7,0,1,0,0.0,0
0.4373,67,0,0.1079,3977.0,8,0,1,0,1.0,0
0.2158,65,0,0.2947,1730.0,4,0,2,0,3.0,0
0.1686,73,0,0.4562,2637.0,5,0,2,0,0.0,0
1.5102,57,0,0.3202,7898.0,5,0,1,0,0.0,0
0.6288,70,0,0.2992,,4,0,1,0,0.0,0
2.0161,64,1,0.0676,3069.0,18,0,1,1,0.0,0
1.3733,73,0,0.529,6991.0,9,0,0,0,0.0,0
0.3562,45,0,0.4374,,11,0,2,0,,0
0.369,63,0,0.7272,5069.0,13,0,0,0,3.0,0
0.468,46,0,0.2419,3931.0,10,0,2,0,0.0,0
0.6547,51,0,0.5,,5,0,2,0,3.0,1
0.3893,21,0,0.3696,,12,0,0,0,2.0,0
0.1483,48,0,0.3127,4419.0,11,0,0,0,0.0,0
0.0946,55,0,0.4119,2445.0,7,0,1,0,0.0,0
1.445,53,0,0.4182,2713.0,9,0,1,0,0.0,0
0.53,59,0,0.6266,2487.0,10,0,2,0,0.0,0
0.6359,63,0,0.1466,4031.0,10,0,0,0,0.0,0
0.0395,42,0,0.1843,7852.0,6,0,2,0,0.0,0
0.4963,74,0,0.6849,19369.0,9,0,0,0,1.0,0
0.4605,28,0,0.0514,2366.0,11,0,1,0,1.0,0
2.446,56,0,0.9919,1718.0,16,0,0,0,2.0,0
0.6476,21,0,0.3872,3840.0,10,0,1,0,2.0,0
0.4686,72,0,0.771,6124.0,13,0,0,0,0.0,0
0.8224,42,0,0.0903,,5,0,1,0,2.0,0
0.146,76,0,0.0795,6069.0,10,0,0,0,2.0,1
0.3462,25,0,0.2543,1662.0,4,0,2,0,0.0,0
0.1865,78,0,0.1027,12881.0,8,0,1,0,,0
1.0779,50,0,0.2307,,11,0,0,0,3.0,0
0.2951,45,0,0.3998,5141.0,7,0,2,0,2.0,0
0.1333,48,0,0.1077,8707.0,8,0,1,0,0.0,0
2.0826,71,0,0.7493,,7,0,0,0,1.0,0
5.3298,29,0,0.5752,9149.0,10,0,0,0,0.0,0
0.8795,61,0,0.6496,5849.0,7,0,0,0,1.0,0
0.714,66,0,0.1469,,9,0,1,0,1.0,0
2.5158,51,0,0.3026,,6,0,0,0,1.0,0
0.8349,47,0,0.1185,7896.0,10,0,1,0,1.0,0
0.1698,51,0,1.008,9488.0,5,0,1,0,0.0,0
0.7327,46,0,1.0083,5806.0,7,0,0,0,1.0,0
1.9659,37,0,0.4525,,4,0,0,0,0.0,0
0.7663,60,0,0.3877,3675.0,11,0,1,0,0.0,0
0.1025,62,0,0.3231,,7,0,0,0,1.0,0
0.5744,49,0,0.7859,,4,0,0,0,0.0,0
0.4923,48,0,0.4955,,8,0,0,0,0.0,0
0.6403,58,0,0.4632,4247.0,6,0,1,0,0.0,0
0.5661,54,0,0.0425,,8,0,2,0,0.0,0
0.6639,39,0,1.0948,3477.0,6,0,0,0,0.0,0
0.6051,23,0,0.5934,4402.0,11,0,0,0,0.0,0
0.1726,49,0,0.0574,11767.0,10,0,1,0,1.0,0
0.168,45,0,0.6233,5344.0,5,0,1,0,0.0,0
0.5567,35,0,0.7943,7522.0,10,0,0,0,0.0,0
0.8722,67,0,0.3295,1834.0,7,0,1,0,0.0,0
0.7186,33,0,0.7004,3190.0,8,0,0,0,1.0,1
0.3067,41,0,0.53,1415.0,6,0,1,0,0.0,0
1.6681,65,0,0.2798,2807.0,7,0,1,0,0.0,0
4.2911,64,0,0.7544,5010.0,7,0,1,0,0.0,0
0.7527,26,0,0.8049,9491.0,11,0,0,0,1.0,0
0.3398,50,0,0.5987,3766.0,6,0,1,0,0.0,0
0.9055,42,0,0.2293,2545.0,11,0,1,0,1.0,0
0.4779,78,0,0.2097,8108.0,9,0,0,0,0.0,0
0.4248,77,0,0.265,3492.0,8,0,0,0,0.0,0
0.4216,42,0,0.7254,6534.0,6,0,1,0,1.0,0
0.2871,43,0,0.7515,3509.0,5,0,0,0,2.0,0
0.0097,53,0,1.0135,20853.0,6,0,1,0,1.0,0
0.0657,67,0,0.3039,5269.0,13,0,0,0,1.0,0
0.3108,61,0,0.9366,11814.0,4,0,1,0,0.0,0
0.091,37,0,0.5589,2061.0,9,0,2,0,1.0,0
0.4496,67,0,0.852,5316.0,8,0,2,0,3.0,0
0.4529,47,0,0.5913,,11,0,1,0,0.0,1
0.6791,35,0,0.5534,6299.0,11,0,0,0,,0
0.7769,74,0,0.4478,,5,0,0,0,1.0,0
0.348,70,0,0.5137,3760.0,9,0,0,0,0.0,0
0.034,36,0,0.9846,6281.0,11,0,0,0,0.0,0
0.2379,62,0,0.0619,,3,1,3,0,0.0,0
0.3733,70,0,0.3243,11977.0,11,0,0,0,1.0,0
0.195,66,0,0.3722,,10,0,0,0,2.0,0
2.8814,44,0,0.7648,,8,0,1,0,1.0,0
1.0174,37,0,0.8493,13100.0,8,1,1,2,0.0,0
0.9683,45,0,0.2985,3901.0,5,0,0,0,0.0,0
0.4415,43,0,0.7299,3709.0,7,0,0,0,1.0,1
0.3277,21,0,0.1758,1528.0,7,0,2,0,1.0,0
0.0325,57,0,0.6541,2654.0,6,0,0,0,0.0,0
0.9266,34,0,0.3198,,6,0,0,0,0.0,0
0.5341,47,0,0.3647,6989.0,10,0,0,0,0.0,0
0.3742,64,0,0.1029,15932.0,4,0,1,0,1.0,0
0.1147,65,0,0.1324,4244.0,5,0,2,0,0.0,0
0.3763,62,0,0.4929,,10,0,0,0,0.0,0
8.1595,65,0,0.5433,1328.0,10,0,0,0,2.0,0
0.8032,64,0,0.2332,12844.0,3,0,0,0,0.0,0
3.8051,67,0,0.182,,8,0,0,0,0.0,0
0.0978,49,0,0.3678,3409.0,11,0,0,0,0.0,0
0.4315,49,0,0.8265,11996.0,7,0,0,0,0.0,0
0.215,28,0,0.5561,4437.0,4,0,1,0,0.0,0
0.4122,49,0,0.3781,5293.0,9,0,0,0,2.0,0
0.5887,29,0,0.9446,,6,0,0,0,1.0,0
2.3711,38,0,0.5556,2531.0,7,0,3,0,2.0,0
4.2143,74,0,0.4235,7123.0,11,0,2,0,0.0,0
0.4726,37,0,0.6264,2623.0,6,0,1,0,0.0,0
0.1695,57,0,0.3435,20620.0,6,0,2,0,1.0,0
0.6366,27,0,0.753,2841.0,9,0,2,0,2.0,0
0.2056,73,0,0.6547,4593.0,5,0,1,0,1.0,0
0.7633,72,3,0.5577,4462.0,5,0,0,0,0.0,0
0.2695,30,0,0.17,3331.0,8,0,2,0,,0
0.1903,68,1,0.7476,3905.0,9,0,3,0,1.0,0
0.5568,42,0,0.3388,9785.0,6,0,0,0,0.0,0
0.2376,36,2,0.747,1476.0,8,0,2,0,1.0,0
7.0682,46,0,0.1762,11356.0,4,0,0,0,0.0,0
0.0189,50,0,0.7174,,9,0,2,0,2.0,0
0.0564,71,0,0.149,6440.0,8,0,2,0,1.0,0
0.6478,48,0,0.8146,1201.0,8,0,2,0,0.0,0
0.0819,59,0,0.7516,11126.0,4,0,1,0,1.0,0
0.3165,55,0,0.4524,5424.0,4,0,1,0,0.0,0
0.5117,43,2,0.8567,9219.0,7,0,1,3,2.0,0
0.6524,37,0,0.6218,5256.0,14,0,1,0,0.0,0
0.2379,65,0,0.3484,7954.0,6,0,1,0,0.0,0
0.2948,85,0,0.6589,10400.0,8,0,0,0,4.0,0
0.3927,47,0,0.387,2127.0,4,0,2,0,,0
2.7086,38,0,0.4936,4888.0,7,0,1,0,0.0,0
1.4836,50,0,0.2504,7983.0,6,0,0,0,2.0,0
0.13,67,0,0.2202,7172.0,6,0,1,0,0.0,0
0.5595,46,0,0.871,3134.0,9,0,0,0,0.0,0
0.6057,38,0,0.5493,4898.0,8,0,1,0,0.0,0
0.3012,47,0,0.3646,8090.0,8,0,1,0,1.0,0
0.5999,50,0,0.5731,12264.0,6,0,1,0,0.0,0
0.6516,50,1,0.548,10604.0,8,0,1,0,0.0,0
0.0223,67,0,0.3642,2218.0,9,0,1,0,0.0,0
0.2042,63,0,0.4695,2997.0,16,0,1,0,0.0,0
3.2379,54,0,0.3985,2930.0,12,0,0,0,2.0,0
0.2979,27,0,1.182,9679.0,7,0,0,0,0.0,0
2.9348,21,0,0.5475,4262.0,5,0,1,0,2.0,1
0.3802,50,0,0.8811,2716.0,12,0,1,0,2.0,0
0.2708,51,0,0.3453,3995.0,9,0,0,0,2.0,0
0.2316,63,0,0.2999,4126.0,7,0,1,0,2.0,0
0.6373,77,0,0.3275,15961.0,8,0,1,0,2.0,0
0.3114,48,0,0.408,10887.0,11,0,0,0,0.0,0
0.511,43,0,0.2212,6593.0,4,0,2,0,1.0,0
0.014,32,2,0.6544,,8,0,1,0,0.0,0
0.6259,68,0,0.5842,,7,0,1,0,0.0,0
0.1274,45,0,0.0924,2168.0,6,0,2,0,1.0,0
0.396,49,0,0.7427,,4,0,0,0,1.0,0
0.0718,62,0,0.1822,,3,0,3,0,1.0,0
0.3994,34,0,0.0661,7995.0,9,0,0,0,1.0,0
0.1279,38,0,0.6348,2775.0,3,0,1,0,0.0,0
0.1916,45,0,0.8717,3558.0,10,0,1,0,0.0,0
1.5941,36,0,0.1494,2321.0,12,0,2,0,4.0,0
1.0436,31,0,0.2705,3335.0,9,0,0,0,2.0,0
0.3403,54,0,0.4039,,4,0,2,0,0.0,0
1.643,58,0,0.3257,2211.0,14,0,0,0,3.0,0
0.351,60,0,0.2304,5968.0,8,0,1,0,2.0,0
0.3298,66,0,0.425,4974.0,3,0,0,0,2.0,0
0.2274,68,0,0.2814,12011.0,11,0,0,0,0.0,0
0.4639,49,0,0.3725,12794.0,9,0,4,0,0.0,0
0.5161,56,0,0.8126,8404.0,6,0,1,0,2.0,0
0.2036,63,0,0.5884,6507.0,4,0,0,0,1.0,0
0.2672,54,0,0.4182,1660.0,11,0,0,0,0.0,0
0.0905,66,0,0.7505,5158.0,15,0,0,0,0.0,0
0.2218,40,0,0.04,6466.0,11,0,3,0,0.0,0
0.4447,54,0,0.496,5181.0,7,0,0,0,0.0,0
0.3559,78,0,0.4381,,7,0,2,0,0.0,0
0.5103,40,0,1.011,3774.0,11,0,1,0,0.0,0
0.578,39,0,0.4007,17217.0,10,0,1,0,0.0,0
0.2107,49,0,0.5774,4338.0,6,0,2,0,0.0,0
0.4398,61,0,0.1021,,8,0,0,0,,0
1.0542,21,0,0.6743,2942.0,10,0,1,0,1.0,0
0.3466,31,0,0.4643,6007.0,7,0,1,0,1.0,0
0.1272,78,0,0.5104,8037.0,10,0,2,0,0.0,0
0.4319,75,0,1.0681,56671.0,6,0,1,0,2.0,0
0.594,62,2,0.7898,7808.0,6,1,1,0,1.0,0
0.7235,64,0,0.6552,3223.0,11,0,4,0,0.0,0
0.3071,50,0,0.4574,,7,0,2,0,1.0,0
0.5213,50,0,0.434,4641.0,12,0,0,0,0.0,0
0.8905,49,0,0.5191,2415.0,7,0,1,0,0.0,0
9.6126,39,0,0.2746,6124.0,7,0,1,0,0.0,0
0.5403,36,0,0.1604,7030.0,10,0,3,0,2.0,0
2.2459,56,0,0.4361,4653.0,12,0,0,0,1.0,0
2.5776,37,0,1.0868,4275.0,1,0,1,0,1.0,0
0.3622,45,0,0.378,3281.0,2,0,1,0,0.0,0
0.0704,53,0,0.1762,10406.0,4,0,2,0,0.0,0
0.3807,33,0,0.4974,5010.0,9,0,1,0,3.0,0
1.1819,73,3,0.0526,2734.0,11,0,1,2,1.0,0
1.0423,42,0,0.5335,3230.0,5,0,0,0,0.0,1
0.8774,53,0,1.0049,1426.0,6,0,1,0,0.0,0
10.4132,59,0,0.4118,13280.0,10,0,1,0,0.0,0
0.5535,70,0,1.128,7604.0,2,0,2,0,0.0,0
0.2125,69,0,0.6792,6807.0,9,0,1,0,0.0,0
1.5403,66,0,0.7278,2282.0,8,0,0,0,0.0,0
0.0196,39,0,0.535,9234.0,9,0,2,0,0.0,0
0.2838,43,1,0.2941,,11,0,1,0,2.0,0
0.3255,35,0,0.4892,4162.0,4,0,0,0,0.0,0
0.699,60,0,1.0522,6568.0,7,0,1,0,2.0,0
0.715,43,3,0.3224,10145.0,4,0,1,0,3.0,0
0.1123,32,0,0.2274,4954.0,5,0,2,0,2.0,0
0.4269,29,0,0.0308,5756.0,9,0,1,0,2.0,0
0.1776,70,0,0.4155,,7,0,1,0,0.0,0
0.2629,21,0,0.603,,10,0,1,0,1.0,0
0.3414,83,0,0.5568,2926.0,9,0,2,0,1.0,0
0.4352,66,0,0.6327,12483.0,6,0,0,0,2.0,0
2.1917,40,0,0.5623,3620.0,16,0,2,0,2.0,0
0.4577,48,0,0.1222,2426.0,9,0,0,0,1.0,1
2.253,53,0,0.8041,6728.0,11,0,1,0,2.0,0
0.0169,52,0,0.5913,2717.0,13,0,0,0,0.0,0
0.1447,47,0,0.5591,8072.0,10,0,1,0,0.0,0
0.6821,49,0,0.3318,1630.0,9,0,2,0,1.0,0
0.5685,71,0,0.2409,23990.0,6,0,0,0,3.0,0
0.5486,69,0,0.4444,5034.0,7,0,1,0,1.0,1
0.5203,67,2,0.9696,495.0,9,0,1,0,,0
0.2307,65,0,0.6498,6152.0,10,0,1,0,0.0,0
0.1368,40,0,0.8301,5941.0,3,0,0,0,1.0,0
0.2757,41,0,0.9569,2135.0,10,0,1,0,4.0,0
0.6066,50,0,0.7025,,9,0,2,0,1.0,0
0.3709,50,0,0.7699,6835.0,6,0,0,0,1.0,0
0.4339,43,0,0.4642,12531.0,10,0,0,0,1.0,0
0.316,60,0,0.625,2581.0,8,0,0,0,0.0,0
0.1779,61,0,0.7144,9610.0,13,0,0,0,2.0,0
5.96,34,1,0.5012,6046.0,8,0,1,0,1.0,0
0.5506,66,0,0.8177,8107.0,13,0,0,0,0.0,0
1.7835,53,0,0.3608,7071.0,7,0,1,0,1.0,0
0.1739,60,0,0.6296,3805.0,5,0,0,0,1.0,0
3.1065,68,0,0.1278,4545.0,8,0,0,0,2.0,0
0.0982,64,0,0.491,3867.0,7,0,1,0,0.0,0
2.6045,61,2,0.3393,7885.0,7,0,0,1,1.0,0
0.1359,66,0,0.4407,5197.0,9,0,1,0,2.0,0
0.3034,47,0,0.6474,,3,0,3,0,1.0,0
0.2704,66,0,0.1736,16752.0,10,0,2,0,1.0,0
0.2622,38,0,0.2043,3909.0,11,0,1,0,0.0,0
0.6399,46,0,0.1927,4217.0,8,0,0,0,0.0,0
0.207,27,0,0.3938,4598.0,9,0,2,0,1.0,0
1.163,71,0,0.467,9877.0,7,0,0,0,0.0,0
0.0423,50,0,0.5599,5948.0,4,0,5,0,0.0,0
0.1003,44,0,0.4337,,5,0,1,0,1.0,0
2.8241,54,0,0.4391,5447.0,8,1,1,0,0.0,0
0.251,53,0,0.8976,10465.0,5,0,2,0,0.0,0
0.7508,23,1,0.4939,,4,1,1,0,5.0,0
0.748,56,0,0.6897,1121.0,5,0,0,0,0.0,0
0.3779,72,0,0.3171,,2,0,1,0,0.0,0
0.0788,56,3,0.7456,9003.0,5,0,0,0,0.0,0
0.5794,46,0,0.6111,4664.0,8,0,0,0,1.0,0
0.1639,49,0,0.5307,8192.0,6,0,2,0,1.0,0
0.218,54,0,0.2697,3257.0,16,0,0,0,0.0,0
2.2048,61,0,0.7647,19843.0,9,0,1,0,0.0,0
0.5127,56,0,0.2693,15442.0,11,0,1,0,2.0,0
1.3068,33,0,0.8543,5102.0,5,0,1,0,0.0,0
0.327,51,0,0.8631,11147.0,14,0,2,0,0.0,0
0.4073,65,0,0.2813,2859.0,5,0,1,0,1.0,0
0.3159,55,0,0.0769,13651.0,2,0,2,0,1.0,0
0.1415,30,0,0.4089,,7,0,0,0,3.0,0
0.3547,48,0,0.0131,3521.0,12,0,2,0,0.0,0
0.7526,41,0,0.9578,9881.0,8,0,0,0,,0
0.5958,52,0,0.5981,4357.0,11,0,0,0,0.0,0
0.2937,56,0,0.6016,12799.0,1,0,0,0,1.0,0
0.0929,49,0,0.1477,5593.0,7,0,1,0,5.0,0
0.0176,46,0,0.5929,4578.0,10,0,1,0,1.0,0
0.2518,71,0,0.8103,4872.0,6,0,2,0,1.0,0
0.4806,44,0,0.5389,6936.0,7,0,2,0,1.0,0
2.2093,52,0,0.6469,5110.0,10,0,1,0,0.0,0
3.7367,27,0,0.3756,5780.0,7,0,2,0,3.0,0
0.5164,66,0,0.392,5087.0,4,0,1,0,0.0,0
0.189,47,0,0.2576,8584.0,7,0,1,0,0.0,0
6.4987,41,0,0.579,5857.0,11,0,2,0,0.0,0
3.9389,33,0,0.7316,,8,0,1,0,0.0,0
0.2223,50,0,0.6283,,12,0,2,0,0.0,0
3.4957,71,0,0.8065,,10,0,3,0,0.0,0
0.6221,62,0,0.2705,8967.0,9,0,1,0,1.0,0
1.1364,49,0,0.3922,2301.0,8,0,0,0,0.0,1
0.2867,43,0,0.2193,4020.0,7,0,2,0,1.0,0
0.1087,71,0,0.2542,2650.0,11,0,0,0,0.0,0
0.355,40,0,0.649,4012.0,3,0,0,0,0.0,0
0.4902,54,0,0.1671,2848.0,7,0,1,1,0.0,0
0.1047,50,0,0.3163,2060.0,4,0,2,0,0.0,0
0.422,74,0,0.831,5347.0,8,0,0,0,2.0,0
1.2238,50,0,0.1763,3430.0,7,0,2,0,1.0,0
0.5042,85,0,0.5994,6933.0,9,0,3,0,2.0,0
0.2352,56,0,0.9905,5139.0,7,0,1,0,0.0,0
0.1396,34,3,0.6169,2457.0,11,0,1,1,1.0,0
0.8578,66,0,0.5792,2803.0,8,0,0,0,1.0,1
2.4667,73,0,0.4752,18847.0,4,0,0,0,1.0,0
0.1519,55,0,0.783,8231.0,11,0,0,0,0.0,0
2.4219,64,0,0.4419,,7,0,1,0,0.0,0
0.6041,81,0,0.4306,5478.0,10,0,0,0,0.0,0
0.2558,61,0,0.8615,7644.0,8,0,1,0,0.0,0
0.0014,30,0,0.5566,4639.0,5,0,0,0,1.0,0
0.5721,39,0,0.5364,,10,1,0,0,0.0,0
0.2048,52,0,0.3389,9500.0,8,0,1,0,1.0,0
0.3894,49,0,0.2024,,9,0,0,0,2.0,0
0.2206,41,1,0.3585,,6,0,0,0,0.0,0
0.1133,69,0,0.6337,10141.0,6,0,2,0,1.0,0
0.1092,47,0,0.3429,5426.0,12,0,3,0,0.0,0
0.9318,82,0,0.2938,22269.0,7,0,1,0,2.0,0
0.3917,48,0,0.3548,,10,0,0,0,0.0,0
0.2232,62,0,0.2045,3343.0,8,0,0,0,1.0,0
0.4475,75,0,0.1656,1981.0,10,0,2,0,1.0,0
0.4304,63,0,0.4326,12162.0,6,0,0,0,0.0,0
2.0187,58,0,0.7159,,7,0,0,0,2.0,0
0.5441,66,0,1.5502,,7,0,2,0,1.0,0
0.0917,68,0,0.1781,2369.0,3,0,3,0,0.0,0
0.6615,58,0,1.0815,6746.0,4,0,1,0,1.0,0
0.0236,59,0,0.2036,3946.0,12,0,1,0,1.0,0
0.3893,67,0,0.7356,2626.0,11,1,3,0,2.0,0
0.4392,50,0,0.4051,,5,0,1,0,2.0,0
0.2183,41,0,0.7835,7011.0,10,0,2,0,0.0,0
2.3917,79,0,0.3226,16799.0,6,0,2,0,0.0,0
0.3752,52,0,0.6113,3039.0,5,0,0,0,0.0,0
1.1249,40,0,0.9164,,12,0,0,0,1.0,1
0.6654,59,0,0.206,5384.0,4,0,0,0,0.0,0
0.3681,29,0,0.8902,,7,0,0,0,1.0,0
0.095,60,0,0.6824,,5,0,0,0,0.0,0
0.336,49,0,0.916,2813.0,3,0,0,0,1.0,0
0.078,25,0,0.0915,,16,0,1,0,4.0,0
0.27,53,0,0.7961,4164.0,11,0,0,0,0.0,0
0.0295,39,0,0.6819,2033.0,11,0,3,0,2.0,0
0.706,55,0,0.9135,5988.0,11,0,1,0,1.0,0
0.2532,48,0,0.2114,,4,0,1,0,0.0,0
0.3281,39,0,0.1135,7883.0,2,0,1,0,1.0,0
1.0215,59,3,0.4782,10009.0,8,0,0,0,0.0,0
0.7215,31,0,0.8278,8247.0,10,0,2,0,0.0,0
2.5846,40,0,0.3668,7646.0,12,0,0,0,0.0,0
0.1497,53,0,0.3752,,9,0,0,0,1.0,0
0.3939,51,0,0.849,10026.0,8,0,1,0,0.0,0
0.6632,45,0,0.1228,4027.0,13,0,0,0,1.0,0
3.1508,40,0,0.2401,15574.0,9,0,3,0,0.0,0
0.4488,39,0,0.3036,8482.0,10,0,2,0,1.0,0
0.2842,61,0,0.1091,3394.0,11,0,0,0,,0
1.0068,54,0,0.5706,8779.0,5,0,0,0,0.0,0
0.6638,65,0,0.2881,6888.0,9,0,2,0,2.0,0
0.3781,32,0,0.6045,7853.0,8,0,4,0,1.0,0
0.9278,61,0,0.4681,1551.0,11,0,1,0,1.0,0
2.8039,52,0,0.7415,4003.0,11,0,0,0,0.0,1
1.7808,48,0,0.5643,10387.0,4,0,0,0,1.0,0
0.0098,54,0,0.1053,3853.0,7,0,0,0,,0
1.6875,55,0,0.7959,6428.0,12,0,2,0,,0
0.076,52,0,0.2574,7123.0,12,0,1,0,0.0,0
0.0271,35,0,0.3023,3276.0,8,0,0,0,0.0,0
0.3608,42,0,0.3419,9609.0,7,0,1,0,2.0,0
1.0749,56,0,1.0403,,10,0,3,0,1.0,0
0.3397,53,0,0.2295,7885.0,8,0,1,0,2.0,0
0.9135,41,0,1.0719,2135.0,9,0,1,0,2.0,0
0.4833,64,0,0.0748,8227.0,6,0,1,0,1.0,0
1.0978,53,0,0.6447,,8,0,1,0,0.0,0
0.6407,57,0,0.3174,17027.0,14,0,4,0,0.0,0
10.2561,72,0,0.5228,3790.0,10,0,1,0,1.0,1
0.5504,56,0,0.5155,2911.0,10,0,0,0,0.0,0
0.1337,46,0,0.199,4624.0,8,0,0,0,0.0,0
1.573,27,0,0.5875,1303.0,7,0,0,0,1.0,0
0.1381,35,0,0.9317,4948.0,4,0,1,0,1.0,0
0.0394,33,0,0.7066,4773.0,8,0,0,0,1.0,0
0.0927,30,2,0.6015,14929.0,13,0,3,1,0.0,0
0.1159,51,0,1.1908,4060.0,9,0,1,0,0.0,0
0.3212,21,0,0.2033,10238.0,8,0,2,0,1.0,1
0.5508,50,0,0.7297,3460.0,5,0,0,0,1.0,1
0.514,51,0,0.5862,5558.0,11,0,1,0,1.0,0
0.1508,55,0,0.6282,,8,0,3,0,3.0,0
0.4287,59,0,0.643,1818.0,5,0,0,0,0.0,0
0.2705,57,0,0.5333,6515.0,6,0,2,0,1.0,0
7.7201,60,0,0.6978,3081.0,10,0,1,0,0.0,0
0.4081,40,0,0.2601,1308.0,4,0,2,0,1.0,0
0.4773,44,0,0.8997,5707.0,5,0,0,0,1.0,0
1.4292,93,0,0.3868,20736.0,9,0,1,0,0.0,0
0.2636,65,0,0.5009,9804.0,9,0,0,0,0.0,0
7.2046,66,0,0.6909,2513.0,11,0,0,0,0.0,0
0.2048,30,0,0.105,6936.0,5,0,1,0,1.0,0
0.3629,69,0,0.1541,6547.0,6,0,2,0,0.0,0
0.3035,25,0,0.8369,18863.0,15,0,0,0,0.0,0
0.8811,28,1,0.3864,3842.0,9,0,1,1,0.0,0
0.2558,63,0,0.3308,,8,0,1,0,0.0,0
0.6898,74,0,0.4195,,3,0,1,0,2.0,0
0.2943,35,0,0.1664,7893.0,7,0,0,0,0.0,0
0.347,35,0,0.69,8995.0,9,0,1,0,2.0,0
0.6628,44,0,0.6113,10769.0,11,0,1,0,1.0,0
0.4584,21,0,0.4527,6330.0,11,0,2,0,1.0,0
0.6505,55,0,0.5355,7122.0,9,0,1,0,2.0,0
0.5472,59,0,0.6394,2882.0,6,0,1,0,0.0,0
0.0595,42,0,0.3154,1458.0,5,0,0,0,1.0,0
0.5579,21,0,0.8135,2036.0,12,0,0,0,0.0,0
0.3613,41,0,0.6321,,8,0,1,0,0.0,0
5.8941,70,0,0.961,2989.0,6,0,0,0,0.0,1
0.0754,63,0,0.0835,5473.0,7,0,1,0,1.0,0
0.1091,51,0,0.3638,4470.0,4,0,1,1,1.0,0
0.3517,50,0,0.3236,3669.0,9,0,0,0,2.0,0
0.1047,47,0,0.5424,9299.0,8,0,0,0,0.0,0
0.0305,64,0,0.1408,4931.0,8,0,0,0,1.0,0
0.4077,62,0,0.4045,6529.0,8,0,2,0,1.0,0
0.384,33,0,0.3345,,13,0,2,0,2.0,0
4.6075,48,1,0.2095,10591.0,14,0,1,0,1.0,0
0.7734,45,0,0.6515,2073.0,6,0,2,0,1.0,0
7.2341,68,0,0.7849,26375.0,5,0,0,0,1.0,0
3.5713,67,0,0.4833,2796.0,7,0,1,0,1.0,0
0.0976,41,0,0.6666,13689.0,7,0,0,0,0.0,0
0.845,59,0,0.0598,,8,0,0,0,1.0,0
0.5987,61,0,0.3249,8379.0,8,0,2,0,,0
1.2217,51,0,0.4703,3186.0,14,0,0,0,1.0,1
0.2778,53,0,1.1005,,8,0,0,0,,0
0.1242,71,0,0.2781,8212.0,10,0,1,0,1.0,0
0.4767,45,0,0.4054,3260.0,5,0,0,0,0.0,0
2.3236,69,2,0.32,5504.0,8,1,0,0,1.0,0
0.3771,67,0,0.1832,8267.0,8,0,1,0,1.0,0
0.2456,55,0,0.5518,4624.0,10,0,0,0,0.0,0
0.4159,40,0,0.0352,4959.0,8,0,2,0,1.0,0
0.5454,59,0,0.6418,4430.0,5,0,1,0,0.0,0
0.0873,56,0,0.6352,,13,0,0,0,1.0,0
0.1396,29,0,0.5194,1849.0,5,0,2,0,1.0,0
4.1889,60,0,1.0507,2180.0,11,0,0,0,3.0,0
0.4307,43,0,0.0721,8094.0,7,0,1,0,2.0,0
2.211,59,0,0.2624,5507.0,9,0,1,0,0.0,0
0.765,71,0,0.409,8486.0,7,0,1,0,0.0,0
0.2803,26,0,0.4904,4248.0,5,0,2,0,0.0,0
0.413,37,0,0.6428,,4,0,1,0,1.0,0
0.4764,35,0,0.2434,15784.0,6,0,1,0,0.0,1
0.0111,38,0,0.2937,5632.0,11,0,0,0,0.0,0
2.2905,54,0,0.0617,4429.0,10,0,0,0,1.0,0
0.1836,46,0,0.2566,3094.0,9,0,2,0,0.0,0
0.248,30,0,0.4947,10026.0,8,0,1,0,1.0,0
4.405,29,0,0.5651,2706.0,7,0,0,0,0.0,1
0.0707,21,0,0.2738,3492.0,5,0,1,0,1.0,0
0.1636,60,0,0.4481,4253.0,7,0,0,0,2.0,0
0.3849,42,0,0.2727,8414.0,8,0,1,0,1.0,0
0.332,34,0,0.6948,,9,0,2,0,0.0,0
0.1532,41,0,0.2804,35821.0,9,0,1,0,2.0,1
0.2899,51,0,0.5962,10223.0,4,0,0,0,,0
1.8677,43,0,0.3832,5919.0,8,1,1,0,2.0,0
0.1106,64,1,1.1709,4417.0,11,0,0,0,2.0,1
0.5606,56,0,0.7906,2865.0,13,0,0,0,1.0,0
0.6561,47,0,0.8945,6824.0,9,0,3,0,1.0,0
2.7008,35,0,0.77,3793.0,10,0,0,0,3.0,0
0.0919,67,0,0.5146,2304.0,8,0,1,0,0.0,0
1.7311,61,0,0.3353,,4,0,0,0,1.0,0
0.2301,23,0,0.6042,8862.0,9,0,2,0,1.0,0
0.709,64,0,0.6064,4640.0,9,0,1,0,3.0,0
1.0829,59,0,0.241,2246.0,10,0,0,0,0.0,0
0.2292,58,2,0.6493,2565.0,9,0,1,0,1.0,0
0.4464,61,0,0.3553,,13,0,1,0,1.0,0
1.0413,55,0,0.7957,8119.0,7,0,0,0,0.0,0
0.5542,73,0,0.4137,1900.0,2,0,1,0,0.0,0
0.1037,49,0,0.5563,5435.0,9,0,1,0,0.0,0
0.0625,21,0,0.6575,,11,0,0,0,0.0,0
0.113,58,0,1.0279,9114.0,7,0,1,0,1.0,0
0.4513,65,0,0.6155,4423.0,9,0,2,0,0.0,1
0.4748,52,0,0.3983,7222.0,6,0,2,0,1.0,0
0.2943,43,0,0.688,6212.0,10,0,1,0,1.0,0
0.4513,66,0,0.3031,5000.0,11,0,1,0,1.0,0
0.2722,55,0,0.7432,4700.0,4,0,0,0,0.0,0
0.2269,24,0,0.4074,6623.0,9,0,0,0,0.0,0
0.8835,47,0,0.9502,,6,0,0,0,1.0,0
0.4387,34,0,0.6326,5409.0,6,0,1,0,0.0,0
0.2704,53,0,0.4738,4394.0,11,0,2,0,0.0,0
0.3749,39,0,0.1446,6685.0,5,0,0,0,0.0,0
1.2399,74,2,0.8338,,10,1,0,0,0.0,0
2.8942,24,0,0.4241,4885.0,9,0,2,0,0.0,0
0.1487,83,0,0.3122,,8,0,1,0,0.0,0
0.0201,85,0,0.3202,16244.0,10,0,2,0,0.0,0
0.5346,42,0,0.5747,,9,0,1,0,1.0,0
0.3487,42,0,0.5424,5810.0,5,0,2,0,0.0,0
4.945,61,0,0.2815,6909.0,3,0,0,0,1.0,0
2.3413,70,0,0.5689,2182.0,4,0,0,0,1.0,1
0.6369,39,0,0.6232,,11,0,1,0,1.0,0
0.0451,45,0,0.1072,,8,0,2,0,1.0,0
0.6811,74,0,0.1139,7203.0,9,0,0,0,1.0,0
0.1671,61,0,0.3399,10244.0,3,0,0,0,1.0,0
0.6213,50,0,0.1192,,6,0,0,0,,0
0.6624,49,0,0.6618,7497.0,8,0,1,0,1.0,0
0.7606,77,0,0.8102,12691.0,5,0,0,0,1.0,0
0.0383,48,0,0.4994,17399.0,9,0,2,0,0.0,0
0.0811,40,0,0.4073,4740.0,10,0,0,0,0.0,0
0.0568,56,0,0.7631,2514.0,11,0,1,0,0.0,0
6.0154,61,0,0.0593,20665.0,6,0,0,0,1.0,0
0.0897,38,0,0.876,3207.0,10,0,0,0,0.0,0
0.7615,55,0,0.6676,2377.0,8,0,1,0,0.0,1
0.6725,51,2,0.7636,2307.0,5,0,1,0,0.0,0
0.1219,58,0,0.8832,,10,0,0,0,1.0,0
0.2515,69,0,0.0918,12424.0,10,0,0,0,0.0,0
0.8428,56,0,0.5703,2070.0,8,0,0,0,0.0,0
1.1086,64,0,0.9472,8099.0,4,0,0,0,2.0,0
0.3699,42,0,0.3794,6742.0,6,0,0,0,1.0,0
0.1565,54,0,0.2275,5690.0,9,0,1,0,1.0,0
0.2932,38,0,0.563,4473.0,11,0,0,0,1.0,0
0.4654,36,0,0.4672,5762.0,8,0,1,0,0.0,0
0.2675,63,0,0.194,4599.0,5,0,1,0,1.0,0
0.5112,51,0,0.3088,6524.0,6,0,3,0,,0
0.1068,60,0,0.261,6921.0,7,0,3,0,1.0,0
0.348,49,0,0.6113,8886.0,9,0,2,0,0.0,0
0.4871,39,0,0.3541,2518.0,6,0,2,0,1.0,0
0.2079,84,0,1.0154,4894.0,11,0,2,0,0.0,0
0.5408,39,0,0.1943,11025.0,1,0,0,0,0.0,0
0.163,47,0,1.1895,4051.0,6,0,0,0,0.0,0
0.9844,82,0,1.1612,8532.0,10,0,0,0,1.0,0
0.262,49,0,0.1555,,12,0,0,0,1.0,0
0.2303,48,0,0.7372,,7,0,0,0,0.0,0
0.5888,48,0,0.8554,3195.0,6,0,2,0,0.0,0
0.9099,26,0,0.4356,2822.0,6,0,0,0,0.0,0
0.657,40,0,0.8208,1780.0,11,0,1,0,2.0,1
0.2604,63,0,0.1818,11624.0,8,0,0,0,0.0,0
0.4737,43,0,0.5239,4926.0,6,0,1,0,1.0,0
0.3,22,0,0.3261,3725.0,12,0,1,0,3.0,0
0.0962,32,0,0.5339,,12,0,1,0,1.0,0
0.1483,59,0,0.1908,6875.0,10,0,1,0,1.0,0
0.5789,50,0,0.9053,5252.0,12,0,0,0,0.0,0
0.1064,82,0,0.2655,4998.0,10,0,0,0,0.0,0
0.4451,32,0,0.8643,10001.0,11,0,1,0,0.0,0
0.2154,52,0,0.401,,12,0,0,0,2.0,0
0.6711,44,0,0.8308,3983.0,7,0,0,0,0.0,0
0.0892,49,0,0.1636,2945.0,6,0,1,0,0.0,0
0.5134,30,0,0.0553,3589.0,10,0,0,0,3.0,0
0.1793,40,0,0.2435,5046.0,9,0,1,0,1.0,0
0.7142,68,0,0.5187,5286.0,10,0,0,0,0.0,0
0.016,48,0,0.4375,2261.0,6,0,2,0,1.0,0
0.8126,68,0,0.3434,6893.0,4,0,1,0,4.0,0
0.0376,47,0,0.5185,11990.0,10,0,1,0,2.0,0
0.4119,58,0,0.5215,5445.0,10,0,0,0,0.0,0
0.2487,45,0,0.7108,6002.0,7,0,0,0,0.0,0
0.1514,49,0,0.9933,4881.0,8,0,4,0,1.0,0
0.7712,38,0,0.8708,3695.0,8,0,3,0,1.0,0
1.621,53,0,0.8926,6364.0,12,0,2,0,0.0,0
1.5713,77,0,1.0011,4299.0,6,0,1,0,0.0,0
0.2251,54,0,0.4816,,6,0,0,0,1.0,0
1.008,74,2,0.2065,3795.0,7,0,1,0,2.0,0
0.291,61,0,0.3726,,10,0,2,0,0.0,0
0.2586,54,0,0.087,3033.0,5,0,0,0,2.0,0
0.5098,37,1,0.3413,4435.0,7,2,2,4,2.0,0
0.5604,45,0,0.977,7496.0,10,0,0,0,1.0,0
2.2284,64,0,0.4905,17561.0,6,0,1,0,0.0,0
0.362,33,0,0.7493,9992.0,9,0,1,0,0.0,0
0.3688,47,0,0.1132,6327.0,8,0,1,0,1.0,0
0.8167,61,0,0.9145,3154.0,9,0,0,0,0.0,0
0.3174,55,0,0.2092,4327.0,6,0,0,0,0.0,0
0.0547,93,0,0.2362,3758.0,15,0,0,0,1.0,0
0.3173,60,0,0.3738,9556.0,10,0,2,0,1.0,0
2.5896,52,0,1.2685,5938.0,7,0,0,0,0.0,0
0.314,44,0,0.3281,2404.0,9,0,2,0,1.0,0
0.1885,44,0,0.862,14981.0,3,0,0,0,1.0,0
0.8029,46,0,0.4416,,11,0,0,0,1.0,0
0.0973,57,0,0.5234,11400.0,11,0,2,0,0.0,0
0.1898,91,0,0.7501,,12,0,0,0,,0
0.2826,49,0,1.0304,5417.0,8,0,1,0,0.0,0
0.6755,53,0,0.2494,14372.0,7,0,1,0,0.0,0
0.9261,48,0,0.585,6432.0,9,0,0,0,0.0,0
0.5457,47,0,0.8,,12,0,0,0,1.0,0
0.3541,30,0,0.2864,,3,0,4,0,3.0,0
0.6056,42,0,0.9649,3054.0,7,0,0,0,0.0,0
0.4588,44,0,0.336,12676.0,8,0,1,0,0.0,0
0.1993,74,0,0.4025,,6,0,0,0,0.0,0
0.8668,34,0,0.3664,,4,0,0,0,0.0,0
0.0516,53,0,0.9318,17729.0,11,0,0,0,2.0,0
0.0601,61,0,0.4393,2675.0,6,0,0,0,2.0,0
0.4857,55,0,0.2156,3449.0,6,0,1,0,1.0,0
0.0911,37,0,0.4516,5086.0,7,0,0,0,0.0,0
0.0354,50,0,0.5286,5010.0,7,0,3,0,2.0,0
0.0291,21,0,0.5905,2265.0,5,0,0,0,0.0,0
0.9838,66,0,0.33,1345.0,11,0,1,0,1.0,0
0.1103,58,0,0.0117,10208.0,6,0,2,0,0.0,0
3.2925,36,0,0.3093,4078.0,8,0,0,0,0.0,1
5.4411,67,0,0.4376,5832.0,10,0,0,0,3.0,0
3.641,49,1,0.3862,6463.0,5,0,2,0,1.0,0
0.5183,57,0,0.2537,6856.0,2,0,1,0,0.0,0
2.8413,52,0,0.4665,20379.0,9,0,0,0,0.0,0
0.0969,46,0,0.4232,4822.0,10,0,0,0,1.0,0
1.0264,42,0,0.0928,2143.0,6,0,0,0,2.0,0
0.3934,70,0,0.4697,1205.0,8,0,2,0,3.0,0
0.2847,50,1,0.5197,11983.0,10,0,1,0,0.0,0
3.7958,43,0,0.5494,,2,0,0,0,2.0,1
0.6315,48,0,0.8881,6602.0,7,0,0,0,2.0,0
0.6291,56,0,0.6482,9149.0,8,0,0,0,3.0,0
0.2899,54,0,0.4246,6588.0,3,0,1,0,0.0,0
0.2164,65,0,0.6343,,12,0,1,0,2.0,0
0.0771,58,0,0.2103,8445.0,7,0,1,0,0.0,0
1.0222,54,0,0.8605,3313.0,11,0,1,0,2.0,1
0.0356,58,0,0.4205,,6,0,2,0,1.0,0
0.2705,61,1,0.6189,8007.0,2,2,3,2,2.0,0
0.02,32,0,0.5137,1785.0,10,0,0,0,1.0,0
3.89,47,2,0.1139,4633.0,5,1,0,1,,0
0.3119,33,0,0.4253,4188.0,9,0,1,0,1.0,0
0.79,41,0,0.5273,3480.0,9,0,3,0,0.0,1
0.3265,49,0,0.8247,7048.0,5,0,0,0,1.0,0
0.1912,49,0,0.2013,24781.0,9,0,0,0,0.0,0
0.1057,46,0,0.5319,8403.0,6,0,4,0,1.0,0
0.7964,45,0,0.0334,4683.0,3,0,0,0,1.0,0
0.47,35,0,0.587,14041.0,5,0,1,0,1.0,0
0.3331,39,0,0.369,3619.0,4,0,0,0,0.0,0
0.4638,24,0,0.7035,2634.0,9,0,0,0,3.0,0
0.593,43,0,0.7674,9121.0,17,0,2,0,0.0,0
0.6766,49,0,0.4896,2290.0,7,0,2,0,0.0,0
0.5094,49,0,0.2965,4296.0,13,0,1,0,0.0,0
4.8081,63,0,0.2452,7011.0,6,0,2,0,0.0,0
0.0558,65,0,0.2465,4293.0,8,0,0,0,2.0,0
9.0148,47,0,0.1747,7914.0,6,0,1,0,1.0,0
0.9693,45,2,0.5822,16099.0,11,0,0,0,0.0,0
4.0862,74,0,1.3483,4366.0,7,0,0,0,1.0,1
0.1303,51,0,0.4254,6491.0,5,0,3,0,2.0,0
0.2807,46,0,0.9326,1629.0,14,0,2,0,1.0,0
1.5393,55,0,0.4759,4624.0,8,0,0,0,0.0,0
0.8968,65,0,0.5137,2786.0,10,0,2,0,2.0,0
0.2058,60,0,0.0487,,4,0,3,0,0.0,0
0.193,58,0,0.2114,2805.0,10,0,0,0,0.0,0
1.617,51,0,0.5869,4626.0,8,0,1,0,1.0,1
0.3012,46,0,0.6325,14233.0,8,0,0,0,1.0,0
0.4103,86,0,0.5151,1405.0,13,0,2,2,2.0,0
0.7434,21,0,0.4245,6130.0,10,0,2,0,0.0,0
0.0617,47,0,0.5514,,6,0,0,0,5.0,0
0.2736,54,0,0.6236,7767.0,8,0,0,0,0.0,0
0.4724,45,0,0.0331,4948.0,10,0,1,0,3.0,0
0.7116,38,0,0.0815,7914.0,4,0,1,0,2.0,0
0.1319,42,0,0.261,,6,0,1,0,0.0,0
0.3434,43,0,0.5203,6404.0,9,0,1,0,0.0,0
2.0309,62,2,0.3278,4159.0,13,0,2,0,1.0,0
5.263,50,0,0.267,5481.0,7,0,2,0,0.0,0
0.7224,46,0,0.2573,11944.0,6,0,0,0,1.0,0
0.4252,56,0,0.2392,6976.0,6,0,0,0,1.0,0
0.3609,27,1,0.5853,5337.0,9,0,1,0,0.0,0
5.072,45,0,0.3766,6447.0,7,0,1,0,0.0,0
1.8554,40,0,0.3601,5088.0,9,0,0,0,1.0,0
0.8909,47,0,0.8104,,11,0,3,0,0.0,0
0.2721,34,0,0.9541,,13,0,1,0,,0
1.4474,63,0,0.5843,4174.0,9,0,0,0,0.0,0
0.7007,39,0,0.1621,7606.0,5,0,2,0,0.0,0
0.4788,32,0,0.1414,,10,0,3,0,2.0,0
0.0517,45,0,0.4311,8345.0,9,0,0,0,0.0,0
0.7852,46,0,1.0054,5183.0,7,0,1,0,2.0,0
0.0801,56,0,1.1507,5083.0,7,0,0,0,0.0,0
2.5249,70,0,0.6607,6647.0,8,0,1,0,1.0,0
0.3594,52,0,0.1191,3148.0,5,0,1,0,1.0,0
0.7678,59,0,0.2441,11258.0,7,1,0,0,1.0,0
0.5467,42,0,0.1451,7547.0,9,0,0,0,1.0,0
0.5764,33,0,0.4392,7818.0,6,0,3,0,0.0,0
0.2707,58,0,0.181,,7,0,1,0,,0
0.4981,74,1,0.2467,7173.0,13,0,2,0,1.0,0
0.5505,45,0,0.3519,3362.0,8,0,1,0,2.0,0
0.6752,47,0,0.325,3725.0,9,0,1,0,2.0,0
1.7679,64,0,0.7616,7073.0,14,0,2,0,0.0,0
0.2669,61,0,0.6379,,6,0,0,0,0.0,0
1.1883,45,2,0.2854,,12,0,0,0,3.0,0
0.6929,68,0,0.5172,3225.0,9,0,2,0,0.0,0
0.18,39,0,1.0298,10442.0,9,0,0,0,0.0,0
0.0112,53,0,0.8831,3820.0,5,0,0,0,0.0,0
2.6723,36,0,0.544,,4,0,0,0,0.0,1
0.1379,52,0,0.5347,5384.0,9,0,0,0,1.0,0
0.1045,58,0,0.3503,9939.0,5,0,0,0,2.0,0
0.2167,45,0,0.4885,4691.0,5,0,0,0,1.0,0
6.7695,49,0,0.5816,,8,0,0,0,1.0,0
0.2505,54,0,0.3298,,12,0,3,0,1.0,0
0.5008,55,0,0.8663,3856.0,4,0,1,0,2.0,0
0.4633,43,0,0.2972,,6,0,1,0,1.0,0
0.6812,75,0,0.4263,1899.0,16,0,1,0,0.0,0
0.185,52,0,0.4838,6773.0,5,0,0,0,0.0,0
0.2024,58,0,0.2056,10695.0,10,0,0,0,1.0,0
0.1081,33,0,0.7291,9681.0,7,0,1,0,2.0,0
0.3639,56,0,0.7207,2978.0,10,0,2,0,0.0,0
0.5277,36,0,0.6017,5141.0,10,0,1,0,1.0,0
0.4618,66,0,0.5464,7181.0,7,0,0,0,,0
0.5218,55,0,0.3242,9872.0,10,0,1,0,0.0,0
2.938,43,0,1.0255,2946.0,11,0,1,0,0.0,0
0.1058,50,0,0.0709,7807.0,3,0,1,0,2.0,1
0.2382,62,0,0.4893,20922.0,12,0,3,0,0.0,0
0.0713,50,0,0.8052,,8,0,0,0,2.0,0
8.5658,45,0,0.1576,,14,0,1,0,1.0,0
1.2528,58,0,0.5788,12854.0,10,0,2,0,0.0,0
0.7019,52,0,0.3359,4729.0,6,0,3,0,2.0,0
0.1324,70,0,0.1747,6389.0,6,0,0,0,0.0,0
0.9239,73,0,0.1301,2499.0,5,0,1,0,1.0,0
0.8653,32,2,0.7108,,6,0,1,0,0.0,0
0.0081,47,0,0.3477,4907.0,10,0,2,0,0.0,0
0.3578,86,0,0.6575,6822.0,6,0,0,0,1.0,0
0.4289,60,0,0.1646,4588.0,7,0,1,0,1.0,0
0.9576,64,0,0.2108,,7,0,1,0,1.0,0
0.2495,56,0,0.6514,4958.0,6,0,4,0,0.0,0
0.5671,56,0,0.468,15675.0,7,0,3,0,2.0,0
0.4386,21,0,0.2196,,7,0,1,0,0.0,0
0.7727,60,0,1.0893,,12,0,3,0,2.0,0
1.5419,74,0,0.7244,10388.0,11,0,2,0,0.0,0
0.1596,36,0,0.1066,5614.0,10,0,2,0,0.0,0
0.9699,41,0,0.485,1961.0,7,0,0,0,0.0,0
1.1756,50,0,0.2121,8590.0,13,0,1,0,0.0,0
0.7394,29,0,0.5674,4596.0,10,0,2,0,0.0,1
0.4255,46,0,0.5414,3268.0,6,0,0,0,0.0,0
0.706,35,1,0.4477,5519.0,8,0,1,1,1.0,0
0.3907,58,0,0.5593,8517.0,4,0,0,0,1.0,0
0.5732,55,0,0.1947,,8,0,1,0,0.0,0
0.1488,47,0,0.252,7949.0,7,0,1,0,0.0,0
0.1295,45,0,0.9323,,6,0,0,0,1.0,0
0.2937,53,0,0.3535,11169.0,9,0,2,0,1.0,0
0.1933,67,0,0.6226,21726.0,6,0,1,0,0.0,0
0.2294,44,0,0.249,2305.0,8,0,0,0,2.0,0
0.3778,53,0,0.4933,,9,0,2,0,2.0,0
1.0976,71,0,0.157,3842.0,15,0,1,0,0.0,0
0.2367,40,0,0.3514,6285.0,8,0,1,0,2.0,1
1.4722,67,0,0.1534,8734.0,9,0,0,0,0.0,0
0.0889,48,0,0.2016,2502.0,9,0,1,0,1.0,0
0.5646,78,0,0.7173,6639.0,8,0,0,0,2.0,0
0.9239,21,0,0.2205,10959.0,16,0,1,0,0.0,0
0.7888,42,0,0.2876,3696.0,7,0,1,0,1.0,0
0.5621,55,0,0.565,2535.0,7,0,2,0,0.0,0
0.3222,55,0,0.5569,8668.0,4,0,1,0,0.0,0
0.3159,63,0,0.3822,,7,0,0,0,1.0,0
1.1406,50,0,1.0963,18913.0,5,0,0,0,1.0,0
0.4536,70,0,0.4484,,10,0,2,0,2.0,0
0.1015,63,0,0.4603,4052.0,2,0,2,0,0.0,0
1.9964,38,0,0.2738,3326.0,8,0,0,0,0.0,0
0.2344,68,0,0.8773,2432.0,9,0,0,0,0.0,0
3.3605,57,0,0.4227,3233.0,10,0,1,0,2.0,0
0.3039,62,0,0.5724,4459.0,4,0,1,0,0.0,0
0.9086,72,0,0.4899,,11,0,1,0,2.0,0
0.27,27,2,0.5405,8861.0,5,0,2,0,2.0,0
0.0456,29,0,0.6593,1918.0,7,0,2,0,2.0,0
0.3124,59,0,0.629,4751.0,8,0,0,0,2.0,0
0.5423,21,0,0.0559,1634.0,7,0,1,0,0.0,1
0.2394,50,1,1.244,10041.0,12,0,0,0,0.0,0
0.1689,55,0,0.4756,9818.0,10,0,1,0,1.0,0
0.6655,46,0,0.6482,5995.0,8,0,1,0,1.0,0
1.7844,69,0,0.5615,10058.0,10,0,0,0,1.0,0
0.4686,55,0,0.6024,13864.0,8,0,2,0,2.0,0
0.2287,86,0,0.8269,3577.0,8,0,1,0,0.0,0
0.0705,36,0,1.1197,2352.0,7,0,0,0,1.0,0
0.7741,63,0,0.6383,2796.0,11,0,0,0,0.0,0
9.0127,62,0,0.2254,2084.0,7,0,0,0,2.0,0
0.5887,50,0,0.34,1989.0,7,0,0,0,1.0,0
0.1077,59,0,0.2334,,6,0,1,0,1.0,0
0.132,51,0,0.1304,20745.0,7,0,2,0,0.0,0
0.1675,32,0,0.8063,5535.0,10,0,2,0,2.0,0
0.247,55,0,0.2386,926.0,9,0,2,0,0.0,0
0.0941,76,0,0.1274,7030.0,11,0,0,0,1.0,0
0.0256,75,0,0.7852,2914.0,4,0,1,0,1.0,0
0.7954,39,0,0.0912,4897.0,5,0,0,1,0.0,0
0.3404,53,0,0.4541,3934.0,10,0,1,0,0.0,0
0.4296,72,0,0.3088,3187.0,11,0,3,0,0.0,0
0.7895,35,0,0.662,9068.0,5,0,1,0,2.0,0
0.1509,54,0,0.5998,4116.0,10,0,0,0,1.0,0
2.1004,40,0,0.1263,5222.0,8,0,0,0,0.0,1
0.7565,66,0,0.8152,3940.0,10,0,3,0,1.0,0
0.3763,56,0,0.577,,9,0,0,0,1.0,0
1.1991,41,0,0.6141,3856.0,11,0,0,0,1.0,1
0.5493,46,2,0.4088,,13,0,0,1,1.0,0
0.0696,67,0,0.4658,,10,0,2,0,0.0,0
0.0899,49,0,0.5659,13292.0,6,0,0,0,0.0,0
0.2884,40,0,0.7896,5310.0,8,0,0,0,0.0,0
1.6563,62,0,0.6912,,9,0,0,0,1.0,1
3.8215,56,0,0.3565,12658.0,10,0,1,0,1.0,0
0.0078,51,0,0.4476,6259.0,3,0,2,0,3.0,0
0.8897,47,0,0.6245,4638.0,8,0,1,0,2.0,0
0.565,56,0,0.2614,13486.0,6,0,3,0,2.0,0
0.7355,63,0,0.2844,6045.0,10,0,3,0,2.0,0
0.435,40,0,0.517,7825.0,5,0,0,0,0.0,0
3.6245,42,0,0.7413,,10,0,0,0,2.0,0
0.0963,56,0,0.6128,8448.0,11,0,0,0,0.0,0
0.9442,51,0,0.2575,,8,0,1,0,1.0,0
0.3084,52,0,0.7201,,11,0,2,0,1.0,0
0.0832,42,0,0.4709,2341.0,8,0,0,0,1.0,0
0.8616,61,0,0.9408,,10,0,0,0,1.0,1
0.6324,40,0,0.6004,6856.0,12,1,0,1,1.0,0
0.3276,68,0,0.8088,8085.0,7,0,2,0,0.0,0
0.1758,69,0,0.0019,5826.0,5,0,1,0,2.0,0
4.4326,72,0,0.3742,7622.0,8,0,0,0,2.0,0
0.1591,81,0,0.6078,2534.0,9,0,1,0,1.0,0
0.1274,46,0,0.4124,4560.0,10,0,1,0,0.0,0
0.7781,70,0,0.2199,5043.0,6,0,2,0,1.0,0
4.9097,43,1,0.6963,8757.0,11,0,2,0,3.0,0
0.1752,32,0,0.6569,3764.0,7,0,0,0,3.0,0
0.6958,36,0,0.1802,7523.0,8,0,2,0,0.0,0
0.1313,41,0,0.2261,2688.0,9,0,0,0,0.0,0
0.212,29,0,0.5642,16970.0,7,0,0,0,1.0,0
0.7056,80,0,0.6162,8668.0,8,0,1,0,2.0,0
5.7049,49,0,0.7713,3133.0,13,0,0,0,0.0,0
0.3335,69,0,0.2334,7093.0,6,0,0,0,2.0,0
1.4775,70,0,0.5865,1584.0,7,0,1,0,0.0,0
0.1509,41,0,0.0171,11324.0,6,0,1,0,1.0,0
0.5033,54,0,0.456,3595.0,6,0,1,0,0.0,0
0.5951,33,0,0.2178,,8,0,0,0,1.0,0
3.4721,58,0,0.3457,4283.0,7,0,1,0,,0
0.318,60,0,0.2818,7296.0,10,0,1,0,2.0,0
0.0817,76,0,0.2675,8129.0,8,0,1,0,0.0,0
0.0386,50,0,0.9417,,8,0,3,0,0.0,0
0.0279,64,0,0.8894,23005.0,8,0,0,0,1.0,0
0.7039,43,0,0.3936,5337.0,7,0,2,0,0.0,0
1.4761,74,0,0.6373,6401.0,11,0,0,0,0.0,0
0.9463,61,0,0.3054,7048.0,11,0,0,0,0.0,0
0.3597,32,0,0.4627,13092.0,11,0,1,0,1.0,0
1.3647,37,0,0.6705,3265.0,8,0,1,1,1.0,0
1.0397,53,0,0.2528,2699.0,6,0,2,0,2.0,0
7.0253,55,0,0.6992,9247.0,6,0,1,0,1.0,0
0.7492,45,0,0.7527,,8,0,1,0,1.0,1
0.3258,55,0,0.7359,11093.0,9,0,1,0,2.0,0
0.2632,22,0,0.7395,14526.0,12,0,1,0,0.0,0
0.005,39,0,0.0376,2341.0,4,0,1,0,0.0,0
0.156,40,0,0.7792,1958.0,3,0,1,0,1.0,0
0.226,67,0,0.1446,3159.0,5,0,1,0,3.0,0
0.2775,40,0,0.6043,6544.0,15,0,1,0,1.0,0
1.4453,25,0,0.2512,2757.0,5,0,1,0,0.0,0
0.2916,63,0,0.2461,4391.0,7,0,4,0,,0
4.6078,65,0,0.2633,5639.0,9,0,0,0,0.0,0
0.2595,30,0,0.4272,8807.0,3,0,2,0,0.0,0
0.7009,50,0,1.0599,3762.0,7,0,1,0,1.0,0
0.5146,31,0,0.4892,7404.0,16,0,0,0,2.0,0
0.0376,48,0,0.3152,18833.0,8,0,0,0,1.0,0
0.0965,47,0,0.6426,4666.0,6,0,1,0,0.0,0
0.7237,71,0,0.7302,,5,0,1,0,3.0,0
0.284,68,0,0.7228,4371.0,11,0,0,0,1.0,0
1.017,44,0,0.356,15772.0,8,0,2,0,2.0,0
0.3447,58,0,0.3567,3808.0,6,0,1,0,0.0,0
4.5791,45,0,0.8317,2108.0,8,0,0,0,0.0,0
0.2793,59,0,0.163,10149.0,14,0,2,0,0.0,0
4.5515,52,0,0.6283,5543.0,12,0,0,0,0.0,0
0.0247,46,0,0.5479,4327.0,10,0,1,0,1.0,0
0.6548,67,0,0.8437,7602.0,6,0,1,0,0.0,0
0.3202,50,0,1.1631,4142.0,6,0,0,0,2.0,0
0.1732,77,0,0.3748,4170.0,5,0,3,0,1.0,0
2.3542,44,3,0.1423,,3,0,1,1,1.0,0
0.1864,61,0,0.277,,12,0,2,0,0.0,0
0.4898,39,0,0.6109,1936.0,7,0,2,0,1.0,0
0.0217,61,0,0.3015,,8,0,1,0,0.0,0
0.7731,75,0,0.3779,5466.0,8,0,0,0,1.0,0
0.4853,62,0,1.1518,,6,0,0,0,,0
0.4097,76,0,0.4991,17738.0,11,0,2,0,3.0,0
0.6368,38,0,0.0937,8823.0,13,0,2,0,0.0,0
0.5136,61,0,0.9985,5298.0,9,0,0,0,0.0,0
0.4564,50,0,0.6479,,9,0,3,0,,0
0.6414,36,0,0.3542,8591.0,9,0,1,0,0.0,0
0.3427,51,0,0.3832,10167.0,6,0,2,0,0.0,0
0.4608,70,0,0.9673,7516.0,9,0,0,0,2.0,0
3.48,51,0,0.136,9095.0,4,0,1,0,0.0,0
0.4883,61,0,0.2923,13651.0,8,0,0,0,0.0,0
0.0392,40,0,0.1673,,4,0,1,0,1.0,0
0.2834,64,0,0.4887,4882.0,5,0,1,0,2.0,0
0.1589,53,0,0.462,8961.0,6,0,0,0,0.0,0
1.7494,51,0,0.4605,36460.0,6,0,1,0,1.0,0
0.099,56,0,0.4394,4197.0,3,0,0,0,0.0,0
0.3679,83,4,0.6973,2922.0,6,0,1,0,1.0,0
0.0473,72,0,0.0676,6234.0,9,0,1,0,,0
0.259,39,0,0.584,4900.0,4,0,0,0,0.0,0
0.9033,57,0,0.902,,8,0,0,0,1.0,0
0.7365,47,0,0.2919,5046.0,2,0,1,0,2.0,0
0.1487,53,0,0.3166,2839.0,7,0,1,0,2.0,0
0.597,46,0,0.8371,4150.0,7,0,3,0,3.0,0
0.1915,55,0,0.248,13060.0,4,0,1,0,1.0,0
0.0915,73,0,0.4058,14065.0,13,0,0,0,1.0,0
0.4804,34,0,0.425,4960.0,9,0,2,0,3.0,0
0.2726,47,0,0.2901,,9,0,1,0,2.0,0
0.3223,49,0,0.3548,,6,0,3,0,3.0,0
0.0183,41,0,0.3198,2719.0,7,0,2,0,1.0,0
0.1,45,1,0.755,3267.0,9,0,2,0,5.0,0
0.3091,36,0,0.5227,1887.0,8,0,2,0,2.0,0
0.1472,65,0,0.4467,3455.0,5,0,2,0,0.0,0
0.9018,32,0,0.3633,1284.0,11,0,1,0,2.0,0
0.0545,83,0,0.4068,3627.0,13,0,1,0,0.0,0
0.2999,49,0,0.7145,4043.0,4,0,1,0,0.0,0
0.0485,39,0,0.2536,7522.0,8,0,2,0,0.0,0
0.1983,37,0,0.5937,5681.0,9,0,1,0,2.0,0
0.0207,60,0,0.1998,,9,0,0,0,2.0,0
0.036,48,0,0.1549,5304.0,7,0,0,0,0.0,0
0.0985,81,0,0.9458,5239.0,15,0,1,0,2.0,0
0.0319,47,0,0.2503,3228.0,5,0,2,0,1.0,0
0.3857,66,0,0.6842,5547.0,10,0,2,0,0.0,0
0.5278,48,1,0.1639,2533.0,8,0,2,0,0.0,0
0.2828,41,1,0.7489,,8,0,2,0,0.0,0
0.2154,63,0,0.2309,9226.0,7,0,1,0,1.0,0
0.3686,72,0,0.1355,6703.0,4,0,0,0,2.0,0
0.1486,36,0,0.5441,4803.0,5,0,0,0,1.0,0
0.239,31,0,0.4442,,8,0,0,0,1.0,0
0.1602,48,0,0.6313,4756.0,6,0,1,0,1.0,0
0.4582,21,0,1.0193,2113.0,7,0,1,0,0.0,1
0.087,54,0,0.4224,,8,0,0,0,3.0,0
2.0706,36,0,0.5812,6889.0,8,0,2,0,0.0,0
0.6162,45,0,0.2779,6171.0,5,0,0,0,0.0,0
0.3444,52,0,0.0773,12161.0,8,0,3,0,1.0,0
0.2627,75,0,0.6411,7135.0,11,0,3,0,,0
0.063,56,0,0.3974,3383.0,12,0,0,0,3.0,0
1.7452,81,0,0.5343,7815.0,7,0,4,0,2.0,0
0.1879,66,0,0.6907,11369.0,8,0,0,0,1.0,0
0.0542,57,0,0.5729,,7,0,1,0,1.0,0
0.2825,82,0,0.2613,5750.0,3,0,3,0,1.0,0
0.3682,59,0,0.8859,6757.0,7,0,0,0,0.0,0
1.8097,56,0,0.5531,,12,0,0,0,0.0,0
0.2568,62,0,0.2951,4755.0,12,0,0,1,2.0,0
0.6449,87,0,0.6636,4211.0,5,0,2,0,1.0,1
0.6422,57,0,0.1411,4018.0,9,0,1,0,1.0,0
0.1862,52,3,0.6593,1838.0,10,0,2,0,0.0,0
0.1315,27,0,0.1969,4118.0,8,0,2,0,0.0,0
2.2848,57,0,0.8259,,6,0,0,0,0.0,0
0.2636,38,1,0.6223,5184.0,8,0,3,0,2.0,0
0.3701,28,0,0.5278,,7,0,0,0,1.0,0
0.0039,49,0,0.3377,9695.0,10,0,1,0,1.0,0
0.1907,73,0,0.3717,11913.0,8,0,0,0,0.0,0
0.7173,66,0,0.5227,7602.0,7,0,0,0,1.0,0
0.0679,63,0,0.4461,5044.0,3,0,0,0,1.0,0
1.9402,68,0,0.1153,,9,0,4,0,2.0,0
0.464,27,0,0.0912,2284.0,9,0,2,0,,0
0.1526,42,0,0.7586,5390.0,8,0,1,0,1.0,0
0.8065,56,0,0.1105,3757.0,5,0,1,0,0.0,1
0.0603,36,0,0.1334,,8,0,2,0,1.0,0
0.0938,57,0,0.4812,,9,0,0,0,2.0,0
0.3094,46,0,0.6337,,8,0,0,0,1.0,0
0.1223,74,0,0.2196,,10,0,0,0,1.0,0
0.9287,29,0,0.1735,7835.0,7,0,0,0,0.0,0
0.0056,26,0,0.0746,,9,0,1,0,0.0,0
0.5271,67,0,0.902,6580.0,10,0,2,0,0.0,0
0.0744,54,0,0.2576,5578.0,7,0,0,0,0.0,0
4.4835,69,3,0.9702,4761.0,6,0,2,0,0.0,0
0.5456,39,0,0.4403,4567.0,8,0,2,0,0.0,0
0.4946,81,0,0.1961,,13,0,3,0,1.0,0
0.9778,63,0,0.7423,10093.0,11,0,0,0,0.0,0
0.1132,49,0,0.8183,6803.0,6,0,0,0,0.0,0
6.9177,52,0,0.5264,6549.0,7,0,0,0,0.0,0
0.7065,48,0,0.2317,7063.0,8,0,2,0,0.0,0
0.5385,41,0,0.4434,4217.0,5,0,0,0,1.0,0
0.5484,48,0,0.3952,2850.0,8,0,2,0,1.0,0
1.221,55,0,0.3382,4269.0,15,0,0,2,1.0,0
1.1878,50,0,0.1126,4511.0,6,0,0,0,1.0,0
0.1096,29,0,0.3073,2985.0,8,0,3,0,2.0,0
0.3626,65,0,0.0907,2309.0,9,0,1,0,0.0,0
0.5923,21,0,0.6848,5523.0,7,0,1,0,1.0,0
0.1713,26,1,0.2638,10551.0,9,0,1,2,2.0,1
2.3397,59,0,0.6224,5536.0,8,0,2,0,0.0,0
0.1189,48,0,0.3139,,9,0,0,0,1.0,0
0.0611,62,0,0.1246,5694.0,9,0,0,0,0.0,0
0.4387,49,0,0.5329,9623.0,7,0,2,0,0.0,0
0.0147,73,0,0.0646,19546.0,12,0,1,0,3.0,1
0.4837,39,0,0.2723,8313.0,7,0,2,0,0.0,0
2.0962,59,0,1.0143,3213.0,5,0,1,0,2.0,0
3.4009,72,0,0.8252,2309.0,13,0,0,0,0.0,1
1.0213,58,0,0.1763,6855.0,6,0,0,0,1.0,0
0.6649,65,0,0.2159,3857.0,8,0,0,0,0.0,0
0.8548,57,4,0.3476,7872.0,7,0,0,0,0.0,0
0.348,64,0,0.8797,,5,0,2,0,2.0,0
3.7558,36,0,0.1114,7086.0,6,0,1,0,1.0,0
0.0852,56,0,0.4891,5216.0,7,0,2,0,2.0,0
0.8757,49,0,0.904,5417.0,7,0,1,0,1.0,0
0.8709,48,0,0.4467,,10,0,1,0,2.0,1
0.1831,25,0,0.5597,,9,0,0,0,2.0,0
0.096,63,0,0.0154,6929.0,8,0,1,0,0.0,0
0.4204,63,0,0.2667,4068.0,10,0,1,0,1.0,0
0.2526,67,0,0.5801,,4,0,1,0,0.0,0
0.7882,46,0,1.0689,8238.0,6,0,2,0,1.0,0
0.4098,38,0,0.0809,,10,0,0,0,0.0,0
0.6607,65,0,0.4482,4264.0,7,0,1,0,1.0,0
0.4872,44,0,0.3149,12539.0,12,0,3,0,,0
0.8769,45,0,0.499,11344.0,11,0,2,0,2.0,0
0.1791,56,0,0.2965,16116.0,8,0,3,0,2.0,0
2.1504,38,0,0.2822,10001.0,7,0,1,0,1.0,0
0.1036,42,0,0.7799,7066.0,6,0,1,0,0.0,0
0.5415,51,0,0.4426,,9,0,0,0,0.0,0
0.2492,70,0,0.4285,,9,0,4,0,1.0,0
0.587,42,0,0.3842,10622.0,8,0,2,0,0.0,0
4.3709,47,0,1.1067,3088.0,7,0,1,0,0.0,0
0.9057,73,0,0.7052,,2,0,3,0,1.0,0
0.3902,53,0,0.2647,8108.0,8,0,0,0,0.0,0
0.6533,56,0,0.6244,7583.0,7,0,1,0,0.0,0
0.6158,61,0,0.5698,5745.0,10,0,1,0,0.0,0
0.0355,44,1,0.0735,,7,0,1,1,3.0,0
0.0178,71,0,0.3263,2878.0,8,0,0,0,2.0,0
0.498,60,0,0.2217,5993.0,8,0,1,0,2.0,0
0.5555,52,0,0.47,9601.0,5,0,1,0,0.0,0
0.291,48,0,0.5433,6234.0,2,0,0,0,1.0,0
0.3105,39,0,0.1166,3020.0,5,0,0,0,3.0,0
6.1361,52,0,0.8391,10578.0,8,0,1,0,0.0,0
2.4322,53,0,0.6057,,6,0,1,0,0.0,0
0.3562,47,0,0.3084,8752.0,8,0,4,0,0.0,0
5.9225,66,0,1.3067,19322.0,6,0,0,0,0.0,0
0.02,53,0,0.5914,,6,0,1,0,0.0,0
0.0452,61,0,0.0977,2754.0,8,0,1,0,1.0,0
0.2351,51,1,0.5749,10684.0,11,0,1,0,4.0,0
0.3469,63,0,0.6022,2159.0,7,0,0,0,0.0,0
0.0493,51,0,1.2074,7011.0,6,0,1,0,0.0,0
0.2143,59,0,0.3168,2624.0,8,0,0,0,1.0,0
0.5054,29,0,0.379,5288.0,7,0,1,0,1.0,0
0.7081,46,0,0.7035,8858.0,6,0,2,0,,0
3.974,50,0,0.3441,4245.0,13,0,1,0,1.0,0
0.7128,62,0,0.5831,4254.0,8,0,3,0,1.0,1
0.0479,50,1,0.6645,5538.0,7,0,2,0,,0
0.2275,45,0,0.843,,3,0,0,0,2.0,0
0.0371,58,0,0.5431,13382.0,6,0,2,0,3.0,0
0.2148,48,0,0.7783,5747.0,4,0,0,0,1.0,0
0.2104,70,0,0.477,5530.0,9,0,2,0,1.0,0
0.777,58,0,0.5444,5872.0,9,0,1,0,1.0,0
0.3431,53,0,1.4552,,13,0,1,0,,0
0.1519,41,0,0.4337,2015.0,4,0,2,0,0.0,0
1.0458,35,0,0.328,3612.0,4,0,0,0,0.0,0
0.0832,46,0,0.575,3141.0,5,0,1,0,2.0,0
1.0163,60,0,0.4882,4744.0,6,0,2,0,0.0,0
0.0478,60,0,0.4594,6284.0,10,0,1,0,1.0,0
0.0569,58,0,0.3492,2902.0,9,0,1,0,1.0,0
0.0755,49,0,0.0613,,11,0,1,0,2.0,0
0.3288,65,0,0.3026,12023.0,3,0,0,0,0.0,0
0.0513,46,0,0.1974,2057.0,9,0,1,0,0.0,0
0.0755,37,0,0.4517,2586.0,9,0,0,0,1.0,0
5.6291,42,0,0.3663,5660.0,7,0,1,0,1.0,0
0.3331,55,0,0.3923,7429.0,6,0,2,0,3.0,0
0.4457,53,0,0.2348,,9,0,1,0,2.0,0
0.1995,72,0,0.8023,4023.0,4,0,2,0,1.0,0
0.2378,66,0,0.3481,7970.0,5,0,1,0,0.0,0
1.9523,37,0,0.3103,3758.0,11,0,1,0,1.0,0
2.1355,44,0,0.0718,6120.0,8,0,0,0,0.0,0
1.9459,52,0,0.8167,3559.0,6,0,0,0,0.0,0
0.0073,34,1,0.6301,3924.0,8,0,0,1,1.0,0
0.1869,45,0,1.1094,9925.0,11,0,3,0,0.0,0
0.0757,59,0,0.613,3732.0,5,0,4,0,1.0,0
2.0204,58,0,0.3343,,7,0,2,0,3.0,0
0.0596,58,0,0.1205,4408.0,4,0,2,0,1.0,0
0.2787,52,0,0.1809,1859.0,12,0,0,0,0.0,0
0.45,71,0,0.2908,,18,0,2,0,1.0,0
0.0815,33,0,0.2254,14624.0,8,0,1,0,1.0,0
0.8948,65,0,0.3387,7335.0,5,0,1,0,3.0,0
0.3427,58,0,0.688,,9,0,1,0,3.0,0
0.2784,55,0,0.4339,5295.0,8,0,2,0,3.0,0
0.5877,52,0,0.099,3237.0,5,0,1,0,0.0,0
0.0113,53,0,0.1659,,10,0,2,0,2.0,0
0.2584,25,0,0.7716,3563.0,11,0,1,0,1.0,0
0.1077,48,1,0.0438,2210.0,12,0,0,0,1.0,0
1.1131,62,0,0.8191,6291.0,7,0,0,0,1.0,0
0.9568,32,0,0.4465,2101.0,7,0,2,0,0.0,0
0.6321,67,0,0.4182,,7,0,1,0,,0
0.3286,58,0,0.2051,,2,0,0,0,0.0,0
0.5222,76,0,0.5977,5467.0,7,0,1,0,1.0,0
2.0261,48,4,0.5658,7743.0,10,0,1,0,1.0,0
0.7801,52,0,0.2831,8635.0,12,0,0,0,0.0,0
0.5381,48,0,0.2792,2510.0,9,0,0,0,2.0,0
0.6664,34,2,0.5821,8071.0,3,0,0,0,2.0,0
0.1695,55,0,0.0946,5211.0,5,0,2,0,0.0,0
0.5308,61,0,0.1311,,10,0,1,0,1.0,0
0.1955,81,0,0.2072,6790.0,10,0,0,0,2.0,0
0.712,50,0,0.2167,,6,0,1,0,0.0,0
0.1899,39,0,0.2434,2731.0,10,0,0,0,0.0,0
0.4706,49,0,0.5288,2073.0,6,0,2,0,1.0,0
4.5246,46,0,0.3819,4197.0,8,0,2,0,,0
0.6217,76,0,0.4341,,11,0,2,0,0.0,0
0.5223,43,0,0.6512,,7,0,1,0,1.0,0
0.1417,66,0,0.0732,2507.0,7,0,1,0,2.0,0
1.1485,56,0,0.6356,3104.0,9,0,1,0,0.0,0
0.1313,68,0,0.5336,,6,0,2,0,1.0,0
0.4646,47,0,0.209,5192.0,6,0,0,0,0.0,0
0.0077,36,0,0.1618,4297.0,8,0,1,0,1.0,0
0.1026,80,0,0.1948,8450.0,7,0,3,0,0.0,0
0.4643,59,0,0.5894,5224.0,7,0,0,0,1.0,0
1.3549,75,0,0.1763,11350.0,10,0,0,0,1.0,0
0.2787,76,0,0.0371,10961.0,8,0,2,0,1.0,0
0.3067,44,0,0.2045,4086.0,5,0,1,0,2.0,0
0.0246,60,0,0.5721,10645.0,6,0,2,0,3.0,0
0.6256,63,0,0.3739,4519.0,14,0,2,1,0.0,0
0.3235,53,0,0.5865,8619.0,5,0,0,0,2.0,0
1.2701,64,0,0.5784,14250.0,12,0,1,0,2.0,0
1.4981,69,0,0.2903,5650.0,8,0,1,0,0.0,0
0.3757,42,0,0.3553,6306.0,9,0,2,0,0.0,0
0.2001,77,0,0.4883,,9,0,1,0,1.0,0
0.1775,55,0,0.7888,,3,0,0,0,1.0,0
0.3282,51,0,0.6345,10965.0,13,0,0,0,1.0,0
1.2187,48,0,0.1049,5429.0,7,0,3,0,1.0,0
0.244,35,0,0.6232,3273.0,8,0,2,0,1.0,0
0.1168,74,0,0.2612,4568.0,10,0,1,0,2.0,0
0.0049,51,0,0.0586,2935.0,8,0,0,0,1.0,0
3.3809,36,0,0.5988,5845.0,7,0,2,0,2.0,0
0.789,65,0,0.812,,7,0,0,0,1.0,0
0.7152,37,0,0.5106,8381.0,10,0,1,0,0.0,0
0.1358,46,0,0.6638,5958.0,9,0,2,0,1.0,0
0.6851,54,0,0.5583,5564.0,9,0,0,0,0.0,0
0.935,22,0,1.0078,5655.0,9,0,2,0,1.0,0
0.0854,62,0,0.145,8073.0,8,0,0,0,1.0,0
0.3039,56,0,0.6138,7118.0,2,0,0,0,0.0,0
0.2479,37,0,0.0907,4361.0,4,0,0,0,3.0,0
0.5243,84,0,0.4916,9645.0,5,0,1,0,2.0,0
0.6095,43,0,0.2021,1473.0,10,0,3,0,1.0,0
0.2266,23,0,0.2065,4220.0,8,0,1,0,1.0,0
0.1762,48,0,0.5088,2939.0,3,0,1,0,0.0,0
0.4679,43,0,0.5076,5420.0,9,0,0,0,0.0,0
0.6821,56,0,1.1894,4128.0,6,0,0,0,0.0,1
2.3946,43,0,0.8894,13722.0,8,0,0,0,2.0,0
0.1759,51,0,0.0982,3810.0,8,0,1,0,1.0,0
0.0364,62,0,0.0613,7235.0,4,0,2,0,0.0,0
0.1317,50,0,0.8832,,3,0,0,0,2.0,0
0.197,40,0,0.2522,6546.0,12,0,1,0,0.0,0
0.0812,54,0,0.5469,20990.0,10,0,0,0,5.0,0
0.1998,46,0,0.2509,2956.0,13,0,1,0,2.0,0
0.7735,60,0,0.3807,12638.0,3,0,0,0,0.0,0
0.3662,38,0,0.1022,4291.0,10,0,0,0,2.0,0
2.8775,47,0,0.5847,4006.0,7,0,1,0,2.0,1
0.3972,57,0,0.4539,7913.0,10,0,1,0,1.0,0
0.7786,58,0,0.5072,4876.0,10,0,0,0,3.0,1
0.0734,65,0,0.5901,5905.0,5,0,0,0,1.0,0
1.1724,43,0,0.2479,,14,0,0,0,2.0,0
0.0046,34,0,0.7921,2934.0,6,0,1,0,1.0,0
0.3776,76,0,0.6135,15823.0,6,0,2,0,1.0,0
0.0673,39,0,0.153,,8,0,1,0,2.0,0
0.0233,44,0,0.4739,6257.0,7,0,0,0,0.0,0
0.4759,59,0,0.1467,5796.0,5,0,0,0,0.0,0
0.3724,54,0,0.4621,4361.0,7,0,0,0,0.0,0
1.2067,55,0,0.1917,1760.0,8,0,1,0,0.0,0
0.0563,39,0,0.5129,12904.0,3,0,3,0,2.0,0
0.9455,42,0,0.0985,5530.0,10,0,1,0,1.0,0
0.434,55,0,0.3731,,6,0,2,0,2.0,0
0.2991,62,0,0.7757,2535.0,8,0,2,0,1.0,0
0.4046,40,0,0.9804,2108.0,7,0,0,0,2.0,0
0.7058,49,0,0.1579,3151.0,14,0,3,0,0.0,0
0.0124,50,0,0.5569,,15,0,0,0,1.0,0
0.0383,47,0,1.1443,8860.0,7,0,0,0,3.0,0
6.0837,36,0,1.3004,,15,0,0,0,0.0,1
0.7742,58,0,0.3766,3905.0,3,0,0,0,1.0,0
0.2466,38,1,1.1648,9743.0,11,1,1,1,1.0,0
0.1513,64,0,0.2133,,8,0,1,0,1.0,0
0.2761,41,0,0.182,1195.0,10,0,0,0,1.0,0
2.8458,77,0,0.151,4751.0,9,0,0,0,1.0,0
5.0491,58,0,0.5076,7739.0,11,0,1,0,1.0,0
0.2583,32,0,0.2741,4030.0,5,0,1,0,0.0,0
0.1474,51,0,0.7979,2822.0,13,0,0,0,0.0,0
0.063,50,0,0.0636,12449.0,6,0,1,0,1.0,0
0.9199,49,0,0.4135,6686.0,13,0,1,0,1.0,0
0.0332,74,0,0.1564,,12,0,1,0,0.0,0
0.3486,76,0,1.4762,8280.0,12,0,1,0,0.0,0
0.4662,47,0,0.9339,,2,0,1,0,2.0,0
0.3233,73,0,0.495,6054.0,7,0,3,0,1.0,0
0.2448,44,0,0.2448,18368.0,14,0,1,0,0.0,0
0.7454,36,0,0.5186,7272.0,8,0,4,0,0.0,0
0.1405,66,0,0.6263,,11,0,0,0,0.0,0
0.31,45,0,0.6155,8304.0,9,0,1,0,1.0,0
0.3454,61,0,0.1437,9196.0,9,0,0,0,2.0,0
0.8674,58,0,0.5761,3810.0,8,0,0,0,1.0,0
0.2647,44,0,0.4022,3653.0,7,0,1,0,2.0,0
0.3484,59,0,0.606,12398.0,7,0,2,0,0.0,0
0.7801,74,0,0.701,,5,0,0,0,0.0,0
0.0303,49,0,0.1016,1145.0,8,0,1,0,2.0,0
0.2091,57,0,0.3218,6404.0,5,0,0,0,2.0,0
0.4278,43,0,0.1193,13815.0,14,0,2,0,1.0,0
0.3394,62,0,0.5461,3106.0,4,0,1,0,0.0,0
0.1877,36,0,0.4056,12859.0,8,0,0,0,0.0,0
0.4464,56,0,0.0413,4453.0,7,0,1,0,1.0,0
0.4104,41,0,0.1887,9368.0,6,0,2,0,0.0,0
0.0113,47,0,0.9219,2461.0,9,0,2,0,0.0,0
2.0675,26,2,0.2214,3923.0,6,1,2,0,0.0,0
0.4141,38,0,0.4279,5717.0,14,0,0,0,0.0,0
0.2257,31,0,0.3409,7247.0,8,0,3,0,1.0,0
0.6753,44,0,0.4645,4655.0,6,0,1,0,0.0,0
0.0212,56,0,0.1036,,5,0,0,0,1.0,0
2.7186,39,0,0.3023,3268.0,4,0,0,0,0.0,0
0.5213,36,1,0.3542,3183.0,6,0,2,0,0.0,0
0.8347,43,0,0.6225,6437.0,6,0,0,0,0.0,0
0.4522,56,0,0.4348,10425.0,11,0,0,0,0.0,0
0.4084,33,0,0.8449,10528.0,11,0,1,0,1.0,0
0.8604,47,0,0.4912,,5,0,0,0,1.0,0
0.5875,71,1,0.3126,6168.0,5,0,2,0,2.0,0
0.5331,47,0,0.0874,5939.0,7,0,2,0,0.0,0
0.1834,63,0,0.179,,7,0,2,0,2.0,0
0.0023,36,0,0.1254,3519.0,9,0,2,0,1.0,0
0.6129,73,0,0.6006,1873.0,10,1,1,0,2.0,0
0.3659,21,0,0.4761,,6,0,0,0,1.0,0
0.526,21,0,0.3084,6542.0,11,0,1,0,0.0,0
0.6796,58,0,0.2846,,10,0,0,0,1.0,0
0.0003,48,0,0.6739,4312.0,10,0,0,0,0.0,0
0.7846,53,0,0.6079,3714.0,5,0,0,0,1.0,0
0.2106,42,0,1.2987,2766.0,8,0,1,0,1.0,0
0.0895,61,0,0.7364,17434.0,9,0,0,0,3.0,0
0.2542,31,0,0.9076,3629.0,16,0,0,0,0.0,0
0.1159,67,0,0.9751,3649.0,9,0,0,0,0.0,0
1.8948,81,0,0.4616,,6,0,0,0,0.0,0
0.5324,25,0,0.3025,,11,0,0,0,0.0,1
0.1788,61,0,0.3667,4936.0,8,0,1,0,1.0,0
0.5745,78,0,0.5741,8953.0,8,0,3,0,0.0,0
0.6326,57,0,0.4568,4363.0,9,0,0,0,1.0,0
0.437,45,0,0.4426,3012.0,10,0,1,0,1.0,0
0.4863,39,0,0.8082,5245.0,16,0,0,0,1.0,0
0.2925,57,0,0.4244,13932.0,15,0,1,0,0.0,0
0.9241,60,1,0.5796,,8,0,1,0,1.0,0
0.3942,37,0,0.5113,6403.0,8,0,2,0,0.0,0
0.0644,64,0,0.4887,2707.0,10,0,1,0,2.0,0
0.3467,55,0,0.3729,3680.0,9,0,1,0,2.0,0
0.2784,21,0,0.3174,10517.0,7,0,3,0,0.0,0
0.7914,59,0,0.5014,5823.0,9,0,1,0,0.0,0
0.2793,24,0,0.1681,3146.0,5,0,1,0,1.0,0
0.0714,45,0,0.5603,4385.0,11,0,2,0,0.0,0
0.6808,69,0,0.6298,2485.0,6,0,0,0,2.0,0
0.5863,56,0,0.0109,5965.0,9,0,1,0,0.0,0
0.7919,41,0,0.8506,,5,0,2,0,0.0,1
0.2577,61,0,0.7341,,10,0,1,0,1.0,0
0.9781,45,0,0.3797,5020.0,10,0,0,0,0.0,0
0.0748,66,0,0.5087,9848.0,6,0,1,0,0.0,0
1.0133,42,0,0.7062,3195.0,9,0,0,0,3.0,0
0.3119,45,0,0.2522,7694.0,9,0,0,0,0.0,0
0.1045,56,0,0.3643,,8,0,0,0,0.0,0
0.4122,71,0,0.587,3947.0,5,0,1,0,0.0,0
0.4585,53,0,0.4299,1630.0,3,0,1,0,0.0,0
0.4522,58,0,0.5066,2331.0,10,0,1,0,2.0,0
0.3622,52,0,0.2281,4477.0,9,0,2,0,1.0,0
0.3053,71,0,0.3934,8764.0,12,0,1,0,1.0,0
0.1103,28,1,0.7312,2077.0,7,1,0,1,2.0,1
0.4114,31,0,0.553,9046.0,9,0,1,0,0.0,0
0.5665,39,0,0.2433,,7,0,0,0,2.0,0
0.1365,65,0,0.4095,6711.0,4,0,2,0,3.0,0
0.0407,58,0,0.3093,4497.0,13,0,4,0,1.0,0
0.5827,67,0,0.3926,7386.0,11,0,1,0,1.0,0
0.5306,57,0,0.8676,2209.0,11,0,0,0,0.0,0
0.0103,67,0,0.9131,2361.0,8,0,1,0,2.0,0
0.4866,59,0,0.6932,8024.0,10,0,0,0,0.0,0
0.5435,61,0,0.86,5830.0,4,0,0,0,0.0,0
0.3712,28,0,0.2799,5512.0,16,0,1,0,2.0,0
0.1316,71,0,0.6872,3184.0,11,0,3,0,2.0,0
0.2696,54,0,0.3477,4773.0,13,0,0,0,0.0,0
0.6351,70,0,0.2951,5111.0,9,0,2,0,0.0,0
0.4563,70,0,0.4899,7912.0,9,0,2,0,1.0,0
0.4491,55,0,0.2166,7060.0,5,0,2,0,1.0,0
0.9444,44,1,0.3472,6253.0,4,1,1,0,1.0,0
0.5006,67,0,0.6445,3619.0,10,0,1,0,2.0,0
1.0424,39,0,0.3591,8831.0,8,0,0,0,0.0,0
1.3348,57,0,0.0244,,8,0,2,0,0.0,0
0.2841,23,0,0.6376,4001.0,2,0,0,0,0.0,0
1.3065,57,0,0.6269,4270.0,12,0,1,0,0.0,0
0.3888,64,0,0.2434,5742.0,7,0,1,0,0.0,0
0.007,62,0,0.4955,,7,0,2,0,2.0,0
0.0864,47,0,0.1775,5706.0,10,0,0,0,1.0,0
0.361,43,0,0.8728,,9,0,1,0,1.0,0
0.9084,62,3,0.9192,5768.0,7,1,1,0,1.0,0
0.4327,69,0,0.0739,3088.0,9,0,0,0,1.0,0
0.7972,25,0,0.8695,4214.0,9,0,1,0,1.0,1
0.4298,49,0,0.332,2426.0,9,0,1,0,0.0,0
0.5073,53,0,0.4688,3527.0,10,0,0,0,0.0,0
0.5601,41,0,1.1915,3681.0,11,0,1,0,1.0,1
0.8777,68,0,0.3942,4355.0,6,0,2,0,0.0,0
0.4589,56,0,0.3536,,6,0,0,0,0.0,0
0.924,53,1,0.1276,,15,0,0,1,2.0,0
3.3829,47,0,0.1633,7914.0,7,0,1,0,1.0,0
1.5614,57,0,0.3915,,7,0,1,0,2.0,0
0.6542,47,0,0.3296,6500.0,10,0,1,0,0.0,0
3.38,40,0,0.4174,3269.0,10,0,0,0,2.0,1
0.2559,44,0,1.29,5504.0,10,0,0,0,0.0,0
0.2026,40,0,1.0932,,9,0,2,0,0.0,0
0.2488,51,0,0.7753,2925.0,4,0,0,0,2.0,0
0.5601,64,0,0.0908,5591.0,6,0,1,0,0.0,0
0.7163,31,0,0.0536,6072.0,6,0,3,0,1.0,0
0.0094,54,0,0.6557,3510.0,7,0,0,0,0.0,0
0.1408,84,0,0.4922,8270.0,5,0,0,0,,0
0.0172,59,0,0.6174,,11,0,4,0,1.0,0
7.9681,55,0,0.3883,5012.0,6,0,0,0,2.0,0
0.86,75,0,0.0477,,8,0,1,0,0.0,1
0.2453,22,0,0.6713,3211.0,4,0,0,0,0.0,0
1.6084,75,0,0.5552,,12,0,1,0,1.0,0
0.8036,40,0,0.4323,4632.0,9,0,1,0,0.0,0
0.3412,57,0,0.6439,20212.0,6,0,0,0,0.0,0
0.8441,33,0,0.7901,10596.0,6,0,0,0,1.0,0
0.5027,31,0,0.1894,3479.0,6,0,3,0,0.0,0
0.3247,48,0,0.3984,,9,0,0,0,1.0,0
0.2278,53,0,0.3792,3571.0,8,0,0,0,4.0,0
0.08,55,0,0.1291,4087.0,8,0,0,0,0.0,0
0.7746,70,0,0.2229,1612.0,7,2,3,0,1.0,0
0.495,24,0,0.9825,3932.0,9,0,2,0,,0
0.8097,48,0,0.1399,3153.0,9,0,0,0,1.0,0
0.7145,29,0,0.5116,2623.0,6,0,0,0,0.0,0
0.3699,52,0,0.5118,6271.0,4,0,2,0,1.0,0
0.1538,83,0,0.7993,4466.0,8,0,1,0,0.0,0
2.3912,71,0,0.4878,3248.0,9,0,0,0,0.0,1
1.7564,37,0,0.9765,,5,0,0,0,2.0,0
1.7249,54,0,0.2582,1655.0,8,0,2,0,0.0,0
0.3519,44,0,0.4028,4820.0,9,0,2,0,1.0,0
0.2222,75,0,0.2367,5261.0,4,0,0,0,1.0,0
0.3083,61,0,1.2448,6468.0,6,0,0,0,0.0,0
0.4097,35,0,0.3294,2929.0,4,0,2,0,0.0,0
0.1656,56,0,0.4422,10579.0,9,0,1,0,2.0,0
0.2481,55,0,0.2814,1078.0,8,0,2,0,1.0,0
0.3381,56,0,0.5244,10047.0,9,0,0,0,1.0,0
0.6912,54,0,0.7313,1835.0,5,0,2,0,1.0,0
3.4961,67,0,0.3175,,6,0,2,0,1.0,0
0.7982,62,0,0.0484,27285.0,11,0,2,0,0.0,0
0.4984,55,0,0.3321,2671.0,7,0,2,0,1.0,0
0.2291,47,0,0.802,6202.0,5,0,2,0,0.0,0
0.3676,51,0,0.4878,2664.0,11,0,1,0,0.0,0
0.7331,46,0,0.3199,3376.0,2,0,2,0,2.0,0
0.6007,41,0,0.9148,6581.0,6,0,5,0,2.0,0
1.9692,35,0,0.5913,3802.0,14,0,1,0,2.0,0
2.105,58,0,0.4091,,9,0,1,0,0.0,0
0.6253,71,0,0.3233,7155.0,6,0,1,0,1.0,0
0.4367,58,0,0.3297,5748.0,7,0,1,0,1.0,0
0.466,38,0,0.6006,12161.0,7,0,2,0,0.0,0
1.1163,39,0,0.3976,4045.0,5,0,1,0,0.0,0
0.4737,63,0,0.646,,9,0,1,0,1.0,0
0.8749,43,0,0.4934,7070.0,9,0,1,0,0.0,0
0.7331,51,0,0.2227,3781.0,13,0,2,0,0.0,0
2.4861,47,0,0.0991,,6,0,3,0,0.0,1
0.7418,32,0,0.9446,7338.0,10,0,4,0,0.0,0
0.3824,59,0,0.658,,8,0,1,0,2.0,0
0.7089,45,0,0.5018,4345.0,5,0,0,0,0.0,0
0.1408,31,0,0.1725,4067.0,9,0,0,0,,0
0.8464,54,3,0.0396,,5,0,2,0,1.0,0
0.7398,52,0,0.2506,6514.0,7,0,2,0,1.0,0
0.141,75,0,0.1719,14048.0,9,0,0,0,0.0,0
0.7137,51,0,0.1156,7933.0,5,0,1,0,,0
0.6647,22,0,0.682,10795.0,13,0,1,0,0.0,0
0.1344,71,0,0.281,4868.0,8,0,1,0,,0
0.6966,60,0,0.6059,7804.0,9,0,0,0,1.0,0
0.2152,42,0,0.5171,,4,0,1,0,2.0,0
0.3352,85,0,0.416,,7,0,1,0,1.0,0
3.966,46,0,0.5523,5027.0,6,0,1,0,1.0,0
0.4784,72,0,0.1885,7190.0,7,0,3,0,1.0,0
0.7173,55,0,0.0674,,10,0,0,0,0.0,0
1.4411,73,1,0.4588,7145.0,10,0,0,0,0.0,0
0.3409,42,0,0.2196,2502.0,5,0,0,0,0.0,0
0.5419,49,0,0.1631,2623.0,6,0,4,0,1.0,0
0.6634,47,0,0.2028,10886.0,9,0,1,0,1.0,0
0.1492,35,0,0.0859,1786.0,5,0,1,0,0.0,0
0.0473,37,0,0.5091,6435.0,16,0,2,0,0.0,0
6.1029,26,0,1.0456,,7,0,0,0,0.0,1
0.8543,63,0,0.3207,13825.0,8,0,1,0,0.0,0
0.5988,65,0,0.6921,,8,0,3,0,0.0,0
1.0101,68,0,0.671,5358.0,9,0,2,0,0.0,0
1.5952,44,0,1.503,6209.0,6,0,0,0,1.0,0
0.8089,32,0,0.1604,,6,0,1,0,0.0,0
1.0437,37,0,0.6166,,11,0,2,0,1.0,0
0.2038,57,0,0.2915,4295.0,13,0,2,0,,0
0.597,45,0,0.2849,5009.0,8,0,1,0,0.0,0
0.1199,35,0,0.419,3504.0,7,0,0,0,1.0,0
0.9704,73,0,0.7901,4751.0,7,0,2,0,1.0,0
0.0541,41,0,1.1577,14250.0,6,0,2,0,3.0,0
0.3922,73,0,0.3315,6254.0,8,0,2,0,1.0,0
1.7132,43,0,0.4557,6554.0,12,0,3,0,0.0,1
0.5208,45,0,0.1388,7319.0,7,0,0,0,1.0,0
0.5014,50,0,0.3736,5074.0,11,0,4,0,1.0,0
0.3045,51,0,0.4596,,13,0,3,0,2.0,0
0.1188,60,0,0.3948,5056.0,5,0,2,0,0.0,0
2.1634,56,0,0.7161,3933.0,11,0,1,1,2.0,0
0.1867,66,0,0.8037,4957.0,4,0,1,0,1.0,0
0.4286,34,0,0.3202,6386.0,11,0,2,0,2.0,0
0.1474,38,0,0.6924,2931.0,9,0,0,0,0.0,0
0.0226,65,0,0.8881,,8,0,0,0,0.0,0
0.965,38,0,0.9866,1082.0,12,0,2,0,0.0,0
4.5577,50,0,0.0974,4872.0,13,0,1,0,0.0,1
5.2816,34,1,0.3034,3805.0,14,0,1,0,1.0,0
0.8485,64,0,0.5251,2876.0,6,0,0,0,2.0,0
0.7695,31,2,0.163,5679.0,8,0,1,0,1.0,0
0.5028,46,0,0.4746,2234.0,8,0,4,0,2.0,0
0.1268,37,0,0.5727,4893.0,10,0,0,0,2.0,0
0.4213,57,0,0.445,8397.0,4,0,2,0,0.0,0
0.5277,57,0,0.2944,4245.0,13,0,2,0,1.0,0
0.7219,71,0,0.5822,6989.0,13,0,2,0,0.0,0
0.0418,56,4,0.231,2857.0,5,0,2,0,2.0,0
5.3303,41,1,0.512,,4,0,0,0,0.0,0
3.3903,53,0,0.0739,,12,0,0,0,0.0,1
1.6356,60,0,1.1042,6315.0,2,0,0,0,1.0,0
3.7296,64,0,1.4719,4520.0,9,0,0,0,0.0,0
0.4838,52,0,0.2573,5459.0,13,0,1,0,0.0,0
0.2698,65,0,0.2467,11528.0,12,0,1,0,1.0,0
0.0406,51,0,0.5183,8851.0,7,0,0,0,2.0,0
0.3195,37,0,0.8506,3894.0,5,0,1,0,1.0,0
0.023,38,0,0.6162,3343.0,8,0,5,0,1.0,0
5.3971,49,0,1.1723,5033.0,5,0,2,0,0.0,0
8.3856,49,0,0.3561,2371.0,7,0,3,0,0.0,0
0.1503,51,0,0.557,5135.0,11,0,3,0,1.0,0
0.0706,74,0,0.6935,14300.0,10,0,1,0,1.0,0
0.684,54,0,0.3894,8112.0,6,0,0,0,1.0,0
0.2587,64,0,0.4132,,4,0,2,0,2.0,0
0.4119,58,0,0.6945,,4,0,1,0,0.0,0
0.2126,62,0,0.9217,4820.0,4,0,0,0,2.0,0
0.0336,38,0,1.0188,4523.0,4,0,2,0,0.0,0
0.265,57,0,0.2731,5006.0,7,0,3,0,2.0,0
0.8515,72,0,0.4873,20280.0,10,0,2,0,1.0,0
2.0887,43,0,0.5018,1549.0,4,0,0,0,0.0,1
0.5376,44,0,0.5845,6736.0,7,1,0,0,1.0,0
0.0513,45,0,0.6532,2814.0,6,0,0,0,0.0,0
1.0022,64,0,0.1228,2550.0,4,0,0,0,1.0,1
0.0488,41,0,1.01,6331.0,11,0,1,0,0.0,0
0.4208,45,0,0.6327,5810.0,8,0,0,0,2.0,0
0.5728,44,0,0.2351,9929.0,7,0,0,0,2.0,0
5.695,39,0,0.4191,3463.0,10,0,2,0,1.0,0
0.5263,33,0,1.2359,5965.0,8,0,0,0,0.0,0
4.9319,51,0,0.6591,,14,0,0,0,2.0,1
0.0372,65,0,1.0268,,6,0,0,0,2.0,0
0.3057,31,0,0.5608,4803.0,8,0,0,0,1.0,0
0.8062,54,0,0.5069,10767.0,12,0,0,0,1.0,0
0.2399,81,0,0.0803,5548.0,8,0,1,0,0.0,1
0.6429,44,0,0.7198,10132.0,13,0,0,0,3.0,0
0.5084,57,0,0.0845,,9,0,2,0,0.0,0
0.5815,57,2,0.6418,12575.0,8,1,2,0,0.0,0
0.7572,39,0,1.0969,,6,0,1,0,0.0,1
1.0119,53,0,0.7299,4699.0,9,0,1,0,3.0,0
0.2234,32,0,0.952,6477.0,9,0,1,0,1.0,0
0.4234,51,0,0.0919,3542.0,11,0,0,0,1.0,0
0.0364,79,0,0.3794,12889.0,11,0,1,0,3.0,0
0.527,83,0,0.134,2099.0,9,0,2,0,1.0,0
0.3551,31,0,0.2851,,10,0,3,0,0.0,0
0.2765,34,1,0.2561,1448.0,13,0,3,0,1.0,0
0.1753,65,0,0.7548,5201.0,5,0,1,0,0.0,0
0.8877,51,0,0.6055,3753.0,6,0,0,0,0.0,0
0.8856,62,0,0.4379,1570.0,9,0,0,0,2.0,0
1.49,56,0,0.1234,,7,0,0,0,1.0,0
0.1859,42,0,0.6285,12615.0,4,0,3,0,1.0,0
0.5679,72,0,0.3495,,12,0,1,0,1.0,0
0.043,30,0,0.6334,4041.0,4,0,1,0,0.0,0
0.4755,48,0,0.6887,3515.0,4,0,1,0,1.0,0
8.9211,49,0,0.4418,8003.0,2,0,1,0,0.0,0
2.226,39,0,0.6796,3004.0,14,0,0,1,0.0,0
0.2092,46,0,0.0946,3573.0,9,0,1,0,2.0,0
0.3688,55,0,1.0041,6010.0,10,0,1,0,0.0,0
0.6142,55,0,0.2945,7642.0,6,0,1,0,0.0,0
0.5384,63,0,0.1892,1737.0,13,0,0,0,1.0,0
0.4197,80,0,0.8448,8997.0,6,0,0,0,3.0,0
0.6094,54,0,0.4616,11247.0,7,0,1,0,0.0,0
6.1684,50,0,0.6607,3226.0,12,0,0,0,1.0,1
0.5689,50,0,0.5953,2561.0,7,0,1,0,1.0,0
0.3068,33,0,0.6274,5229.0,9,0,1,0,0.0,0
0.7474,61,0,0.461,5204.0,8,0,1,0,3.0,0
0.071,45,2,0.9742,,5,0,0,0,0.0,0
0.0657,73,0,0.4633,8971.0,10,0,0,0,0.0,0
0.8273,42,0,0.1727,5709.0,10,0,0,0,0.0,0
0.3161,54,0,0.1582,7083.0,9,0,1,0,1.0,0
0.0783,68,0,0.3583,,8,0,2,0,1.0,0
0.5086,54,0,0.6822,6168.0,4,0,0,0,1.0,0
0.456,58,0,0.4737,,11,0,2,0,2.0,0
0.9071,62,0,0.771,5517.0,8,0,1,0,2.0,0
0.3876,43,0,0.9204,4667.0,8,0,1,0,2.0,0
0.6907,80,0,0.3523,7792.0,3,0,0,0,1.0,0
0.4027,28,0,0.6879,,6,0,0,0,0.0,0
0.2232,50,0,0.8758,7224.0,6,0,2,0,3.0,0
0.589,50,0,0.8097,7708.0,9,0,1,0,1.0,0
0.2459,66,0,0.5194,14589.0,6,0,1,0,0.0,0
0.3545,48,0,0.7836,8066.0,10,0,2,0,3.0,0
0.4633,33,0,0.1716,2629.0,7,0,1,0,1.0,0
1.4552,53,0,0.3427,,7,0,5,0,0.0,0
0.6123,58,0,0.3206,6423.0,11,0,2,0,1.0,0
0.4318,42,0,0.3352,1034.0,13,0,6,0,0.0,0
0.2268,40,0,0.2583,12738.0,10,0,1,0,2.0,0
0.0139,51,0,0.402,,8,0,1,0,0.0,0
0.4692,34,0,0.4283,21452.0,2,0,1,0,0.0,0
0.8842,57,0,0.367,,7,0,0,0,1.0,0
2.2892,48,0,0.1379,10637.0,5,0,1,0,1.0,0
0.9035,45,0,0.6512,13368.0,6,0,0,0,1.0,0
0.0078,68,0,0.3157,17440.0,6,0,1,0,0.0,0
1.245,63,0,0.1974,3604.0,13,0,0,0,1.0,0
0.6078,36,0,0.3066,6524.0,4,0,0,0,1.0,0
0.0078,48,0,0.6236,12168.0,10,0,0,0,1.0,0
0.1441,49,0,0.3479,2754.0,11,0,1,0,0.0,0
0.4589,66,0,0.5236,,9,0,1,0,0.0,1
0.6004,52,0,0.3931,4509.0,6,0,1,0,,0
1.6128,54,0,0.277,3853.0,9,0,1,0,0.0,0
0.5036,51,0,0.097,4868.0,6,0,0,0,2.0,0
1.1908,60,0,0.1661,3480.0,8,0,1,0,2.0,0
0.3639,29,0,0.8575,6486.0,10,0,2,0,3.0,0
0.6998,69,0,0.199,3701.0,5,0,3,0,1.0,0
0.688,55,0,0.4924,4204.0,14,0,3,0,1.0,0
0.5112,35,0,0.2018,2747.0,10,0,1,0,0.0,0
0.1024,32,0,0.3818,,8,0,0,0,1.0,0
0.5566,53,0,0.7591,7124.0,8,0,1,0,0.0,0
0.2476,49,0,0.2044,5526.0,6,0,0,0,0.0,0
0.5093,48,0,0.6915,19006.0,6,0,2,0,0.0,0
0.1055,54,0,0.2743,12504.0,4,0,0,0,0.0,0
0.9572,63,0,0.9912,8852.0,8,0,0,0,2.0,0
0.2323,42,0,1.1238,4356.0,7,0,0,0,1.0,0
0.2867,23,0,0.494,11275.0,8,0,1,0,0.0,0
0.1052,53,0,0.2392,11205.0,5,0,1,0,0.0,0
0.1067,52,0,0.218,,8,0,1,0,0.0,0
0.5308,54,0,0.1581,24662.0,6,0,1,0,1.0,0
0.7427,44,0,0.9081,3045.0,8,0,2,0,1.0,0
0.1228,53,0,0.7721,2402.0,8,0,1,0,0.0,0
1.7997,70,0,0.1604,16507.0,13,0,1,0,0.0,0
0.1065,45,0,0.4399,9973.0,12,0,0,0,0.0,0
0.0245,45,0,0.5755,13373.0,8,0,0,0,0.0,0
0.8831,54,0,0.3101,11343.0,10,0,0,0,0.0,0
0.305,66,0,1.0634,1322.0,7,0,0,0,1.0,0
0.3888,41,0,0.4427,,8,0,0,0,0.0,0
0.0865,55,0,0.9171,4536.0,4,0,1,0,1.0,0
0.6704,36,0,0.5539,6116.0,13,0,0,0,0.0,0
0.5808,69,0,0.3298,7441.0,7,0,1,0,1.0,0
0.7593,36,0,0.6016,1394.0,6,0,2,0,1.0,0
0.1057,39,0,0.43,11821.0,8,0,1,0,0.0,0
0.8018,42,0,0.5342,4816.0,5,0,2,0,0.0,0
0.3241,50,0,0.3767,3008.0,9,0,3,0,1.0,0
0.4528,31,0,0.2903,5895.0,9,0,0,0,0.0,0
0.0982,69,0,0.2997,,13,0,0,0,0.0,0
0.1898,50,0,0.8536,,7,0,0,0,1.0,0
0.4309,46,0,0.4247,2210.0,4,0,1,0,1.0,0
0.3843,54,0,0.5937,6629.0,6,0,1,0,0.0,0
0.4482,61,0,0.5489,7534.0,14,0,2,0,0.0,0
0.6122,41,0,0.7005,6320.0,13,0,1,0,1.0,0
0.0101,69,0,0.7796,10082.0,4,0,1,0,0.0,0
0.4075,50,0,0.3813,5202.0,5,0,0,0,3.0,0
0.2897,38,0,0.1146,,11,0,0,0,0.0,0
0.1724,30,0,0.0753,,6,0,4,0,0.0,0
1.2343,43,0,0.7252,2314.0,12,0,3,0,,1
0.1543,29,0,0.8865,6146.0,6,0,0,0,0.0,0
0.3332,32,0,0.0566,2570.0,8,0,0,0,2.0,0
1.8836,38,0,0.4428,,3,0,0,0,0.0,0
0.3555,72,0,0.4925,,5,0,3,0,0.0,0
0.1159,70,0,0.1628,2245.0,10,0,0,0,0.0,0
0.1768,53,0,0.5973,3344.0,14,0,1,0,0.0,0
0.9304,43,0,0.3266,5173.0,11,0,1,0,1.0,0
0.3554,63,0,0.1583,3719.0,7,0,1,0,4.0,0
0.6258,56,0,0.2911,4472.0,8,0,1,0,1.0,0
0.8936,57,0,0.2854,5529.0,13,0,0,0,0.0,0
0.6602,55,0,0.1786,2955.0,4,0,2,0,0.0,0
0.5561,66,0,0.314,6381.0,7,0,1,0,0.0,0
0.1272,45,0,0.4142,3273.0,9,0,0,0,0.0,0
0.5218,54,0,0.1221,9886.0,9,0,2,0,2.0,0
0.0115,58,0,0.397,8173.0,5,0,2,0,1.0,0
0.2702,39,0,0.1057,,8,0,1,0,1.0,0
0.3872,72,0,0.0589,,6,0,0,0,0.0,0
0.1421,41,1,0.3507,,5,0,3,0,1.0,0
0.9254,49,0,0.092,10919.0,6,0,0,1,1.0,0
0.5482,54,0,0.3624,5128.0,5,0,2,0,0.0,0
0.1643,50,0,0.4261,5110.0,8,0,2,0,1.0,0
0.9458,36,0,0.478,3683.0,8,0,1,0,0.0,0
1.4336,57,1,0.5022,7820.0,9,0,1,2,2.0,0
0.4276,35,0,0.1072,2496.0,6,0,2,0,2.0,1
0.3639,61,0,0.6742,5361.0,8,0,0,0,2.0,0
0.2124,77,0,0.4793,5683.0,10,0,1,0,2.0,0
2.1436,60,0,0.1205,6504.0,8,0,1,0,2.0,0
0.0936,46,0,0.4273,3083.0,10,0,0,0,0.0,0
0.3569,73,0,0.2978,6370.0,8,0,2,0,,0
0.3222,35,0,0.4211,5108.0,7,0,1,0,1.0,0
0.3758,44,0,0.4475,4587.0,6,0,2,0,2.0,0
0.041,65,0,0.3307,,6,0,1,0,2.0,0
0.3001,55,0,0.4144,,8,0,1,0,1.0,0
0.2556,61,0,1.0529,,8,0,1,0,0.0,0
1.3248,41,0,1.2847,10201.0,6,0,0,0,0.0,0
1.9679,34,1,0.4012,8227.0,6,0,0,0,1.0,0
2.7706,49,0,0.9333,23749.0,6,0,1,0,0.0,0
0.4186,46,0,0.2674,7271.0,8,0,1,0,1.0,0
0.2122,54,0,0.8089,11827.0,16,0,2,0,0.0,0
0.473,65,0,0.1018,7607.0,4,0,1,0,0.0,0
0.2426,43,0,0.1548,4401.0,8,0,1,0,1.0,0
0.1791,48,0,0.573,4105.0,9,0,1,0,1.0,0
0.4385,57,0,1.0004,,11,0,1,0,2.0,1
0.4645,23,0,0.3889,1547.0,13,0,1,0,1.0,0
0.4459,63,0,0.5273,,7,0,2,0,0.0,0
0.6795,26,0,0.7163,1861.0,8,0,0,0,1.0,0
0.1943,38,2,0.0544,5069.0,8,0,2,0,0.0,0
0.1759,75,0,0.9896,3354.0,6,0,0,0,1.0,0
0.0481,58,0,0.3768,12247.0,10,0,2,0,1.0,0
0.1815,63,0,0.5793,4914.0,5,0,1,0,1.0,0
0.5311,39,0,0.4764,5515.0,7,0,1,0,0.0,0
0.2624,44,0,0.2857,5075.0,7,0,1,0,1.0,0
0.4638,47,0,0.6737,4977.0,5,0,0,0,1.0,0
0.1815,58,0,0.3801,6773.0,5,0,2,0,0.0,0
0.5398,62,0,0.1577,2783.0,13,0,1,0,1.0,0
0.1869,60,0,0.3859,11447.0,11,0,0,0,1.0,0
4.0906,54,0,0.7372,12390.0,5,0,0,0,3.0,0
0.2771,53,0,0.5204,3669.0,8,0,3,0,0.0,0
0.0807,51,0,0.4106,14092.0,9,0,3,0,1.0,0
1.3537,46,0,0.1873,,9,0,1,0,2.0,0
0.0691,31,0,0.0994,2289.0,9,0,0,0,0.0,0
0.0131,45,2,0.6118,9276.0,5,0,0,0,0.0,0
0.094,75,1,0.3714,13022.0,14,0,0,0,1.0,0
1.0105,48,0,0.0606,8941.0,9,0,0,0,0.0,0
0.4743,47,0,0.2878,8391.0,6,0,1,0,0.0,0
0.2118,48,0,0.0455,2353.0,11,0,0,0,1.0,0
0.3122,45,0,0.545,4549.0,12,0,0,0,2.0,0
0.2065,48,0,0.1264,9622.0,6,0,0,0,0.0,0
0.0939,40,0,0.4881,,9,0,0,0,1.0,0
0.5594,54,0,0.3824,3228.0,11,0,0,0,0.0,0
0.5284,61,0,0.9168,,8,0,1,0,1.0,0
5.3142,39,0,0.4322,3500.0,9,0,2,0,0.0,0
0.0961,63,0,0.5608,,11,0,3,0,1.0,0
0.955,57,0,0.293,6070.0,6,0,0,0,0.0,0
7.0075,34,0,0.0853,3288.0,7,0,1,0,2.0,0
0.8028,64,0,0.6294,4320.0,5,0,0,0,1.0,0
0.144,56,0,0.5518,9044.0,8,0,1,0,0.0,0
0.274,38,0,0.4168,,4,0,3,0,0.0,0
0.3803,48,0,0.1797,4719.0,6,0,0,0,0.0,0
0.0703,66,0,0.7613,2391.0,9,0,0,0,1.0,0
0.286,54,0,0.8075,4272.0,5,0,1,0,0.0,0
0.3254,45,0,0.6863,4384.0,5,0,1,0,3.0,0
0.3889,55,0,0.3624,7943.0,11,0,0,0,1.0,0
0.0798,43,2,0.3079,5316.0,12,0,2,0,1.0,0
0.7207,48,0,0.4165,8597.0,5,0,0,0,0.0,0
0.2198,51,0,0.7889,4757.0,3,0,2,0,2.0,0
0.2916,74,0,0.0604,5176.0,11,0,1,0,2.0,0
0.2404,41,0,0.4142,8179.0,5,0,0,0,2.0,0
1.0814,68,0,0.0682,3808.0,9,0,5,0,0.0,0
0.909,21,0,0.359,6661.0,9,0,0,0,1.0,0
0.1422,50,0,0.3131,5042.0,4,0,2,0,1.0,0
0.535,56,0,0.1209,6806.0,7,0,2,0,2.0,0
1.9078,64,1,0.5812,9509.0,5,1,3,0,2.0,0
0.0621,59,0,0.5696,4810.0,10,0,1,0,1.0,0
0.2755,21,0,0.6125,8707.0,7,0,0,0,1.0,1
0.4653,69,1,0.2764,,5,0,0,2,0.0,0
0.5509,38,0,0.6459,,11,0,1,0,0.0,0
0.1949,40,0,0.3378,1694.0,6,0,0,0,0.0,0
2.7449,30,0,0.4688,6138.0,7,0,1,0,0.0,0
0.3344,60,0,0.1021,11020.0,7,0,0,0,1.0,0
0.6171,58,0,0.6177,4580.0,5,0,1,0,1.0,0
0.2134,46,0,0.3301,3881.0,10,0,3,0,2.0,0
7.63,37,0,0.5921,1776.0,6,0,1,0,0.0,0
3.9227,55,0,0.3559,,8,0,1,0,2.0,0
1.075,28,0,0.3655,3751.0,9,0,1,0,0.0,0
0.383,92,0,0.6948,,8,0,1,0,0.0,0
0.436,53,0,0.1681,2169.0,12,0,4,0,2.0,0
0.0506,71,1,0.1215,13495.0,8,0,2,1,1.0,1
4.3976,62,0,0.2049,4656.0,10,1,0,0,1.0,0
2.7858,49,0,0.1251,2036.0,6,0,0,0,1.0,0
0.5207,42,0,0.4631,6067.0,4,0,0,0,2.0,0
0.0578,65,0,0.3072,6004.0,10,0,0,0,1.0,0
0.7594,52,0,0.4603,2201.0,12,0,1,0,2.0,0
0.393,66,0,0.5989,9818.0,8,0,0,0,1.0,0
0.171,51,0,0.5623,15351.0,4,0,3,0,1.0,0
1.2466,76,0,0.0787,,9,0,1,0,2.0,1
3.0984,58,0,0.4027,9562.0,12,0,1,0,0.0,0
0.5285,41,0,0.3397,6895.0,6,0,1,0,1.0,0
0.5421,66,0,0.3946,3779.0,9,0,2,0,0.0,0
0.1574,56,0,0.6127,6077.0,5,0,1,0,1.0,0
0.4999,44,0,0.5442,7474.0,17,0,2,0,,0
0.7103,47,1,0.7335,4088.0,6,0,1,1,1.0,0
0.0485,41,1,0.4965,4546.0,4,0,2,1,2.0,0
0.1218,41,3,1.1139,,7,0,0,0,0.0,0
1.7997,61,0,0.3177,6795.0,6,0,1,0,1.0,0
1.1839,73,0,0.9458,,5,0,0,0,2.0,0
0.1206,58,0,0.5732,9025.0,8,0,1,0,1.0,0
0.3362,50,0,0.327,,4,0,1,0,0.0,0
3.1597,49,0,0.8628,7097.0,7,0,0,0,3.0,0
0.3824,55,1,0.8327,,11,0,3,0,0.0,0
0.4408,58,0,0.2722,,5,0,1,0,0.0,0
0.2139,38,1,0.0954,2143.0,6,0,1,0,0.0,0
0.715,49,0,1.0137,3769.0,9,0,1,0,0.0,0
0.0005,57,0,0.0951,3463.0,7,0,0,0,1.0,0
0.4912,39,0,0.2478,4873.0,13,0,0,0,0.0,0
0.6462,73,0,0.475,3208.0,9,0,2,0,3.0,0
0.4049,90,0,0.5032,,10,0,0,0,2.0,0
1.7364,67,3,0.1271,2680.0,5,0,2,0,2.0,0
0.2145,39,0,0.4691,16948.0,6,0,1,0,0.0,0
0.4897,60,0,0.2624,2714.0,12,0,1,0,2.0,0
1.8183,61,0,0.225,,4,0,1,0,0.0,0
0.3323,42,0,0.4982,1598.0,9,0,2,0,0.0,0
0.2112,43,0,0.6127,3845.0,6,0,0,0,2.0,0
1.5934,41,0,0.2341,8540.0,3,0,0,0,0.0,0
0.0101,46,0,0.4537,,7,0,0,0,0.0,0
3.532,35,0,0.2485,2396.0,8,0,1,0,1.0,0
4.3551,45,1,0.5281,16929.0,6,0,3,0,2.0,0
0.8214,61,1,0.7184,11118.0,5,0,1,0,1.0,0
0.4595,40,0,0.2547,3193.0,6,0,1,0,0.0,0
0.1422,65,0,0.6756,9402.0,18,0,2,0,1.0,0
0.3212,37,0,0.197,6346.0,4,0,3,0,2.0,0
0.8384,62,0,0.3015,1311.0,10,0,1,0,1.0,0
0.312,60,0,0.4429,5544.0,4,0,2,0,0.0,0
1.0539,52,0,0.4505,3889.0,10,0,1,0,,0
0.0355,48,0,0.4209,,6,0,0,0,1.0,0
0.1979,53,0,0.5423,,8,0,0,0,0.0,0
0.7482,63,0,0.3614,9949.0,6,0,1,0,0.0,0
0.9005,38,0,0.2205,2113.0,11,0,0,0,1.0,0
0.6156,52,0,0.1853,11316.0,12,0,1,0,0.0,0
1.969,46,0,0.3594,5435.0,10,0,2,0,0.0,0
0.3452,53,0,0.1193,5706.0,4,0,0,0,0.0,0
2.381,47,0,0.6524,3258.0,12,0,0,0,0.0,0
0.5838,64,0,0.4977,2269.0,5,0,0,0,,1
0.2874,32,0,0.2992,5946.0,9,0,0,0,1.0,0
0.1939,49,0,0.3184,7756.0,7,0,1,0,3.0,0
0.0183,53,0,0.5788,2978.0,8,0,2,0,0.0,0
0.0126,39,0,0.2493,,5,0,1,0,0.0,0
0.1403,30,0,0.4904,5682.0,4,0,0,0,0.0,0
0.0685,65,0,0.1127,,8,0,1,0,1.0,0
0.1175,46,0,0.2751,4349.0,6,0,1,0,0.0,0
0.0025,40,0,0.4784,5446.0,6,0,1,0,1.0,0
0.2156,54,0,0.226,,15,0,2,0,1.0,0
0.6072,43,0,0.6518,,13,0,1,0,1.0,0
0.5226,42,0,0.5193,6911.0,4,0,1,0,0.0,0
0.2413,50,0,0.5382,,2,0,0,0,1.0,0
0.2833,47,0,0.5452,2585.0,8,0,5,0,1.0,0
0.2368,70,0,0.4985,6580.0,14,0,2,0,0.0,0
0.4696,57,0,0.7753,12425.0,13,0,1,0,2.0,0
0.0141,40,0,0.3724,1606.0,5,0,4,0,1.0,0
0.908,70,0,0.1722,4630.0,8,0,1,0,1.0,0
2.0017,48,0,0.2078,3589.0,10,0,0,0,1.0,0
0.2082,75,0,0.7335,6015.0,5,0,2,0,0.0,0
0.7048,39,0,0.8407,7435.0,8,0,1,0,2.0,1
3.6573,44,0,0.5887,3728.0,12,0,0,0,0.0,0
2.7571,31,0,0.6326,,8,0,0,0,0.0,0
0.2146,44,0,0.8089,9320.0,5,0,1,0,,0
0.9915,95,0,0.1108,4700.0,7,0,3,0,1.0,0
0.5205,49,0,0.5488,14996.0,8,0,1,0,1.0,0
4.4134,60,0,0.8713,1747.0,4,0,0,0,2.0,0
0.1312,43,0,0.7366,6402.0,6,0,0,0,2.0,0
0.1686,50,0,0.7461,,6,0,0,0,1.0,0
0.042,53,0,0.0961,,10,0,3,0,,0
0.0726,64,0,0.5301,4621.0,4,0,1,0,1.0,0
1.9666,48,0,0.4724,7598.0,9,0,0,0,3.0,0
0.5486,67,0,0.1434,8924.0,10,0,1,0,0.0,0
0.5117,42,0,0.3726,3828.0,7,1,0,0,2.0,0
0.3562,50,0,0.3002,3536.0,7,0,0,0,0.0,0
0.2107,47,0,0.7243,5591.0,6,0,0,0,1.0,0
0.7415,57,0,0.4006,10041.0,4,0,1,0,0.0,0
9.7771,56,0,0.2871,,8,0,1,0,0.0,0
0.6461,74,0,0.3104,12259.0,6,0,0,0,0.0,0
0.5069,65,0,0.2033,9154.0,9,0,3,0,1.0,0
0.3388,53,0,0.2822,2057.0,9,0,1,0,0.0,0
1.2828,45,0,0.7028,3293.0,7,0,2,0,0.0,0
0.6953,48,0,0.9834,1007.0,5,0,0,0,0.0,0
0.1265,44,0,0.3236,3715.0,5,0,1,0,,0
0.0454,51,0,0.4968,,7,0,3,0,0.0,0
0.1636,70,0,0.6422,7569.0,6,0,1,0,0.0,0
4.3527,68,0,0.1208,2652.0,10,0,1,0,0.0,0
0.2844,72,0,0.9113,8496.0,7,0,2,0,1.0,0
0.4747,38,2,0.1004,,7,0,2,0,1.0,0
0.1256,65,0,0.7443,,8,0,2,0,0.0,0
0.5069,40,0,0.1723,,6,0,1,0,,0
0.451,58,0,0.7287,,10,0,0,0,2.0,0
0.9029,48,0,0.0561,,7,0,1,0,1.0,0
0.0085,59,0,0.3112,3426.0,10,0,0,0,2.0,0
0.2389,70,0,0.7165,4556.0,12,0,0,0,0.0,0
0.3471,49,0,0.5432,4464.0,5,0,1,0,0.0,0
0.1225,43,0,0.4812,1538.0,13,0,0,0,0.0,0
0.5542,44,0,0.4656,4419.0,14,0,1,0,2.0,0
0.6,69,0,0.7221,4701.0,7,0,2,0,0.0,0
0.739,57,0,0.8331,4054.0,13,0,1,0,3.0,0
0.5386,39,0,0.0587,7102.0,2,0,2,0,0.0,0
0.676,57,0,0.4869,5839.0,7,0,0,0,0.0,0
0.0234,63,0,0.4505,5915.0,5,0,0,0,1.0,0
0.4346,91,0,0.5385,5816.0,6,0,2,0,2.0,0
0.6249,37,0,0.689,,9,0,0,0,1.0,0
0.043,54,0,0.5664,,4,0,0,0,1.0,0
0.3498,42,0,0.339,4502.0,5,0,0,0,0.0,0
0.1952,69,0,0.6573,,10,0,1,0,2.0,0
0.5845,44,0,0.5798,4736.0,10,0,0,0,0.0,1
0.177,44,0,0.7891,,12,0,1,0,2.0,0
0.6745,57,0,0.7504,11230.0,7,0,0,0,1.0,0
0.002,46,0,0.2591,4524.0,6,0,2,0,0.0,0
0.9738,71,0,0.2243,3503.0,8,0,0,0,1.0,0
0.242,81,0,0.9779,7750.0,5,0,0,0,0.0,0
0.2878,36,1,0.2685,7952.0,8,0,1,0,0.0,0
0.4229,63,0,0.2254,3174.0,9,0,2,0,1.0,0
0.3749,68,1,0.5817,3028.0,7,0,1,0,1.0,0
0.0744,44,0,0.0606,7780.0,9,0,1,0,0.0,0
0.3139,62,0,0.2325,5717.0,4,0,1,0,0.0,0
0.5868,69,0,0.8242,3830.0,10,0,0,0,0.0,0
0.4091,42,0,0.1638,3519.0,5,0,1,0,1.0,0
0.1797,42,0,0.3303,7781.0,7,0,3,0,0.0,0
0.1927,49,0,0.0634,7542.0,8,0,0,0,0.0,0
0.3383,52,0,0.6619,4592.0,6,0,0,0,0.0,0
0.099,45,0,0.4501,3564.0,10,0,0,0,1.0,0
0.2615,80,0,0.1608,6492.0,9,0,0,0,2.0,0
0.0088,55,0,0.3958,7250.0,6,0,3,0,3.0,0
0.083,44,0,0.5567,3508.0,9,0,2,0,1.0,0
2.9181,61,0,1.0101,9495.0,14,0,0,0,1.0,0
0.528,44,0,0.3036,9378.0,9,0,0,0,1.0,0
0.8102,41,0,0.5017,4717.0,2,0,1,0,0.0,1
0.12,57,0,0.6351,6014.0,11,0,0,0,1.0,0
0.2292,31,0,0.8902,4984.0,5,0,1,0,0.0,0
0.5055,49,0,0.62,8254.0,7,0,1,0,2.0,0
0.0055,37,0,0.6314,2098.0,10,0,1,0,2.0,0
1.0269,58,0,0.1848,,9,0,3,0,1.0,0
0.8941,49,0,0.7042,6827.0,5,0,1,0,0.0,0
1.0193,50,0,0.6678,7454.0,10,0,0,0,0.0,0
0.6324,32,0,1.0949,1180.0,4,0,0,0,0.0,0
4.2586,68,0,0.5075,,8,0,0,0,0.0,0
0.1038,48,0,0.0787,7571.0,6,0,0,0,,0
0.6307,48,0,0.9359,9028.0,10,0,1,0,2.0,0
0.1737,28,0,0.0334,,8,0,1,0,2.0,0
1.4004,70,0,0.3503,4281.0,8,0,0,0,1.0,0
0.5839,48,0,0.6848,8416.0,3,0,1,0,0.0,0
0.4986,47,0,0.6731,2853.0,4,0,1,0,0.0,0
0.5869,74,0,0.3856,,8,0,2,0,2.0,0
0.3827,40,0,0.4852,4857.0,8,0,1,0,0.0,0
0.9103,53,0,0.1868,8939.0,13,0,0,2,1.0,0
2.1055,65,0,0.7263,4302.0,12,0,1,0,0.0,0
0.2183,54,0,0.8078,,9,0,5,0,0.0,0
0.2945,52,0,0.5861,,8,0,0,0,0.0,0
0.7422,58,1,0.5183,3420.0,12,0,3,0,3.0,0
0.6798,58,0,0.8202,12570.0,3,0,1,0,0.0,0
0.581,49,0,0.2296,5937.0,6,0,0,0,1.0,0
0.861,60,0,0.2509,7844.0,10,0,1,0,1.0,0
0.5195,66,0,0.5303,6283.0,8,0,0,0,1.0,0
0.0902,49,0,0.5516,,7,0,1,0,0.0,0
0.3462,62,0,0.0649,4193.0,8,0,1,0,1.0,0
0.5284,82,0,0.379,10279.0,7,0,2,0,1.0,0
0.3394,64,0,0.3318,37911.0,11,0,4,0,0.0,0
0.5562,51,0,0.0605,13947.0,5,0,2,0,1.0,0
0.0622,39,0,0.4462,,9,0,1,0,0.0,0
0.4954,45,1,0.5685,,14,0,0,1,0.0,0
0.097,41,0,0.1976,3588.0,6,0,3,0,1.0,0
0.4529,47,0,0.0752,5749.0,7,0,1,0,2.0,0
0.0001,70,0,0.9199,2405.0,8,0,1,0,0.0,0
0.014,70,0,0.4794,5988.0,5,0,0,0,0.0,0
0.8838,79,4,0.4646,11133.0,7,0,0,4,3.0,0
0.3158,41,0,0.021,1472.0,7,0,1,0,0.0,0
0.2607,50,0,0.1308,,7,0,1,0,,0
0.3392,28,0,0.6908,3741.0,9,0,0,0,0.0,0
0.6233,66,1,0.7578,9153.0,9,0,0,0,0.0,0
0.7613,78,0,0.3717,23643.0,7,0,1,0,0.0,0
0.7196,38,0,0.8214,1834.0,8,0,1,0,2.0,0
0.9503,81,0,0.5829,1371.0,11,0,0,0,0.0,0
0.659,56,0,0.1633,7309.0,9,0,1,0,0.0,0
4.3693,64,0,0.393,1556.0,9,0,1,0,0.0,0
0.3118,36,0,0.6264,,7,0,1,0,0.0,0
1.1249,61,0,0.6296,5472.0,8,0,0,0,3.0,0
0.2796,70,0,0.2791,5348.0,7,0,3,0,1.0,0
0.2794,42,0,0.6455,1881.0,7,0,0,0,0.0,0
0.3975,59,0,0.1811,4622.0,13,0,3,0,0.0,0
0.5165,57,0,0.6041,8617.0,9,0,1,0,1.0,0
0.1362,53,0,0.1271,8140.0,9,0,2,0,0.0,0
2.6035,72,0,0.1331,3385.0,7,0,3,0,0.0,0
0.2665,53,0,0.5969,3309.0,9,0,3,0,1.0,0
0.182,64,0,0.1824,12734.0,6,0,0,0,0.0,0
0.1244,68,0,0.5432,,15,0,0,0,2.0,0
2.2799,27,1,0.1116,,9,0,0,2,1.0,0
0.0983,52,0,0.7777,5421.0,7,0,2,0,0.0,0
0.2945,45,0,1.0178,4192.0,5,0,0,0,5.0,0
0.6092,47,0,0.3545,10268.0,9,0,2,0,,0
0.4445,43,0,0.8221,10202.0,10,0,3,0,1.0,0
0.5757,45,0,0.5874,4355.0,3,0,1,0,1.0,0
0.6444,27,0,1.0271,5408.0,10,0,0,0,1.0,0
1.8012,43,0,0.5503,15133.0,9,0,1,0,1.0,0
0.6631,36,0,0.087,4170.0,9,0,0,0,0.0,0
0.3208,41,0,0.4419,,6,0,3,0,1.0,0
0.6287,62,0,0.0978,9963.0,13,0,2,0,0.0,0
0.7309,71,0,0.5083,8342.0,6,0,1,0,0.0,0
0.4272,58,0,0.096,7492.0,7,0,0,0,0.0,0
0.7281,59,0,0.8006,8328.0,7,0,0,0,1.0,0
0.4402,41,0,0.5527,5318.0,4,0,1,0,2.0,0
0.8085,41,0,0.2465,7085.0,9,0,0,0,3.0,0
0.5831,51,0,0.2662,2943.0,11,0,1,0,3.0,0
0.2187,52,0,0.6468,4312.0,9,0,2,0,0.0,0
0.2881,61,0,0.5259,,6,0,0,0,1.0,0
0.2093,58,0,0.619,2860.0,5,0,1,0,3.0,0
0.5377,58,0,0.4647,7418.0,11,0,1,0,0.0,0
0.3428,78,0,0.6149,4116.0,14,0,2,0,,0
0.2709,52,0,0.2331,4349.0,6,0,0,0,1.0,0
0.5248,61,0,0.2376,21139.0,7,0,0,0,1.0,0
0.4976,74,0,0.2979,4794.0,6,0,0,0,1.0,0
0.2373,56,0,0.6991,3360.0,8,0,0,0,,0
2.8808,50,0,0.1131,6450.0,9,0,1,0,2.0,0
0.4687,36,0,0.2328,4959.0,12,0,0,0,0.0,0
0.2807,35,0,0.5649,4755.0,9,0,0,0,1.0,0
0.9415,63,0,0.3369,9700.0,10,0,1,0,1.0,0
1.5335,55,0,0.0133,8711.0,7,0,1,0,0.0,0
0.1866,63,0,1.024,6593.0,8,0,1,0,2.0,0
1.238,50,0,0.2835,6091.0,7,0,1,0,0.0,0
0.3465,43,0,0.3073,10366.0,8,0,0,0,1.0,0
2.9957,37,0,0.6834,4046.0,8,0,1,0,2.0,0
0.3223,55,0,0.5928,10727.0,7,0,1,0,0.0,0
0.7546,45,0,0.5842,,9,0,1,0,,0
0.2853,44,0,1.1541,7319.0,11,0,0,0,2.0,0
1.6713,80,0,0.6511,,9,0,1,0,2.0,0
0.7874,69,0,0.9289,6199.0,4,0,2,0,0.0,0
0.4726,45,0,0.8604,3661.0,11,0,2,0,2.0,0
0.63,67,0,0.1824,5368.0,6,0,2,0,0.0,0
0.6553,46,0,0.2253,,6,0,1,0,1.0,0
0.0324,63,0,0.3552,5930.0,15,0,0,0,0.0,0
0.7757,63,0,0.636,10340.0,6,0,2,0,1.0,0
0.3754,21,0,0.271,2247.0,8,0,4,0,2.0,0
7.0106,50,0,0.0401,4496.0,6,0,0,0,0.0,0
0.3395,55,0,0.3268,8435.0,12,0,0,0,0.0,0
0.3366,44,0,0.4672,8891.0,7,0,0,0,0.0,0
0.5242,46,0,0.6943,2381.0,15,0,1,0,1.0,1
0.544,49,0,0.299,5060.0,6,0,0,0,1.0,0
0.6583,49,0,0.1874,7648.0,5,0,1,0,2.0,0
0.3028,38,0,0.4501,,11,0,2,0,1.0,0
0.2086,49,0,0.3469,7946.0,8,0,1,0,0.0,0
0.2007,38,0,0.3269,4470.0,8,0,0,0,0.0,0
1.0026,56,0,0.7141,,9,0,0,0,0.0,0
2.437,34,1,0.1655,7394.0,3,0,1,0,2.0,0
0.4157,34,0,0.9064,7015.0,9,0,1,0,0.0,0
3.2378,75,0,0.5172,2807.0,8,0,2,0,1.0,0
0.1912,70,0,0.5857,7897.0,10,0,1,0,0.0,0
0.7678,71,0,0.5265,18715.0,11,0,1,0,1.0,0
1.6049,59,0,0.9715,5985.0,4,0,0,0,1.0,0
0.435,63,0,0.4278,25436.0,5,0,0,0,1.0,0
0.8283,88,0,0.3788,7620.0,10,0,0,0,0.0,0
2.2301,26,0,0.4994,10357.0,7,0,1,0,1.0,0
2.0441,58,0,0.3829,,7,0,3,0,4.0,0
0.1198,72,0,0.3204,,7,0,2,0,1.0,0
0.3954,36,0,0.3675,17583.0,6,0,1,0,1.0,0
0.1953,46,0,1.0735,,9,0,2,0,1.0,0
1.405,39,0,0.2212,7270.0,10,0,3,0,4.0,0
0.109,36,0,0.981,4623.0,6,0,2,0,0.0,0
3.7423,28,0,0.7079,5032.0,8,0,1,0,1.0,1
0.3651,57,0,0.9615,1986.0,12,0,0,0,0.0,0
0.3767,67,0,0.479,4127.0,9,0,1,0,1.0,0
0.259,57,0,0.4664,8882.0,6,0,0,0,0.0,0
0.7955,48,0,0.5278,5042.0,7,0,1,0,1.0,0
0.51,52,0,0.5583,,7,0,0,0,0.0,1
0.656,50,0,0.0608,5610.0,10,0,1,0,0.0,0
0.0201,72,0,0.6586,11733.0,11,0,3,0,3.0,0
0.6139,46,0,0.8225,5326.0,6,0,1,0,2.0,0
0.0322,63,0,0.639,,11,0,0,0,0.0,0
0.6151,95,0,0.2915,,7,0,0,0,0.0,0
0.159,55,0,0.4209,1420.0,11,0,1,0,1.0,0
0.0163,30,0,0.5653,7196.0,6,0,3,0,1.0,0
0.5304,86,0,0.3066,2426.0,2,0,0,0,4.0,0
0.024,36,0,0.483,2478.0,10,0,1,0,0.0,0
1.3665,68,0,0.1141,3373.0,10,0,1,0,0.0,1
0.1687,64,0,0.5746,4384.0,7,0,2,0,0.0,0
0.6794,47,0,0.4862,9397.0,9,0,2,0,0.0,0
0.8724,38,0,0.0674,10754.0,11,0,0,0,1.0,0
0.8778,74,0,0.3599,1303.0,7,0,0,0,2.0,0
0.5,49,0,0.447,,7,0,4,0,2.0,0
0.466,33,0,0.5231,4126.0,7,0,1,0,2.0,1
0.1536,65,0,0.5679,,7,0,1,0,0.0,0
0.4877,59,0,0.7564,9016.0,10,0,0,0,0.0,0
0.6192,27,0,0.5753,5720.0,8,0,3,0,0.0,0
0.3082,65,0,0.0717,8004.0,13,0,1,0,0.0,0
0.2882,56,0,0.7721,5022.0,9,0,0,0,0.0,0
0.4364,63,0,0.9617,5680.0,5,2,0,1,0.0,0
0.5024,86,0,0.5218,,7,0,0,0,0.0,1
0.4938,38,0,0.4522,,12,0,1,0,1.0,0
0.6258,56,0,0.5938,6185.0,7,0,2,0,1.0,0
0.1007,51,0,0.4971,6819.0,8,0,1,0,1.0,0
2.5105,63,0,0.848,,8,0,0,0,0.0,0
0.9406,44,0,0.4995,6617.0,3,0,0,0,1.0,0
0.0878,58,0,0.2036,5600.0,7,0,1,0,1.0,0
0.02,72,0,0.3108,5199.0,11,0,0,0,1.0,0
3.5703,79,0,0.3856,4278.0,5,0,1,0,0.0,0
0.1216,59,0,0.3732,11423.0,8,0,1,0,2.0,0
0.2358,35,0,0.4735,3816.0,6,0,1,0,1.0,0
0.2627,68,0,0.076,2836.0,2,0,2,0,1.0,0
0.6172,29,0,0.7842,6246.0,6,0,1,0,2.0,0
0.1485,24,0,0.2316,21555.0,8,0,3,0,1.0,0
0.1232,42,0,0.8466,5877.0,8,0,2,0,2.0,0
0.0586,39,0,0.159,12074.0,9,0,1,0,2.0,0
0.9176,55,0,0.9109,3805.0,9,0,1,0,0.0,0
0.8471,67,0,0.1472,3466.0,4,0,1,0,0.0,0
8.4941,59,0,0.116,,10,0,4,0,0.0,0
0.172,27,0,0.3989,12800.0,2,0,0,0,0.0,0
0.8322,31,0,0.3773,4263.0,10,0,0,0,1.0,0
0.5752,50,0,0.3017,,5,0,0,0,0.0,0
2.9578,51,0,0.7827,9563.0,10,0,1,0,1.0,0
0.6549,64,0,0.8381,3903.0,5,0,2,0,0.0,0
0.1792,63,0,0.6889,5470.0,10,0,1,0,2.0,0
0.715,59,0,0.7588,2991.0,6,0,1,0,1.0,1
1.0998,39,0,0.4013,,6,0,0,0,0.0,0
0.3907,21,0,0.7562,12060.0,12,0,0,0,1.0,0
2.974,35,0,0.3361,5827.0,9,0,0,0,1.0,0
0.13,70,0,0.2523,,12,0,3,0,2.0,0
0.3665,88,0,0.1311,,4,0,1,0,0.0,0
0.1851,27,0,0.2407,7369.0,10,0,1,0,,0
2.8194,32,0,0.4662,2371.0,12,0,1,0,1.0,0
0.0352,74,2,0.6845,3615.0,3,0,0,1,2.0,0
0.348,53,0,0.4288,,6,0,0,0,0.0,0
0.1102,65,0,0.5965,3609.0,9,0,1,0,0.0,0
0.0923,35,0,0.4376,3747.0,4,0,2,0,,0
0.4157,51,0,0.4916,7199.0,8,0,1,0,0.0,0
0.2086,78,0,0.6275,9364.0,11,0,0,0,0.0,0
1.4973,50,1,0.4494,7987.0,5,0,1,0,0.0,0
0.0527,51,0,0.6007,4232.0,6,0,3,0,,0
1.7824,63,0,0.2993,4562.0,8,0,2,0,1.0,0
3.7342,74,0,0.7236,1941.0,7,0,1,0,1.0,0
5.3596,60,0,0.1525,14451.0,8,0,1,0,0.0,0
0.4334,58,0,0.4751,5552.0,8,0,1,0,0.0,0
0.4752,43,0,0.6629,8950.0,9,0,0,0,,0
0.4552,63,0,0.8467,38426.0,8,0,0,0,1.0,0
0.0864,61,0,0.7081,,8,0,1,0,1.0,0
3.188,63,0,0.7856,,5,0,1,0,0.0,0
0.6906,67,0,0.938,7286.0,11,0,2,0,1.0,0
0.3219,67,0,0.2581,8576.0,9,0,0,0,0.0,0
0.3086,59,0,0.2334,7530.0,5,0,0,0,0.0,0
3.141,42,0,0.2504,3684.0,5,0,0,0,0.0,0
0.759,64,0,0.3063,7716.0,12,0,2,0,1.0,0
1.9681,68,0,0.2349,8394.0,7,0,1,0,2.0,0
0.0846,57,1,0.8334,6094.0,3,0,0,1,0.0,0
0.1637,47,0,0.5577,4987.0,9,0,0,0,0.0,0
0.0728,59,0,0.805,,5,0,3,0,0.0,0
0.0479,44,0,0.7628,5435.0,6,0,2,0,0.0,0
0.591,41,0,0.3709,6265.0,4,0,1,0,0.0,0
0.4206,54,0,0.6675,4051.0,10,0,0,0,0.0,0
0.0907,54,3,0.3286,,7,0,0,2,1.0,0
4.8575,41,0,0.435,4947.0,9,0,3,0,1.0,0
0.244,61,0,0.2342,,15,0,1,0,0.0,0
3.8185,58,0,0.8673,10714.0,8,0,1,0,0.0,0
0.2788,39,0,0.2544,14212.0,9,0,0,0,0.0,0
0.0911,61,0,0.3238,10678.0,8,0,1,0,0.0,0
6.6583,46,0,0.6215,12853.0,1,0,2,0,3.0,0
0.5247,69,0,0.2814,39620.0,7,0,2,0,0.0,0
0.0406,37,0,0.2774,4842.0,7,0,1,0,0.0,0
0.0788,51,0,0.1319,6628.0,5,0,0,0,1.0,0
0.5458,54,0,0.4776,5217.0,7,0,0,0,1.0,1
1.0033,54,0,0.5005,3960.0,13,0,1,0,0.0,0
0.173,79,0,0.2114,7652.0,5,0,0,0,1.0,0
0.3268,65,0,0.9989,,9,0,2,0,1.0,0
0.15,57,0,0.5921,4507.0,9,0,3,0,2.0,0
0.21,54,0,0.6653,8350.0,9,0,0,0,0.0,0
0.6905,66,0,1.2337,5789.0,5,0,1,0,2.0,0
0.7823,34,0,0.4497,,10,0,0,0,1.0,0
0.8211,65,0,0.3535,3714.0,11,0,0,0,1.0,0
0.0778,47,0,0.6631,5297.0,2,0,0,0,0.0,0
0.7832,37,0,0.6455,4673.0,5,0,0,0,0.0,0
0.4043,55,0,0.1376,4289.0,6,0,0,0,1.0,0
0.9286,48,0,0.6735,2782.0,11,0,1,0,,0
0.0267,65,0,0.8293,4510.0,10,0,1,0,0.0,0
1.3016,49,0,0.3054,3937.0,8,0,2,0,2.0,0
0.0393,65,0,0.4615,1540.0,8,0,1,0,0.0,0
0.139,60,0,0.1102,1229.0,4,0,0,0,0.0,0
0.4684,46,0,0.4288,,4,0,3,0,1.0,0
0.945,42,0,0.2513,12591.0,12,0,0,0,1.0,0
0.2266,63,0,0.4285,,7,0,1,0,1.0,0
0.2849,59,0,0.542,5224.0,6,0,1,0,1.0,0
0.0485,48,0,0.878,,3,0,2,0,1.0,0
0.7217,64,0,0.7613,9103.0,10,0,0,0,0.0,0
0.4855,43,0,0.6393,4666.0,10,0,0,0,1.0,0
0.1929,53,0,0.2988,8524.0,7,0,0,0,0.0,0
0.5451,41,2,0.4893,4718.0,6,0,1,1,1.0,0
0.8782,48,0,0.0942,1331.0,11,0,1,0,0.0,0
0.1698,58,0,0.0722,,8,0,0,0,1.0,0
0.2705,34,0,0.3858,9167.0,8,0,1,0,3.0,0
0.9537,61,0,0.7518,,7,0,1,0,0.0,0
0.6917,60,0,0.4739,13110.0,4,0,2,0,1.0,0
6.7166,67,0,0.5422,14403.0,7,0,0,0,1.0,0
1.5114,70,0,0.7051,,6,0,2,0,0.0,0
0.3322,63,0,0.9046,6173.0,9,0,0,0,0.0,0
0.5593,63,0,1.0805,4105.0,12,0,0,0,1.0,0
0.3778,36,0,0.054,12210.0,8,0,0,0,1.0,0
0.0593,62,0,0.605,2234.0,9,0,1,0,0.0,0
0.4542,71,0,0.4931,10402.0,9,0,1,0,2.0,0
0.6955,70,0,0.5604,,4,0,1,0,0.0,1
0.2015,59,0,0.9846,5297.0,8,0,3,0,1.0,0
0.4319,69,0,0.5866,8537.0,10,0,4,0,1.0,0
1.5019,81,1,0.1891,3571.0,4,0,0,0,1.0,0
0.0295,47,0,0.2857,3234.0,14,0,1,0,1.0,0
0.0137,69,0,0.1314,4444.0,7,0,2,0,0.0,0
0.1104,65,0,0.3613,4279.0,9,0,0,0,0.0,0
0.6509,42,0,0.5757,6114.0,7,0,0,0,1.0,0
3.8244,60,0,0.9148,1705.0,8,0,3,0,0.0,0
0.0682,62,0,0.3016,,3,0,0,0,0.0,0
0.1367,45,0,0.5326,6517.0,10,0,1,0,1.0,0
0.434,39,0,0.2324,4663.0,6,0,2,0,0.0,0
0.2046,62,0,0.5232,4700.0,15,0,0,0,0.0,0
0.2664,54,0,0.4629,3667.0,5,0,3,0,2.0,0
0.8396,46,0,0.6446,5492.0,7,0,1,0,0.0,0
8.7349,32,0,0.0567,14086.0,6,0,2,0,4.0,0
0.13,55,0,1.1237,,4,0,2,0,2.0,0
0.6768,47,0,0.1737,14018.0,8,0,0,0,1.0,0
0.1993,36,0,0.1074,6463.0,7,0,1,0,0.0,0
0.1794,60,0,0.5618,4003.0,7,0,3,0,0.0,0
1.2795,59,0,0.2123,3369.0,4,0,1,0,3.0,0
1.4815,39,0,0.7693,2800.0,6,0,1,0,1.0,0
3.0485,39,0,0.9036,,7,0,1,0,1.0,0
1.1071,39,0,0.863,1439.0,8,0,0,0,0.0,0
0.1992,58,0,0.7181,8530.0,6,0,1,0,1.0,0
0.4546,64,0,0.2899,,6,0,0,0,1.0,0
0.0471,22,0,0.1016,12630.0,9,0,0,0,,0
0.3052,47,0,0.4136,6541.0,15,0,1,0,1.0,0
0.5403,51,0,0.1524,4249.0,6,0,1,0,1.0,0
0.0433,95,0,0.4795,,12,0,1,0,1.0,0
0.5243,52,0,0.8495,,11,0,3,0,0.0,0
3.2007,44,0,0.5586,10270.0,12,0,2,0,0.0,0
0.4625,68,0,1.03,6547.0,7,0,2,0,2.0,0
0.1251,35,0,0.893,5069.0,4,0,4,0,1.0,0
0.411,31,0,0.3256,,7,0,3,0,0.0,0
0.9179,62,0,0.4099,4251.0,15,0,1,0,1.0,0
3.7383,59,1,0.178,,11,1,0,0,0.0,0
0.3589,40,0,0.5245,6971.0,3,0,0,0,1.0,0
0.2427,60,0,0.1377,5884.0,15,0,2,0,0.0,0
0.2341,48,0,0.4543,,16,0,2,0,1.0,0
2.2232,39,0,0.7392,,8,0,3,0,0.0,0
0.7823,71,0,0.6009,10912.0,10,0,0,0,1.0,0
0.1251,43,0,0.3874,2666.0,6,0,0,0,1.0,0
0.7348,56,0,0.4534,5701.0,8,0,3,0,2.0,0
0.2345,73,0,0.1243,14059.0,6,1,0,0,3.0,0
0.4823,65,0,0.2912,5841.0,8,0,0,0,1.0,0
0.115,42,0,0.6895,6045.0,6,0,3,0,0.0,0
0.2265,72,0,0.6384,5761.0,10,0,1,0,1.0,0
0.5343,48,0,0.3617,9729.0,6,0,2,0,0.0,0
0.6499,40,0,0.8155,,9,0,1,0,1.0,0
0.3967,53,0,0.1082,7848.0,7,0,0,0,2.0,0
0.3112,41,0,0.2217,6372.0,6,0,0,0,1.0,0
0.0132,39,0,0.1787,6830.0,7,0,1,0,0.0,0
0.7002,41,0,0.6524,4230.0,8,0,1,0,2.0,0
0.4712,88,0,0.4374,,10,0,1,0,0.0,0
0.1831,63,0,0.4669,9656.0,5,0,1,0,0.0,0
0.7151,29,0,0.569,3986.0,9,0,1,0,,1
0.4703,65,0,0.4876,6967.0,4,0,2,0,1.0,0
0.4645,66,0,0.135,2250.0,2,0,1,0,1.0,0
0.0424,38,0,0.9497,,4,0,0,0,0.0,0
0.3208,47,0,0.113,3930.0,8,0,2,0,0.0,0
0.8761,23,0,0.2571,2150.0,14,0,0,0,1.0,0
0.0211,47,0,0.4948,5896.0,9,0,0,0,0.0,0
0.3661,26,0,0.0189,,4,0,3,0,0.0,0
3.472,55,0,0.8681,5442.0,7,0,1,0,1.0,0
0.2908,74,0,0.7243,6443.0,8,0,0,0,1.0,0
0.6382,65,0,0.2597,,7,0,1,0,1.0,0
0.0953,59,0,0.3509,1391.0,11,0,1,0,1.0,0
0.5558,57,0,0.5149,,6,0,2,0,1.0,0
0.189,76,0,0.8872,12476.0,7,0,1,0,0.0,0
0.6047,68,0,0.7222,5948.0,7,0,3,0,0.0,0
0.0336,27,0,0.8899,4978.0,9,0,0,0,0.0,0
0.3249,51,0,0.4906,8562.0,13,0,0,0,2.0,0
0.0626,37,0,0.6058,17869.0,9,0,0,0,0.0,0
0.4164,69,0,0.3282,11767.0,8,0,0,0,2.0,0
0.0784,60,0,0.9658,3264.0,9,0,0,0,1.0,0
3.9593,41,0,0.5178,5224.0,5,0,3,0,1.0,0
0.2275,73,0,0.129,9507.0,12,0,1,0,1.0,1
0.1028,60,0,1.0855,6997.0,6,0,0,1,0.0,0
0.3547,90,0,0.5039,7040.0,10,0,1,0,2.0,0
1.2879,42,0,0.8325,10780.0,6,0,2,0,0.0,0
0.6238,49,0,0.3713,4676.0,5,0,0,0,2.0,0
7.6168,33,0,0.4055,3637.0,9,0,1,0,0.0,0
0.0462,45,0,0.3735,,4,0,1,0,3.0,0
0.4163,43,2,0.7569,7893.0,10,0,0,1,0.0,0
0.4434,58,0,0.5218,14325.0,10,0,0,0,1.0,0
0.0522,43,0,0.7344,5416.0,6,0,0,0,0.0,0
0.3243,48,0,0.3165,2754.0,4,0,0,0,0.0,0
0.1671,45,0,0.2105,5838.0,3,0,0,0,3.0,0
0.6341,49,0,0.8496,10602.0,6,0,2,0,0.0,0
0.3401,60,0,0.4662,,17,0,1,0,0.0,0
1.0891,21,0,0.2171,7496.0,7,0,0,0,1.0,0
0.3795,61,0,0.5475,3969.0,8,0,2,0,0.0,0
0.476,53,0,0.4649,6358.0,11,0,1,0,2.0,0
1.7788,45,1,0.4667,4567.0,7,0,3,1,0.0,0
0.0414,51,0,0.475,5543.0,18,0,0,0,0.0,0
0.6848,58,0,0.0957,2174.0,2,0,1,0,1.0,0
0.1386,66,0,0.0515,,9,0,2,0,1.0,0
10.4814,48,0,0.3613,11472.0,5,0,0,0,0.0,0
1.2133,72,1,0.7911,,8,2,0,1,2.0,0
0.2183,75,0,1.3243,2563.0,10,0,2,0,0.0,0
0.5767,54,0,0.6463,5230.0,11,0,0,0,0.0,0
0.6417,79,0,0.0594,3592.0,8,0,0,0,1.0,0
0.3354,33,0,0.5949,2153.0,11,0,2,0,2.0,0
0.5361,38,0,0.967,9213.0,7,0,0,0,1.0,0
0.4959,67,0,0.3319,12887.0,16,0,0,0,1.0,0
0.1677,77,0,0.2584,4602.0,12,0,1,0,0.0,0
0.6285,38,0,0.2313,,8,0,0,0,0.0,0
5.7242,65,0,0.4977,12216.0,7,0,1,0,,0
2.267,74,0,0.5598,,11,0,1,0,1.0,1
3.7697,43,0,0.2116,15954.0,9,0,2,0,1.0,0
0.9303,38,0,0.3889,,12,0,1,0,0.0,0
0.0539,55,0,0.3511,,3,0,0,0,,0
0.1257,41,0,0.2338,9135.0,5,0,0,0,0.0,0
0.8598,21,0,0.1724,2792.0,4,0,2,0,0.0,0
1.2446,65,0,0.1914,3024.0,7,0,0,0,1.0,0
0.6802,52,0,1.0661,1327.0,15,0,1,0,0.0,0
0.2482,45,0,0.0371,,9,0,0,0,2.0,0
0.1482,63,0,0.5619,,8,0,0,0,2.0,0
0.3002,51,0,0.6806,7357.0,3,0,1,0,4.0,0
0.4627,68,0,0.555,10187.0,7,0,1,0,1.0,0
0.179,60,0,0.8594,3523.0,11,0,0,0,0.0,0
3.681,37,0,0.489,1394.0,2,0,1,0,,0
0.6436,67,0,1.0403,8453.0,7,0,2,0,2.0,0
3.8243,67,3,0.6864,7744.0,17,0,2,0,0.0,0
0.001,50,0,0.1151,14707.0,7,0,0,0,1.0,0
0.1797,76,0,0.6643,4733.0,6,0,0,0,0.0,0
0.5722,56,0,0.1676,6929.0,7,0,2,0,1.0,0
0.701,61,0,0.2928,3702.0,11,0,1,0,0.0,0
0.0187,52,0,0.1244,1707.0,4,0,2,0,0.0,0
0.7042,28,0,0.7078,,10,0,0,0,3.0,1
0.2135,66,0,0.1814,5640.0,3,0,3,0,,0
0.824,54,0,0.5125,9247.0,5,0,4,0,0.0,0
1.0281,35,0,0.3203,4725.0,12,0,1,0,0.0,0
0.506,59,0,0.1618,10376.0,4,0,0,0,1.0,1
0.2015,59,0,0.4201,4268.0,13,0,2,0,0.0,0
0.1076,55,0,0.1573,8286.0,6,0,1,0,1.0,0
0.4318,50,0,0.767,8580.0,4,0,1,0,1.0,0
0.1824,54,0,0.7363,,11,0,0,0,0.0,0
0.5239,47,0,1.1447,3221.0,9,0,1,0,1.0,0
0.7892,55,0,0.5111,1874.0,8,0,1,0,0.0,0
0.4468,46,0,0.8044,7483.0,8,0,1,0,1.0,0
0.7872,43,0,0.4235,14824.0,12,0,0,0,0.0,0
0.0003,46,2,0.5083,,6,0,2,0,0.0,0
2.5111,66,0,0.2088,7446.0,10,0,1,0,1.0,0
0.4884,47,0,0.7255,3257.0,4,0,0,0,2.0,0
0.4452,53,0,0.8633,3200.0,11,0,1,0,1.0,0
0.6555,31,0,0.5958,8485.0,4,0,1,0,1.0,0
0.1612,56,0,0.5715,13337.0,5,0,2,0,3.0,0
0.6288,64,0,0.2814,,7,0,0,0,3.0,0
0.2282,60,0,0.2786,25013.0,6,0,0,0,0.0,0
0.2514,43,0,0.51,6618.0,7,0,0,0,2.0,0
2.0777,56,0,0.3058,5453.0,9,0,1,0,,0
0.6549,45,0,0.6958,2660.0,4,0,1,0,1.0,0
0.8844,57,0,0.1713,17331.0,6,0,0,0,1.0,0
1.0593,41,0,0.1873,4447.0,8,0,0,0,0.0,0
1.0138,68,0,0.0165,5255.0,7,0,0,1,3.0,0
3.5396,70,0,0.3956,4632.0,8,0,4,0,0.0,0
0.7548,50,0,0.518,9077.0,2,0,1,0,0.0,0
1.4283,43,0,0.5059,9195.0,5,0,1,0,0.0,0
0.0091,31,0,0.0788,5024.0,7,0,2,0,2.0,0
0.2707,85,0,0.8096,11914.0,8,0,1,0,5.0,0
0.0428,58,0,0.4863,6942.0,4,0,2,0,1.0,0
0.5245,49,0,0.2997,2829.0,7,0,1,0,0.0,0
0.0299,46,0,0.4801,,9,0,4,0,1.0,0
1.1053,37,0,0.9124,11390.0,5,0,1,0,0.0,0
0.8546,64,0,0.7627,5113.0,10,0,2,0,1.0,1
0.0405,58,0,0.7762,4172.0,10,0,1,0,0.0,0
0.7044,45,0,0.2161,,6,0,1,0,1.0,0
0.9284,58,0,0.67,4034.0,6,0,2,0,1.0,1
0.6315,61,0,0.3792,,2,0,3,0,1.0,1
0.4545,56,0,0.2992,,3,0,0,0,2.0,0
5.7032,78,0,0.727,6544.0,8,0,2,0,,0
1.9647,48,0,0.2705,,9,0,3,0,0.0,0
1.2766,32,0,0.2338,16326.0,8,0,1,0,0.0,0
0.6534,58,0,0.1454,7244.0,7,0,0,0,0.0,0
0.0547,48,0,0.377,6297.0,12,0,5,0,2.0,0
0.0429,52,0,0.6131,2746.0,5,0,1,0,0.0,0
1.3514,60,0,0.2177,4302.0,9,0,2,0,1.0,0
0.2241,37,0,0.6732,10609.0,3,0,1,0,0.0,0
0.0258,31,0,0.3007,9877.0,11,0,1,0,0.0,0
1.8349,64,0,0.0986,7355.0,3,0,0,0,1.0,0
0.0824,55,0,0.3861,12915.0,8,0,1,0,1.0,0
0.6821,74,0,0.7301,12513.0,11,0,0,0,0.0,0
1.9118,65,0,0.7766,,7,0,1,0,2.0,0
0.3658,56,0,0.7606,9945.0,13,0,1,0,0.0,0
1.0773,35,0,0.7198,1943.0,9,0,1,0,1.0,0
0.4426,79,0,0.4625,8723.0,9,0,0,0,1.0,0
0.0917,24,0,0.3041,,5,0,0,0,1.0,0
0.058,51,0,0.2499,7021.0,7,0,1,0,2.0,0
0.21,37,0,0.1075,1424.0,9,0,2,0,1.0,0
0.3616,53,0,0.4564,,8,0,2,0,1.0,0
1.5297,55,0,0.5199,3345.0,7,0,1,0,1.0,0
0.5135,41,0,0.5542,9280.0,10,0,1,0,0.0,0
1.7061,37,1,0.5026,6394.0,5,0,2,0,0.0,0
0.1241,46,0,0.7039,,1,0,2,0,1.0,0
0.2255,53,0,0.2949,,8,0,1,0,2.0,0
0.2676,60,0,0.598,8614.0,6,0,0,0,1.0,0
0.9272,59,0,0.3241,7650.0,10,0,1,0,0.0,0
0.5785,45,0,0.3687,6130.0,16,0,0,0,0.0,0
0.3471,42,0,0.0856,6663.0,7,0,1,0,1.0,0
0.5277,72,0,0.4448,6009.0,7,0,2,0,1.0,0
4.0206,31,0,0.5043,9527.0,14,0,0,0,1.0,0
1.5569,62,0,0.3159,4361.0,2,0,2,0,0.0,0
0.6115,42,0,0.4613,,3,0,0,0,2.0,0
0.2813,56,0,0.8483,4105.0,6,0,1,0,0.0,0
1.0109,71,0,0.7401,,9,0,1,0,1.0,0
0.1205,52,0,0.5475,,10,0,0,0,0.0,0
0.3356,60,0,0.152,4897.0,14,0,2,0,2.0,0
0.2754,54,0,0.4834,4485.0,11,0,0,0,0.0,0
0.2407,56,0,0.4524,2711.0,5,0,4,0,0.0,0
0.0603,53,0,0.2067,14201.0,7,0,1,0,2.0,0
0.0371,58,0,0.2546,12523.0,7,0,0,0,0.0,0
0.7523,45,0,0.8436,7588.0,3,0,2,0,1.0,0
0.5531,46,0,0.6766,,6,0,3,0,1.0,0
1.7078,42,2,0.8619,7665.0,11,0,0,0,1.0,0
3.1104,64,0,0.7892,,12,0,1,0,2.0,0
4.169,85,0,0.6469,1764.0,11,0,1,0,2.0,0
0.6149,67,0,0.3677,,5,0,1,0,1.0,0
0.7054,63,0,0.317,7125.0,10,0,0,0,0.0,0
0.135,43,0,0.6066,4440.0,8,0,0,0,,0
0.1858,26,0,0.9241,,9,0,0,0,2.0,0
0.1169,21,0,0.0802,3194.0,6,0,1,0,0.0,0
3.3664,21,0,0.5968,2083.0,3,0,2,0,0.0,0
0.7974,52,0,0.5789,2999.0,5,0,0,0,2.0,0
3.7108,42,0,0.4528,7798.0,10,0,0,0,0.0,0
1.2099,56,0,0.1587,4307.0,9,0,0,0,0.0,0
0.1597,61,0,0.2593,3986.0,8,0,1,0,1.0,0
0.3345,46,0,0.3606,,15,0,2,0,2.0,0
0.1848,42,3,0.2192,,9,0,1,0,2.0,0
0.095,70,0,0.5885,8792.0,1,0,0,0,1.0,0
0.5683,60,0,0.145,2166.0,6,0,1,0,1.0,0
1.0135,53,0,0.9062,3527.0,13,1,0,0,1.0,0
0.0777,55,0,0.3798,4415.0,6,0,0,0,0.0,0
0.2667,65,0,0.2181,18386.0,8,0,1,0,1.0,0
0.0016,46,0,0.0382,,12,0,0,0,0.0,0
1.0607,66,0,0.5312,11363.0,6,0,0,0,2.0,0
0.3615,62,0,0.3503,,8,0,2,0,0.0,0
1.0864,74,0,0.5806,2301.0,7,0,1,0,1.0,1
0.9252,75,0,0.1733,2548.0,10,0,2,0,1.0,0
5.1926,62,0,0.3106,2501.0,6,0,1,0,1.0,0
0.5444,69,0,0.8264,3519.0,6,0,1,0,0.0,1
0.2016,53,0,0.1699,,5,0,2,0,1.0,0
0.5782,63,0,0.2812,10191.0,8,0,2,0,0.0,0
0.6405,34,0,0.9039,,9,0,3,0,0.0,0
0.3806,71,2,0.5073,9437.0,3,0,0,0,0.0,1
0.6452,55,0,1.0548,5491.0,12,0,2,0,2.0,0
0.8769,37,0,0.6793,6089.0,4,0,1,0,1.0,0
0.4799,65,0,0.4544,,4,0,0,0,0.0,0
0.3192,69,0,0.2684,2720.0,5,0,0,0,0.0,0
2.1825,56,2,0.1741,3382.0,7,0,1,1,0.0,0
0.2351,49,0,0.6622,4652.0,12,0,2,0,1.0,0
0.0862,25,3,0.3968,10077.0,9,0,2,0,1.0,0
0.3138,52,0,0.6217,4330.0,8,0,0,0,,0
7.0557,75,0,0.3534,6506.0,9,0,0,0,3.0,0
0.5449,45,0,0.5054,,10,0,2,0,1.0,0
2.2308,45,0,0.6678,10625.0,6,0,2,0,1.0,0
4.3854,68,0,0.1463,,5,0,0,0,1.0,0
0.3849,32,0,1.0048,3089.0,14,0,1,0,1.0,0
0.0489,45,0,0.2663,,9,0,1,0,0.0,0
1.326,62,0,0.8198,1340.0,8,0,0,0,1.0,0
0.3892,64,0,0.3274,1663.0,4,0,0,0,0.0,0
0.154,36,0,0.8857,2632.0,8,0,5,0,2.0,0
0.3606,65,0,0.3396,12049.0,3,0,0,0,0.0,0
0.0579,64,0,0.2336,5069.0,10,0,0,0,1.0,0
0.3285,43,0,0.302,5462.0,7,0,0,0,0.0,0
0.5095,53,0,0.5798,5597.0,7,0,0,0,0.0,0
0.2559,66,0,0.5674,,13,0,1,0,,0
2.1989,49,1,0.5945,9036.0,6,0,2,0,1.0,0
0.2132,31,0,0.8322,1283.0,9,0,1,0,0.0,0
0.5256,63,0,0.2487,3864.0,7,0,1,0,1.0,0
0.5172,70,0,0.1855,2821.0,17,0,1,0,0.0,0
0.1695,57,0,0.6586,3101.0,6,0,0,0,1.0,1
0.5409,47,0,0.3135,4589.0,6,0,0,0,0.0,0
0.2661,53,0,0.658,,8,0,1,0,0.0,0
0.3766,39,0,0.4647,9219.0,14,0,0,0,0.0,0
0.5533,26,0,0.5127,4369.0,8,0,2,0,0.0,0
1.0411,64,0,0.451,2242.0,9,0,2,0,0.0,1
0.4924,66,1,0.3761,5204.0,5,1,1,0,1.0,0
0.0729,64,0,0.1672,6349.0,10,0,0,0,1.0,0
0.0829,54,0,0.5985,8539.0,5,0,1,0,1.0,0
0.0314,73,0,0.1203,,6,0,0,0,0.0,0
0.4425,54,0,0.2853,9143.0,8,0,2,0,1.0,0
2.8311,54,0,0.4049,18939.0,6,0,0,0,,0
0.0316,21,0,0.4318,,13,0,2,0,2.0,0
0.3912,48,0,0.2515,3470.0,5,0,2,0,0.0,0
0.3184,24,0,0.4331,,10,0,0,0,0.0,0
0.1671,71,0,0.5984,8847.0,4,0,1,0,0.0,0
0.4383,53,0,0.2403,,14,0,0,0,1.0,0
0.2275,71,0,0.0582,4313.0,7,0,2,0,0.0,0
1.808,36,0,0.2404,4550.0,8,0,0,0,1.0,0
0.6961,53,0,0.8638,4511.0,13,0,0,0,0.0,0
0.7638,46,0,0.2652,5503.0,6,0,1,0,0.0,0
0.3542,21,0,0.5895,5054.0,12,0,0,0,1.0,0
0.1887,71,0,0.1733,3189.0,7,0,0,0,0.0,0
1.9777,66,0,0.3001,2286.0,7,0,1,0,1.0,0
0.867,56,3,0.2169,,11,0,3,0,1.0,0
3.1411,62,3,0.7595,6224.0,12,0,0,0,1.0,0
5.0297,41,0,0.674,4990.0,7,0,1,0,2.0,0
0.088,35,0,0.6804,6596.0,7,0,0,0,0.0,0
0.4252,42,0,0.691,,10,0,0,0,0.0,0
0.5272,41,0,0.5024,17663.0,5,0,0,0,0.0,0
0.1533,48,0,0.5221,,6,0,0,0,2.0,0
0.4918,55,0,0.2845,,5,0,1,0,0.0,0
0.0523,49,0,0.3093,3420.0,13,0,2,0,0.0,0
0.8102,76,0,0.6956,,5,0,0,0,2.0,1
2.3843,29,0,0.3365,5083.0,9,0,1,0,1.0,0
0.0951,62,0,0.2663,6500.0,12,0,3,0,1.0,0
0.5174,41,0,0.2035,3650.0,14,0,0,0,1.0,0
0.1336,47,0,1.0732,6288.0,6,0,0,0,1.0,0
0.6264,75,0,0.6837,,4,0,1,0,1.0,1
0.4131,45,0,0.2613,3489.0,3,0,2,0,1.0,0
1.3726,44,0,0.4757,,8,0,0,0,0.0,0
0.1445,44,0,0.1951,6909.0,6,0,0,0,1.0,0
0.5756,49,0,0.0563,6279.0,8,0,1,0,3.0,0
10.4671,52,0,0.4567,,6,0,0,0,1.0,0
0.0597,50,0,0.8132,6449.0,10,0,1,0,0.0,0
0.7889,27,0,0.8278,,6,0,1,0,0.0,0
0.3119,39,0,0.3557,7099.0,8,0,0,0,2.0,0
0.4515,66,0,0.4921,,10,0,1,0,0.0,0
1.6501,64,0,0.8945,4154.0,7,0,1,0,1.0,1
0.118,55,0,0.2132,12930.0,6,0,0,0,1.0,0
1.065,46,0,0.8141,2575.0,8,0,0,0,2.0,0
0.6989,53,0,0.434,9352.0,10,0,1,0,0.0,0
0.7252,41,0,0.3392,5617.0,9,0,1,0,0.0,0
0.625,69,0,0.1619,4370.0,12,0,0,0,0.0,0
0.1241,67,0,0.6443,20698.0,7,0,0,0,1.0,0
0.6465,55,0,0.3246,3129.0,5,0,2,0,1.0,0
0.7539,43,0,0.8682,7684.0,4,0,0,0,1.0,0
0.2145,58,0,0.6633,,8,0,0,0,1.0,0
0.9355,60,0,0.4119,2135.0,7,0,1,0,1.0,0
0.9183,53,0,0.9117,5430.0,2,0,1,0,3.0,0
0.6741,40,0,0.2097,4604.0,2,0,2,0,0.0,0
0.1298,66,0,0.1334,3017.0,5,0,0,0,3.0,0
0.3213,61,0,0.3977,,10,0,2,0,0.0,0
0.0704,37,3,1.0642,7938.0,7,0,1,0,0.0,0
1.9291,54,0,0.4056,,7,2,4,2,2.0,0
0.1275,40,0,0.4891,4288.0,11,0,2,0,1.0,0
0.1406,48,0,0.2906,2959.0,4,0,0,0,2.0,0
0.8643,48,0,0.3021,2542.0,7,0,0,0,1.0,0
2.7897,35,0,0.5134,5234.0,2,0,0,0,2.0,0
0.319,40,1,0.3326,,8,0,2,0,2.0,0
0.9721,69,0,0.0657,6178.0,11,0,0,0,1.0,0
0.663,27,0,0.9041,6451.0,8,0,1,0,0.0,0
0.3656,61,0,0.5628,3780.0,10,0,1,0,1.0,0
0.8229,55,2,0.2847,2259.0,4,1,1,0,0.0,0
0.1011,66,0,0.7216,13114.0,6,0,1,0,1.0,0
0.1656,34,0,0.0463,,15,0,2,0,3.0,0
0.2807,58,0,0.1873,3544.0,8,0,2,0,0.0,0
0.775,67,0,0.905,7127.0,6,0,2,0,0.0,0
1.8755,90,0,0.4121,,12,0,1,0,0.0,0
0.1957,57,0,1.0988,4769.0,5,0,1,0,1.0,0
0.2435,57,0,0.8362,2343.0,7,0,1,0,1.0,0
0.2562,48,0,0.6619,,11,0,0,0,0.0,0
0.0112,72,0,0.1859,,10,0,0,0,0.0,0
0.5665,42,0,0.0217,1382.0,14,0,1,0,0.0,0
0.1472,49,0,0.2807,12340.0,10,0,0,0,0.0,1
1.2028,28,0,0.5154,3614.0,11,0,1,0,0.0,0
0.3674,28,0,0.1513,6205.0,9,0,1,0,0.0,0
0.1582,43,0,0.1496,5487.0,7,0,0,0,0.0,0
2.9749,50,0,0.3867,4961.0,11,0,2,0,1.0,0
0.0599,53,0,0.1501,5153.0,8,0,0,0,1.0,0
3.7864,21,0,1.0164,6441.0,9,0,0,0,0.0,0
0.2737,63,0,0.0232,4071.0,5,0,0,0,1.0,0
0.0535,24,0,0.2232,4727.0,13,0,1,0,1.0,0
0.4161,36,0,0.5491,3735.0,13,0,0,0,1.0,0
0.8365,48,0,0.5212,,9,0,2,0,1.0,0
0.7103,56,0,0.3621,7602.0,10,0,0,0,0.0,0
0.6802,47,0,0.1956,8883.0,3,0,0,0,0.0,0
0.7732,50,0,0.1451,3066.0,10,0,1,0,1.0,0
0.883,21,0,0.814,,8,0,0,0,0.0,1
1.7642,62,0,0.594,6706.0,6,0,2,0,1.0,0
0.2118,35,0,0.0941,8299.0,9,0,3,0,,0
0.3772,56,0,0.707,7766.0,15,0,1,0,1.0,0
0.7743,67,0,0.2776,3610.0,8,0,1,0,0.0,0
0.1609,42,0,0.8197,,7,0,1,0,1.0,0
0.3912,44,0,0.0271,4106.0,9,0,4,0,1.0,0
3.175,64,0,0.4175,14365.0,5,0,1,0,0.0,0
0.1989,53,0,0.5888,8352.0,4,0,0,0,0.0,0
0.3414,61,0,0.2009,5368.0,10,0,2,0,2.0,0
0.4138,58,0,0.5535,13607.0,11,0,0,0,0.0,0
0.3522,53,0,0.4005,10204.0,10,0,0,0,0.0,0
0.0075,48,0,0.3464,7651.0,12,0,0,0,0.0,0
0.4512,53,0,0.4957,,5,0,1,0,0.0,0
0.1542,68,0,0.1021,8735.0,8,0,0,0,0.0,0
1.2893,60,0,0.7325,4773.0,5,0,1,0,0.0,0
4.2487,35,0,0.984,,9,0,1,0,0.0,1
0.0881,31,0,0.0945,3607.0,9,0,0,0,2.0,0
0.2568,59,0,0.836,3389.0,13,0,1,0,0.0,0
0.5037,21,0,0.0064,3221.0,10,0,0,0,1.0,0
0.3153,31,0,0.5309,11241.0,5,0,1,0,0.0,0
0.0975,38,0,0.7276,,12,0,1,0,1.0,0
0.7016,61,0,0.1676,8965.0,11,0,1,0,0.0,0
0.12,66,0,0.8892,1846.0,5,0,1,0,3.0,0
0.8433,50,0,0.9303,7492.0,7,0,1,0,1.0,0
0.6905,42,0,0.0821,5850.0,10,0,0,0,0.0,0
0.2011,50,0,0.4388,8875.0,11,0,1,0,1.0,0
0.7589,95,0,0.2715,11184.0,7,0,1,0,0.0,0
0.3667,64,0,0.257,6492.0,11,0,2,0,2.0,0
1.3021,41,0,0.3805,15698.0,8,0,0,0,3.0,0
1.0754,48,0,0.8025,,7,0,2,0,1.0,0
0.0697,31,0,0.3548,7535.0,2,0,1,0,0.0,0
1.9858,52,0,0.7378,3745.0,7,3,0,1,0.0,0
10.0762,44,0,0.155,4384.0,9,0,1,0,0.0,0
4.4782,50,0,0.299,4780.0,10,0,0,0,0.0,0
0.6464,32,0,0.2325,4037.0,9,0,1,0,0.0,0
0.7079,58,0,0.2226,9922.0,8,0,0,0,0.0,0
1.0634,56,0,0.0799,4336.0,4,0,1,0,2.0,0
0.2329,68,0,0.5498,4375.0,9,0,1,0,0.0,0
0.2948,35,0,0.2389,24923.0,9,0,1,0,1.0,0
0.6837,42,0,1.1908,,3,0,0,0,1.0,0
0.4205,65,0,0.45,4626.0,7,0,1,0,0.0,0
1.7042,59,1,0.7451,4764.0,8,0,1,0,0.0,0
0.0899,58,0,0.3686,,10,0,1,0,0.0,0
0.1699,59,0,0.3288,8710.0,14,0,0,0,1.0,0
0.0264,62,0,0.623,1846.0,4,0,2,0,2.0,0
0.3368,78,0,0.7009,4601.0,9,0,0,0,2.0,0
6.5606,76,1,0.6274,3642.0,9,0,1,0,1.0,0
0.6691,46,0,0.3592,4620.0,5,0,1,0,0.0,0
0.2281,63,0,0.4466,1958.0,2,0,0,0,2.0,0
0.6957,28,0,0.4955,3649.0,6,0,0,0,0.0,1
2.9271,58,0,0.3025,5953.0,5,0,1,0,1.0,0
3.01,57,1,0.6928,9262.0,12,0,1,0,4.0,0
0.4554,57,0,0.3698,6256.0,6,0,0,0,0.0,0
0.7034,89,0,0.5771,6168.0,6,0,0,0,1.0,0
0.9094,65,0,0.259,,7,0,2,0,0.0,0
0.1405,53,0,0.3307,,9,0,2,0,0.0,0
0.3063,26,0,0.8974,,6,0,1,0,1.0,0
4.7984,57,0,0.8023,4680.0,4,0,0,0,0.0,0
0.3981,77,0,0.7031,19643.0,13,0,1,0,0.0,0
2.673,21,0,0.2329,,10,0,1,0,0.0,1
0.841,61,0,0.1822,8878.0,12,0,0,0,1.0,0
0.0822,47,0,0.4282,5552.0,7,0,0,0,1.0,0
0.1856,64,0,0.2934,7252.0,7,0,2,0,0.0,0
0.0298,42,0,0.9544,1636.0,8,0,1,0,1.0,0
0.7824,46,0,0.6629,4395.0,10,0,0,0,0.0,0
0.4933,64,0,0.4454,5291.0,8,0,2,0,0.0,0
0.6885,53,0,0.7622,,9,0,2,0,1.0,0
0.2448,62,0,0.5297,4444.0,6,0,2,0,1.0,0
0.013,63,0,0.1267,8075.0,5,0,1,0,0.0,0
0.1095,53,0,0.5302,3101.0,10,0,0,0,,0
0.7214,87,0,0.5273,,7,0,1,0,,0
0.7875,44,0,0.6346,4548.0,2,0,2,0,3.0,1
0.2759,59,2,0.6334,8808.0,7,0,5,0,0.0,0
0.7637,80,0,0.4189,3481.0,4,0,1,0,2.0,0
0.3779,38,0,0.5632,,10,0,2,0,2.0,0
0.0569,51,0,0.0832,5132.0,6,0,1,0,0.0,0
0.3653,60,0,0.478,11723.0,11,0,2,0,0.0,0
0.591,23,0,0.3154,3390.0,11,0,0,0,0.0,0
0.7237,45,0,0.286,,7,0,0,0,0.0,0
0.3706,61,0,0.3673,4145.0,12,0,0,0,3.0,0
0.7336,67,0,0.779,,10,0,1,0,0.0,1
0.4409,53,0,0.6849,,5,0,1,0,0.0,1
0.1093,65,0,0.3028,23437.0,9,0,1,0,0.0,0
1.2495,53,0,0.6905,2001.0,10,0,1,0,0.0,0
0.6064,42,0,0.1427,,2,0,0,0,1.0,0
0.223,48,0,0.1487,,10,0,1,0,1.0,0
0.602,48,0,0.5357,,8,0,1,0,1.0,0
0.1821,57,0,1.0178,4633.0,12,0,3,0,2.0,0
0.5266,56,0,0.4129,,6,0,0,0,0.0,0
0.5931,46,0,0.3253,4535.0,10,0,1,0,0.0,0
0.526,33,0,0.4208,4400.0,3,0,0,0,0.0,0
3.4539,74,0,0.7656,6101.0,9,0,1,0,1.0,0
2.0529,62,0,0.844,,9,0,0,0,0.0,0
0.8154,55,0,0.3511,,9,0,0,0,0.0,0
0.8262,64,0,0.2702,6433.0,7,0,0,0,0.0,0
0.4842,65,0,0.6753,11124.0,13,0,2,0,0.0,0
0.2017,57,0,0.7733,7502.0,8,0,3,0,1.0,0
0.4006,41,0,0.2043,6542.0,8,1,1,0,1.0,0
0.3982,45,0,0.6675,5283.0,9,0,1,0,0.0,0
0.189,71,0,0.5072,10032.0,10,0,1,0,0.0,0
0.1064,35,0,0.864,3682.0,3,0,0,0,0.0,0
0.0884,48,0,0.2612,1647.0,3,0,1,0,0.0,0
1.1793,66,0,0.2445,29215.0,6,0,1,0,,0
0.2213,42,0,0.4781,5075.0,11,0,3,0,0.0,0
0.2662,52,0,0.365,,6,0,1,0,1.0,0
0.4295,44,0,0.1974,1572.0,10,0,3,0,0.0,0
0.5689,58,0,1.1399,6390.0,12,0,1,0,2.0,0
0.5678,34,0,0.3078,8015.0,13,0,3,0,1.0,0
0.4969,64,0,0.0526,2988.0,10,0,3,0,0.0,0
0.2948,56,0,0.4994,3046.0,13,0,2,0,2.0,0
0.2783,40,0,0.8552,4741.0,5,0,2,0,1.0,0
2.3238,32,0,0.7327,,6,0,3,0,2.0,1
0.1957,66,0,0.1923,,14,0,0,0,0.0,0
0.6757,49,0,0.2673,3575.0,9,0,3,0,0.0,0
0.0416,21,0,0.6717,2231.0,7,0,1,0,0.0,0
0.1879,44,0,0.296,,4,0,1,0,1.0,0
4.1526,79,0,0.5308,7313.0,12,0,1,0,1.0,0
0.195,33,0,0.939,6744.0,7,0,0,0,0.0,0
0.472,53,0,0.6668,5925.0,9,0,1,0,0.0,0
0.5195,64,0,0.5187,8998.0,12,0,0,0,2.0,0
2.6241,44,0,0.6638,,4,0,2,0,0.0,0
0.3632,33,0,0.2101,10616.0,7,0,1,0,0.0,0
4.901,53,2,0.5804,17516.0,12,0,0,0,1.0,0
1.2964,48,0,0.3698,4564.0,11,0,0,0,0.0,0
0.5316,43,0,0.5259,7627.0,9,0,0,0,1.0,0
0.0642,57,0,0.5006,11487.0,10,0,2,0,1.0,0
0.0397,74,0,0.0447,8895.0,8,0,0,0,0.0,0
0.2251,40,0,0.412,6451.0,5,0,0,0,1.0,0
0.0982,52,0,0.1436,5382.0,11,0,1,0,2.0,0
2.3406,59,0,0.5824,,8,0,1,0,3.0,0
1.0106,54,0,0.7405,3940.0,5,0,2,0,0.0,0
0.0405,31,0,0.3713,2407.0,6,0,0,0,,0
0.7637,44,0,0.7592,,3,0,1,0,1.0,1
0.8133,47,1,0.1199,3148.0,3,0,0,0,2.0,0
1.6774,48,0,0.8459,6987.0,7,0,6,0,2.0,0
0.1757,74,4,0.429,7194.0,5,0,1,0,0.0,0
0.1562,24,0,0.4432,4150.0,11,0,1,0,2.0,0
0.3551,75,0,1.3671,15371.0,9,0,0,0,0.0,0
5.9919,37,0,0.1748,7835.0,9,0,0,0,0.0,0
1.0319,37,0,0.7839,11746.0,9,0,0,0,0.0,0
0.3681,43,2,0.2406,,6,0,2,0,2.0,0
0.8484,66,1,0.4148,6972.0,5,0,0,2,0.0,0
0.1783,65,1,0.3597,3527.0,9,0,0,0,1.0,0
0.08,48,0,0.6483,13127.0,12,0,2,0,1.0,0
0.0299,47,0,0.4529,6593.0,10,0,1,0,0.0,0
0.2191,49,0,0.8738,,13,0,1,0,1.0,0
0.1669,51,0,0.1216,8320.0,10,0,2,0,2.0,0
0.7635,51,0,0.6501,2731.0,10,0,2,0,1.0,0
0.2525,68,0,0.943,1691.0,10,0,0,0,0.0,0
3.5153,56,0,1.2547,,12,0,0,0,1.0,0
0.0558,64,0,0.654,5585.0,10,0,2,0,0.0,0
0.3104,40,0,0.804,4504.0,5,0,1,0,1.0,0
0.0377,31,0,0.7482,8750.0,10,0,0,0,1.0,0
0.3478,51,0,0.4251,11404.0,11,0,0,0,1.0,1
0.3579,65,0,0.4326,6962.0,4,0,1,0,0.0,0
0.1444,54,0,0.4225,2442.0,10,0,2,0,0.0,0
0.7343,54,0,0.4031,,11,0,2,0,0.0,0
0.6929,52,0,0.5436,11235.0,6,0,1,0,1.0,0
3.6823,45,2,0.6932,4035.0,9,0,0,0,1.0,0
0.5932,68,0,0.3878,7108.0,5,0,0,0,2.0,0
3.1376,59,0,0.4665,5499.0,13,0,0,0,0.0,0
0.592,45,0,0.7008,6161.0,10,0,2,0,0.0,0
1.6401,67,0,0.2006,3199.0,5,0,0,0,,0
3.0864,43,1,0.432,5490.0,6,1,1,1,1.0,0
0.5259,50,0,0.2554,,6,0,0,0,1.0,0
0.0356,29,0,1.0535,5281.0,7,0,0,0,1.0,0
0.6179,60,0,0.6507,4644.0,7,0,1,0,1.0,0
0.6947,51,0,0.0674,,12,0,2,0,,0
0.3123,40,0,0.5264,6214.0,9,0,0,0,1.0,0
0.2225,90,0,0.4722,2802.0,5,0,1,0,2.0,0
0.5764,60,1,1.2144,7667.0,7,0,1,0,2.0,0
0.218,76,0,0.4647,2510.0,14,0,2,0,3.0,0
0.6186,59,0,0.039,6136.0,13,0,3,0,2.0,0
3.1115,50,0,0.2368,11400.0,11,0,2,0,0.0,0
0.5227,35,0,0.406,,7,0,1,0,1.0,0
0.577,50,0,1.0959,10460.0,5,0,0,0,0.0,0
0.5813,79,0,0.5786,6516.0,7,0,0,0,0.0,0
0.1107,51,0,0.6044,,5,0,0,0,3.0,0
0.0151,52,0,0.1996,1806.0,6,0,2,0,0.0,0
0.2132,54,0,0.0648,,9,0,0,0,1.0,0
0.6012,83,0,0.3727,4480.0,4,0,0,0,0.0,0
0.1159,37,0,0.5376,,10,0,0,0,0.0,0
0.2781,50,0,0.1097,3796.0,5,0,2,0,1.0,0
0.6773,59,0,0.1516,2783.0,3,0,0,0,2.0,0
0.2887,65,0,0.0674,6227.0,3,0,0,0,0.0,0
0.0025,53,0,0.3978,6350.0,9,0,1,0,1.0,0
1.2646,30,0,0.0683,4997.0,4,0,0,3,0.0,0
0.7864,67,0,0.5188,10596.0,8,0,0,0,2.0,0
0.2263,55,0,0.3772,,9,0,2,0,0.0,0
3.5998,63,0,0.702,8518.0,10,1,3,0,0.0,0
0.1862,45,0,0.5175,9838.0,12,0,2,0,0.0,0
1.1206,73,0,1.1262,,11,0,1,0,1.0,1
2.8775,54,2,0.7917,,8,0,3,0,0.0,0
0.4201,43,0,0.4811,,7,0,0,0,0.0,0
2.1705,79,2,0.716,3813.0,5,0,3,0,1.0,0
0.6269,48,0,0.6706,11112.0,7,0,1,0,0.0,0
0.4011,56,0,0.9304,9893.0,6,0,1,0,1.0,0
0.1066,59,0,0.1174,5865.0,5,0,1,0,1.0,0
0.0367,62,0,0.4077,2392.0,9,0,0,0,1.0,0
0.8216,35,0,0.5912,7035.0,9,0,0,0,0.0,0
0.102,89,0,0.1341,8080.0,4,0,2,0,1.0,0
0.7914,61,0,0.4888,5433.0,5,0,0,0,3.0,0
0.0049,73,0,0.8759,9143.0,11,0,2,0,3.0,0
0.0103,38,0,1.2609,1836.0,7,0,2,0,0.0,0
0.6967,51,0,0.6489,,11,0,1,0,1.0,1
0.074,53,0,0.5237,4397.0,8,0,0,0,1.0,0
0.0332,55,0,0.1973,,13,0,0,0,0.0,0
1.8182,79,0,0.3098,,5,0,1,0,1.0,0
0.097,69,0,0.3174,8025.0,4,0,0,0,0.0,0
0.6739,40,0,0.913,3331.0,10,0,0,0,0.0,0
0.2488,79,0,0.5762,3612.0,9,0,1,0,1.0,0
0.0773,34,0,0.1139,5583.0,13,0,0,0,0.0,0
0.1605,53,0,0.7417,4163.0,8,0,1,0,0.0,0
0.1974,37,0,0.2634,6811.0,7,0,1,0,0.0,0
0.0491,68,0,0.2291,,4,0,0,0,1.0,0
0.6265,45,0,0.5478,4072.0,4,0,0,0,3.0,0
0.1019,43,0,0.0916,3177.0,6,0,1,0,0.0,0
0.073,64,0,0.5007,,3,0,0,0,2.0,0
0.1981,59,0,0.367,8169.0,6,0,1,0,2.0,0
0.276,46,2,0.0682,3184.0,12,0,0,0,,0
0.733,57,0,0.9627,5568.0,3,0,1,0,0.0,0
0.31,52,0,0.3515,4643.0,11,0,0,0,2.0,0
1.3329,61,0,0.3292,2092.0,11,0,0,0,0.0,0
0.2291,46,0,0.4884,10960.0,7,0,0,0,0.0,0
0.0792,61,0,0.7365,6094.0,5,0,1,0,2.0,0
0.359,48,0,0.3954,4107.0,7,0,0,0,1.0,0
0.172,61,0,0.3489,,10,0,1,0,0.0,0
0.6031,26,1,0.6437,6057.0,11,1,1,0,0.0,0
0.097,45,0,0.501,5013.0,6,0,2,0,2.0,0
1.0713,36,0,0.4016,5030.0,10,0,0,0,0.0,0
0.5377,33,0,0.5993,5257.0,8,0,3,0,0.0,1
0.406,54,0,0.0909,,8,0,1,0,0.0,0
0.768,59,0,0.7294,15213.0,10,0,2,0,0.0,0
0.1843,67,0,0.5491,,10,0,0,0,2.0,0
0.2126,63,0,0.5077,17046.0,9,0,1,0,3.0,0
0.4658,38,0,1.0584,,10,0,0,0,0.0,0
0.0514,55,0,0.703,5821.0,3,0,2,0,2.0,0
0.4192,52,0,0.5188,9732.0,5,0,2,0,2.0,0
0.5715,40,0,0.4281,17135.0,11,0,1,0,0.0,0
0.6109,46,0,0.1387,5044.0,12,0,1,0,1.0,0
0.0062,64,0,0.8526,,10,0,3,0,0.0,0
0.3084,58,0,0.5216,,11,0,2,0,2.0,0
0.3578,37,0,0.217,10996.0,3,0,2,0,1.0,0
0.1378,43,0,0.6775,3781.0,8,0,1,0,0.0,0
0.2062,54,0,0.7118,5066.0,5,0,0,0,0.0,0
0.6868,23,0,0.5,2880.0,7,0,3,0,1.0,1
0.3447,43,0,0.283,20389.0,9,0,4,0,1.0,0
0.4571,57,0,0.4664,,4,0,0,0,0.0,1
0.2316,42,0,0.6521,6940.0,8,0,0,0,1.0,0
0.397,57,0,0.6339,14095.0,6,0,1,0,2.0,0
4.4563,21,0,0.0155,,7,0,1,0,0.0,0
0.5474,61,0,0.5564,4644.0,6,0,1,0,0.0,0
6.0678,40,0,0.1813,3956.0,16,0,0,0,0.0,0
0.5306,60,0,0.476,,10,0,0,0,2.0,0
0.3554,69,0,0.9167,3887.0,7,0,0,0,,0
0.7086,57,0,0.3266,8884.0,8,0,1,0,0.0,0
0.316,45,0,0.4936,6948.0,7,0,2,0,1.0,0
0.7136,70,0,0.7963,2750.0,3,0,0,0,2.0,0
0.422,47,0,0.0843,7919.0,6,0,3,0,2.0,0
0.2861,46,0,0.4091,4444.0,8,0,1,0,0.0,0
0.0697,45,0,1.1454,11226.0,8,0,0,0,,0
0.0916,46,0,0.3516,8050.0,3,0,0,0,1.0,0
0.4925,36,0,0.0504,,3,0,0,0,3.0,0
0.2115,39,0,0.6674,8108.0,3,0,0,0,0.0,0
0.7486,70,0,0.6992,6593.0,7,0,1,0,1.0,0
0.2299,75,0,0.4164,,6,0,1,0,0.0,0
0.2363,44,0,0.5001,,12,0,3,0,2.0,0
0.9114,62,0,0.6783,5760.0,10,1,0,3,0.0,0
0.3497,53,0,0.3768,,10,0,0,0,2.0,0
2.1186,43,1,0.5114,12206.0,9,2,3,0,0.0,0
0.8616,64,0,0.2245,9205.0,5,0,1,0,0.0,0
0.5586,47,0,0.3325,,6,0,1,0,2.0,0
1.1232,67,0,0.3693,,5,0,0,0,0.0,0
0.2354,48,0,0.0888,7364.0,6,0,0,0,0.0,0
0.3166,61,0,0.2488,6176.0,9,0,2,0,0.0,0
0.1496,48,0,0.2952,9896.0,8,0,2,0,0.0,0
0.0986,61,0,0.2634,14889.0,9,0,0,0,0.0,0
0.0625,35,0,0.3938,1508.0,6,0,1,0,1.0,0
0.9418,35,0,0.4622,14645.0,11,0,1,0,0.0,0
1.1312,63,0,0.217,7955.0,5,0,2,0,1.0,0
0.0576,54,2,0.349,5590.0,11,0,1,0,0.0,0
0.2308,47,0,0.6789,5986.0,10,0,1,0,3.0,0
0.8553,56,0,0.8507,1963.0,13,0,0,0,1.0,0
2.1832,35,0,0.3408,4912.0,3,0,3,0,1.0,0
5.1218,67,1,0.5914,11904.0,4,0,2,0,1.0,0
6.4236,40,0,0.2378,3159.0,7,0,0,0,1.0,0
0.5865,51,0,0.2503,2358.0,6,0,0,0,1.0,0
0.5665,49,0,0.3129,4974.0,7,0,0,0,2.0,0
0.1416,72,0,0.6161,7568.0,4,0,1,0,1.0,0
0.2804,27,0,0.8611,13057.0,5,0,3,0,0.0,0
0.3817,30,3,0.5871,2953.0,9,0,3,0,0.0,1
0.0519,25,0,0.1567,4969.0,8,0,0,0,2.0,0
0.0561,55,0,0.2265,1771.0,5,0,1,0,1.0,0
0.0014,47,0,0.2694,,12,0,2,0,2.0,0
0.1149,75,0,0.7533,20979.0,6,0,1,0,1.0,0
0.1663,59,0,0.4229,2885.0,7,0,1,0,1.0,0
0.0329,31,0,0.1858,9138.0,7,0,0,0,1.0,0
0.4531,49,0,0.3356,24163.0,6,0,0,0,0.0,0
0.905,62,0,0.1987,2880.0,8,0,1,0,0.0,0
2.9986,51,0,0.8594,2244.0,5,0,0,1,0.0,0
1.4436,47,0,0.0618,,7,0,2,0,1.0,0
0.2583,45,0,0.2413,4227.0,9,0,1,0,1.0,0
0.2961,51,0,0.4299,13283.0,7,0,0,0,0.0,0
3.8408,37,0,0.8547,,7,0,1,0,1.0,0
0.0704,52,0,0.4023,6049.0,7,0,0,0,1.0,0
2.1978,57,0,0.7303,3912.0,13,0,1,0,1.0,0
0.2016,48,0,1.1077,4883.0,8,0,0,0,2.0,0
0.0368,53,0,0.45,2276.0,7,0,1,0,1.0,0
0.4578,53,0,0.2034,2573.0,4,0,1,0,0.0,0
1.6951,47,0,0.449,6474.0,8,0,1,0,0.0,0
1.0904,67,0,0.8793,,7,0,0,0,0.0,0
0.1557,21,0,0.7855,5843.0,15,0,1,0,1.0,0
0.8335,32,0,0.2883,2150.0,10,0,0,0,2.0,0
1.0899,59,0,0.5,4871.0,4,0,1,0,0.0,1
0.3999,64,0,0.9079,,9,0,0,0,,0
1.0621,46,0,0.3601,10606.0,5,0,2,0,1.0,0
0.432,64,0,0.2071,3656.0,10,0,2,0,1.0,0
0.8794,43,0,0.0669,2916.0,7,0,0,0,0.0,0
0.3955,42,0,0.8156,6159.0,7,0,1,0,1.0,0
2.1795,57,0,0.6645,14944.0,6,0,2,0,0.0,0
0.0454,61,0,0.208,8654.0,8,0,3,0,,0
0.5087,52,0,0.2096,4806.0,10,0,3,0,1.0,0
0.4074,75,0,0.7952,6164.0,6,0,1,0,0.0,0
0.8162,61,0,0.5561,3906.0,9,0,1,0,1.0,0
0.872,21,0,0.6182,2767.0,6,0,1,0,0.0,0
0.0634,53,0,0.6462,3070.0,8,0,0,0,1.0,0
0.0039,60,0,0.2366,7050.0,6,0,2,0,0.0,0
1.7419,67,0,0.4134,9698.0,9,0,1,0,0.0,1
0.6207,71,0,0.3974,4524.0,9,0,1,0,0.0,0
0.5275,59,0,0.806,1577.0,10,0,1,0,1.0,0
0.2074,54,0,0.2777,9966.0,13,0,0,0,1.0,0
0.1514,57,0,0.1816,7097.0,5,0,2,0,0.0,0
0.0484,56,0,0.2444,,8,0,1,0,0.0,0
0.0937,21,0,0.4848,7101.0,7,0,2,0,0.0,0
0.3241,60,0,0.4234,,9,0,0,0,0.0,0
0.0005,32,0,0.7271,,11,0,0,0,2.0,0
0.4345,82,1,0.9726,6860.0,7,0,0,2,0.0,0
0.2594,48,0,0.4562,7790.0,10,0,4,0,0.0,0
0.344,59,0,0.5618,,9,0,0,0,0.0,0
0.2202,62,0,0.4154,4116.0,13,0,1,0,1.0,0
0.2643,64,0,0.8606,20542.0,11,0,0,0,1.0,0
0.4119,59,0,1.1623,,6,0,1,0,0.0,0
0.442,55,0,0.6584,8129.0,9,0,1,0,0.0,0
0.1844,87,0,0.2962,4508.0,7,0,0,0,0.0,0
0.959,70,0,0.3196,,8,0,2,0,3.0,1
0.5979,39,0,0.5443,1417.0,14,0,2,0,1.0,1
0.4376,48,0,0.6267,3089.0,5,0,2,0,1.0,0
0.1177,89,0,0.0661,16117.0,12,0,1,0,0.0,0
0.3595,21,0,0.5128,16726.0,3,0,1,0,1.0,0
0.7631,47,0,0.4805,3528.0,11,0,1,0,2.0,0
0.6742,37,0,0.611,6330.0,13,0,0,0,0.0,0
0.188,40,0,0.7003,7643.0,13,0,1,0,1.0,0
0.7477,28,0,0.3125,2385.0,8,0,0,0,0.0,0
0.1418,61,0,0.7687,2482.0,4,0,1,0,0.0,0
3.4036,66,0,0.0891,23318.0,9,0,0,0,1.0,0
0.093,54,0,0.0459,7559.0,7,0,1,0,1.0,0
0.7272,52,0,0.6581,4421.0,5,0,0,0,1.0,0
0.253,44,0,0.4312,8250.0,13,0,0,0,1.0,0
0.4785,67,0,0.3523,11128.0,15,0,0,0,0.0,0
0.7504,67,0,0.4082,13169.0,9,0,1,0,0.0,0
0.2558,74,0,0.579,,6,0,2,0,1.0,0
0.3852,34,0,0.7113,3611.0,10,0,0,0,1.0,0
0.0696,44,0,0.7598,16423.0,9,0,1,0,0.0,0
2.4938,51,1,0.0815,,10,0,1,1,1.0,0
0.0545,63,0,0.4646,4108.0,14,0,1,0,0.0,0
1.471,48,0,0.1699,7466.0,10,0,1,0,3.0,0
1.3034,62,0,0.3975,5966.0,10,0,3,0,1.0,0
0.6212,28,0,0.8924,2171.0,5,0,1,0,1.0,0
0.0471,61,0,0.22,,13,0,3,0,2.0,0
1.798,43,2,0.2313,,7,1,0,1,0.0,0
0.1222,35,0,0.4318,10425.0,9,0,1,0,0.0,0
5.1712,52,0,0.2676,7069.0,6,0,0,0,2.0,0
0.1395,60,0,0.0251,6587.0,5,0,0,0,1.0,1
0.5715,35,0,0.3206,8463.0,13,0,2,0,3.0,0
3.6672,73,0,0.6151,6697.0,11,0,0,0,2.0,0
0.4239,42,0,0.3964,10493.0,9,0,0,0,0.0,0
0.8549,86,0,0.4434,8251.0,5,0,0,0,0.0,0
0.3326,37,0,0.5604,7216.0,8,0,2,0,,0
0.0034,40,0,0.8845,6402.0,6,0,5,0,0.0,0
5.3004,38,0,0.4978,7920.0,8,0,2,0,1.0,0
0.6354,51,0,0.2708,2613.0,9,0,1,0,,0
2.3852,69,0,0.8695,7961.0,4,0,0,0,0.0,0
0.0659,44,0,0.3245,4951.0,8,0,0,0,0.0,0
0.1203,50,0,0.2658,12235.0,8,0,1,0,0.0,0
0.4067,44,0,0.0237,5570.0,16,0,2,0,1.0,0
0.5133,60,0,0.1591,2587.0,9,0,0,0,0.0,1
0.7461,55,0,0.9449,2937.0,4,0,1,0,1.0,1
0.5981,92,0,0.6905,,10,2,0,1,1.0,0
1.9478,57,0,0.2453,6421.0,3,0,2,0,1.0,0
1.2855,59,0,0.2677,7876.0,6,0,0,0,2.0,0
0.7206,63,0,0.4027,11450.0,7,0,2,0,1.0,0
1.1535,27,0,0.9118,4543.0,10,0,1,0,1.0,1
0.2259,39,0,0.2997,3523.0,9,0,1,0,0.0,0
0.2958,58,0,0.378,3850.0,5,0,1,0,0.0,0
0.1711,73,0,0.6687,,7,0,0,0,0.0,0
2.2968,47,0,0.2522,2650.0,14,0,1,0,0.0,0
0.0778,49,0,0.9108,17787.0,12,0,0,0,0.0,0
0.9468,46,0,0.2502,8461.0,7,0,1,0,1.0,0
0.2219,56,0,1.2478,5037.0,6,0,0,0,0.0,0
0.1807,75,0,0.3382,14316.0,9,0,2,0,0.0,0
0.9542,46,0,0.3683,,1,0,1,0,1.0,0
0.5051,71,0,0.4695,2412.0,5,0,0,0,2.0,0
0.5422,23,0,0.3604,2472.0,5,0,1,0,1.0,0
0.5117,66,0,1.0275,8929.0,11,0,2,0,0.0,0
0.2992,56,0,0.8746,5872.0,9,0,1,0,0.0,0
0.3532,49,0,0.2979,7357.0,3,0,2,0,0.0,0
0.1149,64,0,0.8623,9162.0,13,0,4,0,0.0,0
0.2751,52,0,0.4951,17927.0,12,0,1,0,0.0,0
0.8102,24,0,0.6924,7708.0,8,0,2,0,,0
0.4166,50,0,0.8084,2113.0,12,0,1,0,0.0,0
0.1739,52,0,0.4201,,6,0,0,0,0.0,0
2.9169,48,0,0.1165,12150.0,8,0,3,0,1.0,0
0.4312,47,0,0.4884,5163.0,7,0,0,0,1.0,0
0.47,46,0,0.8869,10512.0,7,0,0,0,1.0,0
0.0569,47,0,0.6322,6288.0,8,0,1,0,0.0,0
0.2223,42,0,0.6803,3351.0,13,0,0,0,1.0,0
0.3291,48,0,0.6414,2565.0,15,0,0,2,0.0,0
0.6501,59,0,0.0669,5119.0,10,0,0,0,1.0,1
0.0155,23,0,0.0992,5042.0,5,0,2,0,0.0,0
0.006,48,0,0.2318,,11,0,0,0,0.0,0
0.1554,51,0,0.2437,,11,0,2,0,0.0,0
0.047,52,0,0.2639,,5,0,6,0,0.0,0
1.5865,36,0,0.3774,3935.0,12,0,1,0,0.0,0
0.6692,57,0,0.7066,,7,0,2,0,1.0,0
0.7152,52,0,0.6965,4928.0,5,0,2,0,0.0,0
0.6521,44,0,0.1218,3372.0,6,0,1,0,1.0,1
0.867,41,0,0.1804,4625.0,6,0,1,0,0.0,0
0.4363,57,0,0.1503,,8,0,2,0,1.0,0
1.0558,30,1,0.3932,4105.0,5,0,0,0,1.0,0
0.1502,56,0,1.3558,6346.0,8,0,0,0,1.0,0
0.1654,57,0,0.4743,3581.0,11,0,2,0,0.0,0
0.0042,28,0,0.418,6108.0,6,0,1,0,0.0,0
0.4625,53,0,0.0788,,5,0,1,0,1.0,0
0.1682,36,0,0.279,7190.0,6,0,1,0,1.0,0
0.9269,77,0,0.1655,,11,0,2,0,0.0,0
0.2204,35,0,0.687,5299.0,9,0,1,0,1.0,0
0.5654,73,0,0.4503,,9,0,1,0,0.0,0
0.2883,48,1,0.3476,8865.0,7,0,2,0,1.0,1
0.7573,56,0,0.6428,,13,0,1,0,,1
0.6999,56,0,0.6481,6187.0,13,0,0,0,0.0,0
0.3754,30,0,0.7231,,8,0,2,0,0.0,0
0.0738,44,0,0.6713,,8,0,2,0,0.0,0
0.8128,46,0,0.6104,2365.0,9,0,0,0,0.0,0
0.1458,30,0,0.2878,5575.0,11,0,1,0,3.0,0
0.1813,49,0,0.32,10319.0,8,0,0,0,2.0,0
1.7259,52,0,1.0515,3357.0,4,0,4,0,2.0,0
0.5272,34,0,0.578,7239.0,7,0,0,0,0.0,0
0.1799,71,0,0.5443,,11,0,1,0,0.0,0
5.7451,40,0,0.4805,,9,0,2,0,0.0,0
0.5792,32,0,0.7267,,7,0,2,0,0.0,0
0.3702,66,0,0.4208,6012.0,8,0,3,0,1.0,0
0.8707,36,0,0.474,,7,0,0,0,0.0,0
1.2974,41,0,1.02,4745.0,7,0,1,0,0.0,0
0.4319,65,0,0.6323,,8,0,0,0,,0
0.617,42,0,0.2474,,6,0,1,0,0.0,0
0.2288,67,0,0.6176,3056.0,2,0,0,0,0.0,0
0.3868,52,0,0.7223,10863.0,10,0,0,0,0.0,0
0.3078,43,0,0.5109,2732.0,7,0,1,0,1.0,0
0.211,57,0,0.3525,3710.0,6,0,1,0,2.0,0
0.3495,42,0,0.171,,7,0,2,0,1.0,0
0.0225,68,0,0.1765,7543.0,7,0,1,0,0.0,0
0.433,51,0,0.8346,6044.0,8,0,0,0,0.0,0
0.1395,61,1,0.2633,18748.0,9,0,1,1,0.0,0
0.5445,31,0,0.2059,4094.0,7,0,0,0,,0
0.3479,41,0,0.4938,3045.0,12,0,1,0,1.0,0
1.1935,32,0,0.6765,3718.0,6,0,0,0,0.0,0
0.5312,71,0,0.4192,4719.0,8,0,1,0,0.0,0
0.7056,47,3,0.2518,5680.0,11,0,2,0,0.0,0
0.9794,38,0,0.7111,8043.0,7,0,1,0,2.0,0
0.1944,44,0,0.2714,2626.0,6,0,0,0,0.0,0
0.126,41,0,0.4314,3262.0,9,0,0,0,3.0,0
0.0462,76,0,0.5424,3234.0,8,0,1,0,2.0,0
3.1889,58,0,0.5847,,6,0,0,0,3.0,1
0.5375,34,0,0.8324,5435.0,10,0,1,0,0.0,0
0.0902,45,0,0.9727,5210.0,15,0,1,0,2.0,0
0.1447,54,0,0.7014,7919.0,9,0,0,0,,0
6.7929,57,0,0.218,4036.0,8,0,2,0,0.0,0
0.6221,52,4,0.1634,10183.0,5,0,1,1,0.0,0
0.0359,37,0,0.416,5958.0,9,0,0,0,1.0,0
0.0175,60,0,0.7106,6294.0,11,0,2,0,1.0,0
0.4852,52,0,0.1981,4956.0,15,0,1,0,0.0,0
0.168,58,0,0.721,,13,0,2,0,1.0,0
0.2724,21,0,0.7926,3063.0,8,0,1,0,2.0,0
0.2922,55,0,0.5519,4187.0,5,0,1,0,0.0,0
0.8544,69,0,0.3337,2993.0,8,0,0,0,1.0,0
0.1288,51,0,1.0056,2993.0,11,0,0,0,0.0,0
0.2096,48,0,0.5127,6980.0,4,0,0,0,3.0,0
0.0786,40,0,0.3493,2116.0,4,0,2,0,1.0,0
0.1671,22,0,0.1317,5589.0,7,0,1,0,2.0,0
0.6008,51,0,0.2297,3533.0,8,0,4,0,1.0,0
0.5378,43,0,0.4628,7504.0,7,0,2,0,2.0,0
0.4739,69,0,0.3569,8577.0,5,0,1,0,0.0,0
1.2343,34,0,0.5659,6773.0,8,0,0,0,1.0,0
0.5555,52,0,0.5422,5604.0,8,0,2,0,1.0,0
0.1093,57,3,0.6318,8769.0,9,0,2,0,0.0,0
0.6639,56,0,0.7168,3725.0,8,0,0,0,2.0,0
3.0284,39,0,0.5163,7002.0,10,0,0,0,0.0,0
2.2118,46,0,0.8647,5621.0,8,0,1,0,2.0,0
0.7864,56,0,0.3695,7402.0,6,0,2,0,1.0,0
0.5146,48,0,1.0717,3978.0,15,0,0,0,0.0,0
0.088,56,0,0.4706,3486.0,13,0,3,0,1.0,0
0.0301,29,0,0.4393,4137.0,4,0,1,0,0.0,0
2.7743,47,0,0.1969,4965.0,6,0,3,0,1.0,0
0.6766,60,0,0.2777,,8,0,0,0,1.0,0
0.4633,49,0,0.1903,3883.0,14,0,0,0,0.0,0
0.2281,22,0,0.354,5831.0,10,0,3,0,0.0,0
0.4695,53,0,0.7204,,3,0,2,0,2.0,0
0.4182,48,0,0.0779,4681.0,10,0,0,0,1.0,0
0.0486,39,0,0.3857,,15,0,1,0,2.0,0
1.0365,65,0,0.6654,11441.0,4,0,0,0,1.0,0
0.8703,63,0,0.6577,9552.0,8,0,0,0,1.0,0
0.1559,44,0,1.0284,,9,0,1,0,1.0,0
0.1954,55,0,0.5586,,6,0,1,0,1.0,0
0.1975,51,0,0.6724,2027.0,9,0,1,0,0.0,0
0.6872,41,0,0.43,9016.0,7,0,2,0,0.0,0
0.0869,69,2,0.2653,5228.0,7,0,1,1,0.0,1
0.292,44,0,0.3735,,7,0,1,0,0.0,0
1.7944,49,4,0.855,,5,0,1,2,0.0,0
0.6612,46,0,0.1034,5340.0,9,0,1,0,0.0,0
0.1401,55,0,0.5767,4992.0,7,0,3,0,0.0,0
1.0123,74,0,0.7963,9064.0,2,0,0,0,1.0,0
0.337,66,0,0.5784,7982.0,11,0,1,0,0.0,0
0.0612,80,2,0.2479,2321.0,10,0,0,1,1.0,0
4.3927,64,0,1.183,,15,0,0,0,0.0,1
0.1495,59,0,0.3326,3746.0,10,0,2,0,0.0,0
2.1823,21,1,0.4925,,7,0,0,1,,0
0.1266,58,0,0.6429,2844.0,5,0,0,0,2.0,0
0.0232,44,0,0.2652,,6,0,2,0,1.0,0
0.5621,37,0,0.9906,3307.0,7,0,0,0,1.0,0
2.24,45,0,0.3531,,9,0,1,0,0.0,0
3.7574,46,0,0.845,11065.0,11,0,1,0,0.0,0
0.7005,35,0,0.3473,5819.0,10,0,4,0,0.0,0
0.1278,47,0,1.079,7020.0,9,0,0,0,,0
0.3963,82,0,0.039,7081.0,7,0,0,0,2.0,0
0.244,31,0,0.3796,9387.0,9,0,2,0,,0
0.0966,56,0,0.5513,6947.0,11,0,0,0,0.0,0
1.2545,57,0,0.7425,1769.0,8,0,1,0,0.0,0
0.4474,57,0,0.2774,4229.0,4,0,1,0,1.0,0
1.0919,52,0,0.684,5337.0,8,0,2,0,1.0,1
0.0614,59,0,0.2581,,6,0,4,0,2.0,0
0.9715,33,0,0.8162,2474.0,10,0,0,0,2.0,0
0.2003,45,0,0.5243,9539.0,7,0,4,0,0.0,0
0.0935,49,0,0.3849,5308.0,7,0,0,0,0.0,0
0.3858,80,0,0.6928,3605.0,2,0,1,0,0.0,0
0.4127,46,0,0.4782,4276.0,12,0,0,0,0.0,0
0.3469,39,0,0.678,4291.0,5,0,1,0,0.0,0
0.4318,63,0,0.6271,5279.0,5,0,2,0,3.0,0
1.1218,66,0,0.2063,,11,0,1,0,0.0,0
0.09,52,0,0.2375,11049.0,7,0,1,0,0.0,0
0.3453,27,0,0.3545,4040.0,6,0,1,0,1.0,0
0.4496,52,0,0.6997,1365.0,7,0,1,0,1.0,0
0.4494,43,0,0.3594,3791.0,9,0,1,0,1.0,0
0.1748,54,0,0.1491,3545.0,7,0,0,0,0.0,0
0.2943,41,0,1.1471,6808.0,4,0,1,0,1.0,0
0.4212,51,0,0.6425,,10,0,0,0,0.0,0
1.0297,43,0,0.5231,4259.0,17,0,3,0,1.0,0
0.1204,25,0,0.2386,5067.0,7,0,1,0,3.0,0
1.2478,67,0,0.105,4635.0,6,0,2,0,2.0,0
0.0833,37,0,0.7978,1646.0,12,0,1,0,1.0,0
1.7746,53,0,0.4914,,11,0,0,0,0.0,1
2.3268,75,0,0.4404,6856.0,7,0,1,0,0.0,0
0.1623,41,0,0.2792,4797.0,8,0,1,0,,0
0.1702,59,0,0.2984,,7,0,2,0,1.0,0
0.1361,38,0,0.8058,,5,0,1,0,1.0,0
0.2256,59,0,0.2007,3356.0,7,0,1,0,0.0,0
0.0027,45,0,0.3171,1124.0,5,0,0,0,0.0,0
0.6254,24,0,0.6395,1536.0,8,0,0,0,0.0,1
0.2251,61,0,0.1146,13156.0,10,0,1,0,1.0,0
0.9156,49,0,0.4819,8273.0,7,0,3,0,0.0,0
4.8325,57,0,0.4516,2954.0,11,0,0,0,1.0,0
0.6602,53,0,0.4828,15203.0,7,0,1,0,0.0,0
4.0215,41,0,0.2632,4333.0,13,0,1,0,1.0,0
0.1289,66,0,0.7769,,8,0,1,0,0.0,0
2.012,56,0,0.9622,3184.0,9,0,1,0,1.0,0
0.2474,42,0,0.7661,8027.0,16,0,2,0,1.0,0
0.4968,51,0,0.8386,4603.0,13,0,1,0,2.0,0
1.3827,73,0,0.6711,,10,0,2,0,5.0,0
0.0078,48,0,0.6307,9033.0,4,0,2,0,1.0,0
0.5914,49,0,0.2187,6006.0,7,0,0,0,1.0,0
0.3879,71,0,0.442,10629.0,8,0,1,0,1.0,0
0.4531,85,0,0.4107,,8,0,1,0,1.0,0
0.048,39,0,1.0268,2534.0,10,0,3,0,0.0,0
0.9935,50,0,0.181,2694.0,10,0,1,0,3.0,0
0.1138,50,0,0.2563,16980.0,3,0,0,0,2.0,0
0.1774,65,0,1.3268,4983.0,8,0,0,0,1.0,0
2.7847,75,0,0.3542,4916.0,14,0,2,0,1.0,0
0.0382,49,0,0.7392,18799.0,9,0,0,0,2.0,0
2.5613,27,0,0.2168,3351.0,5,0,0,0,0.0,0
0.4255,51,0,0.6801,1434.0,9,0,0,0,1.0,0
0.2942,51,0,0.1844,10943.0,8,0,3,0,0.0,0
0.5578,66,0,0.2814,3036.0,7,0,1,0,5.0,0
0.3778,34,0,1.1462,3668.0,6,0,0,0,1.0,0
0.076,45,0,0.045,7239.0,8,0,2,0,1.0,0
1.51,68,0,0.4616,6300.0,5,0,1,0,0.0,0
0.7602,58,0,0.4524,1850.0,9,0,1,0,1.0,0
0.346,54,1,0.1977,7020.0,9,0,3,0,1.0,0
0.6802,58,0,0.2585,12750.0,10,0,1,0,1.0,0
0.2718,50,0,0.6011,,8,0,1,0,2.0,0
0.1788,36,0,0.4447,4970.0,12,0,2,0,0.0,0
0.0817,52,0,0.2947,2506.0,9,0,0,0,0.0,0
0.6063,53,0,0.8856,3642.0,7,0,1,0,0.0,1
4.9724,79,1,0.3167,3351.0,17,0,1,1,0.0,0
0.9895,48,0,0.4447,4097.0,7,0,6,0,0.0,1
0.3193,59,0,0.0266,8071.0,6,0,3,0,1.0,0
0.6377,57,0,1.2952,9746.0,10,0,2,0,1.0,0
0.5657,67,2,0.3475,2772.0,11,1,2,0,1.0,0
0.4607,52,0,0.712,4679.0,7,0,5,0,3.0,0
0.2307,40,0,0.9039,6523.0,4,0,1,0,1.0,0
0.078,95,0,0.3813,7912.0,5,0,1,0,1.0,0
0.1419,30,0,0.3064,,8,0,1,0,0.0,0
1.0989,42,0,0.4685,,5,0,2,0,0.0,0
0.2317,49,0,0.2452,11554.0,6,0,0,0,1.0,0
0.6671,77,0,0.3547,4612.0,6,0,1,0,1.0,0
0.501,44,0,0.0851,2684.0,5,0,2,0,0.0,1
0.087,37,0,0.5469,3857.0,6,0,1,0,0.0,0
1.4232,57,1,0.5337,2102.0,6,0,1,0,1.0,1
0.1424,70,0,0.4501,3000.0,5,0,1,0,0.0,0
0.1373,33,0,0.5668,4091.0,8,0,1,0,1.0,0
7.1289,59,0,0.2782,9148.0,10,0,1,0,0.0,0
0.1451,57,0,0.9225,14367.0,4,0,0,0,1.0,0
0.3878,39,0,0.5939,,13,0,0,0,2.0,0
0.2008,35,0,0.518,2773.0,11,0,1,0,0.0,0
0.6839,55,0,0.6244,4266.0,5,0,2,0,4.0,0
0.4147,40,0,1.0565,6984.0,4,0,2,0,1.0,0
1.1878,48,1,0.5918,,8,1,1,0,0.0,0
0.554,70,0,0.149,1772.0,10,0,1,0,3.0,1
0.0934,55,0,0.3284,,11,0,0,0,0.0,0
0.0188,47,0,0.1515,6549.0,12,0,1,0,0.0,0
0.7442,81,2,0.8494,,8,0,4,0,2.0,0
0.6247,58,0,0.3039,8997.0,9,0,0,0,2.0,0
3.195,43,2,0.3116,12630.0,7,0,1,0,1.0,0
0.5884,60,0,0.1075,10608.0,7,0,0,0,1.0,1
0.2811,66,0,0.8021,6812.0,9,0,1,0,1.0,0
0.6411,61,3,0.667,,6,0,1,0,0.0,0
0.7397,65,0,0.7996,10544.0,4,0,0,0,2.0,0
0.6514,68,0,0.6488,,11,0,2,0,1.0,0
0.1657,50,0,0.3091,4590.0,10,0,0,0,1.0,0
0.757,71,0,0.321,,9,0,1,0,0.0,0
0.2115,74,0,0.255,4441.0,6,0,4,0,1.0,0
0.2719,55,0,1.3,6166.0,9,0,0,0,1.0,0
0.7945,83,0,0.1074,6803.0,7,0,2,0,1.0,0
0.131,46,0,0.0325,,10,0,0,0,2.0,0
0.0944,47,0,0.0486,5166.0,7,0,2,0,1.0,0
0.3445,34,0,0.3163,2783.0,8,0,0,0,2.0,0
0.2841,53,0,0.3139,4174.0,10,0,1,0,,0
0.9205,45,0,0.2188,2488.0,9,0,0,0,0.0,1
0.624,45,0,0.4889,9497.0,5,0,0,0,0.0,0
0.4488,60,0,0.1369,3132.0,8,0,1,0,0.0,0
0.5507,43,0,0.4789,1254.0,9,0,1,0,1.0,0
0.3279,46,0,0.0374,4021.0,4,0,0,0,2.0,0
0.1992,70,0,0.5016,2869.0,6,0,1,0,2.0,0
0.6373,36,0,0.4487,3528.0,9,0,3,0,0.0,0
0.3923,67,0,0.3895,5161.0,4,0,1,0,1.0,0
0.1989,82,0,0.0293,5044.0,9,0,4,0,1.0,0
0.9958,74,0,0.8206,,5,0,1,0,1.0,1
0.7121,42,0,0.221,5251.0,9,0,4,0,3.0,0
0.2581,29,0,0.4917,,11,0,1,0,1.0,0
0.2922,47,0,0.321,2194.0,9,0,3,0,2.0,0
0.0244,45,0,0.437,4791.0,6,0,1,0,0.0,0
0.5439,26,0,0.1278,,8,0,1,0,3.0,0
0.465,39,0,0.8433,3355.0,10,0,1,0,0.0,0
1.1355,48,0,0.6728,,12,0,2,0,2.0,0
0.3596,61,0,0.2075,4460.0,7,0,1,0,4.0,0
0.0027,56,0,0.5996,4805.0,6,0,2,0,0.0,0
0.4788,51,0,0.4681,,7,0,1,0,0.0,0
0.0151,61,0,0.3949,4224.0,8,0,3,0,2.0,0
0.1404,54,0,0.4654,,9,0,1,0,0.0,0
0.2638,50,0,0.6226,1964.0,9,0,1,0,1.0,0
0.3768,25,0,0.5378,,4,0,0,0,2.0,0
0.1402,41,0,0.7117,5174.0,1,0,2,0,,0
0.0138,55,0,0.0603,11903.0,6,0,1,0,0.0,0
0.7849,30,0,0.5133,7833.0,10,0,2,0,2.0,0
1.042,67,0,0.4504,4291.0,7,0,1,0,2.0,0
0.3944,53,0,0.9213,12852.0,8,0,3,0,2.0,0
0.0797,79,0,0.8156,334.0,4,0,1,0,2.0,0
0.4423,54,4,0.4776,3375.0,10,0,0,1,0.0,0
0.2129,58,0,0.5445,,4,0,0,0,0.0,1
0.4361,37,0,0.4312,2588.0,15,0,2,0,1.0,0
0.16,73,0,1.0363,,8,0,1,0,1.0,0
0.8285,60,1,0.7354,4079.0,9,0,3,0,3.0,0
0.1899,52,0,0.5267,,6,0,2,0,0.0,0
0.4738,61,0,1.134,6017.0,7,0,3,0,0.0,0
0.4052,51,0,0.9992,4130.0,13,0,0,0,1.0,0
0.2646,40,0,0.1499,5030.0,7,0,3,0,0.0,0
0.452,44,0,0.337,,15,0,1,0,0.0,0
6.0515,56,0,0.171,10758.0,7,0,0,0,1.0,0
0.2757,76,0,0.1007,5107.0,7,0,1,0,2.0,0
0.2476,45,0,0.3323,,4,0,1,0,0.0,0
0.2414,62,0,1.1511,5258.0,4,0,0,0,2.0,0
0.6991,38,0,0.0762,,5,0,0,0,1.0,1
2.2888,60,0,0.4321,13190.0,8,0,1,0,1.0,0
0.897,59,0,0.622,12533.0,10,0,2,0,1.0,0
0.8396,42,0,0.7119,3297.0,13,0,4,0,2.0,0
0.2321,60,0,0.3047,11207.0,13,1,0,4,3.0,0
0.2056,33,0,0.5523,9758.0,8,0,0,0,0.0,0
1.449,52,0,0.8937,3140.0,8,0,3,0,1.0,0
0.3634,48,0,0.4074,23344.0,9,0,1,0,0.0,0
0.7677,70,0,0.5928,2695.0,3,0,0,0,0.0,0
0.4504,48,0,0.6216,2192.0,9,0,2,0,2.0,0
0.1877,70,0,0.3358,8980.0,10,0,1,0,0.0,0
0.3049,69,1,0.4508,6296.0,12,0,1,0,2.0,1
0.0982,81,0,0.2081,16217.0,9,0,0,0,0.0,0
0.3833,21,0,0.2679,3086.0,7,0,2,0,0.0,0
0.4959,56,0,0.6458,,4,0,2,0,1.0,1
0.4677,71,0,0.5502,,9,0,3,0,1.0,0
0.2988,58,0,0.1109,3958.0,11,0,0,0,1.0,0
0.5639,52,0,0.4736,4725.0,8,0,1,0,1.0,0
0.0007,58,0,0.4252,5878.0,16,0,0,0,2.0,0
1.8577,42,0,0.9199,3136.0,9,0,1,0,1.0,0
0.1588,75,0,0.1511,3237.0,9,0,1,0,1.0,0
0.3004,51,0,0.5992,3776.0,8,0,0,0,1.0,0
0.0064,47,0,0.1889,32059.0,11,0,2,0,0.0,0
0.8325,21,0,0.9913,4311.0,5,0,1,0,0.0,0
0.4941,63,0,0.5096,3127.0,6,0,2,0,1.0,0
0.0359,34,0,0.6867,5875.0,11,0,0,0,1.0,0
0.0678,72,0,0.7238,4026.0,13,0,0,0,1.0,0
0.7488,67,0,0.1193,9241.0,11,0,1,0,1.0,0
0.2108,49,0,0.3374,2587.0,10,0,0,0,0.0,0
0.5166,24,0,0.0573,2470.0,7,0,2,0,1.0,0
0.0029,42,0,0.1303,9610.0,10,0,0,0,1.0,0
1.1499,54,0,0.5814,,9,0,0,0,1.0,0
2.0643,53,0,0.1018,,8,0,2,0,0.0,0
1.1325,42,1,0.6535,2721.0,12,0,1,0,0.0,0
3.1792,74,3,1.047,6820.0,4,2,2,0,1.0,0
0.4206,39,0,0.5141,3927.0,13,0,1,0,1.0,0
0.4374,24,0,0.2602,,10,0,0,0,0.0,0
0.5777,63,0,0.7525,,9,0,1,0,1.0,0
0.294,62,0,0.3762,3776.0,7,0,1,0,1.0,0
0.4246,48,0,0.5774,4802.0,11,0,2,0,0.0,0
3.7512,49,0,0.8482,3803.0,5,0,1,0,0.0,0
0.0177,49,0,0.652,3532.0,14,0,0,1,1.0,0
0.348,47,0,0.6139,3576.0,11,0,1,0,2.0,0
0.4964,63,0,0.321,3681.0,7,0,0,0,0.0,0
0.4775,54,0,0.6996,10978.0,10,0,1,0,1.0,0
4.4678,41,0,0.5519,5758.0,5,0,6,0,1.0,0
1.1484,65,0,0.9706,4389.0,8,0,0,0,0.0,0
1.8452,70,0,0.2517,,10,0,0,0,0.0,0
0.4371,53,0,0.4104,5130.0,6,0,1,0,0.0,0
0.0967,52,1,0.1818,4665.0,9,0,3,0,1.0,0
0.2533,66,0,0.5916,6565.0,10,0,0,0,1.0,0
1.2762,77,0,0.1716,8185.0,6,0,0,0,1.0,0
0.5464,46,0,0.2043,24868.0,9,0,1,0,0.0,0
0.3068,53,0,0.2878,5736.0,4,0,2,0,2.0,0
0.1944,54,0,0.1683,,6,0,1,0,0.0,0
0.4362,50,0,0.9621,2564.0,7,0,0,0,3.0,0
0.163,54,0,0.4498,,9,0,0,0,1.0,0
0.3763,95,0,0.3936,6485.0,11,0,0,0,0.0,0
2.0691,47,0,0.3066,4712.0,8,0,1,0,0.0,0
0.0219,68,1,0.5728,9162.0,3,0,2,0,0.0,0
1.5136,41,0,0.5655,10859.0,5,1,0,2,2.0,0
0.1108,46,0,1.0867,7765.0,13,0,4,0,,0
0.304,21,0,0.3868,10543.0,7,0,1,0,0.0,0
0.0057,52,0,0.5789,6028.0,7,0,0,0,1.0,0
0.1572,33,0,0.5516,4693.0,8,0,0,0,0.0,0
0.2936,55,0,0.5307,8518.0,3,0,1,0,0.0,0
0.9399,47,0,0.7595,5826.0,9,0,2,0,0.0,0
0.5819,29,0,0.1902,9129.0,8,0,1,0,0.0,0
0.5073,50,0,0.6906,6538.0,11,0,1,0,1.0,0
0.5216,48,0,0.3156,,9,0,0,0,0.0,0
0.2359,81,0,1.2586,15263.0,11,0,1,0,,0
0.1916,55,2,0.3012,10335.0,5,0,0,0,0.0,0
2.5654,34,0,0.368,14896.0,9,0,4,0,0.0,0
0.334,57,0,0.0874,3638.0,8,0,1,0,1.0,0
0.1134,58,0,0.7786,4361.0,6,0,4,0,0.0,0
0.2272,46,0,0.6205,1690.0,8,0,0,0,0.0,0
0.0536,49,0,0.3883,9722.0,9,0,0,0,2.0,0
0.6664,62,0,0.7504,3960.0,7,0,1,0,0.0,0
0.1074,38,0,0.6139,6759.0,10,0,2,0,1.0,0
0.1147,77,0,1.0114,9793.0,7,0,2,0,0.0,0
0.1858,67,0,0.562,6412.0,7,0,3,0,1.0,0
0.6875,58,0,0.2772,10263.0,5,0,0,0,1.0,0
0.7577,35,0,0.3621,4736.0,7,0,1,0,1.0,0
0.4758,70,0,0.2444,6250.0,9,0,0,0,1.0,0
0.0766,35,0,0.3955,2438.0,7,0,1,0,0.0,0
0.2457,55,0,0.5889,4408.0,15,0,1,0,0.0,0
0.461,49,0,0.7109,,10,0,1,0,0.0,0
0.1377,61,0,0.6208,3835.0,9,0,1,0,0.0,0
0.006,48,0,0.4361,8534.0,6,0,2,0,1.0,0
0.3289,36,2,0.4296,6574.0,12,2,2,0,0.0,0
0.6598,43,0,0.8811,3366.0,15,0,1,0,0.0,0
2.6449,47,0,0.3361,5178.0,9,0,2,0,1.0,0
0.9372,67,0,0.2465,3481.0,5,0,0,0,3.0,0
0.2913,52,0,0.4754,8401.0,7,0,1,0,0.0,0
0.3084,36,0,0.6505,,4,0,0,0,0.0,0
2.5795,63,0,0.5908,,8,0,0,0,1.0,0
0.854,60,0,0.1617,8010.0,4,0,1,0,1.0,0
0.7336,41,0,0.1624,4311.0,8,0,0,0,2.0,0
0.8668,40,0,0.6392,2810.0,8,0,1,0,0.0,0
0.5213,48,0,0.8756,,6,0,1,0,1.0,0
0.2079,44,1,0.8447,3991.0,13,0,6,0,2.0,0
0.0938,64,0,0.1891,4577.0,5,0,1,0,1.0,0
0.1945,53,0,0.1982,14543.0,12,0,2,0,0.0,0
0.091,38,0,0.2619,,11,0,0,0,1.0,0
0.6576,53,0,0.1219,,8,0,0,0,1.0,0
0.9921,53,0,0.9366,19629.0,11,0,1,0,3.0,0
0.7898,38,0,0.1717,2265.0,10,0,1,0,1.0,0
0.4443,46,0,1.1097,3089.0,6,0,1,0,1.0,0
0.3081,57,0,0.7656,,7,0,1,0,0.0,0
0.3588,70,0,0.4497,9531.0,10,0,1,0,1.0,0
0.0127,62,0,0.5946,,9,0,0,0,2.0,0
0.1411,41,0,0.1712,4219.0,9,0,0,0,0.0,0
1.278,72,0,0.8765,2138.0,11,0,2,0,1.0,1
0.849,46,1,0.5607,3496.0,12,2,3,0,3.0,0
3.5787,60,0,0.3639,12446.0,6,0,1,0,1.0,0
0.2234,69,0,0.1801,6537.0,7,0,2,0,0.0,1
0.2592,59,0,0.1506,7924.0,13,0,0,0,0.0,0
0.0581,44,0,0.3481,,7,0,0,0,1.0,0
0.5546,56,1,0.1582,,9,0,1,0,0.0,0
0.4614,57,0,0.4872,2340.0,11,0,0,0,2.0,0
0.0409,37,0,1.0659,9734.0,8,0,0,0,1.0,0
0.2035,47,0,0.7814,9231.0,7,0,2,0,1.0,0
0.1064,62,0,0.4858,5395.0,13,0,1,0,0.0,0
0.5013,46,0,0.5808,6083.0,9,0,1,0,0.0,0
0.5434,42,0,0.4456,5375.0,8,0,1,0,1.0,0
1.0805,25,0,0.2804,5354.0,8,0,0,0,0.0,0
0.2933,29,0,0.8203,7069.0,6,0,1,0,2.0,0
0.193,82,0,0.8326,4610.0,8,0,1,2,1.0,1
0.4958,39,0,0.5235,,13,0,2,0,0.0,0
0.7514,42,0,0.401,10604.0,8,0,0,0,1.0,0
0.2824,68,0,0.5209,11246.0,10,0,0,0,1.0,0
1.594,38,0,0.7425,23779.0,13,0,0,0,0.0,0
0.0283,45,0,0.5551,3506.0,9,0,0,0,0.0,0
0.6231,65,0,0.563,2417.0,6,0,2,0,1.0,1
0.311,53,0,0.0659,3705.0,9,0,0,0,1.0,0
3.0274,33,1,0.0384,14774.0,5,1,0,1,1.0,0
0.0544,44,0,0.3843,3160.0,7,0,1,0,1.0,0
0.89,65,1,0.078,5263.0,5,0,0,0,0.0,0
0.2839,47,0,0.1589,,6,0,0,0,0.0,0
2.6698,52,0,0.3349,,5,0,1,0,2.0,0
1.0619,51,1,0.5081,11136.0,11,0,2,0,2.0,0
0.0642,69,1,0.435,4082.0,4,0,0,2,2.0,0
2.3936,40,0,0.4609,5181.0,8,0,2,0,2.0,0
1.6767,30,0,0.7358,4855.0,8,0,1,0,1.0,0
2.1844,64,0,0.5328,3401.0,9,0,3,0,0.0,0
0.5787,32,0,0.7469,6877.0,9,0,0,0,1.0,0
0.6244,33,0,0.4303,3463.0,2,0,0,0,1.0,0
0.5824,65,0,0.0952,6422.0,9,0,1,0,1.0,0
0.4582,46,0,0.5301,6854.0,10,0,1,0,0.0,0
0.4951,53,0,0.1186,9237.0,6,0,0,0,2.0,0
0.0227,22,0,0.287,,8,0,2,0,0.0,0
0.5086,61,0,0.425,,9,0,0,0,3.0,0
0.0818,38,0,1.0169,3037.0,9,0,1,0,2.0,0
0.275,67,0,0.4509,3210.0,4,0,2,0,1.0,0
2.7696,51,0,0.3019,3829.0,9,0,1,0,0.0,0
0.177,63,0,0.5018,10589.0,6,0,1,0,1.0,0
2.047,58,0,0.3068,2449.0,11,0,2,0,1.0,0
0.4416,50,0,0.2389,8813.0,9,0,0,0,1.0,0
0.1788,43,0,0.2848,2729.0,7,0,1,0,0.0,0
0.2125,41,0,0.6385,5612.0,4,0,2,0,1.0,0
0.9381,68,0,0.8695,,6,0,1,0,1.0,0
1.3143,27,1,0.2368,,1,0,0,0,1.0,1
0.3789,33,0,0.531,7550.0,10,0,3,0,2.0,0
0.4154,48,0,0.6587,2763.0,6,0,1,0,,0
0.1593,21,0,0.5399,2642.0,9,0,3,0,0.0,0
0.5381,47,0,0.3416,3561.0,7,0,0,0,1.0,0
0.3761,52,0,0.2016,12617.0,6,0,2,0,1.0,0
0.1542,64,1,0.4878,6177.0,7,2,0,2,,0
0.0745,72,0,0.4937,,6,0,1,0,0.0,0
0.1869,30,1,0.1628,3639.0,9,0,1,0,0.0,0
0.0609,54,0,0.1179,3897.0,11,0,0,0,0.0,0
0.8112,64,0,0.6016,6628.0,7,0,3,0,0.0,0
0.1294,57,0,1.047,7241.0,13,0,3,0,0.0,0
1.6409,59,0,0.1947,9910.0,10,0,1,0,1.0,0
0.034,45,0,0.4722,9785.0,6,0,1,0,2.0,0
0.5893,46,0,0.4162,1365.0,6,0,1,0,1.0,1
0.4466,41,0,0.3507,4116.0,7,0,1,0,1.0,0
0.5886,58,0,0.8338,4539.0,9,0,2,0,0.0,0
1.155,69,0,0.5698,,7,0,1,0,1.0,1
0.169,59,0,0.5068,,5,0,1,0,0.0,0
0.0747,38,0,0.5996,4641.0,2,0,0,0,1.0,0
0.2228,39,0,0.4848,4869.0,8,0,1,0,1.0,0
0.2663,35,0,0.6962,2193.0,10,0,0,0,1.0,0
0.1417,35,2,0.2282,4218.0,5,1,2,1,0.0,0
0.595,54,0,0.7282,,9,0,1,0,2.0,0
2.2381,36,0,0.1739,13448.0,17,0,0,0,0.0,0
0.4428,42,1,0.4266,,11,2,0,1,2.0,0
0.6473,64,0,0.3534,6818.0,6,0,3,0,2.0,0
0.5615,47,0,0.4796,8962.0,8,0,0,0,0.0,0
0.092,48,0,0.8394,7070.0,10,0,0,0,0.0,0
0.0388,50,0,0.1806,,6,0,1,0,0.0,0
0.1613,58,0,0.8203,2207.0,9,0,0,0,2.0,0
0.1808,47,0,0.5787,8610.0,4,0,0,0,0.0,0
0.6011,23,0,0.8698,7796.0,9,0,2,0,2.0,0
0.2532,51,0,0.7104,3319.0,8,0,1,0,2.0,0
0.4956,43,1,0.7286,2208.0,10,1,1,0,0.0,0
0.5324,76,0,0.1416,8609.0,10,0,1,0,2.0,0
0.0257,34,0,0.5041,1856.0,10,0,3,0,0.0,0
0.0234,60,0,0.7626,4842.0,10,0,1,0,1.0,0
0.0923,48,0,0.8046,4121.0,8,0,1,0,0.0,0
0.4154,85,0,0.1105,,5,0,1,0,2.0,0
0.0142,60,0,0.4137,,9,0,1,0,0.0,0
1.1497,75,0,0.8037,3477.0,6,0,1,0,1.0,0
0.5624,21,0,0.2657,2988.0,6,0,0,0,1.0,0
2.0149,50,0,0.4994,,10,0,0,0,1.0,0
0.1671,42,0,0.1938,6520.0,9,0,0,0,0.0,0
0.3761,63,0,0.6711,5731.0,8,0,1,0,0.0,0
0.8428,57,2,0.542,9901.0,8,0,1,1,0.0,0
0.0687,61,0,0.5828,7175.0,9,0,0,0,,0
0.7839,52,0,0.3714,3811.0,10,0,0,0,0.0,0
0.3772,65,0,0.8208,,5,0,1,0,1.0,0
0.6245,52,0,0.6128,3597.0,7,0,2,0,0.0,0
0.6155,44,0,0.4658,5953.0,6,0,2,0,0.0,0
0.773,53,0,0.1305,2112.0,6,0,0,0,0.0,0
0.2061,69,0,0.2905,16347.0,7,0,1,0,3.0,0
0.1501,59,0,0.4791,7817.0,12,0,3,0,0.0,0
0.1936,57,0,1.2165,3535.0,7,0,0,0,1.0,0
0.213,60,0,1.0393,7722.0,10,0,0,0,0.0,0
0.1039,55,0,1.025,3202.0,3,0,0,0,0.0,0
0.5985,46,0,0.399,5677.0,7,0,3,0,1.0,0
0.0111,54,0,0.5502,9761.0,9,0,1,0,1.0,0
0.3849,21,0,0.2942,3206.0,14,0,0,0,2.0,0
0.8846,21,0,0.0459,,9,0,0,0,1.0,1
0.0627,62,0,1.0565,,9,0,3,0,0.0,0
3.7684,37,0,0.4793,6507.0,11,0,0,0,,0
0.0628,35,0,0.107,15899.0,9,0,0,0,,0
0.688,55,0,0.8528,3782.0,8,0,1,0,0.0,0
0.2388,50,0,0.2175,,3,0,1,0,0.0,0
0.1514,55,0,0.7187,3487.0,6,0,0,0,2.0,0
0.0796,37,0,0.5798,17645.0,9,0,0,0,1.0,0
0.1236,58,0,1.0372,3786.0,7,0,1,0,3.0,0
0.1038,45,0,0.42,,3,0,0,0,0.0,0
4.0439,69,0,0.4719,4311.0,7,0,0,0,1.0,0
0.8659,45,0,0.1434,4853.0,13,0,0,0,1.0,0
4.6606,58,0,0.8434,6698.0,10,0,1,0,1.0,0
0.2159,41,0,0.3403,8148.0,11,0,4,0,0.0,0
0.7919,79,0,0.4313,5060.0,11,0,2,0,1.0,0
0.7629,50,0,0.5821,,5,0,1,0,0.0,0
0.095,56,0,0.5133,14533.0,12,0,1,0,1.0,0
0.1864,64,0,0.1665,7876.0,11,0,2,0,,0
1.0653,48,1,0.4448,14069.0,5,2,3,0,1.0,0
0.3169,84,0,0.7577,,10,0,0,0,0.0,0
0.3076,65,0,0.8975,6809.0,9,0,1,0,0.0,0
0.1001,33,0,0.4984,3793.0,7,0,0,0,1.0,0
0.3564,57,0,0.4567,2015.0,8,0,1,0,3.0,0
0.1902,61,0,0.4916,,6,0,0,0,2.0,0
0.0161,62,0,0.7232,,4,0,2,0,1.0,0
0.7844,37,0,0.0473,18272.0,11,0,1,0,0.0,1
0.2733,48,0,0.8265,3611.0,13,0,1,0,0.0,0
0.4582,65,0,0.3537,7271.0,12,0,1,0,0.0,0
4.8259,44,0,0.653,5407.0,8,0,0,0,0.0,1
0.8928,39,1,0.1109,3930.0,11,0,1,0,,0
0.8984,39,0,0.7812,2877.0,10,0,1,0,1.0,0
0.6017,42,0,0.3221,13089.0,8,0,1,0,0.0,0
0.5202,25,0,0.5168,7742.0,6,0,1,0,0.0,0
0.1474,39,0,0.498,5264.0,11,0,3,0,0.0,0
1.1062,57,0,0.3008,3038.0,5,0,0,0,2.0,0
0.6684,67,0,0.3174,4013.0,7,0,2,0,0.0,0
0.5147,46,0,0.5274,,11,0,1,0,0.0,0
0.154,53,0,0.8651,4635.0,8,0,0,0,1.0,0
0.4613,51,0,0.2518,5397.0,3,0,1,0,1.0,0
0.8929,48,0,0.4672,5204.0,5,0,2,0,1.0,0
0.5243,35,0,0.3349,5718.0,6,0,0,0,0.0,0
0.3143,33,0,0.6846,6596.0,7,0,0,0,0.0,0
0.1862,68,0,0.4184,6190.0,7,0,1,0,1.0,0
4.2529,50,0,0.6935,4890.0,8,0,1,0,0.0,0
0.1323,61,0,0.9288,2758.0,9,0,2,0,0.0,0
0.0215,52,3,0.2468,5131.0,7,0,2,0,0.0,0
0.3208,70,0,0.1525,8005.0,12,0,5,0,0.0,0
0.0471,33,0,0.2525,3007.0,10,0,1,0,2.0,0
0.5392,48,0,0.3862,22994.0,10,0,1,0,2.0,0
0.4371,45,0,0.3987,4742.0,8,0,0,0,0.0,0
0.2399,40,0,0.3836,7370.0,10,0,2,0,1.0,0
0.0432,21,0,0.7254,3543.0,6,0,2,0,1.0,0
0.263,52,0,0.6552,4651.0,8,0,1,0,0.0,0
0.033,58,0,0.8308,6202.0,11,0,0,0,0.0,0
0.7221,72,0,0.7122,7145.0,7,0,1,0,1.0,0
0.1973,46,0,0.3668,10959.0,6,0,1,0,,0
0.0984,35,0,1.1897,8608.0,7,0,2,0,3.0,0
0.1423,36,0,0.4946,,10,0,1,0,0.0,0
0.2374,41,0,0.5556,,6,0,0,0,0.0,0
0.257,53,0,0.2632,8125.0,7,0,0,0,0.0,0
0.4853,37,0,0.2284,5011.0,12,0,1,0,1.0,0
0.4197,51,0,0.7597,,9,0,1,0,0.0,0
0.8778,36,0,0.3755,3796.0,10,0,0,0,2.0,0
0.9495,49,0,0.5579,1883.0,11,0,0,0,1.0,0
0.0924,79,0,0.5714,17175.0,14,0,1,0,1.0,0
0.3869,55,0,0.336,,4,0,0,0,1.0,0
5.2009,37,0,0.1721,4536.0,7,0,1,0,1.0,0
0.258,90,0,0.4113,6880.0,5,0,3,0,2.0,0
0.0353,66,0,0.5985,2246.0,12,0,1,0,0.0,0
0.4226,61,0,0.3923,7085.0,15,0,1,0,1.0,0
2.3193,48,0,0.5302,3115.0,7,0,1,0,2.0,0
0.6143,62,0,0.3389,8287.0,9,0,0,0,1.0,0
1.4016,61,0,0.4681,7068.0,4,0,2,0,0.0,0
0.0542,38,0,0.1626,4605.0,9,0,1,0,3.0,0
0.5039,66,0,0.6634,4593.0,10,0,0,0,0.0,0
0.1514,63,0,0.1636,10389.0,6,0,0,0,3.0,0
0.2048,51,0,0.2602,10912.0,5,0,1,0,0.0,0
0.5919,43,0,0.4376,,7,0,2,0,1.0,0
0.0782,70,0,0.3468,7933.0,9,0,2,0,1.0,0
0.1246,46,0,0.168,3353.0,14,0,0,0,1.0,0
0.0896,52,0,0.4791,5618.0,10,0,1,0,0.0,0
0.4777,36,0,0.7126,10516.0,10,0,1,0,2.0,0
0.4752,36,0,0.7264,4416.0,6,0,2,0,0.0,0
0.1693,77,0,0.7722,7449.0,15,0,1,0,0.0,0
0.0801,72,0,0.878,,9,0,3,0,1.0,0
0.0431,68,0,0.3255,3581.0,7,0,1,0,0.0,0
1.2321,56,0,0.682,8774.0,9,0,2,0,0.0,0
4.7486,32,0,0.0565,,11,0,3,0,1.0,0
0.2727,57,0,0.2714,9604.0,6,0,1,0,0.0,0
0.0222,58,2,0.7369,,6,0,2,0,0.0,1
0.7639,51,0,0.1786,,5,0,0,0,2.0,1
1.1301,61,0,0.3891,5069.0,11,0,0,0,1.0,0
1.8859,78,0,0.451,,4,0,1,0,1.0,0
0.6401,44,0,0.4455,7498.0,11,0,1,0,1.0,0
0.6897,56,0,0.2998,9447.0,9,0,4,0,0.0,0
0.0695,37,0,0.1302,5150.0,6,0,0,0,,0
0.442,59,0,0.4133,2666.0,10,0,2,0,0.0,0
4.285,48,0,0.5204,1840.0,6,0,2,0,1.0,0
0.2222,53,0,0.5169,,7,0,1,0,1.0,0
0.1196,40,0,0.5296,5828.0,7,0,0,0,0.0,0
0.6509,42,0,0.6574,11018.0,7,0,1,0,1.0,0
0.2738,21,0,0.47,,11,0,0,0,2.0,0
0.7353,52,0,0.3195,,8,0,2,0,1.0,0
1.061,47,0,0.0817,4756.0,13,0,1,0,0.0,1
0.0016,54,0,0.1953,8524.0,10,0,4,0,1.0,0
0.1319,51,0,0.4111,,7,0,2,0,0.0,0
0.0334,61,0,0.6306,6487.0,11,0,0,0,0.0,0
0.0863,75,0,0.6568,3995.0,9,0,0,0,2.0,0
1.9679,39,0,1.2498,4785.0,5,0,2,0,0.0,1
1.0107,61,1,0.6624,3389.0,9,0,2,0,0.0,0
2.8893,37,0,0.4528,8263.0,8,0,1,0,1.0,0
0.3263,45,0,0.2516,,6,0,2,0,2.0,0
0.1251,50,0,0.3687,3849.0,13,0,1,0,0.0,0
0.7048,62,0,0.2216,4642.0,9,0,2,0,0.0,0
0.0218,34,0,0.5452,8264.0,15,0,2,0,0.0,0
0.7933,32,0,0.2985,5351.0,8,0,0,0,0.0,0
0.9327,51,0,0.5111,,9,0,1,2,1.0,0
0.186,21,0,0.1353,11937.0,12,0,1,0,3.0,0
0.1708,65,0,0.5784,1835.0,6,1,2,0,,0
5.1038,60,0,0.6611,5553.0,10,0,2,0,0.0,0
0.2213,50,0,0.255,8476.0,7,0,1,0,0.0,0
0.8611,61,3,0.6264,9238.0,4,0,1,0,0.0,0
3.9831,24,0,0.4095,,7,0,0,0,5.0,0
0.5885,60,0,0.9195,4511.0,9,0,2,0,0.0,0
0.0935,60,0,0.3185,2687.0,4,0,1,0,2.0,0
0.1976,25,0,0.026,10997.0,7,0,0,0,1.0,0
1.0985,52,2,0.7515,4636.0,6,0,0,0,2.0,0
4.5239,45,0,0.1672,,12,0,0,0,0.0,0
0.4206,23,0,0.7162,8810.0,5,0,5,0,0.0,0
0.3796,47,0,0.3837,1325.0,13,0,0,0,0.0,0
0.2328,58,0,0.35,5719.0,5,0,1,0,2.0,0
2.4069,21,0,0.7445,,10,0,1,0,1.0,0
0.4095,59,0,0.4825,7182.0,10,0,0,0,1.0,0
0.366,68,0,0.4927,2982.0,10,0,1,0,0.0,0
2.6732,33,0,0.674,8858.0,8,0,0,0,1.0,0
1.2521,30,0,0.7517,7155.0,8,0,3,0,,0
0.3813,66,0,0.3983,4136.0,2,0,0,0,0.0,0
0.2161,45,0,0.5996,,4,0,0,0,1.0,0
0.5059,67,0,0.2405,1707.0,7,0,0,0,0.0,0
0.7017,51,0,0.5736,2748.0,5,0,0,0,2.0,0
0.1115,32,0,0.5817,,4,0,1,0,0.0,0
0.0092,34,0,0.4334,1097.0,8,0,2,0,1.0,0
0.36,80,0,0.4047,7534.0,10,0,2,0,0.0,0
0.109,26,0,0.5333,7633.0,6,0,1,0,1.0,0
0.3856,45,0,0.1673,14804.0,4,0,1,0,0.0,0
0.0253,39,0,0.7528,1351.0,9,0,2,0,1.0,0
0.3815,23,0,0.8673,2832.0,17,0,0,0,1.0,0
0.393,59,0,0.4711,6732.0,3,0,1,0,1.0,0
0.2059,38,0,0.2316,,8,0,2,0,0.0,0
0.0643,59,0,0.6721,4553.0,11,0,0,0,0.0,0
0.1004,50,0,0.7571,7003.0,6,0,0,0,0.0,0
0.2454,60,0,0.225,7002.0,15,0,0,0,0.0,0
0.8387,21,0,0.3076,,13,0,2,0,0.0,0
0.6185,46,0,0.4787,18339.0,9,0,2,0,0.0,0
0.1824,64,0,0.2532,9139.0,12,0,1,0,0.0,0
0.1342,44,0,0.5316,3261.0,10,0,0,0,0.0,0
0.315,47,0,0.5797,,7,0,1,0,0.0,0
0.0921,34,0,0.3923,5035.0,14,0,0,0,0.0,0
0.412,48,0,0.2382,4762.0,7,0,1,0,0.0,0
0.7538,35,0,0.3438,3926.0,2,0,0,0,0.0,0
0.3694,47,0,0.95,,10,0,0,0,0.0,0
0.4317,38,0,0.272,24451.0,8,0,0,0,0.0,0
0.751,66,0,0.3078,6943.0,7,0,0,0,1.0,0
5.0239,64,3,0.6676,8451.0,9,0,2,0,2.0,0
0.0971,35,0,0.2273,,5,0,1,0,0.0,0
0.6704,85,0,0.433,9280.0,3,0,2,0,0.0,0
0.9803,55,0,0.3007,3253.0,6,0,2,0,0.0,0
0.4172,56,0,0.1859,2589.0,10,0,1,0,1.0,0
0.1815,72,0,0.3159,4134.0,5,0,1,0,0.0,0
1.5528,58,4,0.1673,4554.0,3,0,2,0,1.0,0
1.3264,39,0,0.2605,4299.0,9,0,2,0,1.0,0
0.2252,27,0,0.3391,8933.0,4,0,0,0,1.0,0
0.505,21,2,0.4688,5054.0,9,1,3,0,0.0,0
0.2227,81,0,1.0337,8258.0,8,0,1,0,2.0,0
0.2576,55,0,0.3284,4591.0,7,0,0,0,2.0,0
0.7593,56,0,0.5609,3885.0,4,0,0,0,2.0,0
0.7414,60,2,0.7983,3037.0,4,0,0,0,3.0,0
0.045,43,0,0.0719,,6,0,2,0,0.0,0
0.2824,58,0,0.3734,8712.0,15,0,0,0,1.0,0
0.2785,32,0,0.7541,4308.0,10,0,0,0,1.0,0
0.699,54,0,0.3212,2565.0,8,0,0,0,1.0,0
2.3443,63,0,0.2942,,7,0,0,0,0.0,0
0.7058,38,0,0.3165,10443.0,7,0,1,0,2.0,0
0.7792,93,0,0.5678,10230.0,7,0,0,0,2.0,0
0.4745,32,0,0.4636,5031.0,6,0,3,0,0.0,0
0.2705,60,0,0.5937,7119.0,6,0,0,0,0.0,0
0.0316,51,0,0.297,6060.0,8,0,1,0,2.0,0
4.0009,72,0,0.2251,4509.0,3,0,1,0,,1
0.4599,48,0,0.2258,,8,0,0,0,1.0,0
0.6327,38,0,0.1513,7973.0,9,0,1,0,1.0,0
0.1376,64,0,0.1605,8042.0,5,0,2,0,1.0,0
0.2261,40,0,0.2856,7406.0,4,0,3,0,2.0,0
0.2195,64,0,0.2834,,12,0,2,0,,0
0.5591,33,0,0.6544,7580.0,6,0,0,0,1.0,0
0.4402,42,0,0.4542,2030.0,4,0,1,0,1.0,0
0.3295,39,0,0.7139,5091.0,11,0,0,0,0.0,0
0.342,31,0,0.6303,4560.0,10,0,1,0,0.0,0
4.7599,33,0,0.9466,,10,0,2,0,0.0,0
0.1866,73,0,0.0993,7973.0,6,0,3,0,0.0,0
0.1595,83,0,0.5576,10583.0,3,0,2,0,1.0,0
0.0072,25,0,0.3093,8475.0,7,0,6,0,0.0,0
0.5366,70,1,0.4562,,12,1,2,0,0.0,0
0.5928,58,0,0.2953,2066.0,8,0,2,0,0.0,0
0.31,52,0,0.761,3834.0,7,0,1,0,0.0,0
1.0543,32,0,0.0674,6913.0,8,0,0,0,0.0,0
0.1678,68,1,0.6598,12980.0,6,0,0,0,,0
0.6464,25,0,0.8374,2826.0,9,0,2,0,1.0,1
3.2988,49,0,0.4008,5665.0,7,0,0,0,2.0,0
0.8222,41,0,0.3312,4226.0,9,0,0,0,1.0,0
0.5676,48,0,0.4714,6610.0,10,0,1,0,2.0,0
0.4425,71,0,0.2203,,7,0,1,0,1.0,0
0.1945,23,0,0.8333,2414.0,8,0,2,0,0.0,0
0.4454,33,0,0.5307,2298.0,7,0,1,0,1.0,0
0.3856,46,0,0.1628,3819.0,4,0,2,0,1.0,0
0.2605,67,0,0.1154,7449.0,7,0,3,0,2.0,0
0.1157,60,0,0.3143,5078.0,6,0,0,0,1.0,0
0.3574,78,0,0.5967,6734.0,7,0,1,0,0.0,0
0.0642,54,0,0.9179,5150.0,9,0,1,0,0.0,0
0.1908,57,0,0.5677,4687.0,8,0,2,0,0.0,0
0.4147,43,0,0.6899,3854.0,7,0,3,0,3.0,0
0.6679,21,0,0.0329,7883.0,7,0,1,0,0.0,0
0.6186,75,0,0.6052,6330.0,8,0,1,0,0.0,0
2.899,56,0,0.5138,,7,0,2,0,2.0,0
0.5636,51,0,0.1331,9957.0,4,0,0,0,0.0,0
0.0723,40,1,1.2223,2828.0,11,0,2,1,2.0,0
4.9345,74,0,0.2697,6849.0,12,0,1,0,0.0,1
0.5449,30,0,1.099,4465.0,10,0,1,0,0.0,0
0.2343,35,0,0.0193,6165.0,3,0,1,0,1.0,0
1.4267,45,0,0.2209,3794.0,7,0,1,0,0.0,0
0.081,60,0,0.1359,2724.0,10,0,0,0,3.0,0
0.1694,48,0,0.82,2320.0,9,0,2,0,0.0,0
0.6201,61,0,0.1483,,9,0,1,0,0.0,0
6.2647,64,0,0.2492,1848.0,7,0,0,0,1.0,0
0.7765,48,0,0.274,5611.0,4,0,1,0,2.0,0
0.1655,70,0,0.3242,,7,0,0,0,0.0,0
0.0217,33,0,0.3686,19898.0,8,0,0,2,1.0,1
0.3868,46,0,1.0408,5921.0,10,0,1,0,,0
1.7488,52,0,0.3271,5800.0,9,0,2,0,0.0,0
0.9201,64,0,0.8468,3128.0,6,0,2,0,3.0,0
0.2135,72,0,0.1278,7605.0,8,0,1,0,2.0,0
0.2723,42,0,0.0329,4873.0,10,0,2,0,2.0,0
0.125,56,0,0.5993,,9,0,3,0,1.0,0
0.2119,37,0,0.3989,4355.0,9,0,1,0,,0
1.5335,48,0,0.8855,,10,0,1,0,0.0,0
0.4286,59,0,0.4049,8752.0,11,0,2,0,0.0,0
0.3479,60,2,0.2697,16332.0,8,0,1,0,2.0,0
0.4987,55,0,0.4371,5524.0,6,0,2,0,0.0,0
0.536,43,0,1.0522,,11,0,3,0,3.0,0
0.4903,51,0,0.4725,2186.0,10,0,2,0,2.0,0
0.343,46,0,0.4319,,5,0,0,0,0.0,0
0.379,53,0,0.0767,5239.0,6,0,2,0,0.0,0
0.5279,45,0,0.2073,10856.0,4,0,0,0,2.0,0
0.274,42,0,0.6504,,4,0,0,0,0.0,0
0.5989,44,0,0.1884,6782.0,9,0,1,0,1.0,0
0.1986,55,0,0.7626,2971.0,5,0,3,0,0.0,0
0.0764,42,0,0.3389,2723.0,12,0,1,0,0.0,0
0.4253,35,0,0.9332,6041.0,9,0,1,0,2.0,0
0.1132,63,0,0.6791,,11,0,1,0,1.0,0
0.5362,40,0,1.0381,11615.0,10,0,3,0,0.0,0
2.2491,44,2,0.3854,20606.0,13,0,0,0,2.0,0
0.1495,42,0,0.6898,5655.0,10,0,0,0,0.0,0
1.5262,50,0,0.7883,,8,0,0,0,0.0,0
0.3383,56,0,0.6245,11961.0,12,0,2,0,0.0,0
0.1722,45,0,0.0115,8004.0,6,0,0,0,1.0,0
0.0995,59,0,0.7887,,7,0,1,0,1.0,0
0.5275,46,0,0.1958,5623.0,9,0,2,0,1.0,0
4.5026,56,0,0.7017,,10,0,1,0,2.0,0
0.2401,71,0,0.4572,3407.0,11,0,0,0,1.0,0
2.2549,46,0,0.0668,,5,0,0,0,0.0,0
6.3115,56,0,0.5878,4884.0,5,0,0,0,1.0,0
0.2587,69,0,0.748,3072.0,8,0,0,0,2.0,0
4.9152,41,0,0.3565,8211.0,13,0,2,0,1.0,0
0.2644,31,0,0.2014,1553.0,10,0,1,0,0.0,0
0.3992,51,0,1.0137,5511.0,7,0,1,0,1.0,0
0.047,58,0,0.121,,8,0,2,3,0.0,0
0.2322,60,0,0.3894,5733.0,17,0,2,0,0.0,0
0.1317,50,0,0.6042,3418.0,6,0,0,0,0.0,0
7.496,53,0,0.3009,1809.0,8,0,2,0,2.0,0
0.5067,47,0,0.0703,9161.0,9,0,2,0,2.0,0
0.2555,59,0,0.9741,5793.0,5,0,0,0,0.0,0
0.3213,54,0,1.1098,6999.0,8,0,0,0,2.0,0
0.7557,41,0,0.0864,3495.0,7,0,2,0,1.0,0
0.0009,72,0,1.1156,1653.0,7,0,3,0,0.0,0
0.9261,62,0,0.4674,3158.0,8,0,1,0,3.0,0
0.82,38,0,0.1048,5900.0,8,0,0,0,1.0,0
0.1675,40,0,0.327,,9,0,1,0,1.0,0
0.6327,45,0,0.6088,4416.0,6,0,0,0,0.0,1
0.0033,90,0,1.0824,5157.0,8,0,1,0,1.0,0
1.1202,22,0,0.2834,9649.0,7,0,1,0,2.0,0
0.6319,88,0,0.2991,3335.0,9,0,1,0,1.0,0
0.1385,48,0,0.4811,23449.0,11,0,1,0,1.0,0
0.4298,40,0,0.0813,5344.0,7,0,2,0,2.0,1
0.2692,70,0,0.7297,3185.0,9,0,1,0,1.0,0
0.3828,48,0,0.888,,16,0,1,0,0.0,0
0.5167,78,0,0.0537,2391.0,8,0,1,0,1.0,0
1.7777,51,0,0.8555,9907.0,11,0,1,0,1.0,0
5.9746,57,0,0.786,3621.0,7,0,2,0,2.0,0
0.1163,52,0,0.6016,4840.0,9,0,1,0,1.0,0
0.1803,74,0,0.833,11891.0,11,0,1,0,2.0,0
0.2034,42,0,0.8384,3913.0,11,0,0,0,1.0,0
0.4633,47,0,0.1514,5858.0,4,0,1,0,0.0,0
0.2738,51,0,0.7603,10494.0,7,0,1,0,0.0,0
0.3555,51,0,0.2194,8812.0,8,0,2,0,1.0,0
9.5111,76,0,1.2587,4134.0,4,0,3,0,1.0,1
0.0786,62,0,0.3678,7215.0,5,0,0,0,1.0,0
0.8837,50,0,0.2108,3014.0,5,0,2,0,0.0,0
1.5047,49,0,0.4086,7601.0,7,0,1,0,1.0,0
0.174,37,0,0.304,5220.0,9,0,1,0,1.0,0
0.626,51,0,0.3629,7730.0,11,0,1,0,0.0,0
3.5305,63,0,0.2102,7243.0,8,0,0,0,2.0,0
0.7664,44,0,0.4625,972.0,8,0,3,0,1.0,0
0.1704,39,0,0.4047,2677.0,10,0,1,0,0.0,0
0.3381,65,0,0.0386,9780.0,9,0,2,0,0.0,0
0.2295,65,0,0.3733,4718.0,5,0,0,0,0.0,0
0.2691,37,0,0.1727,8114.0,12,0,0,0,0.0,0
4.8343,42,0,0.4577,,7,0,2,0,0.0,0
0.981,72,2,1.1197,4480.0,7,0,1,0,0.0,0
0.0532,43,0,0.4846,3124.0,7,0,1,0,1.0,0
0.1429,62,0,0.4401,4517.0,10,0,1,0,0.0,0
0.4296,39,0,0.0947,2127.0,5,0,2,0,0.0,0
0.8578,49,0,0.0317,1953.0,8,0,0,0,0.0,0
0.1592,90,0,0.2056,20753.0,10,0,2,0,0.0,0
0.1162,31,1,0.2242,5357.0,9,0,1,0,0.0,0
0.2359,39,0,0.2036,8255.0,10,0,3,0,0.0,0
0.1013,35,0,0.2344,5688.0,12,0,4,0,1.0,0
0.3885,59,0,0.5151,5207.0,11,0,2,0,0.0,0
0.5083,23,0,0.7141,5502.0,6,0,1,0,1.0,0
0.7616,75,0,0.3929,2936.0,13,0,0,0,0.0,0
0.2462,49,0,0.3326,1337.0,9,0,2,0,0.0,0
0.2128,39,0,0.5442,3099.0,8,0,0,0,1.0,0
0.3143,68,0,0.4023,3361.0,12,0,0,0,2.0,0
0.6131,49,0,0.408,4969.0,9,0,1,0,0.0,0
0.7582,72,0,0.7909,16959.0,5,0,0,0,2.0,0
2.1276,55,0,0.4664,,11,0,2,0,1.0,1
0.2904,47,0,0.1064,11055.0,6,0,1,0,1.0,0
0.2966,60,0,0.1238,6455.0,10,0,0,0,1.0,0
0.2982,63,0,0.2357,8617.0,11,0,3,0,0.0,0
0.4227,54,0,0.3622,13026.0,10,0,2,0,4.0,0
1.1125,41,0,0.2561,8965.0,9,0,0,0,1.0,0
0.4023,80,0,0.5427,,6,0,0,0,0.0,0
0.3647,51,0,0.1586,,7,0,1,0,0.0,0
0.4574,43,0,0.4626,5756.0,3,0,0,0,0.0,0
0.5515,66,0,0.6926,,8,0,1,0,0.0,0
4.3423,61,1,0.7427,4062.0,6,0,2,0,1.0,0
0.3753,61,0,0.7087,6385.0,12,0,0,0,0.0,0
0.2279,45,0,0.3833,,8,0,2,0,0.0,0
0.6355,35,0,0.1719,7928.0,8,0,1,0,2.0,0
0.428,60,0,0.5824,,7,0,0,0,0.0,0
0.5304,48,0,0.3097,,5,0,1,0,,0
0.1838,53,0,1.2584,21106.0,6,0,0,0,0.0,0
0.1332,74,0,0.7737,4176.0,8,0,0,0,0.0,0
0.2842,72,0,0.6978,16134.0,7,0,0,0,0.0,0
1.4016,37,0,1.3572,5012.0,5,0,1,0,0.0,0
0.291,72,0,0.0809,4975.0,7,0,1,0,,0
0.0955,68,1,0.2585,8519.0,5,0,0,0,1.0,0
0.5078,50,0,0.2724,5648.0,10,0,1,0,1.0,0
1.0731,69,0,0.5513,4371.0,8,0,0,0,2.0,1
0.7541,45,0,1.0356,,5,0,1,0,1.0,1
0.5001,53,0,0.2444,,8,0,0,0,1.0,0
0.2216,66,0,0.6654,7130.0,6,0,0,0,1.0,0
0.3157,43,0,1.1863,12237.0,7,0,1,0,2.0,0
0.249,37,0,0.4071,3372.0,7,0,1,0,0.0,0
1.7619,59,0,0.4998,4288.0,7,0,0,0,0.0,0
0.3523,46,0,0.6927,10818.0,7,0,1,0,0.0,0
0.6723,60,0,0.7615,3261.0,10,0,0,0,2.0,0
0.0358,48,0,0.0451,10547.0,10,0,2,0,0.0,0
0.2122,23,0,0.7748,8764.0,7,0,0,0,0.0,0
0.3638,47,0,0.1009,5521.0,6,0,2,0,,0
0.06,67,0,0.4836,5616.0,4,0,2,0,1.0,0
0.1329,52,0,0.9744,4338.0,7,0,0,0,0.0,0
0.674,49,0,0.8549,4524.0,10,0,0,0,0.0,0
0.0512,39,0,0.7112,3746.0,6,0,1,0,0.0,0
0.1034,66,0,0.2023,2122.0,9,0,1,0,0.0,0
0.0013,31,0,0.3555,5485.0,6,0,0,0,1.0,0
4.2971,50,0,0.3991,1615.0,6,0,1,0,0.0,0
4.7811,77,0,0.5199,3097.0,9,0,2,0,1.0,0
0.8526,40,0,0.5302,5953.0,7,0,1,0,0.0,0
0.3462,61,0,0.6018,8886.0,13,0,1,0,0.0,0
8.2772,48,0,0.7318,,9,0,1,0,0.0,0
0.4191,32,0,0.3943,3183.0,9,0,0,0,0.0,0
1.8989,66,0,0.0765,5886.0,3,0,1,0,1.0,0
0.1777,24,0,0.5105,4009.0,6,0,2,0,0.0,0
0.0277,51,0,0.2814,3067.0,10,0,0,0,1.0,0
4.1294,88,0,0.6562,,11,0,1,0,3.0,0
0.4413,51,0,0.3118,2836.0,13,0,3,0,0.0,0
0.3334,30,0,0.2707,1807.0,9,0,1,0,0.0,0
1.3554,43,0,0.2986,,13,0,0,0,1.0,0
0.0283,64,0,0.1589,7734.0,6,0,3,0,0.0,0
0.019,51,0,0.7895,,5,0,3,0,1.0,0
0.0536,36,0,0.5762,16721.0,7,0,0,0,0.0,0
0.1782,48,0,0.724,6825.0,9,0,0,0,1.0,0
0.084,52,0,0.114,8786.0,9,0,0,0,0.0,0
0.452,65,0,0.2519,7876.0,11,0,0,0,2.0,0
0.5524,46,0,0.1095,2565.0,11,0,2,0,1.0,0
2.8579,55,1,0.942,4644.0,5,0,2,0,0.0,1
3.1423,38,0,0.2178,4392.0,12,0,0,0,0.0,0
0.4229,60,0,0.166,21568.0,8,0,3,0,,0
0.2203,37,0,0.1409,6179.0,7,0,0,0,0.0,0
0.0782,49,0,0.4053,,4,0,1,0,1.0,0
0.0071,42,0,0.52,3698.0,7,0,1,0,0.0,0
0.2197,62,0,1.06,6009.0,4,0,0,0,1.0,0
0.3593,58,4,0.5425,2692.0,6,0,1,0,0.0,0
0.3535,56,0,0.7821,5262.0,14,0,0,0,1.0,0
0.7106,78,0,0.4752,3515.0,4,0,0,0,2.0,0
0.1596,62,0,0.2561,4667.0,6,0,1,0,1.0,0
0.1424,62,0,1.2288,7734.0,7,0,1,0,1.0,0
0.0101,63,0,0.5369,,9,0,0,0,1.0,0
0.7301,47,0,0.0943,2680.0,6,2,0,1,2.0,0
0.1227,48,0,0.3246,2009.0,11,0,0,0,0.0,0
0.2284,49,0,0.7791,8483.0,10,0,0,0,1.0,0
0.0933,30,1,0.1113,5979.0,4,0,1,2,0.0,0
5.7346,32,0,0.2972,3161.0,9,0,0,0,2.0,0
0.1805,55,0,0.3302,3408.0,11,0,0,0,0.0,0
0.3582,69,0,0.2528,,8,0,1,0,1.0,0
0.1937,48,0,0.5644,3566.0,4,0,2,0,1.0,0
0.2606,31,0,0.6293,1307.0,10,0,1,0,0.0,0
1.925,37,0,0.3436,,7,0,1,0,0.0,0
0.6473,28,0,0.9808,21600.0,8,0,1,0,0.0,0
0.6215,76,0,0.3108,8780.0,6,0,0,0,1.0,0
0.2454,50,0,0.3527,6387.0,6,0,1,0,1.0,0
0.0107,58,0,0.5226,3471.0,8,0,0,0,1.0,0
0.221,66,0,0.0892,,8,0,1,0,1.0,0
0.4129,44,0,0.967,2459.0,4,0,2,0,1.0,0
0.5627,50,0,0.2256,17648.0,8,0,0,0,0.0,1
1.4475,52,0,1.2789,12115.0,4,0,0,0,0.0,0
0.9691,65,0,0.2407,3197.0,6,0,1,0,2.0,0
3.6692,54,0,0.4618,3638.0,9,0,1,0,0.0,0
1.6283,57,2,0.387,4887.0,8,0,0,0,0.0,0
0.0673,43,0,0.3449,7273.0,5,0,2,0,0.0,0
0.1767,41,2,0.5811,,4,1,0,0,3.0,0
0.4172,60,0,0.1665,7340.0,14,0,0,0,0.0,0
2.8666,57,0,0.3593,,13,0,1,0,0.0,0
0.0446,45,0,0.5992,14866.0,15,0,0,0,0.0,0
1.9631,47,0,0.495,,10,0,1,0,1.0,0
5.518,56,0,0.2289,13342.0,8,0,2,0,1.0,0
0.0053,42,0,0.5887,3138.0,4,0,0,0,1.0,0
0.0452,39,0,0.9951,3795.0,12,0,0,0,3.0,0
0.6348,27,0,0.6824,3560.0,6,0,3,0,0.0,0
0.2372,62,0,0.4278,1854.0,11,0,0,0,1.0,0
0.6615,48,0,0.663,5131.0,11,0,0,0,1.0,0
0.0889,45,0,0.8926,4568.0,9,0,0,0,0.0,0
0.3878,55,0,1.3821,3854.0,6,0,1,0,0.0,0
3.064,52,0,0.5764,3947.0,10,0,1,0,0.0,0
0.3236,38,0,0.791,,6,0,1,0,0.0,0
0.294,47,0,0.4259,3657.0,17,0,2,0,1.0,0
6.3739,59,0,0.883,7404.0,13,0,1,0,0.0,0
0.3215,53,0,0.0958,11070.0,12,0,0,0,0.0,0
0.265,65,0,0.2947,9718.0,8,0,1,0,0.0,0
0.2744,61,0,0.8294,3699.0,10,0,0,0,2.0,0
3.3886,58,0,0.492,13602.0,6,0,0,0,0.0,0
0.7439,30,0,0.3916,5078.0,6,0,1,0,0.0,0
0.0664,74,0,0.223,3978.0,16,0,0,0,1.0,0
0.4008,54,0,0.5433,1458.0,7,0,1,0,2.0,0
0.6336,61,0,0.1715,6192.0,7,0,1,0,1.0,0
5.1086,74,0,1.1415,3586.0,8,0,3,0,1.0,0
0.4428,56,0,0.266,,15,0,0,0,1.0,0
0.3047,26,0,0.6502,7485.0,5,0,1,0,1.0,0
0.8398,24,0,0.6652,4088.0,6,0,3,0,0.0,1
3.1774,29,0,0.582,2494.0,7,0,0,0,0.0,0
2.1621,35,0,0.4283,10291.0,8,0,2,0,2.0,0
0.2387,68,0,0.0553,10198.0,12,0,0,0,1.0,0
0.4506,61,0,0.2542,3587.0,10,0,2,0,1.0,1
0.1182,56,0,0.7778,5115.0,9,0,1,0,1.0,0
1.7667,49,0,0.231,,8,0,0,0,1.0,0
0.8182,74,0,0.8947,10933.0,13,0,0,0,1.0,0
0.431,50,0,0.8278,15895.0,11,0,2,0,0.0,0
0.1344,31,0,0.5978,10236.0,7,0,0,0,0.0,0
0.2674,46,1,0.708,2138.0,6,1,1,0,2.0,0
0.5899,62,0,0.3532,,9,0,1,0,0.0,0
0.695,59,0,0.2451,,5,0,0,0,1.0,0
0.381,21,2,0.6717,,8,0,0,0,0.0,0
0.5222,48,0,0.2128,9519.0,7,0,1,0,0.0,0
0.0221,74,0,0.3414,,5,0,1,0,0.0,0
0.2594,41,0,0.3703,2866.0,8,0,0,0,0.0,0
0.3323,40,0,0.4831,3913.0,9,0,0,0,0.0,0
0.344,53,0,0.6503,4321.0,7,0,1,0,1.0,0
0.9537,72,0,0.6518,2980.0,5,0,0,0,1.0,1
4.1619,34,0,0.1162,24317.0,9,0,1,0,1.0,0
0.3216,57,0,0.6848,2643.0,4,0,2,0,0.0,0
0.0174,47,0,0.5669,,7,0,0,0,0.0,0
1.048,29,0,0.3325,1543.0,13,0,1,0,0.0,0
0.3986,50,0,0.7209,4950.0,5,0,3,0,0.0,0
0.4768,46,0,0.259,5787.0,9,0,1,0,1.0,0
0.2392,53,0,0.1234,4809.0,4,0,1,0,0.0,0
0.6264,43,0,0.3741,5314.0,11,0,1,0,2.0,0
0.1243,49,0,0.4475,6130.0,8,0,0,0,3.0,0
1.9053,41,0,0.3428,,3,0,1,0,2.0,0
0.5311,71,0,0.6321,,6,0,0,0,1.0,1
0.254,35,0,0.4631,4454.0,5,0,0,0,0.0,0
0.4757,52,0,0.632,6481.0,6,0,2,0,0.0,0
0.9817,45,0,0.6173,8371.0,13,0,0,0,1.0,0
0.6516,46,0,0.6797,5957.0,5,0,1,0,1.0,0
0.1772,49,0,0.0799,6513.0,8,0,1,0,1.0,0
0.4705,42,0,0.6704,,8,0,0,0,1.0,0
0.5791,24,0,0.47,5945.0,6,0,1,0,0.0,0
0.2567,71,0,0.6644,7642.0,6,0,0,0,0.0,0
5.8761,44,0,0.5036,,10,0,0,0,0.0,0
0.4377,65,0,0.2715,14463.0,10,0,2,0,0.0,0
0.1406,39,0,0.2377,11239.0,14,0,2,0,2.0,0
0.5552,63,0,0.7746,4350.0,7,0,1,0,2.0,0
0.0882,43,0,0.125,,8,0,2,0,1.0,0
0.5868,51,0,0.0622,,8,0,2,0,3.0,1
0.0887,33,0,0.5124,4262.0,6,0,1,0,1.0,0
0.163,32,0,0.386,7230.0,14,0,3,0,0.0,0
0.0318,40,0,0.5124,,7,0,0,0,0.0,0
0.1421,66,0,0.2413,,12,0,0,0,0.0,0
0.1956,67,0,0.7323,11128.0,15,0,0,0,1.0,0
0.3181,56,0,0.5002,4954.0,6,0,4,0,1.0,0
0.1742,74,0,0.2084,2100.0,7,0,1,0,0.0,0
0.7486,50,0,0.2519,,8,0,2,0,0.0,1
5.7084,42,0,0.7231,7151.0,8,0,2,0,2.0,0
0.7661,45,0,0.2244,3120.0,6,0,0,0,0.0,0
0.4679,59,0,0.1077,,7,0,1,0,1.0,0
0.5956,47,0,0.6286,12143.0,7,0,0,0,2.0,0
0.3412,71,0,0.3711,1949.0,8,0,1,0,2.0,0
0.5343,44,0,0.1515,4163.0,11,0,0,0,0.0,0
0.624,66,0,0.1506,9157.0,6,0,1,0,1.0,0
0.8242,59,0,0.2671,39571.0,4,0,1,0,1.0,0
0.5116,61,2,0.7508,21112.0,9,0,0,0,1.0,0
0.0559,37,0,0.6543,4152.0,5,0,1,0,0.0,0
0.9934,21,0,0.1702,6678.0,9,0,1,0,1.0,0
0.6198,53,0,0.1978,2951.0,7,0,0,0,1.0,0
0.3258,44,1,0.6848,2151.0,4,0,0,0,2.0,0
0.4308,57,0,1.1106,4248.0,5,0,1,0,1.0,0
0.6511,58,0,0.3455,4678.0,6,0,0,0,1.0,0
0.9253,44,0,0.3779,12053.0,11,0,0,0,2.0,0
0.1099,40,0,0.587,8679.0,9,0,1,0,0.0,0
2.1601,52,5,1.102,2781.0,6,0,0,0,2.0,0
0.535,23,0,0.6948,2597.0,9,0,0,0,1.0,1
0.264,46,0,0.1035,2573.0,7,0,0,0,0.0,0
0.3734,50,0,0.5493,1571.0,7,0,2,0,0.0,0
0.3615,58,0,0.1552,2297.0,6,0,1,0,1.0,0
0.0191,39,0,0.2572,7704.0,2,0,0,0,1.0,0
0.2794,50,0,0.7044,6846.0,4,0,1,0,1.0,0
0.7305,62,0,0.6177,14646.0,11,0,1,0,0.0,0
0.8709,56,0,0.5677,6921.0,9,0,1,2,0.0,0
0.186,63,0,0.3363,12187.0,8,0,1,0,0.0,0
0.7821,38,0,0.2534,2554.0,10,0,2,0,0.0,0
0.0892,44,0,0.5184,4077.0,7,0,2,0,0.0,0
0.1802,55,0,0.845,10104.0,12,0,2,0,2.0,0
0.2104,38,0,0.4301,4688.0,4,0,1,0,0.0,0
0.9187,46,0,0.4342,3473.0,4,0,0,0,2.0,0
0.8004,65,0,0.5992,4884.0,10,0,0,0,2.0,0
0.1925,53,0,0.6084,9239.0,10,0,0,0,1.0,0
0.6679,60,0,0.0732,4052.0,8,0,2,0,,0
0.0466,74,0,0.4905,,5,0,1,0,0.0,0
0.2007,46,0,0.3059,,7,0,1,0,2.0,0
0.4853,73,0,0.5003,7189.0,12,0,0,0,3.0,0
0.4216,47,0,0.3114,13817.0,4,0,1,0,0.0,0
0.5111,31,0,0.1259,9467.0,9,0,2,0,2.0,0
1.42,55,0,0.2904,10858.0,3,0,1,0,1.0,0
0.173,45,0,0.9991,12664.0,10,0,0,0,1.0,0
0.0848,32,0,0.6638,2109.0,11,0,1,0,1.0,0
0.7234,42,0,0.4633,8493.0,9,0,0,0,0.0,0
0.5042,41,0,0.0291,7613.0,9,0,0,0,,0
1.5843,60,1,0.0896,4462.0,7,0,0,1,2.0,0
0.1879,75,0,0.1544,5216.0,7,0,0,0,1.0,0
0.0489,56,0,0.8467,4188.0,4,0,4,0,0.0,0
0.5687,57,0,0.7417,5491.0,10,0,1,0,0.0,0
0.3414,40,0,0.402,,2,0,1,0,0.0,0
0.4505,42,0,0.3875,6148.0,6,0,3,0,3.0,0
0.5657,58,0,0.2661,2825.0,9,0,0,0,1.0,0
0.3735,58,0,0.7615,8413.0,8,0,2,0,1.0,0
0.0662,68,0,0.8221,13469.0,4,0,1,0,1.0,0
0.4479,46,0,0.7039,10512.0,7,0,0,0,0.0,0
0.3475,43,0,0.1741,16495.0,6,0,1,0,0.0,0
0.6838,84,0,0.6075,,4,0,0,0,1.0,1
0.668,64,0,0.706,8503.0,14,0,1,0,1.0,0
0.5922,63,0,0.4912,3375.0,10,0,0,0,0.0,0
1.743,35,0,0.4255,5733.0,7,0,1,0,0.0,0
0.1763,55,0,0.3641,,7,0,1,0,0.0,0
1.3276,68,0,0.5346,4354.0,11,0,0,0,2.0,0
1.7728,62,0,0.2576,8685.0,8,0,2,0,0.0,0
0.5976,65,0,0.3323,3448.0,16,0,3,0,0.0,0
0.289,48,0,0.1616,10514.0,10,0,1,0,2.0,0
0.6563,38,0,0.3899,,10,0,0,0,0.0,0
0.0663,44,0,0.5478,5386.0,4,0,2,0,0.0,0
0.4056,57,0,0.2401,7710.0,10,0,1,0,0.0,0
1.3914,45,0,0.6545,5399.0,10,0,1,0,1.0,0
0.292,64,0,0.206,3555.0,6,0,0,0,0.0,0
0.4309,54,0,0.3912,5679.0,5,0,1,0,0.0,0
3.2704,50,1,0.5145,,4,0,1,0,1.0,0
1.1248,51,0,0.7697,9965.0,12,0,0,0,0.0,0
0.2901,29,0,0.1689,11326.0,14,0,2,0,0.0,0
0.238,35,0,0.4974,5001.0,13,0,1,0,0.0,0
0.2765,68,0,0.6367,6989.0,7,0,0,0,2.0,0
1.1199,48,0,0.6375,7387.0,6,0,2,0,0.0,0
0.2509,46,0,0.8872,2497.0,6,0,1,0,2.0,0
2.4646,34,0,0.188,3614.0,5,0,1,0,0.0,0
0.3306,59,0,0.9717,15786.0,8,0,3,0,0.0,0
0.215,24,0,1.148,,8,0,0,0,0.0,0
0.1524,58,0,0.457,,6,0,0,0,1.0,0
0.1404,21,0,0.5531,2545.0,8,0,1,0,0.0,0
0.5577,51,0,0.9755,7336.0,6,0,1,0,,0
0.5962,64,0,0.0125,5015.0,6,0,1,0,2.0,0
0.0772,47,0,0.6375,8523.0,7,0,4,0,0.0,0
0.2032,50,0,0.8254,,7,0,4,0,1.0,0
3.9737,68,0,0.2891,3732.0,6,0,0,0,0.0,0
0.0746,30,2,0.6024,2741.0,7,0,1,0,2.0,0
0.1648,48,0,0.2012,8888.0,10,0,0,0,1.0,0
0.1493,42,0,0.4238,8460.0,5,0,4,0,2.0,0
0.3562,49,0,0.6167,,6,0,2,0,1.0,0
0.0516,50,0,0.2818,,12,0,0,0,0.0,0
0.569,65,0,0.5797,6068.0,10,0,1,0,0.0,0
0.89,31,0,1.0045,8293.0,5,0,0,0,0.0,0
0.4797,58,0,0.8723,855.0,8,0,0,0,0.0,0
0.324,75,1,0.2837,6592.0,10,0,1,0,1.0,0
0.0392,44,0,0.1779,19004.0,7,0,2,0,0.0,0
1.1317,55,0,0.4535,5187.0,9,0,0,0,1.0,0
0.3606,38,0,0.4048,4511.0,9,0,1,0,0.0,0
0.2147,77,0,0.7713,13714.0,10,0,2,0,0.0,0
0.4048,25,0,0.6762,26392.0,9,0,3,0,1.0,0
0.4138,49,0,0.3408,6221.0,10,0,0,0,0.0,0
0.0299,51,1,0.0263,16184.0,3,1,2,0,1.0,0
1.1285,24,0,0.237,2757.0,5,0,0,0,1.0,0
2.7451,31,0,0.5317,3439.0,5,0,0,0,3.0,1
0.868,41,0,0.2618,2868.0,8,0,0,0,1.0,0
5.1818,46,0,0.1338,7703.0,8,0,1,0,1.0,1
0.545,53,0,0.4674,10306.0,12,0,0,0,0.0,0
0.4316,21,0,0.5162,6293.0,11,0,0,0,0.0,0
0.3743,62,0,0.3567,,6,0,0,0,1.0,0
0.2314,46,0,0.7555,9920.0,9,0,1,0,0.0,0
0.961,53,0,0.9428,3743.0,19,0,0,0,1.0,0
0.0666,47,0,0.4386,3520.0,5,0,0,0,0.0,0
0.7184,39,0,0.4645,7893.0,13,0,1,0,0.0,0
0.3543,62,0,0.2498,2337.0,12,0,0,0,1.0,0
0.5741,69,0,0.6586,,2,0,0,0,1.0,0
0.402,70,0,0.1592,4560.0,13,0,0,0,2.0,0
1.7778,58,0,0.7762,5335.0,11,0,0,0,2.0,0
0.6507,35,0,1.0547,9649.0,9,0,0,0,2.0,0
3.799,46,0,0.3475,7887.0,10,0,1,0,0.0,0
0.3059,40,0,0.3831,3485.0,5,0,1,0,1.0,0
0.0482,45,0,0.2025,3010.0,8,0,1,0,2.0,0
0.4448,32,0,0.3039,7323.0,6,0,1,0,0.0,0
0.4324,71,0,0.4609,5718.0,8,0,1,0,0.0,0
0.2995,52,0,0.7975,2093.0,4,0,1,0,1.0,0
0.0052,41,0,0.4146,3687.0,6,0,1,0,0.0,0
2.9445,59,1,0.8636,8289.0,6,0,0,0,0.0,0
0.1169,45,0,0.388,,8,0,1,0,,0
0.1649,52,0,0.322,12500.0,13,0,1,0,1.0,0
3.5612,39,0,0.297,,8,0,3,0,2.0,0
0.1096,38,0,0.046,7027.0,10,0,1,0,1.0,0
2.127,65,1,0.0235,4839.0,7,0,0,0,0.0,0
0.7639,60,0,0.4087,,6,0,1,0,1.0,0
0.699,69,0,0.1358,3855.0,5,0,1,0,1.0,0
0.0294,47,0,0.3232,,5,0,1,0,0.0,0
0.3088,51,0,0.069,6912.0,5,0,1,0,0.0,0
0.1511,59,0,0.8659,13801.0,11,0,1,0,0.0,0
0.4679,43,0,0.4191,4391.0,5,0,2,0,1.0,0
0.9628,34,0,0.5318,1216.0,6,0,0,0,1.0,0
0.4126,58,0,0.2245,3539.0,4,0,1,0,3.0,0
0.1727,45,0,0.5416,8975.0,8,0,2,0,1.0,0
0.7145,48,0,0.0294,2819.0,7,0,0,0,0.0,1
0.2647,72,0,0.6564,8783.0,6,0,0,0,0.0,0
0.2509,44,0,0.4126,,12,0,1,0,1.0,0
0.1001,56,0,0.8231,12882.0,4,0,0,0,1.0,0
0.7582,50,0,0.5111,,7,0,0,0,1.0,0
0.418,53,0,0.6533,6509.0,9,0,1,0,0.0,0
0.4859,28,0,0.6778,3199.0,9,0,1,0,1.0,0
0.081,59,0,0.2776,4353.0,5,0,1,0,0.0,0
0.7441,74,0,0.3093,5877.0,8,0,0,0,0.0,0
0.6227,70,0,0.8969,,8,0,0,0,0.0,1
3.8141,49,0,0.397,6524.0,5,0,0,0,0.0,0
0.6181,78,0,0.3167,2939.0,7,0,1,0,1.0,0
0.2002,68,0,0.2544,6906.0,4,0,1,0,1.0,0
0.1432,50,0,0.803,3990.0,12,0,0,0,0.0,0
0.5389,74,0,0.5702,11945.0,9,0,1,0,1.0,0
0.7289,50,0,0.4787,5243.0,6,0,1,0,0.0,0
0.9709,58,0,0.7167,8645.0,7,0,1,0,1.0,0
0.5825,72,0,0.529,4203.0,4,0,5,0,2.0,0
0.4333,44,0,0.2009,11268.0,15,0,1,0,2.0,0
0.7841,50,0,0.4535,3253.0,11,0,2,0,1.0,0
0.1097,29,0,0.3166,7181.0,11,0,3,0,0.0,0
0.4096,43,0,0.4423,5778.0,8,0,1,0,0.0,0
0.7991,59,0,0.1797,14740.0,3,0,2,0,2.0,0
3.085,52,0,0.3323,4336.0,14,0,0,0,1.0,0
0.1023,61,0,0.6457,3440.0,4,0,1,0,0.0,0
0.1781,24,0,0.6468,6191.0,8,0,4,0,1.0,0
0.1535,57,2,0.5868,4737.0,8,2,1,0,0.0,0
14.34,40,0,0.4509,,7,0,2,0,1.0,0
0.0852,64,0,0.6523,8363.0,8,0,0,0,3.0,0
0.6183,38,0,0.5792,2084.0,6,0,1,0,0.0,0
2.4838,64,0,0.6699,3863.0,11,1,0,0,1.0,0
0.1843,32,0,0.3627,7572.0,8,0,1,0,0.0,0
0.3115,56,0,0.8331,8564.0,6,0,1,0,0.0,0
0.2295,52,0,0.2839,5690.0,11,0,2,0,0.0,0
0.1488,55,0,0.8665,8940.0,14,0,1,0,0.0,0
0.1055,49,0,0.2106,16031.0,9,0,1,0,1.0,0
0.4594,63,0,0.8272,3760.0,7,0,2,0,1.0,0
0.2987,55,0,0.2579,1373.0,5,0,2,0,1.0,0
0.0569,54,0,0.6963,,13,0,0,0,2.0,0
1.6459,53,0,0.38,4711.0,11,0,0,0,2.0,0
0.4887,36,0,0.1782,4115.0,5,0,0,0,2.0,0
0.6271,56,0,0.5013,,14,0,2,0,0.0,0
0.2334,40,0,0.5883,8302.0,6,0,0,0,1.0,0
0.1876,66,0,0.8291,6302.0,3,0,0,0,1.0,0
0.4015,47,0,0.2748,,5,0,0,0,0.0,0
0.2868,51,0,0.6262,11221.0,10,0,1,0,0.0,0
0.511,65,0,0.9363,11392.0,8,0,1,0,0.0,0
0.305,45,0,0.6543,2168.0,7,0,0,0,2.0,0
0.1678,45,0,0.2565,,5,0,0,0,0.0,0
1.1017,52,0,0.6876,2479.0,9,0,2,0,2.0,0
0.155,66,0,0.6796,5250.0,10,0,0,0,0.0,0
0.1141,63,0,0.5295,,12,0,0,0,2.0,0
0.5788,58,0,0.1292,5975.0,10,0,2,0,0.0,0
0.2623,31,0,0.4824,6327.0,13,0,0,0,1.0,0
0.0501,65,0,0.4085,4612.0,10,0,0,0,0.0,0
0.4653,39,0,0.8559,6562.0,11,0,1,0,1.0,0
0.8665,54,0,0.226,1913.0,9,0,1,0,2.0,0
1.2055,73,0,0.7408,10264.0,5,0,0,0,,0
3.009,42,0,1.0914,,4,0,1,0,2.0,0
0.0539,64,0,0.6754,16004.0,12,0,0,0,0.0,0
1.872,49,1,0.8394,1434.0,6,0,3,0,0.0,0
0.0941,30,0,0.5757,8283.0,11,0,2,0,0.0,0
0.091,64,0,0.3697,5781.0,9,0,0,0,,0
0.3344,48,0,0.0208,,7,0,1,0,0.0,0
0.2433,44,0,0.2139,2933.0,9,0,1,0,0.0,0
0.0651,64,0,0.6234,9807.0,5,0,0,0,0.0,0
1.6036,57,0,0.0591,7342.0,8,0,0,0,1.0,0
0.218,42,0,0.6464,11758.0,10,0,2,0,0.0,0
1.9,32,1,0.9052,8524.0,4,1,0,1,1.0,0
0.561,50,0,0.9802,4343.0,7,0,2,0,0.0,0
0.0131,47,0,0.9054,3375.0,11,0,1,0,1.0,0
0.5613,52,0,0.5646,2118.0,8,0,0,0,2.0,1
0.6841,57,0,0.5665,,12,0,1,0,1.0,0
0.1792,65,0,0.5416,7075.0,11,0,0,0,0.0,0
1.0626,66,0,0.1284,5656.0,6,0,2,0,3.0,0
0.5165,95,0,0.3222,5715.0,6,0,0,0,1.0,1
0.1967,57,0,0.6138,9716.0,10,0,0,0,0.0,0
0.5035,38,0,0.982,10117.0,7,0,0,0,1.0,0
0.528,54,0,0.4116,2614.0,8,1,1,0,0.0,0
0.6276,46,0,0.4297,,4,0,0,0,0.0,0
0.1136,37,0,0.1702,4367.0,6,0,1,0,0.0,0
0.5252,46,0,0.2718,,7,0,0,0,2.0,0
1.3534,83,0,0.3573,1732.0,8,0,1,0,2.0,0
0.2172,48,0,0.4978,6291.0,8,0,1,0,0.0,0
0.6073,71,0,0.9089,4522.0,11,0,1,0,3.0,0
0.3659,67,0,0.6118,5707.0,8,0,2,0,0.0,0
0.5062,56,0,0.5774,,7,0,1,0,0.0,0
1.2215,67,0,0.3914,2153.0,7,0,0,0,1.0,0
0.434,59,0,0.5159,7197.0,9,0,3,0,0.0,0
0.4011,34,0,0.5755,4867.0,11,0,1,0,1.0,0
0.278,60,0,0.0196,7446.0,4,0,1,0,1.0,0
0.3287,53,0,0.42,1381.0,6,0,1,0,0.0,0
0.3583,29,2,0.6552,4834.0,10,1,1,0,0.0,0
0.2393,54,0,0.3891,,7,0,3,0,2.0,0
0.3762,52,0,0.9978,6890.0,8,0,0,0,0.0,0
0.3204,55,0,0.6124,,10,0,1,0,1.0,0
0.0164,89,0,0.4618,,6,0,0,0,1.0,0
0.2404,75,0,0.4956,3394.0,8,0,1,0,1.0,0
0.0588,55,0,0.605,2211.0,4,0,0,0,1.0,0
4.0286,66,1,0.1979,4019.0,10,0,0,0,1.0,0
0.3311,46,0,0.5756,4209.0,11,0,0,0,1.0,0
0.1148,43,0,0.0982,2198.0,7,0,1,0,4.0,0
0.2978,63,0,0.0338,5606.0,8,0,0,0,0.0,1
3.1643,47,0,0.554,,8,0,1,0,0.0,0
2.6036,57,0,0.2842,5847.0,8,0,0,0,1.0,0
0.2691,43,0,0.2342,3017.0,4,0,0,0,0.0,0
0.3397,53,0,1.0849,,11,0,2,0,1.0,0
2.7001,62,0,0.219,3125.0,5,0,1,0,0.0,1
0.8095,67,0,0.5431,,10,0,0,0,0.0,0
0.6068,44,0,0.0517,1548.0,6,0,1,0,1.0,0
0.517,76,0,0.9327,10799.0,10,0,1,0,1.0,0
2.3262,57,0,0.0992,10823.0,7,0,1,0,0.0,0
0.4244,53,0,0.1542,2895.0,6,0,1,0,1.0,0
0.3979,57,0,0.123,5341.0,10,0,1,0,1.0,0
0.6225,54,0,0.557,6101.0,8,0,1,0,1.0,0
0.1891,56,0,0.0613,7993.0,9,0,0,0,0.0,0
0.2644,58,0,0.321,13964.0,11,0,1,0,1.0,0
0.8207,53,0,0.1601,7834.0,9,0,0,0,2.0,0
0.1214,73,0,0.4701,5341.0,3,0,0,0,5.0,0
0.5216,53,0,0.2112,,7,0,1,0,0.0,0
1.5496,31,0,0.4776,4915.0,5,0,1,0,0.0,0
0.7054,76,0,0.4901,15035.0,6,0,1,0,0.0,0
4.6342,57,0,0.5544,5023.0,8,0,0,0,1.0,0
0.0482,33,0,0.7029,1629.0,6,0,0,0,0.0,0
1.1032,39,0,0.6515,3419.0,6,0,2,0,1.0,0
0.4071,49,0,0.5599,2790.0,8,0,1,0,2.0,0
0.161,58,0,0.6152,11466.0,6,0,2,0,0.0,0
3.079,21,2,0.2359,2238.0,7,0,0,0,1.0,0
0.9177,21,0,0.1331,4273.0,7,0,1,0,0.0,0
0.3406,53,0,0.3568,,8,0,2,0,1.0,0
0.0716,71,0,0.4598,14637.0,5,0,0,0,2.0,0
0.1383,71,0,0.5242,1194.0,9,0,0,0,1.0,0
0.6344,38,0,0.388,9566.0,5,0,2,0,0.0,0
0.012,60,0,0.9681,2964.0,7,0,0,0,1.0,0
0.6215,60,0,0.3352,3468.0,9,0,1,0,2.0,0
0.4458,55,0,0.8113,3449.0,8,0,1,0,0.0,0
0.339,69,0,0.6595,16346.0,10,0,1,0,0.0,0
0.0764,41,0,0.8183,13963.0,10,0,1,0,,0
0.3492,57,0,0.159,,15,0,0,0,0.0,0
0.1135,79,0,0.1582,,6,0,1,0,1.0,0
0.5236,47,0,0.4908,11281.0,4,0,1,0,0.0,0
0.0359,45,0,0.4709,1965.0,12,0,0,0,2.0,0
0.5188,63,0,0.6856,7500.0,7,0,0,0,2.0,0
0.3936,57,0,0.9463,27819.0,8,0,3,0,1.0,0
0.7695,27,0,0.587,4637.0,2,0,1,0,1.0,0
0.1743,67,0,0.191,,4,0,1,0,0.0,0
1.7819,35,0,0.5518,4474.0,6,0,0,0,1.0,0
0.5538,64,0,0.9507,11527.0,9,0,1,3,0.0,0
6.5225,50,0,0.327,4123.0,6,0,0,0,0.0,0
2.8974,52,0,0.9043,13237.0,9,0,1,0,0.0,0
0.5994,53,1,0.3467,9429.0,10,0,0,0,0.0,0
0.3382,40,0,0.785,,7,0,1,0,0.0,0
0.4755,69,0,0.8173,12219.0,11,0,4,0,0.0,0
0.381,54,0,0.381,10943.0,10,0,0,0,2.0,0
0.0874,47,0,0.8544,1353.0,8,0,2,0,0.0,0
0.5979,75,0,0.2268,,8,0,0,0,1.0,1
0.2749,51,0,0.1876,5078.0,5,0,1,0,0.0,0
0.0007,40,0,0.4482,8528.0,9,0,1,0,0.0,0
0.341,64,0,0.5532,4717.0,4,0,2,0,2.0,0
0.4648,44,0,0.6234,4428.0,7,0,1,0,0.0,0
0.6261,76,0,0.2185,,5,0,0,0,1.0,0
0.0313,48,0,0.3795,9633.0,1,0,1,0,0.0,0
2.8625,45,0,0.3736,1688.0,9,0,0,0,1.0,0
0.0061,41,0,0.2184,8984.0,6,0,1,0,1.0,0
0.2801,52,0,0.2654,2056.0,8,0,1,0,2.0,0
0.4591,47,0,0.2505,4129.0,14,0,0,0,1.0,0
0.1046,50,0,0.5286,3525.0,4,0,0,0,2.0,0
0.9949,33,0,0.6415,2612.0,8,0,1,0,2.0,0
0.1942,57,0,0.6983,6649.0,6,0,1,0,1.0,0
0.7907,60,0,0.5166,7222.0,11,0,1,0,1.0,0
0.4241,65,0,0.3051,3451.0,6,0,1,0,0.0,0
0.4937,44,0,0.3523,5422.0,8,0,1,0,2.0,0
0.7561,57,0,0.2433,,12,0,2,0,0.0,0
0.3837,66,0,0.3854,2743.0,8,0,1,0,0.0,0
0.0943,57,0,0.4011,6266.0,9,0,0,0,1.0,0
0.3212,43,0,0.3787,3326.0,9,0,3,0,0.0,0
0.7821,63,0,0.3914,,9,0,0,0,1.0,0
1.008,71,0,0.5378,11873.0,14,0,1,0,1.0,0
0.3753,54,0,0.4984,5050.0,7,0,0,0,0.0,0
0.7992,57,0,1.0407,14731.0,8,0,1,0,1.0,0
0.9503,37,0,0.1927,7661.0,13,0,1,0,0.0,0
0.1778,45,0,0.4863,5181.0,8,0,1,0,0.0,0
0.1669,65,0,0.2133,2632.0,12,0,3,0,1.0,0
0.3896,52,0,1.0633,,10,0,1,0,1.0,0
0.1334,40,0,0.4636,12116.0,9,0,0,0,1.0,0
0.6486,72,0,1.2086,,8,0,0,0,0.0,1
0.5109,67,0,0.8955,3013.0,11,0,1,0,0.0,0
0.1542,48,0,0.6777,4537.0,7,0,0,0,3.0,0
1.1122,88,0,0.7309,16562.0,9,0,0,0,1.0,0
5.949,45,0,0.3282,4262.0,12,0,2,0,0.0,0
0.8028,30,0,0.7457,,7,0,0,0,3.0,1
0.0717,50,0,1.0117,3372.0,10,0,1,0,0.0,0
0.3648,31,0,0.6659,3063.0,11,0,0,0,1.0,0
0.5731,59,0,0.7499,3895.0,10,0,0,0,1.0,0
0.3697,72,0,0.0884,3584.0,8,0,2,0,2.0,0
1.0163,41,0,0.226,6438.0,4,0,1,0,0.0,0
0.5691,46,0,0.2326,5660.0,7,0,0,0,2.0,0
0.4004,45,1,0.692,7338.0,5,0,2,2,1.0,0
0.1705,47,0,0.1436,,7,0,0,0,0.0,0
0.4975,50,0,0.1816,3432.0,13,0,0,0,1.0,0
2.3142,43,0,0.243,3507.0,7,0,0,0,0.0,0
0.5549,61,0,0.4881,8915.0,10,0,1,0,1.0,0
0.4205,37,0,0.2781,7494.0,7,0,0,0,2.0,0
2.9046,56,0,0.9021,,15,0,0,0,0.0,0
3.5505,64,0,0.0562,,13,0,0,0,1.0,1
6.8469,38,0,0.3933,4697.0,5,0,1,0,3.0,0
0.1524,30,0,0.32,4214.0,9,0,1,0,1.0,0
0.5271,34,0,0.6337,4681.0,7,0,1,0,0.0,0
0.293,46,0,0.5646,2543.0,11,0,0,0,1.0,0
0.7961,34,0,0.1422,,11,0,4,0,0.0,0
0.5352,73,0,0.253,,4,0,2,0,0.0,1
0.221,52,0,0.9075,6829.0,8,0,4,0,0.0,0
0.3265,42,0,0.0422,5657.0,6,0,1,0,1.0,1
0.6462,41,0,0.2391,3712.0,10,0,0,0,0.0,0
0.2396,64,0,0.329,1751.0,8,0,1,0,1.0,0
0.2749,67,2,0.6646,1730.0,8,0,1,2,1.0,0
0.6045,46,0,0.3916,,6,0,0,0,1.0,0
0.1464,55,0,0.6077,3225.0,9,0,0,0,1.0,0
0.2368,59,0,0.2123,10654.0,4,0,2,0,2.0,0
0.2902,58,0,0.7093,,3,0,3,0,1.0,0
2.0625,61,1,0.1011,5972.0,9,0,0,0,1.0,0
0.1154,67,0,0.2854,14317.0,6,0,0,0,1.0,0
0.2486,61,0,0.2565,4110.0,6,0,1,0,2.0,0
0.3164,45,0,0.772,7641.0,4,0,2,0,1.0,0
0.1815,48,0,0.7709,5414.0,6,0,1,0,1.0,0
0.4384,31,3,0.2344,9922.0,8,0,2,0,0.0,0
0.6917,55,0,0.3675,11663.0,13,0,0,0,1.0,0
0.5002,54,0,0.0735,,12,0,0,0,2.0,0
0.0934,45,0,0.5889,16030.0,7,0,0,0,0.0,0
0.2659,56,0,0.5089,4364.0,13,0,1,0,0.0,0
0.7798,46,0,0.6719,8209.0,6,0,1,0,1.0,0
0.6753,40,0,0.5289,,9,0,0,0,1.0,0
0.8875,69,0,0.3382,6625.0,8,0,4,0,1.0,0
0.3196,44,0,0.8544,3806.0,8,0,2,0,0.0,0
0.2156,51,0,0.8211,,8,0,2,0,0.0,0
2.1824,61,0,0.0866,11028.0,4,0,0,0,0.0,0
0.0717,38,0,0.519,8859.0,8,0,0,0,2.0,0
0.5839,55,0,0.3554,3214.0,7,0,0,0,2.0,0
0.2644,39,0,0.6027,,9,0,0,0,2.0,0
0.3055,60,0,0.7125,4610.0,5,0,1,0,1.0,0
0.8762,82,0,0.6956,4824.0,8,0,2,0,1.0,0
0.5439,66,0,0.811,2354.0,14,0,1,0,0.0,0
3.1744,70,0,0.7925,,7,0,5,0,0.0,0
0.2014,60,0,0.3128,,4,0,1,0,0.0,0
0.3482,76,0,0.649,,9,0,0,0,0.0,0
0.8882,24,0,0.1007,,6,0,2,0,1.0,1
0.7791,57,0,1.0333,7333.0,4,0,1,0,0.0,0
0.1389,66,0,0.1908,13798.0,4,0,1,0,0.0,0
0.3702,48,0,0.6473,2952.0,4,0,2,0,1.0,0
0.3818,61,0,0.2507,,5,0,0,0,1.0,0
0.0825,44,0,0.3118,8123.0,8,0,1,0,3.0,0
0.9059,72,0,0.338,7268.0,6,0,2,0,0.0,0
0.5387,52,0,0.0048,9836.0,4,0,2,0,0.0,0
0.212,49,0,0.2808,,6,0,0,0,1.0,0
0.0831,43,0,0.6229,16948.0,10,0,2,0,1.0,0
0.3781,53,0,0.6231,3541.0,15,0,1,0,3.0,0
0.2128,73,0,0.2722,2173.0,8,0,1,0,1.0,0
0.7121,68,0,0.1639,5367.0,9,0,0,0,0.0,0
0.0662,41,0,0.5488,3638.0,5,0,1,0,1.0,0
0.2456,54,3,0.3891,3468.0,6,0,1,0,0.0,0
0.2836,59,0,0.2114,18887.0,7,0,0,0,0.0,0
0.0022,50,0,0.2434,,5,0,0,0,0.0,0
0.0597,55,1,0.3286,2878.0,6,0,1,0,2.0,0
0.7006,69,0,0.2058,,6,0,1,0,1.0,0
0.0009,51,0,0.4048,11164.0,9,0,1,0,3.0,0
1.6382,59,0,0.532,,9,0,1,0,1.0,0
0.1221,68,0,0.0897,2448.0,6,0,1,0,1.0,0
0.0491,63,0,0.3568,,9,0,0,0,1.0,0
0.0867,55,0,0.0276,9591.0,5,0,2,0,0.0,0
0.6506,73,0,0.7722,7748.0,6,0,2,0,2.0,0
0.7336,42,0,0.2223,3398.0,5,0,1,0,0.0,1
0.5265,29,0,0.8631,2368.0,10,0,2,0,1.0,1
0.5288,57,0,0.5526,7714.0,7,0,0,0,3.0,0
0.4274,79,0,0.8129,3139.0,5,0,1,0,1.0,1
3.5555,83,0,0.6937,,14,0,0,0,1.0,1
0.734,40,0,0.6512,6969.0,11,0,1,0,1.0,0
0.6374,45,0,0.583,6522.0,8,0,0,0,0.0,0
0.4958,29,0,0.3634,1710.0,9,0,3,0,1.0,0
0.4618,54,0,0.7472,,4,0,1,0,1.0,0
0.591,62,0,0.129,11278.0,11,0,1,0,3.0,0
0.3566,39,0,0.3981,5867.0,7,0,2,0,0.0,0
0.7545,47,0,0.2875,,8,0,1,0,0.0,0
0.3949,71,0,0.3061,8410.0,9,0,0,0,0.0,0
0.0709,80,0,0.7911,6208.0,8,0,1,0,0.0,0
0.3357,64,0,0.7666,,13,0,0,0,2.0,0
0.4956,45,0,0.3371,,11,0,0,0,0.0,0
0.4975,77,0,0.015,30622.0,9,0,0,0,0.0,1
0.014,60,0,1.0984,6517.0,12,0,0,0,,0
0.0575,47,0,0.615,10356.0,6,0,1,0,0.0,0
0.537,44,0,0.4555,2661.0,13,0,0,0,2.0,0
0.4866,21,0,0.8958,,7,0,0,0,0.0,1
0.0738,77,0,0.4363,7499.0,11,0,0,0,1.0,0
0.0621,89,0,0.3692,,11,0,0,0,0.0,0
0.6026,52,0,0.4983,5337.0,9,0,0,0,0.0,0
0.4435,61,0,0.1621,1701.0,5,0,4,0,0.0,0
0.3755,51,0,0.7849,11434.0,7,0,1,0,0.0,0
0.6747,55,0,0.4848,7232.0,13,0,1,0,1.0,0
1.4216,37,0,0.6731,4070.0,8,0,3,0,0.0,0
1.1094,59,1,0.1094,5869.0,14,0,2,1,0.0,0
0.2454,79,0,0.2387,,7,0,0,0,0.0,0
0.5056,52,0,0.315,6115.0,6,0,1,0,0.0,0
1.6888,48,5,0.3359,6482.0,13,0,1,2,0.0,0
0.2703,68,0,0.0973,9187.0,4,0,0,0,0.0,0
0.7865,43,0,0.5775,,8,0,1,0,0.0,1
0.1503,48,0,0.3706,4245.0,12,0,2,0,1.0,0
0.2933,47,0,0.8492,4261.0,9,0,0,0,1.0,0
0.0592,45,0,0.6341,5557.0,5,0,2,0,0.0,0
0.3838,40,0,0.5173,1844.0,4,0,1,0,0.0,0
0.1229,64,0,0.3193,6900.0,9,0,1,0,1.0,0
0.5406,73,0,0.5992,3734.0,6,0,3,0,0.0,0
0.1869,64,0,0.2902,5030.0,9,0,0,0,0.0,0
0.6987,81,0,0.672,2893.0,12,0,4,0,1.0,1
0.088,64,0,0.8184,,8,0,2,0,1.0,0
0.1302,54,0,0.1475,4266.0,6,0,3,0,0.0,0
1.7353,49,0,1.0367,2114.0,7,0,2,0,2.0,0
0.0162,54,0,0.5848,,5,0,0,0,0.0,0
0.7635,66,0,0.0685,2260.0,10,0,2,0,1.0,0
0.3063,57,0,0.4325,9348.0,10,0,0,0,1.0,0
0.4276,69,0,0.4651,,11,0,0,0,0.0,0
0.0122,42,0,0.3048,,11,0,0,0,0.0,0
0.1743,49,0,0.3088,,9,0,1,0,0.0,0
0.4393,59,0,0.9661,8615.0,4,0,0,0,0.0,0
0.6083,40,0,0.6325,5695.0,8,0,2,0,2.0,0
4.7508,59,0,0.9923,,6,0,0,0,1.0,0
2.1617,22,0,0.2639,11322.0,12,0,0,0,1.0,0
0.33,62,0,0.4466,,7,0,0,0,0.0,0
0.014,45,0,0.3268,2888.0,9,0,1,0,0.0,0
0.9295,49,0,0.105,,9,0,0,0,1.0,1
0.3783,43,0,0.1718,,5,0,1,0,0.0,0
4.0732,52,0,0.8173,16632.0,9,0,1,0,2.0,0
2.8083,40,0,0.2027,,7,0,0,0,0.0,0
0.883,40,0,0.4138,10030.0,9,0,0,2,1.0,0
0.4826,57,0,0.5614,18195.0,7,0,0,0,0.0,0
0.2289,21,0,0.3191,3590.0,8,0,0,0,1.0,0
0.2913,46,0,0.1476,2923.0,12,0,0,0,3.0,0
1.3547,62,0,0.5307,8334.0,8,1,2,0,2.0,0
1.194,42,0,0.5004,4816.0,8,0,2,0,0.0,0
0.375,66,0,0.9656,7955.0,10,0,0,0,0.0,0
0.0667,33,0,0.5029,10171.0,6,0,0,0,1.0,0
0.1802,36,0,0.321,3057.0,9,0,0,0,0.0,0
0.3953,27,0,0.1287,6054.0,8,0,1,0,0.0,1
0.801,29,0,0.4969,4950.0,10,0,0,0,1.0,0
0.1531,38,0,0.5882,10612.0,6,0,0,0,1.0,0
0.0936,60,0,0.3085,,7,0,2,0,1.0,0
0.4703,35,0,0.4218,5373.0,8,0,3,0,0.0,0
1.2925,47,0,0.6094,4727.0,9,0,1,0,1.0,0
0.9396,32,0,0.6349,1753.0,5,0,0,0,2.0,1
0.6548,55,0,0.648,7047.0,5,0,5,0,2.0,0
0.6231,39,0,0.207,,9,0,0,0,2.0,0
0.3181,68,0,0.1254,4687.0,9,0,0,0,1.0,0
0.9052,55,0,0.6144,4593.0,8,0,1,0,1.0,0
0.1138,29,0,1.0053,3030.0,9,0,2,0,1.0,0
0.0423,22,0,0.2052,10184.0,9,0,1,0,1.0,0
0.5575,50,0,0.7668,7323.0,7,0,0,0,5.0,0
3.0682,37,2,0.8273,,12,2,0,0,0.0,0
0.1915,55,0,0.4101,,11,0,1,0,3.0,0
0.0651,55,0,0.1491,,8,0,2,0,0.0,0
0.0862,59,0,0.3033,7327.0,6,0,1,0,1.0,0
0.1968,64,0,0.1646,7411.0,5,0,0,0,0.0,0
1.7343,46,0,0.8004,9352.0,4,0,0,0,1.0,0
0.5384,66,0,0.7144,7259.0,6,0,2,0,0.0,0
0.5871,32,0,0.4532,2973.0,7,0,0,0,0.0,0
0.362,62,0,1.0194,3672.0,13,0,1,0,2.0,0
0.9426,48,0,1.0927,2837.0,6,0,4,2,1.0,0
0.1476,70,0,0.6897,19659.0,7,0,2,0,0.0,0
1.0396,75,0,0.4302,,6,0,1,0,0.0,0
0.8931,68,0,0.3722,,8,0,1,0,3.0,0
3.9291,68,0,0.6077,,6,0,2,0,3.0,0
0.4122,52,0,1.2963,5502.0,4,0,0,0,2.0,0
0.2366,21,1,0.3437,1461.0,8,0,1,0,1.0,0
0.1145,69,0,0.4056,3299.0,9,0,1,0,0.0,0
0.3156,54,0,0.3367,6871.0,4,0,1,0,0.0,0
0.8597,65,0,0.4886,6479.0,9,0,1,0,0.0,0
0.5435,48,0,0.3472,6649.0,8,0,0,0,2.0,0
1.3316,61,0,0.9327,3599.0,7,0,1,0,1.0,0
0.1905,69,0,0.511,6819.0,7,0,2,0,1.0,0
3.6038,42,0,0.5823,17713.0,7,0,0,0,0.0,0
0.2766,60,0,0.5843,3891.0,8,0,1,0,0.0,0
0.4121,52,0,0.4235,3704.0,8,0,0,0,1.0,0
3.8539,57,0,1.0281,4396.0,6,0,0,0,0.0,0
0.0456,56,0,1.0935,3727.0,6,0,2,0,0.0,0
0.1764,69,0,0.6756,6939.0,7,0,4,0,2.0,0
0.5217,43,0,0.3578,5941.0,12,0,0,0,2.0,0
0.1628,54,0,0.277,5499.0,5,0,2,0,0.0,0
0.0129,54,0,0.4951,2034.0,10,0,2,0,1.0,0
0.622,56,0,0.3044,,7,0,0,0,1.0,0
0.3403,35,0,0.8841,19813.0,8,0,0,0,0.0,0
0.7194,58,0,0.2693,6981.0,4,0,6,0,1.0,0
0.1402,69,0,0.3174,4268.0,7,0,4,0,0.0,0
0.3671,46,0,0.2936,8375.0,8,0,0,0,0.0,0
0.078,33,0,0.2422,,5,0,1,0,0.0,0
0.1495,62,0,0.1868,,9,0,0,0,1.0,0
0.8696,42,0,0.8666,13723.0,5,0,0,0,0.0,0
0.7737,32,0,0.6821,10107.0,7,0,0,0,0.0,0
0.2865,52,0,0.252,8255.0,5,0,0,0,0.0,0
0.048,34,0,0.3693,,9,0,0,0,1.0,0
0.3377,33,0,0.3264,,5,0,0,0,1.0,0
0.249,64,0,0.1915,2182.0,13,0,0,0,0.0,0
0.3388,52,0,0.2008,3206.0,6,0,0,0,1.0,0
0.7584,34,0,0.5302,,5,0,4,0,0.0,0
0.2093,44,0,0.4024,,12,0,1,0,0.0,0
2.0918,87,0,0.4694,3652.0,8,0,1,0,2.0,0
0.1232,50,0,0.1478,4768.0,7,0,0,0,0.0,0
0.0894,50,0,0.6394,850.0,9,0,2,0,0.0,0
0.287,36,0,0.4583,4471.0,7,0,1,0,1.0,0
0.1023,52,0,0.2015,7804.0,10,0,1,0,0.0,0
0.3482,35,0,0.4289,2557.0,10,0,1,0,0.0,0
0.0042,30,0,0.9298,6136.0,4,0,1,0,0.0,0
0.4254,55,0,0.3531,6871.0,8,1,0,0,0.0,0
1.0871,33,0,0.53,8799.0,11,0,2,0,0.0,0
0.6132,55,0,1.7888,11026.0,14,0,0,0,1.0,0
0.3189,77,0,0.6917,5224.0,8,0,1,0,0.0,0
0.6709,60,0,0.9524,8276.0,12,0,2,0,1.0,0
0.6836,30,0,0.5437,7551.0,10,0,2,0,2.0,0
2.3155,40,0,0.4966,10634.0,9,0,0,0,1.0,0
0.0751,36,0,0.2569,7294.0,10,0,1,0,0.0,0
0.4945,51,0,0.1839,7011.0,5,0,0,0,0.0,0
0.1808,58,0,0.6714,6823.0,10,0,0,0,0.0,0
0.5284,31,0,0.3058,,10,0,0,1,2.0,0
0.3778,53,0,0.7466,3288.0,10,0,0,0,0.0,0
0.3841,68,0,1.1507,2791.0,12,0,1,0,1.0,0
0.3495,53,0,0.3693,17393.0,10,0,1,0,1.0,0
1.8253,44,0,0.4263,,11,0,0,0,1.0,0
0.0096,67,0,0.2069,2308.0,2,0,2,0,1.0,0
0.5943,70,0,0.4492,10918.0,9,0,0,0,1.0,0
0.0191,53,0,0.1199,3932.0,4,0,1,0,2.0,0
0.1101,48,0,0.3251,3344.0,8,0,1,0,0.0,0
0.1578,55,0,0.5173,10333.0,5,0,1,0,0.0,0
0.2081,73,0,0.1901,5694.0,5,0,3,0,2.0,0
0.3361,40,0,0.0965,,12,0,0,0,1.0,0
0.6615,58,0,0.5858,10263.0,8,0,1,0,1.0,0
3.4729,72,0,0.402,5946.0,7,0,1,0,2.0,0
0.4155,67,0,0.2398,6819.0,6,0,1,0,,0
0.3926,22,0,1.2759,,5,0,0,0,0.0,0
0.801,53,0,0.2131,6048.0,8,0,2,0,0.0,0
4.7636,62,0,0.5538,3562.0,11,0,0,0,3.0,0
0.056,63,0,0.4668,5102.0,7,0,2,0,0.0,0
0.2307,73,0,0.4543,4341.0,10,0,0,0,0.0,0
0.4762,36,1,0.1026,,9,0,1,2,2.0,0
0.1527,47,0,0.8923,1472.0,8,0,1,0,0.0,0
0.0184,58,0,0.3003,,6,0,0,0,6.0,0
0.607,56,0,0.8644,,4,0,3,0,0.0,1
0.5455,79,0,0.1137,9486.0,4,0,2,0,0.0,0
0.4415,36,0,0.3128,7209.0,9,0,0,0,0.0,0
0.4379,67,0,0.7628,4057.0,11,0,2,0,2.0,0
0.5492,58,0,0.4294,,9,0,0,0,0.0,0
2.545,48,1,0.31,2846.0,8,0,3,0,0.0,0
0.8834,56,0,0.721,14785.0,7,0,0,0,1.0,0
0.0552,57,0,1.5725,3389.0,4,0,1,0,1.0,0
0.1012,26,0,0.3589,1860.0,10,0,2,0,1.0,0
2.7309,53,0,0.4808,6782.0,7,0,2,0,0.0,0
1.1487,60,0,0.2298,3518.0,10,0,0,0,0.0,0
3.1345,66,1,0.534,,7,1,1,1,0.0,0
0.2293,55,0,0.667,4181.0,11,0,1,0,1.0,0
1.0457,59,0,0.2304,,11,0,0,0,1.0,0
0.7816,58,0,1.1198,4422.0,4,0,2,0,1.0,0
0.0014,56,0,0.2594,5731.0,9,0,0,0,,0
0.1772,53,0,0.5393,9808.0,6,0,0,0,0.0,0
0.8206,56,0,0.454,15342.0,6,0,2,0,1.0,0
0.1387,64,0,0.0777,2602.0,6,0,1,0,0.0,0
1.9121,41,0,0.3809,7501.0,7,0,1,0,2.0,0
0.3141,44,0,0.2667,5616.0,8,0,0,0,1.0,0
0.0237,48,0,0.9171,1612.0,5,0,2,0,0.0,0
0.2288,48,0,0.6178,6573.0,10,0,0,0,2.0,0
0.5459,41,0,0.6557,,12,0,0,0,0.0,0
3.5747,54,0,0.3302,,14,0,1,0,0.0,0
0.3231,56,0,0.4524,3124.0,8,0,0,0,1.0,0
0.5454,72,0,0.2541,13099.0,7,0,0,0,2.0,0
0.1348,42,0,0.9955,9735.0,4,0,1,0,0.0,0
0.3862,48,0,1.0067,5238.0,10,0,0,0,0.0,0
0.8434,81,0,0.4713,6750.0,8,0,2,0,,0
0.4969,40,0,0.2772,,7,0,0,0,1.0,0
0.0154,60,1,0.6958,5516.0,4,0,0,0,0.0,0
0.359,35,0,0.666,,11,0,2,0,1.0,0
0.2026,56,0,0.4954,,15,0,1,0,0.0,0
0.7779,50,0,0.6766,2862.0,10,0,0,0,1.0,0
0.7495,61,0,0.1369,1817.0,11,0,1,0,0.0,0
0.3193,49,0,0.6424,4852.0,7,0,0,0,0.0,0
0.6132,61,0,0.2922,4724.0,8,0,0,0,0.0,1
0.1254,59,0,0.7345,4923.0,12,0,2,0,1.0,0
0.5237,80,0,0.2238,,10,0,1,0,0.0,0
0.387,40,0,0.4881,3488.0,6,0,0,0,0.0,0
0.6009,36,0,0.712,5163.0,4,0,1,0,1.0,0
1.7834,51,0,0.6318,,7,0,1,0,2.0,1
0.2171,60,0,0.2595,4253.0,8,0,0,0,2.0,0
1.6327,63,0,0.5676,,8,0,1,0,3.0,0
0.4197,44,0,0.5028,11521.0,7,0,0,0,1.0,0
0.1138,77,0,0.224,,6,0,0,0,0.0,0
0.137,51,1,0.4242,8311.0,12,0,1,0,1.0,0
0.4571,31,0,0.7579,3828.0,9,0,0,0,0.0,0
0.4286,55,0,0.2896,7874.0,11,0,1,0,0.0,0
0.6265,52,0,0.5264,9693.0,9,0,2,0,0.0,0
0.2493,49,0,0.1644,16834.0,14,0,1,0,1.0,0
2.4667,55,0,0.1754,8510.0,10,0,1,0,,0
0.0347,56,0,0.6083,5474.0,4,0,3,0,3.0,0
0.2323,40,0,0.3308,8216.0,7,0,0,0,0.0,0
0.1349,38,0,0.8126,7675.0,6,0,0,0,0.0,0
0.1425,39,0,0.4763,18431.0,6,0,0,0,0.0,0
1.121,81,0,0.0407,10972.0,12,0,2,0,2.0,0
3.6795,49,3,0.6416,7566.0,9,3,2,0,0.0,0
0.2315,68,0,0.4852,6989.0,12,0,1,0,1.0,0
0.7384,69,0,0.383,6416.0,6,0,0,0,0.0,0
0.1703,47,0,0.4895,6223.0,9,0,2,0,1.0,0
1.2834,59,0,0.3801,15077.0,8,0,1,1,0.0,0
0.09,61,0,1.2978,7261.0,11,0,4,0,2.0,0
0.4296,40,0,0.5021,5068.0,5,0,1,0,0.0,1
0.0357,41,0,0.1308,7917.0,13,0,0,0,1.0,0
0.7797,61,0,0.1683,4745.0,11,0,2,0,0.0,0
0.0473,52,0,0.6845,27434.0,7,0,0,0,1.0,0
0.386,21,0,0.1219,5495.0,9,0,1,0,1.0,0
0.0118,43,0,1.0116,3045.0,11,0,1,0,1.0,0
2.2132,40,0,0.3733,9243.0,10,0,0,0,0.0,0
0.04,47,0,0.3544,,7,0,3,0,0.0,0
0.5167,31,0,0.8672,3422.0,12,0,2,0,1.0,0
0.3506,53,0,0.6302,5635.0,8,0,1,0,0.0,0
0.5861,56,0,0.5475,5498.0,5,0,1,0,0.0,0
0.2263,50,0,0.0872,5884.0,5,0,0,0,1.0,0
0.8363,46,0,0.3233,2657.0,6,0,0,0,1.0,0
3.6752,42,1,0.2785,8455.0,6,0,3,0,2.0,0
0.4506,56,0,0.4417,11054.0,6,0,1,0,2.0,1
0.2598,31,0,0.6579,21872.0,6,0,2,0,1.0,0
0.2764,78,0,0.3932,14354.0,7,0,2,0,1.0,0
0.2748,68,0,0.2846,7691.0,6,0,1,0,1.0,0
6.3275,21,1,0.3634,4004.0,8,0,1,0,0.0,0
0.9193,73,0,0.2952,6079.0,8,0,2,0,0.0,0
1.8273,57,0,0.2277,5353.0,7,0,1,0,0.0,0
0.4387,56,0,0.1285,9667.0,4,0,0,0,0.0,0
0.2456,47,0,0.3726,1669.0,15,0,0,0,3.0,0
0.3922,61,0,0.2459,2776.0,10,0,2,0,1.0,0
0.1424,46,0,0.6997,3916.0,11,0,0,0,0.0,0
0.0529,41,0,0.1445,3036.0,4,0,2,0,0.0,0
0.0677,46,0,0.5444,3243.0,7,0,0,0,2.0,0
1.7065,45,0,0.2933,4376.0,8,0,5,0,1.0,0
0.0212,51,0,0.8146,2503.0,11,0,2,0,1.0,0
0.3913,55,0,0.2472,12330.0,9,0,4,0,2.0,0
0.2463,21,0,0.1273,7095.0,14,0,2,0,1.0,0
0.1759,59,0,0.6301,10349.0,8,0,2,0,2.0,0
0.0726,50,0,0.2996,4796.0,6,0,3,0,0.0,0
0.3794,62,0,0.4185,4613.0,7,0,2,0,,0
0.1064,55,0,0.7205,11000.0,14,0,1,0,1.0,0
0.2098,24,0,0.4685,5236.0,4,0,3,0,1.0,0
1.2428,55,0,0.8192,14863.0,10,0,4,0,1.0,0
0.2094,45,0,0.2362,2685.0,10,0,0,0,0.0,0
0.5359,26,0,0.4367,,9,0,1,0,0.0,0
0.3603,43,0,0.655,2269.0,4,0,0,0,0.0,0
0.8535,36,1,0.7371,2250.0,10,0,1,0,,0
1.5558,61,0,0.6787,,5,0,1,0,0.0,1
0.2953,71,0,0.2152,,8,0,0,0,2.0,0
0.3016,56,0,0.4506,7649.0,5,0,1,0,0.0,0
0.2665,61,0,0.5711,4668.0,8,0,0,0,0.0,0
1.3522,38,0,0.5531,,10,0,0,0,1.0,0
0.4619,61,0,0.2658,6130.0,3,0,2,0,0.0,0
0.3009,45,0,0.9433,4713.0,3,0,1,0,2.0,0
0.5262,27,0,0.3404,,9,0,3,0,1.0,0
2.5281,50,0,0.302,11392.0,15,0,0,0,3.0,0
0.339,56,0,0.3707,4012.0,8,0,1,0,0.0,0
0.0539,68,0,0.8767,8014.0,8,0,2,0,0.0,0
2.12,47,0,0.4546,2773.0,6,0,0,0,0.0,0
0.4404,37,0,0.2661,,12,0,1,0,0.0,0
0.1372,57,0,0.2632,9446.0,4,0,1,0,0.0,0
0.0055,51,0,0.3299,2969.0,8,0,1,0,1.0,0
3.289,44,0,0.6213,1790.0,5,0,2,0,1.0,0
0.6956,55,1,0.8484,6614.0,7,0,0,0,1.0,0
2.432,67,0,0.6881,2281.0,5,0,3,0,0.0,0
0.7575,50,0,0.5149,1529.0,6,0,1,0,1.0,0
0.7748,92,0,0.3937,,12,0,2,0,0.0,0
0.4554,35,0,0.1482,7500.0,12,0,1,0,0.0,0
0.6275,54,3,0.3351,54017.0,9,0,1,2,2.0,0
0.8364,59,0,0.5708,4069.0,3,0,2,0,3.0,0
0.2713,29,0,0.1885,9142.0,7,0,1,0,1.0,1
0.2145,53,0,0.6963,,9,0,1,0,1.0,0
0.139,32,0,0.2079,7882.0,8,0,0,0,1.0,0
0.288,42,0,0.5056,4010.0,4,0,2,0,0.0,0
0.2696,41,0,0.3015,12132.0,8,0,1,0,3.0,0
0.1877,41,0,0.125,,7,0,0,0,2.0,0
0.1428,90,0,0.7547,18983.0,8,0,1,0,0.0,0
0.9928,48,0,0.4767,3213.0,10,0,4,0,1.0,1
0.4977,61,0,0.7981,9368.0,8,0,0,0,1.0,0
0.3823,38,0,0.2297,4516.0,5,0,3,0,0.0,0
0.4593,57,0,1.0061,,7,0,2,0,0.0,0
0.0934,33,0,1.0291,,9,0,0,0,0.0,0
2.2603,82,0,0.5999,3122.0,9,0,1,0,,0
0.2844,61,0,0.3168,9569.0,5,0,1,0,0.0,0
0.8011,58,0,0.5148,5209.0,6,0,0,0,0.0,0
0.2819,46,1,0.3368,2735.0,13,0,2,0,0.0,0
4.2356,55,1,0.6161,21470.0,10,0,2,0,0.0,0
1.0079,77,0,1.3718,,10,0,1,0,0.0,0
0.1293,49,0,0.7729,5174.0,11,0,0,0,0.0,0
0.8219,56,0,0.5803,11060.0,6,0,1,0,1.0,0
0.5294,35,0,0.1201,8500.0,9,0,0,0,1.0,0
0.2735,70,0,0.1665,5871.0,11,0,0,0,2.0,0
0.4685,54,0,0.4821,2952.0,7,0,1,0,1.0,0
0.1336,58,0,0.8574,5817.0,11,0,1,0,0.0,0
0.5775,38,0,0.3712,25069.0,7,0,4,0,1.0,0
0.0471,36,0,1.0487,3570.0,5,0,2,0,2.0,0
0.3892,47,0,0.4939,3157.0,19,0,3,0,1.0,0
7.5343,61,2,0.8249,20497.0,6,1,2,0,0.0,0
2.2833,58,0,0.8237,2138.0,13,0,2,0,0.0,1
3.2228,55,0,1.2059,,11,0,2,0,0.0,0
0.299,34,0,0.3126,5250.0,6,0,1,0,1.0,0
0.6669,35,0,0.218,4325.0,7,0,1,0,0.0,0
0.0026,53,0,0.2089,5409.0,12,0,3,0,0.0,0
0.4027,21,0,0.5008,8718.0,15,0,4,0,0.0,0
0.168,40,0,0.4911,6752.0,5,0,2,0,,0
0.5,58,0,0.5064,7682.0,8,0,0,0,0.0,0
2.6374,74,0,0.8871,10529.0,6,0,1,0,1.0,0
2.5786,52,1,0.2062,2564.0,6,0,1,1,1.0,0
0.0496,64,0,0.7379,7352.0,8,0,1,0,1.0,0
1.7471,63,0,0.5481,,8,0,0,0,0.0,0
0.5019,42,0,0.3952,4885.0,9,0,3,0,,0
0.4114,77,0,1.3071,7571.0,9,0,0,0,0.0,0
0.2729,61,0,0.4148,4685.0,12,0,1,0,0.0,0
0.5708,55,1,0.5519,5070.0,11,0,1,0,0.0,0
0.3217,72,0,0.0555,7785.0,5,0,0,0,1.0,1
0.4426,66,0,0.7567,7818.0,7,0,0,0,1.0,0
0.2223,62,0,0.7568,4140.0,6,0,1,0,2.0,0
0.6067,31,0,0.1867,,4,0,1,0,1.0,0
0.1102,57,0,0.6715,8516.0,5,0,1,0,1.0,0
0.1309,54,0,1.25,4616.0,5,0,0,0,2.0,0
0.2735,52,2,0.3554,3125.0,5,0,2,0,,0
0.625,62,0,0.6339,6362.0,7,0,1,0,,0
0.8715,43,0,0.7014,9229.0,3,0,0,0,0.0,0
0.8075,65,0,0.2253,8684.0,3,0,2,0,1.0,0
1.2404,50,0,0.4445,,6,0,0,0,2.0,0
0.554,62,0,0.2983,2791.0,9,0,0,0,0.0,0
0.3112,31,0,0.4065,2266.0,7,0,1,0,1.0,0
2.2835,55,1,0.7333,10922.0,8,0,3,3,0.0,0
1.1886,24,0,0.3071,5970.0,7,0,1,0,0.0,0
1.8873,71,0,0.1671,8824.0,10,0,2,0,0.0,0
0.117,55,1,0.4257,6123.0,10,3,1,0,0.0,0
0.1428,47,0,0.417,,7,0,1,0,0.0,0
0.3026,59,0,0.3131,13511.0,9,0,2,0,0.0,0
0.3156,51,1,0.2758,3460.0,19,0,1,1,1.0,0
2.0637,36,0,0.1794,5061.0,2,0,0,0,0.0,0
0.2286,49,0,0.7957,2262.0,17,0,0,0,1.0,0
0.1719,45,0,0.7906,6567.0,9,0,3,0,0.0,0
2.7606,40,0,0.3668,,11,0,0,0,2.0,0
0.3864,43,0,0.1953,7904.0,12,0,1,0,0.0,0
0.269,48,0,0.6607,7283.0,8,0,1,0,0.0,0
2.1054,65,0,0.6087,2809.0,6,0,0,0,0.0,0
0.8129,67,0,0.7187,19523.0,6,0,0,0,0.0,0
0.2734,59,0,0.2347,20138.0,6,0,1,0,0.0,0
0.061,71,0,0.7673,4515.0,7,0,3,0,1.0,0
0.8402,74,0,0.138,3453.0,4,0,1,0,1.0,0
0.0491,87,0,0.1483,13586.0,7,0,0,0,1.0,0
1.4123,38,0,0.5864,6568.0,5,0,1,0,2.0,0
2.2367,63,0,0.2501,4339.0,10,0,2,0,0.0,0
0.2618,63,0,0.5153,14126.0,9,0,1,0,1.0,0
0.4819,57,0,0.1577,6744.0,8,0,0,0,1.0,0
0.3423,44,0,1.2542,9208.0,4,0,0,0,1.0,0
0.4355,64,0,0.848,,7,0,0,0,2.0,0
0.0335,78,0,0.301,4901.0,13,0,1,0,0.0,0
0.0524,74,0,0.8306,3442.0,3,0,1,0,2.0,0
0.24,73,0,0.7181,6819.0,10,0,3,0,2.0,0
0.0175,54,0,0.3937,4816.0,9,0,2,0,0.0,0
1.8316,21,0,0.1544,3110.0,8,0,0,0,0.0,0
0.4535,53,0,1.2833,9000.0,6,0,0,0,2.0,0
0.3072,45,0,0.2703,16453.0,11,0,1,0,2.0,0
1.8031,84,0,0.4822,6661.0,8,0,0,0,3.0,0
0.4745,54,0,0.0882,6834.0,8,0,1,0,0.0,0
0.0613,48,0,0.8202,5468.0,10,0,0,0,,0
0.0815,53,0,0.4778,,13,0,1,0,0.0,0
0.2919,60,0,0.6945,11463.0,10,0,2,0,1.0,0
0.1235,52,0,0.7509,5355.0,5,0,0,0,2.0,0
2.1607,52,0,0.711,6702.0,9,0,2,0,2.0,0
8.0253,67,0,0.5494,5115.0,7,0,1,0,0.0,0
2.5764,29,2,0.8497,3278.0,11,0,0,0,1.0,1
1.0576,62,0,0.3092,10072.0,6,0,0,0,1.0,0
0.0629,46,0,0.6936,8102.0,12,0,3,0,0.0,0
0.2127,68,0,0.1003,,7,0,0,0,0.0,0
0.3924,51,0,0.3648,5052.0,14,0,1,0,0.0,0
0.7964,43,0,0.3626,3738.0,4,0,1,0,1.0,0
3.2546,56,2,0.5234,,8,0,1,1,1.0,0
0.3423,44,0,0.4455,,6,0,4,0,0.0,0
0.1822,73,0,0.506,23453.0,7,0,2,0,1.0,0
0.493,57,0,0.3954,9555.0,3,0,0,0,3.0,0
0.4166,38,0,1.0484,13730.0,8,0,3,0,0.0,0
1.3113,43,0,0.9955,,12,0,2,0,1.0,0
0.7022,51,0,0.2729,6021.0,9,0,2,0,,0
0.0508,50,0,0.4072,8567.0,5,0,0,0,1.0,0
0.4792,55,0,0.5903,17895.0,9,0,2,0,0.0,0
0.1681,32,0,0.2003,9276.0,11,0,0,0,0.0,0
0.2834,79,0,0.1939,7607.0,6,0,2,0,0.0,0
0.8376,45,0,0.4647,5545.0,3,0,2,0,1.0,0
6.1511,41,0,0.5078,4133.0,3,0,1,0,0.0,1
0.8358,37,0,0.6846,3789.0,10,0,1,0,0.0,0
0.6177,38,0,0.1791,,4,0,0,0,0.0,0
0.3167,63,0,0.4023,2254.0,12,0,0,0,1.0,0
0.4994,46,0,0.5935,5689.0,10,0,1,0,0.0,0
0.4661,32,0,0.1985,4979.0,12,0,0,0,1.0,0
0.5406,45,0,0.1328,12195.0,9,0,2,0,1.0,0
0.4303,56,0,0.9182,2263.0,7,0,2,0,0.0,0
1.6455,62,0,0.4205,11872.0,13,0,0,0,3.0,0
0.5985,34,0,0.9548,2019.0,7,0,1,0,0.0,1
1.5618,21,0,0.2678,5354.0,7,0,1,0,0.0,0
2.5786,36,0,0.3979,9562.0,12,0,3,0,1.0,0
0.5644,79,0,0.2016,9893.0,8,0,0,0,0.0,0
0.2005,21,0,0.6144,,12,0,1,0,0.0,0
0.0452,36,0,0.8745,2545.0,9,0,3,0,0.0,0
0.3717,55,0,0.7423,5307.0,10,0,1,0,1.0,0
0.2707,85,0,0.5569,8521.0,17,0,1,0,2.0,0
0.5974,46,0,0.4935,,10,0,2,0,2.0,0
1.3545,56,0,0.7251,7390.0,7,0,0,0,1.0,0
0.6687,70,2,0.4255,7622.0,11,0,0,0,0.0,0
0.3737,38,0,0.3362,7756.0,9,0,1,0,0.0,0
1.1542,75,0,0.3837,6299.0,4,0,0,0,0.0,0
0.1359,39,0,0.2306,31504.0,10,0,3,0,0.0,0
0.2216,62,0,0.9322,13507.0,9,0,1,0,0.0,0
0.3553,89,0,0.8305,,7,0,0,0,1.0,0
0.0196,43,0,0.3588,4707.0,6,0,1,0,1.0,0
0.6338,51,0,0.1726,,7,0,2,0,,0
0.0619,46,0,0.7674,,10,0,2,0,0.0,0
3.9777,50,0,0.5074,694.0,10,0,2,0,1.0,0
0.2241,46,0,1.0538,6945.0,7,0,2,0,1.0,0
0.6665,62,0,0.6339,,7,0,2,0,0.0,1
2.1769,54,0,0.2721,4801.0,9,0,0,0,0.0,0
0.4385,57,0,0.1449,2151.0,4,0,1,0,3.0,0
2.595,51,0,0.6464,,10,0,1,0,2.0,0
0.5744,51,0,0.0949,18804.0,6,0,2,0,0.0,1
8.7192,53,0,1.0259,8070.0,10,0,2,0,1.0,0
1.1413,53,0,0.3741,,7,0,1,0,0.0,0
0.6393,47,0,0.3351,6806.0,7,0,2,0,2.0,0
6.3782,62,0,0.4269,11731.0,13,0,0,0,1.0,0
3.288,50,1,0.5519,3783.0,7,0,0,1,1.0,0
0.1439,60,0,0.2319,14369.0,3,3,4,2,0.0,0
0.1887,57,0,0.7898,3673.0,11,0,1,0,1.0,0
2.1936,75,0,0.7275,6674.0,10,0,3,0,0.0,0
0.2406,35,0,0.8603,7745.0,6,0,2,0,1.0,0
1.3943,53,0,0.5742,7655.0,8,0,1,0,0.0,0
0.2283,58,0,0.6387,,10,0,2,0,1.0,0
0.2012,63,0,0.2305,6307.0,7,0,1,0,0.0,0
0.0426,46,0,0.3059,5833.0,11,0,2,0,,0
3.9047,69,0,0.1162,3994.0,5,0,0,0,2.0,0
0.4611,24,0,0.5414,6810.0,8,0,2,0,1.0,0
0.1349,54,0,0.1268,3836.0,10,0,1,0,1.0,0
0.5671,75,0,0.4388,11292.0,9,0,2,0,1.0,0
0.3799,52,0,0.1877,35510.0,5,0,1,0,1.0,0
2.0573,46,0,0.4765,5981.0,9,0,2,0,0.0,0
0.3797,67,0,0.063,6937.0,8,0,0,0,0.0,0
2.0097,50,0,0.6709,,11,0,1,0,1.0,0
0.2412,31,0,0.3616,4454.0,9,0,2,0,0.0,0
0.1857,61,0,0.4824,11078.0,8,0,1,0,3.0,0
0.6234,41,0,0.4191,6227.0,8,0,3,0,1.0,0
0.5823,62,1,0.2907,,8,0,0,0,0.0,0
0.5221,65,0,0.4439,5626.0,8,0,0,0,2.0,0
1.0006,70,0,0.583,5111.0,8,0,2,0,1.0,1
0.2981,60,0,0.4178,,8,0,0,0,0.0,0
0.5709,63,0,0.042,3809.0,8,0,1,0,0.0,0
0.5733,50,0,0.2626,6858.0,9,0,0,0,0.0,0
0.8602,68,0,0.5574,23728.0,9,0,1,0,0.0,0
0.9844,67,0,0.464,8954.0,6,0,1,0,0.0,0
0.2933,66,0,0.7026,3007.0,11,0,1,0,0.0,0
0.0101,64,0,0.2975,5106.0,12,0,1,0,2.0,0
0.0687,41,0,0.4256,17184.0,9,0,0,0,1.0,0
0.9157,70,1,0.2856,6886.0,7,0,1,0,1.0,0
0.1364,62,0,0.5224,21138.0,6,0,0,0,0.0,0
3.3721,21,0,0.876,,6,0,0,0,0.0,0
0.2835,72,4,0.757,4695.0,10,0,0,1,0.0,0
1.1569,50,1,0.2613,,5,0,0,0,2.0,0
0.4,56,0,0.2496,4665.0,9,0,1,0,2.0,0
0.7411,49,0,0.3966,9424.0,15,0,1,0,0.0,0
0.6384,63,0,0.2881,,5,0,0,0,1.0,0
0.6981,57,0,0.322,1592.0,4,0,3,0,1.0,0
0.3965,50,0,1.0105,6976.0,6,0,0,0,1.0,0
0.8365,27,0,0.9849,,3,0,0,0,0.0,1
0.0189,76,0,0.495,7759.0,6,0,2,0,3.0,0
0.0474,49,0,0.5749,4906.0,6,0,0,0,0.0,0
4.4393,37,0,0.5647,4655.0,8,0,1,0,2.0,0
0.5779,89,0,0.9145,9233.0,6,0,1,0,0.0,0
0.4015,68,0,0.4362,2175.0,6,0,0,0,0.0,0
0.154,45,0,0.5389,,5,0,0,0,1.0,0
0.4834,33,0,0.6468,3078.0,5,0,1,0,0.0,0
0.8768,51,0,0.2569,4435.0,14,0,1,0,1.0,0
0.438,72,0,0.3404,,9,0,0,0,0.0,0
0.6991,34,0,0.3096,11834.0,8,0,2,0,1.0,0
0.3765,49,0,0.5299,14159.0,8,0,0,0,1.0,0
0.3776,71,0,0.2799,,3,0,1,0,0.0,0
0.2401,25,0,0.3387,4569.0,7,0,0,0,0.0,0
1.1713,37,0,0.0652,4249.0,9,0,2,0,0.0,1
0.0793,48,0,0.0909,4408.0,9,0,0,0,0.0,0
0.1676,47,0,0.5582,15269.0,5,0,2,0,3.0,0
0.4047,58,0,0.3796,8565.0,4,0,3,0,2.0,0
1.1184,22,0,0.2489,2554.0,9,0,1,0,0.0,0
0.2149,60,0,0.184,8552.0,8,0,0,0,0.0,0
0.4393,49,0,0.5558,3702.0,8,0,0,0,0.0,0
0.6151,58,0,0.52,37196.0,11,0,2,0,2.0,0
1.0902,37,0,0.6517,,7,0,1,0,2.0,0
14.3869,30,0,0.2545,9080.0,10,0,0,0,0.0,0
0.6814,43,0,0.1579,,10,0,0,0,1.0,0
1.2433,51,1,0.4462,7953.0,6,0,1,0,2.0,0
0.0456,46,0,0.3166,6700.0,7,0,2,0,0.0,0
0.4758,34,0,0.3998,9405.0,6,0,1,0,0.0,0
0.1239,37,0,0.4516,3758.0,9,0,0,0,1.0,0
0.8067,43,0,0.2428,6503.0,10,0,0,0,0.0,0
1.0662,81,0,0.6049,,8,0,2,0,2.0,1
0.429,66,3,0.5652,,8,0,0,0,0.0,0
0.2679,53,0,0.6676,6286.0,11,0,3,0,2.0,0
2.2137,51,0,0.6466,,5,0,0,0,1.0,1
0.4372,69,0,0.501,15945.0,13,0,0,0,0.0,0
0.1078,53,0,1.0622,5798.0,15,0,1,0,0.0,0
1.0645,52,0,0.6837,5279.0,5,0,0,0,1.0,0
0.6144,36,0,0.092,8595.0,4,0,0,0,1.0,0
1.3484,68,0,0.2121,,8,0,0,0,0.0,0
0.0446,45,0,0.4861,5116.0,8,0,2,0,1.0,0
1.3106,40,3,1.0338,,8,0,0,0,3.0,0
0.6773,52,0,0.5853,6586.0,8,0,2,0,3.0,0
1.6697,76,0,0.3173,6310.0,11,0,0,0,4.0,0
0.0169,55,0,0.2543,,5,0,0,0,3.0,0
0.2288,38,0,0.2959,4075.0,7,0,2,0,0.0,0
1.3171,48,0,0.5044,3472.0,10,0,3,0,0.0,0
0.2912,63,0,0.3871,,8,0,1,0,,0
0.9006,62,0,0.2695,2784.0,13,0,0,0,1.0,0
0.9791,47,0,0.3872,15313.0,10,0,3,0,,0
0.1939,27,0,0.7614,4679.0,7,0,1,0,1.0,0
0.0117,54,0,0.5169,1235.0,6,0,0,0,1.0,0
0.059,59,0,0.249,9993.0,6,0,0,0,0.0,0
0.5213,56,0,0.7255,2177.0,10,0,1,0,0.0,1
0.1657,73,0,0.1644,7202.0,10,0,0,0,0.0,0
0.0623,76,0,0.0784,4885.0,8,0,1,0,2.0,0
0.4018,74,0,0.3121,2175.0,11,0,0,0,1.0,0
0.0245,41,0,0.5928,5444.0,4,0,0,0,0.0,0
0.3751,56,0,0.0767,2801.0,4,0,0,0,2.0,0
0.573,43,0,1.2754,2935.0,8,0,2,0,0.0,0
0.1585,49,0,0.8746,3291.0,7,0,0,0,0.0,0
0.2073,59,0,0.1612,3333.0,9,0,1,0,0.0,0
0.4333,39,0,0.7703,3964.0,3,0,3,0,0.0,0
0.2919,55,0,0.3823,,8,0,2,0,0.0,0
0.2606,34,0,0.2874,6312.0,13,0,1,0,1.0,0
0.6061,54,0,0.0684,3886.0,9,0,3,0,0.0,0
0.7611,44,0,1.093,,5,0,1,0,1.0,0
0.1922,45,0,0.3682,5289.0,15,0,2,0,0.0,0
0.0474,52,0,0.4337,8482.0,8,0,1,0,0.0,0
0.091,56,0,0.4723,1646.0,4,0,0,0,2.0,0
0.6653,38,0,0.3788,6995.0,8,0,1,0,0.0,0
0.5079,57,5,0.1252,,13,0,2,3,1.0,0
0.2168,50,0,0.6511,,8,0,0,0,0.0,0
0.2111,42,0,0.4525,9253.0,10,0,1,0,0.0,0
0.5022,57,0,0.3602,4580.0,4,0,1,0,0.0,0
0.0117,65,0,0.3922,6582.0,12,0,0,0,1.0,0
2.914,81,0,0.5304,3018.0,6,0,2,0,1.0,1
0.567,34,0,1.0378,3808.0,10,0,1,0,1.0,0
0.0751,69,0,0.5219,4611.0,9,0,0,0,1.0,0
0.0119,45,0,0.7569,5959.0,11,0,0,0,0.0,0
5.1367,56,0,0.5638,7173.0,7,0,0,0,0.0,0
2.0915,35,0,0.6267,,5,0,1,0,0.0,1
0.6626,59,0,0.0696,,8,0,0,0,2.0,0
0.4447,42,0,0.7449,3240.0,10,0,1,0,0.0,0
0.3577,52,0,0.9332,3333.0,8,0,1,0,0.0,0
0.4752,42,0,0.7359,,12,0,0,0,0.0,0
0.34,43,0,0.3446,5622.0,8,0,0,0,3.0,0
0.7269,41,0,0.536,3034.0,4,0,1,0,0.0,0
0.2471,78,0,0.6284,6596.0,8,0,0,0,0.0,0
0.1707,39,0,0.1099,2826.0,7,0,2,0,0.0,0
0.5633,64,0,0.8456,4378.0,4,0,2,0,0.0,0
0.3291,48,0,0.2995,6639.0,9,0,1,0,2.0,0
0.7953,42,0,0.5379,6757.0,6,0,1,0,1.0,0
0.5853,56,0,0.1638,2750.0,4,0,1,0,1.0,0
2.3342,65,0,0.7346,7371.0,10,0,4,0,1.0,0
0.5355,39,0,0.3283,5186.0,9,0,0,0,1.0,0
0.0352,84,0,0.8604,7196.0,6,0,1,0,1.0,0
1.308,77,1,0.1871,2356.0,7,0,0,0,0.0,0
1.1708,52,0,0.3279,8832.0,9,0,1,0,1.0,0
8.201,59,0,0.109,,7,0,0,0,0.0,0
2.0192,57,0,0.2026,8456.0,8,0,0,0,1.0,0
0.5554,53,0,0.4043,5346.0,16,0,0,0,0.0,0
0.8885,62,0,0.5,,10,0,2,0,1.0,0
0.3275,42,0,0.6521,5510.0,9,0,0,0,1.0,0
2.4167,70,0,0.3422,,7,0,1,0,2.0,0
0.1837,47,0,0.468,2493.0,12,0,1,0,1.0,0
0.2454,60,0,0.3729,4772.0,10,0,1,0,1.0,0
0.353,51,0,0.164,7349.0,5,0,2,0,0.0,0
0.1333,43,0,0.5116,2967.0,9,0,1,0,1.0,0
0.2916,36,0,0.6577,,7,0,1,0,1.0,0
0.397,48,0,0.1217,3106.0,10,0,0,0,,0
0.3441,49,0,0.2745,5414.0,17,0,1,0,1.0,0
0.0107,67,0,0.3743,7358.0,4,0,3,0,0.0,0
0.7437,44,0,0.3206,6396.0,7,0,3,0,1.0,0
0.722,66,0,0.2446,1692.0,8,0,2,0,0.0,0
0.1808,32,0,0.0935,2925.0,12,0,0,0,0.0,0
0.21,44,0,0.3755,3833.0,5,0,1,0,0.0,0
0.0733,66,0,0.4871,9027.0,8,0,0,0,1.0,0
3.2024,61,2,0.0589,5927.0,11,1,2,1,1.0,0
0.4151,54,0,0.4431,2623.0,8,0,1,0,0.0,0
0.1377,31,0,0.7999,2487.0,10,0,2,0,0.0,0
6.7415,63,0,0.4623,,12,0,3,0,1.0,0
0.6422,44,0,0.577,6538.0,8,0,1,0,0.0,0
0.6429,59,0,0.5535,,11,0,2,0,1.0,0
0.2053,47,0,0.1057,7822.0,3,0,1,0,2.0,0
0.0546,48,0,0.6906,5896.0,10,0,1,0,0.0,0
0.3657,46,0,0.6106,3877.0,14,0,2,0,0.0,0
0.5022,78,0,0.7214,4367.0,5,0,2,0,1.0,1
0.0927,44,0,0.5676,7200.0,8,0,0,0,0.0,0
0.5015,37,0,0.2138,7329.0,9,0,2,0,0.0,0
0.0629,59,1,0.3933,,11,0,0,1,1.0,0
0.105,25,0,0.1274,1724.0,7,0,3,0,0.0,0
0.2744,39,0,0.2355,,16,0,1,0,1.0,0
0.0936,72,0,0.0923,3674.0,9,0,0,0,2.0,0
0.7234,49,0,0.0515,8491.0,7,0,0,0,2.0,0
0.1059,46,0,0.2167,6185.0,9,0,1,0,3.0,1
0.3125,80,0,0.5177,13062.0,7,0,1,0,0.0,0
3.2329,53,0,0.0855,6135.0,11,0,0,0,1.0,0
0.6177,42,0,0.3846,7457.0,9,0,0,0,0.0,0
0.069,60,0,0.1118,,5,0,2,0,2.0,0
0.8143,47,0,0.2289,10110.0,8,0,0,0,0.0,0
0.2591,51,0,0.5933,1648.0,5,0,2,0,0.0,0
1.2433,50,0,0.5038,,10,0,3,0,0.0,0
7.5551,27,0,0.5989,3064.0,6,0,2,0,0.0,1
0.6277,61,0,0.2322,,9,0,1,0,0.0,0
0.465,82,0,0.681,6627.0,7,0,2,0,1.0,0
0.5193,22,0,0.0835,3152.0,8,0,2,0,,0
3.2456,71,0,0.4028,,9,0,1,0,0.0,0
7.2995,49,0,0.2829,,6,0,2,0,1.0,0
0.5565,42,0,0.7095,9312.0,5,0,1,0,2.0,0
0.6956,56,0,0.5319,15802.0,7,0,1,0,,0
0.2127,61,0,0.6518,,8,0,0,0,2.0,0
0.4653,55,0,1.0951,,7,0,3,0,3.0,0
0.2695,41,0,0.6904,8027.0,11,0,3,0,1.0,0
9.9472,48,0,0.6141,,6,0,0,0,2.0,1
0.0939,53,0,0.5387,,3,0,0,0,0.0,0
0.8865,57,0,0.5737,4235.0,7,0,2,0,1.0,0
0.2935,67,0,1.0617,5072.0,9,0,3,0,,0
0.1521,31,0,0.2952,3301.0,10,0,1,0,1.0,0
0.1924,55,0,0.1581,4488.0,9,0,1,0,,0
1.218,50,1,0.7407,4334.0,9,0,2,0,,0
0.6786,52,1,0.0855,,5,0,1,0,1.0,0
0.6804,65,0,0.2496,12570.0,3,0,1,0,0.0,0
0.8086,42,1,0.7881,,7,0,1,1,0.0,0
0.1047,41,0,0.7473,2775.0,6,0,0,0,1.0,0
0.7543,34,0,0.4093,2572.0,10,0,1,0,1.0,0
0.5273,53,0,0.5247,,6,0,1,0,1.0,1
0.7331,39,0,0.6018,3590.0,8,0,1,0,1.0,0
0.3222,39,0,1.014,8291.0,4,0,2,0,0.0,0
0.0666,56,1,0.9648,1633.0,8,1,2,0,,0
3.4531,45,0,0.87,3622.0,8,0,1,0,0.0,0
0.2493,45,0,0.1374,,10,0,0,0,3.0,0
0.2214,59,3,0.2922,10318.0,7,0,0,1,2.0,0
0.4764,42,0,0.4172,3031.0,6,0,0,0,1.0,0
0.0753,58,0,0.1324,7516.0,6,0,2,0,2.0,0
2.2325,67,0,0.3686,2653.0,6,0,0,0,1.0,0
1.2162,43,0,0.3576,4266.0,8,0,0,0,0.0,0
0.9948,66,0,0.445,13143.0,5,0,0,0,0.0,0
1.0077,38,0,0.8252,1818.0,10,0,0,0,0.0,0
0.5157,80,0,0.4913,5140.0,8,0,1,0,1.0,0
0.244,58,0,0.2873,7263.0,6,0,2,0,3.0,0
0.2389,44,0,0.0562,2141.0,12,0,1,0,2.0,0
0.5922,66,0,0.8375,4857.0,7,0,1,0,3.0,0
0.4428,39,0,0.4112,,6,0,1,0,1.0,0
2.0943,29,2,0.3739,4182.0,6,0,1,1,,0
0.0098,38,0,0.1118,15024.0,9,0,0,0,1.0,0
0.3463,33,0,0.6149,2173.0,8,0,0,0,0.0,0
0.3352,32,0,0.0527,8439.0,5,0,1,0,1.0,0
2.2646,62,0,0.042,3250.0,7,0,0,0,0.0,0
1.0668,62,0,0.5087,3800.0,8,0,3,0,1.0,0
0.147,43,0,0.1915,,8,0,0,0,1.0,0
0.2503,72,0,0.1534,9886.0,7,0,0,0,1.0,0
0.5636,35,0,0.6487,,10,0,1,0,0.0,0
0.4588,69,0,0.4867,896.0,10,0,0,0,0.0,0
0.5614,39,0,0.5408,1712.0,3,0,0,0,0.0,1
0.0315,55,0,0.3,,7,0,0,0,0.0,0
0.066,45,0,0.1621,,8,0,1,0,0.0,0
0.3678,50,0,0.5956,4497.0,11,0,2,0,,0
0.0242,54,0,0.3192,18660.0,14,0,2,0,3.0,0
0.2361,45,1,0.2914,3069.0,5,0,0,0,0.0,0
0.6285,51,0,0.5707,19903.0,10,0,0,0,0.0,0
0.1541,41,0,0.6952,,5,0,0,0,0.0,0
0.0369,34,0,0.836,5434.0,7,0,2,0,2.0,0
0.3661,27,0,0.6099,6669.0,11,0,0,0,0.0,0
0.7543,53,0,0.2745,,11,0,1,0,2.0,0
3.1805,77,0,0.2352,3555.0,10,0,3,0,0.0,0
0.653,41,0,0.4761,4959.0,5,0,1,0,2.0,0
0.4865,61,0,1.2951,6425.0,7,0,2,0,1.0,0
4.7318,67,0,0.375,3301.0,6,0,1,0,,0
0.3664,46,0,0.2571,2639.0,9,0,1,0,0.0,0
0.5145,42,0,0.3395,,8,0,1,0,0.0,0
0.6152,57,0,0.8782,11417.0,10,0,1,0,0.0,0
0.0242,63,0,0.4497,,10,0,0,0,,0
0.2419,63,0,0.4029,5280.0,8,0,0,0,1.0,0
3.8124,38,0,0.8716,11512.0,4,0,2,0,0.0,0
1.7704,80,2,0.4154,6468.0,10,0,1,0,0.0,0
0.1607,50,0,0.5784,6170.0,5,0,0,0,2.0,0
3.1643,50,0,0.2553,27308.0,3,0,0,0,0.0,0
0.821,55,0,0.5353,5494.0,12,0,2,0,0.0,0
0.8551,67,1,0.6386,6883.0,6,0,1,0,3.0,0
0.0219,86,0,0.7905,1247.0,3,0,2,0,0.0,0
0.9304,54,0,0.7179,8959.0,16,0,1,0,1.0,0
1.0342,39,0,0.4703,13699.0,8,0,2,0,1.0,0
0.9175,57,0,0.1822,9792.0,5,0,2,0,0.0,0
0.3757,61,0,0.2556,,5,0,1,0,1.0,0
0.5654,45,0,0.8909,3153.0,3,0,1,0,1.0,0
0.8414,35,0,0.2986,,8,0,0,0,1.0,0
0.6218,71,0,0.6077,10540.0,4,0,0,0,1.0,0
0.1957,70,0,0.3826,22668.0,5,0,2,0,0.0,0
0.1134,55,0,0.7482,4400.0,12,0,0,0,1.0,0
0.4668,71,0,0.6778,6386.0,5,0,1,0,0.0,0
0.4191,50,0,0.0584,2891.0,11,0,0,0,0.0,0
2.8466,35,0,0.2874,5667.0,8,0,1,0,1.0,0
0.3637,68,0,0.8923,,4,0,3,0,1.0,0
0.1783,51,0,0.6235,,11,0,0,0,2.0,0
0.0154,83,0,0.7131,7510.0,7,0,0,0,3.0,0
0.463,29,0,0.4257,5657.0,7,0,4,0,0.0,0
0.3995,59,0,0.5583,5245.0,5,0,0,0,0.0,0
0.0252,36,0,0.9371,6634.0,12,0,3,0,1.0,0
0.3178,65,0,0.2333,17263.0,6,0,2,0,3.0,0
6.2284,67,0,0.2611,,7,0,1,0,2.0,0
0.8717,41,0,0.6936,,7,0,1,0,2.0,1
0.2174,77,0,0.3257,,10,0,3,0,0.0,0
0.1281,28,0,0.3734,,10,0,2,0,1.0,0
0.3318,59,0,0.5436,16593.0,9,0,0,0,1.0,0
0.1586,59,0,0.1163,,10,0,0,0,0.0,0
0.7325,60,0,0.3437,,9,0,1,0,2.0,0
0.1298,66,0,0.1675,6452.0,5,0,2,0,2.0,0
0.9951,57,0,0.129,4116.0,6,0,0,0,0.0,0
0.4592,58,0,0.6871,,6,0,3,0,0.0,0
0.9331,37,0,0.725,,8,0,0,0,0.0,0
0.0803,41,0,0.3668,6219.0,9,0,1,0,2.0,1
0.051,48,0,0.3721,,12,0,1,0,0.0,0
2.2085,68,0,0.5999,7513.0,10,0,0,0,1.0,0
0.515,60,0,0.4251,10794.0,12,0,1,0,0.0,0
0.4132,56,0,0.7089,,8,0,0,0,0.0,0
0.4344,21,0,0.3941,4736.0,5,0,4,0,1.0,1
0.056,33,0,0.3843,6118.0,14,0,1,0,4.0,0
0.3252,57,0,0.2128,6627.0,9,0,2,0,0.0,0
0.2174,45,0,0.5787,2743.0,8,1,0,0,3.0,0
0.2133,49,0,0.3146,6982.0,8,0,0,0,0.0,0
0.3703,64,0,0.2627,,4,0,1,0,0.0,0
0.697,54,0,1.0887,,6,0,2,0,3.0,0
0.1709,31,0,1.0398,,7,0,1,0,0.0,0
0.1531,45,0,0.4517,5089.0,10,0,0,0,1.0,0
1.4809,56,0,0.3972,8409.0,13,0,1,0,2.0,0
0.0693,63,0,0.2468,7614.0,12,0,1,0,1.0,0
0.469,42,0,0.6138,7214.0,8,0,3,0,0.0,0
0.1514,65,0,0.1164,,2,0,0,0,1.0,0
0.1222,21,0,0.5055,10275.0,8,0,2,0,0.0,0
0.1198,50,0,0.7605,4085.0,11,0,0,0,0.0,0
0.6263,30,0,0.2941,5634.0,11,0,2,0,0.0,0
0.4248,40,0,0.4732,10247.0,10,0,3,0,1.0,0
0.1605,62,0,1.1062,,6,0,0,0,0.0,0
0.1166,46,0,0.7152,13696.0,16,0,1,0,3.0,0
0.2154,40,0,0.2983,1244.0,12,0,0,0,0.0,0
0.3757,41,0,0.6443,2853.0,5,0,0,0,0.0,0
0.1604,70,0,0.4006,2780.0,13,0,0,0,0.0,0
0.9313,64,0,0.0401,3220.0,10,0,1,0,0.0,0
1.1439,52,0,0.4909,3780.0,5,0,0,0,0.0,0
1.471,29,0,1.2563,,8,0,0,0,2.0,0
0.2901,26,0,0.4688,1195.0,6,0,2,0,0.0,0
0.2516,43,0,0.8074,,17,0,0,0,1.0,0
0.1762,47,0,0.4789,7117.0,6,0,1,0,0.0,0
1.2941,90,0,0.1507,3948.0,8,0,1,0,1.0,0
0.2993,41,0,0.7997,,12,0,4,0,1.0,0
1.1879,47,0,0.4487,4218.0,11,0,1,0,1.0,0
1.5076,48,1,0.9027,,6,1,0,1,0.0,0
0.2931,39,0,0.3021,2140.0,5,0,1,2,2.0,0
0.4145,78,0,0.6858,8359.0,7,0,1,0,0.0,0
3.6267,47,0,0.6546,4517.0,9,0,1,0,1.0,0
0.5859,25,0,0.4007,5827.0,8,0,2,0,0.0,0
0.0189,60,0,0.433,9630.0,6,0,0,0,0.0,0
0.3889,59,0,0.9008,8049.0,6,0,0,0,4.0,0
0.2264,65,0,0.7778,8123.0,10,0,2,0,0.0,0
1.6954,47,0,0.64,,5,0,0,0,1.0,0
0.0088,33,0,0.5347,6542.0,8,0,1,0,0.0,0
4.6457,53,0,0.6106,6069.0,7,0,0,1,1.0,0
0.3932,53,0,0.6003,6917.0,7,0,0,0,3.0,0
0.5819,44,0,0.3854,6492.0,10,0,1,0,0.0,0
0.5394,42,0,0.5654,6765.0,10,0,2,0,1.0,0
3.0575,59,0,1.0954,12952.0,8,0,0,0,0.0,0
0.1113,41,0,0.0828,2187.0,6,0,1,0,2.0,0
0.077,71,0,0.0838,6497.0,8,0,0,0,0.0,0
3.4726,63,0,0.8266,11243.0,4,0,2,0,0.0,0
0.0875,68,0,0.4198,7561.0,10,0,0,0,0.0,0
0.2272,38,0,0.478,4175.0,9,0,1,0,0.0,0
0.28,52,0,0.5648,5315.0,9,0,3,0,0.0,0
26.3491,44,0,0.2758,1847.0,6,0,1,0,2.0,0
6.7345,43,0,0.6581,,5,0,0,0,1.0,0
2.3235,75,0,0.524,13896.0,11,0,0,0,1.0,0
0.5705,67,0,0.8973,2645.0,13,0,0,0,2.0,0
0.2634,55,0,0.4715,,9,0,4,0,1.0,0
1.0714,73,0,0.5915,3404.0,8,0,3,0,0.0,1
0.1611,68,0,0.7034,4390.0,5,0,1,0,2.0,0
3.2474,45,0,0.8693,3767.0,7,0,0,0,1.0,0
0.5687,29,0,0.6947,2880.0,9,0,2,0,1.0,1
0.5574,21,0,0.4521,3981.0,9,0,2,0,0.0,0
0.0431,36,0,0.1337,5902.0,11,0,1,0,,0
0.0136,73,0,0.3402,,8,0,5,0,0.0,0
0.0422,49,2,0.6537,6114.0,4,0,0,0,1.0,0
0.3755,62,0,0.3043,5439.0,8,0,0,0,1.0,0
0.0044,58,0,0.747,7727.0,12,0,1,0,1.0,0
6.7204,50,0,0.2449,2120.0,9,0,2,0,3.0,0
0.3268,44,0,0.8381,2090.0,11,0,2,0,0.0,0
0.4325,58,0,0.5913,19132.0,6,0,1,0,0.0,0
1.8674,79,0,0.8066,3835.0,13,0,1,0,0.0,0
0.0592,56,0,0.4698,3970.0,6,0,1,0,2.0,0
5.3142,29,0,0.5174,,5,0,2,0,1.0,0
0.3402,25,0,0.5861,9563.0,6,0,1,0,4.0,0
0.0847,54,0,0.5596,1810.0,8,0,0,0,2.0,0
0.7384,47,1,0.386,3556.0,9,0,1,0,1.0,0
0.5169,32,0,0.2565,3622.0,11,0,1,0,1.0,0
0.2445,68,0,0.19,6020.0,9,0,0,0,0.0,0
0.6094,44,0,0.0914,2847.0,5,0,0,0,1.0,0
0.1117,60,0,0.2802,11173.0,5,0,1,0,1.0,0
0.1418,65,0,0.1779,5352.0,11,0,2,0,0.0,0
0.2925,32,0,0.3462,5340.0,9,0,3,0,3.0,0
0.4147,50,0,0.6522,1919.0,9,0,1,0,1.0,0
1.3575,40,0,0.2612,4408.0,10,0,1,0,0.0,0
0.0978,61,0,0.1293,2899.0,8,0,0,0,1.0,0
0.1187,70,0,0.5683,3186.0,5,0,0,0,1.0,0
0.5359,55,1,0.631,898.0,7,0,0,0,0.0,0
0.7447,56,0,0.7563,3627.0,12,0,0,0,1.0,0
1.726,48,0,0.0848,1288.0,4,0,0,0,1.0,0
0.0279,60,0,0.5812,,9,0,0,0,1.0,0
0.1121,38,0,0.5371,6323.0,5,0,2,0,0.0,0
0.3942,25,0,0.4644,8337.0,9,0,2,0,2.0,0
0.1212,62,0,0.7757,2086.0,9,0,0,0,0.0,0
0.4377,59,0,0.1847,10695.0,6,0,0,0,1.0,0
0.4562,65,0,0.6619,,7,0,2,0,0.0,0
2.7153,60,0,0.2979,4693.0,6,0,0,0,0.0,0
0.7383,35,0,0.4995,5626.0,7,0,0,0,0.0,0
0.4806,37,0,0.7074,,10,0,2,0,1.0,1
0.4284,66,0,0.2611,3814.0,13,0,1,0,0.0,0
2.7205,37,0,0.2366,,13,0,0,0,1.0,0
0.0864,49,3,0.3284,3398.0,7,1,0,0,0.0,0
0.256,38,0,0.2209,11641.0,7,0,2,0,0.0,0
0.3612,70,0,0.4318,3576.0,13,0,1,0,2.0,0
0.4354,32,0,0.3967,,9,0,1,0,0.0,0
1.1387,60,0,1.1702,7358.0,8,0,0,0,0.0,0
0.2817,39,0,0.3564,,7,0,0,0,1.0,0
0.0157,60,3,0.3665,6595.0,9,0,0,1,0.0,0
0.42,60,0,0.4528,6674.0,5,0,1,0,0.0,0
0.6391,56,0,0.2661,1044.0,7,0,1,0,0.0,0
0.3845,72,0,0.6516,2239.0,4,0,2,0,1.0,0
0.2281,80,0,0.6124,8746.0,6,0,1,0,0.0,0
0.3816,21,0,0.5785,8785.0,5,0,2,0,0.0,0
0.2061,50,0,0.5163,2393.0,10,0,1,0,0.0,0
0.6772,44,0,0.5752,2840.0,6,0,1,0,0.0,0
1.0748,65,0,0.3502,10408.0,3,0,1,0,1.0,0
0.2579,67,0,0.3717,5453.0,4,0,0,0,1.0,0
0.4472,30,2,0.3823,6065.0,7,0,2,0,,0
0.8467,52,0,0.217,2757.0,12,0,0,0,1.0,0
2.8086,42,0,0.132,6769.0,8,0,1,0,2.0,0
0.1854,60,0,0.4634,1263.0,11,0,3,0,0.0,0
0.741,68,0,0.2412,7430.0,15,0,0,0,0.0,0
0.1716,37,0,0.2644,4664.0,8,0,2,0,1.0,0
2.1517,52,0,0.2762,7334.0,6,0,2,0,1.0,0
0.2187,38,0,0.5299,3282.0,7,0,0,0,0.0,0
1.3829,29,0,0.3071,4831.0,6,0,1,0,0.0,1
1.3962,69,1,0.3268,10807.0,15,0,1,0,1.0,0
0.2249,67,0,1.0675,3090.0,12,0,2,0,2.0,0
0.9355,38,0,0.3581,7307.0,5,0,2,0,1.0,0
0.0665,68,0,0.1732,18361.0,9,0,0,0,1.0,0
0.1951,35,0,0.2777,,4,0,0,0,0.0,0
0.9789,63,0,0.5615,2424.0,10,0,2,0,0.0,0
0.0185,38,0,0.4006,,1,0,1,0,0.0,0
0.2667,52,0,1.0829,2435.0,11,0,1,0,,0
2.2043,50,0,0.3693,9869.0,8,0,2,0,1.0,0
0.6055,21,0,0.3681,3575.0,8,0,1,0,0.0,0
0.3166,47,0,0.4434,6399.0,4,0,0,0,2.0,0
1.4249,50,0,0.7519,4631.0,9,0,1,0,0.0,0
0.6655,36,0,0.2479,,12,0,1,0,1.0,0
0.2233,45,1,0.6638,6692.0,4,0,1,2,0.0,0
0.4043,67,0,0.1151,7427.0,12,0,4,0,0.0,0
0.5831,51,5,0.7732,12770.0,9,0,0,0,2.0,0
3.6747,45,0,1.0025,3233.0,7,0,0,0,0.0,0
0.4235,33,1,0.2757,2316.0,6,0,1,0,2.0,0
0.9113,41,4,0.809,8713.0,8,0,3,0,1.0,1
0.2188,50,0,0.4161,,4,0,0,0,0.0,0
0.0099,48,0,0.9524,,6,0,5,0,0.0,0
6.7623,38,0,1.0359,5232.0,14,0,0,0,0.0,0
0.3202,42,0,0.3044,10027.0,6,0,3,0,1.0,0
0.6299,39,0,0.2477,3926.0,10,0,2,0,1.0,0
0.6107,72,0,0.2328,,6,0,1,0,0.0,0
0.5691,71,0,0.6219,4239.0,9,0,0,0,1.0,0
0.3752,52,0,0.7616,4292.0,8,0,3,0,1.0,0
0.1631,58,0,0.0616,8080.0,6,0,1,0,1.0,0
0.1015,73,0,0.1467,,5,0,1,0,0.0,0
4.5777,65,1,0.3418,7735.0,9,0,1,0,2.0,0
0.2346,41,0,0.2694,8000.0,4,0,0,0,1.0,0
0.2778,57,0,0.5896,,8,0,2,0,0.0,0
0.9781,48,0,0.654,12690.0,8,0,0,0,1.0,0
0.9428,64,0,0.5514,4802.0,8,0,1,0,0.0,1
0.9036,21,0,0.8073,,9,0,0,0,0.0,0
0.5628,21,0,0.3043,,13,0,3,0,1.0,0
0.1339,58,0,0.5868,4007.0,7,0,0,0,0.0,0
0.5394,55,0,0.6287,7491.0,5,0,1,0,1.0,0
5.3939,59,2,0.6213,,7,1,1,0,0.0,0
0.5589,40,0,0.816,6870.0,7,0,0,0,2.0,0
0.274,31,0,0.2184,4943.0,6,0,1,0,2.0,0
0.367,45,0,0.4761,5371.0,6,0,0,0,0.0,0
0.0577,27,0,0.3661,6008.0,6,0,2,0,2.0,0
0.1644,36,0,0.2165,26546.0,10,0,1,0,3.0,0
0.0933,64,0,0.1561,17269.0,3,0,0,0,0.0,0
0.8527,47,0,0.4907,3630.0,6,0,2,0,0.0,0
0.3339,44,0,0.5928,9102.0,10,0,1,0,1.0,0
0.406,38,0,0.219,7586.0,9,0,1,0,0.0,0
0.4116,44,0,0.2328,,12,0,0,0,0.0,0
0.2129,55,0,0.316,1571.0,13,0,1,0,0.0,0
0.1096,58,0,0.3343,4521.0,13,0,0,0,0.0,0
0.6939,34,0,0.1194,22623.0,4,0,0,0,1.0,0
0.088,54,0,0.7276,3907.0,5,0,2,0,3.0,0
0.7246,78,0,0.2872,3096.0,10,0,0,0,1.0,0
3.7968,41,0,0.0588,,6,0,0,0,1.0,0
0.1945,57,0,0.4318,,4,0,1,0,3.0,0
2.7744,48,0,0.6505,4507.0,8,0,0,0,2.0,0
0.8095,51,0,0.8688,1995.0,8,0,1,0,1.0,0
0.1058,63,0,0.2384,6979.0,6,0,2,0,1.0,0
1.6043,57,0,0.5503,10557.0,6,0,3,0,0.0,0
0.3274,60,0,0.7544,,8,0,0,0,0.0,0
0.3904,37,0,0.5894,9447.0,10,0,0,0,1.0,0
0.4816,44,0,0.3154,4180.0,11,0,1,0,1.0,0
0.2478,65,0,0.1151,10111.0,10,0,2,0,0.0,0
0.2351,39,0,0.4748,4253.0,11,0,2,0,1.0,0
0.0321,56,0,0.3773,8201.0,9,0,0,0,2.0,0
0.2648,66,1,0.14,14295.0,13,0,3,0,1.0,1
1.8918,62,0,0.3731,6992.0,10,0,2,0,0.0,0
0.8891,44,0,0.2479,,2,0,1,0,0.0,0
0.8697,49,0,0.2491,,8,0,0,0,1.0,0
0.1423,56,0,0.7097,2975.0,7,0,2,0,0.0,0
0.61,41,0,0.2914,16014.0,7,0,1,0,0.0,0
0.3379,40,0,0.1747,7501.0,5,0,1,0,2.0,0
0.2938,45,0,0.4942,,10,0,1,0,0.0,0
0.219,69,0,0.7104,4567.0,9,0,0,0,1.0,0
0.516,34,0,0.5947,11765.0,11,0,1,0,0.0,0
0.4091,56,0,0.4538,7524.0,4,0,1,0,1.0,0
0.1733,57,0,0.1254,7385.0,8,0,1,0,1.0,0
0.3047,76,0,1.02,12343.0,14,0,1,0,1.0,0
0.5916,81,0,0.7246,,9,0,2,0,0.0,0
2.8384,38,0,0.6979,1745.0,7,0,2,0,1.0,0
0.4555,61,0,0.3425,3510.0,8,0,1,0,1.0,0
0.897,44,0,0.4287,8797.0,10,0,1,0,0.0,0
0.1322,59,0,0.6617,5755.0,4,0,1,0,0.0,0
0.2131,36,0,0.3171,4344.0,10,0,1,0,0.0,0
3.566,57,0,0.6934,6974.0,14,0,0,0,0.0,0
2.1759,77,0,0.381,8613.0,7,0,0,0,0.0,0
4.0883,36,0,0.6419,,7,0,0,0,2.0,0
0.5581,65,0,0.0527,,8,0,1,0,2.0,0
0.5154,61,0,0.4825,4059.0,8,0,1,0,1.0,0
0.7925,71,0,0.267,4381.0,7,0,1,0,0.0,1
0.7176,55,0,0.5503,5073.0,8,0,1,0,1.0,0
0.1254,55,1,1.1954,3031.0,11,0,0,0,0.0,0
0.2738,64,0,1.0599,10540.0,4,0,0,0,1.0,0
0.0204,81,0,0.9107,,8,0,2,0,2.0,0
0.4194,52,0,0.6631,9214.0,8,0,1,0,1.0,0
3.2155,57,0,0.2983,,11,0,0,0,0.0,1
0.3034,56,0,0.5163,1269.0,5,0,0,0,0.0,0
0.1415,35,0,0.4537,4351.0,14,0,2,0,0.0,0
0.4157,42,0,0.0226,3877.0,4,0,1,0,2.0,0
4.1656,38,0,0.468,,10,0,2,0,0.0,0
0.7183,60,0,0.327,12485.0,6,0,0,0,0.0,0
0.7165,49,0,0.2054,2687.0,9,0,2,0,0.0,0
4.3869,48,0,0.3844,8220.0,4,0,1,0,,0
0.6327,59,0,0.6185,5936.0,7,0,1,0,0.0,0
0.7947,40,0,0.5098,8197.0,8,0,0,0,2.0,0
0.3873,50,0,0.3106,12425.0,7,0,1,0,2.0,0
0.3596,64,0,0.1487,7468.0,10,0,3,0,1.0,0
0.6657,54,0,0.5785,4399.0,9,0,2,0,1.0,0
0.1087,64,0,0.419,2378.0,9,0,0,0,0.0,0
0.4682,28,0,0.4665,10364.0,4,0,2,0,1.0,1
0.5372,55,0,0.2818,6051.0,5,0,2,0,0.0,0
0.7114,53,0,0.2487,3986.0,6,0,1,0,1.0,0
0.1509,58,0,0.5712,6510.0,12,0,3,0,2.0,0
10.1741,34,0,0.6708,,4,0,0,0,0.0,0
0.5234,44,0,0.0397,16899.0,4,0,3,0,1.0,0
0.2483,36,3,0.1339,6014.0,9,0,1,0,1.0,0
0.5253,46,0,0.3396,,9,0,0,0,0.0,0
1.5685,80,0,0.3911,,10,0,1,0,1.0,0
0.1386,48,0,0.8266,6303.0,10,0,0,0,0.0,0
0.1009,38,0,0.6679,4143.0,9,0,0,0,0.0,0
0.5377,33,0,0.5721,2828.0,4,0,2,0,1.0,0
0.0776,41,0,0.7775,,6,0,0,0,1.0,0
0.9157,49,0,0.0662,,8,0,1,0,2.0,0
0.037,61,0,0.182,,9,0,1,0,1.0,0
0.0571,59,0,0.3528,6221.0,10,1,0,0,0.0,1
0.5597,62,0,0.2017,4161.0,13,0,1,0,1.0,0
1.9246,67,0,0.2943,19818.0,6,0,2,0,6.0,0
0.6911,62,0,1.0291,,9,0,2,0,1.0,0
0.2761,64,0,0.1806,4762.0,5,0,0,0,2.0,0
0.3622,88,0,0.4099,4684.0,9,0,1,0,2.0,0
0.3614,59,0,0.8422,4937.0,6,0,1,0,0.0,0
0.7646,53,0,0.1599,4702.0,6,0,1,0,0.0,0
0.3782,52,0,0.4868,5316.0,4,0,1,0,1.0,0
0.0741,46,0,1.0073,5172.0,12,0,0,0,1.0,0
0.1669,40,0,0.1358,,7,0,0,0,0.0,0
3.9769,31,1,0.3283,5677.0,5,0,1,1,0.0,1
0.0132,89,0,0.5792,6922.0,5,0,2,0,0.0,0
0.384,41,1,0.3676,10968.0,7,0,1,1,4.0,0
0.3452,63,0,0.1863,15961.0,6,0,0,0,0.0,0
0.6448,54,0,0.7384,,11,0,0,0,0.0,0
0.7329,51,0,0.6226,6685.0,6,0,1,0,1.0,0
0.0423,57,0,0.3082,4578.0,14,0,1,0,0.0,0
0.3986,54,0,0.6942,2664.0,5,0,1,0,3.0,0
0.4571,25,0,0.1441,10134.0,9,0,2,0,1.0,0
2.3642,55,0,0.1505,1627.0,9,0,1,0,1.0,0
0.3294,62,0,0.4715,3317.0,8,0,0,0,1.0,0
0.5974,62,0,0.5122,2680.0,10,0,1,0,1.0,0
0.4131,39,0,0.578,8995.0,10,0,0,0,0.0,0
1.0902,61,0,0.7607,3956.0,12,0,1,0,0.0,1
1.3003,39,0,0.8607,2456.0,9,0,2,0,0.0,1
0.3714,21,0,0.5208,4730.0,16,0,0,0,0.0,0
0.1105,27,0,0.2533,2060.0,12,0,0,0,1.0,0
0.5399,28,0,0.2126,,12,0,2,0,2.0,0
2.3652,75,0,0.1855,4974.0,10,0,2,0,0.0,1
0.7182,54,0,0.0988,5107.0,8,0,0,0,1.0,0
0.9708,28,0,0.3182,17624.0,9,0,1,0,1.0,0
0.3101,64,0,0.1907,5922.0,9,0,0,0,0.0,0
1.2656,65,0,0.1885,5112.0,5,0,0,0,1.0,0
2.855,61,0,0.3071,10033.0,10,0,3,0,2.0,0
0.528,53,0,0.385,,6,0,1,0,2.0,0
0.1082,57,1,0.4332,12084.0,12,2,2,0,1.0,1
0.5714,39,0,0.6393,,7,0,4,0,0.0,0
0.2437,59,0,0.2172,15885.0,9,0,1,0,0.0,0
0.0247,54,0,0.8619,4355.0,11,0,0,0,1.0,0
0.8076,24,0,0.1993,1577.0,8,0,1,0,1.0,0
0.3978,43,0,0.0742,3972.0,11,0,0,0,0.0,0
0.4125,52,0,0.4429,5955.0,11,0,0,0,4.0,0
0.0831,29,0,0.8549,10306.0,11,0,1,0,0.0,0
0.0113,47,0,0.3375,3810.0,8,0,1,0,2.0,0
0.5671,39,0,0.3764,2307.0,11,0,2,0,0.0,0
0.1577,27,0,0.599,,11,0,2,0,0.0,0
0.4615,68,0,0.3794,16221.0,5,0,0,0,1.0,0
0.3454,58,0,0.4202,9644.0,6,0,0,0,0.0,0
0.235,45,0,0.6498,2095.0,10,0,0,0,1.0,0
0.1742,66,0,0.8124,6011.0,3,0,0,0,1.0,0
0.6262,74,0,0.7586,,2,0,1,0,1.0,0
0.3741,37,0,0.1934,4658.0,5,0,5,0,1.0,0
2.1241,70,0,0.5408,,9,0,2,0,1.0,1
0.7038,65,0,1.6326,5244.0,6,0,2,0,2.0,0
1.0282,63,0,0.1102,4166.0,8,0,1,0,1.0,0
0.1045,73,0,0.0673,3950.0,8,0,2,0,2.0,0
0.2996,85,0,0.5452,4403.0,7,0,2,0,1.0,0
0.7108,63,0,0.6536,10170.0,6,0,1,0,0.0,0
0.5585,63,0,0.5123,,16,0,0,0,0.0,0
0.5894,48,0,0.1664,4703.0,5,0,1,0,0.0,0
0.7247,45,0,0.4863,6083.0,7,0,1,0,0.0,0
0.1827,65,0,0.5932,11347.0,5,0,1,0,0.0,0
0.0002,43,0,0.5358,3633.0,7,0,1,0,1.0,0
0.2337,71,0,0.1298,3809.0,8,0,1,0,1.0,0
0.7072,44,1,0.4787,,8,1,2,0,0.0,0
0.712,81,0,0.4562,,11,0,1,0,1.0,0
0.5997,62,0,0.0966,7291.0,7,0,0,0,1.0,0
0.5476,52,0,0.751,4745.0,6,0,1,0,0.0,0
0.6863,35,0,0.5811,10635.0,10,0,1,0,1.0,0
0.1865,34,0,0.5615,3337.0,9,0,2,0,2.0,0
0.6368,61,0,0.0523,10389.0,8,0,1,0,2.0,0
0.0639,72,0,0.669,5009.0,7,0,1,0,1.0,0
0.4802,32,0,0.5521,3288.0,6,0,1,0,1.0,1
0.274,65,0,0.5168,2726.0,7,0,1,0,3.0,0
0.3462,60,0,0.1583,,4,0,2,0,0.0,0
0.173,72,0,0.1227,13669.0,4,0,2,0,0.0,1
0.8405,64,0,0.196,7934.0,7,0,1,0,0.0,0
0.4229,63,0,0.3725,5168.0,7,0,1,0,1.0,0
1.0803,57,0,0.3694,7573.0,6,0,0,0,1.0,0
0.4038,58,0,0.119,3590.0,9,0,0,0,0.0,0
0.1194,49,0,1.1002,9253.0,5,0,1,0,2.0,0
0.7418,43,0,0.9894,15157.0,6,0,1,0,0.0,0
0.0327,50,0,0.7322,,5,0,1,0,0.0,0
0.2187,42,0,0.8348,6369.0,12,0,0,0,1.0,0
0.1123,46,0,0.2492,6649.0,8,0,2,0,0.0,0
0.7481,66,0,0.569,2437.0,9,0,0,0,0.0,0
0.7007,40,0,0.2081,,12,0,4,0,0.0,0
0.0466,51,0,0.3696,4097.0,7,0,0,0,3.0,0
0.6381,33,0,0.6876,1394.0,6,0,0,0,0.0,0
0.4117,49,0,0.346,3756.0,7,0,2,0,2.0,0
1.3686,71,0,0.0834,8365.0,12,0,0,1,1.0,0
0.1515,53,0,0.2325,2709.0,10,0,3,0,1.0,0
0.4638,37,0,0.2006,1217.0,7,0,2,0,1.0,0
4.2688,50,0,0.1345,13772.0,9,0,1,0,0.0,0
0.1425,49,0,0.1117,4604.0,4,0,2,0,1.0,0
0.6218,46,0,0.4523,1869.0,11,0,3,0,0.0,0
0.1377,58,0,0.2875,5821.0,6,0,0,0,2.0,0
2.5622,47,0,0.3283,,14,0,1,0,0.0,0
0.1426,55,0,0.3784,13920.0,10,0,0,0,1.0,0
0.3511,42,0,0.5584,6700.0,4,0,1,0,2.0,0
1.1763,63,0,0.2506,3174.0,7,0,1,0,0.0,0
0.1845,76,0,0.3635,15473.0,4,0,0,0,0.0,0
0.1586,46,0,0.212,8079.0,12,0,0,0,0.0,0
0.0892,52,0,0.6149,1833.0,9,0,0,0,1.0,0
0.5134,56,0,0.476,15400.0,12,0,1,0,0.0,0
7.1529,53,1,0.8423,4995.0,7,0,0,2,,0
0.7666,60,0,0.4745,,10,0,4,0,1.0,0
0.2295,65,0,0.314,4203.0,11,0,2,0,1.0,0
0.278,33,0,0.1892,1351.0,9,0,0,0,2.0,0
0.5949,57,0,0.1225,21272.0,7,0,0,0,1.0,0
2.4598,55,0,0.3925,6585.0,8,0,1,0,0.0,0
1.2509,74,0,0.9013,7209.0,5,0,0,0,1.0,0
0.0147,54,0,0.7276,5591.0,8,0,0,0,2.0,0
5.1025,41,0,0.9268,9780.0,4,0,0,0,0.0,0
2.583,72,0,0.1032,4815.0,5,0,0,0,0.0,1
2.1458,70,0,0.9627,6191.0,7,0,0,0,2.0,0
0.5529,68,0,0.2337,,6,0,1,0,1.0,0
0.0302,72,0,0.2332,2042.0,7,0,2,0,2.0,0
2.822,41,1,0.3354,5272.0,12,1,1,0,1.0,0
2.2634,40,1,0.0616,4735.0,12,0,1,2,0.0,0
0.0602,60,0,0.1912,,6,0,0,0,0.0,0
0.7424,51,0,0.5504,,3,0,3,0,1.0,0
0.0613,36,0,0.1674,,7,0,1,0,1.0,0
0.9004,51,3,0.4678,11336.0,10,0,0,1,0.0,0
1.5096,66,0,0.5022,7302.0,8,0,3,0,1.0,0
0.2838,21,0,0.3575,2660.0,13,0,2,0,1.0,0
0.0927,62,2,0.2304,,12,0,0,0,0.0,0
0.1855,28,0,0.1102,5048.0,6,0,1,0,0.0,0
0.7626,51,0,0.5794,4224.0,11,0,2,0,0.0,0
0.9002,50,0,0.2444,9297.0,4,0,1,0,1.0,0
0.7424,44,0,0.563,,6,0,3,0,0.0,0
0.3913,53,0,0.2913,,12,0,2,0,1.0,0
1.1291,75,0,0.5984,7033.0,5,0,2,0,1.0,0
0.147,47,0,0.4791,4040.0,8,0,1,0,0.0,0
0.0743,55,0,0.7012,3301.0,5,0,0,0,0.0,0
0.2219,53,0,0.1604,16315.0,8,0,2,0,2.0,0
0.2256,53,0,0.178,6908.0,10,0,2,0,0.0,0
0.9131,47,0,1.1188,,10,0,4,0,1.0,0
1.8646,37,0,0.4691,17058.0,8,0,0,0,0.0,0
0.4074,46,0,0.3429,,11,0,4,0,0.0,0
0.4215,78,0,0.5119,,4,0,1,0,0.0,0
0.1218,66,1,1.161,,9,0,1,0,0.0,0
0.7388,45,0,0.3173,10766.0,8,0,2,0,0.0,0
0.4985,75,0,0.613,21204.0,11,0,0,0,0.0,0
0.4988,28,0,0.8087,5804.0,5,0,0,0,1.0,0
0.0131,53,1,0.6912,2781.0,3,0,0,0,0.0,0
0.4935,28,0,0.3506,7294.0,8,0,0,0,0.0,0
0.2186,73,0,0.2868,6878.0,13,0,0,0,2.0,0
0.3741,39,2,0.4985,6220.0,6,0,0,0,0.0,0
0.0639,65,0,0.3514,7836.0,3,0,2,0,1.0,0
1.065,66,0,0.4934,3612.0,5,0,0,0,0.0,0
0.0449,67,0,0.8116,,12,0,0,0,0.0,0
0.2564,51,0,0.2059,2969.0,12,0,0,0,0.0,0
0.3265,21,0,0.3851,7511.0,11,0,1,0,0.0,0
0.9197,54,0,0.8359,6705.0,9,0,0,0,1.0,0
1.6725,47,0,0.8305,14366.0,6,0,0,0,4.0,0
0.3623,49,0,0.3845,6612.0,8,0,0,0,0.0,0
0.1441,42,0,0.8996,,9,0,0,0,1.0,0
0.6372,38,0,0.7451,8229.0,6,0,1,0,0.0,0
0.2422,35,0,0.1713,4178.0,6,0,4,0,0.0,0
0.6161,56,0,0.9858,1452.0,8,0,1,0,0.0,0
0.1452,48,0,0.1898,,7,0,0,0,1.0,0
0.3606,39,5,0.0508,6294.0,14,0,3,0,2.0,0
0.5077,39,0,0.1262,5979.0,13,0,1,0,0.0,0
0.5773,42,0,0.3163,4608.0,5,0,0,0,1.0,0
0.02,27,0,0.1991,,9,0,1,0,1.0,0
0.7918,49,0,0.3405,5708.0,2,0,3,0,0.0,0
0.5266,47,0,0.1525,8266.0,8,0,1,0,0.0,0
1.19,32,0,0.1316,9004.0,11,0,2,0,1.0,0
0.4683,55,0,0.3561,5443.0,11,0,2,0,0.0,0
1.6119,45,2,0.5533,6028.0,5,0,2,1,1.0,0
0.0094,59,0,0.8571,2499.0,5,0,4,0,2.0,0
0.641,70,0,0.4867,6881.0,7,0,1,0,0.0,0
0.0646,45,0,0.7734,,12,0,1,0,1.0,0
1.4973,71,0,0.8128,,4,0,0,0,0.0,1
0.4578,49,0,0.2304,4828.0,12,0,1,0,1.0,0
0.1496,62,0,0.5701,8845.0,7,0,1,0,0.0,0
1.8818,61,0,0.5375,9619.0,13,0,2,0,,0
0.1389,36,0,0.2346,11079.0,6,0,0,0,,0
0.0883,54,3,1.1384,,12,0,2,0,0.0,0
0.5474,56,0,0.2315,11318.0,6,0,1,0,1.0,0
0.7826,63,0,0.2877,3197.0,6,0,2,0,1.0,0
0.6237,52,0,0.3192,14307.0,8,0,3,0,0.0,0
0.2814,52,0,0.7408,6885.0,9,0,0,0,0.0,0
0.2089,37,0,0.5238,5338.0,10,0,1,0,1.0,0
0.6065,56,0,0.1865,2872.0,10,0,0,0,1.0,0
0.1822,36,0,0.4534,3457.0,5,0,1,0,2.0,0
0.5633,51,0,0.3769,2294.0,8,0,3,0,4.0,1
0.4876,55,0,0.1584,,3,0,1,0,1.0,0
0.4613,73,0,0.4008,1112.0,6,0,3,0,0.0,1
0.0548,26,0,0.8385,10043.0,8,0,0,0,0.0,0
1.4894,66,0,0.7218,6004.0,5,0,2,0,1.0,0
0.1447,70,0,0.1342,4729.0,6,0,1,0,0.0,0
0.2416,51,0,0.2191,3785.0,8,0,1,0,0.0,0
0.3822,61,1,0.7403,5496.0,6,2,0,0,1.0,0
0.452,46,0,0.2531,8254.0,7,0,0,0,0.0,0
0.325,34,0,0.7228,8124.0,9,0,2,0,0.0,0
0.2653,71,0,0.5586,10072.0,10,0,1,0,,0
0.3339,53,0,0.0423,5756.0,10,0,1,0,1.0,0
0.337,59,0,0.0655,6883.0,10,0,2,0,,0
0.2969,24,0,0.5921,3151.0,8,1,2,1,0.0,1
1.6063,54,0,0.2541,,12,0,1,0,0.0,0
0.6398,35,0,0.1297,2535.0,5,0,1,0,,0
0.0789,76,0,0.8597,4839.0,13,0,0,0,1.0,0
0.2602,58,0,0.8949,,11,0,0,0,1.0,0
0.686,61,0,0.1456,6514.0,7,0,1,0,2.0,0
0.5264,32,0,0.7905,5100.0,9,0,0,0,1.0,0
0.1839,64,0,0.8675,1372.0,9,0,0,0,0.0,0
0.2259,54,0,0.4979,4186.0,6,0,1,0,1.0,0
0.642,66,0,0.4659,,4,0,2,0,2.0,0
0.0447,63,0,0.1507,,10,0,2,0,2.0,0
0.0653,74,0,0.1891,6729.0,2,0,4,0,0.0,0
0.0937,49,0,0.2407,8913.0,8,0,1,0,2.0,0
0.0304,65,0,0.1805,,14,0,0,0,1.0,0
0.8526,52,0,0.4694,,8,0,1,0,1.0,0
0.1809,36,0,0.4389,6301.0,11,0,0,0,0.0,0
0.0543,57,0,0.1799,,7,0,1,0,0.0,0
0.7242,37,0,1.2431,11532.0,5,0,1,0,2.0,0
0.7928,56,0,0.5869,5412.0,8,0,1,0,1.0,0
0.3249,42,0,0.5518,3436.0,3,0,0,0,0.0,0
0.0479,48,0,0.279,7557.0,8,0,0,0,1.0,0
0.1281,37,0,0.9984,7327.0,7,0,0,0,0.0,0
0.6471,76,0,1.0776,9348.0,8,0,3,0,1.0,0
0.3037,41,0,0.7453,4332.0,9,0,2,0,0.0,0
0.0362,50,1,0.7209,21170.0,9,0,0,0,0.0,0
3.7077,48,0,0.3459,3048.0,11,0,1,0,0.0,0
1.081,52,0,0.2147,4848.0,7,0,0,0,0.0,0
0.7938,38,0,0.4987,6307.0,7,0,2,0,1.0,0
0.8656,51,0,0.4202,2261.0,10,0,1,0,1.0,0
0.2213,54,0,0.711,4839.0,3,0,0,0,0.0,0
0.3403,55,0,0.1188,2531.0,9,0,1,0,0.0,0
0.2586,71,0,0.27,4489.0,7,0,1,0,4.0,0
0.0643,61,0,0.1734,2551.0,6,0,2,0,3.0,0
0.4013,79,0,0.8354,9474.0,5,0,0,0,0.0,0
0.549,52,0,0.2561,,7,0,2,0,1.0,0
0.5248,51,0,0.5383,8277.0,15,0,0,0,0.0,0
9.5698,38,2,0.0656,,9,0,0,0,1.0,0
0.3073,45,0,0.3086,3648.0,9,0,0,0,1.0,0
0.7553,55,0,0.3162,3330.0,4,0,0,0,0.0,0
0.005,50,0,0.6696,1976.0,7,0,0,0,,0
0.5891,72,0,0.3579,4101.0,15,0,1,0,1.0,0
0.4469,52,0,0.3813,6183.0,7,0,1,0,1.0,0
0.758,38,0,0.0919,8713.0,5,0,2,0,1.0,0
0.1228,36,0,0.1823,6689.0,8,0,0,0,1.0,0
0.2417,79,0,0.812,8752.0,2,0,1,0,1.0,0
0.8368,58,0,0.3584,3713.0,6,0,1,0,,0
0.6302,40,0,0.4517,6859.0,7,0,0,0,1.0,0
0.684,77,2,0.6747,12831.0,11,0,0,3,1.0,0
0.8634,48,0,0.2817,,10,0,0,0,2.0,0
0.2748,29,0,0.4177,15625.0,9,0,1,0,0.0,1
0.7554,39,0,0.6699,4925.0,9,0,1,0,0.0,0
0.2716,49,0,0.4268,6015.0,15,0,0,0,1.0,0
0.9491,48,1,0.8573,5505.0,8,0,2,2,0.0,0
0.5689,56,0,0.2445,2777.0,6,0,0,0,3.0,0
1.2039,81,0,0.619,4117.0,11,0,0,0,2.0,0
0.2715,47,0,0.7681,3211.0,7,0,1,0,0.0,0
0.0406,52,0,0.4097,,6,0,1,0,0.0,0
0.7547,42,1,0.2185,5284.0,8,0,1,1,0.0,0
0.0163,53,0,0.311,7276.0,7,0,0,0,0.0,0
0.4757,88,0,0.24,9320.0,6,0,1,0,0.0,0
0.1852,32,0,1.0128,1523.0,9,0,1,0,1.0,0
0.3527,22,0,0.3928,17453.0,7,0,1,0,0.0,0
0.1428,36,0,0.6317,5198.0,12,0,2,0,0.0,0
0.0256,34,0,0.4849,7792.0,3,0,0,0,1.0,0
0.4801,55,0,0.2118,9240.0,15,0,0,0,0.0,0
0.47,68,0,0.1729,7754.0,8,0,2,0,1.0,0
0.9254,55,0,0.8436,6259.0,5,0,0,0,0.0,0
0.3,61,0,0.4325,13840.0,8,0,1,0,0.0,0
0.4448,53,0,1.0076,9852.0,11,0,1,0,1.0,0
0.6639,47,0,0.8647,6012.0,12,0,0,0,0.0,0
0.0347,55,3,0.71,5537.0,7,0,0,0,3.0,0
0.4222,33,0,1.0147,,13,0,0,0,1.0,0
0.312,85,0,0.6533,12061.0,11,0,1,0,1.0,0
0.0149,49,0,0.2517,2595.0,12,0,1,0,0.0,0
0.3499,45,0,0.5215,9946.0,10,0,0,0,1.0,0
0.2325,40,0,0.4761,6157.0,8,0,2,0,1.0,0
0.6418,52,0,0.216,5219.0,6,0,0,0,0.0,0
0.5302,58,0,0.3084,,4,0,0,0,0.0,0
0.2367,54,0,0.7429,5446.0,7,0,0,0,1.0,0
0.1864,53,0,0.5425,,10,0,0,0,0.0,0
0.0146,44,0,0.3274,2016.0,10,0,1,0,0.0,0
0.1988,53,0,0.5535,6734.0,11,0,0,0,1.0,0
0.7819,79,0,0.3079,6760.0,7,0,0,0,2.0,0
0.6507,46,0,0.7277,24378.0,11,0,0,0,1.0,0
0.2812,68,0,0.572,,8,0,0,0,1.0,0
0.3125,47,0,0.1019,,12,0,0,0,1.0,0
5.548,51,0,0.82,3610.0,8,0,0,0,0.0,0
0.6392,66,0,0.2545,,6,0,1,0,1.0,0
0.0325,21,0,0.707,,10,0,0,0,0.0,0
0.4896,62,0,0.0419,,6,0,0,0,2.0,0
0.7966,40,0,0.8601,3943.0,7,0,0,0,1.0,0
1.2666,51,0,0.2101,1021.0,7,0,0,0,,0
3.4052,56,0,1.2615,,5,0,0,0,0.0,1
0.027,70,0,0.4319,1389.0,4,0,1,0,0.0,0
1.092,54,0,0.9132,,6,0,0,0,2.0,0
5.4942,57,0,0.1942,7611.0,9,0,2,0,0.0,0
0.1678,37,1,0.2056,4041.0,8,0,3,0,0.0,0
0.1161,37,0,0.0596,4454.0,6,0,1,0,0.0,0
2.6895,55,0,0.9337,14966.0,12,0,3,0,1.0,0
0.392,60,0,0.0478,9693.0,6,0,1,0,0.0,0
1.2373,68,3,0.5156,2855.0,15,0,2,0,0.0,0
1.8258,58,0,0.1512,7253.0,10,0,0,0,0.0,0
0.386,43,0,0.4222,6486.0,14,0,2,0,1.0,0
0.0685,53,0,0.5004,9057.0,7,0,1,0,1.0,0
4.3963,45,0,0.4451,8211.0,7,0,0,0,1.0,0
0.511,39,0,0.8492,1977.0,7,0,0,0,1.0,0
0.2216,42,0,0.1736,6048.0,9,0,1,0,0.0,0
0.6667,32,0,0.3291,4724.0,6,0,2,0,2.0,0
0.6109,38,0,0.4218,4491.0,7,0,2,0,0.0,0
0.2752,30,0,0.3289,1131.0,10,0,0,0,0.0,0
0.2529,63,0,0.8347,9192.0,10,0,1,0,1.0,0
2.0303,33,0,0.2631,,9,0,1,0,1.0,0
0.39,42,0,0.7008,6356.0,7,0,0,0,1.0,0
0.4922,44,0,1.0803,,7,0,2,0,0.0,1
0.4927,59,0,1.1248,9166.0,5,0,0,0,2.0,0
0.2074,55,0,0.36,1832.0,15,0,2,0,0.0,0
0.5391,55,0,0.9777,5217.0,7,0,0,0,2.0,0
0.9596,28,0,0.3142,5437.0,10,0,0,0,1.0,0
0.2102,54,0,0.4916,4592.0,6,0,1,0,0.0,0
0.7405,45,0,0.3292,8114.0,4,0,2,0,,0
1.1571,38,1,0.5749,7105.0,5,0,1,0,1.0,0
0.5261,47,0,0.1754,5044.0,8,0,2,0,1.0,0
0.402,42,0,0.513,4228.0,7,0,2,0,2.0,0
0.3185,21,0,0.7098,4853.0,5,0,2,0,1.0,0
0.1348,58,0,0.5318,,6,0,0,0,0.0,0
0.8319,30,0,0.6842,7789.0,8,0,1,0,0.0,0
0.2493,74,0,0.2743,,7,0,2,0,3.0,0
2.8541,25,1,0.4393,,8,0,0,0,0.0,0
0.1538,63,0,0.5465,,8,0,3,0,1.0,0
0.1261,50,0,0.3301,3261.0,8,0,2,0,0.0,0
0.2396,76,0,0.415,,11,0,1,0,2.0,0
0.2652,30,0,0.4379,5308.0,7,0,1,0,0.0,0
0.1918,68,0,0.8853,4819.0,10,0,0,0,1.0,0
0.7171,66,0,0.5173,16313.0,5,0,0,0,1.0,0
0.2219,50,0,0.4459,2909.0,7,0,1,0,0.0,0
0.0015,68,0,0.4579,1724.0,11,0,2,0,0.0,0
0.5323,38,0,0.5083,10677.0,8,0,1,0,1.0,0
0.0594,58,0,0.4594,4815.0,8,0,1,0,1.0,0
0.0392,42,0,0.8027,8124.0,9,0,0,0,2.0,0
0.181,51,0,0.6059,3840.0,9,0,1,0,0.0,0
0.0667,62,0,0.2368,10607.0,8,0,0,0,1.0,0
1.8916,48,0,0.9065,5761.0,5,0,1,0,1.0,0
3.4848,43,0,0.8686,2725.0,9,0,2,0,1.0,0
0.9306,47,0,0.3727,2803.0,8,0,1,0,0.0,0
0.0817,48,0,0.4377,,10,0,2,0,0.0,0
0.5719,51,0,0.3584,2785.0,7,0,1,0,0.0,0
0.4443,59,0,0.2361,3259.0,12,0,1,0,1.0,0
0.4379,54,3,0.3511,,8,0,1,0,1.0,0
0.9618,63,0,0.4828,8239.0,6,0,1,0,1.0,0
0.0126,52,0,0.7241,,11,0,2,0,1.0,0
0.5172,25,0,0.7311,8313.0,5,0,3,0,0.0,0
1.0456,50,0,0.4352,1507.0,12,0,0,0,1.0,0
0.4794,63,0,0.2144,4484.0,4,0,0,0,0.0,0
0.1138,79,0,0.4294,3590.0,12,0,1,0,1.0,0
0.442,21,0,0.1233,2428.0,11,0,4,0,4.0,0
7.392,49,0,0.635,,8,0,1,0,1.0,0
0.7847,62,0,0.4768,3187.0,4,0,2,0,0.0,0
0.657,47,1,0.1269,4926.0,7,0,0,0,0.0,0
1.4306,32,0,0.8385,7283.0,9,0,0,0,1.0,0
0.1762,48,0,0.43,,6,0,3,0,2.0,0
0.25,54,0,0.3447,14613.0,3,0,0,0,0.0,0
0.0765,59,0,0.5342,16194.0,6,0,2,0,0.0,0
0.8328,22,0,0.5337,8593.0,7,0,1,0,,0
0.5592,61,0,0.9584,16579.0,3,0,0,0,1.0,0
0.387,62,0,0.2746,3252.0,9,0,1,0,1.0,0
1.1716,52,0,0.3111,5147.0,10,0,1,0,2.0,0
1.9453,41,0,0.3231,1311.0,8,0,0,0,1.0,0
0.397,74,0,0.5781,2301.0,6,0,1,0,0.0,0
0.428,47,0,0.056,,7,0,1,0,0.0,0
1.8072,54,0,0.2675,4047.0,8,0,0,0,0.0,0
1.3577,56,0,0.564,5017.0,7,0,3,0,2.0,0
0.5762,62,0,0.5686,11489.0,9,0,2,0,1.0,0
0.3696,52,0,0.578,3220.0,6,0,1,0,1.0,0
1.1942,54,0,0.617,7261.0,6,0,0,0,1.0,0
0.3321,51,0,0.1291,,7,0,2,0,1.0,0
0.519,33,0,0.1024,,14,0,0,0,0.0,0
0.2882,31,0,0.6626,3823.0,2,0,2,0,2.0,0
0.1167,63,0,1.5779,5644.0,18,0,3,0,0.0,0
3.0188,52,2,0.1498,7248.0,10,0,0,0,1.0,0
2.5119,53,2,0.3314,,10,0,3,2,1.0,0
0.3231,66,0,1.3601,18187.0,5,0,2,0,0.0,0
0.0402,50,0,1.0718,13955.0,7,0,2,0,1.0,0
0.1307,65,0,0.6455,4779.0,12,0,1,0,3.0,0
0.8889,39,0,0.1345,3024.0,7,0,0,0,1.0,0
0.0968,79,1,0.2491,7050.0,6,0,1,0,0.0,0
0.0219,84,0,0.0569,24472.0,7,0,2,0,0.0,0
0.2557,66,0,0.2652,8627.0,8,0,2,0,1.0,0
3.5197,70,0,0.2778,3668.0,3,0,1,0,0.0,0
1.1203,52,0,0.4497,3175.0,6,0,3,0,0.0,0
0.3034,68,0,0.3473,,5,0,2,0,0.0,0
0.1591,47,0,0.1458,3876.0,5,0,3,0,2.0,0
2.4933,71,0,0.9511,2548.0,9,0,0,0,1.0,0
0.1664,31,0,0.0728,7609.0,11,0,1,0,1.0,0
0.6088,38,0,0.8239,11987.0,6,0,4,0,2.0,0
0.2004,71,0,0.4063,8195.0,8,0,1,0,,0
0.6205,44,0,0.6589,,10,0,1,0,1.0,0
0.5501,54,0,0.1453,14364.0,3,0,0,0,,0
6.3327,27,0,0.345,6561.0,15,0,1,0,0.0,0
0.4818,57,0,0.2958,3874.0,7,0,3,0,0.0,0
0.2723,39,0,0.6303,,6,0,1,0,0.0,0
0.3151,39,0,0.4562,6177.0,11,0,2,0,2.0,0
0.2212,43,0,0.7802,7963.0,7,0,1,0,1.0,0
1.1104,42,0,0.2754,,9,0,1,1,1.0,0
0.3204,51,0,0.5138,5389.0,5,0,1,0,0.0,0
1.6155,49,0,0.295,8809.0,8,0,0,0,0.0,0
3.1908,33,0,0.6746,2443.0,11,0,2,0,1.0,0
4.4263,62,2,0.2001,2538.0,9,0,0,0,0.0,0
0.1786,42,0,0.5131,8217.0,5,0,0,0,2.0,0
3.0435,53,0,0.2378,,7,0,1,0,0.0,0
0.01,70,0,0.6818,6545.0,7,0,2,0,0.0,0
6.5825,41,0,0.6903,4031.0,5,0,0,0,2.0,0
0.6378,65,0,0.2822,,8,0,1,0,0.0,0
2.7023,42,0,0.9444,5145.0,8,0,0,0,1.0,0
0.3535,62,1,0.3978,5525.0,10,0,2,0,0.0,0
0.5408,34,0,0.7674,10061.0,9,0,2,0,1.0,0
0.7799,56,0,0.5016,9806.0,11,0,1,0,0.0,0
0.4333,30,0,0.3039,2709.0,5,0,0,0,0.0,0
0.018,45,0,0.0439,5425.0,10,0,2,0,2.0,0
0.0913,41,0,0.3393,4177.0,10,0,1,0,0.0,0
0.0611,57,2,0.5886,3333.0,7,1,0,1,3.0,0
0.0446,53,0,0.5682,6843.0,8,0,0,0,0.0,0
0.6731,55,0,0.0739,11500.0,11,0,1,0,0.0,1
0.6754,59,0,0.8971,4900.0,9,0,0,0,4.0,0
0.2169,49,0,0.918,2234.0,12,0,0,0,1.0,0
0.3849,74,0,0.5643,1691.0,11,0,2,0,0.0,0
2.7036,36,1,1.0763,3100.0,8,0,1,0,2.0,0
0.7869,48,0,0.2468,,8,0,1,0,0.0,0
0.0506,54,0,0.3906,4371.0,11,0,1,0,1.0,0
0.1596,60,0,0.6659,3315.0,11,0,2,0,,0
0.4236,56,0,0.2855,7412.0,10,0,0,0,1.0,0
0.1621,51,0,0.1837,12770.0,13,0,2,0,1.0,0
0.3426,53,0,0.44,4960.0,8,0,0,0,3.0,0
0.3661,54,0,0.6225,8569.0,6,0,0,0,0.0,0
0.3175,57,0,0.2508,,7,0,1,0,,0
0.1015,52,0,0.2943,14767.0,10,0,0,0,0.0,0
0.0111,52,0,0.3407,,8,0,0,0,0.0,0
0.1147,46,0,0.6342,2464.0,7,0,1,0,1.0,0
0.5538,58,0,0.9388,,5,0,1,0,0.0,1
0.3921,63,0,0.3471,9415.0,9,0,1,0,0.0,0
0.5778,30,0,0.6201,6049.0,7,0,0,0,1.0,0
0.0418,66,0,0.4897,7010.0,6,0,0,0,0.0,0
7.9646,53,1,0.7404,5662.0,10,0,1,0,0.0,0
0.0415,52,0,0.3283,961.0,11,0,0,0,0.0,0
0.0854,65,0,0.4777,8278.0,8,0,0,0,0.0,0
0.8617,67,0,0.463,10292.0,8,0,0,0,0.0,0
0.455,45,0,0.7031,5426.0,5,0,0,0,0.0,0
0.3439,68,0,0.335,3549.0,5,0,0,0,2.0,0
3.4871,54,1,0.7817,2074.0,7,0,1,1,0.0,0
0.6341,37,0,0.4698,,8,0,1,0,0.0,0
0.5334,42,0,0.4631,17997.0,5,0,1,0,0.0,0
3.8026,63,0,0.2788,2773.0,6,0,1,0,0.0,0
0.2627,53,3,0.3783,,13,0,0,0,0.0,0
0.2602,29,0,0.3821,5220.0,5,0,0,0,0.0,0
0.2511,72,0,0.3179,,11,0,0,0,1.0,0
0.745,66,0,0.0813,3993.0,9,0,3,0,0.0,0
1.3337,62,0,0.3408,23387.0,8,0,2,0,0.0,0
0.1733,49,0,0.7315,3265.0,5,0,1,0,0.0,0
0.1022,64,0,0.3898,5625.0,6,0,1,0,1.0,0
0.1465,32,0,0.2056,,12,0,1,0,,0
0.4331,33,0,0.1016,6573.0,6,0,2,0,2.0,0
0.4072,50,0,1.2256,,12,0,0,0,0.0,0
0.3877,51,0,0.7413,5009.0,8,0,1,0,2.0,0
0.126,53,0,0.6955,5095.0,4,0,1,0,2.0,0
0.3139,21,0,0.4892,1933.0,10,0,0,0,0.0,0
0.5518,53,0,0.167,3754.0,9,0,0,0,0.0,0
1.1912,22,0,0.0987,4497.0,5,0,0,0,0.0,1
0.1259,58,0,0.5391,,4,0,1,0,0.0,0
0.7499,22,0,0.4847,5864.0,8,0,2,0,0.0,0
0.0358,68,0,0.5682,6030.0,7,0,0,0,1.0,0
0.2309,58,0,0.7436,,9,0,0,0,2.0,0
0.3945,59,0,0.4393,4297.0,11,0,1,0,0.0,0
0.0604,53,0,0.6751,5317.0,10,0,1,0,3.0,0
0.9003,63,0,0.6143,5043.0,10,0,0,0,0.0,0
0.4019,67,0,0.4312,8316.0,11,0,3,0,3.0,0
0.3137,31,0,0.2316,7678.0,2,0,1,0,1.0,0
0.0943,26,0,0.2929,2457.0,5,0,0,0,0.0,0
0.0629,65,0,0.3272,8198.0,12,0,0,0,0.0,0
22.4944,44,0,0.7282,,5,0,1,0,1.0,0
0.9415,48,0,0.7468,11531.0,11,0,2,0,1.0,0
0.3213,60,0,0.7203,3671.0,6,0,1,0,0.0,0
0.2501,71,0,0.7715,2959.0,6,0,0,0,2.0,0
0.3858,61,0,0.3223,8672.0,12,0,1,0,0.0,0
0.1771,68,0,0.3233,4505.0,13,0,0,0,0.0,0
0.2673,57,0,0.2549,6146.0,13,0,0,0,2.0,0
0.0165,41,0,0.5321,4297.0,6,0,0,0,0.0,0
0.2159,64,0,0.8022,5270.0,6,0,3,0,4.0,0
0.3315,25,0,0.4838,3535.0,5,0,0,0,3.0,0
0.4335,70,0,0.9233,13537.0,3,0,1,0,1.0,0
3.2592,45,0,0.3488,12911.0,9,0,0,0,1.0,0
0.5067,63,0,0.7168,5286.0,14,0,2,0,2.0,0
0.0311,48,0,1.0807,5895.0,9,0,1,0,2.0,0
0.5904,32,0,0.6969,3772.0,8,0,0,0,1.0,0
0.3424,59,0,1.2599,5753.0,9,0,0,0,0.0,0
0.2094,59,0,0.3925,,4,0,0,0,3.0,0
2.4917,41,0,0.3595,3649.0,10,0,3,0,1.0,1
0.6741,63,0,0.7887,,10,0,3,0,0.0,0
0.0928,56,0,0.381,3316.0,7,0,1,0,1.0,0
0.0419,46,0,0.1097,7587.0,10,0,1,0,1.0,1
2.537,58,0,0.4393,3939.0,7,0,1,0,1.0,0
0.6204,53,0,0.3034,,11,0,1,0,1.0,0
0.4105,46,0,0.2426,,3,0,1,0,0.0,0
0.3778,55,0,0.7639,2793.0,3,0,1,0,1.0,0
0.9424,48,0,0.064,13056.0,7,0,1,0,0.0,0
0.112,44,0,0.9091,17775.0,2,0,4,0,1.0,0
1.431,34,0,0.3333,11833.0,9,0,0,0,1.0,0
1.0304,57,0,0.2753,3016.0,7,0,4,0,1.0,0
0.0334,43,0,0.3404,5392.0,7,0,0,0,1.0,0
0.0039,58,0,0.4688,11598.0,7,0,3,0,0.0,0
0.4414,53,0,0.8238,2293.0,11,0,1,0,1.0,0
0.1183,54,0,0.4153,3591.0,12,0,4,0,1.0,0
0.9286,65,0,0.4673,4116.0,10,0,2,0,1.0,0
0.7377,52,0,0.585,4906.0,10,0,1,0,1.0,1
0.1316,44,0,1.1,5754.0,10,0,2,0,1.0,0
0.5973,54,0,0.5344,3722.0,7,0,1,0,1.0,0
1.8289,60,0,0.309,3909.0,7,0,0,0,2.0,0
0.6949,61,0,0.3527,10717.0,7,0,0,0,0.0,0
1.2266,47,0,1.19,,7,0,2,0,1.0,0
0.0563,87,0,0.5563,2867.0,6,0,3,0,0.0,0
1.4388,37,2,0.0627,3183.0,9,0,0,1,1.0,0
0.6421,48,0,0.2534,,9,0,1,0,0.0,0
0.8626,51,1,1.1017,3665.0,9,2,1,1,1.0,0
0.0253,62,0,0.4265,2614.0,8,0,0,0,1.0,0
0.8839,60,0,0.7444,,9,0,1,0,2.0,0
0.3364,77,0,0.3717,4653.0,4,0,0,0,2.0,0
2.419,65,0,0.8171,9067.0,5,0,1,0,,0
0.308,52,0,0.2034,,6,0,0,0,0.0,0
0.0921,68,0,0.6348,3732.0,4,0,2,0,0.0,0
0.2913,51,0,0.3414,6872.0,6,0,0,0,1.0,0
4.7168,37,0,0.5204,8167.0,11,0,0,0,1.0,0
0.2965,75,0,0.4189,2016.0,7,0,1,0,1.0,0
0.0242,52,0,1.1706,9157.0,8,0,1,0,2.0,0
0.26,39,0,0.6994,5589.0,11,0,3,0,1.0,0
0.0211,79,0,0.0981,13815.0,6,0,1,0,,0
0.9646,60,0,0.5861,5575.0,9,0,1,0,0.0,0
0.1633,61,0,0.6401,2185.0,11,0,0,0,1.0,0
9.0542,32,0,0.9504,8099.0,7,0,2,0,0.0,0
0.4057,72,0,0.6326,3934.0,4,0,3,0,0.0,0
0.2549,32,0,0.8064,4521.0,7,0,1,0,1.0,0
0.5285,76,0,0.4006,6013.0,5,0,1,0,3.0,0
0.4432,43,0,0.2262,5075.0,6,0,0,0,0.0,0
2.6529,35,0,0.6038,2949.0,11,0,0,0,3.0,0
0.2717,73,0,0.5267,6703.0,12,0,1,0,2.0,0
0.0352,25,0,0.2501,,6,0,1,0,0.0,0
0.2613,59,0,0.3769,3478.0,7,0,0,0,0.0,0
0.2614,43,2,0.235,6851.0,7,0,1,0,1.0,0
0.1164,74,0,0.1597,10936.0,10,0,0,0,1.0,0
0.0853,45,0,0.4445,5310.0,12,0,1,0,1.0,0
0.2866,55,0,0.1849,3859.0,11,0,4,0,0.0,0
0.0915,27,0,0.344,,9,0,0,0,1.0,0
0.5442,54,0,0.0768,,6,0,1,0,1.0,0
2.6368,73,0,0.4075,11336.0,7,0,2,0,3.0,0
0.2971,81,0,1.042,8702.0,14,0,0,0,3.0,0
0.6706,73,0,0.1328,2722.0,9,0,1,0,0.0,0
0.1462,77,0,0.673,10217.0,15,0,1,0,1.0,0
1.1023,55,0,0.6147,3252.0,6,0,0,0,0.0,0
0.3514,51,0,0.7171,8397.0,13,0,0,0,1.0,0
0.5982,45,0,0.6064,4164.0,10,0,0,0,2.0,0
0.1252,36,0,0.3022,11067.0,7,0,0,0,0.0,0
0.741,60,0,0.3938,6918.0,8,0,1,0,0.0,0
6.5691,59,0,0.4443,8535.0,10,0,1,0,1.0,0
0.6907,56,0,0.4781,5073.0,9,0,3,0,0.0,0
0.6232,64,0,0.0689,2836.0,6,0,1,0,2.0,0
0.0867,36,0,0.2383,2041.0,7,0,1,0,1.0,0
0.4897,50,0,0.6244,3779.0,11,0,1,0,0.0,0
0.245,66,0,0.0441,,13,0,1,0,1.0,0
0.544,33,0,0.1255,,7,0,0,0,1.0,0
0.5083,42,0,0.0605,4331.0,10,0,1,0,,1
0.7574,64,0,1.2058,5160.0,4,0,2,0,3.0,0
0.4079,39,0,0.3207,7988.0,6,0,3,0,2.0,0
0.3252,51,0,0.3021,6047.0,7,0,1,0,0.0,0
0.0254,33,0,1.0425,2203.0,7,0,0,0,1.0,0
2.7452,41,2,1.0646,13197.0,11,2,1,0,0.0,0
1.7232,88,0,0.2183,5851.0,10,0,2,0,1.0,0
0.0535,40,0,0.5227,7170.0,8,0,3,0,1.0,0
0.3208,59,0,0.7034,,8,0,1,0,,0
0.7054,58,0,0.3353,10082.0,9,0,0,0,0.0,0
0.5146,44,0,0.4392,9009.0,11,0,3,0,0.0,0
0.1326,59,0,0.9684,8319.0,3,0,1,0,0.0,0
0.3463,21,0,0.5781,6063.0,12,0,1,0,1.0,0
0.1533,78,0,0.2315,,9,0,0,0,0.0,0
0.7485,43,0,0.4478,8534.0,11,0,0,0,0.0,0
0.4118,36,0,1.0159,2648.0,8,0,1,0,1.0,0
1.8337,39,0,0.6118,,6,0,0,0,5.0,0
7.3761,32,0,0.2704,2686.0,8,0,1,0,2.0,0
0.102,49,0,0.3524,3762.0,7,0,0,0,0.0,0
1.283,59,0,0.4747,5710.0,6,0,1,0,2.0,0
0.1474,43,0,0.3701,,4,0,2,0,1.0,0
0.5251,47,0,1.088,9643.0,11,0,1,0,0.0,0
0.4152,72,0,0.2074,4808.0,9,0,0,0,,0
0.4215,46,0,0.2262,10792.0,7,0,4,0,0.0,0
0.5696,61,0,0.1933,8364.0,10,0,0,0,0.0,0
0.3934,26,0,0.1943,2473.0,5,0,1,0,3.0,0
0.6909,59,0,0.7453,5702.0,13,0,0,0,,0
0.0811,51,0,0.2082,4354.0,10,0,1,0,0.0,0
0.2013,51,0,0.8087,4950.0,8,0,0,0,0.0,0
0.7633,29,0,0.4424,2650.0,5,0,0,0,1.0,0
4.7951,56,0,0.2929,3799.0,6,0,1,0,1.0,0
0.5392,55,1,0.8663,,3,0,2,3,1.0,0
2.1863,60,0,0.2309,5331.0,9,0,1,0,1.0,0
0.1701,71,0,0.5021,25476.0,5,0,1,0,0.0,0
0.0368,32,0,0.8627,6660.0,10,0,0,0,1.0,0
0.3448,54,0,0.6157,4060.0,9,0,0,0,1.0,0
0.0172,42,0,0.4734,6857.0,8,0,2,0,1.0,0
0.0681,77,0,0.2406,4570.0,2,0,2,0,,0
0.0983,49,0,0.2459,5452.0,5,0,1,0,2.0,0
1.0589,69,0,1.0665,,8,0,2,0,1.0,0
6.7611,41,0,0.8893,10676.0,7,0,0,0,1.0,1
0.6513,48,0,0.7743,5306.0,10,0,1,0,0.0,0
0.1808,28,0,0.6666,5009.0,9,0,2,0,1.0,0
0.396,63,0,1.0386,9711.0,7,0,2,0,3.0,0
0.7317,28,0,0.3038,7472.0,7,0,1,0,0.0,1
0.2616,52,0,0.204,6348.0,12,0,4,0,0.0,0
0.1115,64,0,0.4097,,9,0,2,0,0.0,0
0.8792,55,0,0.6282,7978.0,3,0,1,0,0.0,0
0.0234,22,0,0.2427,4002.0,6,0,3,0,0.0,0
0.6221,47,0,0.2778,13022.0,6,0,0,0,2.0,0
0.7343,69,0,0.164,,6,0,4,0,3.0,1
2.1004,60,0,0.5045,5891.0,9,0,1,0,1.0,0
0.254,49,0,0.3924,2111.0,8,0,1,0,1.0,0
0.1723,38,0,0.8416,3337.0,11,0,2,0,1.0,0
0.2625,58,0,0.3015,6578.0,8,0,0,0,1.0,0
0.3004,46,0,0.3535,3776.0,10,0,0,0,0.0,0
1.3875,39,0,0.3149,,7,0,0,0,2.0,0
1.2032,49,0,0.5112,2327.0,7,0,0,0,2.0,0
0.2641,62,0,0.4477,28291.0,11,0,1,0,1.0,0
0.7299,43,0,0.6554,,10,0,3,0,0.0,0
0.9555,52,0,1.1813,10491.0,8,0,3,0,2.0,0
4.1854,48,0,0.3334,1703.0,7,0,0,0,0.0,0
0.247,35,0,1.2054,,4,0,2,0,2.0,0
2.5375,48,0,0.2789,8795.0,8,0,1,0,1.0,0
0.4372,53,0,0.5658,6677.0,5,0,1,0,0.0,0
0.0524,54,0,0.8021,7247.0,5,0,0,0,0.0,0
0.3236,67,0,0.6322,11304.0,7,0,1,0,1.0,0
0.8974,55,0,0.861,11763.0,11,0,3,0,1.0,0
0.7189,38,0,0.991,4558.0,12,0,1,0,0.0,0
0.1087,61,0,0.0889,10732.0,5,0,0,0,0.0,1
0.3091,43,0,0.6476,6525.0,9,0,1,0,2.0,0
0.5579,39,0,0.1949,2502.0,8,0,2,0,1.0,0
2.6154,75,0,0.5285,9386.0,7,0,0,0,0.0,0
2.1374,57,0,0.7889,2210.0,10,0,0,0,3.0,0
0.6181,49,0,0.4765,4079.0,7,0,2,0,1.0,0
1.0469,45,0,0.4405,6662.0,4,0,2,0,1.0,0
0.2258,65,0,0.4296,3090.0,9,0,2,0,2.0,0
0.1776,72,0,0.2536,,8,0,0,0,2.0,0
0.8125,67,0,0.7432,10048.0,10,0,2,0,0.0,0
0.1001,65,0,0.5215,14414.0,3,0,0,0,2.0,0
1.2516,58,0,0.3891,7654.0,14,0,1,0,0.0,0
6.5317,31,0,0.3331,5344.0,4,0,2,0,0.0,1
0.3482,46,0,0.9692,3423.0,8,0,0,0,1.0,0
0.6426,60,0,0.0937,13513.0,8,0,0,0,1.0,0
0.6444,46,0,0.5473,17414.0,5,0,1,0,4.0,0
0.3925,41,0,0.3024,11065.0,10,0,0,0,1.0,0
0.4448,49,0,0.6321,9870.0,8,0,0,0,1.0,0
0.1759,35,0,0.8637,2247.0,10,0,1,0,3.0,0
0.7969,26,0,0.6282,8691.0,10,0,1,0,0.0,0
0.5107,50,0,0.3624,4095.0,7,0,0,0,0.0,0
0.2344,59,0,0.4675,,13,0,1,0,0.0,0
0.4844,54,0,0.3564,4828.0,11,0,2,0,1.0,0
0.3294,79,0,0.4922,,9,0,0,0,3.0,0
0.1495,64,0,0.2903,5470.0,11,0,0,0,1.0,0
1.8933,58,0,0.7291,,6,0,0,0,2.0,0
0.1721,65,0,0.6954,2664.0,7,0,0,0,0.0,0
0.5535,22,0,0.2422,,8,0,1,0,0.0,0
0.0614,27,0,0.5129,,11,0,0,0,0.0,0
0.5072,57,0,0.218,3893.0,14,0,0,0,1.0,0
1.7588,71,0,0.4246,,8,0,3,0,0.0,0
0.8285,28,0,0.7331,5313.0,7,0,1,0,1.0,0
0.6307,29,0,0.81,2103.0,9,0,1,0,2.0,1
0.1523,62,0,0.5539,9609.0,12,0,1,0,2.0,0
2.2982,52,0,0.4995,4888.0,6,0,3,0,0.0,0
0.7915,54,0,0.2949,3507.0,5,0,0,0,1.0,0
0.0831,45,0,0.4071,,4,0,1,0,0.0,0
0.4323,39,0,0.6629,3874.0,9,0,2,0,0.0,0
0.8266,45,0,0.4597,1861.0,3,0,0,0,0.0,1
2.4286,50,0,0.2988,7891.0,8,0,5,0,1.0,0
0.343,32,0,0.3155,,5,0,0,0,0.0,0
0.7837,32,0,0.1934,1609.0,15,1,0,1,0.0,0
0.5904,46,0,0.1202,,11,0,0,0,5.0,0
0.2917,76,0,0.4821,,7,0,1,0,1.0,0
0.1608,36,0,0.0622,,10,0,0,0,2.0,0
0.1492,54,0,0.4428,,14,0,0,0,1.0,0
0.0327,49,0,0.2548,13377.0,10,0,0,0,1.0,0
0.1112,37,0,0.4491,2015.0,8,0,0,0,2.0,0
0.3454,47,0,0.5635,6474.0,11,0,1,0,,0
0.3257,52,0,0.2958,17848.0,11,0,2,0,0.0,0
0.2277,56,0,1.5188,7540.0,9,0,2,0,0.0,0
0.0131,46,0,0.1558,,6,0,3,0,0.0,0
2.6337,65,0,0.2131,,7,0,3,0,1.0,0
0.7525,45,0,0.8034,4674.0,9,0,0,0,3.0,0
0.0301,37,0,0.1519,1789.0,18,0,0,2,1.0,0
0.3633,79,0,0.6061,,9,0,1,0,1.0,0
2.3049,53,0,0.3903,,7,0,1,0,,0
0.0775,39,0,0.5266,,13,0,0,0,1.0,0
0.4097,71,0,0.4586,7055.0,9,0,1,0,0.0,0
0.6452,29,0,0.8456,2834.0,12,0,2,0,1.0,1
0.592,56,0,0.3324,2877.0,11,0,1,0,0.0,0
0.1756,28,0,0.44,,9,0,3,0,1.0,0
0.4247,21,0,0.2297,,8,0,1,0,0.0,0
0.4341,43,0,0.1635,10185.0,8,0,1,0,0.0,0
0.1736,32,0,1.1206,8974.0,7,0,1,0,0.0,0
0.1065,79,0,0.5676,11382.0,9,0,1,0,4.0,0
0.0462,44,0,0.2165,2649.0,12,0,0,0,1.0,0
0.0484,46,0,0.3441,2192.0,7,0,0,0,1.0,0
0.4907,51,0,0.7037,3392.0,8,0,3,0,0.0,1
3.0875,52,0,0.2627,6021.0,9,0,1,0,0.0,0
0.6004,53,0,0.5448,4307.0,5,0,2,0,0.0,0
0.403,63,0,0.3342,4038.0,9,0,2,0,0.0,0
0.6904,66,0,0.1665,11991.0,9,0,1,0,1.0,0
0.4809,50,0,0.2625,2094.0,14,0,1,0,2.0,0
0.5053,56,0,0.199,3074.0,7,0,1,0,1.0,0
0.317,69,0,0.753,3611.0,14,0,1,0,0.0,0
1.197,49,3,0.2473,5319.0,4,0,1,2,1.0,0
0.6913,46,1,0.8073,3906.0,3,0,0,0,1.0,0
1.6403,44,2,0.8908,4841.0,10,0,1,1,1.0,0
0.5208,40,0,0.5877,,7,0,0,0,1.0,1
2.8624,57,0,0.8334,17023.0,10,0,1,0,1.0,0
1.5718,71,0,0.426,,5,0,0,0,2.0,0
0.1149,46,0,0.2329,6969.0,8,0,3,0,2.0,0
0.2771,61,0,0.3688,8028.0,11,0,0,0,1.0,0
0.5257,67,0,0.1378,6342.0,7,0,2,0,0.0,0
1.0303,72,0,0.3151,6375.0,4,0,1,0,0.0,0
1.0394,63,0,0.6064,3475.0,9,0,1,0,2.0,0
0.3434,57,0,0.1744,5407.0,6,0,3,0,0.0,0
0.0664,45,0,0.5236,6196.0,8,0,1,0,1.0,0
7.0261,42,0,0.9953,2894.0,10,0,0,0,0.0,0
0.455,55,0,0.4818,3048.0,8,0,1,0,1.0,0
0.2821,59,0,0.7058,,11,0,0,0,0.0,0
1.5721,29,2,0.3395,6048.0,6,0,0,0,1.0,0
0.7596,62,0,0.3755,6561.0,7,0,0,0,1.0,0
1.5472,36,0,0.5803,,10,0,1,0,1.0,1
0.2589,64,0,0.2006,11598.0,5,0,1,0,0.0,0
3.5173,49,0,0.5599,4852.0,3,0,0,0,1.0,0
0.5258,58,0,0.4845,6635.0,8,0,2,0,0.0,0
0.5306,64,0,0.4487,10878.0,11,0,1,0,1.0,0
0.9106,59,0,0.4065,5272.0,9,0,1,0,1.0,0
0.0092,44,0,0.6344,,10,0,0,0,0.0,0
0.0309,73,0,0.213,10175.0,7,0,2,0,0.0,0
0.2272,49,0,0.7557,6267.0,5,0,0,0,1.0,0
0.1518,41,0,0.4694,3282.0,6,0,1,0,2.0,0
0.9046,59,0,0.2131,3073.0,4,0,1,0,0.0,0
0.5898,41,0,0.1048,4226.0,11,0,2,0,0.0,0
0.3341,34,0,0.4739,3595.0,8,0,1,0,0.0,0
1.1717,43,0,0.3132,3450.0,7,0,0,0,1.0,0
0.7891,52,0,0.0441,4780.0,9,0,0,0,0.0,0
0.1913,42,0,0.2141,5206.0,7,0,0,0,0.0,0
0.1695,48,0,0.5257,4480.0,11,0,0,0,1.0,0
0.2544,21,0,0.7206,7203.0,4,0,1,0,0.0,0
1.0171,70,0,0.5301,,6,0,0,0,,1
2.844,53,0,0.7819,8061.0,7,0,2,0,,0
0.3553,41,0,0.1703,4513.0,9,0,0,0,2.0,0
0.2677,70,0,0.7641,6363.0,7,0,1,0,0.0,0
0.4357,32,0,1.2071,5708.0,12,0,0,0,0.0,0
0.5789,38,0,0.3567,1726.0,6,0,0,0,1.0,0
0.2961,45,0,0.1794,6427.0,4,0,1,0,0.0,0
0.5644,42,0,0.0874,,7,0,1,0,1.0,0
0.4257,45,0,0.3651,10926.0,7,0,0,0,0.0,0
0.1456,60,0,0.2959,17290.0,9,0,0,0,1.0,0
0.0903,65,0,0.2474,4902.0,9,0,0,0,0.0,0
0.1542,66,1,0.3553,7419.0,9,0,2,0,0.0,0
0.6048,71,0,0.2111,3845.0,8,0,4,0,0.0,0
0.7241,42,0,0.1763,2789.0,8,0,0,0,1.0,0
1.0787,58,0,0.2776,6447.0,10,0,0,0,0.0,0
1.1253,42,0,1.0732,,9,0,3,0,1.0,0
0.0543,41,0,0.7732,7254.0,6,0,0,0,1.0,0
0.1859,31,0,0.6221,1977.0,8,0,1,0,0.0,0
0.5239,74,0,0.3638,5231.0,5,0,1,0,0.0,1
0.2245,70,2,0.1054,1677.0,9,0,1,0,1.0,0
0.6442,84,0,0.9521,,7,0,2,0,0.0,0
0.1376,63,0,0.3319,,10,0,2,0,0.0,0
0.8031,58,0,0.4504,8691.0,10,0,0,0,1.0,0
2.9631,46,0,0.0085,2269.0,7,0,1,0,4.0,0
1.004,68,0,0.0909,,9,0,1,0,1.0,1
0.1579,58,0,0.8321,6429.0,8,0,1,0,4.0,0
0.7348,34,0,0.4973,5492.0,5,0,1,0,1.0,0
0.5637,54,0,0.8037,6667.0,14,0,1,0,1.0,0
0.6837,33,1,0.2021,5795.0,9,0,1,0,2.0,0
0.6877,57,0,0.5343,5038.0,7,0,1,0,1.0,0
2.5235,65,0,0.4383,,12,0,2,0,3.0,0
0.4591,48,0,0.4876,7036.0,4,0,1,0,1.0,0
0.4151,42,0,0.0301,4992.0,2,0,1,0,1.0,0
0.5482,79,0,0.3081,9481.0,8,0,0,0,1.0,0
0.1264,56,0,0.4671,9687.0,6,0,4,0,1.0,0
0.1212,60,0,0.1148,4803.0,10,0,1,0,1.0,0
0.851,57,0,0.3576,5347.0,11,0,2,0,0.0,0
0.8192,66,0,1.03,9998.0,5,0,1,0,0.0,0
0.3436,62,0,0.5878,,5,0,3,0,2.0,0
0.8999,49,0,0.0849,3210.0,4,0,3,0,1.0,0
0.1061,29,0,0.6299,4023.0,10,0,0,0,1.0,0
0.3351,44,0,0.6749,6638.0,9,0,0,0,2.0,0
0.7903,54,0,0.8222,,8,0,2,0,0.0,0
0.2594,67,0,0.0907,,6,0,0,0,1.0,0
0.3203,74,0,1.0481,12774.0,6,0,0,0,0.0,0
0.3942,49,0,0.8463,3109.0,6,0,0,0,0.0,0
0.1354,79,0,0.9203,8338.0,7,0,2,0,0.0,0
0.3765,60,0,0.1294,11847.0,9,0,1,0,0.0,0
0.112,56,0,1.1137,5365.0,10,0,0,0,0.0,0
0.1202,56,4,1.2382,7973.0,7,2,1,0,,0
0.083,63,0,0.7519,3851.0,4,0,2,0,1.0,0
3.2982,54,0,0.3321,4273.0,14,0,0,0,0.0,0
0.2745,53,0,0.0349,7644.0,9,0,0,0,0.0,0
0.7701,66,0,0.3818,5618.0,8,0,1,0,,0
0.5998,69,0,0.558,11866.0,10,0,0,0,2.0,1
0.4266,53,0,0.1196,8064.0,11,0,1,0,1.0,0
0.5332,52,1,0.8987,4064.0,10,0,2,0,0.0,0
0.4991,41,0,0.3139,2639.0,11,0,1,0,1.0,0
0.4205,48,0,0.6451,3532.0,8,0,0,0,1.0,0
0.0974,69,0,0.6272,5024.0,7,0,2,0,0.0,0
0.491,54,0,0.3501,,6,0,2,0,0.0,0
0.2073,66,0,0.8367,2927.0,6,0,0,0,2.0,0
0.3514,43,0,0.3496,3691.0,8,0,1,0,1.0,0
0.0653,57,0,0.8788,7604.0,8,0,0,0,1.0,0
0.6256,61,0,0.5411,8985.0,6,0,0,0,1.0,0
0.4675,76,2,0.1157,3074.0,9,0,0,0,2.0,0
0.3304,26,0,0.8428,,7,0,0,0,1.0,0
0.5179,66,0,0.9769,7054.0,7,0,2,0,2.0,0
0.0197,54,0,0.1117,12642.0,9,0,1,0,0.0,0
0.5103,53,0,0.1869,5936.0,9,0,1,0,0.0,0
2.3555,26,0,0.2422,5096.0,12,0,2,0,1.0,0
4.6054,32,0,0.7504,11014.0,4,0,1,0,0.0,0
0.2855,60,0,0.3973,7190.0,11,0,2,0,0.0,0
0.4255,73,0,0.3694,4638.0,15,0,1,0,0.0,0
0.3127,56,0,0.3012,2770.0,10,0,1,0,0.0,0
0.0211,74,0,0.6664,,11,0,1,0,2.0,0
2.7797,21,0,0.8204,2394.0,10,0,2,0,4.0,0
0.0839,29,0,0.345,,8,0,0,0,0.0,0
0.2924,28,0,0.6193,7570.0,8,0,2,0,1.0,0
0.1268,67,0,0.2562,6631.0,8,0,1,0,0.0,0
1.3885,60,0,0.7597,,10,0,2,0,1.0,0
0.383,52,0,0.5898,6037.0,11,0,0,0,3.0,0
2.2542,66,0,0.4954,16470.0,1,0,1,0,0.0,0
0.2928,49,0,0.7737,11217.0,5,0,1,0,0.0,0
0.7283,70,3,0.0966,13782.0,6,0,4,0,0.0,0
0.373,75,0,0.1374,7294.0,14,0,0,0,0.0,0
0.399,28,2,0.1565,5083.0,7,0,1,0,0.0,0
0.411,63,0,0.1672,5627.0,3,0,1,0,,0
0.1154,62,0,0.7159,,4,0,2,0,1.0,0
0.5346,36,0,0.1907,2686.0,13,0,0,0,1.0,0
0.8092,32,0,0.0839,3353.0,11,0,1,0,0.0,0
0.4363,51,0,0.8744,5656.0,11,0,2,0,0.0,0
0.5628,56,0,0.4784,8315.0,7,0,1,0,1.0,0
0.5543,62,0,0.3075,7176.0,9,0,1,0,0.0,1
0.2014,71,0,0.0487,11904.0,6,0,0,0,0.0,0
0.132,53,0,0.2461,3874.0,8,0,1,0,2.0,0
0.3946,55,0,0.6457,8502.0,7,0,1,0,0.0,0
0.1864,86,0,0.3808,3339.0,4,0,0,0,0.0,0
0.4449,57,0,0.8697,4388.0,9,0,0,0,2.0,0
0.7118,44,3,0.1158,3278.0,7,0,0,0,,0
0.1156,62,0,0.0448,10059.0,8,0,1,0,1.0,0
0.0624,46,0,0.9531,3570.0,13,0,1,0,,0
1.0034,46,0,0.418,9634.0,6,0,4,0,0.0,0
0.7171,38,0,0.7462,,12,0,0,0,2.0,0
0.5653,57,0,0.5511,5662.0,10,0,3,0,2.0,0
1.3102,72,0,0.6242,,11,0,1,0,0.0,1
1.094,59,0,1.065,7616.0,13,0,0,0,0.0,0
0.5215,62,0,0.0894,4347.0,6,0,1,0,0.0,0
1.8633,63,0,0.1656,3655.0,11,0,2,0,0.0,0
0.5833,73,0,0.6422,5132.0,9,0,0,0,1.0,0
0.0523,42,0,0.5619,2639.0,5,0,0,0,0.0,0
0.0143,44,0,0.7004,6234.0,9,0,0,0,4.0,0
0.339,58,0,0.1862,4634.0,8,0,2,0,0.0,0
0.039,53,0,0.2044,10449.0,7,0,2,0,1.0,0
0.1442,42,0,0.9381,2920.0,2,0,2,0,1.0,0
3.3833,56,0,0.0708,4060.0,6,0,1,0,2.0,0
0.2081,23,0,0.208,2197.0,9,0,1,0,0.0,0
0.0868,67,0,0.4517,4503.0,5,0,1,0,2.0,0
0.6498,41,0,0.2988,,6,0,0,0,0.0,0
0.1051,25,0,0.6256,2041.0,5,0,0,0,1.0,0
0.025,67,0,0.3479,6706.0,10,0,1,0,3.0,0
1.9197,54,0,0.5167,4664.0,8,0,0,0,0.0,0
0.2738,60,0,0.1377,12104.0,5,0,0,0,1.0,0
0.3213,78,0,1.0141,1859.0,14,0,1,0,0.0,0
0.4222,66,0,0.8742,4429.0,10,0,1,0,0.0,1
0.3402,71,0,0.0491,13054.0,7,0,2,0,0.0,0
0.8636,58,0,0.4436,3440.0,8,0,0,0,2.0,0
1.2167,83,0,0.1982,9042.0,6,0,2,0,1.0,0
0.5166,59,0,0.4921,4398.0,6,0,0,0,0.0,1
0.7626,33,0,0.5392,,7,0,0,0,0.0,0
0.4087,31,0,0.6219,4786.0,4,0,0,0,0.0,0
0.3157,65,0,0.5692,2184.0,12,0,0,0,1.0,0
0.3694,40,0,0.2935,2867.0,8,0,2,0,0.0,0
5.2789,55,0,0.4655,4477.0,13,0,1,0,0.0,1
0.1528,61,0,0.5874,7299.0,12,0,1,0,1.0,0
0.7086,48,0,0.4033,,5,0,1,0,0.0,0
0.2459,37,0,0.7012,,9,0,0,0,0.0,0
0.3751,37,0,0.1256,4390.0,6,0,0,0,0.0,0
0.34,48,0,0.6913,1592.0,6,0,0,0,0.0,0
0.6568,59,0,0.4502,5029.0,11,0,0,0,2.0,0
0.9693,35,0,0.38,5970.0,8,0,1,0,0.0,0
0.287,82,0,0.5084,,9,0,0,0,0.0,0
1.002,60,0,0.5083,3587.0,5,0,2,0,3.0,0
0.485,58,0,0.6668,5902.0,10,0,1,0,0.0,0
0.1563,52,0,0.8309,,9,0,1,0,1.0,0
1.0034,54,0,0.294,3098.0,4,0,1,0,0.0,0
0.4418,58,0,0.8024,42607.0,6,0,0,0,2.0,0
3.7658,55,0,0.4865,,8,0,2,0,0.0,0
0.1544,72,0,0.8098,15165.0,7,0,0,0,2.0,0
0.4202,71,0,0.6689,5446.0,2,0,0,0,0.0,0
0.0307,56,0,0.292,3898.0,14,0,1,0,0.0,0
0.0045,43,0,0.3763,3453.0,9,0,0,0,1.0,0
0.3076,40,0,0.1953,4119.0,12,0,2,0,1.0,0
1.0426,53,0,1.4241,11344.0,0,0,2,0,0.0,0
0.3314,49,1,0.1924,23100.0,9,1,1,0,1.0,0
2.5469,61,0,1.1709,,5,0,2,0,0.0,0
0.7765,77,0,0.7906,6082.0,7,0,1,0,0.0,1
0.0801,57,0,0.6688,9298.0,5,0,1,0,0.0,0
0.866,43,0,0.3159,2516.0,4,0,1,0,1.0,0
0.3626,35,0,0.4798,4711.0,7,0,0,0,1.0,0
1.0492,51,0,0.2042,4128.0,4,0,1,0,2.0,0
0.0426,56,0,0.5538,5413.0,7,0,3,0,0.0,0
0.361,39,0,0.2591,8698.0,8,0,1,0,0.0,0
1.6718,53,0,0.6854,6584.0,9,0,3,0,0.0,0
0.7789,70,0,0.6385,4880.0,6,0,1,0,0.0,1
0.9309,46,0,0.3859,6517.0,8,0,0,0,0.0,0
0.2959,50,0,0.6761,,8,0,3,0,0.0,0
0.6058,64,0,0.8124,6842.0,11,0,1,0,0.0,0
0.4437,75,0,0.2993,6886.0,6,0,0,0,1.0,0
1.05,62,0,1.1194,4124.0,6,0,0,0,1.0,1
0.1626,32,0,0.217,2789.0,9,0,2,0,0.0,0
0.492,73,0,0.8445,4379.0,8,0,0,0,1.0,0
0.4521,43,0,0.6303,2643.0,7,0,5,0,1.0,0
0.3412,46,0,0.4611,3972.0,11,0,1,0,1.0,0
0.0387,34,0,0.5128,5736.0,4,0,0,0,0.0,0
0.3036,45,0,0.3168,7632.0,5,0,0,0,1.0,0
4.1764,57,0,0.2433,5958.0,6,0,0,0,2.0,0
0.8568,36,0,0.0709,7131.0,11,0,0,0,2.0,0
0.2846,50,1,0.4424,,5,0,0,2,0.0,0
0.0369,30,0,0.6656,,8,0,0,0,0.0,0
0.2862,60,0,0.0463,1839.0,11,0,0,0,1.0,0
0.6045,46,2,0.8776,7146.0,11,1,0,2,1.0,0
0.0482,56,0,0.113,,12,0,1,0,1.0,0
0.4282,44,0,0.7114,,8,0,3,0,1.0,0
0.0265,55,0,0.6851,,6,0,3,0,1.0,0
0.5526,41,1,0.6363,4013.0,6,0,0,0,1.0,0
0.8948,36,0,0.4281,2919.0,9,0,2,0,0.0,0
0.0529,54,0,1.0021,4353.0,9,0,1,0,1.0,0
0.0586,70,0,0.5781,6369.0,7,0,0,0,1.0,0
0.3894,28,0,0.1841,10286.0,6,0,0,0,1.0,0
1.7628,37,0,0.6406,4035.0,8,0,0,0,0.0,0
0.0718,66,0,0.3524,,8,0,2,0,1.0,0
0.5202,53,0,0.7196,3796.0,8,0,1,0,0.0,0
0.0187,54,0,0.7272,,9,0,3,0,0.0,0
0.2717,82,0,0.3107,11908.0,10,0,0,0,1.0,0
2.1133,47,0,0.2113,,5,0,0,0,1.0,1
0.1917,38,0,0.8459,,6,0,0,0,0.0,0
0.447,40,0,0.9675,9110.0,8,0,2,0,0.0,0
0.2448,67,0,0.2073,,11,0,2,0,0.0,0
0.3543,27,0,0.6043,4649.0,7,0,1,0,1.0,0
1.2174,38,0,0.2634,4846.0,7,0,1,0,1.0,0
0.4396,45,0,0.5021,11990.0,9,0,2,0,1.0,0
0.0317,30,0,0.4147,7157.0,5,0,1,0,2.0,0
1.8268,39,0,0.8364,7224.0,5,0,1,0,2.0,0
0.2032,68,0,0.4421,4018.0,11,0,0,0,,0
0.3087,38,0,0.525,,4,0,1,0,0.0,0
1.0723,26,0,0.5709,4223.0,4,0,2,0,1.0,0
0.1944,51,0,0.365,28345.0,5,0,2,0,1.0,0
0.5035,21,0,1.3752,,2,0,0,0,0.0,1
0.3581,69,0,0.2748,,10,0,1,0,2.0,0
0.1851,44,0,0.6222,4666.0,7,0,1,0,2.0,0
0.2914,44,0,1.0008,2668.0,3,0,2,0,1.0,0
0.4677,49,0,0.6236,10610.0,9,0,1,0,0.0,0
0.7772,62,0,0.3343,11220.0,8,0,2,0,0.0,0
3.4569,44,0,0.5997,1892.0,5,0,0,0,2.0,0
0.56,21,0,0.0821,2873.0,5,0,2,0,0.0,0
0.084,39,0,0.3396,,10,0,2,0,0.0,0
0.5185,61,0,0.9261,3147.0,8,0,3,0,1.0,0
0.0795,35,0,0.4316,5636.0,5,0,0,0,0.0,0
0.2006,45,0,0.1806,3215.0,6,0,3,0,0.0,0
0.8498,52,0,0.432,,4,0,0,0,0.0,0
0.6257,40,0,0.472,5749.0,9,0,0,0,0.0,0
0.4889,57,0,0.8304,1163.0,9,0,1,0,1.0,0
0.116,42,0,0.0657,12272.0,5,0,1,0,3.0,0
3.9627,74,0,0.028,8473.0,11,0,1,0,1.0,1
0.684,66,0,0.2799,4010.0,17,0,2,0,1.0,0
0.2975,51,0,0.0405,,5,0,0,0,1.0,0
0.1614,73,1,0.1493,,5,0,0,0,0.0,0
0.4076,55,0,0.805,10860.0,6,0,2,0,0.0,0
5.9365,56,0,0.2033,,8,0,2,0,1.0,0
0.3315,60,0,0.0427,6492.0,9,0,1,0,2.0,1
0.5199,55,0,0.7045,3321.0,2,0,0,0,0.0,1
5.797,62,1,1.0835,8055.0,11,0,2,1,0.0,0
0.5589,56,0,0.4193,4731.0,8,0,2,0,0.0,0
8.1037,57,0,0.0702,5268.0,7,0,1,0,0.0,1
0.075,77,0,0.213,3636.0,11,0,0,0,1.0,0
0.264,73,0,1.0266,,5,0,3,0,1.0,0
1.3581,36,0,0.8579,9069.0,8,0,1,0,0.0,0
0.2338,51,0,0.3015,10693.0,4,0,1,0,1.0,0
0.4175,50,0,0.1891,,8,0,1,0,1.0,0
0.204,26,0,0.8705,9329.0,9,0,0,0,1.0,0
0.0025,76,0,0.603,6080.0,9,0,1,0,2.0,0
0.591,39,0,0.3868,,7,0,1,0,1.0,0
0.5364,64,0,0.4783,8664.0,6,0,1,0,3.0,0
0.4639,31,0,0.1897,,9,0,1,0,1.0,0
0.4057,48,0,0.2772,6446.0,6,0,1,0,0.0,0
0.3881,47,1,0.7161,3593.0,8,0,2,0,0.0,0
0.1472,63,0,0.7516,6402.0,10,0,0,0,1.0,0
0.6534,54,0,0.6867,5621.0,12,0,0,0,0.0,0
3.3346,64,0,1.4849,5970.0,5,0,0,0,1.0,0
0.4405,54,0,0.4526,4328.0,3,0,0,0,2.0,0
1.011,44,0,0.6167,,10,0,1,0,1.0,0
0.5957,40,0,0.6425,9589.0,13,0,0,0,2.0,0
0.3431,63,0,0.459,2322.0,8,0,1,0,1.0,0
0.429,38,0,0.2154,,6,0,0,0,0.0,0
0.9816,50,0,0.2145,7279.0,4,0,0,0,1.0,0
0.3052,35,0,0.3504,,5,0,1,0,1.0,0
0.3154,53,0,0.5846,,6,0,1,0,1.0,0
0.8236,59,0,0.3507,5088.0,11,0,1,0,0.0,0
1.292,49,0,0.6342,7063.0,2,0,0,0,3.0,0
0.2157,25,0,0.2842,3238.0,7,0,2,0,0.0,0
0.5424,63,0,0.3871,,12,0,1,0,1.0,0
0.0854,46,0,0.4384,11202.0,8,0,0,0,2.0,0
0.1973,79,0,0.3348,6081.0,6,0,1,0,1.0,0
0.1542,58,0,0.3603,12694.0,4,0,0,0,1.0,0
0.5486,65,0,0.4034,2803.0,3,0,0,0,2.0,0
0.6213,23,0,0.9547,,6,0,1,0,1.0,1
0.5304,43,0,0.3303,3153.0,6,0,1,0,1.0,0
0.0262,60,0,0.4388,8678.0,6,0,1,0,0.0,0
1.9743,52,0,0.3903,6986.0,7,0,2,0,1.0,0
0.2471,30,1,0.1786,4589.0,6,1,1,0,1.0,0
0.2826,36,0,0.4974,4628.0,4,0,3,0,0.0,0
0.5274,53,0,0.5597,5024.0,9,0,1,0,0.0,0
0.3081,50,0,0.2282,7632.0,7,0,0,0,0.0,0
0.1923,24,0,0.2318,3728.0,10,0,1,0,1.0,0
0.5993,74,0,0.4425,1149.0,9,0,1,0,0.0,0
0.9521,52,0,0.8382,7413.0,6,0,1,0,1.0,0
0.4297,65,0,0.3591,5505.0,8,0,2,0,0.0,0
0.1104,70,0,0.3436,5522.0,7,0,1,0,2.0,0
0.786,42,0,0.708,3462.0,14,0,1,0,2.0,0
0.0413,54,0,0.7085,,12,0,2,0,2.0,0
0.4455,45,0,1.5573,2734.0,8,0,2,0,0.0,0
0.5473,63,0,0.8203,,5,0,0,0,0.0,0
0.2664,64,0,0.7232,5475.0,6,0,0,0,0.0,0
0.0478,42,0,0.2651,3183.0,9,0,1,0,1.0,0
0.5894,42,0,0.3444,11444.0,5,0,1,0,1.0,0
0.0934,38,0,0.6047,3764.0,6,0,0,0,0.0,0
0.1275,60,0,0.8852,3384.0,5,0,2,0,0.0,0
0.3788,47,0,0.911,5580.0,10,0,0,0,1.0,0
0.0566,35,0,0.5786,4372.0,10,0,0,0,0.0,0
0.141,58,0,0.2459,,7,0,1,0,0.0,0
0.4343,36,0,0.7941,,8,0,2,0,0.0,0
0.0331,39,0,0.3835,,7,0,0,0,3.0,0
0.5048,49,0,0.2574,6106.0,9,0,0,0,0.0,0
0.4724,55,0,0.4947,4242.0,7,0,0,0,1.0,0
0.0992,55,0,0.5878,5397.0,4,0,0,0,3.0,0
0.3329,58,0,0.2916,3909.0,12,0,0,0,1.0,0
0.5156,38,0,0.8552,3885.0,8,0,3,0,0.0,0
0.1974,64,0,0.2198,2070.0,5,0,1,0,0.0,0
0.3296,50,0,0.0894,3922.0,5,0,1,0,1.0,0
2.4585,62,0,0.4127,2842.0,6,0,1,0,2.0,0
0.6398,45,0,0.4061,3377.0,9,0,1,0,0.0,0
0.7695,28,0,0.798,,10,0,1,0,1.0,1
4.0649,72,0,0.4212,2624.0,11,0,1,0,0.0,0
1.0422,34,0,0.1695,4187.0,6,0,0,0,0.0,0
4.7956,41,0,0.3384,7692.0,6,0,0,0,2.0,0
0.0495,64,0,0.3457,6916.0,4,0,0,0,2.0,0
0.003,64,0,0.2791,7114.0,5,0,3,0,0.0,0
0.618,60,2,0.5677,,4,0,0,0,0.0,1
0.106,21,0,0.0959,2580.0,11,0,0,0,0.0,0
0.4523,42,0,1.1063,7211.0,4,0,3,0,0.0,0
0.7203,47,0,0.4339,1810.0,10,0,3,0,0.0,0
0.4059,41,0,0.3873,12175.0,8,0,0,0,2.0,0
2.4046,39,0,0.7707,1472.0,7,0,0,0,0.0,0
0.7627,67,0,0.5313,11319.0,8,0,2,0,1.0,0
0.4883,65,0,0.6716,2663.0,6,0,0,0,4.0,0
0.0131,40,0,0.3637,3856.0,7,0,2,0,2.0,0
2.5585,54,3,0.5624,,11,0,0,2,0.0,0
0.0436,35,0,0.7862,4305.0,9,0,1,0,2.0,0
0.1479,69,0,0.5371,,9,0,1,0,1.0,0
2.7808,40,0,0.3079,7012.0,7,0,1,0,2.0,0
0.4887,39,0,0.5731,,9,0,1,0,0.0,0
0.4487,74,0,0.1048,8781.0,5,0,2,0,2.0,0
0.2549,59,0,0.1449,,8,0,1,0,2.0,0
0.1112,27,0,0.1784,7948.0,8,0,0,0,0.0,0
0.0163,47,0,0.7902,,9,0,1,0,2.0,0
0.8104,49,0,0.1421,11619.0,7,0,0,0,0.0,1
1.4286,26,0,0.2455,3561.0,10,0,1,0,2.0,1
0.4594,29,0,0.2728,6052.0,9,0,0,0,1.0,0
0.4708,49,0,0.3544,8938.0,12,0,0,0,4.0,0
0.0735,65,0,0.7571,,2,0,1,0,1.0,0
0.3829,69,0,0.4543,22212.0,6,0,1,0,0.0,0
0.6432,81,0,0.5016,3774.0,8,0,1,0,1.0,0
0.4913,55,0,0.5253,,6,0,4,0,1.0,0
0.2595,48,0,0.6287,12960.0,10,0,1,0,0.0,0
0.1028,60,0,0.2312,11323.0,5,0,2,0,2.0,0
0.2437,57,0,0.7538,4265.0,7,0,1,0,1.0,0
3.7778,41,0,0.4957,2967.0,9,0,1,0,0.0,0
1.2327,57,0,0.5429,5594.0,8,0,1,0,0.0,0
0.2179,54,1,0.2871,1343.0,9,2,0,0,1.0,0
0.519,77,0,0.4059,2762.0,14,0,0,0,0.0,0
0.3746,46,0,0.0796,,7,0,0,0,0.0,0
0.759,50,0,0.146,4419.0,8,0,1,0,0.0,0
0.3653,34,0,0.3406,12118.0,8,0,1,0,0.0,0
0.3528,28,0,0.4533,4901.0,7,0,0,0,0.0,0
1.2097,49,0,0.5301,5511.0,5,0,1,0,0.0,0
0.4718,73,0,0.4501,12690.0,10,0,0,0,0.0,0
0.3985,47,0,0.803,3218.0,4,0,1,0,2.0,0
0.55,50,0,1.1567,6097.0,7,0,0,0,2.0,0
0.7133,63,0,0.9433,3139.0,4,0,2,0,0.0,0
0.2372,66,0,0.7383,6386.0,5,0,2,0,1.0,0
0.1511,46,0,0.5601,2725.0,10,0,0,0,0.0,0
0.21,56,0,0.2567,16715.0,7,0,1,0,0.0,0
0.1457,48,0,0.4978,,9,0,1,0,1.0,0
0.2638,36,0,0.3864,7550.0,9,0,0,0,0.0,0
0.0096,35,0,0.5496,8527.0,7,0,2,0,0.0,0
0.6562,62,0,0.7766,3856.0,9,0,0,0,1.0,1
0.6458,65,0,0.4539,12928.0,10,0,2,0,1.0,0
0.038,30,0,0.3051,14079.0,8,0,1,0,0.0,0
0.3626,58,0,0.2627,,5,0,0,0,0.0,0
0.0328,69,0,0.5666,4828.0,7,0,1,0,0.0,0
0.9865,64,2,1.1875,,5,0,0,0,1.0,0
0.2275,42,0,0.4125,31304.0,10,0,0,0,3.0,0
2.0537,56,0,0.2175,8150.0,6,0,1,0,1.0,0
0.7621,54,0,0.2162,16184.0,3,0,0,0,0.0,0
0.1279,41,2,0.6397,,11,0,1,0,1.0,0
0.5511,71,0,0.1609,,9,0,0,0,1.0,0
0.0151,59,0,0.3124,8720.0,4,0,0,0,2.0,0
0.5354,82,0,0.3718,10514.0,7,0,3,0,1.0,0
0.4376,40,0,0.2524,7634.0,10,0,0,0,0.0,0
0.5631,54,0,0.7131,,3,0,1,0,1.0,0
0.6948,68,0,0.209,,6,0,0,0,2.0,0
2.0991,22,0,0.2347,6324.0,10,0,1,0,0.0,0
3.248,56,2,0.5896,,8,0,3,0,1.0,0
0.1843,25,0,0.6441,,4,0,3,0,2.0,0
0.1433,28,0,0.7477,10570.0,13,0,0,0,,0
0.3852,46,0,1.0176,4039.0,6,0,2,0,2.0,0
0.4592,65,0,0.4549,3679.0,9,0,1,0,1.0,0
